ID,insum,outsum,diff
100000001,1111,1127,-16
100000002,6195,8236,-2041
100000003,5928,9379,-3451
100000004,472,1971,-1499
100000005,3940,7607,-3667
100000006,981,578,403
100000007,4342,1404,2938
100000008,283,1090,-807
100000009,897,929,-32
100000010,67,240,-173
100000011,601,258,343
100000012,43,1081,-1038
100000013,121,320,-199
100000014,659,741,-82
100000015,1919,3217,-1298
100000016,655,2395,-1740
100000017,935,2275,-1340
100000018,1169,1288,-119
100000019,4837,4056,781
100000020,1757,9796,-8039
100000021,7474,2629,4845
100000022,1157,6096,-4939
100000023,5314,2495,2819
100000025,482,2962,-2480
100000028,630,2519,-1889
100000029,86,870,-784
100000030,92,63,29
100000031,2820,9422,-6602
100000032,2746,6123,-3377
100000033,1503,5117,-3614
100000034,228,1955,-1727
100000035,1070,2489,-1419
100000036,1206,2564,-1358
100000037,941,669,272
100000038,3504,1762,1742
100000039,405,553,-148
100000040,588,309,279
100000041,2190,883,1307
100000042,1570,629,941
100000043,959,658,301
100000044,306,1144,-838
100000045,359,1094,-735
100000046,511,843,-332
100000047,283,397,-114
100000048,353,941,-588
100000049,1934,1328,606
100000051,506,618,-112
100000053,141,21,120
100000054,423,42,381
100000055,731,308,423
100000056,476,917,-441
100000057,2900,756,2144
100000058,897,958,-61
100000059,44,243,-199
100000060,759,378,381
100000061,2921,671,2250
100000062,2266,856,1410
100000063,1452,449,1003
100000064,1845,881,964
100000065,307,934,-627
100000066,236,744,-508
100000067,349,852,-503
100000068,439,1573,-1134
100000069,411,1372,-961
100000072,229,601,-372
100000073,1291,1064,227
100000075,980,223,757
100000076,1811,8205,-6394
100000077,109,762,-653
100000078,28,44,-16
100000079,49,84,-35
100000080,12,67,-55
100000081,79,258,-179
100000102,4228,8696,-4468
100000103,2015,2801,-786
100000104,4235,4038,197
100000105,1597,3115,-1518
100000106,1317,6974,-5657
100000107,162,2457,-2295
100000108,328,1398,-1070
100000109,925,2130,-1205
100000116,523,910,-387
100000117,116,295,-179
100000118,657,1748,-1091
100000119,944,1407,-463
100000121,266,919,-653
100000122,682,2614,-1932
100000123,1520,4125,-2605
100000124,2998,4734,-1736
100000125,7865,3504,4361
100000126,681,1573,-892
100000127,1297,1055,242
100000128,987,4425,-3438
100000129,365,1124,-759
100000130,891,312,579
100000131,1036,2704,-1668
100000132,1292,2788,-1496
100000133,2291,1369,922
100000135,1020,1981,-961
100000139,163,722,-559
100000140,168,353,-185
100000142,860,871,-11
100000143,1022,411,611
100000144,2297,710,1587
100000147,1915,5304,-3389
100000150,107,626,-519
100000151,752,3096,-2344
100000153,181,1039,-858
100000154,40,899,-859
100000155,13,74,-61
100000156,357,487,-130
100000157,810,392,418
100000158,264,334,-70
100000159,108,1467,-1359
100000165,713,763,-50
100000169,44,2119,-2075
100000174,273,1555,-1282
100000179,83,1148,-1065
100000180,1149,4879,-3730
100000181,551,533,18
100000188,62,340,-278
100000189,1305,809,496
100000190,525,2597,-2072
100000191,967,1124,-157
100000192,23,237,-214
100000193,345,262,83
100000330,852,1599,-747
100000355,208,1279,-1071
100000362,2546,1367,1179
100000363,9191,9511,-320
100000364,113,454,-341
100000365,8461,13361,-4900
100000366,2141,1655,486
100000367,6383,9308,-2925
100000368,2456,1146,1310
100000369,899,3761,-2862
100000370,218,1767,-1549
100000376,49,328,-279
100000379,1163,4014,-2851
100000380,4650,10221,-5571
100000384,7483,10435,-2952
100000385,1458,6511,-5053
100000386,2984,11528,-8544
100000387,3922,10431,-6509
100000388,2537,11021,-8484
100000389,4989,12610,-7621
100000390,4239,8020,-3781
100000391,3163,17620,-14457
100000392,1209,4603,-3394
100000393,997,9176,-8179
100000394,3528,9122,-5594
100000395,1775,7602,-5827
100000396,2358,3834,-1476
100000397,2363,10127,-7764
100000398,7681,5538,2143
100900002,18,11,7
100900003,677,367,310
100900004,29,1288,-1259
100900005,169,22,147
100900006,67,59,8
100900007,262,12,250
100900008,7,496,-489
100900009,86,153,-67
100900010,126,35,91
100900011,199,120,79
100900012,1,65,-64
100900013,1474,11,1463
100900014,17,2,15
100900015,52,215,-163
100900016,1,42,-41
100900017,1864,124,1740
100900018,0,13,-13
100900019,58,170,-112
100900020,584,5,579
100900021,625,3,622
100900022,34,47,-13
100900023,0,42,-42
100900024,576,3,573
100900025,14,11,3
100900026,275,168,107
100900027,669,4278,-3609
100900028,163,575,-412
100900029,117,4,113
100900030,3,464,-461
100900031,1121,77,1044
100900032,618,2,616
100900033,188,677,-489
100900034,1426,2,1424
100900035,250,1,249
100900036,29,1,28
100900037,244,190,54
100900038,68,177,-109
100900039,249,279,-30
100900040,1020,493,527
100900041,1526,335,1191
100900042,1090,3293,-2203
100900043,1,46,-45
100900044,1554,852,702
100900045,4,2,2
100900046,1872,26,1846
100900047,1026,463,563
100900048,137,83,54
100900049,128,80,48
100900050,14,24,-10
100900051,59,320,-261
100900052,421,58,363
100900053,1007,59,948
100900054,12,46,-34
100900055,325,1423,-1098
100900056,41,113,-72
100900057,3632,1084,2548
100900058,199,206,-7
100900059,227,4,223
100900060,312,6,306
100900061,246,196,50
100900062,20,63,-43
100900063,522,1378,-856
100900064,1005,38,967
100900065,109,231,-122
100900066,319,233,86
100900067,20,7,13
100900068,207,269,-62
100900069,270,11,259
100900070,908,20,888
100900071,334,241,93
100900072,4,81,-77
100900073,219,292,-73
100900074,5,33,-28
100900075,2285,347,1938
100900076,13,58,-45
100900077,105,17,88
100900078,118,306,-188
100900079,12,67,-55
100900080,159,102,57
100900081,62,192,-130
100900082,227,125,102
100900083,17,46,-29
100900085,16,761,-745
100900086,103,569,-466
100900088,357,204,153
100900089,5,23,-18
100900090,192,1315,-1123
100900091,12,9,3
100900092,191,226,-35
100900093,462,583,-121
100900094,264,171,93
100900095,22,74,-52
100900096,36,392,-356
100900097,1,1,0
100900098,50,50,0
100900099,35,628,-593
100900100,25,759,-734
100900101,409,57,352
100900102,90,345,-255
100900103,12,40,-28
100900104,22,337,-315
100900105,37,1064,-1027
100900106,24,8,16
100900107,3367,1406,1961
100900108,17,144,-127
100900109,36,60,-24
100900110,3,22,-19
100900111,50,297,-247
100900112,7,26,-19
100900113,56,38,18
100900114,29,49,-20
100900115,35,20,15
100900116,1376,739,637
100900117,312,1802,-1490
100900118,14,28,-14
100900119,19,33,-14
100900120,41,1,40
100900121,581,621,-40
100900122,85,114,-29
100900123,166,132,34
100900124,5,18,-13
100900125,11,81,-70
100900126,454,247,207
100900127,8,6,2
100900128,87,699,-612
100900129,1,497,-496
100900131,58,331,-273
100900133,93,57,36
100900134,5,1,4
100900135,6,1122,-1116
100900137,426,308,118
100900138,494,569,-75
100900139,5,22,-17
100900140,57,361,-304
100900141,2,1030,-1028
100900142,1,20,-19
100900143,462,924,-462
100900144,14,6,8
100900145,134,429,-295
100900146,23,131,-108
100900147,19,1550,-1531
100900148,67,235,-168
100900149,30,514,-484
100900150,6,63,-57
100900151,130,754,-624
100900152,292,1,291
100900153,2,320,-318
100900154,7,240,-233
100900155,29,15,14
100900156,19,2,17
100900157,34,1922,-1888
100900158,877,75,802
100900159,8,158,-150
100900160,58,38,20
100900161,44,13,31
100900162,17,762,-745
100900163,144,148,-4
100900164,141,52,89
100900165,24,43,-19
100900166,32,3,29
100900167,34,99,-65
100900168,45,389,-344
100900169,87,950,-863
100900170,23,4,19
100900171,82,625,-543
100900172,0,40,-40
100900173,21,132,-111
100900174,92,23,69
100900176,2485,280,2205
100900177,569,298,271
100900178,204,405,-201
100900179,511,584,-73
100900180,2,0,2
100900181,71,132,-61
100900182,71,55,16
100900184,47,130,-83
100900186,829,350,479
100900187,40,83,-43
100900188,31,42,-11
100900189,4299,336,3963
100900191,690,1809,-1119
100900192,161,762,-601
100900195,151,383,-232
100900197,32,50,-18
100900198,37,88,-51
100900199,8,9,-1
100900200,1217,442,775
100900201,191,1340,-1149
100900202,83,0,83
100900203,1,168,-167
100900204,162,1280,-1118
100900205,248,801,-553
100900206,399,238,161
100900207,417,266,151
100900210,184,160,24
100900211,648,225,423
100900213,284,61,223
100900214,715,165,550
100900215,48,59,-11
100900217,89,288,-199
101000001,2296,2911,-615
101000002,8862,10586,-1724
101000003,397,1322,-925
101000004,7847,7720,127
101000005,6016,7604,-1588
101000006,6920,12644,-5724
101000007,3966,7144,-3178
101000008,1925,3800,-1875
101000009,3476,875,2601
101000010,1429,664,765
101000011,1487,369,1118
101000012,452,876,-424
101000013,766,1652,-886
101000014,485,616,-131
101000015,2435,1861,574
101000016,414,1227,-813
101000017,431,893,-462
101000018,1669,6002,-4333
101000020,1689,1154,535
101000021,680,1326,-646
101000022,104,514,-410
101000023,1029,1656,-627
101000025,518,844,-326
101000026,321,28,293
101000027,2287,6032,-3745
101000028,1225,597,628
101000029,150,1818,-1668
101000030,1103,234,869
101000031,211,1132,-921
101000032,2988,6831,-3843
101000033,1768,6523,-4755
101000034,1074,3337,-2263
101000035,639,489,150
101000036,997,2279,-1282
101000037,1279,4464,-3185
101000039,1953,5103,-3150
101000040,3365,8403,-5038
101000041,2553,9117,-6564
101000042,152,1506,-1354
101000043,3920,10734,-6814
101000045,352,1074,-722
101000046,1133,3757,-2624
101000047,1317,6859,-5542
101000048,789,497,292
101000049,955,3566,-2611
101000050,1063,3194,-2131
101000051,977,3896,-2919
101000052,1550,2697,-1147
101000053,585,1731,-1146
101000054,2392,1218,1174
101000055,1405,2655,-1250
101000056,42,220,-178
101000057,838,3155,-2317
101000058,945,2730,-1785
101000059,2671,3564,-893
101000060,1911,1960,-49
101000061,512,2830,-2318
101000062,390,869,-479
101000063,330,2322,-1992
101000064,532,1285,-753
101000065,298,1251,-953
101000066,507,1789,-1282
101000067,417,1032,-615
101000068,113,625,-512
101000069,139,106,33
101000070,726,986,-260
101000071,3299,1521,1778
101000072,834,3788,-2954
101000073,714,1799,-1085
101000074,2877,5023,-2146
101000075,2158,5090,-2932
101000077,2345,2668,-323
101000078,970,1569,-599
101000079,1274,1521,-247
101000080,1275,1524,-249
101000081,2438,2235,203
101000082,2412,2582,-170
101000083,4860,3058,1802
101000084,1249,817,432
101000085,1972,1544,428
101000086,1126,1660,-534
101000087,1001,1270,-269
101000088,2830,1658,1172
101000089,1404,2429,-1025
101000090,2137,1130,1007
101000091,817,794,23
101000092,3077,913,2164
101000093,2157,873,1284
101000094,1664,1350,314
101000095,723,697,26
101000096,917,511,406
101000097,565,1162,-597
101000098,535,983,-448
101000099,732,1557,-825
101000100,1014,1638,-624
101000101,367,950,-583
101000102,671,1508,-837
101000103,527,1197,-670
101000104,545,1351,-806
101000105,178,878,-700
101000106,371,1820,-1449
101000107,511,840,-329
101000108,704,177,527
101000109,1063,218,845
101000110,32,211,-179
101000111,96,364,-268
101000113,182,1296,-1114
101000114,3632,11844,-8212
101000115,76,22,54
101000116,46,22,24
101000117,1396,239,1157
101000119,34,113,-79
101000120,100,209,-109
101000121,47,65,-18
101000122,125,119,6
101000123,69,151,-82
101000124,957,796,161
101000125,134,218,-84
101000128,216,1423,-1207
101000130,198,320,-122
101000131,2061,432,1629
101000132,1384,935,449
101000135,13,30,-17
101000136,178,301,-123
101000137,21,752,-731
101000141,744,5325,-4581
101000147,1208,418,790
101000148,1036,9,1027
101000149,58,333,-275
101000150,132,348,-216
101000151,599,53,546
101000152,546,312,234
101000153,591,182,409
101000154,511,554,-43
101000155,871,347,524
101000156,54,804,-750
101000157,85,107,-22
101000160,11,10,1
101000163,178,689,-511
101000164,448,155,293
101000165,485,652,-167
101000166,235,321,-86
101000168,1259,719,540
101000252,3532,1382,2150
101000254,44,75,-31
101000258,79,9,70
101000261,124,174,-50
101000262,1644,6531,-4887
101000263,421,1918,-1497
101000265,76,1113,-1037
101000266,579,690,-111
101000269,13,50,-37
101000290,561,4173,-3612
101000293,37,50,-13
101000294,732,815,-83
101000295,346,257,89
101000301,339,737,-398
101000304,2795,4292,-1497
101000305,3276,1484,1792
101900001,32,38,-6
101900002,0,7,-7
101900003,33,237,-204
101900004,0,333,-333
101900005,1530,5146,-3616
101900006,2590,124,2466
101900007,964,293,671
101900008,62,298,-236
101900009,45,523,-478
101900010,614,1066,-452
101900011,99,1489,-1390
101900012,534,125,409
101900013,471,136,335
101900017,7,147,-140
101900018,717,364,353
101900019,67,204,-137
101900020,385,286,99
101900021,5,110,-105
101900022,309,565,-256
101900023,354,153,201
102000001,4733,9374,-4641
102000002,3314,2327,987
102000003,3261,9893,-6632
102000004,4620,3832,788
102000005,1626,4828,-3202
102000006,948,2141,-1193
102000007,2564,6962,-4398
102000008,5660,1783,3877
102000009,9655,12786,-3131
102000010,4287,3421,866
102000011,6270,6320,-50
102000012,4364,3479,885
102000018,4380,4289,91
102000019,2923,2750,173
102000026,504,647,-143
102000029,332,364,-32
102000030,313,508,-195
102000031,139,144,-5
102000032,1078,621,457
102000033,649,429,220
102000034,641,551,90
102000035,2384,772,1612
102000036,51,257,-206
102000037,440,67,373
102000038,126,907,-781
102000039,97,428,-331
102000040,235,623,-388
102000041,52,1282,-1230
102000042,104,856,-752
102000043,69,751,-682
102000044,594,1664,-1070
102000045,834,1297,-463
102000046,1816,1148,668
102000047,1217,1199,18
102000048,979,1111,-132
102000049,1316,1775,-459
102000050,1436,1924,-488
102000051,329,1205,-876
102000052,1557,1962,-405
102000053,1130,2271,-1141
102000054,1294,1527,-233
102000055,2213,325,1888
102000056,2487,354,2133
102000057,2379,618,1761
102000058,1602,910,692
102000059,1715,1721,-6
102000060,1320,1071,249
102000061,2784,1813,971
102000062,3131,1335,1796
102000063,1545,1627,-82
102000064,637,786,-149
102000065,98,208,-110
102000066,891,1323,-432
102000067,6016,4755,1261
102000068,14145,4708,9437
102000069,200,4044,-3844
102000070,2536,62,2474
102000071,9237,13373,-4136
102000072,3504,5921,-2417
102000073,972,1560,-588
102000074,966,2533,-1567
102000075,236,558,-322
102000076,405,252,153
102000077,1128,512,616
102000078,1949,308,1641
102000079,280,107,173
102000080,500,314,186
102000081,384,1237,-853
102000082,844,485,359
102000083,1416,365,1051
102000084,855,319,536
102000085,3309,1077,2232
102000086,2122,1072,1050
102000087,1037,1794,-757
102000088,413,517,-104
102000089,2039,549,1490
102000090,453,1530,-1077
102000091,1766,766,1000
102000092,376,713,-337
102000093,1115,614,501
102000094,721,654,67
102000095,1140,1305,-165
102000096,599,818,-219
102000097,934,651,283
102000098,471,1121,-650
102000099,1166,1703,-537
102000100,254,2496,-2242
102000101,560,782,-222
102000102,1109,1682,-573
102000103,5093,571,4522
102000104,1086,539,547
102000105,443,776,-333
102000106,1219,532,687
102000107,3058,397,2661
102000108,1027,424,603
102000109,977,630,347
102000110,2187,823,1364
102000111,19,876,-857
102000112,279,193,86
102000113,56,61,-5
102000114,1426,486,940
102000115,388,496,-108
102000116,346,955,-609
102000117,148,1738,-1590
102000118,1213,2386,-1173
102000119,1396,2513,-1117
102000120,367,934,-567
102000121,1472,586,886
102000122,884,1453,-569
102000123,1536,1287,249
102000124,2059,2016,43
102000125,685,949,-264
102000126,900,1135,-235
102000127,1735,853,882
102000128,1174,1361,-187
102000129,2035,711,1324
102000130,1061,1365,-304
102000131,1415,1020,395
102000132,604,1362,-758
102000133,4388,1851,2537
102000134,1722,1089,633
102000135,1338,1049,289
102000136,1990,789,1201
102000137,567,1742,-1175
102000138,345,416,-71
102000139,114,1056,-942
102000140,178,1653,-1475
102000141,258,2146,-1888
102000142,606,379,227
102000143,497,334,163
102000144,689,347,342
102000145,722,405,317
102000146,534,506,28
102000147,744,522,222
102000148,498,808,-310
102000149,440,194,246
102000150,1091,113,978
102000151,177,154,23
102000152,397,193,204
102000153,1199,1108,91
102000154,252,600,-348
102000155,67,1056,-989
102000156,245,383,-138
102000157,48,1682,-1634
102000158,110,318,-208
102000159,2276,1657,619
102000161,2947,2833,114
102000162,194,314,-120
102000163,210,468,-258
102000164,874,1056,-182
102000165,376,341,35
102000166,78,224,-146
102000167,274,348,-74
102000168,316,243,73
102000169,168,758,-590
102000170,916,304,612
102000171,152,345,-193
102000172,40,521,-481
102000173,609,405,204
102000174,173,83,90
102000175,133,133,0
102000176,75,16,59
102000178,328,389,-61
102000179,564,254,310
102000180,1487,412,1075
102000181,1336,298,1038
102000182,1016,609,407
102000183,3080,1352,1728
102000184,3060,819,2241
102000185,4339,994,3345
102000186,2976,1355,1621
102000187,1698,1405,293
102000188,1780,1556,224
102000189,2605,530,2075
102000190,758,3202,-2444
102000191,1650,614,1036
102000192,3199,2579,620
102000193,119,158,-39
102000194,86,259,-173
102000195,618,511,107
102000196,339,323,16
102000197,1332,307,1025
102000198,384,516,-132
102000199,1924,236,1688
102000200,495,653,-158
102000201,2162,507,1655
102000202,8,198,-190
102000203,761,222,539
102000204,1025,763,262
102000205,2086,596,1490
102000206,1037,543,494
102000207,1109,680,429
102000208,585,716,-131
102000209,177,169,8
102000210,795,467,328
102000211,846,308,538
102000212,643,23,620
102000213,11,166,-155
102000214,753,24,729
102000215,6,249,-243
102000216,139,203,-64
102000217,4,79,-75
102000218,401,358,43
102000219,282,163,119
102000225,326,785,-459
102000226,339,660,-321
102000227,252,2,250
102000228,0,194,-194
102000229,96,78,18
102000230,542,458,84
102000231,558,434,124
102000232,103,291,-188
102000233,1254,526,728
102000234,121,1432,-1311
102000236,406,129,277
102000237,631,399,232
102000238,262,507,-245
102000240,571,1186,-615
102000241,359,156,203
102000243,17,46,-29
102000245,29,83,-54
102000246,17,102,-85
102000247,200,395,-195
102000248,262,971,-709
102000249,270,119,151
102000250,117,213,-96
102000254,339,227,112
102000266,3,769,-766
102000271,47,0,47
102000286,508,406,102
102000297,3125,1942,1183
102000299,0,0,0
102000300,0,0,0
102000301,0,0,0
102000303,0,0,0
102000305,0,0,0
102000306,0,0,0
102000307,0,6,-6
102000308,0,0,0
102900001,1667,728,939
102900002,566,66,500
102900003,149,151,-2
102900005,662,294,368
102900006,822,80,742
102900007,1017,19,998
102900008,442,37,405
102900009,520,903,-383
102900010,215,1606,-1391
102900011,1195,748,447
102900012,679,155,524
102900013,101,94,7
102900015,894,680,214
102900016,200,88,112
102900017,581,276,305
102900018,105,67,38
102900019,683,761,-78
102900020,333,24,309
102900021,140,45,95
102900022,235,131,104
102900023,31,97,-66
102900024,150,111,39
102900025,157,125,32
102900026,671,3037,-2366
102900027,127,158,-31
102900028,288,1436,-1148
102900029,169,450,-281
102900030,632,520,112
102900031,453,142,311
102900032,232,77,155
102900033,226,265,-39
102900034,955,52,903
102900035,274,314,-40
102900036,607,312,295
102900037,425,286,139
102900038,685,324,361
102900039,18,991,-973
102900040,345,357,-12
102900041,230,143,87
102900042,484,182,302
102900043,496,155,341
102900044,862,1500,-638
102900045,275,384,-109
102900046,321,119,202
102900047,220,765,-545
102900048,853,235,618
102900049,124,488,-364
102900050,287,556,-269
102900051,247,300,-53
102900052,72,139,-67
102900053,397,544,-147
102900054,463,2235,-1772
102900055,471,565,-94
102900056,130,408,-278
102900057,12,75,-63
102900058,802,93,709
102900059,46,42,4
102900060,139,438,-299
102900061,283,433,-150
102900062,603,511,92
102900063,2517,446,2071
102900064,154,659,-505
102900065,1004,337,667
102900066,444,18,426
102900068,63,214,-151
102900070,256,835,-579
102900072,30,71,-41
102900073,107,18,89
102900074,228,225,3
102900075,32,164,-132
102900076,89,313,-224
102900077,59,34,25
102900078,34,57,-23
102900079,297,11,286
102900080,644,40,604
102900081,110,290,-180
102900082,43,358,-315
102900083,212,29,183
102900084,9,160,-151
102900085,416,194,222
102900086,27,253,-226
102900087,226,290,-64
102900088,67,73,-6
102900089,210,213,-3
102900090,1,352,-351
102900091,249,1,248
102900092,804,239,565
102900093,502,212,290
102900094,3,469,-466
102900095,191,0,191
102900096,182,22,160
102900097,22,67,-45
103000001,2286,2743,-457
103000002,3061,3503,-442
103000003,3808,3485,323
103000004,923,744,179
103000005,2443,5461,-3018
103000006,1542,2202,-660
103000007,585,687,-102
103000008,1295,1050,245
103000009,2861,1651,1210
103000010,204,117,87
103000011,1331,1331,0
103000012,1559,2438,-879
103000013,3194,2326,868
103000014,1595,4878,-3283
103000015,1934,964,970
103000016,726,2341,-1615
103000017,418,818,-400
103000018,809,306,503
103000019,597,745,-148
103000020,1705,1634,71
103000021,2479,3156,-677
103000022,882,1232,-350
103000023,1068,3424,-2356
103000024,84,98,-14
103000025,250,1416,-1166
103000026,732,117,615
103000027,331,847,-516
103000028,212,327,-115
103000029,123,354,-231
103000030,2221,2369,-148
103000031,1044,3529,-2485
103000032,2544,1713,831
103000033,3515,3552,-37
103000034,1269,1156,113
103000035,322,1800,-1478
103000036,284,418,-134
103000037,832,641,191
103000038,813,1513,-700
103000039,1021,340,681
103000040,1012,558,454
103000041,2813,1612,1201
103000042,2417,272,2145
103000043,1364,776,588
103000044,520,126,394
103000046,513,521,-8
103000047,969,277,692
103000048,472,230,242
103000049,164,167,-3
103000050,1027,283,744
103000051,919,508,411
103000052,1070,287,783
103000053,326,458,-132
103000054,2724,974,1750
103000055,2590,1796,794
103000056,1098,1017,81
103000057,1994,265,1729
103000058,1065,649,416
103000059,1244,746,498
103000060,1089,323,766
103000061,839,967,-128
103000062,1298,418,880
103000063,1470,1233,237
103000064,186,130,56
103000065,17,257,-240
103000066,442,19,423
103000069,480,182,298
103000070,1218,770,448
103000071,2394,763,1631
103000072,224,500,-276
103000073,1447,181,1266
103000074,1237,209,1028
103000075,168,752,-584
103000076,620,1273,-653
103000077,29,400,-371
103000078,1232,2187,-955
103000079,679,1337,-658
103000080,790,603,187
103000081,356,1414,-1058
103000082,678,258,420
103000083,199,622,-423
103000084,147,15,132
103000085,5,233,-228
103000086,626,891,-265
103000087,321,886,-565
103000088,241,493,-252
103000089,415,1097,-682
103000090,6900,1615,5285
103000091,2298,705,1593
103000092,487,306,181
103000093,456,865,-409
103000094,431,198,233
103000095,161,413,-252
103000096,793,72,721
103000097,119,892,-773
103000098,753,147,606
103000099,205,806,-601
103000100,223,457,-234
103000101,2046,159,1887
103000102,176,328,-152
103000103,1202,144,1058
103000104,179,98,81
103000105,324,70,254
103000106,18,216,-198
103000107,310,117,193
103000108,2318,1444,874
103000109,1060,872,188
103000110,1194,755,439
103000111,405,1015,-610
103000112,463,728,-265
103000113,359,1744,-1385
103000114,2089,1756,333
103000115,1289,895,394
103000116,1140,502,638
103000117,800,572,228
103000118,481,446,35
103000119,1017,386,631
103000120,129,260,-131
103000121,184,287,-103
103000122,408,403,5
103000125,58,87,-29
103000126,1332,2,1330
103000127,16,114,-98
103000128,334,7,327
103000129,8,153,-145
103000130,228,82,146
103000131,161,199,-38
103000132,95,185,-90
103000133,55,126,-71
103000134,396,1484,-1088
103000135,825,317,508
103000136,571,854,-283
103000137,568,1116,-548
103000138,844,1178,-334
103000139,3,133,-130
103000140,186,47,139
103000141,56,248,-192
103000142,123,186,-63
103000143,101,263,-162
103000144,256,204,52
103000145,16,338,-322
103000150,112,47,65
103000152,218,348,-130
103000153,318,345,-27
103000156,42,146,-104
103000157,734,1,733
103000159,244,87,157
103000162,48,22,26
103000163,22,49,-27
103000164,8,5,3
103000165,75,208,-133
103000166,459,693,-234
103000167,278,199,79
103000168,324,187,137
103000169,279,725,-446
103000170,1505,281,1224
103000171,54,166,-112
103000172,1122,148,974
103000173,1297,197,1100
103000174,496,287,209
103000175,480,151,329
103000176,1252,994,258
103000177,408,451,-43
103000178,147,320,-173
103000179,220,90,130
103000183,466,18,448
103000185,287,53,234
103000186,290,88,202
103000187,1640,180,1460
103000188,40,185,-145
103000189,1072,832,240
103000191,682,740,-58
103000292,606,3073,-2467
103000293,997,4677,-3680
103000295,117,218,-101
103000296,184,46,138
103000297,8,261,-253
103000504,80,20,60
103000505,46,72,-26
103000506,2,116,-114
103000507,324,4,320
103000508,138,129,9
103000509,263,594,-331
103900001,24,52,-28
103900002,835,136,699
103900003,1384,353,1031
103900004,160,1,159
103900005,0,76,-76
103900006,7,5,2
103900007,229,6,223
103900008,19,1,18
103900009,682,382,300
103900010,364,217,147
103900011,904,119,785
103900012,11,64,-53
103900013,110,28,82
103900014,108,35,73
103900015,167,10,157
103900016,293,166,127
103900017,109,94,15
103900018,405,146,259
103900019,89,520,-431
103900020,560,718,-158
103900021,154,78,76
103900022,963,611,352
103900023,344,1,343
103900024,158,283,-125
103900025,17,28,-11
103900026,9,2,7
103900027,673,300,373
103900028,76,493,-417
103900029,1519,209,1310
103900030,480,253,227
103900031,120,0,120
103900032,157,103,54
103900033,109,66,43
103900034,101,37,64
103900035,125,69,56
103900036,77,54,23
103900037,165,81,84
103900038,114,285,-171
103900039,229,106,123
103900040,20,113,-93
103900041,87,74,13
103900042,232,97,135
103900043,435,70,365
103900044,88,944,-856
103900045,467,191,276
103900047,170,18,152
103900048,28,71,-43
103900049,144,2095,-1951
103900050,32,279,-247
103900051,1,82,-81
103900052,354,545,-191
103900053,502,220,282
103900054,274,194,80
103900055,740,281,459
103900056,119,46,73
103900057,242,66,176
103900058,594,240,354
103900059,2,104,-102
103900060,131,80,51
103900061,385,24,361
103900062,1085,355,730
103900063,1,0,1
103900064,323,7,316
103900065,385,398,-13
103900066,421,135,286
103900067,444,20,424
103900068,18,1,17
103900069,144,24,120
103900070,198,217,-19
103900071,30,48,-18
103900072,40,88,-48
103900073,35,61,-26
103900074,132,35,97
103900075,634,71,563
103900076,1222,285,937
103900077,59,323,-264
103900078,610,109,501
103900079,174,233,-59
103900080,4,51,-47
103900081,7,27,-20
103900082,58,214,-156
103900083,1462,2708,-1246
103900084,91,326,-235
103900085,97,111,-14
103900086,1910,486,1424
103900087,24,94,-70
103900088,498,829,-331
103900089,62,139,-77
103900090,97,96,1
103900091,804,170,634
103900092,966,997,-31
103900093,127,354,-227
103900094,46,55,-9
103900095,337,267,70
103900096,135,87,48
103900097,69,393,-324
103900098,503,126,377
103900099,387,45,342
103900100,566,145,421
103900101,314,890,-576
103900102,7,53,-46
103900104,4,31,-27
103900105,45,124,-79
103900106,2,290,-288
103900107,313,54,259
103900108,60,182,-122
103900109,271,23,248
103900110,479,65,414
103900111,219,223,-4
103900112,116,202,-86
103900113,136,339,-203
103900114,863,285,578
103900115,291,350,-59
103900116,1976,3271,-1295
103900117,103,24,79
103900119,22,174,-152
103900120,184,90,94
103900122,322,67,255
103900123,512,911,-399
103900124,55,224,-169
103900125,153,71,82
103900126,912,186,726
103900127,329,232,97
103900128,286,54,232
103900131,42,66,-24
103900133,1361,16,1345
103900134,7,34,-27
103900135,6,1,5
103900137,1,16,-15
103900138,355,47,308
103900139,247,5254,-5007
103900140,5,484,-479
103900141,300,56,244
103900142,595,87,508
103900143,273,1,272
103900144,1,17,-16
103900145,226,230,-4
103900146,318,154,164
103900147,674,123,551
103900148,595,144,451
103900149,509,223,286
103900150,5328,8196,-2868
103900151,20,268,-248
103900152,1796,451,1345
103900153,8,11,-3
103900154,350,3651,-3301
103900155,96,80,16
103900156,172,53,119
103900157,148,55,93
103900158,315,35,280
103900159,410,34,376
103900160,79,42,37
103900161,90,178,-88
103900162,88,78,10
103900163,17,384,-367
103900164,41,2,39
103900167,17,198,-181
103900168,147,58,89
103900169,35,131,-96
103900170,1,84,-83
103900171,18,44,-26
103900172,5,14,-9
103900173,32,42,-10
103900174,690,55,635
103900175,45,167,-122
103900176,10,43,-33
103900177,26,18,8
103900178,127,15,112
103900179,102,33,69
103900180,10,33,-23
103900181,30,41,-11
103900182,19,29,-10
103900184,210,213,-3
103900185,76,985,-909
103900187,20,225,-205
103900188,143,75,68
103900189,150,12,138
103900190,149,75,74
103900191,75,120,-45
103900192,66,134,-68
103900193,89,175,-86
103900194,104,137,-33
103900195,9,237,-228
103900196,91,102,-11
103900197,20,32,-12
103900198,11,42,-31
103900199,189,91,98
103900200,397,60,337
103900201,144,161,-17
103900202,21,78,-57
103900203,75,89,-14
103900204,0,41,-41
103900207,1,32,-31
103900208,259,3,256
103900209,9,84,-75
103900210,77,55,22
103900211,1093,151,942
103900212,395,190,205
103900213,50,335,-285
103900214,330,470,-140
103900215,149,480,-331
103900216,11,169,-158
103900217,342,50,292
103900218,1,386,-385
103900219,250,99,151
103900233,231,36,195
103900235,27,262,-235
103900236,10,7,3
103900242,1,2,-1
103900243,2,6,-4
103900244,203,126,77
103900245,185,102,83
103900246,43,68,-25
103900247,5,68,-63
103900248,3,96,-93
103900249,7,101,-94
103900250,39,65,-26
103900251,6,72,-66
103900253,6,52,-46
103900254,2,26,-24
103900255,1,41,-40
103900256,19,38,-19
103900257,148,172,-24
103900258,26,7,19
103900259,29,10,19
103900261,10,4,6
103900262,29,5,24
103900263,60,66,-6
103900264,53,13,40
103900265,14,4,10
103900266,0,137,-137
103900267,8,44,-36
103900268,26,14,12
103900269,319,38,281
103900270,138,44,94
104000001,3787,2776,1011
104000002,2722,2263,459
104000003,2922,2860,62
104000004,2775,3163,-388
104000005,2773,2696,77
104000006,3829,2687,1142
104000007,4932,4259,673
104000008,176,233,-57
104000009,431,143,288
104000010,243,646,-403
104000011,338,242,96
104000012,144,216,-72
104000013,508,529,-21
104000014,272,339,-67
104000015,643,232,411
104000016,414,243,171
104000018,1253,314,939
104000019,879,443,436
104000020,136,437,-301
104000021,392,351,41
104000022,342,376,-34
104000023,1747,561,1186
104000024,404,335,69
104000026,78,294,-216
104000027,367,257,110
104000028,564,302,262
104000029,376,286,90
104000030,507,328,179
104000031,1881,401,1480
104000032,221,151,70
104000033,1122,671,451
104000034,386,130,256
104000035,1517,430,1087
104000036,1711,386,1325
104000037,327,158,169
104000038,745,338,407
104000039,317,160,157
104000040,116,621,-505
104000041,1037,508,529
104000042,153,235,-82
104000043,323,247,76
104000044,306,375,-69
104000045,921,648,273
104000046,770,1004,-234
104000047,712,1147,-435
104000048,1035,965,70
104000049,999,426,573
104000050,188,1082,-894
104000051,361,682,-321
104000052,3157,2323,834
104000053,1483,562,921
104000054,867,230,637
104000055,3719,2571,1148
104000056,819,233,586
104000057,304,238,66
104000058,1217,961,256
104000059,945,1133,-188
104000060,1579,1703,-124
104000061,1491,1039,452
104000062,566,160,406
104000064,772,383,389
104000065,373,936,-563
104000069,609,1951,-1342
104000070,106,751,-645
104000071,252,516,-264
104000072,790,260,530
104000075,250,261,-11
104000076,689,84,605
104000082,3338,5179,-1841
104000083,700,270,430
104000084,137,461,-324
104000085,605,452,153
104000086,399,601,-202
104000087,413,2814,-2401
104000090,1693,918,775
104000092,2426,1209,1217
104000094,1258,836,422
104000095,4141,1580,2561
104000096,2915,114,2801
104000097,3757,656,3101
104000098,5243,639,4604
104000100,3565,878,2687
104000101,1938,1482,456
104000106,72,859,-787
104000107,861,294,567
104000108,351,355,-4
104000109,496,255,241
104000110,835,1380,-545
104000111,2945,4459,-1514
104000112,918,614,304
104000116,4,597,-593
104000117,440,377,63
104000118,1742,182,1560
104000119,1356,370,986
104000120,360,393,-33
104000121,475,610,-135
104000122,1392,1060,332
104000123,1137,642,495
104000124,496,1426,-930
104000125,3004,7111,-4107
104000126,817,906,-89
104000127,1528,1473,55
104000128,758,239,519
104000129,500,31,469
104000130,6,330,-324
104000131,346,305,41
104000132,424,431,-7
104000133,1921,1014,907
104000134,1379,2024,-645
104000135,898,2043,-1145
104000136,870,4335,-3465
104000137,2872,502,2370
104000138,1464,514,950
104000139,3299,3128,171
104000141,1030,864,166
104000142,786,425,361
104000143,955,322,633
104000144,197,260,-63
104000145,455,316,139
104000146,183,550,-367
104000147,195,325,-130
104000148,641,296,345
104000149,182,132,50
104000150,1821,796,1025
104000151,439,241,198
104000152,901,398,503
104000153,1067,726,341
104000154,825,317,508
104000155,740,944,-204
104000157,1625,1145,480
104000158,219,801,-582
104000159,1115,1070,45
104000160,2272,3074,-802
104000161,367,236,131
104000162,105,190,-85
104000165,685,887,-202
104000167,1025,2051,-1026
104000168,1070,22,1048
104000169,249,59,190
104000170,327,571,-244
104000248,434,570,-136
104000251,129,199,-70
104000272,0,0,0
104000273,0,0,0
104000274,0,0,0
104000275,0,0,0
104000279,773,568,205
104000290,111,378,-267
104000291,502,1405,-903
104000293,1751,1202,549
104000294,214,1,213
104000295,1033,865,168
104000296,712,702,10
104000297,1135,2366,-1231
104000298,2292,941,1351
104000299,1097,1364,-267
104900001,158,235,-77
104900002,191,363,-172
104900003,76,257,-181
104900004,121,108,13
104900005,745,481,264
104900006,933,129,804
104900007,610,281,329
104900009,176,173,3
104900010,111,54,57
104900011,10,46,-36
104900012,301,65,236
104900013,98,18,80
104900014,1924,426,1498
104900015,139,8,131
104900016,320,172,148
104900017,205,217,-12
104900018,39,205,-166
104900019,263,8323,-8060
104900020,55,304,-249
104900021,0,45,-45
104900022,30,322,-292
104900023,0,37,-37
104900024,30,339,-309
104900025,100,192,-92
104900026,0,85,-85
104900027,985,556,429
104900028,13,155,-142
104900029,20,41,-21
104900030,817,237,580
104900031,43,349,-306
104900032,69,68,1
104900033,396,275,121
104900034,602,231,371
104900035,823,326,497
104900036,537,72,465
104900037,343,205,138
104900038,290,1897,-1607
104900039,451,662,-211
104900040,998,107,891
104900041,631,209,422
104900042,314,366,-52
104900043,41,367,-326
104900044,1369,176,1193
104900045,582,99,483
104900046,841,126,715
104900047,732,157,575
104900048,686,106,580
104900049,92,63,29
104900050,625,64,561
104900051,455,60,395
104900052,273,17,256
104900053,640,100,540
104900054,298,42,256
104900055,370,1,369
104900056,399,38,361
104900057,69,0,69
104900058,606,1418,-812
104900059,145,52,93
104900060,3,505,-502
104900061,127,344,-217
104900063,1,388,-387
104900064,0,176,-176
104900065,0,384,-384
104900066,4,85,-81
104900067,6,385,-379
104900068,111,157,-46
104900070,188,265,-77
104900071,2,510,-508
104900072,99,220,-121
104900073,231,69,162
104900074,98,127,-29
104900075,142,15,127
104900076,182,181,1
104900077,662,465,197
104900078,392,214,178
104900079,229,1337,-1108
104900080,201,325,-124
104900082,16,312,-296
104900085,11,139,-128
104900087,673,8,665
104900089,617,1,616
104900090,2066,1164,902
104900091,818,557,261
104900093,244,364,-120
104900097,1458,4947,-3489
104900098,602,45,557
104900099,96,1200,-1104
104900100,465,266,199
104900102,95,103,-8
104900103,488,61,427
104900104,2151,2939,-788
104900106,296,126,170
104900107,156,138,18
104900108,125,153,-28
104900109,146,194,-48
104900110,27,100,-73
104900111,792,235,557
104900112,594,349,245
104900113,1253,268,985
104900114,1039,393,646
104900115,1487,214,1273
104900116,859,127,732
104900118,36,45,-9
104900119,3,126,-123
104900120,22,915,-893
104900121,0,31,-31
104900122,32,36,-4
104900123,182,34,148
104900124,98,1,97
104900125,596,6,590
104900126,25,45,-20
104900127,46,79,-33
104900128,142,89,53
104900129,1166,3899,-2733
105000001,4115,1748,2367
105000002,3702,2244,1458
105000003,3506,5009,-1503
105000004,1081,817,264
105000005,2049,1502,547
105000006,1993,2480,-487
105000007,2249,3258,-1009
105000008,1263,5938,-4675
105000009,3995,4915,-920
105000010,3213,1366,1847
105000011,5037,4265,772
105000012,2828,2120,708
105000013,1660,1587,73
105000014,4060,5406,-1346
105000015,10806,18258,-7452
105000016,1147,1448,-301
105000017,1532,915,617
105000018,1066,2885,-1819
105000019,1186,1516,-330
105000020,124,788,-664
105000021,286,247,39
105000022,218,261,-43
105000023,811,208,603
105000028,46,88,-42
105000029,751,2450,-1699
105000030,3373,2222,1151
105000033,1088,1263,-175
105000034,260,1810,-1550
105000037,833,283,550
105000038,1644,2281,-637
105000039,1760,1430,330
105000040,1406,2162,-756
105000041,417,1055,-638
105000042,2779,2382,397
105000043,1064,2076,-1012
105000044,983,584,399
105000045,255,377,-122
105000046,1572,344,1228
105000047,879,531,348
105000048,1272,353,919
105000049,289,482,-193
105000050,1077,539,538
105000051,206,359,-153
105000052,1111,1417,-306
105000053,109,151,-42
105000054,770,1319,-549
105000055,1248,465,783
105000056,2276,1852,424
105000057,1845,793,1052
105000058,1680,1112,568
105000059,1230,690,540
105000060,533,477,56
105000061,1682,742,940
105000062,750,519,231
105000063,430,421,9
105000064,3184,974,2210
105000065,460,475,-15
105000066,1236,1320,-84
105000067,2421,1405,1016
105000068,410,909,-499
105000069,1866,3777,-1911
105000070,576,1881,-1305
105000071,414,2250,-1836
105000072,1146,5575,-4429
105000073,1516,1009,507
105000074,754,516,238
105000075,754,603,151
105000076,1234,1000,234
105000077,2269,1082,1187
105000078,1275,1980,-705
105000079,990,3234,-2244
105000080,2448,2315,133
105000081,1848,1553,295
105000082,903,2479,-1576
105000083,2689,4827,-2138
105000084,658,768,-110
105000085,2942,3092,-150
105000086,878,1169,-291
105000087,1636,1837,-201
105000088,1869,2624,-755
105000089,2219,1808,411
105000090,735,784,-49
105000091,1068,1463,-395
105000092,754,1406,-652
105000093,418,652,-234
105000094,365,279,86
105000095,149,919,-770
105000096,1450,2389,-939
105000097,690,896,-206
105000098,1581,1376,205
105000099,818,1033,-215
105000100,2751,1482,1269
105000101,2975,1886,1089
105000102,2314,1970,344
105000103,1571,2728,-1157
105000104,3329,1364,1965
105000105,1668,1945,-277
105000106,2390,1417,973
105000107,2668,1106,1562
105000108,2896,1598,1298
105000109,3260,1420,1840
105000110,1457,568,889
105000111,2170,507,1663
105000112,1727,782,945
105000113,778,965,-187
105000114,2044,1859,185
105000115,429,2111,-1682
105000116,1675,997,678
105000117,892,574,318
105000118,1480,633,847
105000119,844,604,240
105000120,2325,858,1467
105000121,1210,675,535
105000122,696,1044,-348
105000123,976,821,155
105000124,3096,768,2328
105000125,1237,1096,141
105000126,3232,1474,1758
105000127,3689,1830,1859
105000128,1198,1364,-166
105000129,1868,444,1424
105000130,262,4374,-4112
105000131,482,233,249
105000132,1987,1007,980
105000133,619,838,-219
105000134,1798,632,1166
105000135,474,586,-112
105000136,85,146,-61
105000137,741,283,458
105000138,108,134,-26
105000139,1240,574,666
105000140,564,496,68
105000141,494,354,140
105000142,359,403,-44
105000143,284,465,-181
105000144,359,510,-151
105000145,1122,288,834
105000146,518,748,-230
105000147,841,440,401
105000148,1110,908,202
105000149,3848,3670,178
105000150,1702,1306,396
105000151,954,604,350
105000152,320,448,-128
105000153,912,916,-4
105000154,836,581,255
105000155,464,1023,-559
105000156,480,646,-166
105000157,807,1664,-857
105000158,2981,1215,1766
105000159,418,1003,-585
105000160,5153,1092,4061
105000161,913,1559,-646
105000162,1177,3798,-2621
105000163,1251,1307,-56
105000164,249,417,-168
105000165,905,11686,-10781
105000166,5521,2271,3250
105000167,1571,3881,-2310
105000168,642,467,175
105000169,1127,146,981
105000170,553,1634,-1081
105000171,1839,229,1610
105000172,328,31,297
105000173,562,52,510
105000174,221,59,162
105000175,246,86,160
105000176,932,138,794
105000177,620,366,254
105000178,452,433,19
105000179,1483,143,1340
105000180,466,141,325
105000181,391,206,185
105000182,109,60,49
105000183,2294,3600,-1306
105000184,679,1231,-552
105000185,928,1377,-449
105000186,610,602,8
105000187,1271,418,853
105000188,227,360,-133
105000189,91,673,-582
105000190,345,410,-65
105000191,478,420,58
105000192,672,70,602
105000193,85,266,-181
105000194,929,145,784
105000195,558,1103,-545
105000196,113,312,-199
105000197,293,733,-440
105000198,492,252,240
105000199,132,552,-420
105000200,174,494,-320
105000201,126,84,42
105000203,29,98,-69
105000204,115,100,15
105000205,119,213,-94
105000207,183,141,42
105000208,238,854,-616
105000209,281,219,62
105000212,1703,657,1046
105000213,107,336,-229
105000214,256,202,54
105000215,469,182,287
105000216,293,95,198
105000217,367,212,155
105000218,2581,1167,1414
105000221,265,331,-66
105000222,405,295,110
105000223,564,272,292
105000226,175,159,16
105000227,144,147,-3
105000228,169,2772,-2603
105000229,234,929,-695
105000231,686,356,330
105000233,1186,949,237
105000234,521,821,-300
105000235,647,774,-127
105000237,1773,164,1609
105000243,103,130,-27
105000248,59,114,-55
105000262,723,605,118
105000269,262,225,37
105000270,778,33,745
105000271,0,187,-187
105000282,49,92,-43
105000287,332,144,188
105000288,1197,662,535
105000289,1167,2518,-1351
105000290,46,26,20
105000402,2634,5370,-2736
105000426,249,653,-404
105000438,1492,1291,201
105000446,7865,5028,2837
105000447,2786,1794,992
105000454,1070,245,825
105000455,229,165,64
105000474,156,3,153
105000477,946,806,140
105000478,3680,7854,-4174
105000479,195,195,0
105000480,6696,9939,-3243
105000481,5816,6797,-981
105000482,2799,4367,-1568
105000483,2545,4779,-2234
105000484,1589,2286,-697
105000485,1491,4312,-2821
105000486,2070,2756,-686
105000488,4229,2467,1762
105000489,1845,1089,756
105000549,165,160,5
105000550,359,1396,-1037
105000551,49,83,-34
105000552,2325,1372,953
105900001,12,2617,-2605
105900002,909,1500,-591
105900003,32,123,-91
105900004,279,98,181
105900005,29,329,-300
105900006,17,176,-159
105900007,134,52,82
105900008,159,290,-131
105900009,61,29,32
105900011,221,46,175
105900012,931,94,837
105900013,5,42,-37
105900014,8,92,-84
105900015,118,479,-361
105900016,1009,355,654
105900017,2336,61,2275
105900018,230,188,42
105900019,130,344,-214
105900020,73,94,-21
105900021,65,1019,-954
105900022,354,180,174
105900023,17,187,-170
105900024,17,411,-394
105900025,402,19,383
105900026,227,14,213
105900027,16541,7144,9397
105900028,441,978,-537
105900029,2964,481,2483
105900030,272,384,-112
105900031,472,230,242
105900032,154,189,-35
105900033,90,126,-36
105900034,452,187,265
105900035,394,190,204
105900036,217,94,123
105900037,187,41,146
105900038,293,276,17
105900039,182,59,123
105900040,145,100,45
105900041,265,114,151
105900042,107,185,-78
105900043,1101,60,1041
105900044,2,413,-411
105900045,4,1517,-1513
105900046,7,308,-301
105900047,28,91,-63
105900048,171,444,-273
105900050,4337,10382,-6045
105900051,150,1142,-992
105900052,1244,220,1024
105900053,2947,4935,-1988
105900054,247,276,-29
105900056,567,776,-209
105900057,20,185,-165
105900058,28,14,14
105900059,0,102,-102
106000001,2551,2775,-224
106000002,939,4035,-3096
106000003,3434,4827,-1393
106000004,1513,2386,-873
106000005,5063,5577,-514
106000006,4802,1875,2927
106000007,668,578,90
106000008,515,371,144
106000009,759,406,353
106000010,594,618,-24
106000011,2188,1490,698
106000012,1479,1140,339
106000013,2699,2372,327
106000014,2312,1359,953
106000015,3239,1700,1539
106000016,1792,1529,263
106000017,722,1016,-294
106000018,819,613,206
106000019,594,643,-49
106000020,602,357,245
106000021,443,530,-87
106000022,527,179,348
106000023,974,496,478
106000024,785,524,261
106000025,240,300,-60
106000026,59,173,-114
106000027,2731,2080,651
106000028,1065,220,845
106000029,914,730,184
106000030,296,866,-570
106000034,168,383,-215
106000035,1011,2441,-1430
106000036,243,384,-141
106000037,1498,1218,280
106000038,93,208,-115
106000039,56,205,-149
106000040,162,905,-743
106000041,749,625,124
106000043,597,375,222
106000046,410,109,301
106000047,50,719,-669
106000049,1302,240,1062
106000050,330,410,-80
106000051,1337,778,559
106000052,162,293,-131
106000053,704,193,511
106000054,401,276,125
106000055,1298,834,464
106000056,293,250,43
106000057,647,313,334
106000058,271,134,137
106000059,606,475,131
106000060,363,345,18
106000061,239,964,-725
106000062,299,427,-128
106000063,1308,955,353
106000064,48,300,-252
106000065,594,287,307
106000066,177,285,-108
106000067,661,111,550
106000068,101,493,-392
106000069,475,97,378
106000070,547,602,-55
106000071,1229,302,927
106000072,3329,1888,1441
106000073,1551,5216,-3665
106000074,992,977,15
106000075,390,1328,-938
106000076,2012,1767,245
106000077,2762,986,1776
106000078,1763,687,1076
106000079,1261,645,616
106000080,1637,448,1189
106000081,1319,909,410
106000082,1989,658,1331
106000083,583,1310,-727
106000084,1049,613,436
106000085,1790,1613,177
106000086,632,781,-149
106000087,1119,421,698
106000088,470,808,-338
106000089,1479,269,1210
106000090,480,656,-176
106000091,277,376,-99
106000092,1223,324,899
106000093,496,181,315
106000094,117,243,-126
106000095,1605,660,945
106000096,1496,665,831
106000097,2036,689,1347
106000098,1424,757,667
106000099,286,772,-486
106000100,1737,167,1570
106000101,1021,344,677
106000102,194,750,-556
106000103,331,493,-162
106000104,1260,366,894
106000105,588,583,5
106000106,1276,341,935
106000107,162,170,-8
106000108,489,163,326
106000109,327,147,180
106000110,468,216,252
106000111,263,150,113
106000112,468,950,-482
106000113,582,493,89
106000114,589,1067,-478
106000115,283,382,-99
106000116,511,253,258
106000117,1111,618,493
106000118,1988,1705,283
106000119,1098,657,441
106000120,1595,2048,-453
106000121,467,242,225
106000122,304,107,197
106000123,1002,116,886
106000124,144,102,42
106000125,55,157,-102
106000126,591,60,531
106000127,1639,641,998
106000128,1242,145,1097
106000129,736,469,267
106000130,1477,261,1216
106000131,144,838,-694
106000132,701,177,524
106000133,1927,1833,94
106000134,475,3456,-2981
106000135,123,780,-657
106000136,806,1678,-872
106000137,95,854,-759
106000138,2617,136,2481
106000139,64,52,12
106000140,50,52,-2
106000141,241,41,200
106000142,158,50,108
106000143,28,35,-7
106000144,19,127,-108
106000145,661,115,546
106000146,656,198,458
106000147,460,347,113
106000148,495,632,-137
106000149,1096,340,756
106000150,949,2447,-1498
106000151,3544,868,2676
106000152,1053,3324,-2271
106000153,63,2250,-2187
106000154,1216,213,1003
106000155,184,333,-149
106000156,2225,203,2022
106000157,1028,1835,-807
106000158,1844,965,879
106000159,2602,2696,-94
106000160,753,5264,-4511
106000161,1240,315,925
106000162,492,1856,-1364
106000163,678,225,453
106000164,1084,330,754
106000165,422,394,28
106000166,1539,333,1206
106000167,610,829,-219
106000168,1117,251,866
106000169,553,344,209
106000170,1720,247,1473
106000171,305,1017,-712
106000172,3531,1516,2015
106000173,1305,2686,-1381
106000174,1781,420,1361
106000175,356,691,-335
106000176,2979,1047,1932
106000177,1140,2167,-1027
106000178,3740,1749,1991
106000179,844,1621,-777
106000180,999,785,214
106000181,1709,1790,-81
106000182,2613,728,1885
106000183,2632,524,2108
106000184,2465,695,1770
106000185,1974,1779,195
106000186,660,105,555
106000187,117,1222,-1105
106000188,0,3,-3
106000189,24,68,-44
106000190,52,1,51
106000191,761,134,627
106000192,0,20,-20
106000193,510,223,287
106000194,185,535,-350
106000195,837,395,442
106000196,186,968,-782
106000197,1180,481,699
106000198,367,246,121
106000199,997,1388,-391
106000200,383,350,33
106000201,557,5764,-5207
106000202,2816,654,2162
106000203,79,146,-67
106000204,129,10,119
106000205,17,151,-134
106000206,115,16,99
106000207,16,458,-442
106000208,2060,288,1772
106000209,2518,652,1866
106000210,328,850,-522
106000211,194,1464,-1270
106000212,1336,725,611
106000213,234,1380,-1146
106000214,1382,574,808
106000215,500,501,-1
106000216,755,392,363
106000217,253,383,-130
106000218,422,307,115
106000219,177,203,-26
106000220,564,226,338
106000221,515,132,383
106000222,242,82,160
106000223,626,161,465
106000224,407,105,302
106000225,115,241,-126
106000226,107,160,-53
106000228,141,127,14
106000229,94,591,-497
106000231,1630,126,1504
106000232,113,248,-135
106000233,819,126,693
106000234,100,322,-222
106000235,640,252,388
106000236,118,202,-84
106000237,0,49,-49
106000238,8,39,-31
106000239,3,131,-128
106000240,38,5,33
106000241,19,532,-513
106000242,340,56,284
106000249,87,34,53
106000250,124,652,-528
106000251,225,15,210
106000252,52,116,-64
106000253,89,84,5
106000254,156,67,89
106000255,65,244,-179
106000256,108,39,69
106000257,252,268,-16
106000258,196,71,125
106000259,2,151,-149
106000260,40,27,13
106000261,4,78,-74
106000262,184,18,166
106000263,65,80,-15
106000264,296,15,281
106000265,27,183,-156
106000266,179,23,156
106000267,10,157,-147
106000268,358,63,295
106000269,38,66,-28
106000270,95,309,-214
106000271,169,188,-19
106000272,296,75,221
106000273,41,241,-200
106000274,163,50,113
106000275,273,278,-5
106000276,77,34,43
106000277,126,268,-142
106000278,175,33,142
106000279,31,17,14
106000280,199,55,144
106000281,173,42,131
106000282,142,79,63
106000283,233,57,176
106000284,287,159,128
106000285,159,91,68
106000286,157,175,-18
106000287,192,102,90
106000288,156,140,16
106000289,172,142,30
106000290,116,66,50
106000291,138,98,40
106000292,96,57,39
106000293,219,141,78
106000294,137,96,41
106000295,108,74,34
106000296,58,94,-36
106000297,86,335,-249
106000298,112,114,-2
106000299,140,110,30
106000300,49,136,-87
106000301,96,141,-45
106000303,36,91,-55
106000304,87,22,65
106000305,114,35,79
106000306,78,50,28
106000307,197,32,165
106000308,51,125,-74
106000309,22,95,-73
106000310,493,286,207
106000311,669,212,457
106000312,197,123,74
106000313,489,183,306
106000318,51,592,-541
106000319,2047,444,1603
106000320,0,137,-137
106000321,189,231,-42
106000322,438,52,386
106000324,30,86,-56
106000325,2863,1246,1617
106000326,1415,1351,64
106000327,294,76,218
106000328,55,143,-88
106000329,143,340,-197
106000330,91,129,-38
106000428,106,169,-63
106000429,156,184,-28
106000430,420,1015,-595
106000431,3055,529,2526
106000432,1060,2583,-1523
106000433,2888,1597,1291
106000434,4095,1568,2527
106000435,1191,2268,-1077
106000436,50,191,-141
106000437,523,93,430
106000438,399,360,39
106000439,88,629,-541
106000440,263,450,-187
106000441,2,1,1
106000442,314,16,298
106000443,449,211,238
106000450,2,89,-87
106000451,18,150,-132
106000454,9,138,-129
106000455,9,153,-144
106000456,104,60,44
106000457,55,468,-413
106000458,1538,50,1488
106000459,462,109,353
106000460,2580,40,2540
106000461,266,382,-116
106000462,0,52,-52
106000463,3,8,-5
106000464,24,195,-171
106000465,1236,4,1232
106000466,11,217,-206
106000467,171,238,-67
106000468,174,200,-26
106000469,79,0,79
106000470,300,2547,-2247
106000471,7,493,-486
106000472,182,34,148
106000473,58,7,51
106000474,338,427,-89
106000475,474,247,227
106000476,136,327,-191
106000477,28,25,3
106900001,0,20,-20
106900002,11,217,-206
106900003,151,1153,-1002
106900004,0,18,-18
106900006,0,7,-7
106900007,0,17,-17
106900008,884,78,806
106900009,564,174,390
106900010,366,276,90
106900012,1106,3623,-2517
106900013,927,259,668
106900014,77,6,71
106900015,10,3,7
106900016,592,29,563
106900017,27,2,25
106900018,7,1,6
106900019,164,4,160
106900020,1938,2903,-965
106900021,193,148,45
106900022,1546,4,1542
106900023,43,193,-150
106900024,941,83,858
106900025,55,699,-644
106900026,1,222,-221
106900027,1404,11,1393
107000001,3574,7658,-4084
107000002,1672,2923,-1251
107000003,10227,8411,1816
107000004,4565,2477,2088
107000005,10979,8393,2586
107000006,3643,1971,1672
107000007,7993,12439,-4446
107000008,5462,3990,1472
107000009,13677,11051,2626
107000010,7194,5236,1958
107000011,800,867,-67
107000012,2510,2145,365
107000013,115,49,66
107000014,105,100,5
107000015,531,377,154
107000016,1190,425,765
107000017,999,4862,-3863
107000018,7,4549,-4542
107000020,859,4454,-3595
107000021,1794,564,1230
107000022,1288,2779,-1491
107000023,2595,239,2356
107000024,842,1857,-1015
107000025,286,386,-100
107000026,501,498,3
107000027,2288,1177,1111
107000028,1743,679,1064
107000029,5241,4406,835
107000030,2653,1946,707
107000031,7210,3444,3766
107000032,431,647,-216
107000033,3005,4477,-1472
107000034,6588,1466,5122
107000035,679,244,435
107000036,718,1715,-997
107000037,144,970,-826
107000038,312,215,97
107000039,1330,1186,144
107000040,428,322,106
107000041,1789,1257,532
107000042,722,2514,-1792
107000043,2067,1209,858
107000044,380,502,-122
107000045,116,413,-297
107000046,1290,565,725
107000047,601,883,-282
107000048,917,383,534
107000049,709,827,-118
107000050,1360,738,622
107000051,251,419,-168
107000052,1407,1783,-376
107000053,459,474,-15
107000054,51,194,-143
107000055,182,137,45
107000056,486,534,-48
107000057,1591,166,1425
107000058,2562,3338,-776
107000059,2384,2794,-410
107000060,7363,6789,574
107000061,4844,2566,2278
107000062,8780,3772,5008
107000063,4921,3162,1759
107000064,8007,4351,3656
107000065,3523,3273,250
107000066,2591,4563,-1972
107000067,2080,2099,-19
107000068,1379,1667,-288
107000069,1577,1005,572
107000070,1598,11,1587
107000071,5930,101,5829
107000072,30,1405,-1375
107000073,1563,849,714
107000074,106,689,-583
107000075,3234,781,2453
107000076,438,910,-472
107000077,5444,1689,3755
107000078,1312,1960,-648
107000079,4326,1545,2781
107000080,832,1920,-1088
107000081,4251,761,3490
107000082,905,721,184
107000083,2308,962,1346
107000084,411,989,-578
107000085,3791,4370,-579
107000086,3543,3140,403
107000087,4817,3150,1667
107000088,3948,3560,388
107000089,2789,3069,-280
107000090,1855,957,898
107000091,2607,1417,1190
107000092,1394,844,550
107000093,2199,1374,825
107000094,1291,918,373
107000095,1543,725,818
107000096,593,564,29
107000097,631,274,357
107000098,240,322,-82
107000099,599,590,9
107000100,284,418,-134
107000101,205,358,-153
107000102,195,320,-125
107000103,349,319,30
107000104,184,276,-92
107000105,554,245,309
107000106,226,172,54
107000107,950,176,774
107000108,191,316,-125
107000109,1158,192,966
107000110,48,214,-166
107000111,667,40,627
107000112,42,141,-99
107000113,1040,140,900
107000114,98,303,-205
107000115,1244,474,770
107000116,157,500,-343
107000117,237,1675,-1438
107000118,108,94,14
107000119,1592,2099,-507
107000120,873,919,-46
107000121,1455,793,662
107000122,1195,765,430
107000123,727,655,72
107000124,772,522,250
107000125,2024,461,1563
107000126,1822,303,1519
107000127,23,247,-224
107000129,287,199,88
107000130,756,361,395
107000131,464,421,43
107000132,849,406,443
107000133,605,359,246
107000134,409,5,404
107000135,0,527,-527
107000136,830,8,822
107000137,16,848,-832
107000138,267,35,232
107000139,26,1157,-1131
107000140,2675,125,2550
107000141,132,1093,-961
107000142,906,153,753
107000143,80,798,-718
107000144,891,912,-21
107000145,195,407,-212
107000146,282,540,-258
107000147,5214,930,4284
107000150,603,5363,-4760
107000151,55,112,-57
107000152,945,2986,-2041
107000153,70,364,-294
107000154,17,528,-511
107000155,1607,14,1593
107000156,2420,24,2396
107000157,103,504,-401
107000158,1499,20,1479
107000159,37,510,-473
107000160,2578,295,2283
107000161,94,479,-385
107000162,518,1157,-639
107000163,215,4,211
107000164,1413,6,1407
107000165,2523,17,2506
107000166,23,377,-354
107000167,1476,359,1117
107000168,1409,799,610
107000169,465,539,-74
107000170,4940,1248,3692
107000171,793,1008,-215
107000172,2218,2396,-178
107000173,457,626,-169
107000174,1698,9084,-7386
107000175,4256,1268,2988
107000176,3,7,-4
107000177,11,1,10
107000178,77,5,72
107000179,499,1045,-546
107000180,2901,287,2614
107000181,648,774,-126
107000182,3125,626,2499
107000183,304,520,-216
107000184,2183,552,1631
107000185,573,1114,-541
107000186,1992,490,1502
107000187,1418,1352,66
107000188,762,606,156
107000189,1042,909,133
107000190,1098,689,409
107000191,1174,1059,115
107000192,2487,641,1846
107000193,702,784,-82
107000194,923,606,317
107000197,1450,349,1101
107000198,488,527,-39
107000199,1671,786,885
107000200,905,973,-68
107000201,668,832,-164
107000202,510,604,-94
107000203,1017,2352,-1335
107000204,988,2633,-1645
107000205,1467,959,508
107000206,677,2561,-1884
107000207,745,1931,-1186
107000208,819,866,-47
107000209,1005,1758,-753
107000210,148,294,-146
107000211,5,104,-99
107000212,13,251,-238
107000213,15,34,-19
107000214,25,100,-75
107000215,749,233,516
107000216,825,674,151
107000217,292,111,181
107000219,111,429,-318
107000220,299,86,213
107000222,397,531,-134
107000224,1084,155,929
107000225,215,339,-124
107000226,1079,159,920
107000227,184,129,55
107000228,400,513,-113
107000229,64,146,-82
107000230,1266,517,749
107000231,662,2537,-1875
107000232,169,16,153
107000233,378,1579,-1201
107000234,9,115,-106
107000235,133,25,108
107000236,5,500,-495
107000237,75,0,75
107000238,58,3,55
107000239,3196,900,2296
107000240,81,669,-588
107000241,59,13,46
107000242,451,49,402
107000243,0,69,-69
107000244,6,82,-76
107000246,1,917,-916
107000249,0,874,-874
107000251,1,187,-186
107000252,1,453,-452
107000255,240,309,-69
107000257,2,589,-587
107000258,22,201,-179
107000259,15,201,-186
107000260,2798,28,2770
107000262,14,269,-255
107000263,789,10,779
107000266,16,24,-8
107000267,90,108,-18
107000268,174,84,90
107000269,85,2,83
107000270,252,79,173
107000271,0,0,0
107000272,122,1,121
107000273,7,345,-338
107000274,593,486,107
107000275,35,2815,-2780
107000280,1898,47,1851
107000281,34,400,-366
107000282,57,435,-378
107000290,15,49,-34
107000291,7,17,-10
107000292,1,466,-465
107000293,12,21,-9
107000294,1,87,-86
107000295,85,4,81
107000296,0,24,-24
107000444,315,4,311
107000496,10,8,2
107000497,1258,1337,-79
107000500,750,429,321
107000501,119,203,-84
107000502,252,381,-129
107000505,222,805,-583
107000506,0,1,-1
107000508,1,180,-179
107000509,231,1022,-791
107000510,87,47,40
107000514,57,719,-662
107000515,20,78,-58
107000516,878,491,387
107000518,2070,3749,-1679
107000519,1441,664,777
107000520,213,72,141
107900001,191,72,119
107900002,110,15,95
107900003,1213,18,1195
107900004,305,1,304
107900005,3160,12,3148
107900006,343,6,337
107900007,789,85,704
107900008,59,8,51
107900009,140,24,116
107900010,108,12,96
107900012,317,122,195
107900013,362,23,339
107900014,143,17,126
107900015,2278,33,2245
107900016,453,141,312
107900017,113,6,107
107900018,129,406,-277
107900019,43,18,25
107900020,37,30,7
107900021,317,57,260
107900023,8,8,0
107900024,0,10,-10
107900025,320,183,137
107900026,122,27,95
107900027,25,93,-68
107900028,290,72,218
107900030,307,60,247
107900031,122,113,9
107900032,21,9,12
107900033,29,15,14
107900034,488,20,468
107900035,2313,112,2201
107900036,135,117,18
107900037,0,4,-4
107900038,83,494,-411
107900039,90,17,73
107900040,16,357,-341
107900041,6,3,3
107900043,68,137,-69
107900044,43,16,27
107900045,185,119,66
107900046,441,286,155
107900047,113,15,98
107900048,332,55,277
107900049,579,1730,-1151
107900050,48,248,-200
107900051,108,33,75
107900052,15,46,-31
107900053,121,93,28
107900055,868,359,509
107900056,233,149,84
107900057,32,0,32
107900058,42,555,-513
107900060,36,49,-13
107900061,5,24,-19
107900063,111,161,-50
107900064,334,508,-174
107900065,603,28,575
107900066,50,10,40
107900067,2,1,1
107900068,174,1541,-1367
107900069,26,4262,-4236
107900070,376,201,175
107900071,31,282,-251
107900072,248,101,147
107900073,235,82,153
107900074,262,543,-281
107900076,267,67,200
107900077,211,7,204
107900078,242,111,131
107900079,34,32,2
107900080,168,1516,-1348
107900081,136,65,71
107900082,7,19,-12
107900083,497,232,265
107900084,229,195,34
107900086,68,352,-284
107900087,224,144,80
107900088,213,37,176
107900089,290,954,-664
107900090,851,3639,-2788
107900091,170,105,65
107900092,1661,267,1394
107900093,131,79,52
107900095,1683,2412,-729
107900097,69,77,-8
107900098,105,291,-186
107900100,1207,2295,-1088
107900101,501,62,439
107900102,106,17,89
107900103,89,180,-91
107900104,359,2,357
107900105,10,125,-115
107900106,9,457,-448
107900107,1859,551,1308
107900108,186,77,109
107900109,3056,72,2984
107900110,148,49,99
107900111,8,290,-282
107900112,100,671,-571
107900113,408,106,302
107900114,410,71,339
107900115,1,14,-13
107900116,441,95,346
107900117,333,92,241
107900118,74,97,-23
107900119,196,494,-298
107900120,71,60,11
107900121,1,127,-126
107900122,1,176,-175
107900123,41,96,-55
107900124,9,98,-89
107900125,30,247,-217
107900126,64,89,-25
107900127,550,398,152
107900128,131,83,48
107900129,171,47,124
107900130,174,26,148
107900131,135,934,-799
107900132,92,291,-199
107900133,0,36,-36
107900134,60,215,-155
107900135,9,89,-80
107900136,22,62,-40
107900137,187,131,56
107900138,192,47,145
107900139,106,51,55
107900140,97,28,69
107900141,29,55,-26
107900142,48,531,-483
107900143,41,37,4
107900144,2,78,-76
107900145,13,82,-69
107900146,61,178,-117
107900147,55,44,11
107900148,226,92,134
107900149,570,126,444
107900150,60,275,-215
107900151,47,49,-2
107900152,21,152,-131
107900153,101,495,-394
107900154,64,37,27
107900155,134,48,86
107900156,12,96,-84
107900157,32,52,-20
107900158,1826,129,1697
107900159,23,349,-326
107900160,258,95,163
107900161,83,59,24
107900162,2,71,-69
107900163,20,60,-40
107900164,23,50,-27
107900165,12,284,-272
107900166,83,53,30
107900167,29,64,-35
107900168,108,20,88
107900169,4,403,-399
107900171,9,303,-294
107900172,2,152,-150
107900173,80,44,36
107900174,215,2,213
107900175,60,81,-21
107900176,71,10,61
107900177,5,221,-216
107900178,0,95,-95
107900179,38,95,-57
107900180,380,1509,-1129
107900181,391,269,122
107900182,19,426,-407
107900183,101,61,40
107900184,191,121,70
107900185,335,9,326
107900186,38,42,-4
107900187,4,264,-260
107900188,473,137,336
107900189,40,141,-101
107900190,50,203,-153
107900191,95,92,3
107900193,2,67,-65
107900194,340,29,311
107900195,808,285,523
107900196,101,48,53
107900197,254,555,-301
107900199,1,458,-457
107900201,113,62,51
107900203,41,29,12
107900204,221,226,-5
107900205,255,368,-113
107900206,704,773,-69
107900207,1,319,-318
107900208,38,200,-162
107900209,222,148,74
107900210,44,41,3
107900213,413,578,-165
107900214,13,54,-41
107900215,135,485,-350
107900216,57,48,9
107900217,68,76,-8
107900218,32,1914,-1882
107900219,62,29,33
107900220,126,276,-150
107900221,129,138,-9
107900223,178,189,-11
107900224,76,521,-445
107900225,10,365,-355
107900226,35,57,-22
107900227,109,228,-119
107900228,64,113,-49
107900229,4,89,-85
107900230,48,32,16
107900231,65,87,-22
107900232,243,78,165
107900233,30,58,-28
107900234,195,169,26
107900235,13,102,-89
107900236,466,50,416
107900237,34,209,-175
107900238,63,34,29
107900239,310,681,-371
107900240,40,47,-7
107900241,12,24,-12
107900242,38,71,-33
107900243,5,39,-34
107900244,515,10,505
107900245,1285,66,1219
107900246,382,30,352
107900248,482,157,325
107900249,1534,147,1387
107900250,5,277,-272
107900251,36,772,-736
107900252,1296,62,1234
107900253,378,16,362
107900254,71,348,-277
107900255,218,122,96
107900256,684,2280,-1596
107900257,607,240,367
107900258,240,115,125
107900259,69,4521,-4452
107900261,1,121,-120
107900262,55,47,8
107900264,706,45,661
107900265,314,158,156
107900267,564,14,550
107900268,22,6,16
107900269,0,4,-4
107900270,6,0,6
107900271,7,57,-50
107900272,23,102,-79
107900273,115,57,58
107900274,282,3,279
107900275,67,1,66
107900276,0,57,-57
107900277,0,97,-97
107900278,546,151,395
107900279,63,92,-29
107900280,3418,2003,1415
107900281,715,7421,-6706
107900282,29,1182,-1153
107900283,761,1263,-502
107900284,932,367,565
107900285,211,34,177
107900286,79,65,14
107900287,531,227,304
107900290,0,499,-499
107900291,788,29,759
107900292,126,73,53
107900293,138,174,-36
107900295,93,20,73
107900297,6,325,-319
107900298,685,358,327
107900299,2018,3513,-1495
107900300,140,520,-380
107900301,1081,1108,-27
107900302,131,69,62
107900303,420,252,168
107900304,706,153,553
107900305,536,18,518
107900306,3,63,-60
107900307,18,209,-191
107900308,227,260,-33
107900309,90,1,89
107900310,88,0,88
107900311,8,994,-986
107900312,51,0,51
107900313,8,354,-346
107900314,0,154,-154
107900315,6,121,-115
107900316,38,4,34
107900317,162,15,147
107900318,7,254,-247
107900319,11,85,-74
107900320,6,74,-68
107900321,306,9,297
107900322,0,37,-37
107900323,32,97,-65
107900324,198,2,196
107900325,184,0,184
107900326,624,112,512
107900327,2,176,-174
107900328,37,0,37
107900329,105,287,-182
107900330,23,137,-114
107900331,665,22,643
107900332,744,23,721
107900333,84,38,46
107900334,25,49,-24
107900335,53,34,19
107900336,51,109,-58
107900337,500,1390,-890
107900338,3,127,-124
107900339,1,9,-8
107900340,1,81,-80
107900341,87,0,87
107900342,172,63,109
107900343,57,2,55
107900344,13,111,-98
107900345,137,29,108
107900346,27,1,26
107900347,17,1,16
107900348,1,6,-5
107900349,56,15,41
107900350,14,172,-158
108000001,5244,4701,543
108000002,1932,1635,297
108000003,3815,4774,-959
108000004,11469,12098,-629
108000005,9156,7468,1688
108000006,4835,5203,-368
108000007,6863,5929,934
108000008,3873,4377,-504
108000009,6573,6849,-276
108000010,3101,3752,-651
108000011,15596,14329,1267
108000012,10695,10532,163
108000014,623,1447,-824
108000015,1050,251,799
108000016,429,662,-233
108000017,1711,410,1301
108000018,2775,886,1889
108000019,1363,1222,141
108000020,1443,629,814
108000021,279,1440,-1161
108000022,509,982,-473
108000023,2183,352,1831
108000024,492,310,182
108000025,593,184,409
108000026,1103,253,850
108000027,1198,273,925
108000028,1045,179,866
108000029,987,326,661
108000030,734,191,543
108000031,285,535,-250
108000032,2792,721,2071
108000033,931,618,313
108000034,2563,851,1712
108000035,712,1364,-652
108000036,470,810,-340
108000037,3193,455,2738
108000038,4862,702,4160
108000039,573,1219,-646
108000040,3125,1353,1772
108000041,616,1914,-1298
108000042,591,165,426
108000043,275,142,133
108000044,1178,113,1065
108000045,484,167,317
108000046,2189,537,1652
108000047,554,655,-101
108000048,193,304,-111
108000049,1429,293,1136
108000050,101,345,-244
108000051,541,314,227
108000052,191,450,-259
108000053,550,457,93
108000054,539,1305,-766
108000055,1648,1100,548
108000056,609,1680,-1071
108000057,934,1939,-1005
108000058,2304,5878,-3574
108000059,2071,1498,573
108000060,323,694,-371
108000061,155,168,-13
108000062,1599,879,720
108000063,614,365,249
108000064,469,291,178
108000065,721,402,319
108000066,1680,1001,679
108000067,2813,1068,1745
108000068,1196,554,642
108000069,221,665,-444
108000070,3013,821,2192
108000071,699,1175,-476
108000072,2460,1116,1344
108000073,989,1092,-103
108000074,1041,522,519
108000075,409,414,-5
108000076,1266,690,576
108000077,620,477,143
108000078,3509,1281,2228
108000079,680,862,-182
108000080,2453,572,1881
108000081,816,756,60
108000082,675,1375,-700
108000083,2523,1111,1412
108000084,506,828,-322
108000085,1757,729,1028
108000086,437,414,23
108000087,232,3125,-2893
108000088,410,8,402
108000089,617,489,128
108000090,729,223,506
108000091,326,332,-6
108000092,322,77,245
108000093,340,377,-37
108000094,1200,91,1109
108000095,278,251,27
108000096,545,190,355
108000097,230,225,5
108000098,3029,1113,1916
108000099,333,120,213
108000100,142,331,-189
108000101,1979,2025,-46
108000102,2038,4533,-2495
108000106,1285,3,1282
108000107,0,1084,-1084
108000108,983,95,888
108000109,11,606,-595
108000110,533,362,171
108000111,305,521,-216
108000112,48,236,-188
108000113,491,181,310
108000115,411,419,-8
108000117,483,629,-146
108000118,45,440,-395
108000119,495,304,191
108000120,230,1127,-897
108000121,307,311,-4
108000122,1026,450,576
108000123,1026,303,723
108000124,508,761,-253
108000125,1034,180,854
108000126,408,330,78
108000127,987,224,763
108000128,1190,243,947
108000129,851,450,401
108000130,894,243,651
108000131,1035,611,424
108000132,745,960,-215
108000133,1770,660,1110
108000134,655,398,257
108000135,1699,789,910
108000136,332,534,-202
108000137,829,179,650
108000138,848,527,321
108000139,882,285,597
108000140,482,18,464
108000141,77,35,42
108000142,89,60,29
108000143,64,10,54
108000144,158,15,143
108000145,73,5,68
108000146,274,27,247
108000147,61,21,40
108000148,172,25,147
108000149,47,15,32
108000150,88,11,77
108000151,12,26,-14
108000152,162,211,-49
108000153,948,126,822
108000154,49,1,48
108000155,38,34,4
108000156,274,172,102
108000157,230,2287,-2057
108000158,130,1350,-1220
108000159,254,281,-27
108000160,1765,1512,253
108000161,2004,6393,-4389
108000165,4,529,-525
108000172,2,501,-499
108000173,669,2904,-2235
108000175,679,126,553
108000178,370,426,-56
108000179,225,1386,-1161
108000181,133,40,93
108000182,118,11,107
108000183,11,20,-9
108000184,813,4135,-3322
108000185,364,274,90
108000186,449,63,386
108000187,183,182,1
108000188,1370,148,1222
108000189,487,2229,-1742
108000190,50,103,-53
108000192,435,168,267
108000193,588,35,553
108000194,34,8,26
108000195,8,593,-585
108000196,409,255,154
108000198,834,81,753
108000199,3,370,-367
108000200,916,241,675
108000202,2,426,-424
108000203,264,250,14
108000204,265,128,137
108000205,170,198,-28
108000339,1119,575,544
108000364,96,384,-288
108000365,88,386,-298
108000367,284,228,56
108000368,13,63,-50
108000369,339,180,159
108000371,2,589,-587
108000372,1065,3,1062
108000373,294,82,212
108000376,228,47,181
108000377,919,169,750
108000378,10804,16207,-5403
108000379,61,209,-148
108000381,231,8,223
108000382,94,3,91
108000383,0,227,-227
108900001,36,353,-317
108900002,310,124,186
108900003,213,612,-399
108900004,72,757,-685
108900005,89,606,-517
108900006,1130,306,824
108900007,509,169,340
108900008,283,107,176
108900009,253,130,123
108900010,611,142,469
108900011,1334,367,967
108900012,676,341,335
108900013,227,261,-34
108900014,40,99,-59
108900015,2,360,-358
108900016,6,226,-220
108900017,332,748,-416
108900018,242,514,-272
108900019,56,513,-457
108900020,45,152,-107
108900021,201,179,22
108900022,206,26,180
108900023,12,94,-82
108900024,91,86,5
108900025,277,48,229
108900026,28,40,-12
108900027,2,24,-22
108900028,187,98,89
108900029,131,217,-86
108900030,0,40,-40
108900031,295,156,139
108900032,5,145,-140
108900033,0,62,-62
108900034,1,50,-49
108900035,295,380,-85
108900036,166,253,-87
108900037,65,164,-99
108900038,1,142,-141
108900039,0,100,-100
108900040,21,57,-36
108900041,3808,4441,-633
108900042,17,452,-435
108900043,43,347,-304
108900044,2,155,-153
108900045,237,144,93
108900046,39,207,-168
108900047,0,91,-91
108900048,142,287,-145
108900049,1424,3216,-1792
108900050,1,62,-61
108900051,1,86,-85
108900052,47,104,-57
108900053,131,527,-396
108900054,81,129,-48
108900055,38,559,-521
108900056,10,50,-40
108900057,0,65,-65
108900058,48,142,-94
108900059,1177,89,1088
108900060,200,289,-89
108900061,67,44,23
108900062,3,134,-131
108900063,25,127,-102
108900064,589,19,570
108900065,24,113,-89
108900066,742,168,574
108900067,9,130,-121
108900068,0,33,-33
108900069,150,18,132
108900070,72,37,35
108900071,199,71,128
108900072,1777,536,1241
108900073,13,18,-5
108900074,609,65,544
108900075,29,19,10
108900076,847,73,774
108900077,92,147,-55
108900078,137,78,59
108900079,390,176,214
108900080,15,1699,-1684
108900081,64,258,-194
108900082,168,31,137
108900083,8,400,-392
108900084,275,191,84
108900085,1219,166,1053
108900086,286,76,210
108900087,59,189,-130
108900088,1090,508,582
108900089,26,267,-241
108900090,124,84,40
108900091,112,41,71
108900092,849,399,450
108900093,191,140,51
108900094,375,125,250
108900095,153,151,2
108900096,234,24,210
108900097,491,124,367
108900098,1280,1603,-323
108900099,618,102,516
108900100,90,127,-37
108900101,352,464,-112
108900102,37,1970,-1933
108900103,139,211,-72
108900104,69,400,-331
108900105,5,2905,-2900
108900106,732,117,615
108900108,595,70,525
108900109,54,56,-2
108900110,343,158,185
108900111,753,241,512
108900112,456,49,407
108900113,48,144,-96
108900114,0,13,-13
108900115,259,131,128
108900116,163,19,144
108900117,354,29,325
108900118,1052,42,1010
108900119,608,39,569
108900120,276,327,-51
108900121,440,237,203
108900122,359,33,326
108900123,293,180,113
108900124,1229,401,828
108900125,929,11,918
108900126,243,105,138
108900127,325,12,313
108900128,273,114,159
108900129,1727,266,1461
108900130,768,7,761
108900131,692,37,655
108900132,1221,124,1097
108900133,476,60,416
108900134,995,158,837
108900135,512,35,477
108900136,46,3,43
108900137,438,9,429
108900138,1624,101,1523
108900139,976,114,862
108900140,655,77,578
108900141,924,31,893
108900142,206,9,197
108900143,200,1,199
108900144,319,1,318
108900145,580,21,559
108900146,178,0,178
108900147,378,1,377
108900148,128,39,89
108900149,500,275,225
108900150,455,15,440
108900151,73,20,53
108900152,254,243,11
108900153,345,112,233
108900154,7191,461,6730
108900155,479,97,382
108900156,173,18,155
108900157,45,338,-293
108900158,860,115,745
108900159,4,87,-83
108900160,60,187,-127
108900161,14,239,-225
108900162,317,0,317
108900163,6,471,-465
108900164,66,46,20
108900165,83,61,22
108900167,929,13509,-12580
108900168,4175,3473,702
108900169,99,158,-59
108900171,3191,5151,-1960
108900172,332,65,267
108900173,125,378,-253
108900174,1240,452,788
108900176,159,393,-234
108900177,3601,11206,-7605
108900178,2802,6120,-3318
108900179,556,2916,-2360
108900180,106,512,-406
108900182,55,638,-583
108900183,112,173,-61
108900184,815,320,495
108900185,120,580,-460
108900186,160,295,-135
108900187,800,62,738
108900188,1266,76,1190
108900189,609,103,506
108900190,59,1421,-1362
108900191,187,85,102
108900192,97,163,-66
108900193,57,46,11
108900194,8,456,-448
108900195,128,74,54
108900196,58,271,-213
108900198,14,182,-168
108900199,236,333,-97
108900200,894,483,411
108900201,496,921,-425
108900203,815,165,650
108900204,596,20,576
108900205,424,46,378
108900206,662,104,558
108900207,276,331,-55
108900208,31,340,-309
108900209,185,447,-262
108900210,152,174,-22
108900211,240,905,-665
108900212,196,2338,-2142
108900215,106,401,-295
108900216,269,445,-176
108900217,141,2,139
108900218,109,25,84
108900219,96,19,77
108900220,60,47,13
108900221,51,91,-40
108900222,442,15,427
108900223,8,84,-76
108900224,75,200,-125
108900225,1,217,-216
108900226,650,38,612
108900227,233,704,-471
108900230,125,190,-65
108900231,14,179,-165
108900232,1,104,-103
108900233,851,189,662
108900234,570,225,345
108900235,243,373,-130
108900236,63,406,-343
108900237,81,93,-12
108900240,192,131,61
108900241,84,108,-24
108900245,8,2681,-2673
108900249,159,44,115
108900250,408,97,311
108900257,432,285,147
108900258,8,116,-108
108900259,40,61,-21
108900260,9,17,-8
108900261,70,62,8
108900262,46,127,-81
108900263,39,156,-117
108900264,193,331,-138
108900265,912,860,52
108900266,255,1894,-1639
108900267,4,355,-351
108900268,8,26,-18
108900269,240,28,212
108900270,260,15,245
108900271,98,24,74
108900272,576,31,545
108900273,333,1420,-1087
108900274,100,40,60
109000001,3891,3016,875
109000002,932,2386,-1454
109000003,4361,506,3855
109000004,609,2095,-1486
109000005,3087,706,2381
109000006,892,1882,-990
109000007,2795,805,1990
109000008,799,1547,-748
109000009,4484,1646,2838
109000010,967,2924,-1957
109000011,5918,3319,2599
109000012,2073,2666,-593
109000013,5963,6090,-127
109000014,2260,2618,-358
109000015,4871,13228,-8357
109000016,5228,2842,2386
109000017,3999,1687,2312
109000018,1470,2122,-652
109000019,3770,1730,2040
109000020,918,1738,-820
109000023,459,25,434
109000024,10,158,-148
109000025,368,759,-391
109000026,594,383,211
109000027,137,456,-319
109000028,161,82,79
109000029,176,536,-360
109000030,43,424,-381
109000031,335,240,95
109000032,148,448,-300
109000033,618,313,305
109000034,108,77,31
109000035,10,88,-78
109000036,53,487,-434
109000037,582,3831,-3249
109000038,402,437,-35
109000039,1574,1561,13
109000040,3791,19054,-15263
109000041,1809,3381,-1572
109000042,675,1823,-1148
109000044,497,110,387
109000045,99,444,-345
109000046,695,99,596
109000047,64,457,-393
109000048,811,556,255
109000049,242,549,-307
109000050,540,374,166
109000051,321,156,165
109000052,792,452,340
109000053,499,179,320
109000054,550,412,138
109000055,548,787,-239
109000056,549,406,143
109000057,1297,601,696
109000058,434,174,260
109000059,339,1616,-1277
109000060,213,497,-284
109000061,507,2851,-2344
109000062,307,570,-263
109000063,342,137,205
109000064,636,256,380
109000065,341,154,187
109000066,740,69,671
109000067,109,212,-103
109000068,1064,7,1057
109000069,1084,40,1044
109000070,161,1473,-1312
109000071,675,105,570
109000072,205,257,-52
109000073,82,136,-54
109000074,29,135,-106
109000075,76,290,-214
109000076,161,452,-291
109000077,381,166,215
109000078,155,167,-12
109000079,208,94,114
109000080,397,64,333
109000081,206,301,-95
109000082,1449,210,1239
109000083,384,497,-113
109000088,249,311,-62
109000089,453,165,288
109000090,164,382,-218
109000091,788,323,465
109000092,362,389,-27
109000093,502,313,189
109000094,1464,25,1439
109000095,179,315,-136
109000096,1560,299,1261
109000097,116,103,13
109000098,61,157,-96
109000099,1122,292,830
109000100,309,657,-348
109000101,2546,787,1759
109000102,797,688,109
109000103,867,567,300
109000104,3520,534,2986
109000105,645,1045,-400
109000106,2770,873,1897
109000107,806,1501,-695
109000108,3454,915,2539
109000109,703,988,-285
109000110,2003,777,1226
109000111,821,2305,-1484
109000112,530,154,376
109000113,455,143,312
109000114,277,355,-78
109000115,1324,52,1272
109000116,7,325,-318
109000117,388,49,339
109000118,20,281,-261
109000119,2587,125,2462
109000120,377,434,-57
109000121,1033,33,1000
109000122,291,301,-10
109000123,54,59,-5
109000124,1210,229,981
109000125,1522,286,1236
109000126,587,465,122
109000127,1812,230,1582
109000128,850,759,91
109000129,4205,1042,3163
109000130,477,867,-390
109000131,1434,1092,342
109000132,691,1386,-695
109000133,412,636,-224
109000134,858,980,-122
109000135,862,1412,-550
109000136,364,230,134
109000137,404,412,-8
109000138,811,207,604
109000139,982,342,640
109000140,392,197,195
109000141,1031,414,617
109000142,280,664,-384
109000143,153,89,64
109000145,167,322,-155
109000146,45,102,-57
109000148,2011,3121,-1110
109000149,37,114,-77
109000150,88,456,-368
109000155,1310,889,421
109000156,1284,511,773
109000158,168,293,-125
109000159,105,636,-531
109000160,2028,255,1773
109000161,732,965,-233
109000162,3146,534,2612
109000163,1884,1401,483
109000164,1953,2085,-132
109000165,1984,436,1548
109000166,1661,147,1514
109000167,199,346,-147
109000170,57,66,-9
109000171,147,43,104
109000172,22,44,-22
109000173,28,143,-115
109000174,203,57,146
109000175,97,84,13
109000176,785,216,569
109000177,42,85,-43
109000178,710,62,648
109000179,3011,8073,-5062
109000180,4474,5011,-537
109000181,39,11,28
109000182,72,12,60
109000183,111,17,94
109000184,49,6,43
109000185,58,20,38
109000188,831,1093,-262
109000189,3719,770,2949
109000190,1090,502,588
109000191,529,456,73
109000192,813,132,681
109000193,465,101,364
109000194,440,67,373
109000195,322,119,203
109000196,458,82,376
109000197,238,257,-19
109000198,490,63,427
109000199,193,281,-88
109000206,314,45,269
109000207,278,52,226
109000208,241,200,41
109000209,154,98,56
109000210,191,449,-258
109000211,1441,532,909
109000214,590,173,417
109000215,188,83,105
109000216,427,430,-3
109000217,293,222,71
109000218,585,363,222
109000221,242,731,-489
109000222,1126,284,842
109000223,731,496,235
109000224,101,56,45
109000225,181,25,156
109000226,157,116,41
109000227,2409,520,1889
109000228,4,1994,-1990
109000231,1,119,-118
109000232,949,142,807
109000236,469,502,-33
109000241,2395,1403,992
109000242,1925,751,1174
109000293,21,73,-52
109000361,145,205,-60
109000364,188,342,-154
109000396,1,275,-274
109000397,1143,21,1122
109000399,172,344,-172
109000400,181,223,-42
109000403,33,1549,-1516
109000406,585,8,577
109000407,448,140,308
109000408,0,331,-331
109000410,1309,278,1031
109000411,402,25,377
109900001,210,1,209
109900002,1296,34,1262
109900003,545,3,542
109900004,455,114,341
109900005,60,7,53
109900006,761,402,359
109900007,1998,198,1800
109900008,0,33,-33
109900009,258,236,22
109900010,986,50,936
109900011,81,116,-35
109900012,553,265,288
109900013,604,198,406
109900014,626,78,548
109900015,333,160,173
109900016,228,33,195
109900017,305,326,-21
109900018,356,33,323
109900019,554,44,510
109900020,120,60,60
109900021,75,25,50
109900022,102,318,-216
109900023,61,5,56
109900024,38,1,37
109900025,24,33,-9
109900026,8,188,-180
109900027,54,51,3
109900028,497,2106,-1609
109900029,11,225,-214
109900030,110,11,99
109900031,4,595,-591
109900032,11,276,-265
109900033,5,368,-363
109900034,83,4,79
109900035,34,47,-13
109900036,58,58,0
109900037,29,396,-367
109900038,130,244,-114
109900039,14,2,12
109900040,50,301,-251
109900041,104,239,-135
109900042,113,950,-837
109900044,252,190,62
109900045,112,82,30
109900046,54,67,-13
109900047,229,297,-68
109900048,4,94,-90
109900049,23,40,-17
109900050,1,72,-71
109900051,1,18,-17
109900052,83,178,-95
109900053,0,97,-97
109900054,1508,316,1192
109900055,108,157,-49
109900056,56,560,-504
109900057,3,106,-103
109900058,0,76,-76
109900059,1682,171,1511
109900060,1190,97,1093
109900061,72,188,-116
109900062,0,65,-65
109900063,7,414,-407
109900064,964,222,742
109900065,126,94,32
109900066,329,435,-106
109900067,0,76,-76
109900068,126,11,115
109900069,6,30,-24
109900070,60,195,-135
109900071,15,27,-12
109900072,27,100,-73
109900073,847,126,721
109900074,27,25,2
109900075,88,49,39
109900076,19,58,-39
109900077,60,31,29
109900078,98,166,-68
109900080,101,143,-42
109900081,24,215,-191
109900082,54,183,-129
109900083,16,92,-76
109900084,72,126,-54
109900085,157,320,-163
109900086,245,991,-746
109900087,154,653,-499
109900089,1157,275,882
109900090,305,790,-485
109900091,751,99,652
109900092,607,57,550
109900093,1670,220,1450
109900094,152,91,61
109900095,72,265,-193
109900096,177,10,167
109900097,204,4,200
109900098,933,46,887
109900099,578,4,574
109900100,90,1,89
109900101,1119,15,1104
109900102,748,28,720
109900103,53,55,-2
109900104,1562,200,1362
109900105,880,48,832
109900106,525,50,475
109900107,885,55,830
109900108,251,282,-31
109900109,58,532,-474
109900110,122,212,-90
109900111,185,462,-277
109900112,128,258,-130
109900113,1191,914,277
109900114,1113,1763,-650
109900115,323,140,183
109900117,1944,125,1819
109900118,172,310,-138
109900119,327,435,-108
109900120,107,10,97
109900121,392,628,-236
109900122,927,9,918
109900123,24,88,-64
109900124,137,251,-114
109900125,1,275,-274
109900126,574,21,553
109900128,587,43,544
109900130,3759,4047,-288
109900131,25,160,-135
109900132,39,188,-149
109900133,172,206,-34
109900134,68,159,-91
109900135,291,42,249
109900136,47,107,-60
109900137,248,163,85
109900138,639,245,394
109900140,437,74,363
109900142,2469,396,2073
109900145,9,861,-852
109900146,318,60,258
109900148,42,100,-58
109900149,31,47,-16
109900150,26,51,-25
109900151,13,45,-32
109900152,1,24,-23
109900153,2,45,-43
109900154,43,0,43
109900155,108,30,78
109900157,136,170,-34
109900158,76,185,-109
109900159,238,77,161
109900160,167,49,118
109900161,340,135,205
109900162,398,214,184
109900163,397,397,0
109900164,65,269,-204
109900165,680,6,674
109900166,6,101,-95
109900167,260,230,30
109900168,380,413,-33
109900169,343,110,233
109900170,350,1859,-1509
109900171,466,76,390
109900172,396,435,-39
109900173,1540,3963,-2423
109900174,81,193,-112
109900175,183,135,48
109900176,194,181,13
109900177,77,129,-52
109900178,8,279,-271
109900179,10,31,-21
109900180,7,23,-16
110000001,722,635,87
110000002,651,897,-246
110000003,875,771,104
110000004,603,744,-141
110000005,348,2409,-2061
110000006,247,319,-72
110000007,214,124,90
110000008,32,211,-179
110000009,54,47,7
110000010,42,103,-61
110000011,84,55,29
110000012,836,243,593
110000013,89,954,-865
110000014,574,458,116
110000015,274,845,-571
110000016,277,1999,-1722
110000017,3780,417,3363
110000018,2639,410,2229
110000019,18,105,-87
110000020,878,242,636
110000021,328,571,-243
110000022,1696,228,1468
110000023,19,154,-135
110000024,628,515,113
110000025,914,4,910
110000026,9,244,-235
110000027,925,1960,-1035
110000028,1279,819,460
110000029,641,623,18
110000030,577,511,66
110000031,418,291,127
110000032,1135,418,717
110000033,301,326,-25
110000034,743,706,37
110000035,1103,485,618
110000036,1606,778,828
110000037,430,596,-166
110000038,401,856,-455
110000039,1169,6186,-5017
110000040,280,240,40
110000041,429,2599,-2170
110000042,120,629,-509
110000043,946,438,508
110000044,60,1385,-1325
110000045,263,177,86
110000046,8,49,-41
110000047,20,187,-167
110000048,22,62,-40
110000049,16,18,-2
110000050,9,163,-154
110000051,42,14,28
110000052,44,35,9
110000053,27,14,13
110000054,224,1268,-1044
110000055,205,91,114
110000056,81,151,-70
110000057,489,665,-176
110000058,1415,585,830
110000059,1340,633,707
110000060,1490,1075,415
110000061,684,710,-26
110000062,934,1047,-113
110000063,87,327,-240
110000064,116,59,57
110000065,207,180,27
110000066,151,41,110
110000067,125,192,-67
110000068,502,100,402
110000069,739,34,705
110000071,639,50,589
110000073,72,10,62
110000075,34,130,-96
110000076,540,576,-36
110000077,382,1549,-1167
110000078,142,28,114
110000080,285,466,-181
110000081,58,264,-206
110000082,41,385,-344
110000083,286,444,-158
110000084,1855,1409,446
110000085,875,1500,-625
110000086,1376,3307,-1931
110000087,20,63,-43
110000088,153,281,-128
110000089,459,68,391
110000090,114,441,-327
110000091,973,233,740
110000092,40,55,-15
110000093,82,28,54
110000094,454,230,224
110000095,253,796,-543
110000096,1244,2433,-1189
110000097,1199,2017,-818
110000098,2633,964,1669
110000099,942,1704,-762
110000100,2150,210,1940
110000101,105,84,21
110000102,128,25,103
110000104,733,254,479
110000105,57,330,-273
110000106,936,641,295
110000107,128,372,-244
110000108,211,119,92
110000109,178,371,-193
110000110,2286,5193,-2907
110000111,3664,4102,-438
110000112,259,1419,-1160
110000113,89,3436,-3347
110000114,421,954,-533
110000115,582,390,192
110000116,111,94,17
110000117,470,256,214
110000118,1011,179,832
110000119,563,278,285
110000120,586,273,313
110000121,116,460,-344
110000122,398,358,40
110000123,896,748,148
110000124,1,666,-665
110000125,1530,5,1525
110000126,443,33,410
110000127,2151,87,2064
110000128,90,785,-695
110000129,11,307,-296
110000130,366,386,-20
110000131,82,306,-224
110000132,0,509,-509
110000133,50,467,-417
110000134,33,427,-394
110000135,300,53,247
110000136,141,280,-139
110000137,1077,391,686
110000138,1338,564,774
110000139,1728,521,1207
110000140,1210,1156,54
110000143,709,386,323
110000144,2894,3282,-388
110000145,1985,2806,-821
110000146,2034,2333,-299
110000147,721,1233,-512
110000148,941,209,732
110000151,781,2370,-1589
110000152,669,792,-123
110000153,380,24,356
110000154,116,40,76
110000155,1298,3959,-2661
110000156,952,3089,-2137
110000157,1965,3964,-1999
110000160,483,345,138
110000161,255,176,79
110000166,1292,107,1185
110000167,1786,774,1012
110000168,1334,731,603
110000169,1143,393,750
110000170,264,72,192
110000171,910,113,797
110000172,260,612,-352
110000173,629,764,-135
110000174,204,621,-417
110000175,1445,120,1325
110000176,192,799,-607
110000177,307,1532,-1225
110000178,489,2993,-2504
110000179,1030,311,719
110000180,395,227,168
110000181,1162,453,709
110000182,403,161,242
110000183,6558,11126,-4568
110000184,358,3781,-3423
110000185,820,899,-79
110000186,813,805,8
110000191,2144,186,1958
110000192,983,15,968
110000193,1830,19,1811
110000194,5,615,-610
110000195,887,107,780
110000196,727,104,623
110000197,228,61,167
110000198,132,36,96
110000199,79,135,-56
110000200,866,461,405
110000201,1511,1863,-352
110000202,1613,702,911
110000203,465,467,-2
110000204,13,195,-182
110000205,290,85,205
110000206,518,601,-83
110000207,1881,330,1551
110000208,361,336,25
110000209,88,781,-693
110000210,2042,523,1519
110000211,845,816,29
110000212,690,1573,-883
110000213,482,63,419
110000214,612,57,555
110000215,236,196,40
110000216,147,129,18
110000217,695,125,570
110000218,315,175,140
110000219,911,60,851
110000220,148,145,3
110000221,875,27,848
110000222,113,276,-163
110000223,2,210,-208
110000224,7,9,-2
110000225,290,881,-591
110000226,337,62,275
110000227,989,1438,-449
110000228,375,105,270
110000229,0,93,-93
110000230,656,742,-86
110000231,219,297,-78
110000232,268,236,32
110000233,193,341,-148
110000234,544,1983,-1439
110000235,1122,1189,-67
110000236,925,393,532
110000237,2833,1585,1248
110000238,1278,1308,-30
110000239,2911,1164,1747
110000240,0,26,-26
110000242,0,27,-27
110000243,298,40,258
110000244,138,401,-263
110000245,58,324,-266
110000246,1433,457,976
110000247,1132,3864,-2732
110000248,1327,1558,-231
110000249,93,11,82
110000250,47,233,-186
110000251,663,306,357
110000252,582,200,382
110000253,2035,536,1499
110000254,757,698,59
110000255,195,649,-454
110000256,634,300,334
110000257,621,315,306
110000258,9,396,-387
110000259,332,15,317
110000260,52,128,-76
110000263,631,52,579
110000264,702,393,309
110000265,1591,2629,-1038
110000266,1311,3294,-1983
110000267,52,200,-148
110000268,362,402,-40
110000269,6,72,-66
110000270,177,40,137
110000271,1644,331,1313
110000272,1596,1549,47
110000273,1941,1670,271
110000274,393,3286,-2893
110000275,1893,783,1110
110000276,648,806,-158
110000277,445,369,76
110000278,718,616,102
110000279,1041,845,196
110000280,1001,634,367
110000281,111,347,-236
110000282,219,24,195
110000283,25,119,-94
110000284,11,18,-7
110000285,2,844,-842
110000286,2,0,2
110000287,214,6,208
110000288,4,77,-73
110000289,716,3531,-2815
110000290,579,792,-213
110000291,3888,1122,2766
110000292,1321,7651,-6330
110000293,881,552,329
110000294,1948,1598,350
110000295,257,848,-591
110000296,810,383,427
110000297,3008,305,2703
110000298,114,530,-416
110000299,105,91,14
110000301,710,41,669
110000302,485,832,-347
110000303,778,20,758
110000304,199,188,11
110000305,2099,26,2073
110000306,306,876,-570
110000307,2573,10,2563
110000308,851,5,846
110000309,2,585,-583
110000310,1437,31,1406
110000311,22,574,-552
110000312,698,101,597
110000313,2246,2419,-173
110000314,1,175,-174
110000315,2249,2688,-439
110000316,577,1263,-686
110000317,280,1526,-1246
110000318,5,87,-82
110000319,11,45,-34
110000320,102,82,20
110000321,14,53,-39
110000322,328,364,-36
110000323,894,205,689
110000324,3083,1590,1493
110000325,1793,4765,-2972
110000327,542,495,47
110000328,179,441,-262
110000333,1398,1349,49
110000334,671,1665,-994
110000335,809,571,238
110000336,872,1246,-374
110000337,2719,817,1902
110000338,804,318,486
110000339,606,264,342
110000340,154,196,-42
110000341,943,356,587
110000342,175,4,171
110000343,0,17,-17
110000344,622,311,311
110000345,649,562,87
110000346,1727,2104,-377
110000347,2063,827,1236
110000348,17,18,-1
110000349,28,19,9
110000350,204,10,194
110000351,1917,699,1218
110000352,1059,2058,-999
110000353,3178,465,2713
110000354,1379,4852,-3473
110000355,259,70,189
110000356,1349,13,1336
110000357,835,21,814
110000361,54,24,30
110000362,182,20,162
110000363,1035,77,958
110000364,437,320,117
110000365,292,1,291
110000366,2,185,-183
110000367,601,154,447
110000368,12,86,-74
110000369,241,8,233
110000373,5,284,-279
110000374,175,26,149
110000375,154,1142,-988
110000376,37,68,-31
110000377,84,428,-344
110000378,18,533,-515
110000379,2244,3020,-776
110000380,63,12,51
110000383,1,1167,-1166
110000384,676,480,196
110000385,2,248,-246
110000387,125,8,117
110000388,79,196,-117
110000389,1551,23,1528
110000391,1383,160,1223
110000396,348,48,300
110000397,256,53,203
110000398,1,30,-29
110000399,249,2,247
110000587,279,194,85
110000589,390,157,233
110000640,278,33,245
110000652,11,717,-706
110000653,417,334,83
110000654,15,675,-660
110000656,2,217,-215
110000674,97,45,52
110000675,37,53,-16
110000676,3,104,-101
110000679,75,1301,-1226
110000682,101,311,-210
110000683,363,596,-233
110000684,4,132,-128
110000685,12,12,0
110000686,3,143,-140
110000687,33,35,-2
110000688,99,1788,-1689
110000689,68,26,42
110000692,34,321,-287
110000693,40,565,-525
110000694,0,162,-162
110000695,158,839,-681
110000696,82,76,6
110900001,471,38,433
110900002,511,554,-43
110900003,1666,239,1427
110900004,758,84,674
110900005,1663,5343,-3680
110900006,93,39,54
110900007,405,102,303
110900008,16,24,-8
110900009,557,341,216
110900010,13,24,-11
110900011,61,74,-13
110900012,30,38,-8
110900013,1753,176,1577
110900014,406,54,352
110900015,381,1167,-786
110900016,105,77,28
110900017,834,35,799
110900018,528,61,467
110900019,474,32,442
110900020,339,111,228
110900021,176,302,-126
110900022,75,131,-56
110900023,129,611,-482
110900024,21,159,-138
110900025,37,126,-89
110900027,76,140,-64
110900028,62,107,-45
110900029,14,123,-109
110900030,65,108,-43
110900031,0,121,-121
110900032,0,112,-112
110900033,64,224,-160
110900035,38,698,-660
110900036,151,17,134
110900037,136,36,100
110900038,577,198,379
110900039,14,389,-375
110900040,555,37,518
110900041,23,62,-39
110900042,194,91,103
110900043,4,64,-60
110900044,282,34,248
110900045,132,208,-76
110900046,32,92,-60
110900047,307,581,-274
110900049,203,176,27
110900050,39,5,34
110900051,54,149,-95
110900052,18,193,-175
110900053,206,29,177
110900054,71,233,-162
110900055,14,2,12
110900056,42,135,-93
110900057,15,77,-62
110900058,477,213,264
110900059,590,145,445
110900060,594,267,327
110900061,20,85,-65
110900062,277,138,139
110900063,110,174,-64
110900064,10,0,10
110900065,96,210,-114
110900066,12,53,-41
110900067,311,812,-501
110900068,355,168,187
110900069,10,13,-3
110900070,267,55,212
110900071,180,1121,-941
110900073,0,47,-47
110900074,672,152,520
110900075,746,87,659
110900077,1812,611,1201
110900078,181,15,166
110900079,1092,1991,-899
110900080,227,92,135
110900081,24,15,9
110900082,282,62,220
110900083,188,58,130
110900084,129,25,104
110900085,162,192,-30
110900086,112,419,-307
110900087,571,147,424
110900088,12,0,12
110900090,83,82,1
110900091,0,42,-42
110900093,254,192,62
110900095,138,61,77
110900097,33,27,6
110900098,44,62,-18
110900099,99,359,-260
110900100,0,16,-16
110900102,132,33,99
110900105,2428,173,2255
110900108,30,32,-2
110900111,803,256,547
110900112,1092,22,1070
110900113,392,86,306
110900115,11,76,-65
110900116,1538,773,765
110900118,84,5291,-5207
110900119,1650,175,1475
110900120,115,47,68
110900121,159,3,156
110900122,974,274,700
110900125,684,768,-84
110900127,579,1843,-1264
110900128,186,443,-257
110900129,211,1298,-1087
110900130,416,755,-339
110900131,509,309,200
110900132,731,146,585
110900133,125,350,-225
110900135,56,319,-263
110900136,723,29,694
110900137,23,1,22
110900138,550,1460,-910
110900139,2,636,-634
110900140,17,5,12
110900141,5,403,-398
110900142,97,190,-93
110900143,257,97,160
110900144,0,199,-199
110900145,326,142,184
110900146,154,454,-300
110900147,81,488,-407
110900148,1,192,-191
110900149,5,43,-38
110900150,51,25,26
110900151,23,153,-130
110900152,48,89,-41
110900153,274,95,179
111000001,647,401,246
111000002,363,420,-57
111000003,2176,1172,1004
111000004,851,839,12
111000005,1730,1942,-212
111000006,1130,2424,-1294
111000007,5480,4850,630
111000008,2883,3580,-697
111000009,397,842,-445
111000010,1565,452,1113
111000011,198,817,-619
111000012,412,567,-155
111000013,616,1054,-438
111000014,2285,613,1672
111000017,64,925,-861
111000018,149,345,-196
111000020,585,1601,-1016
111000021,91,162,-71
111000023,165,123,42
111000025,3894,5321,-1427
111000029,102,140,-38
111000030,32,103,-71
111000031,2143,1139,1004
111000032,873,399,474
111000033,353,241,112
111000034,52,211,-159
111000037,1206,454,752
111000038,2591,2276,315
111000039,1962,2485,-523
111000040,2111,1687,424
111000041,583,665,-82
111000042,2155,2412,-257
111000043,3061,6481,-3420
111000044,2201,1333,868
111000045,4106,3811,295
111000046,3354,2720,634
111000047,3975,8211,-4236
111000049,576,515,61
111000050,1131,874,257
111000051,601,849,-248
111000052,586,1373,-787
111000053,375,635,-260
111000054,408,670,-262
111000055,1611,1309,302
111000056,247,364,-117
111000057,177,443,-266
111000058,983,96,887
111000059,1138,305,833
111000060,6196,1026,5170
111000061,1145,396,749
111000062,1609,553,1056
111000063,2134,1319,815
111000064,1555,674,881
111000065,1871,1133,738
111000066,984,562,422
111000067,1201,436,765
111000068,860,706,154
111000069,1926,1784,142
111000070,804,572,232
111000071,234,347,-113
111000072,2049,863,1186
111000073,384,1711,-1327
111000074,2315,2153,162
111000075,1036,708,328
111000076,828,564,264
111000077,1615,1483,132
111000078,2513,1169,1344
111000079,1204,794,410
111000080,845,638,207
111000081,1938,5978,-4040
111000082,1243,548,695
111000084,1378,718,660
111000085,1135,973,162
111000086,2436,886,1550
111000087,1025,412,613
111000088,5229,4188,1041
111000089,1077,742,335
111000090,774,1279,-505
111000091,1023,410,613
111000092,2505,781,1724
111000093,1215,1315,-100
111000094,2360,1470,890
111000095,1106,3503,-2397
111000096,1052,10094,-9042
111000097,3296,1169,2127
111000098,458,865,-407
111000099,610,1232,-622
111000100,649,884,-235
111000101,581,843,-262
111000102,498,723,-225
111000104,1224,259,965
111000107,136,833,-697
111000109,1277,387,890
111000110,2205,840,1365
111000111,5109,565,4544
111000112,3529,668,2861
111000113,1057,2655,-1598
111000114,1454,5461,-4007
111000115,3626,1391,2235
111000116,1269,932,337
111000117,341,945,-604
111000118,1179,676,503
111000119,2029,784,1245
111000120,814,660,154
111000121,444,794,-350
111000122,747,906,-159
111000123,1353,1700,-347
111000124,633,1712,-1079
111000125,490,671,-181
111000126,180,497,-317
111000127,1815,158,1657
111000128,4229,355,3874
111000129,4716,580,4136
111000130,4056,610,3446
111000131,3917,632,3285
111000132,3225,1828,1397
111000133,438,121,317
111000134,274,95,179
111000135,104,178,-74
111000136,582,488,94
111000138,44,2,42
111000140,0,3,-3
111000141,235,378,-143
111000142,17,188,-171
111000143,0,342,-342
111000144,43,1696,-1653
111000145,164,12,152
111000146,105,29,76
111000147,164,29,135
111000148,251,78,173
111000149,23,20,3
111000150,58,3,55
111000151,3,23,-20
111000153,689,570,119
111000154,440,260,180
111000155,237,189,48
111000156,835,605,230
111000157,254,1086,-832
111000158,1033,1070,-37
111000159,4355,1443,2912
111000160,718,406,312
111000161,15,602,-587
111000162,19,112,-93
111000163,1273,855,418
111000164,596,3439,-2843
111000165,729,328,401
111000166,675,170,505
111000167,167,320,-153
111000168,347,318,29
111000169,537,431,106
111000170,422,324,98
111000171,545,660,-115
111000172,245,323,-78
111000173,334,763,-429
111000174,491,170,321
111000175,60,278,-218
111000176,638,55,583
111000177,1140,178,962
111000178,2669,277,2392
111000179,596,177,419
111000180,436,530,-94
111000181,2984,162,2822
111000182,364,162,202
111000183,341,338,3
111000184,488,242,246
111000185,680,343,337
111000186,439,263,176
111000187,274,138,136
111000188,599,353,246
111000189,479,496,-17
111000190,234,207,27
111000191,238,207,31
111000192,251,189,62
111000193,394,177,217
111000194,110,247,-137
111000195,139,260,-121
111000196,100,153,-53
111000197,881,170,711
111000198,1005,116,889
111000199,513,175,338
111000200,1045,325,720
111000201,1256,158,1098
111000202,622,210,412
111000203,671,399,272
111000204,426,1989,-1563
111000213,313,565,-252
111000214,1622,1016,606
111000215,1296,1004,292
111000217,2331,1074,1257
111000218,1961,1238,723
111000219,268,204,64
111000220,977,849,128
111000221,305,289,16
111000224,2,180,-178
111000225,458,131,327
111000226,118,4,114
111000227,18,3,15
111000228,25,961,-936
111000229,54,1786,-1732
111000230,257,160,97
111000231,1491,301,1190
111000232,1201,586,615
111000233,2020,617,1403
111000234,268,845,-577
111000239,106,70,36
111000240,104,370,-266
111000241,58,191,-133
111000242,461,67,394
111000243,303,295,8
111000244,1085,69,1016
111000245,1458,177,1281
111000246,1046,136,910
111000247,966,387,579
111000248,1106,389,717
111000249,750,275,475
111000250,88,56,32
111000251,183,95,88
111000253,32,22,10
111000255,85,13,72
111000257,133,33,100
111000260,67,751,-684
111000261,2240,138,2102
111000271,44,307,-263
111000273,3603,1251,2352
111000274,2163,3570,-1407
111000275,185,53,132
111000276,350,1014,-664
111000277,312,273,39
111000278,693,207,486
111000291,1518,14420,-12902
111000298,699,214,485
111000299,1028,226,802
111000300,99,568,-469
111000302,535,98,437
111000303,135,200,-65
111000312,40,108,-68
111000315,0,68,-68
111000320,179,328,-149
111000321,868,286,582
111000322,542,193,349
111000323,620,47,573
111000324,540,232,308
111000325,120,87,33
111000326,368,203,165
111000327,446,300,146
111000328,484,648,-164
111000329,0,33,-33
111000330,192,9,183
111000331,29,8,21
111000332,765,1297,-532
111000334,284,799,-515
111000335,1921,263,1658
111000337,2492,203,2289
111000338,104,67,37
111000339,1320,135,1185
111000340,281,296,-15
111000341,2223,948,1275
111000342,92,1046,-954
111000344,1763,701,1062
111000345,181,116,65
111000346,15,255,-240
111000347,256,15,241
111000350,353,116,237
111000351,193,318,-125
111000352,257,150,107
111000353,228,230,-2
111000354,735,255,480
111000355,381,641,-260
111000358,191,479,-288
111000360,333,170,163
111000361,229,101,128
111000546,1170,417,753
111000547,632,334,298
111000548,329,375,-46
111000549,485,242,243
111000550,66,1352,-1286
111000551,671,193,478
111000552,722,298,424
111000907,543,72,471
111000908,74,0,74
111000916,3000,213,2787
111000917,60,439,-379
111000918,397,312,85
111000920,954,26,928
111000921,8,99,-91
111000922,1106,210,896
111000924,32,392,-360
111000925,4756,2661,2095
111000926,1118,1131,-13
111000927,3488,5828,-2340
111000928,3003,1865,1138
111000929,3356,1625,1731
111000930,1169,1490,-321
111000931,2781,2983,-202
111000932,2520,1401,1119
111000933,3847,4566,-719
111000934,1652,2388,-736
111000935,3494,1294,2200
111000936,1552,1517,35
111000937,1673,1994,-321
111000938,1407,917,490
111000939,1048,39,1009
111000940,988,57,931
111000941,546,258,288
111000943,1058,439,619
111000944,249,154,95
111000945,201,718,-517
111001109,783,1262,-479
111001110,291,397,-106
111001111,158,8,150
111001112,116,63,53
111001113,0,147,-147
111001114,765,248,517
111001115,30,2055,-2025
111001116,2377,6650,-4273
111001117,469,3305,-2836
111001120,164,209,-45
111001121,186,178,8
111001122,267,145,122
111001123,448,117,331
111900001,82,80,2
111900002,110,233,-123
111900003,11,201,-190
111900004,21,44,-23
111900006,32,101,-69
111900007,357,7,350
111900008,633,9,624
111900009,405,40,365
111900010,157,366,-209
111900012,38,51,-13
111900013,21,29,-8
111900014,2556,8782,-6226
111900015,0,23,-23
111900016,0,30,-30
111900017,0,33,-33
111900018,371,36,335
111900019,2,160,-158
111900020,5,38,-33
111900021,21,117,-96
111900022,3,17,-14
111900023,42,45,-3
111900024,8,49,-41
111900025,0,48,-48
111900026,0,20,-20
111900027,0,57,-57
111900028,0,114,-114
111900029,1,31,-30
111900030,19,451,-432
111900031,55,40,15
111900032,0,87,-87
111900033,6,53,-47
111900034,104,363,-259
111900035,108,305,-197
111900036,2,70,-68
111900038,155,422,-267
111900039,51,213,-162
111900040,2,154,-152
111900042,35,63,-28
111900043,1,137,-136
111900044,92,215,-123
111900046,21,60,-39
111900048,689,279,410
111900049,26,164,-138
111900050,173,61,112
111900051,1,173,-172
111900052,150,312,-162
111900053,516,3766,-3250
111900054,361,13,348
111900055,9,232,-223
111900056,183,651,-468
111900057,267,17,250
111900058,1111,255,856
111900059,1605,1128,477
111900060,537,8,529
111900061,3,132,-129
111900062,98,161,-63
111900063,441,176,265
111900064,72,121,-49
111900065,297,57,240
111900066,317,209,108
111900067,0,258,-258
111900068,75,92,-17
111900069,124,33,91
111900070,442,75,367
111900071,0,131,-131
111900072,102,70,32
111900073,1973,284,1689
111900074,12,177,-165
111900075,192,31,161
111900076,580,141,439
111900077,77,14,63
111900078,681,138,543
111900079,101,105,-4
111900080,166,260,-94
111900081,442,332,110
111900082,308,90,218
111900083,354,42,312
111900084,385,13,372
111900085,75,132,-57
111900086,146,37,109
111900087,178,17,161
111900088,1051,31,1020
111900089,273,18,255
111900090,104,126,-22
111900091,915,23,892
111900092,288,2,286
111900093,849,15,834
111900094,308,4,304
111900095,741,50,691
111900096,585,11,574
111900097,168,1,167
111900098,594,4,590
111900099,162,1,161
111900100,268,3,265
111900101,191,50,141
111900102,1366,413,953
111900103,71,163,-92
111900104,205,113,92
111900105,279,275,4
111900106,483,35,448
111900107,55,118,-63
111900108,112,352,-240
111900109,156,813,-657
111900110,1604,310,1294
111900111,365,51,314
111900112,463,7168,-6705
111900113,267,124,143
111900114,148,76,72
111900115,8,13,-5
111900118,466,154,312
111900119,491,256,235
111900122,110,120,-10
111900123,6,45,-39
111900124,47,20,27
111900125,1059,105,954
111900126,647,11,636
111900127,1,225,-224
111900128,8,218,-210
111900129,474,31,443
111900130,337,110,227
111900131,1081,3,1078
111900132,39,434,-395
111900133,2,147,-145
111900134,25,163,-138
111900135,14,79,-65
111900136,77,226,-149
111900137,49,70,-21
111900138,45,81,-36
111900139,26,46,-20
111900140,261,32,229
111900141,152,32,120
111900142,107,29,78
111900143,107,87,20
111900144,0,21,-21
111900145,0,158,-158
111900146,2,83,-81
111900147,28,269,-241
111900148,11,352,-341
111900149,4,117,-113
111900150,25,122,-97
111900151,12,44,-32
111900152,72,145,-73
111900153,554,1341,-787
111900154,57,1017,-960
111900155,112,216,-104
111900156,169,126,43
111900157,595,34,561
111900158,1075,193,882
111900159,718,114,604
111900160,613,7,606
111900161,606,4,602
111900162,194,397,-203
111900163,62,137,-75
111900164,122,54,68
111901113,1091,63,1028
111901114,503,240,263
111901115,239,4,235
111901116,136,3,133
111901117,42,128,-86
111901118,33,816,-783
111901119,248,75,173
111901120,21,97,-76
111901121,80,66,14
111901122,7,123,-116
111901123,626,107,519
111901124,652,8,644
111901125,1041,362,679
111901126,286,233,53
111901127,328,1697,-1369
111901128,38,85,-47
111901129,0,96,-96
111901130,2,80,-78
111901131,3,167,-164
111901132,131,50,81
111901133,136,4,132
111901134,311,5,306
111901135,92,50,42
111901136,48,86,-38
111901137,2,60,-58
111901138,80,51,29
111901139,5,16,-11
111901140,7,56,-49
111901141,3,72,-69
111901142,2,65,-63
111901143,2,129,-127
111901144,64,62,2
111901145,118,467,-349
111901146,52,6,46
112000001,3230,1109,2121
112000002,982,2110,-1128
112000003,3762,1540,2222
112000004,949,422,527
112000005,5547,5228,319
112000006,980,873,107
112000007,7466,4659,2807
112000008,4509,5336,-827
112000009,3200,1639,1561
112000010,5921,7304,-1383
112000011,2033,1353,680
112000012,5946,8963,-3017
112000013,2237,5043,-2806
112000014,1584,5715,-4131
112000015,2072,4680,-2608
112000016,3811,5428,-1617
112000017,813,6320,-5507
112000024,1104,513,591
112000026,2369,2116,253
112000027,1057,800,257
112000028,741,1133,-392
112000029,1205,1255,-50
112000030,175,43,132
112000031,2328,6878,-4550
112000032,173,41,132
112000033,1699,5172,-3473
112000034,118,32,86
112000035,69,1673,-1604
112000036,367,2067,-1700
112000037,955,1853,-898
112000038,1783,2191,-408
112000039,155,57,98
112000040,74,240,-166
112000041,374,437,-63
112000042,876,363,513
112000050,1839,1670,169
112000051,1991,3616,-1625
112000054,1592,1689,-97
112000057,1119,365,754
112000058,434,568,-134
112000059,607,1229,-622
112000061,2829,1156,1673
112000062,705,2168,-1463
112000063,296,4848,-4552
112000064,2994,3853,-859
112000065,1044,2565,-1521
112000066,4523,2347,2176
112000067,522,605,-83
112000068,4472,3948,524
112000069,572,1994,-1422
112000070,2479,1157,1322
112000071,1369,1797,-428
112000072,3929,1175,2754
112000073,1659,2348,-689
112000074,1478,1524,-46
112000075,1699,1868,-169
112000076,3688,2682,1006
112000077,1474,528,946
112000078,2940,1004,1936
112000079,2853,1775,1078
112000080,1029,747,282
112000081,1286,2071,-785
112000082,1542,713,829
112000083,1084,1047,37
112000084,1692,687,1005
112000085,2242,846,1396
112000086,2482,800,1682
112000087,944,314,630
112000088,1233,323,910
112000089,506,400,106
112000090,250,217,33
112000091,924,633,291
112000092,3448,1113,2335
112000093,1910,600,1310
112000094,1146,822,324
112000095,1032,568,464
112000096,1061,621,440
112000097,2698,1037,1661
112000098,644,512,132
112000099,1174,2568,-1394
112000100,3297,810,2487
112000101,856,445,411
112000102,2667,424,2243
112000103,607,501,106
112000105,536,647,-111
112000106,3209,452,2757
112000107,31,249,-218
112000108,513,885,-372
112000109,121,78,43
112000110,2813,731,2082
112000111,541,3292,-2751
112000112,3908,643,3265
112000113,869,1127,-258
112000114,4231,1222,3009
112000115,502,355,147
112000116,869,937,-68
112000117,1444,715,729
112000118,887,722,165
112000119,512,522,-10
112000120,99,251,-152
112000121,242,233,9
112000122,539,99,440
112000123,1333,119,1214
112000124,929,102,827
112000125,509,398,111
112000126,565,170,395
112000127,2457,3974,-1517
112000128,586,955,-369
112000129,145,96,49
112000130,424,130,294
112000131,122,148,-26
112000132,371,265,106
112000133,484,142,342
112000134,838,591,247
112000135,1957,993,964
112000136,1232,1109,123
112000137,1949,2408,-459
112000138,1157,1101,56
112000139,845,1245,-400
112000140,363,1116,-753
112000141,1822,773,1049
112000142,216,390,-174
112000143,2087,279,1808
112000144,332,681,-349
112000145,3978,673,3305
112000146,686,1058,-372
112000147,3726,2215,1511
112000148,1047,1359,-312
112000149,894,558,336
112000150,548,365,183
112000151,470,210,260
112000152,1432,354,1078
112000153,195,182,13
112000154,439,535,-96
112000155,237,202,35
112000157,667,1479,-812
112000158,490,215,275
112000159,1389,288,1101
112000167,569,269,300
112000169,242,676,-434
112000173,1709,450,1259
112000175,780,279,501
112000176,1079,1738,-659
112000177,1584,491,1093
112000178,86,300,-214
112000179,512,138,374
112000180,478,294,184
112000181,1598,1096,502
112000182,3071,666,2405
112000183,37,16,21
112000184,775,266,509
112000185,1492,266,1226
112000187,5628,3761,1867
112000195,282,13,269
112000196,179,3,176
112000197,101,231,-130
112000198,36,236,-200
112000199,861,802,59
112000202,849,1,848
112000216,94,217,-123
112000230,253,9,244
112000231,2,96,-94
112000256,134,383,-249
112000313,55,50,5
112000314,81,82,-1
112000337,313,696,-383
112000352,163,477,-314
112000392,2976,1143,1833
112000398,2836,830,2006
112000399,1487,8368,-6881
112000400,1623,1212,411
112000401,1645,1164,481
112000402,6232,7322,-1090
112000403,1895,8318,-6423
112000404,2063,1690,373
112000405,4113,4248,-135
112000406,2808,1267,1541
112000407,12891,9936,2955
112000408,5812,3142,2670
112000409,1524,2155,-631
112000410,560,588,-28
112000411,2332,2467,-135
112000412,750,561,189
112000413,4662,11356,-6694
112000414,245,40,205
112000415,212,70,142
112000416,5205,1476,3729
112000417,374,113,261
112000421,91,68,23
112000422,522,216,306
112000424,1362,4828,-3466
112000425,594,363,231
112000426,293,338,-45
112000427,1,23,-22
112000428,509,176,333
112000429,2818,2650,168
112000430,3461,4793,-1332
112000431,198,202,-4
112000432,714,464,250
112000433,418,925,-507
112000437,64,93,-29
112900001,146,3,143
112900002,1234,396,838
112900003,125,153,-28
112900004,165,109,56
112900005,518,108,410
112900006,50,156,-106
112900007,102,181,-79
112900008,2,162,-160
112900009,776,278,498
112900010,993,383,610
112900011,67,205,-138
112900012,11,17,-6
112900013,6,344,-338
112900014,13,152,-139
112900015,156,617,-461
112900016,4,143,-139
112900017,97,123,-26
112900018,0,49,-49
112900019,32,243,-211
112900020,296,1037,-741
112900021,2,164,-162
112900022,28,30,-2
112900023,0,50,-50
112900024,30,134,-104
112900025,117,173,-56
112900026,7,77,-70
112900027,2,336,-334
112900028,20,72,-52
112900029,20,119,-99
112900030,81,50,31
112900031,5,190,-185
112900032,324,224,100
112900034,0,22,-22
112900035,3,135,-132
112900036,21,105,-84
112900037,357,324,33
112900038,1126,171,955
112900039,2,148,-146
112900040,9,585,-576
112900041,557,2034,-1477
112900042,133,155,-22
112900043,51,79,-28
112900044,321,314,7
112900045,158,206,-48
112900046,155,102,53
112900047,14,35,-21
112900049,565,70,495
112900050,19,624,-605
112900051,261,418,-157
112900052,28,226,-198
112900053,239,241,-2
112900054,154,81,73
112900055,112,56,56
112900056,629,349,280
112900057,16,216,-200
112900058,441,559,-118
112900059,194,487,-293
112900060,82,121,-39
112900061,187,175,12
112900062,117,94,23
112900063,69,24,45
112900064,65,229,-164
112900065,27,91,-64
112900066,369,390,-21
112900067,356,112,244
112900068,71,85,-14
112900069,1544,1786,-242
112900071,75,10,65
112900072,121,5910,-5789
112900073,586,314,272
112900074,191,517,-326
112900075,821,2268,-1447
112900076,66,39,27
112900078,442,725,-283
112900079,441,27,414
112900080,250,15,235
112900081,109,557,-448
112900082,849,76,773
112900083,266,205,61
112900084,490,417,73
112900085,2,3,-1
112900086,192,10,182
112900087,2395,296,2099
112900088,390,31,359
112900089,1348,68,1280
112900090,242,102,140
112900091,586,35,551
112900092,54,1055,-1001
112900093,1964,44,1920
112900094,189,1,188
112900095,165,2,163
112900096,967,324,643
112900097,195,257,-62
112900098,235,4,231
112900099,1585,39,1546
112900100,187,8,179
112900101,618,13,605
112900102,160,54,106
112900103,315,6,309
112900104,47,0,47
112900105,39,0,39
112900106,594,204,390
112900107,10,1,9
112900108,12,2,10
112900109,375,2,373
112900110,2528,37,2491
112900111,1186,10,1176
112900112,562,3,559
112900113,0,8,-8
112900114,473,56,417
112900115,2882,35,2847
112900116,174,39,135
112900117,89,67,22
112900118,12,160,-148
112900119,421,11,410
112900120,572,338,234
112900121,65,112,-47
112900122,10,105,-95
112900123,265,24,241
112900124,25,70,-45
112900125,38,762,-724
112900126,179,130,49
112900127,634,278,356
112900128,140,608,-468
112900129,0,520,-520
112900130,322,220,102
112900131,52,303,-251
112900132,169,308,-139
112900133,31,1036,-1005
112900134,0,271,-271
112900135,147,99,48
112900136,0,18,-18
112900137,0,412,-412
112900138,9,126,-117
112900139,87,672,-585
112900140,0,38,-38
112900141,1314,46,1268
112900142,81,432,-351
112900143,16,573,-557
112900144,1,124,-123
112900145,11,357,-346
112900146,6,555,-549
112900147,3,542,-539
112900148,108,3,105
112900149,453,517,-64
112900151,9,52,-43
112900152,3109,616,2493
112900153,607,4317,-3710
112900154,0,63,-63
112900155,300,15,285
112900156,1040,406,634
112900157,679,6,673
112900158,181,7,174
112900159,277,304,-27
112900160,36,214,-178
112900161,254,62,192
112900162,22,32,-10
112900163,39,88,-49
112900164,155,208,-53
112900165,145,50,95
112900166,24,167,-143
112900167,2,265,-263
112900168,9,2,7
112900169,9,27,-18
112900170,132,311,-179
112900172,36,29,7
112900173,208,160,48
112900174,531,88,443
112900175,140,375,-235
112900176,30,58,-28
112900177,289,131,158
112900178,902,4474,-3572
112900179,19,309,-290
112900180,3547,1623,1924
112900181,1741,7,1734
112900182,93,348,-255
112900183,121,357,-236
112900184,412,840,-428
112900185,165,959,-794
112900186,1091,1669,-578
112900187,112,690,-578
112900188,872,4297,-3425
112900189,40,14,26
112900190,11,36,-25
112900192,1026,809,217
112900193,1388,539,849
112900194,124,24,100
112900195,1262,60,1202
112900196,480,453,27
112900197,162,354,-192
112900199,1306,369,937
112900200,864,95,769
112900201,341,160,181
112900202,859,502,357
112900203,588,159,429
112900204,570,509,61
112900205,18,3,15
112900206,28,92,-64
112900207,41,0,41
112900208,101,506,-405
112900209,246,314,-68
112900210,1,27,-26
112900211,136,11,125
112900212,0,71,-71
112900213,66,15,51
112900214,25,21,4
112900215,25,54,-29
112900216,36,49,-13
112900217,8,70,-62
112900218,90,26,64
112900219,171,1,170
112900220,1,1,0
112900221,75,116,-41
112900222,6,27,-21
112900223,1597,23,1574
112900224,787,256,531
112900225,813,284,529
112900226,281,620,-339
112900227,1446,428,1018
112900228,130,87,43
112900229,647,13,634
112900230,10544,3974,6570
112900232,526,474,52
112900233,83,105,-22
112900234,72,19,53
112900235,31,21,10
112900236,866,16,850
112900237,455,53,402
112900238,19,4,15
112900239,505,759,-254
113000001,8092,6844,1248
113000002,6042,5227,815
113000003,2791,2216,575
113000004,2511,2543,-32
113000005,2628,2204,424
113000006,1655,1956,-301
113000007,3650,1896,1754
113000008,2383,2355,28
113000009,2179,808,1371
113000010,2078,1482,596
113000011,1947,1380,567
113000012,2508,1074,1434
113000013,980,644,336
113000014,1293,2013,-720
113000015,154,273,-119
113000016,438,1092,-654
113000017,144,481,-337
113000018,444,64,380
113000019,325,394,-69
113000020,460,108,352
113000021,1929,1207,722
113000022,1047,3461,-2414
113000025,207,455,-248
113000026,857,1220,-363
113000027,758,2543,-1785
113000028,799,4071,-3272
113000029,1460,1013,447
113000030,244,564,-320
113000031,188,304,-116
113000032,306,455,-149
113000033,391,532,-141
113000034,238,216,22
113000035,45,55,-10
113000036,35,114,-79
113000037,94,47,47
113000038,22,96,-74
113000039,47,244,-197
113000040,44,177,-133
113000042,976,889,87
113000051,1752,2893,-1141
113000052,3182,694,2488
113000053,958,638,320
113000054,995,835,160
113000055,2306,690,1616
113000056,2312,1399,913
113000058,605,1055,-450
113000059,1340,408,932
113000060,519,618,-99
113000061,661,926,-265
113000062,557,443,114
113000063,755,62,693
113000064,136,172,-36
113000065,185,518,-333
113000066,1499,134,1365
113000067,4053,1244,2809
113000068,736,573,163
113000069,913,502,411
113000070,4141,1086,3055
113000071,890,512,378
113000072,1807,446,1361
113000073,514,1917,-1403
113000074,1356,501,855
113000075,2418,983,1435
113000076,549,4591,-4042
113000077,852,1467,-615
113000078,484,2675,-2191
113000079,453,1162,-709
113000080,689,1446,-757
113000081,1164,1390,-226
113000082,1479,1203,276
113000083,789,996,-207
113000084,2033,1382,651
113000085,1196,864,332
113000086,1238,1593,-355
113000087,1167,1898,-731
113000088,2429,1802,627
113000089,1011,1985,-974
113000090,266,938,-672
113000091,266,695,-429
113000094,1674,401,1273
113000095,271,854,-583
113000096,185,1377,-1192
113000097,1686,784,902
113000098,259,74,185
113000099,1590,809,781
113000100,173,761,-588
113000101,240,1368,-1128
113000102,800,979,-179
113000103,3300,405,2895
113000104,827,3191,-2364
113000105,1207,814,393
113000106,540,482,58
113000107,1441,1272,169
113000108,1160,1100,60
113000109,682,1604,-922
113000110,6812,1119,5693
113000111,163,735,-572
113000112,561,454,107
113000113,1763,533,1230
113000114,314,1773,-1459
113000116,714,332,382
113000117,1411,198,1213
113000118,59,973,-914
113000119,454,504,-50
113000120,96,438,-342
113000121,556,1691,-1135
113000124,610,186,424
113000125,62,1414,-1352
113000127,2046,309,1737
113000128,2550,327,2223
113000129,545,1120,-575
113000133,3620,1022,2598
113000134,7,1843,-1836
113000135,6303,7107,-804
113000137,1149,4883,-3734
113000139,510,283,227
113000140,97,180,-83
113000141,119,290,-171
113000142,273,627,-354
113000143,387,270,117
113000144,246,395,-149
113000145,130,130,0
113000146,228,64,164
113000147,235,110,125
113000148,344,235,109
113000149,287,313,-26
113000150,674,479,195
113000151,63,40,23
113000152,31,353,-322
113000153,1837,409,1428
113000154,744,2045,-1301
113000155,521,909,-388
113000156,328,478,-150
113000157,399,619,-220
113000158,834,306,528
113000159,1316,723,593
113000160,985,528,457
113000161,650,281,369
113000162,1476,278,1198
113000163,207,53,154
113000164,42,87,-45
113000166,414,85,329
113000167,175,77,98
113000168,244,150,94
113000169,347,40,307
113000170,124,94,30
113000171,105,95,10
113000172,506,83,423
113000173,80,34,46
113000174,278,144,134
113000175,747,113,634
113000176,661,84,577
113000177,220,184,36
113000178,204,159,45
113000179,502,127,375
113000180,1320,1932,-612
113000181,1628,852,776
113000182,130,427,-297
113000183,254,788,-534
113000184,10,170,-160
113000189,319,719,-400
113000190,161,280,-119
113000192,662,9273,-8611
113000193,2135,6255,-4120
113000194,942,5536,-4594
113000195,1645,5198,-3553
113000196,397,135,262
113000197,2457,3775,-1318
113000198,183,357,-174
113000199,2534,535,1999
113000201,493,1191,-698
113000202,18601,3621,14980
113000203,132,936,-804
113000204,566,10055,-9489
113000205,35,24,11
113000206,5,110,-105
113000207,112,12,100
113000208,44,85,-41
113000209,11,24,-13
113000210,12,35,-23
113000211,77,537,-460
113000212,54,86,-32
113000213,31,146,-115
113000214,199,464,-265
113000234,452,871,-419
113000410,74,297,-223
113000411,1636,3468,-1832
113000412,5489,1768,3721
113000413,1043,3446,-2403
113000414,3861,15642,-11781
113000415,2508,1837,671
113000416,2914,2692,222
113000417,1339,2160,-821
113000418,5506,5367,139
113000419,1975,4060,-2085
113000420,3189,8394,-5205
113000421,5838,9586,-3748
113000422,10445,11571,-1126
113000423,1492,7236,-5744
113000424,2486,12252,-9766
113000425,39,85,-46
113000428,217,37,180
113000430,12,224,-212
113000432,3416,303,3113
113000433,114,708,-594
113000434,20,94,-74
113000435,16,156,-140
113000436,32,659,-627
113000437,1918,26,1892
113000438,614,27,587
113000439,32,86,-54
113000440,238,59,179
113000441,342,267,75
113000442,326,48,278
113000443,545,190,355
113000444,552,93,459
113000445,180,83,97
113000446,53,140,-87
113000448,1599,387,1212
113000449,233,1251,-1018
113000450,1995,2995,-1000
113000451,5394,391,5003
113000452,134,684,-550
113000453,68,1294,-1226
113000454,429,161,268
113000455,9,3029,-3020
113000456,2803,3472,-669
113000468,958,77,881
113000469,107,399,-292
113000470,624,30,594
113000471,8,434,-426
113000472,98,277,-179
113000474,1576,1075,501
113000475,1820,1197,623
113000476,3048,2302,746
113000477,6110,2207,3903
113000478,3346,3061,285
113000479,160,143,17
113000480,107,1084,-977
113000481,0,0,0
113000482,0,0,0
113000483,0,0,0
113000484,0,0,0
113000485,0,0,0
113000486,0,0,0
113000487,0,0,0
113000488,0,0,0
113000489,0,0,0
113000490,0,0,0
113000491,0,0,0
113000492,0,0,0
113000493,0,0,0
113000495,340,115,225
113000496,236,126,110
113000497,0,0,0
113000499,1,0,1
113000500,1,10,-9
113900001,40,3062,-3022
113900002,2,111,-109
113900003,6,302,-296
113900004,14,603,-589
113900005,9,1049,-1040
113900006,7,96,-89
113900007,93,23,70
113900008,43,0,43
113900009,98,0,98
113900010,75,0,75
113900011,174,1,173
113900012,87,1,86
113900013,126,0,126
113900014,1127,7,1120
113900015,0,38,-38
113900016,57,1,56
113900017,8,80,-72
113900018,215,315,-100
113900019,277,47,230
113900020,253,6,247
113900022,131,3,128
113900023,89,3,86
113900024,87,58,29
113900025,400,20,380
113900026,157,0,157
113900027,13,122,-109
113900028,63,199,-136
113900029,138,231,-93
113900030,461,10,451
113900031,105,16,89
113900032,84,1,83
113900033,64,59,5
113900035,80,4,76
113900036,35,125,-90
113900037,330,240,90
113900038,40,186,-146
113900039,268,71,197
113900040,45,84,-39
113900041,17,7,10
113900042,134,59,75
113900043,258,80,178
113900044,164,381,-217
113900045,144,6,138
113900046,398,1696,-1298
113900047,182,98,84
113900048,123,169,-46
113900049,196,481,-285
113900050,398,557,-159
113900051,315,275,40
113900052,149,149,0
113900053,917,1135,-218
113900054,67,5,62
113900055,179,456,-277
113900056,116,131,-15
113900057,18,59,-41
113900058,107,46,61
113900059,317,296,21
113900060,150,533,-383
113900061,722,228,494
113900062,247,34,213
113900063,250,141,109
113900064,53,67,-14
113900065,693,26,667
113900066,867,148,719
113900067,418,221,197
113900068,772,1184,-412
113900069,61,53,8
113900070,102,334,-232
113900071,128,49,79
113900072,60,86,-26
113900073,568,488,80
113900074,271,420,-149
113900075,1325,2958,-1633
113900076,218,28,190
113900077,82,208,-126
113900078,71,22,49
113900079,0,14,-14
113900080,758,227,531
113900081,127,127,0
113900082,176,252,-76
113900083,760,130,630
113900084,203,156,47
113900085,85,184,-99
113900086,96,19,77
113900087,177,166,11
113900088,157,163,-6
113900089,634,72,562
113900090,797,356,441
113900091,7,5,2
113900092,63,83,-20
113900093,123,1534,-1411
113900094,953,306,647
113900095,214,326,-112
113900096,501,128,373
113900097,57,51,6
113900098,1251,270,981
113900099,1,18,-17
113900100,0,3,-3
113900101,10,88,-78
113900102,122,191,-69
113900103,179,671,-492
113900104,138,536,-398
113900105,269,59,210
113900106,0,29,-29
113900107,17,15,2
113900108,108,370,-262
113900109,319,369,-50
113900110,65,18,47
113900111,296,95,201
113900112,309,54,255
113900113,1493,481,1012
113900114,1,15,-14
113900115,1,35,-34
113900116,35,233,-198
113900117,119,33,86
113900118,256,803,-547
113900119,128,413,-285
113900120,72,49,23
113900121,134,92,42
113900122,468,4458,-3990
113900123,726,273,453
113900124,11,107,-96
113900125,1138,174,964
113900126,172,64,108
113900127,405,1125,-720
113900128,254,65,189
113900129,4,230,-226
113900130,2,200,-198
113900131,483,79,404
113900132,32,118,-86
113900133,23,36,-13
113900135,441,469,-28
113900136,130,89,41
113900137,477,463,14
113900138,34,450,-416
113900139,357,404,-47
113900140,47,413,-366
113900141,996,285,711
113900142,228,65,163
113900143,36,86,-50
113900144,71,334,-263
113900145,440,199,241
113900146,306,81,225
113900148,104,324,-220
113900149,192,122,70
113900150,328,350,-22
113900151,610,180,430
113900152,81,84,-3
113900153,153,570,-417
113900154,0,96,-96
113900155,101,267,-166
113900156,226,330,-104
113900157,99,536,-437
113900158,158,539,-381
113900159,5,275,-270
113900160,584,351,233
113900161,164,386,-222
113900162,231,906,-675
113900163,409,281,128
113900164,533,39,494
113900165,872,463,409
113900166,82,95,-13
113900167,543,51,492
113900168,74,48,26
113900169,212,393,-181
113900171,480,113,367
113900172,33,69,-36
113900173,40,251,-211
113900174,562,574,-12
113900175,452,222,230
113900176,462,274,188
113900177,272,232,40
113900178,382,188,194
113900179,39,235,-196
113900180,186,162,24
113900181,1558,266,1292
113900182,845,549,296
113900183,103,49,54
113900184,9,289,-280
113900185,131,55,76
113900186,91,45,46
113900187,52,123,-71
113900188,27,166,-139
113900189,348,280,68
113900190,178,114,64
113900191,82,120,-38
113900192,3,1199,-1196
113900193,7,92,-85
113900194,1315,524,791
113900195,272,566,-294
113900196,3,454,-451
113900197,1,110,-109
113900198,25,716,-691
113900199,92,453,-361
113900200,26,230,-204
113900201,0,43,-43
113900202,84,137,-53
113900203,3,37,-34
113900204,27,170,-143
113900205,18,58,-40
113900206,9,93,-84
113900207,3,54,-51
113900208,0,52,-52
113900209,0,54,-54
113900210,593,824,-231
113900211,327,107,220
113900212,306,285,21
113900214,249,826,-577
113900215,90,78,12
113900216,202,522,-320
113900217,181,119,62
113900218,126,141,-15
113900219,226,1362,-1136
113900220,194,190,4
113900221,404,467,-63
113900222,180,829,-649
113900223,314,267,47
113900224,59,90,-31
113900225,708,136,572
113900226,541,118,423
113900227,545,327,218
113900228,307,769,-462
113900229,80,1455,-1375
113900230,2206,4220,-2014
113900231,232,117,115
113900232,228,37,191
113900233,118,129,-11
113900234,599,586,13
113900235,172,64,108
113900236,493,135,358
113900237,403,13,390
113900238,296,919,-623
113900239,71,229,-158
113900240,10,271,-261
113900241,56,104,-48
113900242,37,432,-395
113900243,44,237,-193
113900244,134,217,-83
113900245,697,484,213
113900246,24,53,-29
113900247,87,873,-786
113900248,2936,2485,451
113900249,439,846,-407
113900250,31,420,-389
113900251,1752,85,1667
113900252,1311,28,1283
113900253,1058,94,964
113900254,838,297,541
113900255,1071,22,1049
113900256,620,50,570
113900257,51,269,-218
113900258,34,336,-302
113900259,1152,80,1072
113900260,361,10,351
113900261,101,58,43
113900262,226,358,-132
113900263,44,309,-265
113900264,0,242,-242
113900265,195,407,-212
113900266,32,161,-129
113900267,94,1322,-1228
113900268,408,692,-284
113900269,118,176,-58
113900270,186,864,-678
113900271,878,462,416
113900273,17,20,-3
113900274,86,33,53
113900275,24,154,-130
113900276,4,113,-109
113900277,279,18,261
113900278,336,143,193
113900279,57,57,0
113900280,1679,596,1083
113900281,279,1657,-1378
113900282,417,542,-125
113900283,515,810,-295
113900284,1338,164,1174
113900285,173,95,78
113900286,157,108,49
113900287,168,56,112
113900288,2,115,-113
113900289,414,169,245
113900290,374,596,-222
113900291,101,104,-3
113900292,29,17,12
113900293,3,182,-179
113900294,715,15,700
113900295,470,669,-199
113900296,2838,422,2416
113900297,3372,57,3315
113900298,20,1502,-1482
113900299,196,19,177
113900300,6557,5561,996
113900301,745,895,-150
113900302,1507,1295,212
113900303,198,1004,-806
113900304,2,139,-137
113900305,287,1,286
113900306,195,2,193
113900307,11,0,11
113900308,83,128,-45
113900309,0,317,-317
113900310,0,6,-6
113900311,45,0,45
113900312,225,255,-30
113900313,35,9,26
114000001,1308,2839,-1531
114000002,657,323,334
114000003,122,269,-147
114000004,680,248,432
114000005,538,197,341
114000006,1526,1884,-358
114000007,907,1066,-159
114000008,1906,2777,-871
114000009,1560,429,1131
114000011,4302,2337,1965
114000012,4873,1575,3298
114000013,2912,1177,1735
114000014,782,136,646
114000015,3028,234,2794
114000016,370,131,239
114000017,129,980,-851
114000018,174,34,140
114000026,3950,1282,2668
114000027,6972,3015,3957
114000028,2934,4718,-1784
114000038,501,154,347
114000039,160,39,121
114000040,219,395,-176
114000042,257,249,8
114000043,116,37,79
114000044,535,10,525
114000045,46,36,10
114000046,2641,4864,-2223
114000047,16,79,-63
114000048,121,52,69
114000049,2301,2168,133
114000050,2329,2666,-337
114000051,3901,2945,956
114000052,4916,3528,1388
114000053,123,871,-748
114000054,256,726,-470
114000055,356,59,297
114000056,193,1398,-1205
114000057,4949,2653,2296
114000058,120,1547,-1427
114000059,45,900,-855
114000060,902,970,-68
114000061,3078,4724,-1646
114000062,592,2451,-1859
114000063,1315,1427,-112
114000064,2175,4771,-2596
114000065,1031,2421,-1390
114000066,689,1078,-389
114000067,30,1232,-1202
114000068,704,1109,-405
114000069,1322,749,573
114000070,2474,2550,-76
114000071,1080,639,441
114000072,952,220,732
114000073,40,43,-3
114000074,157,23,134
114000075,132,18,114
114000076,58,51,7
114000077,9,15,-6
114000078,610,328,282
114000079,427,22,405
114000080,108,99,9
114000081,138,105,33
114000082,87,284,-197
114000083,105,102,3
114000084,448,123,325
114000085,107,303,-196
114000086,406,165,241
114000087,323,61,262
114000088,68,35,33
114000089,545,251,294
114000090,1353,1854,-501
114000091,1467,1185,282
114000092,905,584,321
114000093,1881,734,1147
114000094,502,512,-10
114000095,413,336,77
114000096,110,306,-196
114000097,117,308,-191
114000098,845,184,661
114000099,1358,127,1231
114000100,2860,448,2412
114000101,658,353,305
114000102,1209,407,802
114000103,120,188,-68
114000104,61,176,-115
114000105,363,154,209
114000106,1000,2917,-1917
114000107,994,185,809
114000108,672,858,-186
114000109,1110,2140,-1030
114000110,637,755,-118
114000111,3325,1443,1882
114000112,456,1066,-610
114000113,1713,677,1036
114000114,608,787,-179
114000115,2679,1356,1323
114000116,1592,1468,124
114000117,6375,766,5609
114000118,5039,696,4343
114000119,3731,732,2999
114000120,925,752,173
114000121,701,859,-158
114000122,538,472,66
114000123,3508,468,3040
114000124,1836,590,1246
114000125,1378,1107,271
114000126,2994,325,2669
114000127,272,135,137
114000128,1195,279,916
114000130,497,482,15
114000131,377,186,191
114000132,837,378,459
114000133,713,1452,-739
114000134,93,53,40
114000138,67,142,-75
114000139,505,668,-163
114000144,964,1226,-262
114000145,61,90,-29
114000146,172,131,41
114000147,2032,3662,-1630
114000148,1067,2058,-991
114000149,402,458,-56
114000150,338,729,-391
114000151,681,2512,-1831
114000152,89,60,29
114000153,695,3129,-2434
114000154,940,690,250
114000155,1463,3913,-2450
114000156,832,969,-137
114000157,389,1816,-1427
114000158,1251,822,429
114000159,106,504,-398
114000160,80,796,-716
114000161,1212,4147,-2935
114000162,1858,4346,-2488
114000163,44,36,8
114000165,664,666,-2
114000166,770,813,-43
114000167,2968,1865,1103
114000168,470,383,87
114000169,1435,2063,-628
114000170,1210,1488,-278
114000171,2667,5313,-2646
114000174,165,473,-308
114000176,296,678,-382
114000177,795,490,305
114000178,52,117,-65
114000179,1103,703,400
114000180,337,401,-64
114000181,2157,7374,-5217
114000182,1415,3173,-1758
114000183,634,715,-81
114000184,518,708,-190
114000185,1886,903,983
114000189,2312,292,2020
114000190,5001,586,4415
114000191,105,425,-320
114000192,113,710,-597
114000193,265,1073,-808
114000194,1932,771,1161
114000195,487,182,305
114000196,1,94,-93
114000197,2994,14,2980
114000198,712,346,366
114000199,1513,2073,-560
114000200,582,1009,-427
114000201,254,689,-435
114000202,1193,461,732
114000203,636,648,-12
114000204,131,397,-266
114000205,167,1102,-935
114000206,1030,1344,-314
114000207,523,930,-407
114000208,652,1314,-662
114000209,593,1425,-832
114000210,215,791,-576
114000211,1613,1369,244
114000212,1147,886,261
114000213,2039,432,1607
114000214,107,105,2
114000215,308,91,217
114000216,2207,425,1782
114000217,676,249,427
114000218,322,118,204
114000219,2183,226,1957
114000220,19,510,-491
114000221,1710,234,1476
114000222,137,464,-327
114000223,843,222,621
114000224,47,405,-358
114000225,465,297,168
114000226,304,228,76
114000227,1145,579,566
114000228,1325,588,737
114000229,2170,1497,673
114000230,2314,1121,1193
114000231,1716,1895,-179
114000232,1492,198,1294
114000233,3406,149,3257
114000234,1575,645,930
114000235,1703,1288,415
114000236,0,306,-306
114000237,197,689,-492
114000238,164,269,-105
114000239,225,848,-623
114000240,1141,1367,-226
114000241,316,707,-391
114000242,773,577,196
114000243,2596,1036,1560
114000244,716,360,356
114000245,610,906,-296
114000246,116,48,68
114000247,584,590,-6
114000248,2004,711,1293
114000249,776,703,73
114000250,889,400,489
114000251,550,210,340
114000252,109,15,94
114000253,68,122,-54
114000254,74,52,22
114000255,694,322,372
114000256,634,3179,-2545
114000257,415,800,-385
114000258,440,284,156
114000259,198,309,-111
114000260,0,34,-34
114000261,46,58,-12
114000262,575,110,465
114000263,15,1,14
114000264,2202,419,1783
114000265,0,0,0
114000267,5,2286,-2281
114000268,2,516,-514
114000270,271,29,242
114000271,400,130,270
114000283,2145,325,1820
114000285,21,86,-65
114000288,192,392,-200
114000289,2489,150,2339
114000293,377,644,-267
114000294,258,346,-88
114000395,1631,27,1604
114000396,925,1231,-306
114000402,1329,230,1099
114000403,563,231,332
114000405,352,198,154
114000423,648,176,472
114000424,758,211,547
114000425,1494,216,1278
114000426,489,1034,-545
114000427,159,70,89
114000428,69,322,-253
114000429,6,120,-114
114000432,159,42,117
114000434,46,59,-13
114000435,12,45,-33
114000436,1718,575,1143
114000437,989,11073,-10084
114900001,1028,389,639
114900002,549,255,294
114900003,1311,586,725
114900004,287,686,-399
114900005,983,374,609
114900006,108,122,-14
114900007,498,34,464
114900008,449,144,305
114900010,1188,2298,-1110
114900011,443,178,265
114900013,436,189,247
114900015,188,856,-668
114900018,1222,40,1182
114900020,201,154,47
114900022,1,714,-713
114900024,308,123,185
114900025,829,165,664
114900026,101,141,-40
114900027,349,158,191
114900029,79,34,45
114900030,509,270,239
114900031,863,55,808
114900032,754,26,728
114900033,670,2170,-1500
114900034,44,50,-6
114900035,125,430,-305
114900036,286,334,-48
114900037,137,111,26
114900038,374,277,97
114900039,746,193,553
114900040,146,68,78
114900041,1534,187,1347
114900042,2069,265,1804
114900043,343,152,191
114900044,261,75,186
114900046,50,41,9
114900047,302,4813,-4511
114900048,44,173,-129
114900049,17,75,-58
114900050,137,124,13
114900051,54,226,-172
114900052,67,319,-252
114900053,110,208,-98
114900054,24,49,-25
114900057,283,20,263
114900058,0,26,-26
114900059,219,153,66
114900060,349,1056,-707
114900061,153,49,104
114900062,186,371,-185
114900063,90,57,33
114900064,3557,244,3313
114900065,782,921,-139
114900067,60,437,-377
114900068,43,70,-27
114900069,157,75,82
114900070,904,314,590
114900072,4,243,-239
114900073,1,77,-76
114900074,1342,232,1110
114900075,553,16,537
114900076,6,322,-316
114900080,1074,177,897
114900082,2510,3712,-1202
114900083,639,1247,-608
114900090,752,262,490
114900091,94,141,-47
114900095,310,77,233
114900096,336,534,-198
114900097,297,19,278
114900098,6,96,-90
114900099,376,11,365
115000001,4423,2114,2309
115000002,5536,7195,-1659
115000003,4639,1568,3071
115000004,6779,8417,-1638
115000005,2187,2408,-221
115000006,1650,2096,-446
115000007,331,278,53
115000008,627,833,-206
115000009,584,339,245
115000010,420,251,169
115000013,35,260,-225
115000015,29,310,-281
115000016,208,564,-356
115000019,52,549,-497
115000020,253,1543,-1290
115000021,302,411,-109
115000022,586,325,261
115000023,418,618,-200
115000024,1165,366,799
115000025,1294,871,423
115000026,313,293,20
115000027,590,387,203
115000028,443,653,-210
115000029,1156,91,1065
115000030,911,1165,-254
115000031,1172,412,760
115000032,7,276,-269
115000033,230,64,166
115000034,128,1349,-1221
115000035,1433,109,1324
115000036,1,526,-525
115000037,846,21,825
115000038,100,173,-73
115000039,3493,5516,-2023
115000040,4287,2761,1526
115000041,2459,5982,-3523
115000042,697,718,-21
115000043,4853,3806,1047
115000044,3768,3543,225
115000045,3325,1295,2030
115000046,4018,3595,423
115000047,3794,1951,1843
115000048,2735,1998,737
115000049,1599,3252,-1653
115000050,4689,2006,2683
115000051,2077,4861,-2784
115000052,1168,1624,-456
115000053,3267,3012,255
115000054,740,833,-93
115000055,210,989,-779
115000056,151,487,-336
115000057,695,1801,-1106
115000058,195,443,-248
115000059,316,343,-27
115000061,189,205,-16
115000062,304,503,-199
115000063,670,429,241
115000064,326,127,199
115000065,111,513,-402
115000067,317,57,260
115000069,208,378,-170
115000070,25,1542,-1517
115000071,158,41,117
115000072,6,65,-59
115000073,2118,91,2027
115000075,116,108,8
115000076,2706,2485,221
115000077,3075,1603,1472
115000078,2442,915,1527
115000079,2189,1147,1042
115000080,4539,1577,2962
115000081,402,698,-296
115000082,7055,5912,1143
115000083,2852,1211,1641
115000084,4958,1284,3674
115000085,1693,826,867
115000086,1975,762,1213
115000087,603,1838,-1235
115000088,2393,967,1426
115000089,1521,1314,207
115000090,594,1171,-577
115000091,443,557,-114
115000092,1280,813,467
115000093,876,3,873
115000094,5720,9563,-3843
115000095,4379,9316,-4937
115000096,1721,982,739
115000097,2790,1596,1194
115000098,2427,628,1799
115000099,4138,1739,2399
115000100,2180,379,1801
115000101,711,974,-263
115000102,716,292,424
115000103,382,520,-138
115000105,92,74,18
115000106,1197,615,582
115000107,334,283,51
115000108,2228,2050,178
115000109,4369,6974,-2605
115000110,1577,3092,-1515
115000111,608,1650,-1042
115000112,1175,1547,-372
115000113,686,1462,-776
115000114,1710,806,904
115000116,3445,2687,758
115000117,2560,2717,-157
115000118,2623,2431,192
115000119,1903,2363,-460
115000120,776,1704,-928
115000121,835,980,-145
115000122,1013,2058,-1045
115000123,1038,2673,-1635
115000124,953,1639,-686
115000125,512,1193,-681
115000126,182,508,-326
115000127,484,194,290
115000128,368,1012,-644
115000129,278,705,-427
115000130,635,533,102
115000131,1222,326,896
115000132,568,480,88
115000133,1062,266,796
115000134,467,528,-61
115000135,387,398,-11
115000136,291,304,-13
115000137,119,314,-195
115000138,548,268,280
115000139,288,261,27
115000140,570,237,333
115000141,397,172,225
115000142,308,124,184
115000143,1395,799,596
115000144,653,75,578
115000145,427,188,239
115000146,675,644,31
115000147,510,571,-61
115000148,504,577,-73
115000149,1074,292,782
115000150,991,514,477
115000151,2246,535,1711
115000152,1208,1087,121
115000153,2016,650,1366
115000154,1415,371,1044
115000155,992,1141,-149
115000156,1014,1259,-245
115000157,641,1467,-826
115000158,515,526,-11
115000159,562,1106,-544
115000160,725,902,-177
115000161,1322,509,813
115000162,607,1276,-669
115000163,534,869,-335
115000164,578,1107,-529
115000165,379,888,-509
115000167,105,143,-38
115000168,505,887,-382
115000169,444,1245,-801
115000170,125,171,-46
115000171,222,566,-344
115000172,965,872,93
115000173,406,1430,-1024
115000174,70,586,-516
115000175,205,170,35
115000176,119,181,-62
115000177,58,263,-205
115000178,38,265,-227
115000179,29,118,-89
115000180,169,349,-180
115000181,1417,178,1239
115000182,1649,301,1348
115000183,795,536,259
115000186,893,262,631
115000187,275,583,-308
115000188,607,798,-191
115000189,342,459,-117
115000190,867,734,133
115000191,333,670,-337
115000194,113,205,-92
115000195,242,511,-269
115000196,380,148,232
115000197,442,174,268
115000198,851,206,645
115000199,741,159,582
115000200,675,205,470
115000201,333,279,54
115000206,588,46,542
115000207,450,279,171
115000208,410,987,-577
115000209,864,584,280
115000210,166,141,25
115000211,425,323,102
115000212,1192,469,723
115000224,339,57,282
115000225,186,89,97
115000229,203,162,41
115000230,97,795,-698
115000231,492,951,-459
115000232,3612,436,3176
115000233,221,272,-51
115000234,70,277,-207
115000241,202,157,45
115000242,269,142,127
115000243,132,165,-33
115000244,11,221,-210
115000246,82,43,39
115000247,109,49,60
115000248,103,19,84
115000249,12,32,-20
115000250,459,38,421
115000251,572,93,479
115000252,132,247,-115
115000253,9,584,-575
115000258,655,89,566
115000259,369,110,259
115000261,30,14,16
115000262,20,35,-15
115000263,27,36,-9
115000264,27,27,0
115000267,105,79,26
115000268,70,123,-53
115000269,167,67,100
115000270,19,30,-11
115000272,80,119,-39
115000273,865,82,783
115000280,1807,295,1512
115000281,373,664,-291
115000282,1358,1344,14
115000284,140,233,-93
115000296,648,5,643
115000297,162,246,-84
115000298,72,532,-460
115000300,334,130,204
115000302,946,170,776
115000303,1436,79,1357
115000304,1351,67,1284
115000305,157,367,-210
115000306,262,134,128
115000307,227,162,65
115000308,11,26,-15
115000309,32,84,-52
115000310,2561,573,1988
115000311,2506,1341,1165
115000313,177,253,-76
115000314,1132,222,910
115000315,1074,1172,-98
115000316,111,227,-116
115000317,191,499,-308
115000318,1095,423,672
115000319,158,201,-43
115000320,64,608,-544
115000321,608,11,597
115000322,120,162,-42
115000449,231,280,-49
115000557,3,2612,-2609
115000558,173,137,36
115000587,867,394,473
115000588,2239,2907,-668
115000589,4626,3105,1521
115000590,807,2008,-1201
115000591,1753,1193,560
115000592,536,2212,-1676
115000593,1720,1342,378
115000594,373,3152,-2779
115000609,279,142,137
115000617,508,3252,-2744
115000624,707,53,654
115000633,436,1559,-1123
115000634,4679,1018,3661
115000635,875,150,725
115000638,307,469,-162
115000641,67,303,-236
115000642,291,259,32
115000643,167,336,-169
115000644,195,361,-166
115000646,976,2036,-1060
115000647,294,601,-307
115000648,3822,1170,2652
115000893,1888,1799,89
115000894,215,763,-548
115000895,227,846,-619
115000896,1526,573,953
115000897,626,160,466
115000898,787,517,270
115000899,303,1966,-1663
115000900,60,549,-489
115000901,90,371,-281
115000912,785,163,622
115000913,3,30,-27
115000915,18,0,18
115000916,0,0,0
115000917,0,3,-3
115000918,72,1148,-1076
115000919,7,36,-29
115000920,15,51,-36
115000921,446,100,346
115000922,434,1441,-1007
115000923,93,2187,-2094
115000925,217,170,47
115000927,80,120,-40
115000933,63,753,-690
115000934,194,216,-22
115000935,248,80,168
115000936,18,698,-680
115000937,186,136,50
115000938,5,91,-86
115000939,3,70,-67
115900001,237,10,227
115900002,94,106,-12
115900003,334,55,279
115900004,3,39,-36
115900005,396,34,362
115900006,192,121,71
115900008,149,10,139
115900009,88,340,-252
115900010,760,48,712
115900011,564,475,89
115900012,462,15,447
115900013,425,122,303
115900014,144,176,-32
115900015,353,38,315
115900016,69,62,7
115900017,30,26,4
115900018,210,47,163
115900019,358,22,336
115900020,211,4,207
115900021,1043,363,680
115900022,555,9,546
115900023,10,21,-11
115900025,108,314,-206
115900026,917,96,821
115900027,0,176,-176
115900028,449,71,378
115900029,22,278,-256
115900030,73,33,40
115900031,112,391,-279
115900032,414,761,-347
115900033,0,103,-103
115900034,22,170,-148
115900035,69,96,-27
115900036,51,2979,-2928
115900037,30,140,-110
115900038,55,41,14
115900039,300,131,169
115900041,150,1415,-1265
115900042,71,7,64
115900043,203,46,157
115900044,231,435,-204
115900046,651,165,486
115900047,173,344,-171
115900049,304,209,95
115900051,23,37,-14
115900052,9,120,-111
115900053,492,102,390
115900054,628,30,598
115900055,37,83,-46
115900056,427,151,276
115900057,15,19,-4
115900058,23,66,-43
115900060,85,321,-236
115900061,419,0,419
115900062,135,121,14
115900063,51,4,47
115900064,168,373,-205
115900065,189,125,64
115900066,95,62,33
115900067,30,112,-82
115900068,1357,1706,-349
115900069,74,263,-189
115900070,284,85,199
115900071,1,125,-124
115900072,28,134,-106
115900073,175,191,-16
115900074,6,120,-114
115900075,42,151,-109
115900076,22,35,-13
115900077,2,52,-50
115900078,70,263,-193
115900079,610,43,567
115900080,202,125,77
115900081,51,13,38
115900082,129,272,-143
115900084,1012,62,950
115900085,66,129,-63
115900086,1086,558,528
115900088,5,101,-96
115900089,757,425,332
115900090,980,8,972
115900091,19,50,-31
115900092,77,87,-10
115900093,16,29,-13
115900094,7,90,-83
115900096,35,6,29
115900097,15,166,-151
115900098,504,217,287
115900099,73,56,17
115900100,42,175,-133
115900101,393,142,251
115900102,161,99,62
115900103,583,148,435
115900104,177,109,68
115900105,568,276,292
115900106,190,7,183
115900107,143,49,94
115900108,333,11,322
115900109,26,213,-187
115900110,34,8,26
115900111,1,69,-68
115900112,48,617,-569
115900113,97,30,67
115900114,12,153,-141
115900115,110,206,-96
115900116,110,464,-354
115900117,187,21,166
115900118,3,84,-81
115900119,272,160,112
115900120,40,181,-141
115900121,395,146,249
115900124,427,1216,-789
115900125,594,111,483
115900126,1625,101,1524
115900127,1374,60,1314
115900128,12,120,-108
115900129,916,50,866
115900130,7,637,-630
115900131,713,54,659
115900132,1131,10,1121
115900134,441,6,435
115900135,496,1303,-807
115900137,34,2,32
115900139,16,253,-237
115900140,722,67,655
115900141,4,85,-81
115900142,30,59,-29
115900143,400,739,-339
115900144,294,317,-23
115900146,19,43,-24
115900147,242,376,-134
115900148,58,14,44
115900149,333,13,320
115900150,175,13,162
115900151,38,141,-103
115900152,320,211,109
115900153,225,156,69
115900154,427,612,-185
115900155,1,23,-22
115900156,1025,1210,-185
115900157,413,669,-256
115900158,18,9,9
115900159,326,149,177
115900160,3,14,-11
115900161,55,320,-265
115900163,592,247,345
115900164,1102,7,1095
115900165,5,202,-197
115900166,180,192,-12
115900168,216,108,108
115900171,195,440,-245
115900172,144,166,-22
115900173,338,126,212
115900174,180,476,-296
115900175,219,217,2
115900178,7,197,-190
115900179,636,19,617
115900180,92,45,47
115900181,327,89,238
115900182,776,68,708
115900183,25,184,-159
115900184,467,18,449
115900187,12,319,-307
115900189,1,275,-274
115900190,276,1471,-1195
115900191,29,155,-126
115900192,49,123,-74
115900193,235,211,24
115900194,1307,99,1208
115900195,448,3851,-3403
115900198,429,307,122
115900199,488,127,361
115900200,394,217,177
115900201,371,381,-10
115900202,3,110,-107
115900203,18,26,-8
115900204,0,7,-7
115900205,31,8,23
115900206,501,73,428
115900207,67,9,58
115900208,199,30,169
115900209,17,100,-83
115900210,4,177,-173
115900211,1,137,-136
115900212,316,193,123
115900213,84,215,-131
115900214,832,67,765
115900215,23,369,-346
115900216,5,52,-47
115900217,0,29,-29
115900218,5,22,-17
115900219,158,6,152
115900220,500,9,491
115900221,232,30,202
115900222,196,68,128
115900223,13,1003,-990
115900224,631,2740,-2109
115900225,53,73,-20
115900226,24,79,-55
115900227,8,100,-92
115900228,16,76,-60
115900229,2,42,-40
115900230,33,90,-57
115900231,154,6,148
115900232,127,3,124
115900233,195,8,187
115900234,124,38,86
115900235,36,56,-20
115900236,20,44,-24
115900237,38,24,14
115900238,32,10,22
115900239,22,32,-10
115900240,34,39,-5
115900241,423,56,367
115900242,439,619,-180
115900243,36,4,32
115900244,20,8,12
115900245,69,1,68
115900246,43,22,21
115900247,10,52,-42
115900248,26,7,19
115900249,40,7,33
115900250,38,17,21
115900251,3,5,-2
115900252,6,5,1
115900253,24,24,0
115900254,40,55,-15
115900255,1,33,-32
115900256,28,52,-24
115900257,8,23,-15
115900258,1,0,1
115900259,6,4,2
115900260,4,3,1
115900261,23,5,18
115900262,20,1,19
115900263,11,4,7
115900264,41,2,39
115900265,5,25,-20
115900266,3,16,-13
115900267,1,40,-39
115900268,3,22,-19
115900269,1044,149,895
115900270,691,94,597
115900271,222,1,221
115900272,33,6,27
115900273,37,47,-10
115900274,1,4,-3
115900275,2,8,-6
115900276,0,12,-12
115900277,0,51,-51
115900278,94,166,-72
115900279,59,359,-300
115900280,20,1104,-1084
115900281,165,482,-317
115900282,7,30,-23
116000001,6770,2545,4225
116000002,6226,19684,-13458
116000003,1589,1969,-380
116000004,4268,7539,-3271
116000005,1468,3477,-2009
116000006,3881,6424,-2543
116000007,1978,2189,-211
116000008,6159,4119,2040
116000009,1249,1214,35
116000010,3840,2550,1290
116000011,854,1197,-343
116000012,2742,1625,1117
116000013,4718,6094,-1376
116000014,12300,28939,-16639
116000015,172,2385,-2213
116000016,7127,7285,-158
116000017,31,977,-946
116000018,592,717,-125
116000019,1639,505,1134
116000020,880,2531,-1651
116000021,970,444,526
116000022,757,516,241
116000023,2527,1712,815
116000024,924,1332,-408
116000025,1605,1294,311
116000026,1778,4033,-2255
116000027,743,1143,-400
116000028,608,1534,-926
116000029,540,663,-123
116000030,864,1006,-142
116000031,118,251,-133
116000032,378,183,195
116000033,835,589,246
116000034,1120,999,121
116000035,624,560,64
116000036,632,5851,-5219
116000037,299,790,-491
116000038,220,2070,-1850
116000039,410,2557,-2147
116000040,717,1982,-1265
116000041,146,1592,-1446
116000042,1167,1225,-58
116000043,335,600,-265
116000044,4,23,-19
116000045,2436,1830,606
116000046,1241,2140,-899
116000047,2264,3428,-1164
116000048,3501,1763,1738
116000049,2410,3794,-1384
116000050,1976,1490,486
116000051,5898,4097,1801
116000052,5717,5331,386
116000053,3430,705,2725
116000054,1440,3189,-1749
116000055,1375,1130,245
116000056,1994,1323,671
116000057,3313,1920,1393
116000058,5100,4706,394
116000059,3323,6057,-2734
116000060,3344,1690,1654
116000061,369,1832,-1463
116000062,635,401,234
116000063,849,2799,-1950
116000066,348,963,-615
116000067,361,430,-69
116000068,214,466,-252
116000069,403,319,84
116000078,669,1471,-802
116000080,2184,780,1404
116000082,8,17,-9
116000083,2532,631,1901
116000084,1480,2411,-931
116000085,2359,2675,-316
116000086,885,543,342
116000087,4017,2688,1329
116000088,1133,1045,88
116000089,227,134,93
116000090,151,206,-55
116000091,313,667,-354
116000093,1200,641,559
116000094,1147,490,657
116000095,1464,886,578
116000096,1764,2301,-537
116000097,1635,869,766
116000098,105,11152,-11047
116000099,6151,304,5847
116000100,477,34,443
116000101,1910,602,1308
116000102,422,1011,-589
116000103,622,458,164
116000104,322,1159,-837
116000105,2081,208,1873
116000106,715,974,-259
116000107,4263,318,3945
116000108,84,360,-276
116000111,267,32,235
116000113,334,207,127
116000114,64,137,-73
116000115,681,217,464
116000116,323,278,45
116000117,2117,1802,315
116000118,2399,1134,1265
116000119,5427,2063,3364
116000120,3492,2777,715
116000121,1357,869,488
116000122,1068,1029,39
116000123,2291,635,1656
116000124,611,589,22
116000125,4935,1050,3885
116000126,338,842,-504
116000127,1065,734,331
116000128,3169,1200,1969
116000129,2133,257,1876
116000130,1284,984,300
116000133,2513,915,1598
116000134,1808,1314,494
116000135,4432,1706,2726
116000136,966,1434,-468
116000137,1753,1004,749
116000138,2437,1437,1000
116000139,2344,4366,-2022
116000140,172,263,-91
116000141,659,386,273
116000142,3976,2176,1800
116000143,2681,2155,526
116000144,2397,1763,634
116000145,3214,959,2255
116000146,1397,89,1308
116000147,355,374,-19
116000148,1139,1695,-556
116000149,1458,1317,141
116000151,678,723,-45
116000153,169,441,-272
116000155,357,508,-151
116000156,952,1227,-275
116000157,169,11,158
116000158,692,326,366
116000159,19,24,-5
116000160,70,66,4
116000161,21,99,-78
116000162,110,298,-188
116000163,79,31,48
116000164,17,46,-29
116000177,95,224,-129
116000194,104,302,-198
116000195,1679,661,1018
116000196,52,12,40
116000197,29,17,12
116000198,2699,1285,1414
116000200,928,1152,-224
116000201,753,668,85
116000202,16,221,-205
116000203,3,62,-59
116000204,9,65,-56
116000205,1,109,-108
116000206,2,89,-87
116000207,4,42,-38
116000233,248,553,-305
116000287,375,224,151
116000288,556,218,338
116000292,180,123,57
116000296,9,88,-79
116000297,84,32,52
116000304,328,29,299
116000305,21,75,-54
116000346,330,199,131
116000352,225,146,79
116000354,61,26,35
116000357,12,36,-24
116000358,699,135,564
116000361,61,6,55
116000372,4193,11028,-6835
116000381,176,0,176
116000388,2,41,-39
116000389,1235,646,589
116000445,1147,258,889
116000446,1127,336,791
116000447,15,705,-690
116000448,739,170,569
116000563,814,1143,-329
116000565,56,303,-247
116000568,98,746,-648
116000579,14,114,-100
116000584,94,7,87
116000585,66,23,43
116000586,117,224,-107
116000587,401,483,-82
116000589,88,166,-78
116000590,185,80,105
116000591,289,221,68
116000592,4,53,-49
116000593,0,34,-34
116000594,1810,246,1564
116000595,1214,133,1081
116000596,297,15,282
116000597,981,338,643
116000598,39,166,-127
116000602,31,807,-776
116000605,258,162,96
116000606,112,429,-317
116000607,4,201,-197
116000609,159,1597,-1438
116000611,338,243,95
116000612,1888,2423,-535
116000613,1088,431,657
116000614,554,243,311
116000615,1,739,-738
116000616,169,148,21
116000617,223,25,198
116000618,19,70,-51
116000619,81,114,-33
116000620,331,154,177
116000621,202,140,62
116000622,190,126,64
116000624,236,158,78
116000627,84,23,61
116000628,54,107,-53
116000629,57,148,-91
116000630,1084,16,1068
116000631,295,13,282
116000632,1035,60,975
116000633,52,198,-146
116000634,1211,32,1179
116000635,2210,3374,-1164
116000636,115,1206,-1091
116000637,13,1,12
116000638,0,20,-20
116900001,575,196,379
116900002,431,0,431
116900003,107,27,80
116900004,63,168,-105
116900005,391,52,339
116900006,96,209,-113
116900007,235,371,-136
116900008,912,149,763
116900009,22,12,10
116900010,6,765,-759
116900011,33,32,1
116900012,500,600,-100
116900013,2,139,-137
116900014,360,74,286
116900015,813,65,748
116900016,379,9,370
116900017,2,548,-546
116900018,294,91,203
116900019,8,181,-173
116900020,490,2343,-1853
116900023,99,20,79
116900024,1155,36,1119
116900025,2131,659,1472
116900026,119,543,-424
116900027,73,62,11
116900028,1,82,-81
116900029,1,171,-170
116900031,0,1,-1
116900032,2,156,-154
116900033,46,12,34
116900034,12,32,-20
116900035,181,178,3
116900036,6,147,-141
116900038,35,2,33
116900041,104,22,82
116900042,296,253,43
116900043,17,37,-20
116900045,348,118,230
116900047,19,230,-211
116900049,27,277,-250
116900050,101,299,-198
116900051,401,35,366
116900052,322,102,220
116900055,1,21,-20
116900057,35,118,-83
116900058,28,317,-289
116900059,1,115,-114
116900060,180,406,-226
116900062,0,33,-33
116900064,141,260,-119
116900065,38,120,-82
116900067,294,66,228
116900068,149,207,-58
116900070,9,5,4
116900072,58,179,-121
116900073,30,95,-65
116900074,6,42,-36
116900076,32,74,-42
116900077,4,53,-49
116900078,223,54,169
116900079,66,154,-88
116900080,23,23,0
116900081,302,760,-458
116900082,242,1068,-826
116900083,9,39,-30
116900084,56,83,-27
116900085,18,72,-54
116900086,80,225,-145
116900088,461,89,372
116900090,53,15,38
116900091,674,73,601
116900092,170,417,-247
116900093,4793,2120,2673
116900094,4213,8629,-4416
116900095,268,619,-351
116900096,131,809,-678
116900097,1767,5327,-3560
116900098,1113,781,332
116900099,390,1339,-949
116900100,1646,137,1509
116900101,224,677,-453
116900103,17,0,17
116900104,77,222,-145
116900105,445,295,150
116900106,4172,122,4050
116900107,1883,3854,-1971
116900110,47,0,47
116900111,1338,354,984
116900112,380,708,-328
116900113,1390,3015,-1625
116900116,51,2171,-2120
116900117,286,118,168
116900118,1908,1299,609
116900120,642,71,571
116900121,278,32,246
116900122,1810,330,1480
116900123,493,285,208
116900124,203,542,-339
116900125,899,166,733
116900126,123,786,-663
116900128,5,83,-78
116900129,2,242,-240
116900130,1378,6555,-5177
116900131,98,492,-394
116900132,143,164,-21
116900133,283,165,118
116900134,517,315,202
116900136,287,308,-21
116900137,362,213,149
116900138,222,135,87
116900139,180,343,-163
116900140,220,64,156
116900141,687,213,474
116900142,7,82,-75
116900143,742,197,545
116900144,85,80,5
116900145,115,196,-81
116900147,273,3190,-2917
116900148,12,64,-52
116900149,80,383,-303
116900150,30,17,13
116900151,140,86,54
116900153,197,112,85
116900154,162,750,-588
116900155,134,116,18
116900157,1148,93,1055
116900158,105,422,-317
116900159,108,855,-747
116900160,1409,1532,-123
116900161,5782,13035,-7253
116900162,33,95,-62
116900163,401,51,350
116900164,152,118,34
116900165,1011,696,315
116900166,119,53,66
116900167,753,73,680
116900168,708,89,619
116900169,352,3134,-2782
116900170,946,666,280
116900171,64,166,-102
116900172,85,729,-644
116900173,385,23,362
116900174,136,137,-1
116900175,501,853,-352
116900178,84,108,-24
116900179,86,646,-560
116900180,133,25,108
116900182,2375,517,1858
116900183,310,124,186
116900185,55,92,-37
116900186,168,142,26
116900187,43,132,-89
116900188,184,20,164
116900189,45,1,44
116900191,365,537,-172
116900192,505,171,334
116900194,207,2476,-2269
116900195,54,20,34
116900196,28,26,2
116900197,196,29,167
116900198,86,632,-546
116900200,269,4,265
116900201,320,5,315
116900202,95,22,73
116900203,208,37,171
116900204,50,235,-185
116900206,15,3,12
116900207,56,45,11
116900208,6,61,-55
116900209,28,46,-18
116900210,1105,493,612
116900211,355,6,349
116900212,149,24,125
116900213,395,187,208
116900214,420,204,216
116900215,126,85,41
116900216,427,216,211
116900218,6,313,-307
116900219,744,317,427
116900220,245,475,-230
116900221,274,389,-115
116900222,724,412,312
116900223,207,300,-93
116900226,241,65,176
116900227,277,33,244
116900228,489,174,315
116900230,110,196,-86
116900231,132,211,-79
116900232,28,225,-197
116900233,576,131,445
116900234,45,16,29
116900235,138,252,-114
116900238,844,223,621
116900239,9,1227,-1218
116900240,4747,4549,198
116900241,258,59,199
116900242,523,1426,-903
116900243,8,56,-48
116900245,83,87,-4
116900246,317,21,296
116900247,1675,99,1576
116900248,153,45,108
116900249,771,71,700
116900250,799,57,742
116900251,523,1620,-1097
116900252,296,674,-378
116900253,275,57,218
116900254,69,119,-50
116900255,262,186,76
116900256,1055,173,882
116900257,42,262,-220
116900258,23,69,-46
116900259,683,32,651
116900260,1,60,-59
116900261,173,9,164
116900262,247,173,74
116900263,1,50,-49
116900264,1,22,-21
116900265,74,1,73
116900266,28,18,10
116900267,44,1,43
116900268,292,260,32
116900269,604,1274,-670
116900271,685,658,27
116900272,582,437,145
116900273,46,612,-566
116900274,234,36,198
116900275,419,62,357
116900276,508,421,87
116900277,286,56,230
116900278,1,10,-9
116900279,1,10,-9
116900280,86,12,74
116900281,4086,8828,-4742
116900282,21,46,-25
116900283,18,58,-40
116900284,30,124,-94
116900285,220,388,-168
116900286,214,25,189
116900287,12,14,-2
116900288,205,49,156
116900289,41,1,40
116900290,35,3,32
116900291,62,10,52
116900292,0,34,-34
116900293,131,13,118
116900294,10,201,-191
116900295,150,665,-515
116900296,67,476,-409
116900297,6,177,-171
116900298,73,424,-351
116900299,63,551,-488
116900300,6,286,-280
116900301,47,1211,-1164
116900302,15,198,-183
116900303,150,267,-117
116900304,0,300,-300
116900305,27,42,-15
116900306,477,77,400
117000001,4588,4345,243
117000002,2401,3897,-1496
117000003,7993,5297,2696
117000004,2508,5808,-3300
117000005,4817,3313,1504
117000006,1233,2334,-1101
117000007,8804,1544,7260
117000008,1258,2735,-1477
117000009,5929,2289,3640
117000010,1980,2887,-907
117000011,4077,1857,2220
117000012,2058,1058,1000
117000013,3008,1174,1834
117000014,1514,2249,-735
117000015,4595,2017,2578
117000016,439,584,-145
117000017,131,1675,-1544
117000018,188,1823,-1635
117000019,69,13,56
117000020,991,4049,-3058
117000021,2490,788,1702
117000022,277,951,-674
117000023,102,993,-891
117000024,229,1797,-1568
117000025,208,5431,-5223
117000026,2290,5848,-3558
117000027,1610,5409,-3799
117000028,1524,4458,-2934
117000030,387,456,-69
117000031,468,514,-46
117000032,1623,2217,-594
117000033,2305,1583,722
117000034,434,333,101
117000035,526,709,-183
117000036,653,337,316
117000037,417,343,74
117000038,423,549,-126
117000039,501,409,92
117000040,270,813,-543
117000041,2019,128,1891
117000044,12,675,-663
117000045,1353,228,1125
117000046,442,780,-338
117000047,892,1173,-281
117000048,1723,922,801
117000049,115,798,-683
117000050,342,1305,-963
117000051,4216,67,4149
117000052,68,186,-118
117000053,1237,35,1202
117000054,2557,9,2548
117000055,5,1563,-1558
117000056,1068,25,1043
117000057,620,2187,-1567
117000060,603,1495,-892
117000061,3823,1873,1950
117000062,254,1074,-820
117000063,2863,1267,1596
117000064,605,671,-66
117000066,879,1019,-140
117000067,143,886,-743
117000074,64,274,-210
117000076,74,58,16
117000077,387,233,154
117000078,199,717,-518
117000079,735,383,352
117000080,3,564,-561
117000081,1546,246,1300
117000082,25,67,-42
117000083,179,19,160
117000084,343,4,339
117000085,740,1382,-642
117000086,1151,348,803
117000087,106,650,-544
117000088,416,220,196
117000089,3104,251,2853
117000090,500,893,-393
117000091,1826,253,1573
117000092,752,947,-195
117000093,2807,854,1953
117000094,1418,1471,-53
117000095,5379,1114,4265
117000096,959,1752,-793
117000097,3151,1495,1656
117000098,2180,3000,-820
117000099,7180,1439,5741
117000100,356,539,-183
117000101,223,706,-483
117000102,3441,899,2542
117000103,685,987,-302
117000104,2896,852,2044
117000105,822,1107,-285
117000106,3102,725,2377
117000107,816,1341,-525
117000108,4504,1324,3180
117000109,1069,1942,-873
117000110,3135,2582,553
117000111,5734,5002,732
117000112,5737,1810,3927
117000113,282,117,165
117000114,509,226,283
117000115,114,46,68
117000116,337,320,17
117000117,2556,1923,633
117000118,553,289,264
117000119,201,1273,-1072
117000120,121,3255,-3134
117000121,40,1768,-1728
117000122,1250,2427,-1177
117000123,3782,111,3671
117000124,137,258,-121
117000125,118,1274,-1156
117000126,63,31,32
117000127,181,856,-675
117000128,142,2086,-1944
117000129,122,372,-250
117000130,26,0,26
117000131,0,108,-108
117000132,6238,20,6218
117000133,3769,17,3752
117000134,0,294,-294
117000135,0,425,-425
117000136,0,73,-73
117000137,367,255,112
117000138,1,1424,-1423
117000140,505,1091,-586
117000141,3765,727,3038
117000181,491,275,216
117000182,3690,1675,2015
117000195,270,1248,-978
117000196,560,279,281
117000225,66,457,-391
117000226,8,493,-485
117000276,596,45,551
117000277,0,138,-138
117000310,1502,2254,-752
117000315,323,1180,-857
117000320,42,0,42
117000906,800,28,772
117000907,13,181,-168
117000908,1,566,-565
117000909,69,132,-63
117000910,327,228,99
117000911,90,149,-59
117000915,23,268,-245
117000916,174,11,163
117000917,2779,91,2688
117000918,318,89,229
117000919,49,48,1
117000920,4,1092,-1088
117000921,0,411,-411
117000922,51,101,-50
117000924,691,504,187
117000926,1066,764,302
117000927,391,1348,-957
117000928,0,157,-157
117000929,541,182,359
117000930,879,23,856
117000931,123,241,-118
117900002,95,1170,-1075
117900003,281,508,-227
117900005,5,340,-335
117900006,1,226,-225
117900007,277,105,172
117900008,0,25,-25
117900010,714,97,617
117900011,44,1129,-1085
117900012,154,60,94
117900013,3,189,-186
117900014,1081,210,871
117900015,30,76,-46
117900016,1181,1533,-352
117900017,1457,457,1000
117900018,599,1865,-1266
117900019,1512,210,1302
117900020,108,601,-493
117900021,59,142,-83
117900022,44,16,28
117900023,4297,165,4132
117900024,98,104,-6
117900025,44,5,39
117900026,878,159,719
117900028,90,6,84
117900029,709,547,162
117900030,930,443,487
117900031,317,980,-663
117900032,1326,862,464
117900033,891,456,435
117900034,125,24,101
117900035,371,252,119
117900036,753,274,479
117900037,349,107,242
117900038,92,152,-60
117900039,5,24,-19
117900040,248,150,98
117900041,1,49,-48
117900042,3406,473,2933
117900043,4,33,-29
117900044,40,6936,-6896
117900045,365,187,178
117900048,530,150,380
117900049,540,313,227
117900050,10,954,-944
117900051,26,13,13
117900052,105,854,-749
117900053,2827,274,2553
117900054,2,19,-17
117900055,3334,510,2824
117900056,79,194,-115
117900057,1093,988,105
117900058,16,181,-165
117900059,172,134,38
117900060,4471,2634,1837
117900061,17,741,-724
117900063,740,193,547
117900065,449,1237,-788
117900066,11,186,-175
117900067,1306,144,1162
117900069,1450,313,1137
117900070,73,445,-372
117900071,301,179,122
117900073,1186,367,819
117900074,51,1007,-956
117900075,180,85,95
117900076,58,127,-69
117900077,1051,208,843
117900078,715,1044,-329
117900080,340,47,293
117900081,289,336,-47
117900082,860,510,350
117900083,955,357,598
117900086,322,49,273
117900087,289,80,209
117900088,1382,1599,-217
117900089,3480,934,2546
117900090,915,448,467
117900091,146,71,75
117900092,198,40,158
117900093,225,72,153
117900094,104,40,64
117900095,637,646,-9
117900096,240,563,-323
117900097,412,90,322
117900098,83,22,61
117900099,323,618,-295
117900100,912,8,904
117900101,961,3480,-2519
117900102,163,43,120
117900103,137,14,123
117900104,6,405,-399
117900105,94,153,-59
117900106,227,60,167
117900107,90,2,88
117900109,1531,467,1064
117900110,226,1,225
117900111,1010,84,926
117900112,135,11,124
117900113,1550,3349,-1799
117900114,65,0,65
117900115,107,354,-247
117900116,1076,823,253
117900117,1562,186,1376
117900118,236,1,235
117900119,419,59,360
117900120,1134,165,969
117900121,162,225,-63
117900122,1243,7702,-6459
117900123,1543,445,1098
117900124,602,699,-97
117900125,1962,2131,-169
117900126,233,454,-221
117900127,861,279,582
117900128,561,282,279
117900129,144,0,144
117900130,1329,602,727
117900131,2,140,-138
117900132,18,136,-118
117900133,46,75,-29
117900134,117,248,-131
117900135,69,97,-28
117900136,0,23,-23
117900137,152,258,-106
117900138,0,7,-7
117900139,157,73,84
117900140,5158,763,4395
117900141,113,370,-257
117900142,37,696,-659
117900144,44,2182,-2138
117900145,13,266,-253
117900146,106,593,-487
117900147,145,141,4
117900148,4414,3986,428
117900149,127,145,-18
117900150,82,125,-43
117900151,64,204,-140
117900152,99,193,-94
117900153,11,259,-248
117900154,896,642,254
117900156,669,767,-98
117900157,151,565,-414
117900158,555,172,383
117900160,1046,1131,-85
117900161,1289,1371,-82
117900162,1358,566,792
117900163,27,989,-962
117900165,0,5,-5
117900166,93,858,-765
117900168,61,196,-135
117900169,4,44,-40
117900170,14,26,-12
117900171,2,19,-17
117900172,38,11,27
117900173,88,186,-98
117900174,25,88,-63
117900175,15,24,-9
117900176,26,30,-4
117900177,43,28,15
117900178,134,33,101
117900180,306,82,224
117900181,57,623,-566
117900182,2,67,-65
117900183,108,215,-107
117900184,69,128,-59
117900185,116,45,71
117900186,76,18,58
117900187,53,14,39
117900188,326,50,276
117900189,157,25,132
117900190,32,4,28
117900191,139,1,138
117900192,382,6,376
117900193,25,100,-75
117900194,10,2,8
117900195,20,242,-222
117900196,23,27,-4
117900207,100,200,-100
117900208,33,30,3
117900209,237,111,126
117900210,266,126,140
117900211,16,95,-79
117900212,197,250,-53
117900213,119,8,111
117900214,15,16,-1
117900215,32,43,-11
117900216,24,121,-97
117900217,85,480,-395
117900218,44,173,-129
117900219,4,283,-279
117900220,28,783,-755
117900222,327,140,187
117900223,112,418,-306
118000001,881,2689,-1808
118000002,579,1678,-1099
118000003,2733,6192,-3459
118000004,1670,5128,-3458
118000005,4672,5351,-679
118000006,3355,7223,-3868
118000007,6466,12185,-5719
118000008,1486,6770,-5284
118000009,2060,4781,-2721
118000010,6049,5459,590
118000011,2693,2293,400
118000012,1384,2212,-828
118000013,3016,2683,333
118000014,2262,1559,703
118000016,425,317,108
118000017,1500,656,844
118000018,594,419,175
118000019,1478,3209,-1731
118000020,931,3910,-2979
118000021,742,4490,-3748
118000022,1338,1171,167
118000023,478,486,-8
118000024,639,1582,-943
118000027,11257,11577,-320
118000029,605,1138,-533
118000032,265,3250,-2985
118000033,2803,7681,-4878
118000034,4336,5624,-1288
118000035,2561,3527,-966
118000036,1145,1770,-625
118000037,892,2191,-1299
118000038,998,160,838
118000039,128,171,-43
118000040,2329,1934,395
118000041,3896,1822,2074
118000045,392,354,38
118000046,1142,2450,-1308
118000047,715,4725,-4010
118000048,1673,5187,-3514
118000051,1131,5966,-4835
118000052,533,2836,-2303
118000053,494,1220,-726
118000054,3862,1095,2767
118000055,3101,2113,988
118000056,303,929,-626
118000057,245,485,-240
118000058,2689,6602,-3913
118000059,1874,3927,-2053
118000060,1604,877,727
118000061,1942,1479,463
118000062,646,494,152
118000063,420,1515,-1095
118000064,859,1984,-1125
118000065,2287,2246,41
118000066,1973,5572,-3599
118000067,564,676,-112
118000068,1119,12240,-11121
118000069,1561,1802,-241
118000070,7081,3419,3662
118000071,4923,13072,-8149
118000072,961,4395,-3434
118000073,652,2304,-1652
118000074,818,646,172
118000075,871,455,416
118000076,2468,8062,-5594
118000077,1510,3044,-1534
118000078,2330,4592,-2262
118000079,269,1004,-735
118000080,797,1610,-813
118000081,1819,2995,-1176
118000082,484,1950,-1466
118000083,1773,2682,-909
118000084,2719,3645,-926
118000086,200,886,-686
118000087,5021,3397,1624
118000088,1550,2204,-654
118000089,4936,4055,881
118000090,1176,4216,-3040
118000091,1538,5852,-4314
118000092,1247,959,288
118000093,128,903,-775
118000096,777,1220,-443
118000097,766,1077,-311
118000098,368,393,-25
118000099,1546,628,918
118000101,2892,462,2430
118000102,652,817,-165
118000107,3948,1047,2901
118000108,906,5388,-4482
118000110,0,42,-42
118000111,1,147,-146
118000112,1324,2,1322
118000113,12,289,-277
118000114,1176,23,1153
118000115,3,12,-9
118000116,23,0,23
118000117,808,1230,-422
118000118,1355,2849,-1494
118000119,1362,2562,-1200
118000120,1604,1836,-232
118000121,29,696,-667
118000122,768,436,332
118000123,83,351,-268
118000125,1360,1975,-615
118000126,813,2943,-2130
118000127,1701,1461,240
118000128,378,2791,-2413
118000129,2052,914,1138
118000130,2548,3355,-807
118000131,373,908,-535
118000132,3875,2978,897
118000133,1819,838,981
118000135,910,1550,-640
118000136,222,1160,-938
118000137,437,130,307
118000138,580,417,163
118000139,568,134,434
118000140,5278,11647,-6369
118000141,4410,2423,1987
118000142,3844,2271,1573
118000143,4903,2030,2873
118000144,1383,658,725
118000145,1870,1318,552
118000146,1922,574,1348
118000147,1726,1264,462
118000148,982,1614,-632
118000149,1393,693,700
118000150,937,267,670
118000151,1281,466,815
118000153,3015,1312,1703
118000154,2083,1640,443
118000155,4225,1627,2598
118000156,3372,4757,-1385
118000157,1011,572,439
118000158,404,617,-213
118000159,71,159,-88
118000160,1395,426,969
118000161,1147,354,793
118000162,2100,1250,850
118000163,1677,1308,369
118000164,2771,1898,873
118000168,728,1496,-768
118000169,1297,920,377
118000170,3778,3322,456
118000171,653,612,41
118000172,137,232,-95
118000173,1118,2191,-1073
118000175,358,474,-116
118000176,473,727,-254
118000177,597,978,-381
118000178,49,59,-10
118000179,1244,1551,-307
118000180,1246,860,386
118000181,842,326,516
118000182,406,284,122
118000183,447,309,138
118000184,1939,684,1255
118000185,1119,2885,-1766
118000186,784,1975,-1191
118000187,3354,561,2793
118000188,1134,121,1013
118000189,1256,449,807
118000190,13,7,6
118000191,31,18,13
118000192,17,151,-134
118000193,7,227,-220
118000194,2062,932,1130
118000195,253,5782,-5529
118000196,183,719,-536
118000197,99,308,-209
118000198,553,2193,-1640
118000199,407,1573,-1166
118000200,142,781,-639
118000201,267,1196,-929
118000202,54,419,-365
118000203,362,1565,-1203
118000204,79,760,-681
118000205,97,412,-315
118000206,348,406,-58
118000207,0,55,-55
118000208,1978,1925,53
118000209,3683,1230,2453
118000210,207,60,147
118000211,143,93,50
118000213,458,5967,-5509
118000214,479,1160,-681
118000215,712,111,601
118000216,8384,2362,6022
118000217,32,88,-56
118000218,164,59,105
118000219,452,339,113
118000220,16,53,-37
118000221,748,582,166
118000222,79,23,56
118000223,136,58,78
118000224,180,115,65
118000225,182,2085,-1903
118000226,1465,232,1233
118000227,1196,536,660
118000228,92,708,-616
118000229,75,629,-554
118000230,202,235,-33
118000231,65,375,-310
118000232,1385,497,888
118000233,1911,829,1082
118000234,851,235,616
118000236,464,449,15
118000237,244,383,-139
118000238,391,175,216
118000239,450,348,102
118000240,208,157,51
118000241,279,280,-1
118000242,662,293,369
118000243,434,179,255
118000244,73,68,5
118000246,3,46,-43
118000255,67,393,-326
118000256,207,226,-19
118000259,34,104,-70
118000260,360,75,285
118000261,131,30,101
118000263,178,228,-50
118000266,275,367,-92
118000267,0,457,-457
118000268,240,17,223
118000270,228,12,216
118000271,302,199,103
118000272,116,56,60
118000273,339,68,271
118000274,133,334,-201
118000276,872,341,531
118000295,22,117,-95
118000298,257,204,53
118000299,102,90,12
118000301,0,140,-140
118000302,156,43,113
118000311,1363,130,1233
118000312,594,127,467
118000313,199,74,125
118000314,178,34,144
118000315,104,12,92
118000316,1396,579,817
118000325,165,46,119
118000326,101,36,65
118000331,86,37,49
118000332,10,30,-20
118000333,27,51,-24
118000335,882,2,880
118000336,0,136,-136
118000407,398,52,346
118000457,4,147,-143
118000465,786,3875,-3089
118000480,93,87,6
118000489,5,632,-627
118000490,9,183,-174
118000492,598,226,372
118000510,59,47,12
118000514,102,1233,-1131
118000515,806,1515,-709
118000517,412,212,200
118000524,158,530,-372
118000525,663,928,-265
118000530,62,277,-215
118000531,753,262,491
118000532,483,260,223
118000533,333,181,152
118000534,1102,413,689
118000535,421,160,261
118000536,125,1001,-876
118000537,33,176,-143
118000538,33,85,-52
118000539,61,142,-81
118000540,270,261,9
118000541,140,135,5
118000542,190,546,-356
118000543,303,394,-91
118000546,141,47,94
118000560,1495,3332,-1837
118000562,68,165,-97
118000563,1637,1087,550
118000576,306,81,225
118000577,183,186,-3
118000578,97,63,34
118000579,899,2514,-1615
118000595,336,113,223
118000596,3,727,-724
118000597,155,83,72
118000598,24,2,22
118000599,140,72,68
118000600,4,28,-24
118000601,56,0,56
118000602,0,17,-17
118000603,0,8,-8
118900001,665,1682,-1017
118900002,769,1611,-842
118900003,964,20,944
118900004,73,45,28
118900005,121,12,109
118900006,326,6,320
118900007,5,0,5
118900008,1442,81,1361
118900009,102,104,-2
118900010,188,24,164
118900011,242,42,200
118900012,372,336,36
118900013,1123,624,499
118900015,514,109,405
118900016,43,12,31
118900017,39,347,-308
118900018,1758,42,1716
118900019,18,25,-7
118900020,70,263,-193
118900021,158,669,-511
118900022,261,39,222
118900023,156,203,-47
118900024,181,280,-99
118900025,86,84,2
118900026,96,39,57
118900027,539,177,362
118900028,259,192,67
118900029,385,896,-511
118900030,949,86,863
118900031,266,46,220
118900032,363,163,200
118900033,397,923,-526
118900034,275,43,232
118900035,159,90,69
118900036,1755,606,1149
118900037,395,850,-455
118900038,787,112,675
118900039,1101,157,944
118900040,395,161,234
118900041,981,304,677
118900042,228,103,125
118900045,302,231,71
118900046,649,545,104
118900047,493,565,-72
118900048,130,937,-807
118900049,90,53,37
118900050,88,12,76
118900051,84,229,-145
118900052,359,734,-375
118900053,25,124,-99
118900054,367,46,321
118900055,225,28,197
118900056,39,495,-456
118900057,1262,725,537
118900058,556,589,-33
118900059,22,156,-134
118900060,99,69,30
118900062,561,186,375
118900064,278,844,-566
118900065,81,135,-54
118900066,168,96,72
118900067,3507,6197,-2690
118900068,11,362,-351
118900069,827,228,599
118900071,7,55,-48
118900072,889,595,294
118900073,418,115,303
118900074,419,111,308
118900075,106,26,80
118900076,306,243,63
118900077,517,181,336
118900078,16,8,8
118900079,92,153,-61
118900080,69,100,-31
118900081,71,81,-10
118900082,2306,271,2035
118900083,55,8,47
118900084,34,40,-6
118900085,849,530,319
118900086,92,199,-107
118900087,134,842,-708
118900088,0,8,-8
118900089,53,39,14
118900090,785,244,541
118900091,126,417,-291
118900092,356,53,303
118900093,127,50,77
118900096,48,62,-14
118900097,405,765,-360
118900099,115,264,-149
118900100,125,429,-304
118900101,347,262,85
118900102,65,109,-44
118900103,57,270,-213
118900104,488,105,383
118900105,384,103,281
118900107,138,63,75
118900108,179,143,36
118900110,1536,1436,100
118900111,1388,419,969
118900112,233,346,-113
118900113,141,312,-171
118900114,24,276,-252
118900115,173,584,-411
118900116,96,230,-134
118900117,133,139,-6
118900118,434,270,164
118900119,278,234,44
118900120,109,463,-354
118900121,73,136,-63
118900122,15,1483,-1468
118900123,245,361,-116
118900124,171,255,-84
118900126,74,628,-554
118900129,467,372,95
118900130,38,243,-205
118900131,594,237,357
118900132,454,286,168
118900133,14,190,-176
118900135,383,166,217
118900136,315,330,-15
118900137,22,126,-104
118900139,425,215,210
118900140,848,511,337
118900141,159,84,75
118900144,241,273,-32
118900145,55,119,-64
118900146,576,643,-67
118900147,133,489,-356
118900148,124,69,55
118900150,116,860,-744
118900152,837,662,175
118900157,79,314,-235
118900158,261,41,220
118900159,4,122,-118
118900161,72,16,56
118900163,111,99,12
118900164,2,70,-68
118900165,156,86,70
118900166,43,1,42
118900167,185,76,109
118900168,36,380,-344
118900169,255,185,70
118900170,427,46,381
118900171,91,54,37
118900174,173,62,111
118900175,939,685,254
118900176,348,350,-2
118900177,173,19,154
118900178,96,114,-18
118900179,22,25,-3
118900181,177,106,71
118900182,46,128,-82
118900183,23,281,-258
118900184,401,193,208
118900185,178,85,93
118900186,94,228,-134
118900187,256,503,-247
118900188,343,322,21
118900189,53,1109,-1056
118900190,86,179,-93
118900191,479,40,439
118900192,473,8,465
118900193,1177,7,1170
118900195,221,540,-319
118900196,79,214,-135
118900197,477,30,447
118900198,38,5,33
118900199,137,22,115
118900200,50,56,-6
118900201,42,90,-48
118900202,9,48,-39
118900203,45,3,42
118900204,43,7,36
118900205,0,2,-2
118900206,18,2,16
119000001,2235,4101,-1866
119000002,4988,7174,-2186
119000003,5067,1019,4048
119000004,4000,2548,1452
119000005,3275,3751,-476
119000006,5094,2262,2832
119000007,5228,4705,523
119000008,2786,2148,638
119000009,3666,9042,-5376
119000010,4769,5153,-384
119000011,2894,4081,-1187
119000012,1473,4133,-2660
119000013,4410,3040,1370
119000014,1988,3090,-1102
119000019,514,229,285
119000020,4017,2701,1316
119000021,8594,5668,2926
119000022,1707,5605,-3898
119000023,244,296,-52
119000024,2518,25613,-23095
119000025,4621,1384,3237
119000026,89,999,-910
119000027,213,540,-327
119000028,2351,768,1583
119000029,73,504,-431
119000030,897,994,-97
119000031,1295,756,539
119000032,2739,2411,328
119000033,3241,1409,1832
119000034,1976,670,1306
119000035,86,317,-231
119000036,3849,503,3346
119000037,2228,962,1266
119000038,279,400,-121
119000039,877,490,387
119000040,1295,1165,130
119000041,937,1795,-858
119000048,2948,2134,814
119000049,4063,1974,2089
119000050,1902,1657,245
119000051,3226,1337,1889
119000052,4008,3013,995
119000053,2853,1467,1386
119000054,4920,1958,2962
119000055,8195,2743,5452
119000056,5469,2251,3218
119000057,2730,1480,1250
119000058,2630,1541,1089
119000059,1436,1443,-7
119000060,2434,1345,1089
119000061,1595,795,800
119000062,1636,1471,165
119000063,1012,608,404
119000064,1009,1036,-27
119000065,1826,4160,-2334
119000066,3095,1469,1626
119000067,2453,1550,903
119000068,2856,1118,1738
119000069,2629,1784,845
119000070,4730,821,3909
119000071,641,664,-23
119000072,6117,3668,2449
119000073,4991,12941,-7950
119000074,2452,1682,770
119000075,5493,2626,2867
119000076,245,1622,-1377
119000077,784,925,-141
119000078,712,397,315
119000079,294,953,-659
119000080,1162,194,968
119000081,427,781,-354
119000082,1336,328,1008
119000083,1108,658,450
119000084,457,503,-46
119000085,1059,128,931
119000086,482,890,-408
119000087,1087,463,624
119000088,334,163,171
119000089,127,277,-150
119000090,166,97,69
119000091,140,444,-304
119000092,522,165,357
119000093,4768,2685,2083
119000094,5792,7275,-1483
119000095,3433,4751,-1318
119000097,2108,1249,859
119000098,1905,6286,-4381
119000099,3084,1405,1679
119000100,6588,4069,2519
119000101,5005,2020,2985
119000102,624,2189,-1565
119000103,1335,990,345
119000104,1569,1085,484
119000105,1279,4269,-2990
119000106,663,712,-49
119000107,1868,862,1006
119000108,800,497,303
119000109,235,987,-752
119000110,599,836,-237
119000111,58,1227,-1169
119000112,316,265,51
119000113,1522,577,945
119000114,2515,2001,514
119000115,247,244,3
119000116,140,167,-27
119000117,326,539,-213
119000118,6,0,6
119000123,3444,5317,-1873
119000124,1504,229,1275
119000125,7639,627,7012
119000126,1510,374,1136
119000127,1423,427,996
119000128,16,0,16
119000131,1825,283,1542
119000132,3,2,1
119000133,0,14,-14
119000134,1449,744,705
119000135,280,284,-4
119000136,637,108,529
119000137,522,205,317
119000138,1445,86,1359
119000139,293,100,193
119000140,687,505,182
119000284,1260,2435,-1175
119000285,2111,1827,284
119000286,4262,3671,591
119000287,1824,1797,27
119000288,2525,1071,1454
119000289,1424,3559,-2135
119000290,301,283,18
119000291,93,256,-163
119000293,233,224,9
119000294,66,57,9
119000295,1767,299,1468
119000296,523,211,312
119000302,1826,1462,364
119000303,32,387,-355
119000314,1850,19294,-17444
119000315,0,173,-173
119000316,390,86,304
119000317,249,117,132
119900001,193,2316,-2123
119900002,288,385,-97
119900003,56,438,-382
119900004,193,3256,-3063
119900005,465,109,356
119900006,214,597,-383
119900007,1016,349,667
119900008,29,76,-47
119900009,731,440,291
119900010,1084,1058,26
119900011,35,372,-337
119900012,41,283,-242
119900013,2717,2196,521
119900014,532,267,265
119900015,513,103,410
119900016,121,83,38
119900017,73,56,17
119900018,1208,1810,-602
119900019,116,15,101
119900020,150,205,-55
119900021,366,129,237
119900022,126,1764,-1638
119900023,517,4044,-3527
119900025,590,44,546
119900026,724,215,509
119900027,39,39,0
119900028,315,243,72
119900029,6,6,0
119900030,827,522,305
119900031,133,1287,-1154
119900033,1712,417,1295
119900034,1193,70,1123
119900037,335,15,320
119900038,103,695,-592
119900039,60,47,13
119900040,155,23,132
119900041,354,20,334
119900042,134,275,-141
119900043,187,217,-30
119900044,258,1389,-1131
119900046,338,22,316
119900047,677,309,368
119900048,83,12,71
119900049,289,5,284
119900050,444,342,102
119900051,1170,16,1154
119900052,177,14,163
119900053,596,151,445
119900054,526,17,509
119900055,2319,566,1753
119900057,432,31,401
119900058,744,21,723
119900059,209,59,150
119900060,592,78,514
119900062,192,11,181
119900063,31,86,-55
119900064,1234,122,1112
119900065,380,15,365
119900066,1,0,1
119900067,268,29,239
119900068,1035,5,1030
119900069,219,10,209
119900070,1492,10,1482
119900071,1561,91,1470
119900073,1391,504,887
119900074,23,46,-23
119900075,2170,2390,-220
119900076,1334,247,1087
119900077,1845,430,1415
119900078,1228,883,345
119900079,1051,119,932
119900080,2666,991,1675
119900081,1561,1062,499
119900082,2691,331,2360
119900083,499,95,404
119900084,722,726,-4
119900085,95,52,43
119900087,504,1096,-592
119900088,29,22,7
119900089,115,195,-80
119900090,98,39,59
119900091,70,282,-212
119900092,47,328,-281
119900093,2670,311,2359
119900094,68,173,-105
119900095,181,136,45
119900096,23,89,-66
119900097,303,277,26
119900098,84,57,27
119900099,25,164,-139
119900100,596,3525,-2929
119900101,186,2375,-2189
119900102,96,155,-59
119900103,121,182,-61
119900104,48,149,-101
119900105,1230,5040,-3810
119900106,15,119,-104
119900107,271,1331,-1060
119900108,5639,812,4827
119900109,60,113,-53
119900110,1246,385,861
119900111,246,103,143
119900112,721,960,-239
119900113,90,286,-196
119900114,487,619,-132
119900115,714,415,299
119900116,238,518,-280
119900117,657,380,277
119900118,260,249,11
119900119,612,136,476
119900120,676,408,268
119900121,797,377,420
119900122,153,181,-28
119900123,220,477,-257
119900124,369,366,3
119900125,60,306,-246
119900126,3093,294,2799
119900127,983,607,376
119900128,683,452,231
119900129,601,239,362
119900130,20,169,-149
119900131,49,104,-55
119900132,0,92,-92
119900133,219,125,94
119900134,681,116,565
119900135,1,175,-174
119900136,168,243,-75
119900138,283,513,-230
119900139,17,258,-241
119900140,1,209,-208
119900141,69,1238,-1169
119900142,23,43,-20
119900143,57,367,-310
119900144,1249,257,992
119900145,179,217,-38
119900146,219,236,-17
119900147,2,222,-220
119900148,617,57,560
119900149,668,8047,-7379
119900150,168,129,39
119900151,1793,1214,579
119900152,350,183,167
119900153,365,100,265
119900154,35,97,-62
119900155,92,27,65
119900156,19,12,7
119900157,323,170,153
119900158,370,85,285
119900159,20,397,-377
119900160,64,119,-55
119900161,193,127,66
119900162,1583,1102,481
119900163,222,189,33
119900164,0,2,-2
119900165,340,106,234
119900166,130,63,67
119900167,11,72,-61
119900168,1849,466,1383
119900169,72,385,-313
119900170,148,338,-190
119900171,1236,475,761
119900172,97,54,43
119900173,21,127,-106
119900174,4,126,-122
119900175,2693,483,2210
119900177,35,113,-78
119900178,19,102,-83
119900179,278,1141,-863
119900180,1555,1051,504
119900181,24,165,-141
119900182,12,153,-141
119900183,166,657,-491
119900184,826,519,307
119900185,127,406,-279
119900186,20,2195,-2175
119900187,21,224,-203
119900188,219,297,-78
119900189,235,491,-256
119900190,149,571,-422
119900191,293,677,-384
119900192,81,210,-129
119900193,948,178,770
119900194,57,127,-70
119900195,50,157,-107
119900196,399,158,241
119900197,605,276,329
119900198,323,314,9
119900199,238,46,192
119900200,1157,680,477
119900201,295,194,101
119900202,185,411,-226
119900203,259,939,-680
119900204,516,375,141
119900205,1682,341,1341
119900206,523,135,388
119900208,160,262,-102
119900209,947,2943,-1996
119900210,94,41,53
119900211,136,20,116
119900212,576,367,209
119900213,6,108,-102
119900214,152,35,117
119900215,91,29,62
119900216,36,30,6
119900217,40,25,15
119900218,46,188,-142
119900219,19,81,-62
119900220,13,26,-13
119900221,111,97,14
119900222,47,89,-42
119900223,21,43,-22
119900224,25,12,13
119900225,414,55,359
119900226,289,2547,-2258
119900227,386,287,99
119900228,48,312,-264
119900229,225,421,-196
119900230,1345,299,1046
119900231,556,130,426
119900232,314,203,111
119900233,112,20,92
119900234,18,272,-254
119900235,9,85,-76
119900236,39,210,-171
119900237,98,993,-895
119900238,1,114,-113
119900240,135,117,18
119900241,293,185,108
119900242,2201,1887,314
119900244,733,1230,-497
119900245,312,273,39
119900246,282,825,-543
119900247,37,117,-80
119900248,63,599,-536
119900249,519,183,336
119900253,1304,476,828
119900254,85,1950,-1865
119900255,286,1598,-1312
119900256,1725,370,1355
119900257,191,1,190
119900258,518,22,496
119900259,10,54,-44
119900260,463,15,448
119900261,860,385,475
119900262,3,110,-107
119900263,2437,366,2071
119900264,289,89,200
119900265,959,286,673
119900266,795,237,558
119900267,278,368,-90
119900268,267,91,176
119900269,2326,624,1702
119900271,61,152,-91
119900272,308,572,-264
119900275,149,1,148
119900276,89,4,85
119900277,16,8,8
119900278,568,137,431
119900279,185,437,-252
119900280,635,147,488
119900281,2,523,-521
119900282,82,227,-145
119900283,29,118,-89
119900284,80,174,-94
119900285,101,509,-408
119900286,45,87,-42
119900288,7,5,2
119900289,0,2,-2
119900290,4,0,4
119900291,1,75,-74
119900292,72,62,10
119900293,73,14,59
119900294,37,2,35
119900295,24,0,24
119900296,191,26,165
119900299,138,131,7
119900300,543,360,183
119900301,102,243,-141
119900302,116,226,-110
119900303,641,402,239
119900304,412,33,379
119900305,13,93,-80
119900306,49,4,45
119900307,103,69,34
119900308,11,18,-7
119900309,65,395,-330
119900310,512,368,144
119900311,271,77,194
119900312,249,97,152
119900313,381,232,149
119900314,345,611,-266
119900315,3551,1199,2352
119900318,25,129,-104
119900319,100,190,-90
119900320,432,355,77
119900321,246,13,233
119900322,14,56,-42
119900323,1,79,-78
119900324,2,19,-17
119900325,10,69,-59
119900326,1,6,-5
120000001,11698,38705,-27007
120000002,3584,3067,517
120000003,2959,1635,1324
120000004,3513,1472,2041
120000005,2821,1867,954
120000006,1715,1277,438
120000007,3248,6483,-3235
120000008,1181,1532,-351
120000009,1782,1077,705
120000010,2964,2991,-27
120000011,1470,1589,-119
120000012,2184,2444,-260
120000013,5218,3484,1734
120000014,1062,1637,-575
120000015,3681,1948,1733
120000016,6122,2970,3152
120000017,7383,5191,2192
120000018,4457,24389,-19932
120000019,1675,2404,-729
120000020,3643,5582,-1939
120000021,2576,3530,-954
120000022,3694,5383,-1689
120000023,2132,2321,-189
120000024,1741,3225,-1484
120000025,4398,2205,2193
120000026,5285,2708,2577
120000027,3887,3133,754
120000028,1382,4128,-2746
120000029,1305,3522,-2217
120000030,295,1256,-961
120000031,3044,7753,-4709
120000032,5503,3825,1678
120000033,5495,1855,3640
120000034,4032,1190,2842
120000035,4970,2344,2626
120000036,5206,7611,-2405
120000037,929,2839,-1910
120000038,5568,4950,618
120000039,1102,1614,-512
120000040,136,2104,-1968
120000041,755,1862,-1107
120000042,3028,1739,1289
120000043,7399,1142,6257
120000044,9544,2042,7502
120000045,12334,1115,11219
120000046,7618,5361,2257
120000047,617,15414,-14797
120000048,9763,6102,3661
120000049,5240,4318,922
120000050,4954,6245,-1291
120000051,3051,5640,-2589
120000052,8176,1694,6482
120000053,2005,1829,176
120000054,1858,3091,-1233
120000055,2126,3748,-1622
120000056,6746,4854,1892
120000057,6177,2476,3701
120000058,1868,2649,-781
120000059,38,2445,-2407
120000061,134,723,-589
120000062,211,487,-276
120000063,873,2202,-1329
120000064,390,759,-369
120000065,466,1323,-857
120000066,389,589,-200
120000067,28,376,-348
120000068,289,349,-60
120000069,879,500,379
120000070,174,420,-246
120000071,1241,71,1170
120000072,1576,424,1152
120000073,1653,157,1496
120000074,138,206,-68
120000075,1849,775,1074
120000076,3976,611,3365
120000077,4156,855,3301
120000078,4008,1701,2307
120000079,445,273,172
120000080,243,412,-169
120000081,480,246,234
120000082,540,348,192
120000083,116,1136,-1020
120000084,406,602,-196
120000085,376,762,-386
120000086,321,370,-49
120000087,472,411,61
120000088,1200,1071,129
120000089,1634,505,1129
120000090,1483,553,930
120000091,2002,935,1067
120000092,2036,615,1421
120000093,1403,705,698
120000094,480,1413,-933
120000095,1462,395,1067
120000096,615,479,136
120000098,1691,527,1164
120000099,749,600,149
120000100,1216,834,382
120000101,1224,703,521
120000102,1364,1579,-215
120000103,2414,1458,956
120000104,3691,704,2987
120000105,5109,735,4374
120000106,4991,745,4246
120000107,8624,789,7835
120000108,3152,194,2958
120000109,2003,84,1919
120000110,92,728,-636
120000111,144,618,-474
120000112,797,1653,-856
120000113,712,1310,-598
120000114,703,1517,-814
120000115,376,1423,-1047
120000116,723,1523,-800
120000117,607,1140,-533
120000118,53,90,-37
120000119,29,68,-39
120000120,254,271,-17
120000121,29,60,-31
120000122,274,1208,-934
120000123,2827,13743,-10916
120000124,777,611,166
120000125,1617,640,977
120000126,609,2416,-1807
120000127,1497,2862,-1365
120000128,2903,7232,-4329
120000129,295,287,8
120000130,1287,776,511
120000131,800,934,-134
120000134,521,338,183
120000135,1726,711,1015
120000137,511,343,168
120000138,2882,242,2640
120000139,491,242,249
120000140,2207,260,1947
120000141,542,384,158
120000142,1480,531,949
120000143,3,79,-76
120000144,305,10,295
120000145,1145,8,1137
120000146,1332,2386,-1054
120000149,917,811,106
120000150,2225,16761,-14536
120000151,718,486,232
120000152,1398,138,1260
120000153,1105,594,511
120000154,1023,912,111
120000155,315,509,-194
120000156,432,3422,-2990
120000157,1500,585,915
120000158,1778,750,1028
120000159,2321,2242,79
120000160,3206,2577,629
120000161,4834,3104,1730
120000162,237,445,-208
120000163,1348,655,693
120000164,1335,199,1136
120000165,1321,484,837
120000166,2465,370,2095
120000167,596,517,79
120000168,28,1859,-1831
120000169,199,4139,-3940
120000170,37,4571,-4534
120000171,40,2046,-2006
120000172,18,1134,-1116
120000173,316,4885,-4569
120000174,35,140,-105
120000175,68,144,-76
120000176,33,128,-95
120000177,1039,189,850
120000178,13,64,-51
120000179,44,129,-85
120000180,132,107,25
120000181,185,3082,-2897
120000182,122,1584,-1462
120000183,12,513,-501
120000184,470,2286,-1816
120000186,85,3821,-3736
120000187,32,1720,-1688
120000188,30,1739,-1709
120000190,113,162,-49
120000191,147,189,-42
120000192,162,40,122
120000193,67,10,57
120000195,22,5,17
120000196,84,15,69
120000197,13,28,-15
120000198,492,32,460
120000199,694,2,692
120000200,512,2,510
120000201,77,132,-55
120000202,3,76,-73
120000203,210,137,73
120000207,0,35,-35
120000208,25,70,-45
120000209,14,49,-35
120000210,88,53,35
120000211,526,14,512
120000212,588,1,587
120000213,471,123,348
120000214,1,136,-135
120000215,8,112,-104
120000216,474,40,434
120000217,396,1132,-736
120000218,60,593,-533
120000219,8,373,-365
120000220,2,913,-911
120000225,4153,16,4137
120000226,903,9,894
120000227,1665,267,1398
120000228,19539,7527,12012
120000230,871,40,831
120000231,3206,969,2237
120000233,890,2,888
120000235,534,401,133
120000236,2191,1,2190
120000237,2,868,-866
120000238,6,2349,-2343
120000241,1851,6693,-4842
120000412,435,29,406
120000413,826,146,680
120000414,409,4,405
120000415,1,23,-22
120000416,151,6,145
120000417,7,127,-120
120000418,528,30,498
120000419,21,128,-107
120000420,31,11,20
120000421,8850,5177,3673
120000422,205,3088,-2883
120000423,5,121,-116
120000424,395,84,311
120000436,160,1489,-1329
120000437,102,190,-88
120000438,1988,331,1657
120000439,487,1002,-515
120000443,228,3,225
120000444,2573,423,2150
120000445,3358,1590,1768
120000446,1755,181,1574
120000447,583,1,582
120000449,424,4,420
120000450,7,113,-106
120000451,268,209,59
120000452,413,3,410
120000453,0,56,-56
120000454,59,96,-37
120000455,161,81,80
120000456,3748,8001,-4253
120000457,598,509,89
120000458,558,495,63
120000459,286,145,141
120000665,330,561,-231
120000668,204,3949,-3745
120000669,353,178,175
120000670,109,2230,-2121
120000671,4343,1192,3151
120000672,85,471,-386
120900001,125,75,50
120900002,153,1220,-1067
120900003,352,54,298
120900004,29,318,-289
120900005,77,374,-297
120900006,1318,349,969
120900007,412,112,300
120900008,729,596,133
120900009,333,33,300
120900010,1122,336,786
120900011,89,422,-333
120900012,73,2046,-1973
120900013,631,220,411
120900014,0,477,-477
120900015,1521,307,1214
120900016,2606,119,2487
120900017,2041,83,1958
120900018,342,267,75
120900019,876,742,134
120900020,723,1507,-784
120900021,1055,350,705
120900022,23,294,-271
120900023,617,98,519
120900024,2551,638,1913
120900025,1424,1550,-126
120900026,191,301,-110
120900027,1259,42,1217
120900028,1036,297,739
120900029,109,1495,-1386
120900030,4194,1073,3121
120900031,649,234,415
120900032,2327,111,2216
120900033,2302,178,2124
120900034,33,5247,-5214
120900035,141,131,10
120900037,610,22,588
120900038,287,825,-538
120900039,248,138,110
120900040,809,21,788
120900041,39,34,5
120900042,1263,62,1201
120900043,165,60,105
120900044,11,669,-658
120900045,147,60,87
120900046,1489,7,1482
120900047,401,344,57
120900048,403,87,316
120900049,1164,6,1158
120900050,1399,4244,-2845
120900051,567,123,444
120900052,1564,14,1550
120900053,872,57,815
120900054,1159,391,768
120900055,1067,7,1060
120900056,1692,77,1615
120900057,522,61,461
120900058,1356,6,1350
120900059,305,5,300
120900060,128,29,99
120900061,306,180,126
120900062,644,7,637
120900063,2093,22,2071
120900064,1357,2,1355
120900065,1373,8,1365
120900066,1221,367,854
120900067,492,175,317
120900068,774,2,772
120900069,758,22,736
120900071,57,3,54
120900072,2153,30,2123
120900073,1756,75,1681
120900074,2020,59,1961
120900076,803,1,802
120900077,1722,321,1401
120900078,1673,454,1219
120900079,2298,135,2163
120900080,2003,527,1476
120900081,2524,499,2025
120900082,462,619,-157
120900083,140,3,137
120900084,932,886,46
120900085,97,163,-66
120900086,94,997,-903
120900087,776,506,270
120900088,369,1339,-970
120900089,1749,5966,-4217
120900090,512,18,494
120900091,550,1380,-830
120900092,382,315,67
120900093,1277,157,1120
120900094,255,209,46
120900095,482,35,447
120900096,129,218,-89
120900097,943,543,400
120900098,121,178,-57
120900099,115,64,51
120900100,104,317,-213
120900101,203,186,17
120900102,146,70,76
120900103,220,280,-60
120900104,12,62,-50
120900105,49,353,-304
120900106,526,246,280
120900107,178,141,37
120900108,27,248,-221
120900109,44,253,-209
120900110,29,322,-293
120900111,231,352,-121
120900112,63,342,-279
120900113,27,301,-274
120900114,89,179,-90
120900115,245,318,-73
120900116,979,193,786
120900117,20,152,-132
120900118,44,309,-265
120900119,15866,4277,11589
120900120,129,471,-342
120900121,50,296,-246
120900122,1646,197,1449
120900123,20,159,-139
120900124,1,185,-184
120900125,19,472,-453
120900126,769,582,187
120900127,32,230,-198
120900128,544,951,-407
120900129,25,162,-137
120900130,8,254,-246
120900131,311,189,122
120900132,2116,191,1925
120900133,60,375,-315
120900134,230,233,-3
120900135,7,329,-322
120900136,114,225,-111
120900137,729,140,589
120900138,19,174,-155
120900139,2,325,-323
120900140,11,334,-323
120900141,647,214,433
120900142,37,137,-100
120900143,2,305,-303
120900144,1,48,-47
120900145,279,686,-407
120900146,0,322,-322
120900147,2,369,-367
120900148,249,110,139
120900149,18,148,-130
120900150,143,239,-96
120900151,2,201,-199
120900152,27,11,16
120900153,1,0,1
120900154,2,112,-110
120900155,397,319,78
120900156,240,259,-19
120900157,1,2,-1
120900158,106,223,-117
120900159,2,29,-27
120900160,57,437,-380
120900161,172,370,-198
120900162,186,799,-613
120900163,660,2487,-1827
120900164,0,89,-89
120900165,0,300,-300
120900166,58,1375,-1317
120900167,298,146,152
120900169,212,192,20
120900170,397,7003,-6606
120900171,400,208,192
120900172,172,4218,-4046
120900173,16,23,-7
120900174,20,136,-116
120900175,173,128,45
120900176,39,602,-563
120900177,3,2803,-2800
120900178,1,1407,-1406
120900179,259,298,-39
120900180,63,319,-256
120900181,93,69,24
120900182,52,155,-103
120900183,1490,142,1348
120900184,691,137,554
120900185,1053,2196,-1143
120900186,4,163,-159
120900187,982,1170,-188
120900188,477,23,454
120900189,160,5853,-5693
120900190,347,6,341
120900191,86,13,73
120900192,5777,21886,-16109
120900194,188,194,-6
120900195,167,232,-65
120900196,1008,95,913
120900197,1223,293,930
120900198,202,432,-230
120900199,677,1536,-859
120900200,49,178,-129
120900201,366,129,237
120900202,0,86,-86
120900203,42,103,-61
120900204,99,244,-145
120900205,131,60,71
120900206,103,79,24
121000001,699,2705,-2006
121000002,3283,2916,367
121000003,6180,2623,3557
121000004,3293,4760,-1467
121000005,2388,3422,-1034
121000006,5163,4579,584
121000007,3241,9407,-6166
121000008,5909,9596,-3687
121000009,5633,12404,-6771
121000010,8529,11533,-3004
121000011,9415,16976,-7561
121000012,17050,11892,5158
121000013,8480,10358,-1878
121000014,7874,6717,1157
121000015,7121,12255,-5134
121000016,5546,6087,-541
121000017,3597,2531,1066
121000018,5557,2472,3085
121000019,9832,9924,-92
121000020,14084,20507,-6423
121000021,2866,2488,378
121000022,4289,4685,-396
121000023,3659,1705,1954
121000024,7012,6950,62
121000025,586,1928,-1342
121000026,585,259,326
121000027,2342,1985,357
121000028,1304,1304,0
121000029,1248,878,370
121000030,1169,787,382
121000031,666,1103,-437
121000032,258,241,17
121000034,537,662,-125
121000035,245,307,-62
121000036,1203,1828,-625
121000037,935,2451,-1516
121000038,507,1793,-1286
121000039,371,718,-347
121000041,755,876,-121
121000042,350,602,-252
121000043,681,1149,-468
121000044,2016,2027,-11
121000045,648,322,326
121000046,1307,1310,-3
121000047,97,127,-30
121000049,1403,1015,388
121000050,417,3383,-2966
121000051,936,510,426
121000052,829,2102,-1273
121000053,454,269,185
121000054,76,720,-644
121000055,1223,5251,-4028
121000056,1333,2085,-752
121000057,339,947,-608
121000058,303,327,-24
121000059,4802,2032,2770
121000060,856,1961,-1105
121000061,118,656,-538
121000062,271,1022,-751
121000063,1281,1807,-526
121000064,1054,1639,-585
121000065,263,1591,-1328
121000066,953,2307,-1354
121000067,517,1404,-887
121000068,760,935,-175
121000069,181,2164,-1983
121000070,1855,2112,-257
121000071,2340,2832,-492
121000072,1983,1721,262
121000073,1608,2601,-993
121000074,138,460,-322
121000075,35,355,-320
121000076,457,512,-55
121000077,240,209,31
121000078,98,340,-242
121000080,2873,1047,1826
121000081,6151,5651,500
121000082,161,588,-427
121000083,107,245,-138
121000084,239,388,-149
121000085,574,677,-103
121000086,1893,855,1038
121000087,134,551,-417
121000088,1066,1018,48
121000089,251,1477,-1226
121000090,312,980,-668
121000091,1822,1552,270
121000092,338,93,245
121000093,353,321,32
121000094,501,1352,-851
121000095,212,1798,-1586
121000096,8235,4594,3641
121000097,699,5482,-4783
121000098,945,631,314
121000099,1120,762,358
121000100,1281,190,1091
121000101,585,312,273
121000102,498,165,333
121000103,397,152,245
121000104,398,95,303
121000105,705,158,547
121000106,581,294,287
121000107,2555,3967,-1412
121000109,1650,1290,360
121000110,298,1058,-760
121000114,6970,3692,3278
121000115,6650,1324,5326
121000116,500,2068,-1568
121000117,418,454,-36
121000118,2265,403,1862
121000119,485,403,82
121000120,872,476,396
121000121,734,2772,-2038
121000123,1475,734,741
121000126,66,700,-634
121000127,265,195,70
121000128,1436,267,1169
121000129,1306,438,868
121000130,932,784,148
121000131,1529,1339,190
121000132,921,1773,-852
121000135,458,839,-381
121000136,1232,2180,-948
121000137,1257,604,653
121000138,794,2553,-1759
121000139,388,934,-546
121000141,339,452,-113
121000142,716,1007,-291
121000143,240,29,211
121000144,639,1448,-809
121000145,1054,1461,-407
121000146,1744,2314,-570
121000147,1530,1126,404
121000148,1325,1268,57
121000149,3229,4635,-1406
121000152,502,380,122
121000153,2265,762,1503
121000154,2330,791,1539
121000155,3804,1784,2020
121000156,645,1575,-930
121000157,1132,1789,-657
121000158,360,408,-48
121000159,364,584,-220
121000160,527,556,-29
121000161,515,527,-12
121000162,267,123,144
121000165,2033,3044,-1011
121000166,33,720,-687
121000168,616,355,261
121000169,147,200,-53
121000170,430,120,310
121000171,93,277,-184
121000172,1586,1652,-66
121000173,2717,2340,377
121000174,983,1042,-59
121000175,3004,1082,1922
121000176,679,475,204
121000177,1031,799,232
121000178,82,140,-58
121000179,33,155,-122
121000181,561,540,21
121000182,243,630,-387
121000183,105,360,-255
121000184,82,488,-406
121000185,53,682,-629
121000186,441,1245,-804
121000187,512,136,376
121000188,536,173,363
121000192,1167,728,439
121000193,1179,616,563
121000194,2529,2969,-440
121000195,347,2000,-1653
121000196,1129,698,431
121000197,212,2860,-2648
121000198,227,505,-278
121000199,208,384,-176
121000200,931,354,577
121000201,12,330,-318
121000202,953,357,596
121000203,993,2806,-1813
121000204,5003,1245,3758
121000205,117,614,-497
121000206,164,223,-59
121000207,3472,1053,2419
121000208,8,290,-282
121000209,981,120,861
121000210,1375,364,1011
121000211,653,226,427
121000212,773,644,129
121000213,25308,4439,20869
121000214,1459,3319,-1860
121000215,1093,3468,-2375
121000216,842,1067,-225
121000217,5105,4872,233
121000218,497,3215,-2718
121000219,2329,1372,957
121000220,204,137,67
121000221,223,865,-642
121000222,4885,4493,392
121000223,222,1556,-1334
121000224,146,974,-828
121000225,674,5636,-4962
121000226,1291,2265,-974
121000227,30,216,-186
121000228,53,1051,-998
121000229,769,951,-182
121000230,71,3697,-3626
121000231,2263,20,2243
121000232,953,508,445
121000233,781,432,349
121000234,39,94,-55
121000235,54,84,-30
121000236,8,118,-110
121000237,23,22,1
121000238,19,109,-90
121000239,124,2,122
121000240,11,176,-165
121000241,155,25,130
121000242,32,619,-587
121000243,235,51,184
121000244,11,100,-89
121000245,43,17,26
121000246,0,156,-156
121000247,214,10,204
121000248,582,1456,-874
121000249,72,461,-389
121000250,852,473,379
121000251,28,260,-232
121000252,235,177,58
121000253,544,562,-18
121000254,1154,241,913
121000255,178,403,-225
121000256,388,340,48
121000257,28,165,-137
121000258,96,230,-134
121000259,41,111,-70
121000260,59,134,-75
121000261,124,133,-9
121000262,2966,755,2211
121000263,709,683,26
121000271,2141,3165,-1024
121000273,32,18,14
121000274,43,153,-110
121000275,4,33,-29
121000276,35,45,-10
121000278,92,56,36
121000279,34,95,-61
121000280,40,69,-29
121000289,688,24,664
121000290,2759,2555,204
121000294,444,34,410
121000297,526,1551,-1025
121000299,167,2534,-2367
121000300,3125,1375,1750
121000302,33,1205,-1172
121000303,652,345,307
121000304,829,147,682
121000305,426,196,230
121000306,349,453,-104
121000308,177,496,-319
121000309,400,691,-291
121000310,170,448,-278
121000311,79,646,-567
121000312,982,781,201
121000313,591,467,124
121000314,44,72,-28
121000315,23,57,-34
121000530,2651,3014,-363
121000531,2754,2225,529
121000532,8477,9955,-1478
121000533,4700,5809,-1109
121000918,50,75,-25
121000919,45,100,-55
121000938,135,195,-60
121000939,71,321,-250
121000956,2658,1900,758
121000957,6,39,-33
121000958,16,306,-290
121000959,1766,352,1414
121000960,2156,1460,696
121000961,514,101,413
121000962,1074,469,605
121000973,3,368,-365
121000976,17,179,-162
121000979,843,271,572
121000981,547,121,426
121000982,469,229,240
121000983,662,282,380
121000984,11,123,-112
121000985,1463,486,977
121000986,801,149,652
121000987,221,625,-404
121000988,1701,165,1536
121001302,340,181,159
121001308,1,80,-79
121001309,40,458,-418
121001313,317,76,241
121001314,1826,2181,-355
121001315,8460,5748,2712
121900001,253,564,-311
121900002,32,48,-16
121900003,668,52,616
121900004,108,892,-784
121900005,53,8,45
121900006,189,29,160
121900007,3060,2823,237
121900008,115,435,-320
121900009,2190,35,2155
121900010,386,4,382
121900011,567,578,-11
121900012,12,0,12
121900013,304,96,208
121900014,3230,520,2710
121900015,225,229,-4
121900016,6,66,-60
121900017,977,1838,-861
121900018,737,15,722
121900019,870,363,507
121900020,57,2,55
121900021,1595,24,1571
121900022,369,412,-43
121900023,259,600,-341
121900024,703,66,637
121900025,1043,705,338
121900026,583,160,423
121900027,701,493,208
121900028,371,21,350
121900029,115,471,-356
121900030,513,726,-213
121900031,1804,9379,-7575
121900032,232,103,129
121900033,233,529,-296
121900034,381,247,134
121900035,7550,4950,2600
121900036,179,618,-439
121900037,178,1869,-1691
121900038,121,188,-67
121900039,369,65,304
121900040,85,126,-41
121900041,112,525,-413
121900042,567,396,171
121900043,0,11,-11
121900044,95,75,20
121900046,293,484,-191
121900047,298,163,135
121900048,110,94,16
121900050,60,174,-114
121900051,258,456,-198
121900052,278,65,213
121900053,853,517,336
121900054,487,2337,-1850
121900055,11,12,-1
121900058,670,651,19
121900059,582,326,256
121900060,152,852,-700
121900061,296,213,83
121900062,196,153,43
121900063,2167,710,1457
121900064,520,1021,-501
121900066,146,29,117
121900067,112,55,57
121900069,198,270,-72
121900070,153,545,-392
121900071,1193,458,735
121900072,77,233,-156
121900073,272,551,-279
121900074,549,932,-383
121900075,452,1329,-877
121900076,729,1212,-483
121900077,42,9,33
121900078,306,64,242
121900079,0,0,0
121900080,1457,495,962
121900082,128,173,-45
121900084,50,44,6
121900085,10,14,-4
121900086,36,108,-72
121900087,118,222,-104
121900088,1786,4004,-2218
121900089,485,269,216
121900090,99,25,74
121900091,160,38,122
121900092,242,255,-13
121900093,110,122,-12
121900094,26,19,7
121900095,595,189,406
121900096,1853,1343,510
121900097,1253,282,971
121900098,14,6,8
121900099,377,51,326
121900100,94,375,-281
121900101,200,267,-67
121900102,0,167,-167
121900103,792,446,346
121900104,2779,768,2011
121900105,431,288,143
121900106,12,14,-2
121900107,172,31,141
121900108,2,39,-37
121900109,425,406,19
121900110,1192,713,479
121900111,746,533,213
121900112,200,469,-269
121900113,88,672,-584
121900114,197,133,64
121900117,223,424,-201
121900118,4054,1141,2913
121900119,228,144,84
121900120,103,1344,-1241
121900121,794,35,759
121900122,101,91,10
121900123,415,535,-120
121900124,535,287,248
121900125,4354,2047,2307
121900127,11,172,-161
121900128,117,99,18
121900129,221,287,-66
121900130,150,482,-332
121900131,538,201,337
121900132,89,122,-33
121900133,24,814,-790
121900134,17,907,-890
121900135,8356,893,7463
121900136,727,597,130
121900137,61,407,-346
121900138,110,307,-197
121900139,514,6888,-6374
121900140,81,225,-144
121900141,123,68,55
121900142,159,91,68
121900143,8,269,-261
121900144,193,1385,-1192
121900145,408,537,-129
121900146,659,1137,-478
121900147,85,492,-407
121900148,455,559,-104
121900149,412,689,-277
121900150,89,301,-212
121900151,150,654,-504
121900152,263,131,132
121900153,48,361,-313
121900154,13,642,-629
121900155,1,400,-399
121900156,216,244,-28
121900157,5,650,-645
121900158,118,248,-130
121900159,1,336,-335
121900160,70,670,-600
121900161,263,996,-733
121900162,115,261,-146
121900163,687,245,442
121900164,271,571,-300
121900165,270,226,44
121900166,139,294,-155
121900167,80,162,-82
121900168,127,198,-71
121900169,15,454,-439
121900170,12,225,-213
121900171,1604,1381,223
121900172,868,606,262
121900173,1036,505,531
121900174,87,66,21
121900175,127,803,-676
121900176,778,2836,-2058
121900177,190,116,74
121900178,96,113,-17
121900179,808,507,301
121900180,2263,8658,-6395
121900182,1020,1281,-261
121900183,635,2843,-2208
121900184,58,2602,-2544
121900186,10,896,-886
121900187,22,244,-222
121900188,1645,330,1315
121900189,177,105,72
121900190,397,556,-159
121900191,98,570,-472
121900192,362,3686,-3324
121900193,96,476,-380
121900194,16,530,-514
121900195,34,99,-65
121900196,1223,1531,-308
121900197,539,1584,-1045
121900198,6300,3679,2621
121900199,5,73,-68
121900200,41,297,-256
121900201,1224,1186,38
121900202,270,1331,-1061
121900203,116,2957,-2841
121900204,2114,1908,206
121900205,26,234,-208
121900206,22,193,-171
121900207,77,135,-58
121900208,211,866,-655
121900209,143,84,59
121900210,3722,2399,1323
121900211,77,215,-138
121900212,145,177,-32
121900213,639,72,567
121900214,9,781,-772
121900215,68,310,-242
121900216,63,661,-598
121900217,241,348,-107
121900218,248,1341,-1093
121900220,181,24,157
121900221,647,812,-165
121900222,401,147,254
121900223,328,249,79
121900224,202,117,85
121900225,210,464,-254
121900226,385,55,330
121900227,599,2697,-2098
121900228,244,230,14
121900230,69,633,-564
121900231,70,2480,-2410
121900232,180,621,-441
121900233,508,248,260
121900234,507,321,186
121900235,935,256,679
121900236,510,272,238
121900237,253,959,-706
121900238,219,579,-360
121900239,280,81,199
121900240,327,291,36
121900241,151,56,95
121900242,19,0,19
121900243,49,0,49
121900244,67,3,64
121900245,588,108,480
121900246,11228,675,10553
121900247,689,264,425
121900248,2265,1261,1004
121900250,194,756,-562
121900251,1028,41,987
121900252,719,293,426
121900253,51,1613,-1562
121900254,484,709,-225
121900255,875,303,572
121900258,7254,2194,5060
121900259,228,802,-574
121900260,221,166,55
121900261,194,1239,-1045
121900262,1345,2051,-706
121900263,363,283,80
121900264,1261,1360,-99
121900265,611,224,387
121900266,889,119,770
121900267,110,83,27
121900269,353,1355,-1002
121900270,93,329,-236
121900271,42,312,-270
121900273,737,2764,-2027
121900274,519,454,65
121900277,465,1673,-1208
121900278,115,2803,-2688
121900279,225,408,-183
121900280,131,1443,-1312
121900281,180,774,-594
121900284,49,6,43
121900286,271,115,156
121900287,24,25,-1
121900288,2,13,-11
121900290,340,2451,-2111
121900291,552,1984,-1432
121900292,285,241,44
121900293,965,7856,-6891
121900294,549,16,533
121900295,252,194,58
121900296,126,380,-254
121900298,158,1769,-1611
121900299,0,10,-10
121900300,93,18,75
121900301,62,1,61
121900302,8,163,-155
121900303,361,1187,-826
121900304,5,36,-31
121900305,9,25,-16
121900306,385,3,382
121900307,284,5,279
121900308,8,140,-132
121900309,9,121,-112
121900310,23,151,-128
121900311,896,38,858
121900312,965,14,951
121900313,898,40,858
121900314,8,22,-14
121900315,62,0,62
121900316,0,3,-3
121900317,79,13,66
121900318,2,11,-9
121900319,110,590,-480
121900320,40,37,3
121900321,68,7,61
121900322,3,2,1
121900323,40,59,-19
121900324,1,51,-50
121900325,37,27,10
121900326,13,2,11
121900327,2,65,-63
121900328,0,48,-48
121900329,1,64,-63
121900330,2,106,-104
121900331,46,92,-46
121900332,99,39,60
121900333,54,3,51
122000001,1940,7344,-5404
122000002,3394,1879,1515
122000003,1571,3767,-2196
122000004,2027,1960,67
122000005,9008,3985,5023
122000006,1176,2787,-1611
122000007,899,3163,-2264
122000008,1508,5730,-4222
122000009,847,848,-1
122000010,4468,5582,-1114
122000011,11907,4594,7313
122000012,1160,8815,-7655
122000013,956,3839,-2883
122000014,9727,3205,6522
122000015,1465,1559,-94
122000016,835,1140,-305
122000017,2273,2564,-291
122000018,4176,3423,753
122000019,1611,3675,-2064
122000020,323,845,-522
122000021,305,715,-410
122000022,2224,3257,-1033
122000023,1851,3636,-1785
122000024,764,5675,-4911
122000025,804,7203,-6399
122000026,319,2234,-1915
122000027,902,1325,-423
122000028,3307,1313,1994
122000029,424,1745,-1321
122000030,206,277,-71
122000031,141,611,-470
122000032,12328,5337,6991
122000033,535,8573,-8038
122000034,439,1787,-1348
122000035,227,1050,-823
122000036,659,951,-292
122000037,2083,510,1573
122000038,403,1032,-629
122000039,861,1958,-1097
122000040,289,576,-287
122000041,1313,1774,-461
122000042,697,1358,-661
122000043,163,337,-174
122000044,144,192,-48
122000045,3803,1791,2012
122000046,1565,2416,-851
122000047,144,403,-259
122000048,3235,5134,-1899
122000049,10840,5164,5676
122000050,1189,1729,-540
122000051,250,684,-434
122000052,545,837,-292
122000053,434,1407,-973
122000054,2212,3212,-1000
122000055,2108,5787,-3679
122000056,3705,4100,-395
122000057,6754,6297,457
122000058,980,3726,-2746
122000059,1104,7368,-6264
122000060,306,2077,-1771
122000061,252,1562,-1310
122000062,622,335,287
122000063,535,2707,-2172
122000064,4294,10933,-6639
122000065,3166,4837,-1671
122000066,985,3116,-2131
122000067,1562,2615,-1053
122000068,4725,1790,2935
122000069,2139,1611,528
122000070,1806,2126,-320
122000071,7078,1858,5220
122000072,2682,1724,958
122000073,344,3794,-3450
122000074,3666,2237,1429
122000075,1883,1516,367
122000076,16021,3732,12289
122000077,880,4032,-3152
122000078,724,7505,-6781
122000079,499,5362,-4863
122000080,639,1196,-557
122000081,118,360,-242
122000082,348,2184,-1836
122000083,10458,1421,9037
122000084,8953,2646,6307
122000085,542,1041,-499
122000086,4303,12208,-7905
122000087,308,801,-493
122000088,111,576,-465
122000089,7650,4322,3328
122000090,423,2228,-1805
122000091,118,807,-689
122000092,79,175,-96
122000093,2467,8258,-5791
122000094,9381,5582,3799
122000095,918,8356,-7438
122000096,626,4724,-4098
122000098,5538,6344,-806
122000099,844,2936,-2092
122000100,1060,1517,-457
122000101,617,912,-295
122000102,4631,1637,2994
122000103,1858,2489,-631
122000104,3118,275,2843
122000105,814,1130,-316
122000106,872,3802,-2930
122000107,2003,841,1162
122000108,1122,1392,-270
122000109,824,444,380
122000110,1274,1405,-131
122000111,6476,2752,3724
122000112,3140,2989,151
122000113,1315,1498,-183
122000114,2119,5416,-3297
122000115,2816,1966,850
122000116,630,889,-259
122000117,2016,591,1425
122000118,980,953,27
122000119,4042,3210,832
122000120,1092,5411,-4319
122000121,867,3064,-2197
122000122,471,1243,-772
122000123,1694,2128,-434
122000124,945,717,228
122000125,548,760,-212
122000126,525,1013,-488
122000127,580,966,-386
122000128,351,506,-155
122000129,653,2565,-1912
122000130,4324,1995,2329
122000131,1364,1741,-377
122000132,240,672,-432
122000133,1057,1447,-390
122000134,1537,987,550
122000135,688,362,326
122000136,1452,758,694
122000137,3650,1675,1975
122000139,967,6018,-5051
122000140,408,2652,-2244
122000141,8260,4421,3839
122000142,156,4170,-4014
122000143,418,873,-455
122000144,2215,2220,-5
122000145,1256,2121,-865
122000146,910,5864,-4954
122000147,884,1124,-240
122000148,483,2783,-2300
122000149,2315,1890,425
122000150,1866,1607,259
122000151,149,646,-497
122000152,529,660,-131
122000153,579,751,-172
122000154,343,373,-30
122000155,2477,4108,-1631
122000156,14125,7846,6279
122000157,870,13979,-13109
122000158,378,1849,-1471
122000159,800,2456,-1656
122000160,2843,2822,21
122000161,1544,1559,-15
122000162,1749,2017,-268
122000163,542,322,220
122000164,108,530,-422
122000165,2315,2742,-427
122000166,1032,4166,-3134
122000167,442,941,-499
122000168,256,1972,-1716
122000169,575,553,22
122000170,510,667,-157
122000171,39,147,-108
122000172,3073,2427,646
122000173,2329,4633,-2304
122000174,2184,2781,-597
122000175,1030,719,311
122000176,527,2229,-1702
122000177,1448,2525,-1077
122000178,9431,5563,3868
122000179,5208,6831,-1623
122000180,1070,1879,-809
122000181,1067,3233,-2166
122000182,2602,2210,392
122000183,4437,1716,2721
122000184,4767,6051,-1284
122000185,1535,6498,-4963
122000186,912,4057,-3145
122000187,2583,2088,495
122000188,649,636,13
122000189,283,609,-326
122000190,1126,3608,-2482
122000191,1209,1595,-386
122000192,1856,756,1100
122000193,657,1232,-575
122000194,672,410,262
122000195,196,1140,-944
122000196,1523,580,943
122000197,815,1061,-246
122000198,597,3877,-3280
122000199,410,700,-290
122000200,1395,1335,60
122000201,1878,4780,-2902
122000202,1396,4091,-2695
122000203,3326,2001,1325
122000204,1582,2097,-515
122000205,878,1534,-656
122000206,6957,1794,5163
122000207,3081,2790,291
122000208,3157,3353,-196
122000209,3055,1049,2006
122000210,2749,3581,-832
122000211,1596,2905,-1309
122000212,1298,861,437
122000213,1381,2266,-885
122000214,2703,2624,79
122000215,3510,3251,259
122000217,2247,4195,-1948
122000218,1023,85,938
122000219,1799,1295,504
122000220,385,1101,-716
122000221,135,502,-367
122000222,853,225,628
122000223,1307,1141,166
122000225,1098,669,429
122000226,1947,1943,4
122000227,330,2258,-1928
122000228,421,384,37
122000229,76,577,-501
122000230,69,357,-288
122000231,773,1070,-297
122000232,816,882,-66
122000233,0,95,-95
122000234,824,81,743
122000235,772,95,677
122000236,2332,63,2269
122000237,253,139,114
122000238,471,515,-44
122000239,1404,318,1086
122000240,1813,991,822
122000241,3469,755,2714
122000242,1013,310,703
122000243,47,24,23
122000244,9,455,-446
122000245,5,43,-38
122000246,36,213,-177
122000247,973,305,668
122000248,1094,1023,71
122000249,1922,1599,323
122000250,3002,1458,1544
122000251,195,516,-321
122000252,295,175,120
122000253,155,318,-163
122000254,1117,118,999
122000255,818,929,-111
122000256,320,636,-316
122000257,395,116,279
122000258,421,404,17
122000259,59,376,-317
122000260,4,51,-47
122000261,57,576,-519
122000262,1,45,-44
122000263,306,957,-651
122000264,2222,552,1670
122000265,4147,2006,2141
122000266,5377,1250,4127
122000267,138,201,-63
122000268,197,548,-351
122000269,1395,576,819
122000270,603,361,242
122000271,333,3002,-2669
122000272,584,2095,-1511
122000273,714,555,159
122000274,461,251,210
122000275,77,219,-142
122000276,1490,625,865
122000277,1715,1974,-259
122000278,3005,394,2611
122000279,344,255,89
122000280,865,562,303
122000281,971,843,128
122000282,234,584,-350
122000283,194,219,-25
122000284,194,104,90
122000285,316,87,229
122000286,67,236,-169
122000287,2326,1720,606
122000288,792,332,460
122000291,4989,1262,3727
122000293,301,130,171
122000294,269,530,-261
122000295,1895,286,1609
122000296,45,869,-824
122000297,2855,5435,-2580
122000299,911,797,114
122000300,410,543,-133
122000301,8617,5038,3579
122000302,612,3738,-3126
122000303,2457,1302,1155
122000304,83,233,-150
122000305,1856,430,1426
122000306,75,329,-254
122000307,151,185,-34
122000309,69,46,23
122000310,26,149,-123
122000311,100,152,-52
122000312,88,393,-305
122000313,53,161,-108
122000314,151,534,-383
122000315,352,79,273
122000316,1838,555,1283
122000317,3310,347,2963
122000318,419,2067,-1648
122000319,141,580,-439
122000320,385,1316,-931
122000321,80,176,-96
122000322,2086,3467,-1381
122000323,832,6267,-5435
122000324,2691,3999,-1308
122000325,1168,8596,-7428
122000326,273,84,189
122000327,625,1497,-872
122000328,711,823,-112
122000330,4992,3204,1788
122000332,238,431,-193
122000333,35,65,-30
122000337,1421,482,939
122000338,804,498,306
122000340,232,5288,-5056
122000342,1927,942,985
122000343,772,387,385
122000344,112,22,90
122000345,63,14,49
122000346,287,245,42
122000348,1229,1308,-79
122000349,112,1001,-889
122000351,321,414,-93
122000352,324,258,66
122000353,248,60,188
122000355,147,360,-213
122000356,628,3603,-2975
122000357,134,22,112
122000358,2,19,-17
122000359,0,22,-22
122000360,0,35,-35
122000362,17,56,-39
122000364,457,279,178
122000365,1,79,-78
122000366,10,8,2
122000368,682,942,-260
122000370,43,26,17
122000371,41,0,41
122000372,34,1,33
122000381,304,502,-198
122000382,130,256,-126
122000384,1876,1927,-51
122000385,166,0,166
122000386,301,3247,-2946
122000387,672,1778,-1106
122000388,1631,2002,-371
122000389,345,2888,-2543
122000390,556,835,-279
122000391,164,2146,-1982
122000392,294,147,147
122000393,64,117,-53
122000394,907,281,626
122000395,211,148,63
122000396,518,125,393
122000397,29,73,-44
122000398,8,121,-113
122000399,188,78,110
122000400,49,1976,-1927
122000401,165,80,85
122000402,667,243,424
122000403,772,414,358
122000404,385,200,185
122000408,646,1110,-464
122000503,11,112,-101
122000524,137,732,-595
122000544,147,3165,-3018
122000616,352,3,349
122000640,137,77,60
122000641,302,265,37
122000642,1740,650,1090
122000643,48,278,-230
122000644,147,83,64
122000645,132,267,-135
122000651,611,4626,-4015
122000664,214,118,96
122000665,1964,680,1284
122000666,876,1544,-668
122000673,48,203,-155
122000674,413,142,271
122000675,2722,759,1963
122000686,864,2829,-1965
122000687,2664,449,2215
122000688,490,489,1
122000689,1724,236,1488
122000690,4703,271,4432
122000691,1442,604,838
122000692,2152,375,1777
122000693,566,1103,-537
122000695,600,385,215
122000696,1057,143,914
122000698,572,272,300
122000699,306,78,228
122000701,2690,389,2301
122000702,563,1531,-968
122000703,267,96,171
122000717,56,133,-77
122000718,324,1917,-1593
122000719,112,138,-26
122000720,1258,99,1159
122000724,77,32,45
122900001,69,19,50
122900002,1176,10847,-9671
122900003,608,37,571
122900004,3489,169,3320
122900005,80,190,-110
122900006,482,1571,-1089
122900007,159,269,-110
122900008,272,329,-57
122900009,1903,667,1236
122900010,394,202,192
122900012,264,572,-308
122900014,134,589,-455
122900015,1066,1521,-455
122900016,219,275,-56
122900017,262,2611,-2349
122900018,278,15,263
122900019,21,105,-84
122900020,164,578,-414
122900021,80,513,-433
122900022,1864,1160,704
122900023,1310,305,1005
122900024,125,191,-66
122900025,8,440,-432
122900026,24,171,-147
122900027,32,528,-496
122900028,87,184,-97
122900029,9099,3536,5563
122900030,3700,732,2968
122900031,59,572,-513
122900032,813,644,169
122900033,316,301,15
122900034,5280,6009,-729
122900035,88,61,27
122900036,82,84,-2
122900037,646,236,410
122900038,151,5004,-4853
122900039,154,743,-589
122900040,335,1725,-1390
122900041,318,545,-227
122900042,205,498,-293
122900043,592,366,226
122900044,143,429,-286
122900045,269,486,-217
122900046,209,414,-205
122900047,165,233,-68
122900048,46,310,-264
122900049,4126,289,3837
122900051,69,887,-818
122900052,164,101,63
122900053,58,40,18
122900055,367,56,311
122900057,371,86,285
122900061,782,109,673
122900062,937,999,-62
122900063,369,221,148
122900064,1052,546,506
122900065,961,367,594
122900066,1098,540,558
122900067,979,576,403
122900068,126,372,-246
122900069,707,2289,-1582
122900070,604,82,522
122900071,103,374,-271
122900072,13,319,-306
122900073,26,88,-62
122900074,1678,230,1448
122900075,1,110,-109
122900076,5,234,-229
122900077,0,72,-72
122900078,499,29,470
122900080,43,122,-79
122900081,236,242,-6
122900082,1549,211,1338
122900083,139,178,-39
122900084,24,114,-90
122900086,20,286,-266
122900087,595,389,206
122900088,43,1163,-1120
122900089,49,173,-124
122900090,11,352,-341
122900091,574,5,569
122900092,0,128,-128
122900093,1,122,-121
122900094,3,141,-138
122900095,312,52,260
122900096,858,113,745
122900097,59,98,-39
122900098,61,222,-161
122900099,232,69,163
122900100,132,1407,-1275
122900101,638,411,227
122900102,118,65,53
122900103,317,7,310
122900104,525,17,508
122900105,64,44,20
122900106,12,32,-20
122900107,8,47,-39
122900108,20,77,-57
123000001,1092,2731,-1639
123000002,3120,11024,-7904
123000003,7176,6931,245
123000004,3661,5554,-1893
123000005,5187,4105,1082
123000006,3107,2663,444
123000007,5623,3614,2009
123000008,3625,3358,267
123000009,5184,3974,1210
123000010,3670,5457,-1787
123000011,2107,2209,-102
123000012,924,5668,-4744
123000013,6720,2041,4679
123000014,723,5083,-4360
123000015,2941,1556,1385
123000016,3346,4809,-1463
123000017,5187,2668,2519
123000018,180,184,-4
123000019,939,64,875
123000020,685,53,632
123000021,416,394,22
123000022,558,2723,-2165
123000023,2793,3597,-804
123000024,2189,1201,988
123000025,68,119,-51
123000026,38,311,-273
123000027,95,1565,-1470
123000028,902,1485,-583
123000029,480,2141,-1661
123000030,486,143,343
123000031,518,327,191
123000032,899,98,801
123000033,366,184,182
123000034,1522,952,570
123000035,722,789,-67
123000036,354,1861,-1507
123000037,278,252,26
123000038,110,552,-442
123000039,680,2381,-1701
123000040,557,293,264
123000041,1019,2434,-1415
123000042,532,1946,-1414
123000043,2247,21727,-19480
123000044,3416,3843,-427
123000045,4891,3124,1767
123000046,318,1750,-1432
123000047,949,2308,-1359
123000048,245,2500,-2255
123000049,7898,14595,-6697
123000050,3552,2739,813
123000051,126,322,-196
123000052,1256,5464,-4208
123000053,3568,4440,-872
123000054,3431,2618,813
123000055,3203,7966,-4763
123000056,1555,1055,500
123000057,4749,7817,-3068
123000058,1023,2057,-1034
123000059,390,597,-207
123000060,2049,694,1355
123000061,526,862,-336
123000063,1928,1637,291
123000064,2330,390,1940
123000065,5503,3565,1938
123000066,538,857,-319
123000067,1922,677,1245
123000068,2374,3056,-682
123000069,4943,2021,2922
123000070,292,726,-434
123000071,3439,1142,2297
123000072,1880,697,1183
123000073,4207,1364,2843
123000074,1619,1247,372
123000075,671,3188,-2517
123000076,1207,641,566
123000077,2970,1980,990
123000078,4579,1972,2607
123000079,4264,2485,1779
123000080,4265,1427,2838
123000081,247,392,-145
123000082,340,1410,-1070
123000083,2215,521,1694
123000084,1307,483,824
123000085,768,101,667
123000086,1324,129,1195
123000087,834,616,218
123000088,2023,1031,992
123000089,1558,1304,254
123000090,2308,1116,1192
123000091,2685,1915,770
123000092,1321,1776,-455
123000094,1354,222,1132
123000095,1466,1145,321
123000096,2161,520,1641
123000097,1175,428,747
123000098,1571,672,899
123000099,1228,479,749
123000100,542,1179,-637
123000101,685,735,-50
123000102,759,1292,-533
123000104,802,953,-151
123000105,563,812,-249
123000106,908,670,238
123000107,408,517,-109
123000108,634,1418,-784
123000111,1815,579,1236
123000112,2229,649,1580
123000113,936,861,75
123000114,565,938,-373
123000115,492,502,-10
123000116,49,78,-29
123000117,2801,1709,1092
123000118,855,700,155
123000119,440,541,-101
123000120,450,640,-190
123000121,927,1138,-211
123000122,490,382,108
123000123,760,907,-147
123000124,527,568,-41
123000125,2190,1912,278
123000126,1599,7648,-6049
123000127,643,773,-130
123000128,464,401,63
123000129,1475,439,1036
123000130,1253,179,1074
123000131,2418,1239,1179
123000132,489,732,-243
123000133,129,242,-113
123000134,331,142,189
123000135,4324,1730,2594
123000136,411,485,-74
123000137,219,272,-53
123000138,170,310,-140
123000139,1125,202,923
123000140,125,598,-473
123000141,1004,258,746
123000142,1465,975,490
123000143,1091,1774,-683
123000144,71,34,37
123000145,368,490,-122
123000146,15,237,-222
123000147,129,214,-85
123000149,544,603,-59
123000150,87,366,-279
123000151,198,747,-549
123000152,108,428,-320
123000153,288,990,-702
123000154,1460,2433,-973
123000155,2317,1863,454
123000156,45,176,-131
123000157,869,969,-100
123000158,729,1099,-370
123000159,4590,5885,-1295
123000160,1830,1855,-25
123000161,2647,1693,954
123000162,2550,2742,-192
123000163,1482,324,1158
123000164,3557,315,3242
123000165,527,1269,-742
123000166,49,157,-108
123000167,188,251,-63
123000168,581,170,411
123000169,1670,260,1410
123000170,113,78,35
123000171,1932,19,1913
123000172,216,567,-351
123000173,982,609,373
123000174,1277,706,571
123000175,513,1194,-681
123000176,1766,448,1318
123000177,324,1312,-988
123000178,1396,224,1172
123000179,67,468,-401
123000180,2453,537,1916
123000181,274,1022,-748
123000182,444,333,111
123000183,232,759,-527
123000184,116,533,-417
123000185,1530,562,968
123000186,12,352,-340
123000187,1013,23,990
123000188,350,0,350
123000189,452,180,272
123000190,106,126,-20
123000192,20,375,-355
123000193,65,820,-755
123000194,292,327,-35
123000195,546,72,474
123000196,605,29,576
123000197,139,135,4
123000198,92,898,-806
123000199,28,732,-704
123000200,1127,25,1102
123000201,2097,29,2068
123000202,66,584,-518
123000203,1758,51,1707
123000204,95,573,-478
123000205,236,892,-656
123000206,4621,447,4174
123000207,102,517,-415
123000208,1114,333,781
123000209,3222,1026,2196
123000210,329,1474,-1145
123000211,560,2128,-1568
123000212,6670,785,5885
123000213,860,99,761
123000215,64,260,-196
123000216,309,1240,-931
123000217,426,98,328
123000218,51,897,-846
123000219,938,158,780
123000220,808,267,541
123000221,345,173,172
123000222,721,388,333
123000223,1059,179,880
123000224,647,402,245
123000225,329,77,252
123000226,100,465,-365
123000227,111,246,-135
123000228,451,79,372
123000229,1155,1785,-630
123000232,142,546,-404
123000233,1413,251,1162
123000234,221,625,-404
123000235,2250,409,1841
123000236,414,581,-167
123000237,725,171,554
123000238,92,447,-355
123000239,498,858,-360
123000240,72,1652,-1580
123000241,468,121,347
123000242,400,312,88
123000243,974,812,162
123000244,1020,503,517
123000245,46,205,-159
123000249,371,722,-351
123000252,1769,540,1229
123000253,2521,844,1677
123000254,956,1055,-99
123000255,1599,1298,301
123000256,24,303,-279
123000257,2823,1508,1315
123000258,1618,715,903
123000259,1073,673,400
123000260,934,432,502
123000261,556,204,352
123000262,151,128,23
123000263,813,124,689
123000264,297,149,148
123000265,27,154,-127
123000266,662,904,-242
123000267,1115,630,485
123000268,47,67,-20
123000269,41,116,-75
123000270,69,145,-76
123000271,55,58,-3
123000272,977,437,540
123000273,396,1234,-838
123000274,1562,1454,108
123000275,291,1112,-821
123000278,2331,3973,-1642
123000279,154,82,72
123000280,448,370,78
123000281,528,215,313
123000282,190,452,-262
123000283,303,122,181
123000284,47,72,-25
123000286,217,772,-555
123000287,449,431,18
123000288,1565,1813,-248
123000289,341,2274,-1933
123000291,286,1081,-795
123000294,185,295,-110
123000295,834,1642,-808
123000296,1056,711,345
123000297,1060,318,742
123000298,1467,268,1199
123000299,201,151,50
123000300,2070,1444,626
123000301,222,891,-669
123000302,166,147,19
123000303,169,415,-246
123000305,1238,1187,51
123000306,451,110,341
123000309,62,103,-41
123000310,46,75,-29
123000311,0,161,-161
123000312,489,642,-153
123000313,990,537,453
123000315,210,320,-110
123000316,981,164,817
123000317,338,155,183
123000318,80,234,-154
123000329,10,22,-12
123000337,491,730,-239
123000338,191,260,-69
123000339,482,54,428
123000340,127,393,-266
123000342,2,36,-34
123000343,152,67,85
123000344,771,300,471
123000345,469,705,-236
123000346,807,59,748
123000352,1272,1062,210
123000353,87,106,-19
123000354,610,33,577
123000355,0,220,-220
123000356,794,26,768
123000357,3,145,-142
123000359,32,85,-53
123000360,446,191,255
123000361,394,296,98
123000362,807,188,619
123000363,219,291,-72
123000364,764,926,-162
123000365,36,544,-508
123000366,478,4445,-3967
123000367,448,863,-415
123000370,35,329,-294
123000371,711,181,530
123000372,713,107,606
123000373,13,521,-508
123000374,44,189,-145
123000375,787,179,608
123000376,1144,1003,141
123000377,1082,36,1046
123000378,28,408,-380
123000379,5,417,-412
123000380,35,466,-431
123000381,65,182,-117
123000382,569,187,382
123000383,234,1362,-1128
123000384,817,165,652
123000385,268,644,-376
123000436,46,1880,-1834
123000507,87,175,-88
123000508,281,2195,-1914
123000517,394,49,345
123000518,73,188,-115
123000519,248,122,126
123000520,59,183,-124
123000521,905,113,792
123000522,220,302,-82
123000541,4,5,-1
123000542,0,0,0
123000565,0,1,-1
123000566,2046,229,1817
123000567,150,77,73
123000573,50,411,-361
123000574,1550,110,1440
123000575,2659,939,1720
123000576,1539,1132,407
123000577,72,1147,-1075
123000578,455,332,123
123000579,1115,11795,-10680
123000580,95,43,52
123000582,889,54,835
123000583,40,460,-420
123000584,186,343,-157
123000585,0,56,-56
123000586,284,0,284
123000596,57,75,-18
123000597,149,287,-138
123000602,200,11,189
123000603,2001,347,1654
123000604,1016,342,674
123000605,969,90,879
123000606,0,643,-643
123000609,42,381,-339
123000610,159,108,51
123000613,76,186,-110
123000614,461,45,416
123000615,63,58,5
123000616,1532,71,1461
123000617,171,154,17
123000618,64,672,-608
123000619,646,104,542
123000620,36,323,-287
123000622,863,23,840
123000624,292,32,260
123000630,2400,580,1820
123000631,397,478,-81
123000632,729,806,-77
123000633,1,173,-172
123000634,73,508,-435
123000635,69,178,-109
123000636,41,505,-464
123000637,276,54,222
123000638,836,32,804
123000639,893,8785,-7892
123000640,15,334,-319
123900001,1453,75,1378
123900002,54,1896,-1842
123900003,235,441,-206
123900005,466,351,115
123900006,642,100,542
124000001,2302,276,2026
124000002,122,1536,-1414
124000003,2086,216,1870
124000004,93,536,-443
124000005,1976,1191,785
124000006,276,672,-396
124000007,774,133,641
124000008,10,584,-574
124000009,1328,391,937
124000010,427,359,68
124000011,1420,594,826
124000012,330,342,-12
124000017,356,195,161
124000018,135,101,34
124000019,309,243,66
124000020,31,130,-99
124000021,185,175,10
124000022,93,179,-86
124000023,1614,1974,-360
124000024,1606,523,1083
124000025,1673,2217,-544
124000026,1361,1116,245
124000027,4681,5337,-656
124000028,1424,3907,-2483
124000030,1803,1890,-87
124000031,1969,7173,-5204
124000032,1258,623,635
124000033,89,276,-187
124000034,984,543,441
124000035,24,441,-417
124000036,22,195,-173
124000037,641,1483,-842
124000038,57,200,-143
124000039,471,428,43
124000040,236,1514,-1278
124000041,789,204,585
124000042,210,401,-191
124000043,110,155,-45
124000044,33,157,-124
124000045,1841,379,1462
124000046,347,719,-372
124000047,3239,768,2471
124000048,1430,661,769
124000049,3396,612,2784
124000050,1328,1210,118
124000051,1853,489,1364
124000052,1107,791,316
124000053,827,3074,-2247
124000054,894,355,539
124000055,1479,6542,-5063
124000056,1582,927,655
124000057,1954,622,1332
124000058,873,939,-66
124000059,1567,1858,-291
124000060,619,494,125
124000061,1987,8745,-6758
124000062,1849,1407,442
124000063,1268,1251,17
124000064,1757,1130,627
124000065,11,737,-726
124000066,181,638,-457
124000067,328,224,104
124000068,17,16,1
124000069,270,11,259
124000070,107,48,59
124000071,161,133,28
124000072,183,497,-314
124000073,1624,249,1375
124000074,313,629,-316
124000075,784,73,711
124000076,41,66,-25
124000077,447,1144,-697
124000078,1779,1443,336
124000079,254,1625,-1371
124000080,1448,174,1274
124000081,365,455,-90
124000082,109,227,-118
124000083,49,107,-58
124000084,82,822,-740
124000085,74,44,30
124000086,36,326,-290
124000087,235,200,35
124000088,170,728,-558
124000089,1019,297,722
124000090,179,191,-12
124000091,645,119,526
124000092,137,346,-209
124000093,199,208,-9
124000094,230,809,-579
124000095,163,121,42
124000096,308,322,-14
124000097,188,158,30
124000098,138,108,30
124000099,410,193,217
124000100,87,136,-49
124000101,136,177,-41
124000102,120,40,80
124000103,271,183,88
124000104,170,52,118
124000105,244,186,58
124000106,183,43,140
124000107,46,333,-287
124000108,57,21,36
124000109,332,101,231
124000110,139,65,74
124000111,326,143,183
124000112,1232,500,732
124000113,170,166,4
124000114,578,402,176
124000115,379,973,-594
124000116,130,322,-192
124000117,76,164,-88
124000118,65,149,-84
124000119,1031,1222,-191
124000120,918,822,96
124000121,1212,1013,199
124000122,615,1678,-1063
124000123,1443,607,836
124000124,368,873,-505
124000125,767,575,192
124000126,397,675,-278
124000127,1345,396,949
124000128,752,808,-56
124000129,2151,2196,-45
124000130,573,595,-22
124000131,971,1086,-115
124000132,606,843,-237
124000133,1660,1616,44
124000134,1233,863,370
124000135,2190,2924,-734
124000136,801,1174,-373
124000137,1137,1651,-514
124000138,1277,1459,-182
124000139,577,76,501
124000140,39,450,-411
124000141,70,22,48
124000142,4,245,-241
124000143,130,25,105
124000144,21,38,-17
124000145,208,113,95
124000146,56,112,-56
124000148,81,117,-36
124000149,1505,331,1174
124000150,230,761,-531
124000151,1480,589,891
124000152,974,1167,-193
124000153,1385,1371,14
124000154,595,856,-261
124000155,1548,1236,312
124000156,943,1210,-267
124000169,229,864,-635
124000170,911,724,187
124000171,537,443,94
124000172,437,728,-291
124000173,1023,252,771
124000174,522,736,-214
124000175,19,68,-49
124000176,102,40,62
124000177,14,24,-10
124000178,157,87,70
124000190,18,94,-76
124000191,23,175,-152
124000192,1320,867,453
124000193,336,2938,-2602
124000194,323,475,-152
124000195,500,843,-343
124000196,788,772,16
124000197,63,50,13
124000198,57,96,-39
124000201,204,760,-556
124000202,810,337,473
124000203,941,198,743
124000204,1888,252,1636
124000205,190,254,-64
124000206,1540,235,1305
124000207,0,36,-36
124000209,268,181,87
124000210,1203,268,935
124000211,1275,3,1272
124000212,0,181,-181
124000213,1020,120,900
124000214,864,284,580
124000215,703,22,681
124000216,5,180,-175
124000329,186,531,-345
124000338,184,368,-184
124000339,2240,90,2150
124000341,2882,126,2756
124000344,81,65,16
124000357,1431,3306,-1875
124000358,863,2272,-1409
124000359,1696,1368,328
124000360,1582,799,783
124000361,2325,1280,1045
124000362,1481,2159,-678
124000363,478,391,87
124000364,629,777,-148
124000365,616,1043,-427
124000366,1669,874,795
124000367,68,274,-206
124000368,646,986,-340
124000369,86,155,-69
124000370,55,500,-445
124000402,55,23,32
124000403,218,32,186
124000404,24,54,-30
124000405,1310,895,415
124000406,715,708,7
124000407,3,54,-51
124000411,11,168,-157
124000412,677,6,671
124000413,113,126,-13
124000414,191,150,41
124000415,75,47,28
124000416,245,175,70
124000417,479,131,348
124000418,554,51,503
124000419,158,61,97
124000420,231,33,198
124000421,81,53,28
124000422,31,22,9
124000423,156,54,102
124000424,9,28,-19
124000425,76,11,65
124000426,12,38,-26
124000427,61,7,54
124000428,19,223,-204
124000429,122,49,73
124000430,1117,491,626
124000431,357,501,-144
124000432,540,537,3
124000439,15,1,14
124000442,15,53,-38
124000443,1,11,-10
124000445,62,1676,-1614
124000446,536,160,376
124900001,1220,487,733
124900002,338,252,86
124900003,1753,442,1311
124900004,1416,272,1144
124900005,339,126,213
124900006,1309,303,1006
124900008,899,748,151
124900009,140,620,-480
124900010,309,268,41
124900011,1081,489,592
124900012,698,129,569
124900013,1021,213,808
124900014,569,68,501
124900015,242,724,-482
124900016,170,332,-162
124900017,652,3373,-2721
124900018,130,5,125
124900020,182,84,98
124900021,669,77,592
124900022,77,7,70
124900024,664,18,646
124900026,128,93,35
124900027,203,793,-590
124900028,490,164,326
124900029,47,699,-652
124900030,7,131,-124
124900031,70,315,-245
124900032,349,290,59
124900033,217,222,-5
124900034,3,126,-123
124900035,311,413,-102
124900036,0,87,-87
124900037,263,187,76
124900038,236,242,-6
124900039,0,112,-112
124900040,159,162,-3
124900041,377,557,-180
124900042,89,2,87
124900043,857,510,347
124900044,179,3,176
124900045,482,1459,-977
124900046,459,299,160
124900047,86,237,-151
124900048,471,106,365
124900050,289,190,99
124900052,179,325,-146
124900053,285,247,38
124900054,750,666,84
124900055,1,290,-289
124900057,16,68,-52
124900060,86,143,-57
124900061,173,5,168
124900062,332,27,305
124900066,0,5,-5
124900067,7,91,-84
124900068,213,1058,-845
124900070,90,39,51
124900072,242,47,195
124900074,723,173,550
124900075,600,178,422
124900076,27,2427,-2400
124900077,30,95,-65
124900078,127,22,105
124900079,337,241,96
124900080,620,303,317
124900081,1846,278,1568
124900082,375,469,-94
124900083,468,402,66
124900084,1158,202,956
124900085,551,742,-191
124900086,84,1913,-1829
124900087,248,140,108
124900088,198,129,69
124900089,731,11,720
124900090,981,399,582
124900091,525,241,284
124900092,481,204,277
124900093,694,275,419
124900094,1116,452,664
124900095,226,966,-740
124900096,442,243,199
124900097,719,96,623
124900098,225,340,-115
124900099,284,828,-544
124900100,689,77,612
124900101,75,385,-310
124900102,467,26,441
124900103,218,123,95
124900104,109,132,-23
124900105,222,171,51
124900106,655,82,573
124900107,200,97,103
124900108,296,157,139
124900109,126,107,19
124900110,592,193,399
124900111,2,218,-216
124900112,145,207,-62
124900113,93,310,-217
124900114,60,209,-149
124900115,119,74,45
124900116,432,413,19
124900117,225,307,-82
124900118,102,833,-731
124900119,556,246,310
124900120,61,234,-173
124900121,96,470,-374
124900122,317,165,152
124900123,187,163,24
124900124,68,401,-333
129000186,266,109,157
204000001,39,5,34
204000002,10,5,5
204000003,28,4,24
204000004,1,5,-4
204000005,666,431,235
204000006,1076,1002,74
204000011,16,33,-17
204000012,122,100,22
204000013,0,58,-58
204000019,1317,395,922
204000020,1185,634,551
204000021,1382,950,432
204000022,1316,438,878
204000023,794,381,413
204000031,33,2,31
204000032,313,41,272
204000034,30,102,-72
204000035,2,10,-8
204000036,5,13,-8
204000037,0,20,-20
204000038,2,18,-16
204000039,12,6,6
204000040,16,21,-5
204000041,8,42,-34
204000042,58,19,39
204000043,45,6,39
204000044,45,8,37
204000045,90,3,87
204000046,12,2,10
204000057,22,9,13
204000062,3,28,-25
204000068,23,707,-684
204000069,227,478,-251
204000070,62,59,3
204000080,101,58,43
204000085,1606,1105,501
204000086,2018,1257,761
204000087,45,5,40
204000088,10,85,-75
204000090,79,187,-108
204000093,815,62,753
204000096,1716,866,850
204000097,737,8,729
204000099,1200,2483,-1283
204000100,2473,1661,812
204000105,1290,890,400
204000110,399,898,-499
204000111,685,509,176
204000112,493,593,-100
204000113,341,864,-523
204000114,1150,1379,-229
204000115,1242,580,662
204000116,623,808,-185
204000119,2584,2122,462
204000132,792,448,344
204000133,942,181,761
204000134,228,94,134
204000135,656,48,608
204000136,521,193,328
204000138,349,718,-369
204000140,231,135,96
204000141,168,72,96
204000144,5,19,-14
204000145,648,76,572
204000146,28,360,-332
204000147,10,386,-376
204000148,210,22,188
204000154,6,4,2
204000155,2,3,-1
204000177,65,86,-21
204000179,171,19,152
204000180,0,22,-22
204000222,3,10,-7
204000235,56,31,25
204000236,43,381,-338
204000238,19,55,-36
204000240,398,85,313
204000263,477,1009,-532
204000268,777,482,295
204000308,219,21,198
204000317,13,153,-140
204000322,5,99,-94
204000323,26,3,23
204000328,270,113,157
204000329,50,196,-146
204000330,151,13,138
204000331,40,77,-37
204010341,18,230,-212
205000001,557,1062,-505
205000013,14,104,-90
205000014,46,96,-50
205000015,44,88,-44
205000016,24,102,-78
205000017,32,71,-39
205000022,284,571,-287
205000025,1099,714,385
205000029,537,11,526
205000045,145,617,-472
205000046,267,388,-121
205000047,78,295,-217
205000048,593,318,275
205000049,174,523,-349
205000050,627,292,335
205000059,0,211,-211
205000060,0,240,-240
205000061,2,421,-419
205000062,3,646,-643
205000063,37,582,-545
205000064,27,87,-60
205000065,181,531,-350
205000066,119,372,-253
205000067,66,450,-384
205000069,181,12,169
205000082,189,258,-69
205000110,71,157,-86
205000111,209,157,52
205000112,178,233,-55
205000113,114,192,-78
205000121,276,40,236
205000123,50,120,-70
205000126,604,88,516
205000127,817,125,692
205000128,471,61,410
205000129,823,63,760
205000130,86,27,59
205000131,46,11,35
205000132,37,11,26
205000133,34,2,32
205000134,309,2,307
205000137,157,89,68
205000138,169,300,-131
205000139,44,110,-66
205000144,130,123,7
205000145,372,224,148
205000151,203,42,161
205000152,159,32,127
205000153,336,28,308
205000154,109,51,58
205000155,139,11,128
205000207,6,111,-105
205000233,13,0,13
205000234,0,1,-1
205000243,1,11,-10
205000244,0,5,-5
205000245,8,208,-200
205000249,0,20,-20
205000250,8,2,6
205000264,14,95,-81
206000027,6,7,-1
206000028,6,2,4
206000043,5,52,-47
206000053,4,6,-2
206000054,0,23,-23
206000055,1,15,-14
206000075,15,32,-17
206000076,26,9,17
206000077,36,8,28
206000078,30,9,21
206000079,31,8,23
206000082,419,146,273
206000100,45,584,-539
206000103,10,5,5
206000104,14,16,-2
206000105,5,4,1
206000106,2,18,-16
206000108,759,62,697
206000125,113,0,113
206000157,54,478,-424
206000170,0,116,-116
206000171,7,184,-177
206000172,18,168,-150
206000173,4,99,-95
206000174,19,33,-14
206000175,3,41,-38
206000176,34,82,-48
206000177,1,60,-59
206000178,4,217,-213
206000179,4,202,-198
206000180,4,107,-103
206000181,9,58,-49
206000182,4,52,-48
206000183,1,95,-94
206000184,7,101,-94
206000185,5,41,-36
206000186,67,301,-234
206000223,11,303,-292
206000226,52,4,48
206000227,36,2,34
206000237,35,110,-75
206000238,43,224,-181
206000239,201,1545,-1344
206000240,1,54,-53
206000241,0,80,-80
206000242,12,143,-131
206000243,3,60,-57
206000244,47,141,-94
206000245,1642,76,1566
206000246,582,21,561
206000247,631,7,624
206000248,693,45,648
206000252,90,62,28
206000258,13,59,-46
206000315,38,14,24
206000317,782,168,614
206000318,1029,115,914
206000319,3225,104,3121
206000320,612,56,556
206000321,665,25,640
206000322,1234,26,1208
206000323,420,8,412
206000324,520,11,509
206000325,328,27,301
206000326,348,48,300
206000327,69,21,48
206000328,334,9,325
206000329,543,6,537
206000330,104,9,95
206000331,420,3,417
206000332,99,2,97
206000333,1440,2,1438
206000334,622,5,617
206000335,0,14,-14
206000361,1,135,-134
206000392,2,13,-11
206000405,193,17,176
206000441,125,23,102
206000498,56,0,56
206000515,76,79,-3
206000530,530,124,406
206000531,296,618,-322
206000532,1563,902,661
206000535,163,5095,-4932
206000536,22,92,-70
206000537,20,164,-144
206000613,1410,371,1039
207000001,130,468,-338
207000002,122,370,-248
207000003,131,191,-60
207000007,1809,307,1502
207000008,225,6,219
207000009,101,50,51
207000010,304,264,40
207000012,611,255,356
207000015,201,475,-274
207000019,294,102,192
207000021,494,266,228
207000022,235,190,45
207000023,343,105,238
207000024,5,24,-19
207000025,30,89,-59
207000026,82,52,30
207000027,19,59,-40
207000028,67,131,-64
207000029,166,326,-160
207000033,325,554,-229
207000034,364,133,231
207000039,818,84,734
207000040,711,40,671
207000041,177,78,99
207000042,431,97,334
207000043,270,154,116
207000051,143,182,-39
207000052,15,136,-121
207000053,367,291,76
207000054,72,65,7
207000055,197,73,124
207000056,234,187,47
207000057,176,215,-39
207000058,201,159,42
207000059,124,196,-72
207000060,69,212,-143
207000061,204,1006,-802
207000062,704,37,667
207000063,757,61,696
207000064,452,88,364
207000065,385,213,172
207000066,418,206,212
207000067,72,93,-21
207000068,151,55,96
207000069,874,361,513
207000082,10,112,-102
207000083,81,124,-43
207000084,601,317,284
207000085,323,30,293
207000086,448,4,444
207000106,38,14,24
207000107,130,13,117
207000108,115,6,109
207000109,106,9,97
207000110,72,119,-47
207000111,111,124,-13
207000112,126,1497,-1371
207000114,21,14,7
207000115,61,43,18
207000116,37,443,-406
207000117,12,86,-74
207000118,5,33,-28
207000119,22,32,-10
207000123,334,26,308
207000124,209,38,171
207000125,76,30,46
207000126,74,72,2
207000134,145,104,41
207000135,44,175,-131
207000148,131,621,-490
207000149,64,23,41
207000152,132,373,-241
207000153,307,862,-555
207000154,420,281,139
207000159,154,101,53
207000160,192,180,12
207000238,1,178,-177
207000242,4,87,-83
207000248,57,43,14
207000249,145,17,128
207000250,492,110,382
207000251,104,139,-35
207000252,62,42,20
207000278,183,95,88
207000279,48,106,-58
207000280,1313,122,1191
207000281,203,297,-94
207000282,92,358,-266
207000283,31,245,-214
207000284,42,803,-761
207000285,66,105,-39
207000291,13,86,-73
207000304,116,88,28
207000306,68,262,-194
207000310,157,97,60
207000353,131,2,129
207000356,27,91,-64
207000357,12,15,-3
207000358,8,62,-54
207000415,13,138,-125
207000417,65,7,58
207000418,60,88,-28
207000438,0,1,-1
207000439,514,578,-64
207000446,221,7,214
207000460,64,4,60
207000466,186,137,49
207000467,536,87,449
207000468,45,118,-73
207000476,12,27,-15
207000477,1342,54,1288
207000478,2,256,-254
207000523,0,11,-11
207000524,27,0,27
207000527,256,174,82
207000530,976,7,969
207000531,441,7,434
207000532,221,38,183
207000534,243,54,189
207000535,38,468,-430
207000537,36,74,-38
207000540,12,101,-89
207000541,8,207,-199
207000548,14,156,-142
207000549,516,22,494
207000561,292,245,47
207000562,35,110,-75
207000567,65,163,-98
207000568,435,34,401
207000569,1009,184,825
207000584,88,250,-162
207000585,39,285,-246
207000616,0,57,-57
207000617,277,0,277
207900008,436,72,364
208000001,635,1499,-864
208000002,707,846,-139
208000003,1027,580,447
208000004,883,886,-3
208000005,1,15,-14
208000019,1178,653,525
208000020,273,357,-84
208000021,339,310,29
208000022,1277,529,748
208000028,1126,1785,-659
208000033,780,490,290
208000034,1118,2248,-1130
208000040,258,109,149
208000041,1160,624,536
208000042,1396,582,814
208000047,262,206,56
208000064,2066,2141,-75
208000066,1522,2627,-1105
208000070,590,367,223
208000071,945,452,493
208000072,671,881,-210
208000080,398,581,-183
208000081,526,130,396
208000082,546,132,414
208000083,220,160,60
208000084,17,36,-19
208000085,714,387,327
208000086,516,1069,-553
208000087,347,904,-557
208000089,1296,383,913
208000090,1410,486,924
208000093,77,134,-57
208000094,639,337,302
208000095,1302,510,792
208000104,1572,622,950
208000105,1062,827,235
208000114,106,469,-363
208000115,597,375,222
208000116,1153,1281,-128
208000117,57,105,-48
208000118,183,233,-50
208000155,649,1320,-671
208000158,1847,3834,-1987
208000186,1378,3437,-2059
208000204,971,1310,-339
208000205,2020,774,1246
208000282,1477,2612,-1135
209000004,799,218,581
209000005,60,54,6
209000006,451,265,186
209000007,466,610,-144
209000010,370,257,113
209000011,194,418,-224
209000012,120,138,-18
209000013,422,203,219
209000014,594,547,47
209000025,629,76,553
209000026,1149,130,1019
209000027,332,304,28
209000028,287,307,-20
209000029,398,1286,-888
209000030,315,1550,-1235
209000031,2931,1515,1416
209000034,416,369,47
209000035,318,352,-34
209000036,487,223,264
209000037,537,309,228
209000038,248,206,42
209000039,122,147,-25
209000040,480,659,-179
209000041,193,315,-122
209000042,401,306,95
209000043,881,537,344
209000044,413,888,-475
209000045,724,414,310
209000046,704,437,267
209000047,469,264,205
209000048,644,662,-18
209000049,141,70,71
209000050,198,62,136
209000051,257,134,123
209000052,175,119,56
209000062,77,49,28
209000063,89,37,52
209000064,64,31,33
209000065,254,35,219
209000066,202,18,184
209000067,334,40,294
209000080,14,232,-218
209000082,137,60,77
209000091,25,81,-56
209000093,50,13,37
209000094,47,147,-100
209000110,76,317,-241
209000111,936,2553,-1617
209000112,1889,773,1116
209000113,2760,1086,1674
209000114,1279,950,329
209000115,46,63,-17
209000116,360,180,180
209000118,20,69,-49
209000119,9,24,-15
209000121,83,426,-343
209000135,130,332,-202
209000142,1054,2720,-1666
209000143,49,63,-14
209000144,116,291,-175
209000229,235,149,86
209000240,31,223,-192
209000259,36,51,-15
209000260,63,1655,-1592
209000261,16,894,-878
209000262,8,328,-320
209000263,1,372,-371
209000264,0,359,-359
209000265,424,7,417
209000266,169,2,167
209000267,2402,8,2394
209000268,561,136,425
210000037,185,34,151
210000047,186,20,166
210000048,264,35,229
210000049,90,4,86
210000052,142,61,81
210000053,84,36,48
210000054,32,85,-53
210000070,228,7,221
210000071,145,3,142
210000072,50,0,50
210000073,0,33,-33
210000074,0,128,-128
210000075,6,242,-236
210000076,13,294,-281
210000077,4,233,-229
210000078,51,172,-121
210000079,9,22,-13
210000080,40,143,-103
210000081,269,44,225
210000082,46,3,43
210000083,77,3,74
210000084,83,0,83
210000085,3,52,-49
210000086,3,80,-77
210000099,102,230,-128
210000100,109,152,-43
210000101,123,207,-84
210000105,35,345,-310
210000159,0,306,-306
210000163,81,492,-411
210000164,177,353,-176
210000168,260,95,165
210000187,0,33,-33
210000188,0,43,-43
210000214,14,0,14
210000219,97,59,38
210000220,240,34,206
210000232,12,24,-12
210000233,79,73,6
210000234,70,116,-46
210000235,120,50,70
210000245,0,104,-104
210000246,11,5,6
210000258,29,116,-87
210000259,319,85,234
210000282,69,236,-167
210000285,3,252,-249
210000286,14,225,-211
210000290,0,7,-7
210000295,86,215,-129
210000296,56,66,-10
210000320,343,51,292
210000321,218,36,182
210000338,60,97,-37
210000339,185,1154,-969
210000340,191,427,-236
210000341,255,329,-74
210000342,385,210,175
210000343,212,201,11
210000344,108,236,-128
210000345,146,288,-142
210000346,58,143,-85
210000347,55,73,-18
210000348,104,37,67
210000349,37,23,14
210000350,156,43,113
210000351,156,35,121
210000352,76,47,29
210000353,52,66,-14
210000354,65,60,5
210000355,28,73,-45
210000356,30,103,-73
210000357,37,118,-81
210000358,333,305,28
210000359,78,201,-123
210000360,240,370,-130
210000361,207,210,-3
210000362,252,254,-2
210000363,450,391,59
210000364,168,233,-65
210000365,131,109,22
210000366,193,71,122
210000367,118,48,70
210000368,202,66,136
210000369,25,49,-24
210000370,57,84,-27
210000372,14,21,-7
210000373,8,53,-45
210000374,47,62,-15
210000375,54,35,19
210000376,50,168,-118
210000404,51,112,-61
210000439,83,36,47
210000472,35,2,33
210000482,44,188,-144
210000564,156,368,-212
210000567,0,33,-33
210000568,256,3,253
211000092,37,12,25
211000094,47,8,39
211000169,252,13,239
211000172,13,92,-79
211000209,0,116,-116
211000226,13,32,-19
211000270,48,7,41
211000275,40,15,25
211000276,225,24,201
211000279,22,38,-16
211000281,136,10,126
211507980,1,49,-48
211977296,65,5,60
212000003,148,57,91
212000004,17,87,-70
212000005,19,75,-56
212000006,38,101,-63
212000008,254,152,102
212000009,45,71,-26
212000012,112,33,79
212000013,29,20,9
212000014,327,115,212
212000015,413,168,245
212000016,654,403,251
212000027,573,324,249
212000028,391,241,150
212000029,196,185,11
212000030,63,13,50
212000031,86,33,53
212000048,51,401,-350
212000049,35,258,-223
212000050,29,19,10
212000051,357,118,239
212000052,294,161,133
212000053,292,221,71
212000054,602,55,547
212000055,432,108,324
212000056,10,36,-26
212000057,12,37,-25
212000058,172,37,135
212000070,161,140,21
212000077,160,251,-91
212000099,424,189,235
212000108,279,150,129
212000111,284,85,199
212000120,279,86,193
212000138,159,32,127
212000156,2,51,-49
212000158,20,40,-20
212000159,793,34,759
212000160,924,172,752
212000161,68,12,56
212000310,71,25,46
212000311,20,44,-24
212000374,74,18,56
213000001,22,572,-550
213000005,777,172,605
213000006,879,413,466
213000007,79,22,57
213000009,403,248,155
213000010,442,239,203
213000011,245,145,100
213000012,255,263,-8
213000014,77,25,52
213000015,362,16,346
213000016,482,7,475
213000017,93,0,93
213000018,1,31,-30
213000019,3,89,-86
213000020,238,177,61
213000021,16,99,-83
213000023,537,369,168
213000033,431,1450,-1019
213000034,641,214,427
213000035,184,316,-132
213000045,334,323,11
213000046,190,197,-7
213000047,395,1118,-723
213000056,195,34,161
213000069,121,9,112
213000073,0,83,-83
213000074,348,708,-360
213000075,877,7,870
213000076,28,2,26
213000085,17,42,-25
213000086,19,124,-105
213000091,548,16,532
213000092,51,26,25
213000099,209,1708,-1499
213000100,832,290,542
213000101,980,96,884
213000102,1038,114,924
213000103,1060,716,344
213000104,69,303,-234
213000105,125,1998,-1873
213000106,14,98,-84
213000107,137,230,-93
213000108,45,212,-167
213000109,8,134,-126
213000110,14,82,-68
213000111,5,78,-73
213000112,51,146,-95
213000115,57,10,47
213000116,117,625,-508
213000117,16,612,-596
213000118,1306,297,1009
213000119,52,526,-474
213000120,78,235,-157
213000122,192,292,-100
213000123,201,551,-350
213000124,341,923,-582
213000125,307,68,239
213000126,74,119,-45
213000127,44,279,-235
213000128,128,1311,-1183
213000129,256,1123,-867
213000130,1736,490,1246
213000132,994,188,806
213000133,1498,126,1372
213000134,2012,15,1997
213000136,756,41,715
213000137,901,121,780
213000139,95,58,37
213000147,111,5,106
213000148,22,8,14
213000149,44,10,34
213000150,3,419,-416
213000151,2,205,-203
213000152,4,138,-134
213000153,1,180,-179
213000154,134,367,-233
213000155,55,200,-145
213000156,117,252,-135
213000157,1007,318,689
213000158,491,692,-201
213000159,1017,386,631
213000163,2164,297,1867
213000165,1267,420,847
213000171,1,29,-28
213000172,1,88,-87
213000173,3,100,-97
213000174,4,69,-65
213000175,21,53,-32
213000176,208,40,168
213000177,168,10,158
213000178,377,6,371
213000179,428,4,424
213000180,362,0,362
213000184,111,588,-477
213000188,717,86,631
213000189,907,36,871
213000190,747,558,189
213000191,780,245,535
213000192,425,152,273
213000193,560,345,215
213000194,0,129,-129
213000195,41,273,-232
213000196,253,1676,-1423
213000197,867,813,54
213000198,52,0,52
213000200,83,518,-435
213000201,34,90,-56
213000202,62,572,-510
213000203,2224,485,1739
213000204,1143,49,1094
213000205,705,80,625
213000206,714,41,673
213000207,116,9,107
213000208,65,0,65
213000209,153,1,152
213000210,249,5,244
213000211,9,22,-13
213000212,29,34,-5
213000213,29,67,-38
213000218,421,397,24
213000219,1243,26,1217
213000220,1063,16,1047
213000223,200,319,-119
213000224,23,56,-33
213000225,107,30,77
213000226,97,35,62
213000227,1510,266,1244
213000228,723,121,602
213000229,103,20,83
213000230,721,25,696
213000232,57,167,-110
213000233,17,356,-339
213000234,3,115,-112
213000293,13,54,-41
213000294,69,44,25
213000295,47,89,-42
213000296,76,18,58
213000297,11,123,-112
213000298,17,67,-50
213000299,74,27,47
213000300,5,3,2
213000303,1,19,-18
213000304,3,8,-5
213000305,4,37,-33
213000306,46,285,-239
213000307,120,213,-93
213000308,106,219,-113
213000309,248,82,166
213000310,487,293,194
213000311,115,1296,-1181
213000315,108,189,-81
213000316,254,59,195
213000322,152,42,110
213000323,237,89,148
213000324,121,21,100
213000325,147,39,108
213000326,120,15,105
213000327,167,33,134
213000328,69,121,-52
213000329,258,32,226
213000340,213,352,-139
213000341,1260,103,1157
213000346,192,371,-179
213000347,300,716,-416
213000348,3,614,-611
213000349,12,29,-17
213000350,308,1095,-787
213000366,115,182,-67
213000367,548,23,525
213000379,72,330,-258
213000386,50,84,-34
213000406,207,143,64
213000417,2142,629,1513
213000425,455,134,321
213000426,348,45,303
213000427,132,88,44
213000428,63,105,-42
213000429,8,4,4
213000430,137,357,-220
213000431,22,3,19
213000432,2,87,-85
213000433,23,59,-36
213000434,234,207,27
213000435,229,134,95
213000436,82,43,39
213000437,3,9,-6
213000438,250,49,201
213000439,101,13,88
213000440,19,187,-168
213000441,2,2,0
213000442,6,33,-27
213000443,549,384,165
213000444,89,23,66
213000445,0,82,-82
213000446,1,75,-74
213000447,4,84,-80
213000448,7,261,-254
213000449,1246,24,1222
213000450,48,55,-7
213000451,471,103,368
213000452,34,24,10
213000453,24,316,-292
213000455,329,168,161
213000456,2,250,-248
213000481,2,14,-12
213000484,54,3,51
213000489,210,68,142
213000491,3,205,-202
213000492,145,4,141
213000493,1,233,-232
213000494,465,133,332
213000495,0,27,-27
213000496,1047,183,864
213000497,88,214,-126
213000498,196,105,91
213000499,429,153,276
213000500,1117,66,1051
213000501,256,56,200
213000502,231,249,-18
213000503,0,41,-41
213000504,39,33,6
213000505,6,0,6
213000506,0,16,-16
213000507,3,83,-80
213900016,0,2,-2
213900244,125,0,125
213900245,0,13,-13
218000003,41,53,-12
218000004,38,78,-40
218000005,52,51,1
218000006,108,74,34
218000007,20,13,7
218000012,192,123,69
218000013,256,183,73
218000014,513,311,202
218000019,492,566,-74
218000020,263,345,-82
218000021,44,70,-26
218000022,31,11,20
218000023,5,16,-11
218000024,8,3,5
218000025,6,17,-11
218000026,3,18,-15
218000027,1,6,-5
218000028,3,6,-3
218000029,1,5,-4
218000030,7,13,-6
218000031,8,12,-4
218000032,4,19,-15
218000040,8,6,2
218000046,92,96,-4
218000047,8,53,-45
218000048,87,54,33
218000049,49,56,-7
218000050,254,147,107
218000051,77,118,-41
218000052,0,31,-31
218000053,2,27,-25
218000054,6,72,-66
218000055,11,26,-15
218000056,15,22,-7
218000057,0,23,-23
218000064,1,53,-52
218000065,85,160,-75
218000066,24,20,4
218000067,108,53,55
218000068,132,97,35
218000069,383,125,258
218000070,256,208,48
218000071,225,173,52
218000072,130,293,-163
218000078,1553,392,1161
218000079,316,63,253
218000080,296,67,229
218000081,858,148,710
218000082,186,76,110
218000083,162,43,119
218000084,309,78,231
218000085,231,167,64
218000086,121,93,28
218000087,251,87,164
218000090,25,149,-124
218000091,1330,622,708
218000092,168,117,51
218000093,107,45,62
218000094,550,347,203
218000099,421,706,-285
218000100,600,339,261
218000101,449,162,287
218000102,767,166,601
218000103,139,142,-3
218000104,183,42,141
218000105,33,44,-11
218000106,22,27,-5
218000107,98,41,57
218000108,11,33,-22
218000112,106,54,52
218000117,56,60,-4
218000134,808,285,523
218000135,27,61,-34
218000136,180,111,69
218000137,212,105,107
218000138,64,160,-96
218000139,232,266,-34
218000140,851,298,553
218000141,132,89,43
218000142,235,207,28
218000143,100,441,-341
218000144,28,224,-196
218000145,651,377,274
218000146,212,156,56
218000151,7,31,-24
218000152,122,53,69
218000153,12,10,2
218000154,9,3,6
218000155,85,4,81
218000156,135,22,113
218000157,74,18,56
218000158,27,14,13
218000159,7,14,-7
218000160,12,7,5
218000161,93,3,90
218000162,95,9,86
218000163,39,3,36
218000164,115,11,104
218000165,170,56,114
218000170,7,31,-24
218000171,79,8,71
218000172,12,11,1
218000173,23,32,-9
218000174,27,26,1
218000176,351,86,265
218000177,517,325,192
218000178,96,269,-173
218000179,208,98,110
218000180,173,36,137
218000181,432,65,367
218000187,21,73,-52
218000188,21,83,-62
218000189,56,121,-65
218000190,17,27,-10
218000191,244,49,195
218000192,338,192,146
218000193,656,271,385
218000194,194,263,-69
218000195,249,41,208
218000196,494,211,283
218000197,822,198,624
218000198,38,68,-30
218000199,64,12,52
218000200,84,31,53
218000201,24,14,10
218000202,78,444,-366
218000207,0,8,-8
218000208,45,25,20
218000211,32,80,-48
218000212,2,11,-9
218000213,145,93,52
218000214,5,26,-21
218000215,47,26,21
218000217,5,60,-55
218000218,171,66,105
218000219,8,114,-106
218000220,66,874,-808
218000221,489,233,256
218000222,2,111,-109
218000223,81,617,-536
218000224,12,259,-247
218000225,294,39,255
218000226,259,101,158
218000230,0,11,-11
218000232,62,60,2
218000239,138,14,124
218000240,5,1,4
218000241,13,3,10
218000242,10,0,10
218000243,26,16,10
218000244,29,13,16
218000245,21,3,18
218000246,1,1,0
218000247,3,0,3
218000248,0,37,-37
218000249,0,2,-2
218000250,11,25,-14
218000251,6,47,-41
218000252,5,216,-211
218000253,3,126,-123
218000254,0,53,-53
218000255,3,48,-45
218000256,6,51,-45
218000267,438,919,-481
218000268,5,47,-42
218000269,1,8,-7
218000270,68,59,9
218000271,7,25,-18
218000273,54,3,51
218000274,28,2,26
218000275,53,40,13
218000276,30,20,10
218000278,1,114,-113
218000279,35,28,7
218000280,7,14,-7
218000281,24,23,1
218000282,490,889,-399
218000284,69,5,64
218000301,116,131,-15
218000302,152,57,95
218000303,13,35,-22
218000316,1274,787,487
218000317,2006,704,1302
218000318,1484,480,1004
218000319,1876,606,1270
218000320,1696,636,1060
218000338,20,113,-93
218000345,71,75,-4
218000346,51,254,-203
218000459,30,149,-119
218000490,30,88,-58
218000501,168,67,101
218000502,103,26,77
218000503,142,30,112
218000504,126,25,101
218000505,34,74,-40
218000506,35,208,-173
218000508,2,5,-3
218000510,109,17,92
218000520,131,118,13
218000521,4,21,-17
218000522,0,263,-263
218000523,152,0,152
218000524,14,852,-838
218000525,80,42,38
218000526,30,539,-509
218000529,44,84,-40
218000530,46,2,44
218000531,11,22,-11
218000532,56,24,32
218000534,241,19,222
218000537,19,108,-89
218000538,116,412,-296
218000540,122,92,30
218000543,180,80,100
218000544,45,50,-5
218000545,94,81,13
218000546,73,45,28
218000547,176,187,-11
218000548,102,74,28
218000549,913,458,455
218000550,213,175,38
218000551,113,605,-492
218000552,312,303,9
218000553,28,91,-63
218000554,30,63,-33
218000555,18,50,-32
218000556,187,196,-9
218000557,596,149,447
218000558,114,2,112
218000559,0,47,-47
218000560,0,35,-35
218000561,13,0,13
218000562,13,137,-124
218000563,260,29,231
218000564,4,96,-92
218000565,104,107,-3
218000566,94,37,57
218000567,1,134,-133
218000568,27,7,20
218000569,5,523,-518
218000570,53,30,23
218000571,3,150,-147
218000572,127,11,116
218000573,6,364,-358
218000574,43,42,1
218000575,130,3,127
218000576,0,105,-105
218000577,111,0,111
218000578,0,287,-287
218000579,24,36,-12
218000581,4,59,-55
218000582,86,11,75
218000583,12,0,12
218000584,1,71,-70
218000585,57,9,48
218000586,22,52,-30
218000587,2,5,-3
218000588,3,3,0
218000589,0,16,-16
218000590,6,2,4
218000591,1,4,-3
218000592,10,0,10
218000593,0,1,-1
218000594,0,0,0
218000595,0,0,0
218000596,0,0,0
218000597,0,0,0
218000598,0,0,0
218000599,0,2,-2
218000600,1,0,1
218000601,0,2,-2
218000602,0,2,-2
218000603,1,2,-1
218000604,19,0,19
218000605,0,21,-21
218000606,129,1,128
218000607,10,63,-53
218000608,72,42,30
218000609,8,74,-66
218000610,119,15,104
218000611,56,2,54
218000612,16,97,-81
218000613,61,0,61
218000614,0,75,-75
218000615,276,6,270
218000616,1,233,-232
218000617,11,1,10
218000618,0,16,-16
218000619,55,29,26
218000620,15,84,-69
218000621,0,9,-9
218000622,0,62,-62
218000623,41,1,40
218000624,2,108,-106
218000625,4,3,1
218000626,0,23,-23
218000628,316,118,198
218000631,42,13,29
218000632,1,178,-177
218000633,79,3,76
218000634,5,31,-26
218000635,12,18,-6
218000636,1200,500,700
218000637,1393,313,1080
218000638,341,55,286
218000639,26,66,-40
218000640,577,26,551
218000641,110,156,-46
218000652,82,28,54
218000653,348,138,210
218000663,6,27,-21
218000675,30,94,-64
218000676,3,11,-8
218000677,25,5,20
218000680,163,173,-10
218000681,559,137,422
218000691,211,83,128
218000693,560,85,475
218000703,4,12,-8
218000718,50,526,-476
218000719,65,466,-401
218000720,5,327,-322
218000721,48,58,-10
218000725,7,5,2
218001214,6,113,-107
218001329,84,103,-19
218001330,52,71,-19
218001351,18,19,-1
218001352,15,38,-23
218001353,8,13,-5
218001354,2,48,-46
218001355,122,4,118
218001357,29,1,28
219000001,14,37,-23
219000002,35,51,-16
219000003,93,85,8
219000004,89,79,10
219000017,65,123,-58
219000020,237,62,175
219000022,137,15,122
219000023,143,4,139
219000029,1,110,-109
219000034,31,33,-2
219000039,44,348,-304
219000040,62,119,-57
219000041,183,52,131
219000051,0,50,-50
219000052,0,49,-49
219000053,0,73,-73
219000054,19,86,-67
219000055,354,3,351
219000056,3,0,3
219000057,79,1,78
219000062,16,102,-86
219000063,112,21,91
219000064,2,70,-68
219000110,252,163,89
219000111,90,106,-16
219000112,235,36,199
219000113,253,32,221
219000114,200,81,119
219000116,201,74,127
219000117,279,123,156
219000118,266,114,152
219000123,187,82,105
219000124,55,69,-14
219000125,16,14,2
219000126,57,184,-127
219000127,0,10,-10
219000128,20,156,-136
219000129,15,138,-123
219000130,270,748,-478
219000131,766,1447,-681
219000133,30,80,-50
219000134,31,38,-7
219000135,33,113,-80
219000136,115,238,-123
219000138,86,28,58
219000139,129,21,108
219000140,118,0,118
219000141,46,38,8
219000142,22,36,-14
219000143,30,62,-32
219000145,12,42,-30
219000146,19,13,6
219000147,9,41,-32
219000148,6,11,-5
219000149,15,36,-21
219000150,20,53,-33
219000151,7,18,-11
219000157,302,101,201
219000158,182,235,-53
219000161,149,13,136
219000163,1058,460,598
219000166,178,233,-55
219000167,151,132,19
219000168,247,94,153
219000174,633,169,464
219000175,161,10,151
219000176,260,18,242
219000177,129,8,121
219000178,112,1,111
219000179,70,5,65
219000180,36,29,7
219000182,236,21,215
219000183,117,38,79
219000184,169,14,155
219000185,2,27,-25
219000186,94,46,48
219000187,16,71,-55
219000189,53,239,-186
219000190,32,241,-209
219000191,172,2196,-2024
219000192,159,225,-66
219000193,122,172,-50
219000195,5,67,-62
219000196,5,88,-83
219000198,17,88,-71
219000199,41,187,-146
219000200,72,177,-105
219000201,66,275,-209
219000203,32,196,-164
219000204,57,493,-436
219000205,43,289,-246
219000207,84,307,-223
219000209,53,28,25
219000210,18,162,-144
219000213,8,190,-182
219000239,256,197,59
219000240,167,472,-305
219000241,214,157,57
219000242,69,162,-93
219000243,121,265,-144
219000244,15,62,-47
219000245,12,53,-41
219000246,49,84,-35
219000247,241,42,199
219000248,492,611,-119
219000249,210,190,20
219000250,202,139,63
219000251,648,339,309
219000252,380,197,183
219000253,447,58,389
219000255,188,173,15
219000256,464,70,394
219000257,243,0,243
219000262,71,72,-1
219000263,109,93,16
219000267,6,61,-55
219000268,2,15,-13
219000269,10,5,5
219000270,49,5,44
219000271,272,10,262
219000278,0,12,-12
219000279,1,15,-14
219000283,0,53,-53
219000295,19,58,-39
219000296,103,298,-195
219000297,22,55,-33
219000298,38,33,5
219000299,438,100,338
219000300,57,100,-43
219000301,94,311,-217
219000302,33,169,-136
219000307,41,14,27
219000308,103,64,39
219000311,315,107,208
219000312,592,158,434
219000313,713,61,652
219000314,52,200,-148
219000315,501,75,426
219000316,905,58,847
219000317,212,28,184
219000320,18,70,-52
219000321,1,33,-32
219000323,5,66,-61
219000325,4,12,-8
219000326,77,48,29
219000327,63,21,42
219000328,21,52,-31
219000329,287,115,172
219000330,29,56,-27
219000331,76,74,2
219000332,192,131,61
219000333,56,14,42
219000335,102,1,101
219000337,24,0,24
219000338,64,0,64
219000344,31,58,-27
219000345,87,38,49
219000346,57,37,20
219000348,224,86,138
219000349,75,136,-61
219000350,89,527,-438
219000351,2,8,-6
219000352,306,67,239
219000353,160,56,104
219000354,258,75,183
219000355,229,59,170
219000356,462,2408,-1946
219000363,131,115,16
219000364,163,86,77
219000365,106,18,88
219000366,168,647,-479
219000368,322,615,-293
219000370,612,920,-308
219000371,3,24,-21
219000382,14,41,-27
219000383,243,1848,-1605
219000385,416,709,-293
219000386,768,2050,-1282
219000387,1,27,-26
219000390,4,2,2
219000391,2,4,-2
219000397,46,26,20
219000398,57,50,7
219000401,33,103,-70
219000402,21,72,-51
219000403,81,302,-221
219000404,23,113,-90
219000407,14,68,-54
219000409,152,65,87
219000410,171,37,134
219000411,122,12,110
219000446,62,483,-421
219000447,0,12,-12
219000448,2,7,-5
219000452,107,74,33
219000453,43,250,-207
219000454,282,464,-182
219000556,376,134,242
219000558,97,125,-28
219000590,21,229,-208
219000591,221,147,74
219000592,85,235,-150
219000595,33,14,19
219000635,281,55,226
219000636,55,47,8
219000657,15,15,0
219000658,29,167,-138
219000673,1,140,-139
219000676,41,50,-9
219000679,21,12,9
219000684,171,13,158
219000685,3,55,-52
219000686,0,5,-5
219000688,0,46,-46
219000689,17,220,-203
219000690,151,30,121
219000691,47,152,-105
219000692,145,32,113
219000693,4,12,-8
219000694,53,0,53
219000695,37,1,36
219000698,22,0,22
219000699,0,99,-99
219000727,3,90,-87
219000728,76,1,75
219000770,41,0,41
219000771,1,57,-56
219000788,167,285,-118
219001150,2,47,-45
219001151,1,1,0
219001166,25,52,-27
219001167,4,54,-50
219001178,63,1,62
220000001,66,202,-136
220000002,8,85,-77
220000003,266,195,71
220000004,478,342,136
220000005,588,1919,-1331
220000006,134,711,-577
220000007,495,241,254
220000008,332,463,-131
220000009,388,418,-30
220000010,104,80,24
220000011,601,3838,-3237
220000012,70,480,-410
220000014,180,79,101
220000015,100,580,-480
220000017,26,484,-458
220000018,8450,3455,4995
220000019,178,615,-437
220000020,686,212,474
220000021,1192,213,979
220000022,1545,387,1158
220000023,514,178,336
220000024,1314,710,604
220000025,1195,2734,-1539
220000026,431,848,-417
220000027,35,203,-168
220000028,49,106,-57
220000029,29,53,-24
220000030,36,124,-88
220000031,814,507,307
220000064,43,1520,-1477
221000046,69,37,32
221000047,0,0,0
221000048,0,2,-2
221000049,0,9,-9
221000050,14,1,13
221000055,43,48,-5
221000057,95,5,90
221000068,284,115,169
221000069,427,44,383
221000070,283,22,261
221000071,165,10,155
221000072,409,11,398
221000073,200,27,173
221000074,1,8,-7
221000075,12,57,-45
221000076,13,21,-8
221000077,8,68,-60
221000081,12,7,5
221000082,67,5,62
221000083,6,15,-9
221000084,19,18,1
221000085,16,42,-26
221000086,18,93,-75
221000087,3,107,-104
221000088,8,126,-118
221000089,30,222,-192
221000090,54,589,-535
221000098,144,13,131
221000099,209,16,193
221000100,113,5,108
221000101,166,17,149
221000102,145,7,138
221000109,16,100,-84
221000110,6,24,-18
221000111,8,90,-82
221000112,4,98,-94
221000113,9,122,-113
221000114,12,125,-113
221000120,45,92,-47
221000121,3,44,-41
221000122,26,74,-48
221000123,4,36,-32
221000124,36,95,-59
221000155,188,24,164
221000156,52,66,-14
221000175,1,4,-3
221000176,0,2,-2
221000182,61,5,56
221000241,331,399,-68
221000242,193,346,-153
221000243,383,361,22
221000244,269,393,-124
221000245,77,62,15
221000246,64,233,-169
221000247,109,64,45
221000248,177,83,94
221000267,49,971,-922
221000325,43,185,-142
221000331,4,35,-31
221000338,16,57,-41
221000378,332,54,278
221000381,61,80,-19
222000282,11,1,10
222000296,3,9,-6
222000568,442,24,418
222000569,184,79,105
222000570,216,61,155
222000571,558,37,521
222000577,25,77,-52
222000578,9,89,-80
222000579,25,63,-38
222000580,57,541,-484
222000599,1,66,-65
222000600,0,160,-160
222000601,7,561,-554
222000603,16,53,-37
222000604,2,99,-97
222000605,14,63,-49
222000606,4,57,-53
222000607,3,15,-12
222000608,25,29,-4
222000609,86,100,-14
222000616,673,53,620
222000617,27,37,-10
222000618,2,6,-4
222000620,32,23,9
222000621,39,45,-6
222000623,747,13,734
222000624,522,8,514
222000625,960,21,939
222000636,43,8,35
222000686,36,18,18
222000687,27,36,-9
222001066,438,1,437
222001067,96,4,92
222001068,114,23,91
222001069,157,23,134
222001082,24,14,10
222001083,72,26,46
222001084,2,29,-27
222001085,2,352,-350
222001111,145,65,80
222001112,341,53,288
222001313,16,15,1
222001314,7,108,-101
222001464,68,55,13
222001465,10,95,-85
222001484,235,65,170
222001485,28,52,-24
222001494,1036,104,932
222001495,146,106,40
222001496,522,85,437
222001497,73,181,-108
222001502,29,54,-25
222001503,297,29,268
222001504,25,200,-175
222001505,646,24,622
222001506,63,275,-212
222001507,352,33,319
222001510,868,43,825
222001511,66,156,-90
222001514,968,205,763
222001515,146,338,-192
222001518,694,70,624
222001519,95,84,11
222001527,261,116,145
222001528,13,128,-115
222001529,601,32,569
222001530,116,155,-39
222001533,118,143,-25
222001534,720,68,652
222001535,368,349,19
222001536,72,82,-10
222001537,621,62,559
222001538,41,536,-495
222001563,1397,124,1273
222001564,147,141,6
222001568,200,234,-34
222001576,0,5,-5
222001579,0,15,-15
222001583,6,52,-46
222001584,137,12,125
222001596,801,1778,-977
222001597,1487,451,1036
222001626,1,86,-85
222001650,22,175,-153
222001651,59,558,-499
222001914,325,87,238
222001915,26,200,-174
222001968,503,269,234
222001969,247,478,-231
222001970,210,518,-308
222001971,60,17,43
222001972,14,10,4
225000001,614,166,448
225000002,846,159,687
225000003,919,89,830
225000004,657,311,346
225000005,131,83,48
225000006,0,229,-229
225000007,1104,1107,-3
225000010,354,20,334
225000011,462,1577,-1115
225000012,416,862,-446
225000013,185,83,102
225000014,757,142,615
225000015,88,109,-21
225000021,794,162,632
225000027,217,384,-167
225000032,798,142,656
225000042,55,508,-453
225000049,45,79,-34
225000050,171,13,158
225000053,13,281,-268
225000058,690,256,434
225000067,245,139,106
225000068,97,223,-126
225000069,89,331,-242
225000070,122,210,-88
225000071,38,54,-16
225000075,38,734,-696
225000076,28,137,-109
225000078,76,50,26
225000085,143,115,28
225000086,332,137,195
225000087,234,16,218
225000088,16,205,-189
225000089,83,908,-825
225000090,43,461,-418
225000091,148,111,37
225000092,56,66,-10
225000093,291,200,91
225000094,26,117,-91
225000095,252,228,24
225000096,169,327,-158
225000098,953,286,667
225000099,653,158,495
225000100,668,177,491
225000104,91,315,-224
225000110,14,306,-292
225000111,174,625,-451
225000112,307,885,-578
225000113,218,534,-316
225000114,153,221,-68
225000115,869,562,307
225000116,543,232,311
225000117,786,401,385
225000118,1504,343,1161
225000119,397,101,296
225000120,992,28,964
225000121,186,15,171
225000123,649,8,641
225000125,739,132,607
225000126,990,201,789
225000127,587,2014,-1427
225000128,522,1097,-575
225000132,694,48,646
225000133,322,34,288
225000134,841,156,685
225000135,122,24,98
225000136,694,24,670
225000137,357,72,285
225000138,624,173,451
225000143,59,219,-160
225000144,6,264,-258
225000145,60,29,31
225000146,72,46,26
225000147,46,124,-78
225000148,21,107,-86
225000149,43,258,-215
225000151,49,148,-99
225000155,290,287,3
225000156,273,803,-530
225000157,404,293,111
225000158,108,160,-52
225000171,11,135,-124
225000180,15,0,15
225000181,0,64,-64
225000182,73,6,67
225000185,4,299,-295
225000187,33,261,-228
225000191,66,1,65
225000194,0,6,-6
225000208,4,57,-53
225000209,152,18,134
225000210,18,258,-240
225000217,0,10,-10
225000218,18,1,17
225000223,0,59,-59
225000224,43,1,42
225000225,1,24,-23
225000226,33,3,30
225000227,75,73,2
225000228,6,12,-6
225000229,0,52,-52
225000230,3,3,0
225000231,0,28,-28
225000232,157,4,153
225000241,88,0,88
225000242,0,30,-30
225000249,5,2,3
225000250,65,475,-410
225000251,748,91,657
225000254,0,17,-17
225000256,0,186,-186
225000257,1,32,-31
226000042,181,363,-182
226000043,31,273,-242
226000044,128,407,-279
226000045,55,227,-172
226000046,753,84,669
226000047,518,140,378
226000048,440,152,288
226000049,410,308,102
226000070,0,19,-19
226000071,0,39,-39
226000072,0,12,-12
226000073,0,5,-5
226000074,0,13,-13
226000084,1,12,-11
226000085,2,9,-7
226000086,0,14,-14
226000087,0,23,-23
226000088,7,126,-119
226000090,92,200,-108
226000091,22,84,-62
226000092,3,55,-52
226000093,21,1,20
226000094,13,8,5
226000095,12,1,11
226000105,8,3,5
226000106,19,0,19
226000107,20,0,20
226000108,16,0,16
226000109,159,2,157
226000124,259,91,168
226000134,1241,651,590
226000135,2202,785,1417
226000136,945,555,390
226000137,4,161,-157
226000138,8,82,-74
226000139,0,53,-53
226000156,366,9,357
226000157,318,21,297
226000163,52,264,-212
226000202,14,154,-140
226000231,651,12,639
226000232,61,7,54
227000033,424,49,375
227000036,632,31,601
227000037,462,29,433
227000038,142,34,108
227000084,8,85,-77
227000085,1,63,-62
227000088,35,5,30
227000089,128,3,125
227000090,35,1,34
227000091,29,3,26
227000092,31,0,31
227000093,101,0,101
227000094,11,0,11
227000130,42,156,-114
227000131,27,91,-64
227000132,10,71,-61
227000133,4,102,-98
227000134,18,155,-137
227000152,0,7,-7
227000153,0,74,-74
227000154,0,41,-41
227000155,2,29,-27
227000156,0,17,-17
227000165,1,63,-62
227000196,730,99,631
227000199,687,255,432
227000230,6,152,-146
227000232,817,33,784
227000242,31,365,-334
227000243,448,59,389
227000245,9,172,-163
227000246,87,124,-37
227000247,500,41,459
227000248,169,82,87
227000249,20,50,-30
227000250,293,316,-23
227000251,45,248,-203
227000252,36,107,-71
227000253,256,14,242
227000262,651,38,613
227000266,2023,46,1977
227000267,18,617,-599
227000282,6,93,-87
227000284,1001,26,975
227000286,1,61,-60
227000291,9,316,-307
227000296,209,386,-177
227000484,195,16,179
227000485,14,698,-684
227000655,316,7,309
227000656,834,48,786
227000657,173,15,158
227000704,376,19,357
229000265,17,10,7
229000266,2,2,0
229000267,15,0,15
229000268,31,0,31
229000269,47,4,43
229000274,6,76,-70
229000275,2,47,-45
229000276,1,13,-12
229000277,0,4,-4
229000278,0,5,-5
229000295,22,23,-1
229000296,2,10,-8
229000297,14,21,-7
229000298,3,137,-134
229000320,22,7,15
229000321,25,26,-1
229000412,8,33,-25
229000414,32,34,-2
229000415,13,2,11
229000416,3,12,-9
229000417,1,10,-9
229000419,89,348,-259
229000440,326,124,202
229000442,21,44,-23
229000443,2,6,-4
229000444,0,26,-26
229000445,86,4,82
229000446,115,37,78
229000491,0,11,-11
229000492,2,43,-41
229000493,7,50,-43
229000494,82,4,78
229000495,198,7,191
229000496,131,3,128
229000507,0,36,-36
229000508,0,33,-33
229000509,0,85,-85
229000510,6,30,-24
229000511,0,22,-22
229000512,1,19,-18
229000513,0,7,-7
229000514,0,3,-3
229000517,14,3,11
229000518,21,7,14
229000519,0,3,-3
229000520,15,18,-3
229000521,67,19,48
229000522,11,4,7
229000523,5,4,1
229000524,6,4,2
229000527,3,0,3
229000528,1,0,1
229000529,15,0,15
229000530,75,0,75
229000531,36,0,36
229000532,19,2,17
229000533,74,1,73
229000534,33,0,33
229000564,120,0,120
229000565,47,0,47
229000566,0,1,-1
229000567,2,30,-28
229000582,59,1,58
229000583,0,2,-2
229000584,0,9,-9
229000585,1,54,-53
229000718,0,8,-8
229000719,0,5,-5
229000720,0,2,-2
229000721,0,3,-3
229000722,0,4,-4
229000723,0,0,0
229000724,0,28,-28
229000725,0,3,-3
229000738,0,0,0
229000739,2,0,2
229000740,0,0,0
229000741,75,0,75
229000742,8,0,8
229000743,19,0,19
229000744,1,0,1
229000745,0,0,0
229000746,7,1,6
229000847,79,0,79
229000848,15,0,15
229000849,139,0,139
229000851,57,0,57
229000854,0,8,-8
229000856,1,32,-31
229000857,0,7,-7
229000858,0,12,-12
229000919,12,35,-23
229000930,0,215,-215
229000937,98,10,88
229000966,67,59,8
229000981,20,17,3
229000985,24,20,4
229000986,3,7,-4
229000987,0,3,-3
229000988,4,6,-2
229000989,7,8,-1
229000990,5,9,-4
229000991,2,4,-2
229000992,20,9,11
229000993,188,12,176
229000998,27,34,-7
229000999,94,10,84
229001034,0,12,-12
229001035,1,4,-3
229001036,14,47,-33
229001037,110,1,109
229001038,0,13,-13
229001039,1,0,1
229001040,0,61,-61
229001041,151,2,149
229001042,36,19,17
229001047,21,44,-23
229001050,49,12,37
229001168,0,33,-33
229001200,21,31,-10
229001338,2,28,-26
229001394,201,4,197
229001422,203,26,177
229001423,32,64,-32
229001431,50,49,1
229001432,21,41,-20
229001444,251,36,215
229001445,40,124,-84
229001479,48,2,46
229001503,367,114,253
229001504,116,108,8
229001505,147,21,126
229001506,59,71,-12
229001509,43,8,35
229001510,10,34,-24
229001545,132,3,129
229001546,7,34,-27
229001553,138,15,123
229001554,21,59,-38
229001630,102,11,91
229001631,28,13,15
229001635,1,19,-18
229001636,3,3,0
229001658,0,116,-116
229001659,49,3,46
229001660,8,12,-4
229001661,2,40,-38
229001662,37,0,37
229001663,0,9,-9
229002584,229,283,-54
229002831,143,120,23
229002841,10,20,-10
229002842,77,29,48
229002843,80,17,63
229002844,49,70,-21
229002845,18,98,-80
229002846,35,15,20
229002847,0,22,-22
229002848,22,22,0
229002849,1,49,-48
229002850,21,1,20
229002851,44,162,-118
229002852,178,60,118
229002853,169,41,128
229002854,69,54,15
229002855,3,22,-19
229002856,31,13,18
229002857,13,81,-68
229002858,23,4,19
229002859,34,41,-7
229002860,89,9,80
229002861,99,26,73
229002862,59,61,-2
229002863,44,48,-4
229002864,46,27,19
229002865,9,17,-8
229002866,44,46,-2
229002867,0,28,-28
229002868,8,42,-34
229002869,17,87,-70
229002870,79,23,56
235000066,219,42,177
235000067,107,34,73
235000072,44,77,-33
235000073,84,435,-351
235000074,62,33,29
235000080,18,37,-19
235000081,142,66,76
235000082,136,19,117
235000083,295,55,240
235000084,73,95,-22
235000085,210,48,162
235000089,26,21,5
235000092,50,144,-94
235000093,11,20,-9
235000097,3,2,1
235000098,93,2,91
235000099,4,27,-23
235000116,29,6,23
235000117,409,11,398
235000133,20,566,-546
235000134,12,182,-170
235000206,9,5,4
235000207,9,15,-6
235000208,0,1,-1
235000209,3,2,1
235000210,17,4,13
235000212,0,13,-13
235000213,0,13,-13
235000220,1,9,-8
235000221,27,25,2
235000238,13,158,-145
235000239,3,61,-58
235000242,442,950,-508
235000245,281,138,143
235000246,31,39,-8
235000284,15,91,-76
235000295,74,42,32
235000305,354,29,325
235000306,507,15,492
235000307,18,1,17
235000308,18,0,18
235000309,72,0,72
235000310,50,0,50
235000311,225,17,208
235000322,0,39,-39
235000323,0,26,-26
235000324,0,53,-53
235000325,1,43,-42
235000326,10,37,-27
235000351,5,47,-42
235000352,24,41,-17
235000353,5,25,-20
235000354,11,58,-47
235000355,29,87,-58
235000356,119,0,119
235000357,30,3,27
235000358,33,3,30
235000359,12,5,7
235000360,54,12,42
235000361,58,6,52
235000381,174,33,141
235000382,213,33,180
235000390,15,7,8
235000391,219,21,198
235000392,237,254,-17
235000393,186,165,21
235000395,132,62,70
235000396,624,113,511
235000400,83,112,-29
235000401,11,136,-125
235000405,135,144,-9
235000406,41,104,-63
235000407,51,36,15
235000409,110,54,56
235000410,21,120,-99
235000411,3,28,-25
235000485,0,5,-5
235000486,22,0,22
235000549,128,78,50
235000550,120,74,46
235000599,222,35,187
235000600,12,19,-7
235000601,13,22,-9
235000602,70,31,39
235000614,1,6,-5
235000648,0,5,-5
235000649,51,10,41
235000685,0,2,-2
235000815,18,114,-96
235000834,0,5,-5
235000855,39,15,24
235000862,34,44,-10
235000891,0,47,-47
235000892,4,3,1
235000901,58,72,-14
235000907,4,12,-8
235001010,129,31,98
235001029,151,149,2
235001030,263,146,117
235001078,119,97,22
235001079,29,79,-50
235001147,1,87,-86
235001166,5,26,-21
235001167,64,29,35
235001169,30,264,-234
235001188,1,10,-9
235001189,3,1,2
235001197,2,37,-35
235001200,80,37,43
235001207,202,51,151
235001210,19,65,-46
235001215,19,104,-85
235001239,0,36,-36
235001244,0,20,-20
235016267,1,48,-47
277101746,0,0,0
277102712,0,0,0
277103813,0,1,-1
277103814,0,0,0
277103898,0,1,-1
277104249,0,3,-3
277104250,0,8,-8
277104251,0,0,0
277104252,0,3,-3
990011530,0,293,-293
990014944,0,296,-296
990015176,90,0,90
990015618,0,128,-128
990016032,2,303,-301
990032570,8,753,-745
990070001,87,8,79
990070103,0,4,-4
990070601,1,53,-52
990070751,2354,3,2351
990070766,2,210,-208
990071180,595,189,406
990071343,31,1,30
990071387,0,9,-9
990071823,420,2,418
990072600,3,1069,-1066
990072964,0,251,-251
990073285,0,18,-18
990074393,1,523,-522
990074870,2266,18,2248
990075106,820,7,813
990075746,917,11,906
990076437,3545,3,3542
990076458,0,259,-259
997000007,380,7,373
997000041,0,296,-296
997000058,93,0,93
997000062,88,84,4
997000069,0,1,-1
997000070,0,28,-28
997000100,110,1,109
997000141,0,709,-709
997000198,2,359,-357
998000475,0,4,-4
998000736,1,83,-82
998000965,0,18,-18
998001031,0,83,-83
998001700,0,37,-37
998001899,0,2,-2
998001900,22,1,21
998003073,1443,2,1441
998101900,0,0,0
998102850,6,294,-288
998501927,506,1301,-795
998501929,140,0,140
998501930,71,1,70
998501931,195,31,164
998501932,4,0,4
998501933,50,2,48
998501937,16,1,15
998501944,4,0,4
998501950,0,0,0
998501970,87,5,82
998501971,0,82,-82
998501973,0,34,-34
998501974,0,132,-132
998501975,194,48,146
998501976,169,0,169
998501977,5,20,-15
998501978,20,1,19
998501979,0,4,-4
998501980,109,2,107
998501981,34,0,34
998501982,0,146,-146
998502006,0,1,-1
998502024,0,4,-4
998502032,0,2,-2
998502062,73,58,15
998502063,0,0,0
998502173,22,0,22
998502269,0,3,-3
998601159,0,40,-40
998601292,0,34,-34
999033574,1,163,-162
999800001,57,2,55
999800002,0,1,-1
999800003,3,4,-1
999800004,0,3,-3
999800005,0,6,-6
