ID,insum,outsum,diff
100000001,0,0,0
100000002,1532,2682,-1150
100000003,3017,3860,-843
100000004,237,902,-665
100000005,1597,2404,-807
100000006,120,116,4
100000007,466,477,-11
100000008,31,24,7
100000009,44,367,-323
100000010,0,65,-65
100000011,88,35,53
100000012,50,47,3
100000013,3,12,-9
100000014,6,63,-57
100000015,569,874,-305
100000016,96,217,-121
100000017,47,125,-78
100000018,226,141,85
100000019,417,798,-381
100000020,346,1550,-1204
100000021,440,248,192
100000022,396,1052,-656
100000023,701,541,160
100000025,260,943,-683
100000028,367,529,-162
100000029,1,52,-51
100000030,61,6,55
100000031,797,2956,-2159
100000032,339,1292,-953
100000033,223,1029,-806
100000034,14,213,-199
100000035,233,553,-320
100000036,174,322,-148
100000037,348,174,174
100000038,1083,474,609
100000039,97,108,-11
100000040,35,127,-92
100000041,427,176,251
100000042,324,104,220
100000043,257,114,143
100000044,34,34,0
100000045,59,53,6
100000046,201,84,117
100000047,46,75,-29
100000048,62,178,-116
100000049,317,234,83
100000051,159,80,79
100000053,54,1,53
100000054,56,10,46
100000055,72,29,43
100000056,73,95,-22
100000057,648,132,516
100000058,57,139,-82
100000059,12,96,-84
100000060,122,177,-55
100000061,606,225,381
100000062,436,219,217
100000063,353,151,202
100000064,286,215,71
100000065,103,193,-90
100000066,52,110,-58
100000067,59,221,-162
100000068,127,204,-77
100000069,70,136,-66
100000072,48,95,-47
100000073,271,240,31
100000075,170,22,148
100000076,563,2199,-1636
100000077,44,311,-267
100000078,22,118,-96
100000079,1,81,-80
100000080,0,60,-60
100000081,1,36,-35
100000102,1093,2277,-1184
100000103,477,630,-153
100000104,401,421,-20
100000105,231,452,-221
100000106,376,1969,-1593
100000107,16,667,-651
100000108,42,116,-74
100000109,798,385,413
100000116,522,625,-103
100000117,4,74,-70
100000118,2062,447,1615
100000119,612,522,90
100000121,50,320,-270
100000122,139,571,-432
100000123,2549,2552,-3
100000124,795,1258,-463
100000125,434,1366,-932
100000126,174,400,-226
100000127,370,405,-35
100000128,28,553,-525
100000129,74,218,-144
100000130,383,448,-65
100000131,222,255,-33
100000132,215,1013,-798
100000133,899,319,580
100000135,173,411,-238
100000139,167,238,-71
100000140,0,0,0
100000142,414,151,263
100000143,55,81,-26
100000144,479,68,411
100000147,794,4011,-3217
100000150,23,103,-80
100000151,112,777,-665
100000153,1,85,-84
100000154,2,168,-166
100000155,1,52,-51
100000156,52,148,-96
100000157,709,134,575
100000158,46,114,-68
100000159,37,397,-360
100000165,578,231,347
100000169,10,212,-202
100000174,40,123,-83
100000179,12,603,-591
100000180,178,86,92
100000181,51,97,-46
100000188,4,46,-42
100000189,455,131,324
100000190,226,602,-376
100000191,79,227,-148
100000192,1,149,-148
100000193,44,92,-48
100000330,342,486,-144
100000355,69,94,-25
100000362,934,505,429
100000363,3733,4089,-356
100000364,178,51,127
100000365,5644,4977,667
100000366,1090,920,170
100000367,3692,4167,-475
100000368,118,93,25
100000369,186,1290,-1104
100000370,16,693,-677
100000376,7,284,-277
100000379,384,1868,-1484
100000380,2194,3314,-1120
100000384,2156,3369,-1213
100000385,508,2620,-2112
100000386,1233,2447,-1214
100000387,837,4377,-3540
100000388,1676,1503,173
100000389,1919,3594,-1675
100000390,885,935,-50
100000391,2263,4699,-2436
100000392,297,774,-477
100000393,256,2404,-2148
100000394,902,1548,-646
100000395,505,1162,-657
100000396,1115,678,437
100000397,559,1779,-1220
100000398,7617,2232,5385
100900002,0,0,0
100900003,61,53,8
100900004,0,1,-1
100900005,0,0,0
100900006,0,0,0
100900007,0,0,0
100900008,0,2,-2
100900009,2,1,1
100900010,0,0,0
100900011,0,0,0
100900012,0,0,0
100900013,0,0,0
100900014,0,0,0
100900015,0,0,0
100900016,0,0,0
100900017,99,61,38
100900018,0,0,0
100900019,0,0,0
100900020,0,0,0
100900021,117,0,117
100900022,0,0,0
100900023,0,0,0
100900024,0,0,0
100900025,0,0,0
100900026,0,0,0
100900027,10,348,-338
100900028,2,3,-1
100900029,0,0,0
100900030,0,0,0
100900031,265,39,226
100900032,76,0,76
100900033,0,0,0
100900034,0,0,0
100900035,0,0,0
100900036,0,0,0
100900037,0,0,0
100900038,0,1,-1
100900039,25,2,23
100900040,152,0,152
100900041,150,1,149
100900042,12,20,-8
100900043,0,7,-7
100900044,40,0,40
100900045,0,0,0
100900046,101,1,100
100900047,114,9,105
100900048,1,0,1
100900049,0,0,0
100900050,0,0,0
100900051,1,1,0
100900052,0,0,0
100900053,0,0,0
100900054,0,0,0
100900055,0,0,0
100900056,0,0,0
100900057,49,8,41
100900058,1,0,1
100900059,0,0,0
100900060,0,0,0
100900061,0,0,0
100900062,0,0,0
100900063,6,183,-177
100900064,16,0,16
100900065,0,0,0
100900066,10,0,10
100900067,2,0,2
100900068,0,0,0
100900069,0,0,0
100900070,0,0,0
100900071,0,0,0
100900072,0,0,0
100900073,0,0,0
100900074,0,0,0
100900075,14,1,13
100900076,0,0,0
100900077,5,0,5
100900078,0,0,0
100900079,0,0,0
100900080,4,4,0
100900081,0,0,0
100900082,0,0,0
100900083,0,0,0
100900085,0,0,0
100900086,0,0,0
100900088,0,0,0
100900089,0,0,0
100900090,0,12,-12
100900091,0,0,0
100900092,33,0,33
100900093,0,0,0
100900094,0,0,0
100900095,0,0,0
100900096,0,0,0
100900097,0,0,0
100900098,0,0,0
100900099,0,0,0
100900100,0,0,0
100900101,1,1,0
100900102,0,0,0
100900103,0,0,0
100900104,0,0,0
100900105,0,0,0
100900106,0,0,0
100900107,0,0,0
100900108,0,0,0
100900109,0,0,0
100900110,1,12,-11
100900111,0,0,0
100900112,0,0,0
100900113,0,0,0
100900114,0,0,0
100900115,0,0,0
100900116,19,0,19
100900117,0,0,0
100900118,0,0,0
100900119,0,0,0
100900120,0,0,0
100900121,2,2,0
100900122,0,0,0
100900123,0,0,0
100900124,0,0,0
100900125,0,0,0
100900126,0,0,0
100900127,0,0,0
100900128,0,0,0
100900129,0,0,0
100900131,4,0,4
100900133,0,0,0
100900134,0,0,0
100900135,0,0,0
100900137,0,0,0
100900138,0,0,0
100900139,0,0,0
100900140,0,0,0
100900141,0,0,0
100900142,0,0,0
100900143,0,0,0
100900144,0,0,0
100900145,0,0,0
100900146,0,0,0
100900147,0,0,0
100900148,0,0,0
100900149,0,0,0
100900150,0,0,0
100900151,0,0,0
100900152,0,0,0
100900153,0,0,0
100900154,4,0,4
100900155,0,0,0
100900156,0,0,0
100900157,0,0,0
100900158,0,0,0
100900159,0,0,0
100900160,0,0,0
100900161,0,0,0
100900162,0,0,0
100900163,0,0,0
100900164,0,0,0
100900165,0,0,0
100900166,0,0,0
100900167,0,0,0
100900168,0,0,0
100900169,1,1,0
100900170,0,0,0
100900171,0,0,0
100900172,0,0,0
100900173,0,0,0
100900174,0,0,0
100900176,0,0,0
100900177,0,0,0
100900178,34,7,27
100900179,0,0,0
100900180,0,0,0
100900181,0,0,0
100900182,0,5,-5
100900184,1,12,-11
100900186,0,0,0
100900187,0,0,0
100900188,0,0,0
100900189,0,0,0
100900191,0,0,0
100900192,0,0,0
100900195,1,2,-1
100900197,190,125,65
100900198,0,0,0
100900199,37,5,32
100900200,0,0,0
100900201,1,0,1
100900202,0,0,0
100900203,0,0,0
100900204,5,0,5
100900205,0,0,0
100900206,0,0,0
100900207,0,0,0
100900210,0,0,0
100900211,0,0,0
100900213,0,0,0
100900214,0,0,0
100900215,0,0,0
101000001,577,1150,-573
101000002,296,1004,-708
101000003,30,480,-450
101000004,3840,5577,-1737
101000005,2460,4642,-2182
101000006,2664,4630,-1966
101000007,588,3153,-2565
101000008,1252,2816,-1564
101000009,1056,337,719
101000010,237,366,-129
101000011,124,265,-141
101000012,143,57,86
101000013,153,412,-259
101000014,257,718,-461
101000015,820,601,219
101000016,38,485,-447
101000017,88,310,-222
101000018,809,699,110
101000020,692,221,471
101000021,85,392,-307
101000022,5,7,-2
101000023,192,318,-126
101000025,95,212,-117
101000026,87,2,85
101000027,1106,1800,-694
101000028,72,21,51
101000029,16,785,-769
101000030,221,46,175
101000031,82,733,-651
101000032,1544,2270,-726
101000033,297,1491,-1194
101000034,206,1217,-1011
101000035,86,143,-57
101000036,246,667,-421
101000037,394,1753,-1359
101000039,224,907,-683
101000040,503,1592,-1089
101000041,2220,4024,-1804
101000042,39,473,-434
101000043,1484,2458,-974
101000045,183,377,-194
101000046,830,1335,-505
101000047,992,2032,-1040
101000048,101,142,-41
101000049,55,314,-259
101000050,226,1257,-1031
101000051,213,1683,-1470
101000052,548,1701,-1153
101000053,105,534,-429
101000054,361,203,158
101000055,639,1613,-974
101000056,29,117,-88
101000057,131,558,-427
101000058,322,1592,-1270
101000059,1052,2490,-1438
101000060,95,196,-101
101000061,145,2507,-2362
101000062,77,155,-78
101000063,129,1440,-1311
101000064,110,488,-378
101000065,43,717,-674
101000066,108,795,-687
101000067,76,146,-70
101000068,145,410,-265
101000069,140,68,72
101000070,242,181,61
101000071,620,789,-169
101000072,2332,1186,1146
101000073,1193,871,322
101000074,3743,1883,1860
101000075,6341,926,5415
101000077,2289,563,1726
101000078,996,837,159
101000079,1298,542,756
101000080,689,58,631
101000081,899,728,171
101000082,1445,794,651
101000083,1384,994,390
101000084,296,141,155
101000085,1385,921,464
101000086,101,146,-45
101000087,126,206,-80
101000088,839,818,21
101000089,462,906,-444
101000090,348,202,146
101000091,361,240,121
101000092,776,342,434
101000093,631,387,244
101000094,78,83,-5
101000095,49,89,-40
101000096,510,366,144
101000097,64,194,-130
101000098,92,419,-327
101000099,365,756,-391
101000100,272,718,-446
101000101,289,318,-29
101000102,108,390,-282
101000103,330,283,47
101000104,42,377,-335
101000105,34,160,-126
101000106,1,186,-185
101000107,24,45,-21
101000108,131,45,86
101000109,72,22,50
101000110,46,65,-19
101000111,1,77,-76
101000113,47,323,-276
101000114,1199,1599,-400
101000115,0,0,0
101000116,0,0,0
101000117,0,0,0
101000119,6,83,-77
101000120,8,13,-5
101000121,1,6,-5
101000122,1,17,-16
101000123,1,19,-18
101000124,347,109,238
101000125,53,26,27
101000128,54,121,-67
101000130,559,114,445
101000131,497,298,199
101000132,50,92,-42
101000135,0,4,-4
101000136,7,14,-7
101000137,23,379,-356
101000141,341,2929,-2588
101000147,242,72,170
101000148,97,0,97
101000149,0,0,0
101000150,31,130,-99
101000151,19,0,19
101000152,101,69,32
101000153,177,74,103
101000154,142,107,35
101000155,8,0,8
101000156,0,1,-1
101000157,2,7,-5
101000160,0,0,0
101000163,62,283,-221
101000164,69,28,41
101000165,235,176,59
101000166,71,294,-223
101000168,15,10,5
101000252,1081,295,786
101000254,0,0,0
101000258,246,4,242
101000261,607,33,574
101000262,354,2378,-2024
101000263,85,1024,-939
101000265,10,344,-334
101000266,92,52,40
101000269,0,0,0
101000290,79,1582,-1503
101000293,0,0,0
101000294,192,108,84
101000295,46,88,-42
101000301,16,311,-295
101000304,737,1616,-879
101000305,980,906,74
101900001,6,0,6
101900002,0,0,0
101900003,0,0,0
101900004,0,0,0
101900005,0,0,0
101900006,0,0,0
101900007,0,0,0
101900008,0,0,0
101900009,0,0,0
101900010,0,0,0
101900011,0,0,0
101900012,0,0,0
101900013,0,0,0
101900017,0,0,0
101900018,8,0,8
101900019,0,0,0
101900020,18,2,16
101900021,0,0,0
101900022,23,2,21
101900023,0,0,0
102000001,597,2848,-2251
102000002,988,358,630
102000003,607,2872,-2265
102000004,806,1510,-704
102000005,301,1566,-1265
102000006,182,1522,-1340
102000007,228,2194,-1966
102000008,1725,1146,579
102000009,2702,3823,-1121
102000010,984,1218,-234
102000011,1953,3395,-1442
102000012,1795,1722,73
102000018,432,459,-27
102000019,71,385,-314
102000026,7,124,-117
102000029,137,48,89
102000030,10,103,-93
102000031,2,37,-35
102000032,101,101,0
102000033,116,220,-104
102000034,32,56,-24
102000035,92,113,-21
102000036,0,71,-71
102000037,1,19,-18
102000038,18,38,-20
102000039,2,38,-36
102000040,26,55,-29
102000041,1,90,-89
102000042,6,131,-125
102000043,4,32,-28
102000044,58,236,-178
102000045,108,347,-239
102000046,228,152,76
102000047,201,296,-95
102000048,107,261,-154
102000049,294,350,-56
102000050,212,271,-59
102000051,103,171,-68
102000052,541,307,234
102000053,410,491,-81
102000054,188,172,16
102000055,216,20,196
102000056,536,72,464
102000057,264,111,153
102000058,64,108,-44
102000059,89,106,-17
102000060,406,525,-119
102000061,157,150,7
102000062,782,511,271
102000063,108,342,-234
102000064,588,685,-97
102000065,14,68,-54
102000066,294,159,135
102000067,507,1617,-1110
102000068,1470,1097,373
102000069,17,523,-506
102000070,596,16,580
102000071,3489,4222,-733
102000072,817,922,-105
102000073,149,134,15
102000074,186,81,105
102000075,127,69,58
102000076,112,68,44
102000077,721,207,514
102000078,558,76,482
102000079,87,18,69
102000080,111,36,75
102000081,76,218,-142
102000082,46,225,-179
102000083,239,71,168
102000084,308,77,231
102000085,348,229,119
102000086,555,172,383
102000087,188,356,-168
102000088,110,65,45
102000089,704,85,619
102000090,215,499,-284
102000091,846,341,505
102000092,220,258,-38
102000093,191,319,-128
102000094,327,108,219
102000095,132,324,-192
102000096,1238,254,984
102000097,390,284,106
102000098,254,373,-119
102000099,560,314,246
102000100,62,255,-193
102000101,91,281,-190
102000102,137,246,-109
102000103,106,437,-331
102000104,54,282,-228
102000105,109,106,3
102000106,213,69,144
102000107,537,49,488
102000108,256,52,204
102000109,227,40,187
102000110,829,115,714
102000111,0,45,-45
102000112,22,16,6
102000113,3,10,-7
102000114,103,149,-46
102000115,41,57,-16
102000116,33,295,-262
102000117,4,113,-109
102000118,263,771,-508
102000119,178,203,-25
102000120,74,341,-267
102000121,113,241,-128
102000122,135,616,-481
102000123,103,190,-87
102000124,134,419,-285
102000125,152,99,53
102000126,100,267,-167
102000127,225,79,146
102000128,62,231,-169
102000129,207,102,105
102000130,145,445,-300
102000131,245,232,13
102000132,67,443,-376
102000133,1265,314,951
102000134,178,290,-112
102000135,36,267,-231
102000136,21,108,-87
102000137,34,35,-1
102000138,64,19,45
102000139,45,72,-27
102000140,9,19,-10
102000141,15,29,-14
102000142,56,42,14
102000143,44,58,-14
102000144,126,45,81
102000145,62,14,48
102000146,171,46,125
102000147,33,25,8
102000148,6,99,-93
102000149,102,95,7
102000150,203,21,182
102000151,48,74,-26
102000152,64,21,43
102000153,264,138,126
102000154,64,74,-10
102000155,60,66,-6
102000156,50,7,43
102000157,1,117,-116
102000158,10,112,-102
102000159,22,68,-46
102000161,41,414,-373
102000162,1,17,-16
102000163,5,224,-219
102000164,156,421,-265
102000165,0,0,0
102000166,1,52,-51
102000167,0,0,0
102000168,35,63,-28
102000169,21,151,-130
102000170,0,0,0
102000171,0,0,0
102000172,3,60,-57
102000173,60,113,-53
102000174,9,7,2
102000175,83,10,73
102000176,21,5,16
102000178,41,33,8
102000179,93,60,33
102000180,224,76,148
102000181,386,135,251
102000182,262,116,146
102000183,992,199,793
102000184,211,81,130
102000185,1072,173,899
102000186,251,122,129
102000187,122,98,24
102000188,658,477,181
102000189,495,79,416
102000190,316,1037,-721
102000191,244,93,151
102000192,122,332,-210
102000193,28,27,1
102000194,32,59,-27
102000195,183,45,138
102000196,91,53,38
102000197,372,13,359
102000198,64,78,-14
102000199,381,11,370
102000200,192,130,62
102000201,326,28,298
102000202,1,7,-6
102000203,32,13,19
102000204,188,148,40
102000205,390,116,274
102000206,131,42,89
102000207,221,86,135
102000208,52,100,-48
102000209,3,11,-8
102000210,83,8,75
102000211,49,2,47
102000212,310,17,293
102000213,0,5,-5
102000214,144,5,139
102000215,0,0,0
102000216,45,39,6
102000217,0,15,-15
102000218,102,102,0
102000219,13,1,12
102000225,274,261,13
102000226,0,0,0
102000227,44,3,41
102000228,0,0,0
102000229,7,22,-15
102000230,111,132,-21
102000231,71,186,-115
102000232,8,79,-71
102000233,34,134,-100
102000234,24,656,-632
102000236,37,7,30
102000237,85,16,69
102000238,7,10,-3
102000240,0,0,0
102000241,16,7,9
102000243,0,43,-43
102000245,0,0,0
102000246,3,54,-51
102000247,7,196,-189
102000248,96,434,-338
102000249,41,10,31
102000250,23,72,-49
102000254,88,73,15
102000266,3,27,-24
102000271,12,8,4
102000286,80,84,-4
102000297,185,101,84
102000301,0,0,0
102000303,0,0,0
102000305,0,0,0
102000306,0,0,0
102000307,0,0,0
102000308,0,0,0
102900001,120,26,94
102900002,70,2,68
102900003,0,0,0
102900005,146,15,131
102900006,51,2,49
102900007,147,0,147
102900008,18,0,18
102900009,23,0,23
102900010,86,0,86
102900011,0,0,0
102900012,0,0,0
102900013,0,0,0
102900015,0,0,0
102900016,0,0,0
102900017,0,0,0
102900018,0,0,0
102900019,0,0,0
102900020,0,0,0
102900021,0,0,0
102900022,0,0,0
102900023,0,0,0
102900024,0,0,0
102900025,0,0,0
102900026,3,185,-182
102900027,0,0,0
102900028,2,87,-85
102900029,0,0,0
102900030,2,35,-33
102900031,43,13,30
102900032,0,0,0
102900033,0,0,0
102900034,134,10,124
102900035,0,0,0
102900036,102,30,72
102900037,40,29,11
102900038,63,11,52
102900039,14,1,13
102900040,0,0,0
102900041,0,0,0
102900042,0,0,0
102900043,0,0,0
102900044,0,0,0
102900045,0,0,0
102900046,0,0,0
102900047,0,0,0
102900048,0,0,0
102900049,1,0,1
102900050,0,0,0
102900051,0,0,0
102900052,0,0,0
102900053,0,0,0
102900054,0,0,0
102900055,0,0,0
102900056,0,0,0
102900057,0,0,0
102900058,0,0,0
102900059,0,0,0
102900060,0,21,-21
102900061,4,17,-13
102900062,37,25,12
102900063,96,10,86
102900064,1,67,-66
102900065,83,0,83
102900066,9,0,9
102900068,0,0,0
102900070,0,0,0
102900072,0,0,0
102900073,0,0,0
102900074,0,0,0
102900075,0,0,0
102900076,0,0,0
102900077,0,0,0
102900078,0,0,0
102900079,56,0,56
102900080,83,1,82
102900081,0,0,0
102900082,0,0,0
102900083,0,0,0
102900084,0,0,0
102900085,0,0,0
102900086,0,0,0
102900087,0,0,0
102900088,0,0,0
102900089,0,0,0
102900090,0,0,0
102900091,0,0,0
102900092,0,0,0
102900093,0,0,0
102900094,0,0,0
102900095,5,0,5
102900096,0,0,0
102900097,0,0,0
103000001,2761,1641,1120
103000002,1315,1188,127
103000003,1088,1333,-245
103000004,249,270,-21
103000005,1181,1431,-250
103000006,652,903,-251
103000007,307,359,-52
103000008,188,101,87
103000009,602,436,166
103000010,76,74,2
103000011,425,533,-108
103000012,602,992,-390
103000013,481,481,0
103000014,799,1844,-1045
103000015,185,35,150
103000016,256,615,-359
103000017,126,220,-94
103000018,194,184,10
103000019,199,194,5
103000020,391,498,-107
103000021,1993,1710,283
103000022,158,308,-150
103000023,406,1727,-1321
103000024,12,71,-59
103000025,21,364,-343
103000026,164,73,91
103000027,41,237,-196
103000028,207,196,11
103000029,76,82,-6
103000030,345,432,-87
103000031,505,1188,-683
103000032,696,617,79
103000033,2934,2589,345
103000034,640,609,31
103000035,160,693,-533
103000036,119,197,-78
103000037,271,236,35
103000038,377,740,-363
103000039,161,104,57
103000040,81,324,-243
103000041,746,474,272
103000042,617,107,510
103000043,514,341,173
103000044,56,0,56
103000046,19,107,-88
103000047,109,158,-49
103000048,34,31,3
103000049,13,57,-44
103000050,139,4,135
103000051,23,65,-42
103000052,73,2,71
103000053,8,38,-30
103000054,1078,170,908
103000055,1341,688,653
103000056,508,481,27
103000057,495,146,349
103000058,298,131,167
103000059,367,266,101
103000060,362,74,288
103000061,366,414,-48
103000062,160,61,99
103000063,433,331,102
103000064,27,29,-2
103000065,0,11,-11
103000066,40,3,37
103000069,103,53,50
103000070,178,85,93
103000071,248,177,71
103000072,87,55,32
103000073,614,43,571
103000074,227,25,202
103000075,7,124,-117
103000076,95,322,-227
103000077,1,79,-78
103000078,236,403,-167
103000079,66,238,-172
103000080,401,179,222
103000081,102,461,-359
103000082,269,19,250
103000083,2,78,-76
103000084,22,4,18
103000085,0,2,-2
103000086,464,252,212
103000087,87,361,-274
103000088,199,153,46
103000089,101,330,-229
103000090,3744,2607,1137
103000091,816,899,-83
103000092,439,202,237
103000093,99,117,-18
103000094,193,83,110
103000095,7,40,-33
103000096,300,12,288
103000097,14,71,-57
103000098,387,18,369
103000099,31,61,-30
103000100,28,99,-71
103000101,581,37,544
103000102,15,113,-98
103000103,457,40,417
103000104,9,44,-35
103000105,147,7,140
103000106,1,35,-34
103000107,117,19,98
103000108,795,955,-160
103000109,185,632,-447
103000110,672,845,-173
103000111,62,172,-110
103000112,100,126,-26
103000113,36,429,-393
103000114,723,254,469
103000115,600,600,0
103000116,682,263,419
103000117,494,212,282
103000118,38,119,-81
103000119,81,88,-7
103000120,0,14,-14
103000121,11,75,-64
103000122,675,984,-309
103000125,0,22,-22
103000126,421,3,418
103000127,1,40,-39
103000128,62,2,60
103000129,1,48,-47
103000130,47,35,12
103000131,39,90,-51
103000132,7,52,-45
103000133,0,40,-40
103000134,117,177,-60
103000135,180,116,64
103000136,96,47,49
103000137,86,274,-188
103000138,185,330,-145
103000139,0,27,-27
103000140,46,23,23
103000141,2,45,-43
103000142,58,30,28
103000143,3,26,-23
103000144,77,15,62
103000145,2,13,-11
103000150,3,23,-20
103000152,36,160,-124
103000153,79,187,-108
103000156,1,78,-77
103000157,150,0,150
103000159,101,23,78
103000162,23,0,23
103000163,0,9,-9
103000164,1,5,-4
103000165,13,86,-73
103000166,84,242,-158
103000167,121,43,78
103000168,94,32,62
103000169,89,235,-146
103000170,626,207,419
103000171,13,30,-17
103000172,552,163,389
103000173,18,19,-1
103000174,651,148,503
103000175,48,34,14
103000176,175,340,-165
103000177,66,17,49
103000178,16,24,-8
103000179,51,4,47
103000183,155,54,101
103000185,109,3,106
103000186,199,38,161
103000187,8,5,3
103000188,5,42,-37
103000189,311,416,-105
103000191,165,147,18
103000292,40,254,-214
103000293,77,784,-707
103000295,27,19,8
103000296,15,2,13
103000297,7,3,4
103000504,13,0,13
103000505,2,2,0
103000506,1,32,-31
103000507,133,0,133
103000508,69,33,36
103000509,35,163,-128
103900001,0,0,0
103900002,0,0,0
103900003,46,5,41
103900004,2,0,2
103900005,1,0,1
103900006,0,0,0
103900007,0,0,0
103900008,2,0,2
103900009,54,0,54
103900010,23,0,23
103900011,0,0,0
103900012,0,2,-2
103900013,0,0,0
103900014,13,1,12
103900015,25,1,24
103900016,0,0,0
103900017,0,0,0
103900018,0,0,0
103900019,1,76,-75
103900020,0,0,0
103900021,18,0,18
103900022,95,1,94
103900023,29,0,29
103900024,1,16,-15
103900025,0,0,0
103900026,0,0,0
103900027,32,1,31
103900028,8,10,-2
103900029,117,1,116
103900030,19,2,17
103900031,16,0,16
103900032,0,7,-7
103900033,0,0,0
103900034,6,0,6
103900035,0,0,0
103900036,4,1,3
103900037,2,0,2
103900038,2,35,-33
103900039,0,0,0
103900040,0,0,0
103900041,0,2,-2
103900042,0,0,0
103900043,0,0,0
103900044,3,66,-63
103900045,8,6,2
103900047,0,0,0
103900048,0,0,0
103900049,0,0,0
103900050,3,0,3
103900051,0,0,0
103900052,0,0,0
103900053,0,0,0
103900054,0,0,0
103900055,0,0,0
103900056,0,0,0
103900057,44,7,37
103900058,0,0,0
103900059,0,0,0
103900060,53,6,47
103900061,18,0,18
103900062,0,0,0
103900063,0,0,0
103900064,9,0,9
103900065,32,2,30
103900066,17,0,17
103900067,17,0,17
103900068,0,0,0
103900069,2,0,2
103900070,16,1,15
103900071,0,1,-1
103900072,0,1,-1
103900073,0,8,-8
103900074,1,0,1
103900075,0,0,0
103900076,0,0,0
103900077,3,25,-22
103900078,2,3,-1
103900079,0,0,0
103900080,0,0,0
103900081,0,0,0
103900082,0,0,0
103900083,71,214,-143
103900084,0,0,0
103900085,0,0,0
103900086,27,24,3
103900087,0,0,0
103900088,3,30,-27
103900089,0,0,0
103900090,0,0,0
103900091,0,0,0
103900092,0,0,0
103900093,50,4,46
103900094,0,0,0
103900095,0,0,0
103900096,125,5,120
103900097,0,0,0
103900098,0,0,0
103900099,47,4,43
103900100,0,0,0
103900101,0,0,0
103900102,0,0,0
103900104,0,0,0
103900105,0,0,0
103900106,0,0,0
103900107,27,2,25
103900108,0,11,-11
103900109,18,1,17
103900110,0,0,0
103900111,0,0,0
103900112,0,0,0
103900113,0,0,0
103900114,0,0,0
103900115,0,0,0
103900116,0,8,-8
103900117,3,0,3
103900119,1,30,-29
103900120,1,2,-1
103900122,0,0,0
103900123,0,0,0
103900124,0,0,0
103900125,0,0,0
103900126,47,8,39
103900127,0,4,-4
103900128,0,0,0
103900131,0,0,0
103900133,86,0,86
103900134,0,0,0
103900135,1,0,1
103900137,0,0,0
103900138,0,0,0
103900139,12,67,-55
103900140,0,0,0
103900141,18,0,18
103900142,46,0,46
103900143,13,0,13
103900144,0,0,0
103900145,3,13,-10
103900146,33,0,33
103900147,0,0,0
103900148,0,0,0
103900149,59,8,51
103900150,117,50,67
103900151,0,0,0
103900152,217,5,212
103900153,0,0,0
103900154,0,3,-3
103900155,7,0,7
103900156,0,0,0
103900157,3,0,3
103900158,24,0,24
103900159,0,0,0
103900160,0,0,0
103900161,1,2,-1
103900162,0,0,0
103900163,0,0,0
103900164,11,0,11
103900167,0,10,-10
103900168,8,0,8
103900169,0,23,-23
103900170,0,0,0
103900171,0,0,0
103900172,0,0,0
103900173,0,0,0
103900174,26,0,26
103900175,0,8,-8
103900176,0,0,0
103900177,0,0,0
103900178,0,0,0
103900179,0,0,0
103900180,0,0,0
103900181,0,0,0
103900182,0,0,0
103900184,0,0,0
103900185,0,0,0
103900187,0,2,-2
103900188,0,0,0
103900189,2,1,1
103900190,2,0,2
103900191,0,0,0
103900192,0,0,0
103900193,0,0,0
103900194,0,0,0
103900195,0,0,0
103900196,0,0,0
103900197,0,0,0
103900198,0,0,0
103900199,0,0,0
103900200,0,0,0
103900201,0,0,0
103900202,0,0,0
103900203,1,2,-1
103900204,0,0,0
103900207,0,0,0
103900208,11,0,11
103900209,0,0,0
103900210,0,0,0
103900211,138,3,135
103900212,0,0,0
103900213,0,0,0
103900214,121,248,-127
103900215,0,0,0
103900216,0,12,-12
103900217,21,0,21
103900218,0,0,0
103900219,0,0,0
103900233,0,0,0
103900235,0,0,0
103900236,0,0,0
103900242,0,0,0
103900243,0,0,0
103900244,7,1,6
103900245,0,0,0
103900246,2,0,2
103900247,0,0,0
103900248,0,0,0
103900249,0,0,0
103900250,0,0,0
103900251,0,0,0
103900253,0,0,0
103900254,0,0,0
103900255,0,0,0
103900256,0,0,0
103900257,0,0,0
103900258,0,0,0
103900259,0,0,0
103900261,0,0,0
103900262,0,0,0
103900263,0,0,0
103900264,0,0,0
103900265,0,0,0
103900266,0,1,-1
103900267,0,0,0
104000001,1120,754,366
104000002,1231,1830,-599
104000003,1048,1331,-283
104000004,1585,1660,-75
104000005,930,1349,-419
104000006,1177,1085,92
104000007,2615,1612,1003
104000008,107,46,61
104000009,446,289,157
104000010,107,228,-121
104000011,18,8,10
104000012,17,20,-3
104000013,151,269,-118
104000014,43,21,22
104000015,250,83,167
104000016,53,14,39
104000018,739,127,612
104000019,853,290,563
104000020,65,253,-188
104000021,155,374,-219
104000022,74,171,-97
104000023,527,117,410
104000024,17,18,-1
104000026,14,3,11
104000027,47,15,32
104000028,575,146,429
104000029,24,24,0
104000030,442,437,5
104000031,860,79,781
104000032,50,23,27
104000033,628,78,550
104000034,91,22,69
104000035,776,103,673
104000036,653,205,448
104000037,14,12,2
104000038,355,119,236
104000039,243,171,72
104000040,48,262,-214
104000041,357,131,226
104000042,215,158,57
104000043,21,158,-137
104000044,98,100,-2
104000045,378,109,269
104000046,223,197,26
104000047,177,563,-386
104000048,404,858,-454
104000049,278,88,190
104000050,51,140,-89
104000051,23,50,-27
104000052,742,790,-48
104000053,567,84,483
104000054,251,20,231
104000055,1028,310,718
104000056,225,7,218
104000057,0,0,0
104000058,603,225,378
104000059,275,559,-284
104000060,387,260,127
104000061,333,133,200
104000062,59,30,29
104000064,212,43,169
104000065,7,106,-99
104000069,515,829,-314
104000070,25,173,-148
104000071,0,0,0
104000072,75,43,32
104000075,0,0,0
104000076,0,0,0
104000082,557,882,-325
104000083,429,74,355
104000084,95,339,-244
104000085,259,61,198
104000086,99,163,-64
104000087,45,119,-74
104000090,37,54,-17
104000092,75,116,-41
104000094,124,67,57
104000095,551,624,-73
104000096,827,3,824
104000097,1138,102,1036
104000098,1242,111,1131
104000100,1114,141,973
104000101,810,610,200
104000106,42,120,-78
104000107,735,174,561
104000108,145,36,109
104000109,63,39,24
104000110,183,324,-141
104000111,380,580,-200
104000112,75,91,-16
104000116,0,110,-110
104000117,110,54,56
104000118,352,64,288
104000119,43,61,-18
104000120,107,88,19
104000121,75,201,-126
104000122,468,258,210
104000123,385,234,151
104000124,312,761,-449
104000125,353,510,-157
104000126,340,360,-20
104000127,494,768,-274
104000128,612,219,393
104000129,40,3,37
104000130,0,77,-77
104000131,6,1,5
104000132,3,4,-1
104000133,328,277,51
104000134,440,881,-441
104000135,139,990,-851
104000136,523,1793,-1270
104000137,851,260,591
104000138,156,31,125
104000139,1367,1700,-333
104000141,380,381,-1
104000142,211,122,89
104000143,132,21,111
104000144,34,69,-35
104000145,266,90,176
104000146,36,125,-89
104000147,23,91,-68
104000148,203,160,43
104000149,33,72,-39
104000150,602,145,457
104000151,116,92,24
104000152,166,84,82
104000153,550,414,136
104000154,190,272,-82
104000155,412,440,-28
104000157,537,385,152
104000158,55,219,-164
104000159,298,184,114
104000160,1059,1640,-581
104000161,64,35,29
104000162,69,56,13
104000165,247,236,11
104000167,234,647,-413
104000168,403,0,403
104000169,61,11,50
104000170,11,6,5
104000248,0,86,-86
104000251,0,0,0
104000272,0,0,0
104000273,0,0,0
104000274,0,0,0
104000275,0,0,0
104000279,280,736,-456
104000290,5,15,-10
104000291,418,499,-81
104000293,334,279,55
104000294,0,0,0
104000295,285,791,-506
104000296,119,193,-74
104000297,262,1426,-1164
104000298,452,266,186
104000299,400,907,-507
104900001,0,0,0
104900002,0,0,0
104900003,0,0,0
104900004,0,0,0
104900005,0,0,0
104900006,0,0,0
104900007,0,0,0
104900009,0,0,0
104900010,0,0,0
104900011,0,0,0
104900012,0,0,0
104900013,0,0,0
104900014,0,0,0
104900015,0,0,0
104900016,0,0,0
104900017,0,0,0
104900018,0,0,0
104900019,0,0,0
104900020,0,0,0
104900021,0,0,0
104900022,0,3,-3
104900023,0,0,0
104900024,0,43,-43
104900025,0,0,0
104900026,0,0,0
104900027,0,0,0
104900028,0,13,-13
104900029,0,0,0
104900030,0,0,0
104900031,1,0,1
104900032,0,0,0
104900033,0,0,0
104900034,0,0,0
104900035,0,0,0
104900036,0,0,0
104900037,0,0,0
104900038,0,0,0
104900039,0,0,0
104900040,1,0,1
104900041,0,0,0
104900042,0,0,0
104900043,0,0,0
104900044,29,1,28
104900045,0,0,0
104900046,0,0,0
104900047,86,5,81
104900048,69,3,66
104900049,0,0,0
104900050,0,0,0
104900051,12,2,10
104900052,0,0,0
104900053,93,3,90
104900054,8,0,8
104900055,0,0,0
104900056,28,0,28
104900057,0,0,0
104900058,6,0,6
104900059,51,18,33
104900060,0,0,0
104900061,0,0,0
104900063,0,0,0
104900064,0,0,0
104900065,0,0,0
104900066,0,0,0
104900067,0,0,0
104900068,0,0,0
104900070,0,0,0
104900071,0,0,0
104900072,0,0,0
104900073,0,0,0
104900074,0,0,0
104900075,0,0,0
104900076,0,0,0
104900077,0,0,0
104900078,0,0,0
104900079,0,0,0
104900080,0,0,0
104900082,0,0,0
104900085,0,0,0
104900087,28,0,28
104900089,0,0,0
104900090,0,0,0
104900091,0,0,0
104900093,0,0,0
104900097,0,0,0
104900098,0,0,0
104900099,0,0,0
104900100,0,0,0
104900102,0,0,0
104900103,0,0,0
104900104,0,0,0
104900106,0,0,0
104900107,0,0,0
104900108,0,0,0
104900109,0,0,0
104900110,0,0,0
104900111,0,0,0
104900112,0,0,0
104900113,0,0,0
104900114,0,0,0
104900115,0,0,0
104900116,0,0,0
104900118,0,0,0
104900119,0,0,0
104900120,0,0,0
104900121,0,0,0
104900122,0,0,0
104900123,0,0,0
104900124,0,0,0
104900125,33,0,33
104900126,0,0,0
104900127,0,0,0
104900128,33,1,32
104900129,0,0,0
105000001,1035,533,502
105000002,810,816,-6
105000003,982,1244,-262
105000004,407,709,-302
105000005,391,630,-239
105000006,523,1084,-561
105000007,523,996,-473
105000008,506,1653,-1147
105000009,2183,1608,575
105000010,1082,571,511
105000011,1742,1985,-243
105000012,607,830,-223
105000013,387,599,-212
105000014,2033,1447,586
105000015,4364,6098,-1734
105000016,1242,1009,233
105000017,1232,630,602
105000018,1681,730,951
105000019,944,948,-4
105000020,138,233,-95
105000021,81,23,58
105000022,48,39,9
105000023,233,216,17
105000028,3,156,-153
105000029,134,435,-301
105000030,2010,1492,518
105000033,407,600,-193
105000034,20,448,-428
105000037,218,28,190
105000038,526,596,-70
105000039,246,612,-366
105000040,382,990,-608
105000041,95,373,-278
105000042,926,782,144
105000043,359,372,-13
105000044,464,175,289
105000045,79,160,-81
105000046,476,139,337
105000047,165,176,-11
105000048,551,216,335
105000049,179,125,54
105000050,541,214,327
105000051,107,61,46
105000052,207,216,-9
105000053,144,21,123
105000054,127,230,-103
105000055,411,34,377
105000056,804,433,371
105000057,1265,167,1098
105000058,375,370,5
105000059,628,219,409
105000060,322,82,240
105000061,391,156,235
105000062,264,127,137
105000063,81,38,43
105000064,1050,194,856
105000065,28,68,-40
105000066,294,119,175
105000067,789,395,394
105000068,40,135,-95
105000069,534,581,-47
105000070,331,585,-254
105000071,150,1112,-962
105000072,799,1385,-586
105000073,565,442,123
105000074,73,120,-47
105000075,129,302,-173
105000076,469,347,122
105000077,1259,260,999
105000078,332,714,-382
105000079,174,275,-101
105000080,1557,1472,85
105000081,232,171,61
105000082,555,819,-264
105000083,1835,1779,56
105000084,91,118,-27
105000085,2202,1448,754
105000086,113,119,-6
105000087,63,173,-110
105000088,1112,1021,91
105000089,674,757,-83
105000090,209,299,-90
105000091,252,193,59
105000092,146,134,12
105000093,70,96,-26
105000094,242,96,146
105000095,31,136,-105
105000096,534,674,-140
105000097,134,98,36
105000098,626,307,319
105000099,128,63,65
105000100,495,221,274
105000101,1106,636,470
105000102,580,239,341
105000103,744,526,218
105000104,705,187,518
105000105,753,436,317
105000106,774,357,417
105000107,582,178,404
105000108,868,223,645
105000109,854,355,499
105000110,549,117,432
105000111,496,118,378
105000112,524,222,302
105000113,246,394,-148
105000114,741,794,-53
105000115,223,760,-537
105000116,613,299,314
105000117,119,100,19
105000118,256,149,107
105000119,93,113,-20
105000120,870,313,557
105000121,181,92,89
105000122,266,249,17
105000123,256,201,55
105000124,1070,214,856
105000125,340,208,132
105000126,773,260,513
105000127,1311,306,1005
105000128,145,148,-3
105000129,307,116,191
105000130,115,1756,-1641
105000131,79,65,14
105000132,611,373,238
105000133,155,119,36
105000134,461,152,309
105000135,39,47,-8
105000136,0,0,0
105000137,119,62,57
105000138,0,0,0
105000139,221,145,76
105000140,203,43,160
105000141,86,107,-21
105000142,353,83,270
105000143,92,187,-95
105000144,61,84,-23
105000145,313,124,189
105000146,0,0,0
105000147,414,71,343
105000148,229,165,64
105000149,922,510,412
105000150,41,47,-6
105000151,231,49,182
105000152,78,102,-24
105000153,283,83,200
105000154,187,96,91
105000155,113,86,27
105000156,57,95,-38
105000157,311,204,107
105000158,758,128,630
105000159,143,104,39
105000160,1031,227,804
105000161,244,125,119
105000162,193,799,-606
105000163,392,186,206
105000164,37,57,-20
105000165,52,2152,-2100
105000166,253,415,-162
105000167,322,1064,-742
105000168,135,132,3
105000169,227,8,219
105000170,48,406,-358
105000171,471,58,413
105000172,72,1,71
105000173,177,19,158
105000174,8,18,-10
105000175,0,0,0
105000176,167,18,149
105000177,224,71,153
105000178,131,66,65
105000179,379,8,371
105000180,0,0,0
105000181,58,15,43
105000182,0,0,0
105000183,696,1663,-967
105000184,0,4,-4
105000185,189,351,-162
105000186,0,7,-7
105000187,284,175,109
105000188,32,109,-77
105000189,2,3,-1
105000190,105,138,-33
105000191,1,19,-18
105000192,159,27,132
105000193,30,10,20
105000194,225,5,220
105000195,64,117,-53
105000196,98,123,-25
105000197,16,122,-106
105000198,33,53,-20
105000199,18,199,-181
105000200,129,187,-58
105000201,61,11,50
105000203,0,179,-179
105000204,15,38,-23
105000205,58,175,-117
105000207,0,0,0
105000208,54,160,-106
105000209,0,0,0
105000212,401,148,253
105000213,61,8,53
105000214,34,33,1
105000215,60,62,-2
105000216,24,2,22
105000217,0,0,0
105000218,859,269,590
105000221,62,25,37
105000222,28,28,0
105000223,39,9,30
105000226,32,23,9
105000227,23,48,-25
105000228,18,511,-493
105000229,119,286,-167
105000231,237,61,176
105000233,394,295,99
105000234,263,411,-148
105000235,250,194,56
105000237,387,26,361
105000243,112,53,59
105000248,13,11,2
105000262,216,49,167
105000269,54,47,7
105000270,253,2,251
105000271,0,14,-14
105000282,16,6,10
105000287,123,22,101
105000288,263,131,132
105000289,552,800,-248
105000290,1,84,-83
105000402,368,1232,-864
105000426,33,308,-275
105000438,622,676,-54
105000446,1940,4050,-2110
105000447,2747,495,2252
105000454,0,0,0
105000455,75,34,41
105000474,49,0,49
105000477,204,192,12
105000478,892,2654,-1762
105000479,61,53,8
105000480,2555,3373,-818
105000481,1511,1037,474
105000482,1047,1520,-473
105000483,619,1108,-489
105000484,692,1356,-664
105000485,1265,1500,-235
105000486,710,2079,-1369
105000488,719,1958,-1239
105000489,736,237,499
105000549,33,26,7
105000550,0,0,0
105000551,18,29,-11
105000552,852,338,514
105900001,0,37,-37
105900002,179,71,108
105900003,0,0,0
105900004,0,0,0
105900005,0,0,0
105900006,6,0,6
105900007,0,0,0
105900008,0,0,0
105900009,0,0,0
105900011,2,0,2
105900012,42,11,31
105900013,1,0,1
105900014,0,1,-1
105900015,0,0,0
105900016,39,10,29
105900017,0,0,0
105900018,0,0,0
105900019,2,5,-3
105900020,0,0,0
105900021,0,5,-5
105900022,0,0,0
105900023,0,2,-2
105900024,1,1,0
105900025,11,0,11
105900026,0,0,0
105900027,376,65,311
105900028,3,0,3
105900029,304,36,268
105900030,50,35,15
105900031,0,0,0
105900032,0,0,0
105900033,0,0,0
105900034,0,0,0
105900035,0,0,0
105900036,0,0,0
105900037,0,0,0
105900038,0,0,0
105900039,0,0,0
105900040,0,0,0
105900041,0,0,0
105900042,0,0,0
105900043,46,1,45
105900044,0,0,0
105900045,0,0,0
105900046,0,0,0
105900047,0,0,0
105900048,51,0,51
105900050,78,143,-65
105900051,0,21,-21
105900052,11,1,10
105900053,0,0,0
105900054,0,0,0
105900056,24,21,3
105900057,8,6,2
105900058,0,0,0
105900059,0,0,0
106000001,1232,740,492
106000002,100,730,-630
106000003,1406,1752,-346
106000004,465,2068,-1603
106000005,2262,2669,-407
106000006,1287,1393,-106
106000007,562,173,389
106000008,42,86,-44
106000009,341,182,159
106000010,32,105,-73
106000011,947,547,400
106000012,237,291,-54
106000013,1660,838,822
106000014,224,315,-91
106000015,1788,721,1067
106000016,295,317,-22
106000017,1018,359,659
106000018,64,155,-91
106000019,542,245,297
106000020,33,29,4
106000021,395,242,153
106000022,39,30,9
106000023,1035,265,770
106000024,113,75,38
106000025,316,311,5
106000026,9,25,-16
106000027,1578,712,866
106000028,24,50,-26
106000029,18,16,2
106000030,0,0,0
106000034,0,0,0
106000035,345,753,-408
106000036,0,0,0
106000037,184,70,114
106000038,1,11,-10
106000039,18,13,5
106000040,0,86,-86
106000041,361,166,195
106000043,175,35,140
106000046,60,4,56
106000047,0,0,0
106000049,506,17,489
106000050,98,70,28
106000051,497,210,287
106000052,0,0,0
106000053,286,68,218
106000054,0,0,0
106000055,411,47,364
106000056,0,0,0
106000057,276,27,249
106000058,0,0,0
106000059,382,63,319
106000060,0,0,0
106000061,123,521,-398
106000062,0,0,0
106000063,556,569,-13
106000064,0,0,0
106000065,427,77,350
106000066,55,13,42
106000067,276,76,200
106000068,46,8,38
106000069,148,32,116
106000070,96,13,83
106000071,495,116,379
106000072,416,655,-239
106000073,517,1344,-827
106000074,354,468,-114
106000075,158,353,-195
106000076,818,314,504
106000077,998,394,604
106000078,654,140,514
106000079,590,176,414
106000080,616,60,556
106000081,539,169,370
106000082,788,62,726
106000083,258,409,-151
106000084,714,135,579
106000085,383,354,29
106000086,283,202,81
106000087,373,123,250
106000088,218,238,-20
106000089,511,52,459
106000090,354,331,23
106000091,81,96,-15
106000092,208,92,116
106000093,405,39,366
106000094,0,0,0
106000095,555,104,451
106000096,732,105,627
106000097,543,60,483
106000098,655,106,549
106000099,71,71,0
106000100,873,51,822
106000101,646,43,603
106000102,29,85,-56
106000103,33,178,-145
106000104,380,178,202
106000105,90,210,-120
106000106,424,149,275
106000107,79,121,-42
106000108,233,84,149
106000109,33,80,-47
106000110,135,63,72
106000111,30,96,-66
106000112,137,189,-52
106000113,115,240,-125
106000114,154,123,31
106000115,49,229,-180
106000116,193,130,63
106000117,28,132,-104
106000118,520,442,78
106000119,25,174,-149
106000120,371,517,-146
106000121,106,83,23
106000122,155,59,96
106000123,222,23,199
106000124,185,34,151
106000125,36,70,-34
106000126,285,42,243
106000127,368,81,287
106000128,484,78,406
106000129,183,101,82
106000130,651,155,496
106000131,16,333,-317
106000132,312,52,260
106000133,125,600,-475
106000134,266,1031,-765
106000135,4,123,-119
106000136,462,583,-121
106000137,0,131,-131
106000138,816,18,798
106000139,125,57,68
106000140,0,0,0
106000141,0,0,0
106000142,123,49,74
106000143,0,0,0
106000144,77,69,8
106000145,0,0,0
106000146,340,96,244
106000147,161,107,54
106000148,135,372,-237
106000149,499,158,341
106000150,290,683,-393
106000151,748,338,410
106000152,525,1019,-494
106000153,26,479,-453
106000154,500,88,412
106000155,80,103,-23
106000156,818,39,779
106000157,138,549,-411
106000158,499,388,111
106000159,443,621,-178
106000160,205,972,-767
106000161,155,72,83
106000162,210,457,-247
106000163,98,60,38
106000164,341,80,261
106000165,59,92,-33
106000166,477,82,395
106000167,201,306,-105
106000168,358,73,285
106000169,202,166,36
106000170,354,41,313
106000171,114,429,-315
106000172,850,110,740
106000173,559,657,-98
106000174,504,17,487
106000175,87,9,78
106000176,908,190,718
106000177,196,169,27
106000178,1276,166,1110
106000179,112,81,31
106000180,326,268,58
106000181,509,454,55
106000182,1203,75,1128
106000183,950,114,836
106000184,521,142,379
106000185,308,318,-10
106000186,90,11,79
106000187,13,269,-256
106000188,0,0,0
106000189,3,26,-23
106000190,12,5,7
106000191,129,5,124
106000192,0,0,0
106000193,64,61,3
106000194,14,66,-52
106000195,28,45,-17
106000196,9,234,-225
106000197,178,31,147
106000198,31,26,5
106000199,186,116,70
106000200,7,136,-129
106000201,75,1339,-1264
106000202,215,179,36
106000203,0,0,0
106000204,15,1,14
106000205,0,0,0
106000206,34,19,15
106000207,0,11,-11
106000208,659,39,620
106000209,994,167,827
106000210,14,23,-9
106000211,15,46,-31
106000212,852,146,706
106000213,17,81,-64
106000214,671,164,507
106000215,50,139,-89
106000216,326,96,230
106000217,55,116,-61
106000218,292,44,248
106000219,65,75,-10
106000220,368,46,322
106000221,129,85,44
106000222,66,22,44
106000223,155,54,101
106000224,88,64,24
106000225,15,116,-101
106000226,27,135,-108
106000228,0,0,0
106000229,0,0,0
106000231,468,8,460
106000232,0,0,0
106000233,131,7,124
106000234,0,0,0
106000235,13,14,-1
106000236,0,0,0
106000237,0,0,0
106000238,0,18,-18
106000239,0,0,0
106000240,0,0,0
106000241,0,95,-95
106000242,67,22,45
106000249,153,19,134
106000250,2,143,-141
106000251,54,3,51
106000252,0,0,0
106000253,39,3,36
106000254,0,0,0
106000255,36,3,33
106000256,0,0,0
106000257,9,40,-31
106000258,12,3,9
106000259,0,0,0
106000260,0,0,0
106000261,0,0,0
106000262,8,0,8
106000263,0,0,0
106000264,96,1,95
106000265,0,0,0
106000266,75,0,75
106000267,0,0,0
106000268,111,0,111
106000269,0,0,0
106000270,25,6,19
106000271,11,2,9
106000272,0,0,0
106000273,0,7,-7
106000274,0,0,0
106000275,21,36,-15
106000276,0,0,0
106000277,6,17,-11
106000278,0,0,0
106000279,0,0,0
106000280,0,0,0
106000281,0,0,0
106000282,0,0,0
106000283,0,0,0
106000284,0,0,0
106000285,0,0,0
106000286,0,0,0
106000287,0,0,0
106000288,0,0,0
106000289,0,0,0
106000290,0,0,0
106000291,0,0,0
106000292,0,0,0
106000293,0,0,0
106000294,0,0,0
106000295,0,0,0
106000296,0,0,0
106000297,0,0,0
106000298,0,0,0
106000299,0,0,0
106000300,0,0,0
106000301,0,0,0
106000303,1,2,-1
106000304,0,0,0
106000305,20,1,19
106000306,0,0,0
106000307,71,0,71
106000308,0,0,0
106000309,0,0,0
106000310,206,86,120
106000311,131,19,112
106000312,50,41,9
106000313,21,15,6
106000318,0,0,0
106000319,454,108,346
106000320,1,33,-32
106000321,10,102,-92
106000322,102,40,62
106000324,10,53,-43
106000325,1860,443,1417
106000326,144,282,-138
106000327,244,5,239
106000328,2,22,-20
106000329,4,38,-34
106000330,1,39,-38
106000428,44,184,-140
106000429,9,173,-164
106000430,34,375,-341
106000431,1137,121,1016
106000432,63,479,-416
106000433,1447,699,748
106000434,2104,864,1240
106000435,101,450,-349
106000436,0,30,-30
106000437,252,51,201
106000438,42,240,-198
106000439,1,58,-57
106000440,56,116,-60
106000441,0,0,0
106000442,14,4,10
106000443,214,227,-13
106000450,0,0,0
106000451,11,68,-57
106000454,0,0,0
106000455,0,5,-5
106000456,23,1,22
106000457,0,0,0
106000458,600,39,561
106000459,0,0,0
106000460,639,15,624
106000461,0,0,0
106000462,0,0,0
106000463,1,2,-1
106000464,0,0,0
106000465,472,2,470
106000466,0,0,0
106000467,0,60,-60
106000468,30,73,-43
106000469,46,0,46
106000470,1,13,-12
106000471,0,0,0
106000472,95,4,91
106000473,0,0,0
106000474,54,106,-52
106000475,110,135,-25
106000476,109,152,-43
106000477,0,0,0
106900001,0,0,0
106900002,0,0,0
106900003,0,0,0
106900004,2,0,2
106900006,0,0,0
106900007,0,0,0
106900008,0,0,0
106900009,0,0,0
106900010,0,0,0
106900012,0,0,0
106900013,0,0,0
106900014,0,0,0
106900015,0,0,0
106900016,0,0,0
106900017,0,0,0
106900018,0,0,0
106900019,12,0,12
106900020,0,0,0
106900021,2,0,2
106900022,0,0,0
106900023,0,0,0
106900024,0,0,0
106900025,0,0,0
106900026,0,0,0
106900027,310,2,308
107000001,1781,2366,-585
107000002,540,831,-291
107000003,4704,4868,-164
107000004,1263,833,430
107000005,4058,3216,842
107000006,1256,751,505
107000007,3135,3748,-613
107000008,1653,1390,263
107000009,7398,6930,468
107000010,2124,1444,680
107000011,87,131,-44
107000012,805,228,577
107000013,0,0,0
107000014,0,0,0
107000015,0,0,0
107000016,0,0,0
107000017,339,156,183
107000018,1,117,-116
107000020,275,388,-113
107000021,216,99,117
107000022,258,475,-217
107000023,749,82,667
107000024,298,696,-398
107000025,76,95,-19
107000026,84,166,-82
107000027,604,181,423
107000028,416,260,156
107000029,1592,1095,497
107000030,697,673,24
107000031,2037,1002,1035
107000032,162,391,-229
107000033,904,1216,-312
107000034,722,198,524
107000035,97,125,-28
107000036,158,467,-309
107000037,53,524,-471
107000038,44,42,2
107000039,298,542,-244
107000040,113,37,76
107000041,419,231,188
107000042,154,695,-541
107000043,385,298,87
107000044,105,247,-142
107000045,47,195,-148
107000046,383,163,220
107000047,238,353,-115
107000048,362,197,165
107000049,247,330,-83
107000050,330,267,63
107000051,276,317,-41
107000052,345,424,-79
107000053,193,184,9
107000054,14,252,-238
107000055,103,78,25
107000056,771,837,-66
107000057,532,235,297
107000058,1717,1878,-161
107000059,277,397,-120
107000060,3624,3362,262
107000061,1081,707,374
107000062,3457,1626,1831
107000063,842,681,161
107000064,2726,1910,816
107000065,557,732,-175
107000066,1334,1778,-444
107000067,610,373,237
107000068,368,464,-96
107000069,434,695,-261
107000070,398,1,397
107000071,1693,4,1689
107000072,1,173,-172
107000073,402,110,292
107000074,42,72,-30
107000075,1632,155,1477
107000076,11,144,-133
107000077,1788,211,1577
107000078,39,162,-123
107000079,1498,295,1203
107000080,114,134,-20
107000081,1462,298,1164
107000082,150,241,-91
107000083,905,399,506
107000084,142,388,-246
107000085,1373,1103,270
107000086,597,801,-204
107000087,1260,919,341
107000088,489,646,-157
107000089,631,768,-137
107000090,219,204,15
107000091,688,333,355
107000092,98,245,-147
107000093,396,637,-241
107000094,152,257,-105
107000095,890,531,359
107000096,75,167,-92
107000097,345,292,53
107000098,86,327,-241
107000099,232,287,-55
107000100,24,177,-153
107000101,118,187,-69
107000102,168,295,-127
107000103,281,147,134
107000104,86,151,-65
107000105,485,104,381
107000106,61,47,14
107000107,442,84,358
107000108,63,141,-78
107000109,286,53,233
107000110,0,0,0
107000111,210,19,191
107000112,0,0,0
107000113,579,24,555
107000114,0,4,-4
107000115,566,44,522
107000116,0,1,-1
107000117,92,292,-200
107000118,0,0,0
107000119,343,751,-408
107000120,0,0,0
107000121,454,242,212
107000122,236,216,20
107000123,416,237,179
107000124,186,157,29
107000125,568,107,461
107000126,227,149,78
107000127,0,0,0
107000129,76,43,33
107000130,212,321,-109
107000131,64,278,-214
107000132,222,162,60
107000133,115,4,111
107000134,163,0,163
107000135,2,83,-81
107000136,370,0,370
107000137,1,147,-146
107000138,28,0,28
107000139,0,112,-112
107000140,404,1,403
107000141,20,87,-67
107000142,67,9,58
107000143,2,90,-88
107000144,165,182,-17
107000145,17,89,-72
107000146,162,63,99
107000147,244,218,26
107000150,360,1093,-733
107000151,6,1,5
107000152,89,599,-510
107000153,4,29,-25
107000154,0,46,-46
107000155,489,15,474
107000156,577,5,572
107000157,8,230,-222
107000158,306,5,301
107000159,2,90,-88
107000160,721,48,673
107000161,4,114,-110
107000162,107,283,-176
107000163,60,0,60
107000164,350,0,350
107000165,761,1,760
107000166,1,71,-70
107000167,270,46,224
107000168,667,92,575
107000169,40,91,-51
107000170,1405,385,1020
107000171,143,202,-59
107000172,788,687,101
107000173,153,107,46
107000174,327,1772,-1445
107000175,823,158,665
107000176,20,0,20
107000177,0,0,0
107000178,40,3,37
107000179,117,279,-162
107000180,1096,107,989
107000181,131,69,62
107000182,1429,82,1347
107000183,57,45,12
107000184,457,64,393
107000185,96,70,26
107000186,512,78,434
107000187,457,477,-20
107000188,53,79,-26
107000189,248,232,16
107000190,171,84,87
107000191,372,452,-80
107000192,368,61,307
107000193,95,224,-129
107000194,238,68,170
107000197,450,59,391
107000198,111,205,-94
107000199,345,231,114
107000200,102,238,-136
107000201,83,76,7
107000202,128,257,-129
107000203,110,541,-431
107000204,151,1168,-1017
107000205,199,139,60
107000206,59,751,-692
107000207,108,186,-78
107000208,99,151,-52
107000209,140,226,-86
107000210,18,101,-83
107000211,1,23,-22
107000212,0,26,-26
107000213,0,15,-15
107000214,0,18,-18
107000215,102,67,35
107000216,121,75,46
107000217,28,17,11
107000219,36,80,-44
107000220,33,26,7
107000222,18,57,-39
107000224,177,12,165
107000225,57,168,-111
107000226,187,10,177
107000227,17,90,-73
107000228,2,80,-78
107000229,24,32,-8
107000230,131,103,28
107000231,337,392,-55
107000232,55,3,52
107000233,26,127,-101
107000234,2,111,-109
107000235,105,9,96
107000236,0,0,0
107000237,20,0,20
107000238,30,0,30
107000239,521,128,393
107000240,10,43,-33
107000241,2,2,0
107000242,4,3,1
107000243,0,69,-69
107000244,6,0,6
107000246,0,24,-24
107000249,2,26,-24
107000251,0,3,-3
107000252,1,71,-70
107000255,52,1,51
107000257,0,158,-158
107000258,0,25,-25
107000259,0,12,-12
107000260,1069,7,1062
107000262,0,25,-25
107000263,384,7,377
107000266,24,31,-7
107000267,0,32,-32
107000268,55,34,21
107000269,4,3,1
107000270,38,35,3
107000271,0,0,0
107000272,31,0,31
107000273,1,55,-54
107000274,201,63,138
107000275,8,53,-45
107000280,535,16,519
107000281,1,60,-59
107000282,4,177,-173
107000290,4,15,-11
107000291,2,5,-3
107000292,0,35,-35
107000293,7,4,3
107000294,0,24,-24
107000295,22,0,22
107000296,0,9,-9
107000444,129,3,126
107000496,0,4,-4
107000497,148,225,-77
107000500,210,82,128
107000501,25,35,-10
107000502,89,55,34
107000505,56,253,-197
107000506,0,1,-1
107000508,2,35,-33
107000509,47,302,-255
107000510,21,42,-21
107000514,19,88,-69
107000515,2,36,-34
107000516,329,92,237
107000518,597,416,181
107000519,85,29,56
107000520,26,30,-4
107900001,2,0,2
107900002,19,0,19
107900003,37,2,35
107900004,10,0,10
107900005,752,2,750
107900006,14,0,14
107900007,95,1,94
107900008,16,0,16
107900009,3,0,3
107900010,0,0,0
107900012,47,2,45
107900013,12,1,11
107900014,5,0,5
107900015,302,4,298
107900016,38,5,33
107900017,3,0,3
107900018,15,51,-36
107900019,10,2,8
107900020,0,0,0
107900021,5,0,5
107900023,7,0,7
107900024,0,0,0
107900025,52,24,28
107900026,18,0,18
107900027,0,0,0
107900028,15,0,15
107900030,38,2,36
107900031,41,1,40
107900032,5,0,5
107900033,4,1,3
107900034,26,1,25
107900035,311,8,303
107900036,6,3,3
107900037,0,0,0
107900038,0,45,-45
107900039,0,0,0
107900040,0,0,0
107900041,0,0,0
107900043,8,7,1
107900044,2,4,-2
107900045,29,24,5
107900046,48,22,26
107900047,0,0,0
107900048,17,2,15
107900049,1,86,-85
107900050,1,9,-8
107900051,21,0,21
107900052,0,0,0
107900053,3,0,3
107900055,70,18,52
107900056,14,43,-29
107900057,0,0,0
107900058,2,32,-30
107900060,0,0,0
107900061,0,0,0
107900063,3,32,-29
107900064,82,103,-21
107900065,118,1,117
107900066,2,0,2
107900067,0,0,0
107900068,27,125,-98
107900069,2,615,-613
107900070,9,28,-19
107900071,1,31,-30
107900072,56,8,48
107900073,0,0,0
107900074,0,0,0
107900076,28,2,26
107900077,5,1,4
107900078,29,18,11
107900079,4,4,0
107900080,4,37,-33
107900081,0,0,0
107900082,0,0,0
107900083,55,33,22
107900084,24,21,3
107900086,10,28,-18
107900087,29,6,23
107900088,1,0,1
107900089,15,78,-63
107900090,6,183,-177
107900091,89,103,-14
107900092,115,3,112
107900093,0,0,0
107900095,150,251,-101
107900097,5,8,-3
107900098,9,12,-3
107900100,111,391,-280
107900101,22,1,21
107900102,7,0,7
107900103,2,6,-4
107900104,0,0,0
107900105,0,97,-97
107900106,0,87,-87
107900107,0,0,0
107900108,8,2,6
107900109,613,21,592
107900110,30,0,30
107900111,1,23,-22
107900112,1,53,-52
107900113,0,0,0
107900114,70,13,57
107900115,0,0,0
107900116,54,17,37
107900117,53,78,-25
107900118,1,2,-1
107900119,20,29,-9
107900120,2,0,2
107900121,0,0,0
107900122,0,0,0
107900123,0,2,-2
107900124,0,0,0
107900125,0,9,-9
107900126,0,2,-2
107900127,0,0,0
107900128,10,14,-4
107900129,10,5,5
107900130,0,0,0
107900131,0,4,-4
107900132,0,31,-31
107900133,0,0,0
107900134,3,2,1
107900135,1,0,1
107900136,0,0,0
107900137,27,15,12
107900138,2,0,2
107900139,0,0,0
107900140,2,0,2
107900141,8,1,7
107900142,0,64,-64
107900143,11,0,11
107900144,0,2,-2
107900145,0,0,0
107900146,15,35,-20
107900147,6,0,6
107900148,6,12,-6
107900149,67,4,63
107900150,0,31,-31
107900151,1,0,1
107900152,0,0,0
107900153,2,77,-75
107900154,3,3,0
107900155,0,0,0
107900156,0,0,0
107900157,17,41,-24
107900158,194,3,191
107900159,1,19,-18
107900160,50,6,44
107900161,3,7,-4
107900162,0,0,0
107900163,0,0,0
107900164,0,1,-1
107900165,8,70,-62
107900166,0,5,-5
107900167,0,0,0
107900168,13,4,9
107900169,7,2,5
107900171,0,63,-63
107900172,6,0,6
107900173,1,7,-6
107900174,0,0,0
107900175,0,0,0
107900176,4,0,4
107900177,0,0,0
107900178,0,1,-1
107900179,2,1,1
107900180,9,174,-165
107900181,0,0,0
107900182,0,40,-40
107900183,8,6,2
107900184,0,0,0
107900185,0,0,0
107900186,3,1,2
107900187,0,1,-1
107900188,261,63,198
107900189,0,0,0
107900190,0,8,-8
107900191,0,0,0
107900193,0,0,0
107900194,0,0,0
107900195,97,11,86
107900196,0,0,0
107900197,6,25,-19
107900199,0,0,0
107900201,0,0,0
107900203,1,3,-2
107900204,0,0,0
107900205,22,9,13
107900206,15,71,-56
107900207,0,17,-17
107900208,0,14,-14
107900209,0,0,0
107900210,0,0,0
107900213,0,0,0
107900214,2,29,-27
107900215,18,52,-34
107900216,0,0,0
107900217,0,0,0
107900218,0,0,0
107900219,0,0,0
107900220,0,0,0
107900221,2,3,-1
107900223,0,0,0
107900224,52,46,6
107900225,0,0,0
107900226,0,0,0
107900227,6,21,-15
107900228,0,0,0
107900229,0,0,0
107900230,1,0,1
107900231,0,0,0
107900232,29,0,29
107900233,0,0,0
107900234,0,0,0
107900235,2,10,-8
107900236,0,0,0
107900237,1,0,1
107900238,2,0,2
107900239,23,42,-19
107900240,0,1,-1
107900241,0,0,0
107900242,0,6,-6
107900243,0,0,0
107900244,0,0,0
107900245,108,11,97
107900246,81,12,69
107900248,239,5,234
107900249,209,12,197
107900250,1,22,-21
107900251,1,30,-29
107900252,101,3,98
107900253,37,2,35
107900254,1,10,-9
107900255,18,4,14
107900256,16,0,16
107900257,30,27,3
107900258,16,10,6
107900259,6,434,-428
107900261,0,102,-102
107900262,0,0,0
107900264,139,2,137
107900265,30,45,-15
107900267,69,0,69
107900268,0,0,0
107900269,0,0,0
107900270,0,0,0
107900271,0,0,0
107900272,6,0,6
107900273,26,0,26
107900274,72,0,72
107900275,0,0,0
107900276,0,0,0
107900277,0,0,0
107900278,136,1,135
107900279,0,0,0
107900280,396,99,297
107900281,121,1053,-932
107900282,16,249,-233
107900283,122,96,26
107900284,225,43,182
107900285,16,10,6
107900286,0,1,-1
107900287,87,32,55
107900290,0,0,0
107900291,97,0,97
107900292,122,77,45
107900293,55,107,-52
107900295,24,0,24
107900297,0,0,0
107900298,150,85,65
107900299,514,255,259
107900300,126,116,10
107900301,79,114,-35
107900302,32,5,27
107900303,168,30,138
107900304,73,0,73
107900305,188,2,186
107900306,0,0,0
107900307,0,0,0
107900308,67,6,61
107900309,0,0,0
107900310,0,0,0
107900311,0,0,0
107900312,0,0,0
107900313,0,0,0
107900314,0,0,0
107900315,0,0,0
107900316,0,0,0
107900317,0,0,0
107900318,0,0,0
107900319,0,1,-1
107900320,1,2,-1
107900321,24,0,24
107900322,0,3,-3
107900323,10,0,10
107900324,47,0,47
107900325,60,0,60
107900326,161,24,137
107900327,0,0,0
107900328,0,0,0
107900329,0,0,0
107900330,0,2,-2
107900331,82,20,62
107900332,164,0,164
107900333,13,2,11
107900334,1,32,-31
107900335,3,0,3
107900336,6,5,1
107900337,154,299,-145
107900338,0,1,-1
107900339,0,0,0
107900340,0,0,0
107900341,0,0,0
107900342,56,132,-76
107900343,6,1,5
107900344,1,119,-118
107900345,26,6,20
107900346,1,0,1
107900347,14,0,14
107900348,0,0,0
107900349,21,1,20
107900350,0,33,-33
108000001,2333,1387,946
108000002,78,197,-119
108000003,2200,1275,925
108000004,1193,3263,-2070
108000005,6034,2678,3356
108000006,942,1406,-464
108000007,3779,2068,1711
108000008,828,941,-113
108000009,3639,2199,1440
108000010,720,917,-197
108000011,9245,4857,4388
108000012,2901,2442,459
108000014,258,356,-98
108000015,527,109,418
108000016,31,93,-62
108000017,743,142,601
108000018,1501,118,1383
108000019,323,126,197
108000020,672,175,497
108000021,73,49,24
108000022,184,311,-127
108000023,587,122,465
108000024,93,80,13
108000025,193,36,157
108000026,523,63,460
108000027,367,25,342
108000028,629,74,555
108000029,250,7,243
108000030,360,44,316
108000031,91,4,87
108000032,1138,175,963
108000033,194,203,-9
108000034,1556,106,1450
108000035,214,473,-259
108000036,86,81,5
108000037,1173,97,1076
108000038,1924,216,1708
108000039,63,93,-30
108000040,1381,398,983
108000041,68,135,-67
108000042,284,32,252
108000043,70,22,48
108000044,776,42,734
108000045,20,0,20
108000046,1309,161,1148
108000047,188,174,14
108000048,0,0,0
108000049,624,45,579
108000050,6,22,-16
108000051,217,82,135
108000052,7,15,-8
108000053,244,105,139
108000054,83,262,-179
108000055,581,163,418
108000056,124,150,-26
108000057,408,715,-307
108000058,965,1754,-789
108000059,327,694,-367
108000060,108,144,-36
108000061,101,107,-6
108000062,483,197,286
108000063,294,145,149
108000064,162,112,50
108000065,346,204,142
108000066,620,52,568
108000067,1059,156,903
108000068,616,139,477
108000069,49,369,-320
108000070,1842,180,1662
108000071,150,448,-298
108000072,1333,260,1073
108000073,289,368,-79
108000074,658,170,488
108000075,206,170,36
108000076,995,176,819
108000077,146,106,40
108000078,1440,333,1107
108000079,115,328,-213
108000080,1072,220,852
108000081,141,343,-202
108000082,204,143,61
108000083,923,416,507
108000084,36,97,-61
108000085,507,239,268
108000086,118,33,85
108000087,94,1339,-1245
108000088,110,2,108
108000089,91,89,2
108000090,405,21,384
108000091,19,112,-93
108000092,302,27,275
108000093,72,116,-44
108000094,733,15,718
108000095,58,70,-12
108000096,713,107,606
108000097,59,73,-14
108000098,1179,237,942
108000099,146,21,125
108000100,240,106,134
108000101,849,417,432
108000102,566,1075,-509
108000106,383,0,383
108000107,2,158,-156
108000108,401,18,383
108000109,1,115,-114
108000110,229,36,193
108000111,36,166,-130
108000112,19,169,-150
108000113,199,100,99
108000115,120,57,63
108000117,354,110,244
108000118,45,43,2
108000119,371,31,340
108000120,140,257,-117
108000121,156,68,88
108000122,357,103,254
108000123,359,48,311
108000124,95,41,54
108000125,432,44,388
108000126,85,39,46
108000127,392,62,330
108000128,312,31,281
108000129,72,63,9
108000130,226,88,138
108000131,318,70,248
108000132,121,73,48
108000133,1421,85,1336
108000134,154,54,100
108000135,1066,133,933
108000136,9,49,-40
108000137,354,81,273
108000138,96,253,-157
108000139,514,118,396
108000140,484,3,481
108000141,4,47,-43
108000142,8,32,-24
108000143,11,8,3
108000144,388,4,384
108000145,28,8,20
108000146,392,2,390
108000147,5,11,-6
108000148,168,8,160
108000149,4,2,2
108000150,36,16,20
108000151,1,3,-2
108000152,14,38,-24
108000153,235,36,199
108000154,51,23,28
108000155,34,45,-11
108000156,305,126,179
108000157,26,637,-611
108000158,25,222,-197
108000159,96,32,64
108000160,825,494,331
108000161,606,737,-131
108000165,42,194,-152
108000172,1,71,-70
108000173,825,554,271
108000175,237,31,206
108000178,106,257,-151
108000179,105,451,-346
108000181,42,9,33
108000182,116,8,108
108000183,0,2,-2
108000184,90,1345,-1255
108000185,0,5,-5
108000186,52,22,30
108000187,0,12,-12
108000188,273,2,271
108000189,131,961,-830
108000190,0,0,0
108000192,106,121,-15
108000193,31,29,2
108000194,10,1,9
108000195,0,18,-18
108000196,104,10,94
108000198,258,103,155
108000199,0,0,0
108000200,186,4,182
108000202,1,129,-128
108000203,1,15,-14
108000204,45,16,29
108000205,33,4,29
108000339,704,453,251
108000364,81,191,-110
108000365,10,44,-34
108000367,42,7,35
108000368,0,1,-1
108000369,100,3,97
108000371,1,157,-156
108000372,230,2,228
108000373,196,11,185
108000376,117,16,101
108000377,344,149,195
108000378,7250,6087,1163
108000379,0,0,0
108000381,56,13,43
108000382,42,0,42
108000383,0,16,-16
108900001,0,22,-22
108900002,47,1,46
108900003,0,7,-7
108900004,134,176,-42
108900005,29,143,-114
108900006,190,77,113
108900007,143,65,78
108900008,92,33,59
108900009,40,40,0
108900010,148,22,126
108900011,540,45,495
108900012,312,64,248
108900013,72,66,6
108900014,2,7,-5
108900015,0,0,0
108900016,0,0,0
108900017,29,32,-3
108900018,26,104,-78
108900019,1,8,-7
108900020,35,24,11
108900021,32,46,-14
108900022,113,31,82
108900023,0,1,-1
108900024,0,3,-3
108900025,80,17,63
108900026,0,0,0
108900027,0,2,-2
108900028,34,25,9
108900029,8,54,-46
108900030,0,0,0
108900031,27,15,12
108900032,0,0,0
108900033,0,20,-20
108900034,0,6,-6
108900035,19,52,-33
108900036,86,65,21
108900037,0,0,0
108900038,0,32,-32
108900039,0,11,-11
108900040,0,14,-14
108900041,1044,1076,-32
108900042,0,6,-6
108900043,0,0,0
108900044,0,19,-19
108900045,51,59,-8
108900046,0,24,-24
108900047,0,4,-4
108900048,38,36,2
108900049,129,357,-228
108900050,4,35,-31
108900051,0,8,-8
108900052,31,11,20
108900053,0,71,-71
108900054,2,1,1
108900055,4,18,-14
108900056,0,5,-5
108900057,0,7,-7
108900058,7,24,-17
108900059,184,11,173
108900060,20,52,-32
108900061,3,2,1
108900062,0,21,-21
108900063,9,1,8
108900064,41,8,33
108900065,21,13,8
108900066,221,28,193
108900067,4,8,-4
108900068,0,2,-2
108900069,71,1,70
108900070,9,6,3
108900071,115,6,109
108900072,203,95,108
108900073,15,9,6
108900074,66,4,62
108900075,1,6,-5
108900076,198,30,168
108900077,8,118,-110
108900078,14,11,3
108900079,115,8,107
108900080,15,142,-127
108900081,0,29,-29
108900082,51,4,47
108900083,1,33,-32
108900084,27,3,24
108900085,203,19,184
108900086,12,13,-1
108900087,64,8,56
108900088,158,117,41
108900089,0,37,-37
108900090,40,7,33
108900091,11,12,-1
108900092,141,59,82
108900093,9,25,-16
108900094,69,8,61
108900095,1,18,-17
108900096,27,4,23
108900097,71,9,62
108900098,198,352,-154
108900099,149,15,134
108900100,9,19,-10
108900101,25,28,-3
108900102,6,252,-246
108900103,48,26,22
108900104,8,31,-23
108900105,3,592,-589
108900106,235,15,220
108900108,55,0,55
108900109,32,14,18
108900110,41,27,14
108900111,198,32,166
108900112,66,0,66
108900113,14,24,-10
108900114,1,4,-3
108900115,83,33,50
108900116,4,5,-1
108900117,76,3,73
108900118,196,23,173
108900119,130,1,129
108900120,41,44,-3
108900121,57,14,43
108900122,151,3,148
108900123,46,17,29
108900124,28,7,21
108900125,173,1,172
108900126,39,18,21
108900127,133,12,121
108900128,105,3,102
108900129,110,9,101
108900130,82,0,82
108900131,190,12,178
108900132,129,2,127
108900133,112,21,91
108900134,340,20,320
108900135,111,1,110
108900136,14,0,14
108900137,121,2,119
108900138,293,4,289
108900139,263,6,257
108900140,312,23,289
108900141,198,0,198
108900142,37,0,37
108900143,29,1,28
108900144,31,0,31
108900145,141,10,131
108900146,21,1,20
108900147,177,0,177
108900148,7,3,4
108900149,111,58,53
108900150,24,4,20
108900151,30,18,12
108900152,80,3,77
108900153,160,15,145
108900154,1912,102,1810
108900155,76,7,69
108900156,59,12,47
108900157,1,22,-21
108900158,235,3,232
108900159,0,22,-22
108900160,1,83,-82
108900161,0,46,-46
108900162,109,0,109
108900163,0,153,-153
108900164,7,7,0
108900165,13,16,-3
108900167,77,3030,-2953
108900168,776,708,68
108900169,19,12,7
108900171,486,1216,-730
108900172,57,12,45
108900173,50,9,41
108900174,572,48,524
108900176,6,67,-61
108900177,175,918,-743
108900178,228,1205,-977
108900179,43,463,-420
108900180,61,116,-55
108900182,25,143,-118
108900183,28,46,-18
108900184,230,144,86
108900185,7,79,-72
108900186,8,54,-46
108900187,364,6,358
108900188,351,2,349
108900189,98,16,82
108900190,2,88,-86
108900191,21,19,2
108900192,9,40,-31
108900193,2,10,-8
108900194,0,35,-35
108900195,14,26,-12
108900196,1,8,-7
108900198,0,14,-14
108900199,49,53,-4
108900200,169,202,-33
108900201,102,218,-116
108900203,248,32,216
108900204,113,5,108
108900205,150,4,146
108900206,110,10,100
108900207,42,29,13
108900208,2,35,-33
108900209,15,28,-13
108900210,34,6,28
108900211,1,49,-48
108900212,12,160,-148
108900215,0,2,-2
108900216,81,51,30
108900217,8,0,8
108900218,7,0,7
108900219,23,0,23
108900220,19,9,10
108900221,0,0,0
108900222,84,8,76
108900223,0,0,0
108900224,0,0,0
108900225,0,0,0
108900226,66,15,51
108900227,18,58,-40
108900230,14,4,10
108900231,0,6,-6
108900232,0,16,-16
108900233,125,4,121
108900234,90,8,82
108900235,0,1,-1
108900236,0,0,0
108900237,0,0,0
108900240,9,20,-11
108900241,0,29,-29
108900245,0,121,-121
108900249,4,7,-3
108900250,31,2,29
108900257,66,1,65
108900258,2,15,-13
108900259,0,6,-6
108900260,1,0,1
108900261,4,2,2
108900262,18,37,-19
108900263,14,6,8
108900264,6,34,-28
108900265,49,215,-166
108900266,20,281,-261
108900267,0,94,-94
108900268,25,2,23
108900269,53,1,52
108900270,43,1,42
108900271,3,0,3
108900272,99,1,98
108900273,56,243,-187
108900274,30,1,29
109000001,827,2058,-1231
109000002,2,294,-292
109000003,1529,296,1233
109000004,1,91,-90
109000005,1398,329,1069
109000006,2,74,-72
109000007,1138,354,784
109000008,5,75,-70
109000009,2097,607,1490
109000010,22,184,-162
109000011,2411,916,1495
109000012,13,175,-162
109000013,3290,2041,1249
109000014,52,136,-84
109000015,3035,4858,-1823
109000016,81,241,-160
109000017,2042,529,1513
109000018,17,195,-178
109000019,1345,600,745
109000020,3,48,-45
109000023,45,1,44
109000024,0,17,-17
109000025,75,190,-115
109000026,304,252,52
109000027,24,132,-108
109000028,46,77,-31
109000029,29,169,-140
109000030,0,0,0
109000031,227,43,184
109000032,0,2,-2
109000033,276,45,231
109000034,1,7,-6
109000035,0,3,-3
109000036,5,109,-104
109000037,66,1081,-1015
109000038,67,48,19
109000039,299,458,-159
109000040,420,4108,-3688
109000041,119,1042,-923
109000042,171,462,-291
109000044,191,10,181
109000045,34,2,32
109000046,186,38,148
109000047,10,1,9
109000048,265,38,227
109000049,23,3,20
109000050,219,107,112
109000051,12,31,-19
109000052,79,37,42
109000053,338,122,216
109000054,17,21,-4
109000055,20,105,-85
109000056,51,17,34
109000057,60,355,-295
109000058,42,8,34
109000059,5,179,-174
109000060,45,178,-133
109000061,14,739,-725
109000062,20,172,-152
109000063,6,38,-32
109000064,145,30,115
109000065,8,21,-13
109000066,143,6,137
109000067,0,46,-46
109000068,116,1,115
109000069,157,4,153
109000070,0,15,-15
109000071,118,62,56
109000072,87,300,-213
109000073,19,24,-5
109000074,7,143,-136
109000075,54,4,50
109000076,34,108,-74
109000077,152,108,44
109000078,45,42,3
109000079,42,11,31
109000080,44,23,21
109000081,70,42,28
109000082,251,23,228
109000083,148,78,70
109000088,112,24,88
109000089,240,33,207
109000090,166,65,101
109000091,257,62,195
109000092,138,146,-8
109000093,232,32,200
109000094,445,1,444
109000095,8,38,-30
109000096,568,47,521
109000097,11,28,-17
109000098,11,49,-38
109000099,384,10,374
109000100,27,123,-96
109000101,995,241,754
109000102,210,119,91
109000103,196,178,18
109000104,1338,213,1125
109000105,111,166,-55
109000106,758,229,529
109000107,146,104,42
109000108,1245,281,964
109000109,131,76,55
109000110,501,298,203
109000111,250,303,-53
109000112,16,23,-7
109000113,70,32,38
109000114,140,92,48
109000115,336,18,318
109000116,0,78,-78
109000117,144,5,139
109000118,1,59,-58
109000119,901,8,893
109000120,20,95,-75
109000121,523,9,514
109000122,10,70,-60
109000123,28,4,24
109000124,398,45,353
109000125,773,125,648
109000126,32,25,7
109000127,1008,62,946
109000128,42,37,5
109000129,1502,89,1413
109000130,52,31,21
109000131,548,443,105
109000132,124,132,-8
109000133,22,93,-71
109000134,40,78,-38
109000135,89,37,52
109000136,150,119,31
109000137,419,110,309
109000138,132,106,26
109000139,288,57,231
109000140,112,142,-30
109000141,158,60,98
109000142,22,75,-53
109000143,39,26,13
109000145,18,76,-58
109000146,42,211,-169
109000148,90,169,-79
109000149,8,91,-83
109000150,41,74,-33
109000155,245,374,-129
109000156,202,11,191
109000158,4,259,-255
109000159,9,53,-44
109000160,615,30,585
109000161,195,102,93
109000162,855,127,728
109000163,694,68,626
109000164,745,564,181
109000165,598,249,349
109000166,482,22,460
109000167,87,60,27
109000170,23,12,11
109000171,14,6,8
109000172,0,5,-5
109000173,0,15,-15
109000174,50,4,46
109000175,33,22,11
109000176,149,112,37
109000177,5,16,-11
109000178,152,35,117
109000179,288,812,-524
109000180,724,578,146
109000181,6,4,2
109000182,25,31,-6
109000183,53,8,45
109000184,29,30,-1
109000185,32,10,22
109000188,183,263,-80
109000189,678,64,614
109000190,206,129,77
109000191,218,80,138
109000192,233,5,228
109000193,128,27,101
109000194,106,6,100
109000195,28,18,10
109000196,97,8,89
109000197,107,12,95
109000198,164,3,161
109000199,30,6,24
109000206,173,3,170
109000207,103,17,86
109000208,77,74,3
109000209,24,30,-6
109000210,6,21,-15
109000211,143,262,-119
109000214,272,174,98
109000215,80,22,58
109000216,135,179,-44
109000217,3,2,1
109000218,6,46,-40
109000221,15,109,-94
109000222,418,17,401
109000223,122,129,-7
109000224,118,30,88
109000225,93,13,80
109000226,53,58,-5
109000227,646,134,512
109000228,0,6,-6
109000231,1,5,-4
109000232,419,19,400
109000236,16,32,-16
109000241,476,235,241
109000242,545,89,456
109000293,15,91,-76
109000361,37,8,29
109000364,15,38,-23
109000396,5,37,-32
109000397,633,17,616
109000399,37,118,-81
109000400,79,35,44
109000403,1,755,-754
109000406,68,0,68
109000407,9,63,-54
109000408,0,75,-75
109000410,0,0,0
109000411,96,6,90
109900001,70,0,70
109900002,193,6,187
109900003,324,1,323
109900004,52,15,37
109900005,3,0,3
109900006,228,16,212
109900007,342,0,342
109900008,0,0,0
109900009,0,8,-8
109900010,0,0,0
109900011,6,11,-5
109900012,69,22,47
109900013,61,20,41
109900014,42,4,38
109900015,29,5,24
109900016,26,1,25
109900017,102,45,57
109900018,18,1,17
109900019,21,3,18
109900020,5,2,3
109900021,1,1,0
109900022,16,11,5
109900023,21,0,21
109900024,2,0,2
109900025,2,0,2
109900026,0,13,-13
109900027,0,2,-2
109900028,24,198,-174
109900029,1,14,-13
109900030,3,10,-7
109900031,0,69,-69
109900032,0,0,0
109900033,0,75,-75
109900034,10,6,4
109900035,5,13,-8
109900036,0,0,0
109900037,0,0,0
109900038,0,33,-33
109900039,23,17,6
109900040,0,1,-1
109900041,0,2,-2
109900042,0,0,0
109900044,14,9,5
109900045,43,1,42
109900046,24,6,18
109900047,4,35,-31
109900048,1,3,-2
109900049,2,0,2
109900050,0,1,-1
109900051,0,1,-1
109900052,3,34,-31
109900053,0,15,-15
109900054,456,15,441
109900055,42,27,15
109900056,0,0,0
109900057,0,11,-11
109900058,0,0,0
109900059,535,13,522
109900060,88,6,82
109900061,0,7,-7
109900062,0,0,0
109900063,1,97,-96
109900064,96,17,79
109900065,15,11,4
109900066,2,12,-10
109900067,0,0,0
109900068,124,1,123
109900069,0,0,0
109900070,1,20,-19
109900071,0,1,-1
109900072,0,11,-11
109900073,129,9,120
109900074,0,0,0
109900075,0,0,0
109900076,0,3,-3
109900077,1,23,-22
109900078,2,5,-3
109900080,13,10,3
109900081,0,25,-25
109900082,3,4,-1
109900083,0,2,-2
109900084,0,0,0
109900085,20,19,1
109900086,2,202,-200
109900087,12,54,-42
109900089,69,8,61
109900090,36,52,-16
109900091,164,4,160
109900092,0,0,0
109900093,110,7,103
109900094,0,0,0
109900095,29,49,-20
109900096,42,2,40
109900097,0,0,0
109900098,166,7,159
109900099,171,1,170
109900100,8,0,8
109900101,398,2,396
109900102,0,0,0
109900103,16,1,15
109900104,634,15,619
109900105,0,0,0
109900106,0,0,0
109900107,0,0,0
109900108,1,0,1
109900109,0,0,0
109900110,7,3,4
109900111,55,32,23
109900112,26,20,6
109900113,352,114,238
109900114,148,84,64
109900115,70,13,57
109900117,536,10,526
109900118,15,26,-11
109900119,32,17,15
109900120,18,0,18
109900121,23,19,4
109900122,311,3,308
109900123,0,4,-4
109900124,8,10,-2
109900125,0,22,-22
109900126,92,1,91
109900128,106,4,102
109900130,265,294,-29
109900131,0,26,-26
109900132,0,8,-8
109900133,9,15,-6
109900134,0,0,0
109900135,0,0,0
109900136,0,0,0
109900137,19,33,-14
109900138,39,25,14
109900140,37,8,29
109900141,84,25,59
109900142,210,22,188
109900145,0,40,-40
109900146,1,0,1
109900148,26,6,20
109900149,0,1,-1
109900150,0,1,-1
109900151,0,0,0
109900152,0,4,-4
109900153,0,20,-20
109900154,5,1,4
109900155,17,5,12
109900157,35,23,12
109900158,2,0,2
109900159,29,0,29
109900160,8,3,5
109900161,25,7,18
109900162,52,29,23
109900163,118,53,65
109900164,54,118,-64
109900165,8,0,8
109900166,0,41,-41
109900167,9,28,-19
109900168,34,11,23
109900169,0,0,0
109900170,5,292,-287
109900171,26,29,-3
109900172,5,39,-34
109900173,41,225,-184
109900174,0,1,-1
109900175,0,0,0
109900176,0,0,0
109900177,0,0,0
109900178,0,0,0
109900179,0,0,0
109900180,0,1,-1
110000001,109,66,43
110000002,442,822,-380
110000003,103,113,-10
110000004,426,883,-457
110000005,324,1011,-687
110000006,54,431,-377
110000007,19,7,12
110000008,1,14,-13
110000009,0,4,-4
110000010,68,35,33
110000011,3,5,-2
110000012,87,259,-172
110000013,38,218,-180
110000014,349,70,279
110000015,73,234,-161
110000016,254,597,-343
110000017,967,320,647
110000018,350,99,251
110000019,11,6,5
110000020,185,55,130
110000021,87,40,47
110000022,305,10,295
110000023,0,1,-1
110000024,63,46,17
110000025,380,1,379
110000026,2,41,-39
110000027,195,332,-137
110000028,388,88,300
110000029,66,100,-34
110000030,102,257,-155
110000031,39,75,-36
110000032,325,64,261
110000033,11,12,-1
110000034,145,181,-36
110000035,161,122,39
110000036,370,220,150
110000037,15,84,-69
110000038,110,230,-120
110000039,417,1211,-794
110000040,153,56,97
110000041,233,1189,-956
110000042,44,123,-79
110000043,357,242,115
110000044,16,54,-38
110000045,121,90,31
110000046,8,3,5
110000047,4,33,-29
110000048,1,11,-10
110000049,1,9,-8
110000050,0,11,-11
110000051,0,3,-3
110000052,46,61,-15
110000053,3,9,-6
110000054,40,131,-91
110000055,73,68,5
110000056,127,81,46
110000057,39,70,-31
110000058,406,370,36
110000059,99,80,19
110000060,918,359,559
110000061,129,116,13
110000062,750,291,459
110000063,113,36,77
110000064,45,14,31
110000065,71,30,41
110000066,48,3,45
110000067,4,9,-5
110000068,35,31,4
110000069,320,0,320
110000071,166,2,164
110000073,0,4,-4
110000075,1,1,0
110000076,172,88,84
110000077,101,222,-121
110000078,96,0,96
110000080,56,98,-42
110000081,28,46,-18
110000082,0,49,-49
110000083,73,104,-31
110000084,390,448,-58
110000085,633,350,283
110000086,424,770,-346
110000087,8,25,-17
110000088,48,78,-30
110000089,209,32,177
110000090,26,62,-36
110000091,76,28,48
110000092,0,26,-26
110000093,42,17,25
110000094,257,31,226
110000095,90,260,-170
110000096,264,295,-31
110000097,549,850,-301
110000098,648,120,528
110000099,232,224,8
110000100,522,2,520
110000101,0,33,-33
110000102,57,25,32
110000104,138,69,69
110000105,40,33,7
110000106,100,183,-83
110000107,24,85,-61
110000108,27,144,-117
110000109,5,28,-23
110000110,715,1447,-732
110000111,1150,1147,3
110000112,93,176,-83
110000113,38,654,-616
110000114,124,339,-215
110000115,130,67,63
110000116,32,18,14
110000117,143,50,93
110000118,336,22,314
110000119,91,34,57
110000120,103,53,50
110000121,10,71,-61
110000122,69,100,-31
110000123,237,236,1
110000124,0,147,-147
110000125,422,0,422
110000126,136,9,127
110000127,338,24,314
110000128,2,96,-94
110000129,0,16,-16
110000130,108,35,73
110000131,26,17,9
110000132,0,62,-62
110000133,1,81,-80
110000134,1,54,-53
110000135,36,2,34
110000136,4,32,-28
110000137,322,21,301
110000138,128,40,88
110000139,551,45,506
110000140,478,135,343
110000143,143,66,77
110000144,896,465,431
110000145,321,248,73
110000146,552,104,448
110000147,24,374,-350
110000148,241,91,150
110000151,99,266,-167
110000152,122,483,-361
110000153,0,0,0
110000154,0,65,-65
110000155,321,531,-210
110000156,161,300,-139
110000157,124,398,-274
110000160,162,61,101
110000161,50,78,-28
110000166,401,19,382
110000167,727,363,364
110000168,513,344,169
110000169,398,98,300
110000170,61,78,-17
110000171,291,55,236
110000172,129,176,-47
110000173,188,238,-50
110000174,44,152,-108
110000175,484,8,476
110000176,50,379,-329
110000177,117,415,-298
110000178,313,984,-671
110000179,296,89,207
110000180,110,121,-11
110000181,178,79,99
110000182,92,15,77
110000183,2417,2966,-549
110000184,107,1458,-1351
110000185,154,271,-117
110000186,64,221,-157
110000191,776,95,681
110000192,322,4,318
110000193,572,3,569
110000194,2,114,-112
110000195,275,13,262
110000196,123,11,112
110000197,74,22,52
110000198,39,3,36
110000199,11,48,-37
110000200,147,49,98
110000201,238,406,-168
110000202,478,124,354
110000203,44,21,23
110000204,1,50,-49
110000205,172,12,160
110000206,55,70,-15
110000207,829,42,787
110000208,17,77,-60
110000209,24,48,-24
110000210,1009,198,811
110000211,468,256,212
110000212,215,533,-318
110000213,84,11,73
110000214,115,14,101
110000215,7,86,-79
110000216,7,85,-78
110000217,195,33,162
110000218,39,64,-25
110000219,129,9,120
110000220,4,22,-18
110000221,198,5,193
110000222,4,51,-47
110000223,1,55,-54
110000224,0,1,-1
110000225,77,112,-35
110000226,159,15,144
110000227,67,136,-69
110000228,95,10,85
110000229,1,22,-21
110000230,322,244,78
110000231,95,82,13
110000232,55,70,-15
110000233,167,102,65
110000234,199,110,89
110000235,325,368,-43
110000236,0,0,0
110000237,429,130,299
110000238,480,205,275
110000239,387,182,205
110000240,0,2,-2
110000242,0,0,0
110000243,56,1,55
110000244,5,47,-42
110000245,0,58,-58
110000246,303,97,206
110000247,293,339,-46
110000248,253,106,147
110000249,41,0,41
110000250,1,37,-36
110000251,181,72,109
110000252,197,24,173
110000253,500,188,312
110000254,218,58,160
110000255,38,58,-20
110000256,107,77,30
110000257,98,16,82
110000258,1,16,-15
110000259,86,8,78
110000260,32,25,7
110000263,178,13,165
110000264,338,103,235
110000265,948,355,593
110000266,616,493,123
110000267,0,0,0
110000268,85,1,84
110000269,0,0,0
110000270,116,0,116
110000271,236,9,227
110000272,225,159,66
110000273,155,220,-65
110000274,90,833,-743
110000275,225,54,171
110000276,102,244,-142
110000277,177,47,130
110000278,172,96,76
110000279,604,66,538
110000280,453,106,347
110000281,37,10,27
110000282,44,7,37
110000283,1,29,-28
110000284,0,2,-2
110000285,0,6,-6
110000286,2,0,2
110000287,112,1,111
110000288,0,0,0
110000289,62,1058,-996
110000290,61,78,-17
110000291,235,273,-38
110000292,323,1828,-1505
110000293,392,179,213
110000294,787,464,323
110000295,48,145,-97
110000296,329,64,265
110000297,790,30,760
110000298,0,55,-55
110000299,19,6,13
110000301,232,1,231
110000302,60,45,15
110000303,295,0,295
110000304,16,6,10
110000305,534,4,530
110000306,14,93,-79
110000307,611,1,610
110000308,395,1,394
110000309,0,69,-69
110000310,576,32,544
110000311,4,160,-156
110000312,227,30,197
110000313,534,80,454
110000314,0,30,-30
110000315,317,617,-300
110000316,4,272,-268
110000317,40,41,-1
110000318,0,25,-25
110000319,7,18,-11
110000320,0,24,-24
110000321,3,18,-15
110000322,42,71,-29
110000323,281,73,208
110000324,124,63,61
110000325,917,1308,-391
110000327,210,91,119
110000328,39,28,11
110000333,333,409,-76
110000334,72,116,-44
110000335,237,115,122
110000336,44,78,-34
110000337,1062,136,926
110000338,241,94,147
110000339,283,26,257
110000340,11,27,-16
110000341,236,11,225
110000342,19,1,18
110000343,0,0,0
110000344,1,21,-20
110000345,38,35,3
110000346,596,513,83
110000347,897,272,625
110000348,0,7,-7
110000349,1,3,-2
110000350,4,1,3
110000351,763,166,597
110000352,153,506,-353
110000353,1064,132,932
110000354,117,747,-630
110000355,71,0,71
110000356,267,0,267
110000357,214,12,202
110000361,0,0,0
110000362,129,5,124
110000363,268,9,259
110000364,160,125,35
110000365,39,0,39
110000366,0,50,-50
110000367,192,68,124
110000368,0,36,-36
110000369,43,0,43
110000373,0,23,-23
110000374,18,21,-3
110000375,50,104,-54
110000376,7,38,-31
110000377,31,170,-139
110000378,0,107,-107
110000379,942,1230,-288
110000380,130,2,128
110000383,0,93,-93
110000384,302,14,288
110000385,0,24,-24
110000387,20,0,20
110000388,10,18,-8
110000389,666,67,599
110000391,445,14,431
110000396,22,5,17
110000397,43,6,37
110000398,0,11,-11
110000399,93,0,93
110000587,90,30,60
110000589,71,11,60
110000640,81,2,79
110000652,1,75,-74
110000653,44,36,8
110000654,0,0,0
110000656,0,0,0
110000674,1,0,1
110000675,0,0,0
110000676,0,0,0
110000679,0,0,0
110000682,60,101,-41
110000683,170,97,73
110000684,0,0,0
110000685,14,5,9
110000686,0,0,0
110000687,6,0,6
110000688,2,170,-168
110000689,23,14,9
110000692,2,14,-12
110000693,3,139,-136
110000694,0,0,0
110000695,1,47,-46
110000696,66,2,64
110900001,35,1,34
110900002,36,0,36
110900003,262,2,260
110900004,279,26,253
110900005,0,0,0
110900006,1,1,0
110900007,27,10,17
110900008,0,0,0
110900009,9,49,-40
110900010,0,0,0
110900011,2,0,2
110900012,0,0,0
110900013,235,3,232
110900014,14,0,14
110900015,13,167,-154
110900016,0,0,0
110900017,188,2,186
110900018,56,0,56
110900019,2,0,2
110900020,0,0,0
110900021,0,0,0
110900022,0,0,0
110900023,11,14,-3
110900024,0,0,0
110900025,0,0,0
110900027,0,0,0
110900028,0,0,0
110900029,0,1,-1
110900030,0,0,0
110900031,0,0,0
110900032,0,0,0
110900033,0,1,-1
110900035,0,0,0
110900036,10,0,10
110900037,13,1,12
110900038,0,0,0
110900039,0,0,0
110900040,59,1,58
110900041,1,0,1
110900042,0,0,0
110900043,0,0,0
110900044,0,0,0
110900045,0,0,0
110900046,0,0,0
110900047,0,0,0
110900049,6,9,-3
110900050,10,0,10
110900051,0,0,0
110900052,0,0,0
110900053,0,0,0
110900054,0,1,-1
110900055,14,0,14
110900056,0,0,0
110900057,0,0,0
110900058,0,0,0
110900059,1,3,-2
110900060,35,8,27
110900061,0,0,0
110900062,0,0,0
110900063,0,4,-4
110900064,1,0,1
110900065,0,3,-3
110900066,0,15,-15
110900067,0,0,0
110900068,0,0,0
110900069,0,3,-3
110900070,0,0,0
110900071,0,0,0
110900073,0,0,0
110900074,118,4,114
110900075,66,0,66
110900077,347,55,292
110900078,0,0,0
110900079,97,199,-102
110900080,45,10,35
110900081,0,0,0
110900082,14,5,9
110900083,4,5,-1
110900084,0,0,0
110900085,1,27,-26
110900086,3,19,-16
110900087,15,11,4
110900088,15,0,15
110900090,0,0,0
110900091,0,0,0
110900093,0,0,0
110900095,3,2,1
110900097,6,2,4
110900098,1,9,-8
110900099,21,49,-28
110900100,0,1,-1
110900102,15,0,15
110900105,45,13,32
110900108,10,6,4
110900111,22,6,16
110900112,172,4,168
110900113,48,1,47
110900115,5,2,3
110900116,245,53,192
110900118,3,430,-427
110900119,46,1,45
110900120,0,0,0
110900121,2,0,2
110900122,13,1,12
110900125,67,143,-76
110900127,0,0,0
110900128,0,5,-5
110900129,4,72,-68
110900130,0,146,-146
110900131,31,3,28
110900132,88,3,85
110900133,0,0,0
110900135,2,0,2
110900136,49,0,49
110900137,3,0,3
110900138,40,23,17
110900139,1,30,-29
110900140,2,0,2
110900141,0,6,-6
110900142,0,0,0
110900143,29,8,21
110900144,0,0,0
110900145,11,10,1
110900146,39,27,12
110900147,0,0,0
110900148,0,0,0
110900149,0,0,0
110900150,2,17,-15
110900151,0,2,-2
110900152,4,30,-26
110900153,40,13,27
111000001,326,193,133
111000002,86,10,76
111000003,609,431,178
111000004,7,28,-21
111000005,715,749,-34
111000006,41,41,0
111000007,1134,1292,-158
111000008,148,129,19
111000009,40,181,-141
111000010,713,347,366
111000011,30,260,-230
111000012,54,306,-252
111000013,110,296,-186
111000014,532,207,325
111000017,0,57,-57
111000018,2,8,-6
111000020,59,195,-136
111000021,11,32,-21
111000023,45,70,-25
111000025,269,541,-272
111000029,8,31,-23
111000030,7,9,-2
111000031,968,470,498
111000032,464,94,370
111000033,175,29,146
111000034,50,92,-42
111000037,278,482,-204
111000038,500,362,138
111000039,466,339,127
111000040,517,406,111
111000041,71,196,-125
111000042,283,819,-536
111000043,1248,1206,42
111000044,898,162,736
111000045,1495,699,796
111000046,561,777,-216
111000047,1352,2622,-1270
111000049,13,17,-4
111000050,80,96,-16
111000051,91,86,5
111000052,70,83,-13
111000053,13,70,-57
111000054,23,64,-41
111000055,186,284,-98
111000056,33,55,-22
111000057,20,33,-13
111000058,322,33,289
111000059,274,112,162
111000060,3100,302,2798
111000061,431,139,292
111000062,848,62,786
111000063,573,290,283
111000064,776,215,561
111000065,948,270,678
111000066,437,129,308
111000067,193,88,105
111000068,40,76,-36
111000069,134,187,-53
111000070,38,43,-5
111000071,38,29,9
111000072,764,415,349
111000073,117,686,-569
111000074,798,443,355
111000075,325,93,232
111000076,668,87,581
111000077,608,374,234
111000078,486,160,326
111000079,412,116,296
111000080,212,122,90
111000081,321,861,-540
111000082,294,127,167
111000084,207,169,38
111000085,313,398,-85
111000086,464,256,208
111000087,437,137,300
111000088,610,461,149
111000089,293,217,76
111000090,216,234,-18
111000091,166,108,58
111000092,742,199,543
111000093,378,210,168
111000094,626,221,405
111000095,289,949,-660
111000096,425,2743,-2318
111000097,201,186,15
111000098,73,114,-41
111000099,91,135,-44
111000100,26,97,-71
111000101,64,89,-25
111000102,3,39,-36
111000104,392,33,359
111000107,0,75,-75
111000109,244,9,235
111000110,340,97,243
111000111,1568,83,1485
111000112,1300,78,1222
111000113,468,765,-297
111000114,351,1240,-889
111000115,1091,259,832
111000116,232,97,135
111000117,79,88,-9
111000118,228,112,116
111000119,622,89,533
111000120,221,136,85
111000121,63,112,-49
111000122,131,139,-8
111000123,311,304,7
111000124,92,346,-254
111000125,84,95,-11
111000126,22,67,-45
111000127,510,38,472
111000128,1586,65,1521
111000129,1485,189,1296
111000130,1742,197,1545
111000131,1600,109,1491
111000132,1142,555,587
111000133,92,12,80
111000134,101,10,91
111000135,11,56,-45
111000136,318,72,246
111000138,0,2,-2
111000140,0,0,0
111000141,31,13,18
111000142,0,0,0
111000143,0,3,-3
111000144,0,17,-17
111000145,15,1,14
111000146,33,0,33
111000147,34,0,34
111000148,15,13,2
111000149,0,18,-18
111000150,11,0,11
111000151,3,0,3
111000153,162,47,115
111000154,40,24,16
111000155,77,46,31
111000156,349,133,216
111000157,80,197,-117
111000158,362,276,86
111000159,554,393,161
111000160,192,68,124
111000161,8,82,-74
111000162,0,7,-7
111000163,93,122,-29
111000164,20,277,-257
111000165,301,41,260
111000166,44,29,15
111000167,14,59,-45
111000168,74,45,29
111000169,176,22,154
111000170,103,32,71
111000171,46,26,20
111000172,51,42,9
111000173,73,70,3
111000174,31,17,14
111000175,10,37,-27
111000176,220,27,193
111000177,315,20,295
111000178,815,44,771
111000179,285,19,266
111000180,167,165,2
111000181,307,70,237
111000182,181,43,138
111000183,65,34,31
111000184,141,27,114
111000185,79,32,47
111000186,104,9,95
111000187,95,18,77
111000188,187,47,140
111000189,28,126,-98
111000190,69,23,46
111000191,51,10,41
111000192,22,51,-29
111000193,33,20,13
111000194,3,12,-9
111000195,21,48,-27
111000196,7,17,-10
111000197,282,11,271
111000198,268,7,261
111000199,151,93,58
111000200,560,177,383
111000201,286,21,265
111000202,207,16,191
111000203,283,73,210
111000204,186,288,-102
111000213,141,167,-26
111000214,478,239,239
111000215,326,172,154
111000217,846,221,625
111000218,572,296,276
111000219,30,20,10
111000220,314,110,204
111000221,75,121,-46
111000224,0,6,-6
111000225,367,141,226
111000226,10,1,9
111000227,3,0,3
111000228,2,430,-428
111000229,7,614,-607
111000230,65,19,46
111000231,470,32,438
111000232,323,166,157
111000233,367,64,303
111000234,43,132,-89
111000239,0,0,0
111000240,16,112,-96
111000241,0,0,0
111000242,72,39,33
111000243,0,0,0
111000244,342,13,329
111000245,354,40,314
111000246,294,72,222
111000247,269,86,183
111000248,536,119,417
111000249,280,35,245
111000250,4,24,-20
111000251,102,53,49
111000253,0,2,-2
111000255,18,2,16
111000257,23,4,19
111000260,0,65,-65
111000261,574,34,540
111000271,2,18,-16
111000273,454,450,4
111000274,540,285,255
111000275,30,6,24
111000276,54,285,-231
111000277,111,63,48
111000278,335,58,277
111000291,478,3800,-3322
111000298,159,75,84
111000299,82,4,78
111000300,25,13,12
111000302,144,34,110
111000303,87,43,44
111000312,60,5,55
111000315,0,9,-9
111000320,27,72,-45
111000321,281,51,230
111000322,213,49,164
111000323,114,16,98
111000324,120,50,70
111000325,7,17,-10
111000326,82,51,31
111000327,129,78,51
111000328,85,99,-14
111000329,1,32,-31
111000330,5,15,-10
111000331,1,0,1
111000332,169,220,-51
111000334,59,134,-75
111000335,420,16,404
111000337,752,3,749
111000338,44,4,40
111000339,271,11,260
111000340,9,68,-59
111000341,693,146,547
111000342,0,32,-32
111000344,646,145,501
111000345,9,7,2
111000346,0,9,-9
111000347,112,1,111
111000350,46,123,-77
111000351,7,126,-119
111000352,60,55,5
111000353,14,84,-70
111000354,84,4,80
111000355,11,134,-123
111000358,54,36,18
111000360,73,19,54
111000361,24,14,10
111000546,66,0,66
111000547,194,23,171
111000548,17,13,4
111000549,121,27,94
111000550,1,65,-64
111000551,25,22,3
111000552,82,32,50
111000907,106,1,105
111000908,82,4,78
111000916,599,3,596
111000917,0,4,-4
111000918,74,43,31
111000920,86,1,85
111000921,1,14,-13
111000922,103,7,96
111000924,0,98,-98
111000925,2515,1170,1345
111000926,565,331,234
111000927,1764,2275,-511
111000928,1119,539,580
111000929,1430,605,825
111000930,415,589,-174
111000931,1834,714,1120
111000932,952,630,322
111000933,2400,1373,1027
111000934,319,548,-229
111000935,1315,451,864
111000936,246,334,-88
111000937,838,585,253
111000938,524,258,266
111000939,506,15,491
111000940,334,11,323
111000941,177,8,169
111000943,324,66,258
111000944,16,54,-38
111000945,164,11,153
111001109,233,246,-13
111001110,29,1,28
111001111,16,1,15
111001112,224,16,208
111001113,0,41,-41
111001114,116,7,109
111001115,0,0,0
111001116,501,2559,-2058
111001117,13,129,-116
111001120,44,15,29
111001121,5,21,-16
111001122,15,5,10
111001123,27,13,14
111900001,13,1,12
111900002,0,6,-6
111900003,0,27,-27
111900004,1,17,-16
111900006,0,0,0
111900007,0,0,0
111900008,0,0,0
111900009,35,0,35
111900010,3,6,-3
111900012,4,1,3
111900013,3,7,-4
111900014,367,1744,-1377
111900015,0,0,0
111900016,0,5,-5
111900017,0,0,0
111900018,36,26,10
111900019,1,39,-38
111900020,0,15,-15
111900021,0,11,-11
111900022,0,0,0
111900023,72,1,71
111900024,0,15,-15
111900025,0,3,-3
111900026,0,1,-1
111900027,0,2,-2
111900028,0,0,0
111900029,0,3,-3
111900030,0,0,0
111900031,0,0,0
111900032,0,0,0
111900033,0,2,-2
111900034,0,0,0
111900035,0,0,0
111900036,0,0,0
111900038,0,0,0
111900039,0,0,0
111900040,0,0,0
111900042,0,0,0
111900043,0,0,0
111900044,0,0,0
111900046,0,0,0
111900048,181,55,126
111900049,0,0,0
111900050,0,0,0
111900051,0,11,-11
111900052,1,1,0
111900053,42,566,-524
111900054,0,0,0
111900055,5,63,-58
111900056,27,92,-65
111900057,49,12,37
111900058,261,8,253
111900059,111,36,75
111900060,3,0,3
111900061,0,12,-12
111900062,40,10,30
111900063,4,0,4
111900064,13,19,-6
111900065,56,5,51
111900066,9,0,9
111900067,0,0,0
111900068,17,25,-8
111900069,16,49,-33
111900070,40,0,40
111900071,0,0,0
111900072,40,12,28
111900073,91,27,64
111900074,0,0,0
111900075,76,1,75
111900076,11,9,2
111900077,14,1,13
111900078,104,11,93
111900079,34,11,23
111900080,0,0,0
111900081,0,0,0
111900082,404,38,366
111900083,74,3,71
111900084,110,10,100
111900085,0,0,0
111900086,168,9,159
111900087,30,3,27
111900088,187,0,187
111900089,59,2,57
111900090,0,0,0
111900091,562,0,562
111900092,117,0,117
111900093,115,1,114
111900094,38,0,38
111900095,0,0,0
111900096,198,0,198
111900097,27,0,27
111900098,84,1,83
111900099,36,0,36
111900100,0,0,0
111900101,15,0,15
111900102,187,2,185
111900103,0,0,0
111900104,1,0,1
111900105,11,4,7
111900106,42,3,39
111900107,0,0,0
111900108,0,0,0
111900109,0,0,0
111900110,0,0,0
111900111,126,0,126
111900112,0,0,0
111900113,34,22,12
111900114,33,9,24
111900115,3,4,-1
111900118,11,7,4
111900119,9,6,3
111900122,8,21,-13
111900123,2,5,-3
111900124,31,3,28
111900125,30,6,24
111900126,61,0,61
111900127,0,0,0
111900128,0,0,0
111900129,55,3,52
111900130,11,10,1
111900131,48,0,48
111900132,0,0,0
111900133,0,0,0
111900134,0,0,0
111900135,0,0,0
111900136,0,0,0
111900137,12,12,0
111900138,2,26,-24
111900139,0,16,-16
111900140,115,13,102
111900141,94,3,91
111900142,45,3,42
111900143,7,0,7
111900144,0,0,0
111900145,0,0,0
111900146,0,0,0
111900147,0,0,0
111900148,0,0,0
111900149,0,0,0
111900150,0,0,0
111900151,0,0,0
111900152,0,0,0
111900153,0,0,0
111900154,0,0,0
111900155,0,0,0
111900156,0,0,0
111900157,0,0,0
111900158,0,0,0
111900159,0,0,0
111900160,0,0,0
111900161,8,0,8
111900162,0,0,0
111900163,0,0,0
111900164,0,0,0
111901113,141,0,141
111901114,107,0,107
111901115,0,0,0
111901116,0,0,0
111901117,0,0,0
111901118,0,0,0
111901119,0,0,0
111901120,0,0,0
111901121,1,0,1
111901122,2,2,0
111901123,30,1,29
111901124,0,0,0
111901125,104,30,74
111901126,0,0,0
111901127,0,0,0
111901128,0,0,0
111901129,0,0,0
111901130,0,0,0
111901131,0,91,-91
111901132,0,0,0
111901133,0,0,0
111901134,0,0,0
111901135,0,0,0
111901136,0,0,0
111901137,0,0,0
111901138,0,0,0
111901139,0,0,0
111901140,0,0,0
111901141,0,0,0
111901142,0,0,0
111901143,0,0,0
111901144,0,0,0
112000001,1433,642,791
112000002,134,228,-94
112000003,798,436,362
112000004,97,78,19
112000005,3210,1983,1227
112000006,137,89,48
112000007,2648,1811,837
112000008,1964,2808,-844
112000009,1922,706,1216
112000010,1090,2864,-1774
112000011,725,460,265
112000012,2569,4523,-1954
112000013,933,652,281
112000014,289,2703,-2414
112000015,264,760,-496
112000016,520,1297,-777
112000017,101,666,-565
112000024,112,51,61
112000026,518,488,30
112000027,493,604,-111
112000028,381,120,261
112000029,208,554,-346
112000030,7,8,-1
112000031,421,1867,-1446
112000032,13,1,12
112000033,460,1355,-895
112000034,13,1,12
112000035,1,46,-45
112000036,72,494,-422
112000037,41,136,-95
112000038,205,453,-248
112000039,29,31,-2
112000040,26,51,-25
112000041,90,213,-123
112000042,387,25,362
112000050,932,897,35
112000051,686,882,-196
112000054,330,527,-197
112000057,30,81,-51
112000058,43,240,-197
112000059,271,184,87
112000061,672,312,360
112000062,193,533,-340
112000063,325,436,-111
112000064,689,637,52
112000065,362,186,176
112000066,755,684,71
112000067,84,89,-5
112000068,1148,854,294
112000069,51,310,-259
112000070,331,284,47
112000071,190,246,-56
112000072,1127,264,863
112000073,146,252,-106
112000074,452,234,218
112000075,825,589,236
112000076,1026,321,705
112000077,883,233,650
112000078,1058,260,798
112000079,1285,642,643
112000080,267,255,12
112000081,269,480,-211
112000082,638,562,76
112000083,312,518,-206
112000084,636,311,325
112000085,931,390,541
112000086,1734,470,1264
112000087,282,71,211
112000088,483,154,329
112000089,148,65,83
112000090,97,88,9
112000091,209,124,85
112000092,1384,129,1255
112000093,416,109,307
112000094,627,142,485
112000095,359,127,232
112000096,652,169,483
112000097,1136,344,792
112000098,81,38,43
112000099,245,1125,-880
112000100,1375,190,1185
112000101,49,64,-15
112000102,565,113,452
112000103,85,55,30
112000105,21,201,-180
112000106,889,79,810
112000107,5,30,-25
112000108,126,351,-225
112000109,65,59,6
112000110,590,182,408
112000111,120,309,-189
112000112,1301,81,1220
112000113,124,118,6
112000114,999,176,823
112000115,122,9,113
112000116,21,37,-16
112000117,34,47,-13
112000118,144,98,46
112000119,70,100,-30
112000120,3,26,-23
112000121,90,168,-78
112000122,282,46,236
112000123,444,17,427
112000124,293,19,274
112000125,200,73,127
112000126,283,155,128
112000127,916,1121,-205
112000128,86,383,-297
112000129,115,17,98
112000130,53,5,48
112000131,35,7,28
112000132,2,9,-7
112000133,208,19,189
112000134,122,64,58
112000135,624,87,537
112000136,211,231,-20
112000137,664,201,463
112000138,256,185,71
112000139,97,241,-144
112000140,27,53,-26
112000141,334,113,221
112000142,27,75,-48
112000143,588,60,528
112000144,37,135,-98
112000145,1581,146,1435
112000146,98,172,-74
112000147,1267,428,839
112000148,128,213,-85
112000149,186,75,111
112000150,13,16,-3
112000151,163,53,110
112000152,30,5,25
112000153,31,33,-2
112000154,68,0,68
112000155,50,22,28
112000157,26,308,-282
112000158,164,53,111
112000159,114,39,75
112000167,18,22,-4
112000169,48,525,-477
112000173,380,13,367
112000175,153,101,52
112000176,551,413,138
112000177,149,21,128
112000178,28,53,-25
112000179,107,16,91
112000180,8,2,6
112000181,366,178,188
112000182,941,73,868
112000183,34,9,25
112000184,213,33,180
112000185,33,24,9
112000187,749,256,493
112000195,53,9,44
112000196,57,0,57
112000197,4,25,-21
112000198,3,8,-5
112000199,9,84,-75
112000202,233,1,232
112000216,20,8,12
112000230,55,2,53
112000231,0,5,-5
112000256,64,114,-50
112000313,15,4,11
112000314,23,5,18
112000337,12,92,-80
112000352,1,26,-25
112000392,864,842,22
112000398,777,297,480
112000399,287,3023,-2736
112000400,275,434,-159
112000401,516,640,-124
112000402,2000,3383,-1383
112000403,440,2465,-2025
112000404,413,929,-516
112000405,2074,1653,421
112000406,803,456,347
112000407,3948,2454,1494
112000408,1357,837,520
112000409,391,787,-396
112000410,0,0,0
112000411,235,47,188
112000412,0,0,0
112000413,85,257,-172
112000414,28,5,23
112000415,47,3,44
112000416,1718,587,1131
112000417,106,79,27
112000421,2,0,2
112000422,87,16,71
112000424,159,688,-529
112000425,15,108,-93
112000426,24,56,-32
112000427,0,3,-3
112000428,58,37,21
112000429,693,937,-244
112000430,1094,1544,-450
112000431,60,103,-43
112000432,102,69,33
112000433,242,317,-75
112000437,87,89,-2
112900001,11,0,11
112900002,204,6,198
112900003,14,0,14
112900004,39,0,39
112900005,83,0,83
112900006,0,0,0
112900007,100,18,82
112900008,0,1,-1
112900009,71,1,70
112900010,39,0,39
112900011,0,0,0
112900012,0,1,-1
112900013,0,21,-21
112900014,0,0,0
112900015,8,13,-5
112900016,0,0,0
112900017,0,9,-9
112900018,0,0,0
112900019,0,0,0
112900020,12,39,-27
112900021,0,0,0
112900022,1,1,0
112900023,0,0,0
112900024,0,0,0
112900025,3,8,-5
112900026,0,0,0
112900027,0,0,0
112900028,0,0,0
112900029,31,9,22
112900030,0,0,0
112900031,0,0,0
112900032,0,0,0
112900034,6,6,0
112900035,0,0,0
112900036,0,0,0
112900037,0,0,0
112900038,42,0,42
112900039,0,0,0
112900040,0,0,0
112900041,17,67,-50
112900042,0,0,0
112900043,4,0,4
112900044,3,0,3
112900045,0,0,0
112900046,0,0,0
112900047,0,0,0
112900049,0,0,0
112900050,8,0,8
112900051,0,0,0
112900052,3,0,3
112900053,0,0,0
112900054,1,0,1
112900055,0,0,0
112900056,0,0,0
112900057,0,0,0
112900058,13,15,-2
112900059,0,0,0
112900060,0,0,0
112900061,0,0,0
112900062,0,0,0
112900063,0,0,0
112900064,0,0,0
112900065,0,0,0
112900066,47,25,22
112900067,0,0,0
112900068,0,0,0
112900069,1,0,1
112900071,0,0,0
112900072,3,47,-44
112900073,30,12,18
112900074,0,0,0
112900075,29,0,29
112900076,0,0,0
112900078,0,0,0
112900079,0,0,0
112900080,0,0,0
112900081,2,10,-8
112900082,63,1,62
112900083,0,0,0
112900084,0,0,0
112900085,0,0,0
112900086,0,0,0
112900087,77,0,77
112900088,26,0,26
112900089,315,1,314
112900090,0,0,0
112900091,0,0,0
112900092,0,0,0
112900093,0,0,0
112900094,0,0,0
112900095,0,0,0
112900096,56,13,43
112900097,0,0,0
112900098,11,0,11
112900099,387,4,383
112900100,0,0,0
112900101,0,0,0
112900102,0,0,0
112900103,0,0,0
112900104,0,0,0
112900105,0,0,0
112900106,19,5,14
112900107,2,0,2
112900108,1,0,1
112900109,0,0,0
112900110,0,0,0
112900111,0,0,0
112900112,0,0,0
112900113,0,0,0
112900114,1,0,1
112900115,503,0,503
112900116,19,1,18
112900117,0,0,0
112900118,0,0,0
112900119,0,0,0
112900120,0,0,0
112900121,0,0,0
112900122,0,0,0
112900123,0,0,0
112900124,0,0,0
112900125,0,1,-1
112900126,3,11,-8
112900127,0,0,0
112900128,0,0,0
112900129,0,55,-55
112900130,0,0,0
112900131,0,0,0
112900132,0,0,0
112900133,0,145,-145
112900134,0,22,-22
112900135,0,0,0
112900136,0,0,0
112900137,0,108,-108
112900138,0,7,-7
112900139,0,0,0
112900140,0,0,0
112900141,219,12,207
112900142,0,0,0
112900143,0,0,0
112900144,0,0,0
112900145,0,0,0
112900146,0,0,0
112900147,0,0,0
112900148,0,0,0
112900149,0,0,0
112900151,0,0,0
112900152,481,56,425
112900153,1,72,-71
112900154,0,0,0
112900155,30,0,30
112900156,7,0,7
112900157,215,1,214
112900158,0,0,0
112900159,1,0,1
112900160,0,0,0
112900161,0,0,0
112900162,0,0,0
112900163,0,0,0
112900164,0,0,0
112900165,0,0,0
112900166,0,0,0
112900167,1,0,1
112900168,0,0,0
112900169,0,0,0
112900170,0,0,0
112900172,0,0,0
112900173,0,0,0
112900174,0,0,0
112900175,0,0,0
112900176,0,0,0
112900177,0,0,0
112900178,74,20,54
112900179,0,29,-29
112900180,448,68,380
112900181,0,0,0
112900182,0,0,0
112900183,0,0,0
112900184,38,60,-22
112900185,1,57,-56
112900186,40,92,-52
112900187,0,0,0
112900188,43,34,9
112900189,0,0,0
112900190,0,0,0
112900192,45,26,19
112900193,90,30,60
112900194,0,0,0
112900195,106,2,104
112900196,71,7,64
112900197,8,14,-6
112900199,75,2,73
112900200,16,1,15
112900201,4,0,4
112900202,2,17,-15
112900203,3,0,3
112900204,8,19,-11
112900205,4,0,4
112900206,3,0,3
112900207,0,0,0
112900208,0,9,-9
112900209,0,0,0
112900210,0,0,0
112900211,0,0,0
112900212,0,0,0
112900213,0,0,0
112900214,0,0,0
112900215,0,0,0
112900216,0,0,0
112900217,0,0,0
112900218,74,0,74
112900219,7,0,7
112900220,0,0,0
112900221,2,1,1
112900222,0,2,-2
112900223,161,0,161
112900224,36,0,36
112900225,0,0,0
112900226,0,0,0
112900227,204,3,201
112900228,63,0,63
112900229,0,0,0
112900230,333,149,184
112900232,1,16,-15
112900233,0,0,0
112900234,0,0,0
112900235,0,0,0
112900236,0,0,0
112900237,52,1,51
112900238,0,0,0
113000001,1612,1587,25
113000002,1761,1695,66
113000003,383,977,-594
113000004,388,948,-560
113000005,334,286,48
113000006,232,681,-449
113000007,498,267,231
113000008,362,481,-119
113000009,295,250,45
113000010,476,397,79
113000011,385,165,220
113000012,669,146,523
113000013,67,113,-46
113000014,190,417,-227
113000015,157,130,27
113000016,29,67,-38
113000017,59,46,13
113000018,106,12,94
113000019,70,21,49
113000020,321,6,315
113000021,637,235,402
113000022,234,311,-77
113000025,3,11,-8
113000026,284,446,-162
113000027,124,211,-87
113000028,101,159,-58
113000029,360,378,-18
113000030,1,1,0
113000031,1,4,-3
113000032,134,101,33
113000033,248,118,130
113000034,2,2,0
113000035,0,0,0
113000036,6,132,-126
113000037,2,1,1
113000038,18,69,-51
113000039,1,35,-34
113000040,4,4,0
113000042,220,247,-27
113000051,355,1143,-788
113000052,362,134,228
113000053,148,86,62
113000054,90,389,-299
113000055,599,211,388
113000056,722,232,490
113000058,119,442,-323
113000059,342,192,150
113000060,225,201,24
113000061,187,250,-63
113000062,145,114,31
113000063,142,40,102
113000064,87,95,-8
113000065,129,132,-3
113000066,503,36,467
113000067,984,117,867
113000068,196,225,-29
113000069,246,250,-4
113000070,779,84,695
113000071,78,150,-72
113000072,270,84,186
113000073,141,250,-109
113000074,318,104,214
113000075,598,121,477
113000076,120,638,-518
113000077,278,339,-61
113000078,171,350,-179
113000079,53,137,-84
113000080,72,151,-79
113000081,233,362,-129
113000082,194,77,117
113000083,342,439,-97
113000084,452,409,43
113000085,348,221,127
113000086,332,331,1
113000087,315,717,-402
113000088,307,399,-92
113000089,485,1044,-559
113000090,42,282,-240
113000091,87,1,86
113000094,599,68,531
113000095,100,60,40
113000096,49,29,20
113000097,218,31,187
113000098,9,32,-23
113000099,349,79,270
113000100,71,49,22
113000101,20,6,14
113000102,173,42,131
113000103,711,142,569
113000104,393,936,-543
113000105,545,84,461
113000106,122,89,33
113000107,504,425,79
113000108,410,322,88
113000109,138,296,-158
113000110,580,224,356
113000111,22,116,-94
113000112,48,186,-138
113000113,576,212,364
113000114,2,322,-320
113000116,78,132,-54
113000117,122,184,-62
113000118,26,227,-201
113000119,92,140,-48
113000120,7,332,-325
113000121,85,122,-37
113000124,128,65,63
113000125,3,379,-376
113000127,202,28,174
113000128,119,272,-153
113000129,0,0,0
113000133,450,0,450
113000134,3,529,-526
113000135,1790,1721,69
113000137,547,963,-416
113000139,182,82,100
113000140,3,3,0
113000141,209,61,148
113000142,122,107,15
113000143,118,193,-75
113000144,12,55,-43
113000145,88,106,-18
113000146,3,0,3
113000147,26,3,23
113000148,276,71,205
113000149,67,146,-79
113000150,19,34,-15
113000151,4,1,3
113000152,20,263,-243
113000153,169,136,33
113000154,104,501,-397
113000155,169,285,-116
113000156,84,81,3
113000157,104,120,-16
113000158,47,12,35
113000159,282,15,267
113000160,190,140,50
113000161,122,70,52
113000162,0,0,0
113000163,85,22,63
113000164,0,0,0
113000166,190,22,168
113000167,0,0,0
113000168,0,0,0
113000169,170,12,158
113000170,75,17,58
113000171,0,0,0
113000172,124,4,120
113000173,32,4,28
113000174,0,0,0
113000175,274,22,252
113000176,332,9,323
113000177,0,0,0
113000178,0,0,0
113000179,176,38,138
113000180,421,778,-357
113000181,538,365,173
113000182,10,42,-32
113000183,53,260,-207
113000184,0,0,0
113000189,21,78,-57
113000190,141,71,70
113000192,264,1000,-736
113000193,569,754,-185
113000194,212,546,-334
113000195,416,764,-348
113000196,164,127,37
113000197,411,926,-515
113000198,2,111,-109
113000199,242,124,118
113000201,27,20,7
113000202,623,212,411
113000203,30,9,21
113000204,136,1053,-917
113000205,0,0,0
113000206,3,12,-9
113000207,0,0,0
113000208,9,28,-19
113000209,0,0,0
113000210,2,26,-24
113000211,58,31,27
113000212,22,1,21
113000213,11,21,-10
113000214,0,5,-5
113000234,2,94,-92
113000410,2,82,-80
113000411,603,1396,-793
113000412,841,620,221
113000413,926,890,36
113000414,1392,3556,-2164
113000415,465,613,-148
113000416,887,564,323
113000417,194,431,-237
113000418,1698,1804,-106
113000419,480,997,-517
113000420,1277,1882,-605
113000421,2405,3895,-1490
113000422,3181,2806,375
113000423,711,1546,-835
113000424,939,3437,-2498
113000425,3,58,-55
113000428,26,2,24
113000430,0,0,0
113000432,765,38,727
113000433,34,123,-89
113000434,0,3,-3
113000435,1,11,-10
113000436,1,40,-39
113000437,493,0,493
113000438,51,2,49
113000439,0,0,0
113000440,7,1,6
113000441,97,24,73
113000442,0,0,0
113000443,43,5,38
113000444,0,0,0
113000445,9,5,4
113000446,0,0,0
113000448,0,0,0
113000449,4,102,-98
113000450,21,426,-405
113000451,13,0,13
113000452,26,103,-77
113000453,0,0,0
113000454,38,26,12
113000455,0,0,0
113000456,129,60,69
113000468,146,31,115
113000469,29,138,-109
113000470,94,25,69
113000471,1,126,-125
113000472,12,14,-2
113000474,552,542,10
113000475,471,575,-104
113000476,702,995,-293
113000477,1934,1013,921
113000478,1587,1251,336
113000479,11,26,-15
113000480,35,129,-94
113000481,0,0,0
113000483,0,0,0
113000485,0,0,0
113000486,0,0,0
113000487,0,0,0
113000488,0,0,0
113000489,0,0,0
113000490,0,0,0
113000491,0,0,0
113000492,0,0,0
113000493,0,0,0
113000495,0,0,0
113000496,8,8,0
113000497,0,0,0
113000500,0,0,0
113900001,0,0,0
113900002,0,0,0
113900003,0,0,0
113900004,0,0,0
113900005,0,0,0
113900006,0,0,0
113900007,0,0,0
113900008,0,0,0
113900009,0,0,0
113900010,0,0,0
113900011,0,0,0
113900012,0,0,0
113900013,0,0,0
113900014,172,23,149
113900015,0,0,0
113900016,0,0,0
113900017,0,0,0
113900018,0,0,0
113900019,1,0,1
113900020,69,0,69
113900022,20,0,20
113900023,0,0,0
113900024,0,0,0
113900025,34,6,28
113900026,5,0,5
113900027,0,0,0
113900028,0,0,0
113900029,0,0,0
113900030,82,0,82
113900031,4,0,4
113900032,0,0,0
113900033,0,0,0
113900035,0,0,0
113900036,0,0,0
113900037,0,0,0
113900038,0,0,0
113900039,61,16,45
113900040,0,4,-4
113900041,0,0,0
113900042,0,0,0
113900043,0,0,0
113900044,1,31,-30
113900045,0,0,0
113900046,0,0,0
113900047,0,0,0
113900048,0,0,0
113900049,0,0,0
113900050,4,36,-32
113900051,0,0,0
113900052,5,0,5
113900053,23,103,-80
113900054,0,0,0
113900055,0,0,0
113900056,0,0,0
113900057,0,0,0
113900058,0,0,0
113900059,0,0,0
113900060,1,5,-4
113900061,18,30,-12
113900062,0,0,0
113900063,0,0,0
113900064,0,0,0
113900065,193,4,189
113900066,0,0,0
113900067,19,0,19
113900068,164,128,36
113900069,0,0,0
113900070,0,0,0
113900071,0,0,0
113900072,0,0,0
113900073,35,39,-4
113900074,26,20,6
113900075,126,224,-98
113900076,0,0,0
113900077,0,0,0
113900078,0,0,0
113900079,0,0,0
113900080,8,1,7
113900081,0,0,0
113900082,0,0,0
113900083,61,32,29
113900084,17,14,3
113900085,0,0,0
113900086,0,0,0
113900087,0,0,0
113900088,0,0,0
113900089,133,7,126
113900090,4,6,-2
113900091,0,0,0
113900092,0,0,0
113900093,0,0,0
113900094,32,26,6
113900095,7,11,-4
113900096,0,0,0
113900097,0,0,0
113900098,235,21,214
113900099,0,0,0
113900100,0,0,0
113900101,0,0,0
113900102,1,0,1
113900103,47,33,14
113900104,30,32,-2
113900105,0,0,0
113900106,0,0,0
113900107,0,0,0
113900108,0,0,0
113900109,4,0,4
113900110,0,0,0
113900111,0,0,0
113900112,3,0,3
113900113,7,1,6
113900114,0,0,0
113900115,0,0,0
113900116,0,0,0
113900117,0,0,0
113900118,2,37,-35
113900119,16,81,-65
113900120,0,0,0
113900121,0,0,0
113900122,13,933,-920
113900123,0,0,0
113900124,0,0,0
113900125,9,0,9
113900126,0,0,0
113900127,0,0,0
113900128,0,0,0
113900129,0,27,-27
113900130,0,0,0
113900131,0,0,0
113900132,0,0,0
113900133,0,0,0
113900135,19,3,16
113900136,0,0,0
113900137,0,1,-1
113900138,0,0,0
113900139,0,0,0
113900140,18,27,-9
113900141,0,0,0
113900142,0,0,0
113900143,0,0,0
113900144,40,16,24
113900145,0,0,0
113900146,0,0,0
113900148,0,0,0
113900149,0,0,0
113900150,138,17,121
113900151,0,0,0
113900152,0,0,0
113900153,0,0,0
113900154,0,0,0
113900155,0,0,0
113900156,0,0,0
113900157,3,12,-9
113900158,0,0,0
113900159,0,0,0
113900160,0,0,0
113900161,0,0,0
113900162,8,21,-13
113900163,0,0,0
113900164,0,0,0
113900165,0,0,0
113900166,1,13,-12
113900167,6,0,6
113900168,0,0,0
113900169,0,0,0
113900171,0,0,0
113900172,0,0,0
113900173,2,29,-27
113900174,0,0,0
113900175,129,2,127
113900176,0,0,0
113900177,3,4,-1
113900178,0,0,0
113900179,0,58,-58
113900180,4,1,3
113900181,75,0,75
113900182,0,0,0
113900183,0,2,-2
113900184,1,19,-18
113900185,0,1,-1
113900186,0,0,0
113900187,0,4,-4
113900188,0,0,0
113900189,0,0,0
113900190,0,0,0
113900191,0,0,0
113900192,0,0,0
113900193,0,10,-10
113900194,61,13,48
113900195,0,0,0
113900196,0,0,0
113900197,0,20,-20
113900198,0,0,0
113900199,1,26,-25
113900200,0,0,0
113900201,0,9,-9
113900202,0,0,0
113900203,0,2,-2
113900204,0,1,-1
113900205,0,0,0
113900206,0,0,0
113900207,0,0,0
113900208,0,0,0
113900209,0,0,0
113900210,0,0,0
113900211,0,0,0
113900212,114,10,104
113900214,7,8,-1
113900215,173,2,171
113900216,0,0,0
113900217,0,0,0
113900218,0,0,0
113900219,0,0,0
113900220,0,0,0
113900221,7,20,-13
113900222,0,0,0
113900223,0,0,0
113900224,0,0,0
113900225,49,3,46
113900226,4,1,3
113900227,8,2,6
113900228,0,0,0
113900229,0,14,-14
113900230,89,11,78
113900231,0,0,0
113900232,0,0,0
113900233,0,0,0
113900234,0,0,0
113900235,0,0,0
113900236,77,0,77
113900237,0,0,0
113900238,4,73,-69
113900239,0,0,0
113900240,0,0,0
113900241,0,0,0
113900242,0,0,0
113900243,0,6,-6
113900244,9,6,3
113900245,7,9,-2
113900246,2,7,-5
113900247,13,161,-148
113900248,0,0,0
113900249,35,100,-65
113900250,0,20,-20
113900251,133,6,127
113900252,132,4,128
113900253,113,7,106
113900254,175,31,144
113900255,342,15,327
113900256,166,2,164
113900257,0,50,-50
113900258,0,28,-28
113900259,87,8,79
113900260,157,9,148
113900261,7,3,4
113900262,49,23,26
113900263,0,5,-5
113900264,0,5,-5
113900265,24,0,24
113900266,28,0,28
113900267,1,0,1
113900268,22,11,11
113900269,0,0,0
113900270,0,0,0
113900271,0,0,0
113900273,1,0,1
113900274,12,5,7
113900275,0,0,0
113900276,0,10,-10
113900277,70,2,68
113900278,0,0,0
113900279,0,0,0
113900280,32,11,21
113900281,4,106,-102
113900282,0,3,-3
113900283,0,0,0
113900284,327,84,243
113900285,35,0,35
113900286,0,0,0
113900287,0,0,0
113900288,0,0,0
113900289,0,0,0
113900290,0,0,0
113900291,0,0,0
113900292,0,0,0
113900293,0,0,0
113900294,224,3,221
113900295,51,29,22
113900296,72,8,64
113900297,291,5,286
113900298,0,0,0
113900299,33,0,33
113900300,534,14,520
113900301,22,2,20
113900302,41,2,39
113900303,0,0,0
113900304,0,0,0
113900305,51,0,51
113900306,17,0,17
113900307,0,0,0
113900308,0,0,0
113900309,0,17,-17
113900310,1,0,1
113900311,0,0,0
113900312,0,0,0
113900313,0,0,0
114000001,347,346,1
114000002,81,49,32
114000003,34,11,23
114000004,56,4,52
114000005,30,3,27
114000006,232,269,-37
114000007,205,151,54
114000008,247,319,-72
114000009,210,96,114
114000011,1447,338,1109
114000012,2042,240,1802
114000013,1058,425,633
114000014,50,12,38
114000015,279,18,261
114000016,18,33,-15
114000017,9,60,-51
114000018,21,16,5
114000026,997,324,673
114000027,1661,719,942
114000028,668,1239,-571
114000038,5,2,3
114000039,0,0,0
114000040,25,35,-10
114000042,24,85,-61
114000043,63,9,54
114000044,84,10,74
114000045,0,4,-4
114000046,361,479,-118
114000047,13,66,-53
114000048,35,52,-17
114000049,630,372,258
114000050,370,370,0
114000051,634,805,-171
114000052,509,827,-318
114000053,156,192,-36
114000054,30,286,-256
114000055,24,1,23
114000056,3,73,-70
114000057,568,666,-98
114000058,2,20,-18
114000059,1,35,-34
114000060,49,151,-102
114000061,617,1320,-703
114000062,192,426,-234
114000063,110,223,-113
114000064,382,488,-106
114000065,218,401,-183
114000066,204,267,-63
114000067,21,195,-174
114000068,77,187,-110
114000069,279,50,229
114000070,1014,627,387
114000071,87,28,59
114000072,167,20,147
114000073,28,40,-12
114000074,15,2,13
114000075,59,10,49
114000076,10,24,-14
114000077,4,8,-4
114000078,11,30,-19
114000079,22,1,21
114000080,0,51,-51
114000081,31,110,-79
114000082,40,55,-15
114000083,0,0,0
114000084,70,51,19
114000085,4,37,-33
114000086,3,54,-51
114000087,0,0,0
114000088,13,7,6
114000089,45,43,2
114000090,218,333,-115
114000091,277,200,77
114000092,110,73,37
114000093,447,213,234
114000094,183,159,24
114000095,68,127,-59
114000096,31,21,10
114000097,63,45,18
114000098,220,72,148
114000099,226,25,201
114000100,1337,120,1217
114000101,232,38,194
114000102,232,63,169
114000103,51,46,5
114000104,0,32,-32
114000105,10,18,-8
114000106,170,275,-105
114000107,190,19,171
114000108,107,45,62
114000109,507,578,-71
114000110,2,26,-24
114000111,1062,322,740
114000112,10,58,-48
114000113,604,218,386
114000114,16,28,-12
114000115,708,591,117
114000116,610,664,-54
114000117,2303,197,2106
114000118,1962,190,1772
114000119,1840,218,1622
114000120,319,194,125
114000121,0,7,-7
114000122,184,19,165
114000123,1003,100,903
114000124,417,93,324
114000125,364,350,14
114000126,760,56,704
114000127,69,62,7
114000128,425,90,335
114000130,176,361,-185
114000131,163,32,131
114000132,140,156,-16
114000133,81,127,-46
114000134,0,0,0
114000138,0,0,0
114000139,84,147,-63
114000144,226,148,78
114000145,0,0,0
114000146,0,0,0
114000147,840,1446,-606
114000148,289,795,-506
114000149,71,61,10
114000150,7,19,-12
114000151,75,697,-622
114000152,9,34,-25
114000153,78,444,-366
114000154,190,68,122
114000155,362,787,-425
114000156,191,404,-213
114000157,67,279,-212
114000158,89,102,-13
114000159,28,57,-29
114000160,14,62,-48
114000161,260,724,-464
114000162,946,1185,-239
114000163,0,0,0
114000165,56,198,-142
114000166,119,77,42
114000167,663,269,394
114000168,29,9,20
114000169,470,605,-135
114000170,452,372,80
114000171,1021,2437,-1416
114000174,9,2,7
114000176,19,6,13
114000177,34,19,15
114000178,60,18,42
114000179,465,319,146
114000180,51,6,45
114000181,473,1971,-1498
114000182,463,250,213
114000183,260,36,224
114000184,145,101,44
114000185,663,495,168
114000189,887,106,781
114000190,2487,452,2035
114000191,42,242,-200
114000192,0,0,0
114000193,0,0,0
114000194,862,417,445
114000195,246,92,154
114000196,0,0,0
114000197,1547,10,1537
114000198,0,0,0
114000199,2,93,-91
114000200,178,120,58
114000201,29,78,-49
114000202,592,386,206
114000203,190,319,-129
114000204,0,0,0
114000205,11,102,-91
114000206,38,100,-62
114000207,121,141,-20
114000208,102,56,46
114000209,92,180,-88
114000210,46,262,-216
114000211,1258,582,676
114000212,430,404,26
114000213,1241,353,888
114000214,9,0,9
114000215,38,0,38
114000216,461,188,273
114000217,255,76,179
114000218,83,1,82
114000219,541,55,486
114000220,0,4,-4
114000221,434,46,388
114000222,12,61,-49
114000223,464,44,420
114000224,12,92,-80
114000225,90,41,49
114000226,88,86,2
114000227,783,354,429
114000228,765,108,657
114000229,643,310,333
114000230,1518,331,1187
114000231,494,582,-88
114000232,708,90,618
114000233,1484,39,1445
114000234,930,307,623
114000235,756,328,428
114000236,0,0,0
114000237,56,185,-129
114000238,14,312,-298
114000239,52,195,-143
114000240,601,549,52
114000241,117,199,-82
114000242,272,255,17
114000243,1034,675,359
114000244,317,104,213
114000245,103,168,-65
114000246,0,0,0
114000247,306,262,44
114000248,955,401,554
114000249,756,355,401
114000250,217,56,161
114000251,226,20,206
114000252,32,12,20
114000253,33,14,19
114000254,0,0,0
114000255,4,66,-62
114000256,95,246,-151
114000257,19,204,-185
114000258,138,45,93
114000259,0,3,-3
114000260,0,0,0
114000261,46,8,38
114000262,0,0,0
114000263,8,0,8
114000264,260,33,227
114000265,0,0,0
114000267,2,355,-353
114000268,0,0,0
114000270,99,1,98
114000271,108,19,89
114000283,492,87,405
114000285,0,0,0
114000288,3,4,-1
114000289,377,2,375
114000293,113,18,95
114000294,61,94,-33
114000395,453,49,404
114000396,214,117,97
114000402,304,75,229
114000403,343,54,289
114000405,151,32,119
114000423,259,51,208
114000424,175,90,85
114000425,516,96,420
114000426,311,733,-422
114000427,21,5,16
114000428,28,56,-28
114000429,39,2,37
114000432,118,7,111
114000434,1,20,-19
114000435,0,0,0
114000436,77,40,37
114000437,348,1813,-1465
114900001,193,42,151
114900002,69,7,62
114900003,187,70,117
114900004,21,41,-20
114900005,96,56,40
114900006,3,2,1
114900007,67,2,65
114900008,30,11,19
114900010,0,0,0
114900011,86,5,81
114900013,11,2,9
114900015,7,30,-23
114900018,38,2,36
114900020,2,2,0
114900022,1,16,-15
114900024,4,4,0
114900025,102,7,95
114900026,10,4,6
114900027,70,12,58
114900029,12,1,11
114900030,58,4,54
114900031,74,2,72
114900032,133,1,132
114900033,34,104,-70
114900034,0,0,0
114900035,4,13,-9
114900036,86,35,51
114900037,0,0,0
114900038,0,0,0
114900039,0,0,0
114900040,0,0,0
114900041,0,0,0
114900042,0,0,0
114900043,0,0,0
114900044,2,7,-5
114900046,0,0,0
114900047,0,0,0
114900048,0,0,0
114900049,0,0,0
114900050,0,0,0
114900051,0,0,0
114900052,0,0,0
114900053,0,0,0
114900054,0,0,0
114900057,9,10,-1
114900058,0,0,0
114900059,9,5,4
114900060,4,19,-15
114900061,0,0,0
114900062,12,8,4
114900063,0,0,0
114900064,0,0,0
114900065,0,0,0
114900067,2,0,2
114900068,0,0,0
114900069,0,0,0
114900070,104,11,93
114900072,0,0,0
114900073,0,0,0
114900074,239,5,234
114900075,16,0,16
114900076,0,0,0
114900080,131,42,89
114900082,396,28,368
114900083,0,0,0
114900090,121,24,97
114900091,0,0,0
114900095,0,0,0
114900096,0,5,-5
114900097,14,0,14
114900098,0,1,-1
114900099,7,0,7
115000001,656,661,-5
115000002,2007,3111,-1104
115000003,495,292,203
115000004,2182,3297,-1115
115000005,149,156,-7
115000006,484,741,-257
115000007,71,321,-250
115000008,198,168,30
115000009,233,311,-78
115000010,133,183,-50
115000013,0,0,0
115000015,0,0,0
115000016,6,339,-333
115000019,76,270,-194
115000020,6,185,-179
115000021,0,70,-70
115000022,23,63,-40
115000023,420,427,-7
115000024,58,28,30
115000025,648,264,384
115000026,30,5,25
115000027,323,88,235
115000028,2,29,-27
115000029,878,14,864
115000030,15,67,-52
115000031,650,15,635
115000032,2,0,2
115000033,105,18,87
115000034,0,0,0
115000035,559,15,544
115000036,0,0,0
115000037,322,8,314
115000038,56,306,-250
115000039,631,978,-347
115000040,995,653,342
115000041,450,1523,-1073
115000042,294,99,195
115000043,1563,876,687
115000044,931,257,674
115000045,676,216,460
115000046,1817,1055,762
115000047,1791,435,1356
115000048,395,326,69
115000049,362,639,-277
115000050,1612,614,998
115000051,763,2529,-1766
115000052,354,399,-45
115000053,1018,2103,-1085
115000054,334,194,140
115000055,34,190,-156
115000056,69,61,8
115000057,60,285,-225
115000058,45,99,-54
115000059,58,214,-156
115000061,57,83,-26
115000062,32,13,19
115000063,29,11,18
115000064,186,45,141
115000065,4,3,1
115000067,79,17,62
115000069,25,3,22
115000070,0,64,-64
115000071,60,23,37
115000072,0,0,0
115000073,695,51,644
115000075,31,27,4
115000076,632,459,173
115000077,668,340,328
115000078,700,279,421
115000079,430,344,86
115000080,1661,375,1286
115000081,18,28,-10
115000082,2313,1601,712
115000083,741,276,465
115000084,2005,242,1763
115000085,240,173,67
115000086,633,237,396
115000087,110,390,-280
115000088,912,276,636
115000089,158,146,12
115000090,380,185,195
115000091,213,134,79
115000092,429,236,193
115000093,448,3,445
115000094,2052,2911,-859
115000095,1019,2556,-1537
115000096,296,263,33
115000097,695,618,77
115000098,693,99,594
115000099,1397,295,1102
115000100,1107,238,869
115000101,31,54,-23
115000102,439,137,302
115000103,181,129,52
115000105,57,51,6
115000106,295,214,81
115000107,10,49,-39
115000108,369,358,11
115000109,1273,2580,-1307
115000110,820,814,6
115000111,197,589,-392
115000112,252,105,147
115000113,203,340,-137
115000114,276,197,79
115000116,415,481,-66
115000117,493,420,73
115000118,355,761,-406
115000119,336,302,34
115000120,103,987,-884
115000121,267,195,72
115000122,336,349,-13
115000123,139,1607,-1468
115000124,176,315,-139
115000125,85,334,-249
115000126,115,234,-119
115000127,91,27,64
115000128,47,331,-284
115000129,134,97,37
115000130,246,100,146
115000131,319,105,214
115000132,247,32,215
115000133,195,41,154
115000134,118,14,104
115000135,40,17,23
115000136,63,46,17
115000137,4,8,-4
115000138,174,70,104
115000139,33,11,22
115000140,317,92,225
115000141,42,14,28
115000142,96,7,89
115000143,821,266,555
115000144,266,21,245
115000145,48,30,18
115000146,281,118,163
115000147,107,27,80
115000148,89,101,-12
115000149,135,239,-104
115000150,246,71,175
115000151,516,250,266
115000152,227,120,107
115000153,618,201,417
115000154,372,85,287
115000155,176,117,59
115000156,162,351,-189
115000157,67,108,-41
115000158,96,75,21
115000159,84,99,-15
115000160,195,213,-18
115000161,393,274,119
115000162,613,493,120
115000163,101,18,83
115000164,8,79,-71
115000165,113,347,-234
115000167,128,16,112
115000168,210,162,48
115000169,16,9,7
115000170,0,0,0
115000171,158,175,-17
115000172,27,52,-25
115000173,58,169,-111
115000174,34,121,-87
115000175,1,27,-26
115000176,7,23,-16
115000177,0,38,-38
115000178,0,15,-15
115000179,4,81,-77
115000180,2,16,-14
115000181,484,34,450
115000182,539,52,487
115000183,5,8,-3
115000186,164,12,152
115000187,62,10,52
115000188,248,67,181
115000189,84,17,67
115000190,284,113,171
115000191,10,46,-36
115000194,0,0,0
115000195,51,39,12
115000196,117,6,111
115000197,90,54,36
115000198,485,21,464
115000199,119,43,76
115000200,195,26,169
115000201,9,28,-19
115000206,456,8,448
115000207,0,0,0
115000208,31,21,10
115000209,501,99,402
115000210,72,39,33
115000211,24,30,-6
115000212,167,69,98
115000218,3,25,-22
115000219,6,42,-36
115000224,40,8,32
115000225,36,16,20
115000229,90,27,63
115000230,12,178,-166
115000231,224,136,88
115000232,1274,155,1119
115000233,38,3,35
115000234,4,14,-10
115000241,14,2,12
115000242,48,4,44
115000243,6,16,-10
115000244,17,7,10
115000246,1,5,-4
115000247,2,8,-6
115000248,1,1,0
115000249,0,0,0
115000250,87,7,80
115000251,96,6,90
115000252,8,48,-40
115000253,3,110,-107
115000258,81,15,66
115000259,29,6,23
115000261,1,12,-11
115000262,12,7,5
115000263,0,1,-1
115000264,0,2,-2
115000267,6,4,2
115000268,0,0,0
115000269,55,0,55
115000270,12,1,11
115000272,6,11,-5
115000273,120,4,116
115000274,71,22,49
115000280,249,722,-473
115000281,0,0,0
115000282,239,1121,-882
115000284,16,23,-7
115000296,191,4,187
115000297,8,524,-516
115000298,0,0,0
115000300,103,18,85
115000302,203,59,144
115000303,511,20,491
115000304,401,27,374
115000305,11,19,-8
115000306,36,16,20
115000307,16,7,9
115000308,0,0,0
115000309,0,1,-1
115000310,386,152,234
115000311,919,327,592
115000313,15,13,2
115000314,142,120,22
115000315,6,35,-29
115000316,13,20,-7
115000317,55,37,18
115000318,664,42,622
115000319,1,11,-10
115000320,4,40,-36
115000321,105,7,98
115000322,0,5,-5
115000449,22,44,-22
115000557,0,0,0
115000558,144,26,118
115000587,197,122,75
115000588,100,104,-4
115000589,1482,890,592
115000590,33,46,-13
115000591,400,324,76
115000592,29,32,-3
115000593,797,399,398
115000594,17,34,-17
115000609,67,101,-34
115000617,71,519,-448
115000624,44,1,43
115000633,428,288,140
115000634,1311,400,911
115000635,385,49,336
115000638,4,61,-57
115000641,2,5,-3
115000642,203,28,175
115000643,3,0,3
115000644,9,3,6
115000646,155,299,-144
115000647,33,63,-30
115000648,963,71,892
115000893,820,492,328
115000894,0,31,-31
115000895,0,0,0
115000896,401,248,153
115000897,122,10,112
115000898,166,147,19
115000899,2,25,-23
115000900,3,141,-138
115000901,0,0,0
115000912,119,63,56
115000913,0,1,-1
115000915,4,1,3
115000916,12,0,12
115000917,0,10,-10
115000918,19,382,-363
115000919,0,6,-6
115000920,0,0,0
115000921,0,0,0
115000922,115,387,-272
115000923,0,8,-8
115000925,9,12,-3
115000927,0,4,-4
115000933,0,8,-8
115000934,6,11,-5
115000935,5,0,5
115900001,53,0,53
115900002,1,1,0
115900003,31,13,18
115900004,0,0,0
115900005,11,0,11
115900006,2,16,-14
115900008,47,0,47
115900009,1,1,0
115900010,186,3,183
115900011,61,8,53
115900012,45,0,45
115900013,85,0,85
115900014,26,4,22
115900015,20,0,20
115900016,49,1,48
115900017,0,0,0
115900018,28,1,27
115900019,2,0,2
115900020,98,21,77
115900021,71,3,68
115900022,42,1,41
115900023,5,0,5
115900025,0,0,0
115900026,116,6,110
115900027,0,0,0
115900028,28,10,18
115900029,0,6,-6
115900030,0,0,0
115900031,4,46,-42
115900032,82,43,39
115900033,0,0,0
115900034,0,12,-12
115900035,0,0,0
115900036,2,229,-227
115900037,0,26,-26
115900038,0,0,0
115900039,13,1,12
115900041,11,100,-89
115900042,2,0,2
115900043,22,0,22
115900044,54,65,-11
115900046,171,23,148
115900047,0,18,-18
115900049,56,9,47
115900051,0,0,0
115900052,0,0,0
115900053,179,10,169
115900054,154,0,154
115900055,0,0,0
115900056,19,3,16
115900057,3,2,1
115900058,0,0,0
115900060,1,37,-36
115900061,24,0,24
115900062,7,5,2
115900063,0,0,0
115900064,6,2,4
115900065,30,8,22
115900066,2,5,-3
115900067,0,2,-2
115900068,1,3,-2
115900069,6,3,3
115900070,34,1,33
115900071,0,0,0
115900072,4,17,-13
115900073,27,42,-15
115900074,0,0,0
115900075,3,10,-7
115900076,0,0,0
115900077,0,0,0
115900078,24,8,16
115900079,163,1,162
115900080,16,0,16
115900081,0,0,0
115900082,40,28,12
115900084,142,0,142
115900085,2,0,2
115900086,177,63,114
115900088,0,0,0
115900089,327,4,323
115900090,82,0,82
115900091,0,0,0
115900092,0,0,0
115900093,0,0,0
115900094,0,0,0
115900096,0,0,0
115900097,0,0,0
115900098,1,0,1
115900099,1,3,-2
115900100,2,11,-9
115900101,0,0,0
115900102,15,8,7
115900103,1,0,1
115900104,7,6,1
115900105,62,1,61
115900106,0,0,0
115900107,14,10,4
115900108,0,0,0
115900109,0,67,-67
115900110,0,0,0
115900111,0,0,0
115900112,0,185,-185
115900113,0,0,0
115900114,0,0,0
115900115,0,0,0
115900116,7,105,-98
115900117,0,0,0
115900118,0,0,0
115900119,0,0,0
115900120,6,11,-5
115900121,22,6,16
115900124,68,237,-169
115900125,76,15,61
115900126,206,2,204
115900127,433,5,428
115900128,0,1,-1
115900129,179,18,161
115900130,0,3,-3
115900131,83,2,81
115900132,245,0,245
115900134,90,0,90
115900135,79,71,8
115900137,17,2,15
115900139,0,0,0
115900140,82,1,81
115900141,0,0,0
115900142,0,0,0
115900143,0,0,0
115900144,0,0,0
115900146,30,3,27
115900147,111,106,5
115900148,1,1,0
115900149,40,0,40
115900150,25,0,25
115900151,9,3,6
115900152,10,31,-21
115900153,26,9,17
115900154,11,52,-41
115900155,0,0,0
115900156,70,97,-27
115900157,35,27,8
115900158,0,0,0
115900159,42,14,28
115900160,0,0,0
115900161,1,46,-45
115900163,36,4,32
115900164,231,2,229
115900165,0,0,0
115900166,7,0,7
115900168,0,0,0
115900171,6,29,-23
115900172,1,6,-5
115900173,78,29,49
115900174,32,48,-16
115900175,114,7,107
115900178,1,7,-6
115900179,101,2,99
115900180,1,1,0
115900181,91,21,70
115900182,220,17,203
115900183,1,0,1
115900184,134,16,118
115900187,0,11,-11
115900189,0,22,-22
115900190,0,35,-35
115900191,0,74,-74
115900192,0,14,-14
115900193,13,13,0
115900194,310,3,307
115900195,45,610,-565
115900198,25,38,-13
115900199,36,21,15
115900200,50,17,33
115900201,13,38,-25
115900202,0,53,-53
115900203,13,12,1
115900204,0,0,0
115900205,41,1,40
115900206,0,0,0
115900207,0,0,0
115900208,5,1,4
115900209,1,16,-15
115900210,0,8,-8
115900211,0,14,-14
115900212,0,0,0
115900213,5,49,-44
115900214,200,13,187
115900215,0,8,-8
115900216,0,0,0
115900217,0,0,0
115900218,0,0,0
115900219,13,0,13
115900220,93,0,93
115900221,84,5,79
115900222,10,11,-1
115900223,1,86,-85
115900224,10,456,-446
115900225,20,3,17
115900226,0,0,0
115900227,0,0,0
115900228,0,0,0
115900229,0,0,0
115900230,1,1,0
115900231,0,0,0
115900232,0,0,0
115900233,0,0,0
115900234,0,0,0
115900235,0,0,0
115900236,0,0,0
115900237,0,0,0
115900238,0,0,0
115900239,0,0,0
115900240,0,0,0
115900241,0,0,0
115900242,14,145,-131
115900243,0,0,0
115900244,1,0,1
115900245,4,0,4
115900246,0,0,0
115900247,0,0,0
115900248,0,0,0
115900249,0,5,-5
115900250,1,8,-7
115900251,0,0,0
115900252,2,0,2
115900253,3,0,3
115900254,0,4,-4
115900255,0,2,-2
115900256,0,0,0
115900257,0,0,0
115900258,0,0,0
115900259,0,0,0
115900260,0,0,0
115900261,0,0,0
115900262,0,0,0
115900263,0,0,0
115900264,0,0,0
115900265,0,0,0
115900266,0,0,0
115900267,0,0,0
115900268,0,0,0
115900269,0,0,0
115900270,67,1,66
115900271,3,0,3
115900272,0,0,0
115900273,0,2,-2
115900274,0,0,0
115900275,0,0,0
115900276,0,0,0
115900277,0,0,0
115900278,0,0,0
115900279,0,0,0
115900280,16,0,16
115900281,0,0,0
116000001,873,661,212
116000002,3432,11402,-7970
116000003,233,374,-141
116000004,1253,4505,-3252
116000005,188,761,-573
116000006,290,929,-639
116000007,619,550,69
116000008,1507,843,664
116000009,272,816,-544
116000010,1124,661,463
116000011,384,924,-540
116000012,935,408,527
116000013,1152,1220,-68
116000014,1762,9471,-7709
116000015,81,258,-177
116000016,759,4138,-3379
116000017,25,469,-444
116000018,94,40,54
116000019,905,147,758
116000020,482,124,358
116000021,238,116,122
116000022,134,130,4
116000023,323,292,31
116000024,266,86,180
116000025,288,377,-89
116000026,547,364,183
116000027,439,597,-158
116000028,929,1811,-882
116000029,185,232,-47
116000030,427,998,-571
116000031,0,0,0
116000032,191,22,169
116000033,502,161,341
116000034,2675,829,1846
116000035,220,80,140
116000036,41,196,-155
116000037,40,218,-178
116000038,94,318,-224
116000039,42,41,1
116000040,373,364,9
116000041,23,82,-59
116000042,745,471,274
116000043,73,106,-33
116000044,0,6,-6
116000045,3111,2459,652
116000046,709,311,398
116000047,824,1082,-258
116000048,4578,1504,3074
116000049,2702,1240,1462
116000050,1165,413,752
116000051,4167,900,3267
116000052,1212,569,643
116000053,4057,596,3461
116000054,628,405,223
116000055,502,262,240
116000056,1785,1684,101
116000057,508,139,369
116000058,446,594,-148
116000059,949,5363,-4414
116000060,297,381,-84
116000061,133,961,-828
116000062,122,59,63
116000063,245,996,-751
116000066,63,1115,-1052
116000067,13,39,-26
116000068,77,291,-214
116000069,145,57,88
116000078,275,771,-496
116000080,399,101,298
116000082,0,19,-19
116000083,506,175,331
116000084,609,1101,-492
116000085,694,292,402
116000086,238,231,7
116000087,1014,681,333
116000088,299,278,21
116000089,58,11,47
116000090,51,73,-22
116000091,48,63,-15
116000093,389,114,275
116000094,180,64,116
116000095,403,74,329
116000096,451,698,-247
116000097,433,102,331
116000098,6,2619,-2613
116000099,1010,51,959
116000100,154,3,151
116000101,373,33,340
116000102,136,164,-28
116000103,248,81,167
116000104,93,148,-55
116000105,583,14,569
116000106,360,111,249
116000107,1000,19,981
116000108,0,8,-8
116000111,50,28,22
116000113,60,7,53
116000114,0,42,-42
116000115,235,30,205
116000116,16,98,-82
116000117,951,525,426
116000118,444,98,346
116000119,2035,743,1292
116000120,508,212,296
116000121,408,165,243
116000122,61,64,-3
116000123,1339,147,1192
116000124,72,78,-6
116000125,1591,84,1507
116000126,33,78,-45
116000127,292,64,228
116000128,963,177,786
116000129,365,20,345
116000130,315,168,147
116000133,364,47,317
116000134,486,218,268
116000135,1582,300,1282
116000136,348,310,38
116000137,458,200,258
116000138,172,175,-3
116000139,1732,1896,-164
116000140,69,168,-99
116000141,90,28,62
116000142,2121,1353,768
116000143,1112,1018,94
116000144,1209,802,407
116000145,2384,648,1736
116000146,213,1,212
116000147,196,152,44
116000148,199,231,-32
116000149,108,73,35
116000151,246,297,-51
116000153,202,755,-553
116000155,245,469,-224
116000156,159,146,13
116000157,37,3,34
116000158,236,23,213
116000159,1,2,-1
116000160,11,4,7
116000161,0,85,-85
116000162,2,142,-140
116000163,18,2,16
116000164,1,2,-1
116000177,14,14,0
116000194,38,74,-36
116000195,502,150,352
116000196,0,0,0
116000197,0,0,0
116000198,1302,1000,302
116000200,131,386,-255
116000201,217,69,148
116000202,1,25,-24
116000203,0,12,-12
116000204,0,18,-18
116000205,0,3,-3
116000206,0,4,-4
116000207,2,1,1
116000233,0,0,0
116000287,26,10,16
116000288,256,116,140
116000292,0,0,0
116000296,18,50,-32
116000297,28,1,27
116000304,92,1,91
116000305,0,21,-21
116000346,0,0,0
116000352,0,0,0
116000354,0,0,0
116000357,0,0,0
116000358,19,8,11
116000361,9,0,9
116000372,1888,4107,-2219
116000381,34,12,22
116000388,0,0,0
116000389,38,6,32
116000445,95,20,75
116000446,545,37,508
116000447,1,44,-43
116000448,262,38,224
116000563,305,1770,-1465
116000565,6,86,-80
116000568,21,133,-112
116000579,2,20,-18
116000584,14,2,12
116000585,1,20,-19
116000586,2,34,-32
116000587,603,126,477
116000589,7,16,-9
116000590,30,41,-11
116000591,156,29,127
116000592,17,7,10
116000593,0,0,0
116000594,340,62,278
116000595,176,28,148
116000596,97,1,96
116000597,301,129,172
116000598,0,50,-50
116000602,0,0,0
116000605,48,22,26
116000606,42,87,-45
116000607,0,0,0
116000609,5,314,-309
116000611,21,31,-10
116000612,1365,1631,-266
116000613,556,171,385
116000614,13,32,-19
116000615,8,2,6
116000616,59,2,57
116000617,120,0,120
116000618,0,0,0
116000619,4,79,-75
116000620,242,117,125
116000621,87,123,-36
116000622,176,119,57
116000624,29,38,-9
116000627,4,0,4
116000628,7,2,5
116000629,1,13,-12
116000630,151,1,150
116000631,42,1,41
116000632,0,0,0
116000633,3,317,-314
116000634,185,2,183
116000635,751,857,-106
116900001,9,2,7
116900002,43,0,43
116900003,0,0,0
116900004,35,33,2
116900005,50,2,48
116900006,53,32,21
116900007,14,8,6
116900008,86,13,73
116900009,10,1,9
116900010,4,49,-45
116900011,0,1,-1
116900012,5,27,-22
116900013,0,12,-12
116900014,0,0,0
116900015,189,6,183
116900016,67,0,67
116900017,0,23,-23
116900018,0,0,0
116900019,0,0,0
116900020,248,102,146
116900023,0,0,0
116900024,315,7,308
116900025,238,76,162
116900026,1,28,-27
116900027,0,0,0
116900028,0,0,0
116900029,0,6,-6
116900031,0,0,0
116900032,0,8,-8
116900033,0,0,0
116900034,0,0,0
116900035,28,17,11
116900036,5,8,-3
116900038,0,0,0
116900041,0,0,0
116900042,0,0,0
116900043,0,8,-8
116900045,5,17,-12
116900047,7,50,-43
116900049,0,0,0
116900050,12,4,8
116900051,40,0,40
116900052,14,10,4
116900055,0,1,-1
116900057,0,0,0
116900058,1,0,1
116900059,0,1,-1
116900060,26,51,-25
116900062,0,11,-11
116900064,0,0,0
116900065,0,0,0
116900067,0,5,-5
116900068,85,39,46
116900070,0,0,0
116900072,0,0,0
116900073,0,3,-3
116900074,0,2,-2
116900076,0,0,0
116900077,0,6,-6
116900078,0,0,0
116900079,1,21,-20
116900080,0,0,0
116900081,18,10,8
116900082,11,44,-33
116900083,0,0,0
116900084,3,0,3
116900085,13,2,11
116900086,0,7,-7
116900088,17,1,16
116900090,1,0,1
116900091,38,9,29
116900092,19,20,-1
116900093,78,64,14
116900094,728,1100,-372
116900095,46,6,40
116900096,29,0,29
116900097,285,837,-552
116900098,4,4,0
116900099,35,47,-12
116900100,328,38,290
116900101,12,29,-17
116900103,0,0,0
116900104,0,5,-5
116900105,59,18,41
116900106,985,105,880
116900107,581,911,-330
116900110,1,0,1
116900111,443,47,396
116900112,159,79,80
116900113,145,264,-119
116900116,1,10,-9
116900117,6,5,1
116900118,74,27,47
116900120,108,15,93
116900121,91,8,83
116900122,287,21,266
116900123,48,35,13
116900124,6,7,-1
116900125,17,2,15
116900126,2,150,-148
116900128,0,0,0
116900129,0,8,-8
116900130,21,638,-617
116900131,0,0,0
116900132,12,1,11
116900133,0,0,0
116900134,0,0,0
116900136,0,0,0
116900137,0,0,0
116900138,0,0,0
116900139,0,0,0
116900140,0,0,0
116900141,0,0,0
116900142,0,0,0
116900143,34,35,-1
116900144,0,0,0
116900145,0,0,0
116900147,0,0,0
116900148,0,0,0
116900149,0,0,0
116900150,0,0,0
116900151,0,0,0
116900153,23,2,21
116900154,2,24,-22
116900155,0,0,0
116900157,102,1,101
116900158,11,4,7
116900159,4,24,-20
116900160,251,137,114
116900161,391,73,318
116900162,0,17,-17
116900163,20,1,19
116900164,2,0,2
116900165,281,76,205
116900166,1,0,1
116900167,103,0,103
116900168,108,3,105
116900169,1,25,-24
116900170,260,41,219
116900171,2,1,1
116900172,4,49,-45
116900173,26,2,24
116900174,2,16,-14
116900175,11,8,3
116900178,1,3,-2
116900179,1,39,-38
116900180,2,1,1
116900182,155,40,115
116900183,61,12,49
116900185,30,6,24
116900186,4,10,-6
116900187,3,6,-3
116900188,22,0,22
116900189,0,0,0
116900191,22,11,11
116900192,103,16,87
116900194,5,249,-244
116900195,26,0,26
116900196,0,0,0
116900197,57,1,56
116900198,6,31,-25
116900200,0,0,0
116900201,62,0,62
116900202,19,1,18
116900203,11,0,11
116900204,6,31,-25
116900206,0,0,0
116900207,2,3,-1
116900208,1,17,-16
116900209,20,1,19
116900210,19,1,18
116900211,59,1,58
116900212,0,0,0
116900213,37,8,29
116900214,0,0,0
116900215,1,10,-9
116900216,5,3,2
116900218,0,16,-16
116900219,202,24,178
116900220,10,20,-10
116900221,0,0,0
116900222,294,135,159
116900223,29,7,22
116900226,85,5,80
116900227,23,1,22
116900228,164,6,158
116900230,0,27,-27
116900231,1,15,-14
116900232,4,6,-2
116900233,118,16,102
116900234,4,2,2
116900235,1,1,0
116900238,125,14,111
116900239,3,54,-51
116900240,260,114,146
116900241,0,21,-21
116900242,20,227,-207
116900243,0,0,0
116900245,23,1,22
116900246,24,3,21
116900247,245,10,235
116900248,28,1,27
116900249,171,28,143
116900250,79,8,71
116900251,21,55,-34
116900252,52,32,20
116900253,13,6,7
116900254,0,0,0
116900255,0,0,0
116900256,0,0,0
116900257,0,0,0
116900258,0,0,0
116900259,20,0,20
116900260,0,0,0
116900261,2,0,2
116900262,32,1,31
116900263,0,0,0
116900264,1,0,1
116900265,20,0,20
116900266,0,0,0
116900267,0,0,0
116900268,1,14,-13
116900269,217,167,50
116900271,0,0,0
116900272,102,29,73
116900273,1,2,-1
116900274,17,10,7
116900275,1,1,0
116900276,170,156,14
116900277,18,0,18
116900278,0,0,0
116900279,0,0,0
116900280,0,0,0
116900281,398,865,-467
116900282,0,5,-5
116900283,0,4,-4
116900284,0,13,-13
116900285,2,56,-54
116900286,25,0,25
116900287,0,0,0
116900288,13,0,13
116900289,0,0,0
116900290,0,0,0
116900291,0,0,0
116900292,0,0,0
116900293,0,0,0
116900294,0,0,0
116900295,0,0,0
116900296,0,0,0
116900297,0,0,0
116900298,0,0,0
116900299,0,0,0
116900300,0,0,0
116900301,0,0,0
116900302,22,70,-48
116900303,12,0,12
116900304,0,0,0
116900305,0,2,-2
116900306,121,2,119
117000001,3283,1909,1374
117000002,1922,1214,708
117000003,4248,1530,2718
117000004,1298,963,335
117000005,3117,1040,2077
117000006,524,698,-174
117000007,3733,649,3084
117000008,432,1014,-582
117000009,2713,674,2039
117000010,661,704,-43
117000011,1580,536,1044
117000012,658,245,413
117000013,1469,401,1068
117000014,479,1366,-887
117000015,754,916,-162
117000016,79,107,-28
117000017,63,95,-32
117000018,4,621,-617
117000019,15,3,12
117000020,230,1471,-1241
117000021,644,157,487
117000022,98,266,-168
117000023,28,249,-221
117000024,92,301,-209
117000025,12,127,-115
117000026,1206,1511,-305
117000027,92,199,-107
117000028,237,314,-77
117000030,188,156,32
117000031,111,79,32
117000032,992,561,431
117000033,848,1089,-241
117000034,200,85,115
117000035,177,69,108
117000036,176,136,40
117000037,197,17,180
117000038,197,253,-56
117000039,104,85,19
117000040,22,175,-153
117000041,851,28,823
117000044,2,129,-127
117000045,226,92,134
117000046,200,263,-63
117000047,637,354,283
117000048,296,203,93
117000049,30,305,-275
117000050,75,357,-282
117000051,1672,35,1637
117000052,25,60,-35
117000053,444,1,443
117000054,1328,13,1315
117000055,0,293,-293
117000056,385,44,341
117000057,161,163,-2
117000060,206,71,135
117000061,2239,826,1413
117000062,119,58,61
117000063,1892,519,1373
117000064,524,128,396
117000066,357,159,198
117000067,47,391,-344
117000074,9,149,-140
117000076,24,57,-33
117000077,25,35,-10
117000078,161,35,126
117000079,143,29,114
117000080,0,0,0
117000081,245,61,184
117000082,1,31,-30
117000083,54,0,54
117000084,23,0,23
117000085,225,117,108
117000086,235,91,144
117000087,1,230,-229
117000088,274,104,170
117000089,1777,138,1639
117000090,139,204,-65
117000091,1076,82,994
117000092,87,201,-114
117000093,1822,170,1652
117000094,208,260,-52
117000095,3613,175,3438
117000096,296,248,48
117000097,1888,329,1559
117000098,435,438,-3
117000099,3883,365,3518
117000100,35,96,-61
117000101,95,52,43
117000102,2160,316,1844
117000103,136,233,-97
117000104,1473,264,1209
117000105,112,228,-116
117000106,1903,228,1675
117000107,160,206,-46
117000108,2210,931,1279
117000109,554,340,214
117000110,2281,1591,690
117000111,2818,2916,-98
117000112,1823,885,938
117000113,23,57,-34
117000114,205,54,151
117000115,38,14,24
117000116,150,26,124
117000117,677,150,527
117000118,134,80,54
117000119,93,127,-34
117000120,2,141,-139
117000121,4,268,-264
117000122,9,520,-511
117000123,224,134,90
117000124,3,27,-24
117000125,25,21,4
117000126,4,6,-2
117000127,28,42,-14
117000128,13,50,-37
117000129,83,44,39
117000130,8,0,8
117000131,0,0,0
117000132,2618,53,2565
117000133,2098,8,2090
117000134,0,0,0
117000135,0,0,0
117000136,0,0,0
117000137,164,136,28
117000138,0,0,0
117000140,72,118,-46
117000141,2081,229,1852
117000181,7,11,-4
117000182,398,529,-131
117000195,0,45,-45
117000196,216,133,83
117000225,2,26,-24
117000226,0,13,-13
117000276,149,4,145
117000277,0,25,-25
117000310,220,1974,-1754
117000315,42,186,-144
117000320,20,0,20
117000906,357,28,329
117000907,4,32,-28
117000908,23,149,-126
117000909,14,70,-56
117000910,281,67,214
117000911,27,116,-89
117000915,6,73,-67
117000916,13,0,13
117000917,1269,47,1222
117000918,43,157,-114
117000919,0,25,-25
117000920,0,170,-170
117000921,0,133,-133
117000922,5,7,-2
117000924,275,282,-7
117000926,237,73,164
117000927,167,518,-351
117000928,0,0,0
117000929,38,43,-5
117000930,16,0,16
117000931,134,139,-5
117900002,23,553,-530
117900003,0,0,0
117900005,0,5,-5
117900006,0,1,-1
117900007,64,31,33
117900008,0,2,-2
117900010,110,30,80
117900011,0,55,-55
117900012,18,17,1
117900013,0,18,-18
117900014,152,21,131
117900015,1,12,-11
117900016,157,550,-393
117900017,407,55,352
117900018,102,14,88
117900019,252,39,213
117900020,21,40,-19
117900021,7,10,-3
117900022,0,0,0
117900023,54,6,48
117900024,39,7,32
117900025,0,0,0
117900026,255,18,237
117900028,1,0,1
117900029,110,37,73
117900030,66,206,-140
117900031,20,47,-27
117900032,290,114,176
117900033,365,43,322
117900034,0,0,0
117900035,89,4,85
117900036,201,17,184
117900037,82,0,82
117900038,0,0,0
117900039,0,0,0
117900040,0,0,0
117900041,0,0,0
117900042,251,181,70
117900043,0,0,0
117900044,8,1579,-1571
117900045,157,55,102
117900048,228,11,217
117900049,110,52,58
117900050,1,67,-66
117900051,0,0,0
117900052,0,0,0
117900053,623,57,566
117900054,0,10,-10
117900055,68,48,20
117900056,0,0,0
117900057,175,286,-111
117900058,0,0,0
117900059,0,0,0
117900060,970,665,305
117900061,1,131,-130
117900063,182,25,157
117900065,83,168,-85
117900066,0,41,-41
117900067,500,37,463
117900069,527,39,488
117900070,30,44,-14
117900071,213,43,170
117900073,307,7,300
117900074,1,57,-56
117900075,49,2,47
117900076,0,0,0
117900077,63,2,61
117900078,162,170,-8
117900080,109,12,97
117900081,50,25,25
117900082,230,103,127
117900083,197,34,163
117900086,55,9,46
117900087,3,2,1
117900088,334,79,255
117900089,853,133,720
117900090,161,96,65
117900091,234,22,212
117900092,22,10,12
117900093,64,2,62
117900094,37,11,26
117900095,237,41,196
117900096,136,24,112
117900097,35,4,31
117900098,53,4,49
117900099,104,37,67
117900100,186,1,185
117900101,298,701,-403
117900102,12,30,-18
117900103,55,1,54
117900104,0,19,-19
117900105,77,10,67
117900106,23,4,19
117900107,64,0,64
117900109,366,269,97
117900110,128,0,128
117900111,312,29,283
117900112,30,4,26
117900113,199,124,75
117900114,39,0,39
117900115,16,22,-6
117900116,329,101,228
117900117,168,58,110
117900118,80,0,80
117900119,184,3,181
117900120,247,4,243
117900121,57,0,57
117900122,100,1144,-1044
117900123,303,55,248
117900124,176,125,51
117900125,341,231,110
117900126,68,57,11
117900127,201,150,51
117900128,207,43,164
117900129,76,0,76
117900130,179,1,178
117900131,0,0,0
117900132,0,0,0
117900133,0,0,0
117900134,0,0,0
117900135,0,0,0
117900136,0,0,0
117900137,0,0,0
117900138,0,0,0
117900139,8,13,-5
117900140,752,129,623
117900141,29,69,-40
117900142,1,64,-63
117900144,7,34,-27
117900145,0,34,-34
117900146,2,64,-62
117900147,53,27,26
117900148,201,887,-686
117900149,3,3,0
117900150,25,13,12
117900151,19,18,1
117900152,0,0,0
117900153,1,114,-113
117900154,435,52,383
117900156,179,38,141
117900157,104,68,36
117900158,133,3,130
117900160,301,244,57
117900161,342,65,277
117900162,329,120,209
117900163,12,22,-10
117900165,0,1,-1
117900166,5,46,-41
117900168,91,0,91
117900169,0,6,-6
117900170,0,0,0
117900171,0,0,0
117900172,1,0,1
117900173,3,11,-8
117900174,0,8,-8
117900175,1,0,1
117900176,0,4,-4
117900177,4,0,4
117900178,12,0,12
117900180,29,1,28
117900181,3,289,-286
117900182,2,35,-33
117900183,39,115,-76
117900184,20,14,6
117900185,46,3,43
117900186,24,2,22
117900187,12,1,11
117900188,86,8,78
117900189,54,1,53
117900190,2,0,2
117900191,64,0,64
117900192,58,2,56
117900193,119,49,70
117900194,5,0,5
117900195,2,13,-11
117900196,20,3,17
117900207,86,52,34
117900208,22,6,16
117900209,65,5,60
117900210,0,0,0
117900211,0,0,0
117900212,186,14,172
117900213,10,0,10
117900214,13,0,13
117900215,0,0,0
117900216,0,0,0
117900217,0,0,0
117900218,0,0,0
117900219,0,0,0
117900220,1,74,-73
117900221,0,0,0
118000001,312,1048,-736
118000002,44,474,-430
118000003,1576,3330,-1754
118000004,682,517,165
118000005,1377,2295,-918
118000006,1447,2137,-690
118000007,3217,5361,-2144
118000008,2363,2264,99
118000009,843,1350,-507
118000010,1257,1554,-297
118000011,587,379,208
118000012,371,314,57
118000013,387,594,-207
118000014,496,470,26
118000016,160,33,127
118000017,706,488,218
118000018,99,74,25
118000019,813,870,-57
118000020,161,1396,-1235
118000021,116,1085,-969
118000022,649,510,139
118000023,367,309,58
118000024,435,503,-68
118000025,474,1614,-1140
118000027,3205,3603,-398
118000029,202,816,-614
118000032,163,1574,-1411
118000033,1673,2407,-734
118000034,1949,1636,313
118000035,364,748,-384
118000036,177,444,-267
118000037,226,534,-308
118000038,112,152,-40
118000039,80,31,49
118000040,502,521,-19
118000041,317,438,-121
118000045,23,176,-153
118000046,84,1054,-970
118000047,70,591,-521
118000048,526,1581,-1055
118000051,1031,1360,-329
118000052,651,1382,-731
118000053,252,794,-542
118000054,837,783,54
118000055,375,985,-610
118000056,21,231,-210
118000057,45,161,-116
118000058,530,462,68
118000059,223,1202,-979
118000060,370,228,142
118000061,213,350,-137
118000062,51,175,-124
118000063,73,580,-507
118000064,197,899,-702
118000065,590,308,282
118000066,259,1459,-1200
118000067,194,691,-497
118000068,248,2540,-2292
118000069,424,651,-227
118000070,726,1596,-870
118000071,464,2265,-1801
118000072,615,3661,-3046
118000073,260,1240,-980
118000074,128,813,-685
118000075,193,655,-462
118000076,3002,5574,-2572
118000077,769,858,-89
118000078,1227,1351,-124
118000079,29,256,-227
118000080,170,353,-183
118000081,1051,909,142
118000082,155,893,-738
118000083,340,1184,-844
118000084,247,347,-100
118000086,17,60,-43
118000087,1203,1711,-508
118000088,346,991,-645
118000089,1164,816,348
118000090,190,1328,-1138
118000091,149,1702,-1553
118000092,208,96,112
118000093,34,602,-568
118000096,71,353,-282
118000097,117,254,-137
118000098,90,204,-114
118000099,0,0,0
118000101,773,251,522
118000102,424,158,266
118000107,29,4,25
118000108,56,503,-447
118000110,0,0,0
118000111,0,0,0
118000112,261,7,254
118000113,0,0,0
118000114,379,4,375
118000115,26,6,20
118000116,4,1,3
118000117,244,302,-58
118000118,465,653,-188
118000119,519,680,-161
118000120,413,275,138
118000121,1,104,-103
118000122,99,55,44
118000123,90,140,-50
118000125,1,138,-137
118000126,197,403,-206
118000127,548,559,-11
118000128,0,335,-335
118000129,171,280,-109
118000130,486,909,-423
118000131,52,195,-143
118000132,1914,1571,343
118000133,567,259,308
118000135,198,333,-135
118000136,20,249,-229
118000137,81,46,35
118000138,84,94,-10
118000139,112,41,71
118000140,1359,6880,-5521
118000141,3398,1469,1929
118000142,1260,1073,187
118000143,3674,1809,1865
118000144,407,183,224
118000145,709,236,473
118000146,1077,115,962
118000147,943,236,707
118000148,148,839,-691
118000149,351,148,203
118000150,850,86,764
118000151,536,88,448
118000153,2521,1354,1167
118000154,1191,1059,132
118000155,3060,1316,1744
118000156,537,1017,-480
118000157,274,87,187
118000158,124,138,-14
118000159,63,252,-189
118000160,701,416,285
118000161,302,117,185
118000162,624,460,164
118000163,718,995,-277
118000164,1417,1332,85
118000168,87,0,87
118000169,236,375,-139
118000170,1061,1264,-203
118000171,131,232,-101
118000172,50,75,-25
118000173,569,400,169
118000175,250,316,-66
118000176,457,381,76
118000177,342,509,-167
118000178,1,18,-17
118000179,878,835,43
118000180,765,547,218
118000181,149,60,89
118000182,112,114,-2
118000183,80,111,-31
118000184,1110,356,754
118000185,138,707,-569
118000186,84,526,-442
118000187,999,167,832
118000188,198,9,189
118000189,30,29,1
118000190,2,0,2
118000191,28,28,0
118000192,0,64,-64
118000193,1,158,-157
118000194,848,1154,-306
118000195,52,958,-906
118000196,22,72,-50
118000197,118,455,-337
118000198,401,976,-575
118000199,404,660,-256
118000200,0,0,0
118000201,56,318,-262
118000202,0,0,0
118000203,27,228,-201
118000204,1,61,-60
118000205,23,39,-16
118000206,169,120,49
118000207,1,38,-37
118000208,717,935,-218
118000209,1194,294,900
118000210,68,16,52
118000211,74,36,38
118000213,237,1018,-781
118000214,86,40,46
118000215,89,4,85
118000216,395,5,390
118000217,6,33,-27
118000218,19,25,-6
118000219,214,51,163
118000220,35,47,-12
118000221,29,426,-397
118000222,32,1,31
118000223,63,8,55
118000224,47,16,31
118000225,0,0,0
118000226,226,46,180
118000227,25,242,-217
118000228,0,10,-10
118000229,0,0,0
118000230,0,0,0
118000231,0,0,0
118000232,0,0,0
118000233,535,131,404
118000234,0,0,0
118000236,104,1,103
118000237,0,0,0
118000238,177,0,177
118000239,271,223,48
118000240,36,38,-2
118000241,40,2,38
118000242,0,0,0
118000243,0,0,0
118000244,11,8,3
118000246,0,0,0
118000255,29,180,-151
118000256,60,163,-103
118000259,1,7,-6
118000260,76,32,44
118000261,0,1,-1
118000263,1,3,-2
118000266,17,21,-4
118000267,0,0,0
118000268,82,2,80
118000270,0,0,0
118000271,97,21,76
118000272,63,2,61
118000273,21,2,19
118000274,0,0,0
118000276,83,10,73
118000295,2,2,0
118000298,10,3,7
118000299,1,2,-1
118000301,0,0,0
118000302,65,24,41
118000311,179,12,167
118000312,14,0,14
118000313,14,17,-3
118000314,19,1,18
118000315,1,3,-2
118000316,27,13,14
118000325,148,9,139
118000326,6,8,-2
118000331,199,9,190
118000332,94,1,93
118000333,150,12,138
118000335,144,0,144
118000336,0,0,0
118000407,177,14,163
118000457,0,0,0
118000465,294,446,-152
118000480,12,1,11
118000489,1,236,-235
118000490,1,53,-52
118000492,214,35,179
118000510,0,0,0
118000514,33,21,12
118000515,69,159,-90
118000517,268,137,131
118000524,33,30,3
118000525,51,99,-48
118000530,27,111,-84
118000531,296,159,137
118000532,0,0,0
118000533,0,0,0
118000534,0,0,0
118000535,146,27,119
118000536,5,25,-20
118000537,4,6,-2
118000538,2,16,-14
118000539,6,131,-125
118000540,39,5,34
118000541,28,3,25
118000542,46,118,-72
118000543,62,58,4
118000546,34,0,34
118000560,0,15,-15
118000562,0,0,0
118000563,839,843,-4
118000576,78,9,69
118000577,34,61,-27
118000578,45,4,41
118000579,104,361,-257
118000595,205,115,90
118000596,0,0,0
118000597,5,26,-21
118000598,1,0,1
118000599,201,0,201
118000600,0,0,0
118000601,0,0,0
118000602,0,1,-1
118000603,0,0,0
118900001,0,0,0
118900002,40,0,40
118900003,44,0,44
118900004,7,0,7
118900005,0,0,0
118900006,0,0,0
118900007,0,0,0
118900008,164,2,162
118900009,0,0,0
118900010,0,0,0
118900011,0,0,0
118900012,86,36,50
118900013,0,0,0
118900015,0,0,0
118900016,0,0,0
118900017,0,0,0
118900018,0,0,0
118900019,0,0,0
118900020,0,0,0
118900021,36,29,7
118900022,23,1,22
118900023,0,0,0
118900024,0,0,0
118900025,0,0,0
118900026,22,0,22
118900027,0,0,0
118900028,77,28,49
118900029,0,0,0
118900030,0,0,0
118900031,20,4,16
118900032,0,0,0
118900033,0,0,0
118900034,0,0,0
118900035,12,2,10
118900036,167,22,145
118900037,0,0,0
118900038,71,2,69
118900039,0,0,0
118900040,49,18,31
118900041,0,0,0
118900042,1,0,1
118900045,4,11,-7
118900046,12,7,5
118900047,11,18,-7
118900048,0,0,0
118900049,0,0,0
118900050,0,0,0
118900051,0,0,0
118900052,0,0,0
118900053,0,0,0
118900054,12,2,10
118900055,0,0,0
118900056,0,0,0
118900057,110,58,52
118900058,0,0,0
118900059,0,0,0
118900060,43,9,34
118900062,0,0,0
118900064,0,0,0
118900065,0,0,0
118900066,0,0,0
118900067,33,85,-52
118900068,0,0,0
118900069,12,2,10
118900071,0,0,0
118900072,0,0,0
118900073,2,0,2
118900074,0,0,0
118900075,0,0,0
118900076,0,0,0
118900077,0,0,0
118900078,0,0,0
118900079,0,0,0
118900080,0,0,0
118900081,0,0,0
118900082,2,0,2
118900083,0,0,0
118900084,0,0,0
118900085,0,0,0
118900086,0,0,0
118900087,1,0,1
118900088,0,0,0
118900089,0,0,0
118900090,0,0,0
118900091,0,0,0
118900092,0,0,0
118900093,0,0,0
118900096,0,0,0
118900097,11,34,-23
118900099,19,6,13
118900100,0,0,0
118900101,0,0,0
118900102,0,0,0
118900103,0,0,0
118900104,25,0,25
118900105,0,0,0
118900107,0,0,0
118900108,0,0,0
118900109,19,8,11
118900110,58,2,56
118900111,0,0,0
118900112,0,0,0
118900113,0,0,0
118900114,2,0,2
118900115,10,4,6
118900116,4,1,3
118900117,0,6,-6
118900118,9,5,4
118900119,24,3,21
118900120,12,15,-3
118900121,0,0,0
118900122,0,0,0
118900123,21,29,-8
118900124,0,0,0
118900126,0,0,0
118900129,0,0,0
118900130,0,0,0
118900131,74,15,59
118900132,0,0,0
118900133,0,0,0
118900135,0,0,0
118900136,43,22,21
118900137,0,0,0
118900139,0,0,0
118900140,141,25,116
118900141,0,0,0
118900144,29,22,7
118900145,0,0,0
118900146,17,23,-6
118900147,0,0,0
118900148,0,0,0
118900150,0,0,0
118900152,0,0,0
118900157,0,0,0
118900158,0,0,0
118900159,0,0,0
118900161,0,0,0
118900163,0,0,0
118900164,0,0,0
118900165,0,0,0
118900166,0,0,0
118900167,0,0,0
118900168,0,0,0
118900169,0,0,0
118900170,0,0,0
118900171,0,0,0
118900174,0,0,0
118900175,133,51,82
118900176,8,18,-10
118900177,0,0,0
118900178,0,0,0
118900179,0,0,0
118900181,22,2,20
118900182,0,0,0
118900183,0,0,0
118900184,0,0,0
118900185,12,3,9
118900186,7,23,-16
118900187,19,6,13
118900188,26,28,-2
118900189,0,0,0
118900190,0,0,0
118900191,0,0,0
118900192,0,0,0
118900193,0,0,0
118900195,69,1,68
118900196,0,0,0
118900197,0,0,0
118900198,0,0,0
118900199,0,0,0
118900200,0,0,0
118900201,0,0,0
118900202,0,0,0
118900203,0,0,0
118900204,0,0,0
118900205,0,0,0
118900206,0,0,0
119000001,1213,844,369
119000002,2128,1192,936
119000003,979,360,619
119000004,738,1311,-573
119000005,1154,1586,-432
119000006,1090,686,404
119000007,2068,1888,180
119000008,606,574,32
119000009,958,2414,-1456
119000010,1014,1356,-342
119000011,1187,1257,-70
119000012,658,1138,-480
119000013,3800,2215,1585
119000014,970,1650,-680
119000019,148,91,57
119000020,810,991,-181
119000021,1643,1748,-105
119000022,99,534,-435
119000023,66,230,-164
119000024,636,7750,-7114
119000025,1236,486,750
119000026,5,115,-110
119000027,38,298,-260
119000028,1428,352,1076
119000029,57,82,-25
119000030,266,790,-524
119000031,274,502,-228
119000032,184,579,-395
119000033,1161,650,511
119000034,428,247,181
119000035,3,103,-100
119000036,1205,211,994
119000037,685,353,332
119000038,47,205,-158
119000039,471,231,240
119000040,185,508,-323
119000041,324,643,-319
119000048,1423,524,899
119000049,657,278,379
119000050,519,510,9
119000051,281,246,35
119000052,385,311,74
119000053,552,400,152
119000054,1434,584,850
119000055,3141,568,2573
119000056,2158,625,1533
119000057,862,521,341
119000058,663,521,142
119000059,1027,551,476
119000060,359,162,197
119000061,309,407,-98
119000062,403,278,125
119000063,364,285,79
119000064,233,194,39
119000065,211,435,-224
119000066,789,793,-4
119000067,775,647,128
119000068,800,294,506
119000069,566,459,107
119000070,899,190,709
119000071,79,206,-127
119000072,754,443,311
119000073,1247,2526,-1279
119000074,1271,416,855
119000075,1509,795,714
119000076,109,406,-297
119000077,184,209,-25
119000078,70,63,7
119000079,22,147,-125
119000080,233,37,196
119000081,146,69,77
119000082,146,20,126
119000083,157,41,116
119000084,85,126,-41
119000085,143,77,66
119000086,62,33,29
119000087,390,185,205
119000088,185,11,174
119000089,27,25,2
119000090,33,75,-42
119000091,10,65,-55
119000092,52,116,-64
119000093,1173,825,348
119000094,1970,1273,697
119000095,725,645,80
119000097,513,526,-13
119000098,625,2265,-1640
119000099,1478,456,1022
119000100,2243,978,1265
119000101,1172,948,224
119000102,20,175,-155
119000103,578,342,236
119000104,149,32,117
119000105,213,736,-523
119000106,123,74,49
119000107,545,407,138
119000108,107,162,-55
119000109,21,56,-35
119000110,0,0,0
119000111,4,33,-29
119000112,0,0,0
119000113,194,17,177
119000114,113,119,-6
119000115,55,161,-106
119000116,26,91,-65
119000117,41,47,-6
119000118,11,0,11
119000123,241,734,-493
119000124,303,88,215
119000125,2101,203,1898
119000126,587,134,453
119000127,175,45,130
119000128,3,0,3
119000131,298,89,209
119000132,0,0,0
119000133,0,3,-3
119000134,269,471,-202
119000135,57,26,31
119000136,0,0,0
119000137,26,18,8
119000138,0,0,0
119000139,13,6,7
119000140,0,0,0
119000284,193,700,-507
119000285,396,324,72
119000286,1292,945,347
119000287,623,467,156
119000288,438,208,230
119000289,305,778,-473
119000290,242,270,-28
119000291,5,57,-52
119000293,150,184,-34
119000294,77,80,-3
119000295,284,94,190
119000296,44,37,7
119000302,982,952,30
119000303,3,27,-24
119000314,148,2785,-2637
119000315,0,8,-8
119000316,0,0,0
119000317,34,18,16
119900001,67,252,-185
119900002,35,45,-10
119900003,0,16,-16
119900004,0,0,0
119900005,0,0,0
119900006,21,43,-22
119900007,8,3,5
119900008,0,0,0
119900009,56,53,3
119900010,273,215,58
119900011,4,0,4
119900012,1,0,1
119900013,198,141,57
119900014,111,72,39
119900015,0,0,0
119900016,0,0,0
119900017,3,2,1
119900018,178,262,-84
119900019,0,0,0
119900020,1,0,1
119900021,0,0,0
119900022,5,165,-160
119900023,30,828,-798
119900025,0,0,0
119900026,0,0,0
119900027,1,1,0
119900028,20,27,-7
119900029,0,0,0
119900030,0,0,0
119900031,14,270,-256
119900033,366,152,214
119900034,0,0,0
119900037,77,0,77
119900038,126,53,73
119900039,0,0,0
119900040,111,10,101
119900041,0,0,0
119900042,0,0,0
119900043,51,36,15
119900044,11,163,-152
119900046,0,0,0
119900047,0,0,0
119900048,5,1,4
119900049,8,0,8
119900050,152,24,128
119900051,333,7,326
119900052,0,0,0
119900053,0,0,0
119900054,152,2,150
119900055,407,50,357
119900057,2,0,2
119900058,0,0,0
119900059,23,4,19
119900060,127,15,112
119900061,194,1,193
119900062,0,0,0
119900063,0,0,0
119900064,253,36,217
119900065,57,0,57
119900066,2,1,1
119900067,1,0,1
119900068,0,0,0
119900069,5,4,1
119900070,409,1,408
119900071,230,16,214
119900072,173,32,141
119900073,89,23,66
119900074,0,0,0
119900075,256,323,-67
119900076,6,0,6
119900077,196,32,164
119900078,178,12,166
119900079,47,2,45
119900080,131,80,51
119900081,60,29,31
119900082,1158,389,769
119900083,94,65,29
119900084,0,0,0
119900085,0,0,0
119900086,6,42,-36
119900087,0,0,0
119900088,0,0,0
119900089,16,42,-26
119900090,0,0,0
119900091,3,20,-17
119900092,4,7,-3
119900093,0,0,0
119900094,1,4,-3
119900095,0,0,0
119900096,0,0,0
119900097,13,7,6
119900098,0,0,0
119900099,0,0,0
119900100,83,133,-50
119900101,1,87,-86
119900102,0,0,0
119900103,0,0,0
119900104,0,0,0
119900105,17,54,-37
119900106,0,0,0
119900107,0,0,0
119900108,432,134,298
119900109,0,0,0
119900110,37,40,-3
119900111,5,2,3
119900112,0,0,0
119900113,3,4,-1
119900114,19,43,-24
119900115,28,8,20
119900116,0,8,-8
119900117,16,28,-12
119900118,28,10,18
119900119,20,0,20
119900120,10,48,-38
119900121,0,1,-1
119900122,1,2,-1
119900123,4,6,-2
119900124,0,12,-12
119900125,0,0,0
119900126,347,41,306
119900127,45,0,45
119900128,1,3,-2
119900129,11,14,-3
119900130,0,0,0
119900131,0,5,-5
119900132,0,0,0
119900133,0,0,0
119900134,42,5,37
119900135,0,0,0
119900136,0,0,0
119900138,0,0,0
119900139,0,0,0
119900140,0,1,-1
119900141,0,0,0
119900142,5,2,3
119900143,12,76,-64
119900144,0,0,0
119900145,0,0,0
119900146,0,0,0
119900147,0,0,0
119900148,63,11,52
119900149,5,622,-617
119900150,0,0,0
119900151,234,174,60
119900152,0,0,0
119900153,52,1,51
119900154,3,36,-33
119900155,0,0,0
119900156,20,7,13
119900157,0,0,0
119900158,41,15,26
119900159,1,64,-63
119900160,0,0,0
119900161,40,4,36
119900162,122,78,44
119900163,0,0,0
119900164,0,0,0
119900165,0,0,0
119900166,64,21,43
119900167,0,0,0
119900168,148,33,115
119900169,0,0,0
119900170,0,0,0
119900171,11,0,11
119900172,4,19,-15
119900173,2,7,-5
119900174,0,0,0
119900175,295,13,282
119900177,9,17,-8
119900178,0,0,0
119900179,36,283,-247
119900180,116,23,93
119900181,4,4,0
119900182,6,35,-29
119900183,9,47,-38
119900184,40,86,-46
119900185,5,90,-85
119900186,0,0,0
119900187,2,50,-48
119900188,44,57,-13
119900189,0,0,0
119900190,0,0,0
119900191,10,6,4
119900192,1,30,-29
119900193,103,25,78
119900194,14,6,8
119900195,0,22,-22
119900196,0,0,0
119900197,1,0,1
119900198,10,9,1
119900199,122,8,114
119900200,0,0,0
119900201,49,16,33
119900202,15,43,-28
119900203,3,0,3
119900204,32,9,23
119900205,266,25,241
119900206,0,0,0
119900208,0,0,0
119900209,157,215,-58
119900210,0,0,0
119900211,0,0,0
119900212,500,18,482
119900213,0,0,0
119900214,0,0,0
119900215,0,0,0
119900216,0,0,0
119900217,0,0,0
119900218,0,0,0
119900219,0,0,0
119900220,0,0,0
119900221,0,0,0
119900222,0,0,0
119900223,0,0,0
119900224,0,0,0
119900225,0,0,0
119900226,24,169,-145
119900227,43,45,-2
119900228,6,10,-4
119900229,0,0,0
119900230,15,0,15
119900231,74,4,70
119900232,0,0,0
119900233,7,0,7
119900234,0,0,0
119900235,0,0,0
119900236,0,0,0
119900237,5,7,-2
119900238,0,0,0
119900240,0,0,0
119900241,0,0,0
119900242,97,2,95
119900244,24,208,-184
119900245,0,0,0
119900246,0,0,0
119900247,5,4,1
119900248,0,0,0
119900249,10,0,10
119900253,123,176,-53
119900254,9,232,-223
119900255,5,12,-7
119900256,201,11,190
119900257,2,0,2
119900258,16,0,16
119900259,0,0,0
119900260,7,0,7
119900261,229,48,181
119900262,1,29,-28
119900263,373,53,320
119900264,0,0,0
119900265,5,0,5
119900266,0,0,0
119900267,4,0,4
119900268,3,1,2
119900269,58,12,46
119900271,0,1,-1
119900272,0,11,-11
119900275,44,9,35
119900276,25,0,25
119900277,2,0,2
119900278,0,1,-1
119900279,0,0,0
119900280,158,9,149
119900281,0,0,0
119900282,0,0,0
119900283,0,8,-8
119900284,310,134,176
119900285,1,0,1
119900286,0,0,0
119900288,0,4,-4
119900289,0,0,0
119900290,0,0,0
119900291,0,0,0
119900292,3,8,-5
119900293,1,1,0
119900294,0,5,-5
119900295,14,4,10
119900296,87,8,79
119900297,1,8,-7
119900298,6,4,2
119900299,1,1,0
119900300,3,1,2
119900301,0,0,0
119900302,0,0,0
119900303,0,0,0
119900304,0,0,0
119900305,0,0,0
119900306,0,0,0
119900307,0,0,0
119900308,0,0,0
119900309,2,22,-20
119900310,44,10,34
119900311,0,0,0
119900312,59,19,40
119900313,1,1,0
119900314,0,0,0
119900315,592,179,413
119900318,0,0,0
119900319,36,42,-6
119900320,12,77,-65
119900321,11,0,11
120000001,4964,14985,-10021
120000002,1188,662,526
120000003,761,614,147
120000004,1018,843,175
120000005,1295,667,628
120000006,433,349,84
120000007,912,593,319
120000008,340,368,-28
120000009,587,198,389
120000010,687,441,246
120000011,269,306,-37
120000012,433,517,-84
120000013,983,530,453
120000014,302,685,-383
120000015,1464,944,520
120000016,3757,2471,1286
120000017,2012,1815,197
120000018,2386,6656,-4270
120000019,503,777,-274
120000020,2226,1857,369
120000021,1203,2078,-875
120000022,3951,4177,-226
120000023,984,928,56
120000024,801,1131,-330
120000025,2344,733,1611
120000026,1530,1688,-158
120000027,2290,2137,153
120000028,514,273,241
120000029,322,760,-438
120000030,46,291,-245
120000031,754,1434,-680
120000032,1808,1365,443
120000033,1457,397,1060
120000034,1583,338,1245
120000035,1303,322,981
120000036,1894,2491,-597
120000037,484,1732,-1248
120000038,1268,2587,-1319
120000039,40,222,-182
120000040,3,172,-169
120000041,101,161,-60
120000042,563,466,97
120000043,2263,657,1606
120000044,4392,714,3678
120000045,3775,335,3440
120000046,2358,1723,635
120000047,315,3496,-3181
120000048,2999,2218,781
120000049,2082,703,1379
120000050,1246,1179,67
120000051,825,1812,-987
120000052,1390,1001,389
120000053,579,580,-1
120000054,454,655,-201
120000055,984,844,140
120000056,2214,1084,1130
120000057,1013,237,776
120000058,296,410,-114
120000059,117,1284,-1167
120000061,42,184,-142
120000062,161,96,65
120000063,294,493,-199
120000064,166,262,-96
120000065,190,236,-46
120000066,131,47,84
120000067,75,77,-2
120000068,81,213,-132
120000069,361,203,158
120000070,42,170,-128
120000071,351,47,304
120000072,819,211,608
120000073,482,59,423
120000074,396,32,364
120000075,907,88,819
120000076,1716,133,1583
120000077,1236,193,1043
120000078,731,232,499
120000079,247,61,186
120000080,49,99,-50
120000081,162,74,88
120000082,172,306,-134
120000083,5,922,-917
120000084,110,101,9
120000085,83,80,3
120000086,29,56,-27
120000087,41,68,-27
120000088,555,401,154
120000089,1105,175,930
120000090,339,203,136
120000091,721,253,468
120000092,885,179,706
120000093,396,208,188
120000094,214,490,-276
120000095,327,116,211
120000096,122,119,3
120000098,508,109,399
120000099,119,114,5
120000100,357,140,217
120000101,307,92,215
120000102,481,1143,-662
120000103,1145,648,497
120000104,2241,196,2045
120000105,3326,174,3152
120000106,2785,77,2708
120000107,4462,217,4245
120000108,1498,104,1394
120000109,718,23,695
120000110,4,180,-176
120000111,4,135,-131
120000112,98,383,-285
120000113,39,304,-265
120000114,102,269,-167
120000115,56,186,-130
120000116,112,254,-142
120000117,327,306,21
120000118,1,31,-30
120000119,39,64,-25
120000120,35,71,-36
120000121,38,35,3
120000122,66,278,-212
120000123,679,4059,-3380
120000124,295,168,127
120000125,232,175,57
120000126,93,408,-315
120000127,146,261,-115
120000128,588,1004,-416
120000129,147,115,32
120000130,519,269,250
120000131,213,220,-7
120000134,70,21,49
120000135,94,348,-254
120000137,38,32,6
120000138,366,97,269
120000139,125,31,94
120000140,214,14,200
120000141,316,39,277
120000142,722,141,581
120000143,0,1,-1
120000144,80,0,80
120000145,16,1,15
120000146,305,755,-450
120000149,191,132,59
120000150,304,3729,-3425
120000151,410,109,301
120000152,783,87,696
120000153,152,76,76
120000154,106,91,15
120000155,163,107,56
120000156,174,317,-143
120000157,461,183,278
120000158,192,79,113
120000159,648,803,-155
120000160,1412,1041,371
120000161,984,925,59
120000162,26,297,-271
120000163,305,127,178
120000164,202,61,141
120000165,302,49,253
120000166,1027,63,964
120000167,0,0,0
120000168,0,0,0
120000169,0,0,0
120000170,0,0,0
120000171,0,0,0
120000172,0,0,0
120000173,48,0,48
120000174,6,0,6
120000175,9,0,9
120000176,0,1,-1
120000177,148,10,138
120000178,1,0,1
120000179,17,0,17
120000180,12,2,10
120000181,22,116,-94
120000182,4,110,-106
120000183,6,126,-120
120000184,40,305,-265
120000186,3,37,-34
120000187,8,12,-4
120000188,9,51,-42
120000190,60,158,-98
120000191,69,122,-53
120000192,71,3,68
120000193,48,5,43
120000195,3,0,3
120000196,13,6,7
120000197,6,11,-5
120000198,25,0,25
120000199,0,0,0
120000200,0,0,0
120000201,0,0,0
120000202,0,0,0
120000203,0,0,0
120000207,0,0,0
120000208,0,0,0
120000209,0,0,0
120000210,0,0,0
120000211,0,0,0
120000212,0,0,0
120000213,0,0,0
120000214,0,0,0
120000215,0,0,0
120000216,0,0,0
120000217,0,0,0
120000218,0,0,0
120000219,0,0,0
120000220,0,0,0
120000225,1014,1,1013
120000226,160,2,158
120000227,242,57,185
120000228,0,0,0
120000230,95,14,81
120000231,229,29,200
120000233,502,3,499
120000235,15,58,-43
120000236,903,4,899
120000237,0,42,-42
120000238,0,0,0
120000241,977,2026,-1049
120000412,80,8,72
120000413,93,34,59
120000414,95,0,95
120000415,0,2,-2
120000416,28,0,28
120000417,2,6,-4
120000418,101,0,101
120000419,0,0,0
120000420,32,21,11
120000421,2270,1517,753
120000422,9,374,-365
120000423,0,0,0
120000424,0,0,0
120000436,69,833,-764
120000437,16,37,-21
120000438,131,111,20
120000439,267,350,-83
120000443,156,3,153
120000444,1305,84,1221
120000445,800,679,121
120000446,229,35,194
120000447,195,1,194
120000449,56,0,56
120000450,0,6,-6
120000451,88,39,49
120000452,326,5,321
120000453,0,0,0
120000454,14,19,-5
120000455,22,14,8
120000456,99,780,-681
120000457,247,175,72
120000458,242,68,174
120000459,67,26,41
120000665,20,138,-118
120000668,8,322,-314
120000669,109,51,58
120000670,22,162,-140
120000671,516,204,312
120000672,9,94,-85
120900001,51,3,48
120900002,18,28,-10
120900003,0,0,0
120900004,0,52,-52
120900005,135,50,85
120900006,175,20,155
120900007,18,3,15
120900008,253,108,145
120900009,0,0,0
120900010,228,60,168
120900011,0,0,0
120900012,16,470,-454
120900013,112,13,99
120900014,0,32,-32
120900015,570,15,555
120900016,711,9,702
120900017,278,23,255
120900018,77,29,48
120900019,160,114,46
120900020,26,160,-134
120900021,242,9,233
120900022,1,14,-13
120900023,442,11,431
120900024,346,30,316
120900025,193,35,158
120900026,45,10,35
120900027,0,0,0
120900028,329,67,262
120900029,0,0,0
120900030,743,116,627
120900031,224,30,194
120900032,893,31,862
120900033,496,51,445
120900034,4,919,-915
120900035,117,31,86
120900037,147,1,146
120900038,0,0,0
120900039,0,0,0
120900040,120,1,119
120900041,0,1,-1
120900042,285,20,265
120900043,24,13,11
120900044,14,205,-191
120900045,12,4,8
120900046,295,3,292
120900047,0,0,0
120900048,0,0,0
120900049,280,1,279
120900050,164,580,-416
120900051,180,37,143
120900052,236,1,235
120900053,115,3,112
120900054,183,5,178
120900055,350,7,343
120900056,0,0,0
120900057,0,0,0
120900058,347,0,347
120900059,98,0,98
120900060,27,5,22
120900061,38,6,32
120900062,166,4,162
120900063,0,0,0
120900064,280,0,280
120900065,339,0,339
120900066,431,59,372
120900067,76,13,63
120900068,238,0,238
120900069,0,0,0
120900071,26,1,25
120900072,1,0,1
120900073,0,0,0
120900074,304,12,292
120900076,193,0,193
120900077,572,193,379
120900078,951,262,689
120900079,233,13,220
120900080,201,10,191
120900081,487,46,441
120900082,134,1,133
120900083,214,24,190
120900084,105,144,-39
120900085,0,0,0
120900086,7,255,-248
120900087,303,86,217
120900088,13,146,-133
120900089,377,1328,-951
120900090,38,0,38
120900091,71,340,-269
120900092,8,27,-19
120900093,0,0,0
120900094,56,29,27
120900095,0,0,0
120900096,0,4,-4
120900097,61,30,31
120900098,0,0,0
120900099,1,0,1
120900100,0,0,0
120900101,0,0,0
120900102,0,0,0
120900103,47,51,-4
120900104,0,2,-2
120900105,0,0,0
120900106,95,37,58
120900107,33,20,13
120900108,0,0,0
120900109,4,19,-15
120900110,0,0,0
120900111,5,4,1
120900112,0,0,0
120900113,1,45,-44
120900114,1,6,-5
120900115,54,129,-75
120900116,80,10,70
120900117,0,0,0
120900118,3,38,-35
120900119,752,275,477
120900120,4,47,-43
120900121,2,9,-7
120900122,50,9,41
120900123,0,0,0
120900124,1,29,-28
120900125,0,62,-62
120900126,31,5,26
120900127,0,0,0
120900128,11,7,4
120900129,41,22,19
120900130,11,47,-36
120900131,0,0,0
120900132,869,23,846
120900133,6,29,-23
120900134,17,5,12
120900135,39,27,12
120900136,0,0,0
120900137,141,15,126
120900138,0,6,-6
120900139,0,14,-14
120900140,0,0,0
120900141,86,38,48
120900142,0,11,-11
120900143,0,25,-25
120900144,0,16,-16
120900145,17,38,-21
120900146,0,25,-25
120900147,0,0,0
120900148,32,25,7
120900149,0,63,-63
120900150,1,5,-4
120900151,0,12,-12
120900152,0,0,0
120900153,0,0,0
120900154,0,18,-18
120900155,5,10,-5
120900156,58,19,39
120900157,0,0,0
120900158,0,2,-2
120900159,0,0,0
120900160,0,10,-10
120900161,0,0,0
120900162,0,0,0
120900163,0,0,0
120900164,0,0,0
120900165,0,0,0
120900166,0,0,0
120900167,0,0,0
120900169,0,0,0
120900170,37,1339,-1302
120900171,80,16,64
120900172,0,0,0
120900173,0,0,0
120900174,0,0,0
120900175,26,5,21
120900176,0,264,-264
120900177,1,677,-676
120900178,0,213,-213
120900179,27,32,-5
120900180,4,0,4
120900181,0,0,0
120900182,0,0,0
120900183,0,0,0
120900184,0,0,0
120900185,0,0,0
120900186,0,37,-37
120900187,161,115,46
120900188,5,0,5
120900189,0,0,0
120900190,76,16,60
120900191,8,1,7
120900192,716,2313,-1597
120900194,1,3,-2
120900195,23,26,-3
120900196,0,0,0
120900197,521,53,468
120900198,13,49,-36
120900199,38,130,-92
120900200,3,0,3
120900201,46,4,42
120900202,0,9,-9
120900203,3,17,-14
120900204,12,39,-27
120900205,8,0,8
120900206,0,1,-1
121000001,103,514,-411
121000002,549,1118,-569
121000003,420,1160,-740
121000004,529,1394,-865
121000005,1602,2976,-1374
121000006,928,1658,-730
121000007,322,1822,-1500
121000008,726,1677,-951
121000009,872,3260,-2388
121000010,1090,1558,-468
121000011,1938,4134,-2196
121000012,2815,1647,1168
121000013,2302,3561,-1259
121000014,2406,1513,893
121000015,2814,4821,-2007
121000016,820,700,120
121000017,569,2073,-1504
121000018,803,1282,-479
121000019,2123,3140,-1017
121000020,4463,7744,-3281
121000021,310,477,-167
121000022,416,2557,-2141
121000023,873,392,481
121000024,1711,2246,-535
121000025,107,281,-174
121000026,66,118,-52
121000027,212,787,-575
121000028,119,227,-108
121000029,40,271,-231
121000030,0,0,0
121000031,68,205,-137
121000032,0,0,0
121000034,16,88,-72
121000035,1,19,-18
121000036,175,224,-49
121000037,150,519,-369
121000038,466,474,-8
121000039,112,69,43
121000041,87,145,-58
121000042,28,317,-289
121000043,353,474,-121
121000044,31,320,-289
121000045,103,205,-102
121000046,0,0,0
121000047,6,42,-36
121000049,530,369,161
121000050,123,1769,-1646
121000051,158,121,37
121000052,119,1064,-945
121000053,32,91,-59
121000054,0,44,-44
121000055,348,708,-360
121000056,916,626,290
121000057,2,11,-9
121000058,21,68,-47
121000059,259,950,-691
121000060,496,699,-203
121000061,8,577,-569
121000062,333,268,65
121000063,160,831,-671
121000064,201,613,-412
121000065,135,162,-27
121000066,22,61,-39
121000067,59,33,26
121000068,205,725,-520
121000069,26,703,-677
121000070,222,264,-42
121000071,408,1026,-618
121000072,194,106,88
121000073,127,590,-463
121000074,5,65,-60
121000075,3,35,-32
121000076,20,71,-51
121000077,6,104,-98
121000078,3,28,-25
121000080,285,127,158
121000081,449,1526,-1077
121000082,2,21,-19
121000083,59,71,-12
121000084,2,1,1
121000085,17,26,-9
121000086,34,359,-325
121000087,19,252,-233
121000088,211,180,31
121000089,12,424,-412
121000090,74,168,-94
121000091,357,769,-412
121000092,21,33,-12
121000093,39,88,-49
121000094,60,108,-48
121000095,51,138,-87
121000096,568,366,202
121000097,156,672,-516
121000098,178,137,41
121000099,220,165,55
121000100,356,188,168
121000101,61,91,-30
121000102,5,3,2
121000103,83,65,18
121000104,15,4,11
121000105,5,6,-1
121000106,59,86,-27
121000107,911,1835,-924
121000109,630,1151,-521
121000110,44,643,-599
121000114,925,1482,-557
121000115,105,116,-11
121000116,93,130,-37
121000117,252,37,215
121000118,202,30,172
121000119,22,51,-29
121000120,52,353,-301
121000121,59,78,-19
121000123,84,86,-2
121000126,26,224,-198
121000127,27,60,-33
121000128,250,86,164
121000129,186,88,98
121000130,84,192,-108
121000131,60,268,-208
121000132,100,354,-254
121000135,269,906,-637
121000136,265,507,-242
121000137,17,107,-90
121000138,110,1434,-1324
121000139,0,0,0
121000141,77,12,65
121000142,20,139,-119
121000143,5,23,-18
121000144,748,959,-211
121000145,108,182,-74
121000146,246,85,161
121000147,188,53,135
121000148,198,180,18
121000149,449,569,-120
121000152,103,70,33
121000153,340,163,177
121000154,296,180,116
121000155,316,534,-218
121000156,206,262,-56
121000157,277,281,-4
121000158,361,280,81
121000159,279,120,159
121000160,383,84,299
121000161,108,247,-139
121000162,117,65,52
121000165,671,2516,-1845
121000166,17,228,-211
121000168,69,75,-6
121000169,1,11,-10
121000170,60,7,53
121000171,20,37,-17
121000172,246,410,-164
121000173,810,813,-3
121000174,408,664,-256
121000175,573,189,384
121000176,162,262,-100
121000177,187,168,19
121000178,60,91,-31
121000179,3,60,-57
121000181,202,132,70
121000182,224,314,-90
121000183,12,157,-145
121000184,18,344,-326
121000185,15,911,-896
121000186,266,995,-729
121000187,126,127,-1
121000188,97,41,56
121000192,236,134,102
121000193,72,74,-2
121000194,622,1097,-475
121000195,276,565,-289
121000196,98,76,22
121000197,12,97,-85
121000198,28,156,-128
121000199,18,134,-116
121000200,299,133,166
121000201,7,153,-146
121000202,56,0,56
121000203,21,100,-79
121000204,721,36,685
121000205,108,179,-71
121000206,191,178,13
121000207,651,304,347
121000208,0,158,-158
121000209,396,27,369
121000210,393,102,291
121000211,37,17,20
121000212,102,59,43
121000213,402,480,-78
121000214,281,1366,-1085
121000215,494,182,312
121000216,124,655,-531
121000217,1366,1882,-516
121000218,44,432,-388
121000219,414,423,-9
121000220,15,1,14
121000221,11,119,-108
121000222,509,819,-310
121000223,0,0,0
121000224,200,222,-22
121000225,100,955,-855
121000226,279,969,-690
121000227,5,136,-131
121000228,12,92,-80
121000229,5,21,-16
121000230,12,165,-153
121000231,820,1,819
121000232,54,20,34
121000233,141,98,43
121000234,10,28,-18
121000235,20,35,-15
121000236,0,18,-18
121000237,5,2,3
121000238,2,13,-11
121000239,65,0,65
121000240,1,31,-30
121000241,42,1,41
121000242,0,26,-26
121000243,81,2,79
121000244,0,6,-6
121000245,44,0,44
121000246,0,19,-19
121000247,25,0,25
121000248,69,26,43
121000249,6,28,-22
121000250,120,421,-301
121000251,1,52,-51
121000252,32,39,-7
121000253,58,70,-12
121000254,444,141,303
121000255,4,60,-56
121000256,70,141,-71
121000257,0,48,-48
121000258,63,144,-81
121000259,11,11,0
121000260,5,49,-44
121000261,5,102,-97
121000262,124,92,32
121000263,328,122,206
121000271,100,1038,-938
121000273,3,1,2
121000274,2,67,-65
121000275,2,1,1
121000276,2,55,-53
121000278,17,2,15
121000279,17,2,15
121000280,3,23,-20
121000289,102,10,92
121000290,117,567,-450
121000294,97,21,76
121000297,221,426,-205
121000299,65,207,-142
121000300,236,140,96
121000302,3,294,-291
121000303,77,23,54
121000304,456,107,349
121000305,85,97,-12
121000306,107,131,-24
121000308,2,3,-1
121000309,3,7,-4
121000310,4,1,3
121000311,0,2,-2
121000312,92,124,-32
121000313,20,15,5
121000314,0,1,-1
121000315,0,7,-7
121000530,699,392,307
121000531,1001,541,460
121000532,2055,2001,54
121000533,2990,1798,1192
121000918,0,0,0
121000919,28,94,-66
121000938,5,0,5
121000939,22,76,-54
121000956,715,274,441
121000957,0,0,0
121000958,16,19,-3
121000959,263,90,173
121000960,303,192,111
121000961,261,4,257
121000962,32,84,-52
121000973,0,0,0
121000976,0,0,0
121000979,0,0,0
121000981,75,24,51
121000982,448,65,383
121000983,76,18,58
121000984,0,39,-39
121000985,310,94,216
121000986,192,52,140
121000987,80,158,-78
121000988,392,46,346
121001302,7,16,-9
121001308,1,19,-18
121001309,22,96,-74
121001313,0,0,0
121001314,665,644,21
121001315,1794,89,1705
121900001,81,458,-377
121900002,0,0,0
121900003,0,0,0
121900004,0,0,0
121900005,6,3,3
121900006,0,0,0
121900007,285,21,264
121900008,13,0,13
121900009,0,1,-1
121900010,0,0,0
121900011,7,0,7
121900012,0,0,0
121900013,4,0,4
121900014,0,0,0
121900015,0,0,0
121900016,0,0,0
121900017,0,0,0
121900018,0,0,0
121900019,1,0,1
121900020,4,0,4
121900021,179,0,179
121900022,0,0,0
121900023,0,0,0
121900024,0,0,0
121900025,0,0,0
121900026,0,0,0
121900027,0,0,0
121900028,2,0,2
121900029,0,0,0
121900030,0,0,0
121900031,1,32,-31
121900032,0,0,0
121900033,0,0,0
121900034,0,0,0
121900035,0,0,0
121900036,0,0,0
121900037,0,0,0
121900038,0,0,0
121900039,0,0,0
121900040,0,0,0
121900041,0,0,0
121900042,0,0,0
121900043,0,0,0
121900044,0,0,0
121900046,0,0,0
121900047,0,0,0
121900048,0,0,0
121900050,0,0,0
121900051,0,0,0
121900052,0,0,0
121900053,5,33,-28
121900054,0,0,0
121900055,0,0,0
121900058,0,0,0
121900059,0,0,0
121900060,0,0,0
121900061,0,0,0
121900062,0,0,0
121900063,16,8,8
121900064,0,0,0
121900066,0,0,0
121900067,0,0,0
121900069,0,0,0
121900070,0,5,-5
121900071,0,0,0
121900072,0,0,0
121900073,0,0,0
121900074,8,0,8
121900075,5,12,-7
121900076,0,0,0
121900077,0,0,0
121900078,0,0,0
121900079,0,0,0
121900080,0,0,0
121900082,0,0,0
121900084,0,0,0
121900085,0,0,0
121900086,0,0,0
121900087,0,0,0
121900088,0,3,-3
121900089,0,0,0
121900090,0,0,0
121900091,0,0,0
121900092,0,0,0
121900093,0,0,0
121900094,0,0,0
121900095,0,0,0
121900096,0,0,0
121900097,0,0,0
121900098,0,0,0
121900099,0,0,0
121900100,0,0,0
121900101,0,0,0
121900102,0,0,0
121900103,0,0,0
121900104,58,65,-7
121900105,0,0,0
121900106,0,0,0
121900107,0,0,0
121900108,0,0,0
121900109,0,0,0
121900110,0,0,0
121900111,0,0,0
121900112,0,0,0
121900113,0,0,0
121900114,0,0,0
121900115,0,0,0
121900117,0,0,0
121900118,0,0,0
121900119,0,0,0
121900120,12,10,2
121900121,0,0,0
121900122,0,0,0
121900123,0,0,0
121900124,0,0,0
121900125,53,1,52
121900127,0,0,0
121900128,0,0,0
121900129,0,0,0
121900130,0,0,0
121900131,0,0,0
121900132,0,0,0
121900133,0,0,0
121900134,0,0,0
121900135,130,19,111
121900136,0,0,0
121900137,0,0,0
121900138,0,0,0
121900139,0,0,0
121900140,0,0,0
121900141,6,0,6
121900142,0,0,0
121900143,0,0,0
121900144,0,0,0
121900145,0,0,0
121900146,0,0,0
121900147,0,0,0
121900148,0,0,0
121900149,0,0,0
121900150,0,0,0
121900151,0,0,0
121900152,0,0,0
121900153,0,0,0
121900154,0,0,0
121900155,0,0,0
121900156,0,0,0
121900157,0,0,0
121900158,0,0,0
121900159,0,0,0
121900160,0,0,0
121900161,0,0,0
121900162,0,0,0
121900163,0,0,0
121900164,0,0,0
121900165,0,0,0
121900166,0,0,0
121900167,0,0,0
121900168,0,0,0
121900169,0,0,0
121900170,0,0,0
121900171,0,0,0
121900172,0,0,0
121900173,0,0,0
121900174,0,0,0
121900175,0,0,0
121900176,0,0,0
121900177,0,0,0
121900178,0,0,0
121900179,0,0,0
121900180,289,963,-674
121900182,0,0,0
121900183,0,0,0
121900184,0,0,0
121900186,0,0,0
121900187,0,0,0
121900188,0,0,0
121900189,0,0,0
121900190,6,0,6
121900191,1,0,1
121900192,0,0,0
121900193,0,0,0
121900194,0,0,0
121900195,0,0,0
121900196,0,0,0
121900197,0,0,0
121900198,0,0,0
121900199,0,0,0
121900200,0,0,0
121900201,0,0,0
121900202,0,0,0
121900203,0,0,0
121900204,0,0,0
121900205,0,0,0
121900206,0,0,0
121900207,0,0,0
121900208,0,0,0
121900209,0,0,0
121900210,0,0,0
121900211,0,0,0
121900212,0,0,0
121900213,0,0,0
121900214,0,0,0
121900215,0,0,0
121900216,0,0,0
121900217,0,0,0
121900218,0,0,0
121900219,2,4,-2
121900220,0,0,0
121900221,0,0,0
121900222,0,0,0
121900223,0,0,0
121900224,0,0,0
121900225,0,0,0
121900226,1,0,1
121900227,0,0,0
121900228,0,0,0
121900229,0,0,0
121900230,0,2,-2
121900231,0,3,-3
121900232,0,0,0
121900233,0,0,0
121900234,0,0,0
121900235,0,0,0
121900236,0,0,0
121900237,0,0,0
121900238,0,0,0
121900239,0,0,0
121900240,0,0,0
121900241,0,0,0
121900242,0,0,0
121900243,0,0,0
121900244,0,0,0
121900245,0,0,0
121900246,76,38,38
121900247,0,0,0
121900248,0,0,0
121900250,0,0,0
121900251,0,0,0
121900252,0,0,0
121900253,0,0,0
121900254,0,0,0
121900255,0,0,0
121900258,571,376,195
121900259,0,0,0
121900260,0,0,0
121900261,0,0,0
121900262,0,0,0
121900263,0,0,0
121900264,0,0,0
121900265,0,0,0
121900266,0,0,0
121900267,0,0,0
121900269,0,0,0
121900270,0,0,0
121900271,0,0,0
121900273,21,11,10
121900274,63,2,61
121900276,5,2,3
121900277,0,0,0
121900278,0,0,0
121900279,0,0,0
121900280,0,0,0
121900281,0,0,0
121900284,0,0,0
121900286,52,3,49
121900287,0,10,-10
121900290,0,0,0
121900291,0,0,0
121900292,8,4,4
121900293,0,0,0
121900294,0,0,0
121900295,0,0,0
121900296,0,0,0
121900298,0,6,-6
121900299,0,0,0
121900300,0,0,0
121900301,1,0,1
121900302,0,0,0
121900303,0,0,0
121900304,0,0,0
121900305,0,0,0
121900306,0,0,0
121900307,0,0,0
121900308,0,0,0
121900309,0,0,0
121900310,0,0,0
121900311,108,1,107
121900312,51,0,51
121900313,44,0,44
121900314,0,0,0
121900315,0,0,0
121900316,0,0,0
121900317,0,0,0
121900318,0,0,0
121900319,0,0,0
121900320,0,0,0
121900321,0,0,0
121900322,0,0,0
121900323,0,0,0
121900324,0,0,0
121900325,0,0,0
121900326,0,0,0
121900327,0,0,0
121900328,0,0,0
121900329,0,0,0
121900330,0,0,0
121900331,0,0,0
121900332,0,0,0
121900333,0,0,0
122000001,437,867,-430
122000002,559,284,275
122000003,285,768,-483
122000004,366,494,-128
122000005,1207,2705,-1498
122000006,170,659,-489
122000007,283,785,-502
122000008,646,1152,-506
122000009,120,132,-12
122000010,1766,1296,470
122000011,371,456,-85
122000012,182,521,-339
122000013,235,852,-617
122000014,592,815,-223
122000015,472,624,-152
122000016,108,520,-412
122000017,342,827,-485
122000018,458,945,-487
122000019,210,695,-485
122000020,73,108,-35
122000021,34,182,-148
122000022,112,121,-9
122000023,86,130,-44
122000024,384,486,-102
122000025,229,576,-347
122000026,349,346,3
122000027,133,336,-203
122000028,179,343,-164
122000029,110,174,-64
122000030,91,3,88
122000031,19,837,-818
122000032,263,360,-97
122000033,130,219,-89
122000034,21,125,-104
122000035,5,61,-56
122000036,64,153,-89
122000037,60,101,-41
122000038,149,190,-41
122000039,60,49,11
122000040,27,5,22
122000041,593,1161,-568
122000042,218,730,-512
122000043,60,181,-121
122000044,47,206,-159
122000045,389,140,249
122000046,428,236,192
122000047,1,17,-16
122000048,1117,2334,-1217
122000049,1810,1294,516
122000050,229,442,-213
122000051,213,800,-587
122000052,110,519,-409
122000053,174,1541,-1367
122000054,575,901,-326
122000055,2212,2529,-317
122000056,919,1227,-308
122000057,883,1223,-340
122000058,485,601,-116
122000059,423,1165,-742
122000060,67,105,-38
122000061,32,100,-68
122000062,295,60,235
122000063,38,386,-348
122000064,1530,2369,-839
122000065,1176,1059,117
122000066,204,268,-64
122000067,685,2127,-1442
122000068,202,1890,-1688
122000069,109,224,-115
122000070,808,504,304
122000071,292,502,-210
122000072,1,111,-110
122000073,29,111,-82
122000074,501,608,-107
122000075,155,611,-456
122000076,373,422,-49
122000077,85,407,-322
122000078,541,527,14
122000079,106,464,-358
122000080,46,258,-212
122000081,6,168,-162
122000082,114,262,-148
122000083,143,352,-209
122000084,84,136,-52
122000085,25,171,-146
122000086,997,2818,-1821
122000087,345,259,86
122000088,90,25,65
122000089,951,865,86
122000090,115,231,-116
122000091,28,65,-37
122000092,4,19,-15
122000093,840,2441,-1601
122000094,1764,1594,170
122000095,548,1484,-936
122000096,191,905,-714
122000098,1574,3434,-1860
122000099,145,422,-277
122000100,264,95,169
122000101,60,91,-31
122000102,74,253,-179
122000103,86,146,-60
122000104,31,113,-82
122000105,88,125,-37
122000106,147,198,-51
122000107,288,328,-40
122000108,42,50,-8
122000109,83,177,-94
122000110,31,49,-18
122000111,358,178,180
122000112,172,209,-37
122000113,163,175,-12
122000114,525,2410,-1885
122000115,566,1464,-898
122000116,64,246,-182
122000117,35,36,-1
122000118,172,52,120
122000119,108,138,-30
122000120,137,109,28
122000121,266,550,-284
122000122,139,396,-257
122000123,214,384,-170
122000124,125,323,-198
122000125,69,243,-174
122000126,20,229,-209
122000127,55,201,-146
122000128,122,219,-97
122000129,91,202,-111
122000130,519,462,57
122000131,79,119,-40
122000132,12,9,3
122000133,86,62,24
122000134,160,247,-87
122000135,92,116,-24
122000136,80,194,-114
122000137,299,260,39
122000139,218,570,-352
122000140,48,345,-297
122000141,358,343,15
122000142,27,465,-438
122000143,27,75,-48
122000144,253,109,144
122000145,119,46,73
122000146,146,307,-161
122000147,137,185,-48
122000148,229,221,8
122000149,282,120,162
122000150,240,147,93
122000151,0,0,0
122000152,0,0,0
122000153,98,155,-57
122000154,71,91,-20
122000155,422,303,119
122000156,1143,1422,-279
122000157,306,770,-464
122000158,79,93,-14
122000159,216,305,-89
122000160,442,243,199
122000161,156,198,-42
122000162,212,251,-39
122000163,20,12,8
122000164,1,3,-2
122000165,74,693,-619
122000166,152,219,-67
122000167,3,7,-4
122000168,54,782,-728
122000169,27,64,-37
122000170,77,192,-115
122000171,0,0,0
122000172,176,712,-536
122000173,272,826,-554
122000174,422,1203,-781
122000175,165,22,143
122000176,188,674,-486
122000177,787,1638,-851
122000178,541,427,114
122000179,332,1332,-1000
122000180,486,1313,-827
122000181,367,1716,-1349
122000182,237,272,-35
122000183,129,27,102
122000184,1120,1189,-69
122000185,266,662,-396
122000186,137,459,-322
122000187,467,277,190
122000188,0,0,0
122000189,59,143,-84
122000190,236,401,-165
122000191,91,176,-85
122000192,192,53,139
122000193,112,266,-154
122000194,82,47,35
122000195,61,320,-259
122000196,104,81,23
122000197,65,65,0
122000198,57,461,-404
122000199,62,99,-37
122000200,191,125,66
122000201,496,706,-210
122000202,205,640,-435
122000203,335,240,95
122000204,408,552,-144
122000205,236,249,-13
122000206,358,700,-342
122000207,395,724,-329
122000208,756,428,328
122000209,379,72,307
122000210,201,359,-158
122000211,62,248,-186
122000212,176,151,25
122000213,154,319,-165
122000214,528,923,-395
122000215,1351,623,728
122000217,338,390,-52
122000218,142,118,24
122000219,247,263,-16
122000220,43,314,-271
122000221,109,397,-288
122000222,38,46,-8
122000223,95,171,-76
122000225,160,96,64
122000226,37,151,-114
122000227,33,105,-72
122000228,27,71,-44
122000229,2,193,-191
122000230,6,117,-111
122000231,40,111,-71
122000232,45,79,-34
122000233,0,18,-18
122000234,90,149,-59
122000235,102,64,38
122000236,418,12,406
122000237,2,1,1
122000238,12,121,-109
122000239,138,44,94
122000240,335,131,204
122000241,141,86,55
122000242,81,3,78
122000243,2,3,-1
122000244,1,79,-78
122000245,6,13,-7
122000246,26,94,-68
122000247,71,59,12
122000248,261,153,108
122000249,197,261,-64
122000250,242,254,-12
122000251,0,0,0
122000252,13,7,6
122000253,0,0,0
122000254,83,12,71
122000255,90,192,-102
122000256,1,13,-12
122000257,4,6,-2
122000258,74,161,-87
122000259,9,355,-346
122000260,6,98,-92
122000261,12,45,-33
122000262,0,1,-1
122000263,45,0,45
122000264,468,70,398
122000265,477,123,354
122000266,730,59,671
122000267,0,18,-18
122000268,33,22,11
122000269,96,45,51
122000270,17,4,13
122000271,0,0,0
122000272,0,0,0
122000273,11,0,11
122000274,2,7,-5
122000275,0,2,-2
122000276,222,173,49
122000277,190,462,-272
122000278,357,72,285
122000279,51,30,21
122000280,136,23,113
122000281,85,61,24
122000282,16,393,-377
122000283,19,37,-18
122000284,6,24,-18
122000285,0,0,0
122000286,0,0,0
122000287,880,356,524
122000288,80,38,42
122000291,1165,348,817
122000293,32,63,-31
122000294,51,137,-86
122000295,347,59,288
122000296,33,341,-308
122000297,633,2250,-1617
122000299,232,207,25
122000300,31,79,-48
122000301,334,1169,-835
122000302,201,1124,-923
122000303,287,27,260
122000304,0,28,-28
122000305,611,145,466
122000306,15,177,-162
122000307,26,26,0
122000309,1,0,1
122000310,1,9,-8
122000311,19,19,0
122000312,30,110,-80
122000313,26,85,-59
122000314,91,212,-121
122000315,51,4,47
122000316,248,100,148
122000317,585,108,477
122000318,158,600,-442
122000319,11,99,-88
122000320,11,72,-61
122000321,26,65,-39
122000322,408,381,27
122000323,181,393,-212
122000324,379,701,-322
122000325,221,368,-147
122000326,16,0,16
122000327,40,205,-165
122000328,81,142,-61
122000330,227,653,-426
122000332,15,519,-504
122000333,9,31,-22
122000337,102,74,28
122000338,119,30,89
122000340,35,150,-115
122000342,202,408,-206
122000343,23,93,-70
122000344,58,1,57
122000345,61,123,-62
122000346,33,3,30
122000348,132,266,-134
122000349,1,38,-37
122000351,87,50,37
122000352,11,3,8
122000353,36,0,36
122000355,26,432,-406
122000356,42,157,-115
122000357,4,33,-29
122000358,0,0,0
122000359,0,0,0
122000360,0,0,0
122000362,2,13,-11
122000364,21,34,-13
122000365,0,7,-7
122000366,5,1,4
122000368,30,73,-43
122000370,0,2,-2
122000371,0,0,0
122000372,0,0,0
122000381,17,67,-50
122000382,5,21,-16
122000384,263,476,-213
122000385,22,0,22
122000386,65,626,-561
122000387,79,155,-76
122000388,131,345,-214
122000389,61,60,1
122000390,47,220,-173
122000391,4,65,-61
122000392,3,10,-7
122000393,2,40,-38
122000394,45,6,39
122000395,28,7,21
122000396,67,2,65
122000397,0,0,0
122000398,3,73,-70
122000399,10,2,8
122000400,16,91,-75
122000401,10,1,9
122000402,83,67,16
122000403,50,25,25
122000404,154,24,130
122000408,91,241,-150
122000503,0,22,-22
122000524,0,0,0
122000544,15,30,-15
122000616,0,0,0
122000640,3,36,-33
122000641,74,75,-1
122000642,215,92,123
122000643,18,114,-96
122000644,0,0,0
122000645,2,9,-7
122000651,225,640,-415
122000664,12,15,-3
122000665,80,245,-165
122000666,116,191,-75
122000673,3,59,-56
122000674,140,70,70
122000675,1144,327,817
122000686,139,102,37
122000687,375,39,336
122000688,206,106,100
122000689,443,32,411
122000690,1290,56,1234
122000691,646,99,547
122000692,228,39,189
122000693,143,150,-7
122000695,14,30,-16
122000696,256,69,187
122000698,12,15,-3
122000699,67,71,-4
122000701,314,63,251
122000702,128,151,-23
122000703,10,29,-19
122000717,0,62,-62
122000718,21,539,-518
122000719,1,14,-13
122000720,215,29,186
122900001,0,0,0
122900002,56,545,-489
122900003,51,0,51
122900004,0,0,0
122900005,0,0,0
122900006,0,0,0
122900007,0,0,0
122900008,0,0,0
122900009,0,0,0
122900010,13,6,7
122900012,17,24,-7
122900013,0,0,0
122900014,0,0,0
122900015,41,23,18
122900016,0,0,0
122900017,0,0,0
122900018,0,0,0
122900019,0,0,0
122900020,0,0,0
122900021,0,0,0
122900022,0,0,0
122900023,0,0,0
122900024,0,0,0
122900025,0,0,0
122900026,0,0,0
122900027,0,85,-85
122900028,0,0,0
122900029,0,0,0
122900030,0,0,0
122900031,15,14,1
122900032,0,0,0
122900033,23,35,-12
122900034,18,41,-23
122900035,10,13,-3
122900036,0,0,0
122900037,0,0,0
122900038,23,143,-120
122900039,2,32,-30
122900040,4,29,-25
122900041,5,46,-41
122900042,3,14,-11
122900043,54,52,2
122900044,2,15,-13
122900045,4,90,-86
122900046,2,54,-52
122900047,5,3,2
122900048,0,1,-1
122900049,0,0,0
122900051,0,0,0
122900052,56,1,55
122900053,1,25,-24
122900055,8,0,8
122900057,25,1,24
122900061,0,0,0
122900062,0,0,0
122900063,0,0,0
122900064,0,0,0
122900065,0,0,0
122900066,0,0,0
122900067,6,1,5
122900068,0,0,0
122900069,0,0,0
122900070,107,5,102
122900071,0,0,0
122900072,12,0,12
122900073,0,0,0
122900074,307,14,293
122900075,0,0,0
122900076,0,0,0
122900077,0,0,0
122900078,183,0,183
122900080,0,0,0
122900081,37,0,37
122900082,333,2,331
122900083,0,0,0
122900084,0,0,0
122900086,0,0,0
122900087,34,1,33
122900088,0,15,-15
122900089,0,1,-1
122900090,0,0,0
122900091,0,0,0
122900092,0,0,0
122900093,0,0,0
122900094,0,0,0
122900095,0,0,0
122900096,60,0,60
122900097,0,0,0
122900098,0,0,0
122900099,0,0,0
122900100,0,0,0
122900101,0,0,0
122900102,0,0,0
122900103,0,0,0
122900104,0,0,0
122900105,0,0,0
122900106,0,0,0
122900107,0,0,0
122900108,0,0,0
123000001,571,111,460
123000002,675,2657,-1982
123000003,1416,1264,152
123000004,943,1267,-324
123000005,1282,988,294
123000006,963,1207,-244
123000007,1138,771,367
123000008,373,467,-94
123000009,1838,1990,-152
123000010,463,496,-33
123000011,774,802,-28
123000012,2,61,-59
123000013,1120,309,811
123000014,34,252,-218
123000015,1058,452,606
123000016,66,218,-152
123000017,3539,1945,1594
123000018,98,68,30
123000019,210,6,204
123000020,122,3,119
123000021,150,104,46
123000022,669,216,453
123000023,1345,1108,237
123000024,623,271,352
123000025,23,95,-72
123000026,0,80,-80
123000027,2,108,-106
123000028,72,1772,-1700
123000029,15,365,-350
123000030,25,33,-8
123000031,344,74,270
123000032,424,72,352
123000033,113,50,63
123000034,341,397,-56
123000035,135,280,-145
123000036,89,618,-529
123000037,21,31,-10
123000038,21,145,-124
123000039,376,1056,-680
123000040,31,21,10
123000041,159,723,-564
123000042,31,59,-28
123000043,904,4111,-3207
123000044,776,592,184
123000045,404,332,72
123000046,158,437,-279
123000047,244,74,170
123000048,29,733,-704
123000049,3156,2988,168
123000050,429,464,-35
123000051,9,56,-47
123000052,252,658,-406
123000053,999,1137,-138
123000054,382,1343,-961
123000055,1651,2510,-859
123000056,136,345,-209
123000057,538,1026,-488
123000058,89,291,-202
123000059,55,90,-35
123000060,278,110,168
123000061,14,144,-130
123000063,136,224,-88
123000064,243,29,214
123000065,528,732,-204
123000066,152,100,52
123000067,251,223,28
123000068,516,447,69
123000069,1089,298,791
123000070,99,59,40
123000071,606,208,398
123000072,162,39,123
123000073,687,334,353
123000074,182,32,150
123000075,185,661,-476
123000076,80,153,-73
123000077,430,216,214
123000078,889,519,370
123000079,1335,604,731
123000080,559,134,425
123000081,29,38,-9
123000082,89,136,-47
123000083,184,71,113
123000084,227,35,192
123000085,79,6,73
123000086,251,16,235
123000087,112,76,36
123000088,566,124,442
123000089,495,275,220
123000090,0,0,0
123000091,501,289,212
123000092,0,0,0
123000094,207,29,178
123000095,348,238,110
123000096,387,102,285
123000097,364,53,311
123000098,279,65,214
123000099,233,152,81
123000100,114,617,-503
123000101,151,59,92
123000102,305,750,-445
123000104,88,98,-10
123000105,17,10,7
123000106,188,141,47
123000107,5,7,-2
123000108,249,56,193
123000111,305,59,246
123000112,277,90,187
123000113,208,58,150
123000114,110,283,-173
123000115,98,74,24
123000116,15,17,-2
123000117,522,377,145
123000118,151,158,-7
123000119,56,114,-58
123000120,73,168,-95
123000121,231,183,48
123000122,0,0,0
123000123,365,112,253
123000124,0,0,0
123000125,529,534,-5
123000126,461,1641,-1180
123000127,74,179,-105
123000128,0,0,0
123000129,378,16,362
123000130,246,10,236
123000131,517,241,276
123000132,0,0,0
123000133,0,0,0
123000134,36,14,22
123000135,382,262,120
123000136,0,0,0
123000137,0,0,0
123000138,0,0,0
123000139,171,17,154
123000140,0,0,0
123000141,110,41,69
123000142,199,39,160
123000143,141,237,-96
123000144,0,1,-1
123000145,57,217,-160
123000146,1,95,-94
123000147,3,43,-40
123000149,49,80,-31
123000150,34,66,-32
123000151,34,284,-250
123000152,4,15,-11
123000153,9,328,-319
123000154,211,528,-317
123000155,271,411,-140
123000156,0,4,-4
123000157,69,114,-45
123000158,190,220,-30
123000159,428,1355,-927
123000160,144,385,-241
123000161,464,262,202
123000162,620,671,-51
123000163,385,106,279
123000164,1088,31,1057
123000165,36,217,-181
123000166,3,2,1
123000167,8,25,-17
123000168,37,17,20
123000169,485,29,456
123000170,13,0,13
123000171,340,0,340
123000172,14,36,-22
123000173,192,86,106
123000174,328,135,193
123000175,6,64,-58
123000176,340,58,282
123000177,45,84,-39
123000178,257,71,186
123000179,2,67,-65
123000180,762,167,595
123000181,89,206,-117
123000182,96,57,39
123000183,107,118,-11
123000184,24,18,6
123000185,468,150,318
123000186,0,0,0
123000187,394,2,392
123000188,212,0,212
123000189,120,49,71
123000190,64,33,31
123000192,2,44,-42
123000193,2,149,-147
123000194,21,91,-70
123000195,185,6,179
123000196,159,3,156
123000197,26,22,4
123000198,0,64,-64
123000199,1,32,-31
123000200,492,1,491
123000201,715,8,707
123000202,1,54,-53
123000203,750,13,737
123000204,5,127,-122
123000205,53,168,-115
123000206,1864,118,1746
123000207,10,80,-70
123000208,346,46,300
123000209,1176,204,972
123000210,34,182,-148
123000211,89,270,-181
123000212,2218,181,2037
123000213,279,14,265
123000215,45,94,-49
123000216,82,351,-269
123000217,121,72,49
123000218,6,7,-1
123000219,173,41,132
123000220,263,58,205
123000221,18,32,-14
123000222,266,103,163
123000223,403,78,325
123000224,221,68,153
123000225,125,13,112
123000226,88,9,79
123000227,54,6,48
123000228,131,13,118
123000229,272,61,211
123000232,2,9,-7
123000233,344,41,303
123000234,4,19,-15
123000235,255,85,170
123000236,15,88,-73
123000237,235,25,210
123000238,5,6,-1
123000239,103,107,-4
123000240,2,174,-172
123000241,68,50,18
123000242,43,95,-52
123000243,83,124,-41
123000244,85,80,5
123000245,0,0,0
123000249,0,0,0
123000252,361,139,222
123000253,450,251,199
123000254,96,133,-37
123000255,147,313,-166
123000256,0,0,0
123000257,392,267,125
123000258,301,121,180
123000259,225,182,43
123000260,203,127,76
123000261,135,23,112
123000262,11,14,-3
123000263,191,39,152
123000264,118,6,112
123000265,14,13,1
123000266,111,143,-32
123000267,211,169,42
123000268,21,0,21
123000269,17,83,-66
123000270,35,34,1
123000271,13,17,-4
123000272,326,121,205
123000273,139,568,-429
123000274,569,243,326
123000275,34,114,-80
123000278,188,760,-572
123000279,23,16,7
123000280,111,61,50
123000281,97,44,53
123000282,63,195,-132
123000283,97,63,34
123000284,61,11,50
123000286,55,297,-242
123000287,84,141,-57
123000288,351,437,-86
123000289,92,393,-301
123000291,12,8,4
123000294,77,323,-246
123000295,401,1089,-688
123000296,570,689,-119
123000297,146,61,85
123000298,104,48,56
123000299,46,223,-177
123000300,351,169,182
123000301,33,77,-44
123000302,110,44,66
123000303,11,449,-438
123000305,95,326,-231
123000306,35,8,27
123000309,13,3,10
123000310,48,10,38
123000311,0,0,0
123000312,52,194,-142
123000313,206,108,98
123000315,258,50,208
123000316,242,5,237
123000317,32,46,-14
123000318,1,67,-66
123000329,1,5,-4
123000337,150,102,48
123000338,395,176,219
123000339,27,7,20
123000340,12,92,-80
123000342,2,6,-4
123000343,27,0,27
123000344,277,99,178
123000345,101,141,-40
123000346,428,24,404
123000352,50,149,-99
123000353,10,19,-9
123000354,596,10,586
123000355,0,114,-114
123000356,147,4,143
123000357,0,3,-3
123000359,0,11,-11
123000360,107,201,-94
123000361,144,10,134
123000362,196,9,187
123000363,47,1,46
123000364,135,114,21
123000365,1,10,-9
123000366,88,488,-400
123000367,39,256,-217
123000370,0,1,-1
123000371,213,3,210
123000372,146,4,142
123000373,0,15,-15
123000374,0,0,0
123000375,307,20,287
123000376,427,390,37
123000377,273,9,264
123000378,1,15,-14
123000379,0,44,-44
123000380,0,0,0
123000381,11,40,-29
123000382,185,33,152
123000383,0,0,0
123000384,129,29,100
123000385,0,0,0
123000436,28,426,-398
123000507,13,71,-58
123000508,67,1028,-961
123000517,41,16,25
123000518,13,68,-55
123000519,23,6,17
123000520,9,208,-199
123000521,145,12,133
123000522,78,113,-35
123000541,5,2,3
123000542,0,0,0
123000565,258,4,254
123000566,164,136,28
123000567,40,98,-58
123000573,0,0,0
123000574,329,9,320
123000575,676,12,664
123000576,178,7,171
123000577,8,14,-6
123000578,98,57,41
123000579,566,2249,-1683
123000580,56,28,28
123000582,199,3,196
123000583,7,7,0
123000584,83,65,18
123000585,0,0,0
123000586,26,0,26
123000596,52,35,17
123000597,109,80,29
123000602,27,4,23
123000603,544,45,499
123000604,151,12,139
123000605,254,91,163
123000606,0,0,0
123000609,1,60,-59
123000610,26,41,-15
123000613,0,0,0
123000614,190,1,189
123000615,0,0,0
123000616,247,4,243
123000617,0,0,0
123000618,0,0,0
123000619,54,13,41
123000620,0,0,0
123000622,105,1,104
123000624,48,2,46
123000630,945,217,728
123000631,39,41,-2
123000632,168,53,115
123000633,0,105,-105
123000634,20,59,-39
123000635,0,0,0
123000636,19,58,-39
123000637,28,11,17
123000638,72,39,33
123000639,424,1205,-781
123000640,11,0,11
123900001,0,0,0
123900002,0,0,0
123900003,0,0,0
123900005,0,1,-1
123900006,0,0,0
124000001,617,74,543
124000002,0,321,-321
124000003,552,78,474
124000004,0,80,-80
124000005,614,324,290
124000006,14,55,-41
124000007,66,39,27
124000008,0,67,-67
124000009,435,84,351
124000010,21,114,-93
124000011,406,138,268
124000012,10,83,-73
124000017,99,45,54
124000018,0,0,0
124000019,98,77,21
124000020,0,0,0
124000021,82,50,32
124000022,0,0,0
124000023,436,999,-563
124000024,268,77,191
124000025,630,952,-322
124000026,476,923,-447
124000027,2164,1262,902
124000028,91,3161,-3070
124000030,368,135,233
124000031,388,2603,-2215
124000032,15,81,-66
124000033,189,139,50
124000034,78,94,-16
124000035,3,122,-119
124000036,0,68,-68
124000037,12,282,-270
124000038,5,11,-6
124000039,90,28,62
124000040,74,130,-56
124000041,326,12,314
124000042,7,44,-37
124000043,66,10,56
124000044,1,17,-16
124000045,439,55,384
124000046,0,0,0
124000047,625,110,515
124000048,0,0,0
124000049,917,108,809
124000050,0,0,0
124000051,767,87,680
124000052,0,0,0
124000053,261,759,-498
124000054,0,0,0
124000055,700,948,-248
124000056,1,0,1
124000057,894,273,621
124000058,0,1,-1
124000059,645,664,-19
124000060,361,25,336
124000061,597,1670,-1073
124000062,232,64,168
124000063,378,99,279
124000064,284,104,180
124000065,0,0,0
124000066,20,2,18
124000067,74,32,42
124000068,0,0,0
124000069,310,24,286
124000070,0,0,0
124000071,33,20,13
124000072,0,0,0
124000073,334,20,314
124000074,0,0,0
124000075,280,77,203
124000076,0,0,0
124000077,45,74,-29
124000078,395,282,113
124000079,5,119,-114
124000080,225,31,194
124000081,0,0,0
124000082,19,65,-46
124000083,0,0,0
124000084,1,190,-189
124000085,0,0,0
124000086,21,190,-169
124000087,24,87,-63
124000088,43,151,-108
124000089,229,3,226
124000090,0,0,0
124000091,217,12,205
124000092,0,0,0
124000093,58,140,-82
124000094,15,188,-173
124000095,126,27,99
124000096,17,66,-49
124000097,141,17,124
124000098,30,64,-34
124000099,19,8,11
124000100,0,0,0
124000101,161,47,114
124000102,91,63,28
124000103,256,56,200
124000104,25,7,18
124000105,208,58,150
124000106,101,31,70
124000107,35,289,-254
124000108,21,9,12
124000109,122,34,88
124000110,53,23,30
124000111,146,40,106
124000112,233,169,64
124000113,108,56,52
124000114,153,85,68
124000115,372,459,-87
124000116,43,75,-32
124000117,33,9,24
124000118,16,28,-12
124000119,170,198,-28
124000120,164,56,108
124000121,358,191,167
124000122,167,321,-154
124000123,312,139,173
124000124,152,213,-61
124000125,192,116,76
124000126,85,118,-33
124000127,925,48,877
124000128,335,175,160
124000129,1113,652,461
124000130,121,35,86
124000131,427,245,182
124000132,257,114,143
124000133,629,290,339
124000134,172,191,-19
124000135,593,646,-53
124000136,55,136,-81
124000137,270,284,-14
124000138,159,109,50
124000139,113,33,80
124000140,1,118,-117
124000141,4,3,1
124000142,0,185,-185
124000143,17,1,16
124000144,1,47,-46
124000145,90,4,86
124000146,0,10,-10
124000148,37,13,24
124000149,329,97,232
124000150,38,99,-61
124000151,328,246,82
124000152,67,63,4
124000153,278,543,-265
124000154,53,135,-82
124000155,325,140,185
124000156,59,92,-33
124000169,63,115,-52
124000170,35,62,-27
124000171,117,140,-23
124000172,50,75,-25
124000173,192,31,161
124000174,181,116,65
124000175,0,0,0
124000176,8,66,-58
124000177,0,0,0
124000178,1,68,-67
124000190,1,2,-1
124000191,0,0,0
124000192,322,233,89
124000193,18,263,-245
124000194,94,68,26
124000195,239,226,13
124000196,130,68,62
124000197,67,5,62
124000198,89,19,70
124000201,3,0,3
124000202,372,20,352
124000203,101,0,101
124000204,631,8,623
124000205,61,0,61
124000206,896,98,798
124000207,0,0,0
124000209,98,5,93
124000210,603,140,463
124000211,688,9,679
124000212,0,0,0
124000213,52,0,52
124000214,325,2,323
124000215,401,1,400
124000216,0,0,0
124000329,0,134,-134
124000338,0,112,-112
124000339,710,2,708
124000341,629,10,619
124000344,39,3,36
124000357,757,1013,-256
124000358,824,1031,-207
124000359,961,443,518
124000360,521,256,265
124000361,840,577,263
124000362,294,407,-113
124000363,140,35,105
124000364,201,290,-89
124000365,17,64,-47
124000366,5,170,-165
124000367,6,50,-44
124000368,114,261,-147
124000369,71,52,19
124000370,2,141,-139
124000402,2,2,0
124000403,140,6,134
124000404,0,24,-24
124000405,639,162,477
124000406,182,139,43
124000407,3,27,-24
124000411,0,24,-24
124000412,138,1,137
124000413,4,9,-5
124000414,113,60,53
124000415,89,21,68
124000416,117,64,53
124000417,132,67,65
124000418,118,27,91
124000419,109,11,98
124000420,71,19,52
124000421,80,15,65
124000422,4,10,-6
124000423,42,1,41
124000424,0,12,-12
124000425,16,2,14
124000426,0,37,-37
124000427,15,0,15
124000428,0,13,-13
124000429,70,53,17
124000430,130,128,2
124000431,23,34,-11
124000432,139,318,-179
124000439,0,0,0
124000442,0,0,0
124000443,0,0,0
124000445,1,238,-237
124000446,0,0,0
124900001,0,0,0
124900002,0,0,0
124900003,0,0,0
124900004,0,0,0
124900005,0,0,0
124900006,0,0,0
124900008,0,0,0
124900009,0,0,0
124900010,0,0,0
124900011,0,0,0
124900012,0,0,0
124900013,0,0,0
124900014,0,0,0
124900015,6,29,-23
124900016,41,18,23
124900017,78,101,-23
124900018,6,0,6
124900020,40,3,37
124900021,42,32,10
124900022,3,0,3
124900024,66,0,66
124900026,6,1,5
124900027,0,0,0
124900028,0,0,0
124900029,0,0,0
124900030,0,0,0
124900031,0,0,0
124900032,0,0,0
124900033,0,0,0
124900034,0,0,0
124900035,0,0,0
124900036,0,0,0
124900037,0,0,0
124900038,0,0,0
124900039,0,0,0
124900040,0,0,0
124900041,0,0,0
124900042,0,0,0
124900043,0,0,0
124900044,0,0,0
124900045,0,0,0
124900046,0,0,0
124900047,0,0,0
124900048,0,0,0
124900050,0,0,0
124900052,0,0,0
124900053,0,0,0
124900054,0,0,0
124900055,0,0,0
124900057,0,0,0
124900060,0,0,0
124900061,12,0,12
124900062,20,0,20
124900066,0,0,0
124900067,0,0,0
124900068,0,0,0
124900070,0,0,0
124900072,0,0,0
124900074,0,0,0
124900075,0,0,0
124900076,0,0,0
124900077,0,0,0
124900078,0,0,0
124900079,0,0,0
124900080,0,0,0
124900081,0,0,0
124900082,0,0,0
124900083,0,0,0
124900084,0,0,0
124900085,0,0,0
124900086,0,0,0
124900087,0,0,0
124900088,0,0,0
124900089,0,0,0
124900090,23,3,20
124900091,0,0,0
124900092,0,0,0
124900093,22,7,15
124900094,99,5,94
124900095,2,30,-28
124900096,63,15,48
124900097,59,6,53
124900098,0,0,0
124900099,0,0,0
124900100,33,1,32
124900101,12,0,12
124900102,54,0,54
124900103,0,0,0
124900104,0,0,0
124900105,0,0,0
124900106,41,6,35
124900107,13,7,6
124900108,0,0,0
124900109,0,0,0
124900110,0,0,0
124900111,0,0,0
124900112,0,0,0
124900113,0,0,0
124900114,0,0,0
124900115,0,0,0
124900116,50,22,28
124900117,0,0,0
124900118,3,22,-19
124900119,0,0,0
124900120,0,0,0
124900121,0,0,0
124900122,0,0,0
124900123,0,0,0
124900124,0,0,0
129000186,42,45,-3
204000001,25,1,24
204000002,5,5,0
204000003,9,1,8
204000004,20,3,17
204000005,445,556,-111
204000006,962,1663,-701
204000008,744,182,562
204000011,0,0,0
204000012,0,0,0
204000013,0,0,0
204000019,1170,355,815
204000020,365,272,93
204000021,455,342,113
204000022,906,407,499
204000023,0,0,0
204000031,3,2,1
204000032,77,5,72
204000034,0,0,0
204000035,0,0,0
204000036,0,0,0
204000037,0,0,0
204000038,0,0,0
204000039,0,0,0
204000040,0,0,0
204000041,0,0,0
204000042,4,3,1
204000043,11,11,0
204000044,3,2,1
204000045,43,8,35
204000046,3,0,3
204000057,0,0,0
204000062,0,0,0
204000068,0,0,0
204000069,0,0,0
204000070,73,62,11
204000080,0,0,0
204000085,0,0,0
204000086,0,0,0
204000087,12,12,0
204000088,0,0,0
204000090,0,0,0
204000093,424,9,415
204000096,802,286,516
204000097,253,0,253
204000099,1098,1600,-502
204000100,1209,585,624
204000105,0,0,0
204000110,0,0,0
204000111,0,0,0
204000112,0,0,0
204000113,0,0,0
204000114,384,576,-192
204000115,299,191,108
204000116,148,322,-174
204000119,1933,727,1206
204000132,603,311,292
204000133,862,58,804
204000134,158,32,126
204000135,555,26,529
204000136,334,93,241
204000138,193,440,-247
204000140,164,228,-64
204000141,173,57,116
204000144,0,8,-8
204000145,137,7,130
204000146,0,0,0
204000147,0,0,0
204000148,68,15,53
204000154,6,1,5
204000155,0,0,0
204000177,78,12,66
204000179,4,7,-3
204000180,0,0,0
204000222,0,0,0
204000235,0,0,0
204000236,8,10,-2
204000238,10,1,9
204000240,42,2,40
204000263,0,0,0
204000308,40,2,38
204000317,0,0,0
204000322,0,0,0
204000323,1,0,1
204000328,231,28,203
204000329,0,0,0
204000330,26,2,24
204000331,0,0,0
204010341,4,52,-48
205000001,0,0,0
205000013,0,0,0
205000014,0,0,0
205000015,0,0,0
205000016,0,0,0
205000017,0,0,0
205000022,0,0,0
205000025,0,0,0
205000029,119,19,100
205000045,0,0,0
205000047,0,0,0
205000048,0,0,0
205000049,0,0,0
205000050,0,0,0
205000059,0,0,0
205000060,0,0,0
205000061,0,0,0
205000062,0,0,0
205000063,0,0,0
205000064,0,0,0
205000065,0,0,0
205000066,0,0,0
205000067,0,0,0
205000069,68,45,23
205000082,55,88,-33
205000110,0,0,0
205000111,0,0,0
205000112,51,88,-37
205000113,0,0,0
205000121,69,50,19
205000123,0,0,0
205000126,934,87,847
205000127,967,23,944
205000128,440,35,405
205000129,413,67,346
205000130,38,31,7
205000131,47,13,34
205000132,25,2,23
205000133,9,1,8
205000134,209,0,209
205000137,0,0,0
205000138,0,0,0
205000139,0,0,0
205000144,3,33,-30
205000145,147,20,127
205000151,36,31,5
205000152,43,43,0
205000153,101,25,76
205000154,53,27,26
205000155,57,10,47
205000207,0,0,0
205000233,26,14,12
205000234,0,0,0
205000243,0,0,0
205000244,0,0,0
205000245,0,0,0
205000249,0,0,0
205000250,1,1,0
205000251,0,0,0
205000264,0,0,0
206000027,2,0,2
206000028,12,21,-9
206000043,1,37,-36
206000053,0,0,0
206000054,0,0,0
206000055,0,0,0
206000075,0,24,-24
206000076,6,6,0
206000077,20,2,18
206000078,3,3,0
206000079,6,3,3
206000082,89,119,-30
206000100,1,169,-168
206000103,0,0,0
206000104,0,0,0
206000105,0,0,0
206000106,0,0,0
206000108,300,151,149
206000125,104,0,104
206000157,0,0,0
206000170,0,0,0
206000171,0,37,-37
206000172,2,28,-26
206000173,1,10,-9
206000174,2,4,-2
206000175,0,12,-12
206000176,0,22,-22
206000177,0,5,-5
206000178,0,10,-10
206000179,0,23,-23
206000180,0,31,-31
206000181,0,18,-18
206000182,9,20,-11
206000183,23,50,-27
206000184,0,2,-2
206000185,0,3,-3
206000186,0,29,-29
206000223,0,0,0
206000226,14,3,11
206000227,3,0,3
206000237,0,7,-7
206000238,0,13,-13
206000239,2,126,-124
206000240,0,0,0
206000241,1,83,-82
206000242,0,0,0
206000243,0,0,0
206000244,0,1,-1
206000245,621,31,590
206000246,211,8,203
206000247,237,15,222
206000248,296,3,293
206000252,23,46,-23
206000258,0,0,0
206000315,32,9,23
206000317,307,131,176
206000318,205,15,190
206000319,969,28,941
206000320,310,14,296
206000321,318,12,306
206000322,387,17,370
206000323,157,12,145
206000324,157,9,148
206000325,138,1,137
206000326,125,19,106
206000327,3,21,-18
206000328,145,4,141
206000329,245,0,245
206000330,44,0,44
206000331,276,4,272
206000332,49,0,49
206000333,562,1,561
206000334,232,0,232
206000335,0,0,0
206000361,0,0,0
206000392,0,0,0
206000405,120,0,120
206000441,53,66,-13
206000498,9,0,9
206000515,65,36,29
206000530,145,28,117
206000531,165,80,85
206000532,433,71,362
206000535,14,215,-201
206000536,1,23,-22
206000537,1,9,-8
206000613,523,149,374
207000001,0,0,0
207000002,0,0,0
207000003,0,0,0
207000007,1057,180,877
207000008,154,0,154
207000009,71,5,66
207000010,60,200,-140
207000012,432,102,330
207000015,52,214,-162
207000019,150,34,116
207000021,246,224,22
207000022,154,99,55
207000023,147,36,111
207000024,1,14,-13
207000025,16,26,-10
207000026,0,0,0
207000027,0,0,0
207000028,0,0,0
207000029,0,0,0
207000033,110,244,-134
207000034,114,93,21
207000039,557,52,505
207000040,293,47,246
207000041,137,11,126
207000042,236,6,230
207000043,158,72,86
207000051,0,0,0
207000052,0,0,0
207000053,0,0,0
207000054,0,0,0
207000055,0,0,0
207000056,0,0,0
207000057,0,0,0
207000058,0,0,0
207000059,0,0,0
207000060,0,0,0
207000061,153,1134,-981
207000062,325,31,294
207000063,414,14,400
207000064,335,50,285
207000065,246,67,179
207000066,262,77,185
207000067,151,35,116
207000068,124,8,116
207000069,523,163,360
207000082,2,214,-212
207000083,51,129,-78
207000084,303,97,206
207000085,188,32,156
207000086,324,7,317
207000106,76,10,66
207000107,175,9,166
207000108,58,5,53
207000109,66,3,63
207000110,44,8,36
207000111,110,3,107
207000112,73,159,-86
207000114,0,0,0
207000115,0,0,0
207000116,0,0,0
207000117,0,0,0
207000118,0,0,0
207000119,0,0,0
207000123,126,0,126
207000124,116,17,99
207000125,49,4,45
207000126,52,4,48
207000134,145,132,13
207000135,27,320,-293
207000148,68,143,-75
207000149,0,0,0
207000152,0,0,0
207000153,0,0,0
207000154,190,53,137
207000159,0,0,0
207000160,0,0,0
207000238,0,0,0
207000242,0,0,0
207000248,0,0,0
207000249,0,0,0
207000250,0,0,0
207000251,0,0,0
207000252,0,0,0
207000278,99,58,41
207000279,0,0,0
207000280,759,35,724
207000281,48,144,-96
207000282,18,152,-134
207000283,0,5,-5
207000284,20,341,-321
207000285,2,75,-73
207000291,0,0,0
207000304,81,16,65
207000306,0,0,0
207000310,116,35,81
207000353,27,0,27
207000356,0,0,0
207000357,0,117,-117
207000358,1,14,-13
207000415,0,0,0
207000417,20,0,20
207000418,2,13,-11
207000437,0,0,0
207000439,317,112,205
207000446,40,0,40
207000460,77,0,77
207000466,0,0,0
207000467,124,38,86
207000468,0,0,0
207000476,12,18,-6
207000477,167,23,144
207000523,0,0,0
207000524,6,1,5
207000527,154,60,94
207000530,162,1,161
207000531,60,4,56
207000532,19,3,16
207000534,65,30,35
207000535,0,0,0
207000537,0,0,0
207000540,0,0,0
207000541,0,0,0
207000548,0,0,0
207000549,80,5,75
207000561,162,7,155
207000562,0,0,0
207000567,0,0,0
207000568,92,4,88
207000569,234,10,224
207000584,0,0,0
207000585,9,15,-6
207000616,0,0,0
207000617,96,0,96
207900008,405,56,349
208000001,361,515,-154
208000002,441,394,47
208000003,502,466,36
208000004,487,327,160
208000005,0,0,0
208000019,753,194,559
208000020,230,126,104
208000021,36,87,-51
208000022,152,83,69
208000028,57,711,-654
208000033,62,32,30
208000034,128,284,-156
208000040,58,82,-24
208000041,146,280,-134
208000042,422,340,82
208000047,0,0,0
208000064,996,1034,-38
208000066,604,1266,-662
208000070,187,295,-108
208000071,529,168,361
208000072,554,379,175
208000080,196,141,55
208000081,183,50,133
208000082,5,1,4
208000083,4,2,2
208000084,12,45,-33
208000085,26,12,14
208000086,22,5,17
208000087,23,34,-11
208000089,0,0,0
208000090,0,0,0
208000093,0,0,0
208000094,73,109,-36
208000095,207,44,163
208000104,1145,293,852
208000105,592,347,245
208000114,24,510,-486
208000115,274,256,18
208000116,498,960,-462
208000117,2,36,-34
208000118,84,192,-108
208000155,32,67,-35
208000158,130,235,-105
208000186,581,1070,-489
208000204,54,89,-35
208000205,132,106,26
208000282,47,79,-32
209000004,210,51,159
209000005,29,6,23
209000006,282,67,215
209000007,174,163,11
209000010,0,0,0
209000011,0,0,0
209000012,0,0,0
209000013,0,0,0
209000014,0,0,0
209000025,213,11,202
209000026,563,41,522
209000027,0,0,0
209000028,0,0,0
209000029,0,0,0
209000030,0,0,0
209000031,0,0,0
209000034,96,103,-7
209000035,230,147,83
209000036,437,58,379
209000037,401,104,297
209000038,204,42,162
209000039,130,35,95
209000040,173,27,146
209000041,125,39,86
209000042,115,31,84
209000043,215,44,171
209000044,206,132,74
209000045,426,94,332
209000046,456,84,372
209000047,347,29,318
209000048,937,256,681
209000049,0,0,0
209000050,0,0,0
209000051,0,0,0
209000052,0,0,0
209000062,0,0,0
209000063,0,0,0
209000064,0,0,0
209000065,161,38,123
209000066,103,22,81
209000067,132,25,107
209000080,0,0,0
209000082,33,8,25
209000091,0,0,0
209000093,0,0,0
209000094,0,0,0
209000110,40,64,-24
209000111,263,607,-344
209000112,549,180,369
209000113,723,164,559
209000114,315,174,141
209000115,0,0,0
209000116,0,0,0
209000118,5,53,-48
209000119,0,0,0
209000121,0,0,0
209000135,15,28,-13
209000142,331,441,-110
209000143,0,0,0
209000144,20,49,-29
209000229,206,14,192
209000240,0,0,0
209000259,0,0,0
209000260,0,0,0
209000261,0,0,0
209000262,0,0,0
209000263,0,0,0
209000264,0,0,0
209000265,149,0,149
209000266,33,5,28
209000267,790,1,789
209000268,523,43,480
210000037,88,1,87
210000047,51,44,7
210000048,12,8,4
210000049,40,7,33
210000052,0,0,0
210000053,0,0,0
210000054,0,0,0
210000070,86,2,84
210000071,60,0,60
210000072,20,0,20
210000073,0,0,0
210000074,0,0,0
210000075,0,0,0
210000076,0,0,0
210000077,0,0,0
210000078,0,0,0
210000079,8,6,2
210000080,55,70,-15
210000081,44,11,33
210000082,9,6,3
210000083,35,13,22
210000084,69,0,69
210000085,0,0,0
210000086,0,0,0
210000099,0,0,0
210000100,0,0,0
210000101,0,0,0
210000105,0,0,0
210000159,0,0,0
210000163,0,0,0
210000164,124,27,97
210000168,57,3,54
210000187,0,0,0
210000188,0,0,0
210000214,34,0,34
210000219,39,17,22
210000220,92,26,66
210000232,0,0,0
210000233,0,0,0
210000234,0,0,0
210000235,0,0,0
210000245,0,0,0
210000246,31,1,30
210000258,0,0,0
210000259,95,8,87
210000282,0,0,0
210000285,0,0,0
210000286,0,0,0
210000290,0,0,0
210000295,0,0,0
210000296,0,0,0
210000320,169,41,128
210000321,53,6,47
210000338,0,0,0
210000339,0,0,0
210000340,0,0,0
210000341,0,0,0
210000342,0,0,0
210000343,0,0,0
210000344,0,0,0
210000345,0,0,0
210000346,0,0,0
210000347,0,0,0
210000348,0,0,0
210000349,0,0,0
210000350,0,0,0
210000351,0,0,0
210000352,53,12,41
210000353,62,35,27
210000354,55,20,35
210000355,10,44,-34
210000356,25,63,-38
210000357,79,90,-11
210000358,89,102,-13
210000359,30,34,-4
210000360,140,42,98
210000361,114,52,62
210000362,174,84,90
210000363,445,75,370
210000364,197,59,138
210000365,173,49,124
210000366,190,20,170
210000367,50,15,35
210000368,53,6,47
210000369,86,40,46
210000370,113,8,105
210000372,16,15,1
210000373,4,20,-16
210000374,20,20,0
210000375,15,25,-10
210000376,43,70,-27
210000404,0,0,0
210000439,24,5,19
210000472,21,1,20
210000482,29,24,5
210000564,243,80,163
210000567,0,7,-7
210000568,120,0,120
211000092,40,16,24
211000094,2,1,1
211000169,80,7,73
211000172,3,72,-69
211000209,0,1,-1
211000226,0,0,0
211000270,0,0,0
211000275,5,16,-11
211000276,58,1,57
211000279,7,6,1
211000281,5,7,-2
211507980,0,6,-6
211977296,2,0,2
212000003,261,44,217
212000004,0,0,0
212000005,0,0,0
212000006,0,0,0
212000008,0,0,0
212000009,0,0,0
212000012,0,0,0
212000013,0,0,0
212000014,0,0,0
212000015,0,0,0
212000016,0,0,0
212000027,621,146,475
212000028,313,235,78
212000029,206,307,-101
212000030,24,33,-9
212000031,90,26,64
212000048,0,0,0
212000049,0,0,0
212000050,0,0,0
212000051,0,0,0
212000052,0,0,0
212000053,0,0,0
212000054,325,23,302
212000055,419,57,362
212000056,4,24,-20
212000057,1,18,-17
212000058,16,8,8
212000070,0,0,0
212000077,0,0,0
212000099,424,68,356
212000108,336,115,221
212000111,511,53,458
212000120,0,0,0
212000138,0,0,0
212000156,0,0,0
212000158,1,57,-56
212000159,816,57,759
212000160,868,84,784
212000161,131,38,93
212000310,0,0,0
212000311,15,71,-56
212000374,0,0,0
213000001,2,422,-420
213000005,205,24,181
213000006,259,43,216
213000007,42,4,38
213000009,197,157,40
213000010,424,131,293
213000011,172,52,120
213000012,0,3,-3
213000014,120,18,102
213000015,279,3,276
213000016,259,0,259
213000017,81,1,80
213000018,0,1,-1
213000019,0,6,-6
213000020,10,16,-6
213000021,0,2,-2
213000023,598,198,400
213000033,48,185,-137
213000034,605,131,474
213000035,205,213,-8
213000045,73,96,-23
213000046,13,46,-33
213000047,62,556,-494
213000056,82,6,76
213000069,11,0,11
213000073,0,0,0
213000074,0,76,-76
213000075,353,4,349
213000085,0,0,0
213000086,0,0,0
213000091,127,2,125
213000092,17,0,17
213000099,0,229,-229
213000100,586,199,387
213000101,423,75,348
213000102,279,49,230
213000103,348,165,183
213000104,18,86,-68
213000105,0,58,-58
213000106,3,12,-9
213000107,44,8,36
213000108,0,33,-33
213000109,0,22,-22
213000110,2,67,-65
213000111,0,9,-9
213000112,4,81,-77
213000115,18,2,16
213000116,3,50,-47
213000117,0,90,-90
213000118,626,238,388
213000119,0,21,-21
213000120,3,7,-4
213000122,2,60,-58
213000123,4,94,-90
213000124,19,33,-14
213000125,160,80,80
213000126,1,4,-3
213000127,1,27,-26
213000128,10,111,-101
213000129,172,689,-517
213000130,654,507,147
213000132,309,138,171
213000133,702,35,667
213000134,920,6,914
213000136,525,12,513
213000137,429,78,351
213000139,94,2,92
213000147,22,0,22
213000148,1,0,1
213000149,2,0,2
213000150,0,0,0
213000151,0,0,0
213000152,0,0,0
213000153,0,0,0
213000154,0,0,0
213000155,0,0,0
213000156,0,0,0
213000157,0,0,0
213000158,45,82,-37
213000159,1159,137,1022
213000163,814,118,696
213000165,441,113,328
213000171,0,0,0
213000172,0,0,0
213000173,0,0,0
213000174,0,0,0
213000175,0,0,0
213000176,303,42,261
213000177,270,3,267
213000178,244,3,241
213000179,170,0,170
213000180,160,1,159
213000184,5,42,-37
213000188,444,9,435
213000189,283,5,278
213000190,169,5,164
213000191,264,4,260
213000192,172,1,171
213000193,2,2,0
213000194,0,0,0
213000195,0,0,0
213000196,0,0,0
213000197,577,289,288
213000198,8,1,7
213000200,13,42,-29
213000201,0,4,-4
213000202,8,58,-50
213000203,886,283,603
213000204,884,9,875
213000205,507,21,486
213000206,484,5,479
213000207,3,8,-5
213000208,3,0,3
213000209,36,0,36
213000210,24,0,24
213000211,0,0,0
213000212,0,0,0
213000213,0,0,0
213000218,154,310,-156
213000219,204,29,175
213000220,434,2,432
213000223,109,145,-36
213000224,6,56,-50
213000225,81,18,63
213000226,64,6,58
213000227,839,190,649
213000228,460,37,423
213000229,60,14,46
213000230,195,2,193
213000232,3,269,-266
213000233,0,0,0
213000234,0,0,0
213000293,0,0,0
213000294,80,8,72
213000295,0,0,0
213000296,46,12,34
213000297,0,0,0
213000298,0,0,0
213000299,9,13,-4
213000300,1,21,-20
213000303,0,0,0
213000304,0,0,0
213000305,3,14,-11
213000306,0,0,0
213000307,23,12,11
213000308,0,0,0
213000309,91,17,74
213000310,160,59,101
213000311,7,154,-147
213000315,0,0,0
213000316,157,10,147
213000322,22,6,16
213000323,69,3,66
213000324,70,0,70
213000325,64,1,63
213000326,29,0,29
213000327,82,9,73
213000328,14,35,-21
213000329,48,2,46
213000340,0,12,-12
213000341,565,42,523
213000347,96,309,-213
213000348,0,5,-5
213000349,0,0,0
213000350,59,102,-43
213000366,1,54,-53
213000367,359,11,348
213000379,3,6,-3
213000386,1,37,-36
213000406,5,28,-23
213000417,899,184,715
213000425,134,28,106
213000426,53,2,51
213000427,52,19,33
213000428,36,14,22
213000429,2,7,-5
213000430,5,2,3
213000431,1,1,0
213000432,0,286,-286
213000433,1,1,0
213000434,22,12,10
213000435,20,4,16
213000436,38,6,32
213000437,0,7,-7
213000438,81,12,69
213000439,1,11,-10
213000440,2,45,-43
213000441,1,16,-15
213000442,0,1,-1
213000443,372,270,102
213000444,8,1,7
213000445,0,26,-26
213000446,0,168,-168
213000447,1,46,-45
213000448,3,7,-4
213000449,399,3,396
213000450,0,2,-2
213000451,50,17,33
213000452,0,5,-5
213000453,0,0,0
213000455,3,0,3
213000456,0,2,-2
213000481,3,0,3
213000484,5,0,5
213000489,24,17,7
213900002,0,0,0
213900003,18,0,18
213900013,0,2,-2
213900015,0,0,0
213900016,5,1,4
213900020,0,2,-2
213900030,0,6,-6
213900032,87,32,55
213900033,90,25,65
213900034,325,14,311
213900035,5,20,-15
213900036,0,5,-5
213900037,1,6,-5
213900038,399,62,337
213900039,0,0,0
213900041,0,0,0
213900042,41,182,-141
213900043,135,32,103
213900244,42,0,42
213900245,0,0,0
218000003,0,0,0
218000004,0,0,0
218000005,7,31,-24
218000006,43,23,20
218000007,2,4,-2
218000012,22,43,-21
218000013,8,103,-95
218000014,53,77,-24
218000019,97,32,65
218000020,150,23,127
218000021,0,0,0
218000022,0,0,0
218000023,0,0,0
218000024,0,0,0
218000025,0,0,0
218000026,0,0,0
218000027,0,0,0
218000028,0,0,0
218000029,0,0,0
218000030,0,0,0
218000031,0,0,0
218000032,0,0,0
218000040,1,1,0
218000046,59,90,-31
218000047,0,59,-59
218000048,58,24,34
218000049,30,17,13
218000050,180,98,82
218000051,16,83,-67
218000052,0,18,-18
218000053,0,1,-1
218000054,1,27,-26
218000055,0,6,-6
218000056,9,71,-62
218000057,0,33,-33
218000064,0,5,-5
218000065,95,3,92
218000066,8,12,-4
218000067,10,46,-36
218000068,18,40,-22
218000069,95,36,59
218000070,74,33,41
218000071,52,30,22
218000072,27,18,9
218000078,41,33,8
218000079,177,43,134
218000080,105,24,81
218000081,524,53,471
218000082,100,47,53
218000083,0,0,0
218000084,0,0,0
218000085,0,0,0
218000086,0,0,0
218000087,0,0,0
218000090,2,52,-50
218000091,651,258,393
218000092,106,21,85
218000093,62,19,43
218000094,0,0,0
218000099,77,175,-98
218000100,106,89,17
218000101,64,89,-25
218000102,141,66,75
218000103,15,21,-6
218000104,78,18,60
218000105,0,0,0
218000106,0,0,0
218000107,0,0,0
218000108,0,0,0
218000112,0,0,0
218000117,19,34,-15
218000134,22,22,0
218000135,14,25,-11
218000136,6,2,4
218000137,27,5,22
218000138,0,0,0
218000139,57,10,47
218000140,256,183,73
218000141,61,12,49
218000142,169,38,131
218000143,39,85,-46
218000144,9,108,-99
218000145,287,134,153
218000146,79,79,0
218000151,6,17,-11
218000152,111,79,32
218000153,9,12,-3
218000154,2,3,-1
218000155,42,3,39
218000156,176,6,170
218000157,130,5,125
218000158,10,2,8
218000159,2,1,1
218000160,12,2,10
218000161,48,1,47
218000162,112,3,109
218000163,39,2,37
218000164,204,1,203
218000165,200,36,164
218000170,4,85,-81
218000171,48,9,39
218000172,2,20,-18
218000173,5,10,-5
218000174,15,11,4
218000176,484,10,474
218000177,387,14,373
218000178,151,26,125
218000179,402,8,394
218000180,96,1,95
218000181,247,15,232
218000187,0,0,0
218000188,0,0,0
218000189,0,0,0
218000190,0,0,0
218000191,0,0,0
218000192,0,0,0
218000193,0,0,0
218000194,0,0,0
218000195,104,61,43
218000196,322,109,213
218000197,586,109,477
218000198,20,36,-16
218000199,40,2,38
218000200,31,7,24
218000201,11,1,10
218000202,0,0,0
218000207,0,0,0
218000208,0,0,0
218000211,18,2,16
218000212,0,0,0
218000213,75,55,20
218000214,2,39,-37
218000215,43,25,18
218000217,2,23,-21
218000218,99,308,-209
218000219,1,66,-65
218000220,28,200,-172
218000221,270,233,37
218000222,0,12,-12
218000223,103,792,-689
218000224,18,344,-326
218000225,441,97,344
218000226,418,38,380
218000230,0,0,0
218000232,4,4,0
218000239,47,0,47
218000240,14,0,14
218000241,0,0,0
218000242,0,0,0
218000243,0,0,0
218000244,4,0,4
218000245,0,0,0
218000246,0,1,-1
218000247,0,1,-1
218000248,0,0,0
218000249,0,0,0
218000250,0,0,0
218000251,0,2,-2
218000252,0,0,0
218000253,0,0,0
218000254,0,0,0
218000255,0,0,0
218000256,0,0,0
218000267,0,0,0
218000268,0,0,0
218000269,0,0,0
218000270,0,0,0
218000271,0,0,0
218000273,71,6,65
218000274,47,2,45
218000275,22,32,-10
218000276,12,16,-4
218000278,0,17,-17
218000279,13,2,11
218000280,1,0,1
218000281,1,4,-3
218000282,49,214,-165
218000284,41,7,34
218000301,0,0,0
218000302,85,7,78
218000303,0,0,0
218000316,778,300,478
218000317,1305,181,1124
218000318,783,142,641
218000319,5,20,-15
218000320,0,0,0
218000338,16,27,-11
218000345,0,0,0
218000346,2,113,-111
218000459,20,97,-77
218000490,0,0,0
218000501,51,14,37
218000502,0,0,0
218000503,59,3,56
218000504,105,7,98
218000505,0,0,0
218000506,0,0,0
218000508,0,0,0
218000510,59,21,38
218000520,101,75,26
218000521,0,4,-4
218000522,0,8,-8
218000523,47,0,47
218000524,0,49,-49
218000525,49,1,48
218000526,0,74,-74
218000529,1,18,-17
218000530,66,3,63
218000531,62,3,59
218000532,0,0,0
218000534,83,5,78
218000537,25,72,-47
218000538,49,83,-34
218000540,0,0,0
218000543,35,30,5
218000544,0,0,0
218000545,29,5,24
218000546,0,0,0
218000547,35,45,-10
218000548,0,0,0
218000549,442,25,417
218000550,1,16,-15
218000551,8,83,-75
218000552,96,19,77
218000553,0,0,0
218000554,0,0,0
218000555,19,8,11
218000556,2,0,2
218000557,231,25,206
218000558,26,1,25
218000559,0,28,-28
218000560,0,8,-8
218000561,3,0,3
218000562,0,36,-36
218000563,91,6,85
218000564,0,43,-43
218000565,53,3,50
218000566,17,3,14
218000567,0,40,-40
218000568,0,0,0
218000569,0,31,-31
218000570,3,2,1
218000571,0,10,-10
218000572,25,1,24
218000573,2,53,-51
218000574,2,4,-2
218000575,51,2,49
218000576,2,91,-89
218000577,28,1,27
218000578,0,64,-64
218000579,25,8,17
218000581,0,0,0
218000582,24,0,24
218000583,2,0,2
218000584,0,0,0
218000585,13,3,10
218000586,41,10,31
218000587,0,0,0
218000588,0,0,0
218000589,0,0,0
218000590,0,0,0
218000591,0,0,0
218000592,0,0,0
218000593,0,0,0
218000594,0,0,0
218000595,0,0,0
218000596,0,0,0
218000597,0,0,0
218000598,0,0,0
218000599,0,0,0
218000600,0,0,0
218000601,0,0,0
218000602,0,0,0
218000603,0,20,-20
218000604,1,0,1
218000605,0,6,-6
218000606,3,0,3
218000607,0,12,-12
218000608,8,5,3
218000609,1,25,-24
218000610,40,14,26
218000611,13,0,13
218000612,0,8,-8
218000613,49,1,48
218000614,0,1,-1
218000615,57,0,57
218000616,0,8,-8
218000617,12,4,8
218000618,0,2,-2
218000619,19,1,18
218000620,1,1,0
218000621,0,0,0
218000622,0,18,-18
218000623,0,0,0
218000624,0,37,-37
218000625,21,0,21
218000626,0,14,-14
218000628,73,27,46
218000631,45,2,43
218000632,0,28,-28
218000633,13,1,12
218000634,0,0,0
218000635,0,2,-2
218000636,24,30,-6
218000637,461,129,332
218000638,560,39,521
218000639,2,26,-24
218000640,313,7,306
218000641,43,61,-18
218000652,20,38,-18
218000653,373,46,327
218000663,1,9,-8
218000675,1,7,-6
218000676,0,0,0
218000677,87,0,87
218000680,25,16,9
218000681,233,12,221
218000691,11,10,1
218000693,204,13,191
218000703,0,0,0
218000718,1,61,-60
218000719,5,38,-33
218000720,0,29,-29
218000721,3,4,-1
218000725,0,0,0
218001214,0,1,-1
218001329,16,43,-27
218001330,0,0,0
218001351,5,4,1
218001352,2,0,2
218001353,0,2,-2
218001354,0,2,-2
219000001,0,0,0
219000002,0,0,0
219000003,18,32,-14
219000004,19,91,-72
219000017,39,59,-20
219000020,132,18,114
219000022,116,0,116
219000023,33,0,33
219000029,0,0,0
219000034,42,27,15
219000039,0,0,0
219000040,8,50,-42
219000041,57,29,28
219000051,0,0,0
219000052,0,0,0
219000053,0,0,0
219000054,0,0,0
219000055,131,0,131
219000056,0,0,0
219000057,47,0,47
219000062,0,0,0
219000063,34,2,32
219000064,0,0,0
219000110,170,102,68
219000111,85,91,-6
219000112,91,17,74
219000113,160,22,138
219000114,134,5,129
219000116,55,23,32
219000117,97,12,85
219000118,64,44,20
219000123,89,0,89
219000124,10,0,10
219000125,0,0,0
219000126,0,0,0
219000127,0,0,0
219000128,0,0,0
219000129,0,0,0
219000130,0,0,0
219000131,530,861,-331
219000133,13,21,-8
219000134,6,26,-20
219000135,3,20,-17
219000136,37,116,-79
219000138,45,11,34
219000139,47,0,47
219000140,100,1,99
219000141,25,0,25
219000142,22,0,22
219000143,0,0,0
219000145,4,3,1
219000146,0,0,0
219000147,0,0,0
219000148,0,0,0
219000149,0,0,0
219000150,0,0,0
219000151,0,0,0
219000157,168,58,110
219000158,68,17,51
219000161,62,6,56
219000163,228,218,10
219000166,83,47,36
219000167,12,10,2
219000168,102,45,57
219000174,338,46,292
219000175,156,0,156
219000176,63,11,52
219000177,39,2,37
219000178,109,0,109
219000179,17,40,-23
219000180,9,7,2
219000182,72,2,70
219000183,14,7,7
219000184,23,1,22
219000185,0,0,0
219000186,63,5,58
219000187,34,1,33
219000189,0,0,0
219000190,0,0,0
219000191,0,0,0
219000192,191,222,-31
219000193,0,0,0
219000195,0,0,0
219000196,0,0,0
219000198,0,0,0
219000199,0,0,0
219000200,0,0,0
219000201,0,0,0
219000203,0,0,0
219000204,0,0,0
219000205,0,0,0
219000207,0,0,0
219000209,0,0,0
219000210,0,0,0
219000213,0,0,0
219000239,0,0,0
219000240,0,0,0
219000241,0,0,0
219000242,0,0,0
219000243,0,0,0
219000244,0,0,0
219000245,0,0,0
219000246,9,22,-13
219000247,199,43,156
219000248,280,277,3
219000249,18,82,-64
219000250,80,33,47
219000251,279,123,156
219000252,218,91,127
219000253,184,35,149
219000255,123,90,33
219000256,189,21,168
219000257,139,0,139
219000262,0,0,0
219000263,0,0,0
219000267,0,0,0
219000268,0,0,0
219000269,1,1,0
219000270,34,0,34
219000271,97,0,97
219000278,0,0,0
219000279,0,0,0
219000283,0,0,0
219000295,0,0,0
219000296,0,0,0
219000297,0,0,0
219000298,0,0,0
219000299,265,10,255
219000300,0,0,0
219000301,0,0,0
219000302,0,0,0
219000307,0,0,0
219000308,15,46,-31
219000311,224,13,211
219000312,222,38,184
219000313,242,16,226
219000314,0,0,0
219000315,242,24,218
219000316,364,17,347
219000317,72,23,49
219000320,0,0,0
219000321,0,0,0
219000323,0,0,0
219000325,0,0,0
219000326,0,0,0
219000327,0,0,0
219000328,0,0,0
219000329,101,89,12
219000330,13,6,7
219000331,32,6,26
219000332,74,38,36
219000333,19,0,19
219000335,38,0,38
219000337,28,0,28
219000338,15,0,15
219000344,0,0,0
219000345,0,0,0
219000346,0,0,0
219000348,0,0,0
219000349,0,0,0
219000350,0,0,0
219000351,0,0,0
219000352,21,121,-100
219000353,81,93,-12
219000354,211,64,147
219000355,103,50,53
219000356,245,728,-483
219000363,85,15,70
219000364,152,12,140
219000365,25,6,19
219000366,136,305,-169
219000368,76,459,-383
219000370,262,719,-457
219000371,0,0,0
219000382,4,4,0
219000383,0,0,0
219000385,0,0,0
219000386,0,0,0
219000387,0,0,0
219000390,2,0,2
219000391,3,0,3
219000397,0,0,0
219000398,12,21,-9
219000401,0,0,0
219000402,0,0,0
219000403,0,0,0
219000404,0,0,0
219000407,0,0,0
219000409,73,36,37
219000410,46,1,45
219000411,49,0,49
219000446,0,0,0
219000447,0,0,0
219000448,6,20,-14
219000452,37,31,6
219000453,0,0,0
219000454,133,275,-142
219000556,190,16,174
219000558,0,0,0
219000590,0,0,0
219000591,75,10,65
219000592,0,0,0
219000595,0,0,0
219000635,128,17,111
219000636,0,0,0
219000657,3,1,2
219000658,0,0,0
219000673,0,0,0
219000676,1,0,1
219000679,30,0,30
219000684,72,1,71
219000685,0,0,0
219000686,0,0,0
219000688,0,0,0
219000689,0,0,0
219000690,135,4,131
219000691,7,0,7
219000692,39,7,32
219000693,0,0,0
219000694,24,0,24
219000695,4,4,0
219000698,8,0,8
219000699,0,0,0
219000727,0,0,0
219000728,18,1,17
219000770,2,10,-8
219000771,0,0,0
219001150,1,9,-8
219001151,0,0,0
219001166,4,12,-8
219001167,0,0,0
220000001,0,22,-22
220000002,3,29,-26
220000003,0,0,0
220000004,0,0,0
220000005,0,0,0
220000006,0,0,0
220000007,0,0,0
220000008,0,0,0
220000009,6,79,-73
220000010,4,6,-2
220000011,18,347,-329
220000012,6,75,-69
220000014,0,0,0
220000015,28,246,-218
220000017,29,56,-27
220000018,805,158,647
220000019,254,438,-184
220000020,65,60,5
220000021,211,105,106
220000022,451,98,353
220000023,55,40,15
220000024,181,232,-51
220000025,361,815,-454
220000026,114,622,-508
220000027,3,95,-92
220000028,51,68,-17
220000029,0,0,0
220000030,0,0,0
220000031,176,301,-125
220000064,0,0,0
221000046,0,0,0
221000047,0,0,0
221000048,0,0,0
221000049,0,0,0
221000050,1,0,1
221000055,0,0,0
221000057,112,2,110
221000068,253,176,77
221000069,236,75,161
221000070,162,21,141
221000071,106,20,86
221000072,267,12,255
221000073,147,13,134
221000074,0,0,0
221000075,0,0,0
221000076,0,0,0
221000077,0,0,0
221000081,32,1,31
221000082,40,0,40
221000083,2,22,-20
221000084,2,0,2
221000085,25,0,25
221000086,0,0,0
221000087,0,0,0
221000088,0,0,0
221000089,0,0,0
221000090,0,0,0
221000098,129,6,123
221000099,76,6,70
221000100,110,8,102
221000101,102,6,96
221000102,102,3,99
221000109,0,0,0
221000110,0,0,0
221000111,0,0,0
221000112,0,0,0
221000113,0,0,0
221000114,0,0,0
221000120,21,29,-8
221000121,0,20,-20
221000122,19,16,3
221000123,0,61,-61
221000124,12,68,-56
221000155,93,0,93
221000156,3,31,-28
221000175,1,38,-37
221000176,1,2,-1
221000182,40,0,40
221000241,379,258,121
221000242,0,0,0
221000243,260,92,168
221000244,0,0,0
221000245,56,14,42
221000246,0,0,0
221000247,186,13,173
221000248,0,0,0
221000267,12,142,-130
221000325,48,37,11
221000331,5,41,-36
221000338,7,8,-1
221000378,235,18,217
221000381,12,45,-33
222000282,0,0,0
222000296,3,24,-21
222000568,421,36,385
222000569,152,50,102
222000570,144,48,96
222000571,480,8,472
222000577,2,34,-32
222000578,0,53,-53
222000579,31,37,-6
222000580,14,233,-219
222000599,0,28,-28
222000600,0,37,-37
222000601,1,137,-136
222000603,10,28,-18
222000604,2,16,-14
222000605,0,34,-34
222000606,0,4,-4
222000607,0,1,-1
222000608,26,1,25
222000609,23,3,20
222000616,277,13,264
222000617,2,1,1
222000618,5,0,5
222000620,0,1,-1
222000621,2,8,-6
222000623,271,4,267
222000624,224,5,219
222000625,368,3,365
222000636,115,1,114
222000686,2,0,2
222000687,20,2,18
222001066,258,0,258
222001067,57,0,57
222001068,90,0,90
222001069,39,21,18
222001082,9,25,-16
222001083,8,29,-21
222001084,0,4,-4
222001085,0,48,-48
222001111,34,31,3
222001112,120,23,97
222001313,2,8,-6
222001314,0,31,-31
222001464,18,8,10
222001465,0,27,-27
222001484,88,2,86
222001485,5,3,2
222001494,523,19,504
222001495,25,59,-34
222001496,325,17,308
222001497,30,68,-38
222001502,0,0,0
222001503,28,4,24
222001504,0,0,0
222001505,249,4,245
222001506,0,0,0
222001507,68,5,63
222001510,538,27,511
222001511,0,0,0
222001514,262,49,213
222001515,0,0,0
222001518,323,25,298
222001519,0,0,0
222001527,37,13,24
222001528,0,0,0
222001529,404,11,393
222001530,0,0,0
222001533,0,0,0
222001534,377,6,371
222001535,70,29,41
222001536,26,46,-20
222001537,104,16,88
222001538,0,0,0
222001563,582,16,566
222001564,0,0,0
222001568,109,10,99
222001576,0,0,0
222001579,0,2,-2
222001583,1,15,-14
222001584,43,45,-2
222001596,37,198,-161
222001597,643,111,532
222001626,0,21,-21
222001650,2,21,-19
222001651,32,32,0
222001914,68,23,45
222001915,0,0,0
222900004,235,20,215
222900009,41,120,-79
222900019,63,43,20
222900024,47,3,44
222900025,0,10,-10
225000001,207,63,144
225000002,337,47,290
225000003,536,30,506
225000004,320,60,260
225000005,19,28,-9
225000006,0,0,0
225000007,0,0,0
225000010,88,7,81
225000011,77,1029,-952
225000012,120,671,-551
225000013,64,85,-21
225000014,441,39,402
225000015,1,4,-3
225000021,256,25,231
225000027,0,0,0
225000032,258,60,198
225000042,0,0,0
225000049,0,0,0
225000050,50,2,48
225000053,0,0,0
225000058,345,73,272
225000067,0,0,0
225000068,0,0,0
225000069,0,0,0
225000070,0,0,0
225000071,0,0,0
225000075,0,0,0
225000076,0,0,0
225000078,13,37,-24
225000085,25,48,-23
225000086,146,4,142
225000087,30,10,20
225000088,0,0,0
225000089,0,0,0
225000090,0,0,0
225000091,0,0,0
225000092,0,0,0
225000093,0,0,0
225000094,0,0,0
225000095,0,0,0
225000096,0,0,0
225000098,371,112,259
225000099,527,55,472
225000100,562,61,501
225000104,0,1,-1
225000110,0,0,0
225000111,0,0,0
225000112,3,1,2
225000113,0,4,-4
225000114,2,7,-5
225000115,16,10,6
225000116,196,107,89
225000117,467,206,261
225000118,908,196,712
225000119,81,9,72
225000120,301,4,297
225000121,107,12,95
225000123,742,11,731
225000125,167,55,112
225000126,429,100,329
225000127,532,890,-358
225000128,224,832,-608
225000132,376,18,358
225000133,126,17,109
225000134,239,132,107
225000135,70,0,70
225000136,209,1,208
225000137,163,27,136
225000138,517,11,506
225000143,0,0,0
225000144,0,0,0
225000145,49,36,13
225000146,0,0,0
225000147,0,0,0
225000148,0,0,0
225000149,0,0,0
225000151,0,0,0
225000155,0,0,0
225000156,3,14,-11
225000157,7,10,-3
225000158,0,0,0
225000171,0,0,0
225000180,20,13,7
225000181,0,0,0
225000182,52,6,46
225000185,0,0,0
225000187,0,0,0
225000191,0,0,0
225000194,0,0,0
225000208,0,0,0
225000209,17,9,8
225000210,0,0,0
225000217,0,0,0
225000218,22,0,22
225000223,0,0,0
225000224,15,0,15
225000225,0,0,0
225000226,90,0,90
225000227,0,0,0
225000228,0,22,-22
225000229,0,0,0
225000230,1,0,1
225000231,0,0,0
225000232,42,0,42
225000241,80,0,80
225000242,0,0,0
225000249,0,0,0
225000250,0,0,0
225000251,400,22,378
225000254,0,0,0
225000256,0,0,0
225000257,0,0,0
226000042,0,0,0
226000043,0,0,0
226000044,0,0,0
226000045,0,0,0
226000046,444,16,428
226000047,208,18,190
226000048,275,18,257
226000049,125,82,43
226000070,0,0,0
226000071,0,0,0
226000072,0,0,0
226000073,0,0,0
226000074,0,0,0
226000084,0,0,0
226000085,0,0,0
226000086,0,0,0
226000087,0,0,0
226000088,0,0,0
226000090,13,17,-4
226000091,0,26,-26
226000092,0,18,-18
226000093,0,0,0
226000094,2,1,1
226000095,2,13,-11
226000105,0,0,0
226000106,7,0,7
226000107,12,0,12
226000108,1,0,1
226000109,19,0,19
226000124,107,26,81
226000134,370,334,36
226000135,882,181,701
226000136,157,72,85
226000137,0,0,0
226000138,0,0,0
226000139,0,0,0
226000156,115,3,112
226000157,147,0,147
226000163,0,0,0
226000202,0,0,0
226000231,180,0,180
226000232,2,0,2
227000033,246,23,223
227000036,415,9,406
227000037,269,10,259
227000038,102,5,97
227000084,0,0,0
227000085,0,0,0
227000088,19,0,19
227000089,4,0,4
227000090,30,0,30
227000091,34,0,34
227000092,7,0,7
227000093,13,0,13
227000094,0,0,0
227000130,0,0,0
227000131,0,0,0
227000132,0,0,0
227000133,0,0,0
227000134,0,0,0
227000152,0,0,0
227000153,0,0,0
227000154,0,0,0
227000155,0,0,0
227000156,0,0,0
227000165,0,0,0
227000196,379,1,378
227000199,363,25,338
227000230,0,0,0
227000232,249,4,245
227000242,0,0,0
227000243,229,36,193
227000245,0,0,0
227000246,0,0,0
227000247,460,32,428
227000248,38,15,23
227000249,0,0,0
227000250,159,134,25
227000251,0,0,0
227000252,0,0,0
227000253,245,8,237
227000262,539,13,526
227000266,833,49,784
227000267,0,0,0
227000282,0,0,0
227000284,257,11,246
227000286,0,0,0
227000291,0,0,0
227000296,32,32,0
227000484,255,4,251
227000485,0,0,0
227000655,107,4,103
227000656,397,3,394
227000657,12,1,11
227000704,101,16,85
229000265,4,9,-5
229000266,0,0,0
229000267,18,0,18
229000268,2,1,1
229000269,15,0,15
229000274,0,0,0
229000275,0,0,0
229000276,0,0,0
229000277,0,0,0
229000278,0,0,0
229000295,0,0,0
229000296,0,0,0
229000297,0,0,0
229000298,1,0,1
229000320,3,1,2
229000321,0,0,0
229000412,3,2,1
229000414,0,0,0
229000415,1,0,1
229000416,3,0,3
229000417,0,0,0
229000419,4,25,-21
229000440,125,9,116
229000442,20,3,17
229000443,0,0,0
229000444,0,3,-3
229000445,42,0,42
229000446,5,1,4
229000491,0,0,0
229000492,0,0,0
229000493,0,0,0
229000494,57,1,56
229000495,155,5,150
229000496,145,1,144
229000507,0,0,0
229000508,0,0,0
229000509,0,0,0
229000510,0,0,0
229000511,0,0,0
229000512,0,0,0
229000513,0,0,0
229000514,0,0,0
229000517,0,0,0
229000518,0,0,0
229000519,0,0,0
229000520,0,0,0
229000521,77,12,65
229000522,6,3,3
229000523,9,2,7
229000524,9,0,9
229000527,2,1,1
229000528,0,1,-1
229000529,31,1,30
229000530,122,12,110
229000531,50,30,20
229000532,14,3,11
229000533,88,2,86
229000534,15,0,15
229000564,98,0,98
229000565,68,0,68
229000566,0,0,0
229000567,0,0,0
229000582,39,3,36
229000583,14,6,8
229000584,0,0,0
229000585,0,0,0
229000718,0,0,0
229000719,0,0,0
229000720,0,0,0
229000721,0,0,0
229000722,0,0,0
229000723,0,0,0
229000724,0,0,0
229000725,0,0,0
229000738,3,0,3
229000739,0,0,0
229000740,0,0,0
229000741,34,0,34
229000742,3,0,3
229000743,49,0,49
229000744,2,0,2
229000745,4,0,4
229000746,49,0,49
229000847,127,0,127
229000848,53,0,53
229000849,90,0,90
229000851,202,0,202
229000854,0,0,0
229000856,0,0,0
229000857,0,0,0
229000858,0,0,0
229000919,0,0,0
229000930,0,0,0
229000937,101,3,98
229000966,39,7,32
229000981,0,0,0
229000985,0,0,0
229000986,0,0,0
229000987,0,0,0
229000988,2,2,0
229000989,0,0,0
229000990,0,0,0
229000991,0,0,0
229000992,21,1,20
229000993,88,12,76
229000998,0,0,0
229000999,11,3,8
229001034,0,0,0
229001035,0,3,-3
229001036,0,0,0
229001037,17,19,-2
229001038,0,0,0
229001039,0,0,0
229001040,0,0,0
229001041,91,0,91
229001042,3,7,-4
229001047,3,1,2
229001050,14,12,2
229001168,0,0,0
229001200,23,2,21
229001338,0,0,0
229001394,52,0,52
229001422,156,18,138
229001423,0,0,0
229001431,32,7,25
229001432,0,0,0
229001444,45,11,34
229001445,5,16,-11
229001479,37,0,37
229001503,209,6,203
229001504,0,0,0
229001505,34,3,31
229001506,0,0,0
229001509,7,1,6
229001510,0,0,0
229001545,59,2,57
229001546,0,0,0
229001553,46,2,44
229001554,0,0,0
229001630,31,3,28
229001631,0,0,0
229001635,0,0,0
229001636,0,0,0
229001658,0,0,0
229001659,23,1,22
229001660,0,0,0
229001661,0,9,-9
229001662,13,0,13
229001663,0,0,0
229002584,49,37,12
229002831,44,5,39
229002841,0,5,-5
229002842,5,0,5
229002843,20,6,14
229002844,0,16,-16
229002845,1,21,-20
229002846,1,3,-2
229002847,0,2,-2
229002848,17,9,8
229002849,0,3,-3
229002850,1,0,1
229002851,1,47,-46
229002852,66,1,65
229002853,27,0,27
229002854,2,14,-12
229002855,0,3,-3
229002856,5,0,5
229002857,5,1,4
229002858,4,1,3
229002859,0,0,0
229002860,24,6,18
229002861,23,3,20
229002862,0,3,-3
229002863,0,0,0
229002864,25,67,-42
229002865,24,15,9
229002866,15,0,15
229002867,0,2,-2
229002868,2,7,-5
229002869,0,4,-4
229002870,8,7,1
235000066,51,1,50
235000067,35,5,30
235000072,0,0,0
235000073,0,0,0
235000074,0,0,0
235000080,0,0,0
235000081,0,0,0
235000082,84,25,59
235000083,133,39,94
235000084,5,4,1
235000085,151,12,139
235000089,15,1,14
235000092,0,0,0
235000093,0,0,0
235000097,0,0,0
235000098,62,0,62
235000099,6,2,4
235000116,13,1,12
235000117,51,4,47
235000133,0,0,0
235000134,0,0,0
235000206,4,1,3
235000207,0,0,0
235000208,0,0,0
235000209,9,1,8
235000210,9,0,9
235000212,0,0,0
235000213,0,0,0
235000220,0,0,0
235000221,0,0,0
235000238,9,158,-149
235000239,0,20,-20
235000242,69,832,-763
235000245,0,0,0
235000246,0,0,0
235000284,0,1,-1
235000295,19,5,14
235000305,98,2,96
235000306,217,2,215
235000307,2,0,2
235000308,13,0,13
235000309,26,0,26
235000310,36,0,36
235000311,20,0,20
235000322,0,0,0
235000323,0,0,0
235000324,0,0,0
235000325,0,0,0
235000326,0,0,0
235000351,0,0,0
235000352,1,2,-1
235000353,0,0,0
235000354,0,0,0
235000355,0,0,0
235000356,6,0,6
235000357,13,0,13
235000358,2,2,0
235000359,2,5,-3
235000360,2,0,2
235000361,20,0,20
235000381,0,0,0
235000382,132,10,122
235000390,1,1,0
235000391,170,2,168
235000392,194,37,157
235000393,109,35,74
235000395,111,8,103
235000396,346,17,329
235000400,98,30,68
235000401,0,0,0
235000405,0,0,0
235000406,0,0,0
235000407,0,0,0
235000409,0,0,0
235000410,0,0,0
235000411,0,0,0
235000485,0,0,0
235000486,0,0,0
235000549,35,5,30
235000550,0,0,0
235000599,0,0,0
235000600,0,0,0
235000601,4,3,1
235000602,44,3,41
235000614,0,0,0
235000648,0,0,0
235000649,68,2,66
235000685,0,0,0
235000815,1,0,1
235000834,0,0,0
235000855,49,12,37
235000862,0,0,0
235000891,0,0,0
235000892,6,0,6
235000901,0,0,0
235000907,0,0,0
235001010,58,2,56
235001029,0,0,0
235001030,161,22,139
235001078,75,47,28
235001079,0,0,0
235001147,2,21,-19
235001166,6,1,5
235001167,0,0,0
235001169,0,1,-1
235001188,0,0,0
235001189,1,0,1
235001197,0,0,0
235001200,0,0,0
235001208,2,1,1
235001209,0,0,0
235001210,0,0,0
235001239,0,0,0
235001244,0,0,0
235016267,0,0,0
241900007,40,1,39
277101746,0,1,-1
277102712,12,1,11
277103813,0,0,0
277103814,0,0,0
277103898,0,0,0
277104249,0,0,0
277104250,0,29,-29
277104251,0,0,0
277104252,0,15,-15
990011530,0,0,0
990014944,0,24,-24
990015176,24,0,24
990015618,0,4,-4
990016032,0,0,0
990032570,0,9,-9
990070001,35,4,31
990070103,0,0,0
990070601,0,3,-3
990070751,892,5,887
990070766,0,0,0
990071180,644,8,636
990071343,8,4,4
990071387,0,0,0
990071823,148,1,147
990072600,1,45,-44
990072964,0,0,0
990073285,0,0,0
990074393,1,161,-160
990074870,787,4,783
990075106,297,0,297
990075746,506,6,500
990076437,1656,2,1654
990076458,0,0,0
997000007,69,2,67
997000041,0,24,-24
997000058,33,0,33
997000062,94,1,93
997000069,0,0,0
997000070,0,0,0
997000100,68,0,68
997000141,0,0,0
997000198,0,0,0
998000475,0,0,0
998000736,0,12,-12
998000965,0,29,-29
998001031,0,15,-15
998001700,0,0,0
998001899,0,0,0
998001900,6,56,-50
998003073,524,6,518
998101900,0,13,-13
998102850,0,0,0
998501927,223,0,223
998501929,88,69,19
998501930,32,1,31
998501931,100,54,46
998501932,5,0,5
998501933,107,3,104
998501937,44,4,40
998501944,2,1,1
998501950,0,0,0
998501970,48,2,46
998501971,0,42,-42
998501972,54,0,54
998501973,0,6,-6
998501974,0,11,-11
998501975,128,0,128
998501976,90,18,72
998501977,0,8,-8
998501978,2,0,2
998501979,0,0,0
998501980,27,0,27
998501981,38,0,38
998501982,0,0,0
998502006,0,0,0
998502024,0,4,-4
998502032,0,1,-1
998502062,10,0,10
998502063,0,0,0
998502173,3,0,3
998502269,0,0,0
998601159,7,6,1
998601292,0,1,-1
999033574,0,2,-2
999800001,25,0,25
999800002,0,0,0
999800003,3,0,3
999800004,0,2,-2
999800005,0,0,0
