ID,insum,outsum,diff
100000001,0,0,0
100000002,1518,2726,-1208
100000003,2849,3869,-1020
100000004,213,880,-667
100000005,1549,2208,-659
100000006,82,67,15
100000007,399,427,-28
100000008,5,42,-37
100000009,47,309,-262
100000010,1,54,-53
100000011,74,36,38
100000012,25,64,-39
100000013,1,5,-4
100000014,31,29,2
100000015,502,837,-335
100000016,105,240,-135
100000017,56,109,-53
100000018,203,182,21
100000019,441,963,-522
100000020,252,1386,-1134
100000021,367,265,102
100000022,307,940,-633
100000023,809,595,214
100000025,163,960,-797
100000028,460,508,-48
100000029,6,47,-41
100000030,101,18,83
100000031,747,2434,-1687
100000032,321,1297,-976
100000033,193,1100,-907
100000034,17,233,-216
100000035,173,526,-353
100000036,157,308,-151
100000037,340,149,191
100000038,1045,390,655
100000039,143,91,52
100000040,15,89,-74
100000041,384,131,253
100000042,340,99,241
100000043,215,96,119
100000044,23,18,5
100000045,27,100,-73
100000046,145,108,37
100000047,83,46,37
100000048,104,145,-41
100000049,248,195,53
100000051,190,92,98
100000053,26,2,24
100000054,62,3,59
100000055,73,29,44
100000056,63,116,-53
100000057,676,177,499
100000058,75,179,-104
100000059,7,86,-79
100000060,108,159,-51
100000061,571,193,378
100000062,332,268,64
100000063,247,117,130
100000064,229,117,112
100000065,103,132,-29
100000066,78,73,5
100000067,81,163,-82
100000068,90,220,-130
100000069,50,186,-136
100000072,28,94,-66
100000073,179,301,-122
100000075,200,55,145
100000076,548,1802,-1254
100000077,77,214,-137
100000078,18,111,-93
100000079,11,56,-45
100000080,0,36,-36
100000081,3,30,-27
100000102,972,2035,-1063
100000103,487,683,-196
100000104,424,337,87
100000105,175,387,-212
100000106,353,1790,-1437
100000107,28,527,-499
100000108,71,94,-23
100000109,716,399,317
100000116,449,643,-194
100000117,2,83,-81
100000118,1801,463,1338
100000119,463,467,-4
100000121,25,307,-282
100000122,103,467,-364
100000123,2387,2503,-116
100000124,923,1146,-223
100000125,281,937,-656
100000126,198,281,-83
100000127,413,336,77
100000128,48,516,-468
100000129,43,131,-88
100000130,419,460,-41
100000131,127,237,-110
100000132,173,961,-788
100000133,982,308,674
100000135,166,355,-189
100000139,169,302,-133
100000140,0,0,0
100000142,150,111,39
100000143,92,121,-29
100000144,806,21,785
100000147,1056,3720,-2664
100000150,33,122,-89
100000151,94,810,-716
100000153,2,98,-96
100000154,0,135,-135
100000155,0,28,-28
100000156,36,156,-120
100000157,667,83,584
100000158,22,106,-84
100000159,30,337,-307
100000165,508,239,269
100000169,8,163,-155
100000174,92,119,-27
100000179,22,728,-706
100000180,111,77,34
100000181,42,77,-35
100000188,17,55,-38
100000189,402,162,240
100000190,202,596,-394
100000191,48,190,-142
100000192,1,130,-129
100000193,27,89,-62
100000330,403,436,-33
100000355,12,90,-78
100000362,889,508,381
100000363,3219,3760,-541
100000364,226,54,172
100000365,5386,4549,837
100000366,1067,983,84
100000367,3813,4194,-381
100000368,102,72,30
100000369,149,1100,-951
100000370,28,694,-666
100000376,12,328,-316
100000379,396,1713,-1317
100000380,2120,3320,-1200
100000384,2034,3063,-1029
100000385,401,2684,-2283
100000386,1209,2265,-1056
100000387,974,4257,-3283
100000388,1736,1485,251
100000389,2000,3420,-1420
100000390,982,853,129
100000391,2403,4535,-2132
100000392,316,646,-330
100000393,255,2205,-1950
100000394,905,1376,-471
100000395,477,1164,-687
100000396,1016,674,342
100000397,686,1704,-1018
100000398,7769,2350,5419
100900002,0,0,0
100900003,19,57,-38
100900004,0,2,-2
100900005,0,0,0
100900006,0,0,0
100900007,0,0,0
100900008,0,0,0
100900009,0,1,-1
100900010,0,0,0
100900011,0,0,0
100900012,0,0,0
100900013,0,0,0
100900014,0,0,0
100900015,0,0,0
100900016,0,0,0
100900017,60,31,29
100900018,0,0,0
100900019,0,0,0
100900020,0,0,0
100900021,47,0,47
100900022,0,0,0
100900023,0,0,0
100900024,0,0,0
100900025,0,0,0
100900026,0,0,0
100900027,3,202,-199
100900028,12,9,3
100900029,0,0,0
100900030,0,1,-1
100900031,177,36,141
100900032,51,0,51
100900033,0,0,0
100900034,0,0,0
100900035,0,0,0
100900036,1,0,1
100900037,0,0,0
100900038,0,0,0
100900039,16,0,16
100900040,146,10,136
100900041,128,0,128
100900042,23,11,12
100900043,0,13,-13
100900044,35,0,35
100900045,0,0,0
100900046,116,1,115
100900047,93,9,84
100900048,0,0,0
100900049,0,0,0
100900050,0,0,0
100900051,0,4,-4
100900052,0,0,0
100900053,0,0,0
100900054,0,0,0
100900055,0,0,0
100900056,0,0,0
100900057,36,3,33
100900058,0,0,0
100900059,0,0,0
100900060,0,0,0
100900061,0,0,0
100900062,0,0,0
100900063,12,177,-165
100900064,20,0,20
100900065,0,0,0
100900066,10,2,8
100900067,0,0,0
100900068,0,0,0
100900069,0,0,0
100900070,0,0,0
100900071,0,0,0
100900072,0,0,0
100900073,0,0,0
100900074,0,0,0
100900075,6,0,6
100900076,0,0,0
100900077,4,1,3
100900078,2,0,2
100900079,0,0,0
100900080,4,3,1
100900081,0,0,0
100900082,0,0,0
100900083,0,0,0
100900085,0,0,0
100900086,0,0,0
100900088,0,0,0
100900089,0,0,0
100900090,0,4,-4
100900091,0,5,-5
100900092,54,2,52
100900093,0,0,0
100900094,0,0,0
100900095,0,0,0
100900096,2,0,2
100900097,0,0,0
100900098,0,0,0
100900099,0,0,0
100900100,0,0,0
100900101,4,0,4
100900102,0,0,0
100900103,0,0,0
100900104,0,0,0
100900105,0,0,0
100900106,0,0,0
100900107,0,0,0
100900108,0,0,0
100900109,0,0,0
100900110,2,6,-4
100900111,0,0,0
100900112,0,0,0
100900113,0,0,0
100900114,0,0,0
100900115,1,2,-1
100900116,27,0,27
100900117,0,0,0
100900118,0,0,0
100900119,0,0,0
100900120,0,0,0
100900121,4,0,4
100900122,0,0,0
100900123,0,0,0
100900124,0,0,0
100900125,1,0,1
100900126,0,0,0
100900127,0,0,0
100900128,0,0,0
100900129,0,0,0
100900131,4,0,4
100900133,0,0,0
100900134,0,0,0
100900135,0,0,0
100900137,0,0,0
100900138,0,0,0
100900139,0,0,0
100900140,0,0,0
100900141,0,0,0
100900142,0,1,-1
100900143,0,0,0
100900144,0,0,0
100900145,0,0,0
100900146,0,0,0
100900147,0,0,0
100900148,0,0,0
100900149,0,0,0
100900150,0,0,0
100900151,0,0,0
100900152,0,0,0
100900153,0,0,0
100900154,8,0,8
100900155,0,0,0
100900156,0,0,0
100900157,0,0,0
100900159,0,0,0
100900160,0,0,0
100900161,0,0,0
100900162,0,0,0
100900163,0,0,0
100900164,0,0,0
100900165,0,0,0
100900166,0,0,0
100900167,0,0,0
100900168,0,0,0
100900169,0,2,-2
100900170,0,0,0
100900171,0,0,0
100900172,0,0,0
100900173,0,0,0
100900174,0,0,0
100900176,0,0,0
100900177,0,0,0
100900178,44,1,43
100900179,0,0,0
100900180,1,0,1
100900181,0,0,0
100900182,1,3,-2
100900184,4,15,-11
100900186,0,0,0
100900187,0,0,0
100900188,0,0,0
100900189,0,0,0
100900191,0,0,0
100900192,0,0,0
100900195,9,2,7
100900197,155,133,22
100900198,1,0,1
100900199,3,2,1
100900200,1,0,1
100900201,0,0,0
100900202,0,0,0
100900203,0,0,0
100900204,5,0,5
100900205,0,0,0
100900206,0,0,0
100900207,0,0,0
100900210,0,0,0
100900211,0,0,0
100900213,0,0,0
100900214,0,0,0
100900215,0,0,0
100900217,0,9,-9
101000001,580,901,-321
101000002,270,850,-580
101000003,29,450,-421
101000004,3360,5666,-2306
101000005,2233,3997,-1764
101000006,2703,4230,-1527
101000007,574,3132,-2558
101000008,1081,2840,-1759
101000009,1033,338,695
101000010,263,393,-130
101000011,66,230,-164
101000012,23,17,6
101000013,155,506,-351
101000014,223,538,-315
101000015,778,558,220
101000016,16,420,-404
101000017,51,215,-164
101000018,500,633,-133
101000020,796,244,552
101000021,67,303,-236
101000022,0,0,0
101000023,151,314,-163
101000025,110,127,-17
101000026,76,4,72
101000027,854,1628,-774
101000028,435,127,308
101000029,17,727,-710
101000030,99,61,38
101000031,78,757,-679
101000032,1534,2261,-727
101000033,267,1408,-1141
101000034,172,1083,-911
101000035,44,149,-105
101000036,230,647,-417
101000037,384,1485,-1101
101000039,309,887,-578
101000040,437,1296,-859
101000041,2121,4001,-1880
101000042,25,399,-374
101000043,1242,2210,-968
101000045,156,345,-189
101000046,841,1442,-601
101000047,863,1854,-991
101000048,119,151,-32
101000049,34,349,-315
101000050,240,1095,-855
101000051,162,1593,-1431
101000052,487,1417,-930
101000053,190,470,-280
101000054,337,186,151
101000055,638,1443,-805
101000056,21,128,-107
101000057,180,462,-282
101000058,294,1557,-1263
101000059,975,2493,-1518
101000060,97,111,-14
101000061,144,2244,-2100
101000062,59,205,-146
101000063,168,1355,-1187
101000064,122,410,-288
101000065,48,765,-717
101000066,122,830,-708
101000067,83,81,2
101000068,268,451,-183
101000069,127,32,95
101000070,209,156,53
101000071,707,606,101
101000072,2692,1221,1471
101000073,1480,1043,437
101000074,3581,2030,1551
101000075,6198,1177,5021
101000077,2032,624,1408
101000078,1023,836,187
101000079,1165,553,612
101000080,638,74,564
101000081,748,751,-3
101000082,1143,839,304
101000083,1237,838,399
101000084,275,243,32
101000085,1215,815,400
101000086,84,142,-58
101000087,119,177,-58
101000088,548,621,-73
101000089,265,725,-460
101000090,291,251,40
101000091,292,216,76
101000092,676,331,345
101000093,663,301,362
101000094,60,87,-27
101000095,42,79,-37
101000096,319,271,48
101000097,38,174,-136
101000098,96,275,-179
101000099,512,776,-264
101000100,236,577,-341
101000101,267,296,-29
101000102,127,368,-241
101000103,305,267,38
101000104,69,398,-329
101000105,32,108,-76
101000106,2,62,-60
101000107,4,37,-33
101000108,114,78,36
101000109,68,15,53
101000110,31,60,-29
101000111,19,76,-57
101000113,62,262,-200
101000114,952,1440,-488
101000115,0,0,0
101000116,0,0,0
101000117,0,0,0
101000119,3,62,-59
101000120,2,8,-6
101000121,1,4,-3
101000122,1,13,-12
101000123,2,21,-19
101000124,523,91,432
101000125,81,30,51
101000128,52,130,-78
101000130,689,99,590
101000131,509,304,205
101000132,24,104,-80
101000135,1,8,-7
101000136,19,24,-5
101000137,11,377,-366
101000141,422,2937,-2515
101000147,234,70,164
101000148,131,0,131
101000149,0,0,0
101000150,32,114,-82
101000151,23,2,21
101000152,92,22,70
101000153,199,31,168
101000154,94,135,-41
101000155,2,0,2
101000156,0,0,0
101000157,1,9,-8
101000160,0,0,0
101000163,27,274,-247
101000164,52,29,23
101000165,139,150,-11
101000166,144,261,-117
101000168,7,3,4
101000252,1047,284,763
101000254,0,0,0
101000258,340,6,334
101000261,494,32,462
101000262,307,2390,-2083
101000263,93,1106,-1013
101000265,5,299,-294
101000266,72,72,0
101000269,0,0,0
101000290,65,1406,-1341
101000293,0,0,0
101000294,259,138,121
101000295,60,48,12
101000301,36,309,-273
101000304,592,1402,-810
101000305,1086,864,222
101000328,8,369,-361
101900001,1,0,1
101900002,0,0,0
101900003,0,0,0
101900004,0,0,0
101900005,0,0,0
101900006,0,0,0
101900007,0,0,0
101900008,0,0,0
101900009,0,0,0
101900010,0,0,0
101900011,0,0,0
101900012,0,0,0
101900013,0,0,0
101900017,0,0,0
101900018,14,0,14
101900019,0,0,0
101900020,12,2,10
101900021,0,0,0
101900022,4,7,-3
101900023,0,0,0
101900026,0,0,0
101900027,0,0,0
102000001,640,2243,-1603
102000002,1024,317,707
102000003,453,2006,-1553
102000004,578,1450,-872
102000005,232,1454,-1222
102000006,254,1265,-1011
102000007,252,1958,-1706
102000008,2154,988,1166
102000009,2445,3645,-1200
102000010,906,945,-39
102000011,1441,3087,-1646
102000012,1399,1462,-63
102000018,424,504,-80
102000019,69,328,-259
102000026,16,109,-93
102000029,147,31,116
102000030,14,82,-68
102000031,2,55,-53
102000032,101,130,-29
102000033,113,164,-51
102000034,44,46,-2
102000035,93,63,30
102000036,7,98,-91
102000037,31,25,6
102000038,21,20,1
102000039,15,13,2
102000040,25,35,-10
102000041,3,111,-108
102000042,6,144,-138
102000043,3,32,-29
102000044,136,237,-101
102000045,134,361,-227
102000046,221,132,89
102000047,225,216,9
102000048,125,202,-77
102000049,325,357,-32
102000050,183,351,-168
102000051,93,172,-79
102000052,466,411,55
102000053,447,732,-285
102000054,103,180,-77
102000055,149,36,113
102000056,592,98,494
102000057,259,117,142
102000058,118,92,26
102000059,93,90,3
102000060,557,533,24
102000061,217,180,37
102000062,692,453,239
102000063,80,356,-276
102000064,454,480,-26
102000065,10,71,-61
102000066,354,228,126
102000067,642,1635,-993
102000068,1555,795,760
102000069,42,583,-541
102000070,652,4,648
102000071,3051,3979,-928
102000072,789,834,-45
102000073,95,129,-34
102000074,207,66,141
102000075,102,104,-2
102000076,106,75,31
102000077,677,247,430
102000078,512,113,399
102000079,89,24,65
102000080,105,39,66
102000081,91,350,-259
102000082,86,185,-99
102000083,105,87,18
102000084,372,115,257
102000085,374,237,137
102000086,650,233,417
102000087,123,443,-320
102000088,150,49,101
102000089,578,109,469
102000090,145,583,-438
102000091,808,317,491
102000092,267,358,-91
102000093,227,318,-91
102000094,582,144,438
102000095,188,288,-100
102000096,2101,278,1823
102000097,661,295,366
102000098,558,377,181
102000099,720,277,443
102000100,146,291,-145
102000101,183,245,-62
102000102,93,313,-220
102000103,92,437,-345
102000104,51,156,-105
102000105,71,92,-21
102000106,174,76,98
102000107,553,60,493
102000108,191,47,144
102000109,142,91,51
102000110,586,160,426
102000111,3,40,-37
102000112,16,24,-8
102000113,0,9,-9
102000114,108,142,-34
102000115,40,74,-34
102000116,38,245,-207
102000117,5,82,-77
102000118,303,691,-388
102000119,184,208,-24
102000120,57,313,-256
102000121,117,191,-74
102000122,226,544,-318
102000123,87,148,-61
102000124,281,376,-95
102000125,75,82,-7
102000126,201,202,-1
102000127,244,63,181
102000128,153,235,-82
102000129,192,116,76
102000130,212,715,-503
102000131,188,814,-626
102000132,43,1529,-1486
102000133,1236,385,851
102000134,216,287,-71
102000135,85,295,-210
102000136,42,108,-66
102000137,35,40,-5
102000138,73,27,46
102000139,36,65,-29
102000140,12,24,-12
102000141,12,70,-58
102000142,56,21,35
102000143,71,20,51
102000144,123,35,88
102000145,67,12,55
102000146,140,21,119
102000147,33,21,12
102000148,10,92,-82
102000149,81,61,20
102000150,175,28,147
102000151,37,79,-42
102000152,60,79,-19
102000153,165,111,54
102000154,78,64,14
102000155,45,91,-46
102000156,31,22,9
102000157,9,117,-108
102000158,14,168,-154
102000159,50,24,26
102000161,61,328,-267
102000162,5,10,-5
102000163,12,308,-296
102000164,130,538,-408
102000165,0,1,-1
102000166,1,44,-43
102000167,0,0,0
102000168,17,44,-27
102000169,12,185,-173
102000170,0,0,0
102000171,0,0,0
102000172,9,83,-74
102000173,95,139,-44
102000174,5,11,-6
102000175,73,11,62
102000176,13,7,6
102000178,46,24,22
102000179,117,107,10
102000180,228,66,162
102000181,475,138,337
102000182,222,167,55
102000183,742,261,481
102000184,240,117,123
102000185,1158,208,950
102000186,351,129,222
102000187,206,134,72
102000188,492,425,67
102000189,712,78,634
102000190,556,827,-271
102000191,276,95,181
102000192,81,321,-240
102000193,42,1,41
102000194,4,28,-24
102000195,128,62,66
102000196,88,37,51
102000197,347,33,314
102000198,52,109,-57
102000199,422,11,411
102000200,104,170,-66
102000201,364,54,310
102000202,1,7,-6
102000203,61,16,45
102000204,114,164,-50
102000205,310,94,216
102000206,111,52,59
102000207,185,159,26
102000208,37,111,-74
102000209,15,17,-2
102000210,96,9,87
102000211,61,0,61
102000212,232,14,218
102000213,0,1,-1
102000214,148,2,146
102000215,0,2,-2
102000216,34,56,-22
102000217,0,3,-3
102000218,61,42,19
102000219,6,14,-8
102000225,425,276,149
102000226,0,0,0
102000227,52,0,52
102000228,0,0,0
102000229,1,5,-4
102000230,76,176,-100
102000231,127,232,-105
102000232,1,145,-144
102000233,62,152,-90
102000234,21,1078,-1057
102000236,31,3,28
102000237,62,10,52
102000238,4,4,0
102000240,0,1,-1
102000241,35,2,33
102000243,2,32,-30
102000245,0,0,0
102000246,6,58,-52
102000247,29,195,-166
102000248,119,403,-284
102000249,28,18,10
102000250,66,103,-37
102000254,65,71,-6
102000266,4,15,-11
102000271,2,0,2
102000286,29,111,-82
102000297,189,147,42
102000299,0,0,0
102000301,0,0,0
102000303,0,0,0
102000305,0,0,0
102000307,0,0,0
102900001,138,32,106
102900002,45,1,44
102900003,0,0,0
102900005,87,14,73
102900006,34,7,27
102900007,144,0,144
102900008,21,2,19
102900009,23,0,23
102900010,91,1,90
102900011,0,0,0
102900012,0,0,0
102900013,0,0,0
102900015,0,0,0
102900016,0,0,0
102900017,0,0,0
102900018,0,0,0
102900019,0,0,0
102900020,0,0,0
102900021,0,0,0
102900022,0,0,0
102900023,0,0,0
102900024,0,0,0
102900025,0,0,0
102900026,0,111,-111
102900027,0,0,0
102900028,4,62,-58
102900029,0,0,0
102900030,5,27,-22
102900031,69,24,45
102900032,0,0,0
102900033,0,0,0
102900034,127,2,125
102900035,0,0,0
102900036,114,25,89
102900037,50,19,31
102900038,43,11,32
102900039,0,0,0
102900040,0,0,0
102900041,0,0,0
102900042,0,0,0
102900043,0,0,0
102900044,0,0,0
102900045,0,0,0
102900046,0,0,0
102900047,1,0,1
102900048,0,0,0
102900049,0,0,0
102900050,0,0,0
102900051,0,0,0
102900052,0,0,0
102900053,0,0,0
102900054,0,0,0
102900055,0,0,0
102900056,0,0,0
102900057,0,0,0
102900058,0,0,0
102900059,0,0,0
102900060,4,38,-34
102900061,4,15,-11
102900062,75,15,60
102900063,62,7,55
102900064,3,63,-60
102900065,99,1,98
102900066,6,0,6
102900068,0,0,0
102900070,0,0,0
102900072,0,0,0
102900073,0,0,0
102900075,0,0,0
102900076,0,0,0
102900077,0,0,0
102900078,0,0,0
102900079,108,0,108
102900080,43,0,43
102900081,0,0,0
102900082,0,0,0
102900083,0,0,0
102900084,0,0,0
102900085,0,0,0
102900086,0,0,0
102900087,0,0,0
102900088,0,0,0
102900089,0,0,0
102900090,0,0,0
102900091,0,0,0
102900092,0,0,0
102900093,0,0,0
102900094,0,0,0
102900095,7,0,7
102900096,0,0,0
102900097,0,0,0
103000001,2335,1386,949
103000002,1201,1286,-85
103000003,1122,1141,-19
103000004,237,458,-221
103000005,1240,1400,-160
103000006,466,826,-360
103000007,344,322,22
103000008,153,58,95
103000009,507,596,-89
103000010,127,23,104
103000011,434,711,-277
103000012,564,997,-433
103000013,476,524,-48
103000014,777,2007,-1230
103000015,195,30,165
103000016,256,564,-308
103000017,112,261,-149
103000018,176,184,-8
103000019,199,136,63
103000020,287,524,-237
103000021,1991,1658,333
103000022,125,309,-184
103000023,410,1826,-1416
103000024,26,93,-67
103000025,45,398,-353
103000026,145,91,54
103000027,55,243,-188
103000028,342,319,23
103000029,79,80,-1
103000030,351,506,-155
103000031,454,1007,-553
103000032,643,433,210
103000033,2656,2406,250
103000034,551,418,133
103000035,157,490,-333
103000036,71,222,-151
103000037,162,169,-7
103000038,275,662,-387
103000039,159,78,81
103000040,110,378,-268
103000041,738,680,58
103000042,638,115,523
103000043,486,325,161
103000044,41,6,35
103000046,28,84,-56
103000047,110,145,-35
103000048,15,22,-7
103000049,17,58,-41
103000050,69,3,66
103000051,26,67,-41
103000052,63,8,55
103000053,6,54,-48
103000054,816,181,635
103000055,1119,531,588
103000056,481,366,115
103000057,507,164,343
103000058,349,181,168
103000059,315,273,42
103000060,307,132,175
103000061,296,312,-16
103000062,236,61,175
103000063,266,442,-176
103000064,21,24,-3
103000065,1,28,-27
103000066,36,1,35
103000069,105,45,60
103000070,141,101,40
103000071,225,160,65
103000072,32,94,-62
103000073,418,58,360
103000074,284,29,255
103000075,9,69,-60
103000076,85,376,-291
103000077,1,60,-59
103000078,248,429,-181
103000079,112,320,-208
103000080,323,188,135
103000081,80,591,-511
103000082,208,13,195
103000083,8,99,-91
103000084,49,4,45
103000085,0,29,-29
103000086,471,261,210
103000087,77,324,-247
103000088,179,162,17
103000089,88,358,-270
103000090,3575,2576,999
103000091,662,695,-33
103000092,444,171,273
103000093,74,112,-38
103000094,152,77,75
103000095,15,73,-58
103000096,228,12,216
103000097,22,64,-42
103000098,348,13,335
103000099,28,55,-27
103000100,44,135,-91
103000101,504,51,453
103000102,11,79,-68
103000103,398,26,372
103000104,25,25,0
103000105,142,14,128
103000106,9,29,-20
103000107,141,18,123
103000108,891,1133,-242
103000109,163,600,-437
103000110,604,585,19
103000111,106,135,-29
103000112,110,155,-45
103000113,56,441,-385
103000114,606,327,279
103000115,752,611,141
103000116,502,223,279
103000117,499,150,349
103000118,43,103,-60
103000119,65,93,-28
103000120,1,10,-9
103000121,49,104,-55
103000122,572,915,-343
103000125,6,26,-20
103000126,360,1,359
103000127,0,65,-65
103000128,64,0,64
103000129,0,39,-39
103000130,39,7,32
103000131,39,65,-26
103000132,9,36,-27
103000133,4,53,-49
103000134,86,133,-47
103000135,139,117,22
103000136,132,14,118
103000137,68,276,-208
103000138,220,360,-140
103000139,0,15,-15
103000140,16,11,5
103000141,1,33,-32
103000142,56,23,33
103000143,5,16,-11
103000144,57,28,29
103000145,3,21,-18
103000150,11,15,-4
103000152,83,158,-75
103000153,80,220,-140
103000156,1,109,-108
103000157,105,2,103
103000159,78,51,27
103000162,18,2,16
103000163,0,4,-4
103000164,4,1,3
103000165,14,79,-65
103000166,116,232,-116
103000167,143,48,95
103000168,85,49,36
103000169,73,199,-126
103000170,705,229,476
103000171,5,37,-32
103000172,500,153,347
103000173,19,12,7
103000174,598,175,423
103000175,61,31,30
103000176,172,279,-107
103000177,25,13,12
103000178,35,17,18
103000179,43,14,29
103000183,152,0,152
103000185,134,1,133
103000186,213,75,138
103000187,9,1,8
103000188,5,41,-36
103000189,290,400,-110
103000191,221,180,41
103000292,40,230,-190
103000293,151,811,-660
103000295,38,43,-5
103000296,28,1,27
103000297,5,4,1
103000504,5,0,5
103000505,1,7,-6
103000506,0,15,-15
103000507,106,0,106
103000508,85,28,57
103000509,125,159,-34
103900001,0,0,0
103900002,0,0,0
103900003,70,2,68
103900004,2,0,2
103900005,0,0,0
103900006,0,0,0
103900007,0,0,0
103900008,2,0,2
103900009,100,14,86
103900010,18,2,16
103900011,0,0,0
103900012,0,7,-7
103900013,0,0,0
103900014,8,1,7
103900015,16,1,15
103900016,0,0,0
103900017,0,0,0
103900018,0,0,0
103900019,1,78,-77
103900020,0,0,0
103900021,16,0,16
103900022,112,4,108
103900023,17,0,17
103900024,5,13,-8
103900025,2,0,2
103900026,0,0,0
103900027,40,2,38
103900028,6,22,-16
103900029,204,3,201
103900030,38,0,38
103900031,11,0,11
103900032,5,10,-5
103900033,11,2,9
103900034,0,0,0
103900035,0,1,-1
103900036,11,2,9
103900037,0,2,-2
103900038,1,30,-29
103900039,1,1,0
103900040,0,0,0
103900041,0,2,-2
103900042,0,0,0
103900043,5,0,5
103900044,2,77,-75
103900045,11,1,10
103900047,1,0,1
103900048,0,0,0
103900049,0,0,0
103900050,0,0,0
103900051,0,0,0
103900052,0,0,0
103900053,0,0,0
103900054,0,0,0
103900055,0,0,0
103900056,0,0,0
103900057,38,1,37
103900058,0,0,0
103900059,0,0,0
103900060,49,6,43
103900061,45,1,44
103900062,1,0,1
103900063,0,0,0
103900064,4,0,4
103900065,13,3,10
103900066,31,1,30
103900067,6,0,6
103900068,0,0,0
103900069,1,0,1
103900070,4,3,1
103900071,4,0,4
103900072,0,1,-1
103900073,0,27,-27
103900074,25,0,25
103900075,32,0,32
103900076,0,0,0
103900077,5,36,-31
103900078,5,0,5
103900079,1,0,1
103900080,0,0,0
103900081,0,0,0
103900082,0,0,0
103900083,55,221,-166
103900084,0,0,0
103900085,0,3,-3
103900086,44,9,35
103900088,2,9,-7
103900089,0,2,-2
103900090,2,0,2
103900091,0,0,0
103900092,0,0,0
103900093,37,0,37
103900094,0,0,0
103900095,0,0,0
103900096,53,0,53
103900097,0,0,0
103900098,0,0,0
103900099,13,0,13
103900100,0,0,0
103900101,0,0,0
103900102,0,0,0
103900104,0,0,0
103900105,0,0,0
103900106,0,0,0
103900107,45,7,38
103900108,2,15,-13
103900109,21,0,21
103900110,0,0,0
103900111,0,0,0
103900112,1,0,1
103900113,0,0,0
103900114,0,0,0
103900115,0,0,0
103900116,2,20,-18
103900117,7,0,7
103900119,1,44,-43
103900120,4,3,1
103900122,0,0,0
103900123,0,0,0
103900124,0,0,0
103900125,0,0,0
103900126,51,5,46
103900127,0,2,-2
103900128,0,0,0
103900131,0,0,0
103900133,69,0,69
103900134,0,0,0
103900135,0,0,0
103900137,0,0,0
103900138,0,0,0
103900139,12,80,-68
103900140,0,0,0
103900141,4,2,2
103900142,9,0,9
103900143,4,0,4
103900144,0,0,0
103900145,2,12,-10
103900146,39,2,37
103900147,0,0,0
103900148,0,0,0
103900149,19,0,19
103900150,172,45,127
103900151,0,0,0
103900152,199,0,199
103900153,0,0,0
103900154,0,4,-4
103900155,12,0,12
103900156,4,0,4
103900157,0,0,0
103900158,8,0,8
103900159,0,0,0
103900160,0,0,0
103900161,6,6,0
103900162,0,0,0
103900163,0,0,0
103900167,0,11,-11
103900168,18,1,17
103900169,0,11,-11
103900170,0,0,0
103900171,0,0,0
103900172,0,0,0
103900173,0,0,0
103900174,28,0,28
103900175,2,21,-19
103900176,0,0,0
103900177,0,0,0
103900178,0,0,0
103900179,0,0,0
103900180,0,0,0
103900181,0,0,0
103900182,0,0,0
103900184,0,0,0
103900185,0,0,0
103900187,1,2,-1
103900188,1,0,1
103900189,7,0,7
103900190,7,1,6
103900191,0,0,0
103900192,0,0,0
103900193,0,0,0
103900194,0,0,0
103900195,0,0,0
103900196,0,0,0
103900197,0,0,0
103900198,0,0,0
103900199,0,0,0
103900200,0,0,0
103900201,0,0,0
103900202,0,0,0
103900203,4,0,4
103900204,0,0,0
103900207,0,0,0
103900208,13,1,12
103900209,0,0,0
103900210,0,0,0
103900211,89,0,89
103900212,0,0,0
103900213,0,0,0
103900214,185,190,-5
103900215,0,0,0
103900216,0,0,0
103900217,34,0,34
103900218,0,1,-1
103900219,0,0,0
103900233,0,0,0
103900235,0,0,0
103900236,0,0,0
103900242,0,0,0
103900243,0,0,0
103900244,15,1,14
103900245,0,0,0
103900246,0,0,0
103900247,0,0,0
103900248,0,0,0
103900249,0,0,0
103900250,0,0,0
103900251,0,0,0
103900253,0,0,0
103900254,0,0,0
103900255,0,0,0
103900256,0,0,0
103900257,0,0,0
103900258,0,0,0
103900259,0,0,0
103900261,0,0,0
103900262,0,0,0
103900263,0,0,0
103900264,0,0,0
103900265,0,0,0
103900266,0,1,-1
103900267,0,0,0
103900268,0,2,-2
103900269,2,0,2
103900270,0,0,0
103900271,3,0,3
103900272,17,0,17
103900273,0,0,0
103900274,0,0,0
103900275,0,0,0
103900276,0,0,0
103900277,0,0,0
103900278,0,0,0
103900279,0,0,0
104000001,929,663,266
104000002,1052,1546,-494
104000003,1073,1099,-26
104000004,1383,1495,-112
104000005,893,1272,-379
104000006,1277,880,397
104000007,2604,1595,1009
104000008,43,43,0
104000009,374,246,128
104000010,66,187,-121
104000011,20,14,6
104000012,9,38,-29
104000013,100,253,-153
104000014,60,23,37
104000015,237,44,193
104000016,35,17,18
104000018,490,110,380
104000019,696,198,498
104000020,45,224,-179
104000021,114,299,-185
104000022,59,201,-142
104000023,615,109,506
104000024,58,29,29
104000026,26,10,16
104000027,26,16,10
104000028,497,142,355
104000029,24,21,3
104000030,550,376,174
104000031,738,77,661
104000032,46,31,15
104000033,555,96,459
104000034,60,18,42
104000035,723,107,616
104000036,670,263,407
104000037,14,14,0
104000038,468,176,292
104000039,227,193,34
104000040,75,290,-215
104000041,221,169,52
104000042,196,187,9
104000043,45,123,-78
104000044,118,112,6
104000045,348,88,260
104000046,301,242,59
104000047,160,485,-325
104000048,574,865,-291
104000049,263,100,163
104000050,56,171,-115
104000051,20,51,-31
104000052,596,602,-6
104000053,458,84,374
104000054,224,26,198
104000055,993,302,691
104000056,182,10,172
104000057,0,0,0
104000058,406,378,28
104000059,247,579,-332
104000060,317,354,-37
104000061,234,157,77
104000062,111,26,85
104000064,229,47,182
104000065,5,93,-88
104000069,322,696,-374
104000070,31,210,-179
104000071,0,0,0
104000072,92,21,71
104000075,0,0,0
104000076,0,0,0
104000082,498,1034,-536
104000083,337,123,214
104000084,25,303,-278
104000085,202,66,136
104000086,92,122,-30
104000087,47,166,-119
104000090,70,103,-33
104000092,83,125,-42
104000094,195,88,107
104000095,356,625,-269
104000096,930,1,929
104000097,921,97,824
104000098,1442,102,1340
104000100,1313,125,1188
104000101,650,612,38
104000106,55,152,-97
104000107,587,84,503
104000108,110,33,77
104000109,60,14,46
104000110,129,289,-160
104000111,239,537,-298
104000112,86,53,33
104000116,0,77,-77
104000117,128,79,49
104000118,308,67,241
104000119,86,84,2
104000120,79,98,-19
104000121,50,189,-139
104000122,436,239,197
104000123,171,349,-178
104000124,320,709,-389
104000125,252,386,-134
104000126,223,340,-117
104000127,425,710,-285
104000128,565,86,479
104000129,102,1,101
104000130,1,75,-74
104000131,1,1,0
104000132,1,1,0
104000133,307,169,138
104000134,409,816,-407
104000135,137,1016,-879
104000136,562,1532,-970
104000137,818,312,506
104000138,117,56,61
104000139,1431,1780,-349
104000141,386,434,-48
104000142,181,106,75
104000143,140,46,94
104000144,50,78,-28
104000145,210,74,136
104000146,24,116,-92
104000147,16,80,-64
104000148,164,111,53
104000149,32,51,-19
104000150,484,103,381
104000151,78,54,24
104000152,163,123,40
104000153,485,360,125
104000154,202,277,-75
104000155,350,499,-149
104000157,459,421,38
104000158,51,162,-111
104000159,268,162,106
104000160,1141,1355,-214
104000161,22,48,-26
104000162,35,37,-2
104000165,315,228,87
104000167,356,614,-258
104000168,394,1,393
104000169,83,11,72
104000170,10,4,6
104000248,0,56,-56
104000251,0,0,0
104000272,0,0,0
104000273,0,0,0
104000274,0,0,0
104000275,0,0,0
104000279,224,606,-382
104000290,2,42,-40
104000291,436,463,-27
104000293,357,331,26
104000294,0,0,0
104000295,249,931,-682
104000296,120,188,-68
104000297,170,1245,-1075
104000298,426,343,83
104000299,413,706,-293
104900001,0,0,0
104900002,0,0,0
104900003,0,0,0
104900004,0,0,0
104900005,0,0,0
104900006,0,0,0
104900007,0,0,0
104900009,0,0,0
104900010,0,0,0
104900011,0,0,0
104900012,0,0,0
104900013,0,0,0
104900014,0,0,0
104900015,0,0,0
104900016,0,0,0
104900017,0,0,0
104900018,0,0,0
104900019,0,0,0
104900020,0,0,0
104900021,1,0,1
104900022,1,0,1
104900023,0,0,0
104900024,1,0,1
104900025,0,0,0
104900026,0,0,0
104900027,0,0,0
104900028,0,0,0
104900029,0,0,0
104900030,0,0,0
104900031,0,0,0
104900032,0,0,0
104900033,0,0,0
104900034,0,0,0
104900035,0,0,0
104900036,1,0,1
104900037,0,0,0
104900038,0,0,0
104900039,0,0,0
104900040,1,0,1
104900041,0,0,0
104900042,0,0,0
104900043,0,0,0
104900044,33,2,31
104900045,0,0,0
104900046,0,0,0
104900047,85,6,79
104900048,62,3,59
104900049,0,0,0
104900050,0,0,0
104900051,20,0,20
104900052,0,0,0
104900053,80,1,79
104900054,0,0,0
104900055,0,0,0
104900056,37,0,37
104900057,0,0,0
104900058,50,0,50
104900059,42,9,33
104900060,0,0,0
104900061,0,0,0
104900063,0,0,0
104900064,0,0,0
104900065,0,0,0
104900066,0,0,0
104900067,0,0,0
104900068,0,0,0
104900070,0,0,0
104900071,0,0,0
104900072,0,0,0
104900073,0,0,0
104900074,0,0,0
104900075,0,0,0
104900076,0,0,0
104900077,0,0,0
104900078,0,0,0
104900079,0,0,0
104900080,0,0,0
104900082,0,0,0
104900085,0,0,0
104900087,84,0,84
104900089,0,0,0
104900090,0,0,0
104900091,0,0,0
104900093,0,0,0
104900097,0,0,0
104900098,0,0,0
104900099,0,0,0
104900100,0,0,0
104900102,0,0,0
104900103,0,0,0
104900104,0,0,0
104900106,0,0,0
104900107,0,0,0
104900108,0,0,0
104900109,0,0,0
104900110,0,0,0
104900111,0,0,0
104900112,0,0,0
104900113,0,0,0
104900114,0,0,0
104900115,0,0,0
104900116,0,0,0
104900118,0,0,0
104900119,0,0,0
104900120,0,0,0
104900121,0,0,0
104900122,0,0,0
104900123,0,0,0
104900124,0,0,0
104900125,73,0,73
104900126,0,0,0
104900127,0,0,0
104900128,39,0,39
104900129,0,0,0
105000001,929,551,378
105000002,675,692,-17
105000003,835,1243,-408
105000004,291,538,-247
105000005,399,582,-183
105000006,524,1223,-699
105000007,370,806,-436
105000008,396,1613,-1217
105000009,1963,1649,314
105000010,1068,581,487
105000011,1537,1761,-224
105000012,446,714,-268
105000013,477,563,-86
105000014,1866,1240,626
105000015,3787,6004,-2217
105000016,1059,995,64
105000017,1048,556,492
105000018,1714,614,1100
105000019,928,995,-67
105000020,116,207,-91
105000021,53,15,38
105000022,32,30,2
105000023,190,138,52
105000028,1,128,-127
105000029,70,317,-247
105000030,1807,1258,549
105000033,366,585,-219
105000034,51,410,-359
105000037,205,18,187
105000038,574,605,-31
105000039,276,622,-346
105000040,346,548,-202
105000041,69,348,-279
105000042,1063,723,340
105000043,257,236,21
105000044,255,164,91
105000045,53,151,-98
105000046,455,76,379
105000047,125,166,-41
105000048,692,141,551
105000049,106,87,19
105000050,467,211,256
105000051,79,82,-3
105000052,130,258,-128
105000053,163,9,154
105000054,232,259,-27
105000055,311,46,265
105000056,593,346,247
105000057,1302,140,1162
105000058,416,434,-18
105000059,543,206,337
105000060,306,124,182
105000061,568,131,437
105000062,274,113,161
105000063,48,46,2
105000064,799,110,689
105000065,13,41,-28
105000066,205,119,86
105000067,732,296,436
105000068,41,161,-120
105000069,524,539,-15
105000070,365,527,-162
105000071,266,945,-679
105000072,758,1177,-419
105000073,516,433,83
105000074,21,157,-136
105000075,168,242,-74
105000076,483,277,206
105000077,776,203,573
105000078,309,594,-285
105000079,61,255,-194
105000080,1235,1063,172
105000081,222,104,118
105000082,451,811,-360
105000083,1584,1155,429
105000084,48,124,-76
105000085,1957,1251,706
105000086,94,115,-21
105000087,57,190,-133
105000088,1051,870,181
105000089,536,736,-200
105000090,198,273,-75
105000091,247,200,47
105000092,179,139,40
105000093,160,134,26
105000094,324,63,261
105000095,28,132,-104
105000096,450,576,-126
105000097,233,54,179
105000098,530,352,178
105000099,105,69,36
105000100,397,328,69
105000101,1195,542,653
105000102,584,278,306
105000103,606,391,215
105000104,686,150,536
105000105,445,333,112
105000106,579,257,322
105000107,543,175,368
105000108,619,195,424
105000109,728,299,429
105000110,374,100,274
105000111,500,186,314
105000112,427,213,214
105000113,191,392,-201
105000114,904,881,23
105000115,199,746,-547
105000116,584,289,295
105000117,133,144,-11
105000118,178,138,40
105000119,102,117,-15
105000120,705,266,439
105000121,189,114,75
105000122,191,199,-8
105000123,252,160,92
105000124,947,221,726
105000125,364,319,45
105000126,700,323,377
105000127,1162,288,874
105000128,133,150,-17
105000129,314,73,241
105000130,80,1695,-1615
105000131,114,50,64
105000132,620,515,105
105000133,131,122,9
105000134,434,201,233
105000135,39,46,-7
105000136,0,0,0
105000137,333,27,306
105000138,0,0,0
105000139,175,127,48
105000140,483,65,418
105000141,117,98,19
105000142,242,122,120
105000143,99,130,-31
105000144,101,82,19
105000145,387,156,231
105000146,0,0,0
105000147,461,80,381
105000148,366,133,233
105000149,943,573,370
105000150,72,41,31
105000151,226,65,161
105000152,71,102,-31
105000153,291,91,200
105000154,167,85,82
105000155,96,86,10
105000156,62,92,-30
105000157,335,200,135
105000158,783,165,618
105000159,121,98,23
105000160,1049,174,875
105000161,195,151,44
105000162,208,762,-554
105000163,282,151,131
105000164,27,69,-42
105000165,84,2132,-2048
105000166,252,309,-57
105000167,383,918,-535
105000168,108,163,-55
105000169,202,6,196
105000170,65,515,-450
105000171,396,47,349
105000172,65,3,62
105000173,140,30,110
105000174,7,19,-12
105000175,0,0,0
105000176,163,19,144
105000177,151,50,101
105000178,82,45,37
105000179,276,4,272
105000180,0,0,0
105000181,28,39,-11
105000182,0,0,0
105000183,557,1267,-710
105000184,4,1,3
105000185,168,343,-175
105000186,0,0,0
105000187,212,251,-39
105000188,35,132,-97
105000189,0,1,-1
105000190,78,148,-70
105000191,18,5,13
105000192,170,33,137
105000193,29,8,21
105000194,146,5,141
105000195,66,99,-33
105000196,47,85,-38
105000197,11,132,-121
105000198,21,49,-28
105000199,13,143,-130
105000200,86,203,-117
105000201,19,6,13
105000203,0,161,-161
105000204,16,47,-31
105000205,31,138,-107
105000207,0,0,0
105000208,86,122,-36
105000209,0,0,0
105000212,418,95,323
105000213,56,21,35
105000214,48,15,33
105000215,72,41,31
105000216,14,3,11
105000217,0,0,0
105000218,851,180,671
105000221,88,24,64
105000222,51,38,13
105000223,33,12,21
105000226,40,23,17
105000227,27,40,-13
105000228,27,465,-438
105000229,110,334,-224
105000231,244,56,188
105000233,320,311,9
105000234,278,436,-158
105000235,224,195,29
105000237,322,22,300
105000243,81,52,29
105000248,11,32,-21
105000262,180,52,128
105000269,33,45,-12
105000270,211,3,208
105000271,0,16,-16
105000282,8,9,-1
105000287,143,21,122
105000288,219,154,65
105000289,579,663,-84
105000290,6,78,-72
105000402,371,1041,-670
105000426,31,347,-316
105000438,490,473,17
105000446,1839,3666,-1827
105000447,2514,462,2052
105000454,0,0,0
105000455,78,61,17
105000474,61,13,48
105000477,100,178,-78
105000478,689,2318,-1629
105000479,53,64,-11
105000480,2426,3004,-578
105000481,1579,1038,541
105000482,786,1394,-608
105000483,471,1060,-589
105000484,546,1281,-735
105000485,1028,1563,-535
105000486,677,2200,-1523
105000488,631,1751,-1120
105000489,670,189,481
105000549,26,17,9
105000550,0,0,0
105000551,11,32,-21
105000552,631,340,291
105000555,129,505,-376
105900001,0,39,-39
105900002,166,46,120
105900003,0,0,0
105900004,0,0,0
105900005,0,0,0
105900006,8,4,4
105900007,0,0,0
105900008,0,0,0
105900009,0,0,0
105900011,1,0,1
105900012,24,10,14
105900013,0,0,0
105900014,4,1,3
105900015,0,0,0
105900016,21,30,-9
105900017,0,0,0
105900018,0,0,0
105900019,0,0,0
105900020,0,0,0
105900021,0,3,-3
105900022,0,0,0
105900023,0,9,-9
105900024,1,34,-33
105900025,11,0,11
105900026,0,0,0
105900027,627,87,540
105900028,23,0,23
105900029,293,29,264
105900030,20,26,-6
105900031,0,0,0
105900032,0,0,0
105900033,0,0,0
105900034,0,0,0
105900035,0,0,0
105900036,0,0,0
105900037,0,0,0
105900038,0,0,0
105900039,0,0,0
105900040,0,0,0
105900041,0,0,0
105900042,0,0,0
105900043,24,4,20
105900044,0,0,0
105900045,0,0,0
105900046,0,0,0
105900047,0,0,0
105900048,31,15,16
105900050,36,113,-77
105900051,0,37,-37
105900052,40,1,39
105900053,0,0,0
105900054,0,0,0
105900056,39,20,19
105900057,1,3,-2
105900058,0,0,0
105900059,0,0,0
106000001,987,649,338
106000002,103,635,-532
106000003,1235,1699,-464
106000004,549,1733,-1184
106000005,2234,2492,-258
106000006,1304,1246,58
106000007,495,165,330
106000008,45,102,-57
106000009,390,197,193
106000010,56,89,-33
106000011,875,476,399
106000012,168,243,-75
106000013,1326,856,470
106000014,253,263,-10
106000015,1480,618,862
106000016,207,395,-188
106000017,762,201,561
106000018,73,150,-77
106000019,348,206,142
106000020,24,41,-17
106000021,412,176,236
106000022,45,32,13
106000023,870,110,760
106000024,66,43,23
106000025,263,281,-18
106000026,12,30,-18
106000027,1637,645,992
106000028,7,45,-38
106000029,18,29,-11
106000030,0,0,0
106000034,0,0,0
106000035,476,613,-137
106000036,0,0,0
106000037,166,51,115
106000038,11,5,6
106000039,4,27,-23
106000040,1,76,-75
106000041,454,101,353
106000043,154,50,104
106000046,63,7,56
106000047,0,0,0
106000049,431,9,422
106000050,56,93,-37
106000051,589,302,287
106000052,0,0,0
106000053,301,84,217
106000054,0,0,0
106000055,352,32,320
106000056,0,0,0
106000057,219,19,200
106000058,0,0,0
106000059,314,80,234
106000060,0,0,0
106000061,140,421,-281
106000062,0,0,0
106000063,448,541,-93
106000064,0,0,0
106000065,351,73,278
106000066,35,14,21
106000067,360,54,306
106000068,16,11,5
106000069,190,28,162
106000070,75,4,71
106000071,501,144,357
106000072,362,834,-472
106000073,519,1195,-676
106000074,296,462,-166
106000075,152,275,-123
106000076,542,293,249
106000077,858,330,528
106000078,589,121,468
106000079,548,114,434
106000080,661,98,563
106000081,433,160,273
106000082,620,131,489
106000083,170,279,-109
106000084,775,145,630
106000085,359,312,47
106000086,336,170,166
106000087,307,104,203
106000088,190,134,56
106000089,672,40,632
106000090,293,198,95
106000091,71,106,-35
106000092,214,116,98
106000093,319,44,275
106000094,0,0,0
106000095,424,99,325
106000096,651,77,574
106000097,458,65,393
106000098,556,111,445
106000099,95,92,3
106000100,761,28,733
106000101,577,23,554
106000102,16,74,-58
106000103,30,153,-123
106000104,398,87,311
106000105,72,155,-83
106000106,398,106,292
106000107,37,87,-50
106000108,191,60,131
106000109,24,41,-17
106000110,132,48,84
106000111,61,74,-13
106000112,132,170,-38
106000113,68,254,-186
106000114,239,134,105
106000115,84,251,-167
106000116,264,169,95
106000117,64,96,-32
106000118,556,424,132
106000119,13,213,-200
106000120,365,598,-233
106000121,133,80,53
106000122,133,37,96
106000123,295,49,246
106000124,133,21,112
106000125,47,89,-42
106000126,344,34,310
106000127,259,146,113
106000128,332,73,259
106000129,254,142,112
106000130,733,157,576
106000131,14,269,-255
106000132,423,34,389
106000133,88,482,-394
106000134,165,983,-818
106000135,0,130,-130
106000136,502,497,5
106000137,1,126,-125
106000138,892,22,870
106000139,88,41,47
106000140,0,0,0
106000141,0,0,0
106000142,83,21,62
106000143,0,0,0
106000144,58,52,6
106000145,0,0,0
106000146,302,65,237
106000147,202,82,120
106000148,176,311,-135
106000149,495,129,366
106000150,219,666,-447
106000151,735,248,487
106000152,557,847,-290
106000153,20,352,-332
106000154,283,61,222
106000155,24,81,-57
106000156,625,54,571
106000157,83,404,-321
106000158,546,380,166
106000159,308,572,-264
106000160,174,866,-692
106000161,158,79,79
106000162,195,473,-278
106000163,95,61,34
106000164,370,69,301
106000165,54,97,-43
106000166,427,55,372
106000167,199,226,-27
106000168,237,34,203
106000169,145,73,72
106000170,341,28,313
106000171,101,385,-284
106000172,710,128,582
106000173,468,626,-158
106000174,651,30,621
106000175,77,10,67
106000176,876,209,667
106000177,88,102,-14
106000178,1065,161,904
106000179,68,80,-12
106000180,337,281,56
106000181,384,430,-46
106000182,975,113,862
106000183,776,72,704
106000184,420,81,339
106000185,318,234,84
106000186,78,6,72
106000187,17,270,-253
106000188,0,0,0
106000189,0,32,-32
106000190,2,7,-5
106000191,153,10,143
106000192,0,0,0
106000193,15,67,-52
106000194,7,72,-65
106000195,8,41,-33
106000196,2,130,-128
106000197,156,46,110
106000198,46,15,31
106000199,208,186,22
106000200,21,109,-88
106000201,78,1129,-1051
106000202,207,142,65
106000203,0,0,0
106000204,22,1,21
106000205,0,0,0
106000206,27,2,25
106000207,0,8,-8
106000208,678,33,645
106000209,963,107,856
106000210,25,14,11
106000211,9,33,-24
106000212,844,98,746
106000213,4,53,-49
106000214,565,65,500
106000215,83,154,-71
106000216,390,62,328
106000217,33,186,-153
106000218,213,34,179
106000219,27,65,-38
106000220,283,38,245
106000221,61,58,3
106000222,61,27,34
106000223,114,58,56
106000224,58,83,-25
106000225,21,110,-89
106000226,17,113,-96
106000228,0,0,0
106000229,0,0,0
106000231,406,6,400
106000232,0,0,0
106000233,100,15,85
106000234,0,0,0
106000235,39,30,9
106000236,0,0,0
106000237,0,0,0
106000238,1,27,-26
106000239,0,0,0
106000240,1,5,-4
106000241,0,108,-108
106000242,66,10,56
106000249,63,11,52
106000250,16,139,-123
106000251,56,4,52
106000252,0,0,0
106000253,31,0,31
106000254,0,0,0
106000255,35,7,28
106000256,0,0,0
106000257,13,60,-47
106000258,4,1,3
106000259,0,0,0
106000260,3,1,2
106000261,0,0,0
106000262,0,0,0
106000263,0,0,0
106000264,41,0,41
106000265,0,0,0
106000266,68,0,68
106000267,0,0,0
106000268,69,0,69
106000269,0,0,0
106000270,13,21,-8
106000271,2,17,-15
106000272,0,0,0
106000273,1,17,-16
106000274,0,0,0
106000275,10,23,-13
106000276,0,0,0
106000277,12,9,3
106000278,0,0,0
106000279,0,0,0
106000280,0,0,0
106000281,0,0,0
106000282,0,0,0
106000283,0,0,0
106000284,0,0,0
106000285,0,0,0
106000286,0,0,0
106000287,0,0,0
106000288,0,0,0
106000289,0,0,0
106000290,0,0,0
106000291,0,0,0
106000292,0,0,0
106000293,0,0,0
106000294,0,0,0
106000295,0,0,0
106000296,0,0,0
106000297,0,0,0
106000298,0,0,0
106000299,0,0,0
106000300,0,0,0
106000301,0,0,0
106000303,23,7,16
106000304,0,0,0
106000305,17,7,10
106000306,0,0,0
106000307,40,2,38
106000308,0,0,0
106000309,0,0,0
106000310,160,68,92
106000311,81,13,68
106000312,50,48,2
106000313,14,7,7
106000318,0,0,0
106000319,381,64,317
106000320,0,61,-61
106000321,14,234,-220
106000322,114,35,79
106000324,6,32,-26
106000325,1410,393,1017
106000326,110,330,-220
106000327,175,9,166
106000328,5,0,5
106000329,1,25,-24
106000330,5,38,-33
106000428,56,150,-94
106000429,3,139,-136
106000430,58,332,-274
106000431,1014,139,875
106000432,55,484,-429
106000433,1336,628,708
106000434,1721,715,1006
106000435,92,490,-398
106000436,0,57,-57
106000437,168,36,132
106000438,63,198,-135
106000439,1,82,-81
106000440,61,172,-111
106000441,2,0,2
106000442,45,1,44
106000443,210,246,-36
106000450,0,0,0
106000451,13,65,-52
106000454,0,0,0
106000455,0,2,-2
106000456,60,3,57
106000457,0,0,0
106000458,469,55,414
106000459,0,0,0
106000460,551,12,539
106000461,0,0,0
106000462,0,0,0
106000463,2,5,-3
106000464,0,0,0
106000465,417,1,416
106000466,0,0,0
106000467,1,63,-62
106000468,44,101,-57
106000469,78,4,74
106000470,1,26,-25
106000471,0,0,0
106000472,42,2,40
106000473,0,0,0
106000474,105,64,41
106000475,236,100,136
106000476,93,311,-218
106000477,0,0,0
106000480,0,0,0
106900001,0,0,0
106900002,0,0,0
106900003,0,0,0
106900004,0,0,0
106900006,0,0,0
106900007,0,0,0
106900008,0,0,0
106900009,0,0,0
106900010,0,0,0
106900012,0,0,0
106900013,0,0,0
106900014,0,0,0
106900015,0,0,0
106900016,0,0,0
106900017,0,0,0
106900018,0,0,0
106900019,24,1,23
106900020,0,0,0
106900021,31,0,31
106900022,3,0,3
106900023,0,0,0
106900024,0,0,0
106900025,0,0,0
106900026,0,0,0
106900027,273,1,272
107000001,1694,2241,-547
107000002,522,766,-244
107000003,4263,4413,-150
107000004,1161,732,429
107000005,3469,3062,407
107000006,1253,687,566
107000007,2797,3205,-408
107000008,1575,1299,276
107000009,6214,5910,304
107000010,1716,1213,503
107000011,93,111,-18
107000012,592,192,400
107000013,0,0,0
107000014,0,0,0
107000015,0,0,0
107000016,0,0,0
107000017,312,145,167
107000018,0,117,-117
107000020,197,398,-201
107000021,207,77,130
107000022,300,511,-211
107000023,517,77,440
107000024,220,696,-476
107000025,86,104,-18
107000026,88,161,-73
107000027,532,152,380
107000028,460,274,186
107000029,1514,1012,502
107000030,759,627,132
107000031,1709,790,919
107000032,119,336,-217
107000033,808,1134,-326
107000034,551,203,348
107000035,95,114,-19
107000036,111,383,-272
107000037,57,399,-342
107000038,42,75,-33
107000039,324,563,-239
107000040,110,47,63
107000041,433,315,118
107000042,130,762,-632
107000043,336,272,64
107000044,110,223,-113
107000045,50,188,-138
107000046,348,170,178
107000047,144,254,-110
107000048,293,162,131
107000049,166,360,-194
107000050,322,291,31
107000051,284,404,-120
107000052,356,459,-103
107000053,246,191,55
107000054,11,209,-198
107000055,118,95,23
107000056,447,692,-245
107000057,582,213,369
107000058,1458,1704,-246
107000059,197,375,-178
107000060,3399,3084,315
107000061,933,672,261
107000062,3157,1300,1857
107000063,576,600,-24
107000064,2324,1620,704
107000065,593,890,-297
107000066,1363,1653,-290
107000067,524,351,173
107000068,428,465,-37
107000069,345,523,-178
107000070,312,0,312
107000071,1592,7,1585
107000072,1,114,-113
107000073,373,102,271
107000074,74,83,-9
107000075,1452,65,1387
107000076,13,142,-129
107000077,1522,155,1367
107000078,39,183,-144
107000079,1458,218,1240
107000080,43,243,-200
107000081,1353,284,1069
107000082,273,284,-11
107000083,752,388,364
107000084,149,454,-305
107000085,1197,1074,123
107000086,568,784,-216
107000087,1000,721,279
107000088,515,790,-275
107000089,777,649,128
107000090,188,219,-31
107000091,797,279,518
107000092,134,261,-127
107000093,551,627,-76
107000094,141,241,-100
107000095,801,339,462
107000096,87,120,-33
107000097,401,174,227
107000098,112,247,-135
107000099,229,263,-34
107000100,55,120,-65
107000101,105,199,-94
107000102,169,246,-77
107000103,273,106,167
107000104,53,115,-62
107000105,426,78,348
107000106,57,78,-21
107000107,333,126,207
107000108,65,122,-57
107000109,391,72,319
107000110,0,0,0
107000111,251,29,222
107000112,0,0,0
107000113,542,41,501
107000114,0,0,0
107000115,450,99,351
107000116,0,0,0
107000117,57,461,-404
107000118,0,0,0
107000119,386,909,-523
107000120,0,0,0
107000121,558,259,299
107000122,221,188,33
107000123,327,232,95
107000124,116,140,-24
107000125,672,133,539
107000126,256,121,135
107000129,62,51,11
107000130,373,268,105
107000131,86,168,-82
107000132,168,98,70
107000133,123,7,116
107000134,153,0,153
107000135,0,90,-90
107000136,396,1,395
107000137,1,103,-102
107000138,14,0,14
107000139,0,110,-110
107000140,413,0,413
107000141,2,129,-127
107000142,96,7,89
107000143,0,135,-135
107000144,186,208,-22
107000145,19,128,-109
107000146,20,38,-18
107000147,226,233,-7
107000150,308,1212,-904
107000151,12,3,9
107000152,109,557,-448
107000153,35,21,14
107000154,0,54,-54
107000155,465,10,455
107000156,581,10,571
107000157,4,179,-175
107000158,213,2,211
107000159,12,108,-96
107000160,815,53,762
107000161,16,143,-127
107000162,150,246,-96
107000163,63,0,63
107000164,380,1,379
107000165,841,18,823
107000166,1,66,-65
107000167,207,33,174
107000168,617,113,504
107000169,53,223,-170
107000170,1210,322,888
107000171,140,212,-72
107000172,549,544,5
107000173,133,88,45
107000174,278,1390,-1112
107000175,792,166,626
107000176,6,0,6
107000177,0,0,0
107000178,4,2,2
107000179,124,198,-74
107000180,1014,99,915
107000181,108,67,41
107000182,1360,49,1311
107000183,80,44,36
107000184,539,85,454
107000185,125,106,19
107000186,492,83,409
107000187,384,399,-15
107000188,38,78,-40
107000189,296,199,97
107000190,148,76,72
107000191,389,340,49
107000192,280,59,221
107000193,155,180,-25
107000194,142,85,57
107000197,495,49,446
107000198,114,160,-46
107000199,194,103,91
107000200,114,229,-115
107000201,135,86,49
107000202,91,299,-208
107000203,105,461,-356
107000204,129,1152,-1023
107000205,267,88,179
107000206,83,755,-672
107000207,133,203,-70
107000208,104,120,-16
107000209,146,177,-31
107000210,27,128,-101
107000211,2,71,-69
107000212,0,68,-68
107000213,1,12,-11
107000214,18,37,-19
107000215,162,58,104
107000216,151,110,41
107000217,14,11,3
107000219,4,62,-58
107000220,38,6,32
107000222,12,50,-38
107000224,183,14,169
107000225,52,130,-78
107000226,189,32,157
107000227,3,62,-59
107000228,2,63,-61
107000229,66,44,22
107000230,129,154,-25
107000231,290,415,-125
107000232,44,2,42
107000233,3,143,-140
107000234,1,67,-66
107000235,34,10,24
107000236,0,0,0
107000237,30,2,28
107000238,26,1,25
107000239,511,166,345
107000240,27,25,2
107000241,4,4,0
107000242,21,3,18
107000243,1,93,-92
107000244,2,0,2
107000246,0,42,-42
107000249,1,44,-43
107000251,0,3,-3
107000252,0,71,-71
107000255,36,0,36
107000257,0,164,-164
107000258,0,33,-33
107000259,0,28,-28
107000260,882,5,877
107000262,2,63,-61
107000263,314,0,314
107000266,16,2,14
107000267,2,23,-21
107000268,49,15,34
107000269,1,0,1
107000270,86,48,38
107000271,8,0,8
107000272,55,0,55
107000273,0,43,-43
107000274,128,62,66
107000275,2,68,-66
107000280,548,13,535
107000281,4,76,-72
107000282,8,154,-146
107000290,0,6,-6
107000291,1,9,-8
107000292,0,14,-14
107000293,11,0,11
107000294,0,16,-16
107000295,13,0,13
107000296,0,5,-5
107000444,98,2,96
107000496,0,1,-1
107000497,154,195,-41
107000500,247,61,186
107000501,7,88,-81
107000502,98,58,40
107000505,50,325,-275
107000506,0,0,0
107000508,0,48,-48
107000509,73,350,-277
107000510,1,40,-39
107000514,20,79,-59
107000515,0,25,-25
107000516,305,67,238
107000518,601,507,94
107000519,73,24,49
107000520,22,11,11
107000521,157,12,145
107000522,214,171,43
107900001,5,0,5
107900002,1,1,0
107900003,14,1,13
107900004,18,0,18
107900005,594,0,594
107900006,36,2,34
107900007,71,0,71
107900008,22,1,21
107900009,4,0,4
107900010,0,0,0
107900012,43,3,40
107900013,18,1,17
107900014,1,0,1
107900015,287,7,280
107900016,47,18,29
107900017,3,0,3
107900018,4,51,-47
107900019,7,2,5
107900020,0,0,0
107900021,5,0,5
107900023,6,0,6
107900024,0,0,0
107900025,47,33,14
107900026,19,0,19
107900027,0,0,0
107900028,9,1,8
107900030,47,3,44
107900031,31,5,26
107900032,9,0,9
107900033,0,1,-1
107900034,37,0,37
107900035,298,12,286
107900036,1,30,-29
107900037,0,0,0
107900038,6,33,-27
107900039,5,0,5
107900040,0,0,0
107900041,0,0,0
107900043,19,7,12
107900044,3,1,2
107900045,28,36,-8
107900046,30,30,0
107900047,0,0,0
107900048,21,1,20
107900049,4,72,-68
107900050,0,17,-17
107900051,19,0,19
107900052,0,0,0
107900053,1,15,-14
107900055,48,14,34
107900056,4,17,-13
107900057,0,0,0
107900058,0,32,-32
107900060,0,0,0
107900061,0,0,0
107900063,2,23,-21
107900064,56,103,-47
107900065,121,2,119
107900066,10,0,10
107900067,0,0,0
107900068,27,131,-104
107900069,1,521,-520
107900070,19,22,-3
107900071,1,14,-13
107900072,46,5,41
107900073,0,0,0
107900074,0,0,0
107900076,21,2,19
107900077,1,0,1
107900078,33,16,17
107900079,5,5,0
107900080,5,32,-27
107900081,0,0,0
107900082,0,0,0
107900083,48,54,-6
107900084,1,21,-20
107900086,1,33,-32
107900087,8,15,-7
107900088,0,0,0
107900089,15,64,-49
107900090,4,134,-130
107900091,59,78,-19
107900092,165,11,154
107900093,0,0,0
107900095,198,233,-35
107900097,19,1,18
107900098,12,8,4
107900100,52,408,-356
107900101,29,9,20
107900102,6,0,6
107900103,3,14,-11
107900104,0,0,0
107900105,0,135,-135
107900106,0,128,-128
107900107,0,0,0
107900108,5,4,1
107900109,509,6,503
107900110,45,2,43
107900111,0,20,-20
107900112,5,35,-30
107900113,0,0,0
107900114,81,11,70
107900115,0,0,0
107900116,112,44,68
107900117,62,38,24
107900118,0,7,-7
107900119,20,29,-9
107900120,10,0,10
107900121,0,0,0
107900122,0,0,0
107900123,1,1,0
107900124,0,0,0
107900125,1,8,-7
107900126,2,0,2
107900127,0,0,0
107900128,6,11,-5
107900129,39,0,39
107900130,0,0,0
107900131,7,6,1
107900132,0,29,-29
107900133,0,0,0
107900134,2,2,0
107900135,0,1,-1
107900136,0,0,0
107900137,28,12,16
107900138,8,0,8
107900139,0,0,0
107900140,1,4,-3
107900141,1,2,-1
107900142,2,21,-19
107900143,8,1,7
107900144,0,3,-3
107900145,0,0,0
107900146,5,13,-8
107900147,4,1,3
107900148,21,6,15
107900149,54,6,48
107900150,0,15,-15
107900151,1,0,1
107900152,0,0,0
107900153,1,71,-70
107900154,7,2,5
107900155,0,0,0
107900156,0,0,0
107900157,19,20,-1
107900158,205,1,204
107900159,1,28,-27
107900160,58,15,43
107900161,3,2,1
107900162,0,0,0
107900163,0,0,0
107900164,0,0,0
107900165,6,82,-76
107900166,3,4,-1
107900167,0,0,0
107900168,1,0,1
107900169,2,4,-2
107900171,1,88,-87
107900172,1,0,1
107900173,0,7,-7
107900174,0,0,0
107900175,0,0,0
107900176,1,0,1
107900177,0,0,0
107900178,2,7,-5
107900179,0,0,0
107900180,13,210,-197
107900181,0,0,0
107900182,0,18,-18
107900183,0,3,-3
107900184,0,0,0
107900185,0,0,0
107900186,0,1,-1
107900187,0,6,-6
107900188,281,70,211
107900189,0,0,0
107900190,2,22,-20
107900191,0,0,0
107900193,0,0,0
107900194,0,0,0
107900195,96,6,90
107900196,0,0,0
107900197,2,8,-6
107900199,0,0,0
107900201,0,0,0
107900203,1,0,1
107900204,0,0,0
107900205,16,10,6
107900206,12,76,-64
107900207,0,16,-16
107900208,0,18,-18
107900209,0,0,0
107900210,1,0,1
107900213,0,0,0
107900214,0,30,-30
107900215,6,43,-37
107900216,0,0,0
107900217,0,0,0
107900218,0,0,0
107900219,1,4,-3
107900220,0,0,0
107900221,7,5,2
107900223,0,0,0
107900224,44,55,-11
107900225,0,0,0
107900226,0,0,0
107900227,6,11,-5
107900228,0,0,0
107900229,0,0,0
107900230,0,2,-2
107900231,0,0,0
107900232,41,0,41
107900233,0,0,0
107900234,0,0,0
107900235,3,8,-5
107900236,0,0,0
107900237,0,0,0
107900238,0,0,0
107900239,26,32,-6
107900240,9,5,4
107900241,0,0,0
107900242,0,3,-3
107900243,0,0,0
107900244,0,0,0
107900245,109,18,91
107900246,75,5,70
107900248,192,0,192
107900249,130,14,116
107900250,0,10,-10
107900251,4,26,-22
107900252,62,2,60
107900253,37,2,35
107900254,1,10,-9
107900255,18,4,14
107900256,17,0,17
107900257,53,39,14
107900258,16,4,12
107900259,1,387,-386
107900261,0,84,-84
107900262,0,0,0
107900264,89,1,88
107900265,13,42,-29
107900267,56,0,56
107900268,0,0,0
107900269,0,0,0
107900270,0,0,0
107900271,0,0,0
107900272,19,0,19
107900273,20,0,20
107900274,40,0,40
107900275,2,0,2
107900276,0,0,0
107900277,0,0,0
107900278,100,0,100
107900279,0,0,0
107900280,431,118,313
107900281,143,885,-742
107900282,10,232,-222
107900283,189,55,134
107900284,262,38,224
107900285,30,1,29
107900286,2,3,-1
107900287,94,21,73
107900290,0,1,-1
107900291,72,0,72
107900292,94,42,52
107900293,51,72,-21
107900295,1,0,1
107900297,0,0,0
107900298,107,124,-17
107900299,339,296,43
107900300,138,102,36
107900301,58,107,-49
107900302,41,17,24
107900303,177,13,164
107900304,60,0,60
107900305,111,1,110
107900306,0,0,0
107900307,0,0,0
107900308,27,12,15
107900309,1,0,1
107900310,1,0,1
107900311,0,0,0
107900312,0,0,0
107900313,0,0,0
107900314,0,0,0
107900315,0,0,0
107900316,0,0,0
107900317,0,0,0
107900318,0,0,0
107900319,0,2,-2
107900320,0,1,-1
107900321,41,0,41
107900322,2,8,-6
107900323,10,3,7
107900324,29,2,27
107900325,24,0,24
107900326,163,31,132
107900327,0,0,0
107900328,0,0,0
107900329,0,0,0
107900330,0,2,-2
107900331,90,12,78
107900332,82,2,80
107900333,40,1,39
107900334,2,7,-5
107900335,1,3,-2
107900336,0,2,-2
107900337,92,204,-112
107900338,0,2,-2
107900339,0,0,0
107900340,0,0,0
107900341,2,0,2
107900342,25,123,-98
107900343,1,0,1
107900344,0,10,-10
107900345,45,9,36
107900346,0,0,0
107900347,11,0,11
107900348,0,0,0
107900349,29,1,28
107900350,1,34,-33
107900351,0,0,0
108000001,2162,1196,966
108000002,124,192,-68
108000003,1963,1035,928
108000004,1354,3033,-1679
108000005,5341,2227,3114
108000006,1008,1183,-175
108000007,3632,1505,2127
108000008,901,885,16
108000009,3025,1756,1269
108000010,490,817,-327
108000011,8384,4274,4110
108000012,2673,2150,523
108000014,162,430,-268
108000015,477,68,409
108000016,15,84,-69
108000017,745,154,591
108000018,1264,128,1136
108000019,268,150,118
108000020,690,205,485
108000021,72,55,17
108000022,196,312,-116
108000023,711,100,611
108000024,108,124,-16
108000025,205,14,191
108000026,449,49,400
108000027,332,2,330
108000028,509,64,445
108000029,251,15,236
108000030,259,15,244
108000031,100,8,92
108000032,1169,209,960
108000033,104,135,-31
108000034,1450,93,1357
108000035,103,455,-352
108000036,56,106,-50
108000037,961,89,872
108000038,1760,191,1569
108000039,63,118,-55
108000040,1220,326,894
108000041,51,145,-94
108000042,210,49,161
108000043,34,15,19
108000044,811,24,787
108000045,38,2,36
108000046,1102,130,972
108000047,123,170,-47
108000048,0,0,0
108000049,571,70,501
108000050,5,27,-22
108000051,188,60,128
108000052,23,25,-2
108000053,210,121,89
108000054,104,251,-147
108000055,531,215,316
108000056,154,162,-8
108000057,261,592,-331
108000058,988,1842,-854
108000059,373,717,-344
108000060,86,160,-74
108000061,58,99,-41
108000062,437,178,259
108000063,286,119,167
108000064,147,140,7
108000065,268,182,86
108000066,578,93,485
108000067,923,168,755
108000068,597,161,436
108000069,62,359,-297
108000070,1804,181,1623
108000071,88,396,-308
108000072,1176,243,933
108000073,231,303,-72
108000074,639,186,453
108000075,162,146,16
108000076,1018,143,875
108000077,123,135,-12
108000078,1600,317,1283
108000079,104,319,-215
108000080,998,263,735
108000081,132,419,-287
108000082,141,120,21
108000083,830,312,518
108000084,47,89,-42
108000085,524,179,345
108000086,98,49,49
108000087,76,1272,-1196
108000088,85,0,85
108000089,121,77,44
108000090,284,37,247
108000091,18,120,-102
108000092,259,16,243
108000093,64,112,-48
108000094,550,25,525
108000095,37,55,-18
108000096,485,80,405
108000097,55,62,-7
108000098,1201,300,901
108000099,98,62,36
108000100,123,98,25
108000101,767,433,334
108000102,655,1018,-363
108000106,358,0,358
108000107,0,177,-177
108000108,305,10,295
108000109,0,112,-112
108000110,226,40,186
108000111,19,149,-130
108000112,29,114,-85
108000113,147,173,-26
108000115,119,67,52
108000117,341,96,245
108000118,60,39,21
108000119,263,36,227
108000120,64,217,-153
108000121,123,60,63
108000122,313,81,232
108000123,275,30,245
108000124,53,35,18
108000125,352,59,293
108000126,97,47,50
108000127,354,46,308
108000128,342,41,301
108000129,62,43,19
108000130,204,84,120
108000131,347,64,283
108000132,104,112,-8
108000133,1079,115,964
108000134,187,85,102
108000135,896,82,814
108000136,38,82,-44
108000137,278,37,241
108000138,119,263,-144
108000139,413,96,317
108000140,417,3,414
108000141,6,32,-26
108000142,11,23,-12
108000143,31,9,22
108000144,382,3,379
108000145,38,30,8
108000146,333,6,327
108000147,11,13,-2
108000148,102,15,87
108000149,2,2,0
108000150,34,20,14
108000151,0,22,-22
108000152,20,17,3
108000153,254,51,203
108000154,40,16,24
108000155,47,11,36
108000156,248,60,188
108000157,42,673,-631
108000158,15,183,-168
108000159,113,37,76
108000160,852,543,309
108000161,775,816,-41
108000165,25,130,-105
108000172,0,53,-53
108000173,837,472,365
108000175,255,22,233
108000178,152,252,-100
108000179,115,497,-382
108000181,57,5,52
108000182,95,6,89
108000183,0,8,-8
108000184,107,1336,-1229
108000185,0,7,-7
108000186,87,2,85
108000187,1,40,-39
108000188,145,1,144
108000189,129,787,-658
108000190,0,0,0
108000192,111,105,6
108000193,40,13,27
108000194,10,0,10
108000195,1,11,-10
108000196,96,15,81
108000198,230,62,168
108000199,0,0,0
108000200,156,3,153
108000202,1,173,-172
108000203,0,46,-46
108000204,47,36,11
108000205,51,8,43
108000339,628,413,215
108000364,47,104,-57
108000365,21,101,-80
108000367,63,2,61
108000368,0,0,0
108000369,91,8,83
108000371,1,190,-189
108000372,275,0,275
108000373,89,61,28
108000376,73,13,60
108000377,354,165,189
108000378,6525,5618,907
108000379,0,0,0
108000381,86,11,75
108000382,66,1,65
108000383,0,17,-17
108900001,0,14,-14
108900002,77,1,76
108900003,0,17,-17
108900004,107,122,-15
108900005,17,157,-140
108900006,164,96,68
108900007,119,88,31
108900008,76,26,50
108900009,59,42,17
108900010,93,36,57
108900011,550,57,493
108900012,275,119,156
108900013,104,61,43
108900014,0,12,-12
108900015,0,0,0
108900016,0,0,0
108900017,20,23,-3
108900018,31,94,-63
108900019,0,13,-13
108900020,16,14,2
108900021,19,60,-41
108900022,41,0,41
108900023,0,3,-3
108900024,2,9,-7
108900025,102,4,98
108900026,0,0,0
108900027,0,9,-9
108900028,18,44,-26
108900029,3,56,-53
108900030,0,1,-1
108900031,20,32,-12
108900032,0,0,0
108900033,0,14,-14
108900034,0,5,-5
108900035,37,85,-48
108900036,84,54,30
108900037,0,0,0
108900038,0,25,-25
108900039,0,25,-25
108900040,2,20,-18
108900041,1038,828,210
108900042,0,34,-34
108900043,0,0,0
108900044,0,18,-18
108900045,53,47,6
108900046,1,33,-32
108900047,0,4,-4
108900048,27,31,-4
108900049,118,277,-159
108900050,2,45,-43
108900051,0,3,-3
108900052,17,19,-2
108900053,2,52,-50
108900054,2,0,2
108900055,6,19,-13
108900056,0,19,-19
108900057,0,20,-20
108900058,10,42,-32
108900059,175,4,171
108900060,21,73,-52
108900061,3,1,2
108900062,0,6,-6
108900063,1,9,-8
108900064,14,12,2
108900065,0,9,-9
108900066,191,15,176
108900067,0,14,-14
108900068,0,28,-28
108900069,49,3,46
108900070,23,8,15
108900071,62,3,59
108900072,183,161,22
108900073,21,23,-2
108900074,63,12,51
108900075,14,3,11
108900076,191,29,162
108900077,6,16,-10
108900078,8,8,0
108900079,66,4,62
108900080,18,137,-119
108900081,2,46,-44
108900082,25,20,5
108900083,1,19,-18
108900084,26,8,18
108900085,94,4,90
108900086,12,6,6
108900087,72,21,51
108900088,182,45,137
108900089,0,57,-57
108900090,33,9,24
108900091,5,16,-11
108900092,131,54,77
108900093,21,37,-16
108900094,61,12,49
108900095,2,22,-20
108900096,23,1,22
108900097,76,18,58
108900098,241,332,-91
108900099,138,34,104
108900100,6,22,-16
108900101,47,19,28
108900102,6,307,-301
108900103,58,50,8
108900104,4,21,-17
108900105,0,543,-543
108900106,116,29,87
108900108,78,4,74
108900109,84,10,74
108900110,54,36,18
108900111,185,14,171
108900112,65,5,60
108900113,37,27,10
108900114,12,1,11
108900115,88,29,59
108900116,5,0,5
108900117,64,1,63
108900118,146,3,143
108900119,143,1,142
108900120,82,28,54
108900121,20,19,1
108900122,68,0,68
108900123,45,35,10
108900124,41,1,40
108900125,140,2,138
108900126,77,7,70
108900127,142,1,141
108900128,132,2,130
108900129,71,1,70
108900130,94,0,94
108900131,191,7,184
108900132,96,4,92
108900133,119,1,118
108900134,324,12,312
108900135,112,0,112
108900136,12,0,12
108900137,61,2,59
108900138,254,5,249
108900139,248,4,244
108900140,274,22,252
108900141,189,1,188
108900142,11,0,11
108900143,13,0,13
108900144,59,0,59
108900145,171,8,163
108900146,16,0,16
108900147,195,0,195
108900148,7,1,6
108900149,69,19,50
108900150,34,3,31
108900151,2,0,2
108900152,118,1,117
108900153,129,6,123
108900154,1902,87,1815
108900155,82,4,78
108900156,9,16,-7
108900157,0,14,-14
108900158,178,25,153
108900159,0,8,-8
108900160,9,43,-34
108900161,0,59,-59
108900162,57,0,57
108900163,3,151,-148
108900164,35,8,27
108900165,46,14,32
108900167,80,2883,-2803
108900168,742,900,-158
108900169,2,15,-13
108900171,508,1164,-656
108900172,58,8,50
108900173,20,23,-3
108900174,586,45,541
108900176,13,52,-39
108900177,199,675,-476
108900178,337,996,-659
108900179,50,583,-533
108900180,20,119,-99
108900182,6,132,-126
108900183,23,46,-23
108900184,172,75,97
108900185,3,106,-103
108900186,32,38,-6
108900187,322,4,318
108900188,379,4,375
108900189,83,16,67
108900190,0,74,-74
108900191,43,6,37
108900192,10,48,-38
108900193,0,2,-2
108900194,0,11,-11
108900195,22,30,-8
108900196,0,7,-7
108900198,0,17,-17
108900199,39,28,11
108900200,200,116,84
108900201,50,191,-141
108900203,219,20,199
108900204,170,1,169
108900205,113,5,108
108900206,61,26,35
108900207,25,16,9
108900208,0,53,-53
108900209,18,42,-24
108900210,22,6,16
108900211,1,45,-44
108900212,4,142,-138
108900215,0,11,-11
108900216,59,48,11
108900217,2,0,2
108900218,8,1,7
108900219,22,2,20
108900220,3,0,3
108900221,0,0,0
108900222,65,1,64
108900223,0,0,0
108900224,0,0,0
108900225,0,0,0
108900226,51,5,46
108900227,17,61,-44
108900230,12,48,-36
108900231,1,16,-15
108900232,0,29,-29
108900233,125,0,125
108900234,130,2,128
108900235,0,0,0
108900236,0,0,0
108900237,0,0,0
108900240,9,17,-8
108900241,0,14,-14
108900245,0,113,-113
108900249,7,0,7
108900250,67,0,67
108900257,25,0,25
108900258,0,11,-11
108900259,0,0,0
108900260,0,0,0
108900261,9,3,6
108900262,8,21,-13
108900263,0,13,-13
108900264,6,14,-8
108900265,34,189,-155
108900266,10,280,-270
108900267,1,100,-99
108900268,44,4,40
108900269,31,1,30
108900270,44,1,43
108900271,15,0,15
108900272,61,2,59
108900273,29,159,-130
108900274,0,6,-6
109000001,631,2131,-1500
109000002,1,273,-272
109000003,1186,209,977
109000004,1,152,-151
109000005,1004,292,712
109000006,3,115,-112
109000007,1102,322,780
109000008,14,69,-55
109000009,1675,520,1155
109000010,15,160,-145
109000011,2245,743,1502
109000012,33,166,-133
109000013,3005,1763,1242
109000014,68,176,-108
109000015,2837,4147,-1310
109000016,99,258,-159
109000017,1786,440,1346
109000018,42,219,-177
109000019,1301,798,503
109000020,11,69,-58
109000023,40,2,38
109000024,0,20,-20
109000025,69,162,-93
109000026,275,242,33
109000027,19,114,-95
109000028,78,21,57
109000029,22,102,-80
109000030,0,0,0
109000031,159,47,112
109000032,0,8,-8
109000033,253,64,189
109000034,6,1,5
109000035,1,14,-13
109000036,11,72,-61
109000037,80,968,-888
109000038,68,49,19
109000039,239,477,-238
109000040,331,3771,-3440
109000041,223,885,-662
109000042,170,396,-226
109000044,211,14,197
109000045,31,1,30
109000046,228,38,190
109000047,5,2,3
109000048,325,55,270
109000049,17,6,11
109000050,152,88,64
109000051,19,26,-7
109000052,117,65,52
109000053,289,57,232
109000054,10,40,-30
109000055,29,127,-98
109000056,95,18,77
109000057,59,225,-166
109000058,107,6,101
109000059,2,198,-196
109000060,105,133,-28
109000061,42,1051,-1009
109000062,27,132,-105
109000063,6,18,-12
109000064,165,29,136
109000065,11,33,-22
109000066,201,3,198
109000067,1,38,-37
109000068,185,16,169
109000069,138,3,135
109000070,0,6,-6
109000071,125,17,108
109000072,56,363,-307
109000073,5,61,-56
109000074,10,161,-151
109000075,40,2,38
109000076,28,121,-93
109000077,93,130,-37
109000078,47,40,7
109000079,23,34,-11
109000080,103,15,88
109000081,75,71,4
109000082,266,4,262
109000083,109,104,5
109000088,83,40,43
109000089,163,33,130
109000090,182,69,113
109000091,192,58,134
109000092,143,168,-25
109000093,216,36,180
109000094,424,2,422
109000095,18,50,-32
109000096,568,42,526
109000097,1,18,-17
109000098,28,50,-22
109000099,380,21,359
109000100,40,189,-149
109000101,943,242,701
109000102,230,186,44
109000103,182,134,48
109000104,1070,153,917
109000105,102,181,-79
109000106,828,204,624
109000107,146,166,-20
109000108,1142,245,897
109000109,156,133,23
109000110,472,419,53
109000111,271,361,-90
109000112,38,11,27
109000113,86,34,52
109000114,299,152,147
109000115,261,14,247
109000116,0,58,-58
109000117,133,10,123
109000118,0,54,-54
109000119,751,5,746
109000120,7,85,-78
109000121,460,3,457
109000122,12,85,-73
109000123,18,8,10
109000124,291,73,218
109000125,693,83,610
109000126,22,26,-4
109000127,984,47,937
109000128,54,34,20
109000129,1402,119,1283
109000130,78,42,36
109000131,488,422,66
109000132,84,162,-78
109000133,20,53,-33
109000134,32,30,2
109000135,54,26,28
109000136,119,163,-44
109000137,333,41,292
109000138,151,69,82
109000139,367,30,337
109000140,90,114,-24
109000141,109,69,40
109000142,17,54,-37
109000143,26,39,-13
109000145,35,100,-65
109000146,53,226,-173
109000148,63,109,-46
109000149,15,138,-123
109000150,32,116,-84
109000155,166,310,-144
109000156,290,22,268
109000158,4,228,-224
109000159,32,159,-127
109000160,500,49,451
109000161,247,116,131
109000162,824,176,648
109000163,613,93,520
109000164,736,549,187
109000165,725,310,415
109000166,412,29,383
109000167,72,114,-42
109000170,0,6,-6
109000171,62,7,55
109000172,0,6,-6
109000173,1,16,-15
109000174,24,3,21
109000175,47,20,27
109000176,104,102,2
109000177,2,13,-11
109000178,178,49,129
109000179,498,857,-359
109000180,918,459,459
109000181,12,10,2
109000182,52,34,18
109000183,21,12,9
109000184,30,71,-41
109000185,30,36,-6
109000188,194,165,29
109000189,571,73,498
109000190,180,114,66
109000191,243,95,148
109000192,289,11,278
109000193,145,24,121
109000194,54,5,49
109000195,22,12,10
109000196,51,1,50
109000197,107,15,92
109000198,162,11,151
109000199,52,4,48
109000206,115,4,111
109000207,79,3,76
109000208,59,50,9
109000209,63,30,33
109000210,1,33,-32
109000211,245,279,-34
109000214,200,193,7
109000215,75,33,42
109000216,143,155,-12
109000217,2,4,-2
109000218,19,18,1
109000221,24,101,-77
109000222,288,37,251
109000223,111,136,-25
109000224,127,52,75
109000225,71,21,50
109000226,66,61,5
109000227,600,124,476
109000228,0,1,-1
109000231,1,25,-24
109000232,416,43,373
109000236,3,34,-31
109000241,442,184,258
109000242,430,118,312
109000293,8,28,-20
109000361,36,7,29
109000364,9,27,-18
109000396,2,44,-42
109000397,627,1,626
109000399,56,140,-84
109000400,64,33,31
109000403,3,619,-616
109000406,68,0,68
109000407,13,71,-58
109000408,1,55,-54
109000410,0,0,0
109000411,125,1,124
109900001,0,0,0
109900002,140,3,137
109900003,83,0,83
109900004,39,3,36
109900005,4,0,4
109900006,205,17,188
109900007,340,1,339
109900008,0,0,0
109900009,0,15,-15
109900010,0,0,0
109900011,24,32,-8
109900012,59,15,44
109900013,75,30,45
109900014,13,6,7
109900015,47,12,35
109900016,38,0,38
109900017,41,26,15
109900018,17,0,17
109900019,8,6,2
109900020,14,2,12
109900021,2,1,1
109900022,99,6,93
109900023,14,0,14
109900024,0,0,0
109900025,0,0,0
109900026,0,26,-26
109900027,2,2,0
109900028,20,170,-150
109900029,0,6,-6
109900030,1,0,1
109900031,0,11,-11
109900032,0,0,0
109900033,0,18,-18
109900034,12,1,11
109900035,1,4,-3
109900036,0,0,0
109900037,0,0,0
109900038,2,20,-18
109900039,20,9,11
109900040,0,0,0
109900041,0,0,0
109900042,0,0,0
109900044,16,4,12
109900045,35,3,32
109900046,8,4,4
109900047,2,42,-40
109900048,0,5,-5
109900049,0,2,-2
109900050,0,2,-2
109900051,0,2,-2
109900052,1,59,-58
109900053,1,20,-19
109900054,406,9,397
109900055,20,40,-20
109900056,0,0,0
109900057,0,6,-6
109900058,0,0,0
109900059,506,7,499
109900060,145,5,140
109900061,0,6,-6
109900062,0,0,0
109900063,0,19,-19
109900064,78,16,62
109900065,10,3,7
109900066,0,8,-8
109900067,0,0,0
109900068,91,2,89
109900069,0,0,0
109900070,1,10,-9
109900071,0,1,-1
109900072,0,16,-16
109900073,122,22,100
109900074,0,3,-3
109900075,0,0,0
109900076,0,3,-3
109900077,1,28,-27
109900078,8,5,3
109900080,23,23,0
109900081,0,5,-5
109900082,1,11,-10
109900083,0,12,-12
109900084,0,0,0
109900085,43,28,15
109900086,9,104,-95
109900087,14,33,-19
109900089,94,1,93
109900090,18,63,-45
109900091,233,3,230
109900092,0,0,0
109900093,70,3,67
109900094,0,0,0
109900095,8,16,-8
109900096,56,0,56
109900097,1,1,0
109900098,113,3,110
109900099,182,1,181
109900100,0,0,0
109900101,305,3,302
109900102,0,0,0
109900103,16,1,15
109900104,410,17,393
109900105,0,0,0
109900106,0,0,0
109900107,0,0,0
109900108,0,0,0
109900109,0,0,0
109900110,1,1,0
109900111,64,27,37
109900112,9,7,2
109900113,258,138,120
109900114,199,26,173
109900115,29,5,24
109900117,397,16,381
109900118,13,11,2
109900119,33,51,-18
109900120,9,2,7
109900121,27,11,16
109900122,263,1,262
109900123,0,3,-3
109900124,0,1,-1
109900125,0,18,-18
109900126,90,4,86
109900128,111,2,109
109900130,261,279,-18
109900131,0,46,-46
109900132,2,9,-7
109900133,15,18,-3
109900134,0,0,0
109900135,0,0,0
109900136,0,0,0
109900137,40,16,24
109900140,46,4,42
109900142,219,8,211
109900145,4,38,-34
109900146,4,0,4
109900148,29,14,15
109900149,1,8,-7
109900150,0,6,-6
109900151,0,4,-4
109900152,0,6,-6
109900153,1,17,-16
109900154,8,14,-6
109900155,9,2,7
109900157,29,20,9
109900158,0,7,-7
109900159,49,5,44
109900160,9,4,5
109900161,49,16,33
109900162,64,30,34
109900163,93,47,46
109900164,46,114,-68
109900165,31,0,31
109900166,10,24,-14
109900167,13,58,-45
109900168,26,51,-25
109900169,0,0,0
109900170,10,223,-213
109900171,14,29,-15
109900172,18,60,-42
109900173,62,315,-253
109900174,2,14,-12
109900175,0,0,0
109900176,0,0,0
109900177,0,0,0
109900178,0,0,0
109900179,0,0,0
109900180,0,0,0
110000001,95,101,-6
110000002,397,728,-331
110000003,144,232,-88
110000004,323,793,-470
110000005,201,1048,-847
110000006,58,433,-375
110000007,49,5,44
110000008,3,26,-23
110000009,0,19,-19
110000010,34,41,-7
110000011,6,5,1
110000012,80,194,-114
110000013,53,240,-187
110000014,270,86,184
110000015,63,232,-169
110000016,197,610,-413
110000017,925,235,690
110000018,189,87,102
110000019,10,10,0
110000020,197,84,113
110000021,88,29,59
110000022,234,11,223
110000023,0,65,-65
110000024,51,55,-4
110000025,394,1,393
110000026,2,101,-99
110000027,173,262,-89
110000028,453,231,222
110000029,54,66,-12
110000030,124,213,-89
110000031,27,61,-34
110000032,314,110,204
110000033,29,21,8
110000034,191,201,-10
110000035,216,126,90
110000036,401,203,198
110000037,18,138,-120
110000038,52,226,-174
110000039,338,1122,-784
110000040,101,40,61
110000041,297,1135,-838
110000042,36,138,-102
110000043,308,198,110
110000044,4,57,-53
110000045,93,50,43
110000046,0,11,-11
110000047,3,23,-20
110000048,1,10,-9
110000049,7,4,3
110000050,2,12,-10
110000051,2,4,-2
110000052,51,39,12
110000053,0,3,-3
110000054,33,49,-16
110000055,32,49,-17
110000056,85,55,30
110000057,58,87,-29
110000058,432,343,89
110000059,65,115,-50
110000060,816,360,456
110000061,84,167,-83
110000062,597,301,296
110000063,48,40,8
110000064,52,9,43
110000065,34,39,-5
110000066,61,2,59
110000067,21,22,-1
110000068,17,10,7
110000069,279,1,278
110000071,179,4,175
110000073,0,1,-1
110000075,6,0,6
110000076,175,74,101
110000077,91,188,-97
110000078,117,2,115
110000080,40,149,-109
110000081,9,51,-42
110000082,2,90,-88
110000083,90,121,-31
110000084,420,488,-68
110000085,763,406,357
110000086,487,754,-267
110000087,14,12,2
110000088,38,62,-24
110000089,165,13,152
110000090,16,12,4
110000091,72,31,41
110000092,1,16,-15
110000093,68,11,57
110000094,216,35,181
110000095,73,261,-188
110000096,272,245,27
110000097,492,664,-172
110000098,668,168,500
110000099,189,233,-44
110000100,390,18,372
110000101,1,28,-27
110000102,28,24,4
110000104,141,60,81
110000105,48,44,4
110000106,133,195,-62
110000107,37,63,-26
110000108,41,133,-92
110000109,3,19,-16
110000110,1147,1594,-447
110000111,1191,1001,190
110000112,100,209,-109
110000113,77,667,-590
110000114,109,319,-210
110000115,138,78,60
110000116,25,12,13
110000117,136,33,103
110000118,235,28,207
110000119,74,32,42
110000120,134,37,97
110000121,0,95,-95
110000122,127,182,-55
110000123,323,235,88
110000124,0,216,-216
110000125,371,0,371
110000126,97,2,95
110000127,392,13,379
110000128,1,114,-113
110000129,0,35,-35
110000130,83,43,40
110000131,5,35,-30
110000132,0,53,-53
110000133,0,69,-69
110000134,2,52,-50
110000135,67,11,56
110000136,7,21,-14
110000137,298,17,281
110000138,103,44,59
110000139,573,71,502
110000140,519,150,369
110000143,220,72,148
110000144,1091,390,701
110000145,358,207,151
110000146,495,129,366
110000147,19,268,-249
110000148,173,42,131
110000151,80,191,-111
110000152,164,536,-372
110000153,0,0,0
110000154,9,48,-39
110000155,727,566,161
110000156,137,285,-148
110000157,164,559,-395
110000160,186,66,120
110000161,59,88,-29
110000166,349,14,335
110000167,699,323,376
110000168,537,298,239
110000169,354,125,229
110000170,54,98,-44
110000171,286,32,254
110000172,119,147,-28
110000173,245,213,32
110000174,36,85,-49
110000175,355,24,331
110000176,62,333,-271
110000177,84,449,-365
110000178,192,935,-743
110000179,287,81,206
110000180,44,87,-43
110000181,132,47,85
110000182,82,27,55
110000183,1914,2682,-768
110000184,72,1282,-1210
110000185,126,271,-145
110000186,64,220,-156
110000191,822,108,714
110000192,373,4,369
110000193,606,9,597
110000194,0,129,-129
110000195,296,24,272
110000196,256,13,243
110000197,21,10,11
110000198,39,8,31
110000199,16,44,-28
110000200,183,47,136
110000201,241,348,-107
110000202,443,173,270
110000203,20,34,-14
110000204,0,48,-48
110000205,160,9,151
110000206,89,48,41
110000207,790,68,722
110000208,33,60,-27
110000209,22,62,-40
110000210,937,146,791
110000211,667,240,427
110000212,143,477,-334
110000213,75,4,71
110000214,59,10,49
110000215,6,44,-38
110000216,31,68,-37
110000217,244,23,221
110000218,53,40,13
110000219,143,13,130
110000220,2,32,-30
110000221,235,10,225
110000222,7,84,-77
110000223,4,9,-5
110000224,0,1,-1
110000225,53,130,-77
110000226,134,18,116
110000227,13,145,-132
110000228,124,20,104
110000229,0,10,-10
110000230,317,233,84
110000231,90,93,-3
110000232,37,76,-39
110000233,100,80,20
110000234,246,180,66
110000235,355,366,-11
110000236,0,0,0
110000237,359,105,254
110000238,438,215,223
110000239,400,179,221
110000240,0,2,-2
110000242,0,2,-2
110000243,83,2,81
110000244,2,44,-42
110000245,1,67,-66
110000246,352,99,253
110000247,312,410,-98
110000248,246,135,111
110000249,46,3,43
110000250,0,56,-56
110000251,157,79,78
110000252,167,14,153
110000253,617,177,440
110000254,238,72,166
110000255,47,96,-49
110000256,85,85,0
110000257,52,0,52
110000258,2,45,-43
110000259,60,4,56
110000260,28,32,-4
110000263,146,19,127
110000264,296,107,189
110000265,1036,396,640
110000266,590,546,44
110000267,0,0,0
110000268,41,0,41
110000269,0,0,0
110000270,25,0,25
110000271,225,14,211
110000272,166,179,-13
110000273,138,280,-142
110000274,95,747,-652
110000275,186,81,105
110000276,70,281,-211
110000277,184,40,144
110000278,104,137,-33
110000279,543,115,428
110000280,362,80,282
110000281,54,9,45
110000282,26,0,26
110000283,2,33,-31
110000284,0,2,-2
110000285,0,10,-10
110000286,6,0,6
110000287,55,0,55
110000288,0,0,0
110000289,97,939,-842
110000290,67,88,-21
110000291,269,323,-54
110000292,266,1664,-1398
110000293,326,166,160
110000294,710,331,379
110000295,38,92,-54
110000296,297,64,233
110000297,753,28,725
110000298,3,42,-39
110000299,43,18,25
110000301,260,3,257
110000302,91,105,-14
110000303,297,2,295
110000304,22,16,6
110000305,626,4,622
110000306,0,79,-79
110000307,728,0,728
110000308,304,0,304
110000309,0,89,-89
110000310,442,12,430
110000311,0,163,-163
110000312,268,11,257
110000313,457,86,371
110000314,0,42,-42
110000315,333,591,-258
110000316,6,231,-225
110000317,20,34,-14
110000318,0,13,-13
110000319,0,9,-9
110000320,0,17,-17
110000321,17,7,10
110000322,43,125,-82
110000323,274,98,176
110000324,156,36,120
110000325,917,1138,-221
110000327,177,92,85
110000328,15,11,4
110000333,336,359,-23
110000334,70,177,-107
110000335,166,98,68
110000336,34,110,-76
110000337,906,106,800
110000338,189,126,63
110000339,233,31,202
110000340,5,20,-15
110000341,236,4,232
110000342,15,0,15
110000343,0,0,0
110000344,0,24,-24
110000345,22,38,-16
110000346,1033,442,591
110000347,837,198,639
110000348,0,5,-5
110000349,0,0,0
110000350,3,1,2
110000351,690,196,494
110000352,164,482,-318
110000353,919,149,770
110000354,108,830,-722
110000355,38,0,38
110000356,243,1,242
110000357,319,16,303
110000361,0,0,0
110000362,118,39,79
110000363,186,12,174
110000364,125,45,80
110000365,33,1,32
110000366,1,56,-55
110000367,68,15,53
110000368,0,15,-15
110000369,31,0,31
110000373,0,40,-40
110000374,6,25,-19
110000375,38,64,-26
110000376,55,37,18
110000377,13,237,-224
110000378,0,100,-100
110000379,1076,1325,-249
110000380,162,1,161
110000383,0,103,-103
110000384,380,17,363
110000385,0,12,-12
110000387,36,2,34
110000388,4,42,-38
110000389,601,81,520
110000391,383,35,348
110000396,70,6,64
110000397,41,13,28
110000398,2,19,-17
110000399,93,0,93
110000587,71,24,47
110000589,77,14,63
110000640,67,2,65
110000652,1,47,-46
110000653,44,28,16
110000654,0,0,0
110000656,0,0,0
110000674,0,0,0
110000675,0,0,0
110000676,0,0,0
110000679,0,0,0
110000682,62,94,-32
110000683,128,136,-8
110000684,0,0,0
110000685,1,1,0
110000686,0,0,0
110000687,2,1,1
110000688,4,175,-171
110000689,8,0,8
110000692,12,35,-23
110000693,7,115,-108
110000694,0,0,0
110000695,1,38,-37
110000696,72,29,43
110900001,19,1,18
110900002,41,0,41
110900003,384,5,379
110900004,229,2,227
110900005,0,0,0
110900006,1,1,0
110900007,20,18,2
110900008,0,0,0
110900009,14,93,-79
110900010,0,0,0
110900011,0,1,-1
110900012,0,0,0
110900013,204,38,166
110900014,5,0,5
110900015,16,209,-193
110900016,0,0,0
110900017,108,10,98
110900018,43,0,43
110900019,2,0,2
110900020,0,0,0
110900021,0,0,0
110900022,0,0,0
110900023,2,36,-34
110900024,0,0,0
110900025,0,0,0
110900027,0,0,0
110900028,0,0,0
110900029,0,2,-2
110900030,0,0,0
110900031,0,0,0
110900032,0,0,0
110900033,1,1,0
110900035,0,0,0
110900036,8,0,8
110900037,10,0,10
110900038,0,0,0
110900039,0,0,0
110900040,57,1,56
110900041,0,0,0
110900042,0,0,0
110900043,0,0,0
110900044,0,0,0
110900045,0,0,0
110900046,0,0,0
110900047,0,0,0
110900049,14,8,6
110900050,12,0,12
110900051,0,0,0
110900052,0,0,0
110900053,0,0,0
110900054,0,0,0
110900055,7,1,6
110900056,0,0,0
110900057,0,0,0
110900058,0,0,0
110900059,0,0,0
110900060,40,8,32
110900061,0,0,0
110900062,0,0,0
110900063,0,4,-4
110900064,0,0,0
110900065,18,15,3
110900066,0,7,-7
110900067,0,0,0
110900068,0,0,0
110900069,0,2,-2
110900070,0,0,0
110900071,0,0,0
110900073,0,1,-1
110900074,80,1,79
110900075,69,0,69
110900077,195,38,157
110900078,0,0,0
110900079,133,132,1
110900080,42,3,39
110900081,0,0,0
110900082,27,4,23
110900083,2,1,1
110900084,0,0,0
110900085,1,10,-9
110900086,5,30,-25
110900087,37,34,3
110900088,4,0,4
110900090,0,0,0
110900091,0,0,0
110900093,0,0,0
110900095,2,3,-1
110900097,0,1,-1
110900098,1,1,0
110900099,11,59,-48
110900100,0,0,0
110900102,35,32,3
110900105,52,9,43
110900108,9,9,0
110900111,17,2,15
110900112,198,2,196
110900113,12,0,12
110900115,1,1,0
110900116,233,65,168
110900118,1,390,-389
110900119,36,0,36
110900120,0,0,0
110900121,9,0,9
110900122,32,1,31
110900125,76,116,-40
110900127,0,0,0
110900128,0,5,-5
110900129,3,140,-137
110900130,13,97,-84
110900131,8,7,1
110900132,107,1,106
110900133,0,0,0
110900135,1,3,-2
110900136,36,1,35
110900137,0,0,0
110900138,52,20,32
110900139,0,16,-16
110900140,3,0,3
110900141,3,6,-3
110900142,0,0,0
110900143,52,15,37
110900144,0,0,0
110900145,19,14,5
110900146,65,42,23
110900147,0,0,0
110900148,0,0,0
110900149,0,0,0
110900150,5,20,-15
110900151,0,19,-19
110900152,0,6,-6
110900153,52,4,48
111000001,524,277,247
111000002,55,6,49
111000003,661,400,261
111000004,1,18,-17
111000005,387,691,-304
111000006,22,33,-11
111000007,1272,1199,73
111000008,85,111,-26
111000009,35,127,-92
111000010,550,299,251
111000011,51,217,-166
111000012,108,246,-138
111000013,49,336,-287
111000014,670,202,468
111000017,3,80,-77
111000018,5,27,-22
111000020,29,167,-138
111000021,11,10,1
111000023,23,58,-35
111000025,261,419,-158
111000029,6,2,4
111000030,3,0,3
111000031,985,418,567
111000032,289,93,196
111000033,72,39,33
111000034,18,63,-45
111000037,213,452,-239
111000038,536,384,152
111000039,596,426,170
111000040,495,350,145
111000041,100,170,-70
111000042,276,637,-361
111000043,1146,1108,38
111000044,925,151,774
111000045,1499,684,815
111000046,601,676,-75
111000047,1209,2408,-1199
111000049,20,17,3
111000050,123,115,8
111000051,45,68,-23
111000052,40,103,-63
111000053,55,71,-16
111000054,47,38,9
111000055,200,208,-8
111000056,18,63,-45
111000057,0,35,-35
111000058,287,17,270
111000059,229,84,145
111000060,2685,260,2425
111000061,390,116,274
111000062,603,98,505
111000063,691,302,389
111000064,605,223,382
111000065,947,217,730
111000066,386,93,293
111000067,163,66,97
111000068,78,46,32
111000069,153,217,-64
111000070,79,48,31
111000071,5,15,-10
111000072,649,419,230
111000073,151,532,-381
111000074,859,417,442
111000075,322,94,228
111000076,584,125,459
111000077,539,297,242
111000078,417,169,248
111000079,374,83,291
111000080,125,129,-4
111000081,307,1084,-777
111000082,287,149,138
111000084,189,202,-13
111000085,469,445,24
111000086,596,294,302
111000087,395,143,252
111000088,541,389,152
111000089,283,247,36
111000090,216,237,-21
111000091,162,120,42
111000092,724,239,485
111000093,304,289,15
111000094,529,229,300
111000095,321,869,-548
111000096,471,2950,-2479
111000097,214,152,62
111000098,99,84,15
111000099,43,191,-148
111000100,45,154,-109
111000101,111,127,-16
111000102,2,65,-63
111000104,332,44,288
111000107,0,65,-65
111000109,225,18,207
111000110,381,134,247
111000111,1456,56,1400
111000112,1037,49,988
111000113,413,807,-394
111000114,281,1131,-850
111000115,1213,254,959
111000116,194,118,76
111000117,46,93,-47
111000118,258,90,168
111000119,690,115,575
111000120,275,124,151
111000121,129,129,0
111000122,152,170,-18
111000123,261,318,-57
111000124,77,340,-263
111000125,35,110,-75
111000126,11,50,-39
111000127,347,26,321
111000128,1188,55,1133
111000129,1508,170,1338
111000130,1759,186,1573
111000131,1367,112,1255
111000132,1177,502,675
111000133,72,10,62
111000134,68,8,60
111000135,2,64,-62
111000136,282,76,206
111000138,4,10,-6
111000140,0,0,0
111000141,21,12,9
111000142,1,4,-3
111000143,0,4,-4
111000144,0,10,-10
111000145,28,1,27
111000146,58,2,56
111000147,40,0,40
111000148,17,11,6
111000149,2,78,-76
111000150,13,0,13
111000151,2,3,-1
111000153,155,17,138
111000154,16,38,-22
111000155,77,37,40
111000156,282,98,184
111000157,77,195,-118
111000158,295,306,-11
111000159,727,412,315
111000160,191,64,127
111000161,0,67,-67
111000162,0,7,-7
111000163,92,95,-3
111000164,26,251,-225
111000165,198,62,136
111000166,40,24,16
111000167,8,57,-49
111000168,83,35,48
111000169,83,19,64
111000170,85,24,61
111000171,93,25,68
111000172,51,46,5
111000173,135,93,42
111000174,13,8,5
111000175,15,30,-15
111000176,148,45,103
111000177,290,15,275
111000178,963,72,891
111000179,259,37,222
111000180,107,156,-49
111000181,278,70,208
111000182,116,31,85
111000183,62,42,20
111000184,173,44,129
111000185,111,19,92
111000186,110,10,100
111000187,94,10,84
111000188,239,49,190
111000189,26,102,-76
111000190,66,32,34
111000191,25,17,8
111000192,20,39,-19
111000193,9,29,-20
111000194,6,10,-4
111000195,7,50,-43
111000196,2,20,-18
111000197,317,18,299
111000198,247,4,243
111000199,150,35,115
111000200,454,173,281
111000201,301,32,269
111000202,158,14,144
111000203,220,42,178
111000204,149,416,-267
111000213,147,116,31
111000214,437,180,257
111000215,388,156,232
111000217,737,142,595
111000218,569,258,311
111000219,55,12,43
111000220,283,14,269
111000221,63,22,41
111000224,0,6,-6
111000225,380,388,-8
111000226,17,2,15
111000227,1,2,-1
111000228,2,337,-335
111000229,2,627,-625
111000230,47,25,22
111000231,387,67,320
111000232,295,166,129
111000233,420,48,372
111000234,48,92,-44
111000239,0,0,0
111000240,34,110,-76
111000241,0,0,0
111000242,44,46,-2
111000243,0,0,0
111000244,333,17,316
111000245,308,63,245
111000246,293,84,209
111000247,143,78,65
111000248,391,90,301
111000249,192,54,138
111000250,51,2,49
111000251,26,11,15
111000253,5,2,3
111000255,4,7,-3
111000257,23,2,21
111000260,0,44,-44
111000261,590,21,569
111000271,1,38,-37
111000273,358,306,52
111000274,516,283,233
111000275,20,5,15
111000276,46,238,-192
111000277,72,62,10
111000278,226,37,189
111000291,474,3584,-3110
111000298,194,91,103
111000299,67,9,58
111000300,8,33,-25
111000302,181,33,148
111000303,151,20,131
111000312,21,7,14
111000315,0,7,-7
111000320,124,83,41
111000321,227,47,180
111000322,192,64,128
111000323,172,10,162
111000324,79,39,40
111000325,3,24,-21
111000326,85,48,37
111000327,176,113,63
111000328,65,76,-11
111000329,0,32,-32
111000330,32,1,31
111000331,9,38,-29
111000332,131,167,-36
111000334,28,154,-126
111000335,466,16,450
111000337,556,2,554
111000338,14,6,8
111000339,269,7,262
111000340,1,66,-65
111000341,637,144,493
111000342,0,42,-42
111000344,555,146,409
111000345,7,7,0
111000346,0,2,-2
111000347,94,1,93
111000350,44,119,-75
111000351,13,108,-95
111000352,54,30,24
111000353,12,69,-57
111000354,60,11,49
111000355,18,111,-93
111000358,65,57,8
111000360,86,20,66
111000361,76,14,62
111000546,108,0,108
111000547,165,20,145
111000548,15,17,-2
111000549,128,20,108
111000550,0,80,-80
111000551,36,18,18
111000552,63,22,41
111000907,475,26,449
111000908,13,0,13
111000916,504,2,502
111000917,0,6,-6
111000918,64,43,21
111000920,178,3,175
111000921,1,19,-18
111000922,100,17,83
111000924,1,97,-96
111000925,2454,820,1634
111000926,418,347,71
111000927,1607,1937,-330
111000928,658,520,138
111000929,1235,366,869
111000930,281,586,-305
111000931,1325,513,812
111000932,710,484,226
111000933,1782,1187,595
111000934,396,580,-184
111000935,1161,386,775
111000936,276,433,-157
111000937,763,550,213
111000938,463,325,138
111000939,487,16,471
111000940,343,19,324
111000941,135,11,124
111000943,383,75,308
111000944,43,42,1
111000945,233,24,209
111001109,215,210,5
111001110,39,0,39
111001111,11,4,7
111001112,208,1,207
111001113,0,64,-64
111001114,160,32,128
111001115,0,0,0
111001116,437,2283,-1846
111001117,17,145,-128
111001120,23,20,3
111001121,7,32,-25
111001122,92,23,69
111001123,119,28,91
111001124,20,8,12
111001125,2,213,-211
111900001,10,0,10
111900002,5,8,-3
111900003,0,38,-38
111900004,8,20,-12
111900006,0,0,0
111900007,0,0,0
111900008,0,0,0
111900009,73,6,67
111900010,4,3,1
111900012,3,3,0
111900013,12,14,-2
111900014,391,1521,-1130
111900015,0,1,-1
111900016,0,2,-2
111900017,1,0,1
111900018,45,12,33
111900019,0,53,-53
111900020,0,7,-7
111900021,13,2,11
111900022,0,0,0
111900023,39,5,34
111900024,74,3,71
111900025,0,11,-11
111900026,0,3,-3
111900027,0,5,-5
111900028,0,0,0
111900029,0,7,-7
111900030,0,0,0
111900031,5,0,5
111900032,0,0,0
111900033,0,0,0
111900034,0,0,0
111900035,0,0,0
111900036,0,0,0
111900038,0,0,0
111900039,0,0,0
111900040,0,0,0
111900042,0,0,0
111900043,0,0,0
111900044,0,2,-2
111900046,0,0,0
111900048,161,46,115
111900049,0,0,0
111900050,0,0,0
111900051,0,16,-16
111900052,0,0,0
111900053,122,530,-408
111900054,0,0,0
111900055,3,52,-49
111900056,11,66,-55
111900057,71,4,67
111900058,274,16,258
111900059,97,45,52
111900060,0,0,0
111900061,0,18,-18
111900062,25,23,2
111900063,11,0,11
111900064,22,38,-16
111900065,58,1,57
111900066,8,0,8
111900067,0,0,0
111900068,11,28,-17
111900069,56,15,41
111900070,28,0,28
111900071,0,0,0
111900072,37,9,28
111900073,52,15,37
111900074,0,0,0
111900075,88,2,86
111900076,29,2,27
111900077,18,0,18
111900078,63,3,60
111900079,11,15,-4
111900080,0,0,0
111900082,269,36,233
111900083,47,4,43
111900084,108,6,102
111900085,0,0,0
111900086,188,15,173
111900087,52,0,52
111900088,124,1,123
111900089,56,1,55
111900090,0,0,0
111900091,478,2,476
111900092,69,0,69
111900093,125,2,123
111900094,35,0,35
111900095,0,0,0
111900096,207,0,207
111900097,53,0,53
111900098,117,1,116
111900099,53,0,53
111900100,0,0,0
111900101,9,0,9
111900102,189,0,189
111900103,0,0,0
111900104,1,0,1
111900105,13,5,8
111900106,55,15,40
111900110,0,0,0
111900111,64,12,52
111900112,0,0,0
111900113,26,0,26
111900118,55,7,48
111900119,0,9,-9
111900122,20,21,-1
111900123,0,5,-5
111900124,25,20,5
111900125,23,4,19
111900126,31,0,31
111900127,0,0,0
111900128,0,0,0
111900129,41,2,39
111900130,0,2,-2
111900131,58,0,58
111900132,0,0,0
111900133,0,0,0
111900134,0,0,0
111900135,0,0,0
111900136,0,0,0
111900137,4,22,-18
111900138,0,23,-23
111900139,2,4,-2
111900140,36,11,25
111900141,57,6,51
111900142,41,8,33
111900143,11,0,11
111900144,0,0,0
111900145,0,0,0
111900146,0,0,0
111900147,0,0,0
111900148,0,0,0
111900149,0,0,0
111900150,0,0,0
111900151,0,0,0
111900152,0,0,0
111900153,0,0,0
111900154,0,0,0
111900155,0,0,0
111900156,0,0,0
111900157,0,0,0
111900158,0,0,0
111900159,0,0,0
111900160,0,0,0
111900161,16,0,16
111900162,0,0,0
111900163,0,0,0
111900164,0,0,0
111901113,129,0,129
111901114,97,10,87
111901115,0,0,0
111901116,0,0,0
111901117,0,0,0
111901118,0,0,0
111901119,3,0,3
111901121,0,0,0
111901122,4,0,4
111901123,32,0,32
111901124,0,0,0
111901125,247,34,213
111901127,7,2,5
111901128,0,0,0
111901129,0,0,0
111901130,0,0,0
111901131,1,82,-81
111901132,0,0,0
111901133,0,0,0
111901134,0,0,0
111901135,0,0,0
111901136,0,0,0
111901137,0,0,0
111901138,0,0,0
111901139,0,0,0
111901140,0,0,0
111901141,0,0,0
111901142,0,0,0
111901143,0,0,0
111901144,0,0,0
111901145,2,1,1
111901146,0,0,0
112000001,1500,755,745
112000002,103,165,-62
112000003,777,406,371
112000004,67,81,-14
112000005,2770,1817,953
112000006,115,86,29
112000007,2347,1480,867
112000008,1857,2485,-628
112000009,1665,558,1107
112000010,1104,2625,-1521
112000011,581,441,140
112000012,2548,4748,-2200
112000013,908,572,336
112000014,345,2832,-2487
112000015,241,734,-493
112000016,550,1433,-883
112000017,112,578,-466
112000024,87,108,-21
112000026,376,405,-29
112000027,324,529,-205
112000028,322,99,223
112000029,159,478,-319
112000030,9,3,6
112000031,391,1937,-1546
112000032,14,1,13
112000033,309,1159,-850
112000034,6,2,4
112000035,3,39,-36
112000036,26,432,-406
112000037,63,138,-75
112000038,187,386,-199
112000039,32,16,16
112000040,19,66,-47
112000041,90,232,-142
112000042,373,43,330
112000050,701,700,1
112000051,685,904,-219
112000054,317,553,-236
112000057,34,24,10
112000058,42,312,-270
112000059,155,206,-51
112000061,799,353,446
112000062,271,383,-112
112000063,327,405,-78
112000064,689,702,-13
112000065,405,249,156
112000066,807,595,212
112000067,90,87,3
112000068,1213,1043,170
112000069,71,279,-208
112000070,312,243,69
112000071,195,237,-42
112000072,1014,203,811
112000073,105,186,-81
112000074,520,320,200
112000075,755,472,283
112000076,749,303,446
112000077,878,225,653
112000078,960,309,651
112000079,1297,474,823
112000080,230,282,-52
112000081,289,458,-169
112000082,484,421,63
112000083,307,414,-107
112000084,589,298,291
112000085,797,360,437
112000086,1392,357,1035
112000087,268,97,171
112000088,357,147,210
112000089,136,96,40
112000090,105,95,10
112000091,157,129,28
112000092,1236,115,1121
112000093,323,102,221
112000094,543,143,400
112000095,410,96,314
112000096,604,126,478
112000097,992,254,738
112000098,61,35,26
112000099,247,1072,-825
112000100,1277,164,1113
112000101,18,46,-28
112000102,537,92,445
112000103,53,57,-4
112000105,20,34,-14
112000106,996,48,948
112000107,4,34,-30
112000108,123,208,-85
112000109,24,41,-17
112000110,653,161,492
112000111,116,279,-163
112000112,1012,41,971
112000113,131,187,-56
112000114,892,170,722
112000115,108,54,54
112000116,9,48,-39
112000117,35,51,-16
112000118,111,120,-9
112000119,148,106,42
112000120,7,21,-14
112000121,92,60,32
112000122,281,43,238
112000123,458,25,433
112000124,248,7,241
112000125,182,33,149
112000126,242,85,157
112000127,738,904,-166
112000128,113,346,-233
112000129,88,19,69
112000130,16,11,5
112000131,34,4,30
112000132,15,21,-6
112000133,223,15,208
112000134,140,72,68
112000135,491,92,399
112000136,197,191,6
112000137,623,216,407
112000138,353,229,124
112000139,118,246,-128
112000140,41,74,-33
112000141,350,88,262
112000142,14,83,-69
112000143,629,62,567
112000144,60,124,-64
112000145,1589,121,1468
112000146,120,204,-84
112000147,960,406,554
112000148,162,149,13
112000149,134,53,81
112000150,2,24,-22
112000151,178,27,151
112000152,44,17,27
112000153,25,35,-10
112000154,78,0,78
112000155,34,21,13
112000157,48,270,-222
112000158,149,56,93
112000159,139,48,91
112000167,8,3,5
112000169,54,422,-368
112000173,275,4,271
112000175,95,63,32
112000176,725,440,285
112000177,90,34,56
112000178,19,40,-21
112000179,86,7,79
112000180,11,12,-1
112000181,328,138,190
112000182,879,106,773
112000183,39,28,11
112000184,197,42,155
112000185,33,16,17
112000187,874,261,613
112000195,93,3,90
112000196,64,3,61
112000197,4,27,-23
112000198,0,8,-8
112000199,2,88,-86
112000202,202,0,202
112000216,23,27,-4
112000230,65,6,59
112000231,3,2,1
112000256,94,60,34
112000313,15,3,12
112000314,1,3,-2
112000337,10,81,-71
112000352,16,30,-14
112000392,667,664,3
112000398,730,286,444
112000399,282,2644,-2362
112000400,222,384,-162
112000401,453,404,49
112000402,2010,3268,-1258
112000403,408,2388,-1980
112000404,368,762,-394
112000405,1837,1623,214
112000406,771,521,250
112000407,3868,2327,1541
112000408,1237,835,402
112000409,418,739,-321
112000410,0,0,0
112000411,188,27,161
112000412,0,0,0
112000413,89,268,-179
112000414,52,5,47
112000415,41,5,36
112000416,1548,500,1048
112000417,111,31,80
112000421,1,7,-6
112000422,69,32,37
112000424,109,601,-492
112000425,29,54,-25
112000426,29,31,-2
112000427,0,0,0
112000428,32,36,-4
112000429,810,786,24
112000430,912,1459,-547
112000431,58,60,-2
112000432,96,58,38
112000433,192,342,-150
112000437,65,77,-12
112900001,15,0,15
112900002,119,5,114
112900003,4,0,4
112900004,23,0,23
112900005,107,0,107
112900006,0,0,0
112900007,97,1,96
112900008,0,0,0
112900009,30,0,30
112900010,25,0,25
112900011,0,0,0
112900012,0,0,0
112900013,0,46,-46
112900014,0,0,0
112900015,2,9,-7
112900016,0,0,0
112900017,0,8,-8
112900018,0,0,0
112900019,0,0,0
112900020,30,24,6
112900021,0,0,0
112900022,0,2,-2
112900023,0,0,0
112900024,0,0,0
112900025,1,9,-8
112900026,0,0,0
112900027,0,0,0
112900028,0,0,0
112900029,39,8,31
112900030,0,0,0
112900031,0,0,0
112900032,0,0,0
112900034,3,11,-8
112900035,0,0,0
112900036,0,0,0
112900037,0,0,0
112900038,78,0,78
112900039,0,0,0
112900040,0,0,0
112900041,18,76,-58
112900042,0,0,0
112900043,0,0,0
112900044,2,0,2
112900045,0,0,0
112900046,0,0,0
112900047,0,0,0
112900049,0,0,0
112900050,3,0,3
112900051,0,0,0
112900052,0,0,0
112900053,0,0,0
112900054,5,0,5
112900055,0,0,0
112900056,0,0,0
112900057,0,0,0
112900058,5,18,-13
112900059,0,0,0
112900060,0,0,0
112900061,0,0,0
112900062,0,0,0
112900063,0,0,0
112900064,0,0,0
112900065,0,0,0
112900066,72,29,43
112900067,0,0,0
112900068,0,0,0
112900069,1,0,1
112900071,0,0,0
112900072,3,44,-41
112900073,51,17,34
112900074,0,0,0
112900075,37,2,35
112900076,0,0,0
112900078,0,0,0
112900079,0,0,0
112900080,0,0,0
112900081,15,11,4
112900082,41,12,29
112900083,4,2,2
112900084,0,0,0
112900086,0,0,0
112900087,51,0,51
112900088,43,0,43
112900089,169,2,167
112900090,1,11,-10
112900091,0,0,0
112900092,5,0,5
112900093,0,0,0
112900095,0,0,0
112900096,32,9,23
112900097,0,1,-1
112900098,5,0,5
112900099,217,7,210
112900100,1,0,1
112900101,0,0,0
112900102,0,0,0
112900103,0,0,0
112900104,0,0,0
112900105,0,0,0
112900106,7,4,3
112900107,0,0,0
112900108,0,0,0
112900109,16,1,15
112900110,4,0,4
112900111,0,0,0
112900112,10,0,10
112900113,0,0,0
112900114,1,0,1
112900115,486,1,485
112900116,14,0,14
112900117,0,0,0
112900118,0,0,0
112900119,0,0,0
112900120,0,0,0
112900121,0,0,0
112900122,0,0,0
112900123,0,0,0
112900124,0,0,0
112900125,0,0,0
112900126,2,5,-3
112900127,0,0,0
112900128,0,0,0
112900129,0,59,-59
112900130,0,0,0
112900131,0,0,0
112900132,0,0,0
112900133,0,24,-24
112900134,0,21,-21
112900135,0,0,0
112900137,0,18,-18
112900138,0,6,-6
112900139,0,0,0
112900141,194,0,194
112900142,0,0,0
112900143,0,0,0
112900144,0,0,0
112900145,0,0,0
112900146,0,0,0
112900147,0,0,0
112900148,0,0,0
112900149,0,0,0
112900151,0,0,0
112900152,213,8,205
112900153,8,89,-81
112900154,0,0,0
112900155,15,0,15
112900156,8,0,8
112900157,146,3,143
112900158,0,0,0
112900159,6,0,6
112900160,0,0,0
112900161,0,0,0
112900162,0,0,0
112900163,0,0,0
112900164,0,0,0
112900165,0,0,0
112900166,0,0,0
112900167,0,0,0
112900168,0,0,0
112900169,0,0,0
112900170,0,0,0
112900172,0,0,0
112900173,0,0,0
112900174,0,0,0
112900175,0,0,0
112900176,0,0,0
112900177,0,0,0
112900178,0,0,0
112900179,0,16,-16
112900180,339,99,240
112900181,0,0,0
112900182,0,0,0
112900183,0,0,0
112900184,20,39,-19
112900185,2,31,-29
112900186,38,87,-49
112900187,0,0,0
112900188,23,46,-23
112900189,0,0,0
112900190,0,0,0
112900192,92,36,56
112900193,75,23,52
112900194,0,0,0
112900195,81,0,81
112900196,23,15,8
112900197,0,17,-17
112900199,98,1,97
112900200,8,1,7
112900201,11,1,10
112900202,14,7,7
112900203,1,0,1
112900204,12,6,6
112900205,0,0,0
112900206,8,0,8
112900207,0,0,0
112900208,0,7,-7
112900209,0,0,0
112900210,5,0,5
112900211,0,0,0
112900212,0,0,0
112900213,0,0,0
112900214,0,0,0
112900215,0,0,0
112900216,0,0,0
112900217,0,0,0
112900218,22,0,22
112900219,5,1,4
112900220,0,0,0
112900221,7,0,7
112900222,0,0,0
112900223,118,0,118
112900224,74,0,74
112900225,10,0,10
112900226,0,0,0
112900227,148,2,146
112900228,21,0,21
112900229,0,0,0
112900230,297,127,170
112900232,11,11,0
112900233,0,0,0
112900234,0,0,0
112900235,0,0,0
112900236,5,0,5
112900237,45,1,44
112900238,0,0,0
112900239,0,0,0
113000001,1342,1416,-74
113000002,1568,1886,-318
113000003,410,789,-379
113000004,355,822,-467
113000005,267,282,-15
113000006,255,784,-529
113000007,457,251,206
113000008,399,516,-117
113000009,257,255,2
113000010,561,343,218
113000011,320,183,137
113000012,556,105,451
113000013,74,110,-36
113000014,175,409,-234
113000015,46,58,-12
113000016,32,43,-11
113000017,41,34,7
113000018,58,20,38
113000019,61,30,31
113000020,248,39,209
113000021,525,146,379
113000022,234,252,-18
113000025,3,6,-3
113000026,206,343,-137
113000027,144,267,-123
113000028,79,170,-91
113000029,378,313,65
113000030,0,0,0
113000031,0,0,0
113000032,147,107,40
113000033,227,144,83
113000034,0,0,0
113000035,0,0,0
113000036,8,40,-32
113000037,0,0,0
113000038,12,34,-22
113000039,1,33,-32
113000040,3,3,0
113000042,186,213,-27
113000051,429,1025,-596
113000052,273,125,148
113000053,149,51,98
113000054,102,459,-357
113000055,585,147,438
113000056,619,200,419
113000058,119,423,-304
113000059,347,159,188
113000060,136,244,-108
113000061,159,210,-51
113000062,174,40,134
113000063,120,35,85
113000064,62,64,-2
113000065,88,124,-36
113000066,461,73,388
113000067,771,67,704
113000068,189,205,-16
113000069,133,270,-137
113000070,601,80,521
113000071,72,135,-63
113000072,258,79,179
113000073,121,236,-115
113000074,247,58,189
113000075,584,146,438
113000076,99,565,-466
113000077,287,267,20
113000078,165,342,-177
113000079,53,91,-38
113000080,76,134,-58
113000081,257,254,3
113000082,152,64,88
113000083,282,375,-93
113000084,400,267,133
113000085,440,229,211
113000086,236,293,-57
113000087,382,620,-238
113000088,309,297,12
113000089,408,1048,-640
113000090,54,233,-179
113000091,121,2,119
113000094,570,37,533
113000095,92,52,40
113000096,64,51,13
113000097,153,21,132
113000098,10,25,-15
113000099,350,67,283
113000100,87,43,44
113000101,15,8,7
113000102,135,36,99
113000103,511,102,409
113000104,472,1010,-538
113000105,349,81,268
113000106,147,39,108
113000107,495,427,68
113000108,445,359,86
113000109,114,292,-178
113000110,474,289,185
113000111,24,112,-88
113000112,122,195,-73
113000113,668,296,372
113000114,4,241,-237
113000116,43,69,-26
113000117,92,99,-7
113000118,12,279,-267
113000119,45,118,-73
113000120,27,522,-495
113000121,73,86,-13
113000124,157,80,77
113000125,3,381,-378
113000127,131,7,124
113000128,74,232,-158
113000129,0,0,0
113000133,338,3,335
113000134,11,495,-484
113000135,1623,1754,-131
113000137,636,906,-270
113000139,292,91,201
113000140,0,0,0
113000141,328,47,281
113000142,131,129,2
113000143,125,210,-85
113000144,13,105,-92
113000145,87,69,18
113000146,0,0,0
113000147,0,0,0
113000148,219,74,145
113000149,66,127,-61
113000150,0,0,0
113000151,0,0,0
113000152,8,119,-111
113000153,156,107,49
113000154,121,408,-287
113000155,197,220,-23
113000156,43,76,-33
113000157,91,120,-29
113000158,126,6,120
113000159,358,9,349
113000160,220,97,123
113000161,69,95,-26
113000162,0,0,0
113000163,49,47,2
113000164,0,0,0
113000166,144,14,130
113000167,0,0,0
113000168,0,0,0
113000169,101,1,100
113000170,76,21,55
113000171,0,0,0
113000172,230,18,212
113000173,42,5,37
113000174,0,0,0
113000175,200,32,168
113000176,318,21,297
113000177,0,0,0
113000178,0,0,0
113000179,135,14,121
113000180,428,770,-342
113000181,449,408,41
113000182,20,46,-26
113000183,35,240,-205
113000184,0,0,0
113000189,15,149,-134
113000190,183,61,122
113000192,295,1008,-713
113000193,529,611,-82
113000194,156,628,-472
113000195,424,742,-318
113000196,117,104,13
113000197,373,736,-363
113000198,9,107,-98
113000199,310,148,162
113000201,17,61,-44
113000202,676,264,412
113000203,35,6,29
113000204,87,1011,-924
113000205,0,0,0
113000206,2,18,-16
113000207,0,0,0
113000208,9,38,-29
113000209,0,0,0
113000210,2,11,-9
113000211,57,22,35
113000212,28,2,26
113000213,39,43,-4
113000214,0,0,0
113000234,9,75,-66
113000410,1,76,-75
113000411,816,1541,-725
113000412,932,495,437
113000413,1127,890,237
113000414,1353,3600,-2247
113000415,337,524,-187
113000416,735,684,51
113000417,220,504,-284
113000418,1372,1554,-182
113000419,474,869,-395
113000420,1469,1728,-259
113000421,2058,3285,-1227
113000422,3078,2598,480
113000423,772,1596,-824
113000424,1021,2710,-1689
113000425,2,54,-52
113000428,2,0,2
113000430,0,0,0
113000432,736,27,709
113000433,20,154,-134
113000434,3,7,-4
113000435,0,8,-8
113000436,5,86,-81
113000437,364,3,361
113000438,81,7,74
113000439,0,0,0
113000440,10,13,-3
113000441,115,28,87
113000442,0,0,0
113000443,52,4,48
113000444,0,0,0
113000445,19,25,-6
113000446,0,0,0
113000448,0,0,0
113000449,11,369,-358
113000450,52,762,-710
113000451,9,0,9
113000452,53,124,-71
113000453,0,0,0
113000454,30,83,-53
113000455,0,0,0
113000456,78,55,23
113000468,154,45,109
113000469,13,104,-91
113000470,124,40,84
113000471,0,150,-150
113000472,16,29,-13
113000474,483,523,-40
113000475,405,555,-150
113000476,666,833,-167
113000477,1907,857,1050
113000478,1327,1140,187
113000479,1,23,-22
113000480,89,137,-48
113000484,0,0,0
113000485,0,0,0
113000486,0,0,0
113000487,0,0,0
113000488,0,0,0
113000489,0,0,0
113000490,0,0,0
113000491,0,0,0
113000492,0,0,0
113000493,0,0,0
113000495,0,0,0
113000496,8,37,-29
113000499,0,0,0
113900001,0,0,0
113900002,0,0,0
113900003,0,0,0
113900004,0,0,0
113900005,0,0,0
113900006,0,0,0
113900007,0,0,0
113900008,0,0,0
113900009,0,0,0
113900010,0,0,0
113900011,0,0,0
113900012,0,0,0
113900013,0,0,0
113900014,132,1,131
113900015,0,0,0
113900016,0,0,0
113900017,0,0,0
113900018,0,0,0
113900019,0,0,0
113900020,107,0,107
113900022,8,0,8
113900023,0,0,0
113900024,0,0,0
113900025,39,11,28
113900026,0,0,0
113900027,1,0,1
113900028,0,0,0
113900029,0,0,0
113900030,65,0,65
113900031,1,0,1
113900032,0,0,0
113900033,0,0,0
113900035,0,0,0
113900036,4,0,4
113900037,0,0,0
113900038,0,0,0
113900039,70,8,62
113900040,1,1,0
113900041,0,0,0
113900042,0,0,0
113900043,0,0,0
113900044,2,38,-36
113900045,0,0,0
113900046,0,0,0
113900047,0,0,0
113900048,0,0,0
113900049,0,0,0
113900050,7,26,-19
113900051,0,0,0
113900052,0,0,0
113900053,32,129,-97
113900054,0,0,0
113900055,0,0,0
113900056,0,0,0
113900057,0,0,0
113900058,0,0,0
113900059,0,0,0
113900060,3,2,1
113900061,1,17,-16
113900062,0,0,0
113900063,0,0,0
113900064,0,0,0
113900065,161,4,157
113900066,0,0,0
113900067,24,1,23
113900068,163,137,26
113900069,0,0,0
113900070,0,0,0
113900071,0,0,0
113900072,0,0,0
113900073,76,94,-18
113900074,43,15,28
113900075,120,212,-92
113900076,0,0,0
113900077,0,0,0
113900078,0,0,0
113900079,0,0,0
113900080,10,2,8
113900081,0,0,0
113900082,0,0,0
113900083,43,11,32
113900084,12,10,2
113900085,0,0,0
113900086,0,0,0
113900087,0,0,0
113900088,0,0,0
113900089,129,1,128
113900090,2,1,1
113900091,0,0,0
113900092,0,0,0
113900093,0,0,0
113900094,27,3,24
113900095,18,15,3
113900096,0,0,0
113900097,0,0,0
113900098,242,48,194
113900099,0,0,0
113900100,0,0,0
113900101,0,0,0
113900102,0,0,0
113900103,21,29,-8
113900104,46,36,10
113900105,2,0,2
113900106,0,0,0
113900107,0,0,0
113900108,0,0,0
113900109,6,0,6
113900110,0,0,0
113900111,0,0,0
113900112,7,0,7
113900113,19,8,11
113900114,0,0,0
113900115,0,0,0
113900116,0,0,0
113900117,2,0,2
113900118,2,22,-20
113900119,50,65,-15
113900120,0,0,0
113900121,0,0,0
113900122,6,869,-863
113900123,1,0,1
113900124,0,0,0
113900125,21,0,21
113900126,0,0,0
113900127,0,0,0
113900128,0,0,0
113900129,1,48,-47
113900130,0,0,0
113900131,0,0,0
113900132,0,0,0
113900133,0,0,0
113900135,0,0,0
113900136,0,0,0
113900137,0,0,0
113900138,0,0,0
113900139,0,0,0
113900140,30,34,-4
113900141,0,0,0
113900142,0,0,0
113900143,0,0,0
113900144,27,25,2
113900145,0,0,0
113900146,0,0,0
113900148,0,0,0
113900149,0,0,0
113900150,141,21,120
113900151,0,0,0
113900152,1,1,0
113900153,0,0,0
113900154,0,0,0
113900155,0,0,0
113900156,0,0,0
113900157,0,15,-15
113900158,0,0,0
113900159,0,0,0
113900160,0,0,0
113900161,0,0,0
113900162,4,20,-16
113900163,0,0,0
113900164,0,0,0
113900165,0,0,0
113900166,2,2,0
113900167,0,0,0
113900168,0,0,0
113900169,0,0,0
113900171,1,0,1
113900172,0,0,0
113900173,0,47,-47
113900174,0,0,0
113900175,86,16,70
113900176,0,0,0
113900177,1,3,-2
113900178,0,0,0
113900179,1,40,-39
113900180,3,1,2
113900181,73,0,73
113900182,0,0,0
113900183,1,1,0
113900184,0,20,-20
113900185,1,2,-1
113900186,0,0,0
113900187,0,8,-8
113900188,0,0,0
113900189,0,0,0
113900190,0,0,0
113900191,0,0,0
113900192,0,0,0
113900193,0,11,-11
113900194,45,19,26
113900195,0,0,0
113900196,0,0,0
113900197,0,9,-9
113900198,0,0,0
113900199,0,17,-17
113900200,0,0,0
113900201,0,17,-17
113900202,0,0,0
113900203,0,10,-10
113900204,0,5,-5
113900205,0,0,0
113900206,0,0,0
113900207,0,0,0
113900208,0,0,0
113900209,0,0,0
113900210,0,0,0
113900211,0,0,0
113900212,72,11,61
113900214,1,10,-9
113900215,140,2,138
113900216,0,0,0
113900217,0,0,0
113900218,0,0,0
113900219,0,0,0
113900220,0,0,0
113900221,3,12,-9
113900222,0,0,0
113900223,0,0,0
113900224,0,0,0
113900225,12,3,9
113900226,10,8,2
113900227,4,11,-7
113900228,0,0,0
113900229,0,19,-19
113900230,86,11,75
113900231,0,0,0
113900232,0,0,0
113900233,0,0,0
113900234,1,0,1
113900235,0,0,0
113900236,89,5,84
113900237,0,0,0
113900238,5,31,-26
113900239,0,0,0
113900240,0,0,0
113900241,0,0,0
113900242,0,0,0
113900243,0,5,-5
113900244,12,8,4
113900245,22,2,20
113900246,0,6,-6
113900247,44,137,-93
113900248,0,0,0
113900249,4,56,-52
113900250,4,35,-31
113900251,194,9,185
113900252,124,2,122
113900253,73,5,68
113900254,149,13,136
113900255,271,2,269
113900256,139,5,134
113900257,0,43,-43
113900258,0,32,-32
113900259,89,7,82
113900260,148,2,146
113900261,15,4,11
113900262,74,28,46
113900263,1,6,-5
113900264,0,6,-6
113900265,21,0,21
113900266,16,1,15
113900267,0,0,0
113900268,7,11,-4
113900269,0,0,0
113900270,0,0,0
113900271,0,0,0
113900273,0,3,-3
113900274,14,4,10
113900275,0,0,0
113900276,2,8,-6
113900277,44,0,44
113900278,0,0,0
113900279,0,0,0
113900280,18,9,9
113900281,2,80,-78
113900282,0,0,0
113900283,0,0,0
113900284,283,70,213
113900285,4,0,4
113900286,0,0,0
113900287,0,0,0
113900288,0,0,0
113900289,0,0,0
113900290,0,0,0
113900291,0,0,0
113900292,0,0,0
113900293,0,0,0
113900294,196,2,194
113900295,44,44,0
113900296,92,11,81
113900297,278,1,277
113900298,7,0,7
113900299,14,0,14
113900300,391,41,350
113900301,39,0,39
113900302,83,7,76
113900303,0,0,0
113900304,0,0,0
113900305,47,0,47
113900306,0,0,0
113900307,0,0,0
113900308,0,0,0
113900309,0,9,-9
113900310,0,0,0
113900311,2,0,2
113900312,0,0,0
113900313,0,0,0
114000001,230,380,-150
114000002,75,77,-2
114000003,29,19,10
114000004,43,34,9
114000005,68,6,62
114000006,253,233,20
114000007,172,111,61
114000008,201,245,-44
114000009,173,102,71
114000011,1425,330,1095
114000012,1761,221,1540
114000013,858,330,528
114000014,71,24,47
114000015,199,14,185
114000016,5,39,-34
114000017,15,133,-118
114000018,4,15,-11
114000026,989,247,742
114000027,1441,748,693
114000028,711,1206,-495
114000038,21,1,20
114000039,0,0,0
114000040,55,127,-72
114000042,5,68,-63
114000043,107,23,84
114000044,60,31,29
114000045,25,11,14
114000046,342,457,-115
114000047,27,54,-27
114000048,32,59,-27
114000049,492,382,110
114000050,323,330,-7
114000051,640,825,-185
114000052,565,794,-229
114000053,113,162,-49
114000054,14,317,-303
114000055,25,2,23
114000056,7,52,-45
114000057,509,542,-33
114000058,1,19,-18
114000059,2,26,-24
114000060,33,157,-124
114000061,618,1160,-542
114000062,136,388,-252
114000063,51,120,-69
114000064,323,329,-6
114000065,248,356,-108
114000066,219,398,-179
114000067,25,223,-198
114000068,29,168,-139
114000069,214,81,133
114000070,949,536,413
114000071,58,23,35
114000072,139,27,112
114000073,43,49,-6
114000074,7,4,3
114000075,51,3,48
114000076,4,15,-11
114000077,2,2,0
114000078,15,40,-25
114000079,28,0,28
114000080,5,48,-43
114000081,17,74,-57
114000082,16,117,-101
114000083,0,0,0
114000084,90,62,28
114000085,36,42,-6
114000086,15,10,5
114000087,0,0,0
114000088,45,17,28
114000089,90,16,74
114000090,173,332,-159
114000091,237,297,-60
114000092,86,70,16
114000093,387,200,187
114000094,198,160,38
114000095,51,128,-77
114000096,16,38,-22
114000097,32,89,-57
114000098,255,47,208
114000099,203,44,159
114000100,1332,80,1252
114000101,157,55,102
114000102,153,47,106
114000103,40,51,-11
114000104,6,27,-21
114000105,26,2,24
114000106,187,278,-91
114000107,154,29,125
114000108,105,11,94
114000109,520,598,-78
114000110,2,7,-5
114000111,1037,328,709
114000112,3,4,-1
114000113,635,99,536
114000114,3,7,-4
114000115,875,265,610
114000116,536,1535,-999
114000117,1888,200,1688
114000118,1758,157,1601
114000119,1526,290,1236
114000120,239,137,102
114000121,0,0,0
114000122,162,12,150
114000123,897,77,820
114000124,421,108,313
114000125,190,335,-145
114000126,710,74,636
114000127,72,31,41
114000128,407,121,286
114000130,168,280,-112
114000131,142,23,119
114000132,138,74,64
114000133,79,87,-8
114000134,0,0,0
114000138,0,0,0
114000139,96,161,-65
114000144,237,207,30
114000145,0,0,0
114000146,0,0,0
114000147,722,1124,-402
114000148,328,667,-339
114000149,100,44,56
114000150,10,11,-1
114000151,108,802,-694
114000152,6,2,4
114000153,99,386,-287
114000154,113,103,10
114000155,289,814,-525
114000156,200,421,-221
114000157,67,281,-214
114000158,100,80,20
114000159,47,51,-4
114000160,13,39,-26
114000161,227,666,-439
114000162,744,1053,-309
114000163,0,0,0
114000165,100,204,-104
114000166,94,104,-10
114000167,740,355,385
114000168,21,3,18
114000169,422,504,-82
114000170,597,347,250
114000171,791,3111,-2320
114000174,1,6,-5
114000176,9,2,7
114000177,34,5,29
114000178,59,29,30
114000179,526,389,137
114000180,40,6,34
114000181,347,1821,-1474
114000182,345,279,66
114000183,200,64,136
114000184,96,85,11
114000185,741,430,311
114000189,866,74,792
114000190,2327,347,1980
114000191,60,160,-100
114000192,0,4,-4
114000193,0,0,0
114000194,820,392,428
114000195,117,69,48
114000196,0,0,0
114000197,1298,6,1292
114000198,0,0,0
114000199,4,72,-68
114000200,172,125,47
114000201,68,98,-30
114000202,594,202,392
114000203,223,183,40
114000204,0,0,0
114000205,7,159,-152
114000206,40,156,-116
114000207,99,171,-72
114000208,96,55,41
114000209,20,81,-61
114000210,25,165,-140
114000211,1169,562,607
114000212,477,341,136
114000213,1226,385,841
114000214,24,0,24
114000215,38,2,36
114000216,466,140,326
114000217,272,107,165
114000218,52,5,47
114000219,547,61,486
114000220,0,8,-8
114000221,404,56,348
114000222,4,75,-71
114000223,466,85,381
114000224,12,90,-78
114000225,73,36,37
114000226,155,52,103
114000227,718,266,452
114000228,619,103,516
114000229,559,320,239
114000230,1459,358,1101
114000231,498,503,-5
114000232,658,127,531
114000233,1222,24,1198
114000234,860,360,500
114000235,633,320,313
114000236,0,0,0
114000237,108,127,-19
114000238,8,355,-347
114000239,61,218,-157
114000240,479,451,28
114000241,43,130,-87
114000242,302,124,178
114000243,1241,763,478
114000244,338,155,183
114000245,93,119,-26
114000246,0,0,0
114000247,463,237,226
114000248,872,381,491
114000249,600,242,358
114000250,220,25,195
114000251,199,20,179
114000252,3,12,-9
114000253,37,24,13
114000254,0,0,0
114000255,21,82,-61
114000256,77,209,-132
114000257,26,224,-198
114000258,137,51,86
114000259,0,2,-2
114000260,0,0,0
114000261,28,18,10
114000262,0,0,0
114000263,7,0,7
114000264,200,52,148
114000265,0,0,0
114000267,1,390,-389
114000268,0,0,0
114000270,96,7,89
114000271,145,27,118
114000283,581,60,521
114000285,0,0,0
114000288,2,2,0
114000289,308,30,278
114000293,102,10,92
114000294,51,182,-131
114000395,513,51,462
114000396,229,92,137
114000402,362,111,251
114000403,192,49,143
114000405,142,69,73
114000423,228,66,162
114000424,158,94,64
114000425,453,117,336
114000426,214,667,-453
114000427,15,5,10
114000428,48,86,-38
114000429,35,3,32
114000432,115,11,104
114000434,0,25,-25
114000435,0,0,0
114900001,216,47,169
114900002,53,2,51
114900003,161,73,88
114900004,61,79,-18
114900005,64,57,7
114900006,19,7,12
114900007,49,0,49
114900008,36,8,28
114900010,0,0,0
114900011,63,10,53
114900013,25,4,21
114900015,2,38,-36
114900018,29,10,19
114900020,2,4,-2
114900022,3,9,-6
114900024,19,2,17
114900025,140,10,130
114900026,30,8,22
114900027,43,16,27
114900029,2,0,2
114900030,52,7,45
114900031,57,0,57
114900032,151,0,151
114900033,15,128,-113
114900034,0,0,0
114900035,6,13,-7
114900036,55,26,29
114900037,0,0,0
114900038,0,0,0
114900039,0,0,0
114900040,0,0,0
114900041,0,0,0
114900042,0,0,0
114900043,0,0,0
114900044,7,1,6
114900046,0,0,0
114900047,0,0,0
114900048,0,0,0
114900049,0,0,0
114900050,0,0,0
114900051,0,0,0
114900052,0,0,0
114900053,0,0,0
114900054,0,0,0
114900057,7,0,7
114900058,0,0,0
114900059,3,3,0
114900060,6,18,-12
114900061,0,0,0
114900062,4,11,-7
114900063,0,0,0
114900064,0,0,0
114900065,0,0,0
114900067,0,0,0
114900068,0,0,0
114900069,0,0,0
114900070,91,27,64
114900072,2,0,2
114900073,0,0,0
114900074,249,3,246
114900075,59,0,59
114900076,6,1,5
114900080,100,22,78
114900082,380,6,374
114900083,0,0,0
114900090,77,18,59
114900091,0,0,0
114900095,0,0,0
114900096,0,7,-7
114900097,14,0,14
114900098,0,4,-4
114900099,31,0,31
115000001,602,630,-28
115000002,1756,2624,-868
115000003,501,363,138
115000004,2153,3344,-1191
115000005,84,106,-22
115000006,350,880,-530
115000007,61,214,-153
115000008,146,135,11
115000009,122,322,-200
115000010,91,185,-94
115000013,0,0,0
115000015,0,0,0
115000016,7,260,-253
115000019,76,178,-102
115000020,25,183,-158
115000021,0,71,-71
115000022,13,45,-32
115000023,308,406,-98
115000024,76,28,48
115000025,649,281,368
115000026,30,2,28
115000027,283,110,173
115000028,4,29,-25
115000029,743,17,726
115000030,9,47,-38
115000031,569,55,514
115000032,0,0,0
115000033,137,16,121
115000034,2,0,2
115000035,553,15,538
115000036,0,0,0
115000037,261,12,249
115000038,22,278,-256
115000039,537,1015,-478
115000040,875,664,211
115000041,515,1675,-1160
115000042,304,149,155
115000043,1450,961,489
115000044,903,270,633
115000045,549,135,414
115000046,1731,892,839
115000047,1688,570,1118
115000048,503,282,221
115000049,271,632,-361
115000050,1790,634,1156
115000051,823,2203,-1380
115000052,305,521,-216
115000053,1027,2103,-1076
115000054,168,176,-8
115000055,5,154,-149
115000056,88,50,38
115000057,64,364,-300
115000058,52,92,-40
115000059,3,162,-159
115000061,51,121,-70
115000062,33,2,31
115000063,24,13,11
115000064,179,28,151
115000065,2,5,-3
115000067,65,4,61
115000069,23,2,21
115000070,0,52,-52
115000071,60,19,41
115000072,0,0,0
115000073,793,71,722
115000075,56,27,29
115000076,523,391,132
115000077,619,327,292
115000078,543,151,392
115000079,306,265,41
115000080,1546,382,1164
115000081,8,28,-20
115000082,2030,1659,371
115000083,609,211,398
115000084,1887,211,1676
115000085,207,134,73
115000086,646,244,402
115000087,115,364,-249
115000088,843,330,513
115000089,171,109,62
115000090,259,182,77
115000091,245,142,103
115000092,486,243,243
115000093,347,1,346
115000094,1689,2937,-1248
115000095,954,2219,-1265
115000096,269,261,8
115000097,758,668,90
115000098,635,69,566
115000099,1308,379,929
115000100,1064,289,775
115000101,32,38,-6
115000102,359,136,223
115000103,184,94,90
115000105,40,51,-11
115000106,236,237,-1
115000107,32,33,-1
115000108,394,263,131
115000109,1117,2189,-1072
115000110,569,731,-162
115000111,65,518,-453
115000112,228,111,117
115000113,167,367,-200
115000114,242,138,104
115000116,479,420,59
115000117,433,369,64
115000118,375,675,-300
115000119,429,300,129
115000120,112,890,-778
115000121,287,175,112
115000122,246,304,-58
115000123,135,1428,-1293
115000124,168,286,-118
115000125,180,296,-116
115000126,76,228,-152
115000127,113,36,77
115000128,69,281,-212
115000129,129,59,70
115000130,183,59,124
115000131,227,42,185
115000132,188,24,164
115000133,209,33,176
115000134,93,9,84
115000135,24,3,21
115000136,66,59,7
115000137,0,8,-8
115000138,191,64,127
115000139,31,3,28
115000140,294,62,232
115000141,37,7,30
115000142,26,3,23
115000143,651,245,406
115000144,212,23,189
115000145,24,15,9
115000146,198,119,79
115000147,104,54,50
115000148,89,146,-57
115000149,134,212,-78
115000150,230,86,144
115000151,452,220,232
115000152,284,112,172
115000153,609,184,425
115000154,324,105,219
115000155,135,106,29
115000156,190,368,-178
115000157,83,116,-33
115000158,51,93,-42
115000159,72,103,-31
115000160,195,218,-23
115000161,308,301,7
115000162,438,432,6
115000163,104,60,44
115000164,44,69,-25
115000165,211,315,-104
115000167,88,8,80
115000168,150,223,-73
115000169,14,0,14
115000170,1,0,1
115000171,131,231,-100
115000172,23,13,10
115000173,68,154,-86
115000174,21,181,-160
115000175,6,21,-15
115000176,13,66,-53
115000177,0,30,-30
115000178,0,2,-2
115000179,1,53,-52
115000180,0,6,-6
115000181,420,22,398
115000182,562,89,473
115000183,1,3,-2
115000186,221,23,198
115000187,89,16,73
115000188,341,122,219
115000189,55,3,52
115000190,315,145,170
115000191,4,22,-18
115000194,0,0,0
115000195,35,44,-9
115000196,92,13,79
115000197,93,78,15
115000198,332,11,321
115000199,82,52,30
115000200,189,19,170
115000201,11,9,2
115000206,440,2,438
115000207,0,0,0
115000208,10,35,-25
115000209,503,94,409
115000210,88,38,50
115000211,28,22,6
115000212,183,61,122
115000224,92,6,86
115000225,27,15,12
115000229,67,15,52
115000230,17,244,-227
115000231,229,133,96
115000232,1281,178,1103
115000233,12,3,9
115000234,5,10,-5
115000241,16,18,-2
115000242,61,16,45
115000243,14,44,-30
115000244,16,5,11
115000246,1,19,-18
115000247,1,7,-6
115000248,0,1,-1
115000249,0,0,0
115000250,165,8,157
115000251,101,9,92
115000252,19,44,-25
115000253,0,159,-159
115000258,79,16,63
115000259,33,7,26
115000261,28,9,19
115000262,0,8,-8
115000263,0,10,-10
115000264,1,23,-22
115000267,4,16,-12
115000268,0,0,0
115000269,102,7,95
115000270,3,19,-16
115000272,6,5,1
115000273,201,2,199
115000280,213,837,-624
115000281,0,2,-2
115000282,202,1045,-843
115000284,11,23,-12
115000296,130,5,125
115000297,8,527,-519
115000298,0,0,0
115000300,109,5,104
115000302,221,48,173
115000303,467,28,439
115000304,396,30,366
115000305,43,15,28
115000306,33,16,17
115000307,21,12,9
115000308,0,1,-1
115000309,0,6,-6
115000310,435,110,325
115000311,818,277,541
115000313,6,21,-15
115000314,139,51,88
115000315,5,60,-55
115000316,14,35,-21
115000317,49,48,1
115000318,648,53,595
115000319,0,13,-13
115000320,1,44,-43
115000321,52,2,50
115000322,0,10,-10
115000449,6,37,-31
115000557,0,0,0
115000558,139,20,119
115000587,178,127,51
115000588,91,88,3
115000589,1503,966,537
115000590,25,56,-31
115000591,348,291,57
115000592,19,24,-5
115000593,662,349,313
115000594,8,15,-7
115000609,86,92,-6
115000617,17,538,-521
115000624,28,2,26
115000633,380,350,30
115000634,1550,427,1123
115000635,317,93,224
115000638,11,44,-33
115000641,3,11,-8
115000642,181,39,142
115000643,0,0,0
115000644,2,1,1
115000646,194,344,-150
115000647,65,45,20
115000648,1023,74,949
115000893,826,487,339
115000894,0,20,-20
115000895,1,6,-5
115000896,431,202,229
115000897,118,9,109
115000898,132,101,31
115000899,1,32,-31
115000900,6,114,-108
115000901,0,0,0
115000912,133,35,98
115000913,0,10,-10
115000915,10,0,10
115000916,1,0,1
115000917,0,28,-28
115000918,1,265,-264
115000919,0,8,-8
115000920,0,0,0
115000921,0,0,0
115000922,128,411,-283
115000923,2,10,-8
115000925,6,5,1
115000927,26,9,17
115000933,0,10,-10
115000934,9,19,-10
115000935,34,2,32
115000936,0,307,-307
115000937,75,98,-23
115000938,7,53,-46
115000939,8,17,-9
115900001,82,3,79
115900002,2,4,-2
115900003,28,22,6
115900004,0,0,0
115900005,17,2,15
115900006,2,2,0
115900008,14,0,14
115900009,0,2,-2
115900010,210,23,187
115900011,21,5,16
115900012,58,0,58
115900013,121,10,111
115900014,23,6,17
115900015,10,0,10
115900016,26,1,25
115900017,1,0,1
115900018,52,3,49
115900019,3,0,3
115900020,82,23,59
115900021,29,1,28
115900022,69,1,68
115900023,1,0,1
115900025,2,1,1
115900026,162,16,146
115900027,0,0,0
115900028,68,12,56
115900029,0,22,-22
115900030,0,2,-2
115900031,5,27,-22
115900032,78,53,25
115900033,0,0,0
115900034,0,41,-41
115900035,1,0,1
115900036,0,217,-217
115900037,0,5,-5
115900038,0,0,0
115900039,18,4,14
115900041,14,103,-89
115900042,0,0,0
115900043,7,2,5
115900044,32,69,-37
115900046,143,18,125
115900047,0,18,-18
115900049,36,20,16
115900051,0,0,0
115900052,0,0,0
115900053,145,8,137
115900054,134,0,134
115900055,0,0,0
115900056,8,10,-2
115900057,2,4,-2
115900058,0,0,0
115900060,1,21,-20
115900061,36,1,35
115900062,22,35,-13
115900063,0,0,0
115900064,2,2,0
115900065,42,2,40
115900066,9,4,5
115900067,0,5,-5
115900068,2,1,1
115900069,0,8,-8
115900070,51,1,50
115900071,0,0,0
115900072,2,13,-11
115900073,13,27,-14
115900074,0,0,0
115900075,3,8,-5
115900076,0,1,-1
115900077,0,0,0
115900078,1,5,-4
115900079,172,0,172
115900080,20,4,16
115900081,18,14,4
115900082,15,23,-8
115900084,127,1,126
115900085,2,0,2
115900086,182,26,156
115900088,0,0,0
115900089,280,1,279
115900090,101,0,101
115900091,0,0,0
115900092,0,0,0
115900093,0,0,0
115900094,0,0,0
115900096,0,0,0
115900097,0,0,0
115900098,1,0,1
115900099,0,8,-8
115900100,0,15,-15
115900101,0,0,0
115900102,8,2,6
115900103,4,1,3
115900104,43,2,41
115900105,67,10,57
115900106,0,0,0
115900107,39,7,32
115900108,0,0,0
115900109,1,72,-71
115900110,0,0,0
115900111,0,0,0
115900112,3,159,-156
115900113,0,0,0
115900114,0,0,0
115900115,0,0,0
115900116,8,98,-90
115900117,0,0,0
115900118,0,0,0
115900119,0,0,0
115900120,11,2,9
115900121,23,20,3
115900124,63,235,-172
115900125,97,3,94
115900126,201,1,200
115900127,366,3,363
115900128,0,0,0
115900129,91,13,78
115900130,0,13,-13
115900131,82,3,79
115900132,242,0,242
115900134,97,0,97
115900135,82,50,32
115900137,6,0,6
115900139,0,0,0
115900140,44,0,44
115900141,0,0,0
115900142,0,0,0
115900143,0,0,0
115900144,0,0,0
115900146,23,4,19
115900147,84,103,-19
115900148,1,0,1
115900149,11,0,11
115900150,26,0,26
115900151,3,1,2
115900152,14,13,1
115900153,43,10,33
115900154,15,60,-45
115900155,0,0,0
115900156,111,112,-1
115900157,107,50,57
115900158,0,0,0
115900159,74,22,52
115900160,0,0,0
115900161,1,19,-18
115900163,40,8,32
115900164,208,6,202
115900165,0,0,0
115900166,3,11,-8
115900168,0,0,0
115900171,4,30,-26
115900172,7,10,-3
115900173,40,28,12
115900174,3,55,-52
115900175,87,3,84
115900178,5,19,-14
115900179,29,1,28
115900180,1,4,-3
115900181,82,10,72
115900182,181,8,173
115900183,0,0,0
115900184,73,0,73
115900187,0,15,-15
115900189,0,10,-10
115900190,3,73,-70
115900191,1,62,-61
115900192,0,12,-12
115900193,12,34,-22
115900194,248,2,246
115900195,26,544,-518
115900198,22,36,-14
115900199,44,13,31
115900200,43,10,33
115900201,109,73,36
115900202,0,33,-33
115900203,11,11,0
115900204,0,0,0
115900205,34,0,34
115900206,0,0,0
115900207,0,0,0
115900208,11,10,1
115900209,1,18,-17
115900210,0,22,-22
115900211,0,17,-17
115900212,0,0,0
115900213,4,65,-61
115900214,213,32,181
115900215,0,27,-27
115900216,0,0,0
115900217,0,0,0
115900218,0,0,0
115900219,20,0,20
115900220,104,0,104
115900221,42,16,26
115900222,61,21,40
115900223,0,96,-96
115900224,26,346,-320
115900225,23,16,7
115900226,1,0,1
115900227,1,3,-2
115900228,0,0,0
115900229,1,7,-6
115900230,1,28,-27
115900231,0,0,0
115900232,0,0,0
115900233,0,0,0
115900234,0,0,0
115900235,0,0,0
115900236,0,0,0
115900237,0,0,0
115900238,0,0,0
115900239,0,0,0
115900240,0,0,0
115900241,0,0,0
115900242,47,102,-55
115900243,0,0,0
115900244,11,0,11
115900245,22,0,22
115900246,1,0,1
115900247,0,0,0
115900248,0,0,0
115900249,0,0,0
115900250,14,9,5
115900251,0,0,0
115900252,0,0,0
115900253,3,1,2
115900254,0,12,-12
115900255,0,4,-4
115900256,0,0,0
115900257,0,0,0
115900258,0,0,0
115900259,0,0,0
115900260,0,0,0
115900261,0,0,0
115900262,0,0,0
115900263,0,0,0
115900264,0,0,0
115900265,0,0,0
115900266,0,0,0
115900267,0,0,0
115900268,0,0,0
115900269,0,0,0
115900270,41,16,25
115900271,54,0,54
115900272,0,0,0
115900273,0,20,-20
115900274,0,0,0
115900275,0,0,0
115900276,0,1,-1
115900277,0,0,0
115900278,0,0,0
115900279,0,0,0
115900280,26,1,25
115900281,0,0,0
115900282,0,7,-7
115900283,3,2,1
115900284,0,0,0
116000001,987,592,395
116000002,3193,10443,-7250
116000003,243,200,43
116000004,1052,4018,-2966
116000005,169,764,-595
116000006,298,749,-451
116000007,595,959,-364
116000008,1342,834,508
116000009,291,891,-600
116000010,1000,650,350
116000011,363,580,-217
116000012,933,387,546
116000013,1138,1120,18
116000014,1871,7987,-6116
116000015,46,241,-195
116000016,702,3337,-2635
116000017,14,436,-422
116000018,119,52,67
116000019,541,77,464
116000020,389,136,253
116000021,334,145,189
116000022,178,108,70
116000023,233,237,-4
116000024,264,73,191
116000025,134,268,-134
116000026,565,291,274
116000027,455,543,-88
116000028,774,2042,-1268
116000029,147,165,-18
116000030,423,1069,-646
116000031,0,0,0
116000032,191,13,178
116000033,584,198,386
116000034,2300,1061,1239
116000035,365,107,258
116000036,43,91,-48
116000037,48,245,-197
116000038,126,306,-180
116000039,50,63,-13
116000040,236,310,-74
116000041,37,96,-59
116000042,500,402,98
116000043,131,124,7
116000044,0,2,-2
116000045,3097,2245,852
116000046,774,529,245
116000047,791,1142,-351
116000048,4223,1362,2861
116000049,2467,1094,1373
116000050,821,462,359
116000051,3742,1040,2702
116000052,1423,556,867
116000053,3511,692,2819
116000054,606,449,157
116000055,430,253,177
116000056,1733,1914,-181
116000057,451,91,360
116000058,383,628,-245
116000059,851,5850,-4999
116000060,207,284,-77
116000061,102,829,-727
116000062,131,97,34
116000063,196,884,-688
116000066,68,940,-872
116000067,47,45,2
116000068,75,272,-197
116000069,159,48,111
116000078,214,710,-496
116000080,501,111,390
116000082,1,21,-20
116000083,584,144,440
116000084,463,1006,-543
116000085,570,440,130
116000086,214,228,-14
116000087,1101,672,429
116000088,252,290,-38
116000089,58,16,42
116000090,30,61,-31
116000091,35,90,-55
116000093,213,108,105
116000094,183,80,103
116000095,432,42,390
116000096,468,572,-104
116000097,380,74,306
116000098,13,2481,-2468
116000099,874,53,821
116000100,142,2,140
116000101,346,24,322
116000102,117,195,-78
116000103,209,60,149
116000104,133,148,-15
116000105,567,14,553
116000106,260,84,176
116000107,1014,27,987
116000108,5,8,-3
116000111,28,32,-4
116000113,38,9,29
116000114,7,40,-33
116000115,229,33,196
116000116,12,93,-81
116000117,872,554,318
116000118,482,93,389
116000119,1899,779,1120
116000120,475,234,241
116000121,426,188,238
116000122,98,48,50
116000123,1064,161,903
116000124,41,112,-71
116000125,1504,96,1408
116000126,29,37,-8
116000127,181,49,132
116000128,1028,119,909
116000129,304,9,295
116000130,309,116,193
116000133,352,19,333
116000134,499,159,340
116000135,1346,269,1077
116000136,406,417,-11
116000137,460,262,198
116000138,145,159,-14
116000139,1372,1896,-524
116000140,60,161,-101
116000141,89,106,-17
116000142,1384,1942,-558
116000143,1167,1073,94
116000144,926,763,163
116000145,2168,558,1610
116000146,273,25,248
116000147,119,181,-62
116000148,131,246,-115
116000149,193,94,99
116000151,282,300,-18
116000153,205,446,-241
116000155,363,353,10
116000156,152,166,-14
116000157,47,3,44
116000158,249,33,216
116000159,2,0,2
116000160,4,6,-2
116000161,0,46,-46
116000162,4,94,-90
116000163,17,1,16
116000164,1,1,0
116000177,12,6,6
116000194,15,45,-30
116000195,406,116,290
116000196,0,0,0
116000197,0,0,0
116000198,1390,1140,250
116000200,61,406,-345
116000201,308,58,250
116000202,0,22,-22
116000203,0,26,-26
116000204,0,4,-4
116000205,0,18,-18
116000206,0,6,-6
116000207,6,0,6
116000233,0,0,0
116000287,31,25,6
116000288,160,98,62
116000292,0,0,0
116000296,1,23,-22
116000297,62,0,62
116000304,65,0,65
116000305,2,9,-7
116000346,0,0,0
116000352,0,0,0
116000354,0,0,0
116000357,0,0,0
116000358,3,6,-3
116000361,13,0,13
116000372,1808,3475,-1667
116000381,13,1,12
116000388,0,2,-2
116000389,81,8,73
116000445,76,18,58
116000446,572,51,521
116000447,0,24,-24
116000448,257,44,213
116000563,302,1525,-1223
116000565,2,64,-62
116000568,20,80,-60
116000579,0,15,-15
116000584,13,1,12
116000585,6,34,-28
116000586,8,33,-25
116000587,505,112,393
116000589,44,0,44
116000590,38,6,32
116000591,162,53,109
116000592,0,18,-18
116000593,0,0,0
116000594,240,57,183
116000595,136,15,121
116000596,109,0,109
116000597,283,89,194
116000598,2,13,-11
116000602,0,0,0
116000605,22,15,7
116000606,53,109,-56
116000607,0,0,0
116000609,1,244,-243
116000611,12,25,-13
116000612,1332,1757,-425
116000613,495,185,310
116000614,39,35,4
116000615,0,0,0
116000616,102,5,97
116000617,76,2,74
116000618,1,4,-3
116000619,17,46,-29
116000620,165,99,66
116000621,39,88,-49
116000622,195,62,133
116000624,54,17,37
116000627,54,9,45
116000628,49,12,37
116000629,12,1,11
116000630,467,1,466
116000631,153,2,151
116000632,0,0,0
116000633,3,84,-81
116000634,257,2,255
116000635,1943,1532,411
116000636,258,587,-329
116000637,125,2,123
116000638,2,64,-62
116900001,2,1,1
116900002,46,0,46
116900003,0,0,0
116900004,80,37,43
116900005,79,1,78
116900006,8,38,-30
116900007,15,3,12
116900008,102,15,87
116900009,57,6,51
116900010,0,78,-78
116900011,0,2,-2
116900012,16,6,10
116900013,0,8,-8
116900014,0,0,0
116900015,155,2,153
116900016,107,3,104
116900017,0,43,-43
116900018,0,0,0
116900019,0,0,0
116900020,31,93,-62
116900023,0,0,0
116900024,240,1,239
116900025,453,38,415
116900026,1,34,-33
116900027,0,0,0
116900028,0,0,0
116900029,0,5,-5
116900031,0,0,0
116900032,4,7,-3
116900033,0,0,0
116900034,0,0,0
116900035,33,12,21
116900036,0,10,-10
116900038,0,0,0
116900041,0,0,0
116900042,0,0,0
116900043,9,10,-1
116900047,0,38,-38
116900049,0,0,0
116900050,27,6,21
116900051,42,0,42
116900052,5,15,-10
116900055,0,0,0
116900057,0,0,0
116900058,0,5,-5
116900059,0,1,-1
116900060,18,61,-43
116900062,0,18,-18
116900064,0,0,0
116900065,0,2,-2
116900067,19,3,16
116900068,71,36,35
116900070,0,2,-2
116900072,0,0,0
116900073,0,6,-6
116900074,0,14,-14
116900076,0,0,0
116900077,0,3,-3
116900078,0,0,0
116900079,3,18,-15
116900080,0,0,0
116900081,9,46,-37
116900082,26,57,-31
116900083,0,0,0
116900084,11,5,6
116900085,15,6,9
116900086,4,16,-12
116900088,21,0,21
116900090,0,13,-13
116900091,23,0,23
116900092,4,14,-10
116900093,92,82,10
116900094,675,828,-153
116900095,12,1,11
116900096,57,0,57
116900097,273,655,-382
116900098,12,30,-18
116900099,10,37,-27
116900100,259,12,247
116900101,21,11,10
116900103,17,0,17
116900104,0,71,-71
116900105,46,29,17
116900106,1071,20,1051
116900107,313,844,-531
116900110,12,0,12
116900111,405,65,340
116900112,156,66,90
116900113,128,779,-651
116900116,0,35,-35
116900117,9,13,-4
116900118,66,47,19
116900120,132,7,125
116900121,70,4,66
116900122,304,39,265
116900123,44,25,19
116900124,9,13,-4
116900125,44,0,44
116900126,13,142,-129
116900128,0,0,0
116900129,0,3,-3
116900130,7,486,-479
116900131,0,0,0
116900132,5,1,4
116900133,0,0,0
116900134,0,0,0
116900136,0,0,0
116900137,0,0,0
116900138,0,0,0
116900139,0,0,0
116900140,0,0,0
116900141,0,0,0
116900142,0,0,0
116900143,0,0,0
116900144,0,0,0
116900145,0,0,0
116900147,0,0,0
116900148,0,0,0
116900149,0,5,-5
116900150,0,0,0
116900151,0,0,0
116900153,0,1,-1
116900154,1,19,-18
116900155,0,0,0
116900157,86,1,85
116900158,1,0,1
116900159,1,22,-21
116900160,151,176,-25
116900161,344,37,307
116900162,0,0,0
116900163,22,2,20
116900164,2,1,1
116900165,217,42,175
116900166,15,0,15
116900167,57,0,57
116900168,101,1,100
116900169,7,28,-21
116900170,215,74,141
116900171,2,10,-8
116900172,6,24,-18
116900173,19,2,17
116900174,4,26,-22
116900175,3,10,-7
116900178,2,2,0
116900179,5,40,-35
116900180,1,0,1
116900182,55,8,47
116900183,43,16,27
116900185,23,5,18
116900186,2,1,1
116900187,15,5,10
116900188,17,4,13
116900189,0,0,0
116900191,7,23,-16
116900192,126,3,123
116900194,8,283,-275
116900195,5,0,5
116900196,4,1,3
116900197,12,0,12
116900198,1,12,-11
116900200,0,0,0
116900201,33,0,33
116900202,0,0,0
116900203,35,0,35
116900204,0,11,-11
116900206,0,0,0
116900207,1,2,-1
116900208,0,6,-6
116900209,14,0,14
116900210,26,1,25
116900211,35,1,34
116900212,0,0,0
116900213,16,5,11
116900214,0,0,0
116900215,1,15,-14
116900216,2,1,1
116900218,0,2,-2
116900219,174,27,147
116900220,11,4,7
116900221,0,0,0
116900222,232,97,135
116900223,33,19,14
116900226,115,2,113
116900227,28,0,28
116900228,78,2,76
116900230,2,30,-28
116900231,1,27,-26
116900232,0,20,-20
116900233,103,5,98
116900234,7,0,7
116900235,1,0,1
116900238,131,13,118
116900239,0,111,-111
116900240,712,71,641
116900241,1,1,0
116900242,14,221,-207
116900243,0,0,0
116900245,2,4,-2
116900246,3,1,2
116900247,215,7,208
116900248,19,0,19
116900249,103,2,101
116900250,78,5,73
116900251,12,68,-56
116900252,44,32,12
116900253,9,0,9
116900254,1,1,0
116900255,0,0,0
116900256,0,0,0
116900257,0,0,0
116900258,0,0,0
116900259,29,1,28
116900260,0,0,0
116900261,6,0,6
116900262,37,1,36
116900263,0,0,0
116900264,0,0,0
116900265,0,0,0
116900266,0,0,0
116900267,1,0,1
116900268,0,0,0
116900269,332,142,190
116900271,0,0,0
116900272,77,31,46
116900273,0,1,-1
116900274,37,0,37
116900275,0,0,0
116900276,145,126,19
116900277,30,4,26
116900278,1,0,1
116900279,1,0,1
116900280,0,0,0
116900281,481,906,-425
116900282,0,0,0
116900283,1,0,1
116900284,0,5,-5
116900285,24,25,-1
116900286,15,3,12
116900287,0,0,0
116900288,20,1,19
116900289,1,0,1
116900290,0,0,0
116900291,0,0,0
116900292,0,0,0
116900293,0,0,0
116900294,0,0,0
116900295,0,0,0
116900296,0,0,0
116900297,0,0,0
116900298,0,0,0
116900299,0,0,0
116900300,0,0,0
116900301,0,0,0
116900302,0,0,0
116900303,16,0,16
116900304,0,0,0
116900305,1,0,1
116900306,148,7,141
117000001,3018,1730,1288
117000002,1302,820,482
117000003,3957,1581,2376
117000004,1348,1270,78
117000005,2632,932,1700
117000006,473,602,-129
117000007,3339,708,2631
117000008,395,809,-414
117000009,2395,583,1812
117000010,599,674,-75
117000011,1485,470,1015
117000012,749,258,491
117000013,1479,277,1202
117000014,509,1203,-694
117000015,660,1175,-515
117000016,37,94,-57
117000017,96,94,2
117000018,13,576,-563
117000019,2,0,2
117000020,250,1412,-1162
117000021,999,61,938
117000022,143,216,-73
117000023,33,127,-94
117000024,135,293,-158
117000025,11,217,-206
117000026,1313,1312,1
117000027,147,179,-32
117000028,276,349,-73
117000030,164,249,-85
117000031,242,112,130
117000032,974,744,230
117000033,510,262,248
117000034,572,205,367
117000035,535,107,428
117000036,172,240,-68
117000037,421,72,349
117000038,277,452,-175
117000039,176,142,34
117000040,18,151,-133
117000041,705,28,677
117000044,5,116,-111
117000045,245,93,152
117000046,206,177,29
117000047,483,344,139
117000048,261,176,85
117000049,9,214,-205
117000050,57,273,-216
117000051,1637,13,1624
117000052,25,58,-33
117000053,381,0,381
117000054,1499,2,1497
117000055,1,207,-206
117000056,395,31,364
117000057,127,167,-40
117000060,195,88,107
117000061,1873,725,1148
117000062,43,64,-21
117000063,1592,362,1230
117000064,715,157,558
117000066,50,95,-45
117000067,244,383,-139
117000074,6,91,-85
117000076,15,28,-13
117000077,83,15,68
117000078,112,46,66
117000079,108,16,92
117000080,0,0,0
117000081,256,43,213
117000082,1,12,-11
117000083,28,1,27
117000084,41,0,41
117000085,168,139,29
117000086,157,77,80
117000087,1,236,-235
117000088,281,90,191
117000089,1474,108,1366
117000090,67,208,-141
117000091,861,44,817
117000092,124,176,-52
117000093,1677,122,1555
117000094,176,214,-38
117000095,3121,142,2979
117000096,223,245,-22
117000097,2249,318,1931
117000098,460,417,43
117000099,3358,419,2939
117000100,73,89,-16
117000101,103,77,26
117000102,1895,200,1695
117000103,111,244,-133
117000104,1575,241,1334
117000105,124,207,-83
117000106,1716,141,1575
117000107,150,170,-20
117000108,1900,780,1120
117000109,492,220,272
117000110,2076,1659,417
117000111,2315,2105,210
117000112,1459,778,681
117000113,37,50,-13
117000114,139,62,77
117000115,21,16,5
117000116,73,21,52
117000117,340,177,163
117000118,149,52,97
117000119,25,87,-62
117000120,2,139,-137
117000121,9,328,-319
117000122,17,473,-456
117000123,251,103,148
117000124,10,29,-19
117000125,5,19,-14
117000126,1,9,-8
117000127,17,16,1
117000128,25,1,24
117000129,178,556,-378
117000130,51,0,51
117000131,0,0,0
117000132,2121,10,2111
117000133,2005,18,1987
117000134,0,0,0
117000135,0,0,0
117000136,0,0,0
117000137,145,123,22
117000138,1,0,1
117000140,78,115,-37
117000141,1779,242,1537
117000181,16,5,11
117000182,366,423,-57
117000195,1,60,-59
117000196,139,140,-1
117000225,3,4,-1
117000226,0,23,-23
117000276,207,6,201
117000277,0,39,-39
117000310,179,1892,-1713
117000315,73,289,-216
117000320,28,0,28
117000906,254,12,242
117000907,3,35,-32
117000908,28,103,-75
117000909,58,74,-16
117000910,276,40,236
117000911,8,53,-45
117000915,14,97,-83
117000916,21,1,20
117000917,1092,6,1086
117000918,81,166,-85
117000919,0,4,-4
117000920,1,178,-177
117000921,0,39,-39
117000922,11,10,1
117000924,80,310,-230
117000926,255,111,144
117000927,186,455,-269
117000928,0,0,0
117000929,48,48,0
117000930,12,1,11
117000931,95,86,9
117900002,25,316,-291
117900003,0,0,0
117900005,0,17,-17
117900006,0,1,-1
117900007,72,11,61
117900008,0,0,0
117900010,81,7,74
117900011,0,56,-56
117900012,7,7,0
117900013,0,16,-16
117900014,237,23,214
117900015,10,85,-75
117900016,123,493,-370
117900017,371,58,313
117900018,76,20,56
117900019,242,51,191
117900020,4,50,-46
117900021,8,8,0
117900022,0,0,0
117900023,74,2,72
117900024,43,5,38
117900025,0,0,0
117900026,138,17,121
117900028,0,5,-5
117900029,126,41,85
117900030,16,128,-112
117900031,43,43,0
117900032,234,94,140
117900033,261,69,192
117900034,0,0,0
117900035,66,6,60
117900036,170,43,127
117900037,47,2,45
117900038,0,0,0
117900039,0,0,0
117900040,0,0,0
117900041,0,0,0
117900042,214,87,127
117900043,0,0,0
117900044,0,1351,-1351
117900045,104,34,70
117900048,223,8,215
117900049,123,38,85
117900050,0,87,-87
117900051,1,0,1
117900052,0,0,0
117900053,681,64,617
117900054,0,11,-11
117900055,105,70,35
117900056,1,0,1
117900057,119,274,-155
117900058,0,0,0
117900059,0,0,0
117900060,783,550,233
117900061,1,114,-113
117900063,292,48,244
117900065,80,135,-55
117900066,0,67,-67
117900067,442,37,405
117900069,269,18,251
117900070,76,68,8
117900071,142,62,80
117900073,327,16,311
117900074,1,38,-37
117900075,84,30,54
117900076,0,0,0
117900077,64,4,60
117900078,138,160,-22
117900080,99,34,65
117900081,78,39,39
117900082,202,125,77
117900083,229,37,192
117900086,74,20,54
117900087,26,8,18
117900088,286,76,210
117900089,794,129,665
117900090,172,47,125
117900091,135,21,114
117900092,12,12,0
117900093,70,0,70
117900094,63,14,49
117900095,152,88,64
117900096,89,31,58
117900097,25,25,0
117900098,87,0,87
117900099,81,101,-20
117900100,179,0,179
117900101,316,658,-342
117900102,45,39,6
117900103,92,0,92
117900104,0,36,-36
117900105,69,34,35
117900106,18,12,6
117900107,74,0,74
117900109,339,226,113
117900110,74,0,74
117900111,348,6,342
117900112,43,0,43
117900113,218,89,129
117900114,17,0,17
117900115,11,18,-7
117900116,302,75,227
117900117,146,67,79
117900118,97,0,97
117900119,157,0,157
117900120,315,1,314
117900121,125,1,124
117900122,79,996,-917
117900123,288,67,221
117900124,127,95,32
117900125,305,161,144
117900126,63,45,18
117900127,148,10,138
117900128,207,34,173
117900129,64,0,64
117900130,256,1,255
117900131,0,0,0
117900132,0,0,0
117900133,0,0,0
117900134,0,0,0
117900135,0,0,0
117900136,0,0,0
117900137,0,0,0
117900138,0,0,0
117900139,5,1,4
117900140,743,183,560
117900141,40,55,-15
117900142,2,76,-74
117900144,1,41,-40
117900145,0,30,-30
117900146,1,61,-60
117900147,72,18,54
117900148,189,768,-579
117900149,0,9,-9
117900150,2,19,-17
117900151,28,18,10
117900152,0,0,0
117900153,6,59,-53
117900154,258,70,188
117900156,129,19,110
117900157,62,33,29
117900158,54,8,46
117900160,273,143,130
117900161,246,81,165
117900162,267,137,130
117900163,13,47,-34
117900165,0,1,-1
117900166,0,49,-49
117900168,142,1,141
117900169,0,4,-4
117900170,0,8,-8
117900171,2,0,2
117900172,0,7,-7
117900173,2,11,-9
117900174,13,16,-3
117900175,0,0,0
117900176,8,0,8
117900177,1,2,-1
117900178,16,1,15
117900180,31,3,28
117900181,6,372,-366
117900182,1,51,-50
117900183,23,86,-63
117900184,8,31,-23
117900185,94,4,90
117900186,24,0,24
117900187,33,0,33
117900188,33,1,32
117900189,48,3,45
117900190,10,0,10
117900191,22,1,21
117900192,37,0,37
117900193,107,6,101
117900194,1,0,1
117900195,21,5,16
117900196,29,0,29
117900207,72,33,39
117900208,15,5,10
117900209,113,11,102
117900210,0,0,0
117900211,0,0,0
117900212,137,31,106
117900213,38,0,38
117900214,0,1,-1
117900215,0,0,0
117900216,0,0,0
117900217,0,0,0
117900218,0,0,0
117900219,0,0,0
117900220,0,58,-58
117900222,11,21,-10
117900223,42,179,-137
118000001,285,924,-639
118000002,100,447,-347
118000003,1779,3180,-1401
118000004,579,453,126
118000005,1393,2079,-686
118000006,1483,1996,-513
118000007,3057,5569,-2512
118000008,2530,2281,249
118000009,445,1039,-594
118000010,978,1260,-282
118000011,550,325,225
118000012,304,244,60
118000013,333,537,-204
118000014,412,436,-24
118000016,138,27,111
118000017,818,660,158
118000018,82,69,13
118000019,513,851,-338
118000020,124,1018,-894
118000021,69,960,-891
118000022,700,440,260
118000023,374,329,45
118000024,509,589,-80
118000027,3258,4875,-1617
118000029,127,875,-748
118000032,201,1235,-1034
118000033,1447,2043,-596
118000034,1975,1588,387
118000035,285,736,-451
118000036,205,360,-155
118000037,157,551,-394
118000038,143,202,-59
118000039,63,79,-16
118000040,591,591,0
118000041,225,428,-203
118000045,114,222,-108
118000046,76,1145,-1069
118000047,31,419,-388
118000048,658,1693,-1035
118000051,1117,1358,-241
118000052,605,1463,-858
118000053,287,648,-361
118000054,637,558,79
118000055,192,813,-621
118000056,14,185,-171
118000057,47,205,-158
118000058,496,400,96
118000059,177,1067,-890
118000060,318,306,12
118000061,256,237,19
118000062,79,79,0
118000063,57,621,-564
118000064,264,837,-573
118000065,722,283,439
118000066,436,1808,-1372
118000067,94,703,-609
118000068,279,2521,-2242
118000069,417,567,-150
118000070,682,1355,-673
118000071,364,2278,-1914
118000072,426,3098,-2672
118000073,256,1126,-870
118000074,44,357,-313
118000075,141,400,-259
118000076,3079,5975,-2896
118000077,568,725,-157
118000078,1265,1298,-33
118000079,46,273,-227
118000080,180,350,-170
118000081,976,903,73
118000082,111,646,-535
118000083,289,1012,-723
118000084,318,317,1
118000086,26,74,-48
118000087,1089,1400,-311
118000088,306,1120,-814
118000089,866,1010,-144
118000090,154,1119,-965
118000091,225,1601,-1376
118000092,216,90,126
118000093,22,546,-524
118000096,77,322,-245
118000097,124,237,-113
118000098,99,283,-184
118000099,0,0,0
118000101,716,218,498
118000102,329,201,128
118000107,12,12,0
118000108,34,456,-422
118000110,0,0,0
118000111,0,0,0
118000112,256,0,256
118000113,0,0,0
118000114,432,7,425
118000115,1,14,-13
118000116,6,4,2
118000117,259,321,-62
118000118,514,585,-71
118000119,584,609,-25
118000120,351,322,29
118000121,26,130,-104
118000122,53,52,1
118000123,52,231,-179
118000125,11,250,-239
118000126,153,464,-311
118000127,584,585,-1
118000128,6,379,-373
118000129,140,246,-106
118000130,471,968,-497
118000131,89,141,-52
118000132,1784,1482,302
118000133,543,137,406
118000135,167,377,-210
118000136,15,299,-284
118000137,68,39,29
118000138,68,94,-26
118000139,123,25,98
118000140,925,5459,-4534
118000141,2484,1321,1163
118000142,759,923,-164
118000143,2858,1388,1470
118000144,371,178,193
118000145,626,233,393
118000146,857,134,723
118000147,689,250,439
118000148,131,805,-674
118000149,355,136,219
118000150,672,91,581
118000151,431,54,377
118000153,2552,1131,1421
118000154,1021,666,355
118000155,2654,946,1708
118000156,434,974,-540
118000157,200,111,89
118000158,97,123,-26
118000159,70,151,-81
118000160,685,262,423
118000161,310,147,163
118000162,385,367,18
118000163,729,795,-66
118000164,919,1003,-84
118000168,106,1,105
118000169,133,383,-250
118000170,989,1189,-200
118000171,124,168,-44
118000172,33,64,-31
118000173,515,342,173
118000175,195,194,1
118000176,237,326,-89
118000177,236,470,-234
118000178,1,12,-11
118000179,700,827,-127
118000180,645,344,301
118000181,151,40,111
118000182,70,105,-35
118000183,92,96,-4
118000184,1121,301,820
118000185,153,614,-461
118000186,114,539,-425
118000187,1005,163,842
118000188,155,5,150
118000189,57,7,50
118000190,5,12,-7
118000191,24,5,19
118000192,3,58,-55
118000193,4,124,-120
118000194,732,1318,-586
118000195,86,954,-868
118000196,6,54,-48
118000197,97,318,-221
118000198,441,878,-437
118000199,382,702,-320
118000200,0,0,0
118000201,96,305,-209
118000202,0,0,0
118000203,29,186,-157
118000204,0,28,-28
118000205,28,53,-25
118000206,304,105,199
118000207,0,36,-36
118000208,590,927,-337
118000209,1178,246,932
118000210,101,6,95
118000211,83,20,63
118000213,138,1030,-892
118000214,129,25,104
118000215,92,5,87
118000216,463,7,456
118000217,0,19,-19
118000218,10,6,4
118000219,127,54,73
118000220,13,22,-9
118000221,36,429,-393
118000222,26,2,24
118000223,50,10,40
118000224,99,9,90
118000225,0,0,0
118000226,188,16,172
118000227,32,164,-132
118000228,3,17,-14
118000229,0,0,0
118000230,0,0,0
118000231,0,0,0
118000232,0,0,0
118000233,495,150,345
118000234,0,0,0
118000236,82,14,68
118000237,0,0,0
118000238,225,1,224
118000239,296,178,118
118000240,28,24,4
118000241,40,24,16
118000242,0,0,0
118000243,0,0,0
118000244,2,12,-10
118000246,0,0,0
118000255,47,188,-141
118000256,67,112,-45
118000259,1,4,-3
118000260,73,2,71
118000261,1,0,1
118000263,5,21,-16
118000266,26,19,7
118000267,0,0,0
118000268,58,3,55
118000270,0,0,0
118000271,121,28,93
118000272,40,0,40
118000273,4,0,4
118000274,0,0,0
118000276,81,16,65
118000295,1,4,-3
118000298,5,4,1
118000299,1,1,0
118000301,0,0,0
118000302,31,2,29
118000311,175,24,151
118000312,11,0,11
118000313,27,3,24
118000314,5,2,3
118000315,2,0,2
118000316,10,8,2
118000325,125,0,125
118000326,7,2,5
118000331,154,21,133
118000332,132,1,131
118000333,106,7,99
118000335,121,1,120
118000336,0,0,0
118000407,125,15,110
118000457,0,0,0
118000465,201,410,-209
118000480,0,6,-6
118000489,1,213,-212
118000490,0,34,-34
118000492,254,50,204
118000510,0,0,0
118000514,30,19,11
118000515,27,212,-185
118000517,128,119,9
118000524,16,37,-21
118000525,26,91,-65
118000530,13,86,-73
118000531,165,88,77
118000532,0,0,0
118000533,0,0,0
118000534,0,0,0
118000535,108,30,78
118000536,7,13,-6
118000537,1,22,-21
118000538,0,27,-27
118000539,15,122,-107
118000540,47,33,14
118000541,19,1,18
118000542,43,83,-40
118000543,79,20,59
118000546,0,2,-2
118000553,0,0,0
118000557,0,0,0
118000560,1,8,-7
118000562,0,0,0
118000563,868,811,57
118000576,115,12,103
118000577,36,43,-7
118000578,18,4,14
118000579,131,275,-144
118000583,0,0,0
118000595,135,76,59
118000596,0,0,0
118000597,11,23,-12
118000598,10,0,10
118000599,286,5,281
118000600,0,1,-1
118000601,0,0,0
118000602,0,0,0
118000603,0,3,-3
118900001,0,0,0
118900002,68,0,68
118900003,74,0,74
118900004,11,0,11
118900005,0,0,0
118900006,0,0,0
118900007,0,0,0
118900008,189,2,187
118900009,0,0,0
118900010,0,0,0
118900011,0,0,0
118900012,87,53,34
118900013,0,0,0
118900015,0,0,0
118900016,0,0,0
118900017,0,0,0
118900018,0,0,0
118900019,0,0,0
118900020,0,0,0
118900021,17,26,-9
118900022,14,0,14
118900023,0,0,0
118900024,0,0,0
118900025,0,0,0
118900026,14,0,14
118900027,0,0,0
118900028,83,23,60
118900029,0,0,0
118900030,0,0,0
118900031,3,1,2
118900032,0,0,0
118900033,0,0,0
118900034,0,0,0
118900035,14,1,13
118900036,127,18,109
118900037,0,0,0
118900038,79,1,78
118900039,0,0,0
118900040,61,19,42
118900041,0,0,0
118900042,3,0,3
118900045,5,3,2
118900046,6,7,-1
118900047,4,22,-18
118900048,0,0,0
118900049,0,0,0
118900050,0,0,0
118900051,0,0,0
118900052,0,0,0
118900053,0,0,0
118900054,4,1,3
118900055,0,0,0
118900056,0,0,0
118900057,111,63,48
118900058,0,0,0
118900059,0,0,0
118900060,45,6,39
118900062,0,0,0
118900064,0,0,0
118900065,0,0,0
118900066,0,0,0
118900067,60,136,-76
118900068,0,0,0
118900069,6,2,4
118900071,0,0,0
118900072,0,0,0
118900073,3,0,3
118900074,0,0,0
118900075,0,0,0
118900076,0,0,0
118900077,2,0,2
118900078,0,0,0
118900079,0,0,0
118900080,0,0,0
118900081,0,0,0
118900082,5,0,5
118900083,0,0,0
118900084,0,0,0
118900085,0,0,0
118900086,0,0,0
118900087,0,0,0
118900088,0,0,0
118900089,0,0,0
118900090,0,0,0
118900091,0,0,0
118900092,0,0,0
118900093,0,0,0
118900096,0,0,0
118900097,20,22,-2
118900099,13,6,7
118900100,0,0,0
118900101,0,0,0
118900102,0,0,0
118900103,0,0,0
118900104,35,1,34
118900105,0,0,0
118900107,0,0,0
118900108,0,0,0
118900110,37,0,37
118900111,0,0,0
118900112,0,0,0
118900113,0,0,0
118900114,0,0,0
118900115,0,33,-33
118900116,6,4,2
118900117,2,15,-13
118900118,15,0,15
118900119,49,3,46
118900120,2,29,-27
118900121,0,0,0
118900122,0,0,0
118900123,38,13,25
118900124,0,0,0
118900126,0,0,0
118900129,0,0,0
118900130,0,0,0
118900131,68,20,48
118900132,0,0,0
118900133,0,0,0
118900135,0,0,0
118900136,169,18,151
118900137,0,0,0
118900139,0,0,0
118900140,110,40,70
118900141,0,0,0
118900144,28,19,9
118900145,0,0,0
118900146,40,24,16
118900147,0,0,0
118900148,0,0,0
118900150,0,0,0
118900152,0,0,0
118900157,0,0,0
118900158,0,0,0
118900159,0,0,0
118900161,0,0,0
118900163,0,0,0
118900164,0,0,0
118900165,0,0,0
118900166,0,0,0
118900167,0,0,0
118900168,0,0,0
118900169,0,0,0
118900170,0,0,0
118900171,0,0,0
118900174,0,0,0
118900175,135,39,96
118900176,6,13,-7
118900177,0,0,0
118900178,0,0,0
118900179,0,0,0
118900181,34,5,29
118900182,0,0,0
118900183,0,0,0
118900184,0,0,0
118900185,24,2,22
118900186,1,24,-23
118900187,18,7,11
118900188,51,6,45
118900189,0,0,0
118900190,0,0,0
118900191,0,0,0
118900192,0,0,0
118900193,5,0,5
118900195,32,0,32
118900196,0,0,0
118900197,0,0,0
118900198,0,0,0
118900199,0,0,0
118900200,0,0,0
118900201,0,0,0
118900202,0,0,0
118900203,0,0,0
118900204,0,0,0
118900205,0,0,0
118900206,0,0,0
119000001,984,814,170
119000002,1967,1015,952
119000003,1062,394,668
119000004,708,1245,-537
119000005,992,1472,-480
119000006,1007,491,516
119000007,1756,1938,-182
119000008,525,552,-27
119000009,850,2419,-1569
119000010,862,1339,-477
119000011,1280,910,370
119000012,597,1084,-487
119000013,2805,1426,1379
119000014,757,1616,-859
119000019,72,81,-9
119000020,868,1195,-327
119000021,1463,1740,-277
119000022,80,554,-474
119000023,63,178,-115
119000024,430,7343,-6913
119000025,1243,460,783
119000026,8,162,-154
119000027,32,199,-167
119000028,1310,267,1043
119000029,37,55,-18
119000030,298,696,-398
119000031,287,418,-131
119000032,206,743,-537
119000033,976,590,386
119000034,481,311,170
119000035,5,121,-116
119000036,1287,163,1124
119000037,519,375,144
119000038,42,153,-111
119000039,396,229,167
119000040,180,485,-305
119000041,250,711,-461
119000048,1747,550,1197
119000049,593,317,276
119000050,346,614,-268
119000051,259,244,15
119000052,403,571,-168
119000053,557,498,59
119000054,1424,657,767
119000055,2776,648,2128
119000056,1942,596,1346
119000057,719,582,137
119000058,697,487,210
119000059,768,441,327
119000060,513,122,391
119000061,196,272,-76
119000062,293,239,54
119000063,272,216,56
119000064,136,110,26
119000065,172,330,-158
119000066,648,611,37
119000067,673,586,87
119000068,637,286,351
119000069,526,385,141
119000070,993,213,780
119000071,30,146,-116
119000072,810,501,309
119000073,1164,2470,-1306
119000074,1372,394,978
119000075,1408,770,638
119000076,53,295,-242
119000077,190,171,19
119000078,54,20,34
119000079,10,161,-151
119000080,180,13,167
119000081,170,88,82
119000082,170,23,147
119000083,165,62,103
119000084,111,84,27
119000085,145,57,88
119000086,54,33,21
119000087,393,142,251
119000088,126,2,124
119000089,26,21,5
119000090,48,70,-22
119000091,77,36,41
119000092,142,104,38
119000093,1125,809,316
119000094,1408,1070,338
119000095,625,548,77
119000097,584,469,115
119000098,479,2345,-1866
119000099,1064,370,694
119000100,1961,839,1122
119000101,983,845,138
119000102,50,229,-179
119000103,594,253,341
119000104,153,54,99
119000105,229,653,-424
119000106,56,67,-11
119000107,609,326,283
119000108,135,121,14
119000109,8,32,-24
119000110,0,0,0
119000111,0,25,-25
119000112,0,0,0
119000113,196,34,162
119000114,85,117,-32
119000115,25,87,-62
119000116,6,89,-83
119000117,7,38,-31
119000118,1,0,1
119000123,200,698,-498
119000124,308,87,221
119000125,1925,240,1685
119000126,801,187,614
119000127,111,39,72
119000128,6,0,6
119000131,254,58,196
119000132,0,0,0
119000133,0,7,-7
119000134,304,457,-153
119000135,56,18,38
119000136,0,0,0
119000137,27,9,18
119000138,0,0,0
119000139,10,8,2
119000140,0,0,0
119000284,203,535,-332
119000285,339,316,23
119000286,1057,828,229
119000287,477,485,-8
119000288,391,177,214
119000289,268,698,-430
119000290,203,289,-86
119000291,0,60,-60
119000293,79,175,-96
119000294,67,55,12
119000295,192,196,-4
119000296,56,35,21
119000302,1192,896,296
119000303,2,33,-31
119000304,0,0,0
119000310,0,0,0
119000314,241,2556,-2315
119000315,0,6,-6
119000316,0,0,0
119000317,36,17,19
119900001,78,212,-134
119900002,33,26,7
119900003,0,15,-15
119900004,0,0,0
119900005,0,0,0
119900006,19,32,-13
119900007,12,0,12
119900008,0,0,0
119900009,51,95,-44
119900010,214,282,-68
119900011,7,0,7
119900012,0,0,0
119900013,159,114,45
119900014,120,74,46
119900015,0,0,0
119900016,0,0,0
119900017,12,13,-1
119900018,194,174,20
119900019,0,0,0
119900020,0,0,0
119900021,0,0,0
119900022,16,166,-150
119900023,46,723,-677
119900025,0,0,0
119900026,0,0,0
119900027,0,6,-6
119900028,51,33,18
119900029,0,0,0
119900030,0,0,0
119900031,5,291,-286
119900033,328,162,166
119900034,0,0,0
119900037,101,1,100
119900038,50,44,6
119900039,0,0,0
119900040,93,5,88
119900041,0,0,0
119900042,0,0,0
119900043,37,12,25
119900044,16,172,-156
119900046,0,0,0
119900047,0,0,0
119900048,14,10,4
119900049,56,0,56
119900050,60,18,42
119900051,375,8,367
119900052,0,0,0
119900053,0,0,0
119900054,114,0,114
119900055,302,38,264
119900057,0,0,0
119900058,0,0,0
119900059,36,13,23
119900060,111,37,74
119900062,0,0,0
119900063,0,0,0
119900065,55,0,55
119900066,0,0,0
119900067,0,0,0
119900068,5,0,5
119900069,35,1,34
119900070,303,0,303
119900071,316,27,289
119900073,100,1,99
119900074,0,0,0
119900075,356,460,-104
119900076,0,0,0
119900077,207,29,178
119900078,146,8,138
119900079,41,1,40
119900080,322,66,256
119900081,58,4,54
119900082,1093,261,832
119900083,66,49,17
119900084,0,0,0
119900085,0,0,0
119900087,0,0,0
119900088,0,0,0
119900089,0,0,0
119900090,0,0,0
119900091,0,0,0
119900092,0,0,0
119900093,0,0,0
119900094,0,0,0
119900095,0,0,0
119900096,0,0,0
119900097,0,0,0
119900098,0,0,0
119900099,0,0,0
119900100,16,135,-119
119900101,26,73,-47
119900102,0,0,0
119900103,0,0,0
119900104,0,0,0
119900105,60,43,17
119900106,0,0,0
119900107,0,0,0
119900108,421,133,288
119900109,0,0,0
119900110,21,24,-3
119900111,24,0,24
119900112,0,0,0
119900113,0,5,-5
119900114,34,42,-8
119900115,38,24,14
119900116,0,1,-1
119900117,40,27,13
119900118,37,16,21
119900119,1,4,-3
119900120,28,27,1
119900121,0,0,0
119900122,0,1,-1
119900123,6,7,-1
119900124,0,26,-26
119900125,0,0,0
119900126,233,25,208
119900127,47,0,47
119900128,2,5,-3
119900129,1,9,-8
119900130,0,0,0
119900131,0,2,-2
119900132,3,0,3
119900133,0,0,0
119900134,46,7,39
119900135,0,0,0
119900136,0,0,0
119900138,0,0,0
119900139,0,0,0
119900140,0,2,-2
119900141,0,0,0
119900142,2,3,-1
119900143,2,33,-31
119900144,0,0,0
119900145,0,0,0
119900146,0,0,0
119900147,0,0,0
119900148,46,10,36
119900149,10,771,-761
119900150,0,0,0
119900151,236,167,69
119900152,0,0,0
119900153,28,1,27
119900154,8,3,5
119900155,0,0,0
119900156,36,21,15
119900157,0,0,0
119900158,29,17,12
119900159,5,53,-48
119900160,1,0,1
119900161,56,7,49
119900162,120,84,36
119900163,0,0,0
119900164,0,0,0
119900165,0,0,0
119900166,58,25,33
119900167,0,0,0
119900168,172,12,160
119900169,0,0,0
119900170,0,0,0
119900171,23,0,23
119900172,6,21,-15
119900173,5,11,-6
119900174,0,0,0
119900175,300,15,285
119900177,11,4,7
119900178,0,0,0
119900179,43,259,-216
119900180,151,26,125
119900181,1,8,-7
119900182,3,50,-47
119900183,11,75,-64
119900184,59,64,-5
119900185,2,70,-68
119900186,0,0,0
119900187,2,23,-21
119900188,39,73,-34
119900189,0,0,0
119900190,0,0,0
119900191,0,4,-4
119900192,7,36,-29
119900193,111,5,106
119900194,14,16,-2
119900195,2,10,-8
119900196,0,0,0
119900197,1,0,1
119900198,6,9,-3
119900199,116,1,115
119900200,0,0,0
119900201,41,6,35
119900202,11,82,-71
119900203,0,0,0
119900204,37,15,22
119900205,279,17,262
119900206,0,0,0
119900208,1,0,1
119900209,130,229,-99
119900210,0,0,0
119900211,0,0,0
119900212,469,7,462
119900213,0,0,0
119900214,0,0,0
119900215,0,0,0
119900216,0,0,0
119900217,0,0,0
119900218,0,0,0
119900219,0,0,0
119900220,0,0,0
119900221,0,0,0
119900222,0,0,0
119900223,0,0,0
119900224,0,0,0
119900225,0,0,0
119900226,12,212,-200
119900227,58,35,23
119900228,0,3,-3
119900229,0,0,0
119900230,19,0,19
119900231,95,3,92
119900232,0,0,0
119900233,0,0,0
119900234,0,0,0
119900235,0,0,0
119900236,1,0,1
119900237,5,4,1
119900238,0,0,0
119900240,0,0,0
119900241,0,0,0
119900242,90,2,88
119900244,75,159,-84
119900245,0,0,0
119900246,0,0,0
119900247,5,34,-29
119900248,6,0,6
119900249,10,0,10
119900253,150,159,-9
119900254,5,249,-244
119900255,13,29,-16
119900256,193,29,164
119900257,0,0,0
119900258,0,0,0
119900259,5,0,5
119900260,6,1,5
119900261,142,25,117
119900262,3,6,-3
119900263,455,38,417
119900264,0,0,0
119900265,22,0,22
119900266,0,0,0
119900267,0,6,-6
119900268,1,0,1
119900269,51,7,44
119900271,0,0,0
119900272,4,32,-28
119900275,37,5,32
119900276,18,0,18
119900277,3,0,3
119900278,0,0,0
119900279,0,0,0
119900280,66,19,47
119900281,0,0,0
119900282,0,0,0
119900283,0,16,-16
119900284,211,92,119
119900285,3,0,3
119900286,0,0,0
119900288,2,6,-4
119900289,0,0,0
119900290,2,0,2
119900291,0,0,0
119900292,37,16,21
119900293,5,9,-4
119900294,6,0,6
119900295,2,0,2
119900296,219,10,209
119900299,0,0,0
119900300,6,0,6
119900301,0,0,0
119900302,0,0,0
119900303,0,0,0
119900304,0,0,0
119900305,0,0,0
119900306,0,0,0
119900307,0,0,0
119900308,0,0,0
119900309,4,16,-12
119900310,25,9,16
119900311,0,0,0
119900312,64,7,57
119900313,29,2,27
119900314,0,0,0
119900315,488,143,345
119900318,0,0,0
119900319,6,27,-21
119900320,70,68,2
119900321,4,0,4
119900322,1,33,-32
119900323,2,14,-12
119900324,0,11,-11
119900325,46,22,24
119900326,17,35,-18
120000001,4783,13170,-8387
120000002,989,619,370
120000003,656,535,121
120000004,908,869,39
120000005,1204,797,407
120000006,451,270,181
120000007,830,498,332
120000008,381,381,0
120000009,592,286,306
120000010,574,467,107
120000011,206,261,-55
120000012,321,454,-133
120000013,1171,539,632
120000014,328,499,-171
120000015,1342,888,454
120000016,3389,2033,1356
120000017,2060,1720,340
120000018,1997,6307,-4310
120000019,530,710,-180
120000020,1773,1667,106
120000021,1053,1812,-759
120000022,3732,4033,-301
120000023,769,848,-79
120000024,799,953,-154
120000025,2058,751,1307
120000026,1644,1699,-55
120000027,2128,1896,232
120000028,515,190,325
120000029,248,647,-399
120000030,19,269,-250
120000031,594,1444,-850
120000032,1558,1134,424
120000033,1278,330,948
120000034,1602,252,1350
120000035,1370,290,1080
120000036,1740,2351,-611
120000037,503,1638,-1135
120000038,1358,2624,-1266
120000039,31,281,-250
120000040,3,167,-164
120000041,113,190,-77
120000042,510,488,22
120000043,1965,677,1288
120000044,3581,652,2929
120000045,3565,330,3235
120000046,2120,1678,442
120000047,239,2881,-2642
120000048,2731,2216,515
120000049,1705,650,1055
120000050,1161,1158,3
120000051,936,1812,-876
120000052,1329,828,501
120000053,530,650,-120
120000054,524,669,-145
120000055,1035,834,201
120000056,2045,1001,1044
120000057,1034,211,823
120000058,273,321,-48
120000059,200,1303,-1103
120000061,22,164,-142
120000062,106,98,8
120000063,268,420,-152
120000064,126,216,-90
120000065,194,205,-11
120000066,98,86,12
120000067,12,104,-92
120000068,78,220,-142
120000069,346,175,171
120000070,65,226,-161
120000071,349,54,295
120000072,643,151,492
120000073,450,67,383
120000074,119,23,96
120000075,871,79,792
120000076,1402,107,1295
120000077,1240,136,1104
120000078,663,229,434
120000079,303,124,179
120000080,44,87,-43
120000081,247,80,167
120000082,124,181,-57
120000083,6,853,-847
120000084,54,75,-21
120000085,49,42,7
120000086,41,48,-7
120000087,68,90,-22
120000088,479,310,169
120000089,1061,178,883
120000090,356,178,178
120000091,568,261,307
120000092,697,190,507
120000093,436,185,251
120000094,162,413,-251
120000095,333,115,218
120000096,134,146,-12
120000098,394,113,281
120000099,77,121,-44
120000100,307,165,142
120000101,267,101,166
120000102,407,1091,-684
120000103,924,551,373
120000104,2067,180,1887
120000105,3378,143,3235
120000106,2852,71,2781
120000107,3882,176,3706
120000108,1333,93,1240
120000109,781,26,755
120000110,1,164,-163
120000111,4,110,-106
120000112,43,424,-381
120000113,55,317,-262
120000114,67,228,-161
120000115,26,193,-167
120000116,71,265,-194
120000117,417,285,132
120000118,6,24,-18
120000119,4,91,-87
120000120,39,65,-26
120000121,22,44,-22
120000122,65,300,-235
120000123,550,3107,-2557
120000124,322,219,103
120000125,222,134,88
120000126,145,238,-93
120000127,167,217,-50
120000128,503,980,-477
120000129,52,133,-81
120000130,471,228,243
120000131,201,249,-48
120000134,71,16,55
120000135,93,280,-187
120000137,54,27,27
120000138,329,70,259
120000139,134,38,96
120000140,206,27,179
120000141,272,77,195
120000142,552,133,419
120000143,0,0,0
120000144,47,0,47
120000145,45,0,45
120000146,518,695,-177
120000149,126,215,-89
120000150,244,3428,-3184
120000151,377,75,302
120000152,511,85,426
120000153,73,90,-17
120000154,78,62,16
120000155,112,99,13
120000156,172,363,-191
120000157,553,179,374
120000158,128,63,65
120000159,661,854,-193
120000160,1253,884,369
120000161,959,752,207
120000162,63,190,-127
120000163,306,125,181
120000164,254,65,189
120000165,317,53,264
120000166,1068,49,1019
120000167,0,0,0
120000168,0,0,0
120000169,0,0,0
120000170,0,0,0
120000171,0,0,0
120000172,0,0,0
120000173,78,0,78
120000174,2,0,2
120000175,5,0,5
120000176,0,4,-4
120000177,108,6,102
120000178,21,0,21
120000179,12,2,10
120000180,18,11,7
120000181,7,91,-84
120000182,15,127,-112
120000183,3,169,-166
120000184,22,269,-247
120000186,12,49,-37
120000187,8,41,-33
120000188,15,36,-21
120000190,55,103,-48
120000191,76,70,6
120000192,73,10,63
120000193,64,2,62
120000195,10,0,10
120000196,12,3,9
120000197,3,13,-10
120000198,16,0,16
120000199,0,0,0
120000200,0,0,0
120000201,0,0,0
120000202,0,0,0
120000203,0,0,0
120000207,0,0,0
120000208,0,0,0
120000209,0,0,0
120000210,0,0,0
120000211,0,0,0
120000212,0,0,0
120000213,0,0,0
120000214,0,0,0
120000215,0,0,0
120000216,0,0,0
120000217,0,0,0
120000218,0,0,0
120000219,0,0,0
120000220,0,0,0
120000225,1056,0,1056
120000226,146,1,145
120000227,306,43,263
120000228,0,0,0
120000230,71,13,58
120000231,307,35,272
120000233,339,4,335
120000235,5,64,-59
120000236,833,1,832
120000237,1,81,-80
120000238,0,0,0
120000241,916,1777,-861
120000412,83,2,81
120000413,94,16,78
120000414,93,0,93
120000415,1,1,0
120000416,10,0,10
120000417,9,10,-1
120000418,120,1,119
120000419,0,1,-1
120000420,25,22,3
120000421,1981,1347,634
120000422,9,349,-340
120000423,0,0,0
120000424,0,0,0
120000436,81,852,-771
120000437,7,31,-24
120000438,235,95,140
120000439,215,314,-99
120000443,151,0,151
120000444,1045,135,910
120000445,686,574,112
120000446,204,51,153
120000447,287,4,283
120000449,62,0,62
120000450,0,4,-4
120000451,36,62,-26
120000452,247,34,213
120000453,0,0,0
120000454,78,26,52
120000455,16,49,-33
120000456,72,734,-662
120000457,208,135,73
120000458,267,59,208
120000459,75,32,43
120000665,28,82,-54
120000668,8,280,-272
120000669,97,86,11
120000670,18,190,-172
120000671,494,247,247
120000672,5,125,-120
120900001,70,1,69
120900002,9,12,-3
120900003,0,0,0
120900004,4,28,-24
120900005,57,57,0
120900006,257,28,229
120900007,15,16,-1
120900008,227,108,119
120900009,0,0,0
120900010,199,34,165
120900011,0,0,0
120900012,23,376,-353
120900013,0,0,0
120900014,5,33,-28
120900015,571,11,560
120900016,691,10,681
120900017,191,11,180
120900018,70,25,45
120900019,106,150,-44
120900020,73,230,-157
120900021,0,0,0
120900022,1,21,-20
120900023,293,13,280
120900024,262,14,248
120900025,222,59,163
120900026,14,26,-12
120900027,0,0,0
120900028,299,66,233
120900029,0,0,0
120900030,704,80,624
120900031,0,0,0
120900032,772,37,735
120900033,420,32,388
120900034,7,963,-956
120900035,101,12,89
120900037,118,4,114
120900038,0,0,0
120900039,0,0,0
120900040,0,0,0
120900041,4,3,1
120900042,310,28,282
120900043,36,5,31
120900044,1,173,-172
120900045,4,3,1
120900046,321,3,318
120900047,0,0,0
120900048,0,0,0
120900049,0,0,0
120900050,149,582,-433
120900051,170,76,94
120900052,252,0,252
120900053,170,12,158
120900054,213,11,202
120900055,388,1,387
120900056,0,0,0
120900057,0,0,0
120900058,304,0,304
120900059,94,0,94
120900060,41,12,29
120900061,47,15,32
120900062,140,5,135
120900063,0,0,0
120900064,3,0,3
120900065,1,0,1
120900066,459,2,457
120900067,107,16,91
120900068,160,0,160
120900069,0,0,0
120900071,28,1,27
120900072,0,0,0
120900073,0,0,0
120900074,222,11,211
120900076,231,0,231
120900077,457,204,253
120900078,581,64,517
120900079,150,11,139
120900080,146,4,142
120900081,626,34,592
120900082,142,4,138
120900083,182,1,181
120900084,0,0,0
120900085,0,0,0
120900086,9,191,-182
120900087,268,35,233
120900088,0,0,0
120900089,392,1317,-925
120900090,33,3,30
120900091,60,255,-195
120900092,9,29,-20
120900093,0,0,0
120900094,18,30,-12
120900095,0,0,0
120900096,1,3,-2
120900097,45,25,20
120900098,0,0,0
120900099,0,0,0
120900100,0,0,0
120900101,0,0,0
120900102,0,0,0
120900103,51,18,33
120900104,0,0,0
120900105,0,0,0
120900106,85,52,33
120900107,0,0,0
120900108,0,0,0
120900109,5,60,-55
120900110,0,1,-1
120900111,14,5,9
120900112,0,0,0
120900113,2,38,-36
120900114,2,15,-13
120900115,63,96,-33
120900116,57,8,49
120900117,0,0,0
120900118,5,34,-29
120900119,806,395,411
120900120,9,47,-38
120900121,1,0,1
120900122,80,13,67
120900123,0,0,0
120900124,0,38,-38
120900125,0,37,-37
120900126,0,0,0
120900127,0,0,0
120900128,19,10,9
120900129,100,1,99
120900130,0,53,-53
120900131,0,0,0
120900132,725,10,715
120900133,1,45,-44
120900134,2,10,-8
120900135,62,0,62
120900136,0,0,0
120900137,177,16,161
120900138,0,2,-2
120900139,0,0,0
120900140,0,0,0
120900141,117,43,74
120900142,0,56,-56
120900143,0,0,0
120900144,0,22,-22
120900145,17,25,-8
120900146,0,1,-1
120900147,0,0,0
120900148,11,17,-6
120900149,0,34,-34
120900150,0,6,-6
120900151,0,0,0
120900152,0,1,-1
120900153,0,0,0
120900154,0,7,-7
120900155,6,9,-3
120900156,20,0,20
120900157,0,0,0
120900158,1,8,-7
120900159,0,0,0
120900160,0,3,-3
120900161,0,0,0
120900162,0,0,0
120900163,0,0,0
120900164,0,0,0
120900165,0,0,0
120900166,0,0,0
120900167,0,0,0
120900169,0,0,0
120900170,37,1146,-1109
120900171,129,15,114
120900172,0,0,0
120900173,0,2,-2
120900174,0,0,0
120900175,46,2,44
120900176,2,213,-211
120900177,2,656,-654
120900178,0,122,-122
120900179,35,27,8
120900180,0,0,0
120900181,0,0,0
120900182,0,0,0
120900183,44,21,23
120900184,0,0,0
120900185,0,0,0
120900186,1,21,-20
120900187,148,158,-10
120900188,0,0,0
120900189,0,0,0
120900190,63,0,63
120900191,0,0,0
120900192,830,2428,-1598
120900194,1,2,-1
120900195,0,0,0
120900196,1,0,1
120900197,404,47,357
120900198,2,50,-48
120900199,1,0,1
120900200,1,0,1
120900201,0,0,0
120900202,0,25,-25
120900203,7,29,-22
120900204,13,30,-17
120900205,2,0,2
120900206,2,0,2
120900207,0,62,-62
121000001,195,492,-297
121000002,482,1198,-716
121000003,391,1118,-727
121000004,386,1472,-1086
121000005,1407,2903,-1496
121000006,791,1517,-726
121000007,321,1632,-1311
121000008,808,1610,-802
121000009,1019,3169,-2150
121000010,1048,1506,-458
121000011,1959,3650,-1691
121000012,3320,1820,1500
121000013,1936,3536,-1600
121000014,2744,1797,947
121000015,3044,4676,-1632
121000016,868,833,35
121000017,625,2079,-1454
121000018,854,1118,-264
121000019,2066,3169,-1103
121000020,4069,7419,-3350
121000021,278,443,-165
121000022,351,2356,-2005
121000023,997,342,655
121000024,1644,2070,-426
121000025,85,349,-264
121000026,104,156,-52
121000027,265,634,-369
121000028,110,222,-112
121000029,61,192,-131
121000030,0,0,0
121000031,68,176,-108
121000032,0,0,0
121000034,6,38,-32
121000035,0,28,-28
121000036,122,244,-122
121000037,123,484,-361
121000038,698,560,138
121000039,89,32,57
121000041,109,122,-13
121000042,15,252,-237
121000043,360,401,-41
121000044,87,277,-190
121000045,86,205,-119
121000046,0,0,0
121000047,6,5,1
121000049,449,265,184
121000050,93,1584,-1491
121000051,130,150,-20
121000052,88,997,-909
121000053,51,80,-29
121000054,0,42,-42
121000055,305,664,-359
121000056,799,567,232
121000057,0,6,-6
121000058,28,59,-31
121000059,207,1030,-823
121000060,547,764,-217
121000061,3,499,-496
121000062,263,214,49
121000063,132,743,-611
121000064,192,566,-374
121000065,70,181,-111
121000066,32,47,-15
121000067,88,36,52
121000068,132,603,-471
121000069,16,761,-745
121000070,272,222,50
121000071,387,925,-538
121000072,145,86,59
121000073,132,534,-402
121000074,8,75,-67
121000075,1,12,-11
121000076,63,53,10
121000077,25,93,-68
121000078,3,88,-85
121000080,214,135,79
121000081,406,1405,-999
121000082,2,19,-17
121000083,64,95,-31
121000084,1,0,1
121000085,21,19,2
121000086,18,274,-256
121000087,7,232,-225
121000088,118,135,-17
121000089,10,331,-321
121000090,44,141,-97
121000091,471,798,-327
121000092,17,60,-43
121000093,45,75,-30
121000094,64,86,-22
121000095,29,147,-118
121000096,657,326,331
121000097,219,663,-444
121000098,136,128,8
121000099,139,131,8
121000100,350,155,195
121000101,74,98,-24
121000102,5,4,1
121000103,53,71,-18
121000104,14,11,3
121000105,8,3,5
121000106,94,135,-41
121000107,854,1719,-865
121000109,554,1032,-478
121000110,31,682,-651
121000114,768,1407,-639
121000115,161,150,11
121000116,158,151,7
121000117,308,44,264
121000118,176,40,136
121000119,17,67,-50
121000120,57,408,-351
121000121,62,74,-12
121000123,112,38,74
121000126,27,157,-130
121000127,2,38,-36
121000128,259,90,169
121000129,156,113,43
121000130,90,220,-130
121000131,49,286,-237
121000132,87,309,-222
121000135,257,744,-487
121000136,320,534,-214
121000137,35,116,-81
121000138,127,1219,-1092
121000139,0,0,0
121000141,41,37,4
121000142,11,28,-17
121000143,11,28,-17
121000144,586,843,-257
121000145,107,260,-153
121000146,238,44,194
121000147,145,42,103
121000148,166,162,4
121000149,578,606,-28
121000152,104,65,39
121000153,225,148,77
121000154,248,121,127
121000155,317,427,-110
121000156,155,193,-38
121000157,254,249,5
121000158,447,274,173
121000159,248,202,46
121000160,414,76,338
121000161,134,237,-103
121000162,93,72,21
121000165,735,2141,-1406
121000166,18,311,-293
121000168,57,109,-52
121000169,1,33,-32
121000170,50,15,35
121000171,44,78,-34
121000172,177,347,-170
121000173,779,713,66
121000174,316,553,-237
121000175,332,167,165
121000176,184,198,-14
121000177,193,104,89
121000178,145,38,107
121000179,16,38,-22
121000181,124,78,46
121000182,226,279,-53
121000183,16,160,-144
121000184,29,335,-306
121000185,14,734,-720
121000186,211,890,-679
121000187,157,134,23
121000188,52,78,-26
121000192,246,60,186
121000193,52,73,-21
121000194,504,940,-436
121000195,195,518,-323
121000196,122,105,17
121000197,43,101,-58
121000198,34,175,-141
121000199,15,125,-110
121000200,241,147,94
121000201,1,108,-107
121000202,66,4,62
121000203,45,92,-47
121000204,655,30,625
121000205,141,156,-15
121000206,148,148,0
121000207,571,277,294
121000208,0,150,-150
121000209,371,22,349
121000210,432,141,291
121000211,31,13,18
121000212,134,117,17
121000213,455,547,-92
121000214,203,925,-722
121000215,435,244,191
121000216,97,595,-498
121000217,1155,1649,-494
121000218,49,412,-363
121000219,399,376,23
121000220,14,5,9
121000221,9,144,-135
121000222,493,909,-416
121000223,0,0,0
121000224,191,198,-7
121000225,64,1086,-1022
121000226,243,793,-550
121000227,2,128,-126
121000228,11,57,-46
121000229,17,18,-1
121000230,6,140,-134
121000231,741,5,736
121000232,68,37,31
121000233,189,76,113
121000234,7,42,-35
121000235,17,31,-14
121000236,0,12,-12
121000237,1,3,-2
121000238,0,16,-16
121000239,11,0,11
121000240,0,18,-18
121000241,38,0,38
121000242,1,19,-18
121000243,70,1,69
121000244,0,8,-8
121000245,67,0,67
121000246,0,40,-40
121000247,15,0,15
121000248,31,45,-14
121000249,0,17,-17
121000250,128,369,-241
121000251,1,60,-59
121000252,13,69,-56
121000253,118,110,8
121000254,367,48,319
121000255,9,44,-35
121000256,58,133,-75
121000257,3,44,-41
121000258,55,128,-73
121000259,13,4,9
121000260,0,39,-39
121000261,20,116,-96
121000262,118,99,19
121000263,322,76,246
121000271,56,1137,-1081
121000273,6,3,3
121000274,4,62,-58
121000275,1,4,-3
121000276,0,50,-50
121000278,30,5,25
121000279,7,7,0
121000280,8,21,-13
121000289,126,14,112
121000290,91,566,-475
121000294,127,49,78
121000297,175,336,-161
121000299,60,175,-115
121000300,113,146,-33
121000302,10,272,-262
121000303,48,34,14
121000304,435,87,348
121000305,81,72,9
121000306,142,99,43
121000308,1,3,-2
121000309,3,4,-1
121000310,0,2,-2
121000311,0,2,-2
121000312,76,99,-23
121000313,2,6,-4
121000314,0,4,-4
121000315,0,2,-2
121000530,559,477,82
121000531,660,477,183
121000532,1642,1852,-210
121000533,2811,1657,1154
121000918,0,0,0
121000919,34,136,-102
121000938,4,1,3
121000939,7,112,-105
121000956,623,247,376
121000957,0,0,0
121000958,15,21,-6
121000959,201,74,127
121000960,342,176,166
121000961,210,0,210
121000962,72,59,13
121000973,0,0,0
121000976,0,0,0
121000979,0,0,0
121000981,113,6,107
121000982,407,84,323
121000983,102,21,81
121000984,1,23,-22
121000985,266,109,157
121000986,104,61,43
121000987,11,93,-82
121000988,329,35,294
121001302,11,17,-6
121001308,0,14,-14
121001309,2,191,-189
121001311,0,0,0
121001313,0,0,0
121001314,632,415,217
121001315,1843,132,1711
121001318,0,0,0
121900001,80,387,-307
121900002,1,0,1
121900003,0,0,0
121900004,0,0,0
121900005,4,0,4
121900006,0,1,-1
121900007,218,6,212
121900008,0,0,0
121900009,0,0,0
121900010,0,0,0
121900011,10,0,10
121900012,1,0,1
121900013,13,0,13
121900014,0,0,0
121900015,52,0,52
121900016,0,0,0
121900017,0,0,0
121900018,0,0,0
121900019,0,0,0
121900020,1,1,0
121900021,171,0,171
121900022,0,0,0
121900023,0,0,0
121900024,0,0,0
121900025,0,0,0
121900026,0,0,0
121900027,0,0,0
121900028,1,0,1
121900029,0,0,0
121900030,0,0,0
121900031,0,76,-76
121900032,0,0,0
121900033,0,0,0
121900034,0,0,0
121900035,0,0,0
121900036,0,0,0
121900037,0,0,0
121900038,0,0,0
121900039,0,0,0
121900040,0,0,0
121900041,0,0,0
121900042,0,0,0
121900043,0,0,0
121900044,0,0,0
121900046,0,0,0
121900047,0,0,0
121900048,0,0,0
121900050,0,0,0
121900051,0,0,0
121900052,0,0,0
121900053,3,13,-10
121900054,0,0,0
121900055,0,0,0
121900058,0,0,0
121900059,0,0,0
121900060,0,0,0
121900061,0,0,0
121900062,0,0,0
121900063,9,6,3
121900064,0,0,0
121900066,0,0,0
121900067,0,0,0
121900069,0,0,0
121900070,0,1,-1
121900071,0,0,0
121900072,0,0,0
121900073,0,0,0
121900074,11,1,10
121900075,0,12,-12
121900076,0,0,0
121900077,0,0,0
121900078,0,0,0
121900079,0,0,0
121900080,0,0,0
121900082,0,0,0
121900084,0,0,0
121900085,0,0,0
121900086,0,0,0
121900087,0,0,0
121900088,0,0,0
121900089,0,0,0
121900090,0,0,0
121900091,0,0,0
121900092,0,0,0
121900093,0,0,0
121900094,0,0,0
121900095,0,0,0
121900096,0,0,0
121900097,0,0,0
121900098,0,0,0
121900099,0,0,0
121900100,0,0,0
121900101,0,0,0
121900102,0,0,0
121900103,0,0,0
121900104,99,81,18
121900105,0,0,0
121900106,0,0,0
121900107,0,0,0
121900108,0,0,0
121900109,0,0,0
121900110,0,0,0
121900111,0,0,0
121900112,0,0,0
121900113,0,0,0
121900114,0,0,0
121900117,0,0,0
121900118,0,0,0
121900119,0,0,0
121900120,0,0,0
121900121,0,0,0
121900122,0,0,0
121900123,0,0,0
121900124,1,0,1
121900125,8,2,6
121900127,0,0,0
121900128,0,0,0
121900129,0,0,0
121900130,0,0,0
121900131,0,0,0
121900132,0,0,0
121900133,0,0,0
121900134,0,0,0
121900135,184,19,165
121900136,0,0,0
121900137,0,0,0
121900138,0,0,0
121900139,0,0,0
121900140,0,0,0
121900141,6,0,6
121900142,0,0,0
121900143,0,0,0
121900144,0,0,0
121900145,0,0,0
121900146,0,0,0
121900147,0,0,0
121900148,0,0,0
121900149,0,0,0
121900150,0,0,0
121900151,0,0,0
121900152,0,0,0
121900153,0,0,0
121900154,0,0,0
121900155,0,0,0
121900156,0,0,0
121900157,0,0,0
121900158,0,0,0
121900159,0,0,0
121900160,0,0,0
121900161,0,0,0
121900162,0,0,0
121900163,0,0,0
121900164,0,0,0
121900165,0,0,0
121900166,0,0,0
121900167,0,0,0
121900168,0,0,0
121900169,0,0,0
121900170,0,0,0
121900171,0,0,0
121900172,0,0,0
121900173,0,0,0
121900174,0,0,0
121900175,0,0,0
121900176,0,0,0
121900177,0,0,0
121900178,0,0,0
121900179,0,0,0
121900180,179,762,-583
121900182,0,0,0
121900183,0,0,0
121900184,0,0,0
121900186,0,0,0
121900187,0,0,0
121900188,0,0,0
121900189,0,0,0
121900190,0,0,0
121900191,1,0,1
121900192,0,0,0
121900193,0,0,0
121900194,0,0,0
121900195,0,0,0
121900196,0,0,0
121900197,0,0,0
121900198,660,7,653
121900199,0,0,0
121900200,0,0,0
121900201,0,0,0
121900202,0,0,0
121900203,0,0,0
121900204,0,0,0
121900205,1,0,1
121900206,0,0,0
121900207,0,0,0
121900208,0,0,0
121900209,0,0,0
121900210,0,0,0
121900211,0,0,0
121900212,0,0,0
121900213,0,0,0
121900214,0,0,0
121900215,0,0,0
121900216,0,0,0
121900217,0,0,0
121900218,0,0,0
121900220,0,0,0
121900221,0,0,0
121900222,0,0,0
121900223,0,0,0
121900224,0,0,0
121900225,0,0,0
121900226,0,0,0
121900227,0,0,0
121900228,0,0,0
121900230,0,11,-11
121900231,0,0,0
121900232,0,0,0
121900233,0,0,0
121900234,0,0,0
121900235,0,0,0
121900236,0,0,0
121900237,0,0,0
121900238,0,0,0
121900239,0,0,0
121900240,0,0,0
121900241,0,0,0
121900242,0,0,0
121900243,0,0,0
121900244,0,0,0
121900245,0,0,0
121900246,60,18,42
121900247,0,0,0
121900248,0,0,0
121900250,0,0,0
121900251,0,0,0
121900252,0,0,0
121900253,0,0,0
121900254,0,0,0
121900255,0,0,0
121900258,573,337,236
121900259,0,0,0
121900260,0,0,0
121900261,0,0,0
121900262,0,0,0
121900263,0,0,0
121900264,0,0,0
121900265,0,0,0
121900266,0,0,0
121900267,5,4,1
121900269,0,0,0
121900270,0,0,0
121900271,0,0,0
121900273,35,37,-2
121900274,74,0,74
121900277,0,0,0
121900278,0,0,0
121900279,0,0,0
121900280,0,0,0
121900281,0,0,0
121900284,0,0,0
121900286,19,1,18
121900287,2,1,1
121900288,1,0,1
121900290,0,0,0
121900291,0,0,0
121900292,1,30,-29
121900293,0,0,0
121900294,0,0,0
121900295,0,0,0
121900296,0,0,0
121900298,1,5,-4
121900299,0,0,0
121900300,1,0,1
121900301,0,0,0
121900302,0,0,0
121900303,0,0,0
121900304,0,0,0
121900305,0,0,0
121900306,0,0,0
121900307,34,0,34
121900308,0,0,0
121900309,0,0,0
121900310,0,0,0
121900311,172,0,172
121900312,41,1,40
121900313,65,0,65
121900314,0,0,0
121900315,0,0,0
121900316,0,0,0
121900317,0,0,0
121900318,0,0,0
121900319,0,0,0
121900320,0,0,0
121900321,0,0,0
121900322,0,0,0
121900323,0,0,0
121900324,0,0,0
121900325,0,0,0
121900326,0,0,0
121900327,0,0,0
121900328,0,0,0
121900329,0,0,0
121900330,0,0,0
121900331,0,0,0
121900332,0,0,0
121900333,0,0,0
121900334,0,0,0
122000001,275,827,-552
122000002,498,332,166
122000003,375,765,-390
122000004,385,422,-37
122000005,1201,2679,-1478
122000006,267,792,-525
122000007,211,811,-600
122000008,777,1310,-533
122000009,193,241,-48
122000010,1704,1491,213
122000011,438,498,-60
122000012,228,504,-276
122000013,299,862,-563
122000014,556,898,-342
122000015,441,638,-197
122000016,150,466,-316
122000017,347,805,-458
122000018,368,824,-456
122000019,238,717,-479
122000020,63,101,-38
122000021,39,137,-98
122000022,128,131,-3
122000023,74,131,-57
122000024,393,477,-84
122000025,183,589,-406
122000026,507,397,110
122000027,135,313,-178
122000028,177,342,-165
122000029,100,130,-30
122000030,76,1,75
122000031,30,683,-653
122000032,218,296,-78
122000033,134,183,-49
122000034,20,90,-70
122000035,11,58,-47
122000036,131,141,-10
122000037,60,116,-56
122000038,94,208,-114
122000039,98,61,37
122000040,57,43,14
122000041,352,1139,-787
122000042,292,754,-462
122000043,51,152,-101
122000044,55,197,-142
122000045,314,133,181
122000046,415,297,118
122000047,8,3,5
122000048,1007,2248,-1241
122000049,2131,1270,861
122000050,197,390,-193
122000051,143,765,-622
122000052,123,518,-395
122000053,147,1544,-1397
122000054,585,836,-251
122000055,2309,2572,-263
122000056,999,1137,-138
122000057,1077,1309,-232
122000058,397,637,-240
122000059,559,1116,-557
122000060,34,93,-59
122000061,32,53,-21
122000062,272,41,231
122000063,51,419,-368
122000064,1723,2392,-669
122000065,1134,1033,101
122000066,225,204,21
122000067,605,1947,-1342
122000068,349,1859,-1510
122000069,143,231,-88
122000070,783,565,218
122000071,232,475,-243
122000072,5,116,-111
122000073,27,121,-94
122000074,347,721,-374
122000075,218,645,-427
122000076,253,324,-71
122000077,104,408,-304
122000078,454,548,-94
122000079,88,500,-412
122000080,85,297,-212
122000081,7,136,-129
122000082,172,259,-87
122000083,186,246,-60
122000084,70,132,-62
122000085,13,176,-163
122000086,757,2703,-1946
122000087,324,241,83
122000088,78,34,44
122000089,942,876,66
122000090,83,195,-112
122000091,47,63,-16
122000092,4,7,-3
122000093,1098,2634,-1536
122000094,1596,1575,21
122000095,514,1556,-1042
122000096,125,1030,-905
122000098,1356,3325,-1969
122000099,171,370,-199
122000100,139,111,28
122000101,43,73,-30
122000102,42,190,-148
122000103,66,118,-52
122000104,17,103,-86
122000105,84,124,-40
122000106,127,111,16
122000107,235,347,-112
122000108,20,25,-5
122000109,91,167,-76
122000110,67,135,-68
122000111,461,205,256
122000112,121,153,-32
122000113,149,128,21
122000114,477,2212,-1735
122000115,661,1563,-902
122000116,54,232,-178
122000117,52,53,-1
122000118,218,34,184
122000119,137,117,20
122000120,96,168,-72
122000121,311,501,-190
122000122,80,334,-254
122000123,234,492,-258
122000124,102,323,-221
122000125,72,193,-121
122000126,32,227,-195
122000127,45,200,-155
122000128,156,98,58
122000129,52,150,-98
122000130,433,319,114
122000131,85,95,-10
122000132,7,9,-2
122000133,70,69,1
122000134,159,288,-129
122000135,167,150,17
122000136,53,160,-107
122000137,271,321,-50
122000139,115,565,-450
122000140,58,391,-333
122000141,251,292,-41
122000142,73,421,-348
122000143,62,82,-20
122000144,210,59,151
122000145,87,81,6
122000146,97,323,-226
122000147,83,121,-38
122000148,184,195,-11
122000149,279,108,171
122000150,251,144,107
122000151,0,0,0
122000152,8,2,6
122000153,70,71,-1
122000154,57,70,-13
122000155,345,278,67
122000156,1241,1680,-439
122000157,286,911,-625
122000158,43,102,-59
122000159,191,270,-79
122000160,451,313,138
122000161,223,186,37
122000162,226,274,-48
122000163,35,5,30
122000164,2,10,-8
122000165,90,589,-499
122000166,199,251,-52
122000167,1,7,-6
122000168,40,644,-604
122000169,37,38,-1
122000170,67,279,-212
122000171,0,0,0
122000172,243,752,-509
122000173,222,934,-712
122000174,540,1292,-752
122000175,139,27,112
122000176,154,930,-776
122000177,742,1909,-1167
122000178,732,426,306
122000179,260,1380,-1120
122000180,385,1418,-1033
122000181,451,1721,-1270
122000182,220,276,-56
122000183,115,70,45
122000184,1107,1218,-111
122000185,346,763,-417
122000186,150,350,-200
122000187,496,236,260
122000188,0,0,0
122000189,53,93,-40
122000190,270,378,-108
122000191,128,140,-12
122000192,108,29,79
122000193,92,280,-188
122000194,87,35,52
122000195,38,380,-342
122000196,55,99,-44
122000197,57,56,1
122000198,60,394,-334
122000199,58,75,-17
122000200,212,146,66
122000201,705,799,-94
122000202,233,690,-457
122000203,367,280,87
122000204,386,482,-96
122000205,142,235,-93
122000206,410,730,-320
122000207,315,740,-425
122000208,631,368,263
122000209,436,63,373
122000210,207,389,-182
122000211,47,252,-205
122000212,141,156,-15
122000213,111,248,-137
122000214,391,854,-463
122000215,1415,722,693
122000217,239,353,-114
122000218,171,149,22
122000219,195,218,-23
122000220,31,308,-277
122000221,54,326,-272
122000222,41,45,-4
122000223,97,139,-42
122000225,139,79,60
122000226,48,276,-228
122000227,36,129,-93
122000228,10,107,-97
122000229,2,225,-223
122000230,6,110,-104
122000231,18,107,-89
122000232,46,92,-46
122000233,0,18,-18
122000234,178,76,102
122000235,134,39,95
122000236,368,25,343
122000237,13,3,10
122000238,72,103,-31
122000239,99,21,78
122000240,213,70,143
122000241,291,52,239
122000242,105,1,104
122000243,20,1,19
122000244,35,75,-40
122000245,16,2,14
122000246,84,165,-81
122000247,137,31,106
122000248,84,105,-21
122000249,244,226,18
122000250,181,190,-9
122000251,0,0,0
122000252,24,5,19
122000253,0,0,0
122000254,79,20,59
122000255,77,243,-166
122000256,1,16,-15
122000257,4,3,1
122000258,71,134,-63
122000259,11,212,-201
122000260,7,39,-32
122000261,7,54,-47
122000262,0,0,0
122000263,49,1,48
122000264,451,66,385
122000265,527,135,392
122000266,739,68,671
122000267,2,29,-27
122000268,70,4,66
122000269,59,43,16
122000270,18,9,9
122000271,0,0,0
122000272,0,0,0
122000273,25,1,24
122000274,5,2,3
122000275,0,13,-13
122000276,183,205,-22
122000277,274,581,-307
122000278,310,103,207
122000279,72,46,26
122000280,159,24,135
122000281,88,74,14
122000282,17,270,-253
122000283,15,15,0
122000284,1,15,-14
122000285,0,0,0
122000286,0,0,0
122000287,1050,339,711
122000288,73,28,45
122000291,983,330,653
122000293,27,95,-68
122000294,16,171,-155
122000295,296,77,219
122000296,46,375,-329
122000297,698,2313,-1615
122000299,266,140,126
122000300,38,76,-38
122000301,535,1437,-902
122000302,234,1045,-811
122000303,361,68,293
122000304,0,69,-69
122000305,679,111,568
122000306,16,167,-151
122000307,17,9,8
122000309,0,0,0
122000310,0,31,-31
122000311,10,64,-54
122000312,23,95,-72
122000313,17,98,-81
122000314,77,238,-161
122000315,97,4,93
122000316,373,88,285
122000317,528,125,403
122000318,234,636,-402
122000319,18,142,-124
122000320,10,70,-60
122000321,4,71,-67
122000322,510,443,67
122000323,197,332,-135
122000324,416,879,-463
122000325,172,370,-198
122000326,6,1,5
122000327,71,224,-153
122000328,61,182,-121
122000330,211,698,-487
122000332,16,201,-185
122000333,5,13,-8
122000337,127,97,30
122000338,65,32,33
122000340,18,98,-80
122000342,166,319,-153
122000343,48,83,-35
122000344,26,0,26
122000345,68,41,27
122000346,34,8,26
122000348,147,281,-134
122000349,1,75,-74
122000351,77,18,59
122000352,16,10,6
122000353,3,0,3
122000355,46,469,-423
122000356,62,128,-66
122000357,27,10,17
122000358,0,0,0
122000359,0,0,0
122000360,0,0,0
122000362,0,3,-3
122000364,35,37,-2
122000365,0,31,-31
122000366,3,0,3
122000368,43,61,-18
122000370,0,1,-1
122000371,0,0,0
122000372,0,0,0
122000381,7,76,-69
122000382,1,11,-10
122000384,236,469,-233
122000385,30,0,30
122000386,13,563,-550
122000387,118,117,1
122000388,103,322,-219
122000389,40,29,11
122000390,32,184,-152
122000391,5,119,-114
122000392,16,34,-18
122000393,1,33,-32
122000394,41,12,29
122000395,34,7,27
122000396,69,3,66
122000397,0,0,0
122000398,3,98,-95
122000399,26,1,25
122000400,7,100,-93
122000401,22,3,19
122000402,50,56,-6
122000403,25,26,-1
122000404,180,58,122
122000408,139,269,-130
122000503,0,24,-24
122000524,0,1,-1
122000544,12,45,-33
122000616,0,0,0
122000640,12,46,-34
122000641,26,64,-38
122000642,240,97,143
122000643,6,163,-157
122000644,0,0,0
122000645,8,22,-14
122000651,177,534,-357
122000664,45,18,27
122000665,114,217,-103
122000666,87,182,-95
122000673,3,58,-55
122000674,113,72,41
122000675,1028,430,598
122000686,145,78,67
122000687,447,63,384
122000688,198,97,101
122000689,361,32,329
122000690,1113,36,1077
122000691,418,195,223
122000692,263,20,243
122000693,111,158,-47
122000695,58,29,29
122000696,205,48,157
122000698,17,10,7
122000699,89,64,25
122000701,302,103,199
122000702,103,241,-138
122000703,13,33,-20
122000717,1,71,-70
122000718,19,707,-688
122000719,1,12,-11
122000720,235,16,219
122000724,49,9,40
122900001,0,0,0
122900002,49,441,-392
122900003,16,0,16
122900004,0,0,0
122900005,0,0,0
122900006,0,0,0
122900007,0,0,0
122900008,0,0,0
122900009,0,0,0
122900010,16,7,9
122900012,5,26,-21
122900014,0,0,0
122900015,100,49,51
122900016,0,0,0
122900017,0,0,0
122900018,0,0,0
122900019,0,0,0
122900020,0,0,0
122900021,0,0,0
122900022,0,0,0
122900023,0,0,0
122900024,0,0,0
122900025,0,0,0
122900026,0,0,0
122900027,1,99,-98
122900028,0,0,0
122900029,2,3,-1
122900030,0,0,0
122900031,4,13,-9
122900032,0,0,0
122900033,4,41,-37
122900034,32,55,-23
122900035,9,1,8
122900036,0,0,0
122900037,0,0,0
122900038,19,93,-74
122900039,0,12,-12
122900040,3,5,-2
122900041,7,56,-49
122900042,6,27,-21
122900043,10,24,-14
122900044,15,14,1
122900045,0,41,-41
122900046,1,16,-15
122900047,1,0,1
122900048,0,0,0
122900049,0,0,0
122900051,0,0,0
122900052,59,1,58
122900053,0,2,-2
122900055,1,0,1
122900057,4,0,4
122900061,0,0,0
122900062,0,0,0
122900063,0,0,0
122900064,0,0,0
122900065,0,0,0
122900066,0,0,0
122900067,1,0,1
122900068,0,0,0
122900069,0,0,0
122900070,118,5,113
122900071,0,0,0
122900072,20,0,20
122900073,0,0,0
122900074,375,1,374
122900075,0,0,0
122900076,0,0,0
122900077,1,0,1
122900078,152,2,150
122900080,0,0,0
122900081,17,0,17
122900082,319,2,317
122900083,0,0,0
122900084,0,0,0
122900086,0,0,0
122900087,43,0,43
122900088,0,1,-1
122900089,0,0,0
122900090,0,0,0
122900091,4,0,4
122900092,0,0,0
122900093,0,0,0
122900094,0,0,0
122900095,0,0,0
122900096,58,0,58
122900097,0,0,0
122900098,0,0,0
122900099,0,0,0
122900100,0,0,0
122900101,0,0,0
122900102,0,0,0
122900103,0,0,0
122900104,0,0,0
122900105,0,0,0
122900106,0,0,0
122900107,0,0,0
122900108,0,0,0
123000001,494,171,323
123000002,570,2237,-1667
123000003,1191,1179,12
123000004,944,1287,-343
123000005,1326,997,329
123000006,868,1118,-250
123000007,1095,827,268
123000008,327,489,-162
123000009,1789,1775,14
123000010,488,445,43
123000011,919,952,-33
123000012,11,126,-115
123000013,1011,342,669
123000014,6,212,-206
123000015,1018,457,561
123000016,83,318,-235
123000017,3776,2115,1661
123000018,106,59,47
123000019,224,13,211
123000020,109,4,105
123000021,132,59,73
123000022,708,196,512
123000023,1446,1144,302
123000024,611,364,247
123000025,4,59,-55
123000026,3,65,-62
123000027,1,191,-190
123000028,87,2086,-1999
123000029,6,390,-384
123000030,14,35,-21
123000031,318,74,244
123000032,360,89,271
123000033,40,43,-3
123000034,502,435,67
123000035,73,281,-208
123000036,74,623,-549
123000037,17,24,-7
123000038,10,197,-187
123000039,465,1039,-574
123000040,29,21,8
123000041,158,714,-556
123000042,12,105,-93
123000043,838,3853,-3015
123000044,793,447,346
123000045,285,187,98
123000046,124,630,-506
123000047,228,119,109
123000048,18,896,-878
123000049,3084,2882,202
123000050,409,507,-98
123000051,10,80,-70
123000052,255,654,-399
123000053,1118,1029,89
123000054,432,1280,-848
123000055,1245,2079,-834
123000056,108,302,-194
123000057,676,843,-167
123000058,92,269,-177
123000059,25,109,-84
123000060,231,111,120
123000061,40,122,-82
123000063,200,249,-49
123000064,303,44,259
123000065,512,614,-102
123000066,133,118,15
123000067,276,175,101
123000068,493,446,47
123000069,1238,292,946
123000070,94,49,45
123000071,490,252,238
123000072,107,53,54
123000073,543,357,186
123000074,235,31,204
123000075,144,445,-301
123000076,89,129,-40
123000077,503,202,301
123000078,873,544,329
123000079,1159,563,596
123000080,485,102,383
123000081,24,16,8
123000082,55,145,-90
123000083,173,71,102
123000084,224,30,194
123000085,126,33,93
123000086,184,58,126
123000087,59,113,-54
123000088,457,119,338
123000089,408,247,161
123000090,0,0,0
123000091,415,334,81
123000092,0,0,0
123000094,157,8,149
123000095,273,145,128
123000096,409,89,320
123000097,232,73,159
123000098,271,88,183
123000099,221,117,104
123000100,61,501,-440
123000101,128,73,55
123000102,440,643,-203
123000104,118,77,41
123000105,11,10,1
123000106,149,109,40
123000107,2,6,-4
123000108,268,32,236
123000111,231,42,189
123000112,258,93,165
123000113,223,49,174
123000114,100,193,-93
123000115,53,161,-108
123000116,14,41,-27
123000117,497,348,149
123000118,139,177,-38
123000119,73,135,-62
123000120,60,99,-39
123000121,282,227,55
123000122,0,0,0
123000123,349,167,182
123000124,0,0,0
123000125,408,480,-72
123000126,480,1401,-921
123000127,90,190,-100
123000128,0,0,0
123000129,388,17,371
123000130,333,9,324
123000131,518,190,328
123000132,0,0,0
123000133,0,0,0
123000134,56,26,30
123000135,428,226,202
123000136,0,3,-3
123000137,0,2,-2
123000138,0,0,0
123000139,211,20,191
123000140,0,0,0
123000141,167,42,125
123000142,163,48,115
123000143,65,155,-90
123000144,3,4,-1
123000145,9,264,-255
123000146,2,61,-59
123000147,13,17,-4
123000149,58,105,-47
123000150,52,30,22
123000151,65,335,-270
123000152,5,21,-16
123000153,132,436,-304
123000154,1345,640,705
123000155,1032,417,615
123000156,1,22,-21
123000157,96,130,-34
123000158,173,250,-77
123000159,426,1478,-1052
123000160,234,454,-220
123000161,448,181,267
123000162,500,596,-96
123000163,386,57,329
123000164,983,34,949
123000165,34,233,-199
123000166,0,7,-7
123000167,101,19,82
123000168,86,16,70
123000169,341,30,311
123000170,26,0,26
123000171,298,0,298
123000172,3,22,-19
123000173,163,53,110
123000174,216,90,126
123000175,35,27,8
123000176,372,70,302
123000177,55,54,1
123000178,260,82,178
123000179,2,45,-43
123000180,656,196,460
123000181,101,223,-122
123000182,109,113,-4
123000183,65,78,-13
123000184,14,14,0
123000185,410,245,165
123000186,0,0,0
123000187,299,7,292
123000188,194,0,194
123000189,137,90,47
123000190,37,33,4
123000192,0,71,-71
123000193,22,131,-109
123000194,53,61,-8
123000195,205,1,204
123000196,286,4,282
123000197,33,13,20
123000198,3,156,-153
123000199,0,46,-46
123000200,475,7,468
123000201,534,21,513
123000202,2,45,-43
123000203,802,17,785
123000204,2,95,-93
123000205,13,144,-131
123000206,1646,116,1530
123000207,20,105,-85
123000208,265,37,228
123000209,994,145,849
123000210,14,230,-216
123000211,71,334,-263
123000212,2254,147,2107
123000213,283,18,265
123000215,57,145,-88
123000216,53,406,-353
123000217,131,17,114
123000218,7,21,-14
123000219,153,94,59
123000220,207,33,174
123000221,10,42,-32
123000222,126,81,45
123000223,270,93,177
123000224,181,72,109
123000225,148,6,142
123000226,69,13,56
123000227,46,19,27
123000228,147,12,135
123000229,120,96,24
123000232,1,11,-10
123000233,332,40,292
123000234,9,18,-9
123000235,221,72,149
123000236,34,67,-33
123000237,246,30,216
123000238,2,9,-7
123000239,100,80,20
123000240,38,172,-134
123000241,86,49,37
123000242,27,59,-32
123000243,66,142,-76
123000244,91,66,25
123000245,0,0,0
123000249,0,0,0
123000252,332,90,242
123000253,440,249,191
123000254,131,105,26
123000255,143,236,-93
123000256,0,1,-1
123000257,334,262,72
123000258,232,80,152
123000259,187,184,3
123000260,290,129,161
123000261,105,35,70
123000262,5,16,-11
123000263,205,23,182
123000264,113,14,99
123000265,1,16,-15
123000266,129,145,-16
123000267,146,105,41
123000268,22,5,17
123000269,18,72,-54
123000270,35,42,-7
123000271,12,9,3
123000272,361,85,276
123000273,95,579,-484
123000274,511,261,250
123000275,39,123,-84
123000278,198,690,-492
123000279,59,50,9
123000280,145,102,43
123000281,68,51,17
123000282,58,183,-125
123000283,82,30,52
123000284,15,18,-3
123000286,70,332,-262
123000287,61,128,-67
123000288,308,447,-139
123000289,119,437,-318
123000291,5,20,-15
123000294,58,314,-256
123000295,317,1071,-754
123000296,569,956,-387
123000297,100,71,29
123000298,204,65,139
123000299,43,178,-135
123000300,396,188,208
123000301,35,79,-44
123000302,108,46,62
123000303,12,538,-526
123000305,108,459,-351
123000306,37,13,24
123000309,9,12,-3
123000310,40,8,32
123000311,0,0,0
123000312,67,174,-107
123000313,185,131,54
123000315,314,40,274
123000316,437,2,435
123000317,92,34,58
123000318,0,44,-44
123000329,1,2,-1
123000337,162,147,15
123000338,314,180,134
123000339,42,12,30
123000340,10,63,-53
123000342,0,11,-11
123000343,25,0,25
123000344,242,91,151
123000345,90,115,-25
123000346,416,51,365
123000352,94,149,-55
123000353,8,13,-5
123000354,597,2,595
123000355,0,99,-99
123000356,135,1,134
123000357,0,6,-6
123000359,1,6,-5
123000360,120,172,-52
123000361,100,9,91
123000362,100,13,87
123000363,30,5,25
123000364,136,120,16
123000365,0,26,-26
123000366,56,510,-454
123000367,37,226,-189
123000370,1,7,-6
123000371,209,6,203
123000372,63,6,57
123000373,0,4,-4
123000374,0,0,0
123000375,277,38,239
123000376,374,434,-60
123000377,218,9,209
123000378,4,13,-9
123000379,0,33,-33
123000380,0,0,0
123000381,16,46,-30
123000382,190,49,141
123000383,0,0,0
123000384,136,23,113
123000385,0,0,0
123000436,12,330,-318
123000507,16,75,-59
123000508,113,865,-752
123000517,44,2,42
123000518,5,71,-66
123000519,28,6,22
123000520,11,90,-79
123000521,74,30,44
123000522,74,137,-63
123000541,25,5,20
123000542,0,0,0
123000565,332,1,331
123000566,110,65,45
123000567,19,47,-28
123000573,0,0,0
123000574,236,15,221
123000575,765,6,759
123000576,200,20,180
123000577,3,33,-30
123000578,134,37,97
123000579,691,2015,-1324
123000580,37,23,14
123000582,164,2,162
123000583,19,9,10
123000584,109,161,-52
123000585,0,0,0
123000586,50,0,50
123000596,39,17,22
123000597,125,119,6
123000602,27,9,18
123000603,390,64,326
123000604,231,47,184
123000605,232,83,149
123000606,0,0,0
123000609,2,98,-96
123000610,23,88,-65
123000613,0,0,0
123000614,123,2,121
123000615,0,0,0
123000616,245,20,225
123000617,0,0,0
123000618,0,0,0
123000619,80,4,76
123000620,0,0,0
123000622,111,3,108
123000624,56,7,49
123000630,1048,203,845
123000631,89,116,-27
123000632,205,58,147
123000633,0,94,-94
123000634,16,94,-78
123000635,0,0,0
123000636,20,134,-114
123000637,29,19,10
123000638,115,112,3
123000639,402,1437,-1035
123000640,16,0,16
123000648,83,22,61
123000649,4,26,-22
123900001,0,0,0
123900002,0,0,0
123900003,0,0,0
123900005,0,0,0
123900006,0,0,0
124000001,664,122,542
124000002,2,406,-404
124000003,472,110,362
124000004,2,77,-75
124000005,645,324,321
124000006,4,50,-46
124000007,58,50,8
124000008,0,24,-24
124000009,459,59,400
124000010,20,68,-48
124000011,382,161,221
124000012,9,37,-28
124000017,73,43,30
124000018,0,0,0
124000019,89,32,57
124000020,0,0,0
124000021,90,59,31
124000022,0,0,0
124000023,520,1115,-595
124000024,324,122,202
124000025,425,839,-414
124000026,536,921,-385
124000027,2623,1425,1198
124000028,83,2657,-2574
124000030,578,118,460
124000031,373,2295,-1922
124000032,1,51,-50
124000033,304,294,10
124000034,40,72,-32
124000035,100,110,-10
124000036,8,57,-49
124000037,99,292,-193
124000038,0,18,-18
124000039,100,16,84
124000040,76,139,-63
124000041,272,13,259
124000042,5,21,-16
124000043,57,10,47
124000044,2,14,-12
124000045,493,62,431
124000046,0,0,0
124000047,485,90,395
124000048,0,0,0
124000049,804,113,691
124000050,0,0,0
124000051,664,113,551
124000052,0,0,0
124000053,363,739,-376
124000054,1,1,0
124000055,865,906,-41
124000056,4,2,2
124000057,786,249,537
124000058,4,6,-2
124000059,549,725,-176
124000060,133,18,115
124000061,702,1510,-808
124000062,173,63,110
124000063,320,66,254
124000064,274,77,197
124000065,0,0,0
124000066,23,4,19
124000067,15,15,0
124000068,0,0,0
124000069,222,10,212
124000070,0,0,0
124000071,53,7,46
124000072,0,0,0
124000073,305,8,297
124000074,0,0,0
124000075,345,81,264
124000076,0,0,0
124000077,49,105,-56
124000078,315,284,31
124000079,4,60,-56
124000080,164,68,96
124000081,0,0,0
124000082,46,63,-17
124000083,0,0,0
124000084,20,249,-229
124000085,3,1,2
124000086,39,145,-106
124000087,31,67,-36
124000088,63,122,-59
124000089,268,10,258
124000090,12,22,-10
124000091,306,21,285
124000092,126,76,50
124000093,39,132,-93
124000094,39,236,-197
124000095,71,53,18
124000096,7,71,-64
124000097,193,16,177
124000098,106,29,77
124000099,97,6,91
124000100,1,48,-47
124000101,117,41,76
124000102,77,19,58
124000103,279,81,198
124000104,42,4,38
124000105,170,83,87
124000106,135,19,116
124000107,22,245,-223
124000108,28,7,21
124000109,97,23,74
124000110,96,4,92
124000111,115,30,85
124000112,261,156,105
124000113,53,36,17
124000114,97,124,-27
124000115,260,246,14
124000116,44,49,-5
124000117,28,26,2
124000118,7,13,-6
124000119,228,118,110
124000120,268,97,171
124000121,577,172,405
124000122,54,218,-164
124000123,359,98,261
124000124,165,203,-38
124000125,274,124,150
124000126,96,147,-51
124000127,816,77,739
124000128,276,108,168
124000129,939,573,366
124000130,137,22,115
124000131,297,238,59
124000132,248,38,210
124000133,524,282,242
124000134,239,327,-88
124000135,510,606,-96
124000136,85,175,-90
124000137,235,196,39
124000138,64,159,-95
124000139,167,27,140
124000140,36,138,-102
124000141,1,6,-5
124000142,0,45,-45
124000143,22,2,20
124000144,0,4,-4
124000145,57,10,47
124000146,1,7,-6
124000148,4,9,-5
124000149,274,92,182
124000150,76,45,31
124000151,212,219,-7
124000152,70,90,-20
124000153,246,528,-282
124000154,35,128,-93
124000155,423,144,279
124000156,94,89,5
124000169,54,167,-113
124000170,96,136,-40
124000171,88,105,-17
124000172,38,53,-15
124000173,176,66,110
124000174,185,94,91
124000175,0,0,0
124000176,14,42,-28
124000177,0,0,0
124000178,2,86,-84
124000190,2,28,-26
124000191,4,39,-35
124000192,343,198,145
124000193,9,203,-194
124000194,57,36,21
124000195,243,258,-15
124000196,131,61,70
124000197,78,33,45
124000198,82,20,62
124000201,5,0,5
124000202,256,27,229
124000203,61,0,61
124000204,576,10,566
124000205,83,14,69
124000206,706,207,499
124000207,0,0,0
124000209,188,17,171
124000210,557,123,434
124000211,511,2,509
124000212,0,0,0
124000213,91,0,91
124000214,218,7,211
124000215,319,10,309
124000216,0,0,0
124000329,0,132,-132
124000338,3,138,-135
124000339,693,8,685
124000341,587,9,578
124000344,47,0,47
124000357,761,1020,-259
124000358,886,1005,-119
124000359,841,232,609
124000360,405,252,153
124000361,1109,654,455
124000362,264,274,-10
124000363,0,1,-1
124000364,1,1,0
124000365,9,66,-57
124000366,11,184,-173
124000367,12,14,-2
124000368,141,218,-77
124000369,32,28,4
124000370,14,73,-59
124000402,2,22,-20
124000403,179,5,174
124000404,0,21,-21
124000405,637,139,498
124000406,139,139,0
124000407,0,21,-21
124000411,1,45,-44
124000412,179,0,179
124000413,4,35,-31
124000414,131,40,91
124000415,145,17,128
124000416,107,59,48
124000417,151,83,68
124000418,190,43,147
124000419,45,39,6
124000420,133,20,113
124000421,76,18,58
124000422,2,10,-8
124000423,45,9,36
124000424,0,22,-22
124000425,28,3,25
124000426,3,8,-5
124000427,40,1,39
124000428,0,24,-24
124000429,90,18,72
124000430,88,115,-27
124000431,40,66,-26
124000432,120,289,-169
124000439,4,1,3
124000443,0,0,0
124000445,14,343,-329
124000446,19,18,1
124900001,0,0,0
124900002,0,0,0
124900003,0,0,0
124900004,0,0,0
124900005,0,0,0
124900006,0,0,0
124900008,0,0,0
124900009,0,0,0
124900010,0,0,0
124900011,0,0,0
124900012,0,0,0
124900013,0,0,0
124900014,0,0,0
124900015,10,28,-18
124900016,38,9,29
124900017,4,30,-26
124900018,1,0,1
124900020,25,1,24
124900021,67,6,61
124900022,0,0,0
124900024,86,0,86
124900026,3,0,3
124900027,0,0,0
124900028,0,0,0
124900029,0,0,0
124900030,0,0,0
124900031,0,0,0
124900032,0,0,0
124900033,0,0,0
124900034,0,0,0
124900035,0,0,0
124900036,0,0,0
124900037,0,0,0
124900038,0,0,0
124900039,0,0,0
124900040,0,0,0
124900041,0,0,0
124900042,0,0,0
124900043,0,0,0
124900044,0,0,0
124900045,0,0,0
124900046,0,0,0
124900047,0,0,0
124900048,0,0,0
124900050,0,0,0
124900052,0,0,0
124900053,0,0,0
124900054,0,0,0
124900055,0,0,0
124900057,0,0,0
124900060,0,0,0
124900061,9,0,9
124900062,12,0,12
124900066,0,0,0
124900067,0,0,0
124900068,0,0,0
124900070,0,0,0
124900072,0,0,0
124900075,0,0,0
124900076,0,0,0
124900077,0,0,0
124900078,0,0,0
124900079,0,0,0
124900080,0,0,0
124900081,0,0,0
124900082,0,0,0
124900083,0,0,0
124900085,0,0,0
124900086,0,0,0
124900087,0,0,0
124900088,0,0,0
124900089,0,0,0
124900090,31,5,26
124900091,0,0,0
124900092,0,0,0
124900093,40,6,34
124900094,62,21,41
124900095,12,34,-22
124900096,25,2,23
124900097,36,3,33
124900098,0,0,0
124900099,0,0,0
124900100,57,0,57
124900101,5,0,5
124900102,56,0,56
124900103,0,0,0
124900104,0,0,0
124900105,0,0,0
124900106,25,1,24
124900107,5,10,-5
124900108,0,0,0
124900111,0,0,0
124900112,0,0,0
124900113,0,0,0
124900114,0,0,0
124900115,0,0,0
124900116,43,39,4
124900117,0,0,0
124900118,4,94,-90
124900119,0,0,0
124900120,0,0,0
124900121,0,0,0
124900122,0,0,0
124900123,0,0,0
124900124,0,0,0
204000001,75,19,56
204000002,0,3,-3
204000003,17,2,15
204000004,13,1,12
204000005,451,541,-90
204000006,900,1436,-536
204000011,0,0,0
204000012,0,0,0
204000019,1131,283,848
204000020,442,309,133
204000021,397,345,52
204000022,832,286,546
204000023,0,0,0
204000031,25,4,21
204000032,159,5,154
204000034,0,0,0
204000035,0,0,0
204000036,0,0,0
204000037,0,0,0
204000038,0,0,0
204000039,0,0,0
204000040,0,0,0
204000041,0,0,0
204000042,3,3,0
204000043,34,15,19
204000044,37,2,35
204000045,29,8,21
204000046,0,1,-1
204000057,0,0,0
204000062,0,0,0
204000068,0,0,0
204000069,0,0,0
204000070,74,88,-14
204000080,0,0,0
204000085,0,0,0
204000086,0,0,0
204000087,20,15,5
204000088,0,0,0
204000090,0,0,0
204000093,794,19,775
204000096,785,352,433
204000097,143,8,135
204000099,1252,1449,-197
204000100,1116,755,361
204000105,0,0,0
204000110,0,0,0
204000111,0,0,0
204000112,0,0,0
204000113,0,0,0
204000114,384,576,-192
204000115,308,157,151
204000116,146,315,-169
204000119,1447,587,860
204000132,511,338,173
204000133,814,52,762
204000134,179,39,140
204000135,640,35,605
204000136,361,136,225
204000138,118,487,-369
204000140,121,195,-74
204000141,175,35,140
204000144,1,26,-25
204000145,109,13,96
204000146,0,0,0
204000147,0,0,0
204000148,92,3,89
204000154,7,0,7
204000155,0,0,0
204000177,53,5,48
204000179,20,2,18
204000180,0,0,0
204000222,0,0,0
204000235,0,0,0
204000236,15,24,-9
204000238,18,3,15
204000240,108,0,108
204000263,0,0,0
204000268,592,199,393
204000308,24,18,6
204000317,0,0,0
204000322,0,0,0
204000323,1,1,0
204000328,291,24,267
204000329,0,0,0
204000330,54,16,38
204000331,0,0,0
204010341,8,57,-49
205000001,0,0,0
205000013,0,0,0
205000014,0,0,0
205000015,0,0,0
205000016,0,0,0
205000017,0,0,0
205000022,0,0,0
205000025,0,0,0
205000029,188,24,164
205000045,0,0,0
205000046,0,0,0
205000047,0,0,0
205000048,0,0,0
205000049,0,0,0
205000050,0,0,0
205000059,0,0,0
205000060,0,0,0
205000061,0,0,0
205000062,0,0,0
205000063,0,0,0
205000064,0,0,0
205000065,0,0,0
205000066,0,0,0
205000067,0,0,0
205000069,55,53,2
205000082,162,98,64
205000110,0,0,0
205000111,0,0,0
205000112,58,127,-69
205000113,0,0,0
205000121,87,33,54
205000123,0,0,0
205000126,648,83,565
205000127,955,65,890
205000128,344,29,315
205000129,450,46,404
205000130,381,23,358
205000131,36,0,36
205000132,43,1,42
205000133,19,0,19
205000134,110,0,110
205000137,0,0,0
205000138,0,0,0
205000139,0,0,0
205000144,20,38,-18
205000145,165,51,114
205000151,48,21,27
205000152,25,20,5
205000153,111,15,96
205000154,48,32,16
205000155,96,1,95
205000207,0,0,0
205000233,15,0,15
205000234,0,0,0
205000243,0,0,0
205000244,0,0,0
205000245,0,0,0
205000249,0,0,0
205000250,1,2,-1
205000264,0,0,0
206000027,4,8,-4
206000028,2,1,1
206000043,0,44,-44
206000053,0,0,0
206000054,0,0,0
206000055,0,0,0
206000075,2,19,-17
206000076,19,2,17
206000077,12,1,11
206000078,5,0,5
206000079,6,0,6
206000082,135,64,71
206000100,2,189,-187
206000103,0,0,0
206000104,0,0,0
206000105,0,0,0
206000106,0,0,0
206000108,352,114,238
206000125,123,2,121
206000157,0,0,0
206000170,0,0,0
206000171,0,27,-27
206000172,0,22,-22
206000173,0,4,-4
206000174,4,3,1
206000175,0,9,-9
206000176,0,28,-28
206000177,0,12,-12
206000178,0,10,-10
206000179,0,18,-18
206000180,3,35,-32
206000181,4,21,-17
206000182,6,42,-36
206000183,14,57,-43
206000184,0,4,-4
206000185,0,4,-4
206000186,0,30,-30
206000223,0,0,0
206000226,16,1,15
206000227,0,0,0
206000237,0,5,-5
206000238,2,23,-21
206000239,6,145,-139
206000240,0,0,0
206000241,0,96,-96
206000242,0,2,-2
206000243,0,2,-2
206000244,0,4,-4
206000245,599,20,579
206000246,185,27,158
206000247,240,16,224
206000248,216,22,194
206000252,6,41,-35
206000258,0,0,0
206000315,26,4,22
206000317,363,85,278
206000318,188,34,154
206000319,880,28,852
206000320,288,8,280
206000321,241,8,233
206000322,311,4,307
206000323,124,10,114
206000324,219,13,206
206000325,103,7,96
206000326,124,24,100
206000327,7,56,-49
206000328,86,5,81
206000329,234,1,233
206000330,30,2,28
206000331,216,0,216
206000332,21,0,21
206000333,536,0,536
206000334,271,1,270
206000335,0,0,0
206000361,0,0,0
206000392,0,0,0
206000405,111,0,111
206000441,46,68,-22
206000498,21,1,20
206000515,63,18,45
206000530,144,52,92
206000531,122,106,16
206000532,411,83,328
206000535,4,179,-175
206000536,0,35,-35
206000537,0,14,-14
206000613,556,102,454
207000001,0,0,0
207000002,0,0,0
207000003,0,0,0
207000007,1022,178,844
207000008,136,1,135
207000009,58,5,53
207000010,52,183,-131
207000012,381,91,290
207000015,50,196,-146
207000019,127,39,88
207000021,213,180,33
207000022,120,77,43
207000023,129,24,105
207000024,13,13,0
207000025,8,40,-32
207000026,0,0,0
207000027,0,0,0
207000028,0,0,0
207000029,0,0,0
207000033,134,225,-91
207000034,108,38,70
207000039,519,47,472
207000040,352,18,334
207000041,216,13,203
207000042,294,1,293
207000043,154,125,29
207000051,0,0,0
207000052,0,0,0
207000053,0,0,0
207000054,0,0,0
207000055,0,0,0
207000056,0,0,0
207000057,0,0,0
207000058,0,0,0
207000059,0,0,0
207000060,0,0,0
207000061,51,1124,-1073
207000062,378,58,320
207000063,320,48,272
207000064,228,24,204
207000065,169,44,125
207000066,226,94,132
207000067,106,19,87
207000068,165,9,156
207000069,467,121,346
207000082,6,180,-174
207000083,29,220,-191
207000084,337,106,231
207000085,209,59,150
207000086,322,5,317
207000106,48,4,44
207000107,174,25,149
207000108,74,17,57
207000109,59,2,57
207000110,47,6,41
207000111,108,36,72
207000112,118,168,-50
207000114,0,0,0
207000115,0,0,0
207000116,0,0,0
207000117,0,0,0
207000118,0,0,0
207000119,0,0,0
207000123,170,2,168
207000124,86,29,57
207000125,44,1,43
207000126,44,6,38
207000134,130,88,42
207000135,20,353,-333
207000148,85,153,-68
207000149,0,0,0
207000152,0,0,0
207000153,0,0,0
207000154,204,58,146
207000159,0,0,0
207000160,0,0,0
207000238,0,0,0
207000242,0,0,0
207000248,0,0,0
207000249,0,0,0
207000250,0,0,0
207000251,0,0,0
207000252,0,0,0
207000278,90,88,2
207000279,0,0,0
207000280,803,53,750
207000281,69,149,-80
207000282,6,191,-185
207000283,3,15,-12
207000284,5,394,-389
207000285,1,44,-43
207000291,0,0,0
207000304,74,33,41
207000306,0,0,0
207000310,91,37,54
207000353,50,0,50
207000356,0,0,0
207000357,2,89,-87
207000358,0,14,-14
207000415,0,0,0
207000417,15,1,14
207000418,54,29,25
207000438,0,0,0
207000439,299,135,164
207000446,64,1,63
207000460,56,0,56
207000466,0,0,0
207000467,189,19,170
207000468,0,0,0
207000476,12,15,-3
207000477,192,18,174
207000478,0,0,0
207000523,0,0,0
207000524,24,0,24
207000527,138,58,80
207000530,203,6,197
207000531,111,3,108
207000532,4,13,-9
207000534,94,85,9
207000535,0,0,0
207000537,0,0,0
207000540,0,0,0
207000541,0,0,0
207000548,0,0,0
207000549,68,7,61
207000561,115,45,70
207000562,0,0,0
207000567,0,0,0
207000568,22,2,20
207000569,209,32,177
207000584,0,0,0
207000585,11,21,-10
207000587,2,0,2
207000616,0,0,0
207000617,112,0,112
207900008,357,95,262
208000001,331,454,-123
208000002,414,419,-5
208000003,609,394,215
208000004,454,280,174
208000005,0,0,0
208000019,539,186,353
208000020,221,134,87
208000021,14,71,-57
208000022,185,44,141
208000028,58,648,-590
208000033,57,39,18
208000034,73,319,-246
208000037,80,5,75
208000040,103,33,70
208000041,180,245,-65
208000042,384,253,131
208000047,0,0,0
208000064,872,922,-50
208000066,603,1265,-662
208000070,192,289,-97
208000071,467,190,277
208000072,465,352,113
208000080,160,165,-5
208000081,141,28,113
208000082,2,0,2
208000083,6,1,5
208000084,5,41,-36
208000085,30,0,30
208000086,32,8,24
208000087,31,89,-58
208000089,0,0,0
208000090,0,0,0
208000093,0,0,0
208000094,45,209,-164
208000095,294,51,243
208000104,1132,257,875
208000105,542,423,119
208000114,44,380,-336
208000115,222,264,-42
208000116,414,856,-442
208000117,1,55,-54
208000118,106,136,-30
208000155,47,110,-63
208000158,60,181,-121
208000186,650,1092,-442
208000204,42,65,-23
208000205,136,110,26
208000282,50,58,-8
209000004,219,42,177
209000005,27,37,-10
209000006,290,57,233
209000007,198,162,36
209000010,0,0,0
209000011,0,0,0
209000012,0,0,0
209000013,0,0,0
209000014,0,0,0
209000025,218,14,204
209000026,528,35,493
209000027,0,0,0
209000028,0,0,0
209000029,0,0,0
209000030,0,0,0
209000031,0,0,0
209000034,135,244,-109
209000035,248,203,45
209000036,459,58,401
209000037,489,111,378
209000038,300,45,255
209000039,99,59,40
209000040,223,28,195
209000041,137,36,101
209000042,92,72,20
209000043,170,65,105
209000044,179,180,-1
209000045,376,108,268
209000046,362,123,239
209000047,296,41,255
209000048,938,215,723
209000049,0,0,0
209000050,0,0,0
209000051,0,0,0
209000052,0,0,0
209000062,0,0,0
209000063,0,0,0
209000064,0,0,0
209000065,168,38,130
209000066,87,52,35
209000067,160,39,121
209000080,0,0,0
209000082,11,12,-1
209000091,0,0,0
209000093,0,0,0
209000094,0,0,0
209000110,17,55,-38
209000111,228,543,-315
209000112,648,136,512
209000113,634,148,486
209000114,294,189,105
209000115,0,0,0
209000116,0,0,0
209000118,4,45,-41
209000119,0,0,0
209000121,0,0,0
209000135,27,15,12
209000142,448,387,61
209000143,0,0,0
209000144,15,94,-79
209000229,215,34,181
209000240,0,0,0
209000259,0,0,0
209000260,0,0,0
209000261,0,0,0
209000262,0,0,0
209000263,0,0,0
209000264,0,0,0
209000265,103,0,103
209000266,26,0,26
209000267,890,4,886
209000268,561,71,490
210000037,123,7,116
210000047,22,5,17
210000048,30,13,17
210000049,23,4,19
210000052,0,0,0
210000053,0,0,0
210000054,0,0,0
210000070,111,7,104
210000071,61,0,61
210000072,32,0,32
210000073,0,0,0
210000074,0,0,0
210000075,0,0,0
210000076,0,0,0
210000077,0,0,0
210000078,0,0,0
210000079,25,6,19
210000080,19,55,-36
210000081,71,5,66
210000082,3,3,0
210000083,10,6,4
210000084,82,0,82
210000085,0,0,0
210000086,0,0,0
210000099,0,0,0
210000100,0,0,0
210000101,0,0,0
210000105,0,0,0
210000159,0,0,0
210000163,0,0,0
210000164,143,53,90
210000168,24,12,12
210000187,0,0,0
210000188,0,0,0
210000214,8,0,8
210000219,41,10,31
210000220,74,21,53
210000232,0,0,0
210000233,0,0,0
210000234,0,0,0
210000235,0,0,0
210000245,0,0,0
210000246,2,0,2
210000258,0,0,0
210000259,100,7,93
210000282,0,0,0
210000285,0,0,0
210000286,0,0,0
210000290,0,0,0
210000295,0,0,0
210000296,0,0,0
210000320,109,16,93
210000321,41,7,34
210000338,0,0,0
210000339,0,0,0
210000340,0,0,0
210000341,0,0,0
210000342,0,0,0
210000343,0,0,0
210000344,0,0,0
210000345,0,0,0
210000346,0,0,0
210000347,0,0,0
210000348,0,0,0
210000349,0,0,0
210000350,0,0,0
210000351,0,0,0
210000352,49,16,33
210000353,31,22,9
210000354,47,18,29
210000355,12,47,-35
210000356,20,56,-36
210000357,89,82,7
210000358,75,91,-16
210000359,70,65,5
210000360,195,46,149
210000361,147,68,79
210000362,193,56,137
210000363,367,93,274
210000364,170,86,84
210000365,165,18,147
210000366,191,28,163
210000367,99,6,93
210000368,95,10,85
210000369,59,49,10
210000370,59,17,42
210000372,2,10,-8
210000373,1,19,-18
210000374,38,12,26
210000375,46,11,35
210000376,45,44,1
210000404,0,0,0
210000439,52,10,42
210000472,32,0,32
210000482,53,21,32
210000564,326,89,237
210000567,1,26,-25
210000568,99,0,99
211000092,34,15,19
211000094,5,1,4
211000169,67,1,66
211000172,5,96,-91
211000209,0,5,-5
211000226,19,12,7
211000270,6,13,-7
211000275,11,20,-9
211000276,65,2,63
211000279,6,23,-17
211000281,15,17,-2
211507980,0,8,-8
211977296,2,0,2
212000003,197,15,182
212000004,0,0,0
212000005,0,0,0
212000006,0,0,0
212000008,0,0,0
212000009,0,0,0
212000012,0,0,0
212000013,0,0,0
212000014,0,0,0
212000015,0,0,0
212000016,0,0,0
212000027,737,123,614
212000028,220,190,30
212000029,152,320,-168
212000030,55,51,4
212000031,46,26,20
212000048,0,0,0
212000049,0,0,0
212000050,0,0,0
212000051,0,0,0
212000052,0,0,0
212000053,0,0,0
212000054,470,29,441
212000055,364,94,270
212000056,6,29,-23
212000057,2,13,-11
212000058,27,10,17
212000070,0,0,0
212000077,0,0,0
212000099,422,96,326
212000108,271,101,170
212000111,466,32,434
212000120,0,0,0
212000138,0,0,0
212000156,0,0,0
212000158,0,51,-51
212000159,685,57,628
212000160,679,115,564
212000161,234,78,156
212000310,0,0,0
212000311,15,74,-59
212000374,0,0,0
213000001,0,244,-244
213000005,228,16,212
213000006,277,72,205
213000007,37,1,36
213000009,134,113,21
213000010,350,48,302
213000011,121,29,92
213000012,0,0,0
213000014,46,11,35
213000015,296,4,292
213000016,211,0,211
213000017,95,0,95
213000018,0,1,-1
213000019,0,21,-21
213000020,34,2,32
213000021,0,3,-3
213000023,533,158,375
213000033,28,211,-183
213000034,460,162,298
213000035,242,248,-6
213000045,35,126,-91
213000046,31,44,-13
213000047,69,675,-606
213000056,68,16,52
213000069,10,0,10
213000073,0,2,-2
213000074,4,46,-42
213000075,341,4,337
213000076,1,0,1
213000085,0,0,0
213000086,0,0,0
213000091,124,1,123
213000092,3,2,1
213000099,1,220,-219
213000100,637,211,426
213000101,280,92,188
213000102,383,78,305
213000103,245,132,113
213000104,3,68,-65
213000105,1,59,-58
213000106,0,3,-3
213000107,53,12,41
213000108,7,25,-18
213000109,0,20,-20
213000110,2,9,-7
213000111,1,13,-12
213000112,6,79,-73
213000115,23,0,23
213000116,2,63,-61
213000117,0,74,-74
213000118,500,238,262
213000119,0,12,-12
213000120,0,8,-8
213000122,4,63,-59
213000123,7,121,-114
213000124,8,49,-41
213000125,128,30,98
213000126,0,17,-17
213000127,0,28,-28
213000128,10,121,-111
213000129,138,728,-590
213000130,526,419,107
213000132,395,188,207
213000133,715,64,651
213000134,762,3,759
213000136,488,5,483
213000137,363,49,314
213000139,126,0,126
213000147,36,1,35
213000148,23,2,21
213000149,2,0,2
213000150,0,0,0
213000151,0,0,0
213000152,0,0,0
213000153,0,0,0
213000154,0,0,0
213000155,0,0,0
213000156,0,0,0
213000157,0,0,0
213000158,75,76,-1
213000159,871,146,725
213000163,661,110,551
213000165,405,98,307
213000171,0,0,0
213000172,0,0,0
213000173,0,0,0
213000174,0,0,0
213000175,0,0,0
213000176,113,16,97
213000177,196,5,191
213000178,251,0,251
213000179,155,0,155
213000180,103,1,102
213000184,6,53,-47
213000188,307,16,291
213000189,347,19,328
213000190,192,4,188
213000191,323,1,322
213000192,244,0,244
213000193,0,0,0
213000194,0,0,0
213000195,0,0,0
213000196,0,0,0
213000197,632,259,373
213000198,3,0,3
213000200,38,22,16
213000201,11,11,0
213000202,1,39,-38
213000203,912,303,609
213000204,803,2,801
213000205,370,18,352
213000206,528,17,511
213000207,9,3,6
213000208,1,0,1
213000209,66,0,66
213000210,56,0,56
213000211,0,0,0
213000212,0,0,0
213000213,0,0,0
213000218,171,372,-201
213000219,234,45,189
213000220,312,6,306
213000223,104,107,-3
213000224,1,14,-13
213000225,19,12,7
213000226,41,14,27
213000227,790,81,709
213000228,381,55,326
213000229,60,3,57
213000230,154,3,151
213000232,1,316,-315
213000233,0,0,0
213000234,0,0,0
213000293,0,6,-6
213000294,69,1,68
213000295,0,5,-5
213000296,41,9,32
213000297,0,0,0
213000298,0,0,0
213000299,41,13,28
213000300,0,1,-1
213000303,0,0,0
213000304,0,0,0
213000305,1,2,-1
213000306,0,0,0
213000307,29,19,10
213000308,0,0,0
213000309,103,15,88
213000310,102,42,60
213000311,8,175,-167
213000315,0,0,0
213000316,143,15,128
213000322,38,15,23
213000323,60,11,49
213000324,27,7,20
213000325,10,2,8
213000326,30,4,26
213000327,23,4,19
213000328,0,28,-28
213000329,2,0,2
213000340,0,11,-11
213000341,517,44,473
213000346,29,203,-174
213000347,106,229,-123
213000348,0,3,-3
213000349,0,0,0
213000350,41,82,-41
213000366,0,6,-6
213000367,273,14,259
213000379,3,5,-2
213000386,0,36,-36
213000406,13,46,-33
213000417,857,177,680
213000425,45,4,41
213000426,58,2,56
213000427,31,22,9
213000428,36,15,21
213000429,3,0,3
213000430,13,10,3
213000431,1,1,0
213000432,0,237,-237
213000433,4,3,1
213000434,15,16,-1
213000435,43,5,38
213000436,19,4,15
213000437,0,0,0
213000438,85,10,75
213000439,3,6,-3
213000440,1,40,-39
213000441,0,2,-2
213000442,0,1,-1
213000443,327,266,61
213000444,20,4,16
213000445,0,9,-9
213000446,0,70,-70
213000447,0,2,-2
213000448,15,7,8
213000449,439,3,436
213000450,0,0,0
213000451,37,8,29
213000452,0,3,-3
213000453,0,0,0
213000455,21,0,21
213000456,0,7,-7
213000481,4,1,3
213000482,10,1,9
213000489,26,13,13
213000491,0,0,0
213000492,11,0,11
213000493,0,0,0
213000494,206,44,162
213000495,0,0,0
213000496,472,64,408
213000497,0,1,-1
213000498,0,18,-18
213000499,6,22,-16
213000500,331,18,313
213000501,72,27,45
213000502,83,30,53
213000503,0,8,-8
213000504,0,1,-1
213000505,9,0,9
213000506,0,0,0
213000507,0,12,-12
213900016,0,1,-1
213900244,47,0,47
213900245,0,0,0
218000003,0,0,0
218000004,0,0,0
218000005,17,10,7
218000006,27,9,18
218000007,1,6,-5
218000012,22,86,-64
218000013,14,65,-51
218000014,29,64,-35
218000019,93,46,47
218000020,140,33,107
218000021,0,0,0
218000022,0,0,0
218000023,0,0,0
218000024,0,0,0
218000025,0,0,0
218000026,0,0,0
218000027,0,0,0
218000028,0,0,0
218000029,0,0,0
218000030,0,0,0
218000031,0,0,0
218000032,0,0,0
218000040,3,0,3
218000046,67,40,27
218000047,0,56,-56
218000048,29,30,-1
218000049,30,45,-15
218000050,121,58,63
218000051,10,105,-95
218000052,0,30,-30
218000053,0,1,-1
218000054,0,6,-6
218000055,2,17,-15
218000056,2,20,-18
218000057,0,10,-10
218000064,0,5,-5
218000065,66,7,59
218000066,5,20,-15
218000067,25,66,-41
218000068,31,29,2
218000069,113,27,86
218000070,39,50,-11
218000071,63,34,29
218000072,70,24,46
218000078,40,43,-3
218000079,131,42,89
218000080,148,28,120
218000081,464,61,403
218000082,131,59,72
218000083,0,0,0
218000084,0,0,0
218000085,0,0,0
218000086,0,0,0
218000087,0,0,0
218000090,3,42,-39
218000091,483,272,211
218000092,81,48,33
218000093,22,16,6
218000094,0,0,0
218000099,111,159,-48
218000100,65,113,-48
218000101,52,72,-20
218000102,156,35,121
218000103,4,31,-27
218000104,38,15,23
218000105,0,0,0
218000106,0,0,0
218000107,0,0,0
218000108,0,0,0
218000112,0,0,0
218000117,5,57,-52
218000134,18,62,-44
218000135,21,9,12
218000136,29,6,23
218000137,18,1,17
218000138,0,0,0
218000139,43,2,41
218000140,295,198,97
218000141,7,0,7
218000142,150,32,118
218000143,44,83,-39
218000144,11,48,-37
218000145,227,72,155
218000146,39,73,-34
218000151,4,3,1
218000152,102,30,72
218000153,2,4,-2
218000154,3,4,-1
218000155,24,3,21
218000156,154,6,148
218000157,76,4,72
218000158,9,6,3
218000159,0,1,-1
218000160,7,3,4
218000161,31,1,30
218000162,123,1,122
218000163,47,0,47
218000164,135,2,133
218000165,173,23,150
218000170,2,39,-37
218000171,20,2,18
218000172,0,5,-5
218000173,5,10,-5
218000174,12,2,10
218000176,244,10,234
218000177,287,29,258
218000178,211,47,164
218000179,234,30,204
218000180,47,1,46
218000181,204,5,199
218000187,0,0,0
218000188,0,0,0
218000189,0,0,0
218000190,0,0,0
218000191,0,0,0
218000192,0,0,0
218000193,0,0,0
218000194,0,0,0
218000195,145,54,91
218000196,326,62,264
218000197,435,47,388
218000198,51,42,9
218000199,21,17,4
218000200,23,8,15
218000201,3,1,2
218000202,0,0,0
218000207,0,0,0
218000208,0,0,0
218000211,8,4,4
218000212,0,0,0
218000213,94,47,47
218000214,14,18,-4
218000215,12,16,-4
218000217,2,46,-44
218000218,151,225,-74
218000219,0,56,-56
218000220,26,152,-126
218000221,204,207,-3
218000222,2,60,-58
218000223,36,322,-286
218000224,12,266,-254
218000225,169,57,112
218000226,187,3,184
218000230,0,0,0
218000232,1,3,-2
218000239,59,0,59
218000240,1,0,1
218000241,3,0,3
218000242,1,0,1
218000243,8,0,8
218000244,28,0,28
218000245,1,1,0
218000246,0,3,-3
218000247,0,0,0
218000248,0,0,0
218000249,0,0,0
218000250,0,0,0
218000251,0,0,0
218000252,0,0,0
218000253,0,0,0
218000254,0,0,0
218000255,0,0,0
218000256,0,1,-1
218000267,0,0,0
218000268,0,0,0
218000269,0,0,0
218000270,0,0,0
218000271,0,0,0
218000273,41,10,31
218000274,39,3,36
218000275,22,26,-4
218000276,7,23,-16
218000278,0,4,-4
218000279,48,3,45
218000280,0,13,-13
218000281,1,2,-1
218000282,62,323,-261
218000284,38,9,29
218000301,0,0,0
218000302,33,2,31
218000303,0,0,0
218000316,725,345,380
218000317,1186,296,890
218000318,641,147,494
218000319,16,24,-8
218000320,0,0,0
218000338,16,3,13
218000345,0,0,0
218000346,17,88,-71
218000459,40,65,-25
218000490,0,0,0
218000501,67,27,40
218000502,0,0,0
218000503,59,7,52
218000504,116,4,112
218000505,0,0,0
218000506,0,0,0
218000508,0,0,0
218000510,69,29,40
218000520,136,102,34
218000521,0,1,-1
218000522,0,7,-7
218000523,33,0,33
218000524,0,80,-80
218000525,23,2,21
218000526,0,53,-53
218000529,1,6,-5
218000530,12,0,12
218000531,7,9,-2
218000532,0,0,0
218000534,86,4,82
218000537,3,55,-52
218000538,31,101,-70
218000540,0,0,0
218000543,35,10,25
218000544,0,0,0
218000545,19,10,9
218000546,0,0,0
218000547,33,41,-8
218000548,0,0,0
218000549,335,38,297
218000550,4,98,-94
218000551,1,46,-45
218000552,216,19,197
218000553,0,0,0
218000554,0,0,0
218000555,27,48,-21
218000556,0,0,0
218000557,158,41,117
218000558,11,0,11
218000559,0,13,-13
218000560,0,2,-2
218000561,0,0,0
218000562,0,21,-21
218000563,105,2,103
218000564,0,27,-27
218000565,41,1,40
218000566,45,0,45
218000567,0,38,-38
218000568,0,1,-1
218000569,0,61,-61
218000570,5,0,5
218000571,0,27,-27
218000572,21,1,20
218000573,0,61,-61
218000574,0,13,-13
218000575,60,0,60
218000576,0,25,-25
218000577,14,0,14
218000578,0,13,-13
218000579,15,8,7
218000581,0,0,0
218000582,25,0,25
218000583,0,0,0
218000584,0,0,0
218000585,17,1,16
218000586,38,5,33
218000587,0,0,0
218000588,0,0,0
218000589,0,0,0
218000590,11,0,11
218000591,0,0,0
218000592,0,0,0
218000593,0,0,0
218000594,0,0,0
218000597,0,0,0
218000598,0,0,0
218000599,0,26,-26
218000600,0,0,0
218000601,0,28,-28
218000602,0,0,0
218000603,0,12,-12
218000604,48,26,22
218000605,0,6,-6
218000606,56,1,55
218000607,0,2,-2
218000608,21,1,20
218000609,3,3,0
218000610,49,13,36
218000611,18,2,16
218000612,4,4,0
218000613,15,1,14
218000614,0,1,-1
218000615,53,0,53
218000616,1,8,-7
218000617,5,0,5
218000618,0,0,0
218000619,30,0,30
218000620,0,3,-3
218000621,0,1,-1
218000622,0,16,-16
218000623,20,0,20
218000624,0,19,-19
218000625,0,0,0
218000626,0,6,-6
218000628,107,26,81
218000631,49,2,47
218000632,0,19,-19
218000633,9,0,9
218000634,0,0,0
218000635,2,7,-5
218000636,35,18,17
218000637,515,76,439
218000638,392,12,380
218000639,2,17,-15
218000640,255,10,245
218000641,19,78,-59
218000652,17,23,-6
218000653,190,22,168
218000663,1,2,-1
218000675,3,26,-23
218000676,0,0,0
218000677,3,1,2
218000680,9,15,-6
218000681,256,20,236
218000691,25,17,8
218000693,227,24,203
218000703,0,0,0
218000718,0,19,-19
218000719,20,35,-15
218000720,1,22,-21
218000721,11,2,9
218000725,0,0,0
218001147,0,0,0
218001214,0,0,0
218001258,164,5,159
218001329,48,66,-18
218001330,1,4,-3
218001351,3,12,-9
218001352,1,7,-6
218001353,1,11,-10
218001354,0,1,-1
218001355,0,0,0
218001356,255,30,225
218001357,0,0,0
218001358,312,0,312
218001361,616,20,596
218001362,0,0,0
219000001,0,0,0
219000002,0,0,0
219000003,30,28,2
219000004,11,88,-77
219000017,16,77,-61
219000020,112,23,89
219000022,54,0,54
219000023,76,1,75
219000029,0,0,0
219000034,67,35,32
219000039,0,0,0
219000040,10,32,-22
219000041,102,64,38
219000051,0,0,0
219000052,0,0,0
219000053,0,0,0
219000054,0,0,0
219000055,155,1,154
219000056,2,0,2
219000057,44,0,44
219000062,0,0,0
219000063,40,0,40
219000064,0,0,0
219000110,224,64,160
219000111,65,51,14
219000112,135,30,105
219000113,80,22,58
219000114,187,18,169
219000116,74,21,53
219000117,119,14,105
219000118,35,47,-12
219000123,137,2,135
219000124,17,0,17
219000125,0,0,0
219000126,0,0,0
219000127,0,0,0
219000128,0,0,0
219000129,0,0,0
219000130,0,0,0
219000131,637,1107,-470
219000133,12,80,-68
219000134,22,50,-28
219000135,18,36,-18
219000136,42,98,-56
219000138,53,4,49
219000139,18,0,18
219000140,94,1,93
219000141,5,0,5
219000142,14,0,14
219000143,0,0,0
219000145,23,4,19
219000146,0,0,0
219000147,0,0,0
219000148,0,0,0
219000149,0,0,0
219000150,0,0,0
219000151,0,0,0
219000157,127,76,51
219000158,57,19,38
219000161,34,1,33
219000163,192,292,-100
219000166,42,53,-11
219000167,12,22,-10
219000168,165,64,101
219000174,228,84,144
219000175,104,6,98
219000176,117,10,107
219000177,28,9,19
219000178,87,1,86
219000179,50,57,-7
219000180,42,1,41
219000182,83,0,83
219000183,22,2,20
219000184,19,1,18
219000185,0,0,0
219000186,103,2,101
219000187,26,0,26
219000189,0,0,0
219000190,0,0,0
219000191,0,0,0
219000192,185,187,-2
219000193,0,0,0
219000195,0,0,0
219000196,0,0,0
219000198,0,0,0
219000199,0,0,0
219000200,0,0,0
219000201,0,0,0
219000203,0,0,0
219000204,0,0,0
219000205,0,0,0
219000207,0,0,0
219000209,0,0,0
219000210,0,0,0
219000213,0,0,0
219000239,0,0,0
219000240,0,0,0
219000241,0,0,0
219000242,0,0,0
219000243,0,0,0
219000244,0,0,0
219000245,0,0,0
219000246,3,27,-24
219000247,219,35,184
219000248,285,255,30
219000249,46,59,-13
219000250,110,60,50
219000251,293,70,223
219000252,341,105,236
219000253,114,44,70
219000255,70,118,-48
219000256,188,66,122
219000257,142,0,142
219000262,0,0,0
219000263,0,0,0
219000267,0,0,0
219000268,0,0,0
219000269,3,0,3
219000270,49,0,49
219000271,171,0,171
219000278,0,0,0
219000279,0,0,0
219000283,0,0,0
219000295,0,0,0
219000296,0,0,0
219000297,0,0,0
219000298,0,0,0
219000299,272,37,235
219000300,0,0,0
219000301,0,0,0
219000302,0,0,0
219000307,0,0,0
219000308,12,30,-18
219000311,144,16,128
219000312,291,35,256
219000313,388,19,369
219000314,0,0,0
219000315,307,4,303
219000316,289,21,268
219000317,70,25,45
219000320,0,0,0
219000321,0,0,0
219000323,0,0,0
219000325,0,0,0
219000326,0,0,0
219000327,0,0,0
219000328,0,0,0
219000329,95,96,-1
219000330,3,28,-25
219000331,14,8,6
219000332,85,53,32
219000333,35,0,35
219000335,17,0,17
219000337,9,0,9
219000338,38,0,38
219000344,0,0,0
219000345,0,0,0
219000346,0,0,0
219000348,0,0,0
219000349,0,0,0
219000350,0,0,0
219000351,0,0,0
219000352,44,133,-89
219000353,170,88,82
219000354,176,76,100
219000355,100,41,59
219000356,332,837,-505
219000363,74,26,48
219000364,153,10,143
219000365,155,9,146
219000366,122,248,-126
219000368,82,619,-537
219000370,247,653,-406
219000371,0,0,0
219000382,0,7,-7
219000383,0,0,0
219000385,0,0,0
219000386,0,0,0
219000387,0,1,-1
219000390,2,2,0
219000391,2,12,-10
219000397,0,0,0
219000398,31,9,22
219000401,0,0,0
219000402,0,0,0
219000403,0,0,0
219000404,0,0,0
219000407,0,0,0
219000409,51,42,9
219000410,37,11,26
219000411,41,2,39
219000446,0,0,0
219000447,0,0,0
219000448,4,10,-6
219000452,54,31,23
219000453,0,0,0
219000454,91,275,-184
219000556,212,18,194
219000558,0,0,0
219000590,0,0,0
219000591,90,22,68
219000592,0,0,0
219000595,0,0,0
219000635,181,16,165
219000636,0,0,0
219000657,4,11,-7
219000658,0,0,0
219000673,0,0,0
219000676,23,0,23
219000679,7,0,7
219000684,101,0,101
219000685,0,0,0
219000686,0,0,0
219000688,0,0,0
219000689,0,0,0
219000690,135,8,127
219000691,43,0,43
219000692,37,5,32
219000693,0,0,0
219000694,0,0,0
219000695,50,1,49
219000698,0,0,0
219000699,0,0,0
219000727,0,0,0
219000728,58,0,58
219000770,15,1,14
219000771,0,0,0
219000788,0,0,0
219001150,1,16,-15
219001151,0,0,0
219001166,6,10,-4
219001167,0,0,0
219001178,38,0,38
220000001,0,14,-14
220000002,1,45,-44
220000003,0,0,0
220000004,0,0,0
220000005,0,0,0
220000006,0,0,0
220000007,0,0,0
220000008,0,0,0
220000009,22,90,-68
220000010,10,9,1
220000011,20,359,-339
220000012,6,42,-36
220000014,0,0,0
220000015,36,242,-206
220000017,54,46,8
220000018,880,139,741
220000019,270,471,-201
220000020,97,68,29
220000021,213,72,141
220000022,412,122,290
220000023,76,78,-2
220000024,222,294,-72
220000025,362,896,-534
220000026,111,610,-499
220000027,17,91,-74
220000028,51,100,-49
220000029,0,0,0
220000030,0,0,0
220000031,124,226,-102
220000064,0,0,0
221000046,19,16,3
221000047,0,0,0
221000048,0,0,0
221000049,0,0,0
221000050,4,0,4
221000055,7,0,7
221000057,121,1,120
221000068,202,166,36
221000069,145,90,55
221000070,151,35,116
221000071,123,6,117
221000072,200,8,192
221000073,153,16,137
221000074,0,0,0
221000075,0,0,0
221000076,0,0,0
221000077,0,0,0
221000081,2,3,-1
221000082,61,2,59
221000083,8,6,2
221000084,2,2,0
221000085,7,2,5
221000086,0,0,0
221000087,0,0,0
221000088,0,0,0
221000089,0,0,0
221000090,0,0,0
221000098,119,12,107
221000099,147,4,143
221000100,156,3,153
221000101,82,4,78
221000102,124,6,118
221000109,0,0,0
221000110,0,0,0
221000111,0,0,0
221000112,0,0,0
221000113,0,0,0
221000114,0,0,0
221000120,43,10,33
221000121,0,24,-24
221000122,18,8,10
221000123,0,49,-49
221000124,15,51,-36
221000155,106,7,99
221000156,9,9,0
221000175,0,3,-3
221000176,0,23,-23
221000182,25,1,24
221000241,383,263,120
221000242,0,0,0
221000243,339,92,247
221000244,0,0,0
221000245,68,30,38
221000246,0,0,0
221000247,210,31,179
221000248,0,0,0
221000267,2,105,-103
221000325,31,43,-12
221000331,12,9,3
221000338,6,43,-37
221000378,273,26,247
221000381,11,5,6
222000282,0,0,0
222000296,1,4,-3
222000568,440,24,416
222000569,67,52,15
222000570,93,5,88
222000571,349,6,343
222000577,0,11,-11
222000578,0,57,-57
222000579,6,33,-27
222000580,8,228,-220
222000599,0,22,-22
222000600,0,25,-25
222000601,0,90,-90
222000603,4,3,1
222000604,3,4,-1
222000605,0,39,-39
222000606,0,5,-5
222000607,0,14,-14
222000608,3,1,2
222000609,6,7,-1
222000616,246,4,242
222000617,0,13,-13
222000618,0,10,-10
222000620,0,1,-1
222000621,10,3,7
222000623,259,0,259
222000624,217,0,217
222000625,356,7,349
222000636,54,0,54
222000686,5,3,2
222000687,3,3,0
222001066,151,1,150
222001067,41,0,41
222001068,91,9,82
222001069,66,35,31
222001082,3,4,-1
222001083,3,28,-25
222001084,0,6,-6
222001085,0,50,-50
222001111,60,34,26
222001112,95,17,78
222001313,2,13,-11
222001314,0,29,-29
222001464,23,10,13
222001465,0,3,-3
222001484,61,13,48
222001485,8,2,6
222001494,469,28,441
222001495,9,11,-2
222001496,374,25,349
222001497,27,84,-57
222001502,0,0,0
222001503,24,3,21
222001504,0,0,0
222001505,255,17,238
222001506,0,0,0
222001507,50,8,42
222001510,544,11,533
222001511,0,0,0
222001514,253,62,191
222001515,0,0,0
222001518,268,26,242
222001519,0,0,0
222001527,52,22,30
222001528,0,0,0
222001529,237,18,219
222001530,0,0,0
222001533,0,0,0
222001534,300,14,286
222001535,86,11,75
222001536,4,60,-56
222001537,131,5,126
222001538,0,0,0
222001563,700,4,696
222001564,0,0,0
222001568,92,5,87
222001576,0,11,-11
222001579,1,1,0
222001583,2,30,-28
222001584,34,1,33
222001596,77,127,-50
222001597,543,97,446
222001626,0,39,-39
222001650,0,23,-23
222001651,59,52,7
222001914,83,42,41
222001915,0,0,0
222001968,285,35,250
222001969,30,68,-38
222001970,48,31,17
222001971,45,1,44
222001972,0,22,-22
225000001,305,88,217
225000002,428,43,385
225000003,445,21,424
225000004,303,45,258
225000005,21,32,-11
225000006,0,0,0
225000007,0,0,0
225000010,66,3,63
225000011,67,820,-753
225000012,187,565,-378
225000013,85,56,29
225000014,384,38,346
225000015,2,4,-2
225000021,191,49,142
225000027,0,0,0
225000032,216,50,166
225000042,1,1,0
225000049,0,0,0
225000050,55,2,53
225000053,0,0,0
225000058,354,88,266
225000067,0,0,0
225000068,0,0,0
225000069,0,0,0
225000070,0,0,0
225000071,0,0,0
225000075,0,0,0
225000076,0,0,0
225000078,13,18,-5
225000085,65,21,44
225000086,181,11,170
225000087,39,2,37
225000088,0,0,0
225000089,0,0,0
225000090,0,0,0
225000091,0,0,0
225000092,0,0,0
225000093,0,0,0
225000094,0,0,0
225000095,0,0,0
225000096,0,0,0
225000098,305,128,177
225000099,459,45,414
225000100,487,56,431
225000104,0,4,-4
225000110,0,0,0
225000111,8,0,8
225000112,2,1,1
225000113,2,3,-1
225000114,0,8,-8
225000115,20,24,-4
225000116,184,60,124
225000117,483,272,211
225000118,754,186,568
225000119,43,5,38
225000120,243,4,239
225000121,88,10,78
225000123,842,4,838
225000125,194,36,158
225000126,606,162,444
225000127,402,1068,-666
225000128,289,867,-578
225000132,358,30,328
225000133,139,5,134
225000134,301,109,192
225000135,55,0,55
225000136,233,0,233
225000137,257,26,231
225000138,443,24,419
225000143,0,0,0
225000144,0,0,0
225000145,27,27,0
225000146,0,0,0
225000147,0,0,0
225000148,0,0,0
225000149,0,0,0
225000151,0,0,0
225000155,0,0,0
225000156,1,10,-9
225000157,2,6,-4
225000158,0,0,0
225000171,0,0,0
225000180,36,14,22
225000181,0,0,0
225000182,28,10,18
225000185,0,0,0
225000187,0,0,0
225000191,5,0,5
225000194,0,0,0
225000208,0,0,0
225000209,60,2,58
225000210,0,0,0
225000217,0,0,0
225000218,5,0,5
225000223,0,0,0
225000224,8,0,8
225000225,0,0,0
225000226,141,2,139
225000227,0,0,0
225000228,2,14,-12
225000229,0,0,0
225000230,0,0,0
225000231,0,0,0
225000232,29,0,29
225000241,72,0,72
225000242,0,0,0
225000249,19,0,19
225000250,0,0,0
225000251,464,16,448
225000254,0,0,0
225000256,0,0,0
225000257,0,0,0
226000042,0,0,0
226000043,0,0,0
226000044,0,0,0
226000045,0,0,0
226000046,477,10,467
226000047,190,19,171
226000048,258,3,255
226000049,171,76,95
226000070,0,0,0
226000071,0,0,0
226000072,0,0,0
226000073,0,0,0
226000074,0,0,0
226000084,0,0,0
226000085,0,0,0
226000086,0,0,0
226000087,0,0,0
226000088,0,0,0
226000090,11,12,-1
226000091,1,20,-19
226000092,0,31,-31
226000093,0,0,0
226000094,0,0,0
226000095,3,20,-17
226000105,2,3,-1
226000106,16,0,16
226000107,10,0,10
226000108,13,0,13
226000109,16,0,16
226000124,52,35,17
226000134,290,289,1
226000135,783,262,521
226000136,172,120,52
226000137,0,0,0
226000138,0,0,0
226000139,0,0,0
226000156,117,0,117
226000157,135,0,135
226000163,0,0,0
226000202,0,0,0
226000231,169,0,169
226000232,4,0,4
227000033,352,28,324
227000036,481,4,477
227000037,398,6,392
227000038,90,12,78
227000084,0,0,0
227000085,0,0,0
227000088,15,1,14
227000089,12,0,12
227000090,32,0,32
227000091,17,0,17
227000092,1,0,1
227000093,11,0,11
227000094,0,0,0
227000130,0,0,0
227000131,0,0,0
227000132,0,0,0
227000133,0,0,0
227000134,0,0,0
227000152,0,0,0
227000153,0,0,0
227000154,0,0,0
227000155,0,0,0
227000156,0,0,0
227000165,0,0,0
227000196,299,5,294
227000199,245,40,205
227000230,0,0,0
227000232,190,23,167
227000242,0,0,0
227000243,355,25,330
227000245,0,0,0
227000246,0,0,0
227000247,464,39,425
227000248,55,46,9
227000249,0,0,0
227000250,158,163,-5
227000251,0,0,0
227000252,0,0,0
227000253,299,21,278
227000262,596,9,587
227000266,729,24,705
227000267,0,0,0
227000282,0,0,0
227000284,307,19,288
227000286,0,0,0
227000287,0,0,0
227000291,0,0,0
227000296,18,19,-1
227000484,308,11,297
227000485,0,0,0
227000655,150,0,150
227000656,477,18,459
227000657,22,0,22
227000661,142,31,111
227000680,33,72,-39
229000265,3,2,1
229000296,1,4,-3
229000297,0,20,-20
229000298,3,43,-40
229000320,0,1,-1
229000321,0,0,0
229000412,0,14,-14
229000414,0,5,-5
229000415,1,0,1
229000416,0,1,-1
229000417,0,0,0
229000419,30,62,-32
229000440,72,3,69
229000442,25,1,24
229000443,0,0,0
229000444,0,2,-2
229000445,22,1,21
229000446,11,4,7
229000491,0,0,0
229000492,0,0,0
229000493,0,0,0
229000494,42,1,41
229000495,141,5,136
229000496,165,16,149
229000507,0,0,0
229000508,0,0,0
229000509,0,0,0
229000510,0,0,0
229000511,0,0,0
229000512,0,0,0
229000513,0,0,0
229000514,0,0,0
229000517,0,0,0
229000518,0,0,0
229000519,0,0,0
229000520,0,0,0
229000521,51,2,49
229000522,14,0,14
229000523,5,0,5
229000524,19,1,18
229000527,2,2,0
229000528,1,4,-3
229000529,34,0,34
229000530,171,3,168
229000531,41,30,11
229000532,13,0,13
229000533,70,2,68
229000534,11,15,-4
229000564,103,0,103
229000565,69,1,68
229000566,0,0,0
229000567,0,0,0
229000582,34,3,31
229000583,11,6,5
229000584,0,0,0
229000585,0,0,0
229000718,0,0,0
229000719,0,0,0
229000720,0,0,0
229000721,0,0,0
229000722,0,0,0
229000723,0,0,0
229000724,0,0,0
229000725,0,0,0
229000738,2,0,2
229000739,0,0,0
229000740,0,0,0
229000741,37,0,37
229000742,1,0,1
229000743,49,0,49
229000744,2,0,2
229000745,0,0,0
229000746,7,0,7
229000847,31,0,31
229000848,57,0,57
229000849,64,0,64
229000851,149,0,149
229000854,0,0,0
229000856,0,0,0
229000857,0,0,0
229000858,0,0,0
229000919,0,0,0
229000930,0,0,0
229000937,130,4,126
229000966,46,13,33
229000981,0,0,0
229000985,0,1,-1
229000986,0,2,-2
229000987,0,0,0
229000988,0,0,0
229000989,0,0,0
229000990,1,1,0
229000991,0,0,0
229000992,3,0,3
229000993,77,10,67
229000998,0,1,-1
229000999,26,1,25
229001034,0,4,-4
229001035,0,0,0
229001037,15,1,14
229001042,6,0,6
229001047,0,12,-12
229001050,36,7,29
229001168,0,0,0
229001200,29,0,29
229001338,0,0,0
229001394,89,0,89
229001422,152,7,145
229001423,0,0,0
229001431,32,27,5
229001432,0,0,0
229001444,69,0,69
229001445,10,13,-3
229001479,27,0,27
229001503,184,23,161
229001504,0,0,0
229001505,75,4,71
229001506,0,0,0
229001509,1,0,1
229001545,10,2,8
229001546,0,0,0
229001553,49,5,44
229001554,0,0,0
229001559,1,0,1
229001560,0,2,-2
229001630,36,2,34
229001631,3,15,-12
229001635,0,0,0
229001636,0,0,0
229001658,0,0,0
229001659,27,2,25
229001660,0,0,0
229001661,0,10,-10
229001662,23,0,23
229001663,0,0,0
229002584,58,40,18
229002831,31,49,-18
229002841,2,3,-1
229002842,3,1,2
229002843,15,10,5
229002844,16,4,12
229002845,0,6,-6
229002846,1,0,1
229002847,0,2,-2
229002848,5,13,-8
229002849,0,5,-5
229002850,1,0,1
229002851,0,18,-18
229002852,57,0,57
229002853,13,0,13
229002854,3,6,-3
229002855,0,2,-2
229002856,1,0,1
229002857,1,0,1
229002858,4,0,4
229002859,6,0,6
229002860,7,1,6
229002861,20,2,18
229002862,0,4,-4
229002863,1,2,-1
229002864,6,22,-16
229002865,0,3,-3
229002866,23,1,22
229002867,0,1,-1
229002868,2,0,2
229002869,0,9,-9
229002870,11,1,10
235000066,60,1,59
235000067,42,7,35
235000072,0,0,0
235000073,0,0,0
235000074,0,0,0
235000080,0,0,0
235000081,0,0,0
235000082,39,4,35
235000083,41,2,39
235000084,34,2,32
235000085,139,10,129
235000089,15,0,15
235000092,0,0,0
235000093,0,0,0
235000097,4,3,1
235000098,35,3,32
235000099,4,1,3
235000116,4,2,2
235000117,41,0,41
235000133,0,0,0
235000134,0,0,0
235000206,3,1,2
235000207,0,0,0
235000208,0,3,-3
235000209,3,0,3
235000210,13,1,12
235000212,0,0,0
235000213,0,0,0
235000220,0,0,0
235000221,0,0,0
235000238,0,217,-217
235000239,2,25,-23
235000242,94,769,-675
235000245,0,0,0
235000246,0,0,0
235000284,0,1,-1
235000295,5,0,5
235000305,120,1,119
235000306,126,0,126
235000307,0,0,0
235000308,11,0,11
235000309,35,0,35
235000310,29,0,29
235000311,10,0,10
235000322,0,0,0
235000323,0,0,0
235000324,0,0,0
235000325,0,0,0
235000326,0,0,0
235000351,0,0,0
235000352,0,1,-1
235000353,0,0,0
235000354,0,0,0
235000355,0,1,-1
235000356,13,0,13
235000357,9,0,9
235000358,6,0,6
235000359,0,0,0
235000360,8,0,8
235000361,42,0,42
235000381,0,0,0
235000382,81,3,78
235000390,6,0,6
235000391,163,2,161
235000392,182,26,156
235000393,126,40,86
235000395,114,3,111
235000396,361,7,354
235000400,16,4,12
235000401,0,0,0
235000405,0,0,0
235000406,0,0,0
235000407,0,0,0
235000409,0,0,0
235000410,0,0,0
235000411,0,0,0
235000485,0,0,0
235000486,1,0,1
235000549,38,28,10
235000550,0,0,0
235000599,0,0,0
235000600,0,0,0
235000601,2,1,1
235000602,34,7,27
235000614,0,0,0
235000648,0,0,0
235000649,11,2,9
235000685,0,0,0
235000815,0,0,0
235000834,0,0,0
235000855,38,24,14
235000862,0,0,0
235000891,0,0,0
235000892,9,1,8
235000901,0,0,0
235000907,0,0,0
235001010,9,12,-3
235001029,0,0,0
235001030,240,20,220
235001078,95,25,70
235001079,0,0,0
235001147,10,8,2
235001166,8,4,4
235001167,0,0,0
235001169,0,0,0
235001188,0,0,0
235001189,0,1,-1
235001197,0,0,0
235001200,0,0,0
235001207,66,3,63
235001210,0,0,0
235001215,0,0,0
235001239,0,0,0
235001244,0,0,0
235016267,0,0,0
277101746,0,2,-2
277102712,1,0,1
277103813,0,0,0
277103814,0,0,0
277103898,0,0,0
277104249,0,0,0
277104250,0,17,-17
277104251,0,0,0
277104252,0,4,-4
990011530,0,0,0
990014944,1,43,-42
990015176,49,27,22
990015618,0,2,-2
990016032,0,0,0
990032570,0,26,-26
990070001,51,4,47
990070103,0,0,0
990070601,0,14,-14
990070751,864,3,861
990070766,0,0,0
990071180,662,15,647
990071343,8,0,8
990071387,0,0,0
990071823,129,1,128
990072600,2,47,-45
990072964,0,0,0
990073285,0,0,0
990074393,0,128,-128
990074870,816,46,770
990075106,224,1,223
990075746,366,2,364
990076437,1436,4,1432
990076458,0,0,0
997000007,98,0,98
997000041,0,29,-29
997000058,28,0,28
997000062,61,0,61
997000069,0,0,0
997000070,0,0,0
997000100,60,0,60
997000141,0,0,0
997000198,0,0,0
998000475,0,1,-1
998000736,0,4,-4
998000965,0,21,-21
998001031,0,2,-2
998001700,0,0,0
998001899,0,0,0
998001900,18,73,-55
998003073,485,18,467
998101900,0,8,-8
998102850,0,0,0
998501927,217,1,216
998501929,90,0,90
998501930,43,1,42
998501931,69,23,46
998501932,3,1,2
998501933,145,1,144
998501937,19,0,19
998501944,4,0,4
998501950,0,0,0
998501970,85,16,69
998501971,0,23,-23
998501973,1,4,-3
998501974,0,23,-23
998501975,105,1,104
998501976,54,0,54
998501977,0,4,-4
998501978,2,0,2
998501979,0,0,0
998501980,32,0,32
998501981,61,0,61
998501982,0,0,0
998501983,0,0,0
998502006,0,0,0
998502024,0,24,-24
998502032,0,1,-1
998502062,19,9,10
998502063,0,0,0
998502173,6,0,6
998502269,0,0,0
998502546,0,27,-27
998601159,0,12,-12
998601292,0,0,0
999033574,0,2,-2
999800001,10,1,9
999800002,0,0,0
999800003,2,3,-1
999800004,0,9,-9
999800005,0,0,0
