ID,insum,outsum,diff
100000001,351,337,14
100000002,2,3,-1
100000003,24,27,-3
100000004,188,66,122
100000005,12,29,-17
100000006,0,0,0
100000007,0,0,0
100000008,0,2,-2
100000009,0,0,0
100000010,0,0,0
100000011,0,0,0
100000012,0,0,0
100000013,0,0,0
100000014,2,1,1
100000015,0,0,0
100000016,0,9,-9
100000017,5,4,1
100000018,0,5,-5
100000019,7,2,5
100000020,0,1,-1
100000021,11,13,-2
100000022,0,0,0
100000023,2,4,-2
100000025,180,339,-159
100000028,82,145,-63
100000029,2,2,0
100000030,1,0,1
100000031,95,118,-23
100000032,87,59,28
100000033,28,89,-61
100000034,403,286,117
100000035,1,6,-5
100000036,3,0,3
100000037,0,0,0
100000038,1,0,1
100000039,0,0,0
100000040,0,0,0
100000041,0,0,0
100000042,0,1,-1
100000043,0,0,0
100000044,1,1,0
100000045,0,2,-2
100000046,0,1,-1
100000047,0,0,0
100000048,1,8,-7
100000049,6,7,-1
100000051,0,0,0
100000053,0,0,0
100000054,0,0,0
100000055,0,0,0
100000056,0,1,-1
100000057,0,0,0
100000058,0,1,-1
100000059,0,0,0
100000060,0,0,0
100000061,1,0,1
100000062,0,0,0
100000063,0,0,0
100000064,0,0,0
100000065,4,21,-17
100000066,8,6,2
100000067,4,6,-2
100000068,6,13,-7
100000069,3,11,-8
100000072,0,0,0
100000073,13,20,-7
100000075,0,0,0
100000076,0,1,-1
100000077,0,0,0
100000078,0,0,0
100000079,0,0,0
100000080,0,0,0
100000081,0,0,0
100000102,0,0,0
100000103,0,1,-1
100000104,2,0,2
100000105,5,3,2
100000106,0,1,-1
100000107,0,0,0
100000108,40,57,-17
100000109,279,121,158
100000116,2,1,1
100000117,0,0,0
100000118,320,570,-250
100000119,9,113,-104
100000121,49,13,36
100000122,0,31,-31
100000123,155,86,69
100000124,642,234,408
100000125,68,23,45
100000126,5,17,-12
100000127,0,0,0
100000128,0,3,-3
100000129,5,54,-49
100000130,0,0,0
100000131,11,3,8
100000132,141,91,50
100000133,1106,272,834
100000135,0,0,0
100000139,0,0,0
100000140,8,32,-24
100000142,0,0,0
100000143,14,36,-22
100000144,32,17,15
100000147,61,231,-170
100000150,0,0,0
100000151,0,0,0
100000153,0,0,0
100000154,4,135,-131
100000155,0,0,0
100000156,0,0,0
100000157,0,0,0
100000158,0,0,0
100000159,0,0,0
100000165,147,35,112
100000169,0,3,-3
100000174,2,2,0
100000179,5,5,0
100000180,0,0,0
100000181,0,0,0
100000188,0,0,0
100000189,1,0,1
100000190,54,91,-37
100000191,0,0,0
100000192,0,0,0
100000193,0,0,0
100000330,0,0,0
100000355,1,9,-8
100000362,289,239,50
100000363,88,122,-34
100000364,0,0,0
100000365,584,518,66
100000366,864,512,352
100000367,477,682,-205
100000368,204,265,-61
100000369,0,0,0
100000370,0,0,0
100000376,0,0,0
100000379,83,46,37
100000380,87,158,-71
100000384,716,313,403
100000385,472,293,179
100000386,330,365,-35
100000387,453,190,263
100000388,2536,952,1584
100000389,1787,794,993
100000390,1719,418,1301
100000391,858,418,440
100000392,339,188,151
100000393,116,97,19
100000394,411,421,-10
100000395,193,90,103
100000396,339,517,-178
100000397,405,144,261
100000398,1975,1389,586
100900002,0,0,0
100900003,0,0,0
100900004,0,0,0
100900005,0,0,0
100900006,0,0,0
100900007,0,0,0
100900008,0,0,0
100900009,0,0,0
100900010,0,0,0
100900011,0,0,0
100900012,0,0,0
100900013,0,0,0
100900014,0,0,0
100900015,0,0,0
100900016,0,0,0
100900017,0,0,0
100900018,0,0,0
100900019,0,0,0
100900020,0,0,0
100900021,0,0,0
100900022,0,0,0
100900023,0,0,0
100900024,0,0,0
100900025,0,0,0
100900026,0,0,0
100900027,0,0,0
100900028,0,0,0
100900029,0,0,0
100900030,0,0,0
100900031,0,0,0
100900032,0,0,0
100900033,0,0,0
100900034,0,0,0
100900035,0,0,0
100900036,0,0,0
100900037,0,0,0
100900038,0,0,0
100900039,0,0,0
100900040,0,0,0
100900041,0,0,0
100900042,0,0,0
100900043,0,0,0
100900044,0,0,0
100900045,0,0,0
100900046,0,0,0
100900047,0,0,0
100900048,0,0,0
100900049,0,0,0
100900050,0,0,0
100900051,0,0,0
100900052,0,0,0
100900053,0,0,0
100900054,0,0,0
100900055,0,0,0
100900056,0,0,0
100900057,0,0,0
100900058,0,0,0
100900059,0,0,0
100900060,0,0,0
100900061,0,0,0
100900062,0,0,0
100900063,0,0,0
100900064,0,0,0
100900065,0,0,0
100900066,0,0,0
100900067,0,0,0
100900068,0,0,0
100900069,0,0,0
100900070,0,0,0
100900071,0,0,0
100900072,0,0,0
100900073,0,0,0
100900074,0,0,0
100900075,0,0,0
100900076,0,0,0
100900077,0,0,0
100900078,0,0,0
100900079,0,0,0
100900080,0,0,0
100900081,0,0,0
100900082,0,0,0
100900083,0,0,0
100900085,0,0,0
100900086,0,0,0
100900088,0,0,0
100900089,0,0,0
100900090,0,0,0
100900091,0,0,0
100900092,0,0,0
100900093,0,0,0
100900094,0,0,0
100900095,0,0,0
100900096,0,0,0
100900097,0,0,0
100900098,0,0,0
100900099,0,0,0
100900100,0,0,0
100900101,0,0,0
100900102,0,0,0
100900103,0,0,0
100900104,0,0,0
100900105,0,0,0
100900106,0,0,0
100900107,0,0,0
100900108,0,0,0
100900109,0,0,0
100900110,0,0,0
100900111,0,0,0
100900112,0,0,0
100900113,0,0,0
100900114,0,0,0
100900115,0,0,0
100900116,0,0,0
100900117,0,0,0
100900118,0,0,0
100900119,0,0,0
100900120,0,0,0
100900121,0,0,0
100900122,0,0,0
100900123,0,0,0
100900124,0,0,0
100900125,0,0,0
100900126,0,0,0
100900127,0,0,0
100900128,0,0,0
100900129,0,0,0
100900131,0,0,0
100900133,0,0,0
100900134,0,0,0
100900135,0,0,0
100900137,0,0,0
100900138,0,0,0
100900139,0,0,0
100900140,0,0,0
100900141,0,0,0
100900142,0,0,0
100900143,0,0,0
100900144,0,0,0
100900145,0,0,0
100900146,0,0,0
100900147,0,0,0
100900148,0,0,0
100900149,0,0,0
100900150,0,0,0
100900151,0,0,0
100900152,0,0,0
100900153,0,0,0
100900154,0,0,0
100900155,0,0,0
100900156,0,0,0
100900157,0,0,0
100900158,0,0,0
100900159,0,0,0
100900160,0,0,0
100900161,0,0,0
100900162,0,0,0
100900163,0,0,0
100900164,0,0,0
100900165,0,0,0
100900166,0,0,0
100900167,0,0,0
100900168,0,0,0
100900169,0,0,0
100900170,0,0,0
100900171,0,0,0
100900172,0,0,0
100900173,0,0,0
100900174,0,0,0
100900176,0,0,0
100900177,0,0,0
100900178,0,0,0
100900179,0,0,0
100900180,0,0,0
100900181,0,0,0
100900182,0,0,0
100900184,0,0,0
100900186,0,0,0
100900187,0,0,0
100900188,0,0,0
100900189,0,0,0
100900191,0,0,0
100900192,0,0,0
100900195,0,0,0
100900197,0,0,0
100900198,0,0,0
100900199,0,0,0
100900200,0,0,0
100900201,0,0,0
100900202,0,0,0
100900203,0,0,0
100900204,0,0,0
100900205,0,0,0
100900206,0,0,0
100900207,0,0,0
100900210,0,0,0
100900211,0,0,0
100900213,0,0,0
100900214,0,0,0
100900215,0,0,0
101000001,185,69,116
101000002,285,213,72
101000003,15,1,14
101000004,1069,123,946
101000005,626,344,282
101000006,342,190,152
101000007,328,301,27
101000008,418,129,289
101000009,22,84,-62
101000010,34,83,-49
101000011,123,15,108
101000012,0,0,0
101000013,66,76,-10
101000014,32,35,-3
101000015,40,69,-29
101000016,0,0,0
101000017,7,1,6
101000018,65,45,20
101000020,171,20,151
101000021,37,15,22
101000022,361,101,260
101000023,221,176,45
101000025,0,0,0
101000026,1,0,1
101000027,304,150,154
101000028,1,0,1
101000029,4,35,-31
101000030,69,4,65
101000031,0,0,0
101000032,106,151,-45
101000033,244,258,-14
101000034,308,133,175
101000035,81,5,76
101000036,24,32,-8
101000037,109,48,61
101000039,23,58,-35
101000040,231,144,87
101000041,288,107,181
101000042,4,48,-44
101000043,346,80,266
101000045,1,0,1
101000046,127,110,17
101000047,100,37,63
101000048,0,2,-2
101000049,1,7,-6
101000050,147,44,103
101000051,196,113,83
101000052,92,70,22
101000053,94,48,46
101000054,126,26,100
101000055,92,60,32
101000056,0,0,0
101000057,116,25,91
101000058,143,18,125
101000059,10,32,-22
101000060,72,17,55
101000061,18,17,1
101000062,105,20,85
101000063,0,7,-7
101000064,71,12,59
101000065,0,0,0
101000066,0,2,-2
101000067,32,36,-4
101000068,0,1,-1
101000069,1,2,-1
101000070,209,109,100
101000071,228,63,165
101000072,328,434,-106
101000073,4,5,-1
101000074,1207,485,722
101000075,2448,725,1723
101000077,150,118,32
101000078,78,75,3
101000079,107,69,38
101000080,38,35,3
101000081,58,25,33
101000082,72,51,21
101000083,32,24,8
101000084,26,54,-28
101000085,0,0,0
101000086,17,6,11
101000087,3,8,-5
101000088,0,0,0
101000089,0,1,-1
101000090,22,5,17
101000091,0,0,0
101000092,0,0,0
101000093,197,69,128
101000094,22,84,-62
101000095,2,54,-52
101000096,14,28,-14
101000097,13,11,2
101000098,13,64,-51
101000099,32,64,-32
101000100,42,34,8
101000101,12,42,-30
101000102,16,31,-15
101000103,22,17,5
101000104,13,36,-23
101000105,0,0,0
101000106,1,1,0
101000107,0,0,0
101000108,0,0,0
101000109,0,0,0
101000110,0,0,0
101000111,2,9,-7
101000113,3,3,0
101000114,304,42,262
101000115,0,0,0
101000116,0,0,0
101000117,0,0,0
101000119,3,0,3
101000120,0,0,0
101000121,0,0,0
101000122,0,0,0
101000123,1,0,1
101000124,3,0,3
101000125,2,2,0
101000128,150,156,-6
101000130,63,37,26
101000131,54,50,4
101000132,15,48,-33
101000135,0,0,0
101000136,4,0,4
101000137,0,0,0
101000141,155,45,110
101000147,31,43,-12
101000148,2,0,2
101000149,0,0,0
101000150,0,0,0
101000151,0,0,0
101000152,1,1,0
101000153,0,0,0
101000154,0,0,0
101000155,10,1,9
101000156,0,7,-7
101000157,0,1,-1
101000160,0,0,0
101000163,0,0,0
101000164,3,3,0
101000165,0,0,0
101000166,0,0,0
101000168,0,0,0
101000252,0,1,-1
101000254,176,26,150
101000258,0,0,0
101000261,0,0,0
101000262,32,83,-51
101000263,0,1,-1
101000265,4,20,-16
101000266,27,9,18
101000269,93,17,76
101000290,295,31,264
101000293,0,0,0
101000294,100,56,44
101000295,20,66,-46
101000301,25,11,14
101000304,114,158,-44
101000305,85,79,6
101900001,0,0,0
101900002,0,0,0
101900003,0,0,0
101900004,0,0,0
101900005,0,0,0
101900006,0,0,0
101900007,0,0,0
101900008,0,0,0
101900009,0,0,0
101900010,0,0,0
101900011,0,0,0
101900012,0,0,0
101900013,0,0,0
101900017,0,0,0
101900018,0,0,0
101900019,0,0,0
101900020,0,0,0
101900021,0,0,0
101900022,0,0,0
101900023,0,0,0
102000001,58,28,30
102000002,35,23,12
102000003,258,85,173
102000004,219,78,141
102000005,67,50,17
102000006,59,76,-17
102000007,85,71,14
102000008,193,133,60
102000009,300,181,119
102000010,299,257,42
102000011,112,131,-19
102000012,136,139,-3
102000018,8,3,5
102000019,0,0,0
102000026,1,1,0
102000029,0,0,0
102000030,0,0,0
102000031,0,0,0
102000032,0,1,-1
102000033,0,0,0
102000034,0,1,-1
102000035,0,0,0
102000036,0,0,0
102000037,0,1,-1
102000038,0,0,0
102000039,0,0,0
102000040,1,0,1
102000041,0,0,0
102000042,0,0,0
102000043,0,0,0
102000044,0,1,-1
102000045,7,1,6
102000046,1,0,1
102000047,0,3,-3
102000048,0,0,0
102000049,0,0,0
102000050,1,7,-6
102000051,0,0,0
102000052,2,4,-2
102000053,0,1,-1
102000054,1,2,-1
102000055,0,6,-6
102000056,0,1,-1
102000057,1,4,-3
102000058,3,4,-1
102000059,1,15,-14
102000060,1,0,1
102000061,2,14,-12
102000062,1,0,1
102000063,7,18,-11
102000064,9,51,-42
102000065,4,5,-1
102000066,89,40,49
102000067,85,194,-109
102000068,189,118,71
102000069,0,9,-9
102000070,1,1,0
102000071,307,574,-267
102000072,221,589,-368
102000073,0,39,-39
102000074,12,28,-16
102000075,0,15,-15
102000076,3,28,-25
102000077,2,74,-72
102000078,20,92,-72
102000079,7,6,1
102000080,3,12,-9
102000081,16,48,-32
102000082,32,66,-34
102000083,0,0,0
102000084,0,0,0
102000085,0,0,0
102000086,0,0,0
102000087,0,1,-1
102000088,0,0,0
102000089,0,0,0
102000090,0,0,0
102000091,2,0,2
102000092,0,0,0
102000093,0,2,-2
102000094,0,0,0
102000095,0,5,-5
102000096,0,0,0
102000097,15,18,-3
102000098,0,0,0
102000099,1,1,0
102000100,0,0,0
102000101,2,2,0
102000102,0,0,0
102000103,0,0,0
102000104,4,5,-1
102000105,0,1,-1
102000106,0,2,-2
102000107,2,0,2
102000108,0,1,-1
102000109,0,0,0
102000110,0,2,-2
102000111,0,1,-1
102000112,1,0,1
102000113,0,0,0
102000114,3,3,0
102000115,1,0,1
102000116,0,0,0
102000117,0,1,-1
102000118,0,0,0
102000119,2,2,0
102000120,0,0,0
102000121,1,4,-3
102000122,1,1,0
102000123,1,3,-2
102000124,3,4,-1
102000125,1,3,-2
102000126,0,0,0
102000127,3,2,1
102000128,0,1,-1
102000129,0,8,-8
102000130,1,5,-4
102000131,1,0,1
102000132,0,1,-1
102000133,41,53,-12
102000134,33,33,0
102000135,0,0,0
102000136,0,0,0
102000137,0,0,0
102000138,0,0,0
102000139,0,2,-2
102000140,0,0,0
102000141,0,1,-1
102000142,0,0,0
102000143,0,1,-1
102000144,0,0,0
102000145,0,0,0
102000146,0,1,-1
102000147,0,0,0
102000148,0,0,0
102000149,0,0,0
102000150,0,0,0
102000151,0,4,-4
102000152,0,0,0
102000153,1,3,-2
102000154,2,1,1
102000155,0,0,0
102000156,0,0,0
102000157,0,0,0
102000158,0,1,-1
102000159,3,0,3
102000161,116,159,-43
102000162,17,42,-25
102000163,0,0,0
102000164,2,1,1
102000165,26,24,2
102000166,1,4,-3
102000167,12,65,-53
102000168,11,5,6
102000169,12,51,-39
102000170,38,68,-30
102000171,6,10,-4
102000172,2,12,-10
102000173,7,4,3
102000174,0,0,0
102000175,0,0,0
102000176,0,0,0
102000178,0,1,-1
102000179,0,0,0
102000180,0,2,-2
102000181,0,0,0
102000182,0,0,0
102000183,0,5,-5
102000184,6,18,-12
102000185,1,0,1
102000186,0,11,-11
102000187,11,15,-4
102000188,0,1,-1
102000189,17,12,5
102000190,2,7,-5
102000191,0,0,0
102000192,3,18,-15
102000193,0,1,-1
102000194,0,2,-2
102000195,1,0,1
102000196,1,2,-1
102000197,0,1,-1
102000198,0,1,-1
102000199,0,3,-3
102000200,1,6,-5
102000201,1,4,-3
102000202,0,0,0
102000203,1,1,0
102000204,0,0,0
102000205,0,0,0
102000206,2,4,-2
102000207,0,0,0
102000208,1,1,0
102000209,0,0,0
102000210,0,0,0
102000211,0,0,0
102000212,0,0,0
102000213,0,2,-2
102000214,0,0,0
102000215,0,4,-4
102000216,0,0,0
102000217,0,1,-1
102000218,0,0,0
102000219,0,0,0
102000225,0,0,0
102000226,0,0,0
102000227,0,0,0
102000228,0,0,0
102000229,0,0,0
102000230,0,0,0
102000231,2,3,-1
102000232,0,0,0
102000233,0,1,-1
102000234,0,0,0
102000236,1,0,1
102000237,0,0,0
102000238,0,0,0
102000240,3,30,-27
102000241,1,0,1
102000243,0,0,0
102000245,0,0,0
102000246,0,0,0
102000247,0,42,-42
102000248,1,4,-3
102000249,5,5,0
102000250,2,21,-19
102000254,0,0,0
102000266,0,0,0
102000271,0,0,0
102000286,0,0,0
102000297,1,0,1
102000299,0,0,0
102000302,0,0,0
102000305,0,0,0
102000306,0,0,0
102000307,0,0,0
102000308,0,1,-1
102900001,0,0,0
102900002,0,0,0
102900003,0,0,0
102900005,0,0,0
102900006,0,0,0
102900007,0,0,0
102900008,0,0,0
102900009,0,0,0
102900010,0,0,0
102900011,0,0,0
102900012,0,0,0
102900013,0,0,0
102900015,0,0,0
102900016,0,0,0
102900017,0,0,0
102900018,0,0,0
102900019,0,0,0
102900020,0,0,0
102900021,0,0,0
102900022,0,0,0
102900023,0,0,0
102900024,0,0,0
102900025,0,0,0
102900026,0,0,0
102900027,0,0,0
102900028,0,0,0
102900029,0,0,0
102900030,0,0,0
102900031,0,0,0
102900032,0,0,0
102900033,0,0,0
102900034,0,0,0
102900035,0,0,0
102900036,0,0,0
102900037,0,0,0
102900038,0,0,0
102900039,0,0,0
102900040,0,0,0
102900041,0,0,0
102900042,0,0,0
102900043,0,0,0
102900044,0,0,0
102900045,0,0,0
102900046,0,0,0
102900047,0,0,0
102900048,0,0,0
102900049,0,0,0
102900050,0,0,0
102900051,0,0,0
102900052,0,0,0
102900053,0,0,0
102900054,0,0,0
102900055,0,0,0
102900056,0,0,0
102900057,0,0,0
102900058,0,0,0
102900059,0,0,0
102900060,0,0,0
102900061,0,0,0
102900062,0,0,0
102900063,0,0,0
102900064,0,0,0
102900065,0,0,0
102900066,0,0,0
102900068,0,0,0
102900070,0,0,0
102900072,0,0,0
102900073,0,0,0
102900074,0,0,0
102900075,0,0,0
102900076,0,0,0
102900077,0,0,0
102900078,0,0,0
102900079,0,0,0
102900080,0,0,0
102900081,0,0,0
102900082,0,0,0
102900083,0,0,0
102900084,0,0,0
102900085,0,0,0
102900086,0,0,0
102900087,0,0,0
102900088,0,0,0
102900089,0,0,0
102900090,0,0,0
102900091,0,0,0
102900092,0,0,0
102900093,0,0,0
102900094,0,0,0
102900095,0,0,0
102900096,0,0,0
102900097,0,0,0
103000001,184,160,24
103000002,40,69,-29
103000003,150,129,21
103000004,19,114,-95
103000005,32,31,1
103000006,15,30,-15
103000007,0,0,0
103000008,5,23,-18
103000009,0,0,0
103000010,0,0,0
103000011,85,119,-34
103000012,119,41,78
103000013,5,4,1
103000014,1,1,0
103000015,36,28,8
103000016,0,0,0
103000017,0,0,0
103000018,0,0,0
103000019,0,0,0
103000020,2,1,1
103000021,0,0,0
103000022,1,0,1
103000023,0,0,0
103000024,0,0,0
103000025,0,0,0
103000026,1,0,1
103000027,0,0,0
103000028,0,0,0
103000029,0,0,0
103000030,72,28,44
103000031,43,23,20
103000032,0,3,-3
103000033,1,0,1
103000034,86,91,-5
103000035,81,28,53
103000036,1,0,1
103000037,32,42,-10
103000038,52,18,34
103000039,0,0,0
103000040,0,0,0
103000041,5,5,0
103000042,2,1,1
103000043,0,0,0
103000044,0,0,0
103000046,0,0,0
103000047,0,0,0
103000048,0,0,0
103000049,0,0,0
103000050,0,0,0
103000051,0,0,0
103000052,0,0,0
103000053,0,0,0
103000054,4,2,2
103000055,0,0,0
103000056,0,2,-2
103000057,0,0,0
103000058,0,2,-2
103000059,0,1,-1
103000060,0,1,-1
103000061,0,0,0
103000062,0,0,0
103000063,0,0,0
103000064,2,0,2
103000065,0,0,0
103000066,0,0,0
103000069,0,0,0
103000070,0,1,-1
103000071,0,0,0
103000072,0,2,-2
103000073,0,0,0
103000074,0,0,0
103000075,0,0,0
103000076,0,0,0
103000077,0,0,0
103000078,1,0,1
103000079,0,0,0
103000080,1,0,1
103000081,0,1,-1
103000082,0,0,0
103000083,0,0,0
103000084,0,0,0
103000085,0,0,0
103000086,16,7,9
103000087,1,29,-28
103000088,0,0,0
103000089,0,0,0
103000090,91,96,-5
103000091,30,28,2
103000092,0,1,-1
103000093,0,3,-3
103000094,0,0,0
103000095,0,1,-1
103000096,1,0,1
103000097,0,3,-3
103000098,1,0,1
103000099,0,1,-1
103000100,0,0,0
103000101,0,0,0
103000102,0,1,-1
103000103,0,0,0
103000104,0,0,0
103000105,0,0,0
103000106,0,0,0
103000107,0,0,0
103000108,0,0,0
103000109,0,0,0
103000110,81,57,24
103000111,0,0,0
103000112,0,0,0
103000113,0,0,0
103000114,0,0,0
103000115,0,0,0
103000116,0,0,0
103000117,0,0,0
103000118,0,0,0
103000119,0,0,0
103000120,0,0,0
103000121,0,0,0
103000122,0,0,0
103000125,0,0,0
103000126,0,0,0
103000127,0,0,0
103000128,0,0,0
103000129,0,0,0
103000130,0,0,0
103000131,0,0,0
103000132,0,0,0
103000133,0,0,0
103000134,39,60,-21
103000135,17,7,10
103000136,31,54,-23
103000137,23,32,-9
103000138,89,46,43
103000139,0,0,0
103000140,0,0,0
103000141,0,0,0
103000142,0,0,0
103000143,0,0,0
103000144,2,0,2
103000145,0,0,0
103000150,0,0,0
103000152,0,0,0
103000153,0,0,0
103000156,0,0,0
103000157,0,0,0
103000159,0,0,0
103000162,0,0,0
103000163,0,0,0
103000164,0,0,0
103000165,0,0,0
103000166,0,0,0
103000167,0,0,0
103000168,0,0,0
103000169,0,0,0
103000170,1,1,0
103000171,0,0,0
103000172,0,0,0
103000173,6,7,-1
103000174,0,0,0
103000175,3,9,-6
103000176,0,0,0
103000177,4,1,3
103000178,0,2,-2
103000179,0,0,0
103000183,0,0,0
103000185,0,0,0
103000186,0,0,0
103000187,2,2,0
103000188,0,0,0
103000189,0,1,-1
103000191,0,0,0
103000292,0,0,0
103000293,0,0,0
103000295,0,0,0
103000296,0,0,0
103000297,0,0,0
103000504,0,0,0
103000505,0,0,0
103000506,0,0,0
103000507,0,0,0
103000508,0,0,0
103000509,0,17,-17
103900001,0,0,0
103900002,0,0,0
103900003,0,0,0
103900004,0,0,0
103900005,0,0,0
103900006,0,0,0
103900007,0,0,0
103900008,0,0,0
103900009,0,0,0
103900010,0,0,0
103900011,0,0,0
103900012,0,0,0
103900013,0,0,0
103900014,0,0,0
103900015,0,0,0
103900016,0,0,0
103900017,0,0,0
103900018,0,0,0
103900019,0,0,0
103900020,0,0,0
103900021,0,0,0
103900022,0,0,0
103900023,0,0,0
103900024,0,0,0
103900025,0,0,0
103900026,0,0,0
103900027,0,0,0
103900028,0,0,0
103900029,0,0,0
103900030,0,0,0
103900031,0,0,0
103900032,0,0,0
103900033,0,0,0
103900034,0,0,0
103900035,0,0,0
103900036,0,0,0
103900037,0,0,0
103900038,0,0,0
103900039,0,0,0
103900040,0,0,0
103900041,0,0,0
103900042,0,0,0
103900043,0,0,0
103900044,0,0,0
103900045,0,0,0
103900047,0,0,0
103900048,0,0,0
103900049,0,0,0
103900050,0,0,0
103900051,0,0,0
103900052,0,0,0
103900053,0,0,0
103900054,0,0,0
103900055,0,0,0
103900056,0,0,0
103900057,0,0,0
103900058,0,0,0
103900059,0,0,0
103900060,0,0,0
103900061,0,0,0
103900062,0,0,0
103900063,0,0,0
103900064,0,0,0
103900065,0,0,0
103900066,0,0,0
103900067,0,0,0
103900068,0,0,0
103900069,0,0,0
103900070,0,0,0
103900071,0,0,0
103900072,0,0,0
103900073,0,0,0
103900074,0,0,0
103900075,0,0,0
103900076,0,0,0
103900077,0,0,0
103900078,0,0,0
103900079,0,0,0
103900080,0,0,0
103900081,0,0,0
103900082,0,0,0
103900083,0,0,0
103900084,0,0,0
103900085,0,0,0
103900086,0,0,0
103900087,0,0,0
103900088,0,0,0
103900089,0,0,0
103900090,0,0,0
103900091,0,0,0
103900092,0,0,0
103900093,0,0,0
103900094,0,0,0
103900095,0,0,0
103900096,0,0,0
103900097,0,0,0
103900098,0,0,0
103900099,0,0,0
103900100,0,0,0
103900101,0,0,0
103900102,0,0,0
103900104,0,0,0
103900105,0,0,0
103900106,0,0,0
103900107,0,0,0
103900108,0,4,-4
103900109,0,0,0
103900110,0,0,0
103900111,0,0,0
103900112,0,0,0
103900113,0,0,0
103900114,0,0,0
103900115,1,0,1
103900116,0,0,0
103900117,0,0,0
103900119,0,0,0
103900120,0,0,0
103900122,0,0,0
103900123,0,0,0
103900124,0,0,0
103900125,0,0,0
103900126,0,0,0
103900127,0,0,0
103900128,0,0,0
103900131,0,0,0
103900133,0,0,0
103900134,0,0,0
103900135,0,0,0
103900137,0,0,0
103900138,0,0,0
103900139,0,0,0
103900140,0,0,0
103900141,0,0,0
103900142,0,0,0
103900143,0,0,0
103900144,0,0,0
103900145,0,0,0
103900146,0,0,0
103900147,0,0,0
103900148,0,0,0
103900149,0,0,0
103900150,0,0,0
103900151,0,0,0
103900152,0,0,0
103900153,0,0,0
103900154,0,1,-1
103900155,0,0,0
103900156,0,0,0
103900157,0,0,0
103900158,0,0,0
103900159,0,0,0
103900160,0,0,0
103900161,0,0,0
103900162,0,0,0
103900163,0,0,0
103900164,0,0,0
103900167,0,0,0
103900168,0,0,0
103900169,0,0,0
103900170,0,0,0
103900171,0,0,0
103900172,0,0,0
103900173,0,0,0
103900174,0,0,0
103900175,0,0,0
103900176,0,0,0
103900177,0,0,0
103900178,0,0,0
103900179,0,0,0
103900180,0,0,0
103900181,0,0,0
103900182,0,0,0
103900184,0,0,0
103900185,0,0,0
103900187,0,0,0
103900188,0,0,0
103900189,0,0,0
103900190,0,0,0
103900191,0,0,0
103900192,0,0,0
103900193,0,0,0
103900194,0,0,0
103900195,0,0,0
103900196,0,0,0
103900197,0,0,0
103900198,0,0,0
103900199,0,0,0
103900200,0,0,0
103900201,0,0,0
103900202,0,0,0
103900203,0,0,0
103900204,0,0,0
103900207,0,0,0
103900208,0,0,0
103900209,0,0,0
103900210,0,0,0
103900211,0,0,0
103900212,0,0,0
103900213,5,115,-110
103900214,18,18,0
103900215,122,96,26
103900216,0,0,0
103900217,0,0,0
103900218,0,0,0
103900219,0,0,0
103900233,0,0,0
103900235,0,0,0
103900236,0,0,0
103900242,0,0,0
103900243,0,0,0
103900244,0,0,0
103900245,0,0,0
103900246,0,0,0
103900247,0,0,0
103900248,0,0,0
103900249,0,0,0
103900250,0,0,0
103900251,0,0,0
103900253,0,0,0
103900254,0,0,0
103900255,0,0,0
103900256,0,0,0
103900257,0,0,0
103900258,0,0,0
103900259,0,0,0
103900261,0,0,0
103900262,0,0,0
103900263,0,0,0
103900264,0,0,0
103900265,0,0,0
103900266,0,0,0
103900267,0,0,0
104000001,109,202,-93
104000002,68,173,-105
104000003,88,350,-262
104000004,416,133,283
104000005,28,148,-120
104000006,76,162,-86
104000007,282,177,105
104000008,333,204,129
104000009,39,79,-40
104000010,0,0,0
104000011,17,22,-5
104000012,6,23,-17
104000013,0,0,0
104000014,5,49,-44
104000015,0,0,0
104000016,2,3,-1
104000018,0,0,0
104000019,18,4,14
104000020,19,50,-31
104000021,13,54,-41
104000022,11,25,-14
104000023,0,0,0
104000024,0,0,0
104000026,0,0,0
104000027,27,126,-99
104000028,35,41,-6
104000029,76,128,-52
104000030,10,68,-58
104000031,1,0,1
104000032,0,10,-10
104000033,0,0,0
104000034,2,11,-9
104000035,0,0,0
104000036,2,0,2
104000037,0,15,-15
104000038,0,0,0
104000039,1,43,-42
104000040,5,27,-22
104000041,1,0,1
104000042,0,1,-1
104000043,0,0,0
104000044,1,1,0
104000045,0,0,0
104000046,1,0,1
104000047,23,278,-255
104000048,278,471,-193
104000049,0,0,0
104000050,0,0,0
104000051,0,0,0
104000052,36,71,-35
104000053,18,29,-11
104000054,0,2,-2
104000055,88,62,26
104000056,1,0,1
104000057,0,0,0
104000058,51,50,1
104000059,6,66,-60
104000060,42,57,-15
104000061,8,26,-18
104000062,0,0,0
104000064,0,0,0
104000065,0,0,0
104000069,29,1,28
104000070,0,0,0
104000071,0,1,-1
104000072,0,0,0
104000075,0,0,0
104000076,0,0,0
104000082,153,117,36
104000083,6,2,4
104000084,0,5,-5
104000085,0,0,0
104000086,0,1,-1
104000087,1,0,1
104000090,1,1,0
104000092,1,1,0
104000094,1,2,-1
104000095,118,143,-25
104000096,0,0,0
104000097,0,0,0
104000098,0,0,0
104000100,0,0,0
104000101,19,77,-58
104000106,0,0,0
104000107,2,0,2
104000108,0,0,0
104000109,0,0,0
104000110,0,0,0
104000111,4,0,4
104000112,3,0,3
104000116,0,0,0
104000117,0,0,0
104000118,0,0,0
104000119,0,0,0
104000120,0,0,0
104000121,0,0,0
104000122,1,4,-3
104000123,68,118,-50
104000124,362,500,-138
104000125,2,6,-4
104000126,0,1,-1
104000127,77,182,-105
104000128,2,1,1
104000129,0,0,0
104000130,0,0,0
104000131,202,66,136
104000132,62,80,-18
104000133,0,2,-2
104000134,94,107,-13
104000135,25,53,-28
104000136,320,212,108
104000137,564,90,474
104000138,0,1,-1
104000139,1066,318,748
104000141,155,281,-126
104000142,45,61,-16
104000143,23,99,-76
104000144,1,0,1
104000145,0,0,0
104000146,11,37,-26
104000147,4,18,-14
104000148,0,0,0
104000149,1,22,-21
104000150,0,0,0
104000151,3,25,-22
104000152,1,27,-26
104000153,0,0,0
104000154,19,13,6
104000155,0,0,0
104000157,8,16,-8
104000158,11,35,-24
104000159,16,19,-3
104000160,529,218,311
104000161,0,0,0
104000162,0,0,0
104000165,1,3,-2
104000167,0,0,0
104000168,0,0,0
104000169,0,0,0
104000170,2,1,1
104000248,0,0,0
104000251,4,11,-7
104000272,13,2,11
104000273,6,2,4
104000274,7,3,4
104000275,17,3,14
104000279,17,1,16
104000290,0,0,0
104000291,23,81,-58
104000293,0,0,0
104000294,0,0,0
104000295,21,41,-20
104000296,22,37,-15
104000297,72,49,23
104000298,58,58,0
104000299,34,73,-39
104900001,0,0,0
104900002,0,0,0
104900003,0,0,0
104900004,0,0,0
104900005,0,0,0
104900006,0,0,0
104900007,0,0,0
104900009,0,0,0
104900010,0,0,0
104900011,0,0,0
104900012,0,0,0
104900013,0,0,0
104900014,0,0,0
104900015,0,0,0
104900016,0,0,0
104900017,0,0,0
104900018,0,0,0
104900019,0,0,0
104900020,0,0,0
104900021,0,0,0
104900022,0,0,0
104900023,0,0,0
104900024,0,0,0
104900025,0,0,0
104900026,0,0,0
104900027,0,0,0
104900028,0,0,0
104900029,0,0,0
104900030,0,0,0
104900031,0,0,0
104900032,0,0,0
104900033,0,0,0
104900034,0,0,0
104900035,0,0,0
104900036,0,0,0
104900037,0,0,0
104900038,0,0,0
104900039,0,0,0
104900040,0,0,0
104900041,0,0,0
104900042,0,0,0
104900043,0,0,0
104900044,0,0,0
104900045,0,0,0
104900046,0,0,0
104900047,0,0,0
104900048,0,0,0
104900049,0,0,0
104900050,0,0,0
104900051,0,0,0
104900052,0,0,0
104900053,0,0,0
104900054,0,0,0
104900055,0,0,0
104900056,0,0,0
104900057,0,0,0
104900058,0,0,0
104900059,0,0,0
104900060,0,0,0
104900061,0,0,0
104900063,0,0,0
104900064,0,0,0
104900065,0,0,0
104900066,0,0,0
104900067,0,0,0
104900068,0,0,0
104900070,0,0,0
104900071,0,0,0
104900072,0,0,0
104900073,0,0,0
104900074,0,0,0
104900075,0,0,0
104900076,0,0,0
104900077,0,0,0
104900078,0,0,0
104900079,0,0,0
104900080,0,0,0
104900082,0,0,0
104900085,0,0,0
104900087,0,0,0
104900089,0,0,0
104900090,0,0,0
104900091,0,0,0
104900093,0,0,0
104900097,0,0,0
104900098,0,0,0
104900099,0,0,0
104900100,0,0,0
104900102,0,0,0
104900103,0,0,0
104900104,0,0,0
104900106,0,0,0
104900107,0,0,0
104900108,0,0,0
104900109,0,0,0
104900110,0,0,0
104900111,0,0,0
104900112,0,0,0
104900113,0,0,0
104900114,0,0,0
104900115,0,0,0
104900116,0,0,0
104900118,0,0,0
104900119,0,0,0
104900120,0,0,0
104900121,0,0,0
104900122,0,0,0
104900123,0,0,0
104900124,0,0,0
104900125,0,0,0
104900126,0,0,0
104900127,0,0,0
104900128,0,0,0
104900129,0,0,0
105000001,96,166,-70
105000002,30,122,-92
105000003,69,191,-122
105000004,29,62,-33
105000005,22,86,-64
105000006,24,143,-119
105000007,6,71,-65
105000008,5,233,-228
105000009,37,16,21
105000010,305,459,-154
105000011,66,23,43
105000012,321,650,-329
105000013,34,15,19
105000014,117,51,66
105000015,342,140,202
105000016,157,139,18
105000017,70,63,7
105000018,0,1,-1
105000019,0,0,0
105000020,0,0,0
105000021,0,0,0
105000022,0,0,0
105000023,0,0,0
105000028,0,0,0
105000029,0,9,-9
105000030,231,509,-278
105000033,62,461,-399
105000034,0,0,0
105000037,0,0,0
105000038,84,55,29
105000039,181,201,-20
105000040,15,25,-10
105000041,18,194,-176
105000042,87,49,38
105000043,121,334,-213
105000044,18,18,0
105000045,12,160,-148
105000046,39,12,27
105000047,28,106,-78
105000048,0,0,0
105000049,6,16,-10
105000050,0,0,0
105000051,1,3,-2
105000052,0,0,0
105000053,0,1,-1
105000054,0,0,0
105000055,0,0,0
105000056,0,0,0
105000057,0,0,0
105000058,1,0,1
105000059,0,0,0
105000060,0,0,0
105000061,0,0,0
105000062,0,0,0
105000063,0,0,0
105000064,0,3,-3
105000065,0,0,0
105000066,0,0,0
105000067,1,0,1
105000068,0,0,0
105000069,1,0,1
105000070,0,0,0
105000071,0,0,0
105000072,0,0,0
105000073,1,0,1
105000074,1,1,0
105000075,10,8,2
105000076,62,46,16
105000077,249,34,215
105000078,1,0,1
105000079,1,7,-6
105000080,1,2,-1
105000081,13,12,1
105000082,2,2,0
105000083,0,1,-1
105000084,0,4,-4
105000085,1,0,1
105000086,1,1,0
105000087,5,4,1
105000088,0,0,0
105000089,27,53,-26
105000090,20,23,-3
105000091,46,30,16
105000092,7,11,-4
105000093,0,0,0
105000094,0,0,0
105000095,0,0,0
105000096,0,0,0
105000097,7,23,-16
105000098,0,0,0
105000099,3,26,-23
105000100,3,7,-4
105000101,2,4,-2
105000102,6,16,-10
105000103,3,8,-5
105000104,6,8,-2
105000105,1,2,-1
105000106,9,19,-10
105000107,1,1,0
105000108,1,0,1
105000109,3,23,-20
105000110,3,1,2
105000111,1,0,1
105000112,1,0,1
105000113,1,0,1
105000114,0,1,-1
105000115,0,0,0
105000116,0,0,0
105000117,1,1,0
105000118,0,1,-1
105000119,1,3,-2
105000120,0,2,-2
105000121,3,7,-4
105000122,2,2,0
105000123,0,1,-1
105000124,2,7,-5
105000125,1,2,-1
105000126,6,5,1
105000127,1,2,-1
105000128,0,7,-7
105000129,1,0,1
105000130,0,0,0
105000131,1,2,-1
105000132,1,2,-1
105000133,2,11,-9
105000134,0,0,0
105000135,2,3,-1
105000136,0,0,0
105000137,0,0,0
105000138,0,0,0
105000139,7,9,-2
105000140,0,0,0
105000141,0,5,-5
105000142,0,0,0
105000143,1,14,-13
105000144,1,25,-24
105000145,0,0,0
105000146,15,20,-5
105000147,0,0,0
105000148,0,0,0
105000149,0,0,0
105000150,31,31,0
105000151,0,0,0
105000152,3,8,-5
105000153,0,0,0
105000154,1,7,-6
105000155,0,0,0
105000156,0,4,-4
105000157,1,14,-13
105000158,0,0,0
105000159,1,12,-11
105000160,0,0,0
105000161,2,12,-10
105000162,0,0,0
105000163,2,5,-3
105000164,0,1,-1
105000165,0,0,0
105000166,37,0,37
105000167,0,18,-18
105000168,0,22,-22
105000169,21,59,-38
105000170,0,0,0
105000171,0,0,0
105000172,0,0,0
105000173,0,0,0
105000174,0,0,0
105000175,0,0,0
105000176,0,0,0
105000177,0,0,0
105000178,0,0,0
105000179,0,0,0
105000180,0,0,0
105000181,0,0,0
105000182,0,0,0
105000183,0,0,0
105000184,164,210,-46
105000185,1,0,1
105000186,13,154,-141
105000187,0,0,0
105000188,0,0,0
105000189,10,94,-84
105000190,0,0,0
105000191,1,13,-12
105000192,0,0,0
105000193,19,41,-22
105000194,0,1,-1
105000195,11,76,-65
105000196,0,0,0
105000197,10,78,-68
105000198,35,95,-60
105000199,11,7,4
105000200,0,3,-3
105000201,3,1,2
105000203,0,0,0
105000204,0,0,0
105000205,0,0,0
105000207,42,22,20
105000208,0,0,0
105000209,7,18,-11
105000212,1,1,0
105000213,3,0,3
105000214,0,0,0
105000215,1,8,-7
105000216,6,35,-29
105000217,6,54,-48
105000218,1,4,-3
105000221,0,0,0
105000222,0,0,0
105000223,0,1,-1
105000226,0,0,0
105000227,0,0,0
105000228,0,8,-8
105000229,0,0,0
105000231,0,0,0
105000233,57,40,17
105000234,24,137,-113
105000235,0,0,0
105000237,0,0,0
105000243,0,1,-1
105000248,0,1,-1
105000262,0,0,0
105000269,0,0,0
105000270,0,3,-3
105000271,0,0,0
105000282,0,0,0
105000287,0,0,0
105000288,0,0,0
105000289,24,62,-38
105000290,0,0,0
105000402,1,3,-2
105000426,9,3,6
105000438,0,1,-1
105000446,252,465,-213
105000447,80,36,44
105000454,0,0,0
105000455,2,1,1
105000474,0,0,0
105000477,0,0,0
105000478,40,61,-21
105000479,0,0,0
105000480,65,86,-21
105000481,109,86,23
105000482,219,411,-192
105000483,73,138,-65
105000484,103,476,-373
105000485,168,239,-71
105000486,493,438,55
105000488,90,307,-217
105000489,1,1,0
105000549,0,0,0
105000550,12,34,-22
105000551,0,1,-1
105000552,327,188,139
105900001,0,0,0
105900002,0,0,0
105900003,0,0,0
105900004,0,0,0
105900005,0,0,0
105900006,0,0,0
105900007,0,0,0
105900008,0,0,0
105900009,0,0,0
105900011,0,0,0
105900012,0,0,0
105900013,0,0,0
105900014,0,0,0
105900015,0,0,0
105900016,0,0,0
105900017,0,0,0
105900018,0,0,0
105900019,0,0,0
105900020,0,0,0
105900021,0,0,0
105900022,0,0,0
105900023,0,0,0
105900024,0,0,0
105900025,0,0,0
105900026,0,0,0
105900027,0,0,0
105900028,0,0,0
105900029,0,0,0
105900030,0,0,0
105900031,0,0,0
105900032,0,0,0
105900033,0,0,0
105900034,0,0,0
105900035,0,0,0
105900036,0,0,0
105900037,0,0,0
105900038,0,0,0
105900039,0,0,0
105900040,0,0,0
105900041,0,0,0
105900042,0,0,0
105900043,0,0,0
105900044,0,0,0
105900045,0,0,0
105900046,0,0,0
105900047,0,0,0
105900048,0,0,0
105900050,0,0,0
105900051,0,0,0
105900052,0,0,0
105900053,0,0,0
105900054,0,0,0
105900056,0,0,0
105900057,0,0,0
105900058,0,0,0
105900059,0,0,0
106000001,108,16,92
106000002,279,339,-60
106000003,111,38,73
106000004,328,341,-13
106000005,130,48,82
106000006,381,462,-81
106000007,110,65,45
106000008,117,172,-55
106000009,51,23,28
106000010,103,172,-69
106000011,32,43,-11
106000012,37,140,-103
106000013,98,74,24
106000014,220,215,5
106000015,36,85,-49
106000016,194,226,-32
106000017,153,70,83
106000018,337,273,64
106000019,37,25,12
106000020,19,146,-127
106000021,24,30,-6
106000022,43,111,-68
106000023,37,24,13
106000024,51,158,-107
106000025,48,47,1
106000026,63,100,-37
106000027,24,47,-23
106000028,68,156,-88
106000029,133,219,-86
106000030,0,0,0
106000034,0,1,-1
106000035,1,1,0
106000036,1,2,-1
106000037,71,92,-21
106000038,0,0,0
106000039,1,0,1
106000040,3,40,-37
106000041,0,1,-1
106000043,1,0,1
106000046,0,0,0
106000047,0,0,0
106000049,2,0,2
106000050,27,272,-245
106000051,0,0,0
106000052,6,156,-150
106000053,0,0,0
106000054,70,138,-68
106000055,0,0,0
106000056,60,217,-157
106000057,0,0,0
106000058,12,105,-93
106000059,0,0,0
106000060,47,191,-144
106000061,0,1,-1
106000062,20,99,-79
106000063,0,3,-3
106000064,13,146,-133
106000065,1,0,1
106000066,10,45,-35
106000067,0,0,0
106000068,7,152,-145
106000069,0,0,0
106000070,18,156,-138
106000071,0,0,0
106000072,60,108,-48
106000073,4,2,2
106000074,6,40,-34
106000075,0,3,-3
106000076,1,5,-4
106000077,40,79,-39
106000078,16,64,-48
106000079,0,5,-5
106000080,30,54,-24
106000081,1,6,-5
106000082,73,38,35
106000083,1,11,-10
106000084,3,19,-16
106000085,3,2,1
106000086,1,2,-1
106000087,4,13,-9
106000088,0,16,-16
106000089,4,22,-18
106000090,0,20,-20
106000091,6,9,-3
106000092,0,1,-1
106000093,0,0,0
106000094,1,21,-20
106000095,3,52,-49
106000096,10,103,-93
106000097,1,88,-87
106000098,4,125,-121
106000099,2,85,-83
106000100,2,0,2
106000101,0,0,0
106000102,0,86,-86
106000103,2,66,-64
106000104,49,52,-3
106000105,2,25,-23
106000106,9,1,8
106000107,1,28,-27
106000108,18,0,18
106000109,0,31,-31
106000110,11,0,11
106000111,0,52,-52
106000112,14,4,10
106000113,4,54,-50
106000114,3,4,-1
106000115,0,42,-42
106000116,13,1,12
106000117,1,6,-5
106000118,1,2,-1
106000119,10,11,-1
106000120,0,0,0
106000121,0,1,-1
106000122,0,1,-1
106000123,0,0,0
106000124,0,0,0
106000125,0,0,0
106000126,0,0,0
106000127,0,1,-1
106000128,0,2,-2
106000129,16,21,-5
106000130,0,0,0
106000131,1,32,-31
106000132,0,0,0
106000133,102,53,49
106000134,1,0,1
106000135,8,41,-33
106000136,0,0,0
106000137,2,99,-97
106000138,0,0,0
106000139,0,0,0
106000140,3,31,-28
106000141,3,34,-31
106000142,0,0,0
106000143,1,29,-28
106000144,0,0,0
106000145,9,55,-46
106000146,0,0,0
106000147,0,3,-3
106000148,1,11,-10
106000149,0,0,0
106000150,3,37,-34
106000151,14,2,12
106000152,3,8,-5
106000153,0,2,-2
106000154,0,1,-1
106000155,0,0,0
106000156,7,3,4
106000157,7,73,-66
106000158,39,15,24
106000159,109,76,33
106000160,4,30,-26
106000161,25,44,-19
106000162,0,11,-11
106000163,6,22,-16
106000164,2,6,-4
106000165,7,24,-17
106000166,2,8,-6
106000167,18,81,-63
106000168,0,3,-3
106000169,3,33,-30
106000170,6,0,6
106000171,0,37,-37
106000172,7,14,-7
106000173,5,133,-128
106000174,8,30,-22
106000175,7,92,-85
106000176,0,1,-1
106000177,37,135,-98
106000178,2,2,0
106000179,36,114,-78
106000180,44,151,-107
106000181,8,139,-131
106000182,1,3,-2
106000183,2,0,2
106000184,1,3,-2
106000185,7,65,-58
106000186,1,0,1
106000187,4,76,-72
106000188,0,2,-2
106000189,0,0,0
106000190,0,0,0
106000191,0,0,0
106000192,0,4,-4
106000193,0,3,-3
106000194,2,13,-11
106000195,0,0,0
106000196,0,5,-5
106000197,0,1,-1
106000198,0,6,-6
106000199,4,3,1
106000200,0,6,-6
106000201,0,0,0
106000202,162,9,153
106000203,3,27,-24
106000204,0,0,0
106000205,11,25,-14
106000206,0,0,0
106000207,6,128,-122
106000208,20,1,19
106000209,14,0,14
106000210,8,122,-114
106000211,40,166,-126
106000212,34,2,32
106000213,10,41,-31
106000214,4,0,4
106000215,0,1,-1
106000216,2,1,1
106000217,0,0,0
106000218,0,2,-2
106000219,0,0,0
106000220,0,0,0
106000221,0,0,0
106000222,0,0,0
106000223,0,0,0
106000224,0,0,0
106000225,0,0,0
106000226,0,0,0
106000228,1,26,-25
106000229,1,70,-69
106000231,0,0,0
106000232,4,38,-34
106000233,0,0,0
106000234,1,16,-15
106000235,0,0,0
106000236,1,3,-2
106000237,0,1,-1
106000238,0,0,0
106000239,0,7,-7
106000240,0,0,0
106000241,0,115,-115
106000242,3,0,3
106000249,0,0,0
106000250,0,30,-30
106000251,0,0,0
106000252,0,0,0
106000253,0,0,0
106000254,0,0,0
106000255,0,0,0
106000256,0,0,0
106000257,0,2,-2
106000258,0,0,0
106000259,0,1,-1
106000260,0,0,0
106000261,0,0,0
106000262,0,0,0
106000263,0,0,0
106000264,0,0,0
106000265,0,0,0
106000266,0,0,0
106000267,0,0,0
106000268,0,0,0
106000269,0,1,-1
106000270,21,67,-46
106000271,0,0,0
106000272,0,0,0
106000273,0,1,-1
106000274,4,0,4
106000275,0,0,0
106000276,1,0,1
106000277,1,0,1
106000278,0,2,-2
106000279,0,0,0
106000280,0,0,0
106000281,0,0,0
106000282,0,0,0
106000283,0,0,0
106000284,0,0,0
106000285,0,0,0
106000286,0,0,0
106000287,0,0,0
106000288,0,0,0
106000289,0,0,0
106000290,0,0,0
106000291,0,0,0
106000292,0,0,0
106000293,0,0,0
106000294,0,0,0
106000295,0,0,0
106000296,0,0,0
106000297,0,0,0
106000298,0,0,0
106000299,0,0,0
106000300,0,0,0
106000301,0,0,0
106000303,0,0,0
106000304,0,0,0
106000305,0,0,0
106000306,0,0,0
106000307,0,0,0
106000308,0,0,0
106000309,0,0,0
106000310,8,29,-21
106000311,0,0,0
106000312,7,12,-5
106000313,0,0,0
106000318,0,0,0
106000319,32,0,32
106000320,0,0,0
106000321,0,0,0
106000322,0,0,0
106000324,0,1,-1
106000325,36,37,-1
106000326,65,236,-171
106000327,0,0,0
106000328,0,1,-1
106000329,0,0,0
106000330,0,1,-1
106000428,0,0,0
106000429,21,78,-57
106000430,37,147,-110
106000431,1,0,1
106000432,148,282,-134
106000433,99,5,94
106000434,67,3,64
106000435,253,302,-49
106000436,0,21,-21
106000437,0,0,0
106000438,0,0,0
106000439,6,45,-39
106000440,0,0,0
106000441,0,0,0
106000442,0,0,0
106000443,0,5,-5
106000450,1,21,-20
106000451,0,0,0
106000454,0,1,-1
106000455,0,40,-40
106000456,0,0,0
106000457,2,126,-124
106000458,0,0,0
106000459,1,62,-61
106000460,0,0,0
106000461,2,199,-197
106000462,0,4,-4
106000463,0,0,0
106000464,0,20,-20
106000465,0,0,0
106000466,0,27,-27
106000467,40,116,-76
106000468,0,0,0
106000469,0,0,0
106000470,9,29,-20
106000471,1,69,-68
106000472,0,0,0
106000473,0,0,0
106000474,36,90,-54
106000475,12,30,-18
106000476,1,0,1
106000477,0,14,-14
106900001,0,0,0
106900002,0,0,0
106900003,0,0,0
106900004,0,0,0
106900006,0,0,0
106900007,0,0,0
106900008,0,0,0
106900009,0,0,0
106900010,0,0,0
106900012,0,0,0
106900013,0,0,0
106900014,0,0,0
106900015,0,0,0
106900016,0,0,0
106900017,0,0,0
106900018,0,0,0
106900019,0,0,0
106900020,0,0,0
106900021,0,0,0
106900022,0,0,0
106900023,0,0,0
106900024,0,0,0
106900025,0,0,0
106900026,0,0,0
106900027,0,0,0
107000001,133,129,4
107000002,213,681,-468
107000003,275,193,82
107000004,537,916,-379
107000005,96,101,-5
107000006,370,866,-496
107000007,329,204,125
107000008,2509,1849,660
107000009,112,101,11
107000010,1497,639,858
107000011,33,26,7
107000012,57,59,-2
107000013,0,14,-14
107000014,0,21,-21
107000015,16,58,-42
107000016,7,100,-93
107000017,20,7,13
107000018,1,11,-10
107000020,0,0,0
107000021,24,13,11
107000022,0,40,-40
107000023,22,3,19
107000024,3,66,-63
107000025,4,16,-12
107000026,0,21,-21
107000027,50,24,26
107000028,8,49,-41
107000029,44,24,20
107000030,30,167,-137
107000031,39,40,-1
107000032,0,0,0
107000033,108,315,-207
107000034,133,86,47
107000035,0,0,0
107000036,0,2,-2
107000037,0,1,-1
107000038,4,22,-18
107000039,0,0,0
107000040,4,24,-20
107000041,0,0,0
107000042,22,43,-21
107000043,0,1,-1
107000044,13,20,-7
107000045,0,12,-12
107000046,0,0,0
107000047,5,29,-24
107000048,0,0,0
107000049,2,28,-26
107000050,0,0,0
107000051,30,99,-69
107000052,1,0,1
107000053,18,16,2
107000054,14,102,-88
107000055,16,9,7
107000056,23,86,-63
107000057,49,79,-30
107000058,0,1,-1
107000059,22,82,-60
107000060,1,0,1
107000061,50,86,-36
107000062,0,0,0
107000063,19,87,-68
107000064,0,1,-1
107000065,33,87,-54
107000066,0,0,0
107000067,0,0,0
107000068,0,0,0
107000069,0,0,0
107000070,0,0,0
107000071,0,0,0
107000072,0,264,-264
107000073,0,0,0
107000074,5,70,-65
107000075,0,0,0
107000076,31,219,-188
107000077,0,0,0
107000078,35,281,-246
107000079,0,0,0
107000080,49,218,-169
107000081,0,0,0
107000082,15,201,-186
107000083,0,0,0
107000084,22,222,-200
107000085,111,57,54
107000086,96,238,-142
107000087,31,24,7
107000088,46,212,-166
107000089,34,28,6
107000090,61,142,-81
107000091,28,28,0
107000092,49,119,-70
107000093,20,97,-77
107000094,31,120,-89
107000095,0,0,0
107000096,19,57,-38
107000097,0,0,0
107000098,6,3,3
107000099,0,0,0
107000100,1,1,0
107000101,0,0,0
107000102,7,4,3
107000103,0,0,0
107000104,0,5,-5
107000105,0,0,0
107000106,2,10,-8
107000107,0,0,0
107000108,2,18,-16
107000109,0,0,0
107000110,0,15,-15
107000111,0,0,0
107000112,0,8,-8
107000113,0,0,0
107000114,3,56,-53
107000115,0,0,0
107000116,4,61,-57
107000117,0,0,0
107000118,6,21,-15
107000119,80,30,50
107000120,26,49,-23
107000121,18,18,0
107000122,20,101,-81
107000123,28,9,19
107000124,6,86,-80
107000125,23,9,14
107000126,14,60,-46
107000127,6,44,-38
107000129,10,16,-6
107000130,0,0,0
107000131,30,35,-5
107000132,0,0,0
107000133,0,0,0
107000134,0,0,0
107000135,0,0,0
107000136,0,0,0
107000137,0,0,0
107000138,0,0,0
107000139,0,0,0
107000140,0,0,0
107000141,0,0,0
107000142,0,0,0
107000143,0,0,0
107000144,0,0,0
107000145,0,0,0
107000146,0,0,0
107000147,0,0,0
107000150,0,0,0
107000151,0,0,0
107000152,0,0,0
107000153,0,0,0
107000154,0,0,0
107000155,0,0,0
107000156,0,0,0
107000157,0,3,-3
107000158,0,0,0
107000159,0,2,-2
107000160,1,0,1
107000161,0,3,-3
107000162,0,0,0
107000163,0,0,0
107000164,0,0,0
107000165,0,0,0
107000166,0,0,0
107000167,0,0,0
107000168,0,0,0
107000169,1,6,-5
107000170,0,0,0
107000171,0,20,-20
107000172,0,0,0
107000173,4,6,-2
107000174,2,0,2
107000175,27,5,22
107000176,0,0,0
107000177,0,0,0
107000178,0,0,0
107000179,3,45,-42
107000180,0,0,0
107000181,4,31,-27
107000182,0,0,0
107000183,2,43,-41
107000184,0,0,0
107000185,2,40,-38
107000186,0,0,0
107000187,0,0,0
107000188,0,1,-1
107000189,0,0,0
107000190,0,0,0
107000191,0,0,0
107000192,1,0,1
107000193,0,0,0
107000194,1,0,1
107000197,0,0,0
107000198,0,29,-29
107000199,0,0,0
107000200,0,0,0
107000201,0,0,0
107000202,0,0,0
107000203,1,0,1
107000204,0,0,0
107000205,5,9,-4
107000206,0,0,0
107000207,0,0,0
107000208,0,0,0
107000209,0,0,0
107000210,0,0,0
107000211,0,0,0
107000212,0,0,0
107000213,0,0,0
107000214,0,0,0
107000215,0,0,0
107000216,0,0,0
107000217,0,0,0
107000219,0,0,0
107000220,0,0,0
107000222,0,0,0
107000224,0,0,0
107000225,0,0,0
107000226,0,0,0
107000227,0,0,0
107000228,0,0,0
107000229,0,0,0
107000230,14,31,-17
107000231,0,0,0
107000232,0,0,0
107000233,0,0,0
107000234,0,0,0
107000235,0,1,-1
107000236,0,68,-68
107000237,0,0,0
107000238,0,0,0
107000239,0,0,0
107000240,0,0,0
107000241,0,0,0
107000242,1,1,0
107000243,0,3,-3
107000244,0,21,-21
107000246,0,181,-181
107000249,0,1,-1
107000251,0,0,0
107000252,0,0,0
107000255,0,0,0
107000257,0,0,0
107000258,0,0,0
107000259,0,0,0
107000260,0,0,0
107000262,0,0,0
107000263,0,0,0
107000266,0,0,0
107000267,0,0,0
107000268,0,0,0
107000269,0,0,0
107000270,0,0,0
107000271,0,0,0
107000272,0,0,0
107000273,0,0,0
107000274,0,0,0
107000275,0,0,0
107000280,0,0,0
107000281,0,1,-1
107000282,0,1,-1
107000290,0,0,0
107000291,0,0,0
107000292,0,0,0
107000293,0,0,0
107000294,0,0,0
107000295,0,0,0
107000296,0,0,0
107000444,0,0,0
107000496,0,0,0
107000497,29,181,-152
107000500,0,0,0
107000501,0,0,0
107000502,0,0,0
107000505,6,38,-32
107000506,0,0,0
107000508,0,0,0
107000509,0,0,0
107000510,0,0,0
107000514,0,0,0
107000515,0,0,0
107000516,0,0,0
107000518,0,0,0
107000519,20,88,-68
107000520,0,0,0
107900001,0,0,0
107900002,0,0,0
107900003,0,0,0
107900004,0,0,0
107900005,0,0,0
107900006,0,0,0
107900007,0,0,0
107900008,0,0,0
107900009,0,0,0
107900010,0,0,0
107900012,0,0,0
107900013,0,0,0
107900014,0,0,0
107900015,0,0,0
107900016,0,0,0
107900017,0,0,0
107900018,0,0,0
107900019,0,0,0
107900020,0,0,0
107900021,0,0,0
107900023,0,0,0
107900024,0,0,0
107900025,0,0,0
107900026,0,0,0
107900027,0,0,0
107900028,0,0,0
107900030,0,0,0
107900031,0,0,0
107900032,0,0,0
107900033,0,0,0
107900034,0,0,0
107900035,0,0,0
107900036,0,0,0
107900037,0,0,0
107900038,0,0,0
107900039,0,0,0
107900040,0,0,0
107900041,0,0,0
107900043,0,0,0
107900044,0,0,0
107900045,0,0,0
107900046,0,0,0
107900047,0,0,0
107900048,0,0,0
107900049,0,0,0
107900050,0,0,0
107900051,0,0,0
107900052,0,0,0
107900053,0,0,0
107900055,0,0,0
107900056,0,0,0
107900057,0,0,0
107900058,0,0,0
107900060,0,0,0
107900061,0,0,0
107900063,0,0,0
107900064,0,0,0
107900065,0,0,0
107900066,0,0,0
107900067,0,0,0
107900068,0,0,0
107900069,0,0,0
107900070,0,0,0
107900071,0,0,0
107900072,0,0,0
107900073,0,0,0
107900074,0,0,0
107900076,0,0,0
107900077,0,0,0
107900078,0,0,0
107900079,0,0,0
107900080,0,0,0
107900081,0,0,0
107900082,0,0,0
107900083,0,0,0
107900084,0,0,0
107900086,0,0,0
107900087,0,0,0
107900088,0,0,0
107900089,0,0,0
107900090,0,0,0
107900091,0,0,0
107900092,0,0,0
107900093,0,0,0
107900095,0,0,0
107900097,0,0,0
107900098,0,0,0
107900100,0,0,0
107900101,0,0,0
107900102,0,0,0
107900103,0,0,0
107900104,0,0,0
107900105,0,0,0
107900106,0,0,0
107900107,0,0,0
107900108,0,0,0
107900109,0,0,0
107900110,0,0,0
107900111,0,0,0
107900112,0,0,0
107900113,0,0,0
107900114,0,0,0
107900115,0,0,0
107900116,0,0,0
107900117,0,0,0
107900118,0,0,0
107900119,0,0,0
107900120,0,0,0
107900121,0,0,0
107900122,0,0,0
107900123,0,0,0
107900124,0,0,0
107900125,0,0,0
107900126,0,0,0
107900127,0,0,0
107900128,0,0,0
107900129,0,0,0
107900130,0,0,0
107900131,0,0,0
107900132,0,0,0
107900133,0,0,0
107900134,0,0,0
107900135,0,0,0
107900136,0,0,0
107900137,0,0,0
107900138,0,0,0
107900139,0,0,0
107900140,0,0,0
107900141,0,0,0
107900142,0,0,0
107900143,0,0,0
107900144,0,0,0
107900145,0,0,0
107900146,0,0,0
107900147,0,0,0
107900148,0,0,0
107900149,0,0,0
107900150,0,0,0
107900151,0,0,0
107900152,0,0,0
107900153,0,0,0
107900154,0,0,0
107900155,0,0,0
107900156,0,0,0
107900157,0,0,0
107900158,0,0,0
107900159,0,0,0
107900160,0,0,0
107900161,0,0,0
107900162,0,0,0
107900163,0,0,0
107900164,0,0,0
107900165,0,0,0
107900166,0,0,0
107900167,0,0,0
107900168,0,0,0
107900169,0,0,0
107900171,0,0,0
107900172,0,0,0
107900173,0,0,0
107900174,0,0,0
107900175,0,0,0
107900176,0,0,0
107900177,0,0,0
107900178,0,0,0
107900179,0,0,0
107900180,0,0,0
107900181,0,0,0
107900182,0,0,0
107900183,0,0,0
107900184,0,0,0
107900185,0,0,0
107900186,0,0,0
107900187,0,0,0
107900188,0,0,0
107900189,0,0,0
107900190,0,0,0
107900191,0,0,0
107900193,0,0,0
107900194,0,0,0
107900195,0,0,0
107900196,0,0,0
107900197,0,0,0
107900199,0,0,0
107900201,0,0,0
107900203,0,0,0
107900204,0,0,0
107900205,0,0,0
107900206,0,0,0
107900207,0,0,0
107900208,0,0,0
107900209,0,0,0
107900210,0,0,0
107900213,0,0,0
107900214,0,0,0
107900215,0,0,0
107900216,0,0,0
107900217,0,0,0
107900218,0,0,0
107900219,0,0,0
107900220,0,0,0
107900221,0,0,0
107900223,0,0,0
107900224,0,0,0
107900225,0,0,0
107900226,0,0,0
107900227,0,0,0
107900228,0,0,0
107900229,0,0,0
107900230,0,0,0
107900231,0,0,0
107900232,0,0,0
107900233,0,0,0
107900234,0,0,0
107900235,0,0,0
107900236,0,0,0
107900237,0,0,0
107900238,0,0,0
107900239,0,0,0
107900240,0,0,0
107900241,0,0,0
107900242,0,0,0
107900243,0,0,0
107900244,0,0,0
107900245,0,0,0
107900246,0,0,0
107900248,0,0,0
107900249,0,0,0
107900250,0,0,0
107900251,0,0,0
107900252,0,0,0
107900253,0,0,0
107900254,0,0,0
107900255,0,0,0
107900256,0,0,0
107900257,0,0,0
107900258,0,0,0
107900259,0,0,0
107900261,0,0,0
107900262,0,0,0
107900264,0,0,0
107900265,0,0,0
107900267,0,0,0
107900268,0,0,0
107900269,0,0,0
107900270,0,0,0
107900271,0,0,0
107900272,0,0,0
107900273,0,0,0
107900274,0,0,0
107900275,0,0,0
107900276,0,0,0
107900277,0,0,0
107900278,0,0,0
107900279,0,0,0
107900280,0,0,0
107900281,0,0,0
107900282,0,0,0
107900283,0,0,0
107900284,0,0,0
107900285,0,0,0
107900286,0,0,0
107900287,0,0,0
107900290,0,0,0
107900291,0,0,0
107900292,0,0,0
107900293,0,0,0
107900295,0,0,0
107900297,0,0,0
107900298,0,0,0
107900299,0,0,0
107900300,0,0,0
107900301,0,0,0
107900302,0,0,0
107900303,0,0,0
107900304,0,0,0
107900305,0,0,0
107900306,0,0,0
107900307,0,0,0
107900308,0,0,0
107900309,0,0,0
107900310,0,0,0
107900311,0,0,0
107900312,0,0,0
107900313,0,0,0
107900314,0,0,0
107900315,0,0,0
107900316,0,0,0
107900317,0,0,0
107900318,0,0,0
107900319,0,0,0
107900320,0,0,0
107900321,0,0,0
107900322,0,0,0
107900323,0,0,0
107900324,0,0,0
107900325,0,0,0
107900326,0,0,0
107900327,0,0,0
107900328,0,0,0
107900329,0,0,0
107900330,0,0,0
107900331,0,0,0
107900332,0,0,0
107900333,0,0,0
107900334,0,0,0
107900335,0,0,0
107900336,0,0,0
107900337,0,0,0
107900338,0,0,0
107900339,0,0,0
107900340,0,0,0
107900341,0,0,0
107900342,0,0,0
107900343,0,0,0
107900344,0,0,0
107900345,0,0,0
107900346,0,0,0
107900347,0,0,0
107900348,0,0,0
107900349,0,0,0
107900350,0,0,0
108000001,164,77,87
108000002,510,771,-261
108000003,194,73,121
108000004,2142,2935,-793
108000005,117,83,34
108000006,334,1115,-781
108000007,159,144,15
108000008,347,908,-561
108000009,68,162,-94
108000010,187,818,-631
108000011,498,176,322
108000012,1985,1806,179
108000014,0,0,0
108000015,0,0,0
108000016,42,110,-68
108000017,0,0,0
108000018,0,0,0
108000019,0,0,0
108000020,0,0,0
108000021,46,313,-267
108000022,0,5,-5
108000023,0,0,0
108000024,0,0,0
108000025,0,17,-17
108000026,0,0,0
108000027,0,54,-54
108000028,0,0,0
108000029,1,59,-58
108000030,0,0,0
108000031,1,63,-62
108000032,0,0,0
108000033,13,70,-57
108000034,0,0,0
108000035,41,193,-152
108000036,10,160,-150
108000037,0,0,0
108000038,0,0,0
108000039,18,211,-193
108000040,0,0,0
108000041,42,294,-252
108000042,0,0,0
108000043,3,24,-21
108000044,0,0,0
108000045,0,71,-71
108000046,0,0,0
108000047,21,107,-86
108000048,7,32,-25
108000049,0,0,0
108000050,3,13,-10
108000051,0,0,0
108000052,4,17,-13
108000053,0,0,0
108000054,4,18,-14
108000055,0,0,0
108000056,19,41,-22
108000057,0,0,0
108000058,0,0,0
108000059,232,150,82
108000060,1,0,1
108000061,0,0,0
108000062,2,0,2
108000063,0,0,0
108000064,0,0,0
108000065,0,0,0
108000066,0,0,0
108000067,0,0,0
108000068,0,0,0
108000069,19,126,-107
108000070,0,0,0
108000071,23,155,-132
108000072,0,0,0
108000073,26,132,-106
108000074,0,0,0
108000075,8,58,-50
108000076,0,0,0
108000077,33,67,-34
108000078,0,0,0
108000079,81,263,-182
108000080,0,0,0
108000081,17,271,-254
108000082,40,116,-76
108000083,0,0,0
108000084,8,69,-61
108000085,0,0,0
108000086,15,55,-40
108000087,0,0,0
108000088,0,0,0
108000089,6,5,1
108000090,0,0,0
108000091,1,16,-15
108000092,0,0,0
108000093,6,38,-32
108000094,0,0,0
108000095,2,17,-15
108000096,0,0,0
108000097,1,23,-22
108000098,0,0,0
108000099,0,0,0
108000100,0,0,0
108000101,0,0,0
108000102,0,1,-1
108000106,0,0,0
108000107,0,4,-4
108000108,0,0,0
108000109,0,8,-8
108000110,0,0,0
108000111,16,65,-49
108000112,0,0,0
108000113,0,0,0
108000115,0,0,0
108000117,0,0,0
108000118,0,15,-15
108000119,5,22,-17
108000120,0,0,0
108000121,0,31,-31
108000122,0,0,0
108000123,0,0,0
108000124,0,336,-336
108000125,0,0,0
108000126,0,91,-91
108000127,0,0,0
108000128,2,182,-180
108000129,2,258,-256
108000130,0,0,0
108000131,0,0,0
108000132,74,165,-91
108000133,0,0,0
108000134,43,219,-176
108000135,0,0,0
108000136,27,291,-264
108000137,0,0,0
108000138,0,0,0
108000139,0,0,0
108000140,0,0,0
108000141,1,8,-7
108000142,0,4,-4
108000143,0,3,-3
108000144,0,0,0
108000145,0,0,0
108000146,0,0,0
108000147,0,0,0
108000148,0,0,0
108000149,0,0,0
108000150,0,0,0
108000151,0,0,0
108000152,0,0,0
108000153,0,0,0
108000154,0,0,0
108000155,0,0,0
108000156,0,0,0
108000157,0,0,0
108000158,0,0,0
108000159,0,0,0
108000160,30,22,8
108000161,0,0,0
108000165,0,0,0
108000172,0,0,0
108000173,0,0,0
108000175,0,0,0
108000178,0,0,0
108000179,0,0,0
108000181,0,0,0
108000182,0,0,0
108000183,0,0,0
108000184,0,0,0
108000185,0,0,0
108000186,0,0,0
108000187,0,0,0
108000188,0,0,0
108000189,0,0,0
108000190,1,10,-9
108000192,0,0,0
108000193,33,0,33
108000194,0,0,0
108000195,0,107,-107
108000196,0,0,0
108000197,0,0,0
108000198,0,0,0
108000199,0,31,-31
108000200,0,0,0
108000202,2,73,-71
108000203,0,0,0
108000204,0,0,0
108000205,0,0,0
108000339,0,0,0
108000364,0,1,-1
108000365,0,0,0
108000367,0,0,0
108000368,0,0,0
108000369,0,0,0
108000371,0,4,-4
108000372,0,0,0
108000373,0,0,0
108000376,0,0,0
108000377,0,0,0
108000378,732,117,615
108000379,0,0,0
108000381,0,0,0
108000382,0,0,0
108000383,0,0,0
108900001,0,0,0
108900002,0,0,0
108900003,0,0,0
108900004,0,0,0
108900005,0,0,0
108900006,0,0,0
108900007,0,0,0
108900008,0,0,0
108900009,0,0,0
108900010,0,0,0
108900011,0,0,0
108900012,0,0,0
108900013,0,0,0
108900014,0,0,0
108900015,0,0,0
108900016,0,0,0
108900017,0,0,0
108900018,0,0,0
108900019,0,0,0
108900020,0,0,0
108900021,0,0,0
108900022,0,0,0
108900023,0,0,0
108900024,0,0,0
108900025,0,0,0
108900026,0,0,0
108900027,0,0,0
108900028,0,0,0
108900029,0,0,0
108900030,0,0,0
108900031,0,0,0
108900032,0,0,0
108900033,0,0,0
108900034,0,0,0
108900035,0,0,0
108900036,0,0,0
108900037,0,0,0
108900038,0,0,0
108900039,0,0,0
108900040,0,0,0
108900041,0,0,0
108900042,0,0,0
108900043,0,0,0
108900044,0,0,0
108900045,0,0,0
108900046,0,0,0
108900047,0,0,0
108900048,0,0,0
108900049,0,0,0
108900050,0,0,0
108900051,0,0,0
108900052,0,0,0
108900053,0,0,0
108900054,0,0,0
108900055,0,0,0
108900056,0,0,0
108900057,0,0,0
108900058,0,0,0
108900059,0,0,0
108900060,0,0,0
108900061,0,0,0
108900062,0,0,0
108900063,0,0,0
108900064,0,0,0
108900065,0,0,0
108900066,0,0,0
108900067,0,0,0
108900068,0,0,0
108900069,0,0,0
108900070,0,0,0
108900071,0,0,0
108900072,0,0,0
108900073,0,0,0
108900074,0,0,0
108900075,0,0,0
108900076,0,0,0
108900077,0,0,0
108900078,0,0,0
108900079,0,0,0
108900080,0,0,0
108900081,0,0,0
108900082,0,0,0
108900083,0,0,0
108900084,0,0,0
108900085,0,0,0
108900086,0,0,0
108900087,0,0,0
108900088,0,0,0
108900089,0,0,0
108900090,0,0,0
108900091,0,0,0
108900092,0,0,0
108900093,0,0,0
108900094,0,0,0
108900095,0,0,0
108900096,0,0,0
108900097,0,0,0
108900098,0,0,0
108900099,0,0,0
108900100,0,0,0
108900101,0,0,0
108900102,0,0,0
108900103,0,0,0
108900104,0,0,0
108900105,0,0,0
108900106,0,0,0
108900108,0,0,0
108900109,0,0,0
108900110,0,0,0
108900111,0,0,0
108900112,0,0,0
108900113,0,0,0
108900114,0,0,0
108900115,0,0,0
108900116,0,0,0
108900117,0,0,0
108900118,0,0,0
108900119,0,0,0
108900120,0,0,0
108900121,0,0,0
108900122,0,0,0
108900123,0,0,0
108900124,0,0,0
108900125,0,0,0
108900126,0,0,0
108900127,0,0,0
108900128,0,0,0
108900129,0,0,0
108900130,0,0,0
108900131,0,0,0
108900132,0,0,0
108900133,0,0,0
108900134,0,0,0
108900135,0,0,0
108900136,0,0,0
108900137,0,0,0
108900138,0,0,0
108900139,0,0,0
108900140,0,0,0
108900141,0,0,0
108900142,0,0,0
108900143,0,0,0
108900144,0,0,0
108900145,0,0,0
108900146,0,0,0
108900147,0,0,0
108900148,0,0,0
108900149,0,0,0
108900150,0,0,0
108900151,0,0,0
108900152,0,0,0
108900153,0,0,0
108900154,0,0,0
108900155,0,0,0
108900156,0,0,0
108900157,0,0,0
108900158,0,0,0
108900159,0,0,0
108900160,0,0,0
108900161,0,0,0
108900162,0,0,0
108900163,0,0,0
108900164,0,0,0
108900165,0,0,0
108900167,0,0,0
108900168,0,0,0
108900169,0,0,0
108900171,0,0,0
108900172,0,0,0
108900173,0,0,0
108900174,0,0,0
108900176,0,0,0
108900177,0,0,0
108900178,0,0,0
108900179,0,0,0
108900180,0,0,0
108900182,0,0,0
108900183,0,0,0
108900184,0,0,0
108900185,0,0,0
108900186,0,0,0
108900187,0,0,0
108900188,0,0,0
108900189,0,0,0
108900190,0,0,0
108900191,0,0,0
108900192,0,0,0
108900193,0,0,0
108900194,0,0,0
108900195,0,0,0
108900196,0,0,0
108900198,0,0,0
108900199,0,0,0
108900200,0,0,0
108900201,0,0,0
108900203,0,0,0
108900204,0,0,0
108900205,0,0,0
108900206,0,0,0
108900207,0,0,0
108900208,0,0,0
108900209,0,0,0
108900210,0,0,0
108900211,0,0,0
108900212,0,0,0
108900215,0,0,0
108900216,0,0,0
108900217,0,0,0
108900218,0,0,0
108900219,0,0,0
108900220,0,0,0
108900221,0,0,0
108900222,0,0,0
108900223,0,0,0
108900224,0,0,0
108900225,0,0,0
108900226,0,0,0
108900227,0,0,0
108900230,0,0,0
108900231,0,0,0
108900232,0,0,0
108900233,0,0,0
108900234,0,0,0
108900235,0,0,0
108900236,0,0,0
108900237,0,0,0
108900240,0,0,0
108900241,0,0,0
108900245,0,0,0
108900249,0,0,0
108900250,0,0,0
108900257,0,0,0
108900258,0,0,0
108900259,0,0,0
108900260,0,0,0
108900261,0,0,0
108900262,0,0,0
108900263,0,0,0
108900264,0,0,0
108900265,0,0,0
108900266,0,0,0
108900267,0,0,0
108900268,0,0,0
108900269,0,0,0
108900270,0,0,0
108900271,0,0,0
108900272,0,0,0
108900273,0,0,0
108900274,0,0,0
109000001,71,1,70
109000002,692,562,130
109000003,96,2,94
109000004,202,850,-648
109000005,43,3,40
109000006,137,577,-440
109000007,28,5,23
109000008,94,534,-440
109000009,176,32,144
109000010,348,997,-649
109000011,141,19,122
109000012,259,1145,-886
109000013,142,27,115
109000014,175,962,-787
109000015,209,48,161
109000016,503,1265,-762
109000017,87,39,48
109000018,144,1020,-876
109000019,112,6,106
109000020,280,555,-275
109000023,0,0,0
109000024,0,0,0
109000025,0,0,0
109000026,0,0,0
109000027,0,0,0
109000028,0,0,0
109000029,0,0,0
109000030,3,51,-48
109000031,0,0,0
109000032,0,49,-49
109000033,0,0,0
109000034,0,0,0
109000035,0,0,0
109000036,1,12,-11
109000037,0,0,0
109000038,17,8,9
109000039,0,0,0
109000040,0,0,0
109000041,113,13,100
109000042,2,9,-7
109000044,0,0,0
109000045,20,151,-131
109000046,0,0,0
109000047,11,255,-244
109000048,0,0,0
109000049,89,373,-284
109000050,0,0,0
109000051,151,167,-16
109000052,0,0,0
109000053,0,0,0
109000054,0,0,0
109000055,0,0,0
109000056,0,0,0
109000057,1,1,0
109000058,0,0,0
109000059,0,0,0
109000060,0,0,0
109000061,0,0,0
109000062,0,0,0
109000063,0,0,0
109000064,0,0,0
109000065,0,0,0
109000066,0,0,0
109000067,0,0,0
109000068,0,1,-1
109000069,0,0,0
109000070,0,128,-128
109000071,0,0,0
109000072,0,0,0
109000073,0,0,0
109000074,0,0,0
109000075,51,319,-268
109000076,0,0,0
109000077,0,0,0
109000078,0,0,0
109000079,0,0,0
109000080,0,0,0
109000081,0,0,0
109000082,0,0,0
109000083,0,0,0
109000088,0,0,0
109000089,0,0,0
109000090,0,0,0
109000091,0,0,0
109000092,0,0,0
109000093,0,0,0
109000094,0,0,0
109000095,0,0,0
109000096,0,0,0
109000097,0,0,0
109000098,0,0,0
109000099,14,10,4
109000100,2,35,-33
109000101,34,4,30
109000102,0,115,-115
109000103,0,0,0
109000104,29,5,24
109000105,2,146,-144
109000106,39,6,33
109000107,4,129,-125
109000108,26,4,22
109000109,12,164,-152
109000110,30,8,22
109000111,42,141,-99
109000112,0,0,0
109000113,32,70,-38
109000114,0,0,0
109000115,0,0,0
109000116,0,13,-13
109000117,0,0,0
109000118,0,14,-14
109000119,0,0,0
109000120,0,78,-78
109000121,0,0,0
109000122,0,76,-76
109000123,0,0,0
109000124,0,0,0
109000125,0,0,0
109000126,1,89,-88
109000127,0,0,0
109000128,2,108,-106
109000129,0,0,0
109000130,10,163,-153
109000131,0,0,0
109000132,13,64,-51
109000133,2,144,-142
109000134,18,284,-266
109000135,8,187,-179
109000136,0,0,0
109000137,0,0,0
109000138,0,0,0
109000139,0,0,0
109000140,0,0,0
109000141,0,0,0
109000142,0,0,0
109000143,0,0,0
109000145,0,0,0
109000146,0,0,0
109000148,4,0,4
109000149,0,0,0
109000150,0,0,0
109000155,0,0,0
109000156,0,2,-2
109000158,0,0,0
109000159,0,0,0
109000160,0,0,0
109000161,0,0,0
109000162,0,0,0
109000163,0,0,0
109000164,0,0,0
109000165,0,0,0
109000166,0,0,0
109000167,0,0,0
109000170,0,0,0
109000171,0,0,0
109000172,0,0,0
109000173,0,0,0
109000174,0,0,0
109000175,0,0,0
109000176,0,0,0
109000177,0,0,0
109000178,0,0,0
109000179,2,2,0
109000180,1,2,-1
109000181,0,0,0
109000182,0,0,0
109000183,0,0,0
109000184,0,0,0
109000185,0,0,0
109000188,0,0,0
109000189,0,0,0
109000190,0,0,0
109000191,0,0,0
109000192,0,0,0
109000193,0,0,0
109000194,0,0,0
109000195,0,0,0
109000196,0,0,0
109000197,0,0,0
109000198,0,0,0
109000199,0,0,0
109000206,0,0,0
109000207,0,0,0
109000208,0,0,0
109000209,0,0,0
109000210,0,0,0
109000211,0,0,0
109000214,0,0,0
109000215,0,0,0
109000216,6,4,2
109000217,0,0,0
109000218,0,0,0
109000221,0,0,0
109000222,0,0,0
109000223,0,0,0
109000224,0,0,0
109000225,0,0,0
109000226,0,0,0
109000227,0,0,0
109000228,0,64,-64
109000231,0,0,0
109000232,0,0,0
109000236,2,129,-127
109000241,0,0,0
109000242,0,0,0
109000293,0,0,0
109000361,0,0,0
109000364,0,0,0
109000396,0,0,0
109000397,0,0,0
109000399,0,0,0
109000400,0,0,0
109000403,0,0,0
109000406,20,23,-3
109000407,0,0,0
109000408,2,117,-115
109000410,1,0,1
109000411,0,0,0
109900001,0,0,0
109900002,0,0,0
109900003,0,0,0
109900004,0,0,0
109900005,0,0,0
109900006,0,0,0
109900007,0,0,0
109900008,0,0,0
109900009,0,0,0
109900010,0,0,0
109900011,0,0,0
109900012,0,0,0
109900013,0,0,0
109900014,0,0,0
109900015,0,0,0
109900016,0,0,0
109900017,0,0,0
109900018,0,0,0
109900019,0,0,0
109900020,0,0,0
109900021,0,0,0
109900022,0,0,0
109900023,0,0,0
109900024,0,0,0
109900025,0,0,0
109900026,0,0,0
109900027,0,0,0
109900028,1,0,1
109900029,0,0,0
109900030,0,0,0
109900031,0,0,0
109900032,0,0,0
109900033,0,0,0
109900034,0,0,0
109900035,0,0,0
109900036,0,0,0
109900037,0,0,0
109900038,0,0,0
109900039,0,0,0
109900040,0,0,0
109900041,0,0,0
109900042,0,0,0
109900044,0,0,0
109900045,0,0,0
109900046,0,0,0
109900047,0,0,0
109900048,0,0,0
109900049,0,0,0
109900050,0,0,0
109900051,0,0,0
109900052,0,0,0
109900053,0,0,0
109900054,0,0,0
109900055,0,0,0
109900056,0,0,0
109900057,0,0,0
109900058,0,0,0
109900059,0,0,0
109900060,0,0,0
109900061,0,0,0
109900062,0,0,0
109900063,0,0,0
109900064,0,0,0
109900065,0,0,0
109900066,0,0,0
109900067,0,0,0
109900068,0,0,0
109900069,0,0,0
109900070,0,0,0
109900071,0,0,0
109900072,0,0,0
109900073,0,0,0
109900074,0,0,0
109900075,0,0,0
109900076,0,0,0
109900077,0,0,0
109900078,0,0,0
109900080,0,0,0
109900081,0,0,0
109900082,0,0,0
109900083,0,0,0
109900084,0,0,0
109900085,0,0,0
109900086,0,0,0
109900087,0,0,0
109900089,0,0,0
109900090,0,0,0
109900091,0,0,0
109900092,0,0,0
109900093,0,0,0
109900094,0,0,0
109900095,0,0,0
109900096,0,0,0
109900097,0,0,0
109900098,0,0,0
109900099,0,0,0
109900100,0,0,0
109900101,0,0,0
109900102,0,0,0
109900103,0,0,0
109900104,0,0,0
109900105,0,0,0
109900106,0,0,0
109900107,0,0,0
109900108,0,0,0
109900109,0,0,0
109900110,0,0,0
109900111,0,0,0
109900112,0,0,0
109900113,0,0,0
109900114,0,0,0
109900115,0,0,0
109900117,0,0,0
109900118,0,0,0
109900119,0,0,0
109900120,0,0,0
109900121,0,0,0
109900122,0,0,0
109900123,0,0,0
109900124,0,0,0
109900125,0,0,0
109900126,0,0,0
109900128,0,0,0
109900130,0,0,0
109900131,0,0,0
109900132,0,0,0
109900133,0,0,0
109900134,0,0,0
109900135,0,0,0
109900136,0,0,0
109900137,0,0,0
109900138,0,0,0
109900140,0,0,0
109900141,0,0,0
109900142,0,0,0
109900145,0,0,0
109900146,1,0,1
109900148,0,0,0
109900149,0,0,0
109900150,0,0,0
109900151,0,0,0
109900152,0,0,0
109900153,0,0,0
109900154,0,0,0
109900155,0,0,0
109900157,0,0,0
109900158,0,0,0
109900159,0,0,0
109900160,0,0,0
109900161,0,0,0
109900162,0,0,0
109900163,0,0,0
109900164,0,0,0
109900165,0,0,0
109900166,0,0,0
109900167,0,0,0
109900168,0,0,0
109900169,0,0,0
109900170,0,0,0
109900171,0,0,0
109900172,0,0,0
109900173,0,0,0
109900174,0,0,0
109900175,0,0,0
109900176,0,0,0
109900177,0,0,0
109900178,0,0,0
109900179,0,0,0
109900180,0,0,0
110000001,62,132,-70
110000002,60,53,7
110000003,533,243,290
110000004,187,101,86
110000005,102,23,79
110000006,1,1,0
110000007,0,0,0
110000008,0,0,0
110000009,0,0,0
110000010,0,0,0
110000011,0,0,0
110000012,15,6,9
110000013,0,0,0
110000014,7,0,7
110000015,0,0,0
110000016,0,0,0
110000017,0,0,0
110000018,5,0,5
110000019,0,0,0
110000020,0,0,0
110000021,0,0,0
110000022,0,0,0
110000023,0,0,0
110000024,28,10,18
110000025,0,0,0
110000026,0,0,0
110000027,0,0,0
110000028,4,0,4
110000029,2,7,-5
110000030,0,1,-1
110000031,2,16,-14
110000032,0,0,0
110000033,0,0,0
110000034,0,0,0
110000035,0,0,0
110000036,0,0,0
110000037,0,0,0
110000038,0,0,0
110000039,0,0,0
110000040,0,1,-1
110000041,0,0,0
110000042,0,1,-1
110000043,0,0,0
110000044,0,0,0
110000045,0,0,0
110000046,0,0,0
110000047,0,0,0
110000048,0,0,0
110000049,0,0,0
110000050,0,0,0
110000051,0,0,0
110000052,0,0,0
110000053,0,0,0
110000054,0,1,-1
110000055,0,0,0
110000056,0,0,0
110000057,5,13,-8
110000058,0,0,0
110000059,82,171,-89
110000060,67,67,0
110000061,223,264,-41
110000062,222,119,103
110000063,0,0,0
110000064,0,0,0
110000065,0,0,0
110000066,0,0,0
110000067,0,0,0
110000068,0,0,0
110000069,0,0,0
110000071,0,0,0
110000073,0,0,0
110000075,0,0,0
110000076,0,0,0
110000077,0,0,0
110000078,0,0,0
110000080,27,138,-111
110000081,3,36,-33
110000082,0,44,-44
110000083,38,114,-76
110000084,0,0,0
110000085,593,244,349
110000086,0,0,0
110000087,3,56,-53
110000088,5,80,-75
110000089,0,0,0
110000090,0,0,0
110000091,0,0,0
110000092,0,0,0
110000093,74,10,64
110000094,31,124,-93
110000095,0,0,0
110000096,247,357,-110
110000097,0,0,0
110000098,0,0,0
110000099,40,266,-226
110000100,0,0,0
110000101,0,0,0
110000102,0,0,0
110000104,0,0,0
110000105,0,0,0
110000106,0,0,0
110000107,0,0,0
110000108,11,0,11
110000109,0,8,-8
110000110,352,2,350
110000111,0,11,-11
110000112,0,0,0
110000113,0,0,0
110000114,0,0,0
110000115,0,0,0
110000116,0,0,0
110000117,0,4,-4
110000118,0,0,0
110000119,1,5,-4
110000120,0,0,0
110000121,0,7,-7
110000122,0,0,0
110000123,0,0,0
110000124,0,61,-61
110000125,0,0,0
110000126,0,0,0
110000127,0,0,0
110000128,1,91,-90
110000129,0,23,-23
110000130,2,0,2
110000131,18,22,-4
110000132,0,72,-72
110000133,0,0,0
110000134,0,0,0
110000135,0,0,0
110000136,0,0,0
110000137,0,0,0
110000138,0,0,0
110000139,0,0,0
110000140,0,0,0
110000143,0,0,0
110000144,335,16,319
110000145,57,13,44
110000146,75,20,55
110000147,0,0,0
110000148,0,0,0
110000151,0,0,0
110000152,0,0,0
110000153,0,0,0
110000154,0,0,0
110000155,179,536,-357
110000156,58,199,-141
110000157,137,214,-77
110000160,0,0,0
110000161,0,0,0
110000166,0,0,0
110000167,0,0,0
110000168,0,0,0
110000169,0,0,0
110000170,0,0,0
110000171,0,0,0
110000172,13,257,-244
110000173,57,221,-164
110000174,0,0,0
110000175,0,0,0
110000176,0,0,0
110000177,0,0,0
110000178,16,32,-16
110000179,14,57,-43
110000180,1,19,-18
110000181,1,25,-24
110000182,46,11,35
110000183,2,3,-1
110000184,41,35,6
110000185,7,56,-49
110000186,7,39,-32
110000191,0,9,-9
110000192,0,0,0
110000193,0,0,0
110000194,0,26,-26
110000195,0,0,0
110000196,0,0,0
110000197,0,0,0
110000198,0,0,0
110000199,0,0,0
110000200,8,26,-18
110000201,0,0,0
110000202,0,0,0
110000203,8,22,-14
110000204,0,0,0
110000205,0,0,0
110000206,1,20,-19
110000207,0,0,0
110000208,0,0,0
110000209,9,35,-26
110000210,0,0,0
110000211,0,0,0
110000212,18,15,3
110000213,0,0,0
110000214,0,0,0
110000215,0,4,-4
110000216,0,5,-5
110000217,0,0,0
110000218,0,1,-1
110000219,0,0,0
110000220,0,8,-8
110000221,0,0,0
110000222,0,3,-3
110000223,0,0,0
110000224,0,0,0
110000225,0,33,-33
110000226,0,0,0
110000227,1,15,-14
110000228,0,0,0
110000229,0,11,-11
110000230,0,0,0
110000231,0,0,0
110000232,0,21,-21
110000233,0,0,0
110000234,0,0,0
110000235,0,0,0
110000236,19,75,-56
110000237,53,74,-21
110000238,1,26,-25
110000239,13,72,-59
110000240,0,0,0
110000242,0,0,0
110000243,0,0,0
110000244,0,39,-39
110000245,0,51,-51
110000246,0,7,-7
110000247,0,1,-1
110000248,0,2,-2
110000249,0,0,0
110000250,0,0,0
110000251,0,0,0
110000252,0,0,0
110000253,0,2,-2
110000254,8,54,-46
110000255,0,45,-45
110000256,0,0,0
110000257,19,87,-68
110000258,0,0,0
110000259,0,0,0
110000260,0,0,0
110000263,0,0,0
110000264,0,0,0
110000265,142,47,95
110000266,134,72,62
110000267,0,1,-1
110000268,0,0,0
110000269,0,0,0
110000270,0,0,0
110000271,11,6,5
110000272,53,249,-196
110000273,119,211,-92
110000274,1,45,-44
110000275,9,1,8
110000276,8,26,-18
110000277,1,3,-2
110000278,0,0,0
110000279,0,0,0
110000280,0,0,0
110000281,0,0,0
110000282,0,0,0
110000283,0,0,0
110000284,0,0,0
110000285,0,0,0
110000286,0,0,0
110000287,0,0,0
110000288,0,0,0
110000289,0,0,0
110000290,50,20,30
110000291,4,1,3
110000292,27,113,-86
110000293,0,1,-1
110000294,2,37,-35
110000295,0,0,0
110000296,2,26,-24
110000297,49,19,30
110000298,0,0,0
110000299,0,0,0
110000301,0,0,0
110000302,0,0,0
110000303,0,0,0
110000304,0,0,0
110000305,0,0,0
110000306,0,0,0
110000307,0,0,0
110000308,0,0,0
110000309,0,0,0
110000310,0,0,0
110000311,0,0,0
110000312,0,0,0
110000313,32,121,-89
110000314,0,0,0
110000315,163,292,-129
110000316,41,252,-211
110000317,2,1,1
110000318,0,0,0
110000319,0,0,0
110000320,0,0,0
110000321,0,0,0
110000322,0,0,0
110000323,0,0,0
110000324,99,187,-88
110000325,0,0,0
110000327,0,3,-3
110000328,5,64,-59
110000333,0,0,0
110000334,3,84,-81
110000335,0,1,-1
110000336,6,89,-83
110000337,0,0,0
110000338,0,0,0
110000339,0,0,0
110000340,0,0,0
110000341,6,80,-74
110000342,0,0,0
110000343,0,11,-11
110000344,1,1,0
110000345,0,0,0
110000346,195,63,132
110000347,123,23,100
110000348,0,0,0
110000349,0,0,0
110000350,0,0,0
110000351,1,29,-28
110000352,1,112,-111
110000353,45,16,29
110000354,6,134,-128
110000355,0,0,0
110000356,0,0,0
110000357,0,0,0
110000361,0,0,0
110000362,0,0,0
110000363,0,0,0
110000364,0,0,0
110000365,0,0,0
110000366,0,1,-1
110000367,5,33,-28
110000368,0,0,0
110000369,0,0,0
110000373,0,6,-6
110000374,0,0,0
110000375,0,40,-40
110000376,0,0,0
110000377,0,0,0
110000378,0,0,0
110000379,91,49,42
110000380,0,0,0
110000383,0,17,-17
110000384,1,5,-4
110000385,0,0,0
110000387,0,8,-8
110000388,0,0,0
110000389,0,0,0
110000391,0,2,-2
110000396,0,0,0
110000397,0,0,0
110000398,0,0,0
110000399,0,1,-1
110000587,0,0,0
110000589,0,2,-2
110000640,0,0,0
110000652,0,0,0
110000653,1,24,-23
110000654,0,0,0
110000656,0,0,0
110000674,0,0,0
110000675,0,0,0
110000676,0,0,0
110000679,5,9,-4
110000682,0,0,0
110000683,1,0,1
110000684,0,0,0
110000685,0,0,0
110000686,0,0,0
110000687,0,0,0
110000688,35,0,35
110000689,0,0,0
110000692,0,0,0
110000693,0,0,0
110000694,1,208,-207
110000695,1,38,-37
110000696,0,0,0
110900001,0,0,0
110900002,0,0,0
110900003,0,1,-1
110900004,0,0,0
110900005,1,0,1
110900006,0,0,0
110900007,0,0,0
110900008,0,0,0
110900009,0,0,0
110900010,0,0,0
110900011,0,0,0
110900012,0,0,0
110900013,0,0,0
110900014,0,0,0
110900015,0,0,0
110900016,0,0,0
110900017,0,0,0
110900018,0,0,0
110900019,0,0,0
110900020,0,0,0
110900021,0,0,0
110900022,0,0,0
110900023,0,0,0
110900024,0,0,0
110900025,0,0,0
110900027,0,0,0
110900028,0,0,0
110900029,0,0,0
110900030,0,0,0
110900031,0,0,0
110900032,0,0,0
110900033,0,0,0
110900035,0,0,0
110900036,0,0,0
110900037,0,0,0
110900038,0,0,0
110900039,0,0,0
110900040,0,0,0
110900041,0,0,0
110900042,0,0,0
110900043,0,0,0
110900044,0,0,0
110900045,0,0,0
110900046,0,0,0
110900047,0,0,0
110900049,0,0,0
110900050,0,0,0
110900051,0,0,0
110900052,0,0,0
110900053,0,0,0
110900054,0,0,0
110900055,0,0,0
110900056,0,0,0
110900057,0,0,0
110900058,0,0,0
110900059,0,0,0
110900060,0,0,0
110900061,0,0,0
110900062,0,0,0
110900063,0,0,0
110900064,0,0,0
110900065,0,0,0
110900066,0,0,0
110900067,0,0,0
110900068,0,0,0
110900069,0,0,0
110900070,0,0,0
110900071,0,0,0
110900073,0,0,0
110900074,0,0,0
110900075,0,0,0
110900077,0,0,0
110900078,0,0,0
110900079,0,0,0
110900080,0,0,0
110900081,0,0,0
110900082,0,0,0
110900083,0,0,0
110900084,0,0,0
110900085,0,0,0
110900086,0,1,-1
110900087,0,0,0
110900088,0,0,0
110900090,0,0,0
110900091,0,0,0
110900093,0,0,0
110900095,0,0,0
110900097,0,0,0
110900098,0,0,0
110900099,0,0,0
110900100,0,0,0
110900102,0,0,0
110900105,0,0,0
110900108,0,0,0
110900111,0,0,0
110900112,0,0,0
110900113,0,0,0
110900115,0,0,0
110900116,0,1,-1
110900118,0,0,0
110900119,0,2,-2
110900120,0,0,0
110900121,0,0,0
110900122,0,0,0
110900125,0,0,0
110900127,1,5,-4
110900128,0,0,0
110900129,0,0,0
110900130,0,0,0
110900131,0,0,0
110900132,0,0,0
110900133,0,0,0
110900135,0,0,0
110900136,0,0,0
110900137,0,0,0
110900138,0,0,0
110900139,0,0,0
110900140,0,0,0
110900141,0,0,0
110900142,0,0,0
110900143,0,0,0
110900144,0,15,-15
110900145,0,0,0
110900146,0,0,0
110900147,0,0,0
110900148,0,2,-2
110900149,0,0,0
110900150,0,0,0
110900151,0,0,0
110900152,0,0,0
110900153,1,0,1
111000001,21,7,14
111000002,78,51,27
111000003,24,18,6
111000004,58,124,-66
111000005,26,35,-9
111000006,132,273,-141
111000007,131,176,-45
111000008,412,327,85
111000009,204,317,-113
111000010,98,143,-45
111000011,187,330,-143
111000012,182,90,92
111000013,34,257,-223
111000014,56,95,-39
111000017,1,4,-3
111000018,2,1,1
111000020,130,394,-264
111000021,0,0,0
111000023,0,0,0
111000025,63,182,-119
111000029,0,0,0
111000030,0,0,0
111000031,2,0,2
111000032,0,0,0
111000033,0,0,0
111000034,0,0,0
111000037,33,29,4
111000038,21,35,-14
111000039,0,7,-7
111000040,0,10,-10
111000041,2,5,-3
111000042,9,6,3
111000043,0,0,0
111000044,0,0,0
111000045,0,2,-2
111000046,1,0,1
111000047,6,3,3
111000049,20,48,-28
111000050,79,179,-100
111000051,25,92,-67
111000052,60,127,-67
111000053,59,63,-4
111000054,50,88,-38
111000055,37,117,-80
111000056,14,39,-25
111000057,3,28,-25
111000058,0,0,0
111000059,0,1,-1
111000060,2,0,2
111000061,0,1,-1
111000062,0,0,0
111000063,1,3,-2
111000064,0,1,-1
111000065,0,6,-6
111000066,0,6,-6
111000067,1,1,0
111000068,3,3,0
111000069,4,8,-4
111000070,4,9,-5
111000071,0,5,-5
111000072,0,0,0
111000073,0,0,0
111000074,0,0,0
111000075,1,0,1
111000076,1,0,1
111000077,1,2,-1
111000078,59,65,-6
111000079,0,0,0
111000080,0,0,0
111000081,15,10,5
111000082,3,0,3
111000084,0,1,-1
111000085,1,1,0
111000086,0,0,0
111000087,0,0,0
111000088,1,0,1
111000089,0,0,0
111000090,0,0,0
111000091,0,0,0
111000092,0,0,0
111000093,0,0,0
111000094,34,32,2
111000095,9,39,-30
111000096,7,277,-270
111000097,442,65,377
111000098,23,105,-82
111000099,16,210,-194
111000100,21,210,-189
111000101,4,45,-41
111000102,8,91,-83
111000104,0,0,0
111000107,3,80,-77
111000109,0,0,0
111000110,0,0,0
111000111,0,0,0
111000112,0,0,0
111000113,0,0,0
111000114,0,0,0
111000115,7,2,5
111000116,0,1,-1
111000117,0,0,0
111000118,0,0,0
111000119,0,0,0
111000120,0,0,0
111000121,0,0,0
111000122,4,5,-1
111000123,1,13,-12
111000124,0,24,-24
111000125,4,8,-4
111000126,0,8,-8
111000127,0,0,0
111000128,0,0,0
111000129,1,0,1
111000130,0,0,0
111000131,1,0,1
111000132,0,0,0
111000133,0,0,0
111000134,0,0,0
111000135,0,0,0
111000136,0,0,0
111000138,0,0,0
111000140,0,0,0
111000141,1,20,-19
111000142,0,0,0
111000143,0,0,0
111000144,0,0,0
111000145,0,0,0
111000146,0,0,0
111000147,1,0,1
111000148,0,0,0
111000149,0,0,0
111000150,0,0,0
111000151,1,2,-1
111000153,0,0,0
111000154,0,0,0
111000155,0,0,0
111000156,0,0,0
111000157,0,0,0
111000158,0,0,0
111000159,1,1,0
111000160,1,0,1
111000161,0,0,0
111000162,0,0,0
111000163,0,0,0
111000164,1,0,1
111000165,0,0,0
111000166,0,0,0
111000167,1,1,0
111000168,0,0,0
111000169,0,2,-2
111000170,0,0,0
111000171,0,0,0
111000172,0,0,0
111000173,0,0,0
111000174,0,0,0
111000175,0,0,0
111000176,0,0,0
111000177,0,0,0
111000178,0,0,0
111000179,0,0,0
111000180,0,0,0
111000181,0,0,0
111000182,0,0,0
111000183,0,0,0
111000184,0,0,0
111000185,0,4,-4
111000186,1,1,0
111000187,0,8,-8
111000188,0,4,-4
111000189,0,0,0
111000190,0,0,0
111000191,0,0,0
111000192,0,0,0
111000193,0,0,0
111000194,0,0,0
111000195,0,0,0
111000196,0,0,0
111000197,0,0,0
111000198,0,0,0
111000199,0,0,0
111000200,0,0,0
111000201,0,0,0
111000202,0,0,0
111000203,0,0,0
111000204,0,0,0
111000213,0,0,0
111000214,0,0,0
111000215,0,0,0
111000217,17,49,-32
111000218,12,37,-25
111000219,23,45,-22
111000220,1,7,-6
111000221,0,0,0
111000224,0,25,-25
111000225,0,0,0
111000226,0,0,0
111000227,0,0,0
111000228,0,0,0
111000229,0,0,0
111000230,0,0,0
111000231,0,0,0
111000232,0,0,0
111000233,2,7,-5
111000234,0,9,-9
111000239,3,2,1
111000240,0,0,0
111000241,0,3,-3
111000242,0,0,0
111000243,4,17,-13
111000244,0,0,0
111000245,0,0,0
111000246,0,0,0
111000247,0,0,0
111000248,0,0,0
111000249,0,0,0
111000250,0,0,0
111000251,0,0,0
111000253,0,0,0
111000255,0,0,0
111000257,0,0,0
111000260,4,44,-40
111000261,0,0,0
111000271,0,1,-1
111000273,0,0,0
111000274,3,0,3
111000275,0,0,0
111000276,1,9,-8
111000277,0,0,0
111000278,0,0,0
111000291,0,1,-1
111000298,0,0,0
111000299,0,0,0
111000300,0,4,-4
111000302,0,0,0
111000303,0,0,0
111000312,0,0,0
111000315,0,1,-1
111000320,0,0,0
111000321,0,0,0
111000322,0,0,0
111000323,0,0,0
111000324,0,0,0
111000325,0,0,0
111000326,0,0,0
111000327,1,0,1
111000328,0,0,0
111000329,0,3,-3
111000330,0,0,0
111000331,0,0,0
111000332,1,1,0
111000334,4,37,-33
111000335,11,23,-12
111000337,16,90,-74
111000338,0,0,0
111000339,0,0,0
111000340,0,7,-7
111000341,9,13,-4
111000342,0,15,-15
111000344,19,30,-11
111000345,0,0,0
111000346,0,0,0
111000347,0,0,0
111000350,0,0,0
111000351,1,0,1
111000352,0,0,0
111000353,0,2,-2
111000354,0,0,0
111000355,0,4,-4
111000358,0,6,-6
111000360,0,14,-14
111000361,0,4,-4
111000546,26,117,-91
111000547,0,0,0
111000548,22,59,-37
111000549,0,0,0
111000550,2,63,-61
111000551,0,0,0
111000552,0,0,0
111000907,0,0,0
111000908,0,0,0
111000916,18,63,-45
111000917,1,2,-1
111000918,0,16,-16
111000920,0,0,0
111000921,0,15,-15
111000922,20,84,-64
111000924,4,35,-31
111000925,83,228,-145
111000926,187,519,-332
111000927,749,629,120
111000928,1383,948,435
111000929,64,115,-51
111000930,54,526,-472
111000931,153,287,-134
111000932,462,531,-69
111000933,208,192,16
111000934,235,508,-273
111000935,36,106,-70
111000936,63,311,-248
111000937,112,57,55
111000938,104,505,-401
111000939,1,0,1
111000940,0,0,0
111000941,0,0,0
111000943,0,0,0
111000944,0,0,0
111000945,0,6,-6
111001109,0,0,0
111001110,1,5,-4
111001111,0,0,0
111001112,7,4,3
111001113,16,53,-37
111001114,0,0,0
111001115,0,18,-18
111001116,90,3,87
111001117,16,69,-53
111001120,0,0,0
111001121,0,0,0
111001122,0,0,0
111900001,0,0,0
111900002,0,0,0
111900003,0,0,0
111900004,0,0,0
111900006,0,0,0
111900007,0,0,0
111900008,0,0,0
111900009,0,0,0
111900010,0,0,0
111900012,0,0,0
111900013,0,0,0
111900014,0,0,0
111900015,0,0,0
111900016,0,0,0
111900017,0,0,0
111900018,0,0,0
111900019,0,0,0
111900020,0,0,0
111900021,0,0,0
111900022,0,0,0
111900023,0,0,0
111900024,0,0,0
111900025,0,0,0
111900026,0,0,0
111900027,0,0,0
111900028,0,0,0
111900029,0,0,0
111900030,0,0,0
111900031,0,0,0
111900032,0,0,0
111900033,0,0,0
111900034,0,0,0
111900035,0,0,0
111900036,0,0,0
111900038,0,0,0
111900039,0,0,0
111900040,0,0,0
111900042,0,0,0
111900043,0,0,0
111900044,0,0,0
111900046,0,0,0
111900048,0,0,0
111900049,0,0,0
111900050,0,0,0
111900051,0,0,0
111900052,0,0,0
111900053,0,0,0
111900054,0,0,0
111900055,0,0,0
111900056,0,0,0
111900057,0,0,0
111900058,0,0,0
111900059,0,0,0
111900060,0,0,0
111900061,0,0,0
111900062,0,0,0
111900063,0,0,0
111900064,0,0,0
111900065,0,0,0
111900066,0,0,0
111900067,0,0,0
111900068,0,0,0
111900069,0,0,0
111900070,0,0,0
111900071,0,0,0
111900072,0,0,0
111900073,0,0,0
111900074,0,0,0
111900075,0,0,0
111900076,0,0,0
111900077,0,0,0
111900078,0,0,0
111900079,0,0,0
111900080,0,0,0
111900081,0,0,0
111900082,0,0,0
111900083,0,0,0
111900084,0,0,0
111900085,0,0,0
111900086,0,0,0
111900087,0,0,0
111900088,0,0,0
111900089,0,0,0
111900090,0,0,0
111900091,0,0,0
111900092,0,0,0
111900093,0,0,0
111900094,0,0,0
111900095,0,0,0
111900096,0,0,0
111900097,0,0,0
111900098,0,0,0
111900099,0,0,0
111900100,0,0,0
111900101,0,0,0
111900102,0,0,0
111900103,0,0,0
111900104,0,0,0
111900105,0,0,0
111900106,0,0,0
111900107,0,0,0
111900108,0,0,0
111900109,0,0,0
111900110,0,0,0
111900111,0,0,0
111900112,0,0,0
111900113,0,0,0
111900114,0,0,0
111900115,0,0,0
111900118,0,0,0
111900119,0,0,0
111900122,0,0,0
111900123,0,0,0
111900124,0,0,0
111900125,0,0,0
111900126,0,0,0
111900127,0,0,0
111900128,0,0,0
111900129,0,0,0
111900130,0,0,0
111900131,0,0,0
111900132,0,0,0
111900133,0,0,0
111900134,0,0,0
111900135,0,0,0
111900136,0,0,0
111900137,0,0,0
111900138,0,0,0
111900139,0,0,0
111900140,0,0,0
111900141,0,0,0
111900142,0,0,0
111900143,0,0,0
111900144,0,0,0
111900145,0,0,0
111900146,0,0,0
111900147,0,0,0
111900148,0,0,0
111900149,0,0,0
111900150,0,0,0
111900151,0,0,0
111900152,0,0,0
111900153,0,0,0
111900154,0,0,0
111900155,0,0,0
111900156,0,0,0
111900157,0,0,0
111900158,0,0,0
111900159,0,0,0
111900160,0,0,0
111900161,0,0,0
111900162,0,0,0
111900163,0,0,0
111900164,0,0,0
111901113,0,0,0
111901114,0,0,0
111901115,0,0,0
111901116,0,0,0
111901117,0,0,0
111901118,0,0,0
111901119,0,0,0
111901120,0,0,0
111901121,0,0,0
111901122,0,0,0
111901123,0,0,0
111901124,0,0,0
111901125,0,0,0
111901126,0,0,0
111901127,0,0,0
111901128,0,0,0
111901129,0,0,0
111901130,0,0,0
111901131,0,0,0
111901132,0,0,0
111901133,0,0,0
111901134,0,0,0
111901135,0,0,0
111901136,0,0,0
111901137,0,0,0
111901138,0,0,0
111901139,0,0,0
111901140,0,0,0
111901141,0,0,0
111901142,0,0,0
111901143,0,0,0
111901144,0,0,0
112000001,38,31,7
112000002,81,323,-242
112000003,32,31,1
112000004,47,260,-213
112000005,93,103,-10
112000006,129,343,-214
112000007,29,42,-13
112000008,20,84,-64
112000009,53,178,-125
112000010,15,59,-44
112000011,62,116,-54
112000012,82,265,-183
112000013,719,112,607
112000014,29,25,4
112000015,11,42,-31
112000016,15,12,3
112000017,3,36,-33
112000024,17,6,11
112000026,92,402,-310
112000027,0,2,-2
112000028,36,96,-60
112000029,0,0,0
112000030,1,0,1
112000031,0,0,0
112000032,3,0,3
112000033,0,0,0
112000034,0,0,0
112000035,0,2,-2
112000036,0,1,-1
112000037,0,1,-1
112000038,0,1,-1
112000039,0,0,0
112000040,0,0,0
112000041,0,0,0
112000042,0,0,0
112000050,0,0,0
112000051,29,24,5
112000054,83,80,3
112000057,2,3,-1
112000058,0,4,-4
112000059,0,3,-3
112000061,0,0,0
112000062,157,18,139
112000063,0,0,0
112000064,105,135,-30
112000065,3,2,1
112000066,0,0,0
112000067,1,2,-1
112000068,0,0,0
112000069,0,4,-4
112000070,0,0,0
112000071,0,5,-5
112000072,0,0,0
112000073,1,10,-9
112000074,0,2,-2
112000075,0,0,0
112000076,1,1,0
112000077,2,0,2
112000078,0,0,0
112000079,0,0,0
112000080,1,2,-1
112000081,0,0,0
112000082,0,0,0
112000083,0,0,0
112000084,0,0,0
112000085,0,0,0
112000086,0,0,0
112000087,1,4,-3
112000088,0,0,0
112000089,0,2,-2
112000090,0,0,0
112000091,18,95,-77
112000092,2,0,2
112000093,20,49,-29
112000094,0,0,0
112000095,6,40,-34
112000096,0,0,0
112000097,0,0,0
112000098,4,14,-10
112000099,0,0,0
112000100,0,1,-1
112000101,4,25,-21
112000102,0,0,0
112000103,5,26,-21
112000105,7,50,-43
112000106,1,0,1
112000107,0,0,0
112000108,0,0,0
112000109,0,0,0
112000110,0,0,0
112000111,0,4,-4
112000112,0,0,0
112000113,3,2,1
112000114,0,0,0
112000115,0,0,0
112000116,0,0,0
112000117,0,0,0
112000118,1,8,-7
112000119,1,5,-4
112000120,0,3,-3
112000121,0,1,-1
112000122,0,0,0
112000123,0,0,0
112000124,0,0,0
112000125,2,1,1
112000126,0,1,-1
112000127,0,2,-2
112000128,2,5,-3
112000129,0,0,0
112000130,0,0,0
112000131,0,2,-2
112000132,0,1,-1
112000133,0,0,0
112000134,0,0,0
112000135,0,1,-1
112000136,0,1,-1
112000137,0,1,-1
112000138,0,7,-7
112000139,0,0,0
112000140,0,0,0
112000141,0,0,0
112000142,0,0,0
112000143,0,0,0
112000144,0,0,0
112000145,1,0,1
112000146,0,2,-2
112000147,0,1,-1
112000148,2,3,-1
112000149,0,0,0
112000150,0,0,0
112000151,0,0,0
112000152,0,0,0
112000153,0,0,0
112000154,0,0,0
112000155,0,0,0
112000157,128,44,84
112000158,0,0,0
112000159,0,0,0
112000167,0,0,0
112000169,0,0,0
112000173,0,0,0
112000175,0,0,0
112000176,0,0,0
112000177,0,0,0
112000178,0,0,0
112000179,0,0,0
112000180,0,0,0
112000181,25,76,-51
112000182,0,0,0
112000183,0,0,0
112000184,0,0,0
112000185,0,0,0
112000187,19,35,-16
112000195,0,0,0
112000196,0,0,0
112000197,0,0,0
112000198,0,2,-2
112000199,0,0,0
112000202,0,0,0
112000216,0,0,0
112000230,0,0,0
112000231,0,1,-1
112000256,0,0,0
112000313,0,0,0
112000314,0,0,0
112000337,0,0,0
112000352,0,0,0
112000392,114,45,69
112000398,33,23,10
112000399,1,0,1
112000400,51,253,-202
112000401,516,203,313
112000402,57,81,-24
112000403,0,1,-1
112000404,29,26,3
112000405,31,118,-87
112000406,141,340,-199
112000407,266,178,88
112000408,411,590,-179
112000409,54,441,-387
112000410,0,0,0
112000411,0,0,0
112000412,0,0,0
112000413,0,0,0
112000414,0,0,0
112000415,0,0,0
112000416,63,32,31
112000417,0,0,0
112000421,0,0,0
112000422,0,0,0
112000424,0,0,0
112000425,4,22,-18
112000426,0,0,0
112000427,0,0,0
112000428,0,0,0
112000429,104,134,-30
112000430,78,159,-81
112000431,0,0,0
112000432,4,28,-24
112000433,48,74,-26
112000437,0,0,0
112900001,0,0,0
112900002,0,0,0
112900003,0,0,0
112900004,0,0,0
112900005,0,0,0
112900006,0,0,0
112900007,0,0,0
112900008,0,0,0
112900009,0,0,0
112900010,0,0,0
112900011,0,0,0
112900012,0,0,0
112900013,0,0,0
112900014,0,0,0
112900015,0,0,0
112900016,0,0,0
112900017,0,0,0
112900018,0,0,0
112900019,0,0,0
112900020,0,0,0
112900021,0,0,0
112900022,0,0,0
112900023,0,0,0
112900024,0,0,0
112900025,0,0,0
112900026,0,0,0
112900027,0,0,0
112900028,0,0,0
112900029,0,0,0
112900030,0,0,0
112900031,0,0,0
112900032,0,0,0
112900034,0,0,0
112900035,0,0,0
112900036,0,0,0
112900037,0,0,0
112900038,0,0,0
112900039,0,0,0
112900040,0,0,0
112900041,0,0,0
112900042,0,0,0
112900043,0,0,0
112900044,0,0,0
112900045,0,0,0
112900046,0,0,0
112900047,0,0,0
112900049,0,0,0
112900050,0,0,0
112900051,0,0,0
112900052,0,0,0
112900053,0,0,0
112900054,0,0,0
112900055,0,0,0
112900056,0,0,0
112900057,0,0,0
112900058,0,0,0
112900059,0,0,0
112900060,0,0,0
112900061,0,0,0
112900062,0,0,0
112900063,0,0,0
112900064,0,0,0
112900065,0,0,0
112900066,0,0,0
112900067,0,0,0
112900068,0,0,0
112900069,0,0,0
112900071,0,0,0
112900072,0,0,0
112900073,0,0,0
112900074,0,0,0
112900075,0,0,0
112900076,0,0,0
112900078,0,0,0
112900079,0,0,0
112900080,0,0,0
112900081,0,0,0
112900082,0,0,0
112900083,0,0,0
112900084,0,0,0
112900085,0,0,0
112900086,0,0,0
112900087,0,0,0
112900088,0,0,0
112900089,0,0,0
112900090,0,0,0
112900091,0,0,0
112900092,0,0,0
112900093,0,0,0
112900094,0,0,0
112900095,0,0,0
112900096,0,0,0
112900097,0,0,0
112900098,0,0,0
112900099,0,0,0
112900100,0,0,0
112900101,0,0,0
112900102,0,0,0
112900103,0,0,0
112900104,0,0,0
112900105,0,0,0
112900106,0,0,0
112900107,0,0,0
112900108,0,0,0
112900109,0,0,0
112900110,0,0,0
112900111,0,0,0
112900112,0,0,0
112900113,0,0,0
112900114,0,0,0
112900115,0,0,0
112900116,0,0,0
112900117,0,0,0
112900118,0,0,0
112900119,0,0,0
112900120,0,0,0
112900121,0,0,0
112900122,0,0,0
112900123,0,0,0
112900124,0,0,0
112900125,0,0,0
112900126,0,0,0
112900127,0,0,0
112900128,0,0,0
112900129,0,17,-17
112900130,0,0,0
112900131,0,0,0
112900132,0,0,0
112900133,0,0,0
112900134,0,2,-2
112900135,0,0,0
112900136,0,0,0
112900137,0,0,0
112900138,0,22,-22
112900139,0,0,0
112900140,0,0,0
112900141,0,0,0
112900142,0,0,0
112900143,0,0,0
112900144,0,0,0
112900145,0,0,0
112900146,0,0,0
112900147,0,0,0
112900148,0,0,0
112900149,0,0,0
112900151,0,0,0
112900152,0,0,0
112900153,0,0,0
112900154,0,0,0
112900155,0,0,0
112900156,0,0,0
112900157,0,0,0
112900158,0,0,0
112900159,0,0,0
112900160,0,0,0
112900161,0,0,0
112900162,0,0,0
112900163,0,0,0
112900164,0,0,0
112900165,0,0,0
112900166,0,0,0
112900167,0,0,0
112900168,0,0,0
112900169,0,0,0
112900170,0,0,0
112900172,0,0,0
112900173,0,0,0
112900174,0,0,0
112900175,0,0,0
112900176,0,0,0
112900177,0,0,0
112900178,0,0,0
112900179,0,0,0
112900180,0,0,0
112900181,0,0,0
112900182,0,0,0
112900183,0,0,0
112900184,0,0,0
112900185,0,0,0
112900186,0,0,0
112900187,0,0,0
112900188,0,0,0
112900189,0,0,0
112900190,0,0,0
112900192,0,0,0
112900193,0,0,0
112900194,0,0,0
112900195,0,0,0
112900196,0,0,0
112900197,0,0,0
112900199,0,0,0
112900200,0,0,0
112900201,0,0,0
112900202,0,0,0
112900203,0,0,0
112900204,0,0,0
112900205,0,0,0
112900206,0,0,0
112900207,0,0,0
112900208,0,0,0
112900209,0,0,0
112900210,0,0,0
112900211,0,0,0
112900212,0,0,0
112900213,0,0,0
112900214,0,0,0
112900215,0,0,0
112900216,0,0,0
112900217,0,0,0
112900218,0,0,0
112900219,0,0,0
112900220,0,0,0
112900221,0,0,0
112900222,0,0,0
112900223,0,0,0
112900224,0,0,0
112900225,0,0,0
112900226,0,0,0
112900227,0,0,0
112900228,0,0,0
112900229,0,0,0
112900230,0,0,0
112900232,0,0,0
112900233,0,0,0
112900234,0,0,0
112900235,0,0,0
112900236,0,0,0
112900237,0,0,0
112900238,0,0,0
113000001,201,160,41
113000002,135,112,23
113000003,6,4,2
113000004,2,2,0
113000005,4,2,2
113000006,0,0,0
113000007,6,3,3
113000008,0,1,-1
113000009,3,2,1
113000010,0,0,0
113000011,9,32,-23
113000012,1,4,-3
113000013,0,0,0
113000014,26,97,-71
113000015,0,10,-10
113000016,0,0,0
113000017,0,18,-18
113000018,0,0,0
113000019,2,46,-44
113000020,0,0,0
113000021,17,76,-59
113000022,4,120,-116
113000025,0,2,-2
113000026,0,3,-3
113000027,1,12,-11
113000028,0,10,-10
113000029,2,0,2
113000030,4,0,4
113000031,3,1,2
113000032,0,0,0
113000033,0,1,-1
113000034,1,4,-3
113000035,0,0,0
113000036,0,0,0
113000037,0,2,-2
113000038,0,0,0
113000039,0,0,0
113000040,0,0,0
113000042,1,0,1
113000051,81,114,-33
113000052,107,60,47
113000053,10,12,-2
113000054,6,51,-45
113000055,8,28,-20
113000056,31,32,-1
113000058,0,0,0
113000059,0,0,0
113000060,0,0,0
113000061,0,2,-2
113000062,2,2,0
113000063,2,0,2
113000064,0,1,-1
113000065,0,2,-2
113000066,0,0,0
113000067,0,0,0
113000068,8,10,-2
113000069,0,11,-11
113000070,0,0,0
113000071,1,1,0
113000072,0,0,0
113000073,9,37,-28
113000074,1,2,-1
113000075,1,11,-10
113000076,34,61,-27
113000077,0,0,0
113000078,1,1,0
113000079,0,0,0
113000080,0,0,0
113000081,0,0,0
113000082,1,1,0
113000083,0,0,0
113000084,1,4,-3
113000085,0,0,0
113000086,1,1,0
113000087,0,0,0
113000088,8,2,6
113000089,0,0,0
113000090,0,0,0
113000091,1,3,-2
113000094,0,0,0
113000095,1,2,-1
113000096,0,4,-4
113000097,0,0,0
113000098,0,0,0
113000099,0,0,0
113000100,0,2,-2
113000101,1,3,-2
113000102,0,0,0
113000103,4,5,-1
113000104,0,0,0
113000105,0,0,0
113000106,2,5,-3
113000107,0,0,0
113000108,1,2,-1
113000109,0,0,0
113000110,0,0,0
113000111,0,0,0
113000112,0,0,0
113000113,0,0,0
113000114,0,0,0
113000116,1,0,1
113000117,1,0,1
113000118,0,1,-1
113000119,0,2,-2
113000120,0,0,0
113000121,1,1,0
113000124,0,0,0
113000125,0,0,0
113000127,23,5,18
113000128,0,0,0
113000129,1,1,0
113000133,15,0,15
113000134,0,0,0
113000135,1,2,-1
113000137,0,0,0
113000139,0,0,0
113000140,1,2,-1
113000141,0,0,0
113000142,1,3,-2
113000143,0,0,0
113000144,0,0,0
113000145,0,0,0
113000146,1,0,1
113000147,0,0,0
113000148,0,1,-1
113000149,0,0,0
113000150,2,2,0
113000151,1,0,1
113000152,0,0,0
113000153,0,0,0
113000154,0,0,0
113000155,1,0,1
113000156,1,2,-1
113000157,0,1,-1
113000158,2,0,2
113000159,0,1,-1
113000160,2,3,-1
113000161,0,0,0
113000162,1,0,1
113000163,0,0,0
113000164,0,0,0
113000166,0,0,0
113000167,0,14,-14
113000168,0,10,-10
113000169,0,0,0
113000170,0,1,-1
113000171,8,4,4
113000172,0,0,0
113000173,0,0,0
113000174,1,28,-27
113000175,0,0,0
113000176,0,0,0
113000177,2,14,-12
113000178,2,18,-16
113000179,0,0,0
113000180,2,35,-33
113000181,1,71,-70
113000182,0,0,0
113000183,6,47,-41
113000184,1,0,1
113000189,0,1,-1
113000190,0,0,0
113000192,67,33,34
113000193,4,0,4
113000194,23,32,-9
113000195,0,0,0
113000196,3,2,1
113000197,0,0,0
113000198,0,6,-6
113000199,0,0,0
113000201,0,0,0
113000202,17,2,15
113000203,0,0,0
113000204,34,28,6
113000205,0,1,-1
113000206,0,0,0
113000207,0,0,0
113000208,0,0,0
113000209,0,1,-1
113000210,0,0,0
113000211,0,0,0
113000212,0,0,0
113000213,0,0,0
113000214,2,2,0
113000234,2,16,-14
113000410,0,0,0
113000411,136,338,-202
113000412,677,287,390
113000413,427,275,152
113000414,786,282,504
113000415,532,339,193
113000416,965,270,695
113000417,289,230,59
113000418,68,122,-54
113000419,116,113,3
113000420,549,208,341
113000421,146,162,-16
113000422,1111,243,868
113000423,427,329,98
113000424,656,533,123
113000425,0,2,-2
113000428,1,4,-3
113000430,2,1,1
113000432,0,0,0
113000433,0,21,-21
113000434,0,0,0
113000435,0,0,0
113000436,0,0,0
113000437,0,0,0
113000438,0,0,0
113000439,0,0,0
113000440,0,0,0
113000441,0,0,0
113000442,0,0,0
113000443,0,0,0
113000444,0,0,0
113000445,0,0,0
113000446,0,0,0
113000448,6,2,4
113000449,0,0,0
113000450,0,0,0
113000451,12,3,9
113000452,0,0,0
113000453,5,9,-4
113000454,0,0,0
113000455,2,9,-7
113000456,0,0,0
113000468,0,0,0
113000469,0,0,0
113000470,0,0,0
113000471,0,0,0
113000472,0,1,-1
113000474,0,1,-1
113000475,72,121,-49
113000476,25,198,-173
113000477,158,224,-66
113000478,302,261,41
113000479,0,0,0
113000480,0,0,0
113000482,0,0,0
113000484,0,0,0
113000485,0,0,0
113000486,0,0,0
113000487,0,0,0
113000489,0,0,0
113000490,0,0,0
113000491,0,0,0
113000492,0,0,0
113000493,0,0,0
113000495,0,0,0
113000496,0,0,0
113000498,0,0,0
113000499,0,0,0
113000500,0,2,-2
113900001,0,0,0
113900002,0,0,0
113900003,0,0,0
113900004,0,0,0
113900005,0,0,0
113900006,0,0,0
113900007,0,0,0
113900008,0,0,0
113900009,0,0,0
113900010,0,0,0
113900011,0,0,0
113900012,0,0,0
113900013,0,0,0
113900014,0,0,0
113900015,0,0,0
113900016,0,0,0
113900017,0,0,0
113900018,0,0,0
113900019,0,0,0
113900020,0,0,0
113900022,0,0,0
113900023,0,0,0
113900024,0,0,0
113900025,0,0,0
113900026,0,0,0
113900027,0,0,0
113900028,0,0,0
113900029,0,0,0
113900030,0,0,0
113900031,0,0,0
113900032,0,0,0
113900033,0,0,0
113900035,0,0,0
113900036,0,0,0
113900037,0,0,0
113900038,0,0,0
113900039,0,0,0
113900040,0,0,0
113900041,0,0,0
113900042,0,0,0
113900043,0,0,0
113900044,0,0,0
113900045,0,0,0
113900046,0,0,0
113900047,0,0,0
113900048,0,0,0
113900049,0,0,0
113900050,0,0,0
113900051,0,0,0
113900052,0,0,0
113900053,0,0,0
113900054,0,0,0
113900055,0,0,0
113900056,0,0,0
113900057,0,0,0
113900058,0,0,0
113900059,0,0,0
113900060,0,0,0
113900061,0,0,0
113900062,0,0,0
113900063,0,0,0
113900064,0,0,0
113900065,0,0,0
113900066,0,0,0
113900067,0,0,0
113900068,0,0,0
113900069,0,0,0
113900070,0,0,0
113900071,0,0,0
113900072,0,0,0
113900073,0,0,0
113900074,0,0,0
113900075,0,0,0
113900076,0,0,0
113900077,0,0,0
113900078,0,0,0
113900079,0,0,0
113900080,0,0,0
113900081,0,0,0
113900082,0,0,0
113900083,0,0,0
113900084,0,0,0
113900085,0,0,0
113900086,0,0,0
113900087,0,0,0
113900088,0,0,0
113900089,0,0,0
113900090,0,0,0
113900091,0,0,0
113900092,0,0,0
113900093,0,0,0
113900094,0,0,0
113900095,0,0,0
113900096,0,0,0
113900097,0,0,0
113900098,0,0,0
113900099,0,0,0
113900100,0,0,0
113900101,0,0,0
113900102,0,0,0
113900103,0,0,0
113900104,0,0,0
113900105,0,0,0
113900106,0,0,0
113900107,0,0,0
113900108,0,0,0
113900109,0,0,0
113900110,0,0,0
113900111,0,0,0
113900112,0,0,0
113900113,0,0,0
113900114,0,0,0
113900115,0,0,0
113900116,0,0,0
113900117,0,0,0
113900118,0,0,0
113900119,0,0,0
113900120,0,0,0
113900121,0,0,0
113900122,0,0,0
113900123,0,0,0
113900124,0,0,0
113900125,0,0,0
113900126,0,0,0
113900127,0,0,0
113900128,0,0,0
113900129,0,0,0
113900130,0,0,0
113900131,0,0,0
113900132,0,0,0
113900133,0,0,0
113900135,0,0,0
113900136,0,0,0
113900137,0,0,0
113900138,0,0,0
113900139,0,0,0
113900140,0,0,0
113900141,0,0,0
113900142,0,0,0
113900143,0,0,0
113900144,0,0,0
113900145,0,0,0
113900146,0,0,0
113900148,0,0,0
113900149,0,0,0
113900150,0,0,0
113900151,0,0,0
113900152,0,0,0
113900153,0,0,0
113900154,0,0,0
113900155,0,0,0
113900156,0,0,0
113900157,0,0,0
113900158,0,0,0
113900159,0,0,0
113900160,0,0,0
113900161,0,0,0
113900162,0,0,0
113900163,0,0,0
113900164,0,0,0
113900165,0,0,0
113900166,0,0,0
113900167,0,0,0
113900168,0,0,0
113900169,0,0,0
113900171,0,0,0
113900172,0,0,0
113900173,0,0,0
113900174,0,0,0
113900175,0,0,0
113900176,0,0,0
113900177,0,0,0
113900178,0,0,0
113900179,0,0,0
113900180,0,0,0
113900181,0,0,0
113900182,0,0,0
113900183,0,0,0
113900184,0,0,0
113900185,0,0,0
113900186,0,0,0
113900187,0,0,0
113900188,0,0,0
113900189,0,0,0
113900190,0,0,0
113900191,0,0,0
113900192,0,0,0
113900193,0,0,0
113900194,0,0,0
113900195,0,0,0
113900196,0,0,0
113900197,0,0,0
113900198,0,0,0
113900199,0,0,0
113900200,0,0,0
113900201,0,0,0
113900202,0,0,0
113900203,0,0,0
113900204,0,0,0
113900205,0,0,0
113900206,0,0,0
113900207,0,0,0
113900208,0,0,0
113900209,0,0,0
113900210,0,0,0
113900211,0,0,0
113900212,0,0,0
113900214,0,0,0
113900215,0,0,0
113900216,0,0,0
113900217,0,0,0
113900218,0,0,0
113900219,0,0,0
113900220,0,0,0
113900221,0,0,0
113900222,0,0,0
113900223,0,0,0
113900224,0,0,0
113900225,0,0,0
113900226,0,0,0
113900227,0,0,0
113900228,0,0,0
113900229,0,0,0
113900230,0,0,0
113900231,0,0,0
113900232,0,0,0
113900233,0,0,0
113900234,0,0,0
113900235,0,0,0
113900236,0,0,0
113900237,0,0,0
113900238,0,0,0
113900239,0,0,0
113900240,0,0,0
113900241,0,0,0
113900242,0,0,0
113900243,0,0,0
113900244,0,0,0
113900245,0,0,0
113900246,0,0,0
113900247,0,0,0
113900248,0,0,0
113900249,0,0,0
113900250,0,0,0
113900251,0,0,0
113900252,0,0,0
113900253,0,0,0
113900254,0,0,0
113900255,0,0,0
113900256,0,0,0
113900257,0,0,0
113900258,0,0,0
113900259,0,0,0
113900260,0,0,0
113900261,0,0,0
113900262,0,0,0
113900263,0,0,0
113900264,0,0,0
113900265,0,0,0
113900266,0,0,0
113900267,0,0,0
113900268,0,0,0
113900269,0,0,0
113900270,0,0,0
113900271,0,0,0
113900273,0,0,0
113900274,0,0,0
113900275,0,0,0
113900276,0,0,0
113900277,0,0,0
113900278,0,0,0
113900279,0,0,0
113900280,0,0,0
113900281,0,0,0
113900282,0,0,0
113900283,0,0,0
113900284,0,0,0
113900285,0,0,0
113900286,0,0,0
113900287,0,0,0
113900288,0,0,0
113900289,0,0,0
113900290,0,0,0
113900291,0,0,0
113900292,0,0,0
113900293,0,0,0
113900294,0,0,0
113900295,0,0,0
113900296,0,0,0
113900297,0,0,0
113900298,0,0,0
113900299,0,0,0
113900300,0,0,0
113900301,0,0,0
113900302,0,0,0
113900303,0,0,0
113900304,0,0,0
113900305,0,0,0
113900306,0,0,0
113900307,0,0,0
113900308,0,0,0
113900309,0,0,0
113900310,0,0,0
113900311,0,0,0
113900312,0,0,0
113900313,0,0,0
114000001,47,38,9
114000002,0,0,0
114000003,0,0,0
114000004,0,0,0
114000005,0,0,0
114000006,3,1,2
114000007,2,1,1
114000008,1,1,0
114000009,0,0,0
114000011,105,60,45
114000012,47,46,1
114000013,52,43,9
114000014,0,0,0
114000015,0,0,0
114000016,0,0,0
114000017,0,0,0
114000018,0,0,0
114000026,23,66,-43
114000027,37,71,-34
114000028,79,84,-5
114000038,0,0,0
114000039,0,0,0
114000040,0,0,0
114000042,0,0,0
114000043,0,0,0
114000044,0,0,0
114000045,0,0,0
114000046,2,10,-8
114000047,0,0,0
114000048,0,0,0
114000049,1,0,1
114000050,1,0,1
114000051,1,1,0
114000052,0,0,0
114000053,0,0,0
114000054,0,0,0
114000055,0,0,0
114000056,0,1,-1
114000057,161,25,136
114000058,0,0,0
114000059,0,0,0
114000060,0,6,-6
114000061,4,2,2
114000062,0,0,0
114000063,88,93,-5
114000064,305,46,259
114000065,54,60,-6
114000066,0,0,0
114000067,0,0,0
114000068,0,0,0
114000069,0,0,0
114000070,122,64,58
114000071,0,0,0
114000072,0,0,0
114000073,0,0,0
114000074,0,0,0
114000075,0,0,0
114000076,0,0,0
114000077,0,0,0
114000078,0,0,0
114000079,0,0,0
114000080,0,0,0
114000081,0,0,0
114000082,0,3,-3
114000083,0,0,0
114000084,0,0,0
114000085,0,0,0
114000086,0,0,0
114000087,0,0,0
114000088,0,0,0
114000089,0,0,0
114000090,0,0,0
114000091,3,1,2
114000092,0,1,-1
114000093,1,3,-2
114000094,0,5,-5
114000095,0,0,0
114000096,0,0,0
114000097,0,0,0
114000098,0,0,0
114000099,0,0,0
114000100,0,0,0
114000101,0,0,0
114000102,0,0,0
114000103,0,0,0
114000104,0,0,0
114000105,0,0,0
114000106,0,0,0
114000107,0,0,0
114000108,34,19,15
114000109,0,2,-2
114000110,4,25,-21
114000111,0,0,0
114000112,3,70,-67
114000113,1,0,1
114000114,10,67,-57
114000115,1,0,1
114000116,33,13,20
114000117,28,3,25
114000118,54,6,48
114000119,46,5,41
114000120,0,0,0
114000121,0,4,-4
114000122,0,0,0
114000123,0,0,0
114000124,0,0,0
114000125,1,67,-66
114000126,0,0,0
114000127,0,0,0
114000128,0,0,0
114000130,0,0,0
114000131,0,0,0
114000132,0,1,-1
114000133,0,3,-3
114000134,0,0,0
114000138,0,0,0
114000139,0,0,0
114000144,1,0,1
114000145,0,0,0
114000146,0,0,0
114000147,0,0,0
114000148,0,0,0
114000149,0,0,0
114000150,0,0,0
114000151,20,15,5
114000152,0,0,0
114000153,1,0,1
114000154,0,0,0
114000155,0,1,-1
114000156,0,0,0
114000157,0,0,0
114000158,0,0,0
114000159,0,0,0
114000160,0,0,0
114000161,51,25,26
114000162,10,42,-32
114000163,0,0,0
114000165,0,0,0
114000166,0,0,0
114000167,7,12,-5
114000168,4,11,-7
114000169,339,144,195
114000170,94,101,-7
114000171,132,153,-21
114000174,3,11,-8
114000176,3,3,0
114000177,22,17,5
114000178,0,0,0
114000179,0,0,0
114000180,5,14,-9
114000181,19,99,-80
114000182,208,435,-227
114000183,118,176,-58
114000184,74,271,-197
114000185,36,126,-90
114000189,1,0,1
114000190,0,0,0
114000191,0,0,0
114000192,3,118,-115
114000193,20,144,-124
114000194,2,1,1
114000195,0,0,0
114000196,0,4,-4
114000197,0,0,0
114000198,0,0,0
114000199,0,0,0
114000200,0,5,-5
114000201,0,2,-2
114000202,0,0,0
114000203,0,0,0
114000204,0,0,0
114000205,0,9,-9
114000206,0,5,-5
114000207,17,166,-149
114000208,11,123,-112
114000209,20,206,-186
114000210,10,165,-155
114000211,0,0,0
114000212,1,4,-3
114000213,92,2,90
114000214,0,0,0
114000215,1,7,-6
114000216,68,0,68
114000217,0,0,0
114000218,0,0,0
114000219,15,0,15
114000220,3,87,-84
114000221,15,1,14
114000222,2,51,-49
114000223,0,0,0
114000224,7,19,-12
114000225,16,17,-1
114000226,3,22,-19
114000227,0,0,0
114000228,0,0,0
114000229,1,5,-4
114000230,0,0,0
114000231,0,6,-6
114000232,0,0,0
114000233,0,0,0
114000234,0,0,0
114000235,2,5,-3
114000236,0,130,-130
114000237,0,10,-10
114000238,0,0,0
114000239,0,10,-10
114000240,4,2,2
114000241,19,135,-116
114000242,73,122,-49
114000243,2,2,0
114000244,0,0,0
114000245,4,34,-30
114000246,22,6,16
114000247,0,0,0
114000248,1,1,0
114000249,0,0,0
114000250,35,30,5
114000251,4,23,-19
114000252,0,0,0
114000253,0,0,0
114000254,0,0,0
114000255,0,0,0
114000256,0,0,0
114000257,3,145,-142
114000258,16,0,16
114000259,2,19,-17
114000260,0,31,-31
114000261,13,3,10
114000262,0,0,0
114000263,0,0,0
114000264,0,0,0
114000265,0,1,-1
114000267,1,166,-165
114000268,0,73,-73
114000270,0,0,0
114000271,19,0,19
114000283,20,0,20
114000285,1,9,-8
114000288,3,25,-22
114000289,0,0,0
114000293,0,0,0
114000294,0,0,0
114000395,88,0,88
114000396,0,0,0
114000402,0,0,0
114000403,0,0,0
114000405,0,0,0
114000423,0,0,0
114000424,0,0,0
114000425,0,0,0
114000426,0,0,0
114000427,1,1,0
114000428,0,0,0
114000429,0,0,0
114000432,0,0,0
114000434,0,0,0
114000435,0,0,0
114900001,0,0,0
114900002,0,0,0
114900003,0,0,0
114900004,0,0,0
114900005,0,0,0
114900006,0,0,0
114900007,0,0,0
114900008,0,0,0
114900010,0,0,0
114900011,0,0,0
114900013,0,0,0
114900015,0,0,0
114900018,0,0,0
114900020,0,0,0
114900021,0,0,0
114900022,0,0,0
114900024,0,0,0
114900025,0,0,0
114900026,0,0,0
114900027,0,0,0
114900029,0,0,0
114900030,0,0,0
114900031,0,0,0
114900032,0,0,0
114900033,0,0,0
114900034,0,0,0
114900035,0,0,0
114900036,0,0,0
114900037,0,0,0
114900038,0,0,0
114900039,0,0,0
114900040,0,0,0
114900041,0,0,0
114900042,0,0,0
114900043,0,0,0
114900044,0,0,0
114900045,0,0,0
114900046,0,0,0
114900047,0,0,0
114900048,0,0,0
114900049,0,0,0
114900050,0,0,0
114900051,0,0,0
114900052,0,0,0
114900053,0,0,0
114900054,0,0,0
114900057,0,0,0
114900058,0,0,0
114900059,0,0,0
114900060,0,0,0
114900061,0,0,0
114900062,0,0,0
114900063,0,0,0
114900064,0,0,0
114900065,0,0,0
114900067,0,0,0
114900068,0,0,0
114900069,0,0,0
114900070,0,0,0
114900072,0,0,0
114900073,0,0,0
114900074,0,0,0
114900075,0,0,0
114900076,0,0,0
114900080,0,0,0
114900082,0,0,0
114900083,0,0,0
114900084,0,0,0
114900090,0,0,0
114900091,0,0,0
114900095,0,0,0
114900096,0,0,0
114900097,0,0,0
114900098,0,0,0
114900099,0,0,0
115000001,462,636,-174
115000002,304,91,213
115000003,286,460,-174
115000004,211,176,35
115000005,75,286,-211
115000006,40,62,-22
115000007,0,0,0
115000008,0,0,0
115000009,0,0,0
115000010,2,0,2
115000013,1,2,-1
115000015,1,5,-4
115000016,0,2,-2
115000019,0,0,0
115000020,0,0,0
115000021,11,83,-72
115000022,49,66,-17
115000023,22,10,12
115000024,64,68,-4
115000025,27,19,8
115000026,3,18,-15
115000027,22,13,9
115000028,13,31,-18
115000029,17,7,10
115000030,6,147,-141
115000031,68,16,52
115000032,1,21,-20
115000033,0,0,0
115000034,2,126,-124
115000035,0,0,0
115000036,0,41,-41
115000037,0,0,0
115000038,0,0,0
115000039,7,10,-3
115000040,0,0,0
115000041,7,11,-4
115000042,0,0,0
115000043,16,45,-29
115000044,201,109,92
115000045,24,107,-83
115000046,2,10,-8
115000047,6,16,-10
115000048,52,215,-163
115000049,64,218,-154
115000050,9,5,4
115000051,9,3,6
115000052,260,180,80
115000053,4,1,3
115000054,64,77,-13
115000055,1,36,-35
115000056,0,10,-10
115000057,3,14,-11
115000058,0,25,-25
115000059,0,7,-7
115000061,0,0,0
115000062,0,0,0
115000063,0,1,-1
115000064,0,0,0
115000065,0,4,-4
115000067,0,0,0
115000069,0,33,-33
115000070,2,25,-23
115000071,0,0,0
115000072,0,0,0
115000073,15,0,15
115000075,0,0,0
115000076,81,111,-30
115000077,31,97,-66
115000078,16,55,-39
115000079,25,97,-72
115000080,20,212,-192
115000081,0,0,0
115000082,61,203,-142
115000083,0,6,-6
115000084,0,0,0
115000085,0,0,0
115000086,0,0,0
115000087,0,5,-5
115000088,0,0,0
115000089,225,92,133
115000090,93,239,-146
115000091,1,82,-81
115000092,0,0,0
115000093,0,0,0
115000094,160,185,-25
115000095,150,369,-219
115000096,0,8,-8
115000097,6,41,-35
115000098,15,84,-69
115000099,0,6,-6
115000100,0,0,0
115000101,20,132,-112
115000102,0,0,0
115000103,0,3,-3
115000105,0,0,0
115000106,0,0,0
115000107,3,90,-87
115000108,309,259,50
115000109,52,217,-165
115000110,60,59,1
115000111,89,145,-56
115000112,23,30,-7
115000113,33,91,-58
115000114,120,83,37
115000116,19,29,-10
115000117,34,77,-43
115000118,23,45,-22
115000119,67,65,2
115000120,5,73,-68
115000121,273,101,172
115000122,118,67,51
115000123,7,5,2
115000124,21,19,2
115000125,1,3,-2
115000126,1,1,0
115000127,21,10,11
115000128,0,1,-1
115000129,0,0,0
115000130,0,2,-2
115000131,1,0,1
115000132,0,0,0
115000133,0,2,-2
115000134,0,1,-1
115000135,0,1,-1
115000136,2,0,2
115000137,1,0,1
115000138,0,0,0
115000139,0,1,-1
115000140,0,0,0
115000141,0,0,0
115000142,0,1,-1
115000143,0,0,0
115000144,0,0,0
115000145,0,5,-5
115000146,0,0,0
115000147,3,2,1
115000148,0,0,0
115000149,0,0,0
115000150,0,0,0
115000151,0,1,-1
115000152,0,0,0
115000153,0,0,0
115000154,1,0,1
115000155,2,0,2
115000156,1,0,1
115000157,0,1,-1
115000158,0,0,0
115000159,0,0,0
115000160,0,0,0
115000161,0,1,-1
115000162,0,0,0
115000163,24,19,5
115000164,21,15,6
115000165,0,0,0
115000167,0,0,0
115000168,0,0,0
115000169,11,18,-7
115000170,2,6,-4
115000171,0,0,0
115000172,10,16,-6
115000173,0,0,0
115000174,0,0,0
115000175,1,0,1
115000176,0,0,0
115000177,0,0,0
115000178,0,2,-2
115000179,0,0,0
115000180,1,12,-11
115000181,0,1,-1
115000182,0,0,0
115000183,4,22,-18
115000186,47,17,30
115000187,0,98,-98
115000188,157,4,153
115000189,5,67,-62
115000190,58,2,56
115000191,2,73,-71
115000194,1,1,0
115000195,0,0,0
115000196,0,0,0
115000197,0,0,0
115000198,0,0,0
115000199,0,0,0
115000200,0,0,0
115000201,0,1,-1
115000206,0,0,0
115000207,1,42,-41
115000208,24,106,-82
115000209,31,2,29
115000210,0,1,-1
115000211,32,15,17
115000212,52,18,34
115000218,0,0,0
115000219,0,0,0
115000224,0,0,0
115000225,0,0,0
115000229,0,0,0
115000230,0,0,0
115000231,0,108,-108
115000232,0,0,0
115000233,0,2,-2
115000234,0,0,0
115000241,0,0,0
115000242,0,0,0
115000243,0,0,0
115000244,0,0,0
115000246,0,0,0
115000247,0,0,0
115000248,0,0,0
115000249,0,0,0
115000250,0,0,0
115000251,0,0,0
115000252,0,0,0
115000253,0,0,0
115000258,0,0,0
115000259,0,0,0
115000261,0,0,0
115000262,0,0,0
115000263,0,0,0
115000264,0,0,0
115000267,0,0,0
115000268,0,0,0
115000269,0,0,0
115000270,0,0,0
115000272,0,0,0
115000273,0,0,0
115000274,0,0,0
115000280,0,0,0
115000281,13,11,2
115000282,12,4,8
115000284,235,89,146
115000296,0,0,0
115000297,0,0,0
115000298,9,4,5
115000300,0,0,0
115000302,0,0,0
115000303,0,0,0
115000304,0,0,0
115000305,0,12,-12
115000306,0,7,-7
115000307,0,6,-6
115000308,0,0,0
115000310,1,0,1
115000311,0,0,0
115000313,1,2,-1
115000314,0,0,0
115000315,65,187,-122
115000316,0,0,0
115000317,2,54,-52
115000318,67,4,63
115000319,0,49,-49
115000320,0,38,-38
115000321,42,2,40
115000322,2,58,-56
115000449,0,0,0
115000557,0,0,0
115000558,0,0,0
115000587,0,1,-1
115000588,186,470,-284
115000589,328,104,224
115000590,37,190,-153
115000591,37,32,5
115000592,48,215,-167
115000593,46,34,12
115000594,100,168,-68
115000609,0,0,0
115000617,13,14,-1
115000624,0,0,0
115000633,11,160,-149
115000634,396,22,374
115000635,21,8,13
115000638,0,0,0
115000641,0,0,0
115000642,0,0,0
115000643,3,66,-63
115000644,5,29,-24
115000646,27,53,-26
115000647,2,40,-38
115000648,6,115,-109
115000893,407,71,336
115000894,5,155,-150
115000895,21,171,-150
115000896,88,15,73
115000897,83,3,80
115000898,120,12,108
115000899,33,52,-19
115000900,28,14,14
115000901,2,41,-39
115000912,11,2,9
115000913,0,0,0
115000915,0,0,0
115000916,0,0,0
115000917,0,0,0
115000918,0,0,0
115000919,0,0,0
115000920,0,0,0
115000921,0,0,0
115000922,31,21,10
115000923,32,94,-62
115000925,0,0,0
115000927,0,0,0
115000933,25,25,0
115900001,0,0,0
115900002,0,0,0
115900003,0,0,0
115900004,0,0,0
115900005,0,0,0
115900006,0,0,0
115900008,0,0,0
115900009,0,0,0
115900010,0,0,0
115900011,0,0,0
115900012,0,0,0
115900013,0,0,0
115900014,0,0,0
115900015,0,0,0
115900016,0,0,0
115900017,0,0,0
115900018,0,0,0
115900019,0,0,0
115900020,0,0,0
115900021,0,0,0
115900022,0,0,0
115900023,0,0,0
115900025,0,0,0
115900026,0,0,0
115900027,0,0,0
115900028,0,0,0
115900029,0,0,0
115900030,0,0,0
115900031,0,0,0
115900032,0,0,0
115900033,0,0,0
115900034,0,0,0
115900035,0,0,0
115900036,0,0,0
115900037,0,0,0
115900038,0,0,0
115900039,0,0,0
115900041,0,0,0
115900042,0,0,0
115900043,0,0,0
115900044,0,0,0
115900046,0,0,0
115900047,0,0,0
115900049,0,0,0
115900051,0,0,0
115900052,0,0,0
115900053,0,0,0
115900054,0,0,0
115900055,0,0,0
115900056,0,0,0
115900057,0,0,0
115900058,0,0,0
115900060,0,0,0
115900061,0,0,0
115900062,0,0,0
115900063,0,0,0
115900064,0,0,0
115900065,0,0,0
115900066,0,0,0
115900067,0,0,0
115900068,0,0,0
115900069,0,0,0
115900070,0,0,0
115900071,0,0,0
115900072,0,0,0
115900073,0,0,0
115900074,0,0,0
115900075,0,0,0
115900076,0,0,0
115900077,0,0,0
115900078,0,0,0
115900079,0,0,0
115900080,0,0,0
115900081,0,0,0
115900082,0,0,0
115900084,0,0,0
115900085,0,0,0
115900086,0,0,0
115900088,0,0,0
115900089,0,0,0
115900090,0,0,0
115900091,0,0,0
115900092,0,0,0
115900093,0,0,0
115900094,0,0,0
115900096,0,0,0
115900097,0,0,0
115900098,0,0,0
115900099,0,0,0
115900100,0,0,0
115900101,0,0,0
115900102,0,0,0
115900103,0,0,0
115900104,0,0,0
115900105,0,0,0
115900106,0,0,0
115900107,0,0,0
115900108,0,0,0
115900109,0,0,0
115900110,0,0,0
115900111,0,0,0
115900112,0,0,0
115900113,0,0,0
115900114,0,0,0
115900115,0,0,0
115900116,0,0,0
115900117,0,0,0
115900118,0,0,0
115900119,0,0,0
115900120,0,0,0
115900121,0,0,0
115900124,0,0,0
115900125,0,0,0
115900126,0,0,0
115900127,0,0,0
115900128,0,0,0
115900129,0,0,0
115900130,0,0,0
115900131,0,0,0
115900132,0,0,0
115900134,0,0,0
115900135,0,0,0
115900137,0,0,0
115900139,0,0,0
115900140,0,0,0
115900141,0,0,0
115900142,0,0,0
115900143,0,0,0
115900144,0,0,0
115900146,0,0,0
115900147,0,0,0
115900148,0,0,0
115900149,0,0,0
115900150,0,0,0
115900151,0,0,0
115900152,0,0,0
115900153,0,0,0
115900154,0,0,0
115900155,0,0,0
115900156,0,0,0
115900157,0,0,0
115900158,0,0,0
115900159,0,0,0
115900160,0,0,0
115900161,0,0,0
115900163,0,0,0
115900164,0,0,0
115900165,0,0,0
115900166,0,0,0
115900168,0,0,0
115900171,0,0,0
115900172,0,0,0
115900173,0,0,0
115900174,0,0,0
115900175,0,0,0
115900178,0,0,0
115900179,0,0,0
115900180,0,0,0
115900181,0,0,0
115900182,0,0,0
115900183,0,0,0
115900184,0,0,0
115900187,0,0,0
115900189,0,0,0
115900190,0,0,0
115900191,0,0,0
115900192,0,0,0
115900193,0,0,0
115900194,0,0,0
115900195,0,0,0
115900198,0,0,0
115900199,0,0,0
115900200,0,0,0
115900201,0,0,0
115900202,0,0,0
115900203,0,0,0
115900204,0,0,0
115900205,0,0,0
115900206,0,0,0
115900207,0,0,0
115900208,0,0,0
115900209,0,0,0
115900210,0,0,0
115900211,0,0,0
115900212,0,0,0
115900213,0,0,0
115900214,0,0,0
115900215,0,0,0
115900216,0,0,0
115900217,0,0,0
115900218,0,0,0
115900219,0,0,0
115900220,0,0,0
115900221,0,0,0
115900222,0,0,0
115900223,0,0,0
115900224,0,0,0
115900225,0,0,0
115900226,0,0,0
115900227,0,0,0
115900228,0,0,0
115900229,0,0,0
115900230,0,0,0
115900231,0,0,0
115900232,0,0,0
115900233,0,0,0
115900234,0,0,0
115900235,0,0,0
115900236,0,0,0
115900237,0,0,0
115900238,0,0,0
115900239,0,0,0
115900240,0,0,0
115900241,0,0,0
115900242,0,0,0
115900243,0,0,0
115900244,0,0,0
115900245,0,0,0
115900246,0,0,0
115900247,0,0,0
115900248,0,0,0
115900249,0,0,0
115900250,0,0,0
115900251,0,0,0
115900252,0,0,0
115900253,0,0,0
115900254,0,0,0
115900255,0,0,0
115900256,0,0,0
115900257,0,0,0
115900258,0,0,0
115900259,0,0,0
115900260,0,0,0
115900261,0,0,0
115900262,0,0,0
115900263,0,0,0
115900264,0,0,0
115900265,0,0,0
115900266,0,0,0
115900267,0,0,0
115900268,0,0,0
115900269,0,0,0
115900270,0,0,0
116000001,623,297,326
116000002,463,215,248
116000003,67,109,-42
116000004,138,65,73
116000005,27,122,-95
116000006,60,30,30
116000007,100,198,-98
116000008,110,19,91
116000009,17,78,-61
116000010,66,10,56
116000011,7,72,-65
116000012,117,15,102
116000013,643,261,382
116000014,0,0,0
116000015,2,88,-86
116000016,0,0,0
116000017,3,35,-32
116000018,0,0,0
116000019,25,41,-16
116000020,57,47,10
116000021,29,43,-14
116000022,12,48,-36
116000023,4,14,-10
116000024,0,0,0
116000025,4,25,-21
116000026,0,2,-2
116000027,7,29,-22
116000028,0,0,0
116000029,44,14,30
116000030,0,0,0
116000031,11,26,-15
116000032,6,29,-23
116000033,0,0,0
116000034,0,0,0
116000035,11,61,-50
116000036,4,2,2
116000037,0,0,0
116000038,0,0,0
116000039,0,12,-12
116000040,0,0,0
116000041,0,14,-14
116000042,0,0,0
116000043,0,19,-19
116000044,0,0,0
116000045,0,0,0
116000046,3,41,-38
116000047,12,46,-34
116000048,4,26,-22
116000049,13,27,-14
116000050,7,17,-10
116000051,21,24,-3
116000052,15,46,-31
116000053,0,0,0
116000054,4,16,-12
116000055,4,8,-4
116000056,0,0,0
116000057,25,15,10
116000058,1,1,0
116000059,2,0,2
116000060,0,0,0
116000061,2,7,-5
116000062,0,0,0
116000063,4,3,1
116000066,0,0,0
116000067,1,3,-2
116000068,2,0,2
116000069,2,3,-1
116000078,1,6,-5
116000080,1,4,-3
116000082,0,0,0
116000083,41,5,36
116000084,10,79,-69
116000085,130,5,125
116000086,8,38,-30
116000087,106,7,99
116000088,30,66,-36
116000089,0,0,0
116000090,0,0,0
116000091,0,0,0
116000093,6,1,5
116000094,1,67,-66
116000095,7,4,3
116000096,1,66,-65
116000097,16,2,14
116000098,1,81,-80
116000099,73,1,72
116000100,0,0,0
116000101,0,0,0
116000102,0,0,0
116000103,0,0,0
116000104,0,0,0
116000105,0,0,0
116000106,0,0,0
116000107,0,0,0
116000108,0,0,0
116000111,0,0,0
116000113,0,0,0
116000114,0,0,0
116000115,0,0,0
116000116,0,0,0
116000117,1,0,1
116000118,1,6,-5
116000119,0,3,-3
116000120,1,14,-13
116000121,0,0,0
116000122,51,180,-129
116000123,0,0,0
116000124,9,110,-101
116000125,0,0,0
116000126,23,186,-163
116000127,35,107,-72
116000128,0,0,0
116000129,0,0,0
116000130,0,0,0
116000133,0,0,0
116000134,20,126,-106
116000135,0,0,0
116000136,19,97,-78
116000137,0,0,0
116000138,8,4,4
116000139,40,85,-45
116000140,1,3,-2
116000141,0,0,0
116000142,41,171,-130
116000143,167,4,163
116000144,2,94,-92
116000145,147,3,144
116000146,0,0,0
116000147,28,25,3
116000148,0,1,-1
116000149,0,0,0
116000151,6,65,-59
116000153,0,0,0
116000155,0,0,0
116000156,10,60,-50
116000157,0,0,0
116000158,4,78,-74
116000159,0,0,0
116000160,0,0,0
116000161,0,0,0
116000162,0,0,0
116000163,0,0,0
116000164,0,0,0
116000177,0,0,0
116000194,0,69,-69
116000195,30,2,28
116000196,0,0,0
116000197,0,0,0
116000198,0,0,0
116000200,10,39,-29
116000201,0,0,0
116000202,0,0,0
116000203,0,0,0
116000204,0,0,0
116000205,0,0,0
116000206,0,0,0
116000207,0,0,0
116000233,0,0,0
116000287,2,36,-34
116000288,0,0,0
116000292,0,0,0
116000296,0,0,0
116000297,0,0,0
116000304,0,0,0
116000305,0,0,0
116000346,0,0,0
116000352,0,0,0
116000354,0,0,0
116000357,0,0,0
116000358,0,0,0
116000361,0,0,0
116000372,22,17,5
116000381,0,0,0
116000388,0,0,0
116000389,0,0,0
116000445,3,60,-57
116000446,0,0,0
116000447,2,90,-88
116000448,0,0,0
116000563,0,0,0
116000565,0,0,0
116000568,0,0,0
116000579,0,0,0
116000584,0,0,0
116000585,0,0,0
116000586,0,0,0
116000587,0,0,0
116000589,0,0,0
116000590,0,0,0
116000591,0,0,0
116000592,0,0,0
116000593,0,0,0
116000594,0,0,0
116000595,0,0,0
116000596,0,0,0
116000597,0,0,0
116000598,0,0,0
116000602,0,0,0
116000605,0,0,0
116000606,0,0,0
116000607,0,0,0
116000609,0,0,0
116000611,2,52,-50
116000612,85,15,70
116000613,0,0,0
116000614,6,80,-74
116000615,0,14,-14
116000616,0,0,0
116000617,0,0,0
116000618,0,0,0
116000619,0,0,0
116000620,0,0,0
116000621,1,1,0
116000622,0,0,0
116000624,0,0,0
116900001,0,0,0
116900002,0,0,0
116900003,0,0,0
116900004,0,0,0
116900005,0,0,0
116900006,0,0,0
116900007,0,0,0
116900008,0,0,0
116900009,0,0,0
116900010,0,0,0
116900011,0,0,0
116900012,0,0,0
116900013,0,0,0
116900014,0,0,0
116900015,0,0,0
116900016,0,0,0
116900017,0,0,0
116900018,0,0,0
116900019,0,0,0
116900020,0,0,0
116900023,0,0,0
116900024,0,0,0
116900025,0,0,0
116900026,0,0,0
116900027,0,0,0
116900028,0,0,0
116900029,0,0,0
116900031,0,0,0
116900032,0,0,0
116900033,0,0,0
116900034,0,0,0
116900035,0,0,0
116900036,0,0,0
116900038,0,0,0
116900041,0,0,0
116900042,0,0,0
116900043,0,0,0
116900045,0,0,0
116900047,0,0,0
116900049,0,0,0
116900050,0,0,0
116900051,0,0,0
116900052,0,0,0
116900055,0,0,0
116900057,0,0,0
116900058,0,0,0
116900059,0,0,0
116900060,0,0,0
116900062,0,0,0
116900064,0,0,0
116900065,0,0,0
116900067,0,0,0
116900068,0,0,0
116900070,0,0,0
116900072,0,0,0
116900073,0,0,0
116900074,0,0,0
116900076,0,0,0
116900077,0,0,0
116900078,0,0,0
116900079,0,0,0
116900080,0,0,0
116900081,0,0,0
116900082,0,0,0
116900083,0,0,0
116900084,0,0,0
116900085,0,0,0
116900086,0,0,0
116900088,0,0,0
116900090,0,0,0
116900091,0,0,0
116900092,0,0,0
116900093,0,0,0
116900094,0,0,0
116900095,0,0,0
116900096,0,0,0
116900097,0,0,0
116900098,0,0,0
116900099,0,0,0
116900100,0,0,0
116900101,0,0,0
116900103,0,0,0
116900104,0,0,0
116900105,0,0,0
116900106,0,0,0
116900107,0,0,0
116900110,0,0,0
116900111,0,0,0
116900112,0,0,0
116900113,0,0,0
116900116,0,0,0
116900117,0,0,0
116900118,0,0,0
116900120,0,0,0
116900121,0,0,0
116900122,0,0,0
116900123,0,0,0
116900124,0,0,0
116900125,0,0,0
116900126,0,0,0
116900128,0,0,0
116900129,0,0,0
116900130,0,0,0
116900131,0,0,0
116900132,0,0,0
116900133,0,0,0
116900134,0,0,0
116900136,0,0,0
116900137,0,0,0
116900138,0,0,0
116900139,0,0,0
116900140,0,0,0
116900141,0,0,0
116900142,0,0,0
116900143,0,0,0
116900144,0,0,0
116900145,0,0,0
116900147,0,0,0
116900148,0,0,0
116900149,0,0,0
116900150,0,0,0
116900151,0,0,0
116900153,0,0,0
116900154,0,0,0
116900155,0,0,0
116900157,0,0,0
116900158,0,0,0
116900159,0,0,0
116900160,0,0,0
116900161,0,0,0
116900162,0,0,0
116900163,0,0,0
116900164,0,0,0
116900165,0,0,0
116900166,0,0,0
116900167,0,0,0
116900168,0,0,0
116900169,0,0,0
116900170,0,0,0
116900171,0,0,0
116900172,0,0,0
116900173,0,0,0
116900174,0,0,0
116900175,0,0,0
116900178,0,0,0
116900179,0,0,0
116900180,0,0,0
116900182,0,0,0
116900183,0,0,0
116900185,0,0,0
116900186,0,0,0
116900187,0,0,0
116900188,0,0,0
116900189,0,0,0
116900191,0,0,0
116900192,0,0,0
116900194,0,0,0
116900195,0,0,0
116900196,0,0,0
116900197,0,0,0
116900198,0,0,0
116900200,0,0,0
116900201,0,0,0
116900202,0,0,0
116900203,0,0,0
116900204,0,0,0
116900206,0,0,0
116900207,0,0,0
116900208,0,0,0
116900209,0,0,0
116900210,0,0,0
116900211,0,0,0
116900212,0,0,0
116900213,0,0,0
116900214,0,0,0
116900215,0,0,0
116900216,0,0,0
116900218,0,0,0
116900219,0,0,0
116900220,0,0,0
116900221,0,0,0
116900222,0,0,0
116900223,0,0,0
116900226,0,0,0
116900227,0,0,0
116900228,0,0,0
116900230,0,0,0
116900231,0,0,0
116900232,0,0,0
116900233,0,0,0
116900234,0,0,0
116900235,0,4,-4
116900238,0,0,0
116900239,0,0,0
116900240,0,0,0
116900241,0,0,0
116900242,0,0,0
116900243,0,0,0
116900245,0,0,0
116900246,0,0,0
116900247,0,0,0
116900248,0,0,0
116900249,0,0,0
116900250,0,0,0
116900251,0,0,0
116900252,0,0,0
116900253,0,0,0
116900254,0,0,0
116900255,0,0,0
116900256,0,0,0
116900257,0,0,0
116900258,0,0,0
116900259,0,0,0
116900260,0,0,0
116900261,0,0,0
116900262,0,0,0
116900263,0,0,0
116900264,0,0,0
116900265,0,0,0
116900266,0,0,0
116900267,0,0,0
116900268,0,0,0
116900269,0,0,0
116900271,0,0,0
116900272,0,0,0
116900273,0,0,0
116900274,0,0,0
116900275,0,0,0
116900276,0,0,0
116900277,0,0,0
116900278,0,0,0
116900279,0,0,0
116900280,0,0,0
116900281,0,0,0
116900282,0,0,0
116900283,0,0,0
116900284,0,0,0
116900285,0,0,0
116900286,0,0,0
116900287,0,0,0
116900288,0,0,0
116900289,0,0,0
116900290,0,0,0
116900291,0,0,0
116900292,0,0,0
116900293,0,0,0
116900294,0,0,0
116900295,0,0,0
116900296,0,0,0
116900297,0,0,0
116900298,0,0,0
116900299,0,0,0
116900300,0,0,0
116900301,0,0,0
116900302,0,0,0
116900303,0,0,0
116900304,0,0,0
116900305,0,0,0
116900306,0,0,0
117000001,16,37,-21
117000002,30,147,-117
117000003,186,48,138
117000004,116,176,-60
117000005,62,20,42
117000006,12,184,-172
117000007,81,6,75
117000008,7,205,-198
117000009,1,0,1
117000010,63,165,-102
117000011,0,0,0
117000012,11,91,-80
117000013,2,0,2
117000014,19,64,-45
117000015,1,0,1
117000016,0,1,-1
117000017,0,0,0
117000018,0,9,-9
117000019,0,0,0
117000020,1,34,-33
117000021,8,11,-3
117000022,0,0,0
117000023,0,4,-4
117000024,1,17,-16
117000025,1,3,-2
117000026,1,0,1
117000027,3,8,-5
117000028,0,0,0
117000030,0,0,0
117000032,0,0,0
117000033,126,99,27
117000034,0,0,0
117000036,0,0,0
117000038,0,0,0
117000039,0,0,0
117000040,0,0,0
117000041,0,0,0
117000044,0,0,0
117000045,0,0,0
117000046,0,0,0
117000047,0,0,0
117000048,4,8,-4
117000049,0,0,0
117000050,0,1,-1
117000051,0,0,0
117000052,0,0,0
117000053,0,0,0
117000054,40,0,40
117000055,0,50,-50
117000056,15,1,14
117000057,2,42,-40
117000060,0,0,0
117000061,0,0,0
117000062,0,0,0
117000063,0,0,0
117000064,0,0,0
117000066,0,0,0
117000067,0,0,0
117000074,0,0,0
117000076,0,0,0
117000077,0,0,0
117000078,1,37,-36
117000079,0,0,0
117000080,1,103,-102
117000081,0,0,0
117000082,0,43,-43
117000083,0,0,0
117000084,0,0,0
117000085,2,37,-35
117000086,0,0,0
117000087,5,116,-111
117000088,0,0,0
117000089,0,0,0
117000090,7,137,-130
117000091,0,0,0
117000092,6,101,-95
117000093,0,0,0
117000094,12,108,-96
117000095,0,0,0
117000096,9,174,-165
117000097,0,0,0
117000098,35,162,-127
117000099,0,0,0
117000100,0,0,0
117000101,0,0,0
117000102,0,0,0
117000103,63,61,2
117000104,0,0,0
117000105,28,71,-43
117000106,0,0,0
117000107,23,66,-43
117000108,0,0,0
117000109,75,73,2
117000110,0,0,0
117000111,199,79,120
117000112,34,11,23
117000113,0,0,0
117000114,0,0,0
117000115,0,0,0
117000116,0,0,0
117000117,0,0,0
117000118,0,0,0
117000119,0,0,0
117000120,0,0,0
117000121,0,0,0
117000122,0,0,0
117000123,0,0,0
117000124,0,0,0
117000125,0,0,0
117000126,0,0,0
117000127,0,0,0
117000128,0,0,0
117000129,0,0,0
117000130,0,0,0
117000131,0,0,0
117000132,66,22,44
117000133,0,0,0
117000134,0,8,-8
117000135,0,2,-2
117000136,0,0,0
117000137,0,0,0
117000138,1,32,-31
117000140,13,56,-43
117000141,0,0,0
117000181,0,0,0
117000182,0,0,0
117000195,0,0,0
117000196,0,0,0
117000225,0,0,0
117000226,0,0,0
117000276,0,0,0
117000277,0,0,0
117000310,20,66,-46
117000315,0,0,0
117000320,0,0,0
117000906,0,0,0
117000907,0,0,0
117000908,0,0,0
117000909,0,0,0
117000910,45,3,42
117000911,6,70,-64
117000915,0,0,0
117000916,0,0,0
117000917,0,0,0
117000918,0,0,0
117000919,0,0,0
117000920,0,41,-41
117000921,0,0,0
117000922,0,0,0
117000924,0,0,0
117000926,1,4,-3
117000927,1,0,1
117000928,0,18,-18
117000929,0,0,0
117000930,0,0,0
117000931,0,0,0
117900002,0,0,0
117900003,0,0,0
117900005,0,0,0
117900006,0,0,0
117900007,0,0,0
117900008,0,0,0
117900010,0,0,0
117900011,0,0,0
117900012,0,0,0
117900013,0,0,0
117900014,0,0,0
117900015,0,0,0
117900016,0,0,0
117900017,0,0,0
117900018,0,0,0
117900019,0,0,0
117900020,0,0,0
117900021,0,0,0
117900022,0,0,0
117900023,0,0,0
117900024,0,0,0
117900025,0,0,0
117900026,0,0,0
117900028,0,0,0
117900029,0,0,0
117900030,0,0,0
117900031,0,0,0
117900032,0,0,0
117900033,0,0,0
117900034,0,0,0
117900035,0,0,0
117900036,0,0,0
117900037,0,0,0
117900038,0,0,0
117900039,0,0,0
117900040,0,0,0
117900041,0,0,0
117900042,0,0,0
117900043,0,0,0
117900044,0,0,0
117900045,0,0,0
117900048,0,0,0
117900049,0,0,0
117900050,0,0,0
117900051,0,0,0
117900052,0,0,0
117900053,0,0,0
117900054,0,0,0
117900055,0,0,0
117900056,0,0,0
117900057,0,0,0
117900058,3,18,-15
117900059,0,0,0
117900060,0,6,-6
117900061,0,0,0
117900063,0,0,0
117900065,0,0,0
117900066,0,0,0
117900067,0,0,0
117900069,0,0,0
117900070,0,0,0
117900071,0,0,0
117900073,0,0,0
117900074,0,0,0
117900075,0,0,0
117900076,0,0,0
117900077,0,0,0
117900078,0,0,0
117900080,0,0,0
117900081,0,0,0
117900082,0,0,0
117900083,0,0,0
117900086,0,0,0
117900087,0,0,0
117900088,0,0,0
117900089,0,0,0
117900090,0,0,0
117900091,0,0,0
117900092,0,0,0
117900093,0,0,0
117900094,0,0,0
117900095,0,0,0
117900096,0,0,0
117900097,0,0,0
117900098,0,0,0
117900099,0,0,0
117900100,0,0,0
117900101,0,0,0
117900102,0,0,0
117900103,0,0,0
117900104,0,0,0
117900105,0,0,0
117900106,0,0,0
117900107,0,0,0
117900109,0,0,0
117900110,0,0,0
117900111,0,0,0
117900112,0,0,0
117900113,0,0,0
117900114,0,0,0
117900115,0,0,0
117900116,0,0,0
117900117,0,0,0
117900118,0,0,0
117900119,0,0,0
117900120,0,0,0
117900121,0,0,0
117900122,0,0,0
117900123,0,0,0
117900124,0,1,-1
117900125,134,4,130
117900126,0,0,0
117900127,0,0,0
117900128,0,0,0
117900129,0,0,0
117900130,0,0,0
117900131,0,0,0
117900132,0,0,0
117900133,0,0,0
117900134,0,0,0
117900135,0,0,0
117900136,0,0,0
117900137,0,0,0
117900138,0,0,0
117900139,0,0,0
117900140,0,0,0
117900141,0,0,0
117900142,0,0,0
117900144,0,0,0
117900145,0,0,0
117900146,0,0,0
117900147,0,0,0
117900148,0,0,0
117900149,0,0,0
117900150,0,0,0
117900151,0,0,0
117900152,0,0,0
117900153,0,0,0
117900154,0,0,0
117900156,0,0,0
117900157,0,0,0
117900158,0,0,0
117900160,1,0,1
117900161,4,0,4
117900162,0,0,0
117900163,0,0,0
117900165,0,0,0
117900166,0,0,0
117900168,0,0,0
117900169,0,0,0
117900170,0,0,0
117900171,0,0,0
117900172,0,0,0
117900173,0,0,0
117900174,0,0,0
117900175,0,0,0
117900176,0,0,0
117900177,0,0,0
117900178,0,0,0
117900180,0,0,0
117900181,0,0,0
117900182,0,0,0
117900183,0,0,0
117900184,0,0,0
117900185,0,0,0
117900186,0,0,0
117900187,0,0,0
117900188,0,0,0
117900189,0,0,0
117900190,0,0,0
117900191,0,0,0
117900192,0,0,0
117900193,0,0,0
117900194,0,0,0
117900195,0,0,0
117900196,0,0,0
117900207,0,0,0
117900208,0,0,0
117900209,0,0,0
117900210,0,0,0
117900211,0,0,0
117900212,0,0,0
117900213,0,0,0
117900214,0,0,0
117900216,0,0,0
117900217,0,0,0
117900218,0,0,0
117900219,0,0,0
117900220,0,0,0
117900221,0,0,0
118000001,20,34,-14
118000002,38,97,-59
118000003,68,74,-6
118000004,67,66,1
118000005,339,117,222
118000006,328,281,47
118000007,231,60,171
118000008,72,71,1
118000009,25,64,-39
118000010,2,7,-5
118000011,2,1,1
118000012,0,1,-1
118000013,6,2,4
118000014,1,1,0
118000016,0,1,-1
118000017,0,0,0
118000018,0,1,-1
118000019,128,3,125
118000020,1,5,-4
118000021,0,9,-9
118000022,3,4,-1
118000023,0,2,-2
118000024,2,5,-3
118000025,7,6,1
118000027,730,157,573
118000029,9,0,9
118000032,1,1,0
118000033,39,114,-75
118000034,333,42,291
118000035,6,244,-238
118000036,0,3,-3
118000037,0,1,-1
118000038,0,0,0
118000039,0,0,0
118000040,5,84,-79
118000041,35,15,20
118000045,0,0,0
118000046,0,0,0
118000047,1,2,-1
118000048,1,0,1
118000051,0,0,0
118000052,0,0,0
118000053,0,0,0
118000054,0,1,-1
118000055,0,0,0
118000056,0,0,0
118000057,0,0,0
118000058,0,0,0
118000059,0,1,-1
118000060,0,0,0
118000061,0,9,-9
118000062,0,0,0
118000063,0,0,0
118000064,0,0,0
118000065,4,1,3
118000066,0,1,-1
118000067,10,46,-36
118000068,0,4,-4
118000069,0,0,0
118000070,3,0,3
118000071,0,7,-7
118000072,0,0,0
118000073,3,0,3
118000074,0,0,0
118000075,1,0,1
118000076,48,26,22
118000077,90,38,52
118000078,30,71,-41
118000079,0,2,-2
118000080,79,25,54
118000081,22,55,-33
118000082,1,1,0
118000083,0,2,-2
118000084,6,0,6
118000086,2,3,-1
118000087,624,213,411
118000088,3,10,-7
118000089,56,484,-428
118000090,367,27,340
118000091,161,331,-170
118000092,0,0,0
118000093,0,0,0
118000096,0,1,-1
118000097,0,1,-1
118000098,0,0,0
118000099,0,1,-1
118000101,3,2,1
118000102,0,2,-2
118000107,9,1,8
118000108,0,0,0
118000110,0,0,0
118000111,0,14,-14
118000112,0,0,0
118000113,0,20,-20
118000114,0,0,0
118000115,0,0,0
118000116,0,0,0
118000117,21,25,-4
118000118,17,25,-8
118000119,16,51,-35
118000120,53,53,0
118000121,0,0,0
118000122,0,0,0
118000123,0,0,0
118000125,2,3,-1
118000126,0,1,-1
118000127,0,0,0
118000128,0,3,-3
118000129,23,31,-8
118000130,16,161,-145
118000131,22,148,-126
118000132,4,17,-13
118000133,10,22,-12
118000135,0,0,0
118000136,0,0,0
118000137,0,0,0
118000138,0,0,0
118000139,0,0,0
118000140,4,13,-9
118000141,3,1,2
118000142,8,13,-5
118000143,1,1,0
118000144,0,3,-3
118000145,25,58,-33
118000146,10,20,-10
118000147,25,30,-5
118000148,3,19,-16
118000149,0,0,0
118000150,0,0,0
118000151,0,0,0
118000153,4,2,2
118000154,0,0,0
118000155,0,4,-4
118000156,53,27,26
118000157,0,0,0
118000158,0,0,0
118000159,0,0,0
118000160,0,0,0
118000161,11,24,-13
118000162,0,5,-5
118000163,2,3,-1
118000164,4,4,0
118000168,0,0,0
118000169,2,12,-10
118000170,2,0,2
118000171,0,0,0
118000172,0,0,0
118000173,0,1,-1
118000175,28,14,14
118000176,4,10,-6
118000177,0,0,0
118000178,0,0,0
118000179,19,70,-51
118000180,13,38,-25
118000181,31,30,1
118000182,14,29,-15
118000183,35,34,1
118000184,0,0,0
118000185,104,52,52
118000186,71,93,-22
118000187,8,21,-13
118000188,0,0,0
118000189,0,0,0
118000190,0,0,0
118000191,0,0,0
118000192,0,1,-1
118000193,0,0,0
118000194,4,1,3
118000195,0,0,0
118000196,0,0,0
118000197,0,0,0
118000198,0,1,-1
118000199,10,23,-13
118000200,0,0,0
118000201,0,0,0
118000202,0,0,0
118000203,1,2,-1
118000204,3,3,0
118000205,0,0,0
118000206,0,0,0
118000207,0,2,-2
118000208,2,0,2
118000209,13,27,-14
118000210,0,0,0
118000211,0,0,0
118000213,0,1,-1
118000214,11,3,8
118000215,1,0,1
118000216,0,0,0
118000217,0,0,0
118000218,0,0,0
118000219,0,0,0
118000220,0,0,0
118000221,0,0,0
118000222,0,0,0
118000223,0,0,0
118000224,0,0,0
118000225,0,4,-4
118000226,0,0,0
118000227,0,0,0
118000228,5,1,4
118000229,0,0,0
118000230,0,0,0
118000231,0,0,0
118000232,1,0,1
118000233,0,0,0
118000234,0,0,0
118000236,0,0,0
118000237,0,0,0
118000238,0,0,0
118000239,0,0,0
118000240,0,0,0
118000241,0,0,0
118000242,0,0,0
118000243,0,0,0
118000244,0,0,0
118000246,0,0,0
118000255,0,0,0
118000256,0,0,0
118000259,0,0,0
118000260,0,0,0
118000261,0,0,0
118000263,0,0,0
118000266,0,0,0
118000267,0,3,-3
118000268,0,1,-1
118000270,0,0,0
118000271,0,0,0
118000272,0,0,0
118000273,0,0,0
118000274,0,0,0
118000276,0,0,0
118000295,0,0,0
118000298,7,7,0
118000299,1,4,-3
118000301,0,0,0
118000302,0,0,0
118000311,0,0,0
118000312,0,0,0
118000313,0,0,0
118000314,0,0,0
118000315,0,0,0
118000316,0,0,0
118000325,0,0,0
118000326,0,0,0
118000331,0,0,0
118000332,0,0,0
118000333,0,0,0
118000335,0,0,0
118000336,0,5,-5
118000407,0,0,0
118000457,0,0,0
118000465,335,171,164
118000480,0,0,0
118000489,0,0,0
118000490,0,0,0
118000492,0,0,0
118000510,0,0,0
118000514,0,3,-3
118000515,0,0,0
118000517,0,0,0
118000524,292,241,51
118000525,5,49,-44
118000530,0,0,0
118000531,0,0,0
118000532,2,5,-3
118000533,4,10,-6
118000534,4,8,-4
118000535,0,0,0
118000536,1,0,1
118000537,0,2,-2
118000538,0,1,-1
118000539,0,0,0
118000540,0,0,0
118000541,0,1,-1
118000542,0,0,0
118000543,0,0,0
118000546,0,0,0
118000560,0,0,0
118000562,0,0,0
118000563,0,0,0
118000576,0,0,0
118000577,0,0,0
118000578,0,0,0
118000579,0,0,0
118000595,0,1,-1
118000596,0,0,0
118000597,0,0,0
118000598,0,0,0
118000599,0,0,0
118000600,0,0,0
118000601,0,0,0
118000602,0,0,0
118000603,0,4,-4
118900001,0,0,0
118900002,0,0,0
118900003,0,0,0
118900004,0,0,0
118900005,0,0,0
118900006,0,0,0
118900007,0,0,0
118900008,0,0,0
118900009,0,0,0
118900010,0,0,0
118900011,0,0,0
118900012,0,0,0
118900013,0,0,0
118900015,0,0,0
118900016,0,0,0
118900017,0,0,0
118900018,0,0,0
118900019,0,0,0
118900020,0,0,0
118900021,0,0,0
118900022,0,0,0
118900023,0,0,0
118900024,0,0,0
118900025,0,0,0
118900026,0,0,0
118900027,0,0,0
118900028,0,0,0
118900029,0,0,0
118900030,0,0,0
118900031,0,0,0
118900032,0,0,0
118900033,0,0,0
118900034,0,0,0
118900035,0,0,0
118900036,0,0,0
118900037,0,0,0
118900038,0,0,0
118900039,0,0,0
118900040,0,0,0
118900041,0,0,0
118900042,0,0,0
118900045,0,0,0
118900046,0,0,0
118900047,0,0,0
118900048,0,0,0
118900049,0,0,0
118900050,0,0,0
118900051,0,0,0
118900052,0,0,0
118900053,0,0,0
118900054,0,0,0
118900055,0,0,0
118900056,0,0,0
118900057,0,0,0
118900058,0,0,0
118900059,0,0,0
118900060,0,0,0
118900062,0,0,0
118900064,0,0,0
118900065,0,0,0
118900066,0,0,0
118900067,0,0,0
118900068,0,0,0
118900069,0,0,0
118900071,0,0,0
118900072,0,0,0
118900073,0,0,0
118900074,0,0,0
118900075,0,0,0
118900076,0,0,0
118900077,0,0,0
118900078,0,0,0
118900079,0,0,0
118900080,0,0,0
118900081,0,0,0
118900082,0,0,0
118900083,0,0,0
118900084,0,0,0
118900085,0,0,0
118900086,0,0,0
118900087,0,0,0
118900088,0,0,0
118900089,0,0,0
118900090,0,0,0
118900091,0,0,0
118900092,0,0,0
118900093,0,0,0
118900096,0,0,0
118900097,0,0,0
118900099,0,0,0
118900100,0,0,0
118900101,0,0,0
118900102,0,0,0
118900103,0,0,0
118900104,0,0,0
118900105,0,0,0
118900107,0,0,0
118900108,0,0,0
118900109,0,0,0
118900110,0,0,0
118900111,0,0,0
118900112,0,0,0
118900113,0,0,0
118900114,0,0,0
118900115,0,0,0
118900116,0,0,0
118900117,0,0,0
118900118,0,0,0
118900119,0,0,0
118900120,0,0,0
118900121,0,0,0
118900122,0,0,0
118900123,0,0,0
118900124,0,0,0
118900126,0,0,0
118900129,0,0,0
118900130,0,0,0
118900131,0,0,0
118900132,0,0,0
118900133,0,0,0
118900135,0,0,0
118900136,0,0,0
118900137,0,0,0
118900139,0,0,0
118900140,0,0,0
118900141,0,0,0
118900144,0,0,0
118900145,0,0,0
118900146,0,0,0
118900147,0,0,0
118900148,0,0,0
118900150,0,0,0
118900152,0,0,0
118900157,0,0,0
118900158,0,0,0
118900159,0,0,0
118900161,0,0,0
118900163,0,0,0
118900164,0,0,0
118900165,0,0,0
118900166,0,0,0
118900167,0,0,0
118900168,0,0,0
118900169,0,0,0
118900170,0,0,0
118900171,0,0,0
118900174,0,0,0
118900175,0,0,0
118900176,0,0,0
118900177,0,0,0
118900178,0,0,0
118900179,0,0,0
118900181,0,0,0
118900182,0,0,0
118900183,0,0,0
118900184,0,0,0
118900185,0,0,0
118900186,0,0,0
118900187,0,0,0
118900188,0,0,0
118900189,0,0,0
118900190,0,0,0
118900191,0,0,0
118900192,0,0,0
118900193,0,0,0
118900195,0,0,0
118900196,0,0,0
118900197,0,0,0
118900198,0,0,0
118900199,0,0,0
118900200,0,0,0
118900201,0,0,0
118900202,0,0,0
118900203,0,0,0
118900204,0,0,0
118900205,0,0,0
118900206,0,0,0
119000001,17,5,12
119000002,2,3,-1
119000003,0,2,-2
119000004,3,4,-1
119000005,1,1,0
119000006,2,2,0
119000007,0,3,-3
119000008,6,51,-45
119000009,4,1,3
119000010,79,35,44
119000011,101,16,85
119000012,145,200,-55
119000013,45,18,27
119000014,39,244,-205
119000019,0,0,0
119000020,0,5,-5
119000021,1,2,-1
119000022,1,0,1
119000023,0,0,0
119000024,73,59,14
119000025,20,5,15
119000026,0,0,0
119000027,0,2,-2
119000028,0,7,-7
119000029,0,0,0
119000030,1,7,-6
119000031,2,10,-8
119000032,1,26,-25
119000033,67,14,53
119000034,7,11,-4
119000035,0,26,-26
119000036,13,16,-3
119000037,4,34,-30
119000038,0,18,-18
119000039,4,7,-3
119000040,48,9,39
119000041,12,4,8
119000048,918,204,714
119000049,50,121,-71
119000050,1,1,0
119000051,1,3,-2
119000052,1,0,1
119000053,0,0,0
119000054,40,148,-108
119000055,57,91,-34
119000056,45,92,-47
119000057,23,107,-84
119000058,85,131,-46
119000059,0,4,-4
119000060,0,2,-2
119000061,1,5,-4
119000062,2,7,-5
119000063,2,2,0
119000064,2,6,-4
119000065,0,10,-10
119000066,1,3,-2
119000067,4,12,-8
119000068,1,2,-1
119000069,1,11,-10
119000070,7,1,6
119000071,1,2,-1
119000072,28,10,18
119000073,2,8,-6
119000074,2,11,-9
119000075,3,5,-2
119000076,1,3,-2
119000077,0,0,0
119000078,0,0,0
119000079,0,0,0
119000080,0,0,0
119000081,0,0,0
119000082,0,3,-3
119000083,1,0,1
119000084,0,6,-6
119000085,0,3,-3
119000086,0,0,0
119000087,0,2,-2
119000088,0,0,0
119000089,0,1,-1
119000090,0,0,0
119000091,0,1,-1
119000092,0,0,0
119000093,68,71,-3
119000094,83,128,-45
119000095,15,67,-52
119000097,15,64,-49
119000098,42,30,12
119000099,23,110,-87
119000100,93,63,30
119000101,68,61,7
119000102,0,0,0
119000103,13,0,13
119000104,9,14,-5
119000105,0,0,0
119000106,2,12,-10
119000107,1,0,1
119000108,1,9,-8
119000109,0,0,0
119000110,0,0,0
119000111,0,0,0
119000112,0,0,0
119000113,0,0,0
119000114,0,0,0
119000115,0,0,0
119000116,0,0,0
119000117,0,0,0
119000118,0,0,0
119000123,0,0,0
119000124,1,0,1
119000125,0,0,0
119000126,0,1,-1
119000127,3,5,-2
119000128,0,0,0
119000131,2,15,-13
119000132,0,0,0
119000133,0,0,0
119000134,70,89,-19
119000135,0,0,0
119000136,0,0,0
119000137,0,0,0
119000138,0,0,0
119000139,0,0,0
119000140,0,0,0
119000284,180,350,-170
119000285,258,198,60
119000286,461,347,114
119000287,63,206,-143
119000288,81,86,-5
119000289,71,157,-86
119000290,0,0,0
119000291,0,1,-1
119000293,1,0,1
119000294,0,0,0
119000295,0,0,0
119000296,1,0,1
119000302,7,6,1
119000303,0,0,0
119000314,4,4,0
119000315,0,0,0
119000316,0,0,0
119000317,0,0,0
119900001,0,0,0
119900002,0,0,0
119900003,0,0,0
119900004,0,0,0
119900005,0,0,0
119900006,0,0,0
119900007,0,0,0
119900008,0,0,0
119900009,0,0,0
119900010,0,0,0
119900011,0,0,0
119900012,0,0,0
119900013,0,0,0
119900014,0,0,0
119900015,0,0,0
119900016,0,0,0
119900017,0,0,0
119900018,0,0,0
119900019,0,0,0
119900020,0,0,0
119900021,0,0,0
119900022,0,0,0
119900023,0,0,0
119900025,0,0,0
119900026,0,0,0
119900027,0,0,0
119900028,0,0,0
119900029,0,0,0
119900030,0,0,0
119900031,0,0,0
119900033,0,0,0
119900034,0,0,0
119900037,0,0,0
119900038,0,0,0
119900039,0,0,0
119900040,0,0,0
119900041,0,0,0
119900042,0,0,0
119900043,0,0,0
119900044,0,0,0
119900046,0,0,0
119900047,0,0,0
119900048,0,0,0
119900049,0,0,0
119900050,0,0,0
119900051,0,0,0
119900052,0,0,0
119900053,0,0,0
119900054,0,0,0
119900055,0,0,0
119900057,0,0,0
119900058,0,0,0
119900059,0,0,0
119900060,0,0,0
119900061,0,0,0
119900062,0,0,0
119900063,0,0,0
119900064,0,0,0
119900065,0,0,0
119900066,0,0,0
119900067,0,0,0
119900068,0,0,0
119900069,0,0,0
119900070,0,0,0
119900071,0,0,0
119900072,0,0,0
119900073,0,0,0
119900074,0,0,0
119900075,0,0,0
119900076,0,0,0
119900077,0,0,0
119900078,0,0,0
119900079,0,0,0
119900080,0,0,0
119900081,0,0,0
119900082,0,0,0
119900083,0,0,0
119900084,0,0,0
119900085,0,0,0
119900086,0,0,0
119900087,0,0,0
119900088,0,0,0
119900089,0,0,0
119900090,0,0,0
119900091,0,0,0
119900092,0,0,0
119900093,0,0,0
119900094,0,0,0
119900095,0,0,0
119900096,0,0,0
119900097,0,0,0
119900098,0,0,0
119900099,0,0,0
119900100,0,0,0
119900101,0,0,0
119900102,0,0,0
119900103,0,0,0
119900104,0,0,0
119900105,0,0,0
119900106,0,0,0
119900107,0,0,0
119900108,0,0,0
119900109,0,0,0
119900110,0,0,0
119900111,0,0,0
119900112,0,0,0
119900113,0,0,0
119900114,0,0,0
119900115,0,0,0
119900116,0,0,0
119900117,0,0,0
119900118,0,0,0
119900119,0,0,0
119900120,0,0,0
119900121,0,0,0
119900122,0,0,0
119900123,0,0,0
119900124,0,0,0
119900125,0,0,0
119900126,0,0,0
119900127,0,0,0
119900128,0,0,0
119900129,0,0,0
119900130,0,0,0
119900131,0,0,0
119900132,0,0,0
119900133,0,0,0
119900134,0,0,0
119900135,0,0,0
119900136,0,0,0
119900138,0,0,0
119900139,0,0,0
119900140,0,0,0
119900141,0,0,0
119900142,0,0,0
119900143,0,0,0
119900144,0,0,0
119900145,0,0,0
119900146,0,0,0
119900147,0,0,0
119900148,0,0,0
119900149,0,0,0
119900150,0,0,0
119900151,0,0,0
119900152,0,0,0
119900153,0,0,0
119900154,0,0,0
119900155,0,0,0
119900156,0,0,0
119900157,0,0,0
119900158,0,0,0
119900159,0,0,0
119900160,0,0,0
119900161,0,0,0
119900162,0,0,0
119900163,0,0,0
119900164,0,0,0
119900165,0,0,0
119900166,0,0,0
119900167,0,0,0
119900168,0,0,0
119900169,0,0,0
119900170,0,0,0
119900171,0,0,0
119900172,0,0,0
119900173,0,0,0
119900174,0,0,0
119900175,0,0,0
119900177,0,0,0
119900178,0,0,0
119900179,0,0,0
119900180,0,0,0
119900181,0,0,0
119900182,0,0,0
119900183,0,0,0
119900184,0,0,0
119900185,0,0,0
119900186,0,0,0
119900187,0,0,0
119900188,0,0,0
119900189,0,0,0
119900190,0,0,0
119900191,0,0,0
119900192,0,0,0
119900193,0,0,0
119900194,0,0,0
119900195,0,0,0
119900196,0,0,0
119900197,0,0,0
119900198,0,0,0
119900199,0,0,0
119900200,0,0,0
119900201,0,0,0
119900202,0,0,0
119900203,0,0,0
119900204,0,0,0
119900205,0,0,0
119900206,0,0,0
119900208,0,0,0
119900209,0,0,0
119900210,0,0,0
119900211,0,0,0
119900212,0,0,0
119900213,0,0,0
119900214,0,0,0
119900215,0,0,0
119900216,0,0,0
119900217,0,0,0
119900218,0,0,0
119900219,0,0,0
119900220,0,0,0
119900221,0,0,0
119900222,0,0,0
119900223,0,0,0
119900224,0,0,0
119900225,0,0,0
119900226,0,0,0
119900227,0,0,0
119900228,0,0,0
119900229,0,0,0
119900230,0,0,0
119900231,0,0,0
119900232,0,0,0
119900233,0,0,0
119900234,0,0,0
119900235,0,0,0
119900236,0,0,0
119900237,0,0,0
119900238,0,0,0
119900240,0,0,0
119900241,0,0,0
119900242,0,0,0
119900244,0,0,0
119900245,0,0,0
119900246,0,0,0
119900247,0,0,0
119900248,0,0,0
119900249,0,0,0
119900253,0,0,0
119900254,0,0,0
119900255,0,0,0
119900256,0,0,0
119900257,0,0,0
119900258,0,0,0
119900259,0,0,0
119900260,0,0,0
119900261,0,0,0
119900262,0,0,0
119900263,0,0,0
119900264,0,0,0
119900265,0,0,0
119900266,0,0,0
119900267,0,0,0
119900268,0,0,0
119900269,0,0,0
119900271,0,0,0
119900272,0,0,0
119900275,0,0,0
119900276,0,0,0
119900277,0,0,0
119900278,0,0,0
119900279,0,0,0
119900280,0,0,0
119900281,0,0,0
119900282,0,0,0
119900283,0,0,0
119900284,0,0,0
119900285,0,0,0
119900286,0,0,0
119900288,0,0,0
119900289,0,0,0
119900290,0,0,0
119900291,0,0,0
119900292,0,0,0
119900293,0,0,0
119900294,0,0,0
119900295,0,0,0
119900296,0,0,0
119900297,0,0,0
119900298,0,0,0
119900299,0,0,0
119900300,0,0,0
119900301,0,0,0
119900302,0,0,0
119900303,0,0,0
119900304,0,0,0
119900305,0,0,0
119900306,0,0,0
119900307,0,0,0
119900308,0,0,0
119900309,0,0,0
119900310,0,0,0
119900311,0,0,0
119900312,0,0,0
119900313,0,0,0
119900314,0,0,0
119900315,0,0,0
119900318,0,0,0
119900319,0,0,0
119900320,0,0,0
119900321,0,0,0
120000001,172,157,15
120000002,62,197,-135
120000003,126,171,-45
120000004,107,226,-119
120000005,459,283,176
120000006,70,147,-77
120000007,129,181,-52
120000008,37,170,-133
120000009,18,6,12
120000010,11,66,-55
120000011,8,92,-84
120000012,44,154,-110
120000013,20,95,-75
120000014,3,132,-129
120000015,42,197,-155
120000016,216,42,174
120000017,23,35,-12
120000018,217,169,48
120000019,30,84,-54
120000020,84,123,-39
120000021,151,81,70
120000022,267,124,143
120000023,48,60,-12
120000024,109,107,2
120000025,75,113,-38
120000026,29,151,-122
120000027,226,248,-22
120000028,2,2,0
120000029,2,1,1
120000030,0,0,0
120000031,0,2,-2
120000032,11,2,9
120000033,2,3,-1
120000034,0,3,-3
120000035,4,7,-3
120000036,1,8,-7
120000037,0,1,-1
120000038,25,7,18
120000039,1,3,-2
120000040,0,0,0
120000041,0,1,-1
120000042,0,4,-4
120000043,2,3,-1
120000044,8,2,6
120000045,2,0,2
120000046,2,2,0
120000047,1,1,0
120000048,315,113,202
120000049,73,69,4
120000050,14,147,-133
120000051,36,219,-183
120000052,12,2,10
120000053,0,2,-2
120000054,1,7,-6
120000055,2,2,0
120000056,2,3,-1
120000057,0,2,-2
120000058,0,0,0
120000059,5,77,-72
120000061,12,117,-105
120000062,0,1,-1
120000063,1,6,-5
120000064,1,0,1
120000065,0,0,0
120000066,0,0,0
120000067,0,0,0
120000068,1,2,-1
120000069,0,4,-4
120000070,0,5,-5
120000071,0,0,0
120000072,2,1,1
120000073,3,2,1
120000074,0,1,-1
120000075,0,2,-2
120000076,2,2,0
120000077,0,1,-1
120000078,5,2,3
120000079,0,0,0
120000080,0,0,0
120000081,0,0,0
120000082,0,0,0
120000083,0,0,0
120000084,0,0,0
120000085,0,0,0
120000086,0,0,0
120000087,0,0,0
120000088,0,0,0
120000089,0,0,0
120000090,0,0,0
120000091,0,0,0
120000092,0,0,0
120000093,0,0,0
120000094,0,0,0
120000095,0,0,0
120000096,0,0,0
120000098,0,0,0
120000099,0,0,0
120000100,0,0,0
120000101,0,0,0
120000102,0,0,0
120000103,0,0,0
120000104,1,0,1
120000105,2,0,2
120000106,0,0,0
120000107,2,0,2
120000108,0,0,0
120000109,1,0,1
120000110,0,4,-4
120000111,0,6,-6
120000112,3,11,-8
120000113,1,6,-5
120000114,1,1,0
120000115,1,6,-5
120000116,4,6,-2
120000117,7,2,5
120000118,0,0,0
120000119,0,0,0
120000120,0,0,0
120000121,0,0,0
120000122,0,0,0
120000123,0,0,0
120000124,0,0,0
120000125,0,0,0
120000126,0,0,0
120000127,0,0,0
120000128,0,0,0
120000129,0,0,0
120000130,1,0,1
120000131,0,0,0
120000134,0,0,0
120000135,0,0,0
120000137,0,0,0
120000138,0,0,0
120000139,0,0,0
120000140,0,0,0
120000141,0,0,0
120000142,0,0,0
120000143,0,0,0
120000144,0,0,0
120000145,0,0,0
120000146,0,0,0
120000149,0,0,0
120000150,0,1,-1
120000151,0,0,0
120000152,0,0,0
120000153,0,3,-3
120000154,0,1,-1
120000155,0,0,0
120000156,1,1,0
120000157,0,0,0
120000158,1,8,-7
120000159,93,378,-285
120000160,147,76,71
120000161,14,57,-43
120000162,0,0,0
120000163,1,7,-6
120000164,0,1,-1
120000165,0,0,0
120000166,0,0,0
120000167,0,0,0
120000168,0,0,0
120000169,0,0,0
120000170,0,0,0
120000171,0,0,0
120000172,0,0,0
120000173,0,0,0
120000174,0,0,0
120000175,0,0,0
120000176,0,0,0
120000177,0,0,0
120000178,0,0,0
120000179,0,0,0
120000180,0,0,0
120000181,0,0,0
120000182,0,0,0
120000183,0,0,0
120000184,0,0,0
120000186,0,0,0
120000187,0,0,0
120000188,0,0,0
120000190,0,0,0
120000191,0,0,0
120000192,0,0,0
120000193,0,0,0
120000195,0,0,0
120000196,0,0,0
120000197,0,0,0
120000198,0,0,0
120000199,0,0,0
120000200,0,0,0
120000201,0,0,0
120000202,0,0,0
120000203,0,0,0
120000207,0,0,0
120000208,0,0,0
120000209,0,0,0
120000210,0,0,0
120000211,0,0,0
120000212,0,0,0
120000213,0,0,0
120000214,0,0,0
120000215,0,0,0
120000216,0,0,0
120000217,0,0,0
120000218,0,0,0
120000219,0,0,0
120000220,0,0,0
120000225,0,0,0
120000226,0,0,0
120000227,0,0,0
120000228,0,0,0
120000230,0,0,0
120000231,0,0,0
120000233,0,0,0
120000235,0,4,-4
120000236,0,0,0
120000237,0,46,-46
120000238,0,0,0
120000241,1,1,0
120000412,0,0,0
120000413,0,0,0
120000414,0,0,0
120000415,0,0,0
120000416,0,0,0
120000417,0,0,0
120000418,0,0,0
120000419,0,0,0
120000420,0,0,0
120000421,335,301,34
120000422,0,0,0
120000423,0,0,0
120000424,0,0,0
120000436,0,0,0
120000437,0,0,0
120000438,0,0,0
120000439,0,3,-3
120000443,0,0,0
120000444,0,0,0
120000445,25,10,15
120000446,0,0,0
120000447,0,0,0
120000449,0,0,0
120000450,0,0,0
120000451,0,0,0
120000452,0,0,0
120000453,0,0,0
120000454,0,0,0
120000455,0,0,0
120000456,6,15,-9
120000457,0,0,0
120000458,1,1,0
120000459,0,1,-1
120000665,0,0,0
120000668,0,0,0
120000669,0,0,0
120000670,0,0,0
120000671,14,17,-3
120000672,13,64,-51
120900001,0,0,0
120900002,0,0,0
120900003,0,0,0
120900004,0,0,0
120900005,0,0,0
120900006,0,0,0
120900007,0,0,0
120900008,0,0,0
120900009,0,0,0
120900010,0,0,0
120900011,0,0,0
120900012,0,0,0
120900013,0,0,0
120900014,0,0,0
120900015,0,0,0
120900016,0,0,0
120900017,0,0,0
120900018,0,0,0
120900019,0,0,0
120900020,0,0,0
120900021,0,0,0
120900022,0,0,0
120900023,0,0,0
120900024,0,0,0
120900025,0,0,0
120900026,0,0,0
120900027,0,0,0
120900028,0,0,0
120900029,0,0,0
120900030,0,0,0
120900031,0,0,0
120900032,0,0,0
120900033,0,0,0
120900034,0,0,0
120900035,0,0,0
120900037,0,0,0
120900038,0,0,0
120900039,0,0,0
120900040,0,0,0
120900041,0,0,0
120900042,0,0,0
120900043,0,0,0
120900044,0,0,0
120900045,0,0,0
120900046,0,0,0
120900047,0,0,0
120900048,0,0,0
120900049,0,0,0
120900050,0,0,0
120900051,0,0,0
120900052,0,0,0
120900053,0,0,0
120900054,0,0,0
120900055,0,0,0
120900056,0,0,0
120900057,0,0,0
120900058,0,0,0
120900059,0,0,0
120900060,0,0,0
120900061,0,0,0
120900062,0,0,0
120900063,0,0,0
120900064,0,0,0
120900065,0,0,0
120900066,0,0,0
120900067,0,0,0
120900068,0,0,0
120900069,0,0,0
120900071,0,0,0
120900072,0,0,0
120900073,0,0,0
120900074,0,0,0
120900076,0,0,0
120900077,0,0,0
120900078,0,0,0
120900079,0,0,0
120900080,0,0,0
120900081,0,0,0
120900082,0,0,0
120900083,0,0,0
120900084,0,0,0
120900085,0,0,0
120900086,0,0,0
120900087,0,0,0
120900088,0,0,0
120900089,0,0,0
120900090,0,0,0
120900091,0,0,0
120900092,0,0,0
120900093,0,0,0
120900094,0,0,0
120900095,0,0,0
120900096,0,0,0
120900097,0,0,0
120900098,0,0,0
120900099,0,0,0
120900100,0,0,0
120900101,0,0,0
120900102,0,0,0
120900103,0,0,0
120900104,0,0,0
120900105,0,0,0
120900106,0,0,0
120900107,0,0,0
120900108,0,0,0
120900109,0,0,0
120900110,0,0,0
120900111,0,0,0
120900112,0,0,0
120900113,0,0,0
120900114,0,0,0
120900115,0,0,0
120900116,0,0,0
120900117,0,0,0
120900118,0,0,0
120900119,0,0,0
120900120,0,0,0
120900121,0,0,0
120900122,0,0,0
120900123,0,0,0
120900124,0,0,0
120900125,0,0,0
120900126,0,0,0
120900127,0,0,0
120900128,0,0,0
120900129,0,0,0
120900130,0,0,0
120900131,0,0,0
120900132,0,0,0
120900133,0,0,0
120900134,0,0,0
120900135,0,0,0
120900136,0,0,0
120900137,0,0,0
120900138,0,0,0
120900139,0,0,0
120900140,0,0,0
120900141,0,0,0
120900142,0,0,0
120900143,0,0,0
120900144,0,0,0
120900145,0,0,0
120900146,0,0,0
120900147,0,0,0
120900148,0,0,0
120900149,0,0,0
120900150,0,0,0
120900151,0,0,0
120900152,0,0,0
120900153,0,0,0
120900154,0,0,0
120900155,0,0,0
120900156,0,0,0
120900157,0,0,0
120900158,0,0,0
120900159,0,0,0
120900160,0,0,0
120900161,0,0,0
120900162,0,0,0
120900163,0,0,0
120900164,0,0,0
120900165,0,0,0
120900166,0,0,0
120900167,0,0,0
120900169,0,0,0
120900170,0,0,0
120900171,0,0,0
120900172,0,0,0
120900173,0,0,0
120900174,0,0,0
120900175,0,0,0
120900176,0,0,0
120900177,0,0,0
120900178,0,0,0
120900179,0,0,0
120900180,0,0,0
120900181,0,0,0
120900182,0,0,0
120900183,0,0,0
120900184,0,0,0
120900185,0,0,0
120900186,0,0,0
120900187,0,0,0
120900188,0,0,0
120900189,0,0,0
120900190,0,0,0
120900191,0,0,0
120900192,0,0,0
120900194,0,0,0
120900195,0,0,0
120900196,0,0,0
120900197,0,0,0
120900198,0,0,0
120900199,0,0,0
120900200,0,0,0
120900201,0,0,0
120900202,0,0,0
120900203,0,0,0
120900204,0,0,0
120900205,0,0,0
120900206,0,0,0
121000001,84,196,-112
121000002,7,0,7
121000003,593,294,299
121000004,23,0,23
121000005,268,313,-45
121000006,184,103,81
121000007,375,489,-114
121000008,199,147,52
121000009,965,632,333
121000010,564,267,297
121000011,2526,800,1726
121000012,1187,439,748
121000013,1022,988,34
121000014,771,548,223
121000015,557,1149,-592
121000016,666,673,-7
121000017,7,7,0
121000018,133,85,48
121000019,1079,43,1036
121000020,850,343,507
121000021,128,49,79
121000022,117,120,-3
121000023,155,117,38
121000024,147,130,17
121000025,100,29,71
121000026,78,57,21
121000027,230,54,176
121000028,42,23,19
121000029,0,0,0
121000030,0,0,0
121000031,0,0,0
121000032,0,0,0
121000034,0,0,0
121000035,1,2,-1
121000036,2,1,1
121000037,3,6,-3
121000038,56,79,-23
121000039,0,0,0
121000041,0,0,0
121000042,0,5,-5
121000043,0,0,0
121000044,0,6,-6
121000045,0,0,0
121000046,0,0,0
121000047,0,0,0
121000049,2,1,1
121000050,1,24,-23
121000051,0,0,0
121000052,4,10,-6
121000053,0,0,0
121000054,0,7,-7
121000055,1,2,-1
121000056,2,1,1
121000057,1,0,1
121000058,0,0,0
121000059,0,0,0
121000060,18,23,-5
121000061,0,0,0
121000062,0,0,0
121000063,10,40,-30
121000064,7,13,-6
121000065,0,0,0
121000066,1,0,1
121000067,4,0,4
121000068,0,0,0
121000069,0,0,0
121000070,48,38,10
121000071,15,43,-28
121000072,55,34,21
121000073,34,37,-3
121000074,0,0,0
121000075,2,3,-1
121000076,1,0,1
121000077,0,0,0
121000078,0,5,-5
121000080,160,50,110
121000081,89,99,-10
121000082,42,76,-34
121000083,0,0,0
121000084,0,0,0
121000085,128,84,44
121000086,0,3,-3
121000087,0,3,-3
121000088,0,4,-4
121000089,0,3,-3
121000090,0,0,0
121000091,621,77,544
121000092,53,23,30
121000093,19,37,-18
121000094,82,60,22
121000095,0,0,0
121000096,74,50,24
121000097,35,40,-5
121000098,3,1,2
121000099,0,4,-4
121000100,1,4,-3
121000101,0,0,0
121000102,0,1,-1
121000103,0,0,0
121000104,0,2,-2
121000105,0,1,-1
121000106,0,0,0
121000107,13,26,-13
121000109,6,8,-2
121000110,0,0,0
121000114,111,378,-267
121000115,8,48,-40
121000116,11,32,-21
121000117,6,0,6
121000118,2,0,2
121000119,1,0,1
121000120,1,1,0
121000121,0,2,-2
121000123,0,0,0
121000126,1,0,1
121000127,0,0,0
121000128,0,6,-6
121000129,1,1,0
121000130,1,0,1
121000131,4,3,1
121000132,3,2,1
121000135,17,0,17
121000136,3,0,3
121000137,4,2,2
121000138,1,0,1
121000139,67,32,35
121000141,0,0,0
121000142,4,4,0
121000143,0,0,0
121000144,49,3,46
121000145,0,6,-6
121000146,0,0,0
121000147,0,0,0
121000148,0,2,-2
121000149,47,76,-29
121000152,12,37,-25
121000153,6,2,4
121000154,1,1,0
121000155,5,6,-1
121000156,3,3,0
121000157,1,4,-3
121000158,1,0,1
121000159,0,1,-1
121000160,0,0,0
121000161,0,0,0
121000162,0,3,-3
121000165,0,0,0
121000166,0,0,0
121000168,26,45,-19
121000169,5,15,-10
121000170,106,27,79
121000171,77,81,-4
121000172,45,14,31
121000173,4,3,1
121000174,0,0,0
121000175,0,0,0
121000176,0,1,-1
121000177,2,1,1
121000178,0,0,0
121000179,2,19,-17
121000181,23,146,-123
121000182,136,37,99
121000183,23,8,15
121000184,2,6,-4
121000185,0,0,0
121000186,0,4,-4
121000187,0,0,0
121000188,0,0,0
121000192,1,0,1
121000193,1,1,0
121000194,191,225,-34
121000195,5,13,-8
121000196,0,2,-2
121000197,5,66,-61
121000198,0,0,0
121000199,6,52,-46
121000200,0,0,0
121000201,0,0,0
121000202,0,0,0
121000203,0,0,0
121000204,0,0,0
121000205,10,51,-41
121000206,0,0,0
121000207,0,0,0
121000208,0,0,0
121000209,8,115,-107
121000210,2,2,0
121000211,3,13,-10
121000212,3,1,2
121000213,11,31,-20
121000214,0,0,0
121000215,52,55,-3
121000216,0,0,0
121000217,4,1,3
121000218,24,288,-264
121000219,0,0,0
121000220,3,5,-2
121000221,5,1,4
121000222,191,364,-173
121000223,0,0,0
121000224,0,0,0
121000225,62,40,22
121000226,0,0,0
121000227,0,0,0
121000228,0,33,-33
121000229,0,19,-19
121000230,0,64,-64
121000231,0,0,0
121000232,0,0,0
121000233,0,0,0
121000234,0,0,0
121000235,0,0,0
121000236,0,0,0
121000237,0,0,0
121000238,0,0,0
121000239,0,0,0
121000240,0,0,0
121000241,0,0,0
121000242,0,0,0
121000243,0,0,0
121000244,0,0,0
121000245,0,0,0
121000246,0,0,0
121000247,0,0,0
121000248,0,0,0
121000249,18,18,0
121000250,0,0,0
121000251,1,96,-95
121000252,0,0,0
121000253,26,88,-62
121000254,0,0,0
121000255,3,20,-17
121000256,0,0,0
121000257,6,15,-9
121000258,0,0,0
121000259,2,8,-6
121000260,2,49,-47
121000261,0,0,0
121000262,0,0,0
121000263,10,73,-63
121000271,22,31,-9
121000273,0,0,0
121000274,0,0,0
121000275,0,0,0
121000276,0,0,0
121000278,0,0,0
121000279,0,0,0
121000280,0,0,0
121000289,0,0,0
121000290,16,9,7
121000294,0,0,0
121000297,1,3,-2
121000299,1,24,-23
121000300,1,0,1
121000302,0,2,-2
121000303,5,0,5
121000304,0,0,0
121000305,0,0,0
121000306,0,0,0
121000308,0,0,0
121000309,0,1,-1
121000310,0,2,-2
121000311,0,2,-2
121000312,0,0,0
121000313,1,1,0
121000314,14,9,5
121000315,3,1,2
121000530,17,72,-55
121000531,36,65,-29
121000532,231,109,122
121000533,124,82,42
121000918,0,0,0
121000919,0,0,0
121000938,0,0,0
121000939,0,0,0
121000956,5,23,-18
121000957,12,19,-7
121000958,0,24,-24
121000959,16,144,-128
121000960,37,179,-142
121000961,0,0,0
121000962,0,0,0
121000973,0,5,-5
121000976,0,0,0
121000979,0,0,0
121000981,0,0,0
121000982,0,0,0
121000983,19,60,-41
121000984,0,0,0
121000985,3,9,-6
121000986,0,0,0
121000987,41,226,-185
121000988,0,0,0
121001302,2,0,2
121001308,0,0,0
121001309,0,0,0
121001313,0,0,0
121001314,1452,622,830
121001315,257,200,57
121900001,0,0,0
121900002,0,0,0
121900003,0,0,0
121900004,0,0,0
121900005,0,0,0
121900006,0,0,0
121900007,0,0,0
121900008,0,0,0
121900009,0,0,0
121900010,0,0,0
121900011,0,0,0
121900012,0,0,0
121900013,0,0,0
121900014,0,0,0
121900015,0,0,0
121900016,0,0,0
121900017,0,0,0
121900018,0,0,0
121900019,0,0,0
121900020,0,0,0
121900021,0,0,0
121900022,0,0,0
121900023,0,0,0
121900024,0,0,0
121900025,0,0,0
121900026,0,0,0
121900027,0,0,0
121900028,0,0,0
121900029,0,0,0
121900030,0,0,0
121900031,0,0,0
121900032,0,0,0
121900033,0,0,0
121900034,0,0,0
121900035,0,0,0
121900036,0,0,0
121900037,0,0,0
121900038,0,0,0
121900039,0,0,0
121900040,0,0,0
121900041,0,0,0
121900042,0,0,0
121900043,0,0,0
121900044,0,0,0
121900045,0,0,0
121900046,0,0,0
121900047,0,0,0
121900048,0,0,0
121900050,0,0,0
121900051,0,0,0
121900052,0,0,0
121900053,1,2,-1
121900054,0,0,0
121900055,0,0,0
121900058,0,0,0
121900059,0,0,0
121900060,0,0,0
121900061,0,0,0
121900062,0,0,0
121900063,0,0,0
121900064,0,0,0
121900066,0,0,0
121900067,0,0,0
121900069,0,0,0
121900070,0,0,0
121900071,0,0,0
121900072,0,0,0
121900073,0,0,0
121900074,0,0,0
121900075,0,0,0
121900076,0,0,0
121900077,0,0,0
121900078,0,0,0
121900079,0,0,0
121900080,0,0,0
121900082,0,0,0
121900084,0,0,0
121900085,0,0,0
121900086,0,0,0
121900087,0,0,0
121900088,0,0,0
121900089,0,0,0
121900090,0,0,0
121900091,0,0,0
121900092,0,0,0
121900093,0,0,0
121900094,0,0,0
121900095,0,0,0
121900096,0,0,0
121900097,0,0,0
121900098,0,0,0
121900099,0,0,0
121900100,0,0,0
121900101,0,0,0
121900102,0,0,0
121900103,0,0,0
121900104,0,0,0
121900105,0,0,0
121900106,0,0,0
121900107,0,0,0
121900108,0,0,0
121900109,0,0,0
121900110,0,0,0
121900111,0,0,0
121900112,0,0,0
121900113,0,0,0
121900114,0,0,0
121900115,0,0,0
121900117,0,0,0
121900118,0,0,0
121900119,0,0,0
121900120,0,0,0
121900121,0,0,0
121900122,0,0,0
121900123,0,0,0
121900124,0,0,0
121900125,0,0,0
121900127,0,0,0
121900128,0,0,0
121900129,0,0,0
121900130,0,0,0
121900131,0,0,0
121900132,0,0,0
121900133,0,0,0
121900134,0,0,0
121900135,0,0,0
121900136,0,0,0
121900137,0,0,0
121900138,0,0,0
121900139,0,0,0
121900140,0,0,0
121900141,0,0,0
121900142,0,0,0
121900143,0,0,0
121900144,0,0,0
121900145,0,0,0
121900146,0,0,0
121900147,0,0,0
121900148,0,0,0
121900149,0,0,0
121900150,0,0,0
121900151,0,0,0
121900152,0,0,0
121900153,0,0,0
121900154,0,0,0
121900155,0,0,0
121900156,0,0,0
121900157,0,0,0
121900158,0,0,0
121900159,0,0,0
121900160,0,0,0
121900161,0,0,0
121900162,0,0,0
121900163,0,0,0
121900164,0,0,0
121900165,0,0,0
121900166,0,0,0
121900167,0,0,0
121900168,0,0,0
121900169,0,0,0
121900170,0,0,0
121900171,0,0,0
121900172,0,0,0
121900173,0,0,0
121900174,0,0,0
121900175,0,0,0
121900176,0,0,0
121900177,0,0,0
121900179,0,0,0
121900180,0,0,0
121900182,0,0,0
121900183,0,0,0
121900184,0,0,0
121900185,0,0,0
121900186,0,0,0
121900187,0,0,0
121900188,0,0,0
121900189,0,0,0
121900190,0,0,0
121900191,0,0,0
121900192,0,0,0
121900194,0,0,0
121900195,0,0,0
121900196,0,0,0
121900197,0,0,0
121900198,0,0,0
121900199,0,0,0
121900200,0,0,0
121900201,0,0,0
121900202,0,0,0
121900203,0,0,0
121900204,0,0,0
121900205,0,0,0
121900206,0,0,0
121900207,0,0,0
121900208,0,0,0
121900209,0,0,0
121900210,0,0,0
121900211,0,0,0
121900212,0,0,0
121900213,0,0,0
121900214,0,0,0
121900215,0,0,0
121900216,0,0,0
121900217,0,0,0
121900218,0,0,0
121900219,0,0,0
121900220,0,0,0
121900221,0,0,0
121900222,0,0,0
121900223,0,0,0
121900224,0,0,0
121900225,0,0,0
121900226,0,0,0
121900227,0,0,0
121900228,0,0,0
121900229,0,0,0
121900230,0,0,0
121900231,0,0,0
121900232,0,0,0
121900233,0,0,0
121900234,0,0,0
121900235,0,0,0
121900236,0,0,0
121900237,0,0,0
121900238,0,0,0
121900239,0,0,0
121900240,0,0,0
121900241,0,0,0
121900242,0,0,0
121900243,0,0,0
121900244,0,0,0
121900245,0,0,0
121900246,0,0,0
121900247,0,0,0
121900248,0,0,0
121900250,0,0,0
121900251,0,0,0
121900252,0,0,0
121900253,0,0,0
121900254,0,0,0
121900255,0,0,0
121900258,0,0,0
121900259,0,0,0
121900260,0,0,0
121900261,0,0,0
121900262,0,0,0
121900263,0,0,0
121900264,0,0,0
121900265,0,0,0
121900266,0,0,0
121900267,0,0,0
121900269,0,0,0
121900270,0,0,0
121900271,0,0,0
121900273,0,0,0
121900274,0,0,0
121900276,0,0,0
121900277,0,0,0
121900278,0,0,0
121900279,0,0,0
121900280,0,0,0
121900281,0,0,0
121900284,0,0,0
121900286,0,0,0
121900287,0,0,0
121900290,0,0,0
121900291,0,0,0
121900292,0,0,0
121900293,0,0,0
121900294,0,0,0
121900295,0,0,0
121900296,0,0,0
121900298,0,0,0
121900299,0,0,0
121900300,0,0,0
121900301,0,0,0
121900302,0,0,0
121900303,0,0,0
121900304,0,0,0
121900305,0,0,0
121900306,0,0,0
121900307,0,0,0
121900308,0,0,0
121900309,0,0,0
121900310,0,0,0
121900311,0,0,0
121900312,0,0,0
121900313,0,0,0
121900314,0,0,0
121900315,0,0,0
121900316,0,0,0
121900317,0,0,0
121900318,0,0,0
121900319,0,0,0
121900320,0,0,0
121900321,0,0,0
121900322,0,0,0
121900323,0,0,0
121900324,0,0,0
121900325,0,0,0
121900326,0,0,0
121900327,0,0,0
121900328,0,0,0
121900329,0,0,0
121900330,0,0,0
121900331,0,0,0
121900332,0,0,0
122000001,1,4,-3
122000002,7,6,1
122000003,2,6,-4
122000004,4,3,1
122000005,0,1,-1
122000006,0,1,-1
122000007,0,1,-1
122000008,3,1,2
122000009,0,0,0
122000010,10,7,3
122000011,2,1,1
122000012,0,2,-2
122000013,0,1,-1
122000014,0,0,0
122000015,0,1,-1
122000016,0,4,-4
122000017,2,9,-7
122000018,0,3,-3
122000019,0,0,0
122000020,0,0,0
122000021,0,0,0
122000022,0,0,0
122000023,0,0,0
122000024,0,0,0
122000025,0,2,-2
122000026,0,0,0
122000027,5,13,-8
122000028,2,1,1
122000029,0,0,0
122000030,0,0,0
122000031,0,0,0
122000032,0,0,0
122000033,1,0,1
122000034,1,4,-3
122000035,0,8,-8
122000036,4,19,-15
122000037,0,0,0
122000038,0,0,0
122000039,0,0,0
122000040,0,1,-1
122000041,0,0,0
122000042,0,1,-1
122000043,0,0,0
122000044,0,0,0
122000045,1,0,1
122000046,1,0,1
122000047,0,0,0
122000048,8,3,5
122000049,15,11,4
122000050,1,1,0
122000051,0,0,0
122000052,0,0,0
122000053,0,1,-1
122000054,2,0,2
122000055,6,14,-8
122000056,2,2,0
122000057,22,29,-7
122000058,7,6,1
122000059,6,9,-3
122000060,0,0,0
122000061,0,0,0
122000062,0,3,-3
122000063,0,0,0
122000064,6,8,-2
122000065,46,36,10
122000066,203,193,10
122000067,154,309,-155
122000068,46,51,-5
122000069,58,112,-54
122000070,1,2,-1
122000071,0,2,-2
122000072,5,4,1
122000073,2,11,-9
122000074,0,6,-6
122000075,1,2,-1
122000076,0,0,0
122000077,1,1,0
122000078,0,0,0
122000079,0,13,-13
122000080,0,1,-1
122000081,0,0,0
122000082,0,0,0
122000083,6,1,5
122000084,0,6,-6
122000085,20,48,-28
122000086,60,62,-2
122000087,0,0,0
122000088,0,0,0
122000089,209,71,138
122000090,0,0,0
122000091,0,0,0
122000092,0,0,0
122000093,22,167,-145
122000094,182,40,142
122000095,101,62,39
122000096,2,0,2
122000098,338,291,47
122000099,0,0,0
122000100,0,0,0
122000101,0,0,0
122000102,4,3,1
122000103,2,0,2
122000104,0,1,-1
122000105,0,0,0
122000106,0,0,0
122000107,0,0,0
122000108,0,0,0
122000109,0,0,0
122000110,0,0,0
122000111,3,0,3
122000112,0,1,-1
122000113,0,0,0
122000114,416,413,3
122000115,535,174,361
122000116,80,11,69
122000117,2,0,2
122000118,0,0,0
122000119,38,54,-16
122000120,53,112,-59
122000121,85,72,13
122000122,49,53,-4
122000123,124,16,108
122000124,31,7,24
122000125,107,61,46
122000126,19,41,-22
122000127,69,94,-25
122000128,14,54,-40
122000129,0,0,0
122000130,4,0,4
122000131,0,3,-3
122000132,0,0,0
122000133,0,0,0
122000134,37,16,21
122000135,24,127,-103
122000136,1,1,0
122000137,0,0,0
122000139,5,2,3
122000140,2,0,2
122000141,9,1,8
122000142,0,0,0
122000143,0,0,0
122000144,0,1,-1
122000145,0,0,0
122000146,0,1,-1
122000147,0,0,0
122000148,421,265,156
122000149,4,0,4
122000150,0,1,-1
122000151,0,3,-3
122000152,0,0,0
122000153,0,0,0
122000154,0,1,-1
122000155,0,0,0
122000156,583,606,-23
122000157,394,470,-76
122000158,0,0,0
122000159,0,4,-4
122000160,0,0,0
122000161,0,0,0
122000162,0,0,0
122000163,0,0,0
122000164,0,0,0
122000165,2,1,1
122000166,1,1,0
122000167,0,0,0
122000168,0,0,0
122000169,0,0,0
122000170,1,2,-1
122000171,0,0,0
122000172,8,32,-24
122000173,22,38,-16
122000174,450,166,284
122000175,0,0,0
122000176,0,0,0
122000177,349,272,77
122000178,0,1,-1
122000179,3,3,0
122000180,223,310,-87
122000181,918,383,535
122000182,4,1,3
122000183,34,3,31
122000184,1712,550,1162
122000185,331,224,107
122000186,0,0,0
122000187,0,0,0
122000188,0,0,0
122000189,0,0,0
122000190,0,0,0
122000191,0,0,0
122000192,1,0,1
122000193,0,3,-3
122000194,0,0,0
122000195,0,2,-2
122000196,0,1,-1
122000197,0,0,0
122000198,0,0,0
122000199,0,0,0
122000200,1,0,1
122000201,294,435,-141
122000202,429,240,189
122000203,36,33,3
122000204,10,57,-47
122000205,16,42,-26
122000206,0,0,0
122000207,0,0,0
122000208,0,0,0
122000209,0,0,0
122000210,18,110,-92
122000211,9,64,-55
122000212,101,32,69
122000213,88,66,22
122000214,111,104,7
122000215,1,2,-1
122000217,56,125,-69
122000218,0,0,0
122000219,90,160,-70
122000220,19,83,-64
122000221,3,6,-3
122000222,0,0,0
122000223,53,55,-2
122000225,73,8,65
122000226,22,114,-92
122000227,5,68,-63
122000228,4,30,-26
122000229,0,18,-18
122000230,0,32,-32
122000231,0,30,-30
122000232,0,11,-11
122000233,0,0,0
122000234,0,2,-2
122000235,0,0,0
122000236,0,1,-1
122000237,0,0,0
122000238,0,0,0
122000239,0,0,0
122000240,0,0,0
122000241,0,0,0
122000242,0,0,0
122000243,0,0,0
122000244,0,37,-37
122000245,2,3,-1
122000246,0,0,0
122000247,15,42,-27
122000248,39,166,-127
122000249,4,0,4
122000250,1,0,1
122000251,43,24,19
122000252,0,0,0
122000253,4,33,-29
122000254,0,0,0
122000255,1,0,1
122000256,20,197,-177
122000257,9,27,-18
122000258,24,19,5
122000259,0,21,-21
122000260,0,8,-8
122000261,0,0,0
122000262,0,3,-3
122000263,0,7,-7
122000264,0,0,0
122000265,0,0,0
122000266,0,0,0
122000267,0,0,0
122000268,0,0,0
122000269,0,0,0
122000270,0,0,0
122000271,0,0,0
122000272,0,0,0
122000273,0,0,0
122000274,0,0,0
122000275,0,0,0
122000276,6,14,-8
122000277,57,40,17
122000278,38,12,26
122000279,17,88,-71
122000280,71,68,3
122000281,23,59,-36
122000282,0,0,0
122000283,1,0,1
122000284,0,0,0
122000285,0,0,0
122000286,0,0,0
122000287,0,0,0
122000288,0,0,0
122000291,67,23,44
122000293,0,2,-2
122000294,0,0,0
122000295,0,0,0
122000296,0,3,-3
122000297,154,63,91
122000299,6,7,-1
122000300,6,69,-63
122000301,181,128,53
122000302,6,2,4
122000303,286,145,141
122000304,2,0,2
122000305,0,0,0
122000306,8,136,-128
122000307,44,24,20
122000309,2,8,-6
122000310,0,4,-4
122000311,39,17,22
122000312,0,0,0
122000313,0,0,0
122000314,0,0,0
122000315,1,0,1
122000316,1,1,0
122000317,1,0,1
122000318,0,0,0
122000319,18,22,-4
122000320,1,38,-37
122000321,0,11,-11
122000322,4,0,4
122000323,0,7,-7
122000324,1,2,-1
122000325,0,0,0
122000326,0,0,0
122000327,0,0,0
122000328,0,2,-2
122000330,4,2,2
122000332,2,8,-6
122000333,0,12,-12
122000337,43,159,-116
122000338,8,38,-30
122000340,0,0,0
122000342,15,53,-38
122000343,2,20,-18
122000344,0,0,0
122000345,0,0,0
122000346,2,0,2
122000348,18,22,-4
122000349,1,36,-35
122000351,0,0,0
122000352,0,0,0
122000353,0,3,-3
122000355,0,0,0
122000356,155,73,82
122000357,0,0,0
122000358,0,0,0
122000359,0,0,0
122000360,0,0,0
122000362,0,0,0
122000364,0,0,0
122000365,0,0,0
122000366,0,0,0
122000368,0,0,0
122000370,0,0,0
122000371,0,0,0
122000372,0,0,0
122000381,0,0,0
122000382,0,0,0
122000384,14,11,3
122000385,0,0,0
122000386,0,1,-1
122000387,0,0,0
122000388,1,1,0
122000389,1,2,-1
122000390,0,0,0
122000391,0,0,0
122000392,0,0,0
122000393,0,0,0
122000394,0,0,0
122000395,0,0,0
122000396,0,0,0
122000397,0,6,-6
122000398,0,0,0
122000399,0,0,0
122000400,0,0,0
122000401,0,0,0
122000402,0,0,0
122000403,101,275,-174
122000404,0,0,0
122000408,16,33,-17
122000503,0,0,0
122000524,0,0,0
122000544,0,0,0
122000616,172,6,166
122000640,0,0,0
122000641,0,0,0
122000642,0,0,0
122000643,0,0,0
122000644,2,1,1
122000645,0,2,-2
122000651,0,1,-1
122000664,0,0,0
122000665,15,4,11
122000666,0,2,-2
122000673,35,183,-148
122000674,0,0,0
122000675,99,150,-51
122000686,0,3,-3
122000687,1,16,-15
122000688,0,0,0
122000689,8,29,-21
122000690,16,43,-27
122000691,0,0,0
122000692,11,15,-4
122000693,0,0,0
122000695,19,36,-17
122000696,0,0,0
122000698,12,69,-57
122000699,1,0,1
122000701,19,18,1
122000702,0,1,-1
122000703,0,0,0
122000717,25,2,23
122000718,3,0,3
122000719,0,0,0
122000720,0,0,0
122900001,0,0,0
122900002,0,0,0
122900003,0,0,0
122900004,0,0,0
122900005,0,0,0
122900006,0,0,0
122900007,0,0,0
122900008,0,0,0
122900009,0,0,0
122900010,0,0,0
122900012,0,0,0
122900014,0,0,0
122900015,0,0,0
122900016,0,0,0
122900017,0,0,0
122900018,0,0,0
122900019,0,0,0
122900020,0,0,0
122900021,0,0,0
122900022,0,0,0
122900023,0,0,0
122900024,0,0,0
122900025,0,0,0
122900026,0,0,0
122900027,0,2,-2
122900028,0,0,0
122900029,0,0,0
122900030,0,0,0
122900031,0,0,0
122900032,0,0,0
122900033,0,0,0
122900034,0,0,0
122900035,0,0,0
122900036,0,0,0
122900037,0,0,0
122900038,0,0,0
122900039,0,0,0
122900040,0,0,0
122900041,0,0,0
122900042,0,0,0
122900043,0,0,0
122900044,0,0,0
122900045,0,0,0
122900046,0,0,0
122900047,0,0,0
122900048,0,0,0
122900049,0,0,0
122900051,0,0,0
122900052,0,0,0
122900053,0,0,0
122900055,0,0,0
122900057,0,0,0
122900061,0,0,0
122900062,0,0,0
122900063,0,0,0
122900064,0,0,0
122900065,0,0,0
122900066,0,0,0
122900067,0,0,0
122900068,0,0,0
122900069,0,0,0
122900070,0,0,0
122900071,0,0,0
122900072,0,0,0
122900073,0,0,0
122900074,0,0,0
122900075,0,0,0
122900076,0,0,0
122900077,0,0,0
122900078,0,0,0
122900080,0,0,0
122900081,0,0,0
122900082,0,0,0
122900083,0,0,0
122900084,0,0,0
122900086,0,0,0
122900087,0,0,0
122900088,0,0,0
122900089,0,0,0
122900090,0,0,0
122900091,0,0,0
122900092,0,0,0
122900093,0,0,0
122900094,0,0,0
122900095,0,0,0
122900096,0,0,0
122900097,0,0,0
122900098,0,0,0
122900099,0,0,0
122900100,0,0,0
122900101,0,0,0
123000001,54,103,-49
123000002,378,184,194
123000003,211,122,89
123000004,468,757,-289
123000005,104,115,-11
123000006,219,479,-260
123000007,63,76,-13
123000008,173,617,-444
123000009,460,177,283
123000010,778,1092,-314
123000011,145,100,45
123000012,208,750,-542
123000013,136,19,117
123000014,183,661,-478
123000015,597,29,568
123000016,713,606,107
123000017,0,1,-1
123000018,0,0,0
123000019,0,0,0
123000020,0,0,0
123000021,0,0,0
123000022,0,0,0
123000023,0,0,0
123000024,0,0,0
123000025,0,0,0
123000026,0,0,0
123000027,0,1,-1
123000028,0,0,0
123000029,3,6,-3
123000030,0,21,-21
123000031,0,0,0
123000032,0,1,-1
123000033,0,0,0
123000034,0,0,0
123000035,0,0,0
123000036,0,0,0
123000037,9,14,-5
123000038,0,0,0
123000039,0,2,-2
123000040,30,22,8
123000041,0,1,-1
123000042,10,17,-7
123000043,1,0,1
123000044,63,26,37
123000045,237,105,132
123000046,7,1,6
123000047,4,7,-3
123000048,0,0,0
123000049,298,99,199
123000050,37,28,9
123000051,0,0,0
123000052,73,68,5
123000053,240,57,183
123000054,126,23,103
123000055,19,40,-21
123000056,74,277,-203
123000057,539,526,13
123000058,0,2,-2
123000059,0,0,0
123000060,0,4,-4
123000061,0,2,-2
123000063,0,0,0
123000064,1,0,1
123000065,86,121,-35
123000066,2,3,-1
123000067,0,0,0
123000068,180,384,-204
123000069,849,421,428
123000070,0,0,0
123000071,0,0,0
123000072,5,5,0
123000073,0,0,0
123000074,4,7,-3
123000075,0,0,0
123000076,0,0,0
123000077,19,26,-7
123000078,0,0,0
123000079,0,0,0
123000080,7,20,-13
123000081,0,2,-2
123000082,0,1,-1
123000083,0,0,0
123000084,0,9,-9
123000085,0,0,0
123000086,0,0,0
123000087,0,0,0
123000088,0,0,0
123000089,0,0,0
123000090,36,20,16
123000091,0,0,0
123000092,2,18,-16
123000094,0,0,0
123000095,0,0,0
123000096,0,0,0
123000097,0,0,0
123000098,0,0,0
123000099,0,0,0
123000100,0,1,-1
123000101,0,0,0
123000102,2,1,1
123000104,0,0,0
123000105,0,0,0
123000106,0,0,0
123000107,1,0,1
123000108,0,6,-6
123000111,0,0,0
123000112,0,0,0
123000113,0,2,-2
123000114,0,1,-1
123000115,0,0,0
123000116,0,0,0
123000117,0,0,0
123000118,0,0,0
123000119,0,0,0
123000120,0,0,0
123000121,0,0,0
123000122,9,1,8
123000123,0,0,0
123000124,1,5,-4
123000125,0,0,0
123000126,0,0,0
123000127,309,133,176
123000128,7,21,-14
123000129,0,0,0
123000130,0,0,0
123000131,0,0,0
123000132,2,24,-22
123000133,5,28,-23
123000134,0,0,0
123000135,3,0,3
123000136,0,5,-5
123000137,0,0,0
123000138,0,2,-2
123000139,0,1,-1
123000140,0,5,-5
123000141,1,0,1
123000142,39,71,-32
123000143,30,157,-127
123000144,0,0,0
123000145,0,0,0
123000146,0,0,0
123000147,0,0,0
123000149,1,0,1
123000150,0,0,0
123000151,3,9,-6
123000152,2,22,-20
123000153,0,2,-2
123000154,3,2,1
123000155,51,22,29
123000156,0,0,0
123000157,13,39,-26
123000158,0,1,-1
123000159,0,0,0
123000160,1,0,1
123000161,0,0,0
123000162,0,0,0
123000163,0,0,0
123000164,0,0,0
123000165,0,4,-4
123000166,0,1,-1
123000167,0,9,-9
123000168,1,3,-2
123000169,1,0,1
123000170,0,2,-2
123000171,0,0,0
123000172,0,6,-6
123000173,0,0,0
123000174,1,0,1
123000175,7,9,-2
123000176,0,0,0
123000177,0,5,-5
123000178,0,0,0
123000179,0,0,0
123000180,0,0,0
123000181,0,3,-3
123000182,0,0,0
123000183,0,0,0
123000184,0,0,0
123000185,0,0,0
123000186,0,8,-8
123000187,0,0,0
123000188,0,0,0
123000189,0,0,0
123000190,0,0,0
123000192,0,0,0
123000193,0,0,0
123000194,1,1,0
123000195,0,0,0
123000196,0,0,0
123000197,0,0,0
123000198,0,0,0
123000199,0,1,-1
123000200,0,0,0
123000201,0,0,0
123000202,0,1,-1
123000203,1,0,1
123000204,0,4,-4
123000205,0,6,-6
123000206,1,0,1
123000207,0,2,-2
123000208,0,0,0
123000209,0,0,0
123000210,2,3,-1
123000211,1,5,-4
123000212,0,0,0
123000213,0,0,0
123000215,165,9,156
123000216,0,0,0
123000217,0,0,0
123000218,4,33,-29
123000219,0,0,0
123000220,0,0,0
123000221,0,0,0
123000222,0,0,0
123000223,0,0,0
123000224,1,0,1
123000225,0,0,0
123000226,2,22,-20
123000227,2,6,-4
123000228,0,1,-1
123000229,19,58,-39
123000232,7,34,-27
123000233,0,0,0
123000234,5,43,-38
123000235,0,0,0
123000236,8,34,-26
123000237,0,0,0
123000238,1,12,-11
123000239,7,102,-95
123000240,0,2,-2
123000241,0,0,0
123000242,0,0,0
123000243,28,128,-100
123000244,38,162,-124
123000245,9,35,-26
123000249,598,221,377
123000252,0,0,0
123000253,0,0,0
123000254,0,0,0
123000255,0,0,0
123000256,0,0,0
123000257,1,3,-2
123000258,0,1,-1
123000259,0,0,0
123000260,0,0,0
123000261,0,2,-2
123000262,1,1,0
123000263,0,0,0
123000264,0,0,0
123000265,0,1,-1
123000266,0,1,-1
123000267,0,0,0
123000268,0,0,0
123000269,0,0,0
123000270,0,0,0
123000271,0,1,-1
123000272,0,0,0
123000273,0,0,0
123000274,0,0,0
123000275,3,14,-11
123000278,0,0,0
123000279,0,0,0
123000280,0,0,0
123000281,0,0,0
123000282,0,0,0
123000283,0,0,0
123000284,0,0,0
123000286,0,0,0
123000287,0,2,-2
123000288,0,1,-1
123000289,0,0,0
123000291,2,20,-18
123000294,0,3,-3
123000295,184,59,125
123000296,37,12,25
123000297,0,0,0
123000298,0,1,-1
123000299,0,0,0
123000300,0,0,0
123000301,0,1,-1
123000302,1,0,1
123000303,0,0,0
123000305,26,18,8
123000306,0,10,-10
123000309,0,1,-1
123000310,0,0,0
123000311,0,9,-9
123000312,0,0,0
123000313,0,0,0
123000315,0,0,0
123000316,0,0,0
123000317,0,0,0
123000318,0,0,0
123000329,2,0,2
123000337,0,0,0
123000338,0,0,0
123000339,0,27,-27
123000340,0,0,0
123000342,0,0,0
123000343,0,0,0
123000344,1,1,0
123000345,1,2,-1
123000346,0,0,0
123000352,15,17,-2
123000353,0,3,-3
123000354,0,1,-1
123000355,1,41,-40
123000356,0,0,0
123000357,0,2,-2
123000359,0,1,-1
123000360,0,0,0
123000361,5,13,-8
123000362,1,1,0
123000363,0,17,-17
123000364,0,0,0
123000365,3,7,-4
123000366,0,0,0
123000367,0,0,0
123000370,0,9,-9
123000371,0,0,0
123000372,0,0,0
123000373,0,34,-34
123000374,1,26,-25
123000375,0,0,0
123000376,0,0,0
123000377,0,0,0
123000378,1,23,-22
123000379,0,31,-31
123000380,4,41,-37
123000381,0,0,0
123000382,0,0,0
123000383,15,155,-140
123000384,0,0,0
123000385,19,92,-73
123000436,1,282,-281
123000507,0,0,0
123000508,2,2,0
123000517,0,0,0
123000518,0,0,0
123000519,0,0,0
123000520,0,0,0
123000521,0,0,0
123000522,0,0,0
123000541,0,0,0
123000542,0,13,-13
123000565,0,0,0
123000566,0,0,0
123000567,0,0,0
123000573,20,193,-173
123000574,0,0,0
123000575,45,202,-157
123000576,7,145,-138
123000577,6,68,-62
123000578,0,0,0
123000579,3,1,2
123000580,0,0,0
123000582,0,0,0
123000583,0,15,-15
123000584,0,0,0
123000585,0,12,-12
123000586,0,0,0
123000596,0,1,-1
123000597,0,0,0
123000602,0,0,0
123000603,0,0,0
123000604,4,159,-155
123000605,470,33,437
123000606,0,603,-603
123000609,0,0,0
123000610,0,0,0
123000613,20,38,-18
123000614,0,0,0
123000615,14,37,-23
123000616,0,0,0
123000617,8,72,-64
123000618,5,56,-51
123000619,0,0,0
123000620,9,53,-44
123000622,0,0,0
123000624,0,0,0
123000630,0,0,0
123000631,12,169,-157
123000632,0,6,-6
123000633,1,40,-39
123000634,0,0,0
123000635,1,1,0
123000636,0,0,0
123000637,0,0,0
123000638,0,0,0
123000639,0,0,0
123000640,0,8,-8
123900001,0,0,0
123900002,0,0,0
123900003,0,0,0
123900005,0,0,0
123900006,0,0,0
124000001,441,0,441
124000002,30,249,-219
124000003,32,2,30
124000004,11,113,-102
124000005,28,3,25
124000006,64,218,-154
124000007,0,0,0
124000008,0,33,-33
124000009,0,0,0
124000010,3,52,-49
124000011,1,0,1
124000012,20,81,-61
124000017,0,0,0
124000018,14,9,5
124000019,0,0,0
124000020,2,42,-40
124000021,0,0,0
124000022,27,60,-33
124000023,131,66,65
124000024,10,24,-14
124000025,18,28,-10
124000026,15,34,-19
124000027,183,61,122
124000028,280,227,53
124000030,440,341,99
124000031,84,1,83
124000032,541,140,401
124000033,32,1,31
124000034,157,80,77
124000035,2,0,2
124000036,0,37,-37
124000037,5,7,-2
124000038,2,2,0
124000039,160,28,132
124000040,42,105,-63
124000041,43,5,38
124000042,3,53,-50
124000043,13,23,-10
124000044,4,81,-77
124000045,0,0,0
124000046,23,81,-58
124000047,0,0,0
124000048,24,104,-80
124000049,0,0,0
124000050,32,120,-88
124000051,0,0,0
124000052,16,119,-103
124000053,0,0,0
124000054,41,58,-17
124000055,0,0,0
124000056,168,110,58
124000057,0,0,0
124000058,15,85,-70
124000059,0,0,0
124000060,48,36,12
124000061,0,0,0
124000062,254,47,207
124000063,85,256,-171
124000064,84,214,-130
124000065,1,12,-11
124000066,0,0,0
124000067,0,0,0
124000068,0,6,-6
124000069,0,0,0
124000070,8,44,-36
124000071,0,0,0
124000072,8,30,-22
124000073,0,0,0
124000074,15,65,-50
124000075,0,0,0
124000076,3,57,-54
124000077,82,24,58
124000078,0,0,0
124000079,97,73,24
124000080,0,0,0
124000081,10,56,-46
124000082,0,0,0
124000083,5,15,-10
124000084,0,0,0
124000085,1,1,0
124000086,0,0,0
124000087,0,0,0
124000088,0,0,0
124000089,0,0,0
124000090,0,22,-22
124000091,0,0,0
124000092,2,26,-24
124000093,0,0,0
124000094,0,0,0
124000095,0,0,0
124000096,0,0,0
124000097,0,0,0
124000098,0,0,0
124000099,0,0,0
124000100,0,12,-12
124000101,0,0,0
124000102,0,0,0
124000103,0,0,0
124000104,0,0,0
124000105,0,0,0
124000106,0,0,0
124000107,0,0,0
124000108,0,0,0
124000109,0,0,0
124000110,0,0,0
124000111,0,0,0
124000112,0,0,0
124000113,0,0,0
124000114,0,0,0
124000115,0,0,0
124000116,0,0,0
124000117,0,0,0
124000118,0,0,0
124000119,0,1,-1
124000120,0,0,0
124000121,6,24,-18
124000122,215,80,135
124000123,69,11,58
124000124,35,107,-72
124000125,14,13,1
124000126,27,81,-54
124000127,24,19,5
124000128,20,142,-122
124000129,58,34,24
124000130,77,76,1
124000131,79,64,15
124000132,134,116,18
124000133,3,0,3
124000134,38,57,-19
124000135,5,3,2
124000136,25,64,-39
124000137,0,1,-1
124000138,72,58,14
124000139,0,0,0
124000140,0,3,-3
124000141,0,0,0
124000142,0,1,-1
124000143,0,0,0
124000144,0,0,0
124000145,0,0,0
124000146,0,0,0
124000148,0,0,0
124000149,0,0,0
124000150,8,33,-25
124000151,0,0,0
124000152,6,59,-53
124000153,2,0,2
124000154,16,84,-68
124000155,0,0,0
124000156,69,64,5
124000169,0,0,0
124000170,0,0,0
124000171,0,0,0
124000172,0,0,0
124000173,0,0,0
124000174,0,2,-2
124000175,10,38,-28
124000176,0,0,0
124000177,4,15,-11
124000178,0,0,0
124000190,0,0,0
124000191,3,2,1
124000192,0,0,0
124000193,21,77,-56
124000194,13,74,-61
124000195,18,15,3
124000196,53,168,-115
124000197,0,0,0
124000198,0,0,0
124000201,4,160,-156
124000202,0,0,0
124000203,5,159,-154
124000204,0,0,0
124000205,1,127,-126
124000206,0,0,0
124000207,1,48,-47
124000209,14,95,-81
124000210,2,55,-53
124000211,0,0,0
124000212,3,119,-116
124000213,5,81,-76
124000214,0,0,0
124000215,0,0,0
124000216,0,112,-112
124000329,9,149,-140
124000338,4,57,-53
124000339,0,0,0
124000341,0,0,0
124000344,0,2,-2
124000357,0,0,0
124000358,0,0,0
124000359,1,0,1
124000360,1,0,1
124000361,0,0,0
124000362,150,288,-138
124000363,55,126,-71
124000364,90,237,-147
124000365,348,514,-166
124000366,172,272,-100
124000367,14,98,-84
124000368,0,0,0
124000369,0,0,0
124000370,7,63,-56
124000402,0,0,0
124000403,0,0,0
124000404,0,0,0
124000405,57,25,32
124000406,79,141,-62
124000407,0,0,0
124000411,0,1,-1
124000412,0,0,0
124000413,0,0,0
124000414,0,0,0
124000415,0,0,0
124000416,0,0,0
124000417,0,0,0
124000418,0,0,0
124000419,0,0,0
124000420,0,0,0
124000421,0,0,0
124000422,0,0,0
124000423,0,0,0
124000424,0,0,0
124000425,0,0,0
124000426,0,0,0
124000427,0,0,0
124000428,0,0,0
124000429,1,117,-116
124000430,0,0,0
124000431,1,1,0
124000432,0,0,0
124000439,0,0,0
124000442,13,37,-24
124000443,1,6,-5
124000445,0,0,0
124000446,19,3,16
124900001,0,0,0
124900002,0,0,0
124900003,0,0,0
124900004,0,0,0
124900005,0,0,0
124900006,0,0,0
124900008,0,0,0
124900009,0,0,0
124900010,0,0,0
124900011,0,0,0
124900012,0,0,0
124900013,0,0,0
124900014,0,0,0
124900015,0,0,0
124900016,0,0,0
124900017,0,0,0
124900018,0,0,0
124900019,0,0,0
124900020,0,0,0
124900021,0,0,0
124900022,0,0,0
124900024,0,0,0
124900026,0,0,0
124900027,0,0,0
124900028,0,0,0
124900029,0,0,0
124900030,0,0,0
124900031,0,0,0
124900032,0,0,0
124900033,0,0,0
124900034,0,0,0
124900035,0,0,0
124900036,0,0,0
124900037,0,0,0
124900038,0,0,0
124900039,0,0,0
124900040,0,0,0
124900041,0,0,0
124900042,0,0,0
124900043,0,0,0
124900044,0,0,0
124900045,0,0,0
124900046,0,0,0
124900047,0,0,0
124900048,0,0,0
124900050,0,0,0
124900052,0,0,0
124900053,0,0,0
124900054,0,0,0
124900055,0,0,0
124900057,0,0,0
124900060,0,0,0
124900061,0,0,0
124900062,0,0,0
124900066,0,0,0
124900067,0,0,0
124900068,0,0,0
124900069,0,0,0
124900070,0,0,0
124900072,0,0,0
124900074,0,0,0
124900075,0,0,0
124900076,0,0,0
124900077,0,0,0
124900078,0,0,0
124900079,0,0,0
124900080,0,0,0
124900081,0,0,0
124900082,0,0,0
124900083,0,0,0
124900084,0,0,0
124900085,0,0,0
124900086,0,0,0
124900087,0,0,0
124900088,0,0,0
124900089,0,0,0
124900090,0,0,0
124900091,0,0,0
124900092,0,0,0
124900093,0,0,0
124900094,0,0,0
124900095,0,0,0
124900096,0,0,0
124900097,0,0,0
124900098,0,0,0
124900099,0,0,0
124900100,0,0,0
124900101,0,0,0
124900102,0,0,0
124900103,0,0,0
124900104,0,0,0
124900105,0,0,0
124900106,0,0,0
124900107,0,0,0
124900108,0,0,0
124900109,0,0,0
124900110,0,0,0
124900111,0,0,0
124900112,0,0,0
129000186,0,0,0
204000001,0,0,0
204000002,0,0,0
204000003,0,0,0
204000004,0,0,0
204000005,0,0,0
204000006,0,0,0
204000008,0,0,0
204000011,43,209,-166
204000012,5,74,-69
204000013,0,18,-18
204000019,0,0,0
204000020,0,1,-1
204000021,1,0,1
204000022,0,2,-2
204000023,246,582,-336
204000031,0,0,0
204000032,0,0,0
204000034,42,149,-107
204000035,0,0,0
204000036,4,3,1
204000037,0,2,-2
204000038,0,0,0
204000039,0,3,-3
204000040,0,5,-5
204000041,0,0,0
204000042,0,0,0
204000043,0,0,0
204000044,0,0,0
204000045,0,0,0
204000046,0,0,0
204000057,0,7,-7
204000062,3,0,3
204000068,15,61,-46
204000069,4,18,-14
204000070,0,0,0
204000080,21,48,-27
204000085,201,346,-145
204000086,440,491,-51
204000087,0,0,0
204000088,21,155,-134
204000090,27,124,-97
204000093,0,0,0
204000096,0,0,0
204000097,0,0,0
204000099,0,0,0
204000100,0,0,0
204000105,274,404,-130
204000110,94,428,-334
204000111,85,221,-136
204000112,86,181,-95
204000113,64,156,-92
204000114,0,0,0
204000115,1,0,1
204000116,0,1,-1
204000119,0,0,0
204000132,0,0,0
204000133,0,0,0
204000134,0,0,0
204000135,0,0,0
204000136,0,0,0
204000138,0,0,0
204000140,0,0,0
204000141,0,0,0
204000144,0,0,0
204000145,0,0,0
204000146,21,92,-71
204000147,20,58,-38
204000148,0,0,0
204000154,0,0,0
204000155,0,1,-1
204000177,0,0,0
204000179,0,0,0
204000180,0,19,-19
204000222,0,2,-2
204000235,12,4,8
204000236,12,70,-58
204000238,0,0,0
204000240,14,25,-11
204000308,0,0,0
204000317,7,8,-1
204000322,4,12,-8
204000323,0,0,0
204000328,0,0,0
204000329,21,41,-20
204000330,0,0,0
204000331,50,31,19
204010341,0,0,0
205000001,382,319,63
205000013,2,68,-66
205000014,4,63,-59
205000015,12,95,-83
205000016,4,103,-99
205000017,15,32,-17
205000022,105,221,-116
205000025,301,385,-84
205000029,0,0,0
205000045,8,70,-62
205000047,21,215,-194
205000048,33,356,-323
205000049,27,375,-348
205000050,235,205,30
205000059,0,133,-133
205000060,1,11,-10
205000061,0,5,-5
205000062,0,8,-8
205000063,1,18,-17
205000064,23,33,-10
205000065,6,130,-124
205000066,0,61,-61
205000067,0,131,-131
205000069,0,0,0
205000082,0,0,0
205000110,8,108,-100
205000111,45,116,-71
205000112,0,0,0
205000113,86,94,-8
205000121,0,0,0
205000123,96,43,53
205000126,0,0,0
205000127,0,0,0
205000128,0,0,0
205000129,0,0,0
205000130,0,0,0
205000131,0,0,0
205000132,0,0,0
205000133,0,0,0
205000134,0,0,0
205000137,16,41,-25
205000138,30,85,-55
205000139,17,23,-6
205000144,0,0,0
205000145,0,0,0
205000151,0,0,0
205000152,0,0,0
205000153,0,0,0
205000154,0,0,0
205000155,0,0,0
205000207,250,356,-106
205000233,0,0,0
205000234,0,0,0
205000243,0,0,0
205000244,0,0,0
205000245,9,103,-94
205000249,0,4,-4
205000250,0,0,0
205000251,22,181,-159
205000264,1,42,-41
206000027,0,0,0
206000028,0,0,0
206000043,1,10,-9
206000053,4,13,-9
206000054,1,31,-30
206000055,3,17,-14
206000075,0,0,0
206000076,0,0,0
206000077,0,0,0
206000078,0,0,0
206000079,0,0,0
206000082,0,0,0
206000100,1,39,-38
206000103,6,50,-44
206000104,23,35,-12
206000105,2,22,-20
206000106,22,53,-31
206000108,0,0,0
206000125,0,0,0
206000157,175,463,-288
206000170,1,253,-252
206000171,0,124,-124
206000172,2,166,-164
206000173,2,61,-59
206000174,2,36,-34
206000175,0,54,-54
206000176,5,99,-94
206000177,0,87,-87
206000178,0,62,-62
206000179,1,22,-21
206000180,0,18,-18
206000181,4,22,-18
206000182,3,34,-31
206000183,1,39,-38
206000184,9,71,-62
206000185,10,57,-47
206000186,44,210,-166
206000223,4,65,-61
206000226,0,0,0
206000227,0,0,0
206000237,8,96,-88
206000238,24,110,-86
206000239,311,230,81
206000240,9,85,-76
206000241,1,118,-117
206000242,12,99,-87
206000243,3,100,-97
206000244,54,166,-112
206000245,0,1,-1
206000246,0,0,0
206000247,0,0,0
206000248,1,0,1
206000252,0,0,0
206000258,14,44,-30
206000315,0,0,0
206000317,0,1,-1
206000318,0,0,0
206000319,4,1,3
206000320,0,0,0
206000321,0,0,0
206000322,0,0,0
206000323,0,0,0
206000324,0,0,0
206000325,0,0,0
206000326,0,0,0
206000327,0,0,0
206000328,0,0,0
206000329,0,0,0
206000330,0,0,0
206000331,1,0,1
206000332,0,0,0
206000333,0,0,0
206000334,0,0,0
206000335,0,13,-13
206000361,4,201,-197
206000392,0,21,-21
206000405,0,0,0
206000441,0,0,0
206000498,0,3,-3
206000515,0,0,0
206000530,1,0,1
206000531,0,0,0
206000532,1,0,1
206000535,4,10,-6
206000536,0,1,-1
206000537,0,0,0
206000613,6,0,6
207000001,56,335,-279
207000002,18,217,-199
207000003,38,180,-142
207000007,0,0,0
207000008,0,0,0
207000009,0,0,0
207000010,23,35,-12
207000012,0,0,0
207000015,27,69,-42
207000019,0,0,0
207000021,0,0,0
207000022,0,0,0
207000023,0,0,0
207000024,0,0,0
207000025,0,0,0
207000026,75,169,-94
207000027,10,136,-126
207000028,22,209,-187
207000029,109,416,-307
207000033,0,0,0
207000034,0,0,0
207000039,0,0,0
207000040,0,0,0
207000041,0,0,0
207000042,0,0,0
207000043,0,0,0
207000051,11,86,-75
207000052,0,21,-21
207000053,158,635,-477
207000054,7,42,-35
207000055,23,106,-83
207000056,74,220,-146
207000057,83,186,-103
207000058,49,172,-123
207000059,25,250,-225
207000060,7,62,-55
207000061,0,0,0
207000062,0,0,0
207000063,0,0,0
207000064,0,0,0
207000065,0,0,0
207000066,0,0,0
207000067,0,0,0
207000068,0,0,0
207000069,0,0,0
207000082,0,0,0
207000083,13,19,-6
207000084,0,0,0
207000085,0,0,0
207000086,0,0,0
207000106,0,0,0
207000107,0,0,0
207000108,0,0,0
207000109,0,0,0
207000110,0,0,0
207000111,0,0,0
207000112,0,0,0
207000114,0,8,-8
207000115,3,23,-20
207000116,4,59,-55
207000117,1,30,-29
207000118,0,15,-15
207000119,6,45,-39
207000123,0,0,0
207000124,0,0,0
207000125,0,0,0
207000126,0,0,0
207000134,0,0,0
207000135,0,0,0
207000148,0,0,0
207000149,25,10,15
207000152,35,238,-203
207000153,1124,798,326
207000154,0,0,0
207000159,8,53,-45
207000160,14,55,-41
207000238,0,42,-42
207000242,0,54,-54
207000248,5,6,-1
207000249,27,34,-7
207000250,13,19,-6
207000251,18,25,-7
207000252,7,42,-35
207000278,0,0,0
207000279,11,29,-18
207000280,0,0,0
207000281,2,22,-20
207000282,0,0,0
207000283,2,4,-2
207000284,0,0,0
207000285,0,0,0
207000291,1,28,-27
207000304,0,0,0
207000306,23,368,-345
207000310,0,0,0
207000353,0,0,0
207000356,1,1,0
207000357,0,0,0
207000415,1,60,-59
207000417,0,0,0
207000437,0,2,-2
207000439,0,0,0
207000446,0,0,0
207000460,0,0,0
207000466,15,68,-53
207000467,0,0,0
207000468,0,3,-3
207000476,0,0,0
207000477,0,0,0
207000523,0,13,-13
207000524,0,0,0
207000527,0,0,0
207000530,0,0,0
207000531,0,0,0
207000532,0,0,0
207000534,0,0,0
207000535,11,41,-30
207000537,2,19,-17
207000540,2,34,-32
207000541,0,91,-91
207000548,1,70,-69
207000549,0,0,0
207000561,0,0,0
207000562,6,30,-24
207000567,88,179,-91
207000568,0,0,0
207000569,0,0,0
207000584,42,33,9
207000585,0,0,0
207000616,0,103,-103
207000617,0,0,0
207000628,0,0,0
207900008,0,0,0
208000001,0,0,0
208000002,0,0,0
208000003,0,0,0
208000004,0,0,0
208000005,2,23,-21
208000019,1,0,1
208000020,0,1,-1
208000021,1,2,-1
208000022,6,8,-2
208000028,0,0,0
208000033,0,6,-6
208000034,1,3,-2
208000040,0,0,0
208000041,0,2,-2
208000042,0,0,0
208000047,5,20,-15
208000064,6,3,3
208000066,0,0,0
208000070,0,0,0
208000071,0,0,0
208000072,0,0,0
208000080,0,0,0
208000081,0,0,0
208000082,28,64,-36
208000083,28,106,-78
208000084,0,0,0
208000085,117,146,-29
208000086,79,262,-183
208000087,21,132,-111
208000089,36,53,-17
208000090,30,55,-25
208000093,0,15,-15
208000094,12,19,-7
208000095,8,11,-3
208000104,0,3,-3
208000105,1,1,0
208000114,0,0,0
208000115,45,244,-199
208000116,0,0,0
208000117,0,0,0
208000118,0,0,0
208000155,77,323,-246
208000158,142,174,-32
208000186,0,1,-1
208000204,6,37,-31
208000205,36,58,-22
208000282,243,95,148
209000004,0,0,0
209000005,0,0,0
209000006,0,0,0
209000007,0,0,0
209000010,67,51,16
209000011,54,64,-10
209000012,28,96,-68
209000013,17,89,-72
209000014,134,387,-253
209000025,0,0,0
209000026,0,0,0
209000027,64,315,-251
209000028,57,373,-316
209000029,80,278,-198
209000030,62,524,-462
209000031,834,1189,-355
209000034,0,0,0
209000035,0,0,0
209000036,0,0,0
209000037,0,0,0
209000038,0,0,0
209000039,0,0,0
209000040,4,41,-37
209000041,0,37,-37
209000042,6,17,-11
209000043,10,9,1
209000044,8,13,-5
209000045,32,139,-107
209000046,53,170,-117
209000047,27,78,-51
209000048,16,81,-65
209000049,55,129,-74
209000050,139,199,-60
209000051,91,169,-78
209000052,57,191,-134
209000062,5,57,-52
209000063,16,52,-36
209000064,5,92,-87
209000065,0,0,0
209000066,0,0,0
209000067,0,0,0
209000080,5,41,-36
209000082,0,0,0
209000091,7,54,-47
209000093,20,31,-11
209000094,95,103,-8
209000110,0,0,0
209000111,8,37,-29
209000112,16,7,9
209000113,7,2,5
209000114,2,2,0
209000115,31,99,-68
209000116,459,284,175
209000118,0,0,0
209000119,12,8,4
209000121,36,158,-122
209000135,0,0,0
209000142,68,16,52
209000143,4,28,-24
209000144,0,0,0
209000229,18,98,-80
209000240,11,71,-60
209000259,50,36,14
209000260,0,72,-72
209000261,0,17,-17
209000262,0,11,-11
209000263,0,3,-3
209000264,0,0,0
209000265,0,0,0
209000266,0,0,0
209000267,0,0,0
209000268,0,0,0
210000037,0,0,0
210000047,0,0,0
210000048,0,0,0
210000049,0,0,0
210000052,0,26,-26
210000053,0,11,-11
210000054,9,12,-3
210000070,0,0,0
210000071,0,0,0
210000072,0,0,0
210000073,0,10,-10
210000074,0,65,-65
210000075,0,30,-30
210000076,2,54,-52
210000077,9,36,-27
210000078,9,24,-15
210000079,0,0,0
210000080,0,0,0
210000081,0,0,0
210000082,0,0,0
210000083,0,0,0
210000084,0,0,0
210000085,0,30,-30
210000086,3,43,-40
210000099,5,124,-119
210000100,15,128,-113
210000101,25,145,-120
210000105,11,20,-9
210000159,0,16,-16
210000163,18,58,-40
210000164,0,0,0
210000168,0,0,0
210000187,0,5,-5
210000188,0,20,-20
210000214,0,0,0
210000219,0,0,0
210000220,0,0,0
210000232,0,5,-5
210000233,0,9,-9
210000234,1,15,-14
210000235,3,19,-16
210000245,0,23,-23
210000246,0,0,0
210000258,3,32,-29
210000259,0,0,0
210000282,8,71,-63
210000285,0,19,-19
210000286,5,40,-35
210000295,5,9,-4
210000296,0,10,-10
210000320,0,0,0
210000321,0,0,0
210000338,8,24,-16
210000339,205,307,-102
210000340,21,81,-60
210000341,29,98,-69
210000342,41,95,-54
210000343,34,148,-114
210000344,21,52,-31
210000345,22,90,-68
210000346,6,50,-44
210000347,4,23,-19
210000348,17,16,1
210000349,18,23,-5
210000350,68,74,-6
210000351,56,87,-31
210000352,0,0,0
210000353,0,1,-1
210000354,0,1,-1
210000355,0,0,0
210000356,0,0,0
210000357,0,0,0
210000358,0,0,0
210000359,0,0,0
210000360,0,0,0
210000361,0,0,0
210000362,0,0,0
210000363,0,0,0
210000364,0,0,0
210000365,0,0,0
210000366,0,0,0
210000367,0,0,0
210000368,0,0,0
210000369,0,0,0
210000370,0,0,0
210000372,0,0,0
210000373,0,0,0
210000374,0,0,0
210000375,0,0,0
210000376,0,0,0
210000404,51,55,-4
210000439,0,0,0
210000472,0,0,0
210000482,0,0,0
210000564,0,0,0
210000568,0,0,0
211000092,0,0,0
211000094,0,0,0
211000169,0,0,0
211000172,0,0,0
211000209,0,0,0
211000275,0,0,0
211000276,0,0,0
211000279,0,0,0
211000281,0,0,0
211507980,0,0,0
211977296,0,0,0
212000003,0,0,0
212000004,2,3,-1
212000005,7,4,3
212000006,8,10,-2
212000008,26,44,-18
212000009,3,16,-13
212000012,19,61,-42
212000013,14,52,-38
212000014,111,99,12
212000015,109,82,27
212000016,296,316,-20
212000027,0,0,0
212000028,0,0,0
212000029,0,0,0
212000030,0,0,0
212000031,0,0,0
212000048,5,18,-13
212000049,10,8,2
212000050,5,8,-3
212000051,47,86,-39
212000052,54,94,-40
212000053,158,208,-50
212000054,0,0,0
212000055,1,0,1
212000056,0,0,0
212000057,0,0,0
212000058,0,0,0
212000070,30,72,-42
212000077,33,255,-222
212000099,1,0,1
212000108,0,0,0
212000111,0,0,0
212000120,21,10,11
212000138,24,25,-1
212000156,1,31,-30
212000158,0,0,0
212000159,2,0,2
212000160,1,1,0
212000161,0,0,0
212000310,9,7,2
212000311,0,0,0
212000374,4,8,-4
213000001,0,0,0
213000005,0,0,0
213000006,0,0,0
213000007,0,0,0
213000009,0,0,0
213000010,0,0,0
213000011,0,0,0
213000012,1,0,1
213000014,0,0,0
213000015,0,0,0
213000016,0,0,0
213000017,0,0,0
213000018,0,0,0
213000019,0,0,0
213000020,0,0,0
213000021,0,0,0
213000023,0,0,0
213000033,0,4,-4
213000034,0,0,0
213000035,0,0,0
213000045,0,0,0
213000046,0,0,0
213000047,0,0,0
213000056,0,0,0
213000069,0,0,0
213000073,0,0,0
213000074,0,8,-8
213000075,0,0,0
213000085,1,3,-2
213000086,0,11,-11
213000091,0,0,0
213000092,0,0,0
213000099,2,6,-4
213000100,0,0,0
213000101,2,1,1
213000102,0,2,-2
213000103,0,0,0
213000104,0,0,0
213000105,1,3,-2
213000106,2,1,1
213000107,6,7,-1
213000108,0,1,-1
213000109,0,0,0
213000110,0,2,-2
213000111,0,0,0
213000112,0,0,0
213000115,0,0,0
213000116,0,0,0
213000117,0,0,0
213000118,31,8,23
213000119,0,52,-52
213000120,0,27,-27
213000122,10,10,0
213000123,11,6,5
213000124,0,1,-1
213000125,0,0,0
213000126,0,0,0
213000127,0,0,0
213000128,0,0,0
213000129,0,0,0
213000130,0,0,0
213000132,0,0,0
213000133,0,0,0
213000134,0,0,0
213000136,0,0,0
213000137,0,0,0
213000139,0,0,0
213000147,0,0,0
213000148,0,0,0
213000149,0,0,0
213000150,0,1,-1
213000151,0,1,-1
213000152,0,1,-1
213000153,0,1,-1
213000154,0,8,-8
213000155,1,4,-3
213000156,0,6,-6
213000157,13,4,9
213000158,1,5,-4
213000159,0,0,0
213000163,0,0,0
213000165,0,0,0
213000171,0,1,-1
213000172,0,1,-1
213000173,0,2,-2
213000174,0,0,0
213000175,0,1,-1
213000176,0,0,0
213000177,0,0,0
213000178,0,0,0
213000179,0,0,0
213000180,0,0,0
213000184,0,0,0
213000188,0,0,0
213000189,0,0,0
213000190,1,20,-19
213000191,0,7,-7
213000192,1,11,-10
213000193,40,4,36
213000194,0,2,-2
213000195,0,3,-3
213000196,0,4,-4
213000197,0,0,0
213000198,0,0,0
213000200,6,9,-3
213000201,2,0,2
213000202,0,56,-56
213000203,0,0,0
213000204,0,0,0
213000205,0,0,0
213000206,0,0,0
213000207,0,0,0
213000208,0,0,0
213000209,0,0,0
213000210,0,0,0
213000211,0,4,-4
213000212,0,1,-1
213000213,0,0,0
213000218,5,47,-42
213000219,0,0,0
213000220,0,0,0
213000223,0,0,0
213000224,0,0,0
213000225,0,0,0
213000226,0,0,0
213000227,0,0,0
213000228,0,0,0
213000229,0,0,0
213000230,0,0,0
213000232,0,12,-12
213000233,0,0,0
213000234,0,4,-4
213000293,0,6,-6
213000294,0,0,0
213000295,0,1,-1
213000296,0,0,0
213000297,0,5,-5
213000298,1,4,-3
213000299,0,0,0
213000300,0,0,0
213000303,0,5,-5
213000304,0,0,0
213000305,0,0,0
213000306,0,0,0
213000307,0,0,0
213000308,0,2,-2
213000309,0,0,0
213000310,0,0,0
213000311,0,0,0
213000315,2,1,1
213000316,0,0,0
213000322,0,0,0
213000323,0,0,0
213000324,0,0,0
213000325,0,0,0
213000326,0,0,0
213000327,0,0,0
213000328,0,0,0
213000329,0,0,0
213000340,6,33,-27
213000341,0,0,0
213000347,0,0,0
213000348,0,0,0
213000349,0,0,0
213000350,0,5,-5
213000366,2,6,-4
213000367,0,0,0
213000379,0,0,0
213000386,0,17,-17
213000406,3,17,-14
213000417,0,0,0
213000425,0,0,0
213000426,0,0,0
213000427,0,0,0
213000428,0,0,0
213000429,0,0,0
213000430,0,0,0
213000431,0,0,0
213000432,0,0,0
213000433,0,0,0
213000434,0,0,0
213000435,0,0,0
213000436,0,0,0
213000437,0,0,0
213000438,0,0,0
213000439,0,0,0
213000440,0,0,0
213000441,0,0,0
213000442,0,0,0
213000443,0,0,0
213000444,0,0,0
213000445,0,0,0
213000446,0,0,0
213000447,0,0,0
213000448,0,0,0
213000449,0,0,0
213000450,0,0,0
213000451,0,0,0
213000452,0,0,0
213000453,0,8,-8
213000455,0,0,0
213000456,0,3,-3
213000481,0,0,0
213000484,0,0,0
213000489,0,0,0
213900002,0,0,0
213900003,0,0,0
213900013,0,2,-2
213900015,0,0,0
213900016,0,0,0
213900020,0,0,0
213900030,0,0,0
213900032,0,0,0
213900033,0,0,0
213900034,0,0,0
213900035,1,3,-2
213900036,0,2,-2
213900037,0,6,-6
213900038,0,0,0
213900039,0,0,0
213900041,0,4,-4
213900042,0,0,0
213900043,0,0,0
213900244,0,0,0
213900245,0,0,0
218000003,1,1,0
218000004,0,5,-5
218000005,0,0,0
218000006,6,31,-25
218000007,0,4,-4
218000012,8,7,1
218000013,48,120,-72
218000014,220,199,21
218000019,501,206,295
218000020,164,237,-73
218000021,46,91,-45
218000022,19,43,-24
218000023,6,47,-41
218000024,1,22,-21
218000025,24,40,-16
218000026,10,76,-66
218000027,5,29,-24
218000028,8,9,-1
218000029,1,14,-13
218000030,56,50,6
218000031,6,76,-70
218000032,2,38,-36
218000039,0,0,0
218000040,0,0,0
218000046,1,14,-13
218000047,0,11,-11
218000048,1,22,-21
218000049,5,12,-7
218000050,8,6,2
218000051,2,5,-3
218000052,0,0,0
218000053,0,0,0
218000054,0,0,0
218000055,0,0,0
218000056,0,1,-1
218000057,0,0,0
218000064,0,0,0
218000065,0,0,0
218000066,0,0,0
218000067,3,92,-89
218000068,21,81,-60
218000069,31,144,-113
218000070,12,194,-182
218000071,79,138,-59
218000072,195,140,55
218000078,151,301,-150
218000079,2,17,-15
218000080,6,11,-5
218000081,8,15,-7
218000082,2,4,-2
218000083,5,39,-34
218000084,33,86,-53
218000085,93,165,-72
218000086,23,68,-45
218000087,65,124,-59
218000090,4,20,-16
218000091,158,190,-32
218000092,22,153,-131
218000093,109,58,51
218000094,264,348,-84
218000099,126,246,-120
218000100,104,177,-73
218000101,41,65,-24
218000102,69,76,-7
218000103,20,41,-21
218000104,19,29,-10
218000105,0,3,-3
218000106,3,4,-1
218000107,0,15,-15
218000108,0,7,-7
218000112,25,34,-9
218000117,0,0,0
218000134,92,193,-101
218000135,3,22,-19
218000136,35,19,16
218000137,25,50,-25
218000138,0,20,-20
218000139,14,48,-34
218000140,4,8,-4
218000141,3,2,1
218000142,3,21,-18
218000143,0,27,-27
218000144,0,3,-3
218000145,18,40,-22
218000146,6,17,-11
218000151,1,5,-4
218000152,10,6,4
218000153,3,6,-3
218000154,2,2,0
218000155,6,1,5
218000156,89,22,67
218000157,9,22,-13
218000158,0,7,-7
218000159,5,1,4
218000160,3,3,0
218000161,22,5,17
218000162,25,14,11
218000163,1,1,0
218000164,31,8,23
218000165,33,9,24
218000170,0,0,0
218000171,0,0,0
218000172,0,0,0
218000173,0,0,0
218000174,0,0,0
218000176,0,0,0
218000177,0,0,0
218000178,0,0,0
218000179,0,0,0
218000180,0,0,0
218000181,0,0,0
218000187,1,5,-4
218000188,7,4,3
218000189,2,19,-17
218000190,2,13,-11
218000191,38,42,-4
218000192,58,171,-113
218000193,129,204,-75
218000194,18,204,-186
218000195,32,57,-25
218000196,37,120,-83
218000197,27,104,-77
218000198,1,33,-32
218000199,3,6,-3
218000200,0,10,-10
218000201,1,0,1
218000202,13,31,-18
218000207,3,13,-10
218000208,17,14,3
218000211,1,25,-24
218000212,0,12,-12
218000213,5,35,-30
218000214,0,16,-16
218000215,9,48,-39
218000217,1,60,-59
218000218,76,85,-9
218000219,0,0,0
218000220,14,44,-30
218000221,44,49,-5
218000222,0,0,0
218000223,44,17,27
218000224,2,8,-6
218000225,41,15,26
218000226,25,28,-3
218000230,0,0,0
218000232,29,7,22
218000234,0,0,0
218000239,0,0,0
218000240,0,0,0
218000241,0,0,0
218000242,0,0,0
218000243,0,0,0
218000244,0,0,0
218000245,0,0,0
218000246,0,0,0
218000247,0,0,0
218000248,0,0,0
218000249,0,0,0
218000250,0,0,0
218000251,0,0,0
218000252,0,0,0
218000253,0,0,0
218000254,0,0,0
218000255,0,0,0
218000256,0,0,0
218000267,5,287,-282
218000268,8,11,-3
218000269,5,5,0
218000270,14,21,-7
218000271,85,53,32
218000273,0,0,0
218000274,0,0,0
218000275,6,9,-3
218000276,4,23,-19
218000278,18,90,-72
218000279,3,27,-24
218000280,0,3,-3
218000281,1,11,-10
218000282,14,29,-15
218000284,0,0,0
218000301,4,28,-24
218000302,3,4,-1
218000303,5,13,-8
218000316,104,57,47
218000317,37,60,-23
218000318,21,102,-81
218000319,192,447,-255
218000320,145,344,-199
218000338,1,6,-5
218000339,0,0,0
218000342,0,0,0
218000343,0,0,0
218000345,0,1,-1
218000346,0,0,0
218000353,0,0,0
218000354,0,0,0
218000459,33,135,-102
218000490,6,15,-9
218000501,0,0,0
218000502,1,17,-16
218000503,0,0,0
218000504,0,0,0
218000505,3,29,-26
218000506,7,28,-21
218000508,0,0,0
218000510,0,0,0
218000520,0,0,0
218000521,0,0,0
218000522,0,8,-8
218000523,0,0,0
218000524,2,18,-16
218000525,0,0,0
218000526,3,6,-3
218000529,0,0,0
218000530,8,4,4
218000531,0,0,0
218000532,0,5,-5
218000534,0,0,0
218000537,0,0,0
218000538,3,8,-5
218000539,0,0,0
218000540,20,41,-21
218000543,53,49,4
218000544,93,77,16
218000545,10,19,-9
218000546,12,38,-26
218000547,26,31,-5
218000548,33,57,-24
218000549,48,32,16
218000550,56,107,-51
218000551,40,24,16
218000552,30,12,18
218000553,0,15,-15
218000554,7,6,1
218000555,0,1,-1
218000556,204,164,40
218000557,0,1,-1
218000558,0,0,0
218000559,0,0,0
218000560,0,0,0
218000561,0,0,0
218000562,3,34,-31
218000563,0,0,0
218000564,1,10,-9
218000565,0,0,0
218000566,0,0,0
218000567,0,0,0
218000568,0,0,0
218000569,2,6,-4
218000570,0,0,0
218000571,0,0,0
218000572,0,0,0
218000573,0,3,-3
218000574,0,0,0
218000575,0,0,0
218000576,0,0,0
218000577,0,0,0
218000578,0,0,0
218000579,0,0,0
218000581,0,4,-4
218000582,0,0,0
218000583,0,0,0
218000584,0,2,-2
218000585,0,2,-2
218000586,0,2,-2
218000587,0,0,0
218000588,0,0,0
218000589,0,0,0
218000590,0,0,0
218000591,0,0,0
218000592,0,0,0
218000593,0,0,0
218000594,0,0,0
218000595,0,0,0
218000596,0,0,0
218000597,0,0,0
218000598,0,0,0
218000599,0,0,0
218000600,0,0,0
218000601,0,0,0
218000602,0,0,0
218000603,0,1,-1
218000604,0,0,0
218000605,0,2,-2
218000606,0,0,0
218000607,0,0,0
218000608,0,0,0
218000609,0,0,0
218000610,0,0,0
218000611,0,0,0
218000612,0,0,0
218000613,0,0,0
218000614,0,1,-1
218000615,0,0,0
218000616,0,1,-1
218000617,0,0,0
218000618,0,0,0
218000619,0,0,0
218000620,0,0,0
218000621,0,0,0
218000622,0,0,0
218000623,0,0,0
218000624,0,0,0
218000625,0,0,0
218000626,0,0,0
218000628,4,4,0
218000631,0,0,0
218000632,0,0,0
218000633,0,0,0
218000634,0,2,-2
218000635,1,1,0
218000636,169,338,-169
218000637,40,60,-20
218000638,0,0,0
218000639,5,43,-38
218000640,0,0,0
218000641,0,26,-26
218000652,44,50,-6
218000653,43,36,7
218000663,0,0,0
218000675,0,0,0
218000676,2,26,-24
218000677,5,5,0
218000680,0,0,0
218000681,0,0,0
218000691,0,0,0
218000693,0,0,0
218000703,15,120,-105
218000718,21,41,-20
218000719,2,16,-14
218000720,0,2,-2
218000721,0,0,0
218000725,6,11,-5
218001214,0,0,0
218001329,0,0,0
218001330,0,0,0
219000001,13,35,-22
219000002,61,95,-34
219000003,8,2,6
219000004,11,2,9
219000017,7,14,-7
219000020,0,0,0
219000022,0,0,0
219000023,0,0,0
219000029,0,53,-53
219000034,0,0,0
219000039,3,27,-24
219000040,3,10,-7
219000041,22,33,-11
219000051,0,102,-102
219000052,0,17,-17
219000053,0,120,-120
219000054,53,62,-9
219000055,6,1,5
219000056,0,0,0
219000057,2,0,2
219000062,4,57,-53
219000063,7,8,-1
219000064,0,7,-7
219000110,0,0,0
219000111,0,0,0
219000112,0,0,0
219000113,0,0,0
219000114,0,0,0
219000116,14,8,6
219000117,55,36,19
219000118,7,19,-12
219000123,73,88,-15
219000124,69,80,-11
219000125,12,45,-33
219000126,49,65,-16
219000127,1,13,-12
219000128,15,204,-189
219000129,26,235,-209
219000130,1718,929,789
219000131,557,466,91
219000133,7,16,-9
219000134,0,4,-4
219000135,10,8,2
219000136,14,37,-23
219000138,7,15,-8
219000139,1,30,-29
219000140,0,0,0
219000141,2,55,-53
219000142,2,54,-52
219000143,2,39,-37
219000145,1,10,-9
219000146,3,89,-86
219000147,0,7,-7
219000148,0,10,-10
219000149,8,106,-98
219000150,6,68,-62
219000151,7,139,-132
219000157,21,25,-4
219000158,58,104,-46
219000161,46,32,14
219000163,194,40,154
219000166,17,72,-55
219000167,36,122,-86
219000168,0,1,-1
219000174,0,0,0
219000175,0,0,0
219000176,0,0,0
219000177,0,0,0
219000178,0,0,0
219000179,0,0,0
219000180,4,37,-33
219000182,0,0,0
219000183,0,17,-17
219000184,0,0,0
219000185,2,98,-96
219000186,0,6,-6
219000187,2,77,-75
219000189,84,207,-123
219000190,240,288,-48
219000191,829,596,233
219000192,99,160,-61
219000193,296,502,-206
219000195,1,68,-67
219000196,2,48,-46
219000198,20,82,-62
219000199,35,107,-72
219000200,20,90,-70
219000201,59,141,-82
219000203,14,115,-101
219000204,21,118,-97
219000205,29,94,-65
219000207,83,111,-28
219000209,27,38,-11
219000210,20,58,-38
219000213,8,89,-81
219000239,6,11,-5
219000240,4,54,-50
219000241,10,16,-6
219000242,26,22,4
219000243,4,51,-47
219000244,0,18,-18
219000245,1,12,-11
219000246,0,0,0
219000247,0,0,0
219000248,1,0,1
219000249,0,0,0
219000250,0,0,0
219000251,0,0,0
219000252,0,0,0
219000253,0,0,0
219000255,0,0,0
219000256,0,0,0
219000257,0,0,0
219000262,19,158,-139
219000263,11,50,-39
219000267,2,122,-120
219000268,9,27,-18
219000269,0,0,0
219000270,0,0,0
219000271,12,2,10
219000278,0,5,-5
219000279,0,4,-4
219000283,0,12,-12
219000295,3,51,-48
219000296,10,194,-184
219000297,4,75,-71
219000298,3,110,-107
219000299,0,0,0
219000300,5,146,-141
219000301,13,102,-89
219000302,9,77,-68
219000307,18,63,-45
219000308,10,11,-1
219000311,0,0,0
219000312,0,0,0
219000313,0,0,0
219000314,61,222,-161
219000315,0,0,0
219000316,0,0,0
219000317,0,0,0
219000320,2,42,-40
219000321,0,15,-15
219000323,0,21,-21
219000325,2,63,-61
219000326,17,110,-93
219000327,19,14,5
219000328,13,17,-4
219000329,291,196,95
219000330,3,28,-25
219000331,4,23,-19
219000332,0,0,0
219000333,0,0,0
219000335,0,0,0
219000337,0,0,0
219000338,0,0,0
219000344,62,93,-31
219000345,75,118,-43
219000346,28,112,-84
219000348,28,74,-46
219000349,24,81,-57
219000350,10,55,-45
219000351,0,1,-1
219000352,0,4,-4
219000353,6,14,-8
219000354,26,40,-14
219000355,1,0,1
219000356,475,231,244
219000363,97,24,73
219000364,37,23,14
219000365,31,3,28
219000366,228,40,188
219000368,1,0,1
219000370,147,87,60
219000371,13,14,-1
219000382,5,14,-9
219000383,378,383,-5
219000385,302,313,-11
219000386,436,614,-178
219000387,0,1,-1
219000390,0,0,0
219000391,0,0,0
219000397,44,90,-46
219000398,30,11,19
219000401,0,2,-2
219000402,0,3,-3
219000403,1,3,-2
219000404,0,3,-3
219000407,0,4,-4
219000409,0,0,0
219000410,0,0,0
219000411,0,0,0
219000446,183,241,-58
219000447,5,26,-21
219000448,0,0,0
219000452,0,0,0
219000453,5,14,-9
219000454,77,37,40
219000556,0,0,0
219000558,17,61,-44
219000590,3,20,-17
219000591,0,0,0
219000592,45,211,-166
219000595,0,7,-7
219000635,0,0,0
219000636,2,64,-62
219000657,0,0,0
219000658,6,12,-6
219000673,0,20,-20
219000676,0,4,-4
219000679,3,47,-44
219000684,1,0,1
219000685,0,42,-42
219000686,0,1,-1
219000688,0,175,-175
219000689,9,16,-7
219000690,0,0,0
219000691,0,0,0
219000692,0,0,0
219000693,1,17,-16
219000694,0,0,0
219000695,0,0,0
219000698,0,0,0
219000699,0,4,-4
219000727,0,126,-126
219000728,2,0,2
219000770,0,0,0
219000771,1,15,-14
219001150,0,1,-1
219001151,0,7,-7
219001166,0,0,0
219001167,0,2,-2
220000001,1,4,-3
220000002,4,37,-33
220000003,117,77,40
220000004,102,149,-47
220000005,655,453,202
220000006,49,269,-220
220000007,161,318,-157
220000008,71,252,-181
220000009,130,154,-24
220000010,6,7,-1
220000011,40,36,4
220000012,2,8,-6
220000014,0,0,0
220000015,0,0,0
220000017,0,2,-2
220000018,4,2,2
220000019,0,0,0
220000020,13,24,-11
220000021,3,10,-7
220000022,11,33,-22
220000023,6,16,-10
220000024,63,35,28
220000025,28,18,10
220000026,6,2,4
220000027,0,1,-1
220000028,2,1,1
220000029,11,79,-68
220000030,12,29,-17
220000031,4,3,1
220000064,0,0,0
221000046,0,0,0
221000047,0,0,0
221000048,0,0,0
221000049,0,4,-4
221000050,0,0,0
221000055,9,18,-9
221000057,0,0,0
221000068,0,0,0
221000069,0,0,0
221000070,0,0,0
221000071,0,0,0
221000072,0,0,0
221000073,0,16,-16
221000074,0,9,-9
221000075,4,6,-2
221000076,3,30,-27
221000077,6,51,-45
221000081,0,0,0
221000082,0,0,0
221000083,0,0,0
221000084,0,0,0
221000085,2,47,-45
221000086,10,59,-49
221000087,3,91,-88
221000088,16,79,-63
221000089,17,71,-54
221000090,145,188,-43
221000098,0,0,0
221000099,0,0,0
221000100,0,0,0
221000101,0,0,0
221000102,0,0,0
221000109,2,59,-57
221000110,4,120,-116
221000111,6,85,-79
221000112,1,72,-71
221000113,10,92,-82
221000114,6,107,-101
221000120,0,0,0
221000121,0,0,0
221000122,0,0,0
221000123,0,0,0
221000124,0,0,0
221000155,0,0,0
221000156,0,0,0
221000175,0,0,0
221000176,0,0,0
221000182,0,0,0
221000241,0,0,0
221000242,157,294,-137
221000243,0,0,0
221000244,35,230,-195
221000245,0,0,0
221000246,3,113,-110
221000247,0,0,0
221000248,10,79,-69
221000267,0,1,-1
221000325,0,0,0
221000331,0,0,0
221000338,0,0,0
221000378,0,0,0
221000381,0,0,0
222000282,0,0,0
222000296,0,0,0
222000568,0,0,0
222000569,0,0,0
222000570,0,0,0
222000571,0,0,0
222000577,0,0,0
222000578,0,0,0
222000579,0,0,0
222000580,0,0,0
222000599,0,0,0
222000600,0,0,0
222000601,0,0,0
222000603,0,0,0
222000604,0,0,0
222000605,0,0,0
222000606,0,0,0
222000607,0,0,0
222000608,0,0,0
222000609,0,0,0
222000616,0,0,0
222000617,0,0,0
222000618,0,0,0
222000620,0,0,0
222000621,0,0,0
222000623,0,0,0
222000624,0,0,0
222000625,0,0,0
222000636,0,0,0
222000686,0,0,0
222000687,0,0,0
222001066,0,0,0
222001067,0,0,0
222001068,0,0,0
222001069,0,0,0
222001082,0,0,0
222001083,0,0,0
222001084,0,0,0
222001085,0,0,0
222001111,0,0,0
222001112,0,0,0
222001313,0,0,0
222001314,0,0,0
222001464,0,0,0
222001465,0,0,0
222001484,0,0,0
222001485,0,0,0
222001494,0,0,0
222001495,0,0,0
222001496,0,0,0
222001497,0,0,0
222001502,0,0,0
222001503,0,0,0
222001504,0,1,-1
222001505,0,0,0
222001506,0,1,-1
222001507,0,0,0
222001510,0,0,0
222001511,0,3,-3
222001514,0,0,0
222001515,0,4,-4
222001518,0,0,0
222001519,0,2,-2
222001527,0,0,0
222001528,2,1,1
222001529,0,0,0
222001530,0,1,-1
222001533,1,9,-8
222001534,0,0,0
222001535,0,0,0
222001536,0,0,0
222001537,0,0,0
222001538,0,0,0
222001563,0,0,0
222001564,0,3,-3
222001568,0,0,0
222001576,0,0,0
222001579,0,0,0
222001583,0,0,0
222001584,0,0,0
222001596,1,7,-6
222001597,0,0,0
222001626,0,0,0
222001650,0,0,0
222001651,0,0,0
222001914,0,0,0
222001915,0,1,-1
222900004,0,0,0
222900009,0,0,0
222900019,0,0,0
222900024,0,0,0
222900025,0,0,0
225000001,0,0,0
225000002,0,0,0
225000003,0,0,0
225000004,0,0,0
225000005,0,0,0
225000006,0,56,-56
225000007,336,231,105
225000010,0,0,0
225000011,0,0,0
225000012,0,0,0
225000013,0,0,0
225000014,0,0,0
225000015,13,27,-14
225000021,0,0,0
225000027,51,174,-123
225000032,0,0,0
225000042,18,236,-218
225000049,5,19,-14
225000050,0,0,0
225000053,0,87,-87
225000058,0,0,0
225000067,18,40,-22
225000068,12,63,-51
225000069,10,71,-61
225000070,17,86,-69
225000071,6,40,-34
225000075,8,208,-200
225000076,8,35,-27
225000078,0,0,0
225000085,0,0,0
225000086,0,0,0
225000087,0,0,0
225000088,1,17,-16
225000089,331,105,226
225000090,2,19,-17
225000091,4,14,-10
225000092,4,22,-18
225000093,7,76,-69
225000094,1,70,-69
225000095,96,135,-39
225000096,47,70,-23
225000098,0,0,0
225000099,0,0,0
225000100,0,0,0
225000104,4,59,-55
225000110,1,99,-98
225000111,17,205,-188
225000112,16,239,-223
225000113,5,68,-63
225000114,18,50,-32
225000115,274,99,175
225000116,0,0,0
225000117,0,0,0
225000118,0,0,0
225000119,0,0,0
225000120,0,0,0
225000121,0,0,0
225000123,0,0,0
225000125,0,0,0
225000126,0,0,0
225000127,0,0,0
225000128,0,0,0
225000132,0,0,0
225000133,0,0,0
225000134,0,0,0
225000135,0,0,0
225000136,0,0,0
225000137,0,0,0
225000138,0,0,0
225000143,4,84,-80
225000144,1,148,-147
225000145,0,0,0
225000146,6,43,-37
225000147,2,107,-105
225000148,0,88,-88
225000149,101,226,-125
225000151,34,66,-32
225000155,43,50,-7
225000156,6,115,-109
225000157,9,64,-55
225000158,15,83,-68
225000171,2,46,-44
225000180,0,0,0
225000181,0,19,-19
225000182,0,0,0
225000185,0,63,-63
225000187,15,103,-88
225000191,0,1,-1
225000194,0,17,-17
225000208,2,17,-15
225000209,0,0,0
225000210,2,66,-64
225000217,0,25,-25
225000218,0,0,0
225000223,0,36,-36
225000224,0,0,0
225000225,1,4,-3
225000226,0,0,0
225000227,33,23,10
225000228,0,0,0
225000229,0,42,-42
225000230,0,0,0
225000231,1,66,-65
225000232,0,0,0
225000241,0,0,0
225000242,1,61,-60
225000249,0,0,0
225000250,45,365,-320
225000251,0,0,0
225000254,0,0,0
225000256,0,0,0
225000257,0,0,0
226000042,64,168,-104
226000043,17,69,-52
226000044,47,220,-173
226000045,21,148,-127
226000046,0,0,0
226000047,0,0,0
226000048,0,0,0
226000049,0,0,0
226000070,0,39,-39
226000071,0,23,-23
226000072,0,3,-3
226000073,0,5,-5
226000074,0,11,-11
226000084,0,31,-31
226000085,0,6,-6
226000086,0,1,-1
226000087,0,1,-1
226000088,2,2,0
226000090,0,0,0
226000091,0,0,0
226000092,0,0,0
226000093,0,0,0
226000094,0,0,0
226000095,0,0,0
226000105,0,0,0
226000106,0,0,0
226000107,0,0,0
226000108,0,0,0
226000109,0,0,0
226000124,0,0,0
226000134,1,0,1
226000135,0,0,0
226000136,0,0,0
226000137,3,110,-107
226000138,5,78,-73
226000139,1,11,-10
226000156,0,0,0
226000157,0,0,0
226000163,4,18,-14
226000202,3,150,-147
226000231,0,0,0
226000232,0,0,0
227000033,0,0,0
227000036,0,0,0
227000037,0,0,0
227000038,0,0,0
227000084,0,30,-30
227000085,0,27,-27
227000088,0,0,0
227000089,0,0,0
227000090,0,0,0
227000091,0,0,0
227000092,0,0,0
227000093,0,0,0
227000094,0,0,0
227000130,13,45,-32
227000131,2,118,-116
227000132,7,136,-129
227000133,2,115,-113
227000134,10,184,-174
227000152,0,2,-2
227000153,0,27,-27
227000154,0,12,-12
227000155,0,18,-18
227000156,0,4,-4
227000165,0,23,-23
227000196,20,52,-32
227000199,11,117,-106
227000230,11,62,-51
227000232,0,0,0
227000242,52,182,-130
227000243,0,0,0
227000245,41,232,-191
227000246,31,300,-269
227000247,0,0,0
227000248,0,0,0
227000249,5,141,-136
227000250,0,0,0
227000251,64,157,-93
227000252,3,258,-255
227000253,0,0,0
227000262,0,0,0
227000266,0,0,0
227000267,12,267,-255
227000282,18,49,-31
227000284,0,0,0
227000286,9,19,-10
227000291,33,101,-68
227000296,0,0,0
227000484,0,0,0
227000485,15,194,-179
227000655,0,0,0
227000656,0,0,0
227000657,0,0,0
227000704,0,0,0
229000265,0,0,0
229000266,0,0,0
229000267,0,0,0
229000268,0,0,0
229000269,0,0,0
229000274,1,8,-7
229000275,1,2,-1
229000276,2,1,1
229000277,0,0,0
229000278,0,0,0
229000295,7,11,-4
229000296,0,0,0
229000297,1,14,-13
229000298,13,21,-8
229000320,0,0,0
229000321,0,0,0
229000412,2,2,0
229000414,0,6,-6
229000415,0,0,0
229000416,0,1,-1
229000417,0,2,-2
229000419,10,22,-12
229000440,0,0,0
229000442,0,0,0
229000443,0,0,0
229000444,0,4,-4
229000445,0,0,0
229000446,0,0,0
229000491,12,32,-20
229000492,63,100,-37
229000493,4,76,-72
229000494,22,13,9
229000495,48,26,22
229000496,5,14,-9
229000507,2,35,-33
229000508,21,33,-12
229000509,3,116,-113
229000510,1,60,-59
229000511,13,83,-70
229000512,0,35,-35
229000513,0,6,-6
229000514,2,7,-5
229000517,1,6,-5
229000518,16,29,-13
229000519,0,6,-6
229000520,20,22,-2
229000521,16,6,10
229000522,1,5,-4
229000523,3,11,-8
229000524,1,6,-5
229000527,0,1,-1
229000528,0,3,-3
229000529,3,0,3
229000530,20,6,14
229000531,4,4,0
229000532,2,4,-2
229000533,43,22,21
229000534,11,7,4
229000564,0,0,0
229000565,0,0,0
229000566,6,35,-29
229000567,14,87,-73
229000582,2,0,2
229000583,0,0,0
229000584,1,45,-44
229000585,45,95,-50
229000718,0,2,-2
229000719,0,1,-1
229000720,0,30,-30
229000721,0,33,-33
229000722,0,63,-63
229000723,0,13,-13
229000724,0,1,-1
229000725,0,13,-13
229000738,0,0,0
229000739,0,0,0
229000740,0,0,0
229000741,0,0,0
229000742,0,0,0
229000743,0,0,0
229000744,0,0,0
229000745,0,0,0
229000746,1,1,0
229000847,10,1,9
229000848,13,3,10
229000849,182,3,179
229000851,9,1,8
229000854,0,39,-39
229000856,3,121,-118
229000857,0,31,-31
229000858,0,63,-63
229000919,9,241,-232
229000930,2,115,-113
229000937,0,0,0
229000966,2,1,1
229000981,15,37,-22
229000985,1,6,-5
229000986,0,1,-1
229000987,0,0,0
229000988,0,0,0
229000989,0,0,0
229000990,0,0,0
229000991,0,0,0
229000992,0,0,0
229000993,0,0,0
229000998,9,3,6
229000999,0,0,0
229001034,0,13,-13
229001035,0,0,0
229001036,2,7,-5
229001037,0,0,0
229001038,0,1,-1
229001039,0,0,0
229001040,0,47,-47
229001041,0,0,0
229001042,0,0,0
229001047,1,4,-3
229001050,0,0,0
229001168,0,31,-31
229001200,0,0,0
229001338,1,1,0
229001394,0,0,0
229001422,0,0,0
229001423,32,148,-116
229001431,0,0,0
229001432,59,134,-75
229001444,0,0,0
229001445,1,27,-26
229001479,4,2,2
229001503,0,0,0
229001504,71,137,-66
229001505,0,0,0
229001506,50,196,-146
229001509,0,0,0
229001510,1,8,-7
229001545,0,0,0
229001546,1,86,-85
229001553,0,0,0
229001554,7,146,-139
229001630,0,0,0
229001631,6,10,-4
229001635,0,0,0
229001636,0,0,0
229001658,0,49,-49
229001659,0,0,0
229001660,0,0,0
229001661,0,1,-1
229001662,6,0,6
229001663,0,16,-16
229002584,0,0,0
229002831,7,13,-6
229002841,0,1,-1
229002842,0,0,0
229002843,0,0,0
229002844,1,4,-3
229002845,0,6,-6
229002846,0,0,0
229002847,0,0,0
229002848,0,0,0
229002849,0,5,-5
229002850,0,0,0
229002851,0,2,-2
229002852,0,0,0
229002853,0,0,0
229002854,3,3,0
229002855,0,1,-1
229002856,0,0,0
229002857,6,6,0
229002858,0,0,0
229002859,0,1,-1
229002860,0,0,0
229002861,0,0,0
229002862,0,0,0
229002863,0,3,-3
229002864,0,0,0
229002865,0,0,0
229002866,0,0,0
229002867,0,3,-3
229002868,0,0,0
229002869,1,6,-5
229002870,0,0,0
235000066,0,0,0
235000067,0,0,0
235000072,7,288,-281
235000073,2,96,-94
235000074,5,22,-17
235000080,1,51,-50
235000081,21,44,-23
235000082,0,0,0
235000083,0,0,0
235000084,0,0,0
235000085,0,0,0
235000089,0,0,0
235000092,2,43,-41
235000093,1,2,-1
235000097,0,0,0
235000098,0,0,0
235000099,0,0,0
235000115,0,0,0
235000116,0,0,0
235000117,0,0,0
235000133,1,184,-183
235000134,4,50,-46
235000206,0,0,0
235000207,0,0,0
235000208,0,0,0
235000209,0,0,0
235000210,0,0,0
235000212,1,3,-2
235000213,0,2,-2
235000220,0,5,-5
235000221,6,7,-1
235000238,0,0,0
235000239,0,0,0
235000242,0,0,0
235000245,54,143,-89
235000246,4,61,-57
235000284,0,0,0
235000295,0,0,0
235000305,0,0,0
235000306,0,0,0
235000307,0,0,0
235000308,0,0,0
235000309,0,0,0
235000310,0,0,0
235000311,0,0,0
235000322,0,0,0
235000323,0,0,0
235000324,0,0,0
235000325,0,0,0
235000326,0,0,0
235000351,0,0,0
235000352,0,0,0
235000353,0,0,0
235000354,0,0,0
235000355,0,0,0
235000356,0,0,0
235000357,0,0,0
235000358,0,0,0
235000359,0,0,0
235000360,0,0,0
235000361,0,0,0
235000381,7,72,-65
235000382,0,0,0
235000390,0,0,0
235000391,0,0,0
235000392,0,0,0
235000393,0,0,0
235000395,0,0,0
235000396,0,0,0
235000399,0,0,0
235000400,0,0,0
235000401,5,52,-47
235000402,5,21,-16
235000405,35,145,-110
235000406,8,111,-103
235000407,16,129,-113
235000409,45,159,-114
235000410,2,58,-56
235000411,0,75,-75
235000485,0,27,-27
235000486,0,0,0
235000549,0,0,0
235000550,53,133,-80
235000599,25,23,2
235000600,3,3,0
235000601,0,0,0
235000602,0,0,0
235000614,1,5,-4
235000648,2,77,-75
235000649,0,0,0
235000685,0,0,0
235000815,0,0,0
235000834,0,0,0
235000855,0,0,0
235000862,14,55,-41
235000891,0,3,-3
235000892,0,4,-4
235000901,34,83,-49
235000907,2,5,-3
235001010,0,0,0
235001029,80,101,-21
235001030,0,0,0
235001078,0,0,0
235001079,8,73,-65
235001147,0,0,0
235001166,0,0,0
235001167,6,20,-14
235001169,0,1,-1
235001188,0,1,-1
235001189,0,0,0
235001197,2,5,-3
235001200,9,59,-50
235001208,0,0,0
235001209,0,6,-6
235001210,0,5,-5
235001239,0,50,-50
235001244,0,0,0
235016267,0,0,0
235900013,1,2,-1
235900014,0,0,0
241900007,15,17,-2
277101746,0,11,-11
277102712,0,0,0
277103813,0,0,0
277103814,0,1,-1
277103898,0,1,-1
990010990,6,165,-159
990011530,0,5,-5
990014944,0,56,-56
990015176,0,0,0
990015618,0,0,0
990015888,12,99,-87
990016032,0,2,-2
990032570,2,26,-24
990070001,0,1,-1
990070103,0,0,0
990070601,0,0,0
990070751,0,0,0
990070766,0,0,0
990071180,0,9,-9
990071343,0,1,-1
990071387,0,1,-1
990071823,0,0,0
990072600,0,31,-31
990072964,0,51,-51
990073285,0,0,0
990074393,0,0,0
990074714,0,0,0
990074870,0,0,0
990075106,0,0,0
990075746,0,1,-1
990076437,0,0,0
990076458,0,117,-117
997000007,0,0,0
997000041,0,1,-1
997000058,0,1,-1
997000062,0,0,0
997000069,0,1,-1
997000070,0,29,-29
997000100,0,0,0
997000141,0,0,0
997000198,0,0,0
998000475,0,0,0
998000736,0,0,0
998000965,0,0,0
998001031,0,0,0
998001072,205,274,-69
998001091,0,0,0
998001093,0,0,0
998001103,0,2,-2
998001105,0,16,-16
998001700,0,42,-42
998001899,0,0,0
998001900,13,0,13
998003073,0,0,0
998003124,0,0,0
998003125,5,144,-139
998101900,1,34,-33
998102850,0,0,0
998501819,0,0,0
998501820,0,1,-1
998501832,27,53,-26
998501927,2,72,-70
998501929,0,0,0
998501930,0,0,0
998501931,2,1,1
998501932,62,0,62
998501933,0,0,0
998501937,0,1,-1
998501944,0,0,0
998501950,0,0,0
998501970,4,2,2
998501971,1,107,-106
998501972,0,0,0
998501973,0,0,0
998501974,0,41,-41
998501975,0,0,0
998501976,15,0,15
998501977,0,3,-3
998501978,0,0,0
998501979,0,0,0
998501980,0,0,0
998501981,0,0,0
998501982,0,4,-4
998502006,0,0,0
998502024,0,0,0
998502032,0,0,0
998502062,0,0,0
998502063,0,0,0
998502173,0,0,0
998502269,0,0,0
998601159,0,0,0
998601292,0,0,0
999033574,0,5,-5
999800001,0,0,0
999800002,0,0,0
999800003,0,0,0
999800004,0,5,-5
999800005,0,43,-43
