ID,insum,outsum,diff
100000001,623,535,88
100000002,3952,682,3270
100000003,7513,2400,5113
100000004,1776,723,1053
100000005,1804,2619,-815
100000006,382,95,287
100000007,1269,386,883
100000008,184,605,-421
100000009,244,162,82
100000010,38,45,-7
100000011,473,81,392
100000012,70,801,-731
100000013,41,184,-143
100000014,361,328,33
100000015,1115,1131,-16
100000016,1143,1330,-187
100000017,822,987,-165
100000018,1565,576,989
100000019,5711,1592,4119
100000020,1893,3994,-2101
100000021,7355,2133,5222
100000022,1952,889,1063
100000023,6753,1010,5743
100000025,3152,479,2673
100000028,1843,635,1208
100000029,263,171,92
100000030,575,39,536
100000031,6452,5514,938
100000032,2538,3102,-564
100000033,785,1752,-967
100000034,822,260,562
100000035,1887,796,1091
100000036,3082,1008,2074
100000037,459,418,41
100000038,969,799,170
100000039,768,133,635
100000040,167,151,16
100000041,746,384,362
100000042,659,361,298
100000043,539,306,233
100000044,340,735,-395
100000045,546,1525,-979
100000046,796,1423,-627
100000047,405,933,-528
100000048,985,664,321
100000049,1863,2877,-1014
100000051,339,1170,-831
100000053,16,3,13
100000054,165,26,139
100000055,399,252,147
100000056,171,522,-351
100000057,1559,728,831
100000058,985,1535,-550
100000059,3,124,-121
100000060,227,299,-72
100000061,1491,434,1057
100000062,1264,470,794
100000063,349,266,83
100000064,775,413,362
100000065,375,1274,-899
100000066,185,1132,-947
100000067,437,1014,-577
100000068,564,2054,-1490
100000069,254,1828,-1574
100000072,411,1186,-775
100000073,1097,1351,-254
100000075,467,321,146
100000076,2146,1551,595
100000077,668,107,561
100000078,82,27,55
100000079,48,49,-1
100000080,19,8,11
100000081,85,13,72
100000102,2332,1214,1118
100000103,3508,702,2806
100000104,5583,1195,4388
100000105,3676,551,3125
100000106,2656,1459,1197
100000107,723,373,350
100000108,961,1006,-45
100000109,3645,1034,2611
100000116,1486,586,900
100000117,41,27,14
100000118,1135,962,173
100000119,542,731,-189
100000121,197,594,-397
100000122,1041,772,269
100000123,3828,3905,-77
100000124,7684,5421,2263
100000125,3214,730,2484
100000126,716,187,529
100000127,1639,283,1356
100000128,1609,1177,432
100000129,602,368,234
100000130,412,628,-216
100000131,4148,3071,1077
100000132,1856,1969,-113
100000133,9672,2861,6811
100000135,400,894,-494
100000139,206,274,-68
100000140,281,334,-53
100000142,340,501,-161
100000143,1644,859,785
100000144,4605,941,3664
100000147,908,1865,-957
100000150,34,526,-492
100000151,601,487,114
100000153,292,215,77
100000154,141,85,56
100000155,6,43,-37
100000156,68,65,3
100000157,21,300,-279
100000158,51,130,-79
100000159,314,379,-65
100000165,997,679,318
100000169,806,331,475
100000174,1968,433,1535
100000179,70,554,-484
100000180,4369,1359,3010
100000181,88,359,-271
100000188,101,460,-359
100000189,943,314,629
100000190,380,369,11
100000191,509,384,125
100000192,87,71,16
100000193,106,157,-51
100000330,2223,540,1683
100000355,164,598,-434
100000362,4894,3569,1325
100000363,1941,3204,-1263
100000364,372,114,258
100000365,3310,5973,-2663
100000366,4193,2288,1905
100000367,2716,3604,-888
100000368,2010,1777,233
100000369,986,1288,-302
100000370,160,229,-69
100000376,115,84,31
100000379,2595,1053,1542
100000380,3435,1446,1989
100000384,6001,2404,3597
100000385,6373,3069,3304
100000386,9838,2892,6946
100000387,7812,3532,4280
100000388,11020,3969,7051
100000389,10837,3688,7149
100000390,11023,2836,8187
100000391,7411,3691,3720
100000392,3316,1319,1997
100000393,1416,1373,43
100000394,6690,3275,3415
100000395,3773,1155,2618
100000396,4490,1629,2861
100000397,2893,1474,1419
100000398,10975,7472,3503
100900002,5,78,-73
100900003,226,81,145
100900004,51,953,-902
100900005,64,3,61
100900006,14,261,-247
100900007,593,6,587
100900008,7,451,-444
100900009,36,41,-5
100900010,88,201,-113
100900011,83,379,-296
100900012,3,305,-302
100900013,1247,13,1234
100900014,0,14,-14
100900015,111,91,20
100900016,4,40,-36
100900017,777,81,696
100900018,0,20,-20
100900019,26,136,-110
100900020,238,0,238
100900021,423,3,420
100900022,5,34,-29
100900023,0,75,-75
100900024,975,1,974
100900025,17,17,0
100900026,50,158,-108
100900027,608,2317,-1709
100900028,84,166,-82
100900029,76,16,60
100900030,6,27,-21
100900031,270,102,168
100900032,123,0,123
100900033,304,99,205
100900034,338,0,338
100900035,655,3,652
100900036,31,1,30
100900037,40,355,-315
100900038,34,37,-3
100900039,575,849,-274
100900040,244,1155,-911
100900041,258,1085,-827
100900042,565,197,368
100900043,1,17,-16
100900044,2904,350,2554
100900045,48,0,48
100900046,1036,12,1024
100900047,942,163,779
100900048,115,21,94
100900049,117,220,-103
100900050,0,17,-17
100900051,33,26,7
100900052,97,36,61
100900053,213,20,193
100900054,5,119,-114
100900055,187,300,-113
100900056,119,275,-156
100900057,410,581,-171
100900058,141,29,112
100900059,33,2,31
100900060,124,8,116
100900061,319,261,58
100900062,2,67,-65
100900063,136,370,-234
100900064,606,30,576
100900065,56,67,-11
100900066,34,64,-30
100900067,6,7,-1
100900068,80,181,-101
100900069,405,6,399
100900070,171,7,164
100900071,679,231,448
100900072,1,54,-53
100900073,96,719,-623
100900074,4,21,-17
100900075,2807,296,2511
100900076,46,49,-3
100900077,13,171,-158
100900078,49,190,-141
100900079,9,16,-7
100900080,7,217,-210
100900081,21,83,-62
100900082,51,829,-778
100900083,5,42,-37
100900085,10,48,-38
100900086,157,841,-684
100900088,40,901,-861
100900089,6,18,-12
100900090,85,401,-316
100900091,0,30,-30
100900092,193,183,10
100900093,123,520,-397
100900094,82,697,-615
100900095,8,30,-22
100900096,24,69,-45
100900097,2,9,-7
100900098,6,20,-14
100900099,40,664,-624
100900100,18,269,-251
100900101,376,28,348
100900102,97,46,51
100900103,4,16,-12
100900104,13,200,-187
100900105,2,100,-98
100900106,53,4,49
100900107,1690,503,1187
100900108,6,10,-4
100900109,5,32,-27
100900110,7,34,-27
100900111,57,126,-69
100900112,0,6,-6
100900113,4,22,-18
100900114,3,27,-24
100900115,0,33,-33
100900116,694,544,150
100900117,201,676,-475
100900118,6,55,-49
100900119,10,32,-22
100900120,0,31,-31
100900121,203,421,-218
100900122,126,164,-38
100900123,81,123,-42
100900124,0,2,-2
100900125,11,112,-101
100900126,73,238,-165
100900127,0,12,-12
100900128,75,120,-45
100900129,0,97,-97
100900131,50,149,-99
100900133,28,42,-14
100900134,1,12,-11
100900135,0,125,-125
100900137,320,170,150
100900138,497,349,148
100900139,1,7,-6
100900140,4,849,-845
100900141,1,337,-336
100900142,0,13,-13
100900143,1070,297,773
100900144,6,3,3
100900145,44,118,-74
100900146,9,19,-10
100900147,13,287,-274
100900148,37,1161,-1124
100900149,15,123,-108
100900150,6,21,-15
100900151,76,629,-553
100900152,136,1,135
100900153,11,127,-116
100900154,3,31,-28
100900155,1,18,-17
100900156,23,1,22
100900157,8,102,-94
100900158,251,80,171
100900159,1,20,-19
100900160,10,18,-8
100900161,174,0,174
100900162,12,144,-132
100900163,146,184,-38
100900164,22,42,-20
100900165,25,27,-2
100900166,53,4,49
100900167,23,110,-87
100900168,37,107,-70
100900169,235,1308,-1073
100900170,51,8,43
100900171,18,828,-810
100900172,1,2,-1
100900173,13,684,-671
100900174,339,49,290
100900176,1297,89,1208
100900177,879,209,670
100900178,300,119,181
100900179,89,62,27
100900180,2,5,-3
100900181,98,51,47
100900182,18,20,-2
100900184,4,128,-124
100900186,1046,561,485
100900187,6,138,-132
100900188,37,8,29
100900189,784,157,627
100900191,1262,817,445
100900192,351,194,157
100900195,64,126,-62
100900197,20,153,-133
100900198,17,192,-175
100900199,23,15,8
100900200,608,342,266
100900201,68,927,-859
100900202,8,0,8
100900203,0,100,-100
100900204,1006,279,727
100900205,86,483,-397
100900206,65,98,-33
100900207,149,95,54
100900210,89,883,-794
100900211,300,78,222
100900213,25,12,13
100900214,946,82,864
100900215,10,31,-21
100900217,71,33,38
101000001,4850,2386,2464
101000002,4413,3429,984
101000003,802,1840,-1038
101000004,10601,7300,3301
101000005,5400,4740,660
101000006,8953,7002,1951
101000007,2766,3087,-321
101000008,3557,2784,773
101000009,1500,2354,-854
101000010,845,1560,-715
101000011,2602,820,1782
101000012,1882,559,1323
101000013,543,1011,-468
101000014,614,683,-69
101000015,690,818,-128
101000016,415,364,51
101000017,439,491,-52
101000018,3712,2667,1045
101000020,4026,1330,2696
101000021,1178,297,881
101000022,525,89,436
101000023,1740,757,983
101000025,132,354,-222
101000026,359,29,330
101000027,1473,1473,0
101000028,715,138,577
101000029,71,803,-732
101000030,874,73,801
101000031,985,668,317
101000032,6623,2040,4583
101000033,2536,1788,748
101000034,2834,1030,1804
101000035,1275,467,808
101000036,1594,333,1261
101000037,5073,978,4095
101000039,3830,1166,2664
101000040,5061,2600,2461
101000041,18658,3361,15297
101000042,1146,718,428
101000043,12951,3402,9549
101000045,2223,302,1921
101000046,2452,651,1801
101000047,1387,1267,120
101000048,1094,958,136
101000049,978,979,-1
101000050,3777,2911,866
101000051,3751,1419,2332
101000052,1812,594,1218
101000053,1198,1946,-748
101000054,2061,1907,154
101000055,1646,902,744
101000056,65,64,1
101000057,3599,579,3020
101000058,2417,755,1662
101000059,4157,1473,2684
101000060,2129,251,1878
101000061,1284,891,393
101000062,1053,439,614
101000063,422,411,11
101000064,1135,323,812
101000065,175,294,-119
101000066,363,196,167
101000067,705,435,270
101000068,340,178,162
101000069,263,74,189
101000070,1673,1148,525
101000071,2084,766,1318
101000072,1211,3966,-2755
101000073,733,558,175
101000074,4825,3278,1547
101000075,7067,4087,2980
101000077,1224,1605,-381
101000078,1197,1888,-691
101000079,424,723,-299
101000080,527,459,68
101000081,1177,1220,-43
101000082,3422,2698,724
101000083,1845,1541,304
101000084,1584,1292,292
101000085,1780,1146,634
101000086,1158,1065,93
101000087,895,1192,-297
101000088,969,987,-18
101000089,869,1462,-593
101000090,2525,1505,1020
101000091,275,1871,-1596
101000092,783,1168,-385
101000093,1451,866,585
101000094,589,1270,-681
101000095,209,790,-581
101000096,242,691,-449
101000097,1388,330,1058
101000098,947,531,416
101000099,1163,1233,-70
101000100,1227,636,591
101000101,402,483,-81
101000102,1092,313,779
101000103,957,472,485
101000104,324,349,-25
101000105,947,257,690
101000106,1068,616,452
101000107,198,297,-99
101000108,1563,412,1151
101000109,114,57,57
101000110,40,802,-762
101000111,137,276,-139
101000113,158,828,-670
101000114,4007,1199,2808
101000115,142,207,-65
101000116,215,204,11
101000117,1107,292,815
101000119,203,41,162
101000120,231,12,219
101000121,72,15,57
101000122,143,31,112
101000123,32,42,-10
101000124,185,349,-164
101000125,158,403,-245
101000128,1026,414,612
101000130,286,339,-53
101000131,497,749,-252
101000132,481,1822,-1341
101000135,78,15,63
101000136,274,147,127
101000137,31,265,-234
101000141,2450,1606,844
101000147,916,674,242
101000148,2606,25,2581
101000149,203,116,87
101000150,47,1252,-1205
101000151,155,75,80
101000152,319,241,78
101000153,688,521,167
101000154,137,2180,-2043
101000155,149,198,-49
101000156,29,253,-224
101000157,54,46,8
101000160,101,74,27
101000163,185,61,124
101000164,515,414,101
101000165,207,434,-227
101000166,341,520,-179
101000168,647,305,342
101000252,1056,711,345
101000254,692,39,653
101000258,46,9,37
101000261,71,215,-144
101000262,726,849,-123
101000263,293,1281,-988
101000265,55,531,-476
101000266,346,268,78
101000269,148,7,141
101000290,2255,2423,-168
101000293,43,107,-64
101000294,585,567,18
101000295,154,518,-364
101000301,899,213,686
101000304,1913,2215,-302
101000305,2531,1712,819
101900001,25,91,-66
101900002,1,24,-23
101900003,94,113,-19
101900004,16,37,-21
101900005,5978,1163,4815
101900006,869,20,849
101900007,507,57,450
101900008,105,239,-134
101900009,54,401,-347
101900010,1074,539,535
101900011,360,1359,-999
101900012,113,400,-287
101900013,1582,116,1466
101900017,18,94,-76
101900018,2199,264,1935
101900019,225,81,144
101900020,85,104,-19
101900021,1,63,-62
101900022,86,1737,-1651
101900023,107,290,-183
101900026,52,29,23
101900027,5,53,-48
102000001,2168,3928,-1760
102000002,2735,1316,1419
102000003,3987,5053,-1066
102000004,10677,2750,7927
102000005,1331,2028,-697
102000006,1742,1571,171
102000007,1452,4211,-2759
102000008,6456,1914,4542
102000009,5875,6863,-988
102000010,6970,3754,3216
102000011,2448,2108,340
102000012,3494,3586,-92
102000018,3542,2481,1061
102000019,2934,1406,1528
102000026,249,517,-268
102000029,421,213,208
102000030,82,333,-251
102000031,33,262,-229
102000032,282,419,-137
102000033,130,550,-420
102000034,711,496,215
102000035,1281,622,659
102000036,2,220,-218
102000037,139,95,44
102000038,171,75,96
102000039,146,46,100
102000040,549,88,461
102000041,156,205,-49
102000042,190,83,107
102000043,401,228,173
102000044,321,473,-152
102000045,598,1132,-534
102000046,719,436,283
102000047,730,1319,-589
102000048,212,732,-520
102000049,884,512,372
102000050,898,1096,-198
102000051,377,570,-193
102000052,1076,877,199
102000053,693,727,-34
102000054,283,818,-535
102000055,669,1207,-538
102000056,567,1807,-1240
102000057,1303,649,654
102000058,1155,2310,-1155
102000059,1104,1771,-667
102000060,1102,1092,10
102000061,1205,2784,-1579
102000062,921,1569,-648
102000063,1133,1588,-455
102000064,425,626,-201
102000065,35,156,-121
102000066,791,1029,-238
102000067,2059,3030,-971
102000068,10037,2536,7501
102000069,35,1953,-1918
102000070,2141,71,2070
102000071,6904,9922,-3018
102000072,2860,5150,-2290
102000073,1249,1209,40
102000074,890,991,-101
102000075,222,345,-123
102000076,209,627,-418
102000077,275,1388,-1113
102000078,668,1074,-406
102000079,94,325,-231
102000080,257,261,-4
102000081,258,876,-618
102000082,735,342,393
102000083,274,668,-394
102000084,115,441,-326
102000085,1572,1541,31
102000086,1058,1687,-629
102000087,874,2360,-1486
102000088,219,262,-43
102000089,909,563,346
102000090,415,1335,-920
102000091,1336,575,761
102000092,611,1218,-607
102000093,558,657,-99
102000094,1206,544,662
102000095,1146,1639,-493
102000096,1336,833,503
102000097,1392,1433,-41
102000098,648,1312,-664
102000099,1102,594,508
102000100,805,969,-164
102000101,1319,404,915
102000102,380,1707,-1327
102000103,1376,351,1025
102000104,1137,355,782
102000105,197,915,-718
102000106,589,1050,-461
102000107,645,671,-26
102000108,382,279,103
102000109,317,679,-362
102000110,523,1942,-1419
102000111,8,305,-297
102000112,155,69,86
102000113,13,31,-18
102000114,1000,394,606
102000115,193,170,23
102000116,481,242,239
102000117,234,526,-292
102000118,1433,980,453
102000119,2738,551,2187
102000120,158,602,-444
102000121,910,579,331
102000122,408,865,-457
102000123,1494,1114,380
102000124,1076,919,157
102000125,903,995,-92
102000126,625,710,-85
102000127,975,788,187
102000128,484,1112,-628
102000129,1022,1032,-10
102000130,442,787,-345
102000131,2375,899,1476
102000132,962,964,-2
102000133,1177,2567,-1390
102000134,424,848,-424
102000135,1017,718,299
102000136,1206,515,691
102000137,1246,951,295
102000138,378,517,-139
102000139,162,420,-258
102000140,478,274,204
102000141,506,587,-81
102000142,175,429,-254
102000143,70,575,-505
102000144,125,569,-444
102000145,285,444,-159
102000146,262,350,-88
102000147,319,388,-69
102000148,234,258,-24
102000149,106,678,-572
102000150,147,254,-107
102000151,108,411,-303
102000152,93,170,-77
102000153,838,330,508
102000154,358,599,-241
102000155,69,245,-176
102000156,358,52,306
102000157,84,159,-75
102000158,470,300,170
102000159,1700,290,1410
102000161,5355,1594,3761
102000162,239,139,100
102000163,61,470,-409
102000164,1457,871,586
102000165,228,147,81
102000166,18,87,-69
102000167,199,223,-24
102000168,252,87,165
102000169,87,432,-345
102000170,677,131,546
102000171,144,78,66
102000172,108,183,-75
102000173,250,215,35
102000174,43,89,-46
102000175,123,130,-7
102000176,45,33,12
102000178,340,669,-329
102000179,291,272,19
102000180,529,606,-77
102000181,317,756,-439
102000182,368,762,-394
102000183,1108,2249,-1141
102000184,1042,1068,-26
102000185,1753,1849,-96
102000186,769,2259,-1490
102000187,570,2079,-1509
102000188,625,1652,-1027
102000189,3334,1171,2163
102000190,719,2751,-2032
102000191,1349,688,661
102000192,702,1068,-366
102000193,22,225,-203
102000194,72,140,-68
102000195,379,651,-272
102000196,103,648,-545
102000197,325,640,-315
102000198,137,1153,-1016
102000199,470,478,-8
102000200,199,1575,-1376
102000201,448,547,-99
102000202,4,163,-159
102000203,170,339,-169
102000204,245,1136,-891
102000205,597,736,-139
102000206,500,766,-266
102000207,943,590,353
102000208,306,687,-381
102000209,71,75,-4
102000210,173,596,-423
102000211,331,540,-209
102000212,147,20,127
102000213,1,423,-422
102000214,155,11,144
102000215,1,694,-693
102000216,38,37,1
102000217,12,230,-218
102000218,114,104,10
102000219,397,418,-21
102000225,718,630,88
102000226,8713,1389,7324
102000227,129,6,123
102000228,0,119,-119
102000229,15,51,-36
102000230,303,781,-478
102000231,251,520,-269
102000232,21,195,-174
102000233,383,824,-441
102000234,105,1355,-1250
102000236,422,85,337
102000237,584,188,396
102000238,148,354,-206
102000240,575,510,65
102000241,203,155,48
102000243,3,43,-40
102000245,40,130,-90
102000246,34,22,12
102000247,732,917,-185
102000248,371,484,-113
102000249,92,178,-86
102000250,53,494,-441
102000254,48,510,-462
102000266,82,199,-117
102000271,17,1,16
102000286,521,447,74
102000297,1651,1014,637
102000299,0,0,0
102000301,0,0,0
102000305,0,1,-1
102000307,0,8,-8
102000308,0,2,-2
102900001,1066,1128,-62
102900002,344,26,318
102900003,37,347,-310
102900005,237,411,-174
102900006,421,255,166
102900007,345,23,322
102900008,240,132,108
102900009,503,215,288
102900010,497,562,-65
102900011,1914,304,1610
102900012,324,48,276
102900013,13,92,-79
102900015,871,314,557
102900016,38,162,-124
102900017,116,814,-698
102900018,8,182,-174
102900019,425,560,-135
102900020,83,40,43
102900021,19,115,-96
102900022,393,72,321
102900023,18,57,-39
102900024,12,49,-37
102900025,342,110,232
102900026,632,1265,-633
102900027,39,50,-11
102900028,97,476,-379
102900029,135,134,1
102900030,262,199,63
102900031,80,182,-102
102900032,36,123,-87
102900033,84,223,-139
102900034,330,139,191
102900035,67,506,-439
102900036,168,684,-516
102900037,157,773,-616
102900038,385,774,-389
102900039,59,416,-357
102900040,95,260,-165
102900041,62,227,-165
102900042,192,415,-223
102900043,113,288,-175
102900044,585,2235,-1650
102900045,75,560,-485
102900046,82,357,-275
102900047,65,830,-765
102900048,532,757,-225
102900049,94,420,-326
102900050,321,382,-61
102900051,172,190,-18
102900052,54,24,30
102900053,370,726,-356
102900054,991,906,85
102900055,98,117,-19
102900056,132,513,-381
102900057,5,48,-43
102900058,336,57,279
102900059,28,53,-25
102900060,66,581,-515
102900061,114,541,-427
102900062,181,1561,-1380
102900063,622,442,180
102900064,161,340,-179
102900065,1872,700,1172
102900066,316,44,272
102900068,70,54,16
102900070,188,794,-606
102900072,11,34,-23
102900073,125,12,113
102900075,10,19,-9
102900076,301,55,246
102900077,37,17,20
102900078,43,81,-38
102900079,148,9,139
102900080,229,23,206
102900081,77,322,-245
102900082,20,271,-251
102900083,320,15,305
102900084,8,40,-32
102900085,172,66,106
102900086,7,45,-38
102900087,38,113,-75
102900088,16,30,-14
102900089,251,131,120
102900090,3,503,-500
102900091,112,3,109
102900092,195,1152,-957
102900093,246,245,1
102900094,3,39,-36
102900095,75,4,71
102900096,33,7,26
102900097,1,122,-121
103000001,2062,2547,-485
103000002,1756,2071,-315
103000003,3576,2514,1062
103000004,993,711,282
103000005,2036,2436,-400
103000006,722,1446,-724
103000007,350,987,-637
103000008,867,1195,-328
103000009,724,1020,-296
103000010,120,136,-16
103000011,1815,1183,632
103000012,1012,1264,-252
103000013,6896,2123,4773
103000014,1348,1753,-405
103000015,2614,863,1751
103000016,534,1035,-501
103000017,142,320,-178
103000018,1101,420,681
103000019,187,209,-22
103000020,1832,1398,434
103000021,1297,1459,-162
103000022,1019,1192,-173
103000023,428,1208,-780
103000024,144,159,-15
103000025,80,403,-323
103000026,1974,161,1813
103000027,265,512,-247
103000028,819,413,406
103000029,450,308,142
103000030,2304,782,1522
103000031,1750,1434,316
103000032,2081,1819,262
103000033,2526,2374,152
103000034,1857,1081,776
103000035,480,940,-460
103000036,523,522,1
103000037,700,500,200
103000038,579,933,-354
103000039,201,596,-395
103000040,238,1351,-1113
103000041,1586,3215,-1629
103000042,704,831,-127
103000043,347,1352,-1005
103000044,120,317,-197
103000046,268,432,-164
103000047,462,874,-412
103000048,139,182,-43
103000049,93,214,-121
103000050,589,761,-172
103000051,300,669,-369
103000052,763,496,267
103000053,148,508,-360
103000054,1856,1307,549
103000055,1396,1815,-419
103000056,502,2702,-2200
103000057,328,329,-1
103000058,356,995,-639
103000059,270,862,-592
103000060,556,978,-422
103000061,241,929,-688
103000062,941,986,-45
103000063,589,650,-61
103000064,102,308,-206
103000065,5,411,-406
103000066,103,10,93
103000069,189,403,-214
103000070,616,1461,-845
103000071,668,410,258
103000072,94,1013,-919
103000073,422,176,246
103000074,503,79,424
103000075,152,1111,-959
103000076,214,217,-3
103000077,33,449,-416
103000078,1232,445,787
103000079,1529,447,1082
103000080,1182,240,942
103000081,561,782,-221
103000082,403,198,205
103000083,113,389,-276
103000084,107,14,93
103000085,3,89,-86
103000086,715,332,383
103000087,122,499,-377
103000088,347,335,12
103000089,202,328,-126
103000090,1552,1070,482
103000091,576,434,142
103000092,264,313,-49
103000093,262,608,-346
103000094,148,142,6
103000095,31,456,-425
103000096,752,117,635
103000097,46,741,-695
103000098,1019,159,860
103000099,434,689,-255
103000100,74,978,-904
103000101,595,148,447
103000102,105,715,-610
103000103,538,298,240
103000104,57,194,-137
103000105,105,157,-52
103000106,8,91,-83
103000107,260,83,177
103000108,505,553,-48
103000109,414,314,100
103000110,353,465,-112
103000111,575,346,229
103000112,334,247,87
103000113,620,581,39
103000114,810,421,389
103000115,433,503,-70
103000116,385,600,-215
103000117,269,485,-216
103000118,1306,1179,127
103000119,2172,809,1363
103000120,83,105,-22
103000121,354,645,-291
103000122,289,241,48
103000125,4,641,-637
103000126,419,4,415
103000127,0,323,-323
103000128,97,0,97
103000129,1,174,-173
103000130,44,38,6
103000131,288,94,194
103000132,90,198,-108
103000133,5,214,-209
103000134,716,613,103
103000135,900,264,636
103000136,837,312,525
103000137,535,656,-121
103000138,844,729,115
103000139,12,56,-44
103000140,146,24,122
103000141,24,94,-70
103000142,125,56,69
103000143,59,194,-135
103000144,161,71,90
103000145,34,87,-53
103000150,74,62,12
103000152,229,226,3
103000153,151,162,-11
103000156,7,661,-654
103000157,246,1,245
103000159,128,152,-24
103000162,49,13,36
103000163,4,20,-16
103000164,19,9,10
103000165,174,519,-345
103000166,159,169,-10
103000167,161,122,39
103000168,70,190,-120
103000169,166,364,-198
103000170,424,584,-160
103000171,54,92,-38
103000172,263,341,-78
103000173,259,1004,-745
103000174,112,368,-256
103000175,192,599,-407
103000176,747,331,416
103000177,884,458,426
103000178,364,302,62
103000179,105,34,71
103000183,85,62,23
103000185,70,112,-42
103000186,50,173,-123
103000187,257,876,-619
103000188,14,107,-93
103000189,713,1100,-387
103000191,651,892,-241
103000292,2748,1022,1726
103000293,1738,1193,545
103000295,102,91,11
103000296,369,4,365
103000297,116,26,90
103000504,158,58,100
103000505,7,7,0
103000506,0,236,-236
103000507,110,2,108
103000508,71,30,41
103000509,178,603,-425
103900001,2,528,-526
103900002,2072,215,1857
103900003,1934,123,1811
103900004,29,4,25
103900005,0,308,-308
103900006,3,1,2
103900007,22,9,13
103900008,10,0,10
103900009,144,315,-171
103900010,137,311,-174
103900011,98,278,-180
103900012,8,14,-6
103900013,45,100,-55
103900014,31,19,12
103900015,16,14,2
103900016,226,302,-76
103900017,24,82,-58
103900018,765,191,574
103900019,65,231,-166
103900020,202,298,-96
103900021,949,54,895
103900022,984,736,248
103900023,76,1,75
103900024,93,799,-706
103900025,4,51,-47
103900026,54,0,54
103900027,384,351,33
103900028,13,220,-207
103900029,802,137,665
103900030,144,45,99
103900031,9,4,5
103900032,57,43,14
103900033,99,5,94
103900034,40,278,-238
103900035,54,81,-27
103900036,25,30,-5
103900037,25,31,-6
103900038,88,122,-34
103900039,57,485,-428
103900040,10,297,-287
103900041,14,48,-34
103900042,27,438,-411
103900043,88,138,-50
103900044,271,158,113
103900045,158,201,-43
103900047,30,34,-4
103900048,52,23,29
103900049,273,1570,-1297
103900050,10,102,-92
103900051,0,40,-40
103900052,119,612,-493
103900053,101,1216,-1115
103900054,81,707,-626
103900055,311,233,78
103900056,39,41,-2
103900057,18,301,-283
103900058,110,959,-849
103900059,0,6,-6
103900060,22,239,-217
103900061,60,71,-11
103900062,140,57,83
103900063,5,1,4
103900064,62,3,59
103900065,875,376,499
103900066,50,13,37
103900067,78,7,71
103900068,4,0,4
103900069,40,8,32
103900070,121,294,-173
103900071,19,209,-190
103900072,9,381,-372
103900073,17,26,-9
103900074,40,90,-50
103900075,201,98,103
103900076,248,778,-530
103900077,58,68,-10
103900078,119,142,-23
103900079,119,228,-109
103900080,28,29,-1
103900081,114,17,97
103900082,7,112,-105
103900083,2116,412,1704
103900084,58,142,-84
103900085,67,84,-17
103900086,357,325,32
103900087,30,121,-91
103900088,396,272,124
103900089,40,147,-107
103900090,7,280,-273
103900091,1018,251,767
103900092,369,494,-125
103900093,85,401,-316
103900094,2,188,-186
103900095,147,160,-13
103900096,13,323,-310
103900097,13,618,-605
103900098,175,97,78
103900099,27,287,-260
103900100,117,443,-326
103900101,75,1081,-1006
103900102,1,46,-45
103900104,3,41,-38
103900105,103,201,-98
103900106,0,29,-29
103900107,105,288,-183
103900108,72,538,-466
103900109,65,152,-87
103900110,175,52,123
103900111,30,974,-944
103900112,30,49,-19
103900113,133,207,-74
103900114,494,347,147
103900115,214,107,107
103900116,6794,1716,5078
103900117,207,153,54
103900119,31,42,-11
103900120,46,137,-91
103900122,49,452,-403
103900123,1702,575,1127
103900124,50,632,-582
103900125,67,94,-27
103900126,280,520,-240
103900127,97,880,-783
103900128,57,224,-167
103900131,11,124,-113
103900133,729,51,678
103900134,0,6,-6
103900135,14,13,1
103900137,0,58,-58
103900138,69,472,-403
103900139,251,951,-700
103900140,6,61,-55
103900141,270,79,191
103900142,54,285,-231
103900143,41,0,41
103900144,1,97,-96
103900145,169,367,-198
103900146,225,409,-184
103900147,277,130,147
103900148,96,232,-136
103900149,102,984,-882
103900150,8849,2254,6595
103900151,49,180,-131
103900152,224,791,-567
103900153,1,0,1
103900154,1596,997,599
103900155,14,260,-246
103900156,20,198,-178
103900157,31,324,-293
103900158,22,237,-215
103900159,58,88,-30
103900160,26,38,-12
103900161,72,211,-139
103900162,68,242,-174
103900163,12,469,-457
103900167,28,76,-48
103900168,82,151,-69
103900169,52,33,19
103900170,0,135,-135
103900171,1,79,-78
103900172,14,25,-11
103900173,11,12,-1
103900174,93,99,-6
103900175,93,40,53
103900176,24,11,13
103900177,5,48,-43
103900178,23,126,-103
103900179,23,181,-158
103900180,1,91,-90
103900181,58,35,23
103900182,35,11,24
103900184,583,52,531
103900185,261,144,117
103900187,98,45,53
103900188,37,15,22
103900189,85,7,78
103900190,65,60,5
103900191,20,76,-56
103900192,29,106,-77
103900193,245,223,22
103900194,40,448,-408
103900195,1,32,-31
103900196,24,25,-1
103900197,15,42,-27
103900198,30,71,-41
103900199,87,106,-19
103900200,135,196,-61
103900201,103,234,-131
103900202,6,79,-73
103900203,15,23,-8
103900204,2,147,-145
103900207,1,253,-252
103900208,29,0,29
103900209,10,140,-130
103900210,21,26,-5
103900211,387,730,-343
103900212,62,573,-511
103900213,148,191,-43
103900214,264,83,181
103900215,587,207,380
103900216,19,511,-492
103900217,337,39,298
103900218,2,312,-310
103900219,93,341,-248
103900233,67,4,63
103900235,29,12,17
103900236,26,3,23
103900242,6,9,-3
103900243,6,1,5
103900244,67,459,-392
103900245,90,321,-231
103900246,52,61,-9
103900247,37,126,-89
103900248,3,27,-24
103900249,16,38,-22
103900250,39,14,25
103900251,1,49,-48
103900253,24,61,-37
103900254,2,14,-12
103900255,9,13,-4
103900256,12,21,-9
103900257,84,99,-15
103900258,23,6,17
103900259,72,8,64
103900261,4,1,3
103900262,22,3,19
103900263,53,21,32
103900264,78,25,53
103900265,77,19,58
103900266,1,56,-55
103900267,0,74,-74
103900268,3,124,-121
103900269,86,52,34
103900270,29,188,-159
103900271,38,265,-227
104000001,1867,2136,-269
104000002,1465,2769,-1304
104000003,2117,2295,-178
104000004,3179,2653,526
104000005,966,1886,-920
104000006,2479,3256,-777
104000007,3967,3891,76
104000008,229,518,-289
104000009,156,131,25
104000010,118,173,-55
104000011,859,553,306
104000012,144,616,-472
104000013,139,147,-8
104000014,203,829,-626
104000015,223,209,14
104000016,578,455,123
104000018,514,182,332
104000019,426,117,309
104000020,188,1049,-861
104000021,263,862,-599
104000022,176,418,-242
104000023,520,413,107
104000024,185,506,-321
104000026,33,454,-421
104000027,224,472,-248
104000028,303,267,36
104000029,507,627,-120
104000030,257,274,-17
104000031,721,366,355
104000032,165,426,-261
104000033,504,429,75
104000034,261,523,-262
104000035,611,540,71
104000036,457,859,-402
104000037,206,409,-203
104000038,283,316,-33
104000039,251,562,-311
104000040,543,557,-14
104000041,380,331,49
104000042,193,478,-285
104000043,215,432,-217
104000044,266,865,-599
104000045,842,1409,-567
104000046,1496,1699,-203
104000047,707,1584,-877
104000048,1151,2551,-1400
104000049,270,279,-9
104000050,225,588,-363
104000051,83,682,-599
104000052,1015,1557,-542
104000053,629,780,-151
104000054,548,779,-231
104000055,3633,3486,147
104000056,1689,240,1449
104000057,95,565,-470
104000058,500,689,-189
104000059,453,1262,-809
104000060,637,1098,-461
104000061,944,1548,-604
104000062,187,154,33
104000064,404,287,117
104000065,110,426,-316
104000069,1576,603,973
104000070,43,314,-271
104000071,133,392,-259
104000072,446,214,232
104000075,59,250,-191
104000076,359,69,290
104000082,1908,2531,-623
104000083,631,233,398
104000084,85,630,-545
104000085,219,230,-11
104000086,187,505,-318
104000087,591,1155,-564
104000090,581,1777,-1196
104000092,670,3148,-2478
104000094,703,2526,-1823
104000095,1432,1429,3
104000096,988,529,459
104000097,1218,1327,-109
104000098,1253,1525,-272
104000100,1060,726,334
104000101,835,2424,-1589
104000106,83,668,-585
104000107,571,594,-23
104000108,429,642,-213
104000109,245,76,169
104000110,882,963,-81
104000111,6962,1970,4992
104000112,3116,561,2555
104000116,4,1465,-1461
104000117,120,1150,-1030
104000118,353,359,-6
104000119,339,273,66
104000120,214,1180,-966
104000121,154,640,-486
104000122,489,721,-232
104000123,922,1244,-322
104000124,1753,3065,-1312
104000125,5586,3106,2480
104000126,308,549,-241
104000127,1606,3589,-1983
104000128,759,588,171
104000129,541,26,515
104000130,11,302,-291
104000131,993,709,284
104000132,751,879,-128
104000133,1041,884,157
104000134,850,1469,-619
104000135,380,1223,-843
104000136,863,2678,-1815
104000137,1830,391,1439
104000138,1458,418,1040
104000139,10702,3425,7277
104000141,1424,2205,-781
104000142,585,1098,-513
104000143,438,885,-447
104000144,59,203,-144
104000145,317,203,114
104000146,425,629,-204
104000147,114,432,-318
104000148,211,134,77
104000149,141,531,-390
104000150,791,511,280
104000151,366,810,-444
104000152,437,955,-518
104000153,355,458,-103
104000154,1115,981,134
104000155,360,447,-87
104000157,1193,2042,-849
104000158,416,256,160
104000159,509,311,198
104000160,1635,1493,142
104000161,202,220,-18
104000162,22,112,-90
104000165,1450,1145,305
104000167,404,614,-210
104000168,521,13,508
104000169,48,65,-17
104000170,858,369,489
104000248,268,972,-704
104000251,55,433,-378
104000272,0,0,0
104000273,0,0,0
104000274,0,0,0
104000275,0,0,0
104000279,696,623,73
104000290,72,361,-289
104000291,489,1134,-645
104000293,578,798,-220
104000294,20,0,20
104000295,442,884,-442
104000296,259,836,-577
104000297,753,1792,-1039
104000298,2056,1001,1055
104000299,626,1416,-790
104900001,113,524,-411
104900002,38,80,-42
104900003,42,389,-347
104900004,69,413,-344
104900005,142,176,-34
104900006,120,96,24
104900007,209,337,-128
104900009,122,521,-399
104900010,26,21,5
104900011,6,4,2
104900012,124,11,113
104900013,111,4,107
104900014,4151,436,3715
104900015,60,3,57
104900016,111,410,-299
104900017,47,210,-163
104900018,6,241,-235
104900019,304,1388,-1084
104900020,46,312,-266
104900021,1,336,-335
104900022,40,101,-61
104900023,1,154,-153
104900024,30,94,-64
104900025,40,460,-420
104900026,2,142,-140
104900027,206,215,-9
104900028,27,84,-57
104900029,43,79,-36
104900030,385,244,141
104900031,114,243,-129
104900032,34,236,-202
104900033,93,176,-83
104900034,260,121,139
104900035,148,131,17
104900036,80,102,-22
104900037,121,380,-259
104900038,749,359,390
104900039,993,241,752
104900040,204,110,94
104900041,187,159,28
104900042,114,447,-333
104900043,2,45,-43
104900044,313,221,92
104900045,295,57,238
104900046,60,117,-57
104900047,226,152,74
104900048,162,100,62
104900049,8,13,-5
104900050,110,93,17
104900051,159,44,115
104900052,47,2,45
104900053,292,93,199
104900054,108,35,73
104900055,82,1,81
104900056,116,5,111
104900057,7,1,6
104900058,678,166,512
104900059,25,42,-17
104900060,5,433,-428
104900061,279,749,-470
104900063,1,162,-161
104900064,2,134,-132
104900065,0,160,-160
104900066,3,258,-255
104900067,4,334,-330
104900068,19,277,-258
104900070,116,301,-185
104900071,1,903,-902
104900072,39,228,-189
104900073,33,338,-305
104900074,50,237,-187
104900075,39,126,-87
104900076,76,461,-385
104900077,1432,108,1324
104900078,153,823,-670
104900079,121,233,-112
104900080,52,590,-538
104900082,6,418,-412
104900085,16,287,-271
104900087,347,9,338
104900089,70,3,67
104900090,412,517,-105
104900091,420,1001,-581
104900093,263,651,-388
104900097,3845,1602,2243
104900098,96,25,71
104900099,87,405,-318
104900100,817,261,556
104900102,24,304,-280
104900103,462,110,352
104900104,4857,1432,3425
104900106,45,153,-108
104900107,51,354,-303
104900108,34,378,-344
104900109,52,169,-117
104900110,15,73,-58
104900111,101,177,-76
104900112,168,1281,-1113
104900113,491,491,0
104900114,163,878,-715
104900115,337,584,-247
104900116,131,373,-242
104900118,5,92,-87
104900119,0,37,-37
104900120,82,73,9
104900121,2,148,-146
104900122,0,85,-85
104900123,26,7,19
104900124,27,0,27
104900125,449,5,444
104900126,71,55,16
104900127,12,28,-16
104900128,78,171,-93
104900129,3224,1060,2164
105000001,2045,1704,341
105000002,1898,1878,20
105000003,2524,4009,-1485
105000004,359,1082,-723
105000005,566,1171,-605
105000006,920,1483,-563
105000007,794,1187,-393
105000008,795,1647,-852
105000009,1058,2572,-1514
105000010,3101,2996,105
105000011,1872,1932,-60
105000012,3905,3450,455
105000013,557,933,-376
105000014,1138,2049,-911
105000015,10516,6467,4049
105000016,4256,2120,2136
105000017,1710,1196,514
105000018,1246,1041,205
105000019,1597,944,653
105000020,135,349,-214
105000021,287,131,156
105000022,186,74,112
105000023,440,215,225
105000028,54,173,-119
105000029,300,963,-663
105000030,4242,3959,283
105000033,913,2364,-1451
105000034,179,537,-358
105000037,670,621,49
105000038,1763,1431,332
105000039,3403,2381,1022
105000040,740,835,-95
105000041,716,1642,-926
105000042,3111,1289,1822
105000043,2378,2848,-470
105000044,390,385,5
105000045,369,1085,-716
105000046,563,361,202
105000047,412,1683,-1271
105000048,427,236,191
105000049,256,849,-593
105000050,418,385,33
105000051,199,549,-350
105000052,635,1005,-370
105000053,121,159,-38
105000054,215,1121,-906
105000055,383,436,-53
105000056,725,2923,-2198
105000057,975,1134,-159
105000058,1279,1658,-379
105000059,424,539,-115
105000060,442,882,-440
105000061,344,522,-178
105000062,750,1368,-618
105000063,317,890,-573
105000064,674,790,-116
105000065,319,1170,-851
105000066,980,2516,-1536
105000067,758,585,173
105000068,533,1056,-523
105000069,3072,745,2327
105000070,905,767,138
105000071,221,473,-252
105000072,643,1052,-409
105000073,678,558,120
105000074,916,1154,-238
105000075,512,904,-392
105000076,1118,1141,-23
105000077,1747,736,1011
105000078,1500,1286,214
105000079,1760,1932,-172
105000080,2101,1232,869
105000081,1348,710,638
105000082,522,519,3
105000083,1378,983,395
105000084,478,1221,-743
105000085,1281,1147,134
105000086,558,932,-374
105000087,2532,2006,526
105000088,1426,1542,-116
105000089,3694,2542,1152
105000090,1012,944,68
105000091,1731,2153,-422
105000092,650,1315,-665
105000093,368,224,144
105000094,224,239,-15
105000095,90,397,-307
105000096,955,693,262
105000097,893,570,323
105000098,650,644,6
105000099,747,1005,-258
105000100,998,1178,-180
105000101,1562,2437,-875
105000102,2389,1639,750
105000103,1726,2616,-890
105000104,1576,1178,398
105000105,988,2167,-1179
105000106,1063,1592,-529
105000107,718,1104,-386
105000108,970,2048,-1078
105000109,1052,1913,-861
105000110,642,957,-315
105000111,503,655,-152
105000112,977,1027,-50
105000113,329,712,-383
105000114,4014,1107,2907
105000115,299,780,-481
105000116,429,460,-31
105000117,651,1825,-1174
105000118,212,363,-151
105000119,477,1530,-1053
105000120,558,567,-9
105000121,652,1299,-647
105000122,256,430,-174
105000123,1028,1810,-782
105000124,1116,952,164
105000125,574,2366,-1792
105000126,1470,2510,-1040
105000127,2078,2366,-288
105000128,344,1789,-1445
105000129,700,294,406
105000130,125,992,-867
105000131,655,487,168
105000132,489,469,20
105000133,351,1408,-1057
105000134,378,569,-191
105000135,427,788,-361
105000136,107,393,-286
105000137,184,231,-47
105000138,237,466,-229
105000139,1090,1184,-94
105000140,169,533,-364
105000141,193,743,-550
105000142,89,525,-436
105000143,232,835,-603
105000144,235,833,-598
105000145,334,586,-252
105000146,464,843,-379
105000147,301,368,-67
105000148,894,567,327
105000149,1573,1944,-371
105000150,2113,1561,552
105000151,301,426,-125
105000152,139,768,-629
105000153,455,518,-63
105000154,642,975,-333
105000155,257,756,-499
105000156,876,950,-74
105000157,934,2320,-1386
105000158,1361,871,490
105000159,259,1442,-1183
105000160,1140,658,482
105000161,624,2177,-1553
105000162,454,1161,-707
105000163,1435,1300,135
105000164,208,354,-146
105000165,1632,3109,-1477
105000166,8115,378,7737
105000167,3461,1188,2273
105000168,257,1025,-768
105000169,262,526,-264
105000170,116,1342,-1226
105000171,952,349,603
105000172,52,53,-1
105000173,58,38,20
105000174,46,38,8
105000175,64,127,-63
105000176,146,101,45
105000177,107,94,13
105000178,81,724,-643
105000179,160,116,44
105000180,71,87,-16
105000181,45,527,-482
105000182,32,40,-8
105000183,2820,1498,1322
105000184,1338,907,431
105000185,1510,789,721
105000186,447,1082,-635
105000187,665,270,395
105000188,261,106,155
105000189,177,630,-453
105000190,184,393,-209
105000191,279,491,-212
105000192,150,58,92
105000193,52,227,-175
105000194,163,82,81
105000195,312,1392,-1080
105000196,39,99,-60
105000197,252,826,-574
105000198,609,332,277
105000199,226,244,-18
105000200,102,240,-138
105000201,95,17,78
105000203,10,305,-295
105000204,52,118,-66
105000205,105,299,-194
105000207,836,283,553
105000208,285,402,-117
105000209,194,445,-251
105000212,938,1725,-787
105000213,193,179,14
105000214,85,296,-211
105000215,204,306,-102
105000216,61,430,-369
105000217,122,344,-222
105000218,681,1164,-483
105000221,192,311,-119
105000222,80,56,24
105000223,108,196,-88
105000226,23,400,-377
105000227,31,251,-220
105000228,296,822,-526
105000229,75,237,-162
105000231,167,291,-124
105000233,556,610,-54
105000234,465,1527,-1062
105000235,213,490,-277
105000237,565,74,491
105000243,19,299,-280
105000248,36,67,-31
105000262,251,2287,-2036
105000269,97,207,-110
105000270,304,106,198
105000271,0,339,-339
105000282,107,55,52
105000287,317,167,150
105000288,469,461,8
105000289,1191,938,253
105000290,6,4,2
105000402,5648,2008,3640
105000426,413,455,-42
105000438,1015,595,420
105000446,16722,5390,11332
105000447,10330,3010,7320
105000454,205,1128,-923
105000455,194,211,-17
105000474,4,1,3
105000477,196,386,-190
105000478,1345,2084,-739
105000479,123,141,-18
105000480,1831,1887,-56
105000481,2564,2029,535
105000482,5046,2753,2293
105000483,984,1228,-244
105000484,2292,2497,-205
105000485,984,1344,-360
105000486,3125,2379,746
105000488,3447,2771,676
105000489,527,944,-417
105000549,16,135,-119
105000550,408,1513,-1105
105000551,24,128,-104
105000552,3559,1982,1577
105900001,9,972,-963
105900002,1823,407,1416
105900003,16,110,-94
105900004,444,147,297
105900005,11,209,-198
105900006,10,51,-41
105900007,114,19,95
105900008,43,888,-845
105900009,13,18,-5
105900011,231,55,176
105900012,288,134,154
105900013,3,22,-19
105900014,9,76,-67
105900015,176,438,-262
105900016,210,651,-441
105900017,611,57,554
105900018,267,278,-11
105900019,45,510,-465
105900020,35,47,-12
105900021,16,435,-419
105900022,205,401,-196
105900023,3,123,-120
105900024,10,192,-182
105900025,53,42,11
105900026,190,29,161
105900027,5336,4953,383
105900028,67,179,-112
105900029,2099,377,1722
105900030,157,303,-146
105900031,579,164,415
105900032,35,174,-139
105900033,51,142,-91
105900034,151,286,-135
105900035,131,272,-141
105900036,21,120,-99
105900037,55,76,-21
105900038,130,271,-141
105900039,72,159,-87
105900040,63,120,-57
105900041,144,487,-343
105900042,41,147,-106
105900043,1810,67,1743
105900044,0,189,-189
105900045,4,629,-625
105900046,0,230,-230
105900047,7,24,-17
105900048,103,569,-466
105900050,3811,1136,2675
105900051,24,1322,-1298
105900052,275,121,154
105900053,4262,1270,2992
105900054,353,324,29
105900056,935,214,721
105900057,28,232,-204
105900058,10,31,-21
105900059,0,61,-61
106000001,3829,1566,2263
106000002,2929,4731,-1802
106000003,2690,2383,307
106000004,2254,2633,-379
106000005,2059,4695,-2636
106000006,5259,4781,478
106000007,372,539,-167
106000008,410,356,54
106000009,401,342,59
106000010,528,691,-163
106000011,615,902,-287
106000012,689,1801,-1112
106000013,1364,1753,-389
106000014,1904,2145,-241
106000015,1152,1059,93
106000016,1085,2544,-1459
106000017,595,675,-80
106000018,489,620,-131
106000019,220,415,-195
106000020,233,486,-253
106000021,227,539,-312
106000022,252,407,-155
106000023,580,371,209
106000024,628,929,-301
106000025,124,183,-59
106000026,152,333,-181
106000027,710,1299,-589
106000028,499,882,-383
106000029,769,1604,-835
106000030,968,317,651
106000034,165,619,-454
106000035,649,1101,-452
106000036,381,448,-67
106000037,1700,1659,41
106000038,539,79,460
106000039,224,54,170
106000040,201,905,-704
106000041,756,282,474
106000043,513,80,433
106000046,339,37,302
106000047,53,407,-354
106000049,425,161,264
106000050,262,1023,-761
106000051,378,392,-14
106000052,72,733,-661
106000053,226,101,125
106000054,346,491,-145
106000055,606,1141,-535
106000056,327,526,-199
106000057,176,191,-15
106000058,144,221,-77
106000059,143,307,-164
106000060,553,673,-120
106000061,195,462,-267
106000062,142,722,-580
106000063,477,475,2
106000064,43,589,-546
106000065,251,225,26
106000066,118,394,-276
106000067,201,102,99
106000068,69,689,-620
106000069,120,96,24
106000070,270,935,-665
106000071,773,420,353
106000072,4499,1577,2922
106000073,1839,2095,-256
106000074,329,755,-426
106000075,248,1140,-892
106000076,1361,1778,-417
106000077,3072,1427,1645
106000078,618,1067,-449
106000079,475,1127,-652
106000080,938,907,31
106000081,404,1113,-709
106000082,2402,1047,1355
106000083,341,1197,-856
106000084,1001,747,254
106000085,1494,1224,270
106000086,587,692,-105
106000087,749,575,174
106000088,332,765,-433
106000089,791,525,266
106000090,249,616,-367
106000091,197,779,-582
106000092,518,302,216
106000093,208,77,131
106000094,135,480,-345
106000095,386,1387,-1001
106000096,596,793,-197
106000097,722,1514,-792
106000098,508,1162,-654
106000099,163,1007,-844
106000100,962,344,618
106000101,1747,341,1406
106000102,239,660,-421
106000103,215,742,-527
106000104,737,490,247
106000105,411,1011,-600
106000106,415,451,-36
106000107,91,503,-412
106000108,210,343,-133
106000109,98,373,-275
106000110,140,340,-200
106000111,110,696,-586
106000112,115,450,-335
106000113,1045,763,282
106000114,420,441,-21
106000115,156,651,-495
106000116,123,290,-167
106000117,804,865,-61
106000118,917,1045,-128
106000119,2567,1398,1169
106000120,676,862,-186
106000121,186,227,-41
106000122,57,390,-333
106000123,232,303,-71
106000124,22,393,-371
106000125,17,423,-406
106000126,119,182,-63
106000127,573,1013,-440
106000128,432,316,116
106000129,303,932,-629
106000130,510,434,76
106000131,127,757,-630
106000132,839,146,693
106000133,3937,1121,2816
106000134,846,1708,-862
106000135,242,1050,-808
106000136,599,657,-58
106000137,72,1653,-1581
106000138,654,63,591
106000139,41,153,-112
106000140,34,106,-72
106000141,46,161,-115
106000142,55,83,-28
106000143,14,141,-127
106000144,25,62,-37
106000145,113,390,-277
106000146,193,235,-42
106000147,357,708,-351
106000148,624,896,-272
106000149,395,422,-27
106000150,346,1772,-1426
106000151,5314,863,4451
106000152,1685,1424,261
106000153,104,1513,-1409
106000154,1543,308,1235
106000155,68,205,-137
106000156,543,368,175
106000157,660,2150,-1490
106000158,3076,861,2215
106000159,4992,1565,3427
106000160,222,1717,-1495
106000161,1459,546,913
106000162,133,670,-537
106000163,254,721,-467
106000164,222,428,-206
106000165,189,803,-614
106000166,394,376,18
106000167,266,1695,-1429
106000168,198,275,-77
106000169,143,957,-814
106000170,325,251,74
106000171,79,1027,-948
106000172,1956,1082,874
106000173,738,3110,-2372
106000174,880,302,578
106000175,276,1287,-1011
106000176,1016,640,376
106000177,625,2611,-1986
106000178,2495,1719,776
106000179,1117,2599,-1482
106000180,784,2286,-1502
106000181,388,2395,-2007
106000182,547,751,-204
106000183,656,1218,-562
106000184,876,1260,-384
106000185,517,1129,-612
106000186,773,183,590
106000187,260,844,-584
106000188,0,3,-3
106000189,11,79,-68
106000190,11,0,11
106000191,509,203,306
106000192,1,13,-12
106000193,298,180,118
106000194,125,435,-310
106000195,764,124,640
106000196,192,530,-338
106000197,298,435,-137
106000198,155,380,-225
106000199,908,635,273
106000200,498,162,336
106000201,487,1337,-850
106000202,7707,713,6994
106000203,246,209,37
106000204,27,8,19
106000205,25,160,-135
106000206,62,12,50
106000207,52,1023,-971
106000208,637,71,566
106000209,813,297,516
106000210,208,1493,-1285
106000211,333,1697,-1364
106000212,490,140,350
106000213,844,1468,-624
106000214,2815,534,2281
106000215,196,504,-308
106000216,303,345,-42
106000217,259,514,-255
106000218,508,363,145
106000219,120,307,-187
106000220,362,315,47
106000221,65,387,-322
106000222,30,164,-134
106000223,69,127,-58
106000224,137,411,-274
106000225,58,76,-18
106000226,131,364,-233
106000228,36,120,-84
106000229,63,737,-674
106000231,432,121,311
106000232,67,425,-358
106000233,339,118,221
106000234,59,248,-189
106000235,501,71,430
106000236,272,59,213
106000237,1,9,-8
106000238,5,6,-1
106000239,1,111,-110
106000240,19,6,13
106000241,11,785,-774
106000242,171,15,156
106000249,61,114,-53
106000250,64,406,-342
106000251,56,22,34
106000252,39,148,-109
106000253,32,48,-16
106000254,35,86,-51
106000255,15,74,-59
106000256,61,95,-34
106000257,87,321,-234
106000258,201,12,189
106000259,6,53,-47
106000260,14,5,9
106000261,2,107,-105
106000262,31,16,15
106000263,4,110,-106
106000264,172,5,167
106000265,8,169,-161
106000266,100,8,92
106000267,10,129,-119
106000268,452,32,420
106000269,105,84,21
106000270,120,391,-271
106000271,42,215,-173
106000272,74,58,16
106000273,5,177,-172
106000274,148,48,100
106000275,163,222,-59
106000276,155,54,101
106000277,113,146,-33
106000278,158,43,115
106000279,9,118,-109
106000280,52,203,-151
106000281,85,98,-13
106000282,65,74,-9
106000283,103,108,-5
106000284,42,143,-101
106000285,124,153,-29
106000286,76,178,-102
106000287,84,94,-10
106000288,97,181,-84
106000289,85,99,-14
106000290,60,127,-67
106000291,96,118,-22
106000292,66,132,-66
106000293,108,125,-17
106000294,116,140,-24
106000295,44,59,-15
106000296,57,125,-68
106000297,68,298,-230
106000298,154,100,54
106000299,62,213,-151
106000300,47,129,-82
106000301,68,89,-21
106000303,14,50,-36
106000304,56,44,12
106000305,32,55,-23
106000306,51,89,-38
106000307,66,27,39
106000308,14,183,-169
106000309,18,89,-71
106000310,185,674,-489
106000311,233,149,84
106000312,58,209,-151
106000313,97,244,-147
106000318,224,232,-8
106000319,525,71,454
106000320,1,50,-49
106000321,328,90,238
106000322,97,265,-168
106000324,1,226,-225
106000325,1002,806,196
106000326,991,2194,-1203
106000327,72,169,-97
106000328,19,114,-95
106000329,40,317,-277
106000330,56,47,9
106000428,42,163,-121
106000429,77,572,-495
106000430,312,1509,-1197
106000431,1115,302,813
106000432,1569,2780,-1211
106000433,1261,656,605
106000434,2316,902,1414
106000435,2229,2574,-345
106000436,17,310,-293
106000437,142,38,104
106000438,335,131,204
106000439,45,559,-514
106000440,297,539,-242
106000441,0,0,0
106000442,119,6,113
106000443,90,543,-453
106000450,5,264,-259
106000451,18,34,-16
106000454,3,149,-146
106000455,24,155,-131
106000456,88,20,68
106000457,13,1376,-1363
106000458,253,219,34
106000459,43,513,-470
106000460,552,43,509
106000461,45,2386,-2341
106000462,0,21,-21
106000463,1,40,-39
106000464,3,745,-742
106000465,223,2,221
106000466,2,932,-930
106000467,438,641,-203
106000468,38,255,-217
106000469,289,8,281
106000470,210,1434,-1224
106000471,37,858,-821
106000472,82,3,79
106000473,25,20,5
106000474,234,825,-591
106000475,226,114,112
106000476,207,129,78
106000477,16,55,-39
106900001,0,25,-25
106900002,5,788,-783
106900003,366,1143,-777
106900004,0,92,-92
106900006,0,13,-13
106900007,0,29,-29
106900008,133,373,-240
106900009,143,496,-353
106900010,164,468,-304
106900012,2581,1779,802
106900013,576,67,509
106900014,22,1,21
106900015,11,4,7
106900016,157,0,157
106900017,1,0,1
106900018,1,0,1
106900019,85,3,82
106900020,3561,829,2732
106900021,25,49,-24
106900022,247,0,247
106900023,14,300,-286
106900024,469,21,448
106900025,60,897,-837
106900026,7,1036,-1029
106900027,294,3,291
107000001,3613,1809,1804
107000002,6162,4114,2048
107000003,3608,4772,-1164
107000004,5252,6610,-1358
107000005,1961,3826,-1865
107000006,3396,6993,-3597
107000007,4646,7650,-3004
107000008,17855,12420,5435
107000009,4591,4990,-399
107000010,11180,13309,-2129
107000011,1638,1352,286
107000012,4955,4402,553
107000013,47,161,-114
107000014,20,285,-265
107000015,358,1011,-653
107000016,378,1429,-1051
107000017,6077,1228,4849
107000018,21,509,-488
107000020,3736,600,3136
107000021,1341,1075,266
107000022,1267,1869,-602
107000023,1855,385,1470
107000024,519,2369,-1850
107000025,138,387,-249
107000026,151,882,-731
107000027,898,1086,-188
107000028,1352,1827,-475
107000029,1601,1819,-218
107000030,3443,3931,-488
107000031,2312,2048,264
107000032,386,1021,-635
107000033,4019,6034,-2015
107000034,5877,2449,3428
107000035,261,187,74
107000036,357,1028,-671
107000037,59,667,-608
107000038,183,297,-114
107000039,670,520,150
107000040,146,356,-210
107000041,1395,677,718
107000042,834,1901,-1067
107000043,3161,1002,2159
107000044,718,399,319
107000045,94,317,-223
107000046,556,466,90
107000047,314,909,-595
107000048,537,353,184
107000049,486,843,-357
107000050,718,489,229
107000051,605,337,268
107000052,969,758,211
107000053,293,146,147
107000054,87,314,-227
107000055,117,95,22
107000056,426,938,-512
107000057,1597,243,1354
107000058,2065,2035,30
107000059,2354,3588,-1234
107000060,3042,4963,-1921
107000061,5763,4585,1178
107000062,2490,2846,-356
107000063,3871,7313,-3442
107000064,2793,2085,708
107000065,3492,6688,-3196
107000066,1565,2196,-631
107000067,863,1047,-184
107000068,1463,676,787
107000069,511,420,91
107000070,327,20,307
107000071,1563,28,1535
107000072,54,4450,-4396
107000073,273,156,117
107000074,148,1168,-1020
107000075,975,345,630
107000076,1000,2115,-1115
107000077,2102,625,1477
107000078,2124,4165,-2041
107000079,1551,559,992
107000080,1363,4007,-2644
107000081,873,573,300
107000082,577,3233,-2656
107000083,769,340,429
107000084,464,2919,-2455
107000085,2472,3034,-562
107000086,3664,3067,597
107000087,2209,1978,231
107000088,2768,3514,-746
107000089,1206,1760,-554
107000090,893,1106,-213
107000091,764,995,-231
107000092,605,1188,-583
107000093,821,820,1
107000094,823,1503,-680
107000095,472,549,-77
107000096,584,1323,-739
107000097,357,217,140
107000098,299,771,-472
107000099,476,336,140
107000100,322,371,-49
107000101,56,169,-113
107000102,363,384,-21
107000103,260,163,97
107000104,258,411,-153
107000105,367,149,218
107000106,170,382,-212
107000107,409,207,202
107000108,102,904,-802
107000109,354,165,189
107000110,67,749,-682
107000111,130,28,102
107000112,32,444,-412
107000113,327,125,202
107000114,116,854,-738
107000115,279,76,203
107000116,114,1201,-1087
107000117,104,269,-165
107000118,223,331,-108
107000119,2160,1067,1093
107000120,2591,375,2216
107000121,489,753,-264
107000122,979,1050,-71
107000123,288,949,-661
107000124,339,958,-619
107000125,502,1052,-550
107000126,634,1372,-738
107000129,207,657,-450
107000130,307,431,-124
107000131,360,678,-318
107000132,432,331,101
107000133,700,129,571
107000134,299,3,296
107000135,3,261,-258
107000136,603,4,599
107000137,7,407,-400
107000138,337,15,322
107000139,28,402,-374
107000140,654,83,571
107000141,104,879,-775
107000142,252,58,194
107000143,52,1014,-962
107000144,224,359,-135
107000145,140,661,-521
107000146,159,224,-65
107000147,2834,740,2094
107000150,883,2196,-1313
107000151,43,82,-39
107000152,552,486,66
107000153,467,548,-81
107000154,230,107,123
107000155,537,34,503
107000156,970,24,946
107000157,46,2867,-2821
107000158,306,20,286
107000159,44,1722,-1678
107000160,499,113,386
107000161,72,2491,-2419
107000162,141,302,-161
107000163,20,1,19
107000164,207,0,207
107000165,443,1,442
107000166,51,1814,-1763
107000167,323,304,19
107000168,580,288,292
107000169,1048,1168,-120
107000170,945,491,454
107000171,615,3378,-2763
107000172,501,728,-227
107000173,819,1380,-561
107000174,881,3280,-2399
107000175,11907,1900,10007
107000176,4,3,1
107000177,1,7,-6
107000178,4,74,-70
107000179,237,3731,-3494
107000180,732,457,275
107000181,299,1564,-1265
107000182,1024,1116,-92
107000183,126,1236,-1110
107000184,527,904,-377
107000185,460,1767,-1307
107000186,805,402,403
107000187,1039,1374,-335
107000188,503,573,-70
107000189,354,1008,-654
107000190,407,886,-479
107000191,449,972,-523
107000192,1038,1122,-84
107000193,309,428,-119
107000194,865,867,-2
107000197,637,294,343
107000198,264,928,-664
107000199,688,750,-62
107000200,1015,563,452
107000201,289,245,44
107000202,198,484,-286
107000203,784,571,213
107000204,932,574,358
107000205,2760,1353,1407
107000206,925,1265,-340
107000207,771,1219,-448
107000208,1522,376,1146
107000209,2848,778,2070
107000210,1496,367,1129
107000211,11,28,-17
107000212,5,386,-381
107000213,19,17,2
107000214,17,191,-174
107000215,311,545,-234
107000216,189,476,-287
107000217,127,221,-94
107000219,75,121,-46
107000220,111,317,-206
107000222,248,864,-616
107000224,396,70,326
107000225,209,842,-633
107000226,232,107,125
107000227,86,535,-449
107000228,79,142,-63
107000229,207,160,47
107000230,932,542,390
107000231,2559,572,1987
107000232,90,89,1
107000233,2069,615,1454
107000234,2,15,-13
107000235,50,7,43
107000236,17,654,-637
107000237,0,0,0
107000238,19,0,19
107000239,5855,474,5381
107000240,82,1521,-1439
107000241,157,33,124
107000242,750,50,700
107000243,0,62,-62
107000244,9,90,-81
107000246,6,1396,-1390
107000249,4,1309,-1305
107000251,1,318,-317
107000252,6,1736,-1730
107000255,811,109,702
107000257,3,731,-728
107000258,4,204,-200
107000259,7,289,-282
107000260,242,1,241
107000262,18,964,-946
107000263,118,1,117
107000266,9,4,5
107000267,64,220,-156
107000268,164,240,-76
107000269,229,21,208
107000270,2,25,-23
107000271,10,1475,-1465
107000272,10,326,-316
107000273,3,274,-271
107000274,2184,306,1878
107000275,142,993,-851
107000280,328,23,305
107000281,27,1504,-1477
107000282,33,1603,-1570
107000290,2,39,-37
107000291,23,18,5
107000292,3,41,-38
107000293,100,7,93
107000294,1,22,-21
107000295,41,2,39
107000296,0,16,-16
107000444,183,7,176
107000496,1,19,-18
107000497,1409,3447,-2038
107000500,220,365,-145
107000501,70,181,-111
107000502,134,454,-320
107000505,588,957,-369
107000506,0,43,-43
107000508,9,922,-913
107000509,165,478,-313
107000510,13,15,-2
107000514,12,256,-244
107000515,14,371,-357
107000516,180,208,-28
107000518,713,575,138
107000519,4492,1305,3187
107000520,40,15,25
107900001,22,288,-266
107900002,34,3,31
107900003,149,7,142
107900004,60,2,58
107900005,460,3,457
107900006,64,0,64
107900007,155,18,137
107900008,48,53,-5
107900009,151,5,146
107900010,25,1,24
107900012,233,12,221
107900013,281,59,222
107900014,18,5,13
107900015,394,4,390
107900016,575,121,454
107900017,9,5,4
107900018,26,63,-37
107900019,10,89,-79
107900020,92,19,73
107900021,20,187,-167
107900023,0,1,-1
107900024,1,38,-37
107900025,230,326,-96
107900026,33,136,-103
107900027,14,108,-94
107900028,21,113,-92
107900030,160,23,137
107900031,67,238,-171
107900032,3,5,-2
107900033,18,7,11
107900034,267,12,255
107900035,425,25,400
107900036,25,7,18
107900037,0,69,-69
107900038,115,119,-4
107900039,4,62,-58
107900040,35,136,-101
107900041,1,1,0
107900043,42,182,-140
107900044,0,9,-9
107900045,59,22,37
107900046,75,77,-2
107900047,7,129,-122
107900048,110,6,104
107900049,324,1785,-1461
107900050,96,405,-309
107900051,82,127,-45
107900052,17,56,-39
107900053,13,68,-55
107900055,686,296,390
107900056,107,26,81
107900057,1,0,1
107900058,16,914,-898
107900060,12,58,-46
107900061,31,13,18
107900063,95,150,-55
107900064,293,40,253
107900065,74,13,61
107900066,9,7,2
107900067,0,0,0
107900068,129,245,-116
107900069,27,816,-789
107900070,50,23,27
107900071,23,1189,-1166
107900072,49,257,-208
107900073,48,127,-79
107900074,1181,168,1013
107900076,87,91,-4
107900077,44,0,44
107900078,208,12,196
107900079,3,12,-9
107900080,146,239,-93
107900081,9,85,-76
107900082,25,23,2
107900083,271,105,166
107900084,67,167,-100
107900086,33,75,-42
107900087,404,50,354
107900088,18,10,8
107900089,309,1268,-959
107900090,560,1180,-620
107900091,118,631,-513
107900092,2290,525,1765
107900093,47,81,-34
107900095,3295,1313,1982
107900097,8,48,-40
107900098,40,192,-152
107900100,1254,726,528
107900101,1172,173,999
107900102,13,4,9
107900103,47,204,-157
107900104,186,5,181
107900105,3,694,-691
107900106,7,1987,-1980
107900107,1741,214,1527
107900108,358,130,228
107900109,597,4,593
107900110,23,127,-104
107900111,6,1556,-1550
107900112,82,328,-246
107900113,122,131,-9
107900114,86,252,-166
107900115,0,60,-60
107900116,61,249,-188
107900117,273,555,-282
107900118,94,187,-93
107900119,27,197,-170
107900120,20,8,12
107900121,0,161,-161
107900122,2,55,-53
107900123,2,22,-20
107900124,9,77,-68
107900125,29,194,-165
107900126,2,42,-40
107900127,600,142,458
107900128,104,57,47
107900129,20,55,-35
107900130,32,41,-9
107900131,592,44,548
107900132,142,531,-389
107900133,1,96,-95
107900134,19,15,4
107900135,4,191,-187
107900136,70,48,22
107900137,89,81,8
107900138,27,27,0
107900139,19,49,-30
107900140,156,64,92
107900141,53,38,15
107900142,57,1184,-1127
107900143,40,43,-3
107900144,1,205,-204
107900145,15,124,-109
107900146,46,127,-81
107900147,39,24,15
107900148,137,167,-30
107900149,2026,238,1788
107900150,89,963,-874
107900151,12,126,-114
107900152,22,339,-317
107900153,179,207,-28
107900154,18,10,8
107900155,31,41,-10
107900156,3,558,-555
107900157,28,109,-81
107900158,270,10,260
107900159,48,1295,-1247
107900160,55,182,-127
107900161,15,315,-300
107900162,0,234,-234
107900163,102,51,51
107900164,3,26,-23
107900165,12,56,-44
107900166,12,362,-350
107900167,23,48,-25
107900168,15,56,-41
107900169,3,192,-189
107900171,6,2207,-2201
107900172,8,470,-462
107900173,4,298,-294
107900174,59,8,51
107900175,11,38,-27
107900176,5,54,-49
107900177,2,276,-274
107900178,0,286,-286
107900179,11,174,-163
107900180,1111,290,821
107900181,319,488,-169
107900182,12,1875,-1863
107900183,20,472,-452
107900184,44,344,-300
107900185,50,9,41
107900186,6,37,-31
107900187,2,148,-146
107900188,885,127,758
107900189,12,149,-137
107900190,105,38,67
107900191,49,148,-99
107900193,6,39,-33
107900194,148,7,141
107900195,4740,542,4198
107900196,60,93,-33
107900197,1122,167,955
107900199,1,1258,-1257
107900201,62,144,-82
107900203,26,72,-46
107900204,289,277,12
107900205,197,473,-276
107900206,465,173,292
107900207,1,714,-713
107900208,3,1018,-1015
107900209,419,132,287
107900210,88,165,-77
107900213,804,500,304
107900214,1,183,-182
107900215,228,351,-123
107900216,91,59,32
107900217,31,58,-27
107900218,27,1950,-1923
107900219,37,160,-123
107900220,214,126,88
107900221,155,252,-97
107900223,81,716,-635
107900224,183,338,-155
107900225,4,1081,-1077
107900226,57,117,-60
107900227,120,606,-486
107900228,0,125,-125
107900229,5,389,-384
107900230,3,185,-182
107900231,10,256,-246
107900232,26,245,-219
107900233,7,159,-152
107900234,48,211,-163
107900235,31,122,-91
107900236,37,104,-67
107900237,122,580,-458
107900238,10,146,-136
107900239,1453,453,1000
107900240,5,164,-159
107900241,8,108,-100
107900242,2,391,-389
107900243,0,45,-45
107900244,169,1,168
107900245,217,50,167
107900246,85,18,67
107900248,147,592,-445
107900249,335,8,327
107900250,3,687,-684
107900251,46,1500,-1454
107900252,500,9,491
107900253,106,0,106
107900254,56,446,-390
107900255,468,75,393
107900256,2386,754,1632
107900257,85,68,17
107900258,50,281,-231
107900259,104,824,-720
107900261,3,554,-551
107900262,27,151,-124
107900264,122,4,118
107900265,59,249,-190
107900267,111,18,93
107900268,54,9,45
107900269,0,7,-7
107900270,0,0,0
107900271,4,2,2
107900272,189,9,180
107900273,49,120,-71
107900274,24,0,24
107900275,7,1,6
107900276,1,94,-93
107900277,0,285,-285
107900278,144,386,-242
107900279,188,101,87
107900280,2094,1536,558
107900281,3410,1015,2395
107900282,81,212,-131
107900283,1463,395,1068
107900284,153,948,-795
107900285,34,166,-132
107900286,153,91,62
107900287,87,162,-75
107900290,0,33,-33
107900291,284,7,277
107900292,101,337,-236
107900293,52,635,-583
107900295,55,137,-82
107900297,6,348,-342
107900298,851,1243,-392
107900299,4226,1808,2418
107900300,31,260,-229
107900301,503,332,171
107900302,85,20,65
107900303,49,362,-313
107900304,142,742,-600
107900305,148,8,140
107900306,22,21,1
107900307,37,342,-305
107900308,221,79,142
107900309,35,0,35
107900310,14,0,14
107900311,341,109,232
107900312,8,1,7
107900313,0,71,-71
107900314,1,81,-80
107900315,0,42,-42
107900316,36,3,33
107900317,75,33,42
107900318,7,141,-134
107900319,5,320,-315
107900320,2,198,-196
107900321,80,4,76
107900322,7,234,-227
107900323,11,176,-165
107900324,153,1,152
107900325,38,0,38
107900326,100,539,-439
107900327,4,7,-3
107900328,4,0,4
107900329,27,16,11
107900330,11,776,-765
107900331,94,36,58
107900332,115,39,76
107900333,34,23,11
107900334,16,321,-305
107900335,46,60,-14
107900336,15,21,-6
107900337,1560,536,1024
107900338,5,171,-166
107900339,2,36,-34
107900340,0,62,-62
107900341,11,0,11
107900342,86,170,-84
107900343,22,3,19
107900344,1,214,-213
107900345,69,18,51
107900346,20,2,18
107900347,14,3,11
107900348,5,2,3
107900349,9,3,6
107900350,53,301,-248
108000001,2283,2966,-683
108000002,2373,3608,-1235
108000003,2801,1864,937
108000004,16856,18790,-1934
108000005,5420,3073,2347
108000006,6852,7705,-853
108000007,3738,3103,635
108000008,5073,6718,-1645
108000009,2247,2952,-705
108000010,2514,5551,-3037
108000011,10062,8224,1838
108000012,22029,17666,4363
108000014,607,533,74
108000015,415,298,117
108000016,191,728,-537
108000017,644,378,266
108000018,1028,491,537
108000019,1678,653,1025
108000020,1086,382,704
108000021,441,1835,-1394
108000022,570,1732,-1162
108000023,839,181,658
108000024,118,793,-675
108000025,140,235,-95
108000026,291,739,-448
108000027,363,531,-168
108000028,183,322,-139
108000029,205,665,-460
108000030,378,210,168
108000031,190,700,-510
108000032,755,513,242
108000033,532,1512,-980
108000034,1102,389,713
108000035,1056,3017,-1961
108000036,286,1684,-1398
108000037,1129,320,809
108000038,1543,382,1161
108000039,471,3081,-2610
108000040,1026,647,379
108000041,667,3340,-2673
108000042,115,257,-142
108000043,160,383,-223
108000044,244,199,45
108000045,188,902,-714
108000046,864,279,585
108000047,357,1459,-1102
108000048,119,562,-443
108000049,347,242,105
108000050,111,599,-488
108000051,157,75,82
108000052,334,890,-556
108000053,211,92,119
108000054,528,1160,-632
108000055,730,289,441
108000056,866,1158,-292
108000057,450,730,-280
108000058,1904,2659,-755
108000059,4068,2033,2035
108000060,139,329,-190
108000061,150,308,-158
108000062,472,422,50
108000063,394,811,-417
108000064,111,227,-116
108000065,395,718,-323
108000066,1606,732,874
108000067,1281,498,783
108000068,540,306,234
108000069,197,1309,-1112
108000070,1236,654,582
108000071,539,2233,-1694
108000072,1101,902,199
108000073,1573,2484,-911
108000074,246,313,-67
108000075,341,947,-606
108000076,577,397,180
108000077,617,987,-370
108000078,1512,1331,181
108000079,970,2192,-1222
108000080,608,551,57
108000081,477,3119,-2642
108000082,1162,2194,-1032
108000083,1309,690,619
108000084,420,1606,-1186
108000085,348,267,81
108000086,1021,1035,-14
108000087,137,1355,-1218
108000088,152,10,142
108000089,300,314,-14
108000090,202,126,76
108000091,120,682,-562
108000092,73,112,-39
108000093,119,1180,-1061
108000094,392,133,259
108000095,128,717,-589
108000096,195,167,28
108000097,97,808,-711
108000098,775,1559,-784
108000099,137,95,42
108000100,25,193,-168
108000101,751,999,-248
108000102,1143,1970,-827
108000106,915,0,915
108000107,1,886,-885
108000108,497,35,462
108000109,9,1023,-1014
108000110,136,295,-159
108000111,132,867,-735
108000112,31,101,-70
108000113,467,386,81
108000115,558,387,171
108000117,911,308,603
108000118,132,112,20
108000119,667,502,165
108000120,81,613,-532
108000121,131,635,-504
108000122,303,336,-33
108000123,501,389,112
108000124,209,690,-481
108000125,208,455,-247
108000126,70,739,-669
108000127,288,439,-151
108000128,349,935,-586
108000129,233,1743,-1510
108000130,283,350,-67
108000131,727,281,446
108000132,1952,1604,348
108000133,532,514,18
108000134,650,864,-214
108000135,697,323,374
108000136,880,1298,-418
108000137,221,488,-267
108000138,196,1317,-1121
108000139,193,421,-228
108000140,26,19,7
108000141,17,225,-208
108000142,56,200,-144
108000143,33,56,-23
108000144,9,6,3
108000145,29,42,-13
108000146,40,7,33
108000147,32,65,-33
108000148,29,5,24
108000149,23,44,-21
108000150,18,3,15
108000151,38,22,16
108000152,98,745,-647
108000153,228,122,106
108000154,39,15,24
108000155,6,11,-5
108000156,464,117,347
108000157,141,485,-344
108000158,60,551,-491
108000159,589,148,441
108000160,5547,817,4730
108000161,5588,1432,4156
108000165,1,90,-89
108000172,2,174,-172
108000173,3243,1212,2031
108000175,86,91,-5
108000178,401,470,-69
108000179,221,534,-313
108000181,38,21,17
108000182,152,12,140
108000183,50,33,17
108000184,1338,1500,-162
108000185,103,885,-782
108000186,37,74,-37
108000187,64,1006,-942
108000188,223,280,-57
108000189,763,731,32
108000190,35,130,-95
108000192,90,771,-681
108000193,781,34,747
108000194,13,7,6
108000195,6,1265,-1259
108000196,181,164,17
108000198,387,409,-22
108000199,0,135,-135
108000200,181,800,-619
108000202,0,188,-188
108000203,82,1140,-1058
108000204,46,23,23
108000205,463,704,-241
108000339,1662,330,1332
108000364,168,188,-20
108000365,40,388,-348
108000367,83,392,-309
108000368,5,61,-56
108000369,1683,103,1580
108000371,1,658,-657
108000372,316,2,314
108000373,116,157,-41
108000376,33,39,-6
108000377,320,422,-102
108000378,8638,8184,454
108000379,32,167,-135
108000381,32,10,22
108000382,52,0,52
108000383,0,109,-109
108900001,232,1529,-1297
108900002,175,61,114
108900003,420,1228,-808
108900004,179,169,10
108900005,28,129,-101
108900006,434,175,259
108900007,124,221,-97
108900008,58,150,-92
108900009,25,124,-99
108900010,91,108,-17
108900011,226,420,-194
108900012,166,542,-376
108900013,109,300,-191
108900014,18,85,-67
108900015,0,17,-17
108900016,2,287,-285
108900017,148,208,-60
108900018,75,666,-591
108900019,29,1570,-1541
108900020,31,296,-265
108900021,58,331,-273
108900022,38,6,32
108900023,2,30,-28
108900024,15,186,-171
108900025,26,164,-138
108900026,11,79,-68
108900027,0,137,-137
108900028,28,602,-574
108900029,54,290,-236
108900030,0,117,-117
108900031,43,704,-661
108900032,13,330,-317
108900033,0,71,-71
108900034,1,416,-415
108900035,222,2183,-1961
108900036,266,398,-132
108900037,38,510,-472
108900038,2,437,-435
108900039,1,776,-775
108900040,2,161,-159
108900041,6109,2303,3806
108900042,3,259,-256
108900043,53,526,-473
108900044,4,820,-816
108900045,40,893,-853
108900046,52,1478,-1426
108900047,0,120,-120
108900048,85,1420,-1335
108900049,6256,808,5448
108900050,0,381,-381
108900051,3,298,-295
108900052,18,360,-342
108900053,131,135,-4
108900054,37,263,-226
108900055,90,604,-514
108900056,0,198,-198
108900057,1,228,-227
108900058,16,611,-595
108900059,228,23,205
108900060,62,111,-49
108900061,69,26,43
108900062,2,448,-446
108900063,11,609,-598
108900064,63,74,-11
108900065,4,448,-444
108900066,182,126,56
108900067,27,267,-240
108900068,2,163,-161
108900069,31,112,-81
108900070,26,174,-148
108900071,46,66,-20
108900072,2664,327,2337
108900073,4,106,-102
108900074,83,564,-481
108900075,85,76,9
108900076,145,107,38
108900077,140,168,-28
108900078,27,262,-235
108900079,1123,258,865
108900080,9,405,-396
108900081,51,317,-266
108900082,25,124,-99
108900083,12,200,-188
108900084,370,133,237
108900085,2279,173,2106
108900086,49,468,-419
108900087,152,325,-173
108900088,740,281,459
108900089,18,118,-100
108900090,24,602,-578
108900091,133,191,-58
108900092,269,272,-3
108900093,98,75,23
108900094,207,68,139
108900095,52,780,-728
108900096,519,37,482
108900097,227,230,-3
108900098,3757,420,3337
108900099,286,451,-165
108900100,96,183,-87
108900101,129,62,67
108900102,159,618,-459
108900103,34,41,-7
108900104,250,404,-154
108900105,2,710,-708
108900106,182,656,-474
108900108,202,69,133
108900109,8,23,-15
108900110,142,660,-518
108900111,235,1019,-784
108900112,82,26,56
108900113,30,25,5
108900114,1,4,-3
108900115,46,59,-13
108900116,31,14,17
108900117,67,12,55
108900118,302,6,296
108900119,139,45,94
108900120,78,120,-42
108900121,244,54,190
108900122,73,42,31
108900123,79,64,15
108900124,261,129,132
108900125,174,1,173
108900126,65,9,56
108900127,81,30,51
108900128,53,34,19
108900129,460,84,376
108900130,98,0,98
108900131,212,1,211
108900132,288,64,224
108900133,124,36,88
108900134,112,287,-175
108900135,83,7,76
108900136,8,0,8
108900137,73,1,72
108900138,260,23,237
108900139,315,93,222
108900140,114,282,-168
108900141,165,11,154
108900142,63,0,63
108900143,13,0,13
108900144,41,1,40
108900145,57,9,48
108900146,35,0,35
108900147,80,1,79
108900148,44,26,18
108900149,549,341,208
108900150,188,7,181
108900151,27,4,23
108900152,31,5,26
108900153,84,629,-545
108900154,3540,491,3049
108900155,160,95,65
108900156,49,4,45
108900157,14,914,-900
108900158,157,27,130
108900159,10,460,-450
108900160,10,273,-263
108900161,15,593,-578
108900162,61,1,60
108900163,2,155,-153
108900164,27,84,-57
108900165,218,90,128
108900167,2153,2668,-515
108900168,11101,2207,8894
108900169,38,148,-110
108900171,10394,1860,8534
108900172,152,24,128
108900173,232,452,-220
108900174,384,616,-232
108900176,174,650,-476
108900177,10363,3340,7023
108900178,6300,1935,4365
108900179,410,917,-507
108900180,74,162,-88
108900182,14,145,-131
108900183,174,234,-60
108900184,320,209,111
108900185,47,386,-339
108900186,84,393,-309
108900187,171,82,89
108900188,320,66,254
108900189,189,171,18
108900190,38,4237,-4199
108900191,152,30,122
108900192,48,292,-244
108900193,260,57,203
108900194,16,478,-462
108900195,58,465,-407
108900196,18,774,-756
108900198,2,747,-745
108900199,137,368,-231
108900200,277,373,-96
108900201,295,1288,-993
108900203,327,32,295
108900204,280,8,272
108900205,109,17,92
108900206,251,26,225
108900207,140,39,101
108900208,19,441,-422
108900209,276,764,-488
108900210,181,245,-64
108900211,83,342,-259
108900212,886,913,-27
108900215,144,677,-533
108900216,369,101,268
108900217,39,0,39
108900218,180,2,178
108900219,51,3,48
108900220,53,7,46
108900221,66,93,-27
108900222,131,14,117
108900223,11,52,-41
108900224,51,145,-94
108900225,2,243,-241
108900226,141,6,135
108900227,91,139,-48
108900230,502,361,141
108900231,54,298,-244
108900232,1,546,-545
108900233,294,50,244
108900234,186,109,77
108900235,222,705,-483
108900236,37,457,-420
108900237,41,275,-234
108900240,97,120,-23
108900241,15,14,1
108900245,16,646,-630
108900249,78,17,61
108900250,157,173,-16
108900257,95,653,-558
108900258,18,300,-282
108900259,39,95,-56
108900260,5,142,-137
108900261,160,171,-11
108900262,294,131,163
108900263,83,318,-235
108900264,504,287,217
108900265,1541,258,1283
108900266,1474,278,1196
108900267,0,67,-67
108900268,5,6,-1
108900269,19,12,7
108900270,31,8,23
108900271,13,3,10
108900272,143,3,140
108900273,1214,415,799
108900274,18,57,-39
109000001,3389,857,2532
109000002,2750,1412,1338
109000003,1767,527,1240
109000004,477,2744,-2267
109000005,1450,734,716
109000006,598,2479,-1881
109000007,926,715,211
109000008,397,2172,-1775
109000009,2619,1112,1507
109000010,1259,4417,-3158
109000011,1903,1416,487
109000012,1376,4299,-2923
109000013,2562,1886,676
109000014,1491,4395,-2904
109000015,2787,3865,-1078
109000016,10769,4888,5881
109000017,1578,999,579
109000018,810,3951,-3141
109000019,1695,1075,620
109000020,1097,2456,-1359
109000023,238,24,214
109000024,8,154,-146
109000025,345,273,72
109000026,756,298,458
109000027,73,211,-138
109000028,94,101,-7
109000029,112,127,-15
109000030,103,553,-450
109000031,132,113,19
109000032,80,624,-544
109000033,234,111,123
109000034,46,33,13
109000035,17,40,-23
109000036,61,388,-327
109000037,130,681,-551
109000038,480,372,108
109000039,695,409,286
109000040,6252,3891,2361
109000041,5850,1109,4741
109000042,979,1217,-238
109000044,207,67,140
109000045,72,510,-438
109000046,247,78,169
109000047,68,538,-470
109000048,637,133,504
109000049,188,550,-362
109000050,297,239,58
109000051,328,308,20
109000052,349,2038,-1689
109000053,124,92,32
109000054,494,854,-360
109000055,125,229,-104
109000056,252,685,-433
109000057,379,224,155
109000058,861,325,536
109000059,608,878,-270
109000060,485,173,312
109000061,1631,610,1021
109000062,95,238,-143
109000063,167,230,-63
109000064,137,161,-24
109000065,97,408,-311
109000066,245,134,111
109000067,32,537,-505
109000068,568,13,555
109000069,792,44,748
109000070,5,976,-971
109000071,196,73,123
109000072,76,304,-228
109000073,18,90,-72
109000074,43,214,-171
109000075,65,394,-329
109000076,58,135,-77
109000077,298,338,-40
109000078,49,102,-53
109000079,111,330,-219
109000080,67,146,-79
109000081,79,703,-624
109000082,344,340,4
109000083,193,1051,-858
109000088,130,572,-442
109000089,209,24,185
109000090,146,561,-415
109000091,176,107,69
109000092,364,674,-310
109000093,144,142,2
109000094,198,2,196
109000095,80,834,-754
109000096,403,193,210
109000097,67,128,-61
109000098,32,81,-49
109000099,492,404,88
109000100,125,607,-482
109000101,806,1107,-301
109000102,226,1029,-803
109000103,264,636,-372
109000104,835,727,108
109000105,341,1971,-1630
109000106,1172,567,605
109000107,479,2441,-1962
109000108,1109,461,648
109000109,405,2227,-1822
109000110,966,450,516
109000111,956,2723,-1767
109000112,276,190,86
109000113,149,188,-39
109000114,168,455,-287
109000115,964,49,915
109000116,0,220,-220
109000117,91,132,-41
109000118,6,299,-293
109000119,602,449,153
109000120,116,1539,-1423
109000121,212,70,142
109000122,95,1397,-1302
109000123,16,123,-107
109000124,330,376,-46
109000125,463,337,126
109000126,298,1117,-819
109000127,433,172,261
109000128,429,2943,-2514
109000129,1214,526,688
109000130,536,3338,-2802
109000131,594,279,315
109000132,571,2145,-1574
109000133,353,1120,-767
109000134,620,1659,-1039
109000135,995,1518,-523
109000136,180,543,-363
109000137,177,306,-129
109000138,336,557,-221
109000139,299,511,-212
109000140,103,538,-435
109000141,212,519,-307
109000142,83,665,-582
109000143,65,55,10
109000145,48,218,-170
109000146,50,112,-62
109000148,4965,1195,3770
109000149,18,36,-18
109000150,66,217,-151
109000155,407,580,-173
109000156,1367,1062,305
109000158,116,286,-170
109000159,117,806,-689
109000160,490,299,191
109000161,214,1690,-1476
109000162,1342,1052,290
109000163,754,2041,-1287
109000164,729,2967,-2238
109000165,947,730,217
109000166,402,175,227
109000167,108,1089,-981
109000170,71,43,28
109000171,37,42,-5
109000172,42,43,-1
109000173,13,70,-57
109000174,33,72,-39
109000175,43,130,-87
109000176,184,320,-136
109000177,24,172,-148
109000178,411,529,-118
109000179,8570,2721,5849
109000180,5867,2923,2944
109000181,8,59,-51
109000182,26,69,-43
109000183,17,67,-50
109000184,18,18,0
109000185,13,96,-83
109000188,388,3246,-2858
109000189,1637,1081,556
109000190,378,570,-192
109000191,178,750,-572
109000192,151,319,-168
109000193,70,460,-390
109000194,98,162,-64
109000195,87,498,-411
109000196,165,104,61
109000197,129,594,-465
109000198,214,75,139
109000199,82,581,-499
109000206,186,35,151
109000207,96,41,55
109000208,70,55,15
109000209,182,106,76
109000210,150,584,-434
109000211,244,374,-130
109000214,206,708,-502
109000215,57,64,-7
109000216,133,119,14
109000217,168,74,94
109000218,255,129,126
109000221,299,1361,-1062
109000222,549,116,433
109000223,170,242,-72
109000224,25,314,-289
109000225,50,60,-10
109000226,32,323,-291
109000227,735,1862,-1127
109000228,0,291,-291
109000231,2,630,-628
109000232,203,510,-307
109000236,250,927,-677
109000241,1326,2209,-883
109000242,1182,1523,-341
109000293,9,59,-50
109000361,72,263,-191
109000364,231,678,-447
109000396,6,984,-978
109000397,261,7,254
109000399,95,646,-551
109000400,31,316,-285
109000403,62,375,-313
109000406,196,16,180
109000407,162,307,-145
109000408,1,873,-872
109000410,537,175,362
109000411,66,15,51
109900001,69,0,69
109900002,411,8,403
109900003,102,1,101
109900004,541,254,287
109900005,21,2,19
109900006,229,282,-53
109900007,366,1022,-656
109900008,0,36,-36
109900009,85,1161,-1076
109900010,235,23,212
109900011,45,24,21
109900012,158,140,18
109900013,226,114,112
109900014,211,56,155
109900015,374,138,236
109900016,72,43,29
109900017,105,126,-21
109900018,170,169,1
109900019,126,80,46
109900020,12,18,-6
109900021,5,7,-2
109900022,53,453,-400
109900023,13,5,8
109900024,4,2,2
109900025,7,107,-100
109900026,3,195,-192
109900027,27,16,11
109900028,2779,408,2371
109900029,6,750,-744
109900030,21,4,17
109900031,1,138,-137
109900032,7,310,-303
109900033,3,675,-672
109900034,15,1,14
109900035,13,10,3
109900036,12,115,-103
109900037,16,645,-629
109900038,48,280,-232
109900039,2,0,2
109900040,24,742,-718
109900041,27,664,-637
109900042,22,527,-505
109900044,88,378,-290
109900045,48,52,-4
109900046,5,53,-48
109900047,374,375,-1
109900048,0,95,-95
109900049,4,43,-39
109900050,1,370,-369
109900051,2,51,-49
109900052,47,365,-318
109900053,9,671,-662
109900054,296,161,135
109900055,35,295,-260
109900056,19,141,-122
109900057,6,267,-261
109900058,0,150,-150
109900059,280,90,190
109900060,276,199,77
109900061,86,333,-247
109900062,0,394,-394
109900063,4,387,-383
109900064,255,293,-38
109900065,98,147,-49
109900066,307,1293,-986
109900067,1,633,-632
109900068,38,3,35
109900069,2,55,-53
109900070,25,360,-335
109900071,1,65,-64
109900072,15,160,-145
109900073,214,1034,-820
109900074,7,60,-53
109900075,12,15,-3
109900076,22,311,-289
109900077,31,52,-21
109900078,95,327,-232
109900080,99,382,-283
109900081,8,111,-103
109900082,45,558,-513
109900083,17,64,-47
109900084,59,181,-122
109900085,154,1232,-1078
109900086,109,233,-124
109900087,362,420,-58
109900089,360,93,267
109900090,408,1499,-1091
109900091,142,82,60
109900092,1026,8,1018
109900093,424,99,325
109900094,48,127,-79
109900095,123,280,-157
109900096,14,3,11
109900097,83,1,82
109900098,198,41,157
109900099,118,1,117
109900100,49,0,49
109900101,253,6,247
109900102,236,25,211
109900103,12,35,-23
109900104,245,1520,-1275
109900105,267,44,223
109900106,363,56,307
109900107,439,63,376
109900108,60,904,-844
109900109,10,274,-264
109900110,54,630,-576
109900111,307,1527,-1220
109900112,421,1140,-719
109900113,482,330,152
109900114,655,468,187
109900115,96,77,19
109900117,505,116,389
109900118,270,504,-234
109900119,432,278,154
109900120,63,8,55
109900121,234,270,-36
109900122,214,6,208
109900123,7,207,-200
109900124,39,948,-909
109900125,1,268,-267
109900126,150,217,-67
109900128,115,45,70
109900130,13612,1421,12191
109900131,69,170,-101
109900132,36,242,-206
109900133,46,513,-467
109900134,66,67,-1
109900135,481,64,417
109900136,29,158,-129
109900137,82,536,-454
109900138,50,101,-51
109900140,86,358,-272
109900142,556,288,268
109900145,1,168,-167
109900146,362,52,310
109900148,31,60,-29
109900149,43,71,-28
109900150,3,74,-71
109900151,2,32,-30
109900152,0,14,-14
109900153,0,61,-61
109900154,8,0,8
109900155,50,6,44
109900157,47,354,-307
109900158,49,140,-91
109900159,61,23,38
109900160,89,61,28
109900161,145,89,56
109900162,105,81,24
109900163,865,363,502
109900164,32,231,-199
109900165,222,7,215
109900166,1,216,-215
109900167,116,740,-624
109900168,112,703,-591
109900169,74,152,-78
109900170,281,489,-208
109900171,92,67,25
109900172,117,163,-46
109900173,5015,1402,3613
109900174,42,221,-179
109900175,30,60,-30
109900176,54,212,-158
109900177,24,328,-304
109900178,4,142,-138
109900179,19,22,-3
109900180,4,7,-3
110000001,559,617,-58
110000002,505,493,12
110000003,994,773,221
110000004,476,510,-34
110000005,645,1417,-772
110000006,631,312,319
110000007,119,196,-77
110000008,9,59,-50
110000009,19,43,-24
110000010,30,70,-40
110000011,28,114,-86
110000012,707,523,184
110000013,26,354,-328
110000014,649,387,262
110000015,226,475,-249
110000016,248,1222,-974
110000017,4595,279,4316
110000018,4074,554,3520
110000019,9,229,-220
110000020,617,274,343
110000021,703,438,265
110000022,922,227,695
110000023,4,236,-232
110000024,578,429,149
110000025,139,4,135
110000026,7,799,-792
110000027,580,381,199
110000028,590,614,-24
110000029,470,1102,-632
110000030,166,320,-154
110000031,178,677,-499
110000032,465,369,96
110000033,135,117,18
110000034,157,871,-714
110000035,431,1186,-755
110000036,594,915,-321
110000037,118,931,-813
110000038,202,660,-458
110000039,576,1934,-1358
110000040,273,583,-310
110000041,193,841,-648
110000042,65,382,-317
110000043,460,152,308
110000044,169,117,52
110000045,1443,113,1330
110000046,2,10,-8
110000047,8,15,-7
110000048,9,12,-3
110000049,27,6,21
110000050,4,17,-13
110000051,13,4,9
110000052,20,19,1
110000053,50,6,44
110000054,171,313,-142
110000055,478,31,447
110000056,178,63,115
110000057,208,963,-755
110000058,645,744,-99
110000059,574,601,-27
110000060,408,851,-443
110000061,930,893,37
110000062,808,793,15
110000063,21,100,-79
110000064,38,170,-132
110000065,49,75,-26
110000066,77,51,26
110000067,49,384,-335
110000068,97,665,-568
110000069,126,101,25
110000071,48,160,-112
110000073,3,29,-26
110000075,15,121,-106
110000076,338,300,38
110000077,546,958,-412
110000078,15,89,-74
110000080,242,676,-434
110000081,30,261,-231
110000082,25,298,-273
110000083,186,609,-423
110000084,628,492,136
110000085,2902,1443,1459
110000086,1415,1085,330
110000087,5,50,-45
110000088,20,196,-176
110000089,212,172,40
110000090,75,370,-295
110000091,2051,367,1684
110000092,29,107,-78
110000093,39,9,30
110000094,519,249,270
110000095,94,520,-426
110000096,4149,1751,2398
110000097,836,964,-128
110000098,1395,537,858
110000099,843,1659,-816
110000100,391,960,-569
110000101,17,670,-653
110000102,27,42,-15
110000104,143,108,35
110000105,32,331,-299
110000106,439,266,173
110000107,373,385,-12
110000108,151,48,103
110000109,329,271,58
110000110,5163,2877,2286
110000111,9244,1998,7246
110000112,1621,453,1168
110000113,805,1139,-334
110000114,105,404,-299
110000115,186,309,-123
110000116,23,53,-30
110000117,115,691,-576
110000118,255,292,-37
110000119,132,487,-355
110000120,191,174,17
110000121,79,379,-300
110000122,227,598,-371
110000123,345,405,-60
110000124,0,924,-924
110000125,718,6,712
110000126,256,36,220
110000127,572,50,522
110000128,29,1773,-1744
110000129,3,653,-650
110000130,110,113,-3
110000131,107,315,-208
110000132,2,789,-787
110000133,56,314,-258
110000134,28,370,-342
110000135,147,30,117
110000136,34,396,-362
110000137,251,774,-523
110000138,421,964,-543
110000139,499,1743,-1244
110000140,726,401,325
110000143,621,420,201
110000144,4754,1061,3693
110000145,1224,821,403
110000146,2081,867,1214
110000147,291,787,-496
110000148,423,366,57
110000151,729,477,252
110000152,579,259,320
110000153,71,50,21
110000154,33,11,22
110000155,2482,2214,268
110000156,664,1292,-628
110000157,1339,1640,-301
110000160,312,476,-164
110000161,111,512,-401
110000166,205,159,46
110000167,491,434,57
110000168,610,303,307
110000169,544,267,277
110000170,100,105,-5
110000171,481,224,257
110000172,151,857,-706
110000173,1158,1294,-136
110000174,79,1657,-1578
110000175,329,92,237
110000176,83,220,-137
110000177,113,641,-528
110000178,583,851,-268
110000179,1553,425,1128
110000180,99,384,-285
110000181,224,422,-198
110000182,494,300,194
110000183,13721,5148,8573
110000184,828,1841,-1013
110000185,1663,737,926
110000186,786,711,75
110000191,334,504,-170
110000192,201,6,195
110000193,363,2,361
110000194,5,1616,-1611
110000195,196,474,-278
110000196,222,614,-392
110000197,28,279,-251
110000198,46,93,-47
110000199,41,119,-78
110000200,1354,638,716
110000201,628,593,35
110000202,1107,440,667
110000203,677,958,-281
110000204,8,445,-437
110000205,112,87,25
110000206,707,2123,-1416
110000207,407,325,82
110000208,209,118,91
110000209,121,1099,-978
110000210,471,674,-203
110000211,753,836,-83
110000212,380,911,-531
110000213,50,48,2
110000214,76,120,-44
110000215,69,751,-682
110000216,51,776,-725
110000217,192,251,-59
110000218,115,645,-530
110000219,186,82,104
110000220,15,619,-604
110000221,154,88,66
110000222,19,457,-438
110000223,4,94,-90
110000224,113,11,102
110000225,192,571,-379
110000226,163,63,100
110000227,704,444,260
110000228,367,407,-40
110000229,3,332,-329
110000230,567,620,-53
110000231,107,189,-82
110000232,122,210,-88
110000233,123,252,-129
110000234,864,432,432
110000235,971,909,62
110000236,307,1012,-705
110000237,1637,1146,491
110000238,793,1347,-554
110000239,1082,1485,-403
110000240,0,116,-116
110000242,0,11,-11
110000243,39,246,-207
110000244,136,430,-294
110000245,17,443,-426
110000246,462,802,-340
110000247,1811,4429,-2618
110000248,2610,1548,1062
110000249,69,2,67
110000250,49,265,-216
110000251,113,521,-408
110000252,203,325,-122
110000253,919,475,444
110000254,594,1612,-1018
110000255,264,1446,-1182
110000256,400,222,178
110000257,605,492,113
110000258,6,645,-639
110000259,43,25,18
110000260,10,511,-501
110000263,678,80,598
110000264,127,760,-633
110000265,931,1579,-648
110000266,1893,2126,-233
110000267,16,261,-245
110000268,266,661,-395
110000269,3,103,-100
110000270,30,8,22
110000271,2059,308,1751
110000272,822,985,-163
110000273,2658,1437,1221
110000274,211,927,-716
110000275,3788,563,3225
110000276,113,220,-107
110000277,182,534,-352
110000278,172,922,-750
110000279,502,711,-209
110000280,211,411,-200
110000281,30,226,-196
110000282,253,41,212
110000283,76,93,-17
110000284,47,33,14
110000285,0,230,-230
110000286,27,0,27
110000287,48,2,46
110000288,4,91,-87
110000289,386,1258,-872
110000290,1391,595,796
110000291,6458,1400,5058
110000292,1078,3244,-2166
110000293,325,1162,-837
110000294,467,751,-284
110000295,77,955,-878
110000296,202,383,-181
110000297,2303,283,2020
110000298,369,531,-162
110000299,585,37,548
110000301,187,10,177
110000302,225,1569,-1344
110000303,267,2,265
110000304,81,315,-234
110000305,553,20,533
110000306,131,2369,-2238
110000307,813,4,809
110000308,334,32,302
110000309,10,1538,-1528
110000310,463,101,362
110000311,29,1055,-1026
110000312,452,50,402
110000313,2986,2039,947
110000314,2,263,-261
110000315,2960,1810,1150
110000316,574,1051,-477
110000317,568,452,116
110000318,0,94,-94
110000319,9,26,-17
110000320,33,55,-22
110000321,7,69,-62
110000322,142,635,-493
110000323,232,297,-65
110000324,5554,1405,4149
110000325,2289,1984,305
110000327,399,223,176
110000328,196,637,-441
110000333,612,423,189
110000334,768,1631,-863
110000335,965,618,347
110000336,428,1541,-1113
110000337,838,610,228
110000338,216,309,-93
110000339,110,294,-184
110000340,43,252,-209
110000341,239,622,-383
110000342,464,3,461
110000343,0,15,-15
110000344,103,217,-114
110000345,129,86,43
110000346,2282,1369,913
110000347,891,733,158
110000348,13,27,-14
110000349,7,15,-8
110000350,33,1,32
110000351,553,950,-397
110000352,389,1611,-1222
110000353,3284,767,2517
110000354,842,2262,-1420
110000355,54,73,-19
110000356,589,8,581
110000357,218,14,204
110000361,12,64,-52
110000362,35,265,-230
110000363,149,132,17
110000364,143,363,-220
110000365,134,2,132
110000366,0,109,-109
110000367,306,336,-30
110000368,4,71,-67
110000369,37,2,35
110000373,4,345,-341
110000374,54,5,49
110000375,210,895,-685
110000376,40,124,-84
110000377,59,468,-409
110000378,35,306,-271
110000379,4158,1279,2879
110000380,43,13,30
110000383,0,848,-848
110000384,2361,859,1502
110000385,3,244,-241
110000387,48,12,36
110000388,53,249,-196
110000389,485,157,328
110000391,230,524,-294
110000396,74,152,-78
110000397,65,236,-171
110000398,0,40,-40
110000399,160,3,157
110000587,57,23,34
110000589,126,173,-47
110000640,133,140,-7
110000652,12,138,-126
110000653,119,546,-427
110000654,4,42,-38
110000656,4,845,-841
110000674,16,19,-3
110000675,40,7,33
110000676,4,62,-58
110000679,497,507,-10
110000682,99,152,-53
110000683,483,569,-86
110000684,2,97,-95
110000685,15,11,4
110000686,2,48,-46
110000687,11,2,9
110000688,40,590,-550
110000689,28,99,-71
110000692,102,304,-202
110000693,166,276,-110
110000694,0,122,-122
110000695,141,782,-641
110000696,142,203,-61
110900001,172,21,151
110900002,627,193,434
110900003,331,1194,-863
110900004,195,278,-83
110900005,4685,1207,3478
110900006,30,8,22
110900007,52,14,38
110900008,23,29,-6
110900009,360,43,317
110900010,5,148,-143
110900011,12,109,-97
110900012,3,177,-174
110900013,544,155,389
110900014,103,13,90
110900015,1144,442,702
110900016,25,215,-190
110900017,176,59,117
110900018,339,62,277
110900019,56,37,19
110900020,42,621,-579
110900021,59,736,-677
110900022,67,455,-388
110900023,100,648,-548
110900024,20,630,-610
110900025,8,51,-43
110900027,32,364,-332
110900028,37,240,-203
110900029,26,572,-546
110900030,14,480,-466
110900031,4,238,-234
110900032,0,151,-151
110900033,20,309,-289
110900035,29,438,-409
110900036,55,35,20
110900037,32,27,5
110900038,1667,195,1472
110900039,8,250,-242
110900040,149,44,105
110900041,20,227,-207
110900042,50,54,-4
110900043,6,209,-203
110900044,308,15,293
110900045,44,815,-771
110900046,137,345,-208
110900047,803,149,654
110900049,53,38,15
110900050,2,3,-1
110900051,31,228,-197
110900052,1,233,-232
110900053,91,61,30
110900054,26,403,-377
110900055,19,4,15
110900056,55,157,-102
110900057,3,269,-266
110900058,85,283,-198
110900059,587,1012,-425
110900060,253,106,147
110900061,16,30,-14
110900062,54,366,-312
110900063,45,125,-80
110900064,16,1,15
110900065,394,139,255
110900066,17,120,-103
110900067,592,554,38
110900068,192,267,-75
110900069,9,34,-25
110900070,89,31,58
110900071,295,416,-121
110900073,0,18,-18
110900074,170,73,97
110900075,236,90,146
110900077,377,464,-87
110900078,13,137,-124
110900079,2075,558,1517
110900080,81,59,22
110900081,8,132,-124
110900082,40,347,-307
110900083,77,50,27
110900084,26,182,-156
110900085,41,539,-498
110900086,48,190,-142
110900087,148,75,73
110900088,4,0,4
110900090,31,25,6
110900091,0,78,-78
110900093,307,79,228
110900095,34,67,-33
110900097,11,19,-8
110900098,12,133,-121
110900099,77,760,-683
110900100,0,37,-37
110900102,14,25,-11
110900105,850,513,337
110900108,7,153,-146
110900111,333,97,236
110900112,463,6,457
110900113,561,19,542
110900115,4,140,-136
110900116,409,2962,-2553
110900118,242,1488,-1246
110900119,6421,254,6167
110900120,7,102,-95
110900121,47,1,46
110900122,171,129,42
110900125,223,244,-21
110900127,389,640,-251
110900128,197,149,48
110900129,397,348,49
110900130,1330,332,998
110900131,139,53,86
110900132,167,49,118
110900133,47,315,-268
110900135,66,578,-512
110900136,182,5,177
110900137,76,1,75
110900138,1042,367,675
110900139,20,45,-25
110900140,58,3,55
110900141,2,82,-80
110900142,44,287,-243
110900143,70,77,-7
110900144,2,748,-746
110900145,87,16,71
110900146,460,55,405
110900147,200,287,-87
110900148,2,456,-454
110900149,0,84,-84
110900150,20,18,2
110900151,1,124,-123
110900152,13,403,-390
110900153,68,31,37
111000001,254,207,47
111000002,366,724,-358
111000003,544,531,13
111000004,439,1045,-606
111000005,795,742,53
111000006,834,1259,-425
111000007,4149,1632,2517
111000008,3479,3965,-486
111000009,337,1006,-669
111000010,546,254,292
111000011,427,969,-542
111000012,579,402,177
111000013,298,1259,-961
111000014,856,502,354
111000017,116,662,-546
111000018,238,382,-144
111000020,2549,2395,154
111000021,114,125,-11
111000023,62,152,-90
111000025,7733,2276,5457
111000029,55,155,-100
111000030,19,113,-94
111000031,2176,789,1387
111000032,477,173,304
111000033,314,117,197
111000034,300,149,151
111000037,3437,1398,2039
111000038,3054,2730,324
111000039,1520,2771,-1251
111000040,1506,2979,-1473
111000041,1785,1895,-110
111000042,7012,3077,3935
111000043,1577,1599,-22
111000044,1145,683,462
111000045,1296,1514,-218
111000046,941,1182,-241
111000047,1460,2113,-653
111000049,351,586,-235
111000050,1864,1661,203
111000051,528,1260,-732
111000052,548,1487,-939
111000053,327,1145,-818
111000054,249,1148,-899
111000055,1212,2345,-1133
111000056,124,951,-827
111000057,89,1102,-1013
111000058,146,131,15
111000059,219,336,-117
111000060,2262,599,1663
111000061,266,445,-179
111000062,485,253,232
111000063,1478,765,713
111000064,420,521,-101
111000065,759,720,39
111000066,238,264,-26
111000067,372,753,-381
111000068,279,771,-492
111000069,1719,2330,-611
111000070,2381,1277,1104
111000071,205,880,-675
111000072,530,303,227
111000073,139,555,-416
111000074,1271,1257,14
111000075,534,699,-165
111000076,315,787,-472
111000077,1062,1292,-230
111000078,1857,1207,650
111000079,1337,759,578
111000080,380,633,-253
111000081,2188,4476,-2288
111000082,522,762,-240
111000084,560,613,-53
111000085,898,1929,-1031
111000086,3608,1338,2270
111000087,713,980,-267
111000088,6665,1841,4824
111000089,502,949,-447
111000090,1178,1645,-467
111000091,568,863,-295
111000092,815,1252,-437
111000093,435,761,-326
111000094,1310,858,452
111000095,934,1708,-774
111000096,2857,6018,-3161
111000097,6621,1181,5440
111000098,531,1469,-938
111000099,336,2810,-2474
111000100,275,2738,-2463
111000101,410,1027,-617
111000102,103,1018,-915
111000104,235,248,-13
111000107,42,920,-878
111000109,243,210,33
111000110,819,569,250
111000111,1102,462,640
111000112,919,300,619
111000113,499,550,-51
111000114,1274,1412,-138
111000115,8358,900,7458
111000116,904,766,138
111000117,397,773,-376
111000118,1410,1033,377
111000119,706,1604,-898
111000120,305,585,-280
111000121,179,584,-405
111000122,445,1125,-680
111000123,757,3821,-3064
111000124,418,4395,-3977
111000125,188,2457,-2269
111000126,80,1129,-1049
111000127,425,173,252
111000128,857,332,525
111000129,1506,411,1095
111000130,1140,665,475
111000131,853,518,335
111000132,592,397,195
111000133,83,192,-109
111000134,83,126,-43
111000135,35,133,-98
111000136,225,293,-68
111000138,5,5,0
111000140,1,1,0
111000141,164,361,-197
111000142,41,106,-65
111000143,1,74,-73
111000144,33,98,-65
111000145,478,6,472
111000146,24,7,17
111000147,298,27,271
111000148,118,140,-22
111000149,5,33,-28
111000150,1,6,-5
111000151,1,36,-35
111000153,634,654,-20
111000154,649,238,411
111000155,103,165,-62
111000156,346,360,-14
111000157,147,507,-360
111000158,911,426,485
111000159,2885,609,2276
111000160,197,389,-192
111000161,9,241,-232
111000162,4,191,-187
111000163,361,875,-514
111000164,814,2665,-1851
111000165,1285,467,818
111000166,1683,402,1281
111000167,173,486,-313
111000168,180,466,-286
111000169,242,648,-406
111000170,500,519,-19
111000171,414,1095,-681
111000172,88,688,-600
111000173,170,1478,-1308
111000174,117,755,-638
111000175,31,293,-262
111000176,199,204,-5
111000177,102,305,-203
111000178,602,355,247
111000179,86,221,-135
111000180,108,290,-182
111000181,552,319,233
111000182,95,209,-114
111000183,272,282,-10
111000184,311,220,91
111000185,335,523,-188
111000186,279,381,-102
111000187,79,328,-249
111000188,119,521,-402
111000189,1627,582,1045
111000190,213,649,-436
111000191,156,526,-370
111000192,192,758,-566
111000193,457,481,-24
111000194,26,462,-436
111000195,63,560,-497
111000196,27,399,-372
111000197,176,179,-3
111000198,244,123,121
111000199,100,146,-46
111000200,134,352,-218
111000201,253,260,-7
111000202,176,227,-51
111000203,129,182,-53
111000204,276,474,-198
111000213,95,369,-274
111000214,1204,1681,-477
111000215,736,1505,-769
111000217,847,1020,-173
111000218,680,1030,-350
111000219,364,205,159
111000220,3386,884,2502
111000221,651,220,431
111000224,1,345,-344
111000225,181,110,71
111000226,147,1,146
111000227,49,7,42
111000228,6,256,-250
111000229,28,461,-433
111000230,210,640,-430
111000231,558,1672,-1114
111000232,323,922,-599
111000233,284,841,-557
111000234,75,253,-178
111000239,163,240,-77
111000240,32,119,-87
111000241,27,461,-434
111000242,48,49,-1
111000243,69,952,-883
111000244,213,122,91
111000245,500,724,-224
111000246,186,758,-572
111000247,109,1268,-1159
111000248,321,442,-121
111000249,489,895,-406
111000250,44,147,-103
111000251,20,187,-167
111000253,5,7,-2
111000255,9,7,2
111000257,34,11,23
111000260,61,1429,-1368
111000261,481,68,413
111000271,55,298,-243
111000273,7081,1491,5590
111000274,1026,2101,-1075
111000275,86,80,6
111000276,252,2761,-2509
111000277,147,522,-375
111000278,539,251,288
111000291,347,2733,-2386
111000298,262,279,-17
111000299,419,147,272
111000300,75,725,-650
111000302,198,82,116
111000303,80,352,-272
111000312,79,77,2
111000315,1,292,-291
111000320,321,778,-457
111000321,188,52,136
111000322,158,628,-470
111000323,60,21,39
111000324,319,311,8
111000325,25,72,-47
111000326,93,461,-368
111000327,310,586,-276
111000328,174,409,-235
111000329,1,27,-26
111000330,20,16,4
111000331,17,2,15
111000332,363,1382,-1019
111000334,356,1652,-1296
111000335,298,161,137
111000337,391,457,-66
111000338,15,128,-113
111000339,150,779,-629
111000340,60,951,-891
111000341,673,283,390
111000342,69,321,-252
111000344,666,679,-13
111000345,192,33,159
111000346,32,99,-67
111000347,33,2,31
111000350,143,128,15
111000351,84,254,-170
111000352,102,185,-83
111000353,107,291,-184
111000354,372,173,199
111000355,434,731,-297
111000358,61,2121,-2060
111000360,87,1282,-1195
111000361,68,513,-445
111000546,290,714,-424
111000547,221,799,-578
111000548,65,230,-165
111000549,166,581,-415
111000550,80,379,-299
111000551,706,160,546
111000552,367,51,316
111000907,283,130,153
111000908,5,3,2
111000916,603,248,355
111000917,18,474,-456
111000918,125,1338,-1213
111000920,242,7,235
111000921,6,325,-319
111000922,221,374,-153
111000924,54,1410,-1356
111000925,1309,1487,-178
111000926,837,2809,-1972
111000927,2780,2976,-196
111000928,6068,3968,2100
111000929,705,775,-70
111000930,604,2500,-1896
111000931,1411,1444,-33
111000932,3690,2588,1102
111000933,3108,1713,1395
111000934,2494,2989,-495
111000935,739,978,-239
111000936,695,2403,-1708
111000937,552,1036,-484
111000938,1525,2570,-1045
111000939,172,49,123
111000940,149,215,-66
111000941,137,777,-640
111000943,151,279,-128
111000944,92,639,-547
111000945,47,2786,-2739
111001109,233,137,96
111001110,179,673,-494
111001111,21,3,18
111001112,64,2,62
111001113,3,91,-88
111001114,1203,96,1107
111001115,56,269,-213
111001116,5860,1725,4135
111001117,744,808,-64
111001120,57,427,-370
111001121,135,362,-227
111001122,173,749,-576
111001123,80,88,-8
111001124,42,380,-338
111900001,3,155,-152
111900002,21,1024,-1003
111900003,2,563,-561
111900004,23,263,-240
111900006,3,22,-19
111900007,52,3,49
111900008,66,1,65
111900009,75,256,-181
111900010,228,601,-373
111900012,78,128,-50
111900013,5,118,-113
111900014,8778,2144,6634
111900015,3,88,-85
111900016,3,268,-265
111900017,0,258,-258
111900018,54,6,48
111900019,1,121,-120
111900020,8,57,-49
111900021,24,106,-82
111900022,10,71,-61
111900023,199,70,129
111900024,0,125,-125
111900025,0,51,-51
111900026,0,114,-114
111900027,4,174,-170
111900028,1,437,-436
111900029,4,124,-120
111900030,60,517,-457
111900031,23,27,-4
111900032,2,505,-503
111900033,2,127,-125
111900034,205,742,-537
111900035,25,291,-266
111900036,3,416,-413
111900038,364,670,-306
111900039,44,570,-526
111900040,1,874,-873
111900042,49,118,-69
111900043,2,545,-543
111900044,328,302,26
111900046,45,275,-230
111900048,90,1027,-937
111900049,59,340,-281
111900050,63,11,52
111900051,52,446,-394
111900052,461,648,-187
111900053,1780,453,1327
111900054,77,0,77
111900055,32,807,-775
111900056,251,98,153
111900057,47,47,0
111900058,207,978,-771
111900059,2713,224,2489
111900060,247,1,246
111900061,79,460,-381
111900062,7,15,-8
111900063,94,342,-248
111900064,157,329,-172
111900065,27,15,12
111900066,79,140,-61
111900067,2,506,-504
111900068,12,32,-20
111900069,45,13,32
111900070,65,168,-103
111900071,3,396,-393
111900072,13,13,0
111900073,309,61,248
111900074,6,228,-222
111900075,30,4,26
111900076,48,35,13
111900077,17,1,16
111900078,111,10,101
111900079,33,10,23
111900080,210,125,85
111900081,419,49,370
111900082,62,19,43
111900083,35,3,32
111900084,26,4,22
111900085,33,48,-15
111900086,28,3,25
111900087,24,1,23
111900088,202,3,199
111900089,37,1,36
111900090,87,49,38
111900091,119,0,119
111900092,25,0,25
111900093,165,3,162
111900094,22,0,22
111900095,112,27,85
111900096,77,1,76
111900097,22,0,22
111900098,72,2,70
111900099,14,0,14
111900100,103,3,100
111900101,48,14,34
111900102,318,1008,-690
111900103,85,23,62
111900104,92,52,40
111900105,233,99,134
111900106,1847,59,1788
111900107,35,57,-22
111900108,45,29,16
111900109,294,96,198
111900110,3667,274,3393
111900111,37,336,-299
111900112,1186,1210,-24
111900113,314,101,213
111900114,96,48,48
111900115,11,14,-3
111900118,171,33,138
111900119,174,61,113
111900122,65,10,55
111900123,10,9,1
111900124,27,126,-99
111900125,184,11,173
111900126,110,2,108
111900127,3,856,-853
111900128,1,747,-746
111900129,238,121,117
111900130,138,18,120
111900131,165,3,162
111900132,48,1716,-1668
111900133,28,528,-500
111900134,22,406,-384
111900135,7,18,-11
111900136,85,122,-37
111900137,66,82,-16
111900138,9,107,-98
111900139,19,194,-175
111900140,21,19,2
111900141,20,15,5
111900142,26,16,10
111900143,12,289,-277
111900144,0,184,-184
111900145,4,837,-833
111900146,3,440,-437
111900147,199,689,-490
111900148,37,1150,-1113
111900149,4,513,-509
111900150,12,250,-238
111900151,4,18,-14
111900152,107,61,46
111900153,1615,197,1418
111900154,20,120,-100
111900155,50,30,20
111900156,35,28,7
111900157,29,7,22
111900158,233,33,200
111900159,113,11,102
111900160,133,0,133
111900161,65,12,53
111900162,102,107,-5
111900163,63,293,-230
111900164,71,41,30
111901113,154,356,-202
111901114,71,455,-384
111901115,40,0,40
111901116,37,0,37
111901117,11,11,0
111901118,160,94,66
111901119,1761,143,1618
111901120,68,152,-84
111901121,186,456,-270
111901122,2,707,-705
111901123,73,560,-487
111901124,74,1,73
111901125,149,186,-37
111901126,53,35,18
111901127,1203,242,961
111901128,7,136,-129
111901129,8,199,-191
111901130,9,357,-348
111901131,1,405,-404
111901132,53,7,46
111901133,26,0,26
111901134,48,3,45
111901135,14,7,7
111901136,24,8,16
111901137,0,14,-14
111901138,98,31,67
111901139,33,70,-37
111901140,3,179,-176
111901141,22,300,-278
111901142,8,205,-197
111901143,3,144,-141
111901144,37,20,17
111901145,104,170,-66
111901146,421,12,409
112000001,1178,724,454
112000002,667,2809,-2142
112000003,592,838,-246
112000004,478,1935,-1457
112000005,1665,1634,31
112000006,1494,2256,-762
112000007,1378,1232,146
112000008,1788,3055,-1267
112000009,3900,4048,-148
112000010,1804,2370,-566
112000011,1939,2524,-585
112000012,6316,2101,4215
112000013,6329,3659,2670
112000014,2693,784,1909
112000015,3334,2810,524
112000016,5364,935,4429
112000017,2350,1610,740
112000024,2007,771,1236
112000026,4746,5527,-781
112000027,645,333,312
112000028,1690,1884,-194
112000029,309,552,-243
112000030,248,141,107
112000031,1682,2895,-1213
112000032,632,98,534
112000033,2159,958,1201
112000034,207,54,153
112000035,119,353,-234
112000036,762,774,-12
112000037,1398,960,438
112000038,1070,1039,31
112000039,33,82,-49
112000040,219,387,-168
112000041,510,588,-78
112000042,1091,352,739
112000050,724,1556,-832
112000051,651,733,-82
112000054,1614,2708,-1094
112000057,611,363,248
112000058,367,631,-264
112000059,898,496,402
112000061,5655,1860,3795
112000062,2736,705,2031
112000063,1858,801,1057
112000064,4864,6225,-1361
112000065,2408,2909,-501
112000066,2766,973,1793
112000067,775,744,31
112000068,1719,1148,571
112000069,624,2656,-2032
112000070,1582,584,998
112000071,735,3759,-3024
112000072,1016,918,98
112000073,1205,1934,-729
112000074,811,886,-75
112000075,839,987,-148
112000076,3319,3255,64
112000077,348,813,-465
112000078,926,861,65
112000079,1157,1542,-385
112000080,520,1074,-554
112000081,1226,2012,-786
112000082,1049,770,279
112000083,487,1562,-1075
112000084,870,796,74
112000085,770,1285,-515
112000086,1145,1729,-584
112000087,188,603,-415
112000088,296,854,-558
112000089,204,401,-197
112000090,158,481,-323
112000091,591,1336,-745
112000092,1040,877,163
112000093,1297,1265,32
112000094,331,740,-409
112000095,503,819,-316
112000096,250,677,-427
112000097,590,454,136
112000098,951,1765,-814
112000099,537,773,-236
112000100,892,956,-64
112000101,423,1160,-737
112000102,555,517,38
112000103,223,1477,-1254
112000105,358,2212,-1854
112000106,711,366,345
112000107,14,201,-187
112000108,157,1992,-1835
112000109,85,65,20
112000110,1146,511,635
112000111,1728,5431,-3703
112000112,5699,559,5140
112000113,1011,2451,-1440
112000114,2844,956,1888
112000115,195,623,-428
112000116,430,1258,-828
112000117,589,863,-274
112000118,782,1054,-272
112000119,367,1143,-776
112000120,70,492,-422
112000121,83,1001,-918
112000122,135,110,25
112000123,314,128,186
112000124,184,63,121
112000125,46,157,-111
112000126,148,896,-748
112000127,3180,1179,2001
112000128,1418,805,613
112000129,83,108,-25
112000130,86,78,8
112000131,28,406,-378
112000132,69,340,-271
112000133,221,380,-159
112000134,402,426,-24
112000135,989,648,341
112000136,1223,1478,-255
112000137,1926,1477,449
112000138,3244,1430,1814
112000139,726,264,462
112000140,990,1176,-186
112000141,420,176,244
112000142,157,1042,-885
112000143,570,225,345
112000144,278,2096,-1818
112000145,1407,695,712
112000146,612,2762,-2150
112000147,1436,1602,-166
112000148,1650,2539,-889
112000149,193,935,-742
112000150,99,867,-768
112000151,260,746,-486
112000152,182,425,-243
112000153,204,329,-125
112000154,73,227,-154
112000155,148,98,50
112000157,720,499,221
112000158,160,838,-678
112000159,294,468,-174
112000167,137,52,85
112000169,275,321,-46
112000173,317,261,56
112000175,286,436,-150
112000176,5502,1979,3523
112000177,329,113,216
112000178,38,692,-654
112000179,124,179,-55
112000180,230,311,-81
112000181,956,2302,-1346
112000182,559,2731,-2172
112000183,39,56,-17
112000184,211,677,-466
112000185,266,680,-414
112000187,2580,2394,186
112000195,102,10,92
112000196,127,1,126
112000197,85,116,-31
112000198,48,470,-422
112000199,1142,971,171
112000202,194,0,194
112000216,38,230,-192
112000230,38,4,34
112000231,4,425,-421
112000256,26,183,-157
112000313,174,165,9
112000314,10,12,-2
112000337,182,667,-485
112000352,232,198,34
112000392,1873,1289,584
112000398,665,880,-215
112000399,2665,1571,1094
112000400,1775,4708,-2933
112000401,2748,3305,-557
112000402,1356,1966,-610
112000403,2049,1651,398
112000404,302,666,-364
112000405,1079,2284,-1205
112000406,3624,3641,-17
112000407,3798,5629,-1831
112000408,8192,7629,563
112000409,1758,5479,-3721
112000410,310,117,193
112000411,5884,1152,4732
112000412,1197,385,812
112000413,10911,2717,8194
112000414,61,110,-49
112000415,74,53,21
112000416,1318,1265,53
112000417,164,75,89
112000421,20,183,-163
112000422,266,637,-371
112000424,2861,1557,1304
112000425,361,1145,-784
112000426,63,341,-278
112000427,0,13,-13
112000428,93,629,-536
112000429,1964,2962,-998
112000430,1741,3042,-1301
112000431,42,113,-71
112000432,613,2351,-1738
112000433,601,868,-267
112000437,53,357,-304
112900001,61,0,61
112900002,132,1614,-1482
112900003,22,379,-357
112900004,29,586,-557
112900005,103,256,-153
112900006,6,522,-516
112900007,14,270,-256
112900008,3,11,-8
112900009,363,56,307
112900010,150,898,-748
112900011,323,346,-23
112900012,0,45,-45
112900013,0,213,-213
112900014,4,389,-385
112900015,408,1195,-787
112900016,2,392,-390
112900017,27,251,-224
112900018,2,480,-478
112900019,72,164,-92
112900020,425,1823,-1398
112900021,5,340,-335
112900022,4,119,-115
112900023,0,361,-361
112900024,22,299,-277
112900025,64,297,-233
112900026,4,330,-326
112900027,10,1536,-1526
112900028,18,195,-177
112900029,4,876,-872
112900030,286,220,66
112900031,6,613,-607
112900032,108,259,-151
112900034,2,76,-74
112900035,5,570,-565
112900036,38,175,-137
112900037,188,131,57
112900038,349,139,210
112900039,13,406,-393
112900040,5,435,-430
112900041,1489,879,610
112900042,33,566,-533
112900043,14,55,-41
112900044,582,456,126
112900045,649,319,330
112900046,375,80,295
112900047,17,15,2
112900049,70,103,-33
112900050,65,681,-616
112900051,351,854,-503
112900052,7,1292,-1285
112900053,346,141,205
112900054,331,27,304
112900055,181,21,160
112900056,270,131,139
112900057,10,988,-978
112900058,341,150,191
112900059,84,155,-71
112900060,18,328,-310
112900061,41,159,-118
112900062,82,164,-82
112900063,99,3,96
112900064,258,205,53
112900065,42,17,25
112900066,175,55,120
112900067,665,172,493
112900068,32,22,10
112900069,2872,515,2357
112900071,14,5,9
112900072,294,838,-544
112900073,282,37,245
112900074,52,115,-63
112900075,2436,509,1927
112900076,100,9,91
112900078,187,220,-33
112900079,172,14,158
112900080,24,0,24
112900081,48,124,-76
112900082,216,7,209
112900083,49,27,22
112900084,97,67,30
112900085,0,0,0
112900086,29,4,25
112900087,329,120,209
112900088,42,23,19
112900089,418,15,403
112900090,29,10,19
112900091,77,1,76
112900092,134,151,-17
112900093,1072,5,1067
112900094,8,0,8
112900095,19,0,19
112900096,216,115,101
112900097,32,524,-492
112900098,207,0,207
112900099,360,11,349
112900100,19,0,19
112900101,139,2,137
112900102,157,2,155
112900103,89,4,85
112900104,38,1,37
112900105,5,0,5
112900106,288,107,181
112900107,12,0,12
112900108,41,0,41
112900109,36,0,36
112900110,365,6,359
112900111,278,3,275
112900112,135,1,134
112900113,0,18,-18
112900114,31,54,-23
112900115,434,4,430
112900116,38,67,-29
112900117,93,133,-40
112900118,56,90,-34
112900119,69,2,67
112900120,769,226,543
112900121,288,274,14
112900122,14,193,-179
112900123,131,9,122
112900124,3,187,-184
112900125,68,379,-311
112900126,154,246,-92
112900127,214,40,174
112900128,471,816,-345
112900129,2,1148,-1146
112900130,168,56,112
112900131,37,256,-219
112900132,64,496,-432
112900133,31,1428,-1397
112900134,1,325,-324
112900135,68,22,46
112900136,0,21,-21
112900137,2,845,-843
112900138,6,581,-575
112900139,296,1274,-978
112900140,0,103,-103
112900141,449,34,415
112900142,90,84,6
112900143,80,739,-659
112900144,1,335,-334
112900145,63,546,-483
112900146,8,1751,-1743
112900147,14,2991,-2977
112900148,32,0,32
112900149,175,609,-434
112900151,22,51,-29
112900152,5572,1149,4423
112900153,1985,1107,878
112900154,0,109,-109
112900155,82,19,63
112900156,192,2290,-2098
112900157,127,1,126
112900158,16,25,-9
112900159,182,60,122
112900160,20,305,-285
112900161,67,28,39
112900162,39,8,31
112900163,122,38,84
112900164,19,114,-95
112900165,85,48,37
112900166,23,42,-19
112900167,5,17,-12
112900168,2,3,-1
112900169,5,4,1
112900170,37,126,-89
112900172,99,12,87
112900173,270,112,158
112900174,237,20,217
112900175,173,125,48
112900176,11,8,3
112900177,162,23,139
112900178,603,1267,-664
112900179,46,620,-574
112900180,1068,3021,-1953
112900181,210,8,202
112900182,25,1796,-1771
112900183,168,233,-65
112900184,397,329,68
112900185,382,461,-79
112900186,2127,606,1521
112900187,81,404,-323
112900188,681,364,317
112900189,29,35,-6
112900190,4,58,-54
112900192,407,369,38
112900193,1012,296,716
112900194,31,104,-73
112900195,524,12,512
112900196,214,580,-366
112900197,135,452,-317
112900199,272,679,-407
112900200,321,374,-53
112900201,78,119,-41
112900202,190,1175,-985
112900203,75,359,-284
112900204,921,367,554
112900205,1,6,-5
112900206,5,32,-27
112900207,6,0,6
112900208,62,126,-64
112900209,388,471,-83
112900210,0,13,-13
112900211,70,108,-38
112900212,0,70,-70
112900213,9,13,-4
112900214,30,2,28
112900215,6,312,-306
112900216,37,88,-51
112900217,0,69,-69
112900218,7,26,-19
112900219,29,5,24
112900220,5,0,5
112900221,153,153,0
112900222,0,15,-15
112900223,441,9,432
112900224,125,908,-783
112900225,232,635,-403
112900226,284,350,-66
112900227,177,1750,-1573
112900228,24,24,0
112900229,115,66,49
112900230,9248,3210,6038
112900232,197,169,28
112900233,29,238,-209
112900234,9,146,-137
112900235,77,18,59
112900236,113,10,103
112900237,64,421,-357
112900238,9,45,-36
112900239,557,232,325
113000001,4430,5199,-769
113000002,3421,4102,-681
113000003,1833,2130,-297
113000004,1963,2483,-520
113000005,1248,1214,34
113000006,915,1422,-507
113000007,1301,1375,-74
113000008,1278,1973,-695
113000009,816,983,-167
113000010,892,1900,-1008
113000011,739,2048,-1309
113000012,1077,849,228
113000013,1233,522,711
113000014,1971,1556,415
113000015,769,243,526
113000016,434,449,-15
113000017,99,291,-192
113000018,233,41,192
113000019,100,271,-171
113000020,66,24,42
113000021,800,643,157
113000022,452,1413,-961
113000025,119,348,-229
113000026,201,483,-282
113000027,830,397,433
113000028,1332,407,925
113000029,895,512,383
113000030,602,695,-93
113000031,339,318,21
113000032,248,293,-45
113000033,397,401,-4
113000034,482,353,129
113000035,40,43,-3
113000036,21,59,-38
113000037,81,40,41
113000038,13,58,-45
113000039,101,555,-454
113000040,52,103,-51
113000042,813,665,148
113000051,718,2063,-1345
113000052,2366,1266,1100
113000053,331,722,-391
113000054,154,880,-726
113000055,671,1090,-419
113000056,614,1552,-938
113000058,752,1039,-287
113000059,1191,712,479
113000060,141,655,-514
113000061,674,929,-255
113000062,1430,180,1250
113000063,94,268,-174
113000064,13,489,-476
113000065,176,1350,-1174
113000066,346,83,263
113000067,1123,1382,-259
113000068,434,2173,-1739
113000069,428,1594,-1166
113000070,1008,943,65
113000071,336,867,-531
113000072,462,541,-79
113000073,573,1818,-1245
113000074,951,304,647
113000075,1807,595,1212
113000076,1325,1907,-582
113000077,1596,387,1209
113000078,1102,2042,-940
113000079,967,751,216
113000080,749,515,234
113000081,942,776,166
113000082,1354,872,482
113000083,630,750,-120
113000084,1449,1178,271
113000085,887,570,317
113000086,872,1189,-317
113000087,1028,749,279
113000088,2049,1247,802
113000089,966,1372,-406
113000090,232,340,-108
113000091,802,334,468
113000094,648,185,463
113000095,183,1255,-1072
113000096,124,1030,-906
113000097,740,311,429
113000098,79,22,57
113000099,724,221,503
113000100,151,421,-270
113000101,350,580,-230
113000102,390,227,163
113000103,2571,653,1918
113000104,300,2165,-1865
113000105,467,440,27
113000106,301,647,-346
113000107,513,880,-367
113000108,766,1571,-805
113000109,483,3201,-2718
113000110,1677,470,1207
113000111,112,652,-540
113000112,273,243,30
113000113,2414,274,2140
113000114,382,1404,-1022
113000116,765,217,548
113000117,829,158,671
113000118,147,451,-304
113000119,165,462,-297
113000120,38,225,-187
113000121,792,1015,-223
113000124,163,149,14
113000125,40,603,-563
113000127,3810,599,3211
113000128,529,532,-3
113000129,662,1372,-710
113000133,4195,1271,2924
113000134,7,824,-817
113000135,2706,2711,-5
113000137,2722,1679,1043
113000139,411,183,228
113000140,176,315,-139
113000141,485,163,322
113000142,1004,1068,-64
113000143,294,145,149
113000144,356,754,-398
113000145,63,148,-85
113000146,120,96,24
113000147,130,162,-32
113000148,72,210,-138
113000149,46,145,-99
113000150,473,404,69
113000151,112,72,40
113000152,65,199,-134
113000153,2009,675,1334
113000154,795,1296,-501
113000155,265,416,-151
113000156,166,501,-335
113000157,314,904,-590
113000158,576,255,321
113000159,866,626,240
113000160,645,1422,-777
113000161,225,755,-530
113000162,553,411,142
113000163,71,55,16
113000164,32,99,-67
113000166,46,55,-9
113000167,22,214,-192
113000168,54,271,-217
113000169,71,47,24
113000170,66,76,-10
113000171,55,130,-75
113000172,188,87,101
113000173,31,13,18
113000174,116,578,-462
113000175,281,101,180
113000176,293,116,177
113000177,129,487,-358
113000178,199,491,-292
113000179,234,122,112
113000180,628,1511,-883
113000181,771,1176,-405
113000182,230,287,-57
113000183,194,564,-370
113000184,12,109,-97
113000189,506,651,-145
113000190,1593,538,1055
113000192,2478,1378,1100
113000193,5224,862,4362
113000194,2079,1164,915
113000195,2314,557,1757
113000196,114,93,21
113000197,1527,932,595
113000198,40,339,-299
113000199,1373,425,948
113000201,424,229,195
113000202,3745,2347,1398
113000203,418,227,191
113000204,1986,1432,554
113000205,17,44,-27
113000206,13,28,-15
113000207,68,35,33
113000208,27,71,-44
113000209,22,32,-10
113000210,4,32,-28
113000211,265,157,108
113000212,240,21,219
113000213,24,92,-68
113000214,85,250,-165
113000234,183,1506,-1323
113000410,300,148,152
113000411,3149,4451,-1302
113000412,10287,2097,8190
113000413,4128,2542,1586
113000414,10857,12107,-1250
113000415,2811,2914,-103
113000416,11959,3962,7997
113000417,3863,3218,645
113000418,3812,2546,1266
113000419,1760,1938,-178
113000420,4200,3928,272
113000421,3979,4811,-832
113000422,17114,8129,8985
113000423,2534,3769,-1235
113000424,4346,6866,-2520
113000425,4,71,-67
113000428,823,57,766
113000430,119,104,15
113000432,1136,150,986
113000433,146,1203,-1057
113000434,12,417,-405
113000435,25,1060,-1035
113000436,66,1592,-1526
113000437,370,16,354
113000438,103,7,96
113000439,15,185,-170
113000440,62,25,37
113000441,126,229,-103
113000442,121,370,-249
113000443,79,362,-283
113000444,84,360,-276
113000445,65,170,-105
113000446,27,99,-72
113000448,159,138,21
113000449,328,1009,-681
113000450,758,2667,-1909
113000451,1463,164,1299
113000452,489,426,63
113000453,97,266,-169
113000454,1255,37,1218
113000455,22,115,-93
113000456,4084,2120,1964
113000468,2840,295,2545
113000469,382,149,233
113000470,597,92,505
113000471,17,395,-378
113000472,86,298,-212
113000474,318,739,-421
113000475,1373,1962,-589
113000476,780,1895,-1115
113000477,1900,2138,-238
113000478,3769,6771,-3002
113000479,73,294,-221
113000480,58,87,-29
113000483,0,0,0
113000485,0,0,0
113000486,0,0,0
113000487,0,0,0
113000488,0,0,0
113000489,3,1,2
113000490,0,1,-1
113000491,1,6,-5
113000492,1,2,-1
113000493,0,0,0
113000495,169,262,-93
113000496,69,67,2
113000499,0,0,0
113000500,0,4,-4
113900001,1,144,-143
113900002,4,280,-276
113900003,0,174,-174
113900004,0,35,-35
113900005,1,41,-40
113900006,0,45,-45
113900007,65,21,44
113900008,90,2,88
113900009,298,0,298
113900010,194,1,193
113900011,26,1,25
113900012,8,1,7
113900013,876,9,867
113900014,863,2,861
113900015,0,53,-53
113900016,17,0,17
113900017,4,58,-54
113900018,539,115,424
113900019,71,58,13
113900020,78,0,78
113900022,9,0,9
113900023,12,0,12
113900024,33,86,-53
113900025,364,21,343
113900026,42,0,42
113900027,3,83,-80
113900028,18,513,-495
113900029,61,333,-272
113900030,98,3,95
113900031,5,1,4
113900032,7,0,7
113900033,52,79,-27
113900035,38,0,38
113900036,11,112,-101
113900037,65,581,-516
113900038,38,85,-47
113900039,93,6,87
113900040,2,5,-3
113900041,2,3,-1
113900042,53,40,13
113900043,146,125,21
113900044,229,80,149
113900045,42,5,37
113900046,194,753,-559
113900047,19,166,-147
113900048,290,59,231
113900049,958,213,745
113900050,195,459,-264
113900051,171,458,-287
113900052,239,119,120
113900053,518,232,286
113900054,16,4,12
113900055,103,612,-509
113900056,62,181,-119
113900057,20,149,-129
113900058,24,235,-211
113900059,126,328,-202
113900060,142,307,-165
113900061,1141,115,1026
113900062,67,22,45
113900063,57,170,-113
113900064,21,179,-158
113900065,597,17,580
113900066,206,449,-243
113900067,50,384,-334
113900068,291,338,-47
113900069,97,27,70
113900070,178,504,-326
113900071,44,74,-30
113900072,62,214,-152
113900073,125,439,-314
113900074,37,564,-527
113900075,929,1050,-121
113900076,150,13,137
113900077,31,262,-231
113900078,39,58,-19
113900079,5,66,-61
113900080,274,143,131
113900081,45,214,-169
113900082,61,227,-166
113900083,161,894,-733
113900084,197,81,116
113900085,35,368,-333
113900086,16,19,-3
113900087,56,194,-138
113900088,39,91,-52
113900089,314,51,263
113900090,346,344,2
113900091,20,27,-7
113900092,44,92,-48
113900093,82,474,-392
113900094,246,609,-363
113900095,106,110,-4
113900096,125,58,67
113900097,31,149,-118
113900098,401,66,335
113900099,0,71,-71
113900100,0,3,-3
113900101,15,60,-45
113900102,89,80,9
113900103,197,247,-50
113900104,90,179,-89
113900105,61,466,-405
113900106,0,135,-135
113900107,0,26,-26
113900108,195,189,6
113900109,292,124,168
113900110,29,9,20
113900111,83,117,-34
113900112,89,121,-32
113900113,570,375,195
113900114,3,167,-164
113900115,3,128,-125
113900116,58,149,-91
113900117,70,19,51
113900118,140,314,-174
113900119,235,391,-156
113900120,39,25,14
113900121,55,122,-67
113900122,343,1403,-1060
113900123,361,129,232
113900124,4,110,-106
113900125,1317,214,1103
113900126,76,38,38
113900127,176,350,-174
113900128,72,86,-14
113900129,6,117,-111
113900130,1,24,-23
113900131,126,71,55
113900132,34,37,-3
113900133,18,34,-16
113900135,210,576,-366
113900136,73,70,3
113900137,277,205,72
113900138,52,145,-93
113900139,539,90,449
113900140,450,253,197
113900141,203,456,-253
113900142,56,70,-14
113900143,8,21,-13
113900144,408,141,267
113900145,185,209,-24
113900146,49,51,-2
113900148,121,222,-101
113900149,119,55,64
113900150,1045,803,242
113900151,189,183,6
113900152,26,51,-25
113900153,486,613,-127
113900154,1,82,-81
113900155,228,101,127
113900156,190,671,-481
113900157,23,201,-178
113900158,612,239,373
113900159,15,241,-226
113900160,406,795,-389
113900161,67,171,-104
113900162,827,630,197
113900163,227,225,2
113900164,197,56,141
113900165,499,473,26
113900166,243,142,101
113900167,247,56,191
113900168,149,147,2
113900169,177,421,-244
113900171,61,63,-2
113900172,8,242,-234
113900173,61,740,-679
113900174,368,764,-396
113900175,298,86,212
113900176,252,711,-459
113900177,201,206,-5
113900178,266,131,135
113900179,11,695,-684
113900180,156,121,35
113900181,405,103,302
113900182,500,1020,-520
113900183,47,65,-18
113900184,25,746,-721
113900185,173,88,85
113900186,23,49,-26
113900187,18,136,-118
113900188,76,177,-101
113900189,254,101,153
113900190,260,110,150
113900191,91,241,-150
113900192,6,266,-260
113900193,31,284,-253
113900194,2283,973,1310
113900195,338,510,-172
113900196,0,149,-149
113900197,3,292,-289
113900198,32,126,-94
113900199,248,709,-461
113900200,22,339,-317
113900201,0,290,-290
113900202,28,331,-303
113900203,1,241,-240
113900204,49,630,-581
113900205,7,216,-209
113900206,8,190,-182
113900207,2,53,-51
113900208,0,47,-47
113900209,0,104,-104
113900210,525,613,-88
113900211,153,40,113
113900212,103,672,-569
113900214,430,384,46
113900215,41,124,-83
113900216,89,1447,-1358
113900217,38,361,-323
113900218,122,40,82
113900219,100,560,-460
113900220,99,73,26
113900221,255,115,140
113900222,447,416,31
113900223,91,1344,-1253
113900224,116,66,50
113900225,835,222,613
113900226,282,133,149
113900227,326,194,132
113900228,424,294,130
113900229,54,587,-533
113900230,5085,1588,3497
113900231,138,229,-91
113900232,83,117,-34
113900233,30,54,-24
113900234,155,359,-204
113900235,43,36,7
113900236,60,405,-345
113900237,94,3,91
113900238,165,369,-204
113900239,44,44,0
113900240,5,105,-100
113900241,89,73,16
113900242,62,166,-104
113900243,126,368,-242
113900244,472,196,276
113900245,1380,253,1127
113900246,28,12,16
113900247,170,272,-102
113900248,3934,1151,2783
113900249,1386,278,1108
113900250,43,107,-64
113900251,352,248,104
113900252,318,13,305
113900253,445,40,405
113900254,560,109,451
113900255,292,19,273
113900256,299,27,272
113900257,40,832,-792
113900258,11,648,-637
113900259,299,229,70
113900260,100,8,92
113900261,21,136,-115
113900262,131,865,-734
113900263,154,556,-402
113900264,14,616,-602
113900265,109,317,-208
113900266,24,270,-246
113900267,102,512,-410
113900268,177,295,-118
113900269,51,129,-78
113900270,299,356,-57
113900271,517,1479,-962
113900273,18,8,10
113900274,22,7,15
113900275,21,49,-28
113900276,2,296,-294
113900277,49,2,47
113900278,345,157,188
113900279,100,112,-12
113900280,1103,459,644
113900281,357,991,-634
113900282,938,454,484
113900283,265,385,-120
113900284,864,203,661
113900285,73,30,43
113900286,23,126,-103
113900287,23,77,-54
113900288,4,92,-88
113900289,1694,100,1594
113900290,487,109,378
113900291,110,160,-50
113900292,3,7,-4
113900293,10,262,-252
113900294,322,22,300
113900295,383,270,113
113900296,2691,342,2349
113900297,771,27,744
113900298,4,1824,-1820
113900299,25,242,-217
113900300,6598,2449,4149
113900301,918,269,649
113900302,2718,648,2070
113900303,736,247,489
113900304,1,145,-144
113900305,55,0,55
113900306,19,1,18
113900307,66,0,66
113900308,103,125,-22
113900309,5,1119,-1114
113900310,0,26,-26
113900311,5,0,5
113900312,138,105,33
113900313,35,16,19
114000001,1082,3898,-2816
114000002,123,520,-397
114000003,27,359,-332
114000004,194,399,-205
114000005,139,257,-118
114000006,2932,2267,665
114000007,570,1508,-938
114000008,1423,1046,377
114000009,296,180,116
114000011,2163,3835,-1672
114000012,1348,3156,-1808
114000013,1148,2307,-1159
114000014,268,486,-218
114000015,845,587,258
114000016,196,580,-384
114000017,91,212,-121
114000018,507,91,416
114000026,840,1775,-935
114000027,1642,2282,-640
114000028,1660,2051,-391
114000038,96,154,-58
114000039,54,130,-76
114000040,45,152,-107
114000042,74,208,-134
114000043,19,219,-200
114000044,76,72,4
114000045,23,112,-89
114000046,2320,4888,-2568
114000047,28,87,-59
114000048,43,58,-15
114000049,1607,1142,465
114000050,1473,1203,270
114000051,3074,1484,1590
114000052,2782,1260,1522
114000053,37,521,-484
114000054,95,1783,-1688
114000055,176,38,138
114000056,1384,613,771
114000057,9352,2594,6758
114000058,643,656,-13
114000059,369,194,175
114000060,476,662,-186
114000061,3558,1441,2117
114000062,3081,778,2303
114000063,3429,1712,1717
114000064,9074,2662,6412
114000065,1826,2482,-656
114000066,289,705,-416
114000067,40,363,-323
114000068,372,460,-88
114000069,702,497,205
114000070,2333,1285,1048
114000071,408,875,-467
114000072,166,512,-346
114000073,13,145,-132
114000074,24,14,10
114000075,48,200,-152
114000076,16,213,-197
114000077,6,73,-67
114000078,110,1594,-1484
114000079,99,34,65
114000080,83,104,-21
114000081,27,111,-84
114000082,58,682,-624
114000083,48,392,-344
114000084,111,63,48
114000085,81,947,-866
114000086,139,747,-608
114000087,34,345,-311
114000088,25,67,-42
114000089,1835,528,1307
114000090,588,576,12
114000091,1414,470,944
114000092,815,308,507
114000093,814,568,246
114000094,248,339,-91
114000095,116,94,22
114000096,104,641,-537
114000097,146,1163,-1017
114000098,202,66,136
114000099,282,1270,-988
114000100,650,890,-240
114000101,300,1629,-1329
114000102,225,286,-61
114000103,95,539,-444
114000104,11,338,-327
114000105,37,46,-9
114000106,1047,419,628
114000107,115,132,-17
114000108,2597,1495,1102
114000109,239,568,-329
114000110,520,2025,-1505
114000111,783,575,208
114000112,378,1972,-1594
114000113,563,507,56
114000114,1094,1706,-612
114000115,1307,728,579
114000116,384,531,-147
114000117,1500,386,1114
114000118,1317,425,892
114000119,914,331,583
114000120,494,1144,-650
114000121,339,700,-361
114000122,272,241,31
114000123,808,229,579
114000124,410,327,83
114000125,747,2420,-1673
114000126,828,213,615
114000127,112,201,-89
114000128,605,610,-5
114000130,304,501,-197
114000131,84,54,30
114000132,548,779,-231
114000133,1126,1447,-321
114000134,44,244,-200
114000138,42,218,-176
114000139,365,110,255
114000144,568,322,246
114000145,86,188,-102
114000146,84,378,-294
114000147,815,1057,-242
114000148,2176,1246,930
114000149,272,193,79
114000150,763,472,291
114000151,811,846,-35
114000152,83,19,64
114000153,808,1205,-397
114000154,596,515,81
114000155,1303,1521,-218
114000156,708,420,288
114000157,218,756,-538
114000158,2390,714,1676
114000159,186,368,-182
114000160,149,202,-53
114000161,1463,1371,92
114000162,742,1022,-280
114000163,13,163,-150
114000165,201,172,29
114000166,594,224,370
114000167,4323,1107,3216
114000168,761,767,-6
114000169,1624,704,920
114000170,762,521,241
114000171,756,1091,-335
114000174,141,543,-402
114000176,577,386,191
114000177,2784,967,1817
114000178,20,82,-62
114000179,1192,664,528
114000180,494,624,-130
114000181,1445,2228,-783
114000182,7451,2399,5052
114000183,923,839,84
114000184,590,2055,-1465
114000185,875,939,-64
114000189,469,77,392
114000190,1250,180,1070
114000191,27,70,-43
114000192,390,1916,-1526
114000193,1204,4156,-2952
114000194,1003,1626,-623
114000195,90,21,69
114000196,2,484,-482
114000197,679,67,612
114000198,1260,421,839
114000199,1867,1125,742
114000200,494,2906,-2412
114000201,162,1270,-1108
114000202,851,1025,-174
114000203,346,1090,-744
114000204,117,509,-392
114000205,212,2085,-1873
114000206,404,1488,-1084
114000207,526,2892,-2366
114000208,444,4082,-3638
114000209,743,3915,-3172
114000210,380,2000,-1620
114000211,828,1694,-866
114000212,482,797,-315
114000213,904,686,218
114000214,67,251,-184
114000215,140,87,53
114000216,740,423,317
114000217,153,334,-181
114000218,76,422,-346
114000219,637,378,259
114000220,26,1754,-1728
114000221,415,119,296
114000222,255,1432,-1177
114000223,336,92,244
114000224,119,935,-816
114000225,195,631,-436
114000226,61,282,-221
114000227,511,419,92
114000228,622,988,-366
114000229,731,1393,-662
114000230,1230,1688,-458
114000231,608,1412,-804
114000232,374,141,233
114000233,1246,113,1133
114000234,818,1229,-411
114000235,724,1885,-1161
114000236,1,589,-588
114000237,86,1336,-1250
114000238,46,201,-155
114000239,185,1653,-1468
114000240,573,695,-122
114000241,238,1035,-797
114000242,947,934,13
114000243,1041,879,162
114000244,578,435,143
114000245,242,600,-358
114000246,133,41,92
114000247,535,733,-198
114000248,611,530,81
114000249,435,574,-139
114000250,298,708,-410
114000251,237,379,-142
114000252,41,128,-87
114000253,30,262,-232
114000254,22,128,-106
114000255,555,163,392
114000256,2886,852,2034
114000257,536,2086,-1550
114000258,185,656,-471
114000259,85,309,-224
114000260,1,45,-44
114000261,39,31,8
114000262,62,211,-149
114000263,11,6,5
114000264,507,880,-373
114000265,0,3,-3
114000267,2,1447,-1445
114000268,12,2745,-2733
114000270,95,1,94
114000271,413,157,256
114000283,610,512,98
114000285,49,376,-327
114000288,41,473,-432
114000289,759,92,667
114000293,70,376,-306
114000294,174,324,-150
114000395,1217,72,1145
114000396,264,333,-69
114000402,288,389,-101
114000403,184,656,-472
114000405,88,642,-554
114000423,96,635,-539
114000424,211,316,-105
114000425,258,732,-474
114000426,277,629,-352
114000427,34,112,-78
114000428,287,112,175
114000429,15,202,-187
114000432,49,124,-75
114000434,6,111,-105
114000435,3,151,-148
114000436,6046,1684,4362
114000437,312,1116,-804
114900001,327,1569,-1242
114900002,376,89,287
114900003,304,2557,-2253
114900004,105,206,-101
114900005,244,1130,-886
114900006,35,39,-4
114900007,109,7,102
114900008,51,60,-9
114900010,2757,1356,1401
114900011,59,113,-54
114900013,112,92,20
114900015,63,208,-145
114900018,719,35,684
114900020,90,66,24
114900022,5,813,-808
114900024,135,141,-6
114900025,211,254,-43
114900026,42,72,-30
114900027,112,245,-133
114900029,10,18,-8
114900030,123,219,-96
114900031,139,21,118
114900032,172,41,131
114900033,1440,271,1169
114900034,49,264,-215
114900035,155,267,-112
114900036,214,1281,-1067
114900037,82,283,-201
114900038,124,1161,-1037
114900039,368,824,-456
114900040,55,284,-229
114900041,288,726,-438
114900042,411,1100,-689
114900043,852,365,487
114900044,94,11,83
114900046,67,145,-78
114900047,220,1192,-972
114900048,58,253,-195
114900049,7,281,-274
114900050,18,722,-704
114900051,31,677,-646
114900052,71,262,-191
114900053,100,218,-118
114900054,36,131,-95
114900057,142,14,128
114900058,1,78,-77
114900059,20,25,-5
114900060,1492,413,1079
114900061,107,212,-105
114900062,257,269,-12
114900063,64,311,-247
114900064,696,804,-108
114900065,208,673,-465
114900067,28,419,-391
114900068,57,211,-154
114900069,255,223,32
114900070,253,783,-530
114900072,5,307,-302
114900073,3,173,-170
114900074,181,1182,-1001
114900075,132,4,128
114900076,5,341,-336
114900080,3400,421,2979
114900082,3936,1365,2571
114900083,863,841,22
114900090,169,174,-5
114900091,135,186,-51
114900095,437,123,314
114900096,471,606,-135
114900097,76,0,76
114900098,1,241,-240
114900099,86,1,85
115000001,9222,6746,2476
115000002,2713,2859,-146
115000003,3810,5009,-1199
115000004,2101,3729,-1628
115000005,1081,3235,-2154
115000006,473,1212,-739
115000007,36,132,-96
115000008,375,411,-36
115000009,132,328,-196
115000010,244,130,114
115000013,93,156,-63
115000015,72,190,-118
115000016,168,307,-139
115000019,10,437,-427
115000020,175,428,-253
115000021,348,435,-87
115000022,529,386,143
115000023,289,460,-171
115000024,1172,617,555
115000025,680,458,222
115000026,150,454,-304
115000027,136,292,-156
115000028,190,762,-572
115000029,359,173,186
115000030,452,1063,-611
115000031,799,275,524
115000032,8,277,-269
115000033,151,16,135
115000034,156,1231,-1075
115000035,963,72,891
115000036,0,466,-466
115000037,315,3,312
115000038,42,201,-159
115000039,3010,2125,885
115000040,7056,3613,3443
115000041,771,2165,-1394
115000042,908,710,198
115000043,2634,2825,-191
115000044,2902,4681,-1779
115000045,1737,2623,-886
115000046,1263,2810,-1547
115000047,1329,2026,-697
115000048,1225,3232,-2007
115000049,1410,2976,-1566
115000050,2452,1855,597
115000051,2018,1612,406
115000052,2917,1990,927
115000053,1170,1298,-128
115000054,797,1370,-573
115000055,163,365,-202
115000056,153,395,-242
115000057,258,486,-228
115000058,131,142,-11
115000059,238,107,131
115000061,171,114,57
115000062,173,322,-149
115000063,188,387,-199
115000064,194,198,-4
115000065,43,248,-205
115000067,243,23,220
115000069,35,468,-433
115000070,28,781,-753
115000071,105,10,95
115000072,15,74,-59
115000073,1230,96,1134
115000075,68,79,-11
115000076,3203,3844,-641
115000077,1242,4222,-2980
115000078,647,2159,-1512
115000079,876,2394,-1518
115000080,1530,3065,-1535
115000081,392,986,-594
115000082,2548,3034,-486
115000083,1448,3885,-2437
115000084,1030,1069,-39
115000085,555,1210,-655
115000086,569,1037,-468
115000087,615,1715,-1100
115000088,1413,616,797
115000089,1582,1751,-169
115000090,834,775,59
115000091,296,1400,-1104
115000092,311,348,-37
115000093,411,1,410
115000094,9859,5026,4833
115000095,7152,4355,2797
115000096,506,2581,-2075
115000097,543,809,-266
115000098,630,948,-318
115000099,1606,4034,-2428
115000100,582,640,-58
115000101,308,1738,-1430
115000102,317,196,121
115000103,335,1051,-716
115000105,58,257,-199
115000106,290,331,-41
115000107,116,644,-528
115000108,4337,3045,1292
115000109,6303,2811,3492
115000110,1180,899,281
115000111,606,1585,-979
115000112,494,549,-55
115000113,666,766,-100
115000114,1850,868,982
115000116,3411,1377,2034
115000117,3902,2002,1900
115000118,1774,1439,335
115000119,1612,1700,-88
115000120,627,760,-133
115000121,1674,876,798
115000122,4493,1342,3151
115000123,2312,1437,875
115000124,624,595,29
115000125,430,549,-119
115000126,139,313,-174
115000127,317,132,185
115000128,1235,808,427
115000129,213,147,66
115000130,253,1448,-1195
115000131,457,304,153
115000132,105,673,-568
115000133,276,421,-145
115000134,298,254,44
115000135,222,292,-70
115000136,135,216,-81
115000137,57,213,-156
115000138,157,260,-103
115000139,163,334,-171
115000140,147,252,-105
115000141,130,457,-327
115000142,81,456,-375
115000143,310,497,-187
115000144,351,121,230
115000145,152,540,-388
115000146,244,273,-29
115000147,419,667,-248
115000148,250,1749,-1499
115000149,323,213,110
115000150,689,1441,-752
115000151,441,481,-40
115000152,513,1997,-1484
115000153,578,469,109
115000154,411,339,72
115000155,568,1390,-822
115000156,867,547,320
115000157,979,1058,-79
115000158,778,381,397
115000159,731,482,249
115000160,591,752,-161
115000161,509,709,-200
115000162,608,494,114
115000163,642,575,67
115000164,564,481,83
115000165,336,369,-33
115000167,85,44,41
115000168,454,291,163
115000169,636,337,299
115000170,108,107,1
115000171,187,134,53
115000172,2109,595,1514
115000173,244,316,-72
115000174,37,227,-190
115000175,58,97,-39
115000176,169,145,24
115000177,272,151,121
115000178,15,286,-271
115000179,21,41,-20
115000180,52,867,-815
115000181,315,137,178
115000182,409,434,-25
115000183,263,1199,-936
115000186,508,321,187
115000187,156,810,-654
115000188,355,438,-83
115000189,258,503,-245
115000190,858,404,454
115000191,283,504,-221
115000194,237,120,117
115000195,263,200,63
115000196,78,133,-55
115000197,123,483,-360
115000198,199,279,-80
115000199,122,407,-285
115000200,213,111,102
115000201,107,456,-349
115000206,224,125,99
115000207,58,419,-361
115000208,707,907,-200
115000209,453,169,284
115000210,102,96,6
115000211,200,277,-77
115000212,1484,290,1194
115000224,191,58,133
115000225,64,59,5
115000229,293,192,101
115000230,82,557,-475
115000231,297,3066,-2769
115000232,797,413,384
115000233,111,261,-150
115000234,14,295,-281
115000241,66,374,-308
115000242,74,393,-319
115000243,22,334,-312
115000244,11,112,-101
115000246,39,12,27
115000247,14,11,3
115000248,20,5,15
115000249,59,15,44
115000250,168,79,89
115000251,105,176,-71
115000252,49,153,-104
115000253,13,177,-164
115000258,156,219,-63
115000259,361,168,193
115000261,10,29,-19
115000262,5,12,-7
115000263,11,39,-28
115000264,9,34,-25
115000267,66,57,9
115000268,47,119,-72
115000269,104,68,36
115000270,5,22,-17
115000272,67,190,-123
115000273,388,25,363
115000280,2925,141,2784
115000281,1052,246,806
115000282,2250,551,1699
115000284,249,58,191
115000296,680,2,678
115000297,209,109,100
115000298,94,234,-140
115000300,77,254,-177
115000302,156,275,-119
115000303,363,201,162
115000304,495,90,405
115000305,68,1521,-1453
115000306,92,756,-664
115000307,73,369,-296
115000308,58,29,29
115000309,12,11,1
115000310,599,1336,-737
115000311,455,1517,-1062
115000313,109,955,-846
115000314,217,70,147
115000315,1243,332,911
115000316,32,106,-74
115000317,146,766,-620
115000318,647,239,408
115000319,54,337,-283
115000320,13,282,-269
115000321,401,3,398
115000322,68,341,-273
115000449,408,145,263
115000557,0,628,-628
115000558,176,59,117
115000587,289,350,-61
115000588,2106,4139,-2033
115000589,2375,2637,-262
115000590,791,1869,-1078
115000591,908,735,173
115000592,657,1620,-963
115000593,1282,615,667
115000594,960,1500,-540
115000609,79,100,-21
115000617,2652,1623,1029
115000624,171,117,54
115000633,393,1910,-1517
115000634,2525,1020,1505
115000635,236,158,78
115000638,1403,714,689
115000641,49,135,-86
115000642,415,301,114
115000643,137,486,-349
115000644,99,436,-337
115000646,671,1039,-368
115000647,141,528,-387
115000648,995,1795,-800
115000893,3190,1081,2109
115000894,101,1257,-1156
115000895,315,877,-562
115000896,843,349,494
115000897,429,84,345
115000898,734,239,495
115000899,1040,1031,9
115000900,113,375,-262
115000901,80,78,2
115000912,183,78,105
115000913,3,36,-33
115000915,25,2,23
115000916,1,0,1
115000917,0,2,-2
115000918,85,207,-122
115000919,12,7,5
115000920,13,42,-29
115000921,1704,94,1610
115000922,781,487,294
115000923,412,739,-327
115000925,37,54,-17
115000927,13,30,-17
115000933,248,126,122
115000934,96,247,-151
115000935,91,121,-30
115000936,32,243,-211
115000937,738,114,624
115000938,75,93,-18
115000939,65,86,-21
115900001,38,85,-47
115900002,80,220,-140
115900003,100,143,-43
115900004,0,56,-56
115900005,107,6,101
115900006,86,465,-379
115900008,18,20,-2
115900009,66,346,-280
115900010,145,252,-107
115900011,300,300,0
115900012,61,132,-71
115900013,448,227,221
115900014,132,193,-61
115900015,39,152,-113
115900016,80,31,49
115900017,6,0,6
115900018,153,105,48
115900019,725,20,705
115900020,38,1,37
115900021,1875,138,1737
115900022,2336,11,2325
115900023,37,1,36
115900025,69,247,-178
115900026,911,414,497
115900027,0,455,-455
115900028,607,58,549
115900029,3,645,-642
115900030,91,12,79
115900031,275,177,98
115900032,315,968,-653
115900033,0,40,-40
115900034,21,708,-687
115900035,50,136,-86
115900036,242,329,-87
115900037,35,658,-623
115900038,15,10,5
115900039,108,381,-273
115900041,398,309,89
115900042,14,13,1
115900043,55,170,-115
115900044,255,231,24
115900046,202,313,-111
115900047,98,62,36
115900049,103,248,-145
115900051,1,40,-39
115900052,17,316,-299
115900053,124,313,-189
115900054,100,30,70
115900055,12,189,-177
115900056,100,494,-394
115900057,6,3,3
115900058,38,82,-44
115900060,73,182,-109
115900061,112,1,111
115900062,17,389,-372
115900063,42,13,29
115900064,122,224,-102
115900065,59,155,-96
115900066,179,255,-76
115900067,4,1053,-1049
115900068,4289,342,3947
115900069,51,169,-118
115900070,87,332,-245
115900071,1,825,-824
115900072,79,247,-168
115900073,29,50,-21
115900074,8,415,-407
115900075,17,408,-391
115900076,7,103,-96
115900077,4,431,-427
115900078,40,163,-123
115900079,99,9,90
115900080,664,278,386
115900081,16,97,-81
115900082,204,172,32
115900084,179,57,122
115900085,86,65,21
115900086,1806,535,1271
115900088,35,32,3
115900089,128,901,-773
115900090,119,25,94
115900091,4,17,-13
115900092,17,290,-273
115900093,3,25,-22
115900094,7,551,-544
115900096,0,16,-16
115900097,12,684,-672
115900098,108,621,-513
115900099,31,120,-89
115900100,9,687,-678
115900101,134,603,-469
115900102,16,113,-97
115900103,237,344,-107
115900104,24,203,-179
115900105,59,810,-751
115900106,25,20,5
115900107,22,322,-300
115900108,50,31,19
115900109,44,472,-428
115900110,0,31,-31
115900111,1,77,-76
115900112,25,1093,-1068
115900113,28,29,-1
115900114,8,204,-196
115900115,46,146,-100
115900116,55,1352,-1297
115900117,51,21,30
115900118,1,489,-488
115900119,116,97,19
115900120,21,455,-434
115900121,93,273,-180
115900124,194,363,-169
115900125,160,56,104
115900126,416,86,330
115900127,388,40,348
115900128,1,60,-59
115900129,547,43,504
115900130,38,148,-110
115900131,185,22,163
115900132,197,12,185
115900134,188,18,170
115900135,521,587,-66
115900137,7,3,4
115900139,67,76,-9
115900140,121,15,106
115900141,13,69,-56
115900142,7,20,-13
115900143,139,331,-192
115900144,47,234,-187
115900146,10,176,-166
115900147,161,222,-61
115900148,9,6,3
115900149,35,36,-1
115900150,18,67,-49
115900151,18,56,-38
115900152,73,422,-349
115900153,76,274,-198
115900154,755,286,469
115900155,0,129,-129
115900156,387,800,-413
115900157,65,484,-419
115900158,34,5,29
115900159,33,301,-268
115900160,11,3,8
115900161,79,242,-163
115900163,115,139,-24
115900164,186,72,114
115900165,1,98,-97
115900166,220,279,-59
115900168,32,145,-113
115900171,76,481,-405
115900172,32,149,-117
115900173,124,172,-48
115900174,304,183,121
115900175,67,168,-101
115900178,6,928,-922
115900179,139,16,123
115900180,66,455,-389
115900181,144,291,-147
115900182,234,383,-149
115900183,92,34,58
115900184,1484,30,1454
115900187,5,82,-77
115900189,2,116,-114
115900190,548,756,-208
115900191,55,512,-457
115900192,6,80,-74
115900193,73,87,-14
115900194,336,35,301
115900195,573,898,-325
115900198,187,215,-28
115900199,118,267,-149
115900200,306,420,-114
115900201,488,227,261
115900202,1,21,-20
115900203,1,15,-14
115900204,1,1,0
115900205,40,6,34
115900206,80,163,-83
115900207,11,15,-4
115900208,62,430,-368
115900209,1,147,-146
115900210,3,168,-165
115900211,0,223,-223
115900212,67,256,-189
115900213,24,42,-18
115900214,204,268,-64
115900215,22,39,-17
115900216,11,98,-87
115900217,11,107,-96
115900218,0,69,-69
115900219,50,14,36
115900220,73,13,60
115900221,33,12,21
115900222,34,18,16
115900223,3,143,-140
115900224,1701,423,1278
115900225,65,44,21
115900226,52,54,-2
115900227,14,46,-32
115900228,3,51,-48
115900229,1,56,-55
115900230,45,117,-72
115900231,95,3,92
115900232,30,3,27
115900233,45,8,37
115900234,36,34,2
115900235,3,26,-23
115900236,23,17,6
115900237,16,32,-16
115900238,7,9,-2
115900239,19,28,-9
115900240,4,68,-64
115900241,117,62,55
115900242,187,179,8
115900243,14,6,8
115900244,19,11,8
115900245,24,19,5
115900246,15,3,12
115900247,6,8,-2
115900248,10,5,5
115900249,3,10,-7
115900250,5,9,-4
115900251,0,6,-6
115900252,0,3,-3
115900253,4,12,-8
115900254,15,17,-2
115900255,7,13,-6
115900256,18,12,6
115900257,1,5,-4
115900258,0,3,-3
115900259,5,2,3
115900260,21,1,20
115900261,13,0,13
115900262,1,1,0
115900263,3,9,-6
115900264,6,14,-8
115900265,0,15,-15
115900266,4,4,0
115900267,4,6,-2
115900268,5,8,-3
115900269,198,465,-267
115900270,226,880,-654
115900271,31,0,31
115900272,5,0,5
115900273,5,6,-1
115900274,1,25,-24
115900275,0,59,-59
115900276,1,109,-108
115900277,2,145,-143
115900278,17,109,-92
115900279,14,165,-151
115900280,14,191,-177
115900281,516,131,385
115900282,25,10,15
115900283,0,0,0
115900284,0,0,0
116000001,18308,5183,13125
116000002,4202,5472,-1270
116000003,1433,1904,-471
116000004,1445,1817,-372
116000005,2768,3575,-807
116000006,1830,1233,597
116000007,4353,4555,-202
116000008,4127,1880,2247
116000009,1743,2859,-1116
116000010,1248,1016,232
116000011,785,1938,-1153
116000012,758,546,212
116000013,17287,4563,12724
116000014,20029,6995,13034
116000015,681,876,-195
116000016,9025,2178,6847
116000017,22,417,-395
116000018,862,407,455
116000019,536,312,224
116000020,412,1288,-876
116000021,310,288,22
116000022,270,556,-286
116000023,635,536,99
116000024,702,1642,-940
116000025,654,533,121
116000026,1636,2682,-1046
116000027,652,603,49
116000028,374,582,-208
116000029,980,511,469
116000030,451,398,53
116000031,165,203,-38
116000032,294,300,-6
116000033,295,586,-291
116000034,576,995,-419
116000035,302,621,-319
116000036,2083,603,1480
116000037,693,510,183
116000038,554,262,292
116000039,740,352,388
116000040,939,608,331
116000041,376,605,-229
116000042,460,402,58
116000043,120,480,-360
116000044,10,105,-95
116000045,1525,1077,448
116000046,1123,924,199
116000047,2099,1838,261
116000048,1821,1713,108
116000049,1066,1808,-742
116000050,1290,1286,4
116000051,3110,1614,1496
116000052,3615,3488,127
116000053,1513,1040,473
116000054,669,2094,-1425
116000055,338,1304,-966
116000056,545,1083,-538
116000057,2594,2046,548
116000058,2894,1904,990
116000059,2449,4269,-1820
116000060,2898,801,2097
116000061,430,666,-236
116000062,615,273,342
116000063,489,1077,-588
116000066,145,473,-328
116000067,279,522,-243
116000068,176,221,-45
116000069,266,494,-228
116000078,236,953,-717
116000080,1166,1049,117
116000082,19,123,-104
116000083,943,333,610
116000084,2589,4244,-1655
116000085,1602,1132,470
116000086,2508,1343,1165
116000087,886,1125,-239
116000088,962,1743,-781
116000089,148,107,41
116000090,122,130,-8
116000091,249,73,176
116000093,525,1217,-692
116000094,354,760,-406
116000095,503,919,-416
116000096,522,1315,-793
116000097,468,896,-428
116000098,330,4027,-3697
116000099,10965,380,10585
116000100,106,10,96
116000101,502,1994,-1492
116000102,176,1735,-1559
116000103,498,240,258
116000104,208,1950,-1742
116000105,689,229,460
116000106,317,1355,-1038
116000107,1480,538,942
116000108,144,189,-45
116000111,96,19,77
116000113,90,85,5
116000114,34,166,-132
116000115,172,81,91
116000116,203,687,-484
116000117,852,1801,-949
116000118,960,1787,-827
116000119,1843,1557,286
116000120,2420,5159,-2739
116000121,492,392,100
116000122,1443,2872,-1429
116000123,508,464,44
116000124,309,1456,-1147
116000125,1618,602,1016
116000126,300,1808,-1508
116000127,1137,1930,-793
116000128,1031,747,284
116000129,652,221,431
116000130,253,306,-53
116000133,384,958,-574
116000134,1328,3365,-2037
116000135,1107,1264,-157
116000136,909,2849,-1940
116000137,521,518,3
116000138,1359,453,906
116000139,1457,2612,-1155
116000140,81,224,-143
116000141,380,1227,-847
116000142,4245,4371,-126
116000143,1855,1340,515
116000144,992,3446,-2454
116000145,1405,1555,-150
116000146,264,520,-256
116000147,220,128,92
116000148,301,414,-113
116000149,281,528,-247
116000151,513,1152,-639
116000153,51,419,-368
116000155,238,210,28
116000156,745,2000,-1255
116000157,36,35,1
116000158,341,343,-2
116000159,11,24,-13
116000160,7,171,-164
116000161,7,143,-136
116000162,42,70,-28
116000163,13,11,2
116000164,13,11,2
116000177,223,104,119
116000194,48,489,-441
116000195,1538,670,868
116000196,18,13,5
116000197,3,13,-10
116000198,2762,1125,1637
116000200,788,197,591
116000201,649,678,-29
116000202,2,383,-381
116000203,8,123,-115
116000204,12,53,-41
116000205,0,166,-166
116000206,0,99,-99
116000207,0,33,-33
116000233,114,990,-876
116000287,143,722,-579
116000288,98,266,-168
116000292,47,231,-184
116000296,12,405,-393
116000297,50,11,39
116000304,53,56,-3
116000305,8,150,-142
116000346,145,225,-80
116000352,161,64,97
116000354,69,17,52
116000357,21,7,14
116000358,128,39,89
116000361,100,0,100
116000372,9493,2437,7056
116000381,52,1,51
116000388,1,43,-42
116000389,522,641,-119
116000445,227,935,-708
116000446,263,1394,-1131
116000447,19,520,-501
116000448,614,290,324
116000563,853,686,167
116000565,91,575,-484
116000566,1,26,-25
116000568,80,175,-95
116000579,18,162,-144
116000584,10,11,-1
116000585,5,21,-16
116000586,315,133,182
116000587,408,611,-203
116000589,14,110,-96
116000590,48,70,-22
116000591,109,292,-183
116000592,10,220,-210
116000593,0,64,-64
116000594,312,770,-458
116000595,540,214,326
116000596,33,10,23
116000597,158,54,104
116000598,9,263,-254
116000602,79,411,-332
116000605,240,216,24
116000606,28,170,-142
116000607,7,86,-79
116000609,187,624,-437
116000611,71,682,-611
116000612,520,1687,-1167
116000613,277,334,-57
116000614,435,1047,-612
116000615,0,127,-127
116000616,30,176,-146
116000617,74,132,-58
116000618,4,211,-207
116000619,23,58,-35
116000620,59,29,30
116000621,24,118,-94
116000622,33,156,-123
116000624,95,88,7
116000627,16,45,-29
116000628,13,1296,-1283
116000629,18,872,-854
116000630,158,150,8
116000631,48,103,-55
116000632,157,591,-434
116000633,39,863,-824
116000634,134,66,68
116000635,2338,1272,1066
116000636,1019,967,52
116000637,108,13,95
116000638,10,709,-699
116900001,187,119,68
116900002,291,4,287
116900003,17,97,-80
116900004,24,52,-28
116900005,150,54,96
116900006,166,139,27
116900007,76,218,-142
116900008,264,565,-301
116900009,12,1,11
116900010,3,1758,-1755
116900011,10,52,-42
116900012,180,252,-72
116900013,5,326,-321
116900014,48,539,-491
116900015,153,116,37
116900016,111,2,109
116900017,4,916,-912
116900018,33,73,-40
116900019,1,544,-543
116900020,2281,404,1877
116900023,77,11,66
116900024,303,74,229
116900025,482,1343,-861
116900026,208,895,-687
116900027,15,54,-39
116900028,0,165,-165
116900029,1,21,-20
116900031,0,13,-13
116900032,4,475,-471
116900033,11,3,8
116900034,6,95,-89
116900035,87,251,-164
116900036,1,126,-125
116900038,14,4,10
116900041,65,13,52
116900042,1090,225,865
116900043,11,67,-56
116900047,109,73,36
116900049,39,365,-326
116900050,59,515,-456
116900051,34,357,-323
116900052,151,104,47
116900055,0,2,-2
116900057,9,388,-379
116900058,25,452,-427
116900059,0,240,-240
116900060,186,288,-102
116900062,1,7,-6
116900064,69,1260,-1191
116900065,21,134,-113
116900067,70,169,-99
116900068,108,429,-321
116900070,1,2,-1
116900072,9,701,-692
116900073,2,258,-256
116900074,7,87,-80
116900076,7,33,-26
116900077,12,262,-250
116900078,222,204,18
116900079,42,504,-462
116900080,9,19,-10
116900081,353,1697,-1344
116900082,259,953,-694
116900083,43,84,-41
116900084,155,50,105
116900085,12,188,-176
116900086,46,299,-253
116900088,496,62,434
116900090,149,77,72
116900091,146,111,35
116900092,86,915,-829
116900093,1832,1847,-15
116900094,6972,2362,4610
116900095,255,247,8
116900096,124,136,-12
116900097,4619,1723,2896
116900098,914,232,682
116900099,721,418,303
116900100,429,16,413
116900101,268,777,-509
116900103,4,2,2
116900104,26,73,-47
116900105,221,36,185
116900106,783,837,-54
116900107,5078,1432,3646
116900110,8,0,8
116900111,181,1491,-1310
116900112,140,1393,-1253
116900113,3732,1027,2705
116900116,112,306,-194
116900117,26,140,-114
116900118,1066,765,301
116900120,112,165,-53
116900121,20,36,-16
116900122,355,1156,-801
116900123,102,1132,-1030
116900124,170,1049,-879
116900125,175,331,-156
116900126,339,550,-211
116900128,0,63,-63
116900129,3,390,-387
116900130,1283,1900,-617
116900131,71,172,-101
116900132,15,55,-40
116900133,65,127,-62
116900134,120,209,-89
116900136,139,214,-75
116900137,239,213,26
116900138,102,252,-150
116900139,70,459,-389
116900140,141,186,-45
116900141,433,410,23
116900142,1,42,-41
116900143,201,540,-339
116900144,19,56,-37
116900145,68,413,-345
116900147,579,259,320
116900148,0,30,-30
116900149,15,137,-122
116900150,10,12,-2
116900151,106,15,91
116900153,67,36,31
116900154,687,204,483
116900155,66,56,10
116900157,193,447,-254
116900158,47,100,-53
116900159,31,231,-200
116900160,700,291,409
116900161,10198,3675,6523
116900162,17,178,-161
116900163,72,217,-145
116900164,34,54,-20
116900165,162,100,62
116900166,17,138,-121
116900167,255,68,187
116900168,148,86,62
116900169,702,210,492
116900170,191,196,-5
116900171,26,319,-293
116900172,227,102,125
116900173,79,75,4
116900174,17,18,-1
116900175,169,91,78
116900178,18,222,-204
116900179,80,118,-38
116900180,46,32,14
116900182,319,199,120
116900183,73,90,-17
116900185,8,8,0
116900186,84,480,-396
116900187,15,21,-6
116900188,93,20,73
116900189,58,0,58
116900191,302,381,-79
116900192,134,309,-175
116900194,90,607,-517
116900195,25,4,21
116900196,30,120,-90
116900197,32,1,31
116900198,326,165,161
116900200,21,34,-13
116900201,49,7,42
116900202,157,66,91
116900203,147,5,142
116900204,43,67,-24
116900206,2,42,-40
116900207,29,34,-5
116900208,10,249,-239
116900209,16,203,-187
116900210,286,200,86
116900211,155,5,150
116900212,31,108,-77
116900213,185,242,-57
116900214,73,149,-76
116900215,34,124,-90
116900216,158,474,-316
116900218,12,428,-416
116900219,967,362,605
116900220,66,196,-130
116900221,57,275,-218
116900222,347,288,59
116900223,96,191,-95
116900226,33,117,-84
116900227,107,81,26
116900228,194,332,-138
116900230,45,491,-446
116900231,10,628,-618
116900232,7,641,-634
116900233,103,101,2
116900234,12,4,8
116900235,122,421,-299
116900238,1471,344,1127
116900239,17,907,-890
116900240,7574,2523,5051
116900241,53,219,-166
116900242,479,251,228
116900243,1,156,-155
116900245,27,10,17
116900246,36,7,29
116900247,310,13,297
116900248,76,21,55
116900249,110,165,-55
116900250,150,35,115
116900251,493,231,262
116900252,57,1200,-1143
116900253,83,98,-15
116900254,29,76,-47
116900255,46,33,13
116900256,192,71,121
116900257,9,818,-809
116900258,2,437,-435
116900259,60,5,55
116900260,0,174,-174
116900261,16,4,12
116900262,73,142,-69
116900263,0,16,-16
116900264,3,4,-1
116900265,10,0,10
116900266,10,99,-89
116900267,2,2,0
116900268,8,11,-3
116900269,272,560,-288
116900271,2780,64,2716
116900272,576,642,-66
116900273,265,40,225
116900274,60,81,-21
116900275,95,151,-56
116900276,1453,43,1410
116900277,843,12,831
116900278,8,23,-15
116900279,0,25,-25
116900280,4,40,-36
116900281,9225,2389,6836
116900282,7,215,-208
116900283,20,207,-187
116900284,16,292,-276
116900285,413,215,198
116900286,287,12,275
116900287,5,126,-121
116900288,23,171,-148
116900289,5,38,-33
116900290,3,37,-34
116900291,6,25,-19
116900292,1,9,-8
116900293,23,112,-89
116900294,36,130,-94
116900295,168,152,16
116900296,25,63,-38
116900297,3,60,-57
116900298,95,33,62
116900299,58,67,-9
116900300,9,442,-433
116900301,57,79,-22
116900302,40,37,3
116900303,543,55,488
116900304,0,106,-106
116900305,27,55,-28
116900306,60,141,-81
117000001,1314,1088,226
117000002,1657,4166,-2509
117000003,6481,2551,3930
117000004,4624,5631,-1007
117000005,1293,1356,-63
117000006,1119,4302,-3183
117000007,2258,1160,1098
117000008,1348,5329,-3981
117000009,3778,1520,2258
117000010,2747,5129,-2382
117000011,1238,1867,-629
117000012,1171,2052,-881
117000013,922,1266,-344
117000014,797,2852,-2055
117000015,2848,1175,1673
117000016,639,74,565
117000017,493,201,292
117000018,149,342,-193
117000019,152,2,150
117000020,803,1115,-312
117000021,3692,471,3221
117000022,614,66,548
117000023,661,118,543
117000024,659,87,572
117000025,1099,687,412
117000026,3241,780,2461
117000027,3632,1534,2098
117000028,4443,794,3649
117000030,896,636,260
117000031,438,193,245
117000032,1854,1684,170
117000033,1147,803,344
117000034,301,409,-108
117000035,205,193,12
117000036,388,408,-20
117000037,173,196,-23
117000038,264,554,-290
117000039,327,316,11
117000040,147,1687,-1540
117000041,460,164,296
117000044,28,1513,-1485
117000045,334,69,265
117000046,502,855,-353
117000047,536,443,93
117000048,2183,1828,355
117000049,167,449,-282
117000050,114,3456,-3342
117000051,1405,146,1259
117000052,17,801,-784
117000053,158,120,38
117000054,1226,6,1220
117000055,20,4578,-4558
117000056,444,23,421
117000057,714,2678,-1964
117000060,407,2046,-1639
117000061,1232,805,427
117000062,213,680,-467
117000063,1349,681,668
117000064,875,851,24
117000066,1445,1018,427
117000067,152,352,-200
117000074,170,217,-47
117000076,105,46,59
117000077,141,101,40
117000078,121,686,-565
117000079,239,189,50
117000080,2,376,-374
117000081,709,129,580
117000082,19,63,-44
117000083,81,14,67
117000084,374,5,369
117000085,197,602,-405
117000086,1227,808,419
117000087,108,690,-582
117000088,200,184,16
117000089,1189,359,830
117000090,214,1899,-1685
117000091,498,318,180
117000092,381,2144,-1763
117000093,873,678,195
117000094,788,3283,-2495
117000095,2112,822,1290
117000096,593,3230,-2637
117000097,935,1226,-291
117000098,3013,7094,-4081
117000099,2160,927,1233
117000100,156,155,1
117000101,269,1785,-1516
117000102,1364,625,739
117000103,788,2410,-1622
117000104,1071,585,486
117000105,839,2488,-1649
117000106,887,937,-50
117000107,521,2787,-2266
117000108,1155,994,161
117000109,1875,3717,-1842
117000110,1312,878,434
117000111,3511,5312,-1801
117000112,2528,2303,225
117000113,138,429,-291
117000114,120,142,-22
117000115,61,214,-153
117000116,71,255,-184
117000117,1528,532,996
117000118,272,156,116
117000119,512,65,447
117000120,364,137,227
117000121,242,516,-274
117000122,778,842,-64
117000123,2020,24,1996
117000124,859,32,827
117000125,402,54,348
117000126,94,43,51
117000127,240,405,-165
117000128,514,661,-147
117000129,601,207,394
117000130,166,2,164
117000131,0,169,-169
117000132,1456,47,1409
117000133,737,141,596
117000134,2,75,-73
117000135,7,28,-21
117000136,2,45,-43
117000137,32,61,-29
117000138,2,723,-721
117000140,512,2021,-1509
117000141,1406,558,848
117000181,1194,517,677
117000182,269,203,66
117000195,207,1744,-1537
117000196,157,83,74
117000225,176,0,176
117000226,11,107,-96
117000276,213,13,200
117000277,3,852,-849
117000310,2362,2972,-610
117000315,43,818,-775
117000320,68,0,68
117000906,132,7,125
117000907,10,558,-548
117000908,105,12,93
117000909,80,18,62
117000910,175,157,18
117000911,110,213,-103
117000915,10,752,-742
117000916,9,3,6
117000917,570,19,551
117000918,19,59,-40
117000919,4,140,-136
117000920,10,2044,-2034
117000921,14,2785,-2771
117000922,72,168,-96
117000924,287,630,-343
117000926,1484,84,1400
117000927,2312,446,1866
117000928,1,358,-357
117000929,74,695,-621
117000930,92,24,68
117000931,725,78,647
117900002,124,417,-293
117900003,1071,496,575
117900005,4,7,-3
117900006,0,24,-24
117900007,81,219,-138
117900008,0,37,-37
117900010,318,154,164
117900011,67,10,57
117900012,46,210,-164
117900013,2,405,-403
117900014,405,299,106
117900015,14,233,-219
117900016,1584,478,1106
117900017,404,567,-163
117900018,286,40,246
117900019,244,634,-390
117900020,61,277,-216
117900021,31,166,-135
117900022,19,23,-4
117900023,761,268,493
117900024,85,182,-97
117900025,44,15,29
117900026,267,659,-392
117900028,74,8,66
117900029,200,1286,-1086
117900030,277,181,96
117900031,253,110,143
117900032,547,451,96
117900033,144,1067,-923
117900034,25,57,-32
117900035,115,61,54
117900036,147,804,-657
117900037,66,168,-102
117900038,34,565,-531
117900039,6,105,-99
117900040,102,807,-705
117900041,5,72,-67
117900042,5460,425,5035
117900043,42,57,-15
117900044,103,2593,-2490
117900045,136,87,49
117900048,139,365,-226
117900049,94,797,-703
117900050,10,33,-23
117900051,55,1,54
117900052,50,311,-261
117900053,714,831,-117
117900054,4,17,-13
117900055,174,149,25
117900056,554,47,507
117900057,874,1456,-582
117900058,144,8,136
117900059,513,104,409
117900060,931,6826,-5895
117900061,9,208,-199
117900063,276,278,-2
117900065,818,1392,-574
117900066,10,40,-30
117900067,282,414,-132
117900069,508,623,-115
117900070,367,10,357
117900071,85,139,-54
117900073,213,549,-336
117900074,216,4,212
117900075,53,75,-22
117900076,15,51,-36
117900077,164,180,-16
117900078,228,388,-160
117900080,205,73,132
117900081,570,516,54
117900082,260,244,16
117900083,190,833,-643
117900086,53,58,-5
117900087,31,62,-31
117900088,2925,2227,698
117900089,1104,422,682
117900090,256,1070,-814
117900091,204,167,37
117900092,42,47,-5
117900093,41,84,-43
117900094,25,11,14
117900095,231,798,-567
117900096,41,280,-239
117900097,295,105,190
117900098,13,5,8
117900099,106,588,-482
117900100,78,0,78
117900101,489,1015,-526
117900102,29,95,-66
117900103,22,0,22
117900104,9,181,-172
117900105,147,243,-96
117900106,68,77,-9
117900107,14,0,14
117900109,272,337,-65
117900110,20,0,20
117900111,174,9,165
117900112,39,14,25
117900113,4820,1778,3042
117900114,7,0,7
117900115,406,30,376
117900116,804,905,-101
117900117,298,413,-115
117900118,11,0,11
117900119,95,405,-310
117900120,109,163,-54
117900121,46,26,20
117900122,1223,1647,-424
117900123,620,976,-356
117900124,729,758,-29
117900125,1233,905,328
117900126,326,676,-350
117900127,308,766,-458
117900128,194,1123,-929
117900129,24,1,23
117900130,943,429,514
117900131,0,126,-126
117900132,8,150,-142
117900133,5,193,-188
117900134,46,340,-294
117900135,16,275,-259
117900136,0,75,-75
117900137,33,450,-417
117900138,1,81,-80
117900139,37,163,-126
117900140,5988,310,5678
117900141,272,307,-35
117900142,60,8,52
117900144,135,161,-26
117900145,81,5,76
117900146,195,153,42
117900147,29,54,-25
117900148,3395,906,2489
117900149,30,213,-183
117900150,26,135,-109
117900151,15,168,-153
117900152,149,83,66
117900153,11,128,-117
117900154,259,809,-550
117900156,753,816,-63
117900157,57,478,-421
117900158,124,71,53
117900160,343,316,27
117900161,2885,2909,-24
117900162,221,390,-169
117900163,75,10,65
117900165,1,14,-13
117900166,122,196,-74
117900168,29,185,-156
117900169,1,146,-145
117900170,0,30,-30
117900171,2,15,-13
117900172,8,56,-48
117900173,164,64,100
117900174,29,67,-38
117900175,1,44,-43
117900176,0,62,-62
117900177,10,66,-56
117900178,85,33,52
117900180,312,19,293
117900181,169,255,-86
117900182,2,25,-23
117900183,40,196,-156
117900184,7,66,-59
117900185,18,38,-20
117900186,50,25,25
117900187,12,10,2
117900188,230,21,209
117900189,54,17,37
117900190,12,1,11
117900191,82,2,80
117900192,155,1,154
117900193,7,71,-64
117900194,5,5,0
117900195,30,30,0
117900196,12,26,-14
117900207,116,97,19
117900208,40,44,-4
117900209,162,174,-12
117900210,150,153,-3
117900211,13,253,-240
117900212,108,211,-103
117900213,12,18,-6
117900214,4,74,-70
117900215,6,46,-40
117900216,56,17,39
117900217,131,43,88
117900218,187,224,-37
117900219,5,39,-34
117900220,121,84,37
117900222,124,319,-195
117900223,109,182,-73
118000001,766,421,345
118000002,1320,2003,-683
118000003,1775,1256,519
118000004,2659,2059,600
118000005,7442,2584,4858
118000006,9854,7665,2189
118000007,7856,2658,5198
118000008,5752,3237,2515
118000009,2237,3080,-843
118000010,3857,4374,-517
118000011,861,3197,-2336
118000012,1064,3367,-2303
118000013,3434,3333,101
118000014,2141,3541,-1400
118000016,236,492,-256
118000017,264,322,-58
118000018,300,610,-310
118000019,2070,1243,827
118000020,1499,1478,21
118000021,617,1817,-1200
118000022,1847,611,1236
118000023,1031,240,791
118000024,2109,687,1422
118000027,21965,6839,15126
118000029,1555,527,1028
118000032,1742,1921,-179
118000033,2747,2342,405
118000034,5763,2062,3701
118000035,1596,1525,71
118000036,924,848,76
118000037,662,940,-278
118000038,124,101,23
118000039,60,489,-429
118000040,1432,2220,-788
118000041,1789,1664,125
118000045,693,117,576
118000046,2379,614,1765
118000047,1894,552,1342
118000048,3752,1394,2358
118000051,3194,1539,1655
118000052,2543,903,1640
118000053,1130,1073,57
118000054,3568,2274,1294
118000055,3463,2407,1056
118000056,365,408,-43
118000057,508,486,22
118000058,3982,1337,2645
118000059,2299,840,1459
118000060,718,732,-14
118000061,697,1539,-842
118000062,699,288,411
118000063,431,521,-90
118000064,1036,1199,-163
118000065,5174,1726,3448
118000066,928,1158,-230
118000067,1253,790,463
118000068,1790,3527,-1737
118000069,3442,1188,2254
118000070,8312,1678,6634
118000071,4220,4827,-607
118000072,2240,1032,1208
118000073,2785,506,2279
118000074,422,482,-60
118000075,1091,345,746
118000076,1120,1147,-27
118000077,1335,1218,117
118000078,1653,1521,132
118000079,296,391,-95
118000080,1137,907,230
118000081,1450,1123,327
118000082,323,827,-504
118000083,2384,1138,1246
118000084,2438,1421,1017
118000086,178,604,-426
118000087,6955,2680,4275
118000088,1903,1770,133
118000089,4100,2596,1504
118000090,2245,2521,-276
118000091,1842,1671,171
118000092,1288,342,946
118000093,140,704,-564
118000096,448,516,-68
118000097,546,464,82
118000098,216,222,-6
118000099,371,1013,-642
118000101,608,382,226
118000102,286,1556,-1270
118000107,3803,442,3361
118000108,617,1179,-562
118000110,0,35,-35
118000111,4,781,-777
118000112,147,3,144
118000113,7,1218,-1211
118000114,152,3,149
118000115,18,9,9
118000116,50,3,47
118000117,1076,1051,25
118000118,672,640,32
118000119,678,1099,-421
118000120,1597,1880,-283
118000121,85,529,-444
118000122,1119,258,861
118000123,51,254,-203
118000125,1709,1352,357
118000126,579,1429,-850
118000127,1560,668,892
118000128,650,1251,-601
118000129,754,286,468
118000130,2843,4510,-1667
118000131,683,1097,-414
118000132,1865,1391,474
118000133,483,494,-11
118000135,442,286,156
118000136,75,554,-479
118000137,606,85,521
118000138,301,1077,-776
118000139,154,89,65
118000140,2315,3119,-804
118000141,1580,2101,-521
118000142,1027,1997,-970
118000143,1214,1038,176
118000144,1425,1039,386
118000145,1291,2937,-1646
118000146,921,1402,-481
118000147,672,1775,-1103
118000148,366,1289,-923
118000149,569,1386,-817
118000150,206,286,-80
118000151,201,547,-346
118000153,684,1212,-528
118000154,721,1667,-946
118000155,753,1250,-497
118000156,2633,2230,403
118000157,466,333,133
118000158,111,509,-398
118000159,30,67,-37
118000160,357,440,-83
118000161,316,1033,-717
118000162,916,907,9
118000163,449,708,-259
118000164,2042,1361,681
118000168,1507,265,1242
118000169,943,1865,-922
118000170,3869,7245,-3376
118000171,232,715,-483
118000172,103,312,-209
118000173,800,1263,-463
118000175,232,343,-111
118000176,209,402,-193
118000177,190,506,-316
118000178,71,62,9
118000179,1499,848,651
118000180,802,809,-7
118000181,826,301,525
118000182,316,277,39
118000183,243,247,-4
118000184,480,1007,-527
118000185,1236,734,502
118000186,667,826,-159
118000187,680,990,-310
118000188,475,303,172
118000189,278,981,-703
118000190,14,20,-6
118000191,10,49,-39
118000192,173,210,-37
118000193,103,299,-196
118000194,1804,1048,756
118000195,1217,616,601
118000196,474,118,356
118000197,195,97,98
118000198,506,394,112
118000199,776,328,448
118000200,126,270,-144
118000201,593,320,273
118000202,46,63,-17
118000203,1369,394,975
118000204,127,221,-94
118000205,281,255,26
118000206,171,197,-26
118000207,4,175,-171
118000208,932,1644,-712
118000209,1310,2049,-739
118000210,35,39,-4
118000211,23,31,-8
118000213,968,1311,-343
118000214,598,399,199
118000215,216,285,-69
118000216,1595,4256,-2661
118000217,17,124,-107
118000218,24,112,-88
118000219,481,389,92
118000220,2,30,-28
118000221,99,287,-188
118000222,89,29,60
118000223,16,35,-19
118000224,221,73,148
118000225,108,1016,-908
118000226,673,135,538
118000227,970,312,658
118000228,183,176,7
118000229,240,47,193
118000230,69,380,-311
118000231,54,238,-184
118000232,475,1142,-667
118000233,692,913,-221
118000234,192,353,-161
118000236,264,512,-248
118000237,60,669,-609
118000238,123,408,-285
118000239,206,371,-165
118000240,679,94,585
118000241,103,281,-178
118000242,213,786,-573
118000243,107,235,-128
118000244,22,213,-191
118000246,1,9,-8
118000255,38,220,-182
118000256,58,214,-156
118000259,3,66,-63
118000260,94,99,-5
118000261,24,116,-92
118000263,51,192,-141
118000266,91,527,-436
118000267,1,88,-87
118000268,300,10,290
118000270,30,34,-4
118000271,139,346,-207
118000272,63,40,23
118000273,102,89,13
118000274,91,441,-350
118000276,300,389,-89
118000295,4,99,-95
118000298,152,484,-332
118000299,59,223,-164
118000301,0,61,-61
118000302,64,101,-37
118000311,157,159,-2
118000312,176,217,-41
118000313,42,209,-167
118000314,62,81,-19
118000315,31,114,-83
118000316,431,537,-106
118000325,27,173,-146
118000326,28,38,-10
118000331,45,92,-47
118000332,13,89,-76
118000333,36,100,-64
118000335,143,1,142
118000336,1,521,-520
118000407,88,63,25
118000457,3,27,-24
118000465,4763,2841,1922
118000480,22,155,-133
118000489,83,154,-71
118000490,112,474,-362
118000492,119,199,-80
118000510,43,9,34
118000514,174,379,-205
118000515,529,422,107
118000517,457,198,259
118000524,717,188,529
118000525,798,994,-196
118000530,11,150,-139
118000531,132,306,-174
118000532,133,298,-165
118000533,307,160,147
118000534,439,376,63
118000535,171,100,71
118000536,1219,752,467
118000537,23,114,-91
118000538,9,115,-106
118000539,10,52,-42
118000540,297,372,-75
118000541,136,120,16
118000542,69,170,-101
118000543,222,239,-17
118000546,37,38,-1
118000560,4013,922,3091
118000562,13,463,-450
118000563,1772,1406,366
118000576,120,197,-77
118000577,123,111,12
118000578,102,106,-4
118000579,721,1021,-300
118000595,124,60,64
118000596,0,92,-92
118000597,58,110,-52
118000598,2,1,1
118000599,16,29,-13
118000600,0,58,-58
118000601,6,0,6
118000602,1,35,-34
118000603,0,41,-41
118900001,1515,759,756
118900002,1222,595,627
118900003,157,26,131
118900004,29,85,-56
118900005,45,9,36
118900006,81,3,78
118900007,3,5,-2
118900008,1408,54,1354
118900009,32,13,19
118900010,39,3,36
118900011,102,28,74
118900012,375,245,130
118900013,724,65,659
118900015,91,51,40
118900016,7,29,-22
118900017,235,184,51
118900018,1267,17,1250
118900019,90,15,75
118900020,186,140,46
118900021,130,411,-281
118900022,96,106,-10
118900023,67,115,-48
118900024,47,195,-148
118900025,28,17,11
118900026,61,105,-44
118900027,463,355,108
118900028,67,206,-139
118900029,105,555,-450
118900030,142,64,78
118900031,96,153,-57
118900032,57,150,-93
118900033,309,797,-488
118900034,86,11,75
118900035,86,307,-221
118900036,652,733,-81
118900037,285,335,-50
118900038,175,366,-191
118900039,286,360,-74
118900040,167,159,8
118900041,224,214,10
118900042,122,103,19
118900045,170,141,29
118900046,863,191,672
118900047,724,186,538
118900048,119,175,-56
118900049,45,32,13
118900050,4,144,-140
118900051,50,44,6
118900052,143,287,-144
118900053,35,103,-68
118900054,92,90,2
118900055,17,140,-123
118900056,22,168,-146
118900057,333,308,25
118900058,264,575,-311
118900059,22,97,-75
118900060,44,94,-50
118900062,78,269,-191
118900064,709,432,277
118900065,27,159,-132
118900066,41,101,-60
118900067,6473,2228,4245
118900068,1,166,-165
118900069,282,208,74
118900071,5,84,-79
118900072,267,444,-177
118900073,46,103,-57
118900074,70,204,-134
118900075,23,93,-70
118900076,197,92,105
118900077,138,181,-43
118900078,19,5,14
118900079,40,232,-192
118900080,11,110,-99
118900081,44,13,31
118900082,374,179,195
118900083,22,30,-8
118900084,12,33,-21
118900085,527,981,-454
118900086,13,61,-48
118900087,17,161,-144
118900088,0,12,-12
118900089,19,11,8
118900090,378,543,-165
118900091,224,140,84
118900092,67,133,-66
118900093,121,17,104
118900096,37,23,14
118900097,166,992,-826
118900099,70,312,-242
118900100,156,258,-102
118900101,42,628,-586
118900102,18,73,-55
118900103,36,52,-16
118900104,70,145,-75
118900105,178,102,76
118900107,150,81,69
118900108,36,94,-58
118900110,1973,487,1486
118900111,241,859,-618
118900112,41,107,-66
118900113,40,814,-774
118900114,8,101,-93
118900115,95,380,-285
118900116,94,184,-90
118900117,77,150,-73
118900118,193,530,-337
118900119,87,285,-198
118900120,84,239,-155
118900121,12,383,-371
118900122,12,550,-538
118900123,90,261,-171
118900124,78,208,-130
118900126,19,255,-236
118900129,150,151,-1
118900130,26,117,-91
118900131,63,288,-225
118900132,373,197,176
118900133,15,76,-61
118900135,91,227,-136
118900136,214,915,-701
118900137,3,22,-19
118900139,82,692,-610
118900140,353,922,-569
118900141,56,391,-335
118900144,84,697,-613
118900145,17,203,-186
118900146,213,926,-713
118900147,157,99,58
118900148,37,103,-66
118900150,114,451,-337
118900152,481,1023,-542
118900157,124,136,-12
118900158,36,82,-46
118900159,4,313,-309
118900161,79,3,76
118900163,344,76,268
118900164,3,117,-114
118900165,34,381,-347
118900166,72,4,68
118900167,45,201,-156
118900168,2,79,-77
118900169,107,454,-347
118900170,59,169,-110
118900171,13,23,-10
118900174,53,80,-27
118900175,179,468,-289
118900176,81,180,-99
118900177,14,78,-64
118900178,29,94,-65
118900179,1,44,-43
118900181,71,151,-80
118900182,84,31,53
118900183,11,67,-56
118900184,214,68,146
118900185,51,123,-72
118900186,96,92,4
118900187,112,333,-221
118900188,141,363,-222
118900189,41,465,-424
118900190,6,657,-651
118900191,88,58,30
118900192,87,35,52
118900193,173,16,157
118900195,383,1005,-622
118900196,36,228,-192
118900197,89,134,-45
118900198,6,41,-35
118900199,23,83,-60
118900200,15,9,6
118900201,11,19,-8
118900202,6,71,-65
118900203,1,44,-43
118900204,5,46,-41
118900205,4,29,-25
118900206,5,63,-58
119000001,997,1453,-456
119000002,2639,3890,-1251
119000003,1353,1661,-308
119000004,1625,1493,132
119000005,1387,1679,-292
119000006,1593,1486,107
119000007,2674,3080,-406
119000008,1475,2362,-887
119000009,3366,2586,780
119000010,8790,4059,4731
119000011,6122,2315,3807
119000012,5598,3684,1914
119000013,2095,1275,820
119000014,2288,4110,-1822
119000019,236,185,51
119000020,1244,1336,-92
119000021,2503,2036,467
119000022,4277,1663,2614
119000023,202,205,-3
119000024,2448,6593,-4145
119000025,13156,1467,11689
119000026,270,296,-26
119000027,507,418,89
119000028,2281,1315,966
119000029,121,299,-178
119000030,440,1420,-980
119000031,713,929,-216
119000032,2751,2883,-132
119000033,1901,1837,64
119000034,966,1280,-314
119000035,30,443,-413
119000036,752,1311,-559
119000037,934,2836,-1902
119000038,111,1500,-1389
119000039,119,319,-200
119000040,995,468,527
119000041,948,1124,-176
119000048,3604,4583,-979
119000049,1098,4072,-2974
119000050,1444,2550,-1106
119000051,1554,1062,492
119000052,2070,3261,-1191
119000053,1572,1211,361
119000054,2560,4672,-2112
119000055,2502,4352,-1850
119000056,1656,2351,-695
119000057,1283,2993,-1710
119000058,1660,2406,-746
119000059,776,1916,-1140
119000060,990,934,56
119000061,753,1110,-357
119000062,997,1438,-441
119000063,252,331,-79
119000064,1334,2178,-844
119000065,1862,3798,-1936
119000066,1954,1022,932
119000067,1919,3253,-1334
119000068,1129,1142,-13
119000069,1205,3184,-1979
119000070,1485,1334,151
119000071,625,1163,-538
119000072,7597,4686,2911
119000073,6361,6237,124
119000074,760,4435,-3675
119000075,865,2858,-1993
119000076,621,1164,-543
119000077,829,693,136
119000078,310,329,-19
119000079,85,936,-851
119000080,180,284,-104
119000081,290,478,-188
119000082,784,320,464
119000083,290,320,-30
119000084,278,692,-414
119000085,664,298,366
119000086,248,467,-219
119000087,1933,1357,576
119000088,247,241,6
119000089,75,194,-119
119000090,139,189,-50
119000091,146,370,-224
119000092,713,219,494
119000093,4590,4043,547
119000094,1893,5736,-3843
119000095,1035,3459,-2424
119000097,2555,1781,774
119000098,690,1579,-889
119000099,2026,2041,-15
119000100,2305,2325,-20
119000101,3613,3128,485
119000102,716,999,-283
119000103,1697,582,1115
119000104,3634,1777,1857
119000105,713,1143,-430
119000106,206,2451,-2245
119000107,401,552,-151
119000108,256,1623,-1367
119000109,153,500,-347
119000110,775,626,149
119000111,70,670,-600
119000112,201,139,62
119000113,4110,344,3766
119000114,758,835,-77
119000115,184,200,-16
119000116,92,133,-41
119000117,106,385,-279
119000118,5,5,0
119000123,3572,864,2708
119000124,332,277,55
119000125,1871,1455,416
119000126,217,1204,-987
119000127,309,1123,-814
119000128,62,13,49
119000131,649,1387,-738
119000132,6,3,3
119000133,0,6,-6
119000134,2796,566,2230
119000135,83,268,-185
119000136,115,387,-272
119000137,169,663,-494
119000138,150,640,-490
119000139,180,393,-213
119000140,126,350,-224
119000284,1464,3161,-1697
119000285,2731,2548,183
119000286,7642,5720,1922
119000287,1140,2484,-1344
119000288,1598,1951,-353
119000289,2422,4766,-2344
119000290,181,762,-581
119000291,4,492,-488
119000293,68,183,-115
119000294,22,35,-13
119000295,2521,648,1873
119000296,122,159,-37
119000302,4557,1564,2993
119000303,36,174,-138
119000314,1553,6100,-4547
119000315,7,812,-805
119000316,40,178,-138
119000317,39,647,-608
119900001,214,855,-641
119900002,84,341,-257
119900003,72,1587,-1515
119900004,356,485,-129
119900005,84,225,-141
119900006,189,393,-204
119900007,617,71,546
119900008,80,38,42
119900009,408,699,-291
119900010,1968,1539,429
119900011,13,57,-44
119900012,12,43,-31
119900013,1733,787,946
119900014,718,296,422
119900015,53,19,34
119900016,30,118,-88
119900017,15,60,-45
119900018,1862,338,1524
119900019,14,6,8
119900020,73,177,-104
119900021,57,73,-16
119900022,161,353,-192
119900023,974,633,341
119900025,94,30,64
119900026,1175,77,1098
119900027,16,43,-27
119900028,163,58,105
119900029,0,11,-11
119900030,473,474,-1
119900031,22,221,-199
119900033,2610,149,2461
119900034,137,185,-48
119900037,56,72,-16
119900038,19,219,-200
119900039,63,3,60
119900040,48,4,44
119900041,65,87,-22
119900042,56,173,-117
119900043,28,226,-198
119900044,156,371,-215
119900046,50,128,-78
119900047,169,71,98
119900048,10,47,-37
119900049,22,15,7
119900050,111,80,31
119900051,296,8,288
119900052,25,88,-63
119900053,80,236,-156
119900054,61,2,59
119900055,789,307,482
119900057,92,103,-11
119900058,115,3,112
119900059,154,64,90
119900060,125,4,121
119900062,38,35,3
119900063,19,36,-17
119900064,264,75,189
119900065,147,4,143
119900066,0,2,-2
119900067,25,36,-11
119900068,190,7,183
119900069,40,45,-5
119900070,391,3,388
119900071,365,42,323
119900073,2041,442,1599
119900074,26,19,7
119900075,7303,2173,5130
119900076,202,648,-446
119900077,357,1757,-1400
119900078,276,1145,-869
119900079,73,409,-336
119900080,748,1646,-898
119900081,67,57,10
119900082,493,249,244
119900083,393,120,273
119900084,715,217,498
119900085,165,87,78
119900087,377,301,76
119900088,44,81,-37
119900089,18,772,-754
119900090,216,80,136
119900091,50,1405,-1355
119900092,23,517,-494
119900093,856,125,731
119900094,34,293,-259
119900095,183,96,87
119900096,38,118,-80
119900097,495,200,295
119900098,39,77,-38
119900099,31,300,-269
119900100,3468,2287,1181
119900101,278,1299,-1021
119900102,24,429,-405
119900103,26,735,-709
119900104,35,381,-346
119900105,1158,1745,-587
119900106,16,268,-252
119900107,459,4649,-4190
119900108,2646,764,1882
119900109,24,329,-305
119900110,445,770,-325
119900111,59,505,-446
119900112,3477,527,2950
119900113,77,649,-572
119900114,179,2213,-2034
119900115,126,1807,-1681
119900116,173,335,-162
119900117,168,1238,-1070
119900118,36,1689,-1653
119900119,137,290,-153
119900120,674,866,-192
119900121,191,1808,-1617
119900122,324,499,-175
119900123,205,310,-105
119900124,94,1303,-1209
119900125,56,578,-522
119900126,6450,284,6166
119900127,3742,1178,2564
119900128,251,967,-716
119900129,107,1221,-1114
119900130,68,343,-275
119900131,31,490,-459
119900132,17,602,-585
119900133,21,48,-27
119900134,2817,350,2467
119900135,0,699,-699
119900136,194,648,-454
119900138,405,750,-345
119900139,31,106,-75
119900140,1,202,-201
119900141,202,442,-240
119900142,10,27,-17
119900143,7,241,-234
119900144,2773,334,2439
119900145,79,349,-270
119900146,172,139,33
119900147,3,141,-138
119900148,89,51,38
119900149,2145,2745,-600
119900150,214,283,-69
119900151,1735,867,868
119900152,73,600,-527
119900153,82,75,7
119900154,6,517,-511
119900155,26,29,-3
119900156,6,1,5
119900157,49,380,-331
119900158,95,82,13
119900159,10,2504,-2494
119900160,29,389,-360
119900161,194,408,-214
119900162,682,837,-155
119900163,163,110,53
119900164,0,0,0
119900165,66,396,-330
119900166,53,38,15
119900167,132,199,-67
119900168,344,468,-124
119900169,215,377,-162
119900170,157,212,-55
119900171,661,690,-29
119900172,123,24,99
119900173,3,744,-741
119900174,11,437,-426
119900175,677,771,-94
119900177,12,330,-318
119900178,12,302,-290
119900179,65,237,-172
119900180,764,886,-122
119900181,36,54,-18
119900182,9,764,-755
119900183,113,983,-870
119900184,4261,728,3533
119900185,30,99,-69
119900186,67,424,-357
119900187,13,913,-900
119900188,42,373,-331
119900189,519,256,263
119900190,46,158,-112
119900191,313,92,221
119900192,26,249,-223
119900193,165,261,-96
119900194,6,64,-58
119900195,27,302,-275
119900196,2702,615,2087
119900197,128,126,2
119900198,76,528,-452
119900199,155,18,137
119900200,430,694,-264
119900201,549,229,320
119900202,221,119,102
119900203,133,278,-145
119900204,134,429,-295
119900205,304,906,-602
119900206,58,164,-106
119900208,129,149,-20
119900209,299,743,-444
119900210,12,69,-57
119900211,91,20,71
119900212,61,373,-312
119900213,5,59,-54
119900214,13,137,-124
119900215,18,110,-92
119900216,3,118,-115
119900217,6,109,-103
119900218,18,71,-53
119900219,12,196,-184
119900220,3,192,-189
119900221,12,623,-611
119900222,11,417,-406
119900223,11,140,-129
119900224,17,37,-20
119900225,1687,69,1618
119900226,1117,1478,-361
119900227,1736,415,1321
119900228,55,436,-381
119900229,250,543,-293
119900230,1662,753,909
119900231,105,252,-147
119900232,219,60,159
119900233,43,3,40
119900234,17,63,-46
119900235,8,42,-34
119900236,15,252,-237
119900237,41,759,-718
119900238,2,107,-105
119900240,66,179,-113
119900241,166,297,-131
119900242,2046,1283,763
119900244,918,1846,-928
119900245,72,136,-64
119900246,262,292,-30
119900247,18,75,-57
119900248,45,75,-30
119900249,154,83,71
119900253,5437,421,5016
119900254,73,281,-208
119900255,51,705,-654
119900256,233,2022,-1789
119900257,29,1,28
119900258,50,16,34
119900259,7,346,-339
119900260,85,4,81
119900261,136,279,-143
119900262,2,382,-380
119900263,937,499,438
119900264,46,383,-337
119900265,248,480,-232
119900266,142,435,-293
119900267,124,452,-328
119900268,109,292,-183
119900269,421,2212,-1791
119900271,11,128,-117
119900272,117,41,76
119900275,68,4,64
119900276,28,2,26
119900277,6,0,6
119900278,297,59,238
119900279,142,242,-100
119900280,1134,246,888
119900281,1,102,-101
119900282,40,20,20
119900283,6,461,-455
119900284,63,279,-216
119900285,25,78,-53
119900286,12,36,-24
119900288,6,29,-23
119900289,0,41,-41
119900290,2,56,-54
119900291,0,51,-51
119900292,23,7,16
119900293,24,1,23
119900294,13,0,13
119900295,1,0,1
119900296,4,0,4
119900299,27,321,-294
119900300,141,274,-133
119900301,112,52,60
119900302,87,100,-13
119900303,224,335,-111
119900304,78,34,44
119900305,31,144,-113
119900306,17,7,10
119900307,32,245,-213
119900308,7,17,-10
119900309,24,48,-24
119900310,272,404,-132
119900311,37,212,-175
119900312,42,121,-79
119900313,174,445,-271
119900314,87,288,-201
119900315,822,3792,-2970
119900318,13,19,-6
119900319,4,426,-422
119900320,115,993,-878
119900321,55,8,47
119900322,59,70,-11
119900323,6,112,-106
119900324,2,93,-91
119900325,34,594,-560
119900326,161,77,84
120000001,9395,9491,-96
120000002,2170,3890,-1720
120000003,3986,2221,1765
120000004,2908,2956,-48
120000005,5327,2580,2747
120000006,1205,1342,-137
120000007,3518,2514,1004
120000008,1069,1563,-494
120000009,5471,1237,4234
120000010,1620,3605,-1985
120000011,1249,2452,-1203
120000012,1802,3761,-1959
120000013,2417,3271,-854
120000014,542,1799,-1257
120000015,2477,1836,641
120000016,3262,2977,285
120000017,2195,2100,95
120000018,5945,8590,-2645
120000019,778,1155,-377
120000020,3265,2724,541
120000021,2169,2039,130
120000022,3363,3820,-457
120000023,917,1807,-890
120000024,1616,2712,-1096
120000025,1893,2542,-649
120000026,816,2147,-1331
120000027,1374,2008,-634
120000028,923,516,407
120000029,6719,662,6057
120000030,726,1076,-350
120000031,2307,10652,-8345
120000032,12219,4242,7977
120000033,2998,2086,912
120000034,1219,2770,-1551
120000035,1587,3073,-1486
120000036,2492,4726,-2234
120000037,637,1156,-519
120000038,12405,3859,8546
120000039,495,1186,-691
120000040,168,229,-61
120000041,764,2523,-1759
120000042,1618,5937,-4319
120000043,4478,3676,802
120000044,3050,1439,1611
120000045,3478,1269,2209
120000046,1653,2160,-507
120000047,2516,3603,-1087
120000048,9338,3869,5469
120000049,3436,3191,245
120000050,3594,5635,-2041
120000051,4215,5158,-943
120000052,16514,3083,13431
120000053,938,5217,-4279
120000054,1566,8187,-6621
120000055,1290,5964,-4674
120000056,3204,6341,-3137
120000057,1687,1004,683
120000058,601,256,345
120000059,82,1343,-1261
120000061,100,1037,-937
120000062,189,370,-181
120000063,2252,3831,-1579
120000064,233,2181,-1948
120000065,713,2624,-1911
120000066,137,705,-568
120000067,41,858,-817
120000068,142,1579,-1437
120000069,604,2242,-1638
120000070,31,1449,-1418
120000071,167,207,-40
120000072,280,575,-295
120000073,334,115,219
120000074,52,94,-42
120000075,378,263,115
120000076,1667,437,1230
120000077,1235,576,659
120000078,2642,775,1867
120000079,127,111,16
120000080,104,176,-72
120000081,224,95,129
120000082,91,114,-23
120000083,44,269,-225
120000084,500,748,-248
120000085,314,598,-284
120000086,269,980,-711
120000087,160,1683,-1523
120000088,687,1829,-1142
120000089,824,800,24
120000090,556,631,-75
120000091,620,1124,-504
120000092,987,720,267
120000093,252,638,-386
120000094,110,541,-431
120000095,831,929,-98
120000096,202,1533,-1331
120000098,767,1326,-559
120000099,283,1057,-774
120000100,539,1128,-589
120000101,403,585,-182
120000102,407,651,-244
120000103,966,605,361
120000104,1363,311,1052
120000105,1760,395,1365
120000106,1463,432,1031
120000107,1898,536,1362
120000108,655,111,544
120000109,669,76,593
120000110,83,1316,-1233
120000111,114,1821,-1707
120000112,762,5606,-4844
120000113,625,4122,-3497
120000114,656,3854,-3198
120000115,381,3079,-2698
120000116,669,2695,-2026
120000117,1655,2023,-368
120000118,40,68,-28
120000119,52,53,-1
120000120,91,62,29
120000121,42,64,-22
120000122,350,353,-3
120000123,7935,4062,3873
120000124,325,588,-263
120000125,287,794,-507
120000126,307,829,-522
120000127,2699,760,1939
120000128,5611,2179,3432
120000129,333,353,-20
120000130,773,870,-97
120000131,216,529,-313
120000134,376,1984,-1608
120000135,197,401,-204
120000137,123,3044,-2921
120000138,301,748,-447
120000139,168,1445,-1277
120000140,330,879,-549
120000141,240,819,-579
120000142,274,830,-556
120000143,2,158,-156
120000144,46,1,45
120000145,179,3,176
120000146,2592,1166,1426
120000149,544,1231,-687
120000150,6113,10092,-3979
120000151,404,616,-212
120000152,314,408,-94
120000153,169,1110,-941
120000154,473,427,46
120000155,74,255,-181
120000156,1848,589,1259
120000157,865,873,-8
120000158,662,1157,-495
120000159,1789,2692,-903
120000160,2069,1407,662
120000161,1188,3142,-1954
120000162,68,304,-236
120000163,385,2137,-1752
120000164,264,619,-355
120000165,258,1383,-1125
120000166,570,877,-307
120000167,53,72,-19
120000168,19,250,-231
120000169,122,636,-514
120000170,157,336,-179
120000171,51,112,-61
120000172,34,44,-10
120000173,3415,234,3181
120000174,655,8,647
120000175,610,9,601
120000176,399,96,303
120000177,2719,413,2306
120000178,233,10,223
120000179,667,38,629
120000180,1234,121,1113
120000181,301,274,27
120000182,122,131,-9
120000183,21,274,-253
120000184,173,2123,-1950
120000186,51,85,-34
120000187,123,64,59
120000188,300,86,214
120000190,1797,13,1784
120000191,2469,39,2430
120000192,3137,21,3116
120000193,1135,6,1129
120000195,340,12,328
120000196,565,82,483
120000197,148,255,-107
120000198,135,205,-70
120000199,54,3,51
120000200,37,2,35
120000201,4,14,-10
120000202,7,113,-106
120000203,21,511,-490
120000207,1,155,-154
120000208,14,473,-459
120000209,8,147,-139
120000210,240,155,85
120000211,51,1,50
120000212,65,2,63
120000213,63,606,-543
120000214,2,670,-668
120000215,6,313,-307
120000216,40,8,32
120000217,1153,2021,-868
120000218,282,1693,-1411
120000219,15,1106,-1091
120000220,17,4093,-4076
120000225,618,5,613
120000226,153,3,150
120000227,661,15,646
120000228,10208,2623,7585
120000230,162,13,149
120000231,551,3317,-2766
120000233,171,40,131
120000235,96,974,-878
120000236,610,4,606
120000237,4,3145,-3141
120000238,3,215,-212
120000241,1225,3367,-2142
120000412,2156,20,2136
120000413,118,539,-421
120000414,37,4,33
120000415,2,261,-259
120000416,27,15,12
120000417,3,101,-98
120000418,70,20,50
120000419,9,712,-703
120000420,52,33,19
120000421,17496,6694,10802
120000422,286,511,-225
120000423,3,60,-57
120000424,48,190,-142
120000436,144,359,-215
120000437,220,204,16
120000438,5912,467,5445
120000439,153,315,-162
120000443,114,2,112
120000444,746,953,-207
120000445,1464,1393,71
120000446,1264,435,829
120000447,182,5,177
120000449,63,15,48
120000450,3,597,-594
120000451,155,361,-206
120000452,85,3,82
120000453,2,664,-662
120000454,80,25,55
120000455,67,79,-12
120000456,3752,3004,748
120000457,2066,1081,985
120000458,608,844,-236
120000459,80,115,-35
120000665,1813,224,1589
120000668,90,348,-258
120000669,87,557,-470
120000670,285,457,-172
120000671,800,314,486
120000672,116,633,-517
120900001,44,42,2
120900002,434,269,165
120900003,158,22,136
120900004,22,59,-37
120900005,70,1805,-1735
120900006,149,237,-88
120900007,78,203,-125
120900008,155,1669,-1514
120900009,556,63,493
120900010,213,58,155
120900011,517,160,357
120900012,1458,986,472
120900013,205,42,163
120900014,68,1092,-1024
120900015,429,72,357
120900016,390,67,323
120900017,3727,127,3600
120900018,63,656,-593
120900019,416,119,297
120900020,800,815,-15
120900021,462,91,371
120900022,45,543,-498
120900023,114,54,60
120900024,1767,507,1260
120900025,2472,1024,1448
120900026,69,251,-182
120900027,934,96,838
120900028,223,45,178
120900029,121,233,-112
120900030,665,540,125
120900031,157,38,119
120900032,430,225,205
120900033,646,46,600
120900034,26,1879,-1853
120900035,34,236,-202
120900037,107,4,103
120900038,43,136,-93
120900039,48,29,19
120900040,146,5,141
120900041,158,46,112
120900042,142,105,37
120900043,21,20,1
120900044,19,584,-565
120900045,145,317,-172
120900046,225,5,220
120900047,105,57,48
120900048,45,17,28
120900049,204,0,204
120900050,5026,1121,3905
120900051,175,137,38
120900052,271,0,271
120900053,131,122,9
120900054,1796,1066,730
120900055,185,3,182
120900056,278,9,269
120900057,83,22,61
120900058,230,1,229
120900059,61,1,60
120900060,40,48,-8
120900061,274,414,-140
120900062,103,2,101
120900063,240,6,234
120900064,220,2,218
120900065,148,0,148
120900066,207,477,-270
120900067,163,36,127
120900068,121,1,120
120900069,84,107,-23
120900071,15,11,4
120900072,345,0,345
120900073,274,347,-73
120900074,358,13,345
120900076,143,0,143
120900077,4957,365,4592
120900078,359,1200,-841
120900079,347,113,234
120900080,296,3736,-3440
120900081,458,1863,-1405
120900082,827,403,424
120900083,25,1,24
120900084,146,269,-123
120900085,187,132,55
120900086,264,245,19
120900087,246,120,126
120900088,155,232,-77
120900089,6176,1481,4695
120900090,104,322,-218
120900091,466,345,121
120900092,1101,960,141
120900093,5261,336,4925
120900094,624,311,313
120900095,354,24,330
120900096,34,171,-137
120900097,678,1347,-669
120900098,311,257,54
120900099,33,74,-41
120900100,97,453,-356
120900101,637,459,178
120900102,19,181,-162
120900103,27,181,-154
120900104,16,46,-30
120900105,42,1107,-1065
120900106,1585,855,730
120900107,396,160,236
120900108,8,1264,-1256
120900109,46,1091,-1045
120900110,7,1320,-1313
120900111,155,524,-369
120900112,7,1999,-1992
120900113,14,1313,-1299
120900114,29,251,-222
120900115,149,171,-22
120900116,127,915,-788
120900117,3,931,-928
120900118,10,1469,-1459
120900119,5167,5534,-367
120900120,62,983,-921
120900121,94,521,-427
120900122,173,1010,-837
120900123,2,808,-806
120900124,6,1122,-1116
120900125,5,1553,-1548
120900126,1707,1005,702
120900127,2,813,-811
120900128,1002,1304,-302
120900129,74,553,-479
120900130,7,411,-404
120900131,25,78,-53
120900132,492,623,-131
120900133,258,1628,-1370
120900134,528,677,-149
120900135,9,1076,-1067
120900136,19,27,-8
120900137,105,111,-6
120900138,20,315,-295
120900139,9,1234,-1225
120900140,3,82,-79
120900141,101,132,-31
120900142,36,1319,-1283
120900143,2,1516,-1514
120900144,0,314,-314
120900145,130,1275,-1145
120900146,4,1613,-1609
120900147,1,484,-483
120900148,85,154,-69
120900149,1,630,-629
120900150,20,898,-878
120900151,3,1229,-1226
120900152,12,94,-82
120900153,22,98,-76
120900154,5,528,-523
120900155,139,1667,-1528
120900156,26,675,-649
120900157,27,411,-384
120900158,35,716,-681
120900159,55,1026,-971
120900160,26,542,-516
120900161,11,1350,-1339
120900162,20,1151,-1131
120900163,25,196,-171
120900164,5,3,2
120900165,8,4,4
120900166,34,175,-141
120900167,333,98,235
120900169,41,789,-748
120900170,3549,1538,2011
120900171,1611,488,1123
120900172,2318,420,1898
120900173,0,108,-108
120900174,7,169,-162
120900175,382,252,130
120900176,17,255,-238
120900177,2,501,-499
120900178,0,290,-290
120900179,1002,506,496
120900180,171,151,20
120900181,66,72,-6
120900182,8,711,-703
120900183,560,88,472
120900184,273,102,171
120900185,4,506,-502
120900186,1,756,-755
120900187,309,818,-509
120900188,106,18,88
120900189,191,502,-311
120900190,21,27,-6
120900191,1,46,-45
120900192,16669,2919,13750
120900194,24,99,-75
120900195,165,333,-168
120900196,671,60,611
120900197,411,60,351
120900198,249,885,-636
120900199,205,242,-37
120900200,168,158,10
120900201,791,129,662
120900202,0,283,-283
120900203,22,81,-59
120900204,251,451,-200
120900205,68,137,-69
120900206,2,27,-25
120900207,83,1682,-1599
121000001,1089,1275,-186
121000002,2242,1196,1046
121000003,4841,2091,2750
121000004,2719,3549,-830
121000005,2288,2884,-596
121000006,3219,1284,1935
121000007,3111,3091,20
121000008,5131,2735,2396
121000009,7459,6110,1349
121000010,9462,4174,5288
121000011,11890,12543,-653
121000012,16858,8341,8517
121000013,5490,7568,-2078
121000014,7054,6028,1026
121000015,4652,6016,-1364
121000016,4877,3505,1372
121000017,2093,3963,-1870
121000018,2290,2288,2
121000019,25475,9331,16144
121000020,17164,9667,7497
121000021,3148,3543,-395
121000022,1555,1940,-385
121000023,4749,3465,1284
121000024,3125,3215,-90
121000025,737,978,-241
121000026,304,139,165
121000027,1533,1011,522
121000028,799,494,305
121000029,818,777,41
121000030,487,496,-9
121000031,497,633,-136
121000032,242,108,134
121000034,252,209,43
121000035,107,91,16
121000036,1085,836,249
121000037,575,612,-37
121000038,506,695,-189
121000039,393,353,40
121000041,428,542,-114
121000042,216,391,-175
121000043,807,667,140
121000044,1698,790,908
121000045,379,369,10
121000046,380,930,-550
121000047,30,86,-56
121000049,1795,666,1129
121000050,307,1111,-804
121000051,569,436,133
121000052,236,581,-345
121000053,420,88,332
121000054,45,243,-198
121000055,1440,1187,253
121000056,971,1117,-146
121000057,168,352,-184
121000058,445,117,328
121000059,2212,859,1353
121000060,466,984,-518
121000061,154,206,-52
121000062,108,342,-234
121000063,586,483,103
121000064,452,653,-201
121000065,404,335,69
121000066,498,575,-77
121000067,956,398,558
121000068,538,442,96
121000069,736,324,412
121000070,2001,1410,591
121000071,1001,924,77
121000072,1365,885,480
121000073,875,944,-69
121000074,86,138,-52
121000075,66,46,20
121000076,1480,336,1144
121000077,121,89,32
121000078,116,144,-28
121000080,3334,723,2611
121000081,3127,2155,972
121000082,130,238,-108
121000083,190,130,60
121000084,171,111,60
121000085,380,452,-72
121000086,223,1084,-861
121000087,63,257,-194
121000088,410,799,-389
121000089,575,284,291
121000090,416,342,74
121000091,1801,812,989
121000092,148,114,34
121000093,155,237,-82
121000094,536,635,-99
121000095,334,530,-196
121000096,2321,2774,-453
121000097,1581,1948,-367
121000098,359,1585,-1226
121000099,365,1077,-712
121000100,533,806,-273
121000101,159,330,-171
121000102,112,626,-514
121000103,109,431,-322
121000104,180,228,-48
121000105,301,368,-67
121000106,156,566,-410
121000107,2292,3814,-1522
121000109,1520,1146,374
121000110,374,577,-203
121000114,2755,2469,286
121000115,782,829,-47
121000116,461,946,-485
121000117,1068,271,797
121000118,1181,264,917
121000119,212,307,-95
121000120,183,580,-397
121000121,399,1009,-610
121000123,1508,725,783
121000126,144,401,-257
121000127,195,107,88
121000128,606,646,-40
121000129,398,542,-144
121000130,366,1347,-981
121000131,2225,1449,776
121000132,1615,1528,87
121000135,556,605,-49
121000136,1395,771,624
121000137,531,152,379
121000138,1007,863,144
121000139,673,165,508
121000141,260,164,96
121000142,865,549,316
121000143,239,19,220
121000144,1687,1086,601
121000145,431,1407,-976
121000146,863,862,1
121000147,559,438,121
121000148,750,1197,-447
121000149,1662,1167,495
121000152,426,603,-177
121000153,1737,614,1123
121000154,750,599,151
121000155,1193,1148,45
121000156,351,1040,-689
121000157,1688,2239,-551
121000158,324,672,-348
121000159,130,614,-484
121000160,192,848,-656
121000161,89,431,-342
121000162,43,417,-374
121000165,1971,1653,318
121000166,38,553,-515
121000168,237,300,-63
121000169,46,225,-179
121000170,178,79,99
121000171,40,224,-184
121000172,414,521,-107
121000173,1179,756,423
121000174,199,481,-282
121000175,582,650,-68
121000176,265,356,-91
121000177,730,721,9
121000178,104,91,13
121000179,115,92,23
121000181,396,433,-37
121000182,56,147,-91
121000183,30,112,-82
121000184,35,101,-66
121000185,19,126,-107
121000186,108,282,-174
121000187,156,373,-217
121000188,60,325,-265
121000192,459,360,99
121000193,469,472,-3
121000194,2738,2250,488
121000195,324,1065,-741
121000196,696,241,455
121000197,347,943,-596
121000198,234,87,147
121000199,119,556,-437
121000200,308,112,196
121000201,4,221,-217
121000202,653,127,526
121000203,678,3131,-2453
121000204,1526,765,761
121000205,183,324,-141
121000206,118,28,90
121000207,1157,564,593
121000208,2,551,-549
121000209,171,560,-389
121000210,217,760,-543
121000211,151,164,-13
121000212,229,936,-707
121000213,10824,2711,8113
121000214,868,1585,-717
121000215,1411,865,546
121000216,442,441,1
121000217,4156,2138,2018
121000218,583,1857,-1274
121000219,1353,386,967
121000220,400,68,332
121000221,184,235,-51
121000222,3052,2367,685
121000223,862,402,460
121000224,248,121,127
121000225,1512,972,540
121000226,3086,675,2411
121000227,3,248,-245
121000228,16,964,-948
121000229,92,584,-492
121000230,82,1959,-1877
121000231,481,41,440
121000232,309,216,93
121000233,407,319,88
121000234,11,33,-22
121000235,36,73,-37
121000236,5,85,-80
121000237,79,18,61
121000238,1,96,-95
121000239,35,9,26
121000240,6,241,-235
121000241,137,22,115
121000242,49,158,-109
121000243,460,70,390
121000244,0,80,-80
121000245,9,15,-6
121000246,2,82,-80
121000247,26,7,19
121000248,497,677,-180
121000249,125,271,-146
121000250,250,60,190
121000251,18,731,-713
121000252,30,24,6
121000253,278,707,-429
121000254,496,305,191
121000255,148,210,-62
121000256,272,223,49
121000257,55,90,-35
121000258,54,87,-33
121000259,25,49,-24
121000260,67,174,-107
121000261,42,52,-10
121000262,1078,608,470
121000263,359,530,-171
121000271,224,1767,-1543
121000273,84,6,78
121000274,6,41,-35
121000275,6,32,-26
121000276,2,24,-22
121000278,47,88,-41
121000279,52,23,29
121000280,67,64,3
121000289,227,11,216
121000290,1343,748,595
121000294,92,288,-196
121000297,983,795,188
121000299,73,267,-194
121000300,681,714,-33
121000302,462,1312,-850
121000303,1204,773,431
121000304,424,61,363
121000305,121,54,67
121000306,60,140,-80
121000308,169,371,-202
121000309,413,600,-187
121000310,69,466,-397
121000311,93,812,-719
121000312,378,229,149
121000313,474,525,-51
121000314,255,123,132
121000315,64,154,-90
121000530,796,1528,-732
121000531,1067,1436,-369
121000532,5674,4954,720
121000533,2540,2668,-128
121000918,21,271,-250
121000919,8,30,-22
121000938,1631,768,863
121000939,2129,726,1403
121000956,589,1767,-1178
121000957,2,9,-7
121000958,130,42,88
121000959,325,1278,-953
121000960,1356,2738,-1382
121000961,100,46,54
121000962,320,770,-450
121000973,0,451,-451
121000976,14,184,-170
121000979,361,76,285
121000981,260,135,125
121000982,163,229,-66
121000983,357,476,-119
121000984,26,48,-22
121000985,267,933,-666
121000986,104,483,-379
121000987,190,1757,-1567
121000988,445,115,330
121001302,305,145,160
121001308,2,5,-3
121001309,71,88,-17
121001313,117,430,-313
121001314,3762,4790,-1028
121001315,4433,1590,2843
121900001,72,188,-116
121900002,33,16,17
121900003,343,15,328
121900004,107,454,-347
121900005,9,3,6
121900006,65,16,49
121900007,2546,2060,486
121900008,1359,109,1250
121900009,582,23,559
121900010,192,3,189
121900011,343,525,-182
121900012,5,0,5
121900013,1244,96,1148
121900014,1136,338,798
121900015,169,218,-49
121900016,3,30,-27
121900017,367,507,-140
121900018,308,7,301
121900019,212,253,-41
121900020,18,2,16
121900021,678,31,647
121900022,144,171,-27
121900023,74,518,-444
121900024,485,86,399
121900025,478,346,132
121900026,300,52,248
121900027,351,222,129
121900028,340,18,322
121900029,139,231,-92
121900030,556,375,181
121900031,1143,3808,-2665
121900032,64,84,-20
121900033,170,104,66
121900034,191,87,104
121900035,2504,1471,1033
121900036,39,383,-344
121900037,162,657,-495
121900038,21,183,-162
121900039,225,26,199
121900040,36,116,-80
121900041,112,160,-48
121900042,232,120,112
121900043,3,2,1
121900044,285,31,254
121900046,265,228,37
121900047,124,66,58
121900048,29,191,-162
121900050,11,45,-34
121900051,107,183,-76
121900052,99,42,57
121900053,247,240,7
121900054,467,907,-440
121900055,0,13,-13
121900058,105,254,-149
121900059,218,116,102
121900060,76,346,-270
121900061,135,146,-11
121900062,98,75,23
121900063,700,387,313
121900064,141,743,-602
121900066,27,37,-10
121900067,19,30,-11
121900069,165,121,44
121900070,201,117,84
121900071,140,291,-151
121900072,14,205,-191
121900073,287,173,114
121900074,866,516,350
121900075,523,272,251
121900076,306,631,-325
121900077,11,75,-64
121900078,43,66,-23
121900079,0,0,0
121900080,578,521,57
121900082,12,129,-117
121900084,4,219,-215
121900085,0,15,-15
121900086,10,85,-75
121900087,177,135,42
121900088,2455,2268,187
121900089,84,433,-349
121900090,8,111,-103
121900091,28,129,-101
121900092,65,143,-78
121900093,41,85,-44
121900094,12,0,12
121900095,123,115,8
121900096,1403,524,879
121900097,259,145,114
121900098,4,10,-6
121900099,164,99,65
121900100,198,197,1
121900101,140,133,7
121900102,11,114,-103
121900103,410,255,155
121900104,835,217,618
121900105,70,80,-10
121900106,13,12,1
121900107,25,47,-22
121900108,0,16,-16
121900109,305,120,185
121900110,191,1509,-1318
121900111,989,120,869
121900112,115,124,-9
121900113,63,200,-137
121900114,15,55,-40
121900117,233,64,169
121900118,2239,407,1832
121900119,78,101,-23
121900120,36,1218,-1182
121900121,434,50,384
121900122,8,51,-43
121900123,192,366,-174
121900124,116,163,-47
121900125,860,914,-54
121900127,20,78,-58
121900128,39,140,-101
121900129,926,97,829
121900130,74,232,-158
121900131,186,114,72
121900132,79,161,-82
121900133,111,394,-283
121900134,11,141,-130
121900135,2680,286,2394
121900136,164,538,-374
121900137,45,313,-268
121900138,67,236,-169
121900139,341,353,-12
121900140,31,158,-127
121900141,26,18,8
121900142,60,161,-101
121900143,7,128,-121
121900144,200,265,-65
121900145,299,227,72
121900146,485,700,-215
121900147,42,161,-119
121900148,124,307,-183
121900149,312,749,-437
121900150,53,127,-74
121900151,58,190,-132
121900152,95,161,-66
121900153,86,566,-480
121900154,7,149,-142
121900155,1,71,-70
121900156,192,100,92
121900157,3,486,-483
121900158,46,74,-28
121900159,0,221,-221
121900160,23,207,-184
121900161,443,351,92
121900162,158,115,43
121900163,79,836,-757
121900164,357,190,167
121900165,148,233,-85
121900166,77,205,-128
121900167,138,87,51
121900168,148,114,34
121900169,1,369,-368
121900170,3,224,-221
121900171,444,548,-104
121900172,316,383,-67
121900173,1043,207,836
121900174,25,48,-23
121900175,95,166,-71
121900176,416,1869,-1453
121900177,142,48,94
121900178,15,60,-45
121900179,193,145,48
121900180,5830,2623,3207
121900182,475,286,189
121900183,440,517,-77
121900184,33,562,-529
121900186,6,347,-341
121900187,17,97,-80
121900188,540,385,155
121900189,40,121,-81
121900190,145,483,-338
121900191,60,158,-98
121900192,368,546,-178
121900193,31,237,-206
121900194,2,154,-152
121900195,104,121,-17
121900196,829,846,-17
121900197,341,1988,-1647
121900198,918,1085,-167
121900199,4,28,-24
121900200,54,266,-212
121900201,1221,521,700
121900202,113,346,-233
121900203,267,733,-466
121900204,1253,835,418
121900205,6,108,-102
121900206,9,9,0
121900207,158,38,120
121900208,162,332,-170
121900209,49,26,23
121900210,1026,943,83
121900211,42,100,-58
121900212,112,113,-1
121900213,72,123,-51
121900214,2,414,-412
121900215,50,69,-19
121900216,33,103,-70
121900217,190,102,88
121900218,283,423,-140
121900220,269,7,262
121900221,233,567,-334
121900222,120,219,-99
121900223,140,77,63
121900224,61,73,-12
121900225,88,67,21
121900226,220,813,-593
121900227,95,348,-253
121900228,173,284,-111
121900230,93,83,10
121900231,548,427,121
121900232,274,342,-68
121900233,258,307,-49
121900234,140,426,-286
121900235,307,326,-19
121900236,232,162,70
121900237,91,252,-161
121900238,180,237,-57
121900239,134,39,95
121900240,167,150,17
121900241,59,73,-14
121900242,1,0,1
121900243,3,0,3
121900244,4,1,3
121900245,147,166,-19
121900246,1270,357,913
121900247,270,262,8
121900248,1486,812,674
121900250,208,293,-85
121900251,369,43,326
121900252,554,121,433
121900253,112,862,-750
121900254,463,262,201
121900255,186,72,114
121900258,2708,1560,1148
121900259,364,425,-61
121900260,51,274,-223
121900261,141,423,-282
121900262,375,710,-335
121900263,83,280,-197
121900264,2424,1409,1015
121900265,142,308,-166
121900266,189,221,-32
121900267,35,26,9
121900269,114,309,-195
121900270,14,161,-147
121900271,43,175,-132
121900273,389,1330,-941
121900274,112,256,-144
121900277,320,1576,-1256
121900278,99,944,-845
121900279,202,275,-73
121900280,164,317,-153
121900281,514,123,391
121900284,139,9,130
121900286,97,305,-208
121900287,30,19,11
121900288,1,3,-2
121900290,184,272,-88
121900291,379,588,-209
121900292,184,71,113
121900293,865,3311,-2446
121900294,233,3,230
121900295,61,283,-222
121900296,68,37,31
121900298,476,463,13
121900299,0,1,-1
121900300,7,0,7
121900301,17,4,13
121900302,0,61,-61
121900303,310,478,-168
121900304,0,13,-13
121900305,0,1,-1
121900306,55,2,53
121900307,28,13,15
121900308,13,433,-420
121900309,5,302,-297
121900310,70,487,-417
121900311,156,11,145
121900312,113,3,110
121900313,231,38,193
121900314,4,91,-87
121900315,4,0,4
121900316,0,17,-17
121900317,5,2,3
121900318,3,17,-14
121900319,7,42,-35
121900320,95,98,-3
121900321,6,0,6
121900322,1,25,-24
121900323,11,11,0
121900324,2,42,-40
121900325,6,0,6
121900326,1,19,-18
121900327,2,74,-72
121900328,0,39,-39
121900329,4,229,-225
121900330,1,50,-49
121900331,386,29,357
121900332,39,18,21
121900333,8,2,6
122000001,2465,3646,-1181
122000002,5807,1658,4149
122000003,2363,1511,852
122000004,3756,1309,2447
122000005,3213,1082,2131
122000006,2188,464,1724
122000007,1393,1191,202
122000008,6698,4229,2469
122000009,497,238,259
122000010,1975,2174,-199
122000011,3154,1034,2120
122000012,1237,953,284
122000013,2120,1185,935
122000014,1423,1883,-460
122000015,1428,921,507
122000016,560,886,-326
122000017,1167,1123,44
122000018,1358,1191,167
122000019,696,1581,-885
122000020,196,191,5
122000021,512,441,71
122000022,1224,1388,-164
122000023,486,2495,-2009
122000024,893,844,49
122000025,1554,979,575
122000026,1937,682,1255
122000027,600,4290,-3690
122000028,733,355,378
122000029,426,269,157
122000030,389,102,287
122000031,163,225,-62
122000032,1559,2821,-1262
122000033,891,778,113
122000034,589,569,20
122000035,367,732,-365
122000036,407,589,-182
122000037,343,253,90
122000038,293,368,-75
122000039,602,458,144
122000040,337,290,47
122000041,398,548,-150
122000042,260,429,-169
122000043,179,103,76
122000044,137,167,-30
122000045,1321,524,797
122000046,669,804,-135
122000047,273,170,103
122000048,3154,4083,-929
122000049,5443,2490,2953
122000050,1484,547,937
122000051,354,617,-263
122000052,560,290,270
122000053,147,526,-379
122000054,2317,1921,396
122000055,2168,2345,-177
122000056,7602,3231,4371
122000057,4953,2557,2396
122000058,4365,921,3444
122000059,3789,1313,2476
122000060,982,424,558
122000061,515,271,244
122000062,1454,385,1069
122000063,1545,405,1140
122000064,3273,2871,402
122000065,4715,2790,1925
122000066,1006,1047,-41
122000067,1486,1434,52
122000068,906,1297,-391
122000069,545,704,-159
122000070,604,3054,-2450
122000071,994,1813,-819
122000072,303,281,22
122000073,477,365,112
122000074,1730,1271,459
122000075,492,1208,-716
122000076,1576,1086,490
122000077,1411,576,835
122000078,3091,1565,1526
122000079,1727,681,1046
122000080,1111,335,776
122000081,234,292,-58
122000082,1067,608,459
122000083,1228,3525,-2297
122000084,849,813,36
122000085,261,1649,-1388
122000086,2174,4282,-2108
122000087,515,158,357
122000088,351,319,32
122000089,6430,2928,3502
122000090,318,392,-74
122000091,253,77,176
122000092,150,9,141
122000093,1479,831,648
122000094,8358,1451,6907
122000095,4133,2067,2066
122000096,3527,1359,2168
122000098,4373,1237,3136
122000099,2655,531,2124
122000100,1280,630,650
122000101,224,783,-559
122000102,1582,1167,415
122000103,1431,1426,5
122000104,246,213,33
122000105,252,311,-59
122000106,395,516,-121
122000107,1006,532,474
122000108,381,814,-433
122000109,307,385,-78
122000110,304,523,-219
122000111,2505,1097,1408
122000112,552,1194,-642
122000113,446,679,-233
122000114,3420,1458,1962
122000115,1702,1406,296
122000116,448,504,-56
122000117,974,353,621
122000118,417,552,-135
122000119,3233,1441,1792
122000120,2477,2294,183
122000121,3242,2107,1135
122000122,811,1051,-240
122000123,2358,1234,1124
122000124,1359,469,890
122000125,497,648,-151
122000126,770,685,85
122000127,1759,822,937
122000128,547,820,-273
122000129,359,616,-257
122000130,2331,530,1801
122000131,1548,590,958
122000132,808,362,446
122000133,1057,2136,-1079
122000134,453,484,-31
122000135,523,806,-283
122000136,402,255,147
122000137,780,725,55
122000139,1427,2266,-839
122000140,1182,433,749
122000141,5308,854,4454
122000142,526,617,-91
122000143,423,221,202
122000144,1813,831,982
122000145,1459,583,876
122000146,582,897,-315
122000147,913,366,547
122000148,3477,1164,2313
122000149,2280,1145,1135
122000150,1357,775,582
122000151,250,291,-41
122000152,387,232,155
122000153,465,250,215
122000154,281,182,99
122000155,1403,1878,-475
122000156,2319,1656,663
122000157,2141,1257,884
122000158,371,537,-166
122000159,998,1562,-564
122000160,4513,1012,3501
122000161,1110,597,513
122000162,2409,1194,1215
122000163,293,73,220
122000164,35,85,-50
122000165,702,646,56
122000166,896,979,-83
122000167,217,272,-55
122000168,192,508,-316
122000169,441,173,268
122000170,234,295,-61
122000171,43,92,-49
122000172,1609,1612,-3
122000173,1610,2252,-642
122000174,1762,813,949
122000175,1160,285,875
122000176,273,664,-391
122000177,1626,1316,310
122000178,3262,2192,1070
122000179,2077,2571,-494
122000180,1764,882,882
122000181,1938,2750,-812
122000182,2434,1141,1293
122000183,1686,966,720
122000184,2968,1877,1091
122000185,1426,1270,156
122000186,712,875,-163
122000187,1554,1030,524
122000188,413,213,200
122000189,255,372,-117
122000190,1043,884,159
122000191,983,465,518
122000192,847,316,531
122000193,345,720,-375
122000194,554,161,393
122000195,159,587,-428
122000196,874,623,251
122000197,486,733,-247
122000198,565,1014,-449
122000199,378,373,5
122000200,1376,507,869
122000201,1338,1573,-235
122000202,1086,1178,-92
122000203,2577,1620,957
122000204,1504,2073,-569
122000205,1634,1207,427
122000206,1925,809,1116
122000207,1274,1289,-15
122000208,1868,1595,273
122000209,2362,393,1969
122000210,1399,2229,-830
122000211,1088,1284,-196
122000212,644,450,194
122000213,942,1100,-158
122000214,1634,1692,-58
122000215,2134,1328,806
122000217,1922,1415,507
122000218,645,45,600
122000219,1343,1045,298
122000220,305,815,-510
122000221,109,456,-347
122000222,564,79,485
122000223,1051,420,631
122000225,589,302,287
122000226,1444,1876,-432
122000227,438,1899,-1461
122000228,325,431,-106
122000229,19,460,-441
122000230,56,810,-754
122000231,231,927,-696
122000232,600,1333,-733
122000233,0,166,-166
122000234,98,175,-77
122000235,392,235,157
122000236,483,213,270
122000237,129,66,63
122000238,100,185,-85
122000239,421,111,310
122000240,786,409,377
122000241,615,502,113
122000242,566,97,469
122000243,43,31,12
122000244,18,388,-370
122000245,30,119,-89
122000246,45,80,-35
122000247,464,470,-6
122000248,1217,1984,-767
122000249,306,550,-244
122000250,1306,625,681
122000251,266,432,-166
122000252,563,134,429
122000253,45,265,-220
122000254,129,93,36
122000255,693,1973,-1280
122000256,329,1485,-1156
122000257,116,432,-316
122000258,108,241,-133
122000259,15,785,-770
122000260,5,140,-135
122000261,4,226,-222
122000262,1,60,-59
122000263,92,99,-7
122000264,576,473,103
122000265,1847,753,1094
122000266,3867,556,3311
122000267,82,104,-22
122000268,158,389,-231
122000269,655,273,382
122000270,672,123,549
122000271,229,1195,-966
122000272,269,1268,-999
122000273,267,582,-315
122000274,64,199,-135
122000275,30,126,-96
122000276,459,758,-299
122000277,568,1541,-973
122000278,583,1069,-486
122000279,150,640,-490
122000280,731,810,-79
122000281,559,866,-307
122000282,147,133,14
122000283,341,53,288
122000284,85,86,-1
122000285,450,89,361
122000286,142,210,-68
122000287,741,1304,-563
122000288,277,314,-37
122000291,692,481,211
122000293,458,300,158
122000294,109,199,-90
122000295,1235,196,1039
122000296,50,609,-559
122000297,3733,2034,1699
122000299,396,539,-143
122000300,531,577,-46
122000301,15767,2652,13115
122000302,1239,832,407
122000303,5019,1350,3669
122000304,56,162,-106
122000305,670,320,350
122000306,17,864,-847
122000307,125,104,21
122000309,74,77,-3
122000310,9,13,-4
122000311,82,65,17
122000312,87,51,36
122000313,52,39,13
122000314,98,230,-132
122000315,194,17,177
122000316,394,231,163
122000317,735,156,579
122000318,207,431,-224
122000319,294,695,-401
122000320,322,2662,-2340
122000321,92,361,-269
122000322,3296,2422,874
122000323,1662,1557,105
122000324,1431,1361,70
122000325,930,1014,-84
122000326,24,133,-109
122000327,257,469,-212
122000328,1150,945,205
122000330,2209,625,1584
122000332,176,342,-166
122000333,10,162,-152
122000337,746,2142,-1396
122000338,481,549,-68
122000340,437,278,159
122000342,3063,1281,1782
122000343,388,1816,-1428
122000344,50,27,23
122000345,17,54,-37
122000346,264,645,-381
122000348,688,959,-271
122000349,131,878,-747
122000351,80,228,-148
122000352,283,77,206
122000353,75,131,-56
122000355,100,230,-130
122000356,1650,744,906
122000357,46,17,29
122000358,0,81,-81
122000359,0,35,-35
122000360,0,70,-70
122000362,9,140,-131
122000364,119,504,-385
122000365,1,20,-19
122000366,5,5,0
122000368,452,944,-492
122000370,23,79,-56
122000371,29,0,29
122000372,3,0,3
122000381,56,307,-251
122000382,44,268,-224
122000384,4264,2013,2251
122000385,12,0,12
122000386,439,785,-346
122000387,433,640,-207
122000388,1331,348,983
122000389,153,811,-658
122000390,389,239,150
122000391,293,127,166
122000392,178,237,-59
122000393,17,210,-193
122000394,397,402,-5
122000395,99,146,-47
122000396,222,118,104
122000397,51,88,-37
122000398,21,75,-54
122000399,67,89,-22
122000400,151,228,-77
122000401,76,106,-30
122000402,191,119,72
122000403,437,1370,-933
122000404,111,361,-250
122000408,902,1209,-307
122000503,16,101,-85
122000524,217,96,121
122000544,52,1932,-1880
122000616,588,4,584
122000640,34,229,-195
122000641,39,510,-471
122000642,813,1474,-661
122000643,13,130,-117
122000644,188,21,167
122000645,87,202,-115
122000651,1930,660,1270
122000664,123,41,82
122000665,992,608,384
122000666,541,1074,-533
122000673,16,393,-377
122000674,66,54,12
122000675,1102,1198,-96
122000686,238,1604,-1366
122000687,676,465,211
122000688,121,937,-816
122000689,392,705,-313
122000690,617,818,-201
122000691,308,3174,-2866
122000692,1017,489,528
122000693,514,2433,-1919
122000695,139,626,-487
122000696,223,426,-203
122000698,170,1143,-973
122000699,147,135,12
122000701,1041,390,651
122000702,465,2471,-2006
122000703,136,49,87
122000717,299,46,253
122000718,530,444,86
122000719,50,54,-4
122000720,149,359,-210
122000724,119,27,92
122900001,26,4,22
122900002,1262,2188,-926
122900003,235,18,217
122900004,813,28,785
122900005,58,57,1
122900006,883,340,543
122900007,225,46,179
122900008,873,107,766
122900009,742,315,427
122900010,183,157,26
122900012,231,458,-227
122900014,150,362,-212
122900015,2624,399,2225
122900016,93,393,-300
122900017,405,808,-403
122900018,216,17,199
122900019,9,142,-133
122900020,403,438,-35
122900021,65,702,-637
122900022,369,1079,-710
122900023,259,395,-136
122900024,96,97,-1
122900025,19,147,-128
122900026,137,339,-202
122900027,70,698,-628
122900028,118,182,-64
122900029,5077,2300,2777
122900030,1584,508,1076
122900031,77,120,-43
122900032,115,210,-95
122900033,141,220,-79
122900034,4389,3936,453
122900035,22,23,-1
122900036,33,138,-105
122900037,291,133,158
122900038,127,1785,-1658
122900039,90,386,-296
122900040,243,444,-201
122900041,242,237,5
122900042,135,306,-171
122900043,322,205,117
122900044,69,306,-237
122900045,73,118,-45
122900046,141,159,-18
122900047,220,156,64
122900048,38,206,-168
122900049,1800,126,1674
122900051,105,86,19
122900052,17,148,-131
122900053,19,17,2
122900055,311,82,229
122900057,248,24,224
122900061,356,181,175
122900062,337,463,-126
122900063,192,442,-250
122900064,1076,684,392
122900065,331,163,168
122900066,398,282,116
122900067,1825,893,932
122900068,177,457,-280
122900069,186,1564,-1378
122900070,176,36,140
122900071,112,495,-383
122900072,16,723,-707
122900073,56,263,-207
122900074,215,887,-672
122900075,0,73,-73
122900076,7,243,-236
122900077,0,235,-235
122900078,34,172,-138
122900080,79,27,52
122900081,176,190,-14
122900082,558,261,297
122900083,192,118,74
122900084,2,268,-266
122900086,4,51,-47
122900087,96,708,-612
122900088,41,55,-14
122900089,10,210,-200
122900090,9,636,-627
122900091,91,0,91
122900092,0,303,-303
122900093,1,477,-476
122900094,5,289,-284
122900095,86,4,82
122900096,89,291,-202
122900097,35,19,16
122900098,99,139,-40
122900099,19,3,16
122900100,578,273,305
122900101,631,231,400
122900102,16,7,9
122900103,36,8,28
122900104,75,2,73
122900105,0,1,-1
122900106,1,106,-105
122900107,4,262,-258
122900108,5,228,-223
123000001,2493,441,2052
123000002,7094,2806,4288
123000003,3726,2600,1126
123000004,3696,5205,-1509
123000005,2384,2412,-28
123000006,2917,3639,-722
123000007,2991,2296,695
123000008,2602,4533,-1931
123000009,4357,2862,1495
123000010,3676,4553,-877
123000011,2919,696,2223
123000012,998,2705,-1707
123000013,2853,750,2103
123000014,1282,4327,-3045
123000015,4715,849,3866
123000016,7421,3094,4327
123000017,3329,1394,1935
123000018,54,110,-56
123000019,116,395,-279
123000020,126,165,-39
123000021,63,153,-90
123000022,492,1091,-599
123000023,1123,1118,5
123000024,861,541,320
123000025,12,99,-87
123000026,10,81,-71
123000027,323,576,-253
123000028,1113,199,914
123000029,888,519,369
123000030,174,905,-731
123000031,103,538,-435
123000032,177,356,-179
123000033,134,64,70
123000034,732,625,107
123000035,166,260,-94
123000036,262,732,-470
123000037,212,338,-126
123000038,92,205,-113
123000039,457,752,-295
123000040,1199,360,839
123000041,1034,633,401
123000042,864,532,332
123000043,4454,4432,22
123000044,7179,2279,4900
123000045,12153,2086,10067
123000046,904,725,179
123000047,2442,1250,1192
123000048,81,399,-318
123000049,9124,4441,4683
123000050,840,1162,-322
123000051,94,165,-71
123000052,522,2561,-2039
123000053,2181,3356,-1175
123000054,1130,1256,-126
123000055,1726,1188,538
123000056,1351,1948,-597
123000057,21054,5335,15719
123000058,667,659,8
123000059,442,483,-41
123000060,599,374,225
123000061,187,787,-600
123000063,722,684,38
123000064,697,207,490
123000065,8356,3490,4866
123000066,1134,781,353
123000067,446,629,-183
123000068,3083,3806,-723
123000069,9589,4196,5393
123000070,347,951,-604
123000071,560,1308,-748
123000072,862,1761,-899
123000073,723,890,-167
123000074,816,2237,-1421
123000075,336,917,-581
123000076,442,1245,-803
123000077,2202,4315,-2113
123000078,1033,1674,-641
123000079,1005,2136,-1131
123000080,2028,2997,-969
123000081,165,769,-604
123000082,437,1397,-960
123000083,810,129,681
123000084,357,758,-401
123000085,118,172,-54
123000086,252,562,-310
123000087,91,614,-523
123000088,842,1522,-680
123000089,423,1572,-1149
123000090,1080,1361,-281
123000091,1569,1603,-34
123000092,1213,1156,57
123000094,327,310,17
123000095,277,595,-318
123000096,314,526,-212
123000097,308,1266,-958
123000098,489,547,-58
123000099,494,1053,-559
123000100,426,608,-182
123000101,528,446,82
123000102,555,668,-113
123000104,321,338,-17
123000105,638,579,59
123000106,475,301,174
123000107,435,561,-126
123000108,924,1467,-543
123000111,517,260,257
123000112,686,601,85
123000113,488,2160,-1672
123000114,412,372,40
123000115,178,293,-115
123000116,27,153,-126
123000117,1256,2469,-1213
123000118,388,1177,-789
123000119,244,1207,-963
123000120,365,1098,-733
123000121,498,665,-167
123000122,470,266,204
123000123,350,554,-204
123000124,581,583,-2
123000125,1056,800,256
123000126,1653,2151,-498
123000127,1276,914,362
123000128,305,477,-172
123000129,376,216,160
123000130,383,81,302
123000131,617,522,95
123000132,370,673,-303
123000133,348,419,-71
123000134,494,182,312
123000135,1261,1264,-3
123000136,198,1575,-1377
123000137,85,506,-421
123000138,74,522,-448
123000139,307,144,163
123000140,150,938,-788
123000141,730,132,598
123000142,1068,1109,-41
123000143,1106,2745,-1639
123000144,28,9,19
123000145,219,187,32
123000146,61,113,-52
123000147,75,120,-45
123000149,288,307,-19
123000150,167,178,-11
123000151,329,429,-100
123000152,133,374,-241
123000153,197,461,-264
123000154,2209,1460,749
123000155,2774,981,1793
123000156,32,83,-51
123000157,538,872,-334
123000158,720,613,107
123000159,3186,1854,1332
123000160,685,460,225
123000161,1165,830,335
123000162,416,1233,-817
123000163,307,60,247
123000164,858,296,562
123000165,299,2259,-1960
123000166,37,180,-143
123000167,87,378,-291
123000168,199,410,-211
123000169,427,109,318
123000170,53,390,-337
123000171,269,76,193
123000172,177,782,-605
123000173,441,217,224
123000174,696,247,449
123000175,1002,1548,-546
123000176,941,146,795
123000177,332,1266,-934
123000178,448,116,332
123000179,42,891,-849
123000180,1076,322,754
123000181,377,1687,-1310
123000182,153,751,-598
123000183,134,304,-170
123000184,72,964,-892
123000185,308,488,-180
123000186,5,749,-744
123000187,371,1,370
123000188,113,1,112
123000189,162,211,-49
123000190,31,77,-46
123000192,20,365,-345
123000193,44,647,-603
123000194,517,292,225
123000195,176,22,154
123000196,180,14,166
123000197,44,111,-67
123000198,16,228,-212
123000199,11,539,-528
123000200,327,11,316
123000201,626,17,609
123000202,23,1491,-1468
123000203,607,50,557
123000204,79,1394,-1315
123000205,466,2367,-1901
123000206,1391,142,1249
123000207,61,1122,-1061
123000208,222,84,138
123000209,1314,345,969
123000210,383,1883,-1500
123000211,571,3454,-2883
123000212,1736,416,1320
123000213,376,56,320
123000215,141,121,20
123000216,267,677,-410
123000217,131,20,111
123000218,99,430,-331
123000219,1194,36,1158
123000220,401,85,316
123000221,145,205,-60
123000222,312,927,-615
123000223,162,723,-561
123000224,263,717,-454
123000225,280,132,148
123000226,81,463,-382
123000227,72,448,-376
123000228,214,65,149
123000229,1076,2450,-1374
123000232,105,572,-467
123000233,422,176,246
123000234,132,826,-694
123000235,314,377,-63
123000236,173,1117,-944
123000237,171,84,87
123000238,52,899,-847
123000239,431,2528,-2097
123000240,43,297,-254
123000241,924,161,763
123000242,109,243,-134
123000243,366,1176,-810
123000244,721,523,198
123000245,88,208,-120
123000249,367,724,-357
123000252,578,207,371
123000253,563,411,152
123000254,504,1297,-793
123000255,711,748,-37
123000256,30,304,-274
123000257,3763,2617,1146
123000258,855,1324,-469
123000259,180,453,-273
123000260,331,805,-474
123000261,111,373,-262
123000262,102,318,-216
123000263,228,125,103
123000264,176,52,124
123000265,45,215,-170
123000266,436,831,-395
123000267,282,337,-55
123000268,38,99,-61
123000269,26,28,-2
123000270,17,32,-15
123000271,47,86,-39
123000272,878,220,658
123000273,238,418,-180
123000274,1157,442,715
123000275,296,1215,-919
123000278,3604,2473,1131
123000279,73,119,-46
123000280,301,376,-75
123000281,164,88,76
123000282,71,258,-187
123000283,52,31,21
123000284,41,142,-101
123000286,239,221,18
123000287,433,263,170
123000288,838,544,294
123000289,459,774,-315
123000291,365,890,-525
123000294,161,246,-85
123000295,759,1036,-277
123000296,230,454,-224
123000297,218,1021,-803
123000298,237,865,-628
123000299,43,323,-280
123000300,640,708,-68
123000301,65,171,-106
123000302,58,279,-221
123000303,72,105,-33
123000305,1024,917,107
123000306,49,315,-266
123000309,46,72,-26
123000310,52,31,21
123000311,0,118,-118
123000312,726,1118,-392
123000313,157,309,-152
123000315,60,474,-414
123000316,1996,24,1972
123000317,184,67,117
123000318,47,316,-269
123000329,11,16,-5
123000337,193,251,-58
123000338,668,62,606
123000339,95,317,-222
123000340,151,484,-333
123000342,5,5,0
123000343,56,1,55
123000344,1198,460,738
123000345,382,707,-325
123000346,186,99,87
123000352,2537,929,1608
123000353,26,127,-101
123000354,158,17,141
123000355,4,484,-480
123000356,170,3,167
123000357,2,370,-368
123000359,0,303,-303
123000360,138,14,124
123000361,689,344,345
123000362,260,181,79
123000363,99,258,-159
123000364,449,300,149
123000365,20,309,-289
123000366,259,1342,-1083
123000367,243,1376,-1133
123000370,38,390,-352
123000371,676,25,651
123000372,196,25,171
123000373,5,502,-497
123000374,7,255,-248
123000375,150,30,120
123000376,591,483,108
123000377,295,24,271
123000378,10,562,-552
123000379,2,275,-273
123000380,73,242,-169
123000381,150,37,113
123000382,1383,73,1310
123000383,356,783,-427
123000384,426,117,309
123000385,494,761,-267
123000436,48,872,-824
123000507,195,427,-232
123000508,230,434,-204
123000517,258,26,232
123000518,43,305,-262
123000519,99,68,31
123000520,89,244,-155
123000521,254,123,131
123000522,184,676,-492
123000541,0,0,0
123000542,1,32,-31
123000565,4,0,4
123000566,339,1050,-711
123000567,124,284,-160
123000573,40,1197,-1157
123000574,311,71,240
123000575,875,1631,-756
123000576,611,2515,-1904
123000577,123,721,-598
123000578,760,95,665
123000579,7507,3233,4274
123000580,112,15,97
123000582,254,29,225
123000583,22,736,-714
123000584,93,246,-153
123000585,0,177,-177
123000586,85,21,64
123000596,64,152,-88
123000597,48,86,-38
123000602,6,1,5
123000603,253,876,-623
123000604,331,1513,-1182
123000605,756,149,607
123000606,1,268,-267
123000609,31,353,-322
123000610,213,107,106
123000613,31,118,-87
123000614,147,67,80
123000615,28,196,-168
123000616,233,69,164
123000617,72,752,-680
123000618,113,841,-728
123000619,493,28,465
123000620,13,738,-725
123000622,249,15,234
123000624,65,40,25
123000630,427,353,74
123000631,236,2241,-2005
123000632,1021,1422,-401
123000633,0,207,-207
123000634,88,65,23
123000635,309,88,221
123000636,11,729,-718
123000637,90,200,-110
123000638,369,154,215
123000639,1271,2092,-821
123000640,39,1366,-1327
123900001,1651,69,1582
123900002,16,991,-975
123900003,345,856,-511
123900005,175,116,59
123900006,143,24,119
124000001,1366,120,1246
124000002,164,2327,-2163
124000003,474,123,351
124000004,59,894,-835
124000005,613,206,407
124000006,275,1791,-1516
124000007,562,84,478
124000008,11,522,-511
124000009,201,273,-72
124000010,110,606,-496
124000011,688,361,327
124000012,298,1098,-800
124000017,67,113,-46
124000018,113,146,-33
124000019,89,91,-2
124000020,54,255,-201
124000021,82,88,-6
124000022,95,309,-214
124000023,1093,1089,4
124000024,1009,659,350
124000025,1064,1164,-100
124000026,1248,1191,57
124000027,5541,3480,2061
124000028,3318,3898,-580
124000030,3675,1227,2448
124000031,639,973,-334
124000032,5361,970,4391
124000033,5,99,-94
124000034,2756,599,2157
124000035,21,99,-78
124000036,76,166,-90
124000037,523,533,-10
124000038,79,50,29
124000039,1088,311,777
124000040,651,753,-102
124000041,216,50,166
124000042,87,387,-300
124000043,63,59,4
124000044,61,349,-288
124000045,435,545,-110
124000046,212,1000,-788
124000047,870,921,-51
124000048,638,2439,-1801
124000049,1001,623,378
124000050,520,3030,-2510
124000051,428,462,-34
124000052,484,1668,-1184
124000053,395,919,-524
124000054,837,849,-12
124000055,1115,1305,-190
124000056,4173,1687,2486
124000057,618,490,128
124000058,380,1758,-1378
124000059,454,577,-123
124000060,1240,1107,133
124000061,1310,2703,-1393
124000062,6194,1829,4365
124000063,1365,1477,-112
124000064,2617,1936,681
124000065,20,186,-166
124000066,390,212,178
124000067,68,316,-248
124000068,6,12,-6
124000069,38,27,11
124000070,30,155,-125
124000071,199,89,110
124000072,183,691,-508
124000073,638,91,547
124000074,257,1129,-872
124000075,128,29,99
124000076,3,352,-349
124000077,1864,705,1159
124000078,2370,545,1825
124000079,571,1128,-557
124000080,311,122,189
124000081,173,886,-713
124000082,30,107,-77
124000083,41,174,-133
124000084,61,270,-209
124000085,84,67,17
124000086,27,103,-76
124000087,80,40,40
124000088,200,537,-337
124000089,447,459,-12
124000090,79,523,-444
124000091,377,147,230
124000092,82,879,-797
124000093,109,114,-5
124000094,177,552,-375
124000095,45,68,-23
124000096,85,364,-279
124000097,52,68,-16
124000098,55,140,-85
124000099,134,134,0
124000100,27,148,-121
124000101,52,103,-51
124000102,79,105,-26
124000103,38,86,-48
124000104,97,116,-19
124000105,34,56,-22
124000106,113,118,-5
124000107,28,98,-70
124000108,72,36,36
124000109,78,55,23
124000110,176,158,18
124000111,137,147,-10
124000112,499,802,-303
124000113,38,67,-29
124000114,195,626,-431
124000115,309,980,-671
124000116,79,103,-24
124000117,41,98,-57
124000118,34,34,0
124000119,885,705,180
124000120,508,616,-108
124000121,1499,515,984
124000122,591,1161,-570
124000123,821,365,456
124000124,449,1007,-558
124000125,347,347,0
124000126,305,561,-256
124000127,628,431,197
124000128,661,1070,-409
124000129,1846,1392,454
124000130,763,635,128
124000131,831,469,362
124000132,930,701,229
124000133,639,777,-138
124000134,676,733,-57
124000135,1455,1501,-46
124000136,924,1121,-197
124000137,1144,688,456
124000138,1441,1133,308
124000139,422,31,391
124000140,36,496,-460
124000141,76,12,64
124000142,4,156,-152
124000143,10,9,1
124000144,5,102,-97
124000145,50,19,31
124000146,22,139,-117
124000148,37,57,-20
124000149,784,315,469
124000150,327,589,-262
124000151,588,220,368
124000152,673,1227,-554
124000153,637,454,183
124000154,581,852,-271
124000155,1011,649,362
124000156,1376,1057,319
124000169,179,311,-132
124000170,754,461,293
124000171,172,223,-51
124000172,329,728,-399
124000173,208,312,-104
124000174,287,874,-587
124000175,16,173,-157
124000176,31,6,25
124000177,8,38,-30
124000178,17,22,-5
124000190,165,54,111
124000191,418,77,341
124000192,2644,321,2323
124000193,552,1331,-779
124000194,329,573,-244
124000195,174,452,-278
124000196,818,1261,-443
124000197,45,73,-28
124000198,28,29,-1
124000201,329,1417,-1088
124000202,436,199,237
124000203,126,1203,-1077
124000204,328,566,-238
124000205,42,843,-801
124000206,244,526,-282
124000207,0,63,-63
124000209,234,932,-698
124000210,169,213,-44
124000211,199,2,197
124000212,0,784,-784
124000213,172,443,-271
124000214,145,1030,-885
124000215,126,7,119
124000216,6,702,-696
124000329,117,2980,-2863
124000338,50,1662,-1612
124000339,326,111,215
124000341,488,70,418
124000344,50,30,20
124000357,770,1377,-607
124000358,651,903,-252
124000359,616,415,201
124000360,305,325,-20
124000361,1135,676,459
124000362,1827,2394,-567
124000363,281,490,-209
124000364,425,927,-502
124000365,597,1306,-709
124000366,1886,1041,845
124000367,118,722,-604
124000368,236,121,115
124000369,105,77,28
124000370,86,886,-800
124000402,30,5,25
124000403,36,16,20
124000404,8,110,-102
124000405,969,683,286
124000406,975,855,120
124000407,0,28,-28
124000411,8,501,-493
124000412,189,11,178
124000413,227,46,181
124000414,49,101,-52
124000415,52,227,-175
124000416,108,434,-326
124000417,99,116,-17
124000418,78,141,-63
124000419,71,233,-162
124000420,20,72,-52
124000421,29,364,-335
124000422,15,11,4
124000423,99,40,59
124000424,1,129,-128
124000425,20,11,9
124000426,3,52,-49
124000427,15,15,0
124000428,18,39,-21
124000429,29,47,-18
124000430,565,787,-222
124000431,234,844,-610
124000432,124,934,-810
124000439,2,6,-4
124000443,1,5,-4
124000445,149,472,-323
124000446,2436,74,2362
124900001,304,269,35
124900002,95,558,-463
124900003,523,526,-3
124900004,326,338,-12
124900005,217,300,-83
124900006,363,428,-65
124900008,1056,458,598
124900009,89,171,-82
124900010,103,62,41
124900011,261,131,130
124900012,364,70,294
124900013,333,91,242
124900014,97,98,-1
124900015,88,193,-105
124900016,40,74,-34
124900017,576,409,167
124900018,20,10,10
124900020,42,73,-31
124900021,160,36,124
124900022,15,2,13
124900024,150,15,135
124900026,74,12,62
124900027,45,178,-133
124900028,675,108,567
124900029,11,324,-313
124900030,1,154,-153
124900031,40,457,-417
124900032,248,183,65
124900033,67,487,-420
124900034,10,143,-133
124900035,162,511,-349
124900036,4,50,-46
124900037,189,381,-192
124900038,250,364,-114
124900039,0,25,-25
124900040,46,103,-57
124900041,191,1386,-1195
124900042,42,1,41
124900043,323,1323,-1000
124900044,59,5,54
124900045,652,986,-334
124900046,1795,294,1501
124900047,101,230,-129
124900048,120,196,-76
124900050,112,305,-193
124900052,70,432,-362
124900053,57,477,-420
124900054,3093,337,2756
124900055,0,128,-128
124900057,10,97,-87
124900060,67,265,-198
124900061,12,10,2
124900062,50,23,27
124900066,2,15,-13
124900067,7,191,-184
124900068,173,292,-119
124900070,68,32,36
124900072,46,11,35
124900074,211,317,-106
124900075,89,233,-144
124900076,17,528,-511
124900077,16,113,-97
124900078,29,11,18
124900079,812,69,743
124900080,184,908,-724
124900081,533,226,307
124900082,356,1076,-720
124900083,182,598,-416
124900084,2942,113,2829
124900085,1222,245,977
124900086,89,690,-601
124900087,630,95,535
124900088,671,107,564
124900089,1547,31,1516
124900090,175,176,-1
124900091,179,678,-499
124900092,163,456,-293
124900093,157,232,-75
124900094,172,198,-26
124900095,71,350,-279
124900096,530,179,351
124900097,192,58,134
124900098,144,489,-345
124900099,724,353,371
124900100,269,67,202
124900101,29,440,-411
124900102,136,21,115
124900103,79,389,-310
124900104,38,229,-191
124900105,64,206,-142
124900106,272,32,240
124900107,70,19,51
124900108,183,26,157
124900109,33,101,-68
124900110,143,458,-315
124900111,3,68,-65
124900112,64,994,-930
124900113,104,163,-59
124900114,223,72,151
124900115,65,51,14
124900116,95,83,12
124900117,649,140,509
124900118,150,112,38
124900119,256,85,171
124900120,39,464,-425
124900121,114,177,-63
124900122,620,251,369
124900123,381,73,308
124900124,159,183,-24
129000186,60,39,21
204000001,45,18,27
204000002,20,3,17
204000003,46,3,43
204000004,4,3,1
204000005,319,341,-22
204000006,832,1101,-269
204000011,14,61,-47
204000012,39,95,-56
204000013,0,11,-11
204000019,433,570,-137
204000020,423,665,-242
204000021,1831,816,1015
204000022,434,489,-55
204000023,388,1109,-721
204000031,68,29,39
204000032,440,27,413
204000034,13,355,-342
204000035,2,2,0
204000036,7,19,-12
204000037,0,17,-17
204000038,0,24,-24
204000039,5,51,-46
204000040,17,48,-31
204000041,2,59,-57
204000042,23,13,10
204000043,22,2,20
204000044,16,3,13
204000045,47,10,37
204000046,38,22,16
204000057,3,48,-45
204000062,6,85,-79
204000068,17,177,-160
204000069,22,217,-195
204000070,38,100,-62
204000080,36,48,-12
204000085,1324,1632,-308
204000086,2724,2012,712
204000087,59,10,49
204000088,8,128,-120
204000090,11,433,-422
204000093,179,40,139
204000096,539,642,-103
204000097,203,30,173
204000099,797,1124,-327
204000100,859,1061,-202
204000105,1942,1708,234
204000110,860,1291,-431
204000111,306,769,-463
204000112,844,972,-128
204000113,403,956,-553
204000114,570,620,-50
204000115,321,301,20
204000116,1271,451,820
204000119,1637,1720,-83
204000132,401,230,171
204000133,456,260,196
204000134,269,135,134
204000135,279,91,188
204000136,173,225,-52
204000138,167,290,-123
204000140,121,56,65
204000141,77,45,32
204000144,5,29,-24
204000145,352,20,332
204000146,28,470,-442
204000147,14,121,-107
204000148,195,26,169
204000154,3,2,1
204000155,3,8,-5
204000177,79,84,-5
204000179,11,3,8
204000180,0,34,-34
204000222,10,48,-38
204000235,15,20,-5
204000236,107,380,-273
204000238,16,25,-9
204000240,247,67,180
204000263,506,1252,-746
204000268,960,477,483
204000308,173,22,151
204000317,8,87,-79
204000322,1,45,-44
204000323,29,16,13
204000328,223,75,148
204000329,48,124,-76
204000330,122,37,85
204000331,30,163,-133
204010341,9,327,-318
205000001,1142,1535,-393
205000013,6,82,-76
205000014,8,94,-86
205000015,40,225,-185
205000016,11,183,-172
205000017,23,108,-85
205000022,307,649,-342
205000025,1612,967,645
205000029,203,5,198
205000045,80,188,-108
205000046,84,448,-364
205000047,74,488,-414
205000048,202,918,-716
205000049,123,682,-559
205000050,773,283,490
205000059,1,267,-266
205000060,0,80,-80
205000061,2,49,-47
205000062,1,32,-31
205000063,6,84,-78
205000064,15,125,-110
205000065,49,811,-762
205000066,83,911,-828
205000067,39,1106,-1067
205000069,140,13,127
205000082,145,242,-97
205000110,51,200,-149
205000111,131,250,-119
205000112,100,200,-100
205000113,177,347,-170
205000121,196,35,161
205000123,52,216,-164
205000126,337,99,238
205000127,590,134,456
205000128,395,55,340
205000129,453,82,371
205000130,226,12,214
205000131,370,7,363
205000132,395,1,394
205000133,179,4,175
205000134,136,0,136
205000137,125,135,-10
205000138,220,348,-128
205000139,43,125,-82
205000144,68,60,8
205000145,331,167,164
205000151,210,48,162
205000152,111,46,65
205000153,164,34,130
205000154,98,56,42
205000155,39,8,31
205000207,7,203,-196
205000233,7,0,7
205000234,0,0,0
205000243,0,0,0
205000244,0,4,-4
205000245,19,335,-316
205000249,0,44,-44
205000250,2,0,2
205000264,3,81,-78
206000027,9,5,4
206000028,1,3,-2
206000043,14,218,-204
206000053,2,16,-14
206000054,6,29,-23
206000055,0,21,-21
206000075,12,8,4
206000076,18,8,10
206000077,6,4,2
206000078,10,3,7
206000079,5,3,2
206000082,478,14,464
206000100,88,856,-768
206000103,2,24,-22
206000104,14,28,-14
206000105,3,37,-34
206000106,21,26,-5
206000108,565,26,539
206000125,48,0,48
206000157,95,864,-769
206000170,3,360,-357
206000171,2,291,-289
206000172,14,1422,-1408
206000173,2,432,-430
206000174,5,226,-221
206000175,5,286,-281
206000176,11,520,-509
206000177,4,353,-349
206000178,0,244,-244
206000179,5,139,-134
206000180,15,316,-301
206000181,17,489,-472
206000182,7,489,-482
206000183,27,1407,-1380
206000184,3,731,-728
206000185,3,588,-585
206000186,132,2601,-2469
206000223,9,437,-428
206000226,7,11,-4
206000227,39,2,37
206000237,22,583,-561
206000238,49,905,-856
206000239,702,3341,-2639
206000240,1,60,-59
206000241,0,146,-146
206000242,6,807,-801
206000243,11,727,-716
206000244,61,1508,-1447
206000245,333,40,293
206000246,50,5,45
206000247,95,8,87
206000248,180,7,173
206000252,52,23,29
206000258,26,50,-24
206000315,20,3,17
206000317,201,78,123
206000318,178,40,138
206000319,486,50,436
206000320,55,33,22
206000321,46,16,30
206000322,156,9,147
206000323,64,2,62
206000324,52,3,49
206000325,94,9,85
206000326,116,4,112
206000327,141,7,134
206000328,61,4,57
206000329,82,7,75
206000330,28,9,19
206000331,113,3,110
206000332,8,8,0
206000333,188,7,181
206000334,139,0,139
206000335,1,28,-27
206000361,4,256,-252
206000392,2,56,-54
206000405,121,0,121
206000441,14,19,-5
206000498,27,1,26
206000515,107,14,93
206000530,65,35,30
206000531,88,52,36
206000532,2987,64,2923
206000535,508,2455,-1947
206000536,18,343,-325
206000537,8,266,-258
206000613,1272,153,1119
207000001,140,425,-285
207000002,72,320,-248
207000003,89,227,-138
207000007,533,223,310
207000008,50,8,42
207000009,27,22,5
207000010,412,705,-293
207000012,249,186,63
207000015,378,2101,-1723
207000019,120,75,45
207000021,443,119,324
207000022,75,82,-7
207000023,154,35,119
207000024,0,10,-10
207000025,11,46,-35
207000026,95,45,50
207000027,32,92,-60
207000028,48,245,-197
207000029,279,494,-215
207000033,147,223,-76
207000034,191,47,144
207000039,206,120,86
207000040,152,115,37
207000041,67,45,22
207000042,166,67,99
207000043,147,177,-30
207000051,67,425,-358
207000052,26,258,-232
207000053,407,789,-382
207000054,20,152,-132
207000055,86,216,-130
207000056,199,418,-219
207000057,115,310,-195
207000058,74,468,-394
207000059,59,856,-797
207000060,29,269,-240
207000061,98,149,-51
207000062,117,36,81
207000063,124,95,29
207000064,307,163,144
207000065,233,205,28
207000066,101,167,-66
207000067,20,107,-87
207000068,103,59,44
207000069,466,333,133
207000082,53,427,-374
207000083,85,518,-433
207000084,121,206,-85
207000085,130,18,112
207000086,93,2,91
207000106,31,33,-2
207000107,30,36,-6
207000108,29,11,18
207000109,22,12,10
207000110,33,44,-11
207000111,55,64,-9
207000112,170,285,-115
207000114,20,23,-3
207000115,9,87,-78
207000116,24,336,-312
207000117,7,101,-94
207000118,3,130,-127
207000119,21,134,-113
207000123,159,21,138
207000124,60,16,44
207000125,21,36,-15
207000126,48,33,15
207000134,24,273,-249
207000135,26,389,-363
207000148,45,184,-139
207000149,69,41,28
207000152,152,331,-179
207000153,1320,1123,197
207000154,546,111,435
207000159,67,443,-376
207000160,100,936,-836
207000238,4,62,-58
207000242,1,193,-192
207000248,34,28,6
207000249,152,61,91
207000250,728,86,642
207000251,55,76,-21
207000252,51,78,-27
207000278,37,67,-30
207000279,15,387,-372
207000280,228,73,155
207000281,81,1663,-1582
207000282,169,50,119
207000283,145,292,-147
207000284,47,77,-30
207000285,143,37,106
207000291,10,156,-146
207000304,95,46,49
207000306,73,421,-348
207000310,50,59,-9
207000353,184,7,177
207000356,13,20,-7
207000357,14,8,6
207000358,46,6,40
207000415,1,181,-180
207000417,23,2,21
207000418,100,138,-38
207000438,1,6,-5
207000439,1199,300,899
207000446,136,4,132
207000460,2,5,-3
207000466,148,244,-96
207000467,77,100,-23
207000468,27,834,-807
207000476,2,116,-114
207000477,354,114,240
207000478,8,21,-13
207000523,0,11,-11
207000524,12,0,12
207000527,66,127,-61
207000530,214,7,207
207000531,207,6,201
207000532,153,11,142
207000534,580,67,513
207000535,65,240,-175
207000537,24,98,-74
207000540,11,180,-169
207000541,6,318,-312
207000548,4,335,-331
207000549,170,13,157
207000561,82,169,-87
207000562,44,171,-127
207000567,157,286,-129
207000568,62,133,-71
207000569,193,1443,-1250
207000584,376,188,188
207000585,82,230,-148
207000616,1,279,-278
207000617,99,0,99
207900008,108,356,-248
208000001,413,579,-166
208000002,416,474,-58
208000003,639,512,127
208000004,939,602,337
208000005,30,19,11
208000019,416,821,-405
208000020,146,428,-282
208000021,143,635,-492
208000022,595,794,-199
208000028,1452,1001,451
208000033,330,750,-420
208000034,979,1763,-784
208000037,295,34,261
208000040,76,175,-99
208000041,761,456,305
208000042,631,499,132
208000047,78,393,-315
208000064,2689,1144,1545
208000066,1395,882,513
208000070,192,422,-230
208000071,248,820,-572
208000072,294,1251,-957
208000080,151,318,-167
208000081,164,159,5
208000082,200,379,-179
208000083,102,435,-333
208000084,7,14,-7
208000085,815,545,270
208000086,358,806,-448
208000087,288,701,-413
208000089,582,776,-194
208000090,596,1121,-525
208000093,60,128,-68
208000094,305,587,-282
208000095,458,379,79
208000104,750,860,-110
208000105,576,966,-390
208000114,57,126,-69
208000115,518,405,113
208000116,254,818,-564
208000117,59,147,-88
208000118,79,121,-42
208000155,552,953,-401
208000158,1597,2876,-1279
208000186,3221,2010,1211
208000204,388,969,-581
208000205,843,1497,-654
208000282,4116,1641,2475
209000004,117,213,-96
209000005,15,39,-24
209000006,437,101,336
209000007,207,228,-21
209000010,592,150,442
209000011,175,216,-41
209000012,107,222,-115
209000013,173,640,-467
209000014,704,1788,-1084
209000025,198,17,181
209000026,468,89,379
209000027,350,1210,-860
209000028,321,1043,-722
209000029,687,1010,-323
209000030,536,1828,-1292
209000031,3805,2931,874
209000034,128,149,-21
209000035,96,129,-33
209000036,103,95,8
209000037,111,170,-59
209000038,71,165,-94
209000039,38,157,-119
209000040,235,472,-237
209000041,216,396,-180
209000042,251,389,-138
209000043,678,597,81
209000044,207,546,-339
209000045,818,444,374
209000046,228,474,-246
209000047,210,193,17
209000048,284,267,17
209000049,80,141,-61
209000050,146,233,-87
209000051,221,381,-160
209000052,147,412,-265
209000062,47,218,-171
209000063,12,137,-125
209000064,26,222,-196
209000065,26,40,-14
209000066,34,25,9
209000067,39,60,-21
209000080,9,159,-150
209000082,53,57,-4
209000091,51,118,-67
209000093,128,59,69
209000094,225,211,14
209000110,44,75,-31
209000111,327,833,-506
209000112,543,382,161
209000113,1033,337,696
209000114,252,294,-42
209000115,54,193,-139
209000116,816,724,92
209000118,19,42,-23
209000119,53,15,38
209000121,102,707,-605
209000135,50,81,-31
209000142,586,792,-206
209000143,85,117,-32
209000144,35,99,-64
209000229,163,174,-11
209000240,42,456,-414
209000259,104,123,-19
209000260,122,1098,-976
209000261,8,729,-721
209000262,3,598,-595
209000263,1,163,-162
209000264,0,220,-220
209000265,375,2,373
209000266,67,0,67
209000267,461,10,451
209000268,496,43,453
210000037,56,26,30
210000047,37,26,11
210000048,45,32,13
210000049,71,39,32
210000052,42,167,-125
210000053,13,118,-105
210000054,36,100,-64
210000070,68,2,66
210000071,35,0,35
210000072,17,0,17
210000073,0,24,-24
210000074,0,106,-106
210000075,0,61,-61
210000076,12,123,-111
210000077,38,32,6
210000078,49,28,21
210000079,41,26,15
210000080,119,41,78
210000081,119,17,102
210000082,27,3,24
210000083,76,0,76
210000084,32,0,32
210000085,0,71,-71
210000086,2,110,-108
210000099,31,234,-203
210000100,24,257,-233
210000101,78,227,-149
210000105,29,215,-186
210000159,0,152,-152
210000163,245,303,-58
210000164,330,113,217
210000168,154,31,123
210000187,0,5,-5
210000188,0,20,-20
210000214,119,0,119
210000219,13,56,-43
210000220,24,83,-59
210000232,7,33,-26
210000233,20,50,-30
210000234,30,134,-104
210000235,33,162,-129
210000245,1,46,-45
210000246,34,1,33
210000258,7,120,-113
210000259,199,24,175
210000282,59,197,-138
210000285,0,82,-82
210000286,11,173,-162
210000290,4,6,-2
210000295,28,175,-147
210000296,56,88,-32
210000320,171,136,35
210000321,93,112,-19
210000338,72,129,-57
210000339,502,972,-470
210000340,77,284,-207
210000341,130,240,-110
210000342,137,196,-59
210000343,141,239,-98
210000344,210,86,124
210000345,214,176,38
210000346,83,99,-16
210000347,188,33,155
210000348,137,28,109
210000349,116,20,96
210000350,98,77,21
210000351,93,106,-13
210000352,48,86,-38
210000353,38,111,-73
210000354,78,128,-50
210000355,46,70,-24
210000356,59,58,1
210000357,53,51,2
210000358,263,91,172
210000359,101,57,44
210000360,132,92,40
210000361,122,126,-4
210000362,209,142,67
210000363,889,119,770
210000364,111,118,-7
210000365,70,40,30
210000366,82,51,31
210000367,59,27,32
210000368,106,23,83
210000369,26,28,-2
210000370,59,70,-11
210000372,43,41,2
210000373,76,14,62
210000374,42,4,38
210000375,22,90,-68
210000376,55,153,-98
210000404,139,143,-4
210000439,26,49,-23
210000472,93,6,87
210000482,78,58,20
210000564,624,183,441
210000567,0,4,-4
210000568,566,2,564
211000092,29,97,-68
211000094,23,7,16
211000169,178,11,167
211000172,16,236,-220
211000209,0,13,-13
211000226,24,21,3
211000270,4,10,-6
211000275,16,28,-12
211000276,76,53,23
211000279,6,41,-35
211000281,25,90,-65
211507980,5,36,-31
211977296,12,6,6
212000003,115,57,58
212000004,80,30,50
212000005,23,19,4
212000006,32,73,-41
212000008,126,209,-83
212000009,14,158,-144
212000012,47,85,-38
212000013,15,61,-46
212000014,207,175,32
212000015,172,217,-45
212000016,384,630,-246
212000027,336,552,-216
212000028,200,432,-232
212000029,130,277,-147
212000030,40,28,12
212000031,32,65,-33
212000048,40,102,-62
212000049,9,71,-62
212000050,11,11,0
212000051,140,257,-117
212000052,142,444,-302
212000053,240,672,-432
212000054,110,144,-34
212000055,154,274,-120
212000056,7,81,-74
212000057,9,42,-33
212000058,342,46,296
212000070,93,375,-282
212000077,86,738,-652
212000099,208,261,-53
212000108,176,206,-30
212000111,123,139,-16
212000120,117,100,17
212000138,92,23,69
212000156,2,98,-96
212000158,7,11,-4
212000159,237,48,189
212000160,367,235,132
212000161,34,14,20
212000310,24,25,-1
212000311,3,85,-82
212000374,22,9,13
213000001,22,809,-787
213000005,282,119,163
213000006,1045,152,893
213000007,92,15,77
213000009,525,282,243
213000010,135,213,-78
213000011,174,121,53
213000012,125,526,-401
213000014,25,11,14
213000015,165,3,162
213000016,194,1,193
213000017,27,0,27
213000018,1,256,-255
213000019,4,186,-182
213000020,116,447,-331
213000021,6,120,-114
213000023,291,194,97
213000033,236,867,-631
213000034,579,269,310
213000035,100,178,-78
213000045,122,222,-100
213000046,124,222,-98
213000047,479,854,-375
213000056,40,25,15
213000069,48,0,48
213000073,1,21,-20
213000074,198,677,-479
213000075,470,19,451
213000076,19,0,19
213000085,6,45,-39
213000086,8,250,-242
213000091,116,19,97
213000092,69,3,66
213000099,130,923,-793
213000100,1092,206,886
213000101,158,161,-3
213000102,181,429,-248
213000103,563,1062,-499
213000104,49,619,-570
213000105,5,68,-63
213000106,16,279,-263
213000107,108,863,-755
213000108,12,660,-648
213000109,6,337,-331
213000110,12,98,-86
213000111,6,87,-81
213000112,179,171,8
213000115,27,5,22
213000116,128,894,-766
213000117,10,1173,-1163
213000118,285,329,-44
213000119,60,987,-927
213000120,109,870,-761
213000122,175,972,-797
213000123,693,2028,-1335
213000124,85,2008,-1923
213000125,149,12,137
213000126,110,94,16
213000127,235,187,48
213000128,794,810,-16
213000129,580,313,267
213000130,291,156,135
213000132,176,80,96
213000133,233,72,161
213000134,646,24,622
213000136,327,12,315
213000137,455,75,380
213000139,321,11,310
213000147,34,2,32
213000148,13,9,4
213000149,26,2,24
213000150,1,98,-97
213000151,5,104,-99
213000152,0,77,-77
213000153,0,48,-48
213000154,27,189,-162
213000155,48,389,-341
213000156,88,720,-632
213000157,587,630,-43
213000158,261,883,-622
213000159,427,558,-131
213000163,413,90,323
213000165,756,148,608
213000171,1,132,-131
213000172,0,425,-425
213000173,6,407,-401
213000174,0,295,-295
213000175,10,196,-186
213000176,25,16,9
213000177,30,6,24
213000178,48,5,43
213000179,110,5,105
213000180,59,0,59
213000184,101,571,-470
213000188,285,87,198
213000189,194,41,153
213000190,666,911,-245
213000191,199,606,-407
213000192,172,667,-495
213000193,1344,206,1138
213000194,1,47,-46
213000195,9,527,-518
213000196,139,1036,-897
213000197,267,283,-16
213000198,8,2,6
213000200,105,1279,-1174
213000201,92,73,19
213000202,14,890,-876
213000203,2790,365,2425
213000204,397,29,368
213000205,214,50,164
213000206,282,41,241
213000207,37,6,31
213000208,127,4,123
213000209,79,2,77
213000210,279,1,278
213000211,3,4,-1
213000212,8,23,-15
213000213,7,38,-31
213000218,179,1122,-943
213000219,344,24,320
213000220,313,10,303
213000223,166,121,45
213000224,48,28,20
213000225,73,5,68
213000226,36,9,27
213000227,506,203,303
213000228,155,71,84
213000229,515,14,501
213000230,212,40,172
213000232,91,340,-249
213000233,9,22,-13
213000234,3,43,-40
213000293,2,67,-65
213000294,149,5,144
213000295,7,76,-69
213000296,52,25,27
213000297,7,121,-114
213000298,12,100,-88
213000299,53,40,13
213000300,8,4,4
213000303,3,41,-38
213000304,1,10,-9
213000305,3,12,-9
213000306,51,34,17
213000307,277,52,225
213000308,80,349,-269
213000309,203,57,146
213000310,215,81,134
213000311,337,770,-433
213000315,63,182,-119
213000316,68,51,17
213000322,60,209,-149
213000323,45,105,-60
213000324,33,93,-60
213000325,13,153,-140
213000326,30,57,-27
213000327,12,91,-79
213000328,14,113,-99
213000329,42,48,-6
213000340,78,1074,-996
213000341,212,80,132
213000346,259,128,131
213000347,936,163,773
213000348,10,222,-212
213000349,62,15,47
213000350,200,1831,-1631
213000366,59,427,-368
213000367,140,36,104
213000379,109,255,-146
213000386,26,221,-195
213000406,104,410,-306
213000417,970,381,589
213000425,129,62,67
213000426,68,110,-42
213000427,27,495,-468
213000428,31,250,-219
213000429,15,0,15
213000430,107,1292,-1185
213000431,40,3,37
213000432,0,10,-10
213000433,12,170,-158
213000434,74,138,-64
213000435,69,109,-40
213000436,13,117,-104
213000437,1,46,-45
213000438,121,108,13
213000439,39,12,27
213000440,11,263,-252
213000441,0,0,0
213000442,0,49,-49
213000443,364,395,-31
213000444,32,94,-62
213000445,1,116,-115
213000446,0,18,-18
213000447,5,21,-16
213000448,6,78,-72
213000449,124,3,121
213000450,23,55,-32
213000451,184,80,104
213000452,6,17,-11
213000453,44,440,-396
213000455,312,8,304
213000456,1,189,-188
213000481,9,5,4
213000482,25,6,19
213000489,560,45,515
213000491,0,89,-89
213000492,190,0,190
213000493,0,54,-54
213000494,157,170,-13
213000495,0,133,-133
213000496,262,253,9
213000497,39,481,-442
213000498,101,366,-265
213000499,111,859,-748
213000500,244,135,109
213000501,90,35,55
213000502,169,60,109
213000503,0,90,-90
213000504,2,225,-223
213000505,11,3,8
213000506,0,3,-3
213000507,1,206,-205
213900016,0,9,-9
213900244,14,0,14
213900245,1,43,-42
218000003,26,18,8
218000004,65,43,22
218000005,35,26,9
218000006,57,29,28
218000007,6,9,-3
218000012,225,113,112
218000013,73,101,-28
218000014,459,399,60
218000019,730,528,202
218000020,244,404,-160
218000021,54,159,-105
218000022,5,82,-77
218000023,1,88,-87
218000024,8,38,-30
218000025,18,44,-26
218000026,9,78,-69
218000027,0,48,-48
218000028,2,11,-9
218000029,2,3,-1
218000030,25,53,-28
218000031,6,86,-80
218000032,4,74,-70
218000040,3,0,3
218000046,37,217,-180
218000047,17,255,-238
218000048,104,286,-182
218000049,297,231,66
218000050,491,392,99
218000051,61,372,-311
218000052,4,172,-168
218000053,12,22,-10
218000054,35,50,-15
218000055,14,24,-10
218000056,20,44,-24
218000057,4,35,-31
218000064,4,8,-4
218000065,44,65,-21
218000066,4,69,-65
218000067,17,80,-63
218000068,80,97,-17
218000069,104,186,-82
218000070,91,309,-218
218000071,143,230,-87
218000072,231,263,-32
218000078,519,1405,-886
218000079,40,54,-14
218000080,44,56,-12
218000081,186,271,-85
218000082,10,184,-174
218000083,33,74,-41
218000084,83,255,-172
218000085,92,610,-518
218000086,33,233,-200
218000087,151,254,-103
218000090,8,66,-58
218000091,708,456,252
218000092,35,142,-107
218000093,55,76,-21
218000094,486,844,-358
218000099,305,463,-158
218000100,197,287,-90
218000101,131,185,-54
218000102,214,324,-110
218000103,73,218,-145
218000104,32,46,-14
218000105,21,8,13
218000106,10,15,-5
218000107,39,94,-55
218000108,0,43,-43
218000112,55,9,46
218000117,39,21,18
218000134,470,969,-499
218000135,18,105,-87
218000136,188,47,141
218000137,120,191,-71
218000138,11,114,-103
218000139,74,366,-292
218000140,162,201,-39
218000141,39,104,-65
218000142,93,268,-175
218000143,47,316,-269
218000144,29,105,-76
218000145,171,374,-203
218000146,44,144,-100
218000151,4,20,-16
218000152,30,60,-30
218000153,5,5,0
218000154,5,2,3
218000155,6,4,2
218000156,27,22,5
218000157,16,18,-2
218000158,5,4,1
218000159,4,11,-7
218000160,5,9,-4
218000161,13,14,-1
218000162,13,10,3
218000163,3,4,-1
218000164,21,17,4
218000165,24,25,-1
218000170,0,38,-38
218000171,26,8,18
218000172,10,31,-21
218000173,64,27,37
218000174,8,6,2
218000176,61,20,41
218000177,241,93,148
218000178,82,123,-41
218000179,34,37,-3
218000180,37,14,23
218000181,74,38,36
218000187,1,17,-16
218000188,32,62,-30
218000189,10,95,-85
218000190,6,35,-29
218000191,63,81,-18
218000192,120,580,-460
218000193,270,681,-411
218000194,53,604,-551
218000195,100,88,12
218000196,211,293,-82
218000197,139,419,-280
218000198,7,118,-111
218000199,22,25,-3
218000200,87,46,41
218000201,3,20,-17
218000202,145,159,-14
218000207,2,78,-76
218000208,29,93,-64
218000211,45,11,34
218000212,2,9,-7
218000213,112,55,57
218000214,3,16,-13
218000215,43,113,-70
218000217,5,127,-122
218000218,356,96,260
218000219,36,18,18
218000220,109,301,-192
218000221,632,142,490
218000222,38,31,7
218000223,30,88,-58
218000224,2,76,-74
218000225,118,17,101
218000226,54,47,7
218000230,0,8,-8
218000232,26,88,-62
218000239,69,4,65
218000240,54,8,46
218000241,11,1,10
218000242,115,0,115
218000243,26,1,25
218000244,11,0,11
218000245,12,1,11
218000246,0,2,-2
218000247,3,3,0
218000248,0,29,-29
218000249,0,5,-5
218000250,3,51,-48
218000251,3,14,-11
218000252,5,29,-24
218000253,16,12,4
218000254,0,4,-4
218000255,0,7,-7
218000256,9,38,-29
218000267,902,1202,-300
218000268,3,83,-80
218000269,3,23,-20
218000270,45,105,-60
218000271,36,116,-80
218000273,13,15,-2
218000274,4,14,-10
218000275,9,39,-30
218000276,4,62,-58
218000278,1,21,-20
218000279,48,83,-35
218000280,15,34,-19
218000281,16,17,-1
218000282,454,220,234
218000284,110,14,96
218000301,85,113,-28
218000302,85,64,21
218000303,89,57,32
218000316,563,944,-381
218000317,551,1082,-531
218000318,314,853,-539
218000319,609,1912,-1303
218000320,455,733,-278
218000338,32,26,6
218000345,89,50,39
218000346,32,123,-91
218000459,78,427,-349
218000490,28,82,-54
218000501,47,32,15
218000502,70,99,-29
218000503,62,9,53
218000504,106,8,98
218000505,45,143,-98
218000506,22,167,-145
218000508,3,0,3
218000510,175,9,166
218000520,129,83,46
218000521,4,91,-87
218000522,1,143,-142
218000523,66,3,63
218000524,43,159,-116
218000525,64,7,57
218000526,32,73,-41
218000529,23,296,-273
218000530,3,4,-1
218000531,2,26,-24
218000532,10,33,-23
218000534,52,22,30
218000537,5,28,-23
218000538,197,203,-6
218000540,432,94,338
218000543,114,46,68
218000544,31,143,-112
218000545,17,60,-43
218000546,35,134,-99
218000547,66,105,-39
218000548,113,219,-106
218000549,259,173,86
218000550,143,577,-434
218000551,189,453,-264
218000552,523,43,480
218000553,41,90,-49
218000554,9,35,-26
218000555,10,27,-17
218000556,78,511,-433
218000557,165,155,10
218000558,34,0,34
218000559,0,16,-16
218000560,0,3,-3
218000561,6,0,6
218000562,16,192,-176
218000563,87,33,54
218000564,35,116,-81
218000565,185,21,164
218000566,547,37,510
218000567,2,54,-52
218000568,8,4,4
218000569,9,127,-118
218000570,190,16,174
218000571,0,101,-101
218000572,113,0,113
218000573,21,83,-62
218000574,147,79,68
218000575,97,0,97
218000576,0,60,-60
218000577,51,0,51
218000578,1,96,-95
218000579,70,5,65
218000581,0,86,-86
218000582,26,3,23
218000583,2,0,2
218000584,0,31,-31
218000585,5,2,3
218000586,4,43,-39
218000587,0,5,-5
218000588,0,2,-2
218000589,0,0,0
218000590,0,1,-1
218000591,5,4,1
218000592,2,0,2
218000593,0,1,-1
218000594,1,1,0
218000595,0,0,0
218000596,0,0,0
218000597,0,0,0
218000598,0,0,0
218000599,0,0,0
218000600,0,1,-1
218000601,1,0,1
218000602,0,2,-2
218000603,0,3,-3
218000604,6,0,6
218000605,1,11,-10
218000606,26,0,26
218000607,12,43,-31
218000608,36,8,28
218000609,2,44,-42
218000610,46,4,42
218000611,15,5,10
218000612,2,22,-20
218000613,30,1,29
218000614,2,50,-48
218000615,66,1,65
218000616,5,155,-150
218000617,5,3,2
218000618,0,20,-20
218000619,19,22,-3
218000620,7,187,-180
218000621,0,3,-3
218000622,0,13,-13
218000623,5,1,4
218000624,0,37,-37
218000625,19,1,18
218000626,1,13,-12
218000628,69,40,29
218000631,9,24,-15
218000632,1,103,-102
218000633,17,2,15
218000634,29,16,13
218000635,48,25,23
218000636,553,1729,-1176
218000637,942,631,311
218000638,86,54,32
218000639,12,284,-272
218000640,95,18,77
218000641,30,487,-457
218000652,140,141,-1
218000653,138,48,90
218000663,2,120,-118
218000675,33,47,-14
218000676,1,56,-55
218000677,3,8,-5
218000680,122,682,-560
218000681,227,81,146
218000691,80,503,-423
218000693,73,76,-3
218000703,13,102,-89
218000718,1236,535,701
218000719,1574,154,1420
218000720,12,72,-60
218000721,44,20,24
218000725,5,7,-2
218001214,24,43,-19
218001258,21,8,13
218001329,58,66,-8
218001330,68,93,-25
218001351,11,13,-2
218001352,8,42,-34
218001353,3,9,-6
218001354,1,32,-31
218001356,141,3,138
218001358,75,6,69
218001361,64,62,2
219000001,13,55,-42
219000002,23,70,-47
219000003,27,25,2
219000004,39,24,15
219000017,119,10,109
219000020,75,14,61
219000022,65,8,57
219000023,76,1,75
219000029,1,96,-95
219000034,5,4,1
219000039,41,79,-38
219000040,44,21,23
219000041,72,33,39
219000051,0,85,-85
219000052,0,22,-22
219000053,2,324,-322
219000054,21,175,-154
219000055,60,2,58
219000056,9,0,9
219000057,27,0,27
219000062,5,340,-335
219000063,39,9,30
219000064,2,39,-37
219000110,213,24,189
219000111,85,24,61
219000112,134,39,95
219000113,58,34,24
219000114,201,61,140
219000116,63,22,41
219000117,155,64,91
219000118,76,36,40
219000123,235,76,159
219000124,48,44,4
219000125,2,14,-12
219000126,44,119,-75
219000127,0,2,-2
219000128,13,99,-86
219000129,30,133,-103
219000130,841,872,-31
219000131,705,826,-121
219000133,47,25,22
219000134,4,11,-7
219000135,9,38,-29
219000136,107,110,-3
219000138,56,37,19
219000139,17,54,-37
219000140,16,2,14
219000141,15,98,-83
219000142,11,60,-49
219000143,38,99,-61
219000145,7,54,-47
219000146,2,80,-78
219000147,0,57,-57
219000148,2,86,-84
219000149,21,270,-249
219000150,4,188,-184
219000151,0,115,-115
219000157,79,118,-39
219000158,126,245,-119
219000161,126,7,119
219000163,1536,383,1153
219000166,30,184,-154
219000167,105,242,-137
219000168,232,59,173
219000174,233,99,134
219000175,42,2,40
219000176,45,4,41
219000177,9,15,-6
219000178,16,8,8
219000179,9,8,1
219000180,55,34,21
219000182,60,14,46
219000183,28,75,-47
219000184,26,4,22
219000185,0,90,-90
219000186,13,72,-59
219000187,3,145,-142
219000189,166,139,27
219000190,127,233,-106
219000191,1499,968,531
219000192,104,150,-46
219000193,557,161,396
219000195,2,69,-67
219000196,3,141,-138
219000198,47,183,-136
219000199,110,190,-80
219000200,31,202,-171
219000201,64,294,-230
219000203,27,153,-126
219000204,54,246,-192
219000205,31,275,-244
219000207,157,264,-107
219000209,12,126,-114
219000210,45,123,-78
219000213,8,436,-428
219000239,123,227,-104
219000240,179,369,-190
219000241,101,261,-160
219000242,48,228,-180
219000243,66,444,-378
219000244,23,138,-115
219000245,78,42,36
219000246,28,8,20
219000247,61,15,46
219000248,321,187,134
219000249,91,60,31
219000250,106,88,18
219000251,359,142,217
219000252,144,95,49
219000253,194,29,165
219000255,53,84,-31
219000256,93,37,56
219000257,69,0,69
219000262,58,319,-261
219000263,43,290,-247
219000267,2,174,-172
219000268,1,8,-7
219000269,3,0,3
219000270,4,0,4
219000271,60,2,58
219000278,1,23,-22
219000279,0,9,-9
219000283,0,18,-18
219000295,4,100,-96
219000296,80,575,-495
219000297,8,147,-139
219000298,10,205,-195
219000299,314,53,261
219000300,14,303,-289
219000301,168,315,-147
219000302,14,209,-195
219000307,19,40,-21
219000308,29,26,3
219000311,91,43,48
219000312,336,30,306
219000313,187,26,161
219000314,109,581,-472
219000315,133,25,108
219000316,283,48,235
219000317,56,23,33
219000320,0,61,-61
219000321,0,21,-21
219000323,1,130,-129
219000325,0,35,-35
219000326,46,128,-82
219000327,42,28,14
219000328,19,64,-45
219000329,199,89,110
219000330,60,35,25
219000331,30,46,-16
219000332,74,81,-7
219000333,12,2,10
219000335,56,5,51
219000337,16,0,16
219000338,41,0,41
219000344,26,61,-35
219000345,51,124,-73
219000346,31,149,-118
219000348,58,225,-167
219000349,35,361,-326
219000350,59,103,-44
219000351,14,3,11
219000352,274,49,225
219000353,84,24,60
219000354,105,125,-20
219000355,56,27,29
219000356,1642,488,1154
219000363,350,17,333
219000364,85,12,73
219000365,59,3,56
219000366,158,92,66
219000368,297,273,24
219000370,958,219,739
219000371,3,10,-7
219000382,3,15,-12
219000383,727,644,83
219000385,628,419,209
219000386,1126,1365,-239
219000387,1,5,-4
219000390,3,1,2
219000391,1,0,1
219000397,96,59,37
219000398,49,19,30
219000401,15,111,-96
219000402,21,88,-67
219000403,83,154,-71
219000404,10,75,-65
219000407,2,33,-31
219000409,40,62,-22
219000410,45,21,24
219000411,26,15,11
219000446,219,497,-278
219000447,0,16,-16
219000448,9,6,3
219000452,83,48,35
219000453,47,85,-38
219000454,254,153,101
219000556,156,83,73
219000558,148,376,-228
219000590,9,184,-175
219000591,33,62,-29
219000592,110,401,-291
219000595,1,39,-38
219000635,50,18,32
219000636,12,88,-76
219000657,29,8,21
219000658,19,45,-26
219000673,0,18,-18
219000676,36,4,32
219000679,26,7,19
219000684,62,0,62
219000685,1,105,-104
219000686,1,1,0
219000688,0,72,-72
219000689,51,200,-149
219000690,172,31,141
219000691,73,97,-24
219000692,122,45,77
219000693,0,38,-38
219000694,5,0,5
219000695,16,4,12
219000698,10,0,10
219000699,0,7,-7
219000727,7,211,-204
219000728,36,2,34
219000770,30,1,29
219000771,0,58,-58
219000788,176,225,-49
219001150,0,15,-15
219001151,0,2,-2
219001166,23,15,8
219001167,1,62,-61
219001178,25,1,24
220000001,32,46,-14
220000002,10,156,-146
220000003,417,322,95
220000004,609,703,-94
220000005,1374,1692,-318
220000006,115,793,-678
220000007,274,757,-483
220000008,296,1189,-893
220000009,175,557,-382
220000010,165,133,32
220000011,704,2364,-1660
220000012,191,259,-68
220000014,75,71,4
220000015,27,152,-125
220000017,86,462,-376
220000018,5913,1403,4510
220000019,59,229,-170
220000020,255,222,33
220000021,450,153,297
220000022,277,540,-263
220000023,145,134,11
220000024,1548,280,1268
220000025,682,450,232
220000026,158,150,8
220000027,25,81,-56
220000028,16,21,-5
220000029,43,154,-111
220000030,185,95,90
220000031,163,228,-65
220000064,18,1115,-1097
221000046,3,0,3
221000047,0,2,-2
221000048,0,0,0
221000049,0,16,-16
221000050,9,0,9
221000055,46,32,14
221000057,41,7,34
221000068,293,84,209
221000069,210,51,159
221000070,121,12,109
221000071,54,11,43
221000072,109,8,101
221000073,161,39,122
221000074,1,18,-17
221000075,18,13,5
221000076,13,27,-14
221000077,24,63,-39
221000081,41,7,34
221000082,36,3,33
221000083,22,3,19
221000084,4,7,-3
221000085,10,61,-51
221000086,13,126,-113
221000087,4,198,-194
221000088,16,205,-189
221000089,32,277,-245
221000090,86,463,-377
221000098,94,13,81
221000099,76,9,67
221000100,37,3,34
221000101,145,26,119
221000102,83,13,70
221000109,4,98,-94
221000110,10,110,-100
221000111,13,144,-131
221000112,6,163,-157
221000113,18,208,-190
221000114,9,174,-165
221000120,36,37,-1
221000121,1,16,-15
221000122,12,32,-20
221000123,5,31,-26
221000124,21,324,-303
221000155,66,15,51
221000156,15,26,-11
221000175,0,2,-2
221000176,1,5,-4
221000182,26,4,22
221000241,421,166,255
221000242,234,341,-107
221000243,319,108,211
221000244,160,432,-272
221000245,31,88,-57
221000246,20,246,-226
221000247,13,114,-101
221000248,67,162,-95
221000267,57,912,-855
221000325,51,58,-7
221000331,2,104,-102
221000338,7,5,2
221000378,87,36,51
221000381,59,108,-49
222000282,5,0,5
222000296,5,27,-22
222000568,242,8,234
222000569,79,37,42
222000570,104,10,94
222000571,153,16,137
222000577,10,334,-324
222000578,24,270,-246
222000579,37,197,-160
222000580,114,1110,-996
222000599,1,175,-174
222000600,2,313,-311
222000601,12,1015,-1003
222000603,15,23,-8
222000604,26,44,-18
222000605,4,18,-14
222000606,1,15,-14
222000607,4,1,3
222000608,9,10,-1
222000609,46,519,-473
222000616,86,45,41
222000617,10,14,-4
222000618,5,4,1
222000620,74,14,60
222000621,60,16,44
222000623,378,2,376
222000624,187,2,185
222000625,263,34,229
222000636,52,5,47
222000686,6,21,-15
222000687,22,34,-12
222001066,279,2,277
222001067,1,12,-11
222001068,26,45,-19
222001069,18,51,-33
222001082,2,55,-53
222001083,17,84,-67
222001084,0,17,-17
222001085,1,182,-181
222001111,30,329,-299
222001112,23,59,-36
222001313,32,6,26
222001314,10,102,-92
222001464,115,43,72
222001465,34,148,-114
222001484,41,48,-7
222001485,13,83,-70
222001494,154,123,31
222001495,99,540,-441
222001496,124,63,61
222001497,40,887,-847
222001502,16,148,-132
222001503,76,41,35
222001504,40,285,-245
222001505,203,16,187
222001506,38,252,-214
222001507,153,26,127
222001510,185,32,153
222001511,44,510,-466
222001514,560,112,448
222001515,220,741,-521
222001518,89,68,21
222001519,44,546,-502
222001527,145,56,89
222001528,80,216,-136
222001529,94,29,65
222001530,54,351,-297
222001533,94,466,-372
222001534,171,44,127
222001535,80,104,-24
222001536,71,569,-498
222001537,209,27,182
222001538,52,636,-584
222001563,267,88,179
222001564,47,887,-840
222001568,248,108,140
222001576,0,2,-2
222001579,0,5,-5
222001583,16,316,-300
222001584,54,13,41
222001596,777,1800,-1023
222001597,1848,248,1600
222001626,0,204,-204
222001650,31,86,-55
222001651,62,211,-149
222001914,164,65,99
222001915,74,255,-181
222001968,422,183,239
222001969,405,1205,-800
222001970,120,281,-161
222001971,11,46,-35
222001972,1,19,-18
225000001,331,89,242
225000002,235,78,157
225000003,219,80,139
225000004,144,181,-37
225000005,31,39,-8
225000006,1,99,-98
225000007,3141,1079,2062
225000010,78,6,72
225000011,414,643,-229
225000012,131,461,-330
225000013,55,127,-72
225000014,659,47,612
225000015,93,226,-133
225000021,483,118,365
225000027,237,495,-258
225000032,448,93,355
225000042,56,700,-644
225000049,35,57,-22
225000050,36,10,26
225000053,8,234,-226
225000058,464,128,336
225000067,141,246,-105
225000068,74,573,-499
225000069,170,553,-383
225000070,46,496,-450
225000071,15,316,-301
225000075,16,704,-688
225000076,66,151,-85
225000078,58,25,33
225000085,21,77,-56
225000086,119,42,77
225000087,114,19,95
225000088,15,137,-122
225000089,330,667,-337
225000090,20,284,-264
225000091,88,229,-141
225000092,44,51,-7
225000093,115,416,-301
225000094,16,506,-490
225000095,300,648,-348
225000096,154,414,-260
225000098,342,110,232
225000099,198,106,92
225000100,128,119,9
225000104,59,392,-333
225000110,8,455,-447
225000111,166,1278,-1112
225000112,276,1068,-792
225000113,138,654,-516
225000114,45,293,-248
225000115,2503,623,1880
225000116,841,90,751
225000117,655,273,382
225000118,632,233,399
225000119,102,52,50
225000120,431,34,397
225000121,207,20,187
225000123,693,12,681
225000125,257,303,-46
225000126,768,163,605
225000127,818,498,320
225000128,287,369,-82
225000132,155,14,141
225000133,177,15,162
225000134,408,100,308
225000135,29,6,23
225000136,108,4,104
225000137,86,46,40
225000138,216,18,198
225000143,66,151,-85
225000144,1,332,-331
225000145,27,33,-6
225000146,35,134,-99
225000147,16,371,-355
225000148,6,239,-233
225000149,70,476,-406
225000151,24,245,-221
225000155,205,387,-182
225000156,178,753,-575
225000157,162,401,-239
225000158,62,348,-286
225000171,1,193,-192
225000180,31,4,27
225000181,0,60,-60
225000182,40,6,34
225000185,4,273,-269
225000187,37,425,-388
225000191,58,1,57
225000194,0,13,-13
225000208,2,46,-44
225000209,32,18,14
225000210,3,220,-217
225000217,0,10,-10
225000218,14,0,14
225000223,0,57,-57
225000224,237,1,236
225000225,1,17,-16
225000226,25,0,25
225000227,40,52,-12
225000228,4,3,1
225000229,0,67,-67
225000230,19,1,18
225000231,0,64,-64
225000232,51,0,51
225000241,46,1,45
225000242,2,44,-42
225000249,2,0,2
225000250,46,904,-858
225000251,254,15,239
225000254,1,2,-1
225000256,0,31,-31
225000257,0,7,-7
226000042,341,419,-78
226000043,70,244,-174
226000044,143,701,-558
226000045,61,459,-398
226000046,308,33,275
226000047,253,39,214
226000048,244,47,197
226000049,170,71,99
226000070,0,50,-50
226000071,0,62,-62
226000072,0,9,-9
226000073,0,15,-15
226000074,0,8,-8
226000084,1,67,-66
226000085,2,3,-1
226000086,1,11,-10
226000087,1,4,-3
226000088,32,18,14
226000090,95,25,70
226000091,9,8,1
226000092,0,6,-6
226000093,23,1,22
226000094,18,4,14
226000095,11,0,11
226000105,13,0,13
226000106,4,1,3
226000107,6,0,6
226000108,24,0,24
226000109,48,33,15
226000124,94,64,30
226000134,260,348,-88
226000135,704,453,251
226000136,188,293,-105
226000137,4,391,-387
226000138,12,223,-211
226000139,0,11,-11
226000156,58,4,54
226000157,73,6,67
226000163,29,34,-5
226000202,8,420,-412
226000231,131,2,129
226000232,34,5,29
227000033,170,26,144
227000036,85,16,69
227000037,65,8,57
227000038,82,16,66
227000084,3,38,-35
227000085,0,33,-33
227000088,11,0,11
227000089,48,2,46
227000090,19,0,19
227000091,2,0,2
227000092,14,2,12
227000093,18,0,18
227000094,3,0,3
227000130,11,55,-44
227000131,12,241,-229
227000132,4,248,-244
227000133,8,255,-247
227000134,11,396,-385
227000152,0,7,-7
227000153,0,32,-32
227000154,0,22,-22
227000155,1,13,-12
227000156,0,16,-16
227000165,7,26,-19
227000196,128,449,-321
227000199,105,815,-710
227000230,33,663,-630
227000232,157,13,144
227000242,56,427,-371
227000243,214,32,182
227000245,14,404,-390
227000246,84,504,-420
227000247,100,35,65
227000248,21,8,13
227000249,23,163,-140
227000250,165,76,89
227000251,150,197,-47
227000252,18,358,-340
227000253,38,11,27
227000262,137,25,112
227000266,411,15,396
227000267,39,2423,-2384
227000282,6,332,-326
227000284,189,21,168
227000286,1,140,-139
227000287,3,237,-234
227000291,24,872,-848
227000296,290,298,-8
227000484,222,26,196
227000485,32,944,-912
227000655,41,18,23
227000656,461,32,429
227000657,22,16,6
227000661,173,6,167
229000265,35,44,-9
229000296,9,9,0
229000297,4,55,-51
229000298,4,215,-211
229000320,5,6,-1
229000321,45,9,36
229000412,12,85,-73
229000414,2,60,-58
229000415,2,0,2
229000416,0,4,-4
229000417,1,7,-6
229000419,102,332,-230
229000440,185,67,118
229000442,14,7,7
229000443,1,4,-3
229000444,1,44,-43
229000445,18,7,11
229000446,44,11,33
229000491,2,56,-54
229000492,19,268,-249
229000493,2,195,-193
229000494,22,4,18
229000495,95,11,84
229000496,30,7,23
229000507,0,37,-37
229000508,1,47,-46
229000509,1,64,-63
229000510,2,21,-19
229000511,3,78,-75
229000512,0,49,-49
229000513,0,14,-14
229000514,0,4,-4
229000517,2,14,-12
229000518,3,54,-51
229000519,1,20,-19
229000520,12,66,-54
229000521,9,24,-15
229000522,1,9,-8
229000523,4,12,-8
229000524,2,8,-6
229000527,0,1,-1
229000528,1,0,1
229000529,7,0,7
229000530,81,1,80
229000531,18,7,11
229000532,18,7,11
229000533,56,0,56
229000534,64,1,63
229000564,34,1,33
229000565,8,0,8
229000566,0,26,-26
229000567,0,96,-96
229000582,89,3,86
229000583,10,0,10
229000584,0,46,-46
229000585,0,81,-81
229000718,0,0,0
229000719,0,2,-2
229000720,0,13,-13
229000721,0,19,-19
229000722,1,47,-46
229000723,0,13,-13
229000724,0,3,-3
229000725,0,6,-6
229000738,2,0,2
229000739,1,0,1
229000740,0,0,0
229000741,4,0,4
229000742,4,0,4
229000743,2,0,2
229000744,1,0,1
229000745,3,0,3
229000746,14,0,14
229000847,20,0,20
229000848,4,0,4
229000849,51,1,50
229000851,8,1,7
229000854,0,64,-64
229000856,3,185,-182
229000857,0,46,-46
229000858,0,97,-97
229000919,2,47,-45
229000930,0,191,-191
229000937,52,11,41
229000966,40,24,16
229000981,7,40,-33
229000985,6,63,-57
229000986,1,12,-11
229000987,0,3,-3
229000988,2,4,-2
229000989,5,6,-1
229000990,0,3,-3
229000991,0,3,-3
229000992,5,10,-5
229000993,164,16,148
229000998,13,69,-56
229000999,76,11,65
229001034,3,16,-13
229001035,3,1,2
229001037,45,8,37
229001042,4,27,-23
229001047,3,72,-69
229001050,23,47,-24
229001168,0,3,-3
229001200,11,1,10
229001338,25,19,6
229001394,172,3,169
229001422,79,31,48
229001423,25,105,-80
229001431,47,34,13
229001432,25,55,-30
229001444,94,85,9
229001445,33,223,-190
229001479,6,3,3
229001503,71,75,-4
229001504,67,177,-110
229001505,34,38,-4
229001506,21,148,-127
229001509,39,38,1
229001545,51,3,48
229001546,5,61,-56
229001553,19,8,11
229001554,26,64,-38
229001630,56,12,44
229001631,4,92,-88
229001635,0,10,-10
229001636,0,0,0
229001658,1,84,-83
229001659,54,2,52
229001660,3,4,-1
229001661,4,30,-26
229001662,12,0,12
229001663,0,7,-7
229002584,196,143,53
229002831,251,173,78
229002841,2,19,-17
229002842,7,25,-18
229002843,26,40,-14
229002844,18,100,-82
229002845,18,77,-59
229002846,8,12,-4
229002847,1,9,-8
229002848,4,10,-6
229002849,2,80,-78
229002850,5,0,5
229002851,21,120,-99
229002852,37,29,8
229002853,56,16,40
229002854,27,67,-40
229002855,7,48,-41
229002856,8,24,-16
229002857,10,85,-75
229002858,10,11,-1
229002859,21,64,-43
229002860,37,31,6
229002861,12,39,-27
229002862,15,65,-50
229002863,10,63,-53
229002864,11,25,-14
229002865,12,10,2
229002866,43,19,24
229002867,4,38,-34
229002868,11,11,0
229002869,11,155,-144
229002870,16,5,11
235000066,344,51,293
235000067,97,87,10
235000072,12,46,-34
235000073,60,174,-114
235000074,17,97,-80
235000080,6,77,-71
235000081,41,198,-157
235000082,53,68,-15
235000083,68,110,-42
235000084,10,55,-45
235000085,49,40,9
235000089,31,31,0
235000092,6,121,-115
235000093,1,4,-3
235000097,1,8,-7
235000098,41,20,21
235000099,19,24,-5
235000116,33,10,23
235000117,624,6,618
235000133,15,150,-135
235000134,9,60,-51
235000206,5,1,4
235000207,0,1,-1
235000208,2,1,1
235000209,2,0,2
235000210,2,0,2
235000212,2,18,-16
235000213,7,13,-6
235000220,1,9,-8
235000221,15,3,12
235000238,5,15,-10
235000239,0,2,-2
235000242,173,222,-49
235000245,721,191,530
235000246,8,52,-44
235000284,4,111,-107
235000295,104,10,94
235000305,75,8,67
235000306,41,7,34
235000307,22,2,20
235000308,6,0,6
235000309,28,1,27
235000310,39,0,39
235000311,37,4,33
235000322,0,52,-52
235000323,1,76,-75
235000324,0,20,-20
235000325,0,14,-14
235000326,5,354,-349
235000351,10,66,-56
235000352,7,207,-200
235000353,0,58,-58
235000354,4,118,-114
235000355,4,109,-105
235000356,40,2,38
235000357,21,12,9
235000358,17,10,7
235000359,3,3,0
235000360,81,16,65
235000361,23,8,15
235000381,30,253,-223
235000382,60,54,6
235000390,11,2,9
235000391,65,15,50
235000392,61,106,-45
235000393,44,51,-7
235000395,40,10,30
235000396,112,53,59
235000400,72,20,52
235000401,44,157,-113
235000405,75,308,-233
235000406,32,258,-226
235000407,43,100,-57
235000409,185,146,39
235000410,27,227,-200
235000411,0,97,-97
235000485,0,11,-11
235000486,5,0,5
235000549,29,68,-39
235000550,55,146,-91
235000599,46,74,-28
235000600,1,8,-7
235000601,10,42,-32
235000602,45,146,-101
235000614,0,1,-1
235000648,1,29,-28
235000649,23,0,23
235000685,1,5,-4
235000815,10,24,-14
235000834,0,14,-14
235000855,22,31,-9
235000862,6,206,-200
235000891,0,14,-14
235000892,7,2,5
235000901,50,69,-19
235000907,1,10,-9
235001010,32,72,-40
235001029,611,327,284
235001030,292,151,141
235001078,45,39,6
235001079,43,121,-78
235001147,4,38,-34
235001166,8,81,-73
235001167,5,72,-67
235001169,37,307,-270
235001188,1,3,-2
235001189,1,1,0
235001197,7,21,-14
235001200,20,19,1
235001207,112,10,102
235001210,32,112,-80
235001215,13,118,-105
235001239,0,30,-30
235001244,0,2,-2
235016267,0,24,-24
277101746,0,3,-3
277102712,0,0,0
277103813,0,0,0
277103814,0,0,0
277103898,0,6,-6
277104249,0,5,-5
277104250,0,13,-13
277104251,0,7,-7
277104252,0,1,-1
990011530,0,345,-345
990014944,1,569,-568
990015176,8,2,6
990015618,0,92,-92
990016032,2,498,-496
990032570,9,185,-176
990070001,26,5,21
990070103,0,3,-3
990070601,0,59,-59
990070751,250,0,250
990070766,4,939,-935
990071180,394,179,215
990071343,18,0,18
990071387,0,18,-18
990071823,230,1,229
990072600,4,738,-734
990072964,0,713,-713
990073285,0,1,-1
990074393,2,1354,-1352
990074870,475,4,471
990075106,371,2,369
990075746,196,3,193
990076437,428,4,424
990076458,1,1566,-1565
997000007,147,3,144
997000041,1,143,-142
997000058,28,0,28
997000062,20,0,20
997000069,0,5,-5
997000070,0,71,-71
997000100,10,0,10
997000141,18,3174,-3156
997000198,1,946,-945
998000475,0,27,-27
998000736,3,387,-384
998000965,0,5,-5
998001031,0,38,-38
998001700,0,34,-34
998001899,0,0,0
998001900,3,0,3
998003073,1184,14,1170
998101900,0,0,0
998102850,1,89,-88
998501927,349,267,82
998501929,94,3,91
998501930,105,0,105
998501931,69,0,69
998501932,12,0,12
998501933,36,6,30
998501937,7,3,4
998501944,29,28,1
998501970,60,41,19
998501971,2,89,-87
998501973,0,72,-72
998501974,0,246,-246
998501975,154,1,153
998501976,53,39,14
998501977,0,48,-48
998501978,21,0,21
998501979,0,15,-15
998501980,77,0,77
998501981,39,36,3
998501982,0,113,-113
998502006,0,0,0
998502024,0,1,-1
998502032,0,4,-4
998502062,80,104,-24
998502063,0,0,0
998502173,8,1,7
998502269,0,1,-1
998601159,3,340,-337
998601292,0,16,-16
999033574,1,1106,-1105
999800001,22,6,16
999800002,0,2,-2
999800003,5,3,2
999800004,0,3,-3
999800005,0,10,-10
