ID,insum,outsum,diff
100000001,695,1243,-548
100000002,6450,1734,4716
100000003,9642,4738,4904
100000004,2147,1766,381
100000005,2995,5938,-2943
100000006,1033,167,866
100000007,3741,846,2895
100000008,259,678,-419
100000009,1083,939,144
100000010,120,245,-125
100000011,1393,143,1250
100000012,166,902,-736
100000013,220,281,-61
100000014,599,416,183
100000015,2620,3034,-414
100000016,1384,1906,-522
100000017,964,1277,-313
100000018,2387,892,1495
100000019,6298,2862,3436
100000020,2840,9155,-6315
100000021,7293,3147,4146
100000022,3096,2364,732
100000023,7471,2226,5245
100000025,3760,1350,2410
100000028,3253,1372,1881
100000029,331,377,-46
100000030,605,139,466
100000031,8080,9898,-1818
100000032,3546,5839,-2293
100000033,1425,3730,-2305
100000034,926,624,302
100000035,2772,1593,1179
100000036,3553,1989,1564
100000037,661,666,-5
100000038,2679,1404,1275
100000039,1072,290,782
100000040,246,236,10
100000041,1796,683,1113
100000042,1969,632,1337
100000043,1382,530,852
100000044,519,841,-322
100000045,894,1549,-655
100000046,1489,1467,22
100000047,429,921,-492
100000048,728,902,-174
100000049,2451,2793,-342
100000051,668,1275,-607
100000053,285,8,277
100000054,496,71,425
100000055,1291,293,998
100000056,581,633,-52
100000057,2583,989,1594
100000058,1276,1548,-272
100000059,34,145,-111
100000060,521,524,-3
100000061,3279,753,2526
100000062,3255,806,2449
100000063,1196,356,840
100000064,1903,485,1418
100000065,611,1174,-563
100000066,408,922,-514
100000067,836,1032,-196
100000068,805,2224,-1419
100000069,589,2087,-1498
100000072,435,1423,-988
100000073,1643,1723,-80
100000075,918,460,458
100000076,6338,3626,2712
100000077,610,286,324
100000078,143,60,83
100000079,60,90,-30
100000080,56,62,-6
100000081,181,158,23
100000102,4834,2275,2559
100000103,7777,1636,6141
100000104,6660,3280,3380
100000105,4817,2181,2636
100000106,4320,3087,1233
100000107,1329,1158,171
100000108,1443,1254,189
100000109,5598,1602,3996
100000116,2299,1422,877
100000117,115,97,18
100000118,2630,1336,1294
100000119,877,778,99
100000121,402,687,-285
100000122,2317,1263,1054
100000123,4815,7540,-2725
100000124,8731,10715,-1984
100000125,5221,2016,3205
100000126,1423,541,882
100000127,2689,493,2196
100000128,2750,2447,303
100000129,765,554,211
100000130,565,741,-176
100000131,3923,4588,-665
100000132,2129,4126,-1997
100000133,9265,3942,5323
100000135,771,1250,-479
100000139,628,279,349
100000140,803,412,391
100000142,558,667,-109
100000143,1153,631,522
100000144,4838,1239,3599
100000147,1509,3793,-2284
100000150,57,513,-456
100000151,1400,1128,272
100000153,622,642,-20
100000154,323,202,121
100000155,55,78,-23
100000156,508,249,259
100000157,108,115,-7
100000158,241,80,161
100000159,500,707,-207
100000165,2025,1033,992
100000169,737,542,195
100000174,1854,646,1208
100000179,126,698,-572
100000180,3189,1740,1449
100000181,701,323,378
100000188,98,432,-334
100000189,1190,589,601
100000190,1340,858,482
100000191,1165,690,475
100000192,104,207,-103
100000193,256,235,21
100000330,2221,1230,991
100000355,431,693,-262
100000362,6941,4703,2238
100000363,5105,5834,-729
100000364,503,230,273
100000365,6152,6366,-214
100000366,8174,4234,3940
100000367,6607,5686,921
100000368,3529,2295,1234
100000369,2191,2665,-474
100000370,346,870,-524
100000376,208,170,38
100000379,6871,2300,4571
100000380,12418,4177,8241
100000384,8973,6805,2168
100000385,7066,6217,849
100000386,12542,7445,5097
100000387,9776,7508,2268
100000388,11277,9791,1486
100000389,12452,9434,3018
100000390,13041,7633,5408
100000391,9783,10047,-264
100000392,5551,4233,1318
100000393,3987,4917,-930
100000394,12235,8867,3368
100000395,7515,3656,3859
100000396,10526,3605,6921
100000397,7633,4909,2724
100000398,15062,10293,4769
100900002,12,126,-114
100900003,547,226,321
100900004,32,1072,-1040
100900005,221,28,193
100900006,46,194,-148
100900007,902,34,868
100900008,2,538,-536
100900009,90,140,-50
100900010,128,120,8
100900011,225,417,-192
100900012,2,299,-297
100900013,1348,10,1338
100900014,4,24,-20
100900015,146,165,-19
100900016,8,63,-55
100900017,1585,108,1477
100900018,0,28,-28
100900019,71,243,-172
100900020,639,18,621
100900021,763,8,755
100900022,28,56,-28
100900023,2,83,-81
100900024,1467,4,1463
100900025,11,29,-18
100900026,345,190,155
100900027,930,4801,-3871
100900028,227,284,-57
100900029,84,20,64
100900030,9,75,-66
100900031,935,83,852
100900032,286,1,285
100900033,357,293,64
100900034,612,2,610
100900035,1508,4,1504
100900036,54,2,52
100900037,185,413,-228
100900038,180,38,142
100900039,344,855,-511
100900040,658,960,-302
100900041,959,1122,-163
100900042,1743,531,1212
100900043,2,33,-31
100900044,3698,948,2750
100900045,64,1,63
100900046,1817,18,1799
100900047,1192,334,858
100900048,267,108,159
100900049,133,292,-159
100900050,3,27,-24
100900051,67,118,-51
100900052,842,94,748
100900053,461,27,434
100900054,38,121,-83
100900055,515,961,-446
100900056,310,467,-157
100900057,829,1816,-987
100900058,505,117,388
100900059,258,14,244
100900060,215,11,204
100900061,599,507,92
100900062,5,73,-68
100900063,298,859,-561
100900064,1253,28,1225
100900065,177,136,41
100900066,122,240,-118
100900067,6,13,-7
100900068,405,222,183
100900069,1885,18,1867
100900070,489,10,479
100900071,968,516,452
100900072,6,64,-58
100900073,204,527,-323
100900074,13,22,-9
100900075,2668,575,2093
100900076,51,49,2
100900077,36,156,-120
100900078,229,756,-527
100900079,15,33,-18
100900080,49,245,-196
100900081,87,310,-223
100900082,174,738,-564
100900083,13,95,-82
100900085,24,115,-91
100900086,539,2265,-1726
100900088,219,1007,-788
100900089,9,38,-29
100900090,218,771,-553
100900091,6,44,-38
100900092,508,422,86
100900093,300,681,-381
100900094,157,774,-617
100900095,11,28,-17
100900096,64,145,-81
100900097,0,9,-9
100900098,35,40,-5
100900099,71,942,-871
100900100,31,583,-552
100900101,530,95,435
100900102,206,133,73
100900103,27,20,7
100900104,14,295,-281
100900105,66,642,-576
100900106,97,10,87
100900107,2461,979,1482
100900108,31,50,-19
100900109,28,32,-4
100900110,5,34,-29
100900111,82,317,-235
100900112,4,18,-14
100900113,34,33,1
100900114,32,21,11
100900115,14,78,-64
100900116,1293,1627,-334
100900117,454,1138,-684
100900118,61,56,5
100900119,26,45,-19
100900120,13,24,-11
100900121,472,1127,-655
100900122,228,289,-61
100900123,148,277,-129
100900124,21,15,6
100900125,36,188,-152
100900126,198,402,-204
100900127,3,18,-15
100900128,192,232,-40
100900129,2,219,-217
100900131,138,433,-295
100900133,79,90,-11
100900134,6,12,-6
100900135,0,232,-232
100900137,427,299,128
100900138,831,698,133
100900139,29,10,19
100900140,8,1006,-998
100900141,7,524,-517
100900142,1,24,-23
100900143,1314,616,698
100900144,24,6,18
100900145,217,236,-19
100900146,22,126,-104
100900147,45,414,-369
100900148,44,1069,-1025
100900149,35,254,-219
100900150,6,87,-81
100900151,192,838,-646
100900152,177,13,164
100900153,5,216,-211
100900154,64,89,-25
100900155,22,20,2
100900156,37,9,28
100900157,12,541,-529
100900158,910,379,531
100900159,7,51,-44
100900160,26,29,-3
100900161,191,18,173
100900162,33,456,-423
100900163,261,343,-82
100900164,72,89,-17
100900165,17,120,-103
100900166,37,13,24
100900167,44,146,-102
100900168,47,217,-170
100900169,248,1286,-1038
100900170,42,11,31
100900171,52,883,-831
100900172,0,17,-17
100900173,12,611,-599
100900174,1514,121,1393
100900176,2308,325,1983
100900177,1253,669,584
100900178,1090,202,888
100900179,275,295,-20
100900180,3,3,0
100900181,129,78,51
100900182,38,24,14
100900184,13,265,-252
100900186,1044,862,182
100900187,12,117,-105
100900188,72,26,46
100900189,1462,338,1124
100900191,1829,1518,311
100900192,470,395,75
100900195,179,215,-36
100900197,20,53,-33
100900198,53,323,-270
100900199,8,15,-7
100900200,923,579,344
100900201,134,1169,-1035
100900202,58,0,58
100900203,1,103,-102
100900204,1127,422,705
100900205,261,617,-356
100900206,182,129,53
100900207,329,159,170
100900210,74,1117,-1043
100900211,574,279,295
100900213,106,62,44
100900214,1031,249,782
100900215,35,70,-35
100900217,226,154,72
101000001,6021,3593,2428
101000002,6406,7130,-724
101000003,906,2712,-1806
101000004,12757,11269,1488
101000005,6494,6858,-364
101000006,10354,10582,-228
101000007,3703,4540,-837
101000008,6311,4109,2202
101000009,3038,2221,817
101000010,1340,1689,-349
101000011,3285,1011,2274
101000012,2237,1018,1219
101000013,906,1515,-609
101000014,818,1029,-211
101000015,1481,1080,401
101000016,973,685,288
101000017,1077,725,352
101000018,5382,3825,1557
101000020,5512,1620,3892
101000021,2277,518,1759
101000022,673,126,547
101000023,2912,1103,1809
101000025,303,681,-378
101000026,600,38,562
101000027,3357,2457,900
101000028,1536,330,1206
101000029,337,1634,-1297
101000030,2847,143,2704
101000031,1496,729,767
101000032,14854,4307,10547
101000033,4446,4350,96
101000034,5135,2127,3008
101000035,1826,732,1094
101000036,2696,1092,1604
101000037,5657,2285,3372
101000039,4344,3217,1127
101000040,4798,4729,69
101000041,17891,9781,8110
101000042,1175,1703,-528
101000043,12998,9634,3364
101000045,2972,1114,1858
101000046,6589,1380,5209
101000047,4365,2992,1373
101000048,1441,1205,236
101000049,1537,2060,-523
101000050,4451,3524,927
101000051,3581,3031,550
101000052,2468,1246,1222
101000053,1840,2673,-833
101000054,3065,2100,965
101000055,2198,2189,9
101000056,80,192,-112
101000057,3636,1331,2305
101000058,2214,1715,499
101000059,5405,2546,2859
101000060,2507,873,1634
101000061,1352,1923,-571
101000062,1161,1100,61
101000063,1013,1298,-285
101000064,2091,1122,969
101000065,502,567,-65
101000066,1056,661,395
101000067,1610,843,767
101000068,567,527,40
101000069,766,88,678
101000070,2069,1361,708
101000071,3050,1287,1763
101000072,1505,5028,-3523
101000073,1317,974,343
101000074,9954,5043,4911
101000075,9356,4793,4563
101000077,1824,1405,419
101000078,1555,2891,-1336
101000079,996,534,462
101000080,955,506,449
101000081,1828,2058,-230
101000082,4922,4380,542
101000083,3022,3081,-59
101000084,1864,1396,468
101000085,2198,1660,538
101000086,1345,1474,-129
101000087,1262,1542,-280
101000088,1483,1599,-116
101000089,1252,2188,-936
101000090,2943,1808,1135
101000091,410,1480,-1070
101000092,971,1505,-534
101000093,2220,1301,919
101000094,1132,1964,-832
101000095,522,1060,-538
101000096,530,842,-312
101000097,1759,539,1220
101000098,1210,762,448
101000099,1762,1963,-201
101000100,1429,1229,200
101000101,563,528,35
101000102,2357,544,1813
101000103,1344,671,673
101000104,617,774,-157
101000105,1453,478,975
101000106,1422,817,605
101000107,263,491,-228
101000108,1576,600,976
101000109,421,118,303
101000110,54,929,-875
101000111,313,284,29
101000113,364,1336,-972
101000114,12841,4849,7992
101000115,225,143,82
101000116,257,201,56
101000117,1746,342,1404
101000119,220,103,117
101000120,269,81,188
101000121,95,55,40
101000122,212,75,137
101000123,116,85,31
101000124,777,213,564
101000125,346,682,-336
101000128,1555,400,1155
101000130,424,480,-56
101000131,1039,810,229
101000132,801,1815,-1014
101000135,113,54,59
101000136,725,138,587
101000137,82,435,-353
101000141,2863,4440,-1577
101000147,1279,765,514
101000148,2367,44,2323
101000149,236,228,8
101000150,105,1242,-1137
101000151,270,109,161
101000152,532,559,-27
101000153,806,599,207
101000154,374,1895,-1521
101000155,485,236,249
101000156,25,419,-394
101000157,98,47,51
101000160,206,69,137
101000163,346,308,38
101000164,710,527,183
101000165,388,509,-121
101000166,393,629,-236
101000168,1186,565,621
101000252,2343,1321,1022
101000254,817,91,726
101000258,45,18,27
101000261,352,37,315
101000262,2071,2108,-37
101000263,651,1714,-1063
101000265,171,808,-637
101000266,577,562,15
101000269,147,14,133
101000290,2642,4099,-1457
101000293,95,121,-26
101000294,783,620,163
101000295,149,840,-691
101000301,1209,678,531
101000304,3048,3302,-254
101000305,4468,3026,1442
101900001,29,79,-50
101900002,0,32,-32
101900003,108,167,-59
101900004,17,79,-62
101900005,6257,2663,3594
101900006,1384,124,1260
101900007,1152,253,899
101900008,165,618,-453
101900009,120,857,-737
101900010,1261,902,359
101900011,578,2716,-2138
101900012,287,767,-480
101900013,1712,272,1440
101900017,43,219,-176
101900018,2202,425,1777
101900019,424,191,233
101900020,281,272,9
101900021,1,77,-76
101900022,248,1814,-1566
101900023,214,330,-116
102000001,6027,5635,392
102000002,5157,1729,3428
102000003,5428,10297,-4869
102000004,13014,4414,8600
102000005,1997,3146,-1149
102000006,2122,2721,-599
102000007,2462,7228,-4766
102000008,8220,2544,5676
102000009,8076,10464,-2388
102000010,7708,5427,2281
102000011,4735,3697,1038
102000012,5578,5094,484
102000018,4830,4088,742
102000019,3840,2608,1232
102000026,439,1202,-763
102000029,447,332,115
102000030,225,538,-313
102000031,140,239,-99
102000032,577,491,86
102000033,311,574,-263
102000034,707,756,-49
102000035,1703,1073,630
102000036,38,411,-373
102000037,256,125,131
102000038,306,322,-16
102000039,327,98,229
102000040,647,281,366
102000041,369,383,-14
102000042,465,317,148
102000043,593,297,296
102000044,1018,650,368
102000045,961,1471,-510
102000046,1381,898,483
102000047,1353,1620,-267
102000048,546,1281,-735
102000049,1535,1073,462
102000050,1743,1626,117
102000051,652,877,-225
102000052,2112,1287,825
102000053,1504,1223,281
102000054,754,1135,-381
102000055,1210,1132,78
102000056,1072,2043,-971
102000057,2198,1003,1195
102000058,1673,2504,-831
102000059,2436,2251,185
102000060,1901,1498,403
102000061,2102,2874,-772
102000062,2211,1938,273
102000063,1758,2112,-354
102000064,775,1064,-289
102000065,42,197,-155
102000066,1370,1730,-360
102000067,3835,4837,-1002
102000068,14536,4289,10247
102000069,85,2125,-2040
102000070,2575,88,2487
102000071,12649,12813,-164
102000072,5384,6365,-981
102000073,2965,1350,1615
102000074,1546,1529,17
102000075,245,499,-254
102000076,299,888,-589
102000077,570,1339,-769
102000078,1081,1142,-61
102000079,298,478,-180
102000080,430,384,46
102000081,582,991,-409
102000082,1030,512,518
102000083,734,541,193
102000084,321,418,-97
102000085,1933,1666,267
102000086,1378,1801,-423
102000087,1471,2237,-766
102000088,526,533,-7
102000089,1596,628,968
102000090,1233,1644,-411
102000091,2700,721,1979
102000092,567,1401,-834
102000093,1016,912,104
102000094,1332,1145,187
102000095,1590,1909,-319
102000096,1163,1646,-483
102000097,1506,1743,-237
102000098,938,1648,-710
102000099,1427,1170,257
102000100,1333,2027,-694
102000101,1879,1292,587
102000102,678,3618,-2940
102000103,2251,841,1410
102000104,1430,457,973
102000105,379,841,-462
102000106,1008,1165,-157
102000107,1513,930,583
102000108,1011,397,614
102000109,918,916,2
102000110,1131,2052,-921
102000111,14,433,-419
102000112,245,147,98
102000113,24,67,-43
102000114,1321,502,819
102000115,332,455,-123
102000116,2579,741,1838
102000117,886,1306,-420
102000118,3321,1497,1824
102000119,2935,1337,1598
102000120,353,633,-280
102000121,1458,851,607
102000122,945,1118,-173
102000123,2026,1853,173
102000124,1847,1476,371
102000125,1170,1838,-668
102000126,1146,913,233
102000127,1779,1128,651
102000128,1134,1441,-307
102000129,2189,1253,936
102000130,992,986,6
102000131,2591,1073,1518
102000132,1036,1164,-128
102000133,2173,2657,-484
102000134,928,1043,-115
102000135,1136,1345,-209
102000136,1416,968,448
102000137,1686,1444,242
102000138,531,725,-194
102000139,236,497,-261
102000140,611,420,191
102000141,537,716,-179
102000142,415,571,-156
102000143,212,616,-404
102000144,299,566,-267
102000145,710,627,83
102000146,590,438,152
102000147,759,627,132
102000148,311,657,-346
102000149,264,741,-477
102000150,415,305,110
102000151,180,518,-338
102000152,210,187,23
102000153,1462,667,795
102000154,552,880,-328
102000155,207,407,-200
102000156,497,178,319
102000157,163,375,-212
102000158,554,545,9
102000159,1710,677,1033
102000161,5810,3232,2578
102000162,283,208,75
102000163,199,913,-714
102000164,1704,1639,65
102000165,400,184,216
102000166,109,219,-110
102000167,416,307,109
102000168,371,139,232
102000169,173,856,-683
102000170,944,294,650
102000171,791,230,561
102000172,827,536,291
102000173,674,444,230
102000174,121,128,-7
102000175,212,193,19
102000176,65,46,19
102000178,474,696,-222
102000179,823,330,493
102000180,888,757,131
102000181,873,898,-25
102000182,700,867,-167
102000183,2019,2442,-423
102000184,2344,1236,1108
102000185,3118,2051,1067
102000186,1410,2718,-1308
102000187,1547,2241,-694
102000188,1689,2092,-403
102000189,3683,1410,2273
102000190,959,4471,-3512
102000191,1734,973,761
102000192,1451,1818,-367
102000193,85,215,-130
102000194,120,186,-66
102000195,644,710,-66
102000196,238,571,-333
102000197,752,664,88
102000198,266,1028,-762
102000199,1041,438,603
102000200,374,1605,-1231
102000201,1238,677,561
102000202,4,155,-151
102000203,501,383,118
102000204,531,1207,-676
102000205,1417,846,571
102000206,1416,1101,315
102000207,2271,710,1561
102000208,840,745,95
102000209,80,120,-40
102000210,478,640,-162
102000211,984,486,498
102000212,531,26,505
102000213,6,429,-423
102000214,365,22,343
102000215,11,590,-579
102000216,63,86,-23
102000217,19,226,-207
102000218,343,209,134
102000219,540,435,105
102000225,962,871,91
102000226,5596,1476,4120
102000227,239,5,234
102000228,2,132,-130
102000229,33,73,-40
102000230,400,707,-307
102000231,397,749,-352
102000232,36,329,-293
102000233,609,1149,-540
102000234,188,1680,-1492
102000236,407,144,263
102000237,1024,200,824
102000238,264,449,-185
102000240,1139,845,294
102000241,351,212,139
102000243,25,110,-85
102000245,33,176,-143
102000246,22,39,-17
102000247,565,1567,-1002
102000248,380,735,-355
102000249,183,218,-35
102000250,128,529,-401
102000254,116,515,-399
102000266,59,298,-239
102000271,25,0,25
102000286,718,599,119
102000297,2836,1649,1187
102000301,0,1,-1
102000303,0,0,0
102000305,0,0,0
102000307,0,4,-4
102000308,0,2,-2
102900001,1695,1389,306
102900002,659,88,571
102900003,75,272,-197
102900005,366,488,-122
102900006,665,338,327
102900007,692,62,630
102900008,318,155,163
102900009,878,415,463
102900010,1320,781,539
102900011,2635,619,2016
102900012,491,131,360
102900013,50,114,-64
102900015,1130,742,388
102900016,117,161,-44
102900017,253,828,-575
102900018,29,192,-163
102900019,669,676,-7
102900020,219,44,175
102900021,39,125,-86
102900022,848,237,611
102900023,18,125,-107
102900024,56,53,3
102900025,427,176,251
102900026,968,2262,-1294
102900027,141,83,58
102900028,246,1063,-817
102900029,264,291,-27
102900030,913,355,558
102900031,191,224,-33
102900032,154,148,6
102900033,139,279,-140
102900034,635,176,459
102900035,149,505,-356
102900036,449,801,-352
102900037,463,870,-407
102900038,714,916,-202
102900039,50,708,-658
102900040,223,475,-252
102900041,136,298,-162
102900042,291,469,-178
102900043,276,431,-155
102900044,918,2477,-1559
102900045,177,794,-617
102900046,175,393,-218
102900047,122,960,-838
102900048,908,915,-7
102900049,164,490,-326
102900050,425,508,-83
102900051,294,326,-32
102900052,88,81,7
102900053,567,1038,-471
102900054,1241,1599,-358
102900055,197,369,-172
102900056,194,668,-474
102900057,17,82,-65
102900058,411,102,309
102900059,22,112,-90
102900060,168,566,-398
102900061,229,685,-456
102900062,266,1333,-1067
102900063,1329,620,709
102900064,215,947,-732
102900065,2256,773,1483
102900066,560,93,467
102900068,168,151,17
102900070,328,695,-367
102900072,24,91,-67
102900073,280,22,258
102900074,346,302,44
102900075,88,70,18
102900076,344,147,197
102900077,55,50,5
102900078,58,145,-87
102900079,248,24,224
102900080,574,92,482
102900081,120,563,-443
102900082,29,266,-237
102900083,380,28,352
102900084,12,59,-47
102900085,449,223,226
102900086,41,87,-46
102900087,210,135,75
102900088,54,49,5
102900089,387,225,162
102900090,4,581,-577
102900091,300,4,296
102900092,470,1420,-950
102900093,467,361,106
102900094,3,100,-97
102900095,134,3,131
102900096,118,33,85
102900097,64,274,-210
103000001,2963,3160,-197
103000002,3409,3340,69
103000003,5704,3617,2087
103000004,1198,1077,121
103000005,2543,4367,-1824
103000006,864,2053,-1189
103000007,600,1144,-544
103000008,1639,1214,425
103000009,1750,1615,135
103000010,233,190,43
103000011,2441,1946,495
103000012,1703,2254,-551
103000013,7254,3086,4168
103000014,1888,3752,-1864
103000015,2844,1046,1798
103000016,674,2175,-1501
103000017,205,491,-286
103000018,1281,632,649
103000019,369,406,-37
103000020,3721,1999,1722
103000021,2596,1991,605
103000022,1436,1574,-138
103000023,824,2214,-1390
103000024,158,307,-149
103000025,132,759,-627
103000026,1994,171,1823
103000027,506,731,-225
103000028,692,626,66
103000029,579,510,69
103000030,2777,1267,1510
103000031,2253,2776,-523
103000032,2803,2719,84
103000033,3711,3619,92
103000034,2254,1763,491
103000035,564,2142,-1578
103000036,645,881,-236
103000037,796,791,5
103000038,654,1486,-832
103000039,475,614,-139
103000040,543,1593,-1050
103000041,2252,3743,-1491
103000042,1541,782,759
103000043,664,1339,-675
103000044,267,268,-1
103000046,315,648,-333
103000047,803,898,-95
103000048,185,260,-75
103000049,142,286,-144
103000050,928,826,102
103000051,725,759,-34
103000052,1087,593,494
103000053,304,659,-355
103000054,3333,1990,1343
103000055,2439,2751,-312
103000056,843,2551,-1708
103000057,573,384,189
103000058,833,1180,-347
103000059,597,1115,-518
103000060,1343,917,426
103000061,541,1233,-692
103000062,1303,871,432
103000063,955,1104,-149
103000064,149,347,-198
103000065,6,558,-552
103000066,273,24,249
103000069,498,470,28
103000070,1361,1193,168
103000071,1419,655,764
103000072,181,1106,-925
103000073,721,205,516
103000074,934,168,766
103000075,196,1188,-992
103000076,568,484,84
103000077,80,614,-534
103000078,1917,906,1011
103000079,1613,823,790
103000080,1794,571,1223
103000081,845,1380,-535
103000082,636,287,349
103000083,167,403,-236
103000084,229,13,216
103000085,5,193,-188
103000086,1218,568,650
103000087,266,824,-558
103000088,524,454,70
103000089,380,697,-317
103000090,2354,925,1429
103000091,638,546,92
103000092,371,434,-63
103000093,359,618,-259
103000094,214,139,75
103000095,94,536,-442
103000096,746,165,581
103000097,106,920,-814
103000098,1682,315,1367
103000099,689,782,-93
103000100,194,1098,-904
103000101,1338,218,1120
103000102,124,859,-735
103000103,849,342,507
103000104,83,169,-86
103000105,124,173,-49
103000106,24,196,-172
103000107,368,91,277
103000108,932,643,289
103000109,392,437,-45
103000110,440,475,-35
103000111,763,555,208
103000112,464,276,188
103000113,1415,833,582
103000114,2775,529,2246
103000115,575,628,-53
103000116,625,612,13
103000117,376,639,-263
103000118,1513,1177,336
103000119,2113,881,1232
103000120,150,174,-24
103000121,655,1009,-354
103000122,671,550,121
103000125,15,578,-563
103000126,902,13,889
103000127,5,323,-318
103000128,296,15,281
103000129,2,234,-232
103000130,123,81,42
103000131,304,165,139
103000132,148,318,-170
103000133,42,205,-163
103000134,938,1212,-274
103000135,1261,389,872
103000136,1075,662,413
103000137,845,899,-54
103000138,1224,1024,200
103000139,5,71,-66
103000140,157,31,126
103000141,73,165,-92
103000142,203,147,56
103000143,102,278,-176
103000144,284,120,164
103000145,209,79,130
103000150,134,87,47
103000152,298,309,-11
103000153,270,222,48
103000156,9,559,-550
103000157,702,6,696
103000159,205,116,89
103000162,198,41,157
103000163,29,50,-21
103000164,50,27,23
103000165,128,521,-393
103000166,263,425,-162
103000167,297,140,157
103000168,118,253,-135
103000169,244,546,-302
103000170,973,662,311
103000171,44,114,-70
103000172,653,437,216
103000173,730,989,-259
103000174,209,495,-286
103000175,293,583,-290
103000176,1222,861,361
103000177,1025,691,334
103000178,394,487,-93
103000179,171,59,112
103000183,202,35,167
103000185,129,125,4
103000186,202,252,-50
103000187,677,707,-30
103000188,20,105,-85
103000189,2030,1121,909
103000191,844,983,-139
103000292,2912,3109,-197
103000293,1815,2754,-939
103000295,163,162,1
103000296,872,11,861
103000297,379,60,319
103000504,115,21,94
103000505,14,26,-12
103000506,1,281,-280
103000507,262,2,260
103000508,69,76,-7
103000509,307,820,-513
103900001,16,480,-464
103900002,2188,242,1946
103900003,2637,155,2482
103900004,158,8,150
103900005,10,408,-398
103900006,6,5,1
103900007,61,15,46
103900008,17,1,16
103900009,356,655,-299
103900010,204,443,-239
103900011,347,285,62
103900012,10,31,-21
103900013,74,118,-44
103900014,65,25,40
103900015,63,33,30
103900016,307,296,11
103900017,47,128,-81
103900018,942,314,628
103900019,107,420,-313
103900020,345,659,-314
103900021,1062,114,948
103900022,1471,1019,452
103900023,143,4,139
103900024,189,779,-590
103900025,7,52,-45
103900026,112,1,111
103900027,918,507,411
103900028,35,465,-430
103900029,1459,216,1243
103900030,732,126,606
103900031,35,2,33
103900032,128,115,13
103900033,300,15,285
103900034,37,264,-227
103900035,76,73,3
103900036,59,30,29
103900037,169,91,78
103900038,150,262,-112
103900039,87,505,-418
103900040,16,239,-223
103900041,70,57,13
103900042,73,431,-358
103900043,187,137,50
103900044,253,389,-136
103900045,360,233,127
103900047,93,58,35
103900048,65,38,27
103900049,335,1785,-1450
103900050,18,153,-135
103900051,11,64,-53
103900052,251,654,-403
103900053,322,1145,-823
103900054,179,786,-607
103900055,585,395,190
103900056,101,56,45
103900057,83,286,-203
103900058,323,967,-644
103900059,1,12,-11
103900060,46,287,-241
103900061,179,85,94
103900062,461,116,345
103900063,8,0,8
103900064,157,7,150
103900065,1082,648,434
103900066,166,23,143
103900067,293,14,279
103900068,14,0,14
103900069,167,26,141
103900070,201,355,-154
103900071,21,190,-169
103900072,17,308,-291
103900073,69,45,24
103900074,120,156,-36
103900075,340,137,203
103900076,552,889,-337
103900077,104,146,-42
103900078,348,172,176
103900079,186,421,-235
103900080,9,52,-43
103900081,136,47,89
103900082,28,168,-140
103900083,2214,1573,641
103900084,119,244,-125
103900085,121,161,-40
103900086,847,477,370
103900087,27,174,-147
103900088,494,603,-109
103900089,51,191,-140
103900090,9,258,-249
103900091,1467,408,1059
103900092,1469,610,859
103900093,156,405,-249
103900094,25,237,-212
103900095,807,320,487
103900096,54,336,-282
103900097,16,730,-714
103900098,317,190,127
103900099,121,265,-144
103900100,271,529,-258
103900101,94,1451,-1357
103900102,0,55,-55
103900104,3,45,-42
103900105,187,321,-134
103900106,0,39,-39
103900107,161,345,-184
103900108,78,569,-491
103900109,124,123,1
103900110,365,72,293
103900111,116,951,-835
103900112,103,129,-26
103900113,188,391,-203
103900114,601,458,143
103900115,300,370,-70
103900116,8316,3768,4548
103900117,183,135,48
103900119,67,102,-35
103900120,103,132,-29
103900122,125,334,-209
103900123,2338,936,1402
103900124,85,633,-548
103900125,155,121,34
103900126,635,666,-31
103900127,243,788,-545
103900128,133,200,-67
103900131,51,137,-86
103900133,1254,80,1174
103900134,1,12,-11
103900135,26,19,7
103900137,1,103,-102
103900138,111,379,-268
103900139,395,2324,-1929
103900140,5,136,-131
103900141,406,141,265
103900142,268,266,2
103900143,69,3,66
103900144,0,70,-70
103900145,232,419,-187
103900146,409,436,-27
103900147,594,199,395
103900148,253,280,-27
103900149,328,1033,-705
103900150,10277,5425,4852
103900151,66,280,-214
103900152,666,794,-128
103900153,27,2,25
103900154,1657,2748,-1091
103900155,57,324,-267
103900156,35,264,-229
103900157,50,366,-316
103900158,126,303,-177
103900159,234,168,66
103900160,68,57,11
103900161,147,385,-238
103900162,70,369,-299
103900163,29,582,-553
103900167,52,156,-104
103900168,226,228,-2
103900169,57,70,-13
103900170,10,177,-167
103900171,3,101,-98
103900172,9,33,-24
103900173,18,24,-6
103900174,263,122,141
103900175,114,126,-12
103900176,25,39,-14
103900177,28,89,-61
103900178,100,92,8
103900179,77,269,-192
103900180,29,123,-94
103900181,103,79,24
103900182,52,38,14
103900184,687,111,576
103900185,396,464,-68
103900187,42,86,-44
103900188,100,30,70
103900189,168,5,163
103900190,130,78,52
103900191,33,116,-83
103900192,44,134,-90
103900193,219,291,-72
103900194,83,382,-299
103900195,19,84,-65
103900196,66,50,16
103900197,18,39,-21
103900198,25,81,-56
103900199,252,81,171
103900200,178,208,-30
103900201,230,332,-102
103900202,17,72,-55
103900203,47,33,14
103900204,1,188,-187
103900207,6,238,-232
103900208,139,0,139
103900209,22,135,-113
103900210,76,46,30
103900211,701,679,22
103900212,161,604,-443
103900213,131,331,-200
103900214,385,203,182
103900215,620,402,218
103900216,14,666,-652
103900217,518,99,419
103900218,5,507,-502
103900219,230,517,-287
103900233,161,6,155
103900235,111,42,69
103900236,38,10,28
103900242,11,50,-39
103900243,5,16,-11
103900244,134,381,-247
103900245,173,250,-77
103900246,61,81,-20
103900247,67,173,-106
103900248,24,53,-29
103900249,100,66,34
103900250,64,46,18
103900251,5,42,-37
103900253,106,105,1
103900254,21,47,-26
103900255,43,33,10
103900256,35,51,-16
103900257,178,292,-114
103900258,87,6,81
103900259,253,14,239
103900261,16,17,-1
103900262,49,12,37
103900263,69,179,-110
103900264,98,79,19
103900265,93,37,56
103900266,6,134,-128
103900267,13,72,-59
103900268,6,121,-115
103900269,223,256,-33
103900270,76,206,-130
103900271,5,39,-34
104000001,2720,2724,-4
104000002,2131,3628,-1497
104000003,3553,3460,93
104000004,4195,3774,421
104000005,1714,2666,-952
104000006,3748,4117,-369
104000007,5562,5198,364
104000008,385,498,-113
104000009,187,162,25
104000010,215,326,-111
104000011,864,517,347
104000012,223,553,-330
104000013,309,204,105
104000014,478,945,-467
104000015,299,226,73
104000016,685,607,78
104000018,860,264,596
104000019,720,262,458
104000020,265,871,-606
104000021,348,773,-425
104000022,190,362,-172
104000023,916,434,482
104000024,403,486,-83
104000026,67,494,-427
104000027,534,553,-19
104000028,507,323,184
104000029,519,675,-156
104000030,372,290,82
104000031,1306,514,792
104000032,235,491,-256
104000033,664,664,0
104000034,399,512,-113
104000035,997,565,432
104000036,971,872,99
104000037,351,379,-28
104000038,430,357,73
104000039,271,413,-142
104000040,536,587,-51
104000041,906,476,430
104000042,287,546,-259
104000043,440,500,-60
104000044,360,864,-504
104000045,1377,1457,-80
104000046,1793,2095,-302
104000047,1309,1821,-512
104000048,1348,2349,-1001
104000049,707,359,348
104000050,358,847,-489
104000051,172,772,-600
104000052,1974,2409,-435
104000053,1269,803,466
104000054,835,695,140
104000055,5358,3667,1691
104000056,1996,360,1636
104000057,158,743,-585
104000058,1251,1003,248
104000059,684,1548,-864
104000060,1571,1630,-59
104000061,2048,1629,419
104000062,440,194,246
104000064,608,487,121
104000065,360,754,-394
104000069,1635,1264,371
104000070,99,682,-583
104000071,194,756,-562
104000072,838,332,506
104000075,132,454,-322
104000076,787,322,465
104000082,3227,4185,-958
104000083,1102,327,775
104000084,212,762,-550
104000085,382,452,-70
104000086,309,551,-242
104000087,634,2505,-1871
104000090,1084,1810,-726
104000092,1419,3420,-2001
104000094,1284,2329,-1045
104000095,2387,1900,487
104000096,2150,564,1586
104000097,2004,1223,781
104000098,2302,1619,683
104000100,2097,932,1165
104000101,1352,2614,-1262
104000106,164,820,-656
104000107,843,631,212
104000108,412,795,-383
104000109,407,135,272
104000110,1066,1493,-427
104000111,6123,3435,2688
104000112,3275,803,2472
104000116,3,1719,-1716
104000117,186,988,-802
104000118,765,340,425
104000119,781,418,363
104000120,290,1233,-943
104000121,264,1052,-788
104000122,734,1066,-332
104000123,1241,1622,-381
104000124,1380,3783,-2403
104000125,6207,5303,904
104000126,614,655,-41
104000127,1999,4118,-2119
104000128,1117,641,476
104000129,657,54,603
104000130,13,449,-436
104000131,946,562,384
104000132,1023,811,212
104000133,1582,1239,343
104000134,1412,2496,-1084
104000135,660,2589,-1929
104000136,1162,5206,-4044
104000137,2054,619,1435
104000138,1473,681,792
104000139,9951,4345,5606
104000141,1535,1810,-275
104000142,783,1115,-332
104000143,689,795,-106
104000144,110,280,-170
104000145,498,262,236
104000146,497,797,-300
104000147,178,530,-352
104000148,401,194,207
104000149,239,489,-250
104000150,1493,676,817
104000151,608,726,-118
104000152,842,948,-106
104000153,842,735,107
104000154,1382,1033,349
104000155,602,689,-87
104000157,1366,1993,-627
104000158,746,575,171
104000159,1179,632,547
104000160,2350,2367,-17
104000161,320,254,66
104000162,58,217,-159
104000165,1666,1385,281
104000167,756,1182,-426
104000168,600,11,589
104000169,168,66,102
104000170,806,738,68
104000248,469,1013,-544
104000251,66,348,-282
104000272,0,0,0
104000273,0,0,0
104000274,0,0,0
104000275,0,0,0
104000279,934,571,363
104000290,194,379,-185
104000291,935,1552,-617
104000293,1037,942,95
104000294,35,0,35
104000295,830,1001,-171
104000296,544,1180,-636
104000297,953,2179,-1226
104000298,2522,1259,1263
104000299,965,2047,-1082
104900001,219,604,-385
104900002,79,245,-166
104900003,91,479,-388
104900004,141,447,-306
104900005,423,294,129
104900006,440,132,308
104900007,318,332,-14
104900009,208,505,-297
104900010,101,85,16
104900011,47,13,34
104900012,298,46,252
104900013,243,28,215
104900014,4379,518,3861
104900015,162,8,154
104900016,320,404,-84
104900017,196,272,-76
104900018,17,306,-289
104900019,567,3487,-2920
104900020,102,383,-281
104900021,1,336,-335
104900022,21,150,-129
104900023,14,161,-147
104900024,76,128,-52
104900025,98,421,-323
104900026,7,157,-150
104900027,636,371,265
104900028,35,119,-84
104900029,94,159,-65
104900030,598,321,277
104900031,133,299,-166
104900032,46,262,-216
104900033,210,376,-166
104900034,467,188,279
104900035,307,228,79
104900036,244,118,126
104900037,208,403,-195
104900038,855,1145,-290
104900039,1269,670,599
104900040,439,158,281
104900041,306,276,30
104900042,170,445,-275
104900043,15,257,-242
104900044,643,292,351
104900045,563,91,472
104900046,306,275,31
104900047,403,187,216
104900048,331,105,226
104900049,52,95,-43
104900050,427,212,215
104900051,419,70,349
104900052,92,4,88
104900053,619,139,480
104900054,196,133,63
104900055,177,2,175
104900056,238,21,217
104900057,45,2,43
104900058,2143,436,1707
104900059,440,111,329
104900060,3,689,-686
104900061,429,810,-381
104900063,0,121,-121
104900064,2,134,-132
104900065,0,208,-208
104900066,6,396,-390
104900067,6,546,-540
104900068,27,345,-318
104900070,262,420,-158
104900071,3,829,-826
104900072,123,375,-252
104900073,91,372,-281
104900074,87,307,-220
104900075,76,98,-22
104900076,164,480,-316
104900077,1646,320,1326
104900078,254,779,-525
104900079,162,670,-508
104900080,159,639,-480
104900082,23,569,-546
104900085,1,311,-310
104900087,480,5,475
104900089,292,1,291
104900090,1079,858,221
104900091,857,1094,-237
104900093,307,841,-534
104900097,3383,2250,1133
104900098,184,39,145
104900099,780,1183,-403
104900100,859,533,326
104900102,62,362,-300
104900103,642,140,502
104900104,4416,2526,1890
104900106,99,178,-79
104900107,150,399,-249
104900108,64,358,-294
104900109,140,548,-408
104900110,18,81,-63
104900111,192,213,-21
104900112,317,1110,-793
104900113,780,539,241
104900114,428,829,-401
104900115,832,649,183
104900116,334,314,20
104900118,35,133,-98
104900119,9,49,-40
104900120,62,362,-300
104900121,0,158,-158
104900122,3,121,-118
104900123,112,19,93
104900124,53,2,51
104900125,601,11,590
104900126,91,97,-6
104900127,52,93,-41
104900128,124,323,-199
104900129,3188,2301,887
105000001,2843,2180,663
105000002,3143,2419,724
105000003,4741,4825,-84
105000004,886,1516,-630
105000005,1228,1440,-212
105000006,1778,1917,-139
105000007,1752,1787,-35
105000008,2621,3689,-1068
105000009,2468,3921,-1453
105000010,4170,3571,599
105000011,3566,3177,389
105000012,5312,4450,862
105000013,1281,1394,-113
105000014,2402,3040,-638
105000015,12691,14912,-2221
105000016,5193,3136,2057
105000017,2613,1302,1311
105000018,2144,2065,79
105000019,2397,1328,1069
105000020,256,614,-358
105000021,557,175,382
105000022,393,123,270
105000023,737,450,287
105000028,111,156,-45
105000029,842,1615,-773
105000030,5587,4406,1181
105000033,1442,2695,-1253
105000034,301,1181,-880
105000037,939,636,303
105000038,2722,2147,575
105000039,3662,2748,914
105000040,1338,1407,-69
105000041,999,1980,-981
105000042,4454,1941,2513
105000043,2970,2975,-5
105000044,735,576,159
105000045,555,1317,-762
105000046,1117,500,617
105000047,700,2064,-1364
105000048,750,277,473
105000049,370,937,-567
105000050,774,555,219
105000051,276,706,-430
105000052,779,1249,-470
105000053,233,234,-1
105000054,591,1251,-660
105000055,1196,594,602
105000056,1724,3275,-1551
105000057,1536,1193,343
105000058,1909,1933,-24
105000059,1046,964,82
105000060,750,1009,-259
105000061,730,839,-109
105000062,1040,1319,-279
105000063,490,751,-261
105000064,1543,1112,431
105000065,453,1009,-556
105000066,1709,2648,-939
105000067,1695,1078,617
105000068,977,1358,-381
105000069,3531,1901,1630
105000070,1209,1090,119
105000071,427,1017,-590
105000072,942,2444,-1502
105000073,1050,733,317
105000074,1776,1206,570
105000075,922,1134,-212
105000076,1712,1433,279
105000077,3440,1277,2163
105000078,2076,1808,268
105000079,2309,3434,-1125
105000080,2603,1978,625
105000081,4027,1451,2576
105000082,1844,1483,361
105000083,4850,2864,1986
105000084,1242,1396,-154
105000085,2188,1813,375
105000086,652,1275,-623
105000087,2587,2697,-110
105000088,2038,2137,-99
105000089,4253,2903,1350
105000090,1436,1126,310
105000091,2503,2802,-299
105000092,1120,1452,-332
105000093,642,294,348
105000094,366,292,74
105000095,171,616,-445
105000096,1925,1202,723
105000097,1739,895,844
105000098,1593,926,667
105000099,1898,1107,791
105000100,1543,1460,83
105000101,2617,2849,-232
105000102,2547,1838,709
105000103,2109,3082,-973
105000104,2813,1279,1534
105000105,1867,2989,-1122
105000106,1819,2529,-710
105000107,1499,1414,85
105000108,1770,2248,-478
105000109,1848,2547,-699
105000110,860,1108,-248
105000111,1029,1123,-94
105000112,1561,1360,201
105000113,549,954,-405
105000114,4649,1704,2945
105000115,411,1385,-974
105000116,932,758,174
105000117,1179,1675,-496
105000118,679,696,-17
105000119,842,1481,-639
105000120,1241,851,390
105000121,1023,1610,-587
105000122,563,924,-361
105000123,1746,2117,-371
105000124,2172,1277,895
105000125,1148,2804,-1656
105000126,2583,2768,-185
105000127,3398,3147,251
105000128,1078,1823,-745
105000129,1159,501,658
105000130,510,2775,-2265
105000131,1126,625,501
105000132,978,750,228
105000133,570,1360,-790
105000134,908,833,75
105000135,760,969,-209
105000136,240,631,-391
105000137,411,395,16
105000138,226,542,-316
105000139,1586,1522,64
105000140,374,788,-414
105000141,439,1014,-575
105000142,186,701,-515
105000143,456,1051,-595
105000144,467,1144,-677
105000145,827,652,175
105000146,754,1260,-506
105000147,724,556,168
105000148,1570,792,778
105000149,2789,2792,-3
105000150,3023,2283,740
105000151,686,578,108
105000152,211,861,-650
105000153,667,940,-273
105000154,823,1024,-201
105000155,566,1376,-810
105000156,1463,1080,383
105000157,1364,2534,-1170
105000158,2699,1161,1538
105000159,365,1730,-1365
105000160,2373,922,1451
105000161,996,1919,-923
105000162,886,2316,-1430
105000163,1875,1694,181
105000164,336,559,-223
105000165,1950,6653,-4703
105000166,9414,1390,8024
105000167,3393,1852,1541
105000168,516,1070,-554
105000169,629,602,27
105000170,326,1683,-1357
105000171,1683,519,1164
105000172,170,73,97
105000173,193,75,118
105000174,145,73,72
105000175,97,204,-107
105000176,584,199,385
105000177,394,255,139
105000178,199,868,-669
105000179,602,305,297
105000180,248,174,74
105000181,142,533,-391
105000182,73,83,-10
105000183,3653,2308,1345
105000184,1944,1364,580
105000185,2258,1075,1183
105000186,894,1018,-124
105000187,1389,295,1094
105000188,717,202,515
105000189,408,661,-253
105000190,557,571,-14
105000191,536,456,80
105000192,482,101,381
105000193,125,189,-64
105000194,290,115,175
105000195,441,1243,-802
105000196,45,195,-150
105000197,352,900,-548
105000198,880,575,305
105000199,443,693,-250
105000200,273,336,-63
105000201,160,43,117
105000203,11,194,-183
105000204,100,119,-19
105000205,128,223,-95
105000207,808,340,468
105000208,347,615,-268
105000209,317,530,-213
105000212,1561,1986,-425
105000213,330,292,38
105000214,263,448,-185
105000215,390,321,69
105000216,188,520,-332
105000217,206,455,-249
105000218,1376,1486,-110
105000221,213,351,-138
105000222,669,83,586
105000223,373,203,170
105000226,98,468,-370
105000227,110,303,-193
105000228,528,1875,-1347
105000229,221,475,-254
105000231,381,444,-63
105000233,1055,809,246
105000234,782,1842,-1060
105000235,517,880,-363
105000237,1064,157,907
105000243,62,326,-264
105000248,177,137,40
105000262,363,2023,-1660
105000269,183,361,-178
105000270,466,86,380
105000271,0,316,-316
105000282,156,105,51
105000287,507,150,357
105000288,702,619,83
105000289,3717,2140,1577
105000290,42,5,37
105000402,6012,4614,1398
105000426,726,891,-165
105000438,4226,1550,2676
105000446,18996,7527,11469
105000447,11059,4541,6518
105000454,494,1174,-680
105000455,420,280,140
105000474,23,7,16
105000477,444,657,-213
105000478,2486,4386,-1900
105000479,273,203,70
105000480,8817,5588,3229
105000481,4909,3852,1057
105000482,8174,7476,698
105000483,1764,2051,-287
105000484,3628,3881,-253
105000485,2143,2870,-727
105000486,6288,4199,2089
105000488,11052,6969,4083
105000489,1145,1206,-61
105000549,132,222,-90
105000550,778,1952,-1174
105000551,62,189,-127
105000552,4209,2779,1430
105900001,22,1772,-1750
105900002,2098,1032,1066
105900003,7,161,-154
105900004,485,188,297
105900005,15,391,-376
105900006,37,127,-90
105900007,297,34,263
105900008,97,758,-661
105900009,50,37,13
105900011,937,77,860
105900012,1030,189,841
105900013,9,57,-48
105900014,17,102,-85
105900015,296,473,-177
105900016,694,916,-222
105900017,1603,112,1491
105900018,226,316,-90
105900019,154,815,-661
105900020,73,78,-5
105900021,68,495,-427
105900022,507,459,48
105900023,8,189,-181
105900024,27,271,-244
105900025,177,62,115
105900026,364,39,325
105900027,9872,14880,-5008
105900028,793,331,462
105900029,2497,534,1963
105900030,396,396,0
105900031,621,258,363
105900032,104,201,-97
105900033,192,181,11
105900034,307,336,-29
105900035,356,266,90
105900036,94,171,-77
105900037,66,108,-42
105900038,204,475,-271
105900039,168,160,8
105900040,100,164,-64
105900041,236,419,-183
105900042,129,203,-74
105900043,2493,108,2385
105900044,4,403,-399
105900045,7,1177,-1170
105900046,16,301,-285
105900047,18,43,-25
105900048,140,941,-801
105900050,11521,2591,8930
105900051,30,2012,-1982
105900052,942,555,387
105900053,5663,3616,2047
105900054,506,460,46
105900056,1111,569,542
105900057,80,260,-180
105900058,20,33,-13
105900059,2,45,-43
106000001,6061,3434,2627
106000002,3652,7171,-3519
106000003,3875,4594,-719
106000004,2725,3775,-1050
106000005,3381,7591,-4210
106000006,8147,6178,1969
106000007,657,762,-105
106000008,499,462,37
106000009,681,522,159
106000010,714,869,-155
106000011,1146,1513,-367
106000012,1129,1961,-832
106000013,2169,2872,-703
106000014,2309,2438,-129
106000015,1642,1763,-121
106000016,1714,3144,-1430
106000017,725,1022,-297
106000018,824,755,69
106000019,444,574,-130
106000020,356,611,-255
106000021,319,636,-317
106000022,477,381,96
106000023,831,502,329
106000024,859,940,-81
106000025,127,304,-177
106000026,208,358,-150
106000027,1505,1941,-436
106000028,769,730,39
106000029,1409,1695,-286
106000030,1076,588,488
106000034,353,818,-465
106000035,1420,2200,-780
106000036,417,656,-239
106000037,2915,2177,738
106000038,705,169,536
106000039,253,113,140
106000040,223,1020,-797
106000041,1040,670,370
106000043,773,268,505
106000046,552,94,458
106000047,93,634,-541
106000049,1131,305,826
106000050,545,1097,-552
106000051,740,612,128
106000052,165,910,-745
106000053,344,172,172
106000054,580,657,-77
106000055,1240,1606,-366
106000056,367,586,-219
106000057,301,417,-116
106000058,229,297,-68
106000059,378,375,3
106000060,573,824,-251
106000061,233,717,-484
106000062,221,947,-726
106000063,874,789,85
106000064,80,615,-535
106000065,467,389,78
106000066,158,535,-377
106000067,569,152,417
106000068,68,957,-889
106000069,229,121,108
106000070,582,1252,-670
106000071,1346,480,866
106000072,4837,2193,2644
106000073,2551,3899,-1348
106000074,700,949,-249
106000075,416,1911,-1495
106000076,2272,3082,-810
106000077,4648,1912,2736
106000078,1144,1425,-281
106000079,844,1449,-605
106000080,1752,994,758
106000081,817,1632,-815
106000082,2945,1280,1665
106000083,496,2218,-1722
106000084,1473,877,596
106000085,2158,2352,-194
106000086,867,1175,-308
106000087,1177,791,386
106000088,459,1049,-590
106000089,1156,621,535
106000090,319,896,-577
106000091,364,826,-462
106000092,947,395,552
106000093,421,198,223
106000094,159,346,-187
106000095,804,1322,-518
106000096,1269,977,292
106000097,1307,1575,-268
106000098,961,1453,-492
106000099,274,1206,-932
106000100,1418,408,1010
106000101,1621,463,1158
106000102,362,1121,-759
106000103,354,758,-404
106000104,870,661,209
106000105,600,1034,-434
106000106,788,695,93
106000107,134,431,-297
106000108,265,424,-159
106000109,211,384,-173
106000110,237,450,-213
106000111,338,656,-318
106000112,247,605,-358
106000113,1201,796,405
106000114,664,703,-39
106000115,301,648,-347
106000116,274,286,-12
106000117,1466,1022,444
106000118,1533,1851,-318
106000119,2413,1655,758
106000120,1029,1479,-450
106000121,279,238,41
106000122,125,340,-215
106000123,452,252,200
106000124,79,398,-319
106000125,47,426,-379
106000126,299,177,122
106000127,1030,1204,-174
106000128,817,282,535
106000129,571,805,-234
106000130,823,509,314
106000131,184,988,-804
106000132,810,207,603
106000133,3678,1490,2188
106000134,904,2232,-1328
106000135,318,932,-614
106000136,833,1160,-327
106000137,93,1450,-1357
106000138,1329,139,1190
106000139,64,189,-125
106000140,43,107,-64
106000141,103,130,-27
106000142,103,125,-22
106000143,83,145,-62
106000144,54,84,-30
106000145,314,433,-119
106000146,401,241,160
106000147,766,745,21
106000148,927,1190,-263
106000149,682,510,172
106000150,636,2580,-1944
106000151,5497,1078,4419
106000152,1930,2521,-591
106000153,154,2197,-2043
106000154,1653,317,1336
106000155,116,333,-217
106000156,958,523,435
106000157,858,2452,-1594
106000158,3476,1319,2157
106000159,5088,2425,2663
106000160,501,3249,-2748
106000161,2033,664,1369
106000162,248,1159,-911
106000163,391,683,-292
106000164,422,554,-132
106000165,297,867,-570
106000166,960,446,514
106000167,532,1616,-1084
106000168,546,387,159
106000169,313,828,-515
106000170,879,398,481
106000171,250,1455,-1205
106000172,3610,1779,1831
106000173,1471,3546,-2075
106000174,1457,583,874
106000175,386,1374,-988
106000176,2169,972,1197
106000177,1177,3521,-2344
106000178,4198,2295,1903
106000179,1779,3602,-1823
106000180,1168,2225,-1057
106000181,939,2618,-1679
106000182,1242,1100,142
106000183,1507,1006,501
106000184,3186,1163,2023
106000185,2153,1708,445
106000186,1157,296,861
106000187,378,1591,-1213
106000188,0,1,-1
106000189,17,52,-35
106000190,25,2,23
106000191,790,367,423
106000192,19,43,-24
106000193,575,362,213
106000194,265,587,-322
106000195,1362,327,1035
106000196,477,813,-336
106000197,681,538,143
106000198,243,470,-227
106000199,1268,1402,-134
106000200,460,330,130
106000201,731,3995,-3264
106000202,7096,1010,6086
106000203,115,242,-127
106000204,103,26,77
106000205,27,172,-145
106000206,139,34,105
106000207,65,1044,-979
106000208,1472,208,1264
106000209,1652,561,1091
106000210,420,1573,-1153
106000211,547,1716,-1169
106000212,1089,477,612
106000213,1260,2427,-1167
106000214,3928,931,2997
106000215,441,739,-298
106000216,434,576,-142
106000217,374,618,-244
106000218,687,588,99
106000219,188,422,-234
106000220,438,416,22
106000221,199,369,-170
106000222,79,157,-78
106000223,186,143,43
106000224,241,371,-130
106000225,95,141,-46
106000226,234,401,-167
106000228,59,142,-83
106000229,114,889,-775
106000231,1151,210,941
106000232,81,538,-457
106000233,1007,175,832
106000234,168,292,-124
106000235,1031,139,892
106000236,290,145,145
106000237,1,16,-15
106000238,168,22,146
106000239,8,160,-152
106000240,74,5,69
106000241,31,925,-894
106000242,376,36,340
106000249,73,140,-67
106000250,106,869,-763
106000251,105,55,50
106000252,34,160,-126
106000253,57,114,-57
106000254,64,71,-7
106000255,34,210,-176
106000256,75,129,-54
106000257,170,389,-219
106000258,490,35,455
106000259,3,87,-84
106000260,71,9,62
106000261,3,72,-69
106000262,121,17,104
106000263,27,113,-86
106000264,268,14,254
106000265,20,221,-201
106000266,208,30,178
106000267,4,176,-172
106000268,677,67,610
106000269,77,84,-7
106000270,210,792,-582
106000271,111,366,-255
106000272,296,85,211
106000273,19,378,-359
106000274,274,80,194
106000275,184,334,-150
106000276,292,92,200
106000277,194,286,-92
106000278,308,80,228
106000279,26,80,-54
106000280,119,158,-39
106000281,95,89,6
106000282,84,108,-24
106000283,174,110,64
106000284,88,161,-73
106000285,177,158,19
106000286,100,246,-146
106000287,154,101,53
106000288,121,208,-87
106000289,108,110,-2
106000290,62,159,-97
106000291,131,138,-7
106000292,117,203,-86
106000293,159,165,-6
106000294,135,185,-50
106000295,70,96,-26
106000296,119,130,-11
106000297,93,324,-231
106000298,201,134,67
106000299,74,218,-144
106000300,84,126,-42
106000301,79,141,-62
106000303,51,192,-141
106000304,65,67,-2
106000305,76,78,-2
106000306,61,95,-34
106000307,80,32,48
106000308,46,212,-166
106000309,35,84,-49
106000310,378,705,-327
106000311,451,322,129
106000312,129,271,-142
106000313,185,357,-172
106000318,210,574,-364
106000319,1224,261,963
106000320,6,71,-65
106000321,601,144,457
106000322,169,268,-99
106000324,17,179,-162
106000325,1854,1193,661
106000326,1258,2451,-1193
106000327,227,197,30
106000328,34,218,-184
106000329,107,406,-299
106000330,59,89,-30
106000428,106,171,-65
106000429,209,557,-348
106000430,484,1641,-1157
106000431,2482,513,1969
106000432,2286,3872,-1586
106000433,2611,1568,1043
106000434,3982,2056,1926
106000435,2563,3614,-1051
106000436,19,393,-374
106000437,425,40,385
106000438,1031,247,784
106000439,119,647,-528
106000440,375,670,-295
106000441,0,0,0
106000442,220,10,210
106000443,179,482,-303
106000450,2,245,-243
106000451,25,70,-45
106000454,5,193,-188
106000455,22,250,-228
106000456,168,57,111
106000457,10,1357,-1347
106000458,767,163,604
106000459,180,592,-412
106000460,1592,60,1532
106000461,132,1950,-1818
106000462,0,24,-24
106000463,9,21,-12
106000464,4,668,-664
106000465,695,4,691
106000466,18,913,-895
106000467,587,712,-125
106000468,126,297,-171
106000469,242,1,241
106000470,329,2333,-2004
106000471,59,891,-832
106000472,185,16,169
106000473,39,17,22
106000474,550,821,-271
106000475,322,226,96
106000476,265,288,-23
106000477,23,62,-39
106900001,0,12,-12
106900002,4,740,-736
106900003,330,1706,-1376
106900004,0,81,-81
106900006,1,16,-15
106900007,0,16,-16
106900008,423,389,34
106900009,428,564,-136
106900010,313,437,-124
106900012,2890,2915,-25
106900013,812,220,592
106900014,47,2,45
106900015,21,2,19
106900016,340,14,326
106900017,11,0,11
106900018,6,0,6
106900019,48,5,43
106900020,4216,1925,2291
106900021,140,100,40
106900022,881,1,880
106900023,88,412,-324
106900024,797,62,735
106900025,109,1020,-911
106900026,2,983,-981
106900027,1060,6,1054
107000001,5494,4261,1233
107000002,5679,6534,-855
107000003,6375,7920,-1545
107000004,7851,7575,276
107000005,4828,6711,-1883
107000006,5752,7540,-1788
107000007,6781,13043,-6262
107000008,17246,13610,3636
107000009,8589,9159,-570
107000010,15311,15370,-59
107000011,1376,1838,-462
107000012,6101,5187,914
107000013,83,137,-54
107000014,39,343,-304
107000015,644,1041,-397
107000016,836,1131,-295
107000017,5962,1523,4439
107000018,56,718,-662
107000020,3717,842,2875
107000021,2033,753,1280
107000022,1352,1574,-222
107000023,2540,442,2098
107000024,683,2265,-1582
107000025,268,498,-230
107000026,301,834,-533
107000027,1706,1509,197
107000028,1672,2163,-491
107000029,3664,3426,238
107000030,4151,4625,-474
107000031,4697,3236,1461
107000032,718,1418,-700
107000033,4790,7579,-2789
107000034,5621,2821,2800
107000035,492,368,124
107000036,533,1770,-1237
107000037,97,1145,-1048
107000038,351,335,16
107000039,1124,1118,6
107000040,233,457,-224
107000041,2416,1074,1342
107000042,1111,2711,-1600
107000043,3646,1403,2243
107000044,720,494,226
107000045,176,446,-270
107000046,995,620,375
107000047,697,1173,-476
107000048,905,434,471
107000049,749,1040,-291
107000050,1396,765,631
107000051,607,547,60
107000052,1447,1338,109
107000053,670,301,369
107000054,97,408,-311
107000055,204,145,59
107000056,510,1232,-722
107000057,1794,348,1446
107000058,2537,2991,-454
107000059,3289,5164,-1875
107000060,5183,6892,-1709
107000061,7830,5750,2080
107000062,4666,3846,820
107000063,5461,7425,-1964
107000064,6408,3000,3408
107000065,6151,6983,-832
107000066,2817,3500,-683
107000067,1465,1487,-22
107000068,2209,848,1361
107000069,1015,709,306
107000070,1217,6,1211
107000071,3661,77,3584
107000072,93,4075,-3982
107000073,960,386,574
107000074,202,1322,-1120
107000075,2028,664,1364
107000076,1141,2284,-1143
107000077,3871,1587,2284
107000078,3414,4849,-1435
107000079,3273,1213,2060
107000080,1730,4523,-2793
107000081,2190,905,1285
107000082,783,2777,-1994
107000083,1805,603,1202
107000084,593,2823,-2230
107000085,3610,4622,-1012
107000086,4553,4875,-322
107000087,3191,2789,402
107000088,4193,5126,-933
107000089,1722,2560,-838
107000090,1502,1656,-154
107000091,1483,1203,280
107000092,1115,1443,-328
107000093,1529,1188,341
107000094,1695,1708,-13
107000095,962,756,206
107000096,826,1411,-585
107000097,997,271,726
107000098,671,819,-148
107000099,703,411,292
107000100,411,442,-31
107000101,124,271,-147
107000102,542,449,93
107000103,394,324,70
107000104,329,422,-93
107000105,355,218,137
107000106,264,369,-105
107000107,713,228,485
107000108,290,996,-706
107000109,1027,232,795
107000110,164,695,-531
107000111,543,66,477
107000112,77,403,-326
107000113,785,155,630
107000114,147,800,-653
107000115,683,199,484
107000116,160,1188,-1028
107000117,159,782,-623
107000118,160,302,-142
107000119,2353,2343,10
107000120,2264,695,1569
107000121,822,1084,-262
107000122,1461,1335,126
107000123,504,1142,-638
107000124,769,1244,-475
107000125,972,1093,-121
107000126,1281,1127,154
107000129,1066,635,431
107000130,1401,500,901
107000131,636,765,-129
107000132,879,440,439
107000133,1264,148,1116
107000134,486,11,475
107000135,8,351,-343
107000136,1141,19,1122
107000137,21,518,-497
107000138,557,36,521
107000139,29,671,-642
107000140,1952,183,1769
107000141,198,1322,-1124
107000142,577,158,419
107000143,89,1206,-1117
107000144,668,726,-58
107000145,180,858,-678
107000146,281,597,-316
107000147,4011,1155,2856
107000150,1303,3589,-2286
107000151,64,122,-58
107000152,811,1583,-772
107000153,374,636,-262
107000154,346,280,66
107000155,1705,48,1657
107000156,1476,41,1435
107000157,69,2416,-2347
107000158,801,54,747
107000159,36,1458,-1422
107000160,1209,197,1012
107000161,131,2371,-2240
107000162,323,764,-441
107000163,322,69,253
107000164,716,1,715
107000165,1083,4,1079
107000166,95,1643,-1548
107000167,686,298,388
107000168,926,619,307
107000169,1133,1084,49
107000170,2818,1187,1631
107000171,1198,3224,-2026
107000172,1406,1753,-347
107000173,901,1723,-822
107000174,1356,6686,-5330
107000175,10508,2543,7965
107000176,5,2,3
107000177,15,4,11
107000178,19,63,-44
107000179,576,3501,-2925
107000180,1572,1063,509
107000181,529,1607,-1078
107000182,1948,1317,631
107000183,231,1273,-1042
107000184,1226,901,325
107000185,661,2087,-1426
107000186,1451,541,910
107000187,1814,1805,9
107000188,798,846,-48
107000189,569,1532,-963
107000190,731,1116,-385
107000191,870,1423,-553
107000192,2105,1208,897
107000193,573,714,-141
107000194,1098,1130,-32
107000197,1111,384,727
107000198,363,984,-621
107000199,727,1248,-521
107000200,1100,1135,-35
107000201,530,296,234
107000202,366,762,-396
107000203,1645,863,782
107000204,2769,890,1879
107000205,2956,1492,1464
107000206,2003,1973,30
107000207,616,961,-345
107000208,1193,396,797
107000209,3419,1793,1626
107000210,1085,494,591
107000211,9,65,-56
107000212,17,536,-519
107000213,13,59,-46
107000214,19,280,-261
107000215,687,744,-57
107000216,586,603,-17
107000217,220,194,26
107000219,184,190,-6
107000220,306,320,-14
107000222,389,1163,-774
107000224,566,134,432
107000225,322,697,-375
107000226,533,158,375
107000227,153,444,-291
107000228,138,307,-169
107000229,343,261,82
107000230,1445,667,778
107000231,2816,1878,938
107000232,174,84,90
107000233,2090,1139,951
107000234,6,55,-49
107000235,109,9,100
107000236,40,1097,-1057
107000237,18,2,16
107000238,41,1,40
107000239,5115,813,4302
107000240,104,1425,-1321
107000241,156,38,118
107000242,692,68,624
107000243,0,89,-89
107000244,8,147,-139
107000246,6,1421,-1415
107000249,8,1410,-1402
107000251,5,343,-338
107000252,7,1468,-1461
107000255,810,204,606
107000257,1,544,-543
107000258,2,128,-126
107000259,12,227,-215
107000260,714,16,698
107000262,22,821,-799
107000263,358,7,351
107000266,5,19,-14
107000267,95,251,-156
107000268,169,201,-32
107000269,1415,118,1297
107000270,3,14,-11
107000271,31,881,-850
107000272,54,217,-163
107000273,3,312,-309
107000274,2635,279,2356
107000275,236,927,-691
107000280,1004,43,961
107000281,50,1378,-1328
107000282,44,1368,-1324
107000290,1,37,-36
107000291,42,16,26
107000292,4,61,-57
107000293,139,8,131
107000294,0,65,-65
107000295,47,9,38
107000296,0,21,-21
107000444,427,7,420
107000496,0,20,-20
107000497,2095,3895,-1800
107000500,448,383,65
107000501,138,231,-93
107000502,346,459,-113
107000505,672,1146,-474
107000506,13,53,-40
107000508,20,907,-887
107000509,339,1311,-972
107000510,58,25,33
107000514,63,458,-395
107000515,27,335,-308
107000516,367,399,-32
107000518,1318,1505,-187
107000519,3341,1511,1830
107000520,101,57,44
107900001,48,208,-160
107900002,99,9,90
107900003,584,21,563
107900004,211,5,206
107900005,1666,6,1660
107900006,423,7,416
107900007,595,59,536
107900008,133,83,50
107900009,270,10,260
107900010,30,3,27
107900012,144,8,136
107900013,321,81,240
107900014,46,0,46
107900015,1232,14,1218
107900016,602,133,469
107900017,81,5,76
107900018,81,222,-141
107900019,43,88,-45
107900020,153,22,131
107900021,78,204,-126
107900023,5,0,5
107900024,1,52,-51
107900025,248,425,-177
107900026,85,143,-58
107900027,66,81,-15
107900028,103,86,17
107900030,170,27,143
107900031,110,231,-121
107900032,41,3,38
107900033,29,6,23
107900034,531,27,504
107900035,1071,97,974
107900036,136,57,79
107900037,0,64,-64
107900038,207,350,-143
107900039,51,91,-40
107900040,209,332,-123
107900041,4,0,4
107900043,37,247,-210
107900044,11,7,4
107900045,158,68,90
107900046,235,251,-16
107900047,34,149,-115
107900048,235,4,231
107900049,452,2290,-1838
107900050,182,495,-313
107900051,125,101,24
107900052,42,34,8
107900053,59,151,-92
107900055,1190,472,718
107900056,213,63,150
107900057,6,0,6
107900058,48,938,-890
107900060,49,40,9
107900061,19,11,8
107900063,122,174,-52
107900064,527,139,388
107900065,268,20,248
107900066,29,13,16
107900067,9,0,9
107900068,349,354,-5
107900069,49,2234,-2185
107900070,138,59,79
107900071,45,1233,-1188
107900072,101,288,-187
107900073,139,165,-26
107900074,1186,382,804
107900076,168,95,73
107900077,41,1,40
107900078,355,42,313
107900079,7,40,-33
107900080,431,430,1
107900081,49,184,-135
107900082,41,25,16
107900083,570,224,346
107900084,177,219,-42
107900086,39,198,-159
107900087,955,191,764
107900088,26,8,18
107900089,428,1449,-1021
107900090,936,3777,-2841
107900091,329,687,-358
107900092,2583,704,1879
107900093,151,109,42
107900095,4687,2899,1788
107900097,28,142,-114
107900098,86,223,-137
107900100,1557,1735,-178
107900101,1507,319,1188
107900102,34,5,29
107900103,64,235,-171
107900104,333,13,320
107900105,4,352,-348
107900106,2,1755,-1753
107900107,1925,818,1107
107900108,574,248,326
107900109,1582,19,1563
107900110,52,127,-75
107900111,9,1260,-1251
107900112,135,531,-396
107900113,341,188,153
107900114,195,250,-55
107900115,5,56,-51
107900116,200,283,-83
107900117,659,630,29
107900118,103,251,-148
107900119,123,371,-248
107900120,35,30,5
107900121,11,324,-313
107900122,10,101,-91
107900123,11,56,-45
107900124,46,31,15
107900125,31,256,-225
107900126,7,68,-61
107900127,692,409,283
107900128,133,122,11
107900129,82,38,44
107900130,131,51,80
107900131,910,359,551
107900132,175,621,-446
107900133,1,129,-128
107900134,34,59,-25
107900135,7,226,-219
107900136,92,59,33
107900137,196,174,22
107900138,66,74,-8
107900139,61,82,-21
107900140,161,91,70
107900141,99,68,31
107900142,97,1381,-1284
107900143,79,47,32
107900144,2,173,-171
107900145,23,130,-107
107900146,73,245,-172
107900147,87,51,36
107900148,193,195,-2
107900149,1682,329,1353
107900150,97,1075,-978
107900151,58,180,-122
107900152,17,416,-399
107900153,206,515,-309
107900154,76,42,34
107900155,110,77,33
107900156,6,420,-414
107900157,51,82,-31
107900158,1025,29,996
107900159,55,1418,-1363
107900160,201,168,33
107900161,22,248,-226
107900162,3,255,-252
107900163,344,168,176
107900164,14,59,-45
107900165,42,158,-116
107900166,27,262,-235
107900167,69,49,20
107900168,55,56,-1
107900169,7,293,-286
107900171,19,2129,-2110
107900172,4,482,-478
107900173,21,256,-235
107900174,123,11,112
107900175,17,35,-18
107900176,34,73,-39
107900177,12,260,-248
107900178,1,258,-257
107900179,36,193,-157
107900180,1185,705,480
107900181,434,384,50
107900182,6,1746,-1740
107900183,50,457,-407
107900184,154,344,-190
107900185,135,4,131
107900186,34,54,-20
107900187,3,215,-212
107900188,930,246,684
107900189,34,189,-155
107900190,109,153,-44
107900191,76,162,-86
107900193,20,102,-82
107900194,375,10,365
107900195,4124,697,3427
107900196,106,175,-69
107900197,1537,428,1109
107900199,2,1312,-1310
107900201,123,185,-62
107900203,24,75,-51
107900204,266,325,-59
107900205,299,569,-270
107900206,1369,250,1119
107900207,3,669,-666
107900208,16,866,-850
107900209,563,215,348
107900210,131,209,-78
107900213,1198,891,307
107900214,10,198,-188
107900215,239,425,-186
107900216,214,150,64
107900217,61,159,-98
107900218,25,1820,-1795
107900219,46,185,-139
107900220,343,403,-60
107900221,331,326,5
107900223,137,925,-788
107900224,144,443,-299
107900225,14,865,-851
107900226,130,239,-109
107900227,172,717,-545
107900228,42,150,-108
107900229,43,316,-273
107900230,27,188,-161
107900231,20,321,-301
107900232,73,213,-140
107900233,11,249,-238
107900234,139,197,-58
107900235,78,148,-70
107900236,130,95,35
107900237,36,256,-220
107900238,38,172,-134
107900239,1429,627,802
107900240,25,189,-164
107900241,18,172,-154
107900242,48,382,-334
107900243,0,100,-100
107900244,391,4,387
107900245,854,46,808
107900246,453,17,436
107900248,368,769,-401
107900249,854,48,806
107900250,1,757,-756
107900251,107,1784,-1677
107900252,1210,32,1178
107900253,230,14,216
107900254,101,764,-663
107900255,527,167,360
107900256,2461,728,1733
107900257,312,202,110
107900258,144,370,-226
107900259,176,2763,-2587
107900261,10,571,-561
107900262,55,231,-176
107900264,417,8,409
107900265,180,221,-41
107900267,250,28,222
107900268,52,12,40
107900269,1,17,-16
107900270,3,0,3
107900271,14,31,-17
107900272,201,23,178
107900273,88,160,-72
107900274,78,1,77
107900275,36,1,35
107900276,2,99,-97
107900277,0,281,-281
107900278,331,533,-202
107900279,192,189,3
107900280,2457,3089,-632
107900281,3375,3324,51
107900282,120,577,-457
107900283,1901,704,1197
107900284,675,902,-227
107900285,133,125,8
107900286,240,172,68
107900287,244,259,-15
107900290,5,142,-137
107900291,594,18,576
107900292,172,338,-166
107900293,92,586,-494
107900295,71,104,-33
107900297,5,505,-500
107900298,1226,1108,118
107900299,4136,2896,1240
107900300,85,302,-217
107900301,1137,772,365
107900302,133,62,71
107900303,248,560,-312
107900304,232,554,-322
107900305,417,22,395
107900306,27,21,6
107900307,53,237,-184
107900308,186,118,68
107900309,260,1,259
107900310,519,15,504
107900311,3,251,-248
107900312,141,2,139
107900313,0,147,-147
107900314,2,51,-49
107900315,1,74,-73
107900316,73,1,72
107900317,186,43,143
107900318,15,236,-221
107900319,10,365,-355
107900320,1,253,-252
107900321,204,7,197
107900322,1,179,-178
107900323,11,197,-186
107900324,175,0,175
107900325,135,2,133
107900326,506,371,135
107900327,6,72,-66
107900328,370,3,367
107900329,278,125,153
107900330,15,575,-560
107900331,249,29,220
107900332,299,63,236
107900333,61,25,36
107900334,14,272,-258
107900335,84,87,-3
107900336,54,90,-36
107900337,1853,1121,732
107900338,3,212,-209
107900339,6,39,-33
107900340,1,67,-66
107900341,78,1,77
107900342,189,163,26
107900343,209,2,207
107900344,17,182,-165
107900345,171,68,103
107900346,43,1,42
107900347,24,7,17
107900348,1,8,-7
107900349,21,8,13
107900350,38,348,-310
108000001,3401,4762,-1361
108000002,2885,4133,-1248
108000003,4519,3816,703
108000004,19615,22385,-2770
108000005,9287,7017,2270
108000006,11265,10414,851
108000007,5794,5125,669
108000008,6496,8712,-2216
108000009,4268,5235,-967
108000010,4506,6544,-2038
108000011,13912,14350,-438
108000012,24149,23226,923
108000014,1314,786,528
108000015,827,385,442
108000016,419,868,-449
108000017,1214,468,746
108000018,2234,738,1496
108000019,2897,1056,1841
108000020,1742,723,1019
108000021,509,2232,-1723
108000022,795,2036,-1241
108000023,1430,326,1104
108000024,317,748,-431
108000025,387,405,-18
108000026,593,565,28
108000027,800,655,145
108000028,620,390,230
108000029,627,640,-13
108000030,1235,363,872
108000031,557,840,-283
108000032,1517,845,672
108000033,1015,1543,-528
108000034,1804,713,1091
108000035,1277,3258,-1981
108000036,480,1629,-1149
108000037,1789,597,1192
108000038,3013,758,2255
108000039,765,3097,-2332
108000040,2234,1231,1003
108000041,954,3632,-2678
108000042,349,333,16
108000043,293,418,-125
108000044,538,256,282
108000045,400,984,-584
108000046,1554,381,1173
108000047,596,1469,-873
108000048,231,710,-479
108000049,1036,338,698
108000050,140,675,-535
108000051,317,190,127
108000052,394,1012,-618
108000053,461,257,204
108000054,752,1557,-805
108000055,1595,662,933
108000056,1372,1657,-285
108000057,907,1526,-619
108000058,2563,4664,-2101
108000059,4297,3006,1291
108000060,213,571,-358
108000061,173,400,-227
108000062,905,798,107
108000063,584,818,-234
108000064,200,373,-173
108000065,872,899,-27
108000066,1994,1068,926
108000067,2187,783,1404
108000068,840,443,397
108000069,277,1414,-1137
108000070,1967,954,1013
108000071,915,2078,-1163
108000072,1786,1435,351
108000073,2183,2516,-333
108000074,649,443,206
108000075,439,1147,-708
108000076,889,614,275
108000077,822,1004,-182
108000078,2767,1939,828
108000079,1101,2331,-1230
108000080,1249,787,462
108000081,700,2574,-1874
108000082,1386,2738,-1352
108000083,2197,1213,984
108000084,544,1748,-1204
108000085,917,551,366
108000086,1140,1112,28
108000087,207,2253,-2046
108000088,210,11,199
108000089,507,545,-38
108000090,472,204,268
108000091,301,686,-385
108000092,198,131,67
108000093,226,847,-621
108000094,713,155,558
108000095,147,633,-486
108000096,298,230,68
108000097,180,710,-530
108000098,1703,1943,-240
108000099,295,127,168
108000100,83,270,-187
108000101,1679,1786,-107
108000102,1824,3633,-1809
108000106,1314,6,1308
108000107,2,1205,-1203
108000108,1001,87,914
108000109,19,1136,-1117
108000110,222,437,-215
108000111,245,1130,-885
108000112,85,173,-88
108000113,710,374,336
108000115,563,544,19
108000117,1029,559,470
108000118,197,342,-145
108000119,934,475,459
108000120,216,940,-724
108000121,240,707,-467
108000122,717,444,273
108000123,835,433,402
108000124,435,890,-455
108000125,378,373,5
108000126,253,677,-424
108000127,667,435,232
108000128,790,750,40
108000129,471,1542,-1071
108000130,550,305,245
108000131,1049,677,372
108000132,2979,2393,586
108000133,943,683,260
108000134,667,860,-193
108000135,1394,591,803
108000136,757,1403,-646
108000137,513,475,38
108000138,489,1328,-839
108000139,553,456,97
108000140,131,26,105
108000141,61,184,-123
108000142,98,162,-64
108000143,40,63,-23
108000144,68,14,54
108000145,88,27,61
108000146,98,33,65
108000147,124,54,70
108000148,166,26,140
108000149,71,36,35
108000150,56,10,46
108000151,122,26,96
108000152,150,698,-548
108000153,549,191,358
108000154,118,15,103
108000155,50,40,10
108000156,390,166,224
108000157,253,1194,-941
108000158,141,993,-852
108000159,850,263,587
108000160,5155,1503,3652
108000161,4927,3236,1691
108000165,12,229,-217
108000172,5,360,-355
108000173,3065,2380,685
108000175,245,145,100
108000178,625,485,140
108000179,316,951,-635
108000181,64,33,31
108000182,160,24,136
108000183,190,40,150
108000184,1522,2526,-1004
108000185,323,892,-569
108000186,262,83,179
108000187,173,945,-772
108000188,729,369,360
108000189,918,1713,-795
108000190,48,243,-195
108000192,230,759,-529
108000193,1174,73,1101
108000194,78,29,49
108000195,6,1611,-1605
108000196,343,299,44
108000198,615,544,71
108000199,1,226,-225
108000200,611,857,-246
108000202,7,356,-349
108000203,194,1122,-928
108000204,179,90,89
108000205,519,761,-242
108000339,2076,554,1522
108000364,161,440,-279
108000365,85,495,-410
108000367,204,569,-365
108000368,22,83,-61
108000369,2027,379,1648
108000371,2,775,-773
108000372,723,3,720
108000373,247,175,72
108000376,88,36,52
108000377,430,386,44
108000378,10966,13097,-2131
108000379,62,341,-279
108000381,63,21,42
108000382,131,2,129
108000383,0,218,-218
108900001,169,1394,-1225
108900002,268,123,145
108900003,459,1214,-755
108900004,142,472,-330
108900005,115,505,-390
108900006,913,169,744
108900007,237,248,-11
108900008,99,209,-110
108900009,79,167,-88
108900010,225,283,-58
108900011,476,517,-41
108900012,410,636,-226
108900013,163,311,-148
108900014,20,127,-107
108900015,1,72,-71
108900016,2,395,-393
108900017,333,433,-100
108900018,138,675,-537
108900019,161,1263,-1102
108900020,49,288,-239
108900021,152,401,-249
108900022,192,6,186
108900023,6,52,-46
108900024,53,169,-116
108900025,102,193,-91
108900026,43,151,-108
108900027,3,121,-118
108900028,120,495,-375
108900029,100,329,-229
108900030,1,154,-153
108900031,125,539,-414
108900032,19,351,-332
108900033,0,91,-91
108900034,0,292,-292
108900035,372,1872,-1500
108900036,233,440,-207
108900037,122,554,-432
108900038,1,450,-449
108900039,2,709,-707
108900040,12,149,-137
108900041,7098,3707,3391
108900042,6,452,-446
108900043,126,640,-514
108900044,3,705,-702
108900045,92,759,-667
108900046,76,1222,-1146
108900047,0,96,-96
108900048,188,1320,-1132
108900049,5702,1715,3987
108900050,3,338,-335
108900051,0,271,-271
108900052,36,363,-327
108900053,116,242,-126
108900054,126,320,-194
108900055,89,557,-468
108900056,0,214,-214
108900057,4,257,-253
108900058,39,592,-553
108900059,517,37,480
108900060,172,245,-73
108900061,134,74,60
108900062,10,372,-362
108900063,7,462,-455
108900064,232,117,115
108900065,25,373,-348
108900066,388,156,232
108900067,65,243,-178
108900068,0,150,-150
108900069,70,196,-126
108900070,45,168,-123
108900071,95,79,16
108900072,3232,1189,2043
108900073,10,110,-100
108900074,212,619,-407
108900075,59,71,-12
108900076,390,146,244
108900077,148,175,-27
108900078,24,234,-210
108900079,1260,351,909
108900080,51,1242,-1191
108900081,73,388,-315
108900082,64,147,-83
108900083,40,517,-477
108900084,520,236,284
108900085,2447,285,2162
108900086,145,376,-231
108900087,170,360,-190
108900088,1486,547,939
108900089,40,261,-221
108900090,59,393,-334
108900091,144,136,8
108900092,580,483,97
108900093,157,174,-17
108900094,303,172,131
108900095,97,604,-507
108900096,496,41,455
108900097,303,344,-41
108900098,3761,918,2843
108900099,456,426,30
108900100,99,202,-103
108900101,325,202,123
108900102,220,1235,-1015
108900103,300,130,170
108900104,196,662,-466
108900105,9,1400,-1391
108900106,476,569,-93
108900108,1101,81,1020
108900109,379,56,323
108900110,240,587,-347
108900111,537,835,-298
108900112,344,62,282
108900113,55,74,-19
108900114,1,3,-2
108900115,99,112,-13
108900116,135,33,102
108900117,213,29,184
108900118,643,32,611
108900119,282,32,250
108900120,417,299,118
108900121,424,116,308
108900122,168,45,123
108900123,171,146,25
108900124,593,290,303
108900125,485,8,477
108900126,116,43,73
108900127,177,32,145
108900128,129,40,89
108900129,815,228,587
108900130,402,6,396
108900131,485,4,481
108900132,623,147,476
108900133,302,93,209
108900134,332,334,-2
108900135,156,23,133
108900136,102,2,100
108900137,161,1,160
108900138,802,55,747
108900139,952,149,803
108900140,298,347,-49
108900141,348,21,327
108900142,224,8,216
108900143,59,0,59
108900144,118,1,117
108900145,197,14,183
108900146,83,0,83
108900147,285,1,284
108900148,124,66,58
108900149,647,514,133
108900150,323,9,314
108900151,323,15,308
108900152,173,74,99
108900153,191,592,-401
108900154,5816,644,5172
108900155,320,140,180
108900156,88,9,79
108900157,30,689,-659
108900158,520,39,481
108900159,13,410,-397
108900160,26,371,-345
108900161,11,604,-593
108900162,109,2,107
108900163,11,333,-322
108900164,81,110,-29
108900165,237,148,89
108900167,2664,7395,-4731
108900168,11138,3719,7419
108900169,77,167,-90
108900171,11231,3402,7829
108900172,293,77,216
108900173,345,575,-230
108900174,846,781,65
108900176,199,591,-392
108900177,9202,5741,3461
108900178,6611,3867,2744
108900179,864,2029,-1165
108900180,139,482,-343
108900182,63,378,-315
108900183,222,292,-70
108900184,600,394,206
108900185,157,460,-303
108900186,93,545,-452
108900187,361,94,267
108900188,609,88,521
108900189,484,298,186
108900190,70,4142,-4072
108900191,229,34,195
108900192,130,340,-210
108900193,893,122,771
108900194,150,467,-317
108900195,161,460,-299
108900196,54,622,-568
108900198,10,666,-656
108900199,382,559,-177
108900200,1030,427,603
108900201,668,1875,-1207
108900203,630,101,529
108900204,442,28,414
108900205,288,32,256
108900206,503,78,425
108900207,251,113,138
108900208,37,625,-588
108900209,296,878,-582
108900210,316,426,-110
108900211,249,608,-359
108900212,986,1456,-470
108900215,145,725,-580
108900216,692,193,499
108900217,186,1,185
108900218,230,25,205
108900219,139,21,118
108900220,87,37,50
108900221,82,176,-94
108900222,270,32,238
108900223,20,181,-161
108900224,63,321,-258
108900225,5,308,-303
108900226,336,17,319
108900227,179,445,-266
108900230,429,380,49
108900231,46,345,-299
108900232,5,407,-402
108900233,755,164,591
108900234,433,284,149
108900235,364,829,-465
108900236,107,512,-405
108900237,129,325,-196
108900240,143,152,-9
108900241,47,76,-29
108900245,13,1654,-1641
108900249,236,72,164
108900250,357,263,94
108900257,338,787,-449
108900258,7,304,-297
108900259,124,119,5
108900260,18,138,-120
108900261,146,227,-81
108900262,218,183,35
108900263,42,267,-225
108900264,612,413,199
108900265,1532,449,1083
108900266,1404,634,770
108900267,6,142,-136
108900268,7,3,4
108900269,90,36,54
108900270,52,14,38
108900271,57,20,37
108900272,241,10,231
108900273,1329,844,485
108900274,58,89,-31
109000001,4320,1776,2544
109000002,2253,2021,232
109000003,3292,684,2608
109000004,721,3202,-2481
109000005,3156,1073,2083
109000006,892,2671,-1779
109000007,1870,887,983
109000008,711,2618,-1907
109000009,4069,1714,2355
109000010,1797,5529,-3732
109000011,4179,2531,1648
109000012,2678,4870,-2192
109000013,4350,3733,617
109000014,2767,4623,-1856
109000015,4232,8399,-4167
109000016,10348,5787,4561
109000017,2635,1570,1065
109000018,1467,4376,-2909
109000019,3436,1744,1692
109000020,1543,2801,-1258
109000023,316,46,270
109000024,11,249,-238
109000025,494,619,-125
109000026,1052,463,589
109000027,115,408,-293
109000028,142,172,-30
109000029,214,240,-26
109000030,117,842,-725
109000031,228,217,11
109000032,198,666,-468
109000033,455,181,274
109000034,78,50,28
109000035,24,114,-90
109000036,94,539,-445
109000037,277,1505,-1228
109000038,967,540,427
109000039,1317,1008,309
109000040,6882,9307,-2425
109000041,5564,2347,3217
109000042,1103,1730,-627
109000044,531,82,449
109000045,136,536,-400
109000046,382,129,253
109000047,95,584,-489
109000048,1152,267,885
109000049,378,801,-423
109000050,555,358,197
109000051,393,433,-40
109000052,670,1721,-1051
109000053,226,149,77
109000054,702,1068,-366
109000055,411,502,-91
109000056,420,960,-540
109000057,890,619,271
109000058,1334,477,857
109000059,1375,1651,-276
109000060,582,357,225
109000061,1446,1383,63
109000062,243,442,-199
109000063,311,290,21
109000064,272,310,-38
109000065,188,364,-176
109000066,554,141,413
109000067,76,463,-387
109000068,2817,38,2779
109000069,1282,48,1234
109000070,14,1485,-1471
109000071,558,111,447
109000072,141,480,-339
109000073,103,170,-67
109000074,36,234,-198
109000075,156,420,-264
109000076,113,269,-156
109000077,525,415,110
109000078,99,195,-96
109000079,185,300,-115
109000080,149,156,-7
109000081,158,685,-527
109000082,582,347,235
109000083,329,1100,-771
109000088,206,659,-453
109000089,325,94,231
109000090,253,562,-309
109000091,343,253,90
109000092,464,840,-376
109000093,326,244,82
109000094,593,4,589
109000095,118,690,-572
109000096,723,329,394
109000097,127,190,-63
109000098,78,172,-94
109000099,1131,540,591
109000100,280,876,-596
109000101,1741,1099,642
109000102,414,1226,-812
109000103,529,850,-321
109000104,1834,842,992
109000105,591,1744,-1153
109000106,2342,1090,1252
109000107,788,3053,-2265
109000108,1968,902,1066
109000109,584,2816,-2232
109000110,1608,782,826
109000111,1341,3195,-1854
109000112,406,280,126
109000113,503,331,172
109000114,196,542,-346
109000115,1783,73,1710
109000116,6,356,-350
109000117,198,111,87
109000118,14,420,-406
109000119,1319,381,938
109000120,245,1267,-1022
109000121,525,62,463
109000122,159,1222,-1063
109000123,29,94,-65
109000124,745,594,151
109000125,1029,464,565
109000126,513,1265,-752
109000127,954,290,664
109000128,667,2513,-1846
109000129,2638,1075,1563
109000130,796,3269,-2473
109000131,1066,658,408
109000132,920,2731,-1811
109000133,447,1385,-938
109000134,1151,1929,-778
109000135,1545,2017,-472
109000136,369,518,-149
109000137,378,500,-122
109000138,666,565,101
109000139,636,615,21
109000140,410,593,-183
109000141,721,661,60
109000142,139,800,-661
109000143,100,106,-6
109000145,160,272,-112
109000146,90,193,-103
109000148,5297,3015,2282
109000149,58,64,-6
109000150,135,321,-186
109000155,1013,839,174
109000156,1769,1024,745
109000158,414,427,-13
109000159,307,881,-574
109000160,1218,367,851
109000161,464,1732,-1268
109000162,2226,1119,1107
109000163,1247,2535,-1288
109000164,1334,3499,-2165
109000165,1441,824,617
109000166,905,199,706
109000167,175,979,-804
109000170,64,83,-19
109000171,123,78,45
109000172,76,74,2
109000173,28,93,-65
109000174,209,74,135
109000175,76,162,-86
109000176,380,383,-3
109000177,42,156,-114
109000178,457,223,234
109000179,8933,6530,2403
109000180,8723,5232,3491
109000181,33,44,-11
109000182,80,43,37
109000183,67,93,-26
109000184,41,33,8
109000185,31,102,-71
109000188,1136,2899,-1763
109000189,4304,1418,2886
109000190,1229,623,606
109000191,484,725,-241
109000192,476,346,130
109000193,219,509,-290
109000194,317,176,141
109000195,139,555,-416
109000196,393,187,206
109000197,214,694,-480
109000198,362,112,250
109000199,154,716,-562
109000206,256,43,213
109000207,128,66,62
109000208,146,111,35
109000209,233,142,91
109000210,201,830,-629
109000211,838,787,51
109000214,502,597,-95
109000215,236,99,137
109000216,426,270,156
109000217,318,175,143
109000218,749,286,463
109000221,690,1489,-799
109000222,1061,310,751
109000223,426,404,22
109000224,64,255,-191
109000225,86,50,36
109000226,63,311,-248
109000227,1311,1887,-576
109000228,1,775,-774
109000231,0,480,-480
109000232,367,577,-210
109000236,349,1103,-754
109000241,2606,2916,-310
109000242,2215,1981,234
109000293,23,88,-65
109000361,134,406,-272
109000364,288,842,-554
109000396,9,842,-833
109000397,579,13,566
109000399,165,637,-472
109000400,114,440,-326
109000403,129,954,-825
109000406,490,8,482
109000407,448,302,146
109000408,2,728,-726
109000410,1421,367,1054
109000411,223,36,187
109900001,138,0,138
109900002,937,34,903
109900003,289,2,287
109900004,1100,327,773
109900005,45,9,36
109900006,502,412,90
109900007,856,1005,-149
109900008,0,57,-57
109900009,237,870,-633
109900010,652,20,632
109900011,130,73,57
109900012,373,354,19
109900013,520,204,316
109900014,478,83,395
109900015,600,280,320
109900016,168,64,104
109900017,236,270,-34
109900018,291,156,135
109900019,266,123,143
109900020,60,95,-35
109900021,35,29,6
109900022,116,343,-227
109900023,31,21,10
109900024,43,9,34
109900025,16,92,-76
109900026,1,270,-269
109900027,49,76,-27
109900028,2717,1165,1552
109900029,14,495,-481
109900030,44,25,19
109900031,0,282,-282
109900032,14,400,-386
109900033,5,632,-627
109900034,35,6,29
109900035,18,14,4
109900036,30,106,-76
109900037,59,718,-659
109900038,63,302,-239
109900039,14,1,13
109900040,38,840,-802
109900041,99,561,-462
109900042,44,579,-535
109900044,225,362,-137
109900045,324,125,199
109900046,22,87,-65
109900047,439,532,-93
109900048,17,111,-94
109900049,14,41,-27
109900050,1,302,-301
109900051,0,69,-69
109900052,192,445,-253
109900053,3,641,-638
109900054,661,338,323
109900055,84,480,-396
109900056,33,191,-158
109900057,16,299,-283
109900058,0,135,-135
109900059,831,140,691
109900060,562,243,319
109900061,122,447,-325
109900062,0,362,-362
109900063,13,484,-471
109900064,678,431,247
109900065,162,192,-30
109900066,430,1287,-857
109900067,0,424,-424
109900068,85,7,78
109900069,3,75,-72
109900070,67,498,-431
109900071,3,41,-38
109900072,40,219,-179
109900073,508,827,-319
109900074,12,66,-54
109900075,28,66,-38
109900076,26,317,-291
109900077,35,66,-31
109900078,177,330,-153
109900080,189,515,-326
109900081,43,206,-163
109900082,48,570,-522
109900083,25,93,-68
109900084,101,263,-162
109900085,294,1101,-807
109900086,191,509,-318
109900087,429,653,-224
109900089,788,218,570
109900090,667,1590,-923
109900091,472,133,339
109900092,907,31,876
109900093,935,199,736
109900094,90,149,-59
109900095,211,380,-169
109900096,40,4,36
109900097,137,1,136
109900098,513,62,451
109900099,214,2,212
109900100,68,2,66
109900101,456,20,436
109900102,540,32,508
109900103,63,62,1
109900104,590,1095,-505
109900105,524,51,473
109900106,493,61,432
109900107,662,134,528
109900108,148,423,-275
109900109,52,194,-142
109900110,128,569,-441
109900111,537,1340,-803
109900112,498,1048,-550
109900113,984,642,342
109900114,1956,783,1173
109900115,254,120,134
109900117,1224,176,1048
109900118,337,591,-254
109900119,863,401,462
109900120,90,38,52
109900121,590,449,141
109900122,460,11,449
109900123,30,248,-218
109900124,75,766,-691
109900125,1,247,-246
109900126,262,189,73
109900128,349,60,289
109900130,11910,3255,8655
109900131,75,262,-187
109900132,62,225,-163
109900133,161,423,-262
109900134,118,147,-29
109900135,542,125,417
109900136,62,227,-165
109900137,132,533,-401
109900138,438,629,-191
109900140,199,332,-133
109900142,1699,458,1241
109900145,10,578,-568
109900146,640,50,590
109900148,59,153,-94
109900149,71,90,-19
109900150,12,126,-114
109900151,13,58,-45
109900152,1,42,-41
109900153,8,67,-59
109900154,44,0,44
109900155,92,33,59
109900157,88,381,-293
109900158,69,129,-60
109900159,222,58,164
109900160,210,81,129
109900161,290,86,204
109900162,296,154,142
109900163,1058,535,523
109900164,81,287,-206
109900165,740,20,720
109900166,12,215,-203
109900167,211,833,-622
109900168,307,945,-638
109900169,238,220,18
109900170,444,1004,-560
109900171,217,146,71
109900172,251,349,-98
109900173,5173,3062,2111
109900174,48,221,-173
109900175,83,98,-15
109900176,116,264,-148
109900177,43,371,-328
109900178,13,130,-117
109900179,66,28,38
109900180,15,12,3
110000001,1073,744,329
110000002,810,904,-94
110000003,1334,896,438
110000004,697,825,-128
110000005,798,2360,-1562
110000006,597,423,174
110000007,174,221,-47
110000008,30,102,-72
110000009,104,53,51
110000010,31,116,-85
110000011,63,132,-69
110000012,920,679,241
110000013,70,763,-693
110000014,701,536,165
110000015,430,757,-327
110000016,347,1921,-1574
110000017,3560,392,3168
110000018,3878,589,3289
110000019,11,140,-129
110000020,612,270,342
110000021,820,703,117
110000022,1450,359,1091
110000023,10,219,-209
110000024,1060,558,502
110000025,379,9,370
110000026,13,588,-575
110000027,2273,664,1609
110000028,1191,1108,83
110000029,644,1098,-454
110000030,320,531,-211
110000031,384,716,-332
110000032,866,719,147
110000033,575,141,434
110000034,777,1219,-442
110000035,1222,1034,188
110000036,1209,1195,14
110000037,384,746,-362
110000038,412,1057,-645
110000039,905,3887,-2982
110000040,369,510,-141
110000041,392,1764,-1372
110000042,123,317,-194
110000043,1113,428,685
110000044,155,149,6
110000045,1512,118,1394
110000046,11,22,-11
110000047,99,28,71
110000048,36,23,13
110000049,227,21,206
110000050,8,27,-19
110000051,112,16,96
110000052,36,21,15
110000053,231,1,230
110000054,379,314,65
110000055,702,57,645
110000056,207,72,135
110000057,579,981,-402
110000058,1738,890,848
110000059,1138,656,482
110000060,901,1338,-437
110000061,1164,1140,24
110000062,882,1232,-350
110000063,50,213,-163
110000064,148,142,6
110000065,110,155,-45
110000066,129,62,67
110000067,199,368,-169
110000068,432,435,-3
110000069,337,224,113
110000071,241,235,6
110000073,12,37,-25
110000075,13,179,-166
110000076,435,601,-166
110000077,565,2247,-1682
110000078,61,103,-42
110000080,409,934,-525
110000081,48,474,-426
110000082,46,540,-494
110000083,310,828,-518
110000084,1292,1063,229
110000085,2751,2359,392
110000086,2102,2481,-379
110000087,10,86,-76
110000088,95,317,-222
110000089,346,200,146
110000090,385,482,-97
110000091,2200,492,1708
110000092,44,130,-86
110000093,75,10,65
110000094,759,341,418
110000095,328,977,-649
110000096,3286,2492,794
110000097,1367,1656,-289
110000098,2673,949,1724
110000099,1166,2286,-1120
110000100,1022,789,233
110000101,30,550,-520
110000102,67,45,22
110000104,577,162,415
110000105,113,370,-257
110000106,949,468,481
110000107,414,543,-129
110000108,205,58,147
110000109,463,456,7
110000110,4789,6677,-1888
110000111,9896,4215,5681
110000112,1836,1603,233
110000113,824,2963,-2139
110000114,254,764,-510
110000115,424,387,37
110000116,54,75,-21
110000117,280,602,-322
110000118,521,308,213
110000119,309,525,-216
110000120,481,258,223
110000121,124,515,-391
110000122,601,955,-354
110000123,763,1024,-261
110000124,3,1335,-1332
110000125,1269,8,1261
110000126,470,39,431
110000127,1424,98,1326
110000128,57,2111,-2054
110000129,5,667,-662
110000130,361,253,108
110000131,163,422,-259
110000132,3,872,-869
110000133,72,690,-618
110000134,32,504,-472
110000135,204,60,144
110000136,113,464,-351
110000137,734,938,-204
110000138,1080,988,92
110000139,1079,1871,-792
110000140,1539,783,756
110000143,917,641,276
110000144,6906,2137,4769
110000145,2298,1248,1050
110000146,2898,1371,1527
110000147,748,1025,-277
110000148,634,351,283
110000151,1427,1030,397
110000152,1364,586,778
110000153,131,82,49
110000154,151,51,100
110000155,2735,4714,-1979
110000156,1262,3005,-1743
110000157,2800,2546,254
110000160,478,396,82
110000161,207,495,-288
110000166,641,261,380
110000167,972,597,375
110000168,989,579,410
110000169,1021,493,528
110000170,143,126,17
110000171,851,279,572
110000172,203,1149,-946
110000173,1329,1716,-387
110000174,284,1685,-1401
110000175,767,124,643
110000176,239,428,-189
110000177,177,1249,-1072
110000178,788,1832,-1044
110000179,1787,544,1243
110000180,238,448,-210
110000181,555,678,-123
110000182,535,307,228
110000183,14403,8557,5846
110000184,840,3174,-2334
110000185,2570,1017,1553
110000186,1091,1470,-379
110000191,907,521,386
110000192,684,18,666
110000193,1454,19,1435
110000194,24,1676,-1652
110000195,548,497,51
110000196,389,537,-148
110000197,122,297,-175
110000198,170,118,52
110000199,128,193,-65
110000200,1716,791,925
110000201,1417,1215,202
110000202,1778,729,1049
110000203,1075,1212,-137
110000204,10,364,-354
110000205,244,51,193
110000206,1038,2135,-1097
110000207,1048,454,594
110000208,198,246,-48
110000209,235,1155,-920
110000210,994,808,186
110000211,856,1061,-205
110000212,550,1410,-860
110000213,275,127,148
110000214,252,156,96
110000215,229,726,-497
110000216,144,650,-506
110000217,378,263,115
110000218,263,678,-415
110000219,452,150,302
110000220,99,512,-413
110000221,397,139,258
110000222,115,344,-229
110000223,5,221,-216
110000224,97,20,77
110000225,323,924,-601
110000226,331,83,248
110000227,1126,1031,95
110000228,423,416,7
110000229,2,376,-374
110000230,694,769,-75
110000231,165,275,-110
110000232,281,270,11
110000233,252,421,-169
110000234,1152,811,341
110000235,1116,1444,-328
110000236,758,956,-198
110000237,2195,1557,638
110000238,1405,1772,-367
110000239,2302,1628,674
110000240,2,111,-109
110000242,0,21,-21
110000243,163,188,-25
110000244,197,470,-273
110000245,35,518,-483
110000246,1161,851,310
110000247,2173,8536,-6363
110000248,3508,2520,988
110000249,113,4,109
110000250,77,319,-242
110000251,412,835,-423
110000252,297,263,34
110000253,1789,914,875
110000254,1023,2169,-1146
110000255,401,1463,-1062
110000256,756,404,352
110000257,927,561,366
110000258,7,732,-725
110000259,145,50,95
110000260,50,545,-495
110000263,955,218,737
110000264,443,808,-365
110000265,1610,2765,-1155
110000266,3293,3536,-243
110000267,44,366,-322
110000268,427,729,-302
110000269,4,127,-123
110000270,65,8,57
110000271,2128,453,1675
110000272,1586,1291,295
110000273,5880,2146,3734
110000274,431,2059,-1628
110000275,3497,863,2634
110000276,339,472,-133
110000277,568,561,7
110000278,479,1081,-602
110000279,942,818,124
110000280,519,558,-39
110000281,55,381,-326
110000282,528,64,464
110000283,120,205,-85
110000284,113,91,22
110000285,6,685,-679
110000286,46,1,45
110000287,98,6,92
110000288,34,140,-106
110000289,635,1992,-1357
110000290,1374,872,502
110000291,7711,1938,5773
110000292,1691,6011,-4320
110000293,851,1065,-214
110000294,1272,1685,-413
110000295,370,1470,-1100
110000296,870,491,379
110000297,3767,542,3225
110000298,400,907,-507
110000299,703,174,529
110000301,559,49,510
110000302,539,1506,-967
110000303,520,17,503
110000304,187,405,-218
110000305,1584,39,1545
110000306,237,2032,-1795
110000307,1938,23,1915
110000308,838,10,828
110000309,25,1200,-1175
110000310,890,115,775
110000311,31,939,-908
110000312,698,163,535
110000313,4842,5333,-491
110000314,5,614,-609
110000315,4641,3340,1301
110000316,645,1610,-965
110000317,791,450,341
110000318,17,155,-138
110000319,37,43,-6
110000320,164,92,72
110000321,130,81,49
110000322,484,562,-78
110000323,724,323,401
110000324,5618,1867,3751
110000325,3464,4150,-686
110000327,881,550,331
110000328,330,561,-231
110000333,1465,967,498
110000334,1207,1864,-657
110000335,1190,799,391
110000336,1181,1435,-254
110000337,1939,915,1024
110000338,559,271,288
110000339,485,321,164
110000340,185,260,-75
110000341,724,645,79
110000342,820,7,813
110000343,0,28,-28
110000344,258,202,56
110000345,343,146,197
110000346,3304,2340,964
110000347,1442,1010,432
110000348,39,36,3
110000349,17,30,-13
110000350,79,16,63
110000351,1142,1174,-32
110000352,933,2065,-1132
110000353,3183,996,2187
110000354,1861,3827,-1966
110000355,144,148,-4
110000356,878,16,862
110000357,508,28,480
110000361,42,93,-51
110000362,90,171,-81
110000363,368,186,182
110000364,286,406,-120
110000365,293,0,293
110000366,4,134,-130
110000367,584,308,276
110000368,4,99,-95
110000369,66,3,63
110000373,11,344,-333
110000374,285,14,271
110000375,178,1437,-1259
110000376,48,125,-77
110000377,105,657,-552
110000378,29,500,-471
110000379,4412,2178,2234
110000380,58,15,43
110000383,2,1216,-1214
110000384,3293,1253,2040
110000385,1,321,-320
110000387,112,4,108
110000388,67,334,-267
110000389,970,14,956
110000391,713,461,252
110000396,234,174,60
110000397,207,263,-56
110000398,4,82,-78
110000399,245,0,245
110000587,165,82,83
110000589,332,190,142
110000640,265,133,132
110000652,24,182,-158
110000653,426,524,-98
110000654,103,106,-3
110000656,0,863,-863
110000674,54,46,8
110000675,38,23,15
110000676,17,71,-54
110000679,510,1468,-958
110000682,163,229,-66
110000683,488,922,-434
110000684,9,81,-72
110000685,27,20,7
110000686,4,46,-42
110000687,85,13,72
110000688,101,1158,-1057
110000689,53,102,-49
110000692,132,275,-143
110000693,270,378,-108
110000694,1,166,-165
110000695,575,950,-375
110000696,182,207,-25
110900001,475,29,446
110900002,705,327,378
110900003,1062,1131,-69
110900004,574,326,248
110900005,4926,2891,2035
110900006,65,24,41
110900007,182,45,137
110900008,13,68,-55
110900009,565,211,354
110900010,18,163,-145
110900011,45,138,-93
110900012,29,159,-130
110900013,1283,270,1013
110900014,392,38,354
110900015,1135,747,388
110900016,97,193,-96
110900017,514,67,447
110900018,629,113,516
110900019,262,43,219
110900020,175,583,-408
110900021,146,858,-712
110900022,138,432,-294
110900023,126,779,-653
110900024,46,595,-549
110900025,33,97,-64
110900027,69,320,-251
110900028,83,243,-160
110900029,44,585,-541
110900030,49,400,-351
110900031,1,279,-278
110900032,3,138,-135
110900033,67,368,-301
110900035,46,757,-711
110900036,117,48,69
110900037,132,44,88
110900038,1460,338,1122
110900039,18,322,-304
110900040,289,66,223
110900041,27,213,-186
110900042,154,115,39
110900043,5,189,-184
110900044,360,19,341
110900045,81,697,-616
110900046,93,431,-338
110900047,799,406,393
110900049,172,133,39
110900050,47,8,39
110900051,85,284,-199
110900052,14,294,-280
110900053,184,57,127
110900054,57,336,-279
110900055,54,3,51
110900056,88,164,-76
110900057,8,302,-294
110900058,365,354,11
110900059,856,950,-94
110900060,611,170,441
110900061,39,60,-21
110900062,234,391,-157
110900063,50,192,-142
110900064,7,1,6
110900065,463,195,268
110900066,45,102,-57
110900067,590,843,-253
110900068,250,360,-110
110900069,16,38,-22
110900070,213,91,122
110900071,440,851,-411
110900073,1,42,-41
110900074,386,138,248
110900075,605,141,464
110900077,969,793,176
110900078,64,120,-56
110900079,2728,1600,1128
110900080,150,118,32
110900081,33,91,-58
110900082,119,249,-130
110900083,202,100,102
110900084,71,194,-123
110900085,76,464,-388
110900086,82,455,-373
110900087,427,120,307
110900088,27,2,25
110900090,65,72,-7
110900091,9,88,-79
110900093,407,160,247
110900095,68,76,-8
110900097,14,33,-19
110900098,61,127,-66
110900099,71,698,-627
110900100,1,39,-38
110900102,116,36,80
110900105,1025,423,602
110900108,16,119,-103
110900111,616,224,392
110900112,967,13,954
110900113,681,94,587
110900115,7,149,-142
110900116,825,2574,-1749
110900118,261,3919,-3658
110900119,6377,635,5742
110900120,17,116,-99
110900121,170,4,166
110900122,515,205,310
110900125,459,465,-6
110900127,982,1598,-616
110900128,360,382,-22
110900129,625,1052,-427
110900130,1597,717,880
110900131,414,104,310
110900132,466,109,357
110900133,233,357,-124
110900135,204,533,-329
110900136,402,25,377
110900137,141,1,140
110900138,1333,399,934
110900139,66,77,-11
110900140,122,8,114
110900141,7,122,-115
110900142,159,261,-102
110900143,192,160,32
110900144,7,973,-966
110900145,229,59,170
110900146,492,152,340
110900147,154,354,-200
110900148,4,477,-473
110900149,7,154,-147
110900150,87,44,43
110900151,19,101,-82
110900152,43,340,-297
110900153,156,87,69
111000001,939,441,498
111000002,896,854,42
111000003,1401,1184,217
111000004,731,1372,-641
111000005,1668,1744,-76
111000006,1207,1888,-681
111000007,6233,4300,1933
111000008,3671,4939,-1268
111000009,454,1233,-779
111000010,1055,383,672
111000011,557,1266,-709
111000012,976,609,367
111000013,440,1331,-891
111000014,1828,973,855
111000017,208,999,-791
111000018,337,507,-170
111000020,2122,3270,-1148
111000021,129,142,-13
111000023,130,155,-25
111000025,7927,5038,2889
111000029,168,161,7
111000030,66,188,-122
111000031,2987,1937,1050
111000032,805,467,338
111000033,419,480,-61
111000034,372,291,81
111000037,3226,1632,1594
111000038,5315,3563,1752
111000039,2760,3392,-632
111000040,2317,3458,-1141
111000041,2401,2582,-181
111000042,5905,3736,2169
111000043,2771,4087,-1316
111000044,1925,1392,533
111000045,2425,2859,-434
111000046,2152,1950,202
111000047,3071,4737,-1666
111000049,605,821,-216
111000050,2259,2031,228
111000051,796,1488,-692
111000052,884,2324,-1440
111000053,563,1295,-732
111000054,431,1307,-876
111000055,1512,2560,-1048
111000056,185,825,-640
111000057,88,932,-844
111000058,406,137,269
111000059,702,380,322
111000060,4384,1070,3314
111000061,671,616,55
111000062,920,476,444
111000063,2444,1483,961
111000064,761,912,-151
111000065,1339,1365,-26
111000066,680,562,118
111000067,748,875,-127
111000068,735,1303,-568
111000069,2335,3123,-788
111000070,2293,1602,691
111000071,218,875,-657
111000072,1086,579,507
111000073,370,1085,-715
111000074,1778,1989,-211
111000075,1270,1029,241
111000076,734,1045,-311
111000077,2100,2366,-266
111000078,3519,1956,1563
111000079,1773,1129,644
111000080,735,1064,-329
111000081,2394,5992,-3598
111000082,842,1051,-209
111000084,1084,823,261
111000085,1271,1873,-602
111000086,4190,1723,2467
111000087,841,906,-65
111000088,8910,3258,5652
111000089,997,1168,-171
111000090,1241,1940,-699
111000091,975,790,185
111000092,1511,1265,246
111000093,1058,1385,-327
111000094,2590,1324,1266
111000095,1099,3025,-1926
111000096,3162,9757,-6595
111000097,6413,1816,4597
111000098,888,1724,-836
111000099,776,2891,-2115
111000100,507,2486,-1979
111000101,608,1130,-522
111000102,313,975,-662
111000104,778,295,483
111000107,138,869,-731
111000109,846,455,391
111000110,2201,1159,1042
111000111,2542,735,1807
111000112,2055,817,1238
111000113,1030,2035,-1005
111000114,2061,4753,-2692
111000115,9221,1909,7312
111000116,1348,1467,-119
111000117,609,1301,-692
111000118,2156,1577,579
111000119,1417,1817,-400
111000120,580,934,-354
111000121,346,992,-646
111000122,803,1432,-629
111000123,1337,4125,-2788
111000124,756,4070,-3314
111000125,359,2252,-1893
111000126,146,1211,-1065
111000127,1000,214,786
111000128,2122,444,1678
111000129,3807,633,3174
111000130,2408,1004,1404
111000131,1897,872,1025
111000132,1585,978,607
111000133,216,216,0
111000134,216,206,10
111000135,50,205,-155
111000136,372,426,-54
111000138,29,8,21
111000140,2,11,-9
111000141,521,487,34
111000142,17,147,-130
111000143,4,116,-112
111000144,29,231,-202
111000145,2039,25,2014
111000146,85,29,56
111000147,317,50,267
111000148,637,128,509
111000149,5,56,-51
111000150,100,15,85
111000151,3,32,-29
111000153,877,996,-119
111000154,992,305,687
111000155,125,281,-156
111000156,555,751,-196
111000157,270,1309,-1039
111000158,1261,1044,217
111000159,3591,927,2664
111000160,392,407,-15
111000161,22,387,-365
111000162,153,255,-102
111000163,931,1180,-249
111000164,1213,4573,-3360
111000165,1744,863,881
111000166,3073,602,2471
111000167,258,830,-572
111000168,415,694,-279
111000169,497,960,-463
111000170,807,714,93
111000171,628,1192,-564
111000172,250,583,-333
111000173,484,1252,-768
111000174,268,616,-348
111000175,77,414,-337
111000176,398,247,151
111000177,406,309,97
111000178,1556,388,1168
111000179,236,232,4
111000180,364,513,-149
111000181,1298,416,882
111000182,265,329,-64
111000183,594,558,36
111000184,491,359,132
111000185,473,677,-204
111000186,510,476,34
111000187,180,326,-146
111000188,311,637,-326
111000189,1621,768,853
111000190,246,593,-347
111000191,232,589,-357
111000192,287,740,-453
111000193,438,472,-34
111000194,57,441,-384
111000195,183,449,-266
111000196,62,372,-310
111000197,462,209,253
111000198,678,188,490
111000199,221,190,31
111000200,390,415,-25
111000201,728,439,289
111000202,288,313,-25
111000203,328,416,-88
111000204,476,1202,-726
111000213,264,592,-328
111000214,2049,2071,-22
111000215,1313,1812,-499
111000217,1631,1364,267
111000218,1479,1505,-26
111000219,532,313,219
111000220,2798,1113,1685
111000221,990,143,847
111000224,4,581,-577
111000225,441,249,192
111000226,234,1,233
111000227,62,13,49
111000228,25,435,-410
111000229,78,953,-875
111000230,267,616,-349
111000231,1146,1396,-250
111000232,644,1205,-561
111000233,893,994,-101
111000234,129,467,-338
111000239,132,238,-106
111000240,67,263,-196
111000241,54,439,-385
111000242,238,90,148
111000243,163,817,-654
111000244,523,146,377
111000245,1334,674,660
111000246,605,652,-47
111000247,342,1346,-1004
111000248,731,583,148
111000249,616,1191,-575
111000250,66,180,-114
111000251,84,211,-127
111000253,9,19,-10
111000255,22,21,1
111000257,42,49,-7
111000260,97,1516,-1419
111000261,1499,123,1376
111000271,48,388,-340
111000273,6870,2001,4869
111000274,1715,3275,-1560
111000275,200,103,97
111000276,406,3071,-2665
111000277,365,659,-294
111000278,841,410,431
111000291,767,6968,-6201
111000298,816,344,472
111000299,783,161,622
111000300,143,792,-649
111000302,365,148,217
111000303,102,359,-257
111000312,68,105,-37
111000315,0,156,-156
111000320,523,958,-435
111000321,495,166,329
111000322,439,715,-276
111000323,224,36,188
111000324,454,379,75
111000325,49,92,-43
111000326,218,470,-252
111000327,392,577,-185
111000328,298,783,-485
111000329,3,50,-47
111000330,88,25,63
111000331,10,13,-3
111000332,648,1830,-1182
111000334,493,1929,-1436
111000335,1052,349,703
111000337,1498,543,955
111000338,100,207,-107
111000339,771,844,-73
111000340,180,985,-805
111000341,1425,1003,422
111000342,621,707,-86
111000344,1219,972,247
111000345,379,133,246
111000346,39,176,-137
111000347,172,13,159
111000350,253,177,76
111000351,139,354,-215
111000352,239,205,34
111000353,184,349,-165
111000354,717,176,541
111000355,477,747,-270
111000358,206,1917,-1711
111000360,231,1128,-897
111000361,153,512,-359
111000546,1032,803,229
111000547,471,931,-460
111000548,185,418,-233
111000549,375,573,-198
111000550,128,1139,-1011
111000551,945,292,653
111000552,4377,212,4165
111000907,1003,111,892
111000908,28,3,25
111000916,1959,403,1556
111000917,66,534,-468
111000918,232,1309,-1077
111000920,490,39,451
111000921,7,347,-340
111000922,685,468,217
111000924,47,1304,-1257
111000925,2497,2966,-469
111000926,1242,2590,-1348
111000927,3460,6271,-2811
111000928,5897,5091,806
111000929,1524,1597,-73
111000930,1025,3006,-1981
111000931,2417,3258,-841
111000932,5341,3055,2286
111000933,4690,3120,1570
111000934,2930,4215,-1285
111000935,1887,1481,406
111000936,1479,2864,-1385
111000937,1063,1790,-727
111000938,2123,2416,-293
111000939,463,73,390
111000940,515,258,257
111000941,381,767,-386
111000943,439,409,30
111000944,201,525,-324
111000945,133,2546,-2413
111001109,698,405,293
111001110,337,699,-362
111001111,75,14,61
111001112,278,6,272
111001113,4,242,-238
111001114,1982,152,1830
111001115,95,531,-436
111001116,7827,5264,2563
111001117,798,3530,-2732
111001120,127,427,-300
111001121,193,400,-207
111001122,205,684,-479
111001123,238,106,132
111001124,52,153,-101
111900001,31,206,-175
111900002,42,1084,-1042
111900003,5,589,-584
111900004,109,281,-172
111900006,15,58,-43
111900007,109,6,103
111900008,267,8,259
111900009,228,300,-72
111900010,436,838,-402
111900012,622,225,397
111900013,32,145,-113
111900014,7437,4020,3417
111900015,1,143,-142
111900016,3,218,-215
111900017,0,216,-216
111900018,322,5,317
111900019,5,142,-137
111900020,7,111,-104
111900021,41,157,-116
111900022,34,112,-78
111900023,196,126,70
111900024,0,101,-101
111900025,2,72,-70
111900026,1,148,-147
111900027,9,267,-258
111900028,2,502,-500
111900029,6,148,-142
111900030,56,545,-489
111900031,21,45,-24
111900032,4,440,-436
111900033,11,198,-187
111900034,449,837,-388
111900035,169,456,-287
111900036,0,383,-383
111900038,460,797,-337
111900039,110,721,-611
111900040,5,693,-688
111900042,56,249,-193
111900043,7,500,-493
111900044,469,317,152
111900046,87,253,-166
111900048,173,715,-542
111900049,44,413,-369
111900050,184,37,147
111900051,2,225,-223
111900052,577,874,-297
111900053,1631,1614,17
111900054,178,5,173
111900055,30,441,-411
111900056,339,378,-39
111900057,127,37,90
111900058,474,950,-476
111900059,2754,668,2086
111900060,433,4,429
111900061,11,187,-176
111900062,28,72,-44
111900063,449,310,139
111900064,114,252,-138
111900065,162,49,113
111900066,143,213,-70
111900067,2,502,-500
111900068,59,56,3
111900069,110,56,54
111900070,135,147,-12
111900071,1,314,-313
111900072,35,22,13
111900073,1006,178,828
111900074,29,281,-252
111900075,73,16,57
111900076,153,53,100
111900077,67,2,65
111900078,350,25,325
111900079,68,56,12
111900080,303,282,21
111900081,918,249,669
111900082,81,29,52
111900083,180,14,166
111900084,156,12,144
111900085,57,147,-90
111900086,49,4,45
111900087,80,1,79
111900088,489,7,482
111900089,121,8,113
111900090,105,71,34
111900091,156,1,155
111900092,126,0,126
111900093,420,13,407
111900094,137,3,134
111900095,270,40,230
111900096,110,1,109
111900097,60,0,60
111900098,223,0,223
111900099,108,0,108
111900100,263,5,258
111900101,133,31,102
111900102,653,944,-291
111900103,152,65,87
111900104,242,89,153
111900105,469,208,261
111900106,1832,91,1741
111900107,114,179,-65
111900108,243,259,-16
111900109,965,583,382
111900110,2999,503,2496
111900111,130,207,-77
111900112,1126,2914,-1788
111900113,403,116,287
111900114,257,225,32
111900115,25,66,-41
111900118,370,101,269
111900119,346,181,165
111900122,211,86,125
111900123,36,42,-6
111900124,54,181,-127
111900125,668,36,632
111900126,385,4,381
111900127,1,1022,-1021
111900128,10,705,-695
111900129,320,26,294
111900130,345,35,310
111900131,470,5,465
111900132,52,1457,-1405
111900133,12,615,-603
111900134,22,339,-317
111900135,19,41,-22
111900136,133,189,-56
111900137,116,131,-15
111900138,31,189,-158
111900139,27,230,-203
111900140,134,29,105
111900141,61,16,45
111900142,90,41,49
111900143,54,290,-236
111900144,2,157,-155
111900145,5,740,-735
111900146,7,353,-346
111900147,243,635,-392
111900148,31,921,-890
111900149,17,487,-470
111900150,13,210,-197
111900151,5,28,-23
111900152,154,97,57
111900153,2086,539,1547
111900154,20,291,-271
111900155,58,106,-48
111900156,45,88,-43
111900157,133,23,110
111900158,649,62,587
111900159,288,19,269
111900160,244,0,244
111900161,200,7,193
111900162,88,232,-144
111900163,76,266,-190
111900164,91,99,-8
111901113,518,371,147
111901114,245,390,-145
111901115,113,0,113
111901116,68,5,63
111901117,29,38,-9
111901118,86,293,-207
111901119,1514,116,1398
111901120,159,291,-132
111901121,313,346,-33
111901122,9,772,-763
111901123,205,532,-327
111901124,185,2,183
111901125,351,256,95
111901126,127,55,72
111901127,987,586,401
111901128,17,124,-107
111901129,16,212,-196
111901130,13,312,-299
111901131,11,306,-295
111901132,159,23,136
111901133,46,3,43
111901134,104,7,97
111901135,36,17,19
111901136,69,60,9
111901137,2,31,-29
111901138,233,79,154
111901139,40,94,-54
111901140,29,185,-156
111901141,15,316,-301
111901142,17,197,-180
111901143,6,122,-116
111901144,67,55,12
111901145,206,350,-144
111901146,668,47,621
112000001,2207,1134,1073
112000002,1009,3281,-2272
112000003,1632,1239,393
112000004,853,1621,-768
112000005,3301,3825,-524
112000006,2629,2827,-198
112000007,3420,2493,927
112000008,3387,4745,-1358
112000009,4821,4643,178
112000010,3988,4009,-21
112000011,2702,2814,-112
112000012,7703,4416,3287
112000013,7416,4501,2915
112000014,5347,1631,3716
112000015,5321,4263,1058
112000016,10894,1584,9310
112000017,4492,2734,1758
112000024,3031,1389,1642
112000026,5480,6411,-931
112000027,1457,801,656
112000028,2163,2106,57
112000029,617,1016,-399
112000030,263,170,93
112000031,2641,6260,-3619
112000032,695,112,583
112000033,3410,1948,1462
112000034,544,79,465
112000035,166,489,-323
112000036,1614,1221,393
112000037,1928,997,931
112000038,2178,1174,1004
112000039,86,101,-15
112000040,125,299,-174
112000041,774,621,153
112000042,1488,543,945
112000050,1601,2411,-810
112000051,1218,1563,-345
112000054,2391,3237,-846
112000057,704,501,203
112000058,605,1024,-419
112000059,880,1212,-332
112000061,4940,3041,1899
112000062,2232,1143,1089
112000063,1920,2309,-389
112000064,5271,7800,-2529
112000065,2688,3392,-704
112000066,5135,1850,3285
112000067,920,949,-29
112000068,4324,2711,1613
112000069,1227,2606,-1379
112000070,3098,1102,1996
112000071,1627,3420,-1793
112000072,3253,1187,2066
112000073,2504,2671,-167
112000074,2193,1416,777
112000075,1943,1641,302
112000076,4532,3692,840
112000077,603,812,-209
112000078,1945,926,1019
112000079,1759,1748,11
112000080,905,1197,-292
112000081,1970,3022,-1052
112000082,1982,1091,891
112000083,724,1637,-913
112000084,1603,999,604
112000085,1492,1427,65
112000086,2503,1698,805
112000087,494,561,-67
112000088,750,826,-76
112000089,415,415,0
112000090,287,357,-70
112000091,770,1619,-849
112000092,2100,1606,494
112000093,1903,1351,552
112000094,677,1238,-561
112000095,819,1051,-232
112000096,592,977,-385
112000097,1772,832,940
112000098,1480,1751,-271
112000099,984,1770,-786
112000100,2175,1396,779
112000101,692,1521,-829
112000102,1450,741,709
112000103,506,1582,-1076
112000105,819,2281,-1462
112000106,2071,579,1492
112000107,40,353,-313
112000108,526,2261,-1735
112000109,190,85,105
112000110,2436,857,1579
112000111,1866,4766,-2900
112000112,5406,826,4580
112000113,1539,2819,-1280
112000114,4056,1479,2577
112000115,379,752,-373
112000116,1161,1567,-406
112000117,1671,1207,464
112000118,1519,1208,311
112000119,596,1044,-448
112000120,92,483,-391
112000121,154,685,-531
112000122,279,270,9
112000123,671,255,416
112000124,368,126,242
112000125,214,295,-81
112000126,295,670,-375
112000127,3992,2722,1270
112000128,1536,1117,419
112000129,164,165,-1
112000130,230,87,143
112000131,106,493,-387
112000132,164,417,-253
112000133,562,379,183
112000134,560,531,29
112000135,1825,959,866
112000136,1668,1809,-141
112000137,3050,2718,332
112000138,3342,1914,1428
112000139,1400,681,719
112000140,1424,1489,-65
112000141,1078,444,634
112000142,371,861,-490
112000143,1417,391,1026
112000144,396,1803,-1407
112000145,2830,1017,1813
112000146,835,2632,-1797
112000147,3244,2589,655
112000148,2435,2936,-501
112000149,585,1013,-428
112000150,264,1043,-779
112000151,427,795,-368
112000152,473,677,-204
112000153,238,417,-179
112000154,143,360,-217
112000155,204,182,22
112000157,1153,982,171
112000158,383,864,-481
112000159,705,500,205
112000167,651,110,541
112000169,588,608,-20
112000173,970,349,621
112000175,617,541,76
112000176,4648,3251,1397
112000177,876,277,599
112000178,192,613,-421
112000179,284,170,114
112000180,321,473,-152
112000181,1895,2758,-863
112000182,1280,2834,-1554
112000183,50,83,-33
112000184,544,809,-265
112000185,715,832,-117
112000187,5007,3358,1649
112000195,215,46,169
112000196,253,5,248
112000197,299,177,122
112000198,50,404,-354
112000199,1587,1406,181
112000202,487,1,486
112000216,91,347,-256
112000230,174,12,162
112000231,5,308,-303
112000256,83,316,-233
112000313,154,242,-88
112000314,97,37,60
112000337,426,809,-383
112000352,727,436,291
112000392,1932,1886,46
112000398,1596,1246,350
112000399,4082,2816,1266
112000400,2431,4772,-2341
112000401,3928,3892,36
112000402,4223,3531,692
112000403,3905,3937,-32
112000404,832,1050,-218
112000405,2134,3757,-1623
112000406,4462,3541,921
112000407,7660,10233,-2573
112000408,10328,9034,1294
112000409,2305,6478,-4173
112000410,635,339,296
112000411,5928,1957,3971
112000412,2067,840,1227
112000413,12404,6989,5415
112000414,136,127,9
112000415,395,62,333
112000416,2787,1987,800
112000417,312,101,211
112000421,62,182,-120
112000422,506,708,-202
112000424,3502,3677,-175
112000425,730,1232,-502
112000426,236,469,-233
112000427,0,19,-19
112000428,264,568,-304
112000429,2762,4178,-1416
112000430,3351,4311,-960
112000431,128,209,-81
112000432,844,2026,-1182
112000433,658,1271,-613
112000437,58,303,-245
112900001,87,5,82
112900002,384,1366,-982
112900003,78,530,-452
112900004,96,340,-244
112900005,221,346,-125
112900006,14,506,-492
112900007,78,340,-262
112900008,6,69,-63
112900009,464,178,286
112900010,488,1081,-593
112900011,289,370,-81
112900012,3,66,-63
112900013,8,306,-298
112900014,5,508,-503
112900015,555,1124,-569
112900016,6,404,-398
112900017,67,303,-236
112900018,1,378,-377
112900019,92,250,-158
112900020,561,1863,-1302
112900021,6,348,-342
112900022,16,109,-93
112900023,6,265,-259
112900024,29,349,-320
112900025,131,392,-261
112900026,5,329,-324
112900027,15,1562,-1547
112900028,40,184,-144
112900029,14,912,-898
112900030,229,303,-74
112900031,7,622,-615
112900032,218,395,-177
112900034,1,83,-82
112900035,9,616,-607
112900036,95,169,-74
112900037,234,235,-1
112900038,742,295,447
112900039,38,481,-443
112900040,3,434,-431
112900041,1658,1799,-141
112900042,64,499,-435
112900043,315,84,231
112900044,891,747,144
112900045,526,504,22
112900046,323,108,215
112900047,22,26,-4
112900049,362,150,212
112900050,97,746,-649
112900051,412,961,-549
112900052,24,1349,-1325
112900053,435,170,265
112900054,283,73,210
112900055,214,43,171
112900056,662,291,371
112900057,42,917,-875
112900058,414,541,-127
112900059,214,179,35
112900060,31,308,-277
112900061,120,179,-59
112900062,85,285,-200
112900063,153,35,118
112900064,314,340,-26
112900065,95,61,34
112900066,306,231,75
112900067,669,270,399
112900068,49,38,11
112900069,2762,992,1770
112900071,57,8,49
112900072,368,2671,-2303
112900073,590,94,496
112900074,138,289,-151
112900075,2269,1084,1185
112900076,132,42,90
112900078,442,825,-383
112900079,425,28,397
112900080,73,4,69
112900081,62,263,-201
112900082,769,34,735
112900083,133,119,14
112900084,321,136,185
112900085,2,10,-8
112900086,89,1,88
112900087,1049,211,838
112900088,178,44,134
112900089,1195,55,1140
112900090,61,32,29
112900091,297,6,291
112900092,194,380,-186
112900093,2110,37,2073
112900094,1325,11,1314
112900095,38,0,38
112900096,594,231,363
112900097,127,607,-480
112900098,260,2,258
112900099,1107,32,1075
112900100,94,0,94
112900101,296,5,291
112900102,140,11,129
112900103,268,5,263
112900104,70,1,69
112900105,28,0,28
112900106,607,176,431
112900107,14,1,13
112900108,186,0,186
112900109,123,1,122
112900110,981,15,966
112900111,856,10,846
112900112,421,5,416
112900113,0,20,-20
112900114,138,66,72
112900115,1362,8,1354
112900116,134,26,108
112900117,116,147,-31
112900118,46,112,-66
112900119,272,1,271
112900120,1234,374,860
112900121,289,309,-20
112900122,20,181,-161
112900123,220,31,189
112900124,35,201,-166
112900125,170,785,-615
112900126,272,356,-84
112900127,533,114,419
112900128,518,1024,-506
112900129,5,1253,-1248
112900130,314,134,180
112900131,62,341,-279
112900132,143,549,-406
112900133,25,1593,-1568
112900134,3,423,-420
112900135,144,58,86
112900136,1,49,-48
112900137,2,950,-948
112900138,10,469,-459
112900139,346,1835,-1489
112900140,0,95,-95
112900141,884,50,834
112900142,109,232,-123
112900143,64,874,-810
112900144,7,320,-313
112900145,38,685,-647
112900146,20,1710,-1690
112900147,4,2753,-2749
112900148,117,5,112
112900149,379,757,-378
112900151,24,72,-48
112900152,5721,1524,4197
112900153,2833,2648,185
112900154,0,189,-189
112900155,203,56,147
112900156,440,1904,-1464
112900157,385,6,379
112900158,74,17,57
112900159,310,131,179
112900160,134,456,-322
112900161,153,42,111
112900162,47,25,22
112900163,179,65,114
112900164,53,275,-222
112900165,261,58,203
112900166,40,87,-47
112900167,16,71,-55
112900168,4,4,0
112900169,10,13,-3
112900170,176,171,5
112900172,91,18,73
112900173,253,157,96
112900174,412,67,345
112900175,250,267,-17
112900176,20,75,-55
112900177,307,80,227
112900178,1034,4861,-3827
112900179,40,628,-588
112900180,3085,2308,777
112900181,678,12,666
112900182,76,1667,-1591
112900183,293,430,-137
112900184,605,729,-124
112900185,527,855,-328
112900186,2521,1498,1023
112900187,168,670,-502
112900188,1013,516,497
112900189,41,73,-32
112900190,68,81,-13
112900192,884,924,-40
112900193,2208,514,1694
112900194,97,201,-104
112900195,1256,64,1192
112900196,233,582,-349
112900197,268,510,-242
112900199,796,790,6
112900200,645,449,196
112900201,88,132,-44
112900202,498,1305,-807
112900203,270,500,-230
112900204,1414,771,643
112900205,3,14,-11
112900206,23,80,-57
112900207,19,0,19
112900208,94,459,-365
112900209,636,517,119
112900210,2,34,-32
112900211,90,84,6
112900212,0,137,-137
112900213,38,24,14
112900214,76,18,58
112900215,12,236,-224
112900216,39,118,-79
112900217,2,100,-98
112900218,68,37,31
112900219,83,9,74
112900220,10,0,10
112900221,69,141,-72
112900222,0,32,-32
112900223,1590,23,1567
112900224,466,971,-505
112900225,533,611,-78
112900226,441,547,-106
112900227,677,1678,-1001
112900228,79,62,17
112900229,227,85,142
112900230,10198,6744,3454
112900232,299,394,-95
112900233,135,279,-144
112900234,19,165,-146
112900235,170,55,115
112900236,315,32,283
112900237,272,330,-58
112900238,9,66,-57
112900239,969,436,533
113000001,7518,9269,-1751
113000002,4705,5347,-642
113000003,2503,3749,-1246
113000004,2851,3677,-826
113000005,2102,1759,343
113000006,1854,2243,-389
113000007,2925,1948,977
113000008,2860,2390,470
113000009,1398,1289,109
113000010,1569,2249,-680
113000011,983,2228,-1245
113000012,2283,1384,899
113000013,1978,929,1049
113000014,2167,1997,170
113000015,1012,490,522
113000016,742,1066,-324
113000017,151,478,-327
113000018,673,74,599
113000019,367,331,36
113000020,506,63,443
113000021,2517,875,1642
113000022,873,1443,-570
113000025,118,635,-517
113000026,669,745,-76
113000027,1434,671,763
113000028,2258,802,1456
113000029,1245,1031,214
113000030,553,1016,-463
113000031,475,521,-46
113000032,384,541,-157
113000033,589,754,-165
113000034,598,660,-62
113000035,37,67,-30
113000036,41,94,-53
113000037,146,49,97
113000038,29,90,-61
113000039,135,835,-700
113000040,75,137,-62
113000042,1306,918,388
113000051,1190,3425,-2235
113000052,2684,1762,922
113000053,487,770,-283
113000054,456,1266,-810
113000055,1450,1024,426
113000056,1101,1452,-351
113000058,1056,1174,-118
113000059,1553,993,560
113000060,251,723,-472
113000061,863,1424,-561
113000062,1636,416,1220
113000063,186,218,-32
113000064,71,544,-473
113000065,162,1238,-1076
113000066,850,161,689
113000067,2377,2080,297
113000068,559,2124,-1565
113000069,681,1778,-1097
113000070,2853,1562,1291
113000071,604,1001,-397
113000072,914,693,221
113000073,742,2385,-1643
113000074,1507,647,860
113000075,2577,1032,1545
113000076,1101,2830,-1729
113000077,1940,777,1163
113000078,1194,3528,-2334
113000079,1366,1212,154
113000080,1047,913,134
113000081,1326,1262,64
113000082,2407,1204,1203
113000083,921,1319,-398
113000084,2146,1889,257
113000085,1352,1177,175
113000086,1672,1745,-73
113000087,1439,1493,-54
113000088,3668,2016,1652
113000089,1358,2483,-1125
113000090,478,827,-349
113000091,840,556,284
113000094,1843,361,1482
113000095,375,1146,-771
113000096,216,1048,-832
113000097,1790,550,1240
113000098,253,49,204
113000099,1743,506,1237
113000100,194,548,-354
113000101,733,902,-169
113000102,906,485,421
113000103,3176,745,2431
113000104,603,3217,-2614
113000105,1034,654,380
113000106,602,775,-173
113000107,1009,1138,-129
113000108,1100,1782,-682
113000109,952,5020,-4068
113000110,1968,711,1257
113000111,203,1086,-883
113000112,527,364,163
113000113,2278,489,1789
113000114,456,2528,-2072
113000116,1124,428,696
113000117,1265,200,1065
113000118,280,996,-716
113000119,630,457,173
113000120,150,382,-232
113000121,1285,1283,2
113000124,383,191,192
113000125,140,924,-784
113000127,4133,670,3463
113000128,867,910,-43
113000129,906,1819,-913
113000133,4121,2893,1228
113000134,9,1723,-1714
113000135,5472,6516,-1044
113000137,2956,4238,-1282
113000139,661,249,412
113000140,239,447,-208
113000141,530,339,191
113000142,1088,1758,-670
113000143,473,317,156
113000144,607,1069,-462
113000145,97,189,-92
113000146,188,159,29
113000147,274,223,51
113000148,199,181,18
113000149,158,207,-49
113000150,854,597,257
113000151,176,162,14
113000152,59,144,-85
113000153,2322,941,1381
113000154,1316,2523,-1207
113000155,522,900,-378
113000156,248,563,-315
113000157,456,1315,-859
113000158,846,414,432
113000159,1398,1068,330
113000160,819,1779,-960
113000161,414,833,-419
113000162,1027,643,384
113000163,221,107,114
113000164,43,169,-126
113000166,247,170,77
113000167,61,155,-94
113000168,119,188,-69
113000169,225,134,91
113000170,173,157,16
113000171,83,138,-55
113000172,328,145,183
113000173,72,41,31
113000174,136,644,-508
113000175,615,198,417
113000176,764,278,486
113000177,276,651,-375
113000178,299,510,-211
113000179,538,301,237
113000180,1275,1833,-558
113000181,1658,1413,245
113000182,273,742,-469
113000183,234,734,-500
113000184,36,196,-160
113000189,784,1358,-574
113000190,1847,941,906
113000192,2754,2416,338
113000193,7660,1407,6253
113000194,3192,1452,1740
113000195,3747,1170,2577
113000196,304,112,192
113000197,3013,1679,1334
113000198,99,511,-412
113000199,2761,491,2270
113000201,2115,327,1788
113000202,5970,5457,513
113000203,489,405,84
113000204,2571,2474,97
113000205,32,63,-31
113000206,8,55,-47
113000207,101,35,66
113000208,46,83,-37
113000209,54,54,0
113000210,11,54,-43
113000211,345,287,58
113000212,262,37,225
113000213,51,272,-221
113000214,247,464,-217
113000234,248,1500,-1252
113000410,452,334,118
113000411,4519,6122,-1603
113000412,11072,3619,7453
113000413,4860,4438,422
113000414,11582,21266,-9684
113000415,3789,4905,-1116
113000416,13294,6808,6486
113000417,4855,5089,-234
113000418,5968,4429,1539
113000419,2886,3155,-269
113000420,5545,8387,-2842
113000421,6077,8804,-2727
113000422,19456,16443,3013
113000423,3590,7495,-3905
113000424,5130,12970,-7840
113000425,19,176,-157
113000428,539,158,381
113000430,52,527,-475
113000432,3181,256,2925
113000433,183,1108,-925
113000434,56,290,-234
113000435,56,956,-900
113000436,76,1693,-1617
113000437,1196,36,1160
113000438,348,30,318
113000439,26,207,-181
113000440,189,53,136
113000441,308,367,-59
113000442,201,331,-130
113000443,356,437,-81
113000444,341,404,-63
113000445,166,192,-26
113000446,78,197,-119
113000448,221,327,-106
113000449,463,2216,-1753
113000450,1165,7966,-6801
113000451,1617,314,1303
113000452,781,1261,-480
113000453,65,491,-426
113000454,3673,68,3605
113000455,13,327,-314
113000456,5983,4020,1963
113000468,2808,559,2249
113000469,453,287,166
113000470,583,56,527
113000471,35,692,-657
113000472,146,512,-366
113000474,591,930,-339
113000475,2228,2466,-238
113000476,1622,2504,-882
113000477,3426,2914,512
113000478,5554,8017,-2463
113000479,205,291,-86
113000480,172,139,33
113000485,47,1,46
113000486,19,0,19
113000487,0,4,-4
113000488,0,1,-1
113000489,1,1,0
113000490,0,12,-12
113000491,12,56,-44
113000492,4,11,-7
113000493,0,0,0
113000495,269,261,8
113000496,213,152,61
113000497,0,1,-1
113000499,0,0,0
113000500,0,3,-3
113900001,15,462,-447
113900002,0,223,-223
113900003,1,260,-259
113900004,5,160,-155
113900005,2,165,-163
113900006,12,47,-35
113900007,653,53,600
113900008,361,4,357
113900009,883,1,882
113900010,910,8,902
113900011,118,13,105
113900012,60,6,54
113900013,2977,46,2931
113900014,756,2,754
113900015,1,79,-78
113900016,73,2,71
113900017,9,93,-84
113900018,692,341,351
113900019,246,98,148
113900020,167,0,167
113900022,37,1,36
113900023,74,0,74
113900024,56,91,-35
113900025,438,44,394
113900026,65,0,65
113900027,6,86,-80
113900028,24,588,-564
113900029,65,311,-246
113900030,265,2,263
113900031,26,7,19
113900032,27,0,27
113900033,73,128,-55
113900035,80,3,77
113900036,33,142,-109
113900037,229,592,-363
113900038,68,141,-73
113900039,215,32,183
113900040,12,12,0
113900041,11,10,1
113900042,168,61,107
113900043,315,215,100
113900044,329,325,4
113900045,122,4,118
113900046,441,840,-399
113900047,64,179,-115
113900048,302,132,170
113900049,932,552,380
113900050,442,631,-189
113900051,358,604,-246
113900052,258,242,16
113900053,1079,643,436
113900054,54,4,50
113900055,109,709,-600
113900056,100,250,-150
113900057,40,277,-237
113900058,152,299,-147
113900059,278,524,-246
113900060,140,331,-191
113900061,1602,426,1176
113900062,103,24,79
113900063,228,250,-22
113900064,60,214,-154
113900065,593,25,568
113900066,482,570,-88
113900067,327,448,-121
113900068,741,693,48
113900069,122,59,63
113900070,300,806,-506
113900071,163,115,48
113900072,86,302,-216
113900073,459,622,-163
113900074,301,472,-171
113900075,1682,1760,-78
113900076,202,14,188
113900077,73,310,-237
113900078,88,112,-24
113900079,8,89,-81
113900080,610,283,327
113900081,136,386,-250
113900082,217,446,-229
113900083,414,734,-320
113900084,327,159,168
113900085,57,410,-353
113900086,41,41,0
113900087,109,340,-231
113900088,90,153,-63
113900089,533,48,485
113900090,853,539,314
113900091,36,38,-2
113900092,66,170,-104
113900093,148,1112,-964
113900094,546,555,-9
113900095,176,190,-14
113900096,370,121,249
113900097,51,129,-78
113900098,799,120,679
113900099,2,79,-77
113900100,0,8,-8
113900101,36,132,-96
113900102,236,191,45
113900103,501,423,78
113900104,196,287,-91
113900105,133,496,-363
113900106,2,113,-111
113900107,1,41,-40
113900108,345,364,-19
113900109,497,227,270
113900110,79,16,63
113900111,246,153,93
113900112,179,125,54
113900113,1263,604,659
113900114,5,188,-183
113900115,3,180,-177
113900116,165,257,-92
113900117,300,55,245
113900118,364,602,-238
113900119,354,619,-265
113900120,69,39,30
113900121,82,140,-58
113900122,558,2500,-1942
113900123,622,266,356
113900124,7,140,-133
113900125,1592,197,1395
113900126,184,85,99
113900127,398,862,-464
113900128,155,120,35
113900129,26,201,-175
113900130,5,34,-29
113900131,330,185,145
113900132,126,76,50
113900133,39,82,-43
113900135,432,595,-163
113900136,197,173,24
113900137,551,398,153
113900138,100,281,-181
113900139,644,221,423
113900140,606,469,137
113900141,650,583,67
113900142,223,107,116
113900143,11,52,-41
113900144,525,338,187
113900145,421,245,176
113900146,234,88,146
113900148,258,474,-216
113900149,246,171,75
113900150,1363,1007,356
113900151,538,322,216
113900152,49,57,-8
113900153,633,808,-175
113900154,4,178,-174
113900155,349,234,115
113900156,287,758,-471
113900157,56,399,-343
113900158,844,575,269
113900159,24,330,-306
113900160,744,838,-94
113900161,161,234,-73
113900162,996,1138,-142
113900163,656,389,267
113900164,362,85,277
113900165,952,686,266
113900166,476,287,189
113900167,350,67,283
113900168,215,210,5
113900169,349,548,-199
113900171,315,78,237
113900172,22,283,-261
113900173,84,914,-830
113900174,703,916,-213
113900175,537,161,376
113900176,443,859,-416
113900177,554,311,243
113900178,588,149,439
113900179,30,753,-723
113900180,228,170,58
113900181,871,190,681
113900182,1057,1420,-363
113900183,97,110,-13
113900184,19,716,-697
113900185,286,137,149
113900186,49,76,-27
113900187,40,236,-196
113900188,60,298,-238
113900189,497,204,293
113900190,376,141,235
113900191,207,366,-159
113900192,17,815,-798
113900193,45,342,-297
113900194,2864,1616,1248
113900195,409,609,-200
113900196,15,176,-161
113900197,4,298,-294
113900198,45,237,-192
113900199,291,1157,-866
113900200,29,409,-380
113900201,3,283,-280
113900202,60,515,-455
113900203,2,179,-177
113900204,83,755,-672
113900205,21,233,-212
113900206,13,188,-175
113900207,2,84,-82
113900208,4,73,-69
113900209,1,153,-152
113900210,909,1170,-261
113900211,346,102,244
113900212,279,732,-453
113900214,683,655,28
113900215,55,179,-124
113900216,114,1612,-1498
113900217,112,386,-274
113900218,165,80,85
113900219,118,470,-352
113900220,241,177,64
113900221,515,351,164
113900222,436,818,-382
113900223,279,1537,-1258
113900224,127,112,15
113900225,951,378,573
113900226,524,185,339
113900227,480,326,154
113900228,471,645,-174
113900229,114,1083,-969
113900230,6556,4528,2028
113900231,272,300,-28
113900232,176,161,15
113900233,102,111,-9
113900234,514,657,-143
113900235,140,48,92
113900236,183,516,-333
113900237,213,27,186
113900238,364,742,-378
113900239,133,119,14
113900240,16,219,-203
113900241,163,78,85
113900242,50,185,-135
113900243,190,712,-522
113900244,611,382,229
113900245,1919,478,1441
113900246,48,68,-20
113900247,277,634,-357
113900248,4367,2708,1659
113900249,1624,657,967
113900250,114,188,-74
113900251,749,240,509
113900252,663,38,625
113900253,1114,85,1029
113900254,1066,260,806
113900255,468,35,433
113900256,454,44,410
113900257,51,843,-792
113900258,20,615,-595
113900259,726,261,465
113900260,255,40,215
113900261,50,129,-79
113900262,204,957,-753
113900263,276,924,-648
113900264,13,716,-703
113900265,227,488,-261
113900266,39,284,-245
113900267,167,739,-572
113900268,491,529,-38
113900269,82,198,-116
113900270,317,808,-491
113900271,895,1616,-721
113900273,124,35,89
113900274,138,49,89
113900275,63,81,-18
113900276,4,277,-273
113900277,200,3,197
113900278,415,259,156
113900279,166,145,21
113900280,1703,704,999
113900281,1018,1980,-962
113900282,1243,819,424
113900283,516,680,-164
113900284,1260,263,997
113900285,201,53,148
113900286,108,211,-103
113900287,72,121,-49
113900288,5,256,-251
113900289,1857,174,1683
113900290,512,368,144
113900291,171,314,-143
113900292,28,11,17
113900293,6,357,-351
113900294,587,39,548
113900295,711,603,108
113900296,2662,618,2044
113900297,2820,58,2762
113900298,20,2143,-2123
113900299,107,258,-151
113900300,7693,5068,2625
113900301,1475,737,738
113900302,3339,1364,1975
113900303,980,753,227
113900304,1,171,-170
113900305,111,0,111
113900306,55,0,55
113900307,141,0,141
113900308,166,199,-33
113900309,4,1298,-1294
113900310,0,19,-19
113900311,12,1,11
113900312,271,312,-41
113900313,30,35,-5
114000001,1501,4658,-3157
114000002,315,580,-265
114000003,46,396,-350
114000004,531,453,78
114000005,400,298,102
114000006,4726,3420,1306
114000007,1169,1899,-730
114000008,2187,2459,-272
114000009,1005,356,649
114000011,3255,4330,-1075
114000012,2758,3078,-320
114000013,1996,2786,-790
114000014,745,516,229
114000015,2951,695,2256
114000016,339,512,-173
114000017,166,490,-324
114000018,419,67,352
114000026,1941,1869,72
114000027,3998,2657,1341
114000028,3124,3669,-545
114000038,369,218,151
114000039,163,101,62
114000040,113,306,-193
114000042,164,272,-108
114000043,119,146,-27
114000044,264,69,195
114000045,79,117,-38
114000046,4997,6888,-1891
114000047,51,118,-67
114000048,98,74,24
114000049,2554,2562,-8
114000050,2575,3907,-1332
114000051,5141,2894,2247
114000052,6826,2092,4734
114000053,149,796,-647
114000054,304,1332,-1028
114000055,642,38,604
114000056,1555,1073,482
114000057,10468,3347,7121
114000058,1001,2161,-1160
114000059,520,445,75
114000060,1051,1294,-243
114000061,5235,3843,1392
114000062,3807,2052,1755
114000063,3874,2399,1475
114000064,10011,5218,4793
114000065,2463,3628,-1165
114000066,613,823,-210
114000067,43,979,-936
114000068,742,1068,-326
114000069,1650,916,734
114000070,3134,2438,696
114000071,1140,860,280
114000072,607,456,151
114000073,56,153,-97
114000074,78,18,60
114000075,58,232,-174
114000076,21,210,-189
114000077,27,90,-63
114000078,427,1159,-732
114000079,164,43,121
114000080,108,152,-44
114000081,86,88,-2
114000082,48,653,-605
114000083,60,417,-357
114000084,434,142,292
114000085,173,1123,-950
114000086,340,722,-382
114000087,155,356,-201
114000088,79,84,-5
114000089,1866,606,1260
114000090,1136,1157,-21
114000091,2079,1226,853
114000092,1685,943,742
114000093,1736,1387,349
114000094,568,501,67
114000095,573,143,430
114000096,183,593,-410
114000097,150,1046,-896
114000098,688,125,563
114000099,718,1003,-285
114000100,1853,1245,608
114000101,496,1292,-796
114000102,623,505,118
114000103,174,568,-394
114000104,41,496,-455
114000105,223,130,93
114000106,1417,1371,46
114000107,455,206,249
114000108,2441,1688,753
114000109,580,1582,-1002
114000110,865,2232,-1367
114000111,2012,1157,855
114000112,688,2389,-1701
114000113,1458,649,809
114000114,1887,2074,-187
114000115,3164,1303,1861
114000116,980,843,137
114000117,3492,654,2838
114000118,2662,728,1934
114000119,2032,605,1427
114000120,694,1200,-506
114000121,668,1170,-502
114000122,533,408,125
114000123,2443,560,1883
114000124,1419,478,941
114000125,1177,1934,-757
114000126,4025,287,3738
114000127,323,266,57
114000128,1094,688,406
114000130,700,747,-47
114000131,343,219,124
114000132,881,906,-25
114000133,1371,2211,-840
114000134,115,236,-121
114000138,75,304,-229
114000139,795,294,501
114000144,1146,754,392
114000145,145,318,-173
114000146,200,438,-238
114000147,1799,2245,-446
114000148,2633,2468,165
114000149,549,398,151
114000150,851,976,-125
114000151,1265,1618,-353
114000152,198,62,136
114000153,1136,2709,-1573
114000154,1111,1092,19
114000155,2109,3427,-1318
114000156,1377,760,617
114000157,443,1356,-913
114000158,2583,1147,1436
114000159,285,646,-361
114000160,196,459,-263
114000161,2049,3798,-1749
114000162,1362,2920,-1558
114000163,20,199,-179
114000165,729,298,431
114000166,1124,531,593
114000167,5340,2136,3204
114000168,1054,1029,25
114000169,2377,1559,818
114000170,1428,1117,311
114000171,1605,2517,-912
114000174,305,796,-491
114000176,918,636,282
114000177,2923,1272,1651
114000178,71,90,-19
114000179,1701,1038,663
114000180,691,955,-264
114000181,2296,4513,-2217
114000182,7486,3277,4209
114000183,1146,1055,91
114000184,737,2131,-1394
114000185,1643,1208,435
114000189,993,179,814
114000190,2758,438,2320
114000191,46,110,-64
114000192,483,2096,-1613
114000193,1142,4413,-3271
114000194,1587,1457,130
114000195,276,39,237
114000196,3,489,-486
114000197,1422,98,1324
114000198,1688,557,1131
114000199,3114,2274,840
114000200,710,2732,-2022
114000201,361,1221,-860
114000202,1587,817,770
114000203,609,940,-331
114000204,225,650,-425
114000205,338,2150,-1812
114000206,831,2114,-1283
114000207,866,2722,-1856
114000208,669,4014,-3345
114000209,912,3703,-2791
114000210,521,2100,-1579
114000211,1380,2364,-984
114000212,1025,1073,-48
114000213,1720,792,928
114000214,126,364,-238
114000215,317,133,184
114000216,2420,620,1800
114000217,343,421,-78
114000218,176,376,-200
114000219,1674,395,1279
114000220,31,1382,-1351
114000221,1024,255,769
114000222,216,1484,-1268
114000223,633,166,467
114000224,125,930,-805
114000225,351,832,-481
114000226,185,350,-165
114000227,1218,668,550
114000228,1029,1171,-142
114000229,1497,1809,-312
114000230,2094,1709,385
114000231,1275,1751,-476
114000232,802,191,611
114000233,2434,196,2238
114000234,1479,1299,180
114000235,1324,1895,-571
114000236,0,697,-697
114000237,176,1503,-1327
114000238,284,242,42
114000239,278,1701,-1423
114000240,1103,1118,-15
114000241,319,1185,-866
114000242,1225,1099,126
114000243,2255,1117,1138
114000244,1322,530,792
114000245,440,753,-313
114000246,278,47,231
114000247,1232,949,283
114000248,1471,791,680
114000249,598,700,-102
114000250,580,1101,-521
114000251,475,365,110
114000252,89,100,-11
114000253,62,194,-132
114000254,59,143,-84
114000255,1038,308,730
114000256,2929,2761,168
114000257,568,1831,-1263
114000258,427,556,-129
114000259,196,308,-112
114000260,0,37,-37
114000261,45,60,-15
114000262,278,286,-8
114000263,8,3,5
114000264,1555,825,730
114000265,0,7,-7
114000267,1,2285,-2284
114000268,2,2175,-2173
114000270,160,4,156
114000271,817,78,739
114000283,1551,677,874
114000285,59,410,-351
114000288,117,378,-261
114000289,1523,165,1358
114000293,266,682,-416
114000294,204,433,-229
114000395,2574,79,2495
114000396,785,656,129
114000402,551,459,92
114000403,404,613,-209
114000405,153,701,-548
114000423,350,618,-268
114000424,676,262,414
114000425,784,607,177
114000426,435,1148,-713
114000427,80,140,-60
114000428,372,196,176
114000429,21,333,-312
114000432,107,175,-68
114000434,40,141,-101
114000435,14,269,-255
114000436,5544,1674,3870
114000437,777,3330,-2553
114900001,890,1522,-632
114900002,1121,144,977
114900003,857,2344,-1487
114900004,369,485,-116
114900005,812,1267,-455
114900006,154,83,71
114900007,282,41,241
114900008,270,127,143
114900010,3514,3020,494
114900011,291,219,72
114900013,295,209,86
114900015,105,717,-612
114900018,1130,22,1108
114900020,351,143,208
114900022,30,853,-823
114900024,496,181,315
114900025,600,325,275
114900026,71,182,-111
114900027,380,359,21
114900029,21,44,-23
114900030,477,304,173
114900031,530,48,482
114900032,528,45,483
114900033,1913,1006,907
114900034,77,320,-243
114900035,160,481,-321
114900036,350,1132,-782
114900037,153,290,-137
114900038,205,1007,-802
114900039,661,760,-99
114900040,135,251,-116
114900041,814,779,35
114900042,1000,1031,-31
114900043,896,442,454
114900044,228,57,171
114900046,75,195,-120
114900047,321,2346,-2025
114900048,174,398,-224
114900049,4,222,-218
114900050,89,706,-617
114900051,54,543,-489
114900052,121,298,-177
114900053,240,489,-249
114900054,116,200,-84
114900057,275,19,256
114900058,1,113,-112
114900059,130,69,61
114900060,1975,1206,769
114900061,153,242,-89
114900062,431,537,-106
114900063,68,375,-307
114900064,1755,798,957
114900065,548,1001,-453
114900067,75,521,-446
114900068,109,248,-139
114900069,351,209,142
114900070,819,674,145
114900072,10,430,-420
114900073,0,297,-297
114900074,793,1064,-271
114900075,394,13,381
114900076,25,497,-472
114900080,3120,648,2472
114900082,5519,2830,2689
114900083,1670,1579,91
114900090,532,381,151
114900091,184,231,-47
114900095,514,184,330
114900096,622,1092,-470
114900097,174,3,171
114900098,7,348,-341
114900099,295,13,282
115000001,9646,6540,3106
115000002,4445,5236,-791
115000003,6542,5161,1381
115000004,4835,7500,-2665
115000005,1942,3258,-1316
115000006,1208,2140,-932
115000007,91,238,-147
115000008,625,627,-2
115000009,355,350,5
115000010,437,244,193
115000013,126,274,-148
115000015,76,529,-453
115000016,317,389,-72
115000019,42,672,-630
115000020,195,956,-761
115000021,287,625,-338
115000022,747,500,247
115000023,549,796,-247
115000024,1743,750,993
115000025,1185,920,265
115000026,244,606,-362
115000027,374,446,-72
115000028,341,1272,-931
115000029,842,273,569
115000030,1258,1601,-343
115000031,1521,754,767
115000032,10,356,-346
115000033,300,49,251
115000034,217,1586,-1369
115000035,1464,89,1375
115000036,0,584,-584
115000037,760,23,737
115000038,57,200,-143
115000039,4634,4083,551
115000040,8643,4097,4546
115000041,2162,4094,-1932
115000042,1665,893,772
115000043,4115,2941,1174
115000044,4777,5176,-399
115000045,3497,2594,903
115000046,2641,3218,-577
115000047,2406,2239,167
115000048,2058,3553,-1495
115000049,2315,4797,-2482
115000050,4010,2642,1368
115000051,2416,3753,-1337
115000052,3195,2683,512
115000053,2107,2334,-227
115000054,975,1845,-870
115000055,182,479,-297
115000056,178,607,-429
115000057,1018,865,153
115000058,495,191,304
115000059,245,177,68
115000061,485,144,341
115000062,330,412,-82
115000063,406,435,-29
115000064,298,177,121
115000065,73,556,-483
115000067,294,29,265
115000069,101,513,-412
115000070,48,1589,-1541
115000071,189,21,168
115000072,7,103,-96
115000073,1881,89,1792
115000075,138,99,39
115000076,4634,4316,318
115000077,2430,3849,-1419
115000078,1517,2312,-795
115000079,1673,2742,-1069
115000080,2951,3582,-631
115000081,613,1370,-757
115000082,4680,4857,-177
115000083,2759,3564,-805
115000084,2646,1719,927
115000085,1121,1388,-267
115000086,1240,1314,-74
115000087,694,2378,-1684
115000088,2218,1026,1192
115000089,2008,1951,57
115000090,842,1344,-502
115000091,400,1561,-1161
115000092,554,443,111
115000093,578,3,575
115000094,10445,7231,3214
115000095,8034,7571,463
115000096,795,2513,-1718
115000097,1039,1277,-238
115000098,1248,1148,100
115000099,3081,4163,-1082
115000100,1181,682,499
115000101,601,2189,-1588
115000102,538,356,182
115000103,449,1078,-629
115000105,79,235,-156
115000106,651,437,214
115000107,292,766,-474
115000108,5276,3649,1627
115000109,6683,5567,1116
115000110,2130,2009,121
115000111,1030,2660,-1630
115000112,898,1003,-105
115000113,934,1272,-338
115000114,2461,1326,1135
115000116,5492,2982,2510
115000117,6022,4346,1676
115000118,3381,2591,790
115000119,3280,3326,-46
115000120,824,1731,-907
115000121,2178,1285,893
115000122,5614,2731,2883
115000123,2580,2890,-310
115000124,1298,1433,-135
115000125,719,736,-17
115000126,255,391,-136
115000127,663,184,479
115000128,971,1010,-39
115000129,487,463,24
115000130,524,1220,-696
115000131,950,373,577
115000132,438,667,-229
115000133,781,477,304
115000134,686,344,342
115000135,668,286,382
115000136,428,314,114
115000137,265,261,4
115000138,289,363,-74
115000139,339,324,15
115000140,331,303,28
115000141,210,390,-180
115000142,221,436,-215
115000143,802,796,6
115000144,685,108,577
115000145,295,539,-244
115000146,504,377,127
115000147,714,743,-29
115000148,466,1818,-1352
115000149,838,256,582
115000150,967,1511,-544
115000151,1566,747,819
115000152,856,1851,-995
115000153,1441,903,538
115000154,1175,541,634
115000155,867,1689,-822
115000156,1509,998,511
115000157,1297,1254,43
115000158,1140,562,578
115000159,1126,791,335
115000160,1027,956,71
115000161,750,777,-27
115000162,938,1024,-86
115000163,825,779,46
115000164,954,805,149
115000165,584,582,2
115000167,203,110,93
115000168,1057,474,583
115000169,1015,467,548
115000170,275,151,124
115000171,441,262,179
115000172,1860,863,997
115000173,542,733,-191
115000174,375,314,61
115000175,383,105,278
115000176,296,122,174
115000177,314,177,137
115000178,72,343,-271
115000179,82,39,43
115000180,220,1005,-785
115000181,760,208,552
115000182,1017,559,458
115000183,477,1229,-752
115000186,885,413,472
115000187,329,1094,-765
115000188,652,786,-134
115000189,346,661,-315
115000190,1227,678,549
115000191,587,898,-311
115000194,320,303,17
115000195,551,393,158
115000196,191,183,8
115000197,271,433,-162
115000198,400,308,92
115000199,480,325,155
115000200,430,140,290
115000201,211,592,-381
115000206,517,138,379
115000207,176,501,-325
115000208,698,977,-279
115000209,754,341,413
115000210,206,163,43
115000211,311,355,-44
115000212,2442,491,1951
115000224,579,70,509
115000225,67,109,-42
115000229,266,267,-1
115000230,151,607,-456
115000231,386,2941,-2555
115000232,1823,464,1359
115000233,285,286,-1
115000234,40,490,-450
115000241,117,424,-307
115000242,171,508,-337
115000243,55,355,-300
115000244,7,150,-143
115000246,28,31,-3
115000247,68,26,42
115000248,25,27,-2
115000249,54,29,25
115000250,407,30,377
115000251,400,172,228
115000252,196,311,-115
115000253,17,565,-548
115000258,354,251,103
115000259,470,236,234
115000261,30,25,5
115000262,19,25,-6
115000263,24,65,-41
115000264,31,54,-23
115000267,85,108,-23
115000268,51,169,-118
115000269,177,82,95
115000270,10,26,-16
115000272,70,295,-225
115000273,499,50,449
115000280,2719,240,2479
115000281,929,885,44
115000282,2096,1067,1029
115000284,433,243,190
115000296,1401,15,1386
115000297,360,182,178
115000298,177,554,-377
115000300,245,276,-31
115000302,698,259,439
115000303,945,234,711
115000304,982,163,819
115000305,114,1152,-1038
115000306,199,620,-421
115000307,135,252,-117
115000308,54,36,18
115000309,34,56,-22
115000310,1336,1227,109
115000311,953,1913,-960
115000313,122,911,-789
115000314,535,159,376
115000315,1328,621,707
115000316,85,139,-54
115000317,227,801,-574
115000318,1031,429,602
115000319,105,484,-379
115000320,21,481,-460
115000321,777,13,764
115000322,78,393,-315
115000449,426,268,158
115000557,5,1782,-1777
115000558,674,97,577
115000587,664,637,27
115000588,3518,3818,-300
115000589,4927,3164,1763
115000590,1654,1734,-80
115000591,2789,985,1804
115000592,1161,2296,-1135
115000593,1947,824,1123
115000594,1114,2966,-1852
115000609,147,170,-23
115000617,3281,4438,-1157
115000624,343,122,221
115000633,632,2893,-2261
115000634,3666,1232,2434
115000635,689,186,503
115000638,1463,1110,353
115000641,80,181,-101
115000642,516,416,100
115000643,145,823,-678
115000644,185,628,-443
115000646,1128,1967,-839
115000647,261,637,-376
115000648,2072,2631,-559
115000893,4113,1931,2182
115000894,201,1499,-1298
115000895,566,1041,-475
115000896,1655,400,1255
115000897,784,197,587
115000898,1056,328,728
115000899,955,1654,-699
115000900,198,526,-328
115000901,118,220,-102
115000912,392,177,215
115000913,2,29,-27
115000915,69,0,69
115000916,10,0,10
115000917,0,16,-16
115000918,125,427,-302
115000919,5,26,-21
115000920,104,76,28
115000921,1226,234,992
115000922,2302,1021,1281
115000923,747,1059,-312
115000925,98,126,-28
115000927,46,78,-32
115000933,436,269,167
115000934,195,291,-96
115000935,188,153,35
115000936,59,711,-652
115000937,902,217,685
115000938,122,224,-102
115000939,107,158,-51
115900001,127,69,58
115900002,148,269,-121
115900003,258,199,59
115900004,3,90,-87
115900005,181,17,164
115900006,265,463,-198
115900008,76,29,47
115900009,136,383,-247
115900010,461,258,203
115900011,681,335,346
115900012,198,150,48
115900013,676,269,407
115900014,154,229,-75
115900015,156,154,2
115900016,102,42,60
115900017,23,12,11
115900018,247,97,150
115900019,777,38,739
115900020,81,1,80
115900021,1997,276,1721
115900022,2238,24,2214
115900023,71,13,58
115900025,119,507,-388
115900026,1096,391,705
115900027,1,433,-432
115900028,940,86,854
115900029,12,569,-557
115900030,37,30,7
115900031,572,459,113
115900032,655,1050,-395
115900033,0,90,-90
115900034,27,724,-697
115900035,81,26,55
115900036,210,816,-606
115900037,54,579,-525
115900038,58,19,39
115900039,268,374,-106
115900041,728,786,-58
115900042,56,6,50
115900043,160,143,17
115900044,364,390,-26
115900046,344,381,-37
115900047,215,179,36
115900049,245,331,-86
115900051,8,63,-55
115900052,13,336,-323
115900053,260,280,-20
115900054,253,58,195
115900055,22,162,-140
115900056,367,442,-75
115900057,153,17,136
115900058,48,97,-49
115900060,493,255,238
115900061,303,3,300
115900062,45,332,-287
115900063,101,34,67
115900064,208,358,-150
115900065,142,155,-13
115900066,262,235,27
115900067,8,897,-889
115900068,4361,1031,3330
115900069,193,297,-104
115900070,214,302,-88
115900071,2,557,-555
115900072,70,282,-212
115900073,93,107,-14
115900074,12,462,-450
115900075,53,406,-353
115900076,10,121,-111
115900077,7,374,-367
115900078,87,172,-85
115900079,227,29,198
115900080,804,356,448
115900081,42,100,-58
115900082,218,304,-86
115900084,519,30,489
115900085,98,69,29
115900086,2085,854,1231
115900088,46,75,-29
115900089,460,899,-439
115900090,404,31,373
115900091,29,37,-8
115900092,26,277,-251
115900093,27,42,-15
115900094,10,560,-550
115900096,5,30,-25
115900097,12,621,-609
115900098,193,632,-439
115900099,163,115,48
115900100,19,730,-711
115900101,227,474,-247
115900102,71,112,-41
115900103,394,335,59
115900104,73,195,-122
115900105,335,1053,-718
115900106,67,48,19
115900107,79,263,-184
115900108,146,99,47
115900109,93,569,-476
115900110,0,61,-61
115900111,3,118,-115
115900112,63,1480,-1417
115900113,75,44,31
115900114,20,210,-190
115900115,116,399,-283
115900116,139,1416,-1277
115900117,103,37,66
115900118,7,447,-440
115900119,226,232,-6
115900120,47,722,-675
115900121,250,357,-107
115900124,309,832,-523
115900125,417,58,359
115900126,984,128,856
115900127,821,70,751
115900128,9,88,-79
115900129,992,78,914
115900130,29,271,-242
115900131,526,41,485
115900132,548,8,540
115900134,468,12,456
115900135,618,1485,-867
115900137,48,3,45
115900139,112,110,2
115900140,304,55,249
115900141,18,69,-51
115900142,13,28,-15
115900143,350,430,-80
115900144,119,339,-220
115900146,9,196,-187
115900147,317,342,-25
115900148,59,28,31
115900149,103,19,84
115900150,118,102,16
115900151,11,137,-126
115900152,191,450,-259
115900153,220,364,-144
115900154,830,437,393
115900155,0,115,-115
115900156,923,1097,-174
115900157,247,646,-399
115900158,58,23,35
115900159,163,359,-196
115900160,23,7,16
115900161,313,275,38
115900163,240,197,43
115900164,680,51,629
115900165,5,255,-250
115900166,355,377,-22
115900168,211,275,-64
115900171,240,641,-401
115900172,64,183,-119
115900173,273,219,54
115900174,380,268,112
115900175,137,233,-96
115900178,12,859,-847
115900179,241,22,219
115900180,80,393,-313
115900181,167,256,-89
115900182,441,328,113
115900183,134,57,77
115900184,2571,24,2547
115900187,16,148,-132
115900189,1,283,-282
115900190,488,1825,-1337
115900191,72,616,-544
115900192,10,81,-71
115900193,254,186,68
115900194,658,101,557
115900195,909,2315,-1406
115900198,291,539,-248
115900199,260,409,-149
115900200,378,515,-137
115900201,505,384,121
115900202,2,73,-71
115900203,9,19,-10
115900204,1,10,-9
115900205,220,16,204
115900206,247,210,37
115900207,50,51,-1
115900208,165,322,-157
115900209,9,171,-162
115900210,5,245,-240
115900211,12,359,-347
115900212,247,510,-263
115900213,227,101,126
115900214,546,470,76
115900215,35,179,-144
115900216,7,126,-119
115900217,20,96,-76
115900218,0,61,-61
115900219,107,14,93
115900220,186,15,171
115900221,70,17,53
115900222,68,27,41
115900223,25,356,-331
115900224,1923,1317,606
115900225,100,61,39
115900226,19,76,-57
115900227,9,71,-62
115900228,11,64,-53
115900229,5,80,-75
115900230,93,194,-101
115900231,139,6,133
115900232,52,6,46
115900233,87,18,69
115900234,83,50,33
115900235,40,43,-3
115900236,110,57,53
115900237,25,31,-6
115900238,62,41,21
115900239,28,52,-24
115900240,11,92,-81
115900241,350,223,127
115900242,327,439,-112
115900243,23,16,7
115900244,20,26,-6
115900245,46,12,34
115900246,56,20,36
115900247,56,15,41
115900248,26,13,13
115900249,11,33,-22
115900250,25,62,-37
115900251,4,23,-19
115900252,3,8,-5
115900253,17,30,-13
115900254,9,44,-35
115900255,8,21,-13
115900256,43,30,13
115900257,13,11,2
115900258,1,8,-7
115900259,13,6,7
115900260,10,2,8
115900261,16,4,12
115900262,6,4,2
115900263,16,10,6
115900264,20,11,9
115900265,11,22,-11
115900266,8,20,-12
115900267,14,23,-9
115900268,9,12,-3
115900269,640,672,-32
115900270,477,712,-235
115900271,146,1,145
115900272,44,2,42
115900273,13,20,-7
115900274,1,25,-24
115900275,0,28,-28
115900276,0,57,-57
115900277,0,98,-98
115900278,38,141,-103
115900279,20,248,-228
115900280,24,399,-375
115900281,532,292,240
115900282,27,12,15
116000001,18483,7300,11183
116000002,6161,12599,-6438
116000003,2497,2466,31
116000004,3183,4358,-1175
116000005,5008,4912,96
116000006,4146,2749,1397
116000007,4495,6164,-1669
116000008,5111,3965,1146
116000009,2241,3313,-1072
116000010,2487,2066,421
116000011,1160,2290,-1130
116000012,1552,1220,332
116000013,16773,6696,10077
116000014,22124,15950,6174
116000015,863,2209,-1346
116000016,10604,5013,5591
116000017,69,1096,-1027
116000018,953,675,278
116000019,1496,501,995
116000020,860,1700,-840
116000021,707,463,244
116000022,565,660,-95
116000023,1669,1213,456
116000024,941,1463,-522
116000025,1217,965,252
116000026,2665,3325,-660
116000027,2128,922,1206
116000028,623,1187,-564
116000029,1760,1204,556
116000030,1065,759,306
116000031,328,449,-121
116000032,543,398,145
116000033,509,745,-236
116000034,1380,1661,-281
116000035,759,1501,-742
116000036,2723,1373,1350
116000037,900,794,106
116000038,940,447,493
116000039,936,403,533
116000040,2422,295,2127
116000041,306,630,-324
116000042,838,271,567
116000043,123,799,-676
116000044,8,69,-61
116000045,2883,2139,744
116000046,2063,2135,-72
116000047,3832,4408,-576
116000048,3658,2669,989
116000049,1564,3414,-1850
116000050,1755,2815,-1060
116000051,7340,3241,4099
116000052,7515,7233,282
116000053,3113,1586,1527
116000054,1116,3656,-2540
116000055,781,1988,-1207
116000056,1277,2091,-814
116000057,6297,2912,3385
116000058,5749,3758,1991
116000059,5339,7943,-2604
116000060,3380,1262,2118
116000061,874,1368,-494
116000062,1122,299,823
116000063,1013,1444,-431
116000066,336,731,-395
116000067,258,716,-458
116000068,338,427,-89
116000069,351,607,-256
116000078,639,1441,-802
116000080,2155,1456,699
116000082,6,129,-123
116000083,1869,567,1302
116000084,3059,4835,-1776
116000085,3124,2325,799
116000086,2823,1635,1188
116000087,2192,2036,156
116000088,1275,1715,-440
116000089,221,145,76
116000090,156,204,-48
116000091,365,333,32
116000093,855,770,85
116000094,977,1057,-80
116000095,997,967,30
116000096,996,2117,-1121
116000097,1155,1079,76
116000098,212,9039,-8827
116000099,10591,418,10173
116000100,282,27,255
116000101,911,1587,-676
116000102,295,1862,-1567
116000103,553,398,155
116000104,369,2322,-1953
116000105,1485,281,1204
116000106,969,1385,-416
116000107,3897,654,3243
116000108,853,204,649
116000111,206,47,159
116000113,228,167,61
116000114,89,187,-98
116000115,399,177,222
116000116,372,818,-446
116000117,1802,2716,-914
116000118,1733,1942,-209
116000119,3845,2613,1232
116000120,3670,6747,-3077
116000121,1003,723,280
116000122,1780,2755,-975
116000123,1378,652,726
116000124,601,1495,-894
116000125,3063,1042,2021
116000126,583,2105,-1522
116000127,1570,2046,-476
116000128,1853,1265,588
116000129,1342,297,1045
116000130,676,476,200
116000133,1136,1346,-210
116000134,2367,3333,-966
116000135,2763,1960,803
116000136,1473,2957,-1484
116000137,1289,1185,104
116000138,1102,769,333
116000139,2702,2978,-276
116000140,255,349,-94
116000141,554,1023,-469
116000142,4631,4267,364
116000143,2362,2573,-211
116000144,1868,3081,-1213
116000145,2046,1816,230
116000146,578,385,193
116000147,433,182,251
116000148,741,628,113
116000149,1040,885,155
116000151,904,988,-84
116000153,149,1008,-859
116000155,344,565,-221
116000156,722,1647,-925
116000157,70,32,38
116000158,523,721,-198
116000159,20,18,2
116000160,25,196,-171
116000161,10,166,-156
116000162,170,122,48
116000163,41,14,27
116000164,98,34,64
116000177,562,150,412
116000194,130,616,-486
116000195,2314,940,1374
116000196,39,20,19
116000197,23,9,14
116000198,3850,1935,1915
116000200,1134,730,404
116000201,791,1100,-309
116000202,23,390,-367
116000203,7,145,-138
116000204,16,98,-82
116000205,2,251,-249
116000206,1,147,-146
116000207,11,86,-75
116000233,252,963,-711
116000287,157,823,-666
116000288,289,373,-84
116000292,157,251,-94
116000296,17,256,-239
116000297,121,14,107
116000304,230,46,184
116000305,20,155,-135
116000346,280,158,122
116000352,298,58,240
116000354,97,19,78
116000357,49,36,13
116000358,455,60,395
116000361,101,4,97
116000372,11540,5216,6324
116000381,194,2,192
116000388,3,99,-96
116000389,1577,788,789
116000445,499,914,-415
116000446,675,1160,-485
116000447,22,706,-684
116000448,858,310,548
116000563,1866,1252,614
116000565,83,597,-514
116000568,85,380,-295
116000579,45,150,-105
116000584,18,12,6
116000585,24,27,-3
116000586,330,198,132
116000587,923,1055,-132
116000589,60,91,-31
116000590,114,75,39
116000591,272,362,-90
116000592,16,177,-161
116000593,0,29,-29
116000594,751,730,21
116000595,918,291,627
116000596,168,15,153
116000597,426,106,320
116000598,24,311,-287
116000602,135,957,-822
116000605,365,227,138
116000606,75,275,-200
116000607,15,112,-97
116000609,369,1155,-786
116000611,145,759,-614
116000612,885,2622,-1737
116000613,758,491,267
116000614,633,960,-327
116000615,1,281,-280
116000616,102,218,-116
116000617,103,111,-8
116000618,5,198,-193
116000619,75,73,2
116000620,132,112,20
116000621,47,154,-107
116000622,71,205,-134
116000624,284,127,157
116000627,50,61,-11
116000628,45,616,-571
116000629,36,534,-498
116000630,449,68,381
116000631,161,52,109
116000632,586,436,150
116000633,63,529,-466
116000634,695,32,663
116000635,4004,2434,1570
116000636,1213,1301,-88
116000637,468,18,450
116000638,14,487,-473
116900001,349,219,130
116900002,315,7,308
116900003,44,122,-78
116900004,44,128,-84
116900005,317,110,207
116900006,169,222,-53
116900007,185,312,-127
116900008,501,566,-65
116900009,12,15,-3
116900010,3,2063,-2060
116900011,22,61,-39
116900012,312,321,-9
116900013,11,268,-257
116900014,108,490,-382
116900015,363,101,262
116900016,226,4,222
116900017,10,928,-918
116900018,120,83,37
116900019,17,547,-530
116900020,1862,1436,426
116900023,94,11,83
116900024,718,73,645
116900025,1477,1253,224
116900026,306,922,-616
116900027,45,106,-61
116900028,6,176,-170
116900029,0,77,-77
116900031,1,13,-12
116900032,39,471,-432
116900033,28,23,5
116900034,36,117,-81
116900035,194,295,-101
116900036,4,148,-144
116900038,22,4,18
116900041,57,17,40
116900042,1055,322,733
116900043,33,112,-79
116900047,89,138,-49
116900049,62,454,-392
116900050,153,797,-644
116900051,159,360,-201
116900052,287,101,186
116900055,0,8,-8
116900057,29,380,-351
116900058,63,598,-535
116900059,2,229,-227
116900060,303,270,33
116900062,6,16,-10
116900064,88,1124,-1036
116900065,47,187,-140
116900067,134,175,-41
116900068,183,403,-220
116900070,5,3,2
116900072,40,597,-557
116900073,19,262,-243
116900074,13,77,-64
116900076,23,28,-5
116900077,8,230,-222
116900078,303,207,96
116900079,56,407,-351
116900080,12,51,-39
116900081,593,1938,-1345
116900082,512,1385,-873
116900083,93,96,-3
116900084,271,80,191
116900085,37,182,-145
116900086,84,319,-235
116900088,567,146,421
116900090,229,116,113
116900091,459,89,370
116900092,133,1245,-1112
116900093,2395,3077,-682
116900094,7542,5938,1604
116900095,470,156,314
116900096,152,367,-215
116900097,5475,3382,2093
116900098,1270,439,831
116900099,1209,1002,207
116900100,1173,71,1102
116900101,394,801,-407
116900103,4,0,4
116900104,83,131,-48
116900105,447,198,249
116900106,2238,457,1781
116900107,6069,3346,2723
116900110,19,3,16
116900111,567,1195,-628
116900112,391,1594,-1203
116900113,3571,1774,1797
116900116,215,521,-306
116900117,165,122,43
116900118,1238,1091,147
116900120,327,180,147
116900121,124,41,83
116900122,1037,1206,-169
116900123,299,1215,-916
116900124,247,1552,-1305
116900125,384,319,65
116900126,362,960,-598
116900128,2,62,-60
116900129,5,495,-490
116900130,1102,4301,-3199
116900131,170,446,-276
116900132,52,160,-108
116900133,160,183,-23
116900134,332,418,-86
116900136,385,256,129
116900137,501,214,287
116900138,317,248,69
116900139,170,549,-379
116900140,252,238,14
116900141,950,707,243
116900142,10,76,-66
116900143,401,739,-338
116900144,42,89,-47
116900145,144,438,-294
116900147,1052,537,515
116900148,19,75,-56
116900149,66,243,-177
116900150,18,10,8
116900151,34,28,6
116900153,176,123,53
116900154,1003,649,354
116900155,147,94,53
116900157,646,537,109
116900158,497,354,143
116900159,80,477,-397
116900160,2722,584,2138
116900161,11500,8224,3276
116900162,40,184,-144
116900163,199,294,-95
116900164,264,98,166
116900165,326,216,110
116900166,29,175,-146
116900167,577,128,449
116900168,480,120,360
116900169,1577,568,1009
116900170,373,536,-163
116900171,52,320,-268
116900172,348,342,6
116900173,241,94,147
116900174,46,63,-17
116900175,303,203,100
116900178,21,212,-191
116900179,96,330,-234
116900180,124,45,79
116900182,538,377,161
116900183,257,154,103
116900185,37,63,-26
116900186,93,450,-357
116900187,85,49,36
116900188,179,51,128
116900189,124,3,121
116900191,473,862,-389
116900192,326,249,77
116900194,206,1210,-1004
116900195,63,37,26
116900196,19,114,-95
116900197,130,16,114
116900198,377,391,-14
116900200,90,64,26
116900201,145,24,121
116900202,210,57,153
116900203,202,6,196
116900204,78,172,-94
116900206,20,63,-43
116900207,50,45,5
116900208,7,183,-176
116900209,26,178,-152
116900210,575,429,146
116900211,248,17,231
116900212,99,121,-22
116900213,264,317,-53
116900214,245,235,10
116900215,84,100,-16
116900216,459,390,69
116900218,17,382,-365
116900219,1560,659,901
116900220,151,333,-182
116900221,130,544,-414
116900222,526,626,-100
116900223,188,475,-287
116900226,126,113,13
116900227,267,164,103
116900228,443,364,79
116900230,70,389,-319
116900231,30,591,-561
116900232,17,636,-619
116900233,262,163,99
116900234,17,17,0
116900235,206,337,-131
116900238,2047,611,1436
116900239,41,1219,-1178
116900240,9263,5043,4220
116900241,95,242,-147
116900242,516,486,30
116900243,5,137,-132
116900245,45,44,1
116900246,122,22,100
116900247,932,38,894
116900248,163,92,71
116900249,427,203,224
116900250,449,85,364
116900251,743,737,6
116900252,138,1313,-1175
116900253,195,191,4
116900254,33,152,-119
116900255,228,124,104
116900256,517,187,330
116900257,21,686,-665
116900258,3,370,-367
116900259,237,12,225
116900260,3,172,-169
116900261,55,4,51
116900262,207,223,-16
116900263,0,10,-10
116900264,0,4,-4
116900265,87,0,87
116900266,31,92,-61
116900267,1,4,-3
116900268,96,14,82
116900269,483,728,-245
116900271,2532,306,2226
116900272,582,732,-150
116900273,318,108,210
116900274,103,146,-43
116900275,250,192,58
116900276,1018,139,879
116900277,964,66,898
116900278,8,23,-15
116900279,1,31,-30
116900280,33,70,-37
116900281,10050,5565,4485
116900282,5,147,-142
116900283,32,161,-129
116900284,30,333,-303
116900285,528,470,58
116900286,292,43,249
116900287,11,89,-78
116900288,71,192,-121
116900289,25,66,-41
116900290,4,84,-80
116900291,61,10,51
116900292,0,27,-27
116900293,85,148,-63
116900294,77,271,-194
116900295,616,52,564
116900296,321,69,252
116900297,8,131,-123
116900298,149,44,105
116900299,143,46,97
116900300,2,112,-110
116900301,172,116,56
116900302,102,78,24
116900303,501,164,337
116900304,1,201,-200
116900305,30,144,-114
116900306,156,128,28
117000001,2349,2353,-4
117000002,3031,7023,-3992
117000003,10346,4761,5585
117000004,6317,7838,-1521
117000005,3084,2708,376
117000006,1997,5534,-3537
117000007,4963,1881,3082
117000008,1839,6548,-4709
117000009,6762,2760,4002
117000010,3935,6480,-2545
117000011,2809,2565,244
117000012,1840,2159,-319
117000013,2606,1368,1238
117000014,2130,3355,-1225
117000015,5300,1797,3503
117000016,829,90,739
117000017,1017,203,814
117000018,457,708,-251
117000019,646,6,640
117000020,656,2263,-1607
117000021,3547,899,2648
117000022,850,140,710
117000023,1252,200,1052
117000024,1134,184,950
117000025,1655,762,893
117000026,5957,1309,4648
117000027,3615,3529,86
117000028,6428,1764,4664
117000030,1021,810,211
117000031,599,381,218
117000032,2804,1798,1006
117000033,1994,1218,776
117000034,521,530,-9
117000035,469,436,33
117000036,631,573,58
117000037,377,311,66
117000038,517,885,-368
117000039,728,378,350
117000040,268,1569,-1301
117000041,1432,261,1171
117000044,27,1265,-1238
117000045,585,99,486
117000046,890,938,-48
117000047,1184,851,333
117000048,2969,1945,1024
117000049,187,766,-579
117000050,224,2837,-2613
117000051,2560,230,2330
117000052,54,494,-440
117000053,477,89,388
117000054,1956,10,1946
117000055,24,4696,-4672
117000056,882,24,858
117000057,885,3250,-2365
117000060,729,2706,-1977
117000061,2479,1436,1043
117000062,466,917,-451
117000063,2832,1305,1527
117000064,1175,1131,44
117000066,2226,1322,904
117000067,277,605,-328
117000074,229,324,-95
117000076,110,85,25
117000077,232,290,-58
117000078,197,1118,-921
117000079,671,369,302
117000080,1,482,-481
117000081,1393,191,1202
117000082,43,104,-61
117000083,163,20,143
117000084,524,3,521
117000085,491,1105,-614
117000086,1307,882,425
117000087,125,724,-599
117000088,354,365,-11
117000089,2057,455,1602
117000090,425,1922,-1497
117000091,1039,453,586
117000092,604,2077,-1473
117000093,1554,1133,421
117000094,1690,4100,-2410
117000095,3873,1222,2651
117000096,871,3405,-2534
117000097,1811,1703,108
117000098,3914,7638,-3724
117000099,4236,1714,2522
117000100,298,419,-121
117000101,247,1920,-1673
117000102,2138,987,1151
117000103,1084,2736,-1652
117000104,1788,910,878
117000105,1157,2512,-1355
117000106,1570,1137,433
117000107,727,3051,-2324
117000108,2212,1336,876
117000109,2567,4007,-1440
117000110,2124,1440,684
117000111,5372,6489,-1117
117000112,4672,2590,2082
117000113,158,439,-281
117000114,242,206,36
117000115,120,205,-85
117000116,170,390,-220
117000117,2679,1418,1261
117000118,654,261,393
117000119,1218,203,1015
117000120,761,512,249
117000121,228,1705,-1477
117000122,666,1829,-1163
117000123,2831,63,2768
117000124,1168,84,1084
117000125,886,100,786
117000126,139,41,98
117000127,334,457,-123
117000128,680,1087,-407
117000129,670,392,278
117000130,212,0,212
117000131,0,63,-63
117000132,3555,77,3478
117000133,1556,263,1293
117000134,0,65,-65
117000135,7,48,-41
117000136,1,50,-49
117000137,106,160,-54
117000138,5,961,-956
117000140,755,2456,-1701
117000141,2165,801,1364
117000181,1130,604,526
117000182,469,775,-306
117000195,355,1705,-1350
117000196,473,151,322
117000225,365,23,342
117000226,30,249,-219
117000276,387,21,366
117000277,3,679,-676
117000310,2955,3608,-653
117000315,78,2405,-2327
117000320,80,0,80
117000906,298,21,277
117000907,14,499,-485
117000908,229,57,172
117000909,97,37,60
117000910,281,249,32
117000911,164,308,-144
117000915,9,854,-845
117000916,45,13,32
117000917,1557,73,1484
117000918,109,109,0
117000919,20,152,-132
117000920,6,1769,-1763
117000921,1,2281,-2280
117000922,105,238,-133
117000924,439,1235,-796
117000926,1369,146,1223
117000927,3035,922,2113
117000928,1,195,-194
117000929,262,728,-466
117000930,232,35,197
117000931,656,210,446
117900002,318,698,-380
117900003,1353,745,608
117900005,29,61,-32
117900006,0,28,-28
117900007,230,156,74
117900008,0,82,-82
117900010,488,135,353
117900011,145,53,92
117900012,84,160,-76
117900013,1,440,-439
117900014,697,219,478
117900015,59,265,-206
117900016,2199,1049,1150
117900017,1432,476,956
117900018,303,110,193
117900019,493,444,49
117900020,119,507,-388
117900021,49,129,-80
117900022,42,39,3
117900023,894,867,27
117900024,124,117,7
117900025,58,20,38
117900026,419,441,-22
117900028,216,9,207
117900029,295,1174,-879
117900030,612,468,144
117900031,789,150,639
117900032,1234,842,392
117900033,342,1098,-756
117900034,51,57,-6
117900035,289,121,168
117900036,305,737,-432
117900037,244,182,62
117900038,55,645,-590
117900039,11,101,-90
117900040,146,698,-552
117900041,6,90,-84
117900042,6639,735,5904
117900043,43,69,-26
117900044,56,5279,-5223
117900045,431,232,199
117900048,349,437,-88
117900049,264,749,-485
117900050,27,61,-34
117900051,505,2,503
117900052,94,585,-491
117900053,1709,1121,588
117900054,2,24,-22
117900055,255,542,-287
117900056,836,59,777
117900057,1474,1840,-366
117900058,175,26,149
117900059,790,139,651
117900060,2612,7388,-4776
117900061,55,473,-418
117900063,445,292,153
117900065,986,1712,-726
117900066,16,86,-70
117900067,436,305,131
117900069,1153,550,603
117900070,782,32,750
117900071,183,226,-43
117900073,591,564,27
117900074,952,56,896
117900075,130,148,-18
117900076,23,62,-39
117900077,518,209,309
117900078,368,872,-504
117900080,267,70,197
117900081,723,711,12
117900082,490,475,15
117900083,427,732,-305
117900086,234,58,176
117900087,281,119,162
117900088,4313,3367,946
117900089,2354,921,1433
117900090,901,870,31
117900091,231,265,-34
117900092,114,47,67
117900093,146,105,41
117900094,68,42,26
117900095,485,583,-98
117900096,111,351,-240
117900097,377,138,239
117900098,50,9,41
117900099,208,438,-230
117900100,250,0,250
117900101,685,2131,-1446
117900102,97,84,13
117900103,75,2,73
117900104,44,185,-141
117900105,190,389,-199
117900106,102,62,40
117900107,54,0,54
117900109,776,535,241
117900110,109,0,109
117900111,480,31,449
117900112,98,27,71
117900113,6967,3051,3916
117900114,26,0,26
117900115,440,72,368
117900116,1244,1589,-345
117900117,666,520,146
117900118,112,1,111
117900119,228,334,-106
117900120,237,185,52
117900121,206,44,162
117900122,2098,4269,-2171
117900123,1155,672,483
117900124,1149,1002,147
117900125,2556,1933,623
117900126,392,879,-487
117900127,728,802,-74
117900128,531,1114,-583
117900129,114,3,111
117900130,1348,602,746
117900131,0,251,-251
117900132,17,169,-152
117900133,14,192,-178
117900134,80,349,-269
117900135,35,356,-321
117900136,0,80,-80
117900137,101,496,-395
117900138,1,57,-56
117900139,152,190,-38
117900140,6308,590,5718
117900141,406,299,107
117900142,549,65,484
117900144,269,212,57
117900145,100,44,56
117900146,496,225,271
117900147,118,132,-14
117900148,4833,1824,3009
117900149,100,298,-198
117900150,97,93,4
117900151,79,143,-64
117900152,164,101,63
117900153,31,153,-122
117900154,879,919,-40
117900156,1407,1437,-30
117900157,117,677,-560
117900158,388,175,213
117900160,754,801,-47
117900161,3930,3526,404
117900162,478,690,-212
117900163,339,68,271
117900165,0,22,-22
117900166,191,536,-345
117900168,49,273,-224
117900169,3,177,-174
117900170,6,62,-56
117900171,0,57,-57
117900172,10,66,-56
117900173,275,145,130
117900174,69,92,-23
117900175,7,60,-53
117900176,9,68,-59
117900177,37,77,-40
117900178,179,75,104
117900180,512,76,436
117900181,294,422,-128
117900182,2,41,-39
117900183,124,259,-135
117900184,23,73,-50
117900185,41,76,-35
117900186,68,39,29
117900187,20,12,8
117900188,280,74,206
117900189,75,33,42
117900190,41,1,40
117900191,131,0,131
117900192,296,3,293
117900193,11,116,-105
117900194,17,11,6
117900195,53,96,-43
117900196,26,24,2
117900207,253,226,27
117900208,63,56,7
117900209,239,263,-24
117900210,266,367,-101
117900211,26,383,-357
117900212,155,319,-164
117900213,51,28,23
117900214,7,66,-59
117900215,42,46,-4
117900216,107,22,85
117900217,198,230,-32
117900218,312,400,-88
117900219,64,88,-24
117900220,659,193,466
117900222,222,409,-187
117900223,159,353,-194
118000001,1382,939,443
118000002,1767,2981,-1214
118000003,3711,2776,935
118000004,4661,3078,1583
118000005,7549,6174,1375
118000006,10062,14259,-4197
118000007,13778,4767,9011
118000008,9526,5348,4178
118000009,3172,5646,-2474
118000010,8994,6244,2750
118000011,1764,3540,-1776
118000012,1593,3386,-1793
118000013,4357,3969,388
118000014,3006,3848,-842
118000016,272,546,-274
118000017,537,595,-58
118000018,821,730,91
118000019,3690,1762,1928
118000020,3229,3642,-413
118000021,1349,3859,-2510
118000022,3557,1138,2419
118000023,1833,342,1491
118000024,3557,1576,1981
118000027,24286,15806,8480
118000029,1749,1004,745
118000032,2178,4581,-2403
118000033,4889,6087,-1198
118000034,8930,3426,5504
118000035,2769,3346,-577
118000036,1993,1464,529
118000037,1380,1267,113
118000038,210,117,93
118000039,182,594,-412
118000040,2594,1930,664
118000041,3808,2186,1622
118000045,1618,276,1342
118000046,3597,976,2621
118000047,4018,956,3062
118000048,6504,2262,4242
118000051,4707,1929,2778
118000052,3378,960,2418
118000053,1749,1938,-189
118000054,3850,4114,-264
118000055,2613,4270,-1657
118000056,418,689,-271
118000057,354,840,-486
118000058,6772,2221,4551
118000059,5219,1372,3847
118000060,1430,890,540
118000061,1702,2179,-477
118000062,925,553,372
118000063,626,737,-111
118000064,1445,1763,-318
118000065,7289,2919,4370
118000066,1259,1943,-684
118000067,1750,1081,669
118000068,3617,6329,-2712
118000069,6387,1922,4465
118000070,10196,2922,7274
118000071,6450,9482,-3032
118000072,5110,1561,3549
118000073,5439,942,4497
118000074,1442,873,569
118000075,1343,453,890
118000076,3287,2540,747
118000077,2151,1696,455
118000078,3058,2772,286
118000079,497,651,-154
118000080,1647,1125,522
118000081,2636,1368,1268
118000082,514,1618,-1104
118000083,2764,2250,514
118000084,4483,2830,1653
118000086,572,930,-358
118000087,7299,3956,3343
118000088,2741,2587,154
118000089,5129,3120,2009
118000090,3178,4366,-1188
118000091,1934,3228,-1294
118000092,1613,707,906
118000093,166,1143,-977
118000096,887,887,0
118000097,1273,931,342
118000098,445,307,138
118000099,680,1134,-454
118000101,1431,437,994
118000102,546,1734,-1188
118000107,3693,912,2781
118000108,1044,3967,-2923
118000110,2,40,-38
118000111,2,634,-632
118000112,608,4,604
118000113,10,1011,-1001
118000114,474,20,454
118000115,38,40,-2
118000116,134,0,134
118000117,1711,1212,499
118000118,1369,909,460
118000119,1201,1469,-268
118000120,2237,1855,382
118000121,197,732,-535
118000122,2260,492,1768
118000123,86,337,-251
118000125,2780,1482,1298
118000126,1510,2480,-970
118000127,2886,1009,1877
118000128,901,1733,-832
118000129,1638,512,1126
118000130,3910,5931,-2021
118000131,1087,1361,-274
118000132,3182,2211,971
118000133,1410,531,879
118000135,988,619,369
118000136,207,610,-403
118000137,1066,126,940
118000138,530,1028,-498
118000139,441,186,255
118000140,3653,6178,-2525
118000141,2853,3011,-158
118000142,2658,3233,-575
118000143,2408,1692,716
118000144,2072,1693,379
118000145,2384,3750,-1366
118000146,1911,1709,202
118000147,1372,2351,-979
118000148,883,1927,-1044
118000149,1286,1455,-169
118000150,648,435,213
118000151,655,692,-37
118000153,1601,1741,-140
118000154,1708,2378,-670
118000155,1471,2087,-616
118000156,3910,3654,256
118000157,769,591,178
118000158,238,602,-364
118000159,39,154,-115
118000160,560,750,-190
118000161,643,1337,-694
118000162,2981,1263,1718
118000163,1005,1503,-498
118000164,3162,2324,838
118000168,2030,795,1235
118000169,1968,2132,-164
118000170,6169,8056,-1887
118000171,474,814,-340
118000172,148,454,-306
118000173,1677,1780,-103
118000175,520,488,32
118000176,432,662,-230
118000177,363,797,-434
118000178,102,78,24
118000179,2430,1806,624
118000180,1212,1269,-57
118000181,1420,627,793
118000182,527,441,86
118000183,358,484,-126
118000184,1034,1391,-357
118000185,1965,1616,349
118000186,1374,1690,-316
118000187,1723,1154,569
118000188,1204,289,915
118000189,1104,1089,15
118000190,62,30,32
118000191,37,48,-11
118000192,344,421,-77
118000193,192,651,-459
118000194,3854,1875,1979
118000195,1906,1166,740
118000196,950,272,678
118000197,1651,188,1463
118000198,1404,878,526
118000199,3088,786,2302
118000200,178,347,-169
118000201,1068,653,415
118000202,109,101,8
118000203,2743,792,1951
118000204,393,501,-108
118000205,486,458,28
118000206,387,238,149
118000207,0,71,-71
118000208,1949,2259,-310
118000209,2546,2393,153
118000210,74,57,17
118000211,59,48,11
118000213,2236,1720,516
118000214,1029,897,132
118000215,386,705,-319
118000216,2811,6073,-3262
118000217,48,166,-118
118000218,114,147,-33
118000219,687,579,108
118000220,1,43,-42
118000221,274,459,-185
118000222,80,10,70
118000223,33,64,-31
118000224,382,144,238
118000225,169,1198,-1029
118000226,2016,284,1732
118000227,1183,500,683
118000228,302,280,22
118000229,502,80,422
118000230,253,307,-54
118000231,128,326,-198
118000232,971,1426,-455
118000233,1368,1156,212
118000234,517,434,83
118000236,707,524,183
118000237,164,823,-659
118000238,438,373,65
118000239,391,406,-15
118000240,811,246,565
118000241,253,367,-114
118000242,515,1036,-521
118000243,336,330,6
118000244,63,250,-187
118000246,1,24,-23
118000255,83,328,-245
118000256,127,328,-201
118000259,35,122,-87
118000260,305,123,182
118000261,51,180,-129
118000263,142,359,-217
118000266,433,576,-143
118000267,1,131,-130
118000268,1228,21,1207
118000270,100,59,41
118000271,233,496,-263
118000272,122,53,69
118000273,173,130,43
118000274,167,464,-297
118000276,576,529,47
118000295,13,150,-137
118000298,240,513,-273
118000299,51,223,-172
118000301,1,105,-104
118000302,144,117,27
118000311,580,133,447
118000312,436,337,99
118000313,148,249,-101
118000314,83,126,-43
118000315,73,104,-31
118000316,811,707,104
118000325,51,127,-76
118000326,32,43,-11
118000331,55,101,-46
118000332,33,74,-41
118000333,64,146,-82
118000335,538,3,535
118000336,4,455,-451
118000407,230,113,117
118000457,11,39,-28
118000465,5067,5711,-644
118000480,79,206,-127
118000489,52,438,-386
118000490,99,549,-450
118000492,368,309,59
118000510,88,32,56
118000514,235,561,-326
118000515,1118,1088,30
118000517,603,405,198
118000524,814,277,537
118000525,1370,1274,96
118000530,49,233,-184
118000531,235,407,-172
118000532,269,384,-115
118000533,635,213,422
118000534,1057,666,391
118000535,347,232,115
118000536,1607,2080,-473
118000537,45,186,-141
118000538,45,129,-84
118000539,33,179,-146
118000540,491,344,147
118000541,441,127,314
118000542,246,272,-26
118000543,306,286,20
118000546,106,34,72
118000560,4576,2701,1875
118000562,55,354,-299
118000563,3287,2063,1224
118000576,260,195,65
118000577,205,169,36
118000578,316,141,175
118000579,1012,1740,-728
118000595,215,118,97
118000596,0,94,-94
118000597,104,154,-50
118000598,40,1,39
118000599,76,61,15
118000600,1,80,-79
118000601,34,0,34
118000602,0,44,-44
118000603,0,46,-46
118900001,1354,2123,-769
118900002,1505,1320,185
118900003,515,38,477
118900004,204,98,106
118900005,96,25,71
118900006,188,12,176
118900007,31,4,27
118900008,2021,70,1951
118900009,76,66,10
118900010,100,20,80
118900011,288,93,195
118900012,549,354,195
118900013,735,189,546
118900015,400,128,272
118900016,12,37,-25
118900017,378,303,75
118900018,1135,43,1092
118900019,107,58,49
118900020,326,158,168
118900021,253,530,-277
118900022,187,161,26
118900023,229,120,109
118900024,145,244,-99
118900025,100,35,65
118900026,71,129,-58
118900027,762,436,326
118900028,172,290,-118
118900029,349,489,-140
118900030,458,148,310
118900031,185,177,8
118900032,314,212,102
118900033,856,596,260
118900034,280,65,215
118900035,192,299,-107
118900036,1312,1058,254
118900037,1303,375,928
118900038,529,335,194
118900039,648,346,302
118900040,351,380,-29
118900041,702,257,445
118900042,289,150,139
118900045,402,285,117
118900046,1461,451,1010
118900047,817,433,384
118900048,418,304,114
118900049,96,77,19
118900050,57,218,-161
118900051,101,94,7
118900052,698,428,270
118900053,66,132,-66
118900054,180,77,103
118900055,89,176,-87
118900056,54,357,-303
118900057,855,579,276
118900058,844,504,340
118900059,35,104,-69
118900060,77,147,-70
118900062,350,274,76
118900064,958,778,180
118900065,86,316,-230
118900066,113,91,22
118900067,7288,5062,2226
118900068,13,615,-602
118900069,535,319,216
118900071,17,137,-120
118900072,615,613,2
118900073,137,150,-13
118900074,192,298,-106
118900075,378,180,198
118900076,413,150,263
118900077,433,261,172
118900078,80,25,55
118900079,92,347,-255
118900080,48,181,-133
118900081,124,46,78
118900082,934,268,666
118900083,45,33,12
118900084,15,49,-34
118900085,820,1459,-639
118900086,57,153,-96
118900087,32,326,-294
118900088,0,26,-26
118900089,35,35,0
118900090,653,642,11
118900091,227,309,-82
118900092,167,154,13
118900093,230,36,194
118900096,91,42,49
118900097,282,929,-647
118900099,124,422,-298
118900100,250,399,-149
118900101,213,748,-535
118900102,72,139,-67
118900103,68,230,-162
118900104,418,289,129
118900105,392,216,176
118900107,211,126,85
118900108,116,177,-61
118900110,2119,1211,908
118900111,611,891,-280
118900112,101,197,-96
118900113,136,928,-792
118900114,25,120,-95
118900115,205,632,-427
118900116,156,299,-143
118900117,158,263,-105
118900118,386,593,-207
118900119,183,386,-203
118900120,167,475,-308
118900121,16,281,-265
118900122,16,1224,-1208
118900123,196,372,-176
118900124,115,341,-226
118900126,44,501,-457
118900129,422,332,90
118900130,93,254,-161
118900131,162,367,-205
118900132,955,312,643
118900133,35,164,-129
118900135,316,386,-70
118900136,267,982,-715
118900137,11,40,-29
118900139,321,707,-386
118900140,567,1087,-520
118900141,151,288,-137
118900144,174,708,-534
118900145,52,239,-187
118900146,504,1063,-559
118900147,392,210,182
118900148,134,86,48
118900150,196,847,-651
118900152,710,1196,-486
118900157,149,244,-95
118900158,113,95,18
118900159,0,315,-315
118900161,188,8,180
118900163,333,130,203
118900164,9,170,-161
118900165,102,308,-206
118900166,66,5,61
118900167,111,170,-59
118900168,13,196,-183
118900169,215,679,-464
118900170,219,206,13
118900171,24,68,-44
118900174,96,114,-18
118900175,484,654,-170
118900176,194,338,-144
118900177,69,106,-37
118900178,72,191,-119
118900179,1,68,-67
118900181,109,161,-52
118900182,107,112,-5
118900183,14,249,-235
118900184,784,183,601
118900185,196,186,10
118900186,159,137,22
118900187,369,387,-18
118900188,433,408,25
118900189,43,1143,-1100
118900190,25,605,-580
118900191,172,96,76
118900192,266,47,219
118900193,536,16,520
118900195,595,1188,-593
118900196,45,264,-219
118900197,212,109,103
118900198,38,50,-12
118900199,134,86,48
118900200,51,20,31
118900201,50,59,-9
118900202,19,149,-130
118900203,7,60,-53
118900204,17,41,-24
118900205,3,20,-17
118900206,6,33,-27
119000001,2040,2278,-238
119000002,6679,4541,2138
119000003,3289,1932,1357
119000004,3731,2065,1666
119000005,2529,3040,-511
119000006,3104,2422,682
119000007,5024,4688,336
119000008,3089,2717,372
119000009,4552,6239,-1687
119000010,9959,5782,4177
119000011,6588,4194,2394
119000012,5675,4935,740
119000013,3100,1982,1118
119000014,4325,5103,-778
119000019,401,284,117
119000020,2470,1992,478
119000021,5971,3441,2530
119000022,4859,3940,919
119000023,455,390,65
119000024,2610,13043,-10433
119000025,13682,2108,11574
119000026,295,413,-118
119000027,660,612,48
119000028,3166,2233,933
119000029,160,460,-300
119000030,733,1567,-834
119000031,1297,1185,112
119000032,2762,3573,-811
119000033,2903,2328,575
119000034,1374,1361,13
119000035,54,495,-441
119000036,1882,1345,537
119000037,1389,2628,-1239
119000038,223,1429,-1206
119000039,369,466,-97
119000040,1448,848,600
119000041,1390,1912,-522
119000048,4019,4551,-532
119000049,2058,3854,-1796
119000050,2136,3259,-1123
119000051,2815,1401,1414
119000052,2799,4481,-1682
119000053,2475,1814,661
119000054,4101,4928,-827
119000055,4443,5159,-716
119000056,2939,3064,-125
119000057,1972,3322,-1350
119000058,2686,3021,-335
119000059,1679,2530,-851
119000060,1963,1518,445
119000061,1219,1280,-61
119000062,1602,1796,-194
119000063,563,559,4
119000064,1904,2191,-287
119000065,2790,4534,-1744
119000066,3156,1581,1575
119000067,2645,3445,-800
119000068,2090,1639,451
119000069,2071,3646,-1575
119000070,2987,1481,1506
119000071,690,932,-242
119000072,8455,4582,3873
119000073,7692,8843,-1151
119000074,1679,4112,-2433
119000075,2413,3404,-991
119000076,774,1228,-454
119000077,1522,722,800
119000078,745,305,440
119000079,265,727,-462
119000080,617,325,292
119000081,352,497,-145
119000082,1294,350,944
119000083,687,512,175
119000084,386,618,-232
119000085,730,414,316
119000086,394,658,-264
119000087,2266,1393,873
119000088,393,269,124
119000089,87,340,-253
119000090,152,184,-32
119000091,158,611,-453
119000092,605,326,279
119000093,5416,4318,1098
119000094,3627,8934,-5307
119000095,2180,4116,-1936
119000097,3416,2406,1010
119000098,1096,3207,-2111
119000099,3517,3032,485
119000100,4558,3730,828
119000101,6223,2719,3504
119000102,1507,1346,161
119000103,2628,677,1951
119000104,4025,2024,2001
119000105,1517,2295,-778
119000106,492,2319,-1827
119000107,1141,767,374
119000108,628,1472,-844
119000109,401,544,-143
119000110,952,492,460
119000111,139,818,-679
119000112,271,136,135
119000113,3788,430,3358
119000114,1252,1954,-702
119000115,203,258,-55
119000116,280,167,113
119000117,246,599,-353
119000118,3,0,3
119000123,7187,1225,5962
119000124,1121,284,837
119000125,3967,1320,2647
119000126,578,1039,-461
119000127,578,956,-378
119000128,38,5,33
119000131,1086,1219,-133
119000132,6,2,4
119000133,2,7,-5
119000134,3402,900,2502
119000135,169,221,-52
119000136,401,284,117
119000137,236,511,-275
119000138,513,475,38
119000139,334,347,-13
119000140,277,665,-388
119000284,1808,4221,-2413
119000285,3178,3465,-287
119000286,9751,8172,1579
119000287,2005,3315,-1310
119000288,2944,2144,800
119000289,3057,5194,-2137
119000290,254,708,-454
119000291,10,540,-530
119000293,120,217,-97
119000294,39,36,3
119000295,2769,792,1977
119000296,206,192,14
119000302,4429,2195,2234
119000303,82,287,-205
119000314,2161,12738,-10577
119000315,7,725,-718
119000316,157,168,-11
119000317,84,475,-391
119900001,437,1669,-1232
119900002,271,454,-183
119900003,85,1732,-1647
119900004,593,1326,-733
119900005,258,186,72
119900006,327,645,-318
119900007,1440,326,1114
119900008,352,63,289
119900009,873,921,-48
119900010,2508,1497,1011
119900011,28,118,-90
119900012,56,175,-119
119900013,2526,1109,1417
119900014,926,319,607
119900015,155,40,115
119900016,54,188,-134
119900017,38,61,-23
119900018,2944,1108,1836
119900019,47,10,37
119900020,221,287,-66
119900021,278,188,90
119900022,200,728,-528
119900023,1000,1409,-409
119900025,242,42,200
119900026,1409,238,1171
119900027,56,78,-22
119900028,330,135,195
119900029,6,16,-10
119900030,720,754,-34
119900031,134,389,-255
119900033,2756,375,2381
119900034,494,286,208
119900037,265,117,148
119900038,90,423,-333
119900039,82,26,56
119900040,93,16,77
119900041,223,84,139
119900042,258,282,-24
119900043,120,322,-202
119900044,347,1137,-790
119900046,170,154,16
119900047,378,81,297
119900048,170,85,85
119900049,144,14,130
119900050,234,158,76
119900051,681,13,668
119900052,91,114,-23
119900053,223,319,-96
119900054,152,5,147
119900055,1798,651,1147
119900057,253,141,112
119900058,333,6,327
119900059,283,71,212
119900060,351,41,310
119900062,72,50,22
119900063,42,85,-43
119900064,477,110,367
119900065,355,7,348
119900066,2,2,0
119900067,164,62,102
119900068,552,2,550
119900069,181,37,144
119900070,1131,11,1120
119900071,868,46,822
119900073,2544,927,1617
119900074,107,64,43
119900075,8100,3613,4487
119900076,644,695,-51
119900077,1034,1731,-697
119900078,691,1357,-666
119900079,305,435,-130
119900080,2118,1997,121
119900081,200,53,147
119900082,1854,689,1165
119900083,605,193,412
119900084,1403,510,893
119900085,146,125,21
119900087,1186,524,662
119900088,46,108,-62
119900089,56,794,-738
119900090,221,110,111
119900091,57,1568,-1511
119900092,78,548,-470
119900093,1568,369,1199
119900094,77,334,-257
119900095,335,221,114
119900096,70,207,-137
119900097,984,272,712
119900098,64,82,-18
119900099,57,359,-302
119900100,3398,3673,-275
119900101,333,1748,-1415
119900102,80,496,-416
119900103,35,661,-626
119900104,70,391,-321
119900105,2077,2028,49
119900106,28,286,-258
119900107,572,4382,-3810
119900108,3000,963,2037
119900109,66,374,-308
119900110,852,992,-140
119900111,168,524,-356
119900112,3117,894,2223
119900113,157,533,-376
119900114,332,2150,-1818
119900115,417,1643,-1226
119900116,263,746,-483
119900117,379,1305,-926
119900118,103,1725,-1622
119900119,287,362,-75
119900120,836,1097,-261
119900121,439,1668,-1229
119900122,715,646,69
119900123,398,612,-214
119900124,285,1363,-1078
119900125,86,629,-543
119900126,7298,542,6756
119900127,3956,1583,2373
119900128,639,1513,-874
119900129,321,1102,-781
119900130,58,491,-433
119900131,69,433,-364
119900132,3,440,-437
119900133,94,128,-34
119900134,3142,427,2715
119900135,3,677,-674
119900136,199,675,-476
119900138,656,1025,-369
119900139,199,148,51
119900140,13,208,-195
119900141,224,988,-764
119900142,25,46,-21
119900143,21,348,-327
119900144,3278,408,2870
119900145,149,382,-233
119900146,244,401,-157
119900147,7,239,-232
119900148,272,120,152
119900149,2419,5522,-3103
119900150,240,304,-64
119900151,2855,1278,1577
119900152,131,606,-475
119900153,243,135,108
119900154,16,440,-424
119900155,84,79,5
119900156,27,6,21
119900157,209,394,-185
119900158,245,103,142
119900159,25,2538,-2513
119900160,64,413,-349
119900161,328,409,-81
119900162,1063,1325,-262
119900163,222,290,-68
119900164,0,7,-7
119900165,192,314,-122
119900166,126,98,28
119900167,144,220,-76
119900168,1061,708,353
119900169,222,548,-326
119900170,346,483,-137
119900171,1726,819,907
119900172,207,41,166
119900173,18,676,-658
119900174,16,447,-431
119900175,1557,1053,504
119900177,52,333,-281
119900178,14,276,-262
119900179,140,539,-399
119900180,1350,1229,121
119900181,92,154,-62
119900182,17,741,-724
119900183,242,1151,-909
119900184,4140,915,3225
119900185,95,223,-128
119900186,181,1124,-943
119900187,48,892,-844
119900188,102,433,-331
119900189,807,634,173
119900190,111,381,-270
119900191,550,243,307
119900192,148,291,-143
119900193,482,335,147
119900194,44,106,-62
119900195,81,388,-307
119900196,2663,723,1940
119900197,317,228,89
119900198,319,517,-198
119900199,229,27,202
119900200,918,1009,-91
119900201,506,337,169
119900202,218,264,-46
119900203,349,670,-321
119900204,335,499,-164
119900205,755,894,-139
119900206,185,237,-52
119900208,337,293,44
119900209,700,1551,-851
119900210,59,77,-18
119900211,126,23,103
119900212,162,453,-291
119900213,9,84,-75
119900214,34,162,-128
119900215,83,116,-33
119900216,17,113,-96
119900217,27,93,-66
119900218,37,124,-87
119900219,14,213,-199
119900220,7,187,-180
119900221,44,506,-462
119900222,24,387,-363
119900223,28,148,-120
119900224,32,45,-13
119900225,1579,102,1477
119900226,1108,2796,-1688
119900227,1816,615,1201
119900228,551,507,44
119900229,517,853,-336
119900230,2608,1083,1525
119900231,319,287,32
119900232,384,178,206
119900233,108,8,100
119900234,71,126,-55
119900235,34,72,-38
119900236,30,369,-339
119900237,89,963,-874
119900238,6,96,-90
119900240,142,208,-66
119900241,222,418,-196
119900242,2773,2728,45
119900244,1010,2422,-1412
119900245,260,326,-66
119900246,565,711,-146
119900247,72,130,-58
119900248,110,244,-134
119900249,310,191,119
119900253,5122,751,4371
119900254,121,888,-767
119900255,167,807,-640
119900256,800,1692,-892
119900257,118,4,114
119900258,256,91,165
119900259,21,273,-252
119900260,233,14,219
119900261,461,322,139
119900262,4,409,-405
119900263,1480,588,892
119900264,155,377,-222
119900265,744,586,158
119900266,382,604,-222
119900267,394,826,-432
119900268,234,271,-37
119900269,1520,1976,-456
119900271,49,201,-152
119900272,584,171,413
119900275,213,14,199
119900276,68,1,67
119900277,10,8,2
119900278,540,184,356
119900279,165,588,-423
119900280,1256,291,965
119900281,1,240,-239
119900282,85,145,-60
119900283,17,491,-474
119900284,49,422,-373
119900285,57,121,-64
119900286,11,74,-63
119900288,6,65,-59
119900289,1,109,-108
119900290,3,52,-49
119900291,1,107,-106
119900292,50,55,-5
119900293,24,7,17
119900294,34,1,33
119900295,21,2,19
119900296,151,50,101
119900299,78,357,-279
119900300,506,368,138
119900301,231,94,137
119900302,211,162,49
119900303,520,416,104
119900304,269,71,198
119900305,43,194,-151
119900306,33,9,24
119900307,64,272,-208
119900308,3,47,-44
119900309,59,128,-69
119900310,410,421,-11
119900311,87,217,-130
119900312,197,146,51
119900313,351,606,-255
119900314,283,556,-273
119900315,1610,3272,-1662
119900318,50,45,5
119900319,15,447,-432
119900320,286,890,-604
119900321,117,12,105
119900322,78,111,-33
119900323,6,210,-204
119900324,2,73,-71
119900325,28,483,-455
119900326,110,111,-1
120000001,11094,19186,-8092
120000002,3148,3750,-602
120000003,4401,2218,2183
120000004,3559,3084,475
120000005,5966,2996,2970
120000006,1763,1940,-177
120000007,5334,4248,1086
120000008,1639,2202,-563
120000009,4939,1425,3514
120000010,2363,4167,-1804
120000011,1522,3197,-1675
120000012,1981,4432,-2451
120000013,3596,3887,-291
120000014,1111,2365,-1254
120000015,3415,2291,1124
120000016,4675,3292,1383
120000017,4218,3691,527
120000018,5855,14077,-8222
120000019,1283,2188,-905
120000020,4254,4545,-291
120000021,2546,3184,-638
120000022,3651,5450,-1799
120000023,1238,2393,-1155
120000024,1820,3179,-1359
120000025,2749,3120,-371
120000026,1963,2446,-483
120000027,2137,2839,-702
120000028,1433,876,557
120000029,8365,1208,7157
120000030,991,2065,-1074
120000031,2981,14699,-11718
120000032,12626,5887,6739
120000033,6084,3207,2877
120000034,2306,3121,-815
120000035,2649,3172,-523
120000036,3644,7140,-3496
120000037,1030,2167,-1137
120000038,11788,5365,6423
120000039,699,1309,-610
120000040,201,359,-158
120000041,2663,2479,184
120000042,3006,4664,-1658
120000043,7200,3511,3689
120000044,6024,2349,3675
120000045,6486,1665,4821
120000046,3331,4232,-901
120000047,2467,6638,-4171
120000048,12013,5846,6167
120000049,4700,4219,481
120000050,5578,6615,-1037
120000051,4822,7072,-2250
120000052,15613,3726,11887
120000053,1452,4628,-3176
120000054,1974,7093,-5119
120000055,2242,7460,-5218
120000056,5361,6061,-700
120000057,3997,1025,2972
120000058,5233,620,4613
120000059,102,1973,-1871
120000061,215,853,-638
120000062,255,541,-286
120000063,2395,4050,-1655
120000064,330,1853,-1523
120000065,972,2586,-1614
120000066,421,792,-371
120000067,193,758,-565
120000068,265,1285,-1020
120000069,972,2011,-1039
120000070,60,1159,-1099
120000071,472,234,238
120000072,717,650,67
120000073,778,136,642
120000074,404,83,321
120000075,1203,348,855
120000076,2596,640,1956
120000077,2376,771,1605
120000078,4712,1446,3266
120000079,315,196,119
120000080,218,296,-78
120000081,679,354,325
120000082,224,289,-65
120000083,122,681,-559
120000084,629,710,-81
120000085,572,618,-46
120000086,499,916,-417
120000087,287,1134,-847
120000088,1289,2304,-1015
120000089,1413,1118,295
120000090,940,788,152
120000091,1175,1760,-585
120000092,1798,987,811
120000093,621,732,-111
120000094,227,796,-569
120000095,1366,815,551
120000096,373,1460,-1087
120000098,1165,1463,-298
120000099,449,1148,-699
120000100,1093,1448,-355
120000101,706,740,-34
120000102,626,1084,-458
120000103,1791,1032,759
120000104,2054,661,1393
120000105,2975,882,2093
120000106,2520,806,1714
120000107,4091,976,3115
120000108,1326,218,1108
120000109,1609,120,1489
120000110,97,1351,-1254
120000111,194,1632,-1438
120000112,1054,4931,-3877
120000113,755,3523,-2768
120000114,1354,4182,-2828
120000115,426,3467,-3041
120000116,868,2965,-2097
120000117,1905,2176,-271
120000118,54,33,21
120000119,48,92,-44
120000120,101,112,-11
120000121,75,100,-25
120000122,392,604,-212
120000123,8950,6369,2581
120000124,548,602,-54
120000125,714,1237,-523
120000126,650,1147,-497
120000127,3583,1304,2279
120000128,5130,4513,617
120000129,415,414,1
120000130,1197,1044,153
120000131,417,777,-360
120000134,591,1795,-1204
120000135,706,653,53
120000137,371,2577,-2206
120000138,1155,914,241
120000139,478,1298,-820
120000140,981,986,-5
120000141,548,798,-250
120000142,746,920,-174
120000143,4,167,-163
120000144,143,4,139
120000145,401,4,397
120000146,2755,1329,1426
120000149,865,1630,-765
120000150,5620,15222,-9602
120000151,493,855,-362
120000152,642,344,298
120000153,453,986,-533
120000154,667,794,-127
120000155,196,394,-198
120000156,1885,1198,687
120000157,1207,1106,101
120000158,1241,1330,-89
120000159,2740,3577,-837
120000160,3240,2164,1076
120000161,2885,3725,-840
120000162,197,354,-157
120000163,735,1945,-1210
120000164,568,689,-121
120000165,695,1322,-627
120000166,1500,854,646
120000167,72,141,-69
120000168,35,503,-468
120000169,92,1174,-1082
120000170,198,515,-317
120000171,52,215,-163
120000172,118,108,10
120000173,5652,519,5133
120000174,1613,32,1581
120000175,1814,54,1760
120000176,1252,57,1195
120000177,2684,262,2422
120000178,204,27,177
120000179,1014,83,931
120000180,1474,136,1338
120000181,215,650,-435
120000182,172,328,-156
120000183,55,298,-243
120000184,247,1204,-957
120000186,167,250,-83
120000187,133,96,37
120000188,898,187,711
120000190,3267,42,3225
120000191,3209,70,3139
120000192,2365,56,2309
120000193,1213,38,1175
120000195,160,16,144
120000196,592,154,438
120000197,202,383,-181
120000198,235,192,43
120000199,136,0,136
120000200,99,4,95
120000201,14,35,-21
120000202,0,89,-89
120000203,101,375,-274
120000207,4,157,-153
120000208,12,396,-384
120000209,14,130,-116
120000210,176,145,31
120000211,144,6,138
120000212,166,1,165
120000213,162,530,-368
120000214,7,510,-503
120000215,5,277,-272
120000216,92,21,71
120000217,1156,1626,-470
120000218,276,1171,-895
120000219,12,810,-798
120000220,16,2482,-2466
120000225,1664,3,1661
120000226,416,4,412
120000227,1084,85,999
120000228,9176,4446,4730
120000230,472,22,450
120000231,1541,3210,-1669
120000233,322,26,296
120000235,242,1049,-807
120000236,1436,1,1435
120000237,7,2521,-2514
120000238,0,367,-367
120000241,1722,5537,-3815
120000412,1734,63,1671
120000413,300,441,-141
120000414,123,3,120
120000415,5,272,-267
120000416,130,11,119
120000417,5,179,-174
120000418,150,16,134
120000419,11,633,-622
120000420,77,50,27
120000421,18109,8616,9493
120000422,245,1158,-913
120000423,5,72,-67
120000424,75,241,-166
120000436,145,753,-608
120000437,213,284,-71
120000438,5308,381,4927
120000439,262,625,-363
120000443,210,1,209
120000444,1632,1031,601
120000445,2195,1703,492
120000446,1287,396,891
120000447,230,18,212
120000449,133,10,123
120000450,10,408,-398
120000451,269,351,-82
120000452,218,13,205
120000453,2,725,-723
120000454,102,83,19
120000455,145,108,37
120000456,3511,5523,-2012
120000457,2086,1053,1033
120000458,789,944,-155
120000459,182,145,37
120000665,3367,450,2917
120000668,200,543,-343
120000669,83,332,-249
120000670,411,588,-177
120000671,2572,631,1941
120000672,147,746,-599
120900001,90,123,-33
120900002,812,695,117
120900003,655,75,580
120900004,16,103,-87
120900005,25,1904,-1879
120900006,440,271,169
120900007,192,249,-57
120900008,288,1730,-1442
120900009,917,74,843
120900010,739,146,593
120900011,584,250,334
120900012,1094,1495,-401
120900013,446,135,311
120900014,20,1075,-1055
120900015,993,99,894
120900016,926,96,830
120900017,4086,168,3918
120900018,190,725,-535
120900019,858,369,489
120900020,1160,1576,-416
120900021,775,236,539
120900022,63,726,-663
120900023,285,50,235
120900024,2894,752,2142
120900025,2894,1452,1442
120900026,348,331,17
120900027,1256,47,1209
120900028,477,99,378
120900029,253,476,-223
120900030,1608,1042,566
120900031,318,124,194
120900032,1002,208,794
120900033,1161,100,1061
120900034,44,3532,-3488
120900035,49,288,-239
120900037,294,12,282
120900038,74,272,-198
120900039,169,83,86
120900040,321,5,316
120900041,265,57,208
120900042,544,101,443
120900043,118,42,76
120900044,21,649,-628
120900045,269,286,-17
120900046,520,9,511
120900047,260,139,121
120900048,139,52,87
120900049,427,3,424
120900050,4688,2239,2449
120900051,355,182,173
120900052,669,7,662
120900053,357,143,214
120900054,2427,1199,1228
120900055,378,1,377
120900056,674,23,651
120900057,169,35,134
120900058,599,2,597
120900059,73,4,69
120900060,100,57,43
120900061,361,608,-247
120900062,246,0,246
120900063,705,7,698
120900064,628,2,626
120900065,479,7,472
120900066,302,471,-169
120900067,328,84,244
120900068,323,1,322
120900069,252,119,133
120900071,31,2,29
120900072,776,5,771
120900073,581,425,156
120900074,853,34,819
120900076,358,2,356
120900077,5766,560,5206
120900078,923,1166,-243
120900079,878,204,674
120900080,858,2913,-2055
120900081,1344,1381,-37
120900082,869,544,325
120900083,134,6,128
120900084,335,501,-166
120900085,176,317,-141
120900086,194,476,-282
120900087,548,356,192
120900088,323,507,-184
120900089,5941,3264,2677
120900090,252,325,-73
120900091,829,827,2
120900092,1950,1116,834
120900093,4711,414,4297
120900094,801,408,393
120900095,994,68,926
120900096,94,398,-304
120900097,1170,1396,-226
120900098,459,402,57
120900099,96,140,-44
120900100,200,500,-300
120900101,1205,541,664
120900102,76,190,-114
120900103,89,255,-166
120900104,50,103,-53
120900105,57,957,-900
120900106,2010,917,1093
120900107,371,274,97
120900108,6,952,-946
120900109,66,1092,-1026
120900110,19,1587,-1568
120900111,290,555,-265
120900112,21,1531,-1510
120900113,34,1464,-1430
120900114,65,276,-211
120900115,288,337,-49
120900116,567,753,-186
120900117,3,926,-923
120900118,14,1273,-1259
120900119,4740,10724,-5984
120900120,73,926,-853
120900121,224,816,-592
120900122,685,894,-209
120900123,3,670,-667
120900124,3,956,-953
120900125,3,1377,-1374
120900126,2502,1879,623
120900127,34,797,-763
120900128,1375,2133,-758
120900129,97,521,-424
120900130,20,674,-654
120900131,29,135,-106
120900132,1045,641,404
120900133,270,1529,-1259
120900134,1053,662,391
120900135,23,1002,-979
120900136,104,126,-22
120900137,311,204,107
120900138,50,291,-241
120900139,5,1189,-1184
120900140,7,116,-109
120900141,292,239,53
120900142,34,1022,-988
120900143,3,1411,-1408
120900144,1,281,-280
120900145,248,1237,-989
120900146,7,1603,-1596
120900147,1,878,-877
120900148,194,252,-58
120900149,2,491,-489
120900150,62,983,-921
120900151,3,933,-930
120900152,3,75,-72
120900153,31,140,-109
120900154,1,392,-391
120900155,223,1454,-1231
120900156,61,486,-425
120900157,69,353,-284
120900158,60,771,-711
120900159,69,277,-208
120900160,34,726,-692
120900161,25,804,-779
120900162,27,835,-808
120900163,24,490,-466
120900164,0,14,-14
120900165,16,33,-17
120900166,263,377,-114
120900167,662,211,451
120900169,113,653,-540
120900170,2811,3206,-395
120900171,1821,638,1183
120900172,2713,615,2098
120900173,0,86,-86
120900174,7,174,-167
120900175,469,361,108
120900176,18,490,-472
120900177,2,1390,-1388
120900178,3,701,-698
120900179,1409,806,603
120900180,250,186,64
120900181,266,105,161
120900182,63,900,-837
120900183,275,182,93
120900184,160,137,23
120900185,15,605,-590
120900186,5,599,-594
120900187,688,1585,-897
120900188,243,43,200
120900189,265,1375,-1110
120900190,84,28,56
120900191,3,36,-33
120900192,17745,7971,9774
120900194,71,168,-97
120900195,306,477,-171
120900196,1229,58,1171
120900197,825,110,715
120900198,385,833,-448
120900199,587,2468,-1881
120900200,114,224,-110
120900201,699,270,429
120900202,3,283,-280
120900203,56,142,-86
120900204,170,454,-284
120900205,92,105,-13
120900206,14,26,-12
120900207,9,130,-121
121000001,1371,1362,9
121000002,4375,2706,1669
121000003,4692,2703,1989
121000004,4652,9258,-4606
121000005,3141,3995,-854
121000006,5839,2565,3274
121000007,5527,3699,1828
121000008,11535,6072,5463
121000009,9644,8377,1267
121000010,14999,11012,3987
121000011,14109,19912,-5803
121000012,25176,17502,7674
121000013,7107,11149,-4042
121000014,9707,9636,71
121000015,7783,9928,-2145
121000016,6570,5886,684
121000017,3291,5660,-2369
121000018,3641,2671,970
121000019,28172,17512,10660
121000020,18890,20254,-1364
121000021,5141,4726,415
121000022,3973,3780,193
121000023,6369,4799,1570
121000024,6618,6541,77
121000025,953,2399,-1446
121000026,501,257,244
121000027,1950,1585,365
121000028,1291,855,436
121000029,1661,1034,627
121000030,1069,591,478
121000031,1274,912,362
121000032,345,120,225
121000034,909,271,638
121000035,412,143,269
121000036,2470,1525,945
121000037,1061,803,258
121000038,1107,1235,-128
121000039,739,924,-185
121000041,1068,781,287
121000042,403,576,-173
121000043,1289,792,497
121000044,2614,1320,1294
121000045,762,414,348
121000046,1102,1375,-273
121000047,313,166,147
121000049,3173,995,2178
121000050,591,1596,-1005
121000051,1223,462,761
121000052,895,891,4
121000053,567,119,448
121000054,73,402,-329
121000055,2295,1518,777
121000056,1174,1410,-236
121000057,624,836,-212
121000058,491,214,277
121000059,3211,2331,880
121000060,696,1440,-744
121000061,278,301,-23
121000062,243,551,-308
121000063,1280,886,394
121000064,1085,1331,-246
121000065,743,659,84
121000066,963,865,98
121000067,1224,659,565
121000068,1359,872,487
121000069,2291,965,1326
121000070,3129,1837,1292
121000071,2432,1872,560
121000072,2517,1175,1342
121000073,2083,1220,863
121000074,237,187,50
121000075,201,516,-315
121000076,2343,670,1673
121000077,272,234,38
121000078,182,198,-16
121000080,3649,1130,2519
121000081,6378,4763,1615
121000082,194,335,-141
121000083,337,186,151
121000084,228,326,-98
121000085,376,733,-357
121000086,247,1137,-890
121000087,117,485,-368
121000088,723,1019,-296
121000089,767,559,208
121000090,849,580,269
121000091,2501,1287,1214
121000092,231,111,120
121000093,239,349,-110
121000094,716,1310,-594
121000095,557,920,-363
121000096,2897,3582,-685
121000097,1763,2836,-1073
121000098,932,1604,-672
121000099,944,1116,-172
121000100,1424,819,605
121000101,657,467,190
121000102,507,478,29
121000103,417,385,32
121000104,497,297,200
121000105,603,430,173
121000106,471,649,-178
121000107,3569,5040,-1471
121000109,2110,1473,637
121000110,481,1081,-600
121000114,4083,2715,1368
121000115,1329,941,388
121000116,449,1244,-795
121000117,1196,374,822
121000118,1992,335,1657
121000119,566,580,-14
121000120,435,578,-143
121000121,862,1637,-775
121000123,3309,981,2328
121000126,148,493,-345
121000127,363,152,211
121000128,1528,714,814
121000129,1230,836,394
121000130,790,1468,-678
121000131,3882,2869,1013
121000132,2469,2194,275
121000135,728,1168,-440
121000136,3252,781,2471
121000137,742,322,420
121000138,2499,1248,1251
121000139,1183,226,957
121000141,466,254,212
121000142,1302,1143,159
121000143,155,27,128
121000144,1630,2529,-899
121000145,1038,1624,-586
121000146,1894,1213,681
121000147,1489,712,777
121000148,1508,1596,-88
121000149,3358,1926,1432
121000152,776,1091,-315
121000153,2721,1145,1576
121000154,1298,1409,-111
121000155,1902,1707,195
121000156,626,1605,-979
121000157,1633,3198,-1565
121000158,596,863,-267
121000159,289,731,-442
121000160,414,798,-384
121000161,249,461,-212
121000162,147,340,-193
121000165,2275,2502,-227
121000166,26,787,-761
121000168,691,419,272
121000169,110,238,-128
121000170,482,240,242
121000171,138,259,-121
121000172,1006,704,302
121000173,1995,1498,497
121000174,444,545,-101
121000175,1272,554,718
121000176,539,320,219
121000177,1627,977,650
121000178,239,82,157
121000179,129,77,52
121000181,664,593,71
121000182,139,252,-113
121000183,99,135,-36
121000184,606,154,452
121000185,75,202,-127
121000186,289,685,-396
121000187,259,316,-57
121000188,272,346,-74
121000192,1138,631,507
121000193,1031,696,335
121000194,3681,3161,520
121000195,549,1361,-812
121000196,1257,376,881
121000197,557,985,-428
121000198,743,151,592
121000199,296,576,-280
121000200,932,123,809
121000201,11,292,-281
121000202,1618,177,1441
121000203,1380,2887,-1507
121000204,4376,982,3394
121000205,426,420,6
121000206,534,46,488
121000207,3051,762,2289
121000208,21,548,-527
121000209,473,500,-27
121000210,615,701,-86
121000211,466,213,253
121000212,471,933,-462
121000213,12123,4593,7530
121000214,1142,4039,-2897
121000215,1703,1134,569
121000216,811,1102,-291
121000217,7214,4953,2261
121000218,687,2103,-1416
121000219,3047,687,2360
121000220,390,63,327
121000221,213,398,-185
121000222,3584,2792,792
121000223,1154,439,715
121000224,525,158,367
121000225,5014,1960,3054
121000226,15155,1942,13213
121000227,11,237,-226
121000228,26,868,-842
121000229,413,586,-173
121000230,62,2083,-2021
121000231,1154,62,1092
121000232,454,436,18
121000233,835,532,303
121000234,77,50,27
121000235,101,71,30
121000236,16,80,-64
121000237,59,22,37
121000238,8,134,-126
121000239,45,1,44
121000240,25,459,-434
121000241,138,12,126
121000242,56,364,-308
121000243,392,191,201
121000244,15,89,-74
121000245,129,21,108
121000246,4,140,-136
121000247,153,9,144
121000248,1542,696,846
121000249,167,400,-233
121000250,994,227,767
121000251,47,626,-579
121000252,112,98,14
121000253,969,733,236
121000254,2135,399,1736
121000255,837,267,570
121000256,1247,364,883
121000257,183,74,109
121000258,545,66,479
121000259,216,95,121
121000260,357,220,137
121000261,419,83,336
121000262,1676,1963,-287
121000263,563,573,-10
121000271,396,2222,-1826
121000273,430,10,420
121000274,31,43,-12
121000275,0,25,-25
121000276,16,33,-17
121000278,235,66,169
121000279,117,27,90
121000280,374,83,291
121000289,450,40,410
121000290,1773,1062,711
121000294,240,257,-17
121000297,1380,2196,-816
121000299,946,409,537
121000300,970,1010,-40
121000302,160,2212,-2052
121000303,781,1103,-322
121000304,690,96,594
121000305,271,70,201
121000306,130,198,-68
121000308,253,639,-386
121000309,828,849,-21
121000310,171,540,-369
121000311,152,1292,-1140
121000312,476,366,110
121000313,563,944,-381
121000314,196,246,-50
121000315,83,170,-87
121000530,1933,1924,9
121000531,2351,2005,346
121000532,8801,8863,-62
121000533,3768,4244,-476
121000918,144,218,-74
121000919,85,61,24
121000938,279,929,-650
121000939,371,926,-555
121000956,1404,2189,-785
121000957,8,19,-11
121000958,333,59,274
121000959,955,1225,-270
121000960,2682,2853,-171
121000961,324,213,111
121000962,408,1728,-1320
121000973,1,183,-182
121000976,35,338,-303
121000979,756,239,517
121000981,389,356,33
121000982,445,240,205
121000983,538,566,-28
121000984,144,81,63
121000985,823,894,-71
121000986,524,394,130
121000987,293,1543,-1250
121000988,917,187,730
121001302,418,176,242
121001308,8,11,-3
121001309,275,179,96
121001313,585,310,275
121001314,3394,5353,-1959
121001315,5837,3928,1909
121900001,127,222,-95
121900002,210,23,187
121900003,556,24,532
121900004,168,571,-403
121900005,49,11,38
121900006,197,45,152
121900007,2887,4223,-1336
121900008,4428,1023,3405
121900009,887,24,863
121900010,319,2,317
121900011,416,659,-243
121900012,25,2,23
121900013,2601,82,2519
121900014,1833,553,1280
121900015,300,274,26
121900016,14,54,-40
121900017,770,801,-31
121900018,494,12,482
121900019,604,392,212
121900020,43,4,39
121900021,949,11,938
121900022,408,326,82
121900023,232,519,-287
121900024,476,155,321
121900025,915,473,442
121900026,577,86,491
121900027,626,209,417
121900028,492,30,462
121900029,384,236,148
121900030,903,890,13
121900031,1686,10379,-8693
121900032,168,151,17
121900033,202,245,-43
121900034,675,120,555
121900035,4092,3539,553
121900036,170,390,-220
121900037,313,987,-674
121900038,56,291,-235
121900039,503,63,440
121900040,98,111,-13
121900041,130,212,-82
121900042,516,202,314
121900043,54,12,42
121900044,314,129,185
121900046,610,494,116
121900047,292,110,182
121900048,76,213,-137
121900050,49,63,-14
121900051,279,213,66
121900052,252,76,176
121900053,767,516,251
121900054,684,1302,-618
121900055,19,27,-8
121900058,327,250,77
121900059,732,263,469
121900060,228,401,-173
121900061,605,261,344
121900062,280,207,73
121900063,1956,478,1478
121900064,469,865,-396
121900066,119,37,82
121900067,89,55,34
121900069,211,163,48
121900070,780,185,595
121900071,345,364,-19
121900072,75,210,-135
121900073,446,313,133
121900074,1263,1467,-204
121900075,1315,521,794
121900076,1165,891,274
121900077,37,57,-20
121900078,146,60,86
121900079,0,0,0
121900080,1292,607,685
121900082,127,147,-20
121900084,21,262,-241
121900085,6,14,-8
121900086,21,83,-62
121900087,261,176,85
121900088,3272,4935,-1663
121900089,277,555,-278
121900090,74,157,-83
121900091,80,240,-160
121900092,253,169,84
121900093,78,100,-22
121900094,18,9,9
121900095,293,177,116
121900096,2501,1216,1285
121900097,737,236,501
121900098,12,13,-1
121900099,340,121,219
121900100,402,616,-214
121900101,220,210,10
121900102,12,186,-174
121900103,1576,335,1241
121900104,1581,556,1025
121900105,327,312,15
121900106,8,17,-9
121900107,107,50,57
121900108,7,41,-34
121900109,452,194,258
121900110,632,1443,-811
121900111,2097,202,1895
121900112,387,210,177
121900113,108,790,-682
121900114,111,187,-76
121900117,1420,101,1319
121900118,3215,850,2365
121900119,250,138,112
121900120,77,2213,-2136
121900121,916,90,826
121900122,49,129,-80
121900123,337,724,-387
121900124,139,159,-20
121900125,2352,1984,368
121900127,12,121,-109
121900128,126,179,-53
121900129,984,215,769
121900130,174,418,-244
121900131,452,76,376
121900132,139,154,-15
121900133,142,669,-527
121900134,48,259,-211
121900135,3563,556,3007
121900136,395,566,-171
121900137,59,578,-519
121900138,227,319,-92
121900139,493,649,-156
121900140,159,353,-194
121900141,92,57,35
121900142,198,247,-49
121900143,44,267,-223
121900144,145,336,-191
121900145,354,458,-104
121900146,985,1211,-226
121900147,56,201,-145
121900148,337,467,-130
121900149,642,1034,-392
121900150,92,186,-94
121900151,163,303,-140
121900152,216,190,26
121900153,174,1055,-881
121900154,20,260,-240
121900155,6,307,-301
121900156,262,219,43
121900157,2,545,-543
121900158,144,149,-5
121900159,1,333,-332
121900160,103,407,-304
121900161,535,549,-14
121900162,176,231,-55
121900163,331,912,-581
121900164,594,322,272
121900165,290,222,68
121900166,380,248,132
121900167,193,178,15
121900168,304,266,38
121900169,4,368,-364
121900170,7,293,-286
121900171,966,941,25
121900172,703,391,312
121900173,1324,418,906
121900174,75,156,-81
121900175,382,236,146
121900176,896,1925,-1029
121900177,260,116,144
121900178,81,84,-3
121900179,561,242,319
121900180,6335,6115,220
121900182,1273,401,872
121900183,1302,1041,261
121900184,92,854,-762
121900186,21,379,-358
121900187,67,260,-193
121900188,742,777,-35
121900189,60,183,-123
121900190,748,684,64
121900191,148,444,-296
121900192,504,930,-426
121900193,129,283,-154
121900194,13,227,-214
121900195,129,201,-72
121900196,1383,2106,-723
121900197,691,2214,-1523
121900198,1521,1858,-337
121900199,8,36,-28
121900200,263,418,-155
121900201,1935,1323,612
121900202,225,938,-713
121900203,376,1680,-1304
121900204,1257,1883,-626
121900205,25,136,-111
121900206,27,24,3
121900207,215,67,148
121900208,290,470,-180
121900209,97,51,46
121900210,2508,1599,909
121900211,35,118,-83
121900212,234,186,48
121900213,212,157,55
121900214,10,961,-951
121900215,95,332,-237
121900216,120,205,-85
121900217,326,242,84
121900218,410,736,-326
121900220,227,23,204
121900221,396,1400,-1004
121900222,369,243,126
121900223,259,122,137
121900224,176,67,109
121900225,384,158,226
121900226,452,2361,-1909
121900227,272,698,-426
121900228,321,613,-292
121900230,225,490,-265
121900231,1180,2940,-1760
121900232,646,534,112
121900233,304,353,-49
121900234,624,400,224
121900235,818,315,503
121900236,491,256,235
121900237,216,389,-173
121900238,217,573,-356
121900239,282,74,208
121900240,405,219,186
121900241,59,109,-50
121900242,9,0,9
121900243,26,0,26
121900244,32,11,21
121900245,245,124,121
121900246,2907,549,2358
121900247,495,365,130
121900248,2207,1657,550
121900250,390,395,-5
121900251,426,93,333
121900252,831,242,589
121900253,163,1077,-914
121900254,645,415,230
121900255,353,144,209
121900258,4101,3269,832
121900259,629,962,-333
121900260,238,222,16
121900261,235,828,-593
121900262,615,1446,-831
121900263,356,461,-105
121900264,3030,2514,516
121900265,464,392,72
121900266,635,276,359
121900267,98,49,49
121900269,318,826,-508
121900270,45,299,-254
121900271,49,318,-269
121900273,885,2961,-2076
121900274,344,292,52
121900277,571,1445,-874
121900278,213,1105,-892
121900279,251,247,4
121900280,418,463,-45
121900281,1732,731,1001
121900284,265,18,247
121900286,608,171,437
121900287,16,61,-45
121900288,20,2,18
121900290,293,423,-130
121900291,566,912,-346
121900292,294,191,103
121900293,1258,3439,-2181
121900294,449,7,442
121900295,172,368,-196
121900296,199,225,-26
121900298,727,943,-216
121900299,0,0,0
121900300,117,0,117
121900301,199,21,178
121900302,1,83,-82
121900303,834,575,259
121900304,2,10,-8
121900305,5,10,-5
121900306,76,2,74
121900307,18,39,-21
121900308,35,362,-327
121900309,18,355,-337
121900310,27,518,-491
121900311,431,93,338
121900312,331,42,289
121900313,715,26,689
121900314,5,104,-99
121900315,8,3,5
121900316,1,17,-16
121900317,26,12,14
121900318,6,38,-32
121900319,29,323,-294
121900320,106,189,-83
121900321,15,3,12
121900322,3,42,-39
121900323,12,23,-11
121900324,32,84,-52
121900325,18,2,16
121900326,1,23,-22
121900327,13,81,-68
121900328,2,49,-47
121900329,3,301,-298
121900330,0,56,-56
121900331,78,65,13
121900332,161,60,101
121900333,31,2,29
122000001,3904,6223,-2319
122000002,7505,2542,4963
122000003,3412,3383,29
122000004,4774,2171,2603
122000005,3613,2073,1540
122000006,2884,1160,1724
122000007,1791,2448,-657
122000008,6895,7698,-803
122000009,624,517,107
122000010,2913,3933,-1020
122000011,4700,2131,2569
122000012,1624,1804,-180
122000013,2819,1511,1308
122000014,2137,2284,-147
122000015,1948,1421,527
122000016,926,1209,-283
122000017,1521,1453,68
122000018,1923,1375,548
122000019,1134,1517,-383
122000020,457,301,156
122000021,618,724,-106
122000022,2024,1837,187
122000023,1041,3360,-2319
122000024,1202,1338,-136
122000025,2896,2080,816
122000026,1825,1337,488
122000027,890,5053,-4163
122000028,1105,643,462
122000029,693,550,143
122000030,503,265,238
122000031,228,263,-35
122000032,2280,3939,-1659
122000033,1276,1409,-133
122000034,1253,977,276
122000035,476,1252,-776
122000036,884,767,117
122000037,550,402,148
122000038,374,516,-142
122000039,1081,818,263
122000040,489,716,-227
122000041,787,772,15
122000042,550,646,-96
122000043,227,184,43
122000044,168,229,-61
122000045,2243,653,1590
122000046,1078,1325,-247
122000047,469,327,142
122000048,5144,6980,-1836
122000049,8625,4088,4537
122000050,2352,975,1377
122000051,493,385,108
122000052,801,416,385
122000053,222,761,-539
122000054,3806,2873,933
122000055,3184,4005,-821
122000056,7045,5432,1613
122000057,4983,4922,61
122000058,4692,1775,2917
122000059,4610,2236,2374
122000060,1181,903,278
122000061,852,615,237
122000062,1674,531,1143
122000063,2448,945,1503
122000064,5097,3359,1738
122000065,7463,3422,4041
122000066,1750,1346,404
122000067,3169,1710,1459
122000068,2158,2102,56
122000069,951,990,-39
122000070,1237,4772,-3535
122000071,2182,2113,69
122000072,550,472,78
122000073,573,740,-167
122000074,3957,2207,1750
122000075,958,2083,-1125
122000076,2903,1583,1320
122000077,2690,931,1759
122000078,3832,3236,596
122000079,3194,1523,1671
122000080,1999,527,1472
122000081,335,505,-170
122000082,1840,1131,709
122000083,2155,4419,-2264
122000084,1991,1225,766
122000085,397,2668,-2271
122000086,3648,7469,-3821
122000087,719,288,431
122000088,618,696,-78
122000089,10446,4516,5930
122000090,476,751,-275
122000091,631,172,459
122000092,418,34,384
122000093,3283,1691,1592
122000094,11196,3227,7969
122000095,5861,4896,965
122000096,4387,2842,1545
122000098,5325,2521,2804
122000099,4927,947,3980
122000100,1601,1088,513
122000101,489,1643,-1154
122000102,2706,1610,1096
122000103,3020,2006,1014
122000104,634,309,325
122000105,922,422,500
122000106,863,824,39
122000107,1367,693,674
122000108,580,1091,-511
122000109,587,545,42
122000110,633,729,-96
122000111,3441,1907,1534
122000112,1157,2195,-1038
122000113,873,945,-72
122000114,6712,2230,4482
122000115,2594,2831,-237
122000116,835,841,-6
122000117,2121,615,1506
122000118,905,1364,-459
122000119,7038,4889,2149
122000120,5009,10448,-5439
122000121,5613,5698,-85
122000122,1381,2797,-1416
122000123,3467,3195,272
122000124,1982,1026,956
122000125,914,1087,-173
122000126,1233,2039,-806
122000127,2077,2380,-303
122000128,787,1473,-686
122000129,663,2182,-1519
122000130,6290,2529,3761
122000131,3999,3249,750
122000132,1343,1173,170
122000133,1544,2522,-978
122000134,1438,1250,188
122000135,1166,1178,-12
122000136,1481,1161,320
122000137,2614,1455,1159
122000139,2353,5713,-3360
122000140,1840,916,924
122000141,6306,1623,4683
122000142,714,1237,-523
122000143,992,1428,-436
122000144,3309,2845,464
122000145,2512,1621,891
122000146,1125,1955,-830
122000147,1468,837,631
122000148,3275,2541,734
122000149,3473,2539,934
122000150,2151,1822,329
122000151,443,598,-155
122000152,720,662,58
122000153,663,579,84
122000154,525,332,193
122000155,2750,4603,-1853
122000156,3125,3143,-18
122000157,2430,2167,263
122000158,637,1099,-462
122000159,1767,3582,-1815
122000160,11070,6018,5052
122000161,2490,2218,272
122000162,3895,3525,370
122000163,400,168,232
122000164,40,77,-37
122000165,2066,990,1076
122000166,2229,1780,449
122000167,359,351,8
122000168,297,683,-386
122000169,777,311,466
122000170,531,307,224
122000171,83,126,-43
122000172,2177,1965,212
122000173,1920,3040,-1120
122000174,4657,1162,3495
122000175,2118,539,1579
122000176,483,1030,-547
122000177,2857,1946,911
122000178,4723,4578,145
122000179,2590,3935,-1345
122000180,2708,2059,649
122000181,2726,4841,-2115
122000182,2796,2410,386
122000183,2617,1953,664
122000184,3644,3018,626
122000185,1788,1797,-9
122000186,766,1009,-243
122000187,3323,1544,1779
122000188,678,283,395
122000189,395,520,-125
122000190,1837,1628,209
122000191,1826,1082,744
122000192,1896,598,1298
122000193,722,890,-168
122000194,1095,326,769
122000195,334,521,-187
122000196,2059,822,1237
122000197,810,924,-114
122000198,830,1104,-274
122000199,643,502,141
122000200,1798,1222,576
122000201,2077,1892,185
122000202,2128,1679,449
122000203,5285,2351,2934
122000204,3089,2802,287
122000205,2577,2249,328
122000206,3255,1230,2025
122000207,2995,1903,1092
122000208,4404,2044,2360
122000209,4407,527,3880
122000210,3597,2489,1108
122000211,2489,1496,993
122000212,1374,940,434
122000213,1636,2215,-579
122000214,3228,2345,883
122000215,2726,2275,451
122000217,3122,1802,1320
122000218,1149,121,1028
122000219,1926,1421,505
122000220,579,984,-405
122000221,119,533,-414
122000222,1004,284,720
122000223,2406,735,1671
122000225,1576,475,1101
122000226,4202,2757,1445
122000227,604,4131,-3527
122000228,695,570,125
122000229,35,657,-622
122000230,118,874,-756
122000231,577,1198,-621
122000232,1076,1482,-406
122000233,1,153,-152
122000234,512,213,299
122000235,1673,310,1363
122000236,1626,262,1364
122000237,228,189,39
122000238,582,490,92
122000239,1084,216,868
122000240,1802,765,1037
122000241,2083,681,1402
122000242,1479,197,1282
122000243,371,47,324
122000244,19,326,-307
122000245,46,121,-75
122000246,273,136,137
122000247,968,557,411
122000248,1404,2780,-1376
122000249,1917,1509,408
122000250,3775,1999,1776
122000251,394,706,-312
122000252,879,220,659
122000253,58,401,-343
122000254,445,194,251
122000255,1191,2437,-1246
122000256,546,1661,-1115
122000257,297,481,-184
122000258,390,353,37
122000259,20,662,-642
122000260,4,109,-105
122000261,11,320,-309
122000262,5,80,-75
122000263,371,153,218
122000264,1670,655,1015
122000265,4291,1222,3069
122000266,8137,905,7232
122000267,259,176,83
122000268,284,508,-224
122000269,1694,495,1199
122000270,1924,226,1698
122000271,589,1528,-939
122000272,570,1401,-831
122000273,699,602,97
122000274,408,271,137
122000275,289,309,-20
122000276,1254,822,432
122000277,2144,2013,131
122000278,2865,1248,1617
122000279,367,758,-391
122000280,1544,1185,359
122000281,1341,1200,141
122000282,350,251,99
122000283,1136,117,1019
122000284,326,155,171
122000285,855,141,714
122000286,339,271,68
122000287,2769,1963,806
122000288,1403,388,1015
122000291,2302,1146,1156
122000293,489,486,3
122000294,228,325,-97
122000295,1967,273,1694
122000296,54,979,-925
122000297,4197,3834,363
122000299,608,648,-40
122000300,766,952,-186
122000301,16025,5303,10722
122000302,1460,2043,-583
122000303,5543,2059,3484
122000304,140,366,-226
122000305,1431,451,980
122000306,29,1181,-1152
122000307,275,177,98
122000309,226,65,161
122000310,67,117,-50
122000311,481,226,255
122000312,205,126,79
122000313,192,86,106
122000314,166,326,-160
122000315,342,63,279
122000316,854,255,599
122000317,1612,307,1305
122000318,399,1064,-665
122000319,319,625,-306
122000320,492,2477,-1985
122000321,182,306,-124
122000322,3451,3615,-164
122000323,2120,3054,-934
122000324,1937,1587,350
122000325,1469,2175,-706
122000326,91,154,-63
122000327,1103,1635,-532
122000328,1984,1204,780
122000330,3410,1176,2234
122000332,560,546,14
122000333,19,164,-145
122000337,1398,2340,-942
122000338,703,658,45
122000340,581,463,118
122000342,3086,1582,1504
122000343,655,1574,-919
122000344,96,30,66
122000345,207,66,141
122000346,515,807,-292
122000348,796,1030,-234
122000349,277,1196,-919
122000351,186,287,-101
122000352,626,244,382
122000353,139,139,0
122000355,220,252,-32
122000356,2962,1406,1556
122000357,197,44,153
122000358,1,72,-71
122000359,0,53,-53
122000360,1,58,-57
122000362,12,139,-127
122000364,282,549,-267
122000365,9,74,-65
122000366,22,24,-2
122000368,679,966,-287
122000370,32,85,-53
122000371,28,0,28
122000372,30,4,26
122000381,124,458,-334
122000382,138,373,-235
122000384,5539,2380,3159
122000385,117,0,117
122000386,1062,1941,-879
122000387,1256,690,566
122000388,2813,1004,1809
122000389,248,870,-622
122000390,943,327,616
122000391,636,187,449
122000392,258,320,-62
122000393,254,224,30
122000394,949,556,393
122000395,216,245,-29
122000396,504,169,335
122000397,133,85,48
122000398,55,74,-19
122000399,255,107,148
122000400,297,659,-362
122000401,152,113,39
122000402,485,176,309
122000403,586,1301,-715
122000404,213,425,-212
122000408,1349,1918,-569
122000503,17,186,-169
122000524,275,188,87
122000544,149,5391,-5242
122000616,500,2,498
122000640,83,230,-147
122000641,144,436,-292
122000642,2560,1505,1055
122000643,97,164,-67
122000644,256,36,220
122000645,181,478,-297
122000651,3369,1079,2290
122000664,186,60,126
122000665,1763,710,1053
122000666,891,1608,-717
122000673,39,432,-393
122000674,158,73,85
122000675,2275,1675,600
122000686,532,1681,-1149
122000687,2547,499,2048
122000688,381,995,-614
122000689,1219,965,254
122000690,1957,886,1071
122000691,605,2891,-2286
122000692,2297,667,1630
122000693,963,2721,-1758
122000695,429,734,-305
122000696,539,470,69
122000698,466,1185,-719
122000699,297,199,98
122000701,1767,553,1214
122000702,637,1927,-1290
122000703,200,114,86
122000717,252,110,142
122000718,580,1007,-427
122000719,211,102,109
122000720,528,462,66
122000724,192,39,153
122900001,58,23,35
122900002,1961,6618,-4657
122900003,643,76,567
122900004,1481,83,1398
122900005,167,76,91
122900006,2750,584,2166
122900007,212,77,135
122900008,1390,105,1285
122900009,1437,821,616
122900010,361,268,93
122900012,343,528,-185
122900014,223,475,-252
122900015,3408,1404,2004
122900016,237,449,-212
122900017,636,1335,-699
122900018,349,30,319
122900019,19,228,-209
122900020,879,537,342
122900021,60,1196,-1136
122900022,1130,1071,59
122900023,757,384,373
122900024,229,167,62
122900025,41,339,-298
122900026,150,488,-338
122900027,82,959,-877
122900028,188,294,-106
122900029,6091,4289,1802
122900030,1608,694,914
122900031,194,339,-145
122900032,153,460,-307
122900033,439,229,210
122900034,5954,7818,-1864
122900035,51,25,26
122900036,66,283,-217
122900037,798,184,614
122900038,233,5417,-5184
122900039,201,861,-660
122900040,576,508,68
122900041,492,349,143
122900042,261,404,-143
122900043,907,238,669
122900044,182,539,-357
122900045,158,173,-15
122900046,543,212,331
122900047,414,276,138
122900048,90,504,-414
122900049,2202,234,1968
122900051,156,170,-14
122900052,107,183,-76
122900053,62,45,17
122900055,808,190,618
122900057,547,114,433
122900061,652,391,261
122900062,696,1150,-454
122900063,243,519,-276
122900064,2156,685,1471
122900065,894,306,588
122900066,907,518,389
122900067,1942,1117,825
122900068,281,495,-214
122900069,554,3840,-3286
122900070,590,73,517
122900071,171,565,-394
122900072,27,775,-748
122900073,68,385,-317
122900074,1152,1059,93
122900075,6,103,-97
122900076,11,224,-213
122900077,0,225,-225
122900078,200,184,16
122900080,107,54,53
122900081,320,197,123
122900082,1011,387,624
122900083,284,310,-26
122900084,11,375,-364
122900086,21,133,-112
122900087,548,687,-139
122900088,90,186,-96
122900089,259,250,9
122900090,34,749,-715
122900091,337,1,336
122900092,0,289,-289
122900093,2,430,-428
122900094,13,385,-372
122900095,353,11,342
122900096,524,391,133
122900097,52,56,-4
122900098,180,173,7
122900099,66,14,52
122900100,1750,459,1291
122900101,1272,612,660
122900102,35,33,2
122900103,141,13,128
122900104,175,13,162
122900105,15,4,11
122900106,9,161,-152
122900107,6,379,-373
122900108,12,326,-314
123000001,2545,646,1899
123000002,6727,5677,1050
123000003,5407,5097,310
123000004,3829,5827,-1998
123000005,3948,3809,139
123000006,3539,3938,-399
123000007,5407,3529,1878
123000008,3616,4885,-1269
123000009,6039,4264,1775
123000010,4415,4540,-125
123000011,4779,1105,3674
123000012,1204,3000,-1796
123000013,4697,1164,3533
123000014,1489,4761,-3272
123000015,6246,1196,5050
123000016,7390,5788,1602
123000017,4224,2301,1923
123000018,131,184,-53
123000019,407,447,-40
123000020,275,189,86
123000021,144,519,-375
123000022,561,3663,-3102
123000023,1953,1981,-28
123000024,2018,812,1206
123000025,479,338,141
123000026,12,67,-55
123000027,1016,544,472
123000028,3436,358,3078
123000029,2797,772,2025
123000030,566,618,-52
123000031,251,489,-238
123000032,458,409,49
123000033,398,68,330
123000034,1645,1531,114
123000035,579,724,-145
123000036,394,1887,-1493
123000037,410,477,-67
123000038,140,286,-146
123000039,584,1661,-1077
123000040,1310,522,788
123000041,1988,1458,530
123000042,1455,797,658
123000043,5156,11186,-6030
123000044,7255,3647,3608
123000045,14423,4245,10178
123000046,1309,1928,-619
123000047,3449,2004,1445
123000048,123,867,-744
123000049,10750,12017,-1267
123000050,1883,2094,-211
123000051,155,317,-162
123000052,1160,4622,-3462
123000053,4450,5192,-742
123000054,2085,3140,-1055
123000055,1830,4875,-3045
123000056,1854,2647,-793
123000057,22328,9940,12388
123000058,1043,1260,-217
123000059,679,869,-190
123000060,1286,541,745
123000061,504,1172,-668
123000063,1504,1369,135
123000064,1680,425,1255
123000065,9181,6011,3170
123000066,1319,1183,136
123000067,1467,1143,324
123000068,4619,4923,-304
123000069,9925,5595,4330
123000070,464,1281,-817
123000071,1308,1541,-233
123000072,1450,1756,-306
123000073,1540,1158,382
123000074,1446,2335,-889
123000075,559,1729,-1170
123000076,947,1170,-223
123000077,2807,4384,-1577
123000078,2207,2278,-71
123000079,2072,2649,-577
123000080,3216,3023,193
123000081,224,751,-527
123000082,669,1576,-907
123000083,1486,453,1033
123000084,769,1059,-290
123000085,456,173,283
123000086,690,437,253
123000087,453,613,-160
123000088,1849,1411,438
123000089,687,1576,-889
123000090,1513,1410,103
123000091,2090,2424,-334
123000092,1347,1754,-407
123000094,726,381,345
123000095,762,888,-126
123000096,916,582,334
123000097,796,1210,-414
123000098,1038,905,133
123000099,833,1047,-214
123000100,805,949,-144
123000101,935,952,-17
123000102,790,1002,-212
123000104,635,584,51
123000105,758,642,116
123000106,698,656,42
123000107,530,767,-237
123000108,997,1875,-878
123000111,1340,513,827
123000112,1585,955,630
123000113,788,2369,-1581
123000114,587,849,-262
123000115,449,361,88
123000116,60,258,-198
123000117,2296,3099,-803
123000118,658,1501,-843
123000119,453,1357,-904
123000120,660,1252,-592
123000121,552,706,-154
123000122,521,299,222
123000123,629,838,-209
123000124,771,597,174
123000125,1910,1743,167
123000126,2379,4958,-2579
123000127,1364,998,366
123000128,480,554,-74
123000129,798,328,470
123000130,746,131,615
123000131,1160,953,207
123000132,624,965,-341
123000133,460,611,-151
123000134,705,288,417
123000135,3056,1944,1112
123000136,395,1371,-976
123000137,172,540,-368
123000138,108,605,-497
123000139,653,249,404
123000140,173,1210,-1037
123000141,1221,258,963
123000142,1087,1397,-310
123000143,2002,2999,-997
123000144,86,75,11
123000145,276,242,34
123000146,66,125,-59
123000147,225,204,21
123000149,472,623,-151
123000150,280,305,-25
123000151,340,557,-217
123000152,167,535,-368
123000153,246,1009,-763
123000154,2315,3388,-1073
123000155,3202,1878,1324
123000156,50,276,-226
123000157,917,1360,-443
123000158,896,1188,-292
123000159,5069,3226,1843
123000160,1422,978,444
123000161,2274,1806,468
123000162,1278,2268,-990
123000163,786,200,586
123000164,2127,496,1631
123000165,580,2494,-1914
123000166,56,259,-203
123000167,192,470,-278
123000168,400,418,-18
123000169,971,189,782
123000170,91,382,-291
123000171,939,36,903
123000172,309,888,-579
123000173,780,390,390
123000174,1524,589,935
123000175,1069,1938,-869
123000176,1811,337,1474
123000177,568,1451,-883
123000178,1230,216,1014
123000179,66,977,-911
123000180,2278,558,1720
123000181,554,2136,-1582
123000182,362,673,-311
123000183,310,782,-472
123000184,197,1148,-951
123000185,902,612,290
123000186,8,910,-902
123000187,734,37,697
123000188,373,5,368
123000189,239,217,22
123000190,74,76,-2
123000192,42,548,-506
123000193,126,1162,-1036
123000194,655,495,160
123000195,387,52,335
123000196,445,50,395
123000197,66,180,-114
123000198,108,453,-345
123000199,23,902,-879
123000200,780,17,763
123000201,1195,47,1148
123000202,27,1853,-1826
123000203,1128,132,996
123000204,122,1638,-1516
123000205,823,2718,-1895
123000206,2417,425,1992
123000207,152,1287,-1135
123000208,854,271,583
123000209,2910,848,2062
123000210,789,2642,-1853
123000211,910,3793,-2883
123000212,4153,729,3424
123000213,804,106,698
123000215,249,192,57
123000216,382,941,-559
123000217,272,60,212
123000218,178,844,-666
123000219,1456,309,1147
123000220,764,143,621
123000221,321,272,49
123000222,741,892,-151
123000223,415,670,-255
123000224,637,762,-125
123000225,527,143,384
123000226,114,603,-489
123000227,184,520,-336
123000228,355,123,232
123000229,1514,2295,-781
123000232,159,928,-769
123000233,1063,279,784
123000234,264,986,-722
123000235,1360,535,825
123000236,407,1220,-813
123000237,496,157,339
123000238,155,817,-662
123000239,682,2440,-1758
123000240,122,775,-653
123000241,1072,194,878
123000242,245,352,-107
123000243,990,1194,-204
123000244,1286,921,365
123000245,117,247,-130
123000249,562,1017,-455
123000252,1340,380,960
123000253,1505,690,815
123000254,852,1484,-632
123000255,1430,1260,170
123000256,46,381,-335
123000257,4898,3260,1638
123000258,1410,1555,-145
123000259,484,683,-199
123000260,567,858,-291
123000261,264,418,-154
123000262,126,312,-186
123000263,522,165,357
123000264,262,111,151
123000265,65,239,-174
123000266,773,1090,-317
123000267,823,493,330
123000268,56,105,-49
123000269,65,94,-29
123000270,48,71,-23
123000271,119,100,19
123000272,946,374,572
123000273,356,884,-528
123000274,1775,722,1053
123000275,474,1331,-857
123000278,4374,3794,580
123000279,158,145,13
123000280,490,464,26
123000281,447,153,294
123000282,174,383,-209
123000283,153,127,26
123000284,92,200,-108
123000286,397,401,-4
123000287,803,421,382
123000288,1754,1191,563
123000289,721,1663,-942
123000291,465,1041,-576
123000294,174,268,-94
123000295,1109,1259,-150
123000296,747,522,225
123000297,755,1095,-340
123000298,905,804,101
123000299,73,280,-207
123000300,1201,1152,49
123000301,225,342,-117
123000302,102,306,-204
123000303,311,124,187
123000305,1250,1269,-19
123000306,220,322,-102
123000309,83,97,-14
123000310,120,62,58
123000311,0,177,-177
123000312,891,1330,-439
123000313,621,529,92
123000315,131,548,-417
123000316,2050,230,1820
123000317,350,93,257
123000318,66,316,-250
123000329,27,14,13
123000337,945,323,622
123000338,1872,67,1805
123000339,289,228,61
123000340,368,606,-238
123000342,8,17,-9
123000343,78,5,73
123000344,1840,744,1096
123000345,481,1026,-545
123000346,406,81,325
123000352,2388,1131,1257
123000353,20,111,-91
123000354,820,10,810
123000355,2,808,-806
123000356,499,15,484
123000357,2,359,-357
123000359,10,280,-270
123000360,369,214,155
123000361,672,464,208
123000362,597,187,410
123000363,197,371,-174
123000364,808,679,129
123000365,60,516,-456
123000366,851,2918,-2067
123000367,433,1781,-1348
123000370,69,404,-335
123000371,869,60,809
123000372,640,52,588
123000373,16,715,-699
123000374,23,322,-299
123000375,465,66,399
123000376,1200,758,442
123000377,605,32,573
123000378,40,484,-444
123000379,2,329,-327
123000380,82,496,-414
123000381,283,63,220
123000382,1848,291,1557
123000383,359,1741,-1382
123000384,617,125,492
123000385,563,880,-317
123000436,53,1551,-1498
123000507,212,427,-215
123000508,281,1149,-868
123000517,493,43,450
123000518,34,431,-397
123000519,196,106,90
123000520,83,346,-263
123000521,518,179,339
123000522,236,588,-352
123000541,10,3,7
123000542,0,35,-35
123000565,0,2,-2
123000566,1181,1069,112
123000567,113,344,-231
123000573,54,1090,-1036
123000574,771,160,611
123000575,1850,1812,38
123000576,1244,2300,-1056
123000577,158,1036,-878
123000578,919,151,768
123000579,5004,6858,-1854
123000580,62,54,8
123000582,607,59,548
123000583,52,618,-566
123000584,246,384,-138
123000585,1,208,-207
123000586,166,0,166
123000596,150,206,-56
123000597,99,202,-103
123000602,44,6,38
123000603,812,1092,-280
123000604,719,1280,-561
123000605,1311,174,1137
123000606,2,503,-501
123000609,30,531,-501
123000610,331,250,81
123000613,53,302,-249
123000614,326,101,225
123000615,40,214,-174
123000616,927,101,826
123000617,180,699,-519
123000618,155,907,-752
123000619,856,107,749
123000620,43,751,-708
123000622,644,43,601
123000624,149,79,70
123000630,1038,643,395
123000631,433,2114,-1681
123000632,1193,1331,-138
123000633,1,255,-254
123000634,128,195,-67
123000635,258,158,100
123000636,123,894,-771
123000637,221,159,62
123000638,826,94,732
123000639,1671,5341,-3670
123000640,17,1217,-1200
123900001,1795,83,1712
123900002,58,2393,-2335
123900003,612,754,-142
123900005,371,205,166
123900006,400,54,346
124000001,2769,228,2541
124000002,208,2281,-2073
124000003,958,228,730
124000004,100,837,-737
124000005,1380,704,676
124000006,315,1712,-1397
124000007,1001,270,731
124000008,36,1294,-1258
124000009,723,490,233
124000010,206,980,-774
124000011,2192,559,1633
124000012,789,918,-129
124000017,242,209,33
124000018,111,115,-4
124000019,192,185,7
124000020,63,213,-150
124000021,199,102,97
124000022,113,329,-216
124000023,2310,1885,425
124000024,1473,798,675
124000025,1929,2296,-367
124000026,1486,1373,113
124000027,6377,6525,-148
124000028,3343,5678,-2335
124000030,4160,1851,2309
124000031,1711,4883,-3172
124000032,4645,1313,3332
124000033,33,1160,-1127
124000034,2263,808,1455
124000035,81,291,-210
124000036,127,215,-88
124000037,1510,1467,43
124000038,102,81,21
124000039,1701,698,1003
124000040,837,1440,-603
124000041,647,203,444
124000042,131,610,-479
124000043,251,178,73
124000044,72,343,-271
124000045,989,881,108
124000046,415,1070,-655
124000047,2041,1418,623
124000048,1305,2255,-950
124000049,2315,1022,1293
124000050,1200,2891,-1691
124000051,1270,814,456
124000052,815,1751,-936
124000053,697,2090,-1393
124000054,1260,910,350
124000055,1727,3491,-1764
124000056,4112,2123,1989
124000057,1254,844,410
124000058,717,1901,-1184
124000059,1058,1478,-420
124000060,1842,1196,646
124000061,2052,6055,-4003
124000062,6270,2699,3571
124000063,1855,2510,-655
124000064,3809,2130,1679
124000065,50,606,-556
124000066,604,665,-61
124000067,211,377,-166
124000068,14,36,-22
124000069,208,28,180
124000070,115,179,-64
124000071,403,136,267
124000072,255,686,-431
124000073,1337,216,1121
124000074,307,1211,-904
124000075,402,56,346
124000076,21,293,-272
124000077,2693,992,1701
124000078,4685,1581,3104
124000079,638,1775,-1137
124000080,559,257,302
124000081,213,807,-594
124000082,107,167,-60
124000083,132,164,-32
124000084,80,594,-514
124000085,225,106,119
124000086,89,128,-39
124000087,272,105,167
124000088,378,482,-104
124000089,1242,498,744
124000090,129,592,-463
124000091,625,203,422
124000092,181,1018,-837
124000093,99,119,-20
124000094,210,704,-494
124000095,65,125,-60
124000096,218,540,-322
124000097,179,228,-49
124000098,83,150,-67
124000099,363,215,148
124000100,86,180,-94
124000101,126,138,-12
124000102,151,109,42
124000103,142,144,-2
124000104,191,92,99
124000105,111,128,-17
124000106,202,103,99
124000107,30,283,-253
124000108,106,56,50
124000109,167,250,-83
124000110,297,186,111
124000111,262,297,-35
124000112,750,1009,-259
124000113,111,176,-65
124000114,415,722,-307
124000115,720,983,-263
124000116,186,311,-125
124000117,85,132,-47
124000118,53,147,-94
124000119,1939,896,1043
124000120,1111,705,406
124000121,2036,947,1089
124000122,869,1870,-1001
124000123,1343,908,435
124000124,675,1668,-993
124000125,653,862,-209
124000126,490,967,-477
124000127,1234,652,582
124000128,1037,1623,-586
124000129,2718,2063,655
124000130,1122,959,163
124000131,1554,739,815
124000132,1438,1064,374
124000133,1059,1285,-226
124000134,1298,1042,256
124000135,2202,2442,-240
124000136,1447,1599,-152
124000137,2271,978,1293
124000138,2498,1904,594
124000139,1394,64,1330
124000140,73,680,-607
124000141,782,32,750
124000142,15,254,-239
124000143,86,47,39
124000144,16,82,-66
124000145,225,67,158
124000146,65,153,-88
124000148,37,203,-166
124000149,1680,639,1041
124000150,441,912,-471
124000151,1127,538,589
124000152,1032,1815,-783
124000153,870,938,-68
124000154,446,1179,-733
124000155,1877,1449,428
124000156,2325,1467,858
124000169,285,781,-496
124000170,1012,655,357
124000171,578,475,103
124000172,748,880,-132
124000173,762,309,453
124000174,640,1018,-378
124000175,29,187,-158
124000176,96,27,69
124000177,13,58,-45
124000178,108,90,18
124000190,207,78,129
124000191,440,157,283
124000192,5372,538,4834
124000193,1446,1483,-37
124000194,571,687,-116
124000195,330,789,-459
124000196,1603,1506,97
124000197,112,98,14
124000198,59,54,5
124000201,636,1319,-683
124000202,926,461,465
124000203,489,1075,-586
124000204,989,606,383
124000205,115,757,-642
124000206,826,561,265
124000207,1,66,-65
124000209,452,873,-421
124000210,572,306,266
124000211,793,2,791
124000212,1,659,-658
124000213,529,459,70
124000214,396,908,-512
124000215,1155,31,1124
124000216,4,576,-572
124000329,199,2963,-2764
124000338,168,1290,-1122
124000339,1142,248,894
124000341,1530,204,1326
124000344,47,1,46
124000357,1360,3309,-1949
124000358,1002,1968,-966
124000359,1189,857,332
124000360,784,638,146
124000361,2709,909,1800
124000362,1990,2536,-546
124000363,323,514,-191
124000364,711,1042,-331
124000365,853,1357,-504
124000366,2255,1154,1101
124000367,256,760,-504
124000368,626,496,130
124000369,264,220,44
124000370,96,869,-773
124000402,75,20,55
124000403,159,27,132
124000404,19,206,-187
124000405,1623,1333,290
124000406,1287,1450,-163
124000407,2,45,-43
124000411,15,678,-663
124000412,660,21,639
124000413,1331,61,1270
124000414,107,223,-116
124000415,74,241,-167
124000416,255,423,-168
124000417,252,218,34
124000418,185,223,-38
124000419,112,241,-129
124000420,113,166,-53
124000421,69,273,-204
124000422,42,34,8
124000423,246,51,195
124000424,3,137,-134
124000425,74,148,-74
124000426,6,63,-57
124000427,64,45,19
124000428,74,75,-1
124000429,75,120,-45
124000430,852,877,-25
124000431,398,818,-420
124000432,400,1032,-632
124000439,11,15,-4
124000443,1,10,-9
124000445,420,1401,-981
124000446,2179,152,2027
124900001,489,496,-7
124900002,243,593,-350
124900003,1138,752,386
124900004,657,471,186
124900005,447,347,100
124900006,679,516,163
124900008,1704,834,870
124900009,190,421,-231
124900010,218,119,99
124900011,758,344,414
124900012,592,196,396
124900013,764,211,553
124900014,405,133,272
124900015,266,535,-269
124900016,71,189,-118
124900017,855,1955,-1100
124900018,57,18,39
124900020,153,105,48
124900021,339,74,265
124900022,321,24,297
124900024,382,100,282
124900026,436,105,331
124900027,184,435,-251
124900028,793,180,613
124900029,25,746,-721
124900030,9,221,-212
124900031,53,505,-452
124900032,285,315,-30
124900033,152,570,-418
124900034,4,153,-149
124900035,322,673,-351
124900036,13,96,-83
124900037,274,504,-230
124900038,417,461,-44
124900039,1,39,-38
124900040,270,123,147
124900041,381,1342,-961
124900042,302,9,293
124900043,510,1376,-866
124900044,138,6,132
124900045,1119,1378,-259
124900046,1600,324,1276
124900047,216,324,-108
124900048,236,209,27
124900050,259,354,-95
124900052,129,575,-446
124900053,139,542,-403
124900054,2757,667,2090
124900055,0,221,-221
124900057,16,84,-68
124900060,115,288,-173
124900061,133,14,119
124900062,156,26,130
124900066,0,15,-15
124900067,7,194,-187
124900068,260,755,-495
124900070,60,33,27
124900072,152,71,81
124900074,712,357,355
124900075,302,334,-32
124900076,40,1284,-1244
124900077,44,160,-116
124900078,109,60,49
124900079,982,389,593
124900080,401,861,-460
124900081,1081,324,757
124900082,433,1063,-630
124900083,289,701,-412
124900084,2784,198,2586
124900085,1372,488,884
124900086,168,1432,-1264
124900087,872,139,733
124900088,905,179,726
124900089,1757,75,1682
124900090,396,407,-11
124900091,483,600,-117
124900092,421,517,-96
124900093,416,330,86
124900094,465,394,71
124900095,168,678,-510
124900096,796,446,350
124900097,412,137,275
124900098,167,662,-495
124900099,953,796,157
124900100,411,174,237
124900101,108,323,-215
124900102,355,101,254
124900103,268,313,-45
124900104,100,264,-164
124900105,190,191,-1
124900106,558,115,443
124900107,143,47,96
124900108,241,132,109
124900109,86,172,-86
124900110,566,468,98
124900111,8,123,-115
124900112,93,846,-753
124900113,139,367,-228
124900114,367,166,201
124900115,127,44,83
124900116,246,278,-32
124900117,754,206,548
124900118,356,373,-17
124900119,440,214,226
124900120,55,503,-448
124900121,191,536,-345
124900122,633,313,320
124900123,455,177,278
124900124,174,356,-182
129000186,517,49,468
204000001,106,1,105
204000002,29,11,18
204000003,78,13,65
204000004,47,5,42
204000005,806,676,130
204000006,1467,2057,-590
204000011,16,68,-52
204000012,83,115,-32
204000013,1,37,-36
204000019,611,723,-112
204000020,693,638,55
204000021,1757,968,789
204000022,503,667,-164
204000023,699,1226,-527
204000031,80,35,45
204000032,881,67,814
204000034,31,305,-274
204000035,0,9,-9
204000036,9,47,-38
204000037,2,27,-25
204000038,0,15,-15
204000039,17,46,-29
204000040,9,27,-18
204000041,38,50,-12
204000042,137,21,116
204000043,53,4,49
204000044,92,1,91
204000045,121,4,117
204000046,40,2,38
204000057,4,52,-48
204000062,23,26,-3
204000068,66,353,-287
204000069,86,392,-306
204000070,112,267,-155
204000080,75,83,-8
204000085,2616,2266,350
204000086,3463,2826,637
204000087,65,22,43
204000088,5,139,-134
204000090,42,431,-389
204000093,388,127,261
204000096,1015,1350,-335
204000097,528,31,497
204000099,1333,1947,-614
204000100,1524,2336,-812
204000105,2768,2150,618
204000110,1011,1550,-539
204000111,650,822,-172
204000112,927,800,127
204000113,631,842,-211
204000114,1019,696,323
204000115,670,335,335
204000116,962,527,435
204000119,2354,3561,-1207
204000132,775,500,275
204000133,812,544,268
204000134,318,263,55
204000135,662,211,451
204000136,732,353,379
204000138,464,564,-100
204000140,223,240,-17
204000141,187,102,85
204000144,13,36,-23
204000145,731,62,669
204000146,45,506,-461
204000147,22,179,-157
204000148,843,24,819
204000154,6,1,5
204000155,1,13,-12
204000177,81,114,-33
204000179,22,6,16
204000180,0,47,-47
204000222,110,22,88
204000235,26,25,1
204000236,114,404,-290
204000238,34,35,-1
204000240,451,128,323
204000263,679,1467,-788
204000268,1721,1041,680
204000308,258,30,228
204000317,17,110,-93
204000322,5,50,-45
204000323,37,17,20
204000328,357,67,290
204000329,56,290,-234
204000330,299,36,263
204000331,99,144,-45
204010341,12,263,-251
205000001,1614,2469,-855
205000013,9,90,-81
205000014,25,143,-118
205000015,25,312,-287
205000016,32,201,-169
205000017,53,136,-83
205000022,420,1040,-620
205000025,1618,1497,121
205000029,254,10,244
205000045,133,368,-235
205000046,138,631,-493
205000047,59,683,-624
205000048,400,1640,-1240
205000049,211,1116,-905
205000050,1198,417,781
205000059,1,306,-305
205000060,1,114,-113
205000061,6,72,-66
205000062,6,36,-30
205000063,16,132,-116
205000064,12,145,-133
205000065,67,700,-633
205000066,127,887,-760
205000067,75,1120,-1045
205000069,187,25,162
205000082,256,383,-127
205000110,105,329,-224
205000111,242,313,-71
205000112,263,328,-65
205000113,235,462,-227
205000121,301,142,159
205000123,83,328,-245
205000126,592,227,365
205000127,800,439,361
205000128,858,215,643
205000129,910,273,637
205000130,1055,118,937
205000131,1135,29,1106
205000132,858,3,855
205000133,1087,2,1085
205000134,521,1,520
205000137,121,198,-77
205000138,270,433,-163
205000139,58,144,-86
205000144,240,109,131
205000145,733,282,451
205000151,304,76,228
205000152,314,59,255
205000153,294,111,183
205000154,125,125,0
205000155,169,23,146
205000207,13,233,-220
205000233,26,2,24
205000234,0,0,0
205000243,0,0,0
205000244,1,11,-10
205000245,19,284,-265
205000249,0,38,-38
205000250,13,1,12
205000264,13,97,-84
206000027,12,6,6
206000028,11,3,8
206000043,33,125,-92
206000053,11,11,0
206000054,2,40,-38
206000055,3,39,-36
206000075,10,14,-4
206000076,17,14,3
206000077,41,10,31
206000078,23,7,16
206000079,26,8,18
206000082,811,32,779
206000100,75,922,-847
206000103,10,33,-23
206000104,30,39,-9
206000105,13,23,-10
206000106,9,54,-45
206000108,715,66,649
206000125,70,1,69
206000157,79,904,-825
206000170,1,223,-222
206000171,5,226,-221
206000172,11,848,-837
206000173,1,332,-331
206000174,12,115,-103
206000175,7,199,-192
206000176,33,274,-241
206000177,1,224,-223
206000178,6,177,-171
206000179,6,135,-129
206000180,26,240,-214
206000181,34,269,-235
206000182,17,277,-260
206000183,32,984,-952
206000184,3,496,-493
206000185,8,290,-282
206000186,182,1353,-1171
206000223,4,273,-269
206000226,34,3,31
206000227,31,2,29
206000237,34,397,-363
206000238,51,645,-594
206000239,412,2508,-2096
206000240,4,66,-62
206000241,0,142,-142
206000242,3,317,-314
206000243,3,275,-272
206000244,92,812,-720
206000245,897,88,809
206000246,166,20,146
206000247,221,14,207
206000248,385,21,364
206000252,131,48,83
206000258,40,59,-19
206000315,39,6,33
206000317,809,115,694
206000318,421,84,337
206000319,1578,165,1413
206000320,201,58,143
206000321,211,22,189
206000322,659,19,640
206000323,178,5,173
206000324,241,12,229
206000325,249,13,236
206000326,216,24,192
206000327,600,8,592
206000328,210,6,204
206000329,384,11,373
206000330,65,9,56
206000331,195,4,191
206000332,47,5,42
206000333,546,4,542
206000334,280,3,277
206000335,0,37,-37
206000361,4,279,-275
206000392,2,44,-42
206000405,175,2,173
206000441,58,23,35
206000498,43,1,42
206000515,120,46,74
206000530,249,78,171
206000531,237,266,-29
206000532,2701,384,2317
206000535,435,2294,-1859
206000536,15,230,-215
206000537,13,230,-217
206000613,1936,316,1620
207000001,224,588,-364
207000002,165,320,-155
207000003,152,234,-82
207000007,888,401,487
207000008,91,21,70
207000009,44,47,-3
207000010,668,562,106
207000012,371,587,-216
207000015,425,1566,-1141
207000019,348,143,205
207000021,866,197,669
207000022,177,123,54
207000023,283,46,237
207000024,19,10,9
207000025,30,69,-39
207000026,159,63,96
207000027,58,88,-30
207000028,109,316,-207
207000029,298,561,-263
207000033,287,478,-191
207000034,408,106,302
207000039,432,226,206
207000040,324,148,176
207000041,579,76,503
207000042,420,114,306
207000043,308,321,-13
207000051,247,351,-104
207000052,336,277,59
207000053,571,857,-286
207000054,58,195,-137
207000055,236,169,67
207000056,458,429,29
207000057,229,308,-79
207000058,493,416,77
207000059,105,745,-640
207000060,120,265,-145
207000061,344,558,-214
207000062,315,56,259
207000063,311,143,168
207000064,500,193,307
207000065,533,284,249
207000066,231,220,11
207000067,66,131,-65
207000068,134,90,44
207000069,761,518,243
207000082,7,227,-220
207000083,110,385,-275
207000084,256,410,-154
207000085,206,23,183
207000086,203,11,192
207000106,50,61,-11
207000107,134,44,90
207000108,67,21,46
207000109,82,32,50
207000110,110,102,8
207000111,88,126,-38
207000112,392,761,-369
207000114,38,80,-42
207000115,41,164,-123
207000116,43,564,-521
207000117,10,166,-156
207000118,4,143,-139
207000119,83,137,-54
207000123,323,78,245
207000124,70,50,20
207000125,84,114,-30
207000126,124,111,13
207000134,73,157,-84
207000135,43,315,-272
207000148,65,458,-393
207000149,98,78,20
207000152,240,483,-243
207000153,1289,1744,-455
207000154,534,223,311
207000159,146,274,-128
207000160,245,659,-414
207000238,1,253,-252
207000242,9,244,-235
207000248,85,71,14
207000249,268,65,203
207000250,1362,109,1253
207000251,168,117,51
207000252,106,142,-36
207000278,109,164,-55
207000279,18,229,-211
207000280,568,79,489
207000281,158,1174,-1016
207000282,322,112,210
207000283,126,270,-144
207000284,113,206,-93
207000285,142,42,100
207000291,23,215,-192
207000304,168,84,84
207000306,90,489,-399
207000310,148,144,4
207000353,278,4,274
207000356,16,72,-56
207000357,123,7,116
207000358,211,45,166
207000415,5,281,-276
207000417,52,1,51
207000418,123,180,-57
207000438,0,1,-1
207000439,1205,900,305
207000446,138,0,138
207000460,23,8,15
207000466,273,243,30
207000467,233,137,96
207000468,75,507,-432
207000476,6,132,-126
207000477,760,175,585
207000478,33,49,-16
207000523,0,19,-19
207000524,55,0,55
207000527,124,236,-112
207000530,423,6,417
207000531,481,14,467
207000532,158,33,125
207000534,779,104,675
207000535,63,581,-518
207000537,37,189,-152
207000540,15,315,-300
207000541,2,465,-463
207000548,46,394,-348
207000549,919,28,891
207000561,158,268,-110
207000562,63,339,-276
207000567,246,314,-68
207000568,216,141,75
207000569,441,1221,-780
207000584,465,452,13
207000585,145,662,-517
207000616,1,199,-198
207000617,346,0,346
207900008,311,163,148
208000001,846,1030,-184
208000002,899,505,394
208000003,1454,549,905
208000004,1591,934,657
208000005,46,22,24
208000019,848,1637,-789
208000020,274,711,-437
208000021,274,608,-334
208000022,1381,853,528
208000028,2387,1661,726
208000033,646,823,-177
208000034,1542,2115,-573
208000040,271,256,15
208000041,1257,832,425
208000042,1899,949,950
208000047,153,402,-249
208000064,3674,2280,1394
208000066,2577,2549,28
208000070,432,571,-139
208000071,446,1156,-710
208000072,452,1633,-1181
208000080,302,510,-208
208000081,412,238,174
208000082,512,378,134
208000083,167,539,-372
208000084,64,37,27
208000085,1523,819,704
208000086,755,1317,-562
208000087,699,1113,-414
208000089,1251,639,612
208000090,1206,1049,157
208000093,205,192,13
208000094,737,640,97
208000095,988,569,419
208000104,1321,1345,-24
208000105,1106,1527,-421
208000114,191,403,-212
208000115,730,579,151
208000116,867,1454,-587
208000117,224,185,39
208000118,111,186,-75
208000155,1101,1124,-23
208000158,2329,4354,-2025
208000186,4657,4819,-162
208000204,994,1390,-396
208000205,1481,1676,-195
208000282,6856,3498,3358
209000004,449,290,159
209000005,45,59,-14
209000006,527,183,344
209000007,522,376,146
209000010,714,227,487
209000011,279,343,-64
209000012,264,238,26
209000013,399,646,-247
209000014,667,1655,-988
209000025,362,70,292
209000026,834,214,620
209000027,574,1198,-624
209000028,527,1091,-564
209000029,1015,1039,-24
209000030,699,2077,-1378
209000031,4102,3443,659
209000034,250,234,16
209000035,105,177,-72
209000036,190,159,31
209000037,280,294,-14
209000038,127,126,1
209000039,57,172,-115
209000040,412,732,-320
209000041,258,567,-309
209000042,397,589,-192
209000043,1099,1068,31
209000044,350,1031,-681
209000045,1811,673,1138
209000046,627,796,-169
209000047,583,266,317
209000048,720,509,211
209000049,165,144,21
209000050,318,255,63
209000051,486,465,21
209000052,237,399,-162
209000062,52,201,-149
209000063,88,150,-62
209000064,98,225,-127
209000065,112,51,61
209000066,85,46,39
209000067,90,56,34
209000080,32,270,-238
209000082,114,76,38
209000091,47,203,-156
209000093,102,54,48
209000094,293,352,-59
209000110,43,122,-79
209000111,541,1941,-1400
209000112,1205,681,524
209000113,2907,578,2329
209000114,776,460,316
209000115,96,215,-119
209000116,872,763,109
209000118,84,69,15
209000119,97,26,71
209000121,173,843,-670
209000135,87,243,-156
209000142,703,2256,-1553
209000143,236,138,98
209000144,212,157,55
209000229,333,289,44
209000240,43,474,-431
209000259,63,189,-126
209000260,95,1695,-1600
209000261,11,1091,-1080
209000262,4,709,-705
209000263,0,175,-175
209000264,0,171,-171
209000265,610,1,609
209000266,158,3,155
209000267,1702,17,1685
209000268,1061,75,986
210000037,86,19,67
210000047,87,39,48
210000048,115,45,70
210000049,80,34,46
210000052,65,135,-70
210000053,36,99,-63
210000054,91,92,-1
210000070,234,6,228
210000071,193,1,192
210000072,119,0,119
210000073,1,37,-36
210000074,0,134,-134
210000075,1,99,-98
210000076,21,220,-199
210000077,110,44,66
210000078,51,37,14
210000079,99,20,79
210000080,228,71,157
210000081,281,47,234
210000082,260,10,250
210000083,158,3,155
210000084,60,0,60
210000085,1,98,-97
210000086,8,159,-151
210000099,77,292,-215
210000100,55,250,-195
210000101,95,253,-158
210000105,43,357,-314
210000159,0,205,-205
210000163,247,299,-52
210000164,417,258,159
210000168,139,38,101
210000187,1,18,-17
210000188,0,29,-29
210000214,46,0,46
210000219,43,69,-26
210000220,84,90,-6
210000232,7,34,-27
210000233,32,98,-66
210000234,36,173,-137
210000235,64,123,-59
210000245,1,38,-37
210000246,55,2,53
210000258,11,114,-103
210000259,429,96,333
210000282,138,357,-219
210000285,1,116,-115
210000286,18,225,-207
210000290,0,10,-10
210000295,67,205,-138
210000296,87,54,33
210000320,208,157,51
210000321,141,182,-41
210000338,180,93,87
210000339,530,1588,-1058
210000340,150,563,-413
210000341,310,352,-42
210000342,285,290,-5
210000343,323,303,20
210000344,413,173,240
210000345,317,409,-92
210000346,224,249,-25
210000347,522,56,466
210000348,429,16,413
210000349,297,24,273
210000350,160,77,83
210000351,210,142,68
210000352,77,110,-33
210000353,65,170,-105
210000354,243,136,107
210000355,188,115,73
210000356,203,84,119
210000357,153,65,88
210000358,475,189,286
210000359,231,82,149
210000360,237,143,94
210000361,216,211,5
210000362,354,269,85
210000363,1009,316,693
210000364,99,202,-103
210000365,152,127,25
210000366,164,75,89
210000367,110,58,52
210000368,223,61,162
210000369,35,32,3
210000370,84,48,36
210000372,97,38,59
210000373,118,11,107
210000374,78,18,60
210000375,58,124,-66
210000376,142,229,-87
210000404,78,193,-115
210000439,28,54,-26
210000472,201,12,189
210000482,154,139,15
210000564,622,473,149
210000567,0,21,-21
210000568,834,8,826
211000092,37,80,-43
211000094,43,6,37
211000169,235,31,204
211000172,26,277,-251
211000209,3,23,-20
211000226,17,20,-3
211000270,15,5,10
211000275,25,39,-14
211000276,99,57,42
211000279,32,36,-4
211000281,59,46,13
211507980,4,77,-73
211977296,75,10,65
212000003,255,82,173
212000004,215,30,185
212000005,69,29,40
212000006,94,96,-2
212000008,197,197,0
212000009,39,139,-100
212000012,87,111,-24
212000013,26,77,-51
212000014,310,221,89
212000015,331,328,3
212000016,701,722,-21
212000027,645,771,-126
212000028,362,580,-218
212000029,248,402,-154
212000030,34,52,-18
212000031,84,69,15
212000048,43,216,-173
212000049,14,128,-114
212000050,26,10,16
212000051,270,292,-22
212000052,241,445,-204
212000053,465,818,-353
212000054,195,211,-16
212000055,230,387,-157
212000056,24,61,-37
212000057,16,43,-27
212000058,393,57,336
212000070,164,347,-183
212000077,170,856,-686
212000099,292,412,-120
212000108,392,284,108
212000111,269,175,94
212000120,325,109,216
212000138,242,35,207
212000156,1,149,-148
212000158,13,11,2
212000159,420,76,344
212000160,562,403,159
212000161,96,16,80
212000310,44,29,15
212000311,18,102,-84
212000374,51,15,36
213000001,75,759,-684
213000005,696,280,416
213000006,1551,447,1104
213000007,379,15,364
213000009,871,583,288
213000010,237,339,-102
213000011,296,188,108
213000012,199,380,-181
213000014,97,16,81
213000015,355,12,343
213000016,850,6,844
213000017,111,2,109
213000018,6,264,-258
213000019,3,236,-233
213000020,165,528,-363
213000021,14,179,-165
213000023,343,295,48
213000033,471,1848,-1377
213000034,947,498,449
213000035,134,504,-370
213000045,240,341,-101
213000046,319,368,-49
213000047,1039,1468,-429
213000056,120,98,22
213000069,210,6,204
213000073,0,43,-43
213000074,81,545,-464
213000075,726,11,715
213000076,49,1,48
213000085,9,61,-52
213000086,39,233,-194
213000091,195,32,163
213000092,78,24,54
213000099,201,1440,-1239
213000100,1528,358,1170
213000101,373,206,167
213000102,499,474,25
213000103,1114,1363,-249
213000104,79,650,-571
213000105,15,152,-137
213000106,55,226,-171
213000107,210,816,-606
213000108,37,738,-701
213000109,7,327,-320
213000110,13,70,-57
213000111,24,68,-44
213000112,245,158,87
213000115,101,13,88
213000116,85,864,-779
213000117,21,1280,-1259
213000118,470,374,96
213000119,64,916,-852
213000120,125,750,-625
213000122,226,821,-595
213000123,622,1840,-1218
213000124,196,1727,-1531
213000125,143,25,118
213000126,196,167,29
213000127,248,282,-34
213000128,843,1608,-765
213000129,603,797,-194
213000130,524,355,169
213000132,447,151,296
213000133,721,196,525
213000134,1021,33,988
213000136,666,30,636
213000137,803,133,670
213000139,1080,48,1032
213000147,165,27,138
213000148,79,31,48
213000149,86,30,56
213000150,0,123,-123
213000151,4,120,-116
213000152,2,105,-103
213000153,1,86,-85
213000154,45,315,-270
213000155,90,388,-298
213000156,132,736,-604
213000157,756,642,114
213000158,475,1176,-701
213000159,650,808,-158
213000163,831,147,684
213000165,890,383,507
213000171,2,134,-132
213000172,5,495,-490
213000173,3,312,-309
213000174,5,226,-221
213000175,17,152,-135
213000176,53,53,0
213000177,69,14,55
213000178,140,15,125
213000179,297,4,293
213000180,256,0,256
213000184,225,665,-440
213000188,514,144,370
213000189,447,57,390
213000190,1100,998,102
213000191,367,551,-184
213000192,285,568,-283
213000193,1371,351,1020
213000194,3,93,-90
213000195,27,489,-462
213000196,284,1498,-1214
213000197,429,1086,-657
213000198,143,2,141
213000200,192,1236,-1044
213000201,91,60,31
213000202,24,767,-743
213000203,4173,1027,3146
213000204,879,113,766
213000205,490,234,256
213000206,751,134,617
213000207,232,21,211
213000208,385,4,381
213000209,268,1,267
213000210,996,2,994
213000211,17,29,-12
213000212,61,25,36
213000213,47,57,-10
213000218,310,909,-599
213000219,675,31,644
213000220,650,18,632
213000223,368,372,-4
213000224,92,64,28
213000225,155,26,129
213000226,98,11,87
213000227,1498,367,1131
213000228,541,152,389
213000229,676,56,620
213000230,547,49,498
213000232,220,773,-553
213000233,19,167,-148
213000234,7,50,-43
213000293,47,93,-46
213000294,440,15,425
213000295,29,83,-54
213000296,90,50,40
213000297,20,122,-102
213000298,51,141,-90
213000299,82,59,23
213000300,14,9,5
213000303,4,41,-37
213000304,2,13,-11
213000305,12,17,-5
213000306,145,53,92
213000307,512,118,394
213000308,166,372,-206
213000309,241,91,150
213000310,747,163,584
213000311,373,1031,-658
213000315,107,176,-69
213000316,177,113,64
213000322,143,232,-89
213000323,81,129,-48
213000324,73,85,-12
213000325,38,170,-132
213000326,41,52,-11
213000327,42,104,-62
213000328,26,155,-129
213000329,129,85,44
213000340,166,836,-670
213000341,562,174,388
213000346,327,429,-102
213000347,1050,1015,35
213000348,18,172,-154
213000349,17,13,4
213000350,365,1638,-1273
213000366,79,455,-376
213000367,256,43,213
213000379,131,103,28
213000386,21,330,-309
213000406,124,554,-430
213000417,1720,672,1048
213000425,212,51,161
213000426,183,82,101
213000427,61,392,-331
213000428,72,273,-201
213000429,69,3,66
213000430,122,1044,-922
213000431,175,3,172
213000432,4,43,-39
213000433,45,249,-204
213000434,87,174,-87
213000435,121,121,0
213000436,32,124,-92
213000437,5,29,-24
213000438,151,139,12
213000439,83,23,60
213000440,13,326,-313
213000441,4,2,2
213000442,3,53,-50
213000443,640,535,105
213000444,48,75,-27
213000445,0,120,-120
213000446,0,36,-36
213000447,9,58,-49
213000448,28,158,-130
213000449,402,2,400
213000450,26,79,-53
213000451,338,180,158
213000452,47,27,20
213000453,75,425,-350
213000455,546,11,535
213000456,2,355,-353
213000481,22,13,9
213000482,92,10,82
213000489,817,126,691
213000491,3,176,-173
213000492,1128,11,1117
213000493,0,147,-147
213000494,287,314,-27
213000495,0,158,-158
213000496,444,292,152
213000497,32,338,-306
213000498,144,238,-94
213000499,193,814,-621
213000500,582,204,378
213000501,131,65,66
213000502,392,321,71
213000503,0,79,-79
213000504,11,104,-93
213000505,7,4,3
213000506,0,18,-18
213000507,2,121,-119
213900016,0,13,-13
213900244,75,0,75
213900245,1,40,-39
218000003,38,32,6
218000004,60,35,25
218000005,98,44,54
218000006,90,30,60
218000007,28,26,2
218000012,279,283,-4
218000013,168,207,-39
218000014,509,635,-126
218000019,1076,922,154
218000020,347,719,-372
218000021,65,104,-39
218000022,15,51,-36
218000023,8,76,-68
218000024,4,38,-34
218000025,17,33,-16
218000026,6,74,-68
218000027,4,16,-12
218000028,9,7,2
218000029,7,2,5
218000030,31,49,-18
218000031,13,40,-27
218000032,13,29,-16
218000040,13,8,5
218000046,65,109,-44
218000047,18,158,-140
218000048,58,152,-94
218000049,147,149,-2
218000050,374,285,89
218000051,114,281,-167
218000052,3,125,-122
218000053,1,15,-14
218000054,30,37,-7
218000055,8,19,-11
218000056,28,34,-6
218000057,7,42,-35
218000064,1,19,-18
218000065,126,77,49
218000066,13,62,-49
218000067,83,113,-30
218000068,139,140,-1
218000069,323,197,126
218000070,347,310,37
218000071,179,264,-85
218000072,387,329,58
218000078,931,1284,-353
218000079,130,96,34
218000080,128,151,-23
218000081,443,359,84
218000082,86,198,-112
218000083,48,135,-87
218000084,177,211,-34
218000085,181,539,-358
218000086,55,226,-171
218000087,254,243,11
218000090,24,250,-226
218000091,910,689,221
218000092,95,236,-141
218000093,112,124,-12
218000094,660,961,-301
218000099,471,954,-483
218000100,356,412,-56
218000101,769,207,562
218000102,457,377,80
218000103,134,285,-151
218000104,96,59,37
218000105,30,13,17
218000106,19,11,8
218000107,72,91,-19
218000108,1,62,-61
218000112,83,32,51
218000117,83,90,-7
218000134,762,998,-236
218000135,221,167,54
218000136,242,105,137
218000137,274,175,99
218000138,52,171,-119
218000139,273,432,-159
218000140,838,290,548
218000141,161,99,62
218000142,212,263,-51
218000143,134,308,-174
218000144,148,107,41
218000145,341,477,-136
218000146,95,230,-135
218000151,40,43,-3
218000152,160,82,78
218000153,7,7,0
218000154,31,3,28
218000155,20,2,18
218000156,50,16,34
218000157,27,23,4
218000158,5,8,-3
218000159,1,8,-7
218000160,13,6,7
218000161,26,6,20
218000162,31,16,15
218000163,9,0,9
218000164,64,9,55
218000165,63,46,17
218000170,15,56,-41
218000171,94,17,77
218000172,48,10,38
218000173,70,16,54
218000174,49,9,40
218000176,274,50,224
218000177,347,304,43
218000178,91,378,-287
218000179,103,128,-25
218000180,94,48,46
218000181,206,81,125
218000187,9,32,-23
218000188,38,99,-61
218000189,33,94,-61
218000190,38,31,7
218000191,156,71,85
218000192,233,435,-202
218000193,464,534,-70
218000194,99,437,-338
218000195,142,101,41
218000196,333,320,13
218000197,334,402,-68
218000198,21,139,-118
218000199,45,44,1
218000200,76,49,27
218000201,17,11,6
218000202,130,372,-242
218000207,6,49,-43
218000208,60,62,-2
218000211,92,29,63
218000212,6,7,-1
218000213,131,61,70
218000214,7,23,-16
218000215,97,71,26
218000217,2,149,-147
218000218,305,139,166
218000219,184,31,153
218000220,252,369,-117
218000221,1738,276,1462
218000222,94,29,65
218000223,38,400,-362
218000224,11,220,-209
218000225,186,57,129
218000226,157,105,52
218000230,0,10,-10
218000232,63,106,-43
218000239,286,18,268
218000240,42,19,23
218000241,185,5,180
218000242,209,1,208
218000243,380,4,376
218000244,334,12,322
218000245,631,6,625
218000246,3,2,1
218000247,8,0,8
218000248,2,26,-24
218000249,0,2,-2
218000250,7,9,-2
218000251,11,77,-66
218000252,14,54,-40
218000253,10,41,-31
218000254,1,21,-20
218000255,1,14,-13
218000256,11,78,-67
218000267,841,1506,-665
218000268,13,73,-60
218000269,26,14,12
218000270,61,61,0
218000271,18,70,-52
218000273,22,8,14
218000274,15,7,8
218000275,30,65,-35
218000276,15,71,-56
218000278,17,70,-53
218000279,74,63,11
218000280,21,40,-19
218000281,34,27,7
218000282,597,609,-12
218000284,122,16,106
218000301,98,159,-61
218000302,138,63,75
218000303,42,93,-51
218000316,881,1493,-612
218000317,1232,1512,-280
218000318,640,1118,-478
218000319,1354,1693,-339
218000320,1051,1060,-9
218000338,91,52,39
218000345,165,75,90
218000346,50,213,-163
218000459,57,335,-278
218000490,53,53,0
218000501,167,95,72
218000502,44,137,-93
218000503,134,41,93
218000504,177,38,139
218000505,64,210,-146
218000506,31,291,-260
218000508,11,3,8
218000510,283,13,270
218000520,143,117,26
218000521,7,63,-56
218000522,0,148,-148
218000523,160,2,158
218000524,43,219,-176
218000525,267,23,244
218000526,27,200,-173
218000529,32,176,-144
218000530,28,3,25
218000531,10,57,-47
218000532,55,33,22
218000534,185,15,170
218000537,51,68,-17
218000538,190,220,-30
218000540,403,97,306
218000543,167,97,70
218000544,34,111,-77
218000545,69,100,-31
218000546,64,100,-36
218000547,171,194,-23
218000548,282,185,97
218000549,523,386,137
218000550,309,432,-123
218000551,224,883,-659
218000552,623,79,544
218000553,36,115,-79
218000554,51,37,14
218000555,32,48,-16
218000556,128,379,-251
218000557,300,173,127
218000558,164,2,162
218000559,0,28,-28
218000560,0,43,-43
218000561,33,0,33
218000562,29,200,-171
218000563,277,18,259
218000564,25,124,-99
218000565,239,34,205
218000566,299,36,263
218000567,1,120,-119
218000568,66,2,64
218000569,15,225,-210
218000570,157,13,144
218000571,1,150,-149
218000572,208,3,205
218000573,14,150,-136
218000574,103,68,35
218000575,157,2,155
218000576,1,122,-121
218000577,204,2,202
218000578,3,108,-105
218000579,70,30,40
218000581,13,70,-57
218000582,92,4,88
218000583,34,1,33
218000584,0,28,-28
218000585,44,6,38
218000586,15,63,-48
218000587,8,3,5
218000588,4,1,3
218000589,0,5,-5
218000590,7,1,6
218000591,3,4,-1
218000592,8,0,8
218000593,0,0,0
218000594,11,0,11
218000595,0,0,0
218000596,0,0,0
218000597,0,0,0
218000598,0,0,0
218000599,7,4,3
218000600,7,6,1
218000601,0,0,0
218000602,0,5,-5
218000603,2,16,-14
218000604,43,1,42
218000605,0,53,-53
218000606,77,0,77
218000607,20,54,-34
218000608,96,15,81
218000609,1,80,-79
218000610,108,8,100
218000611,40,4,36
218000612,1,34,-33
218000613,45,0,45
218000614,0,41,-41
218000615,282,3,279
218000616,3,191,-188
218000617,20,2,18
218000618,2,19,-17
218000619,303,49,254
218000620,28,17,11
218000621,0,3,-3
218000622,0,31,-31
218000623,112,0,112
218000624,11,40,-29
218000625,27,0,27
218000626,2,2,0
218000628,158,76,82
218000631,39,21,18
218000632,4,106,-102
218000633,230,2,228
218000634,4,34,-30
218000635,20,11,9
218000636,1410,1820,-410
218000637,1046,778,268
218000638,207,54,153
218000639,25,234,-209
218000640,338,42,296
218000641,212,413,-201
218000652,70,102,-32
218000653,187,109,78
218000663,18,89,-71
218000675,80,56,24
218000676,4,50,-46
218000677,9,6,3
218000680,301,487,-186
218000681,533,119,414
218000691,141,328,-187
218000693,216,141,75
218000703,7,57,-50
218000718,1408,1198,210
218000719,2260,633,1627
218000720,15,164,-149
218000721,194,12,182
218000725,5,6,-1
218001214,17,33,-16
218001258,87,4,83
218001329,188,109,79
218001330,85,92,-7
218001351,47,18,29
218001352,10,41,-31
218001353,25,18,7
218001354,10,41,-31
218001355,72,4,68
218001356,127,9,118
218001357,57,2,55
218001358,97,6,91
218001361,81,16,65
219000001,46,46,0
219000002,61,87,-26
219000003,58,32,26
219000004,45,57,-12
219000017,290,34,256
219000020,137,105,32
219000022,132,13,119
219000023,226,3,223
219000029,0,109,-109
219000034,57,24,33
219000039,159,108,51
219000040,70,47,23
219000041,135,43,92
219000051,0,72,-72
219000052,0,26,-26
219000053,3,222,-219
219000054,73,138,-65
219000055,146,0,146
219000056,67,2,65
219000057,141,0,141
219000062,20,160,-140
219000063,96,6,90
219000064,1,187,-186
219000110,812,62,750
219000111,110,43,67
219000112,233,71,162
219000113,174,96,78
219000114,332,210,122
219000116,107,79,28
219000117,193,124,69
219000118,275,93,182
219000123,399,83,316
219000124,205,76,129
219000125,6,31,-25
219000126,112,112,0
219000127,0,5,-5
219000128,20,101,-81
219000129,39,127,-88
219000130,785,682,103
219000131,725,1102,-377
219000133,109,54,55
219000134,42,35,7
219000135,47,66,-19
219000136,233,200,33
219000138,62,38,24
219000139,47,71,-24
219000140,58,11,47
219000141,15,120,-105
219000142,29,133,-104
219000143,16,122,-106
219000145,47,61,-14
219000146,4,41,-37
219000147,3,62,-59
219000148,3,43,-40
219000149,11,95,-84
219000150,3,96,-93
219000151,4,80,-76
219000157,201,207,-6
219000158,273,262,11
219000161,187,9,178
219000163,1957,713,1244
219000166,121,261,-140
219000167,132,281,-149
219000168,357,171,186
219000174,416,133,283
219000175,116,5,111
219000176,94,5,89
219000177,52,2,50
219000178,40,4,36
219000179,19,7,12
219000180,45,40,5
219000182,160,66,94
219000183,100,67,33
219000184,132,14,118
219000185,2,66,-64
219000186,45,73,-28
219000187,38,110,-72
219000189,178,202,-24
219000190,267,302,-35
219000191,1468,1527,-59
219000192,183,135,48
219000193,423,170,253
219000195,2,127,-125
219000196,21,167,-146
219000198,45,242,-197
219000199,105,560,-455
219000200,58,395,-337
219000201,102,373,-271
219000203,47,202,-155
219000204,444,273,171
219000205,106,208,-102
219000207,224,395,-171
219000209,32,94,-62
219000210,109,129,-20
219000213,10,217,-207
219000239,315,364,-49
219000240,331,428,-97
219000241,152,272,-120
219000242,126,189,-63
219000243,222,331,-109
219000244,79,77,2
219000245,22,61,-39
219000246,50,26,24
219000247,175,36,139
219000248,1013,436,577
219000249,164,103,61
219000250,161,173,-12
219000251,786,295,491
219000252,273,234,39
219000253,620,140,480
219000255,129,126,3
219000256,459,81,378
219000257,176,0,176
219000262,364,195,169
219000263,110,206,-96
219000267,5,133,-128
219000268,4,9,-5
219000269,10,0,10
219000270,13,0,13
219000271,102,8,94
219000278,1,12,-11
219000279,3,5,-2
219000283,0,54,-54
219000295,5,125,-120
219000296,103,706,-603
219000297,11,203,-192
219000298,13,216,-203
219000299,507,196,311
219000300,35,379,-344
219000301,250,617,-367
219000302,41,349,-308
219000307,108,59,49
219000308,44,43,1
219000311,213,74,139
219000312,672,132,540
219000313,470,95,375
219000314,83,702,-619
219000315,367,75,292
219000316,697,116,581
219000317,132,39,93
219000320,0,52,-52
219000321,0,12,-12
219000323,9,103,-94
219000325,1,28,-27
219000326,111,130,-19
219000327,95,53,42
219000328,45,76,-31
219000329,467,177,290
219000330,86,36,50
219000331,63,47,16
219000332,112,89,23
219000333,22,9,13
219000335,107,2,105
219000337,43,0,43
219000338,99,1,98
219000344,33,114,-81
219000345,54,123,-69
219000346,49,178,-129
219000348,155,103,52
219000349,47,251,-204
219000350,118,181,-63
219000351,9,13,-4
219000352,477,108,369
219000353,107,59,48
219000354,220,154,66
219000355,222,79,143
219000356,1809,1563,246
219000363,341,67,274
219000364,118,32,86
219000365,204,22,182
219000366,322,426,-104
219000368,511,680,-169
219000370,1534,527,1007
219000371,15,40,-25
219000382,23,38,-15
219000383,898,1140,-242
219000385,910,592,318
219000386,1157,2019,-862
219000387,4,4,0
219000390,14,0,14
219000391,7,3,4
219000397,80,96,-16
219000398,95,79,16
219000401,24,192,-168
219000402,86,208,-122
219000403,194,423,-229
219000404,34,199,-165
219000407,6,77,-71
219000409,44,72,-28
219000410,186,54,132
219000411,77,39,38
219000446,304,503,-199
219000447,1,29,-28
219000448,192,15,177
219000452,136,80,56
219000453,99,165,-66
219000454,372,345,27
219000556,303,137,166
219000558,625,269,356
219000590,66,260,-194
219000591,110,110,0
219000592,159,474,-315
219000595,5,15,-10
219000635,351,89,262
219000636,33,82,-49
219000657,56,33,23
219000658,42,79,-37
219000673,0,39,-39
219000676,177,11,166
219000679,52,6,46
219000684,156,3,153
219000685,1,80,-79
219000686,3,2,1
219000688,0,105,-105
219000689,34,375,-341
219000690,169,60,109
219000691,58,255,-197
219000692,195,43,152
219000693,1,28,-27
219000694,12,0,12
219000695,36,7,29
219000698,32,0,32
219000699,0,23,-23
219000727,4,142,-138
219000728,282,5,277
219000770,57,1,56
219000771,0,49,-49
219000788,498,194,304
219001150,7,42,-35
219001151,8,8,0
219001166,40,43,-3
219001167,2,122,-120
219001178,94,1,93
220000001,268,84,184
220000002,41,143,-102
220000003,720,333,387
220000004,997,657,340
220000005,2272,2232,40
220000006,405,1004,-599
220000007,445,737,-292
220000008,361,1106,-745
220000009,334,598,-264
220000010,224,190,34
220000011,847,4376,-3529
220000012,130,532,-402
220000014,135,52,83
220000015,85,178,-93
220000017,65,376,-311
220000018,6793,2895,3898
220000019,98,347,-249
220000020,725,333,392
220000021,658,254,404
220000022,774,610,164
220000023,407,239,168
220000024,2296,388,1908
220000025,1256,1262,-6
220000026,338,322,16
220000027,126,133,-7
220000028,79,53,26
220000029,96,262,-166
220000030,231,95,136
220000031,653,409,244
220000064,14,1091,-1077
221000046,18,0,18
221000047,0,9,-9
221000048,0,3,-3
221000049,0,33,-33
221000050,153,4,149
221000055,110,75,35
221000057,58,36,22
221000068,336,195,141
221000069,376,80,296
221000070,211,40,171
221000071,105,8,97
221000072,454,24,430
221000073,338,83,255
221000074,1,27,-26
221000075,34,57,-23
221000076,26,45,-19
221000077,59,145,-86
221000081,30,21,9
221000082,76,17,59
221000083,19,8,11
221000084,5,14,-9
221000085,100,109,-9
221000086,21,120,-99
221000087,6,243,-237
221000088,23,237,-214
221000089,50,385,-335
221000090,182,675,-493
221000098,135,19,116
221000099,218,27,191
221000100,68,11,57
221000101,280,54,226
221000102,138,68,70
221000109,20,149,-129
221000110,33,147,-114
221000111,26,300,-274
221000112,13,196,-183
221000113,31,185,-154
221000114,17,216,-199
221000120,59,19,40
221000121,6,31,-25
221000122,135,28,107
221000123,31,18,13
221000124,57,227,-170
221000155,133,21,112
221000156,86,26,60
221000175,2,7,-5
221000176,1,2,-1
221000182,61,45,16
221000241,645,464,181
221000242,305,517,-212
221000243,591,316,275
221000244,386,523,-137
221000245,89,112,-23
221000246,106,284,-178
221000247,71,148,-77
221000248,149,171,-22
221000267,93,877,-784
221000325,99,54,45
221000331,52,109,-57
221000338,57,33,24
221000378,257,60,197
221000381,59,56,3
222000282,33,3,30
222000296,4,42,-38
222000568,389,33,356
222000569,128,55,73
222000570,158,31,127
222000571,306,45,261
222000577,27,205,-178
222000578,39,283,-244
222000579,36,210,-174
222000580,128,1142,-1014
222000599,0,167,-167
222000600,2,422,-420
222000601,9,1302,-1293
222000603,21,48,-27
222000604,11,51,-40
222000605,25,29,-4
222000606,21,7,14
222000607,10,4,6
222000608,63,15,48
222000609,55,307,-252
222000616,343,73,270
222000617,11,28,-17
222000618,13,2,11
222000620,83,14,69
222000621,77,13,64
222000623,863,15,848
222000624,301,6,295
222000625,608,46,562
222000636,87,2,85
222000686,34,18,16
222000687,56,37,19
222001066,494,3,491
222001067,25,3,22
222001068,50,77,-27
222001069,64,63,1
222001082,14,60,-46
222001083,23,92,-69
222001084,0,22,-22
222001085,3,341,-338
222001111,115,214,-99
222001112,89,46,43
222001313,51,6,45
222001314,11,134,-123
222001464,104,57,47
222001465,46,104,-58
222001484,142,126,16
222001485,39,60,-21
222001494,412,211,201
222001495,124,395,-271
222001496,366,109,257
222001497,253,624,-371
222001502,29,122,-93
222001503,173,79,94
222001504,47,391,-344
222001505,522,20,502
222001506,56,455,-399
222001507,356,38,318
222001510,402,60,342
222001511,76,523,-447
222001514,805,347,458
222001515,378,780,-402
222001518,281,123,158
222001519,79,368,-289
222001527,296,126,170
222001528,97,269,-172
222001529,270,68,202
222001530,62,280,-218
222001533,184,507,-323
222001534,389,149,240
222001535,268,292,-24
222001536,273,354,-81
222001537,343,77,266
222001538,109,728,-619
222001563,577,132,445
222001564,102,812,-710
222001568,416,156,260
222001576,1,0,1
222001579,0,4,-4
222001583,56,235,-179
222001584,125,25,100
222001596,903,1508,-605
222001597,2200,399,1801
222001626,1,261,-260
222001650,102,140,-38
222001651,138,274,-136
222001914,276,139,137
222001915,111,318,-207
222001968,553,354,199
222001969,559,801,-242
222001970,193,261,-68
222001971,47,49,-2
222001972,4,42,-38
225000001,473,331,142
225000002,678,298,380
225000003,698,159,539
225000004,387,371,16
225000005,78,83,-5
225000006,0,213,-213
225000007,2731,1757,974
225000010,408,14,394
225000011,567,1600,-1033
225000012,225,730,-505
225000013,173,232,-59
225000014,1741,127,1614
225000015,103,287,-184
225000021,918,286,632
225000027,306,740,-434
225000032,797,215,582
225000042,151,964,-813
225000049,113,93,20
225000050,83,26,57
225000053,13,398,-385
225000058,1002,139,863
225000067,372,206,166
225000068,207,411,-204
225000069,155,550,-395
225000070,76,506,-430
225000071,52,253,-201
225000075,40,1604,-1564
225000076,165,192,-27
225000078,77,90,-13
225000085,77,149,-72
225000086,306,91,215
225000087,222,46,176
225000088,7,253,-246
225000089,496,1241,-745
225000090,101,594,-493
225000091,192,239,-47
225000092,68,91,-23
225000093,303,352,-49
225000094,23,365,-342
225000095,390,618,-228
225000096,361,684,-323
225000098,702,349,353
225000099,396,241,155
225000100,343,240,103
225000104,139,553,-414
225000110,13,548,-535
225000111,338,1548,-1210
225000112,751,1490,-739
225000113,357,650,-293
225000114,78,382,-304
225000115,2411,942,1469
225000116,1197,382,815
225000117,1152,420,732
225000118,1208,414,794
225000119,316,220,96
225000120,1081,141,940
225000121,285,60,225
225000123,1366,42,1324
225000125,477,311,166
225000126,997,285,712
225000127,1030,1242,-212
225000128,565,813,-248
225000132,258,63,195
225000133,329,46,283
225000134,780,226,554
225000135,64,19,45
225000136,256,38,218
225000137,326,81,245
225000138,403,93,310
225000143,101,328,-227
225000144,3,442,-439
225000145,269,87,182
225000146,84,130,-46
225000147,20,420,-400
225000148,10,327,-317
225000149,145,639,-494
225000151,45,330,-285
225000155,438,637,-199
225000156,309,1333,-1024
225000157,408,489,-81
225000158,138,427,-289
225000171,3,220,-217
225000180,71,17,54
225000181,0,85,-85
225000182,132,27,105
225000185,14,480,-466
225000187,88,498,-410
225000191,123,6,117
225000194,0,4,-4
225000208,0,39,-39
225000209,117,44,73
225000210,4,327,-323
225000217,0,30,-30
225000218,20,3,17
225000223,1,41,-40
225000224,482,2,480
225000225,2,37,-35
225000226,139,7,132
225000227,61,132,-71
225000228,22,153,-131
225000229,0,90,-90
225000230,363,0,363
225000231,1,107,-106
225000232,450,1,449
225000241,113,3,110
225000242,0,72,-72
225000249,14,0,14
225000250,48,1041,-993
225000251,450,53,397
225000254,5,1,4
225000256,48,167,-119
225000257,1,183,-182
226000042,566,538,28
226000043,90,297,-207
226000044,239,693,-454
226000045,99,507,-408
226000046,406,159,247
226000047,395,116,279
226000048,602,178,424
226000049,384,253,131
226000070,0,49,-49
226000071,1,68,-67
226000072,0,31,-31
226000073,1,16,-15
226000074,1,20,-19
226000084,1,80,-79
226000085,6,27,-21
226000086,1,20,-19
226000087,3,20,-17
226000088,93,61,32
226000090,368,138,230
226000091,56,65,-9
226000092,7,16,-9
226000093,62,0,62
226000094,39,5,34
226000095,42,5,37
226000105,43,1,42
226000106,25,1,24
226000107,11,1,10
226000108,53,0,53
226000109,82,0,82
226000124,181,107,74
226000134,649,567,82
226000135,1296,712,584
226000136,584,444,140
226000137,16,528,-512
226000138,10,343,-333
226000139,2,20,-18
226000156,223,3,220
226000157,706,7,699
226000163,105,106,-1
226000202,22,524,-502
226000231,342,13,329
226000232,69,12,57
227000033,344,79,265
227000036,274,41,233
227000037,230,23,207
227000038,192,39,153
227000084,2,109,-107
227000085,0,37,-37
227000088,110,6,104
227000089,169,1,168
227000090,43,2,41
227000091,20,1,19
227000092,39,0,39
227000093,151,1,150
227000094,13,0,13
227000130,29,69,-40
227000131,38,276,-238
227000132,10,259,-249
227000133,13,250,-237
227000134,17,385,-368
227000152,0,4,-4
227000153,0,65,-65
227000154,0,32,-32
227000155,4,20,-16
227000156,1,22,-21
227000165,3,39,-36
227000196,316,375,-59
227000199,307,671,-364
227000230,44,640,-596
227000232,716,73,643
227000242,80,536,-456
227000243,417,78,339
227000245,11,458,-447
227000246,119,487,-368
227000247,259,100,159
227000248,172,34,138
227000249,47,211,-164
227000250,529,102,427
227000251,193,207,-14
227000252,33,406,-373
227000253,130,20,110
227000262,284,84,200
227000266,1288,24,1264
227000267,60,2233,-2173
227000282,9,298,-289
227000284,546,32,514
227000286,5,125,-120
227000287,6,169,-163
227000291,27,812,-785
227000296,356,300,56
227000484,332,18,314
227000485,38,1078,-1040
227000655,155,17,138
227000656,732,55,677
227000657,115,18,97
227000661,492,35,457
229000265,32,57,-25
229000266,0,0,0
229000267,0,0,0
229000268,2,0,2
229000269,3,0,3
229000274,0,2,-2
229000275,0,3,-3
229000276,0,0,0
229000277,0,0,0
229000278,0,1,-1
229000295,1,4,-3
229000296,37,31,6
229000297,7,58,-51
229000298,4,163,-159
229000320,30,10,20
229000321,99,8,91
229000412,28,81,-53
229000414,10,88,-78
229000415,12,1,11
229000416,1,7,-6
229000417,2,25,-23
229000419,207,510,-303
229000440,442,98,344
229000442,20,21,-1
229000443,4,7,-3
229000444,12,32,-20
229000445,50,3,47
229000446,84,18,66
229000491,1,26,-25
229000492,21,160,-139
229000493,14,137,-123
229000494,68,4,64
229000495,123,15,108
229000496,53,5,48
229000507,1,54,-53
229000508,0,72,-72
229000509,1,91,-90
229000510,4,42,-38
229000511,4,61,-57
229000512,1,35,-34
229000513,0,10,-10
229000514,2,5,-3
229000517,1,18,-17
229000518,25,50,-25
229000519,1,19,-18
229000520,24,35,-11
229000521,45,19,26
229000522,18,11,7
229000523,9,10,-1
229000524,3,5,-2
229000527,2,1,1
229000528,0,0,0
229000529,8,0,8
229000530,80,2,78
229000531,40,2,38
229000532,31,2,29
229000533,94,2,92
229000534,49,1,48
229000564,42,0,42
229000565,23,1,22
229000566,0,20,-20
229000567,3,69,-66
229000582,77,1,76
229000583,4,0,4
229000584,1,53,-52
229000585,1,89,-88
229000718,0,0,0
229000719,0,2,-2
229000720,0,8,-8
229000721,0,18,-18
229000722,0,14,-14
229000723,0,6,-6
229000724,0,0,0
229000725,0,3,-3
229000738,1,0,1
229000739,4,0,4
229000740,0,0,0
229000741,10,0,10
229000742,8,0,8
229000743,28,0,28
229000744,5,0,5
229000745,1,0,1
229000746,27,1,26
229000847,59,0,59
229000848,48,0,48
229000849,92,1,91
229000851,43,0,43
229000854,0,42,-42
229000856,1,175,-174
229000857,0,65,-65
229000858,1,105,-104
229000919,31,143,-112
229000930,19,491,-472
229000937,137,15,122
229000966,54,41,13
229000981,29,65,-36
229000985,7,46,-39
229000986,3,10,-7
229000987,0,1,-1
229000988,4,16,-12
229000989,94,11,83
229000990,0,4,-4
229000991,7,5,2
229000992,13,11,2
229000993,329,33,296
229000998,2,82,-80
229000999,74,21,53
229001034,3,41,-38
229001035,17,5,12
229001036,1,7,-6
229001037,87,7,80
229001038,0,0,0
229001039,3,0,3
229001040,0,13,-13
229001041,7,0,7
229001042,10,19,-9
229001047,5,73,-68
229001050,72,81,-9
229001168,0,10,-10
229001200,13,0,13
229001338,6,68,-62
229001394,217,5,212
229001422,143,41,102
229001423,56,207,-151
229001431,86,53,33
229001432,132,114,18
229001444,139,107,32
229001445,45,237,-192
229001479,15,4,11
229001503,141,189,-48
229001504,146,229,-83
229001505,125,55,70
229001506,140,238,-98
229001509,64,36,28
229001510,0,0,0
229001545,71,10,61
229001546,13,161,-148
229001553,112,19,93
229001554,74,145,-71
229001630,115,16,99
229001631,18,65,-47
229001635,2,8,-6
229001636,6,2,4
229001658,2,177,-175
229001659,80,0,80
229001660,10,4,6
229001661,35,34,1
229001662,39,0,39
229001663,0,44,-44
229002584,291,340,-49
229002831,272,271,1
229002841,76,35,41
229002842,82,48,34
229002843,144,31,113
229002844,103,57,46
229002845,28,80,-52
229002846,62,37,25
229002847,3,9,-6
229002848,38,22,16
229002849,74,57,17
229002850,40,0,40
229002851,79,91,-12
229002852,224,34,190
229002853,190,39,151
229002854,141,70,71
229002855,21,30,-9
229002856,118,42,76
229002857,11,45,-34
229002858,47,17,30
229002859,172,26,146
229002860,209,17,192
229002861,72,50,22
229002862,117,54,63
229002863,62,23,39
229002864,38,34,4
229002865,9,17,-8
229002866,10,17,-7
229002867,5,59,-54
229002868,18,19,-1
229002869,37,181,-144
229002870,54,10,44
235000066,463,90,373
235000067,160,162,-2
235000072,46,114,-68
235000073,109,569,-460
235000074,52,137,-85
235000080,33,63,-30
235000081,128,187,-59
235000082,231,102,129
235000083,157,120,37
235000084,39,82,-43
235000085,84,62,22
235000089,51,42,9
235000092,85,282,-197
235000093,9,4,5
235000097,3,6,-3
235000098,63,17,46
235000099,79,35,44
235000116,74,27,47
235000117,950,31,919
235000133,13,577,-564
235000134,17,173,-156
235000206,4,7,-3
235000207,3,0,3
235000208,6,0,6
235000209,7,1,6
235000210,13,7,6
235000212,2,17,-15
235000213,1,10,-9
235000220,1,4,-3
235000221,100,16,84
235000238,21,52,-31
235000239,2,13,-11
235000242,362,569,-207
235000245,739,262,477
235000246,32,70,-38
235000284,10,140,-130
235000295,178,23,155
235000305,294,42,252
235000306,221,19,202
235000307,33,7,26
235000308,49,5,44
235000309,76,2,74
235000310,26,7,19
235000311,260,57,203
235000322,0,36,-36
235000323,0,58,-58
235000324,0,22,-22
235000325,0,11,-11
235000326,20,212,-192
235000351,9,67,-58
235000352,38,53,-15
235000353,5,27,-22
235000354,6,29,-23
235000355,7,67,-60
235000356,359,17,342
235000357,75,12,63
235000358,86,10,76
235000359,11,5,6
235000360,118,10,108
235000361,70,6,64
235000381,91,283,-192
235000382,115,54,61
235000390,14,3,11
235000391,90,11,79
235000392,198,245,-47
235000393,134,159,-25
235000395,98,77,21
235000396,381,126,255
235000400,143,40,103
235000401,70,207,-137
235000405,91,376,-285
235000406,60,327,-267
235000407,120,130,-10
235000409,358,194,164
235000410,44,248,-204
235000411,0,84,-84
235000485,0,16,-16
235000486,18,0,18
235000549,260,173,87
235000550,91,195,-104
235000599,95,49,46
235000600,12,11,1
235000601,21,28,-7
235000602,98,128,-30
235000614,1,2,-1
235000648,1,29,-28
235000649,83,10,73
235000685,1,13,-12
235000815,4,28,-24
235000834,0,19,-19
235000855,84,75,9
235000862,49,192,-143
235000891,0,7,-7
235000892,38,6,32
235000901,240,102,138
235000907,6,8,-2
235001010,160,121,39
235001029,796,493,303
235001030,346,378,-32
235001078,113,132,-19
235001079,116,137,-21
235001147,43,87,-44
235001166,30,86,-56
235001167,28,75,-47
235001169,45,380,-335
235001188,0,10,-10
235001189,11,0,11
235001197,27,22,5
235001200,65,54,11
235001207,202,20,182
235001210,33,93,-60
235001215,35,122,-87
235001239,0,81,-81
235001244,2,11,-9
235016267,1,118,-117
277101746,2,1,1
277102712,0,0,0
277103813,0,0,0
277103898,0,6,-6
277104249,0,4,-4
277104250,0,14,-14
277104251,0,5,-5
277104252,0,3,-3
990011530,1,279,-278
990014944,1,730,-729
990015176,43,1,42
990015618,0,208,-208
990016032,5,744,-739
990032570,20,383,-363
990070001,68,0,68
990070103,0,12,-12
990070601,2,60,-58
990070751,745,2,743
990070766,5,796,-791
990071180,676,240,436
990071343,36,2,34
990071387,0,19,-19
990071823,719,9,710
990072600,3,860,-857
990072964,0,445,-445
990073285,0,9,-9
990074393,2,1099,-1097
990074870,1358,5,1353
990075106,1527,14,1513
990075746,537,7,530
990076437,1217,8,1209
990076458,3,1124,-1121
997000007,582,25,557
997000041,0,226,-226
997000058,57,0,57
997000062,138,1,137
997000069,0,10,-10
997000070,0,46,-46
997000100,12,0,12
997000141,8,3032,-3024
997000198,22,1821,-1799
998000475,11,65,-54
998000736,1,220,-219
998000965,1,65,-64
998001031,1,92,-91
998001700,0,51,-51
998001899,0,2,-2
998001900,7,3,4
998003073,1471,3,1468
998101900,0,0,0
998102850,1,135,-134
998501927,1275,688,587
998501929,101,1,100
998501930,113,2,111
998501931,175,16,159
998501932,7,0,7
998501933,87,1,86
998501937,13,0,13
998501944,11,0,11
998501950,0,0,0
998501970,74,3,71
998501971,0,139,-139
998501973,0,87,-87
998501974,1,284,-283
998501975,629,2,627
998501976,81,0,81
998501977,1,29,-28
998501978,63,0,63
998501979,0,35,-35
998501980,131,3,128
998501981,37,16,21
998501982,1,154,-153
998502006,0,0,0
998502024,0,10,-10
998502032,0,6,-6
998502062,24,2,22
998502063,0,0,0
998502173,5,0,5
998502269,0,0,0
998601159,1,271,-270
998601292,1,18,-17
999033574,0,601,-601
999800001,87,3,84
999800002,0,6,-6
999800003,0,2,-2
999800004,0,2,-2
999800005,0,7,-7
