ID,insum,outsum,diff
100000001,855,1204,-349
100000002,4395,3570,825
100000003,5995,6811,-816
100000004,761,1419,-658
100000005,2604,5661,-3057
100000006,704,257,447
100000007,2371,920,1451
100000008,181,1047,-866
100000009,576,416,160
100000010,70,125,-55
100000011,836,136,700
100000012,82,1448,-1366
100000013,89,405,-316
100000014,285,348,-63
100000015,1644,2476,-832
100000016,613,1359,-746
100000017,554,855,-301
100000018,1104,737,367
100000019,4065,2526,1539
100000020,1731,6866,-5135
100000021,6810,3162,3648
100000022,1409,3616,-2207
100000023,6744,2014,4730
100000025,722,1829,-1107
100000028,1087,1274,-187
100000029,148,531,-383
100000030,135,61,74
100000031,3484,7045,-3561
100000032,1963,4794,-2831
100000033,1066,3473,-2407
100000034,252,1010,-758
100000035,1378,2188,-810
100000036,1305,1765,-460
100000037,724,461,263
100000038,2366,1291,1075
100000039,464,1219,-755
100000040,227,206,21
100000041,1683,755,928
100000042,1193,621,572
100000043,1065,551,514
100000044,268,1078,-810
100000045,346,1726,-1380
100000046,523,897,-374
100000047,284,767,-483
100000048,498,615,-117
100000049,1664,1311,353
100000051,453,591,-138
100000053,165,10,155
100000054,378,48,330
100000055,702,316,386
100000056,555,725,-170
100000057,2527,935,1592
100000058,1083,1018,65
100000059,21,244,-223
100000060,435,333,102
100000061,2693,762,1931
100000062,2327,656,1671
100000063,1073,268,805
100000064,1665,363,1302
100000065,430,706,-276
100000066,157,508,-351
100000067,450,572,-122
100000068,435,1064,-629
100000069,330,947,-617
100000072,203,665,-462
100000073,1136,997,139
100000075,853,274,579
100000076,2373,4067,-1694
100000077,166,405,-239
100000078,30,40,-10
100000079,61,47,14
100000080,13,48,-35
100000081,133,258,-125
100000102,3325,3849,-524
100000103,2197,2587,-390
100000104,3963,3792,171
100000105,1891,2507,-616
100000106,2033,3364,-1331
100000107,379,1677,-1298
100000108,581,1016,-435
100000109,1520,1552,-32
100000116,820,1207,-387
100000117,79,163,-84
100000118,863,1776,-913
100000119,542,932,-390
100000121,866,470,396
100000122,1911,1399,512
100000123,1770,3601,-1831
100000124,4037,6007,-1970
100000125,3935,1905,2030
100000126,673,584,89
100000127,1453,486,967
100000128,1948,3067,-1119
100000129,395,571,-176
100000130,515,468,47
100000131,1745,2993,-1248
100000132,904,2872,-1968
100000133,2880,2408,472
100000135,694,1336,-642
100000139,270,549,-279
100000140,254,414,-160
100000142,642,526,116
100000143,1982,500,1482
100000144,3344,636,2708
100000147,1286,3748,-2462
100000150,71,542,-471
100000151,1015,1895,-880
100000153,439,507,-68
100000154,54,453,-399
100000155,11,35,-24
100000156,381,567,-186
100000157,376,227,149
100000158,306,158,148
100000159,282,623,-341
100000165,1010,864,146
100000169,125,1615,-1490
100000174,331,1121,-790
100000179,73,599,-526
100000180,2647,10888,-8241
100000181,800,646,154
100000188,106,829,-723
100000189,1129,756,373
100000190,589,1357,-768
100000191,704,814,-110
100000192,52,82,-30
100000193,304,203,101
100000330,889,965,-76
100000355,218,1354,-1136
100000362,3160,1986,1174
100000363,5569,5100,469
100000364,127,261,-134
100000365,6006,9733,-3727
100000366,3231,2436,795
100000367,5197,8004,-2807
100000368,2965,1230,1735
100000369,915,2963,-2048
100000370,250,1342,-1092
100000376,72,186,-114
100000379,2213,1911,302
100000380,5094,6301,-1207
100000384,5790,7342,-1552
100000385,2607,4696,-2089
100000386,5234,6773,-1539
100000387,3880,6673,-2793
100000388,3915,7685,-3770
100000389,5161,7695,-2534
100000390,5726,7387,-1661
100000391,4507,9417,-4910
100000392,2352,5294,-2942
100000393,2177,5433,-3256
100000394,5174,10210,-5036
100000395,3940,5767,-1827
100000396,5048,4319,729
100000397,3774,8768,-4994
100000398,8977,7082,1895
100900002,12,11,1
100900003,351,342,9
100900004,32,2363,-2331
100900005,137,24,113
100900006,42,84,-42
100900007,306,10,296
100900008,4,320,-316
100900009,101,271,-170
100900010,97,58,39
100900011,143,155,-12
100900012,1,94,-93
100900013,1209,15,1194
100900014,5,7,-2
100900015,74,61,13
100900016,7,35,-28
100900017,1235,161,1074
100900018,0,12,-12
100900019,40,188,-148
100900020,399,8,391
100900021,541,3,538
100900022,15,46,-31
100900023,0,40,-40
100900024,447,9,438
100900025,17,15,2
100900026,116,94,22
100900027,476,2896,-2420
100900028,132,260,-128
100900029,36,6,30
100900030,22,116,-94
100900031,832,36,796
100900032,383,1,382
100900033,179,311,-132
100900034,849,4,845
100900035,449,0,449
100900036,26,1,25
100900037,112,140,-28
100900038,122,75,47
100900039,166,288,-122
100900040,497,352,145
100900041,1028,400,628
100900042,1958,1561,397
100900043,0,18,-18
100900044,1339,435,904
100900045,92,2,90
100900046,1403,13,1390
100900047,1029,212,817
100900048,133,133,0
100900049,86,115,-29
100900050,7,14,-7
100900051,28,181,-153
100900052,391,70,321
100900053,608,25,583
100900054,16,31,-15
100900055,255,924,-669
100900056,60,122,-62
100900057,1525,1479,46
100900058,310,81,229
100900059,132,13,119
100900060,286,4,282
100900061,291,220,71
100900062,8,39,-31
100900063,257,882,-625
100900064,781,36,745
100900065,77,148,-71
100900066,170,230,-60
100900067,24,10,14
100900068,238,113,125
100900069,1288,13,1275
100900070,453,3,450
100900071,492,198,294
100900072,5,23,-18
100900073,180,259,-79
100900074,8,5,3
100900075,2107,309,1798
100900076,31,45,-14
100900077,56,51,5
100900078,149,439,-290
100900079,21,13,8
100900080,75,358,-283
100900081,77,192,-115
100900082,179,289,-110
100900083,7,13,-6
100900085,39,306,-267
100900086,369,1013,-644
100900088,147,252,-105
100900089,1,15,-14
100900090,119,617,-498
100900091,10,32,-22
100900092,185,375,-190
100900093,324,391,-67
100900094,153,221,-68
100900095,3,17,-14
100900096,178,132,46
100900097,2,6,-4
100900098,13,17,-4
100900099,15,416,-401
100900100,7,753,-746
100900101,223,65,158
100900102,62,158,-96
100900103,9,22,-13
100900104,6,168,-162
100900105,39,731,-692
100900106,38,11,27
100900107,1852,827,1025
100900108,14,59,-45
100900109,35,33,2
100900110,0,11,-11
100900111,28,171,-143
100900112,4,28,-24
100900113,10,30,-20
100900114,16,18,-2
100900115,4,18,-14
100900116,1495,944,551
100900117,316,1178,-862
100900118,20,26,-6
100900119,9,13,-4
100900120,17,15,2
100900121,792,591,201
100900122,130,136,-6
100900123,97,156,-59
100900124,1,14,-13
100900125,13,54,-41
100900126,216,132,84
100900127,0,9,-9
100900128,156,151,5
100900129,1,235,-234
100900131,84,240,-156
100900133,58,35,23
100900134,1,4,-3
100900135,1,342,-341
100900137,299,212,87
100900138,363,452,-89
100900139,3,7,-4
100900140,3,255,-252
100900141,4,862,-858
100900142,2,10,-8
100900143,578,472,106
100900144,8,0,8
100900145,91,210,-119
100900146,6,66,-60
100900147,30,726,-696
100900148,32,364,-332
100900149,24,172,-148
100900150,3,33,-30
100900151,164,381,-217
100900152,838,17,821
100900153,16,195,-179
100900154,68,235,-167
100900155,16,14,2
100900156,73,6,67
100900157,18,427,-409
100900159,53,75,-22
100900160,19,5,14
100900161,95,11,84
100900162,48,554,-506
100900163,199,99,100
100900164,64,34,30
100900165,21,19,2
100900166,201,12,189
100900167,24,58,-34
100900168,31,194,-163
100900169,81,1266,-1185
100900170,41,11,30
100900171,17,386,-369
100900172,3,80,-77
100900173,9,208,-199
100900174,234,32,202
100900176,1837,226,1611
100900177,525,428,97
100900178,260,196,64
100900179,286,440,-154
100900180,5,1,4
100900181,201,125,76
100900182,233,54,179
100900184,22,314,-292
100900186,500,484,16
100900187,14,64,-50
100900188,17,6,11
100900189,2855,285,2570
100900191,849,1411,-562
100900192,228,524,-296
100900195,167,176,-9
100900197,93,94,-1
100900198,50,301,-251
100900199,2,7,-5
100900200,895,284,611
100900201,154,597,-443
100900202,59,3,56
100900203,2,376,-374
100900204,862,3768,-2906
100900205,179,637,-458
100900206,290,125,165
100900207,319,170,149
100900210,110,411,-301
100900211,1073,267,806
100900213,488,69,419
100900214,510,158,352
100900215,22,52,-30
100900217,70,120,-50
101000001,2600,2420,180
101000002,8095,9025,-930
101000003,491,1303,-812
101000004,7055,6598,457
101000005,4637,5493,-856
101000006,6472,7476,-1004
101000007,4238,4637,-399
101000008,2355,2295,60
101000009,2050,785,1265
101000010,808,625,183
101000011,1172,421,751
101000012,741,730,11
101000013,734,1345,-611
101000014,421,516,-95
101000015,1596,739,857
101000016,428,489,-61
101000017,531,517,14
101000018,2260,2627,-367
101000020,2376,1025,1351
101000021,871,345,526
101000022,175,200,-25
101000023,1528,709,819
101000025,319,441,-122
101000026,244,42,202
101000027,2603,3566,-963
101000028,993,327,666
101000029,336,2293,-1957
101000030,1488,223,1265
101000031,628,1365,-737
101000032,4945,5823,-878
101000033,2931,4877,-1946
101000034,1451,2280,-829
101000035,868,400,468
101000036,1675,1273,402
101000037,1754,2368,-614
101000039,3025,3719,-694
101000040,2952,5551,-2599
101000041,4862,10729,-5867
101000042,355,1430,-1075
101000043,5025,10899,-5874
101000045,985,1291,-306
101000046,2203,2855,-652
101000047,1996,6459,-4463
101000048,814,643,171
101000049,841,2940,-2099
101000050,2040,3128,-1088
101000051,1370,3609,-2239
101000052,1639,1608,31
101000053,1377,1654,-277
101000054,2364,1215,1149
101000055,1361,1698,-337
101000056,31,107,-76
101000057,1354,1584,-230
101000058,1120,1714,-594
101000059,2455,2672,-217
101000060,2086,779,1307
101000061,822,1522,-700
101000062,525,809,-284
101000063,502,1230,-728
101000064,860,1262,-402
101000065,381,659,-278
101000066,811,1174,-363
101000067,815,1141,-326
101000068,221,602,-381
101000069,227,106,121
101000070,873,1285,-412
101000071,2294,1178,1116
101000072,681,3785,-3104
101000073,952,1458,-506
101000074,4193,4752,-559
101000075,2940,6392,-3452
101000077,1801,1489,312
101000078,955,1456,-501
101000079,1653,854,799
101000080,1299,1060,239
101000081,1812,1675,137
101000082,2379,2612,-233
101000083,2838,2369,469
101000084,1120,695,425
101000085,1549,1135,414
101000086,1138,1128,10
101000087,830,837,-7
101000088,1418,1280,138
101000089,1096,1679,-583
101000090,1714,973,741
101000091,449,627,-178
101000092,1259,647,612
101000093,1444,725,719
101000094,1082,986,96
101000095,561,584,-23
101000096,408,334,74
101000097,521,796,-275
101000098,471,1165,-694
101000099,817,1748,-931
101000100,786,1433,-647
101000101,223,414,-191
101000102,975,682,293
101000103,724,672,52
101000104,411,808,-397
101000105,426,711,-285
101000106,741,1324,-583
101000107,378,506,-128
101000108,574,187,387
101000109,626,108,518
101000110,41,235,-194
101000111,149,244,-95
101000113,336,796,-460
101000114,6375,12483,-6108
101000115,116,117,-1
101000116,115,62,53
101000117,2322,373,1949
101000119,94,80,14
101000120,136,68,68
101000121,66,81,-15
101000122,82,195,-113
101000123,53,146,-93
101000124,1436,465,971
101000125,151,349,-198
101000128,266,928,-662
101000130,179,328,-149
101000131,1158,382,776
101000132,908,964,-56
101000135,26,60,-34
101000136,313,250,63
101000137,40,468,-428
101000141,1055,4483,-3428
101000147,842,339,503
101000148,528,32,496
101000149,407,837,-430
101000150,105,395,-290
101000151,358,31,327
101000152,303,289,14
101000153,366,209,157
101000154,360,633,-273
101000155,419,208,211
101000156,58,404,-346
101000157,70,69,1
101000160,69,31,38
101000163,214,425,-211
101000164,372,232,140
101000165,295,379,-84
101000166,261,255,6
101000168,840,443,397
101000252,2368,1051,1317
101000254,127,180,-53
101000258,60,8,52
101000261,140,65,75
101000262,1805,3402,-1597
101000263,584,1598,-1014
101000265,107,946,-839
101000266,325,437,-112
101000269,25,18,7
101000290,1083,3193,-2110
101000293,60,71,-11
101000294,745,593,152
101000295,162,340,-178
101000301,567,676,-109
101000304,2718,2850,-132
101000305,3024,1320,1704
101000328,8,25,-17
101900001,11,29,-18
101900002,0,6,-6
101900003,39,70,-31
101900004,3,73,-70
101900005,1967,2928,-961
101900006,1640,132,1508
101900007,1082,249,833
101900008,62,269,-207
101900009,42,468,-426
101900010,664,709,-45
101900011,175,990,-815
101900012,405,169,236
101900013,466,172,294
101900017,9,135,-126
101900018,773,389,384
101900019,188,145,43
101900020,47,29,18
101900021,0,59,-59
101900022,159,657,-498
101900023,209,130,79
101900026,118,29,89
101900027,21,110,-89
102000001,3949,5447,-1498
102000002,2395,946,1449
102000003,2979,7996,-5017
102000004,4766,2653,2113
102000005,1261,2847,-1586
102000006,847,1830,-983
102000007,1901,5252,-3351
102000008,4130,1621,2509
102000009,7768,9303,-1535
102000010,4380,3486,894
102000011,4499,3261,1238
102000012,3026,2986,40
102000018,2350,2794,-444
102000019,3092,1768,1324
102000026,184,607,-423
102000029,216,239,-23
102000030,147,391,-244
102000031,82,117,-35
102000032,622,219,403
102000033,386,330,56
102000034,543,389,154
102000035,2492,735,1757
102000036,9,359,-350
102000037,177,34,143
102000038,144,319,-175
102000039,196,108,88
102000040,303,305,-2
102000041,154,510,-356
102000042,236,507,-271
102000043,177,254,-77
102000044,386,497,-111
102000045,643,723,-80
102000046,1247,670,577
102000047,746,847,-101
102000048,533,741,-208
102000049,1018,753,265
102000050,876,1138,-262
102000051,427,651,-224
102000052,1010,658,352
102000053,1072,1071,1
102000054,830,1237,-407
102000055,1547,423,1124
102000056,1235,638,597
102000057,1366,524,842
102000058,1139,972,167
102000059,1472,1263,209
102000060,1223,950,273
102000061,1955,1413,542
102000062,2122,1056,1066
102000063,924,1186,-262
102000064,597,708,-111
102000065,74,232,-158
102000066,817,792,25
102000067,2199,2467,-268
102000068,11201,2754,8447
102000069,134,3090,-2956
102000070,1260,40,1220
102000071,6321,8128,-1807
102000072,3021,3372,-351
102000073,1143,1141,2
102000074,575,1286,-711
102000075,128,313,-185
102000076,241,328,-87
102000077,706,483,223
102000078,826,442,384
102000079,227,172,55
102000080,265,229,36
102000081,356,995,-639
102000082,694,451,243
102000083,680,207,473
102000084,409,223,186
102000085,3926,850,3076
102000086,1284,895,389
102000087,1122,1478,-356
102000088,358,258,100
102000089,1335,389,946
102000090,553,1017,-464
102000091,1331,618,713
102000092,331,644,-313
102000093,487,617,-130
102000094,804,754,50
102000095,846,1226,-380
102000096,588,793,-205
102000097,725,740,-15
102000098,550,656,-106
102000099,806,1122,-316
102000100,393,1241,-848
102000101,561,847,-286
102000102,326,1312,-986
102000103,1484,314,1170
102000104,583,318,265
102000105,326,435,-109
102000106,845,469,376
102000107,1693,322,1371
102000108,620,148,472
102000109,691,370,321
102000110,1236,652,584
102000111,17,231,-214
102000112,148,112,36
102000113,19,19,0
102000114,556,337,219
102000115,287,301,-14
102000116,269,444,-175
102000117,143,472,-329
102000118,914,1349,-435
102000119,1258,824,434
102000120,249,449,-200
102000121,1232,639,593
102000122,872,941,-69
102000123,1250,1257,-7
102000124,1487,1126,361
102000125,735,1015,-280
102000126,723,629,94
102000127,1442,604,838
102000128,814,782,32
102000129,1898,591,1307
102000130,845,888,-43
102000131,1848,1011,837
102000132,623,1672,-1049
102000133,2622,1257,1365
102000134,1073,701,372
102000135,1408,988,420
102000136,1979,652,1327
102000137,637,1593,-956
102000138,250,520,-270
102000139,133,1100,-967
102000140,229,1488,-1259
102000141,565,3944,-3379
102000142,383,405,-22
102000143,162,260,-98
102000144,407,276,131
102000145,416,305,111
102000146,401,367,34
102000147,532,394,138
102000148,197,582,-385
102000149,206,223,-17
102000150,572,68,504
102000151,101,167,-66
102000152,195,96,99
102000153,910,606,304
102000154,203,523,-320
102000155,58,325,-267
102000156,257,180,77
102000157,68,434,-366
102000158,442,582,-140
102000159,807,769,38
102000161,2112,2142,-30
102000162,126,147,-21
102000163,99,615,-516
102000164,764,1102,-338
102000165,226,145,81
102000166,76,181,-105
102000167,221,198,23
102000168,321,144,177
102000169,157,472,-315
102000170,432,200,232
102000171,246,224,22
102000172,249,427,-178
102000173,530,280,250
102000174,92,59,33
102000175,139,95,44
102000176,103,41,62
102000178,394,274,120
102000179,682,152,530
102000180,1070,338,732
102000181,894,407,487
102000182,580,366,214
102000183,1932,1173,759
102000184,2057,589,1468
102000185,2934,925,2009
102000186,1396,1025,371
102000187,1019,955,64
102000188,1334,1234,100
102000189,1648,564,1084
102000190,609,2442,-1833
102000191,1255,507,748
102000192,1454,1517,-63
102000193,66,83,-17
102000194,62,110,-48
102000195,470,331,139
102000196,239,185,54
102000197,856,233,623
102000198,198,450,-252
102000199,1258,218,1040
102000200,259,704,-445
102000201,1270,371,899
102000202,10,89,-79
102000203,458,132,326
102000204,642,398,244
102000205,1313,256,1057
102000206,732,322,410
102000207,708,414,294
102000208,395,336,59
102000209,72,48,24
102000210,491,263,228
102000211,522,135,387
102000212,414,30,384
102000213,1,153,-152
102000214,368,7,361
102000215,2,192,-190
102000216,83,64,19
102000217,3,86,-83
102000218,291,170,121
102000219,235,150,85
102000225,515,515,0
102000226,2532,1912,620
102000227,136,0,136
102000228,0,79,-79
102000229,58,40,18
102000230,292,320,-28
102000231,309,320,-11
102000232,35,141,-106
102000233,446,691,-245
102000234,81,1057,-976
102000236,244,106,138
102000237,409,107,302
102000238,150,223,-73
102000240,448,677,-229
102000241,505,142,363
102000243,23,47,-24
102000245,17,159,-142
102000246,12,30,-18
102000247,383,596,-213
102000248,342,788,-446
102000249,114,117,-3
102000250,123,240,-117
102000254,196,154,42
102000266,31,871,-840
102000271,27,1,26
102000286,403,386,17
102000297,2073,944,1129
102000299,0,0,0
102000301,0,1,-1
102000305,0,0,0
102000307,0,4,-4
102000308,0,0,0
102900001,1333,582,751
102900002,536,32,504
102900003,71,133,-62
102900005,472,188,284
102900006,536,73,463
102900007,547,19,528
102900008,210,33,177
102900009,520,349,171
102900010,257,945,-688
102900011,1198,471,727
102900012,427,77,350
102900013,32,45,-13
102900015,678,532,146
102900016,66,64,2
102900017,226,296,-70
102900018,47,92,-45
102900019,474,416,58
102900020,166,29,137
102900021,39,55,-16
102900022,401,176,225
102900023,9,31,-22
102900024,42,34,8
102900025,146,77,69
102900026,334,2137,-1803
102900027,75,66,9
102900028,219,857,-638
102900029,118,209,-91
102900030,489,336,153
102900031,255,93,162
102900032,119,84,35
102900033,93,147,-54
102900034,688,46,642
102900035,176,202,-26
102900036,327,267,60
102900037,374,261,113
102900038,543,294,249
102900039,14,551,-537
102900040,167,232,-65
102900041,105,161,-56
102900042,230,209,21
102900043,200,135,65
102900044,568,1214,-646
102900045,215,413,-198
102900046,172,157,15
102900047,104,499,-395
102900048,485,328,157
102900049,127,292,-165
102900050,195,251,-56
102900051,149,175,-26
102900052,45,64,-19
102900053,287,426,-139
102900054,467,1162,-695
102900055,157,225,-68
102900056,124,322,-198
102900057,15,57,-42
102900058,394,86,308
102900059,33,73,-40
102900060,141,356,-215
102900061,201,317,-116
102900062,347,511,-164
102900063,1408,351,1057
102900064,97,471,-374
102900065,885,358,527
102900066,335,16,319
102900068,94,96,-2
102900070,223,955,-732
102900072,22,37,-15
102900073,111,3,108
102900075,37,73,-36
102900076,73,180,-107
102900077,26,26,0
102900078,21,46,-25
102900079,247,13,234
102900080,475,44,431
102900081,60,231,-171
102900082,20,164,-144
102900083,148,21,127
102900084,15,31,-16
102900085,319,130,189
102900086,35,65,-30
102900087,139,100,39
102900088,51,28,23
102900089,196,118,78
102900090,4,179,-175
102900091,283,2,281
102900092,461,411,50
102900093,330,217,113
102900094,0,147,-147
102900095,159,3,156
102900096,93,10,83
102900097,72,107,-35
103000001,2072,1914,158
103000002,2045,2335,-290
103000003,3014,2801,213
103000004,735,616,119
103000005,1717,2956,-1239
103000006,946,1379,-433
103000007,492,563,-71
103000008,1129,529,600
103000009,1710,1021,689
103000010,118,58,60
103000011,1445,1064,381
103000012,1694,1440,254
103000013,2780,1511,1269
103000014,1320,2730,-1410
103000015,1241,531,710
103000016,477,1457,-980
103000017,260,435,-175
103000018,596,275,321
103000019,414,391,23
103000020,1728,1304,424
103000021,1743,1772,-29
103000022,691,810,-119
103000023,738,1725,-987
103000024,100,118,-18
103000025,148,805,-657
103000026,777,84,693
103000027,250,671,-421
103000028,302,343,-41
103000029,169,329,-160
103000030,1470,1233,237
103000031,1188,2142,-954
103000032,2212,1486,726
103000033,2850,2647,203
103000034,1195,1076,119
103000035,513,1284,-771
103000036,302,469,-167
103000037,562,584,-22
103000038,558,1003,-445
103000039,549,288,261
103000040,511,548,-37
103000041,1682,1404,278
103000042,1489,345,1144
103000043,686,601,85
103000044,279,123,156
103000046,451,367,84
103000047,649,454,195
103000048,241,142,99
103000049,108,101,7
103000050,794,311,483
103000051,704,381,323
103000052,731,230,501
103000053,203,422,-219
103000054,2404,1175,1229
103000055,1887,1721,166
103000056,889,1019,-130
103000057,835,212,623
103000058,658,655,3
103000059,556,617,-61
103000060,715,304,411
103000061,443,705,-262
103000062,1122,372,750
103000063,867,788,79
103000064,107,132,-25
103000065,2,253,-251
103000066,183,11,172
103000069,444,184,260
103000070,1105,570,535
103000071,1377,470,907
103000072,137,445,-308
103000073,710,111,599
103000074,871,92,779
103000075,92,426,-334
103000076,399,481,-82
103000077,27,220,-193
103000078,940,823,117
103000079,415,613,-198
103000080,778,416,362
103000081,359,1181,-822
103000082,495,242,253
103000083,104,235,-131
103000084,99,17,82
103000085,2,117,-115
103000086,451,393,58
103000087,176,627,-451
103000088,206,293,-87
103000089,318,515,-197
103000090,2477,869,1608
103000091,593,441,152
103000092,218,232,-14
103000093,339,371,-32
103000094,217,84,133
103000095,97,294,-197
103000096,507,52,455
103000097,77,719,-642
103000098,656,182,474
103000099,262,627,-365
103000100,182,406,-224
103000101,939,117,822
103000102,122,343,-221
103000103,788,150,638
103000104,83,67,16
103000105,191,77,114
103000106,19,135,-116
103000107,163,68,95
103000108,836,482,354
103000109,417,409,8
103000110,410,433,-23
103000111,410,401,9
103000112,324,187,137
103000113,437,502,-65
103000114,1217,501,716
103000115,630,410,220
103000116,682,374,308
103000117,380,355,25
103000118,407,465,-58
103000119,827,451,376
103000120,45,101,-56
103000121,238,451,-213
103000122,364,622,-258
103000125,34,123,-89
103000126,745,8,737
103000127,3,116,-113
103000128,252,4,248
103000129,5,92,-87
103000130,86,54,32
103000131,176,91,85
103000132,87,215,-128
103000133,35,99,-64
103000134,326,951,-625
103000135,521,193,328
103000136,597,437,160
103000137,422,595,-173
103000138,575,648,-73
103000139,2,85,-83
103000140,126,23,103
103000141,42,122,-80
103000142,87,98,-11
103000143,64,162,-98
103000144,172,68,104
103000145,32,228,-196
103000150,143,37,106
103000152,141,201,-60
103000153,191,177,14
103000156,16,200,-184
103000157,514,1,513
103000159,142,51,91
103000162,76,22,54
103000163,13,35,-22
103000164,17,11,6
103000165,62,176,-114
103000166,226,308,-82
103000167,169,96,73
103000168,139,136,3
103000169,197,446,-249
103000170,1033,287,746
103000171,26,88,-62
103000172,655,193,462
103000173,792,296,496
103000174,226,250,-24
103000175,362,134,228
103000176,802,669,133
103000177,429,336,93
103000178,156,286,-130
103000179,194,19,175
103000183,189,27,162
103000185,152,39,113
103000186,156,93,63
103000187,787,189,598
103000188,15,72,-57
103000189,706,545,161
103000191,521,543,-22
103000292,748,1744,-996
103000293,918,2511,-1593
103000295,59,118,-59
103000296,270,3,267
103000297,76,160,-84
103000504,81,21,60
103000505,7,43,-36
103000506,2,109,-107
103000507,219,1,218
103000508,62,101,-39
103000509,207,475,-268
103900001,30,109,-79
103900002,694,125,569
103900003,976,173,803
103900004,178,1,177
103900005,12,104,-92
103900006,3,1,2
103900007,125,7,118
103900008,9,0,9
103900009,335,467,-132
103900010,180,319,-139
103900011,487,77,410
103900012,19,17,2
103900013,105,38,67
103900014,93,18,75
103900015,80,8,72
103900016,246,123,123
103900017,31,58,-27
103900018,448,190,258
103900019,100,480,-380
103900020,271,508,-237
103900021,263,66,197
103900022,1084,558,526
103900023,204,1,203
103900024,91,268,-177
103900025,23,30,-7
103900026,80,1,79
103900027,794,212,582
103900028,24,263,-239
103900029,1035,160,875
103900030,306,100,206
103900031,30,2,28
103900032,103,94,9
103900033,109,16,93
103900034,46,67,-21
103900035,63,22,41
103900036,35,43,-8
103900037,112,76,36
103900038,88,232,-144
103900039,124,196,-72
103900040,17,102,-85
103900041,94,47,47
103900042,102,164,-62
103900043,225,57,168
103900044,64,300,-236
103900045,445,181,264
103900047,122,9,113
103900048,23,29,-6
103900049,175,813,-638
103900050,18,150,-132
103900051,1,44,-43
103900052,211,232,-21
103900053,355,299,56
103900054,123,213,-90
103900055,477,189,288
103900056,68,28,40
103900057,70,83,-13
103900058,364,337,27
103900059,0,37,-37
103900060,85,111,-26
103900061,224,24,200
103900062,495,139,356
103900063,6,0,6
103900064,139,4,135
103900065,658,391,267
103900066,181,32,149
103900067,231,16,215
103900068,6,0,6
103900069,97,22,75
103900070,126,132,-6
103900071,7,62,-55
103900072,24,118,-94
103900073,30,59,-29
103900074,58,64,-6
103900075,366,63,303
103900076,691,264,427
103900077,40,142,-102
103900078,321,102,219
103900079,123,161,-38
103900080,10,31,-21
103900081,18,18,0
103900082,23,92,-69
103900083,860,1250,-390
103900084,76,165,-89
103900085,60,104,-44
103900086,968,352,616
103900087,7,32,-25
103900088,403,636,-233
103900089,67,133,-66
103900090,3,43,-40
103900091,1012,200,812
103900092,777,338,439
103900093,51,230,-179
103900094,6,62,-56
103900095,313,188,125
103900096,32,104,-72
103900097,11,310,-299
103900098,314,115,199
103900099,122,65,57
103900100,239,205,34
103900101,107,882,-775
103900102,2,16,-14
103900104,5,22,-17
103900105,56,152,-96
103900106,0,131,-131
103900107,164,101,63
103900108,58,149,-91
103900109,157,47,110
103900110,311,38,273
103900111,152,325,-173
103900112,95,140,-45
103900113,114,264,-150
103900114,296,224,72
103900115,247,245,2
103900116,2659,2868,-209
103900117,103,34,69
103900119,33,120,-87
103900120,76,56,20
103900122,159,121,38
103900123,800,621,179
103900124,66,249,-183
103900125,144,55,89
103900126,632,285,347
103900127,218,219,-1
103900128,144,82,62
103900131,35,81,-46
103900133,1041,59,982
103900134,0,13,-13
103900135,15,7,8
103900137,2,26,-24
103900138,174,77,97
103900139,233,2485,-2252
103900140,7,239,-232
103900141,234,59,175
103900142,291,95,196
103900143,70,0,70
103900144,3,20,-17
103900145,170,181,-11
103900146,322,168,154
103900147,429,90,339
103900148,282,200,82
103900149,426,305,121
103900150,3539,4912,-1373
103900151,34,142,-108
103900152,795,177,618
103900153,4,3,1
103900154,442,2095,-1653
103900155,54,136,-82
103900156,89,88,1
103900157,101,96,5
103900158,156,65,91
103900159,219,35,184
103900160,63,56,7
103900161,106,123,-17
103900162,69,106,-37
103900163,8,331,-323
103900167,20,100,-80
103900168,137,41,96
103900169,41,41,0
103900170,0,64,-64
103900171,4,22,-18
103900172,0,6,-6
103900173,19,32,-13
103900174,234,38,196
103900175,31,103,-72
103900176,11,56,-45
103900177,12,67,-55
103900178,85,41,44
103900179,87,67,20
103900180,11,35,-24
103900181,54,30,24
103900182,38,21,17
103900184,295,143,152
103900185,130,574,-444
103900187,17,113,-96
103900188,69,30,39
103900189,137,10,127
103900190,97,42,55
103900191,38,49,-11
103900192,30,183,-153
103900193,94,116,-22
103900194,88,146,-58
103900195,9,84,-75
103900196,37,26,11
103900197,11,13,-2
103900198,25,33,-8
103900199,115,65,50
103900200,153,70,83
103900201,119,144,-25
103900202,12,55,-43
103900203,46,31,15
103900204,3,38,-35
103900207,0,40,-40
103900208,131,1,130
103900209,10,57,-47
103900210,56,25,31
103900211,603,189,414
103900212,168,203,-35
103900213,58,194,-136
103900214,199,180,19
103900215,224,282,-58
103900216,6,206,-200
103900217,360,28,332
103900218,0,276,-276
103900219,148,133,15
103900233,40,3,37
103900235,2,31,-29
103900236,8,6,2
103900242,15,8,7
103900243,8,2,6
103900244,123,114,9
103900245,140,114,26
103900246,42,32,10
103900247,28,58,-30
103900248,17,80,-63
103900249,9,89,-80
103900250,21,44,-23
103900251,5,17,-12
103900253,9,71,-62
103900254,7,17,-10
103900255,3,6,-3
103900256,15,41,-26
103900257,66,92,-26
103900258,10,1,9
103900259,41,11,30
103900261,8,0,8
103900262,8,3,5
103900263,33,27,6
103900264,60,26,34
103900265,59,13,46
103900266,2,94,-92
103900267,7,59,-52
103900268,6,26,-20
103900269,187,24,163
103900270,51,70,-19
103900271,21,43,-22
103900272,48,38,10
103900273,40,22,18
103900274,152,13,139
103900275,63,16,47
103900276,7,65,-58
103900277,7,52,-45
103900278,0,1,-1
103900279,0,4,-4
104000001,2498,2124,374
104000002,1614,1800,-186
104000003,2228,1710,518
104000004,2211,2039,172
104000005,1814,1580,234
104000006,2862,2315,547
104000007,3381,3704,-323
104000008,154,134,20
104000009,192,89,103
104000010,156,343,-187
104000011,300,156,144
104000012,166,167,-1
104000013,258,235,23
104000014,149,396,-247
104000015,396,119,277
104000016,499,228,271
104000018,928,147,781
104000019,621,235,386
104000020,123,292,-169
104000021,216,324,-108
104000022,120,252,-132
104000023,958,295,663
104000024,209,247,-38
104000026,68,282,-214
104000027,223,160,63
104000028,412,190,222
104000029,301,218,83
104000030,289,143,146
104000031,1384,318,1066
104000032,203,187,16
104000033,680,446,234
104000034,347,194,153
104000035,1088,328,760
104000036,831,388,443
104000037,278,139,139
104000038,551,280,271
104000039,211,115,96
104000040,156,306,-150
104000041,928,241,687
104000042,169,254,-85
104000043,192,267,-75
104000044,199,315,-116
104000045,783,540,243
104000046,829,976,-147
104000047,777,827,-50
104000048,959,827,132
104000049,539,397,142
104000050,201,840,-639
104000051,129,397,-268
104000052,1464,1412,52
104000053,1037,396,641
104000054,557,260,297
104000055,2957,1923,1034
104000056,706,198,508
104000057,110,214,-104
104000058,641,627,14
104000059,507,809,-302
104000060,1001,1112,-111
104000061,1143,758,385
104000062,345,68,277
104000064,419,253,166
104000065,213,715,-502
104000069,614,1327,-713
104000070,62,509,-447
104000071,83,236,-153
104000072,438,110,328
104000075,104,251,-147
104000076,467,99,368
104000082,2211,2909,-698
104000083,661,180,481
104000084,115,409,-294
104000085,279,321,-42
104000086,182,356,-174
104000087,343,1898,-1555
104000090,910,771,139
104000092,1394,1105,289
104000094,799,961,-162
104000095,1956,1128,828
104000096,1618,98,1520
104000097,1799,531,1268
104000098,2384,561,1823
104000100,1876,524,1352
104000101,1268,1209,59
104000106,35,520,-485
104000107,601,275,326
104000108,242,300,-58
104000109,328,101,227
104000110,630,889,-259
104000111,2216,2668,-452
104000112,1159,451,708
104000116,3,573,-570
104000117,212,398,-186
104000118,917,161,756
104000119,816,257,559
104000120,260,451,-191
104000121,266,530,-264
104000122,696,647,49
104000123,661,574,87
104000124,454,1263,-809
104000125,2233,4473,-2240
104000126,453,412,41
104000127,1009,1358,-349
104000128,549,261,288
104000129,474,22,452
104000130,9,258,-249
104000131,305,260,45
104000132,292,284,8
104000133,1225,767,458
104000134,857,1468,-611
104000135,405,1618,-1213
104000136,586,3479,-2893
104000137,1212,345,867
104000138,790,462,328
104000139,3639,2329,1310
104000141,829,1015,-186
104000142,543,346,197
104000143,644,314,330
104000144,94,234,-140
104000145,321,199,122
104000146,220,390,-170
104000147,99,248,-149
104000148,374,158,216
104000149,128,173,-45
104000150,1076,513,563
104000151,332,236,96
104000152,574,463,111
104000153,710,502,208
104000154,683,442,241
104000155,449,499,-50
104000157,864,1091,-227
104000158,391,813,-422
104000159,826,689,137
104000160,1610,1883,-273
104000161,195,160,35
104000162,87,141,-54
104000165,642,792,-150
104000167,720,1160,-440
104000168,773,9,764
104000169,130,26,104
104000170,262,419,-157
104000248,254,461,-207
104000251,66,152,-86
104000272,0,0,0
104000273,0,0,0
104000274,0,0,0
104000275,0,0,0
104000279,684,384,300
104000290,97,217,-120
104000291,399,961,-562
104000293,903,598,305
104000294,43,0,43
104000295,526,697,-171
104000296,504,573,-69
104000297,584,1497,-913
104000298,1902,842,1060
104000299,622,1168,-546
104900001,131,204,-73
104900002,85,220,-135
104900003,58,221,-163
104900004,83,138,-55
104900005,397,300,97
104900006,449,85,364
104900007,358,222,136
104900009,128,193,-65
104900010,76,57,19
104900011,15,22,-7
104900012,181,52,129
104900013,120,13,107
104900014,1595,282,1313
104900015,89,8,81
104900016,272,135,137
104900017,220,131,89
104900018,9,231,-222
104900019,225,3405,-3180
104900020,32,259,-227
104900021,12,91,-79
104900022,6,78,-72
104900023,0,46,-46
104900024,20,62,-42
104900025,74,109,-35
104900026,3,42,-39
104900027,719,304,415
104900028,12,66,-54
104900029,31,35,-4
104900030,476,181,295
104900031,60,185,-125
104900032,55,78,-23
104900033,176,238,-62
104900034,365,138,227
104900035,431,224,207
104900036,219,66,153
104900037,174,152,22
104900038,308,943,-635
104900039,378,399,-21
104900040,463,74,389
104900041,281,113,168
104900042,157,164,-7
104900043,23,191,-168
104900044,777,150,627
104900045,443,53,390
104900046,281,93,188
104900047,452,99,353
104900048,390,38,352
104900049,48,46,2
104900050,324,62,262
104900051,313,29,284
104900052,77,1,76
104900053,380,84,296
104900054,186,24,162
104900055,141,1,140
104900056,145,19,126
104900057,63,1,62
104900058,610,725,-115
104900059,136,55,81
104900060,0,365,-365
104900061,183,343,-160
104900063,1,72,-71
104900064,0,47,-47
104900065,2,250,-248
104900066,3,124,-121
104900067,12,287,-275
104900068,24,124,-100
104900070,137,168,-31
104900071,4,372,-368
104900072,63,183,-120
104900073,105,80,25
104900074,75,152,-77
104900075,70,45,25
104900076,129,124,5
104900077,618,287,331
104900078,215,256,-41
104900079,116,544,-428
104900080,105,436,-331
104900082,27,315,-288
104900085,3,153,-150
104900087,290,7,283
104900089,251,3,248
104900090,1039,793,246
104900091,688,441,247
104900093,185,329,-144
104900097,1559,2083,-524
104900098,165,32,133
104900099,302,799,-497
104900100,322,183,139
104900102,80,101,-21
104900103,440,58,382
104900104,1942,2287,-345
104900106,109,68,41
104900107,132,129,3
104900108,65,180,-115
104900109,128,178,-50
104900110,11,60,-49
104900111,245,128,117
104900112,249,310,-61
104900113,769,215,554
104900114,424,271,153
104900115,816,304,512
104900116,304,100,204
104900118,23,34,-11
104900119,2,52,-50
104900120,19,229,-210
104900121,0,55,-55
104900122,6,24,-18
104900123,54,23,31
104900124,67,0,67
104900125,410,3,407
104900126,81,49,32
104900127,34,39,-5
104900128,113,140,-27
104900129,1090,2438,-1348
105000001,2564,1307,1257
105000002,2099,1366,733
105000003,2968,3855,-887
105000004,649,652,-3
105000005,1163,1150,13
105000006,1437,1639,-202
105000007,1305,1824,-519
105000008,1411,4151,-2740
105000009,3300,3220,80
105000010,2776,1287,1489
105000011,4023,3186,837
105000012,3334,2095,1239
105000013,1057,1169,-112
105000014,2464,2917,-453
105000015,9863,16402,-6539
105000016,1591,1708,-117
105000017,1464,771,693
105000018,949,1594,-645
105000019,1012,916,96
105000020,199,485,-286
105000021,279,115,164
105000022,220,147,73
105000023,472,273,199
105000028,60,69,-9
105000029,646,1457,-811
105000030,3115,1914,1201
105000033,851,1477,-626
105000034,119,1107,-988
105000037,657,183,474
105000038,1817,1686,131
105000039,2244,1412,832
105000040,1171,1611,-440
105000041,517,1371,-854
105000042,3552,2376,1176
105000043,1360,3216,-1856
105000044,721,686,35
105000045,273,435,-162
105000046,1374,363,1011
105000047,568,856,-288
105000048,560,196,364
105000049,211,326,-115
105000050,688,354,334
105000051,154,269,-115
105000052,660,644,16
105000053,76,111,-35
105000054,499,695,-196
105000055,1054,252,802
105000056,1660,1419,241
105000057,1351,531,820
105000058,1234,939,295
105000059,775,467,308
105000060,430,529,-99
105000061,753,369,384
105000062,521,541,-20
105000063,273,294,-21
105000064,1763,727,1036
105000065,387,353,34
105000066,876,915,-39
105000067,1615,756,859
105000068,342,723,-381
105000069,1320,2283,-963
105000070,387,928,-541
105000071,187,1057,-870
105000072,983,2563,-1580
105000073,853,580,273
105000074,886,536,350
105000075,473,606,-133
105000076,1001,763,238
105000077,1989,1087,902
105000078,1034,1326,-292
105000079,1169,3516,-2347
105000080,1811,1292,519
105000081,2743,1379,1364
105000082,1027,2133,-1106
105000083,4102,4331,-229
105000084,592,647,-55
105000085,1718,2581,-863
105000086,562,869,-307
105000087,1207,1935,-728
105000088,1243,1711,-468
105000089,2818,2052,766
105000090,1042,845,197
105000091,1231,1160,71
105000092,578,651,-73
105000093,310,273,37
105000094,363,261,102
105000095,120,422,-302
105000096,1190,1169,21
105000097,845,725,120
105000098,958,600,358
105000099,716,615,101
105000100,1516,960,556
105000101,1969,1818,151
105000102,1931,1593,338
105000103,1215,2486,-1271
105000104,2448,961,1487
105000105,1109,1411,-302
105000106,1621,1198,423
105000107,1707,754,953
105000108,1974,1030,944
105000109,1955,1145,810
105000110,818,419,399
105000111,995,475,520
105000112,1213,465,748
105000113,437,646,-209
105000114,1765,1186,579
105000115,336,1175,-839
105000116,915,478,437
105000117,868,605,263
105000118,737,372,365
105000119,563,481,82
105000120,1195,484,711
105000121,774,559,215
105000122,387,643,-256
105000123,812,746,66
105000124,2212,630,1582
105000125,807,1150,-343
105000126,2075,989,1086
105000127,2278,1269,1009
105000128,639,682,-43
105000129,803,220,583
105000130,319,3523,-3204
105000131,634,272,362
105000132,1073,795,278
105000133,532,702,-170
105000134,1141,573,568
105000135,339,418,-79
105000136,134,193,-59
105000137,677,201,476
105000138,172,251,-79
105000139,861,646,215
105000140,496,373,123
105000141,340,340,0
105000142,298,416,-118
105000143,194,425,-231
105000144,279,541,-262
105000145,802,226,576
105000146,381,604,-223
105000147,796,263,533
105000148,1180,536,644
105000149,2732,1839,893
105000150,1626,948,678
105000151,483,323,160
105000152,168,380,-212
105000153,595,552,43
105000154,533,384,149
105000155,341,856,-515
105000156,633,474,159
105000157,711,1116,-405
105000158,1878,690,1188
105000159,272,804,-532
105000160,2304,523,1781
105000161,668,679,-11
105000162,520,1753,-1233
105000163,895,660,235
105000164,186,231,-45
105000165,631,5670,-5039
105000166,3499,1223,2276
105000167,1176,2093,-917
105000168,470,420,50
105000169,675,239,436
105000170,308,1229,-921
105000171,930,182,748
105000172,157,49,108
105000173,310,72,238
105000174,82,95,-13
105000175,116,104,12
105000176,601,86,515
105000177,407,234,173
105000178,230,285,-55
105000179,963,157,806
105000180,271,86,185
105000181,175,168,7
105000182,57,40,17
105000183,1658,2061,-403
105000184,1232,1343,-111
105000185,1622,1185,437
105000186,540,776,-236
105000187,931,215,716
105000188,342,148,194
105000189,187,488,-301
105000190,311,350,-39
105000191,535,279,256
105000192,353,68,285
105000193,80,133,-53
105000194,450,127,323
105000195,303,486,-183
105000196,78,228,-150
105000197,293,447,-154
105000198,423,261,162
105000199,164,547,-383
105000200,129,393,-264
105000201,95,39,56
105000203,9,115,-106
105000204,87,72,15
105000205,102,192,-90
105000207,435,129,306
105000208,251,1073,-822
105000209,214,214,0
105000212,1056,725,331
105000213,117,162,-45
105000214,224,190,34
105000215,404,149,255
105000216,137,189,-52
105000217,147,225,-78
105000218,1701,922,779
105000221,163,126,37
105000222,649,175,474
105000223,394,193,201
105000226,98,104,-6
105000227,77,71,6
105000228,175,2033,-1858
105000229,145,538,-393
105000231,408,427,-19
105000233,1004,636,368
105000234,557,899,-342
105000235,381,512,-131
105000237,855,74,781
105000243,23,110,-87
105000248,64,87,-23
105000262,386,699,-313
105000269,234,185,49
105000270,502,30,472
105000271,3,134,-131
105000282,36,26,10
105000287,311,108,203
105000288,785,319,466
105000289,2083,2140,-57
105000290,18,8,10
105000402,2193,4134,-1941
105000426,427,740,-313
105000438,3327,1757,1570
105000446,7749,4808,2941
105000447,3937,1956,1981
105000454,588,403,185
105000455,182,109,73
105000474,82,5,77
105000477,581,543,38
105000478,1995,5454,-3459
105000479,141,126,15
105000480,8245,8167,78
105000481,4671,3600,1071
105000482,3747,6561,-2814
105000483,1920,2390,-470
105000484,1676,2504,-828
105000485,1560,3589,-2029
105000486,2360,1984,376
105000488,8031,3898,4133
105000489,933,637,296
105000549,136,112,24
105000550,396,1143,-747
105000551,17,98,-81
105000552,1943,1125,818
105000555,274,473,-199
105900001,17,2269,-2252
105900002,745,824,-79
105900003,11,70,-59
105900004,234,140,94
105900005,6,174,-168
105900006,18,133,-115
105900007,114,41,73
105900008,60,350,-290
105900009,36,12,24
105900011,335,88,247
105900012,636,146,490
105900013,4,36,-32
105900014,16,88,-72
105900015,183,412,-229
105900016,637,493,144
105900017,1694,35,1659
105900018,170,137,33
105900019,97,446,-349
105900020,53,70,-17
105900021,73,1272,-1199
105900022,234,151,83
105900023,19,276,-257
105900024,16,441,-425
105900025,243,33,210
105900026,201,11,190
105900027,15037,8593,6444
105900028,677,528,149
105900029,1756,370,1386
105900030,196,190,6
105900031,339,171,168
105900032,90,111,-21
105900033,101,103,-2
105900034,240,181,59
105900035,176,217,-41
105900036,180,87,93
105900037,103,75,28
105900038,187,194,-7
105900039,160,85,75
105900040,48,93,-45
105900041,158,249,-91
105900042,77,134,-57
105900043,1052,74,978
105900044,7,215,-208
105900045,2,709,-707
105900046,10,189,-179
105900047,11,39,-28
105900048,94,404,-310
105900050,7336,8205,-869
105900051,39,1171,-1132
105900052,616,256,360
105900053,2469,3889,-1420
105900054,323,236,87
105900056,763,469,294
105900057,28,157,-129
105900058,21,9,12
105900059,0,40,-40
106000001,3366,2635,731
106000002,1301,4451,-3150
106000003,3161,3697,-536
106000004,1342,2168,-826
106000005,3966,4519,-553
106000006,4453,2279,2174
106000007,518,506,12
106000008,395,288,107
106000009,643,347,296
106000010,568,472,96
106000011,1133,1049,84
106000012,824,890,-66
106000013,2044,1736,308
106000014,1548,1222,326
106000015,1873,1129,744
106000016,1166,1367,-201
106000017,665,718,-53
106000018,697,380,317
106000019,390,376,14
106000020,337,286,51
106000021,340,369,-29
106000022,357,184,173
106000023,550,231,319
106000024,578,311,267
106000025,130,194,-64
106000026,89,111,-22
106000027,1604,1111,493
106000028,600,259,341
106000029,670,641,29
106000030,377,546,-169
106000034,187,438,-251
106000035,946,2058,-1112
106000036,127,379,-252
106000037,1452,1064,388
106000038,180,110,70
106000039,129,98,31
106000040,102,835,-733
106000041,573,594,-21
106000043,425,207,218
106000046,344,78,266
106000047,47,470,-423
106000049,1070,210,860
106000050,232,470,-238
106000051,797,484,313
106000052,105,367,-262
106000053,539,97,442
106000054,278,255,23
106000055,1195,753,442
106000056,232,253,-21
106000057,458,264,194
106000058,120,107,13
106000059,378,231,147
106000060,254,359,-105
106000061,190,523,-333
106000062,103,411,-308
106000063,713,568,145
106000064,36,238,-202
106000065,498,306,192
106000066,80,257,-177
106000067,428,122,306
106000068,50,476,-426
106000069,329,67,262
106000070,382,505,-123
106000071,1059,269,790
106000072,1999,1346,653
106000073,1219,3007,-1788
106000074,537,578,-41
106000075,279,1261,-982
106000076,1424,1706,-282
106000077,2686,1060,1626
106000078,1145,670,475
106000079,691,621,70
106000080,1309,451,858
106000081,653,895,-242
106000082,2087,600,1487
106000083,429,1248,-819
106000084,1108,591,517
106000085,1075,1353,-278
106000086,541,716,-175
106000087,853,454,399
106000088,356,627,-271
106000089,965,281,684
106000090,280,448,-168
106000091,274,418,-144
106000092,614,218,396
106000093,316,156,160
106000094,92,202,-110
106000095,905,573,332
106000096,904,535,369
106000097,1205,530,675
106000098,783,641,142
106000099,204,776,-572
106000100,1255,178,1077
106000101,1532,326,1206
106000102,209,680,-471
106000103,309,407,-98
106000104,878,292,586
106000105,471,383,88
106000106,700,290,410
106000107,127,152,-25
106000108,318,174,144
106000109,179,165,14
106000110,244,167,77
106000111,154,223,-69
106000112,266,499,-233
106000113,497,399,98
106000114,381,578,-197
106000115,191,244,-53
106000116,258,198,60
106000117,923,471,452
106000118,1191,1348,-157
106000119,998,633,365
106000120,950,1162,-212
106000121,205,141,64
106000122,166,111,55
106000123,589,84,505
106000124,93,109,-16
106000125,26,135,-109
106000126,331,38,293
106000127,974,501,473
106000128,754,125,629
106000129,441,385,56
106000130,880,276,604
106000131,125,559,-434
106000132,477,157,320
106000133,1174,1151,23
106000134,365,2152,-1787
106000135,133,366,-233
106000136,612,977,-365
106000137,67,389,-322
106000138,1170,103,1067
106000139,53,73,-20
106000140,53,20,33
106000141,129,36,93
106000142,121,58,63
106000143,36,22,14
106000144,31,69,-38
106000145,292,156,136
106000146,451,105,346
106000147,329,274,55
106000148,381,552,-171
106000149,566,247,319
106000150,479,1724,-1245
106000151,2587,718,1869
106000152,878,1983,-1105
106000153,89,1793,-1704
106000154,882,100,782
106000155,149,234,-85
106000156,1117,230,887
106000157,681,1364,-683
106000158,2180,982,1198
106000159,2056,1869,187
106000160,493,2823,-2330
106000161,1119,244,875
106000162,365,962,-597
106000163,396,208,188
106000164,480,233,247
106000165,230,288,-58
106000166,832,269,563
106000167,409,574,-165
106000168,576,225,351
106000169,289,358,-69
106000170,833,205,628
106000171,225,845,-620
106000172,2944,1052,1892
106000173,1075,1937,-862
106000174,1321,330,991
106000175,231,484,-253
106000176,1787,700,1087
106000177,761,1615,-854
106000178,3299,1361,1938
106000179,841,1416,-575
106000180,791,785,6
106000181,1089,1365,-276
106000182,1675,546,1129
106000183,1630,423,1207
106000184,2226,522,1704
106000185,1305,1135,170
106000186,690,130,560
106000187,171,1005,-834
106000188,1,1,0
106000189,7,45,-38
106000190,26,6,20
106000191,564,144,420
106000192,2,6,-4
106000193,386,222,164
106000194,129,355,-226
106000195,633,273,360
106000196,175,580,-405
106000197,568,280,288
106000198,146,161,-15
106000199,711,894,-183
106000200,166,263,-97
106000201,396,3622,-3226
106000202,2368,502,1866
106000203,27,89,-62
106000204,99,7,92
106000205,8,104,-96
106000206,89,12,77
106000207,31,312,-281
106000208,1459,144,1315
106000209,1676,335,1341
106000210,243,590,-347
106000211,270,915,-645
106000212,901,451,450
106000213,461,1901,-1440
106000214,1452,805,647
106000215,264,405,-141
106000216,332,237,95
106000217,250,256,-6
106000218,392,294,98
106000219,158,176,-18
106000220,456,197,259
106000221,227,143,84
106000222,82,79,3
106000223,223,82,141
106000224,281,117,164
106000225,71,96,-25
106000226,88,167,-79
106000228,65,74,-9
106000229,98,506,-408
106000231,988,92,896
106000232,62,221,-159
106000233,610,55,555
106000234,71,241,-170
106000235,916,122,794
106000236,281,97,184
106000237,6,15,-9
106000238,157,27,130
106000239,1,120,-119
106000240,36,6,30
106000241,15,430,-415
106000242,261,36,225
106000249,55,43,12
106000250,68,500,-432
106000251,129,38,91
106000252,22,59,-37
106000253,62,70,-8
106000254,38,28,10
106000255,25,142,-117
106000256,49,33,16
106000257,167,183,-16
106000258,284,19,265
106000259,9,86,-77
106000260,28,3,25
106000261,8,42,-34
106000262,107,11,96
106000263,10,37,-27
106000264,272,8,264
106000265,9,144,-135
106000266,111,31,80
106000267,7,89,-82
106000268,321,58,263
106000269,49,36,13
106000270,136,330,-194
106000271,66,125,-59
106000272,156,53,103
106000273,4,195,-191
106000274,172,26,146
106000275,179,227,-48
106000276,102,47,55
106000277,121,238,-117
106000278,142,25,117
106000279,12,16,-4
106000280,55,36,19
106000281,112,41,71
106000282,81,64,17
106000283,153,45,108
106000284,79,65,14
106000285,112,72,40
106000286,84,125,-41
106000287,106,54,52
106000288,96,108,-12
106000289,83,45,38
106000290,62,54,8
106000291,91,68,23
106000292,90,86,4
106000293,125,70,55
106000294,94,107,-13
106000295,44,44,0
106000296,42,74,-32
106000297,62,178,-116
106000298,111,76,35
106000299,51,123,-72
106000300,53,86,-33
106000301,58,88,-30
106000303,25,56,-31
106000304,33,31,2
106000305,40,36,4
106000306,31,28,3
106000307,78,17,61
106000308,36,55,-19
106000309,32,63,-31
106000310,322,327,-5
106000311,368,168,200
106000312,85,103,-18
106000313,183,138,45
106000318,56,464,-408
106000319,1013,251,762
106000320,2,90,-88
106000321,289,147,142
106000322,188,101,87
106000324,23,122,-99
106000325,1707,923,784
106000326,847,1142,-295
106000327,239,66,173
106000328,24,113,-89
106000329,71,205,-134
106000330,24,83,-59
106000428,83,178,-95
106000429,144,272,-128
106000430,294,956,-662
106000431,2583,418,2165
106000432,1208,1956,-748
106000433,2643,1344,1299
106000434,3252,1775,1477
106000435,946,1879,-933
106000436,12,127,-115
106000437,338,42,296
106000438,438,227,211
106000439,83,394,-311
106000440,300,417,-117
106000441,1,0,1
106000442,135,4,131
106000443,171,160,11
106000450,3,78,-75
106000451,32,62,-30
106000454,4,159,-155
106000455,6,105,-99
106000456,95,24,71
106000457,8,518,-510
106000458,1162,70,1092
106000459,162,199,-37
106000460,1739,22,1717
106000461,130,525,-395
106000462,0,30,-30
106000463,2,9,-7
106000464,4,166,-162
106000465,830,7,823
106000466,4,276,-272
106000467,184,257,-73
106000468,91,144,-53
106000469,97,0,97
106000470,215,1568,-1353
106000471,9,325,-316
106000472,175,19,156
106000473,33,6,27
106000474,301,251,50
106000475,325,114,211
106000476,105,208,-103
106000477,17,16,1
106000480,0,118,-118
106900001,0,13,-13
106900002,1,254,-253
106900003,181,1252,-1071
106900004,0,6,-6
106900006,0,9,-9
106900007,0,8,-8
106900008,415,87,328
106900009,421,212,209
106900010,219,209,10
106900012,984,2678,-1694
106900013,884,197,687
106900014,36,3,33
106900015,13,1,12
106900016,328,21,307
106900017,9,0,9
106900018,3,0,3
106900019,78,1,77
106900020,2223,1587,636
106900021,193,114,79
106900022,951,3,948
106900023,97,215,-118
106900024,786,72,714
106900025,47,764,-717
106900026,1,290,-289
106900027,887,7,880
107000001,3803,5487,-1684
107000002,2137,3961,-1824
107000003,7062,6403,659
107000004,4056,3065,991
107000005,6247,6045,202
107000006,3519,2250,1269
107000007,6426,10620,-4194
107000008,7979,5990,1989
107000009,9235,8643,592
107000010,7459,6439,1020
107000011,871,1029,-158
107000012,3297,2040,1257
107000013,116,61,55
107000014,83,109,-26
107000015,471,480,-9
107000016,834,508,326
107000017,3330,7036,-3706
107000018,41,5796,-5755
107000020,2476,6114,-3638
107000021,1573,509,1064
107000022,1018,2936,-1918
107000023,2119,233,1886
107000024,1061,1311,-250
107000025,274,363,-89
107000026,580,277,303
107000027,1617,1107,510
107000028,1571,822,749
107000029,4158,3645,513
107000030,2864,2073,791
107000031,5119,2519,2600
107000032,387,667,-280
107000033,2177,3604,-1427
107000034,6854,1285,5569
107000035,384,221,163
107000036,1577,1304,273
107000037,91,751,-660
107000038,236,240,-4
107000039,1140,851,289
107000040,215,263,-48
107000041,1588,830,758
107000042,709,1992,-1283
107000043,2012,1106,906
107000044,449,526,-77
107000045,101,268,-167
107000046,882,496,386
107000047,399,657,-258
107000048,615,323,292
107000049,633,630,3
107000050,1069,470,599
107000051,236,325,-89
107000052,998,1052,-54
107000053,394,256,138
107000054,70,238,-168
107000055,222,102,120
107000056,459,725,-266
107000057,1158,216,942
107000058,2100,2567,-467
107000059,1742,2738,-996
107000060,5323,5053,270
107000061,4695,2726,1969
107000062,5795,2916,2879
107000063,4168,3160,1008
107000064,5215,3062,2153
107000065,3834,3611,223
107000066,2053,3862,-1809
107000067,1349,1430,-81
107000068,1383,836,547
107000069,1192,704,488
107000070,1059,8,1051
107000071,3924,75,3849
107000072,55,1561,-1506
107000073,1048,472,576
107000074,125,649,-524
107000075,2115,522,1593
107000076,489,944,-455
107000077,4572,1562,3010
107000078,1927,2119,-192
107000079,3072,1272,1800
107000080,901,2145,-1244
107000081,2518,618,1900
107000082,649,980,-331
107000083,1644,527,1117
107000084,320,983,-663
107000085,2987,3010,-23
107000086,3124,2721,403
107000087,3342,1925,1417
107000088,3491,3098,393
107000089,1753,1716,37
107000090,1295,921,374
107000091,1707,834,873
107000092,942,695,247
107000093,1324,834,490
107000094,921,828,93
107000095,985,660,325
107000096,479,516,-37
107000097,868,367,501
107000098,434,390,44
107000099,494,259,235
107000100,266,443,-177
107000101,73,162,-89
107000102,190,343,-153
107000103,269,164,105
107000104,155,213,-58
107000105,427,115,312
107000106,214,226,-12
107000107,519,107,412
107000108,139,339,-200
107000109,682,162,520
107000110,50,248,-198
107000111,426,46,380
107000112,43,185,-142
107000113,772,102,670
107000114,100,345,-245
107000115,721,195,526
107000116,113,522,-409
107000117,149,795,-646
107000118,78,109,-31
107000119,1355,1491,-136
107000120,838,600,238
107000121,1166,605,561
107000122,1023,611,412
107000123,507,497,10
107000124,605,524,81
107000125,1279,511,768
107000126,1106,457,649
107000129,224,435,-211
107000130,723,204,519
107000131,483,458,25
107000132,654,289,365
107000133,439,182,257
107000134,285,2,283
107000135,4,299,-295
107000136,688,5,683
107000137,9,475,-466
107000138,205,18,187
107000139,19,565,-546
107000140,1684,107,1577
107000141,152,645,-493
107000142,600,109,491
107000143,71,484,-413
107000144,648,446,202
107000145,114,400,-286
107000146,218,318,-100
107000147,3826,735,3091
107000150,485,3311,-2826
107000151,53,113,-60
107000152,417,1643,-1226
107000153,100,287,-187
107000154,140,267,-127
107000155,1110,18,1092
107000156,1353,40,1313
107000157,181,735,-554
107000158,778,19,759
107000159,47,462,-415
107000160,1461,169,1292
107000161,78,652,-574
107000162,275,726,-451
107000163,257,10,247
107000164,868,1,867
107000165,1595,7,1588
107000166,27,618,-591
107000167,769,210,559
107000168,1111,594,517
107000169,743,665,78
107000170,3092,792,2300
107000171,725,1194,-469
107000172,1482,1658,-176
107000173,648,536,112
107000174,1420,6592,-5172
107000175,4742,1081,3661
107000176,1,0,1
107000177,5,1,4
107000178,26,13,13
107000179,273,1229,-956
107000180,1648,225,1423
107000181,466,657,-191
107000182,2122,708,1414
107000183,173,501,-328
107000184,1354,565,789
107000185,507,1031,-524
107000186,1539,509,1030
107000187,1475,973,502
107000188,633,533,100
107000189,571,849,-278
107000190,732,595,137
107000191,866,703,163
107000192,1792,525,1267
107000193,480,465,15
107000194,731,516,215
107000197,1022,294,728
107000198,319,554,-235
107000199,1016,600,416
107000200,631,657,-26
107000201,567,387,180
107000202,341,471,-130
107000203,1222,1236,-14
107000204,1311,1358,-47
107000205,1901,1115,786
107000206,939,1761,-822
107000207,725,1350,-625
107000208,1273,755,518
107000209,1451,1373,78
107000210,384,254,130
107000211,3,58,-55
107000212,56,332,-276
107000213,2,19,-17
107000214,18,138,-120
107000215,586,260,326
107000216,548,936,-388
107000217,284,111,173
107000219,151,194,-43
107000220,229,163,66
107000222,269,445,-176
107000224,1202,93,1109
107000225,285,251,34
107000226,891,95,796
107000227,88,148,-60
107000228,319,447,-128
107000229,68,107,-39
107000230,939,447,492
107000231,1005,2062,-1057
107000232,157,33,124
107000233,766,1107,-341
107000234,2,79,-77
107000235,169,6,163
107000236,10,563,-553
107000237,48,1,47
107000238,33,3,30
107000239,3384,495,2889
107000240,76,685,-609
107000241,78,10,68
107000242,264,42,222
107000243,0,34,-34
107000244,8,71,-63
107000246,3,1062,-1059
107000249,4,1171,-1167
107000251,0,317,-317
107000252,2,532,-530
107000255,213,159,54
107000257,7,425,-418
107000258,1,196,-195
107000259,4,107,-103
107000260,1792,39,1753
107000262,9,259,-250
107000263,441,6,435
107000266,10,13,-3
107000267,36,69,-33
107000268,78,96,-18
107000269,147,7,140
107000270,117,47,70
107000271,5,85,-80
107000272,90,11,79
107000273,34,450,-416
107000274,3427,1471,1956
107000275,232,4711,-4479
107000280,1163,42,1121
107000281,39,367,-328
107000282,141,496,-355
107000290,34,54,-20
107000291,15,9,6
107000292,2,476,-474
107000293,74,1,73
107000294,1,55,-54
107000295,65,3,62
107000296,0,15,-15
107000444,305,7,298
107000496,4,0,4
107000497,1347,1455,-108
107000500,476,261,215
107000501,122,100,22
107000502,209,219,-10
107000505,257,574,-317
107000506,0,23,-23
107000508,2,352,-350
107000509,242,655,-413
107000510,45,49,-4
107000514,58,374,-316
107000515,21,96,-75
107000516,426,367,59
107000518,1516,1911,-395
107000519,1105,658,447
107000520,118,65,53
107000521,675,278,397
107000522,815,439,376
107900001,117,97,20
107900002,54,10,44
107900003,624,25,599
107900004,191,46,145
107900005,1896,9,1887
107900006,283,6,277
107900007,454,43,411
107900008,57,12,45
107900009,231,8,223
107900010,60,5,55
107900012,334,53,281
107900013,245,18,227
107900014,53,9,44
107900015,1338,12,1326
107900016,377,108,269
107900017,45,2,43
107900018,127,237,-110
107900019,28,15,13
107900020,123,19,104
107900021,137,73,64
107900023,6,2,4
107900024,0,1,-1
107900025,263,205,58
107900026,95,37,58
107900027,40,35,5
107900028,156,46,110
107900030,205,28,177
107900031,66,61,5
107900032,15,1,14
107900033,21,9,12
107900034,425,23,402
107900035,1116,46,1070
107900036,90,22,68
107900037,0,2,-2
107900038,81,277,-196
107900039,49,23,26
107900040,39,224,-185
107900041,2,10,-8
107900043,74,72,2
107900044,14,6,8
107900045,128,74,54
107900046,207,190,17
107900047,37,5,32
107900048,281,20,261
107900049,355,1541,-1186
107900050,68,192,-124
107900051,104,32,72
107900052,47,24,23
107900053,77,75,2
107900055,803,320,483
107900056,182,56,126
107900057,0,0,0
107900058,29,416,-387
107900060,41,152,-111
107900061,17,15,2
107900063,58,139,-81
107900064,286,227,59
107900065,332,13,319
107900066,41,3,38
107900067,0,2,-2
107900068,173,645,-472
107900069,23,2666,-2643
107900070,187,100,87
107900071,33,511,-478
107900072,175,88,87
107900073,183,94,89
107900074,383,343,40
107900076,174,37,137
107900077,112,1,111
107900078,227,42,185
107900079,18,27,-9
107900080,278,800,-522
107900081,72,97,-25
107900082,16,5,11
107900083,402,195,207
107900084,131,140,-9
107900086,38,215,-177
107900087,379,143,236
107900088,65,14,51
107900089,252,1153,-901
107900090,2088,2925,-837
107900091,158,231,-73
107900092,1241,279,962
107900093,71,67,4
107900095,2211,2204,7
107900097,27,75,-48
107900098,71,179,-108
107900100,630,1645,-1015
107900101,689,145,544
107900102,35,9,26
107900103,56,192,-136
107900104,197,5,192
107900105,37,178,-141
107900106,10,490,-480
107900107,1982,567,1415
107900108,146,123,23
107900109,1888,40,1848
107900110,85,47,38
107900111,2,376,-374
107900112,96,466,-370
107900113,258,45,213
107900114,200,86,114
107900115,3,26,-23
107900116,255,75,180
107900117,257,203,54
107900118,71,97,-26
107900119,111,319,-208
107900120,28,42,-14
107900121,3,150,-147
107900122,2,193,-191
107900123,6,54,-48
107900124,20,49,-29
107900125,20,155,-135
107900126,8,46,-38
107900127,608,392,216
107900128,64,74,-10
107900129,100,15,85
107900130,105,16,89
107900131,332,396,-64
107900132,69,196,-127
107900133,1,46,-45
107900134,27,121,-94
107900135,7,111,-104
107900136,28,41,-13
107900137,102,85,17
107900138,97,30,67
107900139,89,38,51
107900140,103,42,61
107900141,46,37,9
107900142,54,455,-401
107900143,66,10,56
107900144,1,117,-116
107900145,28,65,-37
107900146,51,171,-120
107900147,39,43,-4
107900148,128,87,41
107900149,561,143,418
107900150,69,351,-282
107900151,49,95,-46
107900152,11,96,-85
107900153,91,356,-265
107900154,59,30,29
107900155,115,54,61
107900156,5,131,-126
107900157,56,39,17
107900158,1109,36,1073
107900159,26,468,-442
107900160,139,122,17
107900161,34,84,-50
107900162,0,149,-149
107900163,78,63,15
107900164,22,27,-5
107900165,56,155,-99
107900166,27,96,-69
107900167,23,35,-12
107900168,51,23,28
107900169,0,191,-191
107900171,3,614,-611
107900172,1,195,-194
107900173,31,70,-39
107900174,159,8,151
107900175,62,54,8
107900176,61,22,39
107900177,12,368,-356
107900178,13,102,-89
107900179,16,81,-65
107900180,349,808,-459
107900181,427,298,129
107900182,2,479,-477
107900183,63,132,-69
107900184,134,173,-39
107900185,174,2,172
107900186,66,36,30
107900187,6,112,-106
107900188,349,110,239
107900189,45,74,-29
107900190,35,198,-163
107900191,59,85,-26
107900193,3,57,-54
107900194,230,18,212
107900195,1160,230,930
107900196,108,60,48
107900197,409,497,-88
107900199,0,436,-436
107900201,73,79,-6
107900203,28,73,-45
107900204,133,244,-111
107900205,198,250,-52
107900206,1154,297,857
107900207,12,331,-319
107900208,9,283,-274
107900209,237,102,135
107900210,50,58,-8
107900213,653,723,-70
107900214,15,54,-39
107900215,142,373,-231
107900216,147,30,117
107900217,65,115,-50
107900218,17,3020,-3003
107900219,23,43,-20
107900220,137,254,-117
107900221,127,143,-16
107900223,107,300,-193
107900224,78,431,-353
107900225,5,598,-593
107900226,82,58,24
107900227,113,249,-136
107900228,24,63,-39
107900229,0,102,-102
107900230,15,38,-23
107900231,21,125,-104
107900232,117,68,49
107900233,11,53,-42
107900234,113,55,58
107900235,23,139,-116
107900236,176,40,136
107900237,37,266,-229
107900238,36,62,-26
107900239,405,716,-311
107900240,31,62,-31
107900241,11,40,-29
107900242,28,109,-81
107900243,0,42,-42
107900244,352,26,326
107900245,740,42,698
107900246,515,65,450
107900248,374,212,162
107900249,1096,92,1004
107900250,18,266,-248
107900251,61,688,-627
107900252,1151,36,1115
107900253,289,10,279
107900254,65,343,-278
107900255,152,89,63
107900256,1575,3079,-1504
107900257,312,136,176
107900258,148,212,-64
107900259,77,2583,-2506
107900261,3,129,-126
107900262,47,95,-48
107900264,559,11,548
107900265,249,198,51
107900267,318,17,301
107900268,3,0,3
107900269,0,0,0
107900270,0,0,0
107900271,0,23,-23
107900272,18,10,8
107900273,63,83,-20
107900274,126,0,126
107900275,34,4,30
107900276,2,53,-51
107900277,0,108,-108
107900278,355,192,163
107900279,37,90,-53
107900280,2099,2068,31
107900281,549,3835,-3286
107900282,32,657,-625
107900283,625,617,8
107900284,708,376,332
107900285,157,41,116
107900286,62,60,2
107900287,288,159,129
107900290,0,198,-198
107900291,648,23,625
107900292,142,111,31
107900293,87,237,-150
107900295,54,28,26
107900297,4,268,-264
107900298,579,521,58
107900299,2348,2724,-376
107900300,95,274,-179
107900301,1101,842,259
107900302,127,43,84
107900303,227,158,69
107900304,426,274,152
107900305,372,7,365
107900306,10,42,-32
107900307,44,194,-150
107900308,183,164,19
107900309,59,0,59
107900310,530,7,523
107900311,10,1459,-1449
107900312,60,1,59
107900313,1,170,-169
107900314,2,54,-52
107900315,0,34,-34
107900316,58,3,55
107900317,90,31,59
107900318,28,149,-121
107900319,4,104,-100
107900320,0,92,-92
107900321,134,9,125
107900322,0,62,-62
107900323,5,130,-125
107900324,123,2,121
107900325,97,0,97
107900326,436,141,295
107900327,20,47,-27
107900328,59,0,59
107900329,77,144,-67
107900330,11,197,-186
107900331,326,20,306
107900332,325,14,311
107900333,66,24,42
107900334,14,97,-83
107900335,53,46,7
107900336,29,93,-64
107900337,560,886,-326
107900338,8,111,-103
107900339,0,12,-12
107900340,2,28,-26
107900341,71,2,69
107900342,135,111,24
107900343,40,7,33
107900344,15,37,-22
107900345,128,49,79
107900346,17,1,16
107900347,22,4,18
107900348,10,4,6
107900349,35,16,19
107900350,22,188,-166
108000001,3204,3662,-458
108000002,1595,1818,-223
108000003,3575,3881,-306
108000004,9757,10734,-977
108000005,8646,6732,1914
108000006,6071,6330,-259
108000007,5493,3687,1806
108000008,3496,4709,-1213
108000009,4020,4550,-530
108000010,2414,3122,-708
108000011,12805,11882,923
108000012,11523,11145,378
108000014,741,1155,-414
108000015,770,197,573
108000016,300,651,-351
108000017,1176,353,823
108000018,1901,625,1276
108000019,1764,1022,742
108000020,1257,449,808
108000021,308,1512,-1204
108000022,406,970,-564
108000023,1310,217,1093
108000024,266,291,-25
108000025,328,201,127
108000026,740,261,479
108000027,890,357,533
108000028,725,183,542
108000029,565,330,235
108000030,692,158,534
108000031,190,470,-280
108000032,1934,658,1276
108000033,806,794,12
108000034,1989,489,1500
108000035,636,1390,-754
108000036,321,700,-379
108000037,1836,364,1472
108000038,2975,471,2504
108000039,474,1206,-732
108000040,2183,889,1294
108000041,638,1611,-973
108000042,372,144,228
108000043,179,156,23
108000044,672,142,530
108000045,248,301,-53
108000046,1548,281,1267
108000047,438,570,-132
108000048,153,229,-76
108000049,939,260,679
108000050,83,286,-203
108000051,352,173,179
108000052,143,446,-303
108000053,449,222,227
108000054,430,841,-411
108000055,1187,691,496
108000056,800,1150,-350
108000057,712,1396,-684
108000058,1973,3541,-1568
108000059,2320,1537,783
108000060,172,425,-253
108000061,157,202,-45
108000062,1062,631,431
108000063,565,320,245
108000064,283,271,12
108000065,506,308,198
108000066,1266,662,604
108000067,1998,746,1252
108000068,903,371,532
108000069,216,625,-409
108000070,2107,669,1438
108000071,557,969,-412
108000072,2082,1013,1069
108000073,1029,1163,-134
108000074,645,357,288
108000075,280,468,-188
108000076,953,538,415
108000077,567,461,106
108000078,2670,1118,1552
108000079,699,855,-156
108000080,1774,447,1327
108000081,567,785,-218
108000082,826,1228,-402
108000083,2005,863,1142
108000084,368,822,-454
108000085,943,527,416
108000086,614,536,78
108000087,168,2391,-2223
108000088,211,9,202
108000089,358,330,28
108000090,515,153,362
108000091,351,352,-1
108000092,236,70,166
108000093,218,283,-65
108000094,625,73,552
108000095,206,187,19
108000096,426,133,293
108000097,134,301,-167
108000098,2047,1010,1037
108000099,309,87,222
108000100,91,208,-117
108000101,1809,1697,112
108000102,1636,3687,-2051
108000106,848,2,846
108000107,4,698,-694
108000108,592,39,553
108000109,11,732,-721
108000110,235,254,-19
108000111,153,398,-245
108000112,63,136,-73
108000113,360,173,187
108000115,295,288,7
108000117,733,415,318
108000118,66,233,-167
108000119,463,272,191
108000120,152,772,-620
108000121,174,307,-133
108000122,632,317,315
108000123,827,128,699
108000124,396,415,-19
108000125,464,240,224
108000126,169,247,-78
108000127,594,222,372
108000128,644,257,387
108000129,338,586,-248
108000130,638,209,429
108000131,966,497,469
108000132,1276,744,532
108000133,1220,442,778
108000134,525,381,144
108000135,1251,472,779
108000136,258,606,-348
108000137,527,198,329
108000138,654,535,119
108000139,550,308,242
108000140,131,22,109
108000141,35,38,-3
108000142,50,50,0
108000143,54,18,36
108000144,49,6,43
108000145,47,9,38
108000146,106,8,98
108000147,24,12,12
108000148,71,7,64
108000149,11,5,6
108000150,43,3,40
108000151,18,28,-10
108000152,91,292,-201
108000153,791,145,646
108000154,43,9,34
108000155,30,14,16
108000156,339,106,233
108000157,183,1243,-1060
108000158,72,833,-761
108000159,299,180,119
108000160,1708,1088,620
108000161,1657,3266,-1609
108000165,4,255,-251
108000172,3,234,-231
108000173,1052,2099,-1047
108000175,338,96,242
108000178,362,319,43
108000179,136,1003,-867
108000181,107,28,79
108000182,84,10,74
108000183,9,18,-9
108000184,570,2516,-1946
108000185,345,246,99
108000186,189,34,155
108000187,165,283,-118
108000188,827,147,680
108000189,417,1434,-1017
108000190,26,77,-51
108000192,217,291,-74
108000193,594,27,567
108000194,32,4,28
108000195,1,643,-642
108000196,297,177,120
108000198,451,147,304
108000199,1,306,-305
108000200,521,202,319
108000202,2,400,-398
108000203,169,296,-127
108000204,234,86,148
108000205,155,270,-115
108000339,953,319,634
108000364,93,214,-121
108000365,68,259,-191
108000367,137,210,-73
108000368,9,72,-63
108000369,409,269,140
108000371,2,507,-505
108000372,567,2,565
108000373,228,109,119
108000376,128,54,74
108000377,623,160,463
108000378,9003,10591,-1588
108000379,31,194,-163
108000381,104,18,86
108000382,230,3,227
108000383,0,212,-212
108900001,60,481,-421
108900002,214,55,159
108900003,287,438,-151
108900004,81,477,-396
108900005,73,567,-494
108900006,819,186,633
108900007,425,220,205
108900008,173,111,62
108900009,124,138,-14
108900010,362,138,224
108900011,826,315,511
108900012,495,355,140
108900013,201,220,-19
108900014,51,123,-72
108900015,0,155,-155
108900016,3,183,-180
108900017,272,439,-167
108900018,191,284,-93
108900019,47,317,-270
108900020,54,121,-67
108900021,162,170,-8
108900022,113,13,100
108900023,10,57,-47
108900024,40,41,-1
108900025,191,71,120
108900026,11,96,-85
108900027,0,38,-38
108900028,128,139,-11
108900029,60,165,-105
108900030,0,59,-59
108900031,149,197,-48
108900032,13,130,-117
108900033,1,107,-106
108900034,1,94,-93
108900035,257,682,-425
108900036,190,178,12
108900037,45,187,-142
108900038,1,224,-223
108900039,1,193,-192
108900040,11,60,-49
108900041,3480,3415,65
108900042,9,427,-418
108900043,64,385,-321
108900044,4,253,-249
108900045,133,207,-74
108900046,31,381,-350
108900047,2,135,-133
108900048,79,508,-429
108900049,1433,1909,-476
108900050,1,116,-115
108900051,1,89,-88
108900052,15,113,-98
108900053,59,279,-220
108900054,63,166,-103
108900055,53,305,-252
108900056,1,95,-94
108900057,1,64,-63
108900058,29,187,-158
108900059,614,68,546
108900060,120,128,-8
108900061,87,28,59
108900062,6,156,-150
108900063,18,156,-138
108900064,320,37,283
108900065,14,114,-100
108900066,527,136,391
108900067,12,155,-143
108900068,7,58,-51
108900069,100,53,47
108900070,31,63,-32
108900071,169,39,130
108900072,1761,578,1183
108900073,19,179,-160
108900074,274,150,124
108900075,37,38,-1
108900076,563,52,511
108900077,97,252,-155
108900078,78,59,19
108900079,479,162,317
108900080,26,994,-968
108900081,32,208,-176
108900082,145,65,80
108900083,24,282,-258
108900084,370,181,189
108900085,1305,160,1145
108900086,163,120,43
108900087,93,138,-45
108900088,888,450,438
108900089,35,134,-99
108900090,70,169,-99
108900091,121,41,80
108900092,521,262,259
108900093,130,94,36
108900094,232,61,171
108900095,38,159,-121
108900096,192,10,182
108900097,333,132,201
108900098,1251,894,357
108900099,474,132,342
108900100,68,83,-15
108900101,199,279,-80
108900102,83,1242,-1159
108900103,108,155,-47
108900104,98,313,-215
108900105,3,1547,-1544
108900106,558,188,370
108900108,403,40,363
108900109,426,61,365
108900110,250,225,25
108900111,484,303,181
108900112,324,20,304
108900113,31,97,-66
108900114,41,13,28
108900115,132,82,50
108900116,61,7,54
108900117,244,25,219
108900118,715,8,707
108900119,362,36,326
108900120,295,198,97
108900121,335,126,209
108900122,194,27,167
108900123,206,164,42
108900124,565,188,377
108900125,549,12,537
108900126,127,59,68
108900127,224,21,203
108900128,148,40,108
108900129,970,125,845
108900130,419,5,414
108900131,437,10,427
108900132,544,61,483
108900133,346,105,241
108900134,476,178,298
108900135,217,6,211
108900136,88,2,86
108900137,173,2,171
108900138,869,77,792
108900139,658,53,605
108900140,498,132,366
108900141,521,6,515
108900142,98,5,93
108900143,136,1,135
108900144,106,2,104
108900145,217,19,198
108900146,95,1,94
108900147,268,1,267
108900148,106,55,51
108900149,377,202,175
108900150,290,10,280
108900151,115,32,83
108900152,337,18,319
108900153,239,125,114
108900154,4982,402,4580
108900155,302,67,235
108900156,97,6,91
108900157,40,243,-203
108900158,421,35,386
108900159,5,110,-105
108900160,6,141,-135
108900161,6,285,-279
108900162,118,4,114
108900163,4,337,-333
108900164,39,64,-25
108900165,123,69,54
108900167,978,8709,-7731
108900168,4514,2610,1904
108900169,85,83,2
108900171,3768,3425,343
108900172,226,47,179
108900173,110,267,-157
108900174,1007,513,494
108900176,138,281,-143
108900177,5249,6865,-1616
108900178,2501,3551,-1050
108900179,469,2199,-1730
108900180,158,298,-140
108900182,54,397,-343
108900183,178,185,-7
108900184,599,208,391
108900185,124,278,-154
108900186,111,291,-180
108900187,519,47,472
108900188,900,54,846
108900189,542,109,433
108900190,125,1477,-1352
108900191,168,39,129
108900192,113,185,-72
108900193,105,42,63
108900194,10,244,-234
108900195,96,165,-69
108900196,19,198,-179
108900198,3,247,-244
108900199,255,258,-3
108900200,722,388,334
108900201,500,1046,-546
108900203,524,140,384
108900204,377,21,356
108900205,199,60,139
108900206,492,71,421
108900207,217,176,41
108900208,13,250,-237
108900209,148,370,-222
108900210,202,211,-9
108900211,178,555,-377
108900212,385,1601,-1216
108900215,72,252,-180
108900216,385,386,-1
108900217,112,0,112
108900218,85,19,66
108900219,51,9,42
108900220,62,27,35
108900221,19,187,-168
108900222,329,34,295
108900223,4,108,-104
108900224,24,148,-124
108900225,2,131,-129
108900226,365,20,345
108900227,110,432,-322
108900230,138,188,-50
108900231,40,167,-127
108900232,5,157,-152
108900233,541,96,445
108900234,374,175,199
108900235,140,383,-243
108900236,34,332,-298
108900237,63,174,-111
108900240,170,65,105
108900241,46,51,-5
108900245,8,1324,-1316
108900249,132,34,98
108900250,233,83,150
108900257,210,174,36
108900258,27,157,-130
108900259,27,42,-15
108900260,2,54,-52
108900261,46,91,-45
108900262,88,91,-3
108900263,49,108,-59
108900264,319,226,93
108900265,2143,663,1480
108900266,430,746,-316
108900267,3,169,-166
108900268,4,14,-10
108900269,94,26,68
108900270,90,13,77
108900271,80,12,68
108900272,233,17,216
108900273,480,2055,-1575
108900274,56,42,14
109000001,2390,2067,323
109000002,990,2083,-1093
109000003,2743,399,2344
109000004,558,1606,-1048
109000005,2493,554,1939
109000006,718,1527,-809
109000007,1792,594,1198
109000008,634,1339,-705
109000009,3553,1262,2291
109000010,1017,3181,-2164
109000011,4010,2174,1836
109000012,1893,2310,-417
109000013,4622,3834,788
109000014,2350,2091,259
109000015,3988,8984,-4996
109000016,4712,2273,2439
109000017,3090,1185,1905
109000018,1014,1869,-855
109000019,2728,1319,1409
109000020,1034,1447,-413
109000023,272,22,250
109000024,18,151,-133
109000025,275,471,-196
109000026,472,325,147
109000027,118,368,-250
109000028,134,77,57
109000029,120,250,-130
109000030,68,477,-409
109000031,242,182,60
109000032,133,482,-349
109000033,313,150,163
109000034,56,48,8
109000035,18,64,-46
109000036,103,269,-166
109000037,259,1981,-1722
109000038,401,367,34
109000039,1114,949,165
109000040,2973,11744,-8771
109000041,1744,1704,40
109000042,559,1292,-733
109000044,486,40,446
109000045,155,286,-131
109000046,436,58,378
109000047,56,370,-314
109000048,824,194,630
109000049,228,440,-212
109000050,420,241,179
109000051,223,179,44
109000052,551,480,71
109000053,277,89,188
109000054,325,369,-44
109000055,334,346,-12
109000056,419,299,120
109000057,1028,416,612
109000058,643,212,431
109000059,558,1323,-765
109000060,286,328,-42
109000061,615,1451,-836
109000062,145,372,-227
109000063,221,156,65
109000064,374,133,241
109000065,224,132,92
109000066,424,52,372
109000067,64,196,-132
109000068,1281,22,1259
109000069,647,20,627
109000070,9,1685,-1676
109000071,446,64,382
109000072,90,291,-201
109000073,86,80,6
109000074,36,176,-140
109000075,85,298,-213
109000076,117,237,-120
109000077,256,173,83
109000078,100,129,-29
109000079,113,102,11
109000080,235,76,159
109000081,123,251,-128
109000082,817,97,720
109000083,270,343,-73
109000088,133,418,-285
109000089,304,66,238
109000090,108,320,-212
109000091,389,227,162
109000092,276,318,-42
109000093,309,212,97
109000094,730,5,725
109000095,107,275,-168
109000096,872,229,643
109000097,107,106,1
109000098,53,152,-99
109000099,883,299,584
109000100,229,519,-290
109000101,2009,457,1552
109000102,429,582,-153
109000103,548,439,109
109000104,2176,392,1784
109000105,467,749,-282
109000106,1952,602,1350
109000107,565,1158,-593
109000108,2167,515,1652
109000109,430,1058,-628
109000110,1346,562,784
109000111,645,1438,-793
109000112,368,110,258
109000113,459,140,319
109000114,204,271,-67
109000115,1014,22,992
109000116,10,257,-247
109000117,258,37,221
109000118,5,233,-228
109000119,1591,134,1457
109000120,247,466,-219
109000121,701,31,670
109000122,182,437,-255
109000123,46,32,14
109000124,834,272,562
109000125,995,229,766
109000126,506,437,69
109000127,1227,190,1037
109000128,513,641,-128
109000129,3075,758,2317
109000130,560,876,-316
109000131,1075,747,328
109000132,661,1153,-492
109000133,312,635,-323
109000134,705,988,-283
109000135,782,1799,-1017
109000136,271,217,54
109000137,325,342,-17
109000138,486,174,312
109000139,565,305,260
109000140,271,203,68
109000141,675,339,336
109000142,153,431,-278
109000143,119,87,32
109000145,109,247,-138
109000146,53,80,-27
109000148,1998,2406,-408
109000149,15,51,-36
109000150,64,267,-203
109000155,1049,609,440
109000156,797,447,350
109000158,150,277,-127
109000159,181,282,-101
109000160,1031,165,866
109000161,352,666,-314
109000162,2008,543,1465
109000163,1199,1161,38
109000164,1261,1701,-440
109000165,1413,444,969
109000166,802,95,707
109000167,115,354,-239
109000170,27,35,-8
109000171,75,50,25
109000172,34,54,-20
109000173,30,94,-64
109000174,124,33,91
109000175,51,41,10
109000176,306,154,152
109000177,53,88,-35
109000178,982,279,703
109000179,3047,5791,-2744
109000180,3775,3783,-8
109000181,31,3,28
109000182,69,9,60
109000183,41,16,25
109000184,31,10,21
109000185,11,27,-16
109000188,532,1047,-515
109000189,2705,641,2064
109000190,769,450,319
109000191,461,337,124
109000192,474,175,299
109000193,182,133,49
109000194,327,88,239
109000195,194,197,-3
109000196,320,76,244
109000197,221,202,19
109000198,363,69,294
109000199,121,296,-175
109000206,259,32,227
109000207,150,29,121
109000208,136,94,42
109000209,187,85,102
109000210,136,409,-273
109000211,798,402,396
109000214,426,173,253
109000215,164,48,116
109000216,324,254,70
109000217,298,169,129
109000218,406,243,163
109000221,428,704,-276
109000222,946,207,739
109000223,430,394,36
109000224,43,85,-42
109000225,97,28,69
109000226,53,125,-72
109000227,1287,590,697
109000228,19,2088,-2069
109000231,19,197,-178
109000232,447,188,259
109000236,261,587,-326
109000241,2052,1542,510
109000242,1804,816,988
109000293,23,74,-51
109000361,87,163,-76
109000364,153,488,-335
109000396,2,243,-241
109000397,717,8,709
109000399,98,243,-145
109000400,95,137,-42
109000403,63,1103,-1040
109000406,281,3,278
109000407,230,125,105
109000408,2,290,-288
109000410,1035,142,893
109000411,193,10,183
109900001,107,0,107
109900002,1135,27,1108
109900003,304,0,304
109900004,595,85,510
109900005,31,2,29
109900006,538,145,393
109900007,912,254,658
109900008,0,29,-29
109900009,170,380,-210
109900010,623,38,585
109900011,109,55,54
109900012,384,189,195
109900013,437,141,296
109900014,420,80,340
109900015,428,248,180
109900016,150,14,136
109900017,185,208,-23
109900018,245,37,208
109900019,287,33,254
109900020,44,46,-2
109900021,34,17,17
109900022,126,355,-229
109900023,19,5,14
109900024,31,1,30
109900025,11,48,-37
109900026,5,121,-116
109900027,34,28,6
109900028,587,1289,-702
109900029,4,156,-152
109900030,44,10,34
109900031,0,217,-217
109900032,11,231,-220
109900033,7,510,-503
109900034,56,3,53
109900035,28,34,-6
109900036,31,30,1
109900037,31,333,-302
109900038,126,203,-77
109900039,13,0,13
109900040,30,304,-274
109900041,50,223,-173
109900042,53,2998,-2945
109900044,171,144,27
109900045,101,116,-15
109900046,17,49,-32
109900047,314,241,73
109900048,0,75,-75
109900049,13,59,-46
109900050,0,68,-68
109900051,1,22,-21
109900052,76,233,-157
109900053,1,143,-142
109900054,959,183,776
109900055,99,183,-84
109900056,26,197,-171
109900057,4,53,-49
109900058,1,45,-44
109900059,1171,100,1071
109900060,604,69,535
109900061,79,229,-150
109900062,0,66,-66
109900063,3,432,-429
109900064,552,139,413
109900065,57,132,-75
109900066,246,539,-293
109900067,0,106,-106
109900068,79,4,75
109900069,0,29,-29
109900070,27,223,-196
109900071,4,11,-7
109900072,13,112,-99
109900073,534,314,220
109900074,8,19,-11
109900075,27,47,-20
109900076,11,103,-92
109900077,32,35,-3
109900078,84,194,-110
109900080,106,195,-89
109900081,23,194,-171
109900082,76,197,-121
109900083,18,52,-34
109900084,47,87,-40
109900085,182,425,-243
109900086,179,576,-397
109900087,220,431,-211
109900089,747,219,528
109900090,467,860,-393
109900091,377,61,316
109900092,1121,101,1020
109900093,1122,190,932
109900094,96,87,9
109900095,187,164,23
109900096,36,6,30
109900097,122,5,117
109900098,563,45,518
109900099,222,2,220
109900100,48,1,47
109900101,739,9,730
109900102,562,25,537
109900103,31,41,-10
109900104,866,267,599
109900105,551,20,531
109900106,513,51,462
109900107,1243,58,1185
109900108,274,291,-17
109900109,88,212,-124
109900110,70,220,-150
109900111,334,607,-273
109900112,216,327,-111
109900113,935,616,319
109900114,1360,1145,215
109900115,190,116,74
109900117,1233,82,1151
109900118,166,333,-167
109900119,504,243,261
109900120,81,23,58
109900121,364,476,-112
109900122,581,7,574
109900123,17,86,-69
109900124,47,310,-263
109900125,1,157,-156
109900126,343,58,285
109900128,414,19,395
109900130,3844,3215,629
109900131,33,109,-76
109900132,28,106,-78
109900133,67,180,-113
109900134,96,87,9
109900135,303,57,246
109900136,81,106,-25
109900137,132,194,-62
109900140,160,112,48
109900142,1581,281,1300
109900145,4,508,-504
109900146,320,31,289
109900148,38,63,-25
109900149,21,42,-21
109900150,23,76,-53
109900151,13,27,-14
109900152,0,21,-21
109900153,1,64,-63
109900154,86,10,76
109900155,70,12,58
109900157,90,164,-74
109900158,59,105,-46
109900159,183,39,144
109900160,189,68,121
109900161,244,79,165
109900162,205,103,102
109900163,557,310,247
109900164,66,134,-68
109900165,383,6,377
109900166,1,113,-112
109900167,166,321,-155
109900168,205,457,-252
109900169,255,143,112
109900170,189,1139,-950
109900171,199,63,136
109900172,215,215,0
109900173,1459,2255,-796
109900174,66,94,-28
109900175,66,65,1
109900176,107,119,-12
109900177,36,108,-72
109900178,11,333,-322
109900179,31,14,17
109900180,5,4,1
110000001,779,428,351
110000002,576,693,-117
110000003,859,714,145
110000004,470,663,-193
110000005,428,1888,-1460
110000006,228,301,-73
110000007,119,62,57
110000008,14,66,-52
110000009,62,18,44
110000010,23,59,-36
110000011,19,50,-31
110000012,520,255,265
110000013,52,607,-555
110000014,528,309,219
110000015,199,571,-372
110000016,245,1793,-1548
110000017,4646,260,4386
110000018,2779,306,2473
110000019,10,73,-63
110000020,432,207,225
110000021,493,451,42
110000022,1238,230,1008
110000023,5,101,-96
110000024,553,395,158
110000025,581,9,572
110000026,2,179,-177
110000027,1069,810,259
110000028,928,520,408
110000029,392,401,-9
110000030,265,369,-104
110000031,277,263,14
110000032,807,378,429
110000033,323,282,41
110000034,747,630,117
110000035,750,446,304
110000036,1139,915,224
110000037,213,853,-640
110000038,310,655,-345
110000039,854,4395,-3541
110000040,251,308,-57
110000041,305,1909,-1604
110000042,73,1122,-1049
110000043,908,290,618
110000044,145,3495,-3350
110000045,1200,496,704
110000046,4,35,-31
110000047,38,353,-315
110000048,11,52,-41
110000049,84,33,51
110000050,10,61,-51
110000051,65,12,53
110000052,41,34,7
110000053,187,12,175
110000054,238,675,-437
110000055,713,84,629
110000056,73,119,-46
110000057,300,410,-110
110000058,1060,526,534
110000059,1032,463,569
110000060,1138,952,186
110000061,719,623,96
110000062,657,822,-165
110000063,48,199,-151
110000064,52,26,26
110000065,96,98,-2
110000066,114,40,74
110000067,116,90,26
110000068,331,50,281
110000069,451,70,381
110000071,281,51,230
110000073,29,18,11
110000075,21,79,-58
110000076,336,454,-118
110000077,337,1324,-987
110000078,40,17,23
110000080,217,481,-264
110000081,69,197,-128
110000082,40,358,-318
110000083,199,482,-283
110000084,1452,996,456
110000085,1090,1190,-100
110000086,1279,2482,-1203
110000087,20,47,-27
110000088,130,170,-40
110000089,269,62,207
110000090,124,148,-24
110000091,616,168,448
110000092,15,37,-22
110000093,49,12,37
110000094,433,173,260
110000095,231,641,-410
110000096,1325,1843,-518
110000097,1125,1540,-415
110000098,1970,639,1331
110000099,694,1424,-730
110000100,1270,282,988
110000101,33,184,-151
110000102,83,24,59
110000104,413,145,268
110000105,60,238,-178
110000106,599,519,80
110000107,190,272,-82
110000108,128,120,8
110000109,205,245,-40
110000110,1987,4713,-2726
110000111,3883,3008,875
110000112,686,1401,-715
110000113,164,2643,-2479
110000114,236,678,-442
110000115,496,237,259
110000116,77,75,2
110000117,284,175,109
110000118,589,139,450
110000119,299,224,75
110000120,476,136,340
110000121,79,316,-237
110000122,410,436,-26
110000123,717,627,90
110000124,1,718,-717
110000125,1009,2,1007
110000126,340,25,315
110000127,1152,56,1096
110000128,40,952,-912
110000129,2,358,-356
110000130,260,184,76
110000131,94,172,-78
110000132,2,409,-407
110000133,35,374,-339
110000134,28,332,-304
110000135,162,13,149
110000136,56,185,-129
110000137,583,400,183
110000138,746,412,334
110000139,992,587,405
110000140,702,714,-12
110000143,515,291,224
110000144,4490,1920,2570
110000145,2066,1543,523
110000146,2291,1485,806
110000147,582,832,-250
110000148,666,185,481
110000151,956,992,-36
110000152,697,402,295
110000153,225,28,197
110000154,70,25,45
110000155,1392,3660,-2268
110000156,1143,2332,-1189
110000157,2105,2586,-481
110000160,370,224,146
110000161,185,164,21
110000166,686,65,621
110000167,970,593,377
110000168,1137,602,535
110000169,1038,330,708
110000170,137,46,91
110000171,674,112,562
110000172,154,626,-472
110000173,784,752,32
110000174,157,520,-363
110000175,861,49,812
110000176,125,404,-279
110000177,269,950,-681
110000178,357,1687,-1330
110000179,960,336,624
110000180,217,317,-100
110000181,612,356,256
110000182,252,145,107
110000183,6833,8083,-1250
110000184,330,2758,-2428
110000185,1319,1208,111
110000186,633,688,-55
110000191,1328,187,1141
110000192,880,24,856
110000193,1308,4,1304
110000194,11,469,-458
110000195,528,211,317
110000196,443,164,279
110000197,103,125,-22
110000198,115,49,66
110000199,67,117,-50
110000200,1151,345,806
110000201,1122,1052,70
110000202,1400,591,809
110000203,591,425,166
110000204,6,104,-98
110000205,239,49,190
110000206,471,815,-344
110000207,1463,337,1126
110000208,297,250,47
110000209,98,890,-792
110000210,1637,389,1248
110000211,862,664,198
110000212,515,1146,-631
110000213,342,37,305
110000214,334,60,274
110000215,160,289,-129
110000216,144,187,-43
110000217,461,122,339
110000218,185,171,14
110000219,440,48,392
110000220,97,134,-37
110000221,420,35,385
110000222,77,124,-47
110000223,2,123,-121
110000224,37,9,28
110000225,257,685,-428
110000226,264,50,214
110000227,794,986,-192
110000228,230,115,115
110000229,0,144,-144
110000230,585,582,3
110000231,132,213,-81
110000232,224,343,-119
110000233,263,343,-80
110000234,934,3506,-2572
110000235,1479,1415,64
110000236,727,431,296
110000237,2145,1341,804
110000238,1173,1056,117
110000239,2076,967,1109
110000240,1,35,-34
110000242,0,14,-14
110000243,151,77,74
110000244,118,412,-294
110000245,33,364,-331
110000246,1072,354,718
110000247,1066,2600,-1534
110000248,1680,1024,656
110000249,90,11,79
110000250,74,100,-26
110000251,422,261,161
110000252,307,142,165
110000253,1532,512,1020
110000254,599,723,-124
110000255,256,643,-387
110000256,536,314,222
110000257,488,287,201
110000258,8,239,-231
110000259,197,18,179
110000260,24,129,-105
110000263,544,58,486
110000264,477,258,219
110000265,1156,1933,-777
110000266,1548,2827,-1279
110000267,37,169,-132
110000268,322,433,-111
110000269,10,75,-65
110000270,118,4,114
110000271,942,241,701
110000272,1018,1064,-46
110000273,2218,1720,498
110000274,157,1912,-1755
110000275,1246,517,729
110000276,353,399,-46
110000277,352,281,71
110000278,433,545,-112
110000279,862,675,187
110000280,584,363,221
110000281,52,406,-354
110000282,222,17,205
110000283,34,99,-65
110000284,32,60,-28
110000285,7,836,-829
110000286,12,1,11
110000287,125,3,122
110000288,18,123,-105
110000289,530,2370,-1840
110000290,545,566,-21
110000291,2858,1058,1800
110000292,1292,5599,-4307
110000293,598,511,87
110000294,1455,1085,370
110000295,176,546,-370
110000296,554,258,296
110000297,2347,248,2099
110000298,128,296,-168
110000299,132,70,62
110000301,300,28,272
110000302,425,652,-227
110000303,388,9,379
110000304,227,174,53
110000305,1451,26,1425
110000306,244,800,-556
110000307,1920,10,1910
110000308,618,43,575
110000309,4,477,-473
110000310,826,46,780
110000311,20,486,-466
110000312,417,93,324
110000313,2049,2082,-33
110000314,1,154,-153
110000315,2419,2820,-401
110000316,457,1209,-752
110000317,411,927,-516
110000318,7,41,-34
110000319,12,25,-13
110000320,43,37,6
110000321,83,22,61
110000322,293,248,45
110000323,681,160,521
110000324,2449,1535,914
110000325,2229,3635,-1406
110000327,446,324,122
110000328,156,407,-251
110000333,1297,785,512
110000334,642,1017,-375
110000335,924,451,473
110000336,905,781,124
110000337,1975,547,1428
110000338,559,166,393
110000339,425,217,208
110000340,63,187,-124
110000341,506,327,179
110000342,251,6,245
110000343,0,20,-20
110000344,445,216,229
110000345,492,256,236
110000346,2159,1696,463
110000347,1291,765,526
110000348,0,2,-2
110000349,0,0,0
110000350,84,9,75
110000351,1408,587,821
110000352,635,1337,-702
110000353,2773,472,2301
110000354,813,3027,-2214
110000355,162,66,96
110000356,2503,19,2484
110000357,494,4,490
110000361,66,38,28
110000362,107,40,67
110000363,558,98,460
110000364,308,505,-197
110000365,166,0,166
110000366,1,97,-96
110000367,396,197,199
110000368,4,49,-45
110000369,75,8,67
110000373,1,244,-243
110000374,212,14,198
110000375,138,861,-723
110000376,18,55,-37
110000377,87,473,-386
110000378,27,437,-410
110000379,2043,2032,11
110000380,89,11,78
110000383,0,1159,-1159
110000384,1177,859,318
110000385,2,171,-169
110000387,134,4,130
110000388,46,149,-103
110000389,805,44,761
110000391,886,162,724
110000396,204,65,139
110000397,152,92,60
110000398,4,26,-22
110000399,132,2,130
110000587,167,122,45
110000589,224,142,82
110000640,134,30,104
110000652,14,322,-308
110000653,346,327,19
110000654,46,707,-661
110000656,2,275,-273
110000674,26,32,-6
110000675,23,14,9
110000676,3,30,-27
110000679,159,1278,-1119
110000682,109,229,-120
110000683,321,430,-109
110000684,5,33,-28
110000685,8,10,-2
110000686,8,39,-31
110000687,23,7,16
110000688,51,1203,-1152
110000689,1,4,-3
110000692,58,148,-90
110000693,95,296,-201
110000694,0,123,-123
110000695,247,544,-297
110000696,31,28,3
110900001,328,23,305
110900002,536,238,298
110900003,941,281,660
110900004,506,88,418
110900005,1136,2718,-1582
110900006,39,33,6
110900007,165,41,124
110900008,3,26,-23
110900009,451,211,240
110900010,21,26,-5
110900011,40,53,-13
110900012,27,47,-20
110900013,1025,106,919
110900014,335,14,321
110900015,355,709,-354
110900016,69,73,-4
110900017,529,33,496
110900018,474,60,414
110900019,372,23,349
110900020,162,118,44
110900021,78,300,-222
110900022,56,192,-136
110900023,121,460,-339
110900024,27,218,-191
110900025,21,35,-14
110900027,44,229,-185
110900028,27,120,-93
110900029,27,178,-151
110900030,52,156,-104
110900031,5,107,-102
110900032,0,36,-36
110900033,58,191,-133
110900035,22,412,-390
110900036,122,23,99
110900037,92,26,66
110900038,701,179,522
110900039,8,249,-241
110900040,294,47,247
110900041,25,46,-21
110900042,143,53,90
110900043,10,61,-51
110900044,212,17,195
110900045,56,222,-166
110900046,19,103,-84
110900047,407,363,44
110900049,134,98,36
110900050,27,7,20
110900051,41,142,-101
110900052,5,104,-99
110900053,104,31,73
110900054,71,127,-56
110900055,27,9,18
110900056,37,96,-59
110900057,4,68,-64
110900058,310,357,-47
110900059,458,268,190
110900060,546,120,426
110900061,16,58,-42
110900062,188,179,9
110900063,41,184,-143
110900064,20,0,20
110900065,189,132,57
110900066,12,91,-79
110900067,489,606,-117
110900068,510,143,367
110900069,3,44,-41
110900071,234,847,-613
110900073,0,12,-12
110900074,490,96,394
110900075,499,67,432
110900077,1097,467,630
110900078,66,24,42
110900079,1427,1330,97
110900080,187,65,122
110900081,11,22,-11
110900082,171,78,93
110900083,115,45,70
110900084,82,36,46
110900085,58,201,-143
110900086,46,326,-280
110900087,398,54,344
110900088,10,0,10
110900090,30,52,-22
110900091,1,31,-30
110900093,288,105,183
110900095,67,60,7
110900097,13,23,-10
110900098,44,64,-20
110900099,87,305,-218
110900100,0,10,-10
110900102,70,15,55
110900105,1164,203,961
110900108,35,28,7
110900111,495,203,292
110900112,887,7,880
110900113,311,68,243
110900115,2,41,-39
110900116,977,859,118
110900118,77,3735,-3658
110900119,1771,203,1568
110900120,34,62,-28
110900121,184,0,184
110900122,493,190,303
110900125,398,479,-81
110900127,538,1361,-823
110900128,229,243,-14
110900129,286,1060,-774
110900130,592,637,-45
110900131,251,38,213
110900132,408,71,337
110900133,78,108,-30
110900135,70,196,-126
110900136,368,12,356
110900137,58,5,53
110900138,964,1026,-62
110900139,13,241,-228
110900140,43,3,40
110900141,103,279,-176
110900142,95,77,18
110900143,186,129,57
110900144,2,426,-424
110900145,223,84,139
110900146,256,287,-31
110900147,77,304,-227
110900148,10,195,-185
110900149,3,43,-40
110900150,110,17,93
110900151,11,77,-66
110900152,60,130,-70
110900153,224,53,171
111000001,800,404,396
111000002,553,431,122
111000003,1305,744,561
111000004,400,665,-265
111000005,1248,1319,-71
111000006,906,1481,-575
111000007,4803,3222,1581
111000008,1704,3096,-1392
111000009,388,655,-267
111000010,971,297,674
111000011,279,951,-672
111000012,549,404,145
111000013,358,896,-538
111000014,1569,487,1082
111000017,85,923,-838
111000018,190,340,-150
111000020,812,1590,-778
111000021,71,78,-7
111000023,90,95,-5
111000025,4385,3868,517
111000029,97,91,6
111000030,47,72,-25
111000031,2309,1171,1138
111000032,670,297,373
111000033,351,257,94
111000034,69,302,-233
111000037,1058,589,469
111000038,3066,1712,1354
111000039,1694,1667,27
111000040,1541,1643,-102
111000041,1132,1132,0
111000042,1890,1847,43
111000043,1919,3895,-1976
111000044,1931,1079,852
111000045,2769,2405,364
111000046,1963,1621,342
111000047,3117,4683,-1566
111000049,468,365,103
111000050,1078,971,107
111000051,551,782,-231
111000052,565,1241,-676
111000053,366,657,-291
111000054,342,681,-339
111000055,949,1226,-277
111000056,193,327,-134
111000057,149,307,-158
111000058,546,52,494
111000059,870,228,642
111000060,4325,788,3537
111000061,634,291,343
111000062,1047,371,676
111000063,1916,1068,848
111000064,787,512,275
111000065,1226,886,340
111000066,613,377,236
111000067,669,443,226
111000068,675,715,-40
111000069,1535,1636,-101
111000070,898,672,226
111000071,204,423,-219
111000072,1527,553,974
111000073,273,979,-706
111000074,1640,1587,53
111000075,996,514,482
111000076,593,606,-13
111000077,1577,1406,171
111000078,2572,1048,1524
111000079,1091,596,495
111000080,519,580,-61
111000081,1380,4131,-2751
111000082,661,519,142
111000084,867,413,454
111000085,905,931,-26
111000086,2786,807,1979
111000087,699,386,313
111000088,5830,2526,3304
111000089,673,604,69
111000090,692,1132,-440
111000091,706,300,406
111000092,1548,634,914
111000093,811,983,-172
111000094,1825,897,928
111000095,710,2289,-1579
111000096,1104,7499,-6395
111000097,3768,1395,2373
111000098,724,835,-111
111000099,550,1071,-521
111000100,372,747,-375
111000101,372,601,-229
111000102,317,397,-80
111000104,780,140,640
111000107,140,696,-556
111000109,1067,206,861
111000110,1652,658,994
111000111,2873,359,2514
111000112,2143,560,1583
111000113,968,1851,-883
111000114,2037,3854,-1817
111000115,3619,1012,2607
111000116,993,810,183
111000117,347,749,-402
111000118,1092,623,469
111000119,1187,647,540
111000120,535,461,74
111000121,339,618,-279
111000122,567,841,-274
111000123,1037,1583,-546
111000124,486,1433,-947
111000125,260,795,-535
111000126,110,501,-391
111000127,1173,130,1043
111000128,2431,270,2161
111000129,3248,422,2826
111000130,2651,571,2080
111000131,2207,538,1669
111000132,2012,1070,942
111000133,167,98,69
111000134,147,75,72
111000135,69,147,-78
111000136,416,240,176
111000138,17,7,10
111000140,0,3,-3
111000141,176,336,-160
111000142,18,363,-345
111000143,6,379,-373
111000144,59,2523,-2464
111000145,284,6,278
111000146,97,14,83
111000147,134,25,109
111000148,148,106,42
111000149,5,8,-3
111000150,22,5,17
111000151,2,9,-7
111000153,489,653,-164
111000154,508,215,293
111000155,125,174,-49
111000156,650,670,-20
111000157,200,1006,-806
111000158,1054,815,239
111000159,4166,794,3372
111000160,590,367,223
111000161,13,509,-496
111000162,37,108,-71
111000163,725,618,107
111000164,508,2629,-2121
111000165,695,392,303
111000166,1158,281,877
111000167,170,336,-166
111000168,176,355,-179
111000169,267,525,-258
111000170,317,341,-24
111000171,404,433,-29
111000172,196,266,-70
111000173,408,527,-119
111000174,284,149,135
111000175,66,498,-432
111000176,445,88,357
111000177,451,114,337
111000178,1872,215,1657
111000179,274,148,126
111000180,289,419,-130
111000181,1557,224,1333
111000182,189,197,-8
111000183,362,234,128
111000184,328,215,113
111000185,352,237,115
111000186,335,166,169
111000187,181,142,39
111000188,297,297,0
111000189,688,449,239
111000190,212,219,-7
111000191,166,189,-23
111000192,194,301,-107
111000193,264,178,86
111000194,59,220,-161
111000195,216,229,-13
111000196,97,128,-31
111000197,515,81,434
111000198,625,66,559
111000199,303,100,203
111000200,573,252,321
111000201,877,180,697
111000202,378,161,217
111000203,432,290,142
111000204,401,1441,-1040
111000213,218,359,-141
111000214,1205,877,328
111000215,1038,886,152
111000217,1821,722,1099
111000218,1328,1044,284
111000219,352,205,147
111000220,879,605,274
111000221,379,132,247
111000224,11,200,-189
111000225,398,373,25
111000226,68,0,68
111000227,11,5,6
111000228,23,505,-482
111000229,71,1239,-1168
111000230,185,197,-12
111000231,1038,371,667
111000232,736,645,91
111000233,1372,506,866
111000234,150,472,-322
111000239,91,108,-17
111000240,91,210,-119
111000241,35,221,-186
111000242,260,35,225
111000243,173,338,-165
111000244,683,50,633
111000245,1160,181,979
111000246,616,159,457
111000247,507,514,-7
111000248,723,339,384
111000249,478,359,119
111000250,63,47,16
111000251,45,57,-12
111000253,14,9,5
111000255,47,7,40
111000257,49,18,31
111000260,65,870,-805
111000261,1535,85,1450
111000271,62,214,-152
111000273,2377,918,1459
111000274,1305,2307,-1002
111000275,200,49,151
111000276,269,964,-695
111000277,183,250,-67
111000278,612,222,390
111000291,853,7835,-6982
111000298,635,143,492
111000299,836,161,675
111000300,107,401,-294
111000302,346,49,297
111000303,50,128,-78
111000312,43,49,-6
111000315,1,51,-50
111000320,191,490,-299
111000321,398,146,252
111000322,440,320,120
111000323,264,29,235
111000324,327,171,156
111000325,63,68,-5
111000326,219,170,49
111000327,510,234,276
111000328,320,416,-96
111000329,0,9,-9
111000330,81,19,62
111000331,15,7,8
111000332,554,1096,-542
111000334,340,776,-436
111000335,1027,178,849
111000337,1516,290,1226
111000338,72,80,-8
111000339,811,211,600
111000340,97,360,-263
111000341,1284,594,690
111000342,208,1445,-1237
111000344,1190,514,676
111000345,211,134,77
111000346,9,257,-248
111000347,155,4,151
111000350,168,109,59
111000351,114,278,-164
111000352,223,106,117
111000353,173,227,-54
111000354,614,101,513
111000355,335,406,-71
111000358,186,559,-373
111000360,242,295,-53
111000361,170,127,43
111000546,886,412,474
111000547,549,290,259
111000548,181,304,-123
111000549,357,200,157
111000550,54,917,-863
111000551,559,143,416
111000552,841,252,589
111000907,448,18,430
111000908,46,4,42
111000916,2152,221,1931
111000917,31,278,-247
111000918,237,357,-120
111000920,658,6,652
111000921,13,122,-109
111000922,615,193,422
111000924,50,465,-415
111000925,3020,1869,1151
111000926,936,1028,-92
111000927,2661,4110,-1449
111000928,3573,2041,1532
111000929,1901,1313,588
111000930,758,1395,-637
111000931,2316,2709,-393
111000932,3142,1488,1654
111000933,3592,2671,921
111000934,1420,2376,-956
111000935,1902,935,967
111000936,1104,1346,-242
111000937,1277,1396,-119
111000938,1204,943,261
111000939,776,39,737
111000940,580,70,510
111000941,414,307,107
111000943,676,285,391
111000944,172,145,27
111000945,105,924,-819
111001109,535,605,-70
111001110,161,320,-159
111001111,100,1,99
111001112,105,7,98
111001113,2,106,-104
111001114,703,205,498
111001115,24,678,-654
111001116,3095,4328,-1233
111001117,470,2640,-2170
111001120,141,206,-65
111001121,165,156,9
111001122,198,209,-11
111001123,309,55,254
111001124,116,76,40
111001125,0,58,-58
111900001,24,84,-60
111900002,34,358,-324
111900003,3,207,-204
111900004,30,77,-47
111900006,22,67,-45
111900007,162,8,154
111900008,297,1,296
111900009,279,95,184
111900010,262,298,-36
111900012,53,81,-28
111900013,44,51,-7
111900014,2539,4842,-2303
111900015,0,62,-62
111900016,1,54,-53
111900017,2,56,-54
111900018,166,2,164
111900019,3,132,-129
111900020,5,35,-30
111900021,32,64,-32
111900022,5,36,-31
111900023,59,60,-1
111900024,26,42,-16
111900025,0,15,-15
111900026,0,30,-30
111900027,2,86,-84
111900028,5,156,-151
111900029,7,54,-47
111900030,17,230,-213
111900031,1,21,-20
111900032,0,182,-182
111900033,1,30,-29
111900034,192,341,-149
111900035,78,163,-85
111900036,0,132,-132
111900038,153,420,-267
111900039,35,245,-210
111900040,1,194,-193
111900042,14,91,-77
111900043,0,186,-186
111900044,207,142,65
111900046,40,105,-65
111900048,274,292,-18
111900049,14,149,-135
111900050,85,34,51
111900051,3,152,-149
111900052,263,259,4
111900053,553,2134,-1581
111900054,171,5,166
111900055,8,182,-174
111900056,136,376,-240
111900057,177,14,163
111900058,605,282,323
111900059,1157,757,400
111900060,389,0,389
111900061,8,126,-118
111900062,39,82,-43
111900063,306,287,19
111900064,66,138,-72
111900065,125,36,89
111900066,116,174,-58
111900067,3,252,-249
111900068,34,50,-16
111900069,97,44,53
111900070,173,60,113
111900071,0,144,-144
111900072,26,20,6
111900073,1141,155,986
111900074,21,119,-98
111900075,80,9,71
111900076,277,66,211
111900077,35,1,34
111900078,392,44,348
111900079,50,33,17
111900080,187,304,-117
111900082,215,38,177
111900083,206,16,190
111900084,128,8,120
111900085,52,162,-110
111900086,74,7,67
111900087,95,3,92
111900088,678,21,657
111900089,149,4,145
111900090,52,52,0
111900091,291,1,290
111900092,169,1,168
111900093,538,9,529
111900094,168,1,167
111900095,314,36,278
111900096,197,5,192
111900097,53,1,52
111900098,357,3,354
111900099,99,0,99
111900100,215,14,201
111900101,171,40,131
111900102,870,285,585
111900103,82,83,-1
111900104,206,50,156
111900105,198,219,-21
111900106,585,34,551
111900110,1093,298,795
111900111,204,119,85
111900112,404,3746,-3342
111900113,168,122,46
111900118,424,76,348
111900119,336,175,161
111900122,113,121,-8
111900123,32,34,-2
111900124,47,62,-15
111900125,571,66,505
111900126,369,4,365
111900127,1,305,-304
111900128,1,235,-234
111900129,363,17,346
111900130,287,62,225
111900131,586,1,585
111900132,11,495,-484
111900133,8,186,-178
111900134,7,138,-131
111900135,17,40,-23
111900136,96,132,-36
111900137,49,25,24
111900138,27,41,-14
111900139,14,60,-46
111900140,116,37,79
111900141,65,6,59
111900142,130,25,105
111900143,107,113,-6
111900144,0,38,-38
111900145,0,226,-226
111900146,1,122,-121
111900147,91,228,-137
111900148,9,345,-336
111900149,4,153,-149
111900150,10,81,-71
111900151,7,19,-12
111900152,92,92,0
111900153,682,695,-13
111900154,13,462,-449
111900155,51,111,-60
111900156,81,84,-3
111900157,186,33,153
111900158,623,96,527
111900159,361,53,308
111900160,468,2,466
111900161,321,2,319
111900162,90,206,-116
111900163,25,136,-111
111900164,101,51,50
111901113,748,118,630
111901114,285,209,76
111901115,97,2,95
111901116,76,1,75
111901117,52,49,3
111901118,28,375,-347
111901119,396,63,333
111901121,100,128,-28
111901122,4,267,-263
111901123,301,180,121
111901124,295,0,295
111901125,563,177,386
111901127,304,810,-506
111901128,11,56,-45
111901129,7,88,-81
111901130,5,105,-100
111901131,10,188,-178
111901132,102,22,80
111901133,66,4,62
111901134,122,5,117
111901135,47,15,32
111901136,48,60,-12
111901137,2,29,-27
111901138,173,41,132
111901139,36,13,23
111901140,4,55,-51
111901141,2,111,-109
111901142,4,89,-85
111901143,0,75,-75
111901144,42,56,-14
111901145,121,339,-218
111901146,194,16,178
112000001,2153,696,1457
112000002,504,1769,-1265
112000003,2084,1041,1043
112000004,736,453,283
112000005,4219,3960,259
112000006,1950,1161,789
112000007,4636,2810,1826
112000008,2996,4129,-1133
112000009,2276,1865,411
112000010,3585,4487,-902
112000011,1233,1168,65
112000012,4632,5954,-1322
112000013,3021,3872,-851
112000014,2263,3126,-863
112000015,3069,3757,-688
112000016,4735,3165,1570
112000017,1715,4954,-3239
112000024,2131,672,1459
112000026,2130,2411,-281
112000027,742,749,-7
112000028,854,992,-138
112000029,746,847,-101
112000030,123,48,75
112000031,1466,5481,-4015
112000032,233,31,202
112000033,1822,3138,-1316
112000034,166,53,113
112000035,101,615,-514
112000036,562,1650,-1088
112000037,977,1217,-240
112000038,1368,1860,-492
112000039,113,67,46
112000040,49,178,-129
112000041,345,372,-27
112000042,881,383,498
112000050,1344,1260,84
112000051,1221,1759,-538
112000054,1342,1278,64
112000057,795,468,327
112000058,375,554,-179
112000059,482,545,-63
112000061,2699,1378,1321
112000062,999,1369,-370
112000063,572,2398,-1826
112000064,2981,4146,-1165
112000065,1258,1592,-334
112000066,3479,1727,1752
112000067,554,554,0
112000068,3252,2888,364
112000069,655,1452,-797
112000070,2820,1077,1743
112000071,1127,1869,-742
112000072,2809,861,1948
112000073,1596,1794,-198
112000074,1543,1111,432
112000075,1620,1312,308
112000076,3457,2152,1305
112000077,966,407,559
112000078,2101,718,1383
112000079,1878,1218,660
112000080,1027,822,205
112000081,1259,2170,-911
112000082,1337,692,645
112000083,706,907,-201
112000084,1316,703,613
112000085,1491,1030,461
112000086,1958,1020,938
112000087,635,343,292
112000088,862,316,546
112000089,694,455,239
112000090,323,277,46
112000091,534,649,-115
112000092,2174,885,1289
112000093,1382,623,759
112000094,825,604,221
112000095,622,655,-33
112000096,581,472,109
112000097,1702,668,1034
112000098,776,573,203
112000099,885,1908,-1023
112000100,2492,706,1786
112000101,583,537,46
112000102,1814,392,1422
112000103,405,580,-175
112000105,489,776,-287
112000106,2037,375,1662
112000107,16,240,-224
112000108,203,1563,-1360
112000109,68,53,15
112000110,2115,540,1575
112000111,928,7499,-6571
112000112,4548,951,3597
112000113,933,1593,-660
112000114,2810,1027,1783
112000115,344,372,-28
112000116,737,726,11
112000117,1014,734,280
112000118,1022,658,364
112000119,440,509,-69
112000120,81,236,-155
112000121,152,264,-112
112000122,420,148,272
112000123,907,139,768
112000124,462,64,398
112000125,335,288,47
112000126,355,267,88
112000127,2106,2712,-606
112000128,649,760,-111
112000129,127,84,43
112000130,248,99,149
112000131,32,189,-157
112000132,190,201,-11
112000133,480,180,300
112000134,442,236,206
112000135,1697,780,917
112000136,1021,1763,-742
112000137,1855,4443,-2588
112000138,1823,2524,-701
112000139,760,659,101
112000140,605,864,-259
112000141,1176,360,816
112000142,146,336,-190
112000143,1191,224,967
112000144,204,678,-474
112000145,3032,522,2510
112000146,547,1181,-634
112000147,2905,1778,1127
112000148,1299,1880,-581
112000149,482,431,51
112000150,286,409,-123
112000151,320,189,131
112000152,531,319,212
112000153,141,172,-31
112000154,145,258,-113
112000155,144,104,40
112000157,642,616,26
112000158,360,264,96
112000159,773,284,489
112000167,446,125,321
112000169,321,378,-57
112000173,1024,246,778
112000175,463,327,136
112000176,1462,1731,-269
112000177,987,265,722
112000178,118,216,-98
112000179,332,107,225
112000180,310,295,15
112000181,1226,1160,66
112000182,1560,721,839
112000183,20,27,-7
112000184,421,229,192
112000185,583,282,301
112000187,4536,2718,1818
112000195,178,23,155
112000196,309,2,307
112000197,186,284,-98
112000198,67,314,-247
112000199,916,759,157
112000202,521,2,519
112000216,79,235,-156
112000230,118,5,113
112000231,9,149,-140
112000256,61,227,-166
112000313,41,63,-22
112000314,47,49,-2
112000337,240,529,-289
112000352,234,395,-161
112000392,1458,1100,358
112000398,2097,811,1286
112000399,1866,3035,-1169
112000400,1791,1629,162
112000401,2308,1335,973
112000402,4096,4009,87
112000403,1992,3458,-1466
112000404,1393,984,409
112000405,2534,3031,-497
112000406,2347,1309,1038
112000407,8898,8792,106
112000408,6333,3793,2540
112000409,1367,2639,-1272
112000410,484,358,126
112000411,3350,2092,1258
112000412,1187,526,661
112000413,5119,7384,-2265
112000414,85,41,44
112000415,115,40,75
112000416,3236,1283,1953
112000417,334,77,257
112000421,42,70,-28
112000422,375,214,161
112000424,1492,3154,-1662
112000425,345,421,-76
112000426,194,276,-82
112000427,0,16,-16
112000428,298,241,57
112000429,2022,1776,246
112000430,2885,2860,25
112000431,121,135,-14
112000432,507,594,-87
112000433,278,702,-424
112000437,42,112,-70
112900001,95,1,94
112900002,549,513,36
112900003,87,247,-160
112900004,62,131,-69
112900005,322,117,205
112900006,36,152,-116
112900007,69,138,-69
112900008,2,48,-46
112900009,438,173,265
112900010,603,515,88
112900011,73,163,-90
112900012,1,23,-22
112900013,8,222,-214
112900014,3,212,-209
112900015,280,504,-224
112900016,6,175,-169
112900017,38,142,-104
112900018,16,107,-91
112900019,38,144,-106
112900020,272,795,-523
112900021,2,126,-124
112900022,14,55,-41
112900023,3,61,-58
112900024,13,109,-96
112900025,121,226,-105
112900026,10,139,-129
112900027,4,494,-490
112900028,16,86,-70
112900029,18,319,-301
112900030,47,109,-62
112900031,3,300,-297
112900032,207,213,-6
112900034,1,31,-30
112900035,5,209,-204
112900036,41,134,-93
112900037,178,197,-19
112900038,884,97,787
112900039,8,195,-187
112900040,4,2001,-1997
112900041,591,1154,-563
112900042,220,193,27
112900043,64,62,2
112900044,362,352,10
112900045,162,285,-123
112900046,135,80,55
112900047,15,51,-36
112900049,324,69,255
112900050,18,423,-405
112900051,232,360,-128
112900052,9,462,-453
112900053,332,272,60
112900054,447,67,380
112900055,105,42,63
112900056,409,210,199
112900057,36,326,-290
112900058,329,365,-36
112900059,104,177,-73
112900060,25,109,-84
112900061,116,80,36
112900062,71,99,-28
112900063,73,24,49
112900064,86,189,-103
112900065,49,52,-3
112900066,298,260,38
112900067,250,117,133
112900068,79,63,16
112900069,2314,1004,1310
112900071,24,2,22
112900072,484,2855,-2371
112900073,579,159,420
112900074,133,320,-187
112900075,1185,1189,-4
112900076,75,51,24
112900078,435,539,-104
112900079,269,30,239
112900080,73,5,68
112900081,65,263,-198
112900082,568,32,536
112900083,171,108,63
112900084,261,145,116
112900086,103,2,101
112900087,1114,202,912
112900088,217,24,193
112900089,962,49,913
112900090,94,42,52
112900091,391,4,387
112900092,118,465,-347
112900093,1572,34,1538
112900095,62,2,60
112900096,585,156,429
112900097,97,233,-136
112900098,354,6,348
112900099,804,28,776
112900100,112,2,110
112900101,514,7,507
112900102,269,27,242
112900103,237,10,227
112900104,134,3,131
112900105,41,0,41
112900106,486,136,350
112900107,15,1,14
112900108,17,0,17
112900109,144,0,144
112900110,1715,40,1675
112900111,696,2,694
112900112,435,3,432
112900113,2,18,-16
112900114,241,37,204
112900115,1749,4,1745
112900116,168,25,143
112900117,50,29,21
112900118,16,61,-45
112900119,175,4,171
112900120,783,249,534
112900121,48,111,-63
112900122,11,68,-57
112900123,245,21,224
112900124,19,75,-56
112900125,79,465,-386
112900126,144,133,11
112900127,321,151,170
112900128,153,613,-460
112900129,3,530,-527
112900130,256,90,166
112900131,34,662,-628
112900132,82,579,-497
112900133,21,1256,-1235
112900134,0,193,-193
112900135,97,44,53
112900137,3,283,-280
112900138,4,153,-149
112900139,127,783,-656
112900141,977,36,941
112900142,101,233,-132
112900143,15,317,-302
112900144,1,163,-162
112900145,22,297,-275
112900146,2,668,-666
112900147,0,701,-701
112900148,76,3,73
112900149,321,514,-193
112900151,27,55,-28
112900152,3264,604,2660
112900153,1249,2829,-1580
112900154,0,90,-90
112900155,232,37,195
112900156,429,645,-216
112900157,456,37,419
112900158,95,22,73
112900159,261,176,85
112900160,64,196,-132
112900161,169,56,113
112900162,33,21,12
112900163,64,43,21
112900164,36,222,-186
112900165,123,33,90
112900166,17,94,-77
112900167,3,142,-139
112900168,9,1,8
112900169,6,29,-23
112900170,273,244,29
112900172,46,16,30
112900173,187,103,84
112900174,308,44,264
112900175,155,250,-95
112900176,52,57,-5
112900177,271,59,212
112900178,869,3036,-2167
112900179,23,439,-416
112900180,2586,1227,1359
112900181,815,8,807
112900182,78,511,-433
112900183,110,342,-232
112900184,448,441,7
112900185,209,722,-513
112900186,1154,1294,-140
112900187,91,686,-595
112900188,690,2972,-2282
112900189,18,9,9
112900190,21,14,7
112900192,775,879,-104
112900193,1313,455,858
112900194,47,31,16
112900195,1230,62,1168
112900196,239,364,-125
112900197,126,304,-178
112900199,767,341,426
112900200,817,186,631
112900201,241,79,162
112900202,546,476,70
112900203,348,188,160
112900204,782,602,180
112900205,18,10,8
112900206,53,105,-52
112900207,39,0,39
112900208,121,309,-188
112900209,281,268,13
112900210,0,8,-8
112900211,114,44,70
112900212,1,100,-99
112900213,55,18,37
112900214,11,21,-10
112900215,22,72,-50
112900216,6,35,-29
112900217,1,73,-72
112900218,66,11,55
112900219,100,0,100
112900220,3,0,3
112900221,53,102,-49
112900222,0,34,-34
112900223,1178,28,1150
112900224,515,286,229
112900225,543,282,261
112900226,201,385,-184
112900227,813,589,224
112900228,84,39,45
112900229,290,30,260
112900230,7498,4026,3472
112900232,340,333,7
112900233,67,83,-16
112900234,38,31,7
112900235,68,13,55
112900236,463,11,452
112900237,212,114,98
112900238,10,13,-3
112900239,528,576,-48
113000001,6656,4897,1759
113000002,3595,3205,390
113000003,1998,1629,369
113000004,1400,2374,-974
113000005,2012,1079,933
113000006,1089,1314,-225
113000007,2508,1075,1433
113000008,1996,1467,529
113000009,1506,738,768
113000010,1213,979,234
113000011,802,1212,-410
113000012,2199,707,1492
113000013,1111,723,388
113000014,1142,1943,-801
113000015,472,445,27
113000016,344,1128,-784
113000017,84,325,-241
113000018,414,46,368
113000019,264,268,-4
113000020,463,102,361
113000021,1231,411,820
113000022,830,1010,-180
113000025,165,788,-623
113000026,585,498,87
113000027,606,681,-75
113000028,785,832,-47
113000029,978,686,292
113000030,321,562,-241
113000031,150,316,-166
113000032,223,292,-69
113000033,225,441,-216
113000034,242,290,-48
113000035,45,40,5
113000036,22,52,-30
113000037,62,21,41
113000038,10,58,-48
113000039,57,246,-189
113000040,67,57,10
113000042,694,435,259
113000051,929,1995,-1066
113000052,1973,720,1253
113000053,555,296,259
113000054,363,694,-331
113000055,1409,434,975
113000056,1272,720,552
113000058,622,821,-199
113000059,1053,482,571
113000060,315,562,-247
113000061,583,775,-192
113000062,534,375,159
113000063,320,65,255
113000064,49,157,-108
113000065,165,545,-380
113000066,838,88,750
113000067,2629,825,1804
113000068,353,789,-436
113000069,547,650,-103
113000070,3005,928,2077
113000071,568,466,102
113000072,999,475,524
113000073,329,1242,-913
113000074,915,470,445
113000075,1677,876,801
113000076,532,1949,-1417
113000077,1067,834,233
113000078,519,2077,-1558
113000079,676,1097,-421
113000080,675,1167,-492
113000081,829,1039,-210
113000082,1341,1305,36
113000083,533,856,-323
113000084,1631,1261,370
113000085,793,603,190
113000086,1058,1001,57
113000087,983,879,104
113000088,2371,1129,1242
113000089,902,1477,-575
113000090,235,728,-493
113000091,411,397,14
113000094,1358,202,1156
113000095,189,534,-345
113000096,108,634,-526
113000097,1055,361,694
113000098,104,32,72
113000099,1075,474,601
113000100,92,317,-225
113000101,275,514,-239
113000102,697,595,102
113000103,1617,334,1283
113000104,595,2093,-1498
113000105,975,427,548
113000106,301,311,-10
113000107,985,698,287
113000108,565,732,-167
113000109,460,1177,-717
113000110,1967,396,1571
113000111,183,579,-396
113000112,335,276,59
113000113,1078,321,757
113000114,286,1413,-1127
113000116,882,333,549
113000117,1644,114,1530
113000118,60,563,-503
113000119,330,503,-173
113000120,56,301,-245
113000121,802,1947,-1145
113000124,262,81,181
113000125,65,900,-835
113000127,1546,196,1350
113000128,736,464,272
113000129,530,763,-233
113000133,1524,1362,162
113000134,6,1292,-1286
113000135,4260,5375,-1115
113000137,1340,3516,-2176
113000139,269,297,-28
113000140,142,221,-79
113000141,235,222,13
113000142,501,1218,-717
113000143,291,155,136
113000144,227,464,-237
113000145,92,110,-18
113000146,129,35,94
113000147,207,87,120
113000148,243,96,147
113000149,113,124,-11
113000150,491,240,251
113000151,54,35,19
113000152,36,145,-109
113000153,1113,493,620
113000154,686,1720,-1034
113000155,351,771,-420
113000156,146,313,-167
113000157,224,682,-458
113000158,752,233,519
113000159,997,628,369
113000160,573,734,-161
113000161,292,278,14
113000162,999,358,641
113000163,105,45,60
113000164,21,47,-26
113000166,186,98,88
113000167,66,57,9
113000168,79,87,-8
113000169,261,54,207
113000170,83,98,-15
113000171,28,80,-52
113000172,288,56,232
113000173,96,20,76
113000174,109,240,-131
113000175,414,68,346
113000176,536,113,423
113000177,154,320,-166
113000178,165,231,-66
113000179,326,165,161
113000180,659,1069,-410
113000181,1209,728,481
113000182,135,388,-253
113000183,87,484,-397
113000184,9,96,-87
113000189,346,797,-451
113000190,550,442,108
113000192,820,2991,-2171
113000193,2609,2006,603
113000194,961,1024,-63
113000195,1578,1419,159
113000196,266,56,210
113000197,1902,1569,333
113000198,105,366,-261
113000199,1860,494,1366
113000201,286,273,13
113000202,4027,1121,2906
113000203,129,169,-40
113000204,764,2419,-1655
113000205,28,20,8
113000206,10,19,-9
113000207,62,13,49
113000208,60,49,11
113000209,14,13,1
113000210,14,35,-21
113000211,99,197,-98
113000212,78,26,52
113000213,25,141,-116
113000214,196,244,-48
113000234,189,486,-297
113000410,464,285,179
113000411,2073,4146,-2073
113000412,4075,1738,2337
113000413,1474,2968,-1494
113000414,3454,13083,-9629
113000415,1897,2169,-272
113000416,4799,3425,1374
113000417,1983,2437,-454
113000418,4419,3858,561
113000419,1783,1903,-120
113000420,3739,5972,-2233
113000421,4493,7237,-2744
113000422,11165,10386,779
113000423,1852,5607,-3755
113000424,2792,9271,-6479
113000425,25,105,-80
113000428,71,41,30
113000430,6,445,-439
113000432,2340,175,2165
113000433,121,519,-398
113000434,23,69,-46
113000435,33,238,-205
113000436,35,592,-557
113000437,1361,24,1337
113000438,371,12,359
113000439,31,65,-34
113000440,204,30,174
113000441,278,154,124
113000442,174,96,78
113000443,391,115,276
113000444,293,88,205
113000445,166,84,82
113000446,54,56,-2
113000448,198,229,-31
113000449,160,882,-722
113000450,571,2326,-1755
113000451,1281,259,1022
113000452,279,498,-219
113000453,40,505,-465
113000454,398,144,254
113000455,18,398,-380
113000456,2877,2279,598
113000468,832,125,707
113000469,100,301,-201
113000470,317,19,298
113000471,20,319,-299
113000472,144,234,-90
113000474,896,656,240
113000475,1345,1351,-6
113000476,1660,1712,-52
113000477,4055,1653,2402
113000478,3279,3452,-173
113000479,71,126,-55
113000480,132,311,-179
113000484,0,0,0
113000485,0,0,0
113000486,4,1,3
113000487,0,1,-1
113000488,0,1,-1
113000489,0,2,-2
113000490,0,1,-1
113000491,0,1,-1
113000492,1,1,0
113000493,0,0,0
113000495,163,119,44
113000496,110,121,-11
113000497,0,0,0
113000499,0,0,0
113000500,0,0,0
113900001,3,296,-293
113900002,2,49,-47
113900003,3,56,-53
113900004,9,57,-48
113900005,1,67,-66
113900006,5,8,-3
113900007,44,15,29
113900008,33,0,33
113900009,36,0,36
113900010,55,9,46
113900011,83,1,82
113900012,58,1,57
113900013,112,3,109
113900014,534,4,530
113900015,0,38,-38
113900016,27,0,27
113900017,4,32,-28
113900018,289,349,-60
113900019,227,38,189
113900020,181,4,177
113900022,57,1,56
113900023,29,0,29
113900024,71,20,51
113900025,229,36,193
113900026,75,0,75
113900027,10,32,-22
113900028,20,287,-267
113900029,85,114,-29
113900030,271,14,257
113900031,28,2,26
113900032,28,0,28
113900033,96,44,52
113900035,53,0,53
113900036,20,53,-33
113900037,161,279,-118
113900038,46,175,-129
113900039,195,37,158
113900040,20,37,-17
113900041,4,3,1
113900042,94,28,66
113900043,119,83,36
113900044,247,359,-112
113900045,92,2,90
113900046,169,493,-324
113900047,64,103,-39
113900048,118,156,-38
113900049,313,390,-77
113900050,238,211,27
113900051,229,224,5
113900052,100,90,10
113900053,617,719,-102
113900054,46,2,44
113900055,99,269,-170
113900056,65,143,-78
113900057,19,57,-38
113900058,102,63,39
113900059,272,197,75
113900060,66,156,-90
113900061,514,229,285
113900062,96,16,80
113900063,95,82,13
113900064,31,95,-64
113900065,469,14,455
113900066,488,179,309
113900067,240,230,10
113900068,562,498,64
113900069,53,26,27
113900070,159,288,-129
113900071,94,46,48
113900072,67,98,-31
113900073,305,275,30
113900074,163,277,-114
113900075,1064,1417,-353
113900076,205,10,195
113900077,65,105,-40
113900078,29,28,1
113900079,0,23,-23
113900080,525,193,332
113900081,58,110,-52
113900082,98,162,-64
113900083,357,177,180
113900084,231,138,93
113900085,39,159,-120
113900086,57,12,45
113900087,97,87,10
113900088,76,101,-25
113900089,444,44,400
113900090,680,373,307
113900091,11,18,-7
113900092,37,82,-45
113900093,71,917,-846
113900094,401,196,205
113900095,149,141,8
113900096,311,59,252
113900097,17,57,-40
113900098,688,131,557
113900099,0,28,-28
113900100,1,5,-4
113900101,8,78,-70
113900102,93,153,-60
113900103,290,203,87
113900104,124,234,-110
113900105,188,96,92
113900106,1,53,-52
113900107,0,12,-12
113900108,139,235,-96
113900109,296,177,119
113900110,92,25,67
113900111,185,62,123
113900112,191,62,129
113900113,1192,342,850
113900114,0,41,-41
113900115,1,28,-27
113900116,73,175,-102
113900117,92,21,71
113900118,219,430,-211
113900119,132,413,-281
113900120,95,39,56
113900121,104,78,26
113900122,555,2382,-1827
113900123,614,175,439
113900124,1,47,-46
113900125,581,108,473
113900126,102,39,63
113900127,433,783,-350
113900128,149,68,81
113900129,8,167,-159
113900130,10,248,-238
113900131,290,52,238
113900132,56,90,-34
113900133,9,50,-41
113900135,327,219,108
113900136,84,47,37
113900137,392,331,61
113900138,47,296,-249
113900139,158,236,-78
113900140,99,373,-274
113900141,559,155,404
113900142,154,47,107
113900143,20,63,-43
113900144,122,441,-319
113900145,417,133,284
113900146,200,53,147
113900148,106,372,-266
113900149,126,91,35
113900150,302,318,-16
113900151,434,129,305
113900152,83,52,31
113900153,135,620,-485
113900154,3,124,-121
113900155,171,227,-56
113900156,148,250,-102
113900157,63,286,-223
113900158,264,711,-447
113900159,22,224,-202
113900160,329,282,47
113900161,94,246,-152
113900162,334,1220,-886
113900163,207,211,-4
113900164,358,48,310
113900165,547,234,313
113900166,91,165,-74
113900167,321,38,283
113900168,61,59,2
113900169,160,247,-87
113900171,256,63,193
113900172,6,85,-79
113900173,16,261,-245
113900174,431,443,-12
113900175,383,149,234
113900176,282,266,16
113900177,291,168,123
113900178,447,128,319
113900179,18,237,-219
113900180,200,80,120
113900181,736,121,615
113900182,764,611,153
113900183,41,47,-6
113900184,11,228,-217
113900185,164,59,105
113900186,58,25,33
113900187,52,98,-46
113900188,40,147,-107
113900189,272,105,167
113900190,172,97,75
113900191,113,208,-95
113900192,9,702,-693
113900193,17,118,-101
113900194,1005,713,292
113900195,204,309,-105
113900196,0,139,-139
113900197,0,62,-62
113900198,26,225,-199
113900199,90,471,-381
113900200,24,186,-162
113900201,0,84,-84
113900202,25,179,-154
113900203,0,49,-49
113900204,37,292,-255
113900205,5,143,-138
113900206,0,109,-109
113900207,2,35,-33
113900208,0,29,-29
113900209,0,60,-60
113900210,503,690,-187
113900211,219,85,134
113900212,247,298,-51
113900214,271,288,-17
113900215,36,92,-56
113900216,257,473,-216
113900217,101,114,-13
113900218,165,85,80
113900219,132,373,-241
113900220,127,132,-5
113900221,270,217,53
113900222,177,496,-319
113900223,266,397,-131
113900224,43,36,7
113900225,407,160,247
113900226,363,118,245
113900227,332,229,103
113900228,290,681,-391
113900229,54,974,-920
113900230,2510,3533,-1023
113900231,155,114,41
113900232,145,47,98
113900233,149,74,75
113900234,376,387,-11
113900235,141,36,105
113900236,242,193,49
113900237,246,18,228
113900238,261,655,-394
113900239,40,113,-73
113900240,5,231,-226
113900241,126,51,75
113900242,38,143,-105
113900243,66,301,-235
113900244,161,149,12
113900245,805,279,526
113900246,18,22,-4
113900247,139,538,-399
113900248,1736,1919,-183
113900249,655,384,271
113900250,64,204,-140
113900251,829,94,735
113900252,573,14,559
113900253,609,69,540
113900254,715,156,559
113900255,625,32,593
113900256,374,36,338
113900257,22,288,-266
113900258,28,227,-199
113900259,624,101,523
113900260,276,9,267
113900261,76,59,17
113900262,105,276,-171
113900263,105,505,-400
113900264,7,257,-250
113900265,161,251,-90
113900266,44,121,-77
113900267,68,413,-345
113900268,367,373,-6
113900269,52,123,-71
113900270,231,520,-289
113900271,601,550,51
113900273,40,13,27
113900274,69,23,46
113900275,18,63,-45
113900276,1,56,-55
113900277,157,5,152
113900278,255,170,85
113900279,60,59,1
113900280,1466,503,963
113900281,450,1399,-949
113900282,452,630,-178
113900283,479,495,-16
113900284,918,207,711
113900285,177,31,146
113900286,15,48,-33
113900287,85,14,71
113900288,6,155,-149
113900289,397,99,298
113900290,148,274,-126
113900291,77,128,-51
113900292,29,3,26
113900293,8,185,-177
113900294,526,34,492
113900295,371,270,101
113900296,1822,332,1490
113900297,2515,48,2467
113900298,18,1082,-1064
113900299,174,129,45
113900300,3020,3776,-756
113900301,565,447,118
113900302,1593,998,595
113900303,277,594,-317
113900304,0,67,-67
113900305,123,0,123
113900306,54,1,53
113900307,29,0,29
113900308,83,100,-17
113900309,3,332,-329
113900310,0,9,-9
113900311,11,3,8
113900312,204,193,11
113900313,5,4,1
114000001,962,1761,-799
114000002,284,256,28
114000003,47,242,-195
114000004,410,339,71
114000005,337,233,104
114000006,1816,1261,555
114000007,773,1011,-238
114000008,1363,1753,-390
114000009,1094,210,884
114000011,2903,1700,1203
114000012,2885,1386,1499
114000013,1866,1130,736
114000014,413,158,255
114000015,2227,265,1962
114000016,269,171,98
114000017,93,398,-305
114000018,189,16,173
114000026,2359,795,1564
114000027,4049,1736,2313
114000028,2530,2704,-174
114000038,331,96,235
114000039,70,32,38
114000040,141,210,-69
114000042,202,152,50
114000043,73,53,20
114000044,395,27,368
114000045,32,25,7
114000046,3055,3480,-425
114000047,9,56,-47
114000048,78,33,45
114000049,1760,1352,408
114000050,1979,1580,399
114000051,3283,1838,1445
114000052,4673,1813,2860
114000053,119,614,-495
114000054,205,626,-421
114000055,295,43,252
114000056,422,1102,-680
114000057,3899,1858,2041
114000058,248,1645,-1397
114000059,132,449,-317
114000060,515,751,-236
114000061,2035,3187,-1152
114000062,1182,1793,-611
114000063,1389,1178,211
114000064,2770,3412,-642
114000065,1202,1721,-519
114000066,425,504,-79
114000067,14,962,-948
114000068,526,696,-170
114000069,1210,491,719
114000070,2326,1737,589
114000071,909,346,563
114000072,591,154,437
114000073,12,32,-20
114000074,58,18,40
114000075,39,43,-4
114000076,25,38,-13
114000077,4,21,-17
114000078,353,296,57
114000079,205,16,189
114000080,49,75,-26
114000081,77,72,5
114000082,42,297,-255
114000083,50,139,-89
114000084,368,98,270
114000085,89,336,-247
114000086,244,203,41
114000087,186,98,88
114000088,37,24,13
114000089,442,269,173
114000090,1104,888,216
114000091,1509,710,799
114000092,1185,397,788
114000093,1450,626,824
114000094,372,305,67
114000095,324,158,166
114000096,126,213,-87
114000097,124,280,-156
114000098,664,88,576
114000099,829,225,604
114000100,1851,456,1395
114000101,468,346,122
114000102,702,255,447
114000103,146,226,-80
114000104,55,138,-83
114000105,241,83,158
114000106,627,1524,-897
114000107,529,116,413
114000108,798,703,95
114000109,669,1191,-522
114000110,480,811,-331
114000111,1944,923,1021
114000112,440,1081,-641
114000113,1304,555,749
114000114,1016,763,253
114000115,1880,1174,706
114000116,1012,2340,-1328
114000117,3639,518,3121
114000118,3057,499,2558
114000119,2413,529,1884
114000120,593,532,61
114000121,430,641,-211
114000122,386,293,93
114000123,2321,335,1986
114000124,1028,224,804
114000125,779,787,-8
114000126,2034,207,1827
114000127,424,152,272
114000128,693,246,447
114000130,434,385,49
114000131,308,113,195
114000132,595,367,228
114000133,983,928,55
114000134,77,62,15
114000138,33,108,-75
114000139,437,320,117
114000144,819,504,315
114000145,65,86,-21
114000146,77,137,-60
114000147,1471,2192,-721
114000148,1329,1721,-392
114000149,366,319,47
114000150,340,553,-213
114000151,658,1642,-984
114000152,117,42,75
114000153,575,1806,-1231
114000154,731,454,277
114000155,1503,2317,-814
114000156,894,568,326
114000157,243,862,-619
114000158,866,650,216
114000159,119,288,-169
114000160,98,353,-255
114000161,1141,3245,-2104
114000162,1044,2845,-1801
114000163,23,56,-33
114000165,671,321,350
114000166,608,437,171
114000167,2165,1325,840
114000168,554,538,16
114000169,1317,1366,-49
114000170,1136,1192,-56
114000171,1111,5145,-4034
114000174,164,371,-207
114000176,358,413,-55
114000177,1063,613,450
114000178,56,56,0
114000179,1033,678,355
114000180,304,489,-185
114000181,1764,4156,-2392
114000182,1391,1994,-603
114000183,669,786,-117
114000184,1795,695,1100
114000185,1177,711,466
114000189,1342,175,1167
114000190,3300,421,2879
114000191,74,120,-46
114000192,126,812,-686
114000193,412,1307,-895
114000194,1219,672,547
114000195,189,31,158
114000196,0,100,-100
114000197,1512,34,1478
114000198,700,317,383
114000199,1631,1576,55
114000200,515,1045,-530
114000201,135,449,-314
114000202,1140,387,753
114000203,394,401,-7
114000204,161,309,-148
114000205,241,976,-735
114000206,613,1135,-522
114000207,485,964,-479
114000208,328,1349,-1021
114000209,412,1178,-766
114000210,193,737,-544
114000211,1294,1578,-284
114000212,959,833,126
114000213,1478,470,1008
114000214,96,120,-24
114000215,197,71,126
114000216,1513,297,1216
114000217,391,142,249
114000218,189,180,9
114000219,1356,179,1177
114000220,23,477,-454
114000221,1001,150,851
114000222,113,600,-487
114000223,577,166,411
114000224,69,430,-361
114000225,258,448,-190
114000226,244,235,9
114000227,794,521,273
114000228,869,485,384
114000229,1344,885,459
114000230,1579,778,801
114000231,914,1066,-152
114000232,742,150,592
114000233,2325,113,2212
114000234,1128,602,526
114000235,1136,885,251
114000236,0,305,-305
114000237,97,532,-435
114000238,185,207,-22
114000239,246,641,-395
114000240,794,769,25
114000241,232,670,-438
114000242,638,616,22
114000243,1943,751,1192
114000244,820,293,527
114000245,427,622,-195
114000246,114,47,67
114000247,1033,568,465
114000248,1277,454,823
114000249,625,538,87
114000250,649,444,205
114000251,535,221,314
114000252,62,44,18
114000253,54,107,-53
114000254,56,28,28
114000255,544,191,353
114000256,674,2197,-1523
114000257,328,770,-442
114000258,354,276,78
114000259,115,168,-53
114000260,0,29,-29
114000261,62,36,26
114000262,315,101,214
114000263,9,0,9
114000264,1508,271,1237
114000265,0,1,-1
114000267,1,1522,-1521
114000268,1,687,-686
114000270,60,2,58
114000271,306,60,246
114000283,1416,334,1082
114000285,9,85,-76
114000288,120,248,-128
114000289,1645,95,1550
114000293,238,483,-245
114000294,214,282,-68
114000395,1290,22,1268
114000396,648,555,93
114000402,660,215,445
114000403,331,180,151
114000405,209,233,-24
114000423,354,222,132
114000424,608,147,461
114000425,972,221,751
114000426,317,800,-483
114000427,64,84,-20
114000428,181,201,-20
114000429,14,138,-124
114000432,114,44,70
114000434,17,61,-44
114000435,15,115,-100
114900001,766,494,272
114900002,661,205,456
114900003,762,656,106
114900004,246,430,-184
114900005,572,446,126
114900006,65,89,-24
114900007,313,24,289
114900008,264,94,170
114900010,1157,1783,-626
114900011,251,136,115
114900013,265,124,141
114900015,86,530,-444
114900018,1124,22,1102
114900020,189,59,130
114900022,21,459,-438
114900024,277,142,135
114900025,589,149,440
114900026,44,123,-79
114900027,280,113,167
114900029,20,18,2
114900030,343,142,201
114900031,422,33,389
114900032,417,24,393
114900033,574,1297,-723
114900034,64,113,-49
114900035,135,253,-118
114900036,165,391,-226
114900037,131,110,21
114900038,193,324,-131
114900039,570,245,325
114900040,72,77,-5
114900041,952,244,708
114900042,1057,331,726
114900043,408,166,242
114900044,182,41,141
114900046,44,83,-39
114900047,203,2477,-2274
114900048,132,136,-4
114900049,11,97,-86
114900050,70,211,-141
114900051,31,282,-251
114900052,125,292,-167
114900053,175,237,-62
114900054,39,61,-22
114900057,226,13,213
114900058,0,64,-64
114900059,115,57,58
114900060,438,731,-293
114900061,139,101,38
114900062,200,248,-48
114900063,66,106,-40
114900064,2002,255,1747
114900065,468,612,-144
114900067,51,381,-330
114900068,50,86,-36
114900069,153,89,64
114900070,622,217,405
114900072,3,266,-263
114900073,1,119,-118
114900074,844,306,538
114900075,434,8,426
114900076,10,342,-332
114900080,1113,247,866
114900082,2309,2345,-36
114900083,886,1079,-193
114900090,579,193,386
114900091,116,139,-23
114900095,207,83,124
114900096,385,492,-107
114900097,141,2,139
114900098,2,117,-115
114900099,221,3,218
115000001,3932,2141,1791
115000002,4181,4940,-759
115000003,4024,1736,2288
115000004,5028,6259,-1231
115000005,1333,1581,-248
115000006,1268,1466,-198
115000007,168,164,4
115000008,391,540,-149
115000009,218,164,54
115000010,241,181,60
115000013,58,234,-176
115000015,26,291,-265
115000016,141,338,-197
115000019,35,457,-422
115000020,80,833,-753
115000021,178,370,-192
115000022,433,372,61
115000023,291,683,-392
115000024,848,397,451
115000025,898,802,96
115000026,174,297,-123
115000027,359,326,33
115000028,264,579,-315
115000029,647,129,518
115000030,871,889,-18
115000031,1239,365,874
115000032,2,226,-224
115000033,115,39,76
115000034,63,929,-866
115000035,1072,67,1005
115000036,2,300,-298
115000037,632,28,604
115000038,37,176,-139
115000039,2623,3423,-800
115000040,3573,2427,1146
115000041,1641,3817,-2176
115000042,931,587,344
115000043,4403,2459,1944
115000044,3969,2752,1217
115000045,2385,1014,1371
115000046,2582,2297,285
115000047,2488,1160,1328
115000048,1554,1548,6
115000049,1515,2411,-896
115000050,3481,1449,2032
115000051,1550,3448,-1898
115000052,1469,1466,3
115000053,1860,2059,-199
115000054,525,857,-332
115000055,166,634,-468
115000056,153,558,-405
115000057,635,947,-312
115000058,492,323,169
115000059,279,175,104
115000061,98,154,-56
115000062,231,199,32
115000063,421,242,179
115000064,265,82,183
115000065,56,580,-524
115000067,185,15,170
115000069,121,216,-95
115000070,44,656,-612
115000071,93,18,75
115000072,11,45,-34
115000073,1242,98,1144
115000075,117,61,56
115000076,2480,2029,451
115000077,2187,1209,978
115000078,1351,846,505
115000079,1589,1137,452
115000080,2671,1450,1221
115000081,420,650,-230
115000082,4471,3510,961
115000083,1808,1134,674
115000084,2677,909,1768
115000085,845,606,239
115000086,1166,563,603
115000087,311,1248,-937
115000088,1684,537,1147
115000089,1107,1029,78
115000090,461,739,-278
115000091,197,529,-332
115000092,689,404,285
115000093,618,2,616
115000094,4821,5956,-1135
115000095,3103,6116,-3013
115000096,745,881,-136
115000097,1227,948,279
115000098,1345,565,780
115000099,2641,1690,951
115000100,1222,291,931
115000101,495,1059,-564
115000102,439,244,195
115000103,252,409,-157
115000105,70,116,-46
115000106,662,301,361
115000107,225,289,-64
115000108,2176,1881,295
115000109,3614,4729,-1115
115000110,1347,1894,-547
115000111,562,1217,-655
115000112,865,892,-27
115000113,835,841,-6
115000114,1548,675,873
115000116,3209,2174,1035
115000117,2844,2937,-93
115000118,2546,1862,684
115000119,2218,2131,87
115000120,575,1449,-874
115000121,913,723,190
115000122,1707,1935,-228
115000123,1080,2566,-1486
115000124,861,1060,-199
115000125,450,687,-237
115000126,130,292,-162
115000127,338,141,197
115000128,312,692,-380
115000129,268,482,-214
115000130,486,446,40
115000131,998,195,803
115000132,408,228,180
115000133,760,160,600
115000134,376,194,182
115000135,343,142,201
115000136,284,224,60
115000137,143,154,-11
115000138,462,230,232
115000139,193,128,65
115000140,428,192,236
115000141,219,133,86
115000142,157,142,15
115000143,1014,540,474
115000144,533,42,491
115000145,285,158,127
115000146,540,383,157
115000147,335,329,6
115000148,313,488,-175
115000149,685,278,407
115000150,567,461,106
115000151,1385,427,958
115000152,665,471,194
115000153,1316,488,828
115000154,967,240,727
115000155,666,587,79
115000156,1042,659,383
115000157,547,656,-109
115000158,476,439,37
115000159,464,586,-122
115000160,555,577,-22
115000161,563,418,145
115000162,565,861,-296
115000163,467,574,-107
115000164,605,498,107
115000165,335,476,-141
115000167,144,87,57
115000168,444,302,142
115000169,452,384,68
115000170,123,126,-3
115000171,215,216,-1
115000172,711,624,87
115000173,304,743,-439
115000174,153,352,-199
115000175,194,140,54
115000176,137,127,10
115000177,203,184,19
115000178,18,179,-161
115000179,44,50,-6
115000180,137,347,-210
115000181,793,114,679
115000182,1080,249,831
115000183,448,459,-11
115000186,633,187,446
115000187,296,572,-276
115000188,341,428,-87
115000189,193,419,-226
115000190,634,386,248
115000191,122,488,-366
115000194,156,128,28
115000195,254,278,-24
115000196,201,112,89
115000197,243,150,93
115000198,447,138,309
115000199,481,112,369
115000200,448,82,366
115000201,160,244,-84
115000206,462,70,392
115000207,219,244,-25
115000208,290,491,-201
115000209,822,286,536
115000210,190,107,83
115000211,220,205,15
115000212,1166,350,816
115000224,362,50,312
115000225,65,86,-21
115000229,109,115,-6
115000230,115,262,-147
115000231,242,869,-627
115000232,2010,290,1720
115000233,193,134,59
115000234,24,252,-228
115000241,150,181,-31
115000242,134,171,-37
115000243,57,144,-87
115000244,10,77,-67
115000246,39,35,4
115000247,35,46,-11
115000248,21,25,-4
115000249,21,8,13
115000250,216,26,190
115000251,232,63,169
115000252,111,171,-60
115000253,19,375,-356
115000258,341,95,246
115000259,300,114,186
115000261,45,23,22
115000262,10,24,-14
115000263,16,41,-25
115000264,46,18,28
115000267,73,56,17
115000268,29,94,-65
115000269,121,55,66
115000270,2,16,-14
115000272,83,119,-36
115000273,423,36,387
115000280,1941,311,1630
115000281,332,925,-593
115000282,787,1220,-433
115000284,204,122,82
115000296,987,10,977
115000297,164,210,-46
115000298,43,556,-513
115000300,253,142,111
115000302,650,98,552
115000303,878,62,816
115000304,970,54,916
115000305,121,371,-250
115000306,236,201,35
115000307,103,146,-43
115000308,19,9,10
115000309,18,56,-38
115000310,1173,488,685
115000311,1261,912,349
115000313,76,308,-232
115000314,649,156,493
115000315,565,518,47
115000316,95,130,-35
115000317,160,313,-153
115000318,838,331,507
115000319,77,212,-135
115000320,17,380,-363
115000321,301,20,281
115000322,60,152,-92
115000449,133,128,5
115000557,1,1695,-1694
115000558,368,108,260
115000587,673,271,402
115000588,1724,2175,-451
115000589,3661,2049,1612
115000590,1199,1398,-199
115000591,2201,715,1486
115000592,449,1757,-1308
115000593,1508,683,825
115000594,480,2462,-1982
115000609,188,114,74
115000617,839,3464,-2625
115000624,383,43,340
115000633,473,1689,-1216
115000634,2653,828,1825
115000635,616,99,517
115000638,365,440,-75
115000641,47,148,-101
115000642,311,227,84
115000643,123,295,-172
115000644,123,291,-168
115000646,889,1474,-585
115000647,210,387,-177
115000648,2178,1175,1003
115000893,1889,1441,448
115000894,166,738,-572
115000895,285,497,-212
115000896,1038,374,664
115000897,505,146,359
115000898,505,240,265
115000899,247,1086,-839
115000900,55,257,-202
115000901,40,108,-68
115000912,485,83,402
115000913,2,14,-12
115000915,15,0,15
115000916,2,0,2
115000917,0,5,-5
115000918,49,438,-389
115000919,3,25,-22
115000920,31,46,-15
115000921,273,99,174
115000922,473,826,-353
115000923,214,855,-641
115000925,168,118,50
115000927,43,47,-4
115000933,133,146,-13
115000934,159,136,23
115000935,128,50,78
115000936,41,906,-865
115000937,444,162,282
115000938,56,226,-170
115000939,35,149,-114
115900001,180,15,165
115900002,66,67,-1
115900003,166,41,125
115900004,0,28,-28
115900005,238,20,218
115900006,175,171,4
115900008,93,5,88
115900009,71,150,-79
115900010,465,87,378
115900011,475,345,130
115900012,231,31,200
115900013,319,115,204
115900014,136,158,-22
115900015,140,23,117
115900016,163,31,132
115900017,21,4,17
115900018,170,48,122
115900019,174,17,157
115900020,155,6,149
115900021,955,269,686
115900022,671,3,668
115900023,15,6,9
115900025,54,323,-269
115900026,727,133,594
115900027,0,157,-157
115900028,480,59,421
115900029,18,283,-265
115900030,52,24,28
115900031,162,303,-141
115900032,568,565,3
115900033,1,36,-35
115900034,19,192,-173
115900035,50,19,31
115900036,49,1165,-1116
115900037,60,177,-117
115900038,42,13,29
115900039,179,148,31
115900041,254,702,-448
115900042,42,11,31
115900043,153,49,104
115900044,222,324,-102
115900046,344,193,151
115900047,177,198,-21
115900049,182,124,58
115900051,12,20,-8
115900052,10,134,-124
115900053,279,99,180
115900054,364,17,347
115900055,17,91,-74
115900056,208,147,61
115900057,41,13,28
115900058,36,44,-8
115900060,139,143,-4
115900061,350,2,348
115900062,45,161,-116
115900063,63,5,58
115900064,158,217,-59
115900065,98,56,42
115900066,100,63,37
115900067,5,296,-291
115900068,1658,1099,559
115900069,88,162,-74
115900070,163,73,90
115900071,0,183,-183
115900072,41,116,-75
115900073,91,111,-20
115900074,6,163,-157
115900075,15,184,-169
115900076,10,41,-31
115900077,5,117,-112
115900078,70,106,-36
115900079,321,12,309
115900080,234,126,108
115900081,36,60,-24
115900082,93,140,-47
115900084,733,12,721
115900085,28,40,-12
115900086,981,520,461
115900088,10,58,-48
115900089,364,459,-95
115900090,505,9,496
115900091,10,22,-12
115900092,29,61,-32
115900093,5,4,1
115900094,3,120,-117
115900096,5,2,3
115900097,19,154,-135
115900098,238,158,80
115900099,83,57,26
115900100,10,242,-232
115900101,161,133,28
115900102,102,60,42
115900103,304,122,182
115900104,86,71,15
115900105,363,297,66
115900106,89,19,70
115900107,94,62,32
115900108,156,27,129
115900109,27,247,-220
115900110,3,8,-5
115900111,5,93,-88
115900112,23,491,-468
115900113,86,27,59
115900114,3,79,-76
115900115,129,201,-72
115900116,74,494,-420
115900117,81,11,70
115900118,4,165,-161
115900119,165,124,41
115900120,32,170,-138
115900121,237,144,93
115900124,351,704,-353
115900125,334,34,300
115900126,887,73,814
115900127,735,43,692
115900128,8,84,-76
115900129,743,61,682
115900130,14,232,-218
115900131,358,25,333
115900132,680,10,670
115900134,374,7,367
115900135,335,1381,-1046
115900137,37,17,20
115900139,32,116,-84
115900140,312,42,270
115900141,5,51,-46
115900142,6,20,-14
115900143,309,555,-246
115900144,146,202,-56
115900146,26,39,-13
115900147,239,272,-33
115900148,76,9,67
115900149,143,9,134
115900150,108,23,85
115900151,13,108,-95
115900152,147,255,-108
115900153,153,129,24
115900154,366,280,86
115900155,1,16,-15
115900156,723,994,-271
115900157,188,474,-286
115900158,10,4,6
115900159,254,179,75
115900160,2,6,-4
115900161,109,140,-31
115900163,250,107,143
115900164,638,12,626
115900165,4,135,-131
115900166,196,107,89
115900168,192,133,59
115900171,122,347,-225
115900172,60,100,-40
115900173,209,86,123
115900174,239,196,43
115900175,148,184,-36
115900178,5,306,-301
115900179,333,7,326
115900180,37,102,-65
115900181,217,78,139
115900182,487,103,384
115900183,64,47,17
115900184,692,13,679
115900187,11,131,-120
115900189,1,306,-305
115900190,273,1295,-1022
115900191,24,169,-145
115900192,6,74,-68
115900193,272,107,165
115900194,710,70,640
115900195,411,2318,-1907
115900198,188,269,-81
115900199,201,128,73
115900200,221,252,-31
115900201,363,327,36
115900202,8,109,-101
115900203,7,22,-15
115900204,3,16,-13
115900205,55,25,30
115900206,291,105,186
115900207,57,9,48
115900208,113,50,63
115900209,6,80,-74
115900210,9,114,-105
115900211,1,94,-93
115900212,208,145,63
115900213,64,133,-69
115900214,581,156,425
115900215,25,179,-154
115900216,0,108,-108
115900217,1,36,-35
115900218,5,40,-35
115900219,108,1,107
115900220,260,7,253
115900221,107,11,96
115900222,70,43,27
115900223,7,501,-494
115900224,624,1275,-651
115900225,35,70,-35
115900226,31,43,-12
115900227,8,54,-46
115900228,7,44,-37
115900229,6,25,-19
115900230,36,92,-56
115900231,115,4,111
115900232,71,7,64
115900233,117,15,102
115900234,78,27,51
115900235,23,35,-12
115900236,46,34,12
115900237,17,18,-1
115900238,44,14,30
115900239,17,21,-4
115900240,16,42,-26
115900241,316,73,243
115900242,211,322,-111
115900243,4,9,-5
115900244,4,5,-1
115900245,63,18,45
115900246,5,13,-8
115900247,23,8,15
115900248,10,2,8
115900249,8,10,-2
115900250,17,11,6
115900251,5,10,-5
115900252,3,5,-2
115900253,9,10,-1
115900254,4,27,-23
115900255,1,25,-24
115900256,12,21,-9
115900257,5,6,-1
115900258,0,2,-2
115900259,3,0,3
115900260,10,0,10
115900261,16,2,14
115900262,2,1,1
115900263,19,0,19
115900264,8,1,7
115900265,3,7,-4
115900266,1,15,-14
115900267,11,22,-11
115900268,7,14,-7
115900269,728,240,488
115900270,394,116,278
115900271,140,0,140
115900272,57,4,53
115900273,17,19,-2
115900274,2,3,-1
115900275,0,7,-7
115900276,0,20,-20
115900277,2,31,-29
115900278,56,115,-59
115900279,24,229,-205
115900280,19,508,-489
115900281,249,307,-58
115900282,5,15,-10
115900283,5,17,-12
115900284,12,3,9
116000001,6061,3070,2991
116000002,4570,13882,-9312
116000003,1268,1153,115
116000004,3066,4667,-1601
116000005,1383,2774,-1391
116000006,2524,2864,-340
116000007,2182,3067,-885
116000008,4782,2692,2090
116000009,1138,1388,-250
116000010,2673,1757,916
116000011,686,1457,-771
116000012,1908,1206,702
116000013,5128,3319,1809
116000014,7239,13345,-6106
116000015,156,1381,-1225
116000016,3882,4240,-358
116000017,27,724,-697
116000018,664,289,375
116000019,871,271,600
116000020,621,726,-105
116000021,637,296,341
116000022,370,365,5
116000023,1303,883,420
116000024,655,646,9
116000025,893,871,22
116000026,1610,2462,-852
116000027,775,690,85
116000028,441,1234,-793
116000029,506,679,-173
116000030,687,601,86
116000031,148,280,-132
116000032,390,163,227
116000033,433,432,1
116000034,813,786,27
116000035,386,735,-349
116000036,1160,1586,-426
116000037,496,469,27
116000038,255,593,-338
116000039,474,538,-64
116000040,542,490,52
116000041,154,483,-329
116000042,590,409,181
116000043,103,662,-559
116000044,8,40,-32
116000045,1808,1575,233
116000046,956,1721,-765
116000047,1597,2198,-601
116000048,1927,1771,156
116000049,1371,3138,-1767
116000050,1513,1250,263
116000051,6186,2746,3440
116000052,5887,4704,1183
116000053,2146,712,1434
116000054,953,2392,-1439
116000055,876,817,59
116000056,1156,1141,15
116000057,2676,1227,1449
116000058,2935,2464,471
116000059,2762,4211,-1449
116000060,1720,972,748
116000061,586,1157,-571
116000062,500,166,334
116000063,618,1239,-621
116000066,282,737,-455
116000067,177,383,-206
116000068,250,290,-40
116000069,234,276,-42
116000078,571,1117,-546
116000080,1753,719,1034
116000082,2,31,-29
116000083,1827,383,1444
116000084,1602,2368,-766
116000085,2124,1920,204
116000086,1021,630,391
116000087,2503,1572,931
116000088,694,777,-83
116000089,178,66,112
116000090,91,118,-27
116000091,273,340,-67
116000093,747,510,237
116000094,731,437,294
116000095,878,543,335
116000096,842,1509,-667
116000097,1303,500,803
116000098,65,6758,-6693
116000099,4491,288,4203
116000100,284,34,250
116000101,986,465,521
116000102,257,658,-401
116000103,554,345,209
116000104,195,786,-591
116000105,1271,123,1148
116000106,499,662,-163
116000107,2762,254,2508
116000108,478,252,226
116000111,102,40,62
116000113,137,120,17
116000114,36,138,-102
116000115,376,130,246
116000116,262,258,4
116000117,1629,1643,-14
116000118,1578,949,629
116000119,3765,1857,1908
116000120,2785,2528,257
116000121,1082,548,534
116000122,1028,856,172
116000123,1304,432,872
116000124,389,615,-226
116000125,3169,872,2297
116000126,248,859,-611
116000127,873,787,86
116000128,2140,892,1248
116000129,1451,229,1222
116000130,713,553,160
116000133,1502,713,789
116000134,1614,1165,449
116000135,3066,1260,1806
116000136,792,1345,-553
116000137,1270,723,547
116000138,849,621,228
116000139,1478,2259,-781
116000140,209,147,62
116000141,308,337,-29
116000142,2641,1911,730
116000143,1935,1815,120
116000144,1380,1410,-30
116000145,2024,1028,996
116000146,803,97,706
116000147,190,132,58
116000148,713,563,150
116000149,812,728,84
116000151,498,332,166
116000153,112,304,-192
116000155,169,228,-59
116000156,481,833,-352
116000157,81,18,63
116000158,350,351,-1
116000159,17,22,-5
116000160,19,36,-17
116000161,6,47,-41
116000162,67,81,-14
116000163,42,15,27
116000164,8,20,-12
116000177,328,152,176
116000194,84,298,-214
116000195,1121,519,602
116000196,12,1,11
116000197,3,3,0
116000198,2330,1055,1275
116000200,578,660,-82
116000201,582,608,-26
116000202,10,144,-134
116000203,0,62,-62
116000204,15,29,-14
116000205,1,90,-89
116000206,4,133,-129
116000207,26,44,-18
116000233,173,321,-148
116000287,181,219,-38
116000288,353,162,191
116000292,63,62,1
116000296,12,177,-165
116000297,128,9,119
116000304,171,22,149
116000305,28,43,-15
116000346,221,74,147
116000352,82,39,43
116000354,33,41,-8
116000357,11,85,-74
116000358,423,86,337
116000361,44,2,42
116000372,2966,5019,-2053
116000381,139,0,139
116000388,1,32,-31
116000389,909,510,399
116000445,538,301,237
116000446,714,265,449
116000447,16,531,-515
116000448,475,163,312
116000563,791,948,-157
116000565,63,242,-179
116000568,82,395,-313
116000579,18,100,-82
116000584,20,4,16
116000585,41,28,13
116000586,73,66,7
116000587,557,711,-154
116000589,29,46,-17
116000590,65,53,12
116000591,259,142,117
116000592,5,68,-63
116000593,0,22,-22
116000594,789,205,584
116000595,705,91,614
116000596,99,1,98
116000597,488,151,337
116000598,20,105,-85
116000602,38,429,-391
116000605,195,114,81
116000606,75,302,-227
116000607,0,16,-16
116000609,140,945,-805
116000611,190,295,-105
116000612,890,1831,-941
116000613,707,316,391
116000614,369,321,48
116000615,1,370,-369
116000616,37,56,-19
116000617,96,29,67
116000618,5,39,-34
116000619,70,69,1
116000620,205,113,92
116000621,67,104,-37
116000622,69,126,-57
116000624,246,145,101
116000627,83,7,76
116000628,76,164,-88
116000629,24,183,-159
116000630,646,23,623
116000631,224,41,183
116000632,715,146,569
116000633,59,135,-76
116000634,666,21,645
116000635,1876,2460,-584
116000636,419,1133,-714
116000637,418,12,406
116000638,30,184,-154
116900001,254,132,122
116900002,203,0,203
116900003,38,27,11
116900004,68,101,-33
116900005,328,49,279
116900006,56,401,-345
116900007,122,170,-48
116900008,537,176,361
116900009,11,10,1
116900010,13,700,-687
116900011,7,29,-22
116900012,226,185,41
116900013,9,106,-97
116900014,174,106,68
116900015,550,57,493
116900016,264,3,261
116900017,1,265,-264
116900018,152,42,110
116900019,5,195,-190
116900020,592,1435,-843
116900023,88,12,76
116900024,728,40,688
116900025,1494,561,933
116900026,90,421,-331
116900027,27,45,-18
116900028,3,85,-82
116900029,0,85,-85
116900031,1,3,-2
116900032,5,192,-187
116900033,25,8,17
116900034,3,50,-47
116900035,167,107,60
116900036,6,105,-99
116900038,33,3,30
116900041,53,12,41
116900042,295,188,107
116900043,38,61,-23
116900047,28,204,-176
116900049,47,204,-157
116900050,113,290,-177
116900051,187,56,131
116900052,163,54,109
116900055,1,7,-6
116900057,9,142,-133
116900058,22,271,-249
116900059,3,61,-58
116900060,157,145,12
116900062,2,16,-14
116900064,107,260,-153
116900065,23,84,-61
116900067,120,80,40
116900068,88,163,-75
116900070,5,8,-3
116900072,18,194,-176
116900073,16,55,-39
116900074,5,36,-31
116900076,21,18,3
116900077,23,76,-53
116900078,127,70,57
116900079,33,124,-91
116900080,8,12,-4
116900081,356,773,-417
116900082,417,910,-493
116900083,25,11,14
116900084,88,71,17
116900085,32,97,-65
116900086,27,117,-90
116900088,316,79,237
116900090,75,34,41
116900091,490,13,477
116900092,89,537,-448
116900093,1695,1514,181
116900094,2738,4324,-1586
116900095,240,128,112
116900096,117,433,-316
116900097,1880,3494,-1614
116900098,723,363,360
116900099,411,821,-410
116900100,1069,70,999
116900101,283,376,-93
116900103,0,0,0
116900104,69,91,-22
116900105,307,163,144
116900106,2602,120,2482
116900107,1896,2574,-678
116900110,13,3,10
116900111,638,332,306
116900112,298,517,-219
116900113,1118,1860,-742
116900116,90,658,-568
116900117,165,130,35
116900118,620,792,-172
116900120,486,51,435
116900121,181,19,162
116900122,1201,437,764
116900123,298,403,-105
116900124,166,713,-547
116900125,473,117,356
116900126,60,579,-519
116900128,1,42,-41
116900129,1,215,-214
116900130,441,4537,-4096
116900131,76,340,-264
116900132,89,102,-13
116900133,195,115,80
116900134,277,180,97
116900136,313,216,97
116900137,273,129,144
116900138,232,124,108
116900139,146,310,-164
116900140,179,117,62
116900141,678,383,295
116900142,3,60,-57
116900143,335,239,96
116900144,40,86,-46
116900145,83,152,-69
116900147,329,707,-378
116900148,7,50,-43
116900149,68,246,-178
116900150,13,10,3
116900151,43,18,25
116900153,161,120,41
116900154,374,661,-287
116900155,71,85,-14
116900157,802,110,692
116900158,103,300,-197
116900159,62,286,-224
116900160,947,944,3
116900161,3977,7392,-3415
116900162,20,63,-43
116900163,248,75,173
116900164,88,55,33
116900165,282,311,-29
116900166,44,28,16
116900167,556,33,523
116900168,407,58,349
116900169,301,683,-382
116900170,389,552,-163
116900171,73,92,-19
116900172,158,402,-244
116900173,233,45,188
116900174,75,74,1
116900175,207,273,-66
116900178,29,68,-39
116900179,79,319,-240
116900180,92,19,73
116900182,503,224,279
116900183,192,110,82
116900185,35,70,-35
116900186,121,141,-20
116900187,34,47,-13
116900188,162,39,123
116900189,109,1,108
116900191,426,566,-140
116900192,269,118,151
116900194,163,1718,-1555
116900195,66,32,34
116900196,22,53,-31
116900197,112,13,99
116900198,117,282,-165
116900200,94,11,83
116900201,167,10,157
116900202,84,21,63
116900203,216,6,210
116900204,53,102,-49
116900206,19,4,15
116900207,26,28,-2
116900208,6,46,-40
116900209,35,47,-12
116900210,604,310,294
116900211,280,4,276
116900212,83,21,62
116900213,207,102,105
116900214,214,118,96
116900215,55,43,12
116900216,266,159,107
116900218,1,84,-83
116900219,1145,317,828
116900220,102,272,-170
116900221,99,262,-163
116900222,437,380,57
116900223,118,269,-151
116900226,91,28,63
116900227,232,45,187
116900228,365,113,252
116900230,45,143,-98
116900231,46,211,-165
116900232,21,271,-250
116900233,338,102,236
116900234,29,10,19
116900235,120,193,-73
116900238,1135,286,849
116900239,16,1275,-1259
116900240,3563,3454,109
116900241,144,80,64
116900242,225,791,-566
116900243,6,45,-39
116900245,52,37,15
116900246,109,25,84
116900247,993,25,968
116900248,81,26,55
116900249,484,62,422
116900250,360,28,332
116900251,353,699,-346
116900252,145,407,-262
116900253,123,44,79
116900254,49,67,-18
116900255,120,91,29
116900256,439,106,333
116900257,15,244,-229
116900258,2,104,-102
116900259,299,10,289
116900260,1,45,-44
116900261,108,6,102
116900262,190,94,96
116900263,1,13,-12
116900264,2,3,-1
116900265,57,2,55
116900266,18,12,6
116900267,4,0,4
116900268,284,180,104
116900269,317,473,-156
116900271,692,399,293
116900272,286,228,58
116900273,100,121,-21
116900274,130,40,90
116900275,200,56,144
116900276,474,184,290
116900277,286,39,247
116900278,8,12,-4
116900279,2,14,-12
116900280,40,14,26
116900281,3239,5275,-2036
116900282,10,48,-38
116900283,8,51,-43
116900284,14,111,-97
116900285,133,214,-81
116900286,155,16,139
116900287,8,18,-10
116900288,96,71,25
116900289,13,2,11
116900290,6,13,-7
116900291,38,7,31
116900292,0,25,-25
116900293,64,16,48
116900294,26,104,-78
116900295,99,83,16
116900296,49,89,-40
116900297,6,82,-76
116900298,83,56,27
116900299,18,68,-50
116900300,8,117,-109
116900301,40,152,-112
116900302,18,83,-65
116900303,112,106,6
116900304,0,165,-165
116900305,17,33,-16
116900306,189,31,158
117000001,2440,1807,633
117000002,1759,3294,-1535
117000003,6446,3337,3109
117000004,2983,4115,-1132
117000005,2553,1806,747
117000006,1113,2122,-1009
117000007,4747,1159,3588
117000008,856,2543,-1687
117000009,4834,2042,2792
117000010,2062,2736,-674
117000011,2652,1420,1232
117000012,1321,858,463
117000013,1909,669,1240
117000014,1222,1833,-611
117000015,2285,1313,972
117000016,276,150,126
117000017,137,113,24
117000018,139,813,-674
117000019,64,1,63
117000020,385,2184,-1799
117000021,925,375,550
117000022,281,170,111
117000023,129,203,-74
117000024,173,295,-122
117000025,307,1071,-764
117000026,1717,1675,42
117000027,1368,5105,-3737
117000028,1498,2386,-888
117000030,334,427,-93
117000031,353,347,6
117000032,1244,1181,63
117000033,1155,719,436
117000034,547,275,272
117000035,413,396,17
117000036,339,248,91
117000037,354,221,133
117000038,127,495,-368
117000039,437,232,205
117000040,231,649,-418
117000041,1485,137,1348
117000044,8,483,-475
117000045,510,134,376
117000046,348,747,-399
117000047,950,589,361
117000048,1454,639,815
117000049,98,487,-389
117000050,155,1120,-965
117000051,2679,87,2592
117000052,75,147,-72
117000053,688,25,663
117000054,1765,23,1742
117000055,4,1652,-1648
117000056,639,24,615
117000057,412,1735,-1323
117000060,461,832,-371
117000061,2326,1002,1324
117000062,233,591,-358
117000063,1966,928,1038
117000064,480,545,-65
117000066,722,768,-46
117000067,89,640,-551
117000074,86,160,-74
117000076,33,31,2
117000077,116,163,-47
117000078,126,512,-386
117000079,521,191,330
117000080,0,254,-254
117000081,1044,104,940
117000082,14,80,-66
117000083,117,1,116
117000084,145,4,141
117000085,355,798,-443
117000086,709,298,411
117000087,90,426,-336
117000088,247,134,113
117000089,1994,215,1779
117000090,296,881,-585
117000091,951,241,710
117000092,368,811,-443
117000093,1492,693,799
117000094,1218,1808,-590
117000095,4271,803,3468
117000096,615,1676,-1061
117000097,1882,891,991
117000098,2060,2783,-723
117000099,4403,1184,3219
117000100,241,348,-107
117000101,130,727,-597
117000102,2170,594,1576
117000103,534,1123,-589
117000104,1669,625,1044
117000105,706,996,-290
117000106,1752,756,996
117000107,526,1216,-690
117000108,2365,935,1430
117000109,1044,1871,-827
117000110,1805,1469,336
117000111,3566,3665,-99
117000112,3726,1466,2260
117000113,132,151,-19
117000114,254,78,176
117000115,97,77,20
117000116,172,158,14
117000117,1427,1133,294
117000118,272,106,166
117000119,181,224,-43
117000120,137,619,-482
117000121,55,1109,-1054
117000122,296,808,-512
117000123,1415,32,1383
117000124,226,117,109
117000125,148,211,-63
117000126,40,9,31
117000127,134,252,-118
117000128,162,654,-492
117000129,259,834,-575
117000130,141,0,141
117000131,0,78,-78
117000132,3245,31,3214
117000133,2111,70,2041
117000134,1,65,-64
117000135,2,75,-73
117000136,3,25,-22
117000137,147,110,37
117000138,2,670,-668
117000140,384,1044,-660
117000141,2213,521,1692
117000181,406,200,206
117000182,656,976,-320
117000195,178,600,-422
117000196,287,213,74
117000225,97,62,35
117000226,9,116,-107
117000276,413,26,387
117000277,0,184,-184
117000310,1349,2122,-773
117000315,87,695,-608
117000320,63,1,62
117000906,413,25,388
117000907,16,188,-172
117000908,12,101,-89
117000909,44,19,25
117000910,204,175,29
117000911,76,153,-77
117000915,8,304,-296
117000916,49,4,45
117000917,1421,47,1374
117000918,101,47,54
117000919,5,41,-36
117000920,8,806,-798
117000921,1,480,-479
117000922,22,56,-34
117000924,394,676,-282
117000926,511,104,407
117000927,656,1209,-553
117000928,0,81,-81
117000929,266,155,111
117000930,264,11,253
117000931,115,189,-74
117900002,73,381,-308
117900003,500,472,28
117900005,5,53,-48
117900006,1,161,-160
117900007,142,96,46
117900008,0,12,-12
117900010,255,55,200
117900011,30,148,-118
117900012,74,58,16
117900013,2,143,-141
117900014,507,81,426
117900015,6,42,-36
117900016,1038,966,72
117900017,559,174,385
117900018,117,157,-40
117900019,624,181,443
117900020,56,467,-411
117900021,33,46,-13
117900022,39,6,33
117900023,695,87,608
117900024,41,47,-6
117900025,40,4,36
117900026,522,141,381
117900028,39,8,31
117900029,251,317,-66
117900030,431,203,228
117900031,112,133,-21
117900032,1180,559,621
117900033,376,310,66
117900034,41,31,10
117900035,274,112,162
117900036,220,250,-30
117900037,262,92,170
117900038,23,137,-114
117900039,2,28,-26
117900040,146,213,-67
117900041,1,41,-40
117900042,2946,302,2644
117900043,17,22,-5
117900044,23,3278,-3255
117900045,198,132,66
117900048,385,150,235
117900049,257,322,-65
117900050,6,104,-98
117900051,24,3,21
117900052,59,453,-394
117900053,1991,348,1643
117900054,1,26,-25
117900055,441,221,220
117900056,99,78,21
117900057,733,904,-171
117900058,46,33,13
117900059,163,83,80
117900060,3056,3099,-43
117900061,24,256,-232
117900063,400,172,228
117900065,550,845,-295
117900066,6,93,-87
117900067,618,101,517
117900069,826,157,669
117900070,115,58,57
117900071,113,122,-9
117900073,612,152,460
117900074,88,112,-24
117900075,74,76,-2
117900076,40,49,-9
117900077,579,108,471
117900078,375,878,-503
117900080,113,40,73
117900081,335,345,-10
117900082,541,403,138
117900083,461,215,246
117900086,135,33,102
117900087,123,24,99
117900088,2152,1624,528
117900089,2670,743,1927
117900090,452,250,202
117900091,77,124,-47
117900092,88,34,54
117900093,120,36,84
117900094,52,22,30
117900095,344,230,114
117900096,130,189,-59
117900097,409,112,297
117900098,58,8,50
117900099,165,153,12
117900100,456,5,451
117900101,577,2079,-1502
117900102,76,35,41
117900103,77,2,75
117900104,10,251,-241
117900105,85,176,-91
117900106,135,27,108
117900107,39,1,38
117900109,735,409,326
117900110,209,2,207
117900111,576,46,530
117900112,76,13,63
117900113,1486,1856,-370
117900114,26,1,25
117900115,92,101,-9
117900116,709,767,-58
117900117,688,260,428
117900118,139,0,139
117900119,195,68,127
117900120,298,42,256
117900121,243,90,153
117900122,1228,5017,-3789
117900123,583,266,317
117900124,697,542,155
117900125,1783,1825,-42
117900126,194,377,-183
117900127,416,256,160
117900128,436,367,69
117900129,99,1,98
117900130,760,365,395
117900131,2,108,-106
117900132,15,63,-48
117900133,11,84,-73
117900134,81,282,-201
117900135,19,121,-102
117900136,0,19,-19
117900137,26,156,-130
117900138,0,24,-24
117900139,130,59,71
117900140,2256,201,2055
117900141,99,176,-77
117900142,55,72,-17
117900144,38,413,-375
117900145,30,47,-17
117900146,137,229,-92
117900147,54,54,0
117900148,1947,1931,16
117900149,100,73,27
117900150,35,28,7
117900151,37,42,-5
117900152,57,55,2
117900153,8,97,-89
117900154,442,440,2
117900156,731,682,49
117900157,90,462,-372
117900158,370,141,229
117900160,872,750,122
117900161,1690,1343,347
117900162,507,374,133
117900163,32,206,-174
117900165,1,11,-10
117900166,99,527,-428
117900168,58,218,-160
117900169,0,82,-82
117900170,0,18,-18
117900171,1,10,-9
117900172,9,8,1
117900173,124,108,16
117900174,25,43,-18
117900175,6,22,-16
117900176,9,14,-5
117900177,15,20,-5
117900178,65,33,32
117900180,234,43,191
117900181,37,423,-386
117900182,1,37,-36
117900183,59,105,-46
117900184,13,65,-52
117900185,62,48,14
117900186,37,12,25
117900187,37,12,25
117900188,165,43,122
117900189,71,22,49
117900190,24,0,24
117900191,81,0,81
117900192,275,2,273
117900193,4,26,-22
117900194,8,2,6
117900195,28,42,-14
117900196,22,34,-12
117900207,109,142,-33
117900208,24,33,-9
117900209,127,120,7
117900210,125,210,-85
117900211,5,94,-89
117900212,116,131,-15
117900213,19,7,12
117900214,16,20,-4
117900215,33,45,-12
117900216,19,20,-1
117900217,39,317,-278
117900218,80,128,-48
117900219,8,144,-136
117900220,92,147,-55
117900222,195,190,5
117900223,107,272,-165
118000001,769,1191,-422
118000002,452,1417,-965
118000003,2168,3587,-1419
118000004,1763,1855,-92
118000005,3013,5920,-2907
118000006,2989,8414,-5425
118000007,5320,4750,570
118000008,2775,3710,-935
118000009,1443,2650,-1207
118000010,6210,3886,2324
118000011,1637,1926,-289
118000012,1033,1521,-488
118000013,2020,1894,126
118000014,1904,1620,284
118000016,260,206,54
118000017,423,413,10
118000018,372,278,94
118000019,1834,1502,332
118000020,893,3296,-2403
118000021,586,3342,-2756
118000022,1235,928,307
118000023,575,244,331
118000024,832,1436,-604
118000027,8556,12570,-4014
118000029,652,926,-274
118000032,492,4055,-3563
118000033,2596,6554,-3958
118000034,3656,2410,1246
118000035,1884,3159,-1275
118000036,839,1216,-377
118000037,684,791,-107
118000038,239,101,138
118000039,93,183,-90
118000040,1815,1154,661
118000041,2558,1057,1501
118000045,530,171,359
118000046,968,699,269
118000047,617,1108,-491
118000048,2083,2067,16
118000051,1453,2073,-620
118000052,862,1112,-250
118000053,427,628,-201
118000054,1671,950,721
118000055,1413,1339,74
118000056,247,561,-314
118000057,337,340,-3
118000058,3664,2415,1249
118000059,1913,1660,253
118000060,1510,437,1073
118000061,1496,1191,305
118000062,546,400,146
118000063,425,863,-438
118000064,829,1092,-263
118000065,2407,2341,66
118000066,1005,1755,-750
118000067,584,638,-54
118000068,1364,5339,-3975
118000069,2024,922,1102
118000070,4025,1806,2219
118000071,2721,7338,-4617
118000072,1139,1486,-347
118000073,917,780,137
118000074,550,365,185
118000075,614,284,330
118000076,1776,3220,-1444
118000077,1085,1046,39
118000078,1817,2478,-661
118000079,199,589,-390
118000080,735,765,-30
118000081,1593,1299,294
118000082,284,1147,-863
118000083,1351,1652,-301
118000084,2788,2042,746
118000086,242,545,-303
118000087,3040,2488,552
118000088,1447,1485,-38
118000089,3323,2647,676
118000090,1653,2771,-1118
118000091,851,2978,-2127
118000092,856,576,280
118000093,74,754,-680
118000096,547,564,-17
118000097,761,779,-18
118000098,215,155,60
118000099,726,537,189
118000101,1320,309,1011
118000102,453,864,-411
118000107,1137,443,694
118000108,560,2608,-2048
118000110,0,22,-22
118000111,0,142,-142
118000112,652,5,647
118000113,1,272,-271
118000114,644,10,634
118000115,11,11,0
118000116,12,0,12
118000117,702,607,95
118000118,943,1085,-142
118000119,856,1129,-273
118000120,1276,852,424
118000121,58,497,-439
118000122,967,272,695
118000123,46,231,-185
118000125,1086,760,326
118000126,738,1856,-1118
118000127,1371,687,684
118000128,381,982,-601
118000129,972,456,516
118000130,1541,2032,-491
118000131,268,432,-164
118000132,3007,2396,611
118000133,1052,374,678
118000135,575,415,160
118000136,99,390,-291
118000137,609,76,533
118000138,435,360,75
118000139,534,62,472
118000140,2588,5443,-2855
118000141,2448,1447,1001
118000142,1932,1412,520
118000143,2560,1206,1354
118000144,914,592,322
118000145,1701,991,710
118000146,1250,475,775
118000147,984,947,37
118000148,587,1050,-463
118000149,947,744,203
118000150,561,256,305
118000151,631,375,256
118000153,1615,942,673
118000154,1349,1230,119
118000155,1572,1204,368
118000156,1928,2590,-662
118000157,688,389,299
118000158,231,411,-180
118000159,20,122,-102
118000160,665,350,315
118000161,567,500,67
118000162,1668,800,868
118000163,880,861,19
118000164,1716,1432,284
118000168,719,959,-240
118000169,769,777,-8
118000170,3005,3356,-351
118000171,386,384,2
118000172,82,198,-116
118000173,873,1310,-437
118000175,320,452,-132
118000176,295,561,-266
118000177,281,637,-356
118000178,39,45,-6
118000179,956,1686,-730
118000180,813,844,-31
118000181,693,291,402
118000182,284,259,25
118000183,177,337,-160
118000184,1003,621,382
118000185,1162,1480,-318
118000186,1000,1301,-301
118000187,1661,475,1186
118000188,736,117,619
118000189,879,388,491
118000190,13,14,-1
118000191,16,18,-2
118000192,62,165,-103
118000193,103,238,-135
118000194,1115,805,310
118000195,327,1332,-1005
118000196,232,277,-45
118000197,85,193,-108
118000198,468,757,-289
118000199,548,391,157
118000200,60,220,-160
118000201,375,618,-243
118000202,80,77,3
118000203,618,681,-63
118000204,65,426,-361
118000205,109,296,-187
118000206,242,174,68
118000207,0,45,-45
118000208,1362,1321,41
118000209,1972,1064,908
118000210,81,35,46
118000211,29,27,2
118000213,619,2253,-1634
118000214,439,650,-211
118000215,296,109,187
118000216,2689,1502,1187
118000217,20,71,-51
118000218,118,99,19
118000219,363,223,140
118000220,14,30,-16
118000221,343,387,-44
118000222,75,9,66
118000223,49,30,19
118000224,104,73,31
118000225,83,485,-402
118000226,978,187,791
118000227,570,363,207
118000228,98,270,-172
118000229,101,120,-19
118000230,149,163,-14
118000231,105,192,-87
118000232,754,480,274
118000233,1225,587,638
118000234,480,138,342
118000236,312,269,43
118000237,131,236,-105
118000238,326,125,201
118000239,253,251,2
118000240,230,162,68
118000241,171,123,48
118000242,413,342,71
118000243,308,159,149
118000244,56,71,-15
118000246,2,18,-16
118000255,49,222,-173
118000256,121,146,-25
118000259,11,59,-48
118000260,248,71,177
118000261,47,37,10
118000263,88,154,-66
118000266,104,176,-72
118000267,0,91,-91
118000268,259,2,257
118000270,104,13,91
118000271,151,148,3
118000272,89,32,57
118000273,217,58,159
118000274,102,211,-109
118000276,546,293,253
118000295,21,129,-108
118000298,187,195,-8
118000299,57,76,-19
118000301,0,48,-48
118000302,132,45,87
118000311,720,61,659
118000312,369,111,258
118000313,56,71,-15
118000314,82,39,43
118000315,51,29,22
118000316,673,407,266
118000325,55,28,27
118000326,47,28,19
118000331,25,19,6
118000332,23,20,3
118000333,16,26,-10
118000335,442,0,442
118000336,0,91,-91
118000407,294,57,237
118000457,11,34,-23
118000465,1357,3779,-2422
118000480,50,46,4
118000489,11,387,-376
118000490,13,102,-89
118000492,289,195,94
118000510,63,38,25
118000514,117,300,-183
118000515,699,762,-63
118000517,282,187,95
118000524,352,538,-186
118000525,605,616,-11
118000530,28,93,-65
118000531,337,241,96
118000532,244,207,37
118000533,308,98,210
118000534,548,363,185
118000535,315,127,188
118000536,229,1585,-1356
118000537,31,199,-168
118000538,23,68,-45
118000539,38,125,-87
118000540,353,168,185
118000541,199,56,143
118000542,122,201,-79
118000543,221,263,-42
118000546,51,19,32
118000553,0,0,0
118000560,1485,2402,-917
118000562,26,114,-88
118000563,1347,903,444
118000576,147,103,44
118000577,137,88,49
118000578,71,59,12
118000579,438,1269,-831
118000583,0,0,0
118000595,254,74,180
118000596,0,70,-70
118000597,92,78,14
118000598,32,3,29
118000599,80,51,29
118000600,0,16,-16
118000601,13,0,13
118000602,0,16,-16
118000603,0,8,-8
118900001,389,1390,-1001
118900002,678,834,-156
118900003,553,11,542
118900004,73,21,52
118900005,92,6,86
118900006,147,24,123
118900007,12,1,11
118900008,1304,59,1245
118900009,87,85,2
118900010,78,11,67
118900011,188,30,158
118900012,376,158,218
118900013,412,261,151
118900015,331,73,258
118900016,7,3,4
118900017,135,316,-181
118900018,898,79,819
118900019,61,28,33
118900020,134,138,-4
118900021,177,339,-162
118900022,86,100,-14
118900023,178,73,105
118900024,126,108,18
118900025,66,24,42
118900026,83,77,6
118900027,345,147,198
118900028,235,142,93
118900029,370,405,-35
118900030,574,43,531
118900031,158,81,77
118900032,203,111,92
118900033,463,376,87
118900034,214,16,198
118900035,126,112,14
118900036,1015,538,477
118900037,343,272,71
118900038,436,96,340
118900039,615,128,487
118900040,238,177,61
118900041,730,123,607
118900042,190,81,109
118900045,313,148,165
118900046,711,413,298
118900047,346,208,138
118900048,152,241,-89
118900049,44,40,4
118900050,44,37,7
118900051,74,102,-28
118900052,270,243,27
118900053,40,102,-62
118900054,141,46,95
118900055,125,60,65
118900056,32,357,-325
118900057,857,537,320
118900058,477,331,146
118900059,17,79,-62
118900060,97,79,18
118900062,646,153,493
118900064,285,655,-370
118900065,53,124,-71
118900066,84,62,22
118900067,2967,4801,-1834
118900068,14,222,-208
118900069,494,181,313
118900071,8,66,-58
118900072,457,278,179
118900073,190,104,86
118900074,147,82,65
118900075,60,43,17
118900076,229,123,106
118900077,240,174,66
118900078,25,9,16
118900079,46,100,-54
118900080,60,114,-54
118900081,78,27,51
118900082,1018,144,874
118900083,45,6,39
118900084,4,10,-6
118900085,613,482,131
118900086,22,99,-77
118900087,40,290,-250
118900088,0,4,-4
118900089,34,16,18
118900090,575,258,317
118900091,156,250,-94
118900092,307,73,234
118900093,134,37,97
118900096,71,19,52
118900097,269,329,-60
118900099,102,202,-100
118900100,118,133,-15
118900101,200,312,-112
118900102,63,67,-4
118900103,70,125,-55
118900104,256,83,173
118900105,181,112,69
118900107,129,46,83
118900108,111,86,25
118900110,1103,952,151
118900111,522,392,130
118900112,113,150,-37
118900113,83,238,-155
118900114,14,79,-65
118900115,118,399,-281
118900116,114,201,-87
118900117,109,158,-49
118900118,306,205,101
118900119,137,143,-6
118900120,105,217,-112
118900121,15,90,-75
118900122,12,1138,-1126
118900123,152,182,-30
118900124,109,94,15
118900126,22,396,-374
118900129,263,186,77
118900130,60,214,-154
118900131,230,212,18
118900132,316,174,142
118900133,6,97,-91
118900135,212,172,40
118900136,228,319,-91
118900137,4,32,-28
118900139,216,195,21
118900140,490,372,118
118900141,76,60,16
118900144,135,219,-84
118900145,19,93,-74
118900146,360,498,-138
118900147,227,143,84
118900148,91,29,62
118900150,150,484,-334
118900152,606,488,118
118900157,58,157,-99
118900158,147,48,99
118900159,0,79,-79
118900161,66,8,58
118900163,47,47,0
118900164,2,61,-59
118900165,94,89,5
118900166,69,4,65
118900167,84,122,-38
118900168,22,225,-203
118900169,189,179,10
118900170,263,58,205
118900171,43,46,-3
118900174,65,35,30
118900175,464,478,-14
118900176,185,249,-64
118900177,57,30,27
118900178,85,127,-42
118900179,6,27,-21
118900181,88,73,15
118900182,116,70,46
118900183,30,116,-86
118900184,314,170,144
118900185,133,63,70
118900186,109,99,10
118900187,234,278,-44
118900188,343,223,120
118900189,38,825,-787
118900190,14,190,-176
118900191,220,19,201
118900192,253,6,247
118900193,696,6,690
118900195,210,410,-200
118900196,38,126,-88
118900197,242,45,197
118900198,40,10,30
118900199,127,54,73
118900200,18,28,-10
118900201,23,35,-12
118900202,9,26,-17
118900203,15,11,4
118900204,14,11,3
118900205,5,13,-8
118900206,6,16,-10
119000001,1545,2269,-724
119000002,4335,4485,-150
119000003,3301,749,2552
119000004,2606,1290,1316
119000005,1770,2062,-292
119000006,3052,1371,1681
119000007,3918,3302,616
119000008,1855,1582,273
119000009,3731,5518,-1787
119000010,4897,4197,700
119000011,2781,3096,-315
119000012,1588,3360,-1772
119000013,2605,1605,1000
119000014,1346,2188,-842
119000019,263,140,123
119000020,2715,1411,1304
119000021,5523,2785,2738
119000022,1730,3411,-1681
119000023,295,211,84
119000024,2263,13003,-10740
119000025,3989,1033,2956
119000026,96,424,-328
119000027,173,399,-226
119000028,1535,535,1000
119000029,115,279,-164
119000030,497,759,-262
119000031,973,579,394
119000032,4001,2270,1731
119000033,2190,1042,1148
119000034,1127,811,316
119000035,50,262,-212
119000036,2309,563,1746
119000037,1336,908,428
119000038,200,447,-247
119000039,460,310,150
119000040,995,660,335
119000041,672,1081,-409
119000048,2178,1804,374
119000049,1885,1440,445
119000050,1370,1371,-1
119000051,1819,836,983
119000052,1385,2463,-1078
119000053,1736,913,823
119000054,3232,1795,1437
119000055,5463,2338,3125
119000056,3190,1653,1537
119000057,1474,1263,211
119000058,1886,1197,689
119000059,1379,1208,171
119000060,1696,1013,683
119000061,1313,617,696
119000062,1149,1107,42
119000063,620,389,231
119000064,980,1321,-341
119000065,1660,3909,-2249
119000066,2470,1205,1265
119000067,2195,1555,640
119000068,1720,871,849
119000069,1555,2059,-504
119000070,3390,760,2630
119000071,549,705,-156
119000072,4583,4225,358
119000073,5392,8057,-2665
119000074,1439,1387,52
119000075,3261,2281,980
119000076,401,2482,-2081
119000077,813,1182,-369
119000078,520,365,155
119000079,197,1477,-1280
119000080,430,251,179
119000081,503,2004,-1501
119000082,1086,344,742
119000083,629,361,268
119000084,345,806,-461
119000085,1788,183,1605
119000086,326,447,-121
119000087,1286,588,698
119000088,363,183,180
119000089,54,171,-117
119000090,158,125,33
119000091,78,324,-246
119000092,753,160,593
119000093,3142,1872,1270
119000094,3469,4474,-1005
119000095,2144,2299,-155
119000097,1574,912,662
119000098,941,3304,-2363
119000099,2149,1148,1001
119000100,4494,3095,1399
119000101,4689,2023,2666
119000102,723,1178,-455
119000103,1477,761,716
119000104,1659,1009,650
119000105,1105,2310,-1205
119000106,315,702,-387
119000107,1249,527,722
119000108,399,559,-160
119000109,222,1597,-1375
119000110,643,1749,-1106
119000111,61,754,-693
119000112,298,393,-95
119000113,1987,452,1535
119000114,1094,1193,-99
119000115,160,129,31
119000116,82,105,-23
119000117,168,342,-174
119000118,4,0,4
119000123,3986,1779,2207
119000124,884,162,722
119000125,4262,447,3815
119000126,1462,498,964
119000127,595,294,301
119000128,21,2,19
119000131,1067,340,727
119000132,1,1,0
119000133,2,3,-1
119000134,1531,416,1115
119000135,177,266,-89
119000136,374,100,274
119000137,291,189,102
119000138,607,162,445
119000139,364,116,248
119000140,401,436,-35
119000284,1070,2409,-1339
119000285,1743,1507,236
119000286,5519,4099,1420
119000287,1116,1418,-302
119000288,1970,730,1240
119000289,1292,1795,-503
119000290,204,294,-90
119000291,16,159,-143
119000293,103,132,-29
119000294,52,28,24
119000295,1103,233,870
119000296,251,143,108
119000299,0,0,0
119000302,1379,1179,200
119000303,41,125,-84
119000314,1353,10820,-9467
119000315,1,205,-204
119000316,235,96,139
119000317,134,159,-25
119900001,251,1409,-1158
119900002,174,211,-37
119900003,30,519,-489
119900004,235,1404,-1169
119900005,241,93,148
119900006,207,436,-229
119900007,1136,283,853
119900008,233,57,176
119900009,597,526,71
119900010,1625,1993,-368
119900011,23,167,-144
119900012,25,104,-79
119900013,2476,1892,584
119900014,591,396,195
119900015,197,30,167
119900016,51,52,-1
119900017,67,48,19
119900018,1559,1103,456
119900019,63,7,56
119900020,206,160,46
119900021,253,95,158
119900022,83,1124,-1041
119900023,380,1931,-1551
119900025,259,27,232
119900026,560,148,412
119900027,26,16,10
119900028,211,175,36
119900029,4,3,1
119900030,656,286,370
119900031,72,533,-461
119900033,2301,358,1943
119900034,561,67,494
119900037,262,25,237
119900038,57,451,-394
119900039,51,14,37
119900040,77,10,67
119900041,173,18,155
119900042,215,169,46
119900043,162,92,70
119900044,231,1101,-870
119900046,203,29,174
119900047,394,106,288
119900048,62,20,42
119900049,134,3,131
119900050,147,135,12
119900051,586,12,574
119900052,95,40,55
119900053,257,139,118
119900054,200,10,190
119900055,1524,396,1128
119900057,269,35,234
119900058,292,7,285
119900059,125,53,72
119900060,404,31,373
119900062,81,20,61
119900063,13,71,-58
119900065,286,13,273
119900066,1,1,0
119900067,68,18,50
119900068,652,10,642
119900069,162,51,111
119900070,1226,7,1219
119900071,1001,37,964
119900073,1249,529,720
119900074,126,64,62
119900075,2563,2317,246
119900076,851,233,618
119900077,1064,506,558
119900078,623,633,-10
119900079,330,123,207
119900080,2021,1013,1008
119900081,402,50,352
119900082,2419,324,2095
119900083,427,158,269
119900084,611,420,191
119900085,34,49,-15
119900087,753,499,254
119900088,35,27,8
119900089,75,289,-214
119900090,124,44,80
119900091,28,468,-440
119900092,70,269,-199
119900093,1298,243,1055
119900094,18,122,-104
119900095,215,92,123
119900096,32,90,-58
119900097,439,159,280
119900098,38,51,-13
119900099,18,131,-113
119900100,1249,2654,-1405
119900101,143,1738,-1595
119900102,49,142,-93
119900103,88,211,-123
119900104,41,138,-97
119900105,1305,8905,-7600
119900106,8,116,-108
119900107,224,1452,-1228
119900108,6465,646,5819
119900109,15,110,-95
119900110,889,354,535
119900111,130,160,-30
119900112,845,579,266
119900113,27,159,-132
119900114,355,600,-245
119900115,366,588,-222
119900116,158,466,-308
119900117,417,385,32
119900118,112,501,-389
119900119,303,150,153
119900120,547,469,78
119900121,542,513,29
119900122,292,221,71
119900123,228,294,-66
119900124,245,514,-269
119900125,40,234,-194
119900126,4080,274,3806
119900127,1426,846,580
119900128,574,397,177
119900129,286,283,3
119900130,9,160,-151
119900131,46,149,-103
119900132,4,135,-131
119900133,63,94,-31
119900134,901,176,725
119900135,0,220,-220
119900136,146,203,-57
119900138,244,470,-226
119900139,98,134,-36
119900140,1,149,-148
119900141,70,902,-832
119900142,29,42,-13
119900143,20,376,-356
119900144,1068,188,880
119900145,91,91,0
119900146,190,172,18
119900147,5,157,-152
119900148,294,77,217
119900149,739,5427,-4688
119900150,142,97,45
119900151,1963,804,1159
119900152,168,216,-48
119900153,217,44,173
119900154,72,124,-52
119900155,56,36,20
119900156,25,5,20
119900157,224,136,88
119900158,265,52,213
119900159,8,721,-713
119900160,40,102,-62
119900161,213,131,82
119900162,1220,1098,122
119900163,95,155,-60
119900164,1,3,-2
119900165,167,108,59
119900166,130,67,63
119900167,61,64,-3
119900168,1111,418,693
119900169,60,285,-225
119900170,247,286,-39
119900171,1010,296,714
119900172,131,42,89
119900173,6,237,-231
119900174,7,95,-88
119900175,1633,522,1111
119900177,21,145,-124
119900178,13,109,-96
119900179,126,727,-601
119900180,1188,932,256
119900181,82,134,-52
119900182,13,206,-193
119900183,160,535,-375
119900184,1197,340,857
119900185,74,277,-203
119900186,38,1262,-1224
119900187,21,264,-243
119900188,126,261,-135
119900189,394,434,-40
119900190,58,382,-324
119900191,274,265,9
119900192,71,141,-70
119900193,535,133,402
119900194,47,96,-49
119900195,40,136,-96
119900196,726,323,403
119900197,328,215,113
119900198,194,251,-57
119900199,141,16,125
119900200,649,590,59
119900201,294,154,140
119900202,77,314,-237
119900203,231,545,-314
119900204,358,244,114
119900205,916,341,575
119900206,287,127,160
119900208,199,153,46
119900209,606,1659,-1053
119900210,43,22,21
119900211,64,7,57
119900212,248,183,65
119900213,14,87,-73
119900214,45,55,-10
119900215,51,63,-12
119900216,9,39,-30
119900217,9,53,-44
119900218,15,50,-35
119900219,9,42,-33
119900220,4,43,-39
119900221,24,130,-106
119900222,10,75,-65
119900223,13,26,-13
119900224,14,14,0
119900225,537,39,498
119900226,356,2186,-1830
119900227,599,231,368
119900228,189,198,-9
119900229,280,338,-58
119900230,1072,409,663
119900231,386,116,270
119900232,223,104,119
119900233,135,38,97
119900234,27,147,-120
119900235,17,56,-39
119900236,18,138,-120
119900237,69,571,-502
119900238,1,46,-45
119900240,89,67,22
119900241,127,180,-53
119900242,1392,1624,-232
119900244,677,1276,-599
119900245,116,197,-81
119900246,264,627,-363
119900247,36,120,-84
119900248,86,294,-208
119900249,293,123,170
119900253,1466,438,1028
119900254,113,862,-749
119900255,148,803,-655
119900256,891,543,348
119900257,169,11,158
119900258,384,51,333
119900259,12,60,-48
119900260,205,7,198
119900261,331,152,179
119900262,1,110,-109
119900263,1140,255,885
119900264,141,85,56
119900265,981,263,718
119900266,464,189,275
119900267,272,356,-84
119900268,198,89,109
119900269,1753,836,917
119900271,17,124,-107
119900272,483,375,108
119900275,190,46,144
119900276,62,2,60
119900277,9,12,-3
119900278,208,129,79
119900279,113,318,-205
119900280,539,142,397
119900281,4,267,-263
119900282,53,116,-63
119900283,19,136,-117
119900284,46,160,-114
119900285,24,88,-64
119900286,0,17,-17
119900288,7,28,-21
119900289,0,25,-25
119900290,4,16,-12
119900291,0,64,-64
119900292,58,56,2
119900293,49,22,27
119900294,39,0,39
119900295,0,0,0
119900296,1,0,1
119900299,41,110,-69
119900300,230,179,51
119900301,141,147,-6
119900302,134,110,24
119900303,363,127,236
119900304,279,34,245
119900305,5,67,-62
119900306,27,6,21
119900307,78,66,12
119900308,6,23,-17
119900309,50,152,-102
119900310,201,175,26
119900311,145,68,77
119900312,142,72,70
119900313,279,229,50
119900314,255,373,-118
119900315,2221,1195,1026
119900318,20,59,-39
119900319,21,190,-169
119900320,422,461,-39
119900321,81,8,73
119900322,14,60,-46
119900323,3,96,-93
119900324,1,27,-26
119900325,190,194,-4
119900326,31,78,-47
120000001,6664,17606,-10942
120000002,2530,2044,486
120000003,2400,1302,1098
120000004,2241,1283,958
120000005,2801,1672,1129
120000006,1109,985,124
120000007,2588,3098,-510
120000008,920,1096,-176
120000009,1804,968,836
120000010,1729,1944,-215
120000011,910,1209,-299
120000012,1667,1931,-264
120000013,3209,2371,838
120000014,821,1213,-392
120000015,2505,1350,1155
120000016,4088,2022,2066
120000017,3345,2993,352
120000018,2902,13554,-10652
120000019,1038,1600,-562
120000020,2650,3426,-776
120000021,1697,2270,-573
120000022,2711,3881,-1170
120000023,1143,1575,-432
120000024,1195,2228,-1033
120000025,2586,1619,967
120000026,2659,1564,1095
120000027,2237,2019,218
120000028,801,2293,-1492
120000029,2300,2069,231
120000030,616,1107,-491
120000031,2205,6509,-4304
120000032,5941,3198,2743
120000033,5018,1496,3522
120000034,2566,1304,1262
120000035,2361,1609,752
120000036,3291,5143,-1852
120000037,666,1567,-901
120000038,4369,3357,1012
120000039,726,809,-83
120000040,135,761,-626
120000041,974,1090,-116
120000042,1886,1487,399
120000043,4846,1104,3742
120000044,5680,1492,4188
120000045,7215,986,6229
120000046,4124,2895,1229
120000047,657,6837,-6180
120000048,5872,3697,2175
120000049,3545,2543,1002
120000050,3853,3018,835
120000051,2598,3999,-1401
120000052,5938,1884,4054
120000053,1393,1421,-28
120000054,1419,2639,-1220
120000055,1653,3459,-1806
120000056,4683,3245,1438
120000057,3804,1165,2639
120000058,2167,2110,57
120000059,6,1881,-1875
120000061,132,447,-315
120000062,160,324,-164
120000063,1044,1815,-771
120000064,229,700,-471
120000065,659,1026,-367
120000066,214,528,-314
120000067,64,439,-375
120000068,257,503,-246
120000069,609,554,55
120000070,109,438,-329
120000071,801,97,704
120000072,1044,370,674
120000073,1084,100,984
120000074,182,127,55
120000075,1086,323,763
120000076,2874,365,2509
120000077,2565,671,1894
120000078,3387,1291,2096
120000079,302,182,120
120000080,166,196,-30
120000081,375,159,216
120000082,231,236,-5
120000083,79,710,-631
120000084,402,320,82
120000085,301,313,-12
120000086,287,321,-34
120000087,228,291,-63
120000088,730,852,-122
120000089,1096,459,637
120000090,687,429,258
120000091,1077,884,193
120000092,1314,508,806
120000093,592,469,123
120000094,188,733,-545
120000095,1071,300,771
120000096,337,525,-188
120000098,981,590,391
120000099,454,535,-81
120000100,812,586,226
120000101,649,330,319
120000102,663,953,-290
120000103,1691,947,744
120000104,2117,470,1647
120000105,3540,716,2824
120000106,2880,681,2199
120000107,5209,527,4682
120000108,1678,112,1566
120000109,1473,82,1391
120000110,69,720,-651
120000111,115,677,-562
120000112,644,1781,-1137
120000113,520,1245,-725
120000114,829,1607,-778
120000115,303,1332,-1029
120000116,604,1310,-706
120000117,790,1054,-264
120000118,42,62,-20
120000119,17,58,-41
120000120,132,116,16
120000121,18,60,-42
120000122,213,561,-348
120000123,2860,7799,-4939
120000124,452,283,169
120000125,654,499,155
120000126,480,988,-508
120000127,2034,1250,784
120000128,2457,4175,-1718
120000129,271,247,24
120000130,732,474,258
120000131,481,655,-174
120000134,401,554,-153
120000135,888,561,327
120000137,299,602,-303
120000138,1560,253,1307
120000139,376,355,21
120000140,1275,284,991
120000141,458,311,147
120000142,843,458,385
120000143,1,94,-93
120000144,163,4,159
120000145,456,0,456
120000146,813,844,-31
120000149,668,925,-257
120000150,2418,11196,-8778
120000151,494,506,-12
120000152,765,148,617
120000153,348,384,-36
120000154,544,448,96
120000155,193,294,-101
120000156,490,1272,-782
120000157,1156,492,664
120000158,953,607,346
120000159,1868,1940,-72
120000160,2623,1719,904
120000161,2672,1965,707
120000162,76,269,-193
120000163,928,660,268
120000164,707,214,493
120000165,680,537,143
120000166,1497,452,1045
120000167,332,295,37
120000168,35,898,-863
120000169,49,2238,-2189
120000170,42,2098,-2056
120000171,19,779,-760
120000172,25,443,-418
120000173,1469,2377,-908
120000174,287,70,217
120000175,220,39,181
120000176,185,47,138
120000177,1058,110,948
120000178,76,24,52
120000179,233,71,162
120000180,542,117,425
120000181,192,2185,-1993
120000182,102,926,-824
120000183,19,599,-580
120000184,238,1643,-1405
120000186,47,983,-936
120000187,23,387,-364
120000188,100,935,-835
120000190,422,115,307
120000191,635,108,527
120000192,620,26,594
120000193,155,5,150
120000195,54,4,50
120000196,243,38,205
120000197,105,69,36
120000198,243,46,197
120000199,197,1,196
120000200,239,1,238
120000201,12,33,-21
120000202,10,44,-34
120000203,97,140,-43
120000207,1,51,-50
120000208,25,133,-108
120000209,8,49,-41
120000210,39,43,-4
120000211,252,5,247
120000212,285,0,285
120000213,216,166,50
120000214,1,134,-133
120000215,5,112,-107
120000216,144,30,114
120000217,433,917,-484
120000218,99,545,-446
120000219,6,268,-262
120000220,5,800,-795
120000225,2310,1,2309
120000226,478,5,473
120000227,1085,93,992
120000228,11520,4113,7407
120000230,533,29,504
120000231,1766,1376,390
120000233,437,5,432
120000235,397,432,-35
120000236,1297,0,1297
120000237,0,717,-717
120000238,6,1268,-1262
120000241,1267,3932,-2665
120000412,339,10,329
120000413,334,101,233
120000414,201,2,199
120000415,4,39,-35
120000416,149,7,142
120000417,12,67,-55
120000418,281,20,261
120000419,7,119,-112
120000420,37,17,20
120000421,6872,4786,2086
120000422,100,1373,-1273
120000423,2,94,-92
120000424,153,142,11
120000436,112,706,-594
120000437,119,116,3
120000438,1428,229,1199
120000439,278,611,-333
120000443,208,0,208
120000444,1550,321,1229
120000445,1890,815,1075
120000446,639,176,463
120000447,195,1,194
120000449,164,3,161
120000450,5,89,-84
120000451,150,230,-80
120000452,288,4,284
120000453,1,192,-191
120000454,67,61,6
120000455,93,48,45
120000456,2305,4176,-1871
120000457,709,373,336
120000458,414,518,-104
120000459,98,83,15
120000665,1150,284,866
120000668,147,1633,-1486
120000669,124,122,2
120000670,148,1352,-1204
120000671,1936,615,1321
120000672,65,397,-332
120900001,91,127,-36
120900002,321,696,-375
120900003,324,31,293
120900004,27,121,-94
120900005,100,650,-550
120900006,534,196,338
120900007,243,61,182
120900008,498,784,-286
120900009,748,51,697
120900010,614,165,449
120900011,97,216,-119
120900012,125,1527,-1402
120900013,464,168,296
120900014,7,314,-307
120900015,1077,90,987
120900016,1057,63,994
120900017,2140,85,2055
120900018,218,308,-90
120900019,709,429,280
120900020,633,1658,-1025
120900021,1147,185,962
120900022,38,237,-199
120900023,387,38,349
120900024,2050,499,1551
120900025,1267,1085,182
120900026,166,157,9
120900027,997,30,967
120900028,586,139,447
120900029,104,649,-545
120900030,1704,818,886
120900031,339,128,211
120900032,1462,91,1371
120900033,1220,93,1127
120900034,26,2602,-2576
120900035,57,103,-46
120900037,263,21,242
120900038,73,379,-306
120900039,197,63,134
120900040,468,9,459
120900041,96,30,66
120900042,771,40,731
120900043,114,53,61
120900044,12,313,-301
120900045,109,102,7
120900046,696,14,682
120900047,231,165,66
120900048,170,41,129
120900049,650,5,645
120900050,1194,1906,-712
120900051,362,61,301
120900052,840,9,831
120900053,486,72,414
120900054,1471,525,946
120900055,563,6,557
120900056,759,31,728
120900057,203,13,190
120900058,711,3,708
120900059,169,2,167
120900060,126,42,84
120900061,204,190,14
120900062,313,5,308
120900063,810,5,805
120900064,791,2,789
120900065,757,2,755
120900066,462,174,288
120900067,174,95,79
120900068,350,0,350
120900069,316,27,289
120900071,51,0,51
120900072,987,14,973
120900073,783,73,710
120900074,850,13,837
120900076,489,0,489
120900077,1839,217,1622
120900078,978,406,572
120900079,985,70,915
120900080,1008,830,178
120900081,1293,334,959
120900082,383,426,-43
120900083,94,1,93
120900084,550,557,-7
120900085,53,126,-73
120900086,68,428,-360
120900087,635,369,266
120900088,265,649,-384
120900089,1820,3538,-1718
120900090,366,52,314
120900091,667,1075,-408
120900092,792,336,456
120900093,1034,99,935
120900094,342,160,182
120900095,450,20,430
120900096,58,239,-181
120900097,572,542,30
120900098,217,111,106
120900099,80,67,13
120900100,80,155,-75
120900101,391,173,218
120900102,69,120,-51
120900103,76,265,-189
120900104,13,50,-37
120900105,53,262,-209
120900106,819,321,498
120900107,155,116,39
120900108,13,277,-264
120900109,27,377,-350
120900110,15,482,-467
120900111,146,237,-91
120900112,19,405,-386
120900113,21,481,-460
120900114,36,82,-46
120900115,162,286,-124
120900116,567,215,352
120900117,9,243,-234
120900118,25,384,-359
120900119,8496,4137,4359
120900120,60,236,-176
120900121,41,367,-326
120900122,715,260,455
120900123,8,183,-175
120900124,2,313,-311
120900125,4,369,-365
120900126,1367,728,639
120900127,12,231,-219
120900128,1080,1094,-14
120900129,28,232,-204
120900130,7,311,-304
120900131,118,124,-6
120900132,1346,169,1177
120900133,67,493,-426
120900134,591,307,284
120900135,3,381,-378
120900136,68,200,-132
120900137,338,69,269
120900138,23,175,-152
120900139,4,433,-429
120900140,7,107,-100
120900141,254,150,104
120900142,19,202,-183
120900143,2,486,-484
120900144,0,63,-63
120900145,303,653,-350
120900146,2,565,-563
120900147,4,337,-333
120900148,140,147,-7
120900149,0,144,-144
120900150,56,316,-260
120900151,0,335,-335
120900152,2,25,-23
120900153,101,88,13
120900154,1,119,-118
120900155,222,631,-409
120900156,61,204,-143
120900157,87,210,-123
120900158,76,422,-346
120900159,341,346,-5
120900160,38,579,-541
120900161,98,380,-282
120900162,83,759,-676
120900163,203,1596,-1393
120900164,0,140,-140
120900165,30,791,-761
120900166,194,628,-434
120900167,326,142,184
120900169,94,195,-101
120900170,647,3339,-2692
120900171,627,163,464
120900172,639,2014,-1375
120900173,0,39,-39
120900174,10,97,-87
120900175,216,112,104
120900176,24,431,-407
120900177,4,1518,-1514
120900178,1,676,-675
120900179,581,310,271
120900180,69,154,-85
120900181,117,32,85
120900182,33,336,-303
120900183,620,71,549
120900184,283,77,206
120900185,45,428,-383
120900186,0,222,-222
120900187,670,991,-321
120900188,230,14,216
120900189,82,1867,-1785
120900190,105,6,99
120900191,9,10,-1
120900192,5543,9654,-4111
120900194,64,120,-56
120900195,102,261,-159
120900196,895,48,847
120900197,853,172,681
120900198,256,445,-189
120900199,481,503,-22
120900200,39,121,-82
120900201,326,133,193
120900202,4,90,-86
120900203,39,102,-63
120900204,100,157,-57
120900205,56,20,36
120900206,30,40,-10
120900207,65,898,-833
121000001,648,1083,-435
121000002,2242,1664,578
121000003,2627,1817,810
121000004,2507,3771,-1264
121000005,1700,2685,-985
121000006,3222,2286,936
121000007,2111,2892,-781
121000008,5073,4230,843
121000009,3835,5587,-1752
121000010,7400,6078,1322
121000011,5833,10404,-4571
121000012,12884,9165,3719
121000013,4682,5915,-1233
121000014,5392,4817,575
121000015,3887,6777,-2890
121000016,3649,3342,307
121000017,2355,3365,-1010
121000018,2777,1656,1121
121000019,11261,10686,575
121000020,10585,19723,-9138
121000021,2324,2018,306
121000022,2864,3615,-751
121000023,2817,1907,910
121000024,4519,4517,2
121000025,471,1436,-965
121000026,332,191,141
121000027,1398,1142,256
121000028,886,472,414
121000029,943,611,332
121000030,777,482,295
121000031,582,692,-110
121000032,222,132,90
121000034,300,247,53
121000035,180,156,24
121000036,843,806,37
121000037,559,539,20
121000038,438,902,-464
121000039,230,348,-118
121000041,480,388,92
121000042,285,343,-58
121000043,507,555,-48
121000044,1297,1064,233
121000045,454,249,205
121000046,791,858,-67
121000047,34,83,-49
121000049,1074,548,526
121000050,258,1325,-1067
121000051,541,229,312
121000052,372,756,-384
121000053,337,129,208
121000054,67,431,-364
121000055,904,1208,-304
121000056,783,1075,-292
121000057,544,517,27
121000058,342,229,113
121000059,2322,1211,1111
121000060,597,1256,-659
121000061,165,441,-276
121000062,174,482,-308
121000063,912,850,62
121000064,839,1084,-245
121000065,246,441,-195
121000066,570,590,-20
121000067,481,551,-70
121000068,593,386,207
121000069,267,745,-478
121000070,1809,1201,608
121000071,1701,1344,357
121000072,1303,710,593
121000073,1295,1173,122
121000074,96,181,-85
121000075,23,200,-177
121000076,383,298,85
121000077,146,166,-20
121000078,104,179,-75
121000080,1773,576,1197
121000081,3002,3615,-613
121000082,73,238,-165
121000083,129,105,24
121000084,184,156,28
121000085,251,464,-213
121000086,354,550,-196
121000087,79,214,-135
121000088,570,417,153
121000089,246,428,-182
121000090,310,344,-34
121000091,1056,968,88
121000092,212,64,148
121000093,232,214,18
121000094,464,875,-411
121000095,429,713,-284
121000096,2615,2023,592
121000097,532,2261,-1729
121000098,635,565,70
121000099,902,542,360
121000100,1072,242,830
121000101,476,174,302
121000102,382,148,234
121000103,235,145,90
121000104,356,96,260
121000105,574,207,367
121000106,372,217,155
121000107,1912,2557,-645
121000109,943,936,7
121000110,223,677,-454
121000114,2951,1986,965
121000115,1265,619,646
121000116,304,760,-456
121000117,377,216,161
121000118,1874,193,1681
121000119,300,397,-97
121000120,278,312,-34
121000121,608,1114,-506
121000123,1333,589,744
121000126,67,316,-249
121000127,202,92,110
121000128,1141,238,903
121000129,1081,514,567
121000130,805,489,316
121000131,1689,1883,-194
121000132,1005,2107,-1102
121000135,388,1003,-615
121000136,1356,1185,171
121000137,479,371,108
121000138,992,1479,-487
121000139,580,537,43
121000141,276,167,109
121000142,627,697,-70
121000143,162,44,118
121000144,716,2040,-1324
121000145,513,621,-108
121000146,1449,910,539
121000147,1167,482,685
121000148,942,716,226
121000149,2164,1352,812
121000152,478,379,99
121000153,1532,542,990
121000154,1028,549,479
121000155,1477,937,540
121000156,430,975,-545
121000157,763,1639,-876
121000158,354,400,-46
121000159,263,267,-4
121000160,280,270,10
121000161,267,261,6
121000162,136,109,27
121000165,1191,2086,-895
121000166,31,517,-486
121000168,511,282,229
121000169,88,130,-42
121000170,428,102,326
121000171,63,178,-115
121000172,762,527,235
121000173,1409,1351,58
121000174,423,457,-34
121000175,1228,304,924
121000176,383,285,98
121000177,879,541,338
121000178,67,43,24
121000179,60,47,13
121000181,527,401,126
121000182,152,246,-94
121000183,84,79,5
121000184,216,112,104
121000185,65,231,-166
121000186,249,503,-254
121000187,161,90,71
121000188,169,95,74
121000192,930,343,587
121000193,624,453,171
121000194,1634,1924,-290
121000195,193,842,-649
121000196,604,227,377
121000197,150,624,-474
121000198,203,245,-42
121000199,128,232,-104
121000200,699,113,586
121000201,6,148,-142
121000202,1093,125,968
121000203,961,1353,-392
121000204,3447,706,2741
121000205,144,274,-130
121000206,238,76,162
121000207,2241,781,1460
121000208,7,307,-300
121000209,544,128,416
121000210,763,238,525
121000211,501,118,383
121000212,772,320,452
121000213,10215,2845,7370
121000214,707,2088,-1381
121000215,763,1157,-394
121000216,466,699,-233
121000217,3611,3104,507
121000218,345,1621,-1276
121000219,1412,674,738
121000220,111,87,24
121000221,125,336,-211
121000222,2139,2478,-339
121000223,316,523,-207
121000224,141,283,-142
121000225,856,1963,-1107
121000226,3204,1214,1990
121000227,10,138,-128
121000228,14,424,-410
121000229,290,354,-64
121000230,59,1304,-1245
121000231,1382,40,1342
121000232,334,306,28
121000233,578,293,285
121000234,19,47,-28
121000235,71,56,15
121000236,19,67,-48
121000237,41,16,25
121000238,12,72,-60
121000239,70,7,63
121000240,18,147,-129
121000241,86,24,62
121000242,71,639,-568
121000243,259,73,186
121000244,9,103,-94
121000245,60,20,40
121000246,0,116,-116
121000247,128,7,121
121000248,516,891,-375
121000249,88,284,-196
121000250,589,265,324
121000251,21,247,-226
121000252,113,85,28
121000253,394,283,111
121000254,834,150,684
121000255,171,207,-36
121000256,335,164,171
121000257,63,134,-71
121000258,114,218,-104
121000259,42,54,-12
121000260,47,78,-31
121000261,71,88,-17
121000262,813,501,312
121000263,475,355,120
121000271,417,1175,-758
121000273,34,9,25
121000274,8,65,-57
121000275,3,7,-4
121000276,6,25,-19
121000278,67,34,33
121000279,30,27,3
121000280,50,64,-14
121000289,253,21,232
121000290,928,944,-16
121000294,231,61,170
121000297,573,1162,-589
121000299,85,402,-317
121000300,806,652,154
121000302,40,913,-873
121000303,600,288,312
121000304,455,86,369
121000305,164,31,133
121000306,144,120,24
121000308,130,298,-168
121000309,280,376,-96
121000310,104,216,-112
121000311,69,559,-490
121000312,347,295,52
121000313,300,445,-145
121000314,91,119,-28
121000315,38,92,-54
121000530,1736,1123,613
121000531,1567,1204,363
121000532,6033,7932,-1899
121000533,3222,3765,-543
121000918,42,63,-21
121000919,46,67,-21
121000938,118,199,-81
121000939,41,272,-231
121000956,1689,1063,626
121000957,4,18,-14
121000958,50,48,2
121000959,1057,445,612
121000960,1580,1557,23
121000961,310,77,233
121000962,580,440,140
121000963,0,0,0
121000973,1,173,-172
121000976,15,226,-211
121000979,434,169,265
121000981,316,132,184
121000982,348,76,272
121000983,585,233,352
121000984,59,73,-14
121000985,781,255,526
121000986,491,121,370
121000987,233,412,-179
121000988,1023,104,919
121001302,211,117,94
121001308,3,27,-24
121001309,34,423,-389
121001313,255,69,186
121001314,1440,1931,-491
121001315,5253,3507,1746
121900001,147,140,7
121900002,23,32,-9
121900003,459,3,456
121900004,87,289,-202
121900005,24,8,16
121900006,131,23,108
121900007,1732,1949,-217
121900008,231,338,-107
121900009,527,34,493
121900010,237,3,234
121900011,376,261,115
121900012,6,0,6
121900013,840,114,726
121900014,1614,381,1233
121900015,233,143,90
121900016,2,28,-26
121900017,704,373,331
121900018,420,13,407
121900019,492,226,266
121900020,27,5,22
121900021,970,25,945
121900022,253,258,-5
121900023,167,274,-107
121900024,359,74,285
121900025,651,324,327
121900026,299,39,260
121900027,613,193,420
121900028,221,31,190
121900029,135,237,-102
121900030,435,562,-127
121900031,847,6649,-5802
121900032,88,50,38
121900033,145,210,-65
121900034,326,86,240
121900035,2393,2739,-346
121900036,100,283,-183
121900037,166,970,-804
121900038,38,109,-71
121900039,323,65,258
121900040,109,79,30
121900041,155,205,-50
121900042,398,166,232
121900043,15,6,9
121900044,87,51,36
121900046,229,320,-91
121900047,198,82,116
121900048,84,74,10
121900050,58,47,11
121900051,197,136,61
121900052,182,38,144
121900053,429,348,81
121900054,635,866,-231
121900055,30,20,10
121900058,339,121,218
121900059,415,174,241
121900060,135,288,-153
121900061,177,166,11
121900062,140,149,-9
121900063,1697,413,1284
121900064,315,481,-166
121900066,71,25,46
121900067,96,55,41
121900069,193,99,94
121900070,258,172,86
121900071,503,231,272
121900072,68,79,-11
121900073,290,263,27
121900074,536,1209,-673
121900075,454,782,-328
121900076,604,477,127
121900077,29,19,10
121900078,107,46,61
121900079,1,1,0
121900080,1026,364,662
121900082,98,56,42
121900084,31,78,-47
121900085,3,6,-3
121900086,31,74,-43
121900087,131,145,-14
121900088,1445,2678,-1233
121900089,319,266,53
121900090,34,47,-13
121900091,69,51,18
121900092,106,117,-11
121900093,99,50,49
121900094,35,5,30
121900095,439,144,295
121900096,1241,697,544
121900097,822,191,631
121900098,17,7,10
121900099,288,47,241
121900100,114,641,-527
121900101,148,123,25
121900102,2,100,-98
121900103,492,223,269
121900104,1636,344,1292
121900105,356,238,118
121900106,16,19,-3
121900107,66,23,43
121900108,1,22,-21
121900109,248,97,151
121900110,660,417,243
121900111,822,303,519
121900112,224,113,111
121900113,82,573,-491
121900114,102,80,22
121900117,229,228,1
121900118,1621,759,862
121900119,214,64,150
121900120,54,1113,-1059
121900121,441,36,405
121900122,30,75,-45
121900123,258,389,-131
121900124,164,141,23
121900125,1511,952,559
121900127,13,113,-100
121900128,81,50,31
121900129,258,160,98
121900130,126,200,-74
121900131,219,87,132
121900132,59,58,1
121900133,67,1115,-1048
121900134,34,220,-186
121900135,2950,476,2474
121900136,473,207,266
121900137,47,278,-231
121900138,148,149,-1
121900139,352,816,-464
121900140,78,138,-60
121900141,91,32,59
121900142,146,102,44
121900143,9,232,-223
121900144,83,218,-135
121900145,228,446,-218
121900146,566,590,-24
121900147,53,191,-138
121900148,158,294,-136
121900149,353,499,-146
121900150,34,133,-99
121900151,89,227,-138
121900152,124,113,11
121900153,66,850,-784
121900154,10,235,-225
121900155,3,119,-116
121900156,172,189,-17
121900157,2,257,-255
121900158,90,98,-8
121900159,5,202,-197
121900160,67,236,-169
121900161,252,390,-138
121900162,90,173,-83
121900163,411,390,21
121900164,392,145,247
121900165,347,85,262
121900166,162,137,25
121900167,127,98,29
121900168,169,225,-56
121900169,3,150,-147
121900170,7,163,-156
121900171,734,507,227
121900172,557,243,314
121900173,707,214,493
121900174,65,44,21
121900175,185,282,-97
121900176,460,1223,-763
121900177,177,80,97
121900178,60,31,29
121900179,539,245,294
121900180,1954,5427,-3473
121900182,719,384,335
121900183,929,1535,-606
121900184,133,579,-446
121900186,12,564,-552
121900187,29,174,-145
121900188,550,309,241
121900189,35,69,-34
121900190,243,421,-178
121900191,174,241,-67
121900192,288,946,-658
121900193,56,106,-50
121900194,12,484,-472
121900195,47,75,-28
121900196,710,983,-273
121900197,332,868,-536
121900198,1250,1075,175
121900199,12,48,-36
121900200,81,248,-167
121900201,716,943,-227
121900202,148,775,-627
121900203,120,997,-877
121900204,592,1429,-837
121900205,14,82,-68
121900206,49,31,18
121900207,91,38,53
121900208,138,321,-183
121900209,68,51,17
121900210,1363,1072,291
121900211,34,104,-70
121900212,127,96,31
121900213,327,44,283
121900214,9,573,-564
121900215,71,114,-43
121900216,32,303,-271
121900217,173,221,-48
121900218,178,390,-212
121900220,108,14,94
121900221,278,599,-321
121900222,206,120,86
121900223,130,31,99
121900224,118,39,79
121900225,128,126,2
121900226,328,100,228
121900227,318,432,-114
121900228,162,223,-61
121900230,76,281,-205
121900231,132,1239,-1107
121900232,176,300,-124
121900233,192,133,59
121900234,416,182,234
121900235,645,104,541
121900236,329,159,170
121900237,150,328,-178
121900238,168,321,-153
121900239,218,37,181
121900240,279,105,174
121900241,84,40,44
121900242,13,0,13
121900243,20,1,19
121900244,25,2,23
121900245,186,34,152
121900246,2870,212,2658
121900247,300,247,53
121900248,1048,1256,-208
121900250,249,324,-75
121900251,398,47,351
121900252,503,129,374
121900253,87,623,-536
121900254,469,302,167
121900255,480,80,400
121900258,3196,2152,1044
121900259,267,604,-337
121900260,216,102,114
121900261,139,615,-476
121900262,315,1022,-707
121900263,295,194,101
121900264,1222,1137,85
121900265,384,169,215
121900266,744,119,625
121900267,84,41,43
121900269,232,994,-762
121900270,51,227,-176
121900271,40,165,-125
121900273,453,1856,-1403
121900274,340,218,122
121900277,376,1075,-699
121900278,106,738,-632
121900279,143,181,-38
121900280,179,460,-281
121900281,225,362,-137
121900284,76,15,61
121900286,177,613,-436
121900287,27,34,-7
121900288,119,3,116
121900290,187,495,-308
121900291,384,711,-327
121900292,95,104,-9
121900293,783,2645,-1862
121900294,269,13,256
121900295,155,141,14
121900296,81,304,-223
121900298,255,939,-684
121900299,0,9,-9
121900300,121,4,117
121900301,118,9,109
121900302,3,66,-63
121900303,458,415,43
121900304,1,18,-17
121900305,2,11,-9
121900306,232,2,230
121900307,106,15,91
121900308,14,186,-172
121900309,7,129,-122
121900310,22,211,-189
121900311,449,18,431
121900312,385,15,370
121900313,392,28,364
121900314,4,37,-33
121900315,17,3,14
121900316,0,4,-4
121900317,26,4,22
121900318,0,18,-18
121900319,28,172,-144
121900320,28,36,-8
121900321,17,0,17
121900322,2,11,-9
121900323,23,39,-16
121900324,1,48,-47
121900325,12,1,11
121900326,0,14,-14
121900327,2,38,-36
121900328,0,12,-12
121900329,5,64,-59
121900330,0,99,-99
121900331,55,82,-27
121900332,90,22,68
121900333,19,2,17
122000001,1428,4641,-3213
122000002,2730,1069,1661
122000003,1493,2756,-1263
122000004,2269,1364,905
122000005,2750,2106,644
122000006,1198,1046,152
122000007,773,1423,-650
122000008,1668,3303,-1635
122000009,333,384,-51
122000010,1972,2497,-525
122000011,3261,1672,1589
122000012,850,2015,-1165
122000013,777,1226,-449
122000014,1919,1106,813
122000015,1150,1026,124
122000016,590,822,-232
122000017,1225,1048,177
122000018,1445,1497,-52
122000019,885,1073,-188
122000020,186,312,-126
122000021,166,396,-230
122000022,977,1040,-63
122000023,691,1532,-841
122000024,571,1598,-1027
122000025,730,2159,-1429
122000026,538,1286,-748
122000027,587,1344,-757
122000028,873,526,347
122000029,502,555,-53
122000030,215,228,-13
122000031,199,373,-174
122000032,2245,2034,211
122000033,458,1832,-1374
122000034,528,667,-139
122000035,252,698,-446
122000036,484,452,32
122000037,397,230,167
122000038,227,312,-85
122000039,542,496,46
122000040,236,384,-148
122000041,474,547,-73
122000042,300,385,-85
122000043,131,109,22
122000044,155,101,54
122000045,1301,544,757
122000046,820,658,162
122000047,173,236,-63
122000048,2990,4563,-1573
122000049,5273,3379,1894
122000050,1040,760,280
122000051,160,441,-281
122000052,441,480,-39
122000053,236,993,-757
122000054,2180,2006,174
122000055,1901,3119,-1218
122000056,3431,3236,195
122000057,2516,3486,-970
122000058,1260,1657,-397
122000059,1436,2175,-739
122000060,411,921,-510
122000061,344,659,-315
122000062,616,285,331
122000063,782,857,-75
122000064,2872,3857,-985
122000065,2769,2371,398
122000066,912,1133,-221
122000067,1473,1041,432
122000068,1725,1082,643
122000069,798,630,168
122000070,941,1231,-290
122000071,1882,1145,737
122000072,489,486,3
122000073,249,892,-643
122000074,2980,1415,1565
122000075,855,1126,-271
122000076,3681,1376,2305
122000077,831,1206,-375
122000078,1192,2948,-1756
122000079,656,1639,-983
122000080,546,410,136
122000081,179,213,-34
122000082,361,1216,-855
122000083,2366,1152,1214
122000084,2212,962,1250
122000085,295,737,-442
122000086,2177,5929,-3752
122000087,320,512,-192
122000088,507,621,-114
122000089,4150,2367,1783
122000090,213,545,-332
122000091,151,109,42
122000092,65,29,36
122000093,1558,2617,-1059
122000094,4425,3280,1145
122000095,1304,4740,-3436
122000096,1068,1806,-738
122000098,2132,3438,-1306
122000099,1081,826,255
122000100,763,500,263
122000101,319,464,-145
122000102,1880,887,993
122000103,1794,1421,373
122000104,549,209,340
122000105,377,254,123
122000106,310,712,-402
122000107,1051,430,621
122000108,528,777,-249
122000109,433,295,138
122000110,507,536,-29
122000111,2650,1437,1213
122000112,1158,1414,-256
122000113,622,617,5
122000114,2318,1739,579
122000115,1768,1156,612
122000116,455,580,-125
122000117,1246,501,745
122000118,632,757,-125
122000119,2557,2203,354
122000120,1163,3399,-2236
122000121,1104,2475,-1371
122000122,437,1264,-827
122000123,1324,1574,-250
122000124,762,547,215
122000125,555,725,-170
122000126,471,800,-329
122000127,711,874,-163
122000128,339,461,-122
122000129,445,1750,-1305
122000130,2570,1315,1255
122000131,1185,907,278
122000132,281,397,-116
122000133,1011,1039,-28
122000134,986,679,307
122000135,544,454,90
122000136,851,726,125
122000137,2231,854,1377
122000139,919,3787,-2868
122000140,578,626,-48
122000141,3254,1225,2029
122000142,200,960,-760
122000143,331,367,-36
122000144,1263,924,339
122000145,859,903,-44
122000146,600,1513,-913
122000147,611,488,123
122000148,1038,2271,-1233
122000149,1800,1430,370
122000150,1301,956,345
122000151,148,376,-228
122000152,234,284,-50
122000153,318,260,58
122000154,249,222,27
122000155,1528,2641,-1113
122000156,2308,2775,-467
122000157,1041,2908,-1867
122000158,303,465,-162
122000159,594,1026,-432
122000160,2433,2026,407
122000161,996,1017,-21
122000162,1444,1721,-277
122000163,251,90,161
122000164,35,112,-77
122000165,706,735,-29
122000166,821,1049,-228
122000167,280,293,-13
122000168,155,565,-410
122000169,338,155,183
122000170,373,234,139
122000171,37,106,-69
122000172,1686,1334,352
122000173,1302,2316,-1014
122000174,2195,977,1218
122000175,807,312,495
122000176,288,802,-514
122000177,1235,1468,-233
122000178,2676,2359,317
122000179,1607,2375,-768
122000180,1347,1285,62
122000181,1195,2792,-1597
122000182,1275,1678,-403
122000183,1947,1017,930
122000184,2590,2645,-55
122000185,1243,1986,-743
122000186,388,878,-490
122000187,1989,839,1150
122000188,371,280,91
122000189,167,364,-197
122000190,852,1173,-321
122000191,894,848,46
122000192,1283,371,912
122000193,532,719,-187
122000194,510,206,304
122000195,132,444,-312
122000196,1317,520,797
122000197,508,660,-152
122000198,434,973,-539
122000199,344,335,9
122000200,809,619,190
122000201,1232,1579,-347
122000202,1264,1665,-401
122000203,2419,1288,1131
122000204,1111,1504,-393
122000205,900,1211,-311
122000206,2244,748,1496
122000207,2015,1140,875
122000208,2252,1218,1034
122000209,1829,430,1399
122000210,1832,1183,649
122000211,1273,1053,220
122000212,834,574,260
122000213,1017,1430,-413
122000214,1977,1845,132
122000215,1972,1703,269
122000217,1675,1412,263
122000218,729,64,665
122000219,932,722,210
122000220,285,640,-355
122000221,57,347,-290
122000222,610,191,419
122000223,1293,543,750
122000225,936,328,608
122000226,1698,1414,284
122000227,236,2080,-1844
122000228,313,297,16
122000229,41,541,-500
122000230,74,352,-278
122000231,324,622,-298
122000232,562,665,-103
122000233,0,85,-85
122000234,456,41,415
122000235,540,102,438
122000236,1606,59,1547
122000237,117,84,33
122000238,383,427,-44
122000239,803,147,656
122000240,1398,540,858
122000241,2189,432,1757
122000242,771,146,625
122000243,313,68,245
122000244,72,300,-228
122000245,79,101,-22
122000246,369,137,232
122000247,538,325,213
122000248,831,994,-163
122000249,1329,905,424
122000250,2112,1172,940
122000251,220,409,-189
122000252,406,134,272
122000253,58,185,-127
122000254,314,85,229
122000255,773,1026,-253
122000256,366,557,-191
122000257,215,174,41
122000258,355,251,104
122000259,18,289,-271
122000260,4,36,-32
122000261,13,223,-210
122000262,0,22,-22
122000263,279,359,-80
122000264,1295,289,1006
122000265,2287,853,1434
122000266,3899,621,3278
122000267,170,118,52
122000268,173,268,-95
122000269,913,293,620
122000270,534,168,366
122000271,251,840,-589
122000272,319,668,-349
122000273,351,290,61
122000274,253,175,78
122000275,73,136,-63
122000276,792,447,345
122000277,1115,1444,-329
122000278,1776,453,1323
122000279,231,311,-80
122000280,913,471,442
122000281,946,711,235
122000282,275,346,-71
122000283,308,191,117
122000284,213,79,134
122000285,317,85,232
122000286,61,120,-59
122000287,1290,1156,134
122000288,479,283,196
122000291,2108,738,1370
122000293,196,170,26
122000294,171,297,-126
122000295,1088,171,917
122000296,38,545,-507
122000297,2013,3635,-1622
122000299,415,474,-59
122000300,457,637,-180
122000301,6124,3209,2915
122000302,546,1999,-1453
122000303,2387,1084,1303
122000304,86,155,-69
122000305,1163,198,965
122000306,50,373,-323
122000307,100,93,7
122000309,60,55,5
122000310,18,80,-62
122000311,123,79,44
122000312,129,198,-69
122000313,83,63,20
122000314,107,192,-85
122000315,281,55,226
122000316,997,172,825
122000317,1647,199,1448
122000318,274,965,-691
122000319,169,251,-82
122000320,258,741,-483
122000321,57,133,-76
122000322,1587,2208,-621
122000323,892,2403,-1511
122000324,1087,1295,-208
122000325,900,2198,-1298
122000326,113,76,37
122000327,418,623,-205
122000328,549,466,83
122000330,1530,982,548
122000332,159,255,-96
122000333,15,47,-32
122000337,1024,684,340
122000338,555,306,249
122000340,211,855,-644
122000342,1174,772,402
122000343,468,574,-106
122000344,144,18,126
122000345,20,19,1
122000346,330,254,76
122000348,926,698,228
122000349,71,560,-489
122000351,166,193,-27
122000352,353,175,178
122000353,123,65,58
122000355,166,279,-113
122000356,837,1154,-317
122000357,96,28,68
122000358,0,21,-21
122000359,0,6,-6
122000360,1,55,-54
122000362,11,46,-35
122000364,246,297,-51
122000365,2,50,-48
122000366,17,6,11
122000368,444,539,-95
122000370,21,20,1
122000371,30,0,30
122000372,12,2,10
122000381,143,308,-165
122000382,104,144,-40
122000384,1666,978,688
122000385,73,2,71
122000386,258,1738,-1480
122000387,428,607,-179
122000388,1490,737,753
122000389,135,824,-689
122000390,285,211,74
122000391,248,448,-200
122000392,155,108,47
122000393,42,111,-69
122000394,631,181,450
122000395,150,89,61
122000396,238,67,171
122000397,39,25,14
122000398,26,66,-40
122000399,128,64,64
122000400,69,765,-696
122000401,153,47,106
122000402,398,108,290
122000403,420,442,-22
122000404,181,145,36
122000408,633,859,-226
122000503,10,104,-94
122000524,141,180,-39
122000544,94,2088,-1994
122000616,235,2,233
122000640,63,68,-5
122000641,111,181,-70
122000642,1019,696,323
122000643,71,195,-124
122000644,102,44,58
122000645,129,195,-66
122000651,847,1109,-262
122000664,141,19,122
122000665,1231,500,731
122000666,638,982,-344
122000673,37,146,-109
122000674,199,72,127
122000675,1847,484,1363
122000686,451,700,-249
122000687,1512,240,1272
122000688,296,332,-36
122000689,987,259,728
122000690,2596,256,2340
122000691,814,789,25
122000692,1840,352,1488
122000693,393,990,-597
122000695,343,302,41
122000696,642,167,475
122000698,371,366,5
122000699,210,84,126
122000701,1396,305,1091
122000702,404,802,-398
122000703,186,62,124
122000717,74,78,-4
122000718,291,964,-673
122000719,131,76,55
122000720,601,118,483
122000724,118,25,93
122900001,31,16,15
122900002,928,5954,-5026
122900003,430,39,391
122900004,1694,84,1610
122900005,139,114,25
122900006,653,924,-271
122900007,168,125,43
122900008,500,197,303
122900009,539,432,107
122900010,179,111,68
122900012,212,384,-172
122900014,140,179,-39
122900015,1103,1472,-369
122900016,110,227,-117
122900017,297,685,-388
122900018,173,25,148
122900019,19,94,-75
122900020,157,387,-230
122900021,59,388,-329
122900022,1143,687,456
122900023,650,140,510
122900024,140,114,26
122900025,7,361,-354
122900026,38,183,-145
122900027,35,519,-484
122900028,130,122,8
122900029,3852,2721,1131
122900030,1098,587,511
122900031,44,342,-298
122900032,123,418,-295
122900033,224,150,74
122900034,3523,4789,-1266
122900035,54,43,11
122900036,70,55,15
122900037,399,136,263
122900038,80,3066,-2986
122900039,121,595,-474
122900040,322,459,-137
122900041,400,323,77
122900042,172,296,-124
122900043,362,195,167
122900044,116,412,-296
122900045,97,118,-21
122900046,164,258,-94
122900047,156,202,-46
122900048,42,209,-167
122900049,1148,168,980
122900051,79,174,-95
122900052,118,159,-41
122900053,34,28,6
122900055,355,96,259
122900057,248,45,203
122900061,589,212,377
122900062,609,757,-148
122900063,156,174,-18
122900064,745,393,352
122900065,646,277,369
122900066,710,394,316
122900067,839,516,323
122900068,157,313,-156
122900069,325,1436,-1111
122900070,280,49,231
122900071,115,243,-128
122900072,13,305,-292
122900073,27,129,-102
122900074,915,378,537
122900075,1,65,-64
122900076,2,124,-122
122900077,0,75,-75
122900078,193,30,163
122900080,43,69,-26
122900081,142,131,11
122900082,967,163,804
122900083,157,124,33
122900084,11,150,-139
122900086,23,115,-92
122900087,313,393,-80
122900088,52,306,-254
122900089,21,263,-242
122900090,5,244,-239
122900091,293,1,292
122900092,0,104,-104
122900093,1,121,-120
122900094,0,122,-122
122900095,208,19,189
122900096,481,68,413
122900097,55,53,2
122900098,48,117,-69
122900099,78,10,68
122900100,196,478,-282
122900101,431,343,88
122900102,16,31,-15
122900103,112,3,109
122900104,213,8,205
122900105,13,5,8
122900106,5,40,-35
122900107,6,53,-47
122900108,8,80,-72
123000001,908,503,405
123000002,2670,5773,-3103
123000003,3793,4573,-780
123000004,2402,3232,-830
123000005,2805,2750,55
123000006,1998,1643,355
123000007,4349,2603,1746
123000008,2388,2397,-9
123000009,4634,2733,1901
123000010,3019,3045,-26
123000011,1783,817,966
123000012,606,2003,-1397
123000013,3519,891,2628
123000014,805,2945,-2140
123000015,2135,1071,1064
123000016,2802,4152,-1350
123000017,3013,1687,1326
123000018,78,112,-34
123000019,514,86,428
123000020,271,60,211
123000021,220,194,26
123000022,341,1939,-1598
123000023,1670,1859,-189
123000024,1592,646,946
123000025,113,102,11
123000026,32,64,-32
123000027,144,783,-639
123000028,1562,845,717
123000029,798,1200,-402
123000030,256,146,110
123000031,292,173,119
123000032,421,120,301
123000033,273,68,205
123000034,1020,704,316
123000035,358,368,-10
123000036,234,1011,-777
123000037,228,174,54
123000038,80,200,-120
123000039,389,1736,-1347
123000040,642,253,389
123000041,1045,1363,-318
123000042,527,666,-139
123000043,2164,11590,-9426
123000044,3111,2339,772
123000045,3995,2869,1126
123000046,508,1557,-1049
123000047,1319,1033,286
123000048,64,914,-850
123000049,4491,10178,-5687
123000050,1846,1611,235
123000051,100,202,-102
123000052,790,2964,-2174
123000053,2284,2674,-390
123000054,1610,1461,149
123000055,1520,3029,-1509
123000056,1090,1498,-408
123000057,5322,6678,-1356
123000058,554,1224,-670
123000059,299,460,-161
123000060,896,394,502
123000061,317,523,-206
123000063,898,876,22
123000064,1149,202,947
123000065,3588,2198,1390
123000066,491,481,10
123000067,938,438,500
123000068,2215,2184,31
123000069,4663,2086,2577
123000070,175,476,-301
123000071,1405,607,798
123000072,1094,597,497
123000073,1592,692,900
123000074,1017,718,299
123000075,326,1260,-934
123000076,744,389,355
123000077,1688,1527,161
123000078,1776,1261,515
123000079,1719,1429,290
123000080,2220,1048,1172
123000081,157,283,-126
123000082,328,693,-365
123000083,1008,224,784
123000084,817,390,427
123000085,439,62,377
123000086,746,85,661
123000087,547,220,327
123000088,1186,533,653
123000089,623,855,-232
123000090,1151,744,407
123000091,1285,1245,40
123000092,748,965,-217
123000094,561,185,376
123000095,647,619,28
123000096,950,298,652
123000097,574,410,164
123000098,874,398,476
123000099,746,447,299
123000100,433,733,-300
123000101,470,572,-102
123000102,402,708,-306
123000104,406,420,-14
123000105,422,404,18
123000106,340,475,-135
123000107,241,399,-158
123000108,390,872,-482
123000111,1115,350,765
123000112,1617,457,1160
123000113,434,748,-314
123000114,322,592,-270
123000115,289,271,18
123000116,60,87,-27
123000117,1829,1209,620
123000118,450,620,-170
123000119,233,602,-369
123000120,297,530,-233
123000121,384,395,-11
123000122,257,240,17
123000123,382,436,-54
123000124,306,337,-31
123000125,1129,1410,-281
123000126,1033,4515,-3482
123000127,524,525,-1
123000128,296,201,95
123000129,822,169,653
123000130,824,98,726
123000131,1103,753,350
123000132,240,457,-217
123000133,177,244,-67
123000134,239,148,91
123000135,2857,957,1900
123000136,179,433,-254
123000137,75,161,-86
123000138,94,258,-164
123000139,660,82,578
123000140,82,408,-326
123000141,698,124,574
123000142,837,705,132
123000143,839,1328,-489
123000144,36,54,-18
123000145,153,267,-114
123000146,33,66,-33
123000147,71,85,-14
123000149,324,245,79
123000150,166,214,-48
123000151,179,473,-294
123000152,100,459,-359
123000153,219,840,-621
123000154,1523,2006,-483
123000155,1880,1415,465
123000156,30,82,-52
123000157,589,870,-281
123000158,526,735,-209
123000159,3083,3083,0
123000160,1088,868,220
123000161,1833,1214,619
123000162,1222,1645,-423
123000163,566,113,453
123000164,1873,294,1579
123000165,336,980,-644
123000166,34,102,-68
123000167,143,181,-38
123000168,262,157,105
123000169,1043,134,909
123000170,138,88,50
123000171,992,12,980
123000172,167,398,-231
123000173,500,312,188
123000174,1130,414,716
123000175,413,832,-419
123000176,1190,257,933
123000177,283,568,-285
123000178,783,167,616
123000179,51,337,-286
123000180,1739,315,1424
123000181,292,862,-570
123000182,283,231,52
123000183,198,520,-322
123000184,120,296,-176
123000185,948,294,654
123000186,4,354,-350
123000187,680,14,666
123000188,154,2,152
123000189,182,119,63
123000190,76,96,-20
123000192,26,275,-249
123000193,82,618,-536
123000194,326,235,91
123000195,330,43,287
123000196,425,22,403
123000197,71,91,-20
123000198,45,771,-726
123000199,10,509,-499
123000200,593,9,584
123000201,1412,33,1379
123000202,10,576,-566
123000203,1029,69,960
123000204,63,595,-532
123000205,307,1017,-710
123000206,2279,256,2023
123000207,47,536,-489
123000208,582,210,372
123000209,2335,636,1699
123000210,392,1376,-984
123000211,421,1352,-931
123000212,3235,405,2830
123000213,591,63,528
123000215,64,219,-155
123000216,204,871,-667
123000217,206,45,161
123000218,48,705,-657
123000219,550,90,460
123000220,490,124,366
123000221,202,47,155
123000222,442,309,133
123000223,639,167,472
123000224,506,334,172
123000225,328,56,272
123000226,115,280,-165
123000227,66,169,-103
123000228,301,48,253
123000229,695,1102,-407
123000232,129,484,-355
123000233,773,146,627
123000234,151,450,-299
123000235,1543,264,1279
123000236,304,442,-138
123000237,308,115,193
123000238,66,260,-194
123000239,420,814,-394
123000240,43,642,-599
123000241,298,83,215
123000242,237,168,69
123000243,688,937,-249
123000244,849,712,137
123000245,27,127,-100
123000249,947,475,472
123000252,1025,311,714
123000253,1604,496,1108
123000254,747,649,98
123000255,1258,830,428
123000256,33,184,-151
123000257,2127,1378,749
123000258,936,565,371
123000259,438,380,58
123000260,500,302,198
123000261,332,114,218
123000262,63,119,-56
123000263,607,84,523
123000264,193,78,115
123000265,36,121,-85
123000266,586,523,63
123000267,809,319,490
123000268,40,56,-16
123000269,38,67,-29
123000270,34,27,7
123000271,54,48,6
123000272,783,271,512
123000273,252,806,-554
123000274,1148,482,666
123000275,257,716,-459
123000278,1952,2377,-425
123000279,128,68,60
123000280,306,260,46
123000281,258,108,150
123000282,104,216,-112
123000283,149,52,97
123000284,55,45,10
123000286,197,363,-166
123000287,479,304,175
123000288,1542,1208,334
123000289,360,1565,-1205
123000291,245,762,-517
123000294,157,205,-48
123000295,874,1047,-173
123000296,833,460,373
123000297,871,371,500
123000298,860,279,581
123000299,93,118,-25
123000300,1323,861,462
123000301,137,324,-187
123000302,99,96,3
123000303,149,178,-29
123000305,649,712,-63
123000306,192,75,117
123000309,32,34,-2
123000310,43,28,15
123000311,1,59,-58
123000312,373,445,-72
123000313,585,345,240
123000315,167,193,-26
123000316,685,106,579
123000317,260,115,145
123000318,55,140,-85
123000329,6,13,-7
123000337,574,473,101
123000338,302,168,134
123000339,390,101,289
123000340,106,241,-135
123000342,24,25,-1
123000343,39,8,31
123000344,689,344,345
123000345,281,392,-111
123000346,385,35,350
123000352,838,763,75
123000353,45,69,-24
123000354,233,8,225
123000355,0,171,-171
123000356,433,4,429
123000357,3,68,-65
123000359,4,73,-69
123000360,225,96,129
123000361,137,231,-94
123000362,551,72,479
123000363,140,166,-26
123000364,481,481,0
123000365,15,426,-411
123000366,334,2106,-1772
123000367,255,709,-454
123000370,68,208,-140
123000371,763,45,718
123000372,333,30,303
123000373,8,244,-236
123000374,5,113,-108
123000375,354,41,313
123000376,879,599,280
123000377,590,10,580
123000378,17,193,-176
123000379,0,126,-126
123000380,37,407,-370
123000381,118,126,-8
123000382,628,184,444
123000383,93,1176,-1083
123000384,434,114,320
123000385,129,492,-363
123000436,36,1366,-1330
123000507,87,173,-86
123000508,154,1112,-958
123000517,186,39,147
123000518,32,186,-154
123000519,144,67,77
123000520,34,161,-127
123000521,381,75,306
123000522,100,288,-188
123000541,10,2,8
123000542,0,10,-10
123000565,976,23,953
123000566,311,238,73
123000567,70,145,-75
123000573,40,466,-426
123000574,899,72,827
123000575,1587,585,1002
123000576,1195,782,413
123000577,56,570,-514
123000578,358,99,259
123000579,1093,6581,-5488
123000580,128,48,80
123000582,618,32,586
123000583,23,240,-217
123000584,189,273,-84
123000585,0,94,-94
123000586,63,1,62
123000596,72,81,-9
123000597,54,101,-47
123000602,76,2,74
123000603,1001,385,616
123000604,594,339,255
123000605,640,79,561
123000606,0,385,-385
123000609,23,298,-275
123000610,179,113,66
123000613,39,124,-85
123000614,270,42,228
123000615,34,53,-19
123000616,1042,82,960
123000617,117,152,-35
123000618,66,349,-283
123000619,635,52,583
123000620,38,314,-276
123000622,608,14,594
123000624,205,31,174
123000630,1313,506,807
123000631,203,536,-333
123000632,398,501,-103
123000633,1,125,-124
123000634,50,209,-159
123000635,59,85,-26
123000636,56,292,-236
123000637,345,42,303
123000638,574,26,548
123000639,763,5689,-4926
123000640,19,360,-341
123000648,324,77,247
123000649,36,325,-289
123900001,873,45,828
123900002,33,1269,-1236
123900003,205,278,-73
123900005,273,150,123
123900006,382,34,348
124000001,1939,143,1796
124000002,63,922,-859
124000003,1036,148,888
124000004,78,316,-238
124000005,1200,714,486
124000006,165,627,-462
124000007,421,124,297
124000008,18,384,-366
124000009,676,242,434
124000010,181,250,-69
124000011,1097,344,753
124000012,202,299,-97
124000017,222,132,90
124000018,102,39,63
124000019,101,142,-41
124000020,41,79,-38
124000021,131,112,19
124000022,94,146,-52
124000023,1359,1416,-57
124000024,1060,345,715
124000025,1241,1683,-442
124000026,813,904,-91
124000027,4425,4947,-522
124000028,1152,3223,-2071
124000030,1789,1211,578
124000031,1184,4816,-3632
124000032,1339,574,765
124000033,546,378,168
124000034,494,512,-18
124000035,258,231,27
124000036,75,280,-205
124000037,692,1139,-447
124000038,55,114,-59
124000039,756,420,336
124000040,416,1061,-645
124000041,528,160,368
124000042,126,350,-224
124000043,160,233,-73
124000044,64,120,-56
124000045,1051,405,646
124000046,273,570,-297
124000047,2257,673,1584
124000048,970,667,303
124000049,2017,529,1488
124000050,834,942,-108
124000051,1177,461,716
124000052,533,494,39
124000053,535,1808,-1273
124000054,734,299,435
124000055,1345,3278,-1933
124000056,1306,883,423
124000057,1118,601,517
124000058,373,807,-434
124000059,649,1353,-704
124000060,746,480,266
124000061,1197,5968,-4771
124000062,2276,1519,757
124000063,933,1201,-268
124000064,1549,852,697
124000065,42,434,-392
124000066,146,74,72
124000067,214,158,56
124000068,90,161,-71
124000069,755,155,600
124000070,328,365,-37
124000071,583,125,458
124000072,231,387,-156
124000073,1181,168,1013
124000074,143,508,-365
124000075,383,39,344
124000076,12,120,-108
124000077,1029,921,108
124000078,2682,1126,1556
124000079,276,1100,-824
124000080,991,239,752
124000081,259,370,-111
124000082,53,148,-95
124000083,199,64,135
124000084,75,545,-470
124000085,87,58,29
124000086,32,159,-127
124000087,121,111,10
124000088,230,490,-260
124000089,981,300,681
124000090,121,210,-89
124000091,527,116,411
124000092,145,446,-301
124000093,88,175,-87
124000094,119,599,-480
124000095,118,91,27
124000096,148,240,-92
124000097,112,110,2
124000098,41,60,-19
124000099,354,126,228
124000100,95,130,-35
124000101,92,103,-11
124000102,69,36,33
124000103,141,108,33
124000104,79,29,50
124000105,110,74,36
124000106,133,33,100
124000107,20,200,-180
124000108,39,13,26
124000109,130,117,13
124000110,162,68,94
124000111,213,138,75
124000112,694,420,274
124000113,89,98,-9
124000114,310,234,76
124000115,344,423,-79
124000116,99,140,-41
124000117,57,82,-25
124000118,40,65,-25
124000119,890,435,455
124000120,533,427,106
124000121,1201,677,524
124000122,505,1086,-581
124000123,927,478,449
124000124,350,825,-475
124000125,500,455,45
124000126,251,480,-229
124000127,929,328,601
124000128,483,680,-197
124000129,2360,1441,919
124000130,611,513,98
124000131,808,547,261
124000132,704,536,168
124000133,1014,807,207
124000134,831,454,377
124000135,1691,2083,-392
124000136,664,744,-80
124000137,1085,1086,-1
124000138,1403,1080,323
124000139,646,23,623
124000140,36,323,-287
124000141,127,15,112
124000142,14,168,-154
124000143,73,20,53
124000144,19,50,-31
124000145,242,56,186
124000146,84,51,33
124000148,48,97,-49
124000149,1370,368,1002
124000150,248,514,-266
124000151,1093,517,576
124000152,612,947,-335
124000153,873,1216,-343
124000154,420,815,-395
124000155,1324,1029,295
124000156,1109,1073,36
124000169,211,445,-234
124000170,369,403,-34
124000171,318,240,78
124000172,387,382,5
124000173,546,177,369
124000174,430,388,42
124000175,4,74,-70
124000176,58,20,38
124000177,10,35,-25
124000178,64,85,-21
124000190,28,66,-38
124000191,65,183,-118
124000192,1319,437,882
124000193,376,847,-471
124000194,266,299,-33
124000195,341,597,-256
124000196,797,702,95
124000197,58,28,30
124000198,60,44,16
124000201,341,475,-134
124000202,725,264,461
124000203,511,288,223
124000204,1108,201,907
124000205,164,237,-73
124000206,962,232,730
124000207,0,34,-34
124000209,202,249,-47
124000210,634,182,452
124000211,730,5,725
124000212,0,182,-182
124000213,682,184,498
124000214,495,289,206
124000215,559,23,536
124000216,0,210,-210
124000329,118,880,-762
124000338,102,442,-340
124000339,1389,101,1288
124000341,1846,78,1768
124000344,22,1,21
124000357,1302,2730,-1428
124000358,947,1612,-665
124000359,1413,644,769
124000360,1102,438,664
124000361,2146,847,1299
124000362,796,1190,-394
124000363,257,307,-50
124000364,440,469,-29
124000365,532,750,-218
124000366,1051,659,392
124000367,93,237,-144
124000368,493,626,-133
124000369,137,130,7
124000370,53,453,-400
124000402,25,22,3
124000403,150,14,136
124000404,7,58,-51
124000405,1055,797,258
124000406,622,581,41
124000407,2,44,-42
124000411,2,135,-133
124000412,405,12,393
124000413,117,39,78
124000414,83,98,-15
124000415,46,48,-2
124000416,118,140,-22
124000417,175,99,76
124000418,251,85,166
124000419,107,93,14
124000420,125,45,80
124000421,57,87,-30
124000422,19,20,-1
124000423,164,35,129
124000424,2,48,-46
124000425,74,26,48
124000426,16,43,-27
124000427,65,13,52
124000428,5,57,-52
124000429,78,59,19
124000430,821,342,479
124000431,372,374,-2
124000432,340,457,-117
124000439,12,9,3
124000443,1,4,-3
124000445,184,1376,-1192
124000446,805,128,677
124900001,680,435,245
124900002,207,213,-6
124900003,1140,473,667
124900004,758,274,484
124900005,220,119,101
124900006,846,229,617
124900008,1076,547,529
124900009,257,473,-216
124900010,301,266,35
124900011,752,394,358
124900012,490,87,403
124900013,611,132,479
124900014,329,66,263
124900015,161,392,-231
124900016,91,123,-32
124900017,453,2240,-1787
124900018,100,10,90
124900020,81,62,19
124900021,334,34,300
124900022,59,13,46
124900024,326,18,308
124900026,226,32,194
124900027,152,584,-432
124900028,323,76,247
124900029,18,500,-482
124900030,11,84,-73
124900031,33,204,-171
124900032,142,249,-107
124900033,111,221,-110
124900034,7,64,-57
124900035,164,278,-114
124900036,2,46,-44
124900037,220,194,26
124900038,271,223,48
124900039,0,86,-86
124900040,114,83,31
124900041,202,547,-345
124900042,66,2,64
124900043,493,520,-27
124900044,126,1,125
124900045,555,1029,-474
124900046,591,242,349
124900047,152,161,-9
124900048,174,60,114
124900050,168,135,33
124900052,129,212,-83
124900053,167,228,-61
124900054,889,468,421
124900055,2,153,-151
124900057,6,40,-34
124900060,84,115,-31
124900061,101,19,82
124900062,218,19,199
124900066,0,24,-24
124900067,1,85,-84
124900068,198,631,-433
124900070,69,19,50
124900072,177,48,129
124900075,303,167,136
124900076,30,1415,-1385
124900077,36,80,-44
124900078,47,19,28
124900079,349,169,180
124900080,324,392,-68
124900081,1154,275,879
124900082,326,502,-176
124900083,261,318,-57
124900084,734,88,646
124900085,630,641,-11
124900086,69,1506,-1437
124900087,365,107,258
124900088,402,98,304
124900089,854,25,829
124900090,478,236,242
124900091,326,219,107
124900092,226,155,71
124900093,397,183,214
124900094,525,200,325
124900095,96,537,-441
124900096,462,251,211
124900097,382,73,309
124900098,132,243,-111
124900099,402,494,-92
124900100,316,75,241
124900101,68,342,-274
124900102,249,34,215
124900103,150,91,59
124900104,58,87,-29
124900105,91,81,10
124900106,431,47,384
124900107,139,23,116
124900108,156,77,79
124900111,4,138,-134
124900112,63,243,-180
124900113,80,275,-195
124900114,110,155,-45
124900115,115,31,84
124900116,290,224,66
124900117,229,161,68
124900118,207,435,-228
124900119,542,196,346
124900120,44,249,-205
124900121,87,520,-433
124900122,171,147,24
124900123,228,104,124
124900124,129,272,-143
204000001,96,5,91
204000002,6,4,2
204000003,14,7,7
204000004,0,3,-3
204000005,534,339,195
204000006,1120,943,177
204000011,7,35,-28
204000012,47,57,-10
204000019,750,358,392
204000020,742,658,84
204000021,1709,795,914
204000022,622,401,221
204000023,471,480,-9
204000031,58,7,51
204000032,380,23,357
204000034,19,104,-85
204000035,0,5,-5
204000036,7,19,-12
204000037,0,14,-14
204000038,1,10,-9
204000039,26,27,-1
204000040,4,8,-4
204000041,9,22,-13
204000042,59,23,36
204000043,54,1,53
204000044,49,5,44
204000045,66,1,65
204000046,15,3,12
204000057,4,16,-12
204000062,47,30,17
204000068,27,175,-148
204000069,73,280,-207
204000070,78,68,10
204000080,44,65,-21
204000085,1513,1093,420
204000086,1683,1265,418
204000087,56,7,49
204000088,6,85,-79
204000090,37,243,-206
204000093,530,49,481
204000096,1116,787,329
204000097,584,9,575
204000099,1067,1576,-509
204000100,1486,1623,-137
204000105,1488,820,668
204000110,597,1135,-538
204000111,431,529,-98
204000112,817,1543,-726
204000113,279,876,-597
204000114,755,744,11
204000115,610,260,350
204000116,1256,1129,127
204000119,1924,2063,-139
204000132,611,358,253
204000133,879,171,708
204000134,349,70,279
204000135,642,94,548
204000136,532,151,381
204000138,363,582,-219
204000140,248,98,150
204000141,171,55,116
204000144,2,20,-18
204000145,564,48,516
204000146,20,247,-227
204000147,21,125,-104
204000148,174,14,160
204000154,9,4,5
204000155,7,1,6
204000177,54,37,17
204000179,97,5,92
204000180,0,24,-24
204000222,7,9,-2
204000235,26,12,14
204000236,70,137,-67
204000238,22,19,3
204000240,379,105,274
204000263,483,627,-144
204000268,817,518,299
204000308,115,17,98
204000317,9,96,-87
204000322,10,79,-69
204000323,22,2,20
204000328,214,42,172
204000329,51,106,-55
204000330,188,7,181
204000331,29,101,-72
204010341,24,151,-127
205000001,633,1008,-375
205000013,8,69,-61
205000014,28,65,-37
205000015,36,99,-63
205000016,26,99,-73
205000017,33,81,-48
205000022,206,583,-377
205000025,895,740,155
205000029,286,23,263
205000045,119,730,-611
205000046,122,438,-316
205000047,53,517,-464
205000048,331,536,-205
205000049,173,453,-280
205000050,668,225,443
205000059,0,169,-169
205000060,0,81,-81
205000061,1,77,-76
205000062,8,134,-126
205000063,26,151,-125
205000064,10,68,-58
205000065,66,389,-323
205000066,86,342,-256
205000067,38,520,-482
205000069,221,26,195
205000082,154,162,-8
205000110,57,117,-60
205000111,178,141,37
205000112,159,154,5
205000113,191,315,-124
205000121,242,44,198
205000123,54,167,-113
205000126,423,55,368
205000127,728,130,598
205000128,381,44,337
205000129,623,54,569
205000130,133,26,107
205000131,51,9,42
205000132,96,4,92
205000133,88,1,87
205000134,270,3,267
205000137,64,118,-54
205000138,142,349,-207
205000139,18,121,-103
205000144,80,53,27
205000145,380,135,245
205000151,145,14,131
205000152,208,14,194
205000153,217,22,195
205000154,109,53,56
205000155,87,8,79
205000207,4,138,-134
205000233,14,0,14
205000234,0,0,0
205000243,0,0,0
205000244,0,2,-2
205000245,11,113,-102
205000249,0,18,-18
205000250,3,1,2
205000264,13,68,-55
206000027,4,5,-1
206000028,5,2,3
206000043,12,42,-30
206000053,3,5,-2
206000054,0,22,-22
206000055,3,12,-9
206000075,8,26,-18
206000076,17,7,10
206000077,36,3,33
206000078,28,8,20
206000079,18,7,11
206000082,446,64,382
206000100,25,276,-251
206000103,3,16,-13
206000104,18,11,7
206000105,7,5,2
206000106,4,14,-10
206000108,653,45,608
206000125,73,0,73
206000157,38,400,-362
206000170,2,92,-90
206000171,2,182,-180
206000172,11,170,-159
206000173,2,109,-107
206000174,17,35,-18
206000175,4,55,-51
206000176,24,75,-51
206000177,0,67,-67
206000178,0,143,-143
206000179,1,62,-61
206000180,12,79,-67
206000181,21,68,-47
206000182,8,48,-40
206000183,12,174,-162
206000184,1,136,-135
206000185,15,43,-28
206000186,72,343,-271
206000223,5,150,-145
206000226,21,0,21
206000227,39,3,36
206000237,47,133,-86
206000238,8,235,-227
206000239,175,1052,-877
206000240,1,43,-42
206000241,0,57,-57
206000242,9,89,-80
206000243,8,58,-50
206000244,31,195,-164
206000245,1241,47,1194
206000246,401,15,386
206000247,442,8,434
206000248,607,19,588
206000252,59,43,16
206000258,30,45,-15
206000315,33,6,27
206000317,835,138,697
206000318,919,77,842
206000319,2760,88,2672
206000320,367,38,329
206000321,451,3,448
206000322,770,17,753
206000323,239,9,230
206000324,267,16,251
206000325,212,21,191
206000326,256,23,233
206000327,143,15,128
206000328,304,11,293
206000329,365,6,359
206000330,77,3,74
206000331,284,4,280
206000332,79,4,75
206000333,1054,2,1052
206000334,386,9,377
206000335,0,25,-25
206000361,7,131,-124
206000392,2,9,-7
206000405,186,4,182
206000441,45,19,26
206000498,82,73,9
206000515,82,58,24
206000530,512,76,436
206000531,279,328,-49
206000532,1804,413,1391
206000535,107,1472,-1365
206000536,6,79,-73
206000537,12,94,-82
206000613,2066,261,1805
207000001,109,623,-514
207000002,81,396,-315
207000003,143,115,28
207000007,1373,246,1127
207000008,174,7,167
207000009,80,72,8
207000010,295,213,82
207000012,464,176,288
207000015,187,579,-392
207000019,202,69,133
207000021,617,210,407
207000022,232,150,82
207000023,288,41,247
207000024,4,10,-6
207000025,25,67,-42
207000026,81,42,39
207000027,17,52,-35
207000028,71,103,-32
207000029,171,306,-135
207000033,168,504,-336
207000034,287,141,146
207000039,611,89,522
207000040,633,51,582
207000041,183,53,130
207000042,360,47,313
207000043,242,152,90
207000051,90,166,-76
207000052,30,116,-86
207000053,364,390,-26
207000054,44,75,-31
207000055,179,72,107
207000056,319,224,95
207000057,122,284,-162
207000058,167,179,-12
207000059,100,261,-161
207000060,74,133,-59
207000061,195,762,-567
207000062,433,38,395
207000063,505,63,442
207000064,423,91,332
207000065,446,201,245
207000066,230,146,84
207000067,53,48,5
207000068,107,37,70
207000069,823,269,554
207000082,5,126,-121
207000083,80,152,-72
207000084,364,220,144
207000085,305,36,269
207000086,294,1,293
207000106,52,27,25
207000107,111,10,101
207000108,73,8,65
207000109,71,8,63
207000110,69,73,-4
207000111,109,102,7
207000112,135,697,-562
207000114,14,30,-16
207000115,21,40,-19
207000116,18,287,-269
207000117,8,81,-73
207000118,2,36,-34
207000119,17,42,-25
207000123,181,14,167
207000124,95,28,67
207000125,92,36,56
207000126,82,53,29
207000134,130,76,54
207000135,27,112,-85
207000148,109,314,-205
207000149,54,34,20
207000152,123,327,-204
207000153,467,1035,-568
207000154,313,165,148
207000159,96,104,-8
207000160,113,209,-96
207000238,0,144,-144
207000242,4,97,-93
207000248,38,36,2
207000249,86,24,62
207000250,404,54,350
207000251,112,68,44
207000252,69,66,3
207000278,128,90,38
207000279,20,81,-61
207000280,772,48,724
207000281,105,389,-284
207000282,104,161,-57
207000283,41,138,-97
207000284,47,410,-363
207000285,54,75,-21
207000291,23,100,-77
207000304,120,43,77
207000306,67,275,-208
207000310,141,87,54
207000353,195,1,194
207000356,6,45,-39
207000357,10,18,-8
207000358,15,20,-5
207000415,6,85,-79
207000417,48,3,45
207000418,113,99,14
207000438,0,1,-1
207000439,629,852,-223
207000446,177,1,176
207000460,56,12,44
207000466,132,102,30
207000467,342,63,279
207000468,43,165,-122
207000476,4,45,-41
207000477,709,37,672
207000478,1,83,-82
207000523,0,8,-8
207000524,33,1,32
207000527,157,146,11
207000530,602,4,598
207000531,287,4,283
207000532,130,44,86
207000534,230,52,178
207000535,37,253,-216
207000537,9,68,-59
207000540,10,83,-73
207000541,1,200,-199
207000548,13,139,-126
207000549,430,22,408
207000561,172,229,-57
207000562,29,111,-82
207000567,126,230,-104
207000568,283,28,255
207000569,627,354,273
207000584,169,167,2
207000585,51,332,-281
207000616,0,67,-67
207000617,204,0,204
207900008,365,76,289
208000001,614,1136,-522
208000002,683,495,188
208000003,1138,331,807
208000004,939,792,147
208000005,4,8,-4
208000019,659,716,-57
208000020,252,363,-111
208000021,253,270,-17
208000022,1004,376,628
208000028,1027,1417,-390
208000033,480,479,1
208000034,908,1233,-325
208000037,235,12,223
208000040,149,90,59
208000041,684,506,178
208000042,858,492,366
208000047,147,169,-22
208000064,2027,1167,860
208000066,1550,2470,-920
208000070,455,339,116
208000071,554,550,4
208000072,490,886,-396
208000080,261,397,-136
208000081,355,131,224
208000082,335,126,209
208000083,162,212,-50
208000084,15,10,5
208000085,771,684,87
208000086,396,922,-526
208000087,415,570,-155
208000089,1044,272,772
208000090,1022,386,636
208000093,135,123,12
208000094,467,300,167
208000095,621,386,235
208000104,1053,644,409
208000105,666,733,-67
208000114,131,340,-209
208000115,473,267,206
208000116,729,973,-244
208000117,130,131,-1
208000118,133,185,-52
208000155,739,959,-220
208000158,1250,3274,-2024
208000186,2230,3367,-1137
208000204,643,866,-223
208000205,1127,723,404
208000282,3207,2767,440
209000004,508,221,287
209000005,60,34,26
209000006,492,191,301
209000007,279,233,46
209000010,309,100,209
209000011,124,203,-79
209000012,117,118,-1
209000013,190,183,7
209000014,334,524,-190
209000025,445,53,392
209000026,821,117,704
209000027,301,509,-208
209000028,303,423,-120
209000029,388,500,-112
209000030,355,827,-472
209000031,1794,1249,545
209000034,222,264,-42
209000035,122,211,-89
209000036,294,126,168
209000037,392,153,239
209000038,140,111,29
209000039,84,105,-21
209000040,287,414,-127
209000041,189,316,-127
209000042,225,240,-15
209000043,587,698,-111
209000044,244,767,-523
209000045,971,321,650
209000046,550,355,195
209000047,430,161,269
209000048,602,279,323
209000049,68,85,-17
209000050,192,76,116
209000051,260,167,93
209000052,109,161,-52
209000062,65,44,21
209000063,56,51,5
209000064,47,39,8
209000065,127,24,103
209000066,102,10,92
209000067,128,10,118
209000080,42,173,-131
209000082,81,20,61
209000091,25,82,-57
209000093,43,21,22
209000094,76,167,-91
209000110,54,148,-94
209000111,586,1697,-1111
209000112,1334,483,851
209000113,1816,469,1347
209000114,936,442,494
209000115,60,86,-26
209000116,366,260,106
209000118,15,49,-34
209000119,17,6,11
209000121,110,293,-183
209000135,59,186,-127
209000142,1184,1811,-627
209000143,44,46,-2
209000144,52,106,-54
209000229,281,100,181
209000240,34,150,-116
209000259,59,46,13
209000260,29,701,-672
209000261,10,321,-311
209000262,2,206,-204
209000263,0,164,-164
209000264,0,203,-203
209000265,313,0,313
209000266,100,1,99
209000267,962,12,950
209000268,551,63,488
210000037,74,14,60
210000047,67,16,51
210000048,115,17,98
210000049,51,1,50
210000052,65,47,18
210000053,35,35,0
210000054,42,56,-14
210000070,148,3,145
210000071,83,2,81
210000072,28,0,28
210000073,0,22,-22
210000074,1,81,-80
210000075,1,108,-107
210000076,7,146,-139
210000077,8,36,-28
210000078,26,38,-12
210000079,13,6,7
210000080,40,64,-24
210000081,179,23,156
210000082,115,4,111
210000083,75,2,73
210000084,35,0,35
210000085,0,29,-29
210000086,1,68,-67
210000099,38,200,-162
210000100,30,125,-95
210000101,79,113,-34
210000105,34,169,-135
210000159,1,169,-168
210000163,87,171,-84
210000164,252,226,26
210000168,128,46,82
210000187,0,11,-11
210000188,0,9,-9
210000214,25,0,25
210000219,51,55,-4
210000220,104,19,85
210000232,3,8,-5
210000233,30,47,-17
210000234,42,73,-31
210000235,79,36,43
210000245,0,44,-44
210000246,68,25,43
210000258,7,80,-73
210000259,334,58,276
210000282,72,213,-141
210000285,1,123,-122
210000286,17,141,-124
210000290,1,6,-5
210000295,54,115,-61
210000296,38,24,14
210000320,203,41,162
210000321,174,47,127
210000338,48,61,-13
210000339,186,997,-811
210000340,98,325,-227
210000341,227,243,-16
210000342,226,168,58
210000343,201,163,38
210000344,146,97,49
210000345,173,187,-14
210000346,48,124,-76
210000347,29,38,-9
210000348,119,42,77
210000349,34,24,10
210000350,127,56,71
210000351,169,91,78
210000352,50,37,13
210000353,52,53,-1
210000354,76,48,28
210000355,52,46,6
210000356,14,47,-33
210000357,36,45,-9
210000358,180,145,35
210000359,79,85,-6
210000360,183,121,62
210000361,152,133,19
210000362,208,178,30
210000363,502,205,297
210000364,112,124,-12
210000365,108,72,36
210000366,130,47,83
210000367,78,32,46
210000368,156,52,104
210000369,28,14,14
210000370,34,30,4
210000372,5,9,-4
210000373,12,8,4
210000374,51,20,31
210000375,54,32,22
210000376,40,59,-19
210000404,55,106,-51
210000439,29,37,-8
210000472,75,5,70
210000482,55,130,-75
210000564,169,249,-80
210000567,1,53,-52
210000568,245,1,244
211000092,34,51,-17
211000094,17,5,12
211000169,204,22,182
211000172,15,166,-151
211000209,6,23,-17
211000226,16,19,-3
211000270,28,19,9
211000275,28,8,20
211000276,81,14,67
211000279,19,12,7
211000281,89,33,56
211507980,2,62,-60
211977296,50,8,42
212000003,134,30,104
212000004,8,26,-18
212000005,5,21,-16
212000006,23,47,-24
212000008,183,94,89
212000009,36,67,-31
212000012,76,54,22
212000013,50,45,5
212000014,195,147,48
212000015,227,175,52
212000016,485,463,22
212000027,567,282,285
212000028,396,293,103
212000029,310,196,114
212000030,58,32,26
212000031,61,33,28
212000048,26,179,-153
212000049,9,155,-146
212000050,14,3,11
212000051,218,122,96
212000052,218,173,45
212000053,348,341,7
212000054,370,57,313
212000055,353,101,252
212000056,14,34,-20
212000057,14,25,-11
212000058,145,20,125
212000070,102,138,-36
212000077,116,410,-294
212000099,335,193,142
212000108,216,131,85
212000111,213,52,161
212000120,115,56,59
212000138,110,25,85
212000156,4,67,-63
212000158,10,23,-13
212000159,514,102,412
212000160,999,147,852
212000161,83,4,79
212000310,57,23,34
212000311,19,46,-27
212000374,37,16,21
213000001,44,285,-241
213000005,519,136,383
213000006,927,288,639
213000007,74,4,70
213000009,485,398,87
213000010,235,257,-22
213000011,210,87,123
213000012,179,217,-38
213000014,113,22,91
213000015,286,4,282
213000016,458,3,455
213000017,96,5,91
213000018,0,74,-74
213000019,2,103,-101
213000020,113,262,-149
213000021,5,87,-82
213000023,424,188,236
213000033,328,1481,-1153
213000034,568,212,356
213000035,99,214,-115
213000045,181,251,-70
213000046,220,165,55
213000047,457,1172,-715
213000056,118,21,97
213000069,78,6,72
213000073,6,49,-43
213000074,84,349,-265
213000075,524,1,523
213000076,27,2,25
213000085,12,47,-35
213000086,27,129,-102
213000091,308,17,291
213000092,85,9,76
213000099,161,1032,-871
213000100,1009,203,806
213000101,553,98,455
213000102,630,152,478
213000103,912,577,335
213000104,51,293,-242
213000105,6,223,-217
213000106,35,63,-28
213000107,144,261,-117
213000108,40,339,-299
213000109,8,121,-113
213000110,28,70,-42
213000111,7,76,-69
213000112,125,124,1
213000115,64,11,53
213000116,52,274,-222
213000117,11,357,-346
213000118,621,227,394
213000119,45,431,-386
213000120,87,271,-184
213000122,118,303,-185
213000123,296,799,-503
213000124,150,1288,-1138
213000125,155,25,130
213000126,38,87,-49
213000127,64,237,-173
213000128,238,1020,-782
213000129,299,832,-533
213000130,822,448,374
213000132,583,143,440
213000133,834,83,751
213000134,943,18,925
213000136,508,19,489
213000137,691,56,635
213000139,205,19,186
213000147,38,8,30
213000148,18,10,8
213000149,22,11,11
213000150,0,149,-149
213000151,3,159,-156
213000152,2,118,-116
213000153,1,121,-120
213000154,28,442,-414
213000155,57,208,-151
213000156,152,300,-148
213000157,887,337,550
213000158,390,760,-370
213000159,696,377,319
213000163,1267,120,1147
213000165,931,317,614
213000171,0,30,-30
213000172,1,137,-136
213000173,8,125,-117
213000174,4,55,-51
213000175,13,38,-25
213000176,81,40,41
213000177,99,2,97
213000178,220,8,212
213000179,296,3,293
213000180,271,0,271
213000184,106,375,-269
213000188,431,100,331
213000189,483,41,442
213000190,791,643,148
213000191,379,295,84
213000192,281,229,52
213000193,496,235,261
213000194,0,83,-83
213000195,15,328,-313
213000196,292,1045,-753
213000197,504,492,12
213000198,48,0,48
213000200,145,579,-434
213000201,46,50,-4
213000202,16,385,-369
213000203,2403,514,1889
213000204,772,52,720
213000205,437,90,347
213000206,487,52,435
213000207,119,15,104
213000208,77,0,77
213000209,118,3,115
213000210,212,5,207
213000211,4,27,-23
213000212,10,26,-16
213000213,14,63,-49
213000218,226,310,-84
213000219,549,12,537
213000220,420,9,411
213000223,177,237,-60
213000224,38,45,-7
213000225,111,12,99
213000226,69,22,47
213000227,1025,146,879
213000228,600,69,531
213000229,111,14,97
213000230,313,15,298
213000232,57,739,-682
213000233,10,714,-704
213000234,3,66,-63
213000293,21,81,-60
213000294,78,34,44
213000295,7,105,-98
213000296,52,22,30
213000297,16,68,-52
213000298,27,79,-52
213000299,43,23,20
213000300,8,5,3
213000303,5,27,-22
213000304,4,5,-1
213000305,2,33,-31
213000306,35,47,-12
213000307,74,57,17
213000308,93,121,-28
213000309,145,46,99
213000310,536,193,343
213000311,251,691,-440
213000315,57,95,-38
213000316,161,37,124
213000322,112,65,47
213000323,107,42,65
213000324,74,26,48
213000325,67,44,23
213000326,60,18,42
213000327,90,34,56
213000328,62,115,-53
213000329,154,21,133
213000340,156,305,-149
213000341,634,83,551
213000346,211,279,-68
213000347,527,483,44
213000348,5,191,-186
213000349,20,10,10
213000350,269,656,-387
213000366,70,190,-120
213000367,234,11,223
213000379,54,67,-13
213000386,16,248,-232
213000406,113,301,-188
213000417,1347,439,908
213000425,209,47,162
213000426,234,46,188
213000427,64,115,-51
213000428,50,89,-39
213000429,5,0,5
213000430,120,362,-242
213000431,26,1,25
213000432,2,27,-25
213000433,23,105,-82
213000434,132,71,61
213000435,191,71,120
213000436,56,47,9
213000437,3,6,-3
213000438,144,61,83
213000439,57,22,35
213000440,9,262,-253
213000441,0,0,0
213000442,2,35,-33
213000443,350,268,82
213000444,56,29,27
213000445,0,71,-71
213000446,0,28,-28
213000447,0,38,-38
213000448,17,156,-139
213000449,722,12,710
213000450,26,33,-7
213000451,332,85,247
213000452,25,10,15
213000453,21,233,-212
213000455,203,1,202
213000456,2,312,-310
213000481,6,6,0
213000482,18,2,16
213000489,282,56,226
213000491,3,191,-188
213000492,136,1,135
213000493,0,126,-126
213000494,281,72,209
213000495,0,24,-24
213000496,440,138,302
213000497,42,204,-162
213000498,177,92,85
213000499,199,248,-49
213000500,623,47,576
213000501,148,25,123
213000502,140,153,-13
213000503,0,50,-50
213000504,23,36,-13
213000505,20,3,17
213000506,0,9,-9
213000507,2,74,-72
213900016,0,9,-9
213900244,78,0,78
213900245,0,14,-14
218000003,51,26,25
218000004,30,28,2
218000005,28,32,-4
218000006,70,41,29
218000007,45,14,31
218000012,107,132,-25
218000013,131,168,-37
218000014,338,337,1
218000019,586,458,128
218000020,256,299,-43
218000021,33,37,-4
218000022,20,22,-2
218000023,2,11,-9
218000024,3,6,-3
218000025,1,11,-10
218000026,7,12,-5
218000027,1,3,-2
218000028,1,1,0
218000029,11,2,9
218000030,27,11,16
218000031,19,13,6
218000032,0,27,-27
218000040,10,3,7
218000046,41,50,-9
218000047,12,74,-62
218000048,83,37,46
218000049,74,45,29
218000050,319,115,204
218000051,91,116,-25
218000052,1,53,-52
218000053,4,8,-4
218000054,0,86,-86
218000055,5,22,-17
218000056,10,24,-14
218000057,0,16,-16
218000064,1,9,-8
218000065,73,39,34
218000066,17,26,-9
218000067,64,64,0
218000068,119,91,28
218000069,255,75,180
218000070,232,167,65
218000071,154,140,14
218000072,181,160,21
218000078,893,427,466
218000079,169,66,103
218000080,191,46,145
218000081,607,158,449
218000082,63,75,-12
218000083,87,62,25
218000084,151,87,64
218000085,163,216,-53
218000086,77,108,-31
218000087,181,91,90
218000090,16,112,-96
218000091,1056,436,620
218000092,126,131,-5
218000093,105,68,37
218000094,412,442,-30
218000099,251,585,-334
218000100,290,306,-16
218000101,366,112,254
218000102,431,163,268
218000103,100,98,2
218000104,98,33,65
218000105,26,24,2
218000106,11,8,3
218000107,84,33,51
218000108,4,24,-20
218000112,43,52,-9
218000117,62,54,8
218000134,533,352,181
218000135,18,72,-54
218000136,173,128,45
218000137,200,120,80
218000138,48,92,-44
218000139,166,239,-73
218000140,510,245,265
218000141,77,55,22
218000142,231,128,103
218000143,102,357,-255
218000144,45,105,-60
218000145,482,243,239
218000146,122,136,-14
218000151,6,11,-5
218000152,77,45,32
218000153,10,9,1
218000154,16,2,14
218000155,44,6,38
218000156,95,17,78
218000157,59,23,36
218000158,19,15,4
218000159,2,8,-6
218000160,13,6,7
218000161,38,2,36
218000162,50,11,39
218000163,17,5,12
218000164,65,7,58
218000165,101,29,72
218000170,4,23,-19
218000171,44,10,34
218000172,4,15,-11
218000173,15,14,1
218000174,7,10,-3
218000176,161,18,143
218000177,269,164,105
218000178,63,150,-87
218000179,78,63,15
218000180,80,22,58
218000181,156,17,139
218000187,6,43,-37
218000188,23,61,-38
218000189,22,63,-41
218000190,15,25,-10
218000191,182,39,143
218000192,262,117,145
218000193,430,247,183
218000194,87,234,-147
218000195,175,52,123
218000196,417,209,208
218000197,544,197,347
218000198,34,69,-35
218000199,49,31,18
218000200,50,35,15
218000201,25,11,14
218000202,57,309,-252
218000207,10,37,-27
218000208,31,43,-12
218000211,37,31,6
218000212,3,4,-1
218000213,84,82,2
218000214,7,21,-14
218000215,31,33,-2
218000217,2,36,-34
218000218,192,53,139
218000219,16,17,-1
218000220,39,346,-307
218000221,474,185,289
218000222,2,26,-24
218000223,31,355,-324
218000224,12,197,-185
218000225,179,15,164
218000226,160,56,104
218000230,0,15,-15
218000232,40,35,5
218000239,72,20,52
218000240,5,6,-1
218000241,31,1,30
218000242,8,3,5
218000243,33,3,30
218000244,25,1,24
218000245,36,2,34
218000246,0,0,0
218000247,0,0,0
218000248,0,23,-23
218000249,0,4,-4
218000250,7,13,-6
218000251,6,89,-83
218000252,6,292,-286
218000253,5,173,-168
218000254,0,48,-48
218000255,1,39,-38
218000256,16,111,-95
218000267,365,749,-384
218000268,9,32,-23
218000269,0,11,-11
218000270,161,31,130
218000271,4,31,-27
218000273,30,3,27
218000274,7,2,5
218000275,35,41,-6
218000276,27,21,6
218000278,23,34,-11
218000279,129,36,93
218000280,12,18,-6
218000281,13,6,7
218000282,538,617,-79
218000284,56,4,52
218000301,97,104,-7
218000302,107,53,54
218000303,15,77,-62
218000316,923,678,245
218000317,1614,592,1022
218000318,1105,499,606
218000319,1144,616,528
218000320,952,468,484
218000338,31,24,7
218000345,64,59,5
218000346,15,163,-148
218000459,24,105,-81
218000490,25,61,-36
218000501,116,24,92
218000502,51,30,21
218000503,75,13,62
218000504,128,30,98
218000505,64,72,-8
218000506,25,204,-179
218000508,6,3,3
218000510,130,22,108
218000520,99,75,24
218000521,6,31,-25
218000522,0,155,-155
218000523,111,0,111
218000524,9,329,-320
218000525,84,26,58
218000526,17,202,-185
218000529,29,61,-32
218000530,15,3,12
218000531,12,14,-2
218000532,18,19,-1
218000534,249,13,236
218000537,15,65,-50
218000538,121,377,-256
218000540,197,92,105
218000543,181,64,117
218000544,45,62,-17
218000545,76,55,21
218000546,33,70,-37
218000547,125,141,-16
218000548,154,83,71
218000549,549,367,182
218000550,195,214,-19
218000551,73,744,-671
218000552,274,55,219
218000553,29,100,-71
218000554,28,37,-9
218000555,30,54,-24
218000556,184,139,45
218000557,408,88,320
218000558,42,0,42
218000559,0,27,-27
218000560,0,42,-42
218000561,17,0,17
218000562,22,152,-130
218000563,207,47,160
218000564,4,86,-82
218000565,79,75,4
218000566,125,35,90
218000567,1,73,-72
218000568,40,4,36
218000569,7,233,-226
218000570,75,15,60
218000571,0,109,-109
218000572,130,1,129
218000573,4,221,-217
218000574,30,27,3
218000575,91,0,91
218000576,2,103,-101
218000577,88,1,87
218000578,1,84,-83
218000579,36,19,17
218000581,1,41,-40
218000582,59,6,53
218000583,9,0,9
218000584,0,18,-18
218000585,38,4,34
218000586,12,58,-46
218000587,4,1,3
218000588,0,3,-3
218000589,2,4,-2
218000590,1,4,-3
218000591,3,3,0
218000592,5,1,4
218000593,0,1,-1
218000594,2,1,1
218000595,0,0,0
218000596,0,0,0
218000597,0,0,0
218000598,0,1,-1
218000599,0,0,0
218000600,0,0,0
218000601,0,2,-2
218000602,0,2,-2
218000603,0,4,-4
218000604,11,0,11
218000605,1,29,-28
218000606,57,1,56
218000607,8,34,-26
218000608,43,10,33
218000609,14,45,-31
218000610,93,4,89
218000611,24,1,23
218000612,0,16,-16
218000613,51,0,51
218000614,1,52,-51
218000615,145,1,144
218000616,7,103,-96
218000617,6,0,6
218000618,0,18,-18
218000619,129,14,115
218000620,50,44,6
218000621,0,3,-3
218000622,0,23,-23
218000623,15,0,15
218000624,0,12,-12
218000625,4,0,4
218000626,0,7,-7
218000628,184,50,134
218000631,38,18,20
218000632,1,122,-121
218000633,109,0,109
218000634,4,24,-20
218000635,6,11,-5
218000636,739,568,171
218000637,1216,322,894
218000638,343,19,324
218000639,28,69,-41
218000640,392,21,371
218000641,70,138,-68
218000652,58,36,22
218000653,189,50,139
218000663,9,98,-89
218000675,58,60,-2
218000676,3,16,-13
218000677,28,2,26
218000680,193,216,-23
218000681,430,108,322
218000691,209,123,86
218000693,340,75,265
218000703,2,17,-15
218000718,136,882,-746
218000719,296,523,-227
218000720,22,378,-356
218000721,87,19,68
218000725,6,4,2
218001147,1,23,-22
218001214,9,132,-123
218001258,150,3,147
218001329,99,84,15
218001330,60,44,16
218001351,29,11,18
218001352,21,22,-1
218001353,2,5,-3
218001354,3,24,-21
218001355,2,56,-54
218001356,552,19,533
218001357,4,26,-22
218001358,336,6,330
218001361,341,2,339
218001362,1,19,-18
219000001,38,30,8
219000002,19,36,-17
219000003,75,35,40
219000004,42,44,-2
219000017,48,41,7
219000020,213,42,171
219000022,147,5,142
219000023,170,0,170
219000029,0,48,-48
219000034,39,25,14
219000039,75,114,-39
219000040,55,68,-13
219000041,104,11,93
219000051,0,29,-29
219000052,3,24,-21
219000053,0,79,-79
219000054,19,64,-45
219000055,280,6,274
219000056,13,0,13
219000057,78,0,78
219000062,17,74,-57
219000063,152,6,146
219000064,2,42,-40
219000110,375,78,297
219000111,66,39,27
219000112,200,55,145
219000113,174,49,125
219000114,119,100,19
219000116,85,37,48
219000117,122,24,98
219000118,183,50,133
219000123,108,45,63
219000124,37,36,1
219000125,9,4,5
219000126,44,96,-52
219000127,0,4,-4
219000128,7,112,-105
219000129,21,94,-73
219000130,232,403,-171
219000131,584,880,-296
219000133,33,60,-27
219000134,9,21,-12
219000135,22,75,-53
219000136,92,190,-98
219000138,74,18,56
219000139,49,24,25
219000140,90,1,89
219000141,45,51,-6
219000142,16,41,-25
219000143,6,41,-35
219000145,19,26,-7
219000146,6,14,-8
219000147,3,22,-19
219000148,5,11,-6
219000149,9,39,-30
219000150,4,37,-33
219000151,3,22,-19
219000157,256,120,136
219000158,135,162,-27
219000161,142,9,133
219000163,1102,439,663
219000166,99,181,-82
219000167,118,104,14
219000168,279,72,207
219000174,517,127,390
219000175,156,8,148
219000176,133,11,122
219000177,132,4,128
219000178,111,1,110
219000179,30,8,22
219000180,24,38,-14
219000182,147,21,126
219000183,74,29,45
219000184,80,7,73
219000185,1,36,-35
219000186,71,18,53
219000187,19,57,-38
219000189,50,195,-145
219000190,71,224,-153
219000191,327,1301,-974
219000192,190,126,64
219000193,157,147,10
219000195,5,40,-35
219000196,6,69,-63
219000198,16,59,-43
219000199,30,133,-103
219000200,26,114,-88
219000201,52,136,-84
219000203,23,130,-107
219000204,83,250,-167
219000205,67,191,-124
219000207,103,150,-47
219000209,32,30,2
219000210,15,42,-27
219000213,6,126,-120
219000239,157,171,-14
219000240,214,316,-102
219000241,149,88,61
219000242,45,114,-69
219000243,74,171,-97
219000244,16,53,-37
219000245,20,32,-12
219000246,34,20,14
219000247,183,38,145
219000248,467,404,63
219000249,163,84,79
219000250,161,84,77
219000251,610,290,320
219000252,267,184,83
219000253,415,90,325
219000255,163,114,49
219000256,318,72,246
219000257,82,0,82
219000262,116,62,54
219000263,38,63,-25
219000267,3,52,-49
219000268,8,4,4
219000269,5,1,4
219000270,5,0,5
219000271,118,4,114
219000278,0,5,-5
219000279,0,3,-3
219000283,0,16,-16
219000295,18,66,-48
219000296,60,223,-163
219000297,25,35,-10
219000298,18,53,-35
219000299,441,46,395
219000300,21,70,-49
219000301,145,280,-135
219000302,19,232,-213
219000307,38,23,15
219000308,43,57,-14
219000311,230,46,184
219000312,598,135,463
219000313,327,47,280
219000314,50,182,-132
219000315,311,43,268
219000316,549,37,512
219000317,126,15,111
219000320,0,53,-53
219000321,0,29,-29
219000323,8,47,-39
219000325,3,10,-7
219000326,77,27,50
219000327,45,19,26
219000328,28,65,-37
219000329,302,110,192
219000330,44,22,22
219000331,44,28,16
219000332,195,98,97
219000333,35,3,32
219000335,92,1,91
219000337,20,1,19
219000338,44,0,44
219000344,21,48,-27
219000345,50,57,-7
219000346,24,50,-26
219000348,174,54,120
219000349,48,125,-77
219000350,140,289,-149
219000351,2,9,-7
219000352,420,96,324
219000353,110,48,62
219000354,207,50,157
219000355,204,52,152
219000356,719,1411,-692
219000363,255,71,184
219000364,132,57,75
219000365,120,12,108
219000366,293,424,-131
219000368,338,572,-234
219000370,893,662,231
219000371,7,34,-27
219000382,6,23,-17
219000383,300,1378,-1078
219000385,332,501,-169
219000386,429,1413,-984
219000387,2,10,-8
219000390,4,5,-1
219000391,3,0,3
219000397,32,40,-8
219000398,79,30,49
219000401,4,73,-69
219000402,35,67,-32
219000403,120,317,-197
219000404,14,103,-89
219000407,7,42,-35
219000409,57,47,10
219000410,91,36,55
219000411,63,14,49
219000446,86,359,-273
219000447,0,14,-14
219000448,16,0,16
219000452,94,90,4
219000453,35,161,-126
219000454,184,353,-169
219000556,313,83,230
219000558,103,93,10
219000590,30,180,-150
219000591,148,70,78
219000592,89,242,-153
219000595,7,11,-4
219000635,192,37,155
219000636,25,44,-19
219000657,21,38,-17
219000658,41,112,-71
219000673,0,48,-48
219000676,30,14,16
219000679,36,14,22
219000684,77,5,72
219000685,0,39,-39
219000686,0,3,-3
219000688,0,44,-44
219000689,16,162,-146
219000690,179,17,162
219000691,39,142,-103
219000692,147,39,108
219000693,2,10,-8
219000694,21,1,20
219000695,45,5,40
219000698,13,1,12
219000699,0,26,-26
219000727,3,48,-45
219000728,142,7,135
219000770,27,1,26
219000771,0,44,-44
219000788,305,269,36
219001150,0,49,-49
219001151,0,8,-8
219001166,33,56,-23
219001167,1,40,-39
219001178,52,0,52
220000001,33,93,-60
220000002,3,75,-72
220000003,293,126,167
220000004,408,239,169
220000005,800,1810,-1010
220000006,216,728,-512
220000007,394,240,154
220000008,321,417,-96
220000009,244,299,-55
220000010,121,106,15
220000011,468,3006,-2538
220000012,51,270,-219
220000014,125,61,64
220000015,57,270,-213
220000017,39,139,-100
220000018,3360,2135,1225
220000019,67,336,-269
220000020,402,186,216
220000021,721,155,566
220000022,955,291,664
220000023,374,146,228
220000024,1371,390,981
220000025,1024,1778,-754
220000026,350,581,-231
220000027,24,92,-68
220000028,49,57,-8
220000029,68,95,-27
220000030,41,74,-33
220000031,553,281,272
220000064,13,721,-708
221000046,5,0,5
221000047,0,1,-1
221000048,0,1,-1
221000049,0,7,-7
221000050,14,0,14
221000055,33,55,-22
221000057,67,13,54
221000068,293,100,193
221000069,339,42,297
221000070,234,21,213
221000071,107,2,105
221000072,201,5,196
221000073,156,33,123
221000074,1,4,-3
221000075,13,19,-6
221000076,9,12,-3
221000077,12,56,-44
221000081,27,9,18
221000082,84,4,80
221000083,13,4,9
221000084,6,4,2
221000085,8,34,-26
221000086,19,70,-51
221000087,3,92,-89
221000088,10,121,-111
221000089,23,174,-151
221000090,66,432,-366
221000098,124,20,104
221000099,184,11,173
221000100,88,5,83
221000101,185,7,178
221000102,153,20,133
221000109,3,75,-72
221000110,7,43,-36
221000111,14,88,-74
221000112,7,73,-66
221000113,9,87,-78
221000114,11,96,-85
221000120,25,29,-4
221000121,2,47,-45
221000122,35,40,-5
221000123,4,10,-6
221000124,14,86,-72
221000155,160,17,143
221000156,77,31,46
221000175,1,6,-5
221000176,1,5,-4
221000182,44,4,40
221000241,569,226,343
221000242,112,331,-219
221000243,518,158,360
221000244,257,342,-85
221000245,125,75,50
221000246,30,161,-131
221000247,128,86,42
221000248,106,87,19
221000267,47,454,-407
221000325,36,77,-41
221000331,6,32,-26
221000338,8,38,-30
221000378,264,26,238
221000381,31,36,-5
222000282,7,3,4
222000296,0,12,-12
222000568,348,18,330
222000569,251,56,195
222000570,157,24,133
222000571,603,20,583
222000577,16,92,-76
222000578,19,111,-92
222000579,32,110,-78
222000580,60,512,-452
222000599,1,122,-121
222000600,0,181,-181
222000601,5,628,-623
222000603,12,70,-58
222000604,2,61,-59
222000605,13,24,-11
222000606,2,15,-13
222000607,4,10,-6
222000608,21,22,-1
222000609,51,77,-26
222000616,536,30,506
222000617,3,18,-15
222000618,2,6,-4
222000620,15,10,5
222000621,44,9,35
222000623,746,7,739
222000624,364,8,356
222000625,773,4,769
222000636,67,4,63
222000686,17,17,0
222000687,56,16,40
222001066,378,2,376
222001067,21,1,20
222001068,82,20,62
222001069,83,22,61
222001082,34,18,16
222001083,34,24,10
222001084,0,49,-49
222001085,4,167,-163
222001111,94,60,34
222001112,236,31,205
222001313,27,6,21
222001314,8,106,-98
222001464,61,32,29
222001465,7,47,-40
222001484,167,36,131
222001485,18,46,-28
222001494,716,127,589
222001495,107,104,3
222001496,435,88,347
222001497,114,196,-82
222001502,23,58,-35
222001503,143,23,120
222001504,31,213,-182
222001505,384,15,369
222001506,44,273,-229
222001507,327,32,295
222001510,819,17,802
222001511,45,164,-119
222001514,921,177,744
222001515,152,321,-169
222001518,477,65,412
222001519,55,118,-63
222001527,225,54,171
222001528,39,78,-39
222001529,417,45,372
222001530,50,112,-62
222001533,91,134,-43
222001534,489,56,433
222001535,326,262,64
222001536,84,108,-24
222001537,460,52,408
222001538,50,267,-217
222001563,1022,127,895
222001564,52,229,-177
222001568,177,192,-15
222001576,1,3,-2
222001579,0,11,-11
222001583,15,68,-53
222001584,117,11,106
222001596,654,1121,-467
222001597,2094,517,1577
222001626,0,82,-82
222001650,41,183,-142
222001651,34,650,-616
222001914,243,63,180
222001915,59,128,-69
222001968,488,219,269
222001969,315,306,9
222001970,141,188,-47
222001971,56,18,38
222001972,4,11,-7
225000001,407,167,240
225000002,671,138,533
225000003,719,71,648
225000004,405,185,220
225000005,60,40,20
225000006,0,118,-118
225000007,836,969,-133
225000010,331,19,312
225000011,338,912,-574
225000012,230,478,-248
225000013,93,59,34
225000014,653,104,549
225000015,93,115,-22
225000021,675,143,532
225000027,165,300,-135
225000032,555,78,477
225000042,65,351,-286
225000049,61,49,12
225000050,62,18,44
225000053,5,226,-221
225000058,498,198,300
225000067,204,132,72
225000068,74,209,-135
225000069,94,300,-206
225000070,82,168,-86
225000071,33,64,-31
225000075,14,385,-371
225000076,34,93,-59
225000078,66,37,29
225000085,148,113,35
225000086,283,75,208
225000087,124,24,100
225000088,3,144,-141
225000089,124,774,-650
225000090,59,393,-334
225000091,167,110,57
225000092,13,45,-32
225000093,195,185,10
225000094,20,122,-102
225000095,263,244,19
225000096,231,319,-88
225000098,851,293,558
225000099,421,147,274
225000100,466,122,344
225000104,87,240,-153
225000110,6,235,-229
225000111,156,598,-442
225000112,214,756,-542
225000113,171,429,-258
225000114,75,189,-114
225000115,630,468,162
225000116,782,175,607
225000117,631,225,406
225000118,980,185,795
225000119,263,80,183
225000120,640,36,604
225000121,182,20,162
225000123,440,22,418
225000125,457,89,368
225000126,656,135,521
225000127,516,1471,-955
225000128,464,880,-416
225000132,300,37,263
225000133,205,34,171
225000134,544,133,411
225000135,54,17,37
225000136,343,12,331
225000137,279,40,239
225000138,422,98,324
225000143,42,152,-110
225000144,1,197,-196
225000145,53,16,37
225000146,38,36,2
225000147,29,104,-75
225000148,9,104,-95
225000149,50,244,-194
225000151,26,106,-80
225000155,301,241,60
225000156,107,673,-566
225000157,243,248,-5
225000158,49,162,-113
225000171,3,103,-100
225000180,58,26,32
225000181,0,70,-70
225000182,92,5,87
225000185,16,322,-306
225000187,34,285,-251
225000191,64,3,61
225000194,0,2,-2
225000208,0,39,-39
225000209,80,6,74
225000210,3,146,-143
225000217,0,10,-10
225000218,6,2,4
225000223,0,30,-30
225000224,27,0,27
225000225,0,16,-16
225000226,17,2,15
225000227,17,55,-38
225000228,5,21,-16
225000229,0,33,-33
225000230,119,0,119
225000231,0,37,-37
225000232,121,0,121
225000241,69,0,69
225000242,0,15,-15
225000249,4,0,4
225000250,38,328,-290
225000251,342,24,318
225000254,6,0,6
225000256,4,19,-15
225000257,1,16,-15
226000042,187,310,-123
226000043,41,183,-142
226000044,93,217,-124
226000045,67,164,-97
226000046,451,75,376
226000047,397,91,306
226000048,382,87,295
226000049,309,172,137
226000070,0,25,-25
226000071,0,51,-51
226000072,0,9,-9
226000073,0,11,-11
226000074,0,17,-17
226000084,1,26,-25
226000085,1,4,-3
226000086,1,20,-19
226000087,5,13,-8
226000088,18,40,-22
226000090,208,115,93
226000091,16,74,-58
226000092,2,19,-17
226000093,13,2,11
226000094,3,7,-4
226000095,11,5,6
226000105,8,1,7
226000106,7,1,6
226000107,8,0,8
226000108,23,2,21
226000109,92,1,91
226000124,107,61,46
226000134,878,458,420
226000135,1762,501,1261
226000136,698,366,332
226000137,7,174,-167
226000138,15,90,-75
226000139,0,24,-24
226000156,206,4,202
226000157,227,5,222
226000163,122,197,-75
226000202,22,173,-151
226000231,454,9,445
226000232,29,10,19
227000033,384,61,323
227000036,439,26,413
227000037,450,28,422
227000038,121,16,105
227000084,6,44,-38
227000085,0,26,-26
227000088,34,4,30
227000089,84,0,84
227000090,30,1,29
227000091,13,1,12
227000092,28,0,28
227000093,114,1,113
227000094,13,0,13
227000130,18,106,-88
227000131,24,97,-73
227000132,8,96,-88
227000133,5,103,-98
227000134,13,199,-186
227000152,0,8,-8
227000153,0,52,-52
227000154,0,30,-30
227000155,0,11,-11
227000156,0,14,-14
227000165,0,65,-65
227000196,457,126,331
227000199,463,255,208
227000230,7,159,-152
227000232,574,16,558
227000242,50,329,-279
227000243,448,55,393
227000245,6,226,-220
227000246,112,202,-90
227000247,458,56,402
227000248,177,46,131
227000249,20,80,-60
227000250,336,172,164
227000251,56,138,-82
227000252,24,115,-91
227000253,183,13,170
227000262,516,33,483
227000266,1483,10,1473
227000267,16,713,-697
227000282,4,90,-86
227000284,758,17,741
227000286,0,34,-34
227000287,14,48,-34
227000291,6,236,-230
227000296,137,208,-71
227000484,210,14,196
227000485,15,456,-441
227000655,248,7,241
227000656,668,27,641
227000657,128,12,116
227000661,304,17,287
227000680,122,59,63
229000265,10,38,-28
229000296,3,22,-19
229000297,3,33,-30
229000298,7,107,-100
229000320,14,3,11
229000321,15,2,13
229000412,17,57,-40
229000414,11,40,-29
229000415,14,3,11
229000416,2,4,-2
229000417,1,7,-6
229000419,93,280,-187
229000440,338,73,265
229000442,21,7,14
229000443,11,4,7
229000444,0,23,-23
229000445,63,2,61
229000446,75,11,64
229000491,3,13,-10
229000492,12,27,-15
229000493,7,47,-40
229000494,63,3,60
229000495,174,6,168
229000496,97,5,92
229000507,0,53,-53
229000508,1,34,-33
229000509,1,62,-61
229000510,6,29,-23
229000511,4,35,-31
229000512,0,23,-23
229000513,0,4,-4
229000514,1,5,-4
229000517,2,8,-6
229000518,40,9,31
229000519,0,7,-7
229000520,10,17,-7
229000521,69,18,51
229000522,12,5,7
229000523,18,3,15
229000524,7,4,3
229000527,3,0,3
229000528,0,0,0
229000529,7,0,7
229000530,76,4,72
229000531,30,2,28
229000532,16,0,16
229000533,71,0,71
229000534,43,1,42
229000564,75,0,75
229000565,24,0,24
229000566,0,5,-5
229000567,0,26,-26
229000582,83,2,81
229000583,2,3,-1
229000584,0,33,-33
229000585,0,61,-61
229000718,0,5,-5
229000719,0,4,-4
229000720,0,7,-7
229000721,0,3,-3
229000722,0,5,-5
229000723,0,2,-2
229000724,0,1,-1
229000725,0,2,-2
229000738,1,0,1
229000739,2,0,2
229000740,2,0,2
229000741,28,0,28
229000742,8,0,8
229000743,21,0,21
229000744,3,0,3
229000745,4,0,4
229000746,12,0,12
229000847,50,1,49
229000848,20,0,20
229000849,96,0,96
229000851,33,0,33
229000854,0,5,-5
229000856,1,26,-25
229000857,0,14,-14
229000858,0,11,-11
229000919,10,46,-36
229000930,0,154,-154
229000937,81,14,67
229000966,48,47,1
229000981,23,18,5
229000985,12,25,-13
229000986,4,7,-3
229000987,0,0,0
229000988,1,2,-1
229000989,6,10,-4
229000990,0,3,-3
229000991,0,4,-4
229000992,29,1,28
229000993,109,9,100
229000998,8,47,-39
229000999,79,5,74
229001034,2,12,-10
229001035,7,1,6
229001037,39,2,37
229001042,20,14,6
229001047,7,29,-22
229001050,41,33,8
229001168,0,17,-17
229001200,33,2,31
229001338,2,37,-35
229001394,153,1,152
229001422,159,24,135
229001423,21,61,-40
229001431,29,25,4
229001432,43,37,6
229001444,232,53,179
229001445,18,85,-67
229001479,34,1,33
229001503,172,59,113
229001504,81,53,28
229001505,76,19,57
229001506,50,57,-7
229001509,35,17,18
229001545,74,6,68
229001546,14,36,-22
229001553,75,8,67
229001554,29,42,-13
229001559,0,9,-9
229001560,3,15,-12
229001630,68,6,62
229001631,4,19,-15
229001635,1,14,-13
229001636,5,0,5
229001658,0,76,-76
229001659,53,1,52
229001660,10,4,6
229001661,8,17,-9
229001662,12,0,12
229001663,0,9,-9
229002584,165,131,34
229002831,84,101,-17
229002841,6,8,-2
229002842,20,16,4
229002843,85,17,68
229002844,32,44,-12
229002845,12,80,-68
229002846,23,7,16
229002847,0,13,-13
229002848,3,4,-1
229002849,3,89,-86
229002850,6,1,5
229002851,26,110,-84
229002852,131,14,117
229002853,102,20,82
229002854,52,61,-9
229002855,5,24,-19
229002856,32,31,1
229002857,11,132,-121
229002858,15,3,12
229002859,19,88,-69
229002860,89,20,69
229002861,67,24,43
229002862,12,25,-13
229002863,38,36,2
229002864,31,15,16
229002865,9,25,-16
229002866,12,26,-14
229002867,3,27,-24
229002868,5,17,-12
229002869,32,107,-75
229002870,73,11,62
235000066,273,48,225
235000067,80,64,16
235000072,21,76,-55
235000073,84,286,-202
235000074,36,22,14
235000080,15,43,-28
235000081,151,72,79
235000082,125,35,90
235000083,299,43,256
235000084,29,30,-1
235000085,180,46,134
235000089,38,21,17
235000092,29,144,-115
235000093,19,12,7
235000097,0,6,-6
235000098,71,6,65
235000099,34,18,16
235000116,52,11,41
235000117,433,8,425
235000133,12,545,-533
235000134,12,184,-172
235000206,9,10,-1
235000207,2,8,-6
235000208,1,8,-7
235000209,6,0,6
235000210,10,2,8
235000212,4,7,-3
235000213,3,7,-4
235000220,1,3,-2
235000221,45,18,27
235000238,14,149,-135
235000239,4,28,-24
235000242,347,834,-487
235000245,324,148,176
235000246,6,93,-87
235000284,10,150,-140
235000295,62,17,45
235000305,257,23,234
235000306,293,8,285
235000307,26,1,25
235000308,27,0,27
235000309,46,2,44
235000310,45,0,45
235000311,114,28,86
235000322,0,35,-35
235000323,2,28,-26
235000324,1,18,-17
235000325,0,10,-10
235000326,6,83,-77
235000351,4,72,-68
235000352,13,46,-33
235000353,5,25,-20
235000354,13,86,-73
235000355,25,66,-41
235000356,62,5,57
235000357,39,3,36
235000358,33,9,24
235000359,15,2,13
235000360,35,10,25
235000361,56,6,50
235000381,96,48,48
235000382,159,18,141
235000390,18,9,9
235000391,195,17,178
235000392,271,223,48
235000393,187,148,39
235000395,153,40,113
235000396,571,50,521
235000400,71,52,19
235000401,6,108,-102
235000405,66,116,-50
235000406,32,111,-79
235000407,31,42,-11
235000409,129,66,63
235000410,25,134,-109
235000411,2,42,-40
235000485,0,8,-8
235000486,3,0,3
235000549,143,80,63
235000550,102,91,11
235000599,266,30,236
235000600,7,8,-1
235000601,11,25,-14
235000602,97,40,57
235000614,2,6,-4
235000648,1,14,-13
235000649,30,3,27
235000685,0,9,-9
235000815,17,304,-287
235000834,0,4,-4
235000855,51,30,21
235000862,26,73,-47
235000891,0,15,-15
235000892,16,6,10
235000901,134,57,77
235000907,5,12,-7
235001010,113,42,71
235001029,243,240,3
235001030,399,217,182
235001078,120,84,36
235001079,44,47,-3
235001147,10,42,-32
235001166,8,33,-25
235001167,53,30,23
235001169,23,327,-304
235001188,1,3,-2
235001189,3,2,1
235001197,7,12,-5
235001200,66,60,6
235001207,162,36,126
235001210,4,56,-52
235001215,18,67,-49
235001239,0,28,-28
235001244,1,8,-7
235016267,0,58,-58
277101746,0,0,0
277102712,12,10,2
277103813,0,0,0
277103898,0,2,-2
277104249,0,0,0
277104250,0,3,-3
277104251,0,3,-3
277104252,0,2,-2
990011530,0,131,-131
990014944,3,248,-245
990015176,68,51,17
990015618,0,104,-104
990016032,2,205,-203
990032570,3,200,-197
990070001,84,2,82
990070103,0,1,-1
990070601,0,66,-66
990070751,1230,8,1222
990070766,0,219,-219
990071180,431,125,306
990071343,39,1,38
990071387,0,12,-12
990071823,477,3,474
990072600,4,1161,-1157
990072964,0,316,-316
990073285,0,1,-1
990074393,1,481,-480
990074870,1540,14,1526
990075106,856,6,850
990075746,596,13,583
990076437,1736,2,1734
990076458,2,322,-320
997000007,400,3,397
997000041,1,205,-204
997000058,56,0,56
997000062,22,1,21
997000069,0,4,-4
997000070,0,24,-24
997000100,41,0,41
997000141,8,2436,-2428
997000198,1,1184,-1183
998000475,0,8,-8
998000736,1,95,-94
998000965,0,6,-6
998001031,0,67,-67
998001700,0,1,-1
998001899,0,1,-1
998001900,9,1,8
998003073,1179,18,1161
998101900,0,0,0
998102850,4,344,-340
998501927,582,993,-411
998501929,133,3,130
998501930,52,1,51
998501931,131,34,97
998501932,14,1,13
998501933,79,2,77
998501937,23,1,22
998501944,8,1,7
998501950,0,0,0
998501970,109,44,65
998501971,1,66,-65
998501973,0,37,-37
998501974,0,151,-151
998501975,124,5,119
998501976,63,0,63
998501977,0,17,-17
998501978,20,25,-5
998501979,0,11,-11
998501980,71,0,71
998501981,35,0,35
998501982,2,93,-91
998502006,0,0,0
998502024,0,7,-7
998502032,0,2,-2
998502062,24,13,11
998502063,0,0,0
998502173,7,0,7
998502269,0,1,-1
998601159,1,52,-51
998601292,0,7,-7
999033574,1,180,-179
999800001,57,1,56
999800002,0,5,-5
999800003,0,1,-1
999800004,0,6,-6
999800005,0,3,-3
