ID,insum,outsum,diff
100000001,181,166,15
100000002,36,65,-29
100000003,482,240,242
100000004,69,27,42
100000005,108,283,-175
100000006,5,0,5
100000007,8,5,3
100000008,6,60,-54
100000009,0,0,0
100000010,0,0,0
100000011,0,0,0
100000012,1,89,-88
100000013,0,22,-22
100000014,15,28,-13
100000015,0,5,-5
100000016,49,177,-128
100000017,32,150,-118
100000018,95,91,4
100000019,583,282,301
100000020,24,9,15
100000021,721,160,561
100000022,60,55,5
100000023,461,55,406
100000025,608,243,365
100000028,365,308,57
100000029,50,70,-20
100000030,1,0,1
100000031,310,173,137
100000032,524,329,195
100000033,101,397,-296
100000034,402,272,130
100000035,42,57,-15
100000036,148,189,-41
100000037,0,3,-3
100000038,3,5,-2
100000039,4,2,2
100000040,1,0,1
100000041,0,1,-1
100000042,1,0,1
100000043,0,2,-2
100000044,19,82,-63
100000045,80,214,-134
100000046,25,216,-191
100000047,27,229,-202
100000048,56,235,-179
100000049,302,565,-263
100000051,53,235,-182
100000053,0,1,-1
100000054,4,1,3
100000055,56,72,-16
100000056,0,1,-1
100000057,4,1,3
100000058,97,391,-294
100000059,0,9,-9
100000060,21,50,-29
100000061,72,72,0
100000062,73,57,16
100000063,73,39,34
100000064,57,63,-6
100000065,42,209,-167
100000066,35,181,-146
100000067,35,174,-139
100000068,79,246,-167
100000069,38,274,-236
100000072,35,89,-54
100000073,254,538,-284
100000075,43,123,-80
100000076,54,144,-90
100000077,0,0,0
100000078,0,0,0
100000079,0,2,-2
100000080,0,0,0
100000081,0,0,0
100000102,64,103,-39
100000103,391,95,296
100000104,485,159,326
100000105,607,85,522
100000106,83,74,9
100000107,32,27,5
100000108,189,374,-185
100000109,1281,430,851
100000116,177,95,82
100000117,0,0,0
100000118,609,826,-217
100000119,46,292,-246
100000121,0,0,0
100000122,34,176,-142
100000123,491,579,-88
100000124,2330,1047,1283
100000125,270,19,251
100000126,38,30,8
100000127,73,38,35
100000128,127,141,-14
100000129,19,105,-86
100000130,0,0,0
100000131,1440,522,918
100000132,270,106,164
100000133,4161,1204,2957
100000135,3,5,-2
100000139,0,3,-3
100000140,116,141,-25
100000142,1,2,-1
100000143,125,254,-129
100000144,524,170,354
100000147,56,99,-43
100000150,0,64,-64
100000151,0,13,-13
100000153,0,0,0
100000154,7,84,-77
100000155,0,0,0
100000156,0,0,0
100000157,0,1,-1
100000158,0,0,0
100000159,19,39,-20
100000165,266,135,131
100000169,1,1,0
100000174,6,7,-1
100000179,0,0,0
100000180,2,24,-22
100000181,1,36,-35
100000188,0,10,-10
100000189,0,0,0
100000190,162,62,100
100000191,32,27,5
100000192,0,0,0
100000193,1,0,1
100000330,241,84,157
100000355,19,93,-74
100000362,1014,825,189
100000363,117,189,-72
100000364,28,38,-10
100000365,1109,915,194
100000366,2382,1062,1320
100000367,658,750,-92
100000368,562,693,-131
100000369,2,10,-8
100000370,1,26,-25
100000376,1,9,-8
100000379,172,170,2
100000380,377,447,-70
100000384,1536,784,752
100000385,1056,764,292
100000386,1465,685,780
100000387,1514,611,903
100000388,5583,1169,4414
100000389,3970,802,3168
100000390,4614,1087,3527
100000391,2585,605,1980
100000392,1083,345,738
100000393,207,206,1
100000394,1611,1098,513
100000395,750,205,545
100000396,955,568,387
100000397,624,225,399
100000398,4243,2838,1405
100900002,0,0,0
100900003,0,0,0
100900004,1,81,-80
100900005,0,0,0
100900006,0,0,0
100900007,0,0,0
100900008,0,61,-61
100900009,0,0,0
100900010,0,0,0
100900011,0,0,0
100900012,0,31,-31
100900013,0,0,0
100900014,0,0,0
100900015,0,0,0
100900016,0,0,0
100900017,0,0,0
100900018,0,0,0
100900019,0,0,0
100900020,0,0,0
100900021,0,0,0
100900022,0,0,0
100900023,0,0,0
100900024,0,0,0
100900025,0,0,0
100900026,0,0,0
100900027,0,0,0
100900028,0,0,0
100900029,0,0,0
100900030,0,0,0
100900031,0,0,0
100900032,0,0,0
100900033,1,1,0
100900034,0,0,0
100900035,0,0,0
100900036,0,0,0
100900037,0,0,0
100900038,0,0,0
100900039,7,28,-21
100900040,2,121,-119
100900041,0,42,-42
100900042,0,0,0
100900043,0,0,0
100900044,0,0,0
100900045,0,0,0
100900046,0,0,0
100900047,0,0,0
100900048,0,0,0
100900049,0,0,0
100900050,0,0,0
100900051,0,0,0
100900052,0,0,0
100900053,0,0,0
100900054,0,0,0
100900055,0,0,0
100900056,0,0,0
100900057,0,0,0
100900058,0,0,0
100900059,0,0,0
100900060,0,0,0
100900061,0,0,0
100900062,0,0,0
100900063,0,0,0
100900064,0,0,0
100900065,0,0,0
100900066,0,0,0
100900067,0,0,0
100900068,0,0,0
100900069,0,0,0
100900070,0,0,0
100900071,0,0,0
100900072,0,0,0
100900073,0,0,0
100900074,0,0,0
100900075,197,9,188
100900076,0,0,0
100900077,0,0,0
100900078,0,0,0
100900079,0,0,0
100900080,0,0,0
100900081,0,0,0
100900082,0,0,0
100900083,0,0,0
100900085,0,0,0
100900086,0,0,0
100900088,0,0,0
100900089,0,0,0
100900090,0,0,0
100900091,0,0,0
100900092,0,0,0
100900093,0,0,0
100900094,0,0,0
100900095,0,0,0
100900096,0,0,0
100900097,0,0,0
100900098,0,0,0
100900099,0,4,-4
100900100,0,0,0
100900101,0,0,0
100900102,0,0,0
100900103,0,0,0
100900104,0,2,-2
100900105,0,0,0
100900106,0,0,0
100900107,0,0,0
100900108,0,0,0
100900109,0,0,0
100900110,0,0,0
100900111,0,0,0
100900112,0,0,0
100900113,0,0,0
100900114,0,0,0
100900115,0,0,0
100900116,0,0,0
100900117,0,0,0
100900118,0,0,0
100900119,0,0,0
100900120,0,0,0
100900121,0,0,0
100900122,11,9,2
100900123,0,0,0
100900124,0,0,0
100900125,0,0,0
100900126,0,0,0
100900127,0,0,0
100900128,2,2,0
100900129,0,0,0
100900131,0,0,0
100900133,0,0,0
100900134,0,0,0
100900135,0,0,0
100900137,0,0,0
100900138,0,0,0
100900139,0,0,0
100900140,0,13,-13
100900141,0,0,0
100900142,0,0,0
100900143,0,0,0
100900144,0,0,0
100900145,0,0,0
100900146,0,0,0
100900147,0,0,0
100900148,2,62,-60
100900149,0,0,0
100900150,0,0,0
100900151,3,42,-39
100900152,0,0,0
100900153,0,0,0
100900154,0,0,0
100900155,0,0,0
100900156,0,0,0
100900157,0,0,0
100900158,71,18,53
100900159,0,0,0
100900160,0,0,0
100900161,0,0,0
100900162,0,0,0
100900163,6,10,-4
100900164,0,0,0
100900165,0,0,0
100900166,0,0,0
100900167,0,0,0
100900168,0,0,0
100900169,20,138,-118
100900170,0,0,0
100900171,1,79,-78
100900172,0,0,0
100900173,0,37,-37
100900174,0,0,0
100900176,0,0,0
100900177,0,0,0
100900178,0,0,0
100900179,0,0,0
100900180,0,0,0
100900181,0,0,0
100900182,0,0,0
100900184,0,0,0
100900186,0,0,0
100900187,0,0,0
100900188,0,0,0
100900189,0,0,0
100900191,0,0,0
100900192,0,0,0
100900195,0,0,0
100900197,0,0,0
100900198,0,0,0
100900199,0,0,0
100900200,27,20,7
100900201,4,127,-123
100900202,0,0,0
100900203,0,0,0
100900204,0,0,0
100900205,0,0,0
100900206,0,0,0
100900207,0,0,0
100900210,4,44,-40
100900211,0,0,0
100900213,0,0,0
100900214,75,2,73
100900215,0,0,0
101000001,531,147,384
101000002,636,250,386
101000003,89,36,53
101000004,2708,262,2446
101000005,1049,288,761
101000006,1425,785,640
101000007,1461,717,744
101000008,635,269,366
101000009,112,269,-157
101000010,87,112,-25
101000011,367,16,351
101000012,0,0,0
101000013,113,55,58
101000014,45,18,27
101000015,133,91,42
101000016,14,15,-1
101000017,78,84,-6
101000018,408,387,21
101000020,685,120,565
101000021,45,5,40
101000022,490,84,406
101000023,352,322,30
101000025,0,0,0
101000026,17,1,16
101000027,363,108,255
101000028,10,18,-8
101000029,5,52,-47
101000030,160,23,137
101000031,15,0,15
101000032,317,256,61
101000033,600,240,360
101000034,386,211,175
101000035,196,25,171
101000036,252,60,192
101000037,347,83,264
101000039,319,180,139
101000040,962,224,738
101000041,537,138,399
101000042,13,62,-49
101000043,1470,287,1183
101000045,115,31,84
101000046,355,123,232
101000047,72,84,-12
101000048,76,75,1
101000049,50,54,-4
101000050,201,46,155
101000051,737,100,637
101000052,244,36,208
101000053,75,34,41
101000054,245,66,179
101000055,247,50,197
101000056,9,6,3
101000057,813,88,725
101000058,124,12,112
101000059,93,43,50
101000060,330,48,282
101000061,19,7,12
101000062,507,77,430
101000063,5,21,-16
101000064,377,76,301
101000065,4,9,-5
101000066,3,5,-2
101000067,169,97,72
101000068,46,19,27
101000069,77,34,43
101000070,725,343,382
101000071,529,113,416
101000072,338,252,86
101000073,50,17,33
101000074,1371,344,1027
101000075,3574,706,2868
101000077,171,127,44
101000078,118,98,20
101000079,107,185,-78
101000080,415,274,141
101000081,100,82,18
101000082,473,223,250
101000083,107,69,38
101000084,208,179,29
101000085,54,16,38
101000086,452,242,210
101000087,212,192,20
101000088,19,18,1
101000089,32,41,-9
101000090,546,153,393
101000091,27,95,-68
101000092,141,94,47
101000093,143,34,109
101000094,146,277,-131
101000095,34,202,-168
101000096,11,22,-11
101000097,28,63,-35
101000098,6,25,-19
101000099,177,94,83
101000100,136,144,-8
101000101,1,17,-16
101000102,125,53,72
101000103,50,43,7
101000104,25,32,-7
101000105,1,0,1
101000106,16,40,-24
101000107,1,24,-23
101000108,4,0,4
101000109,3,2,1
101000110,0,1,-1
101000111,6,29,-23
101000113,0,0,0
101000114,510,201,309
101000115,0,0,0
101000116,0,0,0
101000117,0,7,-7
101000119,47,4,43
101000120,35,3,32
101000121,27,4,23
101000122,14,12,2
101000123,16,12,4
101000124,218,149,69
101000125,27,98,-71
101000128,173,118,55
101000130,107,34,73
101000131,20,39,-19
101000132,108,337,-229
101000135,35,2,33
101000136,100,48,52
101000137,7,12,-5
101000141,129,95,34
101000147,106,159,-53
101000148,217,2,215
101000149,2,1,1
101000150,0,3,-3
101000151,2,5,-3
101000152,29,44,-15
101000153,48,40,8
101000154,4,175,-171
101000155,24,35,-11
101000156,4,68,-64
101000157,1,0,1
101000160,0,0,0
101000163,0,0,0
101000164,25,59,-34
101000165,61,36,25
101000166,15,8,7
101000168,38,45,-7
101000252,60,95,-35
101000254,225,36,189
101000258,0,0,0
101000261,0,0,0
101000262,23,73,-50
101000263,5,18,-13
101000265,3,68,-65
101000266,97,42,55
101000269,162,31,131
101000290,106,16,90
101000293,0,2,-2
101000294,110,85,25
101000295,7,40,-33
101000301,107,44,63
101000304,499,624,-125
101000305,323,381,-58
101900001,0,1,-1
101900002,0,0,0
101900003,1,0,1
101900004,0,0,0
101900005,422,29,393
101900006,0,0,0
101900007,0,0,0
101900008,0,0,0
101900009,0,0,0
101900010,0,0,0
101900011,0,0,0
101900012,0,0,0
101900013,46,0,46
101900017,0,0,0
101900018,0,0,0
101900019,0,0,0
101900020,0,0,0
101900021,0,0,0
101900022,0,0,0
101900023,0,0,0
102000001,218,436,-218
102000002,141,158,-17
102000003,1070,523,547
102000004,1051,225,826
102000005,354,419,-65
102000006,203,156,47
102000007,408,675,-267
102000008,683,258,425
102000009,1154,1098,56
102000010,1342,599,743
102000011,543,510,33
102000012,319,356,-37
102000018,291,40,251
102000019,45,41,4
102000026,1,1,0
102000029,2,0,2
102000030,10,11,-1
102000031,0,1,-1
102000032,14,23,-9
102000033,1,7,-6
102000034,39,38,1
102000035,2,6,-4
102000036,0,0,0
102000037,6,5,1
102000038,1,3,-2
102000039,0,0,0
102000040,14,7,7
102000041,0,1,-1
102000042,0,0,0
102000043,7,11,-4
102000044,0,1,-1
102000045,58,66,-8
102000046,49,14,35
102000047,41,94,-53
102000048,8,26,-18
102000049,34,9,25
102000050,50,123,-73
102000051,40,25,15
102000052,73,117,-44
102000053,51,40,11
102000054,32,152,-120
102000055,90,154,-64
102000056,40,119,-79
102000057,75,17,58
102000058,157,168,-11
102000059,159,302,-143
102000060,47,52,-5
102000061,105,488,-383
102000062,70,76,-6
102000063,212,236,-24
102000064,59,85,-26
102000065,12,25,-13
102000066,283,216,67
102000067,335,379,-44
102000068,686,365,321
102000069,0,7,-7
102000070,208,10,198
102000071,1297,1354,-57
102000072,818,1372,-554
102000073,7,127,-120
102000074,28,244,-216
102000075,1,64,-63
102000076,6,187,-181
102000077,16,301,-285
102000078,58,476,-418
102000079,8,59,-51
102000080,36,65,-29
102000081,53,224,-171
102000082,109,88,21
102000083,36,84,-48
102000084,0,0,0
102000085,86,112,-26
102000086,47,19,28
102000087,76,184,-108
102000088,9,19,-10
102000089,0,0,0
102000090,69,88,-19
102000091,267,85,182
102000092,120,122,-2
102000093,44,80,-36
102000094,0,0,0
102000095,106,297,-191
102000096,2,2,0
102000097,495,401,94
102000098,15,34,-19
102000099,183,55,128
102000100,17,13,4
102000101,67,29,38
102000102,46,9,37
102000103,113,40,73
102000104,125,45,80
102000105,2,111,-109
102000106,13,126,-113
102000107,0,1,-1
102000108,40,53,-13
102000109,0,2,-2
102000110,0,11,-11
102000111,0,0,0
102000112,17,6,11
102000113,0,0,0
102000114,6,6,0
102000115,16,18,-2
102000116,2,23,-21
102000117,13,110,-97
102000118,36,161,-125
102000119,442,45,397
102000120,11,7,4
102000121,44,71,-27
102000122,20,9,11
102000123,77,55,22
102000124,117,12,105
102000125,44,51,-7
102000126,24,25,-1
102000127,92,27,65
102000128,65,74,-9
102000129,42,37,5
102000130,30,50,-20
102000131,64,31,33
102000132,31,31,0
102000133,128,409,-281
102000134,35,51,-16
102000135,0,1,-1
102000136,12,21,-9
102000137,19,14,5
102000138,0,2,-2
102000139,0,1,-1
102000140,2,11,-9
102000141,4,23,-19
102000142,9,29,-20
102000143,1,32,-31
102000144,7,24,-17
102000145,8,27,-19
102000146,1,0,1
102000147,9,19,-10
102000148,0,0,0
102000149,1,7,-6
102000150,0,5,-5
102000151,0,3,-3
102000152,0,0,0
102000153,1,1,0
102000154,28,36,-8
102000155,5,22,-17
102000156,44,1,43
102000157,2,10,-8
102000158,30,4,26
102000159,178,7,171
102000161,660,171,489
102000162,47,34,13
102000163,0,1,-1
102000164,13,1,12
102000165,51,42,9
102000166,2,11,-9
102000167,41,103,-62
102000168,28,34,-6
102000169,35,55,-20
102000170,287,77,210
102000171,17,22,-5
102000172,3,38,-35
102000173,25,32,-7
102000174,14,10,4
102000175,4,0,4
102000176,0,0,0
102000178,11,120,-109
102000179,4,30,-26
102000180,44,102,-58
102000181,7,113,-106
102000182,50,106,-56
102000183,83,214,-131
102000184,129,371,-242
102000185,94,137,-43
102000186,81,634,-553
102000187,83,530,-447
102000188,7,150,-143
102000189,839,183,656
102000190,129,240,-111
102000191,147,29,118
102000192,118,247,-129
102000193,0,3,-3
102000194,0,1,-1
102000195,15,44,-29
102000196,0,3,-3
102000197,12,57,-45
102000198,1,8,-7
102000199,29,58,-29
102000200,1,7,-6
102000201,17,46,-29
102000202,0,1,-1
102000203,13,56,-43
102000204,5,18,-13
102000205,10,24,-14
102000206,72,105,-33
102000207,5,2,3
102000208,23,97,-74
102000209,2,6,-4
102000210,1,187,-186
102000211,7,64,-57
102000212,0,0,0
102000213,1,51,-50
102000214,0,0,0
102000215,0,70,-70
102000216,0,0,0
102000217,0,33,-33
102000218,0,0,0
102000219,30,34,-4
102000225,0,0,0
102000226,7,1,6
102000227,0,0,0
102000228,0,21,-21
102000229,0,4,-4
102000230,10,45,-35
102000231,22,17,5
102000232,0,0,0
102000233,14,31,-17
102000234,0,2,-2
102000236,7,2,5
102000237,7,10,-3
102000238,3,1,2
102000240,155,249,-94
102000241,27,7,20
102000243,0,0,0
102000245,9,17,-8
102000246,0,0,0
102000247,21,91,-70
102000248,17,69,-52
102000249,5,55,-50
102000250,3,78,-75
102000254,0,0,0
102000266,0,7,-7
102000271,0,0,0
102000286,15,0,15
102000297,51,30,21
102000299,0,0,0
102000302,0,0,0
102000305,0,0,0
102000306,0,1,-1
102000307,0,2,-2
102000308,0,4,-4
102900001,0,0,0
102900002,0,0,0
102900003,0,16,-16
102900005,0,0,0
102900006,0,0,0
102900007,0,0,0
102900008,0,0,0
102900009,0,0,0
102900010,0,0,0
102900011,0,0,0
102900012,0,0,0
102900013,0,0,0
102900015,0,0,0
102900016,0,0,0
102900017,0,0,0
102900018,0,0,0
102900019,0,0,0
102900020,0,0,0
102900021,0,0,0
102900022,14,11,3
102900023,0,0,0
102900024,0,0,0
102900025,0,0,0
102900026,0,0,0
102900027,0,0,0
102900028,0,0,0
102900029,0,2,-2
102900030,0,0,0
102900031,0,0,0
102900032,0,11,-11
102900033,0,0,0
102900034,0,0,0
102900035,0,52,-52
102900036,0,0,0
102900037,0,0,0
102900038,0,0,0
102900039,0,0,0
102900040,0,0,0
102900041,0,0,0
102900042,0,0,0
102900043,0,0,0
102900044,0,0,0
102900045,0,0,0
102900046,0,0,0
102900047,0,0,0
102900048,0,0,0
102900049,0,0,0
102900050,0,0,0
102900051,0,0,0
102900052,0,0,0
102900053,0,0,0
102900054,0,0,0
102900055,0,0,0
102900056,0,0,0
102900057,0,0,0
102900058,0,0,0
102900059,0,0,0
102900060,0,0,0
102900061,0,0,0
102900062,0,0,0
102900063,0,0,0
102900064,0,0,0
102900065,0,0,0
102900066,0,0,0
102900068,0,0,0
102900070,1,50,-49
102900072,0,18,-18
102900073,24,1,23
102900074,0,0,0
102900075,0,0,0
102900076,0,0,0
102900077,0,0,0
102900078,0,0,0
102900079,0,0,0
102900080,0,0,0
102900081,0,0,0
102900082,0,0,0
102900083,0,0,0
102900084,0,0,0
102900085,0,0,0
102900086,0,0,0
102900087,0,0,0
102900088,0,0,0
102900089,0,0,0
102900090,1,78,-77
102900091,3,1,2
102900092,9,188,-179
102900093,0,0,0
102900094,0,0,0
102900095,0,0,0
102900096,4,4,0
102900097,0,33,-33
103000001,508,437,71
103000002,169,291,-122
103000003,583,436,147
103000004,125,120,5
103000005,84,79,5
103000006,50,63,-13
103000007,8,32,-24
103000008,70,263,-193
103000009,14,23,-9
103000010,4,5,-1
103000011,272,152,120
103000012,84,53,31
103000013,2063,384,1679
103000014,23,44,-21
103000015,774,269,505
103000016,36,15,21
103000017,0,1,-1
103000018,0,0,0
103000019,0,1,-1
103000020,148,359,-211
103000021,37,16,21
103000022,165,320,-155
103000023,3,34,-31
103000024,0,0,0
103000025,0,0,0
103000026,7,0,7
103000027,0,0,0
103000028,5,0,5
103000029,34,0,34
103000030,612,91,521
103000031,45,41,4
103000032,289,311,-22
103000033,160,74,86
103000034,502,219,283
103000035,69,68,1
103000036,63,34,29
103000037,173,91,82
103000038,49,55,-6
103000039,22,70,-48
103000040,11,48,-37
103000041,362,673,-311
103000042,120,175,-55
103000043,19,71,-52
103000044,15,7,8
103000046,19,20,-1
103000047,0,2,-2
103000048,5,15,-10
103000049,0,0,0
103000050,12,14,-2
103000051,12,33,-21
103000052,12,4,8
103000053,6,22,-16
103000054,386,162,224
103000055,73,64,9
103000056,55,155,-100
103000057,52,39,13
103000058,71,161,-90
103000059,30,48,-18
103000060,144,210,-66
103000061,20,46,-26
103000062,136,170,-34
103000063,52,53,-1
103000064,58,65,-7
103000065,0,0,0
103000066,0,1,-1
103000069,0,1,-1
103000070,74,223,-149
103000071,81,34,47
103000072,16,290,-274
103000073,1,0,1
103000074,0,0,0
103000075,28,303,-275
103000076,1,0,1
103000077,13,92,-79
103000078,1,1,0
103000079,248,45,203
103000080,5,0,5
103000081,62,82,-20
103000082,0,0,0
103000083,4,95,-91
103000084,0,0,0
103000085,0,14,-14
103000086,10,7,3
103000087,16,98,-82
103000088,56,50,6
103000089,5,9,-4
103000090,262,213,49
103000091,49,84,-35
103000092,8,5,3
103000093,35,135,-100
103000094,2,4,-2
103000095,4,66,-62
103000096,8,0,8
103000097,24,141,-117
103000098,0,0,0
103000099,11,110,-99
103000100,10,203,-193
103000101,2,0,2
103000102,30,254,-224
103000103,1,7,-6
103000104,1,58,-57
103000105,0,0,0
103000106,0,41,-41
103000107,0,0,0
103000108,43,77,-34
103000109,47,40,7
103000110,116,93,23
103000111,122,52,70
103000112,4,14,-10
103000113,28,113,-85
103000114,12,19,-7
103000115,21,54,-33
103000116,29,42,-13
103000117,30,57,-27
103000118,167,250,-83
103000119,600,191,409
103000120,10,36,-26
103000121,17,73,-56
103000122,2,5,-3
103000125,0,0,0
103000126,0,0,0
103000127,0,0,0
103000128,0,0,0
103000129,0,0,0
103000130,0,0,0
103000131,0,0,0
103000132,2,0,2
103000133,0,0,0
103000134,118,76,42
103000135,228,25,203
103000136,136,43,93
103000137,103,88,15
103000138,149,58,91
103000139,1,8,-7
103000140,0,0,0
103000141,8,12,-4
103000142,0,0,0
103000143,7,47,-40
103000144,0,0,0
103000145,0,0,0
103000150,1,2,-1
103000152,30,49,-19
103000153,0,5,-5
103000156,0,0,0
103000157,0,0,0
103000159,4,15,-11
103000162,0,0,0
103000163,0,0,0
103000164,0,0,0
103000165,2,3,-1
103000166,0,0,0
103000167,0,6,-6
103000168,14,18,-4
103000169,0,0,0
103000170,89,60,29
103000171,0,0,0
103000172,2,67,-65
103000173,29,171,-142
103000174,12,3,9
103000175,72,314,-242
103000176,25,9,16
103000177,233,72,161
103000178,163,130,33
103000179,1,1,0
103000183,0,27,-27
103000185,0,0,0
103000186,0,0,0
103000187,25,121,-96
103000188,1,24,-23
103000189,67,249,-182
103000191,26,48,-22
103000292,292,10,282
103000293,0,0,0
103000295,0,1,-1
103000296,0,0,0
103000297,0,0,0
103000504,1,0,1
103000505,0,0,0
103000506,0,0,0
103000507,3,0,3
103000508,2,3,-1
103000509,35,106,-71
103900001,0,0,0
103900002,0,0,0
103900003,0,1,-1
103900004,0,0,0
103900005,0,0,0
103900006,0,0,0
103900007,0,0,0
103900008,0,0,0
103900009,1,60,-59
103900010,9,45,-36
103900011,3,63,-60
103900012,0,0,0
103900013,1,7,-6
103900014,0,0,0
103900015,0,0,0
103900016,6,32,-26
103900017,2,24,-22
103900018,39,10,29
103900019,0,0,0
103900020,0,0,0
103900021,0,0,0
103900022,0,51,-51
103900023,0,0,0
103900024,0,0,0
103900025,0,0,0
103900026,0,0,0
103900027,0,0,0
103900028,0,36,-36
103900029,8,25,-17
103900030,0,0,0
103900031,0,0,0
103900032,0,0,0
103900033,0,0,0
103900034,0,19,-19
103900035,0,1,-1
103900036,0,0,0
103900037,0,0,0
103900038,0,0,0
103900039,2,74,-72
103900040,0,7,-7
103900041,0,0,0
103900042,1,99,-98
103900043,0,0,0
103900044,0,0,0
103900045,0,0,0
103900047,2,12,-10
103900048,0,0,0
103900049,0,0,0
103900050,0,27,-27
103900051,0,9,-9
103900052,5,29,-24
103900053,1,120,-119
103900054,0,0,0
103900055,1,4,-3
103900056,1,7,-6
103900057,0,0,0
103900058,10,81,-71
103900059,0,0,0
103900060,0,1,-1
103900061,0,0,0
103900062,5,5,0
103900063,0,0,0
103900064,0,0,0
103900065,78,20,58
103900066,0,0,0
103900067,0,0,0
103900068,0,0,0
103900069,0,0,0
103900070,0,0,0
103900071,0,23,-23
103900072,0,63,-63
103900073,0,0,0
103900074,0,0,0
103900075,0,0,0
103900076,1,14,-13
103900077,0,0,0
103900078,0,0,0
103900079,0,0,0
103900080,0,0,0
103900081,0,0,0
103900082,0,0,0
103900083,0,0,0
103900084,0,0,0
103900085,0,0,0
103900086,0,0,0
103900087,0,0,0
103900088,0,0,0
103900089,0,0,0
103900090,0,0,0
103900091,0,0,0
103900092,7,29,-22
103900093,0,0,0
103900094,0,0,0
103900095,8,5,3
103900096,0,0,0
103900097,0,0,0
103900098,5,2,3
103900099,0,1,-1
103900100,5,47,-42
103900101,0,0,0
103900102,0,0,0
103900104,0,0,0
103900105,13,8,5
103900106,0,0,0
103900107,0,0,0
103900108,10,95,-85
103900109,0,0,0
103900110,10,3,7
103900111,3,82,-79
103900112,1,0,1
103900113,1,2,-1
103900114,22,7,15
103900115,15,3,12
103900116,320,15,305
103900117,35,16,19
103900119,0,0,0
103900120,0,0,0
103900122,2,78,-76
103900123,35,21,14
103900124,1,1,0
103900125,2,7,-5
103900126,0,0,0
103900127,11,95,-84
103900128,3,22,-19
103900131,0,9,-9
103900133,0,0,0
103900134,0,0,0
103900135,0,0,0
103900137,0,0,0
103900138,0,0,0
103900139,0,46,-46
103900140,0,0,0
103900141,0,0,0
103900142,0,0,0
103900143,0,0,0
103900144,0,0,0
103900145,2,1,1
103900146,0,0,0
103900147,9,19,-10
103900148,7,47,-40
103900149,0,0,0
103900150,2,63,-61
103900151,0,0,0
103900152,0,3,-3
103900153,0,0,0
103900154,69,7,62
103900155,0,0,0
103900156,0,0,0
103900157,0,0,0
103900158,0,0,0
103900159,0,0,0
103900160,0,0,0
103900161,0,0,0
103900162,5,13,-8
103900163,0,0,0
103900164,0,0,0
103900167,0,0,0
103900168,0,0,0
103900169,0,0,0
103900170,0,0,0
103900171,2,0,2
103900172,0,0,0
103900173,0,0,0
103900174,0,0,0
103900175,0,0,0
103900176,0,1,-1
103900177,0,0,0
103900178,0,0,0
103900179,0,3,-3
103900180,0,1,-1
103900181,0,0,0
103900182,0,0,0
103900184,0,0,0
103900185,0,0,0
103900187,1,2,-1
103900188,8,0,8
103900189,2,0,2
103900190,0,0,0
103900191,0,0,0
103900192,0,0,0
103900193,0,0,0
103900194,0,0,0
103900195,0,0,0
103900196,0,0,0
103900197,0,0,0
103900198,0,0,0
103900199,1,3,-2
103900200,0,0,0
103900201,0,1,-1
103900202,0,0,0
103900203,1,0,1
103900204,0,0,0
103900207,0,3,-3
103900208,0,0,0
103900209,0,0,0
103900210,1,0,1
103900211,2,5,-3
103900212,4,80,-76
103900213,30,125,-95
103900214,20,11,9
103900215,502,100,402
103900216,0,91,-91
103900217,0,0,0
103900218,0,0,0
103900219,0,0,0
103900233,0,0,0
103900235,0,0,0
103900236,0,0,0
103900242,0,0,0
103900243,0,0,0
103900244,0,0,0
103900245,0,0,0
103900246,2,2,0
103900247,0,1,-1
103900248,0,0,0
103900249,0,0,0
103900250,0,0,0
103900251,0,0,0
103900253,0,0,0
103900254,0,0,0
103900255,0,0,0
103900256,0,0,0
103900257,0,0,0
103900258,0,0,0
103900259,0,0,0
103900261,0,0,0
103900262,0,0,0
103900263,0,0,0
103900264,0,0,0
103900265,0,0,0
103900266,0,0,0
103900267,0,6,-6
104000001,315,348,-33
104000002,345,490,-145
104000003,454,558,-104
104000004,1200,483,717
104000005,92,351,-259
104000006,375,699,-324
104000007,787,771,16
104000008,256,289,-33
104000009,12,59,-47
104000010,0,1,-1
104000011,285,296,-11
104000012,31,266,-235
104000013,0,0,0
104000014,78,362,-284
104000015,0,0,0
104000016,84,230,-146
104000018,24,11,13
104000019,32,9,23
104000020,0,19,-19
104000021,25,37,-12
104000022,6,17,-11
104000023,40,39,1
104000024,5,4,1
104000026,0,1,-1
104000027,59,213,-154
104000028,51,27,24
104000029,93,268,-175
104000030,19,44,-25
104000031,17,8,9
104000032,21,227,-206
104000033,7,8,-1
104000034,66,281,-215
104000035,15,22,-7
104000036,15,26,-11
104000037,61,181,-120
104000038,36,44,-8
104000039,9,22,-13
104000040,16,22,-6
104000041,54,41,13
104000042,27,51,-24
104000043,38,67,-29
104000044,45,144,-99
104000045,111,153,-42
104000046,166,154,12
104000047,16,41,-25
104000048,56,118,-62
104000049,6,18,-12
104000050,5,30,-25
104000051,18,186,-168
104000052,106,315,-209
104000053,104,123,-19
104000054,18,85,-67
104000055,627,248,379
104000056,31,11,20
104000057,14,140,-126
104000058,101,138,-37
104000059,21,280,-259
104000060,50,197,-147
104000061,78,119,-41
104000062,2,1,1
104000064,66,14,52
104000065,1,35,-34
104000069,257,52,205
104000070,1,7,-6
104000071,18,62,-44
104000072,2,0,2
104000075,0,0,0
104000076,0,0,0
104000082,310,445,-135
104000083,77,34,43
104000084,11,83,-72
104000085,7,25,-18
104000086,45,106,-61
104000087,17,36,-19
104000090,35,292,-257
104000092,44,484,-440
104000094,68,362,-294
104000095,384,363,21
104000096,1,54,-53
104000097,1,1,0
104000098,2,1,1
104000100,1,1,0
104000101,131,255,-124
104000106,8,28,-20
104000107,65,183,-118
104000108,29,64,-35
104000109,0,0,0
104000110,64,81,-17
104000111,159,156,3
104000112,155,47,108
104000116,0,623,-623
104000117,2,221,-219
104000118,13,32,-19
104000119,7,29,-22
104000120,2,219,-217
104000121,8,58,-50
104000122,33,127,-94
104000123,148,173,-25
104000124,399,274,125
104000125,969,217,752
104000126,21,82,-61
104000127,347,670,-323
104000128,44,104,-60
104000129,0,0,0
104000130,0,56,-56
104000131,806,329,477
104000132,333,434,-101
104000133,210,143,67
104000134,196,144,52
104000135,56,99,-43
104000136,315,196,119
104000137,707,83,624
104000138,326,86,240
104000139,2761,374,2387
104000141,194,340,-146
104000142,90,345,-255
104000143,85,342,-257
104000144,1,1,0
104000145,0,1,-1
104000146,182,292,-110
104000147,54,148,-94
104000148,0,0,0
104000149,48,252,-204
104000150,0,0,0
104000151,86,308,-222
104000152,36,439,-403
104000153,0,0,0
104000154,308,279,29
104000155,1,0,1
104000157,146,281,-135
104000158,42,43,-1
104000159,85,28,57
104000160,456,167,289
104000161,0,0,0
104000162,0,0,0
104000165,1,9,-8
104000167,22,78,-56
104000168,0,0,0
104000169,0,0,0
104000170,292,40,252
104000248,2,114,-112
104000251,21,74,-53
104000272,7,1,6
104000273,11,0,11
104000274,2,1,1
104000275,4,0,4
104000279,155,44,111
104000290,6,79,-73
104000291,137,84,53
104000293,11,20,-9
104000294,0,0,0
104000295,58,251,-193
104000296,22,102,-80
104000297,366,365,1
104000298,342,124,218
104000299,96,327,-231
104900001,0,0,0
104900002,0,0,0
104900003,0,0,0
104900004,0,0,0
104900005,1,5,-4
104900006,0,0,0
104900007,2,9,-7
104900009,0,0,0
104900010,0,0,0
104900011,0,0,0
104900012,0,0,0
104900013,0,0,0
104900014,0,0,0
104900015,0,0,0
104900016,0,0,0
104900017,0,0,0
104900018,0,0,0
104900019,0,0,0
104900020,0,0,0
104900021,0,0,0
104900022,0,0,0
104900023,0,0,0
104900024,0,0,0
104900025,0,0,0
104900026,0,0,0
104900027,0,0,0
104900028,0,0,0
104900029,0,0,0
104900030,0,0,0
104900031,0,0,0
104900032,0,0,0
104900033,0,0,0
104900034,0,0,0
104900035,0,0,0
104900036,0,0,0
104900037,0,0,0
104900038,0,0,0
104900039,0,0,0
104900040,0,0,0
104900041,0,0,0
104900042,0,0,0
104900043,0,0,0
104900044,0,0,0
104900045,0,0,0
104900046,0,0,0
104900047,0,0,0
104900048,0,0,0
104900049,0,0,0
104900050,0,0,0
104900051,0,0,0
104900052,0,0,0
104900053,0,0,0
104900054,0,0,0
104900055,0,0,0
104900056,0,0,0
104900057,0,0,0
104900058,0,0,0
104900059,0,0,0
104900060,0,6,-6
104900061,0,0,0
104900063,0,0,0
104900064,0,0,0
104900065,0,1,-1
104900066,0,0,0
104900067,0,1,-1
104900068,0,0,0
104900070,0,0,0
104900071,0,109,-109
104900072,0,0,0
104900073,0,0,0
104900074,0,0,0
104900075,0,0,0
104900076,0,0,0
104900077,0,0,0
104900078,0,0,0
104900079,0,0,0
104900080,0,0,0
104900082,0,0,0
104900085,0,0,0
104900087,0,0,0
104900089,0,0,0
104900090,0,0,0
104900091,0,0,0
104900093,0,0,0
104900097,0,0,0
104900098,0,0,0
104900099,0,0,0
104900100,0,0,0
104900102,0,0,0
104900103,0,0,0
104900104,0,0,0
104900106,0,0,0
104900107,0,0,0
104900108,0,0,0
104900109,0,0,0
104900110,0,0,0
104900111,0,0,0
104900112,0,0,0
104900113,5,23,-18
104900114,0,0,0
104900115,8,23,-15
104900116,0,0,0
104900118,0,0,0
104900119,0,0,0
104900120,0,0,0
104900121,0,0,0
104900122,0,0,0
104900123,0,0,0
104900124,0,0,0
104900125,0,0,0
104900126,0,0,0
104900127,0,0,0
104900128,0,0,0
104900129,0,0,0
105000001,396,518,-122
105000002,130,311,-181
105000003,251,527,-276
105000004,57,228,-171
105000005,106,247,-141
105000006,53,142,-89
105000007,51,123,-72
105000008,33,268,-235
105000009,122,248,-126
105000010,729,1068,-339
105000011,194,200,-6
105000012,1182,1514,-332
105000013,133,165,-32
105000014,142,154,-12
105000015,1161,363,798
105000016,1255,441,814
105000017,258,169,89
105000018,59,113,-54
105000019,14,6,8
105000020,9,56,-47
105000021,0,1,-1
105000022,1,0,1
105000023,1,4,-3
105000028,20,25,-5
105000029,46,99,-53
105000030,1131,1455,-324
105000033,331,1082,-751
105000034,1,1,0
105000037,35,61,-26
105000038,58,69,-11
105000039,1157,1076,81
105000040,22,32,-10
105000041,112,803,-691
105000042,109,53,56
105000043,698,1412,-714
105000044,14,35,-21
105000045,67,537,-470
105000046,47,26,21
105000047,65,579,-514
105000048,4,3,1
105000049,65,296,-231
105000050,0,0,0
105000051,59,139,-80
105000052,8,64,-56
105000053,16,73,-57
105000054,5,80,-75
105000055,15,74,-59
105000056,18,276,-258
105000057,91,237,-146
105000058,138,247,-109
105000059,19,47,-28
105000060,43,205,-162
105000061,5,29,-24
105000062,158,384,-226
105000063,44,173,-129
105000064,45,74,-29
105000065,43,235,-192
105000066,110,435,-325
105000067,39,68,-29
105000068,108,144,-36
105000069,289,98,191
105000070,35,68,-33
105000071,0,0,0
105000072,0,0,0
105000073,17,9,8
105000074,133,312,-179
105000075,69,153,-84
105000076,255,239,16
105000077,543,162,381
105000078,149,108,41
105000079,365,629,-264
105000080,72,37,35
105000081,242,188,54
105000082,26,51,-25
105000083,29,21,8
105000084,80,218,-138
105000085,25,31,-6
105000086,93,168,-75
105000087,549,397,152
105000088,14,14,0
105000089,727,876,-149
105000090,268,473,-205
105000091,696,825,-129
105000092,101,375,-274
105000093,5,43,-38
105000094,4,6,-2
105000095,3,33,-30
105000096,7,7,0
105000097,101,146,-45
105000098,6,4,2
105000099,65,236,-171
105000100,153,180,-27
105000101,201,341,-140
105000102,142,230,-88
105000103,102,395,-293
105000104,106,196,-90
105000105,16,308,-292
105000106,164,485,-321
105000107,66,50,16
105000108,133,104,29
105000109,117,388,-271
105000110,46,42,4
105000111,19,28,-9
105000112,235,33,202
105000113,9,33,-24
105000114,5,0,5
105000115,10,37,-27
105000116,1,9,-8
105000117,62,161,-99
105000118,2,8,-6
105000119,62,255,-193
105000120,7,7,0
105000121,145,243,-98
105000122,11,114,-103
105000123,122,255,-133
105000124,93,203,-110
105000125,71,304,-233
105000126,167,512,-345
105000127,189,307,-118
105000128,17,252,-235
105000129,51,93,-42
105000130,0,1,-1
105000131,87,66,21
105000132,0,1,-1
105000133,90,308,-218
105000134,1,1,0
105000135,58,162,-104
105000136,12,31,-19
105000137,31,55,-24
105000138,5,38,-33
105000139,133,255,-122
105000140,0,0,0
105000141,39,135,-96
105000142,0,2,-2
105000143,18,151,-133
105000144,63,209,-146
105000145,0,0,0
105000146,107,213,-106
105000147,0,0,0
105000148,0,0,0
105000149,0,0,0
105000150,440,349,91
105000151,16,19,-3
105000152,7,165,-158
105000153,34,39,-5
105000154,24,230,-206
105000155,7,49,-42
105000156,46,225,-179
105000157,114,508,-394
105000158,70,70,0
105000159,22,386,-364
105000160,43,47,-4
105000161,73,565,-492
105000162,17,60,-43
105000163,148,291,-143
105000164,82,67,15
105000165,110,134,-24
105000166,1899,39,1860
105000167,266,235,31
105000168,8,248,-240
105000169,47,226,-179
105000170,0,1,-1
105000171,102,25,77
105000172,0,0,0
105000173,0,0,0
105000174,0,0,0
105000175,2,62,-60
105000176,7,10,-3
105000177,3,33,-30
105000178,0,0,0
105000179,7,19,-12
105000180,0,31,-31
105000181,0,0,0
105000182,6,8,-2
105000183,20,11,9
105000184,412,362,50
105000185,158,111,47
105000186,68,479,-411
105000187,68,18,50
105000188,4,25,-21
105000189,17,284,-267
105000190,0,0,0
105000191,52,253,-201
105000192,8,49,-41
105000193,23,48,-25
105000194,39,45,-6
105000195,48,270,-222
105000196,7,22,-15
105000197,33,193,-160
105000198,151,82,69
105000199,41,46,-5
105000200,3,33,-30
105000201,13,5,8
105000203,0,11,-11
105000204,23,22,1
105000205,8,12,-4
105000207,220,85,135
105000208,0,0,0
105000209,24,152,-128
105000212,96,224,-128
105000213,0,3,-3
105000214,0,2,-2
105000215,2,82,-80
105000216,38,207,-169
105000217,20,196,-176
105000218,14,192,-178
105000221,3,41,-38
105000222,2,18,-16
105000223,8,52,-44
105000226,0,0,0
105000227,0,0,0
105000228,15,118,-103
105000229,0,1,-1
105000231,0,0,0
105000233,44,37,7
105000234,186,615,-429
105000235,4,19,-15
105000237,0,0,0
105000243,0,2,-2
105000248,47,28,19
105000262,18,266,-248
105000269,10,19,-9
105000270,9,34,-25
105000271,0,16,-16
105000282,0,10,-10
105000287,2,4,-2
105000288,14,57,-43
105000289,89,138,-49
105000290,0,0,0
105000402,597,217,380
105000426,70,61,9
105000438,101,67,34
105000446,1916,1083,833
105000447,2255,692,1563
105000454,6,15,-9
105000455,1,2,-1
105000474,0,0,0
105000477,0,0,0
105000478,84,144,-60
105000479,2,33,-31
105000480,220,292,-72
105000481,305,328,-23
105000482,1128,984,144
105000483,194,315,-121
105000484,406,932,-526
105000485,490,574,-84
105000486,839,868,-29
105000488,586,823,-237
105000489,45,78,-33
105000549,0,0,0
105000550,132,327,-195
105000551,0,0,0
105000552,1363,631,732
105900001,0,0,0
105900002,4,14,-10
105900003,0,8,-8
105900004,55,42,13
105900005,1,48,-47
105900006,0,0,0
105900007,0,0,0
105900008,4,121,-117
105900009,0,0,0
105900011,0,0,0
105900012,0,0,0
105900013,0,0,0
105900014,0,0,0
105900015,10,27,-17
105900016,0,0,0
105900017,0,0,0
105900018,13,13,0
105900019,0,0,0
105900020,2,2,0
105900021,0,0,0
105900022,2,6,-4
105900023,0,0,0
105900024,0,0,0
105900025,0,0,0
105900026,13,2,11
105900027,0,0,0
105900028,2,39,-37
105900029,5,45,-40
105900030,2,28,-26
105900031,35,29,6
105900032,10,26,-16
105900033,0,28,-28
105900034,6,46,-40
105900035,7,16,-9
105900036,0,8,-8
105900037,8,17,-9
105900038,0,17,-17
105900039,1,9,-8
105900040,0,20,-20
105900041,2,9,-7
105900042,3,14,-11
105900043,28,1,27
105900044,0,17,-17
105900045,0,57,-57
105900046,0,39,-39
105900047,0,7,-7
105900048,2,74,-72
105900050,0,0,0
105900051,0,0,0
105900052,0,0,0
105900053,386,22,364
105900054,11,29,-18
105900056,0,0,0
105900057,0,0,0
105900058,0,0,0
105900059,0,0,0
106000001,392,165,227
106000002,765,1182,-417
106000003,531,415,116
106000004,776,661,115
106000005,477,540,-63
106000006,1930,1540,390
106000007,88,48,40
106000008,179,146,33
106000009,64,19,45
106000010,174,229,-55
106000011,64,77,-13
106000012,202,619,-417
106000013,190,154,36
106000014,535,659,-124
106000015,74,122,-48
106000016,357,809,-452
106000017,163,84,79
106000018,253,337,-84
106000019,28,38,-10
106000020,32,206,-174
106000021,37,61,-24
106000022,53,223,-170
106000023,44,27,17
106000024,134,393,-259
106000025,31,43,-12
106000026,100,138,-38
106000027,62,50,12
106000028,191,360,-169
106000029,342,717,-375
106000030,118,50,68
106000034,131,180,-49
106000035,53,89,-36
106000036,74,113,-39
106000037,337,508,-171
106000038,3,0,3
106000039,0,0,0
106000040,54,219,-165
106000041,86,76,10
106000043,1,0,1
106000046,0,0,0
106000047,2,57,-55
106000049,19,3,16
106000050,59,420,-361
106000051,3,13,-10
106000052,22,381,-359
106000053,0,0,0
106000054,130,213,-83
106000055,0,0,0
106000056,94,307,-213
106000057,0,0,0
106000058,33,164,-131
106000059,1,3,-2
106000060,198,393,-195
106000061,0,4,-4
106000062,45,315,-270
106000063,1,5,-4
106000064,27,221,-194
106000065,0,8,-8
106000066,25,201,-176
106000067,1,12,-11
106000068,8,271,-263
106000069,5,15,-10
106000070,37,282,-245
106000071,23,28,-5
106000072,950,367,583
106000073,302,270,32
106000074,39,161,-122
106000075,62,230,-168
106000076,110,368,-258
106000077,500,372,128
106000078,109,279,-170
106000079,77,234,-157
106000080,162,303,-141
106000081,31,212,-181
106000082,581,365,216
106000083,21,295,-274
106000084,96,258,-162
106000085,95,199,-104
106000086,37,180,-143
106000087,63,175,-112
106000088,5,276,-271
106000089,78,181,-103
106000090,2,196,-194
106000091,95,158,-63
106000092,0,28,-28
106000093,0,0,0
106000094,11,113,-102
106000095,27,245,-218
106000096,16,210,-194
106000097,45,414,-369
106000098,13,272,-259
106000099,4,360,-356
106000100,19,28,-9
106000101,10,22,-12
106000102,1,178,-177
106000103,13,76,-63
106000104,80,71,9
106000105,29,102,-73
106000106,32,51,-19
106000107,18,83,-65
106000108,21,31,-10
106000109,5,68,-63
106000110,17,25,-8
106000111,11,90,-79
106000112,17,67,-50
106000113,107,74,33
106000114,74,32,42
106000115,7,43,-36
106000116,59,32,27
106000117,205,295,-90
106000118,58,135,-77
106000119,735,320,415
106000120,41,22,19
106000121,1,2,-1
106000122,4,42,-38
106000123,1,8,-7
106000124,3,63,-60
106000125,0,78,-78
106000126,1,4,-3
106000127,9,131,-122
106000128,2,2,0
106000129,56,155,-99
106000130,1,1,0
106000131,11,145,-134
106000132,2,0,2
106000133,1220,176,1044
106000134,0,0,0
106000135,26,241,-215
106000136,0,0,0
106000137,12,614,-602
106000138,0,0,0
106000139,0,0,0
106000140,3,58,-55
106000141,6,99,-93
106000142,0,0,0
106000143,9,96,-87
106000144,0,0,0
106000145,23,165,-142
106000146,0,0,0
106000147,49,107,-58
106000148,49,193,-144
106000149,61,66,-5
106000150,37,266,-229
106000151,831,106,725
106000152,81,83,-2
106000153,16,129,-113
106000154,101,14,87
106000155,0,4,-4
106000156,50,51,-1
106000157,111,431,-320
106000158,567,122,445
106000159,1114,282,832
106000160,18,195,-177
106000161,306,172,134
106000162,4,79,-75
106000163,37,188,-151
106000164,20,62,-42
106000165,36,211,-175
106000166,41,111,-70
106000167,51,528,-477
106000168,15,65,-50
106000169,15,288,-273
106000170,39,52,-13
106000171,11,231,-220
106000172,295,238,57
106000173,77,617,-540
106000174,32,97,-65
106000175,51,368,-317
106000176,41,56,-15
106000177,88,734,-646
106000178,171,123,48
106000179,163,636,-473
106000180,203,657,-454
106000181,35,611,-576
106000182,50,147,-97
106000183,59,324,-265
106000184,97,287,-190
106000185,53,205,-152
106000186,129,34,95
106000187,8,230,-222
106000188,0,1,-1
106000189,0,0,0
106000190,0,0,0
106000191,36,43,-7
106000192,0,20,-20
106000193,34,23,11
106000194,12,86,-74
106000195,15,19,-4
106000196,0,74,-74
106000197,18,55,-37
106000198,4,63,-59
106000199,170,52,118
106000200,154,41,113
106000201,48,54,-6
106000202,1905,100,1805
106000203,10,77,-67
106000204,0,0,0
106000205,4,66,-62
106000206,0,0,0
106000207,15,409,-394
106000208,20,2,18
106000209,22,15,7
106000210,39,487,-448
106000211,101,632,-531
106000212,11,8,3
106000213,55,324,-269
106000214,193,34,159
106000215,18,49,-31
106000216,33,44,-11
106000217,10,49,-39
106000218,49,36,13
106000219,8,36,-28
106000220,38,39,-1
106000221,7,121,-114
106000222,0,0,0
106000223,0,0,0
106000224,9,122,-113
106000225,0,0,0
106000226,19,137,-118
106000228,6,56,-50
106000229,10,304,-294
106000231,3,2,1
106000232,2,174,-172
106000233,6,2,4
106000234,1,96,-95
106000235,1,1,0
106000236,6,13,-7
106000237,1,4,-3
106000238,0,0,0
106000239,0,14,-14
106000240,0,0,0
106000241,7,202,-195
106000242,5,0,5
106000249,0,0,0
106000250,3,131,-128
106000251,0,0,0
106000252,3,19,-16
106000253,0,0,0
106000254,19,15,4
106000255,0,0,0
106000256,18,20,-2
106000257,12,93,-81
106000258,0,0,0
106000259,0,9,-9
106000260,0,0,0
106000261,0,22,-22
106000262,0,0,0
106000263,0,14,-14
106000264,0,0,0
106000265,3,37,-34
106000266,0,0,0
106000267,2,21,-19
106000268,1,0,1
106000269,14,15,-1
106000270,16,144,-128
106000271,0,3,-3
106000272,1,19,-18
106000273,0,1,-1
106000274,27,9,18
106000275,1,1,0
106000276,8,4,4
106000277,0,2,-2
106000278,20,5,15
106000279,0,16,-16
106000280,9,34,-25
106000281,4,6,-2
106000282,2,11,-9
106000283,4,8,-4
106000284,7,25,-18
106000285,7,14,-7
106000286,7,22,-15
106000287,4,10,-6
106000288,3,23,-20
106000289,3,7,-4
106000290,6,28,-22
106000291,9,16,-7
106000292,12,32,-20
106000293,7,7,0
106000294,5,30,-25
106000295,4,11,-7
106000296,10,18,-8
106000297,10,13,-3
106000298,15,10,5
106000299,4,15,-11
106000300,3,14,-11
106000301,6,13,-7
106000303,0,0,0
106000304,1,9,-8
106000305,0,0,0
106000306,12,9,3
106000307,0,0,0
106000308,3,20,-17
106000309,0,6,-6
106000310,34,95,-61
106000311,10,8,2
106000312,10,28,-18
106000313,8,30,-22
106000318,16,53,-37
106000319,24,0,24
106000320,0,6,-6
106000321,4,1,3
106000322,20,77,-57
106000324,0,16,-16
106000325,78,68,10
106000326,259,664,-405
106000327,0,0,0
106000328,0,3,-3
106000329,3,45,-42
106000330,10,33,-23
106000428,28,60,-32
106000429,25,107,-82
106000430,92,404,-312
106000431,52,74,-22
106000432,292,775,-483
106000433,160,176,-16
106000434,192,89,103
106000435,715,911,-196
106000436,5,186,-181
106000437,0,0,0
106000438,0,0,0
106000439,13,168,-155
106000440,20,43,-23
106000441,0,0,0
106000442,0,0,0
106000443,3,32,-29
106000450,2,83,-81
106000451,0,0,0
106000454,1,11,-10
106000455,0,70,-70
106000456,0,0,0
106000457,7,450,-443
106000458,0,0,0
106000459,6,162,-156
106000460,0,0,0
106000461,12,701,-689
106000462,0,7,-7
106000463,0,0,0
106000464,2,202,-200
106000465,0,0,0
106000466,2,259,-257
106000467,145,182,-37
106000468,1,0,1
106000469,0,3,-3
106000470,52,241,-189
106000471,3,188,-185
106000472,0,0,0
106000473,4,4,0
106000474,72,315,-243
106000475,9,29,-20
106000476,38,19,19
106000477,4,28,-24
106900001,0,0,0
106900002,0,0,0
106900003,0,0,0
106900004,0,5,-5
106900006,0,0,0
106900007,0,0,0
106900008,0,0,0
106900009,0,0,0
106900010,0,0,0
106900012,0,0,0
106900013,0,0,0
106900014,0,0,0
106900015,0,0,0
106900016,0,0,0
106900017,0,0,0
106900018,0,0,0
106900019,0,0,0
106900020,0,0,0
106900021,0,0,0
106900022,0,0,0
106900023,0,0,0
106900024,0,0,0
106900025,0,0,0
106900026,0,0,0
106900027,0,0,0
107000001,253,413,-160
107000002,959,1504,-545
107000003,541,814,-273
107000004,2044,2679,-635
107000005,190,454,-264
107000006,992,2680,-1688
107000007,650,605,45
107000008,9037,5824,3213
107000009,367,457,-90
107000010,5034,4289,745
107000011,337,341,-4
107000012,764,831,-67
107000013,22,109,-87
107000014,6,159,-153
107000015,62,515,-453
107000016,66,596,-530
107000017,291,136,155
107000018,0,60,-60
107000020,57,40,17
107000021,279,285,-6
107000022,51,494,-443
107000023,283,116,167
107000024,59,881,-822
107000025,31,78,-47
107000026,21,336,-315
107000027,315,157,158
107000028,238,445,-207
107000029,217,130,87
107000030,315,845,-530
107000031,183,155,28
107000032,10,29,-19
107000033,727,972,-245
107000034,2048,663,1385
107000035,2,2,0
107000036,48,172,-124
107000037,2,16,-14
107000038,49,117,-68
107000039,0,0,0
107000040,48,141,-93
107000041,193,55,138
107000042,126,297,-171
107000043,399,104,295
107000044,120,127,-7
107000045,11,88,-77
107000046,38,53,-15
107000047,37,165,-128
107000048,35,48,-13
107000049,20,166,-146
107000050,55,52,3
107000051,81,70,11
107000052,134,61,73
107000053,10,13,-3
107000054,16,95,-79
107000055,50,9,41
107000056,74,239,-165
107000057,108,24,84
107000058,10,8,2
107000059,335,982,-647
107000060,37,68,-31
107000061,1145,1221,-76
107000062,16,41,-25
107000063,738,1808,-1070
107000064,32,44,-12
107000065,593,1833,-1240
107000066,13,42,-29
107000067,17,34,-17
107000068,0,0,0
107000069,0,0,0
107000070,0,0,0
107000071,2,0,2
107000072,12,1420,-1408
107000073,0,0,0
107000074,25,407,-382
107000075,0,0,0
107000076,264,930,-666
107000077,0,0,0
107000078,320,1379,-1059
107000079,0,0,0
107000080,288,1218,-930
107000081,7,6,1
107000082,88,1009,-921
107000083,4,4,0
107000084,122,955,-833
107000085,366,471,-105
107000086,371,553,-182
107000087,234,361,-127
107000088,273,567,-294
107000089,85,129,-44
107000090,205,357,-152
107000091,63,130,-67
107000092,264,379,-115
107000093,39,116,-77
107000094,130,406,-276
107000095,0,0,0
107000096,184,491,-307
107000097,0,0,0
107000098,47,176,-129
107000099,0,0,0
107000100,77,103,-26
107000101,0,0,0
107000102,105,119,-14
107000103,0,0,0
107000104,50,128,-78
107000105,8,1,7
107000106,29,121,-92
107000107,5,0,5
107000108,43,285,-242
107000109,0,0,0
107000110,14,245,-231
107000111,0,0,0
107000112,2,151,-149
107000113,0,0,0
107000114,12,213,-201
107000115,0,0,0
107000116,23,381,-358
107000117,0,0,0
107000118,28,108,-80
107000119,87,33,54
107000120,634,215,419
107000121,59,22,37
107000122,116,319,-203
107000123,11,17,-6
107000124,43,330,-287
107000125,31,17,14
107000126,63,387,-324
107000127,10,195,-185
107000129,21,82,-61
107000130,0,0,0
107000131,129,159,-30
107000132,2,0,2
107000133,1,11,-10
107000134,1,0,1
107000135,0,13,-13
107000136,2,0,2
107000137,0,8,-8
107000138,6,0,6
107000139,2,64,-62
107000140,56,2,54
107000141,15,86,-71
107000142,10,1,9
107000143,2,118,-116
107000144,16,5,11
107000145,12,37,-25
107000146,4,1,3
107000147,374,21,353
107000150,27,18,9
107000151,0,3,-3
107000152,1,33,-32
107000153,25,40,-15
107000154,2,2,0
107000155,12,1,11
107000156,28,1,27
107000157,0,327,-327
107000158,4,0,4
107000159,0,97,-97
107000160,15,5,10
107000161,2,159,-157
107000162,12,2,10
107000163,0,0,0
107000164,0,0,0
107000165,0,0,0
107000166,4,379,-375
107000167,15,22,-7
107000168,50,12,38
107000169,95,391,-296
107000170,44,11,33
107000171,40,1194,-1154
107000172,26,22,4
107000173,82,387,-305
107000174,70,107,-37
107000175,2398,395,2003
107000176,0,0,0
107000177,0,0,0
107000178,0,0,0
107000179,42,1024,-982
107000180,1,1,0
107000181,35,427,-392
107000182,3,108,-105
107000183,44,415,-371
107000184,6,108,-102
107000185,32,492,-460
107000186,1,0,1
107000187,88,120,-32
107000188,62,69,-7
107000189,16,121,-105
107000190,44,121,-77
107000191,2,9,-7
107000192,124,185,-61
107000193,3,2,1
107000194,131,162,-31
107000197,1,0,1
107000198,26,251,-225
107000199,194,281,-87
107000200,1,0,1
107000201,65,97,-32
107000202,0,0,0
107000203,118,167,-49
107000204,11,17,-6
107000205,1024,431,593
107000206,0,0,0
107000207,28,21,7
107000208,55,4,51
107000209,80,2,78
107000210,255,51,204
107000211,0,0,0
107000212,1,85,-84
107000213,0,0,0
107000214,2,24,-22
107000215,6,38,-32
107000216,2,52,-50
107000217,2,12,-10
107000219,3,4,-1
107000220,5,32,-27
107000222,36,151,-115
107000224,0,0,0
107000225,15,183,-168
107000226,0,0,0
107000227,8,118,-110
107000228,3,20,-17
107000229,17,5,12
107000230,267,165,102
107000231,11,10,1
107000232,0,0,0
107000233,29,23,6
107000234,0,0,0
107000235,0,1,-1
107000236,9,233,-224
107000237,0,0,0
107000238,0,3,-3
107000239,149,7,142
107000240,2,255,-253
107000241,49,16,33
107000242,157,40,117
107000243,1,22,-21
107000244,1,87,-86
107000246,3,549,-546
107000249,2,247,-245
107000251,0,96,-96
107000252,4,578,-574
107000255,82,12,70
107000257,0,58,-58
107000258,0,11,-11
107000259,0,29,-29
107000260,0,0,0
107000262,0,77,-77
107000263,0,0,0
107000266,0,0,0
107000267,0,16,-16
107000268,13,21,-8
107000269,0,0,0
107000270,0,6,-6
107000271,0,208,-208
107000272,0,53,-53
107000273,1,28,-27
107000274,7,40,-33
107000275,1,72,-71
107000280,3,1,2
107000281,0,72,-72
107000282,3,212,-209
107000290,0,7,-7
107000291,0,0,0
107000292,0,3,-3
107000293,0,0,0
107000294,0,9,-9
107000295,0,0,0
107000296,0,0,0
107000444,5,1,4
107000496,0,0,0
107000497,201,1251,-1050
107000500,0,0,0
107000501,0,0,0
107000502,0,0,0
107000505,76,203,-127
107000506,0,4,-4
107000508,1,207,-206
107000509,10,8,2
107000510,0,0,0
107000514,2,20,-18
107000515,0,30,-30
107000516,0,0,0
107000518,0,0,0
107000519,668,561,107
107000520,0,0,0
107900001,0,0,0
107900002,0,0,0
107900003,6,0,6
107900004,0,0,0
107900005,26,0,26
107900006,0,0,0
107900007,8,0,8
107900008,10,8,2
107900009,0,0,0
107900010,0,0,0
107900012,25,0,25
107900013,19,9,10
107900014,0,0,0
107900015,31,1,30
107900016,9,3,6
107900017,0,0,0
107900018,0,0,0
107900019,2,7,-5
107900020,0,0,0
107900021,1,17,-16
107900023,0,0,0
107900024,0,0,0
107900025,8,27,-19
107900026,0,19,-19
107900027,0,0,0
107900028,0,16,-16
107900030,10,2,8
107900031,6,56,-50
107900032,1,2,-1
107900033,0,1,-1
107900034,22,0,22
107900035,31,3,28
107900036,0,0,0
107900037,0,0,0
107900038,24,9,15
107900039,0,11,-11
107900040,0,0,0
107900041,0,0,0
107900043,2,32,-30
107900044,1,1,0
107900045,3,1,2
107900046,2,7,-5
107900047,0,0,0
107900048,5,1,4
107900049,29,21,8
107900050,38,48,-10
107900051,4,12,-8
107900052,0,0,0
107900053,0,8,-8
107900055,27,23,4
107900056,0,0,0
107900057,0,0,0
107900058,1,134,-133
107900060,0,0,0
107900061,0,0,0
107900063,9,13,-4
107900064,15,0,15
107900065,14,2,12
107900066,0,0,0
107900067,0,0,0
107900068,5,5,0
107900069,0,7,-7
107900070,0,0,0
107900071,1,230,-229
107900072,0,17,-17
107900073,0,0,0
107900074,0,0,0
107900076,4,17,-13
107900077,0,0,0
107900078,18,1,17
107900079,2,0,2
107900080,13,10,3
107900081,0,0,0
107900082,0,0,0
107900083,12,11,1
107900084,1,10,-9
107900086,5,9,-4
107900087,62,4,58
107900088,0,0,0
107900089,18,49,-31
107900090,15,25,-10
107900091,3,42,-39
107900092,437,64,373
107900093,0,0,0
107900095,239,93,146
107900097,0,6,-6
107900098,5,2,3
107900100,197,46,151
107900101,238,45,193
107900102,0,0,0
107900103,0,13,-13
107900104,0,0,0
107900105,0,87,-87
107900106,5,370,-365
107900107,273,22,251
107900108,5,2,3
107900109,0,0,0
107900110,0,13,-13
107900111,1,263,-262
107900112,10,29,-19
107900113,0,0,0
107900114,3,30,-27
107900115,0,0,0
107900116,1,30,-29
107900117,12,52,-40
107900118,23,22,1
107900119,0,4,-4
107900120,0,0,0
107900121,0,5,-5
107900122,0,6,-6
107900123,1,10,-9
107900124,0,1,-1
107900125,0,44,-44
107900126,1,8,-7
107900127,142,7,135
107900128,1,0,1
107900129,0,3,-3
107900130,0,0,0
107900131,13,4,9
107900132,23,73,-50
107900133,0,12,-12
107900134,0,0,0
107900135,0,46,-46
107900136,5,6,-1
107900137,0,4,-4
107900138,2,5,-3
107900139,0,0,0
107900140,7,9,-2
107900141,3,3,0
107900142,14,239,-225
107900143,1,4,-3
107900144,0,31,-31
107900145,3,20,-17
107900146,1,3,-2
107900147,0,0,0
107900148,36,35,1
107900149,537,23,514
107900150,10,155,-145
107900151,0,30,-30
107900152,1,40,-39
107900153,3,10,-7
107900154,2,0,2
107900155,0,0,0
107900156,0,0,0
107900157,7,20,-13
107900158,19,2,17
107900159,3,241,-238
107900160,3,44,-41
107900161,1,82,-81
107900162,0,38,-38
107900163,2,0,2
107900164,3,1,2
107900165,2,0,2
107900166,0,96,-96
107900167,0,0,0
107900168,0,10,-10
107900169,0,46,-46
107900171,2,477,-475
107900172,0,116,-116
107900173,0,75,-75
107900174,0,0,0
107900175,0,0,0
107900176,1,6,-5
107900177,0,23,-23
107900178,0,84,-84
107900179,0,35,-35
107900180,92,6,86
107900181,94,81,13
107900182,0,376,-376
107900183,1,123,-122
107900184,0,0,0
107900185,1,0,1
107900186,1,4,-3
107900187,0,57,-57
107900188,50,6,44
107900189,2,28,-26
107900190,13,4,9
107900191,1,26,-25
107900193,0,18,-18
107900194,12,0,12
107900195,496,39,457
107900196,0,0,0
107900197,10,1,9
107900199,0,113,-113
107900201,11,32,-21
107900203,5,19,-14
107900204,61,63,-2
107900205,33,179,-146
107900206,19,4,15
107900207,1,190,-189
107900208,0,116,-116
107900209,42,21,21
107900210,4,15,-11
107900213,53,101,-48
107900214,1,37,-36
107900215,53,138,-85
107900216,4,6,-2
107900217,0,0,0
107900218,2,121,-119
107900219,0,33,-33
107900220,25,11,14
107900221,25,63,-38
107900223,0,0,0
107900224,19,75,-56
107900225,0,61,-61
107900226,1,19,-18
107900227,4,114,-110
107900228,1,34,-33
107900229,1,79,-78
107900230,1,16,-15
107900231,0,0,0
107900232,0,55,-55
107900233,0,10,-10
107900234,8,65,-57
107900235,9,34,-25
107900236,2,50,-48
107900237,14,125,-111
107900238,0,0,0
107900239,243,118,125
107900240,0,37,-37
107900241,1,11,-10
107900242,0,95,-95
107900243,0,4,-4
107900244,0,0,0
107900245,2,1,1
107900246,0,0,0
107900248,10,163,-153
107900249,0,0,0
107900250,0,104,-104
107900251,2,186,-184
107900252,0,0,0
107900253,0,0,0
107900254,3,1,2
107900255,42,4,38
107900256,2,66,-64
107900257,0,0,0
107900258,0,15,-15
107900259,0,6,-6
107900261,1,108,-107
107900262,0,0,0
107900264,0,0,0
107900265,0,19,-19
107900267,0,0,0
107900268,0,0,0
107900269,0,0,0
107900270,0,0,0
107900271,0,0,0
107900272,0,0,0
107900273,0,28,-28
107900274,0,0,0
107900275,0,0,0
107900276,0,23,-23
107900277,1,48,-47
107900278,0,56,-56
107900279,7,6,1
107900280,2,65,-63
107900281,395,68,327
107900282,4,22,-18
107900283,39,16,23
107900284,17,250,-233
107900285,0,18,-18
107900286,12,10,2
107900287,0,4,-4
107900290,0,7,-7
107900291,20,0,20
107900292,4,24,-20
107900293,3,59,-56
107900295,1,24,-23
107900297,0,74,-74
107900298,63,114,-51
107900299,702,111,591
107900300,7,45,-38
107900301,8,21,-13
107900302,5,4,1
107900303,2,64,-62
107900304,2,146,-144
107900305,5,1,4
107900306,0,0,0
107900307,13,88,-75
107900308,17,3,14
107900309,0,0,0
107900310,0,0,0
107900311,0,1,-1
107900312,0,0,0
107900313,0,2,-2
107900314,0,9,-9
107900315,0,6,-6
107900316,0,0,0
107900317,0,0,0
107900318,0,17,-17
107900319,1,81,-80
107900320,0,30,-30
107900321,1,0,1
107900322,0,52,-52
107900323,0,24,-24
107900324,2,0,2
107900325,0,0,0
107900326,2,108,-106
107900327,0,0,0
107900328,0,0,0
107900329,0,0,0
107900330,1,95,-94
107900331,0,1,-1
107900332,4,1,3
107900333,1,0,1
107900334,1,66,-65
107900335,8,15,-7
107900336,0,3,-3
107900337,218,22,196
107900338,0,45,-45
107900339,0,11,-11
107900340,0,13,-13
107900341,0,0,0
107900342,8,19,-11
107900343,0,0,0
107900344,0,34,-34
107900345,1,10,-9
107900346,0,0,0
107900347,0,0,0
107900348,0,0,0
107900349,0,0,0
107900350,7,74,-67
108000001,360,385,-25
108000002,1392,1825,-433
108000003,454,279,175
108000004,8117,6717,1400
108000005,305,395,-90
108000006,1355,2726,-1371
108000007,321,508,-187
108000008,1313,2558,-1245
108000009,214,585,-371
108000010,737,2436,-1699
108000011,1188,866,322
108000012,7393,5851,1542
108000014,14,58,-44
108000015,6,45,-39
108000016,46,329,-283
108000017,3,34,-31
108000018,12,49,-37
108000019,8,46,-38
108000020,2,0,2
108000021,139,747,-608
108000022,110,525,-415
108000023,0,0,0
108000024,3,235,-232
108000025,3,68,-65
108000026,25,210,-185
108000027,8,264,-256
108000028,10,151,-141
108000029,14,313,-299
108000030,9,71,-62
108000031,25,282,-257
108000032,0,0,0
108000033,94,444,-350
108000034,0,0,0
108000035,196,1095,-899
108000036,88,632,-544
108000037,62,26,36
108000038,38,9,29
108000039,114,1024,-910
108000040,24,8,16
108000041,219,1282,-1063
108000042,1,93,-92
108000043,7,177,-170
108000044,1,67,-66
108000045,26,527,-501
108000046,0,0,0
108000047,53,517,-464
108000048,54,332,-278
108000049,35,13,22
108000050,26,193,-167
108000051,13,6,7
108000052,83,212,-129
108000053,18,19,-1
108000054,68,201,-133
108000055,43,29,14
108000056,269,349,-80
108000057,10,71,-61
108000058,23,234,-211
108000059,1041,508,533
108000060,3,7,-4
108000061,39,127,-88
108000062,17,7,10
108000063,22,193,-171
108000064,0,0,0
108000065,53,202,-149
108000066,312,53,259
108000067,70,48,22
108000068,0,0,0
108000069,27,571,-544
108000070,1,0,1
108000071,106,850,-744
108000072,0,0,0
108000073,246,798,-552
108000074,2,0,2
108000075,36,317,-281
108000076,0,1,-1
108000077,151,449,-298
108000078,28,38,-10
108000079,411,777,-366
108000080,2,23,-21
108000081,104,975,-871
108000082,188,628,-440
108000083,41,16,25
108000084,50,403,-353
108000085,1,6,-5
108000086,177,309,-132
108000087,0,25,-25
108000088,0,0,0
108000089,9,39,-30
108000090,14,1,13
108000091,23,214,-191
108000092,0,1,-1
108000093,48,365,-317
108000094,0,0,0
108000095,63,204,-141
108000096,0,0,0
108000097,37,271,-234
108000098,21,114,-93
108000099,0,0,0
108000100,0,0,0
108000101,1,3,-2
108000102,76,174,-98
108000106,0,0,0
108000107,2,265,-263
108000108,0,0,0
108000109,4,278,-274
108000110,16,46,-30
108000111,52,330,-278
108000112,0,0,0
108000113,34,2,32
108000115,77,83,-6
108000117,75,55,20
108000118,14,76,-62
108000119,51,219,-168
108000120,7,47,-40
108000121,11,208,-197
108000122,8,44,-36
108000123,1,1,0
108000124,26,340,-314
108000125,2,0,2
108000126,27,321,-294
108000127,1,1,0
108000128,16,419,-403
108000129,28,728,-700
108000130,0,2,-2
108000131,3,3,0
108000132,223,400,-177
108000133,2,4,-2
108000134,128,515,-387
108000135,15,3,12
108000136,182,646,-464
108000137,0,1,-1
108000138,1,40,-39
108000139,0,12,-12
108000140,23,1,22
108000141,6,70,-64
108000142,17,100,-83
108000143,10,43,-33
108000144,9,7,2
108000145,5,81,-76
108000146,5,3,2
108000147,4,86,-82
108000148,9,1,8
108000149,1,36,-35
108000150,11,0,11
108000151,1,2,-1
108000152,16,86,-70
108000153,4,3,1
108000154,9,13,-4
108000155,2,1,1
108000156,105,8,97
108000157,9,11,-2
108000158,19,57,-38
108000159,19,2,17
108000160,786,161,625
108000161,617,177,440
108000165,0,2,-2
108000172,0,0,0
108000173,421,19,402
108000175,0,42,-42
108000178,107,136,-29
108000179,0,0,0
108000181,0,2,-2
108000182,6,1,5
108000183,1,27,-26
108000184,104,130,-26
108000185,2,176,-174
108000186,4,4,0
108000187,6,130,-124
108000188,4,29,-25
108000189,12,49,-37
108000190,7,34,-27
108000192,6,176,-170
108000193,167,5,162
108000194,0,1,-1
108000195,2,913,-911
108000196,0,34,-34
108000197,11,114,-103
108000198,61,83,-22
108000199,0,36,-36
108000200,5,87,-82
108000202,0,127,-127
108000203,3,286,-283
108000204,13,0,13
108000205,97,89,8
108000339,72,28,44
108000364,6,15,-9
108000365,1,35,-34
108000367,4,37,-33
108000368,2,22,-20
108000369,434,20,414
108000371,1,263,-262
108000372,0,0,0
108000373,2,2,0
108000376,15,0,15
108000377,4,1,3
108000378,1676,748,928
108000379,7,48,-41
108000381,0,0,0
108000382,0,0,0
108000383,0,20,-20
108900001,7,41,-34
108900002,8,4,4
108900003,37,124,-87
108900004,114,37,77
108900005,1,14,-13
108900006,47,22,25
108900007,3,25,-22
108900008,1,20,-19
108900009,2,22,-20
108900010,3,27,-24
108900011,11,62,-51
108900012,7,98,-91
108900013,5,51,-46
108900014,0,11,-11
108900015,0,0,0
108900016,0,26,-26
108900017,12,8,4
108900018,3,74,-71
108900019,0,212,-212
108900020,1,34,-33
108900021,4,38,-34
108900022,0,1,-1
108900023,0,3,-3
108900024,1,15,-14
108900025,0,0,0
108900026,0,8,-8
108900027,0,29,-29
108900028,1,70,-69
108900029,0,17,-17
108900030,0,33,-33
108900031,3,119,-116
108900032,0,26,-26
108900033,0,16,-16
108900034,0,9,-9
108900035,0,327,-327
108900036,13,45,-32
108900037,1,55,-54
108900038,0,62,-62
108900039,0,24,-24
108900040,0,21,-21
108900041,518,54,464
108900042,0,35,-35
108900043,1,37,-36
108900044,0,111,-111
108900045,8,70,-62
108900046,8,88,-80
108900047,0,10,-10
108900048,0,79,-79
108900049,436,37,399
108900050,0,18,-18
108900051,1,40,-39
108900052,0,42,-42
108900053,3,6,-3
108900054,2,11,-9
108900055,5,62,-57
108900056,0,34,-34
108900057,0,45,-45
108900058,0,79,-79
108900059,3,1,2
108900060,0,0,0
108900061,4,1,3
108900062,0,80,-80
108900063,0,47,-47
108900064,2,0,2
108900065,0,17,-17
108900066,0,0,0
108900067,2,54,-52
108900068,0,14,-14
108900069,2,6,-4
108900070,3,9,-6
108900071,0,0,0
108900072,6,0,6
108900073,1,7,-6
108900074,2,20,-18
108900075,0,1,-1
108900076,0,0,0
108900077,3,15,-12
108900078,0,13,-13
108900079,18,12,6
108900080,0,0,0
108900081,5,45,-40
108900082,1,9,-8
108900083,0,0,0
108900084,23,10,13
108900085,225,8,217
108900086,1,18,-17
108900087,13,22,-9
108900088,0,0,0
108900089,0,0,0
108900090,0,18,-18
108900091,8,8,0
108900092,0,2,-2
108900093,0,0,0
108900094,7,1,6
108900095,1,41,-40
108900096,29,0,29
108900097,2,90,-88
108900098,0,0,0
108900099,0,81,-81
108900100,2,11,-9
108900101,0,0,0
108900102,3,8,-5
108900103,0,0,0
108900104,45,20,25
108900105,0,0,0
108900106,0,122,-122
108900108,0,0,0
108900109,0,0,0
108900110,3,56,-53
108900111,0,110,-110
108900112,0,0,0
108900113,0,0,0
108900114,0,0,0
108900115,0,0,0
108900116,0,0,0
108900117,0,0,0
108900118,0,0,0
108900119,0,0,0
108900120,0,0,0
108900121,0,0,0
108900122,0,0,0
108900123,0,0,0
108900124,0,0,0
108900125,0,0,0
108900126,0,0,0
108900127,0,0,0
108900128,0,0,0
108900129,0,0,0
108900130,0,0,0
108900131,2,0,2
108900132,0,0,0
108900133,0,0,0
108900134,0,0,0
108900135,0,0,0
108900136,0,0,0
108900137,1,0,1
108900138,0,0,0
108900139,0,0,0
108900140,0,0,0
108900141,0,0,0
108900142,0,0,0
108900143,0,0,0
108900144,3,0,3
108900145,0,0,0
108900146,0,0,0
108900147,2,0,2
108900148,0,0,0
108900149,30,35,-5
108900150,0,0,0
108900151,0,0,0
108900152,0,4,-4
108900153,0,32,-32
108900154,0,1,-1
108900155,0,13,-13
108900156,0,0,0
108900157,0,39,-39
108900158,0,0,0
108900159,0,20,-20
108900160,0,20,-20
108900161,0,55,-55
108900162,0,0,0
108900163,0,0,0
108900164,2,5,-3
108900165,13,5,8
108900167,118,32,86
108900168,815,34,781
108900169,0,8,-8
108900171,427,120,307
108900172,0,0,0
108900173,3,19,-16
108900174,0,0,0
108900176,12,115,-103
108900177,944,62,882
108900178,238,20,218
108900179,3,7,-4
108900180,0,0,0
108900182,0,0,0
108900183,7,30,-23
108900184,0,4,-4
108900185,8,37,-29
108900186,0,46,-46
108900187,0,0,0
108900188,0,0,0
108900189,0,0,0
108900190,2,420,-418
108900191,0,0,0
108900192,6,40,-34
108900193,0,0,0
108900194,0,22,-22
108900195,1,45,-44
108900196,0,95,-95
108900198,1,73,-72
108900199,4,60,-56
108900200,29,68,-39
108900201,5,164,-159
108900203,1,0,1
108900204,2,0,2
108900205,3,3,0
108900206,0,0,0
108900207,0,0,0
108900208,1,46,-45
108900209,10,101,-91
108900210,2,12,-10
108900211,2,10,-8
108900212,44,17,27
108900215,7,104,-97
108900216,0,7,-7
108900217,0,0,0
108900218,0,0,0
108900219,0,0,0
108900220,0,0,0
108900221,1,7,-6
108900222,0,0,0
108900223,3,2,1
108900224,4,11,-7
108900225,0,20,-20
108900226,0,0,0
108900227,0,0,0
108900230,16,16,0
108900231,3,35,-32
108900232,0,39,-39
108900233,0,0,0
108900234,0,0,0
108900235,10,38,-28
108900236,2,18,-16
108900237,4,24,-20
108900240,0,18,-18
108900241,0,1,-1
108900245,0,0,0
108900249,0,0,0
108900250,0,10,-10
108900257,1,72,-71
108900258,2,9,-7
108900259,0,3,-3
108900260,0,4,-4
108900261,5,4,1
108900262,2,2,0
108900263,0,3,-3
108900264,0,1,-1
108900265,0,0,0
108900266,0,0,0
108900267,0,0,0
108900268,0,0,0
108900269,0,0,0
108900270,0,0,0
108900271,0,0,0
108900272,0,0,0
108900273,0,0,0
108900274,1,9,-8
109000001,454,125,329
109000002,2806,552,2254
109000003,253,103,150
109000004,265,1421,-1156
109000005,145,132,13
109000006,270,1140,-870
109000007,128,128,0
109000008,181,1121,-940
109000009,460,253,207
109000010,590,2097,-1507
109000011,293,187,106
109000012,675,1906,-1231
109000013,352,211,141
109000014,454,1913,-1459
109000015,420,307,113
109000016,4478,2369,2109
109000017,204,190,14
109000018,313,1823,-1510
109000019,240,201,39
109000020,452,1158,-706
109000023,0,0,0
109000024,1,25,-24
109000025,119,42,77
109000026,73,58,15
109000027,10,33,-23
109000028,4,22,-18
109000029,74,32,42
109000030,20,178,-158
109000031,0,0,0
109000032,13,186,-173
109000033,0,0,0
109000034,1,0,1
109000035,0,0,0
109000036,6,126,-120
109000037,10,50,-40
109000038,265,138,127
109000039,63,21,42
109000040,659,102,557
109000041,2351,287,2064
109000042,91,207,-116
109000044,0,3,-3
109000045,29,296,-267
109000046,0,5,-5
109000047,5,314,-309
109000048,1,4,-3
109000049,69,436,-367
109000050,0,2,-2
109000051,116,245,-129
109000052,54,392,-338
109000053,3,0,3
109000054,5,124,-119
109000055,5,38,-33
109000056,17,100,-83
109000057,30,22,8
109000058,132,16,116
109000059,15,111,-96
109000060,33,2,31
109000061,333,63,270
109000062,9,0,9
109000063,47,58,-11
109000064,5,2,3
109000065,5,90,-85
109000066,9,0,9
109000067,2,84,-82
109000068,0,1,-1
109000069,0,0,0
109000070,4,269,-265
109000071,79,16,63
109000072,4,79,-75
109000073,10,19,-9
109000074,0,40,-40
109000075,33,401,-368
109000076,0,12,-12
109000077,34,37,-3
109000078,1,14,-13
109000079,5,37,-32
109000080,0,12,-12
109000081,2,106,-104
109000082,13,52,-39
109000083,4,130,-126
109000088,13,71,-58
109000089,13,0,13
109000090,33,109,-76
109000091,33,12,21
109000092,76,180,-104
109000093,22,16,6
109000094,10,0,10
109000095,7,158,-151
109000096,21,1,20
109000097,1,9,-8
109000098,0,0,0
109000099,33,78,-45
109000100,18,152,-134
109000101,62,96,-34
109000102,25,404,-379
109000103,32,142,-110
109000104,100,59,41
109000105,39,733,-694
109000106,112,71,41
109000107,42,745,-703
109000108,105,72,33
109000109,98,833,-735
109000110,102,84,18
109000111,192,875,-683
109000112,24,67,-43
109000113,35,111,-76
109000114,1,15,-14
109000115,33,2,31
109000116,0,84,-84
109000117,5,3,2
109000118,1,155,-154
109000119,23,17,6
109000120,13,574,-561
109000121,6,16,-10
109000122,9,737,-728
109000123,2,12,-10
109000124,56,91,-35
109000125,28,66,-38
109000126,49,774,-725
109000127,37,46,-9
109000128,48,1073,-1025
109000129,18,20,-2
109000130,147,1372,-1225
109000131,74,25,49
109000132,194,632,-438
109000133,35,382,-347
109000134,120,777,-657
109000135,105,487,-382
109000136,3,12,-9
109000137,47,56,-9
109000138,7,27,-20
109000139,31,66,-35
109000140,0,21,-21
109000141,25,123,-98
109000142,7,87,-80
109000143,3,4,-1
109000145,23,4,19
109000146,0,0,0
109000148,1121,110,1011
109000149,9,12,-3
109000150,0,0,0
109000155,44,125,-81
109000156,203,175,28
109000158,5,51,-46
109000159,4,132,-128
109000160,85,87,-2
109000161,12,292,-280
109000162,165,333,-168
109000163,37,227,-190
109000164,115,567,-452
109000165,91,129,-38
109000166,38,48,-10
109000167,9,195,-186
109000170,0,0,0
109000171,0,2,-2
109000172,0,0,0
109000173,1,2,-1
109000174,0,3,-3
109000175,0,0,0
109000176,9,105,-96
109000177,0,0,0
109000178,18,20,-2
109000179,1371,261,1110
109000180,810,352,458
109000181,7,12,-5
109000182,1,11,-10
109000183,0,1,-1
109000184,4,4,0
109000185,1,5,-4
109000188,7,323,-316
109000189,98,177,-79
109000190,56,274,-218
109000191,0,0,0
109000192,1,26,-25
109000193,15,140,-125
109000194,2,8,-6
109000195,4,109,-105
109000196,1,3,-2
109000197,14,138,-124
109000198,3,1,2
109000199,9,123,-114
109000206,20,18,2
109000207,9,13,-4
109000208,16,18,-2
109000209,16,6,10
109000210,17,53,-36
109000211,0,3,-3
109000214,6,29,-23
109000215,0,2,-2
109000216,20,23,-3
109000217,11,10,1
109000218,9,9,0
109000221,14,202,-188
109000222,38,0,38
109000223,33,34,-1
109000224,6,22,-16
109000225,1,3,-2
109000226,1,54,-53
109000227,43,234,-191
109000228,2,156,-154
109000231,0,139,-139
109000232,2,100,-98
109000236,27,436,-409
109000241,128,417,-289
109000242,49,143,-94
109000293,0,0,0
109000361,9,47,-38
109000364,14,138,-124
109000396,1,288,-287
109000397,29,0,29
109000399,12,103,-91
109000400,2,83,-81
109000403,10,13,-3
109000406,29,10,19
109000407,6,38,-32
109000408,0,87,-87
109000410,136,68,68
109000411,0,0,0
109900001,0,0,0
109900002,4,0,4
109900003,0,0,0
109900004,41,20,21
109900005,0,0,0
109900006,0,37,-37
109900007,1,239,-238
109900008,0,11,-11
109900009,4,186,-182
109900010,0,0,0
109900011,1,6,-5
109900012,6,3,3
109900013,17,9,8
109900014,12,7,5
109900015,7,7,0
109900016,6,8,-2
109900017,10,8,2
109900018,3,29,-26
109900019,6,21,-15
109900020,0,2,-2
109900021,1,0,1
109900022,0,56,-56
109900023,0,0,0
109900024,2,0,2
109900025,5,16,-11
109900026,0,22,-22
109900027,0,0,0
109900028,161,17,144
109900029,2,131,-129
109900030,1,0,1
109900031,0,15,-15
109900032,2,45,-43
109900033,0,28,-28
109900034,0,0,0
109900035,1,5,-4
109900036,1,12,-11
109900037,2,103,-101
109900038,3,11,-8
109900039,0,0,0
109900040,0,138,-138
109900041,3,98,-95
109900042,1,80,-79
109900044,3,27,-24
109900045,0,4,-4
109900046,0,0,0
109900047,47,41,6
109900048,0,17,-17
109900049,1,6,-5
109900050,1,48,-47
109900051,0,0,0
109900052,7,40,-33
109900053,0,108,-108
109900054,2,0,2
109900055,1,62,-61
109900056,0,0,0
109900057,1,27,-26
109900058,0,17,-17
109900059,0,0,0
109900060,8,5,3
109900061,11,82,-71
109900062,0,41,-41
109900063,0,32,-32
109900064,9,21,-12
109900065,7,29,-22
109900066,13,149,-136
109900067,0,104,-104
109900068,0,0,0
109900069,0,8,-8
109900070,16,55,-39
109900071,0,9,-9
109900072,2,36,-34
109900073,0,95,-95
109900074,1,21,-20
109900075,0,0,0
109900076,0,55,-55
109900077,0,26,-26
109900078,2,64,-62
109900080,6,67,-61
109900081,0,0,0
109900082,2,95,-93
109900083,1,8,-7
109900084,0,30,-30
109900085,5,165,-160
109900086,0,2,-2
109900087,23,68,-45
109900089,0,0,0
109900090,49,118,-69
109900091,0,0,0
109900092,0,0,0
109900093,0,0,0
109900094,2,10,-8
109900095,0,14,-14
109900096,0,0,0
109900097,0,0,0
109900098,0,0,0
109900099,0,0,0
109900100,0,0,0
109900101,0,0,0
109900102,0,0,0
109900103,0,2,-2
109900104,0,295,-295
109900105,0,0,0
109900106,0,0,0
109900107,0,0,0
109900108,2,149,-147
109900109,0,88,-88
109900110,3,114,-111
109900111,11,123,-112
109900112,33,113,-80
109900113,2,3,-1
109900114,17,6,11
109900115,0,2,-2
109900117,0,0,0
109900118,19,68,-49
109900119,55,54,1
109900120,0,0,0
109900121,36,16,20
109900122,0,0,0
109900123,0,25,-25
109900124,5,188,-183
109900125,0,28,-28
109900126,0,40,-40
109900128,0,0,0
109900130,1154,31,1123
109900131,0,4,-4
109900132,0,2,-2
109900133,0,15,-15
109900134,0,0,0
109900135,28,4,24
109900136,2,5,-3
109900137,1,15,-14
109900138,1,16,-15
109900140,2,97,-95
109900141,7,23,-16
109900142,41,25,16
109900145,0,17,-17
109900146,6,2,4
109900148,1,20,-19
109900149,1,4,-3
109900150,0,10,-10
109900151,0,7,-7
109900152,0,4,-4
109900153,1,16,-15
109900154,0,0,0
109900155,0,0,0
109900157,2,32,-30
109900158,6,39,-33
109900159,5,3,2
109900160,7,3,4
109900161,7,4,3
109900162,8,13,-5
109900163,64,15,49
109900164,1,48,-47
109900165,6,0,6
109900166,0,24,-24
109900167,4,93,-89
109900168,7,69,-62
109900169,16,40,-24
109900170,16,45,-29
109900171,2,7,-5
109900172,12,8,4
109900173,586,83,503
109900174,6,18,-12
109900175,4,24,-20
109900176,11,79,-68
109900177,9,137,-128
109900178,0,16,-16
109900179,0,0,0
109900180,0,0,0
110000001,107,220,-113
110000002,55,67,-12
110000003,773,296,477
110000004,122,87,35
110000005,337,181,156
110000006,68,131,-63
110000007,8,27,-19
110000008,2,22,-20
110000009,0,0,0
110000010,0,32,-32
110000011,0,14,-14
110000012,213,155,58
110000013,5,30,-25
110000014,158,32,126
110000015,15,28,-13
110000016,71,86,-15
110000017,149,24,125
110000018,650,60,590
110000019,0,56,-56
110000020,83,66,17
110000021,4,18,-14
110000022,42,6,36
110000023,0,37,-37
110000024,220,166,54
110000025,8,2,6
110000026,0,132,-132
110000027,45,34,11
110000028,40,46,-6
110000029,110,294,-184
110000030,12,33,-21
110000031,58,204,-146
110000032,31,36,-5
110000033,10,10,0
110000034,73,319,-246
110000035,27,160,-133
110000036,56,233,-177
110000037,6,126,-120
110000038,62,134,-72
110000039,81,76,5
110000040,45,108,-63
110000041,0,1,-1
110000042,6,94,-88
110000043,0,0,0
110000044,1,7,-6
110000045,0,0,0
110000046,0,2,-2
110000047,0,0,0
110000048,1,0,1
110000049,0,0,0
110000050,3,0,3
110000051,0,0,0
110000052,0,0,0
110000053,0,0,0
110000054,7,22,-15
110000055,0,0,0
110000056,0,0,0
110000057,94,350,-256
110000058,61,51,10
110000059,151,299,-148
110000060,62,85,-23
110000061,424,496,-72
110000062,171,101,70
110000063,7,31,-24
110000064,0,0,0
110000065,4,21,-17
110000066,4,6,-2
110000067,0,0,0
110000068,0,0,0
110000069,4,39,-35
110000071,2,47,-45
110000073,0,14,-14
110000075,3,85,-82
110000076,22,7,15
110000077,36,15,21
110000078,2,18,-16
110000080,53,265,-212
110000081,5,48,-43
110000082,0,64,-64
110000083,82,217,-135
110000084,37,91,-54
110000085,1261,351,910
110000086,94,189,-95
110000087,0,16,-16
110000088,0,98,-98
110000089,1,15,-14
110000090,1,80,-79
110000091,362,88,274
110000092,3,24,-21
110000093,32,0,32
110000094,97,195,-98
110000095,9,76,-67
110000096,997,436,561
110000097,187,164,23
110000098,95,66,29
110000099,122,386,-264
110000100,3,156,-153
110000101,1,129,-128
110000102,7,6,1
110000104,5,9,-4
110000105,2,40,-38
110000106,23,14,9
110000107,32,41,-9
110000108,22,0,22
110000109,26,130,-104
110000110,556,205,351
110000111,2763,517,2246
110000112,195,59,136
110000113,154,84,70
110000114,14,33,-19
110000115,19,26,-7
110000116,2,6,-4
110000117,10,168,-158
110000118,29,61,-32
110000119,34,167,-133
110000120,32,48,-16
110000121,9,94,-85
110000122,45,179,-134
110000123,31,32,-1
110000124,0,332,-332
110000125,2,0,2
110000126,1,0,1
110000127,0,0,0
110000128,7,672,-665
110000129,4,212,-208
110000130,2,0,2
110000131,33,182,-149
110000132,3,316,-313
110000133,18,55,-37
110000134,3,78,-75
110000135,0,0,0
110000136,6,85,-79
110000137,7,93,-86
110000138,24,206,-182
110000139,18,169,-151
110000140,0,1,-1
110000143,57,30,27
110000144,842,219,623
110000145,152,126,26
110000146,405,98,307
110000147,31,230,-199
110000148,0,0,0
110000151,33,29,4
110000152,54,83,-29
110000153,1,14,-13
110000154,0,0,0
110000155,321,700,-379
110000156,84,323,-239
110000157,381,423,-42
110000160,45,100,-55
110000161,21,125,-104
110000166,1,5,-4
110000167,47,100,-53
110000168,73,52,21
110000169,29,17,12
110000170,0,4,-4
110000171,11,7,4
110000172,22,344,-322
110000173,222,413,-191
110000174,12,346,-334
110000175,0,0,0
110000176,0,0,0
110000177,0,66,-66
110000178,389,141,248
110000179,336,124,212
110000180,16,55,-39
110000181,19,78,-59
110000182,154,57,97
110000183,1155,470,685
110000184,63,143,-80
110000185,68,212,-144
110000186,133,101,32
110000191,7,124,-117
110000192,5,0,5
110000193,11,0,11
110000194,2,394,-392
110000195,2,22,-20
110000196,24,118,-94
110000197,2,14,-12
110000198,2,2,0
110000199,18,51,-33
110000200,96,223,-127
110000201,31,62,-31
110000202,88,72,16
110000203,52,243,-191
110000204,0,88,-88
110000205,4,4,0
110000206,22,449,-427
110000207,20,55,-35
110000208,6,6,0
110000209,46,201,-155
110000210,1,2,-1
110000211,2,2,0
110000212,24,75,-51
110000213,2,5,-3
110000214,3,6,-3
110000215,7,236,-229
110000216,1,195,-194
110000217,9,30,-21
110000218,8,202,-194
110000219,1,15,-14
110000220,5,133,-128
110000221,8,14,-6
110000222,6,102,-96
110000223,0,5,-5
110000224,0,1,-1
110000225,13,122,-109
110000226,1,1,0
110000227,62,69,-7
110000228,14,1,13
110000229,1,75,-74
110000230,40,72,-32
110000231,4,21,-17
110000232,7,103,-96
110000233,2,32,-30
110000234,2,38,-36
110000235,43,131,-88
110000236,89,425,-336
110000237,267,350,-83
110000238,41,223,-182
110000239,119,398,-279
110000240,0,63,-63
110000242,0,14,-14
110000243,10,64,-54
110000244,7,141,-134
110000245,3,120,-117
110000246,39,160,-121
110000247,231,960,-729
110000248,31,414,-383
110000249,0,0,0
110000250,0,33,-33
110000251,9,83,-74
110000252,17,116,-99
110000253,48,26,22
110000254,115,546,-431
110000255,31,428,-397
110000256,14,5,9
110000257,68,180,-112
110000258,1,69,-68
110000259,5,2,3
110000260,6,62,-56
110000263,64,16,48
110000264,12,105,-93
110000265,255,310,-55
110000266,403,386,17
110000267,5,88,-83
110000268,2,37,-35
110000269,1,29,-28
110000270,0,0,0
110000271,15,6,9
110000272,136,302,-166
110000273,362,418,-56
110000274,34,150,-116
110000275,607,156,451
110000276,19,66,-47
110000277,24,45,-21
110000278,48,229,-181
110000279,8,122,-114
110000280,2,92,-90
110000281,2,64,-62
110000282,9,11,-2
110000283,0,1,-1
110000284,11,1,10
110000285,2,56,-54
110000286,0,0,0
110000287,0,0,0
110000288,0,36,-36
110000289,19,285,-266
110000290,378,217,161
110000291,1420,371,1049
110000292,263,441,-178
110000293,28,332,-304
110000294,53,212,-159
110000295,5,256,-251
110000296,7,140,-133
110000297,336,156,180
110000298,28,123,-95
110000299,0,0,0
110000301,0,0,0
110000302,32,496,-464
110000303,0,0,0
110000304,16,97,-81
110000305,17,0,17
110000306,15,890,-875
110000307,12,0,12
110000308,0,1,-1
110000309,5,556,-551
110000310,27,10,17
110000311,0,357,-357
110000312,31,8,23
110000313,303,626,-323
110000314,0,79,-79
110000315,531,452,79
110000316,164,543,-379
110000317,145,103,42
110000318,3,27,-24
110000319,0,0,0
110000320,5,35,-30
110000321,0,0,0
110000322,3,70,-67
110000323,21,118,-97
110000324,1655,604,1051
110000325,12,34,-22
110000327,1,53,-52
110000328,53,273,-220
110000333,5,10,-5
110000334,51,459,-408
110000335,31,97,-66
110000336,60,475,-415
110000337,38,91,-53
110000338,5,43,-38
110000339,10,79,-69
110000340,1,66,-65
110000341,34,323,-289
110000342,0,0,0
110000343,0,9,-9
110000344,4,42,-38
110000345,3,1,2
110000346,484,312,172
110000347,163,30,133
110000348,0,13,-13
110000349,0,3,-3
110000350,0,0,0
110000351,41,209,-168
110000352,45,547,-502
110000353,565,270,295
110000354,68,525,-457
110000355,1,23,-22
110000356,0,0,0
110000357,29,13,16
110000361,1,24,-23
110000362,0,0,0
110000363,6,2,4
110000364,2,43,-41
110000365,0,0,0
110000366,0,36,-36
110000367,47,126,-79
110000368,0,20,-20
110000369,0,0,0
110000373,2,115,-113
110000374,3,0,3
110000375,7,209,-202
110000376,0,34,-34
110000377,0,0,0
110000378,6,110,-104
110000379,570,216,354
110000380,1,2,-1
110000383,2,131,-129
110000384,1,25,-24
110000385,1,139,-138
110000387,1,10,-9
110000388,2,91,-89
110000389,1,2,-1
110000391,0,103,-103
110000396,5,43,-38
110000397,0,10,-10
110000398,1,4,-3
110000399,0,1,-1
110000587,0,1,-1
110000589,5,2,3
110000640,17,7,10
110000652,0,10,-10
110000653,21,162,-141
110000654,0,1,-1
110000656,0,163,-163
110000674,3,2,1
110000675,1,0,1
110000676,0,17,-17
110000679,257,168,89
110000682,0,0,0
110000683,11,23,-12
110000684,0,24,-24
110000685,0,0,0
110000686,0,11,-11
110000687,0,0,0
110000688,13,12,1
110000689,4,15,-11
110000692,3,29,-26
110000693,3,88,-85
110000694,0,140,-140
110000695,17,292,-275
110000696,0,0,0
110900001,0,2,-2
110900002,0,22,-22
110900003,3,220,-217
110900004,0,60,-60
110900005,294,30,264
110900006,0,0,0
110900007,0,0,0
110900008,0,4,-4
110900009,1,0,1
110900010,0,17,-17
110900011,0,27,-27
110900012,0,23,-23
110900013,0,0,0
110900014,0,0,0
110900015,0,0,0
110900016,0,23,-23
110900017,0,0,0
110900018,0,0,0
110900019,0,0,0
110900020,0,116,-116
110900021,9,153,-144
110900022,2,67,-65
110900023,2,77,-75
110900024,3,139,-136
110900025,1,5,-4
110900027,0,20,-20
110900028,1,6,-5
110900029,3,121,-118
110900030,1,21,-20
110900031,0,55,-55
110900032,0,23,-23
110900033,2,49,-47
110900035,5,51,-46
110900036,0,4,-4
110900037,1,1,0
110900038,23,2,21
110900039,2,30,-28
110900040,0,0,0
110900041,0,38,-38
110900042,0,0,0
110900043,0,33,-33
110900044,0,0,0
110900045,0,134,-134
110900046,17,55,-38
110900047,0,0,0
110900049,0,2,-2
110900050,1,0,1
110900051,5,18,-13
110900052,0,47,-47
110900053,0,0,0
110900054,7,55,-48
110900055,1,0,1
110900056,5,10,-5
110900057,0,41,-41
110900058,0,0,0
110900059,33,136,-103
110900060,14,1,13
110900061,1,4,-3
110900062,0,0,0
110900063,2,8,-6
110900064,0,0,0
110900065,21,4,17
110900066,0,17,-17
110900067,0,0,0
110900068,29,23,6
110900069,0,5,-5
110900070,0,1,-1
110900071,0,0,0
110900073,0,12,-12
110900074,2,12,-10
110900075,2,10,-8
110900077,0,8,-8
110900078,0,33,-33
110900079,39,3,36
110900080,0,0,0
110900081,1,36,-35
110900082,0,0,0
110900083,0,0,0
110900084,0,42,-42
110900085,3,84,-81
110900086,0,0,0
110900087,0,0,0
110900088,0,0,0
110900090,0,0,0
110900091,0,0,0
110900093,0,0,0
110900095,2,6,-4
110900097,0,0,0
110900098,1,9,-8
110900099,12,82,-70
110900100,0,4,-4
110900102,0,2,-2
110900105,75,48,27
110900108,2,16,-14
110900111,4,6,-2
110900112,0,0,0
110900113,0,0,0
110900115,0,0,0
110900116,16,495,-479
110900118,7,13,-6
110900119,1066,31,1035
110900120,0,47,-47
110900121,0,0,0
110900122,2,1,1
110900125,0,4,-4
110900127,26,131,-105
110900128,4,7,-3
110900129,0,0,0
110900130,43,8,35
110900131,0,0,0
110900132,2,1,1
110900133,1,48,-47
110900135,1,100,-99
110900136,0,1,-1
110900137,0,0,0
110900138,0,94,-94
110900139,0,0,0
110900140,0,0,0
110900141,0,10,-10
110900142,0,22,-22
110900143,0,0,0
110900144,1,188,-187
110900145,2,1,1
110900146,10,1,9
110900147,33,80,-47
110900148,0,120,-120
110900149,1,10,-9
110900150,0,2,-2
110900151,0,35,-35
110900152,1,64,-63
110900153,0,0,0
111000001,136,34,102
111000002,144,130,14
111000003,90,104,-14
111000004,135,383,-248
111000005,104,147,-43
111000006,339,762,-423
111000007,520,399,121
111000008,1508,814,694
111000009,251,540,-289
111000010,196,78,118
111000011,465,342,123
111000012,197,80,117
111000013,141,392,-251
111000014,85,112,-27
111000017,42,144,-102
111000018,47,95,-48
111000020,686,924,-238
111000021,0,0,0
111000023,0,0,0
111000025,1578,419,1159
111000029,3,26,-23
111000030,7,26,-19
111000031,84,23,61
111000032,33,18,15
111000033,0,0,0
111000034,47,125,-78
111000037,530,277,253
111000038,275,492,-217
111000039,133,393,-260
111000040,152,458,-306
111000041,118,203,-85
111000042,1588,449,1139
111000043,4,2,2
111000044,1,1,0
111000045,17,28,-11
111000046,11,10,1
111000047,69,117,-48
111000049,60,206,-146
111000050,532,705,-173
111000051,116,465,-349
111000052,169,462,-293
111000053,122,345,-223
111000054,93,407,-314
111000055,207,765,-558
111000056,21,206,-185
111000057,18,193,-175
111000058,10,40,-30
111000059,20,92,-72
111000060,74,89,-15
111000061,49,76,-27
111000062,22,48,-26
111000063,61,102,-41
111000064,44,62,-18
111000065,67,84,-17
111000066,33,61,-28
111000067,41,189,-148
111000068,15,172,-157
111000069,420,523,-103
111000070,843,401,442
111000071,39,385,-346
111000072,0,1,-1
111000073,0,0,0
111000074,4,2,2
111000075,3,1,2
111000076,1,5,-4
111000077,63,85,-22
111000078,393,402,-9
111000079,175,170,5
111000080,64,134,-70
111000081,794,465,329
111000082,87,163,-76
111000084,99,159,-60
111000085,88,99,-11
111000086,108,86,22
111000087,87,145,-58
111000088,119,110,9
111000089,112,187,-75
111000090,404,331,73
111000091,112,203,-91
111000092,168,372,-204
111000093,46,169,-123
111000094,139,198,-59
111000095,37,372,-335
111000096,452,1587,-1135
111000097,2508,240,2268
111000098,105,476,-371
111000099,68,940,-872
111000100,45,906,-861
111000101,78,265,-187
111000102,28,344,-316
111000104,1,0,1
111000107,10,272,-262
111000109,1,1,0
111000110,22,5,17
111000111,23,5,18
111000112,31,4,27
111000113,35,6,29
111000114,28,25,3
111000115,1429,125,1304
111000116,64,116,-52
111000117,48,206,-158
111000118,142,109,33
111000119,104,297,-193
111000120,25,121,-96
111000121,17,106,-89
111000122,58,335,-277
111000123,81,990,-909
111000124,53,1202,-1149
111000125,20,647,-627
111000126,17,278,-261
111000127,0,0,0
111000128,2,1,1
111000129,5,1,4
111000130,29,92,-63
111000131,26,49,-23
111000132,1,0,1
111000133,5,8,-3
111000134,8,20,-12
111000135,0,35,-35
111000136,12,23,-11
111000138,0,0,0
111000140,2,1,1
111000141,21,132,-111
111000142,0,52,-52
111000143,0,40,-40
111000144,3,54,-51
111000145,0,0,0
111000146,3,0,3
111000147,1,0,1
111000148,3,24,-21
111000149,1,27,-26
111000150,1,1,0
111000151,2,17,-15
111000153,50,87,-37
111000154,13,44,-31
111000155,4,42,-38
111000156,1,0,1
111000157,0,3,-3
111000158,0,0,0
111000159,0,0,0
111000160,0,0,0
111000161,0,0,0
111000162,3,38,-35
111000163,67,171,-104
111000164,236,407,-171
111000165,288,134,154
111000166,303,80,223
111000167,26,139,-113
111000168,18,84,-66
111000169,6,53,-47
111000170,33,54,-21
111000171,25,127,-102
111000172,8,80,-72
111000173,14,222,-208
111000174,3,150,-147
111000175,5,75,-70
111000176,6,35,-29
111000177,5,51,-46
111000178,31,69,-38
111000179,6,44,-38
111000180,40,57,-17
111000181,45,56,-11
111000182,6,26,-20
111000183,5,24,-19
111000184,11,18,-7
111000185,24,208,-184
111000186,19,113,-94
111000187,6,118,-112
111000188,6,136,-130
111000189,334,115,219
111000190,34,173,-139
111000191,34,148,-114
111000192,49,200,-151
111000193,92,153,-61
111000194,4,109,-105
111000195,5,145,-140
111000196,4,86,-82
111000197,0,0,0
111000198,0,0,0
111000199,0,0,0
111000200,0,0,0
111000201,0,0,0
111000202,0,0,0
111000203,0,0,0
111000204,0,0,0
111000213,4,22,-18
111000214,89,239,-150
111000215,53,239,-186
111000217,73,162,-89
111000218,73,164,-91
111000219,63,155,-92
111000220,7,168,-161
111000221,0,0,0
111000224,0,54,-54
111000225,8,3,5
111000226,0,0,0
111000227,0,0,0
111000228,1,46,-45
111000229,13,93,-80
111000230,2,0,2
111000231,0,2,-2
111000232,52,310,-258
111000233,59,291,-232
111000234,12,87,-75
111000239,73,90,-17
111000240,0,1,-1
111000241,8,209,-201
111000242,0,0,0
111000243,18,516,-498
111000244,0,0,0
111000245,1,7,-6
111000246,1,8,-7
111000247,29,456,-427
111000248,12,11,1
111000249,94,367,-273
111000250,5,43,-38
111000251,6,28,-22
111000253,0,0,0
111000255,0,0,0
111000257,0,0,0
111000260,21,478,-457
111000261,21,0,21
111000271,7,74,-67
111000273,959,152,807
111000274,179,356,-177
111000275,0,0,0
111000276,39,590,-551
111000277,48,122,-74
111000278,59,39,20
111000291,19,118,-99
111000298,21,11,10
111000299,0,0,0
111000300,2,95,-93
111000302,10,5,5
111000303,12,50,-38
111000312,3,16,-13
111000315,0,1,-1
111000320,27,75,-48
111000321,12,7,5
111000322,9,61,-52
111000323,3,6,-3
111000324,0,0,0
111000325,1,28,-27
111000326,2,65,-63
111000327,26,56,-30
111000328,42,85,-43
111000329,0,17,-17
111000330,0,0,0
111000331,0,0,0
111000332,41,187,-146
111000334,92,610,-518
111000335,39,57,-18
111000337,67,263,-196
111000338,1,45,-44
111000339,22,233,-211
111000340,3,272,-269
111000341,85,68,17
111000342,12,98,-86
111000344,93,100,-7
111000345,1,0,1
111000346,1,38,-37
111000347,7,3,4
111000350,3,1,2
111000351,12,28,-16
111000352,5,1,4
111000353,4,34,-30
111000354,8,1,7
111000355,24,104,-80
111000358,7,583,-576
111000360,1,357,-356
111000361,1,162,-161
111000546,60,378,-318
111000547,2,96,-94
111000548,27,97,-70
111000549,5,55,-50
111000550,19,101,-82
111000551,46,7,39
111000552,6,1,5
111000907,0,1,-1
111000908,0,0,0
111000916,105,122,-17
111000917,9,100,-91
111000918,7,308,-301
111000920,0,0,0
111000921,2,148,-146
111000922,30,198,-168
111000924,3,421,-418
111000925,135,344,-209
111000926,395,1158,-763
111000927,1072,772,300
111000928,3593,1441,2152
111000929,103,183,-80
111000930,163,996,-833
111000931,210,398,-188
111000932,1425,993,432
111000933,284,179,105
111000934,724,1038,-314
111000935,57,175,-118
111000936,122,754,-632
111000937,84,88,-4
111000938,313,888,-575
111000939,0,0,0
111000940,18,56,-38
111000941,1,58,-57
111000943,7,48,-41
111000944,4,94,-90
111000945,3,1023,-1020
111001109,1,1,0
111001110,52,390,-338
111001111,4,1,3
111001112,38,28,10
111001113,0,59,-59
111001114,0,0,0
111001115,6,110,-104
111001116,461,54,407
111001117,329,346,-17
111001120,7,89,-82
111001121,10,69,-59
111001122,7,174,-167
111900001,0,14,-14
111900002,0,33,-33
111900003,0,16,-16
111900004,3,11,-8
111900006,0,0,0
111900007,0,0,0
111900008,0,0,0
111900009,0,7,-7
111900010,63,61,2
111900012,26,10,16
111900013,0,4,-4
111900014,708,82,626
111900015,0,15,-15
111900016,0,22,-22
111900017,0,23,-23
111900018,0,0,0
111900019,0,13,-13
111900020,0,3,-3
111900021,3,7,-4
111900022,5,20,-15
111900023,19,5,14
111900024,0,13,-13
111900025,0,0,0
111900026,0,7,-7
111900027,0,13,-13
111900028,1,106,-105
111900029,0,6,-6
111900030,0,0,0
111900031,2,99,-97
111900032,0,112,-112
111900033,0,3,-3
111900034,0,0,0
111900035,0,44,-44
111900036,1,80,-79
111900038,0,0,0
111900039,2,89,-87
111900040,2,119,-117
111900042,8,8,0
111900043,1,104,-103
111900044,0,0,0
111900046,8,41,-33
111900048,3,228,-225
111900049,5,57,-52
111900050,1,2,-1
111900051,0,56,-56
111900052,49,75,-26
111900053,1,0,1
111900054,4,0,4
111900055,3,153,-150
111900056,0,0,0
111900057,0,3,-3
111900058,2,207,-205
111900059,0,0,0
111900060,1,0,1
111900061,1,51,-50
111900062,0,0,0
111900063,2,19,-17
111900064,15,68,-53
111900065,0,0,0
111900066,0,0,0
111900067,1,27,-26
111900068,0,0,0
111900069,0,0,0
111900070,0,0,0
111900071,1,19,-18
111900072,0,0,0
111900073,0,0,0
111900074,0,5,-5
111900075,0,0,0
111900076,1,1,0
111900077,0,0,0
111900078,0,0,0
111900079,0,0,0
111900080,0,0,0
111900081,0,0,0
111900082,2,0,2
111900083,0,0,0
111900084,0,0,0
111900085,0,0,0
111900086,1,0,1
111900087,0,0,0
111900088,0,0,0
111900089,0,0,0
111900090,0,0,0
111900091,1,0,1
111900092,0,0,0
111900093,1,0,1
111900094,0,0,0
111900095,0,0,0
111900096,0,0,0
111900097,0,0,0
111900098,1,0,1
111900099,0,0,0
111900100,0,0,0
111900101,0,0,0
111900102,0,82,-82
111900103,0,0,0
111900104,0,0,0
111900105,0,0,0
111900106,81,3,78
111900107,0,1,-1
111900108,9,0,9
111900109,7,8,-1
111900110,347,6,341
111900111,0,16,-16
111900112,0,1,-1
111900113,0,0,0
111900114,0,1,-1
111900115,0,0,0
111900118,0,0,0
111900119,0,0,0
111900122,0,0,0
111900123,0,0,0
111900124,1,5,-4
111900125,0,0,0
111900126,0,0,0
111900127,0,0,0
111900128,0,0,0
111900129,0,0,0
111900130,0,0,0
111900131,0,0,0
111900132,0,0,0
111900133,0,0,0
111900134,3,54,-51
111900135,0,0,0
111900136,0,0,0
111900137,8,2,6
111900138,0,18,-18
111900139,2,19,-17
111900140,0,0,0
111900141,0,0,0
111900142,0,0,0
111900143,0,30,-30
111900144,0,41,-41
111900145,0,96,-96
111900146,0,58,-58
111900147,7,78,-71
111900148,0,59,-59
111900149,3,32,-29
111900150,1,12,-11
111900151,0,2,-2
111900152,1,0,1
111900153,14,1,13
111900154,0,0,0
111900155,0,0,0
111900156,0,0,0
111900157,0,0,0
111900158,0,0,0
111900159,0,0,0
111900160,0,0,0
111900161,0,0,0
111900162,0,0,0
111900163,0,0,0
111900164,0,0,0
111901113,0,38,-38
111901114,0,2,-2
111901115,0,0,0
111901116,0,0,0
111901117,0,0,0
111901118,0,0,0
111901119,0,0,0
111901120,1,0,1
111901121,12,31,-19
111901122,0,73,-73
111901123,1,77,-76
111901124,0,0,0
111901125,0,0,0
111901126,0,0,0
111901127,0,0,0
111901128,0,0,0
111901129,0,0,0
111901130,0,0,0
111901131,1,24,-23
111901132,0,0,0
111901133,0,0,0
111901134,0,0,0
111901135,0,0,0
111901136,0,0,0
111901137,0,0,0
111901138,0,0,0
111901139,0,0,0
111901140,0,0,0
111901141,0,0,0
111901142,0,0,0
111901143,0,0,0
111901144,0,0,0
112000001,245,201,44
112000002,273,836,-563
112000003,114,184,-70
112000004,127,592,-465
112000005,255,274,-19
112000006,330,817,-487
112000007,117,166,-49
112000008,195,414,-219
112000009,671,876,-205
112000010,125,244,-119
112000011,287,780,-493
112000012,280,334,-54
112000013,2348,885,1463
112000014,134,89,45
112000015,432,594,-162
112000016,72,105,-33
112000017,123,370,-247
112000024,548,239,309
112000026,1220,1685,-465
112000027,5,8,-3
112000028,424,797,-373
112000029,31,33,-2
112000030,60,22,38
112000031,262,274,-12
112000032,405,17,388
112000033,480,69,411
112000034,96,12,84
112000035,9,48,-39
112000036,79,36,43
112000037,22,205,-183
112000038,62,88,-26
112000039,0,0,0
112000040,17,40,-23
112000041,26,65,-39
112000042,134,88,46
112000050,0,0,0
112000051,22,39,-17
112000054,420,297,123
112000057,100,49,51
112000058,87,60,27
112000059,0,0,0
112000061,1654,395,1259
112000062,860,52,808
112000063,123,62,61
112000064,1866,1698,168
112000065,740,838,-98
112000066,0,3,-3
112000067,163,179,-16
112000068,0,3,-3
112000069,86,908,-822
112000070,45,8,37
112000071,98,1053,-955
112000072,43,24,19
112000073,146,451,-305
112000074,11,92,-81
112000075,9,57,-48
112000076,330,414,-84
112000077,30,225,-195
112000078,41,131,-90
112000079,133,431,-298
112000080,26,219,-193
112000081,353,581,-228
112000082,42,12,30
112000083,134,459,-325
112000084,29,13,16
112000085,99,369,-270
112000086,22,47,-25
112000087,17,212,-195
112000088,9,17,-8
112000089,7,105,-98
112000090,1,12,-11
112000091,111,522,-411
112000092,67,59,8
112000093,395,579,-184
112000094,34,71,-37
112000095,75,311,-236
112000096,10,73,-63
112000097,1,7,-6
112000098,130,537,-407
112000099,34,9,25
112000100,53,34,19
112000101,115,427,-312
112000102,37,19,18
112000103,45,542,-497
112000105,67,787,-720
112000106,22,25,-3
112000107,0,0,0
112000108,10,186,-176
112000109,0,0,0
112000110,37,28,9
112000111,249,1848,-1599
112000112,76,17,59
112000113,396,1131,-735
112000114,41,24,17
112000115,7,72,-65
112000116,0,120,-120
112000117,4,110,-106
112000118,97,275,-178
112000119,60,271,-211
112000120,17,143,-126
112000121,0,2,-2
112000122,1,1,0
112000123,1,1,0
112000124,0,2,-2
112000125,1,0,1
112000126,0,0,0
112000127,228,68,160
112000128,113,43,70
112000129,3,37,-34
112000130,5,7,-2
112000131,0,92,-92
112000132,11,155,-144
112000133,0,56,-56
112000134,16,150,-134
112000135,37,11,26
112000136,86,331,-245
112000137,14,21,-7
112000138,94,414,-320
112000139,0,0,0
112000140,104,326,-222
112000141,0,0,0
112000142,35,292,-257
112000143,0,0,0
112000144,25,525,-500
112000145,4,1,3
112000146,80,950,-870
112000147,2,1,1
112000148,123,669,-546
112000149,0,0,0
112000150,7,93,-86
112000151,0,0,0
112000152,27,51,-24
112000153,0,13,-13
112000154,8,18,-10
112000155,12,3,9
112000157,61,68,-7
112000158,4,60,-56
112000159,30,73,-43
112000167,6,0,6
112000169,11,23,-12
112000173,3,61,-58
112000175,2,31,-29
112000176,1415,497,918
112000177,2,6,-4
112000178,0,6,-6
112000179,0,12,-12
112000180,30,63,-33
112000181,147,682,-535
112000182,24,298,-274
112000183,0,0,0
112000184,0,0,0
112000185,29,84,-55
112000187,497,570,-73
112000195,0,0,0
112000196,0,0,0
112000197,0,0,0
112000198,0,2,-2
112000199,0,5,-5
112000202,0,1,-1
112000216,33,13,20
112000230,2,0,2
112000231,0,5,-5
112000256,0,0,0
112000313,12,14,-2
112000314,0,1,-1
112000337,6,132,-126
112000352,7,21,-14
112000392,325,90,235
112000398,61,61,0
112000399,21,47,-26
112000400,350,997,-647
112000401,1068,644,424
112000402,123,228,-105
112000403,34,64,-30
112000404,43,59,-16
112000405,55,180,-125
112000406,608,869,-261
112000407,370,424,-54
112000408,2590,1800,790
112000409,325,1319,-994
112000410,0,0,0
112000411,321,21,300
112000412,129,40,89
112000413,127,10,117
112000414,3,13,-10
112000415,0,0,0
112000416,100,103,-3
112000417,0,0,0
112000421,2,21,-19
112000422,10,61,-51
112000424,249,235,14
112000425,51,324,-273
112000426,3,60,-57
112000427,0,0,0
112000428,0,20,-20
112000429,251,655,-404
112000430,417,832,-415
112000431,0,0,0
112000432,107,851,-744
112000433,101,48,53
112000437,2,35,-33
112900001,0,0,0
112900002,0,1,-1
112900003,3,26,-23
112900004,0,49,-49
112900005,0,23,-23
112900006,1,126,-125
112900007,0,0,0
112900008,0,0,0
112900009,0,0,0
112900010,2,82,-80
112900011,31,10,21
112900012,0,7,-7
112900013,0,0,0
112900014,0,27,-27
112900015,66,374,-308
112900016,0,30,-30
112900017,0,0,0
112900018,0,44,-44
112900019,3,13,-10
112900020,158,563,-405
112900021,0,63,-63
112900022,0,0,0
112900023,0,23,-23
112900024,0,56,-56
112900025,0,0,0
112900026,1,20,-19
112900027,0,0,0
112900028,4,15,-11
112900029,0,0,0
112900030,29,30,-1
112900031,0,0,0
112900032,2,24,-22
112900034,0,0,0
112900035,0,0,0
112900036,3,10,-7
112900037,0,0,0
112900038,2,12,-10
112900039,0,0,0
112900040,1,1,0
112900041,160,78,82
112900042,4,45,-41
112900043,0,4,-4
112900044,45,48,-3
112900045,0,0,0
112900046,14,4,10
112900047,1,0,1
112900049,0,7,-7
112900050,33,177,-144
112900051,83,173,-90
112900052,1,150,-149
112900053,6,45,-39
112900054,0,0,0
112900055,3,0,3
112900056,0,0,0
112900057,1,143,-142
112900058,21,6,15
112900059,0,6,-6
112900060,1,34,-33
112900061,3,7,-4
112900062,5,10,-5
112900063,0,0,0
112900064,8,11,-3
112900065,0,0,0
112900066,5,2,3
112900067,47,19,28
112900068,0,0,0
112900069,160,5,155
112900071,0,0,0
112900072,2,1,1
112900073,3,0,3
112900074,0,0,0
112900075,4,3,1
112900076,0,0,0
112900078,0,0,0
112900079,0,0,0
112900080,0,0,0
112900081,1,2,-1
112900082,10,1,9
112900083,7,2,5
112900084,0,0,0
112900085,0,0,0
112900086,0,0,0
112900087,3,6,-3
112900088,0,0,0
112900089,11,0,11
112900090,0,0,0
112900091,0,0,0
112900092,0,0,0
112900093,0,0,0
112900094,0,0,0
112900095,0,0,0
112900096,6,3,3
112900097,0,44,-44
112900098,0,0,0
112900099,13,0,13
112900100,0,0,0
112900101,0,0,0
112900102,0,0,0
112900103,0,0,0
112900104,0,0,0
112900105,0,0,0
112900106,7,2,5
112900107,0,0,0
112900108,0,0,0
112900109,1,0,1
112900110,0,0,0
112900111,0,0,0
112900112,0,0,0
112900113,0,1,-1
112900114,0,0,0
112900115,12,0,12
112900116,0,3,-3
112900117,3,3,0
112900118,0,3,-3
112900119,0,0,0
112900120,134,35,99
112900121,11,6,5
112900122,0,15,-15
112900123,0,0,0
112900124,1,18,-17
112900125,0,2,-2
112900126,20,34,-14
112900127,0,0,0
112900128,65,210,-145
112900129,5,373,-368
112900130,0,0,0
112900131,14,67,-53
112900132,0,111,-111
112900133,0,185,-185
112900134,1,92,-91
112900135,0,0,0
112900136,0,6,-6
112900137,0,157,-157
112900138,1,189,-188
112900139,53,405,-352
112900140,0,9,-9
112900141,9,6,3
112900142,0,0,0
112900143,11,194,-183
112900144,0,19,-19
112900145,8,147,-139
112900146,1,132,-131
112900147,2,904,-902
112900148,4,0,4
112900149,11,24,-13
112900151,0,0,0
112900152,576,111,465
112900153,9,4,5
112900154,0,0,0
112900155,0,0,0
112900156,0,124,-124
112900157,13,3,10
112900158,0,0,0
112900159,0,4,-4
112900160,3,23,-20
112900161,0,0,0
112900162,0,1,-1
112900163,0,0,0
112900164,0,0,0
112900165,1,38,-37
112900166,0,0,0
112900167,0,0,0
112900168,0,0,0
112900169,0,0,0
112900170,0,0,0
112900172,0,0,0
112900173,11,11,0
112900174,0,0,0
112900175,0,0,0
112900176,0,0,0
112900177,0,0,0
112900178,0,0,0
112900179,3,84,-81
112900180,1,422,-421
112900181,0,0,0
112900182,0,37,-37
112900183,0,0,0
112900184,53,71,-18
112900185,1,3,-2
112900186,135,80,55
112900187,0,0,0
112900188,251,55,196
112900189,0,2,-2
112900190,0,4,-4
112900192,34,29,5
112900193,86,25,61
112900194,0,4,-4
112900195,16,1,15
112900196,48,262,-214
112900197,25,182,-157
112900199,0,0,0
112900200,0,0,0
112900201,0,0,0
112900202,1,78,-77
112900203,0,0,0
112900204,18,9,9
112900205,0,1,-1
112900206,0,1,-1
112900207,0,1,-1
112900208,0,10,-10
112900209,34,83,-49
112900210,0,7,-7
112900211,0,0,0
112900212,0,0,0
112900213,0,0,0
112900214,0,1,-1
112900215,1,42,-41
112900216,1,5,-4
112900217,0,26,-26
112900218,0,0,0
112900219,0,0,0
112900220,0,0,0
112900221,0,0,0
112900222,0,0,0
112900223,47,0,47
112900224,1,203,-202
112900225,2,178,-176
112900226,8,2,6
112900227,2,285,-283
112900228,0,2,-2
112900229,0,0,0
112900230,1676,255,1421
112900232,4,20,-16
112900233,1,43,-42
112900234,0,10,-10
112900235,1,1,0
112900236,1,1,0
112900237,5,70,-65
112900238,0,11,-11
113000001,923,893,30
113000002,421,226,195
113000003,540,338,202
113000004,441,189,252
113000005,160,220,-60
113000006,79,91,-12
113000007,210,271,-61
113000008,168,123,45
113000009,175,218,-43
113000010,148,139,9
113000011,122,394,-272
113000012,194,163,31
113000013,173,103,70
113000014,113,254,-141
113000015,7,35,-28
113000016,46,110,-64
113000017,6,88,-82
113000018,9,0,9
113000019,10,175,-165
113000020,0,0,0
113000021,48,247,-199
113000022,57,506,-449
113000025,8,67,-59
113000026,5,66,-61
113000027,31,78,-47
113000028,102,100,2
113000029,11,4,7
113000030,381,235,146
113000031,209,127,82
113000032,0,3,-3
113000033,1,2,-1
113000034,302,154,148
113000035,10,15,-5
113000036,0,0,0
113000037,37,16,21
113000038,0,0,0
113000039,15,46,-31
113000040,41,19,22
113000042,136,55,81
113000051,81,143,-62
113000052,488,76,412
113000053,30,85,-55
113000054,26,57,-31
113000055,50,126,-76
113000056,66,276,-210
113000058,159,183,-24
113000059,0,0,0
113000060,6,89,-83
113000061,107,61,46
113000062,60,1,59
113000063,0,0,0
113000064,0,1,-1
113000065,50,350,-300
113000066,16,27,-11
113000067,47,76,-29
113000068,51,557,-506
113000069,58,365,-307
113000070,43,48,-5
113000071,34,187,-153
113000072,31,21,10
113000073,167,438,-271
113000074,79,59,20
113000075,118,90,28
113000076,293,470,-177
113000077,4,0,4
113000078,164,378,-214
113000079,148,138,10
113000080,9,9,0
113000081,0,0,0
113000082,257,188,69
113000083,0,2,-2
113000084,244,246,-2
113000085,41,26,15
113000086,128,181,-53
113000087,20,26,-6
113000088,486,225,261
113000089,13,49,-36
113000090,1,30,-29
113000091,425,86,339
113000094,29,12,17
113000095,79,527,-448
113000096,59,348,-289
113000097,11,8,3
113000098,0,0,0
113000099,39,17,22
113000100,31,176,-145
113000101,84,126,-42
113000102,4,15,-11
113000103,398,308,90
113000104,13,128,-115
113000105,17,20,-3
113000106,51,248,-197
113000107,41,69,-28
113000108,148,429,-281
113000109,81,168,-87
113000110,0,0,0
113000111,7,23,-16
113000112,0,0,0
113000113,0,0,0
113000114,88,111,-23
113000116,63,21,42
113000117,54,18,36
113000118,2,11,-9
113000119,12,43,-31
113000120,0,9,-9
113000121,32,100,-68
113000124,0,0,0
113000125,0,0,0
113000127,881,134,747
113000128,3,5,-2
113000129,454,222,232
113000133,1621,285,1336
113000134,1,123,-122
113000135,31,35,-4
113000137,9,1,8
113000139,4,0,4
113000140,152,183,-31
113000141,2,1,1
113000142,183,231,-48
113000143,1,0,1
113000144,117,52,65
113000145,1,1,0
113000146,15,33,-18
113000147,25,92,-67
113000148,1,1,0
113000149,1,3,-2
113000150,104,68,36
113000151,60,19,41
113000152,1,4,-3
113000153,258,36,222
113000154,77,128,-51
113000155,51,96,-45
113000156,62,75,-13
113000157,36,145,-109
113000158,162,46,116
113000159,238,133,105
113000160,77,199,-122
113000161,6,54,-48
113000162,230,120,110
113000163,0,0,0
113000164,3,30,-27
113000166,0,0,0
113000167,3,176,-173
113000168,28,218,-190
113000169,0,0,0
113000170,1,3,-2
113000171,36,76,-40
113000172,0,0,0
113000173,0,0,0
113000174,36,494,-458
113000175,1,1,0
113000176,1,0,1
113000177,22,338,-316
113000178,23,280,-257
113000179,0,0,0
113000180,43,196,-153
113000181,92,353,-261
113000182,44,32,12
113000183,54,194,-140
113000184,14,48,-34
113000189,63,68,-5
113000190,184,29,155
113000192,501,339,162
113000193,460,162,298
113000194,269,278,-9
113000195,122,61,61
113000196,13,23,-10
113000197,70,80,-10
113000198,8,65,-57
113000199,7,12,-5
113000201,1,45,-44
113000202,579,106,473
113000203,0,0,0
113000204,238,299,-61
113000205,4,19,-15
113000206,0,0,0
113000207,21,13,8
113000208,0,1,-1
113000209,10,30,-20
113000210,0,0,0
113000211,23,8,15
113000212,22,4,18
113000213,0,13,-13
113000214,13,52,-39
113000234,30,474,-444
113000410,7,7,0
113000411,565,783,-218
113000412,2768,560,2208
113000413,1321,490,831
113000414,2657,587,2070
113000415,1004,885,119
113000416,3957,1146,2811
113000417,735,698,37
113000418,528,589,-61
113000419,393,379,14
113000420,1380,710,670
113000421,468,361,107
113000422,5911,750,5161
113000423,1452,688,764
113000424,1610,674,936
113000425,5,38,-33
113000428,0,6,-6
113000430,0,0,0
113000432,44,1,43
113000433,25,305,-280
113000434,8,179,-171
113000435,2,333,-331
113000436,6,422,-416
113000437,0,0,0
113000438,0,0,0
113000439,2,64,-62
113000440,0,0,0
113000441,0,0,0
113000442,12,160,-148
113000443,0,0,0
113000444,9,117,-108
113000445,0,0,0
113000446,10,56,-46
113000448,30,34,-4
113000449,0,0,0
113000450,25,14,11
113000451,178,26,152
113000452,1,0,1
113000453,22,85,-63
113000454,0,0,0
113000455,0,31,-31
113000456,208,119,89
113000468,120,13,107
113000469,34,10,24
113000470,2,0,2
113000471,0,3,-3
113000472,32,33,-1
113000474,31,124,-93
113000475,263,343,-80
113000476,105,558,-453
113000477,363,733,-370
113000478,673,1072,-399
113000479,11,124,-113
113000480,11,8,3
113000482,0,1,-1
113000484,0,0,0
113000485,0,0,0
113000486,0,0,0
113000487,0,0,0
113000489,0,0,0
113000490,0,0,0
113000491,0,0,0
113000492,0,0,0
113000493,0,0,0
113000495,16,62,-46
113000496,0,0,0
113000498,0,0,0
113000499,0,0,0
113000500,0,4,-4
113900001,0,0,0
113900002,0,0,0
113900003,0,0,0
113900004,0,0,0
113900005,0,0,0
113900006,0,0,0
113900007,0,0,0
113900008,0,0,0
113900009,0,0,0
113900010,0,0,0
113900011,0,0,0
113900012,0,0,0
113900013,0,0,0
113900014,0,0,0
113900015,0,9,-9
113900016,0,0,0
113900017,0,0,0
113900018,32,2,30
113900019,3,1,2
113900020,0,0,0
113900022,0,0,0
113900023,0,0,0
113900024,3,5,-2
113900025,0,0,0
113900026,0,0,0
113900027,0,0,0
113900028,0,0,0
113900029,2,22,-20
113900030,0,0,0
113900031,0,0,0
113900032,0,0,0
113900033,0,12,-12
113900035,0,0,0
113900036,0,0,0
113900037,0,0,0
113900038,0,1,-1
113900039,0,0,0
113900040,0,0,0
113900041,0,0,0
113900042,1,2,-1
113900043,8,16,-8
113900044,0,0,0
113900045,0,0,0
113900046,40,94,-54
113900047,0,0,0
113900048,60,5,55
113900049,79,2,77
113900050,16,30,-14
113900051,10,44,-34
113900052,0,0,0
113900053,0,0,0
113900054,0,0,0
113900055,6,112,-106
113900056,0,0,0
113900057,2,6,-4
113900058,3,16,-13
113900059,8,46,-38
113900060,0,0,0
113900061,0,0,0
113900062,0,0,0
113900063,0,0,0
113900064,0,10,-10
113900065,0,0,0
113900066,3,63,-60
113900067,0,0,0
113900068,0,0,0
113900069,0,0,0
113900070,15,66,-51
113900071,0,0,0
113900072,2,24,-22
113900073,2,30,-28
113900074,0,0,0
113900075,0,0,0
113900076,0,0,0
113900077,1,36,-35
113900078,0,0,0
113900079,0,4,-4
113900080,0,0,0
113900081,0,32,-32
113900082,0,51,-51
113900083,0,0,0
113900084,0,0,0
113900085,2,86,-84
113900086,0,0,0
113900087,0,0,0
113900088,0,0,0
113900089,0,0,0
113900090,0,1,-1
113900091,0,0,0
113900092,0,4,-4
113900093,0,53,-53
113900094,0,0,0
113900095,0,0,0
113900096,0,0,0
113900097,0,14,-14
113900098,0,0,0
113900099,0,0,0
113900100,0,0,0
113900101,1,10,-9
113900102,0,5,-5
113900103,0,0,0
113900104,0,0,0
113900105,0,27,-27
113900106,0,0,0
113900107,0,0,0
113900108,0,21,-21
113900109,4,10,-6
113900110,0,0,0
113900111,0,0,0
113900112,2,3,-1
113900113,10,5,5
113900114,0,0,0
113900115,0,0,0
113900116,0,13,-13
113900117,1,0,1
113900118,0,0,0
113900119,0,0,0
113900120,0,0,0
113900121,0,0,0
113900122,0,0,0
113900123,9,2,7
113900124,0,0,0
113900125,6,8,-2
113900126,1,1,0
113900127,3,12,-9
113900128,0,0,0
113900129,0,0,0
113900130,0,0,0
113900131,4,1,3
113900132,0,0,0
113900133,1,2,-1
113900135,3,40,-37
113900136,3,10,-7
113900137,4,3,1
113900138,0,0,0
113900139,96,7,89
113900140,0,0,0
113900141,6,31,-25
113900142,0,8,-8
113900143,1,3,-2
113900144,0,0,0
113900145,3,11,-8
113900146,1,5,-4
113900148,5,9,-4
113900149,0,0,0
113900150,360,79,281
113900151,0,4,-4
113900152,0,0,0
113900153,46,31,15
113900154,0,0,0
113900155,48,7,41
113900156,24,142,-118
113900157,0,3,-3
113900158,52,4,48
113900159,0,0,0
113900160,50,196,-146
113900161,0,3,-3
113900162,61,43,18
113900163,7,35,-28
113900164,0,0,0
113900165,85,120,-35
113900166,9,3,6
113900167,0,0,0
113900168,10,19,-9
113900169,20,106,-86
113900171,0,0,0
113900172,1,39,-38
113900173,4,71,-67
113900174,29,204,-175
113900175,0,0,0
113900176,27,208,-181
113900177,10,15,-5
113900178,0,0,0
113900179,0,95,-95
113900180,7,10,-3
113900181,0,0,0
113900182,42,223,-181
113900183,9,6,3
113900184,1,95,-94
113900185,5,9,-4
113900186,0,1,-1
113900187,1,19,-18
113900188,3,13,-10
113900189,0,0,0
113900190,71,23,48
113900191,5,14,-9
113900192,0,0,0
113900193,4,59,-55
113900194,122,81,41
113900195,44,100,-56
113900196,0,10,-10
113900197,0,49,-49
113900198,1,22,-21
113900199,28,89,-61
113900200,0,9,-9
113900201,2,48,-46
113900202,2,17,-15
113900203,0,64,-64
113900204,3,76,-73
113900205,9,8,1
113900206,0,9,-9
113900207,0,8,-8
113900208,0,4,-4
113900209,0,8,-8
113900210,57,62,-5
113900211,10,1,9
113900212,0,74,-74
113900214,70,39,31
113900215,0,25,-25
113900216,0,79,-79
113900217,0,0,0
113900218,0,0,0
113900219,9,28,-19
113900220,0,0,0
113900221,0,0,0
113900222,0,14,-14
113900223,4,115,-111
113900224,28,5,23
113900225,0,0,0
113900226,0,0,0
113900227,0,0,0
113900228,27,4,23
113900229,0,4,-4
113900230,223,26,197
113900231,8,22,-14
113900232,1,10,-9
113900233,0,3,-3
113900234,4,11,-7
113900235,0,0,0
113900236,0,0,0
113900237,0,0,0
113900238,5,13,-8
113900239,1,0,1
113900240,0,5,-5
113900241,10,5,5
113900242,8,11,-3
113900243,2,45,-43
113900244,109,16,93
113900245,136,15,121
113900246,0,0,0
113900247,0,0,0
113900248,340,33,307
113900249,0,0,0
113900250,0,0,0
113900251,0,29,-29
113900252,0,0,0
113900253,0,0,0
113900254,0,0,0
113900255,0,0,0
113900256,0,0,0
113900257,4,95,-91
113900258,2,93,-91
113900259,2,52,-50
113900260,0,0,0
113900261,0,26,-26
113900262,0,118,-118
113900263,7,56,-49
113900264,1,100,-99
113900265,41,46,-5
113900266,3,85,-82
113900267,5,54,-49
113900268,0,0,0
113900269,4,11,-7
113900270,17,74,-57
113900271,35,433,-398
113900273,0,0,0
113900274,0,0,0
113900275,4,5,-1
113900276,1,39,-38
113900277,0,0,0
113900278,9,15,-6
113900279,2,23,-21
113900280,44,38,6
113900281,12,50,-38
113900282,29,6,23
113900283,0,0,0
113900284,0,4,-4
113900285,0,2,-2
113900286,0,0,0
113900287,2,15,-13
113900288,0,26,-26
113900289,136,1,135
113900290,37,5,32
113900291,12,25,-13
113900292,0,0,0
113900293,0,43,-43
113900294,0,0,0
113900295,8,5,3
113900296,11,3,8
113900297,0,0,0
113900298,2,357,-355
113900299,0,0,0
113900300,438,0,438
113900301,0,0,0
113900302,0,6,-6
113900303,34,3,31
113900304,0,41,-41
113900305,0,0,0
113900306,0,0,0
113900307,0,0,0
113900308,6,5,1
113900309,0,169,-169
113900310,0,0,0
113900311,0,0,0
113900312,0,2,-2
113900313,0,0,0
114000001,290,873,-583
114000002,0,0,0
114000003,3,10,-7
114000004,3,2,1
114000005,6,10,-4
114000006,436,447,-11
114000007,59,382,-323
114000008,244,245,-1
114000009,9,16,-7
114000011,608,818,-210
114000012,206,755,-549
114000013,143,625,-482
114000014,88,163,-75
114000015,65,136,-71
114000016,15,91,-76
114000017,23,19,4
114000018,79,13,66
114000026,134,459,-325
114000027,218,532,-314
114000028,311,506,-195
114000038,8,4,4
114000039,14,47,-33
114000040,5,14,-9
114000042,20,58,-38
114000043,1,16,-15
114000044,3,12,-9
114000045,4,28,-24
114000046,311,1046,-735
114000047,0,20,-20
114000048,2,10,-8
114000049,18,68,-50
114000050,26,55,-29
114000051,171,186,-15
114000052,98,55,43
114000053,1,18,-17
114000054,1,17,-16
114000055,5,3,2
114000056,133,154,-21
114000057,2291,612,1679
114000058,43,17,26
114000059,49,47,2
114000060,64,304,-240
114000061,202,19,183
114000062,95,34,61
114000063,764,747,17
114000064,2463,541,1922
114000065,411,615,-204
114000066,19,205,-186
114000067,0,0,0
114000068,34,27,7
114000069,65,36,29
114000070,76,40,36
114000071,27,65,-38
114000072,4,66,-62
114000073,0,0,0
114000074,7,15,-8
114000075,0,0,0
114000076,0,0,0
114000077,0,0,0
114000078,5,104,-99
114000079,2,3,-1
114000080,2,3,-1
114000081,0,0,0
114000082,10,190,-180
114000083,11,128,-117
114000084,4,1,3
114000085,14,254,-240
114000086,23,226,-203
114000087,1,71,-70
114000088,0,0,0
114000089,131,98,33
114000090,29,30,-1
114000091,126,58,68
114000092,91,63,28
114000093,29,115,-86
114000094,22,50,-28
114000095,0,0,0
114000096,7,85,-78
114000097,6,182,-176
114000098,0,0,0
114000099,8,148,-140
114000100,11,73,-62
114000101,52,308,-256
114000102,0,0,0
114000103,3,56,-53
114000104,1,32,-31
114000105,0,2,-2
114000106,140,57,83
114000107,22,17,5
114000108,674,458,216
114000109,0,0,0
114000110,112,481,-369
114000111,0,0,0
114000112,58,574,-516
114000113,0,0,0
114000114,216,510,-294
114000115,2,0,2
114000116,27,21,6
114000117,51,11,40
114000118,51,20,31
114000119,60,8,52
114000120,123,293,-170
114000121,54,118,-64
114000122,71,91,-20
114000123,0,1,-1
114000124,0,1,-1
114000125,193,541,-348
114000126,25,1,24
114000127,2,42,-40
114000128,23,74,-51
114000130,0,0,0
114000131,0,0,0
114000132,204,269,-65
114000133,109,383,-274
114000134,20,48,-28
114000138,31,25,6
114000139,0,6,-6
114000144,7,23,-16
114000145,12,51,-39
114000146,12,66,-54
114000147,22,30,-8
114000148,84,6,78
114000149,8,28,-20
114000150,242,174,68
114000151,10,5,5
114000152,7,4,3
114000153,146,221,-75
114000154,84,106,-22
114000155,40,73,-33
114000156,18,42,-24
114000157,19,116,-97
114000158,530,116,414
114000159,36,45,-9
114000160,10,23,-13
114000161,31,23,8
114000162,6,11,-5
114000163,0,22,-22
114000165,0,6,-6
114000166,86,12,74
114000167,652,327,325
114000168,153,282,-129
114000169,165,76,89
114000170,45,64,-19
114000171,57,61,-4
114000174,39,160,-121
114000176,93,144,-51
114000177,671,274,397
114000178,0,0,0
114000179,49,7,42
114000180,122,214,-92
114000181,199,320,-121
114000182,1004,651,353
114000183,383,371,12
114000184,1941,758,1183
114000185,53,41,12
114000189,1,0,1
114000190,2,0,2
114000191,0,0,0
114000192,103,606,-503
114000193,309,1310,-1001
114000194,300,355,-55
114000195,0,0,0
114000196,1,86,-85
114000197,0,30,-30
114000198,324,82,242
114000199,317,166,151
114000200,56,630,-574
114000201,10,308,-298
114000202,168,243,-75
114000203,73,259,-186
114000204,22,110,-88
114000205,17,437,-420
114000206,66,354,-288
114000207,217,841,-624
114000208,86,1164,-1078
114000209,142,1291,-1149
114000210,100,720,-620
114000211,34,211,-177
114000212,101,157,-56
114000213,197,60,137
114000214,6,24,-18
114000215,0,29,-29
114000216,35,0,35
114000217,2,90,-88
114000218,1,24,-23
114000219,26,87,-61
114000220,4,564,-560
114000221,25,23,2
114000222,28,393,-365
114000223,0,0,0
114000224,32,218,-186
114000225,33,199,-166
114000226,5,98,-93
114000227,68,114,-46
114000228,35,154,-119
114000229,87,322,-235
114000230,94,230,-136
114000231,140,376,-236
114000232,12,45,-33
114000233,69,28,41
114000234,42,112,-70
114000235,129,449,-320
114000236,1,351,-350
114000237,24,448,-424
114000238,0,13,-13
114000239,13,429,-416
114000240,126,219,-93
114000241,52,449,-397
114000242,269,355,-86
114000243,107,107,0
114000244,0,0,0
114000245,61,327,-266
114000246,64,25,39
114000247,36,77,-41
114000248,76,86,-10
114000249,39,88,-49
114000250,49,151,-102
114000251,16,114,-98
114000252,13,14,-1
114000253,0,0,0
114000254,1,13,-12
114000255,85,40,45
114000256,19,16,3
114000257,120,810,-690
114000258,23,104,-81
114000259,12,145,-133
114000260,0,41,-41
114000261,6,0,6
114000262,4,45,-41
114000263,0,0,0
114000264,16,86,-70
114000265,0,5,-5
114000267,3,470,-467
114000268,2,804,-802
114000270,0,1,-1
114000271,46,21,25
114000283,31,95,-64
114000285,20,128,-108
114000288,2,164,-162
114000289,89,47,42
114000293,18,149,-131
114000294,6,17,-11
114000395,59,5,54
114000396,4,31,-27
114000402,18,59,-41
114000403,16,41,-25
114000405,12,231,-219
114000423,2,180,-178
114000424,17,62,-45
114000425,15,215,-200
114000426,0,0,0
114000427,9,48,-39
114000428,0,0,0
114000429,2,58,-56
114000432,2,23,-21
114000434,8,34,-26
114000435,0,6,-6
114900001,0,0,0
114900002,0,0,0
114900003,0,0,0
114900004,0,0,0
114900005,0,0,0
114900006,0,0,0
114900007,0,0,0
114900008,0,0,0
114900010,14,0,14
114900011,0,0,0
114900013,0,0,0
114900015,0,0,0
114900018,0,0,0
114900020,0,0,0
114900021,0,0,0
114900022,0,29,-29
114900024,0,0,0
114900025,0,0,0
114900026,0,0,0
114900027,0,0,0
114900029,0,0,0
114900030,0,0,0
114900031,0,0,0
114900032,0,0,0
114900033,0,0,0
114900034,0,42,-42
114900035,1,26,-25
114900036,12,135,-123
114900037,8,37,-29
114900038,8,165,-157
114900039,26,149,-123
114900040,1,14,-13
114900041,16,136,-120
114900042,22,172,-150
114900043,46,17,29
114900044,0,0,0
114900045,2,19,-17
114900046,0,19,-19
114900047,5,111,-106
114900048,2,22,-20
114900049,0,31,-31
114900050,1,65,-64
114900051,0,85,-85
114900052,7,25,-18
114900053,5,20,-15
114900054,2,22,-20
114900057,0,0,0
114900058,0,49,-49
114900059,0,0,0
114900060,42,19,23
114900061,2,25,-23
114900062,13,14,-1
114900063,1,28,-27
114900064,28,155,-127
114900065,10,96,-86
114900067,0,46,-46
114900068,9,15,-6
114900069,10,12,-2
114900070,0,0,0
114900072,0,29,-29
114900073,0,48,-48
114900074,0,0,0
114900075,0,0,0
114900076,0,92,-92
114900080,0,0,0
114900082,0,117,-117
114900083,0,62,-62
114900084,10,38,-28
114900090,0,0,0
114900091,0,3,-3
114900095,58,8,50
114900096,15,39,-24
114900097,0,7,-7
114900098,0,0,0
114900099,0,0,0
115000001,2755,2485,270
115000002,394,252,142
115000003,1001,1794,-793
115000004,305,388,-83
115000005,406,1322,-916
115000006,92,148,-56
115000007,1,0,1
115000008,38,35,3
115000009,2,8,-6
115000010,1,4,-3
115000013,23,43,-20
115000015,44,88,-44
115000016,135,88,47
115000019,1,52,-51
115000020,0,0,0
115000021,109,124,-15
115000022,197,154,43
115000023,27,30,-3
115000024,340,181,159
115000025,37,46,-9
115000026,35,122,-87
115000027,15,46,-31
115000028,23,280,-257
115000029,13,28,-15
115000030,49,379,-330
115000031,133,63,70
115000032,8,79,-71
115000033,0,0,0
115000034,9,325,-316
115000035,0,0,0
115000036,0,144,-144
115000037,0,0,0
115000038,0,0,0
115000039,161,189,-28
115000040,764,315,449
115000041,66,267,-201
115000042,49,106,-57
115000043,236,713,-477
115000044,1312,1529,-217
115000045,314,995,-681
115000046,49,394,-345
115000047,161,325,-164
115000048,319,1452,-1133
115000049,429,1138,-709
115000050,405,179,226
115000051,549,159,390
115000052,1615,677,938
115000053,294,218,76
115000054,210,311,-101
115000055,16,179,-163
115000056,0,18,-18
115000057,23,149,-126
115000058,2,20,-18
115000059,1,57,-56
115000061,0,0,0
115000062,9,96,-87
115000063,14,104,-90
115000064,0,0,0
115000065,1,59,-58
115000067,0,0,0
115000069,0,48,-48
115000070,3,112,-109
115000071,1,0,1
115000072,22,14,8
115000073,132,5,127
115000075,3,14,-11
115000076,584,602,-18
115000077,121,874,-753
115000078,85,519,-434
115000079,107,618,-511
115000080,145,756,-611
115000081,32,99,-67
115000082,315,620,-305
115000083,263,803,-540
115000084,1,1,0
115000085,45,234,-189
115000086,0,1,-1
115000087,55,361,-306
115000088,7,0,7
115000089,518,519,-1
115000090,40,17,23
115000091,66,346,-280
115000092,13,61,-48
115000093,0,0,0
115000094,1547,624,923
115000095,1061,1048,13
115000096,56,506,-450
115000097,36,176,-140
115000098,62,366,-304
115000099,72,693,-621
115000100,11,33,-22
115000101,96,678,-582
115000102,24,23,1
115000103,89,335,-246
115000105,0,2,-2
115000106,11,15,-4
115000107,14,285,-271
115000108,1098,1057,41
115000109,269,141,128
115000110,412,199,213
115000111,95,317,-222
115000112,96,155,-59
115000113,87,177,-90
115000114,326,174,152
115000116,554,238,316
115000117,259,224,35
115000118,149,350,-201
115000119,164,259,-95
115000120,83,261,-178
115000121,526,168,358
115000122,677,205,472
115000123,443,227,216
115000124,79,118,-39
115000125,27,112,-85
115000126,21,93,-72
115000127,53,45,8
115000128,134,107,27
115000129,1,24,-23
115000130,14,213,-199
115000131,17,51,-34
115000132,3,119,-116
115000133,4,87,-83
115000134,6,39,-33
115000135,2,49,-47
115000136,1,0,1
115000137,8,70,-62
115000138,0,4,-4
115000139,18,121,-103
115000140,0,2,-2
115000141,18,146,-128
115000142,20,148,-128
115000143,1,1,0
115000144,7,5,2
115000145,26,184,-158
115000146,1,2,-1
115000147,14,134,-120
115000148,66,302,-236
115000149,32,18,14
115000150,94,281,-187
115000151,29,43,-14
115000152,63,433,-370
115000153,24,42,-18
115000154,25,10,15
115000155,68,255,-187
115000156,32,34,-2
115000157,139,204,-65
115000158,30,21,9
115000159,28,26,2
115000160,96,37,59
115000161,30,86,-56
115000162,0,0,0
115000163,180,187,-7
115000164,134,114,20
115000165,0,0,0
115000167,0,0,0
115000168,0,0,0
115000169,127,164,-37
115000170,25,71,-46
115000171,0,0,0
115000172,244,123,121
115000173,0,0,0
115000174,0,2,-2
115000175,5,59,-54
115000176,0,0,0
115000177,1,22,-21
115000178,0,72,-72
115000179,0,0,0
115000180,19,217,-198
115000181,0,0,0
115000182,3,1,2
115000183,46,287,-241
115000186,27,57,-30
115000187,20,229,-209
115000188,93,62,31
115000189,55,166,-111
115000190,93,49,44
115000191,42,74,-32
115000194,43,51,-8
115000195,0,0,0
115000196,0,0,0
115000197,5,75,-70
115000198,0,0,0
115000199,13,49,-36
115000200,0,0,0
115000201,19,133,-114
115000206,0,0,0
115000207,4,159,-155
115000208,128,249,-121
115000209,51,27,24
115000210,7,12,-5
115000211,62,80,-18
115000212,277,107,170
115000218,0,0,0
115000219,0,0,0
115000224,0,0,0
115000225,0,0,0
115000229,0,0,0
115000230,0,0,0
115000231,50,790,-740
115000232,22,100,-78
115000233,11,147,-136
115000234,0,0,0
115000241,0,0,0
115000242,0,0,0
115000243,0,0,0
115000244,0,1,-1
115000246,0,0,0
115000247,0,0,0
115000248,0,0,0
115000249,0,0,0
115000250,3,1,2
115000251,0,0,0
115000252,0,0,0
115000253,0,0,0
115000258,0,0,0
115000259,0,0,0
115000261,0,0,0
115000262,0,0,0
115000263,0,0,0
115000264,0,0,0
115000267,0,0,0
115000268,2,4,-2
115000269,0,0,0
115000270,0,0,0
115000272,0,0,0
115000273,0,0,0
115000274,0,0,0
115000280,0,0,0
115000281,94,23,71
115000282,143,15,128
115000284,95,73,22
115000296,0,0,0
115000297,0,0,0
115000298,15,14,1
115000300,1,69,-68
115000302,0,0,0
115000303,0,0,0
115000304,0,0,0
115000305,8,307,-299
115000306,5,170,-165
115000307,5,74,-69
115000308,12,3,9
115000310,81,336,-255
115000311,0,1,-1
115000313,67,141,-74
115000314,0,0,0
115000315,361,122,239
115000316,0,0,0
115000317,5,259,-254
115000318,94,47,47
115000319,3,96,-93
115000320,4,43,-39
115000321,71,3,68
115000322,6,112,-106
115000449,0,0,0
115000557,0,10,-10
115000558,0,0,0
115000587,14,25,-11
115000588,963,1799,-836
115000589,654,390,264
115000590,180,703,-523
115000591,57,82,-25
115000592,137,675,-538
115000593,138,63,75
115000594,327,544,-217
115000609,0,1,-1
115000617,242,69,173
115000624,0,0,0
115000633,39,670,-631
115000634,748,147,601
115000635,22,10,12
115000638,0,0,0
115000641,0,0,0
115000642,15,16,-1
115000643,3,129,-126
115000644,12,114,-102
115000646,174,226,-52
115000647,16,176,-160
115000648,44,515,-471
115000893,355,121,234
115000894,29,576,-547
115000895,58,557,-499
115000896,80,18,62
115000897,88,5,83
115000898,142,18,124
115000899,204,165,39
115000900,26,30,-4
115000901,26,31,-5
115000912,14,6,8
115000913,1,6,-5
115000915,0,0,0
115000916,0,0,0
115000917,0,0,0
115000918,0,0,0
115000919,0,0,0
115000920,0,0,0
115000921,124,3,121
115000922,20,49,-29
115000923,115,380,-265
115000925,7,25,-18
115000927,0,0,0
115000933,32,19,13
115900001,0,0,0
115900002,0,0,0
115900003,0,0,0
115900004,0,0,0
115900005,0,0,0
115900006,0,0,0
115900008,0,0,0
115900009,0,0,0
115900010,0,0,0
115900011,3,19,-16
115900012,0,0,0
115900013,0,0,0
115900014,17,20,-3
115900015,0,0,0
115900016,0,0,0
115900017,0,0,0
115900018,18,7,11
115900019,0,0,0
115900020,0,0,0
115900021,103,4,99
115900022,0,0,0
115900023,0,0,0
115900025,0,0,0
115900026,0,0,0
115900027,0,15,-15
115900028,47,2,45
115900029,1,83,-82
115900030,0,0,0
115900031,0,0,0
115900032,0,0,0
115900033,0,1,-1
115900034,1,39,-38
115900035,0,0,0
115900036,0,2,-2
115900037,3,33,-30
115900038,0,0,0
115900039,0,0,0
115900041,3,5,-2
115900042,0,0,0
115900043,0,0,0
115900044,0,0,0
115900046,2,12,-10
115900047,0,0,0
115900049,0,1,-1
115900051,0,19,-19
115900052,2,27,-25
115900053,0,3,-3
115900054,0,17,-17
115900055,1,15,-14
115900056,0,1,-1
115900057,0,0,0
115900058,3,6,-3
115900060,0,0,0
115900061,0,0,0
115900062,0,68,-68
115900063,2,2,0
115900064,0,0,0
115900065,0,0,0
115900066,22,14,8
115900067,0,172,-172
115900068,379,4,375
115900069,0,0,0
115900070,0,0,0
115900071,0,16,-16
115900072,16,23,-7
115900073,0,0,0
115900074,0,69,-69
115900075,3,34,-31
115900076,0,0,0
115900077,1,48,-47
115900078,1,15,-14
115900079,0,0,0
115900080,0,0,0
115900081,0,10,-10
115900082,9,6,3
115900084,0,0,0
115900085,0,1,-1
115900086,141,24,117
115900088,0,3,-3
115900089,4,79,-75
115900090,0,0,0
115900091,0,4,-4
115900092,0,17,-17
115900093,0,7,-7
115900094,0,32,-32
115900096,0,8,-8
115900097,0,36,-36
115900098,2,20,-18
115900099,0,0,0
115900100,1,64,-63
115900101,3,17,-14
115900102,0,0,0
115900103,4,20,-16
115900104,0,0,0
115900105,0,0,0
115900106,0,0,0
115900107,0,0,0
115900108,0,0,0
115900109,7,65,-58
115900110,0,0,0
115900111,2,38,-36
115900112,1,103,-102
115900113,0,0,0
115900114,0,21,-21
115900115,0,0,0
115900116,8,96,-88
115900117,0,0,0
115900118,0,91,-91
115900119,1,4,-3
115900120,1,33,-32
115900121,4,41,-37
115900124,7,31,-24
115900125,14,3,11
115900126,47,12,35
115900127,38,3,35
115900128,0,0,0
115900129,52,2,50
115900130,0,0,0
115900131,19,0,19
115900132,7,3,4
115900134,10,1,9
115900135,0,0,0
115900137,1,0,1
115900139,5,20,-15
115900140,0,0,0
115900141,0,5,-5
115900142,0,4,-4
115900143,0,15,-15
115900144,0,13,-13
115900146,0,0,0
115900147,0,0,0
115900148,0,6,-6
115900149,0,4,-4
115900150,0,0,0
115900151,0,18,-18
115900152,4,65,-61
115900153,6,57,-51
115900154,87,53,34
115900155,0,0,0
115900156,53,140,-87
115900157,4,48,-44
115900158,0,0,0
115900159,10,58,-48
115900160,0,0,0
115900161,1,30,-29
115900163,10,17,-7
115900164,0,1,-1
115900165,0,4,-4
115900166,0,0,0
115900168,0,2,-2
115900171,9,69,-60
115900172,3,33,-30
115900173,0,0,0
115900174,46,39,7
115900175,2,6,-4
115900178,1,141,-140
115900179,0,0,0
115900180,0,0,0
115900181,1,30,-29
115900182,8,24,-16
115900183,2,1,1
115900184,0,0,0
115900187,0,0,0
115900189,0,17,-17
115900190,0,50,-50
115900191,4,74,-70
115900192,0,6,-6
115900193,5,9,-4
115900194,30,2,28
115900195,54,44,10
115900198,1,9,-8
115900199,19,60,-41
115900200,25,59,-34
115900201,7,33,-26
115900202,0,0,0
115900203,0,0,0
115900204,0,0,0
115900205,2,0,2
115900206,0,3,-3
115900207,0,0,0
115900208,0,0,0
115900209,0,22,-22
115900210,0,21,-21
115900211,0,28,-28
115900212,0,4,-4
115900213,0,0,0
115900214,0,32,-32
115900215,0,0,0
115900216,1,40,-39
115900217,2,16,-14
115900218,0,10,-10
115900219,0,0,0
115900220,0,0,0
115900221,0,0,0
115900222,0,0,0
115900223,0,0,0
115900224,0,0,0
115900225,0,0,0
115900226,0,0,0
115900227,0,0,0
115900228,0,0,0
115900229,0,0,0
115900230,0,0,0
115900231,0,0,0
115900232,0,0,0
115900233,0,0,0
115900234,0,0,0
115900235,0,1,-1
115900236,0,5,-5
115900237,0,27,-27
115900238,0,7,-7
115900239,0,20,-20
115900240,0,28,-28
115900241,0,1,-1
115900242,1,0,1
115900243,0,2,-2
115900244,13,3,10
115900245,0,3,-3
115900246,0,0,0
115900247,0,0,0
115900248,0,0,0
115900249,0,0,0
115900250,0,0,0
115900251,0,0,0
115900252,0,0,0
115900253,0,0,0
115900254,0,0,0
115900255,0,0,0
115900256,0,0,0
115900257,0,0,0
115900258,0,0,0
115900259,0,0,0
115900260,0,0,0
115900261,0,0,0
115900262,0,0,0
115900263,0,0,0
115900264,0,0,0
115900265,0,0,0
115900266,0,0,0
115900267,0,0,0
115900268,0,0,0
115900269,2,7,-5
115900270,0,0,0
116000001,7511,1132,6379
116000002,689,268,421
116000003,506,560,-54
116000004,490,128,362
116000005,418,740,-322
116000006,235,143,92
116000007,910,1169,-259
116000008,347,413,-66
116000009,275,617,-342
116000010,147,64,83
116000011,130,154,-24
116000012,93,108,-15
116000013,6588,1056,5532
116000014,692,140,552
116000015,83,268,-185
116000016,383,69,314
116000017,13,138,-125
116000018,75,26,49
116000019,35,77,-42
116000020,21,71,-50
116000021,24,61,-37
116000022,25,31,-6
116000023,36,37,-1
116000024,51,136,-85
116000025,22,74,-52
116000026,104,532,-428
116000027,35,101,-66
116000028,0,0,0
116000029,283,125,158
116000030,4,1,3
116000031,39,54,-15
116000032,27,115,-88
116000033,2,119,-117
116000034,34,164,-130
116000035,23,242,-219
116000036,181,156,25
116000037,4,5,-1
116000038,0,0,0
116000039,75,96,-21
116000040,0,0,0
116000041,29,154,-125
116000042,1,1,0
116000043,17,187,-170
116000044,0,0,0
116000045,3,1,2
116000046,254,427,-173
116000047,285,472,-187
116000048,64,86,-22
116000049,35,127,-92
116000050,220,405,-185
116000051,77,95,-18
116000052,435,851,-416
116000053,2,4,-2
116000054,101,560,-459
116000055,97,296,-199
116000056,0,1,-1
116000057,1123,435,688
116000058,702,237,465
116000059,248,155,93
116000060,630,98,532
116000061,69,86,-17
116000062,64,75,-11
116000063,58,120,-62
116000066,0,1,-1
116000067,73,151,-78
116000068,7,1,6
116000069,85,106,-21
116000078,0,3,-3
116000080,238,341,-103
116000082,1,54,-53
116000083,77,68,9
116000084,91,379,-288
116000085,185,86,99
116000086,140,188,-48
116000087,136,57,79
116000088,131,271,-140
116000089,0,5,-5
116000090,0,0,0
116000091,0,0,0
116000093,100,40,60
116000094,28,235,-207
116000095,63,68,-5
116000096,37,292,-255
116000097,42,144,-102
116000098,9,453,-444
116000099,1072,49,1023
116000100,0,0,0
116000101,14,41,-27
116000102,13,175,-162
116000103,7,41,-34
116000104,4,224,-220
116000105,7,34,-27
116000106,15,254,-239
116000107,31,114,-83
116000108,0,30,-30
116000111,0,0,0
116000113,0,0,0
116000114,1,11,-10
116000115,0,0,0
116000116,6,31,-25
116000117,14,61,-47
116000118,142,501,-359
116000119,8,76,-68
116000120,402,1340,-938
116000121,0,0,0
116000122,312,1177,-865
116000123,0,0,0
116000124,48,669,-621
116000125,7,6,1
116000126,83,840,-757
116000127,210,673,-463
116000128,16,9,7
116000129,7,10,-3
116000130,1,21,-20
116000133,143,323,-180
116000134,124,1011,-887
116000135,99,177,-78
116000136,130,798,-668
116000137,33,81,-48
116000138,322,83,239
116000139,198,414,-216
116000140,29,86,-57
116000141,35,136,-101
116000142,876,1152,-276
116000143,400,114,286
116000144,232,955,-723
116000145,194,207,-13
116000146,16,63,-47
116000147,35,6,29
116000148,10,40,-30
116000149,3,47,-44
116000151,60,312,-252
116000153,0,0,0
116000155,0,0,0
116000156,115,285,-170
116000157,0,0,0
116000158,12,171,-159
116000159,0,0,0
116000160,0,24,-24
116000161,1,19,-18
116000162,103,4,99
116000163,7,1,6
116000164,1,8,-7
116000177,4,27,-23
116000194,0,192,-192
116000195,79,79,0
116000196,0,0,0
116000197,1,0,1
116000198,116,116,0
116000200,0,0,0
116000201,84,101,-17
116000202,0,0,0
116000203,0,14,-14
116000204,0,4,-4
116000205,0,20,-20
116000206,0,10,-10
116000207,0,5,-5
116000233,7,65,-58
116000287,5,186,-181
116000288,0,0,0
116000292,0,25,-25
116000296,0,0,0
116000297,0,0,0
116000304,0,0,0
116000305,0,0,0
116000346,7,40,-33
116000352,1,25,-24
116000354,6,1,5
116000357,1,1,0
116000358,0,0,0
116000361,0,0,0
116000372,1958,517,1441
116000381,0,0,0
116000388,3,26,-23
116000389,23,51,-28
116000445,19,350,-331
116000446,0,0,0
116000447,5,223,-218
116000448,0,0,0
116000563,0,0,0
116000565,41,46,-5
116000568,1,2,-1
116000579,4,15,-11
116000584,1,5,-4
116000585,4,1,3
116000586,47,23,24
116000587,1,57,-56
116000589,1,13,-12
116000590,0,0,0
116000591,0,0,0
116000592,0,0,0
116000593,0,10,-10
116000594,4,99,-95
116000595,4,34,-30
116000596,1,2,-1
116000597,0,0,0
116000598,0,26,-26
116000602,0,16,-16
116000605,5,9,-4
116000606,0,0,0
116000607,1,7,-6
116000609,0,83,-83
116000611,7,234,-227
116000612,84,210,-126
116000613,0,0,0
116000614,120,386,-266
116000615,10,88,-78
116000616,3,30,-27
116000617,2,30,-28
116000618,0,35,-35
116000619,0,1,-1
116000620,0,0,0
116000621,0,0,0
116000622,0,0,0
116000624,0,2,-2
116900001,0,0,0
116900002,0,0,0
116900003,0,0,0
116900004,0,0,0
116900005,8,15,-7
116900006,0,0,0
116900007,0,0,0
116900008,2,108,-106
116900009,0,0,0
116900010,0,253,-253
116900011,0,0,0
116900012,0,0,0
116900013,0,70,-70
116900014,0,0,0
116900015,0,0,0
116900016,0,0,0
116900017,0,94,-94
116900018,0,0,0
116900019,0,46,-46
116900020,6,1,5
116900023,0,0,0
116900024,0,0,0
116900025,0,95,-95
116900026,3,94,-91
116900027,0,0,0
116900028,0,18,-18
116900029,0,0,0
116900031,0,0,0
116900032,0,20,-20
116900033,0,0,0
116900034,2,14,-12
116900035,3,10,-7
116900036,0,6,-6
116900038,0,0,0
116900041,0,0,0
116900042,144,30,114
116900043,0,7,-7
116900045,0,0,0
116900047,0,0,0
116900049,2,25,-23
116900050,1,16,-15
116900051,0,0,0
116900052,0,0,0
116900055,0,0,0
116900057,1,68,-67
116900058,0,33,-33
116900059,0,0,0
116900060,1,26,-25
116900062,0,0,0
116900064,3,206,-203
116900065,0,1,-1
116900067,0,0,0
116900068,10,62,-52
116900070,0,0,0
116900072,0,90,-90
116900073,1,15,-14
116900074,0,0,0
116900076,0,0,0
116900077,0,13,-13
116900078,17,21,-4
116900079,0,17,-17
116900080,0,0,0
116900081,9,80,-71
116900082,10,73,-63
116900083,0,0,0
116900084,0,2,-2
116900085,2,10,-8
116900086,1,20,-19
116900088,0,0,0
116900090,0,0,0
116900091,0,12,-12
116900092,2,53,-51
116900093,2,0,2
116900094,347,26,321
116900095,0,41,-41
116900096,1,8,-7
116900097,6,0,6
116900098,66,3,63
116900099,22,16,6
116900100,0,0,0
116900101,19,57,-38
116900103,0,0,0
116900104,1,10,-9
116900105,0,0,0
116900106,0,40,-40
116900107,10,0,10
116900110,1,0,1
116900111,0,95,-95
116900112,1,53,-52
116900113,191,14,177
116900116,0,0,0
116900117,2,20,-18
116900118,11,145,-134
116900120,0,0,0
116900121,0,0,0
116900122,9,184,-175
116900123,3,207,-204
116900124,2,67,-65
116900125,4,5,-1
116900126,4,76,-72
116900128,0,9,-9
116900129,0,87,-87
116900130,209,221,-12
116900131,0,50,-50
116900132,1,14,-13
116900133,6,21,-15
116900134,12,29,-17
116900136,1,5,-4
116900137,6,12,-6
116900138,8,18,-10
116900139,4,48,-44
116900140,3,22,-19
116900141,20,27,-7
116900142,0,1,-1
116900143,2,36,-34
116900144,0,0,0
116900145,3,28,-25
116900147,6,15,-9
116900148,0,1,-1
116900149,0,0,0
116900150,0,0,0
116900151,0,0,0
116900153,0,0,0
116900154,0,12,-12
116900155,1,4,-3
116900157,0,0,0
116900158,0,2,-2
116900159,1,21,-20
116900160,0,0,0
116900161,691,151,540
116900162,0,0,0
116900163,0,0,0
116900164,0,4,-4
116900165,0,0,0
116900166,0,0,0
116900167,0,0,0
116900168,1,18,-17
116900169,0,0,0
116900170,0,0,0
116900171,0,0,0
116900172,0,0,0
116900173,4,10,-6
116900174,0,0,0
116900175,0,0,0
116900178,0,0,0
116900179,0,0,0
116900180,1,4,-3
116900182,0,0,0
116900183,0,0,0
116900185,0,0,0
116900186,0,0,0
116900187,0,0,0
116900188,2,0,2
116900189,0,0,0
116900191,0,0,0
116900192,0,0,0
116900194,0,0,0
116900195,0,0,0
116900196,0,0,0
116900197,0,0,0
116900198,32,19,13
116900200,0,0,0
116900201,0,0,0
116900202,0,0,0
116900203,0,0,0
116900204,3,4,-1
116900206,0,0,0
116900207,1,2,-1
116900208,0,0,0
116900209,0,0,0
116900210,2,11,-9
116900211,0,0,0
116900212,0,0,0
116900213,0,0,0
116900214,2,9,-7
116900215,0,0,0
116900216,5,18,-13
116900218,0,62,-62
116900219,87,40,47
116900220,0,0,0
116900221,2,23,-21
116900222,0,0,0
116900223,0,0,0
116900226,2,1,1
116900227,1,6,-5
116900228,3,31,-28
116900230,0,21,-21
116900231,0,25,-25
116900232,0,21,-21
116900233,0,0,0
116900234,0,0,0
116900235,16,170,-154
116900238,35,15,20
116900239,0,13,-13
116900240,286,31,255
116900241,2,0,2
116900242,22,9,13
116900243,0,10,-10
116900245,0,0,0
116900246,0,0,0
116900247,0,0,0
116900248,2,1,1
116900249,0,1,-1
116900250,4,4,0
116900251,0,0,0
116900252,0,61,-61
116900253,0,0,0
116900254,0,0,0
116900255,11,5,6
116900256,12,8,4
116900257,1,88,-87
116900258,0,81,-81
116900259,0,0,0
116900260,0,42,-42
116900261,0,0,0
116900262,1,40,-39
116900263,0,0,0
116900264,0,0,0
116900265,0,0,0
116900266,0,1,-1
116900267,0,0,0
116900268,0,3,-3
116900269,2,18,-16
116900271,0,0,0
116900272,21,58,-37
116900273,0,0,0
116900274,0,0,0
116900275,0,0,0
116900276,0,0,0
116900277,0,1,-1
116900278,0,0,0
116900279,0,4,-4
116900280,0,0,0
116900281,211,36,175
116900282,0,11,-11
116900283,0,9,-9
116900284,1,12,-11
116900285,0,0,0
116900286,0,0,0
116900287,0,0,0
116900288,0,0,0
116900289,0,0,0
116900290,0,0,0
116900291,0,0,0
116900292,0,0,0
116900293,0,0,0
116900294,2,8,-6
116900295,0,0,0
116900296,0,0,0
116900297,0,0,0
116900298,0,0,0
116900299,0,0,0
116900300,0,0,0
116900301,0,0,0
116900302,0,5,-5
116900303,0,7,-7
116900304,0,31,-31
116900305,0,0,0
116900306,0,2,-2
117000001,123,109,14
117000002,395,1213,-818
117000003,297,108,189
117000004,1175,1447,-272
117000005,76,45,31
117000006,194,1343,-1149
117000007,104,27,77
117000008,258,1386,-1128
117000009,16,14,2
117000010,656,1477,-821
117000011,2,14,-12
117000012,228,697,-469
117000013,2,2,0
117000014,136,811,-675
117000015,8,0,8
117000016,19,12,7
117000017,21,14,7
117000018,7,130,-123
117000019,0,0,0
117000020,75,255,-180
117000021,476,52,424
117000022,23,5,18
117000023,24,37,-13
117000024,61,77,-16
117000025,194,263,-69
117000026,58,25,33
117000027,188,138,50
117000028,0,0,0
117000030,12,36,-24
117000032,146,241,-95
117000033,197,223,-26
117000034,11,35,-24
117000036,25,30,-5
117000038,2,39,-37
117000039,6,26,-20
117000040,20,426,-406
117000041,0,0,0
117000044,2,308,-306
117000045,0,0,0
117000046,65,248,-183
117000047,1,1,0
117000048,363,251,112
117000049,20,40,-20
117000050,5,711,-706
117000051,96,18,78
117000052,2,37,-35
117000053,3,13,-10
117000054,47,0,47
117000055,7,1135,-1128
117000056,12,0,12
117000057,76,487,-411
117000060,50,194,-144
117000061,3,2,1
117000062,22,54,-32
117000063,0,0,0
117000064,65,158,-93
117000066,230,136,94
117000067,0,33,-33
117000074,0,0,0
117000076,0,0,0
117000077,29,20,9
117000078,9,118,-109
117000079,1,4,-3
117000080,0,201,-201
117000081,12,10,2
117000082,1,23,-22
117000083,0,0,0
117000084,0,0,0
117000085,12,99,-87
117000086,17,153,-136
117000087,35,206,-171
117000088,0,0,0
117000089,37,4,33
117000090,59,723,-664
117000091,12,15,-3
117000092,69,785,-716
117000093,11,5,6
117000094,147,900,-753
117000095,23,23,0
117000096,147,1259,-1112
117000097,8,54,-46
117000098,503,1861,-1358
117000099,25,24,1
117000100,3,16,-13
117000101,33,208,-175
117000102,2,0,2
117000103,452,651,-199
117000104,0,0,0
117000105,155,690,-535
117000106,0,0,0
117000107,136,723,-587
117000108,2,2,0
117000109,522,898,-376
117000110,1,1,0
117000111,289,326,-37
117000112,123,123,0
117000113,9,41,-32
117000114,0,0,0
117000115,7,20,-13
117000116,2,15,-13
117000117,38,6,32
117000118,2,12,-10
117000119,0,0,0
117000120,0,1,-1
117000121,1,2,-1
117000122,0,0,0
117000123,1,0,1
117000124,11,3,8
117000125,3,5,-2
117000126,2,10,-8
117000127,4,29,-25
117000128,13,44,-31
117000129,0,0,0
117000130,0,0,0
117000131,1,7,-6
117000132,83,23,60
117000133,0,65,-65
117000134,0,41,-41
117000135,0,20,-20
117000136,2,16,-14
117000137,0,0,0
117000138,1,200,-199
117000140,114,494,-380
117000141,2,1,1
117000181,96,24,72
117000182,0,0,0
117000195,12,168,-156
117000196,0,0,0
117000225,0,0,0
117000226,0,3,-3
117000276,0,0,0
117000277,0,74,-74
117000310,436,641,-205
117000315,0,0,0
117000320,0,0,0
117000906,0,0,0
117000907,2,134,-132
117000908,2,2,0
117000909,2,4,-2
117000910,61,61,0
117000911,20,23,-3
117000915,1,134,-133
117000916,0,0,0
117000917,0,0,0
117000918,0,0,0
117000919,1,12,-11
117000920,1,829,-828
117000921,2,387,-385
117000922,0,0,0
117000924,33,4,29
117000926,226,20,206
117000927,11,27,-16
117000928,1,86,-85
117000929,8,49,-41
117000930,7,1,6
117000931,61,13,48
117900002,28,60,-32
117900003,25,14,11
117900005,0,1,-1
117900006,0,4,-4
117900007,4,39,-35
117900008,0,8,-8
117900010,0,31,-31
117900011,0,0,0
117900012,0,28,-28
117900013,0,38,-38
117900014,1,38,-37
117900015,0,15,-15
117900016,66,19,47
117900017,1,61,-60
117900018,5,3,2
117900019,2,68,-66
117900020,3,9,-6
117900021,0,10,-10
117900022,0,2,-2
117900023,4,0,4
117900024,2,15,-13
117900025,0,0,0
117900026,5,31,-26
117900028,0,0,0
117900029,3,84,-81
117900030,16,22,-6
117900031,0,0,0
117900032,6,6,0
117900033,3,57,-54
117900034,0,0,0
117900035,8,1,7
117900036,2,40,-38
117900037,0,0,0
117900038,0,51,-51
117900039,1,25,-24
117900040,20,43,-23
117900041,2,7,-5
117900042,24,11,13
117900043,2,15,-13
117900044,0,29,-29
117900045,0,0,0
117900048,12,35,-23
117900049,2,30,-28
117900050,0,0,0
117900051,0,0,0
117900052,0,0,0
117900053,51,76,-25
117900054,0,0,0
117900055,0,0,0
117900056,0,0,0
117900057,17,165,-148
117900058,77,205,-128
117900059,0,0,0
117900060,23,469,-446
117900061,0,0,0
117900063,5,21,-16
117900065,33,68,-35
117900066,1,1,0
117900067,6,31,-25
117900069,3,61,-58
117900070,0,0,0
117900071,0,0,0
117900073,2,32,-30
117900074,0,0,0
117900075,0,0,0
117900076,0,15,-15
117900077,0,0,0
117900078,15,53,-38
117900080,0,0,0
117900081,27,29,-2
117900082,11,16,-5
117900083,1,80,-79
117900086,0,0,0
117900087,0,0,0
117900088,154,79,75
117900089,57,17,40
117900090,3,107,-104
117900091,30,4,26
117900092,0,0,0
117900093,0,0,0
117900094,0,0,0
117900095,3,79,-76
117900096,0,0,0
117900097,0,0,0
117900098,0,0,0
117900099,0,50,-50
117900100,0,0,0
117900101,24,46,-22
117900102,0,0,0
117900103,0,0,0
117900104,0,14,-14
117900105,3,15,-12
117900106,0,0,0
117900107,0,0,0
117900109,6,32,-26
117900110,0,0,0
117900111,0,0,0
117900112,0,0,0
117900113,1,5,-4
117900114,0,0,0
117900115,2,0,2
117900116,21,31,-10
117900117,4,54,-50
117900118,0,0,0
117900119,0,83,-83
117900120,0,6,-6
117900121,0,3,-3
117900122,23,43,-20
117900123,28,79,-51
117900124,9,31,-22
117900125,163,96,67
117900126,11,41,-30
117900127,6,54,-48
117900128,4,79,-75
117900129,0,0,0
117900130,0,28,-28
117900131,0,15,-15
117900132,0,9,-9
117900133,0,17,-17
117900134,0,18,-18
117900135,0,34,-34
117900136,0,10,-10
117900137,4,45,-41
117900138,0,8,-8
117900139,0,10,-10
117900140,12,0,12
117900141,12,20,-8
117900142,0,0,0
117900144,0,0,0
117900145,0,2,-2
117900146,0,0,0
117900147,0,0,0
117900148,57,102,-45
117900149,0,9,-9
117900150,2,22,-20
117900151,1,23,-22
117900152,0,2,-2
117900153,0,11,-11
117900154,0,59,-59
117900156,22,32,-10
117900157,1,25,-24
117900158,0,0,0
117900160,40,23,17
117900161,179,176,3
117900162,1,18,-17
117900163,1,0,1
117900165,0,0,0
117900166,2,19,-17
117900168,6,35,-29
117900169,0,28,-28
117900170,0,8,-8
117900171,0,1,-1
117900172,0,7,-7
117900173,21,2,19
117900174,0,2,-2
117900175,0,1,-1
117900176,0,11,-11
117900177,0,21,-21
117900178,6,6,0
117900180,14,1,13
117900181,3,1,2
117900182,0,0,0
117900183,0,0,0
117900184,0,0,0
117900185,0,0,0
117900186,0,0,0
117900187,0,0,0
117900188,0,0,0
117900189,0,0,0
117900190,0,0,0
117900191,0,0,0
117900192,1,1,0
117900193,0,15,-15
117900194,0,0,0
117900195,0,0,0
117900196,0,0,0
117900207,0,0,0
117900208,0,0,0
117900209,0,0,0
117900210,0,0,0
117900211,0,0,0
117900212,3,17,-14
117900213,0,0,0
117900214,0,16,-16
117900216,0,0,0
117900217,0,9,-9
117900218,0,0,0
117900219,0,12,-12
117900220,0,0,0
117900221,0,0,0
118000001,34,63,-29
118000002,212,328,-116
118000003,76,114,-38
118000004,311,227,84
118000005,841,440,401
118000006,1877,827,1050
118000007,598,241,357
118000008,471,397,74
118000009,360,494,-134
118000010,288,553,-265
118000011,83,534,-451
118000012,115,487,-372
118000013,603,543,60
118000014,149,463,-314
118000016,37,80,-43
118000017,0,0,0
118000018,25,111,-86
118000019,692,166,526
118000020,372,254,118
118000021,210,378,-168
118000022,128,20,108
118000023,76,89,-13
118000024,91,156,-65
118000025,80,37,43
118000027,3136,526,2610
118000029,128,38,90
118000032,77,73,4
118000033,159,146,13
118000034,1000,257,743
118000035,63,363,-300
118000036,71,184,-113
118000037,91,227,-136
118000038,0,0,0
118000039,12,26,-14
118000040,89,553,-464
118000041,276,335,-59
118000045,8,1,7
118000046,82,22,60
118000047,92,40,52
118000048,103,43,60
118000051,24,9,15
118000052,28,19,9
118000053,9,1,8
118000054,74,31,43
118000055,27,23,4
118000056,6,6,0
118000057,5,13,-8
118000058,32,28,4
118000059,37,43,-6
118000060,7,41,-34
118000061,17,33,-16
118000062,20,5,15
118000063,9,13,-4
118000064,26,34,-8
118000065,229,44,185
118000066,27,23,4
118000067,173,81,92
118000068,114,223,-109
118000069,133,53,80
118000070,544,34,510
118000071,359,153,206
118000072,150,109,41
118000073,68,13,55
118000074,6,6,0
118000075,21,23,-2
118000076,119,119,0
118000077,320,233,87
118000078,92,120,-28
118000079,41,81,-40
118000080,305,163,142
118000081,69,48,21
118000082,5,17,-12
118000083,28,19,9
118000084,218,94,124
118000086,12,52,-40
118000087,1882,469,1413
118000088,98,115,-17
118000089,876,947,-71
118000090,1275,368,907
118000091,988,499,489
118000092,94,28,66
118000093,5,15,-10
118000096,8,17,-9
118000097,11,33,-22
118000098,0,1,-1
118000099,37,178,-141
118000101,75,52,23
118000102,6,100,-94
118000107,740,94,646
118000108,3,17,-14
118000110,0,6,-6
118000111,2,286,-284
118000112,0,0,0
118000113,5,510,-505
118000114,0,0,0
118000115,0,0,0
118000116,0,0,0
118000117,211,236,-25
118000118,19,31,-12
118000119,24,58,-34
118000120,336,482,-146
118000121,0,53,-53
118000122,33,4,29
118000123,0,52,-52
118000125,261,275,-14
118000126,14,43,-29
118000127,27,21,6
118000128,139,319,-180
118000129,43,54,-11
118000130,768,1129,-361
118000131,73,373,-300
118000132,70,71,-1
118000133,22,74,-52
118000135,0,1,-1
118000136,12,45,-33
118000137,78,12,66
118000138,6,52,-46
118000139,27,9,18
118000140,496,327,169
118000141,142,130,12
118000142,207,437,-230
118000143,16,56,-40
118000144,77,66,11
118000145,301,617,-316
118000146,133,259,-126
118000147,138,379,-241
118000148,34,159,-125
118000149,40,144,-104
118000150,10,2,8
118000151,2,17,-15
118000153,16,68,-52
118000154,25,129,-104
118000155,18,89,-71
118000156,360,315,45
118000157,21,8,13
118000158,4,61,-57
118000159,0,1,-1
118000160,2,1,1
118000161,56,211,-155
118000162,6,81,-75
118000163,17,46,-29
118000164,155,86,69
118000168,7,19,-12
118000169,200,563,-363
118000170,356,620,-264
118000171,0,4,-4
118000172,0,1,-1
118000173,70,124,-54
118000175,21,25,-4
118000176,11,22,-11
118000177,3,18,-15
118000178,1,5,-4
118000179,5,9,-4
118000180,7,2,5
118000181,230,100,130
118000182,70,63,7
118000183,41,65,-24
118000184,1,2,-1
118000185,493,122,371
118000186,165,167,-2
118000187,64,152,-88
118000188,16,42,-26
118000189,10,98,-88
118000190,0,0,0
118000191,1,9,-8
118000192,1,16,-15
118000193,0,27,-27
118000194,264,46,218
118000195,1,3,-2
118000196,0,0,0
118000197,13,12,1
118000198,10,8,2
118000199,57,50,7
118000200,0,0,0
118000201,5,6,-1
118000202,0,0,0
118000203,92,24,68
118000204,37,40,-3
118000205,26,16,10
118000206,4,2,2
118000207,0,11,-11
118000208,65,78,-13
118000209,178,395,-217
118000210,0,0,0
118000211,0,0,0
118000213,10,9,1
118000214,132,36,96
118000215,16,46,-30
118000216,0,0,0
118000217,0,2,-2
118000218,0,8,-8
118000219,2,15,-13
118000220,0,0,0
118000221,0,35,-35
118000222,51,2,49
118000223,0,0,0
118000224,1,13,-12
118000225,0,263,-263
118000226,0,0,0
118000227,93,14,79
118000228,56,23,33
118000229,0,0,0
118000230,6,30,-24
118000231,2,17,-15
118000232,86,207,-121
118000233,14,36,-22
118000234,9,17,-8
118000236,19,71,-52
118000237,0,0,0
118000238,1,63,-62
118000239,0,2,-2
118000240,66,9,57
118000241,1,24,-23
118000242,17,133,-116
118000243,3,20,-17
118000244,0,24,-24
118000246,0,4,-4
118000255,0,13,-13
118000256,0,16,-16
118000259,0,6,-6
118000260,0,0,0
118000261,0,24,-24
118000263,4,14,-10
118000266,10,32,-22
118000267,0,32,-32
118000268,6,9,-3
118000270,0,0,0
118000271,0,26,-26
118000272,0,0,0
118000273,3,33,-30
118000274,15,78,-63
118000276,6,26,-20
118000295,2,14,-12
118000298,26,87,-61
118000299,29,73,-44
118000301,0,13,-13
118000302,1,2,-1
118000311,13,17,-4
118000312,4,62,-58
118000313,3,15,-12
118000314,4,7,-3
118000315,0,2,-2
118000316,11,64,-53
118000325,0,9,-9
118000326,0,0,0
118000331,0,5,-5
118000332,0,9,-9
118000333,0,11,-11
118000335,0,0,0
118000336,0,136,-136
118000407,0,0,0
118000457,0,13,-13
118000465,488,287,201
118000480,0,9,-9
118000489,0,1,-1
118000490,5,153,-148
118000492,3,15,-12
118000510,4,4,0
118000514,26,98,-72
118000515,4,23,-19
118000517,66,28,38
118000524,613,184,429
118000525,145,274,-129
118000530,0,1,-1
118000531,1,0,1
118000532,48,99,-51
118000533,57,92,-35
118000534,35,117,-82
118000535,2,10,-8
118000536,24,39,-15
118000537,4,26,-22
118000538,0,61,-61
118000539,0,2,-2
118000540,16,89,-73
118000541,6,60,-54
118000542,0,0,0
118000543,0,0,0
118000546,6,17,-11
118000560,425,60,365
118000562,0,0,0
118000563,147,95,52
118000576,4,27,-23
118000577,25,14,11
118000578,21,14,7
118000579,75,124,-49
118000595,0,0,0
118000596,0,7,-7
118000597,6,12,-6
118000598,0,0,0
118000599,0,0,0
118000600,0,22,-22
118000601,0,0,0
118000602,0,8,-8
118000603,0,14,-14
118900001,0,0,0
118900002,0,15,-15
118900003,0,0,0
118900004,0,0,0
118900005,0,0,0
118900006,0,0,0
118900007,2,1,1
118900008,0,0,0
118900009,0,0,0
118900010,0,0,0
118900011,16,1,15
118900012,0,5,-5
118900013,0,0,0
118900015,3,0,3
118900016,0,2,-2
118900017,0,0,0
118900018,0,0,0
118900019,1,0,1
118900020,0,0,0
118900021,0,0,0
118900022,4,5,-1
118900023,0,0,0
118900024,0,0,0
118900025,0,0,0
118900026,5,7,-2
118900027,0,0,0
118900028,0,0,0
118900029,0,0,0
118900030,0,0,0
118900031,6,14,-8
118900032,0,0,0
118900033,0,0,0
118900034,0,0,0
118900035,9,33,-24
118900036,18,44,-26
118900037,0,0,0
118900038,5,38,-33
118900039,0,0,0
118900040,3,8,-5
118900041,0,0,0
118900042,1,5,-4
118900045,3,24,-21
118900046,122,7,115
118900047,60,6,54
118900048,0,0,0
118900049,0,0,0
118900050,0,23,-23
118900051,0,0,0
118900052,0,0,0
118900053,0,0,0
118900054,1,6,-5
118900055,4,12,-8
118900056,0,0,0
118900057,3,27,-24
118900058,0,0,0
118900059,0,0,0
118900060,0,13,-13
118900062,0,0,0
118900064,0,0,0
118900065,0,0,0
118900066,0,0,0
118900067,38,2,36
118900068,0,0,0
118900069,1,30,-29
118900071,0,0,0
118900072,0,0,0
118900073,3,20,-17
118900074,0,0,0
118900075,0,0,0
118900076,0,0,0
118900077,0,6,-6
118900078,0,0,0
118900079,0,0,0
118900080,0,0,0
118900081,0,0,0
118900082,3,9,-6
118900083,2,2,0
118900084,0,0,0
118900085,13,88,-75
118900086,0,0,0
118900087,0,9,-9
118900088,0,4,-4
118900089,0,0,0
118900090,13,40,-27
118900091,0,0,0
118900092,2,19,-17
118900093,0,0,0
118900096,0,0,0
118900097,8,97,-89
118900099,2,33,-31
118900100,0,0,0
118900101,1,55,-54
118900102,0,9,-9
118900103,3,4,-1
118900104,2,16,-14
118900105,33,16,17
118900107,3,6,-3
118900108,1,10,-9
118900109,32,0,32
118900110,0,0,0
118900111,0,0,0
118900112,0,0,0
118900113,0,0,0
118900114,0,0,0
118900115,0,0,0
118900116,8,51,-43
118900117,2,43,-41
118900118,7,95,-88
118900119,5,52,-47
118900120,4,53,-49
118900121,0,0,0
118900122,0,31,-31
118900123,15,43,-28
118900124,0,0,0
118900126,0,39,-39
118900129,1,10,-9
118900130,0,0,0
118900131,4,66,-62
118900132,0,18,-18
118900133,0,0,0
118900135,6,40,-34
118900136,16,152,-136
118900137,0,0,0
118900139,0,0,0
118900140,8,149,-141
118900141,0,0,0
118900144,2,202,-200
118900145,0,0,0
118900146,13,112,-99
118900147,0,0,0
118900148,0,0,0
118900150,0,0,0
118900152,10,113,-103
118900157,0,0,0
118900158,0,0,0
118900159,0,0,0
118900161,0,0,0
118900163,0,0,0
118900164,0,0,0
118900165,1,36,-35
118900166,0,0,0
118900167,2,22,-20
118900168,0,17,-17
118900169,9,43,-34
118900170,4,9,-5
118900171,4,7,-3
118900174,3,9,-6
118900175,1,28,-27
118900176,0,12,-12
118900177,0,3,-3
118900178,3,3,0
118900179,0,8,-8
118900181,1,5,-4
118900182,1,5,-4
118900183,1,4,-3
118900184,3,0,3
118900185,0,8,-8
118900186,2,27,-25
118900187,0,0,0
118900188,0,0,0
118900189,2,23,-21
118900190,0,0,0
118900191,0,0,0
118900192,0,0,0
118900193,0,0,0
118900195,0,0,0
118900196,3,34,-31
118900197,0,0,0
118900198,1,3,-2
118900199,2,7,-5
118900200,0,0,0
118900201,0,0,0
118900202,2,21,-19
118900203,0,18,-18
118900204,0,4,-4
118900205,0,2,-2
118900206,0,9,-9
119000001,68,102,-34
119000002,160,288,-128
119000003,66,358,-292
119000004,71,161,-90
119000005,114,201,-87
119000006,94,155,-61
119000007,137,200,-63
119000008,250,803,-553
119000009,332,432,-100
119000010,1778,1148,630
119000011,1037,346,691
119000012,1483,721,762
119000013,398,261,137
119000014,380,807,-427
119000019,8,32,-24
119000020,99,175,-76
119000021,152,207,-55
119000022,84,100,-16
119000023,1,1,0
119000024,203,349,-146
119000025,2225,233,1992
119000026,0,1,-1
119000027,49,47,2
119000028,156,224,-68
119000029,2,0,2
119000030,38,117,-79
119000031,72,129,-57
119000032,202,279,-77
119000033,367,270,97
119000034,140,181,-41
119000035,1,138,-137
119000036,107,297,-190
119000037,101,502,-401
119000038,21,268,-247
119000039,11,64,-53
119000040,305,44,261
119000041,388,108,280
119000048,1077,491,586
119000049,89,492,-403
119000050,63,68,-5
119000051,89,66,23
119000052,80,88,-8
119000053,99,68,31
119000054,129,651,-522
119000055,276,484,-208
119000056,167,359,-192
119000057,60,395,-335
119000058,117,361,-244
119000059,21,55,-34
119000060,68,151,-83
119000061,12,19,-7
119000062,142,233,-91
119000063,43,51,-8
119000064,25,76,-51
119000065,30,139,-109
119000066,116,137,-21
119000067,81,139,-58
119000068,119,203,-84
119000069,23,126,-103
119000070,166,193,-27
119000071,1,9,-8
119000072,595,320,275
119000073,384,576,-192
119000074,67,417,-350
119000075,88,947,-859
119000076,2,0,2
119000077,0,4,-4
119000078,4,4,0
119000079,0,1,-1
119000080,0,3,-3
119000081,0,2,-2
119000082,0,5,-5
119000083,1,6,-5
119000084,1,2,-1
119000085,2,2,0
119000086,2,3,-1
119000087,40,50,-10
119000088,5,1,4
119000089,0,4,-4
119000090,0,2,-2
119000091,2,6,-4
119000092,13,1,12
119000093,574,476,98
119000094,305,853,-548
119000095,115,354,-239
119000097,478,193,285
119000098,121,226,-105
119000099,291,371,-80
119000100,335,394,-59
119000101,389,530,-141
119000102,14,22,-8
119000103,43,1,42
119000104,688,672,16
119000105,0,0,0
119000106,29,588,-559
119000107,0,0,0
119000108,48,643,-595
119000109,0,0,0
119000110,18,96,-78
119000111,1,6,-5
119000112,13,14,-1
119000113,158,12,146
119000114,0,18,-18
119000115,46,22,24
119000116,0,0,0
119000117,6,16,-10
119000118,2,1,1
119000123,37,12,25
119000124,0,0,0
119000125,1,0,1
119000126,0,0,0
119000127,94,345,-251
119000128,19,1,18
119000131,77,523,-446
119000132,5,0,5
119000133,0,0,0
119000134,14,3,11
119000135,0,0,0
119000136,6,28,-22
119000137,0,0,0
119000138,11,81,-70
119000139,0,0,0
119000140,1,16,-15
119000284,384,920,-536
119000285,765,879,-114
119000286,1310,945,365
119000287,166,605,-439
119000288,210,431,-221
119000289,229,769,-540
119000290,5,31,-26
119000291,1,17,-16
119000293,31,42,-11
119000294,0,0,0
119000295,415,108,307
119000296,0,1,-1
119000302,617,107,510
119000303,0,0,0
119000314,226,453,-227
119000315,0,0,0
119000316,2,7,-5
119000317,0,0,0
119900001,4,32,-28
119900002,0,0,0
119900003,0,77,-77
119900004,0,0,0
119900005,0,0,0
119900006,3,20,-17
119900007,0,0,0
119900008,0,0,0
119900009,0,29,-29
119900010,5,89,-84
119900011,0,0,0
119900012,0,11,-11
119900013,62,92,-30
119900014,6,12,-6
119900015,0,0,0
119900016,0,0,0
119900017,0,0,0
119900018,0,0,0
119900019,0,0,0
119900020,0,0,0
119900021,2,0,2
119900022,0,0,0
119900023,0,0,0
119900025,0,0,0
119900026,0,0,0
119900027,0,0,0
119900028,0,0,0
119900029,0,0,0
119900030,0,3,-3
119900031,0,0,0
119900033,116,3,113
119900034,0,0,0
119900037,0,0,0
119900038,0,0,0
119900039,0,0,0
119900040,0,0,0
119900041,0,0,0
119900042,0,0,0
119900043,0,0,0
119900044,0,0,0
119900046,0,0,0
119900047,0,0,0
119900048,0,6,-6
119900049,0,0,0
119900050,0,0,0
119900051,0,0,0
119900052,0,0,0
119900053,0,0,0
119900054,0,0,0
119900055,4,13,-9
119900057,0,0,0
119900058,0,0,0
119900059,0,0,0
119900060,0,0,0
119900061,0,0,0
119900062,0,0,0
119900063,0,0,0
119900064,0,0,0
119900065,0,0,0
119900066,0,0,0
119900067,0,0,0
119900068,0,0,0
119900069,0,0,0
119900070,0,0,0
119900071,0,0,0
119900072,0,82,-82
119900073,0,19,-19
119900074,0,0,0
119900075,525,120,405
119900076,0,28,-28
119900077,0,120,-120
119900078,0,0,0
119900079,0,0,0
119900080,0,0,0
119900081,0,17,-17
119900082,0,0,0
119900083,0,0,0
119900084,1,3,-2
119900085,8,5,3
119900086,0,173,-173
119900087,1,5,-4
119900088,10,8,2
119900089,2,196,-194
119900090,29,10,19
119900091,2,225,-223
119900092,0,86,-86
119900093,15,0,15
119900094,3,31,-28
119900095,0,2,-2
119900096,1,14,-13
119900097,63,21,42
119900098,0,1,-1
119900099,0,29,-29
119900100,473,139,334
119900101,17,81,-64
119900102,0,28,-28
119900103,0,50,-50
119900104,1,41,-40
119900105,36,242,-206
119900106,0,30,-30
119900107,22,204,-182
119900108,177,180,-3
119900109,2,8,-6
119900110,10,129,-119
119900111,0,0,0
119900112,129,16,113
119900113,0,0,0
119900114,6,320,-314
119900115,0,0,0
119900116,0,12,-12
119900117,14,140,-126
119900118,0,0,0
119900119,0,9,-9
119900120,48,63,-15
119900121,6,53,-47
119900122,0,0,0
119900123,0,4,-4
119900124,1,47,-46
119900125,0,0,0
119900126,515,10,505
119900127,0,0,0
119900128,0,29,-29
119900129,0,13,-13
119900130,0,0,0
119900131,1,20,-19
119900132,0,0,0
119900133,0,2,-2
119900134,81,1,80
119900135,0,0,0
119900136,0,0,0
119900138,0,0,0
119900139,0,3,-3
119900140,0,0,0
119900141,0,0,0
119900142,0,0,0
119900143,0,0,0
119900144,0,0,0
119900145,1,21,-20
119900146,2,4,-2
119900147,0,0,0
119900148,0,0,0
119900149,2,11,-9
119900150,6,23,-17
119900151,27,10,17
119900152,0,0,0
119900153,0,0,0
119900154,0,78,-78
119900155,0,2,-2
119900156,0,1,-1
119900157,0,0,0
119900158,0,0,0
119900159,0,356,-356
119900160,0,12,-12
119900161,0,0,0
119900162,0,0,0
119900163,0,0,0
119900164,0,0,0
119900165,0,0,0
119900166,0,0,0
119900167,0,0,0
119900168,0,0,0
119900169,5,15,-10
119900170,2,7,-5
119900171,9,25,-16
119900172,0,0,0
119900173,1,111,-110
119900174,0,1,-1
119900175,0,0,0
119900177,0,48,-48
119900178,0,1,-1
119900179,0,1,-1
119900180,0,0,0
119900181,0,0,0
119900182,0,41,-41
119900183,0,136,-136
119900184,5,1,4
119900185,0,0,0
119900186,0,0,0
119900187,0,73,-73
119900188,0,20,-20
119900189,10,7,3
119900190,0,0,0
119900191,0,0,0
119900192,1,19,-18
119900193,0,0,0
119900194,0,0,0
119900195,1,25,-24
119900196,0,0,0
119900197,0,0,0
119900198,2,41,-39
119900199,0,0,0
119900200,0,0,0
119900201,13,26,-13
119900202,0,0,0
119900203,0,0,0
119900204,0,0,0
119900205,0,0,0
119900206,0,0,0
119900208,0,0,0
119900209,0,15,-15
119900210,0,0,0
119900211,0,0,0
119900212,2,25,-23
119900213,1,10,-9
119900214,2,15,-13
119900215,0,10,-10
119900216,0,26,-26
119900217,0,10,-10
119900218,1,5,-4
119900219,1,3,-2
119900220,0,3,-3
119900221,0,1,-1
119900222,0,0,0
119900223,0,0,0
119900224,0,0,0
119900225,0,0,0
119900226,0,0,0
119900227,319,31,288
119900228,0,10,-10
119900229,0,0,0
119900230,30,25,5
119900231,0,0,0
119900232,0,0,0
119900233,0,0,0
119900234,0,0,0
119900235,1,0,1
119900236,0,0,0
119900237,0,0,0
119900238,0,17,-17
119900240,1,28,-27
119900241,2,77,-75
119900242,0,7,-7
119900244,0,0,0
119900245,3,3,0
119900246,0,0,0
119900247,0,0,0
119900248,0,0,0
119900249,0,0,0
119900253,0,0,0
119900254,0,0,0
119900255,3,106,-103
119900256,0,70,-70
119900257,0,0,0
119900258,0,0,0
119900259,0,13,-13
119900260,0,0,0
119900261,0,0,0
119900262,0,69,-69
119900263,46,48,-2
119900264,0,0,0
119900265,0,0,0
119900266,0,0,0
119900267,1,7,-6
119900268,1,13,-12
119900269,1,51,-50
119900271,0,0,0
119900272,0,0,0
119900275,0,0,0
119900276,0,0,0
119900277,0,0,0
119900278,10,0,10
119900279,0,1,-1
119900280,50,22,28
119900281,0,11,-11
119900282,0,0,0
119900283,0,0,0
119900284,2,38,-36
119900285,1,1,0
119900286,0,0,0
119900288,1,6,-5
119900289,0,24,-24
119900290,0,5,-5
119900291,2,5,-3
119900292,5,0,5
119900293,0,0,0
119900294,0,4,-4
119900295,0,0,0
119900296,0,8,-8
119900297,0,2,-2
119900298,1,9,-8
119900299,0,0,0
119900300,0,0,0
119900301,0,0,0
119900302,0,2,-2
119900303,0,22,-22
119900304,0,1,-1
119900305,0,0,0
119900306,0,0,0
119900307,0,0,0
119900308,0,1,-1
119900309,0,0,0
119900310,5,24,-19
119900311,0,0,0
119900312,0,1,-1
119900313,1,29,-28
119900314,0,0,0
119900315,1,244,-243
119900318,0,1,-1
119900319,0,37,-37
119900320,0,116,-116
119900321,0,0,0
120000001,993,408,585
120000002,244,544,-300
120000003,462,385,77
120000004,501,518,-17
120000005,1450,566,884
120000006,264,359,-95
120000007,702,623,79
120000008,172,417,-245
120000009,1605,245,1360
120000010,223,1071,-848
120000011,152,757,-605
120000012,469,1318,-849
120000013,234,907,-673
120000014,62,495,-433
120000015,319,494,-175
120000016,188,47,141
120000017,38,52,-14
120000018,276,265,11
120000019,56,74,-18
120000020,237,178,59
120000021,215,197,18
120000022,833,360,473
120000023,111,184,-73
120000024,213,294,-81
120000025,203,338,-135
120000026,45,360,-315
120000027,204,369,-165
120000028,75,271,-196
120000029,187,99,88
120000030,5,35,-30
120000031,222,175,47
120000032,2034,255,1779
120000033,152,299,-147
120000034,79,542,-463
120000035,101,240,-139
120000036,108,322,-214
120000037,4,29,-25
120000038,1647,217,1430
120000039,33,131,-98
120000040,0,19,-19
120000041,29,245,-216
120000042,49,764,-715
120000043,166,361,-195
120000044,288,182,106
120000045,251,137,114
120000046,152,222,-70
120000047,315,315,0
120000048,1909,328,1581
120000049,263,572,-309
120000050,235,618,-383
120000051,955,732,223
120000052,4369,258,4111
120000053,98,770,-672
120000054,174,1877,-1703
120000055,153,1217,-1064
120000056,110,1345,-1235
120000057,46,359,-313
120000058,1,36,-35
120000059,4,37,-33
120000061,31,320,-289
120000062,10,55,-45
120000063,602,1371,-769
120000064,56,590,-534
120000065,89,536,-447
120000066,22,140,-118
120000067,21,158,-137
120000068,15,558,-543
120000069,78,666,-588
120000070,4,254,-250
120000071,30,29,1
120000072,50,175,-125
120000073,41,31,10
120000074,7,24,-17
120000075,26,54,-28
120000076,59,91,-32
120000077,106,112,-6
120000078,468,137,331
120000079,0,0,0
120000080,0,0,0
120000081,0,0,0
120000082,0,0,0
120000083,0,0,0
120000084,77,72,5
120000085,21,50,-29
120000086,21,129,-108
120000087,6,287,-281
120000088,17,106,-89
120000089,0,0,0
120000090,0,0,0
120000091,0,0,0
120000092,0,0,0
120000093,0,0,0
120000094,0,0,0
120000095,46,62,-16
120000096,6,174,-168
120000098,63,141,-78
120000099,9,82,-73
120000100,51,87,-36
120000101,21,80,-59
120000102,13,55,-42
120000103,64,54,10
120000104,56,20,36
120000105,69,35,34
120000106,46,38,8
120000107,69,28,41
120000108,30,13,17
120000109,117,7,110
120000110,20,344,-324
120000111,26,521,-495
120000112,116,1324,-1208
120000113,113,973,-860
120000114,72,857,-785
120000115,73,828,-755
120000116,118,757,-639
120000117,368,517,-149
120000118,0,0,0
120000119,0,0,0
120000120,0,0,0
120000121,0,0,0
120000122,0,0,0
120000123,272,74,198
120000124,14,32,-18
120000125,17,96,-79
120000126,12,35,-23
120000127,42,40,2
120000128,111,147,-36
120000129,3,15,-12
120000130,0,0,0
120000131,9,75,-66
120000134,0,0,0
120000135,2,27,-25
120000137,0,0,0
120000138,4,59,-55
120000139,0,0,0
120000140,6,54,-48
120000141,0,1,-1
120000142,1,39,-38
120000143,0,0,0
120000144,0,0,0
120000145,0,0,0
120000146,271,66,205
120000149,31,120,-89
120000150,12,90,-78
120000151,0,1,-1
120000152,0,0,0
120000153,38,287,-249
120000154,69,179,-110
120000155,0,0,0
120000156,1,0,1
120000157,0,3,-3
120000158,71,312,-241
120000159,256,878,-622
120000160,343,104,239
120000161,71,670,-599
120000162,6,29,-23
120000163,21,465,-444
120000164,28,178,-150
120000165,18,370,-352
120000166,45,189,-144
120000167,0,6,-6
120000168,0,10,-10
120000169,59,25,34
120000170,105,11,94
120000171,22,3,19
120000172,7,3,4
120000173,118,6,112
120000174,23,6,17
120000175,30,2,28
120000176,12,20,-8
120000177,110,158,-48
120000178,3,1,2
120000179,20,10,10
120000180,39,13,26
120000181,11,22,-11
120000182,6,4,2
120000183,0,26,-26
120000184,5,749,-744
120000186,0,4,-4
120000187,0,4,-4
120000188,0,1,-1
120000190,0,0,0
120000191,0,0,0
120000192,0,0,0
120000193,0,0,0
120000195,0,0,0
120000196,0,0,0
120000197,0,0,0
120000198,0,19,-19
120000199,0,0,0
120000200,0,0,0
120000201,0,0,0
120000202,0,13,-13
120000203,0,68,-68
120000207,0,0,0
120000208,0,0,0
120000209,0,0,0
120000210,0,0,0
120000211,0,0,0
120000212,0,0,0
120000213,0,0,0
120000214,0,0,0
120000215,0,0,0
120000216,0,0,0
120000217,101,211,-110
120000218,43,288,-245
120000219,4,139,-135
120000220,3,597,-594
120000225,0,0,0
120000226,0,0,0
120000227,0,0,0
120000228,855,161,694
120000230,0,0,0
120000231,0,0,0
120000233,0,2,-2
120000235,67,360,-293
120000236,0,0,0
120000237,1,424,-423
120000238,0,4,-4
120000241,6,4,2
120000412,0,0,0
120000413,0,0,0
120000414,0,0,0
120000415,0,0,0
120000416,0,0,0
120000417,0,0,0
120000418,0,0,0
120000419,0,0,0
120000420,0,0,0
120000421,5082,2363,2719
120000422,85,66,19
120000423,3,24,-21
120000424,1,35,-34
120000436,12,33,-21
120000437,49,40,9
120000438,1243,99,1144
120000439,10,67,-57
120000443,0,0,0
120000444,26,312,-286
120000445,36,37,-1
120000446,80,7,73
120000447,0,0,0
120000449,0,0,0
120000450,0,0,0
120000451,7,42,-35
120000452,0,0,0
120000453,1,319,-318
120000454,0,0,0
120000455,4,11,-7
120000456,336,308,28
120000457,228,131,97
120000458,169,244,-75
120000459,0,0,0
120000665,47,5,42
120000668,14,36,-22
120000669,0,0,0
120000670,23,23,0
120000671,90,88,2
120000672,24,164,-140
120900001,0,0,0
120900002,0,0,0
120900003,0,0,0
120900004,0,0,0
120900005,0,0,0
120900006,0,0,0
120900007,3,7,-4
120900008,0,18,-18
120900009,0,0,0
120900010,0,0,0
120900011,0,0,0
120900012,37,14,23
120900013,0,0,0
120900014,0,0,0
120900015,0,0,0
120900016,0,0,0
120900017,157,11,146
120900018,0,1,-1
120900019,2,1,1
120900020,1,18,-17
120900021,0,0,0
120900022,0,0,0
120900023,0,0,0
120900024,96,25,71
120900025,0,0,0
120900026,0,0,0
120900027,0,0,0
120900028,2,0,2
120900029,0,0,0
120900030,2,3,-1
120900031,0,0,0
120900032,0,0,0
120900033,0,0,0
120900034,0,0,0
120900035,0,0,0
120900037,1,0,1
120900038,0,0,0
120900039,0,0,0
120900040,0,0,0
120900041,0,0,0
120900042,0,0,0
120900043,0,0,0
120900044,0,0,0
120900045,0,0,0
120900046,4,0,4
120900047,0,0,0
120900048,0,0,0
120900049,0,0,0
120900050,0,0,0
120900051,0,0,0
120900052,0,0,0
120900053,0,0,0
120900054,0,0,0
120900055,4,0,4
120900056,0,0,0
120900057,0,0,0
120900058,0,0,0
120900059,0,0,0
120900060,0,0,0
120900061,0,0,0
120900062,0,0,0
120900063,0,0,0
120900064,0,0,0
120900065,0,0,0
120900066,0,47,-47
120900067,0,0,0
120900068,0,0,0
120900069,0,0,0
120900071,0,1,-1
120900072,0,0,0
120900073,0,2,-2
120900074,0,0,0
120900076,0,0,0
120900077,0,1,-1
120900078,1,150,-149
120900079,0,4,-4
120900080,2,223,-221
120900081,0,0,0
120900082,0,49,-49
120900083,0,0,0
120900084,0,0,0
120900085,0,0,0
120900086,3,4,-1
120900087,0,0,0
120900088,2,4,-2
120900089,439,46,393
120900090,0,2,-2
120900091,0,0,0
120900092,26,49,-23
120900093,0,0,0
120900094,48,36,12
120900095,0,0,0
120900096,0,1,-1
120900097,24,128,-104
120900098,0,0,0
120900099,0,8,-8
120900100,1,11,-10
120900101,0,0,0
120900102,0,0,0
120900103,2,0,2
120900104,0,5,-5
120900105,0,0,0
120900106,225,106,119
120900107,64,11,53
120900108,0,0,0
120900109,5,135,-130
120900110,0,0,0
120900111,0,11,-11
120900112,0,0,0
120900113,2,210,-208
120900114,1,28,-27
120900115,16,24,-8
120900116,0,25,-25
120900117,0,4,-4
120900118,0,225,-225
120900119,0,0,0
120900120,2,112,-110
120900121,36,39,-3
120900122,0,48,-48
120900123,0,7,-7
120900124,1,184,-183
120900125,0,130,-130
120900126,77,91,-14
120900127,1,5,-4
120900128,111,148,-37
120900129,7,82,-75
120900130,0,119,-119
120900131,0,0,0
120900132,0,4,-4
120900133,21,185,-164
120900134,37,89,-52
120900135,0,152,-152
120900136,0,0,0
120900137,0,0,0
120900138,0,42,-42
120900139,1,165,-164
120900140,0,0,0
120900141,1,3,-2
120900142,1,163,-162
120900143,2,221,-219
120900144,1,63,-62
120900145,5,190,-185
120900146,0,200,-200
120900147,0,10,-10
120900148,0,8,-8
120900149,0,79,-79
120900150,1,91,-90
120900151,0,133,-133
120900152,0,2,-2
120900153,0,1,-1
120900154,0,77,-77
120900155,16,314,-298
120900156,1,109,-108
120900157,0,4,-4
120900158,1,134,-133
120900159,0,11,-11
120900160,8,108,-100
120900161,0,65,-65
120900162,0,63,-63
120900163,0,0,0
120900164,0,0,0
120900165,0,0,0
120900166,1,1,0
120900167,1,6,-5
120900169,5,69,-64
120900170,51,17,34
120900171,115,20,95
120900172,0,0,0
120900173,0,21,-21
120900174,0,14,-14
120900175,0,0,0
120900176,0,6,-6
120900177,0,5,-5
120900178,0,10,-10
120900179,74,55,19
120900180,0,5,-5
120900181,0,0,0
120900182,0,0,0
120900183,0,0,0
120900184,0,0,0
120900185,0,3,-3
120900186,1,114,-113
120900187,3,6,-3
120900188,0,0,0
120900189,0,0,0
120900190,0,0,0
120900191,0,0,0
120900192,630,25,605
120900194,0,0,0
120900195,4,35,-31
120900196,0,0,0
120900197,0,0,0
120900198,13,106,-93
120900199,8,165,-157
120900200,0,0,0
120900201,41,16,25
120900202,1,46,-45
120900203,0,3,-3
120900204,85,102,-17
120900205,0,0,0
120900206,0,0,0
121000001,257,491,-234
121000002,201,174,27
121000003,2749,823,1926
121000004,554,269,285
121000005,818,726,92
121000006,708,320,388
121000007,1122,1177,-55
121000008,979,483,496
121000009,3990,1495,2495
121000010,2774,713,2061
121000011,6957,1749,5208
121000012,5130,1000,4130
121000013,2746,1916,830
121000014,2810,1725,1085
121000015,1359,1970,-611
121000016,2008,2174,-166
121000017,278,616,-338
121000018,608,374,234
121000019,4001,1080,2921
121000020,3434,1145,2289
121000021,444,771,-327
121000022,390,462,-72
121000023,840,804,36
121000024,423,849,-426
121000025,109,66,43
121000026,31,15,16
121000027,610,144,466
121000028,90,45,45
121000029,25,78,-53
121000030,16,40,-24
121000031,23,107,-84
121000032,30,38,-8
121000034,0,0,0
121000035,6,17,-11
121000036,23,68,-45
121000037,88,98,-10
121000038,87,80,7
121000039,17,36,-19
121000041,8,59,-51
121000042,0,1,-1
121000043,30,21,9
121000044,105,68,37
121000045,12,46,-34
121000046,18,50,-32
121000047,6,13,-7
121000049,212,147,65
121000050,62,348,-286
121000051,39,46,-7
121000052,42,143,-101
121000053,0,0,0
121000054,6,65,-59
121000055,448,181,267
121000056,202,175,27
121000057,29,19,10
121000058,64,27,37
121000059,45,20,25
121000060,62,62,0
121000061,7,14,-7
121000062,12,15,-3
121000063,78,224,-146
121000064,25,25,0
121000065,24,52,-28
121000066,24,76,-52
121000067,88,60,28
121000068,0,0,0
121000069,1,3,-2
121000070,86,157,-71
121000071,83,179,-96
121000072,145,52,93
121000073,162,227,-65
121000074,23,45,-22
121000075,20,15,5
121000076,57,28,29
121000077,1,0,1
121000078,15,46,-31
121000080,424,131,293
121000081,262,252,10
121000082,38,83,-45
121000083,0,0,0
121000084,60,39,21
121000085,166,101,65
121000086,0,5,-5
121000087,0,1,-1
121000088,86,188,-102
121000089,0,1,-1
121000090,35,122,-87
121000091,544,392,152
121000092,38,20,18
121000093,17,26,-9
121000094,48,39,9
121000095,0,0,0
121000096,1323,835,488
121000097,600,408,192
121000098,64,252,-188
121000099,50,192,-142
121000100,26,138,-112
121000101,0,0,0
121000102,14,102,-88
121000103,1,0,1
121000104,18,60,-42
121000105,9,74,-65
121000106,0,1,-1
121000107,577,795,-218
121000109,451,488,-37
121000110,63,94,-31
121000114,692,997,-305
121000115,232,335,-103
121000116,102,340,-238
121000117,18,1,17
121000118,68,6,62
121000119,6,11,-5
121000120,0,11,-11
121000121,0,1,-1
121000123,1,1,0
121000126,9,25,-16
121000127,0,13,-13
121000128,39,145,-106
121000129,48,75,-27
121000130,81,233,-152
121000131,189,136,53
121000132,148,104,44
121000135,31,21,10
121000136,97,28,69
121000137,25,2,23
121000138,47,45,2
121000139,114,57,57
121000141,27,39,-12
121000142,92,78,14
121000143,9,0,9
121000144,68,43,25
121000145,35,127,-92
121000146,104,145,-41
121000147,54,102,-48
121000148,41,98,-57
121000149,193,325,-132
121000152,20,49,-29
121000153,416,87,329
121000154,157,29,128
121000155,218,132,86
121000156,134,126,8
121000157,173,89,84
121000158,52,71,-19
121000159,10,87,-77
121000160,12,104,-92
121000161,0,1,-1
121000162,0,1,-1
121000165,14,5,9
121000166,7,25,-18
121000168,25,41,-16
121000169,4,105,-101
121000170,40,15,25
121000171,41,70,-29
121000172,76,117,-41
121000173,303,136,167
121000174,35,134,-99
121000175,36,120,-84
121000176,120,65,55
121000177,44,76,-32
121000178,4,6,-2
121000179,8,15,-7
121000181,48,45,3
121000182,58,29,29
121000183,8,1,7
121000184,4,2,2
121000185,0,1,-1
121000186,20,92,-72
121000187,0,0,0
121000188,0,0,0
121000192,75,52,23
121000193,45,79,-34
121000194,1313,606,707
121000195,61,288,-227
121000196,0,1,-1
121000197,43,181,-138
121000198,7,56,-49
121000199,16,374,-358
121000200,54,26,28
121000201,0,60,-60
121000202,12,0,12
121000203,2,206,-204
121000204,33,10,23
121000205,60,311,-251
121000206,16,49,-33
121000207,80,83,-3
121000208,1,93,-92
121000209,15,308,-293
121000210,50,203,-153
121000211,13,38,-25
121000212,79,239,-160
121000213,202,206,-4
121000214,85,126,-41
121000215,268,203,65
121000216,38,89,-51
121000217,646,193,453
121000218,82,718,-636
121000219,141,103,38
121000220,134,59,75
121000221,31,10,21
121000222,452,1058,-606
121000223,40,150,-110
121000224,0,0,0
121000225,149,131,18
121000226,78,68,10
121000227,1,53,-52
121000228,14,649,-635
121000229,2,352,-350
121000230,50,1259,-1209
121000231,0,0,0
121000232,0,0,0
121000233,4,22,-18
121000234,0,0,0
121000235,0,0,0
121000236,0,0,0
121000237,0,4,-4
121000238,0,0,0
121000239,0,0,0
121000240,0,0,0
121000241,0,0,0
121000242,0,0,0
121000243,3,0,3
121000244,0,2,-2
121000245,0,0,0
121000246,0,2,-2
121000247,1,0,1
121000248,2,5,-3
121000249,21,67,-46
121000250,19,21,-2
121000251,5,231,-226
121000252,4,5,-1
121000253,47,316,-269
121000254,97,21,76
121000255,24,60,-36
121000256,12,14,-2
121000257,9,29,-20
121000258,13,13,0
121000259,4,6,-2
121000260,22,57,-35
121000261,10,5,5
121000262,288,157,131
121000263,62,145,-83
121000271,96,161,-65
121000273,4,9,-5
121000274,0,2,-2
121000275,0,19,-19
121000276,0,1,-1
121000278,1,2,-1
121000279,5,9,-4
121000280,0,0,0
121000289,1,0,1
121000290,185,119,66
121000294,3,52,-49
121000297,91,89,2
121000299,6,83,-77
121000300,132,63,69
121000302,24,70,-46
121000303,90,47,43
121000304,1,0,1
121000305,0,0,0
121000306,0,0,0
121000308,55,93,-38
121000309,111,162,-51
121000310,9,125,-116
121000311,11,259,-248
121000312,0,0,0
121000313,206,141,65
121000314,48,26,22
121000315,27,10,17
121000530,85,338,-253
121000531,104,299,-195
121000532,1057,414,643
121000533,614,428,186
121000918,1,76,-75
121000919,0,0,0
121000938,5,12,-7
121000939,6,6,0
121000956,77,374,-297
121000957,2,83,-81
121000958,7,106,-99
121000959,53,366,-313
121000960,65,587,-522
121000961,6,0,6
121000962,0,0,0
121000973,4,83,-79
121000976,0,0,0
121000979,0,0,0
121000981,11,2,9
121000982,0,0,0
121000983,15,141,-126
121000984,0,9,-9
121000985,49,146,-97
121000986,4,58,-54
121000987,40,756,-716
121000988,106,14,92
121001302,46,60,-14
121001308,3,7,-4
121001309,4,8,-4
121001313,7,111,-104
121001314,3653,1511,2142
121001315,1065,861,204
121900001,0,0,0
121900002,0,8,-8
121900003,0,0,0
121900004,0,0,0
121900005,0,1,-1
121900006,0,0,0
121900007,0,0,0
121900008,0,0,0
121900009,0,0,0
121900010,0,0,0
121900011,0,0,0
121900012,0,0,0
121900013,0,0,0
121900014,0,0,0
121900015,0,0,0
121900016,0,0,0
121900017,0,0,0
121900018,0,0,0
121900019,0,0,0
121900020,0,0,0
121900021,0,0,0
121900022,0,0,0
121900023,0,0,0
121900024,0,0,0
121900025,0,0,0
121900026,0,0,0
121900027,0,0,0
121900028,0,0,0
121900029,0,0,0
121900030,0,0,0
121900031,0,0,0
121900032,0,0,0
121900033,0,0,0
121900034,0,0,0
121900035,0,0,0
121900036,0,0,0
121900037,0,0,0
121900038,0,0,0
121900039,0,0,0
121900040,0,0,0
121900041,0,0,0
121900042,0,0,0
121900043,0,0,0
121900044,0,0,0
121900045,0,2,-2
121900046,0,0,0
121900047,0,0,0
121900048,0,0,0
121900050,0,0,0
121900051,0,0,0
121900052,0,0,0
121900053,14,36,-22
121900054,0,0,0
121900055,0,0,0
121900058,0,0,0
121900059,0,0,0
121900060,0,0,0
121900061,0,0,0
121900062,0,0,0
121900063,0,0,0
121900064,0,0,0
121900066,0,0,0
121900067,0,0,0
121900069,0,0,0
121900070,0,0,0
121900071,0,0,0
121900072,0,0,0
121900073,0,0,0
121900074,0,0,0
121900075,0,0,0
121900076,0,0,0
121900077,0,0,0
121900078,0,0,0
121900079,0,0,0
121900080,0,0,0
121900082,0,0,0
121900084,0,0,0
121900085,0,0,0
121900086,0,0,0
121900087,0,0,0
121900088,0,0,0
121900089,0,0,0
121900090,0,0,0
121900091,0,0,0
121900092,0,0,0
121900093,0,0,0
121900094,0,0,0
121900095,0,0,0
121900096,0,0,0
121900097,0,0,0
121900098,0,0,0
121900099,0,0,0
121900100,0,0,0
121900101,0,0,0
121900102,0,0,0
121900103,0,0,0
121900104,0,0,0
121900105,0,0,0
121900106,0,0,0
121900107,0,0,0
121900108,0,0,0
121900109,0,0,0
121900110,0,0,0
121900111,0,0,0
121900112,0,0,0
121900113,0,0,0
121900114,0,0,0
121900115,0,0,0
121900117,0,0,0
121900118,0,0,0
121900119,0,0,0
121900120,0,0,0
121900121,0,0,0
121900122,0,0,0
121900123,0,0,0
121900124,0,0,0
121900125,0,0,0
121900127,0,0,0
121900128,0,0,0
121900129,0,0,0
121900130,0,0,0
121900131,0,0,0
121900132,0,0,0
121900133,0,0,0
121900134,0,0,0
121900135,0,0,0
121900136,0,0,0
121900137,0,0,0
121900138,0,0,0
121900139,0,0,0
121900140,0,0,0
121900141,0,0,0
121900142,0,0,0
121900143,0,0,0
121900144,0,0,0
121900145,0,0,0
121900146,0,0,0
121900147,0,2,-2
121900148,0,0,0
121900149,0,0,0
121900150,1,3,-2
121900151,0,0,0
121900152,0,0,0
121900153,0,0,0
121900154,0,0,0
121900155,0,0,0
121900156,0,0,0
121900157,0,0,0
121900158,0,0,0
121900159,0,0,0
121900160,0,0,0
121900161,0,0,0
121900162,1,3,-2
121900163,0,0,0
121900164,0,0,0
121900165,0,0,0
121900166,0,0,0
121900167,0,0,0
121900168,0,0,0
121900169,0,34,-34
121900170,0,0,0
121900171,0,0,0
121900172,0,0,0
121900173,0,0,0
121900174,0,0,0
121900175,0,0,0
121900176,16,132,-116
121900177,0,0,0
121900179,0,0,0
121900180,5,3,2
121900182,0,0,0
121900183,0,0,0
121900184,0,0,0
121900185,0,0,0
121900186,0,0,0
121900187,0,0,0
121900188,0,0,0
121900189,0,0,0
121900190,0,0,0
121900191,0,0,0
121900192,0,0,0
121900194,0,0,0
121900195,0,0,0
121900196,0,0,0
121900197,4,49,-45
121900198,0,0,0
121900199,0,0,0
121900200,0,0,0
121900201,0,0,0
121900202,0,5,-5
121900203,0,0,0
121900204,0,0,0
121900205,0,0,0
121900206,0,0,0
121900207,0,0,0
121900208,0,0,0
121900209,0,0,0
121900210,0,0,0
121900211,0,0,0
121900212,0,0,0
121900213,0,0,0
121900214,0,0,0
121900215,0,0,0
121900216,0,0,0
121900217,0,0,0
121900218,0,0,0
121900219,0,0,0
121900220,0,0,0
121900221,0,0,0
121900222,0,0,0
121900223,0,0,0
121900224,0,0,0
121900225,0,0,0
121900226,0,0,0
121900227,0,0,0
121900228,0,0,0
121900229,0,0,0
121900230,0,0,0
121900231,0,0,0
121900232,0,0,0
121900233,0,0,0
121900234,0,0,0
121900235,0,0,0
121900236,0,0,0
121900237,0,0,0
121900238,0,0,0
121900239,0,0,0
121900240,0,0,0
121900241,0,0,0
121900242,0,0,0
121900243,0,0,0
121900244,0,0,0
121900245,0,0,0
121900246,0,0,0
121900247,0,0,0
121900248,0,0,0
121900250,0,0,0
121900251,0,0,0
121900252,0,0,0
121900253,0,0,0
121900254,0,0,0
121900255,0,0,0
121900258,0,0,0
121900259,0,0,0
121900260,0,0,0
121900261,0,0,0
121900262,0,0,0
121900263,0,0,0
121900264,0,0,0
121900265,0,0,0
121900266,0,0,0
121900267,0,0,0
121900269,0,0,0
121900270,0,0,0
121900271,0,0,0
121900273,0,0,0
121900274,0,0,0
121900276,0,0,0
121900277,0,0,0
121900278,0,0,0
121900279,0,0,0
121900280,0,0,0
121900281,0,0,0
121900284,0,0,0
121900286,2,21,-19
121900287,0,1,-1
121900290,0,0,0
121900291,13,19,-6
121900292,0,0,0
121900293,29,227,-198
121900294,0,0,0
121900295,0,0,0
121900296,0,0,0
121900298,0,0,0
121900299,0,0,0
121900300,0,0,0
121900301,0,0,0
121900302,0,0,0
121900303,0,0,0
121900304,0,0,0
121900305,0,0,0
121900306,0,0,0
121900307,0,0,0
121900308,0,24,-24
121900309,0,19,-19
121900310,0,43,-43
121900311,0,0,0
121900312,0,0,0
121900313,0,0,0
121900314,0,0,0
121900315,0,0,0
121900316,0,0,0
121900317,0,0,0
121900318,0,0,0
121900319,0,0,0
121900320,0,0,0
121900321,0,0,0
121900322,0,0,0
121900323,0,0,0
121900324,0,0,0
121900325,0,0,0
121900326,0,0,0
121900327,0,0,0
121900328,0,0,0
121900329,0,0,0
121900330,0,0,0
121900331,0,0,0
121900332,0,0,0
122000001,421,484,-63
122000002,486,177,309
122000003,282,232,50
122000004,285,147,138
122000005,186,86,100
122000006,123,46,77
122000007,93,141,-48
122000008,547,388,159
122000009,98,44,54
122000010,273,239,34
122000011,203,126,77
122000012,120,158,-38
122000013,143,133,10
122000014,127,143,-16
122000015,108,62,46
122000016,103,105,-2
122000017,203,188,15
122000018,230,312,-82
122000019,114,411,-297
122000020,44,27,17
122000021,184,64,120
122000022,152,62,90
122000023,54,69,-15
122000024,61,84,-23
122000025,56,116,-60
122000026,51,31,20
122000027,236,381,-145
122000028,0,2,-2
122000029,0,1,-1
122000030,86,26,60
122000031,0,0,0
122000032,66,60,6
122000033,39,67,-28
122000034,125,140,-15
122000035,153,153,0
122000036,66,182,-116
122000037,80,64,16
122000038,40,69,-29
122000039,107,107,0
122000040,72,78,-6
122000041,0,1,-1
122000042,0,6,-6
122000043,0,0,0
122000044,0,1,-1
122000045,47,26,21
122000046,26,53,-27
122000047,73,62,11
122000048,421,302,119
122000049,920,451,469
122000050,157,217,-60
122000051,0,0,0
122000052,1,5,-4
122000053,15,87,-72
122000054,220,205,15
122000055,272,416,-144
122000056,525,437,88
122000057,904,551,353
122000058,470,478,-8
122000059,573,465,108
122000060,190,137,53
122000061,70,33,37
122000062,225,50,175
122000063,76,83,-7
122000064,541,666,-125
122000065,833,609,224
122000066,280,308,-28
122000067,178,273,-95
122000068,149,110,39
122000069,262,186,76
122000070,25,44,-19
122000071,26,39,-13
122000072,94,52,42
122000073,42,86,-44
122000074,15,7,8
122000075,6,11,-5
122000076,120,75,45
122000077,98,164,-66
122000078,252,518,-266
122000079,220,164,56
122000080,36,49,-13
122000081,19,15,4
122000082,1,8,-7
122000083,213,228,-15
122000084,137,171,-34
122000085,75,258,-183
122000086,350,354,-4
122000087,7,6,1
122000088,52,53,-1
122000089,686,329,357
122000090,16,27,-11
122000091,16,9,7
122000092,8,3,5
122000093,129,431,-302
122000094,870,180,690
122000095,670,286,384
122000096,174,33,141
122000098,658,566,92
122000099,58,162,-104
122000100,78,73,5
122000101,8,40,-32
122000102,344,179,165
122000103,127,179,-52
122000104,38,22,16
122000105,10,21,-11
122000106,97,48,49
122000107,15,25,-10
122000108,84,119,-35
122000109,1,18,-17
122000110,49,86,-37
122000111,352,108,244
122000112,56,68,-12
122000113,29,94,-65
122000114,517,858,-341
122000115,471,334,137
122000116,153,83,70
122000117,124,10,114
122000118,64,32,32
122000119,479,440,39
122000120,427,666,-239
122000121,454,367,87
122000122,162,241,-79
122000123,337,77,260
122000124,106,56,50
122000125,277,174,103
122000126,75,186,-111
122000127,256,327,-71
122000128,70,211,-141
122000129,57,18,39
122000130,76,21,55
122000131,67,17,50
122000132,192,100,92
122000133,116,520,-404
122000134,123,98,25
122000135,59,358,-299
122000136,4,15,-11
122000137,21,24,-3
122000139,193,261,-68
122000140,116,65,51
122000141,977,128,849
122000142,40,301,-261
122000143,18,12,6
122000144,67,58,9
122000145,95,50,45
122000146,0,4,-4
122000147,17,20,-3
122000148,806,330,476
122000149,286,79,207
122000150,68,45,23
122000151,81,102,-21
122000152,57,68,-11
122000153,1,0,1
122000154,0,0,0
122000155,157,113,44
122000156,1155,875,280
122000157,507,596,-89
122000158,36,83,-47
122000159,44,54,-10
122000160,183,48,135
122000161,61,20,41
122000162,93,37,56
122000163,1,4,-3
122000164,0,0,0
122000165,80,67,13
122000166,24,37,-13
122000167,61,68,-7
122000168,0,4,-4
122000169,83,82,1
122000170,26,108,-82
122000171,20,46,-26
122000172,282,256,26
122000173,243,353,-110
122000174,310,314,-4
122000175,259,84,175
122000176,3,3,0
122000177,309,574,-265
122000178,148,23,125
122000179,361,272,89
122000180,200,390,-190
122000181,468,904,-436
122000182,285,50,235
122000183,253,22,231
122000184,3285,558,2727
122000185,710,438,272
122000186,83,102,-19
122000187,40,89,-49
122000188,79,43,36
122000189,0,0,0
122000190,9,170,-161
122000191,97,34,63
122000192,65,11,54
122000193,1,11,-10
122000194,44,14,30
122000195,0,2,-2
122000196,19,34,-15
122000197,19,25,-6
122000198,65,73,-8
122000199,39,20,19
122000200,99,25,74
122000201,676,936,-260
122000202,518,489,29
122000203,576,434,142
122000204,211,502,-291
122000205,134,289,-155
122000206,78,40,38
122000207,41,74,-33
122000208,65,99,-34
122000209,39,12,27
122000210,181,644,-463
122000211,145,409,-264
122000212,111,85,26
122000213,139,150,-11
122000214,162,194,-32
122000215,164,192,-28
122000217,316,561,-245
122000218,0,0,0
122000219,599,379,220
122000220,72,303,-231
122000221,18,63,-45
122000222,66,8,58
122000223,111,207,-96
122000225,145,59,86
122000226,156,568,-412
122000227,63,369,-306
122000228,47,239,-192
122000229,4,169,-165
122000230,11,256,-245
122000231,11,206,-195
122000232,27,104,-77
122000233,0,0,0
122000234,9,28,-19
122000235,17,22,-5
122000236,40,16,24
122000237,4,8,-4
122000238,11,10,1
122000239,7,2,5
122000240,12,4,8
122000241,2,0,2
122000242,2,1,1
122000243,0,2,-2
122000244,0,68,-68
122000245,3,42,-39
122000246,1,4,-3
122000247,65,103,-38
122000248,198,482,-284
122000249,20,28,-8
122000250,73,21,52
122000251,89,130,-41
122000252,14,4,10
122000253,2,113,-111
122000254,3,1,2
122000255,32,25,7
122000256,111,878,-767
122000257,42,207,-165
122000258,21,26,-5
122000259,0,241,-241
122000260,7,66,-59
122000261,0,5,-5
122000262,2,51,-49
122000263,3,67,-64
122000264,0,0,0
122000265,0,0,0
122000266,0,0,0
122000267,0,0,0
122000268,0,0,0
122000269,0,0,0
122000270,0,0,0
122000271,3,36,-33
122000272,8,33,-25
122000273,12,37,-25
122000274,2,11,-9
122000275,2,7,-5
122000276,14,97,-83
122000277,107,153,-46
122000278,79,66,13
122000279,57,209,-152
122000280,210,300,-90
122000281,78,263,-185
122000282,4,22,-18
122000283,135,17,118
122000284,15,16,-1
122000285,100,80,20
122000286,46,101,-55
122000287,7,1,6
122000288,12,8,4
122000291,143,33,110
122000293,20,21,-1
122000294,5,0,5
122000295,1,1,0
122000296,7,84,-77
122000297,379,139,240
122000299,19,69,-50
122000300,73,181,-108
122000301,2075,261,1814
122000302,75,48,27
122000303,1595,442,1153
122000304,2,55,-53
122000305,145,44,101
122000306,8,347,-339
122000307,66,33,33
122000309,17,163,-146
122000310,4,9,-5
122000311,16,16,0
122000312,3,2,1
122000313,1,8,-7
122000314,13,22,-9
122000315,8,0,8
122000316,17,4,13
122000317,54,7,47
122000318,5,8,-3
122000319,57,127,-70
122000320,56,712,-656
122000321,10,200,-190
122000322,353,123,230
122000323,213,135,78
122000324,183,157,26
122000325,21,98,-77
122000326,0,0,0
122000327,24,74,-50
122000328,173,264,-91
122000330,114,23,91
122000332,11,88,-77
122000333,0,86,-86
122000337,140,711,-571
122000338,40,207,-167
122000340,36,36,0
122000342,342,328,14
122000343,16,64,-48
122000344,0,0,0
122000345,3,2,1
122000346,54,23,31
122000348,53,135,-82
122000349,4,105,-101
122000351,1,8,-7
122000352,29,8,21
122000353,2,56,-54
122000355,0,2,-2
122000356,500,242,258
122000357,0,0,0
122000358,0,0,0
122000359,0,0,0
122000360,0,0,0
122000362,3,32,-29
122000364,8,77,-69
122000365,0,0,0
122000366,0,3,-3
122000368,56,147,-91
122000370,0,29,-29
122000371,0,0,0
122000372,0,0,0
122000381,3,60,-57
122000382,4,42,-38
122000384,446,314,132
122000385,0,0,0
122000386,7,44,-37
122000387,31,85,-54
122000388,53,18,35
122000389,56,270,-214
122000390,20,32,-12
122000391,0,0,0
122000392,17,40,-23
122000393,0,23,-23
122000394,5,60,-55
122000395,4,44,-40
122000396,14,33,-19
122000397,4,27,-23
122000398,0,0,0
122000399,4,12,-8
122000400,0,0,0
122000401,24,38,-14
122000402,0,0,0
122000403,98,915,-817
122000404,18,7,11
122000408,101,218,-117
122000503,0,0,0
122000524,2,1,1
122000544,0,0,0
122000616,486,6,480
122000640,0,2,-2
122000641,0,9,-9
122000642,5,25,-20
122000643,0,0,0
122000644,36,27,9
122000645,68,99,-31
122000651,133,120,13
122000664,9,9,0
122000665,332,211,121
122000666,60,123,-63
122000673,19,155,-136
122000674,91,15,76
122000675,105,360,-255
122000686,0,4,-4
122000687,24,148,-124
122000688,1,2,-1
122000689,64,431,-367
122000690,77,510,-433
122000691,0,14,-14
122000692,104,234,-130
122000693,2,9,-7
122000695,58,199,-141
122000696,4,11,-7
122000698,21,427,-406
122000699,20,1,19
122000701,111,141,-30
122000702,1,15,-14
122000703,0,0,0
122000717,100,20,80
122000718,68,5,63
122000719,0,0,0
122000720,2,11,-9
122900001,0,0,0
122900002,0,0,0
122900003,0,0,0
122900004,0,0,0
122900005,0,0,0
122900006,0,0,0
122900007,0,0,0
122900008,0,0,0
122900009,0,0,0
122900010,0,0,0
122900012,0,0,0
122900014,0,0,0
122900015,0,0,0
122900016,0,0,0
122900017,0,0,0
122900018,0,0,0
122900019,0,27,-27
122900020,0,0,0
122900021,0,0,0
122900022,7,58,-51
122900023,8,11,-3
122900024,6,3,3
122900025,0,0,0
122900026,0,0,0
122900027,1,35,-34
122900028,0,0,0
122900029,0,0,0
122900030,170,11,159
122900031,0,0,0
122900032,2,10,-8
122900033,0,0,0
122900034,0,0,0
122900035,0,0,0
122900036,0,0,0
122900037,0,0,0
122900038,1,17,-16
122900039,0,0,0
122900040,0,0,0
122900041,0,0,0
122900042,0,0,0
122900043,0,0,0
122900044,0,0,0
122900045,0,0,0
122900046,0,0,0
122900047,0,0,0
122900048,0,0,0
122900049,0,0,0
122900051,2,1,1
122900052,0,2,-2
122900053,0,0,0
122900055,0,0,0
122900057,0,0,0
122900061,0,0,0
122900062,11,3,8
122900063,0,0,0
122900064,0,0,0
122900065,2,8,-6
122900066,12,7,5
122900067,0,0,0
122900068,0,0,0
122900069,4,9,-5
122900070,2,2,0
122900071,0,14,-14
122900072,1,42,-41
122900073,0,0,0
122900074,0,0,0
122900075,0,5,-5
122900076,0,8,-8
122900077,0,43,-43
122900078,0,59,-59
122900080,0,0,0
122900081,0,0,0
122900082,0,0,0
122900083,0,0,0
122900084,0,0,0
122900086,0,0,0
122900087,0,8,-8
122900088,0,0,0
122900089,0,0,0
122900090,0,34,-34
122900091,0,0,0
122900092,0,0,0
122900093,0,0,0
122900094,0,0,0
122900095,0,0,0
122900096,0,0,0
122900097,0,0,0
122900098,0,0,0
122900099,0,0,0
122900100,0,0,0
122900101,0,0,0
123000001,329,228,101
123000002,1720,488,1232
123000003,640,520,120
123000004,1054,1409,-355
123000005,219,374,-155
123000006,939,1145,-206
123000007,210,238,-28
123000008,459,1372,-913
123000009,993,648,345
123000010,2122,2161,-39
123000011,316,236,80
123000012,352,1222,-870
123000013,338,129,209
123000014,603,1551,-948
123000015,832,207,625
123000016,2713,1310,1403
123000017,219,86,133
123000018,0,23,-23
123000019,2,25,-23
123000020,0,1,-1
123000021,3,2,1
123000022,4,5,-1
123000023,85,53,32
123000024,44,30,14
123000025,0,5,-5
123000026,0,18,-18
123000027,9,59,-50
123000028,14,4,10
123000029,61,93,-32
123000030,2,298,-296
123000031,3,31,-28
123000032,8,12,-4
123000033,3,2,1
123000034,20,36,-16
123000035,14,4,10
123000036,5,14,-9
123000037,68,176,-108
123000038,17,74,-57
123000039,198,111,87
123000040,321,226,95
123000041,52,30,22
123000042,99,240,-141
123000043,227,159,68
123000044,1311,632,679
123000045,2780,585,2195
123000046,15,23,-8
123000047,747,259,488
123000048,0,0,0
123000049,754,186,568
123000050,118,85,33
123000051,1,3,-2
123000052,73,183,-110
123000053,690,323,367
123000054,239,137,102
123000055,90,80,10
123000056,280,636,-356
123000057,4289,1084,3205
123000058,48,85,-37
123000059,33,43,-10
123000060,86,77,9
123000061,15,74,-59
123000063,75,129,-54
123000064,74,55,19
123000065,1869,697,1172
123000066,269,188,81
123000067,19,75,-56
123000068,895,989,-94
123000069,4489,1149,3340
123000070,11,97,-86
123000071,29,40,-11
123000072,265,497,-232
123000073,12,16,-4
123000074,182,514,-332
123000075,13,49,-36
123000076,63,228,-165
123000077,588,977,-389
123000078,20,58,-38
123000079,17,43,-26
123000080,366,805,-439
123000081,18,75,-57
123000082,33,120,-87
123000083,32,11,21
123000084,18,141,-123
123000085,0,14,-14
123000086,8,58,-50
123000087,2,72,-70
123000088,96,306,-210
123000089,2,5,-3
123000090,335,552,-217
123000091,6,4,2
123000092,179,286,-107
123000094,22,35,-13
123000095,1,11,-10
123000096,1,6,-5
123000097,31,252,-221
123000098,1,2,-1
123000099,81,110,-29
123000100,132,115,17
123000101,0,1,-1
123000102,50,87,-37
123000104,24,69,-45
123000105,161,127,34
123000106,27,79,-52
123000107,87,136,-49
123000108,198,345,-147
123000111,14,15,-1
123000112,30,39,-9
123000113,90,442,-352
123000114,5,3,2
123000115,9,24,-15
123000116,14,20,-6
123000117,180,532,-352
123000118,96,266,-170
123000119,60,263,-203
123000120,80,155,-75
123000121,34,56,-22
123000122,88,128,-40
123000123,38,22,16
123000124,165,262,-97
123000125,56,21,35
123000126,40,44,-4
123000127,1078,446,632
123000128,68,176,-108
123000129,0,0,0
123000130,3,0,3
123000131,9,123,-114
123000132,68,188,-120
123000133,64,157,-93
123000134,126,39,87
123000135,83,175,-92
123000136,41,531,-490
123000137,24,133,-109
123000138,17,189,-172
123000139,0,0,0
123000140,50,287,-237
123000141,1,1,0
123000142,261,366,-105
123000143,257,960,-703
123000144,2,7,-5
123000145,24,23,1
123000146,2,14,-12
123000147,1,15,-14
123000149,0,6,-6
123000150,1,0,1
123000151,36,58,-22
123000152,12,132,-120
123000153,14,52,-38
123000154,228,121,107
123000155,403,168,235
123000156,7,28,-21
123000157,129,266,-137
123000158,5,0,5
123000159,322,156,166
123000160,65,26,39
123000161,186,23,163
123000162,40,41,-1
123000163,0,0,0
123000164,1,0,1
123000165,68,511,-443
123000166,11,60,-49
123000167,0,108,-108
123000168,40,110,-70
123000169,0,0,0
123000170,1,109,-108
123000171,2,11,-9
123000172,75,290,-215
123000173,2,1,1
123000174,1,0,1
123000175,265,700,-435
123000176,0,0,0
123000177,51,297,-246
123000178,0,0,0
123000179,7,184,-177
123000180,165,17,148
123000181,60,459,-399
123000182,10,108,-98
123000183,51,25,26
123000184,7,227,-220
123000185,0,0,0
123000186,3,419,-416
123000187,0,0,0
123000188,0,0,0
123000189,1,50,-49
123000190,0,10,-10
123000192,0,178,-178
123000193,21,124,-103
123000194,88,73,15
123000195,0,0,0
123000196,0,0,0
123000197,0,46,-46
123000198,1,69,-68
123000199,4,169,-165
123000200,0,0,0
123000201,0,0,0
123000202,4,611,-607
123000203,0,0,0
123000204,12,511,-499
123000205,57,620,-563
123000206,80,1,79
123000207,14,250,-236
123000208,14,11,3
123000209,82,9,73
123000210,117,435,-318
123000211,176,1032,-856
123000212,1,0,1
123000213,0,0,0
123000215,125,40,85
123000216,0,0,0
123000217,0,0,0
123000218,34,106,-72
123000219,1,0,1
123000220,0,0,0
123000221,0,0,0
123000222,12,20,-8
123000223,1,10,-9
123000224,19,42,-23
123000225,6,30,-24
123000226,4,208,-204
123000227,10,170,-160
123000228,3,35,-32
123000229,250,608,-358
123000232,35,231,-196
123000233,0,0,0
123000234,18,289,-271
123000235,0,0,0
123000236,32,400,-368
123000237,0,0,0
123000238,11,241,-230
123000239,103,898,-795
123000240,6,75,-69
123000241,0,0,0
123000242,17,44,-27
123000243,149,388,-239
123000244,277,281,-4
123000245,20,71,-51
123000249,554,283,271
123000252,0,0,0
123000253,0,0,0
123000254,30,269,-239
123000255,25,100,-75
123000256,4,87,-83
123000257,766,766,0
123000258,149,467,-318
123000259,13,131,-118
123000260,39,199,-160
123000261,16,104,-88
123000262,16,75,-59
123000263,8,1,7
123000264,5,1,4
123000265,5,35,-30
123000266,71,186,-115
123000267,0,0,0
123000268,1,11,-10
123000269,0,0,0
123000270,0,0,0
123000271,5,24,-19
123000272,0,0,0
123000273,0,1,-1
123000274,0,0,0
123000275,108,478,-370
123000278,605,567,38
123000279,0,0,0
123000280,9,57,-48
123000281,0,0,0
123000282,6,58,-52
123000283,0,0,0
123000284,3,34,-31
123000286,76,33,43
123000287,76,37,39
123000288,1,2,-1
123000289,0,2,-2
123000291,92,365,-273
123000294,17,20,-3
123000295,108,34,74
123000296,19,17,2
123000297,1,7,-6
123000298,2,11,-9
123000299,0,2,-2
123000300,20,104,-84
123000301,4,51,-47
123000302,3,13,-10
123000303,0,4,-4
123000305,259,222,37
123000306,3,147,-144
123000309,11,12,-1
123000310,0,0,0
123000311,1,108,-107
123000312,104,214,-110
123000313,0,0,0
123000315,2,14,-12
123000316,0,0,0
123000317,0,0,0
123000318,3,54,-51
123000329,162,26,136
123000337,0,36,-36
123000338,17,5,12
123000339,1,341,-340
123000340,5,17,-12
123000342,0,2,-2
123000343,0,0,0
123000344,144,71,73
123000345,45,124,-79
123000346,0,1,-1
123000352,681,336,345
123000353,6,48,-42
123000354,8,0,8
123000355,0,136,-136
123000356,2,0,2
123000357,1,83,-82
123000359,2,80,-78
123000360,0,0,0
123000361,118,85,33
123000362,8,58,-50
123000363,5,139,-134
123000364,23,11,12
123000365,20,75,-55
123000366,49,132,-83
123000367,50,275,-225
123000370,5,131,-126
123000371,0,0,0
123000372,1,1,0
123000373,0,189,-189
123000374,2,88,-86
123000375,2,3,-1
123000376,31,51,-20
123000377,0,0,0
123000378,2,215,-213
123000379,0,91,-91
123000380,2,64,-62
123000381,5,0,5
123000382,39,1,38
123000383,30,152,-122
123000384,10,0,10
123000385,37,246,-209
123000436,27,225,-198
123000507,13,16,-3
123000508,7,65,-58
123000517,110,16,94
123000518,9,37,-28
123000519,59,35,24
123000520,9,42,-33
123000521,45,39,6
123000522,27,116,-89
123000541,0,0,0
123000542,0,16,-16
123000565,42,0,42
123000566,7,254,-247
123000567,20,69,-49
123000573,31,553,-522
123000574,0,0,0
123000575,87,696,-609
123000576,26,887,-861
123000577,23,266,-243
123000578,0,0,0
123000579,260,81,179
123000580,32,2,30
123000582,0,0,0
123000583,6,298,-292
123000584,0,1,-1
123000585,0,49,-49
123000586,0,0,0
123000596,13,28,-15
123000597,0,0,0
123000602,0,0,0
123000603,23,137,-114
123000604,7,505,-498
123000605,244,27,217
123000606,1,747,-746
123000609,8,158,-150
123000610,0,1,-1
123000613,60,120,-60
123000614,0,0,0
123000615,61,190,-129
123000616,0,0,0
123000617,31,328,-297
123000618,13,322,-309
123000619,0,0,0
123000620,39,306,-267
123000622,0,0,0
123000624,0,0,0
123000630,23,48,-25
123000631,27,707,-680
123000632,185,332,-147
123000633,0,44,-44
123000634,0,0,0
123000635,60,58,2
123000636,5,142,-137
123000637,0,0,0
123000638,0,0,0
123000639,0,0,0
123000640,1,412,-411
123900001,41,4,37
123900002,0,0,0
123900003,0,0,0
123900005,0,0,0
123900006,0,0,0
124000001,211,0,211
124000002,78,624,-546
124000003,21,1,20
124000004,15,343,-328
124000005,21,1,20
124000006,102,736,-634
124000007,20,1,19
124000008,13,166,-153
124000009,2,5,-3
124000010,22,254,-232
124000011,13,7,6
124000012,40,501,-461
124000017,0,0,0
124000018,54,27,27
124000019,0,0,0
124000020,12,85,-73
124000021,0,0,0
124000022,48,128,-80
124000023,169,107,62
124000024,219,237,-18
124000025,106,83,23
124000026,289,224,65
124000027,808,215,593
124000028,1225,1280,-55
124000030,908,424,484
124000031,52,4,48
124000032,1906,376,1530
124000033,11,0,11
124000034,640,224,416
124000035,2,1,1
124000036,7,76,-69
124000037,3,7,-4
124000038,8,5,3
124000039,174,42,132
124000040,137,240,-103
124000041,57,2,55
124000042,16,209,-193
124000043,8,8,0
124000044,8,180,-172
124000045,0,0,0
124000046,49,367,-318
124000047,0,0,0
124000048,110,811,-701
124000049,0,0,0
124000050,133,1040,-907
124000051,0,0,0
124000052,86,637,-551
124000053,0,0,0
124000054,219,348,-129
124000055,0,0,0
124000056,1070,744,326
124000057,0,0,0
124000058,104,637,-533
124000059,14,21,-7
124000060,415,344,71
124000061,23,54,-31
124000062,2825,570,2255
124000063,513,680,-167
124000064,499,785,-286
124000065,1,35,-34
124000066,0,0,0
124000067,0,0,0
124000068,0,5,-5
124000069,0,0,0
124000070,4,121,-117
124000071,0,0,0
124000072,19,153,-134
124000073,0,0,0
124000074,26,320,-294
124000075,0,0,0
124000076,7,123,-116
124000077,313,108,205
124000078,16,2,14
124000079,287,252,35
124000080,0,0,0
124000081,18,255,-237
124000082,0,0,0
124000083,6,70,-64
124000084,0,0,0
124000085,13,11,2
124000086,0,0,0
124000087,0,0,0
124000088,4,10,-6
124000089,0,0,0
124000090,12,201,-189
124000091,0,0,0
124000092,14,238,-224
124000093,0,0,0
124000094,9,50,-41
124000095,0,0,0
124000096,11,42,-31
124000097,0,0,0
124000098,8,59,-51
124000099,0,0,0
124000100,3,55,-52
124000101,1,0,1
124000102,13,38,-25
124000103,2,0,2
124000104,14,47,-33
124000105,1,1,0
124000106,3,58,-55
124000107,0,7,-7
124000108,9,21,-12
124000109,0,0,0
124000110,13,31,-18
124000111,9,17,-8
124000112,47,97,-50
124000113,0,0,0
124000114,10,71,-61
124000115,51,85,-34
124000116,0,0,0
124000117,22,22,0
124000118,0,2,-2
124000119,55,181,-126
124000120,7,32,-25
124000121,76,15,61
124000122,298,251,47
124000123,85,44,41
124000124,91,228,-137
124000125,35,53,-18
124000126,110,197,-87
124000127,69,61,8
124000128,173,536,-363
124000129,172,274,-102
124000130,271,214,57
124000131,90,103,-13
124000132,366,319,47
124000133,47,73,-26
124000134,141,218,-77
124000135,99,99,0
124000136,242,348,-106
124000137,77,71,6
124000138,240,300,-60
124000139,0,0,0
124000140,6,130,-124
124000141,0,0,0
124000142,0,34,-34
124000143,0,0,0
124000144,6,11,-5
124000145,0,0,0
124000146,2,46,-44
124000148,0,0,0
124000149,1,2,-1
124000150,54,227,-173
124000151,10,2,8
124000152,87,326,-239
124000153,9,3,6
124000154,75,317,-242
124000155,7,7,0
124000156,353,268,85
124000169,3,13,-10
124000170,127,104,23
124000171,3,2,1
124000172,42,140,-98
124000173,5,13,-8
124000174,24,235,-211
124000175,8,88,-80
124000176,0,0,0
124000177,15,39,-24
124000178,0,0,0
124000190,0,0,0
124000191,20,9,11
124000192,20,4,16
124000193,113,580,-467
124000194,60,261,-201
124000195,23,75,-52
124000196,319,508,-189
124000197,23,7,16
124000198,0,0,0
124000201,14,453,-439
124000202,2,20,-18
124000203,14,419,-405
124000204,3,100,-97
124000205,8,305,-297
124000206,0,99,-99
124000207,0,83,-83
124000209,27,310,-283
124000210,4,135,-131
124000211,0,0,0
124000212,3,296,-293
124000213,9,203,-194
124000214,5,194,-189
124000215,0,0,0
124000216,1,286,-285
124000329,35,870,-835
124000338,18,491,-473
124000339,3,0,3
124000341,4,0,4
124000344,0,4,-4
124000357,29,16,13
124000358,73,31,42
124000359,48,32,16
124000360,20,15,5
124000361,16,20,-4
124000362,516,878,-362
124000363,115,375,-260
124000364,199,795,-596
124000365,343,1071,-728
124000366,1077,712,365
124000367,49,271,-222
124000368,4,0,4
124000369,8,5,3
124000370,7,203,-196
124000402,0,0,0
124000403,0,0,0
124000404,0,41,-41
124000405,158,90,68
124000406,285,333,-48
124000407,2,14,-12
124000411,0,135,-135
124000412,0,0,0
124000413,0,0,0
124000414,8,9,-1
124000415,7,70,-63
124000416,9,147,-138
124000417,2,28,-26
124000418,0,16,-16
124000419,7,63,-56
124000420,0,17,-17
124000421,2,125,-123
124000422,1,3,-2
124000423,1,10,-9
124000424,0,40,-40
124000425,0,0,0
124000426,1,17,-16
124000427,0,0,0
124000428,4,11,-7
124000429,0,143,-143
124000430,40,142,-102
124000431,11,144,-133
124000432,39,92,-53
124000439,0,0,0
124000442,6,79,-73
124000443,3,14,-11
124000445,0,0,0
124000446,325,13,312
124900001,0,0,0
124900002,0,0,0
124900003,0,0,0
124900004,0,0,0
124900005,0,0,0
124900006,0,0,0
124900008,0,0,0
124900009,0,0,0
124900010,0,0,0
124900011,0,0,0
124900012,0,0,0
124900013,0,0,0
124900014,0,0,0
124900015,0,0,0
124900016,0,0,0
124900017,0,0,0
124900018,0,0,0
124900019,0,0,0
124900020,0,0,0
124900021,0,0,0
124900022,0,0,0
124900024,0,0,0
124900026,0,2,-2
124900027,0,0,0
124900028,0,0,0
124900029,0,0,0
124900030,0,0,0
124900031,0,0,0
124900032,0,0,0
124900033,0,0,0
124900034,0,0,0
124900035,0,0,0
124900036,0,0,0
124900037,0,0,0
124900038,0,0,0
124900039,0,0,0
124900040,0,0,0
124900041,6,37,-31
124900042,0,0,0
124900043,31,68,-37
124900044,0,0,0
124900045,47,42,5
124900046,139,11,128
124900047,10,18,-8
124900048,0,18,-18
124900050,9,25,-16
124900052,8,94,-86
124900053,2,70,-68
124900054,402,35,367
124900055,1,16,-15
124900057,0,10,-10
124900060,4,49,-45
124900061,0,0,0
124900062,0,0,0
124900066,1,11,-10
124900067,1,25,-24
124900068,0,0,0
124900069,0,1,-1
124900070,0,0,0
124900072,0,0,0
124900074,0,0,0
124900075,0,0,0
124900076,0,0,0
124900077,0,0,0
124900078,0,0,0
124900079,7,0,7
124900080,3,47,-44
124900081,0,0,0
124900082,0,4,-4
124900083,8,37,-29
124900084,0,0,0
124900085,0,0,0
124900086,0,0,0
124900087,0,0,0
124900088,0,0,0
124900089,89,0,89
124900090,0,0,0
124900091,0,0,0
124900092,0,0,0
124900093,0,0,0
124900094,0,0,0
124900095,0,0,0
124900096,0,0,0
124900097,0,0,0
124900098,0,0,0
124900099,0,0,0
124900100,0,0,0
124900101,0,0,0
124900102,0,0,0
124900103,0,1,-1
124900104,0,3,-3
124900105,1,1,0
124900106,0,0,0
124900107,0,0,0
124900108,1,1,0
124900109,0,11,-11
124900110,21,79,-58
124900111,0,7,-7
124900112,7,137,-130
129000186,0,0,0
204000001,0,3,-3
204000002,0,0,0
204000003,0,0,0
204000004,0,0,0
204000005,0,0,0
204000006,3,1,2
204000008,8,3,5
204000011,49,72,-23
204000012,7,92,-85
204000013,0,35,-35
204000019,146,148,-2
204000020,48,113,-65
204000021,151,108,43
204000022,49,140,-91
204000023,193,789,-596
204000031,0,0,0
204000032,0,0,0
204000034,96,477,-381
204000035,1,9,-8
204000036,12,15,-3
204000037,1,9,-8
204000038,2,3,-1
204000039,2,57,-55
204000040,3,29,-26
204000041,3,43,-40
204000042,0,1,-1
204000043,0,0,0
204000044,0,0,0
204000045,0,0,0
204000046,0,0,0
204000057,3,76,-73
204000062,4,21,-17
204000068,29,75,-46
204000069,1,25,-24
204000070,0,0,0
204000080,26,52,-26
204000085,429,842,-413
204000086,1197,934,263
204000087,72,180,-108
204000088,38,67,-29
204000090,83,438,-355
204000093,0,0,0
204000096,13,13,0
204000097,0,0,0
204000099,23,32,-9
204000100,10,24,-14
204000105,718,836,-118
204000110,226,612,-386
204000111,113,334,-221
204000112,103,438,-335
204000113,70,393,-323
204000114,24,22,2
204000115,22,73,-51
204000116,59,76,-17
204000119,7,13,-6
204000132,5,1,4
204000133,2,1,1
204000134,0,0,0
204000135,0,1,-1
204000136,2,0,2
204000138,2,0,2
204000140,1,1,0
204000141,0,0,0
204000144,0,0,0
204000145,0,0,0
204000146,41,338,-297
204000147,24,89,-65
204000148,1,1,0
204000154,0,0,0
204000155,3,10,-7
204000177,0,0,0
204000179,1,0,1
204000180,1,47,-46
204000222,0,10,-10
204000235,37,27,10
204000236,13,213,-200
204000238,0,0,0
204000240,26,43,-17
204000308,0,0,0
204000317,21,43,-22
204000322,8,21,-13
204000323,0,0,0
204000328,0,0,0
204000329,48,115,-67
204000330,0,0,0
204000331,91,78,13
204010341,0,0,0
205000001,799,449,350
205000013,0,66,-66
205000014,7,113,-106
205000015,19,253,-234
205000016,13,155,-142
205000017,44,61,-17
205000022,159,380,-221
205000025,1163,629,534
205000029,66,45,21
205000045,6,126,-120
205000047,29,339,-310
205000048,46,569,-523
205000049,65,561,-496
205000050,719,250,469
205000059,1,227,-226
205000060,0,21,-21
205000061,0,15,-15
205000062,0,22,-22
205000063,2,18,-16
205000064,2,90,-88
205000065,30,357,-327
205000066,27,522,-495
205000067,23,879,-856
205000069,366,337,29
205000082,0,0,0
205000110,13,184,-171
205000111,73,212,-139
205000112,0,0,0
205000113,135,94,41
205000121,0,0,0
205000123,153,108,45
205000126,0,0,0
205000127,0,0,0
205000128,0,0,0
205000129,0,0,0
205000130,0,0,0
205000131,0,0,0
205000132,0,0,0
205000133,0,0,0
205000134,0,0,0
205000137,57,67,-10
205000138,97,117,-20
205000139,7,28,-21
205000144,0,0,0
205000145,0,0,0
205000151,0,0,0
205000152,0,0,0
205000153,0,0,0
205000154,0,0,0
205000155,0,0,0
205000207,206,171,35
205000233,0,0,0
205000234,0,0,0
205000243,0,0,0
205000244,0,3,-3
205000245,11,193,-182
205000249,0,10,-10
205000250,0,0,0
205000251,12,302,-290
205000264,2,73,-71
206000027,0,0,0
206000028,0,0,0
206000043,8,137,-129
206000053,19,34,-15
206000054,11,44,-33
206000055,7,52,-45
206000075,7,6,1
206000076,23,22,1
206000077,12,22,-10
206000078,21,27,-6
206000079,37,11,26
206000082,0,0,0
206000100,65,673,-608
206000103,8,41,-33
206000104,25,28,-3
206000105,6,41,-35
206000106,19,60,-41
206000108,741,165,576
206000125,0,0,0
206000157,336,817,-481
206000170,2,315,-313
206000171,9,288,-279
206000172,13,782,-769
206000173,0,229,-229
206000174,4,170,-166
206000175,4,251,-247
206000176,19,345,-326
206000177,2,255,-253
206000178,4,198,-194
206000179,2,143,-141
206000180,41,244,-203
206000181,6,265,-259
206000182,46,281,-235
206000183,33,696,-663
206000184,8,385,-377
206000185,18,351,-333
206000186,75,919,-844
206000223,7,218,-211
206000226,0,0,0
206000227,0,0,0
206000237,10,262,-252
206000238,34,348,-314
206000239,741,759,-18
206000240,1,57,-56
206000241,1,289,-288
206000242,19,406,-387
206000243,6,361,-355
206000244,119,814,-695
206000245,66,9,57
206000246,6,0,6
206000247,12,3,9
206000248,15,5,10
206000252,38,48,-10
206000258,16,51,-35
206000315,43,10,33
206000317,50,13,37
206000318,18,19,-1
206000319,109,18,91
206000320,19,5,14
206000321,19,3,16
206000322,0,0,0
206000323,0,0,0
206000324,0,0,0
206000325,0,0,0
206000326,0,0,0
206000327,1,0,1
206000328,16,2,14
206000329,6,1,5
206000330,1,2,-1
206000331,5,1,4
206000332,3,2,1
206000333,12,0,12
206000334,11,0,11
206000335,0,24,-24
206000361,10,300,-290
206000392,5,71,-66
206000405,58,0,58
206000441,0,1,-1
206000498,7,4,3
206000515,423,70,353
206000530,0,0,0
206000531,0,1,-1
206000532,3,0,3
206000535,182,331,-149
206000536,13,73,-60
206000537,5,62,-57
206000613,16,6,10
207000001,100,346,-246
207000002,50,266,-216
207000003,76,222,-146
207000007,39,7,32
207000008,3,3,0
207000009,10,4,6
207000010,183,257,-74
207000012,0,0,0
207000015,205,608,-403
207000019,39,21,18
207000021,45,36,9
207000022,12,16,-4
207000023,11,8,3
207000024,2,3,-1
207000025,0,8,-8
207000026,44,156,-112
207000027,11,134,-123
207000028,33,286,-253
207000029,167,463,-296
207000033,52,52,0
207000034,23,13,10
207000039,0,0,0
207000040,0,0,0
207000041,0,0,0
207000042,0,0,0
207000043,0,0,0
207000051,41,276,-235
207000052,3,162,-159
207000053,364,688,-324
207000054,12,119,-107
207000055,40,208,-168
207000056,147,415,-268
207000057,115,324,-209
207000058,63,364,-301
207000059,39,667,-628
207000060,15,138,-123
207000061,3,30,-27
207000062,28,17,11
207000063,24,62,-38
207000064,118,148,-30
207000065,62,89,-27
207000066,18,68,-50
207000067,8,50,-42
207000068,21,18,3
207000069,290,127,163
207000082,0,10,-10
207000083,25,152,-127
207000084,6,3,3
207000085,14,0,14
207000086,9,0,9
207000106,0,0,0
207000107,0,0,0
207000108,0,0,0
207000109,0,0,0
207000110,0,0,0
207000111,0,0,0
207000112,0,0,0
207000114,1,18,-17
207000115,11,54,-43
207000116,10,157,-147
207000117,8,44,-36
207000118,1,78,-77
207000119,12,110,-98
207000123,0,0,0
207000124,0,0,0
207000125,0,0,0
207000126,0,0,0
207000134,2,25,-23
207000135,0,17,-17
207000148,0,0,0
207000149,40,16,24
207000152,72,327,-255
207000153,1634,862,772
207000154,77,52,25
207000159,29,373,-344
207000160,65,380,-315
207000238,0,36,-36
207000242,2,84,-82
207000248,14,16,-2
207000249,44,68,-24
207000250,197,34,163
207000251,34,33,1
207000252,12,52,-40
207000278,0,0,0
207000279,24,159,-135
207000280,13,5,8
207000281,31,378,-347
207000282,2,2,0
207000283,28,69,-41
207000284,5,2,3
207000285,0,0,0
207000291,13,83,-70
207000304,25,11,14
207000306,22,402,-380
207000310,0,0,0
207000353,0,0,0
207000356,1,9,-8
207000357,0,0,0
207000415,3,81,-78
207000417,0,0,0
207000437,0,2,-2
207000439,365,113,252
207000446,0,0,0
207000460,2,2,0
207000466,73,134,-61
207000467,0,0,0
207000468,0,17,-17
207000476,14,4,10
207000477,4,25,-21
207000523,0,3,-3
207000524,0,0,0
207000527,21,52,-31
207000530,0,0,0
207000531,0,0,0
207000532,0,0,0
207000534,0,0,0
207000535,24,77,-53
207000537,9,68,-59
207000540,1,89,-88
207000541,1,136,-135
207000548,1,146,-145
207000549,0,0,0
207000561,0,0,0
207000562,13,117,-104
207000567,138,268,-130
207000568,2,21,-19
207000569,11,335,-324
207000584,124,67,57
207000585,0,0,0
207000616,0,182,-182
207000617,0,0,0
207000628,0,0,0
207900008,2,42,-40
208000001,33,54,-21
208000002,9,35,-26
208000003,40,44,-4
208000004,38,61,-23
208000005,0,32,-32
208000019,1,1,0
208000020,0,3,-3
208000021,17,215,-198
208000022,173,294,-121
208000028,63,24,39
208000033,101,264,-163
208000034,272,488,-216
208000040,0,0,0
208000041,1,1,0
208000042,0,0,0
208000047,14,159,-145
208000064,12,1,11
208000066,2,2,0
208000070,0,0,0
208000071,0,0,0
208000072,0,0,0
208000080,6,17,-11
208000081,8,25,-17
208000082,30,153,-123
208000083,35,203,-168
208000084,0,0,0
208000085,264,284,-20
208000086,192,493,-301
208000087,57,318,-261
208000089,163,227,-64
208000090,156,412,-256
208000093,9,39,-30
208000094,133,244,-111
208000095,257,147,110
208000104,3,0,3
208000105,1,3,-2
208000114,1,0,1
208000115,37,200,-163
208000116,0,2,-2
208000117,0,0,0
208000118,0,0,0
208000155,139,442,-303
208000158,769,1022,-253
208000186,3,2,1
208000204,85,357,-272
208000205,212,455,-243
208000282,1869,457,1412
209000004,53,58,-5
209000005,16,15,1
209000006,118,143,-25
209000007,76,84,-8
209000010,121,87,34
209000011,45,94,-49
209000012,36,170,-134
209000013,44,368,-324
209000014,176,994,-818
209000025,44,43,1
209000026,164,36,128
209000027,101,763,-662
209000028,144,865,-721
209000029,189,647,-458
209000030,134,1347,-1213
209000031,3047,1660,1387
209000034,98,247,-149
209000035,61,128,-67
209000036,39,79,-40
209000037,58,117,-59
209000038,77,118,-41
209000039,46,93,-47
209000040,103,387,-284
209000041,119,322,-203
209000042,162,338,-176
209000043,134,237,-103
209000044,182,257,-75
209000045,41,123,-82
209000046,38,146,-108
209000047,27,60,-33
209000048,30,91,-61
209000049,38,99,-61
209000050,86,195,-109
209000051,76,253,-177
209000052,61,270,-209
209000062,3,87,-84
209000063,6,54,-48
209000064,11,109,-98
209000065,0,0,0
209000066,0,0,0
209000067,0,0,0
209000080,21,82,-61
209000082,0,0,0
209000091,13,44,-31
209000093,30,25,5
209000094,136,63,73
209000110,0,0,0
209000111,119,515,-396
209000112,136,202,-66
209000113,164,148,16
209000114,118,91,27
209000115,54,118,-64
209000116,1124,334,790
209000118,0,0,0
209000119,32,10,22
209000121,65,369,-304
209000135,0,0,0
209000142,499,367,132
209000143,5,39,-34
209000144,8,19,-11
209000229,15,81,-66
209000240,15,220,-205
209000259,80,98,-18
209000260,7,525,-518
209000261,0,251,-251
209000262,0,172,-172
209000263,0,52,-52
209000264,1,11,-10
209000265,0,0,0
209000266,0,0,0
209000267,0,0,0
209000268,0,0,0
210000037,0,0,0
210000047,0,0,0
210000048,0,0,0
210000049,0,0,0
210000052,4,98,-94
210000053,7,41,-34
210000054,35,30,5
210000070,0,0,0
210000071,0,0,0
210000072,0,0,0
210000073,0,31,-31
210000074,0,56,-56
210000075,0,34,-34
210000076,1,87,-86
210000077,5,35,-30
210000078,18,24,-6
210000079,0,0,0
210000080,0,0,0
210000081,0,0,0
210000082,0,0,0
210000083,2,0,2
210000084,0,0,0
210000085,0,60,-60
210000086,3,93,-90
210000099,14,163,-149
210000100,6,156,-150
210000101,32,126,-94
210000105,37,82,-45
210000159,0,28,-28
210000163,103,136,-33
210000164,0,0,0
210000168,0,0,0
210000187,0,3,-3
210000188,0,21,-21
210000214,0,0,0
210000219,0,0,0
210000220,0,0,0
210000232,1,22,-21
210000233,2,32,-30
210000234,0,48,-48
210000235,9,70,-61
210000245,1,16,-15
210000246,0,1,-1
210000258,7,87,-80
210000259,0,0,0
210000282,17,138,-121
210000285,0,29,-29
210000286,2,71,-69
210000295,10,26,-16
210000296,6,26,-20
210000320,0,0,0
210000321,0,0,0
210000338,17,68,-51
210000339,472,360,112
210000340,56,118,-62
210000341,68,93,-25
210000342,45,75,-30
210000343,68,104,-36
210000344,62,56,6
210000345,74,71,3
210000346,7,32,-25
210000347,8,8,0
210000348,15,6,9
210000349,15,15,0
210000350,40,50,-10
210000351,47,75,-28
210000352,1,4,-3
210000353,0,5,-5
210000354,0,0,0
210000355,1,2,-1
210000356,0,0,0
210000357,0,2,-2
210000358,6,2,4
210000359,1,2,-1
210000360,1,1,0
210000361,1,2,-1
210000362,0,2,-2
210000363,11,1,10
210000364,0,0,0
210000365,0,0,0
210000366,0,0,0
210000367,0,0,0
210000368,1,0,1
210000369,0,0,0
210000370,0,0,0
210000372,0,0,0
210000373,0,0,0
210000374,0,0,0
210000375,0,2,-2
210000376,0,0,0
210000404,88,84,4
210000439,0,0,0
210000472,0,0,0
210000482,0,0,0
210000564,7,2,5
210000568,0,0,0
211000092,0,0,0
211000094,0,0,0
211000169,0,0,0
211000172,0,0,0
211000209,0,0,0
211000275,0,0,0
211000276,0,0,0
211000279,0,0,0
211000281,0,0,0
211507980,0,0,0
211977296,0,0,0
212000003,0,0,0
212000004,1,11,-10
212000005,10,12,-2
212000006,6,53,-47
212000008,49,256,-207
212000009,10,134,-124
212000012,13,48,-35
212000013,8,41,-33
212000014,140,111,29
212000015,107,172,-65
212000016,317,395,-78
212000027,20,6,14
212000028,13,7,6
212000029,4,2,2
212000030,1,0,1
212000031,4,1,3
212000048,14,41,-27
212000049,7,12,-5
212000050,4,22,-18
212000051,67,146,-79
212000052,65,240,-175
212000053,222,421,-199
212000054,15,24,-9
212000055,4,22,-18
212000056,0,0,0
212000057,0,0,0
212000058,0,0,0
212000070,31,158,-127
212000077,45,431,-386
212000099,5,23,-18
212000108,0,0,0
212000111,0,0,0
212000120,45,101,-56
212000138,22,21,1
212000156,2,85,-83
212000158,1,0,1
212000159,8,7,1
212000160,30,37,-7
212000161,0,0,0
212000310,10,17,-7
212000311,0,0,0
212000374,13,10,3
213000001,8,235,-227
213000005,7,2,5
213000006,25,8,17
213000007,0,0,0
213000009,0,0,0
213000010,0,0,0
213000011,0,0,0
213000012,32,151,-119
213000014,0,0,0
213000015,0,0,0
213000016,0,0,0
213000017,0,0,0
213000018,1,91,-90
213000019,2,72,-70
213000020,15,109,-94
213000021,1,39,-38
213000023,0,0,0
213000033,25,192,-167
213000034,1,1,0
213000035,1,1,0
213000045,27,29,-2
213000046,12,21,-9
213000047,149,52,97
213000056,0,0,0
213000069,2,0,2
213000073,0,4,-4
213000074,32,223,-191
213000075,0,0,0
213000085,0,30,-30
213000086,2,208,-206
213000091,0,0,0
213000092,0,0,0
213000099,81,263,-182
213000100,1,1,0
213000101,3,53,-50
213000102,3,138,-135
213000103,55,196,-141
213000104,32,141,-109
213000105,0,16,-16
213000106,5,121,-116
213000107,39,339,-300
213000108,2,278,-276
213000109,0,123,-123
213000110,6,8,-2
213000111,4,9,-5
213000112,112,36,76
213000115,0,0,0
213000116,10,128,-118
213000117,0,246,-246
213000118,50,64,-14
213000119,28,474,-446
213000120,27,436,-409
213000122,86,331,-245
213000123,363,369,-6
213000124,36,464,-428
213000125,0,0,0
213000126,3,26,-23
213000127,34,32,2
213000128,188,123,65
213000129,1,0,1
213000130,0,0,0
213000132,0,2,-2
213000133,0,0,0
213000134,1,0,1
213000136,0,0,0
213000137,2,0,2
213000139,0,0,0
213000147,0,0,0
213000148,0,0,0
213000149,0,0,0
213000150,0,42,-42
213000151,1,26,-25
213000152,1,29,-28
213000153,0,18,-18
213000154,6,85,-79
213000155,12,210,-198
213000156,11,233,-222
213000157,266,279,-13
213000158,52,317,-265
213000159,1,2,-1
213000163,1,2,-1
213000165,0,1,-1
213000171,0,49,-49
213000172,0,115,-115
213000173,1,108,-107
213000174,0,180,-180
213000175,1,174,-173
213000176,0,0,0
213000177,0,0,0
213000178,0,0,0
213000179,0,0,0
213000180,0,0,0
213000184,18,109,-91
213000188,0,0,0
213000189,0,0,0
213000190,28,389,-361
213000191,19,259,-240
213000192,10,262,-252
213000193,1186,105,1081
213000194,1,16,-15
213000195,1,178,-177
213000196,28,380,-352
213000197,0,1,-1
213000198,0,0,0
213000200,58,506,-448
213000201,16,30,-14
213000202,1,495,-494
213000203,17,1,16
213000204,3,0,3
213000205,1,0,1
213000206,1,0,1
213000207,0,0,0
213000208,0,0,0
213000209,0,0,0
213000210,0,0,0
213000211,0,4,-4
213000212,0,5,-5
213000213,1,8,-7
213000218,33,327,-294
213000219,0,0,0
213000220,0,0,0
213000223,1,2,-1
213000224,0,0,0
213000225,1,0,1
213000226,0,0,0
213000227,0,0,0
213000228,0,0,0
213000229,0,0,0
213000230,0,0,0
213000232,12,144,-132
213000233,2,9,-7
213000234,0,42,-42
213000293,1,20,-19
213000294,0,0,0
213000295,5,23,-18
213000296,0,0,0
213000297,4,25,-21
213000298,11,37,-26
213000299,0,0,0
213000300,0,0,0
213000303,5,28,-23
213000304,1,4,-3
213000305,0,0,0
213000306,11,10,1
213000307,0,0,0
213000308,19,107,-88
213000309,0,0,0
213000310,5,1,4
213000311,94,154,-60
213000315,8,73,-65
213000316,0,0,0
213000322,14,32,-18
213000323,0,0,0
213000324,11,74,-63
213000325,0,0,0
213000326,6,34,-28
213000327,0,0,0
213000328,22,47,-25
213000329,0,0,0
213000340,54,674,-620
213000341,0,0,0
213000347,0,0,0
213000348,0,56,-56
213000349,1,8,-7
213000350,42,565,-523
213000366,17,134,-117
213000367,4,0,4
213000379,14,33,-19
213000386,1,118,-117
213000406,39,164,-125
213000417,32,17,15
213000425,0,0,0
213000426,0,0,0
213000427,3,61,-58
213000428,0,45,-45
213000429,0,2,-2
213000430,0,84,-84
213000431,23,0,23
213000432,0,0,0
213000433,0,12,-12
213000434,0,0,0
213000435,0,0,0
213000436,0,0,0
213000437,0,0,0
213000438,0,0,0
213000439,4,1,3
213000440,0,38,-38
213000441,0,0,0
213000442,0,14,-14
213000443,0,27,-27
213000444,13,38,-25
213000445,0,12,-12
213000446,0,1,-1
213000447,0,0,0
213000448,0,0,0
213000449,0,0,0
213000450,0,0,0
213000451,0,0,0
213000452,0,0,0
213000453,11,98,-87
213000455,0,0,0
213000456,1,33,-32
213000481,0,0,0
213000484,0,0,0
213000489,0,0,0
213900002,0,14,-14
213900003,29,28,1
213900013,1,102,-101
213900015,0,6,-6
213900016,0,18,-18
213900020,0,116,-116
213900030,0,46,-46
213900032,0,0,0
213900033,0,0,0
213900034,0,0,0
213900035,18,240,-222
213900036,18,101,-83
213900037,6,167,-161
213900038,0,0,0
213900039,0,57,-57
213900041,0,26,-26
213900042,0,0,0
213900043,0,1,-1
213900244,0,0,0
213900245,0,19,-19
218000003,2,12,-10
218000004,0,14,-14
218000005,0,1,-1
218000006,7,45,-38
218000007,2,6,-4
218000012,137,41,96
218000013,30,102,-72
218000014,290,188,102
218000019,932,324,608
218000020,272,291,-19
218000021,39,112,-73
218000022,3,46,-43
218000023,1,48,-47
218000024,0,28,-28
218000025,8,48,-40
218000026,14,100,-86
218000027,1,38,-37
218000028,3,11,-8
218000029,0,13,-13
218000030,17,61,-44
218000031,2,89,-87
218000032,1,28,-27
218000039,0,0,0
218000040,0,0,0
218000046,19,113,-94
218000047,2,190,-188
218000048,31,262,-231
218000049,47,176,-129
218000050,148,366,-218
218000051,22,376,-354
218000052,0,47,-47
218000053,2,9,-7
218000054,0,22,-22
218000055,2,4,-2
218000056,15,33,-18
218000057,0,37,-37
218000064,0,0,0
218000065,0,0,0
218000066,0,0,0
218000067,12,112,-100
218000068,31,107,-76
218000069,53,285,-232
218000070,55,293,-238
218000071,117,211,-94
218000072,354,215,139
218000078,257,613,-356
218000079,17,57,-40
218000080,48,77,-29
218000081,124,159,-35
218000082,11,73,-62
218000083,12,49,-37
218000084,56,178,-122
218000085,157,355,-198
218000086,30,129,-99
218000087,111,170,-59
218000090,12,48,-36
218000091,260,199,61
218000092,25,179,-154
218000093,68,71,-3
218000094,200,455,-255
218000099,205,249,-44
218000100,84,138,-54
218000101,36,98,-62
218000102,76,145,-69
218000103,24,102,-78
218000104,11,27,-16
218000105,19,12,7
218000106,4,2,2
218000107,10,106,-96
218000108,4,80,-76
218000112,29,27,2
218000117,19,16,3
218000134,159,358,-199
218000135,6,32,-26
218000136,48,25,23
218000137,45,82,-37
218000138,2,44,-42
218000139,41,159,-118
218000140,26,78,-52
218000141,2,18,-16
218000142,25,107,-82
218000143,12,81,-69
218000144,4,50,-46
218000145,82,205,-123
218000146,24,92,-68
218000151,3,10,-7
218000152,22,32,-10
218000153,16,16,0
218000154,3,9,-6
218000155,12,6,6
218000156,108,59,49
218000157,10,34,-24
218000158,2,11,-9
218000159,23,11,12
218000160,3,3,0
218000161,28,17,11
218000162,60,30,30
218000163,7,8,-1
218000164,66,12,54
218000165,85,41,44
218000170,2,5,-3
218000171,15,7,8
218000172,0,3,-3
218000173,1,1,0
218000174,1,1,0
218000176,4,3,1
218000177,15,3,12
218000178,0,0,0
218000179,2,0,2
218000180,0,0,0
218000181,0,0,0
218000187,1,11,-10
218000188,6,33,-27
218000189,6,39,-33
218000190,6,16,-10
218000191,38,63,-25
218000192,84,361,-277
218000193,405,371,34
218000194,31,401,-370
218000195,80,96,-16
218000196,124,190,-66
218000197,109,214,-105
218000198,4,86,-82
218000199,17,21,-4
218000200,10,18,-8
218000201,5,12,-7
218000202,85,36,49
218000207,3,42,-39
218000208,6,25,-19
218000211,5,22,-17
218000212,3,16,-13
218000213,81,30,51
218000214,2,13,-11
218000215,13,134,-121
218000217,1,111,-110
218000218,506,108,398
218000219,1,9,-8
218000220,47,123,-76
218000221,39,51,-12
218000222,4,11,-7
218000223,59,83,-24
218000224,3,34,-31
218000225,100,20,80
218000226,33,51,-18
218000230,0,0,0
218000232,40,25,15
218000234,2,3,-1
218000239,0,0,0
218000240,0,0,0
218000241,0,0,0
218000242,0,0,0
218000243,0,0,0
218000244,0,0,0
218000245,0,0,0
218000246,0,0,0
218000247,0,0,0
218000248,0,10,-10
218000249,0,2,-2
218000250,0,12,-12
218000251,0,8,-8
218000252,1,11,-10
218000253,0,2,-2
218000254,0,2,-2
218000255,0,1,-1
218000256,0,14,-14
218000267,223,451,-228
218000268,2,41,-39
218000269,2,12,-10
218000270,9,50,-41
218000271,33,84,-51
218000273,0,0,0
218000274,0,0,0
218000275,13,32,-19
218000276,8,58,-50
218000278,10,21,-11
218000279,7,25,-18
218000280,0,3,-3
218000281,0,7,-7
218000282,53,21,32
218000284,0,0,0
218000301,14,69,-55
218000302,11,12,-1
218000303,5,21,-16
218000316,363,305,58
218000317,190,361,-171
218000318,105,308,-203
218000319,255,811,-556
218000320,239,407,-168
218000338,9,17,-8
218000339,6,7,-1
218000342,0,0,0
218000343,7,21,-14
218000345,14,33,-19
218000346,0,0,0
218000353,2,20,-18
218000354,0,0,0
218000459,70,402,-332
218000490,7,29,-22
218000501,1,0,1
218000502,7,121,-114
218000503,5,1,4
218000504,6,2,4
218000505,15,172,-157
218000506,54,132,-78
218000508,0,2,-2
218000510,22,3,19
218000520,56,68,-12
218000521,1,6,-5
218000522,0,56,-56
218000523,1,0,1
218000524,4,23,-19
218000525,5,10,-5
218000526,9,24,-15
218000529,3,15,-12
218000530,14,8,6
218000531,0,0,0
218000532,5,27,-22
218000534,0,0,0
218000537,0,0,0
218000538,15,30,-15
218000539,6,22,-16
218000540,113,84,29
218000543,75,39,36
218000544,35,120,-85
218000545,10,33,-23
218000546,13,93,-80
218000547,34,48,-14
218000548,30,114,-84
218000549,56,45,11
218000550,97,383,-286
218000551,102,63,39
218000552,53,10,43
218000553,5,24,-19
218000554,5,8,-3
218000555,0,23,-23
218000556,49,315,-266
218000557,103,32,71
218000558,0,0,0
218000559,0,5,-5
218000560,0,0,0
218000561,0,0,0
218000562,7,89,-82
218000563,6,5,1
218000564,3,49,-46
218000565,5,10,-5
218000566,11,4,7
218000567,1,11,-10
218000568,0,0,0
218000569,2,18,-16
218000570,3,3,0
218000571,1,14,-13
218000572,0,0,0
218000573,2,2,0
218000574,1,12,-11
218000575,0,0,0
218000576,0,14,-14
218000577,0,0,0
218000578,0,19,-19
218000579,3,0,3
218000581,0,28,-28
218000582,0,0,0
218000583,1,0,1
218000584,0,9,-9
218000585,3,5,-2
218000586,2,17,-15
218000587,0,0,0
218000588,0,0,0
218000589,0,1,-1
218000590,0,0,0
218000591,0,6,-6
218000592,0,0,0
218000593,0,13,-13
218000594,0,3,-3
218000595,0,1,-1
218000596,0,0,0
218000597,0,0,0
218000598,0,0,0
218000599,0,0,0
218000600,0,0,0
218000601,0,0,0
218000602,0,0,0
218000603,0,2,-2
218000604,0,0,0
218000605,0,5,-5
218000606,5,0,5
218000607,5,10,-5
218000608,0,0,0
218000609,2,20,-18
218000610,0,0,0
218000611,2,0,2
218000612,0,11,-11
218000613,5,0,5
218000614,0,9,-9
218000615,2,2,0
218000616,0,71,-71
218000617,1,0,1
218000618,0,4,-4
218000619,0,0,0
218000620,2,19,-17
218000621,0,0,0
218000622,0,1,-1
218000623,0,0,0
218000624,1,3,-2
218000625,0,0,0
218000626,0,1,-1
218000628,12,12,0
218000631,0,0,0
218000632,0,15,-15
218000633,0,0,0
218000634,1,6,-5
218000635,0,2,-2
218000636,309,703,-394
218000637,171,219,-48
218000638,0,0,0
218000639,13,281,-268
218000640,0,0,0
218000641,5,272,-267
218000652,121,185,-64
218000653,138,74,64
218000663,0,5,-5
218000675,2,4,-2
218000676,0,45,-45
218000677,2,8,-6
218000680,7,30,-23
218000681,0,0,0
218000691,9,31,-22
218000693,0,0,0
218000703,10,77,-67
218000718,42,105,-63
218000719,9,19,-10
218000720,0,6,-6
218000721,5,3,2
218000725,4,10,-6
218001214,7,3,4
218001329,0,0,0
218001330,5,9,-4
219000001,20,61,-41
219000002,32,75,-43
219000003,162,24,138
219000004,215,71,144
219000017,32,27,5
219000020,37,8,29
219000022,18,0,18
219000023,32,1,31
219000029,1,61,-60
219000034,0,1,-1
219000039,7,27,-20
219000040,2,21,-19
219000041,30,62,-32
219000051,0,102,-102
219000052,0,21,-21
219000053,1,146,-145
219000054,150,158,-8
219000055,19,0,19
219000056,2,0,2
219000057,12,0,12
219000062,2,116,-114
219000063,18,7,11
219000064,0,1,-1
219000110,36,18,18
219000111,36,17,19
219000112,86,16,70
219000113,45,18,27
219000114,51,8,43
219000116,38,42,-4
219000117,132,118,14
219000118,29,129,-100
219000123,160,62,98
219000124,26,39,-13
219000125,2,18,-16
219000126,22,34,-12
219000127,1,14,-13
219000128,21,119,-98
219000129,21,180,-159
219000130,1891,693,1198
219000131,1483,1177,306
219000133,7,78,-71
219000134,7,20,-13
219000135,144,100,44
219000136,221,181,40
219000138,9,20,-11
219000139,5,47,-42
219000140,0,0,0
219000141,4,80,-76
219000142,10,59,-49
219000143,7,64,-57
219000145,3,20,-17
219000146,12,73,-61
219000147,0,39,-39
219000148,0,50,-50
219000149,26,164,-138
219000150,1,85,-84
219000151,1,145,-144
219000157,55,65,-10
219000158,85,209,-124
219000161,105,55,50
219000163,827,151,676
219000166,39,93,-54
219000167,44,213,-169
219000168,86,16,70
219000174,0,0,0
219000175,2,0,2
219000176,0,0,0
219000177,0,0,0
219000178,0,0,0
219000179,0,0,0
219000180,8,21,-13
219000182,0,0,0
219000183,0,39,-39
219000184,0,0,0
219000185,0,129,-129
219000186,0,22,-22
219000187,2,97,-95
219000189,84,179,-95
219000190,185,157,28
219000191,1203,530,673
219000192,156,361,-205
219000193,470,246,224
219000195,1,28,-27
219000196,1,45,-44
219000198,9,112,-103
219000199,40,94,-54
219000200,14,88,-74
219000201,44,128,-84
219000203,11,104,-93
219000204,16,128,-112
219000205,16,161,-145
219000207,51,130,-79
219000209,18,55,-37
219000210,23,52,-29
219000213,6,119,-113
219000239,53,66,-13
219000240,48,163,-115
219000241,12,105,-93
219000242,36,74,-38
219000243,31,163,-132
219000244,10,57,-47
219000245,12,23,-11
219000246,1,2,-1
219000247,6,0,6
219000248,21,5,16
219000249,8,0,8
219000250,1,0,1
219000251,0,0,0
219000252,0,0,0
219000253,0,0,0
219000255,0,0,0
219000256,0,0,0
219000257,0,0,0
219000262,47,334,-287
219000263,13,178,-165
219000267,3,118,-115
219000268,6,7,-1
219000269,0,0,0
219000270,0,0,0
219000271,92,3,89
219000278,0,12,-12
219000279,0,3,-3
219000283,1,18,-17
219000295,14,104,-90
219000296,44,378,-334
219000297,8,160,-152
219000298,12,211,-199
219000299,0,0,0
219000300,12,324,-312
219000301,53,245,-192
219000302,8,182,-174
219000307,18,86,-68
219000308,41,55,-14
219000311,0,0,0
219000312,0,0,0
219000313,0,0,0
219000314,108,396,-288
219000315,0,0,0
219000316,0,0,0
219000317,0,0,0
219000320,1,29,-28
219000321,0,18,-18
219000323,2,58,-56
219000325,2,49,-47
219000326,25,158,-133
219000327,21,35,-14
219000328,19,34,-15
219000329,275,176,99
219000330,15,62,-47
219000331,24,48,-24
219000332,0,0,0
219000333,0,0,0
219000335,1,0,1
219000337,0,0,0
219000338,0,0,0
219000344,28,60,-32
219000345,60,174,-114
219000346,12,130,-118
219000348,45,96,-51
219000349,18,144,-126
219000350,17,64,-47
219000351,1,0,1
219000352,62,40,22
219000353,60,68,-8
219000354,64,145,-81
219000355,25,18,7
219000356,794,385,409
219000363,195,74,121
219000364,97,35,62
219000365,82,12,70
219000366,445,124,321
219000368,168,79,89
219000370,368,165,203
219000371,9,19,-10
219000382,12,21,-9
219000383,579,375,204
219000385,512,286,226
219000386,588,627,-39
219000387,0,4,-4
219000390,0,0,0
219000391,0,0,0
219000397,46,96,-50
219000398,62,42,20
219000401,4,21,-17
219000402,6,21,-15
219000403,24,38,-14
219000404,2,15,-13
219000407,0,2,-2
219000409,0,0,0
219000410,0,0,0
219000411,0,0,0
219000446,145,278,-133
219000447,0,29,-29
219000448,0,0,0
219000452,0,0,0
219000453,26,39,-13
219000454,74,59,15
219000556,1,1,0
219000558,32,149,-117
219000590,7,96,-89
219000591,0,0,0
219000592,38,302,-264
219000595,1,23,-22
219000635,0,0,0
219000636,6,101,-95
219000657,7,28,-21
219000658,5,20,-15
219000673,0,15,-15
219000676,0,1,-1
219000679,8,32,-24
219000684,16,1,15
219000685,0,79,-79
219000686,1,1,0
219000688,1,189,-188
219000689,55,79,-24
219000690,0,0,0
219000691,5,7,-2
219000692,0,0,0
219000693,0,29,-29
219000694,0,0,0
219000695,0,0,0
219000698,0,0,0
219000699,0,7,-7
219000727,2,148,-146
219000728,21,0,21
219000770,0,0,0
219000771,2,28,-26
219001150,3,4,-1
219001151,0,4,-4
219001166,0,0,0
219001167,2,12,-10
220000001,0,34,-34
220000002,9,79,-70
220000003,146,186,-40
220000004,174,286,-112
220000005,671,716,-45
220000006,66,412,-346
220000007,144,521,-377
220000008,94,548,-454
220000009,154,304,-150
220000010,33,37,-4
220000011,137,94,43
220000012,7,15,-8
220000014,1,41,-40
220000015,0,0,0
220000017,8,116,-108
220000018,801,83,718
220000019,12,81,-69
220000020,77,150,-73
220000021,121,117,4
220000022,201,412,-211
220000023,63,121,-58
220000024,822,258,564
220000025,363,267,96
220000026,118,73,45
220000027,9,27,-18
220000028,10,31,-21
220000029,30,79,-49
220000030,35,56,-21
220000031,21,86,-65
220000064,0,0,0
221000046,0,0,0
221000047,0,1,-1
221000048,0,0,0
221000049,0,3,-3
221000050,3,0,3
221000055,31,39,-8
221000057,8,3,5
221000068,82,25,57
221000069,67,16,51
221000070,36,7,29
221000071,2,0,2
221000072,26,5,21
221000073,13,19,-6
221000074,1,8,-7
221000075,1,17,-16
221000076,6,46,-40
221000077,6,106,-100
221000081,2,1,1
221000082,2,1,1
221000083,3,0,3
221000084,1,2,-1
221000085,17,70,-53
221000086,16,135,-119
221000087,5,94,-89
221000088,9,101,-92
221000089,51,138,-87
221000090,259,303,-44
221000098,14,3,11
221000099,39,4,35
221000100,4,1,3
221000101,62,5,57
221000102,19,3,16
221000109,4,88,-84
221000110,4,149,-145
221000111,15,129,-114
221000112,3,105,-102
221000113,12,119,-107
221000114,11,156,-145
221000120,1,4,-3
221000121,0,0,0
221000122,0,0,0
221000123,0,1,-1
221000124,4,75,-71
221000155,0,0,0
221000156,0,0,0
221000175,0,0,0
221000176,0,0,0
221000182,4,0,4
221000241,415,71,344
221000242,367,201,166
221000243,102,43,59
221000244,102,206,-104
221000245,16,70,-54
221000246,23,119,-96
221000247,8,69,-61
221000248,26,87,-61
221000267,2,147,-145
221000325,0,9,-9
221000331,0,9,-9
221000338,0,0,0
221000378,0,0,0
221000381,3,11,-8
222000282,0,0,0
222000296,0,2,-2
222000568,0,0,0
222000569,0,0,0
222000570,0,0,0
222000571,0,0,0
222000577,2,58,-56
222000578,5,31,-26
222000579,7,19,-12
222000580,31,156,-125
222000599,0,16,-16
222000600,0,29,-29
222000601,1,71,-70
222000603,1,1,0
222000604,0,1,-1
222000605,0,0,0
222000606,0,0,0
222000607,0,0,0
222000608,0,2,-2
222000609,4,35,-31
222000616,0,0,0
222000617,0,0,0
222000618,0,0,0
222000620,0,0,0
222000621,0,0,0
222000623,0,0,0
222000624,0,0,0
222000625,0,2,-2
222000636,0,0,0
222000686,0,0,0
222000687,0,0,0
222001066,0,0,0
222001067,0,0,0
222001068,0,0,0
222001069,0,0,0
222001082,1,15,-14
222001083,1,20,-19
222001084,0,4,-4
222001085,1,60,-59
222001111,2,45,-43
222001112,0,0,0
222001313,0,0,0
222001314,0,6,-6
222001464,0,0,0
222001465,0,12,-12
222001484,0,0,0
222001485,5,8,-3
222001494,0,0,0
222001495,5,20,-15
222001496,0,0,0
222001497,0,21,-21
222001502,8,135,-127
222001503,0,0,0
222001504,17,161,-144
222001505,5,9,-4
222001506,10,157,-147
222001507,0,0,0
222001510,0,0,0
222001511,6,167,-161
222001514,0,1,-1
222001515,90,268,-178
222001518,0,0,0
222001519,27,169,-142
222001527,0,0,0
222001528,28,90,-62
222001529,0,0,0
222001530,19,127,-108
222001533,66,373,-307
222001534,0,0,0
222001535,0,0,0
222001536,0,0,0
222001537,0,0,0
222001538,22,188,-166
222001563,0,0,0
222001564,21,404,-383
222001568,3,24,-21
222001576,0,0,0
222001579,1,1,0
222001583,0,32,-32
222001584,0,0,0
222001596,25,375,-350
222001597,1,0,1
222001626,0,12,-12
222001650,0,23,-23
222001651,0,0,0
222001914,0,0,0
222001915,17,102,-85
222900004,0,0,0
222900009,0,0,0
222900019,0,0,0
222900024,0,0,0
222900025,0,15,-15
225000001,13,0,13
225000002,22,2,20
225000003,16,1,15
225000004,11,21,-10
225000005,4,2,2
225000006,0,61,-61
225000007,2034,401,1633
225000010,70,1,69
225000011,0,0,0
225000012,0,0,0
225000013,0,0,0
225000014,0,0,0
225000015,46,168,-122
225000021,0,0,0
225000027,82,288,-206
225000032,0,0,0
225000042,34,421,-387
225000049,16,36,-20
225000050,21,2,19
225000053,4,55,-51
225000058,0,0,0
225000067,43,154,-111
225000068,25,335,-310
225000069,60,289,-229
225000070,39,315,-276
225000071,13,203,-190
225000075,28,433,-405
225000076,20,52,-32
225000078,0,0,0
225000085,0,0,0
225000086,0,0,0
225000087,0,0,0
225000088,4,52,-48
225000089,438,274,164
225000090,5,149,-144
225000091,18,144,-126
225000092,5,44,-39
225000093,24,275,-251
225000094,7,362,-355
225000095,146,401,-255
225000096,43,228,-185
225000098,24,3,21
225000099,9,7,2
225000100,17,2,15
225000104,12,251,-239
225000110,5,230,-225
225000111,55,543,-488
225000112,61,542,-481
225000113,29,332,-303
225000114,31,203,-172
225000115,1707,222,1485
225000116,0,0,0
225000117,0,0,0
225000118,0,0,0
225000119,0,0,0
225000120,0,0,0
225000121,0,0,0
225000123,0,0,0
225000125,8,32,-24
225000126,144,7,137
225000127,272,36,236
225000128,36,11,25
225000132,66,26,40
225000133,52,18,34
225000134,150,25,125
225000135,19,7,12
225000136,39,0,39
225000137,18,12,6
225000138,99,12,87
225000143,41,64,-23
225000144,1,195,-194
225000145,0,0,0
225000146,4,70,-66
225000147,4,192,-188
225000148,1,127,-126
225000149,52,210,-158
225000151,31,102,-71
225000155,103,171,-68
225000156,59,240,-181
225000157,43,154,-111
225000158,24,262,-238
225000171,1,115,-114
225000180,9,0,9
225000181,0,29,-29
225000182,0,0,0
225000185,6,149,-143
225000187,31,254,-223
225000191,0,1,-1
225000194,0,25,-25
225000208,0,28,-28
225000209,0,0,0
225000210,2,71,-69
225000217,1,23,-22
225000218,0,0,0
225000223,0,26,-26
225000224,0,0,0
225000225,3,2,1
225000226,0,0,0
225000227,43,44,-1
225000228,0,0,0
225000229,0,51,-51
225000230,0,0,0
225000231,0,83,-83
225000232,0,0,0
225000241,0,0,0
225000242,0,46,-46
225000249,0,0,0
225000250,28,375,-347
225000251,72,22,50
225000254,0,0,0
225000256,0,1,-1
225000257,0,0,0
226000042,112,176,-64
226000043,8,140,-132
226000044,48,418,-370
226000045,29,330,-301
226000046,90,33,57
226000047,52,20,32
226000048,97,12,85
226000049,60,24,36
226000070,1,58,-57
226000071,0,51,-51
226000072,0,1,-1
226000073,0,3,-3
226000074,0,1,-1
226000084,4,35,-31
226000085,0,8,-8
226000086,0,3,-3
226000087,0,9,-9
226000088,1,7,-6
226000090,5,0,5
226000091,0,0,0
226000092,1,0,1
226000093,1,0,1
226000094,1,0,1
226000095,4,1,3
226000105,1,0,1
226000106,0,0,0
226000107,0,0,0
226000108,2,0,2
226000109,4,0,4
226000124,100,16,84
226000134,192,113,79
226000135,268,178,90
226000136,44,59,-15
226000137,12,182,-170
226000138,4,92,-88
226000139,0,18,-18
226000156,10,0,10
226000157,62,0,62
226000163,8,20,-12
226000202,4,197,-193
226000231,10,2,8
226000232,2,1,1
227000033,0,0,0
227000036,0,0,0
227000037,0,0,0
227000038,0,0,0
227000084,0,17,-17
227000085,0,23,-23
227000088,0,0,0
227000089,0,0,0
227000090,0,0,0
227000091,0,0,0
227000092,0,0,0
227000093,0,0,0
227000094,0,0,0
227000130,4,31,-27
227000131,2,187,-185
227000132,4,172,-168
227000133,3,168,-165
227000134,8,262,-254
227000152,0,6,-6
227000153,0,32,-32
227000154,0,23,-23
227000155,0,14,-14
227000156,0,7,-7
227000165,0,17,-17
227000196,44,197,-153
227000199,13,286,-273
227000230,31,264,-233
227000232,0,0,0
227000242,34,219,-185
227000243,0,0,0
227000245,21,329,-308
227000246,41,351,-310
227000247,0,0,0
227000248,0,0,0
227000249,5,187,-182
227000250,3,0,3
227000251,67,154,-87
227000252,9,307,-298
227000253,0,0,0
227000262,0,0,0
227000266,1,0,1
227000267,18,958,-940
227000282,25,88,-63
227000284,0,0,0
227000286,18,46,-28
227000291,35,269,-234
227000296,0,0,0
227000484,0,0,0
227000485,25,370,-345
227000655,0,0,0
227000656,0,0,0
227000657,0,0,0
227000704,0,0,0
229000265,0,0,0
229000266,0,0,0
229000267,0,0,0
229000268,0,0,0
229000269,0,0,0
229000274,0,10,-10
229000275,1,2,-1
229000276,0,4,-4
229000277,0,0,0
229000278,0,4,-4
229000295,15,13,2
229000296,3,5,-2
229000297,6,12,-6
229000298,15,37,-22
229000320,0,0,0
229000321,0,0,0
229000412,1,23,-22
229000414,2,26,-24
229000415,0,0,0
229000416,0,4,-4
229000417,0,3,-3
229000419,26,110,-84
229000440,0,0,0
229000442,0,0,0
229000443,0,0,0
229000444,0,15,-15
229000445,0,0,0
229000446,0,0,0
229000491,7,31,-24
229000492,14,109,-95
229000493,3,102,-99
229000494,36,30,6
229000495,118,102,16
229000496,15,86,-71
229000507,1,32,-31
229000508,7,31,-24
229000509,2,51,-49
229000510,2,26,-24
229000511,8,72,-64
229000512,0,34,-34
229000513,0,6,-6
229000514,0,3,-3
229000517,3,12,-9
229000518,6,22,-16
229000519,1,13,-12
229000520,9,39,-30
229000521,21,41,-20
229000522,2,21,-19
229000523,2,37,-35
229000524,9,20,-11
229000527,5,10,-5
229000528,0,2,-2
229000529,6,2,4
229000530,42,40,2
229000531,18,24,-6
229000532,20,17,3
229000533,194,70,124
229000534,72,35,37
229000564,94,17,77
229000565,28,12,16
229000566,0,22,-22
229000567,2,104,-102
229000582,220,24,196
229000583,8,12,-4
229000584,0,39,-39
229000585,21,46,-25
229000718,0,0,0
229000719,0,0,0
229000720,0,25,-25
229000721,0,23,-23
229000722,0,41,-41
229000723,0,26,-26
229000724,0,1,-1
229000725,0,7,-7
229000738,11,2,9
229000739,0,0,0
229000740,4,0,4
229000741,36,3,33
229000742,25,4,21
229000743,59,1,58
229000744,6,0,6
229000745,3,0,3
229000746,81,1,80
229000847,23,3,20
229000848,27,2,25
229000849,307,4,303
229000851,11,0,11
229000854,1,37,-36
229000856,3,82,-79
229000857,0,27,-27
229000858,0,105,-105
229000919,3,74,-71
229000930,0,114,-114
229000937,228,47,181
229000966,84,26,58
229000981,9,23,-14
229000985,1,16,-15
229000986,1,0,1
229000987,0,0,0
229000988,0,0,0
229000989,0,0,0
229000990,0,0,0
229000991,0,0,0
229000992,0,0,0
229000993,0,0,0
229000998,25,7,18
229000999,0,0,0
229001034,0,16,-16
229001035,0,0,0
229001036,3,44,-41
229001037,0,0,0
229001038,0,2,-2
229001039,0,0,0
229001040,1,69,-68
229001041,0,0,0
229001042,0,0,0
229001047,0,13,-13
229001050,0,0,0
229001168,0,10,-10
229001200,0,0,0
229001338,1,5,-4
229001394,237,6,231
229001422,308,51,257
229001423,18,119,-101
229001431,194,57,137
229001432,19,59,-40
229001444,0,0,0
229001445,6,72,-66
229001479,8,13,-5
229001503,281,78,203
229001504,44,104,-60
229001505,324,58,266
229001506,24,116,-92
229001509,0,0,0
229001510,1,19,-18
229001545,101,18,83
229001546,5,57,-52
229001553,35,20,15
229001554,7,100,-93
229001630,0,0,0
229001631,10,13,-3
229001635,0,5,-5
229001636,0,0,0
229001658,4,40,-36
229001659,180,11,169
229001660,0,0,0
229001661,0,3,-3
229001662,32,0,32
229001663,0,13,-13
229002584,0,0,0
229002831,37,37,0
229002841,1,10,-9
229002842,0,0,0
229002843,0,0,0
229002844,2,28,-26
229002845,0,64,-64
229002846,0,0,0
229002847,0,2,-2
229002848,0,0,0
229002849,0,29,-29
229002850,0,0,0
229002851,2,23,-21
229002852,0,0,0
229002853,0,0,0
229002854,12,27,-15
229002855,0,11,-11
229002856,0,0,0
229002857,0,24,-24
229002858,0,0,0
229002859,3,3,0
229002860,0,0,0
229002861,0,0,0
229002862,0,15,-15
229002863,1,16,-15
229002864,0,0,0
229002865,0,3,-3
229002866,0,0,0
229002867,0,8,-8
229002868,0,0,0
229002869,1,40,-39
229002870,0,0,0
235000066,0,0,0
235000067,0,0,0
235000072,28,196,-168
235000073,8,78,-70
235000074,9,16,-7
235000080,2,50,-48
235000081,26,83,-57
235000082,0,0,0
235000083,0,0,0
235000084,0,0,0
235000085,0,0,0
235000089,0,0,0
235000092,5,38,-33
235000093,1,7,-6
235000097,0,0,0
235000098,0,0,0
235000099,0,0,0
235000115,0,0,0
235000116,0,0,0
235000117,0,0,0
235000133,4,132,-128
235000134,3,68,-65
235000206,0,0,0
235000207,0,0,0
235000208,0,0,0
235000209,0,0,0
235000210,0,0,0
235000212,1,9,-8
235000213,0,0,0
235000220,0,0,0
235000221,6,6,0
235000238,0,4,-4
235000239,0,0,0
235000242,21,15,6
235000245,528,212,316
235000246,0,77,-77
235000284,0,25,-25
235000295,0,0,0
235000305,0,0,0
235000306,0,0,0
235000307,0,0,0
235000308,0,0,0
235000309,0,0,0
235000310,0,0,0
235000311,0,2,-2
235000322,0,9,-9
235000323,0,18,-18
235000324,0,5,-5
235000325,0,8,-8
235000326,3,83,-80
235000351,0,23,-23
235000352,2,27,-25
235000353,0,16,-16
235000354,0,30,-30
235000355,0,41,-41
235000356,0,0,0
235000357,0,0,0
235000358,0,0,0
235000359,0,0,0
235000360,0,0,0
235000361,0,0,0
235000381,9,111,-102
235000382,0,0,0
235000390,0,0,0
235000391,0,0,0
235000392,0,0,0
235000393,0,0,0
235000395,0,0,0
235000396,0,0,0
235000399,0,0,0
235000400,0,0,0
235000401,9,127,-118
235000402,6,49,-43
235000405,50,228,-178
235000406,11,171,-160
235000407,15,125,-110
235000409,69,134,-65
235000410,7,49,-42
235000411,0,54,-54
235000485,0,15,-15
235000486,0,0,0
235000549,0,0,0
235000550,67,151,-84
235000599,60,30,30
235000600,3,5,-2
235000601,0,0,0
235000602,0,0,0
235000614,0,4,-4
235000648,1,42,-41
235000649,0,0,0
235000685,0,1,-1
235000815,0,20,-20
235000834,0,1,-1
235000855,0,0,0
235000862,21,125,-104
235000891,0,4,-4
235000892,0,2,-2
235000901,31,63,-32
235000907,0,4,-4
235001010,0,0,0
235001029,108,76,32
235001030,0,0,0
235001078,0,0,0
235001079,17,71,-54
235001147,0,0,0
235001166,0,0,0
235001167,8,34,-26
235001169,2,136,-134
235001188,0,2,-2
235001189,0,0,0
235001197,2,13,-11
235001200,22,56,-34
235001208,0,0,0
235001209,7,13,-6
235001210,1,33,-32
235001239,0,52,-52
235001244,0,0,0
235016267,0,4,-4
235900013,0,1,-1
235900014,0,0,0
241900007,49,11,38
277101746,0,43,-43
277102712,0,0,0
277103813,0,0,0
277103814,0,1,-1
277103898,0,2,-2
990010990,12,111,-99
990011530,0,114,-114
990014944,1,297,-296
990015176,0,0,0
990015618,1,49,-48
990015888,12,58,-46
990016032,0,126,-126
990032570,7,68,-61
990070001,0,4,-4
990070103,0,0,0
990070601,0,12,-12
990070751,0,0,0
990070766,0,118,-118
990071180,0,81,-81
990071343,0,0,0
990071387,0,0,0
990071823,0,1,-1
990072600,0,340,-340
990072964,2,219,-217
990073285,0,1,-1
990074393,0,312,-312
990074714,0,0,0
990074870,0,0,0
990075106,0,1,-1
990075746,0,0,0
990076437,0,1,-1
990076458,0,586,-586
997000007,0,0,0
997000041,0,69,-69
997000058,0,0,0
997000062,0,0,0
997000069,0,2,-2
997000070,0,58,-58
997000100,0,0,0
997000141,0,7,-7
997000198,0,2,-2
998000475,0,4,-4
998000736,0,60,-60
998000965,0,0,0
998001031,0,28,-28
998001072,275,203,72
998001091,0,0,0
998001093,0,0,0
998001103,0,2,-2
998001105,3,14,-11
998001700,1,20,-19
998001899,0,0,0
998001900,17,1,16
998003073,2,2,0
998003124,0,0,0
998003125,6,120,-114
998101900,0,0,0
998102850,0,1,-1
998501819,0,0,0
998501820,0,3,-3
998501832,34,75,-41
998501927,1,184,-183
998501929,10,0,10
998501930,7,0,7
998501931,7,1,6
998501932,7,0,7
998501933,0,1,-1
998501937,0,1,-1
998501944,0,0,0
998501950,0,0,0
998501970,2,5,-3
998501971,1,75,-74
998501972,0,0,0
998501973,0,40,-40
998501974,2,90,-88
998501975,0,0,0
998501976,1,0,1
998501977,0,10,-10
998501978,0,0,0
998501979,0,17,-17
998501980,0,0,0
998501981,2,0,2
998501982,0,145,-145
998502006,0,0,0
998502024,0,8,-8
998502032,0,1,-1
998502062,0,0,0
998502063,0,0,0
998502173,0,0,0
998502269,1,0,1
998601159,0,54,-54
998601292,0,4,-4
999033574,0,26,-26
999800001,0,0,0
999800002,1,2,-1
999800003,0,2,-2
999800004,2,15,-13
999800005,0,19,-19
