dong,insum,outsum,diff
강남구 개포1동,308,718,-410
강남구 개포2동,4783,10328,-5545
강남구 개포4동,2078,7251,-5173
강남구 논현1동,21291,17616,3675
강남구 논현2동,10180,10255,-75
강남구 대치1동,13155,9320,3835
강남구 대치2동,15178,12939,2239
강남구 대치4동,14125,10853,3272
강남구 도곡1동,6805,7958,-1153
강남구 도곡2동,4340,3057,1283
강남구 삼성1동,17692,12933,4759
강남구 삼성2동,7022,7352,-330
강남구 세곡동,5218,22947,-17729
강남구 수서동,20075,5064,15011
강남구 신사동,15237,7814,7423
강남구 압구정동,22464,14488,7976
강남구 역삼1동,48122,25357,22765
강남구 역삼2동,9171,11037,-1866
강남구 일원1동,3293,5479,-2186
강남구 일원2동,2327,1600,727
강남구 일원본동,2842,7787,-4945
강남구 청담동,13329,14088,-759
강동구 강일동,1854,14057,-12203
강동구 고덕제1동,1895,6348,-4453
강동구 고덕제2동,3926,3763,163
강동구 길동,5819,7835,-2016
강동구 둔촌제1동,53,127,-74
강동구 둔촌제2동,4183,6284,-2101
강동구 명일제1동,6566,7523,-957
강동구 명일제2동,4985,3849,1136
강동구 상일동,11049,8022,3027
강동구 성내제1동,4294,7254,-2960
강동구 성내제2동,6769,6779,-10
강동구 성내제3동,6453,6044,409
강동구 암사제1동,2293,8864,-6571
강동구 암사제2동,1112,960,152
강동구 암사제3동,414,556,-142
강동구 천호제1동,2077,5810,-3733
강동구 천호제2동,13546,8781,4765
강동구 천호제3동,5624,3082,2542
강북구 미아동,11322,9916,1406
강북구 번1동,35429,23402,12027
강북구 번2동,2420,9660,-7240
강북구 번3동,3756,15452,-11696
강북구 삼각산동,2768,7647,-4879
강북구 삼양동,4381,14846,-10465
강북구 송중동,49206,37622,11584
강북구 송천동,8909,13392,-4483
강북구 수유1동,3793,10341,-6548
강북구 수유2동,3317,10949,-7632
강북구 수유3동,27979,13245,14734
강북구 우이동,4016,8690,-4674
강북구 월곡제1동,292,454,-162
강북구 인수동,3133,13788,-10655
강서구 가양제1동,9575,6852,2723
강서구 가양제2동,933,2218,-1285
강서구 가양제3동,796,2662,-1866
강서구 공항동,4693,5904,-1211
강서구 등촌제1동,7569,12475,-4906
강서구 등촌제2동,3516,10180,-6664
강서구 등촌제3동,11433,11876,-443
강서구 발산제1동,8038,13435,-5397
강서구 방화제1동,3836,7696,-3860
강서구 방화제2동,2151,2731,-580
강서구 방화제3동,228,1069,-841
강서구 염창동,3944,9840,-5896
강서구 우장산동,7024,11449,-4425
강서구 화곡본동,3099,6717,-3618
강서구 화곡제1동,18851,22657,-3806
강서구 화곡제2동,1139,5894,-4755
강서구 화곡제3동,7753,5626,2127
강서구 화곡제4동,2731,7602,-4871
강서구 화곡제6동,10158,11139,-981
강서구 화곡제8동,11262,7076,4186
관악구 낙성대동,21621,33073,-11452
관악구 난곡동,2219,17095,-14876
관악구 난향동,1873,7906,-6033
관악구 남현동,9819,9546,273
관악구 대학동,24244,25664,-1420
관악구 미성동,6695,18022,-11327
관악구 보라매동,6392,13037,-6645
관악구 삼성동,6021,24672,-18651
관악구 서림동,8059,22762,-14703
관악구 서원동,44147,23604,20543
관악구 성현동,3704,18458,-14754
관악구 신림동,43224,20135,23089
관악구 신사동,5205,11471,-6266
관악구 신원동,1358,4561,-3203
관악구 은천동,10850,14735,-3885
관악구 인헌동,6500,8952,-2452
관악구 조원동,22635,12415,10220
관악구 중앙동,5971,4794,1177
관악구 청룡동,25701,10312,15389
관악구 청림동,981,5591,-4610
관악구 행운동,30065,22374,7691
광진구 광장동,2484,3307,-823
광진구 구의제1동,6204,7393,-1189
광진구 구의제2동,4301,9527,-5226
광진구 구의제3동,7837,3970,3867
광진구 군자동,7134,11348,-4214
광진구 능동,6832,7473,-641
광진구 자양제1동,1774,2346,-572
광진구 자양제2동,6517,14002,-7485
광진구 자양제3동,2718,4351,-1633
광진구 자양제4동,15088,11003,4085
광진구 중곡제1동,2949,4847,-1898
광진구 중곡제2동,2979,5972,-2993
광진구 중곡제3동,2418,6305,-3887
광진구 중곡제4동,1988,4890,-2902
광진구 화양동,17450,10075,7375
구로구 가리봉동,3834,4462,-628
구로구 개봉제1동,18197,19366,-1169
구로구 개봉제2동,12939,12077,862
구로구 개봉제3동,1619,7102,-5483
구로구 고척제1동,7319,14167,-6848
구로구 고척제2동,4642,15150,-10508
구로구 구로제1동,2628,7061,-4433
구로구 구로제2동,15474,18246,-2772
구로구 구로제3동,48745,12775,35970
구로구 구로제4동,9791,6985,2806
구로구 구로제5동,19768,11301,8467
구로구 수궁동,12300,13823,-1523
구로구 신도림동,27518,12641,14877
구로구 오류제1동,5235,8325,-3090
구로구 오류제2동,5341,7872,-2531
구로구 항동,275,3038,-2763
금천구 가산동,17839,16465,1374
금천구 독산제1동,14661,28553,-13892
금천구 독산제2동,4768,11971,-7203
금천구 독산제3동,5951,14382,-8431
금천구 독산제4동,3603,4437,-834
금천구 미성동,63,344,-281
금천구 시흥제1동,17346,23008,-5662
금천구 시흥제2동,2886,12963,-10077
금천구 시흥제3동,4409,5266,-857
금천구 시흥제4동,1437,6189,-4752
금천구 시흥제5동,5755,12072,-6317
노원구 공릉1동,13471,12253,1218
노원구 공릉2동,10410,14673,-4263
노원구 상계10동,9637,3488,6149
노원구 상계1동,7953,10184,-2231
노원구 상계2동,14568,7321,7247
노원구 상계3.4동,747,3680,-2933
노원구 상계5동,7687,8203,-516
노원구 상계6.7동,12368,7290,5078
노원구 상계8동,1270,3762,-2492
노원구 상계9동,3113,6283,-3170
노원구 월계1동,27872,15000,12872
노원구 월계2동,3754,11039,-7285
노원구 월계3동,4371,7788,-3417
노원구 중계1동,4010,9378,-5368
노원구 중계2.3동,8700,8618,82
노원구 중계4동,7319,5562,1757
노원구 중계본동,4428,10050,-5622
노원구 하계1동,8936,11589,-2653
노원구 하계2동,6858,7542,-684
도봉구 도봉제1동,3415,6981,-3566
도봉구 도봉제2동,10235,10514,-279
도봉구 방학제1동,5820,14265,-8445
도봉구 방학제2동,1410,9568,-8158
도봉구 방학제3동,1943,10041,-8098
도봉구 쌍문제1동,3403,15732,-12329
도봉구 쌍문제2동,3806,8563,-4757
도봉구 쌍문제3동,5820,3943,1877
도봉구 쌍문제4동,1692,10204,-8512
도봉구 창제1동,27737,9089,18648
도봉구 창제2동,2545,9917,-7372
도봉구 창제3동,2846,9822,-6976
도봉구 창제4동,15393,11159,4234
도봉구 창제5동,11304,11544,-240
동대문구 답십리제1동,6136,10240,-4104
동대문구 답십리제2동,7211,11577,-4366
동대문구 면목제5동,10,23,-13
동대문구 용신동,27245,28120,-875
동대문구 이문제1동,7350,11515,-4165
동대문구 이문제2동,3113,5031,-1918
동대문구 장안제1동,15252,14192,1060
동대문구 장안제2동,6930,16393,-9463
동대문구 전농제1동,10190,17693,-7503
동대문구 전농제2동,5790,10289,-4499
동대문구 제기동,17307,17267,40
동대문구 청량리동,30396,19236,11160
동대문구 회기동,3998,5511,-1513
동대문구 휘경제1동,14667,9604,5063
동대문구 휘경제2동,8436,12012,-3576
동작구 노량진제1동,45271,26988,18283
동작구 노량진제2동,17899,11080,6819
동작구 대방동,19423,29304,-9881
동작구 사당제1동,12815,13181,-366
동작구 사당제2동,19551,15342,4209
동작구 사당제3동,2122,10467,-8345
동작구 사당제4동,440,695,-255
동작구 사당제5동,3023,8120,-5097
동작구 상도제1동,30436,41272,-10836
동작구 상도제2동,9354,16544,-7190
동작구 상도제3동,5752,13325,-7573
동작구 상도제4동,2301,15130,-12829
동작구 신대방제1동,4414,3828,586
동작구 신대방제2동,10025,14975,-4950
동작구 흑석동,21996,21853,143
마포구 공덕동,8411,12796,-4385
마포구 대흥동,15029,12188,2841
마포구 도화동,6939,6002,937
마포구 망원제1동,3666,8949,-5283
마포구 망원제2동,3435,6146,-2711
마포구 상암동,18120,21456,-3336
마포구 서강동,5186,6076,-890
마포구 서교동,96631,38006,58625
마포구 성산제1동,4874,11873,-6999
마포구 성산제2동,7146,16894,-9748
마포구 신수동,1233,3740,-2507
마포구 아현동,9872,12698,-2826
마포구 연남동,2144,4076,-1932
마포구 염리동,1381,3240,-1859
마포구 용강동,7653,8208,-555
마포구 합정동,11759,8767,2992
서대문구 남가좌제1동,4430,8525,-4095
서대문구 남가좌제2동,7807,17743,-9936
서대문구 북가좌제1동,1717,5848,-4131
서대문구 북가좌제2동,3768,12436,-8668
서대문구 북아현동,9891,10583,-692
서대문구 신촌동,82250,34515,47735
서대문구 연희동,25203,43822,-18619
서대문구 천연동,7968,12145,-4177
서대문구 충현동,14642,23630,-8988
서대문구 홍은제1동,6035,14440,-8405
서대문구 홍은제2동,10900,26252,-15352
서대문구 홍제제1동,13152,9634,3518
서대문구 홍제제2동,10373,13265,-2892
서대문구 홍제제3동,7984,8655,-671
서초구 내곡동,3213,7826,-4613
서초구 반포1동,13779,12148,1631
서초구 반포2동,5730,3633,2097
서초구 반포3동,15838,7480,8358
서초구 반포4동,13592,7067,6525
서초구 반포본동,5221,5731,-510
서초구 방배1동,8941,5436,3505
서초구 방배2동,9402,7972,1430
서초구 방배3동,3030,5764,-2734
서초구 방배4동,5655,7389,-1734
서초구 방배본동,2968,6042,-3074
서초구 서초1동,5673,5604,69
서초구 서초2동,20633,18498,2135
서초구 서초3동,13076,10998,2078
서초구 서초4동,23820,14588,9232
서초구 양재1동,25974,28255,-2281
서초구 양재2동,8254,16417,-8163
서초구 잠원동,9631,16229,-6598
성동구 금호1가동,2246,6009,-3763
성동구 금호2.3가동,4809,6470,-1661
성동구 금호4가동,3209,5702,-2493
성동구 마장동,3684,5289,-1605
성동구 사근동,6648,3279,3369
성동구 성수1가제1동,2930,4245,-1315
성동구 성수1가제2동,2691,2233,458
성동구 성수2가제1동,2327,4165,-1838
성동구 성수2가제3동,4013,2908,1105
성동구 송정동,1166,3497,-2331
성동구 옥수동,6805,8414,-1609
성동구 왕십리도선동,10730,6368,4362
성동구 왕십리제2동,4271,9032,-4761
성동구 용답동,6246,5900,346
성동구 응봉동,1156,7291,-6135
성동구 행당제1동,12754,4993,7761
성동구 행당제2동,5388,6881,-1493
성북구 길음제1동,13580,18006,-4426
성북구 길음제2동,5942,11510,-5568
성북구 돈암제1동,19843,15636,4207
성북구 돈암제2동,1162,9068,-7906
성북구 동선동,32582,19941,12641
성북구 보문동,4850,6845,-1995
성북구 삼선동,26806,27259,-453
성북구 석관동,4035,8572,-4537
성북구 성북동,11251,12527,-1276
성북구 안암동,10957,8952,2005
성북구 월곡제1동,7666,12168,-4502
성북구 월곡제2동,6909,6465,444
성북구 장위제1동,2333,13703,-11370
성북구 장위제2동,4865,7612,-2747
성북구 장위제3동,1656,2822,-1166
성북구 정릉제1동,5279,11900,-6621
성북구 정릉제2동,6030,22356,-16326
성북구 정릉제3동,9648,11152,-1504
성북구 정릉제4동,7783,16263,-8480
성북구 종암동,12658,23512,-10854
송파구 가락1동,2544,2674,-130
송파구 가락2동,7254,12232,-4978
송파구 가락본동,10446,10781,-335
송파구 거여1동,1728,3496,-1768
송파구 거여2동,418,989,-571
송파구 마천1동,1022,4299,-3277
송파구 마천2동,2799,9657,-6858
송파구 문정1동,1882,5908,-4026
송파구 문정2동,13970,13373,597
송파구 방이1동,2388,5688,-3300
송파구 방이2동,9947,8710,1237
송파구 삼전동,4986,12709,-7723
송파구 석촌동,12561,18524,-5963
송파구 송파1동,7547,9198,-1651
송파구 송파2동,1596,3351,-1755
송파구 오금동,8086,13422,-5336
송파구 오륜동,5203,3813,1390
송파구 위례동,2700,14314,-11614
송파구 잠실2동,3136,2900,236
송파구 잠실3동,35705,12711,22994
송파구 잠실4동,377,694,-317
송파구 잠실6동,13510,5300,8210
송파구 잠실7동,7161,2905,4256
송파구 잠실본동,19926,14982,4944
송파구 장지동,3269,7533,-4264
송파구 풍납1동,3509,3044,465
송파구 풍납2동,3817,7968,-4151
양천구 목1동,27246,12041,15205
양천구 목2동,16201,20107,-3906
양천구 목3동,8161,12604,-4443
양천구 목4동,5397,15405,-10008
양천구 목5동,11449,16163,-4714
양천구 신월1동,1331,3632,-2301
양천구 신월2동,1732,7710,-5978
양천구 신월3동,2116,5164,-3048
양천구 신월4동,2240,8672,-6432
양천구 신월5동,1859,6672,-4813
양천구 신월6동,1074,2796,-1722
양천구 신월7동,3212,12748,-9536
양천구 신정1동,3496,4391,-895
양천구 신정2동,1962,3679,-1717
양천구 신정3동,9695,21771,-12076
양천구 신정4동,15529,10607,4922
양천구 신정6동,2163,4314,-2151
양천구 신정7동,4003,8322,-4319
영등포구 당산제1동,7297,5697,1600
영등포구 당산제2동,24553,12467,12086
영등포구 대림제1동,3765,6793,-3028
영등포구 대림제2동,2545,3236,-691
영등포구 대림제3동,4856,8665,-3809
영등포구 도림동,2056,10301,-8245
영등포구 문래동,7407,8625,-1218
영등포구 신길제1동,2577,6281,-3704
영등포구 신길제3동,3079,9444,-6365
영등포구 신길제4동,1094,4116,-3022
영등포구 신길제5동,4520,5446,-926
영등포구 신길제6동,4887,11399,-6512
영등포구 신길제7동,4762,7796,-3034
영등포구 양평제1동,2723,4401,-1678
영등포구 양평제2동,5113,7974,-2861
영등포구 여의동,40859,21390,19469
영등포구 영등포동,38416,21632,16784
영등포구 영등포본동,11103,8181,2922
용산구 남영동,21619,15072,6547
용산구 보광동,1731,4757,-3026
용산구 서빙고동,3110,6738,-3628
용산구 용문동,1266,3026,-1760
용산구 용산2가동,3586,8518,-4932
용산구 원효로제1동,4746,6481,-1735
용산구 원효로제2동,1972,6871,-4899
용산구 이촌제1동,4401,5672,-1271
용산구 이촌제2동,653,3242,-2589
용산구 이태원제1동,8538,8892,-354
용산구 이태원제2동,3117,4658,-1541
용산구 청파동,7144,10671,-3527
용산구 필동,2530,128,2402
용산구 한강로동,30054,17483,12571
용산구 한남동,25201,22441,2760
용산구 효창동,2932,6434,-3502
용산구 후암동,2335,7817,-5482
은평구 갈현제1동,2144,11035,-8891
은평구 갈현제2동,11825,12595,-770
은평구 구산동,2028,8822,-6794
은평구 녹번동,15246,13715,1531
은평구 대조동,20477,16513,3964
은평구 불광제1동,22613,17386,5227
은평구 불광제2동,6144,12013,-5869
은평구 수색동,2577,5829,-3252
은평구 신사제1동,7096,12149,-5053
은평구 신사제2동,6711,11072,-4361
은평구 역촌동,10087,13598,-3511
은평구 응암제1동,5789,11402,-5613
은평구 응암제2동,1536,6311,-4775
은평구 응암제3동,4478,8977,-4499
은평구 증산동,10492,8774,1718
은평구 진관동,13994,21127,-7133
종로구 가회동,439,1353,-914
종로구 교남동,3685,4013,-328
종로구 무악동,2575,4071,-1496
종로구 부암동,6232,10712,-4480
종로구 사직동,25320,13644,11676
종로구 삼청동,1548,1536,12
종로구 숭인제1동,555,2174,-1619
종로구 숭인제2동,6458,6227,231
종로구 이화동,16553,8721,7832
종로구 종로1.2.3.4가동,74240,24031,50209
종로구 종로5.6가동,10739,6146,4593
종로구 창신제1동,13242,8591,4651
종로구 창신제2동,2472,5156,-2684
종로구 창신제3동,990,3073,-2083
종로구 청운효자동,1806,6050,-4244
종로구 충현동,1245,995,250
종로구 평창동,3486,10812,-7326
종로구 혜화동,30107,17320,12787
중구 광희동,19962,8526,11436
중구 다산동,2939,4805,-1866
중구 동화동,1037,1392,-355
중구 명동,26857,9070,17787
중구 소공동,30558,8729,21829
중구 신당동,4366,6343,-1977
중구 신당제5동,9534,4872,4662
중구 약수동,3172,3275,-103
중구 을지로동,4211,1251,2960
중구 장충동,2581,2081,500
중구 중림동,4812,3689,1123
중구 청구동,3638,2999,639
중구 필동,3519,2801,718
중구 황학동,2725,3375,-650
중구 회현동,33989,19728,14261
중랑구 망우본동,6817,12094,-5277
중랑구 망우제3동,1090,6035,-4945
중랑구 면목본동,11635,11761,-126
중랑구 면목제2동,2182,5676,-3494
중랑구 면목제3.8동,8772,11786,-3014
중랑구 면목제4동,3331,6066,-2735
중랑구 면목제5동,2048,5305,-3257
중랑구 면목제7동,1144,4303,-3159
중랑구 묵제1동,7946,9004,-1058
중랑구 묵제2동,1549,2694,-1145
중랑구 상봉제1동,3973,5746,-1773
중랑구 상봉제2동,14940,13275,1665
중랑구 신내1동,4657,20173,-15516
중랑구 신내2동,10542,9541,1001
중랑구 중화제1동,3414,6627,-3213
중랑구 중화제2동,10488,9303,1185
NA,194724,357085,-162361
