ID,insum,outsum,diff
100000001,657,915,-258
100000002,6257,8290,-2033
100000003,5584,8737,-3153
100000004,370,2020,-1650
100000005,3658,7037,-3379
100000006,748,500,248
100000007,3843,1389,2454
100000008,124,986,-862
100000009,606,674,-68
100000010,48,252,-204
100000011,652,156,496
100000012,65,980,-915
100000013,80,231,-151
100000014,307,685,-378
100000015,2084,2901,-817
100000016,574,2243,-1669
100000017,651,2077,-1426
100000018,972,1053,-81
100000019,4421,3791,630
100000020,1511,8857,-7346
100000021,7270,2572,4698
100000022,1117,5119,-4002
100000023,5878,2344,3534
100000025,417,2349,-1932
100000028,591,2633,-2042
100000029,97,879,-782
100000030,95,61,34
100000031,2661,9367,-6706
100000032,2489,5680,-3191
100000033,1402,4690,-3288
100000034,136,1975,-1839
100000035,913,1942,-1029
100000036,885,2507,-1622
100000037,984,764,220
100000038,3416,1663,1753
100000039,334,711,-377
100000040,590,256,334
100000041,2107,836,1271
100000042,1633,660,973
100000043,1220,653,567
100000044,215,1063,-848
100000045,314,1095,-781
100000046,468,746,-278
100000047,251,582,-331
100000048,282,767,-485
100000049,1860,1255,605
100000051,464,634,-170
100000053,100,8,92
100000054,356,38,318
100000055,616,366,250
100000056,514,970,-456
100000057,2882,880,2002
100000058,881,887,-6
100000059,48,232,-184
100000060,764,439,325
100000061,2784,724,2060
100000062,1696,927,769
100000063,1419,433,986
100000064,1799,782,1017
100000065,284,1020,-736
100000066,206,754,-548
100000067,219,786,-567
100000068,440,1700,-1260
100000069,394,1311,-917
100000072,162,511,-349
100000073,1202,898,304
100000075,895,219,676
100000076,1691,7358,-5667
100000077,79,825,-746
100000078,17,53,-36
100000079,30,111,-81
100000080,7,48,-41
100000081,64,250,-186
100000102,4066,9082,-5016
100000103,1761,2586,-825
100000104,4314,3343,971
100000105,1360,2906,-1546
100000106,1108,6284,-5176
100000107,120,1967,-1847
100000108,264,1507,-1243
100000109,799,2459,-1660
100000116,487,897,-410
100000117,129,291,-162
100000118,566,1564,-998
100000119,814,1319,-505
100000121,296,781,-485
100000122,615,3002,-2387
100000123,1441,3834,-2393
100000124,2742,3917,-1175
100000125,7888,3461,4427
100000126,799,1747,-948
100000127,1324,1135,189
100000128,851,3891,-3040
100000129,389,1236,-847
100000130,760,245,515
100000131,924,2423,-1499
100000132,1079,2237,-1158
100000133,2093,1311,782
100000135,930,1843,-913
100000139,165,654,-489
100000140,143,320,-177
100000142,954,796,158
100000143,1002,405,597
100000144,2052,627,1425
100000147,1777,5266,-3489
100000150,119,680,-561
100000151,703,3316,-2613
100000153,141,957,-816
100000154,23,789,-766
100000155,4,114,-110
100000156,276,414,-138
100000157,568,437,131
100000158,354,317,37
100000159,62,1633,-1571
100000165,510,754,-244
100000169,40,2060,-2020
100000174,345,1616,-1271
100000179,68,1408,-1340
100000180,716,5361,-4645
100000181,461,771,-310
100000188,75,422,-347
100000189,1199,953,246
100000190,504,2301,-1797
100000191,982,1196,-214
100000192,34,187,-153
100000193,301,233,68
100000330,695,1200,-505
100000355,183,1132,-949
100000362,2309,1339,970
100000363,8267,8929,-662
100000364,96,390,-294
100000365,8000,13447,-5447
100000366,1931,1431,500
100000367,6336,9069,-2733
100000368,2513,961,1552
100000369,848,3843,-2995
100000370,190,1404,-1214
100000376,38,285,-247
100000379,1001,3482,-2481
100000380,4053,9858,-5805
100000384,7009,9667,-2658
100000385,1497,6105,-4608
100000386,2620,10196,-7576
100000387,3950,9690,-5740
100000388,2124,9040,-6916
100000389,4619,11394,-6775
100000390,4005,7348,-3343
100000391,3192,16435,-13243
100000392,935,4328,-3393
100000393,792,8642,-7850
100000394,3198,8408,-5210
100000395,1691,6866,-5175
100000396,1998,3320,-1322
100000397,2220,10305,-8085
100000398,6933,5012,1921
100900002,16,10,6
100900003,675,363,312
100900004,10,1380,-1370
100900005,148,27,121
100900006,71,37,34
100900007,240,6,234
100900008,11,599,-588
100900009,48,119,-71
100900010,119,15,104
100900011,284,80,204
100900012,0,70,-70
100900013,1380,13,1367
100900014,12,1,11
100900015,50,140,-90
100900016,0,65,-65
100900017,1719,131,1588
100900018,0,18,-18
100900019,57,144,-87
100900020,531,6,525
100900021,499,2,497
100900022,23,33,-10
100900023,0,41,-41
100900024,526,5,521
100900025,7,10,-3
100900026,189,142,47
100900027,683,3658,-2975
100900028,120,651,-531
100900029,76,11,65
100900030,6,378,-372
100900031,1181,85,1096
100900032,626,4,622
100900033,138,727,-589
100900034,1500,4,1496
100900035,290,3,287
100900036,14,1,13
100900037,186,140,46
100900038,51,136,-85
100900039,279,239,40
100900040,925,416,509
100900041,1719,233,1486
100900042,1254,3451,-2197
100900043,0,57,-57
100900044,1434,913,521
100900045,3,15,-12
100900046,1487,25,1462
100900047,852,320,532
100900048,152,59,93
100900049,50,91,-41
100900050,30,16,14
100900051,85,207,-122
100900052,410,38,372
100900053,941,45,896
100900054,16,26,-10
100900055,318,1544,-1226
100900056,56,109,-53
100900057,3229,1105,2124
100900058,211,176,35
100900059,119,5,114
100900060,308,9,299
100900061,238,210,28
100900062,12,56,-44
100900063,516,1354,-838
100900064,880,36,844
100900065,166,196,-30
100900066,186,200,-14
100900067,3,5,-2
100900068,148,117,31
100900069,244,6,238
100900070,749,18,731
100900071,368,151,217
100900072,1,68,-67
100900073,211,433,-222
100900074,3,22,-19
100900075,2337,225,2112
100900076,2,22,-20
100900077,39,26,13
100900078,83,313,-230
100900079,8,83,-75
100900080,127,110,17
100900081,28,174,-146
100900082,348,95,253
100900083,20,50,-30
100900085,4,602,-598
100900086,65,466,-401
100900088,247,201,46
100900089,1,22,-21
100900090,176,1416,-1240
100900091,30,12,18
100900092,135,192,-57
100900093,489,473,16
100900094,297,190,107
100900095,2,110,-108
100900096,35,329,-294
100900097,1,1,0
100900098,35,25,10
100900099,19,585,-566
100900100,26,865,-839
100900101,255,53,202
100900102,11,326,-315
100900103,9,31,-22
100900104,5,263,-258
100900105,39,687,-648
100900106,22,1,21
100900107,3661,1272,2389
100900108,4,94,-90
100900109,9,54,-45
100900110,5,26,-21
100900111,27,271,-244
100900112,6,41,-35
100900113,39,33,6
100900114,8,26,-18
100900115,45,26,19
100900116,1173,721,452
100900117,334,1566,-1232
100900118,109,148,-39
100900119,23,29,-6
100900120,50,5,45
100900121,468,486,-18
100900122,61,119,-58
100900123,239,102,137
100900124,1,3,-2
100900125,3,71,-68
100900126,367,135,232
100900127,2,3,-1
100900128,116,1053,-937
100900129,2,510,-508
100900131,33,224,-191
100900133,119,31,88
100900134,1,0,1
100900135,3,1278,-1275
100900137,345,305,40
100900138,352,527,-175
100900139,3,18,-15
100900140,3,282,-279
100900141,0,852,-852
100900142,0,13,-13
100900143,389,1289,-900
100900144,4,2,2
100900145,77,402,-325
100900146,18,84,-66
100900147,12,1464,-1452
100900148,76,136,-60
100900149,21,484,-463
100900150,3,43,-40
100900151,113,690,-577
100900152,387,6,381
100900153,6,328,-322
100900154,4,112,-108
100900155,27,13,14
100900156,21,13,8
100900157,27,1605,-1578
100900158,805,93,712
100900159,2,41,-39
100900160,51,33,18
100900161,31,10,21
100900162,23,657,-634
100900163,76,84,-8
100900164,113,52,61
100900165,10,34,-24
100900166,23,1,22
100900167,33,54,-21
100900168,31,298,-267
100900169,120,967,-847
100900170,25,6,19
100900171,68,645,-577
100900172,0,42,-42
100900173,29,128,-99
100900174,30,27,3
100900176,2239,273,1966
100900177,515,257,258
100900178,211,289,-78
100900179,446,463,-17
100900180,6,3,3
100900181,85,112,-27
100900182,73,53,20
100900184,24,109,-85
100900186,797,304,493
100900187,68,105,-37
100900188,36,45,-9
100900189,3749,311,3438
100900191,731,1785,-1054
100900192,160,735,-575
100900195,190,358,-168
100900197,50,73,-23
100900198,19,61,-42
100900199,25,20,5
100900200,1389,420,969
100900201,117,1330,-1213
100900202,83,0,83
100900203,0,121,-121
100900204,145,1257,-1112
100900205,206,836,-630
100900206,370,202,168
100900207,374,284,90
100900210,115,160,-45
100900211,486,152,334
100900213,238,48,190
100900214,499,135,364
100900215,44,69,-25
101000001,2023,2810,-787
101000002,8369,10496,-2127
101000003,364,1305,-941
101000004,7679,7498,181
101000005,6192,7300,-1108
101000006,6662,12303,-5641
101000007,4315,7250,-2935
101000008,2141,3499,-1358
101000009,3295,820,2475
101000010,1289,618,671
101000011,1200,291,909
101000012,424,702,-278
101000013,697,1475,-778
101000014,419,496,-77
101000015,2590,1752,838
101000016,345,1134,-789
101000017,286,971,-685
101000018,1627,5711,-4084
101000020,1470,948,522
101000021,541,1266,-725
101000022,126,504,-378
101000023,970,1293,-323
101000025,400,728,-328
101000026,357,29,328
101000027,2550,5864,-3314
101000028,23,27,-4
101000029,156,1873,-1717
101000030,1232,286,946
101000031,156,1055,-899
101000032,2513,6105,-3592
101000033,1577,6074,-4497
101000034,975,2717,-1742
101000035,592,484,108
101000036,832,2302,-1470
101000037,841,4365,-3524
101000039,1938,4722,-2784
101000040,3114,7114,-4000
101000041,2650,8872,-6222
101000042,120,1375,-1255
101000043,3700,10530,-6830
101000045,322,955,-633
101000046,1112,3342,-2230
101000047,1142,6662,-5520
101000048,612,543,69
101000049,810,3223,-2413
101000050,893,3268,-2375
101000051,707,3399,-2692
101000052,1300,2588,-1288
101000053,550,1733,-1183
101000054,2059,1252,807
101000055,1237,2482,-1245
101000056,40,243,-203
101000057,795,3129,-2334
101000058,864,2148,-1284
101000059,2155,3072,-917
101000060,1606,1630,-24
101000061,522,2911,-2389
101000062,304,840,-536
101000063,316,2212,-1896
101000064,430,1208,-778
101000065,249,1483,-1234
101000066,476,1795,-1319
101000067,389,932,-543
101000068,93,625,-532
101000069,136,122,14
101000070,535,816,-281
101000071,3200,1545,1655
101000072,780,3442,-2662
101000073,597,1516,-919
101000074,2295,4311,-2016
101000075,2171,4400,-2229
101000077,2319,2384,-65
101000078,778,1440,-662
101000079,1088,1411,-323
101000080,1166,1240,-74
101000081,2399,2116,283
101000082,2178,2313,-135
101000083,4070,2954,1116
101000084,1081,525,556
101000085,1866,1353,513
101000086,1112,1758,-646
101000087,963,1179,-216
101000088,2362,1567,795
101000089,1208,2202,-994
101000090,1871,1081,790
101000091,642,729,-87
101000092,2687,697,1990
101000093,1919,706,1213
101000094,1432,1259,173
101000095,732,860,-128
101000096,854,372,482
101000097,469,1007,-538
101000098,474,791,-317
101000099,733,1532,-799
101000100,922,1531,-609
101000101,283,853,-570
101000102,604,1515,-911
101000103,523,1368,-845
101000104,571,1430,-859
101000105,186,781,-595
101000106,303,1895,-1592
101000107,273,748,-475
101000108,556,150,406
101000109,960,182,778
101000110,36,194,-158
101000111,59,260,-201
101000113,135,1187,-1052
101000114,3176,11709,-8533
101000115,14,31,-17
101000116,27,90,-63
101000117,1076,253,823
101000119,29,110,-81
101000120,92,200,-108
101000121,55,57,-2
101000122,121,126,-5
101000123,45,173,-128
101000124,769,729,40
101000125,135,223,-88
101000128,210,1434,-1224
101000130,149,284,-135
101000131,1966,343,1623
101000132,1267,921,346
101000135,21,39,-18
101000136,145,250,-105
101000137,26,669,-643
101000141,628,4839,-4211
101000147,675,340,335
101000148,1191,22,1169
101000149,12,78,-66
101000150,124,234,-110
101000151,660,48,612
101000152,451,448,3
101000153,310,165,145
101000154,544,452,92
101000155,876,337,539
101000156,20,751,-731
101000157,96,74,22
101000160,4,7,-3
101000163,192,675,-483
101000164,437,135,302
101000165,437,638,-201
101000166,249,344,-95
101000168,1190,643,547
101000252,3558,1266,2292
101000254,35,50,-15
101000258,67,9,58
101000261,85,176,-91
101000262,1399,6028,-4629
101000263,339,1935,-1596
101000265,80,1090,-1010
101000266,454,460,-6
101000269,19,67,-48
101000290,553,4170,-3617
101000293,31,42,-11
101000294,661,715,-54
101000295,323,223,100
101000301,210,784,-574
101000304,2676,4041,-1365
101000305,2841,1217,1624
101900001,39,29,10
101900002,0,7,-7
101900003,20,212,-192
101900004,1,290,-289
101900005,1389,5149,-3760
101900006,2426,102,2324
101900007,727,263,464
101900008,66,303,-237
101900009,24,517,-493
101900010,477,922,-445
101900011,106,1474,-1368
101900012,487,138,349
101900013,449,123,326
101900017,12,123,-111
101900018,431,193,238
101900019,60,206,-146
101900020,559,286,273
101900021,3,75,-72
101900022,279,623,-344
101900023,323,127,196
102000001,4453,8568,-4115
102000002,2939,1539,1400
102000003,2919,8661,-5742
102000004,3943,3314,629
102000005,1492,4665,-3173
102000006,938,1896,-958
102000007,2419,6648,-4229
102000008,5554,1995,3559
102000009,9296,11752,-2456
102000010,4112,3126,986
102000011,5847,5952,-105
102000012,3987,3439,548
102000018,4158,4226,-68
102000019,3185,2583,602
102000026,508,441,67
102000029,272,195,77
102000030,191,381,-190
102000031,133,135,-2
102000032,922,533,389
102000033,625,340,285
102000034,503,530,-27
102000035,1900,817,1083
102000036,39,304,-265
102000037,514,47,467
102000038,81,843,-762
102000039,90,440,-350
102000040,231,550,-319
102000041,45,1210,-1165
102000042,73,817,-744
102000043,63,708,-645
102000044,445,1521,-1076
102000045,839,1323,-484
102000046,1783,1323,460
102000047,1042,1069,-27
102000048,788,925,-137
102000049,1175,1513,-338
102000050,1343,1650,-307
102000051,378,1186,-808
102000052,1513,1582,-69
102000053,1060,2171,-1111
102000054,1234,1542,-308
102000055,2091,226,1865
102000056,2049,278,1771
102000057,2494,658,1836
102000058,1778,749,1029
102000059,1440,1509,-69
102000060,1347,1123,224
102000061,2562,1452,1110
102000062,3129,1268,1861
102000063,1326,1406,-80
102000064,485,633,-148
102000065,58,157,-99
102000066,980,1002,-22
102000067,6343,4340,2003
102000068,13007,4512,8495
102000069,162,3764,-3602
102000070,2496,68,2428
102000071,8832,12761,-3929
102000072,3331,6119,-2788
102000073,941,1241,-300
102000074,995,2181,-1186
102000075,285,433,-148
102000076,434,326,108
102000077,1449,534,915
102000078,1820,277,1543
102000079,205,156,49
102000080,487,336,151
102000081,316,1209,-893
102000082,660,522,138
102000083,1299,264,1035
102000084,779,220,559
102000085,3092,891,2201
102000086,1828,970,858
102000087,1046,1367,-321
102000088,251,372,-121
102000089,1983,429,1554
102000090,387,1430,-1043
102000091,1563,719,844
102000092,320,614,-294
102000093,954,594,360
102000094,554,418,136
102000095,837,900,-63
102000096,522,639,-117
102000097,862,646,216
102000098,334,1159,-825
102000099,1082,1335,-253
102000100,212,2371,-2159
102000101,477,718,-241
102000102,985,1559,-574
102000103,4066,537,3529
102000104,1120,497,623
102000105,340,763,-423
102000106,1240,570,670
102000107,2460,334,2126
102000108,891,361,530
102000109,897,490,407
102000110,2250,709,1541
102000111,21,523,-502
102000112,127,212,-85
102000113,28,54,-26
102000114,1071,422,649
102000115,352,449,-97
102000116,305,928,-623
102000117,134,1321,-1187
102000118,1055,2095,-1040
102000119,1175,2395,-1220
102000120,365,878,-513
102000121,1381,592,789
102000122,945,1416,-471
102000123,1314,1152,162
102000124,2170,2093,77
102000125,534,876,-342
102000126,647,1201,-554
102000127,1301,765,536
102000128,956,1365,-409
102000129,1910,631,1279
102000130,859,1104,-245
102000131,1295,1045,250
102000132,530,1500,-970
102000133,4299,1871,2428
102000134,1755,1019,736
102000135,1095,888,207
102000136,1822,779,1043
102000137,545,1525,-980
102000138,274,445,-171
102000139,41,862,-821
102000140,124,1305,-1181
102000141,279,2274,-1995
102000142,510,330,180
102000143,440,231,209
102000144,754,255,499
102000145,622,393,229
102000146,584,398,186
102000147,626,469,157
102000148,595,795,-200
102000149,411,161,250
102000150,837,148,689
102000151,170,152,18
102000152,390,173,217
102000153,1325,1108,217
102000154,193,535,-342
102000155,35,1044,-1009
102000156,248,331,-83
102000157,26,1564,-1538
102000158,124,289,-165
102000159,2232,1585,647
102000161,2624,2584,40
102000162,217,265,-48
102000163,114,432,-318
102000164,723,987,-264
102000165,233,335,-102
102000166,53,192,-139
102000167,240,357,-117
102000168,307,304,3
102000169,140,815,-675
102000170,895,224,671
102000171,120,269,-149
102000172,27,576,-549
102000173,558,481,77
102000174,157,101,56
102000175,107,82,25
102000176,76,39,37
102000178,273,393,-120
102000179,594,302,292
102000180,1427,343,1084
102000181,1520,390,1130
102000182,813,334,479
102000183,2712,1130,1582
102000184,2907,751,2156
102000185,4171,853,3318
102000186,2925,1265,1660
102000187,1714,1098,616
102000188,1796,1359,437
102000189,2297,523,1774
102000190,731,2897,-2166
102000191,1296,465,831
102000192,3073,2178,895
102000193,138,124,14
102000194,93,293,-200
102000195,631,535,96
102000196,458,349,109
102000197,1294,282,1012
102000198,389,577,-188
102000199,1859,230,1629
102000200,470,672,-202
102000201,2113,509,1604
102000202,1,158,-157
102000203,686,231,455
102000204,933,710,223
102000205,1872,605,1267
102000206,1096,435,661
102000207,795,575,220
102000208,452,584,-132
102000209,158,115,43
102000210,662,381,281
102000211,793,267,526
102000212,607,14,593
102000213,11,151,-140
102000214,649,18,631
102000215,6,199,-193
102000216,83,133,-50
102000217,17,57,-40
102000218,359,258,101
102000219,213,142,71
102000225,275,691,-416
102000226,479,440,39
102000227,216,0,216
102000228,1,203,-202
102000229,72,46,26
102000230,348,365,-17
102000231,450,388,62
102000232,131,319,-188
102000233,1133,587,546
102000234,86,1255,-1169
102000236,295,148,147
102000237,584,339,245
102000238,252,612,-360
102000240,453,1081,-628
102000241,320,156,164
102000243,10,49,-39
102000245,17,73,-56
102000246,5,90,-85
102000247,180,331,-151
102000248,224,836,-612
102000249,273,167,106
102000250,121,175,-54
102000254,320,200,120
102000266,11,750,-739
102000271,11,0,11
102000286,525,285,240
102000297,2838,1999,839
102000300,0,0,0
102000301,0,0,0
102000305,0,0,0
102000306,0,0,0
102000307,1,4,-3
102000308,0,0,0
102900001,1640,854,786
102900002,329,64,265
102900003,87,140,-53
102900005,693,263,430
102900006,727,61,666
102900007,969,7,962
102900008,335,19,316
102900009,412,692,-280
102900010,185,1284,-1099
102900011,1268,821,447
102900012,594,116,478
102900013,66,62,4
102900015,803,649,154
102900016,138,67,71
102900017,489,193,296
102900018,101,44,57
102900019,469,707,-238
102900020,359,29,330
102900021,131,30,101
102900022,142,89,53
102900023,28,136,-108
102900024,133,40,93
102900025,115,105,10
102900026,791,2745,-1954
102900027,108,86,22
102900028,244,1182,-938
102900029,99,354,-255
102900030,506,471,35
102900031,453,189,264
102900032,236,80,156
102900033,164,136,28
102900034,779,64,715
102900035,226,295,-69
102900036,646,238,408
102900037,363,316,47
102900038,691,242,449
102900039,27,940,-913
102900040,318,366,-48
102900041,174,143,31
102900042,420,143,277
102900043,419,177,242
102900044,759,1756,-997
102900045,288,495,-207
102900046,426,183,243
102900047,173,886,-713
102900048,842,232,610
102900049,84,581,-497
102900050,240,544,-304
102900051,353,318,35
102900052,42,94,-52
102900053,475,636,-161
102900054,399,1864,-1465
102900055,328,442,-114
102900056,120,431,-311
102900057,18,87,-69
102900058,752,82,670
102900059,57,56,1
102900060,108,364,-256
102900061,256,485,-229
102900062,582,464,118
102900063,2330,419,1911
102900064,112,672,-560
102900065,1122,330,792
102900066,495,13,482
102900068,82,214,-132
102900070,239,683,-444
102900072,10,31,-21
102900073,88,51,37
102900074,187,249,-62
102900075,10,101,-91
102900076,87,208,-121
102900077,61,26,35
102900078,29,60,-31
102900079,317,8,309
102900080,636,27,609
102900081,73,277,-204
102900082,56,354,-298
102900083,136,39,97
102900084,5,109,-104
102900085,272,133,139
102900086,8,163,-155
102900087,166,195,-29
102900088,86,62,24
102900089,288,199,89
102900090,0,284,-284
102900091,274,11,263
102900092,730,285,445
102900093,584,184,400
102900094,6,532,-526
102900095,151,0,151
102900096,79,4,75
102900097,257,157,100
103000001,2331,2801,-470
103000002,2942,3539,-597
103000003,3511,3520,-9
103000004,956,528,428
103000005,2308,4873,-2565
103000006,1279,1949,-670
103000007,559,625,-66
103000008,1270,993,277
103000009,2477,1606,871
103000010,210,51,159
103000011,1319,1149,170
103000012,1578,2255,-677
103000013,2975,2248,727
103000014,1528,4923,-3395
103000015,1911,941,970
103000016,692,2095,-1403
103000017,379,853,-474
103000018,1140,263,877
103000019,530,713,-183
103000020,1851,1513,338
103000021,2260,3195,-935
103000022,964,1131,-167
103000023,1337,3336,-1999
103000024,91,80,11
103000025,147,1376,-1229
103000026,483,116,367
103000027,272,622,-350
103000028,190,257,-67
103000029,132,337,-205
103000030,2072,2042,30
103000031,909,3189,-2280
103000032,2399,1634,765
103000033,3495,3652,-157
103000034,1370,1178,192
103000035,360,1756,-1396
103000036,277,302,-25
103000037,667,505,162
103000038,711,1511,-800
103000039,956,305,651
103000040,910,503,407
103000041,2464,1501,963
103000042,2556,251,2305
103000043,1289,644,645
103000044,450,75,375
103000046,553,498,55
103000047,847,236,611
103000048,405,116,289
103000049,164,128,36
103000050,1052,242,810
103000051,808,486,322
103000052,891,347,544
103000053,336,461,-125
103000054,2336,885,1451
103000055,2489,1655,834
103000056,1028,951,77
103000057,1903,170,1733
103000058,929,596,333
103000059,1097,648,449
103000060,1134,303,831
103000061,924,802,122
103000062,1097,300,797
103000063,1352,1005,347
103000064,219,132,87
103000065,4,217,-213
103000066,347,19,328
103000069,444,197,247
103000070,1206,619,587
103000071,2284,822,1462
103000072,213,555,-342
103000073,1483,171,1312
103000074,1424,201,1223
103000075,194,730,-536
103000076,534,1312,-778
103000077,20,397,-377
103000078,1262,2027,-765
103000079,710,1066,-356
103000080,624,485,139
103000081,363,1386,-1023
103000082,832,276,556
103000083,132,605,-473
103000084,106,22,84
103000085,5,138,-133
103000086,540,893,-353
103000087,356,748,-392
103000088,336,597,-261
103000089,366,923,-557
103000090,7095,1606,5489
103000091,2283,685,1598
103000092,410,443,-33
103000093,417,886,-469
103000094,453,179,274
103000095,169,410,-241
103000096,845,56,789
103000097,127,910,-783
103000098,790,146,644
103000099,136,763,-627
103000100,229,429,-200
103000101,1967,155,1812
103000102,173,352,-179
103000103,1223,162,1061
103000104,120,84,36
103000105,297,59,238
103000106,17,199,-182
103000107,291,106,185
103000108,1966,1422,544
103000109,925,738,187
103000110,1189,709,480
103000111,424,992,-568
103000112,405,753,-348
103000113,399,1876,-1477
103000114,1865,1808,57
103000115,1171,784,387
103000116,1349,471,878
103000117,700,511,189
103000118,458,391,67
103000119,1096,417,679
103000120,78,252,-174
103000121,95,232,-137
103000122,344,372,-28
103000125,45,98,-53
103000126,1220,4,1216
103000127,3,106,-103
103000128,292,2,290
103000129,4,99,-95
103000130,135,88,47
103000131,128,140,-12
103000132,59,145,-86
103000133,47,125,-78
103000134,322,1396,-1074
103000135,768,225,543
103000136,517,825,-308
103000137,545,925,-380
103000138,838,1023,-185
103000139,0,113,-113
103000140,238,29,209
103000141,54,279,-225
103000142,109,145,-36
103000143,89,236,-147
103000144,210,155,55
103000145,60,397,-337
103000150,90,42,48
103000152,236,313,-77
103000153,301,288,13
103000156,24,115,-91
103000157,708,2,706
103000159,257,90,167
103000162,55,4,51
103000163,5,23,-18
103000164,5,3,2
103000165,90,154,-64
103000166,383,809,-426
103000167,285,238,47
103000168,237,183,54
103000169,191,752,-561
103000170,1655,225,1430
103000171,43,140,-97
103000172,1605,390,1215
103000173,1428,187,1241
103000174,522,238,284
103000175,373,136,237
103000176,1009,1054,-45
103000177,316,531,-215
103000178,118,389,-271
103000179,220,64,156
103000183,314,14,300
103000185,321,46,275
103000186,283,88,195
103000187,1630,159,1471
103000188,62,189,-127
103000189,1005,817,188
103000191,640,762,-122
103000292,521,2636,-2115
103000293,954,4998,-4044
103000295,102,158,-56
103000296,155,3,152
103000297,17,136,-119
103000504,133,16,117
103000505,5,70,-65
103000506,5,113,-108
103000507,305,4,301
103000508,64,121,-57
103000509,336,419,-83
103900001,2,34,-32
103900002,859,149,710
103900003,1209,248,961
103900004,222,0,222
103900005,1,59,-58
103900006,7,2,5
103900007,86,5,81
103900008,40,2,38
103900009,627,318,309
103900010,312,162,150
103900011,820,77,743
103900012,17,56,-39
103900013,103,42,61
103900014,138,31,107
103900015,199,18,181
103900016,248,115,133
103900017,98,63,35
103900018,340,131,209
103900019,61,464,-403
103900020,411,735,-324
103900021,80,30,50
103900022,708,489,219
103900023,331,1,330
103900024,128,398,-270
103900025,6,29,-23
103900026,6,0,6
103900027,518,227,291
103900028,81,449,-368
103900029,1329,104,1225
103900030,599,218,381
103900031,101,18,83
103900032,111,108,3
103900033,129,29,100
103900034,81,33,48
103900035,93,56,37
103900036,70,51,19
103900037,262,113,149
103900038,104,247,-143
103900039,223,84,139
103900040,31,103,-72
103900041,123,48,75
103900042,227,77,150
103900043,426,29,397
103900044,104,1089,-985
103900045,470,158,312
103900047,160,12,148
103900048,7,84,-77
103900049,136,1809,-1673
103900050,30,251,-221
103900051,0,83,-83
103900052,288,436,-148
103900053,396,220,176
103900054,260,159,101
103900055,616,283,333
103900056,86,25,61
103900057,218,74,144
103900058,545,172,373
103900059,0,45,-45
103900060,97,92,5
103900061,378,7,371
103900062,1106,325,781
103900063,8,1,7
103900064,347,8,339
103900065,330,386,-56
103900066,485,159,326
103900067,397,13,384
103900068,64,43,21
103900069,180,16,164
103900070,200,180,20
103900071,25,59,-34
103900072,41,57,-16
103900073,52,88,-36
103900074,195,32,163
103900075,232,46,186
103900076,1089,220,869
103900077,57,418,-361
103900078,464,78,386
103900079,248,308,-60
103900080,4,26,-22
103900081,46,88,-42
103900082,64,189,-125
103900083,1557,2592,-1035
103900084,155,400,-245
103900085,60,162,-102
103900086,1767,472,1295
103900087,30,122,-92
103900088,401,657,-256
103900089,74,103,-29
103900090,41,102,-61
103900091,697,180,517
103900092,917,850,67
103900093,109,353,-244
103900094,38,75,-37
103900095,298,237,61
103900096,205,108,97
103900097,18,280,-262
103900098,507,160,347
103900099,357,48,309
103900100,585,118,467
103900101,98,811,-713
103900102,2,34,-32
103900104,3,36,-33
103900105,20,96,-76
103900106,0,60,-60
103900107,338,58,280
103900108,53,109,-56
103900109,249,11,238
103900110,568,35,533
103900111,314,236,78
103900112,73,157,-84
103900113,92,263,-171
103900114,760,257,503
103900115,186,268,-82
103900116,1517,2535,-1018
103900117,56,35,21
103900119,23,149,-126
103900120,58,42,16
103900122,407,49,358
103900123,433,919,-486
103900124,35,13,22
103900125,187,56,131
103900126,946,139,807
103900127,224,247,-23
103900128,277,48,229
103900131,42,58,-16
103900133,1438,22,1416
103900134,0,18,-18
103900135,9,5,4
103900137,2,12,-10
103900138,445,46,399
103900139,190,5043,-4853
103900140,17,489,-472
103900141,209,66,143
103900142,618,84,534
103900143,230,4,226
103900144,0,7,-7
103900145,198,251,-53
103900146,314,116,198
103900147,664,134,530
103900148,638,137,501
103900149,490,237,253
103900150,5098,8051,-2953
103900151,16,211,-195
103900152,1631,245,1386
103900153,10,32,-22
103900154,283,3015,-2732
103900155,91,72,19
103900156,134,51,83
103900157,123,69,54
103900158,353,77,276
103900159,444,37,407
103900160,60,38,22
103900161,74,213,-139
103900162,53,56,-3
103900163,14,392,-378
103900164,302,24,278
103900167,14,266,-252
103900168,206,62,144
103900169,32,134,-102
103900170,2,101,-99
103900171,15,49,-34
103900172,6,18,-12
103900173,33,30,3
103900174,684,53,631
103900175,37,209,-172
103900176,12,32,-20
103900177,37,11,26
103900178,88,17,71
103900179,88,24,64
103900180,14,29,-15
103900181,22,70,-48
103900182,22,41,-19
103900184,237,149,88
103900185,73,1017,-944
103900187,39,117,-78
103900188,108,58,50
103900189,113,11,102
103900190,153,71,82
103900191,56,132,-76
103900192,92,148,-56
103900193,44,220,-176
103900194,137,135,2
103900195,1,231,-230
103900196,49,55,-6
103900197,15,40,-25
103900198,24,23,1
103900199,181,83,98
103900200,316,68,248
103900201,130,136,-6
103900202,14,58,-44
103900203,51,77,-26
103900204,0,41,-41
103900207,0,24,-24
103900208,291,2,289
103900209,7,74,-67
103900210,61,63,-2
103900211,1164,299,865
103900212,325,141,184
103900213,46,327,-281
103900214,331,415,-84
103900215,126,454,-328
103900216,36,277,-241
103900217,283,81,202
103900218,0,528,-528
103900219,340,169,171
103900233,553,91,462
103900235,46,477,-431
103900236,5,4,1
103900242,3,1,2
103900243,1,2,-1
103900244,186,88,98
103900245,170,96,74
103900246,22,90,-68
103900247,18,56,-38
103900248,1,85,-84
103900249,13,108,-95
103900250,53,66,-13
103900251,2,69,-67
103900253,25,62,-37
103900254,4,36,-32
103900255,2,28,-26
103900256,12,39,-27
103900257,119,235,-116
103900258,57,19,38
103900259,17,11,6
103900261,40,4,36
103900262,30,3,27
103900263,84,130,-46
103900264,66,14,52
103900265,15,2,13
103900266,3,158,-155
103900267,3,25,-22
104000001,4103,2726,1377
104000002,2551,2171,380
104000003,3214,2939,275
104000004,2807,2898,-91
104000005,2798,2983,-185
104000006,4197,2764,1433
104000007,5379,4124,1255
104000008,228,205,23
104000009,443,164,279
104000010,218,672,-454
104000011,277,212,65
104000012,191,262,-71
104000013,633,602,31
104000014,295,339,-44
104000015,676,228,448
104000016,401,212,189
104000018,1197,308,889
104000019,817,439,378
104000020,85,335,-250
104000021,399,335,64
104000022,242,354,-112
104000023,1421,468,953
104000024,288,288,0
104000026,131,243,-112
104000027,402,207,195
104000028,486,323,163
104000029,341,193,148
104000030,548,358,190
104000031,2028,447,1581
104000032,255,161,94
104000033,1216,666,550
104000034,403,189,214
104000035,1681,453,1228
104000036,1977,381,1596
104000037,251,167,84
104000038,599,381,218
104000039,256,139,117
104000040,115,536,-421
104000041,805,410,395
104000042,191,243,-52
104000043,247,248,-1
104000044,308,306,2
104000045,969,716,253
104000046,771,1015,-244
104000047,682,835,-153
104000048,1035,850,185
104000049,1025,343,682
104000050,167,1038,-871
104000051,266,703,-437
104000052,3103,2422,681
104000053,1435,561,874
104000054,764,217,547
104000055,3541,2635,906
104000056,743,209,534
104000057,392,320,72
104000058,1446,896,550
104000059,980,909,71
104000060,1763,2023,-260
104000061,1422,914,508
104000062,559,135,424
104000064,767,392,375
104000065,306,901,-595
104000069,566,1880,-1314
104000070,106,686,-580
104000071,154,399,-245
104000072,713,194,519
104000075,274,272,2
104000076,646,82,564
104000082,2905,5113,-2208
104000083,667,237,430
104000084,103,457,-354
104000085,625,497,128
104000086,329,528,-199
104000087,373,2585,-2212
104000090,1779,802,977
104000092,2411,1083,1328
104000094,1235,777,458
104000095,3999,1605,2394
104000096,3201,70,3131
104000097,3727,524,3203
104000098,5343,649,4694
104000100,3407,910,2497
104000101,1903,1495,408
104000106,65,877,-812
104000107,804,233,571
104000108,354,356,-2
104000109,495,257,238
104000110,843,1409,-566
104000111,2890,4548,-1658
104000112,674,508,166
104000116,3,531,-528
104000117,292,400,-108
104000118,1668,132,1536
104000119,1434,369,1065
104000120,367,346,21
104000121,472,717,-245
104000122,1394,1002,392
104000123,1059,602,457
104000124,458,1434,-976
104000125,2902,6779,-3877
104000126,804,806,-2
104000127,1483,1539,-56
104000128,757,252,505
104000129,59,2,57
104000130,1,490,-489
104000131,291,289,2
104000132,318,493,-175
104000133,1744,931,813
104000134,1363,2075,-712
104000135,717,1915,-1198
104000136,1117,4008,-2891
104000137,2990,407,2583
104000138,1381,497,884
104000139,3083,3268,-185
104000141,889,828,61
104000142,737,426,311
104000143,881,350,531
104000144,203,201,2
104000145,439,221,218
104000146,213,510,-297
104000147,140,378,-238
104000148,621,248,373
104000149,166,119,47
104000150,1576,790,786
104000151,374,256,118
104000152,682,418,264
104000153,1225,981,244
104000154,705,386,319
104000155,587,958,-371
104000157,1685,1038,647
104000158,204,671,-467
104000159,933,737,196
104000160,2001,2987,-986
104000161,318,191,127
104000162,179,167,12
104000165,591,834,-243
104000167,959,1901,-942
104000168,1119,16,1103
104000169,265,53,212
104000170,212,532,-320
104000248,470,499,-29
104000251,135,115,20
104000272,0,0,0
104000273,0,0,0
104000274,0,0,0
104000275,0,0,0
104000279,705,469,236
104000290,104,353,-249
104000291,555,1211,-656
104000293,1639,1329,310
104000294,254,1,253
104000295,1014,804,210
104000296,708,663,45
104000297,1134,2074,-940
104000298,2259,980,1279
104000299,928,1215,-287
104900001,128,261,-133
104900002,177,346,-169
104900003,97,222,-125
104900004,119,125,-6
104900005,666,455,211
104900006,827,175,652
104900007,568,211,357
104900009,138,153,-15
104900010,115,46,69
104900011,23,57,-34
104900012,298,91,207
104900013,101,15,86
104900014,1930,390,1540
104900015,178,7,171
104900016,360,160,200
104900017,206,182,24
104900018,27,121,-94
104900019,234,8535,-8301
104900020,36,283,-247
104900021,0,38,-38
104900022,6,297,-291
104900023,0,29,-29
104900024,35,317,-282
104900025,74,164,-90
104900026,1,72,-71
104900027,1002,555,447
104900028,43,158,-115
104900029,9,25,-16
104900030,913,216,697
104900031,56,354,-298
104900032,100,59,41
104900033,341,241,100
104900034,672,192,480
104900035,779,285,494
104900036,570,43,527
104900037,260,264,-4
104900038,132,1773,-1641
104900039,418,742,-324
104900040,976,49,927
104900041,661,191,470
104900042,298,436,-138
104900043,27,373,-346
104900044,1474,114,1360
104900045,529,58,471
104900046,891,120,771
104900047,781,112,669
104900048,693,90,603
104900049,79,53,26
104900050,673,61,612
104900051,513,54,459
104900052,258,11,247
104900053,736,87,649
104900054,302,35,267
104900055,363,0,363
104900056,321,29,292
104900057,52,2,50
104900058,507,1338,-831
104900059,186,31,155
104900060,1,477,-476
104900061,161,295,-134
104900063,0,352,-352
104900064,1,268,-267
104900065,3,353,-350
104900066,5,141,-136
104900067,15,317,-302
104900068,64,134,-70
104900070,130,280,-150
104900071,1,537,-536
104900072,70,207,-137
104900073,182,83,99
104900074,131,132,-1
104900075,151,27,124
104900076,173,185,-12
104900077,591,380,211
104900078,402,234,168
104900079,183,1124,-941
104900080,189,293,-104
104900082,19,302,-283
104900085,31,93,-62
104900087,414,7,407
104900089,601,1,600
104900090,2065,1148,917
104900091,626,653,-27
104900093,200,243,-43
104900097,1437,4429,-2992
104900098,602,59,543
104900099,130,1317,-1187
104900100,328,223,105
104900102,78,77,1
104900103,450,72,378
104900104,1875,3021,-1146
104900106,336,177,159
104900107,183,177,6
104900108,141,203,-62
104900109,114,213,-99
104900110,25,32,-7
104900111,898,148,750
104900112,592,275,317
104900113,1162,281,881
104900114,896,372,524
104900115,1314,179,1135
104900116,800,132,668
104900118,37,41,-4
104900119,0,63,-63
104900120,12,875,-863
104900121,0,27,-27
104900122,0,34,-34
104900123,116,26,90
104900124,112,3,109
104900125,485,7,478
104900126,27,32,-5
104900127,14,98,-84
104900128,93,62,31
104900129,1269,4122,-2853
105000001,3866,1553,2313
105000002,3535,2169,1366
105000003,3433,5311,-1878
105000004,1072,807,265
105000005,2075,1593,482
105000006,2046,2447,-401
105000007,2365,3111,-746
105000008,1254,5999,-4745
105000009,3899,4771,-872
105000010,2597,1187,1410
105000011,5042,4142,900
105000012,2688,1993,695
105000013,1782,1630,152
105000014,3868,5554,-1686
105000015,11260,18998,-7738
105000016,1139,1395,-256
105000017,1504,909,595
105000018,978,2495,-1517
105000019,1045,1501,-456
105000020,108,732,-624
105000021,239,213,26
105000022,214,303,-89
105000023,858,225,633
105000028,44,55,-11
105000029,681,2193,-1512
105000030,3286,2176,1110
105000033,1124,1340,-216
105000034,133,1635,-1502
105000037,748,306,442
105000038,1581,2007,-426
105000039,1423,1205,218
105000040,1187,2137,-950
105000041,415,1127,-712
105000042,2846,2162,684
105000043,917,1878,-961
105000044,1754,634,1120
105000045,526,484,42
105000046,1813,408,1405
105000047,844,422,422
105000048,1282,300,982
105000049,260,502,-242
105000050,1034,647,387
105000051,125,301,-176
105000052,894,1295,-401
105000053,104,108,-4
105000054,627,1198,-571
105000055,1045,565,480
105000056,2334,1903,431
105000057,1553,911,642
105000058,1359,1007,352
105000059,1193,754,439
105000060,640,490,150
105000061,1638,670,968
105000062,753,477,276
105000063,404,327,77
105000064,3190,945,2245
105000065,489,382,107
105000066,1141,1175,-34
105000067,2399,1320,1079
105000068,335,794,-459
105000069,1664,3507,-1843
105000070,566,1715,-1149
105000071,274,2207,-1933
105000072,1203,5263,-4060
105000073,1460,989,471
105000074,643,518,125
105000075,691,477,214
105000076,1082,888,194
105000077,2297,1115,1182
105000078,1113,1759,-646
105000079,1067,2949,-1882
105000080,2402,2216,186
105000081,1530,1366,164
105000082,905,2424,-1519
105000083,2582,4693,-2111
105000084,597,716,-119
105000085,3102,3188,-86
105000086,906,1045,-139
105000087,1659,1902,-243
105000088,1906,2652,-746
105000089,2148,1621,527
105000090,673,496,177
105000091,949,1257,-308
105000092,705,1230,-525
105000093,491,595,-104
105000094,299,268,31
105000095,158,705,-547
105000096,1532,2317,-785
105000097,662,808,-146
105000098,1552,1362,190
105000099,770,1061,-291
105000100,2763,1275,1488
105000101,2789,1731,1058
105000102,2284,1805,479
105000103,1612,2797,-1185
105000104,2903,1285,1618
105000105,1545,1994,-449
105000106,2235,1572,663
105000107,2731,1155,1576
105000108,3151,1541,1610
105000109,3281,1390,1891
105000110,1455,562,893
105000111,1939,525,1414
105000112,1300,756,544
105000113,546,976,-430
105000114,2043,1774,269
105000115,340,1903,-1563
105000116,1613,910,703
105000117,766,516,250
105000118,1457,682,775
105000119,897,792,105
105000120,2410,1041,1369
105000121,1157,973,184
105000122,532,863,-331
105000123,804,747,57
105000124,3033,757,2276
105000125,1171,1158,13
105000126,3129,1529,1600
105000127,3637,1766,1871
105000128,1006,1329,-323
105000129,1510,381,1129
105000130,297,4640,-4343
105000131,785,249,536
105000132,1721,1069,652
105000133,686,913,-227
105000134,2004,762,1242
105000135,375,470,-95
105000136,86,36,50
105000137,687,233,454
105000138,72,48,24
105000139,1178,546,632
105000140,538,420,118
105000141,511,342,169
105000142,341,331,10
105000143,222,491,-269
105000144,403,529,-126
105000145,994,199,795
105000146,366,693,-327
105000147,871,389,482
105000148,1047,828,219
105000149,3645,3468,177
105000150,1461,1143,318
105000151,859,610,249
105000152,281,490,-209
105000153,929,769,160
105000154,837,560,277
105000155,369,1051,-682
105000156,424,724,-300
105000157,863,1620,-757
105000158,2684,1076,1608
105000159,415,1161,-746
105000160,4430,998,3432
105000161,836,1350,-514
105000162,1110,3442,-2332
105000163,1361,1243,118
105000164,190,575,-385
105000165,825,10733,-9908
105000166,5408,2060,3348
105000167,1441,3981,-2540
105000168,696,359,337
105000169,1280,178,1102
105000170,418,1364,-946
105000171,1795,269,1526
105000172,319,24,295
105000173,482,44,438
105000174,164,41,123
105000175,109,79,30
105000176,936,116,820
105000177,694,337,357
105000178,426,348,78
105000179,1604,118,1486
105000180,418,111,307
105000181,340,187,153
105000182,86,40,46
105000183,2311,3041,-730
105000184,649,1110,-461
105000185,815,1446,-631
105000186,520,606,-86
105000187,928,354,574
105000188,209,337,-128
105000189,108,629,-521
105000190,345,309,36
105000191,373,347,26
105000192,645,57,588
105000193,120,128,-8
105000194,799,127,672
105000195,424,1059,-635
105000196,110,313,-203
105000197,266,734,-468
105000198,302,270,32
105000199,76,539,-463
105000200,174,527,-353
105000201,120,87,33
105000203,22,80,-58
105000204,109,69,40
105000205,70,143,-73
105000207,297,108,189
105000208,221,832,-611
105000209,169,205,-36
105000212,1636,587,1049
105000213,78,261,-183
105000214,153,204,-51
105000215,509,178,331
105000216,268,90,178
105000217,333,190,143
105000218,2825,1398,1427
105000221,201,306,-105
105000222,438,182,256
105000223,360,185,175
105000226,162,162,0
105000227,80,124,-44
105000228,113,2864,-2751
105000229,253,860,-607
105000231,662,460,202
105000233,1176,981,195
105000234,506,912,-406
105000235,624,703,-79
105000237,1769,147,1622
105000243,91,113,-22
105000248,50,129,-79
105000262,696,578,118
105000269,224,205,19
105000270,818,35,783
105000271,0,185,-185
105000282,57,108,-51
105000287,370,124,246
105000288,1023,556,467
105000289,692,2469,-1777
105000290,18,12,6
105000402,2629,5508,-2879
105000426,243,656,-413
105000438,1275,1444,-169
105000446,8062,5072,2990
105000447,2859,1604,1255
105000454,1190,132,1058
105000455,228,154,74
105000474,202,2,200
105000477,1023,704,319
105000478,3610,8343,-4733
105000479,191,221,-30
105000480,6274,9901,-3627
105000481,5927,6803,-876
105000482,2663,4112,-1449
105000483,2421,4840,-2419
105000484,1493,2311,-818
105000485,1396,4358,-2962
105000486,1723,2706,-983
105000488,3989,2456,1533
105000489,1603,918,685
105000549,69,214,-145
105000550,328,1439,-1111
105000551,45,90,-45
105000552,2104,1380,724
105900001,6,2256,-2250
105900002,760,1357,-597
105900003,21,141,-120
105900004,236,95,141
105900005,12,206,-194
105900006,15,195,-180
105900007,98,70,28
105900008,112,286,-174
105900009,56,32,24
105900011,194,38,156
105900012,753,100,653
105900013,15,59,-44
105900014,29,112,-83
105900015,145,470,-325
105900016,966,435,531
105900017,2218,52,2166
105900018,208,176,32
105900019,93,272,-179
105900020,43,83,-40
105900021,35,524,-489
105900022,380,210,170
105900023,18,199,-181
105900024,6,480,-474
105900025,391,16,375
105900026,251,11,240
105900027,15517,6247,9270
105900028,263,453,-190
105900029,2920,505,2415
105900030,275,310,-35
105900031,359,216,143
105900032,193,120,73
105900033,108,99,9
105900034,441,166,275
105900035,421,152,269
105900036,201,112,89
105900037,122,23,99
105900038,288,233,55
105900039,228,64,164
105900040,116,74,42
105900041,273,175,98
105900042,150,134,16
105900043,1113,42,1071
105900044,10,363,-353
105900045,7,1596,-1589
105900046,3,340,-337
105900047,12,80,-68
105900048,142,335,-193
105900050,3648,9828,-6180
105900051,107,1082,-975
105900052,957,222,735
105900053,2385,4603,-2218
105900054,249,252,-3
105900056,581,655,-74
105900057,30,157,-127
105900058,44,11,33
105900059,1,160,-159
106000001,2302,2849,-547
106000002,857,3784,-2927
106000003,3370,4783,-1413
106000004,1406,2049,-643
106000005,5351,5008,343
106000006,4844,1839,3005
106000007,649,468,181
106000008,441,331,110
106000009,581,323,258
106000010,624,660,-36
106000011,2584,1373,1211
106000012,1221,1112,109
106000013,2599,2153,446
106000014,2395,1309,1086
106000015,3278,1471,1807
106000016,1632,1540,92
106000017,784,832,-48
106000018,765,552,213
106000019,643,570,73
106000020,519,277,242
106000021,398,533,-135
106000022,521,196,325
106000023,999,493,506
106000024,687,410,277
106000025,182,303,-121
106000026,98,106,-8
106000027,2567,2026,541
106000028,846,206,640
106000029,697,658,39
106000030,228,620,-392
106000034,138,296,-158
106000035,1016,2249,-1233
106000036,183,390,-207
106000037,1354,1305,49
106000038,65,184,-119
106000039,50,154,-104
106000040,131,914,-783
106000041,833,581,252
106000043,544,315,229
106000046,437,95,342
106000047,37,672,-635
106000049,1596,324,1272
106000050,232,341,-109
106000051,1254,820,434
106000052,142,279,-137
106000053,830,192,638
106000054,329,223,106
106000055,1231,672,559
106000056,340,239,101
106000057,751,287,464
106000058,217,162,55
106000059,527,424,103
106000060,262,368,-106
106000061,227,868,-641
106000062,239,299,-60
106000063,1302,928,374
106000064,49,257,-208
106000065,655,249,406
106000066,107,224,-117
106000067,734,96,638
106000068,81,411,-330
106000069,454,72,382
106000070,484,527,-43
106000071,1075,281,794
106000072,3149,1830,1319
106000073,1407,5011,-3604
106000074,869,833,36
106000075,512,1275,-763
106000076,1775,1518,257
106000077,2673,903,1770
106000078,1787,561,1226
106000079,1153,579,574
106000080,1623,465,1158
106000081,1175,824,351
106000082,1937,591,1346
106000083,551,1265,-714
106000084,1061,536,525
106000085,1852,1555,297
106000086,616,816,-200
106000087,1173,491,682
106000088,435,765,-330
106000089,1545,265,1280
106000090,464,647,-183
106000091,247,346,-99
106000092,1362,292,1070
106000093,429,169,260
106000094,116,167,-51
106000095,1509,633,876
106000096,1476,544,932
106000097,1786,642,1144
106000098,1494,560,934
106000099,263,552,-289
106000100,1630,196,1434
106000101,978,344,634
106000102,131,713,-582
106000103,333,542,-209
106000104,1177,318,859
106000105,522,611,-89
106000106,1038,276,762
106000107,208,164,44
106000108,546,154,392
106000109,252,139,113
106000110,480,166,314
106000111,269,133,136
106000112,451,828,-377
106000113,563,439,124
106000114,546,936,-390
106000115,268,331,-63
106000116,495,226,269
106000117,1095,476,619
106000118,1823,1555,268
106000119,1096,604,492
106000120,1362,2005,-643
106000121,424,213,211
106000122,253,125,128
106000123,1087,107,980
106000124,194,121,73
106000125,77,127,-50
106000126,615,68,547
106000127,1666,602,1064
106000128,1253,124,1129
106000129,862,368,494
106000130,1276,330,946
106000131,88,825,-737
106000132,542,223,319
106000133,1807,1894,-87
106000134,540,3843,-3303
106000135,88,688,-600
106000136,953,1695,-742
106000137,113,755,-642
106000138,2889,126,2763
106000139,45,82,-37
106000140,37,37,0
106000141,260,29,231
106000142,195,44,151
106000143,21,36,-15
106000144,67,95,-28
106000145,647,128,519
106000146,660,163,497
106000147,418,315,103
106000148,434,469,-35
106000149,1001,336,665
106000150,793,2323,-1530
106000151,3478,769,2709
106000152,1043,3033,-1990
106000153,71,2145,-2074
106000154,1179,152,1027
106000155,174,322,-148
106000156,2274,154,2120
106000157,932,1811,-879
106000158,1756,866,890
106000159,2466,2690,-224
106000160,857,5569,-4712
106000161,1003,223,780
106000162,523,1884,-1361
106000163,569,184,385
106000164,1089,263,826
106000165,428,334,94
106000166,1714,304,1410
106000167,586,799,-213
106000168,1022,225,797
106000169,501,346,155
106000170,1569,297,1272
106000171,279,994,-715
106000172,3559,1429,2130
106000173,1067,2692,-1625
106000174,1791,426,1365
106000175,268,670,-402
106000176,3057,1055,2002
106000177,1113,1948,-835
106000178,3443,1683,1760
106000179,721,1443,-722
106000180,933,818,115
106000181,1705,1590,115
106000182,2485,648,1837
106000183,2672,500,2172
106000184,2408,709,1699
106000185,1750,1545,205
106000186,677,88,589
106000187,124,1239,-1115
106000188,1,8,-7
106000189,19,42,-23
106000190,46,4,42
106000191,680,138,542
106000192,0,21,-21
106000193,480,239,241
106000194,161,472,-311
106000195,509,397,112
106000196,142,976,-834
106000197,940,460,480
106000198,242,205,37
106000199,958,1244,-286
106000200,344,288,56
106000201,543,5862,-5319
106000202,2653,574,2079
106000203,76,127,-51
106000204,162,8,154
106000205,17,107,-90
106000206,130,35,95
106000207,21,293,-272
106000208,2349,273,2076
106000209,2709,746,1963
106000210,328,723,-395
106000211,200,1084,-884
106000212,1381,630,751
106000213,208,1024,-816
106000214,1377,490,887
106000215,468,430,38
106000216,618,387,231
106000217,267,460,-193
106000218,457,304,153
106000219,156,271,-115
106000220,680,173,507
106000221,462,114,348
106000222,148,30,118
106000223,655,156,499
106000224,322,66,256
106000225,135,227,-92
106000226,132,136,-4
106000228,126,122,4
106000229,90,418,-328
106000231,1531,134,1397
106000232,87,238,-151
106000233,768,80,688
106000234,120,398,-278
106000235,452,245,207
106000236,60,221,-161
106000237,0,30,-30
106000238,4,52,-48
106000239,2,126,-124
106000240,55,4,51
106000241,15,513,-498
106000242,212,40,172
106000249,114,41,73
106000250,117,781,-664
106000251,163,9,154
106000252,14,99,-85
106000253,116,86,30
106000254,116,58,58
106000255,59,249,-190
106000256,67,27,40
106000257,230,231,-1
106000258,146,89,57
106000259,1,98,-97
106000260,31,13,18
106000261,1,61,-60
106000262,87,11,76
106000263,23,33,-10
106000264,214,24,190
106000265,16,137,-121
106000266,143,26,117
106000267,13,111,-98
106000268,340,58,282
106000269,39,50,-11
106000270,92,294,-202
106000271,94,133,-39
106000272,143,56,87
106000273,37,178,-141
106000274,181,35,146
106000275,291,207,84
106000276,137,26,111
106000277,111,241,-130
106000278,132,37,95
106000279,19,20,-1
106000280,174,22,152
106000281,122,37,85
106000282,128,64,64
106000283,220,34,186
106000284,221,79,142
106000285,168,88,80
106000286,139,162,-23
106000287,112,67,45
106000288,143,145,-2
106000289,139,56,83
106000290,73,95,-22
106000291,105,113,-8
106000292,63,81,-18
106000293,156,119,37
106000294,122,117,5
106000295,64,71,-7
106000296,45,49,-4
106000297,47,285,-238
106000298,107,99,8
106000299,82,118,-36
106000300,66,107,-41
106000301,56,100,-44
106000303,24,73,-49
106000304,46,17,29
106000305,92,46,46
106000306,86,35,51
106000307,131,38,93
106000308,42,139,-97
106000309,27,103,-76
106000310,519,287,232
106000311,479,175,304
106000312,164,83,81
106000313,419,139,280
106000318,36,502,-466
106000319,1996,381,1615
106000320,1,87,-86
106000321,163,246,-83
106000322,427,45,382
106000324,39,74,-35
106000325,2740,1221,1519
106000326,1140,1430,-290
106000327,343,79,264
106000328,41,132,-91
106000329,132,371,-239
106000330,89,100,-11
106000428,91,215,-124
106000429,176,208,-32
106000430,396,856,-460
106000431,2829,419,2410
106000432,997,2323,-1326
106000433,2723,1497,1226
106000434,4135,1610,2525
106000435,1149,2404,-1255
106000436,37,193,-156
106000437,567,133,434
106000438,276,381,-105
106000439,124,570,-446
106000440,217,513,-296
106000441,4,3,1
106000442,325,28,297
106000443,430,150,280
106000450,3,69,-66
106000451,10,158,-148
106000454,0,136,-136
106000455,16,134,-118
106000456,87,30,57
106000457,56,371,-315
106000458,1724,74,1650
106000459,452,96,356
106000460,2770,28,2742
106000461,284,329,-45
106000462,0,88,-88
106000463,1,1,0
106000464,23,152,-129
106000465,1402,5,1397
106000466,2,241,-239
106000467,171,246,-75
106000468,154,155,-1
106000469,95,0,95
106000470,219,2581,-2362
106000471,6,382,-376
106000472,228,24,204
106000473,41,5,36
106000474,275,344,-69
106000475,476,239,237
106000476,203,222,-19
106000477,28,18,10
106900001,0,46,-46
106900002,1,180,-179
106900003,180,1218,-1038
106900004,0,11,-11
106900006,0,4,-4
106900007,0,15,-15
106900008,983,92,891
106900009,614,219,395
106900010,344,243,101
106900012,1198,3966,-2768
106900013,842,232,610
106900014,80,14,66
106900015,15,8,7
106900016,496,24,472
106900017,28,4,24
106900018,4,0,4
106900019,242,0,242
106900020,1878,3033,-1155
106900021,181,63,118
106900022,1637,4,1633
106900023,34,128,-94
106900024,1004,62,942
106900025,51,670,-619
106900026,2,204,-202
106900027,1518,3,1515
107000001,3131,7820,-4689
107000002,1618,2798,-1180
107000003,11093,8588,2505
107000004,4315,2306,2009
107000005,10857,8446,2411
107000006,3535,1875,1660
107000007,7950,11684,-3734
107000008,5400,3866,1534
107000009,13373,10963,2410
107000010,6948,5286,1662
107000011,685,773,-88
107000012,2369,2146,223
107000013,149,48,101
107000014,126,101,25
107000015,517,327,190
107000016,1164,456,708
107000017,933,4487,-3554
107000018,13,4196,-4183
107000020,895,4644,-3749
107000021,1487,423,1064
107000022,1162,2656,-1494
107000023,2246,185,2061
107000024,927,1787,-860
107000025,265,368,-103
107000026,447,525,-78
107000027,2229,1000,1229
107000028,1801,638,1163
107000029,5558,4087,1471
107000030,2456,1636,820
107000031,7311,3555,3756
107000032,358,711,-353
107000033,3017,4276,-1259
107000034,6286,1321,4965
107000035,565,272,293
107000036,881,1672,-791
107000037,151,1129,-978
107000038,292,203,89
107000039,1205,1078,127
107000040,390,299,91
107000041,1701,1201,500
107000042,685,2399,-1714
107000043,2079,1214,865
107000044,400,424,-24
107000045,111,441,-330
107000046,1272,495,777
107000047,533,741,-208
107000048,796,374,422
107000049,580,728,-148
107000050,1170,578,592
107000051,202,290,-88
107000052,1248,1320,-72
107000053,452,393,59
107000054,41,160,-119
107000055,192,138,54
107000056,507,471,36
107000057,1100,143,957
107000058,2442,3350,-908
107000059,2330,2754,-424
107000060,7369,6667,702
107000061,4639,2497,2142
107000062,8938,3828,5110
107000063,4763,2942,1821
107000064,7560,4211,3349
107000065,3222,2948,274
107000066,2363,4277,-1914
107000067,1942,1905,37
107000068,1184,1522,-338
107000069,1560,924,636
107000070,1501,20,1481
107000071,6098,95,6003
107000072,25,1219,-1194
107000073,1419,872,547
107000074,104,620,-516
107000075,3089,771,2318
107000076,400,893,-493
107000077,5030,1485,3545
107000078,1087,1791,-704
107000079,4371,1518,2853
107000080,711,1911,-1200
107000081,4150,684,3466
107000082,762,693,69
107000083,2432,1053,1379
107000084,389,1051,-662
107000085,3768,3951,-183
107000086,3302,2967,335
107000087,4541,3311,1230
107000088,3169,3388,-219
107000089,2893,2947,-54
107000090,1820,988,832
107000091,2369,1339,1030
107000092,1399,892,507
107000093,2200,1313,887
107000094,1096,884,212
107000095,1414,667,747
107000096,532,471,61
107000097,548,334,214
107000098,239,369,-130
107000099,536,614,-78
107000100,304,278,26
107000101,227,276,-49
107000102,243,283,-40
107000103,352,302,50
107000104,178,257,-79
107000105,610,189,421
107000106,166,124,42
107000107,854,139,715
107000108,123,292,-169
107000109,1161,143,1018
107000110,88,127,-39
107000111,742,66,676
107000112,46,99,-53
107000113,1079,104,975
107000114,114,240,-126
107000115,1044,395,649
107000116,133,468,-335
107000117,239,1702,-1463
107000118,112,106,6
107000119,1542,2011,-469
107000120,639,715,-76
107000121,1426,674,752
107000122,1073,561,512
107000123,812,414,398
107000124,946,505,441
107000125,1267,424,843
107000126,1018,248,770
107000127,16,246,-230
107000129,193,88,105
107000130,445,302,143
107000131,440,277,163
107000132,854,406,448
107000133,459,265,194
107000134,408,1,407
107000135,5,535,-530
107000136,807,6,801
107000137,7,847,-840
107000138,232,45,187
107000139,10,1197,-1187
107000140,2536,149,2387
107000141,134,1229,-1095
107000142,901,142,759
107000143,85,761,-676
107000144,884,929,-45
107000145,159,409,-250
107000146,210,436,-226
107000147,5012,850,4162
107000150,549,5484,-4935
107000151,34,110,-76
107000152,1036,2880,-1844
107000153,65,292,-227
107000154,20,586,-566
107000155,1609,20,1589
107000156,2283,20,2263
107000157,78,593,-515
107000158,841,17,824
107000159,26,404,-378
107000160,2499,305,2194
107000161,153,457,-304
107000162,355,1007,-652
107000163,318,6,312
107000164,1510,9,1501
107000165,2238,47,2191
107000166,69,330,-261
107000167,1374,343,1031
107000168,1313,650,663
107000169,359,436,-77
107000170,5337,908,4429
107000171,904,781,123
107000172,2316,2460,-144
107000173,519,523,-4
107000174,1588,9070,-7482
107000175,3616,960,2656
107000176,8,0,8
107000177,11,0,11
107000178,73,5,68
107000179,447,1005,-558
107000180,2879,217,2662
107000181,698,684,14
107000182,3138,581,2557
107000183,234,533,-299
107000184,2161,548,1613
107000185,447,1073,-626
107000186,2127,399,1728
107000187,1534,1346,188
107000188,917,469,448
107000189,1016,825,191
107000190,1098,643,455
107000191,1388,963,425
107000192,2498,604,1894
107000193,630,717,-87
107000194,888,577,311
107000197,1487,349,1138
107000198,490,481,9
107000199,1629,824,805
107000200,1011,894,117
107000201,519,720,-201
107000202,617,554,63
107000203,888,2347,-1459
107000204,856,2475,-1619
107000205,1351,862,489
107000206,593,2055,-1462
107000207,740,1890,-1150
107000208,847,742,105
107000209,1085,1747,-662
107000210,102,298,-196
107000211,2,83,-81
107000212,7,214,-207
107000213,3,73,-70
107000214,3,123,-120
107000215,674,243,431
107000216,838,682,156
107000217,279,307,-28
107000219,113,403,-290
107000220,317,152,165
107000222,302,411,-109
107000224,1096,122,974
107000225,148,285,-137
107000226,1007,173,834
107000227,130,102,28
107000228,270,522,-252
107000229,112,136,-24
107000230,1499,581,918
107000231,505,2672,-2167
107000232,148,22,126
107000233,229,1776,-1547
107000234,16,99,-83
107000235,147,19,128
107000236,9,537,-528
107000237,91,0,91
107000238,46,3,43
107000239,3097,777,2320
107000240,181,367,-186
107000241,75,9,66
107000242,305,37,268
107000243,0,56,-56
107000244,8,70,-62
107000246,2,843,-841
107000249,5,890,-885
107000251,0,156,-156
107000252,1,506,-505
107000255,259,320,-61
107000257,3,479,-476
107000258,15,183,-168
107000259,21,128,-107
107000260,2744,21,2723
107000262,35,220,-185
107000263,735,6,729
107000266,9,25,-16
107000267,35,83,-48
107000268,114,69,45
107000269,110,5,105
107000270,233,34,199
107000271,0,0,0
107000272,119,0,119
107000273,19,311,-292
107000274,917,385,532
107000275,48,2622,-2574
107000280,1653,30,1623
107000281,35,303,-268
107000282,39,371,-332
107000290,30,38,-8
107000291,17,16,1
107000292,9,327,-318
107000293,11,10,1
107000294,0,94,-94
107000295,66,6,60
107000296,0,15,-15
107000444,447,5,442
107000496,3,0,3
107000497,1063,1381,-318
107000500,660,352,308
107000501,131,208,-77
107000502,233,349,-116
107000505,237,661,-424
107000506,0,1,-1
107000508,14,198,-184
107000509,272,1026,-754
107000510,55,100,-45
107000514,58,575,-517
107000515,32,78,-46
107000516,824,502,322
107000518,1799,3580,-1781
107000519,1357,567,790
107000520,178,76,102
107900001,202,83,119
107900002,136,13,123
107900003,838,25,813
107900004,245,2,243
107900005,3217,25,3192
107900006,343,14,329
107900007,768,77,691
107900008,41,6,35
107900009,179,14,165
107900010,69,3,66
107900012,487,114,373
107900013,324,16,308
107900014,146,21,125
107900015,2418,18,2400
107900016,371,125,246
107900017,141,1,140
107900018,126,403,-277
107900019,14,26,-12
107900020,21,28,-7
107900021,272,64,208
107900023,10,2,8
107900024,0,2,-2
107900025,337,178,159
107900026,91,17,74
107900027,26,120,-94
107900028,272,80,192
107900030,325,76,249
107900031,115,100,15
107900032,31,18,13
107900033,30,16,14
107900034,467,37,430
107900035,2559,135,2424
107900036,108,68,40
107900037,0,3,-3
107900038,86,467,-381
107900039,49,16,33
107900040,10,293,-283
107900041,4,2,2
107900043,75,137,-62
107900044,19,24,-5
107900045,136,107,29
107900046,469,370,99
107900047,70,15,55
107900048,390,82,308
107900049,399,1487,-1088
107900050,30,227,-197
107900051,93,70,23
107900052,5,48,-43
107900053,110,81,29
107900055,842,377,465
107900056,161,156,5
107900057,7,0,7
107900058,27,482,-455
107900060,22,47,-25
107900061,0,22,-22
107900063,83,145,-62
107900064,377,571,-194
107900065,738,26,712
107900066,40,3,37
107900067,4,0,4
107900068,192,1401,-1209
107900069,45,4296,-4251
107900070,222,230,-8
107900071,17,289,-272
107900072,295,67,228
107900073,178,84,94
107900074,256,442,-186
107900076,256,63,193
107900077,169,11,158
107900078,249,104,145
107900079,37,23,14
107900080,167,1286,-1119
107900081,139,74,65
107900082,4,11,-7
107900083,539,286,253
107900084,268,195,73
107900086,41,250,-209
107900087,224,158,66
107900088,172,50,122
107900089,264,928,-664
107900090,843,3777,-2934
107900091,102,84,18
107900092,1528,209,1319
107900093,113,94,19
107900095,1549,2133,-584
107900097,47,70,-23
107900098,107,254,-147
107900100,1186,2188,-1002
107900101,428,74,354
107900102,86,3,83
107900103,64,171,-107
107900104,291,5,286
107900105,7,141,-134
107900106,13,387,-374
107900107,1492,521,971
107900108,168,81,87
107900109,3127,53,3074
107900110,134,37,97
107900111,11,286,-275
107900112,56,632,-576
107900113,334,102,232
107900114,385,67,318
107900115,2,21,-19
107900116,345,45,300
107900117,322,81,241
107900118,32,136,-104
107900119,142,472,-330
107900120,75,30,45
107900121,3,157,-154
107900122,4,175,-171
107900123,28,86,-58
107900124,33,79,-46
107900125,22,267,-245
107900126,59,48,11
107900127,642,374,268
107900128,109,119,-10
107900129,170,14,156
107900130,178,15,163
107900131,112,1084,-972
107900132,88,294,-206
107900133,1,36,-35
107900134,55,158,-103
107900135,7,75,-68
107900136,28,52,-24
107900137,190,133,57
107900138,111,25,86
107900139,113,49,64
107900140,117,54,63
107900141,46,42,4
107900142,40,472,-432
107900143,44,15,29
107900144,3,58,-55
107900145,5,69,-64
107900146,99,210,-111
107900147,50,26,24
107900148,194,82,112
107900149,631,64,567
107900150,26,306,-280
107900151,53,31,22
107900152,6,111,-105
107900153,58,514,-456
107900154,50,30,20
107900155,124,51,73
107900156,17,80,-63
107900157,20,43,-23
107900158,1901,56,1845
107900159,15,408,-393
107900160,276,67,209
107900161,141,45,96
107900162,0,73,-73
107900163,32,52,-20
107900164,42,64,-22
107900165,30,274,-244
107900166,78,61,17
107900167,14,85,-71
107900168,75,29,46
107900169,3,551,-548
107900171,10,316,-306
107900172,1,171,-170
107900173,52,46,6
107900174,242,2,240
107900175,45,67,-22
107900176,85,4,81
107900177,11,232,-221
107900178,37,64,-27
107900179,49,81,-32
107900180,399,1451,-1052
107900181,435,267,168
107900182,12,261,-249
107900183,134,59,75
107900184,197,207,-10
107900185,334,16,318
107900186,33,25,8
107900187,0,184,-184
107900188,404,122,282
107900189,61,87,-26
107900190,36,176,-140
107900191,89,92,-3
107900193,5,98,-93
107900194,351,23,328
107900195,826,222,604
107900196,99,33,66
107900197,230,517,-287
107900199,4,356,-352
107900201,127,47,80
107900203,69,65,4
107900204,156,232,-76
107900205,263,323,-60
107900206,709,682,27
107900207,18,268,-250
107900208,35,172,-137
107900209,183,164,19
107900210,38,49,-11
107900213,375,560,-185
107900214,18,42,-24
107900215,119,547,-428
107900216,44,50,-6
107900217,55,66,-11
107900218,16,1492,-1476
107900219,39,28,11
107900220,69,282,-213
107900221,183,177,6
107900223,202,141,61
107900224,122,529,-407
107900225,8,397,-389
107900226,54,81,-27
107900227,106,235,-129
107900228,83,73,10
107900229,3,85,-82
107900230,44,19,25
107900231,53,80,-27
107900232,155,83,72
107900233,30,49,-19
107900234,208,128,80
107900235,29,94,-65
107900236,431,46,385
107900237,34,213,-179
107900238,72,31,41
107900239,245,733,-488
107900240,71,62,9
107900241,21,37,-16
107900242,58,56,2
107900243,0,33,-33
107900244,522,6,516
107900245,1073,53,1020
107900246,405,25,380
107900248,632,121,511
107900249,1689,163,1526
107900250,5,341,-336
107900251,49,689,-640
107900252,1409,55,1354
107900253,402,23,379
107900254,109,366,-257
107900255,129,80,49
107900256,578,2064,-1486
107900257,595,253,342
107900258,181,81,100
107900259,54,4459,-4405
107900261,4,144,-140
107900262,89,32,57
107900264,830,41,789
107900265,232,192,40
107900267,534,15,519
107900268,6,1,5
107900269,0,2,-2
107900270,2,2,0
107900271,4,39,-35
107900272,24,44,-20
107900273,96,64,32
107900274,226,0,226
107900275,69,3,66
107900276,0,53,-53
107900277,1,47,-46
107900278,688,130,558
107900279,48,93,-45
107900280,3496,1658,1838
107900281,773,7888,-7115
107900282,38,1334,-1296
107900283,834,1227,-393
107900284,1052,326,726
107900285,218,28,190
107900286,88,57,31
107900287,465,202,263
107900290,2,502,-500
107900291,790,26,764
107900292,128,56,72
107900293,145,187,-42
107900295,85,29,56
107900297,6,335,-329
107900298,689,289,400
107900299,1820,3615,-1795
107900300,154,697,-543
107900301,1074,1139,-65
107900302,149,58,91
107900303,477,278,199
107900304,913,114,799
107900305,494,42,452
107900306,5,53,-48
107900307,17,209,-192
107900308,205,284,-79
107900309,79,1,78
107900310,77,0,77
107900311,4,698,-694
107900312,61,0,61
107900313,2,307,-305
107900314,1,154,-153
107900315,1,102,-101
107900316,45,0,45
107900317,102,5,97
107900318,1,238,-237
107900319,6,84,-78
107900320,1,71,-70
107900321,330,7,323
107900322,0,32,-32
107900323,16,52,-36
107900324,175,2,173
107900325,137,1,136
107900326,707,120,587
107900327,2,178,-176
107900328,41,1,40
107900329,81,185,-104
107900330,20,131,-111
107900331,752,31,721
107900332,636,9,627
107900333,93,47,46
107900334,17,52,-35
107900335,21,32,-11
107900336,34,106,-72
107900337,412,1434,-1022
107900338,3,57,-54
107900339,4,8,-4
107900340,0,72,-72
107900341,76,0,76
107900342,83,38,45
107900343,38,1,37
107900344,3,69,-66
107900345,187,42,145
107900346,16,1,15
107900347,18,8,10
107900348,3,5,-2
107900349,22,8,14
107900350,20,145,-125
108000001,5197,4215,982
108000002,1791,1645,146
108000003,3956,4569,-613
108000004,10422,11475,-1053
108000005,9178,6888,2290
108000006,4598,5175,-577
108000007,6520,5446,1074
108000008,3666,4234,-568
108000009,6737,6661,76
108000010,3106,3454,-348
108000011,15375,14071,1304
108000012,9311,9710,-399
108000014,557,1296,-739
108000015,1244,205,1039
108000016,417,556,-139
108000017,1684,432,1252
108000018,2477,786,1691
108000019,1113,882,231
108000020,1494,547,947
108000021,324,1341,-1017
108000022,506,910,-404
108000023,2529,396,2133
108000024,473,271,202
108000025,658,177,481
108000026,1212,283,929
108000027,1076,244,832
108000028,1092,217,875
108000029,857,298,559
108000030,717,180,537
108000031,257,527,-270
108000032,3103,755,2348
108000033,817,632,185
108000034,2584,641,1943
108000035,668,1304,-636
108000036,427,701,-274
108000037,3222,392,2830
108000038,5153,584,4569
108000039,551,1093,-542
108000040,3067,1216,1851
108000041,564,1877,-1313
108000042,481,190,291
108000043,264,149,115
108000044,1055,139,916
108000045,339,161,178
108000046,2663,520,2143
108000047,491,575,-84
108000048,142,165,-23
108000049,1376,209,1167
108000050,54,229,-175
108000051,431,278,153
108000052,108,316,-208
108000053,503,420,83
108000054,497,1235,-738
108000055,1604,1043,561
108000056,524,1547,-1023
108000057,800,1777,-977
108000058,2167,5656,-3489
108000059,1904,1420,484
108000060,397,651,-254
108000061,153,157,-4
108000062,1688,770,918
108000063,635,360,275
108000064,412,182,230
108000065,737,379,358
108000066,1537,947,590
108000067,2825,1060,1765
108000068,1153,552,601
108000069,170,619,-449
108000070,3150,916,2234
108000071,615,1171,-556
108000072,2539,1110,1429
108000073,876,1011,-135
108000074,1220,549,671
108000075,409,375,34
108000076,1322,640,682
108000077,699,411,288
108000078,3371,1269,2102
108000079,554,939,-385
108000080,2542,645,1897
108000081,840,779,61
108000082,640,1258,-618
108000083,2558,1100,1458
108000084,429,893,-464
108000085,1779,689,1090
108000086,400,488,-88
108000087,260,3210,-2950
108000088,328,3,325
108000089,462,418,44
108000090,879,243,636
108000091,230,312,-82
108000092,268,52,216
108000093,297,418,-121
108000094,1163,80,1083
108000095,295,253,42
108000096,635,184,451
108000097,186,211,-25
108000098,3115,1001,2114
108000099,279,100,179
108000100,122,357,-235
108000101,2100,2034,66
108000102,1933,4398,-2465
108000106,1115,43,1072
108000107,4,819,-815
108000108,968,93,875
108000109,5,569,-564
108000110,608,335,273
108000111,265,619,-354
108000112,60,236,-176
108000113,439,127,312
108000115,375,392,-17
108000117,531,512,19
108000118,77,383,-306
108000119,532,187,345
108000120,228,951,-723
108000121,345,365,-20
108000122,903,455,448
108000123,881,147,734
108000124,581,422,159
108000125,892,229,663
108000126,334,261,73
108000127,1019,257,762
108000128,1235,249,986
108000129,441,375,66
108000130,730,272,458
108000131,996,508,488
108000132,645,906,-261
108000133,1706,586,1120
108000134,618,337,281
108000135,1847,773,1074
108000136,289,479,-190
108000137,822,192,630
108000138,562,344,218
108000139,852,211,641
108000140,470,17,453
108000141,91,35,56
108000142,79,48,31
108000143,57,15,42
108000144,131,9,122
108000145,83,5,78
108000146,187,17,170
108000147,64,26,38
108000148,114,26,88
108000149,39,17,22
108000150,71,7,64
108000151,9,3,6
108000152,190,158,32
108000153,1058,159,899
108000154,47,4,43
108000155,57,19,38
108000156,309,232,77
108000157,220,2134,-1914
108000158,125,1136,-1011
108000159,191,227,-36
108000160,1390,1396,-6
108000161,1817,6259,-4442
108000165,1,530,-529
108000172,2,472,-470
108000173,598,2854,-2256
108000175,532,139,393
108000178,339,403,-64
108000179,197,1278,-1081
108000181,132,28,104
108000182,86,9,77
108000183,13,11,2
108000184,653,3763,-3110
108000185,391,226,165
108000186,307,32,275
108000187,191,193,-2
108000188,1286,173,1113
108000189,365,2185,-1820
108000190,15,86,-71
108000192,408,164,244
108000193,483,18,465
108000194,24,23,1
108000195,1,561,-560
108000196,385,245,140
108000197,202,151,51
108000198,868,78,790
108000199,0,355,-355
108000200,908,265,643
108000202,0,352,-352
108000203,223,280,-57
108000204,215,106,109
108000205,188,223,-35
108000339,955,509,446
108000364,57,283,-226
108000365,148,288,-140
108000367,261,210,51
108000368,14,68,-54
108000369,240,155,85
108000371,2,538,-536
108000372,1049,4,1045
108000373,282,87,195
108000376,210,26,184
108000377,943,99,844
108000378,11171,15911,-4740
108000379,57,143,-86
108000381,254,7,247
108000382,65,2,63
108000383,0,113,-113
108900001,32,270,-238
108900002,259,113,146
108900003,192,598,-406
108900004,46,587,-541
108900005,101,606,-505
108900006,1198,210,988
108900007,534,137,397
108900008,266,97,169
108900009,173,136,37
108900010,542,111,431
108900011,1126,257,869
108900012,712,345,367
108900013,196,248,-52
108900014,25,146,-121
108900015,1,104,-103
108900016,1,187,-186
108900017,221,616,-395
108900018,210,331,-121
108900019,40,403,-363
108900020,54,83,-29
108900021,210,194,16
108900022,183,26,157
108900023,3,77,-74
108900024,121,29,92
108900025,364,61,303
108900026,17,37,-20
108900027,0,27,-27
108900028,213,71,142
108900029,155,194,-39
108900030,0,46,-46
108900031,235,129,106
108900032,11,148,-137
108900033,0,91,-91
108900034,0,49,-49
108900035,345,346,-1
108900036,218,201,17
108900037,45,162,-117
108900038,2,91,-89
108900039,2,82,-80
108900040,23,46,-23
108900041,3453,4256,-803
108900042,8,459,-451
108900043,53,332,-279
108900044,3,93,-90
108900045,148,153,-5
108900046,43,195,-152
108900047,0,130,-130
108900048,123,300,-177
108900049,1120,3183,-2063
108900050,1,74,-73
108900051,0,50,-50
108900052,53,81,-28
108900053,109,517,-408
108900054,106,112,-6
108900055,23,462,-439
108900056,3,51,-48
108900057,2,63,-61
108900058,48,117,-69
108900059,1114,83,1031
108900060,121,275,-154
108900061,90,24,66
108900062,0,169,-169
108900063,54,162,-108
108900064,542,15,527
108900065,18,136,-118
108900066,750,188,562
108900067,15,152,-137
108900068,0,32,-32
108900069,192,10,182
108900070,57,72,-15
108900071,205,68,137
108900072,1451,534,917
108900073,1,39,-38
108900074,650,66,584
108900075,14,25,-11
108900076,797,44,753
108900077,61,92,-31
108900078,76,66,10
108900079,238,171,67
108900080,24,1491,-1467
108900081,55,243,-188
108900082,174,23,151
108900083,8,443,-435
108900084,229,154,75
108900085,1106,195,911
108900086,322,61,261
108900087,69,159,-90
108900088,1012,441,571
108900089,22,281,-259
108900090,159,84,75
108900091,123,70,53
108900092,734,317,417
108900093,177,146,31
108900094,472,162,310
108900095,24,268,-244
108900096,252,30,222
108900097,335,95,240
108900098,1300,2385,-1085
108900099,714,72,642
108900100,116,101,15
108900101,266,548,-282
108900102,36,1923,-1887
108900103,131,207,-76
108900104,90,354,-264
108900105,4,2557,-2553
108900106,752,109,643
108900108,521,42,479
108900109,69,46,23
108900110,291,128,163
108900111,775,258,517
108900112,455,33,422
108900113,47,95,-48
108900114,3,5,-2
108900115,324,135,189
108900116,153,16,137
108900117,330,24,306
108900118,1210,60,1150
108900119,669,53,616
108900120,291,312,-21
108900121,455,164,291
108900122,285,22,263
108900123,342,199,143
108900124,1110,316,794
108900125,1201,14,1187
108900126,255,100,155
108900127,358,57,301
108900128,324,87,237
108900129,1770,266,1504
108900130,731,8,723
108900131,683,32,651
108900132,951,80,871
108900133,573,66,507
108900134,1161,136,1025
108900135,488,11,477
108900136,58,6,52
108900137,391,12,379
108900138,1697,87,1610
108900139,1019,78,941
108900140,633,62,571
108900141,975,30,945
108900142,149,8,141
108900143,165,1,164
108900144,182,0,182
108900145,493,32,461
108900146,265,1,264
108900147,475,2,473
108900148,41,18,23
108900149,443,250,193
108900150,436,5,431
108900151,59,21,38
108900152,223,165,58
108900153,321,67,254
108900154,6858,484,6374
108900155,437,52,385
108900156,241,10,231
108900157,26,225,-199
108900158,889,46,843
108900159,1,61,-60
108900160,50,193,-143
108900161,18,182,-164
108900162,336,7,329
108900163,8,474,-466
108900164,86,39,47
108900165,53,37,16
108900167,912,13778,-12866
108900168,3952,3397,555
108900169,71,168,-97
108900171,2945,4803,-1858
108900172,233,47,186
108900173,112,434,-322
108900174,1492,451,1041
108900176,199,269,-70
108900177,3637,11415,-7778
108900178,2495,6191,-3696
108900179,434,2779,-2345
108900180,157,475,-318
108900182,61,675,-614
108900183,168,188,-20
108900184,805,361,444
108900185,168,477,-309
108900186,116,308,-192
108900187,994,60,934
108900188,1236,58,1178
108900189,765,95,670
108900190,74,1433,-1359
108900191,206,103,103
108900192,151,169,-18
108900193,51,37,14
108900194,0,336,-336
108900195,90,77,13
108900196,61,253,-192
108900198,1,174,-173
108900199,287,262,25
108900200,850,386,464
108900201,438,862,-424
108900203,668,134,534
108900204,497,27,470
108900205,384,61,323
108900206,750,173,577
108900207,400,375,25
108900208,19,271,-252
108900209,128,433,-305
108900210,132,149,-17
108900211,231,942,-711
108900212,205,2132,-1927
108900215,100,384,-284
108900216,263,403,-140
108900217,122,1,121
108900218,81,25,56
108900219,137,12,125
108900220,64,31,33
108900221,20,95,-75
108900222,418,19,399
108900223,2,83,-81
108900224,51,117,-66
108900225,2,108,-106
108900226,520,23,497
108900227,252,603,-351
108900230,129,193,-64
108900231,16,155,-139
108900232,2,142,-140
108900233,804,191,613
108900234,460,211,249
108900235,112,373,-261
108900236,64,346,-282
108900237,41,133,-92
108900240,230,153,77
108900241,82,109,-27
108900245,17,2998,-2981
108900249,202,33,169
108900250,491,117,374
108900257,497,168,329
108900258,4,80,-76
108900259,40,26,14
108900260,31,20,11
108900261,62,49,13
108900262,75,115,-40
108900263,28,164,-136
108900264,129,231,-102
108900265,1206,856,350
108900266,227,1853,-1626
108900267,3,398,-395
108900268,0,28,-28
108900269,200,21,179
108900270,279,13,266
108900271,95,28,67
108900272,563,44,519
108900273,248,1735,-1487
108900274,120,12,108
109000001,2901,2854,47
109000002,820,1965,-1145
109000003,4649,541,4108
109000004,485,1955,-1470
109000005,2642,657,1985
109000006,788,1811,-1023
109000007,2672,674,1998
109000008,677,1568,-891
109000009,4289,1506,2783
109000010,771,2587,-1816
109000011,5772,3210,2562
109000012,1818,3148,-1330
109000013,5905,5474,431
109000014,1985,2747,-762
109000015,4915,12228,-7313
109000016,4962,2587,2375
109000017,4202,1414,2788
109000018,1256,2094,-838
109000019,3536,1376,2160
109000020,888,1682,-794
109000023,389,31,358
109000024,7,175,-168
109000025,403,866,-463
109000026,538,291,247
109000027,133,438,-305
109000028,89,59,30
109000029,129,592,-463
109000030,32,357,-325
109000031,274,193,81
109000032,182,432,-250
109000033,660,295,365
109000034,69,75,-6
109000035,4,79,-75
109000036,46,446,-400
109000037,595,3885,-3290
109000038,379,457,-78
109000039,1596,1598,-2
109000040,3623,19555,-15932
109000041,1559,2980,-1421
109000042,462,1989,-1527
109000044,524,88,436
109000045,106,428,-322
109000046,682,127,555
109000047,81,342,-261
109000048,724,432,292
109000049,232,556,-324
109000050,422,317,105
109000051,214,168,46
109000052,729,487,242
109000053,552,132,420
109000054,201,300,-99
109000055,371,494,-123
109000056,403,327,76
109000057,1300,577,723
109000058,504,171,333
109000059,255,1594,-1339
109000060,294,544,-250
109000061,434,2799,-2365
109000062,236,540,-304
109000063,323,157,166
109000064,535,220,315
109000065,325,133,192
109000066,576,73,503
109000067,202,197,5
109000068,1129,35,1094
109000069,850,42,808
109000070,89,1476,-1387
109000071,670,131,539
109000072,141,256,-115
109000073,98,115,-17
109000074,24,161,-137
109000075,91,366,-275
109000076,128,310,-182
109000077,255,164,91
109000078,108,121,-13
109000079,163,104,59
109000080,366,43,323
109000081,289,305,-16
109000082,1212,182,1030
109000083,393,427,-34
109000088,230,256,-26
109000089,465,123,342
109000090,140,272,-132
109000091,693,277,416
109000092,302,375,-73
109000093,479,276,203
109000094,1490,7,1483
109000095,206,308,-102
109000096,1506,231,1275
109000097,94,56,38
109000098,46,166,-120
109000099,1042,138,904
109000100,310,520,-210
109000101,2662,681,1981
109000102,573,574,-1
109000103,778,489,289
109000104,3552,549,3003
109000105,555,851,-296
109000106,2706,738,1968
109000107,723,1249,-526
109000108,3273,734,2539
109000109,606,917,-311
109000110,2235,636,1599
109000111,819,1761,-942
109000112,422,149,273
109000113,356,171,185
109000114,238,260,-22
109000115,1289,36,1253
109000116,11,287,-276
109000117,340,56,284
109000118,18,216,-198
109000119,2510,136,2374
109000120,524,352,172
109000121,877,25,852
109000122,277,312,-35
109000123,28,36,-8
109000124,1105,203,902
109000125,1248,294,954
109000126,547,415,132
109000127,1679,174,1505
109000128,746,623,123
109000129,4409,931,3478
109000130,326,739,-413
109000131,1124,997,127
109000132,466,1128,-662
109000133,298,565,-267
109000134,727,970,-243
109000135,691,1082,-391
109000136,386,258,128
109000137,496,402,94
109000138,783,199,584
109000139,921,341,580
109000140,290,180,110
109000141,907,312,595
109000142,196,669,-473
109000143,156,68,88
109000145,150,240,-90
109000146,21,90,-69
109000148,1850,2561,-711
109000149,16,180,-164
109000150,52,498,-446
109000155,1297,891,406
109000156,1223,447,776
109000158,135,322,-187
109000159,133,513,-380
109000160,1966,215,1751
109000161,815,891,-76
109000162,3074,447,2627
109000163,1902,1298,604
109000164,1958,1778,180
109000165,2286,419,1867
109000166,1779,137,1642
109000167,180,263,-83
109000170,46,45,1
109000171,124,34,90
109000172,13,40,-27
109000173,32,168,-136
109000174,186,25,161
109000175,44,53,-9
109000176,599,174,425
109000177,38,113,-75
109000178,675,55,620
109000179,3079,8233,-5154
109000180,3627,4266,-639
109000181,23,16,7
109000182,96,19,77
109000183,79,4,75
109000184,57,8,49
109000185,80,20,60
109000188,667,1113,-446
109000189,3696,761,2935
109000190,963,400,563
109000191,422,444,-22
109000192,783,127,656
109000193,469,125,344
109000194,561,45,516
109000195,255,126,129
109000196,391,55,336
109000197,255,204,51
109000198,516,46,470
109000199,202,284,-82
109000206,365,36,329
109000207,406,35,371
109000208,259,215,44
109000209,171,71,100
109000210,131,538,-407
109000211,488,261,227
109000214,517,170,347
109000215,259,105,154
109000216,509,481,28
109000217,199,235,-36
109000218,374,318,56
109000221,176,655,-479
109000222,960,224,736
109000223,610,533,77
109000224,100,42,58
109000225,264,38,226
109000226,142,110,32
109000227,2574,642,1932
109000228,3,1654,-1651
109000231,0,98,-98
109000232,815,119,696
109000236,386,452,-66
109000241,2157,1225,932
109000242,1496,700,796
109000293,14,46,-32
109000361,135,185,-50
109000364,157,385,-228
109000396,3,284,-281
109000397,1214,23,1191
109000399,150,238,-88
109000400,142,168,-26
109000403,49,1321,-1272
109000406,399,3,396
109000407,465,169,296
109000408,0,122,-122
109000410,1187,260,927
109000411,216,17,199
109900001,240,0,240
109900002,1362,22,1340
109900003,527,4,523
109900004,338,106,232
109900005,39,2,37
109900006,721,314,407
109900007,1776,176,1600
109900008,0,18,-18
109900009,222,237,-15
109900010,1045,32,1013
109900011,75,81,-6
109900012,520,352,168
109900013,576,278,298
109900014,598,84,514
109900015,316,168,148
109900016,200,17,183
109900017,366,294,72
109900018,318,46,272
109900019,412,75,337
109900020,134,36,98
109900021,71,13,58
109900022,53,233,-180
109900023,57,1,56
109900024,25,1,24
109900025,39,37,2
109900026,6,147,-141
109900027,55,33,22
109900028,520,2137,-1617
109900029,9,162,-153
109900030,73,16,57
109900031,1,583,-582
109900032,5,234,-229
109900033,3,421,-418
109900034,106,2,104
109900035,50,50,0
109900036,28,50,-22
109900037,23,372,-349
109900038,156,239,-83
109900039,3,0,3
109900040,37,352,-315
109900041,75,269,-194
109900042,42,773,-731
109900044,160,167,-7
109900045,98,49,49
109900046,42,82,-40
109900047,172,214,-42
109900048,0,52,-52
109900049,27,35,-8
109900050,1,49,-48
109900051,2,7,-5
109900052,92,162,-70
109900053,2,94,-92
109900054,1581,281,1300
109900055,115,215,-100
109900056,58,458,-400
109900057,4,66,-62
109900058,1,71,-70
109900059,1892,143,1749
109900060,1145,89,1056
109900061,123,170,-47
109900062,0,90,-90
109900063,11,582,-571
109900064,1007,172,835
109900065,126,87,39
109900066,305,368,-63
109900067,0,94,-94
109900068,139,12,127
109900069,15,25,-10
109900070,26,175,-149
109900071,35,18,17
109900072,53,97,-44
109900073,904,147,757
109900074,34,6,28
109900075,52,48,4
109900076,9,76,-67
109900077,44,18,26
109900078,104,177,-73
109900080,123,176,-53
109900081,29,242,-213
109900082,99,172,-73
109900083,18,46,-28
109900084,96,115,-19
109900085,164,279,-115
109900086,224,985,-761
109900087,109,407,-298
109900089,1268,228,1040
109900090,317,842,-525
109900091,763,100,663
109900092,365,44,321
109900093,1640,222,1418
109900094,101,60,41
109900095,52,294,-242
109900096,171,6,165
109900097,218,5,213
109900098,990,38,952
109900099,550,4,546
109900100,54,0,54
109900101,1036,5,1031
109900102,811,35,776
109900103,35,56,-21
109900104,1303,149,1154
109900105,918,44,874
109900106,469,56,413
109900107,991,64,927
109900108,278,362,-84
109900109,61,661,-600
109900110,107,176,-69
109900111,94,394,-300
109900112,193,242,-49
109900113,1450,977,473
109900114,928,1728,-800
109900115,251,99,152
109900117,1978,137,1841
109900118,165,275,-110
109900119,251,309,-58
109900120,79,9,70
109900121,415,461,-46
109900122,944,5,939
109900123,19,71,-52
109900124,78,148,-70
109900125,3,169,-166
109900126,613,38,575
109900128,719,68,651
109900130,3517,4380,-863
109900131,27,273,-246
109900132,39,161,-122
109900133,163,195,-32
109900134,73,145,-72
109900135,221,25,196
109900136,52,96,-44
109900137,323,187,136
109900138,783,254,529
109900140,298,94,204
109900141,1066,285,781
109900142,2213,292,1921
109900145,9,826,-817
109900146,287,73,214
109900148,43,89,-46
109900149,21,62,-41
109900150,11,62,-51
109900151,12,31,-19
109900152,1,25,-24
109900153,0,34,-34
109900154,43,0,43
109900155,93,25,68
109900157,105,185,-80
109900158,89,172,-83
109900159,254,61,193
109900160,247,66,181
109900161,462,81,381
109900162,454,173,281
109900163,347,359,-12
109900164,82,241,-159
109900165,500,12,488
109900166,1,94,-93
109900167,216,296,-80
109900168,234,468,-234
109900169,285,136,149
109900170,297,1768,-1471
109900171,488,64,424
109900172,368,425,-57
109900173,1489,3694,-2205
109900174,78,133,-55
109900175,138,142,-4
109900176,191,183,8
109900177,129,98,31
109900178,2,188,-186
109900179,3,39,-36
109900180,20,14,6
110000001,751,479,272
110000002,744,937,-193
110000003,775,610,165
110000004,523,752,-229
110000005,387,2530,-2143
110000006,208,338,-130
110000007,211,102,109
110000008,30,141,-111
110000009,75,25,50
110000010,67,139,-72
110000011,82,37,45
110000012,804,203,601
110000013,98,826,-728
110000014,432,423,9
110000015,303,733,-430
110000016,341,1745,-1404
110000017,3460,302,3158
110000018,2830,335,2495
110000019,11,97,-86
110000020,804,201,603
110000021,226,423,-197
110000022,1540,132,1408
110000023,15,117,-102
110000024,648,373,275
110000025,771,4,767
110000026,5,205,-200
110000027,693,1557,-864
110000028,1235,618,617
110000029,699,683,16
110000030,501,410,91
110000031,460,305,155
110000032,1246,301,945
110000033,290,175,115
110000034,770,475,295
110000035,1072,500,572
110000036,1567,484,1083
110000037,289,701,-412
110000038,307,757,-450
110000039,1059,6419,-5360
110000040,316,260,56
110000041,456,2254,-1798
110000042,102,741,-639
110000043,845,460,385
110000044,44,1397,-1353
110000045,296,171,125
110000046,1,52,-51
110000047,25,159,-134
110000048,5,78,-73
110000049,31,30,1
110000050,13,245,-232
110000051,76,12,64
110000052,37,32,5
110000053,26,18,8
110000054,116,847,-731
110000055,318,176,142
110000056,76,139,-63
110000057,445,545,-100
110000058,1315,611,704
110000059,1342,577,765
110000060,1555,1087,468
110000061,730,749,-19
110000062,795,1001,-206
110000063,67,355,-288
110000064,169,93,76
110000065,171,153,18
110000066,192,37,155
110000067,186,156,30
110000068,463,101,362
110000069,795,43,752
110000071,637,34,603
110000073,52,15,37
110000075,35,82,-47
110000076,541,562,-21
110000077,258,1179,-921
110000078,135,21,114
110000080,209,411,-202
110000081,51,237,-186
110000082,33,342,-309
110000083,183,367,-184
110000084,1682,1444,238
110000085,722,1312,-590
110000086,1264,3259,-1995
110000087,21,68,-47
110000088,195,263,-68
110000089,550,54,496
110000090,131,293,-162
110000091,941,212,729
110000092,25,55,-30
110000093,98,23,75
110000094,410,177,233
110000095,230,861,-631
110000096,1275,2322,-1047
110000097,1253,2010,-757
110000098,2445,898,1547
110000099,907,1527,-620
110000100,1996,188,1808
110000101,93,99,-6
110000102,114,40,74
110000104,526,272,254
110000105,31,186,-155
110000106,820,720,100
110000107,134,387,-253
110000108,218,129,89
110000109,159,317,-158
110000110,2041,4757,-2716
110000111,3332,3739,-407
110000112,224,1318,-1094
110000113,80,3095,-3015
110000114,354,836,-482
110000115,509,298,211
110000116,131,71,60
110000117,486,221,265
110000118,885,189,696
110000119,577,198,379
110000120,543,193,350
110000121,112,396,-284
110000122,331,258,73
110000123,795,647,148
110000124,1,498,-497
110000125,1384,16,1368
110000126,373,27,346
110000127,1972,112,1860
110000128,60,573,-513
110000129,2,272,-270
110000130,411,358,53
110000131,80,284,-204
110000132,1,532,-531
110000133,46,492,-446
110000134,40,367,-327
110000135,243,48,195
110000136,144,206,-62
110000137,968,430,538
110000138,1440,563,877
110000139,1680,511,1169
110000140,1130,1095,35
110000143,730,371,359
110000144,2530,3250,-720
110000145,1690,2688,-998
110000146,2051,1973,78
110000147,685,1021,-336
110000148,1126,289,837
110000151,737,2099,-1362
110000152,676,583,93
110000153,334,20,314
110000154,87,50,37
110000155,1049,3875,-2826
110000156,974,2738,-1764
110000157,1906,3737,-1831
110000160,389,199,190
110000161,282,211,71
110000166,1124,70,1054
110000167,1484,664,820
110000168,1418,639,779
110000169,1195,394,801
110000170,281,80,201
110000171,777,96,681
110000172,215,481,-266
110000173,609,610,-1
110000174,203,562,-359
110000175,1457,88,1369
110000176,106,713,-607
110000177,221,1472,-1251
110000178,490,2702,-2212
110000179,1184,285,899
110000180,408,294,114
110000181,1203,486,717
110000182,450,158,292
110000183,5993,10723,-4730
110000184,320,3903,-3583
110000185,810,1055,-245
110000186,780,671,109
110000191,1878,185,1693
110000192,975,19,956
110000193,1679,24,1655
110000194,4,678,-674
110000195,868,110,758
110000196,694,101,593
110000197,201,49,152
110000198,94,46,48
110000199,91,192,-101
110000200,726,583,143
110000201,1228,1745,-517
110000202,1555,595,960
110000203,386,450,-64
110000204,4,245,-241
110000205,354,70,284
110000206,377,560,-183
110000207,1853,335,1518
110000208,290,399,-109
110000209,87,731,-644
110000210,2009,376,1633
110000211,766,650,116
110000212,751,1519,-768
110000213,598,80,518
110000214,539,53,486
110000215,227,145,82
110000216,127,107,20
110000217,699,114,585
110000218,209,162,47
110000219,877,38,839
110000220,100,107,-7
110000221,835,22,813
110000222,126,252,-126
110000223,3,210,-207
110000224,14,5,9
110000225,235,882,-647
110000226,391,68,323
110000227,1108,1332,-224
110000228,289,108,181
110000229,0,75,-75
110000230,531,736,-205
110000231,232,262,-30
110000232,232,223,9
110000233,195,351,-156
110000234,507,1941,-1434
110000235,1222,1109,113
110000236,929,437,492
110000237,2906,1674,1232
110000238,1427,1072,355
110000239,2580,874,1706
110000240,0,25,-25
110000242,0,25,-25
110000243,224,37,187
110000244,127,414,-287
110000245,44,363,-319
110000246,1194,343,851
110000247,1031,4464,-3433
110000248,1374,1311,63
110000249,139,9,130
110000250,23,170,-147
110000251,553,338,215
110000252,566,219,347
110000253,1780,603,1177
110000254,583,707,-124
110000255,196,621,-425
110000256,522,255,267
110000257,462,285,177
110000258,5,370,-365
110000259,303,16,287
110000260,45,113,-68
110000263,550,87,463
110000264,644,343,301
110000265,1505,2386,-881
110000266,1361,3107,-1746
110000267,38,215,-177
110000268,384,365,19
110000269,6,78,-72
110000270,152,22,130
110000271,1568,344,1224
110000272,1678,1467,211
110000273,1967,1757,210
110000274,225,3073,-2848
110000275,1748,799,949
110000276,318,689,-371
110000277,424,329,95
110000278,474,611,-137
110000279,1006,789,217
110000280,893,607,286
110000281,61,358,-297
110000282,172,20,152
110000283,34,96,-62
110000284,5,14,-9
110000285,2,882,-880
110000286,1,0,1
110000287,207,2,205
110000288,2,79,-77
110000289,644,3517,-2873
110000290,450,764,-314
110000291,3992,972,3020
110000292,1196,7249,-6053
110000293,964,465,499
110000294,1843,1436,407
110000295,310,826,-516
110000296,842,402,440
110000297,2934,364,2570
110000298,94,421,-327
110000299,97,114,-17
110000301,488,36,452
110000302,294,555,-261
110000303,652,20,632
110000304,151,180,-29
110000305,2048,39,2009
110000306,322,652,-330
110000307,2586,30,2556
110000308,826,10,816
110000309,2,594,-592
110000310,1249,48,1201
110000311,8,707,-699
110000312,527,128,399
110000313,2030,2863,-833
110000314,1,174,-173
110000315,2216,2653,-437
110000316,563,1090,-527
110000317,195,1424,-1229
110000318,1,47,-46
110000319,15,54,-39
110000320,52,31,21
110000321,17,36,-19
110000322,321,341,-20
110000323,813,215,598
110000324,2930,1475,1455
110000325,1765,4680,-2915
110000327,350,425,-75
110000328,167,415,-248
110000333,1283,1239,44
110000334,574,1296,-722
110000335,892,537,355
110000336,727,1118,-391
110000337,2758,791,1967
110000338,667,306,361
110000339,567,212,355
110000340,22,123,-101
110000341,734,347,387
110000342,121,2,119
110000343,0,11,-11
110000344,23,277,-254
110000345,131,368,-237
110000346,1643,1906,-263
110000347,1809,894,915
110000348,15,10,5
110000349,17,13,4
110000350,169,4,165
110000351,1975,586,1389
110000352,1054,2006,-952
110000353,2934,400,2534
110000354,1479,4775,-3296
110000355,254,73,181
110000356,1098,25,1073
110000357,831,9,822
110000361,49,18,31
110000362,157,24,133
110000363,1124,61,1063
110000364,429,240,189
110000365,215,4,211
110000366,1,133,-132
110000367,632,193,439
110000368,4,68,-64
110000369,128,5,123
110000373,0,439,-439
110000374,96,48,48
110000375,152,1104,-952
110000376,64,54,10
110000377,50,457,-407
110000378,48,501,-453
110000379,2226,2526,-300
110000380,122,44,78
110000383,3,1201,-1198
110000384,736,461,275
110000385,2,280,-278
110000387,164,3,161
110000388,75,167,-92
110000389,1503,19,1484
110000391,1282,198,1084
110000396,311,61,250
110000397,295,50,245
110000398,3,25,-22
110000399,275,0,275
110000587,195,160,35
110000589,338,107,231
110000640,314,28,286
110000652,13,606,-593
110000653,459,355,104
110000654,50,628,-578
110000656,1,172,-171
110000674,87,34,53
110000675,15,45,-30
110000676,2,92,-90
110000679,57,1090,-1033
110000682,96,205,-109
110000683,317,428,-111
110000684,0,111,-111
110000685,10,12,-2
110000686,13,168,-155
110000687,41,18,23
110000688,62,1751,-1689
110000689,21,18,3
110000692,11,208,-197
110000693,19,342,-323
110000694,0,132,-132
110000695,118,692,-574
110000696,82,60,22
110900001,480,26,454
110900002,392,425,-33
110900003,1446,236,1210
110900004,864,107,757
110900005,1572,5632,-4060
110900006,78,40,38
110900007,284,86,198
110900008,9,19,-10
110900009,595,325,270
110900010,7,43,-36
110900011,49,54,-5
110900012,8,33,-25
110900013,1634,128,1506
110900014,295,44,251
110900015,348,1032,-684
110900016,86,49,37
110900017,820,40,780
110900018,678,77,601
110900019,429,50,379
110900020,312,90,222
110900021,130,265,-135
110900022,85,130,-45
110900023,108,462,-354
110900024,31,200,-169
110900025,11,38,-27
110900027,122,194,-72
110900028,45,97,-52
110900029,26,101,-75
110900030,70,113,-43
110900031,1,130,-129
110900032,0,55,-55
110900033,42,201,-159
110900035,52,690,-638
110900036,149,12,137
110900037,190,23,167
110900038,631,139,492
110900039,8,383,-375
110900040,441,35,406
110900041,36,67,-31
110900042,198,67,131
110900043,5,53,-48
110900044,251,32,219
110900045,84,174,-90
110900046,40,88,-48
110900047,268,530,-262
110900049,222,143,79
110900050,37,3,34
110900051,40,108,-68
110900052,17,95,-78
110900053,207,18,189
110900054,42,174,-132
110900055,16,3,13
110900056,38,115,-77
110900057,9,43,-34
110900058,430,177,253
110900059,543,162,381
110900060,428,205,223
110900061,12,40,-28
110900062,317,97,220
110900063,84,57,27
110900064,11,0,11
110900065,47,153,-106
110900066,6,34,-28
110900067,234,809,-575
110900068,360,151,209
110900069,16,10,6
110900070,254,65,189
110900071,181,1410,-1229
110900073,2,36,-34
110900074,808,147,661
110900075,486,50,436
110900077,1740,540,1200
110900078,197,25,172
110900079,936,1905,-969
110900080,216,78,138
110900081,28,14,14
110900082,241,54,187
110900083,181,79,102
110900084,152,21,131
110900085,84,223,-139
110900086,97,478,-381
110900087,529,163,366
110900088,9,12,-3
110900090,51,102,-51
110900091,7,29,-22
110900093,255,110,145
110900095,128,30,98
110900097,29,13,16
110900098,45,77,-32
110900099,79,366,-287
110900100,0,19,-19
110900102,129,33,96
110900105,1984,202,1782
110900108,12,26,-14
110900111,543,98,445
110900112,1139,21,1118
110900113,327,98,229
110900115,30,55,-25
110900116,1571,898,673
110900118,69,4708,-4639
110900119,1491,203,1288
110900120,133,38,95
110900121,202,3,199
110900122,883,248,635
110900125,638,727,-89
110900127,456,1794,-1338
110900128,158,395,-237
110900129,250,1297,-1047
110900130,270,715,-445
110900131,517,121,396
110900132,722,183,539
110900133,136,150,-14
110900135,58,251,-193
110900136,603,25,578
110900137,9,0,9
110900138,459,1450,-991
110900139,2,384,-382
110900140,11,1,10
110900141,3,318,-315
110900142,71,134,-63
110900143,362,127,235
110900144,1,200,-199
110900145,292,170,122
110900146,126,467,-341
110900147,68,454,-386
110900148,0,193,-193
110900149,20,33,-13
110900150,22,16,6
110900151,3,74,-71
110900152,36,57,-21
110900153,316,80,236
111000001,454,441,13
111000002,246,417,-171
111000003,2074,1263,811
111000004,874,865,9
111000005,2359,1983,376
111000006,1276,2341,-1065
111000007,5723,5093,630
111000008,3660,3690,-30
111000009,434,917,-483
111000010,1607,335,1272
111000011,89,562,-473
111000012,161,304,-143
111000013,384,615,-231
111000014,1569,550,1019
111000017,48,834,-786
111000018,144,341,-197
111000020,571,1368,-797
111000021,102,69,33
111000023,162,61,101
111000025,3546,4478,-932
111000029,107,152,-45
111000030,47,109,-62
111000031,2049,1070,979
111000032,750,397,353
111000033,398,196,202
111000034,42,253,-211
111000037,1221,535,686
111000038,2264,2144,120
111000039,2084,2279,-195
111000040,1957,1511,446
111000041,606,571,35
111000042,2214,2247,-33
111000043,2912,6558,-3646
111000044,2196,1274,922
111000045,4030,3080,950
111000046,2980,2304,676
111000047,3951,7458,-3507
111000049,382,419,-37
111000050,1073,667,406
111000051,713,779,-66
111000052,664,1210,-546
111000053,325,645,-320
111000054,368,645,-277
111000055,1470,1412,58
111000056,273,549,-276
111000057,173,337,-164
111000058,900,88,812
111000059,1027,300,727
111000060,6147,977,5170
111000061,1116,331,785
111000062,1470,552,918
111000063,1849,1307,542
111000064,1482,652,830
111000065,1802,980,822
111000066,1125,461,664
111000067,1354,461,893
111000068,798,752,46
111000069,1882,1795,87
111000070,377,363,14
111000071,217,282,-65
111000072,1659,666,993
111000073,355,1086,-731
111000074,2062,1881,181
111000075,823,770,53
111000076,1011,704,307
111000077,1497,1254,243
111000078,2318,1138,1180
111000079,1095,639,456
111000080,873,567,306
111000081,1817,5045,-3228
111000082,1184,495,689
111000084,1180,563,617
111000085,975,764,211
111000086,2071,807,1264
111000087,828,359,469
111000088,4960,3834,1126
111000089,1003,687,316
111000090,831,1156,-325
111000091,887,422,465
111000092,2556,971,1585
111000093,1214,1504,-290
111000094,2300,1350,950
111000095,1079,3454,-2375
111000096,843,9946,-9103
111000097,3082,1077,2005
111000098,479,865,-386
111000099,607,1030,-423
111000100,569,730,-161
111000101,453,695,-242
111000102,400,789,-389
111000104,1259,252,1007
111000107,158,663,-505
111000109,1210,303,907
111000110,2187,637,1550
111000111,5409,470,4939
111000112,3543,584,2959
111000113,1160,2599,-1439
111000114,1234,5765,-4531
111000115,3395,1239,2156
111000116,1079,849,230
111000117,345,895,-550
111000118,974,730,244
111000119,1804,806,998
111000120,877,684,193
111000121,421,676,-255
111000122,650,902,-252
111000123,1487,1743,-256
111000124,537,1596,-1059
111000125,451,771,-320
111000126,160,425,-265
111000127,1827,111,1716
111000128,4096,401,3695
111000129,4424,619,3805
111000130,4424,506,3918
111000131,4193,572,3621
111000132,3485,1868,1617
111000133,365,84,281
111000134,184,78,106
111000135,107,127,-20
111000136,558,333,225
111000138,38,9,29
111000140,0,5,-5
111000141,171,323,-152
111000142,3,194,-191
111000143,1,387,-386
111000144,18,1448,-1430
111000145,120,9,111
111000146,105,18,87
111000147,111,32,79
111000148,241,79,162
111000149,18,13,5
111000150,51,7,44
111000151,1,17,-16
111000153,623,623,0
111000154,437,248,189
111000155,212,177,35
111000156,944,569,375
111000157,316,1021,-705
111000158,1130,1202,-72
111000159,4276,1308,2968
111000160,709,365,344
111000161,12,752,-740
111000162,8,136,-128
111000163,1139,782,357
111000164,471,2951,-2480
111000165,690,292,398
111000166,564,202,362
111000167,124,247,-123
111000168,349,325,24
111000169,447,373,74
111000170,350,341,9
111000171,539,569,-30
111000172,234,286,-52
111000173,251,534,-283
111000174,442,199,243
111000175,93,306,-213
111000176,681,66,615
111000177,976,120,856
111000178,2029,190,1839
111000179,715,123,592
111000180,369,461,-92
111000181,3054,163,2891
111000182,334,141,193
111000183,255,282,-27
111000184,510,189,321
111000185,613,312,301
111000186,329,321,8
111000187,287,112,175
111000188,608,311,297
111000189,416,379,37
111000190,208,240,-32
111000191,212,157,55
111000192,195,207,-12
111000193,288,115,173
111000194,65,180,-115
111000195,105,318,-213
111000196,64,77,-13
111000197,858,103,755
111000198,819,95,724
111000199,447,174,273
111000200,919,264,655
111000201,1221,130,1091
111000202,568,142,426
111000203,571,340,231
111000204,347,1751,-1404
111000213,348,518,-170
111000214,1703,974,729
111000215,1210,939,271
111000217,2157,809,1348
111000218,1943,1066,877
111000219,264,187,77
111000220,950,1043,-93
111000221,350,212,138
111000224,1,159,-158
111000225,475,69,406
111000226,78,1,77
111000227,17,0,17
111000228,14,872,-858
111000229,57,1852,-1795
111000230,388,156,232
111000231,1451,207,1244
111000232,1367,639,728
111000233,1869,536,1333
111000234,274,970,-696
111000239,56,59,-3
111000240,130,399,-269
111000241,60,172,-112
111000242,442,57,385
111000243,321,217,104
111000244,948,87,861
111000245,1419,237,1182
111000246,951,194,757
111000247,897,352,545
111000248,1095,354,741
111000249,807,192,615
111000250,114,82,32
111000251,191,87,104
111000253,31,47,-16
111000255,38,18,20
111000257,95,8,87
111000260,44,626,-582
111000261,2218,71,2147
111000271,73,218,-145
111000273,3115,1216,1899
111000274,2168,3040,-872
111000275,219,29,190
111000276,381,902,-521
111000277,304,204,100
111000278,585,221,364
111000291,1571,14777,-13206
111000298,737,263,474
111000299,923,246,677
111000300,76,449,-373
111000302,482,75,407
111000303,153,125,28
111000312,61,85,-24
111000315,0,33,-33
111000320,130,313,-183
111000321,734,265,469
111000322,555,149,406
111000323,490,60,430
111000324,541,206,335
111000325,118,56,62
111000326,313,191,122
111000327,407,289,118
111000328,548,548,0
111000329,2,25,-23
111000330,79,6,73
111000331,33,3,30
111000332,664,1090,-426
111000334,267,757,-490
111000335,1550,249,1301
111000337,2570,228,2342
111000338,143,67,76
111000339,1350,132,1218
111000340,168,384,-216
111000341,2114,999,1115
111000342,53,857,-804
111000344,1499,582,917
111000345,199,83,116
111000346,26,311,-285
111000347,286,15,271
111000350,154,86,68
111000351,196,217,-21
111000352,256,181,75
111000353,220,153,67
111000354,738,282,456
111000355,436,794,-358
111000358,168,482,-314
111000360,334,181,153
111000361,242,76,166
111000546,1153,379,774
111000547,614,300,314
111000548,378,339,39
111000549,370,171,199
111000550,37,1135,-1098
111000551,441,206,235
111000552,455,145,310
111000907,153,56,97
111000908,56,0,56
111000916,3214,203,3011
111000917,44,345,-301
111000918,338,265,73
111000920,969,8,961
111000921,5,84,-79
111000922,1184,183,1001
111000924,51,297,-246
111000925,4634,2426,2208
111000926,1071,879,192
111000927,3261,5309,-2048
111000928,2966,1672,1294
111000929,2672,1598,1074
111000930,992,1305,-313
111000931,2869,2879,-10
111000932,2410,1403,1007
111000933,3653,4145,-492
111000934,1534,2041,-507
111000935,3164,1092,2072
111000936,1295,1334,-39
111000937,1305,1727,-422
111000938,1076,699,377
111000939,996,43,953
111000940,921,50,871
111000941,510,206,304
111000943,1010,321,689
111000944,186,147,39
111000945,184,831,-647
111001109,724,1164,-440
111001110,233,362,-129
111001111,119,5,114
111001112,71,12,59
111001113,0,218,-218
111001114,664,238,426
111001115,49,2423,-2374
111001116,2019,6681,-4662
111001117,275,3202,-2927
111001120,144,238,-94
111001121,161,143,18
111001122,53,80,-27
111900001,77,50,27
111900002,80,185,-105
111900003,23,183,-160
111900004,12,44,-32
111900006,37,61,-24
111900007,390,14,376
111900008,473,2,471
111900009,463,32,431
111900010,123,308,-185
111900012,37,77,-40
111900013,4,18,-14
111900014,2300,9154,-6854
111900015,0,42,-42
111900016,0,30,-30
111900017,1,28,-27
111900018,358,8,350
111900019,0,123,-123
111900020,8,58,-50
111900021,1,95,-94
111900022,36,21,15
111900023,40,28,12
111900024,0,29,-29
111900025,0,21,-21
111900026,0,15,-15
111900027,3,61,-58
111900028,0,96,-96
111900029,7,52,-45
111900030,16,336,-320
111900031,40,45,-5
111900032,1,83,-82
111900033,6,69,-63
111900034,79,269,-190
111900035,80,468,-388
111900036,0,82,-82
111900038,138,384,-246
111900039,46,201,-155
111900040,1,173,-172
111900042,30,94,-64
111900043,4,137,-133
111900044,74,198,-124
111900046,12,73,-61
111900048,701,268,433
111900049,17,169,-152
111900050,170,34,136
111900051,3,99,-96
111900052,121,272,-151
111900053,446,3442,-2996
111900054,333,9,324
111900055,9,224,-215
111900056,125,529,-404
111900057,249,16,233
111900058,1254,204,1050
111900059,1260,1142,118
111900060,493,3,490
111900061,3,99,-96
111900062,64,113,-49
111900063,419,194,225
111900064,45,84,-39
111900065,233,58,175
111900066,376,166,210
111900067,2,234,-232
111900068,88,132,-44
111900069,98,45,53
111900070,414,110,304
111900071,1,70,-69
111900072,79,49,30
111900073,2040,360,1680
111900074,8,173,-165
111900075,133,28,105
111900076,491,159,332
111900077,85,10,75
111900078,682,94,588
111900079,118,87,31
111900080,128,231,-103
111900081,397,288,109
111900082,355,122,233
111900083,435,67,368
111900084,334,2,332
111900085,54,115,-61
111900086,152,20,132
111900087,150,3,147
111900088,1248,44,1204
111900089,251,6,245
111900090,82,105,-23
111900091,846,34,812
111900092,266,1,265
111900093,989,19,970
111900094,378,2,376
111900095,735,56,679
111900096,540,20,520
111900097,111,1,110
111900098,606,4,602
111900099,177,0,177
111900100,208,12,196
111900101,141,18,123
111900102,1226,436,790
111900103,79,142,-63
111900104,134,75,59
111900105,348,487,-139
111900106,421,28,393
111900107,19,106,-87
111900108,116,289,-173
111900109,182,773,-591
111900110,1624,275,1349
111900111,344,38,306
111900112,395,7117,-6722
111900113,277,80,197
111900114,143,61,82
111900115,5,16,-11
111900118,312,165,147
111900119,431,217,214
111900122,82,107,-25
111900123,16,26,-10
111900124,23,26,-3
111900125,1041,126,915
111900126,702,12,690
111900127,3,173,-170
111900128,22,193,-171
111900129,443,3,440
111900130,289,116,173
111900131,1067,6,1061
111900132,6,387,-381
111900133,8,147,-139
111900134,2,127,-125
111900135,24,96,-72
111900136,68,230,-162
111900137,37,36,1
111900138,34,48,-14
111900139,31,48,-17
111900140,178,36,142
111900141,180,10,170
111900142,79,30,49
111900143,201,41,160
111900144,2,26,-24
111900145,1,127,-126
111900146,0,76,-76
111900147,20,275,-255
111900148,13,290,-277
111900149,14,143,-129
111900150,34,71,-37
111900151,4,40,-36
111900152,86,147,-61
111900153,499,1350,-851
111900154,67,1014,-947
111900155,135,217,-82
111900156,160,180,-20
111900157,460,34,426
111900158,1163,173,990
111900159,698,113,585
111900160,619,6,613
111900161,596,5,591
111900162,169,367,-198
111900163,26,134,-108
111900164,89,79,10
111901113,1068,41,1027
111901114,432,242,190
111901115,230,6,224
111901116,51,3,48
111901117,26,77,-51
111901118,22,673,-651
111901119,261,57,204
111901120,28,86,-58
111901121,32,85,-53
111901122,5,123,-118
111901123,680,87,593
111901124,556,6,550
111901125,756,155,601
111901126,323,168,155
111901127,352,1862,-1510
111901128,25,89,-64
111901129,4,161,-157
111901130,1,61,-60
111901131,1,130,-129
111901132,145,35,110
111901133,50,4,46
111901134,306,9,297
111901135,63,31,32
111901136,46,64,-18
111901137,1,59,-58
111901138,29,23,6
111901139,8,42,-34
111901140,1,30,-29
111901141,1,30,-29
111901142,2,28,-26
111901143,0,75,-75
111901144,26,58,-32
112000001,3660,1043,2617
112000002,885,1954,-1069
112000003,4083,1508,2575
112000004,1070,375,695
112000005,5348,5113,235
112000006,879,777,102
112000007,7697,4548,3149
112000008,4269,5372,-1103
112000009,3362,1740,1622
112000010,5632,6587,-955
112000011,1766,1392,374
112000012,5400,8608,-3208
112000013,2096,4851,-2755
112000014,1405,5497,-4092
112000015,1852,4428,-2576
112000016,3042,4622,-1580
112000017,622,6131,-5509
112000024,1000,528,472
112000026,2233,2189,44
112000027,1001,842,159
112000028,634,1076,-442
112000029,1226,1199,27
112000030,166,32,134
112000031,2190,5903,-3713
112000032,106,33,73
112000033,1644,4826,-3182
112000034,94,50,44
112000035,36,1381,-1345
112000036,326,1868,-1542
112000037,1010,1748,-738
112000038,1635,2161,-526
112000039,177,66,111
112000040,72,160,-88
112000041,300,421,-121
112000042,903,404,499
112000050,1886,1330,556
112000051,1786,3373,-1587
112000054,1731,1593,138
112000057,1008,301,707
112000058,366,641,-275
112000059,580,965,-385
112000061,2389,1076,1313
112000062,729,2022,-1293
112000063,285,5177,-4892
112000064,2864,3550,-686
112000065,987,2393,-1406
112000066,3960,1846,2114
112000067,478,522,-44
112000068,4057,3964,93
112000069,592,1781,-1189
112000070,2573,1094,1479
112000071,1351,1640,-289
112000072,3611,1112,2499
112000073,1543,1958,-415
112000074,1373,1226,147
112000075,1454,1602,-148
112000076,3584,2497,1087
112000077,1482,457,1025
112000078,3084,761,2323
112000079,2681,1489,1192
112000080,1019,663,356
112000081,1025,1874,-849
112000082,1480,591,889
112000083,976,929,47
112000084,1707,535,1172
112000085,2271,692,1579
112000086,2419,689,1730
112000087,753,250,503
112000088,1121,216,905
112000089,421,391,30
112000090,247,193,54
112000091,747,572,175
112000092,3673,1041,2632
112000093,1648,532,1116
112000094,1050,767,283
112000095,1060,593,467
112000096,1060,589,471
112000097,2640,1006,1634
112000098,591,443,148
112000099,1068,2661,-1593
112000100,3225,776,2449
112000101,830,402,428
112000102,2656,450,2206
112000103,523,465,58
112000105,597,531,66
112000106,3423,484,2939
112000107,34,226,-192
112000108,533,913,-380
112000109,98,63,35
112000110,2209,610,1599
112000111,553,3612,-3059
112000112,4048,586,3462
112000113,835,997,-162
112000114,3647,1062,2585
112000115,364,394,-30
112000116,753,976,-223
112000117,1448,626,822
112000118,997,619,378
112000119,436,491,-55
112000120,69,251,-182
112000121,155,282,-127
112000122,472,127,345
112000123,1221,93,1128
112000124,878,93,785
112000125,412,347,65
112000126,731,207,524
112000127,2486,3729,-1243
112000128,676,765,-89
112000129,170,68,102
112000130,460,123,337
112000131,45,153,-108
112000132,267,181,86
112000133,502,105,397
112000134,780,279,501
112000135,1470,812,658
112000136,1026,1379,-353
112000137,2301,2476,-175
112000138,1221,1070,151
112000139,788,1018,-230
112000140,262,1093,-831
112000141,1682,685,997
112000142,154,348,-194
112000143,1604,225,1379
112000144,282,629,-347
112000145,4056,493,3563
112000146,715,998,-283
112000147,3616,1879,1737
112000148,1039,1272,-233
112000149,777,453,324
112000150,446,295,151
112000151,473,149,324
112000152,968,277,691
112000153,145,138,7
112000154,382,311,71
112000155,180,183,-3
112000157,586,1362,-776
112000158,366,265,101
112000159,1344,251,1093
112000167,577,308,269
112000169,231,611,-380
112000173,1805,391,1414
112000175,620,191,429
112000176,790,1502,-712
112000177,1642,503,1139
112000178,151,258,-107
112000179,423,123,300
112000180,481,245,236
112000181,1463,1027,436
112000182,2997,525,2472
112000183,56,13,43
112000184,733,200,533
112000185,1407,253,1154
112000187,6969,4693,2276
112000195,310,26,284
112000196,202,1,201
112000197,127,305,-178
112000198,28,276,-248
112000199,94,551,-457
112000202,906,37,869
112000216,57,210,-153
112000230,141,13,128
112000231,2,89,-87
112000256,118,377,-259
112000313,103,38,65
112000314,101,80,21
112000337,207,621,-414
112000352,148,392,-244
112000392,2658,1132,1526
112000398,2808,816,1992
112000399,1398,8045,-6647
112000400,1461,1117,344
112000401,1460,959,501
112000402,6071,7161,-1090
112000403,1787,7957,-6170
112000404,2070,1776,294
112000405,4020,3854,166
112000406,2475,1097,1378
112000407,13277,10415,2862
112000408,6019,2602,3417
112000409,1419,1923,-504
112000410,512,560,-48
112000411,2131,2134,-3
112000412,604,523,81
112000413,4132,11037,-6905
112000414,221,34,187
112000415,100,51,49
112000416,4853,1331,3522
112000417,404,91,313
112000421,88,41,47
112000422,467,204,263
112000424,986,4749,-3763
112000425,554,249,305
112000426,317,400,-83
112000427,0,21,-21
112000428,526,226,300
112000429,2961,2401,560
112000430,3122,4338,-1216
112000431,141,156,-15
112000432,802,420,382
112000433,426,773,-347
112000437,52,74,-22
112900001,109,1,108
112900002,1231,355,876
112900003,83,89,-6
112900004,165,78,87
112900005,511,48,463
112900006,15,142,-127
112900007,64,75,-11
112900008,0,62,-62
112900009,772,337,435
112900010,1062,300,762
112900011,88,194,-106
112900012,9,12,-3
112900013,12,291,-279
112900014,14,111,-97
112900015,154,625,-471
112900016,8,100,-92
112900017,63,117,-54
112900018,1,51,-50
112900019,10,192,-182
112900020,261,960,-699
112900021,6,128,-122
112900022,11,27,-16
112900023,1,36,-35
112900024,22,87,-65
112900025,83,134,-51
112900026,2,28,-26
112900027,4,197,-193
112900028,11,88,-77
112900029,19,113,-94
112900030,60,66,-6
112900031,2,232,-230
112900032,346,186,160
112900034,0,32,-32
112900035,0,136,-136
112900036,31,118,-87
112900037,306,213,93
112900038,1177,162,1015
112900039,2,132,-130
112900040,19,874,-855
112900041,479,1898,-1419
112900042,117,159,-42
112900043,59,71,-12
112900044,261,403,-142
112900045,220,152,68
112900046,119,99,20
112900047,22,45,-23
112900049,556,58,498
112900050,22,792,-770
112900051,230,374,-144
112900052,3,236,-233
112900053,128,235,-107
112900054,140,52,88
112900055,99,89,10
112900056,553,332,221
112900057,28,129,-101
112900058,456,442,14
112900059,184,359,-175
112900060,51,21,30
112900061,188,182,6
112900062,100,77,23
112900063,27,26,1
112900064,44,232,-188
112900065,22,52,-30
112900066,357,523,-166
112900067,243,80,163
112900068,29,80,-51
112900069,1597,1653,-56
112900071,49,5,44
112900072,83,5992,-5909
112900073,443,418,25
112900074,198,603,-405
112900075,798,2079,-1281
112900076,81,72,9
112900078,403,842,-439
112900079,407,30,377
112900080,179,15,164
112900081,147,575,-428
112900082,924,112,812
112900083,262,200,62
112900084,453,442,11
112900085,1,17,-16
112900086,143,1,142
112900087,2412,258,2154
112900088,329,29,300
112900089,1900,53,1847
112900090,256,134,122
112900091,469,34,435
112900092,89,1137,-1048
112900093,1882,70,1812
112900094,151,5,146
112900095,136,4,132
112900096,1146,295,851
112900097,151,276,-125
112900098,160,2,158
112900099,1691,59,1632
112900100,223,4,219
112900101,741,16,725
112900102,155,56,99
112900103,345,9,336
112900104,82,0,82
112900105,39,0,39
112900106,530,206,324
112900107,8,1,7
112900108,10,0,10
112900109,306,2,304
112900110,2734,88,2646
112900111,1206,23,1183
112900112,459,1,458
112900113,0,6,-6
112900114,622,24,598
112900115,3041,18,3023
112900116,210,11,199
112900117,67,25,42
112900118,9,119,-110
112900119,345,9,336
112900120,451,233,218
112900121,52,79,-27
112900122,2,67,-65
112900123,258,61,197
112900124,18,34,-16
112900125,35,621,-586
112900126,98,99,-1
112900127,696,217,479
112900128,81,482,-401
112900129,5,556,-551
112900130,399,233,166
112900131,31,236,-205
112900132,120,343,-223
112900133,13,1086,-1073
112900134,0,266,-266
112900135,137,112,25
112900136,0,11,-11
112900137,0,289,-289
112900138,8,98,-90
112900139,63,722,-659
112900140,0,31,-31
112900141,1194,37,1157
112900142,49,496,-447
112900143,7,264,-257
112900144,0,112,-112
112900145,10,363,-353
112900146,3,332,-329
112900147,0,429,-429
112900148,84,1,83
112900149,445,209,236
112900151,2,28,-26
112900152,2468,517,1951
112900153,482,4244,-3762
112900154,1,18,-17
112900155,244,19,225
112900156,1033,452,581
112900157,633,12,621
112900158,165,9,156
112900159,282,238,44
112900160,42,167,-125
112900161,254,104,150
112900162,16,23,-7
112900163,20,65,-45
112900164,151,191,-40
112900165,55,56,-1
112900166,16,128,-112
112900167,2,241,-239
112900168,3,5,-2
112900169,9,37,-28
112900170,136,272,-136
112900172,63,32,31
112900173,200,165,35
112900174,584,95,489
112900175,131,416,-285
112900176,15,50,-35
112900177,224,112,112
112900178,691,4229,-3538
112900179,14,341,-327
112900180,3203,1312,1891
112900181,1724,13,1711
112900182,98,295,-197
112900183,79,354,-275
112900184,383,790,-407
112900185,157,835,-678
112900186,994,1594,-600
112900187,111,693,-582
112900188,774,4984,-4210
112900189,24,12,12
112900190,4,31,-27
112900192,927,809,118
112900193,1419,448,971
112900194,119,14,105
112900195,1036,65,971
112900196,436,456,-20
112900197,160,315,-155
112900199,1263,327,936
112900200,879,110,769
112900201,318,135,183
112900202,848,465,383
112900203,633,156,477
112900204,549,527,22
112900205,12,12,0
112900206,21,47,-26
112900207,37,0,37
112900208,67,389,-322
112900209,164,286,-122
112900210,3,7,-4
112900211,96,8,88
112900212,2,28,-26
112900213,71,3,68
112900214,8,18,-10
112900215,33,28,5
112900216,19,28,-9
112900217,5,36,-31
112900218,145,5,140
112900219,192,11,181
112900220,1,0,1
112900221,66,95,-29
112900222,0,60,-60
112900223,1405,33,1372
112900224,796,234,562
112900225,956,235,721
112900226,247,482,-235
112900227,1525,323,1202
112900228,135,57,78
112900229,690,4,686
112900230,10773,3736,7037
112900232,572,524,48
112900233,87,71,16
112900234,70,12,58
112900235,19,11,8
112900236,787,21,766
112900237,393,60,333
112900238,15,5,10
113000001,7593,6408,1185
113000002,5784,4593,1191
113000003,2366,2160,206
113000004,2349,2460,-111
113000005,2532,1932,600
113000006,1435,1922,-487
113000007,3308,1853,1455
113000008,2418,2279,139
113000009,1941,792,1149
113000010,1920,1229,691
113000011,1670,1172,498
113000012,2189,921,1268
113000013,970,682,288
113000014,1084,1786,-702
113000015,134,174,-40
113000016,383,879,-496
113000017,108,417,-309
113000018,503,42,461
113000019,335,351,-16
113000020,295,70,225
113000021,2005,1298,707
113000022,1022,3917,-2895
113000025,208,285,-77
113000026,801,1189,-388
113000027,653,2339,-1686
113000028,815,4227,-3412
113000029,1204,981,223
113000030,258,488,-230
113000031,147,270,-123
113000032,314,424,-110
113000033,304,427,-123
113000034,199,203,-4
113000035,23,46,-23
113000036,30,81,-51
113000037,68,38,30
113000038,24,105,-81
113000039,38,256,-218
113000040,74,121,-47
113000042,976,801,175
113000051,1874,2833,-959
113000052,3098,670,2428
113000053,986,537,449
113000054,815,882,-67
113000055,2540,576,1964
113000056,2157,1232,925
113000058,557,850,-293
113000059,1195,369,826
113000060,598,627,-29
113000061,692,846,-154
113000062,570,486,84
113000063,549,70,479
113000064,108,210,-102
113000065,283,500,-217
113000066,1226,139,1087
113000067,4000,990,3010
113000068,650,513,137
113000069,916,440,476
113000070,3932,994,2938
113000071,963,461,502
113000072,1753,427,1326
113000073,531,1818,-1287
113000074,1296,503,793
113000075,2278,969,1309
113000076,527,4200,-3673
113000077,846,1143,-297
113000078,516,2516,-2000
113000079,461,1231,-770
113000080,735,1460,-725
113000081,795,1558,-763
113000082,1370,1268,102
113000083,814,1141,-327
113000084,2134,1295,839
113000085,1160,755,405
113000086,861,1527,-666
113000087,1016,1680,-664
113000088,2072,1680,392
113000089,935,1864,-929
113000090,260,962,-702
113000091,290,519,-229
113000094,1864,385,1479
113000095,322,928,-606
113000096,193,1256,-1063
113000097,1566,776,790
113000098,153,96,57
113000099,1807,738,1069
113000100,227,888,-661
113000101,237,1501,-1264
113000102,833,878,-45
113000103,3037,412,2625
113000104,913,3483,-2570
113000105,1457,854,603
113000106,548,539,9
113000107,1393,1290,103
113000108,1169,1054,115
113000109,638,1399,-761
113000110,6224,966,5258
113000111,138,722,-584
113000112,428,446,-18
113000113,1525,403,1122
113000114,237,1707,-1470
113000116,692,315,377
113000117,1513,91,1422
113000118,30,792,-762
113000119,367,472,-105
113000120,65,431,-366
113000121,514,1650,-1136
113000124,386,139,247
113000125,45,1433,-1388
113000127,2002,263,1739
113000128,2251,313,1938
113000129,528,1081,-553
113000133,3376,996,2380
113000134,12,1906,-1894
113000135,5750,6108,-358
113000137,1100,4839,-3739
113000139,565,239,326
113000140,72,93,-21
113000141,117,196,-79
113000142,163,687,-524
113000143,350,193,157
113000144,214,531,-317
113000145,138,175,-37
113000146,237,39,198
113000147,283,142,141
113000148,367,198,169
113000149,334,337,-3
113000150,631,558,73
113000151,39,49,-10
113000152,40,250,-210
113000153,1767,395,1372
113000154,607,2023,-1416
113000155,524,878,-354
113000156,219,443,-224
113000157,366,437,-71
113000158,729,249,480
113000159,1262,518,744
113000160,668,402,266
113000161,568,208,360
113000162,1364,305,1059
113000163,211,41,170
113000164,25,70,-45
113000166,363,64,299
113000167,82,81,1
113000168,240,123,117
113000169,314,58,256
113000170,86,77,9
113000171,89,103,-14
113000172,451,65,386
113000173,107,38,69
113000174,208,131,77
113000175,693,124,569
113000176,842,79,763
113000177,216,162,54
113000178,186,128,58
113000179,451,146,305
113000180,1293,1866,-573
113000181,1374,738,636
113000182,157,501,-344
113000183,253,801,-548
113000184,34,122,-88
113000189,308,1236,-928
113000190,152,302,-150
113000192,662,8955,-8293
113000193,2058,5710,-3652
113000194,980,5644,-4664
113000195,1774,5064,-3290
113000196,444,105,339
113000197,1667,3706,-2039
113000198,183,293,-110
113000199,2223,493,1730
113000201,418,877,-459
113000202,17663,2866,14797
113000203,124,555,-431
113000204,604,10123,-9519
113000205,27,49,-22
113000206,16,89,-73
113000207,68,18,50
113000208,46,65,-19
113000209,14,16,-2
113000210,17,30,-13
113000211,73,354,-281
113000212,20,60,-40
113000213,19,159,-140
113000214,171,456,-285
113000234,383,731,-348
113000410,66,228,-162
113000411,1597,3254,-1657
113000412,5257,1823,3434
113000413,1059,3527,-2468
113000414,3926,14249,-10323
113000415,2458,1556,902
113000416,2940,2540,400
113000417,1228,2019,-791
113000418,5485,5014,471
113000419,1667,3608,-1941
113000420,2850,7995,-5145
113000421,5813,9244,-3431
113000422,9942,10835,-893
113000423,1450,6787,-5337
113000424,2401,11218,-8817
113000425,6,68,-62
113000428,45,20,25
113000430,5,103,-98
113000432,3334,260,3074
113000433,75,587,-512
113000434,19,69,-50
113000435,19,208,-189
113000436,21,568,-547
113000437,1972,24,1948
113000438,645,21,624
113000439,32,69,-37
113000440,193,59,134
113000441,322,195,127
113000442,219,77,142
113000443,370,217,153
113000444,471,58,413
113000445,130,78,52
113000446,73,115,-42
113000448,1423,399,1024
113000449,209,1086,-877
113000450,2183,2808,-625
113000451,5151,428,4723
113000452,157,646,-489
113000453,43,1176,-1133
113000454,395,100,295
113000455,7,3132,-3125
113000456,3154,3213,-59
113000468,855,88,767
113000469,71,340,-269
113000470,554,28,526
113000471,11,467,-456
113000472,73,251,-178
113000474,1543,888,655
113000475,1646,1363,283
113000476,3211,2367,844
113000477,6050,2028,4022
113000478,3440,3056,384
113000479,171,66,105
113000480,109,1125,-1016
113000482,0,0,0
113000483,0,0,0
113000485,0,0,0
113000486,0,0,0
113000487,0,0,0
113000488,0,0,0
113000489,0,0,0
113000490,0,0,0
113000491,0,0,0
113000492,0,0,0
113000493,0,0,0
113000495,260,80,180
113000496,136,91,45
113000497,0,0,0
113000500,0,1,-1
113900001,39,2703,-2664
113900002,2,62,-60
113900003,0,204,-204
113900004,6,466,-460
113900005,7,912,-905
113900006,1,60,-59
113900007,92,71,21
113900008,27,0,27
113900009,71,1,70
113900010,71,2,69
113900011,197,0,197
113900012,84,1,83
113900013,140,9,131
113900014,1091,2,1089
113900015,0,37,-37
113900016,54,0,54
113900017,12,95,-83
113900018,252,360,-108
113900019,249,34,215
113900020,307,1,306
113900022,123,2,121
113900023,59,3,56
113900024,84,56,28
113900025,400,17,383
113900026,120,0,120
113900027,28,148,-120
113900028,41,190,-149
113900029,96,183,-87
113900030,506,12,494
113900031,126,6,120
113900032,70,0,70
113900033,91,52,39
113900035,126,1,125
113900036,37,120,-83
113900037,261,210,51
113900038,20,181,-161
113900039,313,62,251
113900040,15,74,-59
113900041,53,13,40
113900042,165,27,138
113900043,298,67,231
113900044,135,381,-246
113900045,111,1,110
113900046,628,1632,-1004
113900047,190,96,94
113900048,109,124,-15
113900049,158,419,-261
113900050,520,623,-103
113900051,325,246,79
113900052,138,75,63
113900053,761,1092,-331
113900054,66,0,66
113900055,156,505,-349
113900056,80,86,-6
113900057,20,70,-50
113900058,167,43,124
113900059,297,230,67
113900060,55,252,-197
113900061,550,191,359
113900062,209,46,163
113900063,192,84,108
113900064,43,80,-37
113900065,669,9,660
113900066,717,177,540
113900067,376,195,181
113900068,667,1101,-434
113900069,49,38,11
113900070,100,355,-255
113900071,135,21,114
113900072,46,147,-101
113900073,329,304,25
113900074,227,348,-121
113900075,1160,2652,-1492
113900076,254,32,222
113900077,55,168,-113
113900078,73,12,61
113900079,2,49,-47
113900080,724,256,468
113900081,89,150,-61
113900082,186,226,-40
113900083,808,129,679
113900084,263,194,69
113900085,71,121,-50
113900086,97,9,88
113900087,186,152,34
113900088,71,117,-46
113900089,673,66,607
113900090,853,526,327
113900091,5,11,-6
113900092,20,122,-102
113900093,90,1473,-1383
113900094,1021,314,707
113900095,280,287,-7
113900096,489,157,332
113900097,37,55,-18
113900098,1262,235,1027
113900099,1,14,-13
113900100,0,1,-1
113900101,5,73,-68
113900102,97,160,-63
113900103,240,659,-419
113900104,126,461,-335
113900105,313,64,249
113900106,2,27,-25
113900107,15,15,0
113900108,110,299,-189
113900109,323,254,69
113900110,74,28,46
113900111,282,79,203
113900112,355,52,303
113900113,1366,433,933
113900114,2,19,-17
113900115,1,25,-24
113900116,75,264,-189
113900117,82,17,65
113900118,186,769,-583
113900119,99,479,-380
113900120,36,57,-21
113900121,134,89,45
113900122,535,4506,-3971
113900123,742,243,499
113900124,0,68,-68
113900125,1387,167,1220
113900126,127,51,76
113900127,367,962,-595
113900128,230,74,156
113900129,2,246,-244
113900130,1,216,-215
113900131,438,72,366
113900132,55,124,-69
113900133,7,25,-18
113900135,273,587,-314
113900136,173,75,98
113900137,481,532,-51
113900138,41,373,-332
113900139,305,335,-30
113900140,50,407,-357
113900141,940,252,688
113900142,149,89,60
113900143,59,65,-6
113900144,97,482,-385
113900145,385,143,242
113900146,263,100,163
113900148,111,318,-207
113900149,153,126,27
113900150,327,396,-69
113900151,538,156,382
113900152,54,53,1
113900153,130,544,-414
113900154,2,128,-126
113900155,118,290,-172
113900156,271,281,-10
113900157,83,496,-413
113900158,146,513,-367
113900159,8,208,-200
113900160,474,274,200
113900161,104,387,-283
113900162,181,1055,-874
113900163,368,268,100
113900164,650,68,582
113900165,810,617,193
113900166,50,78,-28
113900167,414,42,372
113900168,61,69,-8
113900169,245,331,-86
113900171,418,110,308
113900172,6,75,-69
113900173,31,325,-294
113900174,607,541,66
113900175,404,245,159
113900176,406,304,102
113900177,319,362,-43
113900178,370,296,74
113900179,63,223,-160
113900180,132,150,-18
113900181,1713,310,1403
113900182,803,573,230
113900183,123,70,53
113900184,9,259,-250
113900185,178,67,111
113900186,52,104,-52
113900187,44,88,-44
113900188,28,118,-90
113900189,384,295,89
113900190,202,88,114
113900191,68,122,-54
113900192,11,1146,-1135
113900193,24,91,-67
113900194,1402,482,920
113900195,229,559,-330
113900196,2,289,-287
113900197,0,114,-114
113900198,27,565,-538
113900199,82,480,-398
113900200,10,217,-207
113900201,0,72,-72
113900202,73,129,-56
113900203,0,34,-34
113900204,26,234,-208
113900205,30,42,-12
113900206,10,68,-58
113900207,5,39,-34
113900208,0,29,-29
113900209,0,42,-42
113900210,482,845,-363
113900211,340,78,262
113900212,284,289,-5
113900214,347,808,-461
113900215,81,168,-87
113900216,251,533,-282
113900217,170,99,71
113900218,116,90,26
113900219,194,1436,-1242
113900220,181,179,2
113900221,308,433,-125
113900222,107,636,-529
113900223,218,212,6
113900224,34,73,-39
113900225,571,114,457
113900226,533,190,343
113900227,369,273,96
113900228,358,637,-279
113900229,62,1335,-1273
113900230,2144,3684,-1540
113900231,276,106,170
113900232,187,43,144
113900233,143,72,71
113900234,558,537,21
113900235,113,42,71
113900236,401,113,288
113900237,323,41,282
113900238,325,912,-587
113900239,69,278,-209
113900240,11,290,-279
113900241,46,225,-179
113900242,41,444,-403
113900243,61,208,-147
113900244,156,229,-73
113900245,905,617,288
113900246,7,36,-29
113900247,106,797,-691
113900248,2789,2475,314
113900249,415,690,-275
113900250,76,332,-256
113900251,1543,59,1484
113900252,1193,46,1147
113900253,1109,62,1047
113900254,873,279,594
113900255,1166,18,1148
113900256,509,47,462
113900257,53,254,-201
113900258,54,288,-234
113900259,1068,101,967
113900260,380,16,364
113900261,38,46,-8
113900262,212,338,-126
113900263,38,341,-303
113900264,18,239,-221
113900265,149,525,-376
113900266,20,115,-95
113900267,91,1111,-1020
113900268,356,702,-346
113900269,105,152,-47
113900270,178,873,-695
113900271,933,488,445
113900273,16,25,-9
113900274,73,25,48
113900275,22,120,-98
113900276,6,153,-147
113900277,266,9,257
113900278,234,144,90
113900279,73,112,-39
113900280,1428,745,683
113900281,228,1729,-1501
113900282,323,462,-139
113900283,395,616,-221
113900284,1419,240,1179
113900285,138,68,70
113900286,159,88,71
113900287,111,36,75
113900288,8,78,-70
113900289,360,146,214
113900290,270,338,-68
113900291,117,105,12
113900292,10,11,-1
113900293,10,213,-203
113900294,766,20,746
113900295,432,651,-219
113900296,2854,413,2441
113900297,3355,63,3292
113900298,28,1332,-1304
113900299,143,8,135
113900300,6255,6038,217
113900301,584,821,-237
113900302,1378,1187,191
113900303,243,1062,-819
113900304,0,118,-118
113900305,188,2,186
113900306,192,2,190
113900307,6,1,5
113900308,113,184,-71
113900309,0,327,-327
113900310,1,4,-3
113900311,37,1,36
113900312,220,227,-7
113900313,1,6,-5
114000001,1193,2721,-1528
114000002,644,348,296
114000003,116,228,-112
114000004,218,159,59
114000005,391,226,165
114000006,1434,2221,-787
114000007,822,1168,-346
114000008,1952,3011,-1059
114000009,1492,450,1042
114000011,4334,2236,2098
114000012,5246,1599,3647
114000013,2918,1008,1910
114000014,716,205,511
114000015,2948,200,2748
114000016,347,100,247
114000017,151,177,-26
114000018,129,16,113
114000026,4083,1241,2842
114000027,6788,3266,3522
114000028,2658,4682,-2024
114000038,447,122,325
114000039,132,29,103
114000040,192,509,-317
114000042,264,180,84
114000043,80,42,38
114000044,504,20,484
114000045,82,23,59
114000046,2302,5528,-3226
114000047,15,111,-96
114000048,132,48,84
114000049,2135,2536,-401
114000050,2216,3162,-946
114000051,3632,3385,247
114000052,4530,3382,1148
114000053,86,1203,-1117
114000054,304,839,-535
114000055,267,95,172
114000056,193,1284,-1091
114000057,4748,2505,2243
114000058,98,1537,-1439
114000059,43,789,-746
114000060,962,987,-25
114000061,3462,4391,-929
114000062,550,2195,-1645
114000063,1290,1554,-264
114000064,2062,4525,-2463
114000065,1143,2235,-1092
114000066,536,996,-460
114000067,20,1284,-1264
114000068,689,1103,-414
114000069,1285,755,530
114000070,2375,2418,-43
114000071,1083,563,520
114000072,865,219,646
114000073,36,26,10
114000074,113,20,93
114000075,101,44,57
114000076,51,40,11
114000077,13,3,10
114000078,424,333,91
114000079,394,27,367
114000080,109,76,33
114000081,167,125,42
114000082,69,197,-128
114000083,106,85,21
114000084,456,140,316
114000085,89,303,-214
114000086,498,198,300
114000087,299,59,240
114000088,37,14,23
114000089,537,237,300
114000090,1285,1766,-481
114000091,1401,1388,13
114000092,853,569,284
114000093,1719,697,1022
114000094,544,498,46
114000095,274,335,-61
114000096,66,250,-184
114000097,129,269,-140
114000098,874,205,669
114000099,1285,139,1146
114000100,2705,367,2338
114000101,638,297,341
114000102,1073,343,730
114000103,102,162,-60
114000104,8,132,-124
114000105,289,102,187
114000106,974,2811,-1837
114000107,1188,152,1036
114000108,711,770,-59
114000109,1129,1782,-653
114000110,614,786,-172
114000111,3054,1064,1990
114000112,271,815,-544
114000113,1326,427,899
114000114,547,666,-119
114000115,2533,1268,1265
114000116,1504,5223,-3719
114000117,6571,813,5758
114000118,5045,696,4349
114000119,3970,706,3264
114000120,808,609,199
114000121,520,773,-253
114000122,437,326,111
114000123,3584,527,3057
114000124,1654,550,1104
114000125,1196,1073,123
114000126,2773,289,2484
114000127,224,78,146
114000128,1034,256,778
114000130,501,406,95
114000131,408,131,277
114000132,779,347,432
114000133,815,1325,-510
114000134,90,38,52
114000138,36,125,-89
114000139,473,669,-196
114000144,989,876,113
114000145,83,130,-47
114000146,154,95,59
114000147,1854,3955,-2101
114000148,1040,2015,-975
114000149,391,551,-160
114000150,351,812,-461
114000151,740,2339,-1599
114000152,64,68,-4
114000153,616,2969,-2353
114000154,740,726,14
114000155,1291,3483,-2192
114000156,769,995,-226
114000157,420,1756,-1336
114000158,1174,735,439
114000159,128,550,-422
114000160,76,653,-577
114000161,1144,4158,-3014
114000162,1732,4324,-2592
114000163,23,33,-10
114000165,522,591,-69
114000166,598,857,-259
114000167,2644,1526,1118
114000168,407,461,-54
114000169,1333,1838,-505
114000170,1238,2047,-809
114000171,2216,11698,-9482
114000174,213,396,-183
114000176,276,676,-400
114000177,750,434,316
114000178,90,60,30
114000179,1083,887,196
114000180,243,382,-139
114000181,1900,7356,-5456
114000182,829,2898,-2069
114000183,694,744,-50
114000184,2086,507,1579
114000185,1577,822,755
114000189,2174,256,1918
114000190,5517,732,4785
114000191,124,476,-352
114000192,104,681,-577
114000193,188,863,-675
114000194,2062,641,1421
114000195,402,225,177
114000196,0,43,-43
114000197,3394,19,3375
114000198,716,323,393
114000199,1503,1911,-408
114000200,589,889,-300
114000201,288,605,-317
114000202,998,467,531
114000203,746,692,54
114000204,176,420,-244
114000205,206,1417,-1211
114000206,989,1149,-160
114000207,459,772,-313
114000208,561,1181,-620
114000209,410,1270,-860
114000210,169,660,-491
114000211,1863,1140,723
114000212,1164,1020,144
114000213,2126,460,1666
114000214,72,85,-13
114000215,281,148,133
114000216,2209,391,1818
114000217,602,148,454
114000218,364,101,263
114000219,1724,186,1538
114000220,71,489,-418
114000221,1614,200,1414
114000222,171,452,-281
114000223,925,177,748
114000224,50,405,-355
114000225,498,309,189
114000226,356,228,128
114000227,1000,660,340
114000228,1215,481,734
114000229,1948,1267,681
114000230,2112,812,1300
114000231,1430,1685,-255
114000232,1409,216,1193
114000233,3424,91,3333
114000234,1472,525,947
114000235,1800,1021,779
114000236,0,267,-267
114000237,203,655,-452
114000238,147,252,-105
114000239,200,853,-653
114000240,1119,1132,-13
114000241,323,682,-359
114000242,727,598,129
114000243,2438,1014,1424
114000244,584,314,270
114000245,572,891,-319
114000246,108,54,54
114000247,561,537,24
114000248,2100,769,1331
114000249,709,411,298
114000250,827,415,412
114000251,460,219,241
114000252,77,34,43
114000253,54,70,-16
114000254,71,22,49
114000255,830,808,22
114000256,468,2781,-2313
114000257,459,907,-448
114000258,402,221,181
114000259,229,231,-2
114000260,1,37,-36
114000261,36,25,11
114000262,400,76,324
114000263,29,1,28
114000264,2181,396,1785
114000265,0,2,-2
114000267,3,2086,-2083
114000268,0,489,-489
114000270,265,1,264
114000271,284,82,202
114000283,1997,283,1714
114000285,14,71,-57
114000288,100,279,-179
114000289,2402,116,2286
114000293,285,469,-184
114000294,240,290,-50
114000395,1636,31,1605
114000396,936,962,-26
114000402,1216,176,1040
114000403,562,242,320
114000405,328,155,173
114000423,597,163,434
114000424,644,161,483
114000425,1678,219,1459
114000426,376,994,-618
114000427,150,95,55
114000428,52,144,-92
114000429,33,124,-91
114000432,137,49,88
114000434,42,79,-37
114900001,975,401,574
114900002,482,285,197
114900003,1279,479,800
114900004,281,597,-316
114900005,1242,318,924
114900006,108,142,-34
114900007,448,43,405
114900008,385,175,210
114900010,1414,1877,-463
114900011,394,156,238
114900013,404,170,234
114900015,170,639,-469
114900018,1136,36,1100
114900020,256,111,145
114900021,352,201,151
114900022,3,682,-679
114900024,257,99,158
114900025,735,148,587
114900026,129,195,-66
114900027,271,185,86
114900029,46,11,35
114900030,543,262,281
114900031,761,30,731
114900032,661,47,614
114900033,699,2050,-1351
114900034,36,62,-26
114900035,130,366,-236
114900036,278,289,-11
114900037,101,100,1
114900038,344,364,-20
114900039,737,260,477
114900040,119,90,29
114900041,1596,190,1406
114900042,2013,253,1760
114900043,248,135,113
114900044,203,80,123
114900045,198,164,34
114900046,28,56,-28
114900047,241,4582,-4341
114900048,66,116,-50
114900049,6,75,-69
114900050,85,114,-29
114900051,55,159,-104
114900052,41,343,-302
114900053,85,225,-140
114900054,23,74,-51
114900057,190,23,167
114900058,7,56,-49
114900059,176,95,81
114900060,322,1112,-790
114900061,158,49,109
114900062,154,374,-220
114900063,102,67,35
114900064,3571,191,3380
114900065,945,906,39
114900067,26,436,-410
114900068,49,93,-44
114900069,185,89,96
114900070,759,320,439
114900072,2,210,-208
114900073,9,39,-30
114900074,1225,198,1027
114900075,480,31,449
114900076,13,214,-201
114900080,1097,197,900
114900082,2692,3730,-1038
114900083,597,1407,-810
114900084,481,126,355
114900090,786,174,612
114900091,99,151,-52
114900095,210,60,150
114900096,312,591,-279
114900097,323,15,308
114900098,9,77,-68
114900099,419,18,401
115000001,4242,2098,2144
115000002,5486,7217,-1731
115000003,4557,1774,2783
115000004,6646,8402,-1756
115000005,2436,2387,49
115000006,1540,1812,-272
115000007,266,329,-63
115000008,580,516,64
115000009,486,317,169
115000010,387,231,156
115000013,48,216,-168
115000015,24,230,-206
115000016,144,508,-364
115000019,43,690,-647
115000020,227,1524,-1297
115000021,365,344,21
115000022,555,284,271
115000023,387,661,-274
115000024,1062,387,675
115000025,1209,867,342
115000026,305,292,13
115000027,571,355,216
115000028,329,567,-238
115000029,1104,119,985
115000030,799,1085,-286
115000031,1034,426,608
115000032,16,242,-226
115000033,180,36,144
115000034,76,1169,-1093
115000035,1179,73,1106
115000036,1,379,-378
115000037,710,16,694
115000038,119,170,-51
115000039,3555,4735,-1180
115000040,3646,2673,973
115000041,2402,5766,-3364
115000042,600,700,-100
115000043,4794,3796,998
115000044,3306,3321,-15
115000045,2790,1211,1579
115000046,4037,3384,653
115000047,4112,1665,2447
115000048,2594,1952,642
115000049,1647,3162,-1515
115000050,4208,1945,2263
115000051,1983,4848,-2865
115000052,1251,1460,-209
115000053,3424,3064,360
115000054,688,840,-152
115000055,194,866,-672
115000056,148,385,-237
115000057,531,1664,-1133
115000058,194,433,-239
115000059,306,458,-152
115000061,122,197,-75
115000062,324,490,-166
115000063,654,406,248
115000064,195,112,83
115000065,80,506,-426
115000067,231,35,196
115000069,253,276,-23
115000070,20,1328,-1308
115000071,106,25,81
115000072,5,34,-29
115000073,2104,104,2000
115000075,123,90,33
115000076,2836,2524,312
115000077,3072,1636,1436
115000078,2532,902,1630
115000079,2258,1280,978
115000080,4615,1464,3151
115000081,368,545,-177
115000082,7108,5919,1189
115000083,2732,1096,1636
115000084,4966,1247,3719
115000085,1510,801,709
115000086,2229,819,1410
115000087,452,1712,-1260
115000088,2466,967,1499
115000089,1469,1160,309
115000090,621,1075,-454
115000091,333,494,-161
115000092,1170,810,360
115000093,1037,2,1035
115000094,5723,8707,-2984
115000095,4420,9344,-4924
115000096,1544,896,648
115000097,2840,1543,1297
115000098,2251,544,1707
115000099,3657,1779,1878
115000100,1972,347,1625
115000101,825,892,-67
115000102,887,316,571
115000103,404,490,-86
115000105,84,98,-14
115000106,1145,429,716
115000107,281,303,-22
115000108,2084,1913,171
115000109,3972,7306,-3334
115000110,1601,2980,-1379
115000111,467,1462,-995
115000112,1012,1207,-195
115000113,625,1247,-622
115000114,1653,736,917
115000116,3159,2542,617
115000117,2325,2654,-329
115000118,2414,2086,328
115000119,1744,2591,-847
115000120,653,1507,-854
115000121,598,896,-298
115000122,795,2134,-1339
115000123,1078,2400,-1322
115000124,820,1222,-402
115000125,464,1065,-601
115000126,214,554,-340
115000127,451,231,220
115000128,397,1073,-676
115000129,233,618,-385
115000130,586,468,118
115000131,1236,269,967
115000132,486,508,-22
115000133,810,174,636
115000134,443,644,-201
115000135,315,297,18
115000136,342,317,25
115000137,115,314,-199
115000138,510,268,242
115000139,226,218,8
115000140,558,142,416
115000141,382,152,230
115000142,226,108,118
115000143,1441,748,693
115000144,578,59,519
115000145,305,136,169
115000146,680,578,102
115000147,346,456,-110
115000148,527,546,-19
115000149,1143,284,859
115000150,882,444,438
115000151,2047,565,1482
115000152,1072,619,453
115000153,2286,592,1694
115000154,1345,336,1009
115000155,906,1047,-141
115000156,1078,1397,-319
115000157,532,1478,-946
115000158,490,447,43
115000159,554,971,-417
115000160,660,802,-142
115000161,1323,519,804
115000162,575,1226,-651
115000163,528,912,-384
115000164,541,1128,-587
115000165,350,924,-574
115000167,125,163,-38
115000168,478,858,-380
115000169,324,1136,-812
115000170,54,143,-89
115000171,249,545,-296
115000172,875,803,72
115000173,271,1277,-1006
115000174,58,505,-447
115000175,196,173,23
115000176,89,150,-61
115000177,59,216,-157
115000178,35,211,-176
115000179,28,58,-30
115000180,194,312,-118
115000181,1317,219,1098
115000182,1729,247,1482
115000183,693,465,228
115000186,778,259,519
115000187,240,535,-295
115000188,552,722,-170
115000189,374,410,-36
115000190,833,687,146
115000191,329,655,-326
115000194,115,186,-71
115000195,257,531,-274
115000196,344,123,221
115000197,342,124,218
115000198,807,166,641
115000199,743,78,665
115000200,549,187,362
115000201,245,227,18
115000206,511,59,452
115000207,348,218,130
115000208,385,769,-384
115000209,857,453,404
115000210,192,152,40
115000211,445,334,111
115000212,1174,418,756
115000218,41,114,-73
115000219,50,56,-6
115000224,225,57,168
115000225,122,65,57
115000229,258,66,192
115000230,96,764,-668
115000231,432,850,-418
115000232,3204,364,2840
115000233,156,206,-50
115000234,75,330,-255
115000241,134,88,46
115000242,196,105,91
115000243,122,130,-8
115000244,8,160,-152
115000246,64,38,26
115000247,67,56,11
115000248,34,20,14
115000249,12,24,-12
115000250,439,19,420
115000251,529,52,477
115000252,95,167,-72
115000253,18,528,-510
115000258,468,70,398
115000259,260,87,173
115000261,33,17,16
115000262,18,38,-20
115000263,18,45,-27
115000264,18,19,-1
115000267,92,104,-12
115000268,46,126,-80
115000269,145,58,87
115000270,11,29,-18
115000272,62,135,-73
115000273,842,54,788
115000274,729,109,620
115000280,1666,214,1452
115000281,344,483,-139
115000282,1233,1077,156
115000284,96,188,-92
115000296,674,9,665
115000297,197,191,6
115000298,74,463,-389
115000300,292,101,191
115000302,807,151,656
115000303,1242,82,1160
115000304,1235,59,1176
115000305,158,295,-137
115000306,308,131,177
115000307,177,198,-21
115000308,11,31,-20
115000310,2309,484,1825
115000311,2156,1350,806
115000313,150,185,-35
115000314,979,252,727
115000315,834,890,-56
115000316,208,215,-7
115000317,217,514,-297
115000318,1197,502,695
115000319,108,159,-51
115000320,54,626,-572
115000321,410,13,397
115000322,86,149,-63
115000449,239,208,31
115000557,19,2355,-2336
115000558,133,167,-34
115000587,943,328,615
115000588,2205,2602,-397
115000589,4757,3280,1477
115000590,752,1947,-1195
115000591,1543,955,588
115000592,443,2201,-1758
115000593,1794,1329,465
115000594,329,2616,-2287
115000609,243,142,101
115000617,429,3381,-2952
115000624,350,18,332
115000633,407,1455,-1048
115000634,4001,931,3070
115000635,867,109,758
115000638,260,356,-96
115000641,65,409,-344
115000642,277,211,66
115000643,151,293,-142
115000644,188,293,-105
115000646,921,1879,-958
115000647,268,677,-409
115000648,3893,999,2894
115000893,1819,1436,383
115000894,169,661,-492
115000895,193,766,-573
115000896,1544,424,1120
115000897,549,147,402
115000898,703,413,290
115000899,258,2201,-1943
115000900,48,490,-442
115000901,55,277,-222
115000912,602,129,473
115000913,11,8,3
115000915,9,1,8
115000916,4,0,4
115000917,0,8,-8
115000918,51,1152,-1101
115000919,3,41,-38
115000920,5,34,-29
115000921,378,99,279
115000922,270,1006,-736
115000923,77,1427,-1350
115000925,106,165,-59
115000927,41,69,-28
115000933,19,309,-290
115900001,176,8,168
115900002,130,113,17
115900003,267,69,198
115900004,1,22,-21
115900005,371,28,343
115900006,177,104,73
115900008,153,4,149
115900009,103,126,-23
115900010,658,53,605
115900011,545,310,235
115900012,432,18,414
115900013,323,188,135
115900014,181,125,56
115900015,356,28,328
115900016,99,79,20
115900017,20,5,15
115900018,189,64,125
115900019,222,17,205
115900020,183,2,181
115900021,832,1628,-796
115900022,481,25,456
115900023,1,4,-3
115900025,20,219,-199
115900026,976,72,904
115900027,0,167,-167
115900028,375,73,302
115900029,21,153,-132
115900030,63,52,11
115900031,69,304,-235
115900032,462,780,-318
115900033,0,102,-102
115900034,41,135,-94
115900035,38,116,-78
115900036,29,2777,-2748
115900037,31,158,-127
115900038,34,59,-25
115900039,227,110,117
115900041,161,1336,-1175
115900042,93,7,86
115900043,202,38,164
115900044,215,442,-227
115900046,688,179,509
115900047,151,305,-154
115900049,308,197,111
115900051,12,20,-8
115900052,6,115,-109
115900053,582,101,481
115900054,746,35,711
115900055,35,96,-61
115900056,427,148,279
115900057,16,28,-12
115900058,5,50,-45
115900060,78,263,-185
115900061,478,3,475
115900062,211,112,99
115900063,25,5,20
115900064,210,275,-65
115900065,178,115,63
115900066,72,76,-4
115900067,24,136,-112
115900068,1164,1592,-428
115900069,63,243,-180
115900070,280,86,194
115900071,1,94,-93
115900072,42,138,-96
115900073,246,193,53
115900074,7,90,-83
115900075,45,158,-113
115900076,23,38,-15
115900077,6,60,-54
115900078,45,249,-204
115900079,698,18,680
115900080,174,61,113
115900081,36,21,15
115900082,152,242,-90
115900084,894,61,833
115900085,52,87,-35
115900086,1155,559,596
115900088,7,103,-96
115900089,718,342,376
115900090,1026,6,1020
115900091,11,25,-14
115900092,32,63,-31
115900093,11,25,-14
115900094,10,69,-59
115900096,12,6,6
115900097,36,108,-72
115900098,458,192,266
115900099,44,130,-86
115900100,39,188,-149
115900101,440,163,277
115900102,140,112,28
115900103,475,130,345
115900104,175,57,118
115900105,459,267,192
115900106,238,7,231
115900107,195,50,145
115900108,293,17,276
115900109,44,297,-253
115900110,31,6,25
115900111,1,56,-55
115900112,89,677,-588
115900113,64,27,37
115900114,7,98,-91
115900115,128,166,-38
115900116,102,510,-408
115900117,148,17,131
115900118,6,128,-122
115900119,280,139,141
115900120,79,152,-73
115900121,359,135,224
115900124,367,1230,-863
115900125,677,85,592
115900126,1585,83,1502
115900127,1357,60,1297
115900128,9,136,-127
115900129,901,44,857
115900130,11,594,-583
115900131,561,63,498
115900132,1298,6,1292
115900134,567,14,553
115900135,435,1190,-755
115900137,25,6,19
115900139,105,451,-346
115900140,796,52,744
115900141,12,229,-217
115900142,49,131,-82
115900143,439,632,-193
115900144,328,347,-19
115900146,25,64,-39
115900147,318,287,31
115900148,68,15,53
115900149,291,10,281
115900150,207,17,190
115900151,23,102,-79
115900152,262,368,-106
115900153,183,149,34
115900154,532,600,-68
115900155,0,5,-5
115900156,934,1234,-300
115900157,388,746,-358
115900158,2,5,-3
115900159,202,164,38
115900160,3,12,-9
115900161,48,195,-147
115900163,424,189,235
115900164,1060,20,1040
115900165,7,183,-176
115900166,152,93,59
115900168,206,112,94
115900171,146,503,-357
115900172,146,105,41
115900173,430,83,347
115900174,210,447,-237
115900175,294,245,49
115900178,6,187,-181
115900179,770,7,763
115900180,60,93,-33
115900181,304,97,207
115900182,793,79,714
115900183,114,356,-242
115900184,657,9,648
115900187,14,361,-347
115900189,1,242,-241
115900190,251,1409,-1158
115900191,23,228,-205
115900192,24,153,-129
115900193,208,138,70
115900194,1682,87,1595
115900195,507,4250,-3743
115900198,441,331,110
115900199,441,111,330
115900200,269,165,104
115900201,361,415,-54
115900202,1,102,-101
115900203,3,12,-9
115900204,0,11,-11
115900205,26,18,8
115900206,435,117,318
115900207,76,4,72
115900208,205,78,127
115900209,10,97,-87
115900210,12,162,-150
115900211,3,216,-213
115900212,244,105,139
115900213,93,170,-77
115900214,717,70,647
115900215,33,400,-367
115900216,1,80,-79
115900217,3,15,-12
115900218,1,16,-15
115900219,248,4,244
115900220,460,14,446
115900221,281,27,254
115900222,215,76,139
115900223,9,849,-840
115900224,621,2844,-2223
115900225,65,54,11
115900226,21,72,-51
115900227,9,72,-63
115900228,3,48,-45
115900229,12,36,-24
115900230,28,55,-27
115900231,195,7,188
115900232,117,4,113
115900233,231,11,220
115900234,140,39,101
115900235,37,59,-22
115900236,33,86,-53
115900237,39,23,16
115900238,38,6,32
115900239,29,13,16
115900240,17,21,-4
115900241,303,41,262
115900242,441,628,-187
115900243,80,13,67
115900244,47,19,28
115900245,3,36,-33
115900246,22,14,8
115900247,9,31,-22
115900248,21,19,2
115900249,46,3,43
115900250,23,20,3
115900251,7,2,5
115900252,5,5,0
115900253,20,25,-5
115900254,21,65,-44
115900255,2,63,-61
115900256,14,40,-26
115900257,8,4,4
115900258,0,2,-2
115900259,6,2,4
115900260,12,0,12
115900261,20,2,18
115900262,17,2,15
115900263,29,1,28
115900264,26,3,23
115900265,3,14,-11
115900266,0,27,-27
115900267,1,18,-17
115900268,1,27,-26
115900269,1014,129,885
115900270,549,109,440
116000001,6837,2296,4541
116000002,5702,19163,-13461
116000003,1308,1375,-67
116000004,4073,7236,-3163
116000005,1097,3949,-2852
116000006,3690,6401,-2711
116000007,1957,2312,-355
116000008,6297,4319,1978
116000009,998,1341,-343
116000010,4176,2466,1710
116000011,821,1387,-566
116000012,2752,1730,1022
116000013,4804,6056,-1252
116000014,9952,28604,-18652
116000015,223,2356,-2133
116000016,6660,6959,-299
116000017,31,808,-777
116000018,581,724,-143
116000019,1774,432,1342
116000020,854,2680,-1826
116000021,1037,417,620
116000022,641,485,156
116000023,2341,1618,723
116000024,843,1357,-514
116000025,1750,1426,324
116000026,1801,3657,-1856
116000027,608,1131,-523
116000028,503,1155,-652
116000029,580,547,33
116000030,821,600,221
116000031,136,215,-79
116000032,185,163,22
116000033,503,230,273
116000034,1050,543,507
116000035,416,517,-101
116000036,810,6908,-6098
116000037,264,987,-723
116000038,250,1989,-1739
116000039,395,2515,-2120
116000040,789,1933,-1144
116000041,120,1481,-1361
116000042,1314,1398,-84
116000043,495,1143,-648
116000045,2139,2558,-419
116000046,1423,2321,-898
116000047,2336,3311,-975
116000048,3646,1681,1965
116000049,2587,3564,-977
116000050,1985,1299,686
116000051,5450,3811,1639
116000052,5119,4738,381
116000053,3706,644,3062
116000054,1423,2906,-1483
116000055,1424,1015,409
116000056,2167,1403,764
116000057,3006,1812,1194
116000058,4658,4629,29
116000059,3567,5712,-2145
116000060,3206,1736,1470
116000061,315,1681,-1366
116000062,701,346,355
116000063,845,2635,-1790
116000066,348,976,-628
116000067,348,439,-91
116000068,209,384,-175
116000069,397,292,105
116000078,750,1843,-1093
116000080,2265,827,1438
116000082,5,23,-18
116000083,2675,574,2101
116000084,1332,2229,-897
116000085,2282,2285,-3
116000086,753,493,260
116000087,3690,2192,1498
116000088,1297,1032,265
116000089,224,79,145
116000090,239,184,55
116000091,283,383,-100
116000093,1184,517,667
116000094,1102,367,735
116000095,1321,794,527
116000096,2051,2390,-339
116000097,1783,1158,625
116000098,38,11364,-11326
116000099,5720,211,5509
116000100,451,28,423
116000101,1728,543,1185
116000102,53,281,-228
116000103,533,539,-6
116000104,290,1125,-835
116000105,2210,238,1972
116000106,479,957,-478
116000107,3497,363,3134
116000108,47,571,-524
116000111,230,30,200
116000113,227,117,110
116000114,51,159,-108
116000115,580,160,420
116000116,298,249,49
116000117,2146,1811,335
116000118,2294,1132,1162
116000119,5961,2420,3541
116000120,3348,2794,554
116000121,1223,659,564
116000122,908,948,-40
116000123,2097,584,1513
116000124,602,427,175
116000125,4785,921,3864
116000126,317,711,-394
116000127,895,805,90
116000128,3282,1113,2169
116000129,2233,196,2037
116000130,1205,1023,182
116000133,2147,736,1411
116000134,1769,1253,516
116000135,4165,1399,2766
116000136,931,1516,-585
116000137,1521,923,598
116000138,2306,1137,1169
116000139,2629,4404,-1775
116000140,219,341,-122
116000141,550,343,207
116000142,3598,2089,1509
116000143,2794,1821,973
116000144,2376,1783,593
116000145,3244,966,2278
116000146,1375,153,1222
116000147,402,377,25
116000148,1284,1774,-490
116000149,1379,1095,284
116000151,520,711,-191
116000153,229,559,-330
116000155,246,527,-281
116000156,857,1134,-277
116000157,2,1,1
116000158,411,292,119
116000159,0,1,-1
116000160,68,102,-34
116000161,3,112,-109
116000162,62,319,-257
116000163,65,31,34
116000164,24,32,-8
116000177,95,270,-175
116000194,135,270,-135
116000195,1720,470,1250
116000196,35,16,19
116000197,56,20,36
116000198,2555,1297,1258
116000200,858,862,-4
116000201,764,616,148
116000202,9,169,-160
116000203,0,27,-27
116000204,6,25,-19
116000205,0,72,-72
116000206,1,61,-60
116000207,16,36,-20
116000233,293,592,-299
116000287,387,169,218
116000288,661,191,470
116000292,128,205,-77
116000296,15,78,-63
116000297,101,6,95
116000304,381,5,376
116000305,15,173,-158
116000346,360,156,204
116000352,238,135,103
116000354,28,31,-3
116000357,12,23,-11
116000358,647,155,492
116000361,71,1,70
116000372,3923,10524,-6601
116000381,235,1,234
116000388,1,23,-22
116000389,1222,573,649
116000445,1132,186,946
116000446,1065,309,756
116000447,47,631,-584
116000448,617,202,415
116000563,945,1056,-111
116000565,41,252,-211
116000568,76,848,-772
116000579,34,121,-87
116000584,70,12,58
116000585,57,53,4
116000586,90,197,-107
116000587,322,298,24
116000589,53,173,-120
116000590,163,88,75
116000591,299,176,123
116000592,5,43,-38
116000593,2,18,-16
116000594,2078,222,1856
116000595,1266,75,1191
116000596,331,5,326
116000597,899,297,602
116000598,62,131,-69
116000602,40,798,-758
116000605,146,154,-8
116000606,63,212,-149
116000607,2,256,-254
116000609,124,1528,-1404
116000611,399,180,219
116000612,2050,2356,-306
116000613,1143,363,780
116000614,645,197,448
116000615,71,721,-650
116000616,90,77,13
116000617,223,21,202
116000618,9,41,-32
116000619,68,108,-40
116000620,335,176,159
116000621,133,114,19
116000622,150,121,29
116000624,247,134,113
116900001,611,151,460
116900002,417,2,415
116900003,90,39,51
116900004,70,153,-83
116900005,374,42,332
116900006,64,192,-128
116900007,194,400,-206
116900008,1024,144,880
116900009,25,21,4
116900010,1,543,-542
116900011,16,46,-30
116900012,408,562,-154
116900013,5,115,-110
116900014,362,45,317
116900015,1036,60,976
116900016,379,5,374
116900017,1,516,-515
116900018,180,123,57
116900019,0,128,-128
116900020,279,1603,-1324
116900023,63,18,45
116900024,1175,38,1137
116900025,2331,450,1881
116900026,70,538,-468
116900027,77,54,23
116900028,5,46,-41
116900029,0,146,-146
116900031,2,3,-1
116900032,5,142,-137
116900033,42,9,33
116900034,9,15,-6
116900035,185,149,36
116900036,6,119,-113
116900038,34,6,28
116900041,229,28,201
116900042,171,207,-36
116900043,27,71,-44
116900045,477,120,357
116900047,10,308,-298
116900049,19,254,-235
116900050,92,238,-146
116900051,422,56,366
116900052,347,85,262
116900055,0,18,-18
116900057,44,129,-85
116900058,13,303,-290
116900059,2,49,-47
116900060,163,388,-225
116900062,1,20,-19
116900064,145,196,-51
116900065,15,133,-118
116900067,274,58,216
116900068,198,178,20
116900070,9,8,1
116900072,57,166,-109
116900073,23,106,-83
116900074,14,53,-39
116900076,25,35,-10
116900077,16,42,-26
116900078,205,50,155
116900079,56,146,-90
116900080,19,33,-14
116900081,314,820,-506
116900082,184,1037,-853
116900083,4,22,-18
116900084,51,60,-9
116900085,43,64,-21
116900086,83,218,-135
116900088,450,83,367
116900090,54,9,45
116900091,585,53,532
116900092,163,385,-222
116900093,4710,1687,3023
116900094,3946,8685,-4739
116900095,237,801,-564
116900096,136,716,-580
116900097,1719,5007,-3288
116900098,415,472,-57
116900099,279,1391,-1112
116900100,1591,163,1428
116900101,183,703,-520
116900103,25,1,24
116900104,51,288,-237
116900105,362,370,-8
116900106,4425,102,4323
116900107,1422,4147,-2725
116900110,19,2,17
116900111,1397,209,1188
116900112,395,559,-164
116900113,1127,1749,-622
116900116,55,2170,-2115
116900117,309,169,140
116900118,1738,1472,266
116900120,598,93,505
116900121,265,28,237
116900122,1664,299,1365
116900123,569,254,315
116900124,231,441,-210
116900125,973,155,818
116900126,134,849,-715
116900128,3,103,-100
116900129,6,255,-249
116900130,1685,6353,-4668
116900131,66,504,-438
116900132,138,106,32
116900133,234,155,79
116900134,482,342,140
116900136,250,313,-63
116900137,273,243,30
116900138,275,151,124
116900139,95,365,-270
116900140,203,78,125
116900141,592,206,386
116900142,9,87,-78
116900143,684,403,281
116900144,85,98,-13
116900145,132,268,-136
116900147,273,3254,-2981
116900148,7,81,-74
116900149,82,304,-222
116900150,14,16,-2
116900151,719,260,459
116900153,232,130,102
116900154,165,790,-625
116900155,142,139,3
116900157,1133,108,1025
116900158,70,443,-373
116900159,95,808,-713
116900160,1356,1527,-171
116900161,5715,12796,-7081
116900162,47,94,-47
116900163,376,46,330
116900164,164,93,71
116900165,986,685,301
116900166,98,35,63
116900167,706,54,652
116900168,718,79,639
116900169,290,3076,-2786
116900170,941,614,327
116900171,79,141,-62
116900172,135,525,-390
116900173,435,42,393
116900174,131,100,31
116900175,376,879,-503
116900178,85,78,7
116900179,91,535,-444
116900180,98,14,84
116900182,2341,450,1891
116900183,249,98,151
116900185,54,87,-33
116900186,188,114,74
116900187,51,102,-51
116900188,150,26,124
116900189,52,0,52
116900191,327,556,-229
116900192,534,186,348
116900194,191,2561,-2370
116900195,47,23,24
116900196,49,31,18
116900197,183,13,170
116900198,99,456,-357
116900200,197,1,196
116900201,217,6,211
116900202,84,26,58
116900203,203,24,179
116900204,60,273,-213
116900206,38,7,31
116900207,37,33,4
116900208,15,52,-37
116900209,17,48,-31
116900210,1147,404,743
116900211,323,7,316
116900212,98,33,65
116900213,448,93,355
116900214,406,240,166
116900215,122,48,74
116900216,632,199,433
116900218,6,316,-310
116900219,600,262,338
116900220,215,437,-222
116900221,350,421,-71
116900222,628,397,231
116900223,150,244,-94
116900226,210,52,158
116900227,296,39,257
116900228,394,195,199
116900230,112,206,-94
116900231,118,177,-59
116900232,46,216,-170
116900233,496,122,374
116900234,70,27,43
116900235,185,366,-181
116900238,837,218,619
116900239,3,1167,-1164
116900240,4400,4581,-181
116900241,275,69,206
116900242,444,1570,-1126
116900243,5,65,-60
116900245,67,76,-9
116900246,297,21,276
116900247,1262,64,1198
116900248,103,41,62
116900249,873,73,800
116900250,840,80,760
116900251,471,1915,-1444
116900252,282,577,-295
116900253,229,47,182
116900254,70,94,-24
116900255,187,193,-6
116900256,992,155,837
116900257,33,130,-97
116900258,1,61,-60
116900259,488,5,483
116900260,7,21,-14
116900261,159,2,157
116900262,228,100,128
116900263,1,34,-33
116900264,2,6,-4
116900265,85,4,81
116900266,55,14,41
116900267,13,4,9
116900268,257,208,49
116900269,455,1191,-736
116900271,684,644,40
116900272,568,437,131
116900273,61,609,-548
116900274,240,48,192
116900275,506,71,435
116900276,350,461,-111
116900277,285,106,179
116900278,0,3,-3
116900279,5,21,-16
116900280,101,46,55
116900281,3864,8610,-4746
116900282,19,39,-20
116900283,10,50,-40
116900284,23,95,-72
116900285,147,358,-211
116900286,191,40,151
116900287,8,8,0
116900288,192,38,154
116900289,54,0,54
116900290,32,1,31
116900291,61,25,36
116900292,2,45,-43
116900293,138,15,123
116900294,15,125,-110
116900295,81,594,-513
116900296,31,193,-162
116900297,1,53,-52
116900298,40,219,-179
116900299,41,358,-317
116900300,0,209,-209
116900301,26,736,-710
116900302,321,1354,-1033
116900303,137,355,-218
116900304,1,290,-289
116900305,6,42,-36
116900306,417,59,358
117000001,4818,4244,574
117000002,2546,4170,-1624
117000003,7545,4919,2626
117000004,2560,6036,-3476
117000005,4539,3290,1249
117000006,1089,2114,-1025
117000007,7967,1515,6452
117000008,1212,2601,-1389
117000009,5430,2028,3402
117000010,1781,2566,-785
117000011,3949,1823,2126
117000012,1987,970,1017
117000013,2948,1246,1702
117000014,1613,2407,-794
117000015,4319,2057,2262
117000016,431,602,-171
117000017,133,1632,-1499
117000018,185,1881,-1696
117000019,97,15,82
117000020,1015,4068,-3053
117000021,2387,687,1700
117000022,229,912,-683
117000023,127,656,-529
117000024,248,1690,-1442
117000025,232,5098,-4866
117000026,2443,5896,-3453
117000027,850,2864,-2014
117000028,1442,3523,-2081
117000030,105,182,-77
117000032,1199,1650,-451
117000033,2654,3041,-387
117000034,201,70,131
117000036,326,99,227
117000038,330,241,89
117000039,31,123,-92
117000040,202,775,-573
117000041,2077,103,1974
117000044,8,581,-573
117000045,1315,320,995
117000046,374,720,-346
117000047,1133,1346,-213
117000048,1752,1074,678
117000049,162,1179,-1017
117000050,301,1364,-1063
117000051,4336,81,4255
117000052,65,131,-66
117000053,1221,38,1183
117000054,2801,14,2787
117000055,6,2162,-2156
117000056,942,58,884
117000057,641,2540,-1899
117000060,632,1332,-700
117000061,3800,1914,1886
117000062,303,831,-528
117000063,3117,1323,1794
117000064,593,687,-94
117000066,852,827,25
117000067,160,1065,-905
117000074,30,228,-198
117000076,69,59,10
117000077,488,246,242
117000078,184,632,-448
117000079,619,368,251
117000080,1,564,-563
117000081,1270,227,1043
117000082,26,80,-54
117000083,151,15,136
117000084,250,1,249
117000085,455,1248,-793
117000086,1048,338,710
117000087,89,650,-561
117000088,431,195,236
117000089,3345,280,3065
117000090,438,795,-357
117000091,1993,236,1757
117000092,776,845,-69
117000093,3029,691,2338
117000094,1385,1442,-57
117000095,5449,925,4524
117000096,1009,1683,-674
117000097,3503,1148,2355
117000098,2143,2763,-620
117000099,7489,1399,6090
117000100,303,536,-233
117000101,140,652,-512
117000102,3497,874,2623
117000103,765,967,-202
117000104,2603,914,1689
117000105,714,966,-252
117000106,3165,719,2446
117000107,713,1065,-352
117000108,4203,1396,2807
117000109,1149,1689,-540
117000110,3117,2708,409
117000111,5681,4881,800
117000112,5431,1720,3711
117000113,141,117,24
117000114,424,181,243
117000115,128,68,60
117000116,245,373,-128
117000117,2747,2076,671
117000118,451,292,159
117000119,246,1240,-994
117000120,99,2954,-2855
117000121,45,1913,-1868
117000122,509,2006,-1497
117000123,3863,182,3681
117000124,165,470,-305
117000125,148,1711,-1563
117000126,44,99,-55
117000127,190,980,-790
117000128,108,1959,-1851
117000129,172,338,-166
117000130,24,0,24
117000131,0,129,-129
117000132,6228,12,6216
117000133,4002,33,3969
117000134,2,336,-334
117000135,1,589,-588
117000136,2,120,-118
117000137,290,300,-10
117000138,2,1542,-1540
117000140,428,857,-429
117000141,3410,718,2692
117000181,546,176,370
117000182,3634,1975,1659
117000195,261,961,-700
117000196,521,289,232
117000225,83,451,-368
117000226,2,346,-344
117000276,648,43,605
117000277,1,180,-179
117000310,1563,2395,-832
117000315,382,1086,-704
117000320,49,0,49
117000906,772,25,747
117000907,18,178,-160
117000908,3,532,-529
117000909,91,184,-93
117000910,328,160,168
117000911,36,248,-212
117000915,19,266,-247
117000916,156,9,147
117000917,2897,153,2744
117000918,269,118,151
117000919,39,36,3
117000920,2,1090,-1088
117000921,0,415,-415
117000922,55,63,-8
117000924,1714,806,908
117000926,1072,740,332
117000927,314,1595,-1281
117000928,0,168,-168
117000929,607,136,471
117000930,744,33,711
117000931,127,206,-79
117900002,88,1073,-985
117900003,241,441,-200
117900005,7,306,-299
117900006,1,246,-245
117900007,278,98,180
117900008,0,45,-45
117900010,721,131,590
117900011,48,1373,-1325
117900012,137,65,72
117900013,2,212,-210
117900014,891,92,799
117900015,42,71,-29
117900016,1184,1352,-168
117900017,1859,258,1601
117900018,440,1666,-1226
117900019,1406,218,1188
117900020,100,517,-417
117900021,37,146,-109
117900022,39,3,36
117900023,4451,124,4327
117900024,86,79,7
117900025,32,10,22
117900026,846,224,622
117900028,94,5,89
117900029,662,547,115
117900030,828,447,381
117900031,252,953,-701
117900032,1148,861,287
117900033,874,535,339
117900034,48,27,21
117900035,348,261,87
117900036,933,263,670
117900037,395,78,317
117900038,106,115,-9
117900039,0,23,-23
117900040,240,130,110
117900041,1,41,-40
117900042,3222,601,2621
117900043,6,26,-20
117900044,123,6999,-6876
117900045,367,180,187
117900048,781,209,572
117900049,629,343,286
117900050,8,1087,-1079
117900051,42,30,12
117900052,123,763,-640
117900053,2892,250,2642
117900054,2,14,-12
117900055,3272,497,2775
117900056,31,69,-38
117900057,1230,1104,126
117900058,144,1684,-1540
117900059,179,141,38
117900060,3907,2262,1645
117900061,26,801,-775
117900063,889,234,655
117900065,341,1286,-945
117900066,13,152,-139
117900067,1390,176,1214
117900069,1648,280,1368
117900070,102,401,-299
117900071,218,212,6
117900073,1218,292,926
117900074,55,1025,-970
117900075,177,111,66
117900076,15,125,-110
117900077,999,198,801
117900078,590,1030,-440
117900080,277,61,216
117900081,326,281,45
117900082,846,498,348
117900083,917,321,596
117900086,333,35,298
117900087,229,55,174
117900088,1414,1452,-38
117900089,3266,848,2418
117900090,923,540,383
117900091,203,37,166
117900092,188,41,147
117900093,183,98,85
117900094,70,55,15
117900095,488,199,289
117900096,236,629,-393
117900097,445,85,360
117900098,71,18,53
117900099,273,630,-357
117900100,977,11,966
117900101,1023,3239,-2216
117900102,214,38,176
117900103,128,17,111
117900104,19,435,-416
117900105,106,158,-52
117900106,195,35,160
117900107,153,3,150
117900109,1568,473,1095
117900110,348,4,344
117900111,774,70,704
117900112,121,15,106
117900113,1456,2962,-1506
117900114,76,4,72
117900115,75,458,-383
117900116,1042,765,277
117900117,1568,176,1392
117900118,192,3,189
117900119,363,67,296
117900120,986,62,924
117900121,202,260,-58
117900122,1027,7134,-6107
117900123,1618,431,1187
117900124,417,621,-204
117900125,1957,1782,175
117900126,189,393,-204
117900127,1069,386,683
117900128,706,304,402
117900129,126,1,125
117900130,951,509,442
117900131,12,110,-98
117900132,33,75,-42
117900133,54,49,5
117900134,80,242,-162
117900135,69,94,-25
117900136,0,22,-22
117900137,92,361,-269
117900138,0,6,-6
117900139,130,106,24
117900140,5144,968,4176
117900141,89,273,-184
117900142,35,785,-750
117900144,39,2320,-2281
117900145,21,252,-231
117900146,130,707,-577
117900147,166,158,8
117900148,3811,3922,-111
117900149,139,174,-35
117900150,111,94,17
117900151,48,147,-99
117900152,96,163,-67
117900153,16,188,-172
117900154,872,582,290
117900156,585,738,-153
117900157,123,552,-429
117900158,467,180,287
117900160,1122,1350,-228
117900161,1314,1453,-139
117900162,1262,542,720
117900163,30,1302,-1272
117900165,0,5,-5
117900166,53,598,-545
117900168,136,173,-37
117900169,1,32,-31
117900170,2,29,-27
117900171,6,8,-2
117900172,31,6,25
117900173,90,208,-118
117900174,28,98,-70
117900175,9,47,-38
117900176,33,31,2
117900177,67,28,39
117900178,169,50,119
117900180,210,30,180
117900181,112,512,-400
117900182,4,72,-68
117900183,110,223,-113
117900184,24,91,-67
117900185,92,29,63
117900186,59,36,23
117900187,39,6,33
117900188,176,74,102
117900189,96,51,45
117900190,50,6,44
117900191,173,2,171
117900192,374,2,372
117900193,119,79,40
117900194,15,4,11
117900195,3,125,-122
117900196,51,55,-4
117900207,130,310,-180
117900208,42,27,15
117900209,130,73,57
117900210,227,148,79
117900211,11,97,-86
117900212,174,189,-15
117900213,48,8,40
117900214,18,12,6
117900216,8,95,-87
117900217,83,726,-643
117900218,696,334,362
117900219,13,317,-304
117900220,21,679,-658
117900221,19,117,-98
118000001,921,3048,-2127
118000002,570,1730,-1160
118000003,2516,5985,-3469
118000004,1448,4934,-3486
118000005,4660,5285,-625
118000006,3248,7021,-3773
118000007,5955,11002,-5047
118000008,1305,6382,-5077
118000009,1744,4136,-2392
118000010,5115,5335,-220
118000011,2956,1965,991
118000012,1392,2209,-817
118000013,3545,2877,668
118000014,2288,1350,938
118000016,394,239,155
118000017,1428,593,835
118000018,439,395,44
118000019,1292,2346,-1054
118000020,787,3871,-3084
118000021,760,4739,-3979
118000022,1001,1074,-73
118000023,402,431,-29
118000024,478,1744,-1266
118000025,280,1234,-954
118000027,9876,10278,-402
118000029,509,1114,-605
118000032,289,3370,-3081
118000033,2942,7493,-4551
118000034,3966,5070,-1104
118000035,2476,3739,-1263
118000036,1147,1450,-303
118000037,849,2095,-1246
118000038,971,143,828
118000039,110,144,-34
118000040,2222,1799,423
118000041,3626,1616,2010
118000045,381,291,90
118000046,1167,2104,-937
118000047,676,4967,-4291
118000048,1654,3896,-2242
118000051,987,5678,-4691
118000052,444,2636,-2192
118000053,517,1172,-655
118000054,3523,1192,2331
118000055,2903,2029,874
118000056,125,771,-646
118000057,223,428,-205
118000058,2561,6717,-4156
118000059,1817,3814,-1997
118000060,1578,810,768
118000061,1307,1276,31
118000062,537,396,141
118000063,436,1571,-1135
118000064,813,2189,-1376
118000065,1993,2157,-164
118000066,1843,5138,-3295
118000067,589,684,-95
118000068,1062,11402,-10340
118000069,1492,1858,-366
118000070,6801,3184,3617
118000071,4543,12642,-8099
118000072,936,3933,-2997
118000073,534,1952,-1418
118000074,631,561,70
118000075,598,402,196
118000076,2208,7074,-4866
118000077,1373,2870,-1497
118000078,2071,4370,-2299
118000079,346,826,-480
118000080,595,1663,-1068
118000081,1733,2962,-1229
118000082,549,1710,-1161
118000083,2187,2592,-405
118000084,2526,3662,-1136
118000086,263,728,-465
118000087,4418,3195,1223
118000088,1352,1855,-503
118000089,5016,3715,1301
118000090,940,3843,-2903
118000091,1347,5518,-4171
118000092,1040,878,162
118000093,93,916,-823
118000096,726,1152,-426
118000097,779,1094,-315
118000098,414,307,107
118000099,1326,578,748
118000101,2924,524,2400
118000102,662,700,-38
118000107,4441,1010,3431
118000108,842,5010,-4168
118000110,3,31,-28
118000111,5,157,-152
118000112,1194,2,1192
118000113,5,462,-457
118000114,1131,20,1111
118000115,10,15,-5
118000116,28,0,28
118000117,849,1134,-285
118000118,1251,2611,-1360
118000119,1404,2570,-1166
118000120,1723,1876,-153
118000121,25,552,-527
118000122,559,315,244
118000123,43,367,-324
118000125,1313,1587,-274
118000126,846,2763,-1917
118000127,1530,1367,163
118000128,371,2473,-2102
118000129,1957,917,1040
118000130,2480,3166,-686
118000131,334,716,-382
118000132,3744,2944,800
118000133,1826,869,957
118000135,868,1379,-511
118000136,148,960,-812
118000137,438,127,311
118000138,596,457,139
118000139,566,84,482
118000140,5176,11469,-6293
118000141,4299,2349,1950
118000142,3793,2248,1545
118000143,4404,1804,2600
118000144,1097,597,500
118000145,1460,1410,50
118000146,1985,528,1457
118000147,1620,1101,519
118000148,778,1508,-730
118000149,1313,621,692
118000150,822,211,611
118000151,1361,483,878
118000153,3041,1280,1761
118000154,2106,1820,286
118000155,4299,1614,2685
118000156,2940,4351,-1411
118000157,838,335,503
118000158,342,637,-295
118000159,108,119,-11
118000160,1402,353,1049
118000161,1244,350,894
118000162,2071,1303,768
118000163,1513,1273,240
118000164,2981,1886,1095
118000168,590,1443,-853
118000169,1256,924,332
118000170,3666,2859,807
118000171,593,481,112
118000172,114,200,-86
118000173,1180,1877,-697
118000175,321,400,-79
118000176,472,639,-167
118000177,479,941,-462
118000178,42,82,-40
118000179,1084,1216,-132
118000180,1049,701,348
118000181,870,285,585
118000182,408,252,156
118000183,427,318,109
118000184,2080,550,1530
118000185,873,2568,-1695
118000186,663,1879,-1216
118000187,3097,538,2559
118000188,1119,118,1001
118000189,1384,431,953
118000190,37,9,28
118000191,24,53,-29
118000192,30,63,-33
118000193,8,130,-122
118000194,2015,894,1121
118000195,249,4677,-4428
118000196,121,774,-653
118000197,68,311,-243
118000198,442,1862,-1420
118000199,385,1279,-894
118000200,89,765,-676
118000201,268,1272,-1004
118000202,33,360,-327
118000203,325,1386,-1061
118000204,98,736,-638
118000205,104,399,-295
118000206,312,376,-64
118000207,0,72,-72
118000208,1741,2067,-326
118000209,3714,1147,2567
118000210,205,60,145
118000211,137,126,11
118000213,417,5927,-5510
118000214,456,965,-509
118000215,616,145,471
118000216,8065,2136,5929
118000217,10,64,-54
118000218,223,24,199
118000219,380,361,19
118000220,12,73,-61
118000221,746,589,157
118000222,77,20,57
118000223,117,46,71
118000224,162,58,104
118000225,149,2293,-2144
118000226,1500,215,1285
118000227,1094,541,553
118000228,76,657,-581
118000229,54,758,-704
118000230,228,292,-64
118000231,101,309,-208
118000232,1386,417,969
118000233,1943,819,1124
118000234,815,274,541
118000236,371,432,-61
118000237,215,330,-115
118000238,397,131,266
118000239,431,333,98
118000240,204,121,83
118000241,377,228,149
118000242,759,343,416
118000243,400,236,164
118000244,96,80,16
118000246,2,47,-45
118000255,44,418,-374
118000256,257,234,23
118000259,48,95,-47
118000260,289,115,174
118000261,124,30,94
118000263,178,274,-96
118000266,233,271,-38
118000267,1,445,-444
118000268,254,14,240
118000270,274,13,261
118000271,212,223,-11
118000272,144,46,98
118000273,356,66,290
118000274,96,433,-337
118000276,814,411,403
118000295,35,112,-77
118000298,217,132,85
118000299,39,92,-53
118000301,0,155,-155
118000302,160,35,125
118000311,1352,88,1264
118000312,471,83,388
118000313,143,87,56
118000314,219,38,181
118000315,117,19,98
118000316,1488,511,977
118000325,146,51,95
118000326,88,23,65
118000331,62,45,17
118000332,18,24,-6
118000333,36,35,1
118000335,842,3,839
118000336,0,138,-138
118000407,518,67,451
118000457,8,108,-100
118000465,901,3954,-3053
118000480,44,67,-23
118000489,7,588,-581
118000490,8,168,-160
118000492,436,189,247
118000510,41,45,-4
118000514,89,1196,-1107
118000515,696,1440,-744
118000517,309,174,135
118000524,135,511,-376
118000525,658,829,-171
118000530,62,276,-214
118000531,714,245,469
118000532,365,213,152
118000533,279,163,116
118000534,969,353,616
118000535,346,131,215
118000536,103,843,-740
118000537,39,106,-67
118000538,33,109,-76
118000539,116,263,-147
118000540,279,229,50
118000541,101,89,12
118000542,180,445,-265
118000543,350,395,-45
118000546,75,18,57
118000560,1335,3032,-1697
118000562,63,101,-38
118000563,1681,1021,660
118000576,226,75,151
118000577,228,137,91
118000578,80,80,0
118000579,717,2663,-1946
118000595,329,98,231
118000596,0,716,-716
118000597,94,72,22
118000598,22,0,22
118000599,133,22,111
118000600,0,33,-33
118000601,35,0,35
118000602,0,10,-10
118000603,0,7,-7
118900001,631,1453,-822
118900002,843,1391,-548
118900003,959,12,947
118900004,130,26,104
118900005,98,22,76
118900006,320,16,304
118900007,3,1,2
118900008,1446,95,1351
118900009,98,136,-38
118900010,157,24,133
118900011,274,28,246
118900012,343,234,109
118900013,948,662,286
118900015,363,78,285
118900016,17,2,15
118900017,32,289,-257
118900018,1532,46,1486
118900019,9,4,5
118900020,66,262,-196
118900021,171,761,-590
118900022,197,69,128
118900023,108,189,-81
118900024,153,221,-68
118900025,70,71,-1
118900026,75,23,52
118900027,525,234,291
118900028,282,141,141
118900029,280,587,-307
118900030,947,124,823
118900031,208,54,154
118900032,402,152,250
118900033,282,852,-570
118900034,316,41,275
118900035,160,84,76
118900036,1569,555,1014
118900037,366,868,-502
118900038,703,89,614
118900039,1080,153,927
118900040,342,151,191
118900041,995,332,663
118900042,215,103,112
118900045,330,214,116
118900046,425,372,53
118900047,402,470,-68
118900048,150,927,-777
118900049,113,46,67
118900050,69,14,55
118900051,67,213,-146
118900052,309,683,-374
118900053,29,85,-56
118900054,355,32,323
118900055,204,28,176
118900056,35,499,-464
118900057,1440,716,724
118900058,456,682,-226
118900059,15,152,-137
118900060,49,105,-56
118900062,349,110,239
118900064,217,867,-650
118900065,77,147,-70
118900066,127,75,52
118900067,3484,5726,-2242
118900068,11,291,-280
118900069,847,235,612
118900071,10,46,-36
118900072,882,581,301
118900073,392,150,242
118900074,427,107,320
118900075,165,39,126
118900076,291,216,75
118900077,430,165,265
118900078,6,2,4
118900079,117,136,-19
118900080,78,59,19
118900081,70,94,-24
118900082,2219,196,2023
118900083,31,2,29
118900084,16,25,-9
118900085,662,506,156
118900086,57,214,-157
118900087,96,678,-582
118900088,0,2,-2
118900089,26,33,-7
118900090,722,282,440
118900091,160,446,-286
118900092,356,42,314
118900093,79,41,38
118900096,45,41,4
118900097,385,576,-191
118900099,136,210,-74
118900100,73,408,-335
118900101,308,224,84
118900102,52,100,-48
118900103,45,278,-233
118900104,578,157,421
118900105,314,78,236
118900107,154,45,109
118900108,112,147,-35
118900109,282,597,-315
118900110,1477,1326,151
118900111,1065,426,639
118900112,213,246,-33
118900113,145,369,-224
118900114,26,291,-265
118900115,196,537,-341
118900116,112,202,-90
118900117,156,158,-2
118900118,478,279,199
118900119,308,194,114
118900120,144,396,-252
118900121,52,52,0
118900122,7,1290,-1283
118900123,333,416,-83
118900124,160,152,8
118900126,64,553,-489
118900129,530,262,268
118900130,20,223,-203
118900131,435,172,263
118900132,431,233,198
118900133,9,173,-164
118900135,268,167,101
118900136,288,340,-52
118900137,22,106,-84
118900139,266,254,12
118900140,817,449,368
118900141,166,71,95
118900144,238,222,16
118900145,14,95,-81
118900146,648,570,78
118900147,111,459,-348
118900148,94,64,30
118900150,131,615,-484
118900152,729,657,72
118900157,66,237,-171
118900158,201,74,127
118900159,1,115,-114
118900161,84,23,61
118900163,42,107,-65
118900164,0,44,-44
118900165,110,90,20
118900166,24,1,23
118900167,150,80,70
118900168,31,286,-255
118900169,198,168,30
118900170,405,78,327
118900171,80,46,34
118900174,178,36,142
118900175,1152,608,544
118900176,356,357,-1
118900177,155,24,131
118900178,66,116,-50
118900179,6,36,-30
118900181,158,92,66
118900182,79,74,5
118900183,30,272,-242
118900184,259,86,173
118900185,190,66,124
118900186,93,178,-85
118900187,197,505,-308
118900188,508,330,178
118900189,66,906,-840
118900190,70,203,-133
118900191,446,36,410
118900192,520,8,512
118900193,1097,28,1069
118900195,238,594,-356
118900196,123,201,-78
118900197,507,40,467
118900198,20,1,19
118900199,114,7,107
118900200,30,56,-26
118900201,49,70,-21
118900202,17,46,-29
118900203,29,6,23
118900204,13,8,5
118900205,1,1,0
118900206,4,9,-5
119000001,2281,3662,-1381
119000002,5123,6082,-959
119000003,5395,1155,4240
119000004,3869,2680,1189
119000005,3254,3961,-707
119000006,5350,2167,3183
119000007,5455,4973,482
119000008,2816,2142,674
119000009,3676,8372,-4696
119000010,4922,5523,-601
119000011,2847,3896,-1049
119000012,1566,4253,-2687
119000013,4458,2760,1698
119000014,1870,2992,-1122
119000019,461,221,240
119000020,3703,2543,1160
119000021,8587,5566,3021
119000022,1687,5566,-3879
119000023,237,323,-86
119000024,2556,25175,-22619
119000025,4810,1200,3610
119000026,50,899,-849
119000027,198,549,-351
119000028,2095,683,1412
119000029,59,446,-387
119000030,683,972,-289
119000031,957,591,366
119000032,2781,2282,499
119000033,3308,1419,1889
119000034,1851,692,1159
119000035,40,246,-206
119000036,3976,488,3488
119000037,2410,913,1497
119000038,262,348,-86
119000039,980,560,420
119000040,1040,1099,-59
119000041,925,1625,-700
119000048,2883,1909,974
119000049,3623,1701,1922
119000050,1694,1709,-15
119000051,2878,1414,1464
119000052,3913,2794,1119
119000053,2834,1511,1323
119000054,5145,1936,3209
119000055,8496,3009,5487
119000056,5497,2308,3189
119000057,2843,1446,1397
119000058,2441,1658,783
119000059,1504,1519,-15
119000060,2408,1243,1165
119000061,1560,740,820
119000062,1371,1560,-189
119000063,996,631,365
119000064,968,1050,-82
119000065,1731,3954,-2223
119000066,2824,1305,1519
119000067,2347,1559,788
119000068,2660,1012,1648
119000069,2651,1862,789
119000070,4867,768,4099
119000071,516,662,-146
119000072,6211,3860,2351
119000073,4908,13550,-8642
119000074,2475,1858,617
119000075,5528,2605,2923
119000076,236,1816,-1580
119000077,680,849,-169
119000078,644,292,352
119000079,237,861,-624
119000080,1287,196,1091
119000081,391,712,-321
119000082,1479,311,1168
119000083,1074,669,405
119000084,505,476,29
119000085,911,140,771
119000086,500,886,-386
119000087,1042,431,611
119000088,497,243,254
119000089,128,235,-107
119000090,166,103,63
119000091,90,386,-296
119000092,352,157,195
119000093,4440,2561,1879
119000094,5738,6906,-1168
119000095,3749,4442,-693
119000097,2051,1082,969
119000098,1892,6234,-4342
119000099,3045,1418,1627
119000100,6436,4094,2342
119000101,4412,2224,2188
119000102,582,2064,-1482
119000103,1233,971,262
119000104,1623,987,636
119000105,1329,4193,-2864
119000106,643,719,-76
119000107,1790,850,940
119000108,825,472,353
119000109,227,1084,-857
119000110,550,838,-288
119000111,75,1226,-1151
119000112,166,268,-102
119000113,1482,692,790
119000114,2355,1438,917
119000115,232,206,26
119000116,113,197,-84
119000117,274,515,-241
119000118,7,0,7
119000123,3209,5051,-1842
119000124,1593,210,1383
119000125,7695,536,7159
119000126,1478,440,1038
119000127,1148,441,707
119000128,34,11,23
119000131,1724,286,1438
119000132,3,1,2
119000133,4,27,-23
119000134,1396,701,695
119000135,271,303,-32
119000136,643,97,546
119000137,465,218,247
119000138,1460,99,1361
119000139,364,113,251
119000140,600,505,95
119000284,1115,2128,-1013
119000285,2052,1482,570
119000286,4185,3534,651
119000287,1607,1744,-137
119000288,2775,1054,1721
119000289,1404,3389,-1985
119000290,337,211,126
119000291,66,256,-190
119000293,203,200,3
119000294,99,40,59
119000295,1618,277,1341
119000296,313,171,142
119000302,1659,1416,243
119000303,36,293,-257
119000314,2001,18643,-16642
119000315,1,114,-113
119000316,265,80,185
119000317,133,110,23
119900001,260,2510,-2250
119900002,355,343,12
119900003,26,335,-309
119900004,246,3274,-3028
119900005,377,58,319
119900006,293,655,-362
119900007,867,381,486
119900008,28,135,-107
119900009,674,424,250
119900010,1002,1197,-195
119900011,54,393,-339
119900012,53,197,-144
119900013,2644,2163,481
119900014,515,272,243
119900015,435,92,343
119900016,138,69,69
119900017,63,47,16
119900018,1195,2072,-877
119900019,79,9,70
119900020,187,186,1
119900021,292,69,223
119900022,166,2157,-1991
119900023,332,3668,-3336
119900025,687,40,647
119900026,612,180,432
119900027,26,44,-18
119900028,210,380,-170
119900029,6,5,1
119900030,737,460,277
119900031,85,1284,-1199
119900033,1721,519,1202
119900034,1273,48,1225
119900037,271,6,265
119900038,75,658,-583
119900039,45,39,6
119900040,404,58,346
119900041,355,19,336
119900042,103,171,-68
119900043,185,214,-29
119900044,288,1473,-1185
119900046,399,41,358
119900047,876,300,576
119900048,105,14,91
119900049,246,9,237
119900050,373,313,60
119900051,2327,18,2309
119900052,131,24,107
119900053,475,133,342
119900054,418,20,398
119900055,2358,549,1809
119900057,503,34,469
119900058,632,8,624
119900059,262,40,222
119900060,544,52,492
119900061,799,10,789
119900062,197,20,177
119900063,23,74,-51
119900064,1199,162,1037
119900065,349,10,339
119900066,1,0,1
119900067,173,23,150
119900068,1028,5,1023
119900069,216,12,204
119900070,2406,29,2377
119900071,1528,72,1456
119900072,592,244,348
119900073,1178,484,694
119900074,25,40,-15
119900075,1849,2298,-449
119900076,1502,261,1241
119900077,1766,333,1433
119900078,1172,562,610
119900079,661,122,539
119900080,532,303,229
119900081,294,37,257
119900082,3475,314,3161
119900083,655,83,572
119900084,539,531,8
119900085,88,34,54
119900086,318,336,-18
119900087,411,758,-347
119900088,65,24,41
119900089,66,178,-112
119900090,105,63,42
119900091,119,258,-139
119900092,77,469,-392
119900093,2100,349,1751
119900094,4,150,-146
119900095,155,108,47
119900096,34,131,-97
119900097,251,223,28
119900098,114,48,66
119900099,72,192,-120
119900100,724,3658,-2934
119900101,145,2199,-2054
119900102,93,156,-63
119900103,112,136,-24
119900104,58,138,-80
119900105,1215,4629,-3414
119900106,20,116,-96
119900107,281,1248,-967
119900108,5685,737,4948
119900109,37,126,-89
119900110,903,397,506
119900111,271,125,146
119900112,710,1150,-440
119900113,70,208,-138
119900114,370,706,-336
119900115,819,322,497
119900116,184,535,-351
119900117,638,369,269
119900118,235,239,-4
119900119,486,153,333
119900120,665,354,311
119900121,975,404,571
119900122,80,206,-126
119900123,246,450,-204
119900124,401,429,-28
119900125,58,240,-182
119900126,3353,242,3111
119900127,856,624,232
119900128,690,456,234
119900129,520,190,330
119900130,7,172,-165
119900131,68,85,-17
119900132,18,127,-109
119900133,155,74,81
119900134,616,112,504
119900135,0,161,-161
119900136,130,179,-49
119900138,247,389,-142
119900139,12,198,-186
119900140,0,104,-104
119900141,71,1352,-1281
119900142,13,32,-19
119900143,44,330,-286
119900144,1151,283,868
119900145,103,115,-12
119900146,166,215,-49
119900147,4,245,-241
119900148,553,59,494
119900149,683,8198,-7515
119900150,189,109,80
119900151,1905,1368,537
119900152,281,187,94
119900153,310,74,236
119900154,94,230,-136
119900155,55,24,31
119900156,12,12,0
119900157,257,113,144
119900158,366,86,280
119900159,1,434,-433
119900160,52,63,-11
119900161,189,129,60
119900162,1870,1157,713
119900163,68,219,-151
119900164,0,0,0
119900165,305,86,219
119900166,122,69,53
119900167,7,73,-66
119900168,2093,423,1670
119900169,39,365,-326
119900170,199,283,-84
119900171,1376,455,921
119900172,85,64,21
119900173,54,153,-99
119900174,1,78,-77
119900175,2840,440,2400
119900177,46,115,-69
119900178,3,93,-90
119900179,253,1224,-971
119900180,1117,890,227
119900181,29,185,-156
119900182,2,91,-89
119900183,169,545,-376
119900184,815,438,377
119900185,117,451,-334
119900186,30,1974,-1944
119900187,9,156,-147
119900188,266,341,-75
119900189,212,428,-216
119900190,128,441,-313
119900191,199,606,-407
119900192,95,171,-76
119900193,879,112,767
119900194,74,92,-18
119900195,81,129,-48
119900196,406,162,244
119900197,547,210,337
119900198,263,325,-62
119900199,199,31,168
119900200,1120,863,257
119900201,256,205,51
119900202,54,401,-347
119900203,206,754,-548
119900204,542,367,175
119900205,1612,229,1383
119900206,384,166,218
119900208,197,156,41
119900209,966,2557,-1591
119900210,101,45,56
119900211,110,6,104
119900212,447,304,143
119900213,25,89,-64
119900214,153,37,116
119900215,120,47,73
119900216,27,36,-9
119900217,23,15,8
119900218,18,131,-113
119900219,10,69,-59
119900220,14,23,-9
119900221,79,71,8
119900222,41,92,-51
119900223,38,50,-12
119900224,27,13,14
119900225,401,36,365
119900226,328,2687,-2359
119900227,388,286,102
119900228,40,411,-371
119900229,169,428,-259
119900230,1348,285,1063
119900231,537,54,483
119900232,277,145,132
119900233,205,20,185
119900234,6,166,-160
119900235,6,42,-36
119900236,47,181,-134
119900237,128,717,-589
119900238,7,148,-141
119900240,156,122,34
119900241,289,154,135
119900242,2013,1694,319
119900244,873,1235,-362
119900245,345,228,117
119900246,262,692,-430
119900247,28,105,-77
119900248,49,635,-586
119900249,387,204,183
119900253,1429,447,982
119900254,100,1855,-1755
119900255,255,1664,-1409
119900256,1642,455,1187
119900257,216,13,203
119900258,646,52,594
119900259,16,35,-19
119900260,363,28,335
119900261,735,282,453
119900262,32,124,-92
119900263,2378,359,2019
119900264,271,85,186
119900265,712,253,459
119900266,732,130,602
119900267,261,317,-56
119900268,261,103,158
119900269,1908,508,1400
119900271,102,153,-51
119900272,208,519,-311
119900275,278,43,235
119900276,156,6,150
119900277,31,17,14
119900278,257,105,152
119900279,98,328,-230
119900280,665,104,561
119900281,0,441,-441
119900282,38,216,-178
119900283,59,116,-57
119900284,78,104,-26
119900285,5,163,-158
119900286,0,41,-41
119900288,9,3,6
119900289,0,1,-1
119900290,1,2,-1
119900291,11,135,-124
119900292,36,66,-30
119900293,40,54,-14
119900294,38,69,-31
119900295,22,7,15
119900296,79,25,54
119900297,3,18,-15
119900298,18,6,12
119900299,103,159,-56
119900300,339,248,91
119900301,77,297,-220
119900302,69,137,-68
119900303,402,169,233
119900304,346,14,332
119900305,8,92,-84
119900306,49,4,45
119900307,112,62,50
119900308,12,9,3
119900309,42,359,-317
119900310,431,226,205
119900311,260,42,218
119900312,244,130,114
119900313,394,309,85
119900314,291,553,-262
119900315,3405,1097,2308
119900318,15,96,-81
119900319,15,114,-99
119900320,376,319,57
119900321,254,34,220
120000001,11234,39046,-27812
120000002,3638,2676,962
120000003,2990,1529,1461
120000004,3089,1310,1779
120000005,2991,1867,1124
120000006,1589,1201,388
120000007,3388,6356,-2968
120000008,1051,1421,-370
120000009,2017,1191,826
120000010,2871,2948,-77
120000011,1307,1342,-35
120000012,2467,2332,135
120000013,5354,3489,1865
120000014,1019,1742,-723
120000015,3807,2009,1798
120000016,6248,2807,3441
120000017,6617,4957,1660
120000018,4624,24312,-19688
120000019,1783,2663,-880
120000020,3338,5575,-2237
120000021,2468,3311,-843
120000022,3837,5407,-1570
120000023,2156,2199,-43
120000024,1874,3158,-1284
120000025,4432,2127,2305
120000026,5184,2590,2594
120000027,3810,3224,586
120000028,1548,3939,-2391
120000029,1202,3340,-2138
120000030,287,1352,-1065
120000031,2799,7751,-4952
120000032,5860,3857,2003
120000033,5418,1946,3472
120000034,4592,1372,3220
120000035,5162,2386,2776
120000036,5271,7791,-2520
120000037,918,2697,-1779
120000038,5219,4118,1101
120000039,1010,1319,-309
120000040,92,1657,-1565
120000041,766,1877,-1111
120000042,3307,1712,1595
120000043,7706,1227,6479
120000044,10035,2165,7870
120000045,12411,1326,11085
120000046,8458,5424,3034
120000047,586,15816,-15230
120000048,10043,6104,3939
120000049,5369,4102,1267
120000050,4859,6365,-1506
120000051,3022,6326,-3304
120000052,8500,1701,6799
120000053,1906,1786,120
120000054,1779,2900,-1121
120000055,1982,3877,-1895
120000056,7059,4961,2098
120000057,6875,2261,4614
120000058,1859,2283,-424
120000059,23,2330,-2307
120000061,148,722,-574
120000062,170,458,-288
120000063,760,2040,-1280
120000064,443,785,-342
120000065,522,1444,-922
120000066,267,511,-244
120000067,48,383,-335
120000068,311,304,7
120000069,845,372,473
120000070,159,432,-273
120000071,1290,90,1200
120000072,1751,427,1324
120000073,1777,91,1686
120000074,145,208,-63
120000075,2204,566,1638
120000076,3945,534,3411
120000077,3931,873,3058
120000078,3653,1487,2166
120000079,428,252,176
120000080,153,290,-137
120000081,371,222,149
120000082,448,256,192
120000083,90,894,-804
120000084,448,482,-34
120000085,350,508,-158
120000086,252,316,-64
120000087,375,272,103
120000088,1210,1097,113
120000089,1687,439,1248
120000090,1421,510,911
120000091,1958,927,1031
120000092,1920,529,1391
120000093,1482,769,713
120000094,499,1257,-758
120000095,1258,334,924
120000096,573,403,170
120000098,1616,576,1040
120000099,605,523,82
120000100,1243,764,479
120000101,1349,594,755
120000102,1213,1468,-255
120000103,2579,1532,1047
120000104,3982,668,3314
120000105,5022,672,4350
120000106,4974,781,4193
120000107,8765,729,8036
120000108,3193,200,2993
120000109,2023,119,1904
120000110,117,634,-517
120000111,124,772,-648
120000112,640,1669,-1029
120000113,567,1229,-662
120000114,614,1495,-881
120000115,386,1413,-1027
120000116,613,1430,-817
120000117,592,1103,-511
120000118,46,55,-9
120000119,13,53,-40
120000120,242,185,57
120000121,31,48,-17
120000122,337,1109,-772
120000123,2847,13700,-10853
120000124,686,552,134
120000125,1548,593,955
120000126,573,2277,-1704
120000127,1368,3036,-1668
120000128,2609,7292,-4683
120000129,251,273,-22
120000130,1118,556,562
120000131,619,923,-304
120000134,523,272,251
120000135,1579,736,843
120000137,497,364,133
120000138,2601,203,2398
120000139,571,315,256
120000140,2232,179,2053
120000141,490,646,-156
120000142,1457,597,860
120000143,1,55,-54
120000144,244,23,221
120000145,989,4,985
120000146,1189,2169,-980
120000149,1022,858,164
120000150,2396,17631,-15235
120000151,628,475,153
120000152,1348,220,1128
120000153,1153,532,621
120000154,1077,903,174
120000155,282,514,-232
120000156,537,3162,-2625
120000157,1437,700,737
120000158,1631,773,858
120000159,2153,2037,116
120000160,3238,2609,629
120000161,4884,3101,1783
120000162,262,477,-215
120000163,1212,589,623
120000164,1142,181,961
120000165,1103,370,733
120000166,2259,342,1917
120000167,669,417,252
120000168,36,1793,-1757
120000169,205,4844,-4639
120000170,40,4702,-4662
120000171,41,1626,-1585
120000172,18,856,-838
120000173,447,4299,-3852
120000174,52,111,-59
120000175,41,179,-138
120000176,32,118,-86
120000177,933,136,797
120000178,18,45,-27
120000179,32,129,-97
120000180,96,109,-13
120000181,138,2730,-2592
120000182,118,1266,-1148
120000183,3,588,-585
120000184,464,2466,-2002
120000186,58,3512,-3454
120000187,26,1512,-1486
120000188,36,1621,-1585
120000190,118,156,-38
120000191,136,200,-64
120000192,164,43,121
120000193,76,3,73
120000195,15,4,11
120000196,62,14,48
120000197,19,48,-29
120000198,647,83,564
120000199,709,1,708
120000200,564,2,562
120000201,34,109,-75
120000202,1,66,-65
120000203,235,148,87
120000207,1,33,-32
120000208,30,76,-46
120000209,22,30,-8
120000210,72,33,39
120000211,579,7,572
120000212,571,4,567
120000213,398,110,288
120000214,1,72,-71
120000215,5,85,-80
120000216,519,77,442
120000217,292,1101,-809
120000218,47,492,-445
120000219,1,358,-357
120000220,2,740,-738
120000225,4089,9,4080
120000226,955,14,941
120000227,1565,260,1305
120000228,18349,6923,11426
120000230,936,31,905
120000231,3061,915,2146
120000233,896,5,891
120000235,419,372,47
120000236,2498,4,2494
120000237,1,852,-851
120000238,6,2140,-2134
120000241,2005,6074,-4069
120000412,343,49,294
120000413,673,168,505
120000414,384,4,380
120000415,0,20,-20
120000416,153,3,150
120000417,4,104,-100
120000418,520,25,495
120000419,27,87,-60
120000420,15,15,0
120000421,9172,5501,3671
120000422,144,3568,-3424
120000423,3,137,-134
120000424,366,95,271
120000436,138,1528,-1390
120000437,92,166,-74
120000438,1957,339,1618
120000439,448,1057,-609
120000443,209,4,205
120000444,2702,353,2349
120000445,3171,1615,1556
120000446,1901,230,1671
120000447,557,4,553
120000449,524,3,521
120000450,10,88,-78
120000451,242,209,33
120000452,605,4,601
120000453,0,73,-73
120000454,64,105,-41
120000455,131,41,90
120000456,3383,7394,-4011
120000457,632,507,125
120000458,435,426,9
120000459,262,100,162
120000665,300,427,-127
120000668,211,3586,-3375
120000669,337,161,176
120000670,57,2128,-2071
120000671,3581,897,2684
120000672,67,332,-265
120900001,120,65,55
120900002,146,1148,-1002
120900003,318,45,273
120900004,32,334,-302
120900005,451,472,-21
120900006,1226,376,850
120900007,407,108,299
120900008,771,405,366
120900009,322,45,277
120900010,1221,347,874
120900011,52,379,-327
120900012,71,2134,-2063
120900013,684,275,409
120900014,2,492,-490
120900015,1419,241,1178
120900016,2694,119,2575
120900017,2046,181,1865
120900018,461,229,232
120900019,881,669,212
120900020,668,1363,-695
120900021,1016,387,629
120900022,12,304,-292
120900023,623,68,555
120900024,2191,652,1539
120900025,1208,1353,-145
120900026,180,178,2
120900027,977,44,933
120900028,1036,319,717
120900029,59,1575,-1516
120900030,4033,1134,2899
120900031,599,176,423
120900032,2737,65,2672
120900033,2221,204,2017
120900034,23,5968,-5945
120900035,123,184,-61
120900037,547,21,526
120900038,204,893,-689
120900039,210,124,86
120900040,782,12,770
120900041,44,31,13
120900042,1227,37,1190
120900043,158,69,89
120900044,33,843,-810
120900045,128,67,61
120900046,1287,12,1275
120900047,337,352,-15
120900048,418,64,354
120900049,1141,18,1123
120900050,1357,4132,-2775
120900051,633,69,564
120900052,1461,18,1443
120900053,870,50,820
120900054,891,354,537
120900055,1132,14,1118
120900056,1709,74,1635
120900057,558,62,496
120900058,1285,4,1281
120900059,300,10,290
120900060,144,30,114
120900061,291,187,104
120900062,670,2,668
120900063,2068,43,2025
120900064,1516,4,1512
120900065,1474,7,1467
120900066,979,127,852
120900067,395,194,201
120900068,763,0,763
120900069,814,32,782
120900071,101,1,100
120900072,2284,25,2259
120900073,1834,100,1734
120900074,1868,83,1785
120900076,924,1,923
120900077,1611,342,1269
120900078,1650,392,1258
120900079,2278,115,2163
120900080,1946,473,1473
120900081,2344,253,2091
120900082,412,622,-210
120900083,89,1,88
120900084,1008,991,17
120900085,106,113,-7
120900086,72,908,-836
120900087,888,422,466
120900088,352,1280,-928
120900089,2115,6321,-4206
120900090,489,17,472
120900091,457,1395,-938
120900092,313,322,-9
120900093,1192,160,1032
120900094,253,160,93
120900095,566,38,528
120900096,99,199,-100
120900097,903,542,361
120900098,111,173,-62
120900099,141,59,82
120900100,81,334,-253
120900101,149,158,-9
120900102,146,69,77
120900103,167,262,-95
120900104,15,67,-52
120900105,35,267,-232
120900106,382,262,120
120900107,135,139,-4
120900108,13,215,-202
120900109,46,286,-240
120900110,4,262,-258
120900111,208,331,-123
120900112,66,338,-272
120900113,39,360,-321
120900114,109,220,-111
120900115,161,345,-184
120900116,1080,221,859
120900117,41,157,-116
120900118,20,386,-366
120900119,15324,3698,11626
120900120,78,403,-325
120900121,63,346,-283
120900122,1586,173,1413
120900123,36,108,-72
120900124,3,143,-140
120900125,12,436,-424
120900126,492,534,-42
120900127,72,180,-108
120900128,404,758,-354
120900129,20,159,-139
120900130,5,205,-200
120900131,340,175,165
120900132,2122,171,1951
120900133,75,420,-345
120900134,156,252,-96
120900135,12,278,-266
120900136,117,217,-100
120900137,720,138,582
120900138,11,152,-141
120900139,2,252,-250
120900140,19,351,-332
120900141,590,268,322
120900142,15,137,-122
120900143,0,300,-300
120900144,0,62,-62
120900145,310,480,-170
120900146,2,306,-304
120900147,4,420,-416
120900148,252,161,91
120900149,0,125,-125
120900150,119,268,-149
120900151,0,125,-125
120900152,0,7,-7
120900153,0,0,0
120900154,0,118,-118
120900155,364,308,56
120900156,266,173,93
120900157,2,20,-18
120900158,126,206,-80
120900159,6,51,-45
120900160,65,391,-326
120900161,123,341,-218
120900162,111,672,-561
120900163,520,2143,-1623
120900164,0,71,-71
120900165,5,266,-261
120900166,58,1078,-1020
120900167,244,102,142
120900169,132,199,-67
120900170,316,6528,-6212
120900171,449,220,229
120900172,261,3914,-3653
120900173,0,26,-26
120900174,6,159,-153
120900175,177,124,53
120900176,48,592,-544
120900177,7,2826,-2819
120900178,2,1345,-1343
120900179,194,371,-177
120900180,83,399,-316
120900181,30,76,-46
120900182,69,151,-82
120900183,1529,65,1464
120900184,674,101,573
120900185,1067,3180,-2113
120900186,0,164,-164
120900187,981,1152,-171
120900188,480,14,466
120900189,112,5923,-5811
120900190,547,4,543
120900191,97,16,81
120900192,5640,20964,-15324
120900194,112,156,-44
120900195,160,268,-108
120900196,857,71,786
120900197,1117,292,825
120900198,157,330,-173
120900199,727,1464,-737
120900200,37,125,-88
120900201,274,118,156
120900202,0,87,-87
120900203,50,86,-36
120900204,82,225,-143
120900205,100,35,65
120900206,83,57,26
121000001,776,2981,-2205
121000002,3480,3061,419
121000003,7277,2693,4584
121000004,3375,4791,-1416
121000005,2245,3399,-1154
121000006,4728,4811,-83
121000007,3041,9040,-5999
121000008,5438,9135,-3697
121000009,5200,11897,-6697
121000010,8385,11367,-2982
121000011,8415,16730,-8315
121000012,15341,10733,4608
121000013,8666,9925,-1259
121000014,7513,6532,981
121000015,7707,12034,-4327
121000016,5597,5968,-371
121000017,3605,2401,1204
121000018,5303,2382,2921
121000019,9662,9182,480
121000020,13703,20844,-7141
121000021,2374,2422,-48
121000022,3738,4947,-1209
121000023,3165,1744,1421
121000024,6568,7529,-961
121000025,535,1869,-1334
121000026,512,197,315
121000027,2685,2131,554
121000028,1263,1522,-259
121000029,1045,629,416
121000030,194,206,-12
121000031,641,976,-335
121000032,268,235,33
121000034,470,571,-101
121000035,273,251,22
121000036,1084,1608,-524
121000037,840,2771,-1931
121000038,443,1757,-1314
121000039,407,584,-177
121000041,724,798,-74
121000042,264,521,-257
121000043,604,1016,-412
121000044,1823,1746,77
121000045,643,305,338
121000046,1332,1429,-97
121000047,74,101,-27
121000049,1289,968,321
121000050,321,3082,-2761
121000051,879,521,358
121000052,737,1864,-1127
121000053,423,243,180
121000054,78,757,-679
121000055,1234,4878,-3644
121000056,1128,1883,-755
121000057,276,824,-548
121000058,239,265,-26
121000059,4758,1645,3113
121000060,715,1576,-861
121000061,104,647,-543
121000062,219,1090,-871
121000063,1001,1717,-716
121000064,592,1042,-450
121000065,238,1281,-1043
121000066,400,1056,-656
121000067,478,1183,-705
121000068,675,808,-133
121000069,243,2344,-2101
121000070,1699,2166,-467
121000071,2366,3259,-893
121000072,1005,1511,-506
121000073,1374,2653,-1279
121000074,89,402,-313
121000075,8,220,-212
121000076,436,466,-30
121000077,167,182,-15
121000078,116,305,-189
121000080,2675,887,1788
121000081,5392,5672,-280
121000082,128,612,-484
121000083,118,192,-74
121000084,240,453,-213
121000085,442,568,-126
121000086,1667,804,863
121000087,87,478,-391
121000088,1037,924,113
121000089,292,1346,-1054
121000090,309,789,-480
121000091,1644,1485,159
121000092,267,104,163
121000093,261,333,-72
121000094,395,1364,-969
121000095,202,1933,-1731
121000096,8546,4329,4217
121000097,625,5267,-4642
121000098,912,568,344
121000099,1080,663,417
121000100,1369,179,1190
121000101,612,264,348
121000102,538,150,388
121000103,367,174,193
121000104,441,88,353
121000105,558,171,387
121000106,558,301,257
121000107,2448,3759,-1311
121000109,1503,1075,428
121000110,306,979,-673
121000114,7027,3557,3470
121000115,7053,1127,5926
121000116,603,1929,-1326
121000117,339,414,-75
121000118,2011,404,1607
121000119,344,268,76
121000120,682,401,281
121000121,695,3263,-2568
121000123,1028,842,186
121000126,66,677,-611
121000127,215,180,35
121000128,1551,228,1323
121000129,1290,523,767
121000130,1022,683,339
121000131,1273,1148,125
121000132,902,1779,-877
121000135,412,740,-328
121000136,1150,1918,-768
121000137,1220,462,758
121000138,653,2458,-1805
121000139,395,828,-433
121000141,432,481,-49
121000142,692,1226,-534
121000143,209,14,195
121000144,423,1386,-963
121000145,842,1250,-408
121000146,1691,2488,-797
121000147,1522,1260,262
121000148,1133,1223,-90
121000149,3297,4406,-1109
121000152,365,332,33
121000153,2271,710,1561
121000154,3055,844,2211
121000155,3357,1584,1773
121000156,583,1627,-1044
121000157,1132,1794,-662
121000158,244,356,-112
121000159,324,502,-178
121000160,416,569,-153
121000161,448,442,6
121000162,261,121,140
121000165,2187,2974,-787
121000166,34,485,-451
121000168,569,360,209
121000169,121,202,-81
121000170,343,108,235
121000171,60,339,-279
121000172,1630,1622,8
121000173,3081,2178,903
121000174,1141,955,186
121000175,2587,886,1701
121000176,685,431,254
121000177,640,523,117
121000178,95,116,-21
121000179,38,119,-81
121000181,469,473,-4
121000182,330,559,-229
121000183,111,336,-225
121000184,76,529,-453
121000185,65,574,-509
121000186,463,1177,-714
121000187,474,183,291
121000188,524,137,387
121000192,1168,749,419
121000193,1032,522,510
121000194,2506,2746,-240
121000195,387,2081,-1694
121000196,533,610,-77
121000197,195,2895,-2700
121000198,199,466,-267
121000199,181,307,-126
121000200,889,273,616
121000201,11,423,-412
121000202,262,21,241
121000203,1062,2703,-1641
121000204,5016,1311,3705
121000205,142,523,-381
121000206,202,165,37
121000207,3186,960,2226
121000208,8,270,-262
121000209,1057,100,957
121000210,1269,342,927
121000211,620,220,400
121000212,620,532,88
121000213,23989,4403,19586
121000214,1473,3174,-1701
121000215,1164,3153,-1989
121000216,784,1109,-325
121000217,5725,4996,729
121000218,456,3341,-2885
121000219,2173,1287,886
121000220,230,175,55
121000221,173,796,-623
121000222,4587,5244,-657
121000223,205,1921,-1716
121000224,196,1029,-833
121000225,496,5149,-4653
121000226,1299,2320,-1021
121000227,29,219,-190
121000228,37,948,-911
121000229,722,786,-64
121000230,62,3450,-3388
121000231,2268,46,2222
121000232,809,462,347
121000233,791,464,327
121000234,23,89,-66
121000235,72,88,-16
121000236,9,58,-49
121000237,32,27,5
121000238,4,71,-67
121000239,69,2,67
121000240,4,219,-215
121000241,137,18,119
121000242,40,562,-522
121000243,249,83,166
121000244,11,95,-84
121000245,60,23,37
121000246,4,129,-125
121000247,217,6,211
121000248,624,1437,-813
121000249,89,356,-267
121000250,781,525,256
121000251,29,293,-264
121000252,297,226,71
121000253,406,482,-76
121000254,1072,206,866
121000255,158,354,-196
121000256,492,308,184
121000257,29,131,-102
121000258,73,231,-158
121000259,37,150,-113
121000260,45,145,-100
121000261,95,174,-79
121000262,2694,771,1923
121000263,685,654,31
121000271,1911,2922,-1011
121000273,46,5,41
121000274,38,120,-82
121000275,5,16,-11
121000276,26,77,-51
121000278,56,52,4
121000279,28,39,-11
121000280,46,53,-7
121000289,607,30,577
121000290,3011,2432,579
121000294,432,20,412
121000297,507,1212,-705
121000299,126,2230,-2104
121000300,2767,1304,1463
121000302,18,961,-943
121000303,741,376,365
121000304,713,130,583
121000305,340,122,218
121000306,331,324,7
121000308,126,460,-334
121000309,328,715,-387
121000310,212,478,-266
121000311,87,424,-337
121000312,978,741,237
121000313,664,437,227
121000314,34,79,-45
121000315,14,47,-33
121000530,2812,2961,-149
121000531,2694,2336,358
121000532,8227,9698,-1471
121000533,4859,5010,-151
121000918,31,58,-27
121000919,31,115,-84
121000938,92,175,-83
121000939,26,296,-270
121000956,2742,1797,945
121000957,2,58,-56
121000958,10,252,-242
121000959,1669,400,1269
121000960,2119,1401,718
121000961,471,111,360
121000962,1040,519,521
121000973,3,360,-357
121000976,7,157,-150
121000979,867,280,587
121000981,427,171,256
121000982,594,236,358
121000983,597,228,369
121000984,6,119,-113
121000985,1490,414,1076
121000986,919,109,810
121000987,398,711,-313
121000988,1909,160,1749
121001302,305,287,18
121001308,0,129,-129
121001309,59,529,-470
121001313,269,89,180
121001314,1926,2270,-344
121001315,7553,5012,2541
121900001,232,533,-301
121900002,32,76,-44
121900003,796,48,748
121900004,68,831,-763
121900005,54,11,43
121900006,218,19,199
121900007,3213,2604,609
121900008,76,368,-292
121900009,2223,46,2177
121900010,406,6,400
121900011,385,284,101
121900012,4,1,3
121900013,301,114,187
121900014,3063,447,2616
121900015,203,304,-101
121900016,5,45,-40
121900017,733,2092,-1359
121900018,917,20,897
121900019,902,405,497
121900020,75,5,70
121900021,1833,18,1815
121900022,290,424,-134
121900023,250,720,-470
121900024,836,69,767
121900025,906,885,21
121900026,543,155,388
121900027,736,487,249
121900028,293,14,279
121900029,161,404,-243
121900030,525,852,-327
121900031,1995,8948,-6953
121900032,212,130,82
121900033,215,541,-326
121900034,364,212,152
121900035,7019,5059,1960
121900036,280,716,-436
121900037,168,1808,-1640
121900038,75,159,-84
121900039,311,72,239
121900040,87,117,-30
121900041,91,629,-538
121900042,617,361,256
121900043,0,17,-17
121900044,61,63,-2
121900045,882,411,471
121900046,253,390,-137
121900047,264,145,119
121900048,197,118,79
121900050,30,230,-200
121900051,237,591,-354
121900052,207,49,158
121900053,765,560,205
121900054,286,2423,-2137
121900055,33,25,8
121900058,835,764,71
121900059,536,243,293
121900060,147,1051,-904
121900061,243,210,33
121900062,196,203,-7
121900063,2175,641,1534
121900064,511,1049,-538
121900066,85,16,69
121900067,68,57,11
121900069,188,254,-66
121900070,193,312,-119
121900071,988,407,581
121900072,85,241,-156
121900073,268,567,-299
121900074,576,860,-284
121900075,434,1266,-832
121900076,648,1217,-569
121900077,51,15,36
121900078,313,30,283
121900079,0,0,0
121900080,1542,460,1082
121900082,111,186,-75
121900083,261,197,64
121900084,58,25,33
121900085,10,25,-15
121900086,48,98,-50
121900087,114,229,-115
121900088,2002,3802,-1800
121900089,416,176,240
121900090,33,40,-7
121900091,191,72,119
121900092,230,207,23
121900093,141,63,78
121900094,18,18,0
121900095,498,195,303
121900096,1724,1241,483
121900097,1090,215,875
121900098,8,5,3
121900099,406,50,356
121900100,84,251,-167
121900101,152,195,-43
121900102,2,137,-135
121900103,684,630,54
121900104,2950,647,2303
121900105,454,270,184
121900106,9,24,-15
121900107,185,38,147
121900108,1,42,-41
121900109,249,324,-75
121900110,1206,749,457
121900111,560,411,149
121900112,203,443,-240
121900113,105,671,-566
121900114,183,72,111
121900115,249,453,-204
121900117,170,225,-55
121900118,4306,1098,3208
121900119,232,91,141
121900120,140,1268,-1128
121900121,687,59,628
121900122,67,63,4
121900123,279,574,-295
121900124,416,312,104
121900125,4337,2013,2324
121900127,10,189,-179
121900128,112,99,13
121900129,268,311,-43
121900130,180,491,-311
121900131,458,203,255
121900132,81,92,-11
121900133,31,739,-708
121900134,15,877,-862
121900135,8590,890,7700
121900136,566,572,-6
121900137,65,400,-335
121900138,137,337,-200
121900139,426,6895,-6469
121900140,45,156,-111
121900141,81,69,12
121900142,192,58,134
121900143,21,287,-266
121900144,212,1200,-988
121900145,267,411,-144
121900146,604,1180,-576
121900147,86,456,-370
121900148,457,616,-159
121900149,397,658,-261
121900150,88,286,-198
121900151,90,580,-490
121900152,237,93,144
121900153,53,300,-247
121900154,10,738,-728
121900155,7,450,-443
121900156,162,182,-20
121900157,1,553,-552
121900158,131,204,-73
121900159,3,348,-345
121900160,57,512,-455
121900161,336,966,-630
121900162,141,258,-117
121900163,688,248,440
121900164,346,650,-304
121900165,229,283,-54
121900166,180,369,-189
121900167,69,130,-61
121900168,125,172,-47
121900169,38,387,-349
121900170,36,250,-214
121900171,1749,1382,367
121900172,917,491,426
121900173,979,560,419
121900174,101,81,20
121900175,97,684,-587
121900176,679,2691,-2012
121900177,162,118,44
121900178,22,2,20
121900179,428,509,-81
121900180,1862,8487,-6625
121900182,932,729,203
121900183,522,2673,-2151
121900184,45,2884,-2839
121900185,253,81,172
121900186,16,892,-876
121900187,27,218,-191
121900188,1380,266,1114
121900189,232,105,127
121900190,388,713,-325
121900191,81,506,-425
121900192,327,3901,-3574
121900193,27,87,-60
121900194,10,443,-433
121900195,25,97,-72
121900196,1066,1207,-141
121900197,420,1743,-1323
121900198,5851,3308,2543
121900199,3,46,-43
121900200,51,173,-122
121900201,1181,884,297
121900202,241,1316,-1075
121900203,176,2915,-2739
121900204,1913,1599,314
121900205,219,534,-315
121900206,32,299,-267
121900207,49,114,-65
121900208,189,596,-407
121900209,167,75,92
121900210,3725,2076,1649
121900211,10,187,-177
121900212,27,219,-192
121900213,525,32,493
121900214,4,815,-811
121900215,65,241,-176
121900216,80,573,-493
121900217,547,389,158
121900218,299,984,-685
121900219,502,65,437
121900220,123,23,100
121900221,420,675,-255
121900222,413,174,239
121900223,303,242,61
121900224,160,149,11
121900225,164,338,-174
121900226,376,67,309
121900227,458,2870,-2412
121900228,193,161,32
121900229,481,1091,-610
121900230,56,586,-530
121900231,74,2349,-2275
121900232,196,615,-419
121900233,431,216,215
121900234,566,360,206
121900235,954,252,702
121900236,401,250,151
121900237,232,924,-692
121900238,162,469,-307
121900239,343,88,255
121900240,307,297,10
121900241,87,35,52
121900242,9,0,9
121900243,15,0,15
121900244,59,2,57
121900245,490,140,350
121900246,10532,652,9880
121900247,604,379,225
121900248,2381,1209,1172
121900250,227,821,-594
121900251,973,55,918
121900252,456,389,67
121900253,66,1845,-1779
121900254,483,820,-337
121900255,808,276,532
121900258,8145,2243,5902
121900259,172,901,-729
121900260,309,250,59
121900261,184,1215,-1031
121900262,1164,1861,-697
121900263,464,367,97
121900264,1440,1278,162
121900265,532,253,279
121900266,765,119,646
121900267,123,59,64
121900269,345,1435,-1090
121900270,66,298,-232
121900271,37,214,-177
121900273,613,2649,-2036
121900274,567,389,178
121900276,679,367,312
121900277,417,1419,-1002
121900278,125,2692,-2567
121900279,258,376,-118
121900280,168,1269,-1101
121900281,160,637,-477
121900284,51,6,45
121900286,277,104,173
121900287,27,32,-5
121900290,214,2561,-2347
121900291,494,2402,-1908
121900292,269,243,26
121900293,1040,8393,-7353
121900294,513,8,505
121900295,299,175,124
121900296,94,370,-276
121900298,118,1672,-1554
121900299,1,13,-12
121900300,102,8,94
121900301,95,2,93
121900302,5,184,-179
121900303,241,843,-602
121900304,1,40,-39
121900305,13,29,-16
121900306,452,5,447
121900307,251,22,229
121900308,10,96,-86
121900309,6,97,-91
121900310,11,123,-112
121900311,1033,56,977
121900312,980,44,936
121900313,770,63,707
121900314,3,10,-7
121900315,128,0,128
121900316,0,7,-7
121900317,93,10,83
121900318,1,2,-1
121900319,97,598,-501
121900320,53,43,10
121900321,49,6,43
121900322,14,8,6
121900323,33,41,-8
121900324,2,32,-30
121900325,25,9,16
121900326,3,4,-1
121900327,2,43,-41
121900328,0,18,-18
121900329,8,50,-42
121900330,6,131,-125
121900331,121,57,64
121900332,42,52,-10
122000001,1775,7253,-5478
122000002,3004,1688,1316
122000003,1368,3641,-2273
122000004,2022,2154,-132
122000005,9302,3649,5653
122000006,988,2603,-1615
122000007,841,3481,-2640
122000008,1532,5888,-4356
122000009,882,919,-37
122000010,4426,4867,-441
122000011,10982,4222,6760
122000012,1180,8300,-7120
122000013,793,3397,-2604
122000014,9559,2958,6601
122000015,1351,1364,-13
122000016,677,837,-160
122000017,1880,2051,-171
122000018,4095,3290,805
122000019,1576,3904,-2328
122000020,198,612,-414
122000021,204,583,-379
122000022,1947,2813,-866
122000023,1861,3355,-1494
122000024,652,5255,-4603
122000025,623,6381,-5758
122000026,286,2123,-1837
122000027,747,1335,-588
122000028,2702,1100,1602
122000029,472,1401,-929
122000030,249,306,-57
122000031,190,509,-319
122000032,12692,4858,7834
122000033,552,8620,-8068
122000034,437,1621,-1184
122000035,231,898,-667
122000036,763,932,-169
122000037,1656,502,1154
122000038,333,898,-565
122000039,698,1348,-650
122000040,266,507,-241
122000041,1249,1269,-20
122000042,683,1313,-630
122000043,124,380,-256
122000044,134,152,-18
122000045,3216,1815,1401
122000046,1470,2553,-1083
122000047,101,271,-170
122000048,2830,4986,-2156
122000049,10961,4866,6095
122000050,1041,1822,-781
122000051,148,778,-630
122000052,404,684,-280
122000053,452,1372,-920
122000054,2067,3182,-1115
122000055,2035,5649,-3614
122000056,3470,4110,-640
122000057,6318,6380,-62
122000058,800,3626,-2826
122000059,948,6586,-5638
122000060,262,1740,-1478
122000061,192,1298,-1106
122000062,653,295,358
122000063,386,2675,-2289
122000064,4245,10660,-6415
122000065,3183,4594,-1411
122000066,852,2651,-1799
122000067,1542,2194,-652
122000068,4548,1655,2893
122000069,2254,1509,745
122000070,1710,1929,-219
122000071,6892,1787,5105
122000072,2584,1594,990
122000073,246,3288,-3042
122000074,3228,2025,1203
122000075,1651,1448,203
122000076,15658,3663,11995
122000077,815,3827,-3012
122000078,645,6894,-6249
122000079,328,5182,-4854
122000080,475,1150,-675
122000081,103,318,-215
122000082,311,2037,-1726
122000083,11288,1504,9784
122000084,7298,2543,4755
122000085,485,1025,-540
122000086,4319,11726,-7407
122000087,288,702,-414
122000088,66,488,-422
122000089,6005,3864,2141
122000090,605,2611,-2006
122000091,156,1090,-934
122000092,50,165,-115
122000093,2597,7596,-4999
122000094,9341,4890,4451
122000095,793,7709,-6916
122000096,552,4295,-3743
122000098,6420,6327,93
122000099,731,3020,-2289
122000100,1078,1715,-637
122000101,411,717,-306
122000102,3888,1383,2505
122000103,1704,2121,-417
122000104,3021,226,2795
122000105,663,869,-206
122000106,747,3387,-2640
122000107,1706,818,888
122000108,1020,1082,-62
122000109,691,389,302
122000110,1074,1219,-145
122000111,5529,2461,3068
122000112,2897,2458,439
122000113,1061,1322,-261
122000114,2045,5738,-3693
122000115,2428,1908,520
122000116,562,848,-286
122000117,1526,504,1022
122000118,929,717,212
122000119,4736,3039,1697
122000120,1119,6022,-4903
122000121,805,3111,-2306
122000122,405,1132,-727
122000123,1331,2044,-713
122000124,1013,732,281
122000125,507,833,-326
122000126,474,849,-375
122000127,562,955,-393
122000128,255,505,-250
122000129,474,1545,-1071
122000130,4365,1825,2540
122000131,1302,2149,-847
122000132,294,809,-515
122000133,1041,1267,-226
122000134,1569,1020,549
122000135,489,252,237
122000136,1456,782,674
122000137,3468,1471,1997
122000139,835,5333,-4498
122000140,306,2453,-2147
122000141,6157,3718,2439
122000142,173,3595,-3422
122000143,441,937,-496
122000144,2191,2713,-522
122000145,1077,1741,-664
122000146,594,5571,-4977
122000147,732,1173,-441
122000148,429,2318,-1889
122000149,2210,1555,655
122000150,1805,1587,218
122000151,118,628,-510
122000152,499,696,-197
122000153,560,816,-256
122000154,287,334,-47
122000155,1506,3612,-2106
122000156,15012,7459,7553
122000157,828,14315,-13487
122000158,384,1785,-1401
122000159,881,2514,-1633
122000160,3101,3140,-39
122000161,1427,1630,-203
122000162,1213,2051,-838
122000163,548,226,322
122000164,97,475,-378
122000165,1908,2672,-764
122000166,1024,4617,-3593
122000167,365,1022,-657
122000168,265,1896,-1631
122000169,477,404,73
122000170,546,607,-61
122000171,47,134,-87
122000172,3053,2309,744
122000173,2213,4336,-2123
122000174,1861,2524,-663
122000175,860,714,146
122000176,389,2116,-1727
122000177,1153,2548,-1395
122000178,9310,5445,3865
122000179,4993,6484,-1491
122000180,845,1544,-699
122000181,927,2824,-1897
122000182,2401,2146,255
122000183,4254,1629,2625
122000184,4738,6004,-1266
122000185,1427,6226,-4799
122000186,935,3891,-2956
122000187,2630,2136,494
122000188,642,558,84
122000189,267,545,-278
122000190,942,3030,-2088
122000191,1102,1398,-296
122000192,1735,580,1155
122000193,568,1143,-575
122000194,621,353,268
122000195,128,1018,-890
122000196,1543,545,998
122000197,658,1022,-364
122000198,610,3898,-3288
122000199,274,643,-369
122000200,1469,1231,238
122000201,1480,4598,-3118
122000202,1326,4134,-2808
122000203,2902,1719,1183
122000204,1560,1903,-343
122000205,719,1266,-547
122000206,7239,1786,5453
122000207,2972,2718,254
122000208,2738,3273,-535
122000209,3145,1174,1971
122000210,2719,3629,-910
122000211,1513,2415,-902
122000212,1115,717,398
122000213,1222,2085,-863
122000214,2541,2278,263
122000215,3327,2601,726
122000217,1846,3873,-2027
122000218,1159,125,1034
122000219,1729,1204,525
122000220,411,1113,-702
122000221,166,446,-280
122000222,681,202,479
122000223,1179,877,302
122000225,830,621,209
122000226,2015,2008,7
122000227,343,2091,-1748
122000228,326,309,17
122000229,27,469,-442
122000230,67,402,-335
122000231,488,902,-414
122000232,719,577,142
122000233,0,53,-53
122000234,735,37,698
122000235,746,97,649
122000236,2247,45,2202
122000237,173,137,36
122000238,532,389,143
122000239,1282,234,1048
122000240,1359,793,566
122000241,299,533,-234
122000242,738,223,515
122000243,29,35,-6
122000244,18,412,-394
122000245,6,40,-34
122000246,41,180,-139
122000247,720,185,535
122000248,964,963,1
122000249,1752,1474,278
122000250,3150,1335,1815
122000251,127,536,-409
122000252,301,180,121
122000253,158,347,-189
122000254,653,124,529
122000255,668,867,-199
122000256,265,587,-322
122000257,292,101,191
122000258,490,366,124
122000259,22,325,-303
122000260,4,28,-24
122000261,31,467,-436
122000262,0,45,-45
122000263,202,741,-539
122000264,2065,566,1499
122000265,4084,1832,2252
122000266,5299,1084,4215
122000267,107,154,-47
122000268,232,507,-275
122000269,1358,583,775
122000270,668,328,340
122000271,293,3276,-2983
122000272,631,2393,-1762
122000273,695,676,19
122000274,415,260,155
122000275,71,204,-133
122000276,1702,563,1139
122000277,1714,1813,-99
122000278,3082,374,2708
122000279,437,237,200
122000280,734,598,136
122000281,930,813,117
122000282,109,566,-457
122000283,185,219,-34
122000284,146,50,96
122000285,316,78,238
122000286,54,185,-131
122000287,2411,1747,664
122000288,605,252,353
122000291,4810,1182,3628
122000293,245,159,86
122000294,274,505,-231
122000295,1868,303,1565
122000296,31,715,-684
122000297,2680,5878,-3198
122000299,800,657,143
122000300,495,656,-161
122000301,7914,4351,3563
122000302,487,3620,-3133
122000303,2457,1244,1213
122000304,78,334,-256
122000305,2161,525,1636
122000306,49,371,-322
122000307,165,154,11
122000309,99,36,63
122000310,21,118,-97
122000311,63,130,-67
122000312,80,396,-316
122000313,37,224,-187
122000314,131,721,-590
122000315,369,117,252
122000316,2554,415,2139
122000317,3393,350,3043
122000318,388,2009,-1621
122000319,132,538,-406
122000320,340,1131,-791
122000321,121,149,-28
122000322,1793,3411,-1618
122000323,708,5601,-4893
122000324,2491,4207,-1716
122000325,848,8229,-7381
122000326,261,87,174
122000327,658,1375,-717
122000328,644,513,131
122000330,4782,3275,1507
122000332,289,424,-135
122000333,16,64,-48
122000337,1647,496,1151
122000338,819,420,399
122000340,247,4961,-4714
122000342,1768,997,771
122000343,248,252,-4
122000344,61,20,41
122000345,85,24,61
122000346,237,36,201
122000348,936,1038,-102
122000349,62,637,-575
122000351,331,263,68
122000352,232,251,-19
122000353,290,56,234
122000355,104,343,-239
122000356,573,3516,-2943
122000357,109,12,97
122000358,0,10,-10
122000359,0,21,-21
122000360,0,30,-30
122000362,4,47,-43
122000364,314,261,53
122000365,2,16,-14
122000366,19,14,5
122000368,645,870,-225
122000370,42,9,33
122000371,27,0,27
122000372,22,3,19
122000381,275,557,-282
122000382,90,165,-75
122000384,1586,1812,-226
122000385,165,0,165
122000386,279,3128,-2849
122000387,608,1730,-1122
122000388,1593,1772,-179
122000389,314,2698,-2384
122000390,399,540,-141
122000391,125,2448,-2323
122000392,377,164,213
122000393,27,115,-88
122000394,927,211,716
122000395,201,139,62
122000396,388,123,265
122000397,18,46,-28
122000398,8,135,-127
122000399,177,69,108
122000400,30,1683,-1653
122000401,224,79,145
122000402,681,196,485
122000403,674,371,303
122000404,356,153,203
122000408,613,1066,-453
122000503,17,131,-114
122000524,167,680,-513
122000544,143,3008,-2865
122000616,398,5,393
122000640,113,66,47
122000641,274,194,80
122000642,1666,608,1058
122000643,59,356,-297
122000644,137,30,107
122000645,74,259,-185
122000651,592,4283,-3691
122000664,223,114,109
122000665,1952,758,1194
122000666,759,1452,-693
122000673,33,182,-149
122000674,523,138,385
122000675,3177,748,2429
122000686,592,2173,-1581
122000687,2456,471,1985
122000688,366,400,-34
122000689,1804,229,1575
122000690,4615,305,4310
122000691,1483,520,963
122000692,1950,261,1689
122000693,534,1104,-570
122000695,620,309,311
122000696,1295,203,1092
122000698,553,164,389
122000699,341,155,186
122000701,2576,398,2178
122000702,649,1265,-616
122000703,320,71,249
122000717,54,130,-76
122000718,289,1889,-1600
122000719,123,157,-34
122000720,1061,100,961
122900001,55,20,35
122900002,802,10732,-9930
122900003,591,43,548
122900004,3581,163,3418
122900005,124,221,-97
122900006,402,1586,-1184
122900007,94,226,-132
122900008,201,264,-63
122900009,1774,702,1072
122900010,414,178,236
122900012,229,618,-389
122900014,161,175,-14
122900015,857,1401,-544
122900016,155,207,-52
122900017,301,1754,-1453
122900018,269,13,256
122900019,4,83,-79
122900020,156,470,-314
122900021,42,471,-429
122900022,2045,889,1156
122900023,1207,238,969
122900024,150,153,-3
122900025,10,453,-443
122900026,9,161,-152
122900027,61,523,-462
122900028,172,243,-71
122900029,10488,3897,6591
122900030,3186,803,2383
122900031,73,443,-370
122900032,1123,491,632
122900033,312,272,40
122900034,4536,5880,-1344
122900035,94,55,39
122900036,122,70,52
122900037,566,363,203
122900038,92,5069,-4977
122900039,84,705,-621
122900040,240,1696,-1456
122900041,251,518,-267
122900042,279,330,-51
122900043,528,260,268
122900044,163,409,-246
122900045,212,382,-170
122900046,171,424,-253
122900047,177,309,-132
122900048,43,323,-280
122900049,4159,224,3935
122900051,36,750,-714
122900052,149,72,77
122900053,22,35,-13
122900055,370,97,273
122900057,430,80,350
122900061,604,125,479
122900062,799,943,-144
122900063,274,192,82
122900064,974,459,515
122900065,886,310,576
122900066,1016,396,620
122900067,948,512,436
122900068,121,318,-197
122900069,594,1937,-1343
122900070,507,78,429
122900071,125,218,-93
122900072,23,396,-373
122900073,5,109,-104
122900074,1673,147,1526
122900075,1,128,-127
122900076,2,289,-287
122900077,0,76,-76
122900078,436,19,417
122900080,33,72,-39
122900081,224,258,-34
122900082,1709,224,1485
122900083,84,149,-65
122900084,12,85,-73
122900086,16,218,-202
122900087,619,420,199
122900088,53,1237,-1184
122900089,64,160,-96
122900090,20,336,-316
122900091,612,3,609
122900092,0,144,-144
122900093,0,112,-112
122900094,1,143,-142
122900095,241,28,213
122900096,690,107,583
122900097,39,62,-23
122900098,28,157,-129
122900099,147,81,66
122900100,83,1583,-1500
122900101,365,416,-51
123000001,898,2251,-1353
123000002,3047,11016,-7969
123000003,7525,6579,946
123000004,3682,5212,-1530
123000005,5256,3502,1754
123000006,3075,2772,303
123000007,3044,3360,-316
123000008,2604,3202,-598
123000009,5111,4035,1076
123000010,3846,5448,-1602
123000011,2200,2011,189
123000012,850,5294,-4444
123000013,6742,1825,4917
123000014,686,4529,-3843
123000015,3042,1333,1709
123000016,3177,4949,-1772
123000017,5110,2458,2652
123000018,153,104,49
123000019,906,104,802
123000020,676,61,615
123000021,335,344,-9
123000022,412,2686,-2274
123000023,3265,3740,-475
123000024,2143,1202,941
123000025,45,133,-88
123000026,20,278,-258
123000027,61,1307,-1246
123000028,832,1568,-736
123000029,437,2022,-1585
123000030,512,144,368
123000031,506,239,267
123000032,945,128,817
123000033,394,198,196
123000034,1445,874,571
123000035,835,670,165
123000036,448,1571,-1123
123000037,349,196,153
123000038,286,498,-212
123000039,705,2246,-1541
123000040,493,215,278
123000041,903,2200,-1297
123000042,489,1870,-1381
123000043,2544,22273,-19729
123000044,3497,3386,111
123000045,4895,2715,2180
123000046,366,1721,-1355
123000047,968,1911,-943
123000048,211,2391,-2180
123000049,7762,15022,-7260
123000050,3354,2727,627
123000051,111,388,-277
123000052,1184,5714,-4530
123000053,3712,4304,-592
123000054,3150,2684,466
123000055,3194,7831,-4637
123000056,1595,950,645
123000057,4575,8272,-3697
123000058,839,1941,-1102
123000059,278,638,-360
123000060,1668,523,1145
123000061,348,843,-495
123000063,1938,1543,395
123000064,2326,296,2030
123000065,4996,3782,1214
123000066,530,719,-189
123000067,1780,584,1196
123000068,2102,2934,-832
123000069,4596,1794,2802
123000070,245,885,-640
123000071,3934,1158,2776
123000072,1825,698,1127
123000073,3932,1460,2472
123000074,1456,1280,176
123000075,563,3279,-2716
123000076,1184,610,574
123000077,3153,1985,1168
123000078,5188,1713,3475
123000079,4776,2440,2336
123000080,4198,1362,2836
123000081,279,449,-170
123000082,420,1229,-809
123000083,1824,387,1437
123000084,1259,394,865
123000085,779,49,730
123000086,1448,119,1329
123000087,904,376,528
123000088,2202,862,1340
123000089,1527,1443,84
123000090,2595,1208,1387
123000091,2933,1673,1260
123000092,965,1961,-996
123000094,1504,245,1259
123000095,1688,1048,640
123000096,1780,551,1229
123000097,1270,601,669
123000098,1039,730,309
123000099,945,511,434
123000100,451,1164,-713
123000101,680,711,-31
123000102,554,1297,-743
123000104,698,856,-158
123000105,478,573,-95
123000106,709,790,-81
123000107,360,395,-35
123000108,704,1341,-637
123000111,1845,624,1221
123000112,2223,687,1536
123000113,877,629,248
123000114,627,842,-215
123000115,514,452,62
123000116,35,74,-39
123000117,3043,1593,1450
123000118,826,571,255
123000119,466,528,-62
123000120,342,724,-382
123000121,829,1138,-309
123000122,463,424,39
123000123,874,841,33
123000124,643,490,153
123000125,2147,1819,328
123000126,1799,7198,-5399
123000127,674,689,-15
123000128,360,374,-14
123000129,1653,490,1163
123000130,1402,152,1250
123000131,2746,1291,1455
123000132,343,793,-450
123000133,156,302,-146
123000134,251,126,125
123000135,4216,1604,2612
123000136,231,570,-339
123000137,146,303,-157
123000138,145,287,-142
123000139,1058,232,826
123000140,67,475,-408
123000141,1017,216,801
123000142,1359,923,436
123000143,938,1917,-979
123000144,10,54,-44
123000145,132,474,-342
123000146,17,201,-184
123000147,133,291,-158
123000149,431,566,-135
123000150,133,422,-289
123000151,148,768,-620
123000152,32,380,-348
123000153,76,948,-872
123000154,1122,1987,-865
123000155,1847,1406,441
123000156,43,173,-130
123000157,776,875,-99
123000158,692,1210,-518
123000159,4354,6112,-1758
123000160,1527,2037,-510
123000161,2330,1616,714
123000162,2392,2680,-288
123000163,1427,356,1071
123000164,3438,342,3096
123000165,536,1033,-497
123000166,65,88,-23
123000167,134,195,-61
123000168,451,148,303
123000169,1560,250,1310
123000170,122,157,-35
123000171,1943,14,1929
123000172,174,530,-356
123000173,968,506,462
123000174,1286,738,548
123000175,396,1013,-617
123000176,1320,433,887
123000177,368,1201,-833
123000178,1575,257,1318
123000179,53,411,-358
123000180,2465,507,1958
123000181,348,994,-646
123000182,328,225,103
123000183,201,758,-557
123000184,91,483,-392
123000185,1712,593,1119
123000186,8,336,-328
123000187,983,12,971
123000188,508,4,504
123000189,399,199,200
123000190,108,100,8
123000192,15,402,-387
123000193,34,708,-674
123000194,262,324,-62
123000195,480,54,426
123000196,717,45,672
123000197,137,126,11
123000198,73,599,-526
123000199,49,688,-639
123000200,1150,18,1132
123000201,2147,22,2125
123000202,50,544,-494
123000203,1817,68,1749
123000204,128,505,-377
123000205,282,819,-537
123000206,4731,376,4355
123000207,77,563,-486
123000208,1119,317,802
123000209,3252,954,2298
123000210,245,1419,-1174
123000211,493,2042,-1549
123000212,6840,670,6170
123000213,998,102,896
123000215,94,233,-139
123000216,218,1152,-934
123000217,389,56,333
123000218,63,880,-817
123000219,948,125,823
123000220,722,187,535
123000221,240,142,98
123000222,739,423,316
123000223,1151,184,967
123000224,607,348,259
123000225,375,67,308
123000226,144,428,-284
123000227,117,228,-111
123000228,410,56,354
123000229,861,1657,-796
123000232,141,530,-389
123000233,1388,234,1154
123000234,213,570,-357
123000235,2280,477,1803
123000236,462,594,-132
123000237,689,181,508
123000238,108,405,-297
123000239,512,709,-197
123000240,88,1646,-1558
123000241,437,57,380
123000242,412,249,163
123000243,1109,1070,39
123000244,1038,596,442
123000245,51,184,-133
123000249,430,632,-202
123000252,1636,546,1090
123000253,2542,832,1710
123000254,926,824,102
123000255,1737,1265,472
123000256,17,231,-214
123000257,2554,1404,1150
123000258,1366,741,625
123000259,746,588,158
123000260,910,381,529
123000261,614,184,430
123000262,70,102,-32
123000263,778,119,659
123000264,231,155,76
123000265,48,133,-85
123000266,709,622,87
123000267,1047,666,381
123000268,63,40,23
123000269,73,120,-47
123000270,55,139,-84
123000271,48,55,-7
123000272,969,441,528
123000273,363,1383,-1020
123000274,1569,1321,248
123000275,228,1080,-852
123000278,2177,4061,-1884
123000279,125,85,40
123000280,403,333,70
123000281,434,199,235
123000282,104,359,-255
123000283,275,171,104
123000284,77,63,14
123000286,171,727,-556
123000287,481,522,-41
123000288,1643,1972,-329
123000289,279,2317,-2038
123000291,219,1205,-986
123000294,158,253,-95
123000295,831,1927,-1096
123000296,1139,987,152
123000297,175,200,-25
123000298,264,240,24
123000299,11,116,-105
123000300,2092,1318,774
123000301,175,766,-591
123000302,209,109,100
123000303,161,422,-261
123000305,1228,1217,11
123000306,410,78,332
123000309,40,84,-44
123000310,81,85,-4
123000311,1,130,-129
123000312,340,511,-171
123000313,1101,527,574
123000315,215,334,-119
123000316,902,129,773
123000317,320,128,192
123000318,62,176,-114
123000329,21,15,6
123000337,409,582,-173
123000338,131,241,-110
123000339,579,54,525
123000340,90,427,-337
123000342,21,46,-25
123000343,124,28,96
123000344,708,362,346
123000345,443,631,-188
123000346,724,50,674
123000352,1281,983,298
123000353,98,120,-22
123000354,545,23,522
123000355,2,239,-237
123000356,753,26,727
123000357,2,177,-175
123000359,30,66,-36
123000360,373,158,215
123000361,478,300,178
123000362,830,147,683
123000363,200,206,-6
123000364,834,822,12
123000365,33,488,-455
123000366,491,4248,-3757
123000367,363,813,-450
123000370,27,231,-204
123000371,591,168,423
123000372,630,45,585
123000373,9,319,-310
123000374,18,197,-179
123000375,631,76,555
123000376,1255,973,282
123000377,1093,36,1057
123000378,20,263,-243
123000379,2,376,-374
123000380,18,412,-394
123000381,53,163,-110
123000382,614,157,457
123000383,141,1350,-1209
123000384,772,217,555
123000385,274,536,-262
123000436,30,1756,-1726
123000507,66,129,-63
123000508,149,2210,-2061
123000517,296,19,277
123000518,38,167,-129
123000519,229,78,151
123000520,59,141,-82
123000521,941,86,855
123000522,206,266,-60
123000541,14,1,13
123000542,0,8,-8
123000565,1362,34,1328
123000566,717,113,604
123000567,116,77,39
123000573,64,544,-480
123000574,1436,75,1361
123000575,2490,833,1657
123000576,1562,991,571
123000577,47,1016,-969
123000578,409,316,93
123000579,1127,11295,-10168
123000580,182,84,98
123000582,921,64,857
123000583,45,319,-274
123000584,312,398,-86
123000585,0,21,-21
123000586,187,20,167
123000596,72,102,-30
123000597,97,279,-182
123000602,179,21,158
123000603,2046,305,1741
123000604,997,322,675
123000605,983,133,850
123000606,1,549,-548
123000609,47,375,-328
123000610,157,110,47
123000613,64,195,-131
123000614,418,31,387
123000615,41,55,-14
123000616,1653,53,1600
123000617,238,149,89
123000618,63,702,-639
123000619,742,162,580
123000620,41,343,-302
123000622,776,30,746
123000624,410,78,332
123000630,2493,533,1960
123000631,217,398,-181
123000632,808,875,-67
123000633,0,154,-154
123000634,43,446,-403
123000635,36,132,-96
123000636,32,336,-304
123000637,169,39,130
123000638,708,17,691
123000639,1033,8035,-7002
123000640,9,241,-232
123900001,1344,83,1261
123900002,41,1596,-1555
123900003,249,442,-193
123900005,473,428,45
123900006,496,130,366
124000001,2255,197,2058
124000002,51,1414,-1363
124000003,1949,259,1690
124000004,65,515,-450
124000005,2095,1330,765
124000006,270,554,-284
124000007,673,80,593
124000008,16,600,-584
124000009,1204,397,807
124000010,439,379,60
124000011,1544,489,1055
124000012,350,362,-12
124000017,298,98,200
124000018,112,59,53
124000019,240,170,70
124000020,69,112,-43
124000021,211,103,108
124000022,83,149,-66
124000023,1604,1868,-264
124000024,1246,429,817
124000025,1295,2058,-763
124000026,1163,976,187
124000027,4424,5380,-956
124000028,1179,3678,-2499
124000030,1453,1619,-166
124000031,1895,6608,-4713
124000032,1288,587,701
124000033,282,386,-104
124000034,702,449,253
124000035,22,324,-302
124000036,24,178,-154
124000037,263,1246,-983
124000038,18,101,-83
124000039,467,456,11
124000040,237,1600,-1363
124000041,744,173,571
124000042,156,456,-300
124000043,111,132,-21
124000044,56,140,-84
124000045,1894,358,1536
124000046,301,643,-342
124000047,3449,653,2796
124000048,1285,774,511
124000049,3390,452,2938
124000050,1249,1081,168
124000051,1886,545,1341
124000052,917,606,311
124000053,696,2835,-2139
124000054,856,293,563
124000055,1480,6945,-5465
124000056,1718,870,848
124000057,1979,569,1410
124000058,716,802,-86
124000059,1510,1765,-255
124000060,546,407,139
124000061,1849,8243,-6394
124000062,1573,1285,288
124000063,1209,1148,61
124000064,1676,1064,612
124000065,8,840,-832
124000066,96,53,43
124000067,267,215,52
124000068,19,29,-10
124000069,340,15,325
124000070,105,58,47
124000071,115,135,-20
124000072,282,391,-109
124000073,1275,241,1034
124000074,276,477,-201
124000075,647,62,585
124000076,10,46,-36
124000077,300,968,-668
124000078,1615,1419,196
124000079,224,1606,-1382
124000080,1062,193,869
124000081,341,423,-82
124000082,115,147,-32
124000083,42,73,-31
124000084,38,638,-600
124000085,47,32,15
124000086,44,215,-171
124000087,68,125,-57
124000088,161,582,-421
124000089,957,521,436
124000090,114,193,-79
124000091,595,88,507
124000092,102,196,-94
124000093,156,161,-5
124000094,258,678,-420
124000095,225,95,130
124000096,259,263,-4
124000097,162,137,25
124000098,51,87,-36
124000099,217,127,90
124000100,84,78,6
124000101,162,105,57
124000102,127,48,79
124000103,306,160,146
124000104,134,40,94
124000105,207,142,65
124000106,174,48,126
124000107,40,303,-263
124000108,95,9,86
124000109,179,58,121
124000110,83,71,12
124000111,346,120,226
124000112,1203,474,729
124000113,146,167,-21
124000114,445,337,108
124000115,355,998,-643
124000116,121,268,-147
124000117,29,130,-101
124000118,67,111,-44
124000119,931,1142,-211
124000120,1042,846,196
124000121,1110,773,337
124000122,477,1374,-897
124000123,1284,482,802
124000124,376,798,-422
124000125,590,524,66
124000126,386,597,-211
124000127,1425,301,1124
124000128,756,757,-1
124000129,1990,1833,157
124000130,496,504,-8
124000131,793,951,-158
124000132,571,752,-181
124000133,1640,1424,216
124000134,1133,639,494
124000135,2409,2740,-331
124000136,730,1064,-334
124000137,1225,1705,-480
124000138,1231,1322,-91
124000139,447,51,396
124000140,15,280,-265
124000141,79,22,57
124000142,12,252,-240
124000143,135,17,118
124000144,10,55,-45
124000145,210,73,137
124000146,38,80,-42
124000148,17,174,-157
124000149,1199,400,799
124000150,247,905,-658
124000151,1056,214,842
124000152,834,1095,-261
124000153,1181,804,377
124000154,516,555,-39
124000155,1285,773,512
124000156,728,808,-80
124000169,240,891,-651
124000170,870,644,226
124000171,463,401,62
124000172,484,599,-115
124000173,1076,288,788
124000174,519,675,-156
124000175,25,66,-41
124000176,81,38,43
124000177,10,27,-17
124000178,69,90,-21
124000190,9,66,-57
124000191,18,54,-36
124000192,1204,831,373
124000193,186,2502,-2316
124000194,285,420,-135
124000195,566,767,-201
124000196,514,679,-165
124000197,43,48,-5
124000198,78,72,6
124000201,129,665,-536
124000202,721,271,450
124000203,1021,176,845
124000204,1785,193,1592
124000205,155,284,-129
124000206,1464,233,1231
124000207,0,28,-28
124000209,299,154,145
124000210,1269,239,1030
124000211,1438,4,1434
124000212,0,145,-145
124000213,1010,91,919
124000214,818,296,522
124000215,743,56,687
124000216,8,192,-184
124000329,172,538,-366
124000338,193,301,-108
124000339,2128,93,2035
124000341,2656,122,2534
124000344,89,2,87
124000357,1475,3467,-1992
124000358,971,2235,-1264
124000359,2035,1298,737
124000360,1792,692,1100
124000361,2175,1073,1102
124000362,1327,2203,-876
124000363,469,405,64
124000364,533,853,-320
124000365,656,1111,-455
124000366,1982,841,1141
124000367,77,259,-182
124000368,601,976,-375
124000369,73,159,-86
124000370,37,543,-506
124000402,35,31,4
124000403,253,35,218
124000404,27,44,-17
124000405,1142,741,401
124000406,553,710,-157
124000407,2,27,-25
124000411,20,168,-148
124000412,455,4,451
124000413,64,58,6
124000414,163,115,48
124000415,72,40,32
124000416,182,138,44
124000417,277,130,147
124000418,537,44,493
124000419,202,52,150
124000420,238,24,214
124000421,43,53,-10
124000422,20,33,-13
124000423,177,92,85
124000424,0,13,-13
124000425,80,25,55
124000426,1,75,-74
124000427,60,4,56
124000428,4,181,-177
124000429,111,43,68
124000430,1082,479,603
124000431,369,425,-56
124000432,427,647,-220
124000439,11,1,10
124000442,5,30,-25
124000443,1,7,-6
124000445,33,1082,-1049
124000446,241,65,176
124900001,1228,406,822
124900002,359,260,99
124900003,1688,390,1298
124900004,1363,213,1150
124900005,490,95,395
124900006,1393,228,1165
124900008,834,594,240
124900009,195,968,-773
124900010,397,308,89
124900011,1540,351,1189
124900012,1154,258,896
124900013,718,147,571
124900014,487,110,377
124900015,229,890,-661
124900016,158,317,-159
124900017,568,3678,-3110
124900018,207,10,197
124900019,674,41,633
124900020,196,172,24
124900021,569,114,455
124900022,59,4,55
124900024,487,3,484
124900026,64,38,26
124900027,182,678,-496
124900028,524,204,320
124900029,41,749,-708
124900030,5,206,-201
124900031,67,480,-413
124900032,313,215,98
124900033,105,310,-205
124900034,13,150,-137
124900035,208,476,-268
124900036,1,84,-83
124900037,252,241,11
124900038,181,141,40
124900039,1,94,-93
124900040,224,133,91
124900041,257,334,-77
124900042,27,0,27
124900043,581,315,266
124900044,174,24,150
124900045,391,1178,-787
124900046,681,347,334
124900047,127,199,-72
124900048,329,96,233
124900050,231,116,115
124900052,158,541,-383
124900053,285,201,84
124900054,654,684,-30
124900055,2,142,-140
124900057,4,30,-26
124900060,54,167,-113
124900061,143,1,142
124900062,271,10,261
124900066,0,9,-9
124900067,2,86,-84
124900068,289,1416,-1127
124900069,67,294,-227
124900070,125,45,80
124900072,248,46,202
124900074,617,170,447
124900075,658,180,478
124900076,17,3003,-2986
124900077,27,98,-71
124900078,144,29,115
124900079,278,237,41
124900080,394,244,150
124900081,1686,267,1419
124900082,384,302,82
124900083,238,408,-170
124900084,681,138,543
124900085,419,585,-166
124900086,86,1698,-1612
124900087,193,136,57
124900088,112,78,34
124900089,532,12,520
124900090,1106,431,675
124900091,626,257,369
124900092,544,204,340
124900093,835,330,505
124900094,1287,454,833
124900095,199,992,-793
124900096,424,343,81
124900097,955,88,867
124900098,274,447,-173
124900099,390,937,-547
124900100,544,67,477
124900101,54,333,-279
124900102,376,15,361
124900103,245,114,131
124900104,72,140,-68
124900105,130,155,-25
124900106,681,51,630
124900107,173,107,66
124900108,192,164,28
124900109,150,156,-6
124900110,856,169,687
124900111,0,114,-114
124900112,140,309,-169
129000186,186,120,66
204000001,77,3,74
204000002,8,2,6
204000003,47,7,40
204000004,2,0,2
204000005,605,366,239
204000006,1014,938,76
204000008,661,377,284
204000011,10,28,-18
204000012,136,77,59
204000013,0,34,-34
204000019,1285,368,917
204000020,1160,760,400
204000021,1402,914,488
204000022,1344,518,826
204000023,840,325,515
204000031,11,15,-4
204000032,227,65,162
204000034,48,151,-103
204000035,0,3,-3
204000036,4,15,-11
204000037,0,14,-14
204000038,0,27,-27
204000039,11,12,-1
204000040,8,21,-13
204000041,14,32,-18
204000042,67,35,32
204000043,38,19,19
204000044,88,9,79
204000045,82,6,76
204000046,14,1,13
204000057,14,10,4
204000062,10,26,-16
204000068,19,477,-458
204000069,38,498,-460
204000070,59,34,25
204000080,101,42,59
204000085,1547,1596,-49
204000086,1848,1329,519
204000087,49,5,44
204000088,26,86,-60
204000090,26,201,-175
204000093,857,134,723
204000096,1644,813,831
204000097,892,5,887
204000099,1223,2158,-935
204000100,2544,1417,1127
204000105,1345,1150,195
204000110,307,950,-643
204000111,699,618,81
204000112,568,649,-81
204000113,338,713,-375
204000114,1149,1221,-72
204000115,900,530,370
204000116,565,905,-340
204000119,2668,1887,781
204000132,665,405,260
204000133,736,137,599
204000134,251,93,158
204000135,628,58,570
204000136,479,161,318
204000138,427,462,-35
204000140,226,110,116
204000141,174,57,117
204000144,4,24,-20
204000145,634,60,574
204000146,21,291,-270
204000147,17,201,-184
204000148,234,42,192
204000154,17,3,14
204000155,2,5,-3
204000177,71,47,24
204000179,100,15,85
204000180,0,16,-16
204000222,2,5,-3
204000235,31,31,0
204000236,84,198,-114
204000238,34,39,-5
204000240,293,90,203
204000308,150,24,126
204000317,7,88,-81
204000322,4,70,-66
204000323,16,7,9
204000328,329,85,244
204000329,40,250,-210
204000330,168,13,155
204000331,62,94,-32
204010341,4,216,-212
205000001,454,885,-431
205000013,12,70,-58
205000014,36,79,-43
205000015,57,69,-12
205000016,21,94,-73
205000017,27,78,-51
205000022,242,594,-352
205000025,1241,719,522
205000029,471,13,458
205000045,120,596,-476
205000047,69,211,-142
205000048,467,316,151
205000049,147,448,-301
205000050,594,242,352
205000059,1,204,-203
205000060,1,227,-226
205000061,2,427,-425
205000062,1,700,-699
205000063,22,646,-624
205000064,19,99,-80
205000065,187,572,-385
205000066,119,313,-194
205000067,84,456,-372
205000069,183,30,153
205000082,138,240,-102
205000110,61,117,-56
205000111,192,130,62
205000112,161,171,-10
205000113,105,136,-31
205000121,228,51,177
205000123,95,169,-74
205000126,585,82,503
205000127,752,130,622
205000128,483,48,435
205000129,830,57,773
205000130,103,35,68
205000131,41,21,20
205000132,48,34,14
205000133,40,11,29
205000134,314,1,313
205000137,89,91,-2
205000138,126,243,-117
205000139,49,74,-25
205000144,58,88,-30
205000145,310,256,54
205000151,171,38,133
205000152,173,28,145
205000153,280,30,250
205000154,142,40,102
205000155,164,11,153
205000207,4,94,-90
205000233,118,105,13
205000234,0,1,-1
205000243,0,0,0
205000244,0,2,-2
205000245,4,173,-169
205000249,0,16,-16
205000250,5,3,2
205000251,230,280,-50
205000264,12,54,-42
206000027,7,6,1
206000028,9,4,5
206000043,4,51,-47
206000053,5,6,-1
206000054,1,27,-26
206000055,2,14,-12
206000075,24,21,3
206000076,31,18,13
206000077,35,9,26
206000078,25,28,-3
206000079,20,11,9
206000082,387,174,213
206000100,23,594,-571
206000103,3,7,-4
206000104,9,11,-2
206000105,6,8,-2
206000106,3,29,-26
206000108,808,45,763
206000125,123,0,123
206000157,43,470,-427
206000170,0,137,-137
206000171,5,209,-204
206000172,24,153,-129
206000173,0,128,-128
206000174,40,42,-2
206000175,3,33,-30
206000176,39,88,-49
206000177,2,41,-39
206000178,3,157,-154
206000179,2,229,-227
206000180,4,136,-132
206000181,11,24,-13
206000182,4,43,-39
206000183,4,121,-117
206000184,7,137,-130
206000185,2,47,-45
206000186,76,313,-237
206000223,10,243,-233
206000226,44,4,40
206000227,62,6,56
206000237,18,139,-121
206000238,65,194,-129
206000239,195,1578,-1383
206000240,1,41,-40
206000241,0,96,-96
206000242,18,128,-110
206000243,8,61,-53
206000244,64,204,-140
206000245,1583,82,1501
206000246,547,12,535
206000247,539,8,531
206000248,683,43,640
206000252,103,41,62
206000258,12,58,-46
206000315,53,10,43
206000317,751,224,527
206000318,999,93,906
206000319,3158,127,3031
206000320,678,59,619
206000321,641,24,617
206000322,1196,38,1158
206000323,446,22,424
206000324,528,5,523
206000325,431,22,409
206000326,369,51,318
206000327,35,35,0
206000328,331,5,326
206000329,555,9,546
206000330,97,9,88
206000331,486,6,480
206000332,124,8,116
206000333,1498,9,1489
206000334,690,4,686
206000335,0,23,-23
206000361,3,141,-138
206000392,2,12,-10
206000405,139,22,117
206000441,132,27,105
206000498,76,3,73
206000515,59,74,-15
206000530,549,119,430
206000531,308,695,-387
206000532,1566,1015,551
206000535,123,5264,-5141
206000536,18,81,-63
206000537,13,164,-151
206000613,1452,381,1071
207000001,125,466,-341
207000002,118,394,-276
207000003,152,176,-24
207000007,1771,221,1550
207000008,280,8,272
207000009,112,55,57
207000010,289,287,2
207000012,650,237,413
207000015,289,444,-155
207000019,273,101,172
207000021,527,256,271
207000022,225,162,63
207000023,349,68,281
207000024,3,32,-29
207000025,28,98,-70
207000026,91,49,42
207000027,13,78,-65
207000028,64,153,-89
207000029,148,389,-241
207000033,307,484,-177
207000034,441,148,293
207000039,722,92,630
207000040,709,72,637
207000041,172,74,98
207000042,357,70,287
207000043,278,165,113
207000051,153,142,11
207000052,19,116,-97
207000053,349,324,25
207000054,55,49,6
207000055,179,109,70
207000056,251,181,70
207000057,170,168,2
207000058,171,143,28
207000059,94,168,-74
207000060,38,152,-114
207000061,174,933,-759
207000062,725,30,695
207000063,645,64,581
207000064,518,158,360
207000065,438,211,227
207000066,367,205,162
207000067,101,125,-24
207000068,234,46,188
207000069,927,413,514
207000082,6,110,-104
207000083,82,179,-97
207000084,607,316,291
207000085,315,35,280
207000086,369,4,365
207000106,75,18,57
207000107,108,7,101
207000108,94,10,84
207000109,94,13,81
207000110,41,90,-49
207000111,103,126,-23
207000112,88,1042,-954
207000114,33,16,17
207000115,57,36,21
207000116,30,367,-337
207000117,19,97,-78
207000118,4,46,-42
207000119,17,29,-12
207000123,334,19,315
207000124,98,16,82
207000125,75,22,53
207000126,42,31,11
207000134,150,89,61
207000135,42,118,-76
207000148,83,392,-309
207000149,40,34,6
207000152,102,397,-295
207000153,257,875,-618
207000154,361,196,165
207000159,161,220,-59
207000160,227,155,72
207000238,0,115,-115
207000242,2,71,-69
207000248,26,34,-8
207000249,160,27,133
207000250,342,99,243
207000251,67,163,-96
207000252,66,27,39
207000278,166,109,57
207000279,30,71,-41
207000280,1362,115,1247
207000281,171,277,-106
207000282,87,307,-220
207000283,25,138,-113
207000284,40,576,-536
207000285,36,102,-66
207000291,13,93,-80
207000304,121,67,54
207000306,85,263,-178
207000310,155,85,70
207000353,91,0,91
207000356,20,130,-110
207000357,3,22,-19
207000415,14,129,-115
207000417,77,2,75
207000437,0,2,-2
207000439,503,539,-36
207000446,245,8,237
207000460,68,2,66
207000466,154,104,50
207000476,8,28,-20
207000477,1112,32,1080
207000523,0,17,-17
207000524,28,0,28
207000527,213,134,79
207000530,837,4,833
207000531,408,3,405
207000532,112,25,87
207000534,163,34,129
207000535,23,335,-312
207000537,13,42,-29
207000540,6,104,-98
207000541,6,141,-135
207000548,2,131,-129
207000549,183,6,177
207000561,318,192,126
207000562,35,84,-49
207000567,96,160,-64
207000568,437,41,396
207000569,1223,195,1028
207000584,76,177,-101
207000585,66,248,-182
207000616,1,39,-38
207000617,199,0,199
207900008,394,79,315
208000001,526,1335,-809
208000002,845,827,18
208000003,947,486,461
208000004,806,843,-37
208000005,1,23,-22
208000019,1277,553,724
208000020,296,271,25
208000021,348,261,87
208000022,1211,528,683
208000028,1064,1707,-643
208000033,715,365,350
208000034,1064,2094,-1030
208000040,248,109,139
208000041,1076,784,292
208000042,1426,526,900
208000047,261,172,89
208000064,2135,1850,285
208000066,1328,2426,-1098
208000070,602,340,262
208000071,894,406,488
208000072,517,823,-306
208000080,411,560,-149
208000081,522,115,407
208000082,463,133,330
208000083,215,174,41
208000084,14,26,-12
208000085,831,391,440
208000086,565,1054,-489
208000087,403,799,-396
208000089,1375,353,1022
208000090,1147,470,677
208000093,64,114,-50
208000094,592,449,143
208000095,1127,553,574
208000104,1673,557,1116
208000105,1076,771,305
208000114,95,374,-279
208000115,635,434,201
208000116,1214,1320,-106
208000117,71,78,-7
208000118,171,146,25
208000155,717,1308,-591
208000158,1945,3522,-1577
208000186,1442,3301,-1859
208000204,1092,1308,-216
208000205,2089,824,1265
208000282,1326,2276,-950
209000004,819,277,542
209000005,61,108,-47
209000006,482,348,134
209000007,477,676,-199
209000010,359,254,105
209000011,137,352,-215
209000012,133,176,-43
209000013,319,186,133
209000014,550,481,69
209000025,602,111,491
209000026,1207,125,1082
209000027,303,346,-43
209000028,261,303,-42
209000029,361,1335,-974
209000030,360,1510,-1150
209000031,2745,1479,1266
209000034,329,318,11
209000035,284,378,-94
209000036,464,218,246
209000037,523,295,228
209000038,244,143,101
209000039,97,156,-59
209000040,390,597,-207
209000041,284,312,-28
209000042,482,274,208
209000043,898,618,280
209000044,409,875,-466
209000045,781,367,414
209000046,695,521,174
209000047,367,242,125
209000048,695,673,22
209000049,81,41,40
209000050,213,59,154
209000051,257,113,144
209000052,193,133,60
209000062,63,47,16
209000063,67,60,7
209000064,71,25,46
209000065,274,43,231
209000066,226,24,202
209000067,303,45,258
209000080,50,234,-184
209000082,121,59,62
209000091,25,104,-79
209000093,33,30,3
209000094,24,146,-122
209000110,47,181,-134
209000111,828,2415,-1587
209000112,1980,761,1219
209000113,2427,1061,1366
209000114,1110,885,225
209000115,37,59,-22
209000116,277,193,84
209000118,23,84,-61
209000119,4,21,-17
209000121,87,371,-284
209000135,97,212,-115
209000142,622,2852,-2230
209000143,69,51,18
209000144,116,333,-217
209000229,194,124,70
209000240,45,200,-155
209000259,45,54,-9
209000260,111,1492,-1381
209000261,27,1008,-981
209000262,2,266,-264
209000263,0,386,-386
209000264,0,397,-397
209000265,483,1,482
209000266,209,3,206
209000267,2200,16,2184
209000268,532,112,420
210000037,147,81,66
210000047,160,19,141
210000048,199,34,165
210000049,83,1,82
210000052,127,76,51
210000053,83,30,53
210000054,23,76,-53
210000070,266,6,260
210000071,199,2,197
210000072,45,0,45
210000073,0,59,-59
210000074,0,114,-114
210000075,0,277,-277
210000076,14,268,-254
210000077,2,217,-215
210000078,54,181,-127
210000079,10,32,-22
210000080,52,188,-136
210000081,204,25,179
210000082,36,3,33
210000083,61,1,60
210000084,94,0,94
210000085,5,64,-59
210000086,4,92,-88
210000099,113,196,-83
210000100,94,167,-73
210000101,117,181,-64
210000105,31,305,-274
210000159,1,304,-303
210000163,70,397,-327
210000164,235,326,-91
210000168,395,86,309
210000187,0,86,-86
210000188,0,39,-39
210000214,6,0,6
210000219,83,81,2
210000220,167,36,131
210000232,13,13,0
210000233,70,37,33
210000234,62,90,-28
210000235,113,57,56
210000245,0,175,-175
210000246,10,1,9
210000258,30,76,-46
210000259,296,57,239
210000282,75,235,-160
210000285,4,140,-136
210000286,27,205,-178
210000295,62,213,-151
210000296,74,49,25
210000320,424,66,358
210000321,243,28,215
210000338,58,81,-23
210000339,214,978,-764
210000340,256,468,-212
210000341,232,374,-142
210000342,274,255,19
210000343,176,253,-77
210000344,116,218,-102
210000345,146,296,-150
210000346,48,142,-94
210000347,49,76,-27
210000348,128,56,72
210000349,68,33,35
210000350,162,59,103
210000351,192,35,157
210000352,83,28,55
210000353,64,44,20
210000354,66,34,32
210000355,47,83,-36
210000356,22,81,-59
210000357,28,66,-38
210000358,234,245,-11
210000359,68,241,-173
210000360,243,272,-29
210000361,214,194,20
210000362,250,275,-25
210000363,461,385,76
210000364,184,263,-79
210000365,220,77,143
210000366,192,75,117
210000367,144,43,101
210000368,158,42,116
210000369,22,162,-140
210000370,84,196,-112
210000372,28,21,7
210000373,14,42,-28
210000374,81,104,-23
210000375,39,34,5
210000376,73,196,-123
210000404,48,112,-64
210000439,66,21,45
210000472,52,4,48
210000482,40,248,-208
210000564,198,353,-155
210000568,278,2,276
211000092,92,14,78
211000094,67,2,65
211000169,200,13,187
211000172,10,126,-116
211000209,4,98,-94
211000275,37,16,21
211000276,252,19,233
211000279,42,17,25
211000281,170,15,155
211507980,0,52,-52
211977296,53,1,52
212000003,178,41,137
212000004,9,53,-44
212000005,21,53,-32
212000006,37,103,-66
212000008,275,126,149
212000009,46,72,-26
212000012,116,23,93
212000013,41,26,15
212000014,429,135,294
212000015,386,160,226
212000016,701,479,222
212000027,527,299,228
212000028,395,250,145
212000029,225,191,34
212000030,82,23,59
212000031,89,37,52
212000048,48,484,-436
212000049,37,327,-290
212000050,40,13,27
212000051,378,123,255
212000052,344,134,210
212000053,306,208,98
212000054,560,64,496
212000055,407,114,293
212000056,17,39,-22
212000057,13,40,-27
212000058,202,34,168
212000070,189,109,80
212000077,101,193,-92
212000099,426,210,216
212000108,241,110,131
212000111,247,66,181
212000120,169,74,95
212000138,179,23,156
212000156,4,32,-28
212000158,7,30,-23
212000159,828,31,797
212000160,943,112,831
212000161,73,10,63
212000310,77,15,62
212000311,10,43,-33
212000374,62,30,32
213000001,51,449,-398
213000005,790,242,548
213000006,912,351,561
213000007,44,25,19
213000009,480,291,189
213000010,410,237,173
213000011,237,130,107
213000012,269,208,61
213000014,74,37,37
213000015,411,26,385
213000016,548,7,541
213000017,133,0,133
213000018,1,37,-36
213000019,1,129,-128
213000020,163,149,14
213000021,3,44,-41
213000023,524,269,255
213000033,514,1412,-898
213000034,632,277,355
213000035,165,292,-127
213000045,339,346,-7
213000046,225,180,45
213000047,427,871,-444
213000056,195,26,169
213000069,162,21,141
213000073,3,59,-56
213000074,336,717,-381
213000075,775,4,771
213000085,13,50,-37
213000086,26,168,-142
213000091,439,21,418
213000092,18,8,10
213000099,207,1547,-1340
213000100,983,308,675
213000101,846,79,767
213000102,878,97,781
213000103,977,658,319
213000104,85,373,-288
213000105,94,1894,-1800
213000106,11,80,-69
213000107,124,234,-110
213000108,40,228,-188
213000109,9,125,-116
213000110,17,77,-60
213000111,15,78,-63
213000112,59,101,-42
213000115,79,4,75
213000116,57,463,-406
213000117,19,563,-544
213000118,1270,374,896
213000119,31,449,-418
213000120,146,226,-80
213000122,203,312,-109
213000123,205,456,-251
213000124,277,985,-708
213000125,250,63,187
213000126,70,181,-111
213000127,46,372,-326
213000128,85,1268,-1183
213000129,202,1025,-823
213000130,1662,438,1224
213000132,933,150,783
213000133,1373,106,1267
213000134,1923,19,1904
213000136,745,19,726
213000137,865,48,817
213000139,109,21,88
213000147,43,8,35
213000148,20,9,11
213000149,59,14,45
213000150,0,455,-455
213000151,6,207,-201
213000152,4,203,-199
213000153,2,165,-163
213000154,80,374,-294
213000155,65,252,-187
213000156,118,282,-164
213000157,1121,276,845
213000158,728,735,-7
213000159,1268,394,874
213000163,2396,235,2161
213000165,1357,429,928
213000171,0,48,-48
213000172,1,121,-120
213000173,3,107,-104
213000174,10,95,-85
213000175,27,112,-85
213000176,518,50,468
213000177,349,14,335
213000178,406,8,398
213000179,398,0,398
213000180,382,0,382
213000184,110,572,-462
213000188,691,84,607
213000189,1016,46,970
213000190,839,556,283
213000191,696,247,449
213000192,385,118,267
213000193,664,315,349
213000194,1,142,-141
213000195,31,286,-255
213000196,253,1645,-1392
213000197,813,729,84
213000198,58,2,56
213000200,88,468,-380
213000201,29,65,-36
213000202,32,606,-574
213000203,2322,484,1838
213000204,1257,43,1214
213000205,789,65,724
213000206,646,46,600
213000207,89,12,77
213000208,58,5,53
213000209,138,1,137
213000210,253,3,250
213000211,13,31,-18
213000212,26,49,-23
213000213,13,80,-67
213000218,433,397,36
213000219,1226,42,1184
213000220,1239,16,1223
213000223,196,220,-24
213000224,24,43,-19
213000225,120,17,103
213000226,89,16,73
213000227,1629,155,1474
213000228,848,84,764
213000229,82,38,44
213000230,589,13,576
213000232,57,227,-170
213000233,6,397,-391
213000234,0,38,-38
213000293,20,58,-38
213000294,61,68,-7
213000295,41,114,-73
213000296,36,20,16
213000297,11,81,-70
213000298,13,47,-34
213000299,65,13,52
213000300,3,5,-2
213000303,3,13,-10
213000304,2,11,-9
213000305,2,41,-39
213000306,53,342,-289
213000307,87,196,-109
213000308,93,169,-76
213000309,251,59,192
213000310,496,274,222
213000311,132,1274,-1142
213000315,86,164,-78
213000316,368,62,306
213000322,140,46,94
213000323,223,104,119
213000324,172,44,128
213000325,259,53,206
213000326,240,44,196
213000327,333,52,281
213000328,138,70,68
213000329,299,46,253
213000340,193,233,-40
213000341,1086,84,1002
213000347,322,800,-478
213000348,8,541,-533
213000349,5,26,-21
213000350,287,1113,-826
213000366,89,189,-100
213000367,560,9,551
213000379,65,427,-362
213000386,35,105,-70
213000406,219,137,82
213000417,2243,645,1598
213000425,475,162,313
213000426,314,66,248
213000427,100,93,7
213000428,54,75,-21
213000429,11,8,3
213000430,123,392,-269
213000431,18,4,14
213000432,0,82,-82
213000433,54,75,-21
213000434,201,178,23
213000435,193,107,86
213000436,73,27,46
213000437,7,10,-3
213000438,251,74,177
213000439,85,9,76
213000440,27,159,-132
213000441,1,3,-2
213000442,43,38,5
213000443,449,392,57
213000444,56,26,30
213000445,0,65,-65
213000446,1,77,-76
213000447,0,87,-87
213000448,24,239,-215
213000449,1190,14,1176
213000450,53,44,9
213000451,502,116,386
213000452,26,28,-2
213000453,20,241,-221
213000455,157,17,140
213000456,0,233,-233
213000481,3,2,1
213000484,38,1,37
213000489,200,71,129
213900002,0,218,-218
213900003,78,2,76
213900013,1,77,-76
213900015,1,20,-19
213900016,1,7,-6
213900020,49,35,14
213900030,1,32,-31
213900032,214,305,-91
213900033,260,63,197
213900034,1104,81,1023
213900035,404,132,272
213900036,229,60,169
213900037,21,240,-219
213900038,1045,122,923
213900039,0,15,-15
213900041,11,223,-212
213900042,208,399,-191
213900043,417,127,290
213900244,134,2,132
213900245,0,18,-18
218000003,8,38,-30
218000004,23,34,-11
218000005,13,37,-24
218000006,97,55,42
218000007,14,16,-2
218000012,201,145,56
218000013,358,305,53
218000014,563,506,57
218000019,608,816,-208
218000020,471,509,-38
218000021,37,68,-31
218000022,23,8,15
218000023,9,20,-11
218000024,1,2,-1
218000025,14,17,-3
218000026,16,27,-11
218000027,2,3,-1
218000028,2,1,1
218000029,4,3,1
218000030,6,7,-1
218000031,4,2,2
218000032,3,6,-3
218000039,106,80,26
218000040,2,6,-4
218000046,68,84,-16
218000047,2,41,-39
218000048,83,37,46
218000049,43,52,-9
218000050,289,86,203
218000051,74,71,3
218000052,0,16,-16
218000053,2,5,-3
218000054,1,63,-62
218000055,5,26,-21
218000056,13,43,-30
218000057,2,18,-16
218000064,3,32,-29
218000065,262,100,162
218000066,19,99,-80
218000067,120,82,38
218000068,170,110,60
218000069,535,177,358
218000070,327,308,19
218000071,308,224,84
218000072,279,414,-135
218000078,1452,353,1099
218000079,472,125,347
218000080,399,93,306
218000081,1253,228,1025
218000082,175,101,74
218000083,174,65,109
218000084,339,115,224
218000085,350,244,106
218000086,202,151,51
218000087,405,155,250
218000090,16,120,-104
218000091,807,190,617
218000092,186,182,4
218000093,89,64,25
218000094,282,235,47
218000099,402,1148,-746
218000100,658,685,-27
218000101,476,323,153
218000102,1109,281,828
218000103,174,199,-25
218000104,246,67,179
218000105,132,52,80
218000107,214,42,172
218000108,9,20,-11
218000112,267,160,107
218000117,258,361,-103
218000134,1051,323,728
218000135,17,62,-45
218000136,184,106,78
218000137,195,102,93
218000138,78,168,-90
218000139,300,318,-18
218000140,741,288,453
218000141,116,116,0
218000142,205,132,73
218000143,72,417,-345
218000144,10,203,-193
218000145,830,498,332
218000146,409,357,52
218000151,4,35,-31
218000152,96,49,47
218000153,18,3,15
218000154,12,2,10
218000155,80,1,79
218000156,113,24,89
218000157,49,6,43
218000158,26,4,22
218000159,2,9,-7
218000160,6,4,2
218000161,90,3,87
218000162,80,5,75
218000163,15,6,9
218000164,125,7,118
218000165,206,70,136
218000170,4,24,-20
218000171,57,4,53
218000172,19,11,8
218000173,28,18,10
218000174,38,47,-9
218000176,302,51,251
218000177,509,187,322
218000178,107,256,-149
218000179,243,102,141
218000180,129,31,98
218000181,348,60,288
218000187,23,76,-53
218000188,19,39,-20
218000189,43,89,-46
218000190,49,24,25
218000191,323,22,301
218000192,597,209,388
218000193,962,404,558
218000194,298,345,-47
218000195,249,85,164
218000196,477,426,51
218000197,955,428,527
218000198,45,62,-17
218000199,62,22,40
218000200,74,48,26
218000201,30,12,18
218000202,56,373,-317
218000207,3,3,0
218000208,24,32,-8
218000211,45,20,25
218000212,0,2,-2
218000213,89,71,18
218000214,6,20,-14
218000215,44,35,9
218000217,3,39,-36
218000218,159,37,122
218000219,8,97,-89
218000220,54,1017,-963
218000221,483,244,239
218000222,0,86,-86
218000223,72,765,-693
218000224,16,270,-254
218000225,266,52,214
218000226,255,127,128
218000230,0,7,-7
218000232,116,99,17
218000234,81,13,68
218000239,168,26,142
218000240,10,2,8
218000241,15,1,14
218000242,8,0,8
218000243,4,3,1
218000244,29,8,21
218000245,38,18,20
218000246,0,0,0
218000247,1,0,1
218000248,0,16,-16
218000249,0,5,-5
218000250,3,33,-30
218000251,3,26,-23
218000252,0,142,-142
218000253,1,57,-56
218000254,0,10,-10
218000255,7,6,1
218000256,5,32,-27
218000267,137,521,-384
218000268,15,60,-45
218000269,4,12,-8
218000270,32,30,2
218000271,7,16,-9
218000273,38,4,34
218000274,11,0,11
218000275,45,45,0
218000276,20,8,12
218000278,4,112,-108
218000279,38,32,6
218000280,5,33,-28
218000281,23,8,15
218000282,400,284,116
218000284,57,7,50
218000301,155,173,-18
218000302,112,77,35
218000303,21,40,-19
218000316,1137,654,483
218000317,2068,717,1351
218000318,1587,418,1169
218000319,1814,655,1159
218000320,1810,649,1161
218000338,18,108,-90
218000339,57,27,30
218000342,196,72,124
218000343,247,63,184
218000345,9,10,-1
218000346,10,47,-37
218000353,91,4,87
218000354,116,74,42
218000459,27,156,-129
218000490,20,54,-34
218000501,334,74,260
218000502,198,63,135
218000503,311,46,265
218000504,285,83,202
218000505,131,150,-19
218000506,54,380,-326
218000508,1,11,-10
218000510,183,52,131
218000520,195,307,-112
218000522,2,271,-269
218000523,144,2,142
218000524,11,872,-861
218000525,88,36,52
218000526,39,477,-438
218000530,38,4,34
218000531,32,32,0
218000532,114,19,95
218000537,11,21,-10
218000538,123,417,-294
218000539,131,31,100
218000540,115,86,29
218000543,186,49,137
218000544,51,37,14
218000545,120,106,14
218000546,72,43,29
218000547,168,243,-75
218000548,137,109,28
218000549,785,496,289
218000550,256,171,85
218000551,108,556,-448
218000552,285,251,34
218000553,8,54,-46
218000554,9,25,-16
218000555,7,14,-7
218000556,86,162,-76
218000557,527,56,471
218000558,72,0,72
218000559,0,52,-52
218000560,0,32,-32
218000561,6,0,6
218000562,47,161,-114
218000563,244,21,223
218000564,2,197,-195
218000565,133,115,18
218000566,111,35,76
218000567,1,83,-82
218000568,11,2,9
218000569,11,517,-506
218000570,41,13,28
218000571,1,102,-101
218000572,120,4,116
218000573,2,153,-151
218000574,35,52,-17
218000575,124,0,124
218000576,1,104,-103
218000577,109,1,108
218000578,0,237,-237
218000579,26,18,8
218000581,9,54,-45
218000582,84,6,78
218000583,3,0,3
218000584,0,37,-37
218000585,78,6,72
218000586,11,55,-44
218000587,2,10,-8
218000588,1,1,0
218000589,0,1,-1
218000590,0,1,-1
218000591,1,7,-6
218000592,9,1,8
218000593,5,2,3
218000594,5,1,4
218000595,0,0,0
218000596,0,0,0
218000597,0,0,0
218000598,0,3,-3
218000599,0,0,0
218000600,0,1,-1
218000601,0,0,0
218000602,1,1,0
218000603,0,3,-3
218000604,17,0,17
218000605,0,31,-31
218000606,78,0,78
218000607,14,83,-69
218000608,127,39,88
218000609,4,28,-24
218000610,179,10,169
218000611,58,1,57
218000612,11,42,-31
218000613,63,0,63
218000614,4,80,-76
218000615,227,16,211
218000616,3,154,-151
218000617,17,3,14
218000618,0,19,-19
218000619,52,41,11
218000620,11,50,-39
218000621,0,7,-7
218000622,0,63,-63
218000623,49,3,46
218000624,1,96,-95
218000625,1,3,-2
218000626,0,31,-31
218000628,208,64,144
218000632,3,210,-207
218000633,113,3,110
218000634,1,20,-19
218000635,13,15,-2
218000636,1186,545,641
218000637,1136,305,831
218000638,347,39,308
218000639,20,59,-39
218000640,634,25,609
218000641,76,132,-56
218000652,53,32,21
218000653,274,87,187
218000675,4,11,-7
218000676,7,10,-3
218000677,37,1,36
218000703,3,6,-3
218000718,36,248,-212
218000719,87,330,-243
218000720,1,230,-229
218000721,22,46,-24
218000725,11,4,7
218001214,12,85,-73
219000001,21,58,-37
219000002,38,103,-65
219000003,104,66,38
219000004,57,67,-10
219000017,83,139,-56
219000020,230,54,176
219000022,166,8,158
219000023,95,0,95
219000029,6,91,-85
219000034,41,48,-7
219000039,48,318,-270
219000040,36,126,-90
219000041,155,23,132
219000051,1,61,-60
219000052,0,43,-43
219000053,0,54,-54
219000054,281,562,-281
219000055,343,2,341
219000056,4,0,4
219000057,86,0,86
219000062,18,89,-71
219000063,95,32,63
219000110,242,147,95
219000111,45,67,-22
219000112,260,68,192
219000113,228,40,188
219000114,173,70,103
219000116,193,86,107
219000117,359,84,275
219000118,229,111,118
219000123,200,72,128
219000124,56,75,-19
219000125,30,7,23
219000126,40,108,-68
219000127,2,3,-1
219000128,32,158,-126
219000129,32,143,-111
219000130,282,804,-522
219000131,739,1427,-688
219000133,35,86,-51
219000134,28,28,0
219000135,28,109,-81
219000136,95,241,-146
219000138,148,26,122
219000139,148,27,121
219000140,104,0,104
219000141,63,50,13
219000142,25,42,-17
219000143,23,48,-25
219000145,12,94,-82
219000146,15,20,-5
219000147,4,46,-42
219000148,17,11,6
219000149,30,35,-5
219000150,1,42,-41
219000151,6,20,-14
219000157,303,113,190
219000158,226,227,-1
219000161,167,12,155
219000163,1064,392,672
219000166,144,279,-135
219000167,198,155,43
219000168,211,78,133
219000174,715,148,567
219000175,225,10,215
219000176,289,13,276
219000177,142,3,139
219000178,79,0,79
219000179,71,15,56
219000180,44,34,10
219000182,251,29,222
219000183,132,39,93
219000184,144,7,137
219000185,1,27,-26
219000186,75,15,60
219000187,22,58,-36
219000189,51,277,-226
219000190,43,266,-223
219000191,178,2222,-2044
219000192,179,216,-37
219000193,128,148,-20
219000195,2,78,-76
219000196,4,116,-112
219000198,18,75,-57
219000199,53,198,-145
219000200,84,134,-50
219000201,48,158,-110
219000203,28,179,-151
219000204,52,399,-347
219000205,48,267,-219
219000207,58,272,-214
219000209,28,78,-50
219000210,12,170,-158
219000213,20,191,-171
219000239,237,240,-3
219000240,194,495,-301
219000241,231,159,72
219000242,65,183,-118
219000243,89,211,-122
219000244,15,39,-24
219000245,23,74,-51
219000246,37,43,-6
219000247,247,65,182
219000248,450,716,-266
219000249,145,189,-44
219000250,190,171,19
219000251,618,313,305
219000252,443,124,319
219000253,358,65,293
219000255,218,184,34
219000256,533,94,439
219000257,197,0,197
219000262,71,118,-47
219000263,81,119,-38
219000267,6,49,-43
219000268,1,10,-9
219000269,2,1,1
219000270,29,0,29
219000271,257,5,252
219000278,6,26,-20
219000279,0,4,-4
219000283,0,11,-11
219000295,25,77,-52
219000296,102,280,-178
219000297,18,69,-51
219000298,58,44,14
219000299,427,58,369
219000300,50,93,-43
219000301,42,298,-256
219000302,29,141,-112
219000307,37,24,13
219000308,91,56,35
219000311,258,101,157
219000312,657,141,516
219000313,626,70,556
219000314,62,183,-121
219000315,415,31,384
219000316,805,69,736
219000317,164,19,145
219000320,0,59,-59
219000321,3,20,-17
219000323,10,57,-47
219000325,8,10,-2
219000326,69,36,33
219000327,43,15,28
219000328,16,43,-27
219000329,187,92,95
219000330,45,64,-19
219000331,50,62,-12
219000332,180,120,60
219000333,82,9,73
219000335,81,0,81
219000337,43,1,42
219000338,41,0,41
219000344,33,60,-27
219000345,120,76,44
219000346,39,55,-16
219000348,187,111,76
219000349,74,165,-91
219000350,80,541,-461
219000351,1,5,-4
219000352,335,106,229
219000353,214,62,152
219000354,258,104,154
219000355,217,53,164
219000356,505,2314,-1809
219000363,122,138,-16
219000364,125,85,40
219000365,118,27,91
219000366,193,553,-360
219000368,400,637,-237
219000370,732,1060,-328
219000371,17,17,0
219000382,7,39,-32
219000383,241,2035,-1794
219000385,366,790,-424
219000386,681,1800,-1119
219000387,1,29,-28
219000390,3,1,2
219000391,7,2,5
219000397,39,21,18
219000398,43,71,-28
219000401,15,92,-77
219000402,12,89,-77
219000403,77,340,-263
219000404,36,157,-121
219000409,134,57,77
219000410,208,43,165
219000411,115,10,105
219000446,63,420,-357
219000447,1,7,-6
219000448,32,12,20
219000452,86,98,-12
219000453,32,270,-238
219000454,175,487,-312
219000556,396,103,293
219000558,76,114,-38
219000590,38,284,-246
219000591,236,142,94
219000592,78,246,-168
219000595,3,9,-6
219000635,273,78,195
219000636,58,62,-4
219000657,19,22,-3
219000658,37,187,-150
219000673,0,84,-84
219000676,1,18,-17
219000679,34,8,26
219000684,156,9,147
219000685,0,58,-58
219000686,1,2,-1
219000688,1,79,-78
219000689,20,376,-356
219000690,337,60,277
219000693,2,23,-21
219000694,70,0,70
219000695,51,2,49
219000698,27,0,27
219000699,0,62,-62
219000727,2,148,-146
219000728,92,3,89
219000770,41,0,41
219000771,1,34,-33
219001150,0,49,-49
219001151,2,1,1
220000001,27,152,-125
220000002,10,109,-99
220000003,307,198,109
220000004,377,392,-15
220000005,688,1874,-1186
220000006,125,772,-647
220000007,488,223,265
220000008,449,423,26
220000009,386,483,-97
220000010,131,57,74
220000011,475,4741,-4266
220000012,47,447,-400
220000014,179,94,85
220000015,64,435,-371
220000017,32,574,-542
220000018,8364,2813,5551
220000019,134,565,-431
220000020,618,138,480
220000021,1032,215,817
220000022,1466,318,1148
220000023,423,162,261
220000024,1328,685,643
220000025,1038,2601,-1563
220000026,384,670,-286
220000027,26,227,-201
220000028,55,75,-20
220000029,21,92,-71
220000030,33,86,-53
220000031,770,421,349
220000064,50,1322,-1272
221000046,1,0,1
221000047,0,0,0
221000048,0,0,0
221000049,0,8,-8
221000050,16,1,15
221000055,73,43,30
221000057,78,9,69
221000068,228,102,126
221000069,450,58,392
221000070,362,19,343
221000071,131,5,126
221000072,431,7,424
221000073,225,17,208
221000074,0,12,-12
221000075,9,53,-44
221000076,12,18,-6
221000077,5,80,-75
221000081,3,2,1
221000082,70,8,62
221000083,6,10,-4
221000084,30,21,9
221000085,26,55,-29
221000086,16,78,-62
221000087,11,114,-103
221000088,14,153,-139
221000089,23,155,-132
221000090,60,554,-494
221000098,181,6,175
221000099,239,6,233
221000100,148,6,142
221000101,115,3,112
221000102,165,8,157
221000109,6,104,-98
221000110,8,30,-22
221000111,10,77,-67
221000112,4,83,-79
221000113,19,88,-69
221000114,8,107,-99
221000120,43,62,-19
221000121,24,74,-50
221000122,44,66,-22
221000123,0,10,-10
221000124,15,96,-81
221000155,189,43,146
221000156,11,82,-71
221000175,0,5,-5
221000176,0,5,-5
221000182,52,16,36
221000241,245,346,-101
221000242,150,368,-218
221000243,245,289,-44
221000244,246,403,-157
221000245,78,79,-1
221000246,36,224,-188
221000247,85,86,-1
221000248,168,101,67
221000267,30,884,-854
221000325,8,163,-155
221000331,6,56,-50
221000338,17,57,-40
221000378,325,42,283
221000381,62,40,22
222000282,1,3,-2
222000296,2,4,-2
222000568,481,25,456
222000569,221,74,147
222000570,230,40,190
222000571,581,52,529
222000577,18,59,-41
222000578,9,67,-58
222000579,10,61,-51
222000580,41,511,-470
222000599,1,71,-70
222000600,0,108,-108
222000601,8,478,-470
222000603,18,57,-39
222000604,5,86,-81
222000605,14,77,-63
222000606,0,21,-21
222000607,9,3,6
222000608,20,16,4
222000609,57,69,-12
222000616,598,53,545
222000617,10,37,-27
222000618,3,6,-3
222000620,29,36,-7
222000621,56,67,-11
222000623,662,9,653
222000624,549,7,542
222000625,1157,0,1157
222000636,70,4,66
222000686,29,29,0
222000687,35,48,-13
222001066,366,5,361
222001067,74,2,72
222001068,122,20,102
222001069,204,24,180
222001082,34,9,25
222001083,61,10,51
222001084,0,16,-16
222001085,0,227,-227
222001111,87,40,47
222001112,274,16,258
222001313,29,12,17
222001314,6,118,-112
222001464,89,29,60
222001465,4,45,-41
222001484,212,97,115
222001485,23,60,-37
222001494,1103,156,947
222001495,90,70,20
222001496,467,96,371
222001497,94,185,-91
222001502,25,37,-12
222001503,222,30,192
222001504,47,225,-178
222001505,553,18,535
222001506,51,310,-259
222001507,357,14,343
222001510,1032,49,983
222001511,73,135,-62
222001514,873,227,646
222001515,86,346,-260
222001518,625,68,557
222001519,105,121,-16
222001527,184,65,119
222001528,37,132,-95
222001529,648,29,619
222001530,74,161,-87
222001533,166,168,-2
222001534,712,72,640
222001535,338,414,-76
222001536,87,114,-27
222001537,604,64,540
222001538,67,407,-340
222001563,1582,133,1449
222001564,96,152,-56
222001568,222,228,-6
222001576,0,2,-2
222001579,1,6,-5
222001583,7,78,-71
222001584,165,27,138
222001596,724,1553,-829
222001597,1957,583,1374
222001626,0,37,-37
222001650,28,214,-186
222001651,28,484,-456
222001914,337,81,256
222001915,28,207,-179
222900004,648,245,403
222900009,139,410,-271
222900019,183,347,-164
222900024,63,17,46
222900025,8,11,-3
225000001,545,145,400
225000002,749,236,513
225000003,1029,95,934
225000004,628,320,308
225000005,110,69,41
225000006,2,185,-183
225000007,1160,1017,143
225000010,362,29,333
225000011,302,1739,-1437
225000012,370,955,-585
225000013,200,103,97
225000014,804,149,655
225000015,76,108,-32
225000021,809,140,669
225000027,141,345,-204
225000032,962,140,822
225000042,81,509,-428
225000049,55,68,-13
225000050,194,16,178
225000053,8,246,-238
225000058,704,241,463
225000067,162,118,44
225000068,121,178,-57
225000069,67,297,-230
225000070,85,235,-150
225000071,38,52,-14
225000075,30,795,-765
225000076,26,89,-63
225000078,51,51,0
225000085,146,81,65
225000086,400,128,272
225000087,241,13,228
225000088,7,183,-176
225000089,71,925,-854
225000090,29,443,-414
225000091,147,91,56
225000092,41,42,-1
225000093,264,179,85
225000094,20,140,-120
225000095,258,205,53
225000096,135,370,-235
225000098,1128,278,850
225000099,600,116,484
225000100,582,153,429
225000104,118,302,-184
225000110,10,331,-321
225000111,243,733,-490
225000112,275,973,-698
225000113,213,525,-312
225000114,199,359,-160
225000115,1100,522,578
225000116,395,214,181
225000117,732,431,301
225000118,1601,454,1147
225000119,395,101,294
225000120,1019,46,973
225000121,164,16,148
225000123,772,7,765
225000125,726,107,619
225000126,825,244,581
225000127,559,2064,-1505
225000128,525,1196,-671
225000132,724,42,682
225000133,428,50,378
225000134,894,183,711
225000135,144,22,122
225000136,670,22,648
225000137,391,85,306
225000138,689,123,566
225000143,57,153,-96
225000144,1,232,-231
225000145,69,47,22
225000146,94,61,33
225000147,38,118,-80
225000148,13,88,-75
225000149,54,173,-119
225000151,28,144,-116
225000155,303,296,7
225000156,228,833,-605
225000157,400,317,83
225000158,79,131,-52
225000171,15,132,-117
225000180,33,2,31
225000181,0,36,-36
225000182,73,9,64
225000185,2,353,-351
225000187,67,324,-257
225000191,71,3,68
225000194,0,4,-4
225000208,2,82,-80
225000209,168,9,159
225000210,10,269,-259
225000217,0,23,-23
225000218,50,20,30
225000223,0,54,-54
225000224,61,12,49
225000225,3,42,-39
225000226,25,4,21
225000227,96,90,6
225000228,8,4,4
225000229,0,80,-80
225000230,10,1,9
225000231,0,39,-39
225000232,136,0,136
225000241,88,1,87
225000242,0,45,-45
225000249,3,0,3
225000250,95,454,-359
225000251,819,88,731
225000254,4,22,-18
225000256,7,168,-161
225000257,1,38,-37
226000042,185,280,-95
226000043,34,228,-194
226000044,106,384,-278
226000045,75,228,-153
226000046,724,54,670
226000047,537,149,388
226000048,521,136,385
226000049,371,239,132
226000070,0,17,-17
226000071,0,59,-59
226000072,0,7,-7
226000073,0,8,-8
226000074,0,24,-24
226000084,2,28,-26
226000085,3,18,-15
226000086,2,24,-22
226000087,0,49,-49
226000088,6,87,-81
226000090,83,136,-53
226000091,19,109,-90
226000092,1,31,-30
226000093,38,2,36
226000094,14,5,9
226000095,11,3,8
226000105,14,1,13
226000106,26,0,26
226000107,13,1,12
226000108,26,0,26
226000109,212,0,212
226000124,206,82,124
226000134,1175,591,584
226000135,2166,724,1442
226000136,953,558,395
226000137,9,158,-149
226000138,0,95,-95
226000139,0,50,-50
226000156,456,2,454
226000157,493,18,475
226000163,108,233,-125
226000202,7,159,-152
226000231,312,11,301
226000232,66,17,49
227000033,447,27,420
227000036,582,29,553
227000037,603,28,575
227000038,107,25,82
227000084,1,80,-79
227000085,0,80,-80
227000088,48,0,48
227000089,104,0,104
227000090,32,0,32
227000091,14,2,12
227000092,21,1,20
227000093,103,0,103
227000094,7,1,6
227000130,26,183,-157
227000131,29,101,-72
227000132,7,92,-85
227000133,11,61,-50
227000134,27,157,-130
227000152,0,4,-4
227000153,0,74,-74
227000154,0,34,-34
227000155,0,16,-16
227000156,0,18,-18
227000165,2,114,-112
227000196,710,152,558
227000199,639,242,397
227000230,13,124,-111
227000232,861,37,824
227000242,43,372,-329
227000243,349,64,285
227000245,14,203,-189
227000246,100,170,-70
227000247,549,50,499
227000248,124,56,68
227000249,23,40,-17
227000250,230,227,3
227000251,43,237,-194
227000252,45,101,-56
227000253,277,14,263
227000262,571,41,530
227000266,1951,35,1916
227000267,18,498,-480
227000282,6,45,-39
227000284,658,33,625
227000286,1,44,-43
227000291,5,282,-277
227000296,201,359,-158
227000484,171,11,160
227000485,22,633,-611
227000655,408,4,404
227000656,546,41,505
227000657,99,5,94
229000265,16,14,2
229000266,0,1,-1
229000267,15,0,15
229000268,36,0,36
229000269,29,3,26
229000274,0,61,-61
229000275,0,31,-31
229000276,0,32,-32
229000277,0,4,-4
229000278,0,8,-8
229000295,44,10,34
229000296,1,21,-20
229000297,5,21,-16
229000298,3,127,-124
229000320,29,15,14
229000321,17,52,-35
229000412,20,28,-8
229000414,15,33,-18
229000415,11,5,6
229000416,1,1,0
229000417,2,2,0
229000419,86,286,-200
229000440,303,116,187
229000442,23,28,-5
229000443,9,4,5
229000444,0,19,-19
229000445,120,10,110
229000446,108,33,75
229000491,5,1,4
229000492,8,20,-12
229000493,9,37,-28
229000494,70,2,68
229000495,180,5,175
229000496,122,6,116
229000507,0,81,-81
229000508,1,51,-50
229000509,0,74,-74
229000510,2,44,-42
229000511,2,19,-17
229000512,1,28,-27
229000513,0,6,-6
229000514,0,2,-2
229000517,22,3,19
229000518,7,15,-8
229000519,1,3,-2
229000520,10,11,-1
229000521,103,10,93
229000522,4,7,-3
229000523,11,5,6
229000524,9,2,7
229000527,2,0,2
229000528,0,0,0
229000529,11,0,11
229000530,103,2,101
229000531,66,3,63
229000532,23,0,23
229000533,75,5,70
229000534,42,0,42
229000564,79,0,79
229000565,43,0,43
229000566,0,3,-3
229000567,1,20,-19
229000582,64,1,63
229000583,1,1,0
229000584,0,6,-6
229000585,1,63,-62
229000718,0,2,-2
229000719,0,3,-3
229000720,0,1,-1
229000721,0,7,-7
229000722,2,0,2
229000723,0,1,-1
229000724,0,16,-16
229000725,0,3,-3
229000738,1,0,1
229000739,1,0,1
229000740,1,0,1
229000741,61,0,61
229000742,26,0,26
229000743,16,0,16
229000744,3,0,3
229000745,0,0,0
229000746,21,0,21
229000847,162,0,162
229000848,39,0,39
229000849,241,6,235
229000851,192,1,191
229000854,0,2,-2
229000856,0,16,-16
229000857,0,7,-7
229000858,0,13,-13
229000919,8,43,-35
229000930,3,281,-278
229000937,115,5,110
229000966,62,77,-15
229000981,10,15,-5
229000985,25,14,11
229000986,0,2,-2
229000987,0,1,-1
229000988,5,9,-4
229000989,11,12,-1
229000990,2,4,-2
229000991,2,3,-1
229000992,21,2,19
229000993,168,1,167
229000998,23,35,-12
229000999,64,14,50
229001034,0,16,-16
229001035,3,28,-25
229001036,7,32,-25
229001037,91,1,90
229001038,0,12,-12
229001039,2,0,2
229001040,0,42,-42
229001041,152,1,151
229001042,28,25,3
229001047,12,40,-28
229001050,64,35,29
229001168,0,27,-27
229001200,19,33,-14
229001338,2,19,-17
229001394,264,1,263
229001422,231,32,199
229001423,26,68,-42
229001431,83,56,27
229001432,26,62,-36
229001444,254,62,192
229001445,37,92,-55
229001479,58,2,56
229001503,352,97,255
229001504,148,72,76
229001505,175,41,134
229001506,49,54,-5
229001509,48,8,40
229001510,9,19,-10
229001545,95,0,95
229001546,7,47,-40
229001553,117,17,100
229001554,26,80,-54
229001630,129,7,122
229001631,15,32,-17
229001635,0,10,-10
229001636,0,1,-1
229001658,1,103,-102
229001659,73,1,72
229001660,3,4,-1
229001661,7,47,-40
229001662,30,0,30
229001663,0,15,-15
229002584,220,162,58
229002831,107,140,-33
229002841,11,13,-2
229002842,59,30,29
229002843,96,14,82
229002844,25,68,-43
229002845,10,75,-65
229002846,49,11,38
229002847,0,9,-9
229002848,17,57,-40
229002849,4,42,-38
229002850,22,0,22
229002851,39,94,-55
229002852,188,31,157
229002853,157,17,140
229002854,65,46,19
229002855,2,37,-35
229002856,50,7,43
229002857,33,63,-30
229002858,14,3,11
229002859,24,25,-1
229002860,86,20,66
229002861,82,41,41
229002862,28,27,1
229002863,58,40,18
229002864,30,11,19
229002865,18,21,-3
229002866,26,9,17
229002867,2,23,-21
229002868,11,11,0
229002869,15,57,-42
229002870,71,49,22
235000067,142,20,122
235000072,82,299,-217
235000080,9,49,-40
235000081,86,109,-23
235000082,252,7,245
235000083,342,40,302
235000084,80,51,29
235000085,257,18,239
235000093,3,5,-2
235000097,0,3,-3
235000098,70,4,66
235000115,90,36,54
235000116,22,4,18
235000117,301,16,285
235000133,12,467,-455
235000134,4,128,-124
235000206,10,5,5
235000207,2,0,2
235000210,4,2,2
235000212,4,11,-7
235000220,1,6,-5
235000221,23,13,10
235000238,4,194,-190
235000239,0,55,-55
235000242,367,1024,-657
235000245,308,127,181
235000246,10,39,-29
235000284,18,85,-67
235000295,75,26,49
235000305,355,32,323
235000306,614,18,596
235000307,29,5,24
235000308,27,0,27
235000309,95,1,94
235000310,45,0,45
235000311,293,101,192
235000322,1,59,-58
235000323,5,50,-45
235000324,0,7,-7
235000325,1,14,-13
235000326,1,37,-36
235000351,7,41,-34
235000352,18,61,-43
235000353,7,23,-16
235000354,9,41,-32
235000355,22,56,-34
235000356,98,10,88
235000357,63,12,51
235000358,29,5,24
235000359,20,5,15
235000360,63,24,39
235000361,78,4,74
235000381,73,30,43
235000382,209,27,182
235000390,11,7,4
235000391,226,26,200
235000392,236,299,-63
235000393,169,172,-3
235000395,160,82,78
235000396,911,47,864
235000399,148,63,85
235000400,104,90,14
235000401,8,120,-112
235000402,28,138,-110
235000405,152,119,33
235000406,41,119,-78
235000407,32,46,-14
235000409,157,49,108
235000411,0,27,-27
235000485,0,0,0
235000486,5,0,5
235000549,126,98,28
235000550,74,81,-7
235000599,100,19,81
235000600,2,15,-13
235000601,13,8,5
235000602,24,12,12
235000614,0,1,-1
235000648,0,4,-4
235000649,44,7,37
235000815,30,83,-53
235000834,0,10,-10
235000855,54,26,28
235000862,61,55,6
235000891,0,35,-35
235000892,11,2,9
235000901,88,17,71
235000907,2,9,-7
235001010,162,28,134
235001030,249,178,71
235001078,97,129,-32
235001079,32,51,-19
235001147,0,108,-108
235001166,7,27,-20
235001167,56,19,37
235001169,24,196,-172
235001200,70,19,51
235001239,1,31,-30
235016266,0,14,-14
235016267,1,47,-46
235900013,7,12,-5
235900014,15,8,7
241900007,70,0,70
277101746,0,2,-2
277102712,1,1,0
277103813,0,0,0
277103814,0,0,0
277103898,0,1,-1
990010990,29,111,-82
990011530,0,319,-319
990014944,0,221,-221
990015176,99,7,92
990015618,0,117,-117
990015888,31,71,-40
990016032,1,330,-329
990032570,9,729,-720
990070001,45,0,45
990070103,0,3,-3
990070601,1,50,-49
990070751,2682,5,2677
990070766,0,165,-165
990071180,652,196,456
990071343,48,5,43
990071387,0,4,-4
990071823,562,4,558
990072600,3,1163,-1160
990072964,2,204,-202
990073285,0,1,-1
990074393,1,499,-498
990074714,14,17,-3
990074870,2305,19,2286
990075106,888,7,881
990075746,941,11,930
990076437,3923,7,3916
990076458,1,253,-252
997000007,449,2,447
997000041,0,254,-254
997000058,92,0,92
997000062,15,0,15
997000069,0,2,-2
997000070,0,22,-22
997000100,86,0,86
997000141,2,577,-575
997000198,0,326,-326
998000475,0,0,0
998000736,0,184,-184
998000965,0,24,-24
998001031,0,68,-68
998001072,145,174,-29
998001091,2,6,-4
998001093,4,1,3
998001103,0,28,-28
998001105,4,14,-10
998001700,0,35,-35
998001899,0,2,-2
998001900,4,0,4
998003073,1386,6,1380
998003124,14,18,-4
998003125,54,98,-44
998101900,0,0,0
998102850,1,273,-272
998501819,3,0,3
998501820,0,7,-7
998501832,94,87,7
998501927,566,1142,-576
998501929,101,6,95
998501930,64,1,63
998501931,164,27,137
998501932,5,0,5
998501933,104,1,103
998501937,6,2,4
998501944,7,1,6
998501950,0,0,0
998501970,188,4,184
998501971,2,95,-93
998501972,430,4,426
998501973,0,20,-20
998501974,2,204,-202
998501975,94,0,94
998501976,114,1,113
998501977,1,17,-16
998501978,10,0,10
998501979,0,6,-6
998501980,59,1,58
998501981,90,61,29
998501982,0,298,-298
998501983,0,0,0
998502006,0,0,0
998502024,0,4,-4
998502032,0,2,-2
998502062,6,1,5
998502063,0,0,0
998502173,13,0,13
998502269,1,1,0
998601159,0,44,-44
998601292,1,52,-51
999033574,0,152,-152
999800001,72,8,64
999800002,0,7,-7
999800003,7,5,2
999800004,0,2,-2
999800005,0,13,-13
