ID,insum,outsum,diff
100000001,801,1164,-363
100000002,4488,4651,-163
100000003,5375,6743,-1368
100000004,599,1491,-892
100000005,2959,5747,-2788
100000006,678,283,395
100000007,2415,1012,1403
100000008,191,758,-567
100000009,558,445,113
100000010,51,163,-112
100000011,503,196,307
100000012,105,1655,-1550
100000013,87,412,-325
100000014,373,499,-126
100000015,1605,2576,-971
100000016,545,1506,-961
100000017,633,1067,-434
100000018,944,910,34
100000019,3929,3253,676
100000020,1495,7182,-5687
100000021,7789,2803,4986
100000022,942,3500,-2558
100000023,7959,1896,6063
100000025,627,1908,-1281
100000028,807,1390,-583
100000029,120,529,-409
100000030,73,63,10
100000031,2569,6095,-3526
100000032,1650,4353,-2703
100000033,1128,4220,-3092
100000034,145,991,-846
100000035,1033,2426,-1393
100000036,1114,1812,-698
100000037,663,598,65
100000038,2652,1824,828
100000039,438,2183,-1745
100000040,316,326,-10
100000041,1767,564,1203
100000042,1087,491,596
100000043,850,664,186
100000044,267,1228,-961
100000045,353,1380,-1027
100000046,515,1203,-688
100000047,236,2183,-1947
100000048,551,1261,-710
100000049,2181,1408,773
100000051,377,614,-237
100000053,108,12,96
100000054,403,46,357
100000055,621,374,247
100000056,511,999,-488
100000057,2693,930,1763
100000058,1022,848,174
100000059,15,369,-354
100000060,524,338,186
100000061,2704,1180,1524
100000062,1939,867,1072
100000063,1189,311,878
100000064,2236,396,1840
100000065,391,759,-368
100000066,170,520,-350
100000067,329,574,-245
100000068,437,1262,-825
100000069,301,1026,-725
100000072,198,914,-716
100000073,1110,906,204
100000075,825,241,584
100000076,1854,4948,-3094
100000077,207,362,-155
100000078,22,41,-19
100000079,70,67,3
100000080,18,67,-49
100000081,99,316,-217
100000102,3122,5072,-1950
100000103,1827,2166,-339
100000104,3608,3378,230
100000105,1372,2300,-928
100000106,1413,3198,-1785
100000107,206,1651,-1445
100000108,340,1098,-758
100000109,991,1595,-604
100000116,751,921,-170
100000117,94,222,-128
100000118,758,1605,-847
100000119,616,1327,-711
100000121,409,513,-104
100000122,650,1784,-1134
100000123,1450,3519,-2069
100000124,3586,4168,-582
100000125,4472,2191,2281
100000126,540,722,-182
100000127,1068,637,431
100000128,1517,3603,-2086
100000129,326,830,-504
100000130,793,319,474
100000131,1283,2457,-1174
100000132,758,2620,-1862
100000133,2351,1771,580
100000135,614,1620,-1006
100000139,217,669,-452
100000140,202,361,-159
100000142,732,526,206
100000143,696,380,316
100000144,2963,636,2327
100000147,1422,4176,-2754
100000150,80,709,-629
100000151,898,2105,-1207
100000153,170,587,-417
100000154,41,512,-471
100000155,8,46,-38
100000156,430,456,-26
100000157,453,262,191
100000158,270,218,52
100000159,89,877,-788
100000165,805,823,-18
100000169,70,1467,-1397
100000174,244,1456,-1212
100000179,61,627,-566
100000180,2223,15556,-13333
100000181,492,858,-366
100000188,83,1540,-1457
100000189,1255,1354,-99
100000190,625,1778,-1153
100000191,735,911,-176
100000192,21,90,-69
100000193,230,260,-30
100000330,794,895,-101
100000355,213,2475,-2262
100000362,2853,1784,1069
100000363,6539,6115,424
100000364,84,275,-191
100000365,6295,11003,-4708
100000366,2363,2058,305
100000367,5224,7807,-2583
100000368,3109,1107,2002
100000369,688,2696,-2008
100000370,220,1337,-1117
100000376,49,199,-150
100000379,1365,1862,-497
100000380,3921,5870,-1949
100000384,5670,6705,-1035
100000385,1634,4245,-2611
100000386,3868,6310,-2442
100000387,2896,6136,-3240
100000388,2865,7413,-4548
100000389,4317,7466,-3149
100000390,4616,6964,-2348
100000391,3573,10442,-6869
100000392,1646,5115,-3469
100000393,1626,6575,-4949
100000394,4461,9746,-5285
100000395,2729,6920,-4191
100000396,4262,4329,-67
100000397,3090,9648,-6558
100000398,7791,6221,1570
100900002,16,6,10
100900003,374,253,121
100900004,24,1550,-1526
100900005,148,28,120
100900006,69,67,2
100900007,192,3,189
100900008,5,374,-369
100900009,64,216,-152
100900010,81,41,40
100900011,253,135,118
100900012,1,71,-70
100900013,1193,17,1176
100900014,12,4,8
100900015,86,93,-7
100900016,2,11,-9
100900017,1184,84,1100
100900018,0,10,-10
100900019,25,126,-101
100900020,352,4,348
100900021,376,3,373
100900022,6,40,-34
100900023,0,42,-42
100900024,313,4,309
100900025,8,6,2
100900026,129,100,29
100900027,480,2805,-2325
100900028,93,312,-219
100900029,42,4,38
100900030,5,185,-180
100900031,790,43,747
100900032,381,2,379
100900033,195,397,-202
100900034,774,4,770
100900035,238,0,238
100900036,21,2,19
100900037,183,145,38
100900038,96,84,12
100900039,264,293,-29
100900040,563,438,125
100900041,1053,408,645
100900042,1790,2520,-730
100900043,0,15,-15
100900044,1519,542,977
100900045,8,0,8
100900046,1355,29,1326
100900047,1460,247,1213
100900048,134,84,50
100900049,100,109,-9
100900050,7,6,1
100900051,53,228,-175
100900052,371,81,290
100900053,709,35,674
100900054,5,44,-39
100900055,227,902,-675
100900056,44,91,-47
100900057,2390,1387,1003
100900058,152,180,-28
100900059,133,4,129
100900060,282,2,280
100900061,222,145,77
100900062,12,31,-19
100900063,376,905,-529
100900064,692,58,634
100900065,81,139,-58
100900066,201,300,-99
100900067,52,3,49
100900068,128,108,20
100900069,379,5,374
100900070,512,7,505
100900071,455,185,270
100900072,16,23,-7
100900073,157,415,-258
100900074,4,3,1
100900075,2048,271,1777
100900076,7,33,-26
100900077,53,13,40
100900078,119,279,-160
100900079,15,17,-2
100900080,77,298,-221
100900081,46,147,-101
100900082,167,231,-64
100900083,6,14,-8
100900085,13,509,-496
100900086,76,574,-498
100900088,193,182,11
100900089,8,10,-2
100900090,126,737,-611
100900091,8,27,-19
100900092,135,174,-39
100900093,301,336,-35
100900094,228,167,61
100900095,4,20,-16
100900096,77,196,-119
100900097,2,1,1
100900098,15,41,-26
100900099,35,374,-339
100900100,7,733,-726
100900101,264,58,206
100900102,52,251,-199
100900103,7,11,-4
100900104,1,163,-162
100900105,15,634,-619
100900106,37,12,25
100900107,2020,878,1142
100900108,13,86,-73
100900109,17,9,8
100900110,7,43,-36
100900111,25,230,-205
100900112,10,42,-32
100900113,23,27,-4
100900114,7,8,-1
100900115,10,14,-4
100900116,1244,521,723
100900117,314,1330,-1016
100900118,92,138,-46
100900119,14,11,3
100900120,18,4,14
100900121,715,458,257
100900122,96,174,-78
100900123,113,119,-6
100900124,6,5,1
100900125,15,42,-27
100900126,247,132,115
100900127,8,15,-7
100900128,114,306,-192
100900129,0,405,-405
100900131,62,225,-163
100900133,52,49,3
100900134,2,2,0
100900135,1,356,-355
100900137,328,258,70
100900138,368,511,-143
100900139,3,6,-3
100900140,7,237,-230
100900141,8,748,-740
100900142,3,23,-20
100900143,454,574,-120
100900144,8,8,0
100900145,110,321,-211
100900146,7,49,-42
100900147,10,748,-738
100900148,85,253,-168
100900149,38,275,-237
100900150,5,24,-19
100900151,138,631,-493
100900152,1159,38,1121
100900153,0,218,-218
100900154,21,207,-186
100900155,14,5,9
100900156,83,36,47
100900157,11,1203,-1192
100900158,1271,68,1203
100900159,15,70,-55
100900160,24,7,17
100900161,127,25,102
100900162,36,824,-788
100900163,160,127,33
100900164,70,23,47
100900165,9,16,-7
100900166,711,3,708
100900167,23,53,-30
100900168,33,272,-239
100900169,94,1038,-944
100900170,47,7,40
100900171,15,379,-364
100900172,0,47,-47
100900173,10,194,-184
100900174,45,24,21
100900176,1845,205,1640
100900177,518,405,113
100900178,222,199,23
100900179,247,552,-305
100900180,4,24,-20
100900181,489,78,411
100900182,312,49,263
100900184,42,251,-209
100900186,602,441,161
100900187,30,73,-43
100900188,29,15,14
100900189,3660,260,3400
100900191,599,1540,-941
100900192,212,524,-312
100900195,119,204,-85
100900197,26,42,-16
100900198,28,109,-81
100900199,10,13,-3
100900200,1021,333,688
100900201,133,1010,-877
100900202,52,0,52
100900203,7,502,-495
100900204,292,3044,-2752
100900205,189,764,-575
100900206,287,146,141
100900207,275,153,122
100900210,181,269,-88
100900211,687,156,531
100900213,376,53,323
100900214,699,120,579
100900215,36,38,-2
101000001,2109,2350,-241
101000002,8897,9752,-855
101000003,346,1104,-758
101000004,6727,6633,94
101000005,4998,5943,-945
101000006,5805,8410,-2605
101000007,4014,5162,-1148
101000008,1946,2250,-304
101000009,2372,667,1705
101000010,963,533,430
101000011,1027,353,674
101000012,584,675,-91
101000013,663,1127,-464
101000014,344,500,-156
101000015,1832,1068,764
101000016,297,534,-237
101000017,440,510,-70
101000018,1523,2740,-1217
101000020,2069,828,1241
101000021,575,418,157
101000022,195,292,-97
101000023,1343,680,663
101000025,326,557,-231
101000026,237,49,188
101000027,2733,4080,-1347
101000028,335,90,245
101000029,163,1853,-1690
101000030,1283,224,1059
101000031,376,1343,-967
101000032,3485,5449,-1964
101000033,2483,4294,-1811
101000034,1097,2277,-1180
101000035,775,400,375
101000036,1128,1437,-309
101000037,1417,2635,-1218
101000039,2992,3220,-228
101000040,2561,5213,-2652
101000041,3215,8717,-5502
101000042,238,1392,-1154
101000043,3862,9305,-5443
101000045,492,1020,-528
101000046,1634,3123,-1489
101000047,1489,6648,-5159
101000048,641,492,149
101000049,696,2965,-2269
101000050,1682,2626,-944
101000051,1240,3359,-2119
101000052,1335,1761,-426
101000053,1178,1513,-335
101000054,2601,964,1637
101000055,1146,1675,-529
101000056,50,140,-90
101000057,1073,1956,-883
101000058,987,1508,-521
101000059,2071,2602,-531
101000060,1923,944,979
101000061,793,1803,-1010
101000062,399,777,-378
101000063,360,1458,-1098
101000064,647,1162,-515
101000065,266,813,-547
101000066,591,1264,-673
101000067,681,1180,-499
101000068,165,555,-390
101000069,133,52,81
101000070,703,1070,-367
101000071,2716,1237,1479
101000072,603,3696,-3093
101000073,816,1458,-642
101000074,3394,5041,-1647
101000075,2198,6174,-3976
101000077,1858,1632,226
101000078,918,1443,-525
101000079,1291,1283,8
101000080,1169,1322,-153
101000081,1715,1544,171
101000082,2181,2366,-185
101000083,3210,2465,745
101000084,1109,591,518
101000085,1645,1187,458
101000086,976,1215,-239
101000087,813,953,-140
101000088,1510,1215,295
101000089,1183,1644,-461
101000090,1902,1022,880
101000091,541,639,-98
101000092,1675,739,936
101000093,1527,755,772
101000094,1181,1067,114
101000095,595,586,9
101000096,541,432,109
101000097,420,802,-382
101000098,391,814,-423
101000099,761,1958,-1197
101000100,797,1514,-717
101000101,229,411,-182
101000102,650,848,-198
101000103,642,689,-47
101000104,340,983,-643
101000105,178,841,-663
101000106,732,1823,-1091
101000107,310,436,-126
101000108,514,173,341
101000109,531,108,423
101000110,43,198,-155
101000111,78,269,-191
101000113,215,783,-568
101000114,4897,12060,-7163
101000115,85,46,39
101000116,75,55,20
101000117,2323,302,2021
101000119,42,66,-24
101000120,131,109,22
101000121,58,86,-28
101000122,159,120,39
101000123,71,175,-104
101000124,1002,621,381
101000125,130,258,-128
101000128,276,1279,-1003
101000130,129,266,-137
101000131,1251,370,881
101000132,1040,1215,-175
101000135,39,50,-11
101000136,256,342,-86
101000137,33,529,-496
101000141,791,3870,-3079
101000147,677,355,322
101000148,640,29,611
101000149,258,835,-577
101000150,114,267,-153
101000151,362,49,313
101000152,309,312,-3
101000153,229,159,70
101000154,378,442,-64
101000155,575,209,366
101000156,8,450,-442
101000157,70,44,26
101000160,45,25,20
101000163,149,489,-340
101000164,272,161,111
101000165,380,432,-52
101000166,259,263,-4
101000168,912,476,436
101000252,2674,955,1719
101000254,68,141,-73
101000258,70,9,61
101000261,118,94,24
101000262,1333,4104,-2771
101000263,409,1574,-1165
101000265,82,828,-746
101000266,314,436,-122
101000269,14,16,-2
101000290,663,2869,-2206
101000293,59,52,7
101000294,724,532,192
101000295,198,309,-111
101000301,394,518,-124
101000304,1964,2574,-610
101000305,2534,1118,1416
101900001,35,54,-19
101900002,0,13,-13
101900003,22,117,-95
101900004,0,81,-81
101900005,1654,3556,-1902
101900006,1764,83,1681
101900007,699,256,443
101900008,74,239,-165
101900009,38,360,-322
101900010,611,820,-209
101900011,141,924,-783
101900012,368,95,273
101900013,493,141,352
101900017,16,112,-96
101900018,592,273,319
101900019,69,125,-56
101900020,154,66,88
101900021,1,52,-51
101900022,209,484,-275
101900023,158,98,60
102000001,3387,6065,-2678
102000002,2728,864,1864
102000003,2535,7411,-4876
102000004,4596,2627,1969
102000005,1215,3254,-2039
102000006,743,1578,-835
102000007,1979,5803,-3824
102000008,4781,1568,3213
102000009,8474,10888,-2414
102000010,4125,3661,464
102000011,4848,3709,1139
102000012,2927,2856,71
102000018,2417,2976,-559
102000019,4115,1855,2260
102000026,210,370,-160
102000029,221,171,50
102000030,154,373,-219
102000031,104,102,2
102000032,707,367,340
102000033,315,422,-107
102000034,483,548,-65
102000035,2965,905,2060
102000036,14,289,-275
102000037,203,37,166
102000038,136,471,-335
102000039,98,135,-37
102000040,208,449,-241
102000041,104,614,-510
102000042,129,499,-370
102000043,118,301,-183
102000044,289,757,-468
102000045,660,668,-8
102000046,1611,570,1041
102000047,762,806,-44
102000048,603,765,-162
102000049,1097,979,118
102000050,971,1031,-60
102000051,446,745,-299
102000052,1152,753,399
102000053,1007,1294,-287
102000054,921,1259,-338
102000055,1576,325,1251
102000056,1367,385,982
102000057,1533,532,1001
102000058,1114,994,120
102000059,1319,1129,190
102000060,935,770,165
102000061,2079,1402,677
102000062,2162,936,1226
102000063,985,1198,-213
102000064,526,617,-91
102000065,73,190,-117
102000066,760,842,-82
102000067,2690,2793,-103
102000068,12898,3201,9697
102000069,142,3753,-3611
102000070,1604,39,1565
102000071,6528,8976,-2448
102000072,3169,4217,-1048
102000073,870,1361,-491
102000074,588,1777,-1189
102000075,143,424,-281
102000076,225,340,-115
102000077,836,552,284
102000078,1222,362,860
102000079,170,196,-26
102000080,290,218,72
102000081,371,810,-439
102000082,691,387,304
102000083,854,224,630
102000084,578,211,367
102000085,6451,875,5576
102000086,1244,965,279
102000087,1457,1914,-457
102000088,212,244,-32
102000089,1489,317,1172
102000090,376,1104,-728
102000091,1317,588,729
102000092,342,598,-256
102000093,533,581,-48
102000094,620,611,9
102000095,816,1134,-318
102000096,680,744,-64
102000097,797,624,173
102000098,453,774,-321
102000099,866,1015,-149
102000100,257,1046,-789
102000101,451,617,-166
102000102,295,1120,-825
102000103,1990,373,1617
102000104,707,316,391
102000105,301,517,-216
102000106,913,518,395
102000107,1819,344,1475
102000108,659,161,498
102000109,645,352,293
102000110,1414,554,860
102000111,7,203,-196
102000112,173,124,49
102000113,15,29,-14
102000114,568,310,258
102000115,313,315,-2
102000116,288,716,-428
102000117,113,1007,-894
102000118,872,1731,-859
102000119,1147,1411,-264
102000120,259,509,-250
102000121,1172,558,614
102000122,710,914,-204
102000123,1338,1209,129
102000124,1711,1290,421
102000125,702,931,-229
102000126,703,679,24
102000127,1430,617,813
102000128,959,814,145
102000129,1772,552,1220
102000130,757,1104,-347
102000131,2448,1238,1210
102000132,1046,1966,-920
102000133,3073,1461,1612
102000134,1165,773,392
102000135,2373,1154,1219
102000136,3770,667,3103
102000137,491,2549,-2058
102000138,203,706,-503
102000139,101,2781,-2680
102000140,153,3584,-3431
102000141,317,7476,-7159
102000142,327,378,-51
102000143,266,177,89
102000144,390,189,201
102000145,405,324,81
102000146,433,612,-179
102000147,565,376,189
102000148,161,473,-312
102000149,262,195,67
102000150,745,125,620
102000151,99,139,-40
102000152,226,152,74
102000153,1043,585,458
102000154,185,439,-254
102000155,66,453,-387
102000156,292,193,99
102000157,48,535,-487
102000158,115,297,-182
102000159,918,825,93
102000161,1888,2118,-230
102000162,150,146,4
102000163,81,491,-410
102000164,810,1029,-219
102000165,277,184,93
102000166,66,158,-92
102000167,214,326,-112
102000168,269,197,72
102000169,97,652,-555
102000170,530,172,358
102000171,123,209,-86
102000172,48,465,-417
102000173,435,324,111
102000174,82,77,5
102000175,89,88,1
102000176,68,23,45
102000178,322,265,57
102000179,562,221,341
102000180,1238,314,924
102000181,1021,391,630
102000182,698,331,367
102000183,2353,1184,1169
102000184,2252,609,1643
102000185,3194,856,2338
102000186,1741,1134,607
102000187,1081,1093,-12
102000188,1441,1235,206
102000189,1920,562,1358
102000190,620,2497,-1877
102000191,929,464,465
102000192,1522,1843,-321
102000193,94,86,8
102000194,68,167,-99
102000195,468,309,159
102000196,290,263,27
102000197,1075,245,830
102000198,218,408,-190
102000199,1455,193,1262
102000200,336,592,-256
102000201,1599,390,1209
102000202,12,92,-80
102000203,509,144,365
102000204,731,452,279
102000205,1514,284,1230
102000206,798,217,581
102000207,729,498,231
102000208,378,315,63
102000209,91,57,34
102000210,478,231,247
102000211,516,248,268
102000212,392,5,387
102000213,7,142,-135
102000214,380,8,372
102000215,3,171,-168
102000216,61,73,-12
102000217,12,73,-61
102000218,308,216,92
102000219,161,153,8
102000225,402,548,-146
102000226,1148,1767,-619
102000227,155,4,151
102000228,0,41,-41
102000229,54,42,12
102000230,346,305,41
102000231,338,387,-49
102000232,45,124,-79
102000233,442,590,-148
102000234,92,1038,-946
102000236,250,150,100
102000237,380,134,246
102000238,190,230,-40
102000240,380,778,-398
102000241,1446,144,1302
102000243,8,31,-23
102000245,12,143,-131
102000246,8,27,-19
102000247,318,323,-5
102000248,262,739,-477
102000249,177,108,69
102000250,95,229,-134
102000254,222,137,85
102000266,35,1829,-1794
102000271,36,1,35
102000286,494,354,140
102000297,2086,931,1155
102000301,0,0,0
102000303,0,0,0
102000305,0,0,0
102000306,0,0,0
102000307,0,6,-6
102000308,0,0,0
102900001,1304,593,711
102900002,407,59,348
102900003,93,109,-16
102900005,475,210,265
102900006,602,54,548
102900007,707,18,689
102900008,272,19,253
102900009,581,437,144
102900010,221,1103,-882
102900011,1157,535,622
102900012,348,80,268
102900013,43,46,-3
102900015,568,504,64
102900016,62,54,8
102900017,224,208,16
102900018,77,60,17
102900019,420,445,-25
102900020,198,27,171
102900021,47,59,-12
102900022,293,159,134
102900023,24,58,-34
102900024,66,50,16
102900025,151,87,64
102900026,311,2028,-1717
102900027,62,79,-17
102900028,252,891,-639
102900029,95,238,-143
102900030,430,350,80
102900031,352,98,254
102900032,160,77,83
102900033,119,157,-38
102900034,570,80,490
102900035,166,183,-17
102900036,290,256,34
102900037,288,240,48
102900038,429,213,216
102900039,17,536,-519
102900040,229,204,25
102900041,146,112,34
102900042,278,170,108
102900043,298,131,167
102900044,533,1288,-755
102900045,187,324,-137
102900046,178,195,-17
102900047,140,413,-273
102900048,508,289,219
102900049,102,349,-247
102900050,203,207,-4
102900051,163,188,-25
102900052,49,90,-41
102900053,316,506,-190
102900054,380,1442,-1062
102900055,208,235,-27
102900056,95,369,-274
102900057,9,59,-50
102900058,527,76,451
102900059,35,39,-4
102900060,125,280,-155
102900061,195,266,-71
102900062,394,355,39
102900063,1537,341,1196
102900064,127,475,-348
102900065,790,320,470
102900066,319,10,309
102900068,80,127,-47
102900070,255,1839,-1584
102900072,7,59,-52
102900073,74,5,69
102900074,207,191,16
102900075,28,77,-49
102900076,70,204,-134
102900077,59,35,24
102900078,29,65,-36
102900079,246,13,233
102900080,558,55,503
102900081,108,307,-199
102900082,10,254,-244
102900083,116,17,99
102900084,12,61,-49
102900085,334,97,237
102900086,19,122,-103
102900087,140,204,-64
102900088,70,56,14
102900089,189,113,76
102900090,1,127,-126
102900091,203,17,186
102900092,519,240,279
102900093,308,184,124
102900094,2,201,-199
102900095,160,3,157
102900096,107,3,104
102900097,5,62,-57
103000001,2116,2164,-48
103000002,2298,2448,-150
103000003,3134,2518,616
103000004,703,566,137
103000005,1855,3362,-1507
103000006,815,1590,-775
103000007,441,592,-151
103000008,1054,577,477
103000009,1662,1274,388
103000010,158,70,88
103000011,1404,980,424
103000012,1646,1642,4
103000013,2537,1677,860
103000014,1378,2820,-1442
103000015,1432,620,812
103000016,522,1540,-1018
103000017,263,459,-196
103000018,919,265,654
103000019,358,352,6
103000020,1535,1189,346
103000021,1635,1912,-277
103000022,659,813,-154
103000023,718,2139,-1421
103000024,70,100,-30
103000025,149,816,-667
103000026,599,129,470
103000027,244,720,-476
103000028,265,345,-80
103000029,137,223,-86
103000030,1395,1707,-312
103000031,1003,2732,-1729
103000032,2115,1406,709
103000033,2737,2424,313
103000034,1109,944,165
103000035,433,1427,-994
103000036,297,385,-88
103000037,572,546,26
103000038,713,1107,-394
103000039,726,312,414
103000040,704,512,192
103000041,1940,1299,641
103000042,1636,354,1282
103000043,858,653,205
103000044,410,109,301
103000046,440,404,36
103000047,733,382,351
103000048,378,166,212
103000049,145,115,30
103000050,863,289,574
103000051,755,454,301
103000052,741,227,514
103000053,218,448,-230
103000054,2545,1096,1449
103000055,1955,1864,91
103000056,796,1013,-217
103000057,1209,148,1061
103000058,669,671,-2
103000059,730,564,166
103000060,801,349,452
103000061,596,905,-309
103000062,1183,332,851
103000063,1038,837,201
103000064,142,120,22
103000065,1,262,-261
103000066,197,16,181
103000069,456,196,260
103000070,909,446,463
103000071,1616,563,1053
103000072,189,513,-324
103000073,977,120,857
103000074,1008,120,888
103000075,120,565,-445
103000076,427,661,-234
103000077,32,273,-241
103000078,854,1103,-249
103000079,483,677,-194
103000080,750,458,292
103000081,335,1037,-702
103000082,645,198,447
103000083,163,256,-93
103000084,103,9,94
103000085,1,98,-97
103000086,530,460,70
103000087,251,569,-318
103000088,270,331,-61
103000089,290,671,-381
103000090,3753,1125,2628
103000091,881,518,363
103000092,313,281,32
103000093,298,524,-226
103000094,253,109,144
103000095,96,367,-271
103000096,587,57,530
103000097,82,590,-508
103000098,601,177,424
103000099,177,536,-359
103000100,233,420,-187
103000101,1223,134,1089
103000102,188,324,-136
103000103,826,133,693
103000104,113,62,51
103000105,227,64,163
103000106,16,164,-148
103000107,260,64,196
103000108,948,639,309
103000109,556,385,171
103000110,573,495,78
103000111,452,465,-13
103000112,327,284,43
103000113,422,627,-205
103000114,1501,722,779
103000115,851,536,315
103000116,804,350,454
103000117,508,446,62
103000118,436,438,-2
103000119,686,351,335
103000120,89,116,-27
103000121,200,411,-211
103000122,346,587,-241
103000125,23,97,-74
103000126,786,2,784
103000127,10,105,-95
103000128,122,4,118
103000129,22,116,-94
103000130,67,38,29
103000131,225,132,93
103000132,94,155,-61
103000133,15,130,-115
103000134,264,1039,-775
103000135,536,202,334
103000136,537,516,21
103000137,407,653,-246
103000138,535,740,-205
103000139,7,61,-54
103000140,123,29,94
103000141,40,134,-94
103000142,123,73,50
103000143,75,151,-76
103000144,233,50,183
103000145,27,463,-436
103000150,165,39,126
103000152,219,229,-10
103000153,296,176,120
103000156,34,234,-200
103000157,457,2,455
103000159,131,63,68
103000162,58,21,37
103000163,18,41,-23
103000164,5,18,-13
103000165,93,144,-51
103000166,296,397,-101
103000167,218,77,141
103000168,187,120,67
103000169,182,487,-305
103000170,1289,231,1058
103000171,25,120,-95
103000172,1066,419,647
103000173,900,196,704
103000174,287,216,71
103000175,396,117,279
103000176,829,648,181
103000177,330,362,-32
103000178,148,259,-111
103000179,196,23,173
103000183,243,11,232
103000185,176,27,149
103000186,204,52,152
103000187,985,148,837
103000188,30,120,-90
103000189,809,581,228
103000191,574,643,-69
103000292,517,1620,-1103
103000293,798,3217,-2419
103000295,89,152,-63
103000296,149,3,146
103000297,33,275,-242
103000504,12,19,-7
103000505,3,43,-40
103000506,1,99,-98
103000507,221,3,218
103000508,106,108,-2
103000509,279,395,-116
103900001,22,53,-31
103900002,797,127,670
103900003,934,250,684
103900004,193,2,191
103900005,4,88,-84
103900006,8,3,5
103900007,92,0,92
103900008,10,3,7
103900009,508,505,3
103900010,219,256,-37
103900011,522,82,440
103900012,6,27,-21
103900013,79,26,53
103900014,103,10,93
103900015,100,16,84
103900016,251,121,130
103900017,55,46,9
103900018,320,107,213
103900019,68,406,-338
103900020,262,505,-243
103900021,123,30,93
103900022,835,461,374
103900023,221,0,221
103900024,81,277,-196
103900025,6,31,-25
103900026,6,0,6
103900027,591,175,416
103900028,22,309,-287
103900029,1045,137,908
103900030,468,153,315
103900031,46,0,46
103900032,98,72,26
103900033,77,22,55
103900034,40,67,-27
103900035,60,42,18
103900036,46,68,-22
103900037,102,83,19
103900038,92,202,-110
103900039,148,147,1
103900040,9,107,-98
103900041,77,62,15
103900042,127,83,44
103900043,309,29,280
103900044,77,519,-442
103900045,395,135,260
103900047,131,16,115
103900048,50,22,28
103900049,98,1056,-958
103900050,27,161,-134
103900051,1,47,-46
103900052,240,204,36
103900053,292,224,68
103900054,217,165,52
103900055,454,160,294
103900056,75,46,29
103900057,69,96,-27
103900058,420,240,180
103900059,0,26,-26
103900060,63,91,-28
103900061,257,24,233
103900062,588,173,415
103900063,7,1,6
103900064,152,4,148
103900065,481,313,168
103900066,248,56,192
103900067,289,8,281
103900068,4,0,4
103900069,90,16,74
103900070,137,131,6
103900071,22,57,-35
103900072,27,85,-58
103900073,46,61,-15
103900074,91,40,51
103900075,126,41,85
103900076,736,273,463
103900077,52,193,-141
103900078,338,71,267
103900079,169,158,11
103900080,3,31,-28
103900081,19,22,-3
103900082,16,139,-123
103900083,942,1392,-450
103900084,94,205,-111
103900085,59,159,-100
103900086,1204,354,850
103900087,34,62,-28
103900088,278,535,-257
103900089,68,91,-23
103900090,0,40,-40
103900091,826,161,665
103900092,648,416,232
103900093,70,252,-182
103900094,9,51,-42
103900095,239,181,58
103900096,62,108,-46
103900097,9,404,-395
103900098,296,136,160
103900099,157,85,72
103900100,353,139,214
103900101,135,837,-702
103900102,0,38,-38
103900104,0,23,-23
103900105,60,92,-32
103900106,0,136,-136
103900107,173,94,79
103900108,50,126,-76
103900109,146,41,105
103900110,373,61,312
103900111,203,277,-74
103900112,137,175,-38
103900113,114,272,-158
103900114,296,177,119
103900115,225,223,2
103900116,1497,2155,-658
103900117,77,35,42
103900119,34,110,-76
103900120,37,67,-30
103900122,153,70,83
103900123,576,526,50
103900124,46,16,30
103900125,121,44,77
103900126,700,237,463
103900127,259,186,73
103900128,179,59,120
103900131,25,44,-19
103900133,1002,21,981
103900134,0,11,-11
103900135,1,2,-1
103900137,0,6,-6
103900138,251,42,209
103900139,210,3218,-3008
103900140,4,313,-309
103900141,190,52,138
103900142,281,61,220
103900143,178,2,176
103900144,7,9,-2
103900145,157,241,-84
103900146,311,188,123
103900147,386,153,233
103900148,363,167,196
103900149,461,231,230
103900150,3543,5445,-1902
103900151,38,164,-126
103900152,904,279,625
103900153,8,8,0
103900154,418,1861,-1443
103900155,74,108,-34
103900156,164,67,97
103900157,85,52,33
103900158,264,54,210
103900159,248,47,201
103900160,102,61,41
103900161,90,157,-67
103900162,80,70,10
103900163,17,399,-382
103900164,327,15,312
103900167,19,115,-96
103900168,168,73,95
103900169,44,125,-81
103900170,1,59,-58
103900171,0,20,-20
103900172,2,11,-9
103900173,19,17,2
103900174,374,29,345
103900175,35,139,-104
103900176,4,38,-34
103900177,18,34,-16
103900178,126,26,100
103900179,93,36,57
103900180,11,41,-30
103900181,33,31,2
103900182,24,15,9
103900184,198,147,51
103900185,96,720,-624
103900187,8,107,-99
103900188,40,49,-9
103900189,100,15,85
103900190,118,60,58
103900191,29,58,-29
103900192,48,111,-63
103900193,79,78,1
103900194,95,134,-39
103900195,3,143,-140
103900196,41,76,-35
103900197,19,23,-4
103900198,18,39,-21
103900199,122,88,34
103900200,162,55,107
103900201,97,132,-35
103900202,16,65,-49
103900203,50,38,12
103900204,2,32,-30
103900207,5,33,-28
103900208,179,2,177
103900209,10,100,-90
103900210,49,38,11
103900211,726,164,562
103900212,200,177,23
103900213,38,189,-151
103900214,195,186,9
103900215,197,218,-21
103900216,8,341,-333
103900217,298,70,228
103900218,1,268,-267
103900219,231,103,128
103900233,125,18,107
103900235,13,63,-50
103900236,4,1,3
103900242,11,8,3
103900243,1,12,-11
103900244,168,74,94
103900245,89,71,18
103900246,36,36,0
103900247,13,32,-19
103900248,2,112,-110
103900249,5,74,-69
103900250,17,35,-18
103900251,0,37,-37
103900253,11,66,-55
103900254,2,11,-9
103900255,5,6,-1
103900256,11,19,-8
103900257,23,101,-78
103900258,26,3,23
103900259,38,4,34
103900261,24,4,20
103900262,16,5,11
103900263,36,44,-8
103900264,39,12,27
103900265,36,5,31
103900266,2,133,-131
103900267,6,43,-37
104000001,2665,2071,594
104000002,1702,1928,-226
104000003,2487,1950,537
104000004,2274,2234,40
104000005,2110,1918,192
104000006,3161,2446,715
104000007,3803,3974,-171
104000008,151,166,-15
104000009,223,145,78
104000010,190,300,-110
104000011,250,143,107
104000012,128,192,-64
104000013,319,251,68
104000014,216,366,-150
104000015,438,143,295
104000016,422,240,182
104000018,876,240,636
104000019,636,293,343
104000020,129,332,-203
104000021,327,319,8
104000022,112,256,-144
104000023,1087,430,657
104000024,256,271,-15
104000026,56,264,-208
104000027,258,138,120
104000028,454,245,209
104000029,328,200,128
104000030,362,301,61
104000031,1471,306,1165
104000032,228,199,29
104000033,736,471,265
104000034,354,216,138
104000035,1081,314,767
104000036,1118,440,678
104000037,318,170,148
104000038,563,273,290
104000039,192,109,83
104000040,143,435,-292
104000041,824,319,505
104000042,166,203,-37
104000043,194,212,-18
104000044,289,345,-56
104000045,807,588,219
104000046,732,871,-139
104000047,709,934,-225
104000048,898,799,99
104000049,736,533,203
104000050,172,1028,-856
104000051,172,512,-340
104000052,1817,1731,86
104000053,929,459,470
104000054,625,194,431
104000055,3232,2099,1133
104000056,763,223,540
104000057,173,180,-7
104000058,707,668,39
104000059,611,954,-343
104000060,1248,1435,-187
104000061,1129,892,237
104000062,430,109,321
104000064,520,238,282
104000065,249,641,-392
104000069,570,1274,-704
104000070,59,430,-371
104000071,153,209,-56
104000072,530,149,381
104000075,119,221,-102
104000076,389,81,308
104000082,2270,3201,-931
104000083,654,172,482
104000084,99,466,-367
104000085,298,318,-20
104000086,235,417,-182
104000087,431,2135,-1704
104000090,952,660,292
104000092,1658,1065,593
104000094,813,825,-12
104000095,2131,1128,1003
104000096,1996,70,1926
104000097,2239,568,1671
104000098,2992,584,2408
104000100,2273,574,1699
104000101,1252,1186,66
104000106,48,513,-465
104000107,624,210,414
104000108,190,268,-78
104000109,316,239,77
104000110,660,1089,-429
104000111,2308,2982,-674
104000112,857,483,374
104000116,0,609,-609
104000117,249,320,-71
104000118,1099,137,962
104000119,917,327,590
104000120,291,388,-97
104000121,205,521,-316
104000122,977,757,220
104000123,754,506,248
104000124,525,1294,-769
104000125,2081,4741,-2660
104000126,637,559,78
104000127,1352,1464,-112
104000128,601,278,323
104000129,162,7,155
104000130,1,372,-371
104000131,273,245,28
104000132,305,291,14
104000133,1401,808,593
104000134,840,1881,-1041
104000135,484,1794,-1310
104000136,723,3353,-2630
104000137,1753,368,1385
104000138,1068,550,518
104000139,3331,2662,669
104000141,800,1176,-376
104000142,626,413,213
104000143,714,286,428
104000144,146,191,-45
104000145,371,202,169
104000146,154,372,-218
104000147,139,227,-88
104000148,449,277,172
104000149,188,167,21
104000150,1134,842,292
104000151,343,315,28
104000152,580,532,48
104000153,769,663,106
104000154,687,402,285
104000155,456,628,-172
104000157,890,1315,-425
104000158,262,1223,-961
104000159,890,814,76
104000160,1808,1948,-140
104000161,239,209,30
104000162,83,221,-138
104000165,579,666,-87
104000167,859,1373,-514
104000168,807,8,799
104000169,144,49,95
104000170,198,494,-296
104000248,416,456,-40
104000251,49,131,-82
104000272,0,0,0
104000273,0,0,0
104000274,0,0,0
104000275,0,0,0
104000279,732,477,255
104000290,109,217,-108
104000291,446,1013,-567
104000293,1023,761,262
104000294,109,0,109
104000295,718,625,93
104000296,517,607,-90
104000297,601,1702,-1101
104000298,2133,855,1278
104000299,727,1115,-388
104900001,130,233,-103
104900002,84,187,-103
104900003,101,228,-127
104900004,79,134,-55
104900005,393,282,111
104900006,475,99,376
104900007,391,202,189
104900009,176,169,7
104900010,49,47,2
104900011,13,34,-21
104900012,243,36,207
104900013,91,11,80
104900014,1719,335,1384
104900015,115,11,104
104900016,293,148,145
104900017,201,75,126
104900018,7,176,-169
104900019,212,4196,-3984
104900020,21,199,-178
104900021,0,81,-81
104900022,24,90,-66
104900023,1,42,-41
104900024,14,77,-63
104900025,80,140,-60
104900026,2,37,-35
104900027,701,386,315
104900028,21,57,-36
104900029,26,57,-31
104900030,491,220,271
104900031,66,233,-167
104900032,40,63,-23
104900033,239,260,-21
104900034,386,149,237
104900035,429,178,251
104900036,284,53,231
104900037,155,116,39
104900038,242,1013,-771
104900039,453,586,-133
104900040,481,79,402
104900041,310,140,170
104900042,157,182,-25
104900043,16,309,-293
104900044,831,163,668
104900045,396,87,309
104900046,303,77,226
104900047,511,106,405
104900048,393,65,328
104900049,67,64,3
104900050,387,48,339
104900051,262,51,211
104900052,145,5,140
104900053,458,112,346
104900054,214,31,183
104900055,195,9,186
104900056,258,32,226
104900057,55,0,55
104900058,541,897,-356
104900059,109,67,42
104900060,0,457,-457
104900061,165,275,-110
104900063,0,95,-95
104900064,0,83,-83
104900065,1,239,-238
104900066,1,72,-71
104900067,7,213,-206
104900068,35,157,-122
104900070,162,219,-57
104900071,0,316,-316
104900072,80,223,-143
104900073,107,71,36
104900074,75,179,-104
104900075,84,21,63
104900076,114,188,-74
104900077,495,335,160
104900078,226,242,-16
104900079,131,633,-502
104900080,97,438,-341
104900082,14,310,-296
104900085,4,133,-129
104900087,419,5,414
104900089,437,2,435
104900090,1210,872,338
104900091,562,550,12
104900093,191,275,-84
104900097,1497,2643,-1146
104900098,244,23,221
104900099,138,723,-585
104900100,233,163,70
104900102,37,85,-48
104900103,372,60,312
104900104,2003,2382,-379
104900106,169,98,71
104900107,111,160,-49
104900108,57,106,-49
104900109,115,141,-26
104900110,3,27,-24
104900111,298,134,164
104900112,343,282,61
104900113,880,239,641
104900114,494,238,256
104900115,856,222,634
104900116,401,109,292
104900118,33,32,1
104900119,1,45,-44
104900120,17,440,-423
104900121,0,47,-47
104900122,3,36,-33
104900123,137,39,98
104900124,84,2,82
104900125,460,1,459
104900126,42,24,18
104900127,19,53,-34
104900128,137,114,23
104900129,1042,2744,-1702
105000001,3181,1345,1836
105000002,2579,1540,1039
105000003,3108,3811,-703
105000004,692,749,-57
105000005,1344,1182,162
105000006,1470,1778,-308
105000007,1561,2251,-690
105000008,1371,4539,-3168
105000009,3624,3681,-57
105000010,2673,1092,1581
105000011,4185,3933,252
105000012,3047,2052,995
105000013,1240,1490,-250
105000014,3029,3665,-636
105000015,9757,15491,-5734
105000016,1209,1435,-226
105000017,1497,834,663
105000018,958,1663,-705
105000019,973,949,24
105000020,180,524,-344
105000021,226,121,105
105000022,246,182,64
105000023,475,251,224
105000028,29,81,-52
105000029,689,1682,-993
105000030,3400,2162,1238
105000033,878,1521,-643
105000034,137,1288,-1151
105000037,537,227,310
105000038,1683,1946,-263
105000039,2219,1342,877
105000040,1090,1685,-595
105000041,450,1400,-950
105000042,2872,2481,391
105000043,1150,3278,-2128
105000044,954,764,190
105000045,386,431,-45
105000046,1476,463,1013
105000047,554,577,-23
105000048,589,165,424
105000049,223,305,-82
105000050,725,354,371
105000051,139,246,-107
105000052,703,691,12
105000053,87,137,-50
105000054,587,662,-75
105000055,875,254,621
105000056,1777,1346,431
105000057,1433,463,970
105000058,1199,771,428
105000059,867,461,406
105000060,578,397,181
105000061,916,511,405
105000062,507,492,15
105000063,311,251,60
105000064,2226,702,1524
105000065,339,372,-33
105000066,879,945,-66
105000067,1592,717,875
105000068,312,679,-367
105000069,1225,2496,-1271
105000070,403,1193,-790
105000071,245,1287,-1042
105000072,740,2746,-2006
105000073,1002,722,280
105000074,668,534,134
105000075,535,593,-58
105000076,909,769,140
105000077,1906,1049,857
105000078,1022,1343,-321
105000079,1088,3180,-2092
105000080,2045,1744,301
105000081,1981,1385,596
105000082,889,2355,-1466
105000083,3064,4072,-1008
105000084,636,658,-22
105000085,1968,2357,-389
105000086,713,1012,-299
105000087,1346,2212,-866
105000088,1331,1890,-559
105000089,2868,2133,735
105000090,857,940,-83
105000091,1146,1307,-161
105000092,628,865,-237
105000093,286,445,-159
105000094,440,327,113
105000095,95,500,-405
105000096,1145,1486,-341
105000097,818,719,99
105000098,1044,638,406
105000099,607,652,-45
105000100,1670,1153,517
105000101,2198,2614,-416
105000102,1801,2372,-571
105000103,1129,4120,-2991
105000104,2454,1304,1150
105000105,1071,1334,-263
105000106,1672,1215,457
105000107,2126,927,1199
105000108,2486,1425,1061
105000109,2070,1158,912
105000110,944,389,555
105000111,909,391,518
105000112,1177,486,691
105000113,494,587,-93
105000114,1725,1423,302
105000115,325,1200,-875
105000116,1045,542,503
105000117,768,427,341
105000118,1042,531,511
105000119,637,596,41
105000120,1620,565,1055
105000121,894,688,206
105000122,470,622,-152
105000123,744,668,76
105000124,2361,660,1701
105000125,950,985,-35
105000126,2434,1030,1404
105000127,2516,1247,1269
105000128,841,736,105
105000129,1024,192,832
105000130,278,3380,-3102
105000131,531,264,267
105000132,1286,764,522
105000133,502,835,-333
105000134,1163,548,615
105000135,295,286,9
105000136,50,59,-9
105000137,425,199,226
105000138,46,92,-46
105000139,916,571,345
105000140,370,381,-11
105000141,345,344,1
105000142,265,372,-107
105000143,203,410,-207
105000144,247,439,-192
105000145,859,263,596
105000146,427,585,-158
105000147,810,275,535
105000148,1009,479,530
105000149,3225,2239,986
105000150,1437,894,543
105000151,600,299,301
105000152,194,341,-147
105000153,672,558,114
105000154,517,402,115
105000155,332,845,-513
105000156,476,452,24
105000157,756,1140,-384
105000158,2227,798,1429
105000159,338,786,-448
105000160,2667,657,2010
105000161,696,779,-83
105000162,759,2229,-1470
105000163,867,671,196
105000164,164,215,-51
105000165,605,6911,-6306
105000166,3373,1505,1868
105000167,1074,2565,-1491
105000168,476,347,129
105000169,751,186,565
105000170,367,1197,-830
105000171,1107,189,918
105000172,140,16,124
105000173,312,43,269
105000174,116,51,65
105000175,138,107,31
105000176,641,108,533
105000177,484,195,289
105000178,292,275,17
105000179,1144,150,994
105000180,239,94,145
105000181,202,165,37
105000182,65,28,37
105000183,1701,2671,-970
105000184,971,1692,-721
105000185,1383,1538,-155
105000186,418,836,-418
105000187,930,321,609
105000188,234,239,-5
105000189,136,596,-460
105000190,277,345,-68
105000191,455,286,169
105000192,382,63,319
105000193,84,121,-37
105000194,520,112,408
105000195,420,705,-285
105000196,73,188,-115
105000197,282,507,-225
105000198,366,226,140
105000199,151,431,-280
105000200,141,445,-304
105000201,80,61,19
105000203,7,108,-101
105000204,74,70,4
105000205,92,250,-158
105000207,242,136,106
105000208,239,1402,-1163
105000209,125,158,-33
105000212,1199,637,562
105000213,117,233,-116
105000214,213,235,-22
105000215,452,144,308
105000216,181,169,12
105000217,189,179,10
105000218,1764,1005,759
105000221,196,147,49
105000222,494,113,381
105000223,347,115,232
105000226,113,115,-2
105000227,94,88,6
105000228,158,2234,-2076
105000229,159,562,-403
105000231,351,482,-131
105000233,881,798,83
105000234,553,905,-352
105000235,458,543,-85
105000237,913,67,846
105000243,32,116,-84
105000248,55,81,-26
105000262,419,624,-205
105000269,227,210,17
105000270,683,27,656
105000271,1,92,-91
105000282,38,34,4
105000287,277,206,71
105000288,924,468,456
105000289,1406,1928,-522
105000290,54,26,28
105000402,2377,4333,-1956
105000426,314,716,-402
105000438,2249,1508,741
105000446,9400,4778,4622
105000447,3336,2088,1248
105000454,776,112,664
105000455,183,127,56
105000474,26,0,26
105000477,777,602,175
105000478,2372,5589,-3217
105000479,130,127,3
105000480,6536,8063,-1527
105000481,4594,4079,515
105000482,3343,5161,-1818
105000483,1885,3168,-1283
105000484,1579,2177,-598
105000485,1486,3722,-2236
105000486,1806,2398,-592
105000488,5728,3058,2670
105000489,1132,660,472
105000549,92,118,-26
105000550,349,1097,-748
105000551,26,92,-66
105000552,1699,1058,641
105900001,8,2720,-2712
105900002,625,925,-300
105900003,12,91,-79
105900004,170,78,92
105900005,8,168,-160
105900006,16,143,-127
105900007,96,55,41
105900008,83,299,-216
105900009,32,13,19
105900011,238,299,-61
105900012,466,269,197
105900013,7,53,-46
105900014,14,71,-57
105900015,106,772,-666
105900016,742,598,144
105900017,1802,28,1774
105900018,242,124,118
105900019,84,693,-609
105900020,65,60,5
105900021,50,3372,-3322
105900022,321,182,139
105900023,12,388,-376
105900024,12,635,-623
105900025,342,14,328
105900026,231,10,221
105900027,22193,7430,14763
105900028,579,455,124
105900029,2266,349,1917
105900030,225,280,-55
105900031,273,204,69
105900032,103,106,-3
105900033,73,86,-13
105900034,286,174,112
105900035,197,164,33
105900036,135,163,-28
105900037,69,45,24
105900038,192,209,-17
105900039,227,96,131
105900040,83,88,-5
105900041,182,192,-10
105900042,83,131,-48
105900043,1306,53,1253
105900044,4,260,-256
105900045,1,803,-802
105900046,2,252,-250
105900047,15,27,-12
105900048,94,435,-341
105900050,5806,13630,-7824
105900051,74,1157,-1083
105900052,605,270,335
105900053,2412,4102,-1690
105900054,241,407,-166
105900056,1049,473,576
105900057,21,254,-233
105900058,34,6,28
105900059,1,58,-57
106000001,2750,2220,530
106000002,912,3968,-3056
106000003,3068,3277,-209
106000004,1205,1800,-595
106000005,4336,4442,-106
106000006,4069,2018,2051
106000007,627,533,94
106000008,437,250,187
106000009,668,289,379
106000010,495,479,16
106000011,1543,1063,480
106000012,946,839,107
106000013,1950,1928,22
106000014,1659,1068,591
106000015,2362,1386,976
106000016,1242,1424,-182
106000017,642,787,-145
106000018,585,394,191
106000019,504,556,-52
106000020,325,225,100
106000021,303,450,-147
106000022,407,135,272
106000023,825,265,560
106000024,578,361,217
106000025,115,173,-58
106000026,90,116,-26
106000027,1735,1196,539
106000028,640,241,399
106000029,645,616,29
106000030,296,574,-278
106000034,194,371,-177
106000035,965,2090,-1125
106000036,122,409,-287
106000037,1284,1039,245
106000038,124,118,6
106000039,72,111,-39
106000040,80,896,-816
106000041,687,589,98
106000043,398,245,153
106000046,252,56,196
106000047,34,454,-420
106000049,1158,209,949
106000050,256,429,-173
106000051,821,505,316
106000052,100,399,-299
106000053,475,166,309
106000054,309,288,21
106000055,1188,741,447
106000056,234,217,17
106000057,676,252,424
106000058,159,116,43
106000059,440,229,211
106000060,270,334,-64
106000061,290,529,-239
106000062,153,394,-241
106000063,823,560,263
106000064,18,227,-209
106000065,451,289,162
106000066,101,240,-139
106000067,426,75,351
106000068,48,479,-431
106000069,412,74,338
106000070,452,486,-34
106000071,1230,334,896
106000072,2053,1316,737
106000073,1291,3585,-2294
106000074,713,616,97
106000075,415,1130,-715
106000076,1453,1606,-153
106000077,2796,996,1800
106000078,1168,643,525
106000079,844,626,218
106000080,1323,464,859
106000081,811,853,-42
106000082,1955,632,1323
106000083,405,1301,-896
106000084,1015,568,447
106000085,1248,1475,-227
106000086,637,676,-39
106000087,923,410,513
106000088,392,660,-268
106000089,1043,257,786
106000090,328,531,-203
106000091,268,354,-86
106000092,734,231,503
106000093,288,115,173
106000094,58,248,-190
106000095,1136,460,676
106000096,1059,422,637
106000097,1214,434,780
106000098,820,609,211
106000099,229,1462,-1233
106000100,1382,217,1165
106000101,1111,746,365
106000102,202,1736,-1534
106000103,286,623,-337
106000104,825,325,500
106000105,441,457,-16
106000106,821,313,508
106000107,123,148,-25
106000108,353,149,204
106000109,201,102,99
106000110,340,133,207
106000111,141,140,1
106000112,358,548,-190
106000113,729,420,309
106000114,427,663,-236
106000115,227,253,-26
106000116,329,218,111
106000117,875,443,432
106000118,1377,1290,87
106000119,944,563,381
106000120,1083,1545,-462
106000121,252,136,116
106000122,237,93,144
106000123,714,85,629
106000124,100,101,-1
106000125,40,125,-85
106000126,418,56,362
106000127,1071,503,568
106000128,941,138,803
106000129,514,382,132
106000130,1094,296,798
106000131,114,624,-510
106000132,509,155,354
106000133,2067,1286,781
106000134,456,2253,-1797
106000135,134,358,-224
106000136,679,1039,-360
106000137,47,498,-451
106000138,1460,82,1378
106000139,40,59,-19
106000140,38,62,-24
106000141,115,38,77
106000142,79,51,28
106000143,34,35,-1
106000144,30,47,-17
106000145,424,107,317
106000146,607,95,512
106000147,353,304,49
106000148,355,498,-143
106000149,658,278,380
106000150,575,1825,-1250
106000151,2695,741,1954
106000152,1012,2031,-1019
106000153,72,1889,-1817
106000154,1186,172,1014
106000155,155,220,-65
106000156,1345,223,1122
106000157,632,1386,-754
106000158,2270,721,1549
106000159,1962,1906,56
106000160,617,3469,-2852
106000161,1223,190,1033
106000162,367,1163,-796
106000163,394,211,183
106000164,700,230,470
106000165,246,298,-52
106000166,1126,273,853
106000167,453,560,-107
106000168,849,181,668
106000169,296,351,-55
106000170,1014,186,828
106000171,258,958,-700
106000172,2939,1348,1591
106000173,990,2105,-1115
106000174,1375,342,1033
106000175,250,531,-281
106000176,2026,862,1164
106000177,872,1557,-685
106000178,3356,1350,2006
106000179,719,1215,-496
106000180,805,685,120
106000181,1283,1418,-135
106000182,1804,617,1187
106000183,2043,416,1627
106000184,2076,497,1579
106000185,1327,1307,20
106000186,615,117,498
106000187,135,905,-770
106000188,0,0,0
106000189,5,28,-23
106000190,27,2,25
106000191,635,116,519
106000192,2,10,-8
106000193,389,169,220
106000194,122,411,-289
106000195,683,332,351
106000196,235,845,-610
106000197,707,319,388
106000198,171,123,48
106000199,595,1132,-537
106000200,257,206,51
106000201,417,3908,-3491
106000202,2002,491,1511
106000203,26,130,-104
106000204,89,11,78
106000205,21,133,-112
106000206,54,11,43
106000207,33,291,-258
106000208,1874,211,1663
106000209,1884,443,1441
106000210,227,529,-302
106000211,206,777,-571
106000212,979,514,465
106000213,259,1413,-1154
106000214,1588,598,990
106000215,283,379,-96
106000216,404,284,120
106000217,187,326,-139
106000218,370,296,74
106000219,158,158,0
106000220,441,293,148
106000221,245,116,129
106000222,125,83,42
106000223,390,147,243
106000224,297,88,209
106000225,95,181,-86
106000226,84,142,-58
106000228,83,108,-25
106000229,65,518,-453
106000231,1154,104,1050
106000232,71,194,-123
106000233,564,72,492
106000234,40,204,-164
106000235,536,128,408
106000236,181,82,99
106000237,4,16,-12
106000238,47,21,26
106000239,2,127,-125
106000240,28,4,24
106000241,10,390,-380
106000242,246,51,195
106000249,88,28,60
106000250,103,474,-371
106000251,162,21,141
106000252,19,56,-37
106000253,75,85,-10
106000254,88,35,53
106000255,41,157,-116
106000256,60,23,37
106000257,155,220,-65
106000258,227,37,190
106000259,1,40,-39
106000260,20,4,16
106000261,0,58,-58
106000262,100,4,96
106000263,9,43,-34
106000264,156,13,143
106000265,22,108,-86
106000266,93,22,71
106000267,8,98,-90
106000268,332,47,285
106000269,33,29,4
106000270,93,276,-183
106000271,90,84,6
106000272,202,49,153
106000273,12,188,-176
106000274,185,33,152
106000275,158,167,-9
106000276,96,35,61
106000277,134,236,-102
106000278,124,26,98
106000279,21,16,5
106000280,105,39,66
106000281,82,45,37
106000282,66,51,15
106000283,144,40,104
106000284,141,69,72
106000285,124,77,47
106000286,100,93,7
106000287,118,64,54
106000288,90,90,0
106000289,96,45,51
106000290,74,69,5
106000291,88,76,12
106000292,72,73,-1
106000293,149,73,76
106000294,106,105,1
106000295,74,49,25
106000296,31,80,-49
106000297,70,221,-151
106000298,109,78,31
106000299,49,109,-60
106000300,57,73,-16
106000301,50,96,-46
106000303,28,70,-42
106000304,41,31,10
106000305,47,44,3
106000306,54,42,12
106000307,80,30,50
106000308,39,74,-35
106000309,34,58,-24
106000310,328,211,117
106000311,406,133,273
106000312,141,104,37
106000313,303,136,167
106000318,60,485,-425
106000319,1258,352,906
106000320,1,77,-76
106000321,233,158,75
106000322,210,59,151
106000324,24,125,-101
106000325,2020,1040,980
106000326,984,1156,-172
106000327,202,84,118
106000328,37,124,-87
106000329,121,247,-126
106000330,50,105,-55
106000428,108,154,-46
106000429,185,211,-26
106000430,323,872,-549
106000431,2137,321,1816
106000432,1101,1958,-857
106000433,2899,1335,1564
106000434,3496,1527,1969
106000435,902,2254,-1352
106000436,11,106,-95
106000437,321,82,239
106000438,384,290,94
106000439,78,414,-336
106000440,177,833,-656
106000441,4,0,4
106000442,142,9,133
106000443,213,148,65
106000450,1,54,-53
106000451,18,94,-76
106000454,5,91,-86
106000455,10,104,-94
106000456,85,36,49
106000457,19,430,-411
106000458,1210,47,1163
106000459,213,141,72
106000460,1991,24,1967
106000461,135,432,-297
106000462,0,33,-33
106000463,2,8,-6
106000464,4,150,-146
106000465,918,5,913
106000466,16,192,-176
106000467,130,231,-101
106000468,116,130,-14
106000469,78,0,78
106000470,247,2090,-1843
106000471,11,317,-306
106000472,145,15,130
106000473,52,13,39
106000474,282,242,40
106000475,339,133,206
106000476,99,215,-116
106000477,17,21,-4
106900001,0,17,-17
106900002,2,183,-181
106900003,123,3052,-2929
106900004,0,17,-17
106900006,0,15,-15
106900007,0,7,-7
106900008,529,67,462
106900009,371,187,184
106900010,245,178,67
106900012,1049,2634,-1585
106900013,610,191,419
106900014,41,5,36
106900015,14,4,10
106900016,358,28,330
106900017,22,3,19
106900018,4,0,4
106900019,88,6,82
106900020,4097,1835,2262
106900021,251,122,129
106900022,1047,2,1045
106900023,29,204,-175
106900024,761,68,693
106900025,48,846,-798
106900026,1,173,-172
106900027,1008,13,995
107000001,3496,5183,-1687
107000002,1985,3140,-1155
107000003,8312,7248,1064
107000004,4347,2414,1933
107000005,7411,6320,1091
107000006,3729,2046,1683
107000007,6204,10223,-4019
107000008,6412,4603,1809
107000009,10090,8957,1133
107000010,6699,5578,1121
107000011,780,872,-92
107000012,2772,1841,931
107000013,107,69,38
107000014,85,152,-67
107000015,532,445,87
107000016,932,534,398
107000017,2427,13619,-11192
107000018,53,8532,-8479
107000020,1793,10993,-9200
107000021,1326,559,767
107000022,935,5312,-4377
107000023,1742,225,1517
107000024,1102,1816,-714
107000025,188,298,-110
107000026,592,366,226
107000027,1711,1036,675
107000028,1701,605,1096
107000029,3956,3303,653
107000030,2771,1824,947
107000031,5476,2633,2843
107000032,406,620,-214
107000033,2482,3623,-1141
107000034,9684,1157,8527
107000035,497,228,269
107000036,1516,1235,281
107000037,146,730,-584
107000038,198,206,-8
107000039,1072,770,302
107000040,303,236,67
107000041,1555,841,714
107000042,631,2046,-1415
107000043,1986,1082,904
107000044,356,932,-576
107000045,79,252,-173
107000046,784,431,353
107000047,489,694,-205
107000048,666,372,294
107000049,490,675,-185
107000050,1104,493,611
107000051,213,233,-20
107000052,979,1005,-26
107000053,431,249,182
107000054,55,178,-123
107000055,167,105,62
107000056,448,521,-73
107000057,1610,144,1466
107000058,2302,2583,-281
107000059,1852,2431,-579
107000060,5746,5638,108
107000061,4725,2619,2106
107000062,6589,3050,3539
107000063,4257,2854,1403
107000064,5942,3508,2434
107000065,3904,3300,604
107000066,2056,4768,-2712
107000067,1527,1939,-412
107000068,1123,1221,-98
107000069,1194,717,477
107000070,1227,11,1216
107000071,4970,86,4884
107000072,27,1507,-1480
107000073,1339,572,767
107000074,122,691,-569
107000075,2362,671,1691
107000076,516,871,-355
107000077,4608,1506,3102
107000078,1652,1870,-218
107000079,3753,1256,2497
107000080,792,2313,-1521
107000081,3050,652,2398
107000082,780,723,57
107000083,1777,658,1119
107000084,342,924,-582
107000085,3290,2967,323
107000086,2785,2534,251
107000087,3495,2218,1277
107000088,3193,2587,606
107000089,1899,1815,84
107000090,1340,772,568
107000091,1886,983,903
107000092,1079,662,417
107000093,1516,926,590
107000094,839,773,66
107000095,1147,666,481
107000096,556,684,-128
107000097,519,386,133
107000098,299,295,4
107000099,412,430,-18
107000100,227,344,-117
107000101,117,195,-78
107000102,189,315,-126
107000103,227,164,63
107000104,149,204,-55
107000105,452,162,290
107000106,176,186,-10
107000107,549,126,423
107000108,144,297,-153
107000109,778,112,666
107000110,54,315,-261
107000111,508,38,470
107000112,42,156,-114
107000113,857,123,734
107000114,123,277,-154
107000115,695,179,516
107000116,114,409,-295
107000117,204,792,-588
107000118,114,105,9
107000119,1459,1417,42
107000120,795,663,132
107000121,1108,556,552
107000122,1003,598,405
107000123,578,449,129
107000124,605,475,130
107000125,1213,549,664
107000126,1140,407,733
107000127,30,285,-255
107000129,156,131,25
107000130,287,368,-81
107000131,476,365,111
107000132,658,369,289
107000133,469,213,256
107000134,338,0,338
107000135,0,495,-495
107000136,730,12,718
107000137,13,597,-584
107000138,230,33,197
107000139,18,830,-812
107000140,1813,142,1671
107000141,161,745,-584
107000142,567,110,457
107000143,106,492,-386
107000144,699,621,78
107000145,161,279,-118
107000146,204,344,-140
107000147,3942,690,3252
107000150,529,3491,-2962
107000151,39,85,-46
107000152,588,2047,-1459
107000153,55,319,-264
107000154,71,303,-232
107000155,950,15,935
107000156,1411,11,1400
107000157,106,567,-461
107000158,766,20,746
107000159,37,308,-271
107000160,1711,220,1491
107000161,134,482,-348
107000162,348,706,-358
107000163,222,4,218
107000164,991,5,986
107000165,1487,5,1482
107000166,25,494,-469
107000167,793,178,615
107000168,1236,584,652
107000169,654,518,136
107000170,3973,783,3190
107000171,676,999,-323
107000172,1452,1831,-379
107000173,536,437,99
107000174,1363,6727,-5364
107000175,4157,986,3171
107000176,0,0,0
107000177,2,0,2
107000178,36,8,28
107000179,406,1076,-670
107000180,1951,206,1745
107000181,479,535,-56
107000182,2413,614,1799
107000183,217,525,-308
107000184,1523,507,1016
107000185,510,1064,-554
107000186,1519,482,1037
107000187,1278,1486,-208
107000188,777,549,228
107000189,783,937,-154
107000190,898,734,164
107000191,891,719,172
107000192,2009,522,1487
107000193,477,463,14
107000194,709,515,194
107000197,988,353,635
107000198,359,507,-148
107000199,1757,623,1134
107000200,625,568,57
107000201,618,593,25
107000202,340,469,-129
107000203,1020,2305,-1285
107000204,1096,2227,-1131
107000205,1743,1108,635
107000206,733,2348,-1615
107000207,571,1886,-1315
107000208,832,865,-33
107000209,1364,1595,-231
107000210,259,196,63
107000211,7,66,-59
107000212,28,263,-235
107000213,1,43,-42
107000214,16,126,-110
107000215,599,249,350
107000216,610,426,184
107000217,288,123,165
107000219,155,402,-247
107000220,241,112,129
107000222,297,418,-121
107000224,1546,137,1409
107000225,202,264,-62
107000226,1192,122,1070
107000227,72,136,-64
107000228,593,477,116
107000229,65,94,-29
107000230,1038,402,636
107000231,781,1803,-1022
107000232,119,30,89
107000233,385,1004,-619
107000234,1,91,-90
107000235,157,20,137
107000236,11,442,-431
107000237,26,0,26
107000238,52,1,51
107000239,3815,621,3194
107000240,58,641,-583
107000241,74,6,68
107000242,262,28,234
107000243,0,45,-45
107000244,8,69,-61
107000246,5,1103,-1098
107000249,6,1221,-1215
107000251,2,475,-473
107000252,0,437,-437
107000255,193,162,31
107000257,3,397,-394
107000258,0,129,-129
107000259,12,133,-121
107000260,2410,39,2371
107000262,15,240,-225
107000263,541,5,536
107000266,21,30,-9
107000267,40,65,-25
107000268,82,68,14
107000269,112,9,103
107000270,0,1,-1
107000271,0,0,0
107000272,0,0,0
107000273,23,458,-435
107000274,1328,1687,-359
107000275,37,5676,-5639
107000280,1366,34,1332
107000281,64,269,-205
107000282,111,385,-274
107000290,35,82,-47
107000291,8,12,-4
107000292,4,877,-873
107000293,39,15,24
107000294,0,51,-51
107000295,49,7,42
107000296,0,10,-10
107000444,209,5,204
107000496,2,2,0
107000497,1387,1099,288
107000500,437,263,174
107000501,106,193,-87
107000502,183,263,-80
107000505,242,667,-425
107000506,0,0,0
107000508,9,254,-245
107000509,239,711,-472
107000510,40,38,2
107000514,44,404,-360
107000515,15,57,-42
107000516,572,368,204
107000518,1523,2153,-630
107000519,1202,642,560
107000520,126,75,51
107900001,213,116,97
107900002,90,9,81
107900003,494,13,481
107900004,222,4,218
107900005,2083,9,2074
107900006,267,5,262
107900007,441,45,396
107900008,37,14,23
107900009,196,11,185
107900010,31,5,26
107900012,336,54,282
107900013,287,18,269
107900014,133,15,118
107900015,1576,17,1559
107900016,439,148,291
107900017,75,1,74
107900018,108,238,-130
107900019,30,22,8
107900020,96,34,62
107900021,134,52,82
107900023,6,3,3
107900024,0,5,-5
107900025,332,199,133
107900026,62,17,45
107900027,32,62,-30
107900028,170,57,113
107900030,202,57,145
107900031,61,72,-11
107900032,16,9,7
107900033,25,11,14
107900034,415,28,387
107900035,1540,65,1475
107900036,125,34,91
107900037,0,6,-6
107900038,55,336,-281
107900039,50,17,33
107900040,17,206,-189
107900041,4,2,2
107900043,63,90,-27
107900044,9,24,-15
107900045,128,66,62
107900046,195,221,-26
107900047,69,13,56
107900048,289,24,265
107900049,262,1298,-1036
107900050,71,228,-157
107900051,88,30,58
107900052,8,39,-31
107900053,68,55,13
107900055,768,329,439
107900056,125,77,48
107900057,4,0,4
107900058,29,444,-415
107900060,24,102,-78
107900061,4,14,-10
107900063,90,133,-43
107900064,272,273,-1
107900065,392,18,374
107900066,38,6,32
107900067,1,1,0
107900068,101,1332,-1231
107900069,32,2796,-2764
107900070,211,120,91
107900071,28,421,-393
107900072,188,115,73
107900073,160,62,98
107900074,321,336,-15
107900076,217,38,179
107900077,107,13,94
107900078,181,82,99
107900079,22,27,-5
107900080,244,1063,-819
107900081,69,66,3
107900082,10,8,2
107900083,399,231,168
107900084,197,151,46
107900086,53,216,-163
107900087,260,173,87
107900088,92,21,71
107900089,203,1153,-950
107900090,1286,2909,-1623
107900091,132,219,-87
107900092,1170,228,942
107900093,76,40,36
107900095,1697,2065,-368
107900097,41,88,-47
107900098,87,202,-115
107900100,639,1698,-1059
107900101,519,88,431
107900102,60,9,51
107900103,46,188,-142
107900104,242,2,240
107900105,2,124,-122
107900106,1,423,-422
107900107,1711,484,1227
107900108,142,88,54
107900109,2053,53,2000
107900110,118,25,93
107900111,8,270,-262
107900112,57,369,-312
107900113,343,36,307
107900114,272,79,193
107900115,2,26,-24
107900116,188,52,136
107900117,269,142,127
107900118,47,103,-56
107900119,116,236,-120
107900120,46,48,-2
107900121,0,172,-172
107900122,1,286,-285
107900123,5,122,-117
107900124,10,46,-36
107900125,17,167,-150
107900126,30,78,-48
107900127,467,406,61
107900128,77,79,-2
107900129,93,11,82
107900130,125,9,116
107900131,235,521,-286
107900132,76,170,-94
107900133,3,52,-49
107900134,56,182,-126
107900135,16,79,-63
107900136,31,46,-15
107900137,113,145,-32
107900138,109,37,72
107900139,86,50,36
107900140,68,48,20
107900141,28,47,-19
107900142,37,388,-351
107900143,40,16,24
107900144,2,107,-105
107900145,13,82,-69
107900146,49,168,-119
107900147,59,27,32
107900148,160,110,50
107900149,507,159,348
107900150,33,245,-212
107900151,33,54,-21
107900152,4,114,-110
107900153,100,369,-269
107900154,109,23,86
107900155,96,59,37
107900156,9,103,-94
107900157,60,36,24
107900158,1206,32,1174
107900159,27,356,-329
107900160,148,128,20
107900161,54,78,-24
107900162,0,113,-113
107900163,40,125,-85
107900164,31,34,-3
107900165,33,151,-118
107900166,36,61,-25
107900167,10,33,-23
107900168,56,16,40
107900169,1,94,-93
107900171,2,374,-372
107900172,0,121,-121
107900173,40,55,-15
107900174,202,4,198
107900175,52,45,7
107900176,56,8,48
107900177,4,294,-290
107900178,1,64,-63
107900179,16,51,-35
107900180,314,1015,-701
107900181,359,257,102
107900182,0,319,-319
107900183,73,142,-69
107900184,188,108,80
107900185,229,10,219
107900186,35,52,-17
107900187,5,151,-146
107900188,332,157,175
107900189,49,57,-8
107900190,38,190,-152
107900191,105,75,30
107900193,5,81,-76
107900194,289,20,269
107900195,788,260,528
107900196,68,29,39
107900197,327,406,-79
107900199,1,417,-416
107900201,83,64,19
107900203,31,31,0
107900204,128,230,-102
107900205,227,305,-78
107900206,965,557,408
107900207,6,229,-223
107900208,2,199,-197
107900209,152,146,6
107900210,57,55,2
107900213,565,578,-13
107900214,24,38,-14
107900215,133,370,-237
107900216,139,49,90
107900217,76,68,8
107900218,19,3042,-3023
107900219,70,30,40
107900220,78,242,-164
107900221,117,190,-73
107900223,147,203,-56
107900224,102,507,-405
107900225,15,523,-508
107900226,65,70,-5
107900227,147,194,-47
107900228,49,81,-32
107900229,1,108,-107
107900230,30,46,-16
107900231,35,90,-55
107900232,153,64,89
107900233,4,83,-79
107900234,144,139,5
107900235,9,171,-162
107900236,208,77,131
107900237,21,306,-285
107900238,33,51,-18
107900239,291,872,-581
107900240,59,55,4
107900241,9,34,-25
107900242,32,58,-26
107900243,2,37,-35
107900244,327,4,323
107900245,821,46,775
107900246,282,27,255
107900248,549,120,429
107900249,1181,63,1118
107900250,0,254,-254
107900251,53,583,-530
107900252,1232,41,1191
107900253,320,12,308
107900254,60,288,-228
107900255,148,91,57
107900256,747,2353,-1606
107900257,394,158,236
107900258,108,118,-10
107900259,53,3117,-3064
107900261,4,121,-117
107900262,45,66,-21
107900264,472,7,465
107900265,195,129,66
107900267,414,25,389
107900268,11,1,10
107900269,0,2,-2
107900270,0,1,-1
107900271,2,28,-26
107900272,27,44,-17
107900273,103,69,34
107900274,176,1,175
107900275,70,3,67
107900276,1,48,-47
107900277,1,112,-111
107900278,410,235,175
107900279,52,87,-35
107900280,2912,1866,1046
107900281,491,4504,-4013
107900282,24,728,-704
107900283,732,825,-93
107900284,712,350,362
107900285,171,36,135
107900286,69,75,-6
107900287,387,246,141
107900290,0,224,-224
107900291,640,29,611
107900292,121,63,58
107900293,83,189,-106
107900295,57,19,38
107900297,1,312,-311
107900298,541,397,144
107900299,2153,2839,-686
107900300,104,324,-220
107900301,646,933,-287
107900302,132,52,80
107900303,312,135,177
107900304,503,156,347
107900305,424,13,411
107900306,38,66,-28
107900307,37,242,-205
107900308,210,233,-23
107900309,86,0,86
107900310,107,3,104
107900311,6,823,-817
107900312,94,0,94
107900313,1,226,-225
107900314,0,70,-70
107900315,7,139,-132
107900316,49,1,48
107900317,103,17,86
107900318,9,222,-213
107900319,10,93,-83
107900320,0,64,-64
107900321,261,3,258
107900322,1,49,-48
107900323,6,117,-111
107900324,167,3,164
107900325,151,0,151
107900326,481,120,361
107900327,2,94,-92
107900328,77,0,77
107900329,48,208,-160
107900330,18,130,-112
107900331,470,32,438
107900332,498,19,479
107900333,113,30,83
107900334,5,67,-62
107900335,58,24,34
107900336,60,68,-8
107900337,608,1135,-527
107900338,9,118,-109
107900339,2,9,-7
107900340,1,51,-50
107900341,104,0,104
107900342,78,87,-9
107900343,31,0,31
107900344,9,107,-98
107900345,91,21,70
107900346,10,1,9
107900347,13,4,9
107900348,2,2,0
107900349,24,6,18
107900350,10,292,-282
108000001,3538,3827,-289
108000002,1779,1670,109
108000003,3436,3640,-204
108000004,9748,10233,-485
108000005,7882,6553,1329
108000006,5062,5095,-33
108000007,5372,4250,1122
108000008,3599,3904,-305
108000009,4792,4659,133
108000010,2466,2940,-474
108000011,12897,11131,1766
108000012,9875,10069,-194
108000014,599,1413,-814
108000015,927,160,767
108000016,386,673,-287
108000017,1212,297,915
108000018,2044,693,1351
108000019,1534,1262,272
108000020,1325,540,785
108000021,376,1844,-1468
108000022,382,1041,-659
108000023,1604,232,1372
108000024,351,301,50
108000025,439,182,257
108000026,881,224,657
108000027,787,235,552
108000028,829,174,655
108000029,642,307,335
108000030,604,184,420
108000031,201,434,-233
108000032,2241,597,1644
108000033,804,759,45
108000034,2090,477,1613
108000035,670,1439,-769
108000036,344,639,-295
108000037,2195,346,1849
108000038,3447,581,2866
108000039,467,1026,-559
108000040,2512,1053,1459
108000041,678,1504,-826
108000042,416,208,208
108000043,202,180,22
108000044,945,140,805
108000045,262,207,55
108000046,1955,303,1652
108000047,432,616,-184
108000048,156,242,-86
108000049,1076,250,826
108000050,89,305,-216
108000051,442,239,203
108000052,123,387,-264
108000053,533,276,257
108000054,361,938,-577
108000055,1167,826,341
108000056,633,1302,-669
108000057,782,1492,-710
108000058,2066,4259,-2193
108000059,2041,1354,687
108000060,271,489,-218
108000061,135,217,-82
108000062,1224,603,621
108000063,561,327,234
108000064,284,229,55
108000065,597,427,170
108000066,1565,802,763
108000067,2213,786,1427
108000068,985,421,564
108000069,230,598,-368
108000070,2446,719,1727
108000071,579,955,-376
108000072,2177,1118,1059
108000073,1072,1010,62
108000074,691,457,234
108000075,357,496,-139
108000076,1032,562,470
108000077,508,433,75
108000078,3096,1049,2047
108000079,719,868,-149
108000080,1755,510,1245
108000081,574,750,-176
108000082,723,1167,-444
108000083,1995,949,1046
108000084,392,722,-330
108000085,1096,536,560
108000086,499,407,92
108000087,190,2500,-2310
108000088,267,21,246
108000089,359,362,-3
108000090,560,248,312
108000091,367,299,68
108000092,227,74,153
108000093,243,289,-46
108000094,806,67,739
108000095,175,204,-29
108000096,468,185,283
108000097,140,217,-77
108000098,2195,1018,1177
108000099,306,74,232
108000100,87,209,-122
108000101,1622,1494,128
108000102,1706,3489,-1783
108000106,745,0,745
108000107,1,862,-861
108000108,805,72,733
108000109,19,629,-610
108000110,350,278,72
108000111,197,434,-237
108000112,58,194,-136
108000113,371,179,192
108000115,317,369,-52
108000117,730,644,86
108000118,40,309,-269
108000119,429,274,155
108000120,168,773,-605
108000121,232,269,-37
108000122,720,304,416
108000123,836,143,693
108000124,358,436,-78
108000125,632,182,450
108000126,220,311,-91
108000127,666,202,464
108000128,698,222,476
108000129,383,387,-4
108000130,561,141,420
108000131,952,493,459
108000132,1165,904,261
108000133,1197,472,725
108000134,529,299,230
108000135,1363,582,781
108000136,296,500,-204
108000137,584,169,415
108000138,637,471,166
108000139,617,291,326
108000140,189,12,177
108000141,58,26,32
108000142,74,29,45
108000143,44,11,33
108000144,69,7,62
108000145,59,5,54
108000146,120,15,105
108000147,46,19,27
108000148,102,22,80
108000149,19,8,11
108000150,72,7,65
108000151,14,16,-2
108000152,102,206,-104
108000153,839,117,722
108000154,52,1,51
108000155,34,24,10
108000156,296,120,176
108000157,175,1443,-1268
108000158,63,939,-876
108000159,193,154,39
108000160,1498,1114,384
108000161,1585,3932,-2347
108000165,6,386,-380
108000172,5,357,-352
108000173,777,2144,-1367
108000175,426,138,288
108000178,318,350,-32
108000179,135,992,-857
108000181,71,18,53
108000182,117,17,100
108000183,13,10,3
108000184,590,2861,-2271
108000185,239,207,32
108000186,257,57,200
108000187,122,188,-66
108000188,1082,219,863
108000189,315,1467,-1152
108000190,34,78,-44
108000192,245,268,-23
108000193,536,39,497
108000194,35,26,9
108000195,2,651,-649
108000196,233,141,92
108000198,568,95,473
108000199,1,296,-295
108000200,702,228,474
108000202,1,435,-434
108000203,135,238,-103
108000204,221,95,126
108000205,200,231,-31
108000339,948,422,526
108000364,67,250,-183
108000365,46,266,-220
108000367,187,237,-50
108000368,11,54,-43
108000369,357,177,180
108000371,4,517,-513
108000372,729,4,725
108000373,213,123,90
108000376,160,58,102
108000377,619,133,486
108000378,9713,11460,-1747
108000379,50,155,-105
108000381,86,11,75
108000382,77,1,76
108000383,1,199,-198
108900001,89,430,-341
108900002,193,78,115
108900003,188,480,-292
108900004,84,419,-335
108900005,69,535,-466
108900006,772,166,606
108900007,386,208,178
108900008,269,111,158
108900009,113,123,-10
108900010,405,121,284
108900011,908,365,543
108900012,639,380,259
108900013,259,227,32
108900014,37,83,-46
108900015,1,276,-275
108900016,3,324,-321
108900017,233,490,-257
108900018,225,299,-74
108900019,52,370,-318
108900020,56,104,-48
108900021,234,124,110
108900022,162,17,145
108900023,2,42,-40
108900024,37,34,3
108900025,206,65,141
108900026,22,85,-63
108900027,1,25,-24
108900028,136,115,21
108900029,68,158,-90
108900030,0,26,-26
108900031,159,159,0
108900032,10,136,-126
108900033,0,183,-183
108900034,0,111,-111
108900035,287,578,-291
108900036,144,184,-40
108900037,62,157,-95
108900038,0,178,-178
108900039,0,175,-175
108900040,12,46,-34
108900041,3309,3741,-432
108900042,8,446,-438
108900043,32,262,-230
108900044,2,170,-168
108900045,144,214,-70
108900046,35,353,-318
108900047,1,81,-80
108900048,86,425,-339
108900049,1276,1844,-568
108900050,0,76,-76
108900051,0,89,-89
108900052,15,104,-89
108900053,51,297,-246
108900054,67,153,-86
108900055,35,398,-363
108900056,10,89,-79
108900057,1,84,-83
108900058,44,207,-163
108900059,750,74,676
108900060,96,200,-104
108900061,47,34,13
108900062,5,133,-128
108900063,13,168,-155
108900064,345,28,317
108900065,17,117,-100
108900066,641,149,492
108900067,23,110,-87
108900068,0,46,-46
108900069,84,34,50
108900070,33,56,-23
108900071,112,54,58
108900072,1693,498,1195
108900073,9,21,-12
108900074,298,107,191
108900075,27,30,-3
108900076,630,62,568
108900077,86,90,-4
108900078,59,54,5
108900079,416,127,289
108900080,41,1160,-1119
108900081,74,213,-139
108900082,112,37,75
108900083,24,312,-288
108900084,290,172,118
108900085,1062,132,930
108900086,170,89,81
108900087,68,123,-55
108900088,941,468,473
108900089,25,278,-253
108900090,109,89,20
108900091,94,62,32
108900092,557,283,274
108900093,152,145,7
108900094,246,69,177
108900095,15,155,-140
108900096,163,15,148
108900097,321,96,225
108900098,1280,1114,166
108900099,595,121,474
108900100,114,73,41
108900101,207,313,-106
108900102,68,1337,-1269
108900103,81,184,-103
108900104,104,378,-274
108900105,5,1716,-1711
108900106,649,194,455
108900108,399,43,356
108900109,74,52,22
108900110,267,198,69
108900111,664,231,433
108900112,420,27,393
108900113,38,81,-43
108900114,5,5,0
108900115,174,72,102
108900116,99,26,73
108900117,264,40,224
108900118,758,20,738
108900119,441,35,406
108900120,201,216,-15
108900121,359,145,214
108900122,167,22,145
108900123,178,163,15
108900124,669,253,416
108900125,740,9,731
108900126,208,71,137
108900127,316,26,290
108900128,261,41,220
108900129,1020,185,835
108900130,536,9,527
108900131,471,0,471
108900132,530,62,468
108900133,393,47,346
108900134,650,164,486
108900135,274,19,255
108900136,63,5,58
108900137,233,0,233
108900138,1099,50,1049
108900139,770,88,682
108900140,564,139,425
108900141,589,12,577
108900142,137,6,131
108900143,138,2,136
108900144,164,1,163
108900145,271,20,251
108900146,255,2,253
108900147,319,0,319
108900148,62,16,46
108900149,360,209,151
108900150,332,4,328
108900151,88,42,46
108900152,171,188,-17
108900153,225,117,108
108900154,5419,413,5006
108900155,292,54,238
108900156,85,9,76
108900157,13,354,-341
108900158,513,17,496
108900159,1,90,-89
108900160,16,146,-130
108900161,6,168,-162
108900162,124,0,124
108900163,17,384,-367
108900164,59,43,16
108900165,93,59,34
108900167,971,9621,-8650
108900168,4320,2826,1494
108900169,55,91,-36
108900171,3358,3605,-247
108900172,207,51,156
108900173,129,277,-148
108900174,1242,451,791
108900176,129,227,-98
108900177,5428,7295,-1867
108900178,2802,4159,-1357
108900179,417,2251,-1834
108900180,165,468,-303
108900182,45,372,-327
108900183,273,161,112
108900184,548,234,314
108900185,109,329,-220
108900186,107,270,-163
108900187,571,30,541
108900188,1052,61,991
108900189,532,115,417
108900190,70,1389,-1319
108900191,254,58,196
108900192,102,140,-38
108900193,86,32,54
108900194,14,290,-276
108900195,104,119,-15
108900196,31,208,-177
108900198,2,212,-210
108900199,219,283,-64
108900200,759,375,384
108900201,539,994,-455
108900203,638,100,538
108900204,470,13,457
108900205,226,39,187
108900206,486,106,380
108900207,201,151,50
108900208,19,289,-270
108900209,107,426,-319
108900210,209,196,13
108900211,188,646,-458
108900212,320,1938,-1618
108900215,64,241,-177
108900216,294,349,-55
108900217,91,0,91
108900218,89,15,74
108900219,104,10,94
108900220,79,23,56
108900221,63,145,-82
108900222,402,24,378
108900223,2,70,-68
108900224,37,141,-104
108900225,2,168,-166
108900226,445,34,411
108900227,171,502,-331
108900230,129,180,-51
108900231,26,158,-132
108900232,1,163,-162
108900233,514,132,382
108900234,380,123,257
108900235,156,467,-311
108900236,43,277,-234
108900237,42,151,-109
108900240,195,132,63
108900241,50,79,-29
108900245,31,1985,-1954
108900249,161,38,123
108900250,399,201,198
108900257,401,254,147
108900258,11,116,-105
108900259,33,28,5
108900260,14,36,-22
108900261,49,61,-12
108900262,127,68,59
108900263,27,125,-98
108900264,221,241,-20
108900265,930,647,283
108900266,291,1026,-735
108900267,3,224,-221
108900268,7,13,-6
108900269,78,28,50
108900270,110,10,100
108900271,86,10,76
108900272,302,15,287
108900273,383,970,-587
108900274,81,51,30
109000001,2660,2022,638
109000002,955,2390,-1435
109000003,3163,409,2754
109000004,517,1598,-1081
109000005,2540,494,2046
109000006,716,1577,-861
109000007,2057,591,1466
109000008,654,1434,-780
109000009,3499,1319,2180
109000010,865,2735,-1870
109000011,4215,2326,1889
109000012,2045,2553,-508
109000013,4544,3863,681
109000014,1925,2004,-79
109000015,3952,9819,-5867
109000016,4680,2125,2555
109000017,3231,1233,1998
109000018,1254,1876,-622
109000019,2811,1189,1622
109000020,850,1456,-606
109000023,302,24,278
109000024,5,185,-180
109000025,361,673,-312
109000026,443,343,100
109000027,107,377,-270
109000028,102,72,30
109000029,131,289,-158
109000030,55,402,-347
109000031,283,182,101
109000032,99,366,-267
109000033,362,168,194
109000034,65,53,12
109000035,13,47,-34
109000036,105,304,-199
109000037,388,2398,-2010
109000038,329,283,46
109000039,1220,1134,86
109000040,3137,13876,-10739
109000041,1702,2309,-607
109000042,459,1395,-936
109000044,445,98,347
109000045,112,309,-197
109000046,447,97,350
109000047,72,338,-266
109000048,728,251,477
109000049,221,529,-308
109000050,441,255,186
109000051,214,201,13
109000052,677,497,180
109000053,355,66,289
109000054,424,299,125
109000055,380,275,105
109000056,444,247,197
109000057,1061,476,585
109000058,563,230,333
109000059,375,1440,-1065
109000060,180,365,-185
109000061,503,1785,-1282
109000062,161,428,-267
109000063,268,144,124
109000064,377,196,181
109000065,240,128,112
109000066,460,50,410
109000067,86,212,-126
109000068,879,4,875
109000069,805,24,781
109000070,47,1629,-1582
109000071,398,65,333
109000072,70,266,-196
109000073,80,74,6
109000074,20,133,-113
109000075,77,258,-181
109000076,80,334,-254
109000077,225,226,-1
109000078,72,162,-90
109000079,107,97,10
109000080,219,92,127
109000081,199,258,-59
109000082,751,107,644
109000083,342,373,-31
109000088,168,332,-164
109000089,387,111,276
109000090,191,292,-101
109000091,458,248,210
109000092,304,309,-5
109000093,352,274,78
109000094,902,4,898
109000095,120,250,-130
109000096,954,220,734
109000097,104,100,4
109000098,59,149,-90
109000099,947,280,667
109000100,317,630,-313
109000101,2213,532,1681
109000102,483,743,-260
109000103,676,453,223
109000104,2590,460,2130
109000105,467,841,-374
109000106,2470,773,1697
109000107,661,1246,-585
109000108,2500,680,1820
109000109,575,1017,-442
109000110,1456,604,852
109000111,718,1369,-651
109000112,326,129,197
109000113,336,191,145
109000114,160,232,-72
109000115,984,21,963
109000116,10,246,-236
109000117,307,34,273
109000118,9,280,-271
109000119,2035,89,1946
109000120,337,445,-108
109000121,746,38,708
109000122,172,334,-162
109000123,31,30,1
109000124,909,243,666
109000125,1037,199,838
109000126,490,412,78
109000127,1419,164,1255
109000128,687,581,106
109000129,3306,813,2493
109000130,428,779,-351
109000131,1012,776,236
109000132,623,1154,-531
109000133,292,515,-223
109000134,694,754,-60
109000135,710,1800,-1090
109000136,266,211,55
109000137,419,344,75
109000138,494,190,304
109000139,696,320,376
109000140,223,208,15
109000141,699,295,404
109000142,165,385,-220
109000143,115,74,41
109000145,101,252,-151
109000146,15,59,-44
109000148,1726,2495,-769
109000149,22,107,-85
109000150,67,300,-233
109000155,1063,792,271
109000156,932,378,554
109000158,108,305,-197
109000159,176,416,-240
109000160,1531,200,1331
109000161,451,664,-213
109000162,2344,472,1872
109000163,1499,1080,419
109000164,1571,1688,-117
109000165,1555,455,1100
109000166,940,97,843
109000167,144,248,-104
109000170,42,29,13
109000171,100,47,53
109000172,27,42,-15
109000173,26,100,-74
109000174,168,38,130
109000175,46,40,6
109000176,382,134,248
109000177,21,77,-56
109000178,503,48,455
109000179,2687,6082,-3395
109000180,3682,4019,-337
109000181,52,9,43
109000182,48,8,40
109000183,57,8,49
109000184,48,10,38
109000185,33,29,4
109000188,517,1049,-532
109000189,3279,465,2814
109000190,803,417,386
109000191,391,314,77
109000192,644,173,471
109000193,253,90,163
109000194,403,34,369
109000195,158,158,0
109000196,327,89,238
109000197,201,205,-4
109000198,413,65,348
109000199,149,300,-151
109000206,221,31,190
109000207,167,23,144
109000208,134,93,41
109000209,142,90,52
109000210,105,355,-250
109000211,339,186,153
109000214,471,168,303
109000215,135,67,68
109000216,325,446,-121
109000217,305,214,91
109000218,366,292,74
109000221,339,699,-360
109000222,1011,216,795
109000223,457,364,93
109000224,40,49,-9
109000225,139,45,94
109000226,55,154,-99
109000227,1498,530,968
109000228,7,2632,-2625
109000231,1,169,-168
109000232,595,204,391
109000236,432,482,-50
109000241,2014,1211,803
109000242,1533,816,717
109000293,17,91,-74
109000361,106,182,-76
109000364,162,377,-215
109000396,4,293,-289
109000397,823,17,806
109000399,174,254,-80
109000400,80,104,-24
109000403,91,1266,-1175
109000406,326,5,321
109000407,313,172,141
109000408,0,331,-331
109000410,1083,181,902
109000411,154,7,147
109900001,132,1,131
109900002,1316,22,1294
109900003,389,1,388
109900004,577,92,485
109900005,22,1,21
109900006,605,183,422
109900007,1247,235,1012
109900008,0,17,-17
109900009,150,288,-138
109900010,768,54,714
109900011,74,71,3
109900012,373,202,171
109900013,458,162,296
109900014,440,64,376
109900015,346,171,175
109900016,186,10,176
109900017,222,283,-61
109900018,286,35,251
109900019,316,43,273
109900020,40,39,1
109900021,50,13,37
109900022,52,218,-166
109900023,12,1,11
109900024,25,5,20
109900025,22,22,0
109900026,3,189,-186
109900027,45,35,10
109900028,473,1552,-1079
109900029,3,192,-189
109900030,66,8,58
109900031,2,476,-474
109900032,13,232,-219
109900033,4,424,-420
109900034,65,3,62
109900035,31,33,-2
109900036,28,29,-1
109900037,30,292,-262
109900038,164,246,-82
109900039,4,3,1
109900040,28,296,-268
109900041,75,220,-145
109900042,102,3386,-3284
109900044,146,147,-1
109900045,162,158,4
109900046,67,95,-28
109900047,286,284,2
109900048,5,64,-59
109900049,28,21,7
109900050,1,68,-67
109900051,0,24,-24
109900052,64,185,-121
109900053,1,121,-120
109900054,1056,206,850
109900055,98,193,-95
109900056,28,322,-294
109900057,8,73,-65
109900058,0,63,-63
109900059,1276,134,1142
109900060,748,108,640
109900061,56,147,-91
109900062,1,119,-118
109900063,5,403,-398
109900064,723,186,537
109900065,38,89,-51
109900066,256,429,-173
109900067,0,57,-57
109900068,105,9,96
109900069,9,24,-15
109900070,36,185,-149
109900071,2,20,-18
109900072,12,100,-88
109900073,648,186,462
109900074,18,22,-4
109900075,47,32,15
109900076,20,69,-49
109900077,25,32,-7
109900078,50,150,-100
109900080,117,156,-39
109900081,23,209,-186
109900082,73,192,-119
109900083,19,64,-45
109900084,61,108,-47
109900085,172,323,-151
109900086,108,646,-538
109900087,159,425,-266
109900089,845,193,652
109900090,362,782,-420
109900091,562,70,492
109900092,774,85,689
109900093,1296,149,1147
109900094,82,95,-13
109900095,138,180,-42
109900096,80,8,72
109900097,114,10,104
109900098,708,46,662
109900099,354,4,350
109900100,60,1,59
109900101,998,18,980
109900102,504,25,479
109900103,37,43,-6
109900104,911,232,679
109900105,667,40,627
109900106,468,51,417
109900107,1049,76,973
109900108,309,380,-71
109900109,54,446,-392
109900110,72,153,-81
109900111,216,479,-263
109900112,235,252,-17
109900113,1064,696,368
109900114,1156,1690,-534
109900115,181,90,91
109900117,1354,89,1265
109900118,161,281,-120
109900119,382,273,109
109900120,77,24,53
109900121,311,481,-170
109900122,646,5,641
109900123,28,90,-62
109900124,64,218,-154
109900125,0,198,-198
109900126,475,21,454
109900128,604,44,560
109900130,3455,3312,143
109900131,32,93,-61
109900132,16,69,-53
109900133,94,170,-76
109900134,115,89,26
109900135,209,42,167
109900136,84,96,-12
109900137,195,165,30
109900138,514,177,337
109900140,195,94,101
109900141,666,191,475
109900142,1707,307,1400
109900145,9,568,-559
109900146,247,39,208
109900148,39,85,-46
109900149,40,45,-5
109900150,12,48,-36
109900151,23,36,-13
109900152,0,20,-20
109900153,2,45,-43
109900154,46,0,46
109900155,74,15,59
109900157,57,135,-78
109900158,44,124,-80
109900159,192,40,152
109900160,189,55,134
109900161,248,62,186
109900162,262,161,101
109900163,329,256,73
109900164,64,212,-148
109900165,387,3,384
109900166,2,98,-96
109900167,175,253,-78
109900168,276,340,-64
109900169,320,114,206
109900170,179,1464,-1285
109900171,257,61,196
109900172,223,268,-45
109900173,1148,2654,-1506
109900174,66,75,-9
109900175,129,69,60
109900176,145,85,60
109900177,50,85,-35
109900178,8,414,-406
109900179,26,19,7
109900180,2,26,-24
110000001,621,421,200
110000002,610,756,-146
110000003,767,688,79
110000004,437,689,-252
110000005,394,1907,-1513
110000006,202,284,-82
110000007,147,86,61
110000008,23,69,-46
110000009,27,17,10
110000010,32,72,-40
110000011,66,50,16
110000012,684,258,426
110000013,57,649,-592
110000014,451,318,133
110000015,288,593,-305
110000016,226,1673,-1447
110000017,3649,275,3374
110000018,2737,313,2424
110000019,12,86,-74
110000020,644,166,478
110000021,344,642,-298
110000022,1149,159,990
110000023,7,118,-111
110000024,497,671,-174
110000025,601,8,593
110000026,3,137,-134
110000027,1089,1425,-336
110000028,1031,518,513
110000029,493,458,35
110000030,354,338,16
110000031,327,297,30
110000032,914,285,629
110000033,344,315,29
110000034,611,556,55
110000035,781,457,324
110000036,1234,689,545
110000037,315,759,-444
110000038,323,698,-375
110000039,817,4349,-3532
110000040,283,204,79
110000041,363,2051,-1688
110000042,76,878,-802
110000043,811,346,465
110000044,77,2433,-2356
110000045,452,391,61
110000046,3,20,-17
110000047,14,284,-270
110000048,6,54,-48
110000049,22,22,0
110000050,4,58,-54
110000051,12,24,-12
110000052,38,20,18
110000053,25,5,20
110000054,108,860,-752
110000055,335,133,202
110000056,94,155,-61
110000057,322,535,-213
110000058,1081,457,624
110000059,1143,481,662
110000060,1303,1149,154
110000061,721,592,129
110000062,713,798,-85
110000063,39,181,-142
110000064,58,47,11
110000065,151,118,33
110000066,83,26,57
110000067,71,105,-34
110000068,332,63,269
110000069,494,59,435
110000071,362,53,309
110000073,34,14,20
110000075,19,64,-45
110000076,343,436,-93
110000077,302,1096,-794
110000078,57,19,38
110000080,199,419,-220
110000081,60,179,-119
110000082,22,388,-366
110000083,258,424,-166
110000084,1384,1078,306
110000085,1057,1071,-14
110000086,1176,2480,-1304
110000087,15,58,-43
110000088,180,229,-49
110000089,319,59,260
110000090,161,184,-23
110000091,685,184,501
110000092,27,46,-19
110000093,51,25,26
110000094,502,200,302
110000095,187,605,-418
110000096,1312,1894,-582
110000097,1167,1628,-461
110000098,1914,666,1248
110000099,639,1301,-662
110000100,1291,199,1092
110000101,33,125,-92
110000102,66,24,42
110000104,418,115,303
110000105,74,198,-124
110000106,555,492,63
110000107,164,260,-96
110000108,104,127,-23
110000109,194,227,-33
110000110,1623,4023,-2400
110000111,3118,3120,-2
110000112,446,1245,-799
110000113,90,2605,-2515
110000114,282,834,-552
110000115,507,370,137
110000116,79,53,26
110000117,288,193,95
110000118,655,142,513
110000119,377,236,141
110000120,440,175,265
110000121,69,338,-269
110000122,331,410,-79
110000123,629,635,-6
110000124,1,633,-632
110000125,1064,15,1049
110000126,315,27,288
110000127,1182,72,1110
110000128,51,803,-752
110000129,7,348,-341
110000130,277,217,60
110000131,130,208,-78
110000132,1,462,-461
110000133,28,375,-347
110000134,22,330,-308
110000135,165,39,126
110000136,66,219,-153
110000137,592,416,176
110000138,964,450,514
110000139,1236,514,722
110000140,761,679,82
110000143,442,344,98
110000144,3482,2363,1119
110000145,2070,1818,252
110000146,2343,991,1352
110000147,473,756,-283
110000148,802,238,564
110000151,890,1240,-350
110000152,683,463,220
110000153,332,20,312
110000154,53,28,25
110000155,1166,3518,-2352
110000156,1033,2352,-1319
110000157,2084,2704,-620
110000160,383,309,74
110000161,187,147,40
110000166,814,84,730
110000167,1159,601,558
110000168,1139,530,609
110000169,1056,383,673
110000170,250,37,213
110000171,709,87,622
110000172,204,478,-274
110000173,592,690,-98
110000174,143,547,-404
110000175,1025,27,998
110000176,168,439,-271
110000177,288,1011,-723
110000178,429,1940,-1511
110000179,1041,274,767
110000180,214,272,-58
110000181,768,387,381
110000182,247,177,70
110000183,7085,8649,-1564
110000184,318,2983,-2665
110000185,730,1043,-313
110000186,697,651,46
110000191,1496,132,1364
110000192,836,14,822
110000193,1549,14,1535
110000194,5,444,-439
110000195,495,125,370
110000196,572,112,460
110000197,105,72,33
110000198,97,35,62
110000199,121,123,-2
110000200,968,335,633
110000201,1078,1189,-111
110000202,1383,510,873
110000203,432,378,54
110000204,2,109,-107
110000205,185,35,150
110000206,477,633,-156
110000207,1418,428,990
110000208,236,311,-75
110000209,95,1921,-1826
110000210,1749,409,1340
110000211,958,1508,-550
110000212,491,1139,-648
110000213,424,28,396
110000214,429,54,375
110000215,174,170,4
110000216,118,139,-21
110000217,507,79,428
110000218,175,127,48
110000219,555,42,513
110000220,75,131,-56
110000221,468,37,431
110000222,62,108,-46
110000223,2,148,-146
110000224,11,0,11
110000225,242,729,-487
110000226,256,62,194
110000227,823,1053,-230
110000228,231,111,120
110000229,0,119,-119
110000230,528,1201,-673
110000231,121,231,-110
110000232,291,257,34
110000233,254,294,-40
110000234,648,2610,-1962
110000235,1339,1242,97
110000236,638,577,61
110000237,2042,2422,-380
110000238,1096,1073,23
110000239,2050,815,1235
110000240,2,36,-34
110000242,0,15,-15
110000243,172,63,109
110000244,141,986,-845
110000245,23,439,-416
110000246,1083,376,707
110000247,991,2728,-1737
110000248,1400,1048,352
110000249,137,12,125
110000250,39,128,-89
110000251,439,282,157
110000252,458,125,333
110000253,1725,483,1242
110000254,575,615,-40
110000255,185,500,-315
110000256,535,294,241
110000257,512,286,226
110000258,8,275,-267
110000259,202,16,186
110000260,39,141,-102
110000263,523,63,460
110000264,492,308,184
110000265,1230,1884,-654
110000266,1401,2903,-1502
110000267,43,137,-94
110000268,326,387,-61
110000269,9,57,-48
110000270,104,19,85
110000271,1111,181,930
110000272,1225,938,287
110000273,1608,1402,206
110000274,233,2072,-1839
110000275,1361,597,764
110000276,454,457,-3
110000277,382,280,102
110000278,474,426,48
110000279,994,577,417
110000280,751,388,363
110000281,66,297,-231
110000282,154,12,142
110000283,13,98,-85
110000284,11,44,-33
110000285,1,731,-730
110000286,9,0,9
110000287,133,0,133
110000288,8,77,-69
110000289,512,2507,-1995
110000290,577,652,-75
110000291,2825,892,1933
110000292,988,5896,-4908
110000293,821,507,314
110000294,1443,1219,224
110000295,216,604,-388
110000296,668,327,341
110000297,2594,353,2241
110000298,107,307,-200
110000299,92,91,1
110000301,424,41,383
110000302,330,552,-222
110000303,621,16,605
110000304,132,138,-6
110000305,1552,34,1518
110000306,246,718,-472
110000307,2280,10,2270
110000308,776,4,772
110000309,9,444,-435
110000310,845,32,813
110000311,12,409,-397
110000312,497,115,382
110000313,2015,1804,211
110000314,0,104,-104
110000315,2137,2557,-420
110000316,489,1142,-653
110000317,265,2385,-2120
110000318,5,34,-29
110000319,31,18,13
110000320,46,33,13
110000321,9,46,-37
110000322,299,289,10
110000323,650,221,429
110000324,2115,1733,382
110000325,2392,4623,-2231
110000327,453,346,107
110000328,150,492,-342
110000333,1209,989,220
110000334,880,1074,-194
110000335,954,616,338
110000336,649,674,-25
110000337,1832,672,1160
110000338,591,214,377
110000339,418,148,270
110000340,82,135,-53
110000341,536,269,267
110000342,182,1,181
110000343,0,15,-15
110000344,341,149,192
110000345,475,339,136
110000346,2017,1804,213
110000347,1254,702,552
110000348,17,23,-6
110000349,2,18,-16
110000350,106,10,96
110000351,1604,574,1030
110000352,771,1548,-777
110000353,3905,448,3457
110000354,881,3363,-2482
110000355,215,93,122
110000356,1663,26,1637
110000357,611,15,596
110000361,76,36,40
110000362,97,32,65
110000363,803,79,724
110000364,316,491,-175
110000365,161,1,160
110000366,0,128,-128
110000367,578,224,354
110000368,41,122,-81
110000369,74,1,73
110000373,3,208,-205
110000374,192,14,178
110000375,103,789,-686
110000376,32,157,-125
110000377,88,417,-329
110000378,20,478,-458
110000379,2456,2117,339
110000380,84,14,70
110000383,1,1111,-1110
110000384,735,675,60
110000385,0,200,-200
110000387,110,7,103
110000388,41,115,-74
110000389,895,3,892
110000391,1088,130,958
110000396,286,79,207
110000397,184,68,116
110000398,6,15,-9
110000399,145,1,144
110000587,183,98,85
110000589,205,95,110
110000640,203,34,169
110000652,5,365,-360
110000653,228,169,59
110000654,17,1130,-1113
110000656,0,223,-223
110000674,38,41,-3
110000675,26,75,-49
110000676,11,44,-33
110000679,98,1247,-1149
110000682,128,231,-103
110000683,238,348,-110
110000684,7,50,-43
110000685,5,16,-11
110000686,3,49,-46
110000687,29,11,18
110000688,48,1555,-1507
110000689,37,28,9
110000692,52,269,-217
110000693,64,440,-376
110000694,0,100,-100
110000695,177,798,-621
110000696,45,49,-4
110900001,328,23,305
110900002,306,278,28
110900003,1102,245,857
110900004,615,81,534
110900005,1314,3638,-2324
110900006,73,36,37
110900007,223,55,168
110900008,12,33,-21
110900009,491,209,282
110900010,12,26,-14
110900011,33,61,-28
110900012,28,51,-23
110900013,1146,102,1044
110900014,303,8,295
110900015,342,775,-433
110900016,85,58,27
110900017,661,36,625
110900018,464,46,418
110900019,333,28,305
110900020,222,118,104
110900021,96,260,-164
110900022,66,137,-71
110900023,143,704,-561
110900024,14,119,-105
110900025,15,55,-40
110900027,44,190,-146
110900028,43,109,-66
110900029,9,136,-127
110900030,53,136,-83
110900031,2,112,-110
110900032,0,48,-48
110900033,46,172,-126
110900035,10,392,-382
110900036,85,11,74
110900037,109,15,94
110900038,824,164,660
110900039,10,252,-242
110900040,254,32,222
110900041,34,87,-53
110900042,203,57,146
110900043,4,45,-41
110900044,282,29,253
110900045,50,190,-140
110900046,20,88,-68
110900047,348,454,-106
110900049,141,134,7
110900050,62,5,57
110900051,28,139,-111
110900052,3,87,-84
110900053,149,19,130
110900054,59,130,-71
110900055,55,7,48
110900056,56,116,-60
110900057,17,48,-31
110900058,365,181,184
110900059,380,205,175
110900060,536,185,351
110900061,6,82,-76
110900062,224,133,91
110900063,40,113,-73
110900064,21,0,21
110900065,129,98,31
110900066,10,76,-66
110900067,299,660,-361
110900068,148,170,-22
110900069,3,16,-13
110900070,131,54,77
110900071,146,963,-817
110900073,0,19,-19
110900074,590,95,495
110900075,507,58,449
110900077,1338,414,924
110900078,82,21,61
110900079,1263,1442,-179
110900080,214,55,159
110900081,5,22,-17
110900082,174,40,134
110900083,188,43,145
110900084,85,30,55
110900085,125,197,-72
110900086,82,391,-309
110900087,434,82,352
110900088,9,5,4
110900090,97,59,38
110900091,2,46,-44
110900093,301,128,173
110900095,82,31,51
110900097,27,14,13
110900098,42,35,7
110900099,76,385,-309
110900100,0,10,-10
110900102,90,8,82
110900105,2933,171,2762
110900108,21,42,-21
110900111,578,178,400
110900112,873,12,861
110900113,314,64,250
110900115,6,44,-38
110900116,1298,850,448
110900118,54,3830,-3776
110900119,1330,160,1170
110900120,44,51,-7
110900121,177,1,176
110900122,522,192,330
110900125,392,519,-127
110900127,519,1578,-1059
110900128,267,303,-36
110900129,240,916,-676
110900130,491,468,23
110900131,373,62,311
110900132,529,140,389
110900133,117,127,-10
110900135,47,148,-101
110900136,407,12,395
110900137,40,4,36
110900138,506,2172,-1666
110900139,8,657,-649
110900140,38,5,33
110900141,8,443,-435
110900142,64,63,1
110900143,212,88,124
110900144,2,273,-271
110900145,218,92,126
110900146,170,309,-139
110900147,59,745,-686
110900148,5,172,-167
110900149,10,34,-24
110900150,45,36,9
110900151,2,130,-128
110900152,22,108,-86
110900153,144,77,67
111000001,522,288,234
111000002,242,310,-68
111000003,1569,783,786
111000004,420,637,-217
111000005,1662,1580,82
111000006,902,1608,-706
111000007,4961,3674,1287
111000008,1781,2908,-1127
111000009,345,709,-364
111000010,1167,328,839
111000011,194,805,-611
111000012,258,471,-213
111000013,421,785,-364
111000014,1443,637,806
111000017,116,944,-828
111000018,228,331,-103
111000020,699,1424,-725
111000021,56,82,-26
111000023,98,90,8
111000025,5101,4048,1053
111000029,66,145,-79
111000030,43,74,-31
111000031,2210,1047,1163
111000032,825,333,492
111000033,340,234,106
111000034,50,250,-200
111000037,950,504,446
111000038,2671,1742,929
111000039,1616,1574,42
111000040,1603,1563,40
111000041,656,875,-219
111000042,1816,1671,145
111000043,2101,4312,-2211
111000044,1862,1068,794
111000045,3412,2523,889
111000046,2141,1711,430
111000047,3335,5262,-1927
111000049,453,391,62
111000050,880,774,106
111000051,630,682,-52
111000052,519,1103,-584
111000053,323,577,-254
111000054,307,491,-184
111000055,1049,1246,-197
111000056,197,286,-89
111000057,116,305,-189
111000058,560,69,491
111000059,789,252,537
111000060,4826,769,4057
111000061,949,310,639
111000062,1088,405,683
111000063,1892,1055,837
111000064,1094,654,440
111000065,1530,934,596
111000066,663,406,257
111000067,731,412,319
111000068,610,668,-58
111000069,1597,1615,-18
111000070,584,484,100
111000071,270,331,-61
111000072,1308,542,766
111000073,321,1107,-786
111000074,1994,1722,272
111000075,1069,539,530
111000076,673,800,-127
111000077,1542,1405,137
111000078,2466,1056,1410
111000079,897,634,263
111000080,621,570,51
111000081,1392,4195,-2803
111000082,885,477,408
111000084,833,466,367
111000085,931,966,-35
111000086,3898,854,3044
111000087,781,435,346
111000088,6867,2927,3940
111000089,837,568,269
111000090,648,1155,-507
111000091,732,314,418
111000092,1763,664,1099
111000093,866,996,-130
111000094,1672,970,702
111000095,739,2289,-1550
111000096,928,7852,-6924
111000097,3127,1007,2120
111000098,498,736,-238
111000099,501,1026,-525
111000100,368,773,-405
111000101,390,489,-99
111000102,365,475,-110
111000104,1047,189,858
111000107,132,725,-593
111000109,1024,280,744
111000110,1846,651,1195
111000111,3380,448,2932
111000112,2458,670,1788
111000113,1008,2062,-1054
111000114,1587,3870,-2283
111000115,3444,1020,2424
111000116,1032,769,263
111000117,297,700,-403
111000118,976,542,434
111000119,1564,671,893
111000120,641,611,30
111000121,301,772,-471
111000122,595,848,-253
111000123,1121,1515,-394
111000124,458,1517,-1059
111000125,325,756,-431
111000126,124,426,-302
111000127,1239,132,1107
111000128,2769,320,2449
111000129,3823,562,3261
111000130,2996,477,2519
111000131,2682,502,2180
111000132,2224,1116,1108
111000133,247,110,137
111000134,209,118,91
111000135,88,177,-89
111000136,459,230,229
111000138,35,9,26
111000140,2,4,-2
111000141,153,395,-242
111000142,29,417,-388
111000143,10,570,-560
111000144,69,2759,-2690
111000145,174,14,160
111000146,96,8,88
111000147,126,29,97
111000148,161,100,61
111000149,0,14,-14
111000150,24,11,13
111000151,3,26,-23
111000153,527,619,-92
111000154,383,149,234
111000155,111,152,-41
111000156,813,561,252
111000157,203,806,-603
111000158,1156,817,339
111000159,5245,1085,4160
111000160,671,505,166
111000161,28,655,-627
111000162,18,124,-106
111000163,864,611,253
111000164,552,2629,-2077
111000165,661,321,340
111000166,722,238,484
111000167,139,271,-132
111000168,216,279,-63
111000169,398,441,-43
111000170,303,332,-29
111000171,408,329,79
111000172,133,212,-79
111000173,283,446,-163
111000174,233,141,92
111000175,56,567,-511
111000176,403,54,349
111000177,682,138,544
111000178,1798,209,1589
111000179,325,107,218
111000180,343,409,-66
111000181,1834,176,1658
111000182,243,126,117
111000183,418,240,178
111000184,360,168,192
111000185,419,230,189
111000186,387,158,229
111000187,172,131,41
111000188,388,304,84
111000189,526,378,148
111000190,190,264,-74
111000191,157,164,-7
111000192,173,216,-43
111000193,260,142,118
111000194,103,219,-116
111000195,157,193,-36
111000196,83,65,18
111000197,559,75,484
111000198,561,62,499
111000199,310,118,192
111000200,580,174,406
111000201,1015,170,845
111000202,440,155,285
111000203,470,274,196
111000204,416,1134,-718
111000213,215,408,-193
111000214,1441,886,555
111000215,918,988,-70
111000217,1868,818,1050
111000218,1322,1058,264
111000219,277,156,121
111000220,828,663,165
111000221,383,126,257
111000224,0,157,-157
111000225,262,73,189
111000226,74,0,74
111000227,18,2,16
111000228,36,648,-612
111000229,55,1427,-1372
111000230,280,189,91
111000231,1170,341,829
111000232,941,545,396
111000233,1577,561,1016
111000234,195,652,-457
111000239,100,106,-6
111000240,89,289,-200
111000241,38,196,-158
111000242,314,71,243
111000243,200,235,-35
111000244,747,75,672
111000245,1087,241,846
111000246,636,144,492
111000247,652,379,273
111000248,708,330,378
111000249,633,290,343
111000250,75,56,19
111000251,88,135,-47
111000253,23,20,3
111000255,53,7,46
111000257,61,19,42
111000260,128,758,-630
111000261,1918,124,1794
111000271,35,167,-132
111000273,2541,904,1637
111000274,1359,2412,-1053
111000275,112,42,70
111000276,239,868,-629
111000277,241,219,22
111000278,668,257,411
111000291,1013,9118,-8105
111000298,636,165,471
111000299,780,208,572
111000300,80,319,-239
111000302,428,47,381
111000303,90,152,-62
111000312,50,51,-1
111000315,0,49,-49
111000320,145,303,-158
111000321,546,163,383
111000322,361,221,140
111000323,301,30,271
111000324,425,147,278
111000325,46,76,-30
111000326,293,178,115
111000327,376,266,110
111000328,287,418,-131
111000329,2,21,-19
111000330,67,6,61
111000331,20,7,13
111000332,533,1138,-605
111000334,268,675,-407
111000335,1359,278,1081
111000337,1936,196,1740
111000338,76,62,14
111000339,1098,143,955
111000340,172,420,-248
111000341,1752,747,1005
111000342,85,1349,-1264
111000344,1295,603,692
111000345,103,93,10
111000346,40,269,-229
111000347,215,6,209
111000350,182,100,82
111000351,121,252,-131
111000352,212,85,127
111000353,170,163,7
111000354,627,91,536
111000355,351,353,-2
111000358,221,468,-247
111000360,338,212,126
111000361,269,103,166
111000546,877,339,538
111000547,523,250,273
111000548,247,321,-74
111000549,447,158,289
111000550,35,1004,-969
111000551,548,130,418
111000552,538,209,329
111000907,225,11,214
111000908,31,1,30
111000916,2411,195,2216
111000917,49,379,-330
111000918,288,261,27
111000920,793,13,780
111000921,9,80,-71
111000922,783,151,632
111000924,32,372,-340
111000925,3280,2069,1211
111000926,1018,995,23
111000927,2871,4756,-1885
111000928,3833,1897,1936
111000929,2675,1376,1299
111000930,951,1340,-389
111000931,2635,2743,-108
111000932,3151,1422,1729
111000933,3387,3130,257
111000934,1444,2112,-668
111000935,2101,1014,1087
111000936,1072,1265,-193
111000937,1433,1514,-81
111000938,1142,851,291
111000939,818,24,794
111000940,689,51,638
111000941,427,234,193
111000943,811,270,541
111000944,195,146,49
111000945,119,838,-719
111001109,621,656,-35
111001110,168,263,-95
111001111,121,12,109
111001112,75,3,72
111001113,1,112,-111
111001114,457,93,364
111001115,18,1082,-1064
111001116,2407,5152,-2745
111001117,285,2825,-2540
111001120,87,180,-93
111001121,147,153,-6
111001122,93,110,-17
111001123,221,32,189
111900001,19,72,-53
111900002,29,284,-255
111900003,3,139,-136
111900004,40,43,-3
111900006,32,37,-5
111900007,194,11,183
111900008,362,2,360
111900009,293,86,207
111900010,185,263,-78
111900012,43,55,-12
111900013,19,29,-10
111900014,2194,5953,-3759
111900015,0,29,-29
111900016,0,24,-24
111900017,0,52,-52
111900018,239,14,225
111900019,5,133,-128
111900020,2,39,-37
111900021,28,84,-56
111900022,23,47,-24
111900023,48,56,-8
111900024,0,72,-72
111900025,1,22,-21
111900026,0,37,-37
111900027,2,57,-55
111900028,1,100,-99
111900029,1,34,-33
111900030,37,299,-262
111900031,60,44,16
111900032,1,105,-104
111900033,13,31,-18
111900034,120,350,-230
111900035,72,94,-22
111900036,0,69,-69
111900038,183,344,-161
111900039,35,145,-110
111900040,1,160,-159
111900042,13,69,-56
111900043,2,114,-112
111900044,137,192,-55
111900046,21,72,-51
111900048,398,199,199
111900049,27,126,-99
111900050,106,33,73
111900051,0,99,-99
111900052,137,273,-136
111900053,383,2119,-1736
111900054,105,1,104
111900055,12,154,-142
111900056,170,390,-220
111900057,221,12,209
111900058,698,274,424
111900059,1332,875,457
111900060,235,4,231
111900061,5,118,-113
111900062,78,79,-1
111900063,169,278,-109
111900064,37,138,-101
111900065,125,40,85
111900066,214,122,92
111900067,432,414,18
111900068,71,80,-9
111900069,97,46,51
111900070,262,97,165
111900071,0,126,-126
111900072,56,40,16
111900073,1228,199,1029
111900074,13,165,-152
111900075,113,12,101
111900076,268,84,184
111900077,34,6,28
111900078,470,88,382
111900079,71,56,15
111900080,166,274,-108
111900081,602,256,346
111900082,313,66,247
111900083,270,36,234
111900084,186,13,173
111900085,42,161,-119
111900086,127,15,112
111900087,101,1,100
111900088,716,6,710
111900089,181,3,178
111900090,52,71,-19
111900091,510,6,504
111900092,163,1,162
111900093,583,4,579
111900094,176,2,174
111900095,543,63,480
111900096,360,27,333
111900097,69,0,69
111900098,457,1,456
111900099,123,0,123
111900100,168,1,167
111900101,150,22,128
111900102,941,219,722
111900103,68,115,-47
111900104,178,103,75
111900105,319,461,-142
111900106,656,35,621
111900107,84,118,-34
111900108,86,218,-132
111900109,197,513,-316
111900110,931,293,638
111900111,264,39,225
111900112,398,4390,-3992
111900113,179,104,75
111900114,158,90,68
111900115,6,11,-5
111900118,367,117,250
111900119,421,220,201
111900122,140,148,-8
111900123,18,39,-21
111900124,34,57,-23
111900125,754,56,698
111900126,411,7,404
111900127,1,278,-277
111900128,4,230,-226
111900129,347,13,334
111900130,262,76,186
111900131,726,6,720
111900132,25,387,-362
111900133,5,205,-200
111900134,6,146,-140
111900135,21,48,-27
111900136,53,144,-91
111900137,37,44,-7
111900138,11,70,-59
111900139,18,43,-25
111900140,189,53,136
111900141,131,18,113
111900142,122,47,75
111900143,19,74,-55
111900144,1,41,-40
111900145,0,173,-173
111900146,3,76,-73
111900147,43,213,-170
111900148,16,290,-274
111900149,8,137,-129
111900150,23,93,-70
111900151,2,21,-19
111900152,134,130,4
111900153,553,905,-352
111900154,32,571,-539
111900155,84,135,-51
111900156,111,88,23
111900157,217,25,192
111900158,711,154,557
111900159,450,57,393
111900160,545,2,543
111900161,387,0,387
111900162,119,207,-88
111900163,26,107,-81
111900164,91,69,22
111901113,833,94,739
111901114,440,198,242
111901115,154,1,153
111901116,46,3,43
111901117,72,44,28
111901118,33,414,-381
111901119,317,82,235
111901120,63,112,-49
111901121,58,70,-12
111901122,2,204,-202
111901123,360,111,249
111901124,344,6,338
111901125,527,177,350
111901126,189,140,49
111901127,295,992,-697
111901128,23,56,-33
111901129,4,84,-80
111901130,11,78,-67
111901131,2,115,-113
111901132,91,32,59
111901133,61,1,60
111901134,180,5,175
111901135,28,34,-6
111901136,31,72,-41
111901137,1,45,-44
111901138,117,32,85
111901139,40,19,21
111901140,9,50,-41
111901141,15,50,-35
111901142,1,61,-60
111901143,2,68,-66
111901144,58,58,0
112000001,2405,796,1609
112000002,609,1668,-1059
112000003,2688,1173,1515
112000004,756,375,381
112000005,4586,4101,485
112000006,1438,1020,418
112000007,5621,3391,2230
112000008,3406,4843,-1437
112000009,2640,1624,1016
112000010,4027,5835,-1808
112000011,1309,1229,80
112000012,5390,7616,-2226
112000013,2534,4272,-1738
112000014,1959,4536,-2577
112000015,2920,4365,-1445
112000016,3655,4720,-1065
112000017,1200,7257,-6057
112000024,2533,535,1998
112000026,2122,2248,-126
112000027,775,658,117
112000028,921,1000,-79
112000029,1046,1160,-114
112000030,220,43,177
112000031,1707,5797,-4090
112000032,211,42,169
112000033,1948,4429,-2481
112000034,193,57,136
112000035,95,879,-784
112000036,383,1755,-1372
112000037,1706,1880,-174
112000038,1591,2798,-1207
112000039,133,62,71
112000040,45,121,-76
112000041,288,287,1
112000042,944,364,580
112000050,1295,1290,5
112000051,1418,2055,-637
112000054,1256,1135,121
112000057,1016,611,405
112000058,322,659,-337
112000059,534,577,-43
112000061,3252,1069,2183
112000062,882,1765,-883
112000063,344,2712,-2368
112000064,3316,3585,-269
112000065,1285,1802,-517
112000066,3565,1724,1841
112000067,621,481,140
112000068,3501,2971,530
112000069,511,1600,-1089
112000070,2279,824,1455
112000071,1096,2288,-1192
112000072,3120,817,2303
112000073,1633,2350,-717
112000074,1573,1488,85
112000075,1459,1586,-127
112000076,3043,2208,835
112000077,956,400,556
112000078,2495,732,1763
112000079,2084,1321,763
112000080,1019,743,276
112000081,1406,2193,-787
112000082,1346,707,639
112000083,715,1036,-321
112000084,1373,603,770
112000085,1720,1065,655
112000086,1729,1079,650
112000087,727,359,368
112000088,887,302,585
112000089,524,580,-56
112000090,371,363,8
112000091,552,581,-29
112000092,2735,996,1739
112000093,1526,622,904
112000094,908,774,134
112000095,765,603,162
112000096,702,603,99
112000097,1964,762,1202
112000098,661,449,212
112000099,995,2191,-1196
112000100,2906,613,2293
112000101,627,420,207
112000102,2139,361,1778
112000103,448,461,-13
112000105,525,575,-50
112000106,2237,294,1943
112000107,34,181,-147
112000108,353,2007,-1654
112000109,89,57,32
112000110,2121,537,1584
112000111,683,14714,-14031
112000112,3330,1783,1547
112000113,834,1768,-934
112000114,2620,1408,1212
112000115,476,345,131
112000116,715,760,-45
112000117,1117,689,428
112000118,954,680,274
112000119,420,519,-99
112000120,74,289,-215
112000121,120,242,-122
112000122,437,141,296
112000123,962,96,866
112000124,665,87,578
112000125,291,360,-69
112000126,460,245,215
112000127,1794,3675,-1881
112000128,589,1037,-448
112000129,136,99,37
112000130,298,123,175
112000131,63,160,-97
112000132,232,171,61
112000133,439,100,339
112000134,498,264,234
112000135,1659,1002,657
112000136,1019,2292,-1273
112000137,1856,5947,-4091
112000138,1483,3445,-1962
112000139,688,899,-211
112000140,365,897,-532
112000141,1211,448,763
112000142,181,378,-197
112000143,1510,194,1316
112000144,248,641,-393
112000145,3190,544,2646
112000146,523,1127,-604
112000147,2853,1628,1225
112000148,1103,2263,-1160
112000149,583,435,148
112000150,325,361,-36
112000151,383,161,222
112000152,658,293,365
112000153,149,227,-78
112000154,164,256,-92
112000155,120,118,2
112000157,452,660,-208
112000158,354,213,141
112000159,894,298,596
112000167,615,128,487
112000169,234,329,-95
112000173,1311,237,1074
112000175,552,358,194
112000176,1230,1477,-247
112000177,1178,330,848
112000178,101,217,-116
112000179,366,76,290
112000180,325,294,31
112000181,1267,1071,196
112000182,1821,682,1139
112000183,36,23,13
112000184,562,163,399
112000185,802,288,514
112000187,6798,4226,2572
112000195,261,13,248
112000196,270,1,269
112000197,161,288,-127
112000198,38,407,-369
112000199,80,701,-621
112000202,589,1,588
112000216,54,238,-184
112000230,189,3,186
112000231,8,116,-108
112000256,89,274,-185
112000313,38,79,-41
112000314,89,54,35
112000337,245,538,-293
112000352,159,406,-247
112000392,1651,964,687
112000398,2005,904,1101
112000399,1302,3669,-2367
112000400,1863,1211,652
112000401,1996,1259,737
112000402,4490,5353,-863
112000403,1594,4348,-2754
112000404,1523,1451,72
112000405,2990,3440,-450
112000406,2154,1111,1043
112000407,9729,9429,300
112000408,6615,3249,3366
112000409,1265,2130,-865
112000410,471,431,40
112000411,3988,1908,2080
112000412,919,460,459
112000413,4579,8469,-3890
112000414,100,33,67
112000415,102,39,63
112000416,3565,1290,2275
112000417,391,88,303
112000421,67,54,13
112000422,406,138,268
112000424,1583,3759,-2176
112000425,411,307,104
112000426,270,259,11
112000427,1,12,-11
112000428,305,189,116
112000429,1903,1699,204
112000430,2430,2633,-203
112000431,139,165,-26
112000432,610,354,256
112000433,255,585,-330
112000437,72,140,-68
112900001,96,1,95
112900002,823,414,409
112900003,86,173,-87
112900004,106,137,-31
112900005,289,101,188
112900006,21,133,-112
112900007,68,175,-107
112900008,3,94,-91
112900009,618,177,441
112900010,648,494,154
112900011,85,117,-32
112900012,2,21,-19
112900013,7,283,-276
112900014,7,171,-164
112900015,235,491,-256
112900016,4,107,-103
112900017,48,130,-82
112900018,0,68,-68
112900019,40,169,-129
112900020,316,849,-533
112900021,5,88,-83
112900022,6,58,-52
112900023,1,44,-43
112900024,23,171,-148
112900025,60,185,-125
112900026,6,88,-82
112900027,5,421,-416
112900028,16,104,-88
112900029,12,225,-213
112900030,68,76,-8
112900031,3,191,-188
112900032,239,180,59
112900034,1,37,-36
112900035,3,182,-179
112900036,61,126,-65
112900037,144,231,-87
112900038,1061,124,937
112900039,6,177,-171
112900040,5,880,-875
112900041,507,1130,-623
112900042,213,177,36
112900043,55,74,-19
112900044,275,288,-13
112900045,132,200,-68
112900046,143,56,87
112900047,8,29,-21
112900049,350,61,289
112900050,5,486,-481
112900051,232,388,-156
112900052,26,319,-293
112900053,218,147,71
112900054,211,48,163
112900055,111,66,45
112900056,362,303,59
112900057,24,280,-256
112900058,366,405,-39
112900059,137,311,-174
112900060,72,101,-29
112900061,159,97,62
112900062,73,125,-52
112900063,49,12,37
112900064,98,153,-55
112900065,34,49,-15
112900066,398,353,45
112900067,271,88,183
112900068,50,73,-23
112900069,1753,1057,696
112900071,35,9,26
112900072,1262,3154,-1892
112900073,421,254,167
112900074,131,384,-253
112900075,958,1332,-374
112900076,103,40,63
112900078,425,484,-59
112900079,339,33,306
112900080,124,4,120
112900081,117,313,-196
112900082,642,46,596
112900083,250,124,126
112900084,312,235,77
112900085,1,9,-8
112900086,120,1,119
112900087,1186,186,1000
112900088,227,9,218
112900089,1303,51,1252
112900090,137,66,71
112900091,361,14,347
112900092,81,623,-542
112900093,1623,52,1571
112900094,122,6,116
112900095,99,3,96
112900096,706,240,466
112900097,105,201,-96
112900098,210,4,206
112900099,1414,42,1372
112900100,130,3,127
112900101,546,10,536
112900102,153,31,122
112900103,279,7,272
112900104,35,1,34
112900105,12,0,12
112900106,396,143,253
112900107,24,1,23
112900108,5,0,5
112900109,189,1,188
112900110,1943,31,1912
112900111,1024,11,1013
112900112,430,2,428
112900113,0,1,-1
112900114,230,41,189
112900115,2286,5,2281
112900116,138,30,108
112900117,59,38,21
112900118,17,68,-51
112900119,183,3,180
112900120,647,252,395
112900121,44,94,-50
112900122,10,109,-99
112900123,141,20,121
112900124,33,67,-34
112900125,39,476,-437
112900126,104,156,-52
112900127,472,127,345
112900128,138,683,-545
112900129,1,574,-573
112900130,220,132,88
112900131,22,870,-848
112900132,147,1142,-995
112900133,27,2366,-2339
112900134,0,204,-204
112900135,174,82,92
112900136,0,17,-17
112900137,1,263,-262
112900138,6,112,-106
112900139,99,743,-644
112900140,0,24,-24
112900141,969,59,910
112900142,87,288,-201
112900143,9,273,-264
112900144,0,98,-98
112900145,11,307,-296
112900146,4,430,-426
112900147,1,542,-541
112900148,41,6,35
112900149,271,191,80
112900151,5,31,-26
112900152,5562,610,4952
112900153,916,3206,-2290
112900154,0,36,-36
112900155,199,30,169
112900156,576,677,-101
112900157,398,17,381
112900158,99,9,90
112900159,249,166,83
112900160,56,140,-84
112900161,156,75,81
112900162,27,7,20
112900163,56,69,-13
112900164,32,130,-98
112900165,123,36,87
112900166,17,90,-73
112900167,5,128,-123
112900168,2,1,1
112900169,11,27,-16
112900170,93,177,-84
112900172,47,18,29
112900173,163,89,74
112900174,353,48,305
112900175,120,277,-157
112900176,9,49,-40
112900177,222,73,149
112900178,682,2882,-2200
112900179,27,651,-624
112900180,2276,2134,142
112900181,947,8,939
112900182,71,472,-401
112900183,81,401,-320
112900184,403,583,-180
112900185,121,890,-769
112900186,899,1678,-779
112900187,88,681,-593
112900188,700,4254,-3554
112900189,8,9,-1
112900190,12,18,-6
112900192,895,840,55
112900193,1245,533,712
112900194,151,36,115
112900195,1072,51,1021
112900196,322,366,-44
112900197,168,261,-93
112900199,893,336,557
112900200,1019,146,873
112900201,314,99,215
112900202,695,439,256
112900203,449,147,302
112900204,758,533,225
112900205,11,18,-7
112900206,30,107,-77
112900207,42,1,41
112900208,82,332,-250
112900209,240,269,-29
112900210,3,35,-32
112900211,107,24,83
112900212,1,43,-42
112900213,68,5,63
112900214,15,10,5
112900215,28,85,-57
112900216,21,36,-15
112900217,4,48,-44
112900218,87,13,74
112900219,134,9,125
112900220,4,0,4
112900221,67,134,-67
112900222,0,74,-74
112900223,1410,30,1380
112900224,545,236,309
112900225,637,252,385
112900226,199,315,-116
112900227,1056,485,571
112900228,119,43,76
112900229,424,21,403
112900230,9329,3605,5724
112900232,468,393,75
112900233,70,75,-5
112900234,39,32,7
112900235,68,21,47
112900236,438,9,429
112900237,316,76,240
112900238,18,10,8
113000001,6653,4466,2187
113000002,4429,3462,967
113000003,1832,1548,284
113000004,1519,1979,-460
113000005,1896,1123,773
113000006,1096,1187,-91
113000007,2590,1210,1380
113000008,1850,1513,337
113000009,1422,678,744
113000010,1351,1127,224
113000011,966,1072,-106
113000012,2188,690,1498
113000013,1021,621,400
113000014,889,1216,-327
113000015,316,280,36
113000016,207,831,-624
113000017,83,344,-261
113000018,437,50,387
113000019,288,276,12
113000020,398,47,351
113000021,1353,540,813
113000022,839,1207,-368
113000025,85,362,-277
113000026,492,508,-16
113000027,489,954,-465
113000028,750,1587,-837
113000029,1122,748,374
113000030,266,463,-197
113000031,139,255,-116
113000032,255,295,-40
113000033,208,509,-301
113000034,203,192,11
113000035,36,66,-30
113000036,32,82,-50
113000037,45,61,-16
113000038,25,78,-53
113000039,45,283,-238
113000040,34,70,-36
113000042,789,518,271
113000051,1173,1959,-786
113000052,2128,722,1406
113000053,700,312,388
113000054,596,611,-15
113000055,1720,389,1331
113000056,1358,769,589
113000058,697,804,-107
113000059,1019,413,606
113000060,406,486,-80
113000061,439,652,-213
113000062,535,417,118
113000063,476,70,406
113000064,77,155,-78
113000065,182,410,-228
113000066,1071,87,984
113000067,3349,922,2427
113000068,423,562,-139
113000069,545,481,64
113000070,3482,935,2547
113000071,586,474,112
113000072,1271,463,808
113000073,369,1188,-819
113000074,1050,464,586
113000075,1848,868,980
113000076,529,2546,-2017
113000077,898,1208,-310
113000078,437,2185,-1748
113000079,463,1511,-1048
113000080,514,1895,-1381
113000081,709,1238,-529
113000082,1113,2178,-1065
113000083,553,757,-204
113000084,2141,1607,534
113000085,874,570,304
113000086,869,991,-122
113000087,836,1059,-223
113000088,2497,1481,1016
113000089,904,1495,-591
113000090,312,800,-488
113000091,304,344,-40
113000094,1554,237,1317
113000095,206,688,-482
113000096,143,1075,-932
113000097,1257,441,816
113000098,132,64,68
113000099,1195,526,669
113000100,127,544,-417
113000101,240,713,-473
113000102,805,599,206
113000103,1800,386,1414
113000104,780,2399,-1619
113000105,1135,595,540
113000106,364,411,-47
113000107,1019,939,80
113000108,677,715,-38
113000109,632,1328,-696
113000110,3155,674,2481
113000111,181,685,-504
113000112,310,245,65
113000113,1313,316,997
113000114,288,1698,-1410
113000116,1129,385,744
113000117,3605,134,3471
113000118,43,682,-639
113000119,322,707,-385
113000120,60,349,-289
113000121,480,4320,-3840
113000124,299,107,192
113000125,86,1053,-967
113000127,1465,238,1227
113000128,846,311,535
113000129,415,800,-385
113000133,2126,1052,1074
113000134,5,1349,-1344
113000135,4731,5311,-580
113000137,1155,3743,-2588
113000139,265,469,-204
113000140,61,227,-166
113000141,151,247,-96
113000142,306,1475,-1169
113000143,370,131,239
113000144,177,396,-219
113000145,152,110,42
113000146,116,60,56
113000147,196,60,136
113000148,355,109,246
113000149,212,147,65
113000150,600,273,327
113000151,53,38,15
113000152,47,125,-78
113000153,1004,397,607
113000154,662,1591,-929
113000155,412,682,-270
113000156,164,288,-124
113000157,233,567,-334
113000158,728,212,516
113000159,1018,491,527
113000160,498,595,-97
113000161,355,266,89
113000162,1019,290,729
113000163,169,32,137
113000164,18,83,-65
113000166,245,77,168
113000167,52,53,-1
113000168,73,92,-19
113000169,234,42,192
113000170,121,80,41
113000171,46,71,-25
113000172,401,42,359
113000173,63,29,34
113000174,132,143,-11
113000175,418,73,345
113000176,611,110,501
113000177,174,197,-23
113000178,144,193,-49
113000179,342,102,240
113000180,808,1183,-375
113000181,1246,718,528
113000182,158,378,-220
113000183,130,549,-419
113000184,31,83,-52
113000189,330,861,-531
113000190,301,298,3
113000192,622,4991,-4369
113000193,2131,3179,-1048
113000194,826,1415,-589
113000195,1512,1981,-469
113000196,286,49,237
113000197,1921,2045,-124
113000198,97,211,-114
113000199,1699,819,880
113000201,289,394,-105
113000202,6496,1367,5129
113000203,65,205,-140
113000204,550,3498,-2948
113000205,13,17,-4
113000206,20,34,-14
113000207,90,20,70
113000208,65,41,24
113000209,18,21,-3
113000210,10,28,-18
113000211,66,194,-128
113000212,67,39,28
113000213,31,113,-82
113000214,145,255,-110
113000234,175,625,-450
113000410,71,191,-120
113000411,1691,4515,-2824
113000412,3734,1832,1902
113000413,1064,2866,-1802
113000414,3007,12259,-9252
113000415,1894,1758,136
113000416,3736,2754,982
113000417,1596,1958,-362
113000418,4372,4682,-310
113000419,1660,2723,-1063
113000420,3384,6129,-2745
113000421,5028,7509,-2481
113000422,12035,10208,1827
113000423,1585,5663,-4078
113000424,3209,10355,-7146
113000425,6,78,-72
113000428,48,309,-261
113000430,10,963,-953
113000432,2735,194,2541
113000433,149,446,-297
113000434,25,76,-51
113000435,13,184,-171
113000436,13,530,-517
113000437,1493,20,1473
113000438,356,10,346
113000439,29,45,-16
113000440,156,32,124
113000441,226,139,87
113000442,181,76,105
113000443,346,104,242
113000444,346,64,282
113000445,93,54,39
113000446,18,80,-62
113000448,461,273,188
113000449,121,687,-566
113000450,653,1727,-1074
113000451,1696,233,1463
113000452,152,327,-175
113000453,29,532,-503
113000454,305,46,259
113000455,9,910,-901
113000456,2972,2596,376
113000468,850,87,763
113000469,69,229,-160
113000470,386,26,360
113000471,8,260,-252
113000472,82,202,-120
113000474,1092,675,417
113000475,1332,1583,-251
113000476,1921,2009,-88
113000477,4275,1852,2423
113000478,3135,3212,-77
113000479,78,99,-21
113000480,112,438,-326
113000481,0,0,0
113000483,0,0,0
113000485,0,0,0
113000486,2,0,2
113000487,0,0,0
113000488,0,0,0
113000489,0,2,-2
113000490,0,12,-12
113000491,11,5,6
113000492,9,0,9
113000493,5,0,5
113000495,149,66,83
113000496,118,74,44
113000497,0,0,0
113000500,0,4,-4
113900001,2,566,-564
113900002,1,40,-39
113900003,0,47,-47
113900004,4,92,-88
113900005,2,184,-182
113900006,0,21,-21
113900007,51,38,13
113900008,12,0,12
113900009,38,0,38
113900010,26,0,26
113900011,90,0,90
113900012,68,0,68
113900013,91,3,88
113900014,788,5,783
113900015,1,79,-78
113900016,45,1,44
113900017,3,32,-29
113900018,207,261,-54
113900019,263,34,229
113900020,223,5,218
113900022,100,1,99
113900023,49,1,48
113900024,48,17,31
113900025,171,13,158
113900026,105,1,104
113900027,4,30,-26
113900028,33,227,-194
113900029,79,74,5
113900030,326,18,308
113900031,30,13,17
113900032,39,0,39
113900033,49,44,5
113900035,66,0,66
113900036,20,55,-35
113900037,264,186,78
113900038,15,119,-104
113900039,190,39,151
113900040,21,40,-19
113900041,26,5,21
113900042,34,23,11
113900043,142,78,64
113900044,171,296,-125
113900045,86,2,84
113900046,290,1193,-903
113900047,82,51,31
113900048,91,108,-17
113900049,209,319,-110
113900050,354,293,61
113900051,279,196,83
113900052,97,87,10
113900053,698,802,-104
113900054,44,2,42
113900055,98,349,-251
113900056,63,95,-32
113900057,6,37,-31
113900058,99,54,45
113900059,261,242,19
113900060,98,155,-57
113900061,427,171,256
113900062,108,15,93
113900063,140,67,73
113900064,35,56,-21
113900065,535,18,517
113900066,446,161,285
113900067,253,108,145
113900068,533,651,-118
113900069,50,29,21
113900070,137,257,-120
113900071,99,31,68
113900072,68,74,-6
113900073,342,325,17
113900074,156,172,-16
113900075,1039,1743,-704
113900076,151,7,144
113900077,57,137,-80
113900078,71,35,36
113900079,1,32,-31
113900080,696,202,494
113900081,64,94,-30
113900082,138,137,1
113900083,560,166,394
113900084,262,118,144
113900085,66,160,-94
113900086,68,15,53
113900087,115,90,25
113900088,56,93,-37
113900089,437,45,392
113900090,727,328,399
113900091,24,16,8
113900092,15,67,-52
113900093,59,945,-886
113900094,643,215,428
113900095,163,168,-5
113900096,329,87,242
113900097,16,52,-36
113900098,863,145,718
113900099,0,14,-14
113900100,0,2,-2
113900101,6,93,-87
113900102,91,178,-87
113900103,347,401,-54
113900104,147,300,-153
113900105,167,87,80
113900106,1,20,-19
113900107,1,14,-13
113900108,139,277,-138
113900109,313,215,98
113900110,103,13,90
113900111,206,81,125
113900112,167,33,134
113900113,1652,358,1294
113900114,2,36,-34
113900115,1,34,-33
113900116,67,187,-120
113900117,79,23,56
113900118,165,471,-306
113900119,126,345,-219
113900120,81,56,25
113900121,82,46,36
113900122,564,2542,-1978
113900123,566,204,362
113900124,2,49,-47
113900125,673,144,529
113900126,95,24,71
113900127,435,856,-421
113900128,133,50,83
113900129,9,216,-207
113900130,9,567,-558
113900131,271,64,207
113900132,37,76,-39
113900133,21,26,-5
113900135,392,272,120
113900136,107,45,62
113900137,367,318,49
113900138,28,240,-212
113900139,167,227,-60
113900140,65,463,-398
113900141,723,198,525
113900142,161,57,104
113900143,22,65,-43
113900144,68,675,-607
113900145,379,127,252
113900146,193,68,125
113900148,71,418,-347
113900149,185,85,100
113900150,234,347,-113
113900151,455,136,319
113900152,72,76,-4
113900153,98,673,-575
113900154,0,96,-96
113900155,92,242,-150
113900156,207,315,-108
113900157,56,334,-278
113900158,149,1129,-980
113900159,9,219,-210
113900160,414,319,95
113900161,100,319,-219
113900162,225,1836,-1611
113900163,271,177,94
113900164,402,41,361
113900165,636,632,4
113900166,71,155,-84
113900167,406,40,366
113900168,55,53,2
113900169,196,263,-67
113900171,261,66,195
113900172,8,63,-55
113900173,24,232,-208
113900174,420,368,52
113900175,425,125,300
113900176,377,326,51
113900177,286,154,132
113900178,281,220,61
113900179,40,208,-168
113900180,155,81,74
113900181,909,287,622
113900182,710,613,97
113900183,71,55,16
113900184,9,297,-288
113900185,126,73,53
113900186,58,40,18
113900187,35,100,-65
113900188,17,109,-92
113900189,309,146,163
113900190,156,112,44
113900191,146,147,-1
113900192,6,732,-726
113900193,23,72,-49
113900194,1027,525,502
113900195,178,290,-112
113900196,5,335,-330
113900197,0,73,-73
113900198,24,163,-139
113900199,87,371,-284
113900200,20,169,-149
113900201,0,57,-57
113900202,30,127,-97
113900203,0,58,-58
113900204,14,225,-211
113900205,6,53,-47
113900206,2,98,-96
113900207,2,45,-43
113900208,0,20,-20
113900209,0,36,-36
113900210,419,682,-263
113900211,204,53,151
113900212,235,299,-64
113900214,247,375,-128
113900215,67,89,-22
113900216,190,312,-122
113900217,105,101,4
113900218,144,68,76
113900219,117,552,-435
113900220,113,136,-23
113900221,307,341,-34
113900222,157,574,-417
113900223,247,308,-61
113900224,28,47,-19
113900225,373,103,270
113900226,462,193,269
113900227,367,163,204
113900228,347,714,-367
113900229,50,1013,-963
113900230,2023,3396,-1373
113900231,191,114,77
113900232,158,37,121
113900233,143,69,74
113900234,437,441,-4
113900235,123,30,93
113900236,301,144,157
113900237,189,17,172
113900238,222,700,-478
113900239,48,126,-78
113900240,4,254,-250
113900241,72,94,-22
113900242,17,160,-143
113900243,81,303,-222
113900244,118,155,-37
113900245,594,252,342
113900246,23,26,-3
113900247,116,547,-431
113900248,2013,1936,77
113900249,832,523,309
113900250,53,277,-224
113900251,1153,103,1050
113900252,707,35,672
113900253,777,64,713
113900254,678,172,506
113900255,669,26,643
113900256,329,27,302
113900257,28,201,-173
113900258,28,260,-232
113900259,661,89,572
113900260,260,10,250
113900261,83,44,39
113900262,111,278,-167
113900263,94,359,-265
113900264,1,195,-194
113900265,124,217,-93
113900266,30,148,-118
113900267,71,745,-674
113900268,378,461,-83
113900269,69,156,-87
113900270,205,694,-489
113900271,554,498,56
113900273,21,7,14
113900274,55,25,30
113900275,29,57,-28
113900276,3,83,-80
113900277,213,13,200
113900278,300,148,152
113900279,31,40,-9
113900280,1725,530,1195
113900281,451,1602,-1151
113900282,395,535,-140
113900283,364,505,-141
113900284,996,201,795
113900285,160,48,112
113900286,87,66,21
113900287,94,25,69
113900288,3,158,-155
113900289,337,126,211
113900290,167,340,-173
113900291,105,114,-9
113900292,18,8,10
113900293,5,165,-160
113900294,596,13,583
113900295,390,328,62
113900296,2641,373,2268
113900297,2502,67,2435
113900298,39,962,-923
113900299,147,43,104
113900300,3761,4280,-519
113900301,486,568,-82
113900302,1321,924,397
113900303,209,606,-397
113900304,3,82,-79
113900305,170,2,168
113900306,97,1,96
113900307,16,0,16
113900308,71,140,-69
113900309,3,328,-325
113900310,0,11,-11
113900311,7,0,7
113900312,195,192,3
113900313,12,9,3
114000001,1040,1685,-645
114000002,308,173,135
114000003,97,170,-73
114000004,449,250,199
114000005,398,199,199
114000006,1388,1396,-8
114000007,741,974,-233
114000008,1397,1772,-375
114000009,1178,281,897
114000011,2878,1615,1263
114000012,3368,1290,2078
114000013,2166,979,1187
114000014,432,132,300
114000015,2331,228,2103
114000016,266,118,148
114000017,168,568,-400
114000018,138,24,114
114000026,2926,846,2080
114000027,4851,1911,2940
114000028,2316,2943,-627
114000038,310,143,167
114000039,69,44,25
114000040,197,254,-57
114000042,150,155,-5
114000043,57,44,13
114000044,508,13,495
114000045,43,41,2
114000046,2241,3235,-994
114000047,25,73,-48
114000048,139,53,86
114000049,1863,1407,456
114000050,2174,1484,690
114000051,3145,1792,1353
114000052,4287,2323,1964
114000053,89,582,-493
114000054,182,563,-381
114000055,267,29,238
114000056,225,1082,-857
114000057,3600,2017,1583
114000058,102,1162,-1060
114000059,55,557,-502
114000060,572,667,-95
114000061,1871,2658,-787
114000062,629,1395,-766
114000063,1028,1116,-88
114000064,2006,3405,-1399
114000065,1172,1801,-629
114000066,437,578,-141
114000067,28,947,-919
114000068,443,756,-313
114000069,1186,520,666
114000070,2133,1905,228
114000071,983,379,604
114000072,682,169,513
114000073,24,15,9
114000074,82,8,74
114000075,67,28,39
114000076,22,26,-4
114000077,3,24,-21
114000078,345,310,35
114000079,239,26,213
114000080,97,78,19
114000081,102,85,17
114000082,40,276,-236
114000083,67,141,-74
114000084,309,91,218
114000085,106,294,-188
114000086,283,189,94
114000087,267,64,203
114000088,32,25,7
114000089,404,298,106
114000090,947,1093,-146
114000091,1355,853,502
114000092,793,432,361
114000093,1487,707,780
114000094,449,336,113
114000095,267,172,95
114000096,118,259,-141
114000097,137,251,-114
114000098,674,126,548
114000099,821,140,681
114000100,2092,382,1710
114000101,448,301,147
114000102,715,244,471
114000103,111,186,-75
114000104,80,112,-32
114000105,213,111,102
114000106,618,1905,-1287
114000107,640,111,529
114000108,707,638,69
114000109,706,1392,-686
114000110,469,721,-252
114000111,2388,975,1413
114000112,417,940,-523
114000113,1454,586,868
114000114,814,629,185
114000115,2138,1139,999
114000116,1113,1354,-241
114000117,4754,663,4091
114000118,3601,551,3050
114000119,2621,545,2076
114000120,678,480,198
114000121,477,764,-287
114000122,501,349,152
114000123,2759,381,2378
114000124,1232,385,847
114000125,738,754,-16
114000126,2401,240,2161
114000127,229,141,88
114000128,896,238,658
114000130,452,467,-15
114000131,371,143,228
114000132,670,443,227
114000133,654,1173,-519
114000134,91,41,50
114000138,49,109,-60
114000139,426,420,6
114000144,752,630,122
114000145,84,72,12
114000146,118,103,15
114000147,1557,2737,-1180
114000148,1161,1768,-607
114000149,244,302,-58
114000150,278,502,-224
114000151,499,1693,-1194
114000152,111,46,65
114000153,581,2110,-1529
114000154,713,448,265
114000155,1004,2591,-1587
114000156,857,696,161
114000157,291,1209,-918
114000158,830,651,179
114000159,126,373,-247
114000160,76,488,-412
114000161,1120,2902,-1782
114000162,1288,2570,-1282
114000163,38,54,-16
114000165,659,434,225
114000166,600,448,152
114000167,2150,1371,779
114000168,370,489,-119
114000169,1226,1953,-727
114000170,961,1309,-348
114000171,1791,3846,-2055
114000174,170,353,-183
114000176,339,499,-160
114000177,908,495,413
114000178,61,28,33
114000179,1052,629,423
114000180,196,450,-254
114000181,1673,4759,-3086
114000182,1364,2215,-851
114000183,533,509,24
114000184,539,586,-47
114000185,1361,674,687
114000189,1600,199,1401
114000190,3999,517,3482
114000191,121,159,-38
114000192,123,791,-668
114000193,327,1129,-802
114000194,1443,626,817
114000195,185,61,124
114000196,1,87,-86
114000197,1992,26,1966
114000198,656,328,328
114000199,1706,1794,-88
114000200,574,864,-290
114000201,190,486,-296
114000202,839,389,450
114000203,564,477,87
114000204,190,354,-164
114000205,177,890,-713
114000206,717,1035,-318
114000207,359,843,-484
114000208,451,1175,-724
114000209,426,1064,-638
114000210,220,663,-443
114000211,1314,1037,277
114000212,1058,834,224
114000213,1708,425,1283
114000214,99,95,4
114000215,241,67,174
114000216,1802,316,1486
114000217,514,156,358
114000218,230,114,116
114000219,1368,143,1225
114000220,24,437,-413
114000221,1177,193,984
114000222,124,476,-352
114000223,617,127,490
114000224,83,304,-221
114000225,316,389,-73
114000226,203,218,-15
114000227,951,455,496
114000228,872,392,480
114000229,1386,932,454
114000230,1656,784,872
114000231,1126,1098,28
114000232,971,141,830
114000233,2926,166,2760
114000234,1078,540,538
114000235,1165,992,173
114000236,0,255,-255
114000237,124,481,-357
114000238,101,198,-97
114000239,130,749,-619
114000240,807,801,6
114000241,293,584,-291
114000242,607,551,56
114000243,1777,817,960
114000244,604,294,310
114000245,455,637,-182
114000246,118,26,92
114000247,582,462,120
114000248,1241,514,727
114000249,606,312,294
114000250,674,395,279
114000251,457,201,256
114000252,36,31,5
114000253,47,135,-88
114000254,89,24,65
114000255,474,201,273
114000256,451,1835,-1384
114000257,410,723,-313
114000258,352,151,201
114000259,183,155,28
114000260,0,34,-34
114000261,48,30,18
114000262,387,111,276
114000263,12,2,10
114000264,1648,336,1312
114000265,1,1,0
114000267,8,1520,-1512
114000268,45,608,-563
114000270,205,3,202
114000271,352,46,306
114000283,1568,288,1280
114000285,18,110,-92
114000288,91,187,-96
114000289,2121,123,1998
114000293,338,522,-184
114000294,195,295,-100
114000395,1476,28,1448
114000396,723,657,66
114000402,862,164,698
114000403,427,180,247
114000405,198,198,0
114000423,443,219,224
114000424,544,146,398
114000425,1145,222,923
114000426,312,841,-529
114000427,83,53,30
114000428,107,185,-78
114000429,11,108,-97
114000432,74,42,32
114000434,19,61,-42
114000435,7,63,-56
114000436,1155,432,723
114000437,338,4773,-4435
114900001,716,412,304
114900002,588,160,428
114900003,880,542,338
114900004,229,422,-193
114900005,634,354,280
114900006,128,65,63
114900007,365,45,320
114900008,304,90,214
114900010,909,1718,-809
114900011,364,160,204
114900013,328,96,232
114900015,78,639,-561
114900018,1078,19,1059
114900020,165,72,93
114900022,0,422,-422
114900024,284,134,150
114900025,646,140,506
114900026,117,163,-46
114900027,220,188,32
114900029,25,17,8
114900030,385,185,200
114900031,499,30,469
114900032,521,19,502
114900033,582,1526,-944
114900034,47,70,-23
114900035,115,226,-111
114900036,201,236,-35
114900037,97,107,-10
114900038,219,248,-29
114900039,536,189,347
114900040,107,59,48
114900041,1132,211,921
114900042,1237,290,947
114900043,305,181,124
114900044,169,60,109
114900046,45,54,-9
114900047,200,2700,-2500
114900048,67,145,-78
114900049,9,97,-88
114900050,81,141,-60
114900051,13,202,-189
114900052,73,221,-148
114900053,136,195,-59
114900054,46,92,-46
114900057,183,14,169
114900058,0,30,-30
114900059,130,99,31
114900060,338,699,-361
114900061,153,56,97
114900062,177,228,-51
114900063,101,72,29
114900064,2342,223,2119
114900065,539,705,-166
114900067,45,364,-319
114900068,46,63,-17
114900069,147,72,75
114900070,659,234,425
114900072,5,187,-182
114900073,8,68,-60
114900074,943,218,725
114900075,382,18,364
114900076,8,243,-235
114900080,1000,251,749
114900082,2184,2768,-584
114900083,847,978,-131
114900090,529,171,358
114900091,93,139,-46
114900095,203,76,127
114900096,328,443,-115
114900097,202,1,201
114900098,6,84,-78
114900099,305,6,299
115000001,3500,1853,1647
115000002,4683,5193,-510
115000003,3894,1418,2476
115000004,5884,6695,-811
115000005,1348,1645,-297
115000006,1099,1548,-449
115000007,160,202,-42
115000008,386,391,-5
115000009,294,205,89
115000010,282,191,91
115000013,30,187,-157
115000015,17,193,-176
115000016,153,344,-191
115000019,33,462,-429
115000020,131,1044,-913
115000021,193,423,-230
115000022,491,339,152
115000023,267,633,-366
115000024,861,347,514
115000025,947,764,183
115000026,169,272,-103
115000027,273,359,-86
115000028,218,623,-405
115000029,759,105,654
115000030,801,887,-86
115000031,1216,398,818
115000032,11,180,-169
115000033,150,27,123
115000034,66,1077,-1011
115000035,1123,66,1057
115000036,0,373,-373
115000037,568,17,551
115000038,40,122,-82
115000039,2551,3531,-980
115000040,3480,2447,1033
115000041,1573,4112,-2539
115000042,830,570,260
115000043,4147,2666,1481
115000044,3295,2801,494
115000045,2319,960,1359
115000046,2856,2290,566
115000047,2704,1297,1407
115000048,1736,1392,344
115000049,1263,2520,-1257
115000050,3399,1572,1827
115000051,1502,3526,-2024
115000052,1106,1295,-189
115000053,2163,2189,-26
115000054,568,764,-196
115000055,206,769,-563
115000056,240,691,-451
115000057,532,1090,-558
115000058,394,398,-4
115000059,508,167,341
115000061,75,169,-94
115000062,197,259,-62
115000063,472,247,225
115000064,246,74,172
115000065,51,518,-467
115000067,152,16,136
115000069,106,258,-152
115000070,42,986,-944
115000071,97,28,69
115000072,7,62,-55
115000073,1815,74,1741
115000075,128,38,90
115000076,2326,1844,482
115000077,2305,1162,1143
115000078,1727,764,963
115000079,1390,1112,278
115000080,3020,1469,1551
115000081,383,636,-253
115000082,4944,4095,849
115000083,2098,1089,1009
115000084,3190,923,2267
115000085,1006,681,325
115000086,1322,580,742
115000087,425,1284,-859
115000088,1700,625,1075
115000089,1323,1111,212
115000090,405,815,-410
115000091,199,488,-289
115000092,653,432,221
115000093,630,6,624
115000094,4539,6365,-1826
115000095,3817,7094,-3277
115000096,887,824,63
115000097,1718,1126,592
115000098,1627,638,989
115000099,2987,1651,1336
115000100,1522,333,1189
115000101,603,966,-363
115000102,646,274,372
115000103,273,426,-153
115000105,110,108,2
115000106,751,329,422
115000107,211,284,-73
115000108,2190,1584,606
115000109,3643,5829,-2186
115000110,1403,2171,-768
115000111,539,1071,-532
115000112,1028,1088,-60
115000113,760,724,36
115000114,1374,585,789
115000116,3006,2242,764
115000117,2379,2442,-63
115000118,2272,1855,417
115000119,1459,2190,-731
115000120,540,1363,-823
115000121,789,1002,-213
115000122,1159,2004,-845
115000123,845,2548,-1703
115000124,714,950,-236
115000125,383,712,-329
115000126,133,336,-203
115000127,309,148,161
115000128,329,816,-487
115000129,161,521,-360
115000130,582,426,156
115000131,896,239,657
115000132,451,284,167
115000133,785,194,591
115000134,440,270,170
115000135,316,137,179
115000136,260,185,75
115000137,138,170,-32
115000138,468,198,270
115000139,297,159,138
115000140,472,179,293
115000141,257,109,148
115000142,214,131,83
115000143,1164,504,660
115000144,540,49,491
115000145,280,189,91
115000146,535,358,177
115000147,348,270,78
115000148,315,434,-119
115000149,803,235,568
115000150,632,436,196
115000151,1455,425,1030
115000152,730,469,261
115000153,1481,456,1025
115000154,1080,244,836
115000155,696,578,118
115000156,877,776,101
115000157,430,701,-271
115000158,368,329,39
115000159,434,574,-140
115000160,503,619,-116
115000161,658,384,274
115000162,582,912,-330
115000163,556,766,-210
115000164,609,688,-79
115000165,355,609,-254
115000167,90,82,8
115000168,422,413,9
115000169,429,610,-181
115000170,66,162,-96
115000171,249,266,-17
115000172,672,770,-98
115000173,239,873,-634
115000174,90,454,-364
115000175,193,263,-70
115000176,102,218,-116
115000177,96,220,-124
115000178,9,195,-186
115000179,18,61,-43
115000180,161,309,-148
115000181,885,137,748
115000182,1266,269,997
115000183,479,465,14
115000186,557,177,380
115000187,264,466,-202
115000188,446,562,-116
115000189,221,376,-155
115000190,688,542,146
115000191,181,471,-290
115000194,121,132,-11
115000195,191,304,-113
115000196,349,100,249
115000197,260,160,100
115000198,617,161,456
115000199,569,118,451
115000200,428,94,334
115000201,168,225,-57
115000206,440,45,395
115000207,314,190,124
115000208,361,516,-155
115000209,753,348,405
115000210,200,151,49
115000211,240,242,-2
115000212,849,349,500
115000218,41,54,-13
115000219,101,34,67
115000224,247,63,184
115000225,57,97,-40
115000229,126,93,33
115000230,107,465,-358
115000231,272,738,-466
115000232,2097,227,1870
115000233,148,149,-1
115000234,46,232,-186
115000241,92,147,-55
115000242,189,141,48
115000243,62,115,-53
115000244,9,122,-113
115000246,30,33,-3
115000247,56,14,42
115000248,43,18,25
115000249,11,15,-4
115000250,264,22,242
115000251,311,58,253
115000252,104,160,-56
115000253,20,371,-351
115000258,350,71,279
115000259,347,98,249
115000261,47,10,37
115000262,18,35,-17
115000263,13,41,-28
115000264,49,27,22
115000267,81,84,-3
115000268,42,109,-67
115000269,140,66,74
115000270,4,17,-13
115000272,75,87,-12
115000273,571,27,544
115000274,362,60,302
115000280,1735,224,1511
115000281,278,708,-430
115000282,774,1501,-727
115000284,152,153,-1
115000296,1155,10,1145
115000297,122,213,-91
115000298,51,516,-465
115000300,225,135,90
115000302,580,100,480
115000303,978,87,891
115000304,1154,41,1113
115000305,125,243,-118
115000306,226,108,118
115000307,184,130,54
115000308,14,25,-11
115000309,1,22,-21
115000310,1433,466,967
115000311,1382,1026,356
115000313,121,202,-81
115000314,705,174,531
115000315,436,716,-280
115000316,102,109,-7
115000317,156,387,-231
115000318,832,361,471
115000319,69,162,-93
115000320,25,320,-295
115000321,383,15,368
115000322,51,118,-67
115000449,201,129,72
115000557,16,1783,-1767
115000558,261,131,130
115000587,735,244,491
115000588,1834,2170,-336
115000589,3847,2132,1715
115000590,933,1478,-545
115000591,1701,912,789
115000592,473,1569,-1096
115000593,1673,787,886
115000594,462,2150,-1688
115000609,167,85,82
115000617,595,2873,-2278
115000624,272,18,254
115000633,509,1609,-1100
115000634,3283,779,2504
115000635,734,111,623
115000638,299,363,-64
115000641,31,188,-157
115000642,335,257,78
115000643,136,261,-125
115000644,159,293,-134
115000646,884,1708,-824
115000647,188,497,-309
115000648,2893,1251,1642
115000893,1629,1244,385
115000894,172,716,-544
115000895,220,555,-335
115000896,1175,314,861
115000897,371,115,256
115000898,545,251,294
115000899,172,1228,-1056
115000900,60,242,-182
115000901,50,188,-138
115000912,496,90,406
115000913,4,14,-10
115000915,13,0,13
115000916,2,0,2
115000917,0,5,-5
115000918,57,1167,-1110
115000919,9,27,-18
115000920,9,57,-48
115000921,261,115,146
115000922,396,762,-366
115000923,90,987,-897
115000925,112,127,-15
115000927,39,57,-18
115000933,69,140,-71
115000934,19,32,-13
115000935,16,7,9
115900001,166,18,148
115900002,84,86,-2
115900003,225,41,184
115900004,0,18,-18
115900005,325,16,309
115900006,117,100,17
115900008,90,3,87
115900009,64,143,-79
115900010,559,56,503
115900011,466,245,221
115900012,299,15,284
115900013,348,112,236
115900014,115,140,-25
115900015,171,30,141
115900016,126,35,91
115900017,19,17,2
115900018,135,58,77
115900019,300,23,277
115900020,182,9,173
115900021,907,745,162
115900022,458,20,438
115900023,12,26,-14
115900025,33,205,-172
115900026,746,137,609
115900027,0,119,-119
115900028,441,49,392
115900029,13,226,-213
115900030,45,22,23
115900031,165,328,-163
115900032,375,532,-157
115900033,0,55,-55
115900034,37,167,-130
115900035,56,39,17
115900036,13,1440,-1427
115900037,22,173,-151
115900038,82,12,70
115900039,150,106,44
115900041,165,877,-712
115900042,73,4,69
115900043,146,36,110
115900044,179,311,-132
115900046,444,194,250
115900047,174,229,-55
115900049,245,157,88
115900051,3,16,-13
115900052,31,89,-58
115900053,362,91,271
115900054,406,27,379
115900055,21,77,-56
115900056,224,145,79
115900057,8,15,-7
115900058,34,47,-13
115900060,101,161,-60
115900061,328,2,326
115900062,79,130,-51
115900063,49,5,44
115900064,164,209,-45
115900065,175,76,99
115900066,81,74,7
115900067,6,196,-190
115900068,1373,1289,84
115900069,73,182,-109
115900070,299,60,239
115900071,0,152,-152
115900072,31,122,-91
115900073,111,148,-37
115900074,2,94,-92
115900075,54,141,-87
115900076,4,32,-28
115900077,2,86,-84
115900078,45,62,-17
115900079,438,6,432
115900080,214,115,99
115900081,34,36,-2
115900082,72,122,-50
115900084,650,35,615
115900085,38,64,-26
115900086,957,499,458
115900088,11,50,-39
115900089,442,442,0
115900090,607,5,602
115900091,18,19,-1
115900092,47,54,-7
115900093,7,9,-2
115900094,7,88,-81
115900096,13,13,0
115900097,11,140,-129
115900098,257,185,72
115900099,83,30,53
115900100,13,206,-193
115900101,203,133,70
115900102,127,51,76
115900103,312,126,186
115900104,114,79,35
115900105,456,202,254
115900106,122,12,110
115900107,137,36,101
115900108,189,20,169
115900109,43,243,-200
115900110,14,2,12
115900111,2,62,-60
115900112,43,457,-414
115900113,85,14,71
115900114,3,80,-77
115900115,98,137,-39
115900116,86,499,-413
115900117,129,7,122
115900118,2,107,-105
115900119,195,108,87
115900120,47,171,-124
115900121,303,126,177
115900124,329,874,-545
115900125,454,46,408
115900126,1059,86,973
115900127,951,54,897
115900128,5,173,-168
115900129,813,64,749
115900130,17,263,-246
115900131,473,39,434
115900132,791,5,786
115900134,435,11,424
115900135,361,1133,-772
115900137,30,2,28
115900139,59,157,-98
115900140,375,36,339
115900141,24,112,-88
115900142,23,85,-62
115900143,272,567,-295
115900144,140,224,-84
115900146,15,28,-13
115900147,267,348,-81
115900148,130,15,115
115900149,225,14,211
115900150,116,10,106
115900151,17,94,-77
115900152,161,199,-38
115900153,115,99,16
115900154,325,390,-65
115900155,0,20,-20
115900156,688,1025,-337
115900157,264,493,-229
115900158,20,4,16
115900159,229,113,116
115900160,3,7,-4
115900161,51,227,-176
115900163,276,162,114
115900164,768,20,748
115900165,8,132,-124
115900166,125,102,23
115900168,154,72,82
115900171,108,301,-193
115900172,61,96,-35
115900173,275,74,201
115900174,159,227,-68
115900175,205,216,-11
115900178,16,260,-244
115900179,465,12,453
115900180,28,71,-43
115900181,248,72,176
115900182,646,93,553
115900183,76,146,-70
115900184,479,12,467
115900187,13,146,-133
115900189,1,285,-284
115900190,313,1078,-765
115900191,17,125,-108
115900192,15,93,-78
115900193,197,133,64
115900194,965,74,891
115900195,450,2907,-2457
115900198,208,310,-102
115900199,352,120,232
115900200,193,189,4
115900201,324,309,15
115900202,2,82,-80
115900203,1,18,-17
115900204,0,4,-4
115900205,26,12,14
115900206,270,94,176
115900207,72,8,64
115900208,140,70,70
115900209,7,104,-97
115900210,3,148,-145
115900211,8,64,-56
115900212,221,124,97
115900213,85,156,-71
115900214,692,119,573
115900215,26,239,-213
115900216,3,82,-79
115900217,4,11,-7
115900218,3,16,-13
115900219,157,5,152
115900220,353,1,352
115900221,173,9,164
115900222,123,38,85
115900223,4,621,-617
115900224,495,1758,-1263
115900225,36,67,-31
115900226,20,62,-42
115900227,26,34,-8
115900228,8,26,-18
115900229,5,58,-53
115900230,13,81,-68
115900231,129,3,126
115900232,61,2,59
115900233,135,12,123
115900234,67,30,37
115900235,48,36,12
115900236,55,25,30
115900237,42,34,8
115900238,26,13,13
115900239,15,40,-25
115900240,20,30,-10
115900241,286,48,238
115900242,248,414,-166
115900243,31,2,29
115900244,15,5,10
115900245,19,9,10
115900246,7,12,-5
115900247,16,16,0
115900248,18,6,12
115900249,6,6,0
115900250,20,31,-11
115900251,4,12,-8
115900252,1,3,-2
115900253,5,12,-7
115900254,9,34,-25
115900255,1,25,-24
115900256,7,14,-7
115900257,11,9,2
115900258,0,0,0
115900259,6,0,6
115900260,10,1,9
115900261,7,2,5
115900262,8,1,7
115900263,11,0,11
115900264,25,2,23
115900265,1,5,-4
115900266,0,14,-14
115900267,1,8,-7
115900268,6,11,-5
115900269,790,180,610
115900270,512,143,369
115900271,41,0,41
115900272,25,0,25
115900273,5,9,-4
115900274,2,7,-5
115900275,0,4,-4
115900276,0,6,-6
115900277,0,6,-6
115900278,9,31,-22
115900279,3,59,-56
115900280,7,201,-194
115900281,29,44,-15
116000001,6162,2538,3624
116000002,4608,14227,-9619
116000003,1256,1091,165
116000004,3115,5066,-1951
116000005,1576,3055,-1479
116000006,2730,3436,-706
116000007,2214,4732,-2518
116000008,4762,4231,531
116000009,1094,1357,-263
116000010,2818,2125,693
116000011,742,1463,-721
116000012,2062,1412,650
116000013,4566,3378,1188
116000014,7205,16988,-9783
116000015,177,1530,-1353
116000016,4434,4925,-491
116000017,34,844,-810
116000018,565,410,155
116000019,962,424,538
116000020,648,1162,-514
116000021,801,390,411
116000022,384,313,71
116000023,1667,1088,579
116000024,576,710,-134
116000025,1144,928,216
116000026,1446,2834,-1388
116000027,804,754,50
116000028,510,1137,-627
116000029,476,704,-228
116000030,739,558,181
116000031,215,252,-37
116000032,319,135,184
116000033,436,364,72
116000034,1083,621,462
116000035,375,622,-247
116000036,894,2036,-1142
116000037,311,451,-140
116000038,222,645,-423
116000039,294,1032,-738
116000040,519,804,-285
116000041,114,766,-652
116000042,759,642,117
116000043,148,615,-467
116000044,3,34,-31
116000045,1927,1677,250
116000046,1093,1676,-583
116000047,1664,2413,-749
116000048,2420,1662,758
116000049,1701,3368,-1667
116000050,1563,1264,299
116000051,5865,3515,2350
116000052,5362,4691,671
116000053,2563,663,1900
116000054,946,2564,-1618
116000055,955,772,183
116000056,1230,1040,190
116000057,2623,1478,1145
116000058,3553,3399,154
116000059,2926,5401,-2475
116000060,1835,1049,786
116000061,292,1352,-1060
116000062,495,210,285
116000063,585,1737,-1152
116000066,285,828,-543
116000067,200,310,-110
116000068,253,319,-66
116000069,218,259,-41
116000078,545,1102,-557
116000080,1870,686,1184
116000082,1,18,-17
116000083,2032,495,1537
116000084,1338,2109,-771
116000085,2228,2070,158
116000086,841,523,318
116000087,2620,1851,769
116000088,855,846,9
116000089,185,105,80
116000090,115,187,-72
116000091,224,315,-91
116000093,891,771,120
116000094,806,431,375
116000095,1075,742,333
116000096,1104,1838,-734
116000097,1200,606,594
116000098,30,7663,-7633
116000099,4540,135,4405
116000100,266,19,247
116000101,1187,435,752
116000102,244,743,-499
116000103,568,323,245
116000104,299,871,-572
116000105,1202,132,1070
116000106,484,715,-231
116000107,2696,306,2390
116000108,108,265,-157
116000111,153,22,131
116000113,246,124,122
116000114,27,100,-73
116000115,475,132,343
116000116,277,254,23
116000117,1708,1553,155
116000118,1758,1024,734
116000119,4208,1675,2533
116000120,2768,2701,67
116000121,1207,493,714
116000122,1021,944,77
116000123,1599,461,1138
116000124,396,633,-237
116000125,3787,792,2995
116000126,352,776,-424
116000127,864,832,32
116000128,2369,961,1408
116000129,1716,218,1498
116000130,793,691,102
116000133,1604,706,898
116000134,1590,1141,449
116000135,3711,1351,2360
116000136,869,1185,-316
116000137,1278,870,408
116000138,1183,633,550
116000139,1827,2714,-887
116000140,164,199,-35
116000141,333,303,30
116000142,2762,1846,916
116000143,1811,1918,-107
116000144,1565,1373,192
116000145,2202,1026,1176
116000146,842,72,770
116000147,292,179,113
116000148,815,771,44
116000149,849,997,-148
116000151,577,366,211
116000153,139,318,-179
116000155,155,263,-108
116000156,599,927,-328
116000157,108,13,95
116000158,359,317,42
116000159,21,15,6
116000160,22,56,-34
116000161,4,135,-131
116000162,66,176,-110
116000163,55,14,41
116000164,7,33,-26
116000177,128,107,21
116000194,73,326,-253
116000195,1314,552,762
116000196,26,7,19
116000197,25,16,9
116000198,2151,1205,946
116000200,713,751,-38
116000201,735,591,144
116000202,9,141,-132
116000203,0,61,-61
116000204,17,58,-41
116000205,0,121,-121
116000206,0,130,-130
116000207,7,48,-41
116000233,146,368,-222
116000287,289,200,89
116000288,432,169,263
116000292,89,94,-5
116000296,8,135,-127
116000297,87,6,81
116000304,207,11,196
116000305,11,61,-50
116000346,249,128,121
116000352,158,70,88
116000354,42,13,29
116000357,14,32,-18
116000358,396,87,309
116000361,70,0,70
116000372,2981,6692,-3711
116000381,150,0,150
116000388,1,41,-40
116000389,1024,504,520
116000445,725,287,438
116000446,645,260,385
116000447,30,598,-568
116000448,416,149,267
116000563,787,1175,-388
116000565,41,237,-196
116000568,62,518,-456
116000579,19,124,-105
116000584,21,5,16
116000585,42,25,17
116000586,84,172,-88
116000587,320,519,-199
116000589,49,61,-12
116000590,98,80,18
116000591,284,126,158
116000592,17,35,-18
116000593,0,12,-12
116000594,1060,216,844
116000595,821,62,759
116000596,166,4,162
116000597,558,162,396
116000598,34,98,-64
116000602,34,524,-490
116000605,136,100,36
116000606,89,232,-143
116000607,4,83,-79
116000609,112,1019,-907
116000611,210,240,-30
116000612,959,2032,-1073
116000613,846,264,582
116000614,425,260,165
116000615,8,463,-455
116000616,69,75,-6
116000617,150,15,135
116000618,4,46,-42
116000619,25,95,-70
116000620,187,122,65
116000621,109,99,10
116000622,69,112,-43
116000624,343,86,257
116000627,3,3,0
116000628,1,130,-129
116000629,7,120,-113
116000630,314,17,297
116000631,87,10,77
116000632,564,90,474
116000633,20,136,-116
116000634,552,10,542
116000635,798,1141,-343
116900001,287,164,123
116900002,234,1,233
116900003,68,15,53
116900004,81,109,-28
116900005,359,45,314
116900006,99,458,-359
116900007,135,270,-135
116900008,714,115,599
116900009,16,11,5
116900010,1,614,-613
116900011,17,26,-9
116900012,240,270,-30
116900013,5,80,-75
116900014,161,69,92
116900015,697,44,653
116900016,284,5,279
116900017,1,361,-360
116900018,110,50,60
116900019,4,144,-140
116900020,529,1499,-970
116900023,86,24,62
116900024,820,27,793
116900025,1552,573,979
116900026,87,425,-338
116900027,44,18,26
116900028,2,63,-61
116900029,1,101,-100
116900031,0,3,-3
116900032,17,120,-103
116900033,36,18,18
116900034,5,45,-40
116900035,171,131,40
116900036,4,78,-74
116900038,44,2,42
116900041,90,23,67
116900042,246,188,58
116900043,31,55,-24
116900045,331,101,230
116900047,15,181,-166
116900049,21,236,-215
116900050,149,306,-157
116900051,268,69,199
116900052,235,60,175
116900055,0,15,-15
116900057,17,148,-131
116900058,29,236,-207
116900059,1,62,-61
116900060,185,177,8
116900062,1,3,-2
116900064,107,187,-80
116900065,27,72,-45
116900067,95,32,63
116900068,114,194,-80
116900070,6,0,6
116900072,46,167,-121
116900073,16,56,-40
116900074,7,27,-20
116900076,14,56,-42
116900077,24,45,-21
116900078,164,43,121
116900079,50,175,-125
116900080,12,35,-23
116900081,265,811,-546
116900082,362,886,-524
116900083,13,11,2
116900084,76,46,30
116900085,14,71,-57
116900086,70,155,-85
116900088,386,70,316
116900090,48,25,23
116900091,446,20,426
116900092,104,400,-296
116900093,2313,1658,655
116900094,2786,5352,-2566
116900095,206,152,54
116900096,124,582,-458
116900097,1558,4112,-2554
116900098,766,367,399
116900099,368,811,-443
116900100,1138,87,1051
116900101,205,377,-172
116900103,7,2,5
116900104,43,101,-58
116900105,374,167,207
116900106,2817,102,2715
116900107,1706,2997,-1291
116900110,29,1,28
116900111,791,314,477
116900112,341,422,-81
116900113,889,1532,-643
116900116,59,800,-741
116900117,184,98,86
116900118,558,846,-288
116900120,622,55,567
116900121,213,22,191
116900122,1292,377,915
116900123,303,397,-94
116900124,171,647,-476
116900125,688,118,570
116900126,64,557,-493
116900128,6,34,-28
116900129,0,243,-243
116900130,554,5248,-4694
116900131,73,302,-229
116900132,103,123,-20
116900133,165,84,81
116900134,297,147,150
116900136,196,241,-45
116900137,265,158,107
116900138,200,144,56
116900139,113,265,-152
116900140,210,128,82
116900141,676,310,366
116900142,5,85,-80
116900143,458,269,189
116900144,40,85,-45
116900145,92,158,-66
116900147,276,1207,-931
116900148,14,55,-41
116900149,86,300,-214
116900150,17,19,-2
116900151,45,9,36
116900153,203,132,71
116900154,218,673,-455
116900155,79,103,-24
116900157,834,161,673
116900158,78,319,-241
116900159,65,389,-324
116900160,1003,1350,-347
116900161,4256,8549,-4293
116900162,18,72,-54
116900163,291,86,205
116900164,88,97,-9
116900165,423,519,-96
116900166,65,22,43
116900167,527,38,489
116900168,389,47,342
116900169,367,965,-598
116900170,518,646,-128
116900171,46,166,-120
116900172,138,479,-341
116900173,336,16,320
116900174,73,63,10
116900175,228,359,-131
116900178,59,80,-21
116900179,80,470,-390
116900180,81,21,60
116900182,722,352,370
116900183,231,102,129
116900185,34,71,-37
116900186,114,129,-15
116900187,65,73,-8
116900188,159,26,133
116900189,72,0,72
116900191,334,562,-228
116900192,412,107,305
116900194,194,1736,-1542
116900195,73,46,27
116900196,11,38,-27
116900197,160,16,144
116900198,101,333,-232
116900200,105,16,89
116900201,205,8,197
116900202,71,16,55
116900203,197,6,191
116900204,65,156,-91
116900206,17,0,17
116900207,24,19,5
116900208,2,49,-47
116900209,13,36,-23
116900210,578,343,235
116900211,353,7,346
116900212,142,28,114
116900213,296,92,204
116900214,240,153,87
116900215,108,48,60
116900216,350,156,194
116900218,4,180,-176
116900219,864,265,599
116900220,163,286,-123
116900221,136,292,-156
116900222,433,334,99
116900223,125,279,-154
116900226,186,39,147
116900227,168,37,131
116900228,410,132,278
116900230,66,125,-59
116900231,58,210,-152
116900232,20,172,-152
116900233,391,110,281
116900234,55,11,44
116900235,138,185,-47
116900238,1062,257,805
116900239,11,1338,-1327
116900240,3302,3362,-60
116900241,198,45,153
116900242,236,856,-620
116900243,13,70,-57
116900245,85,57,28
116900246,135,12,123
116900247,1030,38,992
116900248,121,44,77
116900249,595,76,519
116900250,541,43,498
116900251,318,808,-490
116900252,171,429,-258
116900253,170,51,119
116900254,31,60,-29
116900255,99,120,-21
116900256,598,129,469
116900257,24,228,-204
116900258,9,110,-101
116900259,390,8,382
116900260,5,45,-40
116900261,133,1,132
116900262,232,107,125
116900263,2,16,-14
116900264,0,6,-6
116900265,63,1,62
116900266,15,43,-28
116900267,5,0,5
116900268,277,208,69
116900269,340,696,-356
116900271,621,353,268
116900272,314,190,124
116900273,73,102,-29
116900274,197,21,176
116900275,258,74,184
116900276,496,173,323
116900277,312,33,279
116900278,2,4,-2
116900279,2,7,-5
116900280,43,13,30
116900281,3585,6091,-2506
116900282,2,39,-37
116900283,7,32,-25
116900284,19,163,-144
116900285,98,209,-111
116900286,100,23,77
116900287,3,25,-22
116900288,154,58,96
116900289,17,3,14
116900290,5,2,3
116900291,32,4,28
116900292,1,19,-18
116900293,95,9,86
116900294,16,97,-81
116900295,52,175,-123
116900296,26,72,-46
116900297,3,47,-44
116900298,38,97,-59
116900299,10,103,-93
116900300,5,271,-266
116900301,28,176,-148
116900302,97,344,-247
116900303,67,123,-56
116900304,0,174,-174
116900305,15,31,-16
116900306,263,26,237
117000001,3236,2184,1052
117000002,1940,3504,-1564
117000003,6414,3338,3076
117000004,2405,3758,-1353
117000005,3049,2073,976
117000006,1077,2090,-1013
117000007,5438,1304,4134
117000008,872,2359,-1487
117000009,4757,1780,2977
117000010,1920,2492,-572
117000011,2919,1523,1396
117000012,1554,920,634
117000013,1998,896,1102
117000014,1274,2058,-784
117000015,3005,1359,1646
117000016,195,213,-18
117000017,83,239,-156
117000018,123,1136,-1013
117000019,47,3,44
117000020,437,2365,-1928
117000021,1007,235,772
117000022,224,313,-89
117000023,93,228,-135
117000024,139,454,-315
117000025,284,1537,-1253
117000026,1588,1720,-132
117000027,707,3489,-2782
117000028,901,2303,-1402
117000030,186,315,-129
117000031,186,167,19
117000032,1148,1121,27
117000033,1680,1565,115
117000034,275,157,118
117000035,240,179,61
117000036,303,190,113
117000037,189,88,101
117000038,137,321,-184
117000039,257,179,78
117000040,222,589,-367
117000041,1363,119,1244
117000044,12,384,-372
117000045,488,153,335
117000046,315,663,-348
117000047,815,722,93
117000048,1493,683,810
117000049,109,746,-637
117000050,227,1024,-797
117000051,3207,72,3135
117000052,82,186,-104
117000053,829,47,782
117000054,2079,7,2072
117000055,8,1988,-1980
117000056,860,32,828
117000057,428,1793,-1365
117000060,505,1067,-562
117000061,2580,1101,1479
117000062,284,575,-291
117000063,2142,1116,1026
117000064,333,438,-105
117000066,700,782,-82
117000067,88,651,-563
117000074,94,158,-64
117000076,102,47,55
117000077,184,175,9
117000078,139,506,-367
117000079,523,217,306
117000080,0,320,-320
117000081,1097,142,955
117000082,11,42,-31
117000083,125,3,122
117000084,180,5,175
117000085,401,911,-510
117000086,822,378,444
117000087,71,455,-384
117000088,331,110,221
117000089,2276,221,2055
117000090,332,788,-456
117000091,1161,287,874
117000092,488,809,-321
117000093,1897,682,1215
117000094,1158,1647,-489
117000095,4442,836,3606
117000096,734,1588,-854
117000097,2094,940,1154
117000098,1754,2476,-722
117000099,5130,1184,3946
117000100,305,371,-66
117000101,127,612,-485
117000102,2571,710,1861
117000103,602,1014,-412
117000104,2032,554,1478
117000105,625,1075,-450
117000106,1897,614,1283
117000107,515,1208,-693
117000108,2722,1047,1675
117000109,945,1753,-808
117000110,2244,1579,665
117000111,3673,3724,-51
117000112,4030,1599,2431
117000113,130,149,-19
117000114,290,95,195
117000115,84,58,26
117000116,179,172,7
117000117,1523,1221,302
117000118,301,123,178
117000119,145,373,-228
117000120,130,1013,-883
117000121,19,1188,-1169
117000122,283,887,-604
117000123,1885,62,1823
117000124,157,159,-2
117000125,110,289,-179
117000126,37,36,1
117000127,116,412,-296
117000128,136,892,-756
117000129,99,189,-90
117000130,25,4,21
117000131,0,60,-60
117000132,3776,39,3737
117000133,2797,20,2777
117000134,0,82,-82
117000135,0,153,-153
117000136,1,37,-36
117000137,213,213,0
117000138,4,701,-697
117000140,481,1088,-607
117000141,2509,512,1997
117000181,281,178,103
117000182,953,1129,-176
117000195,147,748,-601
117000196,403,181,222
117000225,59,128,-69
117000226,4,118,-114
117000276,487,19,468
117000277,0,147,-147
117000310,1396,2291,-895
117000315,144,576,-432
117000320,53,0,53
117000906,511,28,483
117000907,18,116,-98
117000908,7,223,-216
117000909,51,38,13
117000910,331,181,150
117000911,58,119,-61
117000915,2,287,-285
117000916,75,8,67
117000917,1617,40,1577
117000918,97,52,45
117000919,27,38,-11
117000920,2,750,-748
117000921,2,530,-528
117000922,20,32,-12
117000924,981,674,307
117000926,463,147,316
117000927,405,1116,-711
117000928,0,79,-79
117000929,362,124,238
117000930,320,22,298
117000931,120,100,20
117900002,60,572,-512
117900003,327,422,-95
117900005,6,115,-109
117900006,0,36,-36
117900007,136,73,63
117900008,0,20,-20
117900010,425,59,366
117900011,32,311,-279
117900012,80,63,17
117900013,0,79,-79
117900014,468,113,355
117900015,15,53,-38
117900016,877,1259,-382
117900017,630,224,406
117900018,230,383,-153
117900019,725,163,562
117900020,65,470,-405
117900021,41,53,-12
117900022,23,15,8
117900023,1279,81,1198
117900024,61,34,27
117900025,39,10,29
117900026,520,143,377
117900028,31,12,19
117900029,335,407,-72
117900030,608,264,344
117900031,109,239,-130
117900032,1160,687,473
117900033,411,377,34
117900034,28,14,14
117900035,229,108,121
117900036,320,272,48
117900037,281,88,193
117900038,47,110,-63
117900039,1,41,-40
117900040,123,174,-51
117900041,5,47,-42
117900042,2696,465,2231
117900043,14,18,-4
117900044,64,3900,-3836
117900045,199,168,31
117900048,465,141,324
117900049,282,300,-18
117900050,9,184,-175
117900051,21,2,19
117900052,60,516,-456
117900053,2166,296,1870
117900054,0,21,-21
117900055,676,153,523
117900056,36,34,2
117900057,752,1094,-342
117900058,62,257,-195
117900059,141,107,34
117900060,3266,2508,758
117900061,14,298,-284
117900063,397,146,251
117900065,397,910,-513
117900066,22,105,-83
117900067,849,130,719
117900069,952,234,718
117900070,90,162,-72
117900071,113,121,-8
117900073,750,141,609
117900074,68,282,-214
117900075,82,62,20
117900076,16,54,-38
117900077,709,138,571
117900078,440,852,-412
117900080,154,41,113
117900081,298,378,-80
117900082,681,409,272
117900083,513,266,247
117900086,125,44,81
117900087,172,48,124
117900088,1666,1405,261
117900089,2841,782,2059
117900090,456,321,135
117900091,80,102,-22
117900092,162,25,137
117900093,149,49,100
117900094,30,41,-11
117900095,347,231,116
117900096,141,181,-40
117900097,325,71,254
117900098,52,16,36
117900099,205,352,-147
117900100,458,2,456
117900101,501,2555,-2054
117900102,88,37,51
117900103,111,2,109
117900104,10,201,-191
117900105,77,145,-68
117900106,127,41,86
117900107,73,0,73
117900109,1019,372,647
117900110,144,2,142
117900111,482,40,442
117900112,91,13,78
117900113,1313,2181,-868
117900114,50,2,48
117900115,79,114,-35
117900116,730,684,46
117900117,896,284,612
117900118,172,1,171
117900119,291,55,236
117900120,398,30,368
117900121,134,51,83
117900122,1083,5612,-4529
117900123,802,301,501
117900124,548,497,51
117900125,1616,1756,-140
117900126,178,366,-188
117900127,626,378,248
117900128,532,294,238
117900129,82,1,81
117900130,722,302,420
117900131,8,67,-59
117900132,8,83,-75
117900133,14,50,-36
117900134,75,236,-161
117900135,23,121,-98
117900136,0,28,-28
117900137,30,215,-185
117900138,0,16,-16
117900139,112,97,15
117900140,2552,335,2217
117900141,115,160,-45
117900142,30,120,-90
117900144,38,577,-539
117900145,24,111,-87
117900146,104,246,-142
117900147,86,33,53
117900148,2001,2170,-169
117900149,149,92,57
117900150,39,84,-45
117900151,39,65,-26
117900152,61,117,-56
117900153,17,130,-113
117900154,561,467,94
117900156,549,536,13
117900157,84,523,-439
117900158,461,146,315
117900160,978,888,90
117900161,1653,1520,133
117900162,708,460,248
117900163,20,363,-343
117900165,0,20,-20
117900166,88,523,-435
117900168,61,135,-74
117900169,1,91,-90
117900170,0,37,-37
117900171,3,23,-20
117900172,16,16,0
117900173,99,95,4
117900174,30,54,-24
117900175,5,17,-12
117900176,13,37,-24
117900177,32,23,9
117900178,68,46,22
117900180,225,24,201
117900181,59,579,-520
117900182,3,40,-37
117900183,91,189,-98
117900184,37,48,-11
117900185,113,62,51
117900186,49,17,32
117900187,31,6,25
117900188,221,53,168
117900189,95,26,69
117900190,30,1,29
117900191,135,1,134
117900192,185,0,185
117900193,27,65,-38
117900194,10,7,3
117900195,30,84,-54
117900196,34,20,14
117900207,146,136,10
117900208,31,26,5
117900209,138,97,41
117900210,112,169,-57
117900211,8,104,-96
117900212,145,112,33
117900213,46,9,37
117900214,8,18,-10
117900215,2,18,-16
117900216,8,28,-20
117900217,37,303,-266
117900218,71,96,-25
117900219,7,233,-226
117900220,53,137,-84
117900221,2,6,-4
118000001,865,1409,-544
118000002,495,1459,-964
118000003,1933,3926,-1993
118000004,1528,2127,-599
118000005,2855,5121,-2266
118000006,2290,6898,-4608
118000007,4531,5457,-926
118000008,1642,3775,-2133
118000009,1528,2829,-1301
118000010,5915,3882,2033
118000011,1793,1569,224
118000012,964,1281,-317
118000013,2074,1824,250
118000014,1789,1335,454
118000016,262,226,36
118000017,813,471,342
118000018,368,358,10
118000019,1555,1787,-232
118000020,816,3448,-2632
118000021,553,3475,-2922
118000022,1188,941,247
118000023,605,237,368
118000024,776,1669,-893
118000025,286,1611,-1325
118000027,6903,9724,-2821
118000029,566,972,-406
118000032,382,3670,-3288
118000033,2669,6639,-3970
118000034,3608,2954,654
118000035,2170,3162,-992
118000036,753,1150,-397
118000037,653,967,-314
118000038,254,131,123
118000039,94,119,-25
118000040,1499,1154,345
118000041,2797,1274,1523
118000045,258,242,16
118000046,1057,1245,-188
118000047,638,2044,-1406
118000048,1460,2384,-924
118000051,1763,4703,-2940
118000052,1127,2560,-1433
118000053,298,1070,-772
118000054,2737,1157,1580
118000055,2202,2344,-142
118000056,225,706,-481
118000057,200,632,-432
118000058,2084,5140,-3056
118000059,1813,3139,-1326
118000060,1573,648,925
118000061,1415,1084,331
118000062,534,311,223
118000063,417,1200,-783
118000064,784,1434,-650
118000065,2021,1525,496
118000066,1122,2414,-1292
118000067,425,691,-266
118000068,973,5938,-4965
118000069,1607,1096,511
118000070,3849,1797,2052
118000071,2823,7529,-4706
118000072,772,1563,-791
118000073,626,935,-309
118000074,566,454,112
118000075,649,238,411
118000076,1366,3901,-2535
118000077,920,1242,-322
118000078,1779,2921,-1142
118000079,183,520,-337
118000080,609,775,-166
118000081,1809,1552,257
118000082,247,1343,-1096
118000083,1198,1814,-616
118000084,2425,2293,132
118000086,222,611,-389
118000087,3186,2320,866
118000088,1282,1440,-158
118000089,3784,2708,1076
118000090,1910,2881,-971
118000091,928,3579,-2651
118000092,911,509,402
118000093,64,680,-616
118000096,361,601,-240
118000097,707,733,-26
118000098,215,158,57
118000099,910,564,346
118000101,1537,342,1195
118000102,518,758,-240
118000107,1219,412,807
118000108,630,3419,-2789
118000110,3,62,-59
118000111,0,138,-138
118000112,820,3,817
118000113,2,227,-225
118000114,548,10,538
118000115,13,14,-1
118000116,15,1,14
118000117,593,656,-63
118000118,983,1321,-338
118000119,1034,1261,-227
118000120,1213,984,229
118000121,42,512,-470
118000122,782,234,548
118000123,70,232,-162
118000125,975,713,262
118000126,617,1856,-1239
118000127,1290,743,547
118000128,360,1126,-766
118000129,1188,519,669
118000130,1499,2273,-774
118000131,267,309,-42
118000132,3270,2513,757
118000133,1231,593,638
118000135,594,592,2
118000136,149,435,-286
118000137,566,128,438
118000138,511,345,166
118000139,570,68,502
118000140,3081,7164,-4083
118000141,2773,1739,1034
118000142,2054,1538,516
118000143,3134,1282,1852
118000144,1126,607,519
118000145,1850,928,922
118000146,1431,507,924
118000147,1079,1059,20
118000148,570,1082,-512
118000149,1100,873,227
118000150,701,230,471
118000151,973,415,558
118000153,1938,1020,918
118000154,1608,1494,114
118000155,2362,1222,1140
118000156,2096,2905,-809
118000157,846,347,499
118000158,254,392,-138
118000159,46,105,-59
118000160,783,381,402
118000161,800,451,349
118000162,1857,949,908
118000163,1182,873,309
118000164,1991,1432,559
118000168,701,1183,-482
118000169,843,854,-11
118000170,2801,2678,123
118000171,380,350,30
118000172,77,141,-64
118000173,1008,1471,-463
118000175,297,462,-165
118000176,391,658,-267
118000177,443,731,-288
118000178,36,55,-19
118000179,1040,1469,-429
118000180,829,854,-25
118000181,762,285,477
118000182,234,225,9
118000183,283,336,-53
118000184,1363,618,745
118000185,1055,1826,-771
118000186,858,1504,-646
118000187,2044,439,1605
118000188,813,101,712
118000189,858,368,490
118000190,3,10,-7
118000191,20,24,-4
118000192,42,246,-204
118000193,41,346,-305
118000194,1219,804,415
118000195,322,1981,-1659
118000196,161,243,-82
118000197,70,168,-98
118000198,337,928,-591
118000199,264,515,-251
118000200,82,315,-233
118000201,343,511,-168
118000202,42,66,-24
118000203,312,840,-528
118000204,59,430,-371
118000205,104,325,-221
118000206,258,214,44
118000207,1,69,-68
118000208,1484,1481,3
118000209,2745,1179,1566
118000210,185,24,161
118000211,52,27,25
118000213,632,4022,-3390
118000214,318,598,-280
118000215,484,92,392
118000216,4041,1492,2549
118000217,38,57,-19
118000218,133,45,88
118000219,287,187,100
118000220,6,56,-50
118000221,405,419,-14
118000222,58,6,52
118000223,78,43,35
118000224,127,47,80
118000225,99,511,-412
118000226,1083,172,911
118000227,466,436,30
118000228,67,281,-214
118000229,70,130,-60
118000230,182,125,57
118000231,66,212,-146
118000232,976,419,557
118000233,1361,670,691
118000234,568,232,336
118000236,450,281,169
118000237,82,261,-179
118000238,264,130,134
118000239,343,273,70
118000240,161,96,65
118000241,193,133,60
118000242,453,253,200
118000243,251,162,89
118000244,67,74,-7
118000246,1,43,-42
118000255,37,223,-186
118000256,156,173,-17
118000259,20,78,-58
118000260,260,80,180
118000261,46,40,6
118000263,106,125,-19
118000266,169,193,-24
118000267,0,128,-128
118000268,200,4,196
118000270,104,12,92
118000271,181,144,37
118000272,118,20,98
118000273,329,52,277
118000274,80,205,-125
118000276,652,346,306
118000295,19,151,-132
118000298,202,217,-15
118000299,49,84,-35
118000301,0,57,-57
118000302,112,42,70
118000311,899,71,828
118000312,483,104,379
118000313,96,88,8
118000314,198,31,167
118000315,40,25,15
118000316,879,369,510
118000325,83,27,56
118000326,79,17,62
118000331,53,34,19
118000332,12,11,1
118000333,30,43,-13
118000335,461,1,460
118000336,0,117,-117
118000407,352,37,315
118000457,6,33,-27
118000465,1043,3878,-2835
118000480,37,35,2
118000489,19,614,-595
118000490,10,117,-107
118000492,276,144,132
118000510,44,37,7
118000514,75,380,-305
118000515,687,917,-230
118000517,310,155,155
118000524,173,394,-221
118000525,620,706,-86
118000530,22,81,-59
118000531,481,299,182
118000532,295,238,57
118000533,239,119,120
118000534,681,364,317
118000535,420,106,314
118000536,138,1210,-1072
118000537,42,154,-112
118000538,22,103,-81
118000539,41,121,-80
118000540,239,209,30
118000541,167,96,71
118000542,130,216,-86
118000543,261,235,26
118000546,55,40,15
118000560,1178,2618,-1440
118000562,29,78,-49
118000563,1175,1023,152
118000576,170,67,103
118000577,148,133,15
118000578,71,41,30
118000579,423,1318,-895
118000595,268,68,200
118000596,1,162,-161
118000597,119,63,56
118000598,19,0,19
118000599,117,38,79
118000600,1,20,-19
118000601,18,0,18
118000602,0,5,-5
118000603,0,11,-11
118900001,341,1252,-911
118900002,706,984,-278
118900003,571,10,561
118900004,55,29,26
118900005,112,10,102
118900006,140,2,138
118900007,19,0,19
118900008,1283,85,1198
118900009,110,82,28
118900010,88,8,80
118900011,158,17,141
118900012,472,193,279
118900013,529,283,246
118900015,268,45,223
118900016,15,6,9
118900017,93,232,-139
118900018,1099,56,1043
118900019,15,17,-2
118900020,75,188,-113
118900021,198,324,-126
118900022,155,63,92
118900023,114,94,20
118900024,111,166,-55
118900025,42,31,11
118900026,78,65,13
118900027,396,128,268
118900028,203,152,51
118900029,240,498,-258
118900030,585,38,547
118900031,190,70,120
118900032,337,139,198
118900033,385,563,-178
118900034,197,27,170
118900035,95,78,17
118900036,1370,704,666
118900037,334,488,-154
118900038,549,92,457
118900039,677,112,565
118900040,290,159,131
118900041,742,172,570
118900042,261,99,162
118900045,344,147,197
118900046,590,356,234
118900047,370,252,118
118900048,78,316,-238
118900049,57,55,2
118900050,59,16,43
118900051,43,111,-68
118900052,291,365,-74
118900053,27,94,-67
118900054,154,38,116
118900055,178,41,137
118900056,41,336,-295
118900057,923,511,412
118900058,459,321,138
118900059,25,83,-58
118900060,41,103,-62
118900062,430,139,291
118900064,189,803,-614
118900065,98,130,-32
118900066,127,66,61
118900067,2187,4932,-2745
118900068,12,231,-219
118900069,578,191,387
118900071,10,42,-32
118900072,481,383,98
118900073,206,125,81
118900074,184,75,109
118900075,100,30,70
118900076,186,167,19
118900077,372,165,207
118900078,9,3,6
118900079,22,95,-73
118900080,36,74,-38
118900081,63,49,14
118900082,1428,135,1293
118900083,32,7,25
118900084,11,8,3
118900085,667,445,222
118900086,38,143,-105
118900087,61,420,-359
118900088,0,2,-2
118900089,19,40,-21
118900090,739,237,502
118900091,173,252,-79
118900092,384,49,335
118900093,74,14,60
118900096,63,11,52
118900097,265,472,-207
118900099,95,290,-195
118900100,105,114,-9
118900101,264,285,-21
118900102,59,69,-10
118900103,54,161,-107
118900104,402,131,271
118900105,248,67,181
118900107,148,64,84
118900108,133,152,-19
118900109,406,523,-117
118900110,1008,988,20
118900111,753,341,412
118900112,142,141,1
118900113,92,214,-122
118900114,26,90,-64
118900115,127,431,-304
118900116,135,226,-91
118900117,131,148,-17
118900118,305,226,79
118900119,151,185,-34
118900120,104,279,-175
118900121,22,73,-51
118900122,11,1282,-1271
118900123,165,207,-42
118900124,105,109,-4
118900126,15,484,-469
118900129,265,230,35
118900130,31,154,-123
118900131,239,172,67
118900132,329,196,133
118900133,3,118,-115
118900135,237,199,38
118900136,225,368,-143
118900137,9,55,-46
118900139,265,149,116
118900140,549,429,120
118900141,60,87,-27
118900144,148,232,-84
118900145,27,64,-37
118900146,450,641,-191
118900147,88,164,-76
118900148,85,36,49
118900150,101,575,-474
118900152,705,480,225
118900157,49,190,-141
118900158,185,40,145
118900159,0,75,-75
118900161,73,12,61
118900163,51,51,0
118900164,2,43,-41
118900165,114,86,28
118900166,64,6,58
118900167,121,77,44
118900168,14,242,-228
118900169,168,111,57
118900170,275,29,246
118900171,51,38,13
118900174,75,52,23
118900175,673,461,212
118900176,211,252,-41
118900177,110,57,53
118900178,68,169,-101
118900179,16,30,-14
118900181,90,82,8
118900182,118,73,45
118900183,49,183,-134
118900184,260,93,167
118900185,124,71,53
118900186,93,94,-1
118900187,281,298,-17
118900188,382,236,146
118900189,68,1051,-983
118900190,19,149,-130
118900191,241,40,201
118900192,309,6,303
118900193,807,7,800
118900195,238,324,-86
118900196,35,118,-83
118900197,232,40,192
118900198,51,5,46
118900199,113,24,89
118900200,19,36,-17
118900201,37,54,-17
118900202,16,36,-20
118900203,18,8,10
118900204,22,12,10
118900205,4,6,-2
118900206,3,2,1
119000001,1768,2648,-880
119000002,4554,5178,-624
119000003,3933,768,3165
119000004,2659,1658,1001
119000005,2274,2424,-150
119000006,3791,1788,2003
119000007,4566,3690,876
119000008,1974,1467,507
119000009,3851,6464,-2613
119000010,4552,4012,540
119000011,2813,2946,-133
119000012,1326,3290,-1964
119000013,3622,2097,1525
119000014,1453,2231,-778
119000019,281,165,116
119000020,3021,1578,1443
119000021,6069,3384,2685
119000022,1486,4134,-2648
119000023,264,251,13
119000024,2381,15242,-12861
119000025,3817,975,2842
119000026,56,523,-467
119000027,216,423,-207
119000028,1474,578,896
119000029,85,376,-291
119000030,588,916,-328
119000031,862,471,391
119000032,6399,2580,3819
119000033,2461,1175,1286
119000034,1295,842,453
119000035,44,214,-170
119000036,2632,641,1991
119000037,1579,955,624
119000038,230,452,-222
119000039,567,465,102
119000040,700,1076,-376
119000041,625,1436,-811
119000048,2501,1735,766
119000049,2186,1391,795
119000050,1446,1226,220
119000051,2130,990,1140
119000052,1767,2414,-647
119000053,1916,985,931
119000054,3667,1681,1986
119000055,5980,2267,3713
119000056,3547,1856,1691
119000057,1723,1114,609
119000058,1925,1091,834
119000059,1406,1166,240
119000060,1769,1066,703
119000061,1924,642,1282
119000062,1175,1222,-47
119000063,780,526,254
119000064,1032,1563,-531
119000065,1888,4926,-3038
119000066,2559,1464,1095
119000067,2637,1847,790
119000068,1982,895,1087
119000069,2098,2729,-631
119000070,3597,694,2903
119000071,556,924,-368
119000072,5523,6405,-882
119000073,4555,10100,-5545
119000074,1604,1571,33
119000075,4251,2499,1752
119000076,263,3807,-3544
119000077,724,1603,-879
119000078,480,482,-2
119000079,135,1855,-1720
119000080,643,265,378
119000081,371,1294,-923
119000082,1121,275,846
119000083,754,389,365
119000084,363,569,-206
119000085,1365,147,1218
119000086,304,487,-183
119000087,1098,514,584
119000088,418,170,248
119000089,87,220,-133
119000090,180,103,77
119000091,105,344,-239
119000092,638,162,476
119000093,3685,2075,1610
119000094,4057,4801,-744
119000095,2411,2795,-384
119000097,1726,1065,661
119000098,1270,3596,-2326
119000099,2313,1116,1197
119000100,4906,3334,1572
119000101,4547,3022,1525
119000102,756,1605,-849
119000103,1295,1054,241
119000104,1583,829,754
119000105,1080,2687,-1607
119000106,355,659,-304
119000107,1329,572,757
119000108,394,514,-120
119000109,172,2453,-2281
119000110,460,2658,-2198
119000111,50,1180,-1130
119000112,206,600,-394
119000113,1798,681,1117
119000114,1515,1151,364
119000115,178,149,29
119000116,93,172,-79
119000117,188,414,-226
119000118,4,0,4
119000123,3709,2997,712
119000124,997,164,833
119000125,5491,587,4904
119000126,1099,369,730
119000127,862,370,492
119000128,27,2,25
119000131,1208,319,889
119000132,2,2,0
119000133,0,7,-7
119000134,1443,530,913
119000135,237,378,-141
119000136,433,96,337
119000137,500,188,312
119000138,777,120,657
119000139,424,116,308
119000140,492,437,55
119000284,1010,1959,-949
119000285,1811,1547,264
119000286,4925,3498,1427
119000287,1220,1449,-229
119000288,2119,801,1318
119000289,1299,1803,-504
119000290,294,252,42
119000291,14,173,-159
119000293,153,211,-58
119000294,65,33,32
119000295,991,221,770
119000296,290,170,120
119000302,1426,1242,184
119000303,33,138,-105
119000314,1389,12576,-11187
119000315,0,143,-143
119000316,178,65,113
119000317,217,114,103
119900001,270,1484,-1214
119900002,167,142,25
119900003,17,524,-507
119900004,197,1993,-1796
119900005,248,73,175
119900006,256,413,-157
119900007,959,328,631
119900008,56,54,2
119900009,636,492,144
119900010,1163,3201,-2038
119900011,20,266,-246
119900012,20,137,-117
119900013,2376,2630,-254
119900014,473,718,-245
119900015,236,60,176
119900016,69,46,23
119900017,84,50,34
119900018,1444,1410,34
119900019,77,11,66
119900020,157,171,-14
119900021,215,69,146
119900022,77,1248,-1171
119900023,309,2395,-2086
119900025,348,28,320
119900026,524,187,337
119900027,42,16,26
119900028,232,188,44
119900029,3,4,-1
119900030,599,317,282
119900031,115,827,-712
119900033,2975,411,2564
119900034,710,76,634
119900037,222,20,202
119900038,47,506,-459
119900039,51,11,40
119900040,200,35,165
119900041,219,18,201
119900042,260,149,111
119900043,147,143,4
119900044,199,1249,-1050
119900046,229,50,179
119900047,559,143,416
119900048,57,9,48
119900049,150,5,145
119900050,201,255,-54
119900051,1350,24,1326
119900052,122,19,103
119900053,240,112,128
119900054,279,17,262
119900055,1631,510,1121
119900057,389,46,343
119900058,402,8,394
119900059,111,44,67
119900060,430,50,380
119900061,492,7,485
119900062,176,17,159
119900063,8,68,-60
119900064,812,110,702
119900065,296,14,282
119900066,1,1,0
119900067,161,36,125
119900068,772,4,768
119900069,155,12,143
119900070,1857,35,1822
119900071,1062,49,1013
119900072,603,372,231
119900073,1247,473,774
119900074,17,35,-18
119900075,2186,2410,-224
119900076,1217,275,942
119900077,1185,471,714
119900078,796,545,251
119900079,346,98,248
119900080,328,299,29
119900081,63,26,37
119900082,2818,360,2458
119900083,399,105,294
119900084,534,306,228
119900085,38,30,8
119900086,270,412,-142
119900087,674,488,186
119900088,35,37,-2
119900089,31,269,-238
119900090,97,43,54
119900091,83,307,-224
119900092,108,298,-190
119900093,1540,238,1302
119900094,34,123,-89
119900095,172,118,54
119900096,40,99,-59
119900097,411,217,194
119900098,50,55,-5
119900099,40,116,-76
119900100,1011,3020,-2009
119900101,141,2194,-2053
119900102,90,138,-48
119900103,48,164,-116
119900104,40,147,-107
119900105,1013,12807,-11794
119900106,8,88,-80
119900107,235,1248,-1013
119900108,8538,621,7917
119900109,21,128,-107
119900110,1143,316,827
119900111,177,120,57
119900112,785,639,146
119900113,50,225,-175
119900114,381,582,-201
119900115,579,479,100
119900116,170,463,-293
119900117,433,367,66
119900118,189,359,-170
119900119,332,140,192
119900120,617,551,66
119900121,501,378,123
119900122,217,191,26
119900123,192,428,-236
119900124,346,360,-14
119900125,35,194,-159
119900126,5433,248,5185
119900127,1094,629,465
119900128,616,370,246
119900129,357,191,166
119900130,15,164,-149
119900131,47,97,-50
119900132,1,130,-129
119900133,116,81,35
119900134,734,122,612
119900135,0,228,-228
119900136,123,211,-88
119900138,220,352,-132
119900139,30,118,-88
119900140,4,107,-103
119900141,62,904,-842
119900142,27,49,-22
119900143,34,491,-457
119900144,989,228,761
119900145,96,119,-23
119900146,207,210,-3
119900147,2,152,-150
119900148,402,67,335
119900149,579,5963,-5384
119900150,133,95,38
119900151,2191,1078,1113
119900152,195,137,58
119900153,269,45,224
119900154,21,97,-76
119900155,58,30,28
119900156,27,10,17
119900157,203,133,70
119900158,366,57,309
119900159,1,570,-569
119900160,26,81,-55
119900161,129,85,44
119900162,1203,1434,-231
119900163,86,156,-70
119900164,0,3,-3
119900165,206,79,127
119900166,134,72,62
119900167,14,67,-53
119900168,1256,514,742
119900169,45,278,-233
119900170,203,276,-73
119900171,1112,375,737
119900172,119,35,84
119900173,8,165,-157
119900174,0,115,-115
119900175,1805,524,1281
119900177,35,128,-93
119900178,4,80,-76
119900179,174,957,-783
119900180,1244,1047,197
119900181,46,165,-119
119900182,7,150,-143
119900183,138,563,-425
119900184,849,326,523
119900185,61,262,-201
119900186,41,1459,-1418
119900187,14,158,-144
119900188,139,267,-128
119900189,293,379,-86
119900190,97,455,-358
119900191,215,337,-122
119900192,117,168,-51
119900193,574,123,451
119900194,55,92,-37
119900195,282,118,164
119900196,461,223,238
119900197,338,187,151
119900198,187,243,-56
119900199,166,37,129
119900200,789,582,207
119900201,273,221,52
119900202,80,335,-255
119900203,215,607,-392
119900204,441,242,199
119900205,1013,247,766
119900206,363,114,249
119900208,181,229,-48
119900209,594,1784,-1190
119900210,63,15,48
119900211,86,5,81
119900212,309,258,51
119900213,11,101,-90
119900214,78,31,47
119900215,55,32,23
119900216,21,22,-1
119900217,14,34,-20
119900218,44,76,-32
119900219,6,49,-43
119900220,14,33,-19
119900221,24,108,-84
119900222,32,82,-50
119900223,13,33,-20
119900224,15,19,-4
119900225,482,31,451
119900226,295,1973,-1678
119900227,458,280,178
119900228,46,241,-195
119900229,240,364,-124
119900230,981,302,679
119900231,367,90,277
119900232,236,174,62
119900233,99,15,84
119900234,14,120,-106
119900235,16,64,-48
119900236,26,112,-86
119900237,74,550,-476
119900238,6,65,-59
119900240,158,94,64
119900241,172,156,16
119900242,1298,1544,-246
119900244,707,1192,-485
119900245,117,194,-77
119900246,318,612,-294
119900247,50,150,-100
119900248,83,370,-287
119900249,365,171,194
119900253,1198,393,805
119900254,127,1097,-970
119900255,157,1087,-930
119900256,1231,605,626
119900257,169,6,163
119900258,355,34,321
119900259,10,66,-56
119900260,258,6,252
119900261,473,184,289
119900262,1,115,-114
119900263,1219,359,860
119900264,184,67,117
119900265,1118,295,823
119900266,589,164,425
119900267,238,382,-144
119900268,170,83,87
119900269,1909,641,1268
119900271,54,118,-64
119900272,386,398,-12
119900275,206,61,145
119900276,89,6,83
119900277,18,16,2
119900278,175,111,64
119900279,89,308,-219
119900280,459,127,332
119900281,0,419,-419
119900282,77,188,-111
119900283,37,136,-99
119900284,111,151,-40
119900285,11,117,-106
119900286,2,36,-34
119900288,9,10,-1
119900289,1,11,-10
119900290,5,6,-1
119900291,0,93,-93
119900292,33,101,-68
119900293,33,48,-15
119900294,32,55,-23
119900295,22,16,6
119900296,85,66,19
119900297,0,26,-26
119900298,9,28,-19
119900299,64,82,-18
119900300,303,233,70
119900301,65,142,-77
119900302,88,128,-40
119900303,319,85,234
119900304,210,9,201
119900305,2,69,-67
119900306,35,1,34
119900307,99,43,56
119900308,25,14,11
119900309,50,175,-125
119900310,318,246,72
119900311,145,49,96
119900312,146,78,68
119900313,334,277,57
119900314,276,353,-77
119900315,2446,1045,1401
119900318,21,67,-46
119900319,10,165,-155
119900320,301,405,-104
119900321,116,7,109
120000001,7488,21859,-14371
120000002,2744,2217,527
120000003,2597,1511,1086
120000004,2305,1232,1073
120000005,2433,1622,811
120000006,1133,905,228
120000007,2635,3693,-1058
120000008,940,1058,-118
120000009,1604,909,695
120000010,2018,2070,-52
120000011,983,1264,-281
120000012,1708,1918,-210
120000013,3515,2650,865
120000014,768,1356,-588
120000015,2562,1402,1160
120000016,4595,2228,2367
120000017,3988,3172,816
120000018,3393,15194,-11801
120000019,1219,1596,-377
120000020,2955,3973,-1018
120000021,2068,2463,-395
120000022,2584,3883,-1299
120000023,1371,1628,-257
120000024,1253,2514,-1261
120000025,2958,1773,1185
120000026,2971,1758,1213
120000027,2736,2264,472
120000028,1279,4673,-3394
120000029,1172,4513,-3341
120000030,888,877,11
120000031,2318,5546,-3228
120000032,5872,3475,2397
120000033,5118,1598,3520
120000034,3260,1215,2045
120000035,3665,2146,1519
120000036,4212,5853,-1641
120000037,679,1807,-1128
120000038,6041,3562,2479
120000039,891,909,-18
120000040,211,1274,-1063
120000041,757,1382,-625
120000042,2128,1353,775
120000043,5286,1173,4113
120000044,6984,1621,5363
120000045,8240,976,7264
120000046,5044,3200,1844
120000047,571,7665,-7094
120000048,6799,4462,2337
120000049,4191,2892,1299
120000050,3803,3401,402
120000051,2725,3905,-1180
120000052,7484,1534,5950
120000053,1599,1452,147
120000054,1570,2541,-971
120000055,1932,3518,-1586
120000056,5534,3599,1935
120000057,4705,1818,2887
120000058,1740,3305,-1565
120000059,31,1730,-1699
120000061,117,372,-255
120000062,145,356,-211
120000063,914,1944,-1030
120000064,275,727,-452
120000065,590,1017,-427
120000066,278,546,-268
120000067,42,465,-423
120000068,233,392,-159
120000069,596,400,196
120000070,139,342,-203
120000071,812,68,744
120000072,1222,376,846
120000073,1226,145,1081
120000074,148,177,-29
120000075,1366,419,947
120000076,3251,500,2751
120000077,2768,770,1998
120000078,3707,1431,2276
120000079,342,276,66
120000080,147,219,-72
120000081,395,124,271
120000082,322,266,56
120000083,75,779,-704
120000084,412,308,104
120000085,304,294,10
120000086,187,282,-95
120000087,232,300,-68
120000088,1010,897,113
120000089,1481,521,960
120000090,858,399,459
120000091,1437,745,692
120000092,1591,546,1045
120000093,778,529,249
120000094,271,972,-701
120000095,1090,317,773
120000096,299,480,-181
120000098,1105,519,586
120000099,540,554,-14
120000100,955,720,235
120000101,931,441,490
120000102,741,1165,-424
120000103,1907,1093,814
120000104,2289,525,1764
120000105,3928,633,3295
120000106,3243,657,2586
120000107,5585,579,5006
120000108,1996,127,1869
120000109,1457,106,1351
120000110,101,795,-694
120000111,139,710,-571
120000112,873,1650,-777
120000113,500,1172,-672
120000114,747,1442,-695
120000115,329,1357,-1028
120000116,689,1332,-643
120000117,609,1085,-476
120000118,33,64,-31
120000119,22,45,-23
120000120,99,122,-23
120000121,28,46,-18
120000122,237,619,-382
120000123,2739,9174,-6435
120000124,513,309,204
120000125,915,538,377
120000126,292,1091,-799
120000127,1452,1652,-200
120000128,2266,4701,-2435
120000129,239,293,-54
120000130,878,426,452
120000131,459,656,-197
120000134,390,426,-36
120000135,1212,654,558
120000137,332,438,-106
120000138,2003,214,1789
120000139,416,248,168
120000140,1699,281,1418
120000141,667,257,410
120000142,1190,408,782
120000143,0,75,-75
120000144,159,12,147
120000145,703,15,688
120000146,614,1037,-423
120000149,652,704,-52
120000150,2381,11566,-9185
120000151,515,354,161
120000152,999,130,869
120000153,597,429,168
120000154,535,508,27
120000155,161,241,-80
120000156,411,1631,-1220
120000157,1278,580,698
120000158,1094,684,410
120000159,1936,1789,147
120000160,2515,1797,718
120000161,3048,2145,903
120000162,60,291,-231
120000163,999,573,426
120000164,827,242,585
120000165,832,442,390
120000166,1736,380,1356
120000167,585,444,141
120000168,38,1662,-1624
120000169,130,4900,-4770
120000170,58,3796,-3738
120000171,29,1211,-1182
120000172,22,661,-639
120000173,747,4148,-3401
120000174,125,61,64
120000175,102,113,-11
120000176,57,109,-52
120000177,799,121,678
120000178,38,32,6
120000179,73,70,3
120000180,256,87,169
120000181,216,3302,-3086
120000182,86,1420,-1334
120000183,10,1156,-1146
120000184,232,2843,-2611
120000186,48,1605,-1557
120000187,23,681,-658
120000188,54,1392,-1338
120000190,187,110,77
120000191,361,152,209
120000192,287,63,224
120000193,115,6,109
120000195,26,0,26
120000196,96,13,83
120000197,41,33,8
120000198,328,40,288
120000199,230,1,229
120000200,288,2,286
120000201,17,43,-26
120000202,6,61,-55
120000203,108,134,-26
120000207,2,40,-38
120000208,10,107,-97
120000209,8,44,-36
120000210,43,75,-32
120000211,293,1,292
120000212,341,0,341
120000213,286,116,170
120000214,2,141,-139
120000215,6,98,-92
120000216,255,41,214
120000217,315,1011,-696
120000218,87,483,-396
120000219,3,317,-314
120000220,3,735,-732
120000225,2829,8,2821
120000226,582,5,577
120000227,1064,121,943
120000228,16590,4115,12475
120000230,676,27,649
120000231,2099,1184,915
120000233,572,2,570
120000235,371,411,-40
120000236,1380,4,1376
120000237,2,652,-650
120000238,8,1794,-1786
120000241,1348,4144,-2796
120000412,293,8,285
120000413,407,95,312
120000414,242,4,238
120000415,1,15,-14
120000416,152,4,148
120000417,6,96,-90
120000418,351,21,330
120000419,7,73,-66
120000420,24,10,14
120000421,6788,4672,2116
120000422,78,1777,-1699
120000423,2,91,-89
120000424,177,89,88
120000436,99,900,-801
120000437,112,120,-8
120000438,1522,254,1268
120000439,307,721,-414
120000443,202,2,200
120000444,1846,339,1507
120000445,2024,1018,1006
120000446,1002,166,836
120000447,297,0,297
120000449,289,8,281
120000450,7,63,-56
120000451,138,317,-179
120000452,624,3,621
120000453,0,87,-87
120000454,57,71,-14
120000455,96,42,54
120000456,5495,4714,781
120000457,602,349,253
120000458,455,482,-27
120000459,142,83,59
120000665,547,398,149
120000668,157,4933,-4776
120000669,162,142,20
120000670,108,3518,-3410
120000671,2151,610,1541
120000672,74,400,-326
120900001,127,97,30
120900002,175,669,-494
120900003,294,16,278
120900004,22,192,-170
120900005,112,498,-386
120900006,681,263,418
120900007,251,67,184
120900008,610,635,-25
120900009,214,22,192
120900010,621,226,395
120900011,104,250,-146
120900012,108,1398,-1290
120900013,452,132,320
120900014,4,287,-283
120900015,1233,100,1133
120900016,1379,70,1309
120900017,1888,79,1809
120900018,267,262,5
120900019,651,540,111
120900020,624,1448,-824
120900021,1227,282,945
120900022,19,216,-197
120900023,447,32,415
120900024,1851,539,1312
120900025,1215,1019,196
120900026,166,167,-1
120900027,764,17,747
120900028,694,191,503
120900029,77,886,-809
120900030,2078,970,1108
120900031,362,141,221
120900032,1787,97,1690
120900033,1464,145,1319
120900034,18,3011,-2993
120900035,88,141,-53
120900037,347,22,325
120900038,134,515,-381
120900039,105,91,14
120900040,496,9,487
120900041,58,40,18
120900042,929,41,888
120900043,91,51,40
120900044,20,426,-406
120900045,199,64,135
120900046,777,13,764
120900047,221,192,29
120900048,245,78,167
120900049,809,4,805
120900050,1145,2251,-1106
120900051,474,67,407
120900052,990,9,981
120900053,566,34,532
120900054,1226,445,781
120900055,702,1,701
120900056,916,60,856
120900057,305,30,275
120900058,933,1,932
120900059,154,4,150
120900060,140,35,105
120900061,228,176,52
120900062,313,6,307
120900063,1086,17,1069
120900064,1024,3,1021
120900065,895,11,884
120900066,618,145,473
120900067,231,88,143
120900068,520,1,519
120900069,483,19,464
120900071,37,1,36
120900072,1338,12,1326
120900073,1005,61,944
120900074,1109,24,1085
120900076,600,4,596
120900077,1649,281,1368
120900078,1222,443,779
120900079,1341,97,1244
120900080,1305,730,575
120900081,1548,342,1206
120900082,334,546,-212
120900083,144,1,143
120900084,699,671,28
120900085,84,98,-14
120900086,71,457,-386
120900087,660,393,267
120900088,254,754,-500
120900089,1774,3722,-1948
120900090,252,31,221
120900091,623,1172,-549
120900092,518,276,242
120900093,957,127,830
120900094,271,147,124
120900095,460,26,434
120900096,90,210,-120
120900097,726,446,280
120900098,167,151,16
120900099,66,55,11
120900100,51,155,-104
120900101,259,145,114
120900102,64,56,8
120900103,95,241,-146
120900104,5,110,-105
120900105,32,209,-177
120900106,654,234,420
120900107,174,164,10
120900108,15,216,-201
120900109,48,308,-260
120900110,18,208,-190
120900111,201,243,-42
120900112,22,291,-269
120900113,31,404,-373
120900114,56,90,-34
120900115,101,281,-180
120900116,599,225,374
120900117,11,160,-149
120900118,37,299,-262
120900119,16069,2700,13369
120900120,88,278,-190
120900121,50,284,-234
120900122,1042,173,869
120900123,17,122,-105
120900124,6,212,-206
120900125,2,455,-453
120900126,1087,640,447
120900127,11,196,-185
120900128,554,1130,-576
120900129,34,190,-156
120900130,51,330,-279
120900131,155,141,14
120900132,1562,224,1338
120900133,42,377,-335
120900134,343,277,66
120900135,3,298,-295
120900136,76,253,-177
120900137,363,90,273
120900138,13,151,-138
120900139,3,370,-367
120900140,11,156,-145
120900141,317,200,117
120900142,12,145,-133
120900143,2,473,-471
120900144,0,82,-82
120900145,406,390,16
120900146,2,425,-423
120900147,3,477,-474
120900148,142,99,43
120900149,0,129,-129
120900150,94,296,-202
120900151,0,301,-301
120900152,0,20,-20
120900153,0,0,0
120900154,0,109,-109
120900155,307,488,-181
120900156,97,256,-159
120900157,1,4,-3
120900158,120,249,-129
120900159,2,43,-41
120900160,42,433,-391
120900161,126,421,-295
120900162,57,989,-932
120900163,170,3778,-3608
120900164,0,109,-109
120900165,7,676,-669
120900166,91,950,-859
120900167,264,78,186
120900169,128,193,-65
120900170,480,4277,-3797
120900171,501,168,333
120900172,442,5027,-4585
120900173,0,44,-44
120900174,10,109,-99
120900175,134,129,5
120900176,12,402,-390
120900177,3,1823,-1820
120900178,2,702,-700
120900179,452,392,60
120900180,88,262,-174
120900181,79,30,49
120900182,31,147,-116
120900183,923,120,803
120900184,306,75,231
120900185,658,1274,-616
120900186,0,164,-164
120900187,685,1010,-325
120900188,293,11,282
120900189,64,2598,-2534
120900190,149,5,144
120900191,39,8,31
120900192,4930,12164,-7234
120900194,61,81,-20
120900195,84,305,-221
120900196,549,18,531
120900197,1048,237,811
120900198,241,395,-154
120900199,645,1283,-638
120900200,54,115,-61
120900201,272,169,103
120900202,0,85,-85
120900203,35,112,-77
120900204,91,170,-79
120900205,74,26,48
120900206,40,42,-2
121000001,684,1240,-556
121000002,2306,1807,499
121000003,2906,1815,1091
121000004,2485,3762,-1277
121000005,1578,2496,-918
121000006,3158,2754,404
121000007,1945,4483,-2538
121000008,5190,5465,-275
121000009,3669,6495,-2826
121000010,6853,6696,157
121000011,5963,10286,-4323
121000012,12790,8088,4702
121000013,4951,6193,-1242
121000014,5893,5144,749
121000015,4093,7562,-3469
121000016,4104,3661,443
121000017,2380,2704,-324
121000018,3158,1703,1455
121000019,9193,9553,-360
121000020,10020,17722,-7702
121000021,2311,1881,430
121000022,2821,3957,-1136
121000023,2737,1526,1211
121000024,4745,5269,-524
121000025,409,1451,-1042
121000026,314,200,114
121000027,1480,1393,87
121000028,1043,594,449
121000029,910,719,191
121000030,745,634,111
121000031,496,835,-339
121000032,205,178,27
121000034,382,325,57
121000035,140,189,-49
121000036,942,966,-24
121000037,558,855,-297
121000038,361,917,-556
121000039,226,349,-123
121000041,537,465,72
121000042,292,371,-79
121000043,522,702,-180
121000044,1010,1150,-140
121000045,536,278,258
121000046,967,1168,-201
121000047,43,140,-97
121000049,969,767,202
121000050,270,1744,-1474
121000051,616,289,327
121000052,412,1012,-600
121000053,468,156,312
121000054,47,493,-446
121000055,846,1710,-864
121000056,926,1192,-266
121000057,339,602,-263
121000058,293,252,41
121000059,3097,1312,1785
121000060,565,1258,-693
121000061,90,577,-487
121000062,183,564,-381
121000063,871,1100,-229
121000064,690,768,-78
121000065,249,528,-279
121000066,246,442,-196
121000067,453,710,-257
121000068,552,417,135
121000069,194,1106,-912
121000070,1631,1143,488
121000071,1781,1577,204
121000072,1348,849,499
121000073,1297,1335,-38
121000074,139,203,-64
121000075,21,354,-333
121000076,381,413,-32
121000077,159,211,-52
121000078,79,174,-95
121000080,1727,626,1101
121000081,4507,4092,415
121000082,80,267,-187
121000083,117,146,-29
121000084,200,218,-18
121000085,231,447,-216
121000086,636,659,-23
121000087,77,273,-196
121000088,572,375,197
121000089,235,585,-350
121000090,237,369,-132
121000091,911,885,26
121000092,293,60,233
121000093,279,215,64
121000094,577,922,-345
121000095,324,926,-602
121000096,3764,2460,1304
121000097,514,2568,-2054
121000098,726,559,167
121000099,748,547,201
121000100,1122,192,930
121000101,365,218,147
121000102,374,142,232
121000103,285,123,162
121000104,405,105,300
121000105,560,144,416
121000106,456,262,194
121000107,1996,2564,-568
121000109,973,869,104
121000110,228,764,-536
121000114,3597,2420,1177
121000115,2046,800,1246
121000116,314,898,-584
121000117,375,274,101
121000118,2037,219,1818
121000119,357,335,22
121000120,291,394,-103
121000121,612,1323,-711
121000123,1324,684,640
121000126,104,379,-275
121000127,180,140,40
121000128,1149,291,858
121000129,1051,512,539
121000130,805,547,258
121000131,1316,1506,-190
121000132,804,1357,-553
121000135,388,827,-439
121000136,991,1435,-444
121000137,487,460,27
121000138,845,2099,-1254
121000139,429,884,-455
121000141,274,294,-20
121000142,546,773,-227
121000143,121,25,96
121000144,512,1607,-1095
121000145,605,815,-210
121000146,1595,1289,306
121000147,1216,566,650
121000148,924,792,132
121000149,2259,1793,466
121000152,511,339,172
121000153,1655,504,1151
121000154,1429,596,833
121000155,2090,1143,947
121000156,367,1099,-732
121000157,789,1503,-714
121000158,329,362,-33
121000159,257,366,-109
121000160,387,364,23
121000161,330,371,-41
121000162,173,107,66
121000165,1149,2077,-928
121000166,29,440,-411
121000168,620,330,290
121000169,112,134,-22
121000170,449,90,359
121000171,54,228,-174
121000172,1131,775,356
121000173,1585,1647,-62
121000174,534,602,-68
121000175,1420,372,1048
121000176,402,320,82
121000177,855,561,294
121000178,63,58,5
121000179,51,58,-7
121000181,460,425,35
121000182,191,356,-165
121000183,136,140,-4
121000184,92,233,-141
121000185,35,369,-334
121000186,287,815,-528
121000187,244,118,126
121000188,271,86,185
121000192,1033,423,610
121000193,758,492,266
121000194,1764,2056,-292
121000195,201,1065,-864
121000196,381,237,144
121000197,239,1184,-945
121000198,223,232,-9
121000199,123,330,-207
121000200,763,212,551
121000201,8,197,-189
121000202,226,8,218
121000203,954,1652,-698
121000204,3679,968,2711
121000205,92,339,-247
121000206,95,109,-14
121000207,2166,981,1185
121000208,5,391,-386
121000209,663,97,566
121000210,852,249,603
121000211,525,184,341
121000212,605,364,241
121000213,13600,3020,10580
121000214,860,2168,-1308
121000215,989,1553,-564
121000216,570,642,-72
121000217,3634,3195,439
121000218,377,1841,-1464
121000219,1493,625,868
121000220,110,120,-10
121000221,137,424,-287
121000222,2511,2826,-315
121000223,187,894,-707
121000224,137,606,-469
121000225,612,2349,-1737
121000226,1297,1444,-147
121000227,12,182,-170
121000228,27,507,-480
121000229,424,627,-203
121000230,56,1680,-1624
121000231,1325,27,1298
121000232,379,351,28
121000233,557,343,214
121000234,36,74,-38
121000235,66,54,12
121000236,10,80,-70
121000237,25,16,9
121000238,9,101,-92
121000239,88,13,75
121000240,9,159,-150
121000241,147,27,120
121000242,102,758,-656
121000243,282,69,213
121000244,19,148,-129
121000245,73,24,49
121000246,2,144,-142
121000247,184,9,175
121000248,529,1693,-1164
121000249,69,322,-253
121000250,614,349,265
121000251,26,226,-200
121000252,141,94,47
121000253,399,291,108
121000254,749,159,590
121000255,129,298,-169
121000256,385,218,167
121000257,54,122,-68
121000258,152,114,38
121000259,43,84,-41
121000260,56,86,-30
121000261,84,107,-23
121000262,901,448,453
121000263,562,411,151
121000271,578,1717,-1139
121000273,18,10,8
121000274,14,54,-40
121000275,23,6,17
121000276,9,42,-33
121000278,41,29,12
121000279,40,21,19
121000280,36,64,-28
121000289,340,20,320
121000290,1138,1175,-37
121000294,251,96,155
121000297,563,1202,-639
121000299,82,724,-642
121000300,1052,712,340
121000302,30,735,-705
121000303,553,237,316
121000304,493,133,360
121000305,216,61,155
121000306,154,160,-6
121000308,114,269,-155
121000309,323,534,-211
121000310,176,302,-126
121000311,90,585,-495
121000312,422,486,-64
121000313,300,366,-66
121000314,37,72,-35
121000315,28,93,-65
121000530,1969,1415,554
121000531,1861,1434,427
121000532,6288,8821,-2533
121000533,4099,4120,-21
121000918,41,78,-37
121000919,62,91,-29
121000938,44,253,-209
121000939,46,177,-131
121000956,1847,1225,622
121000957,5,18,-13
121000958,12,71,-59
121000959,1118,448,670
121000960,1397,1702,-305
121000961,352,75,277
121000962,1097,488,609
121000973,1,204,-203
121000976,31,230,-199
121000979,549,159,390
121000981,352,102,250
121000982,318,174,144
121000983,478,221,257
121000984,31,71,-40
121000985,945,252,693
121000986,702,92,610
121000987,327,517,-190
121000988,1267,126,1141
121001302,229,133,96
121001308,2,38,-36
121001309,22,566,-544
121001313,241,68,173
121001314,1250,1975,-725
121001315,6582,3687,2895
121900001,124,276,-152
121900002,42,22,20
121900003,498,21,477
121900004,89,440,-351
121900005,30,19,11
121900006,58,8,50
121900007,2331,2038,293
121900008,179,486,-307
121900009,905,22,883
121900010,187,5,182
121900011,307,282,25
121900012,10,1,9
121900013,508,90,418
121900014,1780,340,1440
121900015,196,180,16
121900016,3,31,-28
121900017,535,693,-158
121900018,510,12,498
121900019,625,241,384
121900020,21,7,14
121900021,1097,7,1090
121900022,270,247,23
121900023,202,503,-301
121900024,341,51,290
121900025,674,635,39
121900026,271,56,215
121900027,443,279,164
121900028,282,11,271
121900029,156,262,-106
121900030,475,614,-139
121900031,1019,6989,-5970
121900032,105,55,50
121900033,202,390,-188
121900034,330,160,170
121900035,3513,2910,603
121900036,101,392,-291
121900037,166,924,-758
121900038,36,123,-87
121900039,307,57,250
121900040,74,84,-10
121900041,121,299,-178
121900042,373,277,96
121900043,5,11,-6
121900044,91,40,51
121900046,240,353,-113
121900047,260,113,147
121900048,70,63,7
121900050,51,40,11
121900051,176,161,15
121900052,131,35,96
121900053,457,407,50
121900054,381,923,-542
121900055,5,14,-9
121900058,346,120,226
121900059,395,194,201
121900060,135,612,-477
121900061,187,170,17
121900062,131,147,-16
121900063,1818,544,1274
121900064,389,474,-85
121900066,113,14,99
121900067,84,25,59
121900069,131,129,2
121900070,146,260,-114
121900071,562,303,259
121900072,107,100,7
121900073,207,320,-113
121900074,440,811,-371
121900075,491,862,-371
121900076,509,554,-45
121900077,20,15,5
121900078,185,55,130
121900079,2,1,1
121900080,1082,427,655
121900082,53,86,-33
121900084,34,32,2
121900085,7,5,2
121900086,20,59,-39
121900087,104,139,-35
121900088,1279,2645,-1366
121900089,271,159,112
121900090,36,51,-15
121900091,94,51,43
121900092,111,103,8
121900093,88,142,-54
121900094,19,12,7
121900095,408,173,235
121900096,1178,648,530
121900097,858,265,593
121900098,8,3,5
121900099,305,37,268
121900100,96,423,-327
121900101,151,211,-60
121900102,4,129,-125
121900103,434,229,205
121900104,1839,474,1365
121900105,368,238,130
121900106,4,14,-10
121900107,123,28,95
121900108,2,16,-14
121900109,293,170,123
121900110,656,394,262
121900111,616,316,300
121900112,203,179,24
121900113,57,517,-460
121900114,99,118,-19
121900115,277,430,-153
121900117,141,219,-78
121900118,1802,684,1118
121900119,154,60,94
121900120,56,1057,-1001
121900121,322,24,298
121900122,47,74,-27
121900123,204,356,-152
121900124,275,143,132
121900125,1816,1264,552
121900127,11,112,-101
121900128,85,53,32
121900129,240,125,115
121900130,84,295,-211
121900131,251,87,164
121900132,86,74,12
121900133,34,1143,-1109
121900134,30,201,-171
121900135,3541,505,3036
121900136,439,226,213
121900137,61,275,-214
121900138,82,223,-141
121900139,319,1982,-1663
121900140,97,98,-1
121900141,80,53,27
121900142,153,99,54
121900143,13,186,-173
121900144,136,337,-201
121900145,257,423,-166
121900146,506,615,-109
121900147,82,253,-171
121900148,206,372,-166
121900149,370,421,-51
121900150,34,170,-136
121900151,59,328,-269
121900152,95,103,-8
121900153,59,595,-536
121900154,10,405,-395
121900155,6,147,-141
121900156,126,181,-55
121900157,3,283,-280
121900158,78,131,-53
121900159,4,166,-162
121900160,63,234,-171
121900161,288,547,-259
121900162,90,189,-99
121900163,385,318,67
121900164,334,247,87
121900165,275,158,117
121900166,163,167,-4
121900167,83,148,-65
121900168,110,191,-81
121900169,1,192,-191
121900170,14,145,-131
121900171,901,708,193
121900172,595,271,324
121900173,894,265,629
121900174,59,66,-7
121900175,91,316,-225
121900176,510,1624,-1114
121900177,141,64,77
121900178,7,8,-1
121900179,533,269,264
121900180,1837,5810,-3973
121900182,630,923,-293
121900183,515,2253,-1738
121900184,75,906,-831
121900186,14,459,-445
121900187,29,156,-127
121900188,640,350,290
121900189,58,106,-48
121900190,295,399,-104
121900191,80,210,-130
121900192,248,1585,-1337
121900193,15,44,-29
121900194,6,408,-402
121900195,20,88,-68
121900196,819,1002,-183
121900197,348,924,-576
121900198,2009,1467,542
121900199,0,65,-65
121900200,25,191,-166
121900201,663,788,-125
121900202,113,844,-731
121900203,98,1045,-947
121900204,730,1140,-410
121900205,17,60,-43
121900206,21,97,-76
121900207,69,51,18
121900208,117,641,-524
121900209,56,66,-10
121900210,1572,1189,383
121900211,208,222,-14
121900212,101,219,-118
121900213,276,32,244
121900214,7,419,-412
121900215,54,161,-107
121900216,31,409,-378
121900217,271,268,3
121900218,171,498,-327
121900219,286,56,230
121900220,116,17,99
121900221,532,514,18
121900222,255,118,137
121900223,220,53,167
121900224,96,48,48
121900225,85,188,-103
121900226,276,99,177
121900227,464,683,-219
121900228,148,186,-38
121900229,387,424,-37
121900230,63,418,-355
121900231,98,1787,-1689
121900232,190,570,-380
121900233,235,180,55
121900234,487,139,348
121900235,682,139,543
121900236,358,174,184
121900237,210,443,-233
121900238,205,290,-85
121900239,239,47,192
121900240,331,151,180
121900241,73,36,37
121900242,8,1,7
121900243,10,0,10
121900244,28,3,25
121900245,244,79,165
121900246,3743,281,3462
121900247,313,253,60
121900248,1317,1027,290
121900250,214,384,-170
121900251,483,40,443
121900252,536,171,365
121900253,94,846,-752
121900254,464,433,31
121900255,545,119,426
121900258,4521,1998,2523
121900259,201,684,-483
121900260,191,114,77
121900261,126,657,-531
121900262,450,1055,-605
121900263,366,221,145
121900264,1009,1047,-38
121900265,340,163,177
121900266,668,141,527
121900267,78,66,12
121900269,244,864,-620
121900270,43,246,-203
121900271,53,181,-128
121900273,454,1869,-1415
121900274,362,229,133
121900276,638,219,419
121900277,303,1488,-1185
121900278,140,1208,-1068
121900279,183,211,-28
121900280,108,659,-551
121900281,178,546,-368
121900284,59,6,53
121900286,164,151,13
121900287,18,24,-6
121900290,257,906,-649
121900291,312,1038,-726
121900292,161,178,-17
121900293,694,3370,-2676
121900294,335,9,326
121900295,163,154,9
121900296,66,447,-381
121900298,222,995,-773
121900299,0,19,-19
121900300,101,12,89
121900301,75,6,69
121900302,8,106,-98
121900303,344,1109,-765
121900304,3,11,-8
121900305,6,10,-4
121900306,329,0,329
121900307,163,10,153
121900308,15,100,-85
121900309,9,146,-137
121900310,13,209,-196
121900311,676,18,658
121900312,541,12,529
121900313,465,56,409
121900314,3,30,-27
121900315,28,0,28
121900316,0,5,-5
121900317,24,2,22
121900318,0,8,-8
121900319,29,192,-163
121900320,28,60,-32
121900321,13,0,13
121900322,1,14,-13
121900323,25,28,-3
121900324,2,47,-45
121900325,16,0,16
121900326,13,17,-4
121900327,5,49,-44
121900328,0,18,-18
121900329,1,61,-60
121900330,3,138,-135
121900331,53,70,-17
121900332,58,40,18
121900333,2,0,2
122000001,1515,5115,-3600
122000002,2724,1131,1593
122000003,1569,3090,-1521
122000004,2002,1600,402
122000005,3817,2494,1323
122000006,1014,1386,-372
122000007,653,1849,-1196
122000008,1314,3760,-2446
122000009,519,458,61
122000010,2522,3117,-595
122000011,5075,2394,2681
122000012,751,3593,-2842
122000013,720,1685,-965
122000014,3500,1717,1783
122000015,1213,1011,202
122000016,543,673,-130
122000017,1268,1421,-153
122000018,1934,1985,-51
122000019,965,1836,-871
122000020,217,450,-233
122000021,150,495,-345
122000022,1155,1453,-298
122000023,854,1806,-952
122000024,504,2728,-2224
122000025,663,3108,-2445
122000026,499,1591,-1092
122000027,512,1182,-670
122000028,1225,657,568
122000029,374,718,-344
122000030,182,179,3
122000031,144,411,-267
122000032,3818,2629,1189
122000033,430,3217,-2787
122000034,471,880,-409
122000035,244,632,-388
122000036,563,422,141
122000037,471,263,208
122000038,224,411,-187
122000039,554,501,53
122000040,238,305,-67
122000041,528,654,-126
122000042,406,478,-72
122000043,134,160,-26
122000044,124,123,1
122000045,1727,964,763
122000046,832,1158,-326
122000047,156,197,-41
122000048,3013,4624,-1611
122000049,6065,3517,2548
122000050,901,979,-78
122000051,176,572,-396
122000052,421,590,-169
122000053,238,1108,-870
122000054,2187,2300,-113
122000055,1822,3963,-2141
122000056,3064,3199,-135
122000057,2883,3907,-1024
122000058,893,1942,-1049
122000059,1011,3188,-2177
122000060,345,965,-620
122000061,224,802,-578
122000062,564,266,298
122000063,625,1410,-785
122000064,3010,6041,-3031
122000065,2379,2508,-129
122000066,845,1209,-364
122000067,1215,1315,-100
122000068,1890,1107,783
122000069,965,766,199
122000070,981,1589,-608
122000071,2938,1201,1737
122000072,753,731,22
122000073,232,1399,-1167
122000074,3228,1623,1605
122000075,988,1271,-283
122000076,5775,1997,3778
122000077,644,1882,-1238
122000078,835,3926,-3091
122000079,466,2312,-1846
122000080,420,518,-98
122000081,134,227,-93
122000082,330,1341,-1011
122000083,4069,1103,2966
122000084,3201,1318,1883
122000085,381,835,-454
122000086,1988,6554,-4566
122000087,205,458,-253
122000088,116,509,-393
122000089,3806,2523,1283
122000090,140,819,-679
122000091,129,260,-131
122000092,74,45,29
122000093,1619,3681,-2062
122000094,4870,3500,1370
122000095,750,4438,-3688
122000096,496,1889,-1393
122000098,2635,3749,-1114
122000099,819,1225,-406
122000100,777,930,-153
122000101,491,612,-121
122000102,2151,1011,1140
122000103,1605,1575,30
122000104,1106,251,855
122000105,407,427,-20
122000106,454,1515,-1061
122000107,1126,480,646
122000108,558,851,-293
122000109,429,296,133
122000110,572,645,-73
122000111,3103,1537,1566
122000112,1332,1611,-279
122000113,757,679,78
122000114,1790,2627,-837
122000115,1399,1313,86
122000116,422,525,-103
122000117,1241,391,850
122000118,705,590,115
122000119,2036,1750,286
122000120,951,2798,-1847
122000121,781,2102,-1321
122000122,425,1105,-680
122000123,1159,1533,-374
122000124,798,613,185
122000125,505,664,-159
122000126,396,797,-401
122000127,594,860,-266
122000128,297,490,-193
122000129,453,1513,-1060
122000130,2621,1290,1331
122000131,1056,928,128
122000132,269,437,-168
122000133,994,995,-1
122000134,1012,726,286
122000135,617,455,162
122000136,848,677,171
122000137,2215,1107,1108
122000139,810,3741,-2931
122000140,397,1090,-693
122000141,2876,1614,1262
122000142,159,1253,-1094
122000143,334,425,-91
122000144,1386,1083,303
122000145,990,953,37
122000146,672,1884,-1212
122000147,544,656,-112
122000148,623,2074,-1451
122000149,1712,1197,515
122000150,1488,951,537
122000151,139,347,-208
122000152,296,366,-70
122000153,348,358,-10
122000154,234,183,51
122000155,1476,2587,-1111
122000156,4279,3532,747
122000157,822,4738,-3916
122000158,263,641,-378
122000159,614,1083,-469
122000160,1978,1846,132
122000161,1029,1015,14
122000162,1051,1611,-560
122000163,266,111,155
122000164,51,211,-160
122000165,932,975,-43
122000166,755,1615,-860
122000167,247,474,-227
122000168,203,847,-644
122000169,299,211,88
122000170,348,410,-62
122000171,33,98,-65
122000172,1641,1414,227
122000173,1341,2849,-1508
122000174,1840,1236,604
122000175,740,318,422
122000176,289,1146,-857
122000177,988,1425,-437
122000178,3961,2938,1023
122000179,2272,3420,-1148
122000180,1096,1213,-117
122000181,910,2289,-1379
122000182,1432,1716,-284
122000183,2290,942,1348
122000184,2703,3046,-343
122000185,1056,3036,-1980
122000186,481,1649,-1168
122000187,1975,1085,890
122000188,368,373,-5
122000189,211,413,-202
122000190,705,1725,-1020
122000191,696,878,-182
122000192,1409,446,963
122000193,492,787,-295
122000194,599,228,371
122000195,134,561,-427
122000196,1242,481,761
122000197,462,542,-80
122000198,382,1916,-1534
122000199,262,401,-139
122000200,833,644,189
122000201,1077,2299,-1222
122000202,1058,2392,-1334
122000203,2040,1135,905
122000204,1013,1252,-239
122000205,699,873,-174
122000206,2878,920,1958
122000207,2152,1521,631
122000208,2509,1353,1156
122000209,1775,475,1300
122000210,1905,1549,356
122000211,1417,1316,101
122000212,818,633,185
122000213,981,1532,-551
122000214,2004,1870,134
122000215,2189,1803,386
122000217,1403,1953,-550
122000218,839,89,750
122000219,1035,825,210
122000220,321,645,-324
122000221,77,372,-295
122000222,544,179,365
122000223,1110,521,589
122000225,749,384,365
122000226,1607,1549,58
122000227,189,1774,-1585
122000228,363,255,108
122000229,51,540,-489
122000230,83,418,-335
122000231,438,697,-259
122000232,627,565,62
122000233,0,54,-54
122000234,574,78,496
122000235,585,76,509
122000236,1816,49,1767
122000237,176,111,65
122000238,379,411,-32
122000239,820,200,620
122000240,1367,727,640
122000241,1271,506,765
122000242,820,192,628
122000243,35,33,2
122000244,14,287,-273
122000245,4,54,-50
122000246,73,146,-73
122000247,972,263,709
122000248,734,1046,-312
122000249,1616,1123,493
122000250,1998,1144,854
122000251,172,426,-254
122000252,409,192,217
122000253,106,249,-143
122000254,343,140,203
122000255,638,855,-217
122000256,316,486,-170
122000257,276,155,121
122000258,338,317,21
122000259,23,311,-288
122000260,9,54,-45
122000261,11,369,-358
122000262,0,24,-24
122000263,304,822,-518
122000264,1560,343,1217
122000265,2794,1040,1754
122000266,4172,695,3477
122000267,156,157,-1
122000268,176,358,-182
122000269,1072,316,756
122000270,539,187,352
122000271,237,1290,-1053
122000272,396,898,-502
122000273,412,404,8
122000274,233,229,4
122000275,50,148,-98
122000276,1032,490,542
122000277,1155,1711,-556
122000278,2083,446,1637
122000279,327,246,81
122000280,786,528,258
122000281,1072,753,319
122000282,249,483,-234
122000283,267,269,-2
122000284,261,73,188
122000285,279,71,208
122000286,55,154,-99
122000287,1437,1605,-168
122000288,468,324,144
122000291,2761,932,1829
122000293,170,131,39
122000294,112,296,-184
122000295,1411,208,1203
122000296,28,595,-567
122000297,2096,4238,-2142
122000299,592,550,42
122000300,389,483,-94
122000301,5813,3364,2449
122000302,616,2823,-2207
122000303,2425,1137,1288
122000304,53,183,-130
122000305,1564,206,1358
122000306,88,378,-290
122000307,143,138,5
122000309,72,46,26
122000310,30,131,-101
122000311,132,152,-20
122000312,135,340,-205
122000313,125,87,38
122000314,100,310,-210
122000315,327,53,274
122000316,1217,259,958
122000317,2049,255,1794
122000318,292,1308,-1016
122000319,141,293,-152
122000320,319,873,-554
122000321,100,121,-21
122000322,1511,2095,-584
122000323,912,2820,-1908
122000324,1300,1870,-570
122000325,1024,3359,-2335
122000326,111,92,19
122000327,388,695,-307
122000328,555,307,248
122000330,1633,1630,3
122000332,206,317,-111
122000333,5,58,-53
122000337,1307,551,756
122000338,634,365,269
122000340,159,1644,-1485
122000342,1259,746,513
122000343,401,440,-39
122000344,74,17,57
122000345,60,14,46
122000346,370,167,203
122000348,1149,755,394
122000349,138,671,-533
122000351,192,233,-41
122000352,342,173,169
122000353,172,68,104
122000355,164,282,-118
122000356,707,1605,-898
122000357,76,36,40
122000358,0,19,-19
122000359,0,14,-14
122000360,1,18,-17
122000362,13,48,-35
122000364,294,223,71
122000365,5,54,-49
122000366,6,5,1
122000368,522,702,-180
122000370,19,26,-7
122000371,53,0,53
122000372,24,6,18
122000381,190,310,-120
122000382,91,225,-134
122000384,1468,1215,253
122000385,63,2,61
122000386,251,2008,-1757
122000387,432,900,-468
122000388,1324,1053,271
122000389,158,1186,-1028
122000390,244,302,-58
122000391,191,858,-667
122000392,207,191,16
122000393,23,94,-71
122000394,633,174,459
122000395,174,91,83
122000396,232,96,136
122000397,19,18,1
122000398,20,79,-59
122000399,223,76,147
122000400,55,816,-761
122000401,129,57,72
122000402,553,157,396
122000403,473,390,83
122000404,237,131,106
122000408,648,1023,-375
122000503,8,102,-94
122000524,119,271,-152
122000544,107,2306,-2199
122000616,265,3,262
122000640,86,59,27
122000641,159,147,12
122000642,1324,619,705
122000643,67,288,-221
122000644,116,72,44
122000645,61,228,-167
122000651,615,1797,-1182
122000664,134,32,102
122000665,1096,477,619
122000666,702,1145,-443
122000673,43,195,-152
122000674,254,125,129
122000675,2171,571,1600
122000686,645,720,-75
122000687,1695,308,1387
122000688,350,336,14
122000689,1080,210,870
122000690,3240,209,3031
122000691,1151,683,468
122000692,2323,245,2078
122000693,439,796,-357
122000695,482,271,211
122000696,700,105,595
122000698,465,281,184
122000699,200,106,94
122000701,1601,294,1307
122000702,354,877,-523
122000703,207,54,153
122000717,88,61,27
122000718,376,1189,-813
122000719,126,96,30
122000720,696,93,603
122900001,39,19,20
122900002,1259,7295,-6036
122900003,534,61,473
122900004,3167,145,3022
122900005,160,221,-61
122900006,491,1521,-1030
122900007,83,134,-51
122900008,308,315,-7
122900009,689,449,240
122900010,269,99,170
122900012,218,352,-134
122900013,0,0,0
122900014,113,157,-44
122900015,737,1329,-592
122900016,149,225,-76
122900017,206,721,-515
122900018,161,12,149
122900019,13,101,-88
122900020,129,482,-353
122900021,52,327,-275
122900022,1293,774,519
122900023,817,220,597
122900024,151,132,19
122900025,4,438,-434
122900026,17,167,-150
122900027,36,518,-482
122900028,72,115,-43
122900029,4412,2963,1449
122900030,1629,664,965
122900031,36,318,-282
122900032,196,461,-265
122900033,238,224,14
122900034,3855,4873,-1018
122900035,28,27,1
122900036,67,61,6
122900037,353,148,205
122900038,85,2931,-2846
122900039,104,560,-456
122900040,196,704,-508
122900041,279,379,-100
122900042,189,244,-55
122900043,389,249,140
122900044,133,343,-210
122900045,165,130,35
122900046,188,336,-148
122900047,99,182,-83
122900048,33,210,-177
122900049,1670,161,1509
122900051,69,195,-126
122900052,188,117,71
122900053,34,33,1
122900055,366,70,296
122900057,244,64,180
122900061,571,150,421
122900062,625,701,-76
122900063,210,158,52
122900064,802,535,267
122900065,580,220,360
122900066,836,407,429
122900067,839,477,362
122900068,128,273,-145
122900069,605,1429,-824
122900070,391,65,326
122900071,99,180,-81
122900072,13,275,-262
122900073,16,104,-88
122900074,1209,322,887
122900075,0,93,-93
122900076,1,193,-192
122900077,0,69,-69
122900078,285,22,263
122900080,35,44,-9
122900081,157,141,16
122900082,1109,110,999
122900083,96,156,-60
122900084,15,165,-150
122900086,13,182,-169
122900087,338,359,-21
122900088,24,430,-406
122900089,47,265,-218
122900090,5,234,-229
122900091,404,5,399
122900092,0,105,-105
122900093,0,105,-105
122900094,5,61,-56
122900095,232,19,213
122900096,430,155,275
122900097,57,45,12
122900098,44,133,-89
122900099,130,25,105
122900100,77,824,-747
122900101,298,230,68
122900102,24,36,-12
122900103,135,3,132
122900104,373,4,369
122900105,34,15,19
122900106,11,24,-13
122900107,7,77,-70
122900108,10,65,-55
123000001,870,759,111
123000002,2795,6051,-3256
123000003,4253,5030,-777
123000004,2731,4047,-1316
123000005,3218,3271,-53
123000006,2047,1931,116
123000007,4076,2820,1256
123000008,2865,2554,311
123000009,4677,2969,1708
123000010,3270,3456,-186
123000011,1872,1103,769
123000012,645,2456,-1811
123000013,4228,1109,3119
123000014,852,3303,-2451
123000015,2280,1187,1093
123000016,2917,4121,-1204
123000017,3305,2063,1242
123000018,93,108,-15
123000019,566,40,526
123000020,445,41,404
123000021,232,200,32
123000022,349,1797,-1448
123000023,2141,2370,-229
123000024,1745,675,1070
123000025,105,100,5
123000026,16,177,-161
123000027,73,875,-802
123000028,1321,1028,293
123000029,560,1721,-1161
123000030,324,104,220
123000031,420,138,282
123000032,535,65,470
123000033,312,52,260
123000034,1259,763,496
123000035,547,453,94
123000036,298,1068,-770
123000037,328,166,162
123000038,220,280,-60
123000039,561,1711,-1150
123000040,447,261,186
123000041,811,1230,-419
123000042,444,825,-381
123000043,2024,12671,-10647
123000044,2656,2386,270
123000045,3889,2568,1321
123000046,347,1395,-1048
123000047,1106,1227,-121
123000048,144,1018,-874
123000049,5362,11037,-5675
123000050,2120,1737,383
123000051,47,141,-94
123000052,857,3710,-2853
123000053,2555,3166,-611
123000054,2046,1922,124
123000055,1975,4135,-2160
123000056,1175,1222,-47
123000057,4127,6537,-2410
123000058,751,1365,-614
123000059,280,476,-196
123000060,1360,429,931
123000061,332,633,-301
123000063,1077,1103,-26
123000064,1416,261,1155
123000065,3756,2544,1212
123000066,393,544,-151
123000067,931,390,541
123000068,2033,2015,18
123000069,4670,1838,2832
123000070,154,505,-351
123000071,1780,925,855
123000072,1288,553,735
123000073,1896,1047,849
123000074,1043,831,212
123000075,389,1481,-1092
123000076,839,334,505
123000077,1913,1452,461
123000078,2351,1329,1022
123000079,2281,1680,601
123000080,2687,1009,1678
123000081,236,352,-116
123000082,303,819,-516
123000083,1119,302,817
123000084,782,340,442
123000085,520,44,476
123000086,738,113,625
123000087,545,319,226
123000088,1395,562,833
123000089,780,942,-162
123000090,1516,747,769
123000091,1286,1098,188
123000092,744,1235,-491
123000094,861,233,628
123000095,785,865,-80
123000096,1031,405,626
123000097,748,394,354
123000098,934,548,386
123000099,630,424,206
123000100,400,820,-420
123000101,588,559,29
123000102,431,711,-280
123000104,484,558,-74
123000105,391,486,-95
123000106,573,562,11
123000107,313,326,-13
123000108,479,1007,-528
123000111,1196,378,818
123000112,1678,562,1116
123000113,606,730,-124
123000114,386,639,-253
123000115,365,289,76
123000116,49,71,-22
123000117,2294,1275,1019
123000118,547,553,-6
123000119,221,470,-249
123000120,369,463,-94
123000121,513,557,-44
123000122,326,234,92
123000123,485,627,-142
123000124,406,454,-48
123000125,1356,1386,-30
123000126,1243,5338,-4095
123000127,678,589,89
123000128,312,208,104
123000129,1106,189,917
123000130,980,80,900
123000131,1386,925,461
123000132,254,424,-170
123000133,140,209,-69
123000134,290,89,201
123000135,3198,1161,2037
123000136,248,438,-190
123000137,142,197,-55
123000138,95,263,-168
123000139,724,101,623
123000140,100,429,-329
123000141,721,170,551
123000142,950,626,324
123000143,857,1350,-493
123000144,16,41,-25
123000145,184,227,-43
123000146,34,116,-82
123000147,89,136,-47
123000149,356,302,54
123000150,92,214,-122
123000151,191,541,-350
123000152,43,391,-348
123000153,80,903,-823
123000154,1126,1636,-510
123000155,1755,1394,361
123000156,32,50,-18
123000157,530,740,-210
123000158,583,784,-201
123000159,3313,3687,-374
123000160,1045,1033,12
123000161,1803,1220,583
123000162,1517,1722,-205
123000163,751,154,597
123000164,2066,334,1732
123000165,460,969,-509
123000166,46,78,-32
123000167,126,198,-72
123000168,244,221,23
123000169,1102,146,956
123000170,71,75,-4
123000171,1224,18,1206
123000172,171,443,-272
123000173,561,366,195
123000174,1175,491,684
123000175,406,903,-497
123000176,1276,315,961
123000177,290,851,-561
123000178,1040,187,853
123000179,94,353,-259
123000180,1883,358,1525
123000181,285,861,-576
123000182,449,248,201
123000183,158,603,-445
123000184,121,419,-298
123000185,1082,410,672
123000186,11,437,-426
123000187,839,15,824
123000188,238,1,237
123000189,257,134,123
123000190,67,128,-61
123000192,24,389,-365
123000193,92,719,-627
123000194,307,285,22
123000195,418,44,374
123000196,451,31,420
123000197,53,90,-37
123000198,36,1105,-1069
123000199,23,684,-661
123000200,642,9,633
123000201,1319,20,1299
123000202,16,529,-513
123000203,1218,69,1149
123000204,73,637,-564
123000205,266,968,-702
123000206,2816,261,2555
123000207,63,511,-448
123000208,715,264,451
123000209,2491,793,1698
123000210,388,1349,-961
123000211,500,1738,-1238
123000212,4171,567,3604
123000213,673,83,590
123000215,73,233,-160
123000216,214,804,-590
123000217,265,37,228
123000218,37,689,-652
123000219,601,112,489
123000220,652,135,517
123000221,223,79,144
123000222,571,303,268
123000223,708,152,556
123000224,473,222,251
123000225,345,42,303
123000226,137,305,-168
123000227,107,219,-112
123000228,374,65,309
123000229,800,1259,-459
123000232,98,429,-331
123000233,950,156,794
123000234,198,469,-271
123000235,1779,405,1374
123000236,422,469,-47
123000237,358,104,254
123000238,60,349,-289
123000239,391,724,-333
123000240,61,867,-806
123000241,202,52,150
123000242,440,179,261
123000243,921,748,173
123000244,928,606,322
123000245,50,133,-83
123000249,1847,677,1170
123000252,1101,374,727
123000253,1826,538,1288
123000254,838,841,-3
123000255,1223,940,283
123000256,27,192,-165
123000257,1971,1191,780
123000258,881,568,313
123000259,553,382,171
123000260,597,304,293
123000261,454,127,327
123000262,71,101,-30
123000263,592,67,525
123000264,188,95,93
123000265,37,120,-83
123000266,614,545,69
123000267,874,457,417
123000268,40,43,-3
123000269,50,66,-16
123000270,49,64,-15
123000271,61,40,21
123000272,854,327,527
123000273,324,910,-586
123000274,1266,734,532
123000275,204,618,-414
123000278,2074,2586,-512
123000279,151,71,80
123000280,369,259,110
123000281,380,139,241
123000282,99,228,-129
123000283,164,82,82
123000284,67,64,3
123000286,188,460,-272
123000287,411,291,120
123000288,1389,1263,126
123000289,366,1693,-1327
123000291,178,837,-659
123000294,159,227,-68
123000295,882,1121,-239
123000296,936,467,469
123000297,690,283,407
123000298,871,244,627
123000299,87,92,-5
123000300,1355,1098,257
123000301,125,390,-265
123000302,84,117,-33
123000303,92,269,-177
123000305,725,766,-41
123000306,193,43,150
123000309,28,37,-9
123000310,30,29,1
123000311,1,79,-78
123000312,369,467,-98
123000313,752,419,333
123000315,167,232,-65
123000316,665,77,588
123000317,223,114,109
123000318,76,213,-137
123000329,25,15,10
123000337,507,695,-188
123000338,238,97,141
123000339,363,72,291
123000340,111,249,-138
123000342,14,15,-1
123000343,62,18,44
123000344,729,277,452
123000345,272,456,-184
123000346,472,51,421
123000352,819,703,116
123000353,45,73,-28
123000354,309,5,304
123000355,0,154,-154
123000356,472,18,454
123000357,3,87,-84
123000359,18,67,-49
123000360,230,65,165
123000361,148,252,-104
123000362,575,88,487
123000363,113,148,-35
123000364,483,595,-112
123000365,11,450,-439
123000366,358,2585,-2227
123000367,260,669,-409
123000370,72,140,-68
123000371,1010,61,949
123000372,414,25,389
123000373,4,257,-253
123000374,21,146,-125
123000375,505,32,473
123000376,977,653,324
123000377,692,24,668
123000378,17,196,-179
123000379,3,174,-171
123000380,19,374,-355
123000381,75,148,-73
123000382,503,154,349
123000383,73,1073,-1000
123000384,465,139,326
123000385,121,544,-423
123000436,39,1813,-1774
123000507,93,170,-77
123000508,129,1367,-1238
123000517,273,33,240
123000518,17,176,-159
123000519,190,146,44
123000520,46,227,-181
123000521,542,152,390
123000522,136,414,-278
123000541,2,1,1
123000542,0,5,-5
123000565,1014,18,996
123000566,360,225,135
123000567,99,140,-41
123000573,22,418,-396
123000574,1034,81,953
123000575,1959,646,1313
123000576,1217,758,459
123000577,58,548,-490
123000578,326,106,220
123000579,937,6970,-6033
123000580,134,50,84
123000582,653,37,616
123000583,16,334,-318
123000584,145,273,-128
123000585,1,75,-74
123000586,93,0,93
123000596,87,87,0
123000597,93,166,-73
123000602,66,8,58
123000603,1264,296,968
123000604,671,246,425
123000605,698,110,588
123000606,2,371,-369
123000609,26,336,-310
123000610,154,92,62
123000613,22,126,-104
123000614,408,31,377
123000615,24,41,-17
123000616,1443,41,1402
123000617,106,138,-32
123000618,68,378,-310
123000619,630,46,584
123000620,35,295,-260
123000622,741,29,712
123000624,216,35,181
123000630,1652,469,1183
123000631,184,468,-284
123000632,597,614,-17
123000633,0,130,-130
123000634,46,262,-216
123000635,54,99,-45
123000636,41,337,-296
123000637,373,62,311
123000638,637,36,601
123000639,752,6308,-5556
123000640,11,312,-301
123900001,998,39,959
123900002,20,1425,-1405
123900003,187,321,-134
123900005,256,196,60
123900006,402,52,350
124000001,2060,189,1871
124000002,45,1058,-1013
124000003,1470,195,1275
124000004,55,310,-255
124000005,1426,924,502
124000006,154,634,-480
124000007,363,99,264
124000008,11,397,-386
124000009,795,249,546
124000010,251,291,-40
124000011,1205,359,846
124000012,264,266,-2
124000017,218,119,99
124000018,129,47,82
124000019,162,208,-46
124000020,31,72,-41
124000021,126,120,6
124000022,56,117,-61
124000023,1316,1478,-162
124000024,1119,312,807
124000025,1160,1625,-465
124000026,1042,794,248
124000027,4095,4685,-590
124000028,992,3552,-2560
124000030,1534,1043,491
124000031,1417,5544,-4127
124000032,1188,591,597
124000033,199,288,-89
124000034,496,423,73
124000035,29,286,-257
124000036,26,145,-119
124000037,380,1267,-887
124000038,45,157,-112
124000039,664,424,240
124000040,351,1333,-982
124000041,568,139,429
124000042,162,366,-204
124000043,100,117,-17
124000044,49,154,-105
124000045,1049,370,679
124000046,280,544,-264
124000047,2426,643,1783
124000048,1273,624,649
124000049,2394,503,1891
124000050,874,939,-65
124000051,1327,397,930
124000052,647,662,-15
124000053,514,2031,-1517
124000054,735,261,474
124000055,1301,4038,-2737
124000056,1457,816,641
124000057,1217,518,699
124000058,401,757,-356
124000059,817,1251,-434
124000060,543,466,77
124000061,1176,5728,-4552
124000062,1588,1290,298
124000063,976,1243,-267
124000064,1487,990,497
124000065,5,488,-483
124000066,63,34,29
124000067,241,153,88
124000068,18,15,3
124000069,175,10,165
124000070,76,51,25
124000071,315,90,225
124000072,217,332,-115
124000073,1188,190,998
124000074,249,558,-309
124000075,556,41,515
124000076,11,52,-41
124000077,711,907,-196
124000078,2387,1274,1113
124000079,322,1517,-1195
124000080,793,171,622
124000081,312,361,-49
124000082,61,172,-111
124000083,38,66,-28
124000084,86,500,-414
124000085,83,22,61
124000086,45,222,-177
124000087,72,127,-55
124000088,157,683,-526
124000089,826,311,515
124000090,146,197,-51
124000091,463,71,392
124000092,55,277,-222
124000093,165,170,-5
124000094,220,583,-363
124000095,155,107,48
124000096,154,225,-71
124000097,98,146,-48
124000098,41,57,-16
124000099,271,136,135
124000100,63,97,-34
124000101,122,114,8
124000102,78,35,43
124000103,145,132,13
124000104,96,45,51
124000105,149,89,60
124000106,141,38,103
124000107,34,234,-200
124000108,36,16,20
124000109,158,142,16
124000110,145,43,102
124000111,199,129,70
124000112,808,420,388
124000113,125,150,-25
124000114,434,245,189
124000115,284,544,-260
124000116,116,211,-95
124000117,46,99,-53
124000118,37,82,-45
124000119,731,636,95
124000120,517,496,21
124000121,981,743,238
124000122,426,1151,-725
124000123,1157,519,638
124000124,314,800,-486
124000125,405,479,-74
124000126,283,567,-284
124000127,1065,288,777
124000128,529,650,-121
124000129,2044,1528,516
124000130,615,597,18
124000131,926,585,341
124000132,640,741,-101
124000133,949,900,49
124000134,852,440,412
124000135,1746,2131,-385
124000136,683,790,-107
124000137,942,1115,-173
124000138,1302,1129,173
124000139,484,30,454
124000140,12,262,-250
124000141,127,9,118
124000142,21,159,-138
124000143,71,9,62
124000144,22,50,-28
124000145,184,30,154
124000146,40,31,9
124000148,55,102,-47
124000149,1228,400,828
124000150,244,555,-311
124000151,1024,495,529
124000152,632,806,-174
124000153,1098,1114,-16
124000154,614,717,-103
124000155,1292,989,303
124000156,905,1010,-105
124000169,184,435,-251
124000170,492,417,75
124000171,362,204,158
124000172,279,422,-143
124000173,548,136,412
124000174,343,509,-166
124000175,8,84,-76
124000176,65,48,17
124000177,11,59,-48
124000178,89,92,-3
124000190,28,59,-31
124000191,18,78,-60
124000192,1161,484,677
124000193,260,993,-733
124000194,329,392,-63
124000195,310,591,-281
124000196,692,610,82
124000197,38,39,-1
124000198,70,67,3
124000201,227,480,-253
124000202,657,306,351
124000203,874,211,663
124000204,1392,140,1252
124000205,174,220,-46
124000206,1179,242,937
124000207,0,44,-44
124000209,174,183,-9
124000210,871,185,686
124000211,975,11,964
124000212,1,184,-183
124000213,831,139,692
124000214,562,218,344
124000215,628,35,593
124000216,0,186,-186
124000329,157,675,-518
124000338,87,351,-264
124000339,1553,74,1479
124000341,1901,115,1786
124000344,36,0,36
124000357,1242,2613,-1371
124000358,894,1697,-803
124000359,1751,806,945
124000360,1290,528,762
124000361,2198,965,1233
124000362,1026,1233,-207
124000363,240,362,-122
124000364,473,811,-338
124000365,446,834,-388
124000366,1079,648,431
124000367,59,225,-166
124000368,506,681,-175
124000369,116,138,-22
124000370,35,435,-400
124000402,39,16,23
124000403,183,32,151
124000404,32,73,-41
124000405,960,776,184
124000406,602,574,28
124000407,4,22,-18
124000411,10,83,-73
124000412,552,8,544
124000413,49,44,5
124000414,134,91,43
124000415,43,53,-10
124000416,144,100,44
124000417,174,60,114
124000418,253,67,186
124000419,84,51,33
124000420,135,35,100
124000421,53,66,-13
124000422,19,8,11
124000423,155,29,126
124000424,5,29,-24
124000425,58,19,39
124000426,11,44,-33
124000427,48,2,46
124000428,11,70,-59
124000429,115,42,73
124000430,890,362,528
124000431,700,398,302
124000432,342,431,-89
124000439,7,0,7
124000442,20,39,-19
124000443,3,8,-5
124000445,79,872,-793
124000446,349,51,298
124900001,676,506,170
124900002,207,179,28
124900003,1215,453,762
124900004,879,282,597
124900005,302,119,183
124900006,1005,235,770
124900008,1149,649,500
124900009,152,510,-358
124900010,309,141,168
124900011,788,320,468
124900012,588,105,483
124900013,701,155,546
124900014,449,55,394
124900015,182,491,-309
124900016,87,161,-74
124900017,515,2859,-2344
124900018,122,8,114
124900020,140,96,44
124900021,418,57,361
124900022,45,8,37
124900024,335,16,319
124900026,116,25,91
124900027,180,704,-524
124900028,426,77,349
124900029,20,614,-594
124900030,6,131,-125
124900031,52,282,-230
124900032,251,274,-23
124900033,110,201,-91
124900034,5,93,-88
124900035,229,348,-119
124900036,3,59,-56
124900037,217,211,6
124900038,177,189,-12
124900039,5,210,-205
124900040,188,87,101
124900041,243,438,-195
124900042,91,5,86
124900043,436,419,17
124900044,129,0,129
124900045,551,989,-438
124900046,626,164,462
124900047,62,165,-103
124900048,220,105,115
124900050,176,137,39
124900052,96,225,-129
124900053,217,271,-54
124900054,647,548,99
124900055,0,145,-145
124900057,13,28,-15
124900060,62,118,-56
124900061,144,10,134
124900062,343,23,320
124900066,0,5,-5
124900067,4,71,-67
124900068,160,842,-682
124900070,71,16,55
124900072,246,45,201
124900074,583,127,456
124900075,372,229,143
124900076,72,1557,-1485
124900077,19,114,-95
124900078,70,18,52
124900079,317,172,145
124900080,383,277,106
124900081,1138,337,801
124900082,331,343,-12
124900083,295,313,-18
124900084,753,101,652
124900085,523,595,-72
124900086,70,1576,-1506
124900087,221,99,122
124900088,178,109,69
124900089,722,17,705
124900090,612,244,368
124900091,444,248,196
124900092,277,235,42
124900093,504,201,303
124900094,739,330,409
124900095,216,685,-469
124900096,439,253,186
124900097,411,86,325
124900098,141,292,-151
124900099,361,577,-216
124900100,402,62,340
124900101,63,273,-210
124900102,352,40,312
124900103,176,133,43
124900104,127,100,27
124900105,104,85,19
124900106,458,42,416
124900107,195,57,138
124900108,158,110,48
124900109,91,199,-108
124900110,405,307,98
124900111,1,144,-143
124900112,78,188,-110
124900113,65,381,-316
124900114,68,156,-88
124900115,165,31,134
124900116,254,242,12
124900117,137,142,-5
124900118,80,206,-126
124900119,436,198,238
124900120,47,200,-153
124900121,90,411,-321
124900122,81,119,-38
124900123,165,117,48
124900124,85,213,-128
129000186,143,88,55
204000001,34,4,30
204000002,8,2,6
204000003,35,1,34
204000004,2,2,0
204000005,616,375,241
204000006,1243,834,409
204000008,662,326,336
204000011,10,31,-21
204000012,48,61,-13
204000013,8,27,-19
204000019,1037,351,686
204000020,851,957,-106
204000021,2567,1364,1203
204000022,795,587,208
204000023,598,460,138
204000031,12,7,5
204000032,358,31,327
204000034,31,126,-95
204000035,3,5,-2
204000036,11,45,-34
204000037,0,15,-15
204000038,1,31,-30
204000039,19,7,12
204000040,5,9,-4
204000041,9,27,-18
204000042,52,16,36
204000043,50,7,43
204000044,52,1,51
204000045,54,18,36
204000046,9,1,8
204000057,13,15,-2
204000062,13,31,-18
204000068,30,242,-212
204000069,17,258,-241
204000070,77,36,41
204000080,91,37,54
204000085,1419,987,432
204000086,1477,1246,231
204000087,40,2,38
204000088,5,62,-57
204000090,34,265,-231
204000093,640,45,595
204000096,1198,696,502
204000097,773,4,769
204000099,1244,1339,-95
204000100,1807,1326,481
204000105,1381,670,711
204000110,405,1785,-1380
204000111,463,976,-513
204000112,605,3188,-2583
204000113,528,1537,-1009
204000114,1017,980,37
204000115,638,356,282
204000116,766,2070,-1304
204000119,2018,1859,159
204000132,555,327,228
204000133,651,167,484
204000134,203,99,104
204000135,501,140,361
204000136,469,195,274
204000138,398,476,-78
204000140,212,90,122
204000141,140,63,77
204000144,5,38,-33
204000145,552,31,521
204000146,15,207,-192
204000147,7,139,-132
204000148,215,24,191
204000154,15,3,12
204000155,4,6,-2
204000177,49,29,20
204000179,35,10,25
204000180,2,17,-15
204000222,4,8,-4
204000235,26,13,13
204000236,57,121,-64
204000238,50,19,31
204000240,383,43,340
204000263,232,553,-321
204000308,117,11,106
204000317,16,85,-69
204000322,9,47,-38
204000323,12,9,3
204000328,141,49,92
204000329,31,146,-115
204000330,165,7,158
204000331,44,114,-70
204010341,3,137,-134
205000001,587,934,-347
205000013,6,49,-43
205000014,15,52,-37
205000015,27,103,-76
205000016,18,94,-76
205000017,18,84,-66
205000022,209,538,-329
205000025,812,697,115
205000029,293,13,280
205000045,73,818,-745
205000047,55,661,-606
205000048,341,427,-86
205000049,143,458,-315
205000050,940,239,701
205000059,0,149,-149
205000060,0,66,-66
205000061,4,125,-121
205000062,1,204,-203
205000063,18,240,-222
205000064,19,93,-74
205000065,53,426,-373
205000066,106,311,-205
205000067,32,510,-478
205000069,242,20,222
205000082,212,134,78
205000110,58,161,-103
205000111,183,147,36
205000112,169,173,-4
205000113,129,234,-105
205000121,208,60,148
205000123,32,138,-106
205000126,424,79,345
205000127,715,109,606
205000128,365,56,309
205000129,774,44,730
205000130,86,8,78
205000131,42,11,31
205000132,60,1,59
205000133,30,1,29
205000134,267,0,267
205000137,76,118,-42
205000138,157,264,-107
205000139,28,116,-88
205000144,86,59,27
205000145,327,148,179
205000151,182,26,156
205000152,154,24,130
205000153,217,21,196
205000154,116,48,68
205000155,128,0,128
205000207,2,102,-100
205000233,22,0,22
205000234,0,1,-1
205000243,0,1,-1
205000244,0,5,-5
205000245,5,128,-123
205000249,3,22,-19
205000250,5,2,3
205000251,126,520,-394
205000264,7,69,-62
206000027,13,6,7
206000028,18,4,14
206000043,4,31,-27
206000053,4,10,-6
206000054,0,26,-26
206000055,0,19,-19
206000075,13,21,-8
206000076,35,15,20
206000077,34,4,30
206000078,19,6,13
206000079,48,16,32
206000082,365,87,278
206000100,21,414,-393
206000103,5,8,-3
206000104,17,8,9
206000105,6,4,2
206000106,2,6,-4
206000108,679,48,631
206000125,108,0,108
206000157,30,388,-358
206000170,0,81,-81
206000171,6,145,-139
206000172,12,134,-122
206000173,2,73,-71
206000174,24,31,-7
206000175,0,31,-31
206000176,19,71,-52
206000177,1,50,-49
206000178,0,129,-129
206000179,2,84,-82
206000180,6,80,-74
206000181,16,37,-21
206000182,3,36,-33
206000183,8,108,-100
206000184,5,117,-112
206000185,9,56,-47
206000186,48,234,-186
206000223,2,151,-149
206000226,20,1,19
206000227,35,0,35
206000237,44,132,-88
206000238,18,245,-227
206000239,130,1258,-1128
206000240,0,44,-44
206000241,0,51,-51
206000242,7,68,-61
206000243,6,46,-40
206000244,19,182,-163
206000245,1688,81,1607
206000246,542,22,520
206000247,551,6,545
206000248,772,20,752
206000252,42,31,11
206000258,11,26,-15
206000315,64,4,60
206000317,954,183,771
206000318,1095,78,1017
206000319,3679,124,3555
206000320,498,48,450
206000321,576,11,565
206000322,978,20,958
206000323,327,7,320
206000324,299,5,294
206000325,304,10,294
206000326,262,21,241
206000327,79,14,65
206000328,357,6,351
206000329,544,6,538
206000330,87,4,83
206000331,362,1,361
206000332,124,2,122
206000333,1260,8,1252
206000334,542,1,541
206000335,0,28,-28
206000361,3,134,-131
206000392,0,13,-13
206000405,194,3,191
206000441,74,20,54
206000498,59,3,56
206000515,59,52,7
206000530,605,66,539
206000531,328,378,-50
206000532,1912,620,1292
206000535,83,2492,-2409
206000536,11,92,-81
206000537,13,85,-72
206000613,2170,294,1876
207000001,145,571,-426
207000002,82,372,-290
207000003,140,122,18
207000007,1361,207,1154
207000008,181,10,171
207000009,76,34,42
207000010,213,219,-6
207000012,624,177,447
207000015,209,587,-378
207000019,216,65,151
207000021,471,194,277
207000022,170,132,38
207000023,239,48,191
207000024,4,17,-13
207000025,38,93,-55
207000026,44,40,4
207000027,12,37,-25
207000028,64,134,-70
207000029,156,341,-185
207000033,192,438,-246
207000034,314,125,189
207000039,631,58,573
207000040,692,37,655
207000041,230,22,208
207000042,384,39,345
207000043,313,149,164
207000051,136,183,-47
207000052,46,125,-79
207000053,340,304,36
207000054,34,61,-27
207000055,174,59,115
207000056,324,194,130
207000057,112,458,-346
207000058,188,225,-37
207000059,108,168,-60
207000060,67,130,-63
207000061,208,781,-573
207000062,382,36,346
207000063,482,43,439
207000064,432,155,277
207000065,438,247,191
207000066,314,149,165
207000067,63,49,14
207000068,153,41,112
207000069,851,271,580
207000082,8,120,-112
207000083,70,151,-81
207000084,384,210,174
207000085,234,22,212
207000086,271,7,264
207000106,73,22,51
207000107,150,14,136
207000108,57,11,46
207000109,82,14,68
207000110,68,78,-10
207000111,105,95,10
207000112,90,737,-647
207000114,17,40,-23
207000115,32,47,-15
207000116,23,392,-369
207000117,17,67,-50
207000118,3,58,-55
207000119,30,56,-26
207000123,228,10,218
207000124,144,13,131
207000125,78,26,52
207000126,61,45,16
207000134,88,87,1
207000135,18,125,-107
207000148,128,339,-211
207000149,69,38,31
207000152,95,391,-296
207000153,332,967,-635
207000154,286,164,122
207000159,89,88,1
207000160,164,227,-63
207000238,0,106,-106
207000242,4,74,-70
207000248,15,22,-7
207000249,70,33,37
207000250,350,73,277
207000251,84,98,-14
207000252,29,47,-18
207000278,196,102,94
207000279,22,51,-29
207000280,798,50,748
207000281,115,413,-298
207000282,76,110,-34
207000283,27,194,-167
207000284,28,375,-347
207000285,61,68,-7
207000291,11,68,-57
207000304,74,48,26
207000306,60,304,-244
207000310,159,95,64
207000353,153,1,152
207000356,10,71,-61
207000357,9,23,-14
207000358,2,12,-10
207000415,3,98,-95
207000417,56,5,51
207000418,0,23,-23
207000437,0,0,0
207000439,598,560,38
207000446,185,0,185
207000460,38,13,25
207000466,107,102,5
207000467,168,52,116
207000468,20,94,-74
207000476,8,35,-27
207000477,834,38,796
207000523,0,4,-4
207000524,15,0,15
207000527,170,144,26
207000530,637,2,635
207000531,315,6,309
207000532,116,23,93
207000534,153,32,121
207000535,22,281,-259
207000537,22,88,-66
207000540,7,49,-42
207000541,2,126,-124
207000548,17,109,-92
207000549,351,11,340
207000561,199,198,1
207000562,39,88,-49
207000567,104,269,-165
207000568,309,30,279
207000569,692,231,461
207000584,88,189,-101
207000585,32,267,-235
207000616,1,65,-64
207000617,186,0,186
207900008,388,57,331
208000001,522,1251,-729
208000002,680,595,85
208000003,938,405,533
208000004,701,629,72
208000005,0,13,-13
208000019,778,648,130
208000020,208,295,-87
208000021,267,237,30
208000022,1076,466,610
208000028,1089,1924,-835
208000033,607,553,54
208000034,937,1449,-512
208000040,187,98,89
208000041,800,571,229
208000042,813,606,207
208000047,165,141,24
208000064,2059,1382,677
208000066,1549,2421,-872
208000070,512,296,216
208000071,633,422,211
208000072,460,668,-208
208000080,344,330,14
208000081,354,123,231
208000082,374,149,225
208000083,120,213,-93
208000084,4,14,-10
208000085,521,454,67
208000086,399,747,-348
208000087,312,623,-311
208000089,1062,309,753
208000090,988,450,538
208000093,125,152,-27
208000094,434,289,145
208000095,777,377,400
208000104,1356,511,845
208000105,731,747,-16
208000114,98,461,-363
208000115,614,291,323
208000116,759,943,-184
208000117,104,129,-25
208000118,121,196,-75
208000155,629,1238,-609
208000158,1273,3279,-2006
208000186,1885,3061,-1176
208000204,759,903,-144
208000205,1313,678,635
208000282,2245,2589,-344
209000004,607,218,389
209000005,64,30,34
209000006,438,212,226
209000007,253,451,-198
209000010,331,109,222
209000011,107,255,-148
209000012,118,106,12
209000013,211,156,55
209000014,366,470,-104
209000025,508,53,455
209000026,973,89,884
209000027,341,381,-40
209000028,367,317,50
209000029,372,515,-143
209000030,265,814,-549
209000031,1768,1287,481
209000034,192,195,-3
209000035,105,193,-88
209000036,207,70,137
209000037,355,160,195
209000038,130,126,4
209000039,86,116,-30
209000040,294,353,-59
209000041,179,261,-82
209000042,266,209,57
209000043,706,501,205
209000044,214,539,-325
209000045,839,339,500
209000046,598,328,270
209000047,391,151,240
209000048,598,393,205
209000049,66,25,41
209000050,126,45,81
209000051,181,106,75
209000052,102,82,20
209000062,70,35,35
209000063,61,18,43
209000064,24,25,-1
209000065,148,20,128
209000066,93,8,85
209000067,134,25,109
209000080,33,201,-168
209000082,72,30,42
209000091,19,91,-72
209000093,34,24,10
209000094,60,145,-85
209000110,36,150,-114
209000111,769,2070,-1301
209000112,1482,519,963
209000113,2205,539,1666
209000114,1142,609,533
209000115,39,57,-18
209000116,226,149,77
209000118,10,61,-51
209000119,10,14,-4
209000121,82,360,-278
209000135,56,154,-98
209000142,597,2261,-1664
209000143,57,50,7
209000144,76,153,-77
209000229,251,94,157
209000240,42,120,-78
209000259,35,20,15
209000260,56,974,-918
209000261,2,855,-853
209000262,1,398,-397
209000263,0,152,-152
209000264,2,199,-197
209000265,404,0,404
209000266,115,2,113
209000267,1596,7,1589
209000268,544,60,484
210000037,69,18,51
210000047,77,16,61
210000048,132,16,116
210000049,55,5,50
210000052,105,45,60
210000053,35,27,8
210000054,19,41,-22
210000070,205,5,200
210000071,102,1,101
210000072,26,1,25
210000073,2,31,-29
210000074,0,70,-70
210000075,2,136,-134
210000076,13,175,-162
210000077,12,76,-64
210000078,53,96,-43
210000079,20,27,-7
210000080,60,61,-1
210000081,141,33,108
210000082,115,6,109
210000083,90,8,82
210000084,57,0,57
210000085,0,42,-42
210000086,10,61,-51
210000099,59,194,-135
210000100,66,131,-65
210000101,64,156,-92
210000105,33,172,-139
210000159,1,253,-252
210000163,85,218,-133
210000164,186,226,-40
210000168,69,35,34
210000187,0,38,-38
210000188,0,31,-31
210000214,23,0,23
210000219,63,47,16
210000220,157,35,122
210000232,1,19,-18
210000233,38,39,-1
210000234,31,73,-42
210000235,95,54,41
210000245,0,49,-49
210000246,24,3,21
210000258,24,61,-37
210000259,300,41,259
210000282,65,229,-164
210000285,2,113,-111
210000286,25,109,-84
210000290,0,0,0
210000295,57,104,-47
210000296,48,30,18
210000320,262,68,194
210000321,91,30,61
210000338,44,60,-16
210000339,192,947,-755
210000340,112,356,-244
210000341,218,300,-82
210000342,234,180,54
210000343,152,185,-33
210000344,107,140,-33
210000345,114,171,-57
210000346,58,97,-39
210000347,24,46,-22
210000348,85,26,59
210000349,26,16,10
210000350,116,32,84
210000351,151,44,107
210000352,59,27,32
210000353,33,31,2
210000354,42,40,2
210000355,41,61,-20
210000356,19,50,-31
210000357,36,79,-43
210000358,170,206,-36
210000359,84,90,-6
210000360,149,128,21
210000361,178,113,65
210000362,218,211,7
210000363,387,200,187
210000364,89,161,-72
210000365,139,70,69
210000366,128,58,70
210000367,93,35,58
210000368,139,31,108
210000369,30,28,2
210000370,33,47,-14
210000372,10,18,-8
210000373,14,21,-7
210000374,43,25,18
210000375,42,31,11
210000376,37,65,-28
210000404,51,141,-90
210000439,24,24,0
210000472,75,1,74
210000482,63,130,-67
210000564,123,236,-113
210000567,0,4,-4
210000568,234,0,234
211000092,62,16,46
211000094,47,7,40
211000169,234,14,220
211000172,14,74,-60
211000209,0,39,-39
211000226,0,1,-1
211000270,1,1,0
211000275,37,5,32
211000276,134,24,110
211000279,35,19,16
211000281,105,13,92
211507980,0,45,-45
211977296,47,2,45
212000003,211,20,191
212000004,15,22,-7
212000005,8,49,-41
212000006,20,46,-26
212000008,162,49,113
212000009,29,45,-16
212000012,59,39,20
212000013,29,38,-9
212000014,285,124,161
212000015,310,169,141
212000016,587,408,179
212000027,570,233,337
212000028,371,237,134
212000029,282,119,163
212000030,48,16,32
212000031,66,19,47
212000048,56,446,-390
212000049,26,263,-237
212000050,34,12,22
212000051,310,139,171
212000052,248,138,110
212000053,319,276,43
212000054,385,48,337
212000055,356,84,272
212000056,15,18,-3
212000057,8,9,-1
212000058,124,87,37
212000070,142,129,13
212000077,152,306,-154
212000099,347,157,190
212000108,211,89,122
212000111,276,39,237
212000120,90,41,49
212000138,114,18,96
212000156,4,73,-69
212000158,5,21,-16
212000159,570,35,535
212000160,788,123,665
212000161,72,10,62
212000310,73,26,47
212000311,20,28,-8
212000374,54,19,35
213000001,38,477,-439
213000005,519,110,409
213000006,880,305,575
213000007,54,8,46
213000009,410,320,90
213000010,226,202,24
213000011,164,63,101
213000012,134,199,-65
213000014,65,17,48
213000015,285,8,277
213000016,345,0,345
213000017,115,26,89
213000018,0,39,-39
213000019,1,52,-51
213000020,102,205,-103
213000021,4,69,-65
213000023,390,252,138
213000033,291,1307,-1016
213000034,522,205,317
213000035,156,181,-25
213000045,226,284,-58
213000046,158,172,-14
213000047,466,1023,-557
213000056,130,27,103
213000069,80,3,77
213000073,1,45,-44
213000074,107,338,-231
213000075,625,3,622
213000085,9,30,-21
213000086,15,126,-111
213000091,317,16,301
213000092,77,15,62
213000099,147,1035,-888
213000100,857,229,628
213000101,531,74,457
213000102,564,179,385
213000103,795,637,158
213000104,41,308,-267
213000105,84,1131,-1047
213000106,30,65,-35
213000107,113,285,-172
213000108,44,234,-190
213000109,17,157,-140
213000110,34,117,-83
213000111,6,78,-72
213000112,84,103,-19
213000115,50,6,44
213000116,51,302,-251
213000117,9,351,-342
213000118,697,191,506
213000119,45,396,-351
213000120,94,198,-104
213000122,103,217,-114
213000123,211,533,-322
213000124,167,1137,-970
213000125,158,27,131
213000126,39,156,-117
213000127,56,293,-237
213000128,163,1093,-930
213000129,278,665,-387
213000130,1113,304,809
213000132,598,104,494
213000133,833,70,763
213000134,1023,6,1017
213000136,603,14,589
213000137,779,77,702
213000139,83,14,69
213000147,51,17,34
213000148,13,19,-6
213000149,25,8,17
213000150,1,254,-253
213000151,2,155,-153
213000152,1,168,-167
213000153,7,166,-159
213000154,62,311,-249
213000155,61,141,-80
213000156,135,216,-81
213000157,797,344,453
213000158,370,649,-279
213000159,825,335,490
213000163,1283,99,1184
213000165,922,482,440
213000171,2,35,-33
213000172,1,144,-143
213000173,1,139,-138
213000174,2,72,-70
213000175,14,70,-56
213000176,229,36,193
213000177,189,9,180
213000178,278,6,272
213000179,293,1,292
213000180,256,0,256
213000184,98,352,-254
213000188,489,88,401
213000189,540,37,503
213000190,783,455,328
213000191,481,204,277
213000192,307,128,179
213000193,330,266,64
213000194,1,146,-145
213000195,19,231,-212
213000196,230,1190,-960
213000197,572,566,6
213000198,51,3,48
213000200,134,440,-306
213000201,21,54,-33
213000202,23,313,-290
213000203,2142,473,1669
213000204,848,59,789
213000205,521,55,466
213000206,497,33,464
213000207,96,10,86
213000208,72,1,71
213000209,111,2,109
213000210,222,2,220
213000211,14,15,-1
213000212,12,32,-20
213000213,18,73,-55
213000218,263,345,-82
213000219,746,11,735
213000220,613,4,609
213000223,139,195,-56
213000224,37,39,-2
213000225,110,28,82
213000226,67,27,40
213000227,1032,142,890
213000228,490,66,424
213000229,58,14,44
213000230,439,11,428
213000232,51,475,-424
213000233,5,469,-464
213000234,4,94,-90
213000293,26,65,-39
213000294,96,33,63
213000295,15,66,-51
213000296,32,19,13
213000297,5,48,-43
213000298,14,52,-38
213000299,54,16,38
213000300,5,3,2
213000303,2,18,-16
213000304,1,13,-12
213000305,2,23,-21
213000306,48,69,-21
213000307,104,84,20
213000308,71,136,-65
213000309,184,56,128
213000310,516,261,255
213000311,181,856,-675
213000315,78,115,-37
213000316,229,66,163
213000322,106,57,49
213000323,180,46,134
213000324,172,47,125
213000325,140,65,75
213000326,144,47,97
213000327,177,72,105
213000328,105,128,-23
213000329,222,29,193
213000340,114,249,-135
213000341,664,75,589
213000347,364,547,-183
213000348,5,219,-214
213000349,9,7,2
213000350,230,592,-362
213000366,73,160,-87
213000367,306,6,300
213000379,46,142,-96
213000386,45,165,-120
213000406,131,215,-84
213000417,1448,488,960
213000425,343,77,266
213000426,261,36,225
213000427,81,141,-60
213000428,56,94,-38
213000429,11,7,4
213000430,130,269,-139
213000431,23,4,19
213000432,2,42,-40
213000433,23,101,-78
213000434,126,117,9
213000435,217,83,134
213000436,57,32,25
213000437,4,10,-6
213000438,247,65,182
213000439,20,12,8
213000440,15,197,-182
213000441,1,3,-2
213000442,19,37,-18
213000443,425,233,192
213000444,38,21,17
213000445,0,67,-67
213000446,1,27,-26
213000447,1,46,-45
213000448,24,164,-140
213000449,731,12,719
213000450,25,34,-9
213000451,352,72,280
213000452,20,22,-2
213000453,26,254,-228
213000455,124,6,118
213000456,2,170,-168
213000481,3,8,-5
213000484,24,4,20
213000489,174,64,110
213900002,3,106,-103
213900003,100,2,98
213900013,5,113,-108
213900015,0,6,-6
213900016,10,8,2
213900020,8,24,-16
213900030,0,26,-26
213900032,205,183,22
213900033,142,33,109
213900034,632,44,588
213900035,230,155,75
213900036,182,70,112
213900037,20,205,-185
213900038,496,135,361
213900039,1,22,-21
213900041,6,196,-190
213900042,240,321,-81
213900043,336,125,211
213900244,66,1,65
213900245,0,3,-3
218000003,18,42,-24
218000004,22,59,-37
218000005,28,52,-24
218000006,64,21,43
218000007,18,16,2
218000012,100,114,-14
218000013,156,186,-30
218000014,290,265,25
218000019,370,425,-55
218000020,227,281,-54
218000021,28,30,-2
218000022,9,3,6
218000023,1,16,-15
218000024,0,2,-2
218000025,6,9,-3
218000026,10,16,-6
218000027,3,1,2
218000028,1,1,0
218000029,4,6,-2
218000030,15,12,3
218000031,5,13,-8
218000032,5,24,-19
218000040,3,3,0
218000046,116,56,60
218000047,10,84,-74
218000048,81,61,20
218000049,76,59,17
218000050,412,225,187
218000051,101,187,-86
218000052,0,57,-57
218000053,5,5,0
218000054,6,42,-36
218000055,14,25,-11
218000056,16,23,-7
218000057,7,18,-11
218000064,0,10,-10
218000065,83,20,63
218000066,14,39,-25
218000067,45,42,3
218000068,133,60,73
218000069,335,89,246
218000070,242,183,59
218000071,188,125,63
218000072,155,194,-39
218000078,964,367,597
218000079,256,64,192
218000080,238,55,183
218000081,826,150,676
218000082,107,79,28
218000083,88,49,39
218000084,256,123,133
218000085,261,254,7
218000086,66,111,-45
218000087,270,98,172
218000090,28,101,-73
218000091,1055,438,617
218000092,125,97,28
218000093,73,32,41
218000094,361,361,0
218000099,267,585,-318
218000100,342,295,47
218000101,354,156,198
218000102,584,134,450
218000103,116,102,14
218000104,122,31,91
218000105,24,26,-2
218000106,14,20,-6
218000107,69,23,46
218000108,6,12,-6
218000112,68,27,41
218000117,61,63,-2
218000134,508,286,222
218000135,23,75,-52
218000136,164,109,55
218000137,184,118,66
218000138,58,128,-70
218000139,186,212,-26
218000140,534,230,304
218000141,97,67,30
218000142,208,120,88
218000143,82,579,-497
218000144,46,180,-134
218000145,575,373,202
218000146,124,210,-86
218000151,8,17,-9
218000152,140,48,92
218000153,7,6,1
218000154,17,5,12
218000155,61,2,59
218000156,102,11,91
218000157,61,23,38
218000158,15,15,0
218000159,5,7,-2
218000160,6,23,-17
218000161,53,3,50
218000162,28,2,26
218000163,9,1,8
218000164,52,3,49
218000165,105,30,75
218000170,7,33,-26
218000171,53,11,42
218000172,14,17,-3
218000173,23,16,7
218000174,31,18,13
218000176,329,74,255
218000177,526,257,269
218000178,91,249,-158
218000179,144,94,50
218000180,157,33,124
218000181,284,38,246
218000187,15,45,-30
218000188,22,66,-44
218000189,27,80,-53
218000190,28,23,5
218000191,262,31,231
218000192,304,129,175
218000193,611,218,393
218000194,166,270,-104
218000195,199,41,158
218000196,489,217,272
218000197,779,244,535
218000198,66,107,-41
218000199,56,21,35
218000200,53,39,14
218000201,32,10,22
218000202,41,288,-247
218000207,3,9,-6
218000208,25,31,-6
218000211,35,37,-2
218000212,0,13,-13
218000213,114,104,10
218000214,12,24,-12
218000215,45,43,2
218000217,4,49,-45
218000218,237,70,167
218000219,15,20,-5
218000220,41,366,-325
218000221,511,219,292
218000222,4,28,-24
218000223,47,567,-520
218000224,20,232,-212
218000225,282,26,256
218000226,336,111,225
218000230,0,10,-10
218000232,49,37,12
218000239,106,10,96
218000240,11,4,7
218000241,16,1,15
218000242,11,2,9
218000243,17,0,17
218000244,25,10,15
218000245,30,3,27
218000246,0,1,-1
218000247,3,0,3
218000248,0,36,-36
218000249,0,16,-16
218000250,5,11,-6
218000251,8,78,-70
218000252,5,281,-276
218000253,6,237,-231
218000254,0,58,-58
218000255,1,61,-60
218000256,12,163,-151
218000267,311,609,-298
218000268,4,36,-32
218000269,2,9,-7
218000270,41,19,22
218000271,7,24,-17
218000273,75,3,72
218000274,25,3,22
218000275,34,46,-12
218000276,25,30,-5
218000278,2,29,-27
218000279,36,21,15
218000280,5,5,0
218000281,19,14,5
218000282,405,572,-167
218000284,71,1,70
218000301,95,145,-50
218000302,114,37,77
218000303,13,37,-24
218000316,884,634,250
218000317,1618,491,1127
218000318,1322,385,937
218000319,1282,530,752
218000320,803,406,397
218000338,38,22,16
218000345,50,49,1
218000346,18,230,-212
218000459,27,147,-120
218000490,21,46,-25
218000501,140,16,124
218000502,105,24,81
218000503,93,23,70
218000504,98,34,64
218000505,44,56,-12
218000506,16,129,-113
218000508,4,9,-5
218000510,121,17,104
218000520,172,101,71
218000521,2,28,-26
218000522,0,110,-110
218000523,125,2,123
218000524,18,207,-189
218000525,113,30,83
218000526,34,179,-145
218000529,21,67,-46
218000530,18,4,14
218000531,24,13,11
218000532,58,20,38
218000534,198,7,191
218000537,12,101,-89
218000538,122,781,-659
218000540,175,201,-26
218000543,157,44,113
218000544,19,36,-17
218000545,135,93,42
218000546,53,46,7
218000547,171,106,65
218000548,126,124,2
218000549,744,357,387
218000550,202,147,55
218000551,106,493,-387
218000552,316,58,258
218000553,16,79,-63
218000554,19,20,-1
218000555,39,25,14
218000556,147,106,41
218000557,393,88,305
218000558,87,0,87
218000559,0,53,-53
218000560,0,26,-26
218000561,8,0,8
218000562,18,157,-139
218000563,200,26,174
218000564,7,160,-153
218000565,140,35,105
218000566,90,36,54
218000567,4,129,-125
218000568,26,4,22
218000569,8,221,-213
218000570,40,11,29
218000571,2,104,-102
218000572,112,6,106
218000573,6,176,-170
218000574,43,23,20
218000575,126,0,126
218000576,1,74,-73
218000577,82,3,79
218000578,1,89,-88
218000579,39,89,-50
218000581,5,105,-100
218000582,79,4,75
218000583,7,0,7
218000584,2,38,-36
218000585,43,10,33
218000586,9,49,-40
218000587,3,1,2
218000588,0,3,-3
218000589,0,12,-12
218000590,5,0,5
218000591,1,13,-12
218000592,10,17,-7
218000593,2,1,1
218000594,3,10,-7
218000595,0,0,0
218000596,0,1,-1
218000597,0,0,0
218000598,0,0,0
218000599,1,0,1
218000600,0,0,0
218000601,0,5,-5
218000602,0,2,-2
218000603,0,8,-8
218000604,8,0,8
218000605,0,20,-20
218000606,151,2,149
218000607,11,45,-34
218000608,49,17,32
218000609,14,38,-24
218000610,77,6,71
218000611,15,0,15
218000612,5,42,-37
218000613,64,1,63
218000614,0,30,-30
218000615,118,3,115
218000616,3,118,-115
218000617,10,3,7
218000618,2,21,-19
218000619,76,30,46
218000620,13,34,-21
218000621,1,0,1
218000622,0,39,-39
218000623,42,2,40
218000624,1,18,-17
218000625,6,9,-3
218000626,1,17,-16
218000628,198,78,120
218000631,19,11,8
218000632,5,165,-160
218000633,76,0,76
218000634,4,25,-21
218000635,15,14,1
218000636,722,481,241
218000637,1170,283,887
218000638,355,29,326
218000639,27,72,-45
218000640,419,27,392
218000641,71,155,-84
218000652,68,30,38
218000653,272,87,185
218000663,5,44,-39
218000675,35,26,9
218000676,0,8,-8
218000677,15,2,13
218000680,104,221,-117
218000681,328,100,228
218000691,129,57,72
218000693,325,88,237
218000703,2,12,-10
218000718,59,457,-398
218000719,110,311,-201
218000720,9,320,-311
218000721,43,29,14
218000725,7,10,-3
218001214,3,284,-281
218001329,44,69,-25
218001330,29,33,-4
218001351,25,10,15
218001352,7,8,-1
218001353,0,6,-6
218001354,2,10,-8
219000001,40,37,3
219000002,13,48,-35
219000003,75,61,14
219000004,29,41,-12
219000017,60,57,3
219000020,116,48,68
219000022,122,6,116
219000023,84,2,82
219000029,0,38,-38
219000034,28,21,7
219000039,62,205,-143
219000040,57,116,-59
219000041,143,40,103
219000051,0,36,-36
219000052,0,22,-22
219000053,2,49,-47
219000054,341,385,-44
219000055,266,1,265
219000056,4,0,4
219000057,48,0,48
219000062,10,47,-37
219000063,120,8,112
219000064,0,22,-22
219000110,325,90,235
219000111,67,46,21
219000112,209,62,147
219000113,202,54,148
219000114,132,89,43
219000116,149,52,97
219000117,225,98,127
219000118,158,103,55
219000123,154,51,103
219000124,30,30,0
219000125,26,10,16
219000126,24,80,-56
219000127,1,16,-15
219000128,18,120,-102
219000129,19,139,-120
219000130,171,471,-300
219000131,602,920,-318
219000133,38,64,-26
219000134,17,21,-4
219000135,29,81,-52
219000136,69,167,-98
219000138,87,11,76
219000139,65,26,39
219000140,93,2,91
219000141,38,57,-19
219000142,17,52,-35
219000143,10,29,-19
219000145,13,45,-32
219000146,4,25,-21
219000147,1,17,-16
219000148,6,22,-16
219000149,7,34,-27
219000150,0,38,-38
219000151,3,25,-22
219000157,226,84,142
219000158,121,217,-96
219000161,132,9,123
219000163,867,442,425
219000166,97,220,-123
219000167,109,141,-32
219000168,246,66,180
219000174,512,136,376
219000175,148,4,144
219000176,180,14,166
219000177,100,3,97
219000178,82,0,82
219000179,20,4,16
219000180,39,33,6
219000182,164,12,152
219000183,90,10,80
219000184,128,5,123
219000185,2,25,-23
219000186,84,20,64
219000187,9,71,-62
219000189,29,161,-132
219000190,43,212,-169
219000191,196,1558,-1362
219000192,170,181,-11
219000193,114,138,-24
219000195,0,27,-27
219000196,10,56,-46
219000198,13,57,-44
219000199,23,117,-94
219000200,40,74,-34
219000201,47,147,-100
219000203,17,76,-59
219000204,50,307,-257
219000205,23,216,-193
219000207,66,207,-141
219000209,25,33,-8
219000210,20,50,-30
219000213,1,100,-99
219000239,161,148,13
219000240,170,299,-129
219000241,160,90,70
219000242,38,143,-105
219000243,56,190,-134
219000244,20,46,-26
219000245,33,50,-17
219000246,37,31,6
219000247,213,29,184
219000248,457,434,23
219000249,127,138,-11
219000250,197,71,126
219000251,526,194,332
219000252,208,132,76
219000253,316,69,247
219000255,131,106,25
219000256,252,50,202
219000257,127,0,127
219000262,76,57,19
219000263,46,73,-27
219000267,3,48,-45
219000268,5,4,1
219000269,5,2,3
219000270,12,0,12
219000271,162,4,158
219000278,0,4,-4
219000279,1,2,-1
219000283,0,6,-6
219000295,22,63,-41
219000296,61,221,-160
219000297,34,49,-15
219000298,6,50,-44
219000299,338,42,296
219000300,28,88,-60
219000301,139,225,-86
219000302,25,174,-149
219000307,36,19,17
219000308,48,55,-7
219000311,206,60,146
219000312,538,116,422
219000313,357,62,295
219000314,33,123,-90
219000315,367,37,330
219000316,590,43,547
219000317,151,31,120
219000320,1,44,-43
219000321,0,13,-13
219000323,3,36,-33
219000325,4,7,-3
219000326,47,31,16
219000327,57,22,35
219000328,16,25,-9
219000329,321,108,213
219000330,43,25,18
219000331,69,26,43
219000332,135,91,44
219000333,46,3,43
219000335,124,3,121
219000337,29,0,29
219000338,38,0,38
219000344,10,52,-42
219000345,44,40,4
219000346,38,53,-15
219000348,130,86,44
219000349,67,97,-30
219000350,116,452,-336
219000351,3,14,-11
219000352,427,82,345
219000353,140,37,103
219000354,238,78,160
219000355,134,33,101
219000356,452,1518,-1066
219000363,167,57,110
219000364,79,47,32
219000365,123,30,93
219000366,185,500,-315
219000368,309,538,-229
219000370,744,650,94
219000371,6,26,-20
219000382,9,19,-10
219000383,252,1448,-1196
219000385,290,526,-236
219000386,458,1663,-1205
219000387,2,8,-6
219000390,9,3,6
219000391,0,0,0
219000397,29,39,-10
219000398,62,49,13
219000401,8,61,-53
219000402,30,62,-32
219000403,77,279,-202
219000404,18,127,-109
219000407,3,37,-34
219000409,57,25,32
219000410,115,31,84
219000411,113,11,102
219000446,66,377,-311
219000447,0,10,-10
219000448,10,3,7
219000452,87,68,19
219000453,35,196,-161
219000454,133,318,-185
219000556,386,83,303
219000558,70,77,-7
219000590,16,177,-161
219000591,127,58,69
219000592,69,204,-135
219000595,2,19,-17
219000635,182,31,151
219000636,25,38,-13
219000657,32,21,11
219000658,56,166,-110
219000673,1,61,-60
219000676,10,17,-7
219000679,26,6,20
219000684,125,2,123
219000685,2,47,-45
219000686,0,3,-3
219000688,0,30,-30
219000689,15,144,-129
219000690,117,13,104
219000691,12,110,-98
219000692,113,25,88
219000693,4,20,-16
219000694,38,0,38
219000695,35,2,33
219000698,14,0,14
219000699,0,13,-13
219000727,1,68,-67
219000728,146,2,144
219000770,25,0,25
219000771,1,15,-14
219001150,0,35,-35
219001151,0,11,-11
219001166,2,20,-18
219001167,1,37,-36
220000001,29,83,-54
220000002,8,69,-61
220000003,212,97,115
220000004,349,259,90
220000005,602,1304,-702
220000006,97,572,-475
220000007,293,245,48
220000008,280,373,-93
220000009,212,241,-29
220000010,100,51,49
220000011,369,3463,-3094
220000012,72,284,-212
220000014,153,54,99
220000015,39,209,-170
220000017,51,234,-183
220000018,4848,1887,2961
220000019,83,392,-309
220000020,398,152,246
220000021,739,124,615
220000022,1084,314,770
220000023,325,154,171
220000024,1168,413,755
220000025,1059,1635,-576
220000026,302,631,-329
220000027,18,135,-117
220000028,36,58,-22
220000029,33,63,-30
220000030,50,53,-3
220000031,648,311,337
220000064,27,837,-810
221000046,4,0,4
221000047,0,0,0
221000048,0,0,0
221000049,0,6,-6
221000050,15,1,14
221000055,40,38,2
221000057,71,6,65
221000068,275,77,198
221000069,327,33,294
221000070,234,22,212
221000071,112,6,106
221000072,233,11,222
221000073,194,27,167
221000074,2,9,-7
221000075,7,14,-7
221000076,11,12,-1
221000077,15,58,-43
221000081,17,6,11
221000082,78,5,73
221000083,6,6,0
221000084,9,2,7
221000085,11,40,-29
221000086,18,87,-69
221000087,7,82,-75
221000088,10,115,-105
221000089,34,178,-144
221000090,75,524,-449
221000098,127,11,116
221000099,169,7,162
221000100,104,6,98
221000101,202,15,187
221000102,159,20,139
221000109,4,81,-77
221000110,8,37,-29
221000111,4,93,-89
221000112,2,94,-92
221000113,14,97,-83
221000114,15,77,-62
221000120,35,45,-10
221000121,6,34,-28
221000122,50,44,6
221000123,7,12,-5
221000124,18,65,-47
221000155,149,9,140
221000156,10,28,-18
221000175,1,4,-3
221000176,0,4,-4
221000182,34,5,29
221000241,443,290,153
221000242,132,282,-150
221000243,410,219,191
221000244,290,311,-21
221000245,71,77,-6
221000246,34,190,-156
221000247,89,64,25
221000248,124,89,35
221000267,33,548,-515
221000325,22,52,-30
221000331,4,55,-51
221000338,14,58,-44
221000378,252,47,205
221000381,45,26,19
222000282,9,6,3
222000296,2,28,-26
222000568,443,26,417
222000569,252,49,203
222000570,197,24,173
222000571,620,17,603
222000577,16,54,-38
222000578,17,77,-60
222000579,22,55,-33
222000580,46,504,-458
222000599,2,138,-136
222000600,2,153,-151
222000601,5,562,-557
222000603,11,62,-51
222000604,2,42,-40
222000605,15,45,-30
222000606,0,30,-30
222000607,4,20,-16
222000608,37,35,2
222000609,60,61,-1
222000616,572,29,543
222000617,3,19,-16
222000618,5,11,-6
222000620,17,20,-3
222000621,45,7,38
222000623,698,13,685
222000624,552,4,548
222000625,976,88,888
222000636,84,5,79
222000686,12,29,-17
222000687,33,8,25
222001066,436,2,434
222001067,37,5,32
222001068,86,25,61
222001069,76,21,55
222001082,22,38,-16
222001083,44,16,28
222001084,0,21,-21
222001085,1,192,-191
222001111,60,52,8
222001112,251,13,238
222001313,94,12,82
222001314,16,100,-84
222001464,32,41,-9
222001465,9,59,-50
222001484,178,46,132
222001485,9,40,-31
222001494,867,117,750
222001495,101,90,11
222001496,458,72,386
222001497,122,152,-30
222001502,17,52,-35
222001503,158,37,121
222001504,18,187,-169
222001505,397,12,385
222001506,69,298,-229
222001507,355,33,322
222001510,736,38,698
222001511,63,125,-62
222001514,919,191,728
222001515,148,302,-154
222001518,560,43,517
222001519,70,91,-21
222001527,189,35,154
222001528,41,84,-43
222001529,498,35,463
222001530,102,106,-4
222001533,117,175,-58
222001534,519,36,483
222001535,374,270,104
222001536,49,78,-29
222001537,425,65,360
222001538,68,279,-211
222001563,1076,165,911
222001564,71,192,-121
222001568,177,230,-53
222001576,0,3,-3
222001579,5,27,-22
222001583,11,120,-109
222001584,138,11,127
222001596,473,1256,-783
222001597,1557,682,875
222001626,0,99,-99
222001650,30,264,-234
222001651,89,520,-431
222001914,275,68,207
222001915,24,106,-82
222900004,528,234,294
222900009,240,277,-37
222900019,160,281,-121
222900024,44,18,26
222900025,13,12,1
225000001,399,86,313
225000002,709,145,564
225000003,793,43,750
225000004,414,158,256
225000005,100,99,1
225000006,0,167,-167
225000007,887,934,-47
225000010,274,20,254
225000011,279,1112,-833
225000012,251,598,-347
225000013,86,79,7
225000014,713,97,616
225000015,65,80,-15
225000021,765,117,648
225000027,128,332,-204
225000032,664,77,587
225000042,46,332,-286
225000049,53,38,15
225000050,86,20,66
225000053,3,279,-276
225000058,565,181,384
225000067,214,251,-37
225000068,89,145,-56
225000069,91,258,-167
225000070,98,174,-76
225000071,26,63,-37
225000075,12,427,-415
225000076,27,52,-25
225000078,65,26,39
225000085,91,48,43
225000086,257,50,207
225000087,149,8,141
225000088,5,164,-159
225000089,98,731,-633
225000090,37,338,-301
225000091,110,59,51
225000092,31,127,-96
225000093,198,188,10
225000094,14,132,-118
225000095,209,180,29
225000096,152,264,-112
225000098,761,220,541
225000099,393,126,267
225000100,438,86,352
225000104,85,217,-132
225000110,13,233,-220
225000111,212,546,-334
225000112,210,653,-443
225000113,187,471,-284
225000114,91,224,-133
225000115,813,419,394
225000116,500,137,363
225000117,634,235,399
225000118,1132,222,910
225000119,326,90,236
225000120,786,19,767
225000121,182,18,164
225000123,450,11,439
225000125,525,99,426
225000126,591,101,490
225000127,459,1459,-1000
225000128,355,866,-511
225000132,452,23,429
225000133,362,16,346
225000134,587,121,466
225000135,105,11,94
225000136,415,13,402
225000137,246,39,207
225000138,486,88,398
225000143,33,156,-123
225000144,7,262,-255
225000145,27,39,-12
225000146,57,49,8
225000147,50,112,-62
225000148,13,100,-87
225000149,48,257,-209
225000151,31,93,-62
225000155,231,218,13
225000156,156,666,-510
225000157,258,204,54
225000158,77,112,-35
225000171,3,79,-76
225000180,10,2,8
225000181,0,41,-41
225000182,69,8,61
225000185,5,245,-240
225000187,20,243,-223
225000191,107,6,101
225000194,0,5,-5
225000208,0,49,-49
225000209,76,9,67
225000210,2,225,-223
225000217,0,6,-6
225000218,15,2,13
225000223,0,16,-16
225000224,18,1,17
225000225,0,16,-16
225000226,9,1,8
225000227,23,51,-28
225000228,10,6,4
225000229,0,40,-40
225000230,11,0,11
225000231,0,12,-12
225000232,160,1,159
225000241,48,3,45
225000242,0,23,-23
225000249,7,1,6
225000250,38,402,-364
225000251,480,37,443
225000254,1,2,-1
225000256,0,30,-30
225000257,0,18,-18
226000042,153,245,-92
226000043,36,171,-135
226000044,104,251,-147
226000045,53,153,-100
226000046,558,68,490
226000047,409,105,304
226000048,359,50,309
226000049,314,155,159
226000070,0,19,-19
226000071,0,36,-36
226000072,0,16,-16
226000073,0,8,-8
226000074,1,4,-3
226000084,2,16,-14
226000085,0,1,-1
226000086,1,9,-8
226000087,0,15,-15
226000088,6,60,-54
226000090,129,100,29
226000091,24,45,-21
226000092,3,37,-34
226000093,17,1,16
226000094,2,3,-1
226000095,7,8,-1
226000105,15,1,14
226000106,19,3,16
226000107,12,0,12
226000108,10,0,10
226000109,112,1,111
226000124,156,53,103
226000134,1188,519,669
226000135,1989,477,1512
226000136,766,341,425
226000137,4,100,-96
226000138,11,75,-64
226000139,0,33,-33
226000156,171,7,164
226000157,203,8,195
226000163,46,175,-129
226000202,7,95,-88
226000231,371,7,364
226000232,45,9,36
227000033,365,54,311
227000036,545,29,516
227000037,487,32,455
227000038,136,38,98
227000084,0,70,-70
227000085,0,51,-51
227000088,42,1,41
227000089,60,1,59
227000090,27,2,25
227000091,22,0,22
227000092,19,2,17
227000093,125,0,125
227000094,13,1,12
227000130,27,120,-93
227000131,20,86,-66
227000132,12,87,-75
227000133,13,75,-62
227000134,13,166,-153
227000152,0,5,-5
227000153,1,67,-66
227000154,0,28,-28
227000155,0,13,-13
227000156,0,14,-14
227000165,2,101,-99
227000196,687,116,571
227000199,505,183,322
227000230,10,151,-141
227000232,790,20,770
227000242,47,241,-194
227000243,393,68,325
227000245,12,218,-206
227000246,73,164,-91
227000247,453,56,397
227000248,122,24,98
227000249,14,51,-37
227000250,297,148,149
227000251,52,122,-70
227000252,26,127,-101
227000253,208,20,188
227000262,489,34,455
227000266,2102,25,2077
227000267,21,499,-478
227000282,5,50,-45
227000284,721,19,702
227000286,1,22,-21
227000291,7,184,-177
227000296,154,180,-26
227000484,193,13,180
227000485,12,414,-402
227000655,253,4,249
227000656,634,24,610
227000657,107,8,99
227000704,178,9,169
229000265,12,12,0
229000266,2,0,2
229000267,12,0,12
229000268,16,0,16
229000269,26,1,25
229000274,1,22,-21
229000275,0,12,-12
229000276,0,11,-11
229000277,2,3,-1
229000278,1,6,-5
229000295,11,23,-12
229000296,3,17,-14
229000297,0,24,-24
229000298,8,141,-133
229000320,14,10,4
229000321,19,11,8
229000412,13,47,-34
229000414,18,46,-28
229000415,13,1,12
229000416,5,12,-7
229000417,3,11,-8
229000419,79,329,-250
229000440,351,110,241
229000442,33,15,18
229000443,4,3,1
229000444,0,42,-42
229000445,130,6,124
229000446,112,16,96
229000491,4,17,-13
229000492,6,36,-30
229000493,5,35,-30
229000494,50,2,48
229000495,148,8,140
229000496,93,1,92
229000507,0,51,-51
229000508,2,21,-19
229000509,0,70,-70
229000510,3,21,-18
229000511,0,41,-41
229000512,0,13,-13
229000513,0,5,-5
229000514,0,5,-5
229000517,1,6,-5
229000518,14,12,2
229000519,1,2,-1
229000520,9,21,-12
229000521,54,22,32
229000522,1,6,-5
229000523,14,2,12
229000524,7,1,6
229000527,0,0,0
229000528,0,0,0
229000529,29,0,29
229000530,136,3,133
229000531,56,1,55
229000532,16,1,15
229000533,81,0,81
229000534,42,0,42
229000564,102,0,102
229000565,44,0,44
229000566,0,6,-6
229000567,0,13,-13
229000582,71,3,68
229000583,9,2,7
229000584,0,16,-16
229000585,2,65,-63
229000718,0,6,-6
229000719,0,5,-5
229000720,1,8,-7
229000721,0,16,-16
229000722,0,0,0
229000723,0,2,-2
229000724,0,1,-1
229000725,0,7,-7
229000738,3,0,3
229000739,1,0,1
229000740,2,0,2
229000741,35,0,35
229000742,8,0,8
229000743,21,0,21
229000744,4,0,4
229000745,1,0,1
229000746,10,0,10
229000847,93,0,93
229000848,38,0,38
229000849,145,2,143
229000851,86,1,85
229000854,0,6,-6
229000856,0,43,-43
229000857,0,10,-10
229000858,0,27,-27
229000919,2,41,-39
229000930,1,144,-143
229000937,80,17,63
229000966,48,51,-3
229000981,19,15,4
229000985,22,40,-18
229000986,0,3,-3
229000987,1,1,0
229000988,1,7,-6
229000989,17,12,5
229000990,1,3,-2
229000991,0,4,-4
229000992,26,3,23
229000993,165,14,151
229000998,23,42,-19
229000999,100,10,90
229001034,2,12,-10
229001035,1,4,-3
229001036,3,37,-34
229001037,70,0,70
229001038,0,14,-14
229001039,3,0,3
229001040,0,46,-46
229001041,54,1,53
229001042,48,10,38
229001047,21,26,-5
229001050,38,17,21
229001168,0,21,-21
229001200,34,7,27
229001338,2,30,-28
229001394,232,1,231
229001422,132,24,108
229001423,20,73,-53
229001431,60,27,33
229001432,17,33,-16
229001444,310,56,254
229001445,49,97,-48
229001479,42,1,41
229001503,206,50,156
229001504,124,55,69
229001505,142,14,128
229001506,48,44,4
229001509,40,4,36
229001510,0,33,-33
229001545,118,2,116
229001546,5,49,-44
229001553,82,16,66
229001554,34,45,-11
229001630,82,6,76
229001631,6,21,-15
229001635,1,28,-27
229001636,3,0,3
229001658,0,78,-78
229001659,56,2,54
229001660,8,3,5
229001661,7,26,-19
229001662,12,0,12
229001663,0,11,-11
229002584,201,259,-58
229002831,128,127,1
229002841,27,12,15
229002842,35,22,13
229002843,58,24,34
229002844,39,54,-15
229002845,24,143,-119
229002846,38,25,13
229002847,1,10,-9
229002848,22,13,9
229002849,2,81,-79
229002850,8,3,5
229002851,25,216,-191
229002852,171,20,151
229002853,186,11,175
229002854,57,64,-7
229002855,7,37,-30
229002856,74,10,64
229002857,11,204,-193
229002858,13,10,3
229002859,34,75,-41
229002860,112,22,90
229002861,67,56,11
229002862,28,34,-6
229002863,33,17,16
229002864,42,19,23
229002865,13,20,-7
229002866,55,31,24
229002867,1,40,-39
229002868,11,13,-2
229002869,15,126,-111
229002870,78,18,60
235000066,205,23,182
235000067,68,49,19
235000072,36,51,-15
235000073,83,374,-291
235000074,63,11,52
235000080,9,61,-52
235000081,142,46,96
235000082,218,21,197
235000083,301,30,271
235000084,86,50,36
235000085,178,45,133
235000089,22,12,10
235000092,35,103,-68
235000093,14,5,9
235000097,0,4,-4
235000098,59,9,50
235000099,32,7,25
235000116,42,13,29
235000117,308,16,292
235000133,16,462,-446
235000134,6,193,-187
235000206,5,1,4
235000207,6,6,0
235000208,2,3,-1
235000209,5,1,4
235000210,7,2,5
235000212,3,12,-9
235000213,0,9,-9
235000220,1,4,-3
235000221,34,24,10
235000238,9,149,-140
235000239,2,61,-59
235000242,363,965,-602
235000245,301,158,143
235000246,7,56,-49
235000284,2,171,-169
235000295,71,14,57
235000305,278,22,256
235000306,348,4,344
235000307,22,3,19
235000308,18,2,16
235000309,66,1,65
235000310,63,1,62
235000311,46,17,29
235000322,0,49,-49
235000323,1,30,-29
235000324,1,30,-29
235000325,0,101,-101
235000326,4,84,-80
235000351,6,75,-69
235000352,11,44,-33
235000353,4,42,-38
235000354,12,70,-58
235000355,17,59,-42
235000356,68,1,67
235000357,41,7,34
235000358,34,10,24
235000359,35,2,33
235000360,46,7,39
235000361,46,2,44
235000381,120,69,51
235000382,195,26,169
235000390,11,2,9
235000391,167,15,152
235000392,194,247,-53
235000393,145,124,21
235000395,150,45,105
235000396,596,89,507
235000400,242,73,169
235000401,21,75,-54
235000405,82,115,-33
235000406,37,134,-97
235000407,30,60,-30
235000409,102,32,70
235000410,31,117,-86
235000411,1,35,-34
235000485,0,17,-17
235000486,8,0,8
235000549,158,86,72
235000550,166,83,83
235000599,161,28,133
235000600,6,21,-15
235000601,15,15,0
235000602,74,9,65
235000614,0,3,-3
235000648,1,22,-21
235000649,16,7,9
235000685,0,7,-7
235000815,16,265,-249
235000834,0,2,-2
235000855,108,26,82
235000862,74,64,10
235000891,0,14,-14
235000892,23,5,18
235000901,119,34,85
235000907,5,11,-6
235001010,118,28,90
235001029,217,137,80
235001030,278,183,95
235001078,90,73,17
235001079,40,72,-32
235001147,2,54,-52
235001166,7,32,-25
235001167,44,23,21
235001169,20,299,-279
235001188,1,10,-9
235001189,5,19,-14
235001197,2,27,-25
235001200,43,51,-8
235001208,14,22,-8
235001209,14,42,-28
235001210,11,79,-68
235001239,0,21,-21
235001244,1,10,-9
235016267,1,67,-66
241900007,73,0,73
277101746,0,0,0
277102712,6,0,6
277103813,0,0,0
277103814,0,0,0
277103898,0,2,-2
277104249,0,0,0
277104250,0,9,-9
277104251,0,2,-2
277104252,0,1,-1
990011530,0,185,-185
990014944,0,276,-276
990015176,51,12,39
990015618,0,95,-95
990016032,1,282,-281
990032570,14,375,-361
990070001,87,2,85
990070103,0,2,-2
990070601,0,47,-47
990070751,1489,8,1481
990070766,0,186,-186
990071180,522,175,347
990071343,12,0,12
990071387,1,8,-7
990071823,448,1,447
990072600,5,1587,-1582
990072964,3,286,-283
990073285,0,2,-2
990074393,1,456,-455
990074870,1726,14,1712
990075106,794,3,791
990075746,654,3,651
990076437,2085,2,2083
990076458,0,280,-280
997000007,326,8,318
997000041,0,288,-288
997000058,46,0,46
997000062,23,0,23
997000069,0,4,-4
997000070,0,19,-19
997000100,75,0,75
997000141,12,2160,-2148
997000198,4,1057,-1053
998000475,0,2,-2
998000736,0,88,-88
998000965,0,13,-13
998001031,0,55,-55
998001700,0,55,-55
998001899,0,1,-1
998001900,8,0,8
998003073,1005,5,1000
998101900,0,0,0
998102850,1,335,-334
998501927,581,1242,-661
998501929,113,38,75
998501930,47,0,47
998501931,153,2,151
998501932,0,1,-1
998501933,87,0,87
998501937,22,2,20
998501944,13,0,13
998501950,0,0,0
998501970,133,47,86
998501971,0,86,-86
998501972,222,3,219
998501973,0,32,-32
998501974,0,148,-148
998501975,73,4,69
998501976,71,0,71
998501977,2,9,-7
998501978,7,0,7
998501979,0,12,-12
998501980,45,2,43
998501981,15,1,14
998501982,0,124,-124
998502006,0,0,0
998502024,0,7,-7
998502032,0,4,-4
998502062,11,0,11
998502063,0,0,0
998502173,7,0,7
998502269,0,2,-2
998601159,3,63,-60
998601292,3,5,-2
999033574,1,117,-116
999800001,64,6,58
999800002,0,7,-7
999800003,1,1,0
999800004,0,7,-7
999800005,0,3,-3
