ID,insum,outsum,diff
100000001,596,454,142
100000002,1303,551,752
100000003,9795,1896,7899
100000004,2108,577,1531
100000005,2274,2037,237
100000006,202,122,80
100000007,565,348,217
100000008,124,606,-482
100000009,269,158,111
100000010,8,53,-45
100000011,203,81,122
100000012,43,777,-734
100000013,8,195,-187
100000014,335,426,-91
100000015,754,707,47
100000016,668,1492,-824
100000017,466,1251,-785
100000018,1387,567,820
100000019,5823,1588,4235
100000020,1870,2944,-1074
100000021,8637,1897,6740
100000022,1139,593,546
100000023,7360,868,6492
100000025,3223,346,2877
100000028,1507,757,750
100000029,248,160,88
100000030,823,37,786
100000031,5728,4905,823
100000032,2765,3537,-772
100000033,559,2058,-1499
100000034,968,257,711
100000035,1569,668,901
100000036,2479,904,1575
100000037,209,265,-56
100000038,724,805,-81
100000039,828,221,607
100000040,153,127,26
100000041,373,325,48
100000042,352,304,48
100000043,347,312,35
100000044,386,828,-442
100000045,379,1705,-1326
100000046,485,1534,-1049
100000047,434,1033,-599
100000048,1181,882,299
100000049,1804,3224,-1420
100000051,322,1275,-953
100000053,23,5,18
100000054,53,15,38
100000055,365,370,-5
100000056,101,494,-393
100000057,1119,670,449
100000058,720,1655,-935
100000059,0,158,-158
100000060,232,379,-147
100000061,1161,559,602
100000062,993,448,545
100000063,303,245,58
100000064,512,396,116
100000065,411,1715,-1304
100000066,168,1130,-962
100000067,298,931,-633
100000068,407,1846,-1439
100000069,197,1773,-1576
100000072,544,2028,-1484
100000073,1236,1634,-398
100000075,357,361,-4
100000076,1913,1591,322
100000077,700,64,636
100000078,156,21,135
100000079,45,37,8
100000080,17,13,4
100000081,21,28,-7
100000102,1685,1048,637
100000103,3249,669,2580
100000104,5016,1092,3924
100000105,4288,578,3710
100000106,2457,1018,1439
100000107,413,239,174
100000108,876,1285,-409
100000109,3757,1217,2540
100000116,1313,397,916
100000117,17,17,0
100000118,1179,639,540
100000119,426,642,-216
100000121,175,682,-507
100000122,770,874,-104
100000123,4543,4468,75
100000124,10033,4963,5070
100000125,4035,680,3355
100000126,689,224,465
100000127,1651,278,1373
100000128,894,1106,-212
100000129,623,587,36
100000130,377,632,-255
100000131,6136,2932,3204
100000132,2924,1383,1541
100000133,13229,3298,9931
100000135,278,583,-305
100000139,159,256,-97
100000140,207,325,-118
100000142,259,535,-276
100000143,702,883,-181
100000144,4425,1095,3330
100000147,694,1622,-928
100000150,20,505,-485
100000151,658,312,346
100000153,369,244,125
100000154,122,64,58
100000155,1,17,-16
100000156,44,55,-11
100000157,148,194,-46
100000158,63,132,-69
100000159,306,414,-108
100000165,1030,843,187
100000169,602,245,357
100000174,2115,324,1791
100000179,56,587,-531
100000180,4335,1481,2854
100000181,84,407,-323
100000188,76,422,-346
100000189,819,330,489
100000190,423,247,176
100000191,333,394,-61
100000192,97,45,52
100000193,134,127,7
100000330,2562,414,2148
100000355,227,497,-270
100000362,5295,3726,1569
100000363,1684,3149,-1465
100000364,398,178,220
100000365,3050,4044,-994
100000366,4466,3001,1465
100000367,2229,2942,-713
100000368,2055,2060,-5
100000369,800,1147,-347
100000370,234,272,-38
100000376,74,67,7
100000379,1933,1133,800
100000380,2885,1285,1600
100000384,5912,1795,4117
100000385,5382,2967,2415
100000386,9827,1924,7903
100000387,8105,2710,5395
100000388,15874,2837,13037
100000389,13874,2819,11055
100000390,15114,2251,12863
100000391,9394,2732,6662
100000392,3010,1022,1988
100000393,1359,931,428
100000394,6875,2536,4339
100000395,3453,697,2756
100000396,4465,1552,2913
100000397,2245,892,1353
100000398,13009,8642,4367
100900002,3,52,-49
100900003,91,101,-10
100900004,47,1268,-1221
100900005,65,3,62
100900006,5,247,-242
100900007,209,7,202
100900008,11,654,-643
100900009,15,26,-11
100900010,37,131,-94
100900011,27,402,-375
100900012,1,351,-350
100900013,887,5,882
100900014,1,10,-9
100900015,121,106,15
100900016,5,28,-23
100900017,532,66,466
100900018,0,13,-13
100900019,6,95,-89
100900020,123,0,123
100900021,1082,2,1080
100900022,1,22,-21
100900023,0,29,-29
100900024,395,3,392
100900025,6,10,-4
100900026,44,194,-150
100900027,589,2121,-1532
100900028,46,133,-87
100900029,105,11,94
100900030,0,17,-17
100900031,231,49,182
100900032,75,2,73
100900033,182,64,118
100900034,177,0,177
100900035,382,2,380
100900036,17,1,16
100900037,21,388,-367
100900038,18,13,5
100900039,201,703,-502
100900040,108,1114,-1006
100900041,151,1229,-1078
100900042,232,88,144
100900043,0,0,0
100900044,3067,391,2676
100900045,11,0,11
100900046,846,7,839
100900047,899,73,826
100900048,22,7,15
100900049,33,294,-261
100900050,0,34,-34
100900051,41,44,-3
100900052,56,23,33
100900053,75,30,45
100900054,2,152,-150
100900055,156,160,-4
100900056,19,109,-90
100900057,469,281,188
100900058,91,25,66
100900059,18,1,17
100900060,42,10,32
100900061,242,270,-28
100900062,2,88,-86
100900063,94,329,-235
100900064,504,11,493
100900065,41,56,-15
100900066,15,32,-17
100900067,4,6,-2
100900068,82,195,-113
100900069,186,0,186
100900070,64,9,55
100900071,574,259,315
100900072,0,74,-74
100900073,66,516,-450
100900074,0,7,-7
100900075,3023,258,2765
100900076,53,21,32
100900077,2,117,-115
100900078,33,96,-63
100900079,1,35,-34
100900080,1,139,-138
100900081,6,40,-34
100900082,23,890,-867
100900083,2,51,-49
100900085,2,63,-61
100900086,58,701,-643
100900088,23,921,-898
100900089,0,30,-30
100900090,130,551,-421
100900091,4,27,-23
100900092,103,109,-6
100900093,45,324,-279
100900094,60,948,-888
100900095,0,27,-27
100900096,22,137,-115
100900097,0,0,0
100900098,2,44,-42
100900099,15,614,-599
100900100,11,238,-227
100900101,351,18,333
100900102,250,38,212
100900103,1,20,-19
100900104,10,166,-156
100900105,3,61,-58
100900106,46,2,44
100900107,1838,337,1501
100900108,1,2,-1
100900109,1,27,-26
100900110,3,14,-11
100900111,87,121,-34
100900112,0,4,-4
100900113,2,31,-29
100900114,0,14,-14
100900115,0,16,-16
100900116,763,281,482
100900117,177,384,-207
100900118,126,41,85
100900119,2,30,-28
100900120,0,24,-24
100900121,282,254,28
100900122,94,207,-113
100900123,20,145,-125
100900124,2,3,-1
100900125,6,94,-88
100900126,38,343,-305
100900127,1,4,-3
100900128,80,143,-63
100900129,1,84,-83
100900131,35,100,-65
100900133,21,66,-45
100900134,0,3,-3
100900135,0,122,-122
100900137,350,164,186
100900138,363,258,105
100900139,0,4,-4
100900140,5,1232,-1227
100900141,2,287,-285
100900142,1,2,-1
100900143,1124,236,888
100900144,22,10,12
100900145,158,94,64
100900146,8,8,0
100900147,6,236,-230
100900148,21,1239,-1218
100900149,5,35,-30
100900150,3,3,0
100900151,67,557,-490
100900152,117,6,111
100900153,1,147,-146
100900154,2,11,-9
100900155,2,1,1
100900156,25,0,25
100900157,0,132,-132
100900158,1371,392,979
100900159,1,8,-7
100900160,1,20,-19
100900161,122,0,122
100900162,6,196,-190
100900163,116,233,-117
100900164,11,33,-22
100900165,16,64,-48
100900166,41,2,39
100900167,10,105,-95
100900168,34,88,-54
100900169,190,1574,-1384
100900170,10,7,3
100900171,23,1054,-1031
100900172,0,7,-7
100900173,9,678,-669
100900174,110,21,89
100900176,1372,31,1341
100900177,1141,175,966
100900178,122,185,-63
100900179,90,26,64
100900180,2,2,0
100900181,51,17,34
100900182,6,20,-14
100900184,2,120,-118
100900186,1105,494,611
100900187,4,193,-189
100900188,68,24,44
100900189,852,135,717
100900191,1293,719,574
100900192,149,79,70
100900195,43,169,-126
100900197,0,47,-47
100900198,11,189,-178
100900199,0,5,-5
100900200,614,329,285
100900201,62,1038,-976
100900202,2,0,2
100900203,1,73,-72
100900204,723,117,606
100900205,95,292,-197
100900206,30,50,-20
100900207,130,49,81
100900210,77,1317,-1240
100900211,206,43,163
100900213,15,11,4
100900214,1778,54,1724
100900215,0,38,-38
101000001,5255,2302,2953
101000002,3223,2325,898
101000003,894,2155,-1261
101000004,11553,6189,5364
101000005,6661,4711,1950
101000006,9777,5981,3796
101000007,2438,2799,-361
101000008,3439,2682,757
101000009,1756,2653,-897
101000010,720,1701,-981
101000011,2131,767,1364
101000012,2046,436,1610
101000013,489,798,-309
101000014,531,612,-81
101000015,739,918,-179
101000016,259,342,-83
101000017,376,494,-118
101000018,3650,2766,884
101000020,5259,1221,4038
101000021,877,208,669
101000022,555,60,495
101000023,1848,902,946
101000025,104,327,-223
101000026,455,24,431
101000027,1614,1626,-12
101000028,220,68,152
101000029,8,731,-723
101000030,634,80,554
101000031,278,508,-230
101000032,4431,2094,2337
101000033,2291,1489,802
101000034,2393,1001,1392
101000035,1198,413,785
101000036,1008,275,733
101000037,4238,862,3376
101000039,3814,646,3168
101000040,4890,1806,3084
101000041,11847,2440,9407
101000042,824,340,484
101000043,11257,1771,9486
101000045,1141,248,893
101000046,2224,971,1253
101000047,1106,1188,-82
101000048,716,839,-123
101000049,990,624,366
101000050,3357,1792,1565
101000051,6339,982,5357
101000052,1515,546,969
101000053,863,1608,-745
101000054,1880,1708,172
101000055,1780,721,1059
101000056,76,47,29
101000057,3411,515,2896
101000058,2051,521,1530
101000059,4051,1343,2708
101000060,1863,203,1660
101000061,1415,503,912
101000062,1389,253,1136
101000063,364,215,149
101000064,925,324,601
101000065,107,232,-125
101000066,182,132,50
101000067,681,328,353
101000068,221,114,107
101000069,233,87,146
101000070,1889,758,1131
101000071,1953,680,1273
101000072,1306,2785,-1479
101000073,942,282,660
101000074,5652,2161,3491
101000075,8268,2800,5468
101000077,1527,842,685
101000078,1131,1698,-567
101000079,406,843,-437
101000080,574,635,-61
101000081,1047,842,205
101000082,3369,2607,762
101000083,1490,1200,290
101000084,1232,1303,-71
101000085,1712,908,804
101000086,1280,989,291
101000087,1000,1366,-366
101000088,710,1009,-299
101000089,799,1303,-504
101000090,2712,1636,1076
101000091,280,1582,-1302
101000092,876,1280,-404
101000093,1480,863,617
101000094,491,1200,-709
101000095,183,862,-679
101000096,226,734,-508
101000097,272,284,-12
101000098,675,523,152
101000099,1487,1168,319
101000100,1150,518,632
101000101,249,415,-166
101000102,751,276,475
101000103,897,566,331
101000104,213,351,-138
101000105,1204,121,1083
101000106,646,266,380
101000107,113,318,-205
101000108,1734,403,1331
101000109,90,75,15
101000110,37,981,-944
101000111,144,220,-76
101000113,115,580,-465
101000114,2222,1168,1054
101000115,29,65,-36
101000116,194,129,65
101000117,97,259,-162
101000119,173,30,143
101000120,237,13,224
101000121,50,16,34
101000122,74,30,44
101000123,56,45,11
101000124,337,309,28
101000125,80,343,-263
101000128,905,296,609
101000130,346,190,156
101000131,432,786,-354
101000132,234,2049,-1815
101000135,55,11,44
101000136,280,83,197
101000137,34,234,-200
101000141,2934,1186,1748
101000147,825,482,343
101000148,3346,28,3318
101000149,41,12,29
101000150,52,1549,-1497
101000151,37,133,-96
101000152,303,336,-33
101000153,773,553,220
101000154,97,2294,-2197
101000155,78,109,-31
101000156,21,168,-147
101000157,64,48,16
101000160,28,48,-20
101000163,149,43,106
101000164,455,304,151
101000165,234,280,-46
101000166,286,511,-225
101000168,651,299,352
101000252,671,566,105
101000254,416,16,400
101000258,38,6,32
101000261,159,150,9
101000262,552,830,-278
101000263,188,1416,-1228
101000265,29,567,-538
101000266,278,227,51
101000269,136,12,124
101000290,1701,2448,-747
101000293,10,117,-107
101000294,471,459,12
101000295,119,520,-401
101000301,763,157,606
101000304,1826,2287,-461
101000305,2571,1873,698
101900001,26,71,-45
101900002,1,19,-18
101900003,52,87,-35
101900004,1,34,-33
101900005,6793,707,6086
101900006,875,7,868
101900007,446,29,417
101900008,138,132,6
101900009,55,250,-195
101900010,1033,288,745
101900011,363,643,-280
101900012,98,173,-75
101900013,1298,53,1245
101900017,33,86,-53
101900018,1799,94,1705
101900019,104,43,61
101900020,524,136,388
101900021,0,24,-24
101900022,26,1780,-1754
101900023,22,304,-282
102000001,1715,3862,-2147
102000002,2690,1468,1222
102000003,3564,3857,-293
102000004,9317,2334,6983
102000005,1272,2218,-946
102000006,1827,1332,495
102000007,1508,4422,-2914
102000008,8276,1820,6456
102000009,6764,7451,-687
102000010,8482,3505,4977
102000011,2378,2503,-125
102000012,3786,3851,-65
102000018,4417,2319,2098
102000019,3381,1025,2356
102000026,230,333,-103
102000029,544,177,367
102000030,74,219,-145
102000031,18,284,-266
102000032,189,448,-259
102000033,114,603,-489
102000034,751,409,342
102000035,1130,570,560
102000036,8,163,-155
102000037,135,74,61
102000038,50,59,-9
102000039,34,43,-9
102000040,337,70,267
102000041,200,124,76
102000042,96,72,24
102000043,180,196,-16
102000044,188,504,-316
102000045,743,1066,-323
102000046,839,470,369
102000047,586,1109,-523
102000048,175,827,-652
102000049,534,526,8
102000050,757,1139,-382
102000051,270,513,-243
102000052,1070,1136,-66
102000053,424,910,-486
102000054,200,729,-529
102000055,598,1083,-485
102000056,403,1559,-1156
102000057,1339,533,806
102000058,1207,2063,-856
102000059,781,1381,-600
102000060,842,1034,-192
102000061,876,3282,-2406
102000062,694,1644,-950
102000063,1177,1545,-368
102000064,497,680,-183
102000065,38,125,-87
102000066,963,1133,-170
102000067,2781,2625,156
102000068,8234,2585,5649
102000069,32,1634,-1602
102000070,2962,97,2865
102000071,6737,10015,-3278
102000072,3448,4938,-1490
102000073,1066,1262,-196
102000074,846,1083,-237
102000075,121,272,-151
102000076,157,608,-451
102000077,240,1543,-1303
102000078,428,1264,-836
102000079,79,361,-282
102000080,210,219,-9
102000081,413,864,-451
102000082,838,313,525
102000083,169,796,-627
102000084,64,572,-508
102000085,1671,1500,171
102000086,1009,2171,-1162
102000087,518,2157,-1639
102000088,124,358,-234
102000089,749,765,-16
102000090,374,1288,-914
102000091,1203,539,664
102000092,631,930,-299
102000093,571,547,24
102000094,1175,332,843
102000095,838,1148,-310
102000096,1750,697,1053
102000097,1902,1480,422
102000098,631,1217,-586
102000099,1001,471,530
102000100,850,565,285
102000101,1157,213,944
102000102,535,1534,-999
102000103,1581,259,1322
102000104,1267,360,907
102000105,153,1005,-852
102000106,516,1092,-576
102000107,542,647,-105
102000108,626,332,294
102000109,258,649,-391
102000110,369,1874,-1505
102000111,5,339,-334
102000112,177,95,82
102000113,11,36,-25
102000114,963,324,639
102000115,197,176,21
102000116,284,216,68
102000117,243,543,-300
102000118,1587,852,735
102000119,2829,470,2359
102000120,91,466,-375
102000121,603,523,80
102000122,290,653,-363
102000123,1441,1258,183
102000124,994,898,96
102000125,896,967,-71
102000126,603,709,-106
102000127,848,753,95
102000128,416,1156,-740
102000129,636,1025,-389
102000130,347,737,-390
102000131,3172,675,2497
102000132,1331,455,876
102000133,1153,3294,-2141
102000134,340,901,-561
102000135,1250,621,629
102000136,1326,380,946
102000137,1562,872,690
102000138,369,456,-87
102000139,95,398,-303
102000140,428,243,185
102000141,467,595,-128
102000142,185,452,-267
102000143,55,640,-585
102000144,54,603,-549
102000145,187,457,-270
102000146,248,356,-108
102000147,329,391,-62
102000148,197,357,-160
102000149,99,972,-873
102000150,194,272,-78
102000151,104,487,-383
102000152,56,147,-91
102000153,792,252,540
102000154,353,635,-282
102000155,76,260,-184
102000156,336,43,293
102000157,62,141,-79
102000158,198,121,77
102000159,1879,142,1737
102000161,4756,1127,3629
102000162,214,115,99
102000163,125,338,-213
102000164,1146,665,481
102000165,176,96,80
102000166,17,80,-63
102000167,113,178,-65
102000168,151,119,32
102000169,55,340,-285
102000170,821,99,722
102000171,132,56,76
102000172,12,187,-175
102000173,185,170,15
102000174,20,65,-45
102000175,106,299,-193
102000176,19,48,-29
102000178,128,717,-589
102000179,174,221,-47
102000180,493,802,-309
102000181,208,857,-649
102000182,293,840,-547
102000183,926,2286,-1360
102000184,833,1168,-335
102000185,1303,1996,-693
102000186,504,2432,-1928
102000187,497,2760,-2263
102000188,555,1838,-1283
102000189,3898,1209,2689
102000190,703,2237,-1534
102000191,1288,546,742
102000192,538,1135,-597
102000193,17,222,-205
102000194,47,105,-58
102000195,239,620,-381
102000196,76,671,-595
102000197,174,651,-477
102000198,121,1118,-997
102000199,220,514,-294
102000200,164,1538,-1374
102000201,240,639,-399
102000202,6,187,-181
102000203,107,433,-326
102000204,179,1419,-1240
102000205,474,1256,-782
102000206,375,982,-607
102000207,669,534,135
102000208,202,786,-584
102000209,153,58,95
102000210,156,664,-508
102000211,195,549,-354
102000212,100,11,89
102000213,3,501,-498
102000214,84,8,76
102000215,5,751,-746
102000216,11,16,-5
102000217,5,268,-263
102000218,104,39,65
102000219,353,397,-44
102000225,637,656,-19
102000226,6224,296,5928
102000227,37,0,37
102000228,0,87,-87
102000229,16,29,-13
102000230,204,810,-606
102000231,141,409,-268
102000232,16,109,-93
102000233,385,708,-323
102000234,103,1756,-1653
102000236,531,63,468
102000237,278,174,104
102000238,151,331,-180
102000240,727,458,269
102000241,231,104,127
102000243,8,78,-70
102000245,11,85,-74
102000246,6,46,-40
102000247,288,952,-664
102000248,155,412,-257
102000249,54,204,-150
102000250,23,483,-460
102000254,44,780,-736
102000266,105,197,-92
102000271,6,0,6
102000286,457,333,124
102000297,1391,948,443
102000301,0,0,0
102000303,0,0,0
102000305,0,0,0
102000306,0,1,-1
102000307,0,10,-10
102000308,0,2,-2
102900001,1022,847,175
102900002,288,47,241
102900003,12,373,-361
102900005,221,402,-181
102900006,360,228,132
102900007,301,42,259
102900008,163,86,77
102900009,304,70,234
102900010,877,345,532
102900011,2650,306,2344
102900012,315,79,236
102900013,3,96,-93
102900015,779,165,614
102900016,13,134,-121
102900017,53,672,-619
102900018,5,131,-126
102900019,162,525,-363
102900020,47,51,-4
102900021,2,121,-119
102900022,227,41,186
102900023,18,48,-30
102900024,26,72,-46
102900025,205,86,119
102900026,605,1099,-494
102900027,40,71,-31
102900028,131,365,-234
102900029,74,104,-30
102900030,296,167,129
102900031,63,175,-112
102900032,11,126,-115
102900033,44,154,-110
102900034,130,166,-36
102900035,30,554,-524
102900036,137,728,-591
102900037,239,905,-666
102900038,526,631,-105
102900039,6,313,-307
102900040,112,217,-105
102900041,66,210,-144
102900042,123,382,-259
102900043,96,288,-192
102900044,386,2227,-1841
102900045,44,637,-593
102900046,53,484,-431
102900047,42,924,-882
102900048,357,900,-543
102900049,50,364,-314
102900050,386,489,-103
102900051,89,263,-174
102900052,19,24,-5
102900053,240,882,-642
102900054,1174,684,490
102900055,34,57,-23
102900056,108,539,-431
102900057,3,18,-15
102900058,288,56,232
102900059,8,38,-30
102900060,55,570,-515
102900061,95,533,-438
102900062,67,1724,-1657
102900063,419,450,-31
102900064,144,347,-203
102900065,1765,1017,748
102900066,323,54,269
102900068,42,82,-40
102900070,171,877,-706
102900072,10,33,-23
102900073,130,8,122
102900074,167,99,68
102900075,12,13,-1
102900076,156,32,124
102900077,14,17,-3
102900078,16,43,-27
102900079,181,30,151
102900080,167,35,132
102900081,55,228,-173
102900082,5,300,-295
102900083,277,9,268
102900084,5,9,-4
102900085,56,44,12
102900086,3,12,-9
102900087,21,167,-146
102900088,9,65,-56
102900089,312,156,156
102900090,3,523,-520
102900091,52,2,50
102900092,84,926,-842
102900093,210,211,-1
102900094,1,39,-38
102900095,75,9,66
102900096,2,3,-1
102900097,73,475,-402
103000001,1679,2731,-1052
103000002,1707,2014,-307
103000003,2970,2491,479
103000004,1059,784,275
103000005,1872,1998,-126
103000006,483,1154,-671
103000007,412,902,-490
103000008,808,1182,-374
103000009,549,900,-351
103000010,105,148,-43
103000011,1932,1050,882
103000012,830,1047,-217
103000013,7795,1798,5997
103000014,1222,1310,-88
103000015,2698,1038,1660
103000016,591,804,-213
103000017,104,396,-292
103000018,1227,502,725
103000019,105,145,-40
103000020,1472,1423,49
103000021,917,1265,-348
103000022,832,1270,-438
103000023,362,997,-635
103000024,105,221,-116
103000025,126,337,-211
103000026,2476,135,2341
103000027,335,342,-7
103000028,974,320,654
103000029,555,189,366
103000030,2736,690,2046
103000031,1928,1074,854
103000032,2368,1768,600
103000033,3037,2539,498
103000034,2259,849,1410
103000035,492,738,-246
103000036,574,415,159
103000037,699,399,300
103000038,622,871,-249
103000039,148,626,-478
103000040,199,1661,-1462
103000041,1445,3456,-2011
103000042,490,805,-315
103000043,237,1745,-1508
103000044,68,365,-297
103000046,265,388,-123
103000047,358,848,-490
103000048,158,182,-24
103000049,92,227,-135
103000050,449,789,-340
103000051,272,546,-274
103000052,799,510,289
103000053,100,386,-286
103000054,1508,1081,427
103000055,1237,1689,-452
103000056,417,2752,-2335
103000057,456,344,112
103000058,218,1165,-947
103000059,251,896,-645
103000060,643,909,-266
103000061,393,822,-429
103000062,774,956,-182
103000063,522,833,-311
103000064,37,393,-356
103000065,3,352,-349
103000066,55,8,47
103000069,88,439,-351
103000070,560,1579,-1019
103000071,647,379,268
103000072,73,1262,-1189
103000073,212,121,91
103000074,340,90,250
103000075,99,1266,-1167
103000076,128,129,-1
103000077,18,521,-503
103000078,1083,176,907
103000079,1881,459,1422
103000080,927,180,747
103000081,496,644,-148
103000082,335,187,148
103000083,62,470,-408
103000084,96,4,92
103000085,1,118,-117
103000086,501,304,197
103000087,64,505,-441
103000088,246,361,-115
103000089,149,285,-136
103000090,1089,1116,-27
103000091,439,432,7
103000092,178,287,-109
103000093,297,632,-335
103000094,72,158,-86
103000095,27,521,-494
103000096,590,125,465
103000097,32,753,-721
103000098,768,127,641
103000099,286,633,-347
103000100,35,1073,-1038
103000101,341,208,133
103000102,98,805,-707
103000103,298,243,55
103000104,21,232,-211
103000105,52,98,-46
103000106,10,132,-122
103000107,337,61,276
103000108,418,604,-186
103000109,366,291,75
103000110,309,422,-113
103000111,478,448,30
103000112,344,319,25
103000113,425,706,-281
103000114,618,424,194
103000115,322,434,-112
103000116,274,546,-272
103000117,107,518,-411
103000118,1339,1168,171
103000119,2328,703,1625
103000120,33,89,-56
103000121,235,639,-404
103000122,175,215,-40
103000125,9,793,-784
103000126,227,2,225
103000127,3,381,-378
103000128,60,2,58
103000129,5,277,-272
103000130,22,20,2
103000131,273,137,136
103000132,96,143,-47
103000133,8,286,-278
103000134,614,446,168
103000135,1160,205,955
103000136,794,346,448
103000137,646,560,86
103000138,887,539,348
103000139,6,43,-37
103000140,102,23,79
103000141,18,99,-81
103000142,118,83,35
103000143,14,265,-251
103000144,84,109,-25
103000145,69,41,28
103000150,74,67,7
103000152,126,230,-104
103000153,47,168,-121
103000156,4,748,-744
103000157,177,3,174
103000159,120,112,8
103000162,59,9,50
103000163,3,13,-10
103000164,8,6,2
103000165,132,568,-436
103000166,106,168,-62
103000167,94,135,-41
103000168,33,162,-129
103000169,172,416,-244
103000170,601,658,-57
103000171,60,66,-6
103000172,196,1319,-1123
103000173,121,824,-703
103000174,164,270,-106
103000175,120,621,-501
103000176,751,231,520
103000177,955,460,495
103000178,461,232,229
103000179,63,22,41
103000183,54,75,-21
103000185,32,82,-50
103000186,36,224,-188
103000187,133,977,-844
103000188,4,91,-87
103000189,516,1206,-690
103000191,711,907,-196
103000292,3269,772,2497
103000293,1908,858,1050
103000295,85,74,11
103000296,216,3,213
103000297,256,22,234
103000504,94,13,81
103000505,5,4,1
103000506,1,201,-200
103000507,89,0,89
103000508,52,32,20
103000509,129,608,-479
103900001,2,523,-521
103900002,2180,201,1979
103900003,2208,97,2111
103900004,11,36,-25
103900005,0,356,-356
103900006,0,0,0
103900007,3,0,3
103900008,7,1,6
103900009,104,269,-165
103900010,79,333,-254
103900011,40,293,-253
103900012,7,12,-5
103900013,6,70,-64
103900014,49,33,16
103900015,15,40,-25
103900016,178,354,-176
103900017,21,136,-115
103900018,661,121,540
103900019,50,128,-78
103900020,80,226,-146
103900021,1055,38,1017
103900022,594,554,40
103900023,57,2,55
103900024,79,710,-631
103900025,1,42,-41
103900026,8,0,8
103900027,263,316,-53
103900028,8,217,-209
103900029,564,43,521
103900030,77,16,61
103900031,4,3,1
103900032,22,23,-1
103900033,21,5,16
103900034,18,261,-243
103900035,40,77,-37
103900036,33,16,17
103900037,11,19,-8
103900038,116,67,49
103900039,15,671,-656
103900040,1,277,-276
103900041,11,22,-11
103900042,4,635,-631
103900043,44,98,-54
103900044,286,92,194
103900045,122,188,-66
103900047,9,61,-52
103900048,37,14,23
103900049,244,1335,-1091
103900050,3,81,-78
103900051,0,32,-32
103900052,76,807,-731
103900053,45,1446,-1401
103900054,38,826,-788
103900055,174,214,-40
103900056,8,60,-52
103900057,8,385,-377
103900058,58,934,-876
103900059,0,3,-3
103900060,6,240,-234
103900061,31,55,-24
103900062,52,53,-1
103900063,4,0,4
103900064,13,0,13
103900065,920,333,587
103900066,38,9,29
103900067,35,3,32
103900068,1,0,1
103900069,14,2,12
103900070,108,334,-226
103900071,19,202,-183
103900072,9,487,-478
103900073,16,15,1
103900074,37,135,-98
103900075,62,69,-7
103900076,179,813,-634
103900077,99,37,62
103900078,57,202,-145
103900079,135,327,-192
103900080,1,19,-18
103900081,60,4,56
103900082,1,91,-90
103900083,2538,221,2317
103900084,8,168,-160
103900085,54,71,-17
103900086,166,358,-192
103900087,14,149,-135
103900088,642,157,485
103900089,55,178,-123
103900090,1,338,-337
103900091,756,306,450
103900092,187,512,-325
103900093,72,500,-428
103900094,7,206,-199
103900095,165,193,-28
103900096,7,478,-471
103900097,2,652,-650
103900098,94,40,54
103900099,17,367,-350
103900100,94,448,-354
103900101,65,896,-831
103900102,0,18,-18
103900104,5,30,-25
103900105,58,131,-73
103900106,0,14,-14
103900107,50,256,-206
103900108,21,531,-510
103900109,23,104,-81
103900110,171,47,124
103900111,42,976,-934
103900112,10,51,-41
103900113,142,208,-66
103900114,572,380,192
103900115,252,62,190
103900116,7108,751,6357
103900117,277,189,88
103900119,25,29,-4
103900120,9,80,-71
103900122,41,390,-349
103900123,1583,417,1166
103900124,10,8,2
103900125,39,70,-31
103900126,130,581,-451
103900127,92,1062,-970
103900128,30,290,-260
103900131,15,157,-142
103900133,614,15,599
103900134,0,0,0
103900135,2,10,-8
103900137,0,62,-62
103900138,14,452,-438
103900139,163,916,-753
103900140,14,9,5
103900141,239,86,153
103900142,36,207,-171
103900143,14,4,10
103900144,0,69,-69
103900145,84,393,-309
103900146,274,398,-124
103900147,128,128,0
103900148,77,233,-156
103900149,34,845,-811
103900150,8610,1442,7168
103900151,16,152,-136
103900152,112,918,-806
103900153,6,0,6
103900154,1577,593,984
103900155,14,280,-266
103900156,6,175,-169
103900157,3,327,-324
103900158,29,244,-215
103900159,30,96,-66
103900160,24,20,4
103900161,31,194,-163
103900162,85,290,-205
103900163,9,355,-346
103900164,148,19,129
103900167,1,35,-34
103900168,20,160,-140
103900169,29,28,1
103900170,3,109,-106
103900171,0,84,-84
103900172,16,51,-35
103900173,2,3,-1
103900174,33,61,-28
103900175,21,30,-9
103900176,8,17,-9
103900177,4,46,-42
103900178,8,76,-68
103900179,12,243,-231
103900180,7,127,-120
103900181,50,29,21
103900182,32,10,22
103900184,610,29,581
103900185,291,98,193
103900187,89,30,59
103900188,8,11,-3
103900189,53,12,41
103900190,20,58,-38
103900191,9,45,-36
103900192,39,73,-34
103900193,135,117,18
103900194,29,361,-332
103900195,2,36,-34
103900196,27,11,16
103900197,26,36,-10
103900198,8,70,-62
103900199,39,95,-56
103900200,77,204,-127
103900201,77,274,-197
103900202,6,58,-52
103900203,18,21,-3
103900204,1,211,-210
103900207,0,257,-257
103900208,12,2,10
103900209,5,150,-145
103900210,6,34,-28
103900211,214,797,-583
103900212,79,599,-520
103900213,42,230,-188
103900214,154,84,70
103900215,743,302,441
103900216,8,1064,-1056
103900217,282,24,258
103900218,0,143,-143
103900219,37,378,-341
103900233,78,6,72
103900235,12,14,-2
103900236,13,2,11
103900242,2,9,-7
103900243,3,2,1
103900244,18,371,-353
103900245,53,240,-187
103900246,29,24,5
103900247,19,107,-88
103900248,0,4,-4
103900249,5,14,-9
103900250,19,13,6
103900251,0,23,-23
103900253,13,22,-9
103900254,2,13,-11
103900255,5,2,3
103900256,11,8,3
103900257,33,47,-14
103900258,15,2,13
103900259,72,2,70
103900261,0,1,-1
103900262,2,1,1
103900263,39,6,33
103900264,49,10,39
103900265,30,6,24
103900266,0,30,-30
103900267,2,36,-34
104000001,1720,2539,-819
104000002,1837,2816,-979
104000003,2382,2426,-44
104000004,3945,2610,1335
104000005,756,1868,-1112
104000006,2494,3103,-609
104000007,3845,3501,344
104000008,253,576,-323
104000009,66,151,-85
104000010,81,141,-60
104000011,884,619,265
104000012,90,661,-571
104000013,54,106,-52
104000014,222,857,-635
104000015,160,141,19
104000016,314,456,-142
104000018,396,170,226
104000019,323,91,232
104000020,142,1097,-955
104000021,271,935,-664
104000022,89,466,-377
104000023,450,358,92
104000024,128,459,-331
104000026,38,358,-320
104000027,158,478,-320
104000028,207,291,-84
104000029,382,696,-314
104000030,101,246,-145
104000031,397,271,126
104000032,167,438,-271
104000033,291,416,-125
104000034,270,537,-267
104000035,367,512,-145
104000036,278,775,-497
104000037,174,343,-169
104000038,200,287,-87
104000039,176,609,-433
104000040,504,598,-94
104000041,712,290,422
104000042,223,576,-353
104000043,342,476,-134
104000044,201,1015,-814
104000045,648,1528,-880
104000046,1627,1895,-268
104000047,702,1634,-932
104000048,1285,2507,-1222
104000049,266,341,-75
104000050,244,751,-507
104000051,58,867,-809
104000052,918,1627,-709
104000053,688,798,-110
104000054,560,698,-138
104000055,4059,3470,589
104000056,2307,232,2075
104000057,66,605,-539
104000058,419,774,-355
104000059,300,1223,-923
104000060,467,1048,-581
104000061,959,1624,-665
104000062,132,155,-23
104000064,859,319,540
104000065,91,424,-333
104000069,1406,492,914
104000070,36,425,-389
104000071,117,517,-400
104000072,884,185,699
104000075,57,187,-130
104000076,389,198,191
104000082,1908,2364,-456
104000083,704,251,453
104000084,105,516,-411
104000085,150,289,-139
104000086,112,416,-304
104000087,495,858,-363
104000090,464,2102,-1638
104000092,429,3520,-3091
104000094,720,2880,-2160
104000095,1057,1538,-481
104000096,644,521,123
104000097,887,1332,-445
104000098,777,1804,-1027
104000100,775,746,29
104000101,867,3046,-2179
104000106,89,569,-480
104000107,481,543,-62
104000108,335,865,-530
104000109,260,41,219
104000110,803,869,-66
104000111,6819,1346,5473
104000112,2754,527,2227
104000116,2,1860,-1858
104000117,83,1303,-1220
104000118,254,337,-83
104000119,527,309,218
104000120,193,1522,-1329
104000121,196,915,-719
104000122,447,810,-363
104000123,990,1746,-756
104000124,2038,3370,-1332
104000125,7006,2715,4291
104000126,330,611,-281
104000127,1822,5119,-3297
104000128,867,516,351
104000129,167,6,161
104000130,0,196,-196
104000131,1100,808,292
104000132,721,1035,-314
104000133,1139,819,320
104000134,927,1180,-253
104000135,457,777,-320
104000136,1067,1605,-538
104000137,2313,182,2131
104000138,1830,330,1500
104000139,12490,3396,9094
104000141,1806,2179,-373
104000142,539,1430,-891
104000143,408,1156,-748
104000144,34,237,-203
104000145,294,122,172
104000146,471,641,-170
104000147,91,406,-315
104000148,150,127,23
104000149,146,604,-458
104000150,586,445,141
104000151,390,879,-489
104000152,327,1067,-740
104000153,157,436,-279
104000154,1243,923,320
104000155,295,420,-125
104000157,1346,2300,-954
104000158,252,260,-8
104000159,392,339,53
104000160,1498,1408,90
104000161,216,176,40
104000162,38,140,-102
104000165,1295,1115,180
104000167,295,459,-164
104000168,292,8,284
104000169,33,41,-8
104000170,1129,238,891
104000248,102,958,-856
104000251,37,500,-463
104000272,0,0,0
104000273,0,0,0
104000274,0,0,0
104000275,0,0,0
104000279,775,494,281
104000290,61,439,-378
104000291,522,1046,-524
104000293,443,718,-275
104000294,1,0,1
104000295,315,778,-463
104000296,255,860,-605
104000297,818,1521,-703
104000298,2309,901,1408
104000299,414,1429,-1015
104900001,60,573,-513
104900002,32,75,-43
104900003,23,580,-557
104900004,59,563,-504
104900005,155,141,14
104900006,57,48,9
104900007,181,302,-121
104900009,58,633,-575
104900010,9,22,-13
104900011,3,3,0
104900012,64,0,64
104900013,57,2,55
104900014,5320,322,4998
104900015,69,0,69
104900016,53,404,-351
104900017,15,211,-196
104900018,12,276,-264
104900019,401,794,-393
104900020,30,458,-428
104900021,2,381,-379
104900022,14,129,-115
104900023,4,210,-206
104900024,11,134,-123
104900025,58,440,-382
104900026,0,185,-185
104900027,140,229,-89
104900028,44,129,-85
104900029,49,120,-71
104900030,268,174,94
104900031,184,178,6
104900032,50,254,-204
104900033,49,127,-78
104900034,128,86,42
104900035,63,97,-34
104900036,66,49,17
104900037,38,312,-274
104900038,713,413,300
104900039,781,80,701
104900040,88,92,-4
104900041,77,150,-73
104900042,99,476,-377
104900043,7,22,-15
104900044,153,243,-90
104900045,116,26,90
104900046,49,214,-165
104900047,83,176,-93
104900048,123,121,2
104900049,3,1,2
104900050,63,149,-86
104900051,42,50,-8
104900052,9,0,9
104900053,221,41,180
104900054,116,65,51
104900055,15,0,15
104900056,125,7,118
104900057,47,5,42
104900058,1265,120,1145
104900059,1,44,-43
104900060,4,427,-423
104900061,322,843,-521
104900063,4,158,-154
104900064,0,130,-130
104900065,3,130,-127
104900066,4,281,-277
104900067,2,306,-304
104900068,9,371,-362
104900070,70,397,-327
104900071,2,964,-962
104900072,36,283,-247
104900073,12,332,-320
104900074,40,262,-222
104900075,21,103,-82
104900076,73,637,-564
104900077,1391,80,1311
104900078,94,1192,-1098
104900079,92,102,-10
104900080,30,836,-806
104900082,7,288,-281
104900085,4,361,-357
104900087,445,8,437
104900089,33,0,33
104900090,344,341,3
104900091,776,1188,-412
104900093,176,706,-530
104900097,3462,891,2571
104900098,49,22,27
104900099,594,515,79
104900100,967,317,650
104900102,25,344,-319
104900103,442,139,303
104900104,4121,1105,3016
104900106,16,123,-107
104900107,29,511,-482
104900108,14,367,-353
104900109,49,279,-230
104900110,10,38,-28
104900111,76,93,-17
104900112,131,1214,-1083
104900113,278,551,-273
104900114,162,1097,-935
104900115,235,586,-351
104900116,102,421,-319
104900118,20,105,-85
104900119,1,28,-27
104900120,82,25,57
104900121,3,162,-159
104900122,5,131,-126
104900123,10,0,10
104900124,6,0,6
104900125,459,7,452
104900126,141,57,84
104900127,60,13,47
104900128,82,142,-60
104900129,3472,788,2684
105000001,1695,1900,-205
105000002,1522,1868,-346
105000003,2151,4249,-2098
105000004,435,1283,-848
105000005,604,1305,-701
105000006,766,1438,-672
105000007,687,1212,-525
105000008,540,1520,-980
105000009,913,2526,-1613
105000010,3539,3392,147
105000011,1738,1819,-81
105000012,4565,3602,963
105000013,557,956,-399
105000014,1188,1890,-702
105000015,7179,6469,710
105000016,3635,2212,1423
105000017,1384,1368,16
105000018,1269,897,372
105000019,1535,1158,377
105000020,129,363,-234
105000021,297,123,174
105000022,100,38,62
105000023,422,294,128
105000028,43,165,-122
105000029,294,915,-621
105000030,4228,4395,-167
105000033,928,2431,-1503
105000034,103,588,-485
105000037,674,764,-90
105000038,2019,1016,1003
105000039,4458,2476,1982
105000040,844,604,240
105000041,917,1814,-897
105000042,3305,999,2306
105000043,3089,3054,35
105000044,300,378,-78
105000045,314,1341,-1027
105000046,444,405,39
105000047,328,1953,-1625
105000048,284,217,67
105000049,249,1207,-958
105000050,310,262,48
105000051,192,761,-569
105000052,405,1076,-671
105000053,136,204,-68
105000054,174,1219,-1045
105000055,291,542,-251
105000056,1396,3338,-1942
105000057,1549,1434,115
105000058,1824,1900,-76
105000059,440,530,-90
105000060,428,780,-352
105000061,242,534,-292
105000062,966,1229,-263
105000063,257,860,-603
105000064,537,695,-158
105000065,331,1334,-1003
105000066,789,2694,-1905
105000067,522,661,-139
105000068,346,1093,-747
105000069,3051,667,2384
105000070,810,835,-25
105000071,136,351,-215
105000072,411,622,-211
105000073,616,552,64
105000074,904,1083,-179
105000075,535,1004,-469
105000076,1200,1301,-101
105000077,1896,1011,885
105000078,1365,1118,247
105000079,1637,1665,-28
105000080,1699,1046,653
105000081,781,779,2
105000082,450,450,0
105000083,934,842,92
105000084,372,1265,-893
105000085,946,1017,-71
105000086,410,932,-522
105000087,2724,2020,704
105000088,1719,1222,497
105000089,4500,3375,1125
105000090,1178,1094,84
105000091,2274,2349,-75
105000092,751,1433,-682
105000093,381,297,84
105000094,262,248,14
105000095,73,467,-394
105000096,1006,632,374
105000097,1201,637,564
105000098,390,490,-100
105000099,624,940,-316
105000100,1082,1257,-175
105000101,1723,2422,-699
105000102,3116,1903,1213
105000103,2172,2763,-591
105000104,1573,1195,378
105000105,1172,2071,-899
105000106,1049,1797,-748
105000107,738,1215,-477
105000108,991,2246,-1255
105000109,1028,2171,-1143
105000110,503,1004,-501
105000111,359,558,-199
105000112,638,1008,-370
105000113,222,495,-273
105000114,4119,951,3168
105000115,235,621,-386
105000116,399,582,-183
105000117,630,1687,-1057
105000118,190,688,-498
105000119,497,1837,-1340
105000120,522,977,-455
105000121,674,1487,-813
105000122,213,552,-339
105000123,1165,1905,-740
105000124,1303,1244,59
105000125,616,2157,-1541
105000126,1410,2384,-974
105000127,1757,2307,-550
105000128,947,1555,-608
105000129,588,342,246
105000130,70,837,-767
105000131,468,490,-22
105000132,579,384,195
105000133,280,1573,-1293
105000134,421,544,-123
105000135,285,972,-687
105000136,23,169,-146
105000137,176,356,-180
105000138,72,176,-104
105000139,866,1236,-370
105000140,59,469,-410
105000141,147,808,-661
105000142,87,523,-436
105000143,211,755,-544
105000144,196,769,-573
105000145,473,557,-84
105000146,530,696,-166
105000147,634,458,176
105000148,997,575,422
105000149,1782,1454,328
105000150,2322,1608,714
105000151,361,317,44
105000152,131,783,-652
105000153,361,470,-109
105000154,740,996,-256
105000155,296,537,-241
105000156,1250,959,291
105000157,1384,2075,-691
105000158,1669,862,807
105000159,307,1420,-1113
105000160,922,693,229
105000161,746,2268,-1522
105000162,291,1168,-877
105000163,1402,1449,-47
105000164,205,426,-221
105000165,1882,2809,-927
105000166,9036,254,8782
105000167,3532,1050,2482
105000168,136,1070,-934
105000169,174,756,-582
105000170,62,1509,-1447
105000171,1268,469,799
105000172,29,92,-63
105000173,35,88,-53
105000174,50,41,9
105000175,52,129,-77
105000176,81,83,-2
105000177,76,154,-78
105000178,100,875,-775
105000179,99,214,-115
105000180,90,137,-47
105000181,97,564,-467
105000182,25,51,-26
105000183,3433,1537,1896
105000184,1628,899,729
105000185,1911,459,1452
105000186,499,1179,-680
105000187,788,272,516
105000188,344,139,205
105000189,236,671,-435
105000190,92,452,-360
105000191,204,554,-350
105000192,57,66,-9
105000193,23,180,-157
105000194,91,101,-10
105000195,236,1661,-1425
105000196,11,68,-57
105000197,142,1042,-900
105000198,443,315,128
105000199,143,160,-17
105000200,72,278,-206
105000201,24,18,6
105000203,1,255,-254
105000204,51,112,-61
105000205,79,289,-210
105000207,1165,312,853
105000208,282,372,-90
105000209,126,405,-279
105000212,814,1974,-1160
105000213,216,161,55
105000214,77,274,-197
105000215,105,313,-208
105000216,56,581,-525
105000217,163,483,-320
105000218,497,1354,-857
105000221,102,372,-270
105000222,54,52,2
105000223,110,297,-187
105000226,14,488,-474
105000227,15,288,-273
105000228,149,749,-600
105000229,41,216,-175
105000231,87,205,-118
105000233,558,624,-66
105000234,525,1305,-780
105000235,158,511,-353
105000237,367,47,320
105000243,10,291,-281
105000248,51,68,-17
105000262,190,2384,-2194
105000269,83,132,-49
105000270,180,141,39
105000271,3,390,-387
105000282,44,43,1
105000287,297,148,149
105000288,330,462,-132
105000289,643,905,-262
105000290,8,1,7
105000402,5965,1889,4076
105000426,303,588,-285
105000438,490,565,-75
105000446,14388,5609,8779
105000447,8427,2884,5543
105000454,85,517,-432
105000455,242,283,-41
105000474,11,1,10
105000477,153,421,-268
105000478,949,1770,-821
105000479,56,126,-70
105000480,1382,1826,-444
105000481,1620,1845,-225
105000482,4143,3087,1056
105000483,915,1088,-173
105000484,2522,2848,-326
105000485,914,1286,-372
105000486,3847,2515,1332
105000488,2709,3124,-415
105000489,466,875,-409
105000549,19,119,-100
105000550,417,1183,-766
105000551,11,104,-93
105000552,3710,2337,1373
105900001,5,803,-798
105900002,1985,380,1605
105900003,4,106,-102
105900004,537,100,437
105900005,6,241,-235
105900006,9,37,-28
105900007,118,14,104
105900008,21,914,-893
105900009,16,13,3
105900011,324,76,248
105900012,361,234,127
105900013,1,20,-19
105900014,1,94,-93
105900015,168,387,-219
105900016,173,918,-745
105900017,736,67,669
105900018,214,297,-83
105900019,66,697,-631
105900020,15,66,-51
105900021,25,491,-466
105900022,163,369,-206
105900023,1,190,-189
105900024,9,383,-374
105900025,25,78,-53
105900026,214,39,175
105900027,5991,5673,318
105900028,32,167,-135
105900029,2138,358,1780
105900030,183,344,-161
105900031,376,216,160
105900032,45,151,-106
105900033,22,139,-117
105900034,96,261,-165
105900035,226,195,31
105900036,19,176,-157
105900037,43,84,-41
105900038,63,236,-173
105900039,23,186,-163
105900040,23,129,-106
105900041,194,452,-258
105900042,32,96,-64
105900043,1848,47,1801
105900044,3,149,-146
105900045,3,700,-697
105900046,0,188,-188
105900047,6,16,-10
105900048,49,461,-412
105900050,4233,833,3400
105900051,3,1548,-1545
105900052,253,123,130
105900053,4624,1185,3439
105900054,294,338,-44
105900056,1231,233,998
105900057,17,258,-241
105900058,7,50,-43
105900059,0,30,-30
106000001,2741,956,1785
106000002,2518,3509,-991
106000003,2485,1823,662
106000004,2394,2183,211
106000005,1844,4576,-2732
106000006,6093,5058,1035
106000007,367,564,-197
106000008,348,249,99
106000009,391,346,45
106000010,377,482,-105
106000011,390,1063,-673
106000012,629,2023,-1394
106000013,1239,1992,-753
106000014,1990,2077,-87
106000015,917,1215,-298
106000016,979,2906,-1927
106000017,517,614,-97
106000018,458,698,-240
106000019,176,498,-322
106000020,177,588,-411
106000021,144,561,-417
106000022,218,370,-152
106000023,336,380,-44
106000024,445,1006,-561
106000025,88,207,-119
106000026,169,347,-178
106000027,554,1086,-532
106000028,381,953,-572
106000029,807,1814,-1007
106000030,859,231,628
106000034,162,554,-392
106000035,565,931,-366
106000036,410,346,64
106000037,1442,1791,-349
106000038,349,59,290
106000039,123,27,96
106000040,118,717,-599
106000041,668,238,430
106000043,395,53,342
106000046,222,33,189
106000047,43,371,-328
106000049,381,139,242
106000050,184,1174,-990
106000051,302,375,-73
106000052,81,839,-758
106000053,97,132,-35
106000054,307,622,-315
106000055,422,759,-337
106000056,226,635,-409
106000057,165,136,29
106000058,115,227,-112
106000059,96,252,-156
106000060,557,681,-124
106000061,129,395,-266
106000062,155,759,-604
106000063,331,440,-109
106000064,14,448,-434
106000065,149,136,13
106000066,66,493,-427
106000067,222,78,144
106000068,37,789,-752
106000069,87,100,-13
106000070,245,823,-578
106000071,482,285,197
106000072,5143,1265,3878
106000073,1638,1762,-124
106000074,140,568,-428
106000075,164,952,-788
106000076,977,1573,-596
106000077,2568,1094,1474
106000078,382,829,-447
106000079,362,1112,-750
106000080,676,1021,-345
106000081,337,953,-616
106000082,1892,1004,888
106000083,322,1093,-771
106000084,520,572,-52
106000085,1446,1030,416
106000086,460,627,-167
106000087,447,507,-60
106000088,220,776,-556
106000089,446,470,-24
106000090,111,674,-563
106000091,177,720,-543
106000092,287,245,42
106000093,145,93,52
106000094,105,379,-274
106000095,293,1401,-1108
106000096,379,850,-471
106000097,465,1760,-1295
106000098,376,1120,-744
106000099,132,1138,-1006
106000100,1102,386,716
106000101,2108,274,1834
106000102,400,637,-237
106000103,182,724,-542
106000104,653,432,221
106000105,354,1179,-825
106000106,285,468,-183
106000107,31,518,-487
106000108,104,340,-236
106000109,67,455,-388
106000110,90,300,-210
106000111,83,766,-683
106000112,64,334,-270
106000113,1207,822,385
106000114,430,447,-17
106000115,123,618,-495
106000116,110,264,-154
106000117,825,887,-62
106000118,751,1071,-320
106000119,2870,1323,1547
106000120,672,684,-12
106000121,59,233,-174
106000122,34,359,-325
106000123,103,345,-242
106000124,23,414,-391
106000125,16,398,-382
106000126,59,254,-195
106000127,223,1129,-906
106000128,197,349,-152
106000129,232,870,-638
106000130,348,442,-94
106000131,49,585,-536
106000132,887,158,729
106000133,4719,912,3807
106000134,804,2298,-1494
106000135,114,965,-851
106000136,433,454,-21
106000137,56,1747,-1691
106000138,523,81,442
106000139,8,106,-98
106000140,13,128,-115
106000141,25,192,-167
106000142,24,39,-15
106000143,9,141,-132
106000144,12,51,-39
106000145,112,505,-393
106000146,90,245,-155
106000147,332,592,-260
106000148,792,909,-117
106000149,349,478,-129
106000150,395,1707,-1312
106000151,5331,904,4427
106000152,1765,1149,616
106000153,64,1370,-1306
106000154,1497,225,1272
106000155,28,199,-171
106000156,442,375,67
106000157,468,2237,-1769
106000158,3386,668,2718
106000159,5661,1614,4047
106000160,148,1415,-1267
106000161,1317,621,696
106000162,104,631,-527
106000163,158,711,-553
106000164,186,378,-192
106000165,136,888,-752
106000166,203,407,-204
106000167,157,1790,-1633
106000168,95,409,-314
106000169,65,1064,-999
106000170,291,294,-3
106000171,53,1101,-1048
106000172,2035,918,1117
106000173,613,2950,-2337
106000174,699,230,469
106000175,305,1197,-892
106000176,857,654,203
106000177,590,2717,-2127
106000178,2902,1457,1445
106000179,1043,2080,-1037
106000180,928,2347,-1419
106000181,277,2243,-1966
106000182,316,846,-530
106000183,468,1341,-873
106000184,884,1252,-368
106000185,458,962,-504
106000186,881,195,686
106000187,163,794,-631
106000188,0,3,-3
106000189,4,46,-42
106000190,5,1,4
106000191,554,186,368
106000192,0,30,-30
106000193,346,196,150
106000194,175,447,-272
106000195,1277,117,1160
106000196,229,364,-135
106000197,218,333,-115
106000198,169,381,-212
106000199,1029,677,352
106000200,501,145,356
106000201,474,881,-407
106000202,8543,626,7917
106000203,279,137,142
106000204,19,3,16
106000205,9,126,-117
106000206,42,3,39
106000207,48,1064,-1016
106000208,433,60,373
106000209,572,265,307
106000210,209,1497,-1288
106000211,296,1737,-1441
106000212,352,151,201
106000213,700,1097,-397
106000214,2349,433,1916
106000215,235,493,-258
106000216,284,405,-121
106000217,176,481,-305
106000218,255,298,-43
106000219,73,308,-235
106000220,243,286,-43
106000221,48,292,-244
106000222,16,162,-146
106000223,49,159,-110
106000224,93,487,-394
106000225,39,64,-25
106000226,97,386,-289
106000228,9,135,-126
106000229,60,977,-917
106000231,288,117,171
106000232,30,534,-504
106000233,269,135,134
106000234,73,283,-210
106000235,603,54,549
106000236,186,54,132
106000237,4,18,-14
106000238,13,9,4
106000239,2,72,-70
106000240,28,0,28
106000241,20,690,-670
106000242,106,16,90
106000249,26,42,-16
106000250,38,448,-410
106000251,51,37,14
106000252,42,137,-95
106000253,27,55,-28
106000254,23,58,-35
106000255,21,62,-41
106000256,70,150,-80
106000257,105,374,-269
106000258,282,10,272
106000259,0,43,-43
106000260,1,4,-3
106000261,0,99,-99
106000262,133,17,116
106000263,0,133,-133
106000264,146,7,139
106000265,13,152,-139
106000266,57,18,39
106000267,17,125,-108
106000268,332,31,301
106000269,99,72,27
106000270,128,446,-318
106000271,45,237,-192
106000272,61,64,-3
106000273,9,146,-137
106000274,159,42,117
106000275,80,156,-76
106000276,124,79,45
106000277,97,133,-36
106000278,168,68,100
106000279,0,100,-100
106000280,17,195,-178
106000281,45,106,-61
106000282,34,59,-25
106000283,48,125,-77
106000284,24,112,-88
106000285,72,177,-105
106000286,41,119,-78
106000287,56,80,-24
106000288,71,127,-56
106000289,34,95,-61
106000290,35,123,-88
106000291,34,63,-29
106000292,41,170,-129
106000293,54,93,-39
106000294,77,149,-72
106000295,22,48,-26
106000296,62,136,-74
106000297,59,174,-115
106000298,113,53,60
106000299,64,123,-59
106000300,27,83,-56
106000301,38,88,-50
106000303,14,53,-39
106000304,22,60,-38
106000305,19,38,-19
106000306,74,119,-45
106000307,22,15,7
106000308,46,263,-217
106000309,24,117,-93
106000310,171,611,-440
106000311,137,114,23
106000312,45,201,-156
106000313,40,230,-190
106000318,168,187,-19
106000319,309,34,275
106000320,1,25,-24
106000321,364,48,316
106000322,53,269,-216
106000324,5,186,-181
106000325,838,982,-144
106000326,788,2273,-1485
106000327,37,270,-233
106000328,11,141,-130
106000329,78,344,-266
106000330,26,56,-30
106000428,37,168,-131
106000429,69,537,-468
106000430,244,1785,-1541
106000431,749,257,492
106000432,1169,2774,-1605
106000433,804,647,157
106000434,1959,805,1154
106000435,2284,2810,-526
106000436,33,433,-400
106000437,149,25,124
106000438,282,86,196
106000439,86,492,-406
106000440,210,530,-320
106000441,0,1,-1
106000442,58,7,51
106000443,42,778,-736
106000450,5,270,-265
106000451,10,4,6
106000454,2,68,-66
106000455,12,147,-135
106000456,100,10,90
106000457,16,1481,-1465
106000458,124,190,-66
106000459,33,639,-606
106000460,295,36,259
106000461,18,2781,-2763
106000462,0,13,-13
106000463,2,32,-30
106000464,1,743,-742
106000465,112,0,112
106000466,2,977,-975
106000467,549,716,-167
106000468,32,226,-194
106000469,262,3,259
106000470,214,1102,-888
106000471,18,748,-730
106000472,28,10,18
106000473,16,21,-5
106000474,189,858,-669
106000475,140,123,17
106000476,177,117,60
106000477,13,57,-44
106900001,0,26,-26
106900002,4,586,-582
106900003,211,775,-564
106900004,2,89,-87
106900006,1,17,-16
106900007,0,19,-19
106900008,53,334,-281
106900009,131,424,-293
106900010,110,366,-256
106900012,1942,1521,421
106900013,463,30,433
106900014,10,1,9
106900015,6,1,5
106900016,46,0,46
106900017,6,0,6
106900018,1,0,1
106900019,18,6,12
106900020,2938,508,2430
106900021,5,21,-16
106900022,134,0,134
106900023,4,342,-338
106900024,564,15,549
106900025,55,625,-570
106900026,4,1072,-1068
106900027,130,1,129
107000001,1961,1522,439
107000002,2839,4629,-1790
107000003,3891,5015,-1124
107000004,7022,7767,-745
107000005,1510,3234,-1724
107000006,3822,8937,-5115
107000007,4993,4701,292
107000008,23728,14551,9177
107000009,4855,4635,220
107000010,13129,15643,-2514
107000011,1031,1790,-759
107000012,4758,4612,146
107000013,39,210,-171
107000014,15,434,-419
107000015,267,1172,-905
107000016,255,1561,-1306
107000017,9197,1121,8076
107000018,26,354,-328
107000020,6817,547,6270
107000021,1969,1228,741
107000022,2151,2313,-162
107000023,2289,488,1801
107000024,647,3058,-2411
107000025,112,496,-384
107000026,126,1011,-885
107000027,1002,1101,-99
107000028,1426,1942,-516
107000029,1256,1646,-390
107000030,3809,4292,-483
107000031,1729,2092,-363
107000032,327,825,-498
107000033,5531,8148,-2617
107000034,7021,2876,4145
107000035,496,205,291
107000036,339,983,-644
107000037,76,769,-693
107000038,295,339,-44
107000039,414,572,-158
107000040,100,413,-313
107000041,1299,702,597
107000042,652,1847,-1195
107000043,3547,825,2722
107000044,632,475,157
107000045,87,372,-285
107000046,396,300,96
107000047,336,912,-576
107000048,393,361,32
107000049,365,774,-409
107000050,591,501,90
107000051,474,297,177
107000052,1003,720,283
107000053,184,122,62
107000054,54,225,-171
107000055,68,58,10
107000056,429,835,-406
107000057,1764,234,1530
107000058,1387,1603,-216
107000059,1852,3000,-1148
107000060,3018,5241,-2223
107000061,6051,4889,1162
107000062,1885,2911,-1026
107000063,3097,6998,-3901
107000064,2139,2089,50
107000065,3637,7371,-3734
107000066,1690,2341,-651
107000067,599,1006,-407
107000068,1715,638,1077
107000069,415,376,39
107000070,184,4,180
107000071,714,10,704
107000072,29,4723,-4694
107000073,152,93,59
107000074,148,1197,-1049
107000075,615,120,495
107000076,842,2323,-1481
107000077,1315,290,1025
107000078,1427,4097,-2670
107000079,1263,337,926
107000080,1173,4012,-2839
107000081,654,372,282
107000082,450,3776,-3326
107000083,754,167,587
107000084,618,3688,-3070
107000085,2919,3423,-504
107000086,4001,3121,880
107000087,1837,2191,-354
107000088,2449,3698,-1249
107000089,1063,1871,-808
107000090,1017,1214,-197
107000091,655,1096,-441
107000092,557,1375,-818
107000093,642,968,-326
107000094,779,1686,-907
107000095,385,513,-128
107000096,462,1102,-640
107000097,340,176,164
107000098,344,519,-175
107000099,334,203,131
107000100,354,286,68
107000101,51,134,-83
107000102,318,396,-78
107000103,270,133,137
107000104,198,359,-161
107000105,188,118,70
107000106,106,311,-205
107000107,262,144,118
107000108,102,1012,-910
107000109,296,109,187
107000110,40,663,-623
107000111,56,23,33
107000112,35,391,-356
107000113,232,103,129
107000114,53,757,-704
107000115,179,74,105
107000116,64,1181,-1117
107000117,56,131,-75
107000118,81,316,-235
107000119,1745,850,895
107000120,2415,442,1973
107000121,279,658,-379
107000122,685,924,-239
107000123,107,990,-883
107000124,257,999,-742
107000125,333,933,-600
107000126,368,1301,-933
107000127,9,355,-346
107000129,77,138,-61
107000130,84,175,-91
107000131,311,393,-82
107000132,302,379,-77
107000133,462,235,227
107000134,88,0,88
107000135,1,250,-249
107000136,325,2,323
107000137,4,436,-432
107000138,257,16,241
107000139,15,378,-363
107000140,719,24,695
107000141,119,1019,-900
107000142,175,27,148
107000143,42,1237,-1195
107000144,278,172,106
107000145,102,668,-566
107000146,123,188,-65
107000147,3363,665,2698
107000150,1206,3000,-1794
107000151,46,47,-1
107000152,514,395,119
107000153,378,273,105
107000154,97,52,45
107000155,1043,30,1013
107000156,932,59,873
107000157,47,3483,-3436
107000158,189,38,151
107000159,34,1683,-1649
107000160,317,113,204
107000161,91,2773,-2682
107000162,104,388,-284
107000163,5,0,5
107000164,84,0,84
107000165,224,0,224
107000166,50,1758,-1708
107000167,227,267,-40
107000168,418,213,205
107000169,893,1385,-492
107000170,670,480,190
107000171,704,3936,-3232
107000172,488,668,-180
107000173,905,1744,-839
107000174,1076,2577,-1501
107000175,14910,2080,12830
107000176,5,0,5
107000177,3,0,3
107000178,6,46,-40
107000179,126,3910,-3784
107000180,490,384,106
107000181,165,1720,-1555
107000182,527,930,-403
107000183,70,1291,-1221
107000184,350,875,-525
107000185,258,1664,-1406
107000186,356,355,1
107000187,1199,1360,-161
107000188,553,422,131
107000189,282,995,-713
107000190,355,748,-393
107000191,424,1056,-632
107000192,852,1201,-349
107000193,273,412,-139
107000194,792,916,-124
107000197,362,236,126
107000198,117,936,-819
107000199,632,993,-361
107000200,1164,524,640
107000201,437,353,84
107000202,163,563,-400
107000203,962,619,343
107000204,937,659,278
107000205,3223,1451,1772
107000206,943,1025,-82
107000207,705,1058,-353
107000208,1615,310,1305
107000209,2445,382,2063
107000210,1810,226,1584
107000211,4,17,-13
107000212,7,198,-191
107000213,31,23,8
107000214,10,125,-115
107000215,211,669,-458
107000216,130,619,-489
107000217,176,202,-26
107000219,41,165,-124
107000220,98,395,-297
107000222,299,870,-571
107000224,323,40,283
107000225,237,1155,-918
107000226,178,49,129
107000227,129,781,-652
107000228,101,117,-16
107000229,239,174,65
107000230,1094,688,406
107000231,1048,367,681
107000232,30,63,-33
107000233,576,271,305
107000234,1,13,-12
107000235,23,2,21
107000236,18,1093,-1075
107000237,2,0,2
107000238,7,1,6
107000239,7652,452,7200
107000240,29,1565,-1536
107000241,72,20,52
107000242,753,73,680
107000243,0,35,-35
107000244,4,86,-82
107000246,1,1639,-1638
107000249,2,1112,-1110
107000251,1,473,-472
107000252,8,1982,-1974
107000255,802,54,748
107000257,1,919,-918
107000258,0,221,-221
107000259,1,352,-351
107000260,122,7,115
107000262,9,1219,-1210
107000263,53,4,49
107000266,9,2,7
107000267,48,216,-168
107000268,170,266,-96
107000269,160,40,120
107000270,0,15,-15
107000271,10,1402,-1392
107000272,11,392,-381
107000273,4,282,-278
107000274,3423,437,2986
107000275,75,1153,-1078
107000280,194,20,174
107000281,25,1539,-1514
107000282,17,2135,-2118
107000290,1,74,-73
107000291,20,26,-6
107000292,2,44,-42
107000293,153,10,143
107000294,0,48,-48
107000295,134,2,132
107000296,0,7,-7
107000444,249,11,238
107000496,1,19,-18
107000497,1142,4477,-3335
107000500,222,525,-303
107000501,103,156,-53
107000502,147,519,-372
107000505,579,868,-289
107000506,0,19,-19
107000508,4,1011,-1007
107000509,206,451,-245
107000510,48,17,31
107000514,10,281,-271
107000515,18,482,-464
107000516,85,157,-72
107000518,291,207,84
107000519,4449,1380,3069
107000520,29,5,24
107900001,47,328,-281
107900002,24,1,23
107900003,61,8,53
107900004,22,1,21
107900005,280,0,280
107900006,22,0,22
107900007,81,19,62
107900008,16,77,-61
107900009,125,5,120
107900010,6,0,6
107900012,172,6,166
107900013,178,54,124
107900014,10,2,8
107900015,232,0,232
107900016,483,150,333
107900017,7,8,-1
107900018,20,18,2
107900019,5,91,-86
107900020,93,18,75
107900021,18,220,-202
107900023,0,0,0
107900024,0,31,-31
107900025,217,442,-225
107900026,13,130,-117
107900027,17,125,-108
107900028,24,109,-85
107900030,89,2,87
107900031,27,301,-274
107900032,2,0,2
107900033,4,3,1
107900034,130,4,126
107900035,350,12,338
107900036,19,2,17
107900037,0,80,-80
107900038,144,51,93
107900039,2,109,-107
107900040,29,50,-21
107900041,2,1,1
107900043,22,133,-111
107900044,8,2,6
107900045,35,14,21
107900046,51,24,27
107900047,6,158,-152
107900048,55,2,53
107900049,334,1454,-1120
107900050,76,355,-279
107900051,44,75,-31
107900052,4,10,-6
107900053,15,87,-72
107900055,258,147,111
107900056,63,9,54
107900057,0,0,0
107900058,28,990,-962
107900060,15,55,-40
107900061,24,4,20
107900063,101,143,-42
107900064,183,18,165
107900065,80,33,47
107900066,1,5,-4
107900067,0,0,0
107900068,126,217,-91
107900069,26,382,-356
107900070,14,10,4
107900071,11,1417,-1406
107900072,31,259,-228
107900073,98,178,-80
107900074,1022,98,924
107900076,50,96,-46
107900077,54,4,50
107900078,182,8,174
107900079,6,11,-5
107900080,99,166,-67
107900081,6,65,-59
107900082,19,16,3
107900083,87,64,23
107900084,36,110,-74
107900086,22,89,-67
107900087,333,25,308
107900088,9,3,6
107900089,377,1226,-849
107900090,391,522,-131
107900091,147,602,-455
107900092,2453,598,1855
107900093,76,69,7
107900095,3403,1039,2364
107900097,11,49,-38
107900098,39,99,-60
107900100,999,386,613
107900101,1292,115,1177
107900102,9,0,9
107900103,33,218,-185
107900104,129,4,125
107900105,2,661,-659
107900106,3,2258,-2255
107900107,2052,148,1904
107900108,253,54,199
107900109,216,2,214
107900110,6,108,-102
107900111,5,1958,-1953
107900112,68,186,-118
107900113,43,169,-126
107900114,49,319,-270
107900115,0,70,-70
107900116,46,260,-214
107900117,254,500,-246
107900118,53,164,-111
107900119,13,166,-153
107900120,15,1,14
107900121,4,269,-265
107900122,3,69,-66
107900123,0,21,-21
107900124,18,105,-87
107900125,25,228,-203
107900126,1,37,-36
107900127,769,81,688
107900128,135,36,99
107900129,4,50,-46
107900130,8,32,-24
107900131,119,19,100
107900132,89,530,-441
107900133,8,99,-91
107900134,42,16,26
107900135,1,235,-234
107900136,59,30,29
107900137,165,90,75
107900138,2,33,-31
107900139,6,65,-59
107900140,58,103,-45
107900141,26,7,19
107900142,108,1305,-1197
107900143,32,59,-27
107900144,1,201,-200
107900145,7,132,-125
107900146,18,108,-90
107900147,21,24,-3
107900148,114,223,-109
107900149,2903,98,2805
107900150,65,1006,-941
107900151,6,150,-144
107900152,29,469,-440
107900153,112,118,-6
107900154,5,13,-8
107900155,9,61,-52
107900156,3,409,-406
107900157,59,82,-23
107900158,143,8,135
107900159,36,1388,-1352
107900160,22,238,-216
107900161,2,333,-331
107900162,3,313,-310
107900163,72,37,35
107900164,1,28,-27
107900165,36,57,-21
107900166,8,371,-363
107900167,36,10,26
107900168,8,53,-45
107900169,0,229,-229
107900171,6,2489,-2483
107900172,0,412,-412
107900173,2,249,-247
107900174,17,12,5
107900175,6,8,-2
107900176,3,34,-31
107900177,5,374,-369
107900178,4,356,-352
107900179,4,154,-150
107900180,1463,115,1348
107900181,277,412,-135
107900182,2,2069,-2067
107900183,12,419,-407
107900184,141,363,-222
107900185,18,0,18
107900186,18,29,-11
107900187,0,167,-167
107900188,928,73,855
107900189,7,172,-165
107900190,152,23,129
107900191,15,176,-161
107900193,9,27,-18
107900194,87,0,87
107900195,5786,618,5168
107900196,38,128,-90
107900197,364,57,307
107900199,2,1406,-1404
107900201,47,136,-89
107900203,16,119,-103
107900204,233,221,12
107900205,142,577,-435
107900206,274,124,150
107900207,3,649,-646
107900208,2,1305,-1303
107900209,457,131,326
107900210,45,126,-81
107900213,322,390,-68
107900214,2,192,-190
107900215,148,282,-134
107900216,46,63,-17
107900217,19,50,-31
107900218,5,1954,-1949
107900219,17,242,-225
107900220,173,73,100
107900221,186,211,-25
107900223,74,686,-612
107900224,144,316,-172
107900225,1,968,-967
107900226,18,177,-159
107900227,53,633,-580
107900228,8,121,-113
107900229,4,372,-368
107900230,3,187,-184
107900231,5,262,-257
107900232,23,298,-275
107900233,10,214,-204
107900234,36,177,-141
107900235,34,123,-89
107900236,35,123,-88
107900237,160,580,-420
107900238,8,133,-125
107900239,1351,463,888
107900240,5,220,-215
107900241,10,194,-184
107900242,6,452,-446
107900243,0,43,-43
107900244,125,1,124
107900245,87,20,67
107900246,18,5,13
107900248,130,791,-661
107900249,150,12,138
107900250,3,689,-686
107900251,28,1287,-1259
107900252,225,7,218
107900253,34,3,31
107900254,38,487,-449
107900255,652,63,589
107900256,1849,868,981
107900257,44,75,-31
107900258,35,278,-243
107900259,86,395,-309
107900261,8,743,-735
107900262,18,129,-111
107900264,71,0,71
107900265,201,290,-89
107900267,25,23,2
107900268,88,6,82
107900269,0,8,-8
107900270,0,0,0
107900271,0,4,-4
107900272,193,5,188
107900273,15,83,-68
107900274,10,0,10
107900275,1,0,1
107900276,1,54,-53
107900277,1,263,-262
107900278,71,453,-382
107900279,154,48,106
107900280,2362,1179,1183
107900281,4504,775,3729
107900282,34,126,-92
107900283,1807,358,1449
107900284,65,1040,-975
107900285,27,164,-137
107900286,83,60,23
107900287,42,81,-39
107900290,0,55,-55
107900291,175,4,171
107900292,85,366,-281
107900293,32,607,-575
107900295,13,151,-138
107900297,2,372,-370
107900298,776,970,-194
107900299,4271,1021,3250
107900300,14,141,-127
107900301,961,143,818
107900302,59,14,45
107900303,28,311,-283
107900304,83,690,-607
107900305,138,8,130
107900306,48,13,35
107900307,34,294,-260
107900308,185,27,158
107900309,3,0,3
107900310,0,0,0
107900311,103,51,52
107900312,0,0,0
107900313,2,93,-91
107900314,0,49,-49
107900315,0,51,-51
107900316,24,2,22
107900317,26,2,24
107900318,3,163,-160
107900319,3,344,-341
107900320,5,168,-163
107900321,29,1,28
107900322,3,327,-324
107900323,8,162,-154
107900324,82,0,82
107900325,18,0,18
107900326,120,494,-374
107900327,1,0,1
107900328,0,0,0
107900329,0,2,-2
107900330,6,579,-573
107900331,41,25,16
107900332,35,26,9
107900333,16,2,14
107900334,6,300,-294
107900335,38,70,-32
107900336,7,29,-22
107900337,1775,355,1420
107900338,4,199,-195
107900339,0,29,-29
107900340,0,74,-74
107900341,8,0,8
107900342,45,98,-53
107900343,6,1,5
107900344,1,101,-100
107900345,55,19,36
107900346,17,0,17
107900347,18,1,17
107900348,6,1,5
107900349,6,1,5
107900350,48,336,-288
108000001,2187,1989,198
108000002,2451,3758,-1307
108000003,2366,1349,1017
108000004,18236,17299,937
108000005,3405,2488,917
108000006,5196,6907,-1711
108000007,3866,2966,900
108000008,4997,6905,-1908
108000009,1587,2486,-899
108000010,2314,6055,-3741
108000011,8103,5927,2176
108000012,18749,17308,1441
108000014,350,511,-161
108000015,283,310,-27
108000016,122,605,-483
108000017,373,361,12
108000018,745,450,295
108000019,1450,451,999
108000020,690,358,332
108000021,397,1893,-1496
108000022,451,1654,-1203
108000023,637,119,518
108000024,92,792,-700
108000025,99,175,-76
108000026,154,698,-544
108000027,164,628,-464
108000028,101,326,-225
108000029,137,835,-698
108000030,288,220,68
108000031,139,852,-713
108000032,478,430,48
108000033,347,1463,-1116
108000034,715,321,394
108000035,840,3134,-2294
108000036,223,1760,-1537
108000037,705,253,452
108000038,925,314,611
108000039,356,3012,-2656
108000040,828,452,376
108000041,681,3138,-2457
108000042,43,293,-250
108000043,106,358,-252
108000044,158,179,-21
108000045,141,983,-842
108000046,649,233,416
108000047,256,1506,-1250
108000048,145,628,-483
108000049,261,200,61
108000050,98,570,-472
108000051,115,70,45
108000052,256,885,-629
108000053,157,91,66
108000054,438,1109,-671
108000055,608,254,354
108000056,825,1134,-309
108000057,438,591,-153
108000058,1740,1623,117
108000059,3177,1648,1529
108000060,78,332,-254
108000061,145,381,-236
108000062,296,464,-168
108000063,266,913,-647
108000064,80,275,-195
108000065,258,850,-592
108000066,1141,569,572
108000067,850,419,431
108000068,373,279,94
108000069,143,1301,-1158
108000070,698,454,244
108000071,372,2142,-1770
108000072,672,633,39
108000073,1176,2231,-1055
108000074,159,253,-94
108000075,225,892,-667
108000076,398,272,126
108000077,565,1086,-521
108000078,1201,976,225
108000079,1228,2541,-1313
108000080,604,466,138
108000081,485,3767,-3282
108000082,930,1612,-682
108000083,1237,628,609
108000084,240,1465,-1225
108000085,161,214,-53
108000086,885,972,-87
108000087,93,921,-828
108000088,78,4,74
108000089,167,349,-182
108000090,152,120,32
108000091,61,643,-582
108000092,50,65,-15
108000093,80,1092,-1012
108000094,264,83,181
108000095,103,633,-530
108000096,115,139,-24
108000097,66,660,-594
108000098,466,1643,-1177
108000099,126,129,-3
108000100,29,241,-212
108000101,1186,883,303
108000102,882,1441,-559
108000106,418,0,418
108000107,5,792,-787
108000108,212,34,178
108000109,10,986,-976
108000110,89,339,-250
108000111,96,756,-660
108000112,63,78,-15
108000113,542,412,130
108000115,421,424,-3
108000117,1308,356,952
108000118,108,106,2
108000119,626,498,128
108000120,83,381,-298
108000121,127,644,-517
108000122,207,255,-48
108000123,375,353,22
108000124,261,717,-456
108000125,77,443,-366
108000126,51,864,-813
108000127,133,483,-350
108000128,165,1042,-877
108000129,283,1837,-1554
108000130,193,428,-235
108000131,273,142,131
108000132,1287,1382,-95
108000133,368,346,22
108000134,643,1108,-465
108000135,362,314,48
108000136,850,1527,-677
108000137,137,502,-365
108000138,191,1340,-1149
108000139,92,488,-396
108000140,23,28,-5
108000141,13,200,-187
108000142,15,109,-94
108000143,18,24,-6
108000144,13,14,-1
108000145,25,35,-10
108000146,26,7,19
108000147,59,49,10
108000148,58,4,54
108000149,8,43,-35
108000150,11,4,7
108000151,20,8,12
108000152,60,717,-657
108000153,115,106,9
108000154,24,15,9
108000155,8,13,-5
108000156,318,87,231
108000157,79,295,-216
108000158,65,308,-243
108000159,613,85,528
108000160,5894,584,5310
108000161,6006,957,5049
108000165,9,70,-61
108000172,3,88,-85
108000173,3250,1017,2233
108000175,75,51,24
108000178,424,467,-43
108000179,184,588,-404
108000181,15,27,-12
108000182,148,17,131
108000183,14,15,-1
108000184,1169,905,264
108000185,53,796,-743
108000186,64,69,-5
108000187,35,891,-856
108000188,138,271,-133
108000189,451,533,-82
108000190,30,120,-90
108000192,75,749,-674
108000193,598,54,544
108000194,13,9,4
108000195,5,1294,-1289
108000196,369,146,223
108000198,216,487,-271
108000199,0,102,-102
108000200,129,900,-771
108000202,0,179,-179
108000203,31,1164,-1133
108000204,57,29,28
108000205,571,634,-63
108000339,1957,221,1736
108000364,173,164,9
108000365,51,498,-447
108000367,126,404,-278
108000368,16,52,-36
108000369,1832,94,1738
108000371,0,680,-680
108000372,125,1,124
108000373,69,209,-140
108000376,67,14,53
108000377,150,406,-256
108000378,8428,5717,2711
108000379,35,132,-97
108000381,18,9,9
108000382,18,4,14
108000383,0,42,-42
108900001,185,1343,-1158
108900002,253,37,216
108900003,397,1097,-700
108900004,43,93,-50
108900005,18,50,-32
108900006,245,184,61
108900007,85,165,-80
108900008,32,162,-130
108900009,8,111,-103
108900010,32,156,-124
108900011,147,332,-185
108900012,116,605,-489
108900013,33,226,-193
108900014,0,56,-56
108900015,0,38,-38
108900016,2,191,-189
108900017,115,196,-81
108900018,56,639,-583
108900019,95,1567,-1472
108900020,18,374,-356
108900021,58,357,-299
108900022,29,8,21
108900023,1,25,-24
108900024,3,166,-163
108900025,20,136,-116
108900026,14,99,-85
108900027,0,156,-156
108900028,32,663,-631
108900029,38,370,-332
108900030,0,98,-98
108900031,32,772,-740
108900032,9,364,-355
108900033,0,159,-159
108900034,2,336,-334
108900035,128,2283,-2155
108900036,151,481,-330
108900037,15,558,-543
108900038,1,555,-554
108900039,1,742,-741
108900040,2,147,-145
108900041,6660,1568,5092
108900042,2,252,-250
108900043,39,546,-507
108900044,3,880,-877
108900045,14,911,-897
108900046,61,1375,-1314
108900047,0,45,-45
108900048,43,1272,-1229
108900049,6471,852,5619
108900050,1,338,-337
108900051,0,241,-241
108900052,1,398,-397
108900053,80,141,-61
108900054,23,246,-223
108900055,65,608,-543
108900056,2,209,-207
108900057,1,224,-223
108900058,26,743,-717
108900059,123,6,117
108900060,28,99,-71
108900061,35,21,14
108900062,0,341,-341
108900063,7,630,-623
108900064,38,69,-31
108900065,5,449,-444
108900066,84,90,-6
108900067,31,277,-246
108900068,1,149,-148
108900069,16,142,-126
108900070,31,238,-207
108900071,21,44,-23
108900072,2893,201,2692
108900073,2,109,-107
108900074,21,652,-631
108900075,29,93,-64
108900076,110,41,69
108900077,91,175,-84
108900078,13,250,-237
108900079,736,270,466
108900080,27,264,-237
108900081,33,264,-231
108900082,14,128,-114
108900083,8,91,-83
108900084,360,113,247
108900085,2126,146,1980
108900086,15,438,-423
108900087,95,230,-135
108900088,458,237,221
108900089,12,62,-50
108900090,8,612,-604
108900091,118,125,-7
108900092,149,213,-64
108900093,35,22,13
108900094,105,52,53
108900095,73,798,-725
108900096,613,65,548
108900097,199,255,-56
108900098,4422,292,4130
108900099,171,392,-221
108900100,30,148,-118
108900101,77,38,39
108900102,139,287,-148
108900103,9,34,-25
108900104,206,376,-170
108900105,10,306,-296
108900106,117,599,-482
108900108,98,20,78
108900109,5,28,-23
108900110,54,576,-522
108900111,211,888,-677
108900112,65,11,54
108900113,38,17,21
108900114,0,7,-7
108900115,45,42,3
108900116,12,7,5
108900117,48,42,6
108900118,126,6,120
108900119,55,58,-3
108900120,27,123,-96
108900121,94,35,59
108900122,33,30,3
108900123,39,25,14
108900124,141,55,86
108900125,87,0,87
108900126,28,6,22
108900127,35,16,19
108900128,19,5,14
108900129,281,62,219
108900130,51,0,51
108900131,66,1,65
108900132,90,58,32
108900133,122,29,93
108900134,64,227,-163
108900135,25,3,22
108900136,3,1,2
108900137,18,1,17
108900138,186,6,180
108900139,495,72,423
108900140,50,301,-251
108900141,47,7,40
108900142,35,2,33
108900143,22,0,22
108900144,10,0,10
108900145,15,0,15
108900146,10,0,10
108900147,33,0,33
108900148,85,30,55
108900149,348,326,22
108900150,103,1,102
108900151,18,3,15
108900152,34,34,0
108900153,45,645,-600
108900154,2349,253,2096
108900155,99,101,-2
108900156,26,2,24
108900157,9,851,-842
108900158,115,27,88
108900159,6,418,-412
108900160,4,260,-256
108900161,7,664,-657
108900162,16,0,16
108900163,11,99,-88
108900164,9,106,-97
108900165,190,98,92
108900167,1756,1410,346
108900168,12626,1520,11106
108900169,9,107,-98
108900171,10075,1072,9003
108900172,97,22,75
108900173,195,397,-202
108900174,189,496,-307
108900176,73,691,-618
108900177,10803,1844,8959
108900178,6175,1042,5133
108900179,304,572,-268
108900180,53,151,-98
108900182,32,152,-120
108900183,187,270,-83
108900184,157,212,-55
108900185,30,293,-263
108900186,43,420,-377
108900187,83,47,36
108900188,135,55,80
108900189,135,133,2
108900190,19,3497,-3478
108900191,153,15,138
108900192,45,350,-305
108900193,65,35,30
108900194,4,355,-351
108900195,26,468,-442
108900196,8,738,-730
108900198,3,744,-741
108900199,79,371,-292
108900200,99,379,-280
108900201,183,1098,-915
108900203,187,9,178
108900204,107,1,106
108900205,74,4,70
108900206,125,6,119
108900207,100,11,89
108900208,26,412,-386
108900209,188,792,-604
108900210,152,197,-45
108900211,72,125,-53
108900212,667,483,184
108900215,100,761,-661
108900216,200,84,116
108900217,38,0,38
108900218,44,1,43
108900219,11,0,11
108900220,12,7,5
108900221,28,62,-34
108900222,56,9,47
108900223,16,31,-15
108900224,55,75,-20
108900225,2,239,-237
108900226,86,1,85
108900227,40,52,-12
108900230,493,413,80
108900231,50,312,-262
108900232,4,586,-582
108900233,148,31,117
108900234,155,29,126
108900235,184,684,-500
108900236,34,444,-410
108900237,29,338,-309
108900240,48,80,-32
108900241,11,9,2
108900245,3,509,-506
108900249,35,6,29
108900250,394,365,29
108900257,48,846,-798
108900258,15,331,-316
108900259,15,70,-55
108900260,7,122,-115
108900261,186,142,44
108900262,343,90,253
108900263,27,475,-448
108900264,269,292,-23
108900265,1978,225,1753
108900266,1337,173,1164
108900267,2,41,-39
108900268,15,1,14
108900269,15,5,10
108900270,16,1,15
108900271,7,7,0
108900272,59,2,57
108900273,1022,288,734
108900274,8,54,-46
109000001,2635,799,1836
109000002,3947,1425,2522
109000003,1274,473,801
109000004,398,3225,-2827
109000005,1051,627,424
109000006,566,2382,-1816
109000007,580,519,61
109000008,253,2141,-1888
109000009,2332,800,1532
109000010,1199,4166,-2967
109000011,1363,1202,161
109000012,1410,4369,-2959
109000013,1974,1274,700
109000014,1407,4416,-3009
109000015,2499,2753,-254
109000016,11149,4836,6313
109000017,1241,941,300
109000018,641,3908,-3267
109000019,1325,831,494
109000020,940,2586,-1646
109000023,205,15,190
109000024,6,171,-165
109000025,241,249,-8
109000026,697,380,317
109000027,39,208,-169
109000028,84,140,-56
109000029,214,95,119
109000030,59,536,-477
109000031,60,123,-63
109000032,31,482,-451
109000033,143,87,56
109000034,31,17,14
109000035,12,21,-9
109000036,143,368,-225
109000037,154,497,-343
109000038,606,311,295
109000039,460,203,257
109000040,6411,2441,3970
109000041,6766,994,5772
109000042,1004,1086,-82
109000044,182,66,116
109000045,47,504,-457
109000046,115,78,37
109000047,26,474,-448
109000048,469,98,371
109000049,168,690,-522
109000050,238,169,69
109000051,315,378,-63
109000052,317,2393,-2076
109000053,88,193,-105
109000054,141,950,-809
109000055,46,209,-163
109000056,186,841,-655
109000057,179,200,-21
109000058,934,310,624
109000059,416,1180,-764
109000060,413,146,267
109000061,2084,485,1599
109000062,186,194,-8
109000063,128,306,-178
109000064,67,196,-129
109000065,58,571,-513
109000066,127,179,-52
109000067,40,510,-470
109000068,134,3,131
109000069,722,11,711
109000070,12,789,-777
109000071,331,83,248
109000072,79,446,-367
109000073,27,62,-35
109000074,24,338,-314
109000075,66,541,-475
109000076,42,130,-88
109000077,333,312,21
109000078,21,132,-111
109000079,45,314,-269
109000080,33,140,-107
109000081,13,679,-666
109000082,114,278,-164
109000083,158,1125,-967
109000088,80,482,-402
109000089,98,19,79
109000090,154,639,-485
109000091,138,23,115
109000092,352,858,-506
109000093,107,56,51
109000094,94,1,93
109000095,55,1001,-946
109000096,174,151,23
109000097,58,112,-54
109000098,33,70,-37
109000099,310,303,7
109000100,141,607,-466
109000101,617,905,-288
109000102,228,1223,-995
109000103,181,744,-563
109000104,669,555,114
109000105,340,2062,-1722
109000106,1001,541,460
109000107,282,2485,-2203
109000108,659,394,265
109000109,334,2348,-2014
109000110,868,369,499
109000111,967,2974,-2007
109000112,245,205,40
109000113,110,283,-173
109000114,111,383,-272
109000115,749,30,719
109000116,5,241,-236
109000117,51,100,-49
109000118,6,329,-323
109000119,293,302,-9
109000120,53,1640,-1587
109000121,115,71,44
109000122,30,1511,-1481
109000123,20,94,-74
109000124,261,465,-204
109000125,550,450,100
109000126,273,1399,-1126
109000127,338,184,154
109000128,255,3172,-2917
109000129,984,260,724
109000130,551,3539,-2988
109000131,457,148,309
109000132,525,2046,-1521
109000133,275,1020,-745
109000134,473,1586,-1113
109000135,816,1239,-423
109000136,192,513,-321
109000137,95,452,-357
109000138,221,628,-407
109000139,198,459,-261
109000140,107,654,-547
109000141,153,575,-422
109000142,81,611,-530
109000143,33,53,-20
109000145,76,97,-21
109000146,22,95,-73
109000148,4982,1118,3864
109000149,15,19,-4
109000150,49,160,-111
109000155,172,518,-346
109000156,1070,1241,-171
109000158,107,274,-167
109000159,53,811,-758
109000160,463,451,12
109000161,266,1919,-1653
109000162,1106,1237,-131
109000163,510,2100,-1590
109000164,675,2728,-2053
109000165,600,848,-248
109000166,246,180,66
109000167,71,1051,-980
109000170,22,70,-48
109000171,27,52,-25
109000172,46,50,-4
109000173,7,30,-23
109000174,24,66,-42
109000175,17,172,-155
109000176,147,333,-186
109000177,12,158,-146
109000178,117,75,42
109000179,9548,2233,7315
109000180,6434,3497,2937
109000181,5,65,-60
109000182,15,60,-45
109000183,13,78,-65
109000184,15,21,-6
109000185,10,92,-82
109000188,1348,3420,-2072
109000189,3017,1125,1892
109000190,524,598,-74
109000191,267,781,-514
109000192,87,333,-246
109000193,75,540,-465
109000194,51,184,-133
109000195,71,540,-469
109000196,156,134,22
109000197,99,692,-593
109000198,109,78,31
109000199,69,658,-589
109000206,79,31,48
109000207,31,46,-15
109000208,86,47,39
109000209,97,67,30
109000210,161,544,-383
109000211,81,449,-368
109000214,169,827,-658
109000215,59,52,7
109000216,93,92,1
109000217,190,145,45
109000218,317,159,158
109000221,177,1258,-1081
109000222,308,77,231
109000223,157,229,-72
109000224,52,437,-385
109000225,44,49,-5
109000226,24,350,-326
109000227,670,2099,-1429
109000228,2,312,-310
109000231,6,620,-614
109000232,100,635,-535
109000236,165,854,-689
109000241,886,1877,-991
109000242,628,1347,-719
109000293,9,34,-25
109000361,55,213,-158
109000364,321,736,-415
109000396,5,1150,-1145
109000397,124,5,119
109000399,109,611,-502
109000400,25,345,-320
109000403,56,199,-143
109000406,59,2,57
109000407,188,338,-150
109000408,2,527,-525
109000410,425,160,265
109000411,14,8,6
109900001,63,0,63
109900002,241,10,231
109900003,42,0,42
109900004,591,244,347
109900005,6,5,1
109900006,164,284,-120
109900007,194,1246,-1052
109900008,0,31,-31
109900009,83,1474,-1391
109900010,157,18,139
109900011,11,19,-8
109900012,207,118,89
109900013,218,91,127
109900014,87,38,49
109900015,205,45,160
109900016,81,49,32
109900017,57,71,-14
109900018,150,158,-8
109900019,132,110,22
109900020,2,3,-1
109900021,5,4,1
109900022,19,377,-358
109900023,7,3,4
109900024,19,0,19
109900025,1,95,-94
109900026,3,197,-194
109900027,27,1,26
109900028,3322,375,2947
109900029,6,701,-695
109900030,4,0,4
109900031,0,75,-75
109900032,9,329,-320
109900033,2,579,-577
109900034,3,0,3
109900035,9,18,-9
109900036,18,71,-53
109900037,18,655,-637
109900038,9,330,-321
109900039,0,1,-1
109900040,11,893,-882
109900041,35,660,-625
109900042,41,617,-576
109900044,123,403,-280
109900045,9,25,-16
109900046,18,64,-46
109900047,254,431,-177
109900048,2,88,-86
109900049,8,21,-13
109900050,1,326,-325
109900051,0,48,-48
109900052,46,351,-305
109900053,10,573,-563
109900054,214,85,129
109900055,12,310,-298
109900056,26,155,-129
109900057,3,301,-298
109900058,0,115,-115
109900059,154,49,105
109900060,260,172,88
109900061,104,320,-216
109900062,0,264,-264
109900063,1,278,-277
109900064,129,207,-78
109900065,74,180,-106
109900066,234,1188,-954
109900067,2,493,-491
109900068,11,2,9
109900069,3,39,-36
109900070,64,349,-285
109900071,0,50,-50
109900072,5,181,-176
109900073,66,769,-703
109900074,4,65,-61
109900075,5,18,-13
109900076,20,355,-335
109900077,4,92,-88
109900078,44,319,-275
109900080,122,377,-255
109900081,14,92,-78
109900082,46,532,-486
109900083,32,66,-34
109900084,12,146,-134
109900085,117,1514,-1397
109900086,55,178,-123
109900087,137,375,-238
109900089,146,78,68
109900090,358,1192,-834
109900091,98,79,19
109900092,924,18,906
109900093,207,105,102
109900094,33,68,-35
109900095,141,190,-49
109900096,7,1,6
109900097,29,0,29
109900098,126,17,109
109900099,26,0,26
109900100,3,1,2
109900101,91,5,86
109900102,216,12,204
109900103,3,23,-20
109900104,106,1354,-1248
109900105,214,13,201
109900106,144,81,63
109900107,177,106,71
109900108,81,1531,-1450
109900109,17,353,-336
109900110,25,672,-647
109900111,166,1356,-1190
109900112,304,1141,-837
109900113,254,188,66
109900114,842,111,731
109900115,49,86,-37
109900117,296,109,187
109900118,196,444,-248
109900119,531,337,194
109900120,15,1,14
109900121,143,96,47
109900122,148,2,146
109900123,5,212,-207
109900124,26,968,-942
109900125,2,259,-257
109900126,34,213,-179
109900128,57,39,18
109900130,13710,1019,12691
109900131,42,216,-174
109900132,22,251,-229
109900133,11,507,-496
109900134,40,43,-3
109900135,320,56,264
109900136,42,191,-149
109900137,25,494,-469
109900138,102,434,-332
109900140,85,541,-456
109900141,75,221,-146
109900142,329,239,90
109900145,0,79,-79
109900146,266,17,249
109900148,27,85,-58
109900149,36,57,-21
109900150,2,77,-75
109900151,4,62,-58
109900152,0,28,-28
109900153,1,36,-35
109900154,0,0,0
109900155,15,9,6
109900157,28,252,-224
109900158,41,128,-87
109900159,75,26,49
109900160,33,39,-6
109900161,106,64,42
109900162,21,91,-70
109900163,715,266,449
109900164,32,243,-211
109900165,275,2,273
109900166,3,235,-232
109900167,75,904,-829
109900168,114,795,-681
109900169,41,124,-83
109900170,251,395,-144
109900171,36,78,-42
109900172,97,181,-84
109900173,5586,821,4765
109900174,31,178,-147
109900175,35,84,-49
109900176,73,315,-242
109900177,10,402,-392
109900178,2,136,-134
109900179,7,19,-12
109900180,0,6,-6
110000001,464,476,-12
110000002,336,542,-206
110000003,866,630,236
110000004,396,591,-195
110000005,745,1444,-699
110000006,728,331,397
110000007,92,216,-124
110000008,14,78,-64
110000009,11,58,-47
110000010,8,106,-98
110000011,10,112,-102
110000012,648,531,117
110000013,11,381,-370
110000014,647,408,239
110000015,424,612,-188
110000016,238,938,-700
110000017,5717,305,5412
110000018,4676,604,4072
110000019,7,240,-233
110000020,514,275,239
110000021,905,508,397
110000022,889,174,715
110000023,3,256,-253
110000024,598,390,208
110000025,68,1,67
110000026,6,866,-860
110000027,368,329,39
110000028,631,971,-340
110000029,368,1025,-657
110000030,145,453,-308
110000031,126,703,-577
110000032,588,617,-29
110000033,72,126,-54
110000034,225,1576,-1351
110000035,352,1326,-974
110000036,529,1687,-1158
110000037,63,1133,-1070
110000038,194,1151,-957
110000039,432,1617,-1185
110000040,352,717,-365
110000041,127,546,-419
110000042,62,521,-459
110000043,332,101,231
110000044,109,131,-22
110000045,895,70,825
110000046,1,6,-5
110000047,0,3,-3
110000048,6,34,-28
110000049,2,4,-2
110000050,10,11,-1
110000051,5,3,2
110000052,18,39,-21
110000053,18,2,16
110000054,323,416,-93
110000055,486,38,448
110000056,77,29,48
110000057,295,810,-515
110000058,517,765,-248
110000059,495,629,-134
110000060,341,1070,-729
110000061,999,907,92
110000062,747,864,-117
110000063,19,105,-86
110000064,54,132,-78
110000065,30,131,-101
110000066,27,76,-49
110000067,69,430,-361
110000068,44,608,-564
110000069,71,237,-166
110000071,42,288,-246
110000073,0,51,-51
110000075,5,150,-145
110000076,325,278,47
110000077,470,844,-374
110000078,21,150,-129
110000080,171,866,-695
110000081,14,297,-283
110000082,11,243,-232
110000083,200,783,-583
110000084,507,404,103
110000085,4233,1584,2649
110000086,2130,698,1432
110000087,8,50,-42
110000088,25,216,-191
110000089,207,196,11
110000090,124,364,-240
110000091,2052,424,1628
110000092,32,109,-77
110000093,27,7,20
110000094,380,328,52
110000095,81,420,-339
110000096,4717,2081,2636
110000097,837,793,44
110000098,1246,395,851
110000099,983,1700,-717
110000100,178,1178,-1000
110000101,11,829,-818
110000102,16,27,-11
110000104,158,66,92
110000105,65,348,-283
110000106,175,140,35
110000107,350,642,-292
110000108,126,25,101
110000109,281,362,-81
110000110,6529,3195,3334
110000111,11154,1724,9430
110000112,1383,253,1130
110000113,990,616,374
110000114,65,267,-202
110000115,136,293,-157
110000116,44,35,9
110000117,109,866,-757
110000118,261,318,-57
110000119,138,552,-414
110000120,192,206,-14
110000121,51,282,-231
110000122,219,630,-411
110000123,198,488,-290
110000124,6,1159,-1153
110000125,537,5,532
110000126,132,11,121
110000127,306,26,280
110000128,27,2548,-2521
110000129,7,736,-729
110000130,78,82,-4
110000131,83,471,-388
110000132,1,1000,-999
110000133,49,383,-334
110000134,18,331,-313
110000135,141,64,77
110000136,53,352,-299
110000137,293,896,-603
110000138,330,1188,-858
110000139,527,2190,-1663
110000140,493,208,285
110000143,883,336,547
110000144,4908,939,3969
110000145,1248,925,323
110000146,3492,1204,2288
110000147,202,738,-536
110000148,235,442,-207
110000151,1166,743,423
110000152,1122,228,894
110000153,49,76,-27
110000154,94,11,83
110000155,2352,1560,792
110000156,903,1016,-113
110000157,2286,1698,588
110000160,244,505,-261
110000161,119,663,-544
110000166,161,178,-17
110000167,439,468,-29
110000168,629,256,373
110000169,159,268,-109
110000170,77,103,-26
110000171,436,161,275
110000172,92,1048,-956
110000173,1226,1714,-488
110000174,54,1724,-1670
110000175,302,217,85
110000176,144,368,-224
110000177,130,803,-673
110000178,681,822,-141
110000179,1572,326,1246
110000180,60,367,-307
110000181,235,545,-310
110000182,360,310,50
110000183,15372,4570,10802
110000184,666,1839,-1173
110000185,2180,702,1478
110000186,842,660,182
110000191,250,474,-224
110000192,182,3,179
110000193,196,2,194
110000194,7,1639,-1632
110000195,83,642,-559
110000196,157,740,-583
110000197,22,327,-305
110000198,75,145,-70
110000199,35,123,-88
110000200,2164,886,1278
110000201,1105,434,671
110000202,652,323,329
110000203,619,922,-303
110000204,3,440,-437
110000205,27,81,-54
110000206,603,2237,-1634
110000207,286,276,10
110000208,230,85,145
110000209,102,951,-849
110000210,281,792,-511
110000211,1103,771,332
110000212,206,930,-724
110000213,25,87,-62
110000214,40,152,-112
110000215,39,941,-902
110000216,32,970,-938
110000217,94,227,-133
110000218,58,652,-594
110000219,120,87,33
110000220,15,600,-585
110000221,150,135,15
110000222,31,389,-358
110000223,2,92,-90
110000224,105,7,98
110000225,118,525,-407
110000226,110,48,62
110000227,529,380,149
110000228,204,374,-170
110000229,1,276,-275
110000230,718,562,156
110000231,95,185,-90
110000232,92,198,-106
110000233,87,313,-226
110000234,866,529,337
110000235,800,1087,-287
110000236,184,1106,-922
110000237,2066,1005,1061
110000238,799,1422,-623
110000239,887,1530,-643
110000240,2,132,-130
110000242,0,14,-14
110000243,46,259,-213
110000244,119,339,-220
110000245,19,425,-406
110000246,469,929,-460
110000247,4395,4595,-200
110000248,4984,1440,3544
110000249,59,13,46
110000250,37,280,-243
110000251,62,622,-560
110000252,288,379,-91
110000253,952,383,569
110000254,1561,1699,-138
110000255,263,1449,-1186
110000256,307,231,76
110000257,981,368,613
110000258,6,577,-571
110000259,53,50,3
110000260,9,696,-687
110000263,1070,89,981
110000264,193,846,-653
110000265,1076,1814,-738
110000266,2092,2665,-573
110000267,15,324,-309
110000268,275,622,-347
110000269,1,144,-143
110000270,35,1,34
110000271,2576,320,2256
110000272,649,1037,-388
110000273,2719,1361,1358
110000274,355,1313,-958
110000275,3898,581,3317
110000276,207,370,-163
110000277,199,434,-235
110000278,386,952,-566
110000279,618,766,-148
110000280,165,570,-405
110000281,11,218,-207
110000282,187,51,136
110000283,22,114,-92
110000284,8,21,-13
110000285,2,192,-190
110000286,9,1,8
110000287,92,0,92
110000288,18,109,-91
110000289,365,1326,-961
110000290,1626,723,903
110000291,7401,1370,6031
110000292,1198,6553,-5355
110000293,360,1178,-818
110000294,513,1369,-856
110000295,94,1117,-1023
110000296,197,489,-292
110000297,4789,286,4503
110000298,485,464,21
110000299,1845,23,1822
110000301,429,5,424
110000302,159,1543,-1384
110000303,332,4,328
110000304,103,292,-189
110000305,425,7,418
110000306,83,3032,-2949
110000307,524,4,520
110000308,278,8,270
110000309,12,2050,-2038
110000310,330,56,274
110000311,10,1264,-1254
110000312,831,37,794
110000313,7620,1632,5988
110000314,0,259,-259
110000315,3928,1767,2161
110000316,672,1273,-601
110000317,741,368,373
110000318,4,99,-95
110000319,11,26,-15
110000320,56,62,-6
110000321,8,66,-58
110000322,104,695,-591
110000323,529,368,161
110000324,5247,1258,3989
110000325,2255,3035,-780
110000327,665,255,410
110000328,194,636,-442
110000333,988,717,271
110000334,771,1668,-897
110000335,1185,782,403
110000336,499,1546,-1047
110000337,965,639,326
110000338,106,295,-189
110000339,94,264,-170
110000340,179,207,-28
110000341,209,746,-537
110000342,374,6,368
110000343,0,32,-32
110000344,38,223,-185
110000345,92,137,-45
110000346,2596,1675,921
110000347,1064,1056,8
110000348,2,37,-35
110000349,2,73,-71
110000350,45,8,37
110000351,443,1227,-784
110000352,297,1904,-1607
110000353,3603,1170,2433
110000354,745,2543,-1798
110000355,48,156,-108
110000356,292,2,290
110000357,196,27,169
110000361,13,131,-118
110000362,36,240,-204
110000363,90,139,-49
110000364,86,350,-264
110000365,203,2,201
110000366,0,93,-93
110000367,291,381,-90
110000368,19,166,-147
110000369,42,6,36
110000373,4,340,-336
110000374,145,3,142
110000375,145,1035,-890
110000376,39,136,-97
110000377,20,233,-213
110000378,33,303,-270
110000379,4632,1322,3310
110000380,23,18,5
110000383,6,531,-525
110000384,2119,299,1820
110000385,0,323,-323
110000387,36,17,19
110000388,22,259,-237
110000389,160,5,155
110000391,432,626,-194
110000396,26,167,-141
110000397,30,312,-282
110000398,1,43,-42
110000399,117,3,114
110000587,21,63,-42
110000589,151,312,-161
110000640,127,227,-100
110000652,4,199,-195
110000653,38,390,-352
110000654,0,26,-26
110000656,1,783,-782
110000674,16,18,-2
110000675,23,13,10
110000676,9,46,-37
110000679,789,267,522
110000682,73,79,-6
110000683,509,798,-289
110000684,1,96,-95
110000685,4,12,-8
110000686,1,19,-18
110000687,8,2,6
110000688,60,366,-306
110000689,29,214,-185
110000692,73,343,-270
110000693,133,391,-258
110000694,0,84,-84
110000695,227,792,-565
110000696,130,174,-44
110900001,85,13,72
110900002,112,274,-162
110900003,146,1547,-1401
110900004,110,351,-241
110900005,5885,1091,4794
110900006,22,4,18
110900007,32,6,26
110900008,4,30,-26
110900009,158,30,128
110900010,5,107,-102
110900011,5,81,-76
110900012,5,151,-146
110900013,393,186,207
110900014,78,5,73
110900015,906,205,701
110900016,2,239,-237
110900017,76,59,17
110900018,320,40,280
110900019,25,22,3
110900020,16,765,-749
110900021,45,1013,-968
110900022,59,513,-454
110900023,62,485,-423
110900024,32,573,-541
110900025,9,80,-71
110900027,15,310,-295
110900028,20,230,-210
110900029,57,606,-549
110900030,14,467,-453
110900031,0,231,-231
110900032,0,121,-121
110900033,59,386,-327
110900035,36,370,-334
110900036,13,20,-7
110900037,18,19,-1
110900038,1577,206,1371
110900039,6,289,-283
110900040,111,24,87
110900041,5,166,-161
110900042,35,45,-10
110900043,4,224,-220
110900044,214,22,192
110900045,25,961,-936
110900046,138,380,-242
110900047,902,117,785
110900049,68,20,48
110900050,5,0,5
110900051,22,181,-159
110900052,4,286,-282
110900053,47,79,-32
110900054,18,463,-445
110900055,6,1,5
110900056,60,123,-63
110900057,13,239,-226
110900058,114,410,-296
110900059,507,1168,-661
110900060,310,75,235
110900061,28,52,-24
110900062,30,467,-437
110900063,13,125,-112
110900064,2,0,2
110900065,334,81,253
110900066,1,99,-98
110900067,744,508,236
110900068,204,265,-61
110900069,2,35,-33
110900070,78,90,-12
110900071,309,338,-29
110900073,1,18,-17
110900074,186,50,136
110900075,131,91,40
110900077,161,357,-196
110900078,6,168,-162
110900079,2194,421,1773
110900080,48,63,-15
110900081,3,161,-158
110900082,13,242,-229
110900083,46,60,-14
110900084,18,267,-249
110900085,35,350,-315
110900086,57,78,-21
110900087,80,60,20
110900088,4,1,3
110900090,24,16,8
110900091,0,84,-84
110900093,311,48,263
110900095,23,73,-50
110900097,4,34,-30
110900098,6,84,-78
110900099,62,592,-530
110900100,0,31,-31
110900102,4,15,-11
110900105,763,451,312
110900108,5,131,-126
110900111,232,61,171
110900112,328,3,325
110900113,594,17,577
110900115,3,98,-95
110900116,258,3112,-2854
110900118,113,712,-599
110900119,7571,282,7289
110900120,3,155,-152
110900121,97,1,96
110900122,125,133,-8
110900125,117,203,-86
110900127,631,471,160
110900128,124,131,-7
110900129,259,133,126
110900130,1084,134,950
110900131,88,51,37
110900132,112,21,91
110900133,101,471,-370
110900135,184,669,-485
110900136,99,2,97
110900137,478,0,478
110900138,612,403,209
110900139,5,26,-21
110900140,95,3,92
110900141,3,40,-37
110900142,30,280,-250
110900143,41,77,-36
110900144,2,720,-718
110900145,68,2,66
110900146,800,32,768
110900147,196,190,6
110900148,0,347,-347
110900149,2,102,-100
110900150,7,25,-18
110900151,3,93,-90
110900152,5,389,-384
110900153,20,11,9
111000001,117,125,-8
111000002,326,605,-279
111000003,285,311,-26
111000004,410,1327,-917
111000005,666,453,213
111000006,765,1671,-906
111000007,4064,1198,2866
111000008,3998,3715,283
111000009,290,990,-700
111000010,386,207,179
111000011,418,645,-227
111000012,481,211,270
111000013,377,1121,-744
111000014,755,555,200
111000017,126,535,-409
111000018,126,489,-363
111000020,3084,2217,867
111000021,56,150,-94
111000023,88,185,-97
111000025,8792,1891,6901
111000029,58,77,-19
111000030,45,62,-17
111000031,2370,612,1758
111000032,483,311,172
111000033,271,117,154
111000034,413,126,287
111000037,3442,1216,2226
111000038,2804,2712,92
111000039,1378,2548,-1170
111000040,1367,2665,-1298
111000041,1674,1543,131
111000042,8204,3048,5156
111000043,1731,1252,479
111000044,709,433,276
111000045,955,1467,-512
111000046,783,942,-159
111000047,1110,1880,-770
111000049,235,607,-372
111000050,1702,1939,-237
111000051,419,1164,-745
111000052,761,1501,-740
111000053,415,1186,-771
111000054,353,1128,-775
111000055,1048,2441,-1393
111000056,95,1013,-918
111000057,77,1135,-1058
111000058,65,128,-63
111000059,359,248,111
111000060,2374,599,1775
111000061,765,326,439
111000062,510,177,333
111000063,2018,849,1169
111000064,284,601,-317
111000065,524,741,-217
111000066,197,288,-91
111000067,415,751,-336
111000068,212,886,-674
111000069,2050,2727,-677
111000070,2881,1426,1455
111000071,172,921,-749
111000072,276,152,124
111000073,70,296,-226
111000074,1308,1045,263
111000075,433,713,-280
111000076,205,858,-653
111000077,826,1250,-424
111000078,1446,1090,356
111000079,1309,922,387
111000080,312,805,-493
111000081,2855,6542,-3687
111000082,528,796,-268
111000084,581,680,-99
111000085,698,1796,-1098
111000086,3527,1521,2006
111000087,775,1174,-399
111000088,7738,1866,5872
111000089,535,1120,-585
111000090,1235,1465,-230
111000091,490,1039,-549
111000092,571,1520,-949
111000093,646,865,-219
111000094,1758,867,891
111000095,886,1534,-648
111000096,3341,5348,-2007
111000097,7136,1198,5938
111000098,325,1784,-1459
111000099,216,3181,-2965
111000100,212,2800,-2588
111000101,377,1120,-743
111000102,73,1162,-1089
111000104,120,225,-105
111000107,38,1061,-1023
111000109,116,222,-106
111000110,474,483,-9
111000111,590,386,204
111000112,712,189,523
111000113,522,309,213
111000114,676,729,-53
111000115,9185,806,8379
111000116,858,792,66
111000117,516,766,-250
111000118,2101,1190,911
111000119,625,1980,-1355
111000120,277,589,-312
111000121,150,489,-339
111000122,286,1303,-1017
111000123,612,4438,-3826
111000124,358,4855,-4497
111000125,117,2658,-2541
111000126,73,1273,-1200
111000127,312,102,210
111000128,425,214,211
111000129,1002,324,678
111000130,605,796,-191
111000131,467,726,-259
111000132,361,347,14
111000133,69,216,-147
111000134,66,154,-88
111000135,11,138,-127
111000136,88,297,-209
111000138,6,7,-1
111000140,0,3,-3
111000141,56,248,-192
111000142,1,141,-140
111000143,0,86,-86
111000144,11,132,-121
111000145,25,3,22
111000146,17,1,16
111000147,71,5,66
111000148,118,136,-18
111000149,6,41,-35
111000150,13,4,9
111000151,1,19,-18
111000153,455,454,1
111000154,726,246,480
111000155,43,212,-169
111000156,388,167,221
111000157,89,342,-253
111000158,705,374,331
111000159,2867,645,2222
111000160,114,433,-319
111000161,12,257,-245
111000162,1,188,-187
111000163,200,922,-722
111000164,884,2913,-2029
111000165,1410,393,1017
111000166,1157,377,780
111000167,193,548,-355
111000168,190,475,-285
111000169,248,404,-156
111000170,424,344,80
111000171,480,1191,-711
111000172,56,670,-614
111000173,113,1281,-1168
111000174,62,719,-657
111000175,24,305,-281
111000176,235,240,-5
111000177,95,280,-185
111000178,416,408,8
111000179,25,188,-163
111000180,120,349,-229
111000181,344,329,15
111000182,90,186,-96
111000183,367,237,130
111000184,219,276,-57
111000185,314,638,-324
111000186,324,365,-41
111000187,37,319,-282
111000188,81,552,-471
111000189,1734,807,927
111000190,134,676,-542
111000191,76,672,-596
111000192,166,742,-576
111000193,387,457,-70
111000194,9,517,-508
111000195,58,623,-565
111000196,7,379,-372
111000197,85,222,-137
111000198,224,122,102
111000199,50,207,-157
111000200,116,358,-242
111000201,166,248,-82
111000202,103,242,-139
111000203,130,220,-90
111000204,143,216,-73
111000213,67,387,-320
111000214,1316,1708,-392
111000215,561,1268,-707
111000217,588,929,-341
111000218,785,860,-75
111000219,321,230,91
111000220,3596,1416,2180
111000221,509,225,284
111000224,0,236,-236
111000225,130,61,69
111000226,118,2,116
111000227,37,5,32
111000228,16,142,-126
111000229,33,299,-266
111000230,175,696,-521
111000231,211,1745,-1534
111000232,260,1259,-999
111000233,181,963,-782
111000234,57,208,-151
111000239,159,317,-158
111000240,9,65,-56
111000241,37,652,-615
111000242,35,32,3
111000243,37,1292,-1255
111000244,84,90,-6
111000245,321,694,-373
111000246,85,748,-663
111000247,77,1637,-1560
111000248,249,402,-153
111000249,335,1201,-866
111000250,22,246,-224
111000251,37,185,-148
111000253,0,0,0
111000255,0,0,0
111000257,0,0,0
111000260,69,1695,-1626
111000261,433,65,368
111000271,42,353,-311
111000273,7400,1467,5933
111000274,1132,2367,-1235
111000275,62,63,-1
111000276,249,3150,-2901
111000277,180,618,-438
111000278,360,298,62
111000291,303,2417,-2114
111000298,258,285,-27
111000299,480,88,392
111000300,59,612,-553
111000302,133,92,41
111000303,81,318,-237
111000312,62,61,1
111000315,0,67,-67
111000320,345,801,-456
111000321,216,37,179
111000322,112,691,-579
111000323,60,26,34
111000324,323,340,-17
111000325,4,78,-74
111000326,54,439,-385
111000327,383,620,-237
111000328,162,464,-302
111000329,3,21,-18
111000330,7,2,5
111000331,5,5,0
111000332,272,1292,-1020
111000334,405,2154,-1749
111000335,204,140,64
111000337,186,502,-316
111000338,5,143,-138
111000339,82,938,-856
111000340,71,1221,-1150
111000341,372,146,226
111000342,42,232,-190
111000344,486,716,-230
111000345,73,34,39
111000346,14,86,-72
111000347,22,5,17
111000350,155,176,-21
111000351,47,225,-178
111000352,74,150,-76
111000353,109,263,-154
111000354,244,202,42
111000355,101,967,-866
111000358,68,2392,-2324
111000360,65,1429,-1364
111000361,56,639,-583
111000546,150,1054,-904
111000547,160,741,-581
111000548,75,193,-118
111000549,89,527,-438
111000550,49,205,-156
111000551,547,110,437
111000552,184,45,139
111000907,72,9,63
111000908,16,0,16
111000916,403,292,111
111000917,42,445,-403
111000918,93,1520,-1427
111000920,128,2,126
111000921,0,368,-368
111000922,104,500,-396
111000924,15,1466,-1451
111000925,895,1450,-555
111000926,789,2952,-2163
111000927,2940,2655,285
111000928,7650,3945,3705
111000929,972,840,132
111000930,687,2611,-1924
111000931,1140,1402,-262
111000932,3614,2675,939
111000933,2517,1522,995
111000934,2463,3234,-771
111000935,552,986,-434
111000936,487,2561,-2074
111000937,450,1037,-587
111000938,1582,2932,-1350
111000939,153,18,135
111000940,191,235,-44
111000941,116,681,-565
111000943,105,291,-186
111000944,43,720,-677
111000945,16,2895,-2879
111001109,123,113,10
111001110,102,884,-782
111001111,13,2,11
111001112,62,32,30
111001113,45,75,-30
111001114,774,47,727
111001115,29,355,-326
111001116,5865,869,4996
111001117,694,441,253
111001120,87,410,-323
111001121,57,379,-322
111001122,70,545,-475
111001123,32,52,-20
111900001,1,176,-175
111900002,5,1022,-1017
111900003,1,572,-571
111900004,15,270,-255
111900006,3,2,1
111900007,30,2,28
111900008,20,0,20
111900009,23,237,-214
111900010,161,659,-498
111900012,75,140,-65
111900013,1,133,-132
111900014,10227,1341,8886
111900015,1,107,-106
111900016,2,218,-216
111900017,0,242,-242
111900018,47,1,46
111900019,0,58,-58
111900020,1,36,-35
111900021,16,71,-55
111900022,9,70,-61
111900023,144,54,90
111900024,0,96,-96
111900025,1,77,-76
111900026,0,149,-149
111900027,7,154,-147
111900028,7,586,-579
111900029,4,118,-114
111900030,110,506,-396
111900031,17,57,-40
111900032,7,539,-532
111900033,4,120,-116
111900034,97,485,-388
111900035,86,298,-212
111900036,0,468,-468
111900038,272,604,-332
111900039,48,488,-440
111900040,6,940,-934
111900042,42,80,-38
111900043,5,637,-632
111900044,210,296,-86
111900046,71,300,-229
111900048,42,1090,-1048
111900049,33,449,-416
111900050,33,7,26
111900051,3,312,-309
111900052,423,833,-410
111900053,1695,244,1451
111900054,73,0,73
111900055,38,952,-914
111900056,197,71,126
111900057,30,11,19
111900058,83,1151,-1068
111900059,2504,180,2324
111900060,102,0,102
111900061,13,457,-444
111900062,12,24,-12
111900063,42,225,-183
111900064,79,331,-252
111900065,29,15,14
111900066,36,102,-66
111900067,1,457,-456
111900068,19,4,15
111900069,53,6,47
111900070,33,149,-116
111900071,1,336,-335
111900072,18,13,5
111900073,179,34,145
111900074,4,236,-232
111900075,15,5,10
111900076,28,17,11
111900077,4,0,4
111900078,62,9,53
111900079,7,6,1
111900080,207,88,119
111900081,787,170,617
111900082,13,2,11
111900083,27,2,25
111900084,9,1,8
111900085,15,37,-22
111900086,18,3,15
111900087,19,0,19
111900088,79,1,78
111900089,6,2,4
111900090,69,24,45
111900091,23,1,22
111900092,7,0,7
111900093,116,0,116
111900094,47,1,46
111900095,144,12,132
111900096,36,1,35
111900097,15,0,15
111900098,57,0,57
111900099,3,0,3
111900100,94,3,91
111900101,29,4,25
111900102,378,1135,-757
111900103,68,19,49
111900104,60,67,-7
111900105,235,203,32
111900106,2453,65,2388
111900107,34,111,-77
111900108,78,26,52
111900109,342,62,280
111900110,4443,182,4261
111900111,28,314,-286
111900112,956,1010,-54
111900113,220,44,176
111900114,282,112,170
111900115,18,50,-32
111900118,100,19,81
111900119,120,30,90
111900122,44,9,35
111900123,4,7,-3
111900124,20,107,-87
111900125,111,7,104
111900126,60,0,60
111900127,4,999,-995
111900128,5,671,-666
111900129,86,3,83
111900130,91,10,81
111900131,73,2,71
111900132,21,1526,-1505
111900133,1,528,-527
111900134,19,401,-382
111900135,1,4,-3
111900136,21,49,-28
111900137,36,48,-12
111900138,3,74,-71
111900139,9,167,-158
111900140,22,24,-2
111900141,7,11,-4
111900142,15,5,10
111900143,1,287,-286
111900144,6,273,-267
111900145,4,982,-978
111900146,6,473,-467
111900147,232,669,-437
111900148,45,1274,-1229
111900149,19,631,-612
111900150,12,285,-273
111900151,2,49,-47
111900152,119,28,91
111900153,1961,122,1839
111900154,6,74,-68
111900155,57,15,42
111900156,10,17,-7
111900157,15,4,11
111900158,91,13,78
111900159,58,2,56
111900160,54,0,54
111900161,26,21,5
111900162,105,93,12
111900163,33,177,-144
111900164,21,20,1
111901113,67,334,-267
111901114,165,575,-410
111901115,26,1,25
111901116,17,1,16
111901117,11,12,-1
111901118,98,171,-73
111901119,1902,133,1769
111901120,99,270,-171
111901121,142,424,-282
111901122,3,706,-703
111901123,40,672,-632
111901124,40,1,39
111901125,60,149,-89
111901126,59,12,47
111901127,1244,159,1085
111901128,10,198,-188
111901129,10,208,-198
111901130,9,307,-298
111901131,1,252,-251
111901132,54,10,44
111901133,4,2,2
111901134,15,0,15
111901135,1,0,1
111901136,6,5,1
111901137,0,8,-8
111901138,46,37,9
111901139,27,69,-42
111901140,4,182,-178
111901141,6,310,-304
111901142,1,172,-171
111901143,2,124,-122
111901144,19,15,4
112000001,1065,683,382
112000002,586,2872,-2286
112000003,429,754,-325
112000004,617,2278,-1661
112000005,1133,1492,-359
112000006,1195,2540,-1345
112000007,1087,1141,-54
112000008,1568,2749,-1181
112000009,4265,4180,85
112000010,1795,2277,-482
112000011,2171,2919,-748
112000012,10146,1483,8663
112000013,9879,4135,5744
112000014,3132,509,2623
112000015,3953,2456,1497
112000016,5669,971,4698
112000017,2044,1328,716
112000024,1767,711,1056
112000026,5777,6903,-1126
112000027,462,522,-60
112000028,1619,2171,-552
112000029,209,442,-233
112000030,241,228,13
112000031,1769,1833,-64
112000032,779,100,679
112000033,3299,660,2639
112000034,438,45,393
112000035,127,338,-211
112000036,885,617,268
112000037,1792,1367,425
112000038,904,1078,-174
112000039,28,98,-70
112000040,147,399,-252
112000041,320,704,-384
112000042,937,368,569
112000050,335,1508,-1173
112000051,556,704,-148
112000054,1767,2975,-1208
112000057,725,399,326
112000058,378,479,-101
112000059,1136,585,551
112000061,7958,1703,6255
112000062,5006,612,4394
112000063,3081,668,2413
112000064,6088,7061,-973
112000065,3003,3419,-416
112000066,2469,899,1570
112000067,634,909,-275
112000068,1362,989,373
112000069,620,3547,-2927
112000070,1263,510,753
112000071,932,4501,-3569
112000072,763,917,-154
112000073,1025,2265,-1240
112000074,617,775,-158
112000075,755,911,-156
112000076,3710,3451,259
112000077,343,994,-651
112000078,933,1005,-72
112000079,1279,1786,-507
112000080,522,1365,-843
112000081,949,2391,-1442
112000082,871,664,207
112000083,475,2283,-1808
112000084,695,768,-73
112000085,716,1781,-1065
112000086,1145,1845,-700
112000087,173,716,-543
112000088,190,899,-709
112000089,282,412,-130
112000090,251,482,-231
112000091,583,1671,-1088
112000092,848,822,26
112000093,1263,1541,-278
112000094,205,869,-664
112000095,365,843,-478
112000096,173,745,-572
112000097,326,513,-187
112000098,563,2170,-1607
112000099,533,560,-27
112000100,744,993,-249
112000101,318,1325,-1007
112000102,539,475,64
112000103,218,1877,-1659
112000105,300,2690,-2390
112000106,427,391,36
112000107,7,229,-222
112000108,151,2117,-1966
112000109,24,79,-55
112000110,804,392,412
112000111,2062,6291,-4229
112000112,6810,556,6254
112000113,1328,2959,-1631
112000114,3681,1001,2680
112000115,137,776,-639
112000116,716,1246,-530
112000117,416,609,-193
112000118,553,1166,-613
112000119,331,1314,-983
112000120,56,504,-448
112000121,47,1034,-987
112000122,102,197,-95
112000123,151,116,35
112000124,81,79,2
112000125,44,165,-121
112000126,81,1089,-1008
112000127,3488,1144,2344
112000128,1615,658,957
112000129,45,124,-79
112000130,37,34,3
112000131,28,487,-459
112000132,26,335,-309
112000133,136,295,-159
112000134,441,442,-1
112000135,1506,681,825
112000136,1805,1633,172
112000137,3184,1426,1758
112000138,4875,1593,3282
112000139,524,215,309
112000140,773,1288,-515
112000141,233,201,32
112000142,93,1277,-1184
112000143,371,165,206
112000144,190,2200,-2010
112000145,980,795,185
112000146,416,2748,-2332
112000147,1317,1597,-280
112000148,1248,2481,-1233
112000149,110,805,-695
112000150,53,907,-854
112000151,239,793,-554
112000152,168,386,-218
112000153,172,359,-187
112000154,80,209,-129
112000155,98,70,28
112000157,581,407,174
112000158,170,892,-722
112000159,144,387,-243
112000167,138,12,126
112000169,274,306,-32
112000173,268,329,-61
112000175,244,436,-192
112000176,7033,1933,5100
112000177,149,81,68
112000178,73,782,-709
112000179,70,205,-135
112000180,189,228,-39
112000181,868,2259,-1391
112000182,391,2917,-2526
112000183,45,62,-17
112000184,162,791,-629
112000185,142,781,-639
112000187,3302,2973,329
112000195,110,29,81
112000196,104,0,104
112000197,67,106,-39
112000198,49,599,-550
112000199,74,1434,-1360
112000202,102,3,99
112000216,28,143,-115
112000230,30,3,27
112000231,2,560,-558
112000256,26,148,-122
112000313,222,384,-162
112000314,7,13,-6
112000337,123,645,-522
112000352,174,153,21
112000392,3216,1198,2018
112000398,551,726,-175
112000399,1684,1324,360
112000400,1783,5352,-3569
112000401,2687,3351,-664
112000402,1160,1602,-442
112000403,1765,1654,111
112000404,202,542,-340
112000405,1052,2096,-1044
112000406,3420,3724,-304
112000407,2961,6055,-3094
112000408,9594,7903,1691
112000409,1439,6068,-4629
112000410,194,110,84
112000411,6092,864,5228
112000412,917,364,553
112000413,12615,1659,10956
112000414,29,93,-64
112000415,86,50,36
112000416,1053,1259,-206
112000417,136,79,57
112000421,18,165,-147
112000422,184,711,-527
112000424,2643,1382,1261
112000425,283,1214,-931
112000426,44,234,-190
112000427,0,18,-18
112000428,37,605,-568
112000429,1736,3273,-1537
112000430,1554,3612,-2058
112000431,23,103,-80
112000432,438,2753,-2315
112000433,924,640,284
112000437,17,473,-456
112900001,14,2,12
112900002,67,1818,-1751
112900003,10,274,-264
112900004,18,420,-402
112900005,45,335,-290
112900006,5,611,-606
112900007,5,209,-204
112900008,0,8,-8
112900009,330,45,285
112900010,67,964,-897
112900011,343,227,116
112900012,0,46,-46
112900013,0,187,-187
112900014,4,394,-390
112900015,325,1240,-915
112900016,0,336,-336
112900017,28,218,-190
112900018,4,526,-522
112900019,97,163,-66
112900020,637,2175,-1538
112900021,3,301,-298
112900022,6,83,-77
112900023,4,470,-466
112900024,17,250,-233
112900025,87,213,-126
112900026,12,437,-425
112900027,6,1797,-1791
112900028,11,98,-87
112900029,3,769,-766
112900030,408,211,197
112900031,1,707,-706
112900032,71,312,-241
112900034,1,73,-72
112900035,4,650,-646
112900036,27,207,-180
112900037,130,67,63
112900038,170,117,53
112900039,16,418,-402
112900040,4,346,-342
112900041,1725,726,999
112900042,16,445,-429
112900043,11,43,-32
112900044,458,374,84
112900045,684,349,335
112900046,282,71,211
112900047,31,12,19
112900049,22,68,-46
112900050,68,733,-665
112900051,323,1119,-796
112900052,10,1468,-1458
112900053,507,157,350
112900054,255,27,228
112900055,215,9,206
112900056,244,101,143
112900057,8,1047,-1039
112900058,245,94,151
112900059,54,140,-86
112900060,3,370,-367
112900061,20,171,-151
112900062,29,233,-204
112900063,50,2,48
112900064,169,134,35
112900065,20,12,8
112900066,150,39,111
112900067,741,131,610
112900068,32,8,24
112900069,3546,375,3171
112900071,8,0,8
112900072,224,574,-350
112900073,307,17,290
112900074,23,44,-21
112900075,2813,338,2475
112900076,37,3,34
112900078,95,178,-83
112900079,105,5,100
112900080,5,0,5
112900081,16,52,-36
112900082,148,7,141
112900083,29,28,1
112900084,64,21,43
112900085,0,6,-6
112900086,4,0,4
112900087,193,49,144
112900088,20,1,19
112900089,359,9,350
112900090,7,3,4
112900091,41,1,40
112900092,116,63,53
112900093,862,1,861
112900094,6,0,6
112900095,1,1,0
112900096,122,58,64
112900097,20,546,-526
112900098,44,1,43
112900099,155,5,150
112900100,8,0,8
112900101,64,0,64
112900102,166,1,165
112900103,99,0,99
112900104,1,0,1
112900105,2,0,2
112900106,227,66,161
112900107,0,0,0
112900108,2,0,2
112900109,24,0,24
112900110,186,5,181
112900111,216,1,215
112900112,54,0,54
112900113,0,10,-10
112900114,18,44,-26
112900115,242,1,241
112900116,41,49,-8
112900117,85,128,-43
112900118,9,94,-85
112900119,22,0,22
112900120,752,184,568
112900121,226,205,21
112900122,11,231,-220
112900123,181,12,169
112900124,2,206,-204
112900125,61,314,-253
112900126,95,320,-225
112900127,167,31,136
112900128,630,771,-141
112900129,3,1412,-1409
112900130,89,57,32
112900131,55,285,-230
112900132,65,441,-376
112900133,24,1636,-1612
112900134,2,383,-381
112900135,52,20,32
112900136,0,45,-45
112900137,8,1103,-1095
112900138,1,655,-654
112900139,199,1616,-1417
112900140,1,104,-103
112900141,248,27,221
112900142,51,30,21
112900143,42,860,-818
112900144,1,316,-315
112900145,36,651,-615
112900146,12,1668,-1656
112900147,7,3217,-3210
112900148,7,0,7
112900149,166,508,-342
112900151,42,51,-9
112900152,6227,1159,5068
112900153,1400,651,749
112900154,0,74,-74
112900155,27,5,22
112900156,78,2467,-2389
112900157,34,13,21
112900158,4,19,-15
112900159,99,26,73
112900160,17,302,-285
112900161,17,20,-3
112900162,35,9,26
112900163,86,12,74
112900164,28,84,-56
112900165,304,48,256
112900166,2,23,-21
112900167,8,6,2
112900168,1,1,0
112900169,3,0,3
112900170,12,71,-59
112900172,111,2,109
112900173,270,113,157
112900174,117,10,107
112900175,159,40,119
112900176,8,9,-1
112900177,96,14,82
112900178,416,877,-461
112900179,23,690,-667
112900180,766,3730,-2964
112900181,129,2,127
112900182,33,1948,-1915
112900183,92,221,-129
112900184,416,311,105
112900185,333,408,-75
112900186,1903,636,1267
112900187,25,240,-215
112900188,1192,458,734
112900189,66,51,15
112900190,0,76,-76
112900192,285,158,127
112900193,838,169,669
112900194,31,139,-108
112900195,260,22,238
112900196,214,935,-721
112900197,131,586,-455
112900199,133,800,-667
112900200,177,385,-208
112900201,25,124,-99
112900202,83,1401,-1318
112900203,35,432,-397
112900204,617,309,308
112900205,0,10,-10
112900206,3,81,-78
112900207,0,0,0
112900208,62,42,20
112900209,278,518,-240
112900210,0,26,-26
112900211,45,104,-59
112900212,0,70,-70
112900213,3,10,-7
112900214,4,3,1
112900215,7,248,-241
112900216,19,55,-36
112900217,1,64,-63
112900218,9,9,0
112900219,4,10,-6
112900220,1,0,1
112900221,2,172,-170
112900222,0,17,-17
112900223,330,0,330
112900224,72,998,-926
112900225,131,772,-641
112900226,320,252,68
112900227,90,1890,-1800
112900228,7,34,-27
112900229,44,66,-22
112900230,10574,2405,8169
112900232,201,111,90
112900233,51,192,-141
112900234,4,184,-180
112900235,27,4,23
112900236,28,19,9
112900237,31,432,-401
112900238,0,50,-50
113000001,4761,4973,-212
113000002,3467,3909,-442
113000003,1949,1800,149
113000004,2253,2300,-47
113000005,1135,1109,26
113000006,748,1397,-649
113000007,1138,1419,-281
113000008,1356,2087,-731
113000009,538,935,-397
113000010,851,1976,-1125
113000011,648,2248,-1600
113000012,794,698,96
113000013,994,486,508
113000014,2350,1676,674
113000015,762,269,493
113000016,361,325,36
113000017,110,311,-201
113000018,221,37,184
113000019,80,307,-227
113000020,111,30,81
113000021,481,583,-102
113000022,290,1592,-1302
113000025,46,321,-275
113000026,139,374,-235
113000027,568,355,213
113000028,1068,478,590
113000029,867,462,405
113000030,633,743,-110
113000031,341,260,81
113000032,284,168,116
113000033,411,300,111
113000034,594,320,274
113000035,38,44,-6
113000036,33,89,-56
113000037,80,60,20
113000038,14,73,-59
113000039,193,564,-371
113000040,38,107,-69
113000042,858,909,-51
113000051,513,1740,-1227
113000052,2575,1557,1018
113000053,201,894,-693
113000054,131,854,-723
113000055,586,1159,-573
113000056,479,2132,-1653
113000058,741,1151,-410
113000059,1264,1037,227
113000060,60,700,-640
113000061,605,1201,-596
113000062,1634,149,1485
113000063,62,332,-270
113000064,34,505,-471
113000065,172,1710,-1538
113000066,291,100,191
113000067,1060,1270,-210
113000068,510,2806,-2296
113000069,344,2065,-1721
113000070,807,709,98
113000071,231,1112,-881
113000072,229,439,-210
113000073,600,1942,-1342
113000074,940,245,695
113000075,1956,421,1535
113000076,1305,1852,-547
113000077,2301,393,1908
113000078,1787,1672,115
113000079,1488,663,825
113000080,1211,554,657
113000081,1343,969,374
113000082,1935,970,965
113000083,734,833,-99
113000084,1934,1186,748
113000085,1381,693,688
113000086,972,1191,-219
113000087,1546,894,652
113000088,2107,1227,880
113000089,813,1623,-810
113000090,297,249,48
113000091,816,244,572
113000094,469,133,336
113000095,250,1493,-1243
113000096,166,1241,-1075
113000097,537,292,245
113000098,131,25,106
113000099,863,198,665
113000100,175,715,-540
113000101,423,660,-237
113000102,432,178,254
113000103,2593,869,1724
113000104,289,2074,-1785
113000105,372,457,-85
113000106,368,874,-506
113000107,433,781,-348
113000108,844,1857,-1013
113000109,459,2823,-2364
113000110,1617,394,1223
113000111,68,448,-380
113000112,232,358,-126
113000113,3183,263,2920
113000114,560,1231,-671
113000116,927,235,692
113000117,918,195,723
113000118,136,591,-455
113000119,96,552,-456
113000120,35,250,-215
113000121,719,1155,-436
113000124,89,195,-106
113000125,17,429,-412
113000127,4136,675,3461
113000128,452,538,-86
113000129,628,1213,-585
113000133,5160,890,4270
113000134,9,534,-525
113000135,2429,2130,299
113000137,3433,1325,2108
113000139,443,147,296
113000140,276,296,-20
113000141,705,88,617
113000142,1159,868,291
113000143,523,143,380
113000144,418,673,-255
113000145,73,177,-104
113000146,132,75,57
113000147,92,154,-62
113000148,89,174,-85
113000149,105,122,-17
113000150,427,367,60
113000151,117,79,38
113000152,36,238,-202
113000153,1818,531,1287
113000154,616,1083,-467
113000155,203,321,-118
113000156,136,506,-370
113000157,272,882,-610
113000158,374,174,200
113000159,659,468,191
113000160,500,1449,-949
113000161,174,947,-773
113000162,467,337,130
113000163,98,46,52
113000164,19,98,-79
113000166,48,40,8
113000167,24,249,-225
113000168,40,300,-260
113000169,111,38,73
113000170,76,56,20
113000171,62,119,-57
113000172,139,67,72
113000173,33,8,25
113000174,88,635,-547
113000175,199,125,74
113000176,205,102,103
113000177,111,506,-395
113000178,172,498,-326
113000179,154,90,64
113000180,341,1412,-1071
113000181,561,1271,-710
113000182,201,291,-90
113000183,198,616,-418
113000184,50,177,-127
113000189,833,688,145
113000190,2084,431,1653
113000192,2733,1309,1424
113000193,5167,758,4409
113000194,1692,1355,337
113000195,2129,467,1662
113000196,65,84,-19
113000197,1451,874,577
113000198,23,398,-375
113000199,1282,517,765
113000201,263,221,42
113000202,4044,1569,2475
113000203,414,123,291
113000204,1487,1384,103
113000205,10,18,-8
113000206,11,43,-32
113000207,32,33,-1
113000208,50,64,-14
113000209,20,29,-9
113000210,8,22,-14
113000211,254,107,147
113000212,180,15,165
113000213,25,71,-46
113000214,65,153,-88
113000234,98,1828,-1730
113000410,191,96,95
113000411,3542,4326,-784
113000412,12977,1700,11277
113000413,5574,1907,3667
113000414,15099,12064,3035
113000415,3460,2557,903
113000416,12706,3530,9176
113000417,5214,2951,2263
113000418,4554,2747,1807
113000419,2388,1840,548
113000420,5061,3072,1989
113000421,4575,4554,21
113000422,22544,6188,16356
113000423,3407,2922,485
113000424,5172,5520,-348
113000425,17,84,-67
113000428,930,63,867
113000430,145,50,95
113000432,721,94,627
113000433,154,1278,-1124
113000434,13,450,-437
113000435,12,1381,-1369
113000436,29,2038,-2009
113000437,219,17,202
113000438,104,9,95
113000439,16,174,-158
113000440,25,33,-8
113000441,54,198,-144
113000442,90,431,-341
113000443,36,361,-325
113000444,41,479,-438
113000445,31,145,-114
113000446,10,119,-109
113000448,144,165,-21
113000449,383,402,-19
113000450,754,1421,-667
113000451,1316,138,1178
113000452,338,181,157
113000453,90,255,-165
113000454,524,10,514
113000455,2,122,-120
113000456,4402,1950,2452
113000468,3295,345,2950
113000469,365,140,225
113000470,720,125,595
113000471,15,350,-335
113000472,66,337,-271
113000474,160,872,-712
113000475,1477,2162,-685
113000476,942,2238,-1296
113000477,1726,2633,-907
113000478,3615,6956,-3341
113000479,61,389,-328
113000480,128,73,55
113000481,0,1,-1
113000483,0,0,0
113000485,0,0,0
113000486,0,0,0
113000487,0,0,0
113000488,0,0,0
113000489,0,0,0
113000490,0,0,0
113000491,0,0,0
113000492,0,0,0
113000493,0,0,0
113000495,119,207,-88
113000496,34,50,-16
113000497,0,0,0
113000500,0,6,-6
113900001,1,84,-83
113900002,0,176,-176
113900003,0,129,-129
113900004,0,24,-24
113900005,0,15,-15
113900006,5,14,-9
113900007,36,2,34
113900008,17,0,17
113900009,157,0,157
113900010,77,1,76
113900011,3,0,3
113900012,5,1,4
113900013,353,3,350
113900014,479,3,476
113900015,1,50,-49
113900016,19,0,19
113900017,0,85,-85
113900018,481,44,437
113900019,40,68,-28
113900020,29,2,27
113900022,2,0,2
113900023,9,0,9
113900024,77,88,-11
113900025,462,31,431
113900026,15,0,15
113900027,21,93,-72
113900028,10,507,-497
113900029,10,407,-397
113900030,74,2,72
113900031,0,0,0
113900032,0,0,0
113900033,68,85,-17
113900035,31,0,31
113900036,10,126,-116
113900037,49,754,-705
113900038,22,38,-16
113900039,65,6,59
113900040,0,0,0
113900041,0,1,-1
113900042,3,44,-41
113900043,207,126,81
113900044,100,61,39
113900045,50,3,47
113900046,382,859,-477
113900047,8,189,-181
113900048,366,28,338
113900049,997,111,886
113900050,97,405,-308
113900051,109,566,-457
113900052,270,125,145
113900053,392,248,144
113900054,1,2,-1
113900055,89,719,-630
113900056,19,188,-169
113900057,18,135,-117
113900058,29,248,-219
113900059,56,411,-355
113900060,155,393,-238
113900061,1211,84,1127
113900062,39,21,18
113900063,44,170,-126
113900064,19,188,-169
113900065,359,13,346
113900066,100,677,-577
113900067,31,632,-601
113900068,200,219,-19
113900069,123,13,110
113900070,208,569,-361
113900071,26,94,-68
113900072,25,205,-180
113900073,128,432,-304
113900074,23,560,-537
113900075,563,756,-193
113900076,147,6,141
113900077,22,296,-274
113900078,17,65,-48
113900079,4,90,-86
113900080,358,147,211
113900081,20,318,-298
113900082,73,231,-158
113900083,104,991,-887
113900084,105,71,34
113900085,15,423,-408
113900086,6,9,-3
113900087,73,319,-246
113900088,13,60,-47
113900089,239,28,211
113900090,258,329,-71
113900091,21,35,-14
113900092,26,86,-60
113900093,46,375,-329
113900094,115,749,-634
113900095,53,78,-25
113900096,47,25,22
113900097,2,125,-123
113900098,322,48,274
113900099,0,85,-85
113900100,4,2,2
113900101,9,63,-54
113900102,29,55,-26
113900103,173,304,-131
113900104,82,110,-28
113900105,8,405,-397
113900106,0,118,-118
113900107,1,36,-35
113900108,156,215,-59
113900109,313,138,175
113900110,16,4,12
113900111,43,134,-91
113900112,26,93,-67
113900113,384,388,-4
113900114,0,131,-131
113900115,1,127,-126
113900116,38,110,-72
113900117,61,7,54
113900118,131,165,-34
113900119,352,184,168
113900120,31,21,10
113900121,37,84,-47
113900122,212,987,-775
113900123,209,135,74
113900124,2,49,-47
113900125,1678,220,1458
113900126,150,37,113
113900127,235,318,-83
113900128,52,20,32
113900129,1,94,-93
113900130,8,16,-8
113900131,71,51,20
113900132,44,62,-18
113900133,15,19,-4
113900135,126,491,-365
113900136,102,57,45
113900137,182,131,51
113900138,37,95,-58
113900139,654,53,601
113900140,653,138,515
113900141,122,473,-351
113900142,45,73,-28
113900143,4,6,-2
113900144,550,131,419
113900145,143,217,-74
113900146,22,80,-58
113900148,94,162,-68
113900149,110,25,85
113900150,1470,402,1068
113900151,125,221,-96
113900152,18,71,-53
113900153,458,420,38
113900154,5,102,-97
113900155,295,43,252
113900156,187,1004,-817
113900157,21,255,-234
113900158,607,123,484
113900159,23,228,-205
113900160,398,970,-572
113900161,14,147,-133
113900162,1114,486,628
113900163,293,191,102
113900164,98,25,73
113900165,677,750,-73
113900166,451,74,377
113900167,278,35,243
113900168,133,140,-7
113900169,154,564,-410
113900171,48,27,21
113900172,5,330,-325
113900173,40,908,-868
113900174,402,1007,-605
113900175,192,68,124
113900176,197,1021,-824
113900177,279,222,57
113900178,317,124,193
113900179,13,885,-872
113900180,86,162,-76
113900181,294,148,146
113900182,506,1139,-633
113900183,45,86,-41
113900184,20,645,-625
113900185,120,110,10
113900186,22,55,-33
113900187,30,232,-202
113900188,25,220,-195
113900189,188,91,97
113900190,314,119,195
113900191,98,306,-208
113900192,4,251,-247
113900193,43,323,-280
113900194,2347,1110,1237
113900195,254,623,-369
113900196,3,131,-128
113900197,2,407,-405
113900198,13,170,-157
113900199,231,845,-614
113900200,22,350,-328
113900201,1,384,-383
113900202,25,309,-284
113900203,1,283,-282
113900204,20,922,-902
113900205,12,98,-86
113900206,8,163,-155
113900207,1,101,-100
113900208,0,94,-94
113900209,1,137,-136
113900210,551,498,53
113900211,136,15,121
113900212,91,776,-685
113900214,540,353,187
113900215,22,196,-174
113900216,42,1572,-1530
113900217,16,384,-368
113900218,85,21,64
113900219,104,577,-473
113900220,89,88,1
113900221,253,172,81
113900222,217,309,-92
113900223,25,1348,-1323
113900224,134,77,57
113900225,949,233,716
113900226,288,161,127
113900227,274,123,151
113900228,470,303,167
113900229,24,667,-643
113900230,5746,1110,4636
113900231,112,254,-142
113900232,36,111,-75
113900233,29,60,-31
113900234,77,349,-272
113900235,33,37,-4
113900236,26,400,-374
113900237,46,10,36
113900238,134,226,-92
113900239,66,31,35
113900240,2,64,-62
113900241,108,78,30
113900242,27,164,-137
113900243,110,512,-402
113900244,636,192,444
113900245,1578,209,1369
113900246,20,18,2
113900247,132,103,29
113900248,5261,821,4440
113900249,1251,208,1043
113900250,39,91,-52
113900251,223,217,6
113900252,251,13,238
113900253,372,23,349
113900254,160,38,122
113900255,188,11,177
113900256,132,25,107
113900257,26,882,-856
113900258,6,753,-747
113900259,178,306,-128
113900260,63,45,18
113900261,13,180,-167
113900262,96,1068,-972
113900263,35,637,-602
113900264,2,891,-889
113900265,110,365,-255
113900266,37,327,-290
113900267,130,552,-422
113900268,130,300,-170
113900269,37,164,-127
113900270,243,378,-135
113900271,648,1832,-1184
113900273,195,4,191
113900274,19,13,6
113900275,13,71,-58
113900276,4,349,-345
113900277,43,2,41
113900278,337,200,137
113900279,121,154,-33
113900280,1243,469,774
113900281,202,904,-702
113900282,1016,474,542
113900283,348,488,-140
113900284,566,111,455
113900285,43,16,27
113900286,85,181,-96
113900287,7,260,-253
113900288,3,79,-76
113900289,1904,81,1823
113900290,505,31,474
113900291,192,273,-81
113900292,4,7,-3
113900293,3,295,-292
113900294,183,21,162
113900295,646,223,423
113900296,3260,411,2849
113900297,483,20,463
113900298,6,2039,-2033
113900299,9,179,-170
113900300,7812,1945,5867
113900301,1055,184,871
113900302,2953,616,2337
113900303,812,148,664
113900304,1,214,-213
113900305,21,0,21
113900306,2,0,2
113900307,78,0,78
113900308,96,122,-26
113900309,4,1136,-1132
113900310,1,32,-31
113900311,0,0,0
113900312,54,113,-59
113900313,12,10,2
114000001,1491,4140,-2649
114000002,140,577,-437
114000003,25,424,-399
114000004,285,697,-412
114000005,207,403,-196
114000006,6378,2918,3460
114000007,711,1860,-1149
114000008,2176,1062,1114
114000009,195,166,29
114000011,2062,4020,-1958
114000012,1080,3819,-2739
114000013,898,2660,-1762
114000014,462,572,-110
114000015,722,736,-14
114000016,198,444,-246
114000017,89,241,-152
114000018,538,145,393
114000026,565,2301,-1736
114000027,1208,2496,-1288
114000028,1602,2074,-472
114000038,98,275,-177
114000039,59,172,-113
114000040,82,230,-148
114000042,57,265,-208
114000043,13,384,-371
114000044,78,102,-24
114000045,22,152,-130
114000046,3917,5957,-2040
114000047,9,89,-80
114000048,26,63,-37
114000049,1864,1212,652
114000050,2244,1103,1141
114000051,5868,1415,4453
114000052,3573,1092,2481
114000053,33,456,-423
114000054,45,1996,-1951
114000055,178,32,146
114000056,1313,683,630
114000057,10709,2755,7954
114000058,389,492,-103
114000059,195,151,44
114000060,317,1300,-983
114000061,3599,1270,2329
114000062,1811,706,1105
114000063,4593,1967,2626
114000064,9556,2539,7017
114000065,2177,2179,-2
114000066,226,657,-431
114000067,27,338,-311
114000068,609,423,186
114000069,1042,500,542
114000070,2575,1425,1150
114000071,457,942,-485
114000072,102,553,-451
114000073,17,174,-157
114000074,11,43,-32
114000075,18,243,-225
114000076,6,242,-236
114000077,10,85,-75
114000078,103,2272,-2169
114000079,42,49,-7
114000080,80,148,-68
114000081,55,84,-29
114000082,50,812,-762
114000083,25,347,-322
114000084,96,116,-20
114000085,106,982,-876
114000086,101,1022,-921
114000087,15,401,-386
114000088,20,106,-86
114000089,2185,632,1553
114000090,628,426,202
114000091,2388,422,1966
114000092,1338,276,1062
114000093,915,818,97
114000094,231,466,-235
114000095,53,77,-24
114000096,78,654,-576
114000097,50,1350,-1300
114000098,147,61,86
114000099,128,1337,-1209
114000100,403,913,-510
114000101,220,1909,-1689
114000102,147,281,-134
114000103,125,669,-544
114000104,31,493,-462
114000105,28,66,-38
114000106,968,358,610
114000107,74,170,-96
114000108,2359,1529,830
114000109,222,341,-119
114000110,706,2185,-1479
114000111,599,411,188
114000112,222,2007,-1785
114000113,361,349,12
114000114,1192,1814,-622
114000115,635,531,104
114000116,233,349,-116
114000117,1008,323,685
114000118,762,318,444
114000119,461,201,260
114000120,447,1173,-726
114000121,471,701,-230
114000122,267,309,-42
114000123,489,210,279
114000124,237,248,-11
114000125,704,2230,-1526
114000126,662,159,503
114000127,97,187,-90
114000128,482,645,-163
114000130,277,412,-135
114000131,102,53,49
114000132,751,1212,-461
114000133,1671,1817,-146
114000134,29,371,-342
114000138,98,223,-125
114000139,1180,106,1074
114000144,696,319,377
114000145,70,203,-133
114000146,79,501,-422
114000147,777,605,172
114000148,2300,1098,1202
114000149,381,173,208
114000150,1270,800,470
114000151,1000,718,282
114000152,186,19,167
114000153,1430,1422,8
114000154,921,732,189
114000155,1935,1467,468
114000156,943,550,393
114000157,261,628,-367
114000158,2552,788,1764
114000159,238,385,-147
114000160,234,193,41
114000161,1846,928,918
114000162,1152,664,488
114000163,9,212,-203
114000165,235,136,99
114000166,762,180,582
114000167,6154,1347,4807
114000168,1108,770,338
114000169,2226,474,1752
114000170,1081,351,730
114000171,516,663,-147
114000174,335,506,-171
114000176,841,399,442
114000177,2238,1014,1224
114000178,23,61,-38
114000179,1277,591,686
114000180,297,691,-394
114000181,1676,1748,-72
114000182,8981,2098,6883
114000183,1304,889,415
114000184,806,2226,-1420
114000185,793,822,-29
114000189,290,39,251
114000190,962,124,838
114000191,14,31,-17
114000192,395,2073,-1678
114000193,1241,4181,-2940
114000194,983,1511,-528
114000195,42,12,30
114000196,2,404,-402
114000197,392,59,333
114000198,1358,437,921
114000199,1886,872,1014
114000200,688,3427,-2739
114000201,96,1493,-1397
114000202,754,965,-211
114000203,340,1022,-682
114000204,127,522,-395
114000205,297,2426,-2129
114000206,295,1581,-1286
114000207,625,3127,-2502
114000208,548,4414,-3866
114000209,668,4222,-3554
114000210,297,2176,-1879
114000211,592,1637,-1045
114000212,582,776,-194
114000213,835,687,148
114000214,62,343,-281
114000215,76,59,17
114000216,560,170,390
114000217,45,368,-323
114000218,67,392,-325
114000219,442,331,111
114000220,7,1640,-1633
114000221,258,108,150
114000222,193,1417,-1224
114000223,215,45,170
114000224,118,928,-810
114000225,83,620,-537
114000226,40,286,-246
114000227,507,498,9
114000228,412,981,-569
114000229,424,1483,-1059
114000230,1087,1874,-787
114000231,458,1370,-912
114000232,241,131,110
114000233,921,117,804
114000234,654,1322,-668
114000235,446,1814,-1368
114000236,0,606,-606
114000237,50,1550,-1500
114000238,22,188,-166
114000239,151,1840,-1689
114000240,477,630,-153
114000241,226,1361,-1135
114000242,858,1110,-252
114000243,724,716,8
114000244,389,310,79
114000245,329,653,-324
114000246,86,34,52
114000247,470,798,-328
114000248,480,508,-28
114000249,346,523,-177
114000250,219,578,-359
114000251,127,409,-282
114000252,43,169,-126
114000253,29,327,-298
114000254,16,174,-158
114000255,595,156,439
114000256,1504,480,1024
114000257,655,2805,-2150
114000258,90,704,-614
114000259,50,397,-347
114000260,0,19,-19
114000261,17,17,0
114000262,77,263,-186
114000263,4,1,3
114000264,328,923,-595
114000265,0,0,0
114000267,4,1133,-1129
114000268,8,2775,-2767
114000270,56,2,54
114000271,227,148,79
114000283,387,624,-237
114000285,41,445,-404
114000288,24,406,-382
114000289,860,96,764
114000293,81,392,-311
114000294,153,388,-235
114000395,593,26,567
114000396,169,254,-85
114000402,141,487,-346
114000403,135,789,-654
114000405,68,935,-867
114000423,48,706,-658
114000424,252,315,-63
114000425,176,975,-799
114000426,230,447,-217
114000427,32,163,-131
114000428,288,58,230
114000429,7,293,-286
114000432,28,174,-146
114000434,4,175,-171
114000435,6,304,-298
114000436,6383,1669,4714
114000437,141,469,-328
114900001,228,1894,-1666
114900002,339,62,277
114900003,202,3183,-2981
114900004,91,162,-71
114900005,142,1342,-1200
114900006,17,29,-12
114900007,82,9,73
114900008,80,24,56
114900010,2956,2145,811
114900011,54,69,-15
114900013,54,68,-14
114900015,27,153,-126
114900018,740,46,694
114900020,39,48,-9
114900022,2,593,-591
114900024,55,194,-139
114900025,240,326,-86
114900026,26,55,-29
114900027,210,298,-88
114900029,5,9,-4
114900030,95,270,-175
114900031,48,18,30
114900032,106,33,73
114900033,1698,269,1429
114900034,35,373,-338
114900035,164,287,-123
114900036,200,1751,-1551
114900037,67,258,-191
114900038,171,1526,-1355
114900039,552,1060,-508
114900040,59,309,-250
114900041,217,925,-708
114900042,362,1145,-783
114900043,792,428,364
114900044,20,17,3
114900046,77,169,-92
114900047,152,1158,-1006
114900048,21,235,-214
114900049,9,286,-277
114900050,11,929,-918
114900051,38,605,-567
114900052,120,231,-111
114900053,140,296,-156
114900054,62,213,-151
114900057,172,1,171
114900058,0,121,-121
114900059,47,23,24
114900060,1752,326,1426
114900061,117,299,-182
114900062,385,315,70
114900063,56,382,-326
114900064,403,1054,-651
114900065,123,723,-600
114900067,10,462,-452
114900068,69,215,-146
114900069,294,207,87
114900070,155,856,-701
114900072,13,260,-247
114900073,3,326,-323
114900074,105,1310,-1205
114900075,77,1,76
114900076,0,607,-607
114900080,4126,543,3583
114900082,4936,1489,3447
114900083,589,801,-212
114900090,130,114,16
114900091,77,286,-209
114900095,539,145,394
114900096,880,677,203
114900097,11,0,11
114900098,2,236,-234
114900099,39,2,37
115000001,10773,8606,2167
115000002,2417,2924,-507
115000003,4183,6124,-1941
115000004,1653,4574,-2921
115000005,1219,3617,-2398
115000006,393,1382,-989
115000007,32,199,-167
115000008,286,430,-144
115000009,106,367,-261
115000010,188,167,21
115000013,108,87,21
115000015,44,85,-41
115000016,238,193,45
115000019,14,406,-392
115000020,223,235,-12
115000021,227,352,-125
115000022,454,376,78
115000023,216,223,-7
115000024,1105,608,497
115000025,664,332,332
115000026,210,376,-166
115000027,89,222,-133
115000028,147,702,-555
115000029,150,149,1
115000030,220,808,-588
115000031,488,311,177
115000032,10,286,-276
115000033,127,8,119
115000034,134,967,-833
115000035,775,25,750
115000036,1,448,-447
115000037,137,0,137
115000038,38,189,-151
115000039,2859,1813,1046
115000040,8039,2873,5166
115000041,1216,2247,-1031
115000042,1041,663,378
115000043,2939,2265,674
115000044,3695,5328,-1633
115000045,1806,3106,-1300
115000046,1211,2272,-1061
115000047,1071,2049,-978
115000048,1226,4016,-2790
115000049,1366,3585,-2219
115000050,2093,1804,289
115000051,2164,1068,1096
115000052,3843,2116,1727
115000053,1163,888,275
115000054,999,1739,-740
115000055,38,402,-364
115000056,96,264,-168
115000057,245,428,-183
115000058,204,114,90
115000059,149,423,-274
115000061,72,57,15
115000062,66,332,-266
115000063,126,422,-296
115000064,138,230,-92
115000065,13,195,-182
115000067,151,18,133
115000069,26,254,-228
115000070,41,802,-761
115000071,49,8,41
115000072,20,91,-71
115000073,1143,35,1108
115000075,30,58,-28
115000076,3476,4322,-846
115000077,1176,5432,-4256
115000078,441,2743,-2302
115000079,1144,3159,-2015
115000080,1309,3940,-2631
115000081,355,1179,-824
115000082,2432,3006,-574
115000083,1349,4476,-3127
115000084,673,1020,-347
115000085,342,1397,-1055
115000086,343,1163,-820
115000087,561,1822,-1261
115000088,1268,692,576
115000089,1868,1860,8
115000090,934,549,385
115000091,299,1606,-1307
115000092,275,279,-4
115000093,333,0,333
115000094,9109,4405,4704
115000095,7633,4284,3349
115000096,473,2790,-2317
115000097,275,863,-588
115000098,403,1000,-597
115000099,1086,4151,-3065
115000100,448,559,-111
115000101,291,1936,-1645
115000102,256,167,89
115000103,349,1069,-720
115000105,28,273,-245
115000106,130,208,-78
115000107,107,872,-765
115000108,4613,3621,992
115000109,6334,2053,4281
115000110,1408,603,805
115000111,870,1672,-802
115000112,751,485,266
115000113,982,997,-15
115000114,2039,906,1133
115000116,3753,1335,2418
115000117,4867,1573,3294
115000118,3126,1391,1735
115000119,3141,1698,1443
115000120,1060,574,486
115000121,1947,807,1140
115000122,4261,777,3484
115000123,2379,1119,1260
115000124,619,523,96
115000125,351,580,-229
115000126,127,287,-160
115000127,214,171,43
115000128,1472,837,635
115000129,295,124,171
115000130,192,1712,-1520
115000131,219,285,-66
115000132,74,795,-721
115000133,167,407,-240
115000134,108,291,-183
115000135,56,296,-240
115000136,60,252,-192
115000137,83,286,-203
115000138,107,225,-118
115000139,106,333,-227
115000140,91,198,-107
115000141,105,448,-343
115000142,45,471,-426
115000143,153,595,-442
115000144,284,91,193
115000145,103,655,-552
115000146,209,228,-19
115000147,344,674,-330
115000148,291,2096,-1805
115000149,270,169,101
115000150,510,1983,-1473
115000151,423,458,-35
115000152,463,2679,-2216
115000153,354,413,-59
115000154,339,425,-86
115000155,390,1778,-1388
115000156,624,571,53
115000157,1122,1000,122
115000158,683,343,340
115000159,682,444,238
115000160,615,523,92
115000161,520,775,-255
115000162,570,458,112
115000163,682,642,40
115000164,545,573,-28
115000165,247,351,-104
115000167,32,67,-35
115000168,553,407,146
115000169,512,472,40
115000170,45,147,-102
115000171,173,179,-6
115000172,2488,674,1814
115000173,148,253,-105
115000174,22,168,-146
115000175,44,73,-29
115000176,237,44,193
115000177,170,85,85
115000178,3,365,-362
115000179,16,10,6
115000180,66,946,-880
115000181,195,129,66
115000182,305,501,-196
115000183,93,1332,-1239
115000186,411,313,98
115000187,87,789,-702
115000188,584,366,218
115000189,260,414,-154
115000190,697,249,448
115000191,481,432,49
115000194,172,113,59
115000195,341,196,145
115000196,81,116,-35
115000197,111,622,-511
115000198,117,279,-162
115000199,117,520,-403
115000200,240,111,129
115000201,62,557,-495
115000206,136,84,52
115000207,22,417,-395
115000208,642,882,-240
115000209,226,147,79
115000210,65,108,-43
115000211,202,257,-55
115000212,1491,301,1190
115000218,39,25,14
115000219,1,74,-73
115000224,69,65,4
115000225,50,54,-4
115000229,275,155,120
115000230,72,496,-424
115000231,281,3071,-2790
115000232,541,326,215
115000233,43,286,-243
115000234,8,278,-270
115000241,35,353,-318
115000242,47,347,-300
115000243,22,321,-299
115000244,2,132,-130
115000246,14,8,6
115000247,27,2,25
115000248,12,7,5
115000249,25,11,14
115000250,63,68,-5
115000251,67,174,-107
115000252,46,194,-148
115000253,10,158,-148
115000258,70,232,-162
115000259,279,143,136
115000261,0,26,-26
115000262,19,16,3
115000263,4,29,-25
115000264,8,47,-39
115000267,24,103,-79
115000268,32,92,-60
115000269,44,80,-36
115000270,24,15,9
115000272,41,151,-110
115000273,203,24,179
115000274,64,351,-287
115000280,2862,74,2788
115000281,817,107,710
115000282,1812,329,1483
115000284,254,74,180
115000296,322,5,317
115000297,242,30,212
115000298,97,70,27
115000300,21,282,-261
115000302,115,263,-148
115000303,203,189,14
115000304,310,118,192
115000305,49,1369,-1320
115000306,95,785,-690
115000307,22,268,-246
115000308,27,17,10
115000309,4,3,1
115000310,475,1718,-1243
115000311,263,1665,-1402
115000313,88,1036,-948
115000314,109,51,58
115000315,1432,205,1227
115000316,31,42,-11
115000317,159,779,-620
115000318,413,266,147
115000319,24,342,-318
115000320,10,203,-193
115000321,134,13,121
115000322,25,260,-235
115000449,498,92,406
115000557,29,225,-196
115000558,109,74,35
115000587,250,281,-31
115000588,2096,4556,-2460
115000589,2327,2524,-197
115000590,818,1770,-952
115000591,1878,608,1270
115000592,1024,1546,-522
115000593,1560,465,1095
115000594,871,1183,-312
115000609,126,84,42
115000617,2014,856,1158
115000624,33,51,-18
115000633,336,1927,-1591
115000634,2578,620,1958
115000635,219,149,70
115000638,1664,816,848
115000641,85,117,-32
115000642,445,272,173
115000643,88,642,-554
115000644,119,687,-568
115000646,694,843,-149
115000647,155,557,-402
115000648,664,1973,-1309
115000893,3537,692,2845
115000894,47,1497,-1450
115000895,215,1089,-874
115000896,716,280,436
115000897,517,70,447
115000898,1014,183,831
115000899,884,932,-48
115000900,163,342,-179
115000901,54,79,-25
115000912,140,58,82
115000913,2,46,-44
115000915,13,0,13
115000916,1,0,1
115000917,0,11,-11
115000918,91,222,-131
115000919,21,7,14
115000920,10,26,-16
115000921,2106,95,2011
115000922,738,324,414
115000923,310,723,-413
115000925,36,41,-5
115000927,16,33,-17
115000933,126,81,45
115000934,16,48,-32
115000935,1,22,-21
115900001,7,85,-78
115900002,128,285,-157
115900003,77,176,-99
115900004,2,57,-55
115900005,35,1,34
115900006,69,496,-427
115900008,2,15,-13
115900009,54,416,-362
115900010,85,264,-179
115900011,178,347,-169
115900012,26,133,-107
115900013,414,209,205
115900014,74,250,-176
115900015,27,166,-139
115900016,48,48,0
115900017,1,3,-2
115900018,128,119,9
115900019,1795,41,1754
115900020,4,0,4
115900021,2474,118,2356
115900022,1719,13,1706
115900023,4,0,4
115900025,79,136,-57
115900026,1264,410,854
115900027,3,620,-617
115900028,702,73,629
115900029,3,789,-786
115900030,12,18,-6
115900031,314,117,197
115900032,254,761,-507
115900033,0,52,-52
115900034,8,739,-731
115900035,35,104,-69
115900036,157,181,-24
115900037,8,684,-676
115900038,8,6,2
115900039,65,378,-313
115900041,258,199,59
115900042,5,2,3
115900043,19,186,-167
115900044,155,160,-5
115900046,103,334,-231
115900047,33,16,17
115900049,56,307,-251
115900051,2,135,-133
115900052,14,436,-422
115900053,32,432,-400
115900054,15,59,-44
115900055,9,217,-208
115900056,88,559,-471
115900057,24,2,22
115900058,30,92,-62
115900060,18,166,-148
115900061,36,1,35
115900062,9,364,-355
115900063,14,18,-4
115900064,163,232,-69
115900065,17,179,-162
115900066,210,252,-42
115900067,5,953,-948
115900068,5084,117,4967
115900069,187,224,-37
115900070,56,362,-306
115900071,3,1030,-1027
115900072,91,422,-331
115900073,13,21,-8
115900074,1,483,-482
115900075,26,476,-450
115900076,1,125,-124
115900077,9,433,-424
115900078,128,247,-119
115900079,52,7,45
115900080,461,197,264
115900081,10,87,-77
115900082,182,168,14
115900084,70,24,46
115900085,49,16,33
115900086,1827,401,1426
115900088,9,10,-1
115900089,114,987,-873
115900090,38,8,30
115900091,0,39,-39
115900092,12,390,-378
115900093,1,51,-50
115900094,7,650,-643
115900096,2,36,-34
115900097,8,853,-845
115900098,38,630,-592
115900099,22,115,-93
115900100,7,897,-890
115900101,46,625,-579
115900102,17,130,-113
115900103,89,307,-218
115900104,31,236,-205
115900105,26,931,-905
115900106,7,27,-20
115900107,12,311,-299
115900108,16,37,-21
115900109,53,695,-642
115900110,1,31,-30
115900111,2,96,-94
115900112,24,1374,-1350
115900113,30,26,4
115900114,1,194,-193
115900115,20,182,-162
115900116,84,1478,-1394
115900117,14,24,-10
115900118,3,503,-500
115900119,16,113,-97
115900120,14,604,-590
115900121,98,372,-274
115900124,260,276,-16
115900125,90,9,81
115900126,263,45,218
115900127,319,39,280
115900128,9,73,-64
115900129,541,23,518
115900130,43,207,-164
115900131,186,13,173
115900132,107,3,104
115900134,84,13,71
115900135,687,418,269
115900137,9,15,-6
115900139,157,50,107
115900140,45,11,34
115900141,19,77,-58
115900142,16,24,-8
115900143,46,252,-206
115900144,10,235,-225
115900146,4,202,-198
115900147,119,149,-30
115900148,0,31,-31
115900149,9,47,-38
115900150,6,81,-75
115900151,2,56,-54
115900152,36,566,-530
115900153,25,295,-270
115900154,680,280,400
115900155,0,106,-106
115900156,456,996,-540
115900157,37,558,-521
115900158,30,5,25
115900159,17,376,-359
115900160,10,2,8
115900161,11,316,-305
115900163,87,178,-91
115900164,99,48,51
115900165,1,114,-113
115900166,162,315,-153
115900168,12,205,-193
115900171,81,454,-373
115900172,16,165,-149
115900173,81,138,-57
115900174,222,252,-30
115900175,67,194,-127
115900178,2,919,-917
115900179,36,5,31
115900180,40,452,-412
115900181,56,309,-253
115900182,114,383,-269
115900183,235,29,206
115900184,1282,21,1261
115900187,0,115,-115
115900189,0,79,-79
115900190,552,382,170
115900191,63,785,-722
115900192,3,57,-54
115900193,307,38,269
115900194,202,23,179
115900195,489,605,-116
115900198,234,289,-55
115900199,106,369,-263
115900200,552,463,89
115900201,134,234,-100
115900202,0,0,0
115900203,5,1,4
115900204,0,1,-1
115900205,33,5,28
115900206,23,145,-122
115900207,4,30,-26
115900208,14,440,-426
115900209,1,178,-177
115900210,6,195,-189
115900211,3,297,-294
115900212,38,455,-417
115900213,7,10,-3
115900214,80,391,-311
115900215,12,15,-3
115900216,4,101,-97
115900217,1,119,-118
115900218,0,90,-90
115900219,12,2,10
115900220,44,9,35
115900221,13,4,9
115900222,27,4,23
115900223,4,34,-30
115900224,2021,189,1832
115900225,76,21,55
115900226,10,48,-38
115900227,14,34,-20
115900228,0,77,-77
115900229,5,67,-62
115900230,58,98,-40
115900231,51,0,51
115900232,13,0,13
115900233,20,7,13
115900234,28,26,2
115900235,2,14,-12
115900236,14,17,-3
115900237,7,48,-41
115900238,8,24,-16
115900239,8,48,-40
115900240,8,67,-59
115900241,39,143,-104
115900242,135,161,-26
115900243,4,10,-6
115900244,1,18,-17
115900245,4,21,-17
115900246,125,4,121
115900247,12,1,11
115900248,8,3,5
115900249,3,8,-5
115900250,4,21,-17
115900251,0,5,-5
115900252,0,7,-7
115900253,6,83,-77
115900254,3,35,-32
115900255,9,12,-3
115900256,16,5,11
115900257,0,3,-3
115900258,0,7,-7
115900259,2,3,-1
115900260,11,1,10
115900261,15,6,9
115900262,1,3,-2
115900263,2,6,-4
115900264,4,8,-4
115900265,2,5,-3
115900266,2,1,1
115900267,0,2,-2
115900268,5,5,0
115900269,81,564,-483
115900270,128,1059,-931
115900271,4,0,4
115900272,0,0,0
115900273,2,2,0
115900274,0,13,-13
115900275,0,17,-17
115900276,0,27,-27
115900277,0,29,-29
115900278,0,20,-20
115900279,1,24,-23
115900280,6,40,-34
115900281,77,11,66
116000001,22888,5469,17419
116000002,3554,4576,-1022
116000003,1751,1995,-244
116000004,1198,1561,-363
116000005,2407,2968,-561
116000006,1204,995,209
116000007,5644,4398,1246
116000008,5053,1205,3848
116000009,1892,2996,-1104
116000010,949,682,267
116000011,687,2002,-1315
116000012,396,509,-113
116000013,20750,5110,15640
116000014,24687,4397,20290
116000015,544,506,38
116000016,10718,1470,9248
116000017,31,360,-329
116000018,703,466,237
116000019,480,224,256
116000020,401,1602,-1201
116000021,151,207,-56
116000022,193,612,-419
116000023,381,421,-40
116000024,823,2056,-1233
116000025,352,397,-45
116000026,1331,2810,-1479
116000027,473,380,93
116000028,359,473,-114
116000029,1358,656,702
116000030,236,195,41
116000031,177,228,-51
116000032,114,338,-224
116000033,122,404,-282
116000034,361,766,-405
116000035,102,769,-667
116000036,2254,493,1761
116000037,522,326,196
116000038,454,227,227
116000039,562,450,112
116000040,1012,283,729
116000041,434,813,-379
116000042,297,235,62
116000043,71,436,-365
116000044,2,39,-37
116000045,944,800,144
116000046,1121,933,188
116000047,1800,1757,43
116000048,1654,1254,400
116000049,504,1530,-1026
116000050,941,1583,-642
116000051,1588,1375,213
116000052,2473,3416,-943
116000053,813,1026,-213
116000054,400,2953,-2553
116000055,199,1881,-1682
116000056,210,764,-554
116000057,3112,2813,299
116000058,3067,2179,888
116000059,2457,2692,-235
116000060,3707,842,2865
116000061,237,955,-718
116000062,495,255,240
116000063,374,1332,-958
116000066,117,212,-95
116000067,254,656,-402
116000068,115,141,-26
116000069,170,667,-497
116000078,118,748,-630
116000080,899,1361,-462
116000082,12,210,-198
116000083,690,318,372
116000084,2348,4026,-1678
116000085,1349,759,590
116000086,2239,1312,927
116000087,784,758,26
116000088,769,1552,-783
116000089,102,106,-4
116000090,135,154,-19
116000091,305,62,243
116000093,1416,568,848
116000094,369,889,-520
116000095,368,656,-288
116000096,416,1419,-1003
116000097,345,880,-535
116000098,28,3636,-3608
116000099,10010,386,9624
116000100,43,8,35
116000101,274,2162,-1888
116000102,162,1481,-1319
116000103,410,255,155
116000104,97,1923,-1826
116000105,457,268,189
116000106,138,1275,-1137
116000107,976,563,413
116000108,8,215,-207
116000111,16,30,-14
116000113,144,50,94
116000114,18,220,-202
116000115,91,44,47
116000116,151,684,-533
116000117,750,1560,-810
116000118,743,1741,-998
116000119,1268,1265,3
116000120,2206,5981,-3775
116000121,502,296,206
116000122,1154,3162,-2008
116000123,395,382,13
116000124,259,1426,-1167
116000125,1101,496,605
116000126,320,1756,-1436
116000127,887,2018,-1131
116000128,795,673,122
116000129,347,218,129
116000130,128,189,-61
116000133,229,1001,-772
116000134,967,3691,-2724
116000135,888,1294,-406
116000136,825,2561,-1736
116000137,353,572,-219
116000138,2009,547,1462
116000139,1717,2248,-531
116000140,75,272,-197
116000141,317,1328,-1011
116000142,4271,4222,49
116000143,2014,1436,578
116000144,1046,3726,-2680
116000145,1235,1685,-450
116000146,222,464,-242
116000147,162,155,7
116000148,169,393,-224
116000149,254,534,-280
116000151,351,948,-597
116000153,69,349,-280
116000155,114,208,-94
116000156,1608,1179,429
116000157,21,24,-3
116000158,108,522,-414
116000159,6,2,4
116000160,10,210,-200
116000161,14,170,-156
116000162,45,18,27
116000163,8,5,3
116000164,2,8,-6
116000177,37,112,-75
116000194,51,513,-462
116000195,985,648,337
116000196,6,4,2
116000197,6,3,3
116000198,1573,852,721
116000200,752,219,533
116000201,522,776,-254
116000202,4,339,-335
116000203,0,124,-124
116000204,10,34,-24
116000205,0,204,-204
116000206,1,131,-130
116000207,0,43,-43
116000233,107,1093,-986
116000287,49,652,-603
116000288,44,292,-248
116000292,20,273,-253
116000296,4,201,-197
116000297,20,9,11
116000304,24,17,7
116000305,4,201,-197
116000346,72,283,-211
116000352,33,89,-56
116000354,29,14,15
116000357,1,4,-3
116000358,125,26,99
116000361,130,2,128
116000372,11984,1780,10204
116000381,46,1,45
116000388,0,48,-48
116000389,329,588,-259
116000445,126,954,-828
116000446,127,1326,-1199
116000447,5,418,-413
116000448,501,297,204
116000563,826,390,436
116000565,83,599,-516
116000568,28,111,-83
116000579,39,170,-131
116000584,1,10,-9
116000585,4,7,-3
116000586,253,92,161
116000587,50,508,-458
116000589,24,104,-80
116000590,39,68,-29
116000591,36,301,-265
116000592,13,236,-223
116000593,3,53,-50
116000594,198,964,-766
116000595,310,291,19
116000596,14,8,6
116000597,80,58,22
116000598,6,307,-301
116000602,137,153,-16
116000605,145,177,-32
116000606,12,127,-115
116000607,5,74,-69
116000609,238,504,-266
116000611,36,707,-671
116000612,394,1819,-1425
116000613,133,345,-212
116000614,404,1096,-692
116000615,8,102,-94
116000616,19,138,-119
116000617,22,154,-132
116000618,3,240,-237
116000619,10,49,-39
116000620,28,22,6
116000621,10,51,-41
116000622,11,92,-81
116000624,9,74,-65
116000627,1,13,-12
116000628,5,497,-492
116000629,10,521,-511
116000630,76,12,64
116000631,7,12,-5
116000632,84,568,-484
116000633,11,965,-954
116000634,76,3,73
116000635,602,379,223
116900001,92,107,-15
116900002,316,1,315
116900003,4,93,-89
116900004,19,29,-10
116900005,63,70,-7
116900006,170,201,-31
116900007,67,226,-159
116900008,126,643,-517
116900009,14,3,11
116900010,3,2438,-2435
116900011,38,77,-39
116900012,158,261,-103
116900013,12,349,-337
116900014,14,506,-492
116900015,58,107,-49
116900016,38,0,38
116900017,3,1077,-1074
116900018,13,31,-18
116900019,3,572,-569
116900020,1731,157,1574
116900023,56,6,50
116900024,111,107,4
116900025,279,1299,-1020
116900026,196,874,-678
116900027,4,44,-40
116900028,1,192,-191
116900029,3,10,-7
116900031,0,8,-8
116900032,3,461,-458
116900033,1,6,-5
116900034,8,85,-77
116900035,69,210,-141
116900036,2,113,-111
116900038,37,0,37
116900041,26,9,17
116900042,1146,200,946
116900043,2,60,-58
116900045,225,26,199
116900047,86,25,61
116900049,32,235,-203
116900050,59,343,-284
116900051,33,352,-319
116900052,133,50,83
116900055,0,3,-3
116900057,9,351,-342
116900058,29,437,-408
116900059,2,219,-217
116900060,113,279,-166
116900062,1,2,-1
116900064,27,1249,-1222
116900065,8,91,-83
116900067,45,193,-148
116900068,72,688,-616
116900070,0,1,-1
116900072,7,642,-635
116900073,9,233,-224
116900074,5,58,-53
116900076,4,20,-16
116900077,6,302,-296
116900078,251,189,62
116900079,5,430,-425
116900080,8,27,-19
116900081,293,1763,-1470
116900082,164,1281,-1117
116900083,43,83,-40
116900084,153,69,84
116900085,22,170,-148
116900086,14,248,-234
116900088,474,54,420
116900090,170,59,111
116900091,89,80,9
116900092,55,879,-824
116900093,2204,1507,697
116900094,8964,1633,7331
116900095,67,201,-134
116900096,98,69,29
116900097,3762,1150,2612
116900098,1110,143,967
116900099,473,279,194
116900100,328,7,321
116900101,214,977,-763
116900103,1,2,-1
116900104,25,61,-36
116900105,112,41,71
116900106,476,621,-145
116900107,5025,900,4125
116900110,3,0,3
116900111,150,1882,-1732
116900112,109,1162,-1053
116900113,3812,719,3093
116900116,92,221,-129
116900117,13,95,-82
116900118,1257,443,814
116900120,68,162,-94
116900121,39,68,-29
116900122,254,1297,-1043
116900123,64,1188,-1124
116900124,74,944,-870
116900125,116,308,-192
116900126,303,471,-168
116900128,0,63,-63
116900129,4,533,-529
116900130,1538,2042,-504
116900131,33,196,-163
116900132,13,95,-82
116900133,28,138,-110
116900134,174,245,-71
116900136,228,161,67
116900137,153,220,-67
116900138,109,279,-170
116900139,61,535,-474
116900140,119,233,-114
116900141,277,365,-88
116900142,6,15,-9
116900143,152,666,-514
116900144,15,21,-6
116900145,61,509,-448
116900147,561,380,181
116900148,2,25,-23
116900149,13,94,-81
116900150,3,2,1
116900151,29,10,19
116900153,48,62,-14
116900154,373,137,236
116900155,24,34,-10
116900157,126,278,-152
116900158,11,55,-44
116900159,28,168,-140
116900160,370,241,129
116900161,11873,2796,9077
116900162,2,196,-194
116900163,48,178,-130
116900164,12,29,-17
116900165,40,78,-38
116900166,6,134,-128
116900167,160,70,90
116900168,59,155,-96
116900169,586,129,457
116900170,85,206,-121
116900171,23,342,-319
116900172,184,34,150
116900173,45,78,-33
116900174,17,16,1
116900175,115,93,22
116900178,16,298,-282
116900179,49,53,-4
116900180,32,52,-20
116900182,218,245,-27
116900183,74,65,9
116900185,3,13,-10
116900186,39,541,-502
116900187,4,14,-10
116900188,63,16,47
116900189,8,0,8
116900191,220,448,-228
116900192,150,209,-59
116900194,14,290,-276
116900195,17,16,1
116900196,8,149,-141
116900197,22,2,20
116900198,382,80,302
116900200,6,38,-32
116900201,19,8,11
116900202,85,74,11
116900203,32,1,31
116900204,27,62,-35
116900206,3,57,-54
116900207,10,29,-19
116900208,6,206,-200
116900209,5,204,-199
116900210,236,198,38
116900211,232,15,217
116900212,4,82,-78
116900213,81,248,-167
116900214,34,168,-134
116900215,48,101,-53
116900216,136,471,-335
116900218,14,523,-509
116900219,719,428,291
116900220,67,224,-157
116900221,41,278,-237
116900222,273,382,-109
116900223,72,184,-112
116900226,28,81,-53
116900227,87,58,29
116900228,135,362,-227
116900230,21,453,-432
116900231,11,633,-622
116900232,5,628,-623
116900233,67,96,-29
116900234,2,12,-10
116900235,81,498,-417
116900238,1592,390,1202
116900239,17,584,-567
116900240,6776,1663,5113
116900241,27,194,-167
116900242,494,119,375
116900243,2,177,-175
116900245,20,30,-10
116900246,18,0,18
116900247,142,18,124
116900248,29,28,1
116900249,84,182,-98
116900250,58,89,-31
116900251,535,116,419
116900252,33,1247,-1214
116900253,21,90,-69
116900254,7,137,-130
116900255,117,21,96
116900256,147,75,72
116900257,23,856,-833
116900258,1,545,-544
116900259,25,9,16
116900260,1,162,-161
116900261,8,1,7
116900262,71,132,-61
116900263,0,6,-6
116900264,0,4,-4
116900265,9,2,7
116900266,2,55,-53
116900267,11,1,10
116900268,4,13,-9
116900269,232,657,-425
116900271,3938,99,3839
116900272,464,744,-280
116900273,245,20,225
116900274,38,95,-57
116900275,32,179,-147
116900276,721,47,674
116900277,795,12,783
116900278,4,14,-10
116900279,1,34,-33
116900280,6,47,-41
116900281,10091,1589,8502
116900282,2,189,-187
116900283,18,142,-124
116900284,12,244,-232
116900285,323,68,255
116900286,228,7,221
116900287,2,89,-87
116900288,21,140,-119
116900289,2,28,-26
116900290,0,33,-33
116900291,2,11,-9
116900292,0,3,-3
116900293,7,112,-105
116900294,15,127,-112
116900295,37,16,21
116900296,12,16,-4
116900297,4,10,-6
116900298,28,18,10
116900299,20,33,-13
116900300,71,208,-137
116900301,43,40,3
116900302,143,80,63
116900303,417,26,391
116900304,0,91,-91
116900305,6,14,-8
116900306,13,85,-72
117000001,884,1102,-218
117000002,1166,5146,-3980
117000003,4669,2571,2098
117000004,4344,5492,-1148
117000005,954,1238,-284
117000006,823,4759,-3936
117000007,1730,1087,643
117000008,1279,4707,-3428
117000009,3862,1035,2827
117000010,2633,4495,-1862
117000011,956,1663,-707
117000012,965,2235,-1270
117000013,581,1271,-690
117000014,584,2665,-2081
117000015,3000,1322,1678
117000016,257,48,209
117000017,221,140,81
117000018,110,281,-171
117000019,123,0,123
117000020,803,940,-137
117000021,3836,296,3540
117000022,396,53,343
117000023,401,97,304
117000024,483,66,417
117000025,613,781,-168
117000026,1997,675,1322
117000027,1725,896,829
117000028,1054,336,718
117000030,344,296,48
117000031,112,73,39
117000032,1680,1457,223
117000033,1310,1294,16
117000034,120,223,-103
117000035,100,75,25
117000036,192,198,-6
117000037,49,75,-26
117000038,121,266,-145
117000039,99,259,-160
117000040,111,1734,-1623
117000041,560,116,444
117000044,15,1457,-1442
117000045,138,46,92
117000046,338,838,-500
117000047,238,550,-312
117000048,2146,1685,461
117000049,176,518,-342
117000050,130,3750,-3620
117000051,1197,152,1045
117000052,14,978,-964
117000053,91,84,7
117000054,1110,7,1103
117000055,14,4953,-4939
117000056,420,12,408
117000057,637,2251,-1614
117000060,374,2854,-2480
117000061,598,607,-9
117000062,143,551,-408
117000063,735,531,204
117000064,853,698,155
117000066,1597,683,914
117000067,118,304,-186
117000074,209,140,69
117000076,182,33,149
117000077,130,64,66
117000078,71,607,-536
117000079,207,156,51
117000080,2,391,-389
117000081,407,123,284
117000082,3,58,-55
117000083,42,17,25
117000084,259,1,258
117000085,129,376,-247
117000086,1087,892,195
117000087,61,490,-429
117000088,170,182,-12
117000089,954,405,549
117000090,157,2102,-1945
117000091,291,353,-62
117000092,270,2403,-2133
117000093,476,666,-190
117000094,445,3302,-2857
117000095,1116,833,283
117000096,404,3456,-3052
117000097,601,1077,-476
117000098,2966,7439,-4473
117000099,1297,669,628
117000100,107,117,-10
117000101,211,1641,-1430
117000102,886,528,358
117000103,863,2411,-1548
117000104,713,505,208
117000105,608,2709,-2101
117000106,448,691,-243
117000107,403,3521,-3118
117000108,558,746,-188
117000109,2043,3888,-1845
117000110,832,476,356
117000111,2807,4601,-1794
117000112,1863,1968,-105
117000113,103,584,-481
117000114,79,116,-37
117000115,59,274,-215
117000116,58,249,-191
117000117,1338,306,1032
117000118,133,136,-3
117000119,84,43,41
117000120,198,30,168
117000121,42,238,-196
117000122,536,611,-75
117000123,1511,20,1491
117000124,272,26,246
117000125,270,71,199
117000126,32,42,-10
117000127,112,352,-240
117000128,386,534,-148
117000129,257,46,211
117000130,37,1,36
117000131,0,28,-28
117000132,1057,76,981
117000133,545,296,249
117000134,1,95,-94
117000135,9,33,-24
117000136,0,91,-91
117000137,32,36,-4
117000138,1,594,-593
117000140,332,2485,-2153
117000141,733,483,250
117000181,1484,377,1107
117000182,145,102,43
117000195,155,1628,-1473
117000196,70,40,30
117000225,83,8,75
117000226,6,69,-63
117000276,94,8,86
117000277,6,644,-638
117000310,2260,2614,-354
117000315,34,299,-265
117000320,50,0,50
117000906,74,14,60
117000907,5,634,-629
117000908,45,8,37
117000909,52,26,26
117000910,177,116,61
117000911,126,248,-122
117000915,11,801,-790
117000916,7,4,3
117000917,414,23,391
117000918,19,23,-4
117000919,20,185,-165
117000920,9,2477,-2468
117000921,14,3098,-3084
117000922,15,90,-75
117000924,375,596,-221
117000926,1822,68,1754
117000927,887,265,622
117000928,1,350,-349
117000929,130,616,-486
117000930,41,19,22
117000931,444,50,394
117900002,162,317,-155
117900003,1065,252,813
117900005,5,2,3
117900006,0,43,-43
117900007,76,258,-182
117900008,1,51,-50
117900010,88,181,-93
117900011,13,3,10
117900012,18,278,-260
117900013,2,509,-507
117900014,125,339,-214
117900015,8,269,-261
117900016,1363,299,1064
117900017,166,595,-429
117900018,203,31,172
117900019,135,712,-577
117900020,42,163,-121
117900021,17,165,-148
117900022,4,21,-17
117900023,696,64,632
117900024,43,266,-223
117900025,39,25,14
117900026,159,554,-395
117900028,13,1,12
117900029,103,1318,-1215
117900030,99,145,-46
117900031,70,37,33
117900032,424,191,233
117900033,81,1262,-1181
117900034,28,30,-2
117900035,65,46,19
117900036,110,965,-855
117900037,18,161,-143
117900038,19,573,-554
117900039,2,137,-135
117900040,113,935,-822
117900041,7,71,-64
117900042,5474,469,5005
117900043,22,60,-38
117900044,230,1153,-923
117900045,69,68,1
117900048,93,383,-290
117900049,52,866,-814
117900050,13,37,-24
117900051,13,8,5
117900052,55,212,-157
117900053,627,895,-268
117900054,2,12,-10
117900055,104,54,50
117900056,208,22,186
117900057,843,1493,-650
117900058,141,49,92
117900059,415,59,356
117900060,471,7341,-6870
117900061,8,106,-98
117900063,84,263,-179
117900065,797,1338,-541
117900066,0,23,-23
117900067,189,392,-203
117900069,232,566,-334
117900070,93,6,87
117900071,42,120,-78
117900073,103,449,-346
117900074,68,3,65
117900075,18,119,-101
117900076,7,60,-53
117900077,191,198,-7
117900078,188,314,-126
117900080,62,60,2
117900081,599,513,86
117900082,137,131,6
117900083,118,963,-845
117900086,39,68,-29
117900087,58,98,-40
117900088,3269,1736,1533
117900089,985,279,706
117900090,114,1009,-895
117900091,146,124,22
117900092,22,64,-42
117900093,19,89,-70
117900094,6,9,-3
117900095,61,715,-654
117900096,32,308,-276
117900097,142,83,59
117900098,5,2,3
117900099,73,687,-614
117900100,27,0,27
117900101,376,902,-526
117900102,18,53,-35
117900103,5,0,5
117900104,6,162,-156
117900105,117,218,-101
117900106,49,83,-34
117900107,6,0,6
117900109,195,340,-145
117900110,14,0,14
117900111,182,4,178
117900112,34,34,0
117900113,4723,1547,3176
117900114,2,0,2
117900115,84,22,62
117900116,918,769,149
117900117,387,582,-195
117900118,11,0,11
117900119,59,371,-312
117900120,128,126,2
117900121,11,36,-25
117900122,1053,1175,-122
117900123,443,1031,-588
117900124,702,595,107
117900125,1031,698,333
117900126,347,725,-378
117900127,194,796,-602
117900128,162,1276,-1114
117900129,15,0,15
117900130,747,354,393
117900131,0,144,-144
117900132,7,138,-131
117900133,4,200,-196
117900134,79,253,-174
117900135,21,362,-341
117900136,0,78,-78
117900137,39,489,-450
117900138,0,60,-60
117900139,24,178,-154
117900140,5911,220,5691
117900141,143,257,-114
117900142,32,18,14
117900144,55,79,-24
117900145,28,3,25
117900146,71,66,5
117900147,20,67,-47
117900148,2902,1037,1865
117900149,10,245,-235
117900150,16,247,-231
117900151,14,242,-228
117900152,89,138,-49
117900153,6,106,-100
117900154,195,672,-477
117900156,674,518,156
117900157,35,456,-421
117900158,73,126,-53
117900160,269,295,-26
117900161,2884,2608,276
117900162,98,310,-212
117900163,93,6,87
117900165,0,4,-4
117900166,126,147,-21
117900168,50,176,-126
117900169,2,158,-156
117900170,1,50,-49
117900171,1,39,-38
117900172,11,63,-52
117900173,168,44,124
117900174,42,56,-14
117900175,2,31,-29
117900176,7,84,-77
117900177,3,75,-72
117900178,83,42,41
117900180,330,42,288
117900181,213,160,53
117900182,0,23,-23
117900183,15,168,-153
117900184,6,82,-76
117900185,13,33,-20
117900186,12,12,0
117900187,17,11,6
117900188,285,16,269
117900189,40,10,30
117900190,3,0,3
117900191,35,3,32
117900192,42,3,39
117900193,33,37,-4
117900194,0,7,-7
117900195,11,39,-28
117900196,4,22,-18
117900207,118,51,67
117900208,24,57,-33
117900209,79,140,-61
117900210,166,172,-6
117900211,18,262,-244
117900212,66,139,-73
117900213,4,7,-3
117900214,0,52,-52
117900215,2,7,-5
117900216,4,5,-1
117900217,81,32,49
117900218,99,101,-2
117900219,0,30,-30
117900220,12,50,-38
117900221,3,0,3
118000001,531,332,199
118000002,1382,2069,-687
118000003,1096,732,364
118000004,2611,2253,358
118000005,5617,1402,4215
118000006,9337,7046,2291
118000007,7105,1992,5113
118000008,5973,3078,2895
118000009,2349,4496,-2147
118000010,6006,5003,1003
118000011,654,4209,-3555
118000012,1000,3927,-2927
118000013,4445,3671,774
118000014,2596,4254,-1658
118000016,194,746,-552
118000017,134,398,-264
118000018,261,1026,-765
118000019,1742,1215,527
118000020,1233,1261,-28
118000021,665,1443,-778
118000022,2172,667,1505
118000023,1135,266,869
118000024,1663,633,1030
118000025,1098,536,562
118000027,16342,3958,12384
118000029,1420,514,906
118000032,1531,1199,332
118000033,2530,2037,493
118000034,5230,1833,3397
118000035,1526,1374,152
118000036,1020,1062,-42
118000037,531,951,-420
118000038,141,160,-19
118000039,98,462,-364
118000040,1354,2896,-1542
118000041,1455,1556,-101
118000045,905,156,749
118000046,2052,639,1413
118000047,1797,377,1420
118000048,4262,1174,3088
118000051,3355,780,2575
118000052,2589,609,1980
118000053,964,517,447
118000054,4026,1357,2669
118000055,3185,1474,1711
118000056,452,296,156
118000057,423,364,59
118000058,3257,1053,2204
118000059,1739,685,1054
118000060,596,1003,-407
118000061,841,1338,-497
118000062,346,288,58
118000063,230,424,-194
118000064,913,1189,-276
118000065,6446,1411,5035
118000066,715,957,-242
118000067,1678,1023,655
118000068,1891,2762,-871
118000069,3752,1617,2135
118000070,9927,1628,8299
118000071,4649,4098,551
118000072,2076,874,1202
118000073,3063,466,2597
118000074,309,329,-20
118000075,1153,353,800
118000076,1070,1018,52
118000077,1299,1092,207
118000078,1614,2033,-419
118000079,368,494,-126
118000080,1023,845,178
118000081,1135,1218,-83
118000082,358,600,-242
118000083,3047,966,2081
118000084,2799,1848,951
118000086,126,680,-554
118000087,7414,2606,4808
118000088,2151,2080,71
118000089,4561,2891,1670
118000090,2620,2052,568
118000091,2440,1563,877
118000092,1561,335,1226
118000093,150,576,-426
118000096,411,466,-55
118000097,586,450,136
118000098,153,207,-54
118000099,273,1342,-1069
118000101,451,434,17
118000102,279,2280,-2001
118000107,4453,458,3995
118000108,428,571,-143
118000110,0,17,-17
118000111,4,872,-868
118000112,99,2,97
118000113,3,1407,-1404
118000114,64,1,63
118000115,15,3,12
118000116,9,0,9
118000117,1179,942,237
118000118,536,729,-193
118000119,771,1368,-597
118000120,1255,1866,-611
118000121,52,496,-444
118000122,593,133,460
118000123,28,286,-258
118000125,1924,1417,507
118000126,390,1934,-1544
118000127,1447,608,839
118000128,752,1407,-655
118000129,499,230,269
118000130,3938,6054,-2116
118000131,537,1317,-780
118000132,2182,1570,612
118000133,299,495,-196
118000135,333,380,-47
118000136,75,680,-605
118000137,442,55,387
118000138,192,1337,-1145
118000139,114,112,2
118000140,2377,2777,-400
118000141,1537,2351,-814
118000142,982,2726,-1744
118000143,709,863,-154
118000144,1923,1263,660
118000145,1253,3936,-2683
118000146,769,2210,-1441
118000147,568,2418,-1850
118000148,213,1429,-1216
118000149,496,1355,-859
118000150,144,172,-28
118000151,150,481,-331
118000153,477,1328,-851
118000154,524,1803,-1279
118000155,440,1432,-992
118000156,2520,2399,121
118000157,393,417,-24
118000158,107,691,-584
118000159,10,64,-54
118000160,238,531,-293
118000161,242,1424,-1182
118000162,1073,800,273
118000163,320,778,-458
118000164,2239,1629,610
118000168,2309,254,2055
118000169,1137,2316,-1179
118000170,4684,9399,-4715
118000171,157,792,-635
118000172,65,293,-228
118000173,659,1171,-512
118000175,233,327,-94
118000176,115,398,-283
118000177,183,530,-347
118000178,49,45,4
118000179,2122,553,1569
118000180,641,861,-220
118000181,721,501,220
118000182,180,361,-181
118000183,177,206,-29
118000184,326,1508,-1182
118000185,1086,771,315
118000186,583,777,-194
118000187,502,1370,-868
118000188,203,334,-131
118000189,263,1031,-768
118000190,14,6,8
118000191,10,44,-34
118000192,113,161,-48
118000193,97,216,-119
118000194,1926,1082,844
118000195,1229,569,660
118000196,449,72,377
118000197,190,104,86
118000198,679,294,385
118000199,588,263,325
118000200,54,215,-161
118000201,342,279,63
118000202,41,41,0
118000203,1615,294,1321
118000204,164,147,17
118000205,291,308,-17
118000206,126,201,-75
118000207,1,131,-130
118000208,934,1738,-804
118000209,1116,2444,-1328
118000210,20,41,-21
118000211,6,34,-28
118000213,890,779,111
118000214,570,286,284
118000215,183,336,-153
118000216,1154,3939,-2785
118000217,30,251,-221
118000218,40,170,-130
118000219,549,450,99
118000220,0,11,-11
118000221,50,256,-206
118000222,57,25,32
118000223,1,26,-25
118000224,330,228,102
118000225,89,1079,-990
118000226,257,89,168
118000227,1073,452,621
118000228,240,116,124
118000229,182,8,174
118000230,41,350,-309
118000231,20,203,-183
118000232,373,1268,-895
118000233,424,940,-516
118000234,160,376,-216
118000236,230,591,-361
118000237,26,903,-877
118000238,42,451,-409
118000239,199,270,-71
118000240,595,71,524
118000241,78,421,-343
118000242,349,967,-618
118000243,77,236,-159
118000244,8,206,-198
118000246,0,2,-2
118000255,28,177,-149
118000256,30,232,-202
118000259,2,102,-100
118000260,130,133,-3
118000261,7,200,-193
118000263,73,223,-150
118000266,114,648,-534
118000267,1,103,-102
118000268,122,7,115
118000270,35,38,-3
118000271,68,343,-275
118000272,45,79,-34
118000273,31,96,-65
118000274,71,499,-428
118000276,204,350,-146
118000295,2,46,-44
118000298,122,666,-544
118000299,46,316,-270
118000301,0,67,-67
118000302,45,122,-77
118000311,78,157,-79
118000312,98,223,-125
118000313,27,235,-208
118000314,37,108,-71
118000315,23,57,-34
118000316,388,632,-244
118000325,18,89,-71
118000326,12,73,-61
118000331,16,89,-73
118000332,7,73,-66
118000333,7,114,-107
118000335,32,0,32
118000336,4,627,-623
118000407,37,88,-51
118000457,2,57,-55
118000465,3840,2354,1486
118000480,2,247,-245
118000489,22,112,-90
118000490,71,597,-526
118000492,98,245,-147
118000510,75,24,51
118000514,127,451,-324
118000515,377,260,117
118000517,427,259,168
118000524,710,153,557
118000525,999,1106,-107
118000530,44,134,-90
118000531,66,231,-165
118000532,131,468,-337
118000533,193,159,34
118000534,303,538,-235
118000535,63,96,-33
118000536,719,250,469
118000537,10,46,-36
118000538,36,125,-89
118000539,10,95,-85
118000540,219,375,-156
118000541,118,120,-2
118000542,71,173,-102
118000543,129,248,-119
118000546,13,27,-14
118000560,4301,573,3728
118000562,11,498,-487
118000563,2309,1630,679
118000576,54,320,-266
118000577,148,143,5
118000578,85,103,-18
118000579,783,1018,-235
118000595,68,70,-2
118000596,0,73,-73
118000597,42,186,-144
118000598,2,0,2
118000599,18,42,-24
118000600,0,37,-37
118000601,3,0,3
118000602,0,32,-32
118000603,0,18,-18
118900001,1730,534,1196
118900002,1323,541,782
118900003,92,9,83
118900004,21,100,-79
118900005,44,3,41
118900006,22,0,22
118900007,9,3,6
118900008,876,50,826
118900009,5,17,-12
118900010,5,4,1
118900011,79,27,52
118900012,232,240,-8
118900013,681,37,644
118900015,113,45,68
118900016,2,23,-21
118900017,72,105,-33
118900018,1515,14,1501
118900019,32,5,27
118900020,98,88,10
118900021,74,392,-318
118900022,60,114,-54
118900023,27,112,-85
118900024,20,226,-206
118900025,25,26,-1
118900026,55,95,-40
118900027,321,233,88
118900028,55,170,-115
118900029,51,523,-472
118900030,46,78,-32
118900031,42,165,-123
118900032,75,259,-184
118900033,239,764,-525
118900034,37,7,30
118900035,93,396,-303
118900036,424,686,-262
118900037,200,360,-160
118900038,182,463,-281
118900039,158,309,-151
118900040,105,186,-81
118900041,124,212,-88
118900042,72,113,-41
118900045,152,126,26
118900046,709,105,604
118900047,874,172,702
118900048,44,129,-85
118900049,37,40,-3
118900050,1,201,-200
118900051,23,54,-31
118900052,177,286,-109
118900053,22,81,-59
118900054,43,63,-20
118900055,17,153,-136
118900056,17,88,-71
118900057,149,273,-124
118900058,162,463,-301
118900059,8,57,-49
118900060,27,164,-137
118900062,47,217,-170
118900064,688,291,397
118900065,26,114,-88
118900066,37,98,-61
118900067,9599,2542,7057
118900068,5,80,-75
118900069,155,281,-126
118900071,14,42,-28
118900072,194,427,-233
118900073,36,97,-61
118900074,24,121,-97
118900075,4,84,-80
118900076,68,51,17
118900077,99,195,-96
118900078,3,5,-2
118900079,48,162,-114
118900080,4,66,-62
118900081,19,24,-5
118900082,216,169,47
118900083,3,19,-16
118900084,4,11,-7
118900085,394,883,-489
118900086,4,26,-22
118900087,16,101,-85
118900088,0,21,-21
118900089,7,20,-13
118900090,299,511,-212
118900091,178,81,97
118900092,68,131,-63
118900093,64,4,60
118900096,25,5,20
118900097,129,1085,-956
118900099,41,314,-273
118900100,112,191,-79
118900101,18,1026,-1008
118900102,13,80,-67
118900103,47,55,-8
118900104,42,238,-196
118900105,218,123,95
118900107,212,134,78
118900108,72,144,-72
118900109,594,65,529
118900110,2230,267,1963
118900111,199,698,-499
118900112,21,100,-79
118900113,23,925,-902
118900114,15,130,-115
118900115,93,368,-275
118900116,45,230,-185
118900117,33,266,-233
118900118,126,619,-493
118900119,89,382,-293
118900120,93,370,-277
118900121,4,359,-355
118900122,11,351,-340
118900123,90,272,-182
118900124,46,227,-181
118900126,9,255,-246
118900129,86,153,-67
118900130,29,38,-9
118900131,39,362,-323
118900132,184,162,22
118900133,13,51,-38
118900135,112,341,-229
118900136,185,1004,-819
118900137,3,19,-16
118900139,64,669,-605
118900140,331,1292,-961
118900141,43,398,-355
118900144,82,925,-843
118900145,51,240,-189
118900146,213,976,-763
118900147,44,69,-25
118900148,25,77,-52
118900150,86,197,-111
118900152,204,1197,-993
118900157,86,99,-13
118900158,20,118,-98
118900159,4,246,-242
118900161,48,1,47
118900163,227,110,117
118900164,4,124,-120
118900165,20,625,-605
118900166,24,1,23
118900167,27,249,-222
118900168,1,55,-54
118900169,49,694,-645
118900170,50,137,-87
118900171,5,25,-20
118900174,16,94,-78
118900175,90,350,-260
118900176,27,164,-137
118900177,10,43,-33
118900178,14,195,-181
118900179,0,62,-62
118900181,46,124,-78
118900182,140,44,96
118900183,8,53,-45
118900184,131,63,68
118900185,17,157,-140
118900186,37,135,-98
118900187,79,262,-183
118900188,177,305,-128
118900189,11,340,-329
118900190,29,822,-793
118900191,32,36,-4
118900192,64,47,17
118900193,85,12,73
118900195,339,1102,-763
118900196,12,160,-148
118900197,35,121,-86
118900198,9,73,-64
118900199,15,56,-41
118900200,9,7,2
118900201,1,5,-4
118900202,6,60,-54
118900203,2,53,-51
118900204,2,48,-46
118900205,5,16,-11
118900206,0,35,-35
119000001,725,973,-248
119000002,3843,2536,1307
119000003,1553,1977,-424
119000004,1712,1295,417
119000005,1149,1612,-463
119000006,1152,1562,-410
119000007,2450,2867,-417
119000008,1495,2828,-1333
119000009,5495,2288,3207
119000010,14764,4644,10120
119000011,8322,1740,6582
119000012,8610,3072,5538
119000013,2961,1287,1674
119000014,2934,4196,-1262
119000019,168,236,-68
119000020,870,1657,-787
119000021,2310,2171,139
119000022,4690,1448,3242
119000023,276,187,89
119000024,3059,5672,-2613
119000025,17929,1507,16422
119000026,347,215,132
119000027,1133,407,726
119000028,2052,1537,515
119000029,194,275,-81
119000030,406,1465,-1059
119000031,562,785,-223
119000032,3028,2736,292
119000033,2007,2061,-54
119000034,914,1359,-445
119000035,29,531,-502
119000036,599,1497,-898
119000037,692,3441,-2749
119000038,86,1628,-1542
119000039,100,454,-354
119000040,1325,516,809
119000041,1123,1038,85
119000048,4684,5114,-430
119000049,1114,4839,-3725
119000050,1570,3014,-1444
119000051,1564,1117,447
119000052,2322,3597,-1275
119000053,1745,1316,429
119000054,2273,5032,-2759
119000055,1748,4286,-2538
119000056,1374,2445,-1071
119000057,1302,3382,-2080
119000058,1568,3047,-1479
119000059,894,2028,-1134
119000060,897,919,-22
119000061,846,1112,-266
119000062,1105,1928,-823
119000063,163,302,-139
119000064,1320,1925,-605
119000065,1871,4256,-2385
119000066,1744,1142,602
119000067,1720,3704,-1984
119000068,1027,1235,-208
119000069,1042,3379,-2337
119000070,1310,1440,-130
119000071,584,1284,-700
119000072,8206,4843,3363
119000073,7243,6175,1068
119000074,579,4972,-4393
119000075,585,3070,-2485
119000076,778,1101,-323
119000077,1159,842,317
119000078,322,381,-59
119000079,115,919,-804
119000080,106,391,-285
119000081,370,565,-195
119000082,578,384,194
119000083,188,465,-277
119000084,170,752,-582
119000085,701,415,286
119000086,224,537,-313
119000087,1505,1280,225
119000088,224,308,-84
119000089,45,171,-126
119000090,180,176,4
119000091,158,329,-171
119000092,716,277,439
119000093,4629,4693,-64
119000094,1662,5220,-3558
119000095,978,3950,-2972
119000097,4729,1998,2731
119000098,577,1301,-724
119000099,2114,2170,-56
119000100,1859,2149,-290
119000101,4461,3145,1316
119000102,814,600,214
119000103,1905,588,1317
119000104,4088,2013,2075
119000105,576,735,-159
119000106,138,2925,-2787
119000107,288,446,-158
119000108,133,1855,-1722
119000109,136,469,-333
119000110,854,761,93
119000111,106,574,-468
119000112,260,240,20
119000113,4345,345,4000
119000114,832,459,373
119000115,153,96,57
119000116,144,70,74
119000117,103,340,-237
119000118,0,1,-1
119000123,2193,564,1629
119000124,202,269,-67
119000125,1165,1536,-371
119000126,130,1319,-1189
119000127,178,1497,-1319
119000128,107,9,98
119000131,383,1485,-1102
119000132,5,11,-6
119000133,0,7,-7
119000134,4406,588,3818
119000135,30,312,-282
119000136,47,433,-386
119000137,85,878,-793
119000138,110,740,-630
119000139,129,466,-337
119000140,107,266,-159
119000284,1679,2960,-1281
119000285,3037,2680,357
119000286,7167,5786,1381
119000287,1937,2959,-1022
119000288,1294,2608,-1314
119000289,2527,5672,-3145
119000290,182,649,-467
119000291,3,460,-457
119000293,34,169,-135
119000294,43,33,10
119000295,2625,765,1860
119000296,120,210,-90
119000302,5355,1656,3699
119000303,28,123,-95
119000314,1508,5652,-4144
119000315,0,1057,-1057
119000316,22,153,-131
119000317,21,749,-728
119900001,114,604,-490
119900002,24,321,-297
119900003,33,1870,-1837
119900004,325,243,82
119900005,56,204,-148
119900006,88,351,-263
119900007,410,32,378
119900008,184,37,147
119900009,357,669,-312
119900010,2632,1602,1030
119900011,49,26,23
119900012,17,44,-27
119900013,1349,721,628
119900014,1169,311,858
119900015,56,16,40
119900016,14,129,-115
119900017,21,52,-31
119900018,1256,171,1085
119900019,5,5,0
119900020,60,276,-216
119900021,69,90,-21
119900022,81,229,-148
119900023,931,318,613
119900025,70,28,42
119900026,1241,79,1162
119900027,16,78,-62
119900028,58,39,19
119900029,2,5,-3
119900030,597,457,140
119900031,22,153,-131
119900033,3620,133,3487
119900034,80,168,-88
119900037,25,29,-4
119900038,27,106,-79
119900039,38,7,31
119900040,59,7,52
119900041,25,65,-40
119900042,59,162,-103
119900043,24,235,-211
119900044,126,277,-151
119900046,34,123,-89
119900047,89,46,43
119900048,7,62,-55
119900049,28,6,22
119900050,71,34,37
119900051,255,11,244
119900052,9,100,-91
119900053,57,232,-175
119900054,19,1,18
119900055,483,233,250
119900057,32,110,-78
119900058,50,1,49
119900059,157,47,110
119900060,60,6,54
119900061,25,16,9
119900062,14,52,-38
119900063,15,38,-23
119900064,170,43,127
119900065,63,3,60
119900066,0,0,0
119900067,47,46,1
119900068,135,2,133
119900069,23,5,18
119900070,238,54,184
119900071,122,3,119
119900072,90,774,-684
119900073,2382,610,1772
119900074,19,24,-5
119900075,7301,1804,5497
119900076,172,592,-420
119900077,187,2151,-1964
119900078,163,1019,-856
119900079,58,506,-448
119900080,172,383,-211
119900081,4,125,-121
119900082,328,466,-138
119900083,317,128,189
119900084,398,156,242
119900085,170,61,109
119900086,72,839,-767
119900087,202,165,37
119900088,14,81,-67
119900089,11,785,-774
119900090,251,99,152
119900091,17,1689,-1672
119900092,7,628,-621
119900093,668,133,535
119900094,12,251,-239
119900095,208,96,112
119900096,47,96,-49
119900097,386,209,177
119900098,22,60,-38
119900099,26,432,-406
119900100,3828,1748,2080
119900101,224,936,-712
119900102,13,529,-516
119900103,21,720,-699
119900104,38,343,-305
119900105,912,2224,-1312
119900106,15,352,-337
119900107,355,4487,-4132
119900108,2210,939,1271
119900109,12,341,-329
119900110,376,874,-498
119900111,54,500,-446
119900112,3642,497,3145
119900113,69,829,-760
119900114,133,2664,-2531
119900115,38,1831,-1793
119900116,205,241,-36
119900117,123,1557,-1434
119900118,15,1687,-1672
119900119,67,477,-410
119900120,756,1043,-287
119900121,109,2129,-2020
119900122,183,562,-379
119900123,216,298,-82
119900124,33,1491,-1458
119900125,38,617,-579
119900126,8514,318,8196
119900127,3201,1158,2043
119900128,210,1505,-1295
119900129,72,1411,-1339
119900130,30,390,-360
119900131,18,528,-510
119900132,2,594,-592
119900133,22,38,-16
119900134,2928,365,2563
119900135,2,831,-829
119900136,182,915,-733
119900138,502,925,-423
119900139,34,94,-60
119900140,3,198,-195
119900141,152,383,-231
119900142,26,36,-10
119900143,9,225,-216
119900144,3360,300,3060
119900145,58,412,-354
119900146,216,138,78
119900147,0,120,-120
119900148,43,41,2
119900149,2652,3353,-701
119900150,144,312,-168
119900151,1890,1088,802
119900152,64,717,-653
119900153,79,50,29
119900154,1,383,-382
119900155,20,21,-1
119900156,12,1,11
119900157,30,414,-384
119900158,45,84,-39
119900159,5,2418,-2413
119900160,9,413,-404
119900161,124,411,-287
119900162,575,547,28
119900163,140,108,32
119900164,0,1,-1
119900165,41,464,-423
119900166,57,42,15
119900167,45,219,-174
119900168,315,538,-223
119900169,184,141,43
119900170,157,162,-5
119900171,673,764,-91
119900172,112,21,91
119900173,1,805,-804
119900174,3,457,-454
119900175,543,778,-235
119900177,28,298,-270
119900178,6,323,-317
119900179,31,168,-137
119900180,463,653,-190
119900181,19,31,-12
119900182,8,912,-904
119900183,86,1438,-1352
119900184,4306,631,3675
119900185,15,57,-42
119900186,39,238,-199
119900187,8,973,-965
119900188,28,430,-402
119900189,399,145,254
119900190,58,139,-81
119900191,135,103,32
119900192,22,313,-291
119900193,61,226,-165
119900194,5,23,-18
119900195,20,432,-412
119900196,3020,595,2425
119900197,91,103,-12
119900198,124,738,-614
119900199,213,13,200
119900200,232,678,-446
119900201,574,332,242
119900202,343,69,274
119900203,81,276,-195
119900204,109,441,-332
119900205,151,854,-703
119900206,27,190,-163
119900208,81,171,-90
119900209,252,485,-233
119900210,10,43,-33
119900211,84,24,60
119900212,65,445,-380
119900213,5,63,-58
119900214,12,154,-142
119900215,19,161,-142
119900216,16,197,-181
119900217,3,104,-101
119900218,23,95,-72
119900219,6,191,-185
119900220,3,194,-191
119900221,22,676,-654
119900222,17,561,-544
119900223,19,208,-189
119900224,33,62,-29
119900225,2146,52,2094
119900226,1608,1133,475
119900227,2047,481,1566
119900228,294,537,-243
119900229,252,518,-266
119900230,1640,770,870
119900231,46,248,-202
119900232,129,45,84
119900233,7,0,7
119900234,15,56,-41
119900235,5,28,-23
119900236,18,331,-313
119900237,42,883,-841
119900238,2,129,-127
119900240,38,218,-180
119900241,94,373,-279
119900242,2511,823,1688
119900244,1006,2338,-1332
119900245,52,140,-88
119900246,193,237,-44
119900247,17,35,-18
119900248,38,42,-4
119900249,120,34,86
119900253,5804,370,5434
119900254,25,146,-121
119900255,75,699,-624
119900256,164,2256,-2092
119900257,14,1,13
119900258,28,36,-8
119900259,2,322,-320
119900260,47,7,40
119900261,111,324,-213
119900262,2,480,-478
119900263,993,519,474
119900264,18,419,-401
119900265,142,742,-600
119900266,93,457,-364
119900267,56,625,-569
119900268,92,446,-354
119900269,216,2571,-2355
119900271,32,118,-86
119900272,64,34,30
119900275,30,5,25
119900276,7,0,7
119900277,3,2,1
119900278,269,50,219
119900279,76,169,-93
119900280,1297,222,1075
119900281,0,39,-39
119900282,43,14,29
119900283,12,481,-469
119900284,35,350,-315
119900285,10,35,-25
119900286,3,16,-13
119900288,3,53,-50
119900289,0,53,-53
119900290,3,35,-32
119900291,1,35,-34
119900292,11,6,5
119900293,6,37,-31
119900294,6,75,-69
119900295,3,26,-23
119900296,15,262,-247
119900297,0,21,-21
119900298,6,10,-4
119900299,35,427,-392
119900300,193,367,-174
119900301,78,23,55
119900302,44,43,1
119900303,192,355,-163
119900304,57,29,28
119900305,22,105,-83
119900306,15,2,13
119900307,17,201,-184
119900308,1,13,-12
119900309,3,32,-29
119900310,257,438,-181
119900311,14,233,-219
119900312,28,106,-78
119900313,149,480,-331
119900314,43,275,-232
119900315,364,3994,-3630
119900318,5,12,-7
119900319,18,607,-589
119900320,164,933,-769
119900321,27,0,27
120000001,8961,6952,2009
120000002,2815,4466,-1651
120000003,4286,2871,1415
120000004,3475,3532,-57
120000005,6520,2767,3753
120000006,1421,1579,-158
120000007,3837,2615,1222
120000008,1303,1789,-486
120000009,6858,1213,5645
120000010,1159,4658,-3499
120000011,816,3010,-2194
120000012,1684,4207,-2523
120000013,1777,3699,-1922
120000014,518,2270,-1752
120000015,2073,2153,-80
120000016,2334,2236,98
120000017,1784,1602,182
120000018,6504,6103,401
120000019,758,1039,-281
120000020,2604,2176,428
120000021,2397,1661,736
120000022,3716,3447,269
120000023,614,1865,-1251
120000024,1534,2663,-1129
120000025,1808,2760,-952
120000026,831,2426,-1595
120000027,1022,1865,-843
120000028,846,490,356
120000029,7499,713,6786
120000030,1243,1097,146
120000031,2375,8992,-6617
120000032,14571,4536,10035
120000033,2127,2281,-154
120000034,948,3322,-2374
120000035,1198,3407,-2209
120000036,2294,4621,-2327
120000037,462,889,-427
120000038,15870,3884,11986
120000039,511,1355,-844
120000040,278,142,136
120000041,588,3156,-2568
120000042,2004,7849,-5845
120000043,5220,4351,869
120000044,2434,1545,889
120000045,2427,1203,1224
120000046,1177,2130,-953
120000047,2733,3130,-397
120000048,11172,3544,7628
120000049,2190,3523,-1333
120000050,2462,5664,-3202
120000051,4714,4745,-31
120000052,21156,3007,18149
120000053,843,6193,-5350
120000054,1817,9216,-7399
120000055,895,5933,-5038
120000056,4427,7328,-2901
120000057,1807,1552,255
120000058,392,224,168
120000059,162,1594,-1432
120000061,66,836,-770
120000062,221,350,-129
120000063,2752,4867,-2115
120000064,289,2500,-2211
120000065,789,2500,-1711
120000066,92,759,-667
120000067,65,975,-910
120000068,97,1755,-1658
120000069,495,2431,-1936
120000070,30,1504,-1474
120000071,121,225,-104
120000072,177,582,-405
120000073,152,133,19
120000074,115,152,-37
120000075,183,248,-65
120000076,835,295,540
120000077,963,440,523
120000078,5576,624,4952
120000079,60,137,-77
120000080,46,111,-65
120000081,267,126,141
120000082,92,166,-74
120000083,43,200,-157
120000084,496,775,-279
120000085,514,464,50
120000086,179,919,-740
120000087,93,1649,-1556
120000088,669,1696,-1027
120000089,647,603,44
120000090,301,531,-230
120000091,455,945,-490
120000092,751,560,191
120000093,164,516,-352
120000094,95,392,-297
120000095,732,1112,-380
120000096,198,1822,-1624
120000098,608,1607,-999
120000099,152,1061,-909
120000100,587,1316,-729
120000101,309,772,-463
120000102,281,400,-119
120000103,613,379,234
120000104,780,266,514
120000105,904,240,664
120000106,1121,299,822
120000107,1083,407,676
120000108,268,106,162
120000109,386,102,284
120000110,67,1193,-1126
120000111,92,2091,-1999
120000112,546,6147,-5601
120000113,514,4402,-3888
120000114,329,3349,-3020
120000115,290,2764,-2474
120000116,574,2785,-2211
120000117,1461,2105,-644
120000118,23,13,10
120000119,15,22,-7
120000120,21,25,-4
120000121,25,42,-17
120000122,181,170,11
120000123,9457,2172,7285
120000124,206,622,-416
120000125,244,846,-602
120000126,201,596,-395
120000127,1127,526,601
120000128,2624,1945,679
120000129,314,260,54
120000130,512,753,-241
120000131,157,502,-345
120000134,344,2108,-1764
120000135,93,480,-387
120000137,77,3350,-3273
120000138,183,814,-631
120000139,86,1601,-1515
120000140,212,991,-779
120000141,141,820,-679
120000142,179,959,-780
120000143,2,165,-163
120000144,16,3,13
120000145,81,1,80
120000146,2055,599,1456
120000149,403,1361,-958
120000150,7323,11270,-3947
120000151,480,416,64
120000152,234,403,-169
120000153,177,1306,-1129
120000154,450,440,10
120000155,93,120,-27
120000156,2060,351,1709
120000157,867,839,28
120000158,493,1351,-858
120000159,1997,2876,-879
120000160,2097,1335,762
120000161,842,3282,-2440
120000162,69,213,-144
120000163,167,2119,-1952
120000164,252,673,-421
120000165,149,1376,-1227
120000166,412,890,-478
120000167,16,38,-22
120000168,12,99,-87
120000169,129,281,-152
120000170,200,140,60
120000171,31,42,-11
120000172,17,26,-9
120000173,4430,173,4257
120000174,421,5,416
120000175,601,13,588
120000176,211,87,124
120000177,2392,565,1827
120000178,212,5,207
120000179,719,10,709
120000180,1158,46,1112
120000181,301,108,193
120000182,97,108,-11
120000183,20,229,-209
120000184,184,2475,-2291
120000186,48,51,-3
120000187,81,48,33
120000188,283,54,229
120000190,1785,9,1776
120000191,2820,16,2804
120000192,3527,15,3512
120000193,1707,5,1702
120000195,237,4,233
120000196,548,63,485
120000197,143,275,-132
120000198,62,286,-224
120000199,25,1,24
120000200,30,1,29
120000201,6,8,-2
120000202,0,129,-129
120000203,37,611,-574
120000207,3,236,-233
120000208,13,499,-486
120000209,3,180,-177
120000210,239,96,143
120000211,45,4,41
120000212,14,2,12
120000213,46,512,-466
120000214,0,645,-645
120000215,3,255,-252
120000216,26,6,20
120000217,1240,2023,-783
120000218,304,2122,-1818
120000219,11,1496,-1485
120000220,17,4743,-4726
120000225,420,1,419
120000226,182,0,182
120000227,688,14,674
120000228,12383,2086,10297
120000230,56,3,53
120000231,395,3676,-3281
120000233,66,15,51
120000235,80,994,-914
120000236,431,2,429
120000237,5,3849,-3844
120000238,0,147,-147
120000241,1045,2420,-1375
120000412,2437,29,2408
120000413,94,642,-548
120000414,17,8,9
120000415,3,289,-286
120000416,45,9,36
120000417,8,133,-125
120000418,28,16,12
120000419,6,709,-703
120000420,34,37,-3
120000421,21570,7550,14020
120000422,365,361,4
120000423,11,61,-50
120000424,42,238,-196
120000436,60,265,-205
120000437,196,215,-19
120000438,7198,500,6698
120000439,103,221,-118
120000443,90,0,90
120000444,344,744,-400
120000445,1225,1212,13
120000446,1190,319,871
120000447,95,2,93
120000449,13,9,4
120000450,2,540,-538
120000451,55,257,-202
120000452,109,4,105
120000453,1,693,-692
120000454,41,20,21
120000455,29,68,-39
120000456,4475,2541,1934
120000457,2152,1384,768
120000458,504,931,-427
120000459,64,72,-8
120000665,1998,207,1791
120000668,91,108,-17
120000669,49,574,-525
120000670,378,498,-120
120000671,315,205,110
120000672,66,521,-455
120900001,46,18,28
120900002,135,267,-132
120900003,151,33,118
120900004,4,31,-27
120900005,5,2366,-2361
120900006,69,221,-152
120900007,66,265,-199
120900008,85,1550,-1465
120900009,83,25,58
120900010,128,33,95
120900011,362,70,292
120900012,1379,516,863
120900013,92,17,75
120900014,4,1195,-1191
120900015,523,114,409
120900016,141,65,76
120900017,4730,157,4573
120900018,40,636,-596
120900019,256,51,205
120900020,469,400,69
120900021,223,36,187
120900022,17,585,-568
120900023,47,42,5
120900024,1502,459,1043
120900025,2666,777,1889
120900026,52,222,-170
120900027,623,167,456
120900028,83,28,55
120900029,47,166,-119
120900030,458,477,-19
120900031,48,18,30
120900032,289,200,89
120900033,318,21,297
120900034,17,1586,-1569
120900035,28,401,-373
120900037,48,11,37
120900038,31,69,-38
120900039,22,19,3
120900040,52,4,48
120900041,118,31,87
120900042,70,82,-12
120900043,9,9,0
120900044,8,698,-690
120900045,129,328,-199
120900046,91,1,90
120900047,45,20,25
120900048,31,8,23
120900049,96,1,95
120900050,5341,689,4652
120900051,117,153,-36
120900052,127,2,125
120900053,114,127,-13
120900054,1321,1118,203
120900055,60,2,58
120900056,116,2,114
120900057,58,25,33
120900058,150,2,148
120900059,7,5,2
120900060,25,43,-18
120900061,223,419,-196
120900062,58,0,58
120900063,115,2,113
120900064,112,1,111
120900065,73,6,67
120900066,56,521,-465
120900067,91,32,59
120900068,51,0,51
120900069,66,152,-86
120900071,16,5,11
120900072,182,1,181
120900073,113,426,-313
120900074,147,1,146
120900076,47,1,46
120900077,5817,344,5473
120900078,316,891,-575
120900079,219,173,46
120900080,117,3651,-3534
120900081,240,1526,-1286
120900082,672,346,326
120900083,24,3,21
120900084,102,137,-35
120900085,104,66,38
120900086,215,155,60
120900087,145,58,87
120900088,151,148,3
120900089,6969,910,6059
120900090,36,280,-244
120900091,350,233,117
120900092,469,1075,-606
120900093,6786,394,6392
120900094,572,358,214
120900095,112,38,74
120900096,37,144,-107
120900097,624,1865,-1241
120900098,299,259,40
120900099,48,145,-97
120900100,60,542,-482
120900101,322,468,-146
120900102,13,218,-205
120900103,12,216,-204
120900104,10,90,-80
120900105,17,1404,-1387
120900106,1507,872,635
120900107,480,349,131
120900108,8,1568,-1560
120900109,19,1151,-1132
120900110,6,1027,-1021
120900111,145,476,-331
120900112,4,2191,-2187
120900113,10,1539,-1529
120900114,25,383,-358
120900115,94,98,-4
120900116,63,1001,-938
120900117,4,845,-841
120900118,9,1353,-1344
120900119,5885,5408,477
120900120,29,1084,-1055
120900121,97,566,-469
120900122,64,1107,-1043
120900123,1,880,-879
120900124,7,1034,-1027
120900125,7,1458,-1451
120900126,1170,945,225
120900127,6,912,-906
120900128,911,1108,-197
120900129,44,671,-627
120900130,5,615,-610
120900131,12,66,-54
120900132,241,617,-376
120900133,218,1874,-1656
120900134,213,730,-517
120900135,7,1134,-1127
120900136,48,37,11
120900137,42,191,-149
120900138,12,392,-380
120900139,7,1363,-1356
120900140,0,64,-64
120900141,51,148,-97
120900142,17,1407,-1390
120900143,5,1728,-1723
120900144,2,465,-463
120900145,347,1341,-994
120900146,4,1738,-1734
120900147,2,326,-324
120900148,70,112,-42
120900149,0,670,-670
120900150,39,859,-820
120900151,3,1025,-1022
120900152,0,87,-87
120900153,2,108,-106
120900154,1,370,-369
120900155,60,1687,-1627
120900156,2,440,-438
120900157,41,267,-226
120900158,11,879,-868
120900159,25,405,-380
120900160,11,488,-477
120900161,19,1979,-1960
120900162,10,1921,-1911
120900163,8,193,-185
120900164,0,3,-3
120900165,0,0,0
120900166,24,100,-76
120900167,120,84,36
120900169,19,886,-867
120900170,3790,1085,2705
120900171,1561,478,1083
120900172,3202,126,3076
120900173,2,107,-105
120900174,7,172,-165
120900175,460,340,120
120900176,8,169,-161
120900177,0,317,-317
120900178,0,229,-229
120900179,588,417,171
120900180,106,61,45
120900181,29,129,-100
120900182,22,659,-637
120900183,489,92,397
120900184,181,77,104
120900185,3,595,-592
120900186,0,805,-805
120900187,164,662,-498
120900188,52,23,29
120900189,109,229,-120
120900190,15,17,-2
120900191,0,40,-40
120900192,20535,1730,18805
120900194,28,98,-70
120900195,80,469,-389
120900196,508,55,453
120900197,350,42,308
120900198,234,903,-669
120900199,233,1644,-1411
120900200,133,63,70
120900201,940,218,722
120900202,3,305,-302
120900203,10,68,-58
120900204,316,543,-227
120900205,54,136,-82
120900206,5,14,-9
121000001,1362,1440,-78
121000002,1942,1019,923
121000003,5661,2463,3198
121000004,3145,2424,721
121000005,2589,3202,-613
121000006,2975,1347,1628
121000007,3893,3543,350
121000008,4955,2909,2046
121000009,14238,6070,8168
121000010,15590,3633,11957
121000011,18237,10628,7609
121000012,24448,6722,17726
121000013,6975,6847,128
121000014,8579,6522,2057
121000015,4979,6347,-1368
121000016,5356,3855,1501
121000017,1835,4643,-2808
121000018,2292,2352,-60
121000019,22271,8470,13801
121000020,13837,7522,6315
121000021,3163,4292,-1129
121000022,1880,1594,286
121000023,7538,4543,2995
121000024,4195,3421,774
121000025,1189,749,440
121000026,261,93,168
121000027,2099,1274,825
121000028,865,533,332
121000029,781,990,-209
121000030,358,483,-125
121000031,614,773,-159
121000032,219,115,104
121000034,201,134,67
121000035,136,73,63
121000036,670,893,-223
121000037,365,696,-331
121000038,614,596,18
121000039,362,458,-96
121000041,282,645,-363
121000042,257,272,-15
121000043,1294,686,608
121000044,2470,676,1794
121000045,396,500,-104
121000046,291,942,-651
121000047,6,140,-134
121000049,2387,957,1430
121000050,294,1101,-807
121000051,402,648,-246
121000052,217,666,-449
121000053,342,67,275
121000054,30,225,-195
121000055,3071,1141,1930
121000056,1115,1119,-4
121000057,163,411,-248
121000058,552,153,399
121000059,2431,1214,1217
121000060,519,901,-382
121000061,46,127,-81
121000062,118,200,-82
121000063,592,493,99
121000064,247,331,-84
121000065,479,543,-64
121000066,385,382,3
121000067,1113,318,795
121000068,432,438,-6
121000069,1329,248,1081
121000070,1833,1962,-129
121000071,959,833,126
121000072,2062,1013,1049
121000073,1082,739,343
121000074,216,129,87
121000075,161,30,131
121000076,2122,363,1759
121000077,150,61,89
121000078,126,112,14
121000080,3554,769,2785
121000081,3048,1778,1270
121000082,149,317,-168
121000083,293,122,171
121000084,227,107,120
121000085,566,755,-189
121000086,191,1045,-854
121000087,87,252,-165
121000088,411,833,-422
121000089,709,313,396
121000090,449,405,44
121000091,2750,692,2058
121000092,137,123,14
121000093,101,244,-143
121000094,616,441,175
121000095,250,613,-363
121000096,3124,2195,929
121000097,2209,1475,734
121000098,261,1835,-1574
121000099,247,1189,-942
121000100,237,989,-752
121000101,101,323,-222
121000102,91,713,-622
121000103,71,376,-305
121000104,62,297,-235
121000105,193,452,-259
121000106,147,434,-287
121000107,2278,4868,-2590
121000109,1952,1117,835
121000110,275,384,-109
121000114,2615,2616,-1
121000115,828,739,89
121000116,545,711,-166
121000117,1465,325,1140
121000118,1337,397,940
121000119,227,571,-344
121000120,218,692,-474
121000121,499,1127,-628
121000123,1852,683,1169
121000126,113,376,-263
121000127,295,136,159
121000128,333,906,-573
121000129,381,683,-302
121000130,389,1488,-1099
121000131,2466,1008,1458
121000132,1135,1173,-38
121000135,790,512,278
121000136,1417,748,669
121000137,510,156,354
121000138,887,479,408
121000139,550,90,460
121000141,200,160,40
121000142,1345,636,709
121000143,242,11,231
121000144,1208,982,226
121000145,364,1698,-1334
121000146,710,911,-201
121000147,527,588,-61
121000148,718,1334,-616
121000149,1507,1126,381
121000152,484,804,-320
121000153,2251,806,1445
121000154,730,704,26
121000155,1001,1062,-61
121000156,399,1013,-614
121000157,2215,2262,-47
121000158,431,702,-271
121000159,149,851,-702
121000160,373,1043,-670
121000161,76,543,-467
121000162,26,425,-399
121000165,2444,1786,658
121000166,38,412,-374
121000168,169,278,-109
121000169,28,239,-211
121000170,136,84,52
121000171,17,222,-205
121000172,476,465,11
121000173,1503,697,806
121000174,138,430,-292
121000175,469,580,-111
121000176,278,229,49
121000177,990,772,218
121000178,53,70,-17
121000179,105,106,-1
121000181,357,417,-60
121000182,60,143,-83
121000183,31,82,-51
121000184,39,63,-24
121000185,14,164,-150
121000186,161,312,-151
121000187,132,444,-312
121000188,46,487,-441
121000192,553,440,113
121000193,506,475,31
121000194,3203,2580,623
121000195,414,1088,-674
121000196,574,213,361
121000197,289,1042,-753
121000198,127,63,64
121000199,70,664,-594
121000200,182,83,99
121000201,4,314,-310
121000202,56,5,51
121000203,447,3615,-3168
121000204,924,635,289
121000205,161,449,-288
121000206,150,30,120
121000207,669,544,125
121000208,5,533,-528
121000209,111,623,-512
121000210,164,678,-514
121000211,75,140,-65
121000212,291,1031,-740
121000213,11974,2811,9163
121000214,800,1137,-337
121000215,1790,903,887
121000216,565,372,193
121000217,3516,2122,1394
121000218,543,2306,-1763
121000219,1181,381,800
121000220,360,72,288
121000221,150,200,-50
121000222,2749,2816,-67
121000223,567,262,305
121000224,298,176,122
121000225,982,847,135
121000226,1461,602,859
121000227,9,263,-254
121000228,20,1197,-1177
121000229,84,755,-671
121000230,92,2442,-2350
121000231,158,14,144
121000232,483,169,314
121000233,333,276,57
121000234,8,34,-26
121000235,24,13,11
121000236,2,56,-54
121000237,10,4,6
121000238,2,120,-118
121000239,8,2,6
121000240,1,176,-175
121000241,20,7,13
121000242,12,165,-153
121000243,70,27,43
121000244,0,109,-109
121000245,13,5,8
121000246,0,104,-104
121000247,14,2,12
121000248,284,474,-190
121000249,56,302,-246
121000250,137,106,31
121000251,32,729,-697
121000252,22,40,-18
121000253,118,664,-546
121000254,250,297,-47
121000255,169,121,48
121000256,252,177,75
121000257,37,73,-36
121000258,24,67,-43
121000259,14,41,-27
121000260,36,189,-153
121000261,25,64,-39
121000262,1713,471,1242
121000263,402,531,-129
121000271,249,1931,-1682
121000273,42,10,32
121000274,0,46,-46
121000275,4,23,-19
121000276,1,14,-13
121000278,10,69,-59
121000279,41,16,25
121000280,20,49,-29
121000289,86,41,45
121000290,1079,868,211
121000294,35,253,-218
121000297,866,654,212
121000299,123,214,-91
121000300,1042,661,381
121000302,229,597,-368
121000303,659,419,240
121000304,335,48,287
121000305,81,58,23
121000306,35,146,-111
121000308,147,487,-340
121000309,460,800,-340
121000310,59,550,-491
121000311,80,1027,-947
121000312,360,193,167
121000313,703,625,78
121000314,145,103,42
121000315,53,73,-20
121000530,688,1690,-1002
121000531,1325,1877,-552
121000532,5316,4381,935
121000533,2178,2453,-275
121000918,17,303,-286
121000919,11,39,-28
121000938,862,302,560
121000939,1366,140,1226
121000956,391,1739,-1348
121000957,5,7,-2
121000958,64,54,10
121000959,256,1673,-1417
121000960,684,3190,-2506
121000961,136,25,111
121000962,296,687,-391
121000973,1,284,-283
121000976,11,160,-149
121000979,180,60,120
121000981,179,41,138
121000982,173,291,-118
121000983,157,607,-450
121000984,15,39,-24
121000985,180,884,-704
121000986,29,601,-572
121000987,209,2435,-2226
121000988,317,135,182
121001302,386,99,287
121001308,2,10,-8
121001309,56,56,0
121001313,80,482,-402
121001314,5176,4665,511
121001315,4908,1582,3326
121900001,75,204,-129
121900002,47,29,18
121900003,257,7,250
121900004,67,455,-388
121900005,4,2,2
121900006,31,3,28
121900007,2142,2022,120
121900008,2938,82,2856
121900009,434,12,422
121900010,203,4,199
121900011,444,607,-163
121900012,2,0,2
121900013,591,16,575
121900014,1108,424,684
121900015,60,195,-135
121900016,6,30,-24
121900017,282,552,-270
121900018,195,0,195
121900019,135,398,-263
121900020,34,0,34
121900021,457,17,440
121900022,215,137,78
121900023,47,375,-328
121900024,396,44,352
121900025,400,240,160
121900026,277,33,244
121900027,265,109,156
121900028,130,14,116
121900029,72,132,-60
121900030,331,437,-106
121900031,927,2308,-1381
121900032,117,92,25
121900033,148,139,9
121900034,108,71,37
121900035,2767,1460,1307
121900036,44,318,-274
121900037,131,745,-614
121900038,10,120,-110
121900039,280,16,264
121900040,14,65,-51
121900041,31,128,-97
121900042,171,98,73
121900043,1,3,-2
121900044,353,20,333
121900046,239,176,63
121900047,91,39,52
121900048,12,166,-154
121900050,9,31,-22
121900051,57,187,-130
121900052,42,67,-25
121900053,223,166,57
121900054,631,913,-282
121900055,2,24,-22
121900058,48,281,-233
121900059,206,84,122
121900060,62,307,-245
121900061,111,146,-35
121900062,104,33,71
121900063,359,247,112
121900064,97,969,-872
121900066,17,36,-19
121900067,0,6,-6
121900069,255,169,86
121900070,139,98,41
121900071,48,195,-147
121900072,28,161,-133
121900073,128,179,-51
121900074,481,283,198
121900075,320,196,124
121900076,192,775,-583
121900077,1,42,-41
121900078,29,75,-46
121900079,0,0,0
121900080,515,560,-45
121900082,15,104,-89
121900084,5,302,-297
121900085,0,20,-20
121900086,3,54,-51
121900087,296,77,219
121900088,3207,1945,1262
121900089,40,495,-455
121900090,16,144,-128
121900091,9,96,-87
121900092,66,112,-46
121900093,43,72,-29
121900094,6,3,3
121900095,73,82,-9
121900096,1744,395,1349
121900097,154,165,-11
121900098,0,3,-3
121900099,70,98,-28
121900100,67,143,-76
121900101,90,131,-41
121900102,7,127,-120
121900103,516,207,309
121900104,943,186,757
121900105,37,73,-36
121900106,0,0,0
121900107,20,62,-42
121900108,0,0,0
121900109,228,106,122
121900110,131,1644,-1513
121900111,740,86,654
121900112,70,93,-23
121900113,39,163,-124
121900114,1,0,1
121900115,74,279,-205
121900117,164,31,133
121900118,2868,286,2582
121900119,129,177,-48
121900120,41,1345,-1304
121900121,409,53,356
121900122,14,25,-11
121900123,367,353,14
121900124,78,191,-113
121900125,943,973,-30
121900127,22,108,-86
121900128,30,191,-161
121900129,1415,59,1356
121900130,66,237,-171
121900131,119,97,22
121900132,15,210,-195
121900133,27,40,-13
121900134,3,132,-129
121900135,2773,308,2465
121900136,108,614,-506
121900137,53,255,-202
121900138,132,251,-119
121900139,361,368,-7
121900140,22,126,-104
121900141,26,36,-10
121900142,33,99,-66
121900143,2,176,-174
121900144,294,358,-64
121900145,97,138,-41
121900146,405,880,-475
121900147,33,292,-259
121900148,83,269,-186
121900149,296,825,-529
121900150,69,232,-163
121900151,40,188,-148
121900152,55,189,-134
121900153,57,511,-454
121900154,9,148,-139
121900155,1,61,-60
121900156,143,108,35
121900157,4,488,-484
121900158,93,77,16
121900159,3,206,-203
121900160,11,273,-262
121900161,497,275,222
121900162,74,135,-61
121900163,52,1022,-970
121900164,238,221,17
121900165,105,206,-101
121900166,54,227,-173
121900167,66,64,2
121900168,201,119,82
121900169,8,436,-428
121900170,12,220,-208
121900171,390,602,-212
121900172,181,307,-126
121900173,782,155,627
121900174,7,56,-49
121900175,41,150,-109
121900176,428,2193,-1765
121900177,131,70,61
121900178,4,17,-13
121900179,254,123,131
121900180,7859,2491,5368
121900182,235,308,-73
121900183,390,303,87
121900184,34,701,-667
121900186,1,430,-429
121900187,22,115,-93
121900188,707,309,398
121900189,31,129,-98
121900190,187,473,-286
121900191,30,54,-24
121900192,656,495,161
121900193,2,49,-47
121900194,2,186,-184
121900195,113,127,-14
121900196,625,1091,-466
121900197,498,2420,-1922
121900198,1096,811,285
121900199,1,24,-23
121900200,67,138,-71
121900201,939,552,387
121900202,119,358,-239
121900203,274,593,-319
121900204,1106,701,405
121900205,8,64,-56
121900206,4,8,-4
121900207,272,25,247
121900208,84,256,-172
121900209,44,34,10
121900210,611,913,-302
121900211,110,350,-240
121900212,195,141,54
121900213,24,103,-79
121900214,4,361,-357
121900215,13,63,-50
121900216,27,57,-30
121900217,274,96,178
121900218,180,359,-179
121900219,204,45,159
121900220,88,13,75
121900221,240,537,-297
121900222,40,186,-146
121900223,79,72,7
121900224,24,84,-60
121900225,58,50,8
121900226,196,2436,-2240
121900227,112,401,-289
121900228,178,269,-91
121900229,122,292,-170
121900230,43,72,-29
121900231,658,228,430
121900232,300,348,-48
121900233,296,293,3
121900234,154,411,-257
121900235,210,285,-75
121900236,248,129,119
121900237,185,215,-30
121900238,115,187,-72
121900239,86,50,36
121900240,117,133,-16
121900241,13,108,-95
121900242,0,0,0
121900243,0,0,0
121900244,0,0,0
121900245,156,139,17
121900246,1186,452,734
121900247,263,337,-74
121900248,1153,627,526
121900250,174,230,-56
121900251,261,21,240
121900252,921,117,804
121900253,97,833,-736
121900254,502,280,222
121900255,103,56,47
121900258,2265,1294,971
121900259,345,389,-44
121900260,33,219,-186
121900261,69,445,-376
121900262,245,647,-402
121900263,79,294,-215
121900264,2872,1278,1594
121900265,95,488,-393
121900266,136,227,-91
121900267,12,20,-8
121900269,92,206,-114
121900270,4,161,-157
121900271,20,200,-180
121900273,394,898,-504
121900274,52,239,-187
121900276,168,91,77
121900277,240,1942,-1702
121900278,39,954,-915
121900279,76,318,-242
121900280,129,376,-247
121900281,936,53,883
121900284,62,2,60
121900286,56,237,-181
121900287,10,13,-3
121900290,289,274,15
121900291,335,547,-212
121900292,91,82,9
121900293,975,3543,-2568
121900294,225,1,224
121900295,57,356,-299
121900296,94,29,65
121900298,196,314,-118
121900299,0,0,0
121900300,6,0,6
121900301,31,1,30
121900302,1,62,-61
121900303,144,512,-368
121900304,2,0,2
121900305,1,1,0
121900306,10,1,9
121900307,4,44,-40
121900308,7,480,-473
121900309,7,398,-391
121900310,13,702,-689
121900311,79,14,65
121900312,71,2,69
121900313,101,21,80
121900314,1,62,-61
121900315,1,0,1
121900316,0,10,-10
121900317,0,0,0
121900318,0,19,-19
121900319,8,8,0
121900320,75,100,-25
121900321,2,3,-1
121900322,2,42,-40
121900323,11,11,0
121900324,0,21,-21
121900325,0,1,-1
121900326,0,33,-33
121900327,2,68,-66
121900328,2,27,-25
121900329,3,242,-239
121900330,0,22,-22
121900331,131,15,116
121900332,36,13,23
121900333,0,0,0
122000001,2551,2897,-346
122000002,5686,1427,4259
122000003,2531,1522,1009
122000004,3264,1067,2197
122000005,2834,807,2027
122000006,1992,372,1620
122000007,1067,764,303
122000008,6739,3005,3734
122000009,740,180,560
122000010,2370,2523,-153
122000011,4055,811,3244
122000012,1179,868,311
122000013,1767,1034,733
122000014,1420,1450,-30
122000015,1175,1024,151
122000016,329,906,-577
122000017,1146,1014,132
122000018,1229,1301,-72
122000019,608,1699,-1091
122000020,178,197,-19
122000021,771,316,455
122000022,1162,1637,-475
122000023,419,3173,-2754
122000024,1086,821,265
122000025,1524,1040,484
122000026,2182,703,1479
122000027,582,3849,-3267
122000028,730,348,382
122000029,354,241,113
122000030,323,66,257
122000031,128,174,-46
122000032,1074,2291,-1217
122000033,732,498,234
122000034,573,547,26
122000035,355,636,-281
122000036,384,640,-256
122000037,379,286,93
122000038,257,362,-105
122000039,522,513,9
122000040,405,231,174
122000041,309,557,-248
122000042,226,418,-192
122000043,101,97,4
122000044,130,128,2
122000045,943,520,423
122000046,483,902,-419
122000047,214,154,60
122000048,3476,3092,384
122000049,5253,2611,2642
122000050,1402,554,848
122000051,286,219,67
122000052,424,157,267
122000053,109,425,-316
122000054,2025,1872,153
122000055,1883,2161,-278
122000056,4281,2829,1452
122000057,3426,2226,1200
122000058,3878,1034,2844
122000059,3059,1237,1822
122000060,1182,491,691
122000061,713,185,528
122000062,1295,256,1039
122000063,755,357,398
122000064,3281,2952,329
122000065,5664,3144,2520
122000066,1145,1170,-25
122000067,1250,1298,-48
122000068,828,1405,-577
122000069,530,882,-352
122000070,502,3128,-2626
122000071,857,1655,-798
122000072,323,326,-3
122000073,265,346,-81
122000074,1340,1350,-10
122000075,357,1014,-657
122000076,1224,962,262
122000077,1226,521,705
122000078,2926,1548,1378
122000079,1071,663,408
122000080,696,310,386
122000081,155,169,-14
122000082,1460,795,665
122000083,1143,3543,-2400
122000084,947,788,159
122000085,216,2523,-2307
122000086,2322,3158,-836
122000087,387,139,248
122000088,384,192,192
122000089,6797,3597,3200
122000090,310,418,-108
122000091,258,90,168
122000092,117,19,98
122000093,1180,1117,63
122000094,8792,1590,7202
122000095,3918,1318,2600
122000096,2668,892,1776
122000098,3343,1408,1935
122000099,1868,671,1197
122000100,1516,713,803
122000101,170,1249,-1079
122000102,1698,1334,364
122000103,1209,1662,-453
122000104,221,189,32
122000105,266,267,-1
122000106,709,410,299
122000107,734,531,203
122000108,342,1168,-826
122000109,175,287,-112
122000110,281,607,-326
122000111,3307,1348,1959
122000112,550,1564,-1014
122000113,408,824,-416
122000114,2853,1450,1403
122000115,1948,1125,823
122000116,579,730,-151
122000117,1112,502,610
122000118,433,908,-475
122000119,3154,1827,1327
122000120,5587,3130,2457
122000121,7784,2547,5237
122000122,1099,1680,-581
122000123,5411,1426,3985
122000124,2525,581,1944
122000125,542,814,-272
122000126,1495,893,602
122000127,3768,1157,2611
122000128,1088,1460,-372
122000129,287,395,-108
122000130,3491,346,3145
122000131,3218,462,2756
122000132,1466,594,872
122000133,1394,2925,-1531
122000134,410,534,-124
122000135,768,1350,-582
122000136,342,184,158
122000137,873,659,214
122000139,1554,3141,-1587
122000140,1261,550,711
122000141,7655,1024,6631
122000142,547,689,-142
122000143,917,174,743
122000144,3266,995,2271
122000145,2196,730,1466
122000146,960,1080,-120
122000147,1021,400,621
122000148,2673,1313,1360
122000149,2554,1296,1258
122000150,1754,1056,698
122000151,365,380,-15
122000152,773,408,365
122000153,668,332,336
122000154,523,218,305
122000155,2547,2008,539
122000156,2839,2089,750
122000157,2054,1435,619
122000158,397,625,-228
122000159,2566,2145,421
122000160,10359,683,9676
122000161,1672,775,897
122000162,2305,1601,704
122000163,402,68,334
122000164,60,68,-8
122000165,869,725,144
122000166,756,717,39
122000167,200,215,-15
122000168,261,495,-234
122000169,380,165,215
122000170,267,244,23
122000171,49,72,-23
122000172,1369,1470,-101
122000173,1597,1920,-323
122000174,1585,743,842
122000175,1086,411,675
122000176,263,617,-354
122000177,1476,1333,143
122000178,2824,1744,1080
122000179,2486,2272,214
122000180,2057,972,1085
122000181,3040,2302,738
122000182,3971,744,3227
122000183,1906,926,980
122000184,5529,1829,3700
122000185,1408,1281,127
122000186,618,785,-167
122000187,1208,2251,-1043
122000188,872,240,632
122000189,293,293,0
122000190,949,1207,-258
122000191,1081,455,626
122000192,834,348,486
122000193,332,710,-378
122000194,513,174,339
122000195,81,463,-382
122000196,848,654,194
122000197,609,636,-27
122000198,440,1129,-689
122000199,350,347,3
122000200,1150,420,730
122000201,1198,1639,-441
122000202,1024,1151,-127
122000203,3690,1557,2133
122000204,1895,1930,-35
122000205,1362,1030,332
122000206,2299,1129,1170
122000207,1166,1824,-658
122000208,1560,2062,-502
122000209,1820,334,1486
122000210,1260,2440,-1180
122000211,986,1662,-676
122000212,507,572,-65
122000213,948,1246,-298
122000214,1705,2442,-737
122000215,1689,1378,311
122000217,2024,1566,458
122000218,481,37,444
122000219,1821,1347,474
122000220,289,965,-676
122000221,113,457,-344
122000222,560,83,477
122000223,794,614,180
122000225,569,459,110
122000226,1020,2312,-1292
122000227,253,1789,-1536
122000228,381,548,-167
122000229,26,460,-434
122000230,73,1483,-1410
122000231,300,961,-661
122000232,608,1108,-500
122000233,0,176,-176
122000234,70,248,-178
122000235,289,285,4
122000236,319,314,5
122000237,57,55,2
122000238,61,148,-87
122000239,436,138,298
122000240,777,345,432
122000241,258,278,-20
122000242,518,67,451
122000243,10,40,-30
122000244,15,390,-375
122000245,14,203,-189
122000246,3,61,-58
122000247,938,742,196
122000248,1351,3201,-1850
122000249,356,580,-224
122000250,1373,392,981
122000251,324,322,2
122000252,762,82,680
122000253,18,493,-475
122000254,125,88,37
122000255,620,2871,-2251
122000256,427,2010,-1583
122000257,166,623,-457
122000258,88,246,-158
122000259,27,1003,-976
122000260,12,168,-156
122000261,6,213,-207
122000262,2,74,-72
122000263,58,168,-110
122000264,351,680,-329
122000265,1563,930,633
122000266,3603,539,3064
122000267,74,188,-114
122000268,82,633,-551
122000269,465,391,74
122000270,427,148,279
122000271,285,1325,-1040
122000272,327,1552,-1225
122000273,227,637,-410
122000274,70,250,-180
122000275,21,172,-151
122000276,212,714,-502
122000277,623,1495,-872
122000278,492,1262,-770
122000279,125,1119,-994
122000280,699,1441,-742
122000281,458,1108,-650
122000282,105,289,-184
122000283,302,81,221
122000284,91,114,-23
122000285,221,157,64
122000286,101,261,-160
122000287,681,1293,-612
122000288,174,225,-51
122000291,541,347,194
122000293,440,606,-166
122000294,84,115,-31
122000295,980,146,834
122000296,57,590,-533
122000297,3963,1842,2121
122000299,289,486,-197
122000300,300,462,-162
122000301,19450,2492,16958
122000302,1169,514,655
122000303,5461,1296,4165
122000304,17,222,-205
122000305,675,320,355
122000306,30,1065,-1035
122000307,161,152,9
122000309,26,81,-55
122000310,7,10,-3
122000311,28,40,-12
122000312,47,32,15
122000313,9,39,-30
122000314,73,235,-162
122000315,81,15,66
122000316,181,231,-50
122000317,515,206,309
122000318,123,278,-155
122000319,270,708,-438
122000320,426,3188,-2762
122000321,51,352,-301
122000322,2717,1546,1171
122000323,1824,1076,748
122000324,1281,1109,172
122000325,965,920,45
122000326,17,206,-189
122000327,134,429,-295
122000328,2165,1584,581
122000330,2542,690,1852
122000332,214,423,-209
122000333,7,209,-202
122000337,508,4125,-3617
122000338,190,958,-768
122000340,278,252,26
122000342,2944,1614,1330
122000343,363,1378,-1015
122000344,26,35,-9
122000345,22,86,-64
122000346,561,799,-238
122000348,454,851,-397
122000349,268,912,-644
122000351,44,241,-197
122000352,408,51,357
122000353,18,218,-200
122000355,110,154,-44
122000356,1574,995,579
122000357,18,20,-2
122000358,0,130,-130
122000359,0,92,-92
122000360,0,110,-110
122000362,11,130,-119
122000364,66,660,-594
122000365,2,37,-35
122000366,14,9,5
122000368,357,1099,-742
122000370,15,141,-126
122000371,2,0,2
122000372,0,0,0
122000381,23,358,-335
122000382,67,385,-318
122000384,4021,1980,2041
122000385,11,1,10
122000386,293,797,-504
122000387,379,655,-276
122000388,1502,394,1108
122000389,200,941,-741
122000390,368,221,147
122000391,240,66,174
122000392,209,430,-221
122000393,19,267,-248
122000394,215,447,-232
122000395,137,233,-96
122000396,168,121,47
122000397,42,148,-106
122000398,10,43,-33
122000399,41,94,-53
122000400,135,337,-202
122000401,107,115,-8
122000402,85,66,19
122000403,311,1725,-1414
122000404,70,364,-294
122000408,729,1269,-540
122000503,14,63,-49
122000524,219,134,85
122000544,24,1304,-1280
122000616,1184,2,1182
122000640,22,267,-245
122000641,42,666,-624
122000642,854,1766,-912
122000643,10,103,-93
122000644,228,36,192
122000645,82,160,-78
122000651,1581,631,950
122000664,138,44,94
122000665,1011,611,400
122000666,559,1482,-923
122000673,18,523,-505
122000674,89,68,21
122000675,1054,1649,-595
122000686,253,1996,-1743
122000687,346,425,-79
122000688,161,1215,-1054
122000689,243,892,-649
122000690,361,1004,-643
122000691,271,3428,-3157
122000692,621,489,132
122000693,486,3037,-2551
122000695,97,703,-606
122000696,119,438,-319
122000698,120,1641,-1521
122000699,153,132,21
122000701,756,383,373
122000702,406,2739,-2333
122000703,141,37,104
122000717,208,67,141
122000718,458,268,190
122000719,28,56,-28
122000720,74,281,-207
122900001,15,3,12
122900002,1114,1318,-204
122900003,162,38,124
122900004,540,11,529
122900005,50,58,-8
122900006,581,311,270
122900007,128,16,112
122900008,553,69,484
122900009,946,285,661
122900010,93,126,-33
122900012,392,389,3
122900013,0,0,0
122900014,120,374,-254
122900015,2354,249,2105
122900016,20,525,-505
122900017,776,1024,-248
122900018,136,9,127
122900019,12,147,-135
122900020,425,562,-137
122900021,85,580,-495
122900022,283,1191,-908
122900023,143,420,-277
122900024,140,87,53
122900025,7,217,-210
122900026,207,583,-376
122900027,53,686,-633
122900028,100,217,-117
122900029,5468,1250,4218
122900030,1794,427,1367
122900031,88,146,-58
122900032,159,280,-121
122900033,144,190,-46
122900034,4619,3334,1285
122900035,1,10,-9
122900036,16,55,-39
122900037,247,200,47
122900038,173,1508,-1335
122900039,166,366,-200
122900040,117,433,-316
122900041,161,256,-95
122900042,84,332,-248
122900043,241,206,35
122900044,94,346,-252
122900045,42,114,-72
122900046,107,73,34
122900047,161,136,25
122900048,33,148,-115
122900049,1955,125,1830
122900051,79,108,-29
122900052,23,86,-63
122900053,21,15,6
122900055,223,123,100
122900057,179,11,168
122900061,488,83,405
122900062,240,435,-195
122900063,70,654,-584
122900064,830,801,29
122900065,184,143,41
122900066,264,244,20
122900067,2385,1051,1334
122900068,254,545,-291
122900069,281,866,-585
122900070,121,42,79
122900071,60,615,-555
122900072,24,801,-777
122900073,63,326,-263
122900074,149,1116,-967
122900075,0,63,-63
122900076,5,198,-193
122900077,1,301,-300
122900078,29,235,-206
122900080,36,26,10
122900081,133,124,9
122900082,426,239,187
122900083,137,97,40
122900084,4,248,-244
122900086,2,26,-24
122900087,82,839,-757
122900088,51,61,-10
122900089,5,168,-163
122900090,9,807,-798
122900091,66,0,66
122900092,3,408,-405
122900093,1,595,-594
122900094,7,371,-364
122900095,74,0,74
122900096,38,443,-405
122900097,19,8,11
122900098,139,142,-3
122900099,3,4,-1
122900100,223,144,79
122900101,960,176,784
122900102,6,13,-7
122900103,10,2,8
122900104,29,3,26
122900105,5,5,0
122900106,6,116,-110
122900107,3,257,-254
122900108,3,255,-252
123000001,2337,498,1839
123000002,7258,2258,5000
123000003,4617,2445,2172
123000004,5213,5315,-102
123000005,2356,2266,90
123000006,3832,3656,176
123000007,2489,2378,111
123000008,2719,4851,-2132
123000009,4544,3309,1235
123000010,5033,4704,329
123000011,3779,1178,2601
123000012,1395,3258,-1863
123000013,3471,1145,2326
123000014,1506,4637,-3131
123000015,4445,836,3609
123000016,8965,3338,5627
123000017,3410,1537,1873
123000018,29,81,-52
123000019,132,614,-482
123000020,72,178,-106
123000021,23,143,-120
123000022,369,618,-249
123000023,1416,1345,71
123000024,821,525,296
123000025,10,100,-90
123000026,2,53,-51
123000027,108,475,-367
123000028,372,257,115
123000029,577,474,103
123000030,86,1133,-1047
123000031,89,587,-498
123000032,131,409,-278
123000033,141,82,59
123000034,479,477,2
123000035,228,288,-60
123000036,159,502,-343
123000037,161,587,-426
123000038,84,234,-150
123000039,803,931,-128
123000040,1216,563,653
123000041,837,466,371
123000042,720,693,27
123000043,4607,3846,761
123000044,7945,2555,5390
123000045,14916,1682,13234
123000046,955,729,226
123000047,3549,1061,2488
123000048,93,258,-165
123000049,9196,4019,5177
123000050,787,1117,-330
123000051,90,147,-57
123000052,634,2017,-1383
123000053,2819,2304,515
123000054,1199,1204,-5
123000055,1666,1114,552
123000056,1225,2318,-1093
123000057,22568,5461,17107
123000058,513,644,-131
123000059,380,611,-231
123000060,828,513,315
123000061,182,828,-646
123000063,1024,644,380
123000064,864,245,619
123000065,11736,4329,7407
123000066,1295,1068,227
123000067,293,690,-397
123000068,3594,4514,-920
123000069,13006,5484,7522
123000070,395,934,-539
123000071,493,1463,-970
123000072,861,2337,-1476
123000073,553,998,-445
123000074,945,3031,-2086
123000075,341,676,-335
123000076,420,1683,-1263
123000077,1957,5024,-3067
123000078,788,2054,-1266
123000079,849,2582,-1733
123000080,1831,3696,-1865
123000081,253,890,-637
123000082,474,1512,-1038
123000083,797,130,667
123000084,261,902,-641
123000085,94,149,-55
123000086,148,603,-455
123000087,136,741,-605
123000088,1318,1946,-628
123000089,322,1550,-1228
123000090,1095,1547,-452
123000091,1784,1459,325
123000092,1345,1265,80
123000094,376,396,-20
123000095,310,676,-366
123000096,245,561,-316
123000097,237,1573,-1336
123000098,361,660,-299
123000099,396,1116,-720
123000100,438,547,-109
123000101,663,436,227
123000102,577,648,-71
123000104,320,265,55
123000105,644,613,31
123000106,640,291,349
123000107,477,590,-113
123000108,1345,1475,-130
123000111,427,248,179
123000112,515,718,-203
123000113,560,2566,-2006
123000114,424,370,54
123000115,166,327,-161
123000116,21,163,-142
123000117,1994,3205,-1211
123000118,428,1430,-1002
123000119,233,1504,-1271
123000120,409,1330,-921
123000121,303,714,-411
123000122,260,294,-34
123000123,485,614,-129
123000124,638,536,102
123000125,1040,677,363
123000126,2506,1732,774
123000127,2301,956,1345
123000128,373,518,-145
123000129,282,258,24
123000130,249,106,143
123000131,443,402,41
123000132,466,644,-178
123000133,702,432,270
123000134,927,187,740
123000135,1187,1880,-693
123000136,202,1906,-1704
123000137,88,576,-488
123000138,81,681,-600
123000139,388,146,242
123000140,264,1080,-816
123000141,1074,103,971
123000142,895,1334,-439
123000143,1122,3242,-2120
123000144,22,18,4
123000145,238,110,128
123000146,76,101,-25
123000147,32,114,-82
123000149,411,390,21
123000150,271,285,-14
123000151,312,464,-152
123000152,46,400,-354
123000153,157,430,-273
123000154,2353,1532,821
123000155,3137,1003,2134
123000156,44,92,-48
123000157,723,1152,-429
123000158,1054,593,461
123000159,3220,1802,1418
123000160,731,431,300
123000161,1339,662,677
123000162,785,1218,-433
123000163,141,51,90
123000164,577,199,378
123000165,316,2946,-2630
123000166,22,240,-218
123000167,64,365,-301
123000168,226,557,-331
123000169,358,100,258
123000170,20,457,-437
123000171,124,64,60
123000172,308,1011,-703
123000173,851,148,703
123000174,704,152,552
123000175,1425,2115,-690
123000176,1112,81,1031
123000177,502,1561,-1059
123000178,416,64,352
123000179,21,1273,-1252
123000180,874,237,637
123000181,363,2111,-1748
123000182,122,790,-668
123000183,144,129,15
123000184,84,1294,-1210
123000185,262,421,-159
123000186,7,949,-942
123000187,274,1,273
123000188,75,2,73
123000189,115,313,-198
123000190,15,91,-76
123000192,12,555,-543
123000193,38,955,-917
123000194,512,299,213
123000195,243,11,232
123000196,121,5,116
123000197,28,141,-113
123000198,6,287,-281
123000199,4,671,-667
123000200,201,7,194
123000201,421,11,410
123000202,28,1795,-1767
123000203,381,27,354
123000204,56,1781,-1725
123000205,356,3010,-2654
123000206,698,72,626
123000207,53,1307,-1254
123000208,162,48,114
123000209,855,191,664
123000210,482,2117,-1635
123000211,838,4381,-3543
123000212,1036,226,810
123000213,220,53,167
123000215,116,97,19
123000216,275,1041,-766
123000217,136,35,101
123000218,109,350,-241
123000219,1110,17,1093
123000220,381,72,309
123000221,150,193,-43
123000222,221,1039,-818
123000223,119,903,-784
123000224,466,842,-376
123000225,224,82,142
123000226,84,608,-524
123000227,81,495,-414
123000228,140,74,66
123000229,1371,2640,-1269
123000232,66,787,-721
123000233,428,121,307
123000234,163,1025,-862
123000235,204,316,-112
123000236,148,1450,-1302
123000237,204,41,163
123000238,39,1097,-1058
123000239,496,3233,-2737
123000240,40,243,-203
123000241,1148,117,1031
123000242,82,317,-235
123000243,349,1179,-830
123000244,866,510,356
123000245,51,157,-106
123000249,519,586,-67
123000252,569,149,420
123000253,356,306,50
123000254,486,1598,-1112
123000255,716,826,-110
123000256,21,305,-284
123000257,4482,3080,1402
123000258,1346,1917,-571
123000259,126,466,-340
123000260,222,915,-693
123000261,72,436,-364
123000262,57,334,-277
123000263,200,129,71
123000264,135,43,92
123000265,54,178,-124
123000266,430,809,-379
123000267,242,297,-55
123000268,16,77,-61
123000269,18,49,-31
123000270,9,21,-12
123000271,49,92,-43
123000272,964,191,773
123000273,197,406,-209
123000274,808,350,458
123000275,289,1541,-1252
123000278,4408,3005,1403
123000279,32,103,-71
123000280,235,482,-247
123000281,165,99,66
123000282,106,413,-307
123000283,58,34,24
123000284,53,158,-105
123000286,415,248,167
123000287,706,254,452
123000288,548,346,202
123000289,509,432,77
123000291,388,1029,-641
123000294,133,243,-110
123000295,635,940,-305
123000296,165,417,-252
123000297,161,1081,-920
123000298,176,882,-706
123000299,31,315,-284
123000300,504,695,-191
123000301,59,206,-147
123000302,64,254,-190
123000303,38,120,-82
123000305,957,973,-16
123000306,31,423,-392
123000309,31,80,-49
123000310,60,27,33
123000311,0,196,-196
123000312,784,1518,-734
123000313,141,267,-126
123000315,63,477,-414
123000316,1942,44,1898
123000317,184,47,137
123000318,14,438,-424
123000329,12,43,-31
123000337,81,321,-240
123000338,281,60,221
123000339,51,540,-489
123000340,179,590,-411
123000342,1,1,0
123000343,22,1,21
123000344,1151,551,600
123000345,460,846,-386
123000346,136,65,71
123000352,2989,1102,1887
123000353,18,140,-122
123000354,71,3,68
123000355,0,423,-423
123000356,65,1,64
123000357,1,368,-367
123000359,7,370,-363
123000360,90,12,78
123000361,636,325,311
123000362,164,164,0
123000363,80,396,-316
123000364,409,274,135
123000365,37,297,-260
123000366,256,1317,-1061
123000367,232,1650,-1418
123000370,20,447,-427
123000371,215,6,209
123000372,123,4,119
123000373,5,576,-571
123000374,9,239,-230
123000375,231,12,219
123000376,534,603,-69
123000377,218,21,197
123000378,6,790,-784
123000379,2,246,-244
123000380,39,206,-167
123000381,77,37,40
123000382,966,25,941
123000383,184,597,-413
123000384,428,85,343
123000385,417,554,-137
123000436,46,1095,-1049
123000507,157,370,-213
123000508,126,391,-265
123000517,328,30,298
123000518,58,335,-277
123000519,189,76,113
123000520,60,281,-221
123000521,375,88,287
123000522,223,742,-519
123000541,0,0,0
123000542,1,66,-65
123000565,141,18,123
123000566,41,1218,-1177
123000567,88,342,-254
123000573,41,1624,-1583
123000574,328,89,239
123000575,1191,1507,-316
123000576,544,2548,-2004
123000577,69,469,-400
123000578,684,162,522
123000579,7328,2660,4668
123000580,47,14,33
123000582,132,22,110
123000583,12,731,-719
123000584,129,285,-156
123000585,2,165,-163
123000586,21,4,17
123000596,92,142,-50
123000597,28,79,-51
123000602,8,0,8
123000603,200,938,-738
123000604,229,1849,-1620
123000605,617,103,514
123000606,0,229,-229
123000609,9,515,-506
123000610,116,131,-15
123000613,23,119,-96
123000614,253,36,217
123000615,57,208,-151
123000616,354,55,299
123000617,39,1160,-1121
123000618,59,1084,-1025
123000619,634,23,611
123000620,18,859,-841
123000622,281,23,258
123000624,129,54,75
123000630,382,485,-103
123000631,151,2707,-2556
123000632,1233,1417,-184
123000633,0,213,-213
123000634,64,31,33
123000635,284,128,156
123000636,25,1058,-1033
123000637,142,212,-70
123000638,380,132,248
123000639,998,2450,-1452
123000640,59,1597,-1538
123900001,1756,97,1659
123900002,12,878,-866
123900003,446,882,-436
123900005,116,116,0
123900006,83,33,50
124000001,1388,124,1264
124000002,125,1894,-1769
124000003,303,113,190
124000004,42,1047,-1005
124000005,498,223,275
124000006,256,2130,-1874
124000007,714,103,611
124000008,11,444,-433
124000009,143,418,-275
124000010,92,663,-571
124000011,382,403,-21
124000012,238,1278,-1040
124000017,40,160,-120
124000018,93,185,-92
124000019,66,134,-68
124000020,32,312,-280
124000021,32,86,-54
124000022,141,372,-231
124000023,1072,1216,-144
124000024,954,769,185
124000025,840,1225,-385
124000026,1370,1162,208
124000027,5664,2698,2966
124000028,3795,3842,-47
124000030,3810,1105,2705
124000031,614,691,-77
124000032,6946,1485,5461
124000033,128,107,21
124000034,2908,681,2227
124000035,18,45,-27
124000036,100,182,-82
124000037,498,235,263
124000038,113,23,90
124000039,1920,198,1722
124000040,894,392,502
124000041,377,84,293
124000042,120,375,-255
124000043,18,80,-62
124000044,24,434,-410
124000045,355,733,-378
124000046,144,915,-771
124000047,640,1239,-599
124000048,387,2600,-2213
124000049,613,829,-216
124000050,400,3357,-2957
124000051,338,602,-264
124000052,327,2087,-1760
124000053,361,880,-519
124000054,609,1039,-430
124000055,855,1151,-296
124000056,5206,1585,3621
124000057,467,421,46
124000058,316,1694,-1378
124000059,289,458,-169
124000060,927,1168,-241
124000061,1099,2013,-914
124000062,6947,1904,5043
124000063,1355,1863,-508
124000064,3072,2589,483
124000065,13,119,-106
124000066,133,56,77
124000067,36,294,-258
124000068,9,25,-16
124000069,48,14,34
124000070,13,202,-189
124000071,179,84,95
124000072,252,806,-554
124000073,506,78,428
124000074,138,1404,-1266
124000075,89,18,71
124000076,11,388,-377
124000077,2620,593,2027
124000078,3658,279,3379
124000079,1050,1042,8
124000080,347,113,234
124000081,161,1078,-917
124000082,8,157,-149
124000083,51,204,-153
124000084,10,134,-124
124000085,35,34,1
124000086,55,78,-23
124000087,82,47,35
124000088,331,298,33
124000089,298,460,-162
124000090,62,495,-433
124000091,143,131,12
124000092,37,770,-733
124000093,78,47,31
124000094,182,366,-184
124000095,39,114,-75
124000096,57,506,-449
124000097,45,96,-51
124000098,30,140,-110
124000099,98,133,-35
124000100,31,96,-65
124000101,16,122,-106
124000102,74,86,-12
124000103,25,77,-52
124000104,36,108,-72
124000105,26,41,-15
124000106,73,131,-58
124000107,11,101,-90
124000108,49,31,18
124000109,69,79,-10
124000110,103,116,-13
124000111,107,174,-67
124000112,408,951,-543
124000113,30,45,-15
124000114,124,777,-653
124000115,368,882,-514
124000116,67,99,-32
124000117,96,80,16
124000118,48,52,-4
124000119,1027,786,241
124000120,457,602,-145
124000121,1727,507,1220
124000122,576,1015,-439
124000123,856,380,476
124000124,576,1065,-489
124000125,441,378,63
124000126,459,653,-194
124000127,905,488,417
124000128,675,1364,-689
124000129,1874,1359,515
124000130,955,681,274
124000131,1008,606,402
124000132,910,871,39
124000133,512,900,-388
124000134,566,1082,-516
124000135,1687,1505,182
124000136,1179,1367,-188
124000137,1522,572,950
124000138,2189,1195,994
124000139,303,24,279
124000140,17,538,-521
124000141,69,4,65
124000142,10,113,-103
124000143,10,9,1
124000144,7,61,-54
124000145,99,37,62
124000146,38,208,-170
124000148,76,47,29
124000149,922,289,633
124000150,463,648,-185
124000151,515,204,311
124000152,654,1176,-522
124000153,499,392,107
124000154,593,1021,-428
124000155,891,612,279
124000156,1204,989,215
124000169,170,339,-169
124000170,793,514,279
124000171,182,268,-86
124000172,391,661,-270
124000173,202,392,-190
124000174,132,915,-783
124000175,11,273,-262
124000176,9,13,-4
124000177,34,90,-56
124000178,59,18,41
124000190,129,22,107
124000191,167,36,131
124000192,1587,343,1244
124000193,368,1508,-1140
124000194,320,788,-468
124000195,195,493,-298
124000196,746,1522,-776
124000197,54,82,-28
124000198,16,41,-25
124000201,224,1240,-1016
124000202,369,76,293
124000203,101,1489,-1388
124000204,250,707,-457
124000205,60,880,-820
124000206,131,464,-333
124000207,0,71,-71
124000209,191,944,-753
124000210,100,233,-133
124000211,193,0,193
124000212,3,852,-849
124000213,107,528,-421
124000214,105,1094,-989
124000215,48,4,44
124000216,3,852,-849
124000329,44,3385,-3341
124000338,28,1725,-1697
124000339,200,101,99
124000341,271,62,209
124000344,13,5,8
124000357,663,1152,-489
124000358,761,855,-94
124000359,869,471,398
124000360,412,342,70
124000361,880,651,229
124000362,1645,2184,-539
124000363,315,613,-298
124000364,578,1733,-1155
124000365,689,1361,-672
124000366,2173,1084,1089
124000367,125,882,-757
124000368,142,105,37
124000369,80,74,6
124000370,80,596,-516
124000402,6,12,-6
124000403,15,23,-8
124000404,10,135,-125
124000405,1282,626,656
124000406,1036,1011,25
124000407,1,34,-33
124000411,5,692,-687
124000412,54,13,41
124000413,119,22,97
124000414,28,151,-123
124000415,90,316,-226
124000416,69,481,-412
124000417,93,153,-60
124000418,35,185,-150
124000419,45,255,-210
124000420,10,98,-88
124000421,25,438,-413
124000422,26,12,14
124000423,121,50,71
124000424,0,136,-136
124000425,11,12,-1
124000426,2,44,-42
124000427,8,19,-11
124000428,9,42,-33
124000429,12,82,-70
124000430,398,889,-491
124000431,237,968,-731
124000432,128,1074,-946
124000439,3,8,-5
124000442,4,295,-291
124000443,0,8,-8
124000445,183,168,15
124000446,1900,31,1869
124900001,207,251,-44
124900002,119,676,-557
124900003,304,507,-203
124900004,153,356,-203
124900005,269,342,-73
124900006,220,345,-125
124900008,1271,444,827
124900009,56,118,-62
124900010,79,40,39
124900011,148,115,33
124900012,228,64,164
124900013,261,90,171
124900014,69,85,-16
124900015,117,179,-62
124900016,17,46,-29
124900017,788,180,608
124900018,4,0,4
124900020,47,69,-22
124900021,100,39,61
124900022,15,1,14
124900024,118,23,95
124900026,28,3,25
124900027,35,123,-88
124900028,1115,213,902
124900029,5,283,-278
124900030,6,270,-264
124900031,22,564,-542
124900032,271,160,111
124900033,94,697,-603
124900034,5,149,-144
124900035,107,614,-507
124900036,0,54,-54
124900037,124,482,-358
124900038,418,419,-1
124900039,0,26,-26
124900040,26,121,-95
124900041,165,1420,-1255
124900042,25,8,17
124900043,278,1347,-1069
124900044,26,4,22
124900045,891,624,267
124900046,2099,192,1907
124900047,99,183,-84
124900048,77,147,-70
124900050,89,260,-171
124900052,70,571,-501
124900053,27,516,-489
124900054,3713,348,3365
124900055,1,154,-153
124900057,4,93,-89
124900060,67,296,-229
124900061,25,3,22
124900062,42,8,34
124900066,0,24,-24
124900067,7,147,-140
124900068,239,234,5
124900070,109,21,88
124900072,33,9,24
124900074,106,380,-274
124900075,54,238,-184
124900076,30,320,-290
124900077,16,116,-100
124900078,50,6,44
124900079,606,21,585
124900080,101,895,-794
124900081,303,243,60
124900082,217,1041,-824
124900083,99,595,-496
124900084,3122,92,3030
124900085,1443,170,1273
124900086,49,382,-333
124900087,428,56,372
124900088,679,91,588
124900089,1526,57,1469
124900090,120,238,-118
124900091,185,860,-675
124900092,104,668,-564
124900093,109,219,-110
124900094,152,324,-172
124900095,45,334,-289
124900096,622,125,497
124900097,155,53,102
124900098,134,423,-289
124900099,857,313,544
124900100,224,68,156
124900101,35,555,-520
124900102,94,37,57
124900103,85,355,-270
124900104,29,221,-192
124900105,32,195,-163
124900106,202,26,176
124900107,71,23,48
124900108,152,12,140
124900109,18,109,-91
124900110,87,478,-391
124900111,2,50,-48
124900112,60,1072,-1012
124900113,146,129,17
124900114,259,61,198
124900115,115,58,57
124900116,59,135,-76
124900117,482,140,342
124900118,75,48,27
124900119,182,41,141
124900120,20,574,-554
124900121,101,98,3
124900122,463,216,247
124900123,369,34,335
124900124,136,116,20
129000186,57,21,36
204000001,14,4,10
204000002,7,10,-3
204000003,3,0,3
204000004,20,0,20
204000005,284,211,73
204000006,756,502,254
204000008,769,272,497
204000011,12,66,-54
204000012,11,98,-87
204000013,0,29,-29
204000019,344,587,-243
204000020,371,675,-304
204000021,2127,783,1344
204000022,392,743,-351
204000023,308,1528,-1220
204000031,32,31,1
204000032,470,89,381
204000034,23,524,-501
204000035,2,11,-9
204000036,12,30,-18
204000037,1,16,-15
204000038,0,10,-10
204000039,8,103,-95
204000040,2,77,-75
204000041,4,79,-75
204000042,12,21,-9
204000043,7,37,-30
204000044,6,8,-2
204000045,14,15,-1
204000046,2,4,-2
204000057,2,101,-99
204000062,4,33,-29
204000068,34,139,-105
204000069,3,108,-105
204000070,40,135,-95
204000080,7,78,-71
204000085,833,1959,-1126
204000086,2874,2362,512
204000087,34,21,13
204000088,10,98,-88
204000090,17,668,-651
204000093,216,26,190
204000096,369,567,-198
204000097,158,9,149
204000099,687,1044,-357
204000100,515,825,-310
204000105,1824,1597,227
204000110,794,1732,-938
204000111,255,911,-656
204000112,1021,1196,-175
204000113,598,1090,-492
204000114,929,513,416
204000115,323,302,21
204000116,2035,481,1554
204000119,1178,1216,-38
204000132,219,239,-20
204000133,343,227,116
204000134,469,150,319
204000135,254,111,143
204000136,169,232,-63
204000138,197,430,-233
204000140,89,112,-23
204000141,60,58,2
204000144,9,19,-10
204000145,620,25,595
204000146,46,520,-474
204000147,25,99,-74
204000148,569,29,540
204000154,0,2,-2
204000155,0,16,-16
204000177,45,54,-9
204000179,18,4,14
204000180,0,27,-27
204000222,3,21,-18
204000235,13,18,-5
204000236,82,423,-341
204000238,46,27,19
204000240,369,63,306
204000263,236,1154,-918
204000308,162,21,141
204000317,8,75,-67
204000322,3,42,-39
204000323,23,15,8
204000328,204,43,161
204000329,34,105,-71
204000330,140,16,124
204000331,22,189,-167
204010341,21,336,-315
205000001,1091,1501,-410
205000013,13,118,-105
205000014,17,191,-174
205000015,26,380,-354
205000016,15,289,-274
205000017,54,103,-49
205000022,287,592,-305
205000025,1647,996,651
205000029,126,5,121
205000045,28,205,-177
205000047,96,508,-412
205000048,94,1060,-966
205000049,95,725,-630
205000050,931,269,662
205000059,0,352,-352
205000060,0,59,-59
205000061,2,22,-20
205000062,1,29,-28
205000063,6,51,-45
205000064,18,168,-150
205000065,52,976,-924
205000066,83,882,-799
205000067,73,1312,-1239
205000069,177,27,150
205000082,147,124,23
205000110,41,199,-158
205000111,152,310,-158
205000112,101,145,-44
205000113,247,260,-13
205000121,149,36,113
205000123,67,303,-236
205000126,242,68,174
205000127,273,81,192
205000128,276,28,248
205000129,202,25,177
205000130,96,7,89
205000131,78,0,78
205000132,101,2,99
205000133,40,1,39
205000134,53,0,53
205000137,132,157,-25
205000138,474,313,161
205000139,39,76,-37
205000144,49,28,21
205000145,459,51,408
205000151,198,18,180
205000152,80,10,70
205000153,122,12,110
205000154,29,24,5
205000155,42,4,38
205000207,48,185,-137
205000233,4,0,4
205000234,0,0,0
205000243,0,1,-1
205000244,0,2,-2
205000245,16,512,-496
205000249,0,38,-38
205000250,1,1,0
205000251,61,440,-379
205000264,0,122,-122
206000027,10,4,6
206000028,9,5,4
206000043,24,215,-191
206000053,19,17,2
206000054,6,42,-36
206000055,8,89,-81
206000075,5,3,2
206000076,16,8,8
206000077,11,4,7
206000078,11,7,4
206000079,27,4,23
206000082,427,34,393
206000100,94,967,-873
206000103,5,46,-41
206000104,6,46,-40
206000105,3,34,-31
206000106,25,64,-39
206000108,706,25,681
206000125,39,0,39
206000157,175,1102,-927
206000170,1,407,-406
206000171,4,299,-295
206000172,11,1548,-1537
206000173,0,507,-507
206000174,2,250,-248
206000175,1,309,-308
206000176,35,666,-631
206000177,2,434,-432
206000178,1,285,-284
206000179,8,235,-227
206000180,31,408,-377
206000181,8,563,-555
206000182,41,543,-502
206000183,63,1993,-1930
206000184,9,705,-696
206000185,8,579,-571
206000186,227,2720,-2493
206000223,5,413,-408
206000226,27,7,20
206000227,13,2,11
206000237,45,811,-766
206000238,82,1090,-1008
206000239,837,3718,-2881
206000240,2,76,-74
206000241,1,208,-207
206000242,4,812,-808
206000243,2,692,-690
206000244,78,1639,-1561
206000245,343,62,281
206000246,44,7,37
206000247,58,9,49
206000248,120,19,101
206000252,107,17,90
206000258,26,48,-22
206000315,21,5,16
206000317,239,83,156
206000318,115,42,73
206000319,444,78,366
206000320,42,31,11
206000321,42,10,32
206000322,199,15,184
206000323,90,11,79
206000324,70,1,69
206000325,117,5,112
206000326,74,12,62
206000327,63,6,57
206000328,61,6,55
206000329,103,7,96
206000330,26,6,20
206000331,38,4,34
206000332,15,2,13
206000333,170,3,167
206000334,96,1,95
206000335,0,32,-32
206000361,4,382,-378
206000392,3,86,-83
206000405,85,0,85
206000441,7,6,1
206000498,16,5,11
206000515,166,26,140
206000530,60,48,12
206000531,99,85,14
206000532,1716,106,1610
206000535,483,3247,-2764
206000536,17,426,-409
206000537,9,245,-236
206000613,1278,149,1129
207000001,89,375,-286
207000002,56,338,-282
207000003,108,268,-160
207000007,361,325,36
207000008,48,14,34
207000009,46,31,15
207000010,495,815,-320
207000012,253,328,-75
207000015,406,2344,-1938
207000019,128,86,42
207000021,582,164,418
207000022,69,90,-21
207000023,114,62,52
207000024,2,5,-3
207000025,9,63,-54
207000026,105,72,33
207000027,14,106,-92
207000028,35,321,-286
207000029,264,455,-191
207000033,262,188,74
207000034,145,54,91
207000039,198,158,40
207000040,116,192,-76
207000041,192,81,111
207000042,154,122,32
207000043,126,230,-104
207000051,88,549,-461
207000052,97,285,-188
207000053,449,788,-339
207000054,52,131,-79
207000055,77,275,-198
207000056,230,484,-254
207000057,137,376,-239
207000058,53,542,-489
207000059,36,1077,-1041
207000060,33,310,-277
207000061,67,137,-70
207000062,92,37,55
207000063,113,187,-74
207000064,446,335,111
207000065,294,320,-26
207000066,79,227,-148
207000067,42,153,-111
207000068,71,77,-6
207000069,689,421,268
207000082,38,496,-458
207000083,104,533,-429
207000084,83,190,-107
207000085,113,4,109
207000086,47,5,42
207000106,2,44,-42
207000107,56,43,13
207000108,28,15,13
207000109,42,17,25
207000110,28,41,-13
207000111,63,53,10
207000112,83,175,-92
207000114,26,42,-16
207000115,10,142,-132
207000116,20,315,-295
207000117,5,179,-174
207000118,2,166,-164
207000119,12,229,-217
207000123,237,27,210
207000124,29,20,9
207000125,31,27,4
207000126,69,15,54
207000134,21,341,-320
207000135,31,404,-373
207000148,58,118,-60
207000149,116,62,54
207000152,160,441,-281
207000153,1399,1034,365
207000154,319,186,133
207000159,45,335,-290
207000160,61,806,-745
207000238,0,76,-76
207000242,3,242,-239
207000248,33,31,2
207000249,142,74,68
207000250,780,80,700
207000251,102,71,31
207000252,49,108,-59
207000278,25,94,-69
207000279,12,332,-320
207000280,144,67,77
207000281,72,1773,-1701
207000282,110,28,82
207000283,82,279,-197
207000284,48,48,0
207000285,141,31,110
207000291,7,241,-234
207000304,65,62,3
207000306,55,532,-477
207000310,32,90,-58
207000353,113,2,111
207000356,3,19,-16
207000357,4,9,-5
207000358,7,7,0
207000415,3,264,-261
207000417,14,2,12
207000418,0,27,-27
207000437,0,4,-4
207000439,1447,269,1178
207000446,66,4,62
207000460,3,13,-10
207000466,145,341,-196
207000467,70,101,-31
207000468,12,525,-513
207000476,7,110,-103
207000477,124,210,-86
207000523,0,15,-15
207000524,6,0,6
207000527,56,160,-104
207000530,84,5,79
207000531,105,6,99
207000532,48,7,41
207000534,728,29,699
207000535,68,250,-182
207000537,26,191,-165
207000540,10,228,-218
207000541,4,413,-409
207000548,6,394,-388
207000549,96,10,86
207000561,73,61,12
207000562,31,214,-183
207000567,145,330,-185
207000568,42,179,-137
207000569,92,1707,-1615
207000584,522,175,347
207000585,73,133,-60
207000616,1,258,-257
207000617,74,1,73
207900008,63,339,-276
208000001,301,472,-171
208000002,302,306,-4
208000003,508,380,128
208000004,600,571,29
208000005,4,12,-8
208000019,332,919,-587
208000020,57,451,-394
208000021,64,595,-531
208000022,499,789,-290
208000028,1370,1360,10
208000033,297,698,-401
208000034,941,1484,-543
208000040,85,181,-96
208000041,486,507,-21
208000042,533,563,-30
208000047,70,405,-335
208000064,2692,1085,1607
208000066,1258,537,721
208000070,139,428,-289
208000071,190,774,-584
208000072,182,1138,-956
208000080,86,261,-175
208000081,81,132,-51
208000082,138,345,-207
208000083,62,404,-342
208000084,3,20,-17
208000085,661,577,84
208000086,345,956,-611
208000087,197,691,-494
208000089,406,727,-321
208000090,275,1169,-894
208000093,27,131,-104
208000094,277,552,-275
208000095,480,392,88
208000104,527,785,-258
208000105,494,997,-503
208000114,37,107,-70
208000115,336,308,28
208000116,147,992,-845
208000117,11,143,-132
208000118,35,89,-54
208000155,424,839,-415
208000158,1603,2177,-574
208000186,2969,1163,1806
208000204,324,790,-466
208000205,628,1449,-821
208000282,3180,946,2234
209000004,73,198,-125
209000005,7,27,-20
209000006,199,98,101
209000007,217,164,53
209000010,513,158,355
209000011,71,206,-135
209000012,221,249,-28
209000013,126,852,-726
209000014,821,2317,-1496
209000025,84,28,56
209000026,378,78,300
209000027,323,1418,-1095
209000028,317,1546,-1229
209000029,423,1256,-833
209000030,309,2241,-1932
209000031,4976,3341,1635
209000034,109,158,-49
209000035,68,80,-12
209000036,63,89,-26
209000037,114,178,-64
209000038,50,110,-60
209000039,18,109,-91
209000040,291,523,-232
209000041,176,373,-197
209000042,312,399,-87
209000043,723,483,240
209000044,162,480,-318
209000045,694,303,391
209000046,166,324,-158
209000047,100,162,-62
209000048,187,221,-34
209000049,129,175,-46
209000050,167,238,-71
209000051,180,367,-187
209000052,85,357,-272
209000062,28,236,-208
209000063,19,183,-164
209000064,10,176,-166
209000065,22,44,-22
209000066,31,48,-17
209000067,32,63,-31
209000080,28,168,-140
209000082,52,44,8
209000091,29,85,-56
209000093,93,23,70
209000094,182,105,77
209000110,43,49,-6
209000111,415,787,-372
209000112,395,320,75
209000113,750,297,453
209000114,197,221,-24
209000115,60,174,-114
209000116,674,597,77
209000118,3,53,-50
209000119,10,11,-1
209000121,131,951,-820
209000135,46,43,3
209000142,805,571,234
209000143,41,85,-44
209000144,27,56,-29
209000229,85,153,-68
209000240,39,489,-450
209000259,83,121,-38
209000260,43,1175,-1132
209000261,3,737,-734
209000262,0,695,-695
209000263,0,161,-161
209000264,0,33,-33
209000265,165,1,164
209000266,30,0,30
209000267,169,3,166
209000268,290,11,279
210000037,78,21,57
210000047,40,35,5
210000048,32,56,-24
210000049,51,47,4
210000052,13,137,-124
210000053,13,87,-74
210000054,68,76,-8
210000070,45,1,44
210000071,18,1,17
210000072,6,0,6
210000073,0,42,-42
210000074,0,131,-131
210000075,0,75,-75
210000076,7,169,-162
210000077,25,41,-16
210000078,46,27,19
210000079,30,7,23
210000080,56,43,13
210000081,76,3,73
210000082,25,1,24
210000083,77,0,77
210000084,21,0,21
210000085,0,119,-119
210000086,3,203,-200
210000099,33,335,-302
210000100,40,303,-263
210000101,92,224,-132
210000105,62,177,-115
210000159,0,126,-126
210000163,194,177,17
210000164,331,73,258
210000168,136,21,115
210000187,0,7,-7
210000188,0,34,-34
210000214,12,0,12
210000219,9,45,-36
210000220,47,110,-63
210000232,0,32,-32
210000233,15,42,-27
210000234,29,155,-126
210000235,17,166,-149
210000245,0,22,-22
210000246,20,0,20
210000258,9,180,-171
210000259,143,23,120
210000282,42,285,-243
210000285,0,119,-119
210000286,15,207,-192
210000290,0,0,0
210000295,33,156,-123
210000296,25,43,-18
210000320,92,178,-86
210000321,24,108,-84
210000338,55,127,-72
210000339,957,646,311
210000340,137,224,-87
210000341,139,190,-51
210000342,107,168,-61
210000343,73,208,-135
210000344,139,107,32
210000345,170,93,77
210000346,48,64,-16
210000347,72,28,44
210000348,48,10,38
210000349,49,28,21
210000350,50,85,-35
210000351,72,109,-37
210000352,53,102,-49
210000353,22,149,-127
210000354,33,124,-91
210000355,28,121,-93
210000356,43,63,-20
210000357,59,18,41
210000358,487,124,363
210000359,57,52,5
210000360,113,104,9
210000361,64,130,-66
210000362,211,116,95
210000363,1017,108,909
210000364,114,80,34
210000365,87,38,49
210000366,69,40,29
210000367,43,22,21
210000368,90,14,76
210000369,14,14,0
210000370,28,49,-21
210000372,14,34,-20
210000373,13,4,9
210000374,55,14,41
210000375,23,112,-89
210000376,41,184,-143
210000404,105,133,-28
210000439,11,53,-42
210000472,77,10,67
210000482,103,45,58
210000564,831,104,727
210000567,0,0,0
210000568,666,5,661
211000092,7,81,-74
211000094,31,10,21
211000169,102,5,97
211000172,18,225,-207
211000209,0,18,-18
211000226,1,1,0
211000270,0,1,-1
211000275,7,63,-56
211000276,41,45,-4
211000279,0,112,-112
211000281,26,94,-68
211507980,2,21,-19
211977296,13,2,11
212000003,52,54,-2
212000004,21,16,5
212000005,4,17,-13
212000006,12,154,-142
212000008,73,306,-233
212000009,10,154,-144
212000012,40,119,-79
212000013,12,84,-72
212000014,184,226,-42
212000015,144,326,-182
212000016,341,657,-316
212000027,349,485,-136
212000028,153,383,-230
212000029,133,236,-103
212000030,25,42,-17
212000031,37,115,-78
212000048,27,87,-60
212000049,4,60,-56
212000050,29,5,24
212000051,127,283,-156
212000052,105,576,-471
212000053,318,875,-557
212000054,105,152,-47
212000055,125,245,-120
212000056,8,54,-46
212000057,3,37,-34
212000058,375,53,322
212000070,75,441,-366
212000077,71,931,-860
212000099,201,258,-57
212000108,86,154,-68
212000111,81,164,-83
212000120,70,185,-115
212000138,38,20,18
212000156,4,183,-179
212000158,8,23,-15
212000159,159,50,109
212000160,278,231,47
212000161,11,10,1
212000310,13,38,-25
212000311,5,77,-72
212000374,16,20,-4
213000001,18,860,-842
213000005,460,63,397
213000006,915,75,840
213000007,39,1,38
213000009,343,170,173
213000010,113,130,-17
213000011,167,152,15
213000012,115,454,-339
213000014,23,3,20
213000015,66,1,65
213000016,122,0,122
213000017,19,0,19
213000018,1,319,-318
213000019,3,198,-195
213000020,69,405,-336
213000021,3,130,-127
213000023,181,113,68
213000033,142,683,-541
213000034,256,401,-145
213000035,61,62,-1
213000045,70,280,-210
213000046,70,198,-128
213000047,359,753,-394
213000056,18,7,11
213000069,28,0,28
213000073,2,11,-9
213000074,132,680,-548
213000075,311,4,307
213000085,2,66,-64
213000086,18,257,-239
213000091,22,2,20
213000092,12,4,8
213000099,143,790,-647
213000100,951,116,835
213000101,77,188,-111
213000102,137,556,-419
213000103,497,789,-292
213000104,33,616,-583
213000105,3,47,-44
213000106,7,222,-215
213000107,125,1013,-888
213000108,9,686,-677
213000109,5,277,-272
213000110,1,69,-68
213000111,9,57,-48
213000112,272,152,120
213000115,21,0,21
213000116,75,794,-719
213000117,8,1138,-1130
213000118,205,391,-186
213000119,40,886,-846
213000120,70,968,-898
213000122,167,1033,-866
213000123,729,1410,-681
213000124,48,1903,-1855
213000125,157,7,150
213000126,154,80,74
213000127,262,112,150
213000128,895,441,454
213000129,498,139,359
213000130,269,73,196
213000132,126,58,68
213000133,82,71,11
213000134,309,23,286
213000136,181,10,171
213000137,471,37,434
213000139,129,4,125
213000147,11,0,11
213000148,5,2,3
213000149,23,6,17
213000150,0,82,-82
213000151,3,89,-86
213000152,0,84,-84
213000153,0,33,-33
213000154,12,235,-223
213000155,22,450,-428
213000156,62,674,-612
213000157,605,688,-83
213000158,210,913,-703
213000159,362,528,-166
213000163,352,127,225
213000165,653,132,521
213000171,1,213,-212
213000172,2,395,-393
213000173,7,402,-395
213000174,1,447,-446
213000175,7,338,-331
213000176,22,16,6
213000177,13,0,13
213000178,37,1,36
213000179,88,0,88
213000180,37,0,37
213000184,157,499,-342
213000188,358,63,295
213000189,179,26,153
213000190,879,703,176
213000191,119,561,-442
213000192,64,674,-610
213000193,1476,182,1294
213000194,0,28,-28
213000195,20,504,-484
213000196,68,795,-727
213000197,210,106,104
213000198,28,0,28
213000200,105,1140,-1035
213000201,130,75,55
213000202,3,735,-732
213000203,2562,287,2275
213000204,311,13,298
213000205,132,21,111
213000206,107,22,85
213000207,34,9,25
213000208,15,1,14
213000209,21,0,21
213000210,79,1,78
213000211,2,7,-5
213000212,0,40,-40
213000213,2,33,-31
213000218,130,1139,-1009
213000219,529,23,506
213000220,232,5,227
213000223,125,82,43
213000224,17,14,3
213000225,22,3,19
213000226,9,3,6
213000227,424,88,336
213000228,80,34,46
213000229,525,6,519
213000230,154,3,151
213000232,66,245,-179
213000233,2,17,-15
213000234,1,32,-31
213000293,5,42,-37
213000294,25,3,22
213000295,3,85,-82
213000296,62,5,57
213000297,3,80,-77
213000298,25,91,-66
213000299,35,33,2
213000300,4,0,4
213000303,1,44,-43
213000304,2,2,0
213000305,0,13,-13
213000306,33,31,2
213000307,140,94,46
213000308,72,333,-261
213000309,57,41,16
213000310,244,106,138
213000311,300,586,-286
213000315,42,190,-148
213000316,54,50,4
213000322,39,195,-156
213000323,26,122,-96
213000324,52,238,-186
213000325,17,188,-171
213000326,13,108,-95
213000327,28,175,-147
213000328,16,84,-68
213000329,30,134,-104
213000340,80,1036,-956
213000341,158,63,95
213000347,958,89,869
213000348,13,156,-143
213000349,30,10,20
213000350,162,1777,-1615
213000366,20,364,-344
213000367,92,30,62
213000379,83,171,-88
213000386,5,232,-227
213000406,112,542,-430
213000417,631,317,314
213000425,71,38,33
213000426,76,100,-24
213000427,22,492,-470
213000428,7,302,-295
213000429,3,1,2
213000430,56,1350,-1294
213000431,78,1,77
213000432,0,12,-12
213000433,3,151,-148
213000434,32,133,-101
213000435,79,92,-13
213000436,1,87,-86
213000437,4,76,-72
213000438,42,165,-123
213000439,8,8,0
213000440,4,154,-150
213000441,0,1,-1
213000442,2,59,-57
213000443,305,252,53
213000444,12,188,-176
213000445,0,119,-119
213000446,0,7,-7
213000447,0,22,-22
213000448,1,43,-42
213000449,46,1,45
213000450,32,53,-21
213000451,80,112,-32
213000452,5,18,-13
213000453,31,271,-240
213000455,230,30,200
213000456,1,158,-157
213000481,2,9,-7
213000484,66,0,66
213000489,363,20,343
213900002,1,27,-26
213900003,62,17,45
213900013,2,216,-214
213900015,0,5,-5
213900016,4,19,-15
213900020,4,302,-298
213900030,2,64,-62
213900032,211,25,186
213900033,24,30,-6
213900034,114,107,7
213900035,89,983,-894
213900036,49,400,-351
213900037,29,552,-523
213900038,175,187,-12
213900039,0,202,-202
213900041,1,60,-59
213900042,153,42,111
213900043,91,150,-59
213900244,11,0,11
213900245,0,25,-25
218000003,8,19,-11
218000004,21,21,0
218000005,19,30,-11
218000006,40,37,3
218000007,7,14,-7
218000012,243,141,102
218000013,37,140,-103
218000014,612,346,266
218000019,1008,401,607
218000020,402,384,18
218000021,34,154,-120
218000022,8,82,-74
218000023,2,75,-73
218000024,2,30,-28
218000025,16,52,-36
218000026,9,106,-97
218000027,1,38,-37
218000028,2,12,-10
218000029,8,4,4
218000030,28,67,-39
218000031,3,96,-93
218000032,8,78,-70
218000040,1,2,-1
218000046,25,258,-233
218000047,7,340,-333
218000048,40,405,-365
218000049,91,287,-196
218000050,359,563,-204
218000051,43,551,-508
218000052,4,147,-143
218000053,4,20,-16
218000054,48,47,1
218000055,2,15,-13
218000056,17,39,-22
218000057,8,59,-51
218000064,0,7,-7
218000065,22,92,-70
218000066,9,59,-50
218000067,22,88,-66
218000068,47,122,-75
218000069,84,222,-138
218000070,142,427,-285
218000071,129,319,-190
218000072,431,285,146
218000078,484,1491,-1007
218000079,20,66,-46
218000080,52,97,-45
218000081,249,371,-122
218000082,25,181,-156
218000083,12,71,-59
218000084,68,302,-234
218000085,98,650,-552
218000086,25,295,-270
218000087,206,388,-182
218000090,8,91,-83
218000091,556,389,167
218000092,43,139,-96
218000093,33,140,-107
218000094,380,904,-524
218000099,375,420,-45
218000100,148,395,-247
218000101,102,201,-99
218000102,123,436,-313
218000103,52,212,-160
218000104,20,91,-71
218000105,25,12,13
218000106,19,18,1
218000107,31,197,-166
218000108,7,83,-76
218000112,58,15,43
218000117,47,65,-18
218000134,520,1028,-508
218000135,12,122,-110
218000136,85,81,4
218000137,80,170,-90
218000138,50,106,-56
218000139,61,377,-316
218000140,99,173,-74
218000141,68,50,18
218000142,89,224,-135
218000143,15,192,-177
218000144,11,73,-62
218000145,174,537,-363
218000146,15,152,-137
218000151,19,15,4
218000152,43,59,-16
218000153,0,2,-2
218000154,1,1,0
218000155,7,6,1
218000156,18,19,-1
218000157,8,14,-6
218000158,2,8,-6
218000159,1,4,-3
218000160,0,5,-5
218000161,3,7,-4
218000162,14,18,-4
218000163,1,5,-4
218000164,6,13,-7
218000165,26,39,-13
218000170,3,20,-17
218000171,30,5,25
218000172,7,9,-2
218000173,49,23,26
218000174,7,5,2
218000176,70,15,55
218000177,292,60,232
218000178,92,71,21
218000179,39,31,8
218000180,41,17,24
218000181,77,21,56
218000187,5,19,-14
218000188,9,32,-23
218000189,12,91,-79
218000190,8,20,-12
218000191,42,108,-66
218000192,73,673,-600
218000193,244,658,-414
218000194,46,625,-579
218000195,73,110,-37
218000196,167,280,-113
218000197,150,455,-305
218000198,7,124,-117
218000199,20,40,-20
218000200,53,30,23
218000201,11,11,0
218000202,89,117,-28
218000207,7,84,-77
218000208,21,76,-55
218000211,26,9,17
218000212,2,20,-18
218000213,139,60,79
218000214,4,27,-23
218000215,98,165,-67
218000217,4,144,-140
218000218,419,112,307
218000219,17,21,-4
218000220,98,320,-222
218000221,420,152,268
218000222,65,16,49
218000223,31,143,-112
218000224,4,45,-41
218000225,137,22,115
218000226,42,55,-13
218000230,1,8,-7
218000232,41,57,-16
218000239,4,1,3
218000240,1,1,0
218000241,2,0,2
218000242,3,1,2
218000243,3,0,3
218000244,5,2,3
218000245,2,0,2
218000246,0,0,0
218000247,0,0,0
218000248,0,53,-53
218000249,0,6,-6
218000250,1,10,-9
218000251,1,10,-9
218000252,0,18,-18
218000253,1,21,-20
218000254,0,11,-11
218000255,1,5,-4
218000256,2,66,-64
218000267,761,1242,-481
218000268,12,79,-67
218000269,2,11,-9
218000270,16,67,-51
218000271,12,61,-49
218000273,10,6,4
218000274,13,4,9
218000275,14,32,-18
218000276,7,57,-50
218000278,11,25,-14
218000279,13,47,-34
218000280,12,15,-3
218000281,12,13,-1
218000282,270,142,128
218000284,94,3,91
218000301,32,165,-133
218000302,62,51,11
218000303,9,73,-64
218000316,833,1360,-527
218000317,541,1430,-889
218000318,202,1278,-1076
218000319,591,1775,-1184
218000320,548,862,-314
218000338,9,18,-9
218000345,93,72,21
218000346,35,120,-85
218000459,56,395,-339
218000490,8,76,-68
218000501,24,22,2
218000502,25,156,-131
218000503,55,12,43
218000504,74,11,63
218000505,12,202,-190
218000506,27,148,-121
218000508,7,0,7
218000510,139,6,133
218000520,105,104,1
218000521,4,71,-67
218000522,3,130,-127
218000523,35,0,35
218000524,42,91,-49
218000525,82,6,76
218000526,73,90,-17
218000529,10,271,-261
218000530,6,3,3
218000531,0,26,-26
218000532,10,43,-33
218000534,24,8,16
218000537,7,39,-32
218000538,93,139,-46
218000540,482,103,379
218000543,62,66,-4
218000544,31,145,-114
218000545,14,111,-97
218000546,32,151,-119
218000547,51,125,-74
218000548,147,291,-144
218000549,283,68,215
218000550,205,847,-642
218000551,307,185,122
218000552,779,23,756
218000553,19,56,-37
218000554,26,14,12
218000555,5,42,-37
218000556,46,570,-524
218000557,200,123,77
218000558,49,1,48
218000559,0,24,-24
218000560,0,10,-10
218000561,13,0,13
218000562,6,212,-206
218000563,68,24,44
218000564,14,117,-103
218000565,197,16,181
218000566,264,13,251
218000567,2,88,-86
218000568,0,0,0
218000569,4,46,-42
218000570,96,7,89
218000571,0,75,-75
218000572,8,1,7
218000573,17,29,-12
218000574,201,54,147
218000575,18,1,17
218000576,0,48,-48
218000577,30,0,30
218000578,1,93,-92
218000579,106,2,104
218000581,2,89,-87
218000582,13,3,10
218000583,1,0,1
218000584,0,22,-22
218000585,16,11,5
218000586,4,30,-26
218000587,0,1,-1
218000588,0,2,-2
218000589,0,1,-1
218000590,0,1,-1
218000591,1,3,-2
218000592,0,0,0
218000593,0,1,-1
218000594,0,1,-1
218000595,1,0,1
218000596,0,0,0
218000597,0,0,0
218000598,0,0,0
218000599,0,0,0
218000600,0,0,0
218000601,0,0,0
218000602,0,6,-6
218000603,0,3,-3
218000604,3,0,3
218000605,0,28,-28
218000606,13,0,13
218000607,20,40,-20
218000608,3,5,-2
218000609,10,44,-34
218000610,24,1,23
218000611,1,5,-4
218000612,0,75,-75
218000613,14,4,10
218000614,0,62,-62
218000615,5,4,1
218000616,4,177,-173
218000617,3,0,3
218000618,1,17,-16
218000619,6,4,2
218000620,3,31,-28
218000621,0,1,-1
218000622,0,13,-13
218000623,4,1,3
218000624,0,7,-7
218000625,0,1,-1
218000626,0,4,-4
218000628,33,37,-4
218000631,5,18,-13
218000632,0,64,-64
218000633,55,0,55
218000634,3,16,-13
218000635,0,9,-9
218000636,618,1845,-1227
218000637,482,874,-392
218000638,58,30,28
218000639,17,356,-339
218000640,159,38,121
218000641,41,616,-575
218000652,145,186,-41
218000653,135,47,88
218000663,4,93,-89
218000675,19,47,-28
218000676,2,52,-50
218000677,7,14,-7
218000680,76,649,-573
218000681,195,77,118
218000691,70,440,-370
218000693,87,51,36
218000703,4,125,-121
218000718,1034,296,738
218000719,1273,35,1238
218000720,3,17,-14
218000721,8,9,-1
218000725,11,24,-13
218001214,35,34,1
218001329,89,49,40
218001330,97,45,52
218001351,7,1,6
218001352,4,5,-1
218001353,2,8,-6
218001354,0,8,-8
219000001,38,93,-55
219000002,20,106,-86
219000003,37,19,18
219000004,31,67,-36
219000017,67,23,44
219000020,74,21,53
219000022,99,2,97
219000023,81,1,80
219000029,1,108,-107
219000034,11,19,-8
219000039,28,73,-45
219000040,25,25,0
219000041,83,24,59
219000051,0,68,-68
219000052,1,32,-31
219000053,1,278,-277
219000054,363,356,7
219000055,44,0,44
219000056,2,1,1
219000057,19,0,19
219000062,8,266,-258
219000063,25,9,16
219000064,3,49,-46
219000110,272,44,228
219000111,79,42,37
219000112,147,78,69
219000113,100,44,56
219000114,593,35,558
219000116,51,35,16
219000117,143,128,15
219000118,51,78,-27
219000123,262,87,175
219000124,66,53,13
219000125,29,27,2
219000126,61,129,-68
219000127,0,8,-8
219000128,36,99,-63
219000129,31,145,-114
219000130,1155,666,489
219000131,955,740,215
219000133,50,23,27
219000134,4,17,-13
219000135,38,64,-26
219000136,88,113,-25
219000138,55,15,40
219000139,16,85,-69
219000140,7,1,6
219000141,4,144,-140
219000142,16,110,-94
219000143,19,140,-121
219000145,14,61,-47
219000146,5,74,-69
219000147,0,92,-92
219000148,4,96,-92
219000149,47,319,-272
219000150,4,220,-216
219000151,8,171,-163
219000157,124,276,-152
219000158,102,292,-190
219000161,101,5,96
219000163,1735,381,1354
219000166,44,201,-157
219000167,60,278,-218
219000168,733,104,629
219000174,183,90,93
219000175,32,4,28
219000176,34,6,28
219000177,11,3,8
219000178,2,7,-5
219000179,4,13,-9
219000180,59,26,33
219000182,52,1,51
219000183,13,71,-58
219000184,25,3,22
219000185,0,152,-152
219000186,7,92,-85
219000187,15,225,-210
219000189,174,126,48
219000190,163,221,-58
219000191,1997,682,1315
219000192,106,113,-7
219000193,587,160,427
219000195,0,69,-69
219000196,5,145,-140
219000198,58,213,-155
219000199,130,246,-116
219000200,16,271,-255
219000201,91,278,-187
219000203,20,136,-116
219000204,83,204,-121
219000205,40,280,-240
219000207,285,263,22
219000209,14,103,-89
219000210,35,128,-93
219000213,12,362,-350
219000239,154,253,-99
219000240,166,359,-193
219000241,61,267,-206
219000242,45,208,-163
219000243,40,347,-307
219000244,6,106,-100
219000245,13,36,-23
219000246,11,28,-17
219000247,27,20,7
219000248,439,119,320
219000249,92,30,62
219000250,60,77,-17
219000251,413,105,308
219000252,67,157,-90
219000253,75,22,53
219000255,26,31,-5
219000256,61,53,8
219000257,21,0,21
219000262,68,283,-215
219000263,26,262,-236
219000267,2,143,-141
219000268,1,8,-7
219000269,1,0,1
219000270,2,0,2
219000271,31,0,31
219000278,1,15,-14
219000279,1,6,-5
219000283,0,7,-7
219000295,15,126,-111
219000296,61,603,-542
219000297,18,234,-216
219000298,13,297,-284
219000299,369,42,327
219000300,40,370,-330
219000301,127,371,-244
219000302,15,244,-229
219000307,41,72,-31
219000308,39,23,16
219000311,76,50,26
219000312,182,39,143
219000313,153,29,124
219000314,148,706,-558
219000315,62,13,49
219000316,210,22,188
219000317,48,15,33
219000320,0,59,-59
219000321,0,30,-30
219000323,6,141,-135
219000325,0,70,-70
219000326,81,171,-90
219000327,80,41,39
219000328,19,61,-42
219000329,306,83,223
219000330,58,32,26
219000331,20,64,-44
219000332,34,61,-27
219000333,5,3,2
219000335,48,0,48
219000337,4,0,4
219000338,17,0,17
219000344,61,148,-87
219000345,93,222,-129
219000346,22,291,-269
219000348,57,233,-176
219000349,23,346,-323
219000350,27,69,-42
219000351,2,3,-1
219000352,162,62,100
219000353,49,54,-5
219000354,112,164,-52
219000355,98,44,54
219000356,1883,240,1643
219000363,282,22,260
219000364,47,8,39
219000365,61,4,57
219000366,244,93,151
219000368,414,383,31
219000370,1186,138,1048
219000371,8,9,-1
219000382,4,21,-17
219000383,772,661,111
219000385,718,477,241
219000386,1253,1226,27
219000387,3,7,-4
219000390,4,0,4
219000391,7,0,7
219000397,126,142,-16
219000398,93,30,63
219000401,3,79,-76
219000402,9,89,-80
219000403,37,135,-98
219000404,10,57,-47
219000407,0,45,-45
219000409,19,43,-24
219000410,16,17,-1
219000411,19,14,5
219000446,249,475,-226
219000447,0,40,-40
219000448,20,3,17
219000452,66,78,-12
219000453,38,105,-67
219000454,287,214,73
219000556,90,53,37
219000558,50,358,-308
219000590,11,199,-188
219000591,35,65,-30
219000592,94,444,-350
219000595,1,41,-40
219000635,42,13,29
219000636,14,105,-91
219000657,16,14,2
219000658,6,36,-30
219000673,0,8,-8
219000676,32,3,29
219000679,15,17,-2
219000684,23,6,17
219000685,3,110,-107
219000686,12,0,12
219000688,0,93,-93
219000689,57,169,-112
219000690,180,24,156
219000691,38,76,-38
219000692,118,11,107
219000693,1,41,-40
219000694,36,0,36
219000695,4,2,2
219000698,1,0,1
219000699,0,8,-8
219000727,3,180,-177
219000728,46,2,44
219000770,6,0,6
219000771,0,36,-36
219001150,0,3,-3
219001151,0,3,-3
219001166,2,3,-1
219001167,0,39,-39
220000001,3,29,-26
220000002,9,199,-190
220000003,415,319,96
220000004,612,842,-230
220000005,1927,1499,428
220000006,156,967,-811
220000007,198,1003,-805
220000008,177,1268,-1091
220000009,136,600,-464
220000010,47,150,-103
220000011,701,1991,-1290
220000012,53,198,-145
220000014,35,119,-84
220000015,14,129,-115
220000017,30,405,-375
220000018,5836,745,5091
220000019,41,220,-179
220000020,111,258,-147
220000021,358,157,201
220000022,380,565,-185
220000023,184,129,55
220000024,1515,238,1277
220000025,959,332,627
220000026,197,156,41
220000027,10,89,-79
220000028,22,25,-3
220000029,49,168,-119
220000030,59,90,-31
220000031,164,314,-150
220000064,13,1409,-1396
221000046,1,0,1
221000047,0,1,-1
221000048,0,2,-2
221000049,0,17,-17
221000050,6,0,6
221000055,48,69,-21
221000057,61,2,59
221000068,257,115,142
221000069,219,57,162
221000070,108,34,74
221000071,42,13,29
221000072,115,24,91
221000073,212,50,162
221000074,2,34,-32
221000075,11,30,-19
221000076,19,63,-44
221000077,49,86,-37
221000081,28,6,22
221000082,39,2,37
221000083,34,4,30
221000084,2,3,-1
221000085,14,108,-94
221000086,11,163,-152
221000087,3,213,-210
221000088,24,188,-164
221000089,37,260,-223
221000090,128,468,-340
221000098,164,14,150
221000099,156,12,144
221000100,64,8,56
221000101,331,11,320
221000102,94,8,86
221000109,7,105,-98
221000110,9,202,-193
221000111,22,232,-210
221000112,13,172,-159
221000113,14,231,-217
221000114,21,250,-229
221000120,6,34,-28
221000121,0,19,-19
221000122,13,16,-3
221000123,3,4,-1
221000124,19,350,-331
221000155,91,9,82
221000156,4,16,-12
221000175,1,0,1
221000176,0,0,0
221000182,28,5,23
221000241,427,190,237
221000242,286,234,52
221000243,300,129,171
221000244,271,337,-66
221000245,14,108,-94
221000246,17,190,-173
221000247,10,138,-128
221000248,21,132,-111
221000267,40,851,-811
221000325,56,61,-5
221000331,2,124,-122
221000338,1,34,-33
221000378,75,30,45
221000381,52,65,-13
222000282,6,2,4
222000296,3,15,-12
222000568,181,10,171
222000569,120,12,108
222000570,57,5,52
222000571,75,8,67
222000577,12,323,-311
222000578,12,285,-273
222000579,32,171,-139
222000580,175,1092,-917
222000599,4,210,-206
222000600,0,353,-353
222000601,12,953,-941
222000603,9,22,-13
222000604,1,12,-11
222000605,10,5,5
222000606,0,5,-5
222000607,1,2,-1
222000608,0,15,-15
222000609,45,376,-331
222000616,49,31,18
222000617,2,6,-4
222000618,0,1,-1
222000620,20,4,16
222000621,8,5,3
222000623,423,0,423
222000624,108,2,106
222000625,269,83,186
222000636,56,2,54
222000686,13,4,9
222000687,11,25,-14
222001066,189,1,188
222001067,1,10,-9
222001068,4,47,-43
222001069,17,57,-40
222001082,4,82,-78
222001083,11,116,-105
222001084,0,17,-17
222001085,0,254,-254
222001111,13,361,-348
222001112,14,23,-9
222001313,22,1,21
222001314,1,107,-106
222001464,29,60,-31
222001465,3,106,-103
222001484,27,49,-22
222001485,15,129,-114
222001494,76,135,-59
222001495,120,649,-529
222001496,130,84,46
222001497,89,897,-808
222001502,22,144,-122
222001503,1,5,-4
222001504,22,296,-274
222001505,25,2,23
222001506,63,252,-189
222001507,45,2,43
222001510,27,11,16
222001511,39,586,-547
222001514,227,34,193
222001515,268,836,-568
222001518,50,9,41
222001519,36,606,-570
222001527,42,9,33
222001528,87,211,-124
222001529,37,13,24
222001530,34,393,-359
222001533,157,624,-467
222001534,31,20,11
222001535,54,109,-55
222001536,55,550,-495
222001537,42,8,34
222001538,68,629,-561
222001563,80,32,48
222001564,35,1168,-1133
222001568,152,87,65
222001576,0,2,-2
222001579,0,1,-1
222001583,21,340,-319
222001584,50,7,43
222001596,793,2153,-1360
222001597,1359,232,1127
222001626,0,295,-295
222001650,101,93,8
222001651,64,162,-98
222001914,52,14,38
222001915,55,239,-184
222900004,375,180,195
222900009,369,1060,-691
222900019,89,192,-103
222900024,4,24,-20
222900025,1,57,-56
225000001,408,60,348
225000002,235,62,173
225000003,189,59,130
225000004,116,148,-32
225000005,34,39,-5
225000006,1,117,-116
225000007,3196,1020,2176
225000010,49,3,46
225000011,411,496,-85
225000012,99,325,-226
225000013,75,168,-93
225000014,442,39,403
225000015,103,247,-144
225000021,322,98,224
225000027,214,491,-277
225000032,438,67,371
225000042,54,685,-631
225000049,12,41,-29
225000050,24,12,12
225000053,2,177,-175
225000058,164,82,82
225000067,94,239,-145
225000068,55,584,-529
225000069,232,519,-287
225000070,73,462,-389
225000071,9,290,-281
225000075,32,845,-813
225000076,86,106,-20
225000078,31,18,13
225000085,19,71,-52
225000086,48,36,12
225000087,88,11,77
225000088,16,148,-132
225000089,339,423,-84
225000090,11,304,-293
225000091,38,262,-224
225000092,46,85,-39
225000093,125,404,-279
225000094,19,565,-546
225000095,272,580,-308
225000096,66,379,-313
225000098,229,101,128
225000099,129,77,52
225000100,80,102,-22
225000104,25,397,-372
225000110,6,453,-447
225000111,111,1160,-1049
225000112,201,885,-684
225000113,110,644,-534
225000114,54,328,-274
225000115,2718,531,2187
225000116,899,43,856
225000117,422,237,185
225000118,513,137,376
225000119,82,55,27
225000120,363,31,332
225000121,171,12,159
225000123,723,14,709
225000125,84,236,-152
225000126,623,148,475
225000127,882,404,478
225000128,252,317,-65
225000132,94,34,60
225000133,185,24,161
225000134,533,68,465
225000135,24,5,19
225000136,59,5,54
225000137,99,29,70
225000138,166,8,158
225000143,83,144,-61
225000144,0,324,-324
225000145,36,25,11
225000146,22,108,-86
225000147,4,465,-461
225000148,2,306,-304
225000149,66,432,-366
225000151,30,351,-321
225000155,122,313,-191
225000156,98,523,-425
225000157,100,328,-228
225000158,31,426,-395
225000171,1,209,-208
225000180,7,0,7
225000181,0,36,-36
225000182,23,8,15
225000185,5,230,-225
225000187,54,403,-349
225000191,24,1,23
225000194,0,2,-2
225000208,0,62,-62
225000209,9,20,-11
225000210,4,218,-214
225000217,0,19,-19
225000218,3,0,3
225000223,1,37,-36
225000224,25,0,25
225000225,2,3,-1
225000226,12,1,11
225000227,27,49,-22
225000228,14,4,10
225000229,0,90,-90
225000230,69,1,68
225000231,0,87,-87
225000232,34,1,33
225000241,24,0,24
225000242,0,25,-25
225000249,6,0,6
225000250,30,1032,-1002
225000251,222,37,185
225000254,2,0,2
225000256,0,0,0
225000257,0,4,-4
226000042,361,386,-25
226000043,52,260,-208
226000044,89,724,-635
226000045,47,486,-439
226000046,129,35,94
226000047,153,40,113
226000048,179,23,156
226000049,107,34,73
226000070,0,43,-43
226000071,0,89,-89
226000072,0,9,-9
226000073,0,6,-6
226000074,0,11,-11
226000084,0,49,-49
226000085,1,3,-2
226000086,5,3,2
226000087,1,9,-8
226000088,120,10,110
226000090,158,33,125
226000091,8,2,6
226000092,0,0,0
226000093,7,0,7
226000094,6,0,6
226000095,8,3,5
226000105,5,0,5
226000106,1,0,1
226000107,2,0,2
226000108,7,0,7
226000109,26,0,26
226000124,67,55,12
226000134,255,259,-4
226000135,727,400,327
226000136,122,261,-139
226000137,22,439,-417
226000138,7,280,-273
226000139,0,15,-15
226000156,36,2,34
226000157,105,2,103
226000163,47,31,16
226000202,9,500,-491
226000231,68,4,64
226000232,33,2,31
227000033,201,45,156
227000036,112,15,97
227000037,68,9,59
227000038,76,23,53
227000084,1,43,-42
227000085,2,30,-28
227000088,10,1,9
227000089,71,2,69
227000090,16,0,16
227000091,6,0,6
227000092,12,1,11
227000093,25,0,25
227000094,10,2,8
227000130,16,83,-67
227000131,18,296,-278
227000132,18,287,-269
227000133,5,296,-291
227000134,21,440,-419
227000152,0,7,-7
227000153,0,25,-25
227000154,3,24,-21
227000155,0,15,-15
227000156,0,18,-18
227000165,3,38,-35
227000196,94,541,-447
227000199,89,922,-833
227000230,37,659,-622
227000232,140,10,130
227000242,48,443,-395
227000243,326,48,278
227000245,22,352,-330
227000246,60,499,-439
227000247,147,72,75
227000248,34,19,15
227000249,16,267,-251
227000250,218,86,132
227000251,109,237,-128
227000252,17,432,-415
227000253,34,16,18
227000262,172,17,155
227000266,332,19,313
227000267,26,3084,-3058
227000282,11,354,-343
227000284,125,18,107
227000286,3,162,-159
227000291,28,861,-833
227000296,635,350,285
227000484,394,20,374
227000485,32,849,-817
227000655,38,15,23
227000656,549,14,535
227000657,24,10,14
227000704,58,23,35
229000265,2,13,-11
229000266,0,0,0
229000267,2,0,2
229000268,4,1,3
229000269,49,0,49
229000274,2,12,-10
229000275,2,23,-21
229000276,1,13,-12
229000277,0,2,-2
229000278,0,4,-4
229000295,19,21,-2
229000296,7,7,0
229000297,6,48,-42
229000298,10,86,-76
229000320,6,8,-2
229000321,9,5,4
229000412,3,69,-66
229000414,3,62,-59
229000415,3,1,2
229000416,0,3,-3
229000417,0,5,-5
229000419,57,189,-132
229000440,142,63,79
229000442,4,11,-7
229000443,0,1,-1
229000444,0,31,-31
229000445,13,7,6
229000446,20,11,9
229000491,5,56,-51
229000492,18,212,-194
229000493,5,181,-176
229000494,19,9,10
229000495,61,26,35
229000496,24,15,9
229000507,0,42,-42
229000508,1,32,-31
229000509,2,73,-71
229000510,0,42,-42
229000511,6,73,-67
229000512,0,54,-54
229000513,0,11,-11
229000514,1,7,-6
229000517,2,19,-17
229000518,6,58,-52
229000519,0,16,-16
229000520,2,56,-54
229000521,20,37,-17
229000522,2,20,-18
229000523,1,20,-19
229000524,2,9,-7
229000527,0,2,-2
229000528,0,0,0
229000529,6,1,5
229000530,50,6,44
229000531,16,11,5
229000532,19,3,16
229000533,91,4,87
229000534,86,0,86
229000564,30,0,30
229000565,3,3,0
229000566,1,59,-58
229000567,0,130,-130
229000582,204,3,201
229000583,0,4,-4
229000584,0,56,-56
229000585,3,64,-61
229000718,0,2,-2
229000719,0,2,-2
229000720,0,15,-15
229000721,0,16,-16
229000722,0,42,-42
229000723,0,22,-22
229000724,0,0,0
229000725,0,8,-8
229000738,0,0,0
229000739,2,0,2
229000740,2,0,2
229000741,6,0,6
229000742,2,0,2
229000743,16,0,16
229000744,1,0,1
229000745,0,0,0
229000746,6,1,5
229000847,20,0,20
229000848,10,0,10
229000849,63,2,61
229000851,12,0,12
229000854,1,101,-100
229000856,5,228,-223
229000857,1,80,-79
229000858,0,189,-189
229000919,6,124,-118
229000930,5,187,-182
229000937,72,35,37
229000966,26,10,16
229000981,14,54,-40
229000985,4,27,-23
229000986,0,5,-5
229000987,0,0,0
229000988,0,0,0
229000989,2,7,-5
229000990,0,4,-4
229000991,0,1,-1
229000992,2,4,-2
229000993,116,21,95
229000998,19,31,-12
229000999,38,16,22
229001034,0,23,-23
229001035,0,0,0
229001036,5,51,-46
229001037,25,1,24
229001038,0,6,-6
229001039,0,0,0
229001040,0,48,-48
229001041,46,5,41
229001042,6,18,-12
229001047,1,47,-46
229001050,20,14,6
229001168,0,15,-15
229001200,1,2,-1
229001338,2,28,-26
229001394,289,1,288
229001422,85,16,69
229001423,43,169,-126
229001431,54,33,21
229001432,52,78,-26
229001444,95,42,53
229001445,26,184,-158
229001479,1,7,-6
229001503,110,86,24
229001504,79,225,-146
229001505,53,61,-8
229001506,46,230,-184
229001509,22,5,17
229001510,6,43,-37
229001545,40,7,33
229001546,10,152,-142
229001553,29,21,8
229001554,12,126,-114
229001630,51,6,45
229001631,23,36,-13
229001635,0,13,-13
229001636,1,2,-1
229001658,0,89,-89
229001659,141,6,135
229001660,0,16,-16
229001661,0,19,-19
229001662,9,1,8
229001663,0,15,-15
229002584,89,111,-22
229002831,117,115,2
229002841,2,28,-26
229002842,3,11,-8
229002843,7,10,-3
229002844,12,79,-67
229002845,9,92,-83
229002846,5,11,-6
229002847,4,12,-8
229002848,1,4,-3
229002849,0,32,-32
229002850,2,0,2
229002851,8,47,-39
229002852,17,29,-12
229002853,17,18,-1
229002854,6,46,-40
229002855,1,57,-56
229002856,5,8,-3
229002857,0,76,-76
229002858,1,1,0
229002859,9,18,-9
229002860,10,4,6
229002861,11,10,1
229002862,4,39,-35
229002863,1,24,-23
229002864,2,13,-11
229002865,4,2,2
229002866,2,16,-14
229002867,0,20,-20
229002868,0,5,-5
229002869,5,122,-117
229002870,7,6,1
235000066,367,94,273
235000067,106,125,-19
235000072,30,59,-29
235000073,90,286,-196
235000074,13,121,-108
235000080,10,107,-97
235000081,75,239,-164
235000082,31,56,-25
235000083,96,120,-24
235000084,18,59,-41
235000085,50,101,-51
235000089,6,69,-63
235000092,14,185,-171
235000093,3,2,1
235000097,1,6,-5
235000098,38,33,5
235000099,11,46,-35
235000116,52,26,26
235000117,1057,14,1043
235000133,12,221,-209
235000134,8,112,-104
235000206,9,0,9
235000207,1,1,0
235000208,0,0,0
235000209,1,2,-1
235000210,1,3,-2
235000212,3,11,-8
235000213,1,10,-9
235000220,1,6,-5
235000221,9,11,-2
235000238,6,11,-5
235000239,1,1,0
235000242,144,199,-55
235000245,1186,188,998
235000246,18,51,-33
235000284,4,89,-85
235000295,29,4,25
235000305,25,4,21
235000306,21,1,20
235000307,0,2,-2
235000308,5,0,5
235000309,3,0,3
235000310,7,0,7
235000311,19,1,18
235000322,1,54,-53
235000323,1,71,-70
235000324,0,18,-18
235000325,1,13,-12
235000326,5,403,-398
235000351,12,54,-42
235000352,21,79,-58
235000353,0,54,-54
235000354,3,45,-42
235000355,2,100,-98
235000356,14,3,11
235000357,3,0,3
235000358,4,2,2
235000359,0,4,-4
235000360,10,3,7
235000361,8,3,5
235000381,27,350,-323
235000382,58,59,-1
235000390,4,7,-3
235000391,41,26,15
235000392,51,137,-86
235000393,66,81,-15
235000395,80,39,41
235000396,197,56,141
235000400,79,40,39
235000401,11,239,-228
235000405,59,496,-437
235000406,48,426,-378
235000407,72,174,-102
235000409,223,200,23
235000410,36,245,-209
235000411,4,107,-103
235000485,0,23,-23
235000486,1,1,0
235000549,38,94,-56
235000550,72,295,-223
235000599,53,85,-32
235000600,5,13,-8
235000601,25,39,-14
235000602,29,182,-153
235000614,0,3,-3
235000648,0,35,-35
235000649,15,0,15
235000685,0,3,-3
235000815,2,17,-15
235000834,0,1,-1
235000855,19,54,-35
235000862,21,273,-252
235000891,0,4,-4
235000892,53,22,31
235000901,78,129,-51
235000907,3,2,1
235001010,25,103,-78
235001029,922,403,519
235001030,463,145,318
235001078,67,89,-22
235001079,89,180,-91
235001147,10,27,-17
235001166,17,82,-65
235001167,22,80,-58
235001169,16,271,-255
235001188,0,0,0
235001189,0,2,-2
235001197,11,12,-1
235001200,40,31,9
235001208,10,9,1
235001209,12,51,-39
235001210,40,267,-227
235001239,1,71,-70
235001244,1,1,0
235016267,0,15,-15
241900007,32,0,32
277101746,0,3,-3
277102712,0,0,0
277103813,0,0,0
277103814,0,0,0
277103898,0,2,-2
277104249,0,3,-3
277104250,0,3,-3
277104251,0,3,-3
277104252,0,3,-3
990011530,1,250,-249
990014944,2,615,-613
990015176,11,4,7
990015618,2,141,-139
990016032,2,443,-441
990032570,1,103,-102
990070001,17,1,16
990070103,0,5,-5
990070601,0,73,-73
990070751,100,0,100
990070766,2,1144,-1142
990071180,207,216,-9
990071343,4,3,1
990071387,0,12,-12
990071823,146,3,143
990072600,1,736,-735
990072964,1,767,-766
990073285,0,0,0
990074393,3,1410,-1407
990074870,225,1,224
990075106,166,2,164
990075746,72,3,69
990076437,166,6,160
990076458,3,1656,-1653
997000007,49,10,39
997000041,0,206,-206
997000058,6,4,2
997000062,6,1,5
997000069,0,4,-4
997000070,0,71,-71
997000100,12,0,12
997000141,1,387,-386
997000198,0,63,-63
998000475,0,19,-19
998000736,2,358,-356
998000965,0,5,-5
998001031,0,41,-41
998001700,0,18,-18
998001899,0,0,0
998001900,2,2,0
998003073,1138,40,1098
998101900,0,0,0
998102850,3,117,-114
998501927,183,315,-132
998501929,66,3,63
998501930,37,1,36
998501931,47,5,42
998501932,6,1,5
998501933,15,1,14
998501937,0,0,0
998501944,1,1,0
998501950,0,0,0
998501970,54,4,50
998501971,1,53,-52
998501972,305,3,302
998501973,0,98,-98
998501974,1,279,-278
998501975,72,4,68
998501976,19,2,17
998501977,1,16,-15
998501978,22,0,22
998501979,0,13,-13
998501980,105,1,104
998501981,10,1,9
998501982,0,146,-146
998502006,0,0,0
998502024,0,1,-1
998502032,1,1,0
998502062,22,0,22
998502063,0,0,0
998502173,6,2,4
998502269,0,4,-4
998601159,1,505,-504
998601292,0,13,-13
999033574,3,205,-202
999800001,17,1,16
999800002,0,1,-1
999800003,3,2,1
999800004,0,5,-5
999800005,0,17,-17
