ID,insum,outsum,diff
100000001,649,507,142
100000002,2653,654,1999
100000003,9660,2036,7624
100000004,2068,674,1394
100000005,2363,2523,-160
100000006,372,93,279
100000007,822,362,460
100000008,245,656,-411
100000009,318,184,134
100000010,20,36,-16
100000011,631,67,564
100000012,72,882,-810
100000013,32,218,-186
100000014,541,274,267
100000015,1155,974,181
100000016,1223,1287,-64
100000017,846,1095,-249
100000018,1499,573,926
100000019,6370,1649,4721
100000020,1986,3471,-1485
100000021,8080,1995,6085
100000022,1955,824,1131
100000023,7880,945,6935
100000025,3799,441,3358
100000028,1995,770,1225
100000029,321,182,139
100000030,893,66,827
100000031,7442,4809,2633
100000032,2916,2949,-33
100000033,752,1858,-1106
100000034,965,250,715
100000035,1888,725,1163
100000036,3285,936,2349
100000037,356,405,-49
100000038,1154,796,358
100000039,800,188,612
100000040,141,147,-6
100000041,549,400,149
100000042,507,363,144
100000043,624,292,332
100000044,492,866,-374
100000045,461,1494,-1033
100000046,652,1537,-885
100000047,335,945,-610
100000048,941,775,166
100000049,1774,2763,-989
100000051,351,1196,-845
100000053,43,2,41
100000054,151,24,127
100000055,403,230,173
100000056,195,552,-357
100000057,1509,763,746
100000058,1015,1552,-537
100000059,2,117,-115
100000060,251,333,-82
100000061,1267,492,775
100000062,1214,431,783
100000063,346,247,99
100000064,748,344,404
100000065,295,1387,-1092
100000066,195,1033,-838
100000067,543,922,-379
100000068,587,1915,-1328
100000069,230,1944,-1714
100000072,452,1436,-984
100000073,1099,1464,-365
100000075,442,329,113
100000076,2064,1513,551
100000077,687,123,564
100000078,118,22,96
100000079,83,23,60
100000080,15,6,9
100000081,55,35,20
100000102,2261,1096,1165
100000103,3973,650,3323
100000104,6193,1030,5163
100000105,4770,629,4141
100000106,3119,1229,1890
100000107,725,296,429
100000108,1062,1185,-123
100000109,3792,1146,2646
100000116,1331,489,842
100000117,39,45,-6
100000118,1281,803,478
100000119,495,616,-121
100000121,163,580,-417
100000122,765,680,85
100000123,4327,4161,166
100000124,10315,5180,5135
100000125,4293,797,3496
100000126,771,232,539
100000127,1671,301,1370
100000128,1610,1137,473
100000129,628,345,283
100000130,458,619,-161
100000131,5459,2798,2661
100000132,2508,1611,897
100000133,12652,3013,9639
100000135,462,649,-187
100000139,217,184,33
100000140,250,339,-89
100000142,297,474,-177
100000143,785,729,56
100000144,4554,1000,3554
100000147,795,1699,-904
100000150,23,518,-495
100000151,600,354,246
100000153,301,241,60
100000154,97,86,11
100000155,4,20,-16
100000156,36,85,-49
100000157,86,193,-107
100000158,60,111,-51
100000159,288,430,-142
100000165,1233,673,560
100000169,865,264,601
100000174,2388,343,2045
100000179,38,621,-583
100000180,3564,1288,2276
100000181,164,346,-182
100000188,64,386,-322
100000189,856,318,538
100000190,460,349,111
100000191,435,342,93
100000192,88,60,28
100000193,137,123,14
100000330,2593,453,2140
100000355,112,547,-435
100000362,5015,3707,1308
100000363,2092,3021,-929
100000364,343,130,213
100000365,3247,4653,-1406
100000366,4399,2389,2010
100000367,2444,3134,-690
100000368,2208,2047,161
100000369,956,1165,-209
100000370,226,276,-50
100000376,88,60,28
100000379,2548,1042,1506
100000380,3644,1474,2170
100000384,6738,2079,4659
100000385,7466,3050,4416
100000386,10956,2433,8523
100000387,8911,3129,5782
100000388,15096,3338,11758
100000389,13900,3108,10792
100000390,14918,2687,12231
100000391,9082,3325,5757
100000392,3938,1234,2704
100000393,1543,1181,362
100000394,6553,2893,3660
100000395,3351,868,2483
100000396,4469,1758,2711
100000397,2544,1667,877
100000398,11871,8075,3796
100900002,1,67,-66
100900003,208,98,110
100900004,47,1054,-1007
100900005,103,9,94
100900006,14,293,-279
100900007,505,11,494
100900008,11,598,-587
100900009,13,31,-18
100900010,20,216,-196
100900011,44,354,-310
100900012,3,305,-302
100900013,626,5,621
100900014,2,14,-12
100900015,152,91,61
100900016,0,50,-50
100900017,646,57,589
100900018,0,16,-16
100900019,28,90,-62
100900020,192,2,190
100900021,646,1,645
100900022,2,12,-10
100900023,0,27,-27
100900024,960,2,958
100900025,6,15,-9
100900026,27,150,-123
100900027,604,2205,-1601
100900028,77,148,-71
100900029,122,16,106
100900030,6,23,-17
100900031,204,81,123
100900032,130,1,129
100900033,243,72,171
100900034,302,0,302
100900035,924,3,921
100900036,32,2,30
100900037,31,269,-238
100900038,36,16,20
100900039,649,765,-116
100900040,124,1163,-1039
100900041,260,1010,-750
100900042,402,146,256
100900043,3,9,-6
100900044,3177,372,2805
100900045,57,3,54
100900046,1003,5,998
100900047,1126,134,992
100900048,40,10,30
100900049,52,303,-251
100900050,8,41,-33
100900051,51,38,13
100900052,121,26,95
100900053,157,45,112
100900054,7,189,-182
100900055,214,298,-84
100900056,128,311,-183
100900057,554,521,33
100900058,105,22,83
100900059,27,1,26
100900060,49,15,34
100900061,274,256,18
100900062,1,104,-103
100900063,105,385,-280
100900064,521,9,512
100900065,61,51,10
100900066,33,89,-56
100900067,3,17,-14
100900068,66,109,-43
100900069,265,2,263
100900070,176,11,165
100900071,643,200,443
100900072,1,106,-105
100900073,158,559,-401
100900074,3,9,-6
100900075,2780,294,2486
100900076,33,26,7
100900077,3,159,-156
100900078,67,190,-123
100900079,6,44,-38
100900080,7,196,-189
100900081,10,52,-42
100900082,80,942,-862
100900083,2,75,-73
100900085,7,76,-69
100900086,110,757,-647
100900088,60,958,-898
100900089,0,42,-42
100900090,157,453,-296
100900091,0,30,-30
100900092,174,173,1
100900093,65,281,-216
100900094,66,777,-711
100900095,4,33,-29
100900096,39,110,-71
100900097,1,5,-4
100900098,6,26,-20
100900099,28,614,-586
100900100,12,228,-216
100900101,349,23,326
100900102,191,38,153
100900103,4,22,-18
100900104,15,145,-130
100900105,5,72,-67
100900106,35,3,32
100900107,1706,550,1156
100900108,1,12,-11
100900109,17,50,-33
100900110,4,32,-28
100900111,50,159,-109
100900112,0,6,-6
100900113,6,13,-7
100900114,1,35,-34
100900115,0,35,-35
100900116,655,494,161
100900117,158,572,-414
100900118,46,64,-18
100900119,6,23,-17
100900120,0,33,-33
100900121,287,335,-48
100900122,139,171,-32
100900123,46,123,-77
100900124,0,7,-7
100900125,10,85,-75
100900126,58,234,-176
100900127,1,1,0
100900128,85,134,-49
100900129,0,136,-136
100900131,58,125,-67
100900133,38,76,-38
100900134,2,18,-16
100900135,0,146,-146
100900137,288,231,57
100900138,451,382,69
100900139,0,12,-12
100900140,5,907,-902
100900141,1,315,-314
100900142,0,8,-8
100900143,1110,260,850
100900144,14,8,6
100900145,36,108,-72
100900146,20,32,-12
100900147,9,225,-216
100900148,20,1153,-1133
100900149,13,75,-62
100900150,16,14,2
100900151,73,488,-415
100900152,156,2,154
100900153,10,155,-145
100900154,7,24,-17
100900155,7,5,2
100900156,43,2,41
100900157,6,102,-96
100900158,1069,335,734
100900159,1,24,-23
100900160,8,11,-3
100900161,167,1,166
100900162,7,171,-164
100900163,141,212,-71
100900164,15,33,-18
100900165,16,95,-79
100900166,37,6,31
100900167,21,113,-92
100900168,47,131,-84
100900169,198,1323,-1125
100900170,20,7,13
100900171,23,871,-848
100900172,0,5,-5
100900173,8,664,-656
100900174,277,79,198
100900176,1245,55,1190
100900177,952,195,757
100900178,252,172,80
100900179,123,39,84
100900180,0,2,-2
100900181,152,29,123
100900182,9,13,-4
100900184,2,121,-119
100900186,1096,496,600
100900187,8,195,-187
100900188,49,8,41
100900189,747,145,602
100900191,1261,763,498
100900192,266,165,101
100900195,66,154,-88
100900197,6,157,-151
100900198,18,183,-165
100900199,16,10,6
100900200,659,337,322
100900201,53,704,-651
100900202,12,0,12
100900203,0,62,-62
100900204,879,228,651
100900205,90,367,-277
100900206,48,36,12
100900207,110,74,36
100900210,65,1189,-1124
100900211,262,88,174
100900213,22,17,5
100900214,1122,50,1072
100900215,8,34,-26
100900217,2,4,-2
101000001,5416,2090,3326
101000002,3866,2802,1064
101000003,918,1889,-971
101000004,11896,7280,4616
101000005,6304,4841,1463
101000006,10065,6632,3433
101000007,2952,2982,-30
101000008,3607,2846,761
101000009,1400,2475,-1075
101000010,778,1736,-958
101000011,2276,775,1501
101000012,1980,516,1464
101000013,587,924,-337
101000014,585,743,-158
101000015,864,882,-18
101000016,341,369,-28
101000017,497,475,22
101000018,4399,2839,1560
101000020,4101,1185,2916
101000021,1153,257,896
101000022,694,87,607
101000023,1887,856,1031
101000025,113,406,-293
101000026,405,26,379
101000027,1366,1550,-184
101000028,568,177,391
101000029,48,1042,-994
101000030,880,57,823
101000031,525,691,-166
101000032,5415,2190,3225
101000033,2572,1909,663
101000034,2866,1084,1782
101000035,1304,410,894
101000036,1485,303,1182
101000037,5538,899,4639
101000039,4360,1107,3253
101000040,5141,2137,3004
101000041,15782,2922,12860
101000042,1146,450,696
101000043,12100,2789,9311
101000045,1558,343,1215
101000046,2171,928,1243
101000047,1253,1150,103
101000048,962,885,77
101000049,1044,1019,25
101000050,3838,2807,1031
101000051,5015,1226,3789
101000052,1680,555,1125
101000053,1219,2336,-1117
101000054,2208,2604,-396
101000055,1988,762,1226
101000056,59,60,-1
101000057,3800,495,3305
101000058,2695,603,2092
101000059,4411,1419,2992
101000060,2277,222,2055
101000061,1663,719,944
101000062,1394,410,984
101000063,412,350,62
101000064,1189,360,829
101000065,139,277,-138
101000066,337,212,125
101000067,562,320,242
101000068,212,167,45
101000069,322,118,204
101000070,1947,954,993
101000071,2249,679,1570
101000072,1184,3550,-2366
101000073,850,487,363
101000074,5752,2735,3017
101000075,7942,3562,4380
101000077,1438,1073,365
101000078,1259,1922,-663
101000079,441,548,-107
101000080,617,595,22
101000081,1117,1082,35
101000082,3478,2641,837
101000083,1533,1522,11
101000084,1314,1277,37
101000085,1607,1003,604
101000086,1212,996,216
101000087,796,1283,-487
101000088,821,1010,-189
101000089,902,1330,-428
101000090,2715,1639,1076
101000091,349,1813,-1464
101000092,961,1327,-366
101000093,1504,861,643
101000094,559,1183,-624
101000095,259,890,-631
101000096,244,680,-436
101000097,557,280,277
101000098,511,542,-31
101000099,1152,1215,-63
101000100,1156,574,582
101000101,349,421,-72
101000102,891,350,541
101000103,927,577,350
101000104,294,307,-13
101000105,1479,204,1275
101000106,1203,672,531
101000107,116,244,-128
101000108,1570,363,1207
101000109,144,43,101
101000110,44,801,-757
101000111,168,278,-110
101000113,120,925,-805
101000114,2961,1343,1618
101000115,120,151,-31
101000116,168,281,-113
101000117,493,302,191
101000119,187,33,154
101000120,246,16,230
101000121,83,18,65
101000122,117,29,88
101000123,55,67,-12
101000124,320,282,38
101000125,100,405,-305
101000128,1095,380,715
101000130,349,277,72
101000131,449,818,-369
101000132,362,1776,-1414
101000135,76,12,64
101000136,269,124,145
101000137,24,193,-169
101000141,3093,1450,1643
101000147,647,546,101
101000148,3067,44,3023
101000149,127,85,42
101000150,28,1239,-1211
101000151,95,49,46
101000152,318,287,31
101000153,669,503,166
101000154,116,2046,-1930
101000155,142,145,-3
101000156,25,216,-191
101000157,49,38,11
101000160,62,78,-16
101000163,145,66,79
101000164,595,375,220
101000165,204,337,-133
101000166,324,611,-287
101000168,664,306,358
101000252,1047,653,394
101000254,554,25,529
101000258,36,5,31
101000261,101,121,-20
101000262,707,938,-231
101000263,244,1750,-1506
101000265,57,717,-660
101000266,283,252,31
101000269,113,9,104
101000290,2457,2260,197
101000293,10,164,-154
101000294,489,437,52
101000295,101,573,-472
101000301,928,158,770
101000304,2060,2324,-264
101000305,2402,1742,660
101900001,5,103,-98
101900002,0,16,-16
101900003,94,132,-38
101900004,3,30,-27
101900005,6003,905,5098
101900006,878,19,859
101900007,381,50,331
101900008,134,294,-160
101900009,55,380,-325
101900010,1227,440,787
101900011,302,1352,-1050
101900012,134,396,-262
101900013,1603,123,1480
101900017,20,116,-96
101900018,1928,211,1717
101900019,184,87,97
101900020,709,283,426
101900021,3,32,-29
101900022,76,1674,-1598
101900023,96,258,-162
102000001,2116,3944,-1828
102000002,3187,1372,1815
102000003,4875,4559,316
102000004,13109,2705,10404
102000005,1444,1927,-483
102000006,2025,1601,424
102000007,1540,4236,-2696
102000008,7912,1829,6083
102000009,6320,6971,-651
102000010,7225,3492,3733
102000011,2449,2228,221
102000012,3590,3704,-114
102000018,3885,2791,1094
102000019,2943,1294,1649
102000026,234,483,-249
102000029,466,185,281
102000030,82,267,-185
102000031,30,233,-203
102000032,234,375,-141
102000033,145,494,-349
102000034,611,408,203
102000035,1151,535,616
102000036,8,216,-208
102000037,186,93,93
102000038,97,77,20
102000039,91,40,51
102000040,468,102,366
102000041,226,205,21
102000042,237,112,125
102000043,385,184,201
102000044,232,440,-208
102000045,624,1120,-496
102000046,810,472,338
102000047,679,1285,-606
102000048,192,640,-448
102000049,803,537,266
102000050,912,1090,-178
102000051,292,557,-265
102000052,1089,856,233
102000053,654,886,-232
102000054,265,837,-572
102000055,812,1068,-256
102000056,747,1779,-1032
102000057,1779,684,1095
102000058,1347,2432,-1085
102000059,1177,1699,-522
102000060,1213,1177,36
102000061,1337,2977,-1640
102000062,948,1635,-687
102000063,1143,1575,-432
102000064,461,669,-208
102000065,45,212,-167
102000066,1549,1102,447
102000067,3162,2900,262
102000068,8704,2472,6232
102000069,51,1767,-1716
102000070,2487,54,2433
102000071,7070,9937,-2867
102000072,3378,4818,-1440
102000073,1938,1559,379
102000074,1158,1052,106
102000075,347,321,26
102000076,416,648,-232
102000077,366,1255,-889
102000078,783,1074,-291
102000079,117,311,-194
102000080,303,245,58
102000081,402,894,-492
102000082,739,473,266
102000083,268,701,-433
102000084,158,480,-322
102000085,1506,1425,81
102000086,1139,1569,-430
102000087,620,2264,-1644
102000088,194,322,-128
102000089,996,588,408
102000090,449,1503,-1054
102000091,1601,607,994
102000092,721,1119,-398
102000093,798,580,218
102000094,1313,431,882
102000095,1170,1606,-436
102000096,1765,758,1007
102000097,1773,1608,165
102000098,757,1211,-454
102000099,1079,538,541
102000100,1169,796,373
102000101,1627,346,1281
102000102,517,1488,-971
102000103,1528,366,1162
102000104,1099,363,736
102000105,170,902,-732
102000106,596,985,-389
102000107,534,568,-34
102000108,480,302,178
102000109,329,644,-315
102000110,414,1783,-1369
102000111,13,379,-366
102000112,166,67,99
102000113,5,48,-43
102000114,974,365,609
102000115,193,173,20
102000116,440,264,176
102000117,341,527,-186
102000118,1701,1080,621
102000119,2687,523,2164
102000120,104,463,-359
102000121,1199,537,662
102000122,475,754,-279
102000123,1599,1233,366
102000124,978,874,104
102000125,1147,975,172
102000126,579,673,-94
102000127,1025,724,301
102000128,461,1162,-701
102000129,1239,1061,178
102000130,403,758,-355
102000131,2978,786,2192
102000132,1176,664,512
102000133,1080,2803,-1723
102000134,394,887,-493
102000135,1041,622,419
102000136,1114,450,664
102000137,1528,874,654
102000138,347,538,-191
102000139,120,447,-327
102000140,450,225,225
102000141,459,558,-99
102000142,168,503,-335
102000143,71,552,-481
102000144,87,567,-480
102000145,249,515,-266
102000146,271,375,-104
102000147,300,347,-47
102000148,182,238,-56
102000149,98,793,-695
102000150,202,209,-7
102000151,78,385,-307
102000152,74,154,-80
102000153,716,264,452
102000154,375,643,-268
102000155,107,315,-208
102000156,381,59,322
102000157,64,167,-103
102000158,232,183,49
102000159,1912,266,1646
102000161,5643,1494,4149
102000162,231,133,98
102000163,184,470,-286
102000164,1590,897,693
102000165,311,147,164
102000166,14,93,-79
102000167,229,199,30
102000168,237,100,137
102000169,88,449,-361
102000170,820,119,701
102000171,133,97,36
102000172,60,216,-156
102000173,258,184,74
102000174,50,81,-31
102000175,137,219,-82
102000176,42,56,-14
102000178,339,691,-352
102000179,258,225,33
102000180,403,663,-260
102000181,354,745,-391
102000182,389,712,-323
102000183,1166,2000,-834
102000184,930,1067,-137
102000185,1678,1925,-247
102000186,737,2173,-1436
102000187,660,2074,-1414
102000188,669,1843,-1174
102000189,3466,940,2526
102000190,806,2790,-1984
102000191,1642,646,996
102000192,690,1126,-436
102000193,57,220,-163
102000194,69,153,-84
102000195,247,663,-416
102000196,113,692,-579
102000197,359,648,-289
102000198,155,1030,-875
102000199,356,459,-103
102000200,226,1432,-1206
102000201,466,596,-130
102000202,1,201,-200
102000203,155,308,-153
102000204,193,1129,-936
102000205,582,935,-353
102000206,431,811,-380
102000207,565,546,19
102000208,255,539,-284
102000209,34,41,-7
102000210,148,584,-436
102000211,257,518,-261
102000212,78,24,54
102000213,9,415,-406
102000214,112,12,100
102000215,6,792,-786
102000216,28,27,1
102000217,1,244,-243
102000218,121,55,66
102000219,355,450,-95
102000225,777,852,-75
102000226,11930,874,11056
102000227,110,6,104
102000228,0,103,-103
102000229,21,34,-13
102000230,316,706,-390
102000231,187,479,-292
102000232,6,180,-174
102000233,362,762,-400
102000234,103,1861,-1758
102000236,391,72,319
102000237,419,192,227
102000238,141,290,-149
102000240,637,454,183
102000241,220,138,82
102000243,17,70,-53
102000245,20,107,-87
102000246,21,20,1
102000247,402,1030,-628
102000248,131,406,-275
102000249,112,199,-87
102000250,32,492,-460
102000254,26,522,-496
102000266,83,220,-137
102000271,10,0,10
102000286,529,395,134
102000297,1612,931,681
102000299,0,0,0
102000301,0,0,0
102000302,0,0,0
102000303,0,0,0
102000304,0,0,0
102000305,0,1,-1
102000306,0,1,-1
102000307,0,3,-3
102000308,0,1,-1
102900001,1201,1030,171
102900002,510,35,475
102900003,26,348,-322
102900005,222,362,-140
102900006,460,232,228
102900007,643,33,610
102900008,208,90,118
102900009,461,160,301
102900010,874,662,212
102900011,2475,301,2174
102900012,403,62,341
102900013,12,97,-85
102900015,1038,296,742
102900016,32,144,-112
102900017,79,754,-675
102900018,15,160,-145
102900019,363,490,-127
102900020,103,39,64
102900021,4,119,-115
102900022,368,57,311
102900023,16,53,-37
102900024,22,46,-24
102900025,354,85,269
102900026,569,1295,-726
102900027,45,73,-28
102900028,105,383,-278
102900029,114,136,-22
102900030,330,213,117
102900031,61,168,-107
102900032,35,143,-108
102900033,108,216,-108
102900034,173,145,28
102900035,47,515,-468
102900036,163,643,-480
102900037,189,798,-609
102900038,370,609,-239
102900039,15,397,-382
102900040,100,261,-161
102900041,53,194,-141
102900042,151,333,-182
102900043,73,247,-174
102900044,693,2266,-1573
102900045,100,610,-510
102900046,73,380,-307
102900047,132,811,-679
102900048,507,809,-302
102900049,58,393,-335
102900050,300,434,-134
102900051,140,198,-58
102900052,47,28,19
102900053,320,823,-503
102900054,1052,935,117
102900055,103,123,-20
102900056,168,578,-410
102900057,0,29,-29
102900058,402,47,355
102900059,5,42,-37
102900060,56,485,-429
102900061,89,547,-458
102900062,102,1584,-1482
102900063,554,464,90
102900064,219,548,-329
102900065,1886,835,1051
102900066,322,41,281
102900068,86,82,4
102900070,191,813,-622
102900072,3,30,-27
102900073,141,4,137
102900074,165,159,6
102900075,29,35,-6
102900076,278,70,208
102900077,43,25,18
102900078,47,68,-21
102900079,316,17,299
102900080,306,35,271
102900081,69,276,-207
102900082,17,289,-272
102900083,366,5,361
102900084,16,14,2
102900085,142,54,88
102900086,8,25,-17
102900087,49,155,-106
102900088,25,56,-31
102900089,259,137,122
102900090,3,436,-433
102900091,84,3,81
102900092,155,1057,-902
102900093,197,249,-52
102900094,3,52,-49
102900095,78,6,72
102900096,35,12,23
102900097,7,127,-120
103000001,2107,2429,-322
103000002,1878,2120,-242
103000003,3160,2494,666
103000004,1051,718,333
103000005,2111,2235,-124
103000006,528,1233,-705
103000007,397,865,-468
103000008,827,1067,-240
103000009,728,1040,-312
103000010,111,160,-49
103000011,2093,1080,1013
103000012,1175,1259,-84
103000013,7554,2164,5390
103000014,1447,1627,-180
103000015,2794,858,1936
103000016,596,799,-203
103000017,139,364,-225
103000018,1067,395,672
103000019,152,175,-23
103000020,1677,1305,372
103000021,1259,1327,-68
103000022,950,1177,-227
103000023,357,1206,-849
103000024,119,180,-61
103000025,54,386,-332
103000026,1972,152,1820
103000027,286,391,-105
103000028,933,359,574
103000029,580,179,401
103000030,2518,661,1857
103000031,1755,1199,556
103000032,2090,1754,336
103000033,2540,2384,156
103000034,2093,963,1130
103000035,440,996,-556
103000036,499,435,64
103000037,729,480,249
103000038,643,788,-145
103000039,239,511,-272
103000040,244,1377,-1133
103000041,1468,3189,-1721
103000042,637,823,-186
103000043,298,1352,-1054
103000044,126,332,-206
103000046,232,346,-114
103000047,415,925,-510
103000048,121,147,-26
103000049,88,243,-155
103000050,499,740,-241
103000051,291,595,-304
103000052,581,492,89
103000053,117,422,-305
103000054,1723,1148,575
103000055,1339,1739,-400
103000056,454,2731,-2277
103000057,458,367,91
103000058,344,1080,-736
103000059,259,870,-611
103000060,622,888,-266
103000061,319,863,-544
103000062,1027,976,51
103000063,649,751,-102
103000064,101,326,-225
103000065,7,391,-384
103000066,99,10,89
103000069,166,430,-264
103000070,643,1472,-829
103000071,596,339,257
103000072,106,1114,-1008
103000073,323,139,184
103000074,390,66,324
103000075,79,1040,-961
103000076,212,196,16
103000077,43,421,-378
103000078,1064,299,765
103000079,1392,426,966
103000080,1291,208,1083
103000081,557,712,-155
103000082,386,195,191
103000083,123,371,-248
103000084,94,3,91
103000085,1,121,-120
103000086,527,266,261
103000087,134,482,-348
103000088,336,380,-44
103000089,184,288,-104
103000090,1461,1042,419
103000091,503,474,29
103000092,265,317,-52
103000093,312,646,-334
103000094,131,135,-4
103000095,28,454,-426
103000096,660,125,535
103000097,74,789,-715
103000098,1135,166,969
103000099,442,730,-288
103000100,67,1036,-969
103000101,419,168,251
103000102,111,710,-599
103000103,418,256,162
103000104,24,188,-164
103000105,80,123,-43
103000106,15,111,-96
103000107,248,71,177
103000108,499,568,-69
103000109,411,331,80
103000110,351,423,-72
103000111,623,491,132
103000112,294,275,19
103000113,708,652,56
103000114,769,331,438
103000115,393,480,-87
103000116,425,545,-120
103000117,108,535,-427
103000118,1259,1229,30
103000119,1909,711,1198
103000120,44,85,-41
103000121,331,577,-246
103000122,301,246,55
103000125,8,558,-550
103000126,289,4,285
103000127,2,227,-225
103000128,89,2,87
103000129,1,170,-169
103000130,33,26,7
103000131,227,87,140
103000132,73,122,-49
103000133,5,235,-230
103000134,936,553,383
103000135,995,227,768
103000136,816,284,532
103000137,627,589,38
103000138,851,601,250
103000139,2,64,-62
103000140,125,27,98
103000141,21,123,-102
103000142,115,56,59
103000143,40,224,-184
103000144,105,92,13
103000145,42,33,9
103000150,58,57,1
103000152,158,254,-96
103000153,108,193,-85
103000156,6,542,-536
103000157,194,4,190
103000159,128,100,28
103000162,78,37,41
103000163,10,21,-11
103000164,10,15,-5
103000165,139,542,-403
103000166,139,172,-33
103000167,166,112,54
103000168,64,156,-92
103000169,171,410,-239
103000170,457,504,-47
103000171,33,85,-52
103000172,303,1045,-742
103000173,155,742,-587
103000174,140,371,-231
103000175,135,507,-372
103000176,766,231,535
103000177,800,431,369
103000178,448,288,160
103000179,67,36,31
103000183,59,47,12
103000185,40,91,-51
103000186,37,181,-144
103000187,181,679,-498
103000188,8,75,-67
103000189,715,1119,-404
103000191,835,840,-5
103000292,2968,923,2045
103000293,1737,1143,594
103000295,111,68,43
103000296,271,2,269
103000297,157,24,133
103000504,82,16,66
103000505,6,5,1
103000506,3,241,-238
103000507,82,3,79
103000508,85,30,55
103000509,184,606,-422
103900001,6,468,-462
103900002,1998,210,1788
103900003,1935,112,1823
103900004,35,0,35
103900005,4,326,-322
103900006,0,0,0
103900007,8,2,6
103900008,8,1,7
103900009,128,280,-152
103900010,118,291,-173
103900011,70,292,-222
103900012,5,14,-9
103900013,32,76,-44
103900014,26,34,-8
103900015,19,20,-1
103900016,259,282,-23
103900017,15,110,-95
103900018,666,150,516
103900019,41,146,-105
103900020,150,275,-125
103900021,985,59,926
103900022,765,631,134
103900023,87,1,86
103900024,112,747,-635
103900025,2,36,-34
103900026,27,0,27
103900027,370,282,88
103900028,14,238,-224
103900029,666,80,586
103900030,109,35,74
103900031,5,0,5
103900032,45,16,29
103900033,66,9,57
103900034,16,300,-284
103900035,35,72,-37
103900036,55,15,40
103900037,34,37,-3
103900038,43,94,-51
103900039,35,547,-512
103900040,2,267,-265
103900041,17,27,-10
103900042,22,547,-525
103900043,39,143,-104
103900044,304,123,181
103900045,138,129,9
103900047,25,38,-13
103900048,55,15,40
103900049,219,1286,-1067
103900050,0,55,-55
103900051,1,35,-34
103900052,89,655,-566
103900053,43,1125,-1082
103900054,46,664,-618
103900055,262,232,30
103900056,10,57,-47
103900057,9,290,-281
103900058,90,1001,-911
103900059,0,1,-1
103900060,13,231,-218
103900061,50,43,7
103900062,83,62,21
103900063,3,0,3
103900064,30,4,26
103900065,924,374,550
103900066,58,31,27
103900067,69,10,59
103900068,1,0,1
103900069,34,4,30
103900070,81,271,-190
103900071,43,194,-151
103900072,6,302,-296
103900073,24,13,11
103900074,29,94,-65
103900075,80,70,10
103900076,194,938,-744
103900077,80,47,33
103900078,60,144,-84
103900079,72,272,-200
103900080,13,11,2
103900081,67,5,62
103900082,2,101,-99
103900083,2489,429,2060
103900084,55,109,-54
103900085,86,117,-31
103900086,239,315,-76
103900087,19,110,-91
103900088,363,191,172
103900089,36,163,-127
103900090,5,205,-200
103900091,893,262,631
103900092,208,513,-305
103900093,81,550,-469
103900094,2,176,-174
103900095,149,131,18
103900096,9,438,-429
103900097,9,629,-620
103900098,121,63,58
103900099,18,287,-269
103900100,111,423,-312
103900101,61,1029,-968
103900102,1,35,-34
103900104,1,29,-28
103900105,78,210,-132
103900106,0,10,-10
103900107,48,255,-207
103900108,45,455,-410
103900109,32,81,-49
103900110,169,50,119
103900111,30,915,-885
103900112,11,64,-53
103900113,121,177,-56
103900114,448,354,94
103900115,255,62,193
103900116,6903,1096,5807
103900117,276,138,138
103900119,37,51,-14
103900120,20,94,-74
103900122,50,394,-344
103900123,1483,511,972
103900124,16,146,-130
103900125,43,82,-39
103900126,268,662,-394
103900127,89,847,-758
103900128,24,205,-181
103900131,0,112,-112
103900133,744,21,723
103900134,0,1,-1
103900135,17,10,7
103900137,0,80,-80
103900138,28,451,-423
103900139,181,928,-747
103900140,19,26,-7
103900141,236,92,144
103900142,59,237,-178
103900143,32,5,27
103900144,1,69,-68
103900145,135,308,-173
103900146,250,376,-126
103900147,227,129,98
103900148,91,227,-136
103900149,91,884,-793
103900150,8456,1907,6549
103900151,51,178,-127
103900152,223,917,-694
103900153,2,4,-2
103900154,1473,679,794
103900155,12,274,-262
103900156,7,182,-175
103900157,17,270,-253
103900158,25,227,-202
103900159,27,81,-54
103900160,9,13,-4
103900161,69,163,-94
103900162,46,262,-216
103900163,4,396,-392
103900164,130,45,85
103900167,17,63,-46
103900168,65,142,-77
103900169,22,41,-19
103900170,8,105,-97
103900171,6,68,-62
103900172,11,11,0
103900173,3,7,-4
103900174,101,63,38
103900175,32,37,-5
103900176,5,24,-19
103900177,3,46,-43
103900178,19,93,-74
103900179,30,225,-195
103900180,6,126,-120
103900181,51,30,21
103900182,39,6,33
103900184,563,49,514
103900185,214,101,113
103900187,70,48,22
103900188,27,11,16
103900189,98,16,82
103900190,45,47,-2
103900191,19,44,-25
103900192,39,78,-39
103900193,212,165,47
103900194,44,403,-359
103900195,0,24,-24
103900196,17,11,6
103900197,7,31,-24
103900198,9,45,-36
103900199,70,81,-11
103900200,123,170,-47
103900201,73,239,-166
103900202,4,62,-58
103900203,19,13,6
103900204,1,169,-168
103900207,1,172,-171
103900208,33,0,33
103900209,7,121,-114
103900210,14,29,-15
103900211,318,749,-431
103900212,56,546,-490
103900213,122,297,-175
103900214,193,77,116
103900215,690,227,463
103900216,8,907,-899
103900217,307,53,254
103900218,2,241,-239
103900219,43,350,-307
103900233,126,7,119
103900235,33,21,12
103900236,19,2,17
103900242,6,11,-5
103900243,14,4,10
103900244,44,407,-363
103900245,62,284,-222
103900246,32,42,-10
103900247,37,89,-52
103900248,13,24,-11
103900249,11,34,-23
103900250,25,10,15
103900251,2,27,-25
103900253,22,46,-24
103900254,3,13,-10
103900255,6,9,-3
103900256,33,7,26
103900257,32,89,-57
103900258,9,3,6
103900259,78,9,69
103900261,9,3,6
103900262,7,0,7
103900263,47,19,28
103900264,54,2,52
103900265,81,13,68
103900266,0,54,-54
103900267,4,50,-46
103900268,1,29,-28
103900269,18,39,-21
103900270,4,30,-26
104000001,1863,2296,-433
104000002,1435,2678,-1243
104000003,2601,2354,247
104000004,3754,2704,1050
104000005,901,1982,-1081
104000006,2669,3223,-554
104000007,4196,3823,373
104000008,288,503,-215
104000009,89,172,-83
104000010,120,187,-67
104000011,833,525,308
104000012,153,540,-387
104000013,93,157,-64
104000014,186,916,-730
104000015,212,182,30
104000016,513,484,29
104000018,446,151,295
104000019,374,82,292
104000020,204,987,-783
104000021,263,827,-564
104000022,103,327,-224
104000023,433,293,140
104000024,178,464,-286
104000026,34,303,-269
104000027,236,519,-283
104000028,283,270,13
104000029,412,668,-256
104000030,218,264,-46
104000031,627,275,352
104000032,193,443,-250
104000033,423,370,53
104000034,319,514,-195
104000035,435,450,-15
104000036,315,713,-398
104000037,281,381,-100
104000038,208,284,-76
104000039,206,510,-304
104000040,469,621,-152
104000041,560,356,204
104000042,206,470,-264
104000043,294,433,-139
104000044,225,897,-672
104000045,754,1313,-559
104000046,1557,1821,-264
104000047,767,1558,-791
104000048,1171,2262,-1091
104000049,326,314,12
104000050,242,600,-358
104000051,71,777,-706
104000052,956,1551,-595
104000053,675,691,-16
104000054,412,636,-224
104000055,4067,3301,766
104000056,1681,258,1423
104000057,83,520,-437
104000058,522,743,-221
104000059,421,1312,-891
104000060,606,1119,-513
104000061,853,1499,-646
104000062,195,195,0
104000064,671,313,358
104000065,106,438,-332
104000069,1666,528,1138
104000070,47,359,-312
104000071,120,408,-288
104000072,641,202,439
104000075,54,286,-232
104000076,423,133,290
104000082,2144,2544,-400
104000083,679,189,490
104000084,153,480,-327
104000085,184,216,-32
104000086,154,399,-245
104000087,536,1076,-540
104000090,552,1961,-1409
104000092,614,3242,-2628
104000094,704,2702,-1998
104000095,1294,1445,-151
104000096,1004,403,601
104000097,1173,1234,-61
104000098,1220,1613,-393
104000100,1027,782,245
104000101,821,2651,-1830
104000106,73,639,-566
104000107,513,642,-129
104000108,369,672,-303
104000109,251,51,200
104000110,980,971,9
104000111,6412,1765,4647
104000112,2909,571,2338
104000116,2,1410,-1408
104000117,72,1106,-1034
104000118,317,302,15
104000119,388,277,111
104000120,160,1087,-927
104000121,183,683,-500
104000122,467,769,-302
104000123,1036,1568,-532
104000124,2095,3263,-1168
104000125,5357,2846,2511
104000126,297,490,-193
104000127,1705,5066,-3361
104000128,943,545,398
104000129,510,44,466
104000130,3,225,-222
104000131,1183,757,426
104000132,751,1011,-260
104000133,1030,849,181
104000134,951,1306,-355
104000135,444,1047,-603
104000136,1026,2256,-1230
104000137,2186,271,1915
104000138,1587,450,1137
104000139,11258,3185,8073
104000141,1577,2087,-510
104000142,609,1274,-665
104000143,475,934,-459
104000144,56,212,-156
104000145,358,195,163
104000146,420,651,-231
104000147,102,471,-369
104000148,189,169,20
104000149,133,475,-342
104000150,676,410,266
104000151,358,803,-445
104000152,445,980,-535
104000153,243,420,-177
104000154,1247,905,342
104000155,317,439,-122
104000157,1208,1974,-766
104000158,387,314,73
104000159,473,298,175
104000160,1572,1361,211
104000161,212,188,24
104000162,45,101,-56
104000165,1373,1089,284
104000167,461,550,-89
104000168,528,9,519
104000169,66,67,-1
104000170,949,323,626
104000248,182,867,-685
104000251,63,411,-348
104000272,0,0,0
104000273,0,0,0
104000274,0,0,0
104000275,0,0,0
104000279,747,641,106
104000290,48,426,-378
104000291,505,1186,-681
104000293,472,697,-225
104000294,7,0,7
104000295,438,800,-362
104000296,220,914,-694
104000297,822,1533,-711
104000298,2378,1064,1314
104000299,624,1409,-785
104900001,72,431,-359
104900002,32,81,-49
104900003,28,466,-438
104900004,66,462,-396
104900005,109,145,-36
104900006,98,80,18
104900007,174,292,-118
104900009,92,512,-420
104900010,26,12,14
104900011,8,0,8
104900012,87,4,83
104900013,62,3,59
104900014,4231,368,3863
104900015,79,2,77
104900016,111,411,-300
104900017,48,188,-140
104900018,4,241,-237
104900019,269,1186,-917
104900020,37,321,-284
104900021,5,431,-426
104900022,11,146,-135
104900023,3,216,-213
104900024,15,139,-124
104900025,40,413,-373
104900026,3,186,-183
104900027,199,203,-4
104900028,42,137,-95
104900029,78,147,-69
104900030,372,183,189
104900031,159,229,-70
104900032,26,210,-184
104900033,70,205,-135
104900034,227,76,151
104900035,125,92,33
104900036,136,65,71
104900037,85,312,-227
104900038,677,528,149
104900039,1344,176,1168
104900040,171,57,114
104900041,142,139,3
104900042,106,357,-251
104900043,10,46,-36
104900044,285,213,72
104900045,267,57,210
104900046,76,166,-90
104900047,180,128,52
104900048,163,103,60
104900049,15,6,9
104900050,82,130,-48
104900051,128,30,98
104900052,43,0,43
104900053,244,56,188
104900054,244,70,174
104900055,42,1,41
104900056,96,12,84
104900057,39,2,37
104900058,1369,178,1191
104900059,17,44,-27
104900060,1,367,-366
104900061,273,813,-540
104900063,1,179,-178
104900064,0,131,-131
104900065,0,91,-91
104900066,0,229,-229
104900067,3,276,-273
104900068,4,243,-239
104900070,118,348,-230
104900071,1,842,-841
104900072,36,232,-196
104900073,28,294,-266
104900074,31,223,-192
104900075,28,71,-43
104900076,63,472,-409
104900077,1348,93,1255
104900078,104,949,-845
104900079,111,172,-61
104900080,38,658,-620
104900082,8,330,-322
104900085,1,274,-273
104900087,306,2,304
104900089,109,0,109
104900090,412,488,-76
104900091,556,1129,-573
104900093,200,597,-397
104900097,3180,1122,2058
104900098,53,26,27
104900099,868,697,171
104900100,765,259,506
104900102,34,270,-236
104900103,497,112,385
104900104,4531,1323,3208
104900106,22,161,-139
104900107,50,365,-315
104900108,16,407,-391
104900109,70,305,-235
104900110,4,49,-45
104900111,177,89,88
104900112,157,1093,-936
104900113,433,580,-147
104900114,216,863,-647
104900115,312,649,-337
104900116,112,367,-255
104900118,7,70,-63
104900119,0,27,-27
104900120,39,87,-48
104900121,3,168,-165
104900122,4,133,-129
104900123,15,1,14
104900124,10,2,8
104900125,377,5,372
104900126,67,57,10
104900127,7,28,-21
104900128,84,195,-111
104900129,3515,932,2583
105000001,1967,1764,203
105000002,1582,1876,-294
105000003,2285,4287,-2002
105000004,459,1089,-630
105000005,655,1319,-664
105000006,818,1460,-642
105000007,727,1130,-403
105000008,850,1504,-654
105000009,1198,2546,-1348
105000010,3245,2855,390
105000011,1892,1955,-63
105000012,4554,3537,1017
105000013,547,887,-340
105000014,1307,1935,-628
105000015,9027,6552,2475
105000016,3604,2051,1553
105000017,1595,1161,434
105000018,1387,923,464
105000019,1548,980,568
105000020,258,322,-64
105000021,249,142,107
105000022,130,26,104
105000023,480,227,253
105000028,49,162,-113
105000029,251,869,-618
105000030,4075,4035,40
105000033,1072,2313,-1241
105000034,145,546,-401
105000037,669,523,146
105000038,1865,1239,626
105000039,3827,2454,1373
105000040,755,659,96
105000041,882,1578,-696
105000042,3165,1106,2059
105000043,2622,2950,-328
105000044,283,417,-134
105000045,319,1057,-738
105000046,488,360,128
105000047,392,1657,-1265
105000048,375,207,168
105000049,228,789,-561
105000050,323,335,-12
105000051,216,532,-316
105000052,502,968,-466
105000053,135,130,5
105000054,208,1078,-870
105000055,346,469,-123
105000056,724,2949,-2225
105000057,1011,1134,-123
105000058,1443,1617,-174
105000059,489,541,-52
105000060,384,713,-329
105000061,355,424,-69
105000062,740,1235,-495
105000063,301,744,-443
105000064,608,712,-104
105000065,286,1046,-760
105000066,937,2368,-1431
105000067,670,677,-7
105000068,451,1099,-648
105000069,3032,716,2316
105000070,886,788,98
105000071,203,393,-190
105000072,452,912,-460
105000073,613,528,85
105000074,944,1133,-189
105000075,491,864,-373
105000076,1175,1270,-95
105000077,1707,806,901
105000078,1378,1039,339
105000079,1901,1698,203
105000080,1927,1179,748
105000081,1106,742,364
105000082,523,464,59
105000083,1140,855,285
105000084,490,1200,-710
105000085,1095,1121,-26
105000086,506,924,-418
105000087,2298,2095,203
105000088,1704,1358,346
105000089,3732,2652,1080
105000090,1234,1112,122
105000091,2119,2307,-188
105000092,674,1170,-496
105000093,316,169,147
105000094,258,248,10
105000095,65,389,-324
105000096,889,719,170
105000097,956,626,330
105000098,479,523,-44
105000099,712,953,-241
105000100,955,1223,-268
105000101,1623,2244,-621
105000102,2491,1596,895
105000103,1750,2362,-612
105000104,1423,1143,280
105000105,907,1887,-980
105000106,1056,1853,-797
105000107,734,1245,-511
105000108,921,2226,-1305
105000109,1083,1954,-871
105000110,538,920,-382
105000111,376,570,-194
105000112,955,970,-15
105000113,448,496,-48
105000114,3864,1054,2810
105000115,261,628,-367
105000116,427,537,-110
105000117,745,1616,-871
105000118,229,464,-235
105000119,536,1465,-929
105000120,596,719,-123
105000121,762,1328,-566
105000122,206,392,-186
105000123,1024,1757,-733
105000124,1180,1086,94
105000125,485,2141,-1656
105000126,1474,2385,-911
105000127,1881,2204,-323
105000128,335,1562,-1227
105000129,647,297,350
105000130,111,845,-734
105000131,484,398,86
105000132,668,374,294
105000133,281,1217,-936
105000134,361,525,-164
105000135,346,665,-319
105000136,31,141,-110
105000137,178,346,-168
105000138,59,177,-118
105000139,1110,1149,-39
105000140,151,470,-319
105000141,194,784,-590
105000142,65,476,-411
105000143,226,658,-432
105000144,202,658,-456
105000145,372,557,-185
105000146,553,715,-162
105000147,344,363,-19
105000148,1110,625,485
105000149,1688,1612,76
105000150,2446,1291,1155
105000151,279,327,-48
105000152,150,687,-537
105000153,443,431,12
105000154,827,859,-32
105000155,231,610,-379
105000156,1071,864,207
105000157,1193,2166,-973
105000158,1700,862,838
105000159,320,1436,-1116
105000160,1035,563,472
105000161,607,2104,-1497
105000162,355,1141,-786
105000163,1419,1402,17
105000164,246,357,-111
105000165,1542,3110,-1568
105000166,8677,410,8267
105000167,3245,1092,2153
105000168,231,1064,-833
105000169,275,557,-282
105000170,119,1318,-1199
105000171,1039,356,683
105000172,57,59,-2
105000173,49,23,26
105000174,22,31,-9
105000175,110,146,-36
105000176,92,96,-4
105000177,98,153,-55
105000178,123,803,-680
105000179,150,141,9
105000180,58,92,-34
105000181,58,501,-443
105000182,24,57,-33
105000183,3051,1458,1593
105000184,1436,943,493
105000185,1558,648,910
105000186,467,1084,-617
105000187,626,317,309
105000188,202,132,70
105000189,146,647,-501
105000190,153,375,-222
105000191,270,464,-194
105000192,84,88,-4
105000193,69,195,-126
105000194,152,164,-12
105000195,294,1380,-1086
105000196,23,55,-32
105000197,246,895,-649
105000198,550,341,209
105000199,202,161,41
105000200,107,264,-157
105000201,80,22,58
105000203,4,321,-317
105000204,70,105,-35
105000205,93,297,-204
105000207,898,262,636
105000208,275,370,-95
105000209,152,398,-246
105000212,886,1732,-846
105000213,231,185,46
105000214,66,288,-222
105000215,161,326,-165
105000216,59,481,-422
105000217,185,421,-236
105000218,632,1082,-450
105000221,101,255,-154
105000222,68,52,16
105000223,116,193,-77
105000226,20,495,-475
105000227,11,264,-253
105000228,175,892,-717
105000229,57,171,-114
105000231,115,245,-130
105000233,521,640,-119
105000234,605,1493,-888
105000235,221,475,-254
105000237,493,39,454
105000243,11,242,-231
105000248,66,47,19
105000262,196,2155,-1959
105000269,95,183,-88
105000270,169,117,52
105000271,1,298,-297
105000282,111,56,55
105000287,315,147,168
105000288,472,439,33
105000289,987,765,222
105000290,7,3,4
105000402,5684,1907,3777
105000426,367,533,-166
105000438,874,558,316
105000446,14830,5279,9551
105000447,8957,2930,6027
105000454,128,695,-567
105000455,214,235,-21
105000474,42,0,42
105000477,190,403,-213
105000478,1118,1907,-789
105000479,76,153,-77
105000480,1765,1952,-187
105000481,2222,2041,181
105000482,4617,2974,1643
105000483,921,1166,-245
105000484,2532,2688,-156
105000485,972,1267,-295
105000486,3576,2499,1077
105000488,2887,2899,-12
105000489,520,870,-350
105000549,27,160,-133
105000550,422,1201,-779
105000551,39,93,-54
105000552,3551,2229,1322
105900001,5,738,-733
105900002,1766,554,1212
105900003,4,119,-115
105900004,543,129,414
105900005,4,277,-273
105900006,12,34,-22
105900007,87,6,81
105900008,43,821,-778
105900009,9,15,-6
105900011,167,34,133
105900012,395,163,232
105900013,2,14,-12
105900014,8,83,-75
105900015,147,348,-201
105900016,200,797,-597
105900017,590,52,538
105900018,228,297,-69
105900019,78,608,-530
105900020,23,70,-47
105900021,26,442,-416
105900022,231,313,-82
105900023,8,170,-162
105900024,5,215,-210
105900025,49,25,24
105900026,212,31,181
105900027,5213,4616,597
105900028,36,158,-122
105900029,2116,406,1710
105900030,181,274,-93
105900031,401,189,212
105900032,34,143,-109
105900033,79,127,-48
105900034,126,245,-119
105900035,216,220,-4
105900036,36,100,-64
105900037,63,60,3
105900038,138,288,-150
105900039,43,123,-80
105900040,53,108,-55
105900041,153,356,-203
105900042,29,104,-75
105900043,1798,87,1711
105900044,1,184,-183
105900045,1,730,-729
105900046,3,195,-192
105900047,31,29,2
105900048,44,511,-467
105900050,3237,879,2358
105900051,7,1177,-1170
105900052,253,102,151
105900053,4266,1233,3033
105900054,250,293,-43
105900056,783,218,565
105900057,25,172,-147
105900058,9,35,-26
105900059,1,33,-32
106000001,4162,1367,2795
106000002,3202,4284,-1082
106000003,2645,2282,363
106000004,2272,2532,-260
106000005,2362,4940,-2578
106000006,6279,5219,1060
106000007,421,535,-114
106000008,478,343,135
106000009,390,358,32
106000010,498,566,-68
106000011,653,1017,-364
106000012,691,1771,-1080
106000013,1392,2011,-619
106000014,2074,2120,-46
106000015,1066,1134,-68
106000016,1070,2737,-1667
106000017,593,768,-175
106000018,476,685,-209
106000019,251,429,-178
106000020,215,614,-399
106000021,216,517,-301
106000022,235,373,-138
106000023,415,367,48
106000024,520,939,-419
106000025,83,208,-125
106000026,199,344,-145
106000027,666,1223,-557
106000028,421,824,-403
106000029,904,1752,-848
106000030,1041,359,682
106000034,146,639,-493
106000035,768,998,-230
106000036,324,367,-43
106000037,1613,1552,61
106000038,633,96,537
106000039,211,59,152
106000040,164,741,-577
106000041,758,293,465
106000043,547,89,458
106000046,347,27,320
106000047,22,298,-276
106000049,389,139,250
106000050,255,893,-638
106000051,391,356,35
106000052,50,741,-691
106000053,134,117,17
106000054,319,543,-224
106000055,570,837,-267
106000056,220,565,-345
106000057,247,202,45
106000058,107,201,-94
106000059,130,264,-134
106000060,522,672,-150
106000061,162,394,-232
106000062,169,636,-467
106000063,478,465,13
106000064,41,460,-419
106000065,216,216,0
106000066,94,418,-324
106000067,213,109,104
106000068,33,728,-695
106000069,122,100,22
106000070,263,935,-672
106000071,618,297,321
106000072,4999,1407,3592
106000073,1914,2159,-245
106000074,263,589,-326
106000075,239,1078,-839
106000076,1090,1637,-547
106000077,3167,1241,1926
106000078,578,907,-329
106000079,508,1301,-793
106000080,855,820,35
106000081,427,1142,-715
106000082,2212,982,1230
106000083,301,1302,-1001
106000084,888,727,161
106000085,1491,1051,440
106000086,550,707,-157
106000087,721,610,111
106000088,375,808,-433
106000089,679,518,161
106000090,260,704,-444
106000091,209,730,-521
106000092,468,266,202
106000093,182,102,80
106000094,101,302,-201
106000095,372,1237,-865
106000096,563,877,-314
106000097,577,1542,-965
106000098,389,1115,-726
106000099,180,1066,-886
106000100,993,324,669
106000101,1909,325,1584
106000102,289,637,-348
106000103,279,713,-434
106000104,638,455,183
106000105,347,1075,-728
106000106,341,492,-151
106000107,49,445,-396
106000108,123,379,-256
106000109,65,343,-278
106000110,104,378,-274
106000111,117,728,-611
106000112,92,421,-329
106000113,963,743,220
106000114,382,460,-78
106000115,169,646,-477
106000116,116,262,-146
106000117,971,850,121
106000118,920,1071,-151
106000119,2584,1396,1188
106000120,719,824,-105
106000121,112,189,-77
106000122,42,346,-304
106000123,205,324,-119
106000124,28,481,-453
106000125,24,489,-465
106000126,95,224,-129
106000127,373,1030,-657
106000128,340,302,38
106000129,298,881,-583
106000130,451,381,70
106000131,90,675,-585
106000132,753,134,619
106000133,3991,996,2995
106000134,776,1482,-706
106000135,228,895,-667
106000136,471,433,38
106000137,70,1661,-1591
106000138,537,44,493
106000139,39,151,-112
106000140,34,133,-99
106000141,39,161,-122
106000142,57,110,-53
106000143,18,176,-158
106000144,23,84,-61
106000145,106,541,-435
106000146,162,250,-88
106000147,427,496,-69
106000148,687,959,-272
106000149,405,438,-33
106000150,466,1668,-1202
106000151,5093,925,4168
106000152,1804,1195,609
106000153,81,1463,-1382
106000154,1662,223,1439
106000155,63,153,-90
106000156,518,412,106
106000157,602,2079,-1477
106000158,3410,760,2650
106000159,5042,1459,3583
106000160,156,1736,-1580
106000161,1366,563,803
106000162,147,696,-549
106000163,164,640,-476
106000164,188,353,-165
106000165,144,837,-693
106000166,368,308,60
106000167,187,1713,-1526
106000168,225,317,-92
106000169,149,1007,-858
106000170,286,293,-7
106000171,102,991,-889
106000172,2093,923,1170
106000173,768,2707,-1939
106000174,941,302,639
106000175,256,1120,-864
106000176,860,608,252
106000177,667,2576,-1909
106000178,2651,1346,1305
106000179,1109,2373,-1264
106000180,735,2083,-1348
106000181,432,2412,-1980
106000182,523,736,-213
106000183,555,1067,-512
106000184,713,1053,-340
106000185,459,1015,-556
106000186,802,245,557
106000187,223,788,-565
106000188,0,3,-3
106000189,4,61,-57
106000190,15,6,9
106000191,505,171,334
106000192,0,27,-27
106000193,296,176,120
106000194,141,388,-247
106000195,976,117,859
106000196,279,436,-157
106000197,233,243,-10
106000198,119,349,-230
106000199,903,540,363
106000200,493,179,314
106000201,439,1077,-638
106000202,7409,634,6775
106000203,218,195,23
106000204,31,8,23
106000205,9,138,-129
106000206,38,10,28
106000207,43,1029,-986
106000208,569,66,503
106000209,1045,258,787
106000210,200,1462,-1262
106000211,391,1727,-1336
106000212,496,134,362
106000213,833,1296,-463
106000214,2920,475,2445
106000215,159,521,-362
106000216,285,316,-31
106000217,201,444,-243
106000218,375,314,61
106000219,116,273,-157
106000220,358,291,67
106000221,113,306,-193
106000222,29,178,-149
106000223,64,135,-71
106000224,133,377,-244
106000225,47,73,-26
106000226,124,398,-274
106000228,40,151,-111
106000229,53,870,-817
106000231,424,107,317
106000232,95,468,-373
106000233,303,97,206
106000234,45,228,-183
106000235,428,98,330
106000236,183,63,120
106000237,1,7,-6
106000238,10,10,0
106000239,3,75,-72
106000240,64,1,63
106000241,16,821,-805
106000242,130,18,112
106000249,50,84,-34
106000250,40,536,-496
106000251,25,34,-9
106000252,32,118,-86
106000253,17,43,-26
106000254,42,70,-28
106000255,6,59,-53
106000256,63,112,-49
106000257,94,369,-275
106000258,165,13,152
106000259,1,26,-25
106000260,7,4,3
106000261,0,40,-40
106000262,59,16,43
106000263,0,88,-88
106000264,238,8,230
106000265,7,134,-127
106000266,90,14,76
106000267,9,125,-116
106000268,433,18,415
106000269,48,56,-8
106000270,146,450,-304
106000271,29,251,-222
106000272,85,46,39
106000273,7,234,-227
106000274,170,41,129
106000275,86,217,-131
106000276,131,65,66
106000277,120,163,-43
106000278,160,50,110
106000279,18,66,-48
106000280,27,143,-116
106000281,104,90,14
106000282,53,52,1
106000283,94,85,9
106000284,33,123,-90
106000285,100,165,-65
106000286,75,162,-87
106000287,61,98,-37
106000288,67,167,-100
106000289,44,114,-70
106000290,29,113,-84
106000291,74,111,-37
106000292,59,174,-115
106000293,70,91,-21
106000294,92,138,-46
106000295,43,58,-15
106000296,53,166,-113
106000297,51,235,-184
106000298,159,79,80
106000299,40,166,-126
106000300,28,139,-111
106000301,50,129,-79
106000303,14,58,-44
106000304,27,36,-9
106000305,35,50,-15
106000306,54,54,0
106000307,29,10,19
106000308,33,191,-158
106000309,17,94,-77
106000310,154,789,-635
106000311,175,137,38
106000312,62,223,-161
106000313,78,203,-125
106000318,164,232,-68
106000319,426,49,377
106000320,8,50,-42
106000321,305,61,244
106000322,84,240,-156
106000324,8,209,-201
106000325,1010,1024,-14
106000326,797,2145,-1348
106000327,82,170,-88
106000328,14,114,-100
106000329,75,256,-181
106000330,42,53,-11
106000428,27,209,-182
106000429,60,521,-461
106000430,296,1462,-1166
106000431,1014,279,735
106000432,1427,2671,-1244
106000433,1367,746,621
106000434,2629,975,1654
106000435,2240,2659,-419
106000436,8,364,-356
106000437,151,43,108
106000438,274,103,171
106000439,46,660,-614
106000440,195,530,-335
106000441,3,0,3
106000442,89,5,84
106000443,63,664,-601
106000450,4,251,-247
106000451,20,20,0
106000454,3,106,-103
106000455,16,193,-177
106000456,111,39,72
106000457,5,1416,-1411
106000458,246,181,65
106000459,49,424,-375
106000460,493,28,465
106000461,22,2237,-2215
106000462,0,19,-19
106000463,2,21,-19
106000464,4,584,-580
106000465,202,3,199
106000466,1,887,-886
106000467,386,661,-275
106000468,61,202,-141
106000469,259,10,249
106000470,228,1235,-1007
106000471,26,772,-746
106000472,62,5,57
106000473,29,22,7
106000474,229,788,-559
106000475,200,128,72
106000476,186,127,59
106000477,12,53,-41
106900001,1,25,-24
106900002,5,667,-662
106900003,231,873,-642
106900004,0,75,-75
106900006,0,25,-25
106900007,0,25,-25
106900008,95,302,-207
106900009,173,444,-271
106900010,124,328,-204
106900012,2080,1459,621
106900013,392,54,338
106900014,17,2,15
106900015,22,0,22
106900016,84,1,83
106900017,5,0,5
106900018,2,0,2
106900019,31,4,27
106900020,2978,624,2354
106900021,14,29,-15
106900022,291,2,289
106900023,12,328,-316
106900024,355,12,343
106900025,33,664,-631
106900026,4,901,-897
106900027,244,2,242
107000001,1917,1473,444
107000002,3057,4067,-1010
107000003,3647,4408,-761
107000004,5371,6870,-1499
107000005,1714,3605,-1891
107000006,3534,7511,-3977
107000007,4657,5932,-1275
107000008,20926,12941,7985
107000009,4540,4554,-14
107000010,12073,14269,-2196
107000011,1316,1385,-69
107000012,4545,4244,301
107000013,32,186,-154
107000014,20,283,-263
107000015,408,1037,-629
107000016,365,1467,-1102
107000017,5380,1075,4305
107000018,68,389,-321
107000020,3269,525,2744
107000021,1183,944,239
107000022,1090,1880,-790
107000023,1436,339,1097
107000024,506,2432,-1926
107000025,122,424,-302
107000026,136,765,-629
107000027,957,1047,-90
107000028,1329,1944,-615
107000029,1612,1813,-201
107000030,3432,3605,-173
107000031,2178,2018,160
107000032,367,1029,-662
107000033,3923,5451,-1528
107000034,5368,2355,3013
107000035,271,170,101
107000036,331,959,-628
107000037,87,606,-519
107000038,222,295,-73
107000039,562,517,45
107000040,132,374,-242
107000041,1300,627,673
107000042,707,1727,-1020
107000043,3053,863,2190
107000044,677,370,307
107000045,69,338,-269
107000046,449,354,95
107000047,394,897,-503
107000048,504,380,124
107000049,538,795,-257
107000050,741,487,254
107000051,488,338,150
107000052,1050,676,374
107000053,246,100,146
107000054,66,272,-206
107000055,93,101,-8
107000056,443,1006,-563
107000057,1660,236,1424
107000058,1553,1857,-304
107000059,2599,3455,-856
107000060,3148,4832,-1684
107000061,5795,4265,1530
107000062,2311,2774,-463
107000063,3612,6928,-3316
107000064,2449,1968,481
107000065,3412,6318,-2906
107000066,1720,2037,-317
107000067,761,1047,-286
107000068,1683,701,982
107000069,403,353,50
107000070,312,4,308
107000071,1407,18,1389
107000072,40,4373,-4333
107000073,329,170,159
107000074,128,1165,-1037
107000075,955,286,669
107000076,870,1966,-1096
107000077,1867,577,1290
107000078,1772,3756,-1984
107000079,1544,509,1035
107000080,1132,3625,-2493
107000081,710,438,272
107000082,524,3133,-2609
107000083,899,256,643
107000084,593,2899,-2306
107000085,2612,3131,-519
107000086,3873,3093,780
107000087,2167,2009,158
107000088,2748,3471,-723
107000089,1144,1674,-530
107000090,882,1223,-341
107000091,722,956,-234
107000092,599,1231,-632
107000093,717,764,-47
107000094,831,1562,-731
107000095,388,523,-135
107000096,526,1142,-616
107000097,403,215,188
107000098,350,519,-169
107000099,357,254,103
107000100,356,251,105
107000101,51,169,-118
107000102,340,294,46
107000103,255,162,93
107000104,249,335,-86
107000105,249,111,138
107000106,166,308,-142
107000107,358,165,193
107000108,110,926,-816
107000109,369,165,204
107000110,86,582,-496
107000111,91,48,43
107000112,26,469,-443
107000113,263,97,166
107000114,75,689,-614
107000115,257,113,144
107000116,67,1080,-1013
107000117,85,209,-124
107000118,187,284,-97
107000119,1806,960,846
107000120,2085,464,1621
107000121,445,696,-251
107000122,953,986,-33
107000123,237,900,-663
107000124,423,1024,-601
107000125,383,848,-465
107000126,437,1338,-901
107000127,23,419,-396
107000129,95,195,-100
107000130,152,253,-101
107000131,328,351,-23
107000132,422,345,77
107000133,987,162,825
107000134,294,3,291
107000135,2,292,-290
107000136,744,5,739
107000137,16,435,-419
107000138,430,25,405
107000139,13,329,-316
107000140,927,47,880
107000141,105,829,-724
107000142,213,48,165
107000143,46,995,-949
107000144,231,375,-144
107000145,117,623,-506
107000146,129,317,-188
107000147,2849,706,2143
107000150,1071,2141,-1070
107000151,48,53,-5
107000152,511,449,62
107000153,285,335,-50
107000154,165,80,85
107000155,536,24,512
107000156,848,24,824
107000157,43,3033,-2990
107000158,259,19,240
107000159,32,1597,-1565
107000160,461,84,377
107000161,49,2248,-2199
107000162,118,222,-104
107000163,20,0,20
107000164,131,3,128
107000165,389,1,388
107000166,63,1673,-1610
107000167,268,305,-37
107000168,494,271,223
107000169,940,1248,-308
107000170,867,446,421
107000171,631,3554,-2923
107000172,443,628,-185
107000173,762,1531,-769
107000174,987,2562,-1575
107000175,12426,1934,10492
107000176,0,0,0
107000177,2,0,2
107000178,4,84,-80
107000179,207,3672,-3465
107000180,678,420,258
107000181,253,1558,-1305
107000182,984,1073,-89
107000183,117,1101,-984
107000184,449,908,-459
107000185,366,1559,-1193
107000186,597,378,219
107000187,1097,1305,-208
107000188,471,458,13
107000189,344,895,-551
107000190,363,807,-444
107000191,376,867,-491
107000192,1136,988,148
107000193,289,395,-106
107000194,1048,941,107
107000197,439,232,207
107000198,230,843,-613
107000199,647,876,-229
107000200,1065,512,553
107000201,335,276,59
107000202,139,479,-340
107000203,795,629,166
107000204,869,776,93
107000205,2907,1364,1543
107000206,889,1027,-138
107000207,767,1086,-319
107000208,1545,340,1205
107000209,2688,592,2096
107000210,1719,269,1450
107000211,11,24,-13
107000212,27,256,-229
107000213,18,27,-9
107000214,15,155,-140
107000215,233,547,-314
107000216,119,514,-395
107000217,73,180,-107
107000219,63,149,-86
107000220,88,327,-239
107000222,277,835,-558
107000224,355,40,315
107000225,163,1021,-858
107000226,197,90,107
107000227,85,614,-529
107000228,97,143,-46
107000229,230,121,109
107000230,971,509,462
107000231,999,429,570
107000232,45,48,-3
107000233,712,372,340
107000234,1,19,-18
107000235,37,7,30
107000236,14,682,-668
107000237,3,1,2
107000238,24,0,24
107000239,5831,495,5336
107000240,51,1362,-1311
107000241,119,21,98
107000242,751,53,698
107000243,0,59,-59
107000244,8,76,-68
107000246,0,1429,-1429
107000249,6,1176,-1170
107000251,2,289,-287
107000252,10,1639,-1629
107000255,785,84,701
107000257,3,678,-675
107000258,0,196,-196
107000259,3,296,-293
107000260,235,2,233
107000262,26,1099,-1073
107000263,106,1,105
107000266,3,4,-1
107000267,60,237,-177
107000268,168,225,-57
107000269,181,41,140
107000270,0,12,-12
107000271,14,1232,-1218
107000272,7,261,-254
107000273,2,276,-274
107000274,1602,275,1327
107000275,145,904,-759
107000280,289,21,268
107000281,24,1398,-1374
107000282,37,1766,-1729
107000290,2,58,-56
107000291,5,17,-12
107000292,1,45,-44
107000293,91,2,89
107000294,0,43,-43
107000295,25,3,22
107000296,0,18,-18
107000444,165,7,158
107000496,1,41,-40
107000497,1361,3701,-2340
107000500,339,426,-87
107000501,83,167,-84
107000502,149,421,-272
107000505,524,926,-402
107000506,0,22,-22
107000508,3,885,-882
107000509,193,868,-675
107000510,3,27,-24
107000514,9,276,-267
107000515,24,404,-380
107000516,134,190,-56
107000518,546,499,47
107000519,3952,1251,2701
107000520,43,10,33
107900001,20,335,-315
107900002,24,2,22
107900003,154,16,138
107900004,69,4,65
107900005,321,2,319
107900006,114,0,114
107900007,135,12,123
107900008,30,40,-10
107900009,93,3,90
107900010,14,0,14
107900012,209,7,202
107900013,211,91,120
107900014,21,7,14
107900015,298,4,294
107900016,513,122,391
107900017,9,2,7
107900018,22,31,-9
107900019,9,105,-96
107900020,76,11,65
107900021,14,161,-147
107900023,2,4,-2
107900024,1,27,-26
107900025,217,414,-197
107900026,28,135,-107
107900027,44,96,-52
107900028,27,113,-86
107900030,129,15,114
107900031,38,273,-235
107900032,8,2,6
107900033,14,5,9
107900034,215,6,209
107900035,402,18,384
107900036,36,6,30
107900037,0,55,-55
107900038,162,110,52
107900039,2,75,-73
107900040,316,39,277
107900041,0,2,-2
107900043,34,183,-149
107900044,3,3,0
107900045,38,11,27
107900046,60,28,32
107900047,21,80,-59
107900048,42,4,38
107900049,315,1005,-690
107900050,87,384,-297
107900051,50,93,-43
107900052,12,9,3
107900053,19,95,-76
107900055,545,201,344
107900056,82,22,60
107900057,1,0,1
107900058,38,788,-750
107900060,15,38,-23
107900061,21,3,18
107900063,120,105,15
107900064,251,36,215
107900065,87,14,73
107900066,8,3,5
107900067,0,0,0
107900068,106,288,-182
107900069,14,768,-754
107900070,54,24,30
107900071,23,1232,-1209
107900072,54,278,-224
107900073,53,156,-103
107900074,1226,143,1083
107900076,85,80,5
107900077,42,2,40
107900078,217,22,195
107900079,11,11,0
107900080,104,183,-79
107900081,9,165,-156
107900082,23,25,-2
107900083,172,122,50
107900084,75,129,-54
107900086,38,53,-15
107900087,351,63,288
107900088,6,20,-14
107900089,312,1110,-798
107900090,413,902,-489
107900091,144,595,-451
107900092,2412,559,1853
107900093,40,66,-26
107900095,3308,1132,2176
107900097,11,70,-59
107900098,46,115,-69
107900100,1304,637,667
107900101,1147,134,1013
107900102,27,12,15
107900103,32,160,-128
107900104,135,5,130
107900105,0,476,-476
107900106,6,2045,-2039
107900107,1832,189,1643
107900108,273,109,164
107900109,431,4,427
107900110,23,110,-87
107900111,2,1466,-1464
107900112,77,246,-169
107900113,63,125,-62
107900114,47,245,-198
107900115,4,65,-61
107900116,42,254,-212
107900117,250,422,-172
107900118,60,131,-71
107900119,36,111,-75
107900120,33,12,21
107900121,0,160,-160
107900122,2,94,-92
107900123,1,9,-8
107900124,17,54,-37
107900125,34,166,-132
107900126,3,32,-29
107900127,642,97,545
107900128,154,41,113
107900129,17,52,-35
107900130,24,33,-9
107900131,322,34,288
107900132,92,440,-348
107900133,1,65,-64
107900134,20,10,10
107900135,2,226,-224
107900136,55,29,26
107900137,55,59,-4
107900138,10,33,-23
107900139,7,40,-33
107900140,83,63,20
107900141,22,11,11
107900142,43,1158,-1115
107900143,38,45,-7
107900144,2,172,-170
107900145,19,140,-121
107900146,26,106,-80
107900147,22,10,12
107900148,99,175,-76
107900149,1800,153,1647
107900150,58,788,-730
107900151,13,122,-109
107900152,11,356,-345
107900153,115,157,-42
107900154,22,12,10
107900155,33,40,-7
107900156,4,515,-511
107900157,14,63,-49
107900158,270,13,257
107900159,39,1234,-1195
107900160,40,259,-219
107900161,8,269,-261
107900162,0,265,-265
107900163,328,44,284
107900164,7,19,-12
107900165,20,45,-25
107900166,7,332,-325
107900167,24,13,11
107900168,11,35,-24
107900169,0,173,-173
107900171,10,2129,-2119
107900172,1,369,-368
107900173,9,280,-271
107900174,40,3,37
107900175,5,12,-7
107900176,8,30,-22
107900177,2,351,-349
107900178,0,297,-297
107900179,3,177,-174
107900180,976,163,813
107900181,390,381,9
107900182,4,1864,-1860
107900183,19,531,-512
107900184,57,332,-275
107900185,17,3,14
107900186,11,37,-26
107900187,2,195,-193
107900188,1012,104,908
107900189,4,152,-148
107900190,113,49,64
107900191,35,175,-140
107900193,12,12,0
107900194,221,6,215
107900195,4718,526,4192
107900196,44,83,-39
107900197,469,83,386
107900199,3,1399,-1396
107900201,66,125,-59
107900203,46,80,-34
107900204,237,245,-8
107900205,164,524,-360
107900206,320,174,146
107900207,2,629,-627
107900208,3,1111,-1108
107900209,394,102,292
107900210,69,100,-31
107900213,486,486,0
107900214,4,198,-194
107900215,218,302,-84
107900216,52,55,-3
107900217,25,66,-41
107900218,30,1693,-1663
107900219,19,194,-175
107900220,178,120,58
107900221,214,222,-8
107900223,41,672,-631
107900224,169,296,-127
107900225,2,996,-994
107900226,39,156,-117
107900227,96,584,-488
107900228,7,140,-133
107900229,4,434,-430
107900230,5,178,-173
107900231,13,204,-191
107900232,30,240,-210
107900233,5,189,-184
107900234,41,231,-190
107900235,42,92,-50
107900236,27,138,-111
107900237,97,639,-542
107900238,14,102,-88
107900239,1362,410,952
107900240,17,212,-195
107900241,16,141,-125
107900242,9,458,-449
107900243,4,57,-53
107900244,91,1,90
107900245,151,35,116
107900246,82,6,76
107900248,106,637,-531
107900249,274,7,267
107900250,1,671,-670
107900251,38,1366,-1328
107900252,441,8,433
107900253,43,0,43
107900254,40,308,-268
107900255,432,87,345
107900256,1102,684,418
107900257,63,62,1
107900258,51,228,-177
107900259,97,789,-692
107900261,3,608,-605
107900262,30,124,-94
107900264,90,5,85
107900265,50,238,-188
107900267,41,18,23
107900268,58,2,56
107900269,1,8,-7
107900270,0,0,0
107900271,3,17,-14
107900272,131,5,126
107900273,26,74,-48
107900274,25,0,25
107900275,6,0,6
107900276,0,59,-59
107900277,0,270,-270
107900278,132,396,-264
107900279,167,96,71
107900280,2250,1167,1083
107900281,3720,1019,2701
107900282,55,136,-81
107900283,1543,426,1117
107900284,182,1012,-830
107900285,49,156,-107
107900286,126,64,62
107900287,89,124,-35
107900290,0,48,-48
107900291,198,15,183
107900292,82,335,-253
107900293,41,602,-561
107900295,38,156,-118
107900297,2,396,-394
107900298,783,1064,-281
107900299,4476,1458,3018
107900300,36,195,-159
107900301,393,226,167
107900302,73,13,60
107900303,51,342,-291
107900304,118,664,-546
107900305,167,10,157
107900306,20,5,15
107900307,51,275,-224
107900308,160,18,142
107900309,13,1,12
107900310,0,0,0
107900311,156,90,66
107900312,1,0,1
107900313,0,76,-76
107900314,1,42,-41
107900315,1,54,-53
107900316,23,0,23
107900317,22,3,19
107900318,5,162,-157
107900319,8,327,-319
107900320,2,172,-170
107900321,38,3,35
107900322,3,203,-200
107900323,3,163,-160
107900324,109,1,108
107900325,45,0,45
107900326,91,424,-333
107900327,0,0,0
107900328,0,0,0
107900329,0,0,0
107900330,7,596,-589
107900331,93,49,44
107900332,100,25,75
107900333,22,15,7
107900334,4,269,-265
107900335,52,58,-6
107900336,16,33,-17
107900337,1443,471,972
107900338,1,130,-129
107900339,3,28,-25
107900340,0,77,-77
107900341,15,0,15
107900342,54,219,-165
107900343,35,4,31
107900344,7,98,-91
107900345,45,21,24
107900346,25,0,25
107900347,24,1,23
107900348,2,2,0
107900349,10,5,5
107900350,66,344,-278
108000001,2058,2736,-678
108000002,2554,3679,-1125
108000003,2892,1602,1290
108000004,17750,18418,-668
108000005,4344,2666,1678
108000006,6137,6829,-692
108000007,3666,3129,537
108000008,5266,6647,-1381
108000009,2393,2804,-411
108000010,2756,5638,-2882
108000011,9718,7133,2585
108000012,19714,18045,1669
108000014,860,540,320
108000015,413,356,57
108000016,174,706,-532
108000017,548,390,158
108000018,1014,440,574
108000019,1702,546,1156
108000020,990,404,586
108000021,525,1785,-1260
108000022,522,1668,-1146
108000023,915,166,749
108000024,176,797,-621
108000025,159,248,-89
108000026,250,735,-485
108000027,280,529,-249
108000028,172,290,-118
108000029,208,628,-420
108000030,280,256,24
108000031,263,616,-353
108000032,658,524,134
108000033,461,1446,-985
108000034,988,427,561
108000035,899,2832,-1933
108000036,321,1606,-1285
108000037,1133,327,806
108000038,1360,390,970
108000039,396,2862,-2466
108000040,950,650,300
108000041,673,3181,-2508
108000042,84,294,-210
108000043,126,368,-242
108000044,244,208,36
108000045,180,942,-762
108000046,755,279,476
108000047,391,1468,-1077
108000048,133,564,-431
108000049,361,240,121
108000050,109,531,-422
108000051,168,80,88
108000052,369,899,-530
108000053,233,125,108
108000054,490,1091,-601
108000055,746,268,478
108000056,869,1076,-207
108000057,476,635,-159
108000058,1906,2153,-247
108000059,3887,2070,1817
108000060,96,333,-237
108000061,210,328,-118
108000062,399,365,34
108000063,316,780,-464
108000064,106,254,-148
108000065,397,776,-379
108000066,1472,675,797
108000067,1153,441,712
108000068,520,357,163
108000069,166,1387,-1221
108000070,966,621,345
108000071,514,2306,-1792
108000072,978,881,97
108000073,1509,2395,-886
108000074,210,296,-86
108000075,266,902,-636
108000076,443,373,70
108000077,649,838,-189
108000078,1360,1175,185
108000079,983,2134,-1151
108000080,509,517,-8
108000081,485,3119,-2634
108000082,1170,1962,-792
108000083,1333,613,720
108000084,331,1583,-1252
108000085,328,250,78
108000086,1039,966,73
108000087,172,1216,-1044
108000088,117,8,109
108000089,273,317,-44
108000090,231,123,108
108000091,103,646,-543
108000092,70,83,-13
108000093,95,1048,-953
108000094,329,114,215
108000095,96,547,-451
108000096,135,170,-35
108000097,82,703,-621
108000098,607,1771,-1164
108000099,151,102,49
108000100,30,212,-182
108000101,761,837,-76
108000102,1193,1748,-555
108000106,741,1,740
108000107,3,794,-791
108000108,531,38,493
108000109,9,1026,-1017
108000110,103,227,-124
108000111,126,764,-638
108000112,47,78,-31
108000113,611,361,250
108000115,516,354,162
108000117,757,345,412
108000118,115,101,14
108000119,735,447,288
108000120,79,550,-471
108000121,172,604,-432
108000122,227,296,-69
108000123,414,320,94
108000124,216,704,-488
108000125,104,468,-364
108000126,82,712,-630
108000127,175,477,-302
108000128,242,1025,-783
108000129,132,1652,-1520
108000130,150,335,-185
108000131,527,210,317
108000132,1829,1529,300
108000133,481,411,70
108000134,786,901,-115
108000135,515,289,226
108000136,851,1251,-400
108000137,192,471,-279
108000138,206,1272,-1066
108000139,111,477,-366
108000140,24,17,7
108000141,12,215,-203
108000142,34,140,-106
108000143,26,25,1
108000144,10,10,0
108000145,38,29,9
108000146,20,6,14
108000147,51,53,-2
108000148,33,6,27
108000149,19,21,-2
108000150,24,4,20
108000151,54,8,46
108000152,68,643,-575
108000153,148,86,62
108000154,33,6,27
108000155,11,9,2
108000156,380,114,266
108000157,91,378,-287
108000158,69,367,-298
108000159,701,168,533
108000160,5586,668,4918
108000161,5433,1420,4013
108000165,2,80,-78
108000172,5,138,-133
108000173,3258,1275,1983
108000175,75,75,0
108000178,357,342,15
108000179,206,534,-328
108000181,20,38,-18
108000182,159,14,145
108000183,46,20,26
108000184,1305,1285,20
108000185,77,755,-678
108000186,42,47,-5
108000187,68,956,-888
108000188,231,290,-59
108000189,407,699,-292
108000190,43,111,-68
108000192,76,849,-773
108000193,814,47,767
108000194,31,17,14
108000195,3,1331,-1328
108000196,162,124,38
108000198,270,393,-123
108000199,0,130,-130
108000200,171,948,-777
108000202,1,156,-155
108000203,88,1181,-1093
108000204,47,26,21
108000205,487,618,-131
108000339,1753,247,1506
108000364,159,171,-12
108000365,51,398,-347
108000367,132,485,-353
108000368,13,42,-29
108000369,1433,99,1334
108000371,5,702,-697
108000372,365,2,363
108000373,91,151,-60
108000376,64,23,41
108000377,198,367,-169
108000378,8977,7137,1840
108000379,46,166,-120
108000381,21,15,6
108000382,53,0,53
108000383,0,136,-136
108900001,150,1359,-1209
108900002,196,48,148
108900003,376,1070,-694
108900004,83,127,-44
108900005,36,133,-97
108900006,430,178,252
108900007,70,182,-112
108900008,42,177,-135
108900009,22,123,-101
108900010,70,189,-119
108900011,221,352,-131
108900012,174,471,-297
108900013,75,281,-206
108900014,1,78,-77
108900015,0,12,-12
108900016,0,268,-268
108900017,104,172,-68
108900018,60,722,-662
108900019,62,1443,-1381
108900020,18,346,-328
108900021,67,334,-267
108900022,47,28,19
108900023,7,24,-17
108900024,11,183,-172
108900025,31,126,-95
108900026,19,106,-87
108900027,0,136,-136
108900028,36,600,-564
108900029,39,241,-202
108900030,0,71,-71
108900031,37,731,-694
108900032,7,279,-272
108900033,1,174,-173
108900034,1,386,-385
108900035,203,2086,-1883
108900036,216,412,-196
108900037,44,556,-512
108900038,1,476,-475
108900039,2,728,-726
108900040,6,128,-122
108900041,6592,1929,4663
108900042,8,288,-280
108900043,69,588,-519
108900044,0,804,-804
108900045,23,792,-769
108900046,49,1126,-1077
108900047,0,84,-84
108900048,99,1355,-1256
108900049,6146,686,5460
108900050,1,379,-378
108900051,2,262,-260
108900052,19,417,-398
108900053,106,99,7
108900054,43,258,-215
108900055,65,566,-501
108900056,0,200,-200
108900057,1,335,-334
108900058,9,643,-634
108900059,171,18,153
108900060,73,103,-30
108900061,56,32,24
108900062,2,348,-346
108900063,6,463,-457
108900064,49,62,-13
108900065,2,346,-344
108900066,113,105,8
108900067,72,215,-143
108900068,0,174,-174
108900069,12,135,-123
108900070,30,187,-157
108900071,38,52,-14
108900072,2890,305,2585
108900073,2,89,-87
108900074,66,578,-512
108900075,49,81,-32
108900076,119,64,55
108900077,148,142,6
108900078,17,296,-279
108900079,1041,261,780
108900080,22,364,-342
108900081,64,266,-202
108900082,20,138,-118
108900083,9,153,-144
108900084,335,120,215
108900085,1973,142,1831
108900086,37,436,-399
108900087,168,262,-94
108900088,584,188,396
108900089,40,107,-67
108900090,15,529,-514
108900091,126,149,-23
108900092,228,198,30
108900093,77,23,54
108900094,142,74,68
108900095,56,717,-661
108900096,520,33,487
108900097,190,243,-53
108900098,3922,345,3577
108900099,196,379,-183
108900100,18,135,-117
108900101,101,39,62
108900102,153,414,-261
108900103,56,71,-15
108900104,216,286,-70
108900105,3,459,-456
108900106,133,586,-453
108900108,160,44,116
108900109,6,22,-16
108900110,77,570,-493
108900111,125,814,-689
108900112,75,21,54
108900113,34,15,19
108900114,0,5,-5
108900115,53,53,0
108900116,20,19,1
108900117,38,38,0
108900118,256,5,251
108900119,135,50,85
108900120,59,138,-79
108900121,260,27,233
108900122,43,41,2
108900123,39,42,-3
108900124,186,96,90
108900125,143,1,142
108900126,36,9,27
108900127,69,34,35
108900128,48,13,35
108900129,362,68,294
108900130,115,1,114
108900131,142,2,140
108900132,180,70,110
108900133,161,38,123
108900134,59,289,-230
108900135,69,5,64
108900136,7,0,7
108900137,50,0,50
108900138,246,8,238
108900139,325,71,254
108900140,84,260,-176
108900141,73,15,58
108900142,47,0,47
108900143,9,0,9
108900144,20,1,19
108900145,53,1,52
108900146,15,0,15
108900147,67,0,67
108900148,104,34,70
108900149,478,257,221
108900150,141,4,137
108900151,28,0,28
108900152,27,49,-22
108900153,55,685,-630
108900154,2951,469,2482
108900155,109,106,3
108900156,26,3,23
108900157,11,837,-826
108900158,88,23,65
108900159,5,475,-470
108900160,10,300,-290
108900161,5,678,-673
108900162,36,0,36
108900163,18,130,-112
108900164,28,73,-45
108900165,269,64,205
108900167,1808,2204,-396
108900168,11349,1945,9404
108900169,11,146,-135
108900171,10423,1502,8921
108900172,108,51,57
108900173,240,444,-204
108900174,241,474,-233
108900176,85,600,-515
108900177,9852,2273,7579
108900178,6004,1675,4329
108900179,332,767,-435
108900180,40,158,-118
108900182,13,143,-130
108900183,162,249,-87
108900184,354,170,184
108900185,36,343,-307
108900186,73,410,-337
108900187,124,42,82
108900188,230,50,180
108900189,222,146,76
108900190,28,3675,-3647
108900191,111,20,91
108900192,56,354,-298
108900193,458,29,429
108900194,63,426,-363
108900195,54,353,-299
108900196,13,644,-631
108900198,3,696,-693
108900199,127,341,-214
108900200,234,326,-92
108900201,308,1355,-1047
108900203,302,9,293
108900204,205,2,203
108900205,104,11,93
108900206,132,4,128
108900207,94,27,67
108900208,32,409,-377
108900209,192,662,-470
108900210,149,227,-78
108900211,111,257,-146
108900212,796,654,142
108900215,79,618,-539
108900216,447,74,373
108900217,35,1,34
108900218,88,3,85
108900219,59,1,58
108900220,23,19,4
108900221,50,68,-18
108900222,65,15,50
108900223,5,50,-45
108900224,31,115,-84
108900225,1,203,-202
108900226,116,3,113
108900227,86,93,-7
108900230,484,314,170
108900231,56,260,-204
108900232,3,560,-557
108900233,238,31,207
108900234,246,45,201
108900235,168,745,-577
108900236,33,396,-363
108900237,35,361,-326
108900240,73,92,-19
108900241,10,13,-3
108900245,2,634,-632
108900249,71,17,54
108900250,102,122,-20
108900257,55,769,-714
108900258,15,312,-297
108900259,22,79,-57
108900260,4,114,-110
108900261,151,156,-5
108900262,324,113,211
108900263,52,354,-302
108900264,393,254,139
108900265,1858,258,1600
108900266,1366,227,1139
108900267,4,51,-47
108900268,2,0,2
108900269,28,3,25
108900270,18,4,14
108900271,12,5,7
108900272,63,1,62
108900273,1053,411,642
108900274,11,56,-45
108900275,3,0,3
108900276,0,3,-3
109000001,2891,823,2068
109000002,2972,1477,1495
109000003,1779,521,1258
109000004,469,3120,-2651
109000005,1394,763,631
109000006,599,2417,-1818
109000007,770,655,115
109000008,341,2181,-1840
109000009,2708,1071,1637
109000010,1471,4422,-2951
109000011,1779,1466,313
109000012,1583,4253,-2670
109000013,2209,1659,550
109000014,1413,4126,-2713
109000015,2732,3431,-699
109000016,10728,4719,6009
109000017,1469,1118,351
109000018,706,3725,-3019
109000019,1664,862,802
109000020,1113,2529,-1416
109000023,211,16,195
109000024,9,133,-124
109000025,337,254,83
109000026,764,337,427
109000027,49,201,-152
109000028,70,98,-28
109000029,141,105,36
109000030,112,761,-649
109000031,114,102,12
109000032,64,599,-535
109000033,212,106,106
109000034,60,24,36
109000035,21,42,-21
109000036,82,387,-305
109000037,155,677,-522
109000038,523,326,197
109000039,572,374,198
109000040,5521,3059,2462
109000041,5802,1081,4721
109000042,984,1033,-49
109000044,162,74,88
109000045,63,436,-373
109000046,200,77,123
109000047,48,487,-439
109000048,746,126,620
109000049,250,632,-382
109000050,265,234,31
109000051,301,359,-58
109000052,331,1794,-1463
109000053,89,57,32
109000054,302,800,-498
109000055,99,189,-90
109000056,192,641,-449
109000057,296,199,97
109000058,810,245,565
109000059,525,841,-316
109000060,507,172,335
109000061,1649,442,1207
109000062,134,200,-66
109000063,161,244,-83
109000064,114,178,-64
109000065,62,390,-328
109000066,181,164,17
109000067,19,458,-439
109000068,367,6,361
109000069,521,13,508
109000070,11,943,-932
109000071,264,64,200
109000072,51,385,-334
109000073,31,70,-39
109000074,12,237,-225
109000075,64,474,-410
109000076,60,133,-73
109000077,333,300,33
109000078,24,113,-89
109000079,81,252,-171
109000080,51,132,-81
109000081,60,624,-564
109000082,199,301,-102
109000083,177,823,-646
109000088,145,500,-355
109000089,208,23,185
109000090,156,527,-371
109000091,198,84,114
109000092,367,674,-307
109000093,167,120,47
109000094,149,2,147
109000095,65,808,-743
109000096,364,119,245
109000097,66,97,-31
109000098,35,50,-15
109000099,606,397,209
109000100,168,590,-422
109000101,806,953,-147
109000102,228,897,-669
109000103,254,736,-482
109000104,799,694,105
109000105,313,1744,-1431
109000106,1202,682,520
109000107,465,2383,-1918
109000108,961,522,439
109000109,401,2344,-1943
109000110,1048,449,599
109000111,1007,2775,-1768
109000112,261,194,67
109000113,115,166,-51
109000114,116,374,-258
109000115,898,34,864
109000116,3,272,-269
109000117,56,91,-35
109000118,5,331,-326
109000119,447,375,72
109000120,139,1355,-1216
109000121,179,53,126
109000122,83,1307,-1224
109000123,15,110,-95
109000124,268,411,-143
109000125,386,369,17
109000126,208,1204,-996
109000127,353,172,181
109000128,352,2963,-2611
109000129,1093,400,693
109000130,506,3004,-2498
109000131,536,268,268
109000132,597,2043,-1446
109000133,255,1120,-865
109000134,587,1725,-1138
109000135,1114,1390,-276
109000136,211,476,-265
109000137,135,312,-177
109000138,260,609,-349
109000139,273,473,-200
109000140,105,574,-469
109000141,184,425,-241
109000142,93,546,-453
109000143,58,46,12
109000145,53,110,-57
109000146,63,121,-58
109000148,4847,1002,3845
109000149,30,35,-5
109000150,53,96,-43
109000155,355,512,-157
109000156,1252,1020,232
109000158,181,276,-95
109000159,166,788,-622
109000160,485,372,113
109000161,149,1775,-1626
109000162,1293,1023,270
109000163,615,2114,-1499
109000164,748,2854,-2106
109000165,848,721,127
109000166,310,162,148
109000167,65,1005,-940
109000170,39,57,-18
109000171,25,42,-17
109000172,39,55,-16
109000173,22,48,-26
109000174,32,81,-49
109000175,40,125,-85
109000176,122,277,-155
109000177,20,176,-156
109000178,139,91,48
109000179,8173,2421,5752
109000180,6059,2914,3145
109000181,6,34,-28
109000182,10,40,-30
109000183,19,64,-45
109000184,10,15,-5
109000185,16,78,-62
109000188,424,3228,-2804
109000189,1762,933,829
109000190,377,569,-192
109000191,194,731,-537
109000192,129,326,-197
109000193,108,428,-320
109000194,62,146,-84
109000195,47,482,-435
109000196,155,112,43
109000197,131,628,-497
109000198,151,59,92
109000199,78,576,-498
109000206,145,25,120
109000207,64,33,31
109000208,97,44,53
109000209,157,91,66
109000210,136,500,-364
109000211,89,219,-130
109000214,174,751,-577
109000215,67,85,-18
109000216,204,176,28
109000217,115,59,56
109000218,80,113,-33
109000221,220,1283,-1063
109000222,468,76,392
109000223,175,205,-30
109000224,50,473,-423
109000225,39,48,-9
109000226,33,311,-278
109000227,690,1635,-945
109000228,2,321,-319
109000231,2,575,-573
109000232,106,546,-440
109000236,189,914,-725
109000241,1303,1891,-588
109000242,940,1408,-468
109000293,11,22,-11
109000361,71,283,-212
109000364,234,700,-466
109000396,4,1027,-1023
109000397,224,9,215
109000399,112,588,-476
109000400,25,251,-226
109000403,78,281,-203
109000406,142,14,128
109000407,167,254,-87
109000408,5,836,-831
109000410,542,184,358
109000411,28,11,17
109900001,50,0,50
109900002,318,8,310
109900003,78,0,78
109900004,523,189,334
109900005,7,3,4
109900006,199,241,-42
109900007,319,984,-665
109900008,0,35,-35
109900009,77,1065,-988
109900010,228,16,212
109900011,18,32,-14
109900012,133,166,-33
109900013,248,72,176
109900014,163,41,122
109900015,334,111,223
109900016,54,44,10
109900017,91,67,24
109900018,108,148,-40
109900019,88,63,25
109900020,8,15,-7
109900021,13,9,4
109900022,53,341,-288
109900023,11,6,5
109900024,4,2,2
109900025,5,81,-76
109900026,3,202,-199
109900027,26,13,13
109900028,2741,353,2388
109900029,6,583,-577
109900030,9,0,9
109900031,21,140,-119
109900032,7,296,-289
109900033,4,571,-567
109900034,8,1,7
109900035,10,27,-17
109900036,6,107,-101
109900037,18,685,-667
109900038,31,267,-236
109900039,17,0,17
109900040,10,766,-756
109900041,32,582,-550
109900042,20,519,-499
109900044,61,305,-244
109900045,59,38,21
109900046,3,54,-51
109900047,314,334,-20
109900048,0,85,-85
109900049,2,27,-25
109900050,0,355,-355
109900051,0,56,-56
109900052,36,251,-215
109900053,3,641,-638
109900054,317,108,209
109900055,27,301,-274
109900056,7,66,-59
109900057,4,259,-255
109900058,1,129,-128
109900059,197,74,123
109900060,216,152,64
109900061,74,314,-240
109900062,1,305,-304
109900063,8,410,-402
109900064,204,253,-49
109900065,70,130,-60
109900066,189,1052,-863
109900067,1,516,-515
109900068,15,2,13
109900069,0,53,-53
109900070,50,306,-256
109900071,8,36,-28
109900072,14,123,-109
109900073,125,812,-687
109900074,8,46,-38
109900075,9,21,-12
109900076,17,373,-356
109900077,26,70,-44
109900078,74,300,-226
109900080,116,359,-243
109900081,18,97,-79
109900082,26,486,-460
109900083,9,42,-33
109900084,36,186,-150
109900085,166,1273,-1107
109900086,86,167,-81
109900087,300,354,-54
109900089,236,114,122
109900090,452,1338,-886
109900091,143,88,55
109900092,582,19,563
109900093,282,102,180
109900094,27,101,-74
109900095,108,265,-157
109900096,8,0,8
109900097,69,0,69
109900098,150,21,129
109900099,64,1,63
109900100,30,0,30
109900101,115,5,110
109900102,235,15,220
109900103,3,44,-41
109900104,161,1275,-1114
109900105,260,31,229
109900106,158,54,104
109900107,218,78,140
109900108,57,853,-796
109900109,22,232,-210
109900110,33,574,-541
109900111,253,1317,-1064
109900112,434,970,-536
109900113,427,208,219
109900114,704,341,363
109900115,97,61,36
109900117,347,93,254
109900118,203,491,-288
109900119,522,244,278
109900120,20,10,10
109900121,281,166,115
109900122,205,5,200
109900123,5,199,-194
109900124,14,864,-850
109900125,3,250,-247
109900126,63,171,-108
109900128,61,52,9
109900130,12358,1047,11311
109900131,53,110,-57
109900132,51,182,-131
109900133,34,425,-391
109900134,40,36,4
109900135,402,59,343
109900136,50,132,-82
109900137,35,440,-405
109900138,110,412,-302
109900140,62,361,-299
109900141,71,118,-47
109900142,415,229,186
109900145,1,122,-121
109900146,327,19,308
109900148,25,65,-40
109900149,41,69,-28
109900150,3,81,-78
109900151,7,48,-41
109900152,0,19,-19
109900153,0,49,-49
109900154,9,0,9
109900155,20,10,10
109900157,39,295,-256
109900158,45,121,-76
109900159,76,12,64
109900160,65,31,34
109900161,88,42,46
109900162,88,75,13
109900163,774,265,509
109900164,47,241,-194
109900165,155,1,154
109900166,3,243,-240
109900167,57,706,-649
109900168,79,659,-580
109900169,56,105,-49
109900170,239,454,-215
109900171,76,72,4
109900172,90,174,-84
109900173,4802,1077,3725
109900174,36,174,-138
109900175,32,67,-35
109900176,49,183,-134
109900177,31,329,-298
109900178,2,93,-91
109900179,4,18,-14
109900180,0,3,-3
110000001,582,590,-8
110000002,401,471,-70
110000003,934,661,273
110000004,502,602,-100
110000005,672,1170,-498
110000006,697,368,329
110000007,74,201,-127
110000008,6,36,-30
110000009,16,48,-32
110000010,23,70,-47
110000011,12,106,-94
110000012,600,528,72
110000013,16,305,-289
110000014,667,410,257
110000015,427,425,2
110000016,260,959,-699
110000017,4618,298,4320
110000018,3861,484,3377
110000019,8,173,-165
110000020,568,262,306
110000021,730,417,313
110000022,780,143,637
110000023,4,171,-167
110000024,490,361,129
110000025,118,7,111
110000026,2,601,-599
110000027,573,379,194
110000028,613,654,-41
110000029,332,894,-562
110000030,136,368,-232
110000031,171,702,-531
110000032,407,413,-6
110000033,106,121,-15
110000034,170,933,-763
110000035,333,1003,-670
110000036,462,1027,-565
110000037,97,839,-742
110000038,193,793,-600
110000039,625,1691,-1066
110000040,317,603,-286
110000041,158,879,-721
110000042,65,320,-255
110000043,408,190,218
110000044,113,79,34
110000045,757,80,677
110000046,6,15,-9
110000047,7,15,-8
110000048,1,12,-11
110000049,15,8,7
110000050,6,19,-13
110000051,10,6,4
110000052,21,58,-37
110000053,27,7,20
110000054,135,296,-161
110000055,250,49,201
110000056,314,55,259
110000057,243,784,-541
110000058,653,731,-78
110000059,552,625,-73
110000060,421,849,-428
110000061,1087,911,176
110000062,730,758,-28
110000063,18,86,-68
110000064,64,145,-81
110000065,38,101,-63
110000066,60,43,17
110000067,75,398,-323
110000068,94,605,-511
110000069,72,122,-50
110000071,61,167,-106
110000073,0,24,-24
110000075,4,114,-110
110000076,259,233,26
110000077,569,773,-204
110000078,8,69,-61
110000080,201,777,-576
110000081,8,311,-303
110000082,12,241,-229
110000083,182,554,-372
110000084,523,444,79
110000085,3288,1519,1769
110000086,1646,786,860
110000087,7,58,-51
110000088,22,212,-190
110000089,159,159,0
110000090,69,312,-243
110000091,1944,336,1608
110000092,31,86,-55
110000093,31,5,26
110000094,360,275,85
110000095,110,409,-299
110000096,4209,1818,2391
110000097,904,975,-71
110000098,1552,465,1087
110000099,924,1494,-570
110000100,276,829,-553
110000101,15,642,-627
110000102,31,36,-5
110000104,88,57,31
110000105,32,330,-298
110000106,359,193,166
110000107,372,401,-29
110000108,166,41,125
110000109,388,304,84
110000110,5004,2834,2170
110000111,9241,1822,7419
110000112,1229,331,898
110000113,964,898,66
110000114,70,283,-213
110000115,215,339,-124
110000116,24,28,-4
110000117,115,697,-582
110000118,229,358,-129
110000119,120,413,-293
110000120,242,206,36
110000121,54,276,-222
110000122,234,614,-380
110000123,345,453,-108
110000124,2,957,-955
110000125,714,3,711
110000126,170,31,139
110000127,443,29,414
110000128,31,1963,-1932
110000129,4,560,-556
110000130,123,96,27
110000131,113,292,-179
110000132,10,1049,-1039
110000133,52,310,-258
110000134,21,275,-254
110000135,140,30,110
110000136,36,310,-274
110000137,274,777,-503
110000138,333,993,-660
110000139,555,1701,-1146
110000140,659,360,299
110000143,738,328,410
110000144,4918,1014,3904
110000145,1261,734,527
110000146,3102,967,2135
110000147,276,828,-552
110000148,417,448,-31
110000151,1025,551,474
110000152,851,246,605
110000153,31,61,-30
110000154,54,23,31
110000155,2061,1929,132
110000156,728,1263,-535
110000157,1817,1640,177
110000160,291,426,-135
110000161,134,512,-378
110000166,197,142,55
110000167,493,424,69
110000168,579,277,302
110000169,342,299,43
110000170,99,89,10
110000171,475,148,327
110000172,118,859,-741
110000173,1134,1530,-396
110000174,83,1658,-1575
110000175,236,83,153
110000176,71,265,-194
110000177,145,744,-599
110000178,557,819,-262
110000179,1602,339,1263
110000180,79,323,-244
110000181,202,448,-246
110000182,385,229,156
110000183,14291,4718,9573
110000184,641,1731,-1090
110000185,1495,679,816
110000186,783,622,161
110000191,260,454,-194
110000192,194,4,190
110000193,330,3,327
110000194,11,1588,-1577
110000195,128,490,-362
110000196,156,623,-467
110000197,22,249,-227
110000198,80,80,0
110000199,43,104,-61
110000200,1507,721,786
110000201,655,527,128
110000202,768,398,370
110000203,574,918,-344
110000204,1,370,-369
110000205,48,78,-30
110000206,604,1949,-1345
110000207,467,260,207
110000208,204,121,83
110000209,97,858,-761
110000210,450,614,-164
110000211,778,770,8
110000212,265,902,-637
110000213,32,55,-23
110000214,98,120,-22
110000215,86,622,-536
110000216,40,691,-651
110000217,106,280,-174
110000218,98,599,-501
110000219,186,98,88
110000220,20,579,-559
110000221,162,110,52
110000222,19,401,-382
110000223,5,109,-104
110000224,86,12,74
110000225,207,631,-424
110000226,145,47,98
110000227,650,481,169
110000228,404,542,-138
110000229,0,255,-255
110000230,608,509,99
110000231,114,208,-94
110000232,119,208,-89
110000233,163,323,-160
110000234,747,448,299
110000235,888,1129,-241
110000236,233,1057,-824
110000237,1661,1197,464
110000238,745,1461,-716
110000239,1022,1479,-457
110000240,1,136,-135
110000242,0,20,-20
110000243,50,175,-125
110000244,110,328,-218
110000245,39,421,-382
110000246,542,713,-171
110000247,2210,3973,-1763
110000248,3678,1441,2237
110000249,83,10,73
110000250,22,270,-248
110000251,123,506,-383
110000252,160,325,-165
110000253,953,394,559
110000254,784,1323,-539
110000255,259,1305,-1046
110000256,262,216,46
110000257,888,475,413
110000258,3,666,-663
110000259,43,19,24
110000260,6,558,-552
110000263,771,74,697
110000264,217,798,-581
110000265,1088,1664,-576
110000266,2181,1915,266
110000267,20,228,-208
110000268,238,536,-298
110000269,4,116,-112
110000270,39,3,36
110000271,2645,332,2313
110000272,754,904,-150
110000273,3525,1365,2160
110000274,227,919,-692
110000275,3276,475,2801
110000276,184,239,-55
110000277,141,459,-318
110000278,202,905,-703
110000279,558,744,-186
110000280,162,542,-380
110000281,16,141,-125
110000282,285,58,227
110000283,59,62,-3
110000284,42,19,23
110000285,2,228,-226
110000286,29,0,29
110000287,24,1,23
110000288,4,91,-87
110000289,385,1264,-879
110000290,1406,548,858
110000291,6548,1500,5048
110000292,1120,3578,-2458
110000293,315,1067,-752
110000294,416,976,-560
110000295,131,968,-837
110000296,283,412,-129
110000297,2815,254,2561
110000298,273,470,-197
110000299,881,36,845
110000301,286,20,266
110000302,180,1488,-1308
110000303,283,9,274
110000304,81,269,-188
110000305,512,15,497
110000306,117,2229,-2112
110000307,616,4,612
110000308,438,53,385
110000309,8,1552,-1544
110000310,442,67,375
110000311,16,1053,-1037
110000312,634,63,571
110000313,4650,1681,2969
110000314,0,272,-272
110000315,3580,1801,1779
110000316,465,1103,-638
110000317,565,291,274
110000318,0,86,-86
110000319,10,13,-3
110000320,22,61,-39
110000321,11,46,-35
110000322,148,643,-495
110000323,249,302,-53
110000324,4790,1209,3581
110000325,2283,2034,249
110000327,614,267,347
110000328,255,545,-290
110000333,716,495,221
110000334,582,1431,-849
110000335,1009,562,447
110000336,402,1363,-961
110000337,885,539,346
110000338,128,309,-181
110000339,89,239,-150
110000340,65,218,-153
110000341,244,636,-392
110000342,674,8,666
110000343,0,20,-20
110000344,126,202,-76
110000345,212,97,115
110000346,2201,1329,872
110000347,960,791,169
110000348,8,17,-9
110000349,7,28,-21
110000350,30,5,25
110000351,445,914,-469
110000352,320,1635,-1315
110000353,3156,899,2257
110000354,717,1955,-1238
110000355,68,95,-27
110000356,395,6,389
110000357,262,8,254
110000361,14,101,-87
110000362,43,245,-202
110000363,163,173,-10
110000364,126,333,-207
110000365,139,0,139
110000366,0,102,-102
110000367,316,376,-60
110000368,1,67,-66
110000369,48,1,47
110000373,4,388,-384
110000374,59,2,57
110000375,121,840,-719
110000376,50,87,-37
110000377,39,380,-341
110000378,30,327,-297
110000379,3780,1208,2572
110000380,16,8,8
110000383,3,703,-700
110000384,2778,645,2133
110000385,0,238,-238
110000387,34,5,29
110000388,19,255,-236
110000389,429,3,426
110000391,225,446,-221
110000396,69,140,-71
110000397,54,224,-170
110000398,0,40,-40
110000399,173,1,172
110000587,27,38,-11
110000589,135,158,-23
110000640,103,120,-17
110000652,8,165,-157
110000653,126,450,-324
110000654,11,31,-20
110000656,5,783,-778
110000674,31,18,13
110000675,48,11,37
110000676,21,34,-13
110000679,504,424,80
110000682,94,107,-13
110000683,479,556,-77
110000684,1,85,-84
110000685,6,6,0
110000686,4,21,-17
110000687,68,0,68
110000688,69,450,-381
110000689,17,103,-86
110000692,76,333,-257
110000693,162,295,-133
110000694,0,105,-105
110000695,132,682,-550
110000696,124,183,-59
110900001,182,34,148
110900002,553,283,270
110900003,186,1173,-987
110900004,152,240,-88
110900005,5013,1083,3930
110900006,32,8,24
110900007,37,4,33
110900008,27,28,-1
110900009,225,30,195
110900010,11,93,-82
110900011,4,97,-93
110900012,5,156,-151
110900013,536,148,388
110900014,110,7,103
110900015,771,284,487
110900016,15,224,-209
110900017,176,65,111
110900018,321,62,259
110900019,38,28,10
110900020,53,550,-497
110900021,75,776,-701
110900022,36,530,-494
110900023,77,561,-484
110900024,27,583,-556
110900025,0,48,-48
110900027,20,332,-312
110900028,33,192,-159
110900029,34,557,-523
110900030,17,375,-358
110900031,1,175,-174
110900032,1,107,-106
110900033,35,340,-305
110900035,20,440,-420
110900036,39,20,19
110900037,37,15,22
110900038,1426,197,1229
110900039,9,257,-248
110900040,137,31,106
110900041,6,210,-204
110900042,46,39,7
110900043,3,242,-239
110900044,218,18,200
110900045,25,913,-888
110900046,83,351,-268
110900047,796,105,691
110900049,62,23,39
110900050,0,1,-1
110900051,30,167,-137
110900052,7,251,-244
110900053,45,50,-5
110900054,25,355,-330
110900055,16,0,16
110900056,67,103,-36
110900057,3,263,-260
110900058,104,299,-195
110900059,526,873,-347
110900060,243,99,144
110900061,18,35,-17
110900062,32,333,-301
110900063,20,145,-125
110900064,3,0,3
110900065,281,95,186
110900066,8,97,-89
110900067,585,416,169
110900068,147,280,-133
110900069,0,56,-56
110900070,105,42,63
110900071,255,340,-85
110900073,1,17,-16
110900074,155,68,87
110900075,215,77,138
110900077,237,435,-198
110900078,2,169,-167
110900079,2133,495,1638
110900080,25,62,-37
110900081,0,127,-127
110900082,58,252,-194
110900083,55,32,23
110900084,13,218,-205
110900085,29,432,-403
110900086,57,144,-87
110900087,100,89,11
110900088,4,0,4
110900090,10,25,-15
110900091,0,87,-87
110900093,268,38,230
110900095,31,55,-24
110900097,6,15,-9
110900098,13,103,-90
110900099,58,604,-546
110900100,0,18,-18
110900102,5,15,-10
110900105,631,448,183
110900108,3,132,-129
110900111,250,98,152
110900112,386,5,381
110900113,640,30,610
110900115,12,107,-95
110900116,332,2851,-2519
110900118,201,1085,-884
110900119,6479,309,6170
110900120,4,144,-140
110900121,72,1,71
110900122,218,182,36
110900125,192,249,-57
110900127,452,581,-129
110900128,225,127,98
110900129,232,274,-42
110900130,973,188,785
110900131,112,55,57
110900132,171,37,134
110900133,80,333,-253
110900135,109,499,-390
110900136,166,7,159
110900137,131,1,130
110900138,707,330,377
110900139,19,30,-11
110900140,34,7,27
110900141,3,52,-49
110900142,53,259,-206
110900143,100,102,-2
110900144,4,752,-748
110900145,74,8,66
110900146,524,32,492
110900147,181,229,-48
110900148,0,335,-335
110900149,1,113,-112
110900150,48,25,23
110900151,0,58,-58
110900152,13,364,-351
110900153,55,23,32
111000001,185,168,17
111000002,360,594,-234
111000003,506,477,29
111000004,399,1172,-773
111000005,773,700,73
111000006,876,1386,-510
111000007,4217,1516,2701
111000008,3389,3581,-192
111000009,281,926,-645
111000010,500,230,270
111000011,435,748,-313
111000012,542,304,238
111000013,308,1296,-988
111000014,897,542,355
111000017,149,596,-447
111000018,191,423,-232
111000020,2342,2347,-5
111000021,80,169,-89
111000023,95,192,-97
111000025,7858,1937,5921
111000029,76,170,-94
111000030,35,183,-148
111000031,2428,742,1686
111000032,563,207,356
111000033,326,191,135
111000034,354,139,215
111000037,3247,1397,1850
111000038,3280,2701,579
111000039,1285,2530,-1245
111000040,1484,2746,-1262
111000041,1691,1846,-155
111000042,6810,3079,3731
111000043,1725,1572,153
111000044,1127,543,584
111000045,1078,1561,-483
111000046,872,1017,-145
111000047,1347,1675,-328
111000049,338,590,-252
111000050,1820,1840,-20
111000051,498,1178,-680
111000052,565,1457,-892
111000053,391,1216,-825
111000054,282,1115,-833
111000055,1141,2196,-1055
111000056,100,854,-754
111000057,76,974,-898
111000058,122,142,-20
111000059,278,299,-21
111000060,2635,996,1639
111000061,379,375,4
111000062,522,276,246
111000063,1728,825,903
111000064,370,601,-231
111000065,829,732,97
111000066,271,210,61
111000067,326,708,-382
111000068,277,694,-417
111000069,1915,2297,-382
111000070,2630,1435,1195
111000071,153,695,-542
111000072,432,258,174
111000073,148,440,-292
111000074,1325,1229,96
111000075,565,684,-119
111000076,265,855,-590
111000077,967,1222,-255
111000078,1669,1104,565
111000079,1415,809,606
111000080,352,742,-390
111000081,2539,4635,-2096
111000082,568,820,-252
111000084,533,529,4
111000085,772,1901,-1129
111000086,3647,1425,2222
111000087,770,1124,-354
111000088,7010,1849,5161
111000089,601,980,-379
111000090,1272,1576,-304
111000091,617,963,-346
111000092,862,1391,-529
111000093,512,850,-338
111000094,1363,849,514
111000095,809,1715,-906
111000096,3321,5736,-2415
111000097,6189,1140,5049
111000098,385,1549,-1164
111000099,364,2842,-2478
111000100,264,2543,-2279
111000101,361,958,-597
111000102,83,970,-887
111000104,191,239,-48
111000107,46,882,-836
111000109,182,227,-45
111000110,775,616,159
111000111,885,473,412
111000112,950,264,686
111000113,566,505,61
111000114,1095,1169,-74
111000115,8569,947,7622
111000116,963,716,247
111000117,496,785,-289
111000118,1568,1159,409
111000119,830,1853,-1023
111000120,314,640,-326
111000121,165,627,-462
111000122,372,1255,-883
111000123,696,3949,-3253
111000124,389,4383,-3994
111000125,167,2479,-2312
111000126,61,1024,-963
111000127,327,183,144
111000128,769,343,426
111000129,1275,454,821
111000130,944,756,188
111000131,730,688,42
111000132,486,442,44
111000133,64,158,-94
111000134,121,134,-13
111000135,29,130,-101
111000136,175,323,-148
111000138,2,18,-16
111000140,0,3,-3
111000141,189,367,-178
111000142,17,128,-111
111000143,1,105,-104
111000144,19,119,-100
111000145,208,6,202
111000146,20,11,9
111000147,272,19,253
111000148,173,165,8
111000149,0,47,-47
111000150,9,11,-2
111000151,2,14,-12
111000153,581,555,26
111000154,821,223,598
111000155,99,195,-96
111000156,417,336,81
111000157,130,484,-354
111000158,1037,479,558
111000159,3106,662,2444
111000160,208,390,-182
111000161,7,260,-253
111000162,6,210,-204
111000163,293,962,-669
111000164,898,2680,-1782
111000165,1600,476,1124
111000166,1910,396,1514
111000167,218,683,-465
111000168,228,541,-313
111000169,273,591,-318
111000170,555,498,57
111000171,433,1041,-608
111000172,76,661,-585
111000173,163,1346,-1183
111000174,108,656,-548
111000175,39,321,-282
111000176,231,198,33
111000177,119,274,-155
111000178,523,349,174
111000179,47,203,-156
111000180,124,280,-156
111000181,466,295,171
111000182,108,181,-73
111000183,259,308,-49
111000184,267,249,18
111000185,323,535,-212
111000186,235,382,-147
111000187,81,405,-324
111000188,107,552,-445
111000189,1651,588,1063
111000190,155,647,-492
111000191,147,601,-454
111000192,157,770,-613
111000193,333,478,-145
111000194,32,471,-439
111000195,72,541,-469
111000196,27,320,-293
111000197,152,234,-82
111000198,230,109,121
111000199,59,186,-127
111000200,112,313,-201
111000201,215,230,-15
111000202,153,185,-32
111000203,145,136,9
111000204,186,292,-106
111000213,143,350,-207
111000214,1174,1582,-408
111000215,590,1446,-856
111000217,779,827,-48
111000218,675,923,-248
111000219,402,177,225
111000220,3360,958,2402
111000221,680,283,397
111000224,2,240,-238
111000225,171,44,127
111000226,129,0,129
111000227,36,1,35
111000228,20,172,-152
111000229,32,322,-290
111000230,243,622,-379
111000231,497,1717,-1220
111000232,224,1043,-819
111000233,234,909,-675
111000234,61,246,-185
111000239,205,268,-63
111000240,36,116,-80
111000241,29,461,-432
111000242,76,66,10
111000243,71,986,-915
111000244,142,99,43
111000245,416,728,-312
111000246,174,717,-543
111000247,99,1356,-1257
111000248,282,421,-139
111000249,373,1050,-677
111000250,27,229,-202
111000251,41,219,-178
111000253,5,3,2
111000255,15,6,9
111000257,20,18,2
111000260,49,1324,-1275
111000261,491,56,435
111000271,31,302,-271
111000273,6899,1568,5331
111000274,1213,1900,-687
111000275,75,117,-42
111000276,236,2924,-2688
111000277,111,541,-430
111000278,577,261,316
111000291,377,2502,-2125
111000298,240,287,-47
111000299,525,94,431
111000300,89,612,-523
111000302,134,82,52
111000303,70,322,-252
111000312,83,55,28
111000315,1,125,-124
111000320,317,808,-491
111000321,211,48,163
111000322,117,623,-506
111000323,58,25,33
111000324,311,313,-2
111000325,21,68,-47
111000326,61,425,-364
111000327,403,704,-301
111000328,165,406,-241
111000329,4,15,-11
111000330,30,2,28
111000331,5,7,-2
111000332,517,1289,-772
111000334,391,1735,-1344
111000335,240,167,73
111000337,301,486,-185
111000338,13,142,-129
111000339,152,841,-689
111000340,73,1028,-955
111000341,518,258,260
111000342,71,260,-189
111000344,676,659,17
111000345,409,42,367
111000346,25,94,-69
111000347,36,5,31
111000350,130,142,-12
111000351,105,263,-158
111000352,165,112,53
111000353,97,209,-112
111000354,405,107,298
111000355,415,720,-305
111000358,82,2097,-2015
111000360,123,1132,-1009
111000361,78,550,-472
111000546,218,797,-579
111000547,198,849,-651
111000548,55,224,-169
111000549,143,453,-310
111000550,44,350,-306
111000551,594,110,484
111000552,445,66,379
111000907,115,13,102
111000908,5,0,5
111000916,471,272,199
111000917,39,378,-339
111000918,84,1289,-1205
111000920,141,6,135
111000921,2,268,-266
111000922,167,411,-244
111000924,20,1257,-1237
111000925,1333,1587,-254
111000926,921,2509,-1588
111000927,2829,3153,-324
111000928,6206,3749,2457
111000929,695,871,-176
111000930,549,2467,-1918
111000931,1407,1553,-146
111000932,3977,2499,1478
111000933,3049,1723,1326
111000934,2426,3047,-621
111000935,729,899,-170
111000936,650,2363,-1713
111000937,484,1114,-630
111000938,1574,2764,-1190
111000939,154,67,87
111000940,212,201,11
111000941,142,709,-567
111000943,123,288,-165
111000944,73,701,-628
111000945,39,2841,-2802
111001109,220,115,105
111001110,150,807,-657
111001111,11,4,7
111001112,73,10,63
111001113,14,80,-66
111001114,1050,25,1025
111001115,27,303,-276
111001116,6387,1549,4838
111001117,749,660,89
111001120,77,354,-277
111001121,71,382,-311
111001122,190,654,-464
111001123,46,88,-42
111900001,2,193,-191
111900002,11,1016,-1005
111900003,1,563,-562
111900004,26,248,-222
111900006,1,4,-3
111900007,44,0,44
111900008,39,1,38
111900009,69,256,-187
111900010,220,591,-371
111900012,94,107,-13
111900013,5,103,-98
111900014,8801,1655,7146
111900015,0,98,-98
111900016,0,242,-242
111900017,2,178,-176
111900018,95,0,95
111900019,0,75,-75
111900020,4,57,-53
111900021,14,97,-83
111900022,4,81,-77
111900023,159,81,78
111900024,1,102,-101
111900025,0,63,-63
111900026,0,152,-152
111900027,2,207,-205
111900028,1,503,-502
111900029,2,122,-120
111900030,52,467,-415
111900031,3,66,-63
111900032,3,452,-449
111900033,4,129,-125
111900034,184,527,-343
111900035,26,227,-201
111900036,2,433,-431
111900038,314,660,-346
111900039,51,455,-404
111900040,2,824,-822
111900042,39,79,-40
111900043,4,509,-505
111900044,288,279,9
111900046,51,273,-222
111900048,68,1297,-1229
111900049,29,352,-323
111900050,52,13,39
111900051,2,361,-359
111900052,489,666,-177
111900053,1671,402,1269
111900054,75,1,74
111900055,34,724,-690
111900056,179,91,88
111900057,48,45,3
111900058,186,1040,-854
111900059,2261,206,2055
111900060,195,0,195
111900061,21,371,-350
111900062,3,29,-26
111900063,97,260,-163
111900064,133,293,-160
111900065,34,28,6
111900066,81,121,-40
111900067,0,443,-443
111900068,29,40,-11
111900069,41,11,30
111900070,71,186,-115
111900071,1,353,-352
111900072,22,14,8
111900073,211,58,153
111900074,8,261,-253
111900075,34,3,31
111900076,28,15,13
111900077,4,0,4
111900078,111,5,106
111900079,18,7,11
111900080,290,86,204
111900081,912,88,824
111900082,40,4,36
111900083,42,2,40
111900084,48,0,48
111900085,18,43,-25
111900086,13,1,12
111900087,24,0,24
111900088,146,5,141
111900089,36,1,35
111900090,88,21,67
111900091,69,2,67
111900092,23,1,22
111900093,118,0,118
111900094,27,0,27
111900095,114,10,104
111900096,83,0,83
111900097,5,0,5
111900098,50,1,49
111900099,8,0,8
111900100,70,2,68
111900101,38,4,34
111900102,149,964,-815
111900103,57,26,31
111900104,85,74,11
111900105,182,123,59
111900106,2189,74,2115
111900107,61,131,-70
111900108,51,72,-21
111900109,418,142,276
111900110,3628,233,3395
111900111,24,211,-187
111900112,935,975,-40
111900113,300,66,234
111900114,194,125,69
111900115,19,36,-17
111900118,104,16,88
111900119,150,54,96
111900122,61,33,28
111900123,9,11,-2
111900124,27,144,-117
111900125,156,9,147
111900126,96,1,95
111900127,3,902,-899
111900128,2,698,-696
111900129,49,3,46
111900130,128,14,114
111900131,127,0,127
111900132,27,1663,-1636
111900133,2,498,-496
111900134,28,363,-335
111900135,3,10,-7
111900136,46,91,-45
111900137,48,45,3
111900138,4,99,-95
111900139,20,178,-158
111900140,25,18,7
111900141,28,14,14
111900142,28,16,12
111900143,10,293,-283
111900144,5,178,-173
111900145,4,864,-860
111900146,3,461,-458
111900147,207,579,-372
111900148,63,1070,-1007
111900149,6,519,-513
111900150,17,251,-234
111900151,1,29,-28
111900152,131,76,55
111900153,1981,218,1763
111900154,4,130,-126
111900155,72,23,49
111900156,23,24,-1
111900157,23,8,15
111900158,288,22,266
111900159,70,5,65
111900160,69,0,69
111900161,34,3,31
111900162,75,84,-9
111900163,37,178,-141
111900164,59,33,26
111901113,107,312,-205
111901114,87,521,-434
111901115,23,0,23
111901116,22,0,22
111901117,16,14,2
111901118,130,78,52
111901119,1618,71,1547
111901120,129,270,-141
111901121,218,487,-269
111901122,8,743,-735
111901123,60,584,-524
111901124,57,0,57
111901125,111,148,-37
111901126,42,32,10
111901127,1131,222,909
111901128,15,117,-102
111901129,3,211,-208
111901130,13,345,-332
111901131,6,241,-235
111901132,51,5,46
111901133,26,1,25
111901134,34,0,34
111901135,8,10,-2
111901136,11,9,2
111901137,0,10,-10
111901138,58,45,13
111901139,23,69,-46
111901140,2,191,-189
111901141,9,294,-285
111901142,2,173,-171
111901143,8,126,-118
111901144,30,32,-2
111901145,138,137,1
112000001,1193,854,339
112000002,718,2788,-2070
112000003,561,759,-198
112000004,642,1943,-1301
112000005,1541,1472,69
112000006,1488,2394,-906
112000007,1293,1229,64
112000008,1928,2950,-1022
112000009,4214,3915,299
112000010,1770,2288,-518
112000011,1867,2528,-661
112000012,6955,2272,4683
112000013,7618,3790,3828
112000014,2836,961,1875
112000015,3333,2717,616
112000016,5237,1080,4157
112000017,2282,1711,571
112000024,1946,767,1179
112000026,5232,6025,-793
112000027,558,376,182
112000028,1625,1957,-332
112000029,311,483,-172
112000030,229,164,65
112000031,1610,2544,-934
112000032,720,106,614
112000033,2387,965,1422
112000034,287,58,229
112000035,111,276,-165
112000036,1068,766,302
112000037,1348,1025,323
112000038,830,1065,-235
112000039,15,90,-75
112000040,189,419,-230
112000041,498,665,-167
112000042,1097,319,778
112000050,544,1522,-978
112000051,564,840,-276
112000054,1792,2953,-1161
112000057,626,365,261
112000058,368,521,-153
112000059,1123,524,599
112000061,7056,1839,5217
112000062,3150,529,2621
112000063,2140,681,1459
112000064,6120,6192,-72
112000065,2702,2781,-79
112000066,2780,829,1951
112000067,790,747,43
112000068,1726,1070,656
112000069,804,2780,-1976
112000070,1507,473,1034
112000071,611,3612,-3001
112000072,904,808,96
112000073,1241,1840,-599
112000074,791,816,-25
112000075,752,904,-152
112000076,3222,2822,400
112000077,338,951,-613
112000078,929,753,176
112000079,1200,1518,-318
112000080,478,1137,-659
112000081,1107,2074,-967
112000082,860,781,79
112000083,401,1744,-1343
112000084,801,804,-3
112000085,879,1413,-534
112000086,1092,1927,-835
112000087,175,600,-425
112000088,234,834,-600
112000089,168,396,-228
112000090,179,603,-424
112000091,628,1553,-925
112000092,1069,891,178
112000093,1139,1176,-37
112000094,356,844,-488
112000095,420,806,-386
112000096,311,701,-390
112000097,487,560,-73
112000098,753,1930,-1177
112000099,441,641,-200
112000100,822,943,-121
112000101,330,1148,-818
112000102,450,477,-27
112000103,225,1614,-1389
112000105,322,2176,-1854
112000106,541,370,171
112000107,12,195,-183
112000108,138,1807,-1669
112000109,45,55,-10
112000110,918,385,533
112000111,1592,5348,-3756
112000112,4782,525,4257
112000113,1085,2571,-1486
112000114,2735,938,1797
112000115,144,625,-481
112000116,553,1125,-572
112000117,515,762,-247
112000118,770,1047,-277
112000119,396,1203,-807
112000120,144,461,-317
112000121,50,917,-867
112000122,186,162,24
112000123,231,172,59
112000124,140,85,55
112000125,64,110,-46
112000126,118,870,-752
112000127,3368,1125,2243
112000128,1648,635,1013
112000129,55,112,-57
112000130,60,59,1
112000131,15,408,-393
112000132,48,396,-348
112000133,159,299,-140
112000134,365,405,-40
112000135,881,679,202
112000136,1140,1417,-277
112000137,1906,1435,471
112000138,3458,1441,2017
112000139,676,205,471
112000140,1125,1070,55
112000141,342,183,159
112000142,147,1086,-939
112000143,463,197,266
112000144,184,1892,-1708
112000145,1335,734,601
112000146,543,2493,-1950
112000147,1111,1534,-423
112000148,1284,2266,-982
112000149,165,866,-701
112000150,81,720,-639
112000151,211,752,-541
112000152,162,427,-265
112000153,212,304,-92
112000154,63,134,-71
112000155,96,53,43
112000157,717,599,118
112000158,194,732,-538
112000159,184,346,-162
112000167,131,26,105
112000169,375,334,41
112000173,360,287,73
112000175,257,408,-151
112000176,6506,2077,4429
112000177,279,85,194
112000178,46,680,-634
112000179,98,209,-111
112000180,197,260,-63
112000181,1051,2169,-1118
112000182,459,2512,-2053
112000183,47,81,-34
112000184,169,843,-674
112000185,176,658,-482
112000187,2743,2730,13
112000195,85,6,79
112000196,82,0,82
112000197,110,101,9
112000198,31,505,-474
112000199,1028,1140,-112
112000202,181,0,181
112000216,57,166,-109
112000230,28,1,27
112000231,1,462,-461
112000256,14,146,-132
112000313,145,233,-88
112000314,16,26,-10
112000337,219,639,-420
112000352,273,159,114
112000392,1912,1142,770
112000398,702,751,-49
112000399,2335,1592,743
112000400,1787,4989,-3202
112000401,3021,3327,-306
112000402,1245,1987,-742
112000403,2115,1711,404
112000404,262,632,-370
112000405,1305,2273,-968
112000406,3701,3717,-16
112000407,3711,5601,-1890
112000408,9051,8063,988
112000409,1644,5659,-4015
112000410,244,121,123
112000411,5844,920,4924
112000412,1018,332,686
112000413,11111,2219,8892
112000414,35,76,-41
112000415,52,46,6
112000416,1411,1200,211
112000417,144,84,60
112000421,21,176,-155
112000422,191,595,-404
112000424,2575,1363,1212
112000425,329,1090,-761
112000426,79,284,-205
112000427,2,20,-18
112000428,69,535,-466
112000429,1778,3087,-1309
112000430,1866,3153,-1287
112000431,32,108,-76
112000432,526,2237,-1711
112000433,767,639,128
112000437,31,383,-352
112900001,43,0,43
112900002,127,1607,-1480
112900003,18,315,-297
112900004,19,496,-477
112900005,63,303,-240
112900006,5,554,-549
112900007,11,291,-280
112900008,3,10,-7
112900009,429,79,350
112900010,129,1027,-898
112900011,399,308,91
112900012,0,51,-51
112900013,0,159,-159
112900014,0,381,-381
112900015,440,1066,-626
112900016,4,351,-347
112900017,34,240,-206
112900018,2,447,-445
112900019,64,182,-118
112900020,476,1577,-1101
112900021,1,287,-286
112900022,10,94,-84
112900023,2,407,-405
112900024,18,269,-251
112900025,66,258,-192
112900026,9,363,-354
112900027,11,1530,-1519
112900028,12,143,-131
112900029,15,850,-835
112900030,325,200,125
112900031,4,739,-735
112900032,90,293,-203
112900034,0,68,-68
112900035,2,612,-610
112900036,22,144,-122
112900037,172,95,77
112900038,229,146,83
112900039,13,390,-377
112900040,5,449,-444
112900041,1819,833,986
112900042,33,398,-365
112900043,8,39,-31
112900044,525,424,101
112900045,645,373,272
112900046,287,54,233
112900047,19,13,6
112900049,40,86,-46
112900050,82,751,-669
112900051,324,834,-510
112900052,14,1127,-1113
112900053,330,97,233
112900054,315,22,293
112900055,141,20,121
112900056,267,93,174
112900057,4,838,-834
112900058,368,112,256
112900059,73,110,-37
112900060,5,320,-315
112900061,69,159,-90
112900062,65,156,-91
112900063,61,4,57
112900064,199,145,54
112900065,56,5,51
112900066,144,64,80
112900067,657,136,521
112900068,32,15,17
112900069,3014,410,2604
112900071,20,3,17
112900072,217,763,-546
112900073,237,24,213
112900074,54,98,-44
112900075,2610,377,2233
112900076,56,6,50
112900078,150,206,-56
112900079,121,1,120
112900080,24,1,23
112900081,22,112,-90
112900082,236,11,225
112900083,40,56,-16
112900084,89,42,47
112900085,0,1,-1
112900086,21,0,21
112900087,314,82,232
112900088,31,4,27
112900089,400,5,395
112900090,12,14,-2
112900091,78,0,78
112900092,153,104,49
112900093,772,9,763
112900094,16,3,13
112900095,7,0,7
112900096,224,120,104
112900097,27,436,-409
112900098,154,3,151
112900099,347,10,337
112900100,10,0,10
112900101,150,1,149
112900102,89,7,82
112900103,61,0,61
112900104,6,0,6
112900105,3,0,3
112900106,252,93,159
112900107,3,1,2
112900108,155,0,155
112900109,32,1,31
112900110,364,6,358
112900111,220,2,218
112900112,118,0,118
112900113,0,26,-26
112900114,29,41,-12
112900115,261,0,261
112900116,28,42,-14
112900117,77,127,-50
112900118,26,78,-52
112900119,59,2,57
112900120,704,189,515
112900121,266,224,42
112900122,12,193,-181
112900123,184,6,178
112900124,3,199,-196
112900125,78,456,-378
112900126,114,322,-208
112900127,153,49,104
112900128,570,755,-185
112900129,10,1245,-1235
112900130,109,69,40
112900131,41,227,-186
112900132,78,378,-300
112900133,20,1570,-1550
112900134,0,364,-364
112900135,46,12,34
112900136,0,42,-42
112900137,4,780,-776
112900138,4,685,-681
112900139,240,1416,-1176
112900140,2,116,-114
112900141,301,29,272
112900142,58,47,11
112900143,46,767,-721
112900144,2,273,-271
112900145,48,513,-465
112900146,7,1749,-1742
112900147,9,2851,-2842
112900148,26,0,26
112900149,145,534,-389
112900151,29,60,-31
112900152,5353,1368,3985
112900153,1670,957,713
112900154,1,117,-116
112900155,71,13,58
112900156,126,2302,-2176
112900157,51,3,48
112900158,14,25,-11
112900159,182,32,150
112900160,19,302,-283
112900161,36,40,-4
112900162,30,7,23
112900163,122,16,106
112900164,33,99,-66
112900165,139,32,107
112900166,4,33,-29
112900167,3,26,-23
112900168,1,5,-4
112900169,3,6,-3
112900170,28,113,-85
112900172,76,2,74
112900173,379,105,274
112900174,188,29,159
112900175,141,78,63
112900176,13,8,5
112900177,107,17,90
112900178,545,872,-327
112900179,27,669,-642
112900180,839,2820,-1981
112900181,258,3,255
112900182,32,1923,-1891
112900183,106,195,-89
112900184,379,350,29
112900185,374,461,-87
112900186,2167,631,1536
112900187,24,230,-206
112900188,696,262,434
112900189,47,39,8
112900190,2,60,-58
112900192,433,236,197
112900193,1091,255,836
112900194,13,100,-87
112900195,398,17,381
112900196,212,513,-301
112900197,128,509,-381
112900199,209,704,-495
112900200,243,254,-11
112900201,47,80,-33
112900202,119,1217,-1098
112900203,61,323,-262
112900204,814,342,472
112900205,0,3,-3
112900206,4,43,-39
112900207,1,0,1
112900208,52,84,-32
112900209,348,473,-125
112900210,0,15,-15
112900211,37,98,-61
112900212,0,80,-80
112900213,5,9,-4
112900214,25,9,16
112900215,3,229,-226
112900216,17,35,-18
112900217,2,97,-95
112900218,8,4,4
112900219,14,18,-4
112900220,0,0,0
112900221,11,128,-117
112900222,0,29,-29
112900223,413,5,408
112900224,143,893,-750
112900225,186,534,-348
112900226,349,272,77
112900227,188,1822,-1634
112900228,30,15,15
112900229,78,65,13
112900230,9500,3143,6357
112900232,161,136,25
112900233,33,245,-212
112900234,5,170,-165
112900235,33,11,22
112900236,73,12,61
112900237,44,374,-330
112900238,1,62,-61
112900239,434,180,254
113000001,4805,5377,-572
113000002,3832,3785,47
113000003,2060,2097,-37
113000004,2182,2399,-217
113000005,1312,1225,87
113000006,975,1383,-408
113000007,1158,1500,-342
113000008,1207,1961,-754
113000009,693,875,-182
113000010,934,1938,-1004
113000011,693,2155,-1462
113000012,1202,734,468
113000013,1530,475,1055
113000014,2396,1715,681
113000015,1305,243,1062
113000016,815,506,309
113000017,115,316,-201
113000018,177,50,127
113000019,78,271,-193
113000020,65,33,32
113000021,711,604,107
113000022,396,1413,-1017
113000025,116,306,-190
113000026,172,474,-302
113000027,690,381,309
113000028,1245,426,819
113000029,881,485,396
113000030,455,690,-235
113000031,331,259,72
113000032,283,243,40
113000033,472,351,121
113000034,590,348,242
113000035,21,51,-30
113000036,13,70,-57
113000037,60,42,18
113000038,16,88,-72
113000039,95,574,-479
113000040,48,104,-56
113000042,895,782,113
113000051,566,1837,-1271
113000052,2351,1431,920
113000053,255,644,-389
113000054,190,908,-718
113000055,657,1139,-482
113000056,495,1620,-1125
113000058,738,1080,-342
113000059,1373,826,547
113000060,85,618,-533
113000061,689,921,-232
113000062,1354,145,1209
113000063,79,244,-165
113000064,26,482,-456
113000065,120,1374,-1254
113000066,336,99,237
113000067,1006,1290,-284
113000068,371,2433,-2062
113000069,427,1809,-1382
113000070,1019,847,172
113000071,302,921,-619
113000072,392,486,-94
113000073,554,1707,-1153
113000074,1047,313,734
113000075,2152,509,1643
113000076,1211,1701,-490
113000077,1889,392,1497
113000078,1350,1856,-506
113000079,1130,563,567
113000080,839,476,363
113000081,1008,819,189
113000082,1514,771,743
113000083,555,792,-237
113000084,1570,1155,415
113000085,958,600,358
113000086,1133,1124,9
113000087,1320,843,477
113000088,2251,1297,954
113000089,896,1435,-539
113000090,244,316,-72
113000091,961,278,683
113000094,658,139,519
113000095,262,1264,-1002
113000096,117,1243,-1126
113000097,686,326,360
113000098,96,43,53
113000099,932,245,687
113000100,141,446,-305
113000101,371,552,-181
113000102,339,168,171
113000103,2867,696,2171
113000104,309,2363,-2054
113000105,809,450,359
113000106,421,718,-297
113000107,526,752,-226
113000108,847,1695,-848
113000109,515,3067,-2552
113000110,1622,362,1260
113000111,100,559,-459
113000112,260,294,-34
113000113,2693,251,2442
113000114,458,1343,-885
113000116,854,240,614
113000117,832,211,621
113000118,177,359,-182
113000119,172,471,-299
113000120,44,235,-191
113000121,690,948,-258
113000124,122,192,-70
113000125,42,547,-505
113000127,3516,531,2985
113000128,485,481,4
113000129,662,1228,-566
113000133,4923,1017,3906
113000134,7,601,-594
113000135,2920,2430,490
113000137,3149,1559,1590
113000139,454,170,284
113000140,231,274,-43
113000141,623,116,507
113000142,970,968,2
113000143,397,187,210
113000144,373,582,-209
113000145,58,169,-111
113000146,118,82,36
113000147,142,169,-27
113000148,64,196,-132
113000149,57,127,-70
113000150,454,396,58
113000151,156,63,93
113000152,30,192,-162
113000153,2070,587,1483
113000154,856,1320,-464
113000155,229,409,-180
113000156,178,397,-219
113000157,210,855,-645
113000158,541,169,372
113000159,742,445,297
113000160,571,1225,-654
113000161,262,866,-604
113000162,597,306,291
113000163,31,31,0
113000164,16,91,-75
113000166,60,55,5
113000167,18,229,-211
113000168,52,260,-208
113000169,136,38,98
113000170,70,77,-7
113000171,111,96,15
113000172,203,80,123
113000173,39,21,18
113000174,127,564,-437
113000175,276,122,154
113000176,324,137,187
113000177,108,487,-379
113000178,213,445,-232
113000179,213,107,106
113000180,471,1497,-1026
113000181,707,1207,-500
113000182,313,353,-40
113000183,286,681,-395
113000184,21,145,-124
113000189,566,623,-57
113000190,1975,470,1505
113000192,2761,1409,1352
113000193,5126,842,4284
113000194,2067,1111,956
113000195,2688,552,2136
113000196,73,96,-23
113000197,1516,921,595
113000198,25,315,-290
113000199,1242,385,857
113000201,247,220,27
113000202,3456,1778,1678
113000203,559,151,408
113000204,1851,1242,609
113000205,20,33,-13
113000206,4,41,-37
113000207,64,34,30
113000208,53,75,-22
113000209,20,29,-9
113000210,7,34,-27
113000211,251,117,134
113000212,251,12,239
113000213,49,93,-44
113000214,79,199,-120
113000234,108,1357,-1249
113000410,169,124,45
113000411,3418,4525,-1107
113000412,12810,1748,11062
113000413,4922,2020,2902
113000414,14126,10681,3445
113000415,3445,2525,920
113000416,11648,3291,8357
113000417,4884,2965,1919
113000418,4295,2554,1741
113000419,2782,2005,777
113000420,4576,3537,1039
113000421,4692,4672,20
113000422,20152,7735,12417
113000423,2836,3512,-676
113000424,5190,6028,-838
113000425,14,76,-62
113000428,953,61,892
113000430,93,133,-40
113000432,881,93,788
113000433,154,1121,-967
113000434,7,444,-437
113000435,1,1081,-1080
113000436,37,1746,-1709
113000437,316,21,295
113000438,107,4,103
113000439,8,168,-160
113000440,47,13,34
113000441,67,223,-156
113000442,73,315,-242
113000443,57,308,-251
113000444,59,356,-297
113000445,50,143,-93
113000446,5,100,-95
113000448,124,133,-9
113000449,257,526,-269
113000450,752,1824,-1072
113000451,1317,106,1211
113000452,435,223,212
113000453,54,231,-177
113000454,891,10,881
113000455,2,137,-135
113000456,4202,1932,2270
113000468,3065,401,2664
113000469,332,173,159
113000470,496,86,410
113000471,13,354,-341
113000472,59,331,-272
113000474,278,749,-471
113000475,1362,2072,-710
113000476,829,2138,-1309
113000477,1793,2393,-600
113000478,3462,7005,-3543
113000479,79,311,-232
113000480,113,81,32
113000481,0,1,-1
113000482,0,0,0
113000483,0,0,0
113000484,0,0,0
113000485,0,0,0
113000486,0,0,0
113000487,0,0,0
113000488,0,0,0
113000489,0,0,0
113000490,0,0,0
113000491,0,0,0
113000492,0,0,0
113000493,0,0,0
113000495,138,160,-22
113000496,35,68,-33
113000500,0,5,-5
113900001,5,78,-73
113900002,0,139,-139
113900003,1,103,-102
113900004,0,16,-16
113900005,0,20,-20
113900006,9,15,-6
113900007,34,18,16
113900008,50,0,50
113900009,232,0,232
113900010,102,0,102
113900011,7,0,7
113900012,19,5,14
113900013,494,5,489
113900014,902,1,901
113900015,0,52,-52
113900016,33,2,31
113900017,0,53,-53
113900018,518,76,442
113900019,44,58,-14
113900020,57,1,56
113900022,7,0,7
113900023,0,0,0
113900024,17,101,-84
113900025,445,17,428
113900026,22,1,21
113900027,4,70,-66
113900028,12,511,-499
113900029,38,350,-312
113900030,81,4,77
113900031,7,0,7
113900032,4,0,4
113900033,46,102,-56
113900035,35,0,35
113900036,3,109,-106
113900037,60,592,-532
113900038,43,54,-11
113900039,64,9,55
113900040,2,2,0
113900041,0,1,-1
113900042,21,35,-14
113900043,175,128,47
113900044,190,46,144
113900045,37,2,35
113900046,243,791,-548
113900047,20,157,-137
113900048,283,44,239
113900049,830,178,652
113900050,147,355,-208
113900051,183,548,-365
113900052,217,125,92
113900053,471,113,358
113900054,8,3,5
113900055,94,553,-459
113900056,42,206,-164
113900057,26,199,-173
113900058,28,244,-216
113900059,100,432,-332
113900060,136,311,-175
113900061,1347,94,1253
113900062,38,14,24
113900063,83,136,-53
113900064,29,181,-152
113900065,684,17,667
113900066,173,496,-323
113900067,53,431,-378
113900068,279,411,-132
113900069,90,9,81
113900070,262,469,-207
113900071,46,80,-34
113900072,57,206,-149
113900073,103,392,-289
113900074,25,478,-453
113900075,791,972,-181
113900076,180,10,170
113900077,32,224,-192
113900078,45,52,-7
113900079,7,70,-63
113900080,348,132,216
113900081,20,264,-244
113900082,95,231,-136
113900083,103,866,-763
113900084,190,117,73
113900085,26,363,-337
113900086,6,14,-8
113900087,23,252,-229
113900088,30,91,-61
113900089,332,46,286
113900090,297,381,-84
113900091,24,33,-9
113900092,29,57,-28
113900093,53,464,-411
113900094,151,605,-454
113900095,69,73,-4
113900096,145,63,82
113900097,5,123,-118
113900098,350,60,290
113900099,0,45,-45
113900100,2,1,1
113900101,16,53,-37
113900102,95,80,15
113900103,219,238,-19
113900104,99,145,-46
113900105,32,394,-362
113900106,1,128,-127
113900107,0,28,-28
113900108,211,134,77
113900109,327,94,233
113900110,29,14,15
113900111,58,120,-62
113900112,43,110,-67
113900113,515,413,102
113900114,0,115,-115
113900115,0,108,-108
113900116,68,88,-20
113900117,82,19,63
113900118,123,216,-93
113900119,311,277,34
113900120,26,22,4
113900121,29,95,-66
113900122,248,1359,-1111
113900123,298,157,141
113900124,0,30,-30
113900125,1402,139,1263
113900126,91,34,57
113900127,203,388,-185
113900128,96,46,50
113900129,17,101,-84
113900130,5,15,-10
113900131,70,64,6
113900132,27,46,-19
113900133,16,29,-13
113900135,137,432,-295
113900136,58,79,-21
113900137,191,132,59
113900138,78,177,-99
113900139,594,104,490
113900140,598,198,400
113900141,183,475,-292
113900142,50,97,-47
113900143,6,11,-5
113900144,424,124,300
113900145,136,226,-90
113900146,34,62,-28
113900148,115,153,-38
113900149,109,23,86
113900150,1413,507,906
113900151,178,205,-27
113900152,25,59,-34
113900153,494,508,-14
113900154,0,115,-115
113900155,219,80,139
113900156,224,673,-449
113900157,38,246,-208
113900158,546,175,371
113900159,15,291,-276
113900160,375,784,-409
113900161,41,117,-76
113900162,887,502,385
113900163,224,190,34
113900164,143,68,75
113900165,517,929,-412
113900166,369,133,236
113900167,257,42,215
113900168,104,99,5
113900169,175,476,-301
113900171,112,41,71
113900172,7,255,-248
113900173,45,706,-661
113900174,431,800,-369
113900175,225,86,139
113900176,180,825,-645
113900177,224,245,-21
113900178,309,138,171
113900179,12,718,-706
113900180,120,134,-14
113900181,349,209,140
113900182,435,1041,-606
113900183,37,76,-39
113900184,17,685,-668
113900185,111,88,23
113900186,19,50,-31
113900187,22,165,-143
113900188,37,181,-144
113900189,215,56,159
113900190,334,75,259
113900191,107,250,-143
113900192,6,264,-258
113900193,26,300,-274
113900194,2018,1018,1000
113900195,269,496,-227
113900196,4,140,-136
113900197,2,325,-323
113900198,24,142,-118
113900199,179,755,-576
113900200,9,271,-262
113900201,3,312,-309
113900202,40,247,-207
113900203,1,212,-211
113900204,33,718,-685
113900205,12,153,-141
113900206,11,128,-117
113900207,1,78,-77
113900208,0,53,-53
113900209,2,111,-109
113900210,569,614,-45
113900211,165,36,129
113900212,95,719,-624
113900214,547,344,203
113900215,23,162,-139
113900216,86,1495,-1409
113900217,26,349,-323
113900218,85,45,40
113900219,115,512,-397
113900220,73,54,19
113900221,322,132,190
113900222,355,362,-7
113900223,56,1180,-1124
113900224,147,64,83
113900225,926,257,669
113900226,239,125,114
113900227,376,154,222
113900228,475,331,144
113900229,72,660,-588
113900230,5635,1419,4216
113900231,125,284,-159
113900232,40,115,-75
113900233,32,52,-20
113900234,145,283,-138
113900235,70,25,45
113900236,28,508,-480
113900237,86,5,81
113900238,147,327,-180
113900239,60,38,22
113900240,3,73,-70
113900241,107,91,16
113900242,38,201,-163
113900243,176,480,-304
113900244,495,143,352
113900245,1475,243,1232
113900246,19,6,13
113900247,143,155,-12
113900248,4990,876,4114
113900249,1447,177,1270
113900250,47,127,-80
113900251,317,170,147
113900252,317,16,301
113900253,415,24,391
113900254,370,88,282
113900255,258,15,243
113900256,262,12,250
113900257,23,739,-716
113900258,10,723,-713
113900259,295,266,29
113900260,93,42,51
113900261,22,121,-99
113900262,134,855,-721
113900263,85,501,-416
113900264,5,671,-666
113900265,128,242,-114
113900266,23,284,-261
113900267,72,464,-392
113900268,122,265,-143
113900269,47,116,-69
113900270,335,371,-36
113900271,486,1631,-1145
113900273,11,0,11
113900274,15,10,5
113900275,14,59,-45
113900276,6,337,-331
113900277,51,1,50
113900278,386,197,189
113900279,95,108,-13
113900280,1514,696,818
113900281,289,906,-617
113900282,811,455,356
113900283,248,445,-197
113900284,832,102,730
113900285,74,43,31
113900286,57,174,-117
113900287,24,70,-46
113900288,0,78,-78
113900289,1747,67,1680
113900290,500,65,435
113900291,157,197,-40
113900292,8,8,0
113900293,2,178,-176
113900294,247,20,227
113900295,395,256,139
113900296,2847,351,2496
113900297,581,24,557
113900298,6,1742,-1736
113900299,14,143,-129
113900300,7076,2248,4828
113900301,956,294,662
113900302,2780,596,2184
113900303,711,188,523
113900304,2,164,-162
113900305,43,0,43
113900306,10,1,9
113900307,27,0,27
113900308,93,103,-10
113900309,5,1062,-1057
113900310,0,15,-15
113900311,0,0,0
113900312,56,87,-31
113900313,25,11,14
114000001,1138,3969,-2831
114000002,114,487,-373
114000003,28,369,-341
114000004,259,460,-201
114000005,141,339,-198
114000006,3624,2189,1435
114000007,502,1555,-1053
114000008,1235,1007,228
114000009,291,177,114
114000011,2113,3701,-1588
114000012,1378,3009,-1631
114000013,1087,2331,-1244
114000014,278,403,-125
114000015,793,553,240
114000016,200,445,-245
114000017,101,235,-134
114000018,446,137,309
114000026,771,1948,-1177
114000027,1304,2195,-891
114000028,1669,1995,-326
114000038,111,174,-63
114000039,57,109,-52
114000040,57,206,-149
114000042,50,246,-196
114000043,17,263,-246
114000044,78,63,15
114000045,19,102,-83
114000046,2532,5348,-2816
114000047,10,88,-78
114000048,41,72,-31
114000049,1393,949,444
114000050,1646,1054,592
114000051,3571,1366,2205
114000052,3053,1137,1916
114000053,44,544,-500
114000054,59,1653,-1594
114000055,215,25,190
114000056,1759,670,1089
114000057,9250,2706,6544
114000058,630,543,87
114000059,292,121,171
114000060,417,860,-443
114000061,3269,1149,2120
114000062,2542,604,1938
114000063,3820,1867,1953
114000064,9693,2663,7030
114000065,2155,2286,-131
114000066,226,680,-454
114000067,26,375,-349
114000068,376,409,-33
114000069,1005,437,568
114000070,2457,1267,1190
114000071,395,797,-402
114000072,193,448,-255
114000073,23,148,-125
114000074,9,32,-23
114000075,18,184,-166
114000076,11,247,-236
114000077,4,77,-73
114000078,162,1775,-1613
114000079,68,33,35
114000080,106,113,-7
114000081,47,114,-67
114000082,60,679,-619
114000083,38,352,-314
114000084,89,67,22
114000085,101,843,-742
114000086,104,680,-576
114000087,18,321,-303
114000088,59,76,-17
114000089,1695,514,1181
114000090,569,539,30
114000091,1664,381,1283
114000092,991,275,716
114000093,835,642,193
114000094,198,361,-163
114000095,101,71,30
114000096,90,692,-602
114000097,74,1268,-1194
114000098,273,48,225
114000099,233,1117,-884
114000100,566,948,-382
114000101,270,1535,-1265
114000102,142,370,-228
114000103,114,605,-491
114000104,15,375,-360
114000105,32,59,-27
114000106,879,364,515
114000107,79,144,-65
114000108,2328,1491,837
114000109,232,462,-230
114000110,547,1936,-1389
114000111,814,552,262
114000112,251,1908,-1657
114000113,469,496,-27
114000114,1095,1532,-437
114000115,940,579,361
114000116,338,458,-120
114000117,1231,378,853
114000118,970,312,658
114000119,774,233,541
114000120,541,1142,-601
114000121,303,668,-365
114000122,255,249,6
114000123,831,287,544
114000124,374,333,41
114000125,770,2098,-1328
114000126,1176,193,983
114000127,89,255,-166
114000128,571,569,2
114000130,291,580,-289
114000131,95,67,28
114000132,494,809,-315
114000133,1289,1369,-80
114000134,45,266,-221
114000138,31,184,-153
114000139,323,107,216
114000144,577,264,313
114000145,96,220,-124
114000146,113,378,-265
114000147,785,800,-15
114000148,2383,1343,1040
114000149,315,164,151
114000150,830,516,314
114000151,769,742,27
114000152,121,21,100
114000153,1076,1199,-123
114000154,607,591,16
114000155,1319,1370,-51
114000156,663,401,262
114000157,186,800,-614
114000158,2197,624,1573
114000159,205,352,-147
114000160,125,202,-77
114000161,1561,1128,433
114000162,711,846,-135
114000163,4,177,-173
114000165,189,143,46
114000166,677,233,444
114000167,4620,1109,3511
114000168,902,685,217
114000169,1938,606,1332
114000170,1350,439,911
114000171,546,850,-304
114000174,181,442,-261
114000176,631,319,312
114000177,2457,924,1533
114000178,39,60,-21
114000179,1323,741,582
114000180,394,638,-244
114000181,1539,2037,-498
114000182,6968,2105,4863
114000183,1111,807,304
114000184,608,1924,-1316
114000185,909,1049,-140
114000189,387,45,342
114000190,1146,125,1021
114000191,24,33,-9
114000192,358,1693,-1335
114000193,1078,3486,-2408
114000194,1172,1383,-211
114000195,52,11,41
114000196,5,351,-346
114000197,489,62,427
114000198,1262,413,849
114000199,1973,1210,763
114000200,533,2731,-2198
114000201,139,1235,-1096
114000202,845,916,-71
114000203,346,1043,-697
114000204,122,438,-316
114000205,246,2057,-1811
114000206,390,1530,-1140
114000207,559,2646,-2087
114000208,400,3613,-3213
114000209,609,3774,-3165
114000210,331,1788,-1457
114000211,924,1761,-837
114000212,567,815,-248
114000213,920,689,231
114000214,67,234,-167
114000215,94,56,38
114000216,835,509,326
114000217,112,396,-284
114000218,64,426,-362
114000219,713,451,262
114000220,7,1545,-1538
114000221,356,150,206
114000222,193,1468,-1275
114000223,350,66,284
114000224,106,775,-669
114000225,131,656,-525
114000226,67,253,-186
114000227,489,545,-56
114000228,547,1013,-466
114000229,599,1381,-782
114000230,1292,1715,-423
114000231,678,1407,-729
114000232,355,105,250
114000233,1282,103,1179
114000234,762,1202,-440
114000235,597,1716,-1119
114000236,2,523,-521
114000237,64,1373,-1309
114000238,48,160,-112
114000239,172,1739,-1567
114000240,530,728,-198
114000241,264,1184,-920
114000242,873,930,-57
114000243,1113,719,394
114000244,704,393,311
114000245,337,716,-379
114000246,111,33,78
114000247,747,757,-10
114000248,558,536,22
114000249,373,519,-146
114000250,383,594,-211
114000251,155,290,-135
114000252,43,150,-107
114000253,53,276,-223
114000254,14,130,-116
114000255,485,152,333
114000256,2442,622,1820
114000257,559,2155,-1596
114000258,175,647,-472
114000259,151,265,-114
114000260,1,24,-23
114000261,27,27,0
114000262,34,173,-139
114000263,5,1,4
114000264,371,862,-491
114000265,0,13,-13
114000267,3,1390,-1387
114000268,7,2584,-2577
114000270,80,3,77
114000271,296,133,163
114000283,752,576,176
114000285,50,303,-253
114000288,28,479,-451
114000289,814,93,721
114000293,102,411,-309
114000294,156,301,-145
114000395,1080,87,993
114000396,204,257,-53
114000402,193,330,-137
114000403,163,559,-396
114000405,99,708,-609
114000423,141,650,-509
114000424,226,272,-46
114000425,209,795,-586
114000426,272,617,-345
114000427,34,96,-62
114000428,242,64,178
114000429,8,202,-194
114000432,49,168,-119
114000434,11,123,-112
114000435,3,185,-182
114000436,5547,1463,4084
114000437,289,775,-486
114900001,286,1590,-1304
114900002,483,85,398
114900003,282,2547,-2265
114900004,165,234,-69
114900005,203,1078,-875
114900006,15,26,-11
114900007,102,10,92
114900008,91,21,70
114900010,2925,1523,1402
114900011,71,104,-33
114900013,79,76,3
114900015,35,167,-132
114900018,563,23,540
114900020,80,42,38
114900022,4,693,-689
114900024,101,145,-44
114900025,199,242,-43
114900026,30,60,-30
114900027,154,238,-84
114900029,14,17,-3
114900030,128,176,-48
114900031,77,23,54
114900032,93,41,52
114900033,1582,249,1333
114900034,43,333,-290
114900035,148,234,-86
114900036,218,1287,-1069
114900037,47,273,-226
114900038,146,1228,-1082
114900039,349,870,-521
114900040,32,253,-221
114900041,249,792,-543
114900042,382,1028,-646
114900043,773,353,420
114900044,69,17,52
114900046,48,154,-106
114900047,167,991,-824
114900048,62,202,-140
114900049,9,259,-250
114900050,17,700,-683
114900051,26,669,-643
114900052,119,252,-133
114900053,150,234,-84
114900054,52,152,-100
114900057,173,14,159
114900058,0,99,-99
114900059,20,39,-19
114900060,1483,402,1081
114900061,66,180,-114
114900062,267,293,-26
114900063,39,252,-213
114900064,639,917,-278
114900065,185,688,-503
114900067,19,399,-380
114900068,59,205,-146
114900069,205,186,19
114900070,202,695,-493
114900072,6,348,-342
114900073,0,225,-225
114900074,186,1068,-882
114900075,97,3,94
114900076,10,475,-465
114900080,3471,437,3034
114900082,4075,1294,2781
114900083,722,794,-72
114900090,137,131,6
114900091,123,182,-59
114900095,497,115,382
114900096,433,617,-184
114900097,62,0,62
114900098,7,243,-236
114900099,59,2,57
115000001,9871,7641,2230
115000002,2620,2892,-272
115000003,3782,5183,-1401
115000004,2162,4082,-1920
115000005,1409,3353,-1944
115000006,448,1306,-858
115000007,58,144,-86
115000008,464,396,68
115000009,111,349,-238
115000010,278,149,129
115000013,79,114,-35
115000015,60,138,-78
115000016,229,198,31
115000019,17,432,-415
115000020,158,396,-238
115000021,188,382,-194
115000022,446,374,72
115000023,242,396,-154
115000024,1227,514,713
115000025,712,442,270
115000026,146,481,-335
115000027,156,309,-153
115000028,143,694,-551
115000029,324,205,119
115000030,346,854,-508
115000031,736,307,429
115000032,6,261,-255
115000033,91,13,78
115000034,116,1174,-1058
115000035,890,45,845
115000036,2,504,-502
115000037,273,4,269
115000038,21,141,-120
115000039,2934,1810,1124
115000040,7984,3289,4695
115000041,1105,2208,-1103
115000042,1022,724,298
115000043,2679,2770,-91
115000044,3472,4968,-1496
115000045,1910,2718,-808
115000046,1236,2462,-1226
115000047,1329,2043,-714
115000048,1195,3394,-2199
115000049,1388,3283,-1895
115000050,2435,1995,440
115000051,2300,1464,836
115000052,3433,2136,1297
115000053,1321,1275,46
115000054,886,1463,-577
115000055,66,386,-320
115000056,179,313,-134
115000057,281,667,-386
115000058,169,161,8
115000059,141,186,-45
115000061,168,100,68
115000062,129,334,-205
115000063,154,350,-196
115000064,270,167,103
115000065,10,178,-168
115000067,241,41,200
115000069,43,367,-324
115000070,40,833,-793
115000071,85,15,70
115000072,29,80,-51
115000073,1514,88,1426
115000075,24,47,-23
115000076,3568,4021,-453
115000077,1166,4343,-3177
115000078,514,2277,-1763
115000079,793,2741,-1948
115000080,1534,3096,-1562
115000081,424,1058,-634
115000082,2526,2952,-426
115000083,1600,3939,-2339
115000084,1045,1210,-165
115000085,427,1302,-875
115000086,522,1118,-596
115000087,559,1702,-1143
115000088,1582,685,897
115000089,1676,1753,-77
115000090,855,809,46
115000091,263,1508,-1245
115000092,257,319,-62
115000093,393,0,393
115000094,9081,4872,4209
115000095,7175,4680,2495
115000096,544,2425,-1881
115000097,426,904,-478
115000098,572,1001,-429
115000099,1323,3750,-2427
115000100,573,575,-2
115000101,335,1906,-1571
115000102,323,190,133
115000103,369,944,-575
115000105,56,291,-235
115000106,249,237,12
115000107,119,723,-604
115000108,4619,3351,1268
115000109,6117,2721,3396
115000110,1216,771,445
115000111,749,1566,-817
115000112,708,499,209
115000113,1075,953,122
115000114,2064,1012,1052
115000116,3295,1304,1991
115000117,3918,1842,2076
115000118,1897,1339,558
115000119,1887,1727,160
115000120,569,642,-73
115000121,1900,1006,894
115000122,5519,809,4710
115000123,2318,1165,1153
115000124,806,684,122
115000125,390,651,-261
115000126,160,335,-175
115000127,307,154,153
115000128,1017,756,261
115000129,189,148,41
115000130,257,1214,-957
115000131,297,282,15
115000132,162,602,-440
115000133,258,394,-136
115000134,335,245,90
115000135,123,295,-172
115000136,96,181,-85
115000137,57,217,-160
115000138,118,257,-139
115000139,169,329,-160
115000140,106,217,-111
115000141,98,444,-346
115000142,67,437,-370
115000143,282,529,-247
115000144,259,81,178
115000145,141,598,-457
115000146,262,196,66
115000147,315,606,-291
115000148,306,1778,-1472
115000149,316,181,135
115000150,655,1452,-797
115000151,495,496,-1
115000152,463,2092,-1629
115000153,455,550,-95
115000154,435,394,41
115000155,399,1474,-1075
115000156,999,636,363
115000157,1080,1022,58
115000158,786,354,432
115000159,820,455,365
115000160,776,577,199
115000161,548,649,-101
115000162,729,470,259
115000163,642,635,7
115000164,545,501,44
115000165,373,326,47
115000167,71,43,28
115000168,651,239,412
115000169,652,339,313
115000170,75,138,-63
115000171,224,132,92
115000172,2020,635,1385
115000173,276,287,-11
115000174,38,231,-193
115000175,51,45,6
115000176,248,62,186
115000177,272,58,214
115000178,21,338,-317
115000179,11,12,-1
115000180,49,869,-820
115000181,238,131,107
115000182,339,471,-132
115000183,137,1254,-1117
115000186,489,317,172
115000187,175,704,-529
115000188,431,514,-83
115000189,319,447,-128
115000190,716,538,178
115000191,280,489,-209
115000194,116,115,1
115000195,296,186,110
115000196,76,135,-59
115000197,115,490,-375
115000198,117,282,-165
115000199,143,382,-239
115000200,199,102,97
115000201,90,540,-450
115000206,185,74,111
115000207,55,385,-330
115000208,545,823,-278
115000209,537,181,356
115000210,90,98,-8
115000211,228,317,-89
115000212,1595,333,1262
115000224,131,55,76
115000225,86,58,28
115000229,309,169,140
115000230,120,442,-322
115000231,306,3138,-2832
115000232,798,394,404
115000233,78,278,-200
115000234,5,221,-216
115000241,34,308,-274
115000242,55,332,-277
115000243,15,323,-308
115000244,1,94,-93
115000246,13,12,1
115000247,18,9,9
115000248,18,8,10
115000249,32,11,21
115000250,118,44,74
115000251,66,151,-85
115000252,36,181,-145
115000253,11,175,-164
115000258,139,218,-79
115000259,357,210,147
115000261,10,26,-16
115000262,3,19,-16
115000263,7,49,-42
115000264,7,33,-26
115000267,30,91,-61
115000268,35,115,-80
115000269,72,78,-6
115000270,16,29,-13
115000272,54,142,-88
115000273,277,35,242
115000280,3449,75,3374
115000281,1108,178,930
115000282,1410,564,846
115000284,374,99,275
115000296,436,6,430
115000297,105,52,53
115000298,41,133,-92
115000300,72,249,-177
115000302,202,306,-104
115000303,287,200,87
115000304,355,104,251
115000305,58,1398,-1340
115000306,61,666,-605
115000307,80,303,-223
115000308,65,15,50
115000309,5,8,-3
115000310,620,1588,-968
115000311,324,1568,-1244
115000313,81,950,-869
115000314,190,79,111
115000315,1298,242,1056
115000316,17,66,-49
115000317,174,798,-624
115000318,720,253,467
115000319,55,299,-244
115000320,11,197,-186
115000321,595,27,568
115000322,52,281,-229
115000449,389,124,265
115000557,16,544,-528
115000558,168,62,106
115000587,279,448,-169
115000588,2298,4383,-2085
115000589,2392,2616,-224
115000590,963,1696,-733
115000591,1325,726,599
115000592,773,1626,-853
115000593,1468,545,923
115000594,1155,1476,-321
115000609,60,132,-72
115000617,2498,1489,1009
115000624,137,118,19
115000633,465,2102,-1637
115000634,2655,804,1851
115000635,250,135,115
115000638,1368,828,540
115000641,98,123,-25
115000642,388,230,158
115000643,108,439,-331
115000644,100,455,-355
115000646,592,1097,-505
115000647,140,523,-383
115000648,941,2021,-1080
115000893,3972,968,3004
115000894,70,1319,-1249
115000895,204,997,-793
115000896,720,340,380
115000897,432,95,337
115000898,1048,183,865
115000899,1005,850,155
115000900,136,284,-148
115000901,53,67,-14
115000912,143,79,64
115000913,1,47,-46
115000915,18,1,17
115000916,1,0,1
115000917,0,6,-6
115000918,109,304,-195
115000919,17,6,11
115000920,8,38,-30
115000921,1864,124,1740
115000922,904,395,509
115000923,467,745,-278
115000925,31,72,-41
115000927,12,34,-22
115000933,253,90,163
115000934,68,270,-202
115000935,70,126,-56
115900001,21,84,-63
115900002,71,190,-119
115900003,72,177,-105
115900004,2,56,-54
115900005,66,3,63
115900006,108,460,-352
115900008,15,15,0
115900009,53,299,-246
115900010,147,250,-103
115900011,248,352,-104
115900012,42,102,-60
115900013,377,148,229
115900014,95,178,-83
115900015,26,113,-87
115900016,54,32,22
115900017,2,3,-1
115900018,173,89,84
115900019,1581,32,1549
115900020,11,2,9
115900021,2145,115,2030
115900022,1262,19,1243
115900023,20,3,17
115900025,99,193,-94
115900026,964,436,528
115900027,1,508,-507
115900028,685,86,599
115900029,6,624,-618
115900030,40,4,36
115900031,468,188,280
115900032,368,798,-430
115900033,0,44,-44
115900034,24,684,-660
115900035,45,260,-215
115900036,166,293,-127
115900037,26,613,-587
115900038,17,9,8
115900039,94,324,-230
115900041,257,293,-36
115900042,8,9,-1
115900043,44,146,-102
115900044,214,204,10
115900046,165,317,-152
115900047,57,45,12
115900049,103,194,-91
115900051,1,107,-106
115900052,6,356,-350
115900053,65,320,-255
115900054,57,70,-13
115900055,22,162,-140
115900056,95,498,-403
115900057,15,2,13
115900058,31,78,-47
115900060,57,153,-96
115900061,88,1,87
115900062,24,414,-390
115900063,32,17,15
115900064,168,313,-145
115900065,32,183,-151
115900066,226,246,-20
115900067,4,1062,-1058
115900068,4407,176,4231
115900069,71,228,-157
115900070,90,322,-232
115900071,2,768,-766
115900072,61,275,-214
115900073,23,25,-2
115900074,3,393,-390
115900075,15,414,-399
115900076,4,106,-102
115900077,5,410,-405
115900078,34,163,-129
115900079,71,13,58
115900080,405,173,232
115900081,11,108,-97
115900082,163,172,-9
115900084,147,102,45
115900085,59,55,4
115900086,1711,475,1236
115900088,49,34,15
115900089,149,969,-820
115900090,115,22,93
115900091,8,32,-24
115900092,32,321,-289
115900093,3,29,-26
115900094,2,573,-571
115900096,2,39,-37
115900097,9,619,-610
115900098,71,552,-481
115900099,63,88,-25
115900100,5,672,-667
115900101,85,481,-396
115900102,17,104,-87
115900103,197,297,-100
115900104,32,202,-170
115900105,51,835,-784
115900106,28,34,-6
115900107,29,236,-207
115900108,38,51,-13
115900109,38,500,-462
115900110,1,23,-22
115900111,0,66,-66
115900112,22,1062,-1040
115900113,10,26,-16
115900114,3,175,-172
115900115,39,171,-132
115900116,97,1226,-1129
115900117,19,9,10
115900118,7,464,-457
115900119,71,92,-21
115900120,18,471,-453
115900121,93,242,-149
115900124,147,415,-268
115900125,159,41,118
115900126,403,65,338
115900127,428,29,399
115900128,8,42,-34
115900129,554,23,531
115900130,25,165,-140
115900131,169,26,143
115900132,173,8,165
115900134,158,16,142
115900135,543,485,58
115900137,4,2,2
115900139,104,66,38
115900140,145,16,129
115900141,12,51,-39
115900142,8,12,-4
115900143,129,261,-132
115900144,37,224,-187
115900146,14,194,-180
115900147,149,211,-62
115900148,5,15,-10
115900149,20,33,-13
115900150,26,86,-60
115900151,6,45,-39
115900152,42,438,-396
115900153,47,289,-242
115900154,638,341,297
115900155,0,71,-71
115900156,493,769,-276
115900157,49,456,-407
115900158,24,10,14
115900159,31,315,-284
115900160,7,6,1
115900161,62,265,-203
115900163,79,152,-73
115900164,166,29,137
115900165,3,108,-105
115900166,178,230,-52
115900168,30,220,-190
115900171,65,455,-390
115900172,33,146,-113
115900173,127,166,-39
115900174,268,277,-9
115900175,55,209,-154
115900178,6,998,-992
115900179,119,28,91
115900180,19,334,-315
115900181,55,303,-248
115900182,161,387,-226
115900183,185,19,166
115900184,1814,30,1784
115900187,4,84,-80
115900189,0,79,-79
115900190,681,467,214
115900191,43,550,-507
115900192,11,54,-43
115900193,91,45,46
115900194,277,50,227
115900195,543,939,-396
115900198,184,236,-52
115900199,122,272,-150
115900200,261,315,-54
115900201,360,228,132
115900202,2,12,-10
115900203,3,5,-2
115900204,1,4,-3
115900205,28,14,14
115900206,67,209,-142
115900207,14,26,-12
115900208,38,360,-322
115900209,8,136,-128
115900210,7,170,-163
115900211,1,259,-258
115900212,58,267,-209
115900213,41,30,11
115900214,156,257,-101
115900215,18,31,-13
115900216,7,74,-67
115900217,1,62,-61
115900218,1,58,-57
115900219,31,22,9
115900220,56,16,40
115900221,24,10,14
115900222,28,11,17
115900223,17,75,-58
115900224,1676,313,1363
115900225,107,29,78
115900226,26,41,-15
115900227,7,37,-30
115900228,4,39,-35
115900229,4,49,-45
115900230,51,96,-45
115900231,51,2,49
115900232,24,5,19
115900233,67,15,52
115900234,37,16,21
115900235,5,27,-22
115900236,34,9,25
115900237,4,32,-28
115900238,15,23,-8
115900239,13,23,-10
115900240,19,66,-47
115900241,104,102,2
115900242,135,164,-29
115900243,8,2,6
115900244,2,24,-22
115900245,12,22,-10
115900246,15,4,11
115900247,5,3,2
115900248,6,1,5
115900249,3,9,-6
115900250,2,9,-7
115900251,0,6,-6
115900252,0,1,-1
115900253,1,4,-3
115900254,18,26,-8
115900255,2,15,-13
115900256,23,7,16
115900257,1,7,-6
115900258,0,1,-1
115900259,2,2,0
115900260,14,0,14
115900261,4,5,-1
115900262,0,0,0
115900263,3,4,-1
115900264,18,7,11
115900265,4,6,-2
115900266,2,1,1
115900267,5,1,4
115900268,2,5,-3
115900269,171,579,-408
115900270,149,718,-569
115900271,19,0,19
115900272,12,0,12
115900273,1,8,-7
115900274,1,17,-16
115900275,0,45,-45
115900276,0,78,-78
115900277,1,108,-107
115900278,8,106,-98
115900279,1,136,-135
115900280,6,160,-154
115900281,469,99,370
116000001,21209,5290,15919
116000002,4578,5470,-892
116000003,1535,1906,-371
116000004,1289,1928,-639
116000005,2783,3326,-543
116000006,1502,1241,261
116000007,5748,4493,1255
116000008,6095,1510,4585
116000009,1936,3037,-1101
116000010,1406,931,475
116000011,756,2137,-1381
116000012,734,564,170
116000013,18276,4823,13453
116000014,22504,6139,16365
116000015,625,830,-205
116000016,9836,1814,8022
116000017,30,449,-419
116000018,856,405,451
116000019,738,243,495
116000020,433,1284,-851
116000021,238,214,24
116000022,340,588,-248
116000023,582,471,111
116000024,709,1820,-1111
116000025,567,480,87
116000026,1672,2809,-1137
116000027,504,516,-12
116000028,327,563,-236
116000029,1155,684,471
116000030,333,394,-61
116000031,174,194,-20
116000032,315,276,39
116000033,197,626,-429
116000034,479,968,-489
116000035,277,741,-464
116000036,2092,585,1507
116000037,657,504,153
116000038,488,436,52
116000039,717,359,358
116000040,812,383,429
116000041,344,665,-321
116000042,360,357,3
116000043,82,424,-342
116000044,9,44,-35
116000045,1379,1336,43
116000046,1417,908,509
116000047,2156,1863,293
116000048,1996,1504,492
116000049,803,2065,-1262
116000050,1093,1435,-342
116000051,2417,1816,601
116000052,2966,3591,-625
116000053,1311,1132,179
116000054,513,2707,-2194
116000055,256,1656,-1400
116000056,521,1048,-527
116000057,3301,2484,817
116000058,3270,2125,1145
116000059,3025,3419,-394
116000060,3443,951,2492
116000061,245,730,-485
116000062,576,239,337
116000063,424,1177,-753
116000066,93,329,-236
116000067,252,611,-359
116000068,166,210,-44
116000069,270,581,-311
116000078,197,991,-794
116000080,1121,1266,-145
116000082,11,166,-155
116000083,944,354,590
116000084,2452,4294,-1842
116000085,1551,1023,528
116000086,2149,1336,813
116000087,963,952,11
116000088,868,1577,-709
116000089,94,87,7
116000090,137,171,-34
116000091,234,102,132
116000093,1474,865,609
116000094,357,838,-481
116000095,423,760,-337
116000096,433,1495,-1062
116000097,447,927,-480
116000098,131,5207,-5076
116000099,10920,325,10595
116000100,61,16,45
116000101,310,1864,-1554
116000102,239,1701,-1462
116000103,277,238,39
116000104,161,1902,-1741
116000105,575,247,328
116000106,579,1299,-720
116000107,2191,471,1720
116000108,296,235,61
116000111,28,18,10
116000113,132,53,79
116000114,27,148,-121
116000115,129,55,74
116000116,177,808,-631
116000117,939,1782,-843
116000118,904,1725,-821
116000119,1686,1631,55
116000120,2569,5644,-3075
116000121,463,423,40
116000122,1226,2855,-1629
116000123,441,321,120
116000124,335,1461,-1126
116000125,1333,460,873
116000126,337,1731,-1394
116000127,982,1796,-814
116000128,914,666,248
116000129,581,197,384
116000130,253,256,-3
116000133,385,1009,-624
116000134,1151,3355,-2204
116000135,1079,1223,-144
116000136,1050,2678,-1628
116000137,576,514,62
116000138,1755,477,1278
116000139,1700,2386,-686
116000140,60,274,-214
116000141,397,1319,-922
116000142,4601,4668,-67
116000143,1992,1432,560
116000144,1041,3768,-2727
116000145,1401,1592,-191
116000146,219,546,-327
116000147,193,156,37
116000148,293,378,-85
116000149,315,495,-180
116000151,376,1078,-702
116000153,51,359,-308
116000155,178,247,-69
116000156,1967,1602,365
116000157,31,12,19
116000158,347,455,-108
116000159,9,9,0
116000160,6,170,-164
116000161,12,138,-126
116000162,100,48,52
116000163,19,7,12
116000164,2,16,-14
116000177,531,91,440
116000194,58,476,-418
116000195,1264,646,618
116000196,13,6,7
116000197,4,5,-1
116000198,2305,1046,1259
116000200,878,192,686
116000201,550,751,-201
116000202,5,335,-330
116000203,2,77,-75
116000204,14,45,-31
116000205,0,158,-158
116000206,3,98,-95
116000207,2,34,-32
116000233,157,867,-710
116000287,68,631,-563
116000288,84,320,-236
116000292,35,248,-213
116000296,8,203,-195
116000297,39,4,35
116000304,38,26,12
116000305,9,181,-172
116000346,110,243,-133
116000352,113,78,35
116000354,32,17,15
116000357,2,4,-2
116000358,129,38,91
116000361,102,3,99
116000372,10467,2190,8277
116000381,77,0,77
116000388,1,47,-46
116000389,448,516,-68
116000445,179,910,-731
116000446,201,1236,-1035
116000447,7,463,-456
116000448,521,257,264
116000563,1156,660,496
116000565,68,524,-456
116000568,41,166,-125
116000579,18,125,-107
116000584,5,21,-16
116000585,10,9,1
116000586,255,102,153
116000587,308,654,-346
116000589,22,92,-70
116000590,64,54,10
116000591,94,362,-268
116000592,16,209,-193
116000593,0,47,-47
116000594,191,839,-648
116000595,317,212,105
116000596,33,4,29
116000597,108,41,67
116000598,11,245,-234
116000602,111,279,-168
116000605,237,177,60
116000606,25,107,-82
116000607,3,80,-77
116000609,256,581,-325
116000611,59,659,-600
116000612,504,1824,-1320
116000613,199,356,-157
116000614,365,953,-588
116000615,1,110,-109
116000616,31,187,-156
116000617,23,129,-106
116000618,4,216,-212
116000619,12,65,-53
116000620,59,69,-10
116000621,14,95,-81
116000622,26,149,-123
116000624,64,55,9
116000627,8,40,-32
116000628,8,774,-766
116000629,7,670,-663
116000630,79,51,28
116000631,25,48,-23
116000632,132,450,-318
116000633,14,1074,-1060
116000634,150,16,134
116000635,2015,1163,852
116900001,186,123,63
116900002,268,6,262
116900003,15,115,-100
116900004,14,18,-4
116900005,99,62,37
116900006,165,159,6
116900007,116,234,-118
116900008,167,523,-356
116900009,10,2,8
116900010,11,2248,-2237
116900011,8,53,-45
116900012,137,205,-68
116900013,8,342,-334
116900014,25,474,-449
116900015,95,79,16
116900016,73,1,72
116900017,1,812,-811
116900018,29,42,-13
116900019,3,465,-462
116900020,1783,257,1526
116900023,40,9,31
116900024,232,60,172
116900025,343,1185,-842
116900026,211,898,-687
116900027,16,49,-33
116900028,3,153,-150
116900029,0,9,-9
116900031,1,14,-13
116900032,6,479,-473
116900033,7,7,0
116900034,7,81,-74
116900035,97,255,-158
116900036,4,124,-120
116900038,8,2,6
116900041,48,8,40
116900042,1049,218,831
116900043,7,62,-55
116900045,191,52,139
116900047,79,42,37
116900049,28,263,-235
116900050,51,468,-417
116900051,18,361,-343
116900052,116,76,40
116900055,0,11,-11
116900057,14,409,-395
116900058,26,472,-446
116900059,2,233,-231
116900060,123,281,-158
116900062,0,5,-5
116900064,48,1223,-1175
116900065,3,94,-91
116900067,65,134,-69
116900068,102,514,-412
116900070,0,2,-2
116900072,13,680,-667
116900073,12,273,-261
116900074,4,69,-65
116900076,2,19,-17
116900077,8,252,-244
116900078,266,173,93
116900079,7,429,-422
116900080,13,26,-13
116900081,336,1711,-1375
116900082,221,1223,-1002
116900083,34,65,-31
116900084,178,57,121
116900085,28,171,-143
116900086,32,250,-218
116900088,473,66,407
116900090,161,46,115
116900091,58,83,-25
116900092,66,868,-802
116900093,2103,1673,430
116900094,8582,2006,6576
116900095,140,164,-24
116900096,70,101,-31
116900097,4450,1463,2987
116900098,1106,195,911
116900099,631,348,283
116900100,372,17,355
116900101,351,908,-557
116900103,1,0,1
116900104,34,86,-52
116900105,270,43,227
116900106,745,316,429
116900107,5217,1143,4074
116900110,4,0,4
116900111,127,1552,-1425
116900112,108,1084,-976
116900113,3491,747,2744
116900116,136,297,-161
116900117,25,73,-48
116900118,1380,588,792
116900120,93,159,-66
116900121,46,47,-1
116900122,291,1220,-929
116900123,91,1183,-1092
116900124,142,962,-820
116900125,127,328,-201
116900126,324,584,-260
116900128,0,31,-31
116900129,1,427,-426
116900130,1246,1723,-477
116900131,54,196,-142
116900132,14,84,-70
116900133,48,107,-59
116900134,138,237,-99
116900136,226,165,61
116900137,242,182,60
116900138,149,222,-73
116900139,74,503,-429
116900140,116,201,-85
116900141,375,369,6
116900142,3,29,-26
116900143,180,536,-356
116900144,11,55,-44
116900145,89,392,-303
116900147,624,272,352
116900148,6,34,-28
116900149,21,157,-136
116900150,7,3,4
116900151,44,4,40
116900153,46,53,-7
116900154,781,189,592
116900155,49,38,11
116900157,153,288,-135
116900158,82,89,-7
116900159,10,193,-183
116900160,473,268,205
116900161,10809,3526,7283
116900162,15,235,-220
116900163,65,198,-133
116900164,42,52,-10
116900165,107,89,18
116900166,8,122,-114
116900167,199,45,154
116900168,119,153,-34
116900169,533,157,376
116900170,146,244,-98
116900171,20,310,-290
116900172,198,104,94
116900173,64,68,-4
116900174,15,32,-17
116900175,124,129,-5
116900178,22,243,-221
116900179,52,97,-45
116900180,48,37,11
116900182,311,241,70
116900183,84,101,-17
116900185,9,37,-28
116900186,61,488,-427
116900187,16,9,7
116900188,112,12,100
116900189,43,1,42
116900191,239,426,-187
116900192,167,232,-65
116900194,20,497,-477
116900195,19,11,8
116900196,22,152,-130
116900197,50,6,44
116900198,391,123,268
116900200,6,60,-54
116900201,33,6,27
116900202,188,87,101
116900203,113,9,104
116900204,34,59,-25
116900206,2,47,-45
116900207,33,23,10
116900208,10,213,-203
116900209,12,175,-163
116900210,307,201,106
116900211,195,10,185
116900212,19,89,-70
116900213,163,196,-33
116900214,55,173,-118
116900215,30,89,-59
116900216,100,435,-335
116900218,21,395,-374
116900219,904,448,456
116900220,59,199,-140
116900221,36,285,-249
116900222,383,340,43
116900223,81,236,-155
116900226,22,107,-85
116900227,79,67,12
116900228,167,387,-220
116900230,33,496,-463
116900231,14,599,-585
116900232,3,594,-591
116900233,102,69,33
116900234,15,4,11
116900235,122,459,-337
116900238,1523,382,1141
116900239,30,716,-686
116900240,7354,2402,4952
116900241,29,207,-178
116900242,534,182,352
116900243,5,155,-150
116900245,30,24,6
116900246,39,6,33
116900247,222,9,213
116900248,55,12,43
116900249,128,146,-18
116900250,135,50,85
116900251,474,192,282
116900252,33,1150,-1117
116900253,31,83,-52
116900254,10,122,-112
116900255,88,15,73
116900256,164,116,48
116900257,9,790,-781
116900258,1,453,-452
116900259,40,3,37
116900260,0,172,-172
116900261,15,2,13
116900262,47,142,-95
116900263,0,10,-10
116900264,0,8,-8
116900265,11,1,10
116900266,3,69,-66
116900267,0,0,0
116900268,22,15,7
116900269,253,580,-327
116900271,3342,57,3285
116900272,497,660,-163
116900273,310,38,272
116900274,28,75,-47
116900275,79,226,-147
116900276,919,21,898
116900277,810,20,790
116900278,0,13,-13
116900279,0,28,-28
116900280,6,30,-24
116900281,9532,1929,7603
116900282,2,179,-177
116900283,12,146,-134
116900284,31,238,-207
116900285,379,111,268
116900286,221,9,212
116900287,6,77,-71
116900288,39,157,-118
116900289,5,34,-29
116900290,1,53,-52
116900291,4,15,-11
116900292,0,4,-4
116900293,11,83,-72
116900294,28,113,-85
116900295,52,76,-24
116900296,24,41,-17
116900297,2,28,-26
116900298,50,14,36
116900299,39,34,5
116900300,18,218,-200
116900301,47,33,14
116900302,39,33,6
116900303,587,40,547
116900304,0,117,-117
116900305,6,31,-25
116900306,22,67,-45
117000001,1088,1168,-80
117000002,1405,4561,-3156
117000003,6181,2846,3335
117000004,4736,5798,-1062
117000005,1102,1471,-369
117000006,941,5030,-4089
117000007,2166,1323,843
117000008,1275,4927,-3652
117000009,4221,1706,2515
117000010,2717,5027,-2310
117000011,1127,2413,-1286
117000012,1167,1982,-815
117000013,809,1537,-728
117000014,718,2774,-2056
117000015,3649,1437,2212
117000016,418,53,365
117000017,392,204,188
117000018,197,332,-135
117000019,260,2,258
117000020,713,1114,-401
117000021,4285,406,3879
117000022,532,40,492
117000023,502,101,401
117000024,527,80,447
117000025,759,720,39
117000026,2805,672,2133
117000027,5937,1119,4818
117000028,6063,602,5461
117000030,1153,580,573
117000031,428,135,293
117000032,2154,1584,570
117000033,1537,1556,-19
117000034,305,449,-144
117000035,233,156,77
117000036,356,355,1
117000037,215,143,72
117000038,273,425,-152
117000039,296,315,-19
117000040,88,1765,-1677
117000041,433,118,315
117000044,20,1451,-1431
117000045,237,57,180
117000046,396,906,-510
117000047,443,497,-54
117000048,2181,1695,486
117000049,197,635,-438
117000050,112,3535,-3423
117000051,1424,268,1156
117000052,13,829,-816
117000053,110,94,16
117000054,1238,10,1228
117000055,18,4388,-4370
117000056,448,12,436
117000057,694,2293,-1599
117000060,412,2563,-2151
117000061,1094,743,351
117000062,193,605,-412
117000063,1266,701,565
117000064,971,838,133
117000066,1718,1005,713
117000067,134,331,-197
117000074,180,199,-19
117000076,74,62,12
117000077,106,91,15
117000078,113,699,-586
117000079,198,149,49
117000080,0,403,-403
117000081,680,132,548
117000082,8,83,-75
117000083,69,6,63
117000084,326,5,321
117000085,208,505,-297
117000086,1340,763,577
117000087,88,546,-458
117000088,197,212,-15
117000089,1155,367,788
117000090,202,1741,-1539
117000091,463,408,55
117000092,314,2176,-1862
117000093,800,723,77
117000094,670,3181,-2511
117000095,1782,821,961
117000096,569,3175,-2606
117000097,948,1243,-295
117000098,3023,6941,-3918
117000099,1869,882,987
117000100,120,193,-73
117000101,193,1607,-1414
117000102,1043,540,503
117000103,995,2376,-1381
117000104,1019,531,488
117000105,852,2549,-1697
117000106,829,965,-136
117000107,480,2926,-2446
117000108,1006,840,166
117000109,1967,3661,-1694
117000110,1196,679,517
117000111,3691,5448,-1757
117000112,2235,2337,-102
117000113,122,553,-431
117000114,127,252,-125
117000115,41,263,-222
117000116,67,341,-274
117000117,1506,508,998
117000118,199,167,32
117000119,157,44,113
117000120,498,85,413
117000121,417,331,86
117000122,711,769,-58
117000123,2181,31,2150
117000124,1458,38,1420
117000125,595,76,519
117000126,43,37,6
117000127,157,430,-273
117000128,526,694,-168
117000129,520,34,486
117000130,113,2,111
117000131,0,28,-28
117000132,1196,37,1159
117000133,522,201,321
117000134,0,70,-70
117000135,12,31,-19
117000136,0,62,-62
117000137,46,33,13
117000138,1,806,-805
117000140,486,2222,-1736
117000141,1164,529,635
117000181,1217,435,782
117000182,197,196,1
117000195,190,1683,-1493
117000196,111,48,63
117000225,123,4,119
117000226,4,65,-61
117000276,80,8,72
117000277,2,594,-592
117000310,2624,2888,-264
117000315,26,471,-445
117000320,50,0,50
117000906,123,7,116
117000907,9,480,-471
117000908,119,25,94
117000909,61,39,22
117000910,176,137,39
117000911,118,238,-120
117000915,4,785,-781
117000916,27,1,26
117000917,644,18,626
117000918,65,46,19
117000919,22,204,-182
117000920,5,2081,-2076
117000921,6,2524,-2518
117000922,41,190,-149
117000924,329,670,-341
117000926,1762,118,1644
117000927,3733,337,3396
117000928,0,326,-326
117000929,91,626,-535
117000930,40,8,32
117000931,1500,38,1462
117900002,161,356,-195
117900003,1157,316,841
117900005,8,10,-2
117900006,0,43,-43
117900007,95,230,-135
117900008,0,50,-50
117900010,213,164,49
117900011,13,26,-13
117900012,35,261,-226
117900013,1,451,-450
117900014,215,308,-93
117900015,13,250,-237
117900016,1714,330,1384
117900017,234,564,-330
117900018,275,23,252
117900019,261,647,-386
117900020,67,251,-184
117900021,18,150,-132
117900022,28,22,6
117900023,868,97,771
117900024,68,165,-97
117900025,28,15,13
117900026,245,509,-264
117900028,34,2,32
117900029,140,1130,-990
117900030,173,227,-54
117900031,111,99,12
117900032,524,406,118
117900033,148,1162,-1014
117900034,32,55,-23
117900035,80,64,16
117900036,147,834,-687
117900037,38,214,-176
117900038,40,570,-530
117900039,3,97,-94
117900040,137,824,-687
117900041,4,62,-58
117900042,5886,538,5348
117900043,31,51,-20
117900044,45,2074,-2029
117900045,121,85,36
117900048,82,412,-330
117900049,90,701,-611
117900050,1,19,-18
117900051,19,1,18
117900052,84,237,-153
117900053,722,808,-86
117900054,1,17,-16
117900055,107,119,-12
117900056,832,22,810
117900057,902,1561,-659
117900058,97,8,89
117900059,304,83,221
117900060,715,7483,-6768
117900061,11,190,-179
117900063,157,279,-122
117900065,990,1431,-441
117900066,7,54,-47
117900067,276,492,-216
117900069,438,627,-189
117900070,190,1,189
117900071,77,158,-81
117900073,185,516,-331
117900074,99,3,96
117900075,49,109,-60
117900076,10,66,-56
117900077,160,188,-28
117900078,226,359,-133
117900080,118,47,71
117900081,590,582,8
117900082,226,162,64
117900083,255,871,-616
117900086,112,64,48
117900087,117,85,32
117900088,3170,2023,1147
117900089,1079,345,734
117900090,216,999,-783
117900091,230,177,53
117900092,24,45,-21
117900093,46,102,-56
117900094,24,6,18
117900095,129,814,-685
117900096,37,273,-236
117900097,335,68,267
117900098,8,3,5
117900099,91,658,-567
117900100,97,1,96
117900101,338,935,-597
117900102,43,51,-8
117900103,11,3,8
117900104,5,176,-171
117900105,163,270,-107
117900106,69,52,17
117900107,8,2,6
117900109,294,360,-66
117900110,36,0,36
117900111,96,6,90
117900112,36,18,18
117900113,4975,1554,3421
117900114,7,0,7
117900115,475,28,447
117900116,953,788,165
117900117,337,404,-67
117900118,13,1,12
117900119,89,426,-337
117900120,116,130,-14
117900121,63,29,34
117900122,1172,1538,-366
117900123,489,862,-373
117900124,1062,687,375
117900125,1317,740,577
117900126,353,660,-307
117900127,219,823,-604
117900128,198,1060,-862
117900129,23,1,22
117900130,861,455,406
117900131,0,167,-167
117900132,20,155,-135
117900133,0,232,-232
117900134,80,249,-169
117900135,15,309,-294
117900136,1,81,-80
117900137,119,488,-369
117900138,1,89,-88
117900139,43,163,-120
117900140,6588,153,6435
117900141,268,269,-1
117900142,20,7,13
117900144,42,59,-17
117900145,51,6,45
117900146,158,83,75
117900147,20,61,-41
117900148,3458,1038,2420
117900149,27,210,-183
117900150,26,145,-119
117900151,26,175,-149
117900152,56,115,-59
117900153,8,123,-115
117900154,249,792,-543
117900156,789,695,94
117900157,40,507,-467
117900158,144,99,45
117900160,380,326,54
117900161,3315,2933,382
117900162,160,488,-328
117900163,57,13,44
117900165,0,10,-10
117900166,68,236,-168
117900168,61,217,-156
117900169,5,165,-160
117900170,2,48,-46
117900171,0,25,-25
117900172,19,52,-33
117900173,184,77,107
117900174,20,103,-83
117900175,3,32,-29
117900176,3,71,-68
117900177,9,69,-60
117900178,131,37,94
117900180,400,30,370
117900181,215,240,-25
117900182,0,23,-23
117900183,26,187,-161
117900184,7,72,-65
117900185,17,35,-18
117900186,14,30,-16
117900187,21,12,9
117900188,260,38,222
117900189,45,17,28
117900190,13,3,10
117900191,49,2,47
117900192,83,1,82
117900193,41,66,-25
117900194,3,9,-6
117900195,32,19,13
117900196,11,16,-5
117900207,107,69,38
117900208,40,43,-3
117900209,119,142,-23
117900210,161,155,6
117900211,10,309,-299
117900212,78,181,-103
117900213,7,8,-1
117900214,5,67,-62
117900215,7,18,-11
117900216,30,8,22
117900217,139,53,86
117900218,131,121,10
117900219,1,31,-30
117900220,93,71,22
117900222,75,208,-133
117900223,30,86,-56
118000001,757,450,307
118000002,1548,2120,-572
118000003,1373,1066,307
118000004,2984,2314,670
118000005,7065,1945,5120
118000006,10177,8321,1856
118000007,8931,2420,6511
118000008,6694,3308,3386
118000009,2326,3467,-1141
118000010,4794,4591,203
118000011,724,3351,-2627
118000012,1096,3314,-2218
118000013,3852,3341,511
118000014,2123,3576,-1453
118000016,225,735,-510
118000017,189,410,-221
118000018,365,1027,-662
118000019,1833,1239,594
118000020,1284,1452,-168
118000021,620,1774,-1154
118000022,2096,567,1529
118000023,1139,202,937
118000024,2260,637,1623
118000027,21247,5795,15452
118000029,1502,572,930
118000032,1739,1669,70
118000033,3429,2247,1182
118000034,6280,2096,4184
118000035,1916,1550,366
118000036,1254,872,382
118000037,564,959,-395
118000038,121,109,12
118000039,97,441,-344
118000040,1919,2407,-488
118000041,1905,1612,293
118000045,1100,121,979
118000046,2147,587,1560
118000047,2069,495,1574
118000048,4612,1321,3291
118000051,3482,998,2484
118000052,2523,567,1956
118000053,1176,919,257
118000054,3994,1894,2100
118000055,3536,1777,1759
118000056,432,329,103
118000057,635,353,282
118000058,4177,1340,2837
118000059,2022,845,1177
118000060,691,886,-195
118000061,816,1508,-692
118000062,506,226,280
118000063,389,467,-78
118000064,932,1138,-206
118000065,6056,1630,4426
118000066,767,852,-85
118000067,1865,1036,829
118000068,2225,3107,-882
118000069,3869,1467,2402
118000070,9645,1693,7952
118000071,4644,4653,-9
118000072,2424,909,1515
118000073,3810,525,3285
118000074,344,371,-27
118000075,1043,376,667
118000076,1174,1240,-66
118000077,1438,1166,272
118000078,1728,1752,-24
118000079,326,346,-20
118000080,950,764,186
118000081,1301,1058,243
118000082,274,679,-405
118000083,2650,1194,1456
118000084,2857,1486,1371
118000086,162,508,-346
118000087,7178,2699,4479
118000088,1879,1894,-15
118000089,4257,2791,1466
118000090,2699,2415,284
118000091,1926,1660,266
118000092,1388,350,1038
118000093,121,640,-519
118000096,448,542,-94
118000097,528,434,94
118000098,210,235,-25
118000099,349,1222,-873
118000101,608,403,205
118000102,320,1959,-1639
118000107,3899,474,3425
118000108,602,1055,-453
118000110,0,20,-20
118000111,4,747,-743
118000112,158,1,157
118000113,6,1241,-1235
118000114,162,2,160
118000115,16,3,13
118000116,36,0,36
118000117,1215,947,268
118000118,696,630,66
118000119,918,1013,-95
118000120,1614,1680,-66
118000121,70,506,-436
118000122,978,155,823
118000123,47,262,-215
118000125,1953,1360,593
118000126,569,1372,-803
118000127,1672,534,1138
118000128,949,1279,-330
118000129,629,310,319
118000130,3376,5193,-1817
118000131,855,1252,-397
118000132,1962,1452,510
118000133,403,506,-103
118000135,406,291,115
118000136,129,574,-445
118000137,573,87,486
118000138,262,1052,-790
118000139,135,98,37
118000140,2089,3166,-1077
118000141,1719,2190,-471
118000142,1161,2534,-1373
118000143,1308,1110,198
118000144,1872,1125,747
118000145,1645,3557,-1912
118000146,991,1876,-885
118000147,645,2148,-1503
118000148,274,1406,-1132
118000149,664,1349,-685
118000150,293,213,80
118000151,257,517,-260
118000153,598,1334,-736
118000154,631,1602,-971
118000155,791,1501,-710
118000156,2506,2122,384
118000157,396,357,39
118000158,156,591,-435
118000159,39,50,-11
118000160,326,572,-246
118000161,351,1310,-959
118000162,1005,902,103
118000163,447,664,-217
118000164,2325,1295,1030
118000168,1775,284,1491
118000169,1194,2232,-1038
118000170,4319,7904,-3585
118000171,202,747,-545
118000172,131,292,-161
118000173,860,1314,-454
118000175,219,320,-101
118000176,191,448,-257
118000177,200,654,-454
118000178,50,25,25
118000179,1853,745,1108
118000180,897,844,53
118000181,685,425,260
118000182,313,347,-34
118000183,197,234,-37
118000184,376,1190,-814
118000185,1252,916,336
118000186,666,1033,-367
118000187,663,1066,-403
118000188,344,267,77
118000189,262,1124,-862
118000190,7,5,2
118000191,9,53,-44
118000192,200,164,36
118000193,129,258,-129
118000194,1863,1110,753
118000195,1574,551,1023
118000196,452,87,365
118000197,188,111,77
118000198,558,396,162
118000199,675,319,356
118000200,54,197,-143
118000201,478,280,198
118000202,29,40,-11
118000203,1828,337,1491
118000204,174,209,-35
118000205,336,296,40
118000206,130,268,-138
118000207,0,122,-122
118000208,998,1653,-655
118000209,1324,2282,-958
118000210,29,40,-11
118000211,8,19,-11
118000213,1041,928,113
118000214,632,299,333
118000215,170,319,-149
118000216,1224,4293,-3069
118000217,25,216,-191
118000218,44,153,-109
118000219,580,439,141
118000220,3,7,-4
118000221,69,252,-183
118000222,70,28,42
118000223,15,49,-34
118000224,252,193,59
118000225,62,1012,-950
118000226,559,102,457
118000227,1145,278,867
118000228,248,119,129
118000229,278,31,247
118000230,55,352,-297
118000231,66,259,-193
118000232,559,1257,-698
118000233,575,1181,-606
118000234,166,370,-204
118000236,354,498,-144
118000237,30,791,-761
118000238,90,310,-220
118000239,231,360,-129
118000240,652,88,564
118000241,83,340,-257
118000242,227,853,-626
118000243,85,206,-121
118000244,28,245,-217
118000246,0,10,-10
118000255,45,217,-172
118000256,48,196,-148
118000259,4,74,-70
118000260,93,106,-13
118000261,12,157,-145
118000263,79,250,-171
118000266,98,409,-311
118000267,0,117,-117
118000268,189,5,184
118000270,33,45,-12
118000271,93,305,-212
118000272,60,46,14
118000273,91,98,-7
118000274,91,443,-352
118000276,211,488,-277
118000295,2,59,-57
118000298,172,510,-338
118000299,74,284,-210
118000301,0,55,-55
118000302,102,139,-37
118000311,112,143,-31
118000312,124,234,-110
118000313,55,222,-167
118000314,75,68,7
118000315,32,80,-48
118000316,401,704,-303
118000325,17,145,-128
118000326,28,70,-42
118000331,8,75,-67
118000332,24,92,-68
118000333,16,104,-88
118000335,104,0,104
118000336,0,453,-453
118000407,52,87,-35
118000457,8,25,-17
118000465,4300,2663,1637
118000480,11,219,-208
118000489,74,121,-47
118000490,125,526,-401
118000492,198,168,30
118000510,100,14,86
118000514,119,337,-218
118000515,666,403,263
118000517,425,205,220
118000524,802,206,596
118000525,876,1153,-277
118000530,17,140,-123
118000531,110,348,-238
118000532,189,361,-172
118000533,306,187,119
118000534,440,550,-110
118000535,142,110,32
118000536,1131,489,642
118000537,19,54,-35
118000538,11,114,-103
118000539,38,122,-84
118000540,265,322,-57
118000541,92,128,-36
118000542,55,186,-131
118000543,169,245,-76
118000546,21,36,-15
118000560,4490,810,3680
118000562,16,476,-460
118000563,2133,1700,433
118000576,111,224,-113
118000577,157,126,31
118000578,124,85,39
118000579,790,1048,-258
118000595,97,69,28
118000596,0,72,-72
118000597,48,132,-84
118000598,5,0,5
118000599,24,46,-22
118000600,0,64,-64
118000601,4,0,4
118000602,0,32,-32
118000603,2,23,-21
118900001,1314,669,645
118900002,1457,725,732
118900003,131,26,105
118900004,34,73,-39
118900005,43,6,37
118900006,40,0,40
118900007,7,6,1
118900008,1178,33,1145
118900009,26,18,8
118900010,50,0,50
118900011,96,16,80
118900012,354,231,123
118900013,617,39,578
118900015,73,33,40
118900016,8,20,-12
118900017,144,149,-5
118900018,1107,6,1101
118900019,61,15,46
118900020,116,103,13
118900021,141,404,-263
118900022,73,157,-84
118900023,44,91,-47
118900024,39,184,-145
118900025,16,19,-3
118900026,33,119,-86
118900027,305,237,68
118900028,70,209,-139
118900029,121,393,-272
118900030,93,63,30
118900031,72,140,-68
118900032,67,245,-178
118900033,286,731,-445
118900034,58,4,54
118900035,91,332,-241
118900036,613,799,-186
118900037,227,353,-126
118900038,199,392,-193
118900039,210,266,-56
118900040,151,238,-87
118900041,211,178,33
118900042,142,113,29
118900045,172,147,25
118900046,866,158,708
118900047,963,185,778
118900048,82,199,-117
118900049,45,45,0
118900050,14,211,-197
118900051,22,61,-39
118900052,133,339,-206
118900053,24,80,-56
118900054,37,51,-14
118900055,22,188,-166
118900056,37,126,-89
118900057,289,247,42
118900058,274,544,-270
118900059,8,81,-73
118900060,29,130,-101
118900062,52,224,-172
118900064,762,370,392
118900065,26,118,-92
118900066,26,109,-83
118900067,8114,2226,5888
118900068,2,136,-134
118900069,187,298,-111
118900071,2,55,-53
118900072,224,354,-130
118900073,50,84,-34
118900074,40,171,-131
118900075,32,96,-64
118900076,178,78,100
118900077,191,210,-19
118900078,55,7,48
118900079,38,149,-111
118900080,6,64,-58
118900081,22,18,4
118900082,399,174,225
118900083,2,23,-21
118900084,9,23,-14
118900085,604,1127,-523
118900086,13,49,-36
118900087,13,104,-91
118900088,2,23,-21
118900089,37,8,29
118900090,416,581,-165
118900091,208,70,138
118900092,84,141,-57
118900093,90,10,80
118900096,37,16,21
118900097,92,755,-663
118900099,39,296,-257
118900100,95,260,-165
118900101,25,861,-836
118900102,16,92,-76
118900103,51,60,-9
118900104,25,42,-17
118900105,152,154,-2
118900107,196,104,92
118900108,49,82,-33
118900110,1818,349,1469
118900111,195,777,-582
118900112,20,105,-85
118900113,59,799,-740
118900114,8,83,-75
118900115,65,284,-219
118900116,81,262,-181
118900117,65,217,-152
118900118,139,671,-532
118900119,90,329,-239
118900120,81,285,-204
118900121,4,361,-357
118900122,6,556,-550
118900123,101,242,-141
118900124,47,180,-133
118900126,10,287,-277
118900129,148,193,-45
118900130,16,76,-60
118900131,84,331,-247
118900132,354,235,119
118900133,13,66,-53
118900135,85,251,-166
118900136,195,949,-754
118900137,3,29,-26
118900139,79,610,-531
118900140,404,1001,-597
118900141,47,364,-317
118900144,62,745,-683
118900145,54,183,-129
118900146,191,944,-753
118900147,85,97,-12
118900148,36,66,-30
118900150,113,308,-195
118900152,489,1217,-728
118900157,69,114,-45
118900158,63,115,-52
118900159,2,238,-236
118900161,69,4,65
118900163,275,89,186
118900164,4,168,-164
118900165,15,347,-332
118900166,16,2,14
118900167,27,205,-178
118900168,4,62,-58
118900169,83,482,-399
118900170,83,152,-69
118900171,6,18,-12
118900174,48,49,-1
118900175,157,478,-321
118900176,77,217,-140
118900177,19,69,-50
118900178,22,67,-45
118900179,2,71,-69
118900181,46,105,-59
118900182,92,24,68
118900183,8,86,-78
118900184,159,51,108
118900185,63,151,-88
118900186,62,127,-65
118900187,138,313,-175
118900188,194,311,-117
118900189,17,456,-439
118900190,20,850,-830
118900191,61,42,19
118900192,72,33,39
118900193,156,6,150
118900195,364,1161,-797
118900196,16,234,-218
118900197,90,95,-5
118900198,8,88,-80
118900199,34,73,-39
118900200,8,5,3
118900201,6,14,-8
118900202,14,78,-64
118900203,7,76,-69
118900204,14,84,-70
118900205,4,18,-14
118900206,1,41,-40
119000001,927,1292,-365
119000002,2959,3158,-199
119000003,1408,1832,-424
119000004,1504,1334,170
119000005,1391,1619,-228
119000006,1336,1547,-211
119000007,2647,3201,-554
119000008,1616,2611,-995
119000009,3992,2666,1326
119000010,9850,4190,5660
119000011,7258,2285,4973
119000012,6742,3410,3332
119000013,2527,1302,1225
119000014,2753,4548,-1795
119000019,230,195,35
119000020,1128,1432,-304
119000021,2446,2286,160
119000022,4897,1469,3428
119000023,288,218,70
119000024,2505,5954,-3449
119000025,15237,1672,13565
119000026,359,259,100
119000027,835,442,393
119000028,2527,1521,1006
119000029,144,276,-132
119000030,420,1475,-1055
119000031,626,879,-253
119000032,2777,2891,-114
119000033,1927,2077,-150
119000034,1081,1182,-101
119000035,28,467,-439
119000036,902,1359,-457
119000037,835,2742,-1907
119000038,107,1467,-1360
119000039,141,383,-242
119000040,1179,531,648
119000041,1064,1136,-72
119000048,4454,4661,-207
119000049,1132,4183,-3051
119000050,1780,2764,-984
119000051,2075,1084,991
119000052,2228,3543,-1315
119000053,1767,1266,501
119000054,2627,4958,-2331
119000055,2363,4499,-2136
119000056,1733,2341,-608
119000057,1381,3025,-1644
119000058,1662,2668,-1006
119000059,965,1797,-832
119000060,829,905,-76
119000061,792,903,-111
119000062,990,1554,-564
119000063,297,297,0
119000064,1226,1708,-482
119000065,2173,4004,-1831
119000066,1752,987,765
119000067,1841,3188,-1347
119000068,1014,1131,-117
119000069,1188,3134,-1946
119000070,1350,1210,140
119000071,557,1106,-549
119000072,7585,4425,3160
119000073,6127,5741,386
119000074,634,4378,-3744
119000075,723,2779,-2056
119000076,560,979,-419
119000077,871,626,245
119000078,274,303,-29
119000079,70,916,-846
119000080,128,301,-173
119000081,261,527,-266
119000082,594,335,259
119000083,248,332,-84
119000084,329,746,-417
119000085,762,381,381
119000086,255,412,-157
119000087,1783,1200,583
119000088,240,283,-43
119000089,89,165,-76
119000090,160,197,-37
119000091,217,340,-123
119000092,870,279,591
119000093,4391,4302,89
119000094,1830,5450,-3620
119000095,1065,3553,-2488
119000097,3122,2036,1086
119000098,679,1495,-816
119000099,1997,2112,-115
119000100,2367,2409,-42
119000101,3461,2835,626
119000102,750,731,19
119000103,1706,603,1103
119000104,3501,1795,1706
119000105,710,919,-209
119000106,209,2439,-2230
119000107,345,574,-229
119000108,221,1643,-1422
119000109,160,409,-249
119000110,801,625,176
119000111,62,561,-499
119000112,262,173,89
119000113,3976,335,3641
119000114,599,480,119
119000115,175,103,72
119000116,136,99,37
119000117,100,283,-183
119000118,2,1,1
119000123,2765,666,2099
119000124,310,257,53
119000125,1586,1503,83
119000126,199,1189,-990
119000127,272,1210,-938
119000128,76,11,65
119000131,560,1337,-777
119000132,7,8,-1
119000133,0,3,-3
119000134,3160,603,2557
119000135,46,259,-213
119000136,65,418,-353
119000137,129,730,-601
119000138,176,690,-514
119000139,132,452,-320
119000140,106,309,-203
119000284,1802,3251,-1449
119000285,3271,2604,667
119000286,7491,5954,1537
119000287,1340,2629,-1289
119000288,1742,2353,-611
119000289,2514,5311,-2797
119000290,173,618,-445
119000291,4,474,-470
119000293,76,183,-107
119000294,19,29,-10
119000295,2436,704,1732
119000296,129,134,-5
119000302,4977,1697,3280
119000303,34,182,-148
119000314,1746,5285,-3539
119000315,3,797,-794
119000316,25,140,-115
119000317,27,736,-709
119900001,127,703,-576
119900002,47,366,-319
119900003,53,1749,-1696
119900004,367,365,2
119900005,65,166,-101
119900006,117,352,-235
119900007,660,82,578
119900008,69,33,36
119900009,432,643,-211
119900010,2382,1275,1107
119900011,9,39,-30
119900012,9,39,-30
119900013,1512,587,925
119900014,842,260,582
119900015,54,21,33
119900016,23,126,-103
119900017,13,31,-18
119900018,1258,209,1049
119900019,17,2,15
119900020,78,151,-73
119900021,62,69,-7
119900022,145,272,-127
119900023,959,486,473
119900025,55,28,27
119900026,1000,67,933
119900027,7,35,-28
119900028,189,38,151
119900029,2,9,-7
119900030,446,443,3
119900031,23,203,-180
119900033,2685,166,2519
119900034,98,163,-65
119900037,71,54,17
119900038,29,123,-94
119900039,25,2,23
119900040,28,7,21
119900041,47,61,-14
119900042,58,170,-112
119900043,18,226,-208
119900044,167,318,-151
119900046,35,88,-53
119900047,129,71,58
119900048,4,51,-47
119900049,36,19,17
119900050,70,66,4
119900051,164,6,158
119900052,23,86,-63
119900053,64,254,-190
119900054,36,4,32
119900055,637,275,362
119900057,84,88,-4
119900058,68,11,57
119900059,150,41,109
119900060,93,9,84
119900062,32,27,5
119900063,14,34,-20
119900064,173,40,133
119900065,115,6,109
119900066,0,2,-2
119900067,48,34,14
119900068,131,2,129
119900069,37,26,11
119900070,249,3,246
119900071,213,5,208
119900073,2250,455,1795
119900074,49,32,17
119900075,7553,2012,5541
119900076,240,803,-563
119900077,280,1807,-1527
119900078,184,946,-762
119900079,63,426,-363
119900080,684,1390,-706
119900081,25,50,-25
119900082,498,502,-4
119900083,398,129,269
119900084,488,155,333
119900085,138,89,49
119900086,6,83,-77
119900087,162,173,-11
119900088,49,75,-26
119900089,12,687,-675
119900090,232,72,160
119900091,36,1338,-1302
119900092,17,526,-509
119900093,652,86,566
119900094,30,225,-195
119900095,189,71,118
119900096,70,121,-51
119900097,441,214,227
119900098,21,44,-23
119900099,37,382,-345
119900100,3174,2003,1171
119900101,231,1048,-817
119900102,28,407,-379
119900103,28,635,-607
119900104,48,356,-308
119900105,1048,1809,-761
119900106,9,319,-310
119900107,399,4765,-4366
119900108,2398,830,1568
119900109,9,349,-340
119900110,349,905,-556
119900111,49,423,-374
119900112,3653,488,3165
119900113,76,621,-545
119900114,147,2426,-2279
119900115,87,1748,-1661
119900116,201,275,-74
119900117,150,1211,-1061
119900118,20,1623,-1603
119900119,77,326,-249
119900120,716,815,-99
119900121,141,1971,-1830
119900122,230,449,-219
119900123,195,297,-102
119900124,62,1368,-1306
119900125,66,623,-557
119900126,7301,241,7060
119900127,3670,1112,2558
119900128,268,983,-715
119900129,71,1198,-1127
119900130,50,369,-319
119900131,16,481,-465
119900132,1,445,-444
119900133,23,65,-42
119900134,2691,363,2328
119900135,1,618,-617
119900136,222,734,-512
119900138,443,805,-362
119900139,10,129,-119
119900140,3,202,-199
119900141,158,417,-259
119900142,20,24,-4
119900143,18,271,-253
119900144,2887,284,2603
119900145,68,308,-240
119900146,208,133,75
119900147,3,108,-105
119900148,64,56,8
119900149,2129,2949,-820
119900150,219,245,-26
119900151,1784,819,965
119900152,54,721,-667
119900153,77,55,22
119900154,7,349,-342
119900155,26,30,-4
119900156,11,4,7
119900157,29,431,-402
119900158,84,52,32
119900159,8,2263,-2255
119900160,13,334,-321
119900161,159,464,-305
119900162,621,709,-88
119900163,210,114,96
119900164,0,2,-2
119900165,108,373,-265
119900166,32,28,4
119900167,74,154,-80
119900168,312,520,-208
119900169,185,208,-23
119900170,110,191,-81
119900171,634,670,-36
119900172,97,18,79
119900173,5,757,-752
119900174,8,338,-330
119900175,511,817,-306
119900177,74,363,-289
119900178,3,242,-239
119900179,36,219,-183
119900180,727,767,-40
119900181,36,64,-28
119900182,6,703,-697
119900183,110,1184,-1074
119900184,4163,763,3400
119900185,23,119,-96
119900186,65,282,-217
119900187,7,830,-823
119900188,33,383,-350
119900189,460,234,226
119900190,50,93,-43
119900191,306,107,199
119900192,20,262,-242
119900193,107,255,-148
119900194,4,71,-67
119900195,20,330,-310
119900196,2628,652,1976
119900197,144,146,-2
119900198,124,583,-459
119900199,227,32,195
119900200,315,631,-316
119900201,492,248,244
119900202,176,84,92
119900203,113,214,-101
119900204,108,500,-392
119900205,162,813,-651
119900206,32,159,-127
119900208,113,146,-33
119900209,262,651,-389
119900210,10,44,-34
119900211,91,16,75
119900212,64,300,-236
119900213,3,57,-54
119900214,18,170,-152
119900215,31,147,-116
119900216,14,168,-154
119900217,5,129,-124
119900218,15,72,-57
119900219,15,178,-163
119900220,7,176,-169
119900221,19,520,-501
119900222,21,356,-335
119900223,22,122,-100
119900224,19,53,-34
119900225,1545,53,1492
119900226,1217,1362,-145
119900227,1874,456,1418
119900228,44,441,-397
119900229,291,559,-268
119900230,1433,766,667
119900231,65,228,-163
119900232,173,53,120
119900233,19,2,17
119900234,19,35,-16
119900235,10,21,-11
119900236,18,266,-248
119900237,64,619,-555
119900238,1,121,-120
119900240,48,191,-143
119900241,113,352,-239
119900242,1917,842,1075
119900244,817,1608,-791
119900245,42,133,-91
119900246,302,269,33
119900247,20,44,-24
119900248,49,75,-26
119900249,170,59,111
119900253,5525,395,5130
119900254,38,168,-130
119900255,75,686,-611
119900256,146,1879,-1733
119900257,22,4,18
119900258,54,59,-5
119900259,2,279,-277
119900260,49,5,44
119900261,182,279,-97
119900262,1,455,-454
119900263,1093,481,612
119900264,45,349,-304
119900265,172,615,-443
119900266,113,335,-222
119900267,108,513,-405
119900268,129,352,-223
119900269,310,2193,-1883
119900271,19,94,-75
119900272,103,44,59
119900275,88,23,65
119900276,14,2,12
119900277,7,3,4
119900278,259,61,198
119900279,159,157,2
119900280,1211,256,955
119900281,0,72,-72
119900282,84,23,61
119900283,4,542,-538
119900284,45,372,-327
119900285,207,174,33
119900286,41,26,15
119900288,6,52,-46
119900289,0,61,-61
119900290,3,38,-35
119900291,0,49,-49
119900292,17,12,5
119900293,14,40,-26
119900294,19,98,-79
119900295,1,50,-49
119900296,22,463,-441
119900297,1,32,-31
119900298,2,10,-8
119900299,18,311,-293
119900300,151,246,-95
119900301,52,24,28
119900302,16,54,-38
119900303,266,494,-228
119900304,75,14,61
119900305,18,131,-113
119900306,19,2,17
119900307,26,200,-174
119900308,0,12,-12
119900309,14,52,-38
119900310,216,398,-182
119900311,21,236,-215
119900312,68,101,-33
119900313,156,521,-365
119900314,91,353,-262
119900315,508,3401,-2893
119900318,5,17,-12
119900319,14,454,-440
119900320,119,927,-808
119900321,26,1,25
119900322,4,3,1
119900323,0,5,-5
119900324,0,3,-3
119900325,0,29,-29
120000001,9316,9393,-77
120000002,2426,3933,-1507
120000003,4563,2444,2119
120000004,3470,3141,329
120000005,5807,2644,3163
120000006,1148,1451,-303
120000007,4283,2762,1521
120000008,1208,1669,-461
120000009,6006,1141,4865
120000010,1778,3884,-2106
120000011,1270,2671,-1401
120000012,1750,3939,-2189
120000013,2129,3356,-1227
120000014,563,1949,-1386
120000015,2704,2041,663
120000016,3477,2823,654
120000017,2690,1804,886
120000018,5983,7557,-1574
120000019,807,1074,-267
120000020,3388,2658,730
120000021,1964,1945,19
120000022,3232,3390,-158
120000023,796,1953,-1157
120000024,1634,2485,-851
120000025,1900,2690,-790
120000026,777,2212,-1435
120000027,1246,1924,-678
120000028,676,425,251
120000029,4526,584,3942
120000030,847,857,-10
120000031,2370,7117,-4747
120000032,12943,4175,8768
120000033,2704,2098,606
120000034,1277,2979,-1702
120000035,1396,3025,-1629
120000036,2203,4403,-2200
120000037,550,949,-399
120000038,13305,3793,9512
120000039,542,1237,-695
120000040,210,187,23
120000041,646,2596,-1950
120000042,1594,5967,-4373
120000043,4776,3535,1241
120000044,2977,1332,1645
120000045,3036,1133,1903
120000046,1626,2018,-392
120000047,2658,3131,-473
120000048,10592,3718,6874
120000049,2593,3182,-589
120000050,2958,5718,-2760
120000051,4571,4965,-394
120000052,17180,3011,14169
120000053,852,4978,-4126
120000054,1658,8210,-6552
120000055,1118,5834,-4716
120000056,3255,6349,-3094
120000057,1625,1185,440
120000058,674,226,448
120000059,127,1332,-1205
120000061,91,1121,-1030
120000062,341,335,6
120000063,2249,3821,-1572
120000064,325,2129,-1804
120000065,564,2312,-1748
120000066,139,652,-513
120000067,57,754,-697
120000068,140,1477,-1337
120000069,431,2061,-1630
120000070,19,1273,-1254
120000071,132,232,-100
120000072,219,624,-405
120000073,336,121,215
120000074,107,117,-10
120000075,267,265,2
120000076,967,357,610
120000077,1034,456,578
120000078,3099,744,2355
120000079,83,88,-5
120000080,58,108,-50
120000081,145,119,26
120000082,137,127,10
120000083,64,238,-174
120000084,529,711,-182
120000085,420,484,-64
120000086,241,837,-596
120000087,117,1613,-1496
120000088,739,1722,-983
120000089,715,743,-28
120000090,347,540,-193
120000091,446,1105,-659
120000092,783,643,140
120000093,190,641,-451
120000094,125,534,-409
120000095,728,922,-194
120000096,252,1540,-1288
120000098,661,1471,-810
120000099,293,928,-635
120000100,518,1206,-688
120000101,406,626,-220
120000102,424,585,-161
120000103,899,424,475
120000104,1167,263,904
120000105,1584,286,1298
120000106,1139,320,819
120000107,1542,391,1151
120000108,535,104,431
120000109,617,68,549
120000110,73,1167,-1094
120000111,96,1875,-1779
120000112,596,5718,-5122
120000113,516,3998,-3482
120000114,621,3523,-2902
120000115,271,2935,-2664
120000116,710,2643,-1933
120000117,1527,2037,-510
120000118,44,20,24
120000119,51,43,8
120000120,83,43,40
120000121,50,45,5
120000122,302,277,25
120000123,8299,3151,5148
120000124,327,602,-275
120000125,295,701,-406
120000126,260,706,-446
120000127,1523,641,882
120000128,3050,1957,1093
120000129,337,353,-16
120000130,805,842,-37
120000131,172,460,-288
120000134,360,2023,-1663
120000135,142,324,-182
120000137,110,3157,-3047
120000138,229,651,-422
120000139,120,1389,-1269
120000140,286,774,-488
120000141,124,806,-682
120000142,189,846,-657
120000143,1,179,-178
120000144,37,4,33
120000145,186,2,184
120000146,2728,780,1948
120000149,453,1364,-911
120000150,7011,9610,-2599
120000151,374,551,-177
120000152,299,452,-153
120000153,163,1149,-986
120000154,430,431,-1
120000155,125,247,-122
120000156,1962,551,1411
120000157,1000,1000,0
120000158,612,1108,-496
120000159,2035,2944,-909
120000160,2167,1372,795
120000161,1087,3091,-2004
120000162,84,226,-142
120000163,297,1927,-1630
120000164,228,589,-361
120000165,221,1253,-1032
120000166,496,800,-304
120000167,36,44,-8
120000168,7,132,-125
120000169,98,376,-278
120000170,125,214,-89
120000171,18,65,-47
120000172,31,27,4
120000173,3447,213,3234
120000174,378,4,374
120000175,500,8,492
120000176,217,73,144
120000177,1864,375,1489
120000178,184,4,180
120000179,617,19,598
120000180,1001,70,931
120000181,130,162,-32
120000182,113,109,4
120000183,10,210,-200
120000184,104,1914,-1810
120000186,63,75,-12
120000187,80,45,35
120000188,279,66,213
120000190,1456,20,1436
120000191,2457,32,2425
120000192,2499,17,2482
120000193,921,6,915
120000195,139,3,136
120000196,362,46,316
120000197,101,141,-40
120000198,135,212,-77
120000199,44,3,41
120000200,64,1,63
120000201,8,11,-3
120000202,4,102,-98
120000203,24,559,-535
120000207,2,174,-172
120000208,10,401,-391
120000209,3,127,-124
120000210,217,116,101
120000211,43,1,42
120000212,51,1,50
120000213,51,671,-620
120000214,0,660,-660
120000215,3,231,-228
120000216,62,5,57
120000217,1101,1834,-733
120000218,255,1705,-1450
120000219,11,1082,-1071
120000220,20,3916,-3896
120000225,722,2,720
120000226,159,0,159
120000227,684,41,643
120000228,10120,2137,7983
120000230,140,12,128
120000231,488,3367,-2879
120000233,135,14,121
120000235,101,941,-840
120000236,564,2,562
120000237,4,3121,-3117
120000238,1,172,-171
120000241,1180,3618,-2438
120000412,2347,33,2314
120000413,100,614,-514
120000414,32,5,27
120000415,3,223,-220
120000416,42,5,37
120000417,1,149,-148
120000418,56,18,38
120000419,9,635,-626
120000420,82,41,41
120000421,19044,7375,11669
120000422,278,421,-143
120000423,4,49,-45
120000424,23,209,-186
120000436,83,379,-296
120000437,233,221,12
120000438,5865,426,5439
120000439,118,228,-110
120000443,66,3,63
120000444,588,787,-199
120000445,1732,1415,317
120000446,1202,408,794
120000447,122,21,101
120000449,55,6,49
120000450,4,583,-579
120000451,181,280,-99
120000452,98,3,95
120000453,0,510,-510
120000454,86,22,64
120000455,44,46,-2
120000456,3914,2664,1250
120000457,2145,1161,984
120000458,683,857,-174
120000459,65,92,-27
120000665,1348,154,1194
120000668,60,207,-147
120000669,92,590,-498
120000670,324,473,-149
120000671,615,294,321
120000672,86,675,-589
120900001,34,32,2
120900002,166,227,-61
120900003,144,23,121
120900004,19,25,-6
120900005,8,1899,-1891
120900006,149,240,-91
120900007,82,220,-138
120900008,111,1695,-1584
120900009,85,20,65
120900010,235,60,175
120900011,397,104,293
120900012,1462,727,735
120900013,263,28,235
120900014,5,974,-969
120900015,327,84,243
120900016,381,44,337
120900017,3959,155,3804
120900018,50,619,-569
120900019,396,107,289
120900020,645,680,-35
120900021,384,50,334
120900022,20,484,-464
120900023,69,42,27
120900024,1788,567,1221
120900025,2734,957,1777
120900026,85,216,-131
120900027,615,134,481
120900028,148,32,116
120900029,100,169,-69
120900030,607,511,96
120900031,124,38,86
120900032,382,185,197
120900033,501,45,456
120900034,28,1859,-1831
120900035,62,278,-216
120900037,68,4,64
120900038,32,122,-90
120900039,25,17,8
120900040,99,2,97
120900041,115,29,86
120900042,125,103,22
120900043,24,8,16
120900044,6,554,-548
120900045,126,255,-129
120900046,216,1,215
120900047,96,40,56
120900048,47,17,30
120900049,147,5,142
120900050,4869,1023,3846
120900051,145,130,15
120900052,255,2,253
120900053,135,90,45
120900054,1532,921,611
120900055,106,0,106
120900056,190,6,184
120900057,56,14,42
120900058,182,0,182
120900059,29,1,28
120900060,51,33,18
120900061,249,361,-112
120900062,67,0,67
120900063,178,2,176
120900064,157,0,157
120900065,144,15,129
120900066,125,553,-428
120900067,99,26,73
120900068,77,0,77
120900069,75,74,1
120900071,8,0,8
120900072,228,0,228
120900073,178,339,-161
120900074,223,8,215
120900076,117,0,117
120900077,5294,407,4887
120900078,375,839,-464
120900079,286,178,108
120900080,207,3152,-2945
120900081,344,1390,-1046
120900082,526,259,267
120900083,24,2,22
120900084,109,216,-107
120900085,128,105,23
120900086,251,166,85
120900087,237,75,162
120900088,158,164,-6
120900089,6263,1266,4997
120900090,55,246,-191
120900091,361,273,88
120900092,915,801,114
120900093,5680,360,5320
120900094,650,249,401
120900095,291,27,264
120900096,22,131,-109
120900097,583,1422,-839
120900098,346,248,98
120900099,39,96,-57
120900100,59,469,-410
120900101,517,460,57
120900102,17,134,-117
120900103,29,139,-110
120900104,101,62,39
120900105,32,1107,-1075
120900106,1656,848,808
120900107,511,196,315
120900108,3,1267,-1264
120900109,29,1120,-1091
120900110,3,768,-765
120900111,135,452,-317
120900112,3,2045,-2042
120900113,29,1415,-1386
120900114,8,285,-277
120900115,161,176,-15
120900116,95,869,-774
120900117,3,825,-822
120900118,3,1397,-1394
120900119,4579,4237,342
120900120,41,1039,-998
120900121,60,622,-562
120900122,163,830,-667
120900123,4,819,-815
120900124,1,978,-977
120900125,5,1595,-1590
120900126,1570,996,574
120900127,15,777,-762
120900128,1036,1114,-78
120900129,55,563,-508
120900130,11,689,-678
120900131,11,48,-37
120900132,392,648,-256
120900133,214,1589,-1375
120900134,347,675,-328
120900135,16,976,-960
120900136,19,36,-17
120900137,94,157,-63
120900138,10,339,-329
120900139,10,1084,-1074
120900140,5,115,-110
120900141,78,138,-60
120900142,22,1197,-1175
120900143,4,1416,-1412
120900144,4,324,-320
120900145,103,1255,-1152
120900146,6,1519,-1513
120900147,1,448,-447
120900148,104,128,-24
120900149,1,568,-567
120900150,19,862,-843
120900151,1,1038,-1037
120900152,6,81,-75
120900153,32,100,-68
120900154,5,418,-413
120900155,95,1596,-1501
120900156,9,552,-543
120900157,39,293,-254
120900158,13,755,-742
120900159,15,350,-335
120900160,39,490,-451
120900161,18,1287,-1269
120900162,12,1300,-1288
120900163,13,165,-152
120900164,0,0,0
120900165,1,7,-6
120900166,31,101,-70
120900167,124,78,46
120900169,38,863,-825
120900170,3560,1345,2215
120900171,1590,408,1182
120900172,1850,184,1666
120900173,1,83,-82
120900174,5,175,-170
120900175,277,289,-12
120900176,9,244,-235
120900177,1,462,-461
120900178,1,261,-260
120900179,1007,554,453
120900180,149,110,39
120900181,79,68,11
120900182,27,608,-581
120900183,415,54,361
120900184,200,84,116
120900185,6,560,-554
120900186,1,740,-739
120900187,238,655,-417
120900188,64,9,55
120900189,120,330,-210
120900190,6,18,-12
120900191,4,31,-27
120900192,17632,2420,15212
120900194,32,58,-26
120900195,165,387,-222
120900196,462,81,381
120900197,366,52,314
120900198,232,761,-529
120900199,284,1861,-1577
120900200,226,128,98
120900201,911,189,722
120900202,1,295,-294
120900203,11,46,-35
120900204,362,494,-132
120900205,67,151,-84
120900206,14,19,-5
121000001,1030,1380,-350
121000002,1952,959,993
121000003,4957,2232,2725
121000004,3025,2867,158
121000005,2409,2945,-536
121000006,3397,1196,2201
121000007,3777,3169,608
121000008,5327,2890,2437
121000009,9639,5977,3662
121000010,11515,3593,7922
121000011,16538,12130,4408
121000012,22097,8089,14008
121000013,6197,7205,-1008
121000014,8187,6031,2156
121000015,4946,6306,-1360
121000016,5295,3532,1763
121000017,2046,3857,-1811
121000018,2461,2182,279
121000019,24406,8873,15533
121000020,15663,9023,6640
121000021,3539,3452,87
121000022,2237,1619,618
121000023,5602,3490,2112
121000024,3255,3211,44
121000025,725,719,6
121000026,264,91,173
121000027,1735,1062,673
121000028,798,515,283
121000029,920,836,84
121000030,577,425,152
121000031,493,606,-113
121000032,180,97,83
121000034,343,131,212
121000035,107,86,21
121000036,1088,837,251
121000037,538,586,-48
121000038,592,655,-63
121000039,303,347,-44
121000041,450,535,-85
121000042,273,360,-87
121000043,993,649,344
121000044,2378,820,1558
121000045,403,338,65
121000046,337,740,-403
121000047,23,97,-74
121000049,2144,737,1407
121000050,342,1027,-685
121000051,528,367,161
121000052,250,508,-258
121000053,443,62,381
121000054,39,269,-230
121000055,1819,1107,712
121000056,1157,1125,32
121000057,168,418,-250
121000058,526,114,412
121000059,2303,1042,1261
121000060,477,1054,-577
121000061,84,168,-84
121000062,121,340,-219
121000063,714,415,299
121000064,493,702,-209
121000065,477,370,107
121000066,660,561,99
121000067,1314,431,883
121000068,619,472,147
121000069,985,215,770
121000070,2203,1355,848
121000071,902,833,69
121000072,1826,885,941
121000073,937,796,141
121000074,77,110,-33
121000075,151,39,112
121000076,1737,356,1381
121000077,197,79,118
121000078,145,166,-21
121000080,3199,570,2629
121000081,2705,1957,748
121000082,156,258,-102
121000083,312,98,214
121000084,218,91,127
121000085,430,540,-110
121000086,190,1129,-939
121000087,61,261,-200
121000088,364,748,-384
121000089,788,304,484
121000090,448,387,61
121000091,2089,731,1358
121000092,107,86,21
121000093,118,245,-127
121000094,580,472,108
121000095,317,561,-244
121000096,2593,2779,-186
121000097,1994,1868,126
121000098,365,1487,-1122
121000099,338,921,-583
121000100,407,696,-289
121000101,182,292,-110
121000102,105,527,-422
121000103,104,386,-282
121000104,107,259,-152
121000105,288,370,-82
121000106,163,424,-261
121000107,2420,4324,-1904
121000109,1794,1174,620
121000110,449,511,-62
121000114,2647,2623,24
121000115,924,905,19
121000116,507,871,-364
121000117,1340,253,1087
121000118,1138,317,821
121000119,250,334,-84
121000120,237,682,-445
121000121,566,1110,-544
121000123,1478,689,789
121000126,112,302,-190
121000127,202,95,107
121000128,414,620,-206
121000129,440,527,-87
121000130,375,1327,-952
121000131,3082,1153,1929
121000132,1550,1213,337
121000135,815,625,190
121000136,1332,815,517
121000137,698,188,510
121000138,968,958,10
121000139,644,191,453
121000141,193,147,46
121000142,887,552,335
121000143,200,30,170
121000144,1560,1011,549
121000145,376,1458,-1082
121000146,956,831,125
121000147,582,475,107
121000148,685,1195,-510
121000149,1615,1095,520
121000152,452,703,-251
121000153,1754,647,1107
121000154,805,639,166
121000155,1083,1102,-19
121000156,363,986,-623
121000157,1692,2296,-604
121000158,413,678,-265
121000159,153,607,-454
121000160,278,804,-526
121000161,74,461,-387
121000162,14,405,-391
121000165,2263,1608,655
121000166,41,490,-449
121000168,229,350,-121
121000169,35,272,-237
121000170,186,80,106
121000171,31,221,-190
121000172,462,472,-10
121000173,1200,801,399
121000174,204,446,-242
121000175,472,592,-120
121000176,341,248,93
121000177,847,705,142
121000178,65,67,-2
121000179,92,74,18
121000181,373,428,-55
121000182,78,165,-87
121000183,31,96,-65
121000184,22,81,-59
121000185,21,164,-143
121000186,191,282,-91
121000187,182,405,-223
121000188,78,344,-266
121000192,471,388,83
121000193,657,426,231
121000194,3148,2599,549
121000195,487,1130,-643
121000196,869,209,660
121000197,217,852,-635
121000198,189,67,122
121000199,182,545,-363
121000200,291,91,200
121000201,4,268,-264
121000202,545,94,451
121000203,576,3165,-2589
121000204,1291,630,661
121000205,193,334,-141
121000206,194,45,149
121000207,1038,512,526
121000208,6,536,-530
121000209,119,538,-419
121000210,209,729,-520
121000211,120,137,-17
121000212,231,1006,-775
121000213,10602,2799,7803
121000214,918,1655,-737
121000215,1437,800,637
121000216,425,513,-88
121000217,4289,2169,2120
121000218,550,2030,-1480
121000219,1429,339,1090
121000220,393,85,308
121000221,205,228,-23
121000222,2773,2587,186
121000223,533,329,204
121000224,249,109,140
121000225,1254,1069,185
121000226,1692,730,962
121000227,10,220,-210
121000228,16,1082,-1066
121000229,97,550,-453
121000230,53,2190,-2137
121000231,397,26,371
121000232,341,172,169
121000233,458,356,102
121000234,10,57,-47
121000235,58,80,-22
121000236,6,41,-35
121000237,41,12,29
121000238,2,110,-108
121000239,29,12,17
121000240,5,237,-232
121000241,89,27,62
121000242,31,159,-128
121000243,482,73,409
121000244,1,83,-82
121000245,6,12,-6
121000246,3,80,-77
121000247,32,4,28
121000248,867,613,254
121000249,66,266,-200
121000250,234,105,129
121000251,17,708,-691
121000252,48,29,19
121000253,147,686,-539
121000254,281,332,-51
121000255,170,175,-5
121000256,271,168,103
121000257,82,57,25
121000258,106,87,19
121000259,21,41,-20
121000260,34,136,-102
121000261,23,63,-40
121000262,1409,586,823
121000263,319,543,-224
121000271,273,1878,-1605
121000273,52,9,43
121000274,3,62,-59
121000275,2,21,-19
121000276,1,31,-30
121000278,25,72,-47
121000279,42,9,33
121000280,21,40,-19
121000289,242,33,209
121000290,1129,717,412
121000294,50,242,-192
121000297,1095,588,507
121000299,47,221,-174
121000300,923,841,82
121000302,478,1091,-613
121000303,1206,673,533
121000304,479,59,420
121000305,63,59,4
121000306,62,114,-52
121000308,163,389,-226
121000309,518,810,-292
121000310,61,511,-450
121000311,70,1018,-948
121000312,359,188,171
121000313,623,639,-16
121000314,367,173,194
121000315,88,117,-29
121000530,803,1473,-670
121000531,1115,1573,-458
121000532,5503,4516,987
121000533,2701,2491,210
121000918,12,293,-281
121000919,16,56,-40
121000938,1903,560,1343
121000939,2663,517,2146
121000956,456,1692,-1236
121000957,4,13,-9
121000958,98,53,45
121000959,254,1234,-980
121000960,1180,2766,-1586
121000961,147,66,81
121000962,395,749,-354
121000973,0,299,-299
121000976,4,206,-202
121000979,259,74,185
121000981,380,128,252
121000982,165,285,-120
121000983,275,518,-243
121000984,17,58,-41
121000985,258,912,-654
121000986,74,470,-396
121000987,243,1999,-1756
121000988,356,133,223
121001302,487,146,341
121001308,0,8,-8
121001309,89,70,19
121001313,72,386,-314
121001314,4708,4910,-202
121001315,4559,1681,2878
121900001,52,154,-102
121900002,18,28,-10
121900003,271,13,258
121900004,118,410,-292
121900005,14,10,4
121900006,73,14,59
121900007,2156,2522,-366
121900008,3019,120,2899
121900009,554,28,526
121900010,207,6,201
121900011,398,373,25
121900012,1,0,1
121900013,1021,34,987
121900014,1077,406,671
121900015,85,188,-103
121900016,3,25,-22
121900017,220,478,-258
121900018,228,4,224
121900019,187,244,-57
121900020,28,3,25
121900021,598,5,593
121900022,126,166,-40
121900023,87,347,-260
121900024,518,56,462
121900025,458,306,152
121900026,237,50,187
121900027,256,134,122
121900028,245,12,233
121900029,133,153,-20
121900030,435,463,-28
121900031,1024,3688,-2664
121900032,68,70,-2
121900033,159,112,47
121900034,147,96,51
121900035,2649,1655,994
121900036,44,301,-257
121900037,119,620,-501
121900038,29,147,-118
121900039,495,46,449
121900040,30,103,-73
121900041,116,148,-32
121900042,270,120,150
121900043,5,3,2
121900044,281,29,252
121900046,265,186,79
121900047,131,36,95
121900048,21,156,-135
121900050,11,30,-19
121900051,97,172,-75
121900052,96,63,33
121900053,289,195,94
121900054,425,803,-378
121900055,4,18,-14
121900058,96,298,-202
121900059,202,81,121
121900060,135,297,-162
121900061,122,127,-5
121900062,102,61,41
121900063,725,308,417
121900064,136,778,-642
121900066,25,30,-5
121900067,12,20,-8
121900069,214,142,72
121900070,218,100,118
121900071,86,280,-194
121900072,20,201,-181
121900073,204,179,25
121900074,716,442,274
121900075,504,258,246
121900076,209,570,-361
121900077,0,33,-33
121900078,45,55,-10
121900079,0,0,0
121900080,524,470,54
121900082,23,123,-100
121900084,6,240,-234
121900085,1,14,-13
121900086,0,61,-61
121900087,261,121,140
121900088,3349,2096,1253
121900089,41,409,-368
121900090,4,114,-110
121900091,15,141,-126
121900092,66,122,-56
121900093,73,62,11
121900094,18,6,12
121900095,215,110,105
121900096,1831,498,1333
121900097,192,113,79
121900098,1,3,-2
121900099,83,77,6
121900100,199,192,7
121900101,74,107,-33
121900102,8,98,-90
121900103,509,216,293
121900104,818,194,624
121900105,85,66,19
121900106,4,2,2
121900107,23,46,-23
121900108,0,18,-18
121900109,465,105,360
121900110,188,1548,-1360
121900111,927,114,813
121900112,230,98,132
121900113,35,152,-117
121900114,14,36,-22
121900117,267,23,244
121900118,2210,325,1885
121900119,84,135,-51
121900120,27,1472,-1445
121900121,592,83,509
121900122,8,33,-25
121900123,254,515,-261
121900124,93,193,-100
121900125,1000,1241,-241
121900127,10,92,-82
121900128,59,173,-114
121900129,1380,62,1318
121900130,94,235,-141
121900131,163,71,92
121900132,34,208,-174
121900133,70,226,-156
121900134,8,108,-100
121900135,2596,300,2296
121900136,136,529,-393
121900137,34,330,-296
121900138,163,267,-104
121900139,308,354,-46
121900140,25,190,-165
121900141,35,35,0
121900142,30,158,-128
121900143,5,128,-123
121900144,188,331,-143
121900145,184,210,-26
121900146,576,843,-267
121900147,30,198,-168
121900148,140,241,-101
121900149,302,787,-485
121900150,67,160,-93
121900151,50,207,-157
121900152,38,148,-110
121900153,99,468,-369
121900154,14,116,-102
121900155,1,81,-80
121900156,213,116,97
121900157,4,414,-410
121900158,65,108,-43
121900159,1,191,-190
121900160,67,214,-147
121900161,518,323,195
121900162,159,120,39
121900163,55,836,-781
121900164,346,203,143
121900165,189,272,-83
121900166,95,187,-92
121900167,151,72,79
121900168,293,98,195
121900169,2,305,-303
121900170,16,227,-211
121900171,555,594,-39
121900172,221,259,-38
121900173,952,164,788
121900174,23,38,-15
121900175,66,129,-63
121900176,494,1856,-1362
121900177,142,47,95
121900178,15,46,-31
121900179,240,130,110
121900180,6641,2532,4109
121900182,436,295,141
121900183,420,589,-169
121900184,38,553,-515
121900186,10,346,-336
121900187,27,120,-93
121900188,521,336,185
121900189,38,122,-84
121900190,129,471,-342
121900191,107,123,-16
121900192,476,492,-16
121900193,19,211,-192
121900194,4,166,-162
121900195,126,93,33
121900196,686,896,-210
121900197,338,2111,-1773
121900198,1029,935,94
121900199,2,34,-32
121900200,52,193,-141
121900201,1187,558,629
121900202,179,419,-240
121900203,364,844,-480
121900204,1295,759,536
121900205,7,100,-93
121900206,2,9,-7
121900207,166,34,132
121900208,151,299,-148
121900209,52,18,34
121900210,844,1110,-266
121900211,6,82,-76
121900212,154,156,-2
121900213,67,125,-58
121900214,4,489,-485
121900215,44,73,-29
121900216,22,72,-50
121900217,191,98,93
121900218,276,437,-161
121900220,152,19,133
121900221,237,750,-513
121900222,46,257,-211
121900223,89,68,21
121900224,72,63,9
121900225,86,67,19
121900226,264,1471,-1207
121900227,126,324,-198
121900228,208,306,-98
121900230,93,60,33
121900231,716,232,484
121900232,279,294,-15
121900233,273,273,0
121900234,191,337,-146
121900235,218,239,-21
121900236,229,113,116
121900237,157,217,-60
121900238,130,231,-101
121900239,97,42,55
121900240,213,149,64
121900241,40,65,-25
121900242,0,0,0
121900243,0,0,0
121900244,10,0,10
121900245,169,160,9
121900246,1144,506,638
121900247,257,209,48
121900248,1565,803,762
121900250,399,263,136
121900251,341,18,323
121900252,987,116,871
121900253,141,780,-639
121900254,612,231,381
121900255,106,68,38
121900258,2571,1862,709
121900259,339,444,-105
121900260,45,225,-180
121900261,59,365,-306
121900262,398,582,-184
121900263,89,317,-228
121900264,2593,1321,1272
121900265,173,409,-236
121900266,176,198,-22
121900267,25,19,6
121900269,114,286,-172
121900270,18,166,-148
121900271,32,215,-183
121900273,392,1230,-838
121900274,169,218,-49
121900277,352,1524,-1172
121900278,73,916,-843
121900279,146,289,-143
121900280,200,325,-125
121900281,733,74,659
121900284,166,12,154
121900286,73,215,-142
121900287,32,10,22
121900290,192,240,-48
121900291,352,549,-197
121900292,104,63,41
121900293,862,3202,-2340
121900294,292,2,290
121900295,57,264,-207
121900296,134,34,100
121900298,346,392,-46
121900299,0,0,0
121900300,5,0,5
121900301,9,2,7
121900302,1,69,-68
121900303,159,511,-352
121900304,1,2,-1
121900305,0,3,-3
121900306,36,1,35
121900307,16,30,-14
121900308,10,421,-411
121900309,8,296,-288
121900310,35,512,-477
121900311,162,10,152
121900312,77,10,67
121900313,141,31,110
121900314,1,76,-75
121900315,1,0,1
121900316,0,6,-6
121900317,3,2,1
121900318,1,10,-9
121900319,6,8,-2
121900320,70,87,-17
121900321,3,0,3
121900322,1,13,-12
121900323,15,21,-6
121900324,3,31,-28
121900325,4,1,3
121900326,0,14,-14
121900327,2,44,-42
121900328,0,23,-23
121900329,1,215,-214
121900330,1,31,-30
121900331,196,24,172
121900332,87,23,64
121900333,6,2,4
122000001,3302,3155,147
122000002,6899,1327,5572
122000003,2780,1585,1195
122000004,3522,1040,2482
122000005,3063,929,2134
122000006,2513,477,2036
122000007,1121,993,128
122000008,8211,3703,4508
122000009,649,213,436
122000010,2231,2273,-42
122000011,4074,902,3172
122000012,1192,887,305
122000013,1926,1178,748
122000014,1576,1818,-242
122000015,1376,922,454
122000016,391,840,-449
122000017,1109,1145,-36
122000018,1298,1246,52
122000019,769,1657,-888
122000020,252,197,55
122000021,733,448,285
122000022,1286,1397,-111
122000023,450,2888,-2438
122000024,982,763,219
122000025,2064,1056,1008
122000026,2143,703,1440
122000027,694,3910,-3216
122000028,739,298,441
122000029,408,255,153
122000030,388,87,301
122000031,114,171,-57
122000032,1441,2845,-1404
122000033,781,680,101
122000034,606,651,-45
122000035,396,699,-303
122000036,363,683,-320
122000037,346,294,52
122000038,278,380,-102
122000039,664,476,188
122000040,412,254,158
122000041,459,549,-90
122000042,190,362,-172
122000043,150,90,60
122000044,130,130,0
122000045,1160,595,565
122000046,559,1064,-505
122000047,268,142,126
122000048,3436,3312,124
122000049,5650,2550,3100
122000050,1341,571,770
122000051,370,298,72
122000052,483,215,268
122000053,90,504,-414
122000054,2324,1670,654
122000055,2040,2326,-286
122000056,5058,2928,2130
122000057,3980,2414,1566
122000058,4244,1082,3162
122000059,4068,1267,2801
122000060,1237,470,767
122000061,761,267,494
122000062,1354,314,1040
122000063,1074,411,663
122000064,3489,3074,415
122000065,5402,3081,2321
122000066,1254,1102,152
122000067,1350,1437,-87
122000068,895,1310,-415
122000069,613,773,-160
122000070,561,3305,-2744
122000071,960,1886,-926
122000072,327,259,68
122000073,462,355,107
122000074,1980,1230,750
122000075,501,1139,-638
122000076,1628,1096,532
122000077,1182,605,577
122000078,3271,1538,1733
122000079,1330,673,657
122000080,838,325,513
122000081,197,231,-34
122000082,1296,724,572
122000083,1317,4099,-2782
122000084,918,877,41
122000085,288,1838,-1550
122000086,2296,3831,-1535
122000087,560,127,433
122000088,437,216,221
122000089,7509,3232,4277
122000090,329,391,-62
122000091,368,80,288
122000092,173,11,162
122000093,1582,1123,459
122000094,8153,1628,6525
122000095,4609,1766,2843
122000096,3856,998,2858
122000098,4055,1440,2615
122000099,2354,575,1779
122000100,1773,611,1162
122000101,330,1001,-671
122000102,1542,1251,291
122000103,1681,1452,229
122000104,239,196,43
122000105,258,272,-14
122000106,672,424,248
122000107,876,487,389
122000108,366,912,-546
122000109,277,277,0
122000110,302,571,-269
122000111,2613,1092,1521
122000112,613,1218,-605
122000113,472,631,-159
122000114,3176,1464,1712
122000115,1995,1183,812
122000116,447,508,-61
122000117,1109,312,797
122000118,399,638,-239
122000119,3273,1542,1731
122000120,4537,2551,1986
122000121,5172,2324,2848
122000122,842,1274,-432
122000123,2943,1258,1685
122000124,1535,455,1080
122000125,529,640,-111
122000126,869,739,130
122000127,2000,907,1093
122000128,618,905,-287
122000129,412,573,-161
122000130,2472,557,1915
122000131,2675,543,2132
122000132,1279,504,775
122000133,1272,2445,-1173
122000134,416,499,-83
122000135,585,976,-391
122000136,434,238,196
122000137,899,685,214
122000139,1513,2798,-1285
122000140,1220,452,768
122000141,6369,896,5473
122000142,631,594,37
122000143,638,215,423
122000144,2529,775,1754
122000145,2680,674,2006
122000146,1252,989,263
122000147,934,308,626
122000148,2933,1290,1643
122000149,2429,1040,1389
122000150,1532,843,689
122000151,353,317,36
122000152,638,349,289
122000153,406,333,73
122000154,391,235,156
122000155,1825,1937,-112
122000156,2853,1835,1018
122000157,2140,1146,994
122000158,311,483,-172
122000159,1488,1520,-32
122000160,7163,795,6368
122000161,1736,570,1166
122000162,2354,1319,1035
122000163,362,79,283
122000164,57,103,-46
122000165,809,787,22
122000166,881,926,-45
122000167,218,228,-10
122000168,226,451,-225
122000169,590,192,398
122000170,323,295,28
122000171,42,84,-42
122000172,1554,1540,14
122000173,1650,2092,-442
122000174,1852,757,1095
122000175,1265,357,908
122000176,301,646,-345
122000177,1597,1120,477
122000178,3194,2165,1029
122000179,2231,2354,-123
122000180,2015,936,1079
122000181,2132,2736,-604
122000182,3235,1069,2166
122000183,1919,923,996
122000184,4035,2220,1815
122000185,1707,1062,645
122000186,580,789,-209
122000187,1585,1380,205
122000188,498,223,275
122000189,304,294,10
122000190,1045,954,91
122000191,1057,463,594
122000192,978,370,608
122000193,386,738,-352
122000194,490,165,325
122000195,108,486,-378
122000196,1086,689,397
122000197,520,694,-174
122000198,540,1061,-521
122000199,286,302,-16
122000200,1253,488,765
122000201,1324,1470,-146
122000202,1338,1096,242
122000203,2854,1531,1323
122000204,1597,1979,-382
122000205,1548,1076,472
122000206,2007,1048,959
122000207,1176,1373,-197
122000208,2217,1617,600
122000209,2433,344,2089
122000210,1473,2112,-639
122000211,1190,1405,-215
122000212,570,463,107
122000213,1100,1120,-20
122000214,1761,1678,83
122000215,1900,1380,520
122000217,2017,1469,548
122000218,587,58,529
122000219,1626,1080,546
122000220,562,927,-365
122000221,149,460,-311
122000222,682,76,606
122000223,1089,533,556
122000225,618,357,261
122000226,1169,2138,-969
122000227,215,1805,-1590
122000228,364,499,-135
122000229,11,389,-378
122000230,86,933,-847
122000231,246,907,-661
122000232,653,1056,-403
122000233,2,150,-148
122000234,124,218,-94
122000235,353,263,90
122000236,373,209,164
122000237,65,71,-6
122000238,108,170,-62
122000239,427,122,305
122000240,945,332,613
122000241,558,448,110
122000242,587,68,519
122000243,74,33,41
122000244,3,306,-303
122000245,11,93,-82
122000246,5,58,-53
122000247,600,472,128
122000248,1243,2424,-1181
122000249,302,493,-191
122000250,1434,503,931
122000251,253,330,-77
122000252,820,90,730
122000253,13,305,-292
122000254,138,95,43
122000255,617,2566,-1949
122000256,352,1755,-1403
122000257,107,517,-410
122000258,89,308,-219
122000259,19,867,-848
122000260,10,137,-127
122000261,2,191,-189
122000262,1,85,-84
122000263,89,118,-29
122000264,536,473,63
122000265,1956,705,1251
122000266,4262,537,3725
122000267,77,115,-38
122000268,95,480,-385
122000269,588,304,284
122000270,581,133,448
122000271,260,1175,-915
122000272,305,1087,-782
122000273,210,445,-235
122000274,68,169,-101
122000275,25,126,-101
122000276,311,674,-363
122000277,591,1475,-884
122000278,598,1109,-511
122000279,174,814,-640
122000280,683,908,-225
122000281,629,835,-206
122000282,96,290,-194
122000283,197,76,121
122000284,99,106,-7
122000285,358,100,258
122000286,88,171,-83
122000287,600,1411,-811
122000288,261,275,-14
122000291,776,520,256
122000293,384,453,-69
122000294,98,145,-47
122000295,1202,161,1041
122000296,67,583,-516
122000297,3398,2001,1397
122000299,442,460,-18
122000300,822,536,286
122000301,16460,2582,13878
122000302,1109,805,304
122000303,5057,1282,3775
122000304,12,176,-164
122000305,651,305,346
122000306,17,834,-817
122000307,275,122,153
122000309,61,61,0
122000310,8,17,-9
122000311,38,46,-8
122000312,64,20,44
122000313,11,46,-35
122000314,92,262,-170
122000315,178,10,168
122000316,340,332,8
122000317,673,206,467
122000318,420,426,-6
122000319,409,673,-264
122000320,417,2669,-2252
122000321,113,371,-258
122000322,2925,1805,1120
122000323,2109,1307,802
122000324,1462,1131,331
122000325,928,1037,-109
122000326,33,183,-150
122000327,256,448,-192
122000328,1548,1314,234
122000330,2101,739,1362
122000332,200,391,-191
122000333,4,223,-219
122000337,628,2670,-2042
122000338,332,593,-261
122000340,349,206,143
122000342,2833,1380,1453
122000343,421,1518,-1097
122000344,42,39,3
122000345,20,58,-38
122000346,427,795,-368
122000348,561,938,-377
122000349,165,771,-606
122000351,59,276,-217
122000352,273,105,168
122000353,38,128,-90
122000355,103,201,-98
122000356,1880,921,959
122000357,29,16,13
122000358,0,85,-85
122000359,0,56,-56
122000360,1,47,-46
122000362,6,96,-90
122000364,104,538,-434
122000365,1,24,-23
122000366,7,4,3
122000368,433,892,-459
122000370,36,79,-43
122000371,4,1,3
122000372,2,4,-2
122000381,44,385,-341
122000382,40,280,-240
122000384,4192,2012,2180
122000385,21,0,21
122000386,593,806,-213
122000387,324,654,-330
122000388,1489,332,1157
122000389,174,869,-695
122000390,329,203,126
122000391,233,101,132
122000392,228,230,-2
122000393,23,193,-170
122000394,282,343,-61
122000395,115,199,-84
122000396,223,129,94
122000397,27,128,-101
122000398,12,32,-20
122000399,79,95,-16
122000400,174,310,-136
122000401,78,76,2
122000402,199,88,111
122000403,290,1580,-1290
122000404,108,381,-273
122000408,1109,1364,-255
122000503,12,68,-56
122000524,233,141,92
122000544,69,1613,-1544
122000616,865,4,861
122000640,35,205,-170
122000641,38,552,-514
122000642,759,1671,-912
122000643,10,113,-103
122000644,177,30,147
122000645,109,144,-35
122000651,2201,599,1602
122000664,99,34,65
122000665,1088,571,517
122000666,559,1202,-643
122000673,12,398,-386
122000674,64,47,17
122000675,900,1081,-181
122000686,280,1546,-1266
122000687,659,428,231
122000688,121,1087,-966
122000689,314,797,-483
122000690,516,927,-411
122000691,305,3174,-2869
122000692,980,381,599
122000693,470,2329,-1859
122000695,138,658,-520
122000696,139,423,-284
122000698,118,1275,-1157
122000699,174,145,29
122000701,1027,429,598
122000702,436,2457,-2021
122000703,209,50,159
122000717,199,81,118
122000718,386,392,-6
122000719,29,43,-14
122000720,114,335,-221
122000724,79,8,71
122900001,17,9,8
122900002,1096,1845,-749
122900003,257,27,230
122900004,863,17,846
122900005,41,71,-30
122900006,407,396,11
122900007,117,21,96
122900008,550,83,467
122900009,975,313,662
122900010,228,149,79
122900012,323,450,-127
122900014,197,343,-146
122900015,3338,400,2938
122900016,70,329,-259
122900017,540,899,-359
122900018,230,5,225
122900019,10,207,-197
122900020,332,493,-161
122900021,44,732,-688
122900022,313,1180,-867
122900023,264,402,-138
122900024,134,88,46
122900025,11,199,-188
122900026,181,384,-203
122900027,100,764,-664
122900028,126,157,-31
122900029,5313,1995,3318
122900030,1577,567,1010
122900031,127,132,-5
122900032,142,202,-60
122900033,179,212,-33
122900034,4498,3622,876
122900035,7,18,-11
122900036,19,114,-95
122900037,267,158,109
122900038,150,1548,-1398
122900039,149,433,-284
122900040,141,380,-239
122900041,172,338,-166
122900042,117,352,-235
122900043,336,215,121
122900044,108,278,-170
122900045,107,83,24
122900046,86,154,-68
122900047,150,110,40
122900048,35,135,-100
122900049,1688,108,1580
122900051,88,92,-4
122900052,28,184,-156
122900053,18,16,2
122900055,252,135,117
122900057,226,19,207
122900061,438,138,300
122900062,317,395,-78
122900063,144,517,-373
122900064,905,760,145
122900065,230,125,105
122900066,338,232,106
122900067,1910,1067,843
122900068,179,476,-297
122900069,190,984,-794
122900070,282,23,259
122900071,75,467,-392
122900072,14,698,-684
122900073,54,344,-290
122900074,132,807,-675
122900075,1,82,-81
122900076,9,196,-187
122900077,2,217,-215
122900078,44,156,-112
122900080,66,9,57
122900081,159,151,8
122900082,503,205,298
122900083,145,111,34
122900084,10,255,-245
122900086,18,18,0
122900087,70,704,-634
122900088,46,50,-4
122900089,7,251,-244
122900090,14,708,-694
122900091,45,0,45
122900092,0,319,-319
122900093,1,475,-474
122900094,5,299,-294
122900095,88,2,86
122900096,100,332,-232
122900097,63,9,54
122900098,82,115,-33
122900099,8,3,5
122900100,359,179,180
122900101,783,194,589
122900102,15,7,8
122900103,26,5,21
122900104,30,5,25
122900105,5,2,3
122900106,4,88,-84
122900107,4,264,-260
122900108,3,267,-264
123000001,2352,406,1946
123000002,7429,2701,4728
123000003,4308,2611,1697
123000004,4293,5357,-1064
123000005,2296,2363,-67
123000006,3286,3657,-371
123000007,3030,2462,568
123000008,2982,4793,-1811
123000009,4518,3241,1277
123000010,4128,4666,-538
123000011,3163,943,2220
123000012,1109,2794,-1685
123000013,3421,980,2441
123000014,1432,4461,-3029
123000015,6076,851,5225
123000016,8220,3008,5212
123000017,3387,1523,1864
123000018,75,83,-8
123000019,114,496,-382
123000020,62,144,-82
123000021,54,174,-120
123000022,480,839,-359
123000023,1269,1169,100
123000024,806,493,313
123000025,28,102,-74
123000026,1,86,-85
123000027,254,516,-262
123000028,621,645,-24
123000029,552,651,-99
123000030,146,1035,-889
123000031,148,534,-386
123000032,215,369,-154
123000033,158,50,108
123000034,547,556,-9
123000035,212,299,-87
123000036,262,540,-278
123000037,205,378,-173
123000038,96,282,-186
123000039,578,902,-324
123000040,1296,405,891
123000041,1090,532,558
123000042,789,506,283
123000043,4598,4081,517
123000044,7648,2514,5134
123000045,14188,1937,12251
123000046,1170,745,425
123000047,3322,1093,2229
123000048,112,388,-276
123000049,9204,4478,4726
123000050,749,1119,-370
123000051,72,119,-47
123000052,587,2393,-1806
123000053,2717,2774,-57
123000054,1353,1121,232
123000055,3672,1282,2390
123000056,1296,2144,-848
123000057,20597,5528,15069
123000058,653,649,4
123000059,334,496,-162
123000060,735,402,333
123000061,137,719,-582
123000063,764,633,131
123000064,818,194,624
123000065,10525,3712,6813
123000066,1270,796,474
123000067,364,679,-315
123000068,3350,3833,-483
123000069,11065,4436,6629
123000070,390,848,-458
123000071,569,1338,-769
123000072,957,1751,-794
123000073,689,903,-214
123000074,908,2348,-1440
123000075,390,801,-411
123000076,384,1397,-1013
123000077,2024,4294,-2270
123000078,922,1852,-930
123000079,830,2426,-1596
123000080,1928,3207,-1279
123000081,276,717,-441
123000082,364,1346,-982
123000083,948,125,823
123000084,272,839,-567
123000085,77,150,-73
123000086,207,541,-334
123000087,92,640,-548
123000088,782,1490,-708
123000089,359,1443,-1084
123000090,1109,1453,-344
123000091,1650,1536,114
123000092,1337,1243,94
123000094,361,355,6
123000095,319,585,-266
123000096,299,537,-238
123000097,268,1282,-1014
123000098,423,655,-232
123000099,549,952,-403
123000100,459,560,-101
123000101,622,501,121
123000102,609,612,-3
123000104,359,304,55
123000105,734,623,111
123000106,547,280,267
123000107,548,566,-18
123000108,1227,1372,-145
123000111,429,276,153
123000112,577,588,-11
123000113,588,2255,-1667
123000114,426,435,-9
123000115,214,304,-90
123000116,23,152,-129
123000117,1619,2694,-1075
123000118,451,1042,-591
123000119,209,1189,-980
123000120,396,1149,-753
123000121,404,651,-247
123000122,273,296,-23
123000123,405,531,-126
123000124,706,600,106
123000125,1280,652,628
123000126,2282,1841,441
123000127,1802,884,918
123000128,312,402,-90
123000129,294,202,92
123000130,369,65,304
123000131,650,477,173
123000132,421,623,-202
123000133,526,383,143
123000134,646,199,447
123000135,1226,1157,69
123000136,208,1656,-1448
123000137,122,540,-418
123000138,44,534,-490
123000139,255,93,162
123000140,154,860,-706
123000141,850,82,768
123000142,1035,1181,-146
123000143,1110,2897,-1787
123000144,15,11,4
123000145,273,171,102
123000146,92,115,-23
123000147,111,149,-38
123000149,305,382,-77
123000150,294,211,83
123000151,370,429,-59
123000152,69,396,-327
123000153,182,532,-350
123000154,2558,1512,1046
123000155,2928,837,2091
123000156,74,97,-23
123000157,520,958,-438
123000158,947,519,428
123000159,2866,1639,1227
123000160,715,502,213
123000161,1139,857,282
123000162,454,1260,-806
123000163,283,51,232
123000164,875,243,632
123000165,345,2377,-2032
123000166,28,202,-174
123000167,79,330,-251
123000168,206,383,-177
123000169,419,108,311
123000170,36,357,-321
123000171,178,34,144
123000172,244,882,-638
123000173,584,188,396
123000174,608,179,429
123000175,1059,1663,-604
123000176,955,125,830
123000177,440,1330,-890
123000178,528,80,448
123000179,54,869,-815
123000180,1149,303,846
123000181,426,1782,-1356
123000182,187,588,-401
123000183,144,191,-47
123000184,114,1182,-1068
123000185,278,435,-157
123000186,6,870,-864
123000187,324,5,319
123000188,118,2,116
123000189,109,249,-140
123000190,28,71,-43
123000192,27,508,-481
123000193,27,774,-747
123000194,497,286,211
123000195,239,6,233
123000196,219,34,185
123000197,22,124,-102
123000198,19,224,-205
123000199,3,541,-538
123000200,235,7,228
123000201,495,14,481
123000202,20,1608,-1588
123000203,527,39,488
123000204,68,1426,-1358
123000205,327,2496,-2169
123000206,1128,127,1001
123000207,81,1097,-1016
123000208,177,91,86
123000209,1060,243,817
123000210,394,1894,-1500
123000211,643,3523,-2880
123000212,1563,321,1242
123000213,334,67,267
123000215,143,96,47
123000216,251,604,-353
123000217,154,39,115
123000218,108,391,-283
123000219,1257,39,1218
123000220,424,71,353
123000221,135,197,-62
123000222,223,940,-717
123000223,117,754,-637
123000224,343,782,-439
123000225,427,114,313
123000226,173,472,-299
123000227,69,462,-393
123000228,210,79,131
123000229,1302,2146,-844
123000232,89,722,-633
123000233,536,160,376
123000234,164,837,-673
123000235,345,391,-46
123000236,166,1195,-1029
123000237,176,61,115
123000238,55,855,-800
123000239,421,2631,-2210
123000240,47,226,-179
123000241,1203,155,1048
123000242,78,255,-177
123000243,369,1148,-779
123000244,795,557,238
123000245,75,206,-131
123000249,395,709,-314
123000252,738,172,566
123000253,595,359,236
123000254,475,1445,-970
123000255,749,822,-73
123000256,20,310,-290
123000257,4057,2714,1343
123000258,954,1530,-576
123000259,163,428,-265
123000260,378,863,-485
123000261,90,318,-228
123000262,120,280,-160
123000263,257,103,154
123000264,197,70,127
123000265,58,125,-67
123000266,447,715,-268
123000267,335,302,33
123000268,22,63,-41
123000269,25,67,-42
123000270,31,41,-10
123000271,29,108,-79
123000272,661,187,474
123000273,171,509,-338
123000274,860,441,419
123000275,304,1293,-989
123000278,3605,2644,961
123000279,32,84,-52
123000280,230,351,-121
123000281,165,100,65
123000282,105,285,-180
123000283,94,25,69
123000284,47,155,-108
123000286,221,300,-79
123000287,587,287,300
123000288,820,551,269
123000289,433,775,-342
123000291,389,1001,-612
123000294,165,252,-87
123000295,810,1242,-432
123000296,191,619,-428
123000297,174,865,-691
123000298,196,807,-611
123000299,28,381,-353
123000300,493,613,-120
123000301,51,163,-112
123000302,153,273,-120
123000303,60,136,-76
123000305,993,864,129
123000306,51,341,-290
123000309,57,67,-10
123000310,55,34,21
123000311,1,166,-165
123000312,765,1151,-386
123000313,156,244,-88
123000315,179,440,-261
123000316,1837,37,1800
123000317,185,67,118
123000318,43,342,-299
123000329,9,17,-8
123000337,126,238,-112
123000338,553,104,449
123000339,93,237,-144
123000340,178,543,-365
123000342,4,7,-3
123000343,56,0,56
123000344,1212,464,748
123000345,455,607,-152
123000346,141,67,74
123000352,2462,989,1473
123000353,25,170,-145
123000354,111,1,110
123000355,2,477,-475
123000356,111,10,101
123000357,0,395,-395
123000359,1,332,-331
123000360,140,12,128
123000361,606,336,270
123000362,152,121,31
123000363,67,310,-243
123000364,428,332,96
123000365,20,254,-234
123000366,302,1271,-969
123000367,245,1366,-1121
123000370,27,346,-319
123000371,484,33,451
123000372,229,12,217
123000373,21,600,-579
123000374,12,197,-185
123000375,256,15,241
123000376,559,510,49
123000377,327,16,311
123000378,10,552,-542
123000379,1,217,-216
123000380,81,265,-184
123000381,150,61,89
123000382,1652,56,1596
123000383,289,765,-476
123000384,510,103,407
123000385,510,688,-178
123000436,41,885,-844
123000507,233,389,-156
123000508,228,395,-167
123000517,321,21,300
123000518,44,282,-238
123000519,160,68,92
123000520,49,240,-191
123000521,296,77,219
123000522,224,634,-410
123000541,2,0,2
123000542,0,39,-39
123000565,113,8,105
123000566,165,1021,-856
123000567,106,338,-232
123000573,46,1286,-1240
123000574,338,64,274
123000575,987,1590,-603
123000576,594,2300,-1706
123000577,108,587,-479
123000578,914,105,809
123000579,6374,2746,3628
123000580,60,20,40
123000582,248,34,214
123000583,20,691,-671
123000584,114,199,-85
123000585,1,157,-156
123000586,36,0,36
123000596,107,164,-57
123000597,46,84,-38
123000602,7,2,5
123000603,267,874,-607
123000604,366,1321,-955
123000605,596,114,482
123000606,0,227,-227
123000609,12,465,-453
123000610,128,112,16
123000613,52,145,-93
123000614,143,51,92
123000615,38,153,-115
123000616,315,60,255
123000617,28,688,-660
123000618,58,824,-766
123000619,535,36,499
123000620,10,768,-758
123000622,296,26,270
123000624,131,45,86
123000630,485,410,75
123000631,177,2247,-2070
123000632,1174,1382,-208
123000633,0,192,-192
123000634,60,49,11
123000635,235,104,131
123000636,9,822,-813
123000637,121,138,-17
123000638,319,120,199
123000639,1292,1957,-665
123000640,48,1168,-1120
123900001,1874,67,1807
123900002,19,1106,-1087
123900003,332,834,-502
123900005,133,101,32
123900006,193,21,172
124000001,1660,100,1560
124000002,124,2259,-2135
124000003,374,127,247
124000004,54,852,-798
124000005,604,208,396
124000006,242,1898,-1656
124000007,589,112,477
124000008,17,510,-493
124000009,189,310,-121
124000010,101,568,-467
124000011,568,336,232
124000012,260,1006,-746
124000017,57,95,-38
124000018,86,156,-70
124000019,58,103,-45
124000020,67,284,-217
124000021,75,67,8
124000022,139,369,-230
124000023,965,1248,-283
124000024,1146,729,417
124000025,918,1222,-304
124000026,1316,1204,112
124000027,5848,3347,2501
124000028,3481,4248,-767
124000030,3828,1383,2445
124000031,649,873,-224
124000032,5742,1121,4621
124000033,141,160,-19
124000034,2456,647,1809
124000035,24,79,-55
124000036,64,171,-107
124000037,396,368,28
124000038,79,16,63
124000039,1189,295,894
124000040,825,572,253
124000041,250,47,203
124000042,91,374,-283
124000043,308,63,245
124000044,83,311,-228
124000045,397,533,-136
124000046,159,777,-618
124000047,750,812,-62
124000048,507,2267,-1760
124000049,780,694,86
124000050,514,2956,-2442
124000051,380,561,-181
124000052,469,1878,-1409
124000053,476,831,-355
124000054,683,820,-137
124000055,1138,1249,-111
124000056,4263,1674,2589
124000057,657,415,242
124000058,368,1605,-1237
124000059,426,537,-111
124000060,1055,991,64
124000061,1401,2479,-1078
124000062,5730,1991,3739
124000063,1514,1945,-431
124000064,3011,2320,691
124000065,11,151,-140
124000066,117,40,77
124000067,43,357,-314
124000068,0,26,-26
124000069,43,20,23
124000070,17,140,-123
124000071,122,79,43
124000072,181,768,-587
124000073,519,89,430
124000074,163,1080,-917
124000075,111,24,87
124000076,7,358,-351
124000077,2104,613,1491
124000078,2866,419,2447
124000079,709,1071,-362
124000080,279,192,87
124000081,191,1117,-926
124000082,27,123,-96
124000083,52,222,-170
124000084,45,137,-92
124000085,109,52,57
124000086,54,111,-57
124000087,89,47,42
124000088,241,333,-92
124000089,292,323,-31
124000090,45,468,-423
124000091,232,82,150
124000092,46,636,-590
124000093,116,60,56
124000094,238,386,-148
124000095,52,80,-28
124000096,68,381,-313
124000097,39,75,-36
124000098,53,135,-82
124000099,171,81,90
124000100,65,164,-99
124000101,28,118,-90
124000102,63,117,-54
124000103,26,86,-60
124000104,80,85,-5
124000105,37,61,-24
124000106,118,127,-9
124000107,17,80,-63
124000108,58,43,15
124000109,97,40,57
124000110,121,112,9
124000111,212,174,38
124000112,422,883,-461
124000113,39,75,-36
124000114,181,810,-629
124000115,259,873,-614
124000116,96,91,5
124000117,100,84,16
124000118,19,58,-39
124000119,1012,631,381
124000120,521,503,18
124000121,1615,486,1129
124000122,625,1076,-451
124000123,871,406,465
124000124,592,914,-322
124000125,382,413,-31
124000126,414,616,-202
124000127,608,355,253
124000128,496,1175,-679
124000129,1767,1195,572
124000130,873,712,161
124000131,950,539,411
124000132,885,813,72
124000133,604,792,-188
124000134,864,924,-60
124000135,1591,1451,140
124000136,1068,1159,-91
124000137,1271,443,828
124000138,2035,1171,864
124000139,452,31,421
124000140,24,474,-450
124000141,25,2,23
124000142,3,140,-137
124000143,13,19,-6
124000144,11,65,-54
124000145,48,47,1
124000146,27,184,-157
124000148,22,50,-28
124000149,859,228,631
124000150,379,606,-227
124000151,511,217,294
124000152,776,1108,-332
124000153,798,399,399
124000154,755,819,-64
124000155,1112,537,575
124000156,1440,961,479
124000169,267,403,-136
124000170,633,461,172
124000171,231,285,-54
124000172,443,712,-269
124000173,292,311,-19
124000174,216,878,-662
124000175,10,184,-174
124000176,11,8,3
124000177,30,59,-29
124000178,33,18,15
124000190,161,20,141
124000191,274,54,220
124000192,2242,288,1954
124000193,569,1280,-711
124000194,450,667,-217
124000195,228,477,-249
124000196,976,1385,-409
124000197,85,84,1
124000198,35,45,-10
124000201,266,1289,-1023
124000202,349,125,224
124000203,79,1092,-1013
124000204,248,587,-339
124000205,51,777,-726
124000206,180,469,-289
124000207,0,55,-55
124000209,171,777,-606
124000210,118,199,-81
124000211,186,2,184
124000212,2,804,-802
124000213,139,438,-299
124000214,156,1046,-890
124000215,98,7,91
124000216,3,742,-739
124000329,80,3029,-2949
124000338,43,1517,-1474
124000339,319,90,229
124000341,422,74,348
124000344,50,18,32
124000357,769,1417,-648
124000358,790,1019,-229
124000359,1052,473,579
124000360,650,379,271
124000361,1434,719,715
124000362,1792,2188,-396
124000363,417,579,-162
124000364,658,1346,-688
124000365,665,1480,-815
124000366,2134,1121,1013
124000367,98,749,-651
124000368,166,132,34
124000369,132,67,65
124000370,102,688,-586
124000402,13,4,9
124000403,39,18,21
124000404,7,144,-137
124000405,1230,698,532
124000406,1064,1043,21
124000407,2,35,-33
124000411,8,546,-538
124000412,149,14,135
124000413,266,47,219
124000414,26,157,-131
124000415,52,246,-194
124000416,119,313,-194
124000417,105,114,-9
124000418,79,183,-104
124000419,58,214,-156
124000420,24,62,-38
124000421,24,327,-303
124000422,18,10,8
124000423,109,39,70
124000424,0,135,-135
124000425,7,7,0
124000426,6,77,-71
124000427,15,21,-6
124000428,8,26,-18
124000429,26,55,-29
124000430,491,875,-384
124000431,370,972,-602
124000432,118,951,-833
124000439,8,8,0
124000442,5,240,-235
124000443,1,6,-5
124000445,100,173,-73
124000446,1759,67,1692
124900001,245,236,9
124900002,116,589,-473
124900003,417,501,-84
124900004,194,328,-134
124900005,226,281,-55
124900006,396,394,2
124900008,1026,454,572
124900009,170,171,-1
124900010,69,34,35
124900011,237,122,115
124900012,311,64,247
124900013,288,91,197
124900014,127,90,37
124900015,115,216,-101
124900016,26,42,-16
124900017,983,324,659
124900018,11,9,2
124900020,50,46,4
124900021,155,37,118
124900022,10,4,6
124900024,143,6,137
124900026,92,11,81
124900027,53,177,-124
124900028,847,162,685
124900029,17,386,-369
124900030,6,193,-187
124900031,75,459,-384
124900032,251,188,63
124900033,48,561,-513
124900034,6,138,-132
124900035,103,523,-420
124900036,20,63,-43
124900037,143,364,-221
124900038,371,393,-22
124900039,0,28,-28
124900040,35,90,-55
124900041,220,1501,-1281
124900042,45,6,39
124900043,321,1293,-972
124900044,55,2,53
124900045,773,753,20
124900046,1880,232,1648
124900047,108,190,-82
124900048,91,154,-63
124900050,151,285,-134
124900052,63,516,-453
124900053,43,519,-476
124900054,3175,335,2840
124900055,2,118,-116
124900057,9,92,-83
124900060,56,255,-199
124900061,17,9,8
124900062,47,15,32
124900066,0,17,-17
124900067,5,181,-176
124900068,173,275,-102
124900070,47,22,25
124900072,63,22,41
124900074,207,386,-179
124900075,95,227,-132
124900076,18,447,-429
124900077,12,136,-124
124900078,27,16,11
124900079,698,44,654
124900080,169,842,-673
124900081,418,221,197
124900082,278,1029,-751
124900083,186,607,-421
124900084,3039,111,2928
124900085,1468,217,1251
124900086,79,673,-594
124900087,633,64,569
124900088,779,119,660
124900089,1488,18,1470
124900090,160,201,-41
124900091,219,726,-507
124900092,159,547,-388
124900093,150,200,-50
124900094,152,285,-133
124900095,84,347,-263
124900096,618,186,432
124900097,177,74,103
124900098,169,449,-280
124900099,762,344,418
124900100,271,29,242
124900101,30,622,-592
124900102,116,4,112
124900103,78,302,-224
124900104,40,253,-213
124900105,38,192,-154
124900106,275,36,239
124900107,53,17,36
124900108,195,40,155
124900109,25,101,-76
124900110,82,514,-432
124900111,1,68,-67
124900112,77,1038,-961
124900113,155,120,35
124900114,216,42,174
124900115,72,42,30
124900116,93,130,-37
124900117,542,172,370
124900118,107,95,12
124900119,200,59,141
124900120,33,450,-417
124900121,62,144,-82
124900122,506,228,278
124900123,407,60,347
124900124,182,180,2
129000186,113,43,70
204000001,12,11,1
204000002,2,3,-1
204000003,76,3,73
204000004,10,0,10
204000005,418,301,117
204000006,799,826,-27
204000011,4,54,-50
204000012,67,133,-66
204000013,4,29,-25
204000019,457,648,-191
204000020,407,705,-298
204000021,1761,767,994
204000022,306,572,-266
204000023,336,1509,-1173
204000031,56,39,17
204000032,600,57,543
204000034,16,384,-368
204000035,0,4,-4
204000036,4,18,-14
204000037,3,13,-10
204000038,1,10,-9
204000039,3,77,-74
204000040,15,50,-35
204000041,6,55,-49
204000042,25,13,12
204000043,20,10,10
204000044,8,10,-2
204000045,30,12,18
204000046,24,18,6
204000057,6,89,-83
204000062,3,13,-10
204000068,18,192,-174
204000069,25,186,-161
204000070,38,150,-112
204000080,26,58,-32
204000085,1331,1914,-583
204000086,2982,2313,669
204000087,38,10,28
204000088,7,104,-97
204000090,11,464,-453
204000093,147,62,85
204000096,461,586,-125
204000097,210,17,193
204000099,874,1235,-361
204000100,687,993,-306
204000105,2174,1704,470
204000110,719,1589,-870
204000111,258,901,-643
204000112,1078,1061,17
204000113,494,993,-499
204000114,533,453,80
204000115,293,284,9
204000116,1202,437,765
204000119,1741,1513,228
204000132,277,219,58
204000133,537,275,262
204000134,256,141,115
204000135,252,98,154
204000136,218,215,3
204000138,174,272,-98
204000140,129,71,58
204000141,83,38,45
204000144,2,24,-22
204000145,544,31,513
204000146,23,487,-464
204000147,11,190,-179
204000148,438,18,420
204000154,7,2,5
204000155,3,8,-5
204000177,178,57,121
204000179,17,0,17
204000180,1,55,-54
204000222,4,27,-23
204000235,8,13,-5
204000236,77,356,-279
204000238,31,35,-4
204000240,377,75,302
204000263,403,1075,-672
204000268,1019,408,611
204000308,197,21,176
204000317,9,83,-74
204000322,7,48,-41
204000323,26,15,11
204000328,187,38,149
204000329,78,93,-15
204000330,210,26,184
204000331,9,160,-151
204010341,16,298,-282
205000001,1430,1557,-127
205000013,15,111,-96
205000014,18,138,-120
205000015,39,283,-244
205000016,32,252,-220
205000017,55,137,-82
205000022,331,624,-293
205000025,1465,976,489
205000029,182,4,178
205000045,68,184,-116
205000046,65,497,-432
205000047,79,603,-524
205000048,174,1098,-924
205000049,139,776,-637
205000050,1031,299,732
205000059,1,298,-297
205000060,2,59,-57
205000061,5,28,-23
205000062,1,34,-33
205000063,19,80,-61
205000064,19,136,-117
205000065,45,883,-838
205000066,79,864,-785
205000067,51,1150,-1099
205000069,214,18,196
205000082,213,194,19
205000110,63,205,-142
205000111,147,298,-151
205000112,119,152,-33
205000113,252,280,-28
205000121,147,40,107
205000123,64,211,-147
205000126,361,94,267
205000127,497,135,362
205000128,466,41,425
205000129,313,47,266
205000130,153,20,133
205000131,209,2,207
205000132,234,2,232
205000133,120,1,119
205000134,85,0,85
205000137,152,181,-29
205000138,291,336,-45
205000139,32,120,-88
205000144,82,37,45
205000145,492,124,368
205000151,153,27,126
205000152,103,18,85
205000153,132,33,99
205000154,66,56,10
205000155,52,9,43
205000207,8,150,-142
205000233,12,11,1
205000234,0,0,0
205000243,0,0,0
205000244,1,3,-2
205000245,15,368,-353
205000249,0,38,-38
205000250,0,0,0
205000264,6,125,-119
206000027,7,2,5
206000028,11,0,11
206000043,22,141,-119
206000053,6,13,-7
206000054,5,32,-27
206000055,1,47,-46
206000075,6,6,0
206000076,18,7,11
206000077,17,5,12
206000078,5,2,3
206000079,10,3,7
206000082,553,15,538
206000100,75,898,-823
206000103,6,26,-20
206000104,25,22,3
206000105,21,38,-17
206000106,17,39,-22
206000108,643,16,627
206000125,48,0,48
206000157,100,931,-831
206000170,3,353,-350
206000171,4,308,-304
206000172,5,1163,-1158
206000173,3,396,-393
206000174,3,223,-220
206000175,1,254,-253
206000176,17,464,-447
206000177,0,323,-323
206000178,2,200,-198
206000179,13,147,-134
206000180,19,328,-309
206000181,16,445,-429
206000182,23,401,-378
206000183,24,1334,-1310
206000184,8,556,-548
206000185,8,445,-437
206000186,109,1834,-1725
206000223,4,349,-345
206000226,13,5,8
206000227,23,1,22
206000237,53,585,-532
206000238,50,810,-760
206000239,553,2724,-2171
206000240,3,53,-50
206000241,1,169,-168
206000242,3,659,-656
206000243,11,497,-486
206000244,54,1136,-1082
206000245,290,47,243
206000246,60,5,55
206000247,85,11,74
206000248,189,14,175
206000252,46,17,29
206000258,19,63,-44
206000315,33,6,27
206000317,220,83,137
206000318,126,33,93
206000319,508,93,415
206000320,40,19,21
206000321,85,16,69
206000322,146,7,139
206000323,101,4,97
206000324,81,5,76
206000325,114,6,108
206000326,90,12,78
206000327,121,10,111
206000328,40,5,35
206000329,106,3,103
206000330,25,6,19
206000331,55,2,53
206000332,14,7,7
206000333,222,9,213
206000334,123,1,122
206000335,0,19,-19
206000361,22,299,-277
206000392,3,77,-74
206000405,120,10,110
206000441,25,13,12
206000498,21,3,18
206000515,146,15,131
206000530,65,44,21
206000531,141,59,82
206000532,2428,102,2326
206000535,411,2578,-2167
206000536,17,294,-277
206000537,13,176,-163
206000613,1409,154,1255
207000001,148,373,-225
207000002,58,278,-220
207000003,120,235,-115
207000007,473,250,223
207000008,41,8,33
207000009,44,25,19
207000010,438,643,-205
207000012,250,227,23
207000015,345,1975,-1630
207000019,166,81,85
207000021,480,181,299
207000022,61,108,-47
207000023,105,64,41
207000024,3,14,-11
207000025,15,61,-46
207000026,122,48,74
207000027,24,73,-49
207000028,43,246,-203
207000029,244,417,-173
207000033,189,242,-53
207000034,225,65,160
207000039,239,112,127
207000040,126,146,-20
207000041,50,64,-14
207000042,183,57,126
207000043,184,181,3
207000051,81,462,-381
207000052,19,251,-232
207000053,438,669,-231
207000054,27,145,-118
207000055,62,195,-133
207000056,242,418,-176
207000057,123,325,-202
207000058,66,441,-375
207000059,45,926,-881
207000060,35,313,-278
207000061,114,134,-20
207000062,102,36,66
207000063,69,148,-79
207000064,326,201,125
207000065,303,233,70
207000066,77,163,-86
207000067,32,109,-77
207000068,90,61,29
207000069,538,377,161
207000082,29,444,-415
207000083,65,444,-379
207000084,106,202,-96
207000085,123,12,111
207000086,81,7,74
207000106,16,27,-11
207000107,43,11,32
207000108,35,10,25
207000109,31,12,19
207000110,38,40,-2
207000111,58,55,3
207000112,138,270,-132
207000114,15,36,-21
207000115,8,92,-84
207000116,16,268,-252
207000117,8,114,-106
207000118,5,99,-94
207000119,13,152,-139
207000123,160,33,127
207000124,63,17,46
207000125,43,31,12
207000126,72,42,30
207000134,21,250,-229
207000135,30,321,-291
207000148,55,154,-99
207000149,77,38,39
207000152,194,425,-231
207000153,1277,975,302
207000154,444,132,312
207000159,60,371,-311
207000160,89,791,-702
207000238,0,77,-77
207000242,3,220,-217
207000248,34,21,13
207000249,135,71,64
207000250,898,83,815
207000251,87,65,22
207000252,55,81,-26
207000278,65,84,-19
207000279,10,263,-253
207000280,189,52,137
207000281,59,1502,-1443
207000282,148,44,104
207000283,143,240,-97
207000284,63,72,-9
207000285,195,48,147
207000291,9,146,-137
207000304,110,74,36
207000306,80,536,-456
207000310,45,74,-29
207000353,143,0,143
207000356,3,11,-8
207000357,29,10,19
207000358,70,9,61
207000415,6,190,-184
207000417,18,5,13
207000418,76,164,-88
207000438,0,0,0
207000439,1328,319,1009
207000446,170,5,165
207000460,8,6,2
207000466,172,230,-58
207000467,101,105,-4
207000468,22,668,-646
207000476,2,96,-94
207000477,246,133,113
207000478,15,14,1
207000523,0,17,-17
207000524,21,5,16
207000527,80,137,-57
207000530,127,5,122
207000531,158,6,152
207000532,73,13,60
207000534,681,31,650
207000535,37,220,-183
207000537,32,148,-116
207000540,8,239,-231
207000541,5,358,-353
207000548,6,414,-408
207000549,159,8,151
207000561,95,95,0
207000562,46,251,-205
207000567,144,307,-163
207000568,65,134,-69
207000569,153,1553,-1400
207000584,475,175,300
207000585,112,219,-107
207000616,1,209,-208
207000617,74,0,74
207900008,63,283,-220
208000001,347,640,-293
208000002,386,401,-15
208000003,664,393,271
208000004,859,652,207
208000005,7,29,-22
208000019,512,976,-464
208000020,173,471,-298
208000021,100,611,-511
208000022,600,824,-224
208000028,1529,1040,489
208000033,384,756,-372
208000034,1125,1771,-646
208000040,229,185,44
208000041,1587,491,1096
208000042,1206,580,626
208000047,62,416,-354
208000064,3044,1434,1610
208000066,1494,1092,402
208000070,191,457,-266
208000071,281,799,-518
208000072,370,1205,-835
208000080,131,325,-194
208000081,124,166,-42
208000082,170,376,-206
208000083,75,498,-423
208000084,10,16,-6
208000085,756,609,147
208000086,399,898,-499
208000087,415,748,-333
208000089,606,705,-99
208000090,417,1085,-668
208000093,122,139,-17
208000094,321,523,-202
208000095,526,367,159
208000104,755,862,-107
208000105,639,1162,-523
208000114,52,268,-216
208000115,427,491,-64
208000116,214,1086,-872
208000117,74,141,-67
208000118,71,89,-18
208000155,550,940,-390
208000158,1582,2464,-882
208000186,3391,1897,1494
208000204,333,950,-617
208000205,742,1399,-657
208000282,3672,1247,2425
209000004,159,211,-52
209000005,30,26,4
209000006,460,117,343
209000007,255,236,19
209000010,610,195,415
209000011,167,238,-71
209000012,271,250,21
209000013,202,750,-548
209000014,774,2019,-1245
209000025,152,32,120
209000026,437,85,352
209000027,250,1125,-875
209000028,362,1151,-789
209000029,660,1004,-344
209000030,501,2005,-1504
209000031,4350,3288,1062
209000034,153,136,17
209000035,71,103,-32
209000036,71,81,-10
209000037,125,178,-53
209000038,59,141,-82
209000039,36,126,-90
209000040,287,464,-177
209000041,171,381,-210
209000042,160,311,-151
209000043,761,560,201
209000044,151,475,-324
209000045,923,497,426
209000046,245,503,-258
209000047,262,204,58
209000048,424,271,153
209000049,121,172,-51
209000050,173,215,-42
209000051,225,356,-131
209000052,97,403,-306
209000062,43,220,-177
209000063,23,134,-111
209000064,26,181,-155
209000065,20,34,-14
209000066,21,32,-11
209000067,19,53,-34
209000080,35,182,-147
209000082,45,30,15
209000091,47,112,-65
209000093,92,39,53
209000094,259,155,104
209000110,34,37,-3
209000111,464,955,-491
209000112,504,429,75
209000113,1048,401,647
209000114,277,252,25
209000115,81,224,-143
209000116,700,641,59
209000118,17,47,-30
209000119,23,6,17
209000121,147,796,-649
209000135,57,56,1
209000142,732,741,-9
209000143,84,125,-41
209000144,31,114,-83
209000229,197,192,5
209000240,32,502,-470
209000259,128,93,35
209000260,71,1107,-1036
209000261,7,764,-757
209000262,3,633,-630
209000263,0,124,-124
209000264,0,65,-65
209000265,738,3,735
209000266,123,8,115
209000267,749,12,737
209000268,1000,50,950
210000037,58,33,25
210000047,35,40,-5
210000048,45,33,12
210000049,57,27,30
210000052,36,173,-137
210000053,18,117,-99
210000054,52,96,-44
210000070,71,4,67
210000071,45,1,44
210000072,14,1,13
210000073,0,34,-34
210000074,2,163,-161
210000075,0,64,-64
210000076,7,163,-156
210000077,41,26,15
210000078,36,19,17
210000079,47,35,12
210000080,102,58,44
210000081,114,8,106
210000082,40,7,33
210000083,61,0,61
210000084,27,0,27
210000085,1,118,-117
210000086,5,153,-148
210000099,34,263,-229
210000100,48,263,-215
210000101,80,236,-156
210000105,41,189,-148
210000159,0,131,-131
210000163,208,229,-21
210000164,407,127,280
210000168,136,25,111
210000187,0,10,-10
210000188,1,28,-27
210000214,75,0,75
210000219,28,49,-21
210000220,36,94,-58
210000232,0,23,-23
210000233,24,53,-29
210000234,35,153,-118
210000235,48,167,-119
210000245,13,35,-22
210000246,40,2,38
210000258,19,126,-107
210000259,371,37,334
210000282,73,242,-169
210000285,1,106,-105
210000286,10,227,-217
210000290,1,0,1
210000295,43,139,-96
210000296,37,57,-20
210000320,136,185,-49
210000321,98,98,0
210000338,53,104,-51
210000339,720,824,-104
210000340,170,247,-77
210000341,165,224,-59
210000342,96,164,-68
210000343,124,203,-79
210000344,215,97,118
210000345,156,131,25
210000346,75,79,-4
210000347,119,21,98
210000348,92,22,70
210000349,98,28,70
210000350,64,63,1
210000351,91,114,-23
210000352,44,98,-54
210000353,30,137,-107
210000354,39,123,-84
210000355,43,118,-75
210000356,49,105,-56
210000357,54,47,7
210000358,445,138,307
210000359,107,83,24
210000360,185,126,59
210000361,147,200,-53
210000362,249,200,49
210000363,1074,148,926
210000364,144,122,22
210000365,114,61,53
210000366,82,65,17
210000367,81,24,57
210000368,122,31,91
210000369,16,44,-28
210000370,69,65,4
210000372,30,26,4
210000373,45,7,38
210000374,58,28,30
210000375,26,112,-86
210000376,57,153,-96
210000404,121,157,-36
210000439,34,61,-27
210000472,96,5,91
210000482,79,71,8
210000564,816,164,652
210000567,1,10,-9
210000568,544,1,543
211000092,9,82,-73
211000094,105,6,99
211000169,135,11,124
211000172,11,281,-270
211000209,1,23,-22
211000226,4,12,-8
211000270,7,3,4
211000275,3,27,-24
211000276,39,29,10
211000279,12,66,-54
211000281,40,68,-28
211507980,1,31,-30
211977296,5,5,0
212000003,82,51,31
212000004,78,23,55
212000005,2,22,-20
212000006,29,71,-42
212000008,110,241,-131
212000009,18,155,-137
212000012,69,95,-26
212000013,11,50,-39
212000014,213,192,21
212000015,171,263,-92
212000016,442,616,-174
212000027,414,551,-137
212000028,246,456,-210
212000029,104,313,-209
212000030,26,43,-17
212000031,31,74,-43
212000048,38,95,-57
212000049,4,69,-65
212000050,13,9,4
212000051,130,271,-141
212000052,124,450,-326
212000053,320,688,-368
212000054,114,134,-20
212000055,128,309,-181
212000056,15,70,-55
212000057,11,41,-30
212000058,286,58,228
212000070,94,375,-281
212000077,74,697,-623
212000099,163,269,-106
212000108,124,166,-42
212000111,112,197,-85
212000120,90,88,2
212000138,72,25,47
212000156,6,126,-120
212000158,6,11,-5
212000159,200,58,142
212000160,348,224,124
212000161,39,3,36
212000310,28,23,5
212000311,4,79,-75
212000374,8,11,-3
213000001,33,795,-762
213000005,392,83,309
213000006,1233,131,1102
213000007,81,7,74
213000009,575,157,418
213000010,155,127,28
213000011,206,98,108
213000012,128,546,-418
213000014,35,5,30
213000015,127,2,125
213000016,198,1,197
213000017,12,0,12
213000018,1,235,-234
213000019,3,177,-174
213000020,77,426,-349
213000021,6,121,-115
213000023,274,184,90
213000033,198,793,-595
213000034,485,313,172
213000035,72,135,-63
213000045,127,258,-131
213000046,94,244,-150
213000047,411,783,-372
213000056,55,19,36
213000069,44,1,43
213000073,2,27,-25
213000074,257,595,-338
213000075,586,11,575
213000076,20,0,20
213000085,8,45,-37
213000086,4,288,-284
213000091,81,12,69
213000092,71,8,63
213000099,114,823,-709
213000100,1347,196,1151
213000101,115,124,-9
213000102,155,468,-313
213000103,695,791,-96
213000104,48,590,-542
213000105,1,49,-48
213000106,24,199,-175
213000107,80,737,-657
213000108,22,608,-586
213000109,3,261,-258
213000110,19,66,-47
213000111,22,58,-36
213000112,134,127,7
213000115,18,19,-1
213000116,159,792,-633
213000117,7,977,-970
213000118,283,373,-90
213000119,49,995,-946
213000120,75,889,-814
213000122,199,1248,-1049
213000123,757,2590,-1833
213000124,84,2354,-2270
213000125,127,15,112
213000126,171,85,86
213000127,233,158,75
213000128,869,671,198
213000129,548,374,174
213000130,361,202,159
213000132,149,91,58
213000133,213,101,112
213000134,547,34,513
213000136,298,10,288
213000137,504,68,436
213000139,296,9,287
213000147,53,2,51
213000148,22,4,18
213000149,17,2,15
213000150,0,50,-50
213000151,1,75,-74
213000152,2,71,-69
213000153,1,49,-48
213000154,23,197,-174
213000155,40,400,-360
213000156,80,647,-567
213000157,487,701,-214
213000158,316,892,-576
213000159,399,536,-137
213000163,364,148,216
213000165,775,176,599
213000171,0,157,-157
213000172,4,417,-413
213000173,6,434,-428
213000174,5,385,-380
213000175,8,282,-274
213000176,32,21,11
213000177,35,5,30
213000178,67,4,63
213000179,143,1,142
213000180,68,0,68
213000184,63,482,-419
213000188,453,57,396
213000189,218,61,157
213000190,695,861,-166
213000191,142,709,-567
213000192,130,785,-655
213000193,1295,183,1112
213000194,1,32,-31
213000195,14,449,-435
213000196,120,927,-807
213000197,227,312,-85
213000198,53,0,53
213000200,94,1130,-1036
213000201,96,41,55
213000202,23,852,-829
213000203,2963,363,2600
213000204,403,35,368
213000205,232,47,185
213000206,246,51,195
213000207,49,5,44
213000208,67,2,65
213000209,65,2,63
213000210,220,4,216
213000211,2,5,-3
213000212,31,20,11
213000213,14,36,-22
213000218,200,1166,-966
213000219,465,20,445
213000220,473,12,461
213000223,213,91,122
213000224,73,19,54
213000225,54,3,51
213000226,33,4,29
213000227,463,144,319
213000228,118,46,72
213000229,974,10,964
213000230,167,27,140
213000232,65,296,-231
213000233,5,30,-25
213000234,1,26,-25
213000293,16,59,-43
213000294,110,6,104
213000295,5,82,-77
213000296,78,20,58
213000297,6,77,-71
213000298,15,123,-108
213000299,34,29,5
213000300,16,5,11
213000303,5,34,-29
213000304,1,7,-6
213000305,1,19,-18
213000306,72,44,28
213000307,296,115,181
213000308,79,304,-225
213000309,102,48,54
213000310,216,122,94
213000311,316,658,-342
213000315,53,142,-89
213000316,75,62,13
213000322,42,148,-106
213000323,55,70,-15
213000324,46,138,-92
213000325,18,164,-146
213000326,23,70,-47
213000327,25,119,-94
213000328,11,121,-110
213000329,45,76,-31
213000340,101,1138,-1037
213000341,168,117,51
213000347,1116,136,980
213000348,37,210,-173
213000349,119,12,107
213000350,220,1570,-1350
213000366,25,347,-322
213000367,119,23,96
213000379,246,362,-116
213000386,8,193,-185
213000406,113,430,-317
213000417,816,416,400
213000425,82,80,2
213000426,50,102,-52
213000427,34,488,-454
213000428,14,278,-264
213000429,47,12,35
213000430,69,1286,-1217
213000431,103,5,98
213000432,0,17,-17
213000433,12,205,-193
213000434,35,110,-75
213000435,79,158,-79
213000436,11,99,-88
213000437,2,53,-51
213000438,110,125,-15
213000439,36,11,25
213000440,7,270,-263
213000441,0,3,-3
213000442,3,77,-74
213000443,567,338,229
213000444,13,125,-112
213000445,0,133,-133
213000446,0,5,-5
213000447,2,84,-82
213000448,4,47,-43
213000449,147,1,146
213000450,16,27,-11
213000451,113,113,0
213000452,10,28,-18
213000453,39,362,-323
213000455,746,30,716
213000456,1,403,-402
213000481,20,11,9
213000484,55,1,54
213000489,696,39,657
213900002,0,87,-87
213900003,192,3,189
213900013,2,230,-228
213900015,0,6,-6
213900016,11,9,2
213900020,12,319,-307
213900030,2,84,-82
213900032,136,57,79
213900033,46,33,13
213900034,206,116,90
213900035,140,897,-757
213900036,72,375,-303
213900037,26,549,-523
213900038,219,267,-48
213900039,0,200,-200
213900041,1,88,-87
213900042,181,88,93
213900043,86,200,-114
213900244,12,0,12
213900245,0,52,-52
218000003,41,12,29
218000004,31,12,19
218000005,22,43,-21
218000006,69,30,39
218000007,8,5,3
218000012,280,145,135
218000013,49,131,-82
218000014,534,461,73
218000019,957,480,477
218000020,243,357,-114
218000021,41,123,-82
218000022,7,70,-63
218000023,4,55,-51
218000024,2,31,-29
218000025,8,48,-40
218000026,10,76,-66
218000027,2,42,-40
218000028,3,13,-10
218000029,3,8,-5
218000030,26,46,-20
218000031,4,94,-90
218000032,4,59,-55
218000040,2,3,-1
218000046,25,228,-203
218000047,4,305,-301
218000048,81,333,-252
218000049,150,254,-104
218000050,432,467,-35
218000051,67,455,-388
218000052,3,144,-141
218000053,23,20,3
218000054,80,48,32
218000055,10,20,-10
218000056,14,35,-21
218000057,0,53,-53
218000064,2,10,-8
218000065,35,65,-30
218000066,10,72,-62
218000067,29,97,-68
218000068,100,93,7
218000069,101,158,-57
218000070,65,325,-260
218000071,136,254,-118
218000072,416,283,133
218000078,486,1312,-826
218000079,36,84,-48
218000080,65,70,-5
218000081,201,380,-179
218000082,18,149,-131
218000083,18,53,-35
218000084,64,266,-202
218000085,112,609,-497
218000086,33,267,-234
218000087,191,307,-116
218000090,19,84,-65
218000091,679,446,233
218000092,43,145,-102
218000093,43,101,-58
218000094,510,845,-335
218000099,369,500,-131
218000100,220,281,-61
218000101,101,211,-110
218000102,187,378,-191
218000103,54,158,-104
218000104,30,69,-39
218000105,34,6,28
218000106,19,9,10
218000107,47,122,-75
218000108,17,73,-56
218000112,74,16,58
218000117,41,74,-33
218000134,492,972,-480
218000135,23,103,-80
218000136,266,67,199
218000137,127,149,-22
218000138,25,132,-107
218000139,112,402,-290
218000140,189,180,9
218000141,20,109,-89
218000142,93,221,-128
218000143,75,215,-140
218000144,28,94,-66
218000145,157,484,-327
218000146,55,164,-109
218000151,24,20,4
218000152,72,79,-7
218000153,2,2,0
218000154,4,3,1
218000155,8,2,6
218000156,36,25,11
218000157,12,16,-4
218000158,2,5,-3
218000159,1,4,-3
218000160,1,4,-3
218000161,16,11,5
218000162,15,8,7
218000163,5,3,2
218000164,23,9,14
218000165,27,46,-19
218000170,0,53,-53
218000171,37,11,26
218000172,9,21,-12
218000173,93,28,65
218000174,7,7,0
218000176,102,19,83
218000177,300,104,196
218000178,123,145,-22
218000179,57,61,-4
218000180,42,21,21
218000181,69,48,21
218000187,5,23,-18
218000188,44,68,-24
218000189,14,87,-73
218000190,6,27,-21
218000191,73,102,-29
218000192,104,582,-478
218000193,349,613,-264
218000194,39,648,-609
218000195,86,111,-25
218000196,262,298,-36
218000197,179,485,-306
218000198,2,144,-142
218000199,61,31,30
218000200,93,70,23
218000201,9,6,3
218000202,111,151,-40
218000207,7,47,-40
218000208,22,81,-59
218000211,24,9,15
218000212,5,5,0
218000213,152,90,62
218000214,9,24,-15
218000215,84,180,-96
218000217,6,134,-128
218000218,374,130,244
218000219,44,25,19
218000220,109,353,-244
218000221,662,189,473
218000222,60,32,28
218000223,30,176,-146
218000224,0,72,-72
218000225,168,16,152
218000226,54,73,-19
218000230,0,2,-2
218000232,48,70,-22
218000239,85,4,81
218000240,36,5,31
218000241,8,0,8
218000242,64,0,64
218000243,83,0,83
218000244,10,0,10
218000245,7,2,5
218000246,0,0,0
218000247,0,0,0
218000248,1,54,-53
218000249,3,4,-1
218000250,2,16,-14
218000251,0,13,-13
218000252,10,17,-7
218000253,22,11,11
218000254,0,24,-24
218000255,3,20,-17
218000256,10,55,-45
218000267,774,1296,-522
218000268,25,77,-52
218000269,10,20,-10
218000270,22,44,-22
218000271,32,58,-26
218000273,13,6,7
218000274,25,6,19
218000275,8,54,-46
218000276,3,58,-55
218000278,3,31,-28
218000279,10,34,-24
218000280,29,11,18
218000281,48,16,32
218000282,329,142,187
218000284,96,10,86
218000301,70,113,-43
218000302,99,57,42
218000303,75,47,28
218000316,580,1315,-735
218000317,512,1334,-822
218000318,319,1006,-687
218000319,567,1622,-1055
218000320,545,856,-311
218000338,81,17,64
218000345,79,55,24
218000346,30,180,-150
218000459,71,464,-393
218000490,47,70,-23
218000501,32,43,-11
218000502,36,123,-87
218000503,54,25,29
218000504,96,10,86
218000505,37,165,-128
218000506,16,199,-183
218000508,88,3,85
218000510,161,7,154
218000520,124,144,-20
218000521,2,90,-88
218000522,0,152,-152
218000523,58,0,58
218000524,65,137,-72
218000525,158,16,142
218000526,80,102,-22
218000529,20,301,-281
218000530,3,4,-1
218000531,3,38,-35
218000532,10,40,-30
218000534,36,7,29
218000537,14,57,-43
218000538,139,217,-78
218000540,379,85,294
218000543,60,60,0
218000544,42,118,-76
218000545,19,89,-70
218000546,36,138,-102
218000547,43,91,-48
218000548,98,221,-123
218000549,288,123,165
218000550,198,637,-439
218000551,240,306,-66
218000552,688,24,664
218000553,44,95,-51
218000554,11,19,-8
218000555,12,41,-29
218000556,77,464,-387
218000557,146,124,22
218000558,85,0,85
218000559,1,22,-21
218000560,0,15,-15
218000561,2,0,2
218000562,10,209,-199
218000563,96,37,59
218000564,7,119,-112
218000565,465,21,444
218000566,1091,27,1064
218000567,9,86,-77
218000568,9,4,5
218000569,31,150,-119
218000570,266,8,258
218000571,0,103,-103
218000572,62,0,62
218000573,23,54,-31
218000574,191,87,104
218000575,120,1,119
218000576,1,59,-58
218000577,27,1,26
218000578,0,91,-91
218000579,76,6,70
218000581,3,114,-111
218000582,15,1,14
218000583,33,0,33
218000584,0,28,-28
218000585,11,4,7
218000586,2,33,-31
218000587,1,3,-2
218000588,0,3,-3
218000589,1,1,0
218000590,0,0,0
218000591,3,7,-4
218000592,1,1,0
218000593,0,0,0
218000594,0,3,-3
218000595,0,0,0
218000596,0,0,0
218000597,0,2,-2
218000598,0,1,-1
218000599,0,0,0
218000600,1,0,1
218000601,1,0,1
218000602,0,2,-2
218000603,0,1,-1
218000604,7,0,7
218000605,0,17,-17
218000606,31,0,31
218000607,18,30,-12
218000608,43,34,9
218000609,5,46,-41
218000610,29,1,28
218000611,6,0,6
218000612,2,40,-38
218000613,19,4,15
218000614,2,55,-53
218000615,46,1,45
218000616,4,192,-188
218000617,4,1,3
218000618,0,15,-15
218000619,24,35,-11
218000620,0,29,-29
218000621,0,3,-3
218000622,0,6,-6
218000623,2,3,-1
218000624,1,4,-3
218000625,15,2,13
218000626,4,9,-5
218000628,67,38,29
218000631,11,8,3
218000632,1,55,-54
218000633,74,3,71
218000634,2,20,-18
218000635,2,7,-5
218000636,656,1748,-1092
218000637,795,745,50
218000638,90,35,55
218000639,32,335,-303
218000640,104,42,62
218000641,45,539,-494
218000652,164,187,-23
218000653,169,78,91
218000663,1,114,-113
218000675,60,51,9
218000676,1,53,-52
218000677,0,15,-15
218000680,132,594,-462
218000681,230,63,167
218000691,73,530,-457
218000693,60,95,-35
218000703,11,90,-79
218000718,1189,327,862
218000719,1628,52,1576
218000720,10,62,-52
218000721,69,17,52
218000725,14,13,1
218001214,12,36,-24
218001329,57,75,-18
218001330,146,80,66
218001351,8,6,2
218001352,1,19,-18
218001353,15,11,4
218001354,3,11,-8
219000001,29,58,-29
219000002,36,96,-60
219000003,39,12,27
219000004,57,49,8
219000017,108,13,95
219000020,55,17,38
219000022,73,1,72
219000023,74,2,72
219000029,1,98,-97
219000034,10,24,-14
219000039,23,85,-62
219000040,21,26,-5
219000041,69,49,20
219000051,0,98,-98
219000052,0,47,-47
219000053,1,235,-234
219000054,390,403,-13
219000055,55,0,55
219000056,10,0,10
219000057,36,0,36
219000062,5,246,-241
219000063,57,9,48
219000064,5,53,-48
219000110,213,56,157
219000111,128,30,98
219000112,159,33,126
219000113,91,37,54
219000114,289,24,265
219000116,64,24,40
219000117,131,95,36
219000118,68,63,5
219000123,214,89,125
219000124,63,61,2
219000125,14,18,-4
219000126,64,103,-39
219000127,2,1,1
219000128,26,89,-63
219000129,39,128,-89
219000130,1062,674,388
219000131,898,687,211
219000133,40,32,8
219000134,12,14,-2
219000135,48,47,1
219000136,96,147,-51
219000138,71,10,61
219000139,28,53,-25
219000140,14,0,14
219000141,14,121,-107
219000142,17,108,-91
219000143,13,111,-98
219000145,9,42,-33
219000146,5,69,-64
219000147,1,66,-65
219000148,1,52,-51
219000149,22,223,-201
219000150,4,160,-156
219000151,3,103,-100
219000157,117,124,-7
219000158,84,240,-156
219000161,120,16,104
219000163,1761,368,1393
219000166,51,172,-121
219000167,90,243,-153
219000168,307,55,252
219000174,146,70,76
219000175,40,3,37
219000176,52,1,51
219000177,10,4,6
219000178,8,0,8
219000179,6,2,4
219000180,45,24,21
219000182,95,10,85
219000183,14,33,-19
219000184,24,2,22
219000185,0,124,-124
219000186,23,73,-50
219000187,10,159,-149
219000189,143,115,28
219000190,186,163,23
219000191,1734,778,956
219000192,141,101,40
219000193,545,149,396
219000195,0,53,-53
219000196,2,114,-112
219000198,19,163,-144
219000199,95,221,-126
219000200,50,204,-154
219000201,83,244,-161
219000203,21,125,-104
219000204,86,177,-91
219000205,40,222,-182
219000207,153,285,-132
219000209,12,109,-97
219000210,45,155,-110
219000213,7,281,-274
219000239,151,266,-115
219000240,198,338,-140
219000241,115,274,-159
219000242,40,266,-226
219000243,41,283,-242
219000244,7,94,-87
219000245,39,29,10
219000246,18,19,-1
219000247,46,18,28
219000248,404,207,197
219000249,96,41,55
219000250,199,73,126
219000251,459,137,322
219000252,106,140,-34
219000253,149,32,117
219000255,38,79,-41
219000256,65,48,17
219000257,63,0,63
219000262,60,290,-230
219000263,44,225,-181
219000267,5,163,-158
219000268,2,10,-8
219000269,3,0,3
219000270,5,0,5
219000271,40,2,38
219000278,0,18,-18
219000279,5,5,0
219000283,0,13,-13
219000295,14,97,-83
219000296,49,677,-628
219000297,29,184,-155
219000298,24,212,-188
219000299,337,40,297
219000300,18,355,-337
219000301,173,311,-138
219000302,17,215,-198
219000307,30,63,-33
219000308,34,30,4
219000311,96,39,57
219000312,305,44,261
219000313,186,21,165
219000314,88,652,-564
219000315,76,27,49
219000316,265,31,234
219000317,33,13,20
219000320,2,63,-61
219000321,0,12,-12
219000323,10,86,-76
219000325,0,62,-62
219000326,82,166,-84
219000327,50,39,11
219000328,25,59,-34
219000329,265,70,195
219000330,62,27,35
219000331,27,50,-23
219000332,59,50,9
219000333,4,2,2
219000335,43,5,38
219000337,13,1,12
219000338,39,2,37
219000344,29,71,-42
219000345,55,133,-78
219000346,24,178,-154
219000348,71,175,-104
219000349,34,299,-265
219000350,31,91,-60
219000351,7,7,0
219000352,211,54,157
219000353,79,47,32
219000354,102,153,-51
219000355,62,30,32
219000356,1776,427,1349
219000363,287,34,253
219000364,91,21,70
219000365,81,9,72
219000366,291,103,188
219000368,362,331,31
219000370,977,166,811
219000371,7,13,-6
219000382,1,10,-9
219000383,691,638,53
219000385,718,431,287
219000386,1273,1269,4
219000387,4,3,1
219000390,2,0,2
219000391,1,0,1
219000397,102,107,-5
219000398,98,25,73
219000401,3,91,-88
219000402,4,103,-99
219000403,65,165,-100
219000404,15,111,-96
219000407,0,25,-25
219000409,36,56,-20
219000410,43,35,8
219000411,36,7,29
219000446,207,367,-160
219000447,2,13,-11
219000448,9,7,2
219000452,67,49,18
219000453,66,89,-23
219000454,260,177,83
219000556,91,66,25
219000558,157,318,-161
219000590,14,214,-200
219000591,30,37,-7
219000592,118,394,-276
219000595,2,25,-23
219000635,40,19,21
219000636,11,93,-82
219000657,42,15,27
219000658,36,47,-11
219000673,1,7,-6
219000676,21,5,16
219000679,12,9,3
219000684,47,4,43
219000685,0,132,-132
219000686,1,2,-1
219000688,0,105,-105
219000689,44,170,-126
219000690,236,33,203
219000691,52,91,-39
219000692,214,22,192
219000693,0,27,-27
219000694,13,0,13
219000695,9,5,4
219000698,4,0,4
219000699,0,13,-13
219000727,5,200,-195
219000728,167,3,164
219000770,14,0,14
219000771,1,33,-32
219000788,20,21,-1
219001150,1,13,-12
219001151,0,8,-8
219001166,9,3,6
219001167,0,78,-78
220000001,16,41,-25
220000002,6,188,-182
220000003,284,274,10
220000004,672,687,-15
220000005,1875,1623,252
220000006,121,798,-677
220000007,173,872,-699
220000008,247,1201,-954
220000009,197,660,-463
220000010,148,134,14
220000011,648,2126,-1478
220000012,214,255,-41
220000014,46,64,-18
220000015,29,175,-146
220000017,43,444,-401
220000018,5960,1219,4741
220000019,58,220,-162
220000020,232,214,18
220000021,390,118,272
220000022,311,472,-161
220000023,224,139,85
220000024,1561,271,1290
220000025,1011,467,544
220000026,157,184,-27
220000027,25,87,-62
220000028,20,38,-18
220000029,87,165,-78
220000030,181,78,103
220000031,194,308,-114
220000064,17,1163,-1146
221000046,3,0,3
221000047,0,1,-1
221000048,0,1,-1
221000049,0,11,-11
221000050,12,0,12
221000055,44,40,4
221000057,45,7,38
221000068,350,101,249
221000069,356,42,314
221000070,192,19,173
221000071,40,13,27
221000072,146,10,136
221000073,175,81,94
221000074,0,31,-31
221000075,53,17,36
221000076,12,23,-11
221000077,37,85,-48
221000081,13,7,6
221000082,48,4,44
221000083,35,5,30
221000084,2,7,-5
221000085,19,48,-29
221000086,13,133,-120
221000087,7,193,-186
221000088,19,198,-179
221000089,20,243,-223
221000090,105,447,-342
221000098,94,16,78
221000099,97,10,87
221000100,44,6,38
221000101,184,9,175
221000102,108,18,90
221000109,4,72,-68
221000110,8,121,-113
221000111,15,140,-125
221000112,8,99,-91
221000113,18,170,-152
221000114,17,152,-135
221000120,10,33,-23
221000121,6,14,-8
221000122,13,15,-2
221000123,3,6,-3
221000124,36,320,-284
221000155,61,5,56
221000156,23,42,-19
221000175,1,3,-2
221000176,1,0,1
221000182,15,4,11
221000241,512,185,327
221000242,226,305,-79
221000243,284,102,182
221000244,205,324,-119
221000245,39,121,-82
221000246,19,238,-219
221000247,16,108,-92
221000248,46,145,-99
221000267,65,858,-793
221000325,69,51,18
221000331,0,84,-84
221000338,0,16,-16
221000378,104,23,81
221000381,71,69,2
222000282,3,0,3
222000296,3,26,-23
222000568,248,12,236
222000569,61,24,37
222000570,118,8,110
222000571,143,22,121
222000577,10,267,-257
222000578,15,250,-235
222000579,32,100,-68
222000580,120,983,-863
222000599,0,159,-159
222000600,2,316,-314
222000601,9,907,-898
222000603,19,12,7
222000604,13,45,-32
222000605,12,21,-9
222000606,1,7,-6
222000607,2,2,0
222000608,15,9,6
222000609,30,377,-347
222000616,68,42,26
222000617,22,13,9
222000618,5,2,3
222000620,103,8,95
222000621,103,10,93
222000623,467,8,459
222000624,264,2,262
222000625,325,41,284
222000636,38,4,34
222000686,21,12,9
222000687,53,38,15
222001066,274,3,271
222001067,3,6,-3
222001068,21,44,-23
222001069,19,86,-67
222001082,6,73,-67
222001083,8,81,-73
222001084,0,14,-14
222001085,1,204,-203
222001111,20,236,-216
222001112,30,39,-9
222001313,18,3,15
222001314,2,164,-162
222001464,52,50,2
222001465,22,105,-83
222001484,75,54,21
222001485,12,94,-82
222001494,153,134,19
222001495,134,487,-353
222001496,98,52,46
222001497,73,769,-696
222001502,23,112,-89
222001503,78,46,32
222001504,27,249,-222
222001505,165,13,152
222001506,55,248,-193
222001507,211,33,178
222001510,182,48,134
222001511,26,511,-485
222001514,647,118,529
222001515,179,761,-582
222001518,102,40,62
222001519,36,469,-433
222001527,137,52,85
222001528,67,198,-131
222001529,123,26,97
222001530,37,277,-240
222001533,117,449,-332
222001534,150,40,110
222001535,47,131,-84
222001536,92,484,-392
222001537,158,30,128
222001538,48,554,-506
222001563,241,88,153
222001564,55,995,-940
222001568,461,105,356
222001576,0,0,0
222001579,1,4,-3
222001583,16,279,-263
222001584,51,11,40
222001596,614,1795,-1181
222001597,1705,347,1358
222001626,1,239,-238
222001650,94,87,7
222001651,120,163,-43
222001914,246,71,175
222001915,68,226,-158
222900004,573,230,343
222900009,559,998,-439
222900019,139,276,-137
222900024,4,38,-34
222900025,1,34,-33
225000001,249,81,168
225000002,234,74,160
225000003,197,69,128
225000004,112,209,-97
225000005,14,40,-26
225000006,1,136,-135
225000007,2988,1096,1892
225000010,151,7,144
225000011,482,632,-150
225000012,89,346,-257
225000013,66,154,-88
225000014,547,74,473
225000015,115,226,-111
225000021,610,129,481
225000027,239,478,-239
225000032,516,109,407
225000042,51,720,-669
225000049,21,70,-49
225000050,32,7,25
225000053,4,215,-211
225000058,321,96,225
225000067,160,207,-47
225000068,93,550,-457
225000069,152,519,-367
225000070,59,508,-449
225000071,20,332,-312
225000075,24,820,-796
225000076,68,147,-79
225000078,40,19,21
225000085,17,71,-54
225000086,68,20,48
225000087,144,16,128
225000088,12,140,-128
225000089,434,619,-185
225000090,25,292,-267
225000091,72,249,-177
225000092,22,83,-61
225000093,117,398,-281
225000094,9,467,-458
225000095,256,584,-328
225000096,106,457,-351
225000098,261,93,168
225000099,138,58,80
225000100,112,86,26
225000104,41,405,-364
225000110,6,455,-449
225000111,161,1172,-1011
225000112,229,1109,-880
225000113,110,611,-501
225000114,40,268,-228
225000115,2560,551,2009
225000116,855,68,787
225000117,852,238,614
225000118,695,179,516
225000119,94,70,24
225000120,536,42,494
225000121,196,22,174
225000123,864,7,857
225000125,162,259,-97
225000126,768,178,590
225000127,924,395,529
225000128,266,320,-54
225000132,190,28,162
225000133,212,29,183
225000134,429,68,361
225000135,49,6,43
225000136,104,11,93
225000137,75,42,33
225000138,155,23,132
225000143,88,135,-47
225000144,1,366,-365
225000145,18,36,-18
225000146,22,124,-102
225000147,4,358,-354
225000148,3,314,-311
225000149,75,544,-469
225000151,23,305,-282
225000155,196,329,-133
225000156,157,663,-506
225000157,118,425,-307
225000158,39,410,-371
225000171,2,151,-149
225000180,16,0,16
225000181,0,43,-43
225000182,20,8,12
225000185,5,232,-227
225000187,53,362,-309
225000191,77,0,77
225000194,0,2,-2
225000208,0,46,-46
225000209,34,24,10
225000210,1,236,-235
225000217,0,8,-8
225000218,5,1,4
225000223,0,35,-35
225000224,35,0,35
225000225,0,7,-7
225000226,35,2,33
225000227,49,50,-1
225000228,8,3,5
225000229,0,80,-80
225000230,8,0,8
225000231,1,122,-121
225000232,58,1,57
225000241,23,1,22
225000242,0,29,-29
225000249,1,0,1
225000250,32,1049,-1017
225000251,274,23,251
225000254,0,1,-1
225000256,3,3,0
225000257,1,5,-4
226000042,418,437,-19
226000043,75,328,-253
226000044,140,702,-562
226000045,51,497,-446
226000046,330,60,270
226000047,215,53,162
226000048,252,41,211
226000049,175,109,66
226000070,0,51,-51
226000071,0,82,-82
226000072,0,10,-10
226000073,0,14,-14
226000074,1,7,-6
226000084,3,52,-49
226000085,2,6,-4
226000086,6,6,0
226000087,1,20,-19
226000088,85,17,68
226000090,122,28,94
226000091,7,6,1
226000092,1,1,0
226000093,70,1,69
226000094,12,0,12
226000095,8,0,8
226000105,10,0,10
226000106,4,0,4
226000107,2,0,2
226000108,17,0,17
226000109,39,0,39
226000124,89,46,43
226000134,303,354,-51
226000135,674,498,176
226000136,163,304,-141
226000137,6,421,-415
226000138,6,271,-265
226000139,0,16,-16
226000156,38,2,36
226000157,109,25,84
226000163,34,24,10
226000202,1,470,-469
226000231,123,6,117
226000232,51,5,46
227000033,249,38,211
227000036,124,20,104
227000037,76,17,59
227000038,103,34,69
227000084,2,54,-52
227000085,0,34,-34
227000088,41,3,38
227000089,63,1,62
227000090,26,0,26
227000091,5,0,5
227000092,30,1,29
227000093,34,0,34
227000094,1,0,1
227000130,27,82,-55
227000131,17,330,-313
227000132,23,283,-260
227000133,11,308,-297
227000134,11,381,-370
227000152,0,0,0
227000153,0,44,-44
227000154,0,38,-38
227000155,0,23,-23
227000156,0,15,-15
227000165,9,29,-20
227000196,101,373,-272
227000199,105,748,-643
227000230,30,537,-507
227000232,118,8,110
227000242,82,572,-490
227000243,367,54,313
227000245,20,388,-368
227000246,87,477,-390
227000247,151,72,79
227000248,48,8,40
227000249,17,243,-226
227000250,209,82,127
227000251,119,212,-93
227000252,20,418,-398
227000253,45,23,22
227000262,297,15,282
227000266,322,13,309
227000267,32,2403,-2371
227000282,5,317,-312
227000284,171,8,163
227000286,2,104,-102
227000291,17,653,-636
227000296,387,251,136
227000484,238,18,220
227000485,23,837,-814
227000655,63,13,50
227000656,480,19,461
227000657,22,10,12
227000704,69,11,58
229000265,3,7,-4
229000266,3,1,2
229000267,11,0,11
229000268,14,0,14
229000269,63,0,63
229000274,0,15,-15
229000275,0,19,-19
229000276,2,16,-14
229000277,0,2,-2
229000278,0,6,-6
229000295,14,34,-20
229000296,60,6,54
229000297,12,48,-36
229000298,6,192,-186
229000320,13,10,3
229000321,51,14,37
229000412,16,100,-84
229000414,13,86,-73
229000415,43,0,43
229000416,0,3,-3
229000417,2,8,-6
229000419,133,321,-188
229000440,247,108,139
229000442,14,13,1
229000443,1,4,-3
229000444,0,32,-32
229000445,17,4,13
229000446,60,28,32
229000491,2,40,-38
229000492,6,197,-191
229000493,13,144,-131
229000494,23,11,12
229000495,86,9,77
229000496,19,10,9
229000507,1,33,-32
229000508,1,26,-25
229000509,0,64,-64
229000510,1,28,-27
229000511,3,62,-59
229000512,0,38,-38
229000513,0,5,-5
229000514,0,4,-4
229000517,0,13,-13
229000518,4,50,-46
229000519,4,26,-22
229000520,5,46,-41
229000521,19,28,-9
229000522,2,17,-15
229000523,4,16,-12
229000524,3,4,-1
229000527,9,0,9
229000528,0,0,0
229000529,5,0,5
229000530,58,7,51
229000531,23,1,22
229000532,40,3,37
229000533,97,0,97
229000534,83,1,82
229000564,34,1,33
229000565,4,2,2
229000566,0,18,-18
229000567,0,86,-86
229000582,136,1,135
229000583,4,0,4
229000584,0,46,-46
229000585,7,74,-67
229000718,1,2,-1
229000719,0,4,-4
229000720,1,25,-24
229000721,0,11,-11
229000722,0,37,-37
229000723,0,26,-26
229000724,0,1,-1
229000725,1,7,-6
229000738,3,0,3
229000739,2,0,2
229000740,0,0,0
229000741,5,0,5
229000742,0,0,0
229000743,5,0,5
229000744,2,0,2
229000745,2,0,2
229000746,22,0,22
229000847,10,1,9
229000848,8,0,8
229000849,21,2,19
229000851,9,0,9
229000854,0,68,-68
229000856,5,174,-169
229000857,0,46,-46
229000858,0,146,-146
229000919,6,98,-92
229000930,7,152,-145
229000937,52,25,27
229000966,35,28,7
229000981,16,46,-30
229000985,9,32,-23
229000986,2,6,-4
229000987,0,0,0
229000988,0,52,-52
229000989,3,6,-3
229000990,0,3,-3
229000991,0,3,-3
229000992,6,16,-10
229000993,183,32,151
229000998,34,52,-18
229000999,47,15,32
229001034,0,32,-32
229001035,2,2,0
229001036,5,91,-86
229001037,40,3,37
229001038,0,2,-2
229001039,3,2,1
229001040,1,121,-120
229001041,70,0,70
229001042,7,28,-21
229001047,7,65,-58
229001050,30,11,19
229001168,0,11,-11
229001200,2,5,-3
229001338,20,33,-13
229001394,205,1,204
229001422,54,28,26
229001423,45,138,-93
229001431,29,26,3
229001432,39,62,-23
229001444,123,57,66
229001445,16,226,-210
229001479,9,5,4
229001503,103,83,20
229001504,91,235,-144
229001505,58,42,16
229001506,31,205,-174
229001509,29,3,26
229001510,5,64,-59
229001545,46,10,36
229001546,1,96,-95
229001553,25,13,12
229001554,3,113,-110
229001630,67,12,55
229001631,42,26,16
229001635,0,4,-4
229001636,0,0,0
229001658,2,64,-62
229001659,54,1,53
229001660,1,1,0
229001661,1,14,-13
229001662,35,0,35
229001663,0,25,-25
229002584,176,238,-62
229002831,263,163,100
229002841,5,29,-24
229002842,64,19,45
229002843,31,44,-13
229002844,40,70,-30
229002845,4,89,-85
229002846,7,11,-4
229002847,21,13,8
229002848,5,16,-11
229002849,0,74,-74
229002850,7,2,5
229002851,21,88,-67
229002852,34,21,13
229002853,38,20,18
229002854,18,51,-33
229002855,3,70,-67
229002856,26,32,-6
229002857,1,50,-49
229002858,0,11,-11
229002859,17,19,-2
229002860,44,44,0
229002861,15,11,4
229002862,8,114,-106
229002863,6,24,-18
229002864,1,62,-61
229002865,5,10,-5
229002866,19,29,-10
229002867,17,53,-36
229002868,15,17,-2
229002869,4,164,-160
229002870,6,12,-6
235000066,460,88,372
235000067,128,108,20
235000072,33,41,-8
235000073,62,266,-204
235000074,21,115,-94
235000080,14,88,-74
235000081,69,210,-141
235000082,44,82,-38
235000083,89,113,-24
235000084,30,75,-45
235000085,80,145,-65
235000089,23,38,-15
235000092,3,132,-129
235000093,2,2,0
235000097,7,4,3
235000098,34,5,29
235000099,22,38,-16
235000116,61,25,36
235000117,878,16,862
235000133,10,187,-177
235000134,7,82,-75
235000206,7,4,3
235000207,1,2,-1
235000208,3,1,2
235000209,3,0,3
235000210,5,1,4
235000212,4,19,-15
235000213,5,9,-4
235000220,0,5,-5
235000221,19,9,10
235000238,4,19,-15
235000239,0,1,-1
235000242,161,251,-90
235000245,896,205,691
235000246,17,48,-31
235000284,10,101,-91
235000295,91,5,86
235000305,52,13,39
235000306,32,0,32
235000307,13,3,10
235000308,46,2,44
235000309,22,0,22
235000310,44,0,44
235000311,18,9,9
235000322,1,23,-22
235000323,0,50,-50
235000324,2,18,-16
235000325,0,25,-25
235000326,11,382,-371
235000351,8,74,-66
235000352,19,52,-33
235000353,2,50,-48
235000354,7,56,-49
235000355,10,112,-102
235000356,18,26,-8
235000357,9,18,-9
235000358,37,15,22
235000359,1,8,-7
235000360,80,5,75
235000361,35,1,34
235000381,57,233,-176
235000382,88,62,26
235000390,16,3,13
235000391,75,26,49
235000392,48,168,-120
235000393,64,109,-45
235000395,69,14,55
235000396,218,71,147
235000400,119,48,71
235000401,19,198,-179
235000405,86,306,-220
235000406,40,294,-254
235000407,45,139,-94
235000409,181,186,-5
235000410,30,230,-200
235000411,4,88,-84
235000485,0,9,-9
235000486,3,0,3
235000549,34,103,-69
235000550,44,269,-225
235000599,49,95,-46
235000600,2,8,-6
235000601,31,64,-33
235000602,38,176,-138
235000614,0,0,0
235000648,0,21,-21
235000649,17,0,17
235000685,0,8,-8
235000815,4,21,-17
235000834,0,8,-8
235000855,29,70,-41
235000862,12,246,-234
235000891,1,8,-7
235000892,11,4,7
235000901,41,115,-74
235000907,4,13,-9
235001010,21,111,-90
235001029,664,374,290
235001030,372,188,184
235001078,81,83,-2
235001079,70,135,-65
235001147,46,54,-8
235001166,10,105,-95
235001167,6,84,-78
235001169,19,327,-308
235001188,0,10,-10
235001189,3,1,2
235001197,17,8,9
235001200,47,16,31
235001207,103,10,93
235001208,35,3,32
235001209,14,17,-3
235001210,56,159,-103
235001215,31,57,-26
235001239,1,42,-41
235001244,0,6,-6
235016267,0,17,-17
241900007,33,0,33
277101746,0,4,-4
277102712,0,0,0
277103813,0,0,0
277103898,0,2,-2
277104249,0,2,-2
277104250,0,5,-5
277104251,0,6,-6
277104252,0,0,0
990011530,0,242,-242
990014944,2,561,-559
990015176,14,0,14
990015618,0,84,-84
990016032,2,453,-451
990032570,3,96,-93
990070001,41,1,40
990070103,0,3,-3
990070601,0,75,-75
990070751,205,0,205
990070766,5,969,-964
990071180,304,175,129
990071343,26,1,25
990071387,0,8,-8
990071823,262,4,258
990072600,1,638,-637
990072964,3,720,-717
990073285,0,1,-1
990074393,2,1287,-1285
990074870,479,29,450
990075106,356,28,328
990075746,189,2,187
990076437,291,4,287
990076458,2,1363,-1361
997000007,137,0,137
997000041,2,135,-133
997000058,24,1,23
997000062,14,1,13
997000069,0,6,-6
997000070,1,62,-61
997000100,6,0,6
997000141,6,1953,-1947
997000198,2,593,-591
998000475,0,27,-27
998000736,3,350,-347
998000965,0,7,-7
998001031,0,70,-70
998001700,0,24,-24
998001899,0,2,-2
998001900,5,1,4
998003073,797,5,792
998101900,0,0,0
998102850,0,112,-112
998501927,524,405,119
998501929,79,4,75
998501930,73,1,72
998501931,43,4,39
998501932,4,1,3
998501933,27,1,26
998501937,4,0,4
998501944,15,0,15
998501950,0,0,0
998501970,42,12,30
998501971,0,66,-66
998501973,1,75,-74
998501974,1,333,-332
998501975,95,1,94
998501976,16,2,14
998501977,0,18,-18
998501978,20,0,20
998501979,1,14,-13
998501980,95,0,95
998501981,24,5,19
998501982,0,128,-128
998501983,0,0,0
998502006,0,0,0
998502024,0,0,0
998502032,0,1,-1
998502062,9,0,9
998502063,0,0,0
998502173,7,0,7
998502269,0,2,-2
998601159,0,332,-332
998601292,0,24,-24
999033574,1,313,-312
999800001,56,22,34
999800002,0,0,0
999800003,13,4,9
999800004,0,8,-8
999800005,0,3,-3
