ID,insum,outsum,diff
100000001,1080,1064,16
100000002,6011,8498,-2487
100000003,6287,9398,-3111
100000004,467,1845,-1378
100000005,3907,7431,-3524
100000006,885,505,380
100000007,3950,1275,2675
100000008,218,950,-732
100000009,786,782,4
100000010,51,208,-157
100000011,707,260,447
100000012,34,1867,-1833
100000013,29,519,-490
100000014,552,742,-190
100000015,1893,3407,-1514
100000016,628,2502,-1874
100000017,935,2335,-1400
100000018,1155,1578,-423
100000019,5987,4820,1167
100000020,2028,10599,-8571
100000021,9447,3337,6110
100000022,1336,6103,-4767
100000023,8469,2655,5814
100000025,481,2871,-2390
100000028,597,2581,-1984
100000029,72,856,-784
100000030,83,62,21
100000031,2643,8742,-6099
100000032,2562,6755,-4193
100000033,1697,6504,-4807
100000034,184,1843,-1659
100000035,1347,2854,-1507
100000036,1367,2524,-1157
100000037,915,729,186
100000038,3522,1980,1542
100000039,415,1074,-659
100000040,600,304,296
100000041,2224,913,1311
100000042,1624,710,914
100000043,1034,735,299
100000044,303,1104,-801
100000045,485,1110,-625
100000046,550,852,-302
100000047,259,619,-360
100000048,407,913,-506
100000049,2280,1420,860
100000051,685,602,83
100000053,174,13,161
100000054,534,58,476
100000055,896,416,480
100000056,650,1075,-425
100000057,2919,956,1963
100000058,1083,988,95
100000059,47,278,-231
100000060,791,487,304
100000061,2937,910,2027
100000062,2209,990,1219
100000063,1435,538,897
100000064,2121,971,1150
100000065,432,995,-563
100000066,275,737,-462
100000067,320,782,-462
100000068,507,1605,-1098
100000069,531,1246,-715
100000072,218,594,-376
100000073,1425,1128,297
100000075,1021,312,709
100000076,1885,7926,-6041
100000077,223,620,-397
100000078,31,63,-32
100000079,83,81,2
100000080,5,70,-65
100000081,63,288,-225
100000102,4469,8878,-4409
100000103,2158,3424,-1266
100000104,4874,3940,934
100000105,1750,3088,-1338
100000106,1422,5826,-4404
100000107,181,2353,-2172
100000108,426,1446,-1020
100000109,795,2050,-1255
100000116,551,1005,-454
100000117,146,306,-160
100000118,590,1572,-982
100000119,886,1344,-458
100000121,307,846,-539
100000122,702,3053,-2351
100000123,1603,3986,-2383
100000124,2852,4632,-1780
100000125,7566,3199,4367
100000126,563,1533,-970
100000127,1261,1041,220
100000128,851,4158,-3307
100000129,405,1109,-704
100000130,818,315,503
100000131,1300,2741,-1441
100000132,1287,2673,-1386
100000133,2215,1582,633
100000135,904,2018,-1114
100000139,246,701,-455
100000140,199,376,-177
100000142,777,808,-31
100000143,2069,503,1566
100000144,2827,776,2051
100000147,2011,5615,-3604
100000150,110,844,-734
100000151,790,3107,-2317
100000153,163,980,-817
100000154,31,992,-961
100000155,25,78,-53
100000156,373,423,-50
100000157,918,388,530
100000158,312,296,16
100000159,143,1554,-1411
100000165,763,824,-61
100000169,49,2434,-2385
100000174,242,1622,-1380
100000179,78,1083,-1005
100000180,972,9881,-8909
100000181,700,812,-112
100000188,97,695,-598
100000189,1307,1024,283
100000190,554,2556,-2002
100000191,922,1080,-158
100000192,32,139,-107
100000193,243,235,8
100000330,1065,1416,-351
100000355,301,1586,-1285
100000362,2877,1594,1283
100000363,9092,9750,-658
100000364,122,423,-301
100000365,8436,13573,-5137
100000366,2166,1797,369
100000367,6695,9761,-3066
100000368,2723,1227,1496
100000369,926,3805,-2879
100000370,259,1563,-1304
100000376,46,290,-244
100000379,1198,3420,-2222
100000380,4357,9710,-5353
100000384,6907,10627,-3720
100000385,1476,6493,-5017
100000386,2912,10750,-7838
100000387,3608,10373,-6765
100000388,2494,8813,-6319
100000389,4812,10960,-6148
100000390,4178,6976,-2798
100000391,3191,13966,-10775
100000392,1194,4282,-3088
100000393,986,8296,-7310
100000394,3139,9107,-5968
100000395,1794,7541,-5747
100000396,2286,3704,-1418
100000397,2579,10564,-7985
100000398,7890,5756,2134
100900002,25,16,9
100900003,609,360,249
100900004,24,1816,-1792
100900005,170,54,116
100900006,56,66,-10
100900007,242,13,229
100900008,5,637,-632
100900009,59,141,-82
100900010,105,56,49
100900011,233,141,92
100900012,0,51,-51
100900013,1426,15,1411
100900014,15,4,11
100900015,74,145,-71
100900016,3,28,-25
100900017,1714,111,1603
100900018,3,9,-6
100900019,92,129,-37
100900020,519,12,507
100900021,595,1,594
100900022,15,43,-28
100900023,0,49,-49
100900024,445,8,437
100900025,10,9,1
100900026,211,124,87
100900027,711,3949,-3238
100900028,143,624,-481
100900029,70,8,62
100900030,3,386,-383
100900031,1075,64,1011
100900032,588,1,587
100900033,230,688,-458
100900034,1536,6,1530
100900035,257,2,255
100900036,23,1,22
100900037,199,161,38
100900038,96,175,-79
100900039,281,298,-17
100900040,909,399,510
100900041,1523,302,1221
100900042,1041,2803,-1762
100900043,2,31,-29
100900044,1846,970,876
100900045,46,21,25
100900046,1684,14,1670
100900047,1041,295,746
100900048,166,50,116
100900049,83,80,3
100900050,10,23,-13
100900051,76,404,-328
100900052,383,47,336
100900053,1017,47,970
100900054,13,36,-23
100900055,311,1506,-1195
100900056,66,151,-85
100900057,3391,916,2475
100900058,194,178,16
100900059,243,7,236
100900060,309,5,304
100900061,212,212,0
100900062,17,75,-58
100900063,383,1367,-984
100900064,821,27,794
100900065,90,228,-138
100900066,222,219,3
100900067,29,7,22
100900068,234,292,-58
100900069,299,9,290
100900070,801,4,797
100900071,344,159,185
100900072,2,38,-36
100900073,199,369,-170
100900074,13,34,-21
100900075,2213,215,1998
100900076,7,33,-26
100900077,80,15,65
100900078,107,301,-194
100900079,3,40,-37
100900080,147,229,-82
100900081,48,209,-161
100900082,240,193,47
100900083,15,37,-22
100900085,14,721,-707
100900086,98,573,-475
100900088,294,137,157
100900089,4,19,-15
100900090,205,1436,-1231
100900091,17,10,7
100900092,150,185,-35
100900093,479,606,-127
100900094,265,147,118
100900095,17,77,-60
100900096,89,324,-235
100900097,0,3,-3
100900098,32,29,3
100900099,40,570,-530
100900100,21,888,-867
100900101,318,66,252
100900102,38,330,-292
100900103,6,46,-40
100900104,6,293,-287
100900105,43,805,-762
100900106,32,3,29
100900107,3338,1320,2018
100900108,8,92,-84
100900109,19,44,-25
100900110,2,26,-24
100900111,35,278,-243
100900112,6,30,-24
100900113,49,55,-6
100900114,16,29,-13
100900115,44,16,28
100900116,1648,733,915
100900117,266,1680,-1414
100900118,10,43,-33
100900119,9,24,-15
100900120,47,1,46
100900121,699,557,142
100900122,92,153,-61
100900123,188,96,92
100900124,3,10,-7
100900125,5,70,-65
100900126,526,125,401
100900127,7,7,0
100900128,102,641,-539
100900129,3,427,-424
100900131,46,244,-198
100900133,122,44,78
100900134,7,0,7
100900135,6,1350,-1344
100900137,387,338,49
100900138,350,570,-220
100900139,7,35,-28
100900140,23,241,-218
100900141,7,1077,-1070
100900142,0,17,-17
100900143,518,866,-348
100900144,23,8,15
100900145,110,587,-477
100900146,20,86,-66
100900147,19,1689,-1670
100900148,78,189,-111
100900149,15,569,-554
100900150,1,52,-51
100900151,142,593,-451
100900152,920,17,903
100900153,1,401,-400
100900154,3,171,-168
100900155,23,6,17
100900156,44,5,39
100900157,43,1407,-1364
100900159,4,63,-59
100900160,33,35,-2
100900161,91,11,80
100900162,32,749,-717
100900163,122,122,0
100900164,215,43,172
100900165,26,48,-22
100900166,181,2,179
100900167,25,74,-49
100900168,49,372,-323
100900169,49,1108,-1059
100900170,24,3,21
100900171,66,571,-505
100900172,1,79,-78
100900173,18,135,-117
100900174,66,29,37
100900176,2359,308,2051
100900177,535,533,2
100900178,240,395,-155
100900179,546,527,19
100900180,6,5,1
100900181,150,100,50
100900182,224,46,178
100900184,25,257,-232
100900186,619,332,287
100900187,36,56,-20
100900188,34,49,-15
100900189,4282,323,3959
100900191,709,1734,-1025
100900192,143,752,-609
100900195,156,333,-177
100900197,45,57,-12
100900198,31,106,-75
100900199,10,7,3
100900200,1411,481,930
100900201,200,1155,-955
100900202,63,0,63
100900203,2,281,-279
100900204,178,2354,-2176
100900205,267,829,-562
100900206,363,280,83
100900207,384,245,139
100900210,164,295,-131
100900211,906,223,683
100900213,374,66,308
100900214,724,224,500
100900215,61,47,14
100900217,124,307,-183
101000001,2085,2875,-790
101000002,9934,11930,-1996
101000003,433,1411,-978
101000004,8547,7810,737
101000005,5957,7894,-1937
101000006,7444,13683,-6239
101000007,4625,7027,-2402
101000008,1928,3835,-1907
101000009,3400,911,2489
101000010,1531,705,826
101000011,1793,447,1346
101000012,511,895,-384
101000013,809,1788,-979
101000014,452,544,-92
101000015,2527,1856,671
101000016,366,1194,-828
101000017,450,813,-363
101000018,1989,5879,-3890
101000020,3017,1066,1951
101000021,644,1308,-664
101000022,128,482,-354
101000023,1624,1485,139
101000025,480,800,-320
101000026,315,34,281
101000027,2278,5890,-3612
101000028,1409,624,785
101000029,119,1852,-1733
101000030,1058,269,789
101000031,226,1109,-883
101000032,2834,6368,-3534
101000033,2215,6625,-4410
101000034,1097,3092,-1995
101000035,722,464,258
101000036,912,2462,-1550
101000037,1404,4032,-2628
101000039,3246,4983,-1737
101000040,3637,8743,-5106
101000041,2594,8683,-6089
101000042,164,1510,-1346
101000043,4411,11315,-6904
101000045,342,1170,-828
101000046,1155,3832,-2677
101000047,1311,6556,-5245
101000048,849,533,316
101000049,1064,3981,-2917
101000050,1435,3296,-1861
101000051,1045,3960,-2915
101000052,1729,2522,-793
101000053,878,1952,-1074
101000054,2455,1105,1350
101000055,1369,2493,-1124
101000056,27,237,-210
101000057,956,2845,-1889
101000058,1174,2432,-1258
101000059,2980,3651,-671
101000060,2143,1755,388
101000061,554,2501,-1947
101000062,456,942,-486
101000063,336,2007,-1671
101000064,558,1406,-848
101000065,335,1100,-765
101000066,541,1711,-1170
101000067,439,1166,-727
101000068,108,627,-519
101000069,149,105,44
101000070,672,1239,-567
101000071,3195,1690,1505
101000072,1030,3913,-2883
101000073,696,1729,-1033
101000074,2812,5054,-2242
101000075,2132,5136,-3004
101000077,2333,2341,-8
101000078,937,1608,-671
101000079,1277,1431,-154
101000080,1268,1512,-244
101000081,2184,1899,285
101000082,2446,2470,-24
101000083,4711,2821,1890
101000084,1390,779,611
101000085,1852,1503,349
101000086,1229,1722,-493
101000087,1029,1272,-243
101000088,2717,1634,1083
101000089,1505,2422,-917
101000090,2157,1198,959
101000091,758,865,-107
101000092,3030,798,2232
101000093,2008,817,1191
101000094,1689,1278,411
101000095,770,746,24
101000096,891,397,494
101000097,498,1165,-667
101000098,499,929,-430
101000099,733,1961,-1228
101000100,923,1882,-959
101000101,344,803,-459
101000102,737,1329,-592
101000103,637,1284,-647
101000104,523,1409,-886
101000105,249,920,-671
101000106,374,1854,-1480
101000107,416,795,-379
101000108,663,178,485
101000109,845,221,624
101000110,55,191,-136
101000111,88,337,-249
101000113,184,1405,-1221
101000114,3641,12095,-8454
101000115,80,30,50
101000116,63,34,29
101000117,1593,294,1299
101000119,59,71,-12
101000120,117,177,-60
101000121,60,92,-32
101000122,128,157,-29
101000123,71,158,-87
101000124,828,651,177
101000125,128,232,-104
101000128,239,1409,-1170
101000130,235,323,-88
101000131,2071,402,1669
101000132,1500,1404,96
101000135,20,32,-12
101000136,191,334,-143
101000137,35,706,-671
101000141,744,5380,-4636
101000147,1587,449,1138
101000148,915,7,908
101000149,91,418,-327
101000150,138,295,-157
101000151,540,37,503
101000152,573,474,99
101000153,522,155,367
101000154,564,479,85
101000155,858,334,524
101000156,110,890,-780
101000157,113,76,37
101000160,34,20,14
101000163,166,761,-595
101000164,428,170,258
101000165,571,634,-63
101000166,299,335,-36
101000168,1353,631,722
101000252,3455,1305,2150
101000254,71,74,-3
101000258,83,9,74
101000261,99,110,-11
101000262,1523,6344,-4821
101000263,415,1991,-1576
101000265,111,1084,-973
101000266,552,704,-152
101000269,16,53,-37
101000290,503,4006,-3503
101000293,37,59,-22
101000294,874,850,24
101000295,327,287,40
101000301,358,700,-342
101000304,2636,4435,-1799
101000305,3337,1467,1870
101900001,19,49,-30
101900002,0,6,-6
101900003,39,186,-147
101900004,3,330,-327
101900005,1344,5225,-3881
101900006,2785,167,2618
101900007,897,263,634
101900008,53,331,-278
101900009,32,437,-405
101900010,614,1040,-426
101900011,130,1449,-1319
101900012,728,121,607
101900013,450,115,335
101900017,24,169,-145
101900018,805,486,319
101900019,43,218,-175
101900020,14,24,-10
101900021,3,150,-147
101900022,284,491,-207
101900023,338,137,201
101900026,214,63,151
101900027,24,153,-129
102000001,4902,9235,-4333
102000002,3393,2490,903
102000003,3009,9928,-6919
102000004,5562,3894,1668
102000005,1516,5266,-3750
102000006,914,2077,-1163
102000007,2917,7914,-4997
102000008,6634,1825,4809
102000009,10667,13258,-2591
102000010,4841,4005,836
102000011,6549,6441,108
102000012,4448,3500,948
102000018,3963,4152,-189
102000019,4104,2787,1317
102000026,482,609,-127
102000029,367,359,8
102000030,332,538,-206
102000031,140,166,-26
102000032,995,574,421
102000033,800,398,402
102000034,580,633,-53
102000035,3009,865,2144
102000036,33,398,-365
102000037,491,74,417
102000038,149,926,-777
102000039,100,383,-283
102000040,217,593,-376
102000041,87,1271,-1184
102000042,236,925,-689
102000043,75,707,-632
102000044,511,1533,-1022
102000045,812,1295,-483
102000046,2040,1158,882
102000047,1004,1229,-225
102000048,911,1131,-220
102000049,1322,1822,-500
102000050,1496,1681,-185
102000051,334,1302,-968
102000052,1567,1770,-203
102000053,1115,2190,-1075
102000054,1341,1377,-36
102000055,2290,347,1943
102000056,2310,333,1977
102000057,2259,651,1608
102000058,1518,995,523
102000059,1644,1696,-52
102000060,1284,1095,189
102000061,3084,1963,1121
102000062,2856,1246,1610
102000063,1638,1711,-73
102000064,684,813,-129
102000065,48,220,-172
102000066,938,1416,-478
102000067,5822,4401,1421
102000068,16715,4985,11730
102000069,228,4727,-4499
102000070,2065,83,1982
102000071,9345,13403,-4058
102000072,3468,5978,-2510
102000073,939,1349,-410
102000074,1068,2313,-1245
102000075,206,496,-290
102000076,430,285,145
102000077,1248,502,746
102000078,2069,339,1730
102000079,250,118,132
102000080,481,262,219
102000081,407,1299,-892
102000082,887,415,472
102000083,1395,296,1099
102000084,912,368,544
102000085,5093,1245,3848
102000086,2031,1193,838
102000087,1168,1843,-675
102000088,498,508,-10
102000089,2051,511,1540
102000090,408,1427,-1019
102000091,1780,921,859
102000092,434,820,-386
102000093,958,709,249
102000094,679,644,35
102000095,1073,1306,-233
102000096,582,784,-202
102000097,1238,692,546
102000098,467,970,-503
102000099,1014,1534,-520
102000100,239,2422,-2183
102000101,572,732,-160
102000102,1010,2065,-1055
102000103,4394,524,3870
102000104,1048,425,623
102000105,417,712,-295
102000106,1118,487,631
102000107,2892,302,2590
102000108,974,366,608
102000109,952,509,443
102000110,2237,774,1463
102000111,25,531,-506
102000112,230,205,25
102000113,50,54,-4
102000114,1152,391,761
102000115,436,435,1
102000116,288,867,-579
102000117,110,1328,-1218
102000118,1177,2393,-1216
102000119,1385,2230,-845
102000120,413,859,-446
102000121,1386,681,705
102000122,919,1491,-572
102000123,1478,1365,113
102000124,2167,2146,21
102000125,656,1002,-346
102000126,797,1145,-348
102000127,1698,733,965
102000128,1063,1261,-198
102000129,2113,565,1548
102000130,1069,1267,-198
102000131,1469,1241,228
102000132,555,1733,-1178
102000133,4769,1912,2857
102000134,1615,1101,514
102000135,1703,1078,625
102000136,2728,773,1955
102000137,511,2350,-1839
102000138,282,627,-345
102000139,117,1725,-1608
102000140,202,2796,-2594
102000141,279,3423,-3144
102000142,652,602,50
102000143,517,376,141
102000144,622,288,334
102000145,657,396,261
102000146,612,648,-36
102000147,701,519,182
102000148,465,799,-334
102000149,483,194,289
102000150,1103,118,985
102000151,186,148,38
102000152,354,154,200
102000153,1144,942,202
102000154,218,525,-307
102000155,45,963,-918
102000156,268,276,-8
102000157,47,1363,-1316
102000158,313,579,-266
102000159,2042,1515,527
102000161,2981,2972,9
102000162,165,292,-127
102000163,189,507,-318
102000164,1044,1005,39
102000165,245,242,3
102000166,48,193,-145
102000167,364,370,-6
102000168,367,280,87
102000169,152,889,-737
102000170,1037,299,738
102000171,115,419,-304
102000172,46,675,-629
102000173,690,555,135
102000174,161,119,42
102000175,159,117,42
102000176,96,29,67
102000178,306,406,-100
102000179,516,216,300
102000180,1704,386,1318
102000181,1387,345,1042
102000182,926,495,431
102000183,3104,1336,1768
102000184,2955,745,2210
102000185,4443,921,3522
102000186,2796,1251,1545
102000187,1849,2357,-508
102000188,1892,2006,-114
102000189,3071,853,2218
102000190,736,3328,-2592
102000191,1378,607,771
102000192,3043,2652,391
102000193,154,186,-32
102000194,61,230,-169
102000195,694,453,241
102000196,409,309,100
102000197,1292,225,1067
102000198,372,605,-233
102000199,1933,242,1691
102000200,504,625,-121
102000201,2130,522,1608
102000202,8,194,-186
102000203,835,180,655
102000204,974,744,230
102000205,2166,539,1627
102000206,901,521,380
102000207,983,585,398
102000208,636,736,-100
102000209,98,115,-17
102000210,894,520,374
102000211,734,259,475
102000212,694,25,669
102000213,7,141,-134
102000214,698,20,678
102000215,1,209,-208
102000216,139,154,-15
102000217,8,61,-53
102000218,372,353,19
102000219,267,144,123
102000225,337,733,-396
102000226,314,601,-287
102000227,243,3,240
102000228,1,159,-158
102000229,75,65,10
102000230,489,415,74
102000231,486,556,-70
102000232,72,300,-228
102000233,1241,585,656
102000234,155,1513,-1358
102000236,379,175,204
102000237,642,566,76
102000238,293,463,-170
102000240,513,1190,-677
102000241,866,186,680
102000243,21,45,-24
102000245,12,127,-115
102000246,10,100,-90
102000247,310,586,-276
102000248,421,1241,-820
102000249,329,122,207
102000250,128,258,-130
102000254,300,207,93
102000266,13,1480,-1467
102000271,38,0,38
102000286,560,392,168
102000297,3403,1778,1625
102000299,0,1,-1
102000301,0,0,0
102000303,0,0,0
102000305,0,0,0
102000307,0,6,-6
102000308,0,2,-2
102900001,1589,759,830
102900002,492,46,446
102900003,128,212,-84
102900005,624,279,345
102900006,818,80,738
102900007,935,18,917
102900008,538,35,503
102900009,407,792,-385
102900010,194,1608,-1414
102900011,1233,822,411
102900012,735,151,584
102900013,85,43,42
102900015,824,638,186
102900016,175,78,97
102900017,532,225,307
102900018,78,72,6
102900019,588,715,-127
102900020,324,26,298
102900021,109,51,58
102900022,183,109,74
102900023,36,69,-33
102900024,142,91,51
102900025,170,113,57
102900026,539,3083,-2544
102900027,124,98,26
102900028,374,1575,-1201
102900029,185,483,-298
102900030,561,488,73
102900031,491,156,335
102900032,199,96,103
102900033,241,213,28
102900034,1065,43,1022
102900035,300,316,-16
102900036,613,340,273
102900037,438,291,147
102900038,780,289,491
102900039,37,881,-844
102900040,363,321,42
102900041,173,147,26
102900042,520,182,338
102900043,455,149,306
102900044,839,1441,-602
102900045,275,423,-148
102900046,282,151,131
102900047,190,694,-504
102900048,822,296,526
102900049,106,477,-371
102900050,254,368,-114
102900051,261,233,28
102900052,73,145,-72
102900053,378,593,-215
102900054,397,2201,-1804
102900055,345,538,-193
102900056,114,448,-334
102900057,7,101,-94
102900058,698,88,610
102900059,50,42,8
102900060,159,428,-269
102900061,278,261,17
102900062,566,504,62
102900063,2601,381,2220
102900064,170,681,-511
102900065,1011,334,677
102900066,549,16,533
102900068,71,165,-94
102900070,300,1058,-758
102900072,14,52,-38
102900073,80,13,67
102900075,16,185,-169
102900076,101,241,-140
102900077,59,41,18
102900078,62,106,-44
102900079,286,4,282
102900080,715,35,680
102900081,123,264,-141
102900082,66,388,-322
102900083,209,39,170
102900084,13,107,-94
102900085,336,131,205
102900086,6,188,-182
102900087,221,286,-65
102900088,63,65,-2
102900089,244,207,37
102900090,4,302,-298
102900091,306,4,302
102900092,710,224,486
102900093,699,223,476
102900094,3,388,-385
102900095,157,0,157
102900096,45,3,42
102900097,600,308,292
103000001,2413,2725,-312
103000002,2921,3422,-501
103000003,3858,3458,400
103000004,914,900,14
103000005,2027,5146,-3119
103000006,1517,1852,-335
103000007,695,708,-13
103000008,1335,1111,224
103000009,2879,1587,1292
103000010,205,112,93
103000011,1368,1218,150
103000012,1628,2447,-819
103000013,2946,2494,452
103000014,1579,5225,-3646
103000015,2155,1111,1044
103000016,659,2381,-1722
103000017,452,853,-401
103000018,1354,292,1062
103000019,532,750,-218
103000020,1620,1475,145
103000021,2308,3004,-696
103000022,1039,1099,-60
103000023,1171,3363,-2192
103000024,117,112,5
103000025,246,1634,-1388
103000026,697,98,599
103000027,274,894,-620
103000028,366,322,44
103000029,123,323,-200
103000030,1833,2343,-510
103000031,1231,3877,-2646
103000032,2822,1852,970
103000033,3570,3722,-152
103000034,1264,1169,95
103000035,312,1663,-1351
103000036,244,441,-197
103000037,807,556,251
103000038,704,1478,-774
103000039,954,344,610
103000040,974,631,343
103000041,2955,1734,1221
103000042,2577,306,2271
103000043,1225,886,339
103000044,522,114,408
103000046,587,570,17
103000047,978,345,633
103000048,424,199,225
103000049,127,112,15
103000050,1057,272,785
103000051,910,485,425
103000052,953,242,711
103000053,355,413,-58
103000054,2928,1038,1890
103000055,2671,1584,1087
103000056,1078,1148,-70
103000057,2118,243,1875
103000058,1003,604,399
103000059,1204,644,560
103000060,1263,337,926
103000061,818,867,-49
103000062,1311,457,854
103000063,1558,1254,304
103000064,206,112,94
103000065,8,232,-224
103000066,397,12,385
103000069,606,168,438
103000070,1170,584,586
103000071,2436,848,1588
103000072,192,471,-279
103000073,1418,147,1271
103000074,1205,127,1078
103000075,186,713,-527
103000076,567,1233,-666
103000077,19,373,-354
103000078,1341,2184,-843
103000079,651,1272,-621
103000080,688,527,161
103000081,364,1442,-1078
103000082,670,242,428
103000083,157,671,-514
103000084,157,11,146
103000085,2,244,-242
103000086,566,842,-276
103000087,243,942,-699
103000088,282,431,-149
103000089,406,1200,-794
103000090,6596,1636,4960
103000091,2138,659,1479
103000092,464,299,165
103000093,394,704,-310
103000094,415,192,223
103000095,160,402,-242
103000096,839,77,762
103000097,99,794,-695
103000098,755,115,640
103000099,197,712,-515
103000100,234,457,-223
103000101,1963,117,1846
103000102,197,402,-205
103000103,1113,154,959
103000104,144,81,63
103000105,322,64,258
103000106,8,229,-221
103000107,270,158,112
103000108,2184,1284,900
103000109,1028,836,192
103000110,975,713,262
103000111,425,825,-400
103000112,410,708,-298
103000113,315,1501,-1186
103000114,1941,1446,495
103000115,1098,844,254
103000116,997,441,556
103000117,731,507,224
103000118,443,461,-18
103000119,1063,440,623
103000120,133,260,-127
103000121,157,327,-170
103000122,355,517,-162
103000125,67,118,-51
103000126,1141,1,1140
103000127,21,106,-85
103000128,304,5,299
103000129,31,154,-123
103000130,137,70,67
103000131,312,167,145
103000132,87,163,-76
103000133,42,199,-157
103000134,253,1432,-1179
103000135,782,256,526
103000136,585,755,-170
103000137,539,1009,-470
103000138,858,909,-51
103000139,3,118,-115
103000140,187,26,161
103000141,46,241,-195
103000142,81,174,-93
103000143,116,235,-119
103000144,181,163,18
103000145,29,1061,-1032
103000150,131,44,87
103000152,215,374,-159
103000153,361,341,20
103000156,46,126,-80
103000157,726,4,722
103000159,305,113,192
103000162,66,24,42
103000163,30,54,-24
103000164,4,17,-13
103000165,100,175,-75
103000166,472,630,-158
103000167,292,196,96
103000168,289,153,136
103000169,210,990,-780
103000170,1442,261,1181
103000171,35,138,-103
103000172,1229,172,1057
103000173,1423,195,1228
103000174,483,290,193
103000175,457,154,303
103000176,1202,1074,128
103000177,392,437,-45
103000178,108,331,-223
103000179,275,90,185
103000183,482,18,464
103000185,265,65,200
103000186,284,71,213
103000187,1547,165,1382
103000188,45,126,-81
103000189,970,708,262
103000191,734,708,26
103000292,626,2681,-2055
103000293,1473,4687,-3214
103000295,89,171,-82
103000296,184,8,176
103000297,19,444,-425
103000504,90,20,70
103000505,8,74,-66
103000506,2,85,-83
103000507,320,5,315
103000508,230,113,117
103000509,293,677,-384
103900001,1,46,-45
103900002,789,176,613
103900003,1273,478,795
103900004,222,1,221
103900005,12,68,-56
103900006,1,3,-2
103900007,124,5,119
103900008,24,1,23
103900009,695,337,358
103900010,503,214,289
103900011,780,111,669
103900012,16,47,-31
103900013,89,21,68
103900014,106,24,82
103900015,156,6,150
103900016,282,101,181
103900017,113,77,36
103900018,371,164,207
103900019,58,619,-561
103900020,527,617,-90
103900021,123,68,55
103900022,965,592,373
103900023,380,4,376
103900024,184,365,-181
103900025,13,23,-10
103900026,24,0,24
103900027,624,314,310
103900028,67,450,-383
103900029,1640,229,1411
103900030,619,267,352
103900031,132,4,128
103900032,192,131,61
103900033,74,48,26
103900034,70,36,34
103900035,109,39,70
103900036,83,46,37
103900037,187,83,104
103900038,109,324,-215
103900039,225,109,116
103900040,24,120,-96
103900041,127,48,79
103900042,176,85,91
103900043,455,83,372
103900044,67,941,-874
103900045,403,179,224
103900047,204,11,193
103900048,34,79,-45
103900049,142,2192,-2050
103900050,27,205,-178
103900051,1,63,-62
103900052,310,501,-191
103900053,483,163,320
103900054,329,192,137
103900055,718,205,513
103900056,109,50,59
103900057,200,55,145
103900058,675,222,453
103900059,0,83,-83
103900060,179,85,94
103900061,349,13,336
103900062,1201,359,842
103900063,3,0,3
103900064,342,25,317
103900065,332,389,-57
103900066,422,137,285
103900067,435,13,422
103900068,4,1,3
103900069,145,29,116
103900070,182,171,11
103900071,48,50,-2
103900072,59,85,-26
103900073,34,67,-33
103900074,113,29,84
103900075,550,61,489
103900076,1195,215,980
103900077,50,361,-311
103900078,512,85,427
103900079,267,188,79
103900080,6,38,-32
103900081,12,25,-13
103900082,75,190,-115
103900083,1364,2674,-1310
103900084,111,343,-232
103900085,92,121,-29
103900086,1822,484,1338
103900087,15,78,-63
103900088,422,729,-307
103900089,51,121,-70
103900090,2,84,-82
103900091,816,160,656
103900092,985,950,35
103900093,75,302,-227
103900094,44,57,-13
103900095,305,272,33
103900096,160,94,66
103900097,61,355,-294
103900098,537,162,375
103900099,364,38,326
103900100,629,133,496
103900101,222,994,-772
103900102,1,48,-47
103900104,4,26,-22
103900105,29,97,-68
103900106,0,207,-207
103900107,323,53,270
103900108,77,169,-92
103900109,307,24,283
103900110,465,71,394
103900111,238,184,54
103900112,104,227,-123
103900113,128,402,-274
103900114,842,279,563
103900115,221,339,-118
103900116,1827,3324,-1497
103900117,113,39,74
103900119,25,182,-157
103900120,157,52,105
103900122,358,76,282
103900123,465,936,-471
103900124,52,200,-148
103900125,197,54,143
103900126,977,168,809
103900127,305,218,87
103900128,235,56,179
103900131,59,73,-14
103900133,1322,27,1295
103900134,1,12,-11
103900135,4,0,4
103900137,0,6,-6
103900138,314,62,252
103900139,206,5133,-4927
103900140,2,365,-363
103900141,263,47,216
103900142,594,96,498
103900143,218,0,218
103900144,0,28,-28
103900145,257,224,33
103900146,290,159,131
103900147,713,151,562
103900148,587,179,408
103900149,592,177,415
103900150,4927,8680,-3753
103900151,12,161,-149
103900152,1624,172,1452
103900153,9,0,9
103900154,398,3624,-3226
103900155,68,68,0
103900156,142,37,105
103900157,154,59,95
103900158,244,32,212
103900159,428,22,406
103900160,112,38,74
103900161,98,194,-96
103900162,64,55,9
103900163,20,314,-294
103900167,9,205,-196
103900168,195,63,132
103900169,29,124,-95
103900170,1,103,-102
103900171,9,43,-34
103900172,7,4,3
103900173,29,30,-1
103900174,545,50,495
103900175,35,165,-130
103900176,7,37,-30
103900177,13,8,5
103900178,128,6,122
103900179,87,20,67
103900180,23,36,-13
103900181,17,47,-30
103900182,19,19,0
103900184,154,186,-32
103900185,69,928,-859
103900187,17,180,-163
103900188,128,70,58
103900189,145,8,137
103900190,165,69,96
103900191,43,91,-48
103900192,60,119,-59
103900193,83,123,-40
103900194,121,99,22
103900195,16,240,-224
103900196,81,90,-9
103900197,20,13,7
103900198,22,24,-2
103900199,215,115,100
103900200,404,69,335
103900201,96,201,-105
103900202,13,49,-36
103900203,55,87,-32
103900204,2,30,-28
103900207,0,37,-37
103900208,235,3,232
103900209,7,72,-65
103900210,62,38,24
103900211,979,123,856
103900212,402,189,213
103900213,54,342,-288
103900214,297,371,-74
103900215,184,465,-281
103900216,5,152,-147
103900217,439,86,353
103900218,2,420,-418
103900219,298,127,171
103900233,160,13,147
103900235,29,225,-196
103900236,14,21,-7
103900242,6,4,2
103900243,2,0,2
103900244,227,133,94
103900245,221,87,134
103900246,50,79,-29
103900247,21,82,-61
103900248,7,194,-187
103900249,17,122,-105
103900250,43,66,-23
103900251,11,52,-41
103900253,9,51,-42
103900254,15,54,-39
103900255,3,31,-28
103900256,30,36,-6
103900257,232,192,40
103900258,42,11,31
103900259,40,7,33
103900261,11,4,7
103900262,26,2,24
103900263,50,112,-62
103900264,40,32,8
103900265,20,3,17
103900266,3,123,-120
103900267,4,77,-73
103900268,26,17,9
103900269,171,11,160
103900270,117,81,36
103900271,128,67,61
103900272,39,25,14
103900273,33,1,32
103900274,209,7,202
103900275,105,28,77
103900276,8,11,-3
103900277,13,10,3
104000001,4096,2654,1442
104000002,2603,2242,361
104000003,3168,2862,306
104000004,2726,3043,-317
104000005,2828,2711,117
104000006,3642,2982,660
104000007,5224,4625,599
104000008,198,193,5
104000009,424,163,261
104000010,275,659,-384
104000011,364,235,129
104000012,155,220,-65
104000013,499,488,11
104000014,304,336,-32
104000015,593,239,354
104000016,431,304,127
104000018,1164,259,905
104000019,829,413,416
104000020,127,290,-163
104000021,384,284,100
104000022,283,369,-86
104000023,1739,531,1208
104000024,402,301,101
104000026,64,285,-221
104000027,399,230,169
104000028,547,328,219
104000029,377,282,95
104000030,462,341,121
104000031,1971,470,1501
104000032,236,153,83
104000033,1267,608,659
104000034,450,167,283
104000035,1630,444,1186
104000036,1616,454,1162
104000037,315,121,194
104000038,697,441,256
104000039,282,155,127
104000040,141,642,-501
104000041,783,531,252
104000042,204,232,-28
104000043,297,264,33
104000044,297,414,-117
104000045,979,622,357
104000046,802,978,-176
104000047,712,1202,-490
104000048,872,939,-67
104000049,1016,451,565
104000050,162,1234,-1072
104000051,393,676,-283
104000052,3009,2341,668
104000053,1509,591,918
104000054,858,202,656
104000055,3827,2664,1163
104000056,808,217,591
104000057,278,200,78
104000058,1198,857,341
104000059,899,1001,-102
104000060,1654,1614,40
104000061,1422,991,431
104000062,539,162,377
104000064,703,319,384
104000065,281,908,-627
104000069,655,2048,-1393
104000070,108,873,-765
104000071,208,416,-208
104000072,737,228,509
104000075,234,275,-41
104000076,630,87,543
104000082,3133,5132,-1999
104000083,641,232,409
104000084,123,399,-276
104000085,584,445,139
104000086,301,417,-116
104000087,415,2502,-2087
104000090,1634,893,741
104000092,2212,1042,1170
104000094,1186,830,356
104000095,4042,1591,2451
104000096,2810,111,2699
104000097,3396,559,2837
104000098,4895,607,4288
104000100,3578,869,2709
104000101,2216,1458,758
104000106,55,949,-894
104000107,881,280,601
104000108,303,306,-3
104000109,483,204,279
104000110,764,1248,-484
104000111,2802,4345,-1543
104000112,823,482,341
104000116,1,659,-658
104000117,378,373,5
104000118,1506,172,1334
104000119,1446,370,1076
104000120,492,338,154
104000121,420,575,-155
104000122,1373,896,477
104000123,1089,675,414
104000124,531,1450,-919
104000125,2677,6452,-3775
104000126,760,770,-10
104000127,1596,1397,199
104000128,678,226,452
104000129,584,18,566
104000130,18,386,-368
104000131,376,320,56
104000132,380,421,-41
104000133,1881,990,891
104000134,1342,2216,-874
104000135,868,2090,-1222
104000136,1023,3803,-2780
104000137,2722,414,2308
104000138,1501,537,964
104000139,3059,2962,97
104000141,1002,958,44
104000142,848,396,452
104000143,896,307,589
104000144,200,234,-34
104000145,607,303,304
104000146,176,522,-346
104000147,217,387,-170
104000148,556,294,262
104000149,231,143,88
104000150,1489,995,494
104000151,417,270,147
104000152,730,489,241
104000153,1055,861,194
104000154,775,347,428
104000155,770,924,-154
104000157,1643,1395,248
104000158,180,1215,-1035
104000159,1042,1122,-80
104000160,2429,3098,-669
104000161,345,230,115
104000162,99,194,-95
104000165,936,807,129
104000167,1025,2004,-979
104000168,1080,15,1065
104000169,246,55,191
104000170,245,519,-274
104000248,476,462,14
104000251,141,187,-46
104000272,0,0,0
104000273,0,0,0
104000274,0,0,0
104000275,0,0,0
104000279,609,469,140
104000290,103,327,-224
104000291,535,1437,-902
104000293,2046,1174,872
104000294,204,0,204
104000295,1005,902,103
104000296,853,746,107
104000297,1231,2311,-1080
104000298,2459,1202,1257
104000299,1133,1362,-229
104900001,173,241,-68
104900002,140,349,-209
104900003,76,264,-188
104900004,164,132,32
104900005,758,508,250
104900006,920,119,801
104900007,539,271,268
104900009,189,154,35
104900010,115,49,66
104900011,72,75,-3
104900012,372,80,292
104900013,109,32,77
104900014,2019,408,1611
104900015,162,9,153
104900016,329,196,133
104900017,227,207,20
104900018,24,166,-142
104900019,244,8062,-7818
104900020,46,382,-336
104900021,3,46,-43
104900022,6,254,-248
104900023,0,30,-30
104900024,27,309,-282
104900025,142,159,-17
104900026,0,71,-71
104900027,1022,512,510
104900028,11,152,-141
104900029,22,48,-26
104900030,724,226,498
104900031,40,327,-287
104900032,133,44,89
104900033,348,287,61
104900034,632,186,446
104900035,701,303,398
104900036,453,56,397
104900037,303,193,110
104900038,270,1774,-1504
104900039,391,561,-170
104900040,821,110,711
104900041,598,188,410
104900042,241,345,-104
104900043,38,394,-356
104900044,1416,206,1210
104900045,580,94,486
104900046,885,106,779
104900047,762,141,621
104900048,551,97,454
104900049,85,67,18
104900050,570,59,511
104900051,447,48,399
104900052,272,11,261
104900053,682,103,579
104900054,330,32,298
104900055,348,6,342
104900056,386,28,358
104900057,84,1,83
104900058,544,1067,-523
104900059,188,63,125
104900060,0,531,-531
104900061,174,326,-152
104900063,0,385,-385
104900064,0,138,-138
104900065,3,507,-504
104900066,1,69,-68
104900067,6,401,-395
104900068,136,193,-57
104900070,163,255,-92
104900071,3,452,-449
104900072,111,229,-118
104900073,142,56,86
104900074,143,132,11
104900075,94,14,80
104900076,254,151,103
104900077,563,457,106
104900078,338,219,119
104900079,165,1371,-1206
104900080,200,416,-216
104900082,18,332,-314
104900085,11,156,-145
104900087,578,11,567
104900089,553,1,552
104900090,1977,1238,739
104900091,766,647,119
104900093,208,389,-181
104900097,1536,4666,-3130
104900098,497,45,452
104900099,100,1141,-1041
104900100,435,244,191
104900102,75,106,-31
104900103,414,46,368
104900104,2035,2878,-843
104900106,334,126,208
104900107,107,124,-17
104900108,101,191,-90
104900109,155,152,3
104900110,30,76,-46
104900111,668,165,503
104900112,508,328,180
104900113,1322,210,1112
104900114,938,372,566
104900115,1293,189,1104
104900116,834,113,721
104900118,54,59,-5
104900119,4,198,-194
104900120,19,937,-918
104900121,0,28,-28
104900122,27,46,-19
104900123,139,33,106
104900124,86,1,85
104900125,631,10,621
104900126,44,29,15
104900127,32,83,-51
104900128,145,107,38
104900129,1215,3987,-2772
105000001,3879,1677,2202
105000002,3456,2093,1363
105000003,3821,4845,-1024
105000004,1210,775,435
105000005,2122,1576,546
105000006,1927,2554,-627
105000007,2198,3217,-1019
105000008,1341,6161,-4820
105000009,4717,5246,-529
105000010,3366,1225,2141
105000011,4678,5245,-567
105000012,2884,2447,437
105000013,1772,2230,-458
105000014,4071,5823,-1752
105000015,11615,18294,-6679
105000016,1287,1446,-159
105000017,1688,838,850
105000018,1142,2819,-1677
105000019,1194,1679,-485
105000020,129,753,-624
105000021,289,274,15
105000022,211,259,-48
105000023,904,269,635
105000028,45,103,-58
105000029,792,2408,-1616
105000030,3618,2777,841
105000033,1310,1932,-622
105000034,180,1994,-1814
105000037,706,216,490
105000038,1823,2388,-565
105000039,1749,1395,354
105000040,1306,2309,-1003
105000041,431,1371,-940
105000042,2825,2701,124
105000043,991,2392,-1401
105000044,985,688,297
105000045,297,381,-84
105000046,1686,400,1286
105000047,747,506,241
105000048,1093,271,822
105000049,319,581,-262
105000050,1132,590,542
105000051,283,330,-47
105000052,975,1319,-344
105000053,74,110,-36
105000054,570,1108,-538
105000055,1141,538,603
105000056,2491,1756,735
105000057,1932,597,1335
105000058,1856,954,902
105000059,1205,652,553
105000060,597,499,98
105000061,1772,699,1073
105000062,817,536,281
105000063,465,320,145
105000064,3233,888,2345
105000065,460,463,-3
105000066,1160,1234,-74
105000067,2335,1384,951
105000068,378,880,-502
105000069,1521,3811,-2290
105000070,483,1564,-1081
105000071,296,2435,-2139
105000072,1537,6274,-4737
105000073,1464,1008,456
105000074,660,477,183
105000075,787,578,209
105000076,1216,974,242
105000077,2347,1071,1276
105000078,1254,1982,-728
105000079,1117,3292,-2175
105000080,2649,2298,351
105000081,1625,1396,229
105000082,880,2513,-1633
105000083,2564,4902,-2338
105000084,749,711,38
105000085,3058,3162,-104
105000086,877,1197,-320
105000087,1802,2414,-612
105000088,1971,2775,-804
105000089,2732,1974,758
105000090,824,735,89
105000091,1143,1462,-319
105000092,675,1435,-760
105000093,453,584,-131
105000094,363,276,87
105000095,142,925,-783
105000096,1490,2423,-933
105000097,801,913,-112
105000098,1503,1340,163
105000099,839,1096,-257
105000100,2630,1478,1152
105000101,2945,4943,-1998
105000102,2186,4176,-1990
105000103,1706,7296,-5590
105000104,3255,1804,1451
105000105,1425,1585,-160
105000106,1872,1170,702
105000107,2702,891,1811
105000108,2869,1296,1573
105000109,3194,1246,1948
105000110,1461,539,922
105000111,2078,436,1642
105000112,1670,713,957
105000113,814,862,-48
105000114,2047,1819,228
105000115,431,2095,-1664
105000116,1796,854,942
105000117,1001,545,456
105000118,1414,499,915
105000119,626,521,105
105000120,2139,683,1456
105000121,1023,612,411
105000122,626,876,-250
105000123,915,691,224
105000124,3268,737,2531
105000125,1284,1000,284
105000126,3112,1573,1539
105000127,3778,1586,2192
105000128,1108,1337,-229
105000129,1941,297,1644
105000130,269,4936,-4667
105000131,507,227,280
105000132,2099,1093,1006
105000133,685,709,-24
105000134,1819,711,1108
105000135,452,491,-39
105000136,208,229,-21
105000137,1223,235,988
105000138,272,226,46
105000139,1204,572,632
105000140,848,486,362
105000141,517,399,118
105000142,420,453,-33
105000143,278,498,-220
105000144,325,446,-121
105000145,1100,238,862
105000146,475,664,-189
105000147,899,403,496
105000148,1148,790,358
105000149,4190,3367,823
105000150,1812,1131,681
105000151,926,585,341
105000152,281,505,-224
105000153,1090,802,288
105000154,907,560,347
105000155,428,1009,-581
105000156,524,684,-160
105000157,806,1539,-733
105000158,2824,1085,1739
105000159,435,844,-409
105000160,5017,1076,3941
105000161,1082,1367,-285
105000162,1095,3727,-2632
105000163,1300,1095,205
105000164,186,353,-167
105000165,835,11953,-11118
105000166,5108,2001,3107
105000167,1474,4340,-2866
105000168,694,407,287
105000169,1248,152,1096
105000170,523,1452,-929
105000171,1599,239,1360
105000172,273,31,242
105000173,506,50,456
105000174,177,40,137
105000175,174,106,68
105000176,1007,115,892
105000177,655,346,309
105000178,513,418,95
105000179,1643,205,1438
105000180,423,105,318
105000181,340,172,168
105000182,89,31,58
105000183,2749,4109,-1360
105000184,721,1512,-791
105000185,959,1659,-700
105000186,679,759,-80
105000187,1138,380,758
105000188,221,446,-225
105000189,103,797,-694
105000190,382,392,-10
105000191,509,342,167
105000192,524,104,420
105000193,83,332,-249
105000194,981,146,835
105000195,501,1162,-661
105000196,79,286,-207
105000197,288,711,-423
105000198,614,296,318
105000199,109,487,-378
105000200,171,583,-412
105000201,115,72,43
105000203,15,150,-135
105000204,148,68,80
105000205,196,236,-40
105000207,252,144,108
105000208,204,986,-782
105000209,247,157,90
105000212,1530,579,951
105000213,111,372,-261
105000214,195,237,-42
105000215,515,187,328
105000216,264,127,137
105000217,321,161,160
105000218,2816,1167,1649
105000221,245,307,-62
105000222,387,228,159
105000223,537,194,343
105000226,189,138,51
105000227,114,114,0
105000228,138,2935,-2797
105000229,257,917,-660
105000231,794,363,431
105000233,1119,1007,112
105000234,738,961,-223
105000235,576,767,-191
105000237,1705,142,1563
105000243,102,147,-45
105000248,56,105,-49
105000262,655,593,62
105000269,227,213,14
105000270,808,32,776
105000271,1,186,-185
105000282,70,71,-1
105000287,330,425,-95
105000288,1117,649,468
105000289,1184,2548,-1364
105000290,22,20,2
105000402,2630,5381,-2751
105000426,263,678,-415
105000438,1590,1432,158
105000446,15053,5356,9697
105000447,2979,2022,957
105000454,1168,272,896
105000455,263,168,95
105000474,105,0,105
105000477,1090,751,339
105000478,3649,7666,-4017
105000479,217,183,34
105000480,6718,10352,-3634
105000481,5727,6473,-746
105000482,2952,4482,-1530
105000483,2689,4596,-1907
105000484,1742,2282,-540
105000485,1704,4734,-3030
105000486,2278,2654,-376
105000488,4043,2522,1521
105000489,1738,946,792
105000549,78,157,-79
105000550,406,1312,-906
105000551,39,87,-48
105000552,2692,1294,1398
105900001,9,2972,-2963
105900002,919,1593,-674
105900003,24,136,-112
105900004,244,107,137
105900005,24,237,-213
105900006,14,198,-184
105900007,100,68,32
105900008,164,316,-152
105900009,32,31,1
105900011,222,94,128
105900012,777,162,615
105900013,7,62,-55
105900014,13,74,-61
105900015,150,1187,-1037
105900016,1083,547,536
105900017,2357,41,2316
105900018,257,183,74
105900019,118,433,-315
105900020,100,116,-16
105900021,65,1902,-1837
105900022,376,142,234
105900023,15,327,-312
105900024,15,1047,-1032
105900025,403,13,390
105900026,308,23,285
105900027,21152,6537,14615
105900028,319,639,-320
105900029,3018,493,2525
105900030,323,316,7
105900031,476,245,231
105900032,159,174,-15
105900033,56,116,-60
105900034,489,187,302
105900035,415,147,268
105900036,233,224,9
105900037,148,34,114
105900038,329,244,85
105900039,210,75,135
105900040,182,78,104
105900041,330,144,186
105900042,128,182,-54
105900043,1745,82,1663
105900044,6,386,-380
105900045,13,1557,-1544
105900046,14,310,-296
105900047,40,89,-49
105900048,163,436,-273
105900050,3800,11719,-7919
105900051,125,1310,-1185
105900052,1330,208,1122
105900053,2998,5042,-2044
105900054,210,633,-423
105900056,789,736,53
105900057,35,292,-257
105900058,41,26,15
105900059,1,107,-106
106000001,2723,2788,-65
106000002,1083,3887,-2804
106000003,4007,4946,-939
106000004,1596,2488,-892
106000005,5202,5353,-151
106000006,5191,1917,3274
106000007,664,593,71
106000008,518,393,125
106000009,707,426,281
106000010,556,625,-69
106000011,2389,1514,875
106000012,1375,1016,359
106000013,2643,2323,320
106000014,2145,1286,859
106000015,3284,1623,1661
106000016,1829,1735,94
106000017,642,1057,-415
106000018,787,598,189
106000019,610,645,-35
106000020,528,371,157
106000021,447,529,-82
106000022,606,184,422
106000023,988,421,567
106000024,863,485,378
106000025,230,242,-12
106000026,64,187,-123
106000027,2670,1970,700
106000028,925,309,616
106000029,883,730,153
106000030,272,751,-479
106000034,151,374,-223
106000035,1073,2530,-1457
106000036,219,411,-192
106000037,1357,1290,67
106000038,106,220,-114
106000039,33,223,-190
106000040,104,1003,-899
106000041,834,641,193
106000043,674,281,393
106000046,371,109,262
106000047,79,843,-764
106000049,1593,278,1315
106000050,313,406,-93
106000051,1337,739,598
106000052,114,309,-195
106000053,750,115,635
106000054,386,244,142
106000055,1261,813,448
106000056,295,237,58
106000057,648,260,388
106000058,250,123,127
106000059,608,389,219
106000060,304,298,6
106000061,241,896,-655
106000062,212,345,-133
106000063,1323,955,368
106000064,28,239,-211
106000065,687,240,447
106000066,156,222,-66
106000067,658,111,547
106000068,148,498,-350
106000069,458,80,378
106000070,457,471,-14
106000071,1076,293,783
106000072,3101,1882,1219
106000073,1467,5487,-4020
106000074,996,867,129
106000075,423,1413,-990
106000076,1866,1772,94
106000077,2771,1075,1696
106000078,1947,689,1258
106000079,1242,650,592
106000080,1882,402,1480
106000081,1209,904,305
106000082,2067,579,1488
106000083,598,1331,-733
106000084,1125,606,519
106000085,1773,1623,150
106000086,649,759,-110
106000087,1054,427,627
106000088,483,698,-215
106000089,1306,315,991
106000090,527,702,-175
106000091,307,391,-84
106000092,1330,295,1035
106000093,580,146,434
106000094,135,319,-184
106000095,1728,650,1078
106000096,1417,558,859
106000097,1961,742,1219
106000098,1240,790,450
106000099,259,2043,-1784
106000100,1915,301,1614
106000101,1090,1237,-147
106000102,173,2469,-2296
106000103,274,1058,-784
106000104,1296,401,895
106000105,663,645,18
106000106,1215,313,902
106000107,180,150,30
106000108,582,210,372
106000109,348,144,204
106000110,537,205,332
106000111,221,174,47
106000112,427,983,-556
106000113,1040,571,469
106000114,648,1112,-464
106000115,337,315,22
106000116,475,284,191
106000117,1237,574,663
106000118,2035,1748,287
106000119,1125,602,523
106000120,1612,2256,-644
106000121,524,208,316
106000122,279,121,158
106000123,1117,92,1025
106000124,172,104,68
106000125,73,154,-81
106000126,677,68,609
106000127,1751,587,1164
106000128,1285,122,1163
106000129,944,426,518
106000130,1512,310,1202
106000131,156,861,-705
106000132,726,170,556
106000133,3223,2016,1207
106000134,604,3842,-3238
106000135,179,602,-423
106000136,793,1511,-718
106000137,102,872,-770
106000138,2640,92,2548
106000139,77,66,11
106000140,60,48,12
106000141,272,74,198
106000142,177,57,120
106000143,44,58,-14
106000144,21,100,-79
106000145,588,167,421
106000146,635,148,487
106000147,468,320,148
106000148,526,571,-45
106000149,1058,404,654
106000150,1051,2489,-1438
106000151,3433,899,2534
106000152,1210,3347,-2137
106000153,67,2642,-2575
106000154,1679,171,1508
106000155,193,309,-116
106000156,2278,166,2112
106000157,1003,1724,-721
106000158,1972,1019,953
106000159,2665,2817,-152
106000160,729,5275,-4546
106000161,1086,270,816
106000162,550,1977,-1427
106000163,624,283,341
106000164,1184,277,907
106000165,457,368,89
106000166,1636,310,1326
106000167,605,768,-163
106000168,1272,237,1035
106000169,507,324,183
106000170,1621,234,1387
106000171,284,964,-680
106000172,3724,1570,2154
106000173,1231,2841,-1610
106000174,1722,398,1324
106000175,311,560,-249
106000176,3201,1131,2070
106000177,1259,1993,-734
106000178,3784,1798,1986
106000179,843,1422,-579
106000180,1041,746,295
106000181,1710,1600,110
106000182,2768,691,2077
106000183,2763,553,2210
106000184,2457,712,1745
106000185,2076,1741,335
106000186,744,92,652
106000187,125,1212,-1087
106000188,1,2,-1
106000189,27,59,-32
106000190,43,2,41
106000191,856,119,737
106000192,3,18,-15
106000193,577,194,383
106000194,163,586,-423
106000195,668,354,314
106000196,138,870,-732
106000197,968,396,572
106000198,395,182,213
106000199,1027,1584,-557
106000200,378,447,-69
106000201,588,6565,-5977
106000202,2675,578,2097
106000203,78,221,-143
106000204,137,16,121
106000205,19,133,-114
106000206,149,28,121
106000207,21,354,-333
106000208,2304,256,2048
106000209,2547,642,1905
106000210,355,736,-381
106000211,263,1593,-1330
106000212,1424,810,614
106000213,245,1318,-1073
106000214,1382,577,805
106000215,446,452,-6
106000216,699,445,254
106000217,292,363,-71
106000218,399,359,40
106000219,158,192,-34
106000220,723,326,397
106000221,464,98,366
106000222,146,76,70
106000223,659,128,531
106000224,471,84,387
106000225,135,210,-75
106000226,85,140,-55
106000228,157,122,35
106000229,96,606,-510
106000231,1635,142,1493
106000232,96,247,-151
106000233,803,163,640
106000234,75,387,-312
106000235,462,245,217
106000236,78,317,-239
106000237,1,35,-34
106000238,7,37,-30
106000239,1,131,-130
106000240,43,9,34
106000241,32,498,-466
106000242,396,29,367
106000249,84,41,43
106000250,115,751,-636
106000251,182,18,164
106000252,27,112,-85
106000253,130,96,34
106000254,144,40,104
106000255,54,232,-178
106000256,61,37,24
106000257,178,230,-52
106000258,227,55,172
106000259,5,118,-113
106000260,48,18,30
106000261,7,65,-58
106000262,119,10,109
106000263,39,56,-17
106000264,287,27,260
106000265,4,147,-143
106000266,148,27,121
106000267,6,129,-123
106000268,355,55,300
106000269,47,64,-17
106000270,92,324,-232
106000271,167,151,16
106000272,216,81,135
106000273,30,230,-200
106000274,180,39,141
106000275,332,268,64
106000276,97,27,70
106000277,168,248,-80
106000278,156,46,110
106000279,19,31,-12
106000280,210,40,170
106000281,144,54,90
106000282,108,70,38
106000283,193,63,130
106000284,246,125,121
106000285,174,54,120
106000286,199,169,30
106000287,166,74,92
106000288,147,133,14
106000289,146,115,31
106000290,137,60,77
106000291,153,106,47
106000292,97,81,16
106000293,134,94,40
106000294,143,55,88
106000295,43,70,-27
106000296,46,83,-37
106000297,52,303,-251
106000298,91,127,-36
106000299,96,123,-27
106000300,35,101,-66
106000301,61,117,-56
106000303,68,78,-10
106000304,65,20,45
106000305,125,42,83
106000306,82,53,29
106000307,196,31,165
106000308,51,145,-94
106000309,24,83,-59
106000310,406,257,149
106000311,639,200,439
106000312,211,92,119
106000313,474,177,297
106000318,55,587,-532
106000319,1878,414,1464
106000320,3,96,-93
106000321,192,253,-61
106000322,367,50,317
106000324,47,70,-23
106000325,2907,1068,1839
106000326,1444,1422,22
106000327,417,78,339
106000328,65,100,-35
106000329,180,351,-171
106000330,88,156,-68
106000428,105,168,-63
106000429,220,319,-99
106000430,490,1131,-641
106000431,3128,532,2596
106000432,1087,2522,-1435
106000433,2950,1524,1426
106000434,4704,1655,3049
106000435,1166,2521,-1355
106000436,30,205,-175
106000437,653,118,535
106000438,352,422,-70
106000439,46,632,-586
106000440,232,1320,-1088
106000441,2,1,1
106000442,279,11,268
106000443,397,154,243
106000450,4,82,-78
106000451,21,152,-131
106000454,5,104,-99
106000455,14,148,-134
106000456,120,54,66
106000457,57,393,-336
106000458,1637,62,1575
106000459,496,105,391
106000460,2849,19,2830
106000461,319,344,-25
106000462,6,70,-64
106000463,6,7,-1
106000464,6,180,-174
106000465,1209,5,1204
106000466,16,246,-230
106000467,138,210,-72
106000468,165,159,6
106000469,74,0,74
106000470,252,2915,-2663
106000471,13,406,-393
106000472,201,22,179
106000473,41,13,28
106000474,364,389,-25
106000475,428,119,309
106000476,108,347,-239
106000477,29,35,-6
106900001,0,25,-25
106900002,6,177,-171
106900003,203,4051,-3848
106900004,3,15,-12
106900006,0,9,-9
106900007,0,20,-20
106900008,887,82,805
106900009,643,206,437
106900010,465,224,241
106900012,1074,3726,-2652
106900013,824,247,577
106900014,83,7,76
106900015,21,2,19
106900016,612,26,586
106900017,28,1,27
106900018,11,0,11
106900019,198,0,198
106900020,5071,3117,1954
106900021,167,210,-43
106900022,1558,4,1554
106900023,24,168,-144
106900024,943,98,845
106900025,61,1310,-1249
106900026,1,156,-155
106900027,1417,3,1414
107000001,3869,7730,-3861
107000002,1866,2955,-1089
107000003,10386,8693,1693
107000004,5076,2388,2688
107000005,11038,8713,2325
107000006,4212,2052,2160
107000007,7995,12630,-4635
107000008,6551,4194,2357
107000009,13687,11067,2620
107000010,7756,5612,2144
107000011,912,927,-15
107000012,2817,1994,823
107000013,161,52,109
107000014,119,140,-21
107000015,808,522,286
107000016,1311,444,867
107000017,1355,8449,-7094
107000018,21,6969,-6948
107000020,1306,7316,-6010
107000021,1729,556,1173
107000022,1299,3937,-2638
107000023,2440,211,2229
107000024,1227,2029,-802
107000025,314,375,-61
107000026,770,428,342
107000027,2238,1152,1086
107000028,2051,594,1457
107000029,5871,4569,1302
107000030,2982,1928,1054
107000031,7536,3496,4040
107000032,442,701,-259
107000033,3044,4710,-1666
107000034,7448,1365,6083
107000035,579,350,229
107000036,1802,1897,-95
107000037,140,1063,-923
107000038,364,211,153
107000039,1575,1266,309
107000040,483,291,192
107000041,1754,1211,543
107000042,685,2542,-1857
107000043,2146,1239,907
107000044,427,646,-219
107000045,109,345,-236
107000046,1355,564,791
107000047,794,797,-3
107000048,805,419,386
107000049,799,748,51
107000050,1419,748,671
107000051,236,375,-139
107000052,1361,1711,-350
107000053,438,527,-89
107000054,55,159,-104
107000055,262,108,154
107000056,641,614,27
107000057,1848,212,1636
107000058,2492,3324,-832
107000059,2485,2689,-204
107000060,7161,6693,468
107000061,5129,2540,2589
107000062,8700,4038,4662
107000063,5133,3052,2081
107000064,7968,4721,3247
107000065,4258,3781,477
107000066,2588,5027,-2439
107000067,1910,2191,-281
107000068,1307,1702,-395
107000069,1636,1002,634
107000070,1690,113,1577
107000071,5579,84,5495
107000072,26,1462,-1436
107000073,1619,852,767
107000074,130,710,-580
107000075,3240,679,2561
107000076,437,944,-507
107000077,5766,1685,4081
107000078,1261,1914,-653
107000079,4271,1511,2760
107000080,829,2054,-1225
107000081,4521,797,3724
107000082,1008,649,359
107000083,2309,977,1332
107000084,374,917,-543
107000085,4098,4234,-136
107000086,3920,2965,955
107000087,4778,3416,1362
107000088,3697,3478,219
107000089,2714,3194,-480
107000090,1765,881,884
107000091,2559,1405,1154
107000092,1351,879,472
107000093,2097,1310,787
107000094,1182,870,312
107000095,1504,774,730
107000096,757,709,48
107000097,900,425,475
107000098,379,543,-164
107000099,645,555,90
107000100,296,449,-153
107000101,181,363,-182
107000102,185,308,-123
107000103,431,260,171
107000104,215,268,-53
107000105,511,193,318
107000106,199,231,-32
107000107,927,134,793
107000108,146,349,-203
107000109,1332,198,1134
107000110,75,363,-288
107000111,679,44,635
107000112,44,133,-89
107000113,1044,96,948
107000114,104,339,-235
107000115,1281,521,760
107000116,119,573,-454
107000117,154,1973,-1819
107000118,58,105,-47
107000119,1923,2190,-267
107000120,1048,860,188
107000121,1586,697,889
107000122,1332,627,705
107000123,742,620,122
107000124,770,451,319
107000125,2041,574,1467
107000126,2026,276,1750
107000129,329,390,-61
107000130,1141,286,855
107000131,540,433,107
107000132,790,378,412
107000133,611,258,353
107000134,391,3,388
107000135,4,513,-509
107000136,812,8,804
107000137,7,1000,-993
107000138,265,46,219
107000139,51,1218,-1167
107000140,2523,114,2409
107000141,130,1019,-889
107000142,792,138,654
107000143,92,662,-570
107000144,793,939,-146
107000145,232,364,-132
107000146,270,433,-163
107000147,5221,960,4261
107000150,638,5550,-4912
107000151,37,74,-37
107000152,962,3095,-2133
107000153,68,326,-258
107000154,18,468,-450
107000155,1612,16,1596
107000156,2253,29,2224
107000157,149,513,-364
107000158,1555,14,1541
107000159,54,418,-364
107000160,2505,260,2245
107000161,91,422,-331
107000162,530,1199,-669
107000163,261,45,216
107000164,1422,2,1420
107000165,2513,24,2489
107000166,14,339,-325
107000167,1471,321,1150
107000168,1347,818,529
107000169,556,476,80
107000170,4993,1065,3928
107000171,926,1035,-109
107000172,2198,2449,-251
107000173,722,566,156
107000174,1640,9296,-7656
107000175,4580,1037,3543
107000176,0,1,-1
107000177,5,0,5
107000178,21,4,17
107000179,524,1048,-524
107000180,2979,195,2784
107000181,653,750,-97
107000182,3105,557,2548
107000183,368,560,-192
107000184,2212,574,1638
107000185,543,1089,-546
107000186,1845,454,1391
107000187,1573,1368,205
107000188,866,626,240
107000189,959,932,27
107000190,1161,656,505
107000191,1194,1007,187
107000192,2445,672,1773
107000193,605,788,-183
107000194,908,642,266
107000197,1562,334,1228
107000198,502,510,-8
107000199,1800,879,921
107000200,914,955,-41
107000201,779,713,66
107000202,457,619,-162
107000203,951,2208,-1257
107000204,822,2706,-1884
107000205,1448,903,545
107000206,635,2437,-1802
107000207,661,1997,-1336
107000208,703,902,-199
107000209,931,1605,-674
107000210,204,225,-21
107000211,1,64,-63
107000212,19,316,-297
107000213,10,31,-21
107000214,28,93,-65
107000215,846,212,634
107000216,902,521,381
107000217,299,128,171
107000219,170,437,-267
107000220,331,89,242
107000222,352,493,-141
107000224,1533,123,1410
107000225,194,294,-100
107000226,1207,161,1046
107000227,157,132,25
107000228,653,596,57
107000229,92,139,-47
107000230,1207,504,703
107000231,591,2454,-1863
107000232,173,30,143
107000233,375,1341,-966
107000234,2,125,-123
107000235,188,25,163
107000236,9,561,-552
107000237,27,0,27
107000238,33,4,29
107000239,4563,806,3757
107000240,108,708,-600
107000241,56,10,46
107000242,347,26,321
107000243,0,41,-41
107000244,2,95,-93
107000246,1,1056,-1055
107000249,3,1115,-1112
107000251,1,361,-360
107000252,2,537,-535
107000255,269,250,19
107000257,2,560,-558
107000258,12,214,-202
107000259,7,175,-168
107000260,2858,35,2823
107000262,11,248,-237
107000263,774,4,770
107000266,15,28,-13
107000267,91,68,23
107000268,106,75,31
107000269,84,1,83
107000270,232,58,174
107000271,21,0,21
107000272,120,0,120
107000273,12,629,-617
107000274,1095,1671,-576
107000275,61,5787,-5726
107000280,2053,47,2006
107000281,46,315,-269
107000282,87,389,-302
107000290,64,94,-30
107000291,19,23,-4
107000292,5,823,-818
107000293,16,21,-5
107000294,1,51,-50
107000295,73,9,64
107000296,0,16,-16
107000444,417,4,413
107000496,4,3,1
107000497,1562,1225,337
107000500,716,387,329
107000501,184,206,-22
107000502,224,371,-147
107000505,309,771,-462
107000506,0,2,-2
107000508,0,169,-169
107000509,256,1056,-800
107000510,135,78,57
107000514,59,641,-582
107000515,14,70,-56
107000516,737,527,210
107000518,2324,3939,-1615
107000519,1565,754,811
107000520,183,83,100
107000521,496,217,279
107000522,658,358,300
107900001,148,85,63
107900002,113,13,100
107900003,380,8,372
107900004,229,3,226
107900005,3274,5,3269
107900006,329,7,322
107900007,784,66,718
107900008,72,9,63
107900009,193,32,161
107900010,117,5,112
107900012,532,146,386
107900013,308,23,285
107900014,145,14,131
107900015,2445,26,2419
107900016,584,147,437
107900017,79,1,78
107900018,123,389,-266
107900019,39,10,29
107900020,64,44,20
107900021,332,43,289
107900023,3,1,2
107900024,0,7,-7
107900025,369,145,224
107900026,160,17,143
107900027,19,123,-104
107900028,304,53,251
107900030,319,70,249
107900031,100,109,-9
107900032,25,13,12
107900033,34,12,22
107900034,392,24,368
107900035,2479,103,2376
107900036,120,64,56
107900037,0,7,-7
107900038,68,420,-352
107900039,99,28,71
107900040,33,514,-481
107900041,2,5,-3
107900043,101,150,-49
107900044,42,47,-5
107900045,207,90,117
107900046,467,322,145
107900047,97,15,82
107900048,403,47,356
107900049,419,1679,-1260
107900050,43,178,-135
107900051,89,61,28
107900052,26,74,-48
107900053,133,87,46
107900055,808,373,435
107900056,187,148,39
107900057,24,0,24
107900058,34,426,-392
107900060,12,48,-36
107900061,6,42,-36
107900063,117,156,-39
107900064,281,497,-216
107900065,628,21,607
107900066,42,14,28
107900067,0,0,0
107900068,152,1517,-1365
107900069,19,4251,-4232
107900070,290,203,87
107900071,33,340,-307
107900072,307,80,227
107900073,237,73,164
107900074,217,468,-251
107900076,248,54,194
107900077,185,9,176
107900078,263,85,178
107900079,45,37,8
107900080,189,1281,-1092
107900081,150,55,95
107900082,8,10,-2
107900083,620,187,433
107900084,253,192,61
107900086,73,401,-328
107900087,183,139,44
107900088,177,42,135
107900089,308,1070,-762
107900090,907,3733,-2826
107900091,156,113,43
107900092,1493,214,1279
107900093,122,56,66
107900094,0,0,0
107900095,1606,2227,-621
107900097,71,117,-46
107900098,103,286,-183
107900100,1188,2105,-917
107900101,411,92,319
107900102,71,4,67
107900103,58,174,-116
107900104,413,10,403
107900105,0,139,-139
107900106,2,486,-484
107900107,1285,537,748
107900108,132,102,30
107900109,2999,87,2912
107900110,129,30,99
107900111,12,230,-218
107900112,113,718,-605
107900113,348,67,281
107900114,458,59,399
107900115,2,10,-8
107900116,343,62,281
107900117,347,86,261
107900118,76,93,-17
107900119,162,414,-252
107900120,80,70,10
107900121,4,182,-178
107900122,1,241,-240
107900123,34,117,-83
107900124,18,50,-32
107900125,32,275,-243
107900126,45,82,-37
107900127,486,414,72
107900128,102,106,-4
107900129,172,16,156
107900130,179,17,162
107900131,142,925,-783
107900132,157,213,-56
107900133,0,30,-30
107900134,69,188,-119
107900135,7,107,-100
107900136,20,52,-32
107900137,211,116,95
107900138,120,27,93
107900139,142,55,87
107900140,95,28,67
107900141,20,58,-38
107900142,45,503,-458
107900143,43,8,35
107900144,0,120,-120
107900145,15,54,-39
107900146,55,166,-111
107900147,97,55,42
107900148,228,83,145
107900149,448,125,323
107900150,76,268,-192
107900151,61,36,25
107900152,17,144,-127
107900153,117,512,-395
107900154,88,32,56
107900155,117,48,69
107900156,15,69,-54
107900157,40,68,-28
107900158,1715,41,1674
107900159,36,332,-296
107900160,303,117,186
107900161,84,48,36
107900162,2,135,-133
107900163,20,139,-119
107900164,24,40,-16
107900165,30,298,-268
107900166,62,71,-9
107900167,25,74,-49
107900168,91,23,68
107900169,2,117,-115
107900171,1,278,-277
107900172,1,150,-149
107900173,59,53,6
107900174,263,8,255
107900175,91,83,8
107900176,76,13,63
107900177,3,247,-244
107900178,0,73,-73
107900179,52,93,-41
107900180,364,1626,-1262
107900181,317,254,63
107900182,0,408,-408
107900183,132,63,69
107900184,215,99,116
107900185,306,13,293
107900186,34,48,-14
107900187,1,242,-241
107900188,331,132,199
107900189,26,114,-88
107900190,34,203,-169
107900191,106,92,14
107900193,6,117,-111
107900194,314,21,293
107900195,600,236,364
107900196,116,25,91
107900197,237,496,-259
107900199,1,507,-506
107900201,102,53,49
107900203,34,40,-6
107900204,202,200,2
107900205,228,364,-136
107900206,664,727,-63
107900207,0,217,-217
107900208,33,210,-177
107900209,215,204,11
107900210,42,44,-2
107900213,409,482,-73
107900214,22,37,-15
107900215,158,558,-400
107900216,44,41,3
107900217,59,91,-32
107900218,45,2716,-2671
107900219,62,36,26
107900220,82,237,-155
107900221,109,172,-63
107900223,218,143,75
107900224,83,579,-496
107900225,25,417,-392
107900226,32,72,-40
107900227,129,250,-121
107900228,55,101,-46
107900229,0,90,-90
107900230,30,14,16
107900231,72,90,-18
107900232,245,65,180
107900233,15,44,-29
107900234,235,150,85
107900235,22,125,-103
107900236,426,56,370
107900237,21,188,-167
107900238,63,35,28
107900239,319,677,-358
107900240,112,54,58
107900241,4,37,-33
107900242,57,56,1
107900243,1,57,-56
107900244,544,1,543
107900245,1157,57,1100
107900246,455,18,437
107900248,1214,139,1075
107900249,1573,130,1443
107900250,10,226,-216
107900251,43,725,-682
107900252,1386,58,1328
107900253,393,17,376
107900254,91,312,-221
107900255,206,129,77
107900256,721,2013,-1292
107900257,620,205,415
107900258,235,73,162
107900259,72,4509,-4437
107900261,6,144,-138
107900262,33,33,0
107900264,930,56,874
107900265,317,163,154
107900267,471,5,466
107900268,18,8,10
107900269,0,2,-2
107900270,1,1,0
107900271,4,60,-56
107900272,22,64,-42
107900273,115,77,38
107900274,269,0,269
107900275,54,2,52
107900276,0,80,-80
107900277,0,113,-113
107900278,608,148,460
107900279,90,101,-11
107900280,3149,1743,1406
107900281,714,7914,-7200
107900282,31,1323,-1292
107900283,893,1297,-404
107900284,894,292,602
107900285,240,24,216
107900286,63,45,18
107900287,509,172,337
107900290,0,557,-557
107900291,836,33,803
107900292,176,60,116
107900293,132,169,-37
107900295,90,22,68
107900297,5,357,-352
107900298,679,381,298
107900299,2007,4008,-2001
107900300,145,480,-335
107900301,1084,1124,-40
107900302,153,60,93
107900303,359,240,119
107900304,794,103,691
107900305,584,19,565
107900306,0,78,-78
107900307,17,216,-199
107900308,280,256,24
107900309,96,1,95
107900310,85,14,71
107900311,9,774,-765
107900312,63,0,63
107900313,4,292,-288
107900314,0,116,-116
107900315,3,86,-83
107900316,46,16,30
107900317,132,8,124
107900318,9,232,-223
107900319,19,66,-47
107900320,2,80,-78
107900321,223,10,213
107900322,42,42,0
107900323,10,83,-73
107900324,132,2,130
107900325,116,0,116
107900326,999,137,862
107900327,3,225,-222
107900328,39,0,39
107900329,129,310,-181
107900330,12,80,-68
107900331,570,11,559
107900332,700,13,687
107900333,90,38,52
107900334,24,60,-36
107900335,39,47,-8
107900336,25,87,-62
107900337,652,1573,-921
107900338,5,91,-86
107900339,0,8,-8
107900340,0,84,-84
107900341,87,1,86
107900342,202,124,78
107900343,64,7,57
107900344,10,45,-35
107900345,104,20,84
107900346,26,0,26
107900347,11,2,9
107900348,7,3,4
107900349,36,5,31
107900350,17,200,-183
108000001,5283,4990,293
108000002,2286,1552,734
108000003,3885,4782,-897
108000004,11915,11562,353
108000005,10058,7685,2373
108000006,4705,5057,-352
108000007,6552,5816,736
108000008,4049,4442,-393
108000009,6925,6573,352
108000010,3198,3547,-349
108000011,16238,14678,1560
108000012,10765,10460,305
108000014,890,1919,-1029
108000015,1180,216,964
108000016,444,695,-251
108000017,1670,367,1303
108000018,2704,901,1803
108000019,1472,1394,78
108000020,1634,511,1123
108000021,335,1642,-1307
108000022,417,980,-563
108000023,2327,368,1959
108000024,457,267,190
108000025,659,274,385
108000026,1053,258,795
108000027,1297,235,1062
108000028,1061,158,903
108000029,1224,373,851
108000030,722,208,514
108000031,281,577,-296
108000032,3064,751,2313
108000033,832,718,114
108000034,2629,794,1835
108000035,817,1393,-576
108000036,439,835,-396
108000037,3132,419,2713
108000038,4961,609,4352
108000039,618,1282,-664
108000040,3134,1219,1915
108000041,619,1951,-1332
108000042,682,164,518
108000043,236,167,69
108000044,1143,124,1019
108000045,396,190,206
108000046,2434,605,1829
108000047,622,638,-16
108000048,179,241,-62
108000049,1410,271,1139
108000050,116,336,-220
108000051,511,293,218
108000052,210,398,-188
108000053,551,471,80
108000054,431,1201,-770
108000055,1597,1099,498
108000056,589,1466,-877
108000057,783,2016,-1233
108000058,2684,6471,-3787
108000059,2259,1502,757
108000060,362,854,-492
108000061,146,188,-42
108000062,1612,852,760
108000063,576,359,217
108000064,488,277,211
108000065,728,411,317
108000066,1958,1031,927
108000067,2931,1109,1822
108000068,1379,575,804
108000069,214,624,-410
108000070,3062,918,2144
108000071,617,1066,-449
108000072,2373,1118,1255
108000073,1091,1065,26
108000074,1046,523,523
108000075,379,456,-77
108000076,1342,585,757
108000077,642,420,222
108000078,3641,1145,2496
108000079,676,802,-126
108000080,2599,646,1953
108000081,819,814,5
108000082,679,1305,-626
108000083,2613,1171,1442
108000084,438,707,-269
108000085,1679,700,979
108000086,546,393,153
108000087,255,3549,-3294
108000088,359,6,353
108000089,647,446,201
108000090,742,173,569
108000091,291,382,-91
108000092,324,72,252
108000093,418,380,38
108000094,1235,108,1127
108000095,357,268,89
108000096,700,181,519
108000097,306,294,12
108000098,3038,1215,1823
108000099,303,144,159
108000100,95,310,-215
108000101,2025,1942,83
108000102,1999,4731,-2732
108000106,1203,6,1197
108000107,3,1053,-1050
108000108,992,96,896
108000109,11,682,-671
108000110,551,323,228
108000111,269,460,-191
108000112,79,238,-159
108000113,374,171,203
108000115,403,416,-13
108000117,611,578,33
108000118,53,440,-387
108000119,579,268,311
108000120,209,1276,-1067
108000121,305,323,-18
108000122,1064,576,488
108000123,1074,262,812
108000124,580,595,-15
108000125,1099,130,969
108000126,332,296,36
108000127,932,227,705
108000128,1110,238,872
108000129,763,448,315
108000130,874,251,623
108000131,1024,602,422
108000132,783,934,-151
108000133,1764,600,1164
108000134,661,352,309
108000135,1772,925,847
108000136,339,580,-241
108000137,807,202,605
108000138,940,631,309
108000139,833,267,566
108000140,507,18,489
108000141,73,41,32
108000142,97,36,61
108000143,76,17,59
108000144,217,22,195
108000145,71,4,67
108000146,256,7,249
108000147,47,11,36
108000148,205,29,176
108000149,26,3,23
108000150,96,34,62
108000151,17,20,-3
108000152,171,272,-101
108000153,1020,150,870
108000154,51,7,44
108000155,64,47,17
108000156,414,237,177
108000157,245,2328,-2083
108000158,116,1429,-1313
108000159,239,361,-122
108000160,1758,1464,294
108000161,1910,6408,-4498
108000165,5,596,-591
108000172,7,461,-454
108000173,780,2949,-2169
108000175,636,135,501
108000178,368,354,14
108000179,228,1363,-1135
108000181,146,36,110
108000182,99,19,80
108000183,8,21,-13
108000184,772,4534,-3762
108000185,505,215,290
108000186,370,49,321
108000187,224,171,53
108000188,1321,137,1184
108000189,495,2609,-2114
108000190,40,121,-81
108000192,498,211,287
108000193,630,42,588
108000194,50,20,30
108000195,2,656,-654
108000196,368,156,212
108000198,864,52,812
108000199,3,537,-534
108000200,858,170,688
108000202,3,615,-612
108000203,331,225,106
108000204,257,94,163
108000205,103,193,-90
108000339,1082,484,598
108000364,90,283,-193
108000365,99,344,-245
108000367,220,176,44
108000368,17,67,-50
108000369,363,132,231
108000371,3,596,-593
108000372,1162,4,1158
108000373,235,204,31
108000376,255,34,221
108000377,943,109,834
108000378,11579,17095,-5516
108000379,80,176,-96
108000381,216,14,202
108000382,121,0,121
108000383,2,255,-253
108900001,27,369,-342
108900002,326,129,197
108900003,199,520,-321
108900004,74,597,-523
108900005,98,603,-505
108900006,1203,249,954
108900007,504,141,363
108900008,265,105,160
108900009,193,139,54
108900010,616,150,466
108900011,1288,331,957
108900012,687,313,374
108900013,216,227,-11
108900014,54,140,-86
108900015,2,403,-401
108900016,3,237,-234
108900017,189,563,-374
108900018,221,413,-192
108900019,43,246,-203
108900020,63,142,-79
108900021,195,167,28
108900022,166,15,151
108900023,12,63,-51
108900024,137,36,101
108900025,369,75,294
108900026,22,72,-50
108900027,0,18,-18
108900028,184,91,93
108900029,151,224,-73
108900030,0,15,-15
108900031,222,157,65
108900032,7,133,-126
108900033,0,185,-185
108900034,0,50,-50
108900035,370,368,2
108900036,164,221,-57
108900037,91,117,-26
108900038,2,162,-160
108900039,0,80,-80
108900040,22,48,-26
108900041,3581,4410,-829
108900042,3,393,-390
108900043,58,311,-253
108900044,1,131,-130
108900045,146,123,23
108900046,11,187,-176
108900047,0,294,-294
108900048,137,257,-120
108900049,1370,3293,-1923
108900050,1,75,-74
108900051,0,111,-111
108900052,35,112,-77
108900053,92,598,-506
108900054,64,130,-66
108900055,53,427,-374
108900056,3,56,-53
108900057,0,35,-35
108900058,61,125,-64
108900059,1125,70,1055
108900060,155,257,-102
108900061,76,24,52
108900062,6,160,-154
108900063,30,123,-93
108900064,443,11,432
108900065,14,112,-98
108900066,728,189,539
108900067,8,171,-163
108900068,7,55,-48
108900069,124,14,110
108900070,50,68,-18
108900071,196,88,108
108900072,1903,507,1396
108900073,30,87,-57
108900074,502,59,443
108900075,21,12,9
108900076,818,85,733
108900077,71,179,-108
108900078,84,47,37
108900079,382,166,216
108900080,14,1619,-1605
108900081,57,220,-163
108900082,211,30,181
108900083,26,486,-460
108900084,186,132,54
108900085,1274,182,1092
108900086,262,73,189
108900087,66,168,-102
108900088,1234,487,747
108900089,45,275,-230
108900090,132,59,73
108900091,160,45,115
108900092,923,357,566
108900093,169,169,0
108900094,395,166,229
108900095,407,179,228
108900096,253,19,234
108900097,403,101,302
108900098,1256,1625,-369
108900099,708,91,617
108900100,93,142,-49
108900101,326,544,-218
108900102,60,2095,-2035
108900103,128,202,-74
108900104,91,337,-246
108900105,7,2807,-2800
108900106,693,136,557
108900108,555,49,506
108900109,237,62,175
108900110,346,150,196
108900111,775,228,547
108900112,553,32,521
108900113,38,127,-89
108900114,44,13,31
108900115,278,148,130
108900116,169,6,163
108900117,344,14,330
108900118,1149,41,1108
108900119,546,35,511
108900120,332,261,71
108900121,402,180,222
108900122,334,35,299
108900123,256,189,67
108900124,1285,401,884
108900125,998,18,980
108900126,255,81,174
108900127,404,19,385
108900128,370,103,267
108900129,1774,236,1538
108900130,777,7,770
108900131,710,17,693
108900132,920,55,865
108900133,489,78,411
108900134,1124,165,959
108900135,458,16,442
108900136,66,0,66
108900137,300,1,299
108900138,1586,135,1451
108900139,937,78,859
108900140,877,78,799
108900141,876,12,864
108900142,159,1,158
108900143,184,3,181
108900144,212,1,211
108900145,519,27,492
108900146,167,0,167
108900147,542,0,542
108900148,67,34,33
108900149,511,279,232
108900150,413,14,399
108900151,85,22,63
108900152,302,21,281
108900153,346,96,250
108900154,7265,485,6780
108900155,449,81,368
108900156,135,16,119
108900157,18,360,-342
108900158,929,126,803
108900159,12,60,-48
108900160,33,137,-104
108900161,62,197,-135
108900162,285,6,279
108900163,11,533,-522
108900164,104,38,66
108900165,93,81,12
108900167,1011,14659,-13648
108900168,3801,3200,601
108900169,105,154,-49
108900171,2762,4997,-2235
108900172,288,81,207
108900173,113,396,-283
108900174,1699,502,1197
108900176,171,387,-216
108900177,4664,12186,-7522
108900178,2829,6094,-3265
108900179,576,3130,-2554
108900180,134,480,-346
108900182,57,723,-666
108900183,174,202,-28
108900184,811,361,450
108900185,135,561,-426
108900186,117,404,-287
108900187,843,39,804
108900188,1125,59,1066
108900189,644,98,546
108900190,88,1757,-1669
108900191,211,79,132
108900192,172,147,25
108900193,47,38,9
108900194,10,475,-465
108900195,124,65,59
108900196,52,193,-141
108900198,14,187,-173
108900199,247,265,-18
108900200,918,482,436
108900201,526,924,-398
108900203,718,228,490
108900204,592,23,569
108900205,457,53,404
108900206,693,103,590
108900207,252,348,-96
108900208,29,288,-259
108900209,168,406,-238
108900210,158,234,-76
108900211,207,817,-610
108900212,175,2609,-2434
108900215,102,301,-199
108900216,334,446,-112
108900217,110,0,110
108900218,110,18,92
108900219,105,10,95
108900220,84,38,46
108900221,40,155,-115
108900222,440,14,426
108900223,8,79,-71
108900224,66,208,-142
108900225,1,204,-203
108900226,652,42,610
108900227,213,609,-396
108900230,112,139,-27
108900231,14,127,-113
108900232,6,110,-104
108900233,731,188,543
108900234,544,211,333
108900235,199,347,-148
108900236,38,298,-260
108900237,52,97,-45
108900240,207,103,104
108900241,82,81,1
108900245,8,2658,-2650
108900249,195,57,138
108900250,370,134,236
108900257,299,192,107
108900258,8,100,-92
108900259,51,35,16
108900260,4,13,-9
108900261,59,75,-16
108900262,84,114,-30
108900263,63,196,-133
108900264,160,272,-112
108900265,1301,923,378
108900266,238,1794,-1556
108900267,4,353,-349
108900268,14,33,-19
108900269,235,22,213
108900270,243,18,225
108900271,78,21,57
108900272,540,25,515
108900273,282,1785,-1503
108900274,103,44,59
109000001,4121,3469,652
109000002,982,3524,-2542
109000003,4501,598,3903
109000004,686,2383,-1697
109000005,3123,702,2421
109000006,971,2058,-1087
109000007,2794,804,1990
109000008,967,1677,-710
109000009,4496,1586,2910
109000010,1046,2930,-1884
109000011,6179,3426,2753
109000012,2352,2782,-430
109000013,6069,6087,-18
109000014,2471,2891,-420
109000015,4799,13646,-8847
109000016,5645,2749,2896
109000017,4746,1508,3238
109000018,1661,2011,-350
109000019,4039,1732,2307
109000020,1340,1748,-408
109000023,343,23,320
109000024,24,173,-149
109000025,387,806,-419
109000026,607,416,191
109000027,128,564,-436
109000028,150,80,70
109000029,189,679,-490
109000030,27,331,-304
109000031,364,195,169
109000032,211,399,-188
109000033,593,309,284
109000034,73,52,21
109000035,10,86,-76
109000036,64,437,-373
109000037,535,3853,-3318
109000038,359,481,-122
109000039,1567,1576,-9
109000040,3637,19144,-15507
109000041,1692,3370,-1678
109000042,646,1980,-1334
109000044,497,131,366
109000045,146,432,-286
109000046,743,113,630
109000047,62,469,-407
109000048,799,429,370
109000049,279,491,-212
109000050,532,332,200
109000051,259,174,85
109000052,811,400,411
109000053,531,124,407
109000054,572,345,227
109000055,551,719,-168
109000056,552,337,215
109000057,1292,680,612
109000058,402,164,238
109000059,267,1520,-1253
109000060,214,465,-251
109000061,496,2760,-2264
109000062,246,562,-316
109000063,347,160,187
109000064,627,257,370
109000065,393,144,249
109000066,631,65,566
109000067,129,237,-108
109000068,1003,8,995
109000069,905,27,878
109000070,147,1906,-1759
109000071,638,123,515
109000072,217,290,-73
109000073,95,153,-58
109000074,33,133,-100
109000075,189,373,-184
109000076,158,449,-291
109000077,366,174,192
109000078,178,241,-63
109000079,198,84,114
109000080,376,83,293
109000081,206,339,-133
109000082,1516,199,1317
109000083,385,453,-68
109000088,226,295,-69
109000089,501,122,379
109000090,186,412,-226
109000091,646,281,365
109000092,339,367,-28
109000093,490,352,138
109000094,1053,5,1048
109000095,165,282,-117
109000096,1472,287,1185
109000097,104,115,-11
109000098,60,168,-108
109000099,1134,244,890
109000100,444,731,-287
109000101,2582,736,1846
109000102,819,695,124
109000103,991,506,485
109000104,3509,455,3054
109000105,689,1070,-381
109000106,2836,776,2060
109000107,742,1275,-533
109000108,3536,814,2722
109000109,678,966,-288
109000110,2081,670,1411
109000111,965,1807,-842
109000112,425,133,292
109000113,439,147,292
109000114,271,431,-160
109000115,1286,37,1249
109000116,3,340,-337
109000117,419,34,385
109000118,20,254,-234
109000119,2460,116,2344
109000120,359,362,-3
109000121,1047,21,1026
109000122,276,312,-36
109000123,63,53,10
109000124,1368,212,1156
109000125,1444,318,1126
109000126,730,408,322
109000127,1997,228,1769
109000128,974,681,293
109000129,4546,992,3554
109000130,471,832,-361
109000131,1260,1020,240
109000132,586,1405,-819
109000133,404,677,-273
109000134,823,950,-127
109000135,871,1723,-852
109000136,369,248,121
109000137,486,416,70
109000138,847,202,645
109000139,1037,301,736
109000140,346,173,173
109000141,1113,350,763
109000142,197,619,-422
109000143,177,121,56
109000145,125,401,-276
109000146,51,115,-64
109000148,1883,3283,-1400
109000149,26,84,-58
109000150,78,470,-392
109000155,1535,1144,391
109000156,1230,531,699
109000158,178,295,-117
109000159,164,546,-382
109000160,2279,240,2039
109000161,745,923,-178
109000162,3206,541,2665
109000163,2045,1244,801
109000164,2069,1871,198
109000165,2246,426,1820
109000166,1799,131,1668
109000167,186,357,-171
109000170,50,41,9
109000171,177,61,116
109000172,14,36,-22
109000173,33,148,-115
109000174,242,31,211
109000175,81,82,-1
109000176,667,202,465
109000177,54,94,-40
109000178,1450,445,1005
109000179,2966,8138,-5172
109000180,4387,4855,-468
109000181,16,13,3
109000182,99,17,82
109000183,97,18,79
109000184,64,12,52
109000185,52,17,35
109000188,718,1052,-334
109000189,3737,647,3090
109000190,973,529,444
109000191,607,442,165
109000192,686,147,539
109000193,458,87,371
109000194,419,39,380
109000195,234,111,123
109000196,431,86,345
109000197,228,284,-56
109000198,499,38,461
109000199,317,334,-17
109000206,315,41,274
109000207,367,51,316
109000208,294,199,95
109000209,194,121,73
109000210,132,459,-327
109000211,1580,470,1110
109000214,666,220,446
109000215,171,90,81
109000216,403,414,-11
109000217,277,250,27
109000218,365,327,38
109000221,296,594,-298
109000222,1149,281,868
109000223,714,524,190
109000224,110,43,67
109000225,236,28,208
109000226,103,149,-46
109000227,2485,698,1787
109000228,8,2541,-2533
109000231,708,136,572
109000232,700,124,576
109000236,372,512,-140
109000241,2581,1293,1288
109000242,1791,779,1012
109000293,26,83,-57
109000361,122,173,-51
109000364,279,377,-98
109000396,3,234,-231
109000397,959,11,948
109000399,119,355,-236
109000400,152,230,-78
109000403,42,1658,-1616
109000406,560,2,558
109000407,447,190,257
109000408,1,620,-619
109000410,1352,245,1107
109000411,421,35,386
109900001,228,0,228
109900002,1231,19,1212
109900003,565,4,561
109900004,417,118,299
109900005,49,3,46
109900006,679,327,352
109900007,2032,217,1815
109900008,0,27,-27
109900009,204,252,-48
109900010,1031,53,978
109900011,75,76,-1
109900012,512,265,247
109900013,506,184,322
109900014,647,79,568
109900015,364,162,202
109900016,249,15,234
109900017,260,299,-39
109900018,420,24,396
109900019,404,34,370
109900020,118,48,70
109900021,97,18,79
109900022,168,307,-139
109900023,49,6,43
109900024,23,4,19
109900025,24,28,-4
109900026,8,217,-209
109900027,50,58,-8
109900028,398,2325,-1927
109900029,6,211,-205
109900030,100,9,91
109900031,1,687,-686
109900032,8,260,-252
109900033,5,358,-353
109900034,78,3,75
109900035,44,27,17
109900036,54,23,31
109900037,10,410,-400
109900038,127,256,-129
109900039,14,1,13
109900040,47,286,-239
109900041,116,227,-111
109900042,85,2695,-2610
109900044,176,164,12
109900045,154,142,12
109900046,42,48,-6
109900047,213,233,-20
109900048,1,167,-166
109900049,17,60,-43
109900050,0,65,-65
109900051,0,6,-6
109900052,65,177,-112
109900053,0,95,-95
109900054,1495,264,1231
109900055,112,193,-81
109900056,50,484,-434
109900057,2,60,-58
109900058,1,59,-58
109900059,1783,133,1650
109900060,1128,61,1067
109900061,106,224,-118
109900062,0,77,-77
109900063,12,331,-319
109900064,837,215,622
109900065,156,96,60
109900066,301,397,-96
109900067,0,110,-110
109900068,174,14,160
109900069,6,16,-10
109900070,30,165,-135
109900071,11,12,-1
109900072,13,114,-101
109900073,773,121,652
109900074,27,22,5
109900075,52,39,13
109900076,13,54,-41
109900077,39,26,13
109900078,141,174,-33
109900080,97,162,-65
109900081,11,213,-202
109900082,51,203,-152
109900083,24,64,-40
109900084,81,132,-51
109900085,120,278,-158
109900086,200,1238,-1038
109900087,157,530,-373
109900089,1177,280,897
109900090,287,745,-458
109900091,746,74,672
109900092,651,72,579
109900093,1786,193,1593
109900094,125,91,34
109900095,80,260,-180
109900096,201,7,194
109900097,178,6,172
109900098,1014,43,971
109900099,593,1,592
109900100,82,0,82
109900101,1251,10,1241
109900102,747,22,725
109900103,56,58,-2
109900104,1608,166,1442
109900105,973,25,948
109900106,489,31,458
109900107,1549,67,1482
109900108,413,455,-42
109900109,66,564,-498
109900110,91,171,-80
109900111,167,388,-221
109900112,152,227,-75
109900113,1292,932,360
109900114,1042,1720,-678
109900115,280,96,184
109900117,1996,107,1889
109900118,202,312,-110
109900119,291,435,-144
109900120,87,32,55
109900121,297,519,-222
109900122,1002,5,997
109900123,17,70,-53
109900124,90,187,-97
109900125,4,236,-232
109900126,611,23,588
109900128,718,22,696
109900130,3432,3795,-363
109900131,28,102,-74
109900132,52,145,-93
109900133,193,161,32
109900134,48,181,-133
109900135,274,27,247
109900136,69,90,-21
109900137,271,189,82
109900140,349,68,281
109900142,2651,371,2280
109900145,11,800,-789
109900146,270,61,209
109900148,23,118,-95
109900149,21,45,-24
109900150,13,55,-42
109900151,13,19,-6
109900152,1,23,-22
109900153,0,53,-53
109900154,46,1,45
109900155,114,17,97
109900157,144,201,-57
109900158,62,141,-79
109900159,234,81,153
109900160,198,71,127
109900161,393,119,274
109900162,396,203,193
109900163,404,418,-14
109900164,84,309,-225
109900165,521,10,511
109900166,0,102,-102
109900167,350,243,107
109900168,375,383,-8
109900169,278,111,167
109900170,307,2470,-2163
109900171,433,59,374
109900172,432,460,-28
109900173,1518,3831,-2313
109900174,68,130,-62
109900175,154,109,45
109900176,219,134,85
109900177,63,68,-5
109900178,4,353,-349
109900179,25,24,1
109900180,14,3,11
110000001,812,516,296
110000002,709,859,-150
110000003,869,852,17
110000004,492,803,-311
110000005,352,2313,-1961
110000006,286,330,-44
110000007,195,109,86
110000008,31,203,-172
110000009,38,31,7
110000010,44,116,-72
110000011,122,42,80
110000012,969,211,758
110000013,75,1159,-1084
110000014,688,463,225
110000015,299,775,-476
110000016,322,2038,-1716
110000017,4844,374,4470
110000018,2962,417,2545
110000019,10,141,-131
110000020,869,215,654
110000021,241,676,-435
110000022,1488,204,1284
110000023,6,184,-178
110000024,648,722,-74
110000025,847,8,839
110000026,11,231,-220
110000027,683,1779,-1096
110000028,1318,586,732
110000029,580,659,-79
110000030,587,494,93
110000031,501,331,170
110000032,1129,365,764
110000033,263,413,-150
110000034,900,724,176
110000035,937,562,375
110000036,1607,807,800
110000037,319,711,-392
110000038,414,876,-462
110000039,1292,6955,-5663
110000040,375,287,88
110000041,480,2946,-2466
110000042,120,1003,-883
110000043,1064,486,578
110000044,47,2018,-1971
110000045,361,343,18
110000046,5,92,-87
110000047,12,326,-314
110000048,24,177,-153
110000049,37,28,9
110000050,7,229,-222
110000051,46,17,29
110000052,63,36,27
110000053,45,26,19
110000054,190,1993,-1803
110000055,290,221,69
110000056,87,226,-139
110000057,509,679,-170
110000058,1540,690,850
110000059,1401,587,814
110000060,1578,1145,433
110000061,689,795,-106
110000062,792,1078,-286
110000063,81,287,-206
110000064,126,61,65
110000065,205,154,51
110000066,181,45,136
110000067,122,179,-57
110000068,497,70,427
110000069,804,45,759
110000071,516,39,477
110000073,68,10,58
110000075,59,138,-79
110000076,338,530,-192
110000077,322,1322,-1000
110000078,97,15,82
110000080,285,463,-178
110000081,78,213,-135
110000082,44,451,-407
110000083,348,424,-76
110000084,1982,1381,601
110000085,905,1373,-468
110000086,1347,3499,-2152
110000087,7,49,-42
110000088,162,251,-89
110000089,543,58,485
110000090,137,400,-263
110000091,965,251,714
110000092,45,50,-5
110000093,65,36,29
110000094,556,205,351
110000095,306,1026,-720
110000096,1404,2648,-1244
110000097,1080,2142,-1062
110000098,2453,925,1528
110000099,1104,1854,-750
110000100,2196,170,2026
110000101,81,81,0
110000102,149,41,108
110000104,645,350,295
110000105,92,325,-233
110000106,882,735,147
110000107,151,437,-286
110000108,244,155,89
110000109,216,348,-132
110000110,2209,4632,-2423
110000111,3965,4122,-157
110000112,241,1475,-1234
110000113,79,3534,-3455
110000114,516,1145,-629
110000115,594,418,176
110000116,132,102,30
110000117,540,223,317
110000118,1019,156,863
110000119,552,242,310
110000120,625,211,414
110000121,112,444,-332
110000122,326,378,-52
110000123,962,777,185
110000124,1,661,-660
110000125,1629,31,1598
110000126,400,43,357
110000127,2005,86,1919
110000128,71,810,-739
110000129,4,365,-361
110000130,359,396,-37
110000131,113,288,-175
110000132,0,404,-404
110000133,36,509,-473
110000134,26,419,-393
110000135,334,53,281
110000136,122,329,-207
110000137,1151,374,777
110000138,1361,607,754
110000139,1799,523,1276
110000140,1096,1203,-107
110000143,750,359,391
110000144,2803,3176,-373
110000145,2002,2609,-607
110000146,1807,2154,-347
110000147,671,1219,-548
110000148,896,241,655
110000151,741,2312,-1571
110000152,641,662,-21
110000153,370,36,334
110000154,80,51,29
110000155,1228,3855,-2627
110000156,983,2915,-1932
110000157,1996,3615,-1619
110000160,523,418,105
110000161,308,199,109
110000166,1302,98,1204
110000167,1795,897,898
110000168,1375,735,640
110000169,1243,384,859
110000170,311,77,234
110000171,965,149,816
110000172,242,593,-351
110000173,726,790,-64
110000174,236,600,-364
110000175,1731,115,1616
110000176,149,938,-789
110000177,348,1713,-1365
110000178,501,3076,-2575
110000179,1769,299,1470
110000180,344,199,145
110000181,1235,441,794
110000182,339,151,188
110000183,8419,11438,-3019
110000184,366,3938,-3572
110000185,736,1372,-636
110000186,775,901,-126
110000191,2042,203,1839
110000192,1141,14,1127
110000193,1924,11,1913
110000194,8,576,-568
110000195,928,125,803
110000196,893,101,792
110000197,232,41,191
110000198,91,30,61
110000199,116,118,-2
110000200,717,286,431
110000201,1568,1672,-104
110000202,1640,783,857
110000203,403,437,-34
110000204,4,185,-181
110000205,358,92,266
110000206,522,705,-183
110000207,1911,547,1364
110000208,302,554,-252
110000209,84,3767,-3683
110000210,2204,457,1747
110000211,883,2081,-1198
110000212,723,1490,-767
110000213,525,78,447
110000214,763,55,708
110000215,337,164,173
110000216,110,114,-4
110000217,731,92,639
110000218,239,179,60
110000219,852,40,812
110000220,96,106,-10
110000221,733,16,717
110000222,118,270,-152
110000223,3,157,-154
110000224,6,6,0
110000225,228,987,-759
110000226,325,50,275
110000227,872,1505,-633
110000228,397,102,295
110000229,0,86,-86
110000230,670,2015,-1345
110000231,262,265,-3
110000232,215,306,-91
110000233,198,386,-188
110000234,466,2525,-2059
110000235,1384,1284,100
110000236,1109,713,396
110000237,3078,3426,-348
110000238,1266,1540,-274
110000239,2918,1144,1774
110000240,0,35,-35
110000242,1,25,-24
110000243,310,40,270
110000244,172,1848,-1676
110000245,40,561,-521
110000246,1269,400,869
110000247,1198,3873,-2675
110000248,1574,1404,170
110000249,124,26,98
110000250,51,202,-151
110000251,661,270,391
110000252,592,123,469
110000253,2285,473,1812
110000254,830,728,102
110000255,215,652,-437
110000256,689,286,403
110000257,516,364,152
110000258,5,392,-387
110000259,420,17,403
110000260,71,100,-29
110000263,777,67,710
110000264,751,277,474
110000265,1778,2466,-688
110000266,1343,3022,-1679
110000267,54,179,-125
110000268,403,365,38
110000269,6,68,-62
110000270,163,25,138
110000271,1623,349,1274
110000272,1622,1528,94
110000273,1754,1479,275
110000274,354,3383,-3029
110000275,1722,807,915
110000276,470,902,-432
110000277,444,271,173
110000278,655,538,117
110000279,1121,862,259
110000280,920,649,271
110000281,102,342,-240
110000282,233,25,208
110000283,38,81,-43
110000284,11,21,-10
110000285,3,825,-822
110000286,5,2,3
110000287,174,4,170
110000288,9,72,-63
110000289,692,3997,-3305
110000290,578,736,-158
110000291,3662,956,2706
110000292,1298,8971,-7673
110000293,1024,487,537
110000294,2057,1826,231
110000295,305,678,-373
110000296,858,292,566
110000297,3452,238,3214
110000298,186,411,-225
110000299,136,101,35
110000301,650,32,618
110000302,717,857,-140
110000303,878,12,866
110000304,403,160,243
110000305,2225,46,2179
110000306,473,871,-398
110000307,3020,12,3008
110000308,842,9,833
110000309,17,592,-575
110000310,1389,37,1352
110000311,23,522,-499
110000312,847,111,736
110000313,2377,2326,51
110000314,3,139,-136
110000315,2097,2769,-672
110000316,520,1242,-722
110000317,185,2467,-2282
110000318,4,70,-66
110000319,4,70,-66
110000320,48,147,-99
110000321,15,66,-51
110000322,330,439,-109
110000323,910,233,677
110000324,3290,1813,1477
110000325,2094,5089,-2995
110000327,540,435,105
110000328,192,563,-371
110000333,1515,1459,56
110000334,599,1814,-1215
110000335,871,712,159
110000336,861,1209,-348
110000337,2538,840,1698
110000338,808,281,527
110000339,745,314,431
110000340,106,192,-86
110000341,838,419,419
110000342,190,2,188
110000343,0,10,-10
110000344,361,437,-76
110000345,317,524,-207
110000346,1918,2185,-267
110000347,1978,861,1117
110000348,30,17,13
110000349,14,14,0
110000350,147,8,139
110000351,1971,670,1301
110000352,984,1980,-996
110000353,6032,403,5629
110000354,1392,5239,-3847
110000355,229,86,143
110000356,1158,13,1145
110000357,878,25,853
110000361,52,12,40
110000362,204,37,167
110000363,983,98,885
110000364,448,365,83
110000365,265,1,264
110000366,1,115,-114
110000367,664,199,465
110000368,4,103,-99
110000369,117,5,112
110000373,4,241,-237
110000374,188,37,151
110000375,111,1348,-1237
110000376,35,302,-267
110000377,81,500,-419
110000378,26,573,-547
110000379,4202,3022,1180
110000380,106,7,99
110000383,2,979,-977
110000384,772,436,336
110000385,3,252,-249
110000387,174,4,170
110000388,70,178,-108
110000389,1525,83,1442
110000391,1386,105,1281
110000396,442,63,379
110000397,235,34,201
110000398,7,33,-26
110000399,325,0,325
110000587,209,164,45
110000589,340,106,234
110000640,225,36,189
110000652,8,894,-886
110000653,435,349,86
110000654,12,970,-958
110000656,0,261,-261
110000674,88,63,25
110000675,36,83,-47
110000676,4,73,-69
110000679,86,1417,-1331
110000682,89,279,-190
110000683,323,524,-201
110000684,4,76,-72
110000685,26,24,2
110000686,3,132,-129
110000687,32,6,26
110000688,90,1984,-1894
110000689,62,23,39
110000692,37,406,-369
110000693,44,724,-680
110000694,0,166,-166
110000695,154,886,-732
110000696,57,64,-7
110900001,395,17,378
110900002,429,606,-177
110900003,1637,281,1356
110900004,817,53,764
110900005,1440,5963,-4523
110900006,108,42,66
110900007,369,109,260
110900008,31,19,12
110900009,507,400,107
110900010,8,46,-38
110900011,37,77,-40
110900012,33,37,-4
110900013,1798,115,1683
110900014,386,30,356
110900015,313,995,-682
110900016,175,48,127
110900017,853,63,790
110900018,588,51,537
110900019,443,36,407
110900020,283,80,203
110900021,167,242,-75
110900022,79,138,-59
110900023,121,854,-733
110900024,43,174,-131
110900025,29,160,-131
110900027,63,131,-68
110900028,43,79,-36
110900029,8,114,-106
110900030,53,100,-47
110900031,5,158,-153
110900032,0,76,-76
110900033,49,247,-198
110900035,30,708,-678
110900036,166,11,155
110900037,161,18,143
110900038,1320,180,1140
110900039,19,357,-338
110900040,439,34,405
110900041,41,104,-63
110900042,176,62,114
110900043,3,61,-58
110900044,317,21,296
110900045,84,190,-106
110900046,39,104,-65
110900047,427,569,-142
110900049,200,201,-1
110900050,50,5,45
110900051,54,158,-104
110900052,23,146,-123
110900053,220,16,204
110900054,47,200,-153
110900055,23,3,20
110900056,51,156,-105
110900057,14,47,-33
110900058,441,150,291
110900059,545,154,391
110900060,625,192,433
110900061,16,57,-41
110900062,292,113,179
110900063,80,94,-14
110900064,13,0,13
110900065,80,190,-110
110900066,12,52,-40
110900067,213,819,-606
110900068,751,133,618
110900069,9,8,1
110900071,198,1180,-982
110900073,2,61,-59
110900074,789,162,627
110900075,724,71,653
110900077,1930,586,1344
110900078,175,23,152
110900079,958,1825,-867
110900080,241,75,166
110900081,23,9,14
110900082,264,76,188
110900083,185,65,120
110900084,131,31,100
110900085,193,151,42
110900086,109,426,-317
110900087,711,125,586
110900088,10,1,9
110900090,93,90,3
110900091,0,44,-44
110900093,263,196,67
110900095,117,62,55
110900097,27,11,16
110900098,60,71,-11
110900099,113,488,-375
110900100,0,4,-4
110900102,113,16,97
110900105,3079,172,2907
110900108,13,32,-19
110900111,714,128,586
110900112,1014,14,1000
110900113,403,65,338
110900115,18,93,-75
110900116,1725,844,881
110900118,89,5392,-5303
110900119,1595,180,1415
110900120,124,35,89
110900121,132,3,129
110900122,1001,241,760
110900125,680,685,-5
110900127,562,1796,-1234
110900128,123,401,-278
110900129,227,1183,-956
110900130,330,692,-362
110900131,502,224,278
110900132,679,142,537
110900133,104,334,-230
110900135,82,301,-219
110900136,605,32,573
110900137,15,3,12
110900138,515,2279,-1764
110900139,3,758,-755
110900140,23,3,20
110900141,17,591,-574
110900142,78,93,-15
110900143,296,93,203
110900144,1,178,-177
110900145,315,146,169
110900146,210,511,-301
110900147,95,1377,-1282
110900148,0,180,-180
110900149,2,60,-58
110900150,62,31,31
110900151,18,216,-198
110900152,51,59,-8
110900153,290,145,145
111000001,1620,683,937
111000002,749,427,322
111000003,2600,1303,1297
111000004,783,838,-55
111000005,1661,2098,-437
111000006,1050,2338,-1288
111000007,7337,5386,1951
111000008,2913,3862,-949
111000009,449,843,-394
111000010,1746,438,1308
111000011,204,897,-693
111000012,501,559,-58
111000013,561,1179,-618
111000014,2217,592,1625
111000017,89,1004,-915
111000018,145,388,-243
111000020,744,1526,-782
111000021,115,153,-38
111000023,199,99,100
111000025,6091,5524,567
111000029,97,140,-43
111000030,37,106,-69
111000031,2769,1154,1615
111000032,974,382,592
111000033,457,195,262
111000034,55,282,-227
111000037,1355,463,892
111000038,2863,2358,505
111000039,1861,2438,-577
111000040,1998,1864,134
111000041,552,679,-127
111000042,2250,2493,-243
111000043,2919,6623,-3704
111000044,2560,1294,1266
111000045,4337,3426,911
111000046,3321,2432,889
111000047,4343,8135,-3792
111000049,471,478,-7
111000050,1141,934,207
111000051,719,793,-74
111000052,653,1291,-638
111000053,336,731,-395
111000054,364,764,-400
111000055,1734,1473,261
111000056,262,322,-60
111000057,202,453,-251
111000058,1079,75,1004
111000059,1041,314,727
111000060,6289,1145,5144
111000061,1222,373,849
111000062,1675,578,1097
111000063,2154,1388,766
111000064,1443,792,651
111000065,1833,1088,745
111000066,999,496,503
111000067,1378,462,916
111000068,899,706,193
111000069,1978,1783,195
111000070,847,578,269
111000071,280,408,-128
111000072,1956,950,1006
111000073,415,1819,-1404
111000074,2355,2149,206
111000075,915,708,207
111000076,932,1288,-356
111000077,1408,1231,177
111000078,2324,1059,1265
111000079,1248,716,532
111000080,842,531,311
111000081,1950,6188,-4238
111000082,1274,543,731
111000084,1348,631,717
111000085,1404,1149,255
111000086,3850,903,2947
111000087,941,445,496
111000088,11334,4510,6824
111000089,957,745,212
111000090,682,1119,-437
111000091,1093,338,755
111000092,2494,763,1731
111000093,1279,1296,-17
111000094,2504,1617,887
111000095,1138,3611,-2473
111000096,1024,10586,-9562
111000097,3960,1435,2525
111000098,591,1004,-413
111000099,595,1145,-550
111000100,669,909,-240
111000101,621,940,-319
111000102,448,762,-314
111000104,1123,349,774
111000107,170,997,-827
111000109,1337,419,918
111000110,2256,773,1483
111000111,5236,542,4694
111000112,3625,572,3053
111000113,1161,3140,-1979
111000114,1878,6138,-4260
111000115,3810,1281,2529
111000116,1167,942,225
111000117,377,822,-445
111000118,1119,751,368
111000119,2046,732,1314
111000120,836,708,128
111000121,438,830,-392
111000122,694,887,-193
111000123,1426,1563,-137
111000124,573,1767,-1194
111000125,517,609,-92
111000126,132,468,-336
111000127,1809,179,1630
111000128,4315,389,3926
111000129,4920,617,4303
111000130,4236,569,3667
111000131,4050,605,3445
111000132,3591,2004,1587
111000133,430,106,324
111000134,271,115,156
111000135,82,180,-98
111000136,604,474,130
111000138,48,5,43
111000140,2,3,-1
111000141,215,514,-299
111000142,13,297,-284
111000143,10,506,-496
111000144,161,3588,-3427
111000145,128,15,113
111000146,183,37,146
111000147,159,47,112
111000148,279,110,169
111000149,12,20,-8
111000150,73,17,56
111000151,6,8,-2
111000153,658,578,80
111000154,432,248,184
111000155,226,181,45
111000156,1041,552,489
111000157,251,1082,-831
111000158,1296,1337,-41
111000159,6074,1338,4736
111000160,708,588,120
111000161,22,787,-765
111000162,12,122,-110
111000163,1168,907,261
111000164,548,3808,-3260
111000165,739,245,494
111000166,541,163,378
111000167,173,280,-107
111000168,332,360,-28
111000169,555,352,203
111000170,401,341,60
111000171,584,581,3
111000172,246,359,-113
111000173,365,691,-326
111000174,455,116,339
111000175,91,1408,-1317
111000176,588,56,532
111000177,1003,159,844
111000178,3056,281,2775
111000179,452,129,323
111000180,462,527,-65
111000181,2938,192,2746
111000182,379,138,241
111000183,589,310,279
111000184,421,247,174
111000185,706,342,364
111000186,533,175,358
111000187,272,122,150
111000188,713,309,404
111000189,453,480,-27
111000190,188,176,12
111000191,268,150,118
111000192,194,238,-44
111000193,354,148,206
111000194,67,190,-123
111000195,175,226,-51
111000196,99,132,-33
111000197,906,125,781
111000198,1083,120,963
111000199,546,231,315
111000200,1070,401,669
111000201,1340,165,1175
111000202,739,171,568
111000203,542,353,189
111000204,513,2371,-1858
111000213,239,575,-336
111000214,1748,882,866
111000215,1591,1070,521
111000217,2257,831,1426
111000218,2209,1069,1140
111000219,273,224,49
111000220,994,899,95
111000221,318,274,44
111000224,0,264,-264
111000225,589,683,-94
111000226,146,7,139
111000227,20,3,17
111000228,18,893,-875
111000229,74,1953,-1879
111000230,278,195,83
111000231,1614,269,1345
111000232,1631,655,976
111000233,1865,546,1319
111000234,258,804,-546
111000239,98,65,33
111000240,134,397,-263
111000241,41,163,-122
111000242,432,72,360
111000243,176,262,-86
111000244,1196,87,1109
111000245,1357,187,1170
111000246,1031,141,890
111000247,900,375,525
111000248,1074,351,723
111000249,792,210,582
111000250,110,51,59
111000251,107,118,-11
111000253,49,47,2
111000255,58,18,40
111000257,170,22,148
111000260,63,828,-765
111000261,2466,191,2275
111000271,30,322,-292
111000273,4251,1227,3024
111000274,2075,3589,-1514
111000275,224,27,197
111000276,364,991,-627
111000277,289,252,37
111000278,624,267,357
111000291,1420,15389,-13969
111000298,700,184,516
111000299,1044,236,808
111000300,73,551,-478
111000302,491,82,409
111000303,131,149,-18
111000312,35,66,-31
111000315,0,46,-46
111000320,174,314,-140
111000321,808,231,577
111000322,514,186,328
111000323,613,29,584
111000324,493,223,270
111000325,88,95,-7
111000326,313,217,96
111000327,569,406,163
111000328,434,624,-190
111000329,1,27,-26
111000330,199,4,195
111000331,30,4,26
111000332,739,1211,-472
111000334,552,774,-222
111000335,2009,259,1750
111000337,2728,162,2566
111000338,179,58,121
111000339,1409,154,1255
111000340,177,237,-60
111000341,2304,1214,1090
111000342,90,1258,-1168
111000344,1840,693,1147
111000345,122,126,-4
111000346,21,267,-246
111000347,265,6,259
111000350,316,127,189
111000351,189,325,-136
111000352,344,199,145
111000353,210,187,23
111000354,722,384,338
111000355,437,746,-309
111000358,261,472,-211
111000360,353,175,178
111000361,258,102,156
111000546,1273,503,770
111000547,586,328,258
111000548,297,363,-66
111000549,470,318,152
111000550,42,1227,-1185
111000551,574,302,272
111000552,562,308,254
111000907,774,26,748
111000908,99,1,98
111000916,3096,209,2887
111000917,47,363,-316
111000918,423,303,120
111000920,1065,8,1057
111000921,18,74,-56
111000922,1066,178,888
111000924,54,380,-326
111000925,5596,2674,2922
111000926,1313,1148,165
111000927,3742,6493,-2751
111000928,3547,1831,1716
111000929,3083,1694,1389
111000930,1133,1547,-414
111000931,2619,3067,-448
111000932,2979,1285,1694
111000933,4338,4526,-188
111000934,1985,2366,-381
111000935,3674,1432,2242
111000936,1745,1598,147
111000937,1952,2041,-89
111000938,1577,938,639
111000939,1068,41,1027
111000940,958,45,913
111000941,529,313,216
111000943,1142,364,778
111000944,171,120,51
111000945,274,756,-482
111001109,701,1203,-502
111001110,319,374,-55
111001111,183,13,170
111001112,54,4,50
111001113,1,176,-175
111001114,657,356,301
111001115,30,1923,-1893
111001116,2431,7331,-4900
111001117,363,3265,-2902
111001120,169,406,-237
111001121,160,136,24
111001122,260,165,95
111001123,501,130,371
111001124,147,54,93
111900001,26,40,-14
111900002,90,198,-108
111900003,7,159,-152
111900004,21,33,-12
111900006,53,94,-41
111900007,397,18,379
111900008,633,8,625
111900009,447,39,408
111900010,132,335,-203
111900012,34,53,-19
111900013,49,19,30
111900014,2304,8686,-6382
111900015,0,15,-15
111900016,1,20,-19
111900017,0,38,-38
111900018,311,30,281
111900019,0,161,-161
111900020,11,51,-40
111900021,40,73,-33
111900022,6,15,-9
111900023,40,33,7
111900024,15,47,-32
111900025,0,26,-26
111900026,0,20,-20
111900027,2,60,-58
111900028,0,106,-106
111900029,15,34,-19
111900030,26,350,-324
111900031,12,20,-8
111900032,2,102,-100
111900033,8,59,-51
111900034,97,376,-279
111900035,166,139,27
111900036,0,81,-81
111900038,160,420,-260
111900039,48,121,-73
111900040,2,152,-150
111900042,49,111,-62
111900043,1,142,-141
111900044,69,188,-119
111900046,20,47,-27
111900048,609,243,366
111900049,23,147,-124
111900050,163,49,114
111900051,3,139,-136
111900052,143,261,-118
111900053,507,3634,-3127
111900054,369,8,361
111900055,19,198,-179
111900056,157,603,-446
111900057,201,19,182
111900058,1015,258,757
111900059,1913,1159,754
111900060,550,8,542
111900061,9,112,-103
111900062,74,148,-74
111900063,340,340,0
111900064,54,135,-81
111900065,239,32,207
111900066,232,214,18
111900067,3,205,-202
111900068,77,101,-24
111900069,113,24,89
111900070,409,56,353
111900071,0,111,-111
111900072,131,79,52
111900073,1941,360,1581
111900074,8,151,-143
111900075,158,17,141
111900076,540,147,393
111900077,87,6,81
111900078,670,61,609
111900079,98,90,8
111900080,144,272,-128
111900082,283,84,199
111900083,463,50,413
111900084,345,8,337
111900085,52,110,-58
111900086,146,19,127
111900087,160,8,152
111900088,1154,26,1128
111900089,322,7,315
111900090,105,96,9
111900091,934,15,919
111900092,298,3,295
111900093,864,9,855
111900094,298,3,295
111900095,661,55,606
111900096,451,6,445
111900097,147,1,146
111900098,614,5,609
111900099,182,0,182
111900100,272,10,262
111900101,173,56,117
111900102,1274,359,915
111900103,76,165,-89
111900104,213,75,138
111900105,302,234,68
111900106,384,37,347
111900110,1393,293,1100
111900111,404,26,378
111900112,494,7288,-6794
111900113,295,171,124
111900118,553,150,403
111900119,492,203,289
111900122,96,154,-58
111900123,35,45,-10
111900124,44,19,25
111900125,933,108,825
111900126,611,8,603
111900127,0,241,-241
111900128,3,173,-170
111900129,467,19,448
111900130,342,101,241
111900131,1069,7,1062
111900132,63,341,-278
111900133,4,215,-211
111900134,4,121,-117
111900135,21,75,-54
111900136,95,172,-77
111900137,44,40,4
111900138,11,57,-46
111900139,18,49,-31
111900140,292,33,259
111900141,137,19,118
111900142,78,39,39
111900143,141,43,98
111900144,34,31,3
111900145,1,142,-141
111900146,2,63,-61
111900147,18,254,-236
111900148,8,388,-380
111900149,4,121,-117
111900150,22,110,-88
111900151,24,50,-26
111900152,107,98,9
111900153,462,958,-496
111900154,38,1052,-1014
111900155,96,215,-119
111900156,107,117,-10
111900157,460,33,427
111900158,940,172,768
111900159,802,100,702
111900160,713,2,711
111900161,721,4,717
111900162,200,358,-158
111900163,55,133,-78
111900164,153,58,95
111901113,944,36,908
111901114,456,193,263
111901115,249,4,245
111901116,103,1,102
111901117,34,101,-67
111901118,56,765,-709
111901119,260,62,198
111901121,40,63,-23
111901122,9,124,-115
111901123,650,80,570
111901124,633,6,627
111901125,1121,278,843
111901127,291,1815,-1524
111901128,33,75,-42
111901129,2,94,-92
111901130,8,52,-44
111901131,2,183,-181
111901132,125,52,73
111901133,113,4,109
111901134,299,5,294
111901135,92,36,56
111901136,67,96,-29
111901137,0,62,-62
111901138,78,57,21
111901139,7,22,-15
111901140,0,46,-46
111901141,4,62,-58
111901142,1,68,-67
111901143,3,112,-109
111901144,49,69,-20
111901145,87,549,-462
111901146,70,8,62
112000001,3711,1060,2651
112000002,1169,2179,-1010
112000003,3797,1376,2421
112000004,1164,449,715
112000005,5753,5516,237
112000006,1096,803,293
112000007,7890,4960,2930
112000008,4865,5900,-1035
112000009,3494,1675,1819
112000010,6170,8355,-2185
112000011,1869,1301,568
112000012,6562,9651,-3089
112000013,2272,5924,-3652
112000014,1646,5823,-4177
112000015,1926,4898,-2972
112000016,4051,7104,-3053
112000017,878,8525,-7647
112000024,1989,493,1496
112000026,2404,2063,341
112000027,986,899,87
112000028,859,1043,-184
112000029,1275,1249,26
112000030,216,41,175
112000031,2293,7178,-4885
112000032,169,38,131
112000033,1803,5785,-3982
112000034,126,41,85
112000035,103,1760,-1657
112000036,394,2708,-2314
112000037,1478,2999,-1521
112000038,1888,3721,-1833
112000039,149,66,83
112000040,40,208,-168
112000041,379,413,-34
112000042,1003,338,665
112000050,2050,1547,503
112000051,1741,3456,-1715
112000054,1668,1588,80
112000057,1559,517,1042
112000058,435,640,-205
112000059,598,759,-161
112000061,4528,1204,3324
112000062,756,2258,-1502
112000063,346,4403,-4057
112000064,3745,4354,-609
112000065,1173,2414,-1241
112000066,4467,2153,2314
112000067,643,685,-42
112000068,4474,3989,485
112000069,697,2351,-1654
112000070,2670,1132,1538
112000071,1358,2150,-792
112000072,4003,1073,2930
112000073,1644,2469,-825
112000074,1475,1390,85
112000075,1624,1852,-228
112000076,3767,2630,1137
112000077,1448,503,945
112000078,3548,1016,2532
112000079,3330,1608,1722
112000080,1882,1436,446
112000081,1284,2195,-911
112000082,1656,829,827
112000083,1008,1248,-240
112000084,1781,662,1119
112000085,2216,1743,473
112000086,2520,1384,1136
112000087,966,317,649
112000088,1355,364,991
112000089,635,502,133
112000090,651,453,198
112000091,909,546,363
112000092,3436,1071,2365
112000093,1973,566,1407
112000094,1131,815,316
112000095,1003,568,435
112000096,1021,569,452
112000097,3012,984,2028
112000098,682,519,163
112000099,1089,2598,-1509
112000100,3427,708,2719
112000101,759,474,285
112000102,2562,446,2116
112000103,583,456,127
112000105,482,597,-115
112000106,3218,436,2782
112000107,46,249,-203
112000108,482,1493,-1011
112000109,91,75,16
112000110,2937,689,2248
112000111,882,8163,-7281
112000112,3437,913,2524
112000113,1655,2802,-1147
112000114,3839,1419,2420
112000115,606,389,217
112000116,803,826,-23
112000117,1484,761,723
112000118,925,790,135
112000119,554,624,-70
112000120,77,289,-212
112000121,246,303,-57
112000122,586,122,464
112000123,1282,109,1173
112000124,865,100,765
112000125,466,412,54
112000126,602,189,413
112000127,2549,4517,-1968
112000128,822,1129,-307
112000129,162,110,52
112000130,431,168,263
112000131,90,132,-42
112000132,297,293,4
112000133,660,91,569
112000134,779,384,395
112000135,1920,1313,607
112000136,1177,4244,-3067
112000137,1958,11510,-9552
112000138,1339,5684,-4345
112000139,782,1166,-384
112000140,349,1107,-758
112000141,1847,673,1174
112000142,224,419,-195
112000143,2044,267,1777
112000144,296,642,-346
112000145,4299,553,3746
112000146,712,1095,-383
112000147,3892,2273,1619
112000148,1241,1879,-638
112000149,994,585,409
112000150,601,309,292
112000151,496,160,336
112000152,1350,340,1010
112000153,180,217,-37
112000154,276,474,-198
112000155,232,172,60
112000157,580,1309,-729
112000158,513,244,269
112000159,1480,282,1198
112000167,698,200,498
112000169,278,634,-356
112000173,1871,371,1500
112000175,733,421,312
112000176,1122,1743,-621
112000177,1631,521,1110
112000178,162,330,-168
112000179,485,121,364
112000180,515,256,259
112000181,1448,1063,385
112000182,2931,663,2268
112000183,48,15,33
112000184,778,210,568
112000185,1382,284,1098
112000187,7126,4129,2997
112000195,296,14,282
112000196,224,2,222
112000197,150,279,-129
112000198,123,411,-288
112000199,670,835,-165
112000202,897,28,869
112000216,82,187,-105
112000230,192,2,190
112000231,3,151,-148
112000256,159,367,-208
112000313,45,65,-20
112000314,95,73,22
112000337,357,735,-378
112000352,172,534,-362
112000392,2945,1065,1880
112000398,2981,854,2127
112000399,1777,8313,-6536
112000400,2786,1231,1555
112000401,2060,1541,519
112000402,6380,7775,-1395
112000403,1957,8338,-6381
112000404,2252,2004,248
112000405,4200,4670,-470
112000406,2626,1147,1479
112000407,13260,10148,3112
112000408,7347,3139,4208
112000409,1641,2144,-503
112000410,562,574,-12
112000411,3078,2288,790
112000412,742,564,178
112000413,4440,11403,-6963
112000414,285,31,254
112000415,192,79,113
112000416,5685,1360,4325
112000417,415,106,309
112000421,95,45,50
112000422,493,198,295
112000424,1299,4796,-3497
112000425,616,457,159
112000426,315,320,-5
112000427,0,27,-27
112000428,427,128,299
112000429,2926,2373,553
112000430,3491,4718,-1227
112000431,185,190,-5
112000432,698,492,206
112000433,497,802,-305
112000437,100,115,-15
112900001,149,5,144
112900002,1134,333,801
112900003,118,165,-47
112900004,111,61,50
112900005,527,105,422
112900006,24,134,-110
112900007,68,116,-48
112900008,0,96,-96
112900009,751,312,439
112900010,918,330,588
112900011,57,247,-190
112900012,17,9,8
112900013,5,406,-401
112900014,5,163,-158
112900015,154,609,-455
112900016,1,103,-102
112900017,107,108,-1
112900018,1,71,-70
112900019,40,316,-276
112900020,315,880,-565
112900021,5,109,-104
112900022,18,31,-13
112900023,0,49,-49
112900024,52,124,-72
112900025,116,163,-47
112900026,2,81,-79
112900027,4,277,-273
112900028,18,105,-87
112900029,8,103,-95
112900030,37,48,-11
112900031,4,149,-145
112900032,377,243,134
112900034,0,19,-19
112900035,1,114,-113
112900036,26,176,-150
112900037,358,278,80
112900038,1124,120,1004
112900039,5,175,-170
112900040,12,1790,-1778
112900041,696,1602,-906
112900042,232,239,-7
112900043,63,93,-30
112900044,282,335,-53
112900045,158,188,-30
112900046,136,131,5
112900047,14,61,-47
112900049,557,60,497
112900050,11,613,-602
112900051,253,408,-155
112900052,7,314,-307
112900053,131,300,-169
112900054,383,78,305
112900055,146,85,61
112900056,659,363,296
112900057,22,176,-154
112900058,412,539,-127
112900059,196,495,-299
112900060,98,66,32
112900061,183,169,14
112900062,127,119,8
112900063,60,36,24
112900064,52,254,-202
112900065,24,58,-34
112900066,324,414,-90
112900067,320,80,240
112900068,57,110,-53
112900069,2425,1802,623
112900071,61,13,48
112900072,487,6073,-5586
112900073,584,347,237
112900074,189,550,-361
112900075,1109,2229,-1120
112900076,67,50,17
112900078,445,870,-425
112900079,395,28,367
112900080,190,11,179
112900081,156,630,-474
112900082,763,77,686
112900083,338,225,113
112900084,485,347,138
112900086,179,4,175
112900087,2488,270,2218
112900088,440,12,428
112900089,1307,46,1261
112900090,191,145,46
112900091,661,40,621
112900092,63,1085,-1022
112900093,1895,46,1849
112900095,149,0,149
112900096,959,340,619
112900097,186,234,-48
112900098,163,3,160
112900099,1589,38,1551
112900100,214,7,207
112900101,629,10,619
112900102,178,39,139
112900103,367,6,361
112900104,254,4,250
112900105,28,0,28
112900106,601,212,389
112900107,12,5,7
112900108,14,2,12
112900109,366,1,365
112900110,2596,35,2561
112900111,1271,7,1264
112900112,500,5,495
112900113,1,1,0
112900114,567,40,527
112900115,2905,19,2886
112900116,156,54,102
112900117,75,35,40
112900118,4,194,-190
112900119,349,3,346
112900120,603,449,154
112900121,51,100,-49
112900122,13,89,-76
112900123,315,31,284
112900124,28,41,-13
112900125,20,534,-514
112900126,164,138,26
112900127,652,230,422
112900128,97,782,-685
112900129,1,540,-539
112900130,252,193,59
112900131,52,1469,-1417
112900132,140,585,-445
112900133,20,1677,-1657
112900134,1,269,-268
112900135,144,104,40
112900137,1,322,-321
112900138,6,86,-80
112900139,75,563,-488
112900141,1276,55,1221
112900142,63,475,-412
112900143,9,269,-260
112900144,0,160,-160
112900145,13,274,-261
112900146,5,503,-498
112900147,0,492,-492
112900148,144,2,142
112900149,384,290,94
112900151,7,62,-55
112900152,3956,520,3436
112900153,552,4572,-4020
112900154,0,44,-44
112900155,220,16,204
112900156,1016,393,623
112900157,741,21,720
112900158,173,8,165
112900159,248,328,-80
112900160,36,228,-192
112900161,244,95,149
112900162,33,30,3
112900163,35,83,-48
112900164,153,273,-120
112900165,74,63,11
112900166,22,167,-145
112900167,2,208,-206
112900168,7,9,-2
112900169,6,20,-14
112900170,147,281,-134
112900172,46,41,5
112900173,191,177,14
112900174,539,62,477
112900175,165,410,-245
112900176,51,64,-13
112900177,269,77,192
112900178,763,4679,-3916
112900179,20,472,-452
112900180,3497,1910,1587
112900181,1702,16,1686
112900182,118,275,-157
112900183,135,325,-190
112900184,502,751,-249
112900185,180,1229,-1049
112900186,1146,1965,-819
112900187,129,909,-780
112900188,812,5587,-4775
112900189,26,22,4
112900190,15,44,-29
112900192,913,769,144
112900193,1497,487,1010
112900194,104,22,82
112900195,1153,77,1076
112900196,415,508,-93
112900197,179,333,-154
112900199,1327,291,1036
112900200,1050,112,938
112900201,285,138,147
112900202,903,537,366
112900203,525,111,414
112900204,549,495,54
112900205,9,9,0
112900206,42,103,-61
112900207,31,0,31
112900208,110,523,-413
112900209,156,276,-120
112900210,1,16,-15
112900211,126,9,117
112900212,0,47,-47
112900213,111,6,105
112900214,26,21,5
112900215,29,54,-25
112900216,40,42,-2
112900217,1,37,-36
112900218,84,46,38
112900219,155,11,144
112900220,1,0,1
112900221,94,181,-87
112900222,2,95,-93
112900223,1500,33,1467
112900224,882,233,649
112900225,883,211,672
112900226,372,540,-168
112900227,1579,396,1183
112900228,142,79,63
112900229,638,10,628
112900230,12349,3664,8685
112900232,537,413,124
112900233,80,111,-31
112900234,65,12,53
112900235,15,19,-4
112900236,817,20,797
112900237,472,45,427
112900238,6,4,2
112900239,630,1401,-771
113000001,7405,6488,917
113000002,6201,4786,1415
113000003,2851,2116,735
113000004,2704,2669,35
113000005,2517,1755,762
113000006,1622,1913,-291
113000007,3597,1873,1724
113000008,2623,2202,421
113000009,2173,867,1306
113000010,1971,1363,608
113000011,1699,1433,266
113000012,2464,957,1507
113000013,1001,780,221
113000014,1292,3136,-1844
113000015,264,498,-234
113000016,355,1480,-1125
113000017,130,524,-394
113000018,445,80,365
113000019,333,280,53
113000020,348,126,222
113000021,1814,1138,676
113000022,1070,3060,-1990
113000025,178,1161,-983
113000026,715,1327,-612
113000027,708,2173,-1465
113000028,886,3408,-2522
113000029,1724,1042,682
113000030,266,521,-255
113000031,203,263,-60
113000032,334,462,-128
113000033,331,566,-235
113000034,234,170,64
113000035,50,100,-50
113000036,27,94,-67
113000037,100,59,41
113000038,32,102,-70
113000039,61,285,-224
113000040,63,163,-100
113000042,1025,659,366
113000051,1723,2760,-1037
113000052,3034,742,2292
113000053,1138,594,544
113000054,880,971,-91
113000055,2419,644,1775
113000056,2285,1266,1019
113000058,619,1071,-452
113000059,1225,426,799
113000060,523,602,-79
113000061,662,933,-271
113000062,597,483,114
113000063,711,89,622
113000064,149,204,-55
113000065,190,460,-270
113000066,1428,146,1282
113000067,4239,1141,3098
113000068,605,615,-10
113000069,879,448,431
113000070,4050,962,3088
113000071,893,501,392
113000072,1724,480,1244
113000073,459,1823,-1364
113000074,1184,598,586
113000075,2168,833,1335
113000076,462,4001,-3539
113000077,968,1454,-486
113000078,524,2449,-1925
113000079,486,1236,-750
113000080,721,1595,-874
113000081,1107,1303,-196
113000082,1213,1358,-145
113000083,720,1007,-287
113000084,2070,1524,546
113000085,1286,733,553
113000086,1260,1563,-303
113000087,1136,1805,-669
113000088,2697,1866,831
113000089,873,2210,-1337
113000090,289,1003,-714
113000091,296,652,-356
113000094,1899,428,1471
113000095,317,1222,-905
113000096,180,1498,-1318
113000097,1638,739,899
113000098,211,113,98
113000099,1513,715,798
113000100,133,812,-679
113000101,268,1282,-1014
113000102,929,954,-25
113000103,3434,425,3009
113000104,1113,4025,-2912
113000105,1266,636,630
113000106,545,508,37
113000107,1650,1208,442
113000108,1155,1182,-27
113000109,733,1969,-1236
113000110,6783,1054,5729
113000111,245,821,-576
113000112,738,470,268
113000113,1735,505,1230
113000114,420,1795,-1375
113000116,858,443,415
113000117,1611,196,1415
113000118,50,941,-891
113000119,495,565,-70
113000120,96,438,-342
113000121,545,2017,-1472
113000124,472,156,316
113000125,147,1509,-1362
113000127,1806,246,1560
113000128,2330,353,1977
113000129,516,1249,-733
113000133,4049,995,3054
113000134,3,1888,-1885
113000135,6133,6919,-786
113000137,1134,4248,-3114
113000139,522,601,-79
113000140,84,266,-182
113000141,153,447,-294
113000142,331,1913,-1582
113000143,371,206,165
113000144,349,525,-176
113000145,134,138,-4
113000146,287,72,215
113000147,234,91,143
113000148,386,155,231
113000149,281,276,5
113000150,712,491,221
113000151,58,51,7
113000152,42,331,-289
113000153,1780,450,1330
113000154,775,2170,-1395
113000155,589,992,-403
113000156,256,421,-165
113000157,400,582,-182
113000158,819,297,522
113000159,1237,641,596
113000160,839,534,305
113000161,737,313,424
113000162,1431,299,1132
113000163,218,38,180
113000164,35,76,-41
113000166,419,84,335
113000167,140,74,66
113000168,185,157,28
113000169,338,62,276
113000170,135,110,25
113000171,65,114,-49
113000172,512,69,443
113000173,77,23,54
113000174,310,161,149
113000175,768,97,671
113000176,728,68,660
113000177,260,154,106
113000178,235,162,73
113000179,492,131,361
113000180,1349,2222,-873
113000181,1747,793,954
113000182,148,498,-350
113000183,257,830,-573
113000184,34,91,-57
113000189,376,1326,-950
113000190,246,318,-72
113000192,649,8483,-7834
113000193,2071,5895,-3824
113000194,1211,5040,-3829
113000195,1896,5013,-3117
113000196,430,119,311
113000197,2798,4185,-1387
113000198,222,391,-169
113000199,2349,615,1734
113000201,497,939,-442
113000202,17341,4097,13244
113000203,155,910,-755
113000204,655,9085,-8430
113000205,19,7,12
113000206,19,92,-73
113000207,109,16,93
113000208,48,79,-31
113000209,15,18,-3
113000210,8,31,-23
113000211,100,497,-397
113000212,71,83,-12
113000213,83,193,-110
113000214,196,396,-200
113000234,376,731,-355
113000410,98,389,-291
113000411,2085,4239,-2154
113000412,5727,1919,3808
113000413,1201,3473,-2272
113000414,4410,15412,-11002
113000415,2527,1789,738
113000416,3485,2696,789
113000417,1764,1961,-197
113000418,5601,5938,-337
113000419,1967,3099,-1132
113000420,3347,7667,-4320
113000421,6098,9316,-3218
113000422,14618,11483,3135
113000423,1754,7543,-5789
113000424,4302,15143,-10841
113000425,36,94,-58
113000428,177,239,-62
113000430,8,863,-855
113000432,3683,303,3380
113000433,175,581,-406
113000434,15,114,-99
113000435,34,216,-182
113000436,28,655,-627
113000437,1978,47,1931
113000438,650,40,610
113000439,25,78,-53
113000440,207,44,163
113000441,422,268,154
113000442,358,44,314
113000443,551,137,414
113000444,523,77,446
113000445,186,77,109
113000446,50,137,-87
113000448,1244,375,869
113000449,179,1549,-1370
113000450,1756,3581,-1825
113000451,4776,465,4311
113000452,132,799,-667
113000453,33,1215,-1182
113000454,458,241,217
113000455,7,2688,-2681
113000456,4278,3182,1096
113000468,1039,102,937
113000469,82,343,-261
113000470,644,18,626
113000471,13,479,-466
113000472,167,323,-156
113000474,1824,973,851
113000475,1900,1294,606
113000476,3071,2337,734
113000477,6497,2153,4344
113000478,4094,3099,995
113000479,165,148,17
113000480,138,1207,-1069
113000483,0,1,-1
113000484,0,0,0
113000485,0,0,0
113000486,0,0,0
113000487,0,0,0
113000488,0,0,0
113000489,0,0,0
113000490,0,0,0
113000491,0,0,0
113000492,0,0,0
113000493,0,0,0
113000495,384,133,251
113000496,281,159,122
113000497,0,0,0
113000500,0,5,-5
113900001,39,2990,-2951
113900002,4,97,-93
113900003,4,305,-301
113900004,5,565,-560
113900005,7,959,-952
113900006,0,64,-64
113900007,109,35,74
113900008,36,0,36
113900009,57,1,56
113900010,133,3,130
113900011,260,1,259
113900012,152,2,150
113900013,144,9,135
113900014,1182,0,1182
113900015,0,48,-48
113900016,35,0,35
113900017,0,82,-82
113900018,253,347,-94
113900019,315,48,267
113900020,267,9,258
113900022,116,2,114
113900023,66,2,64
113900024,103,58,45
113900025,334,41,293
113900026,149,0,149
113900027,16,150,-134
113900028,53,197,-144
113900029,133,191,-58
113900030,459,3,456
113900031,176,9,167
113900032,46,3,43
113900033,97,65,32
113900035,71,3,68
113900036,45,107,-62
113900037,283,219,64
113900038,28,211,-183
113900039,364,44,320
113900040,51,78,-27
113900041,21,9,12
113900042,104,41,63
113900043,277,96,181
113900044,175,351,-176
113900045,97,3,94
113900046,410,1764,-1354
113900047,157,119,38
113900048,148,153,-5
113900049,242,521,-279
113900050,380,591,-211
113900051,357,272,85
113900052,145,107,38
113900053,888,1051,-163
113900054,78,2,76
113900055,116,432,-316
113900056,79,126,-47
113900057,23,31,-8
113900058,85,63,22
113900059,388,260,128
113900060,88,350,-262
113900061,652,126,526
113900062,240,28,212
113900063,200,108,92
113900064,36,74,-38
113900065,685,29,656
113900066,881,152,729
113900067,412,231,181
113900068,635,1107,-472
113900069,70,37,33
113900070,180,341,-161
113900071,156,39,117
113900072,68,73,-5
113900073,618,474,144
113900074,240,422,-182
113900075,1316,2922,-1606
113900076,200,14,186
113900077,116,167,-51
113900078,47,26,21
113900079,1,105,-104
113900080,738,215,523
113900081,121,103,18
113900082,230,280,-50
113900083,764,140,624
113900084,216,158,58
113900085,77,153,-76
113900086,105,12,93
113900087,128,92,36
113900088,122,129,-7
113900089,587,87,500
113900090,930,460,470
113900091,13,5,8
113900092,32,66,-34
113900093,84,1607,-1523
113900094,993,262,731
113900095,231,300,-69
113900096,461,105,356
113900097,35,33,2
113900098,1179,255,924
113900099,1,25,-24
113900100,0,1,-1
113900101,3,77,-74
113900102,87,152,-65
113900103,276,512,-236
113900104,126,479,-353
113900105,339,34,305
113900106,1,17,-16
113900107,4,12,-8
113900108,144,353,-209
113900109,349,328,21
113900110,51,43,8
113900111,271,89,182
113900112,273,49,224
113900113,2341,458,1883
113900114,0,20,-20
113900115,3,55,-52
113900116,54,291,-237
113900117,70,36,34
113900118,245,839,-594
113900119,159,431,-272
113900120,109,57,52
113900121,136,73,63
113900122,1088,4187,-3099
113900123,732,280,452
113900124,2,131,-129
113900125,1085,196,889
113900126,135,57,78
113900127,463,1088,-625
113900128,259,95,164
113900129,4,244,-240
113900130,7,786,-779
113900131,383,62,321
113900132,41,129,-88
113900133,10,12,-2
113900135,444,412,32
113900136,128,81,47
113900137,460,555,-95
113900138,52,346,-294
113900139,331,292,39
113900140,37,429,-392
113900141,938,292,646
113900142,180,54,126
113900143,23,69,-46
113900144,81,1167,-1086
113900145,408,151,257
113900146,274,64,210
113900148,97,376,-279
113900149,281,120,161
113900150,355,268,87
113900151,618,188,430
113900152,56,75,-19
113900153,178,754,-576
113900154,5,128,-123
113900155,57,261,-204
113900156,273,357,-84
113900157,77,472,-395
113900158,170,1457,-1287
113900159,15,285,-270
113900160,460,325,135
113900161,134,479,-345
113900162,220,2677,-2457
113900163,370,305,65
113900164,625,50,575
113900165,868,428,440
113900166,55,122,-67
113900167,526,47,479
113900168,85,62,23
113900169,225,408,-183
113900171,400,97,303
113900172,3,51,-48
113900173,29,311,-282
113900174,531,562,-31
113900175,394,238,156
113900176,461,228,233
113900177,302,236,66
113900178,369,248,121
113900179,51,221,-170
113900180,189,111,78
113900181,1439,262,1177
113900182,953,541,412
113900183,90,63,27
113900184,13,332,-319
113900185,149,50,99
113900186,59,20,39
113900187,45,119,-74
113900188,35,159,-124
113900189,389,244,145
113900190,212,98,114
113900191,127,163,-36
113900192,9,1147,-1138
113900193,14,86,-72
113900194,1408,513,895
113900195,271,531,-260
113900196,11,673,-662
113900197,0,106,-106
113900198,31,755,-724
113900199,98,489,-391
113900200,36,248,-212
113900201,1,62,-61
113900202,71,124,-53
113900203,0,27,-27
113900204,24,181,-157
113900205,6,44,-38
113900206,10,87,-77
113900207,0,46,-46
113900208,2,51,-49
113900209,0,57,-57
113900210,568,871,-303
113900211,303,99,204
113900212,403,278,125
113900214,404,741,-337
113900215,86,85,1
113900216,191,668,-477
113900217,189,86,103
113900218,141,111,30
113900219,213,1388,-1175
113900220,188,199,-11
113900221,403,424,-21
113900222,220,747,-527
113900223,153,277,-124
113900224,61,52,9
113900225,555,161,394
113900226,559,175,384
113900227,476,307,169
113900228,385,909,-524
113900229,51,1500,-1449
113900230,2114,3817,-1703
113900231,185,85,100
113900232,280,33,247
113900233,117,76,41
113900234,629,656,-27
113900235,167,41,126
113900236,483,129,354
113900237,309,11,298
113900238,321,849,-528
113900239,75,235,-160
113900240,6,257,-251
113900241,64,94,-30
113900242,74,430,-356
113900243,52,240,-188
113900244,148,239,-91
113900245,673,453,220
113900246,11,45,-34
113900247,127,834,-707
113900248,2639,2467,172
113900249,999,800,199
113900250,56,428,-372
113900251,1555,84,1471
113900252,1264,27,1237
113900253,1063,65,998
113900254,727,229,498
113900255,1008,28,980
113900256,606,39,567
113900257,24,300,-276
113900258,34,299,-265
113900259,1020,94,926
113900260,369,19,350
113900261,44,50,-6
113900262,263,342,-79
113900263,33,253,-220
113900264,1,248,-247
113900265,188,355,-167
113900266,21,165,-144
113900267,112,1229,-1117
113900268,456,515,-59
113900269,104,174,-70
113900270,212,814,-602
113900271,834,432,402
113900273,8,18,-10
113900274,91,48,43
113900275,15,192,-177
113900276,8,75,-67
113900277,272,12,260
113900278,308,227,81
113900279,108,92,16
113900280,2183,753,1430
113900281,287,1600,-1313
113900282,599,604,-5
113900283,555,686,-131
113900284,1275,225,1050
113900285,141,122,19
113900286,16,31,-15
113900287,82,25,57
113900288,4,171,-167
113900289,420,145,275
113900290,304,487,-183
113900291,128,116,12
113900292,11,7,4
113900293,0,239,-239
113900294,754,27,727
113900295,475,539,-64
113900296,3205,409,2796
113900297,2948,58,2890
113900298,19,1301,-1282
113900299,171,13,158
113900300,6078,5561,517
113900301,759,787,-28
113900302,1312,1284,28
113900303,225,991,-766
113900304,3,87,-84
113900305,271,2,269
113900306,170,1,169
113900307,14,11,3
113900308,89,139,-50
113900309,7,345,-338
113900310,0,7,-7
113900311,34,0,34
113900312,232,283,-51
113900313,17,4,13
114000001,1100,1992,-892
114000002,622,311,311
114000003,120,208,-88
114000004,604,231,373
114000005,555,167,388
114000006,1304,1614,-310
114000007,918,1006,-88
114000008,1863,2612,-749
114000009,1713,399,1314
114000011,4229,2229,2000
114000012,5174,1531,3643
114000013,2900,993,1907
114000014,650,127,523
114000015,3023,153,2870
114000016,423,99,324
114000017,166,896,-730
114000018,114,22,92
114000026,4098,1215,2883
114000027,6773,2681,4092
114000028,2951,4701,-1750
114000038,509,135,374
114000039,139,22,117
114000040,239,419,-180
114000042,206,179,27
114000043,93,35,58
114000044,571,27,544
114000045,29,44,-15
114000046,2583,4645,-2062
114000047,23,109,-86
114000048,163,58,105
114000049,2502,2223,279
114000050,2465,2600,-135
114000051,4211,2845,1366
114000052,4855,3239,1616
114000053,90,818,-728
114000054,236,720,-484
114000055,327,121,206
114000056,167,1215,-1048
114000057,4051,2361,1690
114000058,102,1320,-1218
114000059,41,1002,-961
114000060,977,817,160
114000061,3095,4192,-1097
114000062,566,2130,-1564
114000063,1236,1330,-94
114000064,1856,4546,-2690
114000065,931,2285,-1354
114000066,831,1162,-331
114000067,27,1338,-1311
114000068,600,1036,-436
114000069,1394,734,660
114000070,2783,2517,266
114000071,1214,575,639
114000072,991,179,812
114000073,18,21,-3
114000074,124,48,76
114000075,99,32,67
114000076,33,23,10
114000077,11,12,-1
114000078,423,372,51
114000079,487,62,425
114000080,83,91,-8
114000081,179,113,66
114000082,51,327,-276
114000083,100,80,20
114000084,393,111,282
114000085,87,235,-148
114000086,362,163,199
114000087,430,60,370
114000088,52,20,32
114000089,567,242,325
114000090,1535,1793,-258
114000091,1386,1077,309
114000092,838,594,244
114000093,1759,831,928
114000094,688,627,61
114000095,465,302,163
114000096,117,302,-185
114000097,153,249,-96
114000098,843,219,624
114000099,1265,112,1153
114000100,2552,462,2090
114000101,712,319,393
114000102,1012,483,529
114000103,116,197,-81
114000104,37,163,-126
114000105,293,153,140
114000106,968,3113,-2145
114000107,1019,153,866
114000108,738,812,-74
114000109,1175,2407,-1232
114000110,614,764,-150
114000111,3353,1637,1716
114000112,408,942,-534
114000113,1745,746,999
114000114,543,738,-195
114000115,2706,1245,1461
114000116,1477,3498,-2021
114000117,6148,925,5223
114000118,5091,717,4374
114000119,3906,717,3189
114000120,842,739,103
114000121,796,761,35
114000122,572,429,143
114000123,3552,458,3094
114000124,1803,558,1245
114000125,1384,1225,159
114000126,3014,327,2687
114000127,297,113,184
114000128,1219,269,950
114000130,546,500,46
114000131,373,214,159
114000132,880,375,505
114000133,728,1438,-710
114000134,112,42,70
114000138,45,122,-77
114000139,559,688,-129
114000144,968,1193,-225
114000145,85,60,25
114000146,161,92,69
114000147,1944,3469,-1525
114000148,958,2067,-1109
114000149,413,483,-70
114000150,290,735,-445
114000151,608,2629,-2021
114000152,117,46,71
114000153,643,2971,-2328
114000154,769,690,79
114000155,1388,3991,-2603
114000156,999,1150,-151
114000157,518,1946,-1428
114000158,1207,772,435
114000159,130,535,-405
114000160,64,754,-690
114000161,1288,3993,-2705
114000162,1949,3885,-1936
114000163,33,24,9
114000165,562,618,-56
114000166,713,702,11
114000167,2824,1597,1227
114000168,472,447,25
114000169,1357,2074,-717
114000170,1372,1939,-567
114000171,2152,10764,-8612
114000174,216,370,-154
114000176,245,645,-400
114000177,723,402,321
114000178,65,117,-52
114000179,1130,859,271
114000180,316,384,-68
114000181,1799,7561,-5762
114000182,1314,3129,-1815
114000183,739,786,-47
114000184,1493,702,791
114000185,1852,831,1021
114000189,2161,224,1937
114000190,5134,599,4535
114000191,134,370,-236
114000192,141,805,-664
114000193,244,847,-603
114000194,2063,914,1149
114000195,391,218,173
114000196,1,77,-76
114000197,3025,39,2986
114000198,661,355,306
114000199,1569,1813,-244
114000200,696,1140,-444
114000201,271,660,-389
114000202,1170,563,607
114000203,684,649,35
114000204,167,491,-324
114000205,295,1031,-736
114000206,1163,1268,-105
114000207,609,797,-188
114000208,629,1182,-553
114000209,382,1459,-1077
114000210,218,699,-481
114000211,1928,1356,572
114000212,1216,1095,121
114000213,2745,676,2069
114000214,83,71,12
114000215,306,104,202
114000216,2351,431,1920
114000217,721,233,488
114000218,387,93,294
114000219,2308,238,2070
114000220,53,602,-549
114000221,1756,272,1484
114000222,171,489,-318
114000223,919,149,770
114000224,57,488,-431
114000225,414,351,63
114000226,292,241,51
114000227,1256,705,551
114000228,1437,483,954
114000229,2085,1579,506
114000230,2295,1042,1253
114000231,1680,1817,-137
114000232,1528,218,1310
114000233,3626,116,3510
114000234,1656,589,1067
114000235,1880,1470,410
114000236,3,294,-291
114000237,214,621,-407
114000238,186,301,-115
114000239,170,813,-643
114000240,1179,1207,-28
114000241,336,721,-385
114000242,806,612,194
114000243,2879,1056,1823
114000244,710,328,382
114000245,612,997,-385
114000246,119,53,66
114000247,639,524,115
114000248,2249,825,1424
114000249,790,544,246
114000250,825,413,412
114000251,490,279,211
114000252,83,20,63
114000253,54,143,-89
114000254,113,90,23
114000255,647,304,343
114000256,543,2703,-2160
114000257,445,810,-365
114000258,465,258,207
114000259,244,310,-66
114000260,1,30,-29
114000261,63,51,12
114000262,438,139,299
114000263,14,1,13
114000264,2373,358,2015
114000265,0,3,-3
114000267,7,2272,-2265
114000268,37,526,-489
114000270,311,61,250
114000271,393,109,284
114000283,2104,369,1735
114000285,15,94,-79
114000288,206,375,-169
114000289,2726,147,2579
114000293,364,617,-253
114000294,342,408,-66
114000395,1837,31,1806
114000396,989,1080,-91
114000402,1401,193,1208
114000403,540,212,328
114000405,427,192,235
114000423,630,224,406
114000424,880,139,741
114000425,1678,212,1466
114000426,433,1067,-634
114000427,126,103,23
114000428,58,225,-167
114000429,13,136,-123
114000432,156,30,126
114000434,25,52,-27
114000435,32,57,-25
114000436,489,186,303
114000437,288,3637,-3349
114900001,928,368,560
114900002,623,181,442
114900003,1284,422,862
114900004,311,685,-374
114900005,889,304,585
114900006,120,160,-40
114900007,481,39,442
114900008,452,139,313
114900010,1252,2257,-1005
114900011,394,155,239
114900013,402,151,251
114900015,156,923,-767
114900018,1170,44,1126
114900020,181,129,52
114900022,41,713,-672
114900024,293,147,146
114900025,811,149,662
114900026,89,170,-81
114900027,326,189,137
114900029,57,34,23
114900030,425,248,177
114900031,797,35,762
114900032,839,25,814
114900033,564,2311,-1747
114900034,37,59,-22
114900035,99,340,-241
114900036,275,255,20
114900037,140,96,44
114900038,319,271,48
114900039,833,191,642
114900040,146,70,76
114900041,1693,133,1560
114900042,2054,260,1794
114900043,322,138,184
114900044,202,80,122
114900046,47,39,8
114900047,251,4954,-4703
114900048,72,172,-100
114900049,8,99,-91
114900050,72,105,-33
114900051,48,195,-147
114900052,47,232,-185
114900053,114,211,-97
114900054,42,31,11
114900057,299,27,272
114900058,0,29,-29
114900059,241,100,141
114900060,334,961,-627
114900061,101,44,57
114900062,203,351,-148
114900063,105,60,45
114900064,3440,247,3193
114900065,802,903,-101
114900067,58,401,-343
114900068,31,69,-38
114900069,138,47,91
114900070,870,339,531
114900072,4,304,-300
114900073,4,63,-59
114900074,1312,200,1112
114900075,522,22,500
114900076,9,242,-233
114900080,1000,111,889
114900082,2399,3804,-1405
114900083,542,1112,-570
114900090,820,284,536
114900091,112,151,-39
114900095,202,57,145
114900096,252,516,-264
114900097,282,12,270
114900098,8,78,-70
114900099,368,7,361
115000001,4854,2229,2625
115000002,6267,7544,-1277
115000003,5014,1848,3166
115000004,8037,8705,-668
115000005,2292,2454,-162
115000006,1836,2129,-293
115000007,279,264,15
115000008,533,798,-265
115000009,535,315,220
115000010,431,293,138
115000013,45,299,-254
115000015,29,323,-294
115000016,254,424,-170
115000019,77,639,-562
115000020,229,1382,-1153
115000021,249,467,-218
115000022,611,300,311
115000023,432,688,-256
115000024,904,410,494
115000025,1250,958,292
115000026,283,272,11
115000027,665,357,308
115000028,450,560,-110
115000029,1195,119,1076
115000030,874,1020,-146
115000031,1286,381,905
115000032,14,220,-206
115000033,214,56,158
115000034,117,1245,-1128
115000035,1459,96,1363
115000036,1,498,-497
115000037,803,35,768
115000038,103,160,-57
115000039,3323,4992,-1669
115000040,3979,2876,1103
115000041,2691,6188,-3497
115000042,590,771,-181
115000043,4834,3966,868
115000044,3792,3770,22
115000045,3330,1234,2096
115000046,4284,3505,779
115000047,4487,1798,2689
115000048,2993,2017,976
115000049,1501,3252,-1751
115000050,4450,1798,2652
115000051,2164,5464,-3300
115000052,1361,1541,-180
115000053,3692,3322,370
115000054,720,916,-196
115000055,186,947,-761
115000056,164,472,-308
115000057,639,1768,-1129
115000058,194,470,-276
115000059,270,390,-120
115000061,161,409,-248
115000062,272,629,-357
115000063,616,686,-70
115000064,324,204,120
115000065,98,560,-462
115000067,346,34,312
115000069,195,286,-91
115000070,51,1372,-1321
115000071,107,19,88
115000072,21,47,-26
115000073,1940,119,1821
115000075,146,70,76
115000076,2893,2556,337
115000077,3017,1387,1630
115000078,2629,880,1749
115000079,2491,1153,1338
115000080,4885,1540,3345
115000081,338,621,-283
115000082,6978,5866,1112
115000083,3170,1189,1981
115000084,4787,1283,3504
115000085,1850,760,1090
115000086,1965,703,1262
115000087,651,1799,-1148
115000088,2336,702,1634
115000089,1556,1415,141
115000090,652,1145,-493
115000091,367,465,-98
115000092,1247,926,321
115000093,776,2,774
115000094,5664,10242,-4578
115000095,4286,9553,-5267
115000096,1719,1072,647
115000097,2783,1557,1226
115000098,2416,683,1733
115000099,4023,1666,2357
115000100,2076,378,1698
115000101,835,868,-33
115000102,792,268,524
115000103,351,526,-175
115000105,118,98,20
115000106,1112,558,554
115000107,355,267,88
115000108,2202,2200,2
115000109,4493,6866,-2373
115000110,1649,3075,-1426
115000111,514,1421,-907
115000112,995,1378,-383
115000113,645,1190,-545
115000114,1475,738,737
115000116,3342,2459,883
115000117,2482,2682,-200
115000118,2665,2162,503
115000119,1754,2220,-466
115000120,728,1645,-917
115000121,750,968,-218
115000122,1004,2402,-1398
115000123,1414,2925,-1511
115000124,900,1521,-621
115000125,425,1505,-1080
115000126,208,564,-356
115000127,450,315,135
115000128,382,1086,-704
115000129,234,658,-424
115000130,593,543,50
115000131,1102,379,723
115000132,592,433,159
115000133,957,262,695
115000134,558,602,-44
115000135,443,302,141
115000136,339,377,-38
115000137,129,334,-205
115000138,583,320,263
115000139,308,299,9
115000140,564,247,317
115000141,371,170,201
115000142,345,76,269
115000143,1263,788,475
115000144,671,79,592
115000145,432,196,236
115000146,728,523,205
115000147,419,422,-3
115000148,523,576,-53
115000149,1175,337,838
115000150,986,491,495
115000151,2202,576,1626
115000152,1236,1202,34
115000153,2185,556,1629
115000154,1477,358,1119
115000155,1138,1196,-58
115000156,988,1213,-225
115000157,626,1310,-684
115000158,503,481,22
115000159,493,938,-445
115000160,757,863,-106
115000161,1622,577,1045
115000162,561,1276,-715
115000163,544,859,-315
115000164,545,972,-427
115000165,362,888,-526
115000167,115,170,-55
115000168,601,804,-203
115000169,420,1162,-742
115000170,111,218,-107
115000171,240,528,-288
115000172,973,911,62
115000173,379,1303,-924
115000174,99,703,-604
115000175,235,191,44
115000176,73,209,-136
115000177,69,236,-167
115000178,34,256,-222
115000179,29,68,-39
115000180,132,310,-178
115000181,1368,184,1184
115000182,1807,360,1447
115000183,731,553,178
115000186,844,248,596
115000187,241,534,-293
115000188,553,724,-171
115000189,292,370,-78
115000190,926,564,362
115000191,340,579,-239
115000194,137,189,-52
115000195,262,499,-237
115000196,349,134,215
115000197,480,168,312
115000198,843,165,678
115000199,869,136,733
115000200,780,204,576
115000201,259,232,27
115000206,646,43,603
115000207,417,281,136
115000208,374,880,-506
115000209,856,554,302
115000210,208,185,23
115000211,442,295,147
115000212,1418,499,919
115000224,391,101,290
115000225,171,84,87
115000229,357,134,223
115000230,128,1061,-933
115000231,433,903,-470
115000232,3473,403,3070
115000233,182,255,-73
115000234,45,258,-213
115000241,198,222,-24
115000242,290,108,182
115000243,153,146,7
115000244,9,191,-182
115000246,89,28,61
115000247,54,31,23
115000248,95,21,74
115000249,20,29,-9
115000250,472,21,451
115000251,468,72,396
115000252,111,267,-156
115000253,11,528,-517
115000258,629,81,548
115000259,347,121,226
115000261,23,16,7
115000262,23,69,-46
115000263,14,40,-26
115000264,21,38,-17
115000267,131,102,29
115000268,64,138,-74
115000269,177,56,121
115000270,4,20,-16
115000272,94,111,-17
115000273,804,64,740
115000280,2131,250,1881
115000281,347,752,-405
115000282,1133,1287,-154
115000284,117,207,-90
115000296,620,6,614
115000297,164,181,-17
115000298,55,561,-506
115000300,288,146,142
115000302,885,141,744
115000303,1634,104,1530
115000304,1555,92,1463
115000305,183,339,-156
115000306,319,126,193
115000307,199,143,56
115000308,14,32,-18
115000309,7,117,-110
115000310,2603,552,2051
115000311,2424,1408,1016
115000313,179,230,-51
115000314,1076,248,828
115000315,1228,1189,39
115000316,140,164,-24
115000317,254,476,-222
115000318,1080,487,593
115000319,95,186,-91
115000320,40,595,-555
115000321,364,15,349
115000322,103,165,-62
115000449,301,241,60
115000557,3,2782,-2779
115000558,192,202,-10
115000587,1048,351,697
115000588,2391,3177,-786
115000589,5015,3235,1780
115000590,985,2499,-1514
115000591,1849,1214,635
115000592,508,2490,-1982
115000593,2007,1355,652
115000594,384,3154,-2770
115000609,338,130,208
115000617,550,3392,-2842
115000624,634,21,613
115000633,361,1591,-1230
115000634,4247,1071,3176
115000635,883,172,711
115000638,275,458,-183
115000641,39,291,-252
115000642,299,267,32
115000643,137,479,-342
115000644,173,390,-217
115000646,992,1938,-946
115000647,339,693,-354
115000648,3897,1057,2840
115000893,2167,1712,455
115000894,194,812,-618
115000895,250,885,-635
115000896,1497,687,810
115000897,598,148,450
115000898,458,435,23
115000899,298,2174,-1876
115000900,44,459,-415
115000901,61,347,-286
115000912,644,106,538
115000913,3,28,-25
115000915,41,0,41
115000916,48,44,4
115000917,0,17,-17
115000918,94,822,-728
115000919,5,43,-38
115000920,10,64,-54
115000921,328,91,237
115000922,444,1387,-943
115000923,101,2251,-2150
115000925,243,203,40
115000927,73,120,-47
115000933,78,804,-726
115000934,147,158,-11
115000935,303,45,258
115000936,74,1394,-1320
115000937,750,308,442
115000938,31,265,-234
115000939,11,137,-126
115900001,271,5,266
115900002,106,90,16
115900003,292,69,223
115900004,1,25,-24
115900005,377,25,352
115900006,131,121,10
115900008,187,5,182
115900009,89,552,-463
115900010,678,79,599
115900011,541,395,146
115900012,401,6,395
115900013,397,128,269
115900014,155,196,-41
115900015,300,33,267
115900016,110,41,69
115900017,31,23,8
115900018,187,41,146
115900019,133,12,121
115900020,155,2,153
115900021,966,389,577
115900022,986,7,979
115900023,18,29,-11
115900025,72,247,-175
115900026,847,121,726
115900027,1,189,-188
115900028,361,76,285
115900029,20,248,-228
115900030,72,64,8
115900031,76,308,-232
115900032,476,745,-269
115900033,0,109,-109
115900034,27,171,-144
115900035,70,103,-33
115900036,48,2880,-2832
115900037,48,138,-90
115900038,76,20,56
115900039,234,141,93
115900041,163,1266,-1103
115900042,88,5,83
115900043,167,40,127
115900044,238,414,-176
115900046,687,137,550
115900047,194,313,-119
115900049,273,174,99
115900051,18,20,-2
115900052,7,117,-110
115900053,481,90,391
115900054,627,12,615
115900055,41,76,-35
115900056,366,140,226
115900057,15,20,-5
115900058,10,68,-58
115900060,81,317,-236
115900061,476,4,472
115900062,103,108,-5
115900063,45,3,42
115900064,184,295,-111
115900065,198,112,86
115900066,91,62,29
115900067,21,133,-112
115900068,1183,1767,-584
115900069,103,259,-156
115900070,315,72,243
115900071,0,107,-107
115900072,22,131,-109
115900073,171,212,-41
115900074,6,125,-119
115900075,64,133,-69
115900076,26,19,7
115900077,3,68,-65
115900078,29,114,-85
115900079,578,24,554
115900080,240,96,144
115900081,42,9,33
115900082,132,199,-67
115900084,895,63,832
115900085,82,96,-14
115900086,948,503,445
115900088,3,139,-136
115900089,957,369,588
115900090,948,3,945
115900091,14,35,-21
115900092,39,73,-34
115900093,12,34,-22
115900094,5,81,-76
115900096,34,10,24
115900097,10,111,-101
115900098,476,228,248
115900099,63,81,-18
115900100,31,177,-146
115900101,408,138,270
115900102,123,93,30
115900103,574,135,439
115900104,205,87,118
115900105,501,220,281
115900106,153,10,143
115900107,153,48,105
115900108,287,21,266
115900109,28,234,-206
115900110,26,10,16
115900111,0,67,-67
115900112,74,619,-545
115900113,92,25,67
115900114,3,97,-94
115900115,167,224,-57
115900116,116,390,-274
115900117,159,16,143
115900118,8,75,-67
115900119,283,149,134
115900120,49,163,-114
115900121,343,130,213
115900124,400,1223,-823
115900125,648,53,595
115900126,1555,101,1454
115900127,1261,55,1206
115900128,14,134,-120
115900129,905,57,848
115900130,11,601,-590
115900131,581,49,532
115900132,1117,10,1107
115900134,436,7,429
115900135,590,1316,-726
115900137,28,18,10
115900139,31,238,-207
115900140,654,70,584
115900141,6,97,-91
115900142,11,65,-54
115900143,492,868,-376
115900144,278,323,-45
115900146,23,27,-4
115900147,224,337,-113
115900148,53,5,48
115900149,382,15,367
115900150,199,25,174
115900151,53,141,-88
115900152,291,239,52
115900153,180,172,8
115900154,420,472,-52
115900155,0,22,-22
115900156,1007,1318,-311
115900157,497,692,-195
115900158,10,6,4
115900159,293,160,133
115900160,0,12,-12
115900161,51,340,-289
115900163,542,181,361
115900164,1099,22,1077
115900165,7,241,-234
115900166,141,149,-8
115900168,317,108,209
115900171,159,449,-290
115900172,106,126,-20
115900173,347,70,277
115900174,164,431,-267
115900175,267,210,57
115900178,2,181,-179
115900179,660,16,644
115900180,114,79,35
115900181,356,47,309
115900182,852,63,789
115900183,33,156,-123
115900184,415,11,404
115900187,9,315,-306
115900189,0,247,-247
115900190,274,1481,-1207
115900191,31,192,-161
115900192,36,92,-56
115900193,169,133,36
115900194,1320,81,1239
115900195,465,4017,-3552
115900198,444,312,132
115900199,478,101,377
115900200,331,110,221
115900201,356,508,-152
115900202,2,90,-88
115900203,9,24,-15
115900204,0,17,-17
115900205,20,6,14
115900206,544,60,484
115900207,46,7,39
115900208,156,39,117
115900209,9,71,-62
115900210,3,101,-98
115900211,1,138,-137
115900212,313,181,132
115900213,61,193,-132
115900214,899,103,796
115900215,26,328,-302
115900216,7,59,-52
115900217,6,25,-19
115900218,2,31,-29
115900219,218,3,215
115900220,442,4,438
115900221,203,14,189
115900222,195,75,120
115900223,12,947,-935
115900224,543,2707,-2164
115900225,37,88,-51
115900226,19,87,-68
115900227,8,67,-59
115900228,13,51,-38
115900229,5,59,-54
115900230,46,66,-20
115900231,171,14,157
115900232,144,3,141
115900233,231,8,223
115900234,113,33,80
115900235,30,81,-51
115900236,17,45,-28
115900237,46,21,25
115900238,51,6,45
115900239,33,12,21
115900240,29,25,4
115900241,361,65,296
115900242,462,653,-191
115900243,29,3,26
115900244,28,28,0
115900245,83,8,75
115900246,26,25,1
115900247,25,21,4
115900248,27,5,22
115900249,47,6,41
115900250,13,30,-17
115900251,6,1,5
115900252,6,0,6
115900253,35,32,3
115900254,13,56,-43
115900255,3,42,-39
115900256,28,56,-28
115900257,18,13,5
115900258,1,0,1
115900259,1,1,0
115900260,7,3,4
115900261,9,2,7
115900262,12,0,12
115900263,30,0,30
115900264,18,1,17
115900265,4,12,-8
115900266,9,27,-18
115900267,3,27,-24
115900268,1,13,-12
115900269,1118,182,936
115900270,479,110,369
115900271,296,0,296
115900272,69,3,66
115900273,29,37,-8
115900274,1,0,1
115900275,1,5,-4
115900276,0,29,-29
115900277,0,54,-54
115900278,89,135,-46
115900279,38,369,-331
115900280,15,1096,-1081
115900281,196,448,-252
115900282,19,45,-26
115900283,21,10,11
115900284,47,11,36
116000001,10468,2690,7778
116000002,6141,20178,-14037
116000003,1539,1959,-420
116000004,4661,8060,-3399
116000005,1453,4882,-3429
116000006,3642,5731,-2089
116000007,1912,7205,-5293
116000008,6947,5868,1079
116000009,994,1290,-296
116000010,4062,3110,952
116000011,760,1501,-741
116000012,2987,1648,1339
116000013,4811,5598,-787
116000014,11361,29257,-17896
116000015,134,2116,-1982
116000016,6366,7525,-1159
116000017,37,909,-872
116000018,625,678,-53
116000019,1590,470,1120
116000020,1006,2144,-1138
116000021,944,443,501
116000022,703,469,234
116000023,2496,1765,731
116000024,873,1214,-341
116000025,1534,1366,168
116000026,1867,4381,-2514
116000027,663,1066,-403
116000028,615,1631,-1016
116000029,525,562,-37
116000030,910,963,-53
116000031,113,237,-124
116000032,424,164,260
116000033,865,518,347
116000034,1140,1007,133
116000035,685,489,196
116000036,561,5018,-4457
116000037,274,730,-456
116000038,191,1939,-1748
116000039,337,1999,-1662
116000040,637,1680,-1043
116000041,148,1328,-1180
116000042,1128,1040,88
116000043,238,592,-354
116000044,18,34,-16
116000045,2472,1699,773
116000046,1217,2373,-1156
116000047,2236,3546,-1310
116000048,3641,1789,1852
116000049,2439,3902,-1463
116000050,2005,1405,600
116000051,5548,4003,1545
116000052,5495,5269,226
116000053,3519,763,2756
116000054,1515,3399,-1884
116000055,1468,1164,304
116000056,2228,1326,902
116000057,3361,1708,1653
116000058,4946,3871,1075
116000059,3646,5809,-2163
116000060,3309,1582,1727
116000061,712,2351,-1639
116000062,663,427,236
116000063,866,2683,-1817
116000066,318,1000,-682
116000067,317,371,-54
116000068,189,529,-340
116000069,369,244,125
116000078,709,1429,-720
116000080,2237,709,1528
116000082,32,22,10
116000083,2735,667,2068
116000084,1370,2366,-996
116000085,2652,2825,-173
116000086,852,571,281
116000087,4494,2774,1720
116000088,1248,1135,113
116000089,259,148,111
116000090,159,228,-69
116000091,259,652,-393
116000093,1194,556,638
116000094,1245,412,833
116000095,1432,846,586
116000096,2036,2246,-210
116000097,1832,781,1051
116000098,119,12587,-12468
116000099,6360,435,5925
116000100,442,28,414
116000101,1836,505,1331
116000102,357,878,-521
116000103,665,468,197
116000104,257,1176,-919
116000105,2044,209,1835
116000106,704,1088,-384
116000107,4189,289,3900
116000108,85,227,-142
116000111,247,37,210
116000113,261,189,72
116000114,35,135,-100
116000115,541,168,373
116000116,300,243,57
116000117,2182,1939,243
116000118,2718,1157,1561
116000119,5427,2003,3424
116000120,3593,2708,885
116000121,1411,855,556
116000122,1089,893,196
116000123,2181,608,1573
116000124,653,511,142
116000125,4740,983,3757
116000126,511,750,-239
116000127,1037,703,334
116000128,3423,1180,2243
116000129,2108,268,1840
116000130,1278,939,339
116000133,2464,766,1698
116000134,1886,1238,648
116000135,4491,1734,2757
116000136,1001,1406,-405
116000137,1670,1413,257
116000138,1961,1234,727
116000139,2393,4745,-2352
116000140,288,264,24
116000141,584,356,228
116000142,4013,2442,1571
116000143,2895,2256,639
116000144,2621,2047,574
116000145,3751,1177,2574
116000146,1421,107,1314
116000147,369,303,66
116000148,1294,1623,-329
116000149,1413,1096,317
116000151,769,612,157
116000153,127,423,-296
116000155,259,413,-154
116000156,945,1004,-59
116000157,122,16,106
116000158,611,278,333
116000159,10,20,-10
116000160,37,90,-53
116000161,6,77,-71
116000162,94,342,-248
116000163,72,34,38
116000164,18,44,-26
116000177,145,205,-60
116000194,134,324,-190
116000195,1741,745,996
116000196,7,4,3
116000197,6,5,1
116000198,2943,1378,1565
116000200,843,1047,-204
116000201,786,685,101
116000202,6,144,-138
116000203,7,68,-61
116000204,16,44,-28
116000205,1,107,-106
116000206,5,126,-121
116000207,9,43,-34
116000233,281,548,-267
116000287,330,161,169
116000288,542,213,329
116000292,121,65,56
116000296,12,130,-118
116000297,196,12,184
116000304,320,55,265
116000305,50,76,-26
116000346,257,86,171
116000352,167,91,76
116000354,36,128,-92
116000357,12,107,-95
116000358,675,125,550
116000361,62,1,61
116000372,4030,10545,-6515
116000381,171,1,170
116000388,4,27,-23
116000389,1249,384,865
116000445,1292,265,1027
116000446,1033,346,687
116000447,23,813,-790
116000448,690,161,529
116000563,1097,1079,18
116000565,45,304,-259
116000568,67,688,-621
116000579,20,79,-59
116000584,69,4,65
116000585,86,23,63
116000586,103,113,-10
116000587,467,474,-7
116000589,61,119,-58
116000590,170,117,53
116000591,343,204,139
116000592,5,49,-44
116000593,0,18,-18
116000594,1750,200,1550
116000595,1240,81,1159
116000596,230,7,223
116000597,1005,367,638
116000598,21,136,-115
116000602,21,633,-612
116000605,158,157,1
116000606,89,476,-387
116000607,1,17,-16
116000609,134,1592,-1458
116000611,377,218,159
116000612,2177,2789,-612
116000613,1264,443,821
116000614,519,253,266
116000615,0,762,-762
116000616,153,95,58
116000617,234,21,213
116000618,11,65,-54
116000619,74,123,-49
116000620,329,168,161
116000621,280,144,136
116000622,203,141,62
116000624,263,194,69
116000627,129,14,115
116000628,141,137,4
116000629,72,136,-64
116000630,1402,34,1368
116000631,704,35,669
116000632,1016,77,939
116000633,80,125,-45
116000634,1219,26,1193
116000635,2535,4474,-1939
116000636,446,1768,-1322
116000637,838,21,817
116000638,13,196,-183
116900001,520,248,272
116900002,488,3,485
116900003,93,22,71
116900004,83,145,-62
116900005,480,61,419
116900006,114,994,-880
116900007,140,465,-325
116900008,904,167,737
116900009,12,13,-1
116900010,0,712,-712
116900011,21,31,-10
116900012,401,491,-90
116900013,6,81,-75
116900014,366,54,312
116900015,950,43,907
116900016,403,4,399
116900017,4,673,-669
116900018,240,89,151
116900019,2,130,-128
116900020,589,2597,-2008
116900023,67,5,62
116900024,1168,41,1127
116900025,2022,595,1427
116900026,89,519,-430
116900027,79,83,-4
116900028,2,41,-39
116900029,3,197,-194
116900031,2,1,1
116900032,15,170,-155
116900033,79,11,68
116900034,3,31,-28
116900035,207,119,88
116900036,11,108,-97
116900038,48,3,45
116900041,99,27,72
116900042,195,220,-25
116900043,24,46,-22
116900047,19,273,-254
116900049,23,269,-246
116900050,89,299,-210
116900051,380,45,335
116900052,239,103,136
116900055,0,22,-22
116900057,33,138,-105
116900058,20,321,-301
116900059,1,86,-85
116900060,196,417,-221
116900062,2,12,-10
116900064,134,244,-110
116900065,25,106,-81
116900067,307,68,239
116900068,171,165,6
116900070,6,9,-3
116900072,50,148,-98
116900073,32,80,-48
116900074,1,32,-31
116900076,26,78,-52
116900077,4,52,-48
116900078,170,40,130
116900079,86,155,-69
116900080,6,20,-14
116900081,268,753,-485
116900082,254,1068,-814
116900083,10,17,-7
116900084,63,58,5
116900085,16,93,-77
116900086,73,152,-79
116900088,412,80,332
116900090,60,24,36
116900091,630,47,583
116900092,109,471,-362
116900093,4120,1851,2269
116900094,3964,8748,-4784
116900095,271,614,-343
116900096,141,711,-570
116900097,1712,5471,-3759
116900098,887,780,107
116900099,271,1302,-1031
116900100,1577,168,1409
116900101,244,717,-473
116900103,14,0,14
116900104,51,213,-162
116900105,539,309,230
116900106,4359,195,4164
116900107,1818,4165,-2347
116900110,49,0,49
116900111,1309,349,960
116900112,329,604,-275
116900113,1239,3717,-2478
116900116,31,2118,-2087
116900117,273,170,103
116900118,1979,1361,618
116900120,729,78,651
116900121,326,64,262
116900122,1623,331,1292
116900123,493,265,228
116900124,160,740,-580
116900125,868,130,738
116900126,97,851,-754
116900128,0,70,-70
116900129,2,253,-251
116900130,1190,6905,-5715
116900131,86,497,-411
116900132,104,133,-29
116900133,284,133,151
116900134,414,213,201
116900136,225,183,42
116900137,310,189,121
116900138,196,144,52
116900139,113,267,-154
116900140,161,76,85
116900141,550,207,343
116900142,4,87,-83
116900143,539,180,359
116900144,69,114,-45
116900145,95,176,-81
116900147,217,2608,-2391
116900148,7,47,-40
116900149,99,321,-222
116900150,26,19,7
116900151,120,75,45
116900153,276,127,149
116900154,240,764,-524
116900155,114,127,-13
116900157,1072,98,974
116900158,118,402,-284
116900159,89,838,-749
116900160,1425,1627,-202
116900161,5189,13681,-8492
116900162,26,89,-63
116900163,363,44,319
116900164,197,105,92
116900165,1037,739,298
116900166,138,32,106
116900167,684,74,610
116900168,742,45,697
116900169,317,2750,-2433
116900170,983,671,312
116900171,83,148,-65
116900172,143,692,-549
116900173,469,17,452
116900174,140,164,-24
116900175,464,676,-212
116900178,82,89,-7
116900179,110,625,-515
116900180,114,22,92
116900182,1947,386,1561
116900183,324,90,234
116900185,78,72,6
116900186,139,132,7
116900187,55,122,-67
116900188,199,32,167
116900189,181,7,174
116900191,301,559,-258
116900192,499,139,360
116900194,166,2431,-2265
116900195,65,31,34
116900196,20,51,-31
116900197,171,27,144
116900198,80,593,-513
116900200,236,5,231
116900201,368,16,352
116900202,107,12,95
116900203,232,20,212
116900204,73,234,-161
116900206,30,1,29
116900207,55,36,19
116900208,6,78,-72
116900209,20,33,-13
116900210,1035,532,503
116900211,332,9,323
116900212,207,17,190
116900213,474,141,333
116900214,449,208,241
116900215,80,88,-8
116900216,398,210,188
116900218,76,368,-292
116900219,703,288,415
116900220,180,402,-222
116900221,266,385,-119
116900222,646,356,290
116900223,97,266,-169
116900226,191,57,134
116900227,347,22,325
116900228,510,179,331
116900230,85,125,-40
116900231,137,191,-54
116900232,48,204,-156
116900233,605,131,474
116900234,60,19,41
116900235,167,303,-136
116900238,1008,272,736
116900239,1,1176,-1175
116900240,4412,5383,-971
116900241,224,51,173
116900242,488,1473,-985
116900243,10,45,-35
116900245,77,65,12
116900246,215,16,199
116900247,1520,74,1446
116900248,148,33,115
116900249,925,51,874
116900250,768,65,703
116900251,441,1621,-1180
116900252,302,588,-286
116900253,224,51,173
116900254,62,95,-33
116900255,299,198,101
116900256,745,123,622
116900257,38,182,-144
116900258,3,81,-78
116900259,553,13,540
116900260,0,34,-34
116900261,125,5,120
116900262,234,126,108
116900263,1,37,-36
116900264,2,12,-10
116900265,102,0,102
116900266,14,32,-18
116900267,15,1,14
116900268,267,257,10
116900269,607,1336,-729
116900271,693,680,13
116900272,606,356,250
116900273,58,594,-536
116900274,190,33,157
116900275,436,71,365
116900276,460,526,-66
116900277,230,32,198
116900278,4,11,-7
116900279,4,21,-17
116900280,59,25,34
116900281,3858,9000,-5142
116900282,9,22,-13
116900283,15,72,-57
116900284,15,82,-67
116900285,213,374,-161
116900286,167,19,148
116900287,11,5,6
116900288,228,58,170
116900289,38,3,35
116900290,26,7,19
116900291,80,23,57
116900292,0,44,-44
116900293,104,5,99
116900294,13,187,-174
116900295,145,518,-373
116900296,56,445,-389
116900297,5,150,-145
116900298,171,308,-137
116900299,54,362,-308
116900300,4,263,-259
116900301,41,1222,-1181
116900302,14,243,-229
116900303,172,190,-18
116900304,4,410,-406
116900305,46,51,-5
116900306,421,52,369
117000001,4655,4231,424
117000002,2504,4443,-1939
117000003,8389,5209,3180
117000004,2591,6313,-3722
117000005,5085,3087,1998
117000006,1349,2451,-1102
117000007,8956,1712,7244
117000008,1239,2804,-1565
117000009,6032,2309,3723
117000010,2032,2895,-863
117000011,4173,1823,2350
117000012,2481,1043,1438
117000013,3074,1150,1924
117000014,1674,2607,-933
117000015,4052,2043,2009
117000016,472,580,-108
117000017,141,1571,-1430
117000018,197,1800,-1603
117000019,62,1,61
117000020,1060,3906,-2846
117000021,2419,940,1479
117000022,261,867,-606
117000023,89,928,-839
117000024,168,1605,-1437
117000025,185,5138,-4953
117000026,2113,5504,-3391
117000027,1922,5548,-3626
117000028,1307,4567,-3260
117000030,404,531,-127
117000031,545,462,83
117000032,1708,2169,-461
117000033,2293,1255,1038
117000034,468,265,203
117000035,494,722,-228
117000036,627,415,212
117000037,545,292,253
117000038,431,737,-306
117000039,615,432,183
117000040,244,799,-555
117000041,2238,137,2101
117000044,10,692,-682
117000045,1234,294,940
117000046,397,735,-338
117000047,1068,1164,-96
117000048,1782,975,807
117000049,58,460,-402
117000050,442,1493,-1051
117000051,4398,79,4319
117000052,95,197,-102
117000053,1199,35,1164
117000054,2524,14,2510
117000055,5,1529,-1524
117000056,978,40,938
117000057,463,1900,-1437
117000060,685,1399,-714
117000061,3825,1964,1861
117000062,291,952,-661
117000063,3068,1276,1792
117000064,744,710,34
117000066,917,984,-67
117000067,188,916,-728
117000074,60,250,-190
117000076,79,52,27
117000077,314,230,84
117000078,199,690,-491
117000079,669,343,326
117000080,0,579,-579
117000081,1445,234,1211
117000082,26,94,-68
117000083,201,19,182
117000084,262,2,260
117000085,629,1368,-739
117000086,995,323,672
117000087,139,551,-412
117000088,464,249,215
117000089,3322,296,3026
117000090,472,898,-426
117000091,1975,238,1737
117000092,773,864,-91
117000093,2841,791,2050
117000094,1450,1434,16
117000095,5664,914,4750
117000096,958,1587,-629
117000097,3076,1335,1741
117000098,1822,2832,-1010
117000099,7340,1523,5817
117000100,314,528,-214
117000101,186,705,-519
117000102,3404,847,2557
117000103,656,994,-338
117000104,2759,892,1867
117000105,751,994,-243
117000106,3130,709,2421
117000107,732,1243,-511
117000108,4271,1329,2942
117000109,1043,1671,-628
117000110,3134,2879,255
117000111,5636,4873,763
117000112,5681,2019,3662
117000113,240,112,128
117000114,402,167,235
117000115,134,56,78
117000116,242,267,-25
117000117,2303,1603,700
117000118,522,269,253
117000119,159,1057,-898
117000120,106,2854,-2748
117000121,33,1788,-1755
117000122,1155,2257,-1102
117000123,3714,132,3582
117000124,114,238,-124
117000125,172,1224,-1052
117000126,47,39,8
117000127,175,706,-531
117000128,158,1897,-1739
117000129,343,2012,-1669
117000130,141,2,139
117000131,0,110,-110
117000132,6198,39,6159
117000133,4280,41,4239
117000134,1,229,-228
117000135,1,417,-416
117000136,1,69,-68
117000137,365,196,169
117000138,1,1218,-1217
117000140,516,970,-454
117000141,3747,667,3080
117000181,454,189,265
117000182,3090,1900,1190
117000195,211,1004,-793
117000196,482,261,221
117000225,85,424,-339
117000226,13,425,-412
117000276,566,44,522
117000277,1,154,-153
117000310,1508,3338,-1830
117000315,293,1030,-737
117000320,74,1,73
117000906,804,27,777
117000907,11,195,-184
117000908,6,459,-453
117000909,101,96,5
117000910,426,220,206
117000911,52,121,-69
117000915,18,233,-215
117000916,125,12,113
117000917,2680,99,2581
117000918,264,84,180
117000919,43,52,-9
117000920,1,1071,-1070
117000921,0,425,-425
117000922,44,73,-29
117000924,1111,1109,2
117000926,1022,731,291
117000927,327,1218,-891
117000928,0,162,-162
117000929,606,175,431
117000930,876,11,865
117000931,121,215,-94
117900002,94,1107,-1013
117900003,281,437,-156
117900005,7,342,-335
117900006,0,113,-113
117900007,248,105,143
117900008,0,24,-24
117900010,696,106,590
117900011,20,907,-887
117900012,139,57,82
117900013,0,194,-194
117900014,1036,197,839
117900015,23,73,-50
117900016,1123,1593,-470
117900017,1377,520,857
117900018,493,1602,-1109
117900019,1389,195,1194
117900020,78,504,-426
117900021,105,114,-9
117900022,60,4,56
117900023,3833,155,3678
117900024,83,91,-8
117900025,47,4,43
117900026,970,139,831
117900028,44,8,36
117900029,596,572,24
117900030,755,370,385
117900031,249,917,-668
117900032,1418,814,604
117900033,934,519,415
117900034,110,34,76
117900035,385,134,251
117900036,699,227,472
117900037,289,101,188
117900038,62,124,-62
117900039,1,40,-39
117900040,285,154,131
117900041,1,48,-47
117900042,3224,512,2712
117900043,2,44,-42
117900044,96,6352,-6256
117900045,412,176,236
117900048,519,102,417
117900049,504,265,239
117900050,14,1027,-1013
117900051,50,7,43
117900052,109,848,-739
117900053,2731,241,2490
117900054,1,28,-27
117900055,3121,508,2613
117900056,76,200,-124
117900057,990,1225,-235
117900058,18,155,-137
117900059,164,121,43
117900060,4470,2488,1982
117900061,26,697,-671
117900063,884,214,670
117900065,499,1045,-546
117900066,16,167,-151
117900067,1468,167,1301
117900069,1646,225,1421
117900070,67,386,-319
117900071,249,125,124
117900073,1214,278,936
117900074,54,747,-693
117900075,184,73,111
117900076,53,122,-69
117900077,974,163,811
117900078,607,940,-333
117900080,329,75,254
117900081,278,344,-66
117900082,1086,571,515
117900083,994,402,592
117900086,354,60,294
117900087,330,53,277
117900088,1236,1519,-283
117900089,3754,892,2862
117900090,943,482,461
117900091,146,71,75
117900092,235,47,188
117900093,206,43,163
117900094,110,47,63
117900095,631,680,-49
117900096,267,531,-264
117900097,428,87,341
117900098,78,16,62
117900099,280,656,-376
117900100,951,2,949
117900101,1056,3640,-2584
117900102,151,46,105
117900103,97,9,88
117900104,7,336,-329
117900105,97,141,-44
117900106,232,56,176
117900107,79,6,73
117900109,1350,418,932
117900110,344,28,316
117900111,919,57,862
117900112,112,16,96
117900113,1503,3479,-1976
117900114,63,0,63
117900115,71,371,-300
117900116,895,766,129
117900117,1268,171,1097
117900118,227,3,224
117900119,373,46,327
117900120,949,40,909
117900121,165,274,-109
117900122,1315,8437,-7122
117900123,1451,388,1063
117900124,653,579,74
117900125,2148,1877,271
117900126,182,422,-240
117900127,862,227,635
117900128,536,271,265
117900129,204,0,204
117900130,1030,508,522
117900131,3,104,-101
117900132,21,102,-81
117900133,49,64,-15
117900134,83,323,-240
117900135,19,105,-86
117900136,0,13,-13
117900137,86,279,-193
117900138,0,5,-5
117900139,131,112,19
117900140,4901,1054,3847
117900141,160,340,-180
117900142,26,624,-598
117900144,33,1969,-1936
117900145,11,244,-233
117900146,181,416,-235
117900147,154,121,33
117900148,4134,3889,245
117900149,168,121,47
117900150,73,152,-79
117900151,54,162,-108
117900152,110,165,-55
117900153,17,236,-219
117900154,784,572,212
117900156,613,741,-128
117900157,143,497,-354
117900158,561,179,382
117900160,1223,1035,188
117900161,1351,1375,-24
117900162,1293,581,712
117900163,15,847,-832
117900165,0,11,-11
117900166,67,679,-612
117900168,73,195,-122
117900169,3,59,-56
117900170,18,17,1
117900171,1,19,-18
117900172,28,18,10
117900173,121,190,-69
117900174,38,55,-17
117900175,9,26,-17
117900176,19,26,-7
117900177,36,11,25
117900178,132,51,81
117900180,246,62,184
117900181,49,765,-716
117900182,1,83,-82
117900183,97,163,-66
117900184,60,97,-37
117900185,104,41,63
117900186,106,24,82
117900187,34,16,18
117900188,317,61,256
117900189,122,40,82
117900190,34,2,32
117900191,144,0,144
117900192,430,2,428
117900193,6,68,-62
117900194,12,2,10
117900195,18,175,-157
117900196,32,36,-4
117900207,93,231,-138
117900208,35,20,15
117900209,208,75,133
117900210,191,128,63
117900211,22,73,-51
117900212,175,293,-118
117900213,115,3,112
117900214,7,21,-14
117900215,44,42,2
117900216,35,134,-99
117900217,73,498,-425
117900218,91,218,-127
117900219,2,247,-245
117900220,28,625,-597
117900222,364,128,236
117900223,151,388,-237
118000001,1010,2516,-1506
118000002,646,1618,-972
118000003,2563,5977,-3414
118000004,1524,5736,-4212
118000005,4701,5276,-575
118000006,4061,7353,-3292
118000007,5907,11807,-5900
118000008,1449,6515,-5066
118000009,1826,4306,-2480
118000010,5878,5656,222
118000011,2655,2309,346
118000012,1262,2269,-1007
118000013,3036,2712,324
118000014,2283,1727,556
118000016,374,314,60
118000017,1378,662,716
118000018,641,445,196
118000019,1652,2890,-1238
118000020,828,4172,-3344
118000021,668,4351,-3683
118000022,1183,1178,5
118000023,538,494,44
118000024,669,1709,-1040
118000027,10675,11435,-760
118000029,653,1270,-617
118000032,277,3469,-3192
118000033,2788,7209,-4421
118000034,3929,5038,-1109
118000035,2709,3554,-845
118000036,1083,1736,-653
118000037,1129,1889,-760
118000038,1025,161,864
118000039,126,170,-44
118000040,2279,1901,378
118000041,4625,1990,2635
118000045,373,353,20
118000046,1197,2381,-1184
118000047,733,4822,-4089
118000048,1567,5279,-3712
118000051,1103,5913,-4810
118000052,513,2627,-2114
118000053,475,1272,-797
118000054,3711,1190,2521
118000055,2938,2162,776
118000056,193,891,-698
118000057,230,498,-268
118000058,2393,6471,-4078
118000059,1921,3742,-1821
118000060,1744,834,910
118000061,1830,1613,217
118000062,620,398,222
118000063,581,1631,-1050
118000064,910,1972,-1062
118000065,2131,2153,-22
118000066,1991,5287,-3296
118000067,657,744,-87
118000068,1053,11496,-10443
118000069,1693,1920,-227
118000070,7141,3256,3885
118000071,4796,12526,-7730
118000072,1072,4256,-3184
118000073,667,2206,-1539
118000074,810,640,170
118000075,711,427,284
118000076,2495,8630,-6135
118000077,1330,2793,-1463
118000078,2448,4182,-1734
118000079,307,836,-529
118000080,786,1561,-775
118000081,1862,2963,-1101
118000082,396,1918,-1522
118000083,1708,2749,-1041
118000084,2632,3766,-1134
118000086,196,811,-615
118000087,5245,3416,1829
118000088,1457,2418,-961
118000089,4758,4044,714
118000090,1720,4548,-2828
118000091,1353,6549,-5196
118000092,1194,966,228
118000093,118,994,-876
118000096,779,1032,-253
118000097,725,940,-215
118000098,316,323,-7
118000099,1412,648,764
118000101,2865,596,2269
118000102,600,777,-177
118000107,3317,842,2475
118000108,845,5434,-4589
118000110,0,49,-49
118000111,3,180,-177
118000112,1355,3,1352
118000113,16,219,-203
118000114,1192,16,1176
118000115,27,9,18
118000116,29,0,29
118000117,784,1206,-422
118000118,1443,2626,-1183
118000119,1433,2589,-1156
118000120,1704,1708,-4
118000121,18,738,-720
118000122,864,401,463
118000123,47,336,-289
118000125,1209,1969,-760
118000126,857,2765,-1908
118000127,1679,1432,247
118000128,404,2783,-2379
118000129,2078,1031,1047
118000130,2731,3538,-807
118000131,357,1031,-674
118000132,4782,3819,963
118000133,1913,860,1053
118000135,789,1311,-522
118000136,179,912,-733
118000137,737,183,554
118000138,519,419,100
118000139,684,130,554
118000140,4869,11587,-6718
118000141,4149,2195,1954
118000142,3847,2124,1723
118000143,4938,2149,2789
118000144,1045,553,492
118000145,1876,1348,528
118000146,2037,447,1590
118000147,1662,1275,387
118000148,989,1599,-610
118000149,1387,699,688
118000150,1036,271,765
118000151,1562,460,1102
118000153,2864,1278,1586
118000154,2133,1649,484
118000155,4443,1566,2877
118000156,3671,4708,-1037
118000157,1030,522,508
118000158,330,582,-252
118000159,49,124,-75
118000160,1396,463,933
118000161,1071,388,683
118000162,1818,1319,499
118000163,1620,1388,232
118000164,2713,2009,704
118000168,627,1494,-867
118000169,1263,1006,257
118000170,4002,3334,668
118000171,592,547,45
118000172,139,240,-101
118000173,1318,2068,-750
118000175,423,427,-4
118000176,583,693,-110
118000177,574,920,-346
118000178,59,64,-5
118000179,1095,1635,-540
118000180,1071,780,291
118000181,917,244,673
118000182,367,280,87
118000183,361,342,19
118000184,1864,605,1259
118000185,1004,2791,-1787
118000186,831,1957,-1126
118000187,3409,541,2868
118000188,1270,76,1194
118000189,1314,473,841
118000190,13,4,9
118000191,24,12,12
118000192,22,331,-309
118000193,25,415,-390
118000194,2232,975,1257
118000195,268,5654,-5386
118000196,209,717,-508
118000197,106,232,-126
118000198,581,2206,-1625
118000199,490,1400,-910
118000200,116,862,-746
118000201,255,1113,-858
118000202,98,360,-262
118000203,457,1465,-1008
118000204,65,813,-748
118000205,88,350,-262
118000206,364,327,37
118000207,0,67,-67
118000208,1825,1991,-166
118000209,3492,1197,2295
118000210,214,61,153
118000211,133,92,41
118000213,486,5737,-5251
118000214,454,1137,-683
118000215,597,119,478
118000216,7818,2189,5629
118000217,39,66,-27
118000218,144,69,75
118000219,436,334,102
118000220,13,63,-50
118000221,663,726,-63
118000222,66,14,52
118000223,145,56,89
118000224,199,100,99
118000225,180,1764,-1584
118000226,1535,205,1330
118000227,1033,551,482
118000228,108,661,-553
118000229,64,610,-546
118000230,228,182,46
118000231,80,317,-237
118000232,1288,463,825
118000233,2154,935,1219
118000234,935,260,675
118000236,439,493,-54
118000237,216,316,-100
118000238,410,191,219
118000239,405,359,46
118000240,250,129,121
118000241,321,213,108
118000242,892,289,603
118000243,467,217,250
118000244,91,66,25
118000246,1,65,-64
118000255,76,403,-327
118000256,207,238,-31
118000259,14,94,-80
118000260,318,69,249
118000261,122,15,107
118000263,165,233,-68
118000266,266,308,-42
118000267,3,417,-414
118000268,260,6,254
118000270,179,8,171
118000271,329,221,108
118000272,119,54,65
118000273,456,58,398
118000274,131,304,-173
118000276,792,443,349
118000295,23,139,-116
118000298,187,164,23
118000299,74,91,-17
118000301,1,112,-111
118000302,160,31,129
118000311,1522,78,1444
118000312,538,140,398
118000313,136,93,43
118000314,190,28,162
118000315,133,26,107
118000316,1448,583,865
118000325,158,43,115
118000326,102,40,62
118000331,28,15,13
118000332,13,24,-11
118000333,45,40,5
118000335,917,0,917
118000336,0,164,-164
118000407,525,52,473
118000457,7,127,-120
118000465,888,4086,-3198
118000480,59,59,0
118000489,21,872,-851
118000490,8,200,-192
118000492,738,248,490
118000510,38,36,2
118000514,86,1002,-916
118000515,750,1508,-758
118000517,751,172,579
118000524,195,570,-375
118000525,699,864,-165
118000530,41,247,-206
118000531,719,222,497
118000532,459,256,203
118000533,296,131,165
118000534,996,435,561
118000535,572,181,391
118000536,98,831,-733
118000537,36,166,-130
118000538,37,113,-76
118000539,75,202,-127
118000540,254,230,24
118000541,132,107,25
118000542,201,498,-297
118000543,279,394,-115
118000546,98,32,66
118000560,1478,3695,-2217
118000562,35,133,-98
118000563,1572,1193,379
118000576,270,77,193
118000577,192,166,26
118000578,91,57,34
118000579,892,2650,-1758
118000595,393,125,268
118000596,0,639,-639
118000597,180,84,96
118000598,23,4,19
118000599,177,60,117
118000600,1,34,-33
118000601,26,1,25
118000602,0,7,-7
118000603,0,7,-7
118900001,648,1560,-912
118900002,850,1489,-639
118900003,877,16,861
118900004,60,68,-8
118900005,110,12,98
118900006,300,6,294
118900007,6,3,3
118900008,1443,49,1394
118900009,99,149,-50
118900010,115,16,99
118900011,261,25,236
118900012,452,254,198
118900013,1073,528,545
118900015,523,103,420
118900016,9,16,-7
118900017,34,293,-259
118900018,1603,67,1536
118900019,11,20,-9
118900020,67,279,-212
118900021,191,630,-439
118900022,217,50,167
118900023,147,233,-86
118900024,188,195,-7
118900025,43,43,0
118900026,86,27,59
118900027,389,211,178
118900028,324,134,190
118900029,277,588,-311
118900030,1089,87,1002
118900031,228,38,190
118900032,465,102,363
118900033,402,910,-508
118900034,306,36,270
118900035,188,88,100
118900036,1698,614,1084
118900037,381,788,-407
118900038,770,63,707
118900039,1031,115,916
118900040,382,156,226
118900041,981,220,761
118900042,250,124,126
118900045,379,219,160
118900046,648,514,134
118900047,495,577,-82
118900048,149,970,-821
118900049,97,43,54
118900050,65,11,54
118900051,42,182,-140
118900052,369,633,-264
118900053,30,113,-83
118900054,300,46,254
118900055,256,28,228
118900056,49,471,-422
118900057,1221,740,481
118900058,568,637,-69
118900059,23,110,-87
118900060,81,68,13
118900062,355,193,162
118900064,238,860,-622
118900065,77,138,-61
118900066,134,84,50
118900067,3290,6350,-3060
118900068,20,396,-376
118900069,941,269,672
118900071,3,29,-26
118900072,993,601,392
118900073,416,140,276
118900074,329,118,211
118900075,179,33,146
118900076,306,331,-25
118900077,522,180,342
118900078,16,6,10
118900079,110,140,-30
118900080,66,56,10
118900081,87,84,3
118900082,2471,289,2182
118900083,41,3,38
118900084,17,21,-4
118900085,726,489,237
118900086,86,208,-122
118900087,93,821,-728
118900088,4,5,-1
118900089,23,28,-5
118900090,652,198,454
118900091,103,380,-277
118900092,515,69,446
118900093,113,21,92
118900096,43,51,-8
118900097,416,691,-275
118900099,82,221,-139
118900100,120,336,-216
118900101,319,256,63
118900102,38,113,-75
118900103,37,277,-240
118900104,407,117,290
118900105,323,126,197
118900107,158,38,120
118900108,182,90,92
118900110,1322,1467,-145
118900111,1190,475,715
118900112,239,374,-135
118900113,128,365,-237
118900114,20,286,-266
118900115,135,601,-466
118900116,124,205,-81
118900117,135,162,-27
118900118,401,263,138
118900119,258,194,64
118900120,178,450,-272
118900121,68,120,-52
118900122,10,1321,-1311
118900123,257,370,-113
118900124,207,195,12
118900126,65,581,-516
118900129,410,304,106
118900130,31,342,-311
118900131,601,204,397
118900132,423,249,174
118900133,9,215,-206
118900135,365,218,147
118900136,377,305,72
118900137,29,96,-67
118900139,451,190,261
118900140,729,467,262
118900141,205,78,127
118900144,249,255,-6
118900145,84,84,0
118900146,604,575,29
118900147,112,579,-467
118900148,108,66,42
118900150,148,742,-594
118900152,811,622,189
118900157,56,262,-206
118900158,209,45,164
118900159,1,92,-91
118900161,85,20,65
118900163,84,138,-54
118900164,1,71,-70
118900165,155,59,96
118900166,28,0,28
118900167,136,65,71
118900168,25,337,-312
118900169,212,166,46
118900170,416,50,366
118900171,66,51,15
118900174,126,53,73
118900175,855,600,255
118900176,325,336,-11
118900177,117,30,87
118900178,133,146,-13
118900179,10,31,-21
118900181,151,110,41
118900182,34,100,-66
118900183,37,215,-178
118900184,439,181,258
118900185,229,81,148
118900186,111,125,-14
118900187,221,451,-230
118900188,330,352,-22
118900189,109,952,-843
118900190,100,213,-113
118900191,665,29,636
118900192,468,11,457
118900193,1339,8,1331
118900195,211,525,-314
118900196,92,193,-101
118900197,481,25,456
118900198,37,5,32
118900199,172,11,161
118900200,43,26,17
118900201,60,92,-32
118900202,20,59,-39
118900203,40,5,35
118900204,45,10,35
118900205,4,2,2
118900206,1,6,-5
119000001,2377,4328,-1951
119000002,5082,7573,-2491
119000003,5519,940,4579
119000004,4155,2625,1530
119000005,3177,3770,-593
119000006,5475,2366,3109
119000007,5902,5167,735
119000008,2659,2109,550
119000009,4352,9271,-4919
119000010,5068,5398,-330
119000011,3054,4257,-1203
119000012,1412,4246,-2834
119000013,4519,2948,1571
119000014,1828,2888,-1060
119000019,449,275,174
119000020,4194,2866,1328
119000021,9465,5630,3835
119000022,1714,6701,-4987
119000023,277,267,10
119000024,3225,27321,-24096
119000025,4611,1381,3230
119000026,85,1055,-970
119000027,211,488,-277
119000028,2404,645,1759
119000029,91,447,-356
119000030,825,1140,-315
119000031,1470,776,694
119000032,3908,2749,1159
119000033,3082,1333,1749
119000034,2192,972,1220
119000035,62,286,-224
119000036,3823,566,3257
119000037,2245,959,1286
119000038,329,388,-59
119000039,1030,543,487
119000040,1268,1467,-199
119000041,963,1906,-943
119000048,2934,2079,855
119000049,3983,1805,2178
119000050,1817,1598,219
119000051,3188,1364,1824
119000052,3818,3268,550
119000053,2759,1441,1318
119000054,5162,1863,3299
119000055,8890,2880,6010
119000056,5463,2184,3279
119000057,2646,1341,1305
119000058,2571,1390,1181
119000059,1413,1427,-14
119000060,2447,1051,1396
119000061,1591,776,815
119000062,1529,1347,182
119000063,1058,654,404
119000064,1135,1303,-168
119000065,1738,4669,-2931
119000066,2968,1644,1324
119000067,2571,1592,979
119000068,2746,1146,1600
119000069,2629,2038,591
119000070,4876,865,4011
119000071,812,683,129
119000072,6715,4198,2517
119000073,5287,14329,-9042
119000074,2346,1727,619
119000075,5867,2871,2996
119000076,283,2453,-2170
119000077,795,1290,-495
119000078,674,575,99
119000079,191,1470,-1279
119000080,1065,317,748
119000081,515,1336,-821
119000082,1299,440,859
119000083,1115,632,483
119000084,455,544,-89
119000085,1137,155,982
119000086,467,850,-383
119000087,1180,430,750
119000088,341,195,146
119000089,128,269,-141
119000090,140,78,62
119000091,126,347,-221
119000092,745,207,538
119000093,4829,2789,2040
119000094,5765,7313,-1548
119000095,3499,4594,-1095
119000097,2207,1132,1075
119000098,1858,6556,-4698
119000099,2904,1350,1554
119000100,6837,4087,2750
119000101,5055,2421,2634
119000102,680,2214,-1534
119000103,1218,1120,98
119000104,1650,1011,639
119000105,1338,4377,-3039
119000106,597,725,-128
119000107,1902,822,1080
119000108,886,520,366
119000109,211,1574,-1363
119000110,507,1492,-985
119000111,58,1424,-1366
119000112,338,377,-39
119000113,1598,621,977
119000114,2509,1979,530
119000115,211,225,-14
119000116,126,174,-48
119000117,270,635,-365
119000118,12,2,10
119000123,3431,4966,-1535
119000124,1632,226,1406
119000125,7536,525,7011
119000126,1908,493,1415
119000127,1347,413,934
119000128,16,2,14
119000131,1785,277,1508
119000132,4,5,-1
119000133,3,11,-8
119000134,1598,729,869
119000135,284,397,-113
119000136,489,61,428
119000137,447,190,257
119000138,1324,114,1210
119000139,303,113,190
119000140,552,483,69
119000284,1186,2316,-1130
119000285,2060,1646,414
119000286,4746,3611,1135
119000287,1930,1810,120
119000288,2759,1057,1702
119000289,1563,3415,-1852
119000290,358,311,47
119000291,69,263,-194
119000293,237,288,-51
119000294,80,60,20
119000295,1789,250,1539
119000296,377,187,190
119000302,1921,1682,239
119000303,20,394,-374
119000314,1847,19071,-17224
119000315,0,157,-157
119000316,400,82,318
119000317,211,106,105
119900001,217,2223,-2006
119900002,342,321,21
119900003,36,416,-380
119900004,162,3327,-3165
119900005,476,100,376
119900006,237,610,-373
119900007,980,351,629
119900008,41,40,1
119900009,690,447,243
119900010,1065,1833,-768
119900011,37,457,-420
119900012,20,226,-206
119900013,2549,2522,27
119900014,697,429,268
119900015,458,91,367
119900016,81,74,7
119900017,75,62,13
119900018,1273,1826,-553
119900019,100,12,88
119900020,166,169,-3
119900021,364,97,267
119900022,142,1676,-1534
119900023,511,4235,-3724
119900025,680,37,643
119900026,616,155,461
119900027,43,35,8
119900028,311,301,10
119900029,4,3,1
119900030,842,430,412
119900031,160,1158,-998
119900033,1935,424,1511
119900034,1250,58,1192
119900037,272,4,268
119900038,86,733,-647
119900039,82,52,30
119900040,220,29,191
119900041,363,17,346
119900042,184,334,-150
119900043,206,201,5
119900044,259,1314,-1055
119900046,395,27,368
119900047,691,281,410
119900048,85,9,76
119900049,288,5,283
119900050,387,323,64
119900051,1416,9,1407
119900052,156,15,141
119900053,491,152,339
119900054,510,8,502
119900055,2179,593,1586
119900057,459,37,422
119900058,652,18,634
119900059,174,45,129
119900060,537,78,459
119900062,191,14,177
119900063,33,101,-68
119900064,825,121,704
119900065,302,4,298
119900066,2,0,2
119900067,249,10,239
119900068,1090,7,1083
119900069,215,27,188
119900070,1760,6,1754
119900071,1462,77,1385
119900073,1406,502,904
119900074,71,73,-2
119900075,1933,2300,-367
119900076,1750,247,1503
119900077,1779,390,1389
119900078,1110,694,416
119900079,1047,143,904
119900080,2391,944,1447
119900081,907,22,885
119900082,2990,412,2578
119900083,457,101,356
119900084,794,613,181
119900085,65,36,29
119900087,498,1041,-543
119900088,54,24,30
119900089,124,180,-56
119900090,114,35,79
119900091,70,210,-140
119900092,65,259,-194
119900093,2361,355,2006
119900094,52,178,-126
119900095,145,83,62
119900096,34,136,-102
119900097,291,283,8
119900098,61,52,9
119900099,42,169,-127
119900100,671,3426,-2755
119900101,158,2926,-2768
119900102,92,169,-77
119900103,107,147,-40
119900104,61,141,-80
119900105,1059,8326,-7267
119900106,3,100,-97
119900107,266,1346,-1080
119900108,7256,772,6484
119900109,47,107,-60
119900110,1259,400,859
119900111,183,79,104
119900112,784,987,-203
119900113,74,249,-175
119900114,422,665,-243
119900115,749,436,313
119900116,266,649,-383
119900117,678,329,349
119900118,224,254,-30
119900119,561,160,401
119900120,652,453,199
119900121,848,451,397
119900122,106,206,-100
119900123,219,428,-209
119900124,337,327,10
119900125,50,234,-184
119900126,4048,303,3745
119900127,875,530,345
119900128,738,398,340
119900129,578,201,377
119900130,23,158,-135
119900131,47,107,-60
119900132,13,108,-95
119900133,247,112,135
119900134,720,125,595
119900135,3,216,-213
119900136,142,244,-102
119900138,220,384,-164
119900139,33,183,-150
119900140,11,184,-173
119900141,50,1475,-1425
119900142,34,39,-5
119900143,51,555,-504
119900144,1153,278,875
119900145,138,124,14
119900146,202,257,-55
119900147,3,277,-274
119900148,622,50,572
119900149,638,8455,-7817
119900150,128,138,-10
119900151,2631,1090,1541
119900152,393,168,225
119900153,400,60,340
119900154,44,176,-132
119900155,85,67,18
119900156,9,11,-2
119900157,343,154,189
119900158,392,69,323
119900159,9,364,-355
119900160,60,90,-30
119900161,184,165,19
119900162,1675,1034,641
119900163,70,170,-100
119900164,3,3,0
119900165,338,85,253
119900166,147,65,82
119900167,17,82,-65
119900168,2047,420,1627
119900169,65,429,-364
119900170,152,337,-185
119900171,1270,381,889
119900172,90,52,38
119900173,19,157,-138
119900174,10,125,-115
119900175,2845,390,2455
119900177,48,113,-65
119900178,14,111,-97
119900179,361,1343,-982
119900180,1700,1059,641
119900181,31,161,-130
119900182,15,167,-152
119900183,186,510,-324
119900184,862,464,398
119900185,97,382,-285
119900186,17,2243,-2226
119900187,14,168,-154
119900188,308,317,-9
119900189,269,425,-156
119900190,138,514,-376
119900191,260,680,-420
119900192,72,144,-72
119900193,830,150,680
119900194,58,103,-45
119900195,400,197,203
119900196,391,166,225
119900197,527,281,246
119900198,253,340,-87
119900199,238,38,200
119900200,1034,649,385
119900201,311,180,131
119900202,130,454,-324
119900203,199,872,-673
119900204,565,446,119
119900205,1539,373,1166
119900206,566,130,436
119900208,211,260,-49
119900209,984,3062,-2078
119900210,74,26,48
119900211,133,22,111
119900212,537,310,227
119900213,7,73,-66
119900214,93,20,73
119900215,86,18,68
119900216,37,21,16
119900217,38,23,15
119900218,21,183,-162
119900219,18,67,-49
119900220,13,22,-9
119900221,113,121,-8
119900222,43,64,-21
119900223,29,32,-3
119900224,39,11,28
119900225,371,39,332
119900226,300,2740,-2440
119900227,354,311,43
119900228,63,178,-115
119900229,159,335,-176
119900230,1206,303,903
119900231,464,91,373
119900232,234,160,74
119900233,129,8,121
119900234,19,229,-210
119900235,6,63,-57
119900236,47,163,-116
119900237,106,852,-746
119900238,0,150,-150
119900240,162,120,42
119900241,225,173,52
119900242,2187,1945,242
119900244,688,1233,-545
119900245,265,277,-12
119900246,250,834,-584
119900247,21,137,-116
119900248,63,603,-540
119900249,642,180,462
119900253,1449,400,1049
119900254,100,1698,-1598
119900255,210,1542,-1332
119900256,1696,789,907
119900257,215,4,211
119900258,532,61,471
119900259,14,49,-35
119900260,430,27,403
119900261,784,263,521
119900262,2,102,-100
119900263,2065,329,1736
119900264,229,76,153
119900265,1367,239,1128
119900266,695,253,442
119900267,254,329,-75
119900268,293,115,178
119900269,3530,670,2860
119900271,49,112,-63
119900272,265,571,-306
119900275,193,70,123
119900276,207,9,198
119900277,25,10,15
119900278,515,158,357
119900279,147,472,-325
119900280,616,124,492
119900281,2,549,-547
119900282,71,254,-183
119900283,53,114,-61
119900284,106,142,-36
119900285,4,133,-129
119900286,1,22,-21
119900288,11,6,5
119900289,0,8,-8
119900290,4,3,1
119900291,0,76,-76
119900292,55,42,13
119900293,53,4,49
119900294,56,1,55
119900295,0,0,0
119900296,0,0,0
119900299,126,105,21
119900300,491,255,236
119900301,110,230,-120
119900302,78,251,-173
119900303,562,348,214
119900304,389,11,378
119900305,5,85,-80
119900306,30,1,29
119900307,93,63,30
119900308,4,21,-17
119900309,63,420,-357
119900310,385,334,51
119900311,270,57,213
119900312,305,89,216
119900313,439,236,203
119900314,452,623,-171
119900315,3447,1213,2234
119900318,21,108,-87
119900319,37,185,-148
119900320,409,524,-115
119900321,271,19,252
119900322,9,73,-64
119900323,2,103,-101
119900324,0,31,-31
119900325,162,64,98
119900326,27,43,-16
120000001,11690,39910,-28220
120000002,3441,3022,419
120000003,2892,1794,1098
120000004,3467,1412,2055
120000005,2936,1734,1202
120000006,1638,1096,542
120000007,3398,6186,-2788
120000008,1177,1402,-225
120000009,1723,996,727
120000010,3002,2837,165
120000011,1407,1483,-76
120000012,2315,2397,-82
120000013,5239,3309,1930
120000014,1095,1650,-555
120000015,3608,1849,1759
120000016,6139,2630,3509
120000017,6646,5337,1309
120000018,4321,24880,-20559
120000019,1601,2314,-713
120000020,3728,5272,-1544
120000021,2782,3255,-473
120000022,3534,5250,-1716
120000023,2093,2584,-491
120000024,1632,3436,-1804
120000025,4374,2060,2314
120000026,5104,2660,2444
120000027,3938,3265,673
120000028,1506,5707,-4201
120000029,1278,5022,-3744
120000030,264,1357,-1093
120000031,3115,7414,-4299
120000032,6004,3714,2290
120000033,5907,1952,3955
120000034,4365,1339,3026
120000035,5382,2686,2696
120000036,5434,7722,-2288
120000037,915,2535,-1620
120000038,7904,4354,3550
120000039,1416,1260,156
120000040,127,2093,-1966
120000041,765,1905,-1140
120000042,2768,1440,1328
120000043,6785,1027,5758
120000044,9382,1870,7512
120000045,12712,1050,11662
120000046,7614,5030,2584
120000047,626,14495,-13869
120000048,9225,5667,3558
120000049,5320,4180,1140
120000050,4906,5887,-981
120000051,3387,5668,-2281
120000052,8812,1531,7281
120000053,1872,1844,28
120000054,1940,2916,-976
120000055,2259,3569,-1310
120000056,7256,4564,2692
120000057,7098,2470,4628
120000058,1883,3541,-1658
120000059,30,2691,-2661
120000061,149,765,-616
120000062,226,555,-329
120000063,930,2082,-1152
120000064,418,849,-431
120000065,606,1106,-500
120000066,510,504,6
120000067,33,339,-306
120000068,299,334,-35
120000069,1089,491,598
120000070,278,498,-220
120000071,1389,96,1293
120000072,1715,564,1151
120000073,1586,132,1454
120000074,147,201,-54
120000075,1788,802,986
120000076,4084,545,3539
120000077,4134,1008,3126
120000078,4124,1643,2481
120000079,450,203,247
120000080,260,280,-20
120000081,518,150,368
120000082,432,326,106
120000083,139,1168,-1029
120000084,434,478,-44
120000085,330,491,-161
120000086,324,348,-24
120000087,470,324,146
120000088,1191,1028,163
120000089,1673,422,1251
120000090,1434,450,984
120000091,1897,917,980
120000092,1975,596,1379
120000093,1320,720,600
120000094,459,1348,-889
120000095,1235,389,846
120000096,484,440,44
120000098,1699,487,1212
120000099,715,566,149
120000100,1235,769,466
120000101,1152,616,536
120000102,1313,1559,-246
120000103,2315,1547,768
120000104,3570,667,2903
120000105,5093,613,4480
120000106,5017,750,4267
120000107,9528,831,8697
120000108,3240,159,3081
120000109,1991,75,1916
120000110,79,808,-729
120000111,143,709,-566
120000112,847,1653,-806
120000113,654,1303,-649
120000114,684,1486,-802
120000115,456,1382,-926
120000116,622,1537,-915
120000117,645,1174,-529
120000118,60,69,-9
120000119,56,45,11
120000120,237,246,-9
120000121,23,42,-19
120000122,283,1128,-845
120000123,3016,14549,-11533
120000124,789,623,166
120000125,1700,645,1055
120000126,509,2352,-1843
120000127,1414,2693,-1279
120000128,2769,6736,-3967
120000129,262,270,-8
120000130,1305,720,585
120000131,900,882,18
120000134,526,322,204
120000135,1870,833,1037
120000137,406,358,48
120000138,3057,230,2827
120000139,520,250,270
120000140,2125,244,1881
120000141,568,529,39
120000142,1524,395,1129
120000143,0,91,-91
120000144,301,18,283
120000145,1215,2,1213
120000146,1218,2169,-951
120000149,768,815,-47
120000150,2482,15189,-12707
120000151,684,443,241
120000152,1506,177,1329
120000153,1025,572,453
120000154,1110,866,244
120000155,314,556,-242
120000156,427,3451,-3024
120000157,1589,556,1033
120000158,1784,848,936
120000159,2272,2369,-97
120000160,3315,2500,815
120000161,5017,3059,1958
120000162,224,426,-202
120000163,1348,666,682
120000164,1371,223,1148
120000165,1382,501,881
120000166,2460,378,2082
120000167,698,775,-77
120000168,41,2408,-2367
120000169,169,4910,-4741
120000170,51,4891,-4840
120000171,31,1881,-1850
120000172,19,917,-898
120000173,374,4945,-4571
120000174,63,117,-54
120000175,75,150,-75
120000176,86,110,-24
120000177,1040,206,834
120000178,16,71,-55
120000179,69,139,-70
120000180,143,205,-62
120000181,322,5025,-4703
120000182,114,2258,-2144
120000183,8,1559,-1551
120000184,388,3291,-2903
120000186,43,2280,-2237
120000187,38,1350,-1312
120000188,41,1895,-1854
120000190,83,167,-84
120000191,177,250,-73
120000192,162,52,110
120000193,65,7,58
120000195,31,1,30
120000196,72,17,55
120000197,12,19,-7
120000198,528,31,497
120000199,671,0,671
120000200,548,3,545
120000201,91,106,-15
120000202,22,63,-41
120000203,236,163,73
120000207,3,38,-35
120000208,31,62,-31
120000209,6,31,-25
120000210,117,48,69
120000211,444,7,437
120000212,464,0,464
120000213,451,120,331
120000214,1,155,-154
120000215,6,132,-126
120000216,434,42,392
120000217,374,967,-593
120000218,72,517,-445
120000219,6,340,-334
120000220,1,847,-846
120000225,3979,10,3969
120000226,927,7,920
120000227,1601,246,1355
120000228,20438,6277,14161
120000230,925,47,878
120000231,3169,1083,2086
120000233,945,40,905
120000235,540,431,109
120000236,2393,6,2387
120000237,2,671,-669
120000238,2,1783,-1781
120000241,1709,6333,-4624
120000412,371,6,365
120000413,814,128,686
120000414,447,3,444
120000415,1,17,-16
120000416,210,1,209
120000417,14,119,-105
120000418,510,29,481
120000419,17,144,-127
120000420,67,15,52
120000421,8687,5183,3504
120000422,165,3398,-3233
120000423,1,135,-134
120000424,375,106,269
120000436,146,1520,-1374
120000437,90,167,-77
120000438,1967,375,1592
120000439,368,1126,-758
120000443,200,0,200
120000444,2535,412,2123
120000445,3435,1561,1874
120000446,1851,242,1609
120000447,459,1,458
120000449,442,3,439
120000450,5,121,-116
120000451,260,247,13
120000452,1025,4,1021
120000453,0,78,-78
120000454,63,136,-73
120000455,179,65,114
120000456,4730,7419,-2689
120000457,583,453,130
120000458,601,518,83
120000459,269,120,149
120000665,315,530,-215
120000668,183,7475,-7292
120000669,289,167,122
120000670,106,3717,-3611
120000671,3982,1341,2641
120000672,80,518,-438
120900001,108,77,31
120900002,207,1228,-1021
120900003,286,19,267
120900004,22,300,-278
120900005,34,547,-513
120900006,1144,412,732
120900007,372,85,287
120900008,907,524,383
120900009,662,47,615
120900010,1084,330,754
120900011,191,412,-221
120900012,50,2230,-2180
120900013,647,203,444
120900014,1,380,-379
120900015,1493,209,1284
120900016,2671,130,2541
120900017,2445,46,2399
120900018,280,304,-24
120900019,826,750,76
120900020,719,1689,-970
120900021,1146,249,897
120900022,21,275,-254
120900023,649,74,575
120900024,2429,619,1810
120900025,1321,1262,59
120900026,178,208,-30
120900027,848,35,813
120900028,972,315,657
120900029,71,1394,-1323
120900030,4061,1093,2968
120900031,552,191,361
120900032,2217,85,2132
120900033,2454,177,2277
120900034,24,5808,-5784
120900035,99,187,-88
120900037,576,29,547
120900038,231,797,-566
120900039,229,82,147
120900040,815,11,804
120900041,54,30,24
120900042,1254,38,1216
120900043,145,81,64
120900044,17,704,-687
120900045,111,50,61
120900046,1284,12,1272
120900047,410,352,58
120900048,429,58,371
120900049,1294,9,1285
120900050,1280,3794,-2514
120900051,668,130,538
120900052,1547,14,1533
120900053,942,53,889
120900054,1060,346,714
120900055,1177,8,1169
120900056,1732,64,1668
120900057,529,45,484
120900058,1194,2,1192
120900059,293,8,285
120900060,144,54,90
120900061,350,178,172
120900062,725,5,720
120900063,1954,21,1933
120900064,1484,1,1483
120900065,1400,3,1397
120900066,1119,152,967
120900067,458,179,279
120900068,773,0,773
120900069,771,16,755
120900071,50,2,48
120900072,2024,14,2010
120900073,1667,40,1627
120900074,1484,85,1399
120900076,792,2,790
120900077,1700,378,1322
120900078,1663,455,1208
120900079,2110,95,2015
120900080,1844,494,1350
120900081,2892,426,2466
120900082,350,649,-299
120900083,152,3,149
120900084,1006,963,43
120900085,70,132,-62
120900086,102,965,-863
120900087,821,426,395
120900088,327,1275,-948
120900089,1891,5805,-3914
120900090,664,117,547
120900091,522,1298,-776
120900092,384,291,93
120900093,1303,150,1153
120900094,243,183,60
120900095,575,40,535
120900096,161,235,-74
120900097,929,544,385
120900098,83,224,-141
120900099,128,59,69
120900100,113,284,-171
120900101,203,190,13
120900102,72,87,-15
120900103,198,268,-70
120900104,16,71,-55
120900105,81,320,-239
120900106,511,235,276
120900107,174,148,26
120900108,29,259,-230
120900109,44,276,-232
120900110,66,248,-182
120900111,250,295,-45
120900112,70,327,-257
120900113,47,374,-327
120900114,76,159,-83
120900115,220,347,-127
120900116,996,227,769
120900117,35,177,-142
120900118,27,274,-247
120900119,17919,3637,14282
120900120,87,358,-271
120900121,51,373,-322
120900122,1629,223,1406
120900123,15,146,-131
120900124,1,206,-205
120900125,10,411,-401
120900126,610,792,-182
120900127,32,201,-169
120900128,439,868,-429
120900129,15,140,-125
120900130,51,295,-244
120900131,263,340,-77
120900132,2000,192,1808
120900133,46,428,-382
120900134,194,256,-62
120900135,7,335,-328
120900136,103,422,-319
120900137,742,111,631
120900138,21,197,-176
120900139,7,307,-300
120900140,16,623,-607
120900141,637,214,423
120900142,10,161,-151
120900143,0,309,-309
120900144,0,58,-58
120900145,252,465,-213
120900146,1,246,-245
120900147,3,284,-281
120900148,286,133,153
120900149,1,125,-124
120900150,172,229,-57
120900151,0,170,-170
120900152,0,6,-6
120900153,0,0,0
120900154,1,93,-92
120900155,378,303,75
120900156,158,133,25
120900157,3,7,-4
120900158,135,213,-78
120900159,14,31,-17
120900160,69,427,-358
120900161,244,417,-173
120900162,119,1235,-1116
120900163,403,4612,-4209
120900164,1,107,-106
120900165,4,376,-372
120900166,80,1232,-1152
120900167,273,113,160
120900169,177,187,-10
120900170,304,6871,-6567
120900171,395,226,169
120900172,575,5457,-4882
120900173,0,55,-55
120900174,18,105,-87
120900175,192,125,67
120900176,30,642,-612
120900177,4,3164,-3160
120900178,0,1077,-1077
120900179,260,332,-72
120900180,117,490,-373
120900181,51,52,-1
120900182,36,160,-124
120900183,1133,191,942
120900184,361,90,271
120900185,2126,2183,-57
120900186,1,152,-151
120900187,1062,1048,14
120900188,489,15,474
120900189,158,5669,-5511
120900190,288,4,284
120900191,97,26,71
120900192,5822,20987,-15165
120900194,200,213,-13
120900195,147,249,-102
120900196,683,50,633
120900197,1181,254,927
120900198,188,404,-216
120900199,611,678,-67
120900200,61,193,-132
120900201,232,118,114
120900202,0,167,-167
120900203,43,97,-54
120900204,96,254,-158
120900205,141,32,109
120900206,89,102,-13
120900207,97,924,-827
121000001,794,2482,-1688
121000002,3301,3137,164
121000003,6157,2580,3577
121000004,3163,4868,-1705
121000005,2340,3335,-995
121000006,4786,4343,443
121000007,2714,8419,-5705
121000008,5445,8703,-3258
121000009,5053,11496,-6443
121000010,8807,9667,-860
121000011,8520,14688,-6168
121000012,16436,10174,6262
121000013,8120,9540,-1420
121000014,7905,6678,1227
121000015,6594,11995,-5401
121000016,5656,5730,-74
121000017,3611,2448,1163
121000018,5249,2797,2452
121000019,10281,9611,670
121000020,13595,20527,-6932
121000021,2814,2380,434
121000022,3872,4875,-1003
121000023,3447,1369,2078
121000024,6762,6502,260
121000025,462,1944,-1482
121000026,626,244,382
121000027,2335,1978,357
121000028,1331,1139,192
121000029,1187,863,324
121000030,1044,725,319
121000031,675,1183,-508
121000032,268,260,8
121000034,469,581,-112
121000035,238,338,-100
121000036,1417,1634,-217
121000037,849,2224,-1375
121000038,485,1493,-1008
121000039,318,482,-164
121000041,696,792,-96
121000042,312,566,-254
121000043,704,976,-272
121000044,1928,1827,101
121000045,659,328,331
121000046,1287,1266,21
121000047,80,110,-30
121000049,1250,958,292
121000050,379,3036,-2657
121000051,841,463,378
121000052,772,1839,-1067
121000053,452,240,212
121000054,83,738,-655
121000055,1104,4889,-3785
121000056,1408,1933,-525
121000057,303,995,-692
121000058,342,311,31
121000059,4505,2084,2421
121000060,857,1724,-867
121000061,98,606,-508
121000062,232,1127,-895
121000063,1094,1758,-664
121000064,990,1692,-702
121000065,199,1503,-1304
121000066,828,1966,-1138
121000067,482,1075,-593
121000068,674,761,-87
121000069,226,2078,-1852
121000070,2000,2055,-55
121000071,2444,2883,-439
121000072,1655,1558,97
121000073,1654,2336,-682
121000074,234,425,-191
121000075,28,275,-247
121000076,510,417,93
121000077,214,253,-39
121000078,100,348,-248
121000080,2962,860,2102
121000081,5759,5913,-154
121000082,151,527,-376
121000083,134,229,-95
121000084,246,397,-151
121000085,526,704,-178
121000086,1466,787,679
121000087,121,385,-264
121000088,1069,795,274
121000089,179,981,-802
121000090,258,622,-364
121000091,1607,1257,350
121000092,345,98,247
121000093,419,315,104
121000094,511,1460,-949
121000095,191,1637,-1446
121000096,7880,3959,3921
121000097,694,4112,-3418
121000098,904,660,244
121000099,1220,812,408
121000100,1549,207,1342
121000101,628,257,371
121000102,429,166,263
121000103,282,147,135
121000104,291,76,215
121000105,600,167,433
121000106,521,227,294
121000107,2475,3681,-1206
121000109,1613,1102,511
121000110,288,955,-667
121000114,6641,3400,3241
121000115,6067,1224,4843
121000116,530,2048,-1518
121000117,366,435,-69
121000118,2353,408,1945
121000119,479,370,109
121000120,725,412,313
121000121,675,2436,-1761
121000123,1277,630,647
121000126,67,660,-593
121000127,267,168,99
121000128,1480,288,1192
121000129,1411,351,1060
121000130,961,795,166
121000131,1524,1372,152
121000132,1017,1825,-808
121000135,441,846,-405
121000136,1186,2053,-867
121000137,1079,631,448
121000138,768,2366,-1598
121000139,376,943,-567
121000141,360,444,-84
121000142,822,1038,-216
121000143,181,16,165
121000144,602,1300,-698
121000145,967,1222,-255
121000146,1531,2342,-811
121000147,1667,1115,552
121000148,1340,1270,70
121000149,3287,4031,-744
121000152,524,546,-22
121000153,2214,712,1502
121000154,2459,933,1526
121000155,3894,1747,2147
121000156,591,1769,-1178
121000157,1149,2065,-916
121000158,350,379,-29
121000159,324,507,-183
121000160,514,577,-63
121000161,370,595,-225
121000162,280,131,149
121000165,1859,3009,-1150
121000166,30,665,-635
121000168,832,368,464
121000169,132,191,-59
121000170,523,130,393
121000171,78,383,-305
121000172,1553,1581,-28
121000173,2351,2483,-132
121000174,1046,1168,-122
121000175,2794,868,1926
121000176,718,427,291
121000177,999,857,142
121000178,71,131,-60
121000179,32,68,-36
121000181,533,541,-8
121000182,307,623,-316
121000183,96,356,-260
121000184,75,529,-454
121000185,50,575,-525
121000186,424,1218,-794
121000187,475,132,343
121000188,517,106,411
121000192,1169,748,421
121000193,1041,505,536
121000194,2303,2567,-264
121000195,378,1897,-1519
121000196,1026,585,441
121000197,149,2805,-2656
121000198,211,539,-328
121000199,232,556,-324
121000200,1105,365,740
121000201,14,373,-359
121000202,1003,339,664
121000203,1039,2746,-1707
121000204,4901,1093,3808
121000205,144,553,-409
121000206,145,201,-56
121000207,3264,989,2275
121000208,16,261,-245
121000209,1139,86,1053
121000210,1165,324,841
121000211,722,232,490
121000212,738,567,171
121000213,25539,4820,20719
121000214,1407,3367,-1960
121000215,1196,3568,-2372
121000216,745,980,-235
121000217,5059,5209,-150
121000218,581,3326,-2745
121000219,2286,1380,906
121000220,280,110,170
121000221,303,859,-556
121000222,5229,4528,701
121000223,261,1594,-1333
121000224,167,941,-774
121000225,782,5664,-4882
121000226,1383,2289,-906
121000227,15,198,-183
121000228,34,975,-941
121000229,765,845,-80
121000230,59,3569,-3510
121000231,2129,28,2101
121000232,914,527,387
121000233,855,458,397
121000234,18,57,-39
121000235,74,101,-27
121000236,9,115,-106
121000237,31,33,-2
121000238,26,158,-132
121000239,121,5,116
121000240,14,238,-224
121000241,165,11,154
121000242,101,931,-830
121000243,254,99,155
121000244,9,147,-138
121000245,28,27,1
121000246,5,218,-213
121000247,268,4,264
121000248,688,2196,-1508
121000249,97,367,-270
121000250,824,527,297
121000251,37,325,-288
121000252,203,176,27
121000253,552,523,29
121000254,1264,272,992
121000255,236,400,-164
121000256,460,313,147
121000257,38,199,-161
121000258,123,281,-158
121000259,34,146,-112
121000260,63,124,-61
121000261,142,178,-36
121000262,2814,633,2181
121000263,717,587,130
121000271,1844,2773,-929
121000273,29,14,15
121000274,53,165,-112
121000275,1,16,-15
121000276,21,77,-56
121000278,96,44,52
121000279,50,58,-8
121000280,48,82,-34
121000289,671,35,636
121000290,2517,2431,86
121000294,425,43,382
121000297,494,1555,-1061
121000299,131,2246,-2115
121000300,2595,1270,1325
121000302,27,1087,-1060
121000303,763,332,431
121000304,707,188,519
121000305,394,157,237
121000306,326,401,-75
121000308,154,409,-255
121000309,381,512,-131
121000310,151,407,-256
121000311,67,537,-470
121000312,874,760,114
121000313,407,434,-27
121000314,37,83,-46
121000315,37,78,-41
121000530,2821,2910,-89
121000531,2841,2190,651
121000532,8447,9804,-1357
121000533,4693,5987,-1294
121000918,44,82,-38
121000919,30,120,-90
121000938,134,219,-85
121000939,62,339,-277
121000956,2662,1843,819
121000957,3,53,-50
121000958,12,359,-347
121000959,1910,390,1520
121000960,2294,1512,782
121000961,495,130,365
121000962,1470,710,760
121000973,0,335,-335
121000976,16,172,-156
121000979,794,241,553
121000981,537,224,313
121000982,453,243,210
121000983,776,298,478
121000984,19,136,-117
121000985,1342,450,892
121000986,822,155,667
121000987,280,706,-426
121000988,1703,210,1493
121001302,372,209,163
121001308,0,112,-112
121001309,37,563,-526
121001313,373,86,287
121001314,2043,2548,-505
121001315,8302,5733,2569
121900001,251,475,-224
121900002,24,74,-50
121900003,549,59,490
121900004,96,843,-747
121900005,34,14,20
121900006,172,29,143
121900007,2995,2551,444
121900008,59,449,-390
121900009,1969,38,1931
121900010,331,3,328
121900011,494,251,243
121900012,6,0,6
121900013,369,85,284
121900014,3352,526,2826
121900015,153,250,-97
121900016,6,51,-45
121900017,869,1583,-714
121900018,703,8,695
121900019,846,322,524
121900020,62,7,55
121900021,1336,17,1319
121900022,434,363,71
121900023,231,569,-338
121900024,745,52,693
121900025,906,716,190
121900026,492,129,363
121900027,703,447,256
121900028,303,18,285
121900029,135,467,-332
121900030,610,737,-127
121900031,1725,9186,-7461
121900032,303,150,153
121900033,220,547,-327
121900034,442,231,211
121900035,7713,5252,2461
121900036,212,712,-500
121900037,184,1686,-1502
121900038,149,187,-38
121900039,347,62,285
121900040,100,127,-27
121900041,140,532,-392
121900042,610,317,293
121900043,3,7,-4
121900044,80,51,29
121900046,268,381,-113
121900047,340,134,206
121900048,152,107,45
121900050,39,188,-149
121900051,192,495,-303
121900052,196,56,140
121900053,788,468,320
121900054,447,2088,-1641
121900055,0,9,-9
121900058,563,510,53
121900059,615,301,314
121900060,210,858,-648
121900061,257,223,34
121900062,163,171,-8
121900063,2242,751,1491
121900064,598,983,-385
121900066,119,11,108
121900067,99,26,73
121900069,267,228,39
121900070,162,316,-154
121900071,1084,498,586
121900072,65,187,-122
121900073,281,530,-249
121900074,433,924,-491
121900075,389,1290,-901
121900076,658,1396,-738
121900077,50,19,31
121900078,264,50,214
121900079,1,0,1
121900080,1404,457,947
121900082,129,183,-54
121900084,47,49,-2
121900085,4,31,-27
121900086,51,53,-2
121900087,85,249,-164
121900088,1785,3524,-1739
121900089,492,270,222
121900090,63,18,45
121900091,176,29,147
121900092,257,150,107
121900093,117,117,0
121900094,29,9,20
121900095,564,255,309
121900096,1685,1070,615
121900097,1178,219,959
121900098,10,0,10
121900099,470,40,430
121900100,75,329,-254
121900101,157,251,-94
121900102,4,144,-140
121900103,649,466,183
121900104,3028,718,2310
121900105,358,261,97
121900106,14,12,2
121900107,168,48,120
121900108,2,30,-28
121900109,386,279,107
121900110,1123,701,422
121900111,703,453,250
121900112,202,459,-257
121900113,78,611,-533
121900114,106,105,1
121900117,202,345,-143
121900118,3717,1032,2685
121900119,171,67,104
121900120,88,1195,-1107
121900121,676,38,638
121900122,88,104,-16
121900123,366,548,-182
121900124,412,226,186
121900125,4075,2134,1941
121900127,12,175,-163
121900128,146,106,40
121900129,214,273,-59
121900130,174,449,-275
121900131,449,142,307
121900132,117,84,33
121900133,36,766,-730
121900134,20,814,-794
121900135,7007,701,6306
121900136,697,615,82
121900137,59,489,-430
121900138,114,342,-228
121900139,489,6163,-5674
121900140,69,266,-197
121900141,126,74,52
121900142,171,80,91
121900143,15,270,-255
121900144,193,1321,-1128
121900145,342,591,-249
121900146,612,988,-376
121900147,86,498,-412
121900148,355,550,-195
121900149,512,537,-25
121900150,51,342,-291
121900151,92,593,-501
121900152,224,110,114
121900153,21,352,-331
121900154,11,527,-516
121900155,4,396,-392
121900156,177,387,-210
121900157,5,533,-528
121900158,94,228,-134
121900159,0,295,-295
121900160,101,590,-489
121900161,355,861,-506
121900162,101,276,-175
121900163,898,213,685
121900164,363,523,-160
121900165,208,197,11
121900166,190,285,-95
121900167,93,154,-61
121900168,146,170,-24
121900169,19,406,-387
121900170,6,256,-250
121900171,1398,1187,211
121900172,857,424,433
121900173,1101,583,518
121900174,140,70,70
121900175,163,753,-590
121900176,689,2582,-1893
121900177,235,110,125
121900178,82,133,-51
121900179,743,562,181
121900180,2306,8565,-6259
121900182,875,1055,-180
121900183,518,2574,-2056
121900184,53,2573,-2520
121900186,5,815,-810
121900187,22,210,-188
121900188,1629,308,1321
121900189,90,91,-1
121900190,380,565,-185
121900191,106,471,-365
121900192,300,3724,-3424
121900193,96,627,-531
121900194,14,517,-503
121900195,12,99,-87
121900196,1070,1531,-461
121900197,395,1535,-1140
121900198,5699,3304,2395
121900199,2,114,-112
121900200,52,275,-223
121900201,1132,954,178
121900202,231,1285,-1054
121900203,103,2412,-2309
121900204,1565,2004,-439
121900205,26,205,-179
121900206,19,220,-201
121900207,63,89,-26
121900208,185,699,-514
121900209,97,78,19
121900210,3400,2521,879
121900211,140,182,-42
121900212,115,230,-115
121900213,615,62,553
121900214,7,704,-697
121900215,72,241,-169
121900216,44,559,-515
121900217,318,307,11
121900218,213,1336,-1123
121900220,151,31,120
121900221,622,763,-141
121900222,406,142,264
121900223,252,211,41
121900224,186,135,51
121900225,172,393,-221
121900226,328,47,281
121900227,673,2506,-1833
121900228,179,203,-24
121900230,65,584,-519
121900231,81,2176,-2095
121900232,224,514,-290
121900233,421,312,109
121900234,555,337,218
121900235,974,219,755
121900236,561,266,295
121900237,309,878,-569
121900238,217,511,-294
121900239,264,95,169
121900240,296,329,-33
121900241,90,62,28
121900242,10,0,10
121900243,25,0,25
121900244,52,2,50
121900245,498,87,411
121900246,11066,676,10390
121900247,686,293,393
121900248,2233,1285,948
121900250,175,845,-670
121900251,831,61,770
121900252,608,277,331
121900253,50,1414,-1364
121900254,455,836,-381
121900255,875,252,623
121900258,7328,2359,4969
121900259,216,856,-640
121900260,236,157,79
121900261,201,1059,-858
121900262,1124,1852,-728
121900263,306,233,73
121900264,1234,1321,-87
121900265,596,190,406
121900266,912,121,791
121900267,100,61,39
121900269,358,1415,-1057
121900270,68,352,-284
121900271,48,283,-235
121900273,616,2708,-2092
121900274,507,487,20
121900277,422,2428,-2006
121900278,148,2545,-2397
121900279,290,340,-50
121900280,140,1083,-943
121900281,172,631,-459
121900284,66,4,62
121900286,324,188,136
121900287,17,37,-20
121900288,1,28,-27
121900290,353,2397,-2044
121900291,529,1865,-1336
121900292,280,249,31
121900293,989,7501,-6512
121900294,550,9,541
121900295,237,189,48
121900296,110,437,-327
121900298,136,1621,-1485
121900299,1,13,-12
121900300,76,3,73
121900301,43,2,41
121900302,5,88,-83
121900303,277,1077,-800
121900304,8,35,-27
121900305,6,24,-18
121900306,396,1,395
121900307,254,12,242
121900308,9,115,-106
121900309,7,97,-90
121900310,18,131,-113
121900311,1006,31,975
121900312,863,14,849
121900313,957,39,918
121900314,6,13,-7
121900315,63,1,62
121900316,0,1,-1
121900317,66,21,45
121900318,2,4,-2
121900319,48,520,-472
121900320,35,59,-24
121900321,48,5,43
121900322,4,3,1
121900323,59,77,-18
121900324,2,38,-36
121900325,42,30,12
121900326,6,9,-3
121900327,2,55,-53
121900328,0,39,-39
121900329,3,53,-50
121900330,0,119,-119
121900331,47,187,-140
121900332,104,37,67
121900333,45,1,44
122000001,1700,7611,-5911
122000002,3135,1645,1490
122000003,1390,3905,-2515
122000004,1940,1787,153
122000005,8404,3939,4465
122000006,930,2470,-1540
122000007,962,3059,-2097
122000008,1446,5347,-3901
122000009,927,845,82
122000010,4306,4902,-596
122000011,10436,3849,6587
122000012,1066,7754,-6688
122000013,965,3674,-2709
122000014,9186,2846,6340
122000015,1543,1292,251
122000016,679,966,-287
122000017,2044,2258,-214
122000018,4087,3088,999
122000019,1462,3325,-1863
122000020,299,795,-496
122000021,270,638,-368
122000022,2073,2786,-713
122000023,1783,3470,-1687
122000024,627,4942,-4315
122000025,732,6668,-5936
122000026,350,2197,-1847
122000027,930,1418,-488
122000028,2865,1120,1745
122000029,440,1548,-1108
122000030,239,289,-50
122000031,164,593,-429
122000032,11711,5315,6396
122000033,562,7966,-7404
122000034,514,1615,-1101
122000035,257,935,-678
122000036,744,794,-50
122000037,1936,555,1381
122000038,368,912,-544
122000039,865,1850,-985
122000040,322,569,-247
122000041,1398,1556,-158
122000042,674,1320,-646
122000043,134,342,-208
122000044,155,212,-57
122000045,3539,1617,1922
122000046,1517,2166,-649
122000047,118,362,-244
122000048,3162,5250,-2088
122000049,10648,4973,5675
122000050,1006,1607,-601
122000051,220,727,-507
122000052,495,745,-250
122000053,338,1274,-936
122000054,2410,3128,-718
122000055,2170,5461,-3291
122000056,3818,4155,-337
122000057,6583,6145,438
122000058,1127,3759,-2632
122000059,1095,7161,-6066
122000060,401,2070,-1669
122000061,254,1525,-1271
122000062,700,331,369
122000063,473,2590,-2117
122000064,4209,10620,-6411
122000065,3256,4942,-1686
122000066,1111,2801,-1690
122000067,1759,2619,-860
122000068,4466,1806,2660
122000069,2093,1553,540
122000070,1715,2135,-420
122000071,6793,1898,4895
122000072,2312,1782,530
122000073,338,3405,-3067
122000074,3715,2240,1475
122000075,2081,1588,493
122000076,15627,3763,11864
122000077,756,3857,-3101
122000078,691,7635,-6944
122000079,356,5343,-4987
122000080,577,1300,-723
122000081,121,382,-261
122000082,359,2223,-1864
122000083,9519,1558,7961
122000084,8119,2319,5800
122000085,470,1060,-590
122000086,3921,11784,-7863
122000087,284,898,-614
122000088,146,644,-498
122000089,7840,4268,3572
122000090,360,1915,-1555
122000091,133,825,-692
122000092,46,132,-86
122000093,2092,7659,-5567
122000094,8888,4906,3982
122000095,874,8043,-7169
122000096,563,4683,-4120
122000098,5259,6071,-812
122000099,826,2831,-2005
122000100,1100,1483,-383
122000101,579,822,-243
122000102,4460,1515,2945
122000103,1822,2347,-525
122000104,2794,311,2483
122000105,474,1153,-679
122000106,661,3587,-2926
122000107,1909,704,1205
122000108,947,1213,-266
122000109,683,457,226
122000110,1097,1246,-149
122000111,6354,2615,3739
122000112,2957,2804,153
122000113,1210,1327,-117
122000114,2103,4775,-2672
122000115,2768,1934,834
122000116,546,798,-252
122000117,1702,550,1152
122000118,1089,806,283
122000119,3072,2327,745
122000120,924,4449,-3525
122000121,844,2293,-1449
122000122,410,1046,-636
122000123,1502,2072,-570
122000124,914,607,307
122000125,518,759,-241
122000126,470,672,-202
122000127,578,733,-155
122000128,326,517,-191
122000129,633,3038,-2405
122000130,3469,1580,1889
122000131,1261,1354,-93
122000132,237,513,-276
122000133,1111,1301,-190
122000134,1428,864,564
122000135,610,312,298
122000136,1302,738,564
122000137,3054,1479,1575
122000139,985,5743,-4758
122000140,296,2531,-2235
122000141,6406,3889,2517
122000142,179,3734,-3555
122000143,434,626,-192
122000144,2351,1658,693
122000145,1212,1885,-673
122000146,699,4806,-4107
122000147,823,1156,-333
122000148,442,2659,-2217
122000149,2293,1582,711
122000150,1880,1672,208
122000151,147,511,-364
122000152,540,500,40
122000153,484,628,-144
122000154,351,291,60
122000155,1904,4172,-2268
122000156,12325,6621,5704
122000157,898,12489,-11591
122000158,397,1403,-1006
122000159,877,1458,-581
122000160,2627,2341,286
122000161,1289,1486,-197
122000162,1631,1912,-281
122000163,505,236,269
122000164,87,425,-338
122000165,1851,2484,-633
122000166,941,3800,-2859
122000167,349,838,-489
122000168,221,1744,-1523
122000169,492,466,26
122000170,512,603,-91
122000171,39,112,-73
122000172,2859,2349,510
122000173,2124,4686,-2562
122000174,1972,2481,-509
122000175,942,685,257
122000176,355,2038,-1683
122000177,1391,2386,-995
122000178,8803,5583,3220
122000179,4541,6683,-2142
122000180,941,1526,-585
122000181,937,2764,-1827
122000182,2174,1899,275
122000183,4156,1693,2463
122000184,4357,5363,-1006
122000185,1706,6121,-4415
122000186,825,3748,-2923
122000187,2312,1878,434
122000188,616,606,10
122000189,275,551,-276
122000190,1024,3500,-2476
122000191,993,1385,-392
122000192,1937,712,1225
122000193,592,1106,-514
122000194,834,355,479
122000195,158,1132,-974
122000196,1615,557,1058
122000197,738,985,-247
122000198,582,3506,-2924
122000199,398,692,-294
122000200,1228,1237,-9
122000201,1687,4253,-2566
122000202,1202,3801,-2599
122000203,2816,1843,973
122000204,1515,1791,-276
122000205,845,1214,-369
122000206,6244,1611,4633
122000207,2979,2309,670
122000208,3141,3018,123
122000209,3017,1099,1918
122000210,2714,3234,-520
122000211,1354,2606,-1252
122000212,1180,781,399
122000213,1262,2280,-1018
122000214,2573,2448,125
122000215,3541,2781,760
122000217,2060,3845,-1785
122000218,838,88,750
122000219,1610,1179,431
122000220,329,971,-642
122000221,116,392,-276
122000222,880,223,657
122000223,1133,987,146
122000225,906,583,323
122000226,1906,2005,-99
122000227,329,2026,-1697
122000228,361,321,40
122000229,35,431,-396
122000230,100,437,-337
122000231,525,973,-448
122000232,745,769,-24
122000233,1,86,-85
122000234,820,68,752
122000235,807,111,696
122000236,2342,65,2277
122000237,173,135,38
122000238,505,548,-43
122000239,1196,273,923
122000240,1775,901,874
122000241,3453,640,2813
122000242,988,336,652
122000243,318,47,271
122000244,84,462,-378
122000245,90,76,14
122000246,276,235,41
122000247,882,328,554
122000248,1026,1037,-11
122000249,1920,1436,484
122000250,2535,1617,918
122000251,129,474,-345
122000252,278,154,124
122000253,128,306,-178
122000254,477,89,388
122000255,711,908,-197
122000256,293,540,-247
122000257,339,136,203
122000258,428,418,10
122000259,49,326,-277
122000260,2,37,-35
122000261,35,427,-392
122000262,0,42,-42
122000263,318,728,-410
122000264,2114,539,1575
122000265,3776,1935,1841
122000266,5704,1140,4564
122000267,159,142,17
122000268,192,520,-328
122000269,1503,570,933
122000270,663,341,322
122000271,334,2907,-2573
122000272,563,1816,-1253
122000273,678,610,68
122000274,377,298,79
122000275,103,190,-87
122000276,1387,612,775
122000277,1537,2092,-555
122000278,3134,384,2750
122000279,390,302,88
122000280,910,580,330
122000281,1019,882,137
122000282,307,576,-269
122000283,185,288,-103
122000284,235,110,125
122000285,377,89,288
122000286,43,189,-146
122000287,2343,1700,643
122000288,729,294,435
122000291,4813,1223,3590
122000293,206,143,63
122000294,226,484,-258
122000295,1862,297,1565
122000296,21,1046,-1025
122000297,2666,5384,-2718
122000299,800,691,109
122000300,421,497,-76
122000301,8354,5240,3114
122000302,669,4218,-3549
122000303,2676,1230,1446
122000304,77,211,-134
122000305,2001,488,1513
122000306,145,340,-195
122000307,168,245,-77
122000309,77,57,20
122000310,49,131,-82
122000311,78,184,-106
122000312,76,431,-355
122000313,79,113,-34
122000314,177,523,-346
122000315,393,81,312
122000316,1779,514,1265
122000317,3139,365,2774
122000318,497,2062,-1565
122000319,164,550,-386
122000320,362,1122,-760
122000321,164,158,6
122000322,2760,3297,-537
122000323,757,5749,-4992
122000324,2716,4113,-1397
122000325,1069,7954,-6885
122000326,263,112,151
122000327,509,1172,-663
122000328,618,458,160
122000330,3776,3155,621
122000332,301,435,-134
122000333,12,59,-47
122000337,1575,457,1118
122000338,701,434,267
122000340,179,4813,-4634
122000342,1875,919,956
122000343,850,444,406
122000344,192,9,183
122000345,43,36,7
122000346,286,200,86
122000348,1248,1187,61
122000349,119,753,-634
122000351,259,386,-127
122000352,374,291,83
122000353,267,100,167
122000355,118,299,-181
122000356,603,3532,-2929
122000357,118,39,79
122000358,0,11,-11
122000359,0,15,-15
122000360,0,13,-13
122000362,9,56,-47
122000364,376,300,76
122000365,0,59,-59
122000366,8,4,4
122000368,672,888,-216
122000370,42,28,14
122000371,40,2,38
122000372,17,9,8
122000381,265,429,-164
122000382,113,216,-103
122000384,1781,1987,-206
122000385,130,0,130
122000386,256,3045,-2789
122000387,590,1727,-1137
122000388,1676,1780,-104
122000389,284,2349,-2065
122000390,473,685,-212
122000391,157,2064,-1907
122000392,289,158,131
122000393,57,125,-68
122000394,920,214,706
122000395,173,99,74
122000396,488,150,338
122000397,31,54,-23
122000398,8,84,-76
122000399,183,60,123
122000400,62,1669,-1607
122000401,214,99,115
122000402,648,274,374
122000403,706,429,277
122000404,366,196,170
122000408,836,1369,-533
122000503,7,121,-114
122000524,95,667,-572
122000544,127,3476,-3349
122000616,446,1,445
122000640,94,62,32
122000641,263,158,105
122000642,1871,617,1254
122000643,54,323,-269
122000644,97,26,71
122000645,45,230,-185
122000651,554,4480,-3926
122000664,264,129,135
122000665,1878,680,1198
122000666,869,1554,-685
122000673,90,206,-116
122000674,462,159,303
122000675,2973,684,2289
122000686,687,2530,-1843
122000687,2455,423,2032
122000688,473,408,65
122000689,1689,216,1473
122000690,4807,374,4433
122000691,1486,647,839
122000692,2567,361,2206
122000693,547,1018,-471
122000695,669,321,348
122000696,1098,166,932
122000698,527,294,233
122000699,247,73,174
122000701,2674,397,2277
122000702,470,1361,-891
122000703,253,103,150
122000717,99,123,-24
122000718,329,2058,-1729
122000719,105,169,-64
122000720,1208,103,1105
122000724,97,32,65
122900001,53,26,27
122900002,1003,10632,-9629
122900003,718,38,680
122900004,2732,158,2574
122900005,83,141,-58
122900006,350,1226,-876
122900007,173,256,-83
122900008,244,254,-10
122900009,1767,547,1220
122900010,330,170,160
122900012,223,541,-318
122900014,179,185,-6
122900015,886,1387,-501
122900016,221,241,-20
122900017,285,1856,-1571
122900018,255,18,237
122900019,15,85,-70
122900020,202,494,-292
122900021,34,432,-398
122900022,1935,1060,875
122900023,1219,238,981
122900024,148,188,-40
122900025,6,467,-461
122900026,27,184,-157
122900027,33,494,-461
122900028,90,107,-17
122900029,8327,3277,5050
122900030,3130,642,2488
122900031,47,638,-591
122900032,740,643,97
122900033,310,270,40
122900034,4826,6267,-1441
122900035,109,12,97
122900036,104,87,17
122900037,603,327,276
122900038,122,5045,-4923
122900039,109,770,-661
122900040,318,1600,-1282
122900041,263,529,-266
122900042,225,407,-182
122900043,534,386,148
122900044,197,393,-196
122900045,209,419,-210
122900046,154,462,-308
122900047,153,303,-150
122900048,34,291,-257
122900049,3960,275,3685
122900051,51,807,-756
122900052,196,76,120
122900053,21,42,-21
122900055,404,48,356
122900057,392,109,283
122900061,666,128,538
122900062,896,1005,-109
122900063,379,213,166
122900064,1036,440,596
122900065,863,375,488
122900066,975,489,486
122900067,772,536,236
122900068,169,343,-174
122900069,548,2187,-1639
122900070,562,84,478
122900071,137,319,-182
122900072,7,384,-377
122900073,40,99,-59
122900074,1740,178,1562
122900075,0,119,-119
122900076,2,232,-230
122900077,3,45,-42
122900078,428,41,387
122900080,67,92,-25
122900081,261,272,-11
122900082,1602,172,1430
122900083,174,147,27
122900084,14,151,-137
122900086,24,344,-320
122900087,567,415,152
122900088,56,931,-875
122900089,36,207,-171
122900090,12,332,-320
122900091,541,8,533
122900092,0,158,-158
122900093,0,114,-114
122900094,0,148,-148
122900095,338,52,286
122900096,732,83,649
122900097,55,79,-24
122900098,43,253,-210
122900099,198,40,158
122900100,108,1240,-1132
122900101,758,494,264
122900102,89,46,43
122900103,463,9,454
122900104,521,10,511
122900105,29,43,-14
122900106,1,30,-29
122900107,8,47,-39
122900108,4,75,-71
123000001,1037,2610,-1573
123000002,3372,10799,-7427
123000003,6931,6914,17
123000004,3667,5230,-1563
123000005,4553,4224,329
123000006,3093,2670,423
123000007,6076,3736,2340
123000008,3627,3434,193
123000009,5114,4256,858
123000010,3886,5055,-1169
123000011,2156,2377,-221
123000012,981,5381,-4400
123000013,6839,2078,4761
123000014,958,5187,-4229
123000015,3004,1535,1469
123000016,3886,4883,-997
123000017,5502,2831,2671
123000018,195,162,33
123000019,991,64,927
123000020,606,51,555
123000021,427,422,5
123000022,644,2810,-2166
123000023,2835,3502,-667
123000024,2268,1206,1062
123000025,41,112,-71
123000026,4,365,-361
123000027,72,1327,-1255
123000028,793,1760,-967
123000029,489,1923,-1434
123000030,458,134,324
123000031,573,229,344
123000032,856,87,769
123000033,462,165,297
123000034,1626,966,660
123000035,593,746,-153
123000036,376,1624,-1248
123000037,280,231,49
123000038,75,518,-443
123000039,617,2390,-1773
123000040,671,301,370
123000041,908,2295,-1387
123000042,555,1745,-1190
123000043,2128,21142,-19014
123000044,3228,3283,-55
123000045,5108,2946,2162
123000046,304,1567,-1263
123000047,1063,2119,-1056
123000048,155,2410,-2255
123000049,7159,13989,-6830
123000050,3135,2623,512
123000051,102,308,-206
123000052,1260,4975,-3715
123000053,3226,4053,-827
123000054,3232,2628,604
123000055,2987,7749,-4762
123000056,1657,973,684
123000057,4542,8276,-3734
123000058,963,1967,-1004
123000059,329,602,-273
123000060,1799,506,1293
123000061,549,705,-156
123000063,1743,1329,414
123000064,2183,330,1853
123000065,4992,4125,867
123000066,540,927,-387
123000067,1639,539,1100
123000068,2284,2884,-600
123000069,4804,1929,2875
123000070,268,673,-405
123000071,3150,1048,2102
123000072,1898,683,1215
123000073,3823,1422,2401
123000074,1515,1212,303
123000075,716,2888,-2172
123000076,1130,501,629
123000077,3067,1941,1126
123000078,4401,1911,2490
123000079,3897,2392,1505
123000080,4033,1399,2634
123000081,281,370,-89
123000082,294,1387,-1093
123000083,1921,410,1511
123000084,1283,562,721
123000085,893,91,802
123000086,1468,111,1357
123000087,820,609,211
123000088,1882,1068,814
123000089,1496,1170,326
123000090,2421,1133,1288
123000091,2579,1855,724
123000092,1356,1952,-596
123000094,1305,266,1039
123000095,1308,1043,265
123000096,1746,512,1234
123000097,1216,478,738
123000098,1584,644,940
123000099,1104,407,697
123000100,512,1126,-614
123000101,727,712,15
123000102,643,1275,-632
123000104,682,913,-231
123000105,543,665,-122
123000106,716,746,-30
123000107,365,447,-82
123000108,636,1346,-710
123000111,1773,560,1213
123000112,2434,702,1732
123000113,946,833,113
123000114,635,943,-308
123000115,471,498,-27
123000116,76,92,-16
123000117,3268,1605,1663
123000118,785,581,204
123000119,419,521,-102
123000120,473,666,-193
123000121,828,1131,-303
123000122,513,477,36
123000123,682,848,-166
123000124,495,516,-21
123000125,2245,1994,251
123000126,1654,7379,-5725
123000127,665,893,-228
123000128,369,388,-19
123000129,1562,374,1188
123000130,1126,144,982
123000131,2555,1328,1227
123000132,490,735,-245
123000133,146,267,-121
123000134,344,87,257
123000135,4264,1493,2771
123000136,356,477,-121
123000137,218,255,-37
123000138,204,340,-136
123000139,1118,194,924
123000140,95,570,-475
123000141,1015,212,803
123000142,1311,1046,265
123000143,1052,1804,-752
123000144,29,128,-99
123000145,312,427,-115
123000146,18,181,-163
123000147,87,215,-128
123000149,429,485,-56
123000150,112,347,-235
123000151,182,884,-702
123000152,94,472,-378
123000153,182,1164,-982
123000154,1396,2742,-1346
123000155,2380,1923,457
123000156,34,94,-60
123000157,881,1038,-157
123000158,662,1145,-483
123000159,4284,5906,-1622
123000160,1839,1886,-47
123000161,2531,1645,886
123000162,2379,2673,-294
123000163,1343,247,1096
123000164,3320,332,2988
123000165,556,1151,-595
123000166,45,145,-100
123000167,168,239,-71
123000168,575,155,420
123000169,1663,225,1438
123000170,139,50,89
123000171,1890,6,1884
123000172,226,542,-316
123000173,959,610,349
123000174,1153,729,424
123000175,385,1266,-881
123000176,1672,414,1258
123000177,339,1327,-988
123000178,1484,247,1237
123000179,57,390,-333
123000180,2708,526,2182
123000181,408,972,-564
123000182,439,399,40
123000183,280,833,-553
123000184,122,505,-383
123000185,1575,601,974
123000186,14,345,-331
123000187,911,12,899
123000188,355,0,355
123000189,456,241,215
123000190,122,159,-37
123000192,22,375,-353
123000193,66,804,-738
123000194,240,285,-45
123000195,486,43,443
123000196,641,34,607
123000197,129,148,-19
123000198,103,1075,-972
123000199,48,690,-642
123000200,1082,24,1058
123000201,2130,34,2096
123000202,35,481,-446
123000203,1608,75,1533
123000204,102,579,-477
123000205,265,811,-546
123000206,4480,383,4097
123000207,104,506,-402
123000208,1170,313,857
123000209,3122,962,2160
123000210,305,1431,-1126
123000211,483,1947,-1464
123000212,6834,720,6114
123000213,804,72,732
123000215,95,300,-205
123000216,362,1439,-1077
123000217,344,67,277
123000218,45,989,-944
123000219,880,210,670
123000220,722,203,519
123000221,251,120,131
123000222,699,377,322
123000223,1138,174,964
123000224,686,359,327
123000225,446,88,358
123000226,189,630,-441
123000227,119,328,-209
123000228,424,76,348
123000229,1073,1807,-734
123000232,179,521,-342
123000233,1366,168,1198
123000234,260,495,-235
123000235,2179,392,1787
123000236,487,536,-49
123000237,867,164,703
123000238,88,338,-250
123000239,560,869,-309
123000240,59,1615,-1556
123000241,486,59,427
123000242,528,243,285
123000243,997,829,168
123000244,957,630,327
123000245,57,189,-132
123000249,1740,785,955
123000252,1531,522,1009
123000253,2403,859,1544
123000254,1155,933,222
123000255,1506,1195,311
123000256,22,234,-212
123000257,2661,1481,1180
123000258,1594,764,830
123000259,941,642,299
123000260,952,392,560
123000261,622,206,416
123000262,146,116,30
123000263,859,102,757
123000264,299,182,117
123000265,44,115,-71
123000266,731,676,55
123000267,1047,630,417
123000268,80,50,30
123000269,62,137,-75
123000270,61,112,-51
123000271,81,37,44
123000272,1041,389,652
123000273,393,1524,-1131
123000274,1662,1342,320
123000275,311,1043,-732
123000278,2245,4022,-1777
123000279,222,105,117
123000280,472,349,123
123000281,455,213,242
123000282,130,384,-254
123000283,345,112,233
123000284,39,95,-56
123000286,162,662,-500
123000287,439,485,-46
123000288,1499,2099,-600
123000289,279,2478,-2199
123000291,257,1047,-790
123000294,148,243,-95
123000295,798,1754,-956
123000296,1100,737,363
123000297,1254,379,875
123000298,1550,267,1283
123000299,190,133,57
123000300,2029,1505,524
123000301,263,899,-636
123000302,197,140,57
123000303,163,451,-288
123000305,1031,1379,-348
123000306,497,112,385
123000309,49,118,-69
123000310,84,83,1
123000311,0,161,-161
123000312,579,692,-113
123000313,1022,666,356
123000315,187,318,-131
123000316,968,250,718
123000317,394,155,239
123000318,63,166,-103
123000329,21,17,4
123000337,440,803,-363
123000338,161,307,-146
123000339,548,86,462
123000340,103,329,-226
123000342,3,60,-57
123000343,111,58,53
123000344,725,334,391
123000345,451,631,-180
123000346,729,37,692
123000352,1314,1082,232
123000353,98,94,4
123000354,580,5,575
123000355,0,225,-225
123000356,820,24,796
123000357,5,144,-139
123000359,31,80,-49
123000360,424,148,276
123000361,352,317,35
123000362,749,181,568
123000363,164,234,-70
123000364,863,911,-48
123000365,47,570,-523
123000366,356,3959,-3603
123000367,433,714,-281
123000370,42,516,-474
123000371,829,192,637
123000372,719,113,606
123000373,9,469,-460
123000374,22,145,-123
123000375,675,164,511
123000376,1238,1089,149
123000377,1161,43,1118
123000378,30,338,-308
123000379,6,368,-362
123000380,16,477,-461
123000381,61,182,-121
123000382,585,237,348
123000383,175,1302,-1127
123000384,776,157,619
123000385,206,638,-432
123000436,65,2728,-2663
123000507,112,193,-81
123000508,292,2194,-1902
123000517,357,27,330
123000518,64,128,-64
123000519,234,112,122
123000520,65,150,-85
123000521,934,137,797
123000522,188,277,-89
123000541,9,4,5
123000542,0,10,-10
123000565,1415,39,1376
123000566,639,166,473
123000567,115,96,19
123000573,46,446,-400
123000574,1649,96,1553
123000575,2824,860,1964
123000576,1239,1015,224
123000577,85,946,-861
123000578,564,229,335
123000579,1110,12049,-10939
123000580,213,119,94
123000582,967,80,887
123000583,37,424,-387
123000584,188,440,-252
123000585,0,37,-37
123000586,247,2,245
123000596,103,60,43
123000597,108,223,-115
123000602,162,20,142
123000603,2159,386,1773
123000604,1089,332,757
123000605,1497,143,1354
123000606,1,752,-751
123000609,38,449,-411
123000610,162,79,83
123000613,71,178,-107
123000614,499,45,454
123000615,76,50,26
123000616,1985,72,1913
123000617,235,172,63
123000618,81,619,-538
123000619,668,93,575
123000620,31,432,-401
123000622,910,31,879
123000624,299,53,246
123000630,2742,633,2109
123000631,401,548,-147
123000632,711,850,-139
123000633,0,356,-356
123000634,71,570,-499
123000635,80,196,-116
123000636,66,483,-417
123000637,646,39,607
123000638,951,46,905
123000639,966,9753,-8787
123000640,5,345,-340
123000648,53,32,21
123000649,5,80,-75
123900001,1264,78,1186
123900002,50,2103,-2053
123900003,216,478,-262
123900005,469,325,144
123900006,683,129,554
124000001,2354,293,2061
124000002,85,1348,-1263
124000003,1932,256,1676
124000004,113,509,-396
124000005,1971,1338,633
124000006,274,616,-342
124000007,761,133,628
124000008,11,629,-618
124000009,1344,381,963
124000010,367,358,9
124000011,1570,507,1063
124000012,342,276,66
124000017,398,195,203
124000018,151,89,62
124000019,223,246,-23
124000020,28,142,-114
124000021,177,170,7
124000022,75,224,-149
124000023,1622,2026,-404
124000024,1641,469,1172
124000025,1761,2126,-365
124000026,1324,1238,86
124000027,5093,5429,-336
124000028,1501,3938,-2437
124000030,1926,1851,75
124000031,1778,7862,-6084
124000032,1425,585,840
124000033,354,525,-171
124000034,873,632,241
124000035,141,404,-263
124000036,45,295,-250
124000037,691,1382,-691
124000038,27,170,-143
124000039,391,385,6
124000040,254,1421,-1167
124000041,930,211,719
124000042,244,475,-231
124000043,102,168,-66
124000044,79,192,-113
124000045,1907,417,1490
124000046,353,746,-393
124000047,3382,781,2601
124000048,1427,668,759
124000049,3524,618,2906
124000050,1593,1151,442
124000051,1921,544,1377
124000052,1139,690,449
124000053,790,3126,-2336
124000054,842,376,466
124000055,1393,6940,-5547
124000056,1550,885,665
124000057,1918,669,1249
124000058,757,806,-49
124000059,1594,1924,-330
124000060,600,481,119
124000061,1902,8598,-6696
124000062,1791,1522,269
124000063,1348,1186,162
124000064,1695,1008,687
124000065,31,696,-665
124000066,201,248,-47
124000067,331,208,123
124000068,109,102,7
124000069,697,74,623
124000070,438,211,227
124000071,260,141,119
124000072,238,377,-139
124000073,1577,257,1320
124000074,321,588,-267
124000075,771,56,715
124000076,38,59,-21
124000077,427,980,-553
124000078,1771,1500,271
124000079,266,1602,-1336
124000080,1509,199,1310
124000081,393,442,-49
124000082,109,256,-147
124000083,48,115,-67
124000084,68,1040,-972
124000085,91,82,9
124000086,33,307,-274
124000087,210,226,-16
124000088,168,924,-756
124000089,1112,329,783
124000090,271,274,-3
124000091,860,123,737
124000092,204,613,-409
124000093,165,203,-38
124000094,206,827,-621
124000095,189,130,59
124000096,295,364,-69
124000097,192,184,8
124000098,84,80,4
124000099,462,178,284
124000100,76,251,-175
124000101,175,209,-34
124000102,101,30,71
124000103,300,191,109
124000104,171,50,121
124000105,276,172,104
124000106,159,54,105
124000107,40,315,-275
124000108,68,36,32
124000109,281,170,111
124000110,129,77,52
124000111,343,133,210
124000112,1304,466,838
124000113,184,188,-4
124000114,577,268,309
124000115,332,1020,-688
124000116,164,351,-187
124000117,36,120,-84
124000118,43,115,-72
124000119,1185,1186,-1
124000120,893,869,24
124000121,1517,959,558
124000122,662,1740,-1078
124000123,1486,565,921
124000124,399,839,-440
124000125,691,611,80
124000126,369,528,-159
124000127,1334,400,934
124000128,746,727,19
124000129,2131,1983,148
124000130,568,517,51
124000131,948,1033,-85
124000132,625,746,-121
124000133,1592,1540,52
124000134,1227,710,517
124000135,2137,2983,-846
124000136,692,1085,-393
124000137,1060,1753,-693
124000138,1306,1633,-327
124000139,504,67,437
124000140,30,401,-371
124000141,79,30,49
124000142,8,342,-334
124000143,112,23,89
124000144,30,62,-32
124000145,235,44,191
124000146,79,42,37
124000148,63,114,-51
124000149,1572,342,1230
124000150,329,727,-398
124000151,1625,693,932
124000152,993,1099,-106
124000153,1448,1518,-70
124000154,645,1199,-554
124000155,1818,1076,742
124000156,996,1300,-304
124000169,238,841,-603
124000170,1004,670,334
124000171,453,363,90
124000172,427,588,-161
124000173,948,264,684
124000174,559,749,-190
124000175,23,55,-32
124000176,128,48,80
124000177,7,38,-31
124000178,140,104,36
124000190,30,110,-80
124000191,41,311,-270
124000192,1369,824,545
124000193,237,3032,-2795
124000194,351,398,-47
124000195,506,777,-271
124000196,839,734,105
124000197,60,54,6
124000198,84,93,-9
124000201,154,738,-584
124000202,911,249,662
124000203,960,279,681
124000204,1797,212,1585
124000205,183,235,-52
124000206,1456,237,1219
124000207,0,35,-35
124000209,244,174,70
124000210,1192,264,928
124000211,1188,2,1186
124000212,0,162,-162
124000213,1057,113,944
124000214,930,274,656
124000215,692,20,672
124000216,2,189,-187
124000329,130,549,-419
124000338,91,322,-231
124000339,2532,93,2439
124000341,2925,118,2807
124000344,63,57,6
124000357,1487,3545,-2058
124000358,863,2330,-1467
124000359,1626,1202,424
124000360,1550,827,723
124000361,2871,1601,1270
124000362,1491,2107,-616
124000363,389,331,58
124000364,590,500,90
124000365,758,1044,-286
124000366,1730,832,898
124000367,75,283,-208
124000368,641,1157,-516
124000369,141,199,-58
124000370,51,639,-588
124000402,58,31,27
124000403,262,31,231
124000404,20,72,-52
124000405,1301,911,390
124000406,614,588,26
124000407,2,49,-47
124000411,14,172,-158
124000412,637,7,630
124000413,92,119,-27
124000414,232,151,81
124000415,78,47,31
124000416,196,171,25
124000417,390,165,225
124000418,579,51,528
124000419,155,48,107
124000420,211,24,187
124000421,79,45,34
124000422,17,16,1
124000423,154,67,87
124000424,5,25,-20
124000425,86,38,48
124000426,18,54,-36
124000427,79,2,77
124000428,7,193,-186
124000429,114,55,59
124000430,1361,547,814
124000431,463,536,-73
124000432,431,684,-253
124000439,3,0,3
124000443,1,9,-8
124000445,129,2385,-2256
124000446,1033,292,741
124900001,1276,547,729
124900002,410,192,218
124900003,1618,464,1154
124900004,1557,300,1257
124900005,340,167,173
124900006,1421,291,1130
124900008,1083,750,333
124900009,145,612,-467
124900010,298,244,54
124900011,1064,470,594
124900012,604,131,473
124900013,834,194,640
124900014,549,63,486
124900015,239,605,-366
124900016,130,254,-124
124900017,505,3412,-2907
124900018,172,8,164
124900020,200,87,113
124900021,600,77,523
124900022,74,9,65
124900024,666,19,647
124900026,95,53,42
124900027,239,824,-585
124900028,515,192,323
124900029,40,785,-745
124900030,2,115,-113
124900031,96,341,-245
124900032,481,281,200
124900033,239,260,-21
124900034,25,335,-310
124900035,293,411,-118
124900036,5,92,-87
124900037,282,250,32
124900038,270,211,59
124900039,1,184,-183
124900040,169,166,3
124900041,492,525,-33
124900042,49,3,46
124900043,783,436,347
124900044,193,5,188
124900045,526,1361,-835
124900046,427,304,123
124900047,115,290,-175
124900048,385,110,275
124900050,327,154,173
124900052,110,342,-232
124900053,244,242,2
124900054,700,664,36
124900055,0,184,-184
124900057,8,63,-55
124900060,100,185,-85
124900061,158,3,155
124900062,387,11,376
124900066,0,11,-11
124900067,28,68,-40
124900068,263,855,-592
124900070,173,45,128
124900072,244,69,175
124900074,185,37,148
124900075,693,176,517
124900076,28,2512,-2484
124900077,33,67,-34
124900078,140,24,116
124900079,368,253,115
124900080,609,297,312
124900081,2049,309,1740
124900082,416,479,-63
124900083,484,497,-13
124900084,1204,206,998
124900085,536,829,-293
124900086,92,1815,-1723
124900087,244,158,86
124900088,201,135,66
124900089,688,22,666
124900090,919,323,596
124900091,494,222,272
124900092,478,207,271
124900093,717,237,480
124900094,1145,422,723
124900095,204,865,-661
124900096,421,245,176
124900097,610,67,543
124900098,319,366,-47
124900099,265,806,-541
124900100,655,82,573
124900101,65,507,-442
124900102,496,28,468
124900103,226,110,116
124900104,80,111,-31
124900105,171,137,34
124900106,653,67,586
124900107,168,49,119
124900108,237,157,80
124900109,30,45,-15
124900110,161,75,86
124900111,2,241,-239
124900112,173,224,-51
124900113,91,320,-229
124900114,97,155,-58
124900115,118,38,80
124900116,436,469,-33
124900117,196,315,-119
124900118,151,974,-823
124900119,564,261,303
124900120,40,270,-230
124900121,103,512,-409
124900122,248,190,58
124900123,196,161,35
124900124,83,378,-295
129000186,216,97,119
204000001,209,12,197
204000002,7,6,1
204000003,28,3,25
204000004,1,7,-6
204000005,750,393,357
204000006,1209,1171,38
204000011,12,39,-27
204000012,96,122,-26
204000019,1580,427,1153
204000020,1179,1575,-396
204000021,4132,1742,2390
204000022,1656,709,947
204000023,719,402,317
204000031,76,19,57
204000032,431,41,390
204000034,50,98,-48
204000035,2,16,-14
204000036,5,34,-29
204000037,3,32,-29
204000038,0,18,-18
204000039,10,59,-49
204000040,7,41,-34
204000041,10,60,-50
204000042,69,10,59
204000043,25,4,21
204000044,38,5,33
204000045,103,4,99
204000046,23,3,20
204000057,14,18,-4
204000062,36,27,9
204000068,23,741,-718
204000069,335,562,-227
204000070,86,95,-9
204000080,69,96,-27
204000085,1556,1102,454
204000086,2246,1258,988
204000087,47,34,13
204000088,5,93,-88
204000090,77,184,-107
204000093,732,71,661
204000096,1915,934,981
204000097,676,5,671
204000099,1559,2630,-1071
204000100,2684,1791,893
204000105,1392,811,581
204000110,365,1938,-1573
204000111,780,1024,-244
204000112,658,4271,-3613
204000113,378,1761,-1383
204000114,1199,1296,-97
204000115,1367,582,785
204000116,765,3925,-3160
204000119,3119,2076,1043
204000132,760,466,294
204000133,946,216,730
204000134,299,211,88
204000135,689,426,263
204000136,502,345,157
204000138,389,702,-313
204000140,252,140,112
204000141,176,65,111
204000144,9,22,-13
204000145,760,80,680
204000146,33,337,-304
204000147,11,342,-331
204000148,408,34,374
204000154,6,5,1
204000155,3,8,-5
204000177,58,52,6
204000179,115,19,96
204000180,1,36,-35
204000222,8,9,-1
204000235,68,32,36
204000236,49,278,-229
204000238,24,37,-13
204000240,342,97,245
204000263,567,995,-428
204000268,778,409,369
204000308,181,44,137
204000317,14,156,-142
204000322,23,102,-79
204000323,18,5,13
204000328,288,98,190
204000329,78,173,-95
204000330,257,21,236
204000331,47,109,-62
204010341,24,223,-199
205000001,770,1148,-378
205000013,19,83,-64
205000014,55,98,-43
205000015,46,65,-19
205000016,19,60,-41
205000017,39,68,-29
205000022,286,620,-334
205000025,1194,842,352
205000029,597,21,576
205000045,160,791,-631
205000046,308,1130,-822
205000047,107,1546,-1439
205000048,629,508,121
205000049,243,501,-258
205000050,2572,351,2221
205000059,0,230,-230
205000060,0,257,-257
205000061,3,489,-486
205000062,2,663,-661
205000063,31,642,-611
205000064,23,100,-77
205000065,199,550,-351
205000066,120,326,-206
205000067,64,463,-399
205000069,229,26,203
205000082,227,272,-45
205000110,120,162,-42
205000111,256,182,74
205000112,189,207,-18
205000113,97,164,-67
205000121,268,84,184
205000123,35,134,-99
205000126,629,110,519
205000127,950,151,799
205000128,578,65,513
205000129,956,78,878
205000130,107,37,70
205000131,34,10,24
205000132,48,7,41
205000133,40,1,39
205000134,350,0,350
205000137,158,88,70
205000138,123,305,-182
205000139,40,150,-110
205000144,127,78,49
205000145,557,219,338
205000151,231,54,177
205000152,233,29,204
205000153,306,34,272
205000154,125,64,61
205000155,120,27,93
205000207,1,133,-132
205000233,26,0,26
205000234,0,1,-1
205000243,0,1,-1
205000244,0,7,-7
205000245,8,224,-216
205000249,0,15,-15
205000250,20,2,18
205000264,17,79,-62
206000027,3,5,-2
206000028,7,5,2
206000043,6,51,-45
206000053,4,5,-1
206000054,1,18,-17
206000055,0,18,-18
206000075,14,31,-17
206000076,43,9,34
206000077,27,5,22
206000078,22,5,17
206000079,37,10,27
206000082,420,137,283
206000100,36,645,-609
206000103,1,4,-3
206000104,10,8,2
206000105,6,6,0
206000106,2,23,-21
206000108,883,107,776
206000125,127,0,127
206000157,40,498,-458
206000170,0,135,-135
206000171,4,191,-187
206000172,19,133,-114
206000173,1,104,-103
206000174,7,29,-22
206000175,2,30,-28
206000176,18,75,-57
206000177,2,41,-39
206000178,5,188,-183
206000179,1,197,-196
206000180,5,107,-102
206000181,23,38,-15
206000182,5,44,-39
206000183,10,96,-86
206000184,11,87,-76
206000185,4,32,-28
206000186,75,243,-168
206000223,15,286,-271
206000226,56,5,51
206000227,44,8,36
206000237,37,141,-104
206000238,43,223,-180
206000239,194,1293,-1099
206000240,0,50,-50
206000241,0,66,-66
206000242,6,142,-136
206000243,12,63,-51
206000244,59,112,-53
206000245,1876,73,1803
206000246,661,15,646
206000247,695,8,687
206000248,885,37,848
206000252,106,82,24
206000258,10,64,-54
206000315,57,12,45
206000317,916,213,703
206000318,1156,110,1046
206000319,3897,93,3804
206000320,780,54,726
206000321,764,16,748
206000322,1181,22,1159
206000323,366,10,356
206000324,454,34,420
206000325,280,23,257
206000326,287,27,260
206000327,82,18,64
206000328,395,4,391
206000329,674,10,664
206000330,102,2,100
206000331,471,3,468
206000332,130,3,127
206000333,1557,7,1550
206000334,671,3,668
206000335,0,18,-18
206000361,3,172,-169
206000392,0,15,-15
206000405,220,22,198
206000441,105,34,71
206000498,97,56,41
206000515,77,67,10
206000530,747,107,640
206000531,358,571,-213
206000532,1906,772,1134
206000535,95,4627,-4532
206000536,12,68,-56
206000537,13,163,-150
206000613,1733,518,1215
207000001,114,661,-547
207000002,117,525,-408
207000003,172,191,-19
207000007,2250,281,1969
207000008,315,9,306
207000009,84,60,24
207000010,328,226,102
207000012,729,241,488
207000015,291,535,-244
207000019,370,111,259
207000021,519,308,211
207000022,254,223,31
207000023,391,92,299
207000024,1,21,-20
207000025,26,141,-115
207000026,134,56,78
207000027,27,68,-41
207000028,72,120,-48
207000029,170,351,-181
207000033,339,548,-209
207000034,348,164,184
207000039,793,92,701
207000040,766,47,719
207000041,264,126,138
207000042,455,90,365
207000043,304,214,90
207000051,132,244,-112
207000052,17,215,-198
207000053,433,371,62
207000054,88,59,29
207000055,203,58,145
207000056,357,208,149
207000057,166,587,-421
207000058,308,302,6
207000059,123,196,-73
207000060,75,281,-206
207000061,186,1275,-1089
207000062,844,36,808
207000063,810,69,741
207000064,417,89,328
207000065,409,250,159
207000066,426,175,251
207000067,76,52,24
207000068,171,53,118
207000069,1063,333,730
207000082,14,117,-103
207000083,125,159,-34
207000084,756,362,394
207000085,351,46,305
207000086,483,7,476
207000106,37,30,7
207000107,137,15,122
207000108,127,5,122
207000109,106,8,98
207000110,76,83,-7
207000111,111,137,-26
207000112,90,1568,-1478
207000114,29,7,22
207000115,50,57,-7
207000116,36,518,-482
207000117,5,59,-54
207000118,0,45,-45
207000119,30,67,-37
207000123,331,18,313
207000124,156,23,133
207000125,96,26,70
207000126,89,22,67
207000134,186,116,70
207000135,26,127,-101
207000148,132,558,-426
207000149,58,31,27
207000152,134,476,-342
207000153,324,1058,-734
207000154,334,264,70
207000159,140,157,-17
207000160,229,208,21
207000238,0,175,-175
207000242,2,115,-113
207000248,49,53,-4
207000249,138,27,111
207000250,558,120,438
207000251,122,161,-39
207000252,52,39,13
207000278,255,136,119
207000279,52,105,-53
207000280,1463,100,1363
207000281,197,329,-132
207000282,64,449,-385
207000283,49,258,-209
207000284,45,1138,-1093
207000285,70,117,-47
207000291,33,81,-48
207000304,123,100,23
207000306,74,305,-231
207000310,181,115,66
207000353,163,1,162
207000356,12,72,-60
207000357,13,21,-8
207000358,2,26,-24
207000415,9,128,-119
207000417,66,6,60
207000418,99,152,-53
207000438,0,0,0
207000439,547,544,3
207000446,217,7,210
207000460,109,5,104
207000466,261,165,96
207000467,682,88,594
207000468,63,151,-88
207000476,12,25,-13
207000477,1197,62,1135
207000478,1,73,-72
207000523,0,22,-22
207000524,42,0,42
207000527,294,171,123
207000530,999,12,987
207000531,369,3,366
207000532,204,36,168
207000534,238,39,199
207000535,26,552,-526
207000537,22,66,-44
207000540,4,107,-103
207000541,3,218,-215
207000548,20,196,-176
207000549,538,23,515
207000561,255,278,-23
207000562,15,114,-99
207000567,95,315,-220
207000568,457,33,424
207000569,1098,163,935
207000584,88,241,-153
207000585,52,289,-237
207000616,0,51,-51
207000617,261,0,261
207900008,464,80,384
208000001,653,1746,-1093
208000002,822,996,-174
208000003,1133,659,474
208000004,975,1128,-153
208000005,2,9,-7
208000019,1270,622,648
208000020,337,308,29
208000021,367,271,96
208000022,1194,639,555
208000028,1315,2941,-1626
208000033,765,520,245
208000034,1378,2496,-1118
208000037,460,42,418
208000040,275,121,154
208000041,1307,594,713
208000042,1486,553,933
208000047,250,214,36
208000064,1953,1975,-22
208000066,1464,2828,-1364
208000070,706,380,326
208000071,1012,429,583
208000072,795,898,-103
208000080,395,704,-309
208000081,599,98,501
208000082,598,147,451
208000083,252,184,68
208000084,14,20,-6
208000085,861,504,357
208000086,560,1118,-558
208000087,546,933,-387
208000089,1343,360,983
208000090,1457,505,952
208000093,66,150,-84
208000094,688,418,270
208000095,1050,567,483
208000104,1564,542,1022
208000105,1140,712,428
208000114,90,438,-348
208000115,657,371,286
208000116,1217,1465,-248
208000117,66,118,-52
208000118,179,292,-113
208000155,824,1612,-788
208000158,1917,4441,-2524
208000186,1326,3561,-2235
208000204,1155,1418,-263
208000205,1989,817,1172
208000282,1463,2632,-1169
209000004,929,301,628
209000005,92,52,40
209000006,479,255,224
209000007,566,633,-67
209000010,411,235,176
209000011,197,379,-182
209000012,125,118,7
209000013,353,193,160
209000014,513,616,-103
209000025,758,122,636
209000026,1483,135,1348
209000027,385,384,1
209000028,308,268,40
209000029,436,1351,-915
209000030,327,1609,-1282
209000031,2965,1670,1295
209000034,473,437,36
209000035,304,432,-128
209000036,557,259,298
209000037,623,313,310
209000038,283,198,85
209000039,142,144,-2
209000040,514,649,-135
209000041,268,383,-115
209000042,396,336,60
209000043,695,621,74
209000044,331,878,-547
209000045,735,393,342
209000046,675,466,209
209000047,564,315,249
209000048,676,565,111
209000049,135,75,60
209000050,261,82,179
209000051,328,194,134
209000052,194,179,15
209000062,81,68,13
209000063,80,55,25
209000064,56,37,19
209000065,311,43,268
209000066,246,22,224
209000067,355,51,304
209000080,19,228,-209
209000082,113,58,55
209000091,26,65,-39
209000093,34,18,16
209000094,35,139,-104
209000110,71,230,-159
209000111,910,3070,-2160
209000112,2059,877,1182
209000113,3017,1224,1793
209000114,1432,1016,416
209000115,74,65,9
209000116,443,275,168
209000118,26,98,-72
209000119,14,12,2
209000121,110,392,-282
209000135,68,241,-173
209000142,846,3555,-2709
209000143,49,54,-5
209000144,84,311,-227
209000229,201,147,54
209000240,22,170,-148
209000259,43,70,-27
209000260,75,1206,-1131
209000261,4,423,-419
209000262,5,243,-238
209000263,1,401,-400
209000264,0,452,-452
209000265,403,1,402
209000266,132,1,131
209000267,1908,9,1899
209000268,568,105,463
210000037,179,36,143
210000047,148,21,127
210000048,301,27,274
210000049,91,6,85
210000052,153,75,78
210000053,88,49,39
210000054,16,67,-51
210000070,267,1,266
210000071,132,1,131
210000072,45,1,44
210000073,0,51,-51
210000074,1,140,-139
210000075,3,312,-309
210000076,6,244,-238
210000077,9,222,-213
210000078,42,169,-127
210000079,23,27,-4
210000080,45,145,-100
210000081,196,30,166
210000082,39,0,39
210000083,62,1,61
210000084,131,1,130
210000085,4,53,-49
210000086,4,107,-103
210000099,96,179,-83
210000100,117,194,-77
210000101,117,205,-88
210000105,44,297,-253
210000159,0,328,-328
210000163,91,425,-334
210000164,305,481,-176
210000168,157,60,97
210000187,0,71,-71
210000188,0,44,-44
210000214,14,0,14
210000219,145,65,80
210000220,227,43,184
210000232,14,29,-15
210000233,112,57,55
210000234,56,111,-55
210000235,123,68,55
210000245,0,206,-206
210000246,48,19,29
210000258,30,85,-55
210000259,373,85,288
210000282,68,228,-160
210000285,6,176,-170
210000286,17,181,-164
210000290,1,4,-3
210000295,58,199,-141
210000296,81,51,30
210000320,346,58,288
210000321,176,37,139
210000338,80,91,-11
210000339,249,1152,-903
210000340,203,452,-249
210000341,268,393,-125
210000342,358,253,105
210000343,189,249,-60
210000344,98,295,-197
210000345,135,360,-225
210000346,82,184,-102
210000347,86,66,20
210000348,136,65,71
210000349,60,51,9
210000350,229,74,155
210000351,219,43,176
210000352,96,47,49
210000353,73,54,19
210000354,75,41,34
210000355,48,83,-35
210000356,33,131,-98
210000357,54,119,-65
210000358,340,335,5
210000359,73,168,-95
210000360,182,365,-183
210000361,229,241,-12
210000362,243,300,-57
210000363,468,365,103
210000364,212,259,-47
210000365,158,103,55
210000366,221,91,130
210000367,132,54,78
210000368,230,56,174
210000369,31,47,-16
210000370,74,67,7
210000372,31,28,3
210000373,14,33,-19
210000374,95,58,37
210000375,43,32,11
210000376,50,127,-77
210000404,66,180,-114
210000439,88,13,75
210000472,52,5,47
210000482,76,206,-130
210000564,199,326,-127
210000567,0,46,-46
210000568,285,6,279
211000092,92,40,52
211000094,67,13,54
211000169,264,23,241
211000172,16,157,-141
211000209,2,155,-153
211000226,5,51,-46
211000270,44,12,32
211000275,40,28,12
211000276,195,27,168
211000279,21,42,-21
211000281,133,25,108
211507980,1,98,-97
211977296,56,9,47
212000003,219,53,166
212000004,21,91,-70
212000005,9,66,-57
212000006,49,99,-50
212000008,261,96,165
212000009,72,117,-45
212000012,120,37,83
212000013,35,19,16
212000014,371,106,265
212000015,430,172,258
212000016,674,449,225
212000027,658,357,301
212000028,433,315,118
212000029,292,186,106
212000030,84,25,59
212000031,77,53,24
212000048,42,551,-509
212000049,34,339,-305
212000050,40,16,24
212000051,352,152,200
212000052,360,171,189
212000053,317,300,17
212000054,663,62,601
212000055,559,114,445
212000056,16,28,-12
212000057,5,29,-24
212000058,159,48,111
212000070,147,162,-15
212000077,196,438,-242
212000099,503,242,261
212000108,299,182,117
212000111,435,103,332
212000120,215,96,119
212000138,198,35,163
212000156,7,86,-79
212000158,16,49,-33
212000159,872,35,837
212000160,1066,134,932
212000161,127,9,118
212000310,84,23,61
212000311,27,34,-7
212000374,57,24,33
213000001,35,488,-453
213000005,789,156,633
213000006,953,354,599
213000007,86,26,60
213000009,386,269,117
213000010,389,191,198
213000011,269,175,94
213000012,233,254,-21
213000014,76,23,53
213000015,364,16,348
213000016,488,7,481
213000017,145,1,144
213000018,3,24,-21
213000019,0,64,-64
213000020,158,139,19
213000021,3,80,-77
213000023,535,346,189
213000033,436,1618,-1182
213000034,614,237,377
213000035,196,344,-148
213000045,377,350,27
213000046,266,209,57
213000047,419,1213,-794
213000056,244,26,218
213000069,157,7,150
213000073,5,108,-103
213000074,258,740,-482
213000075,815,4,811
213000076,16,1,15
213000085,3,29,-26
213000086,30,158,-128
213000091,545,34,511
213000092,74,14,60
213000099,211,1731,-1520
213000100,890,366,524
213000101,906,71,835
213000102,989,156,833
213000103,1090,680,410
213000104,74,294,-220
213000105,128,2143,-2015
213000106,41,88,-47
213000107,174,279,-105
213000108,60,297,-237
213000109,15,155,-140
213000110,17,104,-87
213000111,14,105,-91
213000112,48,122,-74
213000115,93,3,90
213000116,105,490,-385
213000117,16,535,-519
213000118,1316,296,1020
213000119,45,489,-444
213000120,105,191,-86
213000122,224,304,-80
213000123,242,556,-314
213000124,338,1062,-724
213000125,289,65,224
213000126,39,239,-200
213000127,59,383,-324
213000128,146,1302,-1156
213000129,214,1155,-941
213000130,1721,580,1141
213000132,934,197,737
213000133,1604,153,1451
213000134,1939,11,1928
213000136,790,23,767
213000137,1055,93,962
213000139,168,16,152
213000147,62,8,54
213000148,35,13,22
213000149,50,16,34
213000150,3,424,-421
213000151,1,244,-243
213000152,5,175,-170
213000153,1,231,-230
213000154,118,426,-308
213000155,101,229,-128
213000156,162,314,-152
213000157,1143,320,823
213000158,605,803,-198
213000159,1081,367,714
213000163,2231,232,1999
213000165,1322,428,894
213000171,0,15,-15
213000172,2,69,-67
213000173,0,70,-70
213000174,0,53,-53
213000175,14,28,-14
213000176,125,45,80
213000177,205,4,201
213000178,424,5,419
213000179,412,2,410
213000180,371,1,370
213000184,122,524,-402
213000188,764,91,673
213000189,952,34,918
213000190,823,569,254
213000191,668,228,440
213000192,447,153,294
213000193,557,311,246
213000194,0,152,-152
213000195,43,326,-283
213000196,273,1722,-1449
213000197,969,929,40
213000198,50,3,47
213000200,129,639,-510
213000201,22,77,-55
213000202,52,513,-461
213000203,2239,428,1811
213000204,1192,36,1156
213000205,752,76,676
213000206,820,38,782
213000207,116,3,113
213000208,73,1,72
213000209,134,2,132
213000210,314,6,308
213000211,5,32,-27
213000212,41,43,-2
213000213,33,58,-25
213000218,510,463,47
213000219,1051,21,1030
213000220,1072,11,1061
213000223,194,289,-95
213000224,24,76,-52
213000225,133,59,74
213000226,95,34,61
213000227,1750,205,1545
213000228,767,138,629
213000229,63,26,37
213000230,638,15,623
213000232,94,251,-157
213000233,12,390,-378
213000234,3,94,-91
213000293,26,101,-75
213000294,87,75,12
213000295,49,108,-59
213000296,83,32,51
213000297,11,76,-65
213000298,21,76,-55
213000299,81,16,65
213000300,3,23,-20
213000303,7,20,-13
213000304,1,19,-18
213000305,4,35,-31
213000306,49,241,-192
213000307,90,197,-107
213000308,115,200,-85
213000309,210,78,132
213000310,471,297,174
213000311,157,1218,-1061
213000315,155,212,-57
213000316,315,86,229
213000322,195,31,164
213000323,285,120,165
213000324,144,10,134
213000325,123,52,71
213000326,103,15,88
213000327,130,24,106
213000328,87,109,-22
213000329,183,22,161
213000340,212,285,-73
213000341,1291,107,1184
213000346,226,369,-143
213000347,366,836,-470
213000348,9,662,-653
213000349,9,25,-16
213000350,408,1038,-630
213000366,115,191,-76
213000367,571,11,560
213000379,52,360,-308
213000386,38,93,-55
213000406,245,195,50
213000417,2313,576,1737
213000425,427,116,311
213000426,305,41,264
213000427,101,111,-10
213000428,64,94,-30
213000429,8,16,-8
213000430,154,361,-207
213000431,15,3,12
213000432,2,71,-69
213000433,56,77,-21
213000434,237,174,63
213000435,238,126,112
213000436,92,57,35
213000437,2,14,-12
213000438,268,32,236
213000439,63,19,44
213000440,15,192,-177
213000441,0,3,-3
213000442,3,19,-16
213000443,573,505,68
213000444,82,15,67
213000445,0,65,-65
213000446,0,69,-69
213000447,2,72,-70
213000448,21,247,-226
213000449,1296,14,1282
213000450,41,47,-6
213000451,492,90,402
213000452,29,28,1
213000453,32,261,-229
213000455,126,3,123
213000456,0,345,-345
213000481,6,4,2
213000482,58,0,58
213000489,214,95,119
213000491,8,264,-256
213000492,201,108,93
213000493,2,224,-222
213000494,459,139,320
213000495,0,19,-19
213000496,912,147,765
213000497,84,207,-123
213000498,223,79,144
213000499,372,151,221
213000500,1016,94,922
213000501,237,88,149
213000502,263,218,45
213000503,0,37,-37
213000504,42,54,-12
213000505,17,0,17
213000506,0,10,-10
213000507,5,80,-75
213900016,0,5,-5
213900244,110,1,109
213900245,0,20,-20
218000003,55,40,15
218000004,51,55,-4
218000005,34,70,-36
218000006,97,61,36
218000007,55,17,38
218000012,245,178,67
218000013,252,285,-33
218000014,500,363,137
218000019,478,552,-74
218000020,275,351,-76
218000021,31,42,-11
218000022,27,10,17
218000023,5,13,-8
218000024,8,6,2
218000025,8,16,-8
218000026,5,27,-22
218000027,0,1,-1
218000028,0,8,-8
218000029,2,6,-4
218000030,8,15,-7
218000031,9,8,1
218000032,2,30,-28
218000040,4,11,-7
218000046,151,65,86
218000047,10,43,-33
218000048,65,44,21
218000049,42,52,-10
218000050,275,169,106
218000051,80,142,-62
218000052,1,26,-25
218000053,4,29,-25
218000054,0,74,-74
218000055,8,28,-20
218000056,19,30,-11
218000057,4,18,-14
218000064,0,16,-16
218000065,110,162,-52
218000066,17,48,-31
218000067,115,66,49
218000068,173,82,91
218000069,353,96,257
218000070,216,188,28
218000071,185,158,27
218000072,175,345,-170
218000078,1828,436,1392
218000079,356,77,279
218000080,278,77,201
218000081,897,156,741
218000082,170,81,89
218000083,169,38,131
218000084,290,96,194
218000085,247,169,78
218000086,130,110,20
218000087,271,68,203
218000090,32,190,-158
218000091,1432,647,785
218000092,143,136,7
218000093,110,49,61
218000094,629,516,113
218000099,421,708,-287
218000100,597,408,189
218000101,438,194,244
218000102,799,185,614
218000103,147,117,30
218000104,172,33,139
218000105,36,38,-2
218000106,13,16,-3
218000107,144,22,122
218000108,15,17,-2
218000112,117,44,73
218000117,54,112,-58
218000134,823,301,522
218000135,17,127,-110
218000136,206,126,80
218000137,273,140,133
218000138,96,113,-17
218000139,243,286,-43
218000140,872,347,525
218000141,127,111,16
218000142,220,165,55
218000143,72,510,-438
218000144,31,261,-230
218000145,673,356,317
218000146,237,141,96
218000151,9,27,-18
218000152,87,72,15
218000153,7,17,-10
218000154,13,6,7
218000155,69,7,62
218000156,148,22,126
218000157,71,21,50
218000158,31,27,4
218000159,7,16,-9
218000160,7,10,-3
218000161,86,4,82
218000162,74,9,65
218000163,23,8,15
218000164,140,6,134
218000165,184,58,126
218000170,2,30,-28
218000171,58,8,50
218000172,14,4,10
218000173,16,31,-15
218000174,29,35,-6
218000176,290,81,209
218000177,544,296,248
218000178,91,297,-206
218000179,135,127,8
218000180,136,37,99
218000181,338,62,276
218000187,15,82,-67
218000188,25,56,-31
218000189,67,143,-76
218000190,38,23,15
218000191,253,75,178
218000192,372,221,151
218000193,640,255,385
218000194,194,211,-17
218000195,233,51,182
218000196,528,230,298
218000197,812,218,594
218000198,28,35,-7
218000199,48,9,39
218000200,82,24,58
218000201,31,11,20
218000202,93,592,-499
218000207,4,13,-9
218000208,34,33,1
218000211,56,86,-30
218000212,0,13,-13
218000213,90,67,23
218000214,7,20,-13
218000215,54,27,27
218000217,3,63,-60
218000218,154,39,115
218000219,11,76,-65
218000220,53,935,-882
218000221,531,296,235
218000222,5,98,-93
218000223,63,532,-469
218000224,23,260,-237
218000225,254,39,215
218000226,306,146,160
218000230,0,9,-9
218000232,65,63,2
218000239,140,12,128
218000240,21,7,14
218000241,36,1,35
218000242,7,3,4
218000243,38,2,36
218000244,23,6,17
218000245,28,2,26
218000246,1,0,1
218000247,2,1,1
218000248,0,41,-41
218000249,0,13,-13
218000250,13,82,-69
218000251,5,108,-103
218000252,7,911,-904
218000253,6,402,-396
218000254,1,77,-76
218000255,4,38,-34
218000256,19,105,-86
218000267,447,1202,-755
218000268,6,50,-44
218000269,4,18,-14
218000270,181,54,127
218000271,15,18,-3
218000273,54,1,53
218000274,12,2,10
218000275,77,46,31
218000276,32,34,-2
218000278,2,80,-78
218000279,139,47,92
218000280,11,53,-42
218000281,27,22,5
218000282,613,1040,-427
218000284,58,10,48
218000301,111,171,-60
218000302,108,54,54
218000303,10,59,-49
218000316,1319,833,486
218000317,2473,750,1723
218000318,1590,433,1157
218000319,1801,714,1087
218000320,1754,673,1081
218000338,21,115,-94
218000345,108,159,-51
218000346,69,294,-225
218000459,32,123,-91
218000490,21,63,-42
218000501,154,69,85
218000502,102,36,66
218000503,157,25,132
218000504,142,18,124
218000505,43,70,-27
218000506,17,200,-183
218000508,14,6,8
218000510,86,14,72
218000520,146,130,16
218000521,4,24,-20
218000522,2,280,-278
218000523,141,1,140
218000524,3,769,-766
218000525,100,82,18
218000526,30,408,-378
218000529,89,71,18
218000530,32,12,20
218000531,44,23,21
218000532,77,31,46
218000534,270,27,243
218000537,11,97,-86
218000538,105,679,-574
218000540,100,151,-51
218000543,273,73,200
218000544,48,59,-11
218000545,118,97,21
218000546,43,70,-27
218000547,199,168,31
218000548,117,86,31
218000549,1006,327,679
218000550,198,161,37
218000551,141,634,-493
218000552,333,282,51
218000553,21,96,-75
218000554,72,76,-4
218000555,19,36,-17
218000556,234,175,59
218000557,660,187,473
218000558,99,1,98
218000559,1,46,-45
218000560,1,39,-38
218000561,12,0,12
218000562,28,137,-109
218000563,256,40,216
218000564,10,102,-92
218000565,96,127,-31
218000566,91,49,42
218000567,3,169,-166
218000568,6,8,-2
218000569,5,544,-539
218000570,58,49,9
218000571,0,213,-213
218000572,207,9,198
218000573,9,341,-332
218000574,44,63,-19
218000575,178,0,178
218000576,1,72,-71
218000577,141,6,135
218000578,3,277,-274
218000579,16,43,-27
218000581,9,96,-87
218000582,71,5,66
218000583,9,0,9
218000584,1,81,-80
218000585,76,33,43
218000586,24,51,-27
218000587,1,16,-15
218000588,1,14,-13
218000589,3,5,-2
218000590,2,0,2
218000591,0,3,-3
218000592,20,2,18
218000593,0,0,0
218000594,0,0,0
218000595,0,0,0
218000596,0,0,0
218000597,0,0,0
218000598,0,1,-1
218000599,0,0,0
218000600,0,1,-1
218000601,0,1,-1
218000602,0,0,0
218000603,0,6,-6
218000604,27,3,24
218000605,0,40,-40
218000606,150,1,149
218000607,13,65,-52
218000608,96,34,62
218000609,7,64,-57
218000610,124,7,117
218000611,62,4,58
218000612,6,57,-51
218000613,47,0,47
218000614,1,68,-67
218000615,266,17,249
218000616,0,189,-189
218000617,13,0,13
218000618,1,28,-27
218000619,62,50,12
218000620,6,52,-46
218000621,0,8,-8
218000622,0,60,-60
218000623,61,4,57
218000624,0,131,-131
218000625,2,0,2
218000626,1,36,-35
218000628,279,130,149
218000631,40,33,7
218000632,1,190,-189
218000633,107,1,106
218000634,2,17,-15
218000635,8,18,-10
218000636,1154,606,548
218000637,1449,394,1055
218000638,358,39,319
218000639,33,70,-37
218000640,754,45,709
218000641,136,96,40
218000652,53,16,37
218000653,323,77,246
218000663,22,36,-14
218000675,41,80,-39
218000676,6,12,-6
218000677,64,5,59
218000680,272,174,98
218000681,631,187,444
218000691,333,123,210
218000693,694,112,582
218000703,6,18,-12
218000718,42,331,-289
218000719,87,424,-337
218000720,7,523,-516
218000721,44,121,-77
218000725,12,6,6
218001214,9,297,-288
218001258,194,4,190
218001329,146,193,-47
218001330,82,77,5
218001351,23,19,4
218001352,23,31,-8
218001353,15,7,8
218001354,3,43,-40
218001356,771,44,727
218001358,508,6,502
218001361,555,5,550
219000001,37,64,-27
219000002,39,56,-17
219000003,70,50,20
219000004,75,93,-18
219000017,79,148,-69
219000020,212,37,175
219000022,173,2,171
219000023,132,1,131
219000029,13,88,-75
219000034,43,32,11
219000039,57,288,-231
219000040,61,139,-78
219000041,165,34,131
219000051,0,41,-41
219000052,0,50,-50
219000053,0,97,-97
219000054,21,107,-86
219000055,390,1,389
219000056,8,0,8
219000057,57,2,55
219000062,14,104,-90
219000063,113,12,101
219000064,1,91,-90
219000110,342,126,216
219000111,99,54,45
219000112,228,58,170
219000113,239,31,208
219000114,154,56,98
219000116,235,89,146
219000117,230,112,118
219000118,250,101,149
219000123,216,76,140
219000124,71,89,-18
219000125,18,8,10
219000126,73,190,-117
219000127,0,7,-7
219000128,21,157,-136
219000129,27,151,-124
219000130,215,782,-567
219000131,802,1372,-570
219000133,31,72,-41
219000134,11,38,-27
219000135,18,99,-81
219000136,105,207,-102
219000138,111,41,70
219000139,86,38,48
219000140,134,1,133
219000141,65,48,17
219000142,16,54,-38
219000143,46,44,2
219000145,11,58,-47
219000146,9,13,-4
219000147,7,53,-46
219000148,7,18,-11
219000149,14,32,-18
219000150,1,44,-43
219000151,5,16,-11
219000157,342,120,222
219000158,308,229,79
219000161,217,8,209
219000163,1307,496,811
219000166,199,208,-9
219000167,155,146,9
219000168,258,90,168
219000174,599,154,445
219000175,203,8,195
219000176,275,18,257
219000177,150,2,148
219000178,123,0,123
219000179,76,11,65
219000180,33,39,-6
219000182,183,17,166
219000183,109,30,79
219000184,149,22,127
219000185,14,19,-5
219000186,81,26,55
219000187,26,76,-50
219000189,55,302,-247
219000190,32,262,-230
219000191,228,2154,-1926
219000192,201,194,7
219000193,138,220,-82
219000195,2,62,-60
219000196,9,113,-104
219000198,16,88,-72
219000199,40,155,-115
219000200,65,142,-77
219000201,60,211,-151
219000203,37,181,-144
219000204,71,431,-360
219000205,55,271,-216
219000207,82,276,-194
219000209,38,26,12
219000210,15,136,-121
219000213,9,178,-169
219000239,219,258,-39
219000240,204,528,-324
219000241,235,179,56
219000242,114,223,-109
219000243,153,296,-143
219000244,39,74,-35
219000245,26,45,-19
219000246,40,93,-53
219000247,346,43,303
219000248,630,647,-17
219000249,195,173,22
219000250,270,99,171
219000251,759,348,411
219000252,392,217,175
219000253,439,89,350
219000255,218,159,59
219000256,466,57,409
219000257,173,0,173
219000262,102,95,7
219000263,82,90,-8
219000267,3,45,-42
219000268,5,20,-15
219000269,3,2,1
219000270,13,1,12
219000271,250,4,246
219000278,0,23,-23
219000279,0,10,-10
219000283,0,52,-52
219000295,17,80,-63
219000296,99,268,-169
219000297,25,56,-31
219000298,24,44,-20
219000299,422,71,351
219000300,60,104,-44
219000301,90,305,-215
219000302,33,169,-136
219000307,41,17,24
219000308,119,64,55
219000311,348,76,272
219000312,621,124,497
219000313,594,62,532
219000314,59,201,-142
219000315,457,35,422
219000316,876,69,807
219000317,262,33,229
219000320,18,121,-103
219000321,0,35,-35
219000323,6,68,-62
219000325,7,8,-1
219000326,82,131,-49
219000327,51,7,44
219000328,17,34,-17
219000329,273,101,172
219000330,36,67,-31
219000331,50,72,-22
219000332,156,124,32
219000333,48,11,37
219000335,103,1,102
219000337,50,0,50
219000338,82,0,82
219000344,30,51,-21
219000345,81,36,45
219000346,42,46,-4
219000348,203,48,155
219000349,58,98,-40
219000350,87,483,-396
219000351,2,23,-21
219000352,284,72,212
219000353,166,52,114
219000354,277,69,208
219000355,222,73,149
219000356,495,2250,-1755
219000363,173,80,93
219000364,125,76,49
219000365,98,12,86
219000366,226,752,-526
219000368,396,642,-246
219000370,701,935,-234
219000371,6,25,-19
219000382,17,56,-39
219000383,269,1970,-1701
219000385,416,863,-447
219000386,785,2204,-1419
219000387,2,35,-33
219000390,8,3,5
219000391,3,0,3
219000397,51,24,27
219000398,65,75,-10
219000401,32,85,-53
219000402,31,70,-39
219000403,68,325,-257
219000404,20,146,-126
219000407,10,75,-65
219000409,124,69,55
219000410,223,37,186
219000411,101,8,93
219000446,72,485,-413
219000447,0,17,-17
219000448,5,20,-15
219000452,81,85,-4
219000453,51,275,-224
219000454,235,426,-191
219000556,489,101,388
219000558,112,155,-43
219000590,36,253,-217
219000591,229,146,83
219000592,82,301,-219
219000595,3,7,-4
219000635,285,48,237
219000636,113,51,62
219000657,33,12,21
219000658,14,236,-222
219000673,1,112,-111
219000676,49,30,19
219000679,17,11,6
219000684,169,5,164
219000685,0,30,-30
219000686,4,6,-2
219000688,0,44,-44
219000689,15,219,-204
219000690,204,34,170
219000691,40,218,-178
219000692,211,30,181
219000693,3,14,-11
219000694,21,0,21
219000695,59,0,59
219000698,26,1,25
219000699,0,93,-93
219000727,3,116,-113
219000728,78,1,77
219000770,101,1,100
219000771,0,100,-100
219000788,265,465,-200
219001150,0,44,-44
219001151,0,5,-5
219001166,48,58,-10
219001167,8,51,-43
219001178,78,0,78
220000001,59,210,-151
220000002,14,111,-97
220000003,306,165,141
220000004,482,353,129
220000005,695,1902,-1207
220000006,187,821,-634
220000007,446,255,191
220000008,382,474,-92
220000009,359,459,-100
220000010,150,82,68
220000011,483,4535,-4052
220000012,68,521,-453
220000014,212,99,113
220000015,137,627,-490
220000017,31,435,-404
220000018,8000,3857,4143
220000019,209,681,-472
220000020,828,200,628
220000021,1341,256,1085
220000022,1762,413,1349
220000023,498,204,294
220000024,1414,732,682
220000025,1341,3015,-1674
220000026,442,902,-460
220000027,24,269,-245
220000028,58,116,-58
220000029,27,81,-54
220000030,59,132,-73
220000031,994,595,399
220000064,46,1475,-1429
221000046,1,0,1
221000047,0,0,0
221000048,0,1,-1
221000049,0,16,-16
221000050,18,0,18
221000055,41,58,-17
221000057,122,8,114
221000068,329,98,231
221000069,413,47,366
221000070,290,27,263
221000071,144,5,139
221000072,378,6,372
221000073,217,31,186
221000074,1,16,-15
221000075,16,45,-29
221000076,7,16,-9
221000077,11,81,-70
221000081,6,5,1
221000082,77,5,72
221000083,14,13,1
221000084,28,14,14
221000085,11,44,-33
221000086,14,91,-77
221000087,3,122,-119
221000088,7,101,-94
221000089,30,218,-188
221000090,52,561,-509
221000098,171,17,154
221000099,311,13,298
221000100,139,9,130
221000101,176,8,168
221000102,141,21,120
221000109,11,79,-68
221000110,4,28,-24
221000111,23,134,-111
221000112,9,85,-76
221000113,11,143,-132
221000114,14,148,-134
221000120,45,70,-25
221000121,5,57,-52
221000122,47,97,-50
221000123,5,31,-26
221000124,24,104,-80
221000155,253,16,237
221000156,102,113,-11
221000175,3,19,-16
221000176,3,4,-1
221000182,65,2,63
221000241,352,386,-34
221000242,147,409,-262
221000243,468,362,106
221000244,183,467,-284
221000245,116,62,54
221000246,51,350,-299
221000247,127,78,49
221000248,167,135,32
221000267,59,1074,-1015
221000325,42,207,-165
221000331,6,43,-37
221000338,15,45,-30
221000378,465,46,419
221000381,94,91,3
222000282,4,3,1
222000296,1,15,-14
222000568,610,16,594
222000569,314,82,232
222000570,269,43,226
222000571,745,30,715
222000577,33,77,-44
222000578,10,109,-99
222000579,22,111,-89
222000580,37,571,-534
222000599,1,88,-87
222000600,0,157,-157
222000601,9,722,-713
222000603,21,99,-78
222000604,1,109,-108
222000605,20,115,-95
222000606,3,84,-81
222000607,9,19,-10
222000608,28,27,1
222000609,84,73,11
222000616,744,35,709
222000617,25,45,-20
222000618,3,8,-5
222000620,33,37,-4
222000621,54,45,9
222000623,833,19,814
222000624,656,5,651
222000625,1779,13,1766
222000636,90,7,83
222000686,40,24,16
222000687,46,52,-6
222001066,610,4,606
222001067,88,2,86
222001068,120,38,82
222001069,201,45,156
222001082,38,11,27
222001083,95,24,71
222001084,1,53,-52
222001085,2,310,-308
222001111,142,57,85
222001112,410,76,334
222001313,11,26,-15
222001314,9,118,-109
222001464,60,73,-13
222001465,20,103,-83
222001484,277,66,211
222001485,23,45,-22
222001494,1143,195,948
222001495,180,107,73
222001496,740,108,632
222001497,112,155,-43
222001502,8,52,-44
222001503,228,27,201
222001504,35,197,-162
222001505,566,16,550
222001506,46,257,-211
222001507,385,22,363
222001510,936,29,907
222001511,84,230,-146
222001514,1264,187,1077
222001515,96,307,-211
222001518,932,67,865
222001519,74,74,0
222001527,268,122,146
222001528,11,145,-134
222001529,668,38,630
222001530,128,130,-2
222001533,114,119,-5
222001534,858,73,785
222001535,447,394,53
222001536,70,82,-12
222001537,606,52,554
222001538,63,659,-596
222001563,1524,225,1299
222001564,127,171,-44
222001568,241,311,-70
222001576,0,6,-6
222001579,2,17,-15
222001583,5,54,-49
222001584,161,27,134
222001596,834,2317,-1483
222001597,1716,1203,513
222001626,0,57,-57
222001650,34,266,-232
222001651,34,565,-531
222001914,435,66,369
222001915,37,241,-204
222001968,583,309,274
222001969,249,418,-169
222001970,226,468,-242
222001971,64,9,55
222001972,3,10,-7
225000001,578,135,443
225000002,961,184,777
225000003,1138,82,1056
225000004,766,303,463
225000005,104,59,45
225000006,1,229,-228
225000007,1310,1360,-50
225000010,377,19,358
225000011,499,1644,-1145
225000012,447,862,-415
225000013,228,115,113
225000014,740,146,594
225000015,121,97,24
225000021,936,100,836
225000027,193,423,-230
225000032,825,129,696
225000042,74,534,-460
225000049,62,72,-10
225000050,180,11,169
225000053,4,318,-314
225000058,779,272,507
225000067,204,136,68
225000068,131,206,-75
225000069,74,350,-276
225000070,137,251,-114
225000071,45,50,-5
225000075,37,561,-524
225000076,35,110,-75
225000078,66,33,33
225000085,200,115,85
225000086,481,119,362
225000087,184,10,174
225000088,6,197,-191
225000089,83,1088,-1005
225000090,51,516,-465
225000091,131,119,12
225000092,58,79,-21
225000093,307,238,69
225000094,45,165,-120
225000095,279,276,3
225000096,188,327,-139
225000098,1104,298,806
225000099,721,142,579
225000100,754,127,627
225000104,97,331,-234
225000110,6,312,-306
225000111,164,699,-535
225000112,273,901,-628
225000113,217,536,-319
225000114,153,256,-103
225000115,878,628,250
225000116,583,189,394
225000117,834,416,418
225000118,1463,376,1087
225000119,438,94,344
225000120,1033,43,990
225000121,226,20,206
225000123,679,10,669
225000125,911,143,768
225000126,1142,270,872
225000127,578,2510,-1932
225000128,600,1328,-728
225000132,710,44,666
225000133,329,35,294
225000134,952,195,757
225000135,118,39,79
225000136,783,41,742
225000137,395,53,342
225000138,520,143,377
225000143,60,305,-245
225000144,6,304,-298
225000145,52,19,33
225000146,114,41,73
225000147,70,108,-38
225000148,18,95,-77
225000149,62,208,-146
225000151,31,147,-116
225000155,257,299,-42
225000156,318,882,-564
225000157,410,408,2
225000158,86,166,-80
225000171,17,159,-142
225000180,13,2,11
225000181,0,88,-88
225000182,85,6,79
225000185,7,412,-405
225000187,37,297,-260
225000191,52,1,51
225000194,0,10,-10
225000208,2,63,-61
225000209,193,8,185
225000210,7,321,-314
225000217,1,8,-7
225000218,7,2,5
225000223,0,90,-90
225000224,25,2,23
225000225,0,28,-28
225000226,16,0,16
225000227,70,117,-47
225000228,10,14,-4
225000229,0,53,-53
225000230,10,1,9
225000231,0,19,-19
225000232,148,2,146
225000241,62,3,59
225000242,1,48,-47
225000249,2,1,1
225000250,67,515,-448
225000251,752,46,706
225000254,1,59,-58
225000256,5,194,-189
225000257,0,39,-39
226000042,155,325,-170
226000043,39,204,-165
226000044,130,369,-239
226000045,53,217,-164
226000046,835,99,736
226000047,603,163,440
226000048,522,165,357
226000049,483,310,173
226000070,0,17,-17
226000071,0,66,-66
226000072,0,18,-18
226000073,0,16,-16
226000074,0,31,-31
226000084,4,22,-18
226000085,4,13,-9
226000086,2,28,-26
226000087,1,40,-39
226000088,15,121,-106
226000090,96,224,-128
226000091,5,117,-112
226000092,0,77,-77
226000093,18,3,15
226000094,16,6,10
226000095,5,2,3
226000105,13,1,12
226000106,30,1,29
226000107,27,1,26
226000108,11,1,10
226000109,182,0,182
226000124,306,93,213
226000134,1478,745,733
226000135,2603,787,1816
226000136,1016,762,254
226000137,3,141,-138
226000138,12,69,-57
226000139,1,68,-67
226000156,445,15,430
226000157,361,14,347
226000163,65,317,-252
226000202,23,142,-119
226000231,815,7,808
226000232,94,8,86
227000033,469,35,434
227000036,702,30,672
227000037,635,36,599
227000038,197,31,166
227000084,1,100,-99
227000085,0,50,-50
227000088,47,3,44
227000089,82,1,81
227000090,50,0,50
227000091,25,0,25
227000092,32,0,32
227000093,137,0,137
227000094,9,0,9
227000130,32,165,-133
227000131,35,114,-79
227000132,9,105,-96
227000133,10,83,-73
227000134,27,139,-112
227000152,0,18,-18
227000153,1,102,-101
227000154,0,52,-52
227000155,1,44,-43
227000156,0,13,-13
227000165,4,119,-115
227000196,753,119,634
227000199,775,203,572
227000230,10,168,-158
227000232,837,41,796
227000242,36,373,-337
227000243,449,52,397
227000245,12,184,-172
227000246,83,174,-91
227000247,742,49,693
227000248,226,52,174
227000249,13,104,-91
227000250,429,327,102
227000251,44,371,-327
227000252,67,154,-87
227000253,274,14,260
227000262,755,26,729
227000266,2094,36,2058
227000267,18,753,-735
227000282,6,98,-92
227000284,1137,25,1112
227000286,4,39,-35
227000287,21,43,-22
227000291,9,258,-249
227000296,243,339,-96
227000484,231,7,224
227000485,6,802,-796
227000655,346,3,343
227000656,1036,39,997
227000657,280,7,273
227000661,438,17,421
229000265,49,56,-7
229000296,1,35,-34
229000297,5,34,-29
229000298,3,196,-193
229000320,20,5,15
229000321,25,1,24
229000412,10,42,-32
229000414,18,24,-6
229000415,13,4,9
229000416,2,8,-6
229000417,0,4,-4
229000419,81,330,-249
229000440,322,118,204
229000442,24,43,-19
229000443,7,7,0
229000444,0,12,-12
229000445,81,8,73
229000446,108,23,85
229000491,0,12,-12
229000492,10,39,-29
229000493,8,47,-39
229000494,82,4,78
229000495,225,1,224
229000496,149,1,148
229000507,0,40,-40
229000508,1,28,-27
229000509,0,65,-65
229000510,4,20,-16
229000511,2,27,-25
229000512,0,24,-24
229000513,0,6,-6
229000514,0,1,-1
229000517,1,3,-2
229000518,11,11,0
229000519,0,6,-6
229000520,8,21,-13
229000521,69,19,50
229000522,8,4,4
229000523,3,3,0
229000524,10,1,9
229000527,1,1,0
229000528,0,0,0
229000529,17,0,17
229000530,98,1,97
229000531,29,1,28
229000532,15,2,13
229000533,77,0,77
229000534,41,0,41
229000564,110,0,110
229000565,32,0,32
229000566,0,4,-4
229000567,0,24,-24
229000582,99,5,94
229000583,7,4,3
229000584,0,9,-9
229000585,1,62,-61
229000718,0,1,-1
229000719,0,0,0
229000720,0,1,-1
229000721,1,11,-10
229000722,0,12,-12
229000723,0,2,-2
229000724,0,0,0
229000725,0,1,-1
229000738,1,0,1
229000739,1,0,1
229000740,2,0,2
229000741,53,0,53
229000742,13,0,13
229000743,47,0,47
229000744,6,0,6
229000745,2,0,2
229000746,23,2,21
229000847,60,1,59
229000848,23,1,22
229000849,97,0,97
229000851,51,0,51
229000854,0,7,-7
229000856,1,31,-30
229000857,0,15,-15
229000858,0,13,-13
229000919,9,44,-35
229000930,0,219,-219
229000937,119,15,104
229000966,64,76,-12
229000981,16,11,5
229000985,25,40,-15
229000986,0,4,-4
229000987,0,3,-3
229000988,3,4,-1
229000989,14,6,8
229000990,2,3,-1
229000991,0,3,-3
229000992,33,19,14
229000993,218,13,205
229000998,7,53,-46
229000999,101,13,88
229001034,0,14,-14
229001035,6,0,6
229001037,108,3,105
229001042,21,11,10
229001047,8,36,-28
229001050,45,49,-4
229001168,0,19,-19
229001200,16,27,-11
229001338,1,32,-31
229001394,182,3,179
229001422,273,37,236
229001423,32,97,-65
229001431,91,68,23
229001432,19,52,-33
229001444,247,35,212
229001445,44,112,-68
229001479,65,1,64
229001503,333,53,280
229001504,136,126,10
229001505,150,41,109
229001506,85,56,29
229001509,46,4,42
229001545,126,1,125
229001546,6,44,-38
229001553,178,19,159
229001554,23,64,-41
229001630,125,6,119
229001631,8,40,-32
229001635,0,29,-29
229001636,3,0,3
229001658,0,103,-103
229001659,43,2,41
229001660,3,10,-7
229001661,0,51,-51
229001662,31,1,30
229001663,0,16,-16
229002584,279,234,45
229002831,111,148,-37
229002841,11,15,-4
229002842,38,35,3
229002843,118,21,97
229002844,86,70,16
229002845,30,93,-63
229002846,45,35,10
229002847,0,21,-21
229002848,18,20,-2
229002849,5,83,-78
229002850,29,1,28
229002851,22,121,-99
229002852,178,52,126
229002853,198,38,160
229002854,92,49,43
229002855,4,33,-29
229002856,40,23,17
229002857,24,91,-67
229002858,42,7,35
229002859,37,52,-15
229002860,112,25,87
229002861,91,41,50
229002862,40,45,-5
229002863,45,39,6
229002864,34,35,-1
229002865,22,22,0
229002866,41,33,8
229002867,1,25,-24
229002868,14,33,-19
229002869,13,74,-61
229002870,84,7,77
235000066,220,24,196
235000067,89,49,40
235000072,37,90,-53
235000073,117,548,-431
235000074,117,40,77
235000080,27,53,-26
235000081,160,65,95
235000082,209,20,189
235000083,353,37,316
235000084,109,58,51
235000085,272,44,228
235000089,20,22,-2
235000092,78,207,-129
235000093,15,15,0
235000097,3,6,-3
235000098,90,0,90
235000099,28,28,0
235000116,25,4,21
235000117,365,8,357
235000133,10,785,-775
235000134,10,272,-262
235000206,6,5,1
235000207,6,8,-2
235000208,1,7,-6
235000209,3,0,3
235000210,9,2,7
235000212,1,25,-24
235000213,3,21,-18
235000220,6,15,-9
235000221,31,36,-5
235000238,12,291,-279
235000239,3,49,-46
235000242,400,1387,-987
235000245,373,172,201
235000246,11,71,-60
235000284,9,140,-131
235000295,113,33,80
235000305,390,33,357
235000306,559,19,540
235000307,16,2,14
235000308,14,2,12
235000309,87,0,87
235000310,76,0,76
235000311,367,15,352
235000322,0,26,-26
235000323,0,59,-59
235000324,0,47,-47
235000325,0,29,-29
235000326,5,48,-43
235000351,13,44,-31
235000352,8,66,-58
235000353,9,42,-33
235000354,14,91,-77
235000355,40,204,-164
235000356,94,0,94
235000357,64,7,57
235000358,28,11,17
235000359,15,4,11
235000360,44,14,30
235000361,98,6,92
235000381,191,60,131
235000382,239,53,186
235000390,12,6,6
235000391,268,25,243
235000392,353,273,80
235000393,228,241,-13
235000395,180,57,123
235000396,788,98,690
235000400,104,104,0
235000401,3,161,-158
235000405,198,150,48
235000406,36,112,-76
235000407,36,57,-21
235000409,153,63,90
235000410,45,132,-87
235000411,0,36,-36
235000485,0,12,-12
235000486,7,0,7
235000549,141,93,48
235000550,182,117,65
235000599,268,44,224
235000600,4,41,-37
235000601,8,17,-9
235000602,128,28,100
235000614,2,8,-6
235000648,0,6,-6
235000649,29,5,24
235000685,1,8,-7
235000815,26,189,-163
235000834,0,8,-8
235000855,62,28,34
235000862,50,48,2
235000891,0,34,-34
235000892,18,1,17
235000901,85,104,-19
235000907,2,15,-13
235001010,137,20,117
235001029,168,173,-5
235001030,351,175,176
235001078,145,112,33
235001079,53,60,-7
235001147,5,104,-99
235001166,9,22,-13
235001167,103,43,60
235001169,19,312,-293
235001188,0,13,-13
235001189,4,3,1
235001197,4,23,-19
235001200,100,42,58
235001207,234,87,147
235001210,19,73,-54
235001215,36,80,-44
235001239,1,57,-56
235001244,0,16,-16
235016267,0,46,-46
277101746,0,2,-2
277102712,0,1,-1
277103813,0,3,-3
277103814,0,0,0
277103898,0,1,-1
277104249,0,1,-1
277104250,0,5,-5
277104251,0,3,-3
277104252,0,0,0
990011530,0,265,-265
990014944,10,295,-285
990015176,61,1,60
990015618,0,174,-174
990016032,4,316,-312
990032570,16,845,-829
990070001,78,2,76
990070103,1,3,-2
990070601,0,51,-51
990070751,2336,5,2331
990070766,0,218,-218
990071180,476,268,208
990071343,10,2,8
990071387,0,2,-2
990071823,385,8,377
990072600,9,1269,-1260
990072964,1,298,-297
990073285,0,8,-8
990074393,2,489,-487
990074870,2378,18,2360
990075106,793,4,789
990075746,891,43,848
990076437,3711,6,3705
990076458,0,278,-278
997000007,401,0,401
997000041,6,372,-366
997000058,89,4,85
997000062,19,2,17
997000069,1,4,-3
997000070,0,25,-25
997000100,148,24,124
997000141,4,1084,-1080
997000198,0,493,-493
998000475,0,2,-2
998000736,1,64,-63
998000965,0,17,-17
998001031,0,63,-63
998001700,0,30,-30
998001899,0,1,-1
998001900,6,1,5
998003073,1379,8,1371
998101900,0,0,0
998102850,9,430,-421
998501927,506,1311,-805
998501929,166,4,162
998501930,86,20,66
998501931,168,40,128
998501932,5,0,5
998501933,86,2,84
998501937,22,0,22
998501944,4,1,3
998501970,192,27,165
998501971,0,72,-72
998501973,1,30,-29
998501974,0,164,-164
998501975,89,0,89
998501976,124,1,123
998501977,0,34,-34
998501978,10,0,10
998501979,0,1,-1
998501980,120,7,113
998501981,65,3,62
998501982,0,134,-134
998501983,0,0,0
998502006,0,0,0
998502024,0,7,-7
998502032,0,3,-3
998502062,9,0,9
998502063,0,0,0
998502173,20,1,19
998502269,0,4,-4
998601159,11,36,-25
998601292,1,38,-37
999033574,2,201,-199
999800001,85,0,85
999800002,0,6,-6
999800003,1,2,-1
999800004,0,4,-4
999800005,0,3,-3
