dong,insum,outsum,diff
강남구 개포1동,620,1152,-532
강남구 개포2동,11342,17090,-5748
강남구 개포4동,6239,9819,-3580
강남구 논현1동,32514,29593,2921
강남구 논현2동,21058,20076,982
강남구 대치1동,24607,15465,9142
강남구 대치2동,35041,22534,12507
강남구 대치4동,27954,18400,9554
강남구 도곡1동,18613,16694,1919
강남구 도곡2동,6723,6104,619
강남구 삼성1동,44453,27379,17074
강남구 삼성2동,16192,12187,4005
강남구 세곡동,14733,32712,-17979
강남구 수서동,31197,13503,17694
강남구 신사동,32014,18128,13886
강남구 압구정동,50104,27055,23049
강남구 역삼1동,73249,49280,23969
강남구 역삼2동,21858,19352,2506
강남구 일원1동,7566,10313,-2747
강남구 일원2동,3868,3172,696
강남구 일원본동,8320,12730,-4410
강남구 청담동,30847,24477,6370
강동구 강일동,7404,19422,-12018
강동구 고덕제1동,4230,8380,-4150
강동구 고덕제2동,7541,6602,939
강동구 길동,10528,11938,-1410
강동구 둔촌제1동,223,288,-65
강동구 둔촌제2동,8233,8571,-338
강동구 명일제1동,12692,12135,557
강동구 명일제2동,10427,7442,2985
강동구 상일동,17715,12395,5320
강동구 성내제1동,8231,9722,-1491
강동구 성내제2동,9170,10047,-877
강동구 성내제3동,10692,11117,-425
강동구 암사제1동,6053,12068,-6015
강동구 암사제2동,2672,2398,274
강동구 암사제3동,1031,922,109
강동구 천호제1동,4137,7736,-3599
강동구 천호제2동,19722,15577,4145
강동구 천호제3동,9076,7038,2038
강북구 미아동,21753,16145,5608
강북구 번1동,46630,36787,9843
강북구 번2동,6341,13380,-7039
강북구 번3동,12187,24206,-12019
강북구 삼각산동,5241,10105,-4864
강북구 삼양동,13180,21559,-8379
강북구 송중동,76626,55194,21432
강북구 송천동,22078,26324,-4246
강북구 수유1동,13356,16677,-3321
강북구 수유2동,8947,15587,-6640
강북구 수유3동,41082,31077,10005
강북구 우이동,14022,13748,274
강북구 월곡제1동,1179,1438,-259
강북구 인수동,9479,18611,-9132
강서구 가양제1동,17586,12745,4841
강서구 가양제2동,2132,3189,-1057
강서구 가양제3동,2571,3660,-1089
강서구 공항동,13353,11615,1738
강서구 등촌제1동,15041,19870,-4829
강서구 등촌제2동,6915,12274,-5359
강서구 등촌제3동,23216,21526,1690
강서구 발산제1동,21422,21968,-546
강서구 방화제1동,10170,13472,-3302
강서구 방화제2동,11078,8188,2890
강서구 방화제3동,1883,2065,-182
강서구 염창동,8611,13761,-5150
강서구 우장산동,15087,17358,-2271
강서구 화곡본동,7128,11526,-4398
강서구 화곡제1동,33896,36308,-2412
강서구 화곡제2동,4267,8877,-4610
강서구 화곡제3동,11233,10007,1226
강서구 화곡제4동,6290,10990,-4700
강서구 화곡제6동,15966,20457,-4491
강서구 화곡제8동,17663,12339,5324
관악구 낙성대동,29112,41759,-12647
관악구 난곡동,9175,21076,-11901
관악구 난향동,5499,11847,-6348
관악구 남현동,10495,12610,-2115
관악구 대학동,37432,28072,9360
관악구 미성동,18414,28740,-10326
관악구 보라매동,19203,20049,-846
관악구 삼성동,14461,32036,-17575
관악구 서림동,15816,24997,-9181
관악구 서원동,55129,39053,16076
관악구 성현동,9506,25182,-15676
관악구 신림동,59245,38620,20625
관악구 신사동,10972,16170,-5198
관악구 신원동,3952,6068,-2116
관악구 은천동,21916,23377,-1461
관악구 인헌동,9752,11984,-2232
관악구 조원동,34420,27484,6936
관악구 중앙동,8339,6931,1408
관악구 청룡동,32684,16135,16549
관악구 청림동,2680,7380,-4700
관악구 행운동,42077,33034,9043
광진구 광장동,5940,6871,-931
광진구 구의제1동,10642,12682,-2040
광진구 구의제2동,11122,16491,-5369
광진구 구의제3동,14128,8552,5576
광진구 군자동,12480,16755,-4275
광진구 능동,10540,12889,-2349
광진구 자양제1동,3190,3754,-564
광진구 자양제2동,15080,23458,-8378
광진구 자양제3동,6684,6632,52
광진구 자양제4동,23573,20055,3518
광진구 중곡제1동,5988,7072,-1084
광진구 중곡제2동,8286,10373,-2087
광진구 중곡제3동,6619,9679,-3060
광진구 중곡제4동,5633,9220,-3587
광진구 화양동,20295,16787,3508
구로구 가리봉동,9624,8336,1288
구로구 개봉제1동,32285,32754,-469
구로구 개봉제2동,21441,18642,2799
구로구 개봉제3동,4404,9887,-5483
구로구 고척제1동,18114,22401,-4287
구로구 고척제2동,11899,21453,-9554
구로구 구로제1동,6051,10430,-4379
구로구 구로제2동,31654,30263,1391
구로구 구로제3동,63937,27454,36483
구로구 구로제4동,20769,14690,6079
구로구 구로제5동,32863,22395,10468
구로구 수궁동,23071,22927,144
구로구 신도림동,33792,22425,11367
구로구 오류제1동,11182,14410,-3228
구로구 오류제2동,11299,12575,-1276
구로구 항동,1040,4804,-3764
금천구 가산동,52937,31175,21762
금천구 독산제1동,33781,44586,-10805
금천구 독산제2동,11251,17646,-6395
금천구 독산제3동,18280,23687,-5407
금천구 독산제4동,11459,9204,2255
금천구 미성동,161,451,-290
금천구 시흥제1동,32639,40436,-7797
금천구 시흥제2동,7555,18247,-10692
금천구 시흥제3동,9421,10548,-1127
금천구 시흥제4동,6008,8962,-2954
금천구 시흥제5동,14884,18894,-4010
노원구 공릉1동,16977,18470,-1493
노원구 공릉2동,17382,20067,-2685
노원구 상계10동,12225,5788,6437
노원구 상계1동,13738,15331,-1593
노원구 상계2동,20367,14564,5803
노원구 상계3.4동,2468,5080,-2612
노원구 상계5동,11307,11624,-317
노원구 상계6.7동,20622,14284,6338
노원구 상계8동,3985,5347,-1362
노원구 상계9동,6012,8363,-2351
노원구 월계1동,42860,27562,15298
노원구 월계2동,8688,15210,-6522
노원구 월계3동,9479,12926,-3447
노원구 중계1동,9003,12313,-3310
노원구 중계2.3동,15796,14471,1325
노원구 중계4동,9199,8789,410
노원구 중계본동,10845,11948,-1103
노원구 하계1동,17220,15312,1908
노원구 하계2동,12098,10716,1382
도봉구 도봉제1동,11231,10710,521
도봉구 도봉제2동,13651,14420,-769
도봉구 방학제1동,14310,21024,-6714
도봉구 방학제2동,4503,12143,-7640
도봉구 방학제3동,7234,13777,-6543
도봉구 쌍문제1동,8476,17624,-9148
도봉구 쌍문제2동,10025,14948,-4923
도봉구 쌍문제3동,10631,9478,1153
도봉구 쌍문제4동,5445,13159,-7714
도봉구 창제1동,36559,16831,19728
도봉구 창제2동,6773,14681,-7908
도봉구 창제3동,6894,14049,-7155
도봉구 창제4동,21791,17799,3992
도봉구 창제5동,17396,16931,465
동대문구 답십리제1동,12043,17139,-5096
동대문구 답십리제2동,14565,18663,-4098
동대문구 면목제5동,109,68,41
동대문구 용신동,48665,40250,8415
동대문구 이문제1동,12030,13961,-1931
동대문구 이문제2동,5971,6433,-462
동대문구 장안제1동,29172,25306,3866
동대문구 장안제2동,17268,26495,-9227
동대문구 전농제1동,17868,26989,-9121
동대문구 전농제2동,12326,15879,-3553
동대문구 제기동,27114,24458,2656
동대문구 청량리동,54247,31700,22547
동대문구 회기동,10173,8633,1540
동대문구 휘경제1동,21560,18509,3051
동대문구 휘경제2동,13830,16736,-2906
동작구 노량진제1동,58064,45925,12139
동작구 노량진제2동,25722,16481,9241
동작구 대방동,38135,41820,-3685
동작구 사당제1동,15323,18162,-2839
동작구 사당제2동,31837,25933,5904
동작구 사당제3동,5732,13943,-8211
동작구 사당제4동,1277,1487,-210
동작구 사당제5동,6104,10557,-4453
동작구 상도제1동,47963,52202,-4239
동작구 상도제2동,18587,24829,-6242
동작구 상도제3동,12757,20303,-7546
동작구 상도제4동,7154,20994,-13840
동작구 신대방제1동,7438,9439,-2001
동작구 신대방제2동,21982,23889,-1907
동작구 흑석동,29996,31696,-1700
마포구 공덕동,13741,17979,-4238
마포구 대흥동,24243,18183,6060
마포구 도화동,9497,9404,93
마포구 망원제1동,9023,11572,-2549
마포구 망원제2동,6392,8351,-1959
마포구 상암동,43123,35852,7271
마포구 서강동,8266,10955,-2689
마포구 서교동,108486,72316,36170
마포구 성산제1동,9867,14371,-4504
마포구 성산제2동,17915,25176,-7261
마포구 신수동,3086,6038,-2952
마포구 아현동,17996,19926,-1930
마포구 연남동,6165,7380,-1215
마포구 염리동,3214,4600,-1386
마포구 용강동,12913,14678,-1765
마포구 합정동,15085,15548,-463
서대문구 남가좌제1동,9477,11971,-2494
서대문구 남가좌제2동,15120,21609,-6489
서대문구 북가좌제1동,4056,9142,-5086
서대문구 북가좌제2동,9922,19032,-9110
서대문구 북아현동,13342,15451,-2109
서대문구 신촌동,99183,56159,43024
서대문구 연희동,43608,54756,-11148
서대문구 천연동,18855,20609,-1754
서대문구 충현동,28371,30938,-2567
서대문구 홍은제1동,12653,20981,-8328
서대문구 홍은제2동,24610,34103,-9493
서대문구 홍제제1동,26353,22037,4316
서대문구 홍제제2동,13902,19568,-5666
서대문구 홍제제3동,14806,14101,705
서초구 내곡동,9840,12184,-2344
서초구 반포1동,19597,20372,-775
서초구 반포2동,10663,8438,2225
서초구 반포3동,34810,18602,16208
서초구 반포4동,31554,20394,11160
서초구 반포본동,10176,9138,1038
서초구 방배1동,15596,13507,2089
서초구 방배2동,17257,16884,373
서초구 방배3동,9804,11441,-1637
서초구 방배4동,13507,15216,-1709
서초구 방배본동,8444,10968,-2524
서초구 서초1동,14497,13293,1204
서초구 서초2동,29965,29690,275
서초구 서초3동,32766,26003,6763
서초구 서초4동,31300,30384,916
서초구 양재1동,52310,52597,-287
서초구 양재2동,26012,24106,1906
서초구 잠원동,15578,24041,-8463
성동구 금호1가동,5857,10045,-4188
성동구 금호2.3가동,12396,14025,-1629
성동구 금호4가동,6153,10198,-4045
성동구 마장동,8496,10332,-1836
성동구 사근동,9339,5583,3756
성동구 성수1가제1동,8248,6812,1436
성동구 성수1가제2동,5815,4578,1237
성동구 성수2가제1동,5971,6120,-149
성동구 성수2가제3동,7323,5431,1892
성동구 송정동,3293,4591,-1298
성동구 옥수동,14963,15863,-900
성동구 왕십리도선동,15091,10751,4340
성동구 왕십리제2동,7975,13675,-5700
성동구 용답동,11166,8937,2229
성동구 응봉동,3497,10761,-7264
성동구 행당제1동,20353,12680,7673
성동구 행당제2동,10359,11703,-1344
성북구 길음제1동,21389,25365,-3976
성북구 길음제2동,23137,17261,5876
성북구 돈암제1동,23504,20510,2994
성북구 돈암제2동,3642,10965,-7323
성북구 동선동,37098,30566,6532
성북구 보문동,8516,10107,-1591
성북구 삼선동,39412,37827,1585
성북구 석관동,9117,13618,-4501
성북구 성북동,20233,20904,-671
성북구 안암동,13589,13070,519
성북구 월곡제1동,17607,20944,-3337
성북구 월곡제2동,12702,9929,2773
성북구 장위제1동,7873,19917,-12044
성북구 장위제2동,11575,11973,-398
성북구 장위제3동,4102,5328,-1226
성북구 정릉제1동,11338,17776,-6438
성북구 정릉제2동,13362,28168,-14806
성북구 정릉제3동,13498,10136,3362
성북구 정릉제4동,16485,22531,-6046
성북구 종암동,24787,34418,-9631
송파구 가락1동,3669,4285,-616
송파구 가락2동,12898,17808,-4910
송파구 가락본동,17273,16902,371
송파구 거여1동,3348,5117,-1769
송파구 거여2동,1149,1268,-119
송파구 마천1동,3372,4981,-1609
송파구 마천2동,7375,12283,-4908
송파구 문정1동,4297,8275,-3978
송파구 문정2동,26351,21861,4490
송파구 방이1동,6039,7965,-1926
송파구 방이2동,13143,13874,-731
송파구 삼전동,10695,17739,-7044
송파구 석촌동,18213,26838,-8625
송파구 송파1동,12261,14683,-2422
송파구 송파2동,4559,5629,-1070
송파구 오금동,15806,18009,-2203
송파구 오륜동,7996,6461,1535
송파구 위례동,7862,15247,-7385
송파구 잠실2동,3791,7099,-3308
송파구 잠실3동,60097,26363,33734
송파구 잠실4동,810,1085,-275
송파구 잠실6동,22161,11026,11135
송파구 잠실7동,14157,5111,9046
송파구 잠실본동,23455,24180,-725
송파구 장지동,10497,10951,-454
송파구 풍납1동,5448,3949,1499
송파구 풍납2동,8310,10610,-2300
양천구 목1동,49357,24132,25225
양천구 목2동,22787,25600,-2813
양천구 목3동,15809,18998,-3189
양천구 목4동,10417,21404,-10987
양천구 목5동,18952,20192,-1240
양천구 신월1동,4155,4918,-763
양천구 신월2동,4790,11554,-6764
양천구 신월3동,5216,7995,-2779
양천구 신월4동,5673,12197,-6524
양천구 신월5동,4767,9838,-5071
양천구 신월6동,3557,5083,-1526
양천구 신월7동,8819,19084,-10265
양천구 신정1동,7935,9351,-1416
양천구 신정2동,4012,5087,-1075
양천구 신정3동,21856,31810,-9954
양천구 신정4동,27689,19701,7988
양천구 신정6동,4774,5565,-791
양천구 신정7동,7238,10694,-3456
영등포구 당산제1동,12315,9703,2612
영등포구 당산제2동,34257,22658,11599
영등포구 대림제1동,8863,11586,-2723
영등포구 대림제2동,5906,6032,-126
영등포구 대림제3동,10644,13906,-3262
영등포구 도림동,6043,13785,-7742
영등포구 문래동,16361,15929,432
영등포구 신길제1동,6526,9478,-2952
영등포구 신길제3동,8162,14674,-6512
영등포구 신길제4동,2901,5392,-2491
영등포구 신길제5동,8636,9668,-1032
영등포구 신길제6동,9813,16385,-6572
영등포구 신길제7동,9268,14163,-4895
영등포구 양평제1동,7964,8698,-734
영등포구 양평제2동,12294,13025,-731
영등포구 여의동,87017,48033,38984
영등포구 영등포동,75334,45386,29948
영등포구 영등포본동,22389,16611,5778
용산구 남영동,33525,29206,4319
용산구 보광동,6198,8635,-2437
용산구 서빙고동,9549,12072,-2523
용산구 용문동,3195,4316,-1121
용산구 용산2가동,10838,16365,-5527
용산구 원효로제1동,10198,12867,-2669
용산구 원효로제2동,6180,9920,-3740
용산구 이촌제1동,9448,11099,-1651
용산구 이촌제2동,2099,4506,-2407
용산구 이태원제1동,15257,17333,-2076
용산구 이태원제2동,7297,9141,-1844
용산구 청파동,12799,16359,-3560
용산구 필동,8638,1642,6996
용산구 한강로동,49915,34933,14982
용산구 한남동,41879,37514,4365
용산구 효창동,5117,9411,-4294
용산구 후암동,8340,12266,-3926
은평구 갈현제1동,5988,13976,-7988
은평구 갈현제2동,17773,17983,-210
은평구 구산동,8461,12176,-3715
은평구 녹번동,27100,21651,5449
은평구 대조동,34948,29745,5203
은평구 불광제1동,30609,24773,5836
은평구 불광제2동,12957,20309,-7352
은평구 수색동,5841,8763,-2922
은평구 신사제1동,13401,18908,-5507
은평구 신사제2동,14512,17373,-2861
은평구 역촌동,19420,21134,-1714
은평구 응암제1동,15384,23564,-8180
은평구 응암제2동,5037,11075,-6038
은평구 응암제3동,10901,15775,-4874
은평구 증산동,19012,15728,3284
은평구 진관동,29455,33387,-3932
종로구 가회동,2152,3201,-1049
종로구 교남동,7754,6199,1555
종로구 무악동,4842,5744,-902
종로구 부암동,15256,14867,389
종로구 사직동,49570,27694,21876
종로구 삼청동,7897,3689,4208
종로구 숭인제1동,1034,2931,-1897
종로구 숭인제2동,10669,9396,1273
종로구 이화동,20419,13218,7201
종로구 종로1.2.3.4가동,132063,51646,80417
종로구 종로5.6가동,19922,9602,10320
종로구 창신제1동,17569,11069,6500
종로구 창신제2동,3768,7326,-3558
종로구 창신제3동,2624,4396,-1772
종로구 청운효자동,7910,9490,-1580
종로구 충현동,2557,1589,968
종로구 평창동,12039,16013,-3974
종로구 혜화동,34878,25138,9740
중구 광희동,25070,18415,6655
중구 다산동,5558,8022,-2464
중구 동화동,1537,2029,-492
중구 명동,45515,21822,23693
중구 소공동,70767,20777,49990
중구 신당동,5461,6252,-791
중구 신당제5동,13857,8162,5695
중구 약수동,6093,6652,-559
중구 을지로동,6278,3363,2915
중구 장충동,8738,4356,4382
중구 중림동,9836,6789,3047
중구 청구동,5450,5034,416
중구 필동,6248,4633,1615
중구 황학동,5803,6130,-327
중구 회현동,52656,37718,14938
중랑구 망우본동,19556,20143,-587
중랑구 망우제3동,4344,8327,-3983
중랑구 면목본동,24755,22965,1790
중랑구 면목제2동,4958,9763,-4805
중랑구 면목제3.8동,20098,19816,282
중랑구 면목제4동,6712,9403,-2691
중랑구 면목제5동,5324,8147,-2823
중랑구 면목제7동,4043,7603,-3560
중랑구 묵제1동,12814,14514,-1700
중랑구 묵제2동,3459,4145,-686
중랑구 상봉제1동,9972,10741,-769
중랑구 상봉제2동,25871,23548,2323
중랑구 신내1동,13153,28846,-15693
중랑구 신내2동,18515,15507,3008
중랑구 중화제1동,6245,10446,-4201
중랑구 중화제2동,15627,16561,-934
NA,365825,472013,-106188
