ID,insum,outsum,diff
100000001,240,203,37
100000002,76,113,-37
100000003,767,310,457
100000004,93,24,69
100000005,145,379,-234
100000006,3,0,3
100000007,3,0,3
100000008,4,86,-82
100000009,0,0,0
100000010,0,0,0
100000011,0,0,0
100000012,4,106,-102
100000013,0,25,-25
100000014,7,58,-51
100000015,5,4,1
100000016,61,202,-141
100000017,39,173,-134
100000018,120,94,26
100000019,825,401,424
100000020,31,22,9
100000021,789,186,603
100000022,68,29,39
100000023,514,70,444
100000025,818,296,522
100000028,452,320,132
100000029,55,84,-29
100000030,0,0,0
100000031,532,305,227
100000032,591,451,140
100000033,81,378,-297
100000034,553,415,138
100000035,85,86,-1
100000036,153,213,-60
100000037,10,0,10
100000038,8,2,6
100000039,4,6,-2
100000040,0,0,0
100000041,0,0,0
100000042,1,0,1
100000043,0,0,0
100000044,29,119,-90
100000045,64,256,-192
100000046,39,258,-219
100000047,71,311,-240
100000048,174,393,-219
100000049,303,620,-317
100000051,67,300,-233
100000053,4,1,3
100000054,7,1,6
100000055,65,117,-52
100000056,0,0,0
100000057,8,0,8
100000058,186,433,-247
100000059,0,21,-21
100000060,19,60,-41
100000061,87,96,-9
100000062,99,77,22
100000063,33,33,0
100000064,87,130,-43
100000065,69,379,-310
100000066,45,242,-197
100000067,74,173,-99
100000068,91,240,-149
100000069,65,266,-201
100000072,40,84,-44
100000073,318,617,-299
100000075,96,143,-47
100000076,83,170,-87
100000077,0,0,0
100000078,0,0,0
100000079,0,0,0
100000080,0,0,0
100000081,0,0,0
100000102,34,117,-83
100000103,523,177,346
100000104,523,217,306
100000105,726,107,619
100000106,84,70,14
100000107,27,25,2
100000108,215,478,-263
100000109,1333,645,688
100000116,327,135,192
100000117,0,0,0
100000118,625,941,-316
100000119,59,375,-316
100000121,0,0,0
100000122,41,234,-193
100000123,632,784,-152
100000124,2779,1394,1385
100000125,373,35,338
100000126,43,21,22
100000127,139,40,99
100000128,194,191,3
100000129,48,138,-90
100000130,0,0,0
100000131,2097,881,1216
100000132,366,78,288
100000133,5358,1836,3522
100000135,2,2,0
100000139,1,3,-2
100000140,133,166,-33
100000142,0,0,0
100000143,283,381,-98
100000144,652,235,417
100000147,58,111,-53
100000150,2,100,-98
100000151,0,3,-3
100000153,0,0,0
100000154,6,79,-73
100000155,0,0,0
100000156,0,0,0
100000157,0,1,-1
100000158,0,0,0
100000159,20,57,-37
100000165,264,153,111
100000169,0,0,0
100000174,22,23,-1
100000179,0,0,0
100000180,0,25,-25
100000181,6,74,-68
100000188,2,0,2
100000189,0,0,0
100000190,282,85,197
100000191,52,43,9
100000192,0,0,0
100000193,0,0,0
100000330,195,74,121
100000355,30,122,-92
100000362,1198,995,203
100000363,129,189,-60
100000364,18,44,-26
100000365,1539,1380,159
100000366,3149,1500,1649
100000367,752,1039,-287
100000368,741,792,-51
100000369,1,18,-17
100000370,3,17,-14
100000376,4,8,-4
100000379,174,140,34
100000380,432,553,-121
100000384,2264,910,1354
100000385,1247,864,383
100000386,1731,957,774
100000387,1939,836,1103
100000388,6941,1725,5216
100000389,4704,964,3740
100000390,6202,1493,4709
100000391,3157,789,2368
100000392,1423,457,966
100000393,301,290,11
100000394,1982,1388,594
100000395,972,336,636
100000396,1304,961,343
100000397,982,328,654
100000398,5634,3875,1759
100900002,0,0,0
100900003,0,0,0
100900004,5,158,-153
100900005,0,0,0
100900006,0,0,0
100900007,0,0,0
100900008,2,136,-134
100900009,0,0,0
100900010,0,0,0
100900011,0,0,0
100900012,0,57,-57
100900013,0,0,0
100900014,0,0,0
100900015,0,0,0
100900016,0,0,0
100900017,0,0,0
100900018,0,0,0
100900019,0,0,0
100900020,0,0,0
100900021,0,0,0
100900022,0,0,0
100900023,0,0,0
100900024,0,0,0
100900025,0,0,0
100900026,0,0,0
100900027,0,0,0
100900028,0,0,0
100900029,0,0,0
100900030,0,0,0
100900031,0,0,0
100900032,0,0,0
100900033,1,1,0
100900034,0,0,0
100900035,0,0,0
100900036,0,0,0
100900037,0,0,0
100900038,0,0,0
100900039,31,63,-32
100900040,2,193,-191
100900041,0,58,-58
100900042,0,0,0
100900043,0,0,0
100900044,0,0,0
100900045,0,0,0
100900046,0,0,0
100900047,0,0,0
100900048,0,0,0
100900049,0,0,0
100900050,0,0,0
100900051,0,0,0
100900052,0,0,0
100900053,0,0,0
100900054,0,0,0
100900055,0,0,0
100900056,0,0,0
100900057,0,0,0
100900058,0,0,0
100900059,0,0,0
100900060,0,0,0
100900061,0,0,0
100900062,0,0,0
100900063,0,0,0
100900064,0,0,0
100900065,0,0,0
100900066,0,0,0
100900067,0,0,0
100900068,0,0,0
100900069,0,0,0
100900070,0,0,0
100900071,0,0,0
100900072,0,0,0
100900073,0,0,0
100900074,0,0,0
100900075,271,6,265
100900076,0,0,0
100900077,0,0,0
100900078,0,0,0
100900079,0,0,0
100900080,0,0,0
100900081,0,0,0
100900082,0,0,0
100900083,0,0,0
100900085,0,0,0
100900086,0,0,0
100900088,0,0,0
100900089,0,0,0
100900090,0,0,0
100900091,0,0,0
100900092,0,0,0
100900093,0,0,0
100900094,0,0,0
100900095,0,0,0
100900096,0,0,0
100900097,0,0,0
100900098,0,0,0
100900099,0,13,-13
100900100,0,0,0
100900101,0,0,0
100900102,0,0,0
100900103,0,0,0
100900104,0,0,0
100900105,0,0,0
100900106,0,0,0
100900107,0,0,0
100900108,0,0,0
100900109,0,0,0
100900110,0,0,0
100900111,0,0,0
100900112,0,0,0
100900113,0,0,0
100900114,0,0,0
100900115,0,0,0
100900116,0,0,0
100900117,0,0,0
100900118,0,0,0
100900119,0,0,0
100900120,0,0,0
100900121,0,0,0
100900122,5,22,-17
100900123,0,0,0
100900124,0,0,0
100900125,0,0,0
100900126,0,0,0
100900127,0,0,0
100900128,2,4,-2
100900129,0,0,0
100900131,0,0,0
100900133,0,0,0
100900134,0,0,0
100900135,0,0,0
100900137,8,1,7
100900138,0,0,0
100900139,0,0,0
100900140,0,46,-46
100900141,0,0,0
100900142,0,0,0
100900143,5,0,5
100900144,0,0,0
100900145,0,0,0
100900146,0,0,0
100900147,0,0,0
100900148,2,77,-75
100900149,0,0,0
100900150,0,0,0
100900151,1,46,-45
100900152,0,0,0
100900153,0,0,0
100900154,0,0,0
100900155,0,0,0
100900156,0,0,0
100900157,0,0,0
100900159,0,0,0
100900160,0,0,0
100900161,0,0,0
100900162,0,0,0
100900163,18,17,1
100900164,0,0,0
100900165,0,0,0
100900166,0,0,0
100900167,0,0,0
100900168,0,0,0
100900169,29,213,-184
100900170,0,0,0
100900171,0,87,-87
100900172,0,0,0
100900173,0,62,-62
100900174,0,0,0
100900176,0,0,0
100900177,0,0,0
100900178,0,0,0
100900179,0,0,0
100900180,0,0,0
100900181,0,0,0
100900182,0,0,0
100900184,0,0,0
100900186,0,0,0
100900187,0,0,0
100900188,0,0,0
100900189,0,0,0
100900191,0,0,0
100900192,0,0,0
100900195,0,0,0
100900197,0,0,0
100900198,0,0,0
100900199,0,0,0
100900200,35,32,3
100900201,4,93,-89
100900202,0,0,0
100900203,0,0,0
100900204,0,0,0
100900205,0,0,0
100900206,0,0,0
100900207,0,0,0
100900210,1,40,-39
100900211,0,0,0
100900213,0,0,0
100900214,137,19,118
100900215,0,0,0
100900217,0,0,0
101000001,601,212,389
101000002,890,378,512
101000003,138,58,80
101000004,3581,410,3171
101000005,1219,384,835
101000006,1929,973,956
101000007,2182,949,1233
101000008,942,441,501
101000009,94,437,-343
101000010,125,174,-49
101000011,548,28,520
101000012,0,0,0
101000013,234,86,148
101000014,38,20,18
101000015,203,166,37
101000016,24,30,-6
101000017,115,94,21
101000018,675,629,46
101000020,835,146,689
101000021,60,21,39
101000022,590,89,501
101000023,581,516,65
101000025,0,0,0
101000026,16,1,15
101000027,499,173,326
101000028,216,64,152
101000029,2,78,-76
101000030,163,24,139
101000031,25,4,21
101000032,541,459,82
101000033,870,400,470
101000034,568,297,271
101000035,280,47,233
101000036,298,126,172
101000037,526,91,435
101000039,361,201,160
101000040,1321,371,950
101000041,718,151,567
101000042,20,94,-74
101000043,2128,491,1637
101000045,149,44,105
101000046,427,169,258
101000047,112,85,27
101000048,88,85,3
101000049,76,119,-43
101000050,196,97,99
101000051,1414,188,1226
101000052,425,83,342
101000053,72,70,2
101000054,353,93,260
101000055,453,89,364
101000056,16,8,8
101000057,1279,210,1069
101000058,358,36,322
101000059,178,32,146
101000060,408,76,332
101000061,51,25,26
101000062,1060,148,912
101000063,10,10,0
101000064,433,137,296
101000065,15,10,5
101000066,2,3,-1
101000067,244,199,45
101000068,95,58,37
101000069,117,38,79
101000070,838,497,341
101000071,898,271,627
101000072,475,444,31
101000073,34,47,-13
101000074,1972,477,1495
101000075,4598,1081,3517
101000077,289,239,50
101000078,171,123,48
101000079,127,176,-49
101000080,698,370,328
101000081,145,109,36
101000082,554,288,266
101000083,90,87,3
101000084,332,353,-21
101000085,60,15,45
101000086,554,308,246
101000087,281,253,28
101000088,43,19,24
101000089,29,26,3
101000090,660,238,422
101000091,20,125,-105
101000092,223,110,113
101000093,139,33,106
101000094,186,380,-194
101000095,60,185,-125
101000096,26,30,-4
101000097,43,69,-26
101000098,7,39,-32
101000099,332,132,200
101000100,228,188,40
101000101,11,47,-36
101000102,170,90,80
101000103,136,75,61
101000104,46,58,-12
101000105,0,0,0
101000106,27,53,-26
101000107,8,37,-29
101000108,0,0,0
101000109,7,4,3
101000110,0,0,0
101000111,4,28,-24
101000113,0,1,-1
101000114,653,264,389
101000115,0,0,0
101000116,0,8,-8
101000117,0,25,-25
101000119,32,6,26
101000120,73,15,58
101000121,35,2,33
101000122,17,20,-3
101000123,12,28,-16
101000124,322,176,146
101000125,49,131,-82
101000128,193,105,88
101000130,214,73,141
101000131,42,46,-4
101000132,135,383,-248
101000135,64,7,57
101000136,153,95,58
101000137,2,44,-42
101000141,222,133,89
101000147,348,200,148
101000148,211,7,204
101000149,0,0,0
101000150,0,0,0
101000151,4,11,-7
101000152,52,70,-18
101000153,48,47,1
101000154,1,184,-183
101000155,29,44,-15
101000156,12,96,-84
101000157,0,0,0
101000160,0,0,0
101000163,0,0,0
101000164,50,111,-61
101000165,152,66,86
101000166,32,37,-5
101000168,39,86,-47
101000252,78,142,-64
101000254,291,21,270
101000258,0,0,0
101000261,1,0,1
101000262,20,101,-81
101000263,12,16,-4
101000265,6,83,-77
101000266,94,60,34
101000269,230,40,190
101000290,167,14,153
101000293,0,7,-7
101000294,179,123,56
101000295,9,48,-39
101000301,153,63,90
101000304,713,996,-283
101000305,347,409,-62
101000328,8,24,-16
101900001,0,0,0
101900002,0,0,0
101900003,1,2,-1
101900004,0,0,0
101900005,390,28,362
101900006,0,0,0
101900007,0,0,0
101900008,0,0,0
101900009,0,0,0
101900010,0,0,0
101900011,0,0,0
101900012,0,0,0
101900013,50,3,47
101900017,0,0,0
101900018,7,7,0
101900019,0,0,0
101900020,0,0,0
101900021,0,0,0
101900022,0,0,0
101900023,0,1,-1
101900026,0,0,0
101900027,0,0,0
102000001,372,668,-296
102000002,242,195,47
102000003,1571,711,860
102000004,1330,294,1036
102000005,471,514,-43
102000006,296,225,71
102000007,716,964,-248
102000008,908,320,588
102000009,1243,1493,-250
102000010,1694,857,837
102000011,840,746,94
102000012,476,583,-107
102000018,313,24,289
102000019,30,46,-16
102000026,1,0,1
102000029,0,0,0
102000030,16,18,-2
102000031,0,0,0
102000032,12,26,-14
102000033,0,2,-2
102000034,62,32,30
102000035,0,0,0
102000036,0,0,0
102000037,5,5,0
102000038,0,4,-4
102000039,0,0,0
102000040,22,7,15
102000041,0,0,0
102000042,0,0,0
102000043,6,12,-6
102000044,0,0,0
102000045,54,90,-36
102000046,131,16,115
102000047,40,113,-73
102000048,17,24,-7
102000049,26,12,14
102000050,37,162,-125
102000051,34,17,17
102000052,68,129,-61
102000053,48,54,-6
102000054,47,177,-130
102000055,146,229,-83
102000056,64,158,-94
102000057,134,32,102
102000058,210,234,-24
102000059,174,424,-250
102000060,70,44,26
102000061,137,552,-415
102000062,49,100,-51
102000063,257,269,-12
102000064,168,161,7
102000065,11,25,-14
102000066,371,294,77
102000067,484,509,-25
102000068,977,411,566
102000069,0,0,0
102000070,303,16,287
102000071,1774,2156,-382
102000072,949,1671,-722
102000073,29,180,-151
102000074,24,251,-227
102000075,3,101,-98
102000076,14,224,-210
102000077,25,423,-398
102000078,91,623,-532
102000079,6,95,-89
102000080,38,115,-77
102000081,67,307,-240
102000082,115,110,5
102000083,28,107,-79
102000084,0,0,0
102000085,111,163,-52
102000086,93,73,20
102000087,103,275,-172
102000088,22,17,5
102000089,0,0,0
102000090,115,108,7
102000091,412,90,322
102000092,188,109,79
102000093,60,172,-112
102000094,0,0,0
102000095,137,559,-422
102000096,0,0,0
102000097,712,636,76
102000098,15,92,-77
102000099,317,104,213
102000100,19,39,-20
102000101,106,29,77
102000102,73,12,61
102000103,203,57,146
102000104,96,17,79
102000105,7,47,-40
102000106,4,59,-55
102000107,0,0,0
102000108,8,33,-25
102000109,0,0,0
102000110,0,0,0
102000111,0,0,0
102000112,8,10,-2
102000113,0,0,0
102000114,0,0,0
102000115,37,15,22
102000116,2,24,-22
102000117,9,68,-59
102000118,23,84,-61
102000119,508,70,438
102000120,14,6,8
102000121,63,79,-16
102000122,23,10,13
102000123,116,73,43
102000124,134,21,113
102000125,50,54,-4
102000126,42,35,7
102000127,114,44,70
102000128,51,60,-9
102000129,61,75,-14
102000130,25,51,-26
102000131,63,48,15
102000132,36,30,6
102000133,131,487,-356
102000134,52,86,-34
102000135,0,0,0
102000136,14,10,4
102000137,41,26,15
102000138,0,0,0
102000139,0,0,0
102000140,42,17,25
102000141,5,40,-35
102000142,15,27,-12
102000143,11,48,-37
102000144,6,37,-31
102000145,7,29,-22
102000146,0,0,0
102000147,16,20,-4
102000148,0,0,0
102000149,5,0,5
102000150,1,1,0
102000151,0,0,0
102000152,0,0,0
102000153,0,0,0
102000154,13,28,-15
102000155,17,18,-1
102000156,35,3,32
102000157,1,11,-10
102000158,23,10,13
102000159,137,2,135
102000161,827,228,599
102000162,37,46,-9
102000163,0,0,0
102000164,0,0,0
102000165,104,59,45
102000166,8,30,-22
102000167,50,103,-53
102000168,44,25,19
102000169,48,93,-45
102000170,387,106,281
102000171,23,32,-9
102000172,6,34,-28
102000173,49,34,15
102000174,6,13,-7
102000175,9,0,9
102000176,2,1,1
102000178,13,116,-103
102000179,3,29,-26
102000180,34,111,-77
102000181,11,126,-115
102000182,79,163,-84
102000183,154,224,-70
102000184,128,387,-259
102000185,95,192,-97
102000186,103,706,-603
102000187,90,610,-520
102000188,19,191,-172
102000189,1134,344,790
102000190,222,354,-132
102000191,195,31,164
102000192,180,297,-117
102000193,0,0,0
102000194,0,0,0
102000195,14,51,-37
102000196,0,0,0
102000197,7,50,-43
102000198,0,0,0
102000199,15,52,-37
102000200,0,0,0
102000201,12,62,-50
102000202,0,0,0
102000203,18,57,-39
102000204,3,18,-15
102000205,12,15,-3
102000206,93,133,-40
102000207,9,8,1
102000208,14,109,-95
102000209,2,7,-5
102000210,0,164,-164
102000211,13,108,-95
102000212,0,0,0
102000213,2,46,-44
102000214,0,0,0
102000215,0,88,-88
102000216,0,0,0
102000217,1,69,-68
102000218,0,0,0
102000219,37,52,-15
102000225,0,0,0
102000226,2,0,2
102000227,0,0,0
102000228,0,22,-22
102000229,3,5,-2
102000230,3,57,-54
102000231,31,21,10
102000232,0,0,0
102000233,27,48,-21
102000234,0,0,0
102000236,21,4,17
102000237,6,12,-6
102000238,6,1,5
102000240,208,349,-141
102000241,61,13,48
102000243,0,1,-1
102000245,10,21,-11
102000246,0,0,0
102000247,54,152,-98
102000248,66,123,-57
102000249,10,49,-39
102000250,2,149,-147
102000254,0,0,0
102000266,0,8,-8
102000271,0,0,0
102000286,0,0,0
102000297,49,14,35
102000299,0,0,0
102000301,0,0,0
102000305,0,0,0
102000307,0,4,-4
102000308,0,3,-3
102900001,0,0,0
102900002,0,0,0
102900003,0,21,-21
102900005,0,0,0
102900006,0,0,0
102900007,0,0,0
102900008,0,0,0
102900009,0,0,0
102900010,0,0,0
102900011,0,0,0
102900012,0,0,0
102900013,0,0,0
102900015,0,0,0
102900016,0,0,0
102900017,0,0,0
102900018,0,0,0
102900019,0,0,0
102900020,0,0,0
102900021,0,0,0
102900022,27,21,6
102900023,0,0,0
102900024,0,0,0
102900025,0,0,0
102900026,0,0,0
102900027,0,0,0
102900028,0,0,0
102900029,1,2,-1
102900030,0,0,0
102900031,0,0,0
102900032,0,23,-23
102900033,0,0,0
102900034,0,0,0
102900035,2,48,-46
102900036,0,0,0
102900037,0,0,0
102900038,0,0,0
102900039,0,0,0
102900040,0,0,0
102900041,0,0,0
102900042,0,0,0
102900043,0,0,0
102900044,0,0,0
102900045,0,0,0
102900046,0,0,0
102900047,0,0,0
102900048,0,0,0
102900049,0,0,0
102900050,0,0,0
102900051,0,0,0
102900052,0,0,0
102900053,0,0,0
102900054,0,0,0
102900055,0,0,0
102900056,0,0,0
102900057,0,0,0
102900058,0,0,0
102900059,0,0,0
102900060,0,0,0
102900061,0,0,0
102900062,0,0,0
102900063,0,0,0
102900064,0,0,0
102900065,0,1,-1
102900066,0,0,0
102900068,0,0,0
102900070,1,67,-66
102900072,5,3,2
102900073,7,1,6
102900075,0,0,0
102900076,0,0,0
102900077,0,0,0
102900078,0,0,0
102900079,0,0,0
102900080,0,0,0
102900081,0,0,0
102900082,0,0,0
102900083,0,0,0
102900084,0,0,0
102900085,0,0,0
102900086,0,0,0
102900087,0,0,0
102900088,0,0,0
102900089,0,0,0
102900090,0,91,-91
102900091,1,2,-1
102900092,11,168,-157
102900093,0,0,0
102900094,0,0,0
102900095,0,0,0
102900096,2,0,2
102900097,2,21,-19
103000001,629,643,-14
103000002,195,350,-155
103000003,622,568,54
103000004,210,198,12
103000005,93,145,-52
103000006,29,94,-65
103000007,31,58,-27
103000008,94,324,-230
103000009,12,18,-6
103000010,7,7,0
103000011,399,244,155
103000012,168,119,49
103000013,2506,446,2060
103000014,14,58,-44
103000015,898,273,625
103000016,33,15,18
103000017,0,0,0
103000018,3,2,1
103000019,0,0,0
103000020,191,444,-253
103000021,31,21,10
103000022,178,349,-171
103000023,9,32,-23
103000024,0,0,0
103000025,0,0,0
103000026,6,0,6
103000027,0,0,0
103000028,3,0,3
103000029,48,4,44
103000030,927,116,811
103000031,81,76,5
103000032,343,342,1
103000033,152,92,60
103000034,635,305,330
103000035,134,115,19
103000036,117,73,44
103000037,211,148,63
103000038,78,76,2
103000039,25,174,-149
103000040,10,48,-38
103000041,423,786,-363
103000042,194,192,2
103000043,17,66,-49
103000044,15,8,7
103000046,54,37,17
103000047,0,0,0
103000048,18,15,3
103000049,1,0,1
103000050,19,13,6
103000051,29,26,3
103000052,14,6,8
103000053,5,13,-8
103000054,432,131,301
103000055,62,78,-16
103000056,98,223,-125
103000057,43,67,-24
103000058,61,166,-105
103000059,25,46,-21
103000060,198,231,-33
103000061,34,40,-6
103000062,178,228,-50
103000063,52,40,12
103000064,53,94,-41
103000065,0,2,-2
103000066,3,0,3
103000069,1,1,0
103000070,84,247,-163
103000071,23,12,11
103000072,17,291,-274
103000073,0,0,0
103000074,0,0,0
103000075,59,293,-234
103000076,2,0,2
103000077,15,114,-99
103000078,3,0,3
103000079,248,78,170
103000080,1,3,-2
103000081,53,93,-40
103000082,0,1,-1
103000083,3,72,-69
103000084,0,0,0
103000085,0,13,-13
103000086,26,24,2
103000087,24,106,-82
103000088,73,65,8
103000089,5,9,-4
103000090,323,241,82
103000091,75,89,-14
103000092,3,5,-2
103000093,29,154,-125
103000094,0,2,-2
103000095,4,103,-99
103000096,8,2,6
103000097,12,152,-140
103000098,2,2,0
103000099,21,82,-61
103000100,13,275,-262
103000101,0,0,0
103000102,17,215,-198
103000103,0,11,-11
103000104,5,53,-48
103000105,0,18,-18
103000106,1,59,-58
103000107,7,21,-14
103000108,44,69,-25
103000109,55,62,-7
103000110,170,124,46
103000111,195,88,107
103000112,6,7,-1
103000113,41,132,-91
103000114,13,9,4
103000115,28,59,-31
103000116,39,44,-5
103000117,12,47,-35
103000118,187,307,-120
103000119,732,232,500
103000120,20,32,-12
103000121,41,105,-64
103000122,7,12,-5
103000125,0,0,0
103000126,1,1,0
103000127,0,0,0
103000128,2,0,2
103000129,0,0,0
103000130,0,2,-2
103000131,0,0,0
103000132,9,9,0
103000133,0,0,0
103000134,145,61,84
103000135,213,31,182
103000136,199,67,132
103000137,106,60,46
103000138,289,58,231
103000139,0,16,-16
103000140,0,0,0
103000141,5,23,-18
103000142,0,0,0
103000143,4,58,-54
103000144,0,0,0
103000145,0,0,0
103000150,4,0,4
103000152,30,56,-26
103000153,4,9,-5
103000156,0,0,0
103000157,9,0,9
103000159,30,32,-2
103000162,0,0,0
103000163,0,0,0
103000164,0,0,0
103000165,0,6,-6
103000166,0,0,0
103000167,6,6,0
103000168,18,38,-20
103000169,0,0,0
103000170,87,51,36
103000171,0,0,0
103000172,1,2,-1
103000173,24,220,-196
103000174,0,0,0
103000175,76,344,-268
103000176,0,0,0
103000177,210,108,102
103000178,205,134,71
103000179,6,1,5
103000183,0,26,-26
103000185,2,17,-15
103000186,0,0,0
103000187,25,190,-165
103000188,1,27,-26
103000189,78,336,-258
103000191,29,77,-48
103000292,365,24,341
103000293,0,0,0
103000295,0,0,0
103000296,2,0,2
103000297,0,0,0
103000504,2,2,0
103000505,0,0,0
103000506,0,1,-1
103000507,5,0,5
103000508,4,3,1
103000509,42,137,-95
103900001,0,0,0
103900002,0,0,0
103900003,3,11,-8
103900004,0,0,0
103900005,0,0,0
103900006,0,0,0
103900007,0,0,0
103900008,0,0,0
103900009,2,52,-50
103900010,2,34,-32
103900011,2,40,-38
103900012,0,0,0
103900013,0,27,-27
103900014,0,0,0
103900015,0,0,0
103900016,28,62,-34
103900017,6,22,-16
103900018,49,11,38
103900019,0,0,0
103900020,0,0,0
103900021,0,0,0
103900022,0,52,-52
103900023,0,0,0
103900024,0,4,-4
103900025,0,0,0
103900026,0,0,0
103900027,0,0,0
103900028,2,69,-67
103900029,5,36,-31
103900030,0,0,0
103900031,0,0,0
103900032,0,0,0
103900033,0,0,0
103900034,1,30,-29
103900035,1,0,1
103900036,0,0,0
103900037,0,0,0
103900038,0,0,0
103900039,0,98,-98
103900040,0,7,-7
103900041,0,0,0
103900042,1,138,-137
103900043,0,0,0
103900044,0,0,0
103900045,0,0,0
103900047,0,8,-8
103900048,0,0,0
103900049,0,0,0
103900050,0,27,-27
103900051,1,11,-10
103900052,7,42,-35
103900053,1,156,-155
103900054,0,0,0
103900055,4,13,-9
103900056,1,3,-2
103900057,0,0,0
103900058,3,72,-69
103900059,0,0,0
103900060,0,0,0
103900061,0,0,0
103900062,4,8,-4
103900063,0,0,0
103900064,0,0,0
103900065,120,37,83
103900066,0,0,0
103900067,0,0,0
103900068,0,0,0
103900069,0,0,0
103900070,0,0,0
103900071,4,17,-13
103900072,1,95,-94
103900073,0,0,0
103900074,0,0,0
103900075,0,0,0
103900076,2,25,-23
103900077,0,0,0
103900078,0,0,0
103900079,0,1,-1
103900080,0,0,0
103900081,0,0,0
103900082,0,0,0
103900083,0,0,0
103900084,0,0,0
103900085,0,0,0
103900086,0,0,0
103900087,0,0,0
103900088,0,0,0
103900089,0,0,0
103900090,0,0,0
103900091,0,0,0
103900092,2,25,-23
103900093,0,0,0
103900094,0,0,0
103900095,0,4,-4
103900096,0,0,0
103900097,0,0,0
103900098,2,1,1
103900099,0,0,0
103900100,5,58,-53
103900101,0,0,0
103900102,0,0,0
103900104,0,0,0
103900105,1,12,-11
103900106,0,0,0
103900107,0,0,0
103900108,11,131,-120
103900109,0,0,0
103900110,11,4,7
103900111,1,105,-104
103900112,0,0,0
103900113,5,2,3
103900114,39,10,29
103900115,42,2,40
103900116,368,7,361
103900117,42,23,19
103900119,0,0,0
103900120,0,0,0
103900122,0,133,-133
103900123,17,21,-4
103900124,1,117,-116
103900125,6,13,-7
103900126,0,0,0
103900127,3,90,-87
103900128,3,27,-24
103900131,1,19,-18
103900133,0,0,0
103900134,0,0,0
103900135,0,0,0
103900137,0,0,0
103900138,0,0,0
103900139,0,43,-43
103900140,0,0,0
103900141,0,0,0
103900142,0,0,0
103900143,0,0,0
103900144,0,0,0
103900145,0,1,-1
103900146,0,0,0
103900147,4,15,-11
103900148,7,42,-35
103900149,0,0,0
103900150,2,67,-65
103900151,0,0,0
103900152,0,0,0
103900153,0,0,0
103900154,65,8,57
103900155,0,0,0
103900156,0,0,0
103900157,0,0,0
103900158,0,0,0
103900159,0,0,0
103900160,0,0,0
103900161,0,0,0
103900162,12,20,-8
103900163,0,0,0
103900167,0,0,0
103900168,0,0,0
103900169,0,0,0
103900170,0,0,0
103900171,0,0,0
103900172,0,0,0
103900173,0,0,0
103900174,0,0,0
103900175,0,0,0
103900176,0,0,0
103900177,0,0,0
103900178,0,1,-1
103900179,0,2,-2
103900180,0,0,0
103900181,0,0,0
103900182,1,0,1
103900184,1,0,1
103900185,0,0,0
103900187,11,3,8
103900188,3,0,3
103900189,7,1,6
103900190,0,0,0
103900191,0,0,0
103900192,0,0,0
103900193,0,0,0
103900194,0,0,0
103900195,0,0,0
103900196,0,0,0
103900197,0,0,0
103900198,0,0,0
103900199,1,0,1
103900200,0,0,0
103900201,0,0,0
103900202,0,0,0
103900203,0,0,0
103900204,0,0,0
103900207,0,0,0
103900208,2,0,2
103900209,0,0,0
103900210,0,0,0
103900211,2,9,-7
103900212,9,94,-85
103900213,54,192,-138
103900214,43,11,32
103900215,817,142,675
103900216,0,0,0
103900217,0,0,0
103900218,0,0,0
103900219,0,0,0
103900233,0,0,0
103900235,0,0,0
103900236,0,0,0
103900242,0,0,0
103900243,0,0,0
103900244,0,0,0
103900245,0,0,0
103900246,2,0,2
103900247,0,0,0
103900248,0,0,0
103900249,0,0,0
103900250,0,0,0
103900251,0,0,0
103900253,0,0,0
103900254,0,0,0
103900255,0,0,0
103900256,0,0,0
103900257,0,0,0
103900258,0,0,0
103900259,0,0,0
103900261,0,0,0
103900262,0,0,0
103900263,0,0,0
103900264,0,0,0
103900265,0,0,0
103900266,0,0,0
103900267,0,7,-7
103900268,0,0,0
103900269,1,0,1
103900270,0,2,-2
103900271,0,6,-6
103900272,0,0,0
103900273,0,0,0
103900274,0,0,0
103900275,0,0,0
103900276,0,0,0
103900277,0,0,0
103900278,0,0,0
103900279,0,0,0
104000001,477,464,13
104000002,452,705,-253
104000003,524,644,-120
104000004,1388,689,699
104000005,112,423,-311
104000006,512,914,-402
104000007,1026,825,201
104000008,246,429,-183
104000009,7,59,-52
104000010,0,0,0
104000011,324,348,-24
104000012,42,278,-236
104000013,0,0,0
104000014,119,474,-355
104000015,0,0,0
104000016,82,237,-155
104000018,40,6,34
104000019,40,12,28
104000020,1,7,-6
104000021,41,21,20
104000022,5,15,-10
104000023,65,54,11
104000024,9,6,3
104000026,2,1,1
104000027,85,228,-143
104000028,37,56,-19
104000029,119,361,-242
104000030,40,47,-7
104000031,25,11,14
104000032,29,239,-210
104000033,11,9,2
104000034,79,260,-181
104000035,11,20,-9
104000036,14,39,-25
104000037,67,186,-119
104000038,49,63,-14
104000039,6,23,-17
104000040,21,13,8
104000041,57,48,9
104000042,33,85,-52
104000043,49,55,-6
104000044,55,129,-74
104000045,83,188,-105
104000046,168,207,-39
104000047,21,46,-25
104000048,58,138,-80
104000049,6,26,-20
104000050,9,27,-18
104000051,9,263,-254
104000052,193,401,-208
104000053,132,168,-36
104000054,22,113,-91
104000055,712,356,356
104000056,60,22,38
104000057,8,230,-222
104000058,191,149,42
104000059,27,331,-304
104000060,88,256,-168
104000061,90,179,-89
104000062,0,0,0
104000064,54,18,36
104000065,0,36,-36
104000069,269,55,214
104000070,0,4,-4
104000071,25,79,-54
104000072,0,0,0
104000075,0,0,0
104000076,0,0,0
104000082,449,611,-162
104000083,88,38,50
104000084,15,94,-79
104000085,8,35,-27
104000086,18,118,-100
104000087,16,57,-41
104000090,66,362,-296
104000092,59,603,-544
104000094,65,391,-326
104000095,399,475,-76
104000096,0,71,-71
104000097,0,0,0
104000098,0,0,0
104000100,0,0,0
104000101,159,239,-80
104000106,6,32,-26
104000107,59,117,-58
104000108,27,107,-80
104000109,0,0,0
104000110,59,90,-31
104000111,162,186,-24
104000112,289,51,238
104000116,1,664,-663
104000117,2,315,-313
104000118,18,38,-20
104000119,4,29,-25
104000120,1,211,-210
104000121,28,63,-35
104000122,60,176,-116
104000123,238,217,21
104000124,443,405,38
104000125,1082,274,808
104000126,13,124,-111
104000127,397,843,-446
104000128,30,86,-56
104000129,38,13,25
104000130,3,92,-89
104000131,853,464,389
104000132,379,703,-324
104000133,355,216,139
104000134,246,180,66
104000135,104,139,-35
104000136,410,304,106
104000137,851,99,752
104000138,567,114,453
104000139,3082,485,2597
104000141,285,464,-179
104000142,109,387,-278
104000143,132,428,-296
104000144,0,0,0
104000145,0,0,0
104000146,201,458,-257
104000147,39,227,-188
104000148,0,0,0
104000149,59,243,-184
104000150,0,0,0
104000151,110,382,-272
104000152,70,510,-440
104000153,0,0,0
104000154,419,363,56
104000155,0,0,0
104000157,172,409,-237
104000158,110,48,62
104000159,60,30,30
104000160,538,133,405
104000161,0,0,0
104000162,0,0,0
104000165,0,0,0
104000167,24,76,-52
104000168,0,0,0
104000169,0,0,0
104000170,315,63,252
104000248,0,132,-132
104000251,20,88,-68
104000272,6,1,5
104000273,9,0,9
104000274,4,1,3
104000275,5,1,4
104000279,173,67,106
104000290,41,115,-74
104000291,94,137,-43
104000293,15,17,-2
104000294,0,0,0
104000295,82,297,-215
104000296,25,120,-95
104000297,378,558,-180
104000298,383,129,254
104000299,96,377,-281
104900001,0,0,0
104900002,0,0,0
104900003,0,0,0
104900004,0,0,0
104900005,0,13,-13
104900006,0,0,0
104900007,4,8,-4
104900009,0,0,0
104900010,0,0,0
104900011,0,0,0
104900012,0,0,0
104900013,0,0,0
104900014,0,0,0
104900015,0,0,0
104900016,0,0,0
104900017,0,0,0
104900018,0,0,0
104900019,0,0,0
104900020,0,0,0
104900021,0,0,0
104900022,0,0,0
104900023,0,0,0
104900024,0,0,0
104900025,0,0,0
104900026,0,0,0
104900027,0,0,0
104900028,0,0,0
104900029,0,0,0
104900030,0,0,0
104900031,0,0,0
104900032,0,0,0
104900033,0,0,0
104900034,0,0,0
104900035,0,0,0
104900036,0,0,0
104900037,0,0,0
104900038,0,0,0
104900039,0,0,0
104900040,0,0,0
104900041,0,0,0
104900042,0,0,0
104900043,0,0,0
104900044,0,0,0
104900045,0,0,0
104900046,0,0,0
104900047,0,0,0
104900048,0,0,0
104900049,0,0,0
104900050,0,0,0
104900051,0,0,0
104900052,0,0,0
104900053,0,0,0
104900054,0,0,0
104900055,0,0,0
104900056,0,0,0
104900057,0,0,0
104900058,0,0,0
104900059,0,0,0
104900060,0,4,-4
104900061,0,0,0
104900063,0,0,0
104900064,0,0,0
104900065,0,1,-1
104900066,0,0,0
104900067,0,1,-1
104900068,0,0,0
104900070,0,0,0
104900071,0,104,-104
104900072,0,0,0
104900073,0,0,0
104900074,0,0,0
104900075,0,0,0
104900076,0,0,0
104900077,0,0,0
104900078,0,0,0
104900079,0,0,0
104900080,0,0,0
104900082,0,0,0
104900085,0,0,0
104900087,0,0,0
104900089,0,0,0
104900090,0,0,0
104900091,0,0,0
104900093,0,0,0
104900097,0,0,0
104900098,0,0,0
104900099,0,0,0
104900100,0,0,0
104900102,0,0,0
104900103,0,0,0
104900104,0,0,0
104900106,0,0,0
104900107,0,0,0
104900108,0,0,0
104900109,0,0,0
104900110,0,0,0
104900111,0,0,0
104900112,0,0,0
104900113,12,15,-3
104900114,0,0,0
104900115,8,33,-25
104900116,0,0,0
104900118,0,0,0
104900119,0,0,0
104900120,0,0,0
104900121,0,0,0
104900122,0,0,0
104900123,0,0,0
104900124,0,0,0
104900125,0,0,0
104900126,0,0,0
104900127,0,0,0
104900128,0,0,0
104900129,0,0,0
105000001,517,663,-146
105000002,142,344,-202
105000003,312,588,-276
105000004,78,262,-184
105000005,128,284,-156
105000006,83,199,-116
105000007,41,199,-158
105000008,34,372,-338
105000009,135,293,-158
105000010,807,1187,-380
105000011,217,232,-15
105000012,1424,1991,-567
105000013,148,194,-46
105000014,183,161,22
105000015,1408,467,941
105000016,1666,612,1054
105000017,355,212,143
105000018,129,162,-33
105000019,12,1,11
105000020,8,86,-78
105000021,2,1,1
105000022,0,0,0
105000023,0,0,0
105000028,8,28,-20
105000029,83,131,-48
105000030,1292,1926,-634
105000033,424,1497,-1073
105000034,1,2,-1
105000037,42,54,-12
105000038,129,95,34
105000039,1508,1726,-218
105000040,18,39,-21
105000041,162,1100,-938
105000042,188,96,92
105000043,1011,1991,-980
105000044,28,55,-27
105000045,54,483,-429
105000046,41,18,23
105000047,88,818,-730
105000048,5,4,1
105000049,72,274,-202
105000050,0,0,0
105000051,56,173,-117
105000052,9,65,-56
105000053,31,99,-68
105000054,6,120,-114
105000055,19,92,-73
105000056,16,231,-215
105000057,122,308,-186
105000058,134,274,-140
105000059,23,64,-41
105000060,62,210,-148
105000061,18,38,-20
105000062,117,376,-259
105000063,45,260,-215
105000064,41,88,-47
105000065,34,291,-257
105000066,151,474,-323
105000067,79,74,5
105000068,120,184,-64
105000069,321,101,220
105000070,88,83,5
105000071,0,0,0
105000072,62,35,27
105000073,21,11,10
105000074,159,329,-170
105000075,106,149,-43
105000076,278,333,-55
105000077,642,218,424
105000078,168,147,21
105000079,464,861,-397
105000080,87,76,11
105000081,258,254,4
105000082,25,87,-62
105000083,24,24,0
105000084,113,309,-196
105000085,47,41,6
105000086,114,228,-114
105000087,695,564,131
105000088,26,14,12
105000089,1132,1275,-143
105000090,452,560,-108
105000091,970,1217,-247
105000092,145,482,-337
105000093,24,50,-26
105000094,5,3,2
105000095,5,70,-65
105000096,7,3,4
105000097,124,221,-97
105000098,0,1,-1
105000099,73,288,-215
105000100,253,230,23
105000101,198,340,-142
105000102,285,330,-45
105000103,133,360,-227
105000104,99,188,-89
105000105,18,320,-302
105000106,52,252,-200
105000107,57,61,-4
105000108,108,94,14
105000109,83,244,-161
105000110,43,22,21
105000111,35,68,-33
105000112,255,34,221
105000113,14,51,-37
105000114,0,0,0
105000115,36,60,-24
105000116,7,24,-17
105000117,97,185,-88
105000118,2,7,-5
105000119,65,180,-115
105000120,6,3,3
105000121,91,172,-81
105000122,12,105,-93
105000123,155,293,-138
105000124,91,247,-156
105000125,66,415,-349
105000126,231,572,-341
105000127,174,377,-203
105000128,44,356,-312
105000129,35,108,-73
105000130,0,0,0
105000131,81,98,-17
105000132,0,0,0
105000133,109,398,-289
105000134,0,0,0
105000135,109,286,-177
105000136,24,160,-136
105000137,0,0,0
105000138,83,172,-89
105000139,183,310,-127
105000140,0,0,0
105000141,41,151,-110
105000142,0,0,0
105000143,37,184,-147
105000144,121,268,-147
105000145,0,0,0
105000146,86,281,-195
105000147,0,0,0
105000148,0,0,0
105000149,0,0,0
105000150,499,519,-20
105000151,20,28,-8
105000152,8,209,-201
105000153,32,42,-10
105000154,27,312,-285
105000155,9,60,-51
105000156,86,306,-220
105000157,130,572,-442
105000158,96,92,4
105000159,37,479,-442
105000160,71,78,-7
105000161,86,655,-569
105000162,16,79,-63
105000163,147,294,-147
105000164,55,46,9
105000165,103,185,-82
105000166,1942,42,1900
105000167,281,234,47
105000168,15,221,-206
105000169,97,257,-160
105000170,0,1,-1
105000171,102,35,67
105000172,0,0,0
105000173,0,0,0
105000174,0,0,0
105000175,7,36,-29
105000176,0,22,-22
105000177,21,33,-12
105000178,0,0,0
105000179,12,25,-13
105000180,2,32,-30
105000181,0,0,0
105000182,4,17,-13
105000183,73,13,60
105000184,666,501,165
105000185,222,153,69
105000186,76,745,-669
105000187,104,87,17
105000188,16,25,-9
105000189,39,370,-331
105000190,0,0,0
105000191,85,311,-226
105000192,13,56,-43
105000193,21,66,-45
105000194,51,50,1
105000195,36,339,-303
105000196,9,47,-38
105000197,14,218,-204
105000198,204,111,93
105000199,40,55,-15
105000200,2,35,-33
105000201,10,17,-7
105000203,0,32,-32
105000204,31,42,-11
105000205,9,30,-21
105000207,296,145,151
105000208,0,0,0
105000209,55,275,-220
105000212,79,248,-169
105000213,0,0,0
105000214,0,0,0
105000215,1,70,-69
105000216,38,214,-176
105000217,25,237,-212
105000218,16,233,-217
105000221,7,35,-28
105000222,7,6,1
105000223,6,40,-34
105000226,0,0,0
105000227,0,0,0
105000228,5,71,-66
105000229,0,0,0
105000231,0,0,0
105000233,73,49,24
105000234,234,983,-749
105000235,4,10,-6
105000237,0,0,0
105000243,0,0,0
105000248,36,16,20
105000262,30,325,-295
105000269,4,19,-15
105000270,16,48,-32
105000271,0,8,-8
105000282,2,8,-6
105000287,13,6,7
105000288,11,78,-67
105000289,149,211,-62
105000290,0,0,0
105000402,649,208,441
105000426,66,66,0
105000438,141,97,44
105000446,2106,1197,909
105000447,2379,974,1405
105000454,0,41,-41
105000455,2,5,-3
105000474,0,0,0
105000477,0,1,-1
105000478,93,177,-84
105000479,4,20,-16
105000480,311,372,-61
105000481,490,425,65
105000482,1679,1190,489
105000483,324,480,-156
105000484,426,1111,-685
105000485,643,811,-168
105000486,1094,1105,-11
105000488,826,970,-144
105000489,43,95,-52
105000549,0,0,0
105000550,136,438,-302
105000551,0,0,0
105000552,2038,925,1113
105000555,27,19,8
105900001,0,0,0
105900002,2,17,-15
105900003,0,14,-14
105900004,68,21,47
105900005,0,65,-65
105900006,0,0,0
105900007,0,0,0
105900008,7,192,-185
105900009,0,0,0
105900011,0,0,0
105900012,0,0,0
105900013,0,0,0
105900014,0,0,0
105900015,8,42,-34
105900016,0,0,0
105900017,0,0,0
105900018,10,20,-10
105900019,0,0,0
105900020,0,10,-10
105900021,0,0,0
105900022,12,23,-11
105900023,0,0,0
105900024,0,0,0
105900025,0,0,0
105900026,3,0,3
105900027,0,0,0
105900028,0,19,-19
105900029,4,55,-51
105900030,7,50,-43
105900031,34,49,-15
105900032,4,35,-31
105900033,0,37,-37
105900034,5,48,-43
105900035,30,40,-10
105900036,0,14,-14
105900037,17,25,-8
105900038,7,17,-10
105900039,2,13,-11
105900040,2,13,-11
105900041,9,25,-16
105900042,4,18,-14
105900043,59,1,58
105900044,0,21,-21
105900045,0,77,-77
105900046,0,47,-47
105900047,0,3,-3
105900048,0,75,-75
105900050,0,0,0
105900051,0,0,0
105900052,0,0,0
105900053,385,11,374
105900054,10,28,-18
105900056,0,0,0
105900057,0,0,0
105900058,0,0,0
105900059,0,0,0
106000001,385,206,179
106000002,816,1336,-520
106000003,723,447,276
106000004,996,924,72
106000005,417,574,-157
106000006,1812,1719,93
106000007,116,48,68
106000008,154,194,-40
106000009,60,34,26
106000010,173,260,-87
106000011,62,48,14
106000012,182,629,-447
106000013,173,134,39
106000014,649,697,-48
106000015,61,137,-76
106000016,404,770,-366
106000017,227,107,120
106000018,310,436,-126
106000019,34,55,-21
106000020,33,223,-190
106000021,64,69,-5
106000022,65,194,-129
106000023,42,31,11
106000024,144,365,-221
106000025,35,41,-6
106000026,148,175,-27
106000027,52,94,-42
106000028,225,460,-235
106000029,406,769,-363
106000030,91,69,22
106000034,204,275,-71
106000035,55,114,-59
106000036,97,103,-6
106000037,329,575,-246
106000038,0,0,0
106000039,0,0,0
106000040,35,300,-265
106000041,84,82,2
106000043,0,0,0
106000046,0,0,0
106000047,5,65,-60
106000049,19,4,15
106000050,87,443,-356
106000051,0,14,-14
106000052,24,450,-426
106000053,0,0,0
106000054,148,314,-166
106000055,0,0,0
106000056,111,340,-229
106000057,0,0,0
106000058,21,133,-112
106000059,0,8,-8
106000060,257,405,-148
106000061,3,11,-8
106000062,48,355,-307
106000063,3,7,-4
106000064,24,263,-239
106000065,0,19,-19
106000066,28,157,-129
106000067,3,8,-5
106000068,8,284,-276
106000069,11,17,-6
106000070,60,286,-226
106000071,37,41,-4
106000072,1226,483,743
106000073,422,338,84
106000074,36,212,-176
106000075,57,264,-207
106000076,148,452,-304
106000077,585,399,186
106000078,82,336,-254
106000079,74,315,-241
106000080,159,334,-175
106000081,32,289,-257
106000082,603,383,220
106000083,27,344,-317
106000084,114,359,-245
106000085,108,291,-183
106000086,46,220,-174
106000087,77,191,-114
106000088,7,289,-282
106000089,71,193,-122
106000090,1,255,-254
106000091,103,215,-112
106000092,0,21,-21
106000093,0,0,0
106000094,15,134,-119
106000095,29,363,-334
106000096,6,238,-232
106000097,71,512,-441
106000098,8,351,-343
106000099,5,482,-477
106000100,22,34,-12
106000101,22,35,-13
106000102,1,232,-231
106000103,13,78,-65
106000104,79,53,26
106000105,37,112,-75
106000106,30,60,-30
106000107,12,80,-68
106000108,22,34,-12
106000109,9,82,-73
106000110,18,32,-14
106000111,19,140,-121
106000112,20,30,-10
106000113,176,102,74
106000114,101,47,54
106000115,30,59,-29
106000116,40,70,-30
106000117,203,329,-126
106000118,75,95,-20
106000119,706,357,349
106000120,13,11,2
106000121,3,3,0
106000122,5,56,-51
106000123,9,17,-8
106000124,3,60,-57
106000125,2,79,-77
106000126,4,5,-1
106000127,11,106,-95
106000128,0,6,-6
106000129,64,146,-82
106000130,0,0,0
106000131,12,171,-159
106000132,0,0,0
106000133,1468,253,1215
106000134,0,0,0
106000135,50,299,-249
106000136,0,0,0
106000137,40,640,-600
106000138,0,0,0
106000139,0,0,0
106000140,7,76,-69
106000141,5,117,-112
106000142,0,0,0
106000143,4,104,-100
106000144,0,0,0
106000145,20,264,-244
106000146,0,0,0
106000147,76,125,-49
106000148,68,207,-139
106000149,73,68,5
106000150,63,374,-311
106000151,1048,156,892
106000152,142,91,51
106000153,10,162,-152
106000154,155,27,128
106000155,3,6,-3
106000156,33,59,-26
106000157,114,498,-384
106000158,636,130,506
106000159,1381,446,935
106000160,14,240,-226
106000161,326,222,104
106000162,7,97,-90
106000163,47,216,-169
106000164,22,40,-18
106000165,20,307,-287
106000166,66,96,-30
106000167,54,654,-600
106000168,17,61,-44
106000169,6,282,-276
106000170,50,77,-27
106000171,11,295,-284
106000172,282,310,-28
106000173,70,782,-712
106000174,20,128,-108
106000175,39,433,-394
106000176,36,84,-48
106000177,86,842,-756
106000178,145,201,-56
106000179,148,677,-529
106000180,174,704,-530
106000181,65,651,-586
106000182,40,189,-149
106000183,73,352,-279
106000184,154,304,-150
106000185,56,260,-204
106000186,147,66,81
106000187,17,248,-231
106000188,0,0,0
106000189,0,0,0
106000190,0,0,0
106000191,33,42,-9
106000192,0,13,-13
106000193,54,21,33
106000194,19,98,-79
106000195,14,6,8
106000196,2,62,-60
106000197,18,68,-50
106000198,16,90,-74
106000199,173,80,93
106000200,208,62,146
106000201,50,56,-6
106000202,2304,122,2182
106000203,7,111,-104
106000204,0,0,0
106000205,17,118,-101
106000206,0,0,0
106000207,16,378,-362
106000208,14,2,12
106000209,17,30,-13
106000210,48,616,-568
106000211,105,767,-662
106000212,5,4,1
106000213,56,349,-293
106000214,175,30,145
106000215,17,70,-53
106000216,32,38,-6
106000217,27,50,-23
106000218,48,59,-11
106000219,9,22,-13
106000220,36,47,-11
106000221,13,129,-116
106000222,0,0,0
106000223,0,0,0
106000224,20,122,-102
106000225,0,0,0
106000226,23,209,-186
106000228,13,83,-70
106000229,10,353,-343
106000231,8,1,7
106000232,7,155,-148
106000233,8,5,3
106000234,1,98,-97
106000235,2,2,0
106000236,6,18,-12
106000237,0,2,-2
106000238,0,0,0
106000239,0,9,-9
106000240,0,0,0
106000241,8,285,-277
106000242,6,0,6
106000249,0,0,0
106000250,12,99,-87
106000251,0,0,0
106000252,4,44,-40
106000253,0,0,0
106000254,12,25,-13
106000255,0,0,0
106000256,33,38,-5
106000257,22,94,-72
106000258,0,0,0
106000259,1,13,-12
106000260,0,0,0
106000261,0,18,-18
106000262,0,0,0
106000263,0,12,-12
106000264,0,0,0
106000265,1,28,-27
106000266,0,0,0
106000267,3,20,-17
106000268,0,0,0
106000269,7,7,0
106000270,22,178,-156
106000271,0,0,0
106000272,7,10,-3
106000273,0,0,0
106000274,45,6,39
106000275,0,1,-1
106000276,18,14,4
106000277,2,1,1
106000278,19,12,7
106000279,1,7,-6
106000280,4,30,-26
106000281,15,15,0
106000282,11,9,2
106000283,3,11,-8
106000284,2,22,-20
106000285,2,13,-11
106000286,6,44,-38
106000287,3,6,-3
106000288,5,22,-17
106000289,6,8,-2
106000290,2,22,-20
106000291,7,7,0
106000292,3,8,-5
106000293,9,7,2
106000294,20,9,11
106000295,9,8,1
106000296,16,14,2
106000297,4,20,-16
106000298,16,7,9
106000299,4,9,-5
106000300,2,8,-6
106000301,2,19,-17
106000303,0,0,0
106000304,4,14,-10
106000305,0,0,0
106000306,10,15,-5
106000307,0,0,0
106000308,6,26,-20
106000309,0,9,-9
106000310,19,136,-117
106000311,18,10,8
106000312,19,58,-39
106000313,9,32,-23
106000318,28,42,-14
106000319,52,0,52
106000320,0,0,0
106000321,0,0,0
106000322,18,94,-76
106000324,0,0,0
106000325,63,52,11
106000326,285,723,-438
106000327,0,0,0
106000328,0,0,0
106000329,5,33,-28
106000330,7,28,-21
106000428,25,49,-24
106000429,36,129,-93
106000430,83,390,-307
106000431,62,61,1
106000432,322,802,-480
106000433,174,167,7
106000434,199,66,133
106000435,744,1001,-257
106000436,2,196,-194
106000437,1,0,1
106000438,0,0,0
106000439,29,211,-182
106000440,34,34,0
106000441,0,0,0
106000442,0,0,0
106000443,5,41,-36
106000450,1,93,-92
106000451,0,0,0
106000454,1,17,-16
106000455,5,60,-55
106000456,0,0,0
106000457,7,507,-500
106000458,0,0,0
106000459,10,212,-202
106000460,0,0,0
106000461,7,767,-760
106000462,0,9,-9
106000463,0,0,0
106000464,2,226,-224
106000465,0,0,0
106000466,0,321,-321
106000467,158,220,-62
106000468,1,3,-2
106000469,0,1,-1
106000470,73,241,-168
106000471,4,205,-201
106000472,0,0,0
106000473,2,11,-9
106000474,107,356,-249
106000475,18,26,-8
106000476,19,21,-2
106000477,7,41,-34
106000480,0,16,-16
106900001,0,0,0
106900002,0,0,0
106900003,0,0,0
106900004,0,0,0
106900006,0,0,0
106900007,0,0,0
106900008,0,0,0
106900009,0,0,0
106900010,0,0,0
106900012,0,0,0
106900013,0,0,0
106900014,0,0,0
106900015,0,0,0
106900016,0,0,0
106900017,0,0,0
106900018,0,0,0
106900019,0,0,0
106900020,0,0,0
106900021,0,0,0
106900022,0,0,0
106900023,0,0,0
106900024,0,0,0
106900025,0,0,0
106900026,0,0,0
106900027,0,0,0
107000001,387,427,-40
107000002,1315,2159,-844
107000003,678,807,-129
107000004,2176,3140,-964
107000005,244,462,-218
107000006,1262,3204,-1942
107000007,695,769,-74
107000008,11340,7333,4007
107000009,443,552,-109
107000010,6422,5387,1035
107000011,488,404,84
107000012,867,1009,-142
107000013,20,144,-124
107000014,16,193,-177
107000015,110,542,-432
107000016,91,688,-597
107000017,650,197,453
107000018,1,154,-153
107000020,211,93,118
107000021,498,459,39
107000022,135,984,-849
107000023,645,221,424
107000024,169,1356,-1187
107000025,51,129,-78
107000026,43,378,-335
107000027,364,182,182
107000028,311,537,-226
107000029,224,230,-6
107000030,410,1089,-679
107000031,196,326,-130
107000032,20,52,-32
107000033,794,1534,-740
107000034,2484,770,1714
107000035,7,10,-3
107000036,45,185,-140
107000037,1,16,-15
107000038,118,144,-26
107000039,0,0,0
107000040,77,161,-84
107000041,214,63,151
107000042,183,380,-197
107000043,472,144,328
107000044,223,226,-3
107000045,8,107,-99
107000046,42,46,-4
107000047,56,246,-190
107000048,42,74,-32
107000049,30,227,-197
107000050,49,111,-62
107000051,125,129,-4
107000052,185,66,119
107000053,15,18,-3
107000054,19,126,-107
107000055,47,29,18
107000056,90,284,-194
107000057,113,30,83
107000058,0,0,0
107000059,353,1197,-844
107000060,37,62,-25
107000061,1205,1495,-290
107000062,21,53,-32
107000063,889,2194,-1305
107000064,39,59,-20
107000065,845,2280,-1435
107000066,17,47,-30
107000067,18,56,-38
107000068,0,0,0
107000069,0,0,0
107000070,0,0,0
107000071,0,0,0
107000072,12,1488,-1476
107000073,0,0,0
107000074,26,456,-430
107000075,0,0,0
107000076,180,1207,-1027
107000077,0,0,0
107000078,279,1784,-1505
107000079,0,0,0
107000080,248,1420,-1172
107000081,14,5,9
107000082,97,1288,-1191
107000083,10,5,5
107000084,121,1102,-981
107000085,554,589,-35
107000086,411,796,-385
107000087,372,465,-93
107000088,333,821,-488
107000089,104,177,-73
107000090,317,471,-154
107000091,88,155,-67
107000092,237,459,-222
107000093,55,199,-144
107000094,210,428,-218
107000095,0,0,0
107000096,262,523,-261
107000097,0,0,0
107000098,118,400,-282
107000099,0,0,0
107000100,82,194,-112
107000101,0,0,0
107000102,175,154,21
107000103,0,0,0
107000104,55,167,-112
107000105,9,1,8
107000106,34,109,-75
107000107,5,0,5
107000108,34,335,-301
107000109,0,0,0
107000110,12,232,-220
107000111,0,0,0
107000112,5,193,-188
107000113,0,0,0
107000114,13,244,-231
107000115,0,0,0
107000116,18,448,-430
107000117,0,0,0
107000118,17,131,-114
107000119,135,37,98
107000120,860,254,606
107000121,25,27,-2
107000122,199,378,-179
107000123,12,26,-14
107000124,63,355,-292
107000125,37,46,-9
107000126,97,596,-499
107000129,34,417,-383
107000130,0,0,0
107000131,141,276,-135
107000132,0,0,0
107000133,6,9,-3
107000134,5,0,5
107000135,0,13,-13
107000136,10,0,10
107000137,0,12,-12
107000138,18,1,17
107000139,0,52,-52
107000140,46,2,44
107000141,32,95,-63
107000142,12,0,12
107000143,7,71,-64
107000144,9,10,-1
107000145,20,35,-15
107000146,9,2,7
107000147,343,25,318
107000150,26,19,7
107000151,0,12,-12
107000152,5,64,-59
107000153,37,79,-42
107000154,1,4,-3
107000155,29,2,27
107000156,111,8,103
107000157,3,566,-563
107000158,15,1,14
107000159,2,201,-199
107000160,17,8,9
107000161,3,199,-196
107000162,18,21,-3
107000163,0,0,0
107000164,0,0,0
107000165,0,0,0
107000166,8,385,-377
107000167,21,45,-24
107000168,86,18,68
107000169,115,552,-437
107000170,50,24,26
107000171,69,1429,-1360
107000172,26,43,-17
107000173,121,450,-329
107000174,136,272,-136
107000175,2656,474,2182
107000176,0,0,0
107000177,0,0,0
107000178,0,0,0
107000179,51,1251,-1200
107000180,0,3,-3
107000181,59,583,-524
107000182,8,120,-112
107000183,39,414,-375
107000184,19,116,-97
107000185,23,586,-563
107000186,0,0,0
107000187,92,138,-46
107000188,68,101,-33
107000189,12,77,-65
107000190,56,221,-165
107000191,1,7,-6
107000192,144,223,-79
107000193,0,5,-5
107000194,182,184,-2
107000197,0,0,0
107000198,45,321,-276
107000199,220,272,-52
107000200,0,0,0
107000201,90,111,-21
107000202,0,0,0
107000203,186,244,-58
107000204,10,10,0
107000205,1360,775,585
107000206,0,0,0
107000207,31,39,-8
107000208,70,7,63
107000209,83,3,80
107000210,259,40,219
107000211,0,0,0
107000212,1,94,-93
107000213,0,0,0
107000214,0,9,-9
107000215,6,28,-22
107000216,2,42,-40
107000217,1,10,-9
107000219,1,7,-6
107000220,3,40,-37
107000222,41,215,-174
107000224,0,0,0
107000225,20,192,-172
107000226,0,0,0
107000227,11,198,-187
107000228,19,32,-13
107000229,8,10,-2
107000230,312,186,126
107000231,18,23,-5
107000232,0,0,0
107000233,29,39,-10
107000234,0,0,0
107000235,1,6,-5
107000236,8,353,-345
107000237,0,0,0
107000238,0,4,-4
107000239,284,16,268
107000240,3,324,-321
107000241,42,18,24
107000242,170,60,110
107000243,0,27,-27
107000244,2,79,-77
107000246,2,533,-531
107000249,2,322,-320
107000251,0,98,-98
107000252,0,460,-460
107000255,100,15,85
107000257,1,81,-80
107000258,0,12,-12
107000259,0,24,-24
107000260,0,0,0
107000262,0,85,-85
107000263,0,0,0
107000266,0,0,0
107000267,5,27,-22
107000268,7,21,-14
107000269,0,2,-2
107000270,0,0,0
107000271,0,182,-182
107000272,1,71,-70
107000273,0,48,-48
107000274,37,32,5
107000275,15,99,-84
107000280,13,3,10
107000281,0,134,-134
107000282,2,339,-337
107000290,2,17,-15
107000291,0,0,0
107000292,0,9,-9
107000293,0,0,0
107000294,1,30,-29
107000295,0,0,0
107000296,0,0,0
107000444,18,0,18
107000496,0,0,0
107000497,251,1536,-1285
107000500,0,0,0
107000501,0,0,0
107000502,0,0,0
107000505,120,283,-163
107000506,0,1,-1
107000508,0,187,-187
107000509,12,18,-6
107000510,0,0,0
107000514,0,20,-20
107000515,1,34,-33
107000516,0,5,-5
107000518,0,0,0
107000519,814,794,20
107000520,0,0,0
107000521,112,292,-180
107000522,0,92,-92
107900001,0,0,0
107900002,0,0,0
107900003,3,0,3
107900004,0,0,0
107900005,28,0,28
107900006,0,0,0
107900007,2,1,1
107900008,10,3,7
107900009,0,0,0
107900010,0,0,0
107900012,12,0,12
107900013,19,5,14
107900014,0,0,0
107900015,34,0,34
107900016,25,1,24
107900017,0,1,-1
107900018,0,0,0
107900019,0,9,-9
107900020,0,0,0
107900021,3,14,-11
107900023,0,1,-1
107900024,0,0,0
107900025,11,21,-10
107900026,1,10,-9
107900027,0,0,0
107900028,2,28,-26
107900030,5,1,4
107900031,4,70,-66
107900032,0,0,0
107900033,1,1,0
107900034,14,0,14
107900035,36,1,35
107900036,0,0,0
107900037,0,0,0
107900038,23,7,16
107900039,0,5,-5
107900040,0,0,0
107900041,0,0,0
107900043,0,41,-41
107900044,0,0,0
107900045,7,0,7
107900046,5,3,2
107900047,0,0,0
107900048,2,0,2
107900049,16,40,-24
107900050,29,58,-29
107900051,3,8,-5
107900052,0,0,0
107900053,0,11,-11
107900055,13,18,-5
107900056,2,0,2
107900057,0,0,0
107900058,0,121,-121
107900060,0,0,0
107900061,0,0,0
107900063,3,12,-9
107900064,9,1,8
107900065,5,2,3
107900066,0,0,0
107900067,0,0,0
107900068,4,20,-16
107900069,0,4,-4
107900070,0,0,0
107900071,4,195,-191
107900072,1,23,-22
107900073,0,0,0
107900074,0,0,0
107900076,3,8,-5
107900077,0,0,0
107900078,16,0,16
107900079,3,2,1
107900080,9,12,-3
107900081,0,0,0
107900082,0,0,0
107900083,35,19,16
107900084,0,7,-7
107900086,5,9,-4
107900087,36,3,33
107900088,0,0,0
107900089,28,112,-84
107900090,32,34,-2
107900091,5,97,-92
107900092,398,91,307
107900093,0,0,0
107900095,212,95,117
107900097,0,3,-3
107900098,4,3,1
107900100,230,44,186
107900101,226,35,191
107900102,0,0,0
107900103,2,25,-23
107900104,0,0,0
107900105,0,137,-137
107900106,0,430,-430
107900107,300,21,279
107900108,5,2,3
107900109,0,0,0
107900110,0,10,-10
107900111,1,287,-286
107900112,7,57,-50
107900113,0,0,0
107900114,5,29,-24
107900115,0,0,0
107900116,1,33,-32
107900117,11,70,-59
107900118,6,31,-25
107900119,0,7,-7
107900120,0,0,0
107900121,0,6,-6
107900122,3,3,0
107900123,0,8,-8
107900124,1,4,-3
107900125,0,49,-49
107900126,0,15,-15
107900127,94,11,83
107900128,3,0,3
107900129,0,7,-7
107900130,0,0,0
107900131,7,1,6
107900132,20,90,-70
107900133,0,9,-9
107900134,0,0,0
107900135,0,55,-55
107900136,8,1,7
107900137,1,3,-2
107900138,7,5,2
107900139,0,0,0
107900140,16,19,-3
107900141,2,0,2
107900142,13,218,-205
107900143,7,5,2
107900144,0,28,-28
107900145,1,11,-10
107900146,2,6,-4
107900147,1,2,-1
107900148,29,28,1
107900149,471,17,454
107900150,8,157,-149
107900151,0,32,-32
107900152,1,24,-23
107900153,5,7,-2
107900154,1,2,-1
107900155,0,0,0
107900156,0,0,0
107900157,3,28,-25
107900158,15,0,15
107900159,9,342,-333
107900160,1,45,-44
107900161,0,75,-75
107900162,0,44,-44
107900163,2,0,2
107900164,1,23,-22
107900165,1,2,-1
107900166,0,110,-110
107900167,0,0,0
107900168,0,8,-8
107900169,0,30,-30
107900171,2,390,-388
107900172,0,122,-122
107900173,0,73,-73
107900174,4,1,3
107900175,0,0,0
107900176,2,4,-2
107900177,0,38,-38
107900178,0,85,-85
107900179,0,26,-26
107900180,90,12,78
107900181,112,86,26
107900182,1,434,-433
107900183,0,167,-167
107900184,0,8,-8
107900185,2,2,0
107900186,4,5,-1
107900187,0,41,-41
107900188,57,8,49
107900189,0,21,-21
107900190,11,2,9
107900191,2,37,-35
107900193,1,16,-15
107900194,2,0,2
107900195,639,38,601
107900196,0,1,-1
107900197,21,7,14
107900199,1,169,-168
107900201,14,26,-12
107900203,4,19,-15
107900204,92,66,26
107900205,18,151,-133
107900206,15,15,0
107900207,0,207,-207
107900208,0,168,-168
107900209,43,19,24
107900210,7,17,-10
107900213,36,72,-36
107900214,2,42,-40
107900215,34,122,-88
107900216,0,6,-6
107900217,0,0,0
107900218,1,189,-188
107900219,2,25,-23
107900220,27,12,15
107900221,55,71,-16
107900223,0,6,-6
107900224,17,96,-79
107900225,1,72,-71
107900226,1,29,-28
107900227,13,111,-98
107900228,0,40,-40
107900229,1,104,-103
107900230,0,32,-32
107900231,0,1,-1
107900232,1,76,-75
107900233,2,29,-27
107900234,15,57,-42
107900235,9,36,-27
107900236,1,44,-43
107900237,30,159,-129
107900238,0,0,0
107900239,266,151,115
107900240,0,23,-23
107900241,0,24,-24
107900242,1,99,-98
107900243,0,3,-3
107900244,0,0,0
107900245,1,0,1
107900246,0,0,0
107900248,6,195,-189
107900249,0,0,0
107900250,0,102,-102
107900251,2,223,-221
107900252,0,0,0
107900253,0,0,0
107900254,0,10,-10
107900255,65,7,58
107900256,32,64,-32
107900257,4,2,2
107900258,1,30,-29
107900259,0,10,-10
107900261,0,113,-113
107900262,0,0,0
107900264,0,0,0
107900265,1,25,-24
107900267,3,2,1
107900268,0,0,0
107900269,0,0,0
107900270,0,0,0
107900271,0,0,0
107900272,0,0,0
107900273,0,18,-18
107900274,0,0,0
107900275,0,0,0
107900276,0,7,-7
107900277,0,57,-57
107900278,0,82,-82
107900279,10,7,3
107900280,8,70,-62
107900281,499,76,423
107900282,6,24,-18
107900283,88,28,60
107900284,12,237,-225
107900285,0,19,-19
107900286,6,8,-2
107900287,4,4,0
107900290,0,13,-13
107900291,32,1,31
107900292,5,49,-44
107900293,3,43,-40
107900295,2,24,-22
107900297,1,112,-111
107900298,62,114,-52
107900299,799,109,690
107900300,5,28,-23
107900301,12,31,-19
107900302,7,1,6
107900303,0,88,-88
107900304,4,158,-154
107900305,11,0,11
107900306,0,0,0
107900307,10,120,-110
107900308,32,2,30
107900309,0,0,0
107900310,0,0,0
107900311,4,9,-5
107900312,0,0,0
107900313,0,11,-11
107900314,0,6,-6
107900315,0,9,-9
107900316,0,0,0
107900317,1,0,1
107900318,1,22,-21
107900319,1,51,-50
107900320,0,46,-46
107900321,0,0,0
107900322,0,40,-40
107900323,1,42,-41
107900324,0,0,0
107900325,4,0,4
107900326,2,90,-88
107900327,0,0,0
107900328,0,0,0
107900329,0,0,0
107900330,4,177,-173
107900331,0,0,0
107900332,8,3,5
107900333,2,1,1
107900334,1,53,-52
107900335,12,13,-1
107900336,3,13,-10
107900337,180,27,153
107900338,0,45,-45
107900339,0,10,-10
107900340,0,14,-14
107900341,3,0,3
107900342,8,64,-56
107900343,2,0,2
107900344,0,12,-12
107900345,1,1,0
107900346,1,0,1
107900347,0,0,0
107900348,0,0,0
107900349,0,1,-1
107900350,18,74,-56
108000001,364,445,-81
108000002,1412,1997,-585
108000003,429,322,107
108000004,8608,7862,746
108000005,388,373,15
108000006,1322,3395,-2073
108000007,370,497,-127
108000008,1515,2980,-1465
108000009,249,584,-335
108000010,774,2888,-2114
108000011,1415,1032,383
108000012,8025,7178,847
108000014,3,88,-85
108000015,2,32,-30
108000016,67,376,-309
108000017,10,42,-32
108000018,10,36,-26
108000019,7,52,-45
108000020,0,2,-2
108000021,150,1025,-875
108000022,124,549,-425
108000023,0,0,0
108000024,6,287,-281
108000025,9,92,-83
108000026,14,242,-228
108000027,19,254,-235
108000028,12,167,-155
108000029,14,346,-332
108000030,7,97,-90
108000031,21,294,-273
108000032,0,1,-1
108000033,174,615,-441
108000034,0,0,0
108000035,239,1263,-1024
108000036,89,754,-665
108000037,87,22,65
108000038,52,12,40
108000039,68,1192,-1124
108000040,36,21,15
108000041,245,1351,-1106
108000042,0,90,-90
108000043,12,228,-216
108000044,1,53,-52
108000045,25,606,-581
108000046,1,1,0
108000047,108,537,-429
108000048,38,349,-311
108000049,19,24,-5
108000050,14,179,-165
108000051,13,7,6
108000052,100,230,-130
108000053,35,30,5
108000054,65,255,-190
108000055,23,21,2
108000056,256,428,-172
108000057,5,73,-68
108000058,24,203,-179
108000059,1151,487,664
108000060,0,13,-13
108000061,28,169,-141
108000062,15,10,5
108000063,31,239,-208
108000064,0,0,0
108000065,62,217,-155
108000066,333,78,255
108000067,58,62,-4
108000068,0,0,0
108000069,60,575,-515
108000070,0,0,0
108000071,137,876,-739
108000072,0,0,0
108000073,283,774,-491
108000074,0,0,0
108000075,65,360,-295
108000076,0,0,0
108000077,123,425,-302
108000078,21,59,-38
108000079,409,868,-459
108000080,6,14,-8
108000081,138,1154,-1016
108000082,283,704,-421
108000083,25,10,15
108000084,43,486,-443
108000085,1,4,-3
108000086,157,310,-153
108000087,1,20,-19
108000088,0,0,0
108000089,19,42,-23
108000090,13,0,13
108000091,23,279,-256
108000092,0,0,0
108000093,52,364,-312
108000094,0,0,0
108000095,79,273,-194
108000096,0,0,0
108000097,40,321,-281
108000098,45,91,-46
108000099,0,0,0
108000100,0,0,0
108000101,0,4,-4
108000102,80,207,-127
108000106,0,0,0
108000107,2,290,-288
108000108,0,0,0
108000109,1,329,-328
108000110,15,68,-53
108000111,86,501,-415
108000112,0,0,0
108000113,37,16,21
108000115,97,72,25
108000117,91,83,8
108000118,10,113,-103
108000119,78,182,-104
108000120,2,140,-138
108000121,3,257,-254
108000122,6,67,-61
108000123,4,0,4
108000124,28,362,-334
108000125,1,0,1
108000126,25,414,-389
108000127,3,1,2
108000128,31,513,-482
108000129,37,897,-860
108000130,0,2,-2
108000131,4,2,2
108000132,282,379,-97
108000133,5,8,-3
108000134,149,597,-448
108000135,21,2,19
108000136,206,811,-605
108000137,0,3,-3
108000138,17,152,-135
108000139,0,12,-12
108000140,19,2,17
108000141,8,86,-78
108000142,41,156,-115
108000143,15,66,-51
108000144,11,2,9
108000145,7,162,-155
108000146,7,1,6
108000147,4,134,-130
108000148,4,3,1
108000149,2,55,-53
108000150,1,0,1
108000151,0,0,0
108000152,26,93,-67
108000153,3,6,-3
108000154,17,23,-6
108000155,3,2,1
108000156,125,23,102
108000157,8,3,5
108000158,40,95,-55
108000159,51,0,51
108000160,834,201,633
108000161,623,208,415
108000165,0,3,-3
108000172,0,0,0
108000173,660,60,600
108000175,3,23,-20
108000178,125,181,-56
108000179,0,0,0
108000181,3,1,2
108000182,9,0,9
108000183,2,16,-14
108000184,105,151,-46
108000185,6,183,-177
108000186,4,10,-6
108000187,4,121,-117
108000188,8,36,-28
108000189,8,25,-17
108000190,4,70,-66
108000192,29,196,-167
108000193,192,20,172
108000194,0,1,-1
108000195,2,932,-930
108000196,0,23,-23
108000198,83,99,-16
108000199,0,84,-84
108000200,8,88,-80
108000202,3,122,-119
108000203,7,298,-291
108000204,14,5,9
108000205,102,90,12
108000339,73,36,37
108000364,9,11,-2
108000365,0,46,-46
108000367,12,37,-25
108000368,0,31,-31
108000369,566,26,540
108000371,0,286,-286
108000372,0,0,0
108000373,0,0,0
108000376,14,1,13
108000377,50,34,16
108000378,1726,950,776
108000379,10,62,-52
108000381,0,0,0
108000382,0,0,0
108000383,0,44,-44
108900001,5,37,-32
108900002,13,5,8
108900003,48,137,-89
108900004,176,38,138
108900005,1,23,-22
108900006,41,37,4
108900007,6,20,-14
108900008,1,26,-25
108900009,3,11,-8
108900010,5,26,-21
108900011,8,46,-38
108900012,12,75,-63
108900013,4,38,-34
108900014,0,15,-15
108900015,0,1,-1
108900016,0,23,-23
108900017,3,4,-1
108900018,6,69,-63
108900019,0,258,-258
108900020,2,36,-34
108900021,3,32,-29
108900022,0,4,-4
108900023,0,3,-3
108900024,6,19,-13
108900025,0,0,0
108900026,4,8,-4
108900027,0,21,-21
108900028,0,74,-74
108900029,1,31,-30
108900030,0,28,-28
108900031,1,89,-88
108900032,0,23,-23
108900033,0,10,-10
108900034,0,19,-19
108900035,5,376,-371
108900036,17,65,-48
108900037,1,46,-45
108900038,0,62,-62
108900039,0,18,-18
108900040,0,22,-22
108900041,481,63,418
108900042,0,40,-40
108900043,1,33,-32
108900044,0,105,-105
108900045,3,65,-62
108900046,5,123,-118
108900047,0,20,-20
108900048,2,75,-73
108900049,433,21,412
108900050,0,40,-40
108900051,0,58,-58
108900052,0,50,-50
108900053,14,3,11
108900054,1,13,-12
108900055,2,73,-71
108900056,0,55,-55
108900057,0,38,-38
108900058,2,79,-77
108900059,8,1,7
108900060,0,0,0
108900061,0,0,0
108900062,1,84,-83
108900063,0,47,-47
108900064,1,2,-1
108900065,0,15,-15
108900066,0,0,0
108900067,0,57,-57
108900068,0,20,-20
108900069,0,3,-3
108900070,3,6,-3
108900071,0,0,0
108900072,1,0,1
108900073,0,22,-22
108900074,0,20,-20
108900075,3,2,1
108900076,0,0,0
108900077,5,46,-41
108900078,0,6,-6
108900079,19,7,12
108900080,0,0,0
108900081,9,50,-41
108900082,0,3,-3
108900083,0,0,0
108900084,32,14,18
108900085,213,7,206
108900086,0,11,-11
108900087,6,7,-1
108900088,0,0,0
108900089,0,0,0
108900090,1,25,-24
108900091,8,3,5
108900092,0,2,-2
108900093,0,0,0
108900094,5,2,3
108900095,1,31,-30
108900096,30,3,27
108900097,1,106,-105
108900098,4,1,3
108900099,0,79,-79
108900100,2,7,-5
108900101,0,0,0
108900102,4,7,-3
108900103,0,0,0
108900104,44,37,7
108900105,0,0,0
108900106,1,130,-129
108900108,0,0,0
108900109,0,0,0
108900110,1,82,-81
108900111,3,151,-148
108900112,0,0,0
108900113,0,0,0
108900114,0,0,0
108900115,0,0,0
108900116,0,0,0
108900117,0,0,0
108900118,0,0,0
108900119,0,0,0
108900120,0,0,0
108900121,0,0,0
108900122,0,0,0
108900123,0,0,0
108900124,1,0,1
108900125,0,0,0
108900126,1,0,1
108900127,0,0,0
108900128,0,0,0
108900129,0,0,0
108900130,0,0,0
108900131,1,0,1
108900132,0,0,0
108900133,0,0,0
108900134,0,0,0
108900135,0,0,0
108900136,0,0,0
108900137,1,0,1
108900138,0,0,0
108900139,0,0,0
108900140,0,0,0
108900141,0,0,0
108900142,0,0,0
108900143,0,0,0
108900144,0,0,0
108900145,0,0,0
108900146,0,0,0
108900147,1,0,1
108900148,0,0,0
108900149,41,17,24
108900150,0,0,0
108900151,0,0,0
108900152,0,1,-1
108900153,0,36,-36
108900154,0,1,-1
108900155,0,8,-8
108900156,0,0,0
108900157,0,37,-37
108900158,0,0,0
108900159,0,28,-28
108900160,2,32,-30
108900161,2,62,-60
108900162,0,0,0
108900163,0,0,0
108900164,2,11,-9
108900165,8,4,4
108900167,94,28,66
108900168,856,53,803
108900169,5,8,-3
108900171,400,111,289
108900172,0,0,0
108900173,3,33,-30
108900174,0,0,0
108900176,2,106,-104
108900177,1017,84,933
108900178,265,25,240
108900179,3,12,-9
108900180,0,0,0
108900182,0,0,0
108900183,13,21,-8
108900184,0,6,-6
108900185,5,30,-25
108900186,1,42,-41
108900187,0,0,0
108900188,0,0,0
108900189,0,0,0
108900190,0,461,-461
108900191,0,0,0
108900192,0,28,-28
108900193,0,0,0
108900194,0,48,-48
108900195,4,50,-46
108900196,2,68,-66
108900198,1,104,-103
108900199,7,49,-42
108900200,24,67,-43
108900201,10,147,-137
108900203,9,1,8
108900204,0,0,0
108900205,1,2,-1
108900206,0,0,0
108900207,0,0,0
108900208,7,64,-57
108900209,22,108,-86
108900210,6,10,-4
108900211,1,5,-4
108900212,24,16,8
108900215,4,85,-81
108900216,0,6,-6
108900217,0,0,0
108900218,0,0,0
108900219,0,0,0
108900220,0,0,0
108900221,1,5,-4
108900222,0,0,0
108900223,0,1,-1
108900224,0,8,-8
108900225,0,26,-26
108900226,0,0,0
108900227,1,0,1
108900230,12,20,-8
108900231,1,20,-19
108900232,0,38,-38
108900233,0,0,0
108900234,0,0,0
108900235,10,29,-19
108900236,1,19,-18
108900237,4,28,-24
108900240,0,17,-17
108900241,0,0,0
108900245,0,0,0
108900249,0,0,0
108900250,0,9,-9
108900257,0,72,-72
108900258,0,8,-8
108900259,0,1,-1
108900260,0,1,-1
108900261,2,4,-2
108900262,0,0,0
108900263,0,0,0
108900264,0,0,0
108900265,0,0,0
108900266,0,0,0
108900267,0,0,0
108900268,0,0,0
108900269,0,0,0
108900270,0,0,0
108900271,0,0,0
108900272,0,0,0
108900273,0,0,0
108900274,1,16,-15
109000001,429,131,298
109000002,3900,666,3234
109000003,360,131,229
109000004,358,1603,-1245
109000005,154,162,-8
109000006,301,1327,-1026
109000007,102,131,-29
109000008,201,1028,-827
109000009,384,227,157
109000010,641,2398,-1757
109000011,337,229,108
109000012,685,2183,-1498
109000013,430,233,197
109000014,485,1977,-1492
109000015,518,385,133
109000016,5357,2646,2711
109000017,244,244,0
109000018,331,2235,-1904
109000019,251,202,49
109000020,558,1247,-689
109000023,0,0,0
109000024,2,14,-12
109000025,111,37,74
109000026,107,47,60
109000027,12,48,-36
109000028,5,21,-16
109000029,45,42,3
109000030,13,217,-204
109000031,0,0,0
109000032,16,202,-186
109000033,0,0,0
109000034,1,5,-4
109000035,0,0,0
109000036,31,134,-103
109000037,16,59,-43
109000038,320,129,191
109000039,75,30,45
109000040,709,112,597
109000041,3203,282,2921
109000042,86,267,-181
109000044,1,5,-4
109000045,37,274,-237
109000046,2,14,-12
109000047,15,373,-358
109000048,7,4,3
109000049,83,443,-360
109000050,2,5,-3
109000051,117,290,-173
109000052,64,380,-316
109000053,1,1,0
109000054,8,149,-141
109000055,5,25,-20
109000056,23,84,-61
109000057,30,19,11
109000058,127,26,101
109000059,16,114,-98
109000060,50,5,45
109000061,419,67,352
109000062,4,3,1
109000063,44,63,-19
109000064,3,3,0
109000065,9,122,-113
109000066,7,0,7
109000067,12,106,-94
109000068,0,0,0
109000069,0,0,0
109000070,2,283,-281
109000071,130,19,111
109000072,2,63,-61
109000073,14,29,-15
109000074,4,45,-41
109000075,28,404,-376
109000076,2,31,-29
109000077,43,56,-13
109000078,2,11,-9
109000079,6,57,-51
109000080,3,28,-25
109000081,2,139,-137
109000082,9,95,-86
109000083,13,261,-248
109000088,12,87,-75
109000089,8,3,5
109000090,42,116,-74
109000091,50,11,39
109000092,83,214,-131
109000093,25,11,14
109000094,18,0,18
109000095,9,192,-183
109000096,34,0,34
109000097,7,17,-10
109000098,0,0,0
109000099,40,88,-48
109000100,18,236,-218
109000101,67,153,-86
109000102,24,524,-500
109000103,20,154,-134
109000104,102,68,34
109000105,56,904,-848
109000106,143,92,51
109000107,50,744,-694
109000108,94,48,46
109000109,111,759,-648
109000110,119,78,41
109000111,208,845,-637
109000112,25,56,-31
109000113,31,107,-76
109000114,2,53,-51
109000115,40,3,37
109000116,1,91,-90
109000117,4,10,-6
109000118,1,132,-131
109000119,14,26,-12
109000120,9,580,-571
109000121,4,12,-8
109000122,16,784,-768
109000123,2,19,-17
109000124,47,83,-36
109000125,48,77,-29
109000126,50,1022,-972
109000127,22,50,-28
109000128,35,1274,-1239
109000129,15,21,-6
109000130,179,1534,-1355
109000131,78,39,39
109000132,243,764,-521
109000133,27,407,-380
109000134,105,904,-799
109000135,154,655,-501
109000136,14,29,-15
109000137,38,61,-23
109000138,13,21,-8
109000139,38,71,-33
109000140,0,31,-31
109000141,25,192,-167
109000142,11,88,-77
109000143,5,5,0
109000145,19,13,6
109000146,1,2,-1
109000148,1328,103,1225
109000149,12,33,-21
109000150,0,0,0
109000155,45,135,-90
109000156,254,241,13
109000158,6,86,-80
109000159,11,137,-126
109000160,87,110,-23
109000161,17,368,-351
109000162,195,386,-191
109000163,34,245,-211
109000164,118,649,-531
109000165,60,172,-112
109000166,40,48,-8
109000167,18,238,-220
109000170,0,0,0
109000171,0,1,-1
109000172,0,0,0
109000173,2,1,1
109000174,0,2,-2
109000175,0,0,0
109000176,17,155,-138
109000177,0,0,0
109000178,13,41,-28
109000179,1310,226,1084
109000180,1156,433,723
109000181,2,15,-13
109000182,2,30,-28
109000183,3,13,-10
109000184,3,8,-5
109000185,1,12,-11
109000188,7,131,-124
109000189,104,186,-82
109000190,78,272,-194
109000191,0,0,0
109000192,2,27,-25
109000193,21,111,-90
109000194,2,9,-7
109000195,6,151,-145
109000196,0,6,-6
109000197,27,123,-96
109000198,7,5,2
109000199,11,150,-139
109000206,24,11,13
109000207,9,6,3
109000208,20,7,13
109000209,4,10,-6
109000210,29,103,-74
109000211,11,28,-17
109000214,11,52,-41
109000215,0,6,-6
109000216,4,16,-12
109000217,31,17,14
109000218,16,14,2
109000221,17,231,-214
109000222,33,1,32
109000223,42,41,1
109000224,3,17,-14
109000225,0,4,-4
109000226,9,57,-48
109000227,56,281,-225
109000228,0,167,-167
109000231,0,163,-163
109000232,3,130,-127
109000236,39,443,-404
109000241,162,382,-220
109000242,47,213,-166
109000293,0,0,0
109000361,5,46,-41
109000364,14,133,-119
109000396,1,272,-271
109000397,27,1,26
109000399,50,144,-94
109000400,13,164,-151
109000403,1,15,-14
109000406,15,1,14
109000407,3,26,-23
109000408,3,123,-120
109000410,173,100,73
109000411,0,0,0
109900001,0,0,0
109900002,0,0,0
109900003,0,0,0
109900004,9,32,-23
109900005,0,0,0
109900006,0,15,-15
109900007,1,220,-219
109900008,0,4,-4
109900009,5,266,-261
109900010,0,0,0
109900011,6,2,4
109900012,9,8,1
109900013,24,10,14
109900014,7,7,0
109900015,20,10,10
109900016,3,14,-11
109900017,4,15,-11
109900018,2,45,-43
109900019,5,9,-4
109900020,1,0,1
109900021,0,0,0
109900022,0,30,-30
109900023,1,0,1
109900024,2,0,2
109900025,2,15,-13
109900026,0,15,-15
109900027,0,0,0
109900028,225,40,185
109900029,0,57,-57
109900030,0,0,0
109900031,0,17,-17
109900032,0,56,-56
109900033,0,2,-2
109900034,1,0,1
109900035,2,9,-7
109900036,4,4,0
109900037,0,76,-76
109900038,0,0,0
109900039,0,0,0
109900040,0,129,-129
109900041,4,50,-46
109900042,2,79,-77
109900044,1,21,-20
109900045,0,6,-6
109900046,0,0,0
109900047,5,38,-33
109900048,0,14,-14
109900049,0,4,-4
109900050,0,56,-56
109900051,0,4,-4
109900052,0,41,-41
109900053,2,99,-97
109900054,0,0,0
109900055,2,43,-41
109900056,0,0,0
109900057,2,44,-42
109900058,0,23,-23
109900059,0,0,0
109900060,0,0,0
109900061,19,75,-56
109900062,0,37,-37
109900063,0,21,-21
109900064,6,5,1
109900065,14,21,-7
109900066,12,157,-145
109900067,0,67,-67
109900068,0,0,0
109900069,0,4,-4
109900070,13,63,-50
109900071,0,12,-12
109900072,0,23,-23
109900073,0,57,-57
109900074,0,26,-26
109900075,0,0,0
109900076,0,34,-34
109900077,1,23,-22
109900078,2,68,-66
109900080,3,37,-34
109900081,0,0,0
109900082,3,56,-53
109900083,0,6,-6
109900084,0,17,-17
109900085,4,92,-88
109900086,0,0,0
109900087,9,80,-71
109900089,0,0,0
109900090,18,45,-27
109900091,0,0,0
109900092,0,0,0
109900093,0,0,0
109900094,0,6,-6
109900095,0,3,-3
109900096,0,0,0
109900097,0,0,0
109900098,0,0,0
109900099,0,0,0
109900100,0,0,0
109900101,0,0,0
109900102,0,0,0
109900103,0,4,-4
109900104,1,365,-364
109900105,0,0,0
109900106,0,0,0
109900107,0,0,0
109900108,9,248,-239
109900109,2,50,-48
109900110,2,22,-20
109900111,3,42,-39
109900112,20,70,-50
109900113,0,0,0
109900114,0,1,-1
109900115,0,0,0
109900117,0,0,0
109900118,11,79,-68
109900119,44,61,-17
109900120,2,0,2
109900121,15,12,3
109900122,0,0,0
109900123,1,22,-21
109900124,1,51,-50
109900125,0,25,-25
109900126,0,14,-14
109900128,0,0,0
109900130,232,7,225
109900131,0,0,0
109900132,0,0,0
109900133,0,0,0
109900134,0,0,0
109900135,20,5,15
109900136,5,10,-5
109900137,0,0,0
109900140,4,71,-67
109900142,37,40,-3
109900145,0,11,-11
109900146,12,4,8
109900148,5,18,-13
109900149,7,5,2
109900150,0,7,-7
109900151,1,10,-9
109900152,0,3,-3
109900153,0,3,-3
109900154,0,0,0
109900155,0,0,0
109900157,5,69,-64
109900158,3,21,-18
109900159,2,2,0
109900160,7,2,5
109900161,3,5,-2
109900162,4,16,-12
109900163,17,7,10
109900164,8,57,-49
109900165,6,0,6
109900166,0,25,-25
109900167,7,117,-110
109900168,5,101,-96
109900169,17,38,-21
109900170,28,37,-9
109900171,3,8,-5
109900172,6,15,-9
109900173,658,89,569
109900174,3,19,-16
109900175,2,31,-29
109900176,18,81,-63
109900177,13,119,-106
109900178,0,23,-23
109900179,0,0,0
109900180,0,0,0
110000001,162,272,-110
110000002,68,55,13
110000003,903,374,529
110000004,142,106,36
110000005,497,220,277
110000006,84,185,-101
110000007,3,22,-19
110000008,3,19,-16
110000009,0,0,0
110000010,2,15,-13
110000011,0,19,-19
110000012,284,185,99
110000013,5,48,-43
110000014,190,35,155
110000015,5,24,-19
110000016,111,132,-21
110000017,103,25,78
110000018,804,51,753
110000019,4,55,-51
110000020,96,81,15
110000021,17,15,2
110000022,56,15,41
110000023,5,72,-67
110000024,262,212,50
110000025,17,2,15
110000026,3,133,-130
110000027,101,79,22
110000028,19,42,-23
110000029,96,294,-198
110000030,3,18,-15
110000031,50,210,-160
110000032,12,10,2
110000033,4,17,-13
110000034,58,303,-245
110000035,24,148,-124
110000036,64,231,-167
110000037,3,112,-109
110000038,71,134,-63
110000039,125,113,12
110000040,38,110,-72
110000041,0,0,0
110000042,7,98,-91
110000043,0,0,0
110000044,2,11,-9
110000045,0,0,0
110000046,1,0,1
110000047,0,0,0
110000048,0,1,-1
110000049,0,0,0
110000050,1,2,-1
110000051,0,0,0
110000052,0,0,0
110000053,0,0,0
110000054,12,32,-20
110000055,0,0,0
110000056,0,0,0
110000057,103,388,-285
110000058,43,48,-5
110000059,182,340,-158
110000060,70,89,-19
110000061,470,527,-57
110000062,193,180,13
110000063,7,38,-31
110000064,0,0,0
110000065,8,27,-19
110000066,2,20,-18
110000067,0,0,0
110000068,0,1,-1
110000069,11,44,-33
110000071,4,45,-41
110000073,0,7,-7
110000075,1,48,-47
110000076,35,18,17
110000077,65,31,34
110000078,0,24,-24
110000080,58,237,-179
110000081,4,52,-48
110000082,5,60,-55
110000083,78,225,-147
110000084,55,65,-10
110000085,1508,450,1058
110000086,94,237,-143
110000087,1,33,-32
110000088,1,145,-144
110000089,1,26,-25
110000090,4,71,-67
110000091,495,143,352
110000092,3,11,-8
110000093,34,0,34
110000094,121,196,-75
110000095,6,114,-108
110000096,1000,525,475
110000097,198,188,10
110000098,102,66,36
110000099,132,467,-335
110000100,4,184,-180
110000101,1,145,-144
110000102,11,7,4
110000104,12,4,8
110000105,1,33,-32
110000106,37,23,14
110000107,38,40,-2
110000108,35,0,35
110000109,35,168,-133
110000110,787,232,555
110000111,2898,801,2097
110000112,218,60,158
110000113,109,78,31
110000114,6,38,-32
110000115,10,25,-15
110000116,7,8,-1
110000117,23,197,-174
110000118,29,69,-40
110000119,19,176,-157
110000120,51,47,4
110000121,10,122,-112
110000122,55,179,-124
110000123,17,64,-47
110000124,0,370,-370
110000125,0,0,0
110000126,0,0,0
110000127,0,0,0
110000128,1,764,-763
110000129,3,192,-189
110000130,0,0,0
110000131,27,181,-154
110000132,1,330,-329
110000133,21,80,-59
110000134,4,113,-109
110000135,0,0,0
110000136,3,101,-98
110000137,11,68,-57
110000138,22,283,-261
110000139,11,176,-165
110000140,0,0,0
110000143,61,42,19
110000144,865,255,610
110000145,284,147,137
110000146,547,139,408
110000147,24,250,-226
110000148,0,0,0
110000151,35,23,12
110000152,56,91,-35
110000153,5,23,-18
110000154,0,0,0
110000155,453,780,-327
110000156,134,435,-301
110000157,620,522,98
110000160,56,131,-75
110000161,29,121,-92
110000166,5,6,-1
110000167,72,105,-33
110000168,130,49,81
110000169,26,28,-2
110000170,7,12,-5
110000171,14,12,2
110000172,29,412,-383
110000173,241,389,-148
110000174,27,411,-384
110000175,0,0,0
110000176,0,0,0
110000177,1,55,-54
110000178,490,191,299
110000179,297,149,148
110000180,19,109,-90
110000181,43,130,-87
110000182,182,77,105
110000183,1448,714,734
110000184,63,138,-75
110000185,257,308,-51
110000186,204,148,56
110000191,7,153,-146
110000192,3,0,3
110000193,17,1,16
110000194,3,413,-410
110000195,3,33,-30
110000196,16,123,-107
110000197,0,10,-10
110000198,2,8,-6
110000199,8,45,-37
110000200,106,232,-126
110000201,33,73,-40
110000202,145,63,82
110000203,31,349,-318
110000204,0,82,-82
110000205,3,8,-5
110000206,20,450,-430
110000207,30,62,-32
110000208,12,13,-1
110000209,36,277,-241
110000210,0,0,0
110000211,0,0,0
110000212,23,82,-59
110000213,2,12,-10
110000214,3,16,-13
110000215,13,204,-191
110000216,6,219,-213
110000217,8,41,-33
110000218,7,228,-221
110000219,3,1,2
110000220,4,167,-163
110000221,7,4,3
110000222,7,89,-82
110000223,1,9,-8
110000224,1,6,-5
110000225,13,155,-142
110000226,20,4,16
110000227,68,112,-44
110000228,10,6,4
110000229,1,116,-115
110000230,53,72,-19
110000231,16,27,-11
110000232,10,141,-131
110000233,1,57,-56
110000234,8,108,-100
110000235,78,172,-94
110000236,117,505,-388
110000237,403,481,-78
110000238,38,245,-207
110000239,152,452,-300
110000240,0,86,-86
110000242,0,32,-32
110000243,14,57,-43
110000244,5,159,-154
110000245,4,203,-199
110000246,32,142,-110
110000247,171,1107,-936
110000248,20,456,-436
110000249,0,0,0
110000250,0,40,-40
110000251,7,84,-77
110000252,17,96,-79
110000253,27,35,-8
110000254,126,619,-493
110000255,22,474,-452
110000256,10,15,-5
110000257,66,213,-147
110000258,0,76,-76
110000259,5,5,0
110000260,10,69,-59
110000263,135,13,122
110000264,27,78,-51
110000265,327,326,1
110000266,408,439,-31
110000267,10,116,-106
110000268,5,47,-42
110000269,1,40,-39
110000270,0,0,0
110000271,12,9,3
110000272,116,366,-250
110000273,377,514,-137
110000274,16,190,-174
110000275,683,135,548
110000276,26,87,-61
110000277,14,71,-57
110000278,38,280,-242
110000279,2,140,-138
110000280,4,78,-74
110000281,4,72,-68
110000282,7,6,1
110000283,1,6,-5
110000284,0,12,-12
110000285,0,91,-91
110000286,0,0,0
110000287,0,0,0
110000288,1,22,-21
110000289,29,302,-273
110000290,443,290,153
110000291,1504,374,1130
110000292,353,482,-129
110000293,20,349,-329
110000294,48,268,-220
110000295,8,233,-225
110000296,14,194,-180
110000297,345,186,159
110000298,58,154,-96
110000299,0,0,0
110000301,0,0,0
110000302,25,382,-357
110000303,0,0,0
110000304,21,113,-92
110000305,6,0,6
110000306,27,974,-947
110000307,14,1,13
110000308,2,2,0
110000309,7,625,-618
110000310,37,11,26
110000311,2,396,-394
110000312,34,5,29
110000313,423,766,-343
110000314,0,98,-98
110000315,719,540,179
110000316,220,558,-338
110000317,164,151,13
110000318,0,39,-39
110000319,0,0,0
110000320,2,34,-32
110000321,1,3,-2
110000322,7,53,-46
110000323,26,121,-95
110000324,2154,905,1249
110000325,16,32,-16
110000327,0,63,-63
110000328,69,349,-280
110000333,0,1,-1
110000334,64,515,-451
110000335,39,137,-98
110000336,79,565,-486
110000337,65,85,-20
110000338,8,34,-26
110000339,13,51,-38
110000340,4,60,-56
110000341,53,282,-229
110000342,0,0,0
110000343,0,22,-22
110000344,2,38,-36
110000345,0,2,-2
110000346,578,474,104
110000347,202,29,173
110000348,0,3,-3
110000349,0,0,0
110000350,0,0,0
110000351,51,242,-191
110000352,45,742,-697
110000353,651,245,406
110000354,59,728,-669
110000355,0,37,-37
110000356,0,0,0
110000357,19,0,19
110000361,4,31,-27
110000362,0,0,0
110000363,6,23,-17
110000364,6,111,-105
110000365,0,0,0
110000366,0,36,-36
110000367,62,105,-43
110000368,1,13,-12
110000369,0,0,0
110000373,2,113,-111
110000374,1,0,1
110000375,2,302,-300
110000376,11,50,-39
110000377,0,0,0
110000378,5,182,-177
110000379,826,272,554
110000380,5,8,-3
110000383,1,141,-140
110000384,1,27,-26
110000385,1,91,-90
110000387,0,11,-11
110000388,13,115,-102
110000389,8,13,-5
110000391,3,139,-136
110000396,3,64,-61
110000397,5,13,-8
110000398,0,0,0
110000399,0,2,-2
110000587,1,1,0
110000589,11,13,-2
110000640,29,10,19
110000652,2,8,-6
110000653,28,188,-160
110000654,0,2,-2
110000656,1,228,-227
110000674,0,3,-3
110000675,0,7,-7
110000676,0,17,-17
110000679,372,158,214
110000682,0,0,0
110000683,7,26,-19
110000684,0,25,-25
110000685,0,0,0
110000686,1,5,-4
110000687,0,0,0
110000688,19,8,11
110000689,0,1,-1
110000692,14,19,-5
110000693,24,79,-55
110000694,1,148,-147
110000695,49,395,-346
110000696,0,0,0
110900001,0,1,-1
110900002,0,21,-21
110900003,1,265,-264
110900004,0,106,-106
110900005,241,29,212
110900006,0,0,0
110900007,0,0,0
110900008,0,0,0
110900009,0,0,0
110900010,0,12,-12
110900011,0,8,-8
110900012,0,12,-12
110900013,0,0,0
110900014,0,0,0
110900015,0,0,0
110900016,0,14,-14
110900017,0,0,0
110900018,0,0,0
110900019,0,0,0
110900020,0,66,-66
110900021,8,137,-129
110900022,2,59,-57
110900023,8,94,-86
110900024,4,103,-99
110900025,0,8,-8
110900027,1,19,-18
110900028,1,15,-14
110900029,17,112,-95
110900030,1,21,-20
110900031,0,42,-42
110900032,0,21,-21
110900033,0,73,-73
110900035,4,52,-48
110900036,2,3,-1
110900037,0,1,-1
110900038,11,3,8
110900039,1,23,-22
110900040,5,3,2
110900041,0,55,-55
110900042,0,0,0
110900043,0,37,-37
110900044,0,0,0
110900045,2,147,-145
110900046,23,78,-55
110900047,0,0,0
110900049,0,1,-1
110900050,0,0,0
110900051,3,14,-11
110900052,0,32,-32
110900053,0,0,0
110900054,9,66,-57
110900055,0,0,0
110900056,9,5,4
110900057,0,37,-37
110900058,0,0,0
110900059,40,177,-137
110900060,5,1,4
110900061,2,3,-1
110900062,0,0,0
110900063,1,22,-21
110900064,0,0,0
110900065,23,4,19
110900066,0,21,-21
110900067,0,0,0
110900068,29,16,13
110900069,0,4,-4
110900071,0,0,0
110900073,0,2,-2
110900074,1,9,-8
110900075,8,2,6
110900077,1,2,-1
110900078,0,28,-28
110900079,82,7,75
110900080,0,0,0
110900081,0,25,-25
110900082,0,0,0
110900083,0,0,0
110900084,2,30,-28
110900085,8,98,-90
110900086,0,0,0
110900087,0,0,0
110900088,0,0,0
110900090,0,0,0
110900091,0,0,0
110900093,0,0,0
110900095,2,8,-6
110900097,0,1,-1
110900098,0,15,-15
110900099,6,95,-89
110900100,0,1,-1
110900102,0,5,-5
110900105,120,76,44
110900108,1,22,-21
110900111,15,8,7
110900112,0,0,0
110900113,0,0,0
110900115,0,0,0
110900116,26,559,-533
110900118,6,16,-10
110900119,1123,13,1110
110900120,0,42,-42
110900121,0,0,0
110900122,2,2,0
110900125,0,8,-8
110900127,26,151,-125
110900128,2,6,-4
110900129,0,0,0
110900130,44,6,38
110900131,0,0,0
110900132,2,0,2
110900133,0,41,-41
110900135,3,93,-90
110900136,0,0,0
110900137,0,0,0
110900138,3,126,-123
110900139,0,3,-3
110900140,0,0,0
110900141,1,7,-6
110900142,4,30,-26
110900143,0,0,0
110900144,1,229,-228
110900145,3,0,3
110900146,22,0,22
110900147,58,94,-36
110900148,0,120,-120
110900149,1,18,-17
110900150,0,4,-4
110900151,0,18,-18
110900152,2,69,-67
110900153,0,0,0
111000001,333,91,242
111000002,298,391,-93
111000003,70,98,-28
111000004,214,532,-318
111000005,135,152,-17
111000006,428,683,-255
111000007,657,474,183
111000008,1932,910,1022
111000009,257,527,-270
111000010,172,128,44
111000011,561,529,32
111000012,328,170,158
111000013,161,614,-453
111000014,130,129,1
111000017,50,179,-129
111000018,52,118,-66
111000020,799,1146,-347
111000021,0,0,0
111000023,0,0,0
111000025,1938,598,1340
111000029,9,26,-17
111000030,8,25,-17
111000031,87,27,60
111000032,31,15,16
111000033,0,0,0
111000034,22,189,-167
111000037,664,302,362
111000038,365,640,-275
111000039,156,506,-350
111000040,285,613,-328
111000041,167,267,-100
111000042,1832,493,1339
111000043,0,0,0
111000044,0,0,0
111000045,34,37,-3
111000046,12,28,-16
111000047,102,168,-66
111000049,53,247,-194
111000050,537,746,-209
111000051,109,436,-327
111000052,173,583,-410
111000053,111,400,-289
111000054,105,466,-361
111000055,246,838,-592
111000056,26,203,-177
111000057,18,292,-274
111000058,9,36,-27
111000059,22,64,-42
111000060,49,118,-69
111000061,37,55,-18
111000062,35,75,-40
111000063,81,86,-5
111000064,43,66,-23
111000065,81,103,-22
111000066,39,90,-51
111000067,45,250,-205
111000068,31,191,-160
111000069,600,750,-150
111000070,874,441,433
111000071,56,340,-284
111000072,0,0,0
111000073,0,0,0
111000074,0,0,0
111000075,0,0,0
111000076,0,0,0
111000077,105,156,-51
111000078,412,507,-95
111000079,221,151,70
111000080,73,154,-81
111000081,844,583,261
111000082,119,170,-51
111000084,100,149,-49
111000085,112,145,-33
111000086,90,151,-61
111000087,54,112,-58
111000088,148,184,-36
111000089,87,240,-153
111000090,425,349,76
111000091,152,239,-87
111000092,158,364,-206
111000093,44,183,-139
111000094,131,241,-110
111000095,34,406,-372
111000096,492,1750,-1258
111000097,2340,303,2037
111000098,165,494,-329
111000099,67,1028,-961
111000100,77,994,-917
111000101,87,308,-221
111000102,26,391,-365
111000104,0,0,0
111000107,18,308,-290
111000109,0,0,0
111000110,13,3,10
111000111,13,0,13
111000112,22,2,20
111000113,16,14,2
111000114,30,17,13
111000115,1280,117,1163
111000116,55,99,-44
111000117,42,196,-154
111000118,161,82,79
111000119,101,197,-96
111000120,26,99,-73
111000121,12,95,-83
111000122,67,411,-344
111000123,62,1024,-962
111000124,69,1303,-1234
111000125,29,790,-761
111000126,9,388,-379
111000127,0,0,0
111000128,0,0,0
111000129,0,0,0
111000130,28,85,-57
111000131,29,66,-37
111000132,0,0,0
111000133,4,19,-15
111000134,2,25,-23
111000135,3,52,-49
111000136,13,35,-22
111000138,0,0,0
111000140,0,3,-3
111000141,23,129,-106
111000142,4,67,-63
111000143,2,48,-46
111000144,1,68,-67
111000145,0,0,0
111000146,0,0,0
111000147,0,0,0
111000148,1,36,-35
111000149,7,14,-7
111000150,0,0,0
111000151,4,12,-8
111000153,102,114,-12
111000154,15,60,-45
111000155,5,82,-77
111000156,0,0,0
111000157,0,0,0
111000158,0,0,0
111000159,0,0,0
111000160,0,0,0
111000161,0,0,0
111000162,8,39,-31
111000163,77,241,-164
111000164,262,727,-465
111000165,328,168,160
111000166,207,66,141
111000167,50,148,-98
111000168,29,65,-36
111000169,11,57,-46
111000170,43,64,-21
111000171,57,140,-83
111000172,8,134,-126
111000173,12,361,-349
111000174,0,173,-173
111000175,1,50,-49
111000176,6,40,-34
111000177,16,87,-71
111000178,73,120,-47
111000179,4,60,-56
111000180,38,83,-45
111000181,62,43,19
111000182,14,30,-16
111000183,12,29,-17
111000184,17,31,-14
111000185,46,168,-122
111000186,20,110,-90
111000187,4,117,-113
111000188,12,166,-154
111000189,422,158,264
111000190,47,175,-128
111000191,31,163,-132
111000192,25,278,-253
111000193,135,205,-70
111000194,2,129,-127
111000195,5,137,-132
111000196,4,93,-89
111000197,0,0,0
111000198,0,0,0
111000199,0,0,0
111000200,0,0,0
111000201,0,0,0
111000202,0,0,0
111000203,0,0,0
111000204,0,0,0
111000213,0,24,-24
111000214,87,277,-190
111000215,102,404,-302
111000217,95,201,-106
111000218,107,219,-112
111000219,88,145,-57
111000220,24,222,-198
111000221,4,0,4
111000224,46,108,-62
111000225,21,35,-14
111000226,0,0,0
111000227,0,0,0
111000228,16,61,-45
111000229,9,91,-82
111000230,2,2,0
111000231,0,17,-17
111000232,60,359,-299
111000233,85,363,-278
111000234,6,117,-111
111000239,63,85,-22
111000240,0,0,0
111000241,6,217,-211
111000242,0,0,0
111000243,21,524,-503
111000244,0,0,0
111000245,0,6,-6
111000246,0,17,-17
111000247,34,597,-563
111000248,8,16,-8
111000249,129,374,-245
111000250,5,28,-23
111000251,3,32,-29
111000253,0,0,0
111000255,0,0,0
111000257,0,0,0
111000260,20,495,-475
111000261,30,1,29
111000271,2,93,-91
111000273,1256,169,1087
111000274,223,356,-133
111000275,0,0,0
111000276,36,628,-592
111000277,26,127,-101
111000278,49,33,16
111000291,26,178,-152
111000298,20,15,5
111000299,1,0,1
111000300,2,109,-107
111000302,8,6,2
111000303,7,42,-35
111000312,9,12,-3
111000315,7,247,-240
111000320,50,100,-50
111000321,10,11,-1
111000322,14,84,-70
111000323,2,2,0
111000324,0,0,0
111000325,3,23,-20
111000326,8,75,-67
111000327,45,60,-15
111000328,22,67,-45
111000329,3,27,-24
111000330,0,0,0
111000331,0,0,0
111000332,48,223,-175
111000334,80,657,-577
111000335,57,59,-2
111000337,61,272,-211
111000338,2,45,-43
111000339,31,287,-256
111000340,13,281,-268
111000341,82,52,30
111000342,11,95,-84
111000344,119,128,-9
111000345,3,1,2
111000346,3,29,-26
111000347,11,2,9
111000350,2,0,2
111000351,16,43,-27
111000352,3,1,2
111000353,8,49,-41
111000354,5,1,4
111000355,17,118,-101
111000358,9,648,-639
111000360,2,350,-348
111000361,4,131,-127
111000546,62,341,-279
111000547,3,109,-106
111000548,20,116,-96
111000549,8,60,-52
111000550,15,141,-126
111000551,84,19,65
111000552,6,0,6
111000907,1,23,-22
111000908,0,0,0
111000916,109,123,-14
111000917,9,141,-132
111000918,8,399,-391
111000920,0,0,0
111000921,1,223,-222
111000922,48,228,-180
111000924,5,422,-417
111000925,167,456,-289
111000926,375,1492,-1117
111000927,1134,987,147
111000928,3609,1654,1955
111000929,98,189,-91
111000930,241,1178,-937
111000931,193,430,-237
111000932,1526,1162,364
111000933,342,193,149
111000934,919,1328,-409
111000935,57,152,-95
111000936,171,907,-736
111000937,134,81,53
111000938,423,1267,-844
111000939,0,0,0
111000940,35,85,-50
111000941,3,111,-108
111000943,10,71,-61
111000944,8,100,-92
111000945,5,1173,-1168
111001109,1,1,0
111001110,48,414,-366
111001111,0,1,-1
111001112,12,0,12
111001113,3,84,-81
111001114,0,0,0
111001115,13,130,-117
111001116,558,71,487
111001117,426,344,82
111001120,13,99,-86
111001121,14,93,-79
111001122,17,225,-208
111001123,0,0,0
111001124,4,57,-53
111001125,0,1,-1
111900001,0,18,-18
111900002,0,40,-40
111900003,0,26,-26
111900004,4,5,-1
111900006,0,0,0
111900007,0,0,0
111900008,0,0,0
111900009,0,3,-3
111900010,39,66,-27
111900012,23,10,13
111900013,0,7,-7
111900014,709,66,643
111900015,0,17,-17
111900016,0,24,-24
111900017,0,49,-49
111900018,0,0,0
111900019,0,3,-3
111900020,1,2,-1
111900021,1,13,-12
111900022,1,10,-9
111900023,24,5,19
111900024,0,29,-29
111900025,0,6,-6
111900026,0,6,-6
111900027,0,17,-17
111900028,0,125,-125
111900029,0,1,-1
111900030,0,0,0
111900031,0,74,-74
111900032,0,97,-97
111900033,0,2,-2
111900034,0,0,0
111900035,1,28,-27
111900036,0,96,-96
111900038,0,0,0
111900039,3,94,-91
111900040,0,127,-127
111900042,5,6,-1
111900043,1,79,-78
111900044,0,0,0
111900046,11,21,-10
111900048,0,187,-187
111900049,4,63,-59
111900050,0,0,0
111900051,0,61,-61
111900052,68,93,-25
111900053,0,0,0
111900054,0,0,0
111900055,5,150,-145
111900056,0,0,0
111900057,0,1,-1
111900058,3,209,-206
111900059,0,0,0
111900060,10,0,10
111900061,1,62,-61
111900062,0,0,0
111900063,5,22,-17
111900064,20,60,-40
111900065,0,0,0
111900066,0,0,0
111900067,0,47,-47
111900068,0,0,0
111900069,0,0,0
111900070,0,0,0
111900071,0,31,-31
111900072,0,0,0
111900073,4,0,4
111900074,0,6,-6
111900075,0,0,0
111900076,1,1,0
111900077,0,0,0
111900078,3,1,2
111900079,0,0,0
111900080,0,0,0
111900082,2,2,0
111900083,0,0,0
111900084,0,0,0
111900085,0,0,0
111900086,0,0,0
111900087,0,0,0
111900088,1,0,1
111900089,0,0,0
111900090,0,0,0
111900091,1,0,1
111900092,0,0,0
111900093,2,0,2
111900094,0,6,-6
111900095,0,0,0
111900096,0,0,0
111900097,0,0,0
111900098,0,0,0
111900099,0,0,0
111900100,0,0,0
111900101,0,0,0
111900102,1,110,-109
111900103,0,0,0
111900104,0,0,0
111900105,0,0,0
111900106,80,1,79
111900110,264,14,250
111900111,0,11,-11
111900112,2,0,2
111900113,1,0,1
111900118,0,0,0
111900119,0,0,0
111900122,0,0,0
111900123,0,0,0
111900124,0,4,-4
111900125,0,0,0
111900126,0,0,0
111900127,0,0,0
111900128,0,0,0
111900129,0,0,0
111900130,0,0,0
111900131,0,0,0
111900132,0,0,0
111900133,0,0,0
111900134,4,45,-41
111900135,0,0,0
111900136,0,0,0
111900137,6,3,3
111900138,2,9,-7
111900139,5,47,-42
111900140,0,0,0
111900141,0,0,0
111900142,0,0,0
111900143,0,50,-50
111900144,0,20,-20
111900145,1,84,-83
111900146,1,25,-24
111900147,12,49,-37
111900148,1,64,-63
111900149,0,27,-27
111900150,0,7,-7
111900151,0,0,0
111900152,2,0,2
111900153,1,0,1
111900154,0,1,-1
111900155,0,0,0
111900156,0,0,0
111900157,0,0,0
111900158,0,0,0
111900159,0,0,0
111900160,0,0,0
111900161,0,0,0
111900162,0,0,0
111900163,0,0,0
111900164,0,0,0
111901113,0,17,-17
111901114,0,0,0
111901115,0,0,0
111901116,0,0,0
111901117,0,0,0
111901118,0,0,0
111901119,0,0,0
111901121,7,21,-14
111901122,0,86,-86
111901123,0,64,-64
111901124,0,0,0
111901125,0,0,0
111901127,0,0,0
111901128,0,0,0
111901129,0,0,0
111901130,0,0,0
111901131,0,28,-28
111901132,0,0,0
111901133,0,0,0
111901134,0,0,0
111901135,0,0,0
111901136,0,0,0
111901137,0,0,0
111901138,0,0,0
111901139,0,0,0
111901140,0,0,0
111901141,0,0,0
111901142,0,0,0
111901143,0,0,0
111901144,0,0,0
111901145,0,0,0
111901146,3,1,2
112000001,223,210,13
112000002,298,916,-618
112000003,143,229,-86
112000004,151,751,-600
112000005,299,295,4
112000006,362,812,-450
112000007,136,194,-58
112000008,273,457,-184
112000009,872,1230,-358
112000010,213,296,-83
112000011,420,1046,-626
112000012,518,451,67
112000013,2957,1424,1533
112000014,166,128,38
112000015,520,771,-251
112000016,152,175,-23
112000017,286,645,-359
112000024,656,268,388
112000026,1405,2186,-781
112000027,8,5,3
112000028,490,983,-493
112000029,31,26,5
112000030,75,57,18
112000031,470,305,165
112000032,621,33,588
112000033,731,90,641
112000034,115,11,104
112000035,23,88,-65
112000036,105,80,25
112000037,63,270,-207
112000038,57,102,-45
112000039,0,0,0
112000040,12,54,-42
112000041,25,53,-28
112000042,155,84,71
112000050,0,0,0
112000051,25,37,-12
112000054,598,439,159
112000057,176,101,75
112000058,81,105,-24
112000059,0,0,0
112000061,2016,546,1470
112000062,1471,64,1407
112000063,132,50,82
112000064,2311,2141,170
112000065,809,981,-172
112000066,0,0,0
112000067,170,254,-84
112000068,0,0,0
112000069,129,1818,-1689
112000070,44,16,28
112000071,114,1681,-1567
112000072,50,43,7
112000073,170,500,-330
112000074,3,116,-113
112000075,8,68,-60
112000076,329,471,-142
112000077,37,268,-231
112000078,88,192,-104
112000079,131,501,-370
112000080,22,265,-243
112000081,491,583,-92
112000082,31,34,-3
112000083,116,504,-388
112000084,48,21,27
112000085,124,431,-307
112000086,35,57,-22
112000087,16,252,-236
112000088,7,25,-18
112000089,24,184,-160
112000090,4,17,-13
112000091,129,627,-498
112000092,75,93,-18
112000093,352,636,-284
112000094,19,71,-52
112000095,97,358,-261
112000096,10,101,-91
112000097,4,16,-12
112000098,166,673,-507
112000099,10,10,0
112000100,27,23,4
112000101,85,466,-381
112000102,18,13,5
112000103,75,662,-587
112000105,94,865,-771
112000106,18,10,8
112000107,0,0,0
112000108,13,271,-258
112000109,0,0,0
112000110,53,29,24
112000111,336,2858,-2522
112000112,120,32,88
112000113,383,1273,-890
112000114,36,31,5
112000115,12,105,-93
112000116,5,128,-123
112000117,8,100,-92
112000118,104,355,-251
112000119,85,422,-337
112000120,15,182,-167
112000121,0,0,0
112000122,0,0,0
112000123,0,0,0
112000124,0,0,0
112000125,0,0,0
112000126,0,0,0
112000127,340,101,239
112000128,253,70,183
112000129,1,54,-53
112000130,8,26,-18
112000131,1,94,-93
112000132,8,156,-148
112000133,0,96,-96
112000134,25,161,-136
112000135,37,19,18
112000136,169,438,-269
112000137,36,20,16
112000138,216,485,-269
112000139,0,0,0
112000140,139,367,-228
112000141,0,0,0
112000142,36,357,-321
112000143,0,0,0
112000144,30,691,-661
112000145,0,0,0
112000146,151,1149,-998
112000147,0,0,0
112000148,139,803,-664
112000149,0,0,0
112000150,15,140,-125
112000151,0,0,0
112000152,20,81,-61
112000153,0,10,-10
112000154,12,37,-25
112000155,11,4,7
112000157,71,74,-3
112000158,5,58,-53
112000159,24,103,-79
112000167,7,2,5
112000169,16,25,-9
112000173,6,64,-58
112000175,4,29,-25
112000176,1675,612,1063
112000177,0,13,-13
112000178,1,6,-5
112000179,3,11,-8
112000180,32,84,-52
112000181,198,762,-564
112000182,30,420,-390
112000183,0,0,0
112000184,0,0,0
112000185,25,132,-107
112000187,415,684,-269
112000195,0,0,0
112000196,0,0,0
112000197,0,0,0
112000198,2,2,0
112000199,40,19,21
112000202,0,2,-2
112000216,6,18,-12
112000230,0,0,0
112000231,0,3,-3
112000256,0,0,0
112000313,8,20,-12
112000314,1,0,1
112000337,10,261,-251
112000352,19,17,2
112000392,363,135,228
112000398,66,70,-4
112000399,21,37,-16
112000400,364,1088,-724
112000401,1415,870,545
112000402,119,200,-81
112000403,17,75,-58
112000404,53,63,-10
112000405,73,199,-126
112000406,804,1106,-302
112000407,421,455,-34
112000408,3118,2448,670
112000409,298,1506,-1208
112000410,0,0,0
112000411,379,25,354
112000412,131,51,80
112000413,199,6,193
112000414,9,24,-15
112000415,0,0,0
112000416,160,112,48
112000417,0,0,0
112000421,6,24,-18
112000422,15,44,-29
112000424,262,221,41
112000425,87,498,-411
112000426,8,85,-77
112000427,0,1,-1
112000428,0,25,-25
112000429,387,735,-348
112000430,589,1229,-640
112000431,0,0,0
112000432,141,895,-754
112000433,197,53,144
112000437,4,44,-40
112900001,0,0,0
112900002,1,1,0
112900003,5,53,-48
112900004,0,63,-63
112900005,0,48,-48
112900006,0,127,-127
112900007,0,0,0
112900008,0,0,0
112900009,0,0,0
112900010,1,99,-98
112900011,19,18,1
112900012,0,9,-9
112900013,0,0,0
112900014,0,33,-33
112900015,77,482,-405
112900016,0,40,-40
112900017,0,0,0
112900018,0,61,-61
112900019,4,5,-1
112900020,167,719,-552
112900021,1,92,-91
112900022,0,0,0
112900023,0,43,-43
112900024,2,53,-51
112900025,0,0,0
112900026,1,51,-50
112900027,0,0,0
112900028,3,25,-22
112900029,0,0,0
112900030,30,29,1
112900031,0,0,0
112900032,4,13,-9
112900034,0,0,0
112900035,0,0,0
112900036,4,7,-3
112900037,0,0,0
112900038,0,13,-13
112900039,0,0,0
112900040,1,7,-6
112900041,211,73,138
112900042,2,88,-86
112900043,0,1,-1
112900044,34,47,-13
112900045,0,0,0
112900046,5,3,2
112900047,1,2,-1
112900049,0,15,-15
112900050,35,156,-121
112900051,91,197,-106
112900052,1,195,-194
112900053,15,75,-60
112900054,2,0,2
112900055,1,0,1
112900056,0,0,0
112900057,1,161,-160
112900058,6,1,5
112900059,3,8,-5
112900060,0,38,-38
112900061,0,10,-10
112900062,0,14,-14
112900063,0,0,0
112900064,5,6,-1
112900065,0,0,0
112900066,4,5,-1
112900067,73,9,64
112900068,0,0,0
112900069,175,16,159
112900071,0,0,0
112900072,6,21,-15
112900073,11,1,10
112900074,0,0,0
112900075,0,1,-1
112900076,0,0,0
112900078,0,0,0
112900079,0,0,0
112900080,0,0,0
112900081,0,1,-1
112900082,2,0,2
112900083,0,1,-1
112900084,0,0,0
112900086,0,0,0
112900087,1,0,1
112900088,0,0,0
112900089,14,4,10
112900090,0,0,0
112900091,0,0,0
112900092,0,0,0
112900093,0,0,0
112900095,0,0,0
112900096,7,2,5
112900097,1,52,-51
112900098,0,0,0
112900099,16,0,16
112900100,0,0,0
112900101,0,0,0
112900102,1,0,1
112900103,0,0,0
112900104,0,0,0
112900105,0,0,0
112900106,9,3,6
112900107,0,0,0
112900108,0,0,0
112900109,0,0,0
112900110,0,0,0
112900111,0,0,0
112900112,0,0,0
112900113,0,1,-1
112900114,1,1,0
112900115,15,0,15
112900116,0,3,-3
112900117,2,1,1
112900118,4,4,0
112900119,0,0,0
112900120,135,57,78
112900121,14,16,-2
112900122,0,20,-20
112900123,0,0,0
112900124,0,12,-12
112900125,1,9,-8
112900126,9,28,-19
112900127,0,0,0
112900128,67,263,-196
112900129,0,404,-404
112900130,0,0,0
112900131,11,68,-57
112900132,7,94,-87
112900133,2,203,-201
112900134,2,114,-112
112900135,0,0,0
112900137,0,165,-165
112900138,1,204,-203
112900139,47,387,-340
112900141,19,2,17
112900142,0,0,0
112900143,10,205,-195
112900144,0,40,-40
112900145,11,137,-126
112900146,0,141,-141
112900147,1,867,-866
112900148,0,0,0
112900149,5,45,-40
112900151,0,0,0
112900152,649,104,545
112900153,18,2,16
112900154,0,1,-1
112900155,0,0,0
112900156,4,175,-171
112900157,21,1,20
112900158,0,1,-1
112900159,0,8,-8
112900160,1,22,-21
112900161,0,0,0
112900162,4,1,3
112900163,0,0,0
112900164,0,0,0
112900165,2,3,-1
112900166,0,0,0
112900167,0,0,0
112900168,0,0,0
112900169,0,0,0
112900170,0,0,0
112900172,0,0,0
112900173,12,7,5
112900174,0,0,0
112900175,0,0,0
112900176,0,0,0
112900177,0,0,0
112900178,0,0,0
112900179,5,90,-85
112900180,1,431,-430
112900181,0,0,0
112900182,0,30,-30
112900183,2,2,0
112900184,82,76,6
112900185,0,9,-9
112900186,203,108,95
112900187,0,0,0
112900188,331,64,267
112900189,0,2,-2
112900190,0,5,-5
112900192,28,15,13
112900193,96,26,70
112900194,0,6,-6
112900195,21,2,19
112900196,74,287,-213
112900197,24,181,-157
112900199,0,0,0
112900200,0,0,0
112900201,0,0,0
112900202,1,127,-126
112900203,0,0,0
112900204,28,7,21
112900205,0,4,-4
112900206,0,4,-4
112900207,0,0,0
112900208,0,2,-2
112900209,45,105,-60
112900210,0,2,-2
112900211,1,2,-1
112900212,0,0,0
112900213,1,0,1
112900214,0,0,0
112900215,0,48,-48
112900216,0,4,-4
112900217,0,39,-39
112900218,0,0,0
112900219,0,3,-3
112900220,0,0,0
112900221,0,0,0
112900222,0,0,0
112900223,49,0,49
112900224,2,213,-211
112900225,3,219,-216
112900226,9,1,8
112900227,0,355,-355
112900228,0,1,-1
112900229,0,0,0
112900230,2438,363,2075
112900232,8,12,-4
112900233,3,48,-45
112900234,0,12,-12
112900235,0,0,0
112900236,0,2,-2
112900237,1,48,-47
112900238,0,3,-3
112900239,52,40,12
113000001,1182,1174,8
113000002,440,247,193
113000003,688,388,300
113000004,646,247,399
113000005,227,245,-18
113000006,84,112,-28
113000007,260,350,-90
113000008,204,155,49
113000009,214,306,-92
113000010,191,119,72
113000011,133,686,-553
113000012,242,125,117
113000013,258,149,109
113000014,153,307,-154
113000015,26,32,-6
113000016,83,150,-67
113000017,9,102,-93
113000018,8,9,-1
113000019,7,173,-166
113000020,0,0,0
113000021,80,319,-239
113000022,85,660,-575
113000025,16,68,-52
113000026,13,31,-18
113000027,25,52,-27
113000028,159,124,35
113000029,5,4,1
113000030,436,338,98
113000031,313,118,195
113000032,0,2,-2
113000033,7,6,1
113000034,424,186,238
113000035,4,25,-21
113000036,1,0,1
113000037,32,29,3
113000038,0,0,0
113000039,12,45,-33
113000040,16,12,4
113000042,156,66,90
113000051,127,192,-65
113000052,615,107,508
113000053,30,129,-99
113000054,32,76,-44
113000055,57,127,-70
113000056,73,386,-313
113000058,178,228,-50
113000059,0,0,0
113000060,11,121,-110
113000061,99,89,10
113000062,67,1,66
113000063,0,0,0
113000064,0,0,0
113000065,25,405,-380
113000066,31,29,2
113000067,55,87,-32
113000068,45,758,-713
113000069,60,402,-342
113000070,50,61,-11
113000071,54,266,-212
113000072,52,33,19
113000073,178,500,-322
113000074,83,40,43
113000075,117,56,61
113000076,400,491,-91
113000077,0,0,0
113000078,197,578,-381
113000079,297,195,102
113000080,6,3,3
113000081,0,0,0
113000082,410,230,180
113000083,0,0,0
113000084,346,276,70
113000085,54,65,-11
113000086,157,305,-148
113000087,35,31,4
113000088,712,317,395
113000089,40,66,-26
113000090,2,47,-45
113000091,438,128,310
113000094,31,15,16
113000095,77,546,-469
113000096,77,372,-295
113000097,32,13,19
113000098,0,0,0
113000099,37,25,12
113000100,80,294,-214
113000101,116,160,-44
113000102,7,11,-4
113000103,468,283,185
113000104,2,18,-16
113000105,2,12,-10
113000106,45,240,-195
113000107,56,61,-5
113000108,151,497,-346
113000109,98,219,-121
113000110,0,0,0
113000111,11,56,-45
113000112,1,1,0
113000113,0,0,0
113000114,129,177,-48
113000116,124,18,106
113000117,89,15,74
113000118,0,19,-19
113000119,9,57,-48
113000120,1,7,-6
113000121,37,151,-114
113000124,0,0,0
113000125,0,0,0
113000127,970,135,835
113000128,17,11,6
113000129,741,316,425
113000133,1855,368,1487
113000134,6,163,-157
113000135,50,42,8
113000137,0,0,0
113000139,0,0,0
113000140,187,260,-73
113000141,0,0,0
113000142,215,367,-152
113000143,0,0,0
113000144,129,174,-45
113000145,4,7,-3
113000146,32,43,-11
113000147,42,42,0
113000148,5,11,-6
113000149,5,10,-5
113000150,116,89,27
113000151,76,38,38
113000152,2,23,-21
113000153,362,49,313
113000154,144,212,-68
113000155,86,79,7
113000156,30,76,-46
113000157,59,156,-97
113000158,246,81,165
113000159,311,161,150
113000160,118,312,-194
113000161,9,72,-63
113000162,255,148,107
113000163,0,0,0
113000164,16,63,-47
113000166,0,0,0
113000167,14,163,-149
113000168,24,257,-233
113000169,0,0,0
113000170,0,0,0
113000171,38,98,-60
113000172,0,0,0
113000173,0,0,0
113000174,31,528,-497
113000175,0,0,0
113000176,0,0,0
113000177,23,380,-357
113000178,32,361,-329
113000179,0,0,0
113000180,67,178,-111
113000181,185,403,-218
113000182,64,21,43
113000183,127,267,-140
113000184,10,53,-43
113000189,52,115,-63
113000190,194,48,146
113000192,571,381,190
113000193,551,225,326
113000194,307,340,-33
113000195,137,68,69
113000196,5,22,-17
113000197,105,81,24
113000198,6,75,-69
113000199,29,20,9
113000201,10,46,-36
113000202,755,188,567
113000203,0,0,0
113000204,281,329,-48
113000205,0,11,-11
113000206,1,3,-2
113000207,13,6,7
113000208,1,2,-1
113000209,9,17,-8
113000210,2,0,2
113000211,41,8,33
113000212,47,0,47
113000213,0,9,-9
113000214,16,63,-47
113000234,31,506,-475
113000410,17,11,6
113000411,760,1160,-400
113000412,3338,727,2611
113000413,1562,676,886
113000414,3301,1032,2269
113000415,1194,1281,-87
113000416,4488,1463,3025
113000417,934,1122,-188
113000418,889,988,-99
113000419,529,535,-6
113000420,2081,1075,1006
113000421,740,529,211
113000422,8056,954,7102
113000423,2155,953,1202
113000424,1733,973,760
113000425,7,41,-34
113000428,23,30,-7
113000430,5,15,-10
113000432,35,14,21
113000433,49,335,-286
113000434,14,236,-222
113000435,6,334,-328
113000436,28,440,-412
113000437,0,0,0
113000438,0,0,0
113000439,9,111,-102
113000440,0,0,0
113000441,0,0,0
113000442,24,157,-133
113000443,0,0,0
113000444,10,149,-139
113000445,0,0,0
113000446,2,63,-61
113000448,67,42,25
113000449,0,0,0
113000450,33,23,10
113000451,275,38,237
113000452,0,0,0
113000453,44,95,-51
113000454,0,0,0
113000455,12,58,-46
113000456,263,181,82
113000468,136,14,122
113000469,34,11,23
113000470,0,0,0
113000471,0,0,0
113000472,11,36,-25
113000474,70,180,-110
113000475,260,481,-221
113000476,180,771,-591
113000477,408,888,-480
113000478,850,1272,-422
113000479,1,232,-231
113000480,4,5,-1
113000484,0,0,0
113000485,0,0,0
113000486,0,0,0
113000487,0,0,0
113000488,0,0,0
113000489,0,0,0
113000490,0,0,0
113000491,0,0,0
113000492,0,0,0
113000493,0,0,0
113000495,38,119,-81
113000496,0,0,0
113000497,0,0,0
113000499,0,0,0
113000500,0,2,-2
113900001,0,0,0
113900002,0,0,0
113900003,0,0,0
113900004,0,0,0
113900005,0,0,0
113900006,0,0,0
113900007,0,0,0
113900008,0,0,0
113900009,0,0,0
113900010,0,0,0
113900011,0,0,0
113900012,0,0,0
113900013,0,0,0
113900014,0,0,0
113900015,0,7,-7
113900016,0,0,0
113900017,0,0,0
113900018,30,3,27
113900019,1,1,0
113900020,0,0,0
113900022,0,0,0
113900023,0,0,0
113900024,4,8,-4
113900025,0,0,0
113900026,0,0,0
113900027,0,0,0
113900028,0,0,0
113900029,0,23,-23
113900030,0,0,0
113900031,0,0,0
113900032,0,0,0
113900033,1,6,-5
113900035,0,0,0
113900036,0,0,0
113900037,0,0,0
113900038,3,1,2
113900039,0,0,0
113900040,0,0,0
113900041,0,0,0
113900042,0,1,-1
113900043,7,13,-6
113900044,0,0,0
113900045,0,0,0
113900046,37,98,-61
113900047,0,0,0
113900048,65,11,54
113900049,73,3,70
113900050,31,28,3
113900051,6,52,-46
113900052,0,0,0
113900053,0,0,0
113900054,0,0,0
113900055,5,83,-78
113900056,0,0,0
113900057,2,6,-4
113900058,0,23,-23
113900059,5,31,-26
113900060,0,0,0
113900061,0,0,0
113900062,0,0,0
113900063,0,0,0
113900064,1,17,-16
113900065,0,0,0
113900066,2,44,-42
113900067,0,0,0
113900068,0,0,0
113900069,0,0,0
113900070,4,70,-66
113900071,0,0,0
113900072,0,13,-13
113900073,6,51,-45
113900074,0,0,0
113900075,0,0,0
113900076,0,0,0
113900077,1,55,-54
113900078,0,0,0
113900079,0,3,-3
113900080,0,0,0
113900081,1,22,-21
113900082,1,36,-35
113900083,0,0,0
113900084,0,0,0
113900085,0,111,-111
113900086,0,0,0
113900087,0,0,0
113900088,0,0,0
113900089,0,0,0
113900090,8,0,8
113900091,0,0,0
113900092,1,6,-5
113900093,0,37,-37
113900094,0,0,0
113900095,0,0,0
113900096,0,0,0
113900097,0,12,-12
113900098,0,0,0
113900099,0,0,0
113900100,0,0,0
113900101,0,9,-9
113900102,0,13,-13
113900103,0,0,0
113900104,0,0,0
113900105,0,45,-45
113900106,0,0,0
113900107,0,0,0
113900108,0,23,-23
113900109,1,7,-6
113900110,0,0,0
113900111,0,0,0
113900112,0,8,-8
113900113,16,7,9
113900114,0,0,0
113900115,0,0,0
113900116,0,24,-24
113900117,0,0,0
113900118,0,0,0
113900119,0,0,0
113900120,0,0,0
113900121,0,0,0
113900122,0,0,0
113900123,3,3,0
113900124,0,0,0
113900125,9,10,-1
113900126,2,5,-3
113900127,2,18,-16
113900128,0,0,0
113900129,0,0,0
113900130,0,0,0
113900131,2,4,-2
113900132,0,0,0
113900133,4,6,-2
113900135,34,93,-59
113900136,11,5,6
113900137,3,2,1
113900138,0,0,0
113900139,109,5,104
113900140,0,0,0
113900141,5,42,-37
113900142,3,2,1
113900143,2,2,0
113900144,0,1,-1
113900145,11,11,0
113900146,2,3,-1
113900148,6,6,0
113900149,0,1,-1
113900150,247,105,142
113900151,4,12,-8
113900152,0,2,-2
113900153,91,50,41
113900154,0,0,0
113900155,31,12,19
113900156,20,146,-126
113900157,0,5,-5
113900158,62,26,36
113900159,0,0,0
113900160,42,153,-111
113900161,2,12,-10
113900162,100,51,49
113900163,20,23,-3
113900164,0,0,0
113900165,107,112,-5
113900166,10,4,6
113900167,0,0,0
113900168,21,21,0
113900169,12,91,-79
113900171,0,0,0
113900172,2,34,-32
113900173,2,79,-77
113900174,17,202,-185
113900175,0,0,0
113900176,53,170,-117
113900177,5,9,-4
113900178,0,0,0
113900179,2,85,-83
113900180,14,17,-3
113900181,8,1,7
113900182,51,218,-167
113900183,4,13,-9
113900184,0,77,-77
113900185,14,5,9
113900186,0,1,-1
113900187,1,7,-6
113900188,0,15,-15
113900189,0,0,0
113900190,52,23,29
113900191,4,24,-20
113900192,0,0,0
113900193,0,55,-55
113900194,151,90,61
113900195,53,83,-30
113900196,1,20,-19
113900197,0,55,-55
113900198,1,16,-15
113900199,15,131,-116
113900200,2,24,-22
113900201,0,48,-48
113900202,0,16,-16
113900203,0,42,-42
113900204,1,86,-85
113900205,2,8,-6
113900206,0,10,-10
113900207,0,13,-13
113900208,0,6,-6
113900209,0,12,-12
113900210,87,31,56
113900211,1,0,1
113900212,0,70,-70
113900214,62,54,8
113900215,0,24,-24
113900216,1,93,-92
113900217,0,0,0
113900218,0,0,0
113900219,9,35,-26
113900220,0,0,0
113900221,0,0,0
113900222,0,9,-9
113900223,2,83,-81
113900224,18,6,12
113900225,0,0,0
113900226,0,1,-1
113900227,1,0,1
113900228,22,10,12
113900229,0,12,-12
113900230,205,44,161
113900231,3,20,-17
113900232,6,11,-5
113900233,2,7,-5
113900234,6,17,-11
113900235,0,0,0
113900236,0,0,0
113900237,0,0,0
113900238,12,4,8
113900239,0,2,-2
113900240,0,2,-2
113900241,19,8,11
113900242,0,16,-16
113900243,10,28,-18
113900244,91,22,69
113900245,199,2,197
113900246,0,0,0
113900247,0,0,0
113900248,330,25,305
113900249,0,0,0
113900250,0,0,0
113900251,4,25,-21
113900252,0,0,0
113900253,0,0,0
113900254,0,0,0
113900255,0,0,0
113900256,0,0,0
113900257,10,116,-106
113900258,2,93,-91
113900259,0,44,-44
113900260,0,2,-2
113900261,0,24,-24
113900262,0,111,-111
113900263,5,58,-53
113900264,1,98,-97
113900265,11,52,-41
113900266,1,77,-76
113900267,4,45,-41
113900268,2,4,-2
113900269,1,32,-31
113900270,11,89,-78
113900271,32,338,-306
113900273,0,0,0
113900274,0,0,0
113900275,0,7,-7
113900276,0,37,-37
113900277,0,0,0
113900278,33,8,25
113900279,6,14,-8
113900280,86,49,37
113900281,8,84,-76
113900282,56,2,54
113900283,0,0,0
113900284,0,4,-4
113900285,0,7,-7
113900286,0,0,0
113900287,2,6,-4
113900288,0,18,-18
113900289,105,0,105
113900290,61,5,56
113900291,10,20,-10
113900292,0,0,0
113900293,1,39,-38
113900294,0,0,0
113900295,12,15,-3
113900296,14,1,13
113900297,0,0,0
113900298,0,395,-395
113900299,0,0,0
113900300,422,4,418
113900301,0,0,0
113900302,1,5,-4
113900303,29,6,23
113900304,1,49,-48
113900305,0,0,0
113900306,0,0,0
113900307,0,0,0
113900308,10,17,-7
113900309,1,144,-143
113900310,0,0,0
113900311,0,0,0
113900312,0,7,-7
113900313,0,0,0
114000001,284,828,-544
114000002,0,0,0
114000003,0,2,-2
114000004,7,53,-46
114000005,0,5,-5
114000006,392,558,-166
114000007,63,452,-389
114000008,190,335,-145
114000009,2,17,-15
114000011,548,863,-315
114000012,223,824,-601
114000013,180,676,-496
114000014,94,205,-111
114000015,68,120,-52
114000016,28,153,-125
114000017,33,26,7
114000018,96,8,88
114000026,116,571,-455
114000027,214,571,-357
114000028,347,523,-176
114000038,0,4,-4
114000039,25,41,-16
114000040,8,29,-21
114000042,36,75,-39
114000043,2,27,-25
114000044,2,23,-21
114000045,3,39,-36
114000046,373,1249,-876
114000047,0,10,-10
114000048,3,16,-13
114000049,60,84,-24
114000050,30,69,-39
114000051,153,175,-22
114000052,128,96,32
114000053,2,13,-11
114000054,2,38,-36
114000055,4,4,0
114000056,188,184,4
114000057,2285,680,1605
114000058,58,32,26
114000059,35,39,-4
114000060,78,295,-217
114000061,171,21,150
114000062,92,46,46
114000063,717,840,-123
114000064,2427,622,1805
114000065,411,781,-370
114000066,34,195,-161
114000067,0,0,0
114000068,33,42,-9
114000069,57,38,19
114000070,72,12,60
114000071,25,63,-38
114000072,12,57,-45
114000073,0,0,0
114000074,6,13,-7
114000075,0,0,0
114000076,0,0,0
114000077,0,0,0
114000078,4,131,-127
114000079,10,13,-3
114000080,1,4,-3
114000081,0,0,0
114000082,15,215,-200
114000083,18,113,-95
114000084,8,3,5
114000085,13,259,-246
114000086,20,237,-217
114000087,3,66,-63
114000088,0,0,0
114000089,169,99,70
114000090,28,17,11
114000091,123,62,61
114000092,107,65,42
114000093,43,131,-88
114000094,40,68,-28
114000095,0,0,0
114000096,9,170,-161
114000097,8,196,-188
114000098,0,0,0
114000099,11,182,-171
114000100,20,113,-93
114000101,38,358,-320
114000102,0,0,0
114000103,3,56,-53
114000104,0,22,-22
114000105,5,20,-15
114000106,112,42,70
114000107,9,21,-12
114000108,932,457,475
114000109,0,0,0
114000110,94,468,-374
114000111,0,0,0
114000112,75,676,-601
114000113,0,0,0
114000114,295,596,-301
114000115,0,0,0
114000116,66,35,31
114000117,65,17,48
114000118,77,16,61
114000119,57,8,49
114000120,191,322,-131
114000121,99,162,-63
114000122,84,111,-27
114000123,6,13,-7
114000124,3,3,0
114000125,215,762,-547
114000126,19,7,12
114000127,5,67,-62
114000128,36,87,-51
114000130,0,0,0
114000131,0,0,0
114000132,171,238,-67
114000133,220,345,-125
114000134,5,45,-40
114000138,4,43,-39
114000139,0,0,0
114000144,0,0,0
114000145,13,63,-50
114000146,1,32,-31
114000147,0,0,0
114000148,80,5,75
114000149,6,16,-10
114000150,242,140,102
114000151,6,7,-1
114000152,6,11,-5
114000153,205,248,-43
114000154,85,123,-38
114000155,69,108,-39
114000156,17,45,-28
114000157,35,139,-104
114000158,506,129,377
114000159,53,53,0
114000160,15,34,-19
114000161,44,18,26
114000162,3,8,-5
114000163,0,21,-21
114000165,0,0,0
114000166,72,9,63
114000167,844,390,454
114000168,150,325,-175
114000169,220,81,139
114000170,68,85,-17
114000171,86,62,24
114000174,54,165,-111
114000176,119,181,-62
114000177,535,298,237
114000178,0,0,0
114000179,22,1,21
114000180,116,221,-105
114000181,193,351,-158
114000182,1257,892,365
114000183,417,442,-25
114000184,1903,846,1057
114000185,24,21,3
114000189,0,0,0
114000190,0,0,0
114000191,0,0,0
114000192,141,606,-465
114000193,362,1303,-941
114000194,339,432,-93
114000195,0,0,0
114000196,2,126,-124
114000197,0,19,-19
114000198,289,120,169
114000199,280,165,115
114000200,63,729,-666
114000201,14,347,-333
114000202,186,259,-73
114000203,61,233,-172
114000204,25,122,-97
114000205,12,499,-487
114000206,64,511,-447
114000207,237,977,-740
114000208,62,1219,-1157
114000209,126,1365,-1239
114000210,100,747,-647
114000211,56,179,-123
114000212,114,252,-138
114000213,262,66,196
114000214,2,37,-35
114000215,0,18,-18
114000216,73,1,72
114000217,4,77,-73
114000218,5,52,-47
114000219,61,127,-66
114000220,6,648,-642
114000221,44,28,16
114000222,54,534,-480
114000223,0,0,0
114000224,39,277,-238
114000225,35,256,-221
114000226,6,142,-136
114000227,69,108,-39
114000228,38,177,-139
114000229,92,325,-233
114000230,65,194,-129
114000231,117,426,-309
114000232,14,25,-11
114000233,39,12,27
114000234,57,163,-106
114000235,179,507,-328
114000236,0,493,-493
114000237,30,380,-350
114000238,0,4,-4
114000239,6,549,-543
114000240,169,305,-136
114000241,65,460,-395
114000242,281,384,-103
114000243,147,109,38
114000244,0,0,0
114000245,59,462,-403
114000246,73,34,39
114000247,33,104,-71
114000248,93,95,-2
114000249,48,83,-35
114000250,73,192,-119
114000251,15,131,-116
114000252,17,33,-16
114000253,0,0,0
114000254,2,15,-13
114000255,103,41,62
114000256,25,27,-2
114000257,130,1016,-886
114000258,25,140,-115
114000259,12,135,-123
114000260,0,68,-68
114000261,22,3,19
114000262,10,66,-56
114000263,0,0,0
114000264,23,77,-54
114000265,0,11,-11
114000267,2,533,-531
114000268,0,845,-845
114000270,0,0,0
114000271,56,26,30
114000283,42,119,-77
114000285,26,146,-120
114000288,11,214,-203
114000289,74,14,60
114000293,13,139,-126
114000294,5,24,-19
114000395,46,2,44
114000396,0,0,0
114000402,9,34,-25
114000403,11,37,-26
114000405,9,266,-257
114000423,6,269,-263
114000424,23,93,-70
114000425,27,275,-248
114000426,0,0,0
114000427,16,55,-39
114000428,0,0,0
114000429,2,69,-67
114000432,0,0,0
114000434,10,38,-28
114000435,0,57,-57
114900001,0,0,0
114900002,0,0,0
114900003,0,0,0
114900004,0,0,0
114900005,0,0,0
114900006,0,0,0
114900007,0,0,0
114900008,0,0,0
114900010,12,0,12
114900011,0,0,0
114900013,0,0,0
114900015,0,0,0
114900018,0,0,0
114900020,0,0,0
114900022,0,43,-43
114900024,0,0,0
114900025,0,0,0
114900026,0,0,0
114900027,0,0,0
114900029,0,0,0
114900030,0,0,0
114900031,0,0,0
114900032,0,0,0
114900033,0,0,0
114900034,0,34,-34
114900035,1,9,-8
114900036,18,166,-148
114900037,4,16,-12
114900038,8,170,-162
114900039,31,125,-94
114900040,1,5,-4
114900041,19,139,-120
114900042,27,163,-136
114900043,45,7,38
114900044,0,0,0
114900046,0,16,-16
114900047,3,82,-79
114900048,0,20,-20
114900049,1,40,-39
114900050,1,76,-75
114900051,2,82,-80
114900052,3,17,-14
114900053,9,16,-7
114900054,0,19,-19
114900057,0,0,0
114900058,0,38,-38
114900059,0,0,0
114900060,84,22,62
114900061,4,34,-30
114900062,4,9,-5
114900063,3,23,-20
114900064,21,109,-88
114900065,6,108,-102
114900067,0,47,-47
114900068,14,24,-10
114900069,12,10,2
114900070,0,0,0
114900072,0,52,-52
114900073,0,54,-54
114900074,0,0,0
114900075,0,0,0
114900076,1,69,-68
114900080,0,0,0
114900082,2,91,-89
114900083,1,48,-47
114900090,0,0,0
114900091,2,1,1
114900095,54,10,44
114900096,12,41,-29
114900097,0,0,0
114900098,0,0,0
114900099,0,0,0
115000001,3010,3149,-139
115000002,405,223,182
115000003,943,2044,-1101
115000004,260,334,-74
115000005,487,1598,-1111
115000006,81,153,-72
115000007,2,2,0
115000008,39,68,-29
115000009,13,15,-2
115000010,0,0,0
115000013,27,70,-43
115000015,41,114,-73
115000016,114,54,60
115000019,3,46,-43
115000020,0,0,0
115000021,107,153,-46
115000022,221,132,89
115000023,31,55,-24
115000024,374,139,235
115000025,34,53,-19
115000026,60,130,-70
115000027,30,41,-11
115000028,19,240,-221
115000029,16,34,-18
115000030,51,366,-315
115000031,139,70,69
115000032,1,121,-120
115000033,0,0,0
115000034,8,343,-335
115000035,0,0,0
115000036,2,140,-138
115000037,0,0,0
115000038,0,0,0
115000039,208,251,-43
115000040,1020,435,585
115000041,98,268,-170
115000042,41,120,-79
115000043,234,778,-544
115000044,1350,1892,-542
115000045,371,1134,-763
115000046,62,413,-351
115000047,174,294,-120
115000048,365,1647,-1282
115000049,484,1190,-706
115000050,370,215,155
115000051,639,191,448
115000052,1606,752,854
115000053,209,194,15
115000054,185,354,-169
115000055,19,212,-193
115000056,1,16,-15
115000057,24,139,-115
115000058,2,53,-51
115000059,0,74,-74
115000061,0,0,0
115000062,5,100,-95
115000063,20,156,-136
115000064,0,0,0
115000065,7,72,-65
115000067,0,0,0
115000069,2,66,-64
115000070,8,110,-102
115000071,0,0,0
115000072,19,13,6
115000073,162,6,156
115000075,1,7,-6
115000076,594,714,-120
115000077,129,918,-789
115000078,65,483,-418
115000079,87,584,-497
115000080,152,825,-673
115000081,35,151,-116
115000082,337,636,-299
115000083,293,955,-662
115000084,0,0,0
115000085,69,370,-301
115000086,0,0,0
115000087,124,407,-283
115000088,0,0,0
115000089,622,549,73
115000090,26,9,17
115000091,40,345,-305
115000092,17,99,-82
115000093,0,0,0
115000094,1702,783,919
115000095,1112,1231,-119
115000096,37,544,-507
115000097,31,268,-237
115000098,50,374,-324
115000099,69,778,-709
115000100,26,50,-24
115000101,106,799,-693
115000102,33,26,7
115000103,109,360,-251
115000105,0,0,0
115000106,17,20,-3
115000107,49,292,-243
115000108,1223,1364,-141
115000109,253,138,115
115000110,404,160,244
115000111,136,362,-226
115000112,80,110,-30
115000113,128,211,-83
115000114,318,274,44
115000116,550,222,328
115000117,224,245,-21
115000118,156,317,-161
115000119,209,269,-60
115000120,109,208,-99
115000121,548,178,370
115000122,848,235,613
115000123,451,233,218
115000124,124,106,18
115000125,65,134,-69
115000126,28,126,-98
115000127,34,45,-11
115000128,175,142,33
115000129,23,36,-13
115000130,21,275,-254
115000131,11,43,-32
115000132,9,128,-119
115000133,8,75,-67
115000134,10,70,-60
115000135,11,75,-64
115000136,0,0,0
115000137,19,94,-75
115000138,0,0,0
115000139,33,138,-105
115000140,0,0,0
115000141,18,153,-135
115000142,12,113,-101
115000143,0,0,0
115000144,9,10,-1
115000145,14,198,-184
115000146,0,0,0
115000147,14,167,-153
115000148,79,333,-254
115000149,32,30,2
115000150,147,288,-141
115000151,38,45,-7
115000152,106,498,-392
115000153,36,36,0
115000154,23,41,-18
115000155,76,337,-261
115000156,38,34,4
115000157,151,211,-60
115000158,23,38,-15
115000159,32,32,0
115000160,141,46,95
115000161,34,109,-75
115000162,0,0,0
115000163,231,255,-24
115000164,196,182,14
115000165,0,0,0
115000167,0,0,0
115000168,0,0,0
115000169,156,255,-99
115000170,34,87,-53
115000171,0,0,0
115000172,259,133,126
115000173,0,0,0
115000174,0,0,0
115000175,11,50,-39
115000176,0,0,0
115000177,3,13,-10
115000178,3,75,-72
115000179,0,0,0
115000180,21,201,-180
115000181,0,0,0
115000182,0,0,0
115000183,20,321,-301
115000186,34,41,-7
115000187,13,220,-207
115000188,97,62,35
115000189,56,171,-115
115000190,71,75,-4
115000191,44,100,-56
115000194,42,49,-7
115000195,0,0,0
115000196,0,0,0
115000197,4,90,-86
115000198,0,0,0
115000199,5,83,-78
115000200,0,0,0
115000201,25,166,-141
115000206,0,0,0
115000207,7,197,-190
115000208,141,295,-154
115000209,56,28,28
115000210,2,7,-5
115000211,87,80,7
115000212,238,119,119
115000224,0,0,0
115000225,0,0,0
115000229,0,0,0
115000230,0,0,0
115000231,44,926,-882
115000232,27,79,-52
115000233,11,173,-162
115000234,0,0,0
115000241,0,0,0
115000242,0,0,0
115000243,0,0,0
115000244,0,0,0
115000246,0,0,0
115000247,0,0,0
115000248,0,0,0
115000249,0,0,0
115000250,5,3,2
115000251,0,0,0
115000252,0,0,0
115000253,0,0,0
115000258,0,0,0
115000259,0,0,0
115000261,0,0,0
115000262,0,0,0
115000263,0,0,0
115000264,0,0,0
115000267,0,0,0
115000268,1,6,-5
115000269,0,0,0
115000270,0,0,0
115000272,0,0,0
115000273,0,0,0
115000280,0,0,0
115000281,105,26,79
115000282,142,28,114
115000284,118,63,55
115000296,0,0,0
115000297,0,0,0
115000298,22,17,5
115000300,3,77,-74
115000302,0,0,0
115000303,0,0,0
115000304,0,0,0
115000305,15,339,-324
115000306,12,182,-170
115000307,7,87,-80
115000308,10,1,9
115000309,0,0,0
115000310,101,385,-284
115000311,0,0,0
115000313,61,174,-113
115000314,0,0,0
115000315,316,144,172
115000316,0,0,0
115000317,11,268,-257
115000318,72,35,37
115000319,5,137,-132
115000320,10,55,-45
115000321,65,2,63
115000322,6,140,-134
115000449,0,0,0
115000557,0,8,-8
115000558,0,0,0
115000587,30,29,1
115000588,1063,2145,-1082
115000589,772,475,297
115000590,144,736,-592
115000591,45,91,-46
115000592,139,819,-680
115000593,143,64,79
115000594,300,739,-439
115000609,0,0,0
115000617,336,81,255
115000624,0,7,-7
115000633,30,696,-666
115000634,720,203,517
115000635,18,9,9
115000638,0,0,0
115000641,0,0,0
115000642,25,29,-4
115000643,9,145,-136
115000644,12,131,-119
115000646,158,212,-54
115000647,16,144,-128
115000648,58,569,-511
115000893,446,125,321
115000894,24,658,-634
115000895,59,614,-555
115000896,116,12,104
115000897,68,5,63
115000898,97,18,79
115000899,248,150,98
115000900,18,43,-25
115000901,26,17,9
115000912,20,6,14
115000913,0,3,-3
115000915,0,0,0
115000916,0,0,0
115000917,0,0,0
115000918,0,0,0
115000919,0,0,0
115000920,1,6,-5
115000921,132,8,124
115000922,63,48,15
115000923,137,400,-263
115000925,8,18,-10
115000927,0,0,0
115000933,42,21,21
115000934,0,0,0
115000935,0,0,0
115000936,0,0,0
115000937,221,22,199
115000938,31,14,17
115000939,19,26,-7
115900001,0,0,0
115900002,0,0,0
115900003,0,0,0
115900004,0,0,0
115900005,0,0,0
115900006,0,0,0
115900008,0,0,0
115900009,0,0,0
115900010,0,0,0
115900011,9,17,-8
115900012,0,0,0
115900013,0,0,0
115900014,5,16,-11
115900015,0,0,0
115900016,0,0,0
115900017,0,0,0
115900018,24,3,21
115900019,0,0,0
115900020,0,0,0
115900021,124,3,121
115900022,0,0,0
115900023,0,0,0
115900025,0,0,0
115900026,0,0,0
115900027,0,10,-10
115900028,23,0,23
115900029,0,62,-62
115900030,0,0,0
115900031,0,0,0
115900032,0,0,0
115900033,0,1,-1
115900034,2,42,-40
115900035,0,0,0
115900036,1,1,0
115900037,4,47,-43
115900038,0,0,0
115900039,0,0,0
115900041,3,2,1
115900042,0,0,0
115900043,0,0,0
115900044,0,0,0
115900046,5,14,-9
115900047,0,0,0
115900049,0,7,-7
115900051,0,9,-9
115900052,0,29,-29
115900053,1,6,-5
115900054,0,24,-24
115900055,1,7,-6
115900056,0,5,-5
115900057,0,0,0
115900058,8,6,2
115900060,0,0,0
115900061,0,0,0
115900062,3,69,-66
115900063,7,2,5
115900064,0,0,0
115900065,0,0,0
115900066,10,14,-4
115900067,2,156,-154
115900068,384,2,382
115900069,0,0,0
115900070,0,0,0
115900071,0,12,-12
115900072,13,12,1
115900073,0,0,0
115900074,0,84,-84
115900075,0,33,-33
115900076,0,0,0
115900077,0,55,-55
115900078,2,10,-8
115900079,0,0,0
115900080,0,0,0
115900081,0,22,-22
115900082,9,12,-3
115900084,0,0,0
115900085,0,1,-1
115900086,116,23,93
115900088,0,0,0
115900089,1,80,-79
115900090,0,0,0
115900091,0,1,-1
115900092,0,18,-18
115900093,0,10,-10
115900094,0,54,-54
115900096,1,8,-7
115900097,0,51,-51
115900098,2,25,-23
115900099,0,0,0
115900100,0,60,-60
115900101,2,25,-23
115900102,0,0,0
115900103,5,13,-8
115900104,0,0,0
115900105,0,0,0
115900106,0,0,0
115900107,0,0,0
115900108,0,0,0
115900109,3,48,-45
115900110,0,0,0
115900111,0,33,-33
115900112,2,89,-87
115900113,0,0,0
115900114,0,43,-43
115900115,0,8,-8
115900116,4,108,-104
115900117,0,0,0
115900118,0,84,-84
115900119,0,4,-4
115900120,1,28,-27
115900121,14,46,-32
115900124,6,47,-41
115900125,26,1,25
115900126,39,2,37
115900127,41,6,35
115900128,0,1,-1
115900129,41,3,38
115900130,0,0,0
115900131,11,0,11
115900132,6,1,5
115900134,8,0,8
115900135,0,0,0
115900137,0,0,0
115900139,4,1,3
115900140,0,0,0
115900141,1,0,1
115900142,1,0,1
115900143,3,14,-11
115900144,1,16,-15
115900146,0,0,0
115900147,0,0,0
115900148,0,0,0
115900149,0,2,-2
115900150,0,0,0
115900151,0,16,-16
115900152,4,85,-81
115900153,4,40,-36
115900154,65,57,8
115900155,0,0,0
115900156,93,131,-38
115900157,1,66,-65
115900158,0,0,0
115900159,6,46,-40
115900160,0,0,0
115900161,1,27,-26
115900163,7,17,-10
115900164,0,0,0
115900165,0,1,-1
115900166,0,0,0
115900168,0,4,-4
115900171,5,62,-57
115900172,10,32,-22
115900173,0,0,0
115900174,30,39,-9
115900175,6,7,-1
115900178,1,128,-127
115900179,0,0,0
115900180,0,0,0
115900181,0,26,-26
115900182,2,18,-16
115900183,4,0,4
115900184,0,0,0
115900187,0,1,-1
115900189,0,17,-17
115900190,0,57,-57
115900191,3,53,-50
115900192,0,4,-4
115900193,5,11,-6
115900194,30,4,26
115900195,49,37,12
115900198,1,5,-4
115900199,21,35,-14
115900200,35,81,-46
115900201,8,26,-18
115900202,0,0,0
115900203,0,0,0
115900204,0,0,0
115900205,2,1,1
115900206,0,11,-11
115900207,0,0,0
115900208,0,0,0
115900209,0,17,-17
115900210,0,17,-17
115900211,0,23,-23
115900212,1,3,-2
115900213,0,0,0
115900214,2,43,-41
115900215,0,0,0
115900216,1,29,-28
115900217,0,29,-29
115900218,0,14,-14
115900219,0,0,0
115900220,0,0,0
115900221,0,0,0
115900222,0,0,0
115900223,0,0,0
115900224,0,0,0
115900225,0,0,0
115900226,0,0,0
115900227,0,0,0
115900228,0,0,0
115900229,0,0,0
115900230,0,0,0
115900231,0,0,0
115900232,0,0,0
115900233,0,0,0
115900234,0,0,0
115900235,0,1,-1
115900236,0,1,-1
115900237,0,15,-15
115900238,0,10,-10
115900239,0,10,-10
115900240,1,24,-23
115900241,0,0,0
115900242,1,0,1
115900243,1,0,1
115900244,0,0,0
115900245,0,0,0
115900246,0,0,0
115900247,0,0,0
115900248,0,0,0
115900249,0,0,0
115900250,0,0,0
115900251,0,0,0
115900252,0,0,0
115900253,0,0,0
115900254,0,0,0
115900255,0,0,0
115900256,0,0,0
115900257,0,0,0
115900258,0,0,0
115900259,0,0,0
115900260,0,0,0
115900261,0,0,0
115900262,0,0,0
115900263,0,0,0
115900264,0,0,0
115900265,0,0,0
115900266,0,0,0
115900267,0,0,0
115900268,0,0,0
115900269,3,18,-15
115900270,0,0,0
115900271,0,0,0
115900272,0,0,0
115900273,0,0,0
115900274,0,5,-5
115900275,0,7,-7
115900276,0,16,-16
115900277,0,36,-36
115900278,0,8,-8
115900279,2,14,-12
115900280,0,11,-11
115900281,0,5,-5
115900282,0,0,0
115900283,0,0,0
115900284,0,0,0
116000001,8795,1258,7537
116000002,972,351,621
116000003,591,757,-166
116000004,607,155,452
116000005,434,941,-507
116000006,308,190,118
116000007,1002,1436,-434
116000008,659,466,193
116000009,345,760,-415
116000010,204,73,131
116000011,101,213,-112
116000012,114,107,7
116000013,7609,1256,6353
116000014,1020,163,857
116000015,109,318,-209
116000016,501,90,411
116000017,9,111,-102
116000018,59,22,37
116000019,53,68,-15
116000020,26,73,-47
116000021,30,86,-56
116000022,10,47,-37
116000023,30,59,-29
116000024,61,141,-80
116000025,28,53,-25
116000026,144,573,-429
116000027,36,146,-110
116000028,0,0,0
116000029,324,122,202
116000030,0,0,0
116000031,82,70,12
116000032,21,102,-81
116000033,5,137,-132
116000034,21,196,-175
116000035,44,273,-229
116000036,90,52,38
116000037,0,0,0
116000038,0,0,0
116000039,107,63,44
116000040,0,0,0
116000041,15,124,-109
116000042,0,0,0
116000043,20,177,-157
116000044,0,0,0
116000045,0,0,0
116000046,324,387,-63
116000047,337,538,-201
116000048,84,155,-71
116000049,30,154,-124
116000050,232,410,-178
116000051,84,164,-80
116000052,412,770,-358
116000053,0,0,0
116000054,115,603,-488
116000055,87,311,-224
116000056,0,0,0
116000057,1163,488,675
116000058,724,279,445
116000059,281,116,165
116000060,743,134,609
116000061,140,76,64
116000062,66,77,-11
116000063,65,125,-60
116000066,0,0,0
116000067,101,195,-94
116000068,0,0,0
116000069,124,156,-32
116000078,0,0,0
116000080,257,396,-139
116000082,2,63,-61
116000083,126,68,58
116000084,99,469,-370
116000085,228,91,137
116000086,96,237,-141
116000087,165,90,75
116000088,163,316,-153
116000089,4,7,-3
116000090,0,0,0
116000091,12,1,11
116000093,99,47,52
116000094,19,284,-265
116000095,36,73,-37
116000096,40,300,-260
116000097,53,163,-110
116000098,9,430,-421
116000099,1230,53,1177
116000100,3,1,2
116000101,18,66,-48
116000102,21,220,-199
116000103,6,25,-19
116000104,6,275,-269
116000105,15,53,-38
116000106,24,248,-224
116000107,38,145,-107
116000108,0,37,-37
116000111,0,0,0
116000113,0,0,0
116000114,6,18,-12
116000115,0,0,0
116000116,8,47,-39
116000117,20,34,-14
116000118,133,620,-487
116000119,4,41,-37
116000120,418,1513,-1095
116000121,0,0,0
116000122,330,1385,-1055
116000123,0,0,0
116000124,64,679,-615
116000125,13,13,0
116000126,57,772,-715
116000127,236,703,-467
116000128,20,21,-1
116000129,7,13,-6
116000130,3,3,0
116000133,167,277,-110
116000134,119,1066,-947
116000135,153,178,-25
116000136,118,890,-772
116000137,28,85,-57
116000138,314,64,250
116000139,147,601,-454
116000140,34,106,-72
116000141,43,155,-112
116000142,874,1194,-320
116000143,462,126,336
116000144,261,1160,-899
116000145,267,192,75
116000146,24,65,-41
116000147,37,20,17
116000148,15,66,-51
116000149,3,80,-77
116000151,98,371,-273
116000153,0,0,0
116000155,0,0,0
116000156,56,328,-272
116000157,0,0,0
116000158,29,197,-168
116000159,0,0,0
116000160,1,42,-41
116000161,4,29,-25
116000162,107,1,106
116000163,3,2,1
116000164,2,3,-1
116000177,1,27,-26
116000194,1,229,-228
116000195,95,107,-12
116000196,0,0,0
116000197,0,1,-1
116000198,109,122,-13
116000200,0,0,0
116000201,70,149,-79
116000202,0,4,-4
116000203,0,11,-11
116000204,3,6,-3
116000205,0,30,-30
116000206,0,27,-27
116000207,0,11,-11
116000233,4,56,-52
116000287,13,210,-197
116000288,0,0,0
116000292,1,22,-21
116000296,0,0,0
116000297,0,0,0
116000304,0,0,0
116000305,0,0,0
116000346,14,30,-16
116000352,0,23,-23
116000354,1,10,-9
116000357,0,7,-7
116000358,0,0,0
116000361,0,0,0
116000372,1910,561,1349
116000381,0,0,0
116000388,0,18,-18
116000389,23,30,-7
116000445,21,418,-397
116000446,0,0,0
116000447,0,195,-195
116000448,0,0,0
116000563,0,0,0
116000565,64,48,16
116000568,1,9,-8
116000579,0,29,-29
116000584,1,3,-2
116000585,0,3,-3
116000586,60,11,49
116000587,0,89,-89
116000589,1,19,-18
116000590,0,0,0
116000591,0,0,0
116000592,0,0,0
116000593,0,0,0
116000594,19,145,-126
116000595,10,41,-31
116000596,1,4,-3
116000597,0,0,0
116000598,1,29,-28
116000602,0,22,-22
116000605,1,13,-12
116000606,0,0,0
116000607,0,3,-3
116000609,1,85,-84
116000611,3,223,-220
116000612,116,258,-142
116000613,0,0,0
116000614,107,397,-290
116000615,1,103,-102
116000616,2,43,-41
116000617,2,46,-44
116000618,1,58,-57
116000619,5,4,1
116000620,0,0,0
116000621,0,0,0
116000622,0,0,0
116000624,0,5,-5
116000627,0,2,-2
116000628,1,6,-5
116000629,1,2,-1
116000630,0,0,0
116000631,0,0,0
116000632,0,3,-3
116000633,0,0,0
116000634,0,0,0
116000635,174,120,54
116000636,248,185,63
116000637,2,0,2
116000638,0,0,0
116900001,0,0,0
116900002,0,0,0
116900003,0,0,0
116900004,0,0,0
116900005,2,5,-3
116900006,0,0,0
116900007,0,0,0
116900008,0,159,-159
116900009,0,0,0
116900010,0,201,-201
116900011,0,1,-1
116900012,0,0,0
116900013,0,59,-59
116900014,0,0,0
116900015,0,0,0
116900016,0,0,0
116900017,0,83,-83
116900018,0,0,0
116900019,0,51,-51
116900020,30,11,19
116900023,0,0,0
116900024,0,0,0
116900025,0,112,-112
116900026,2,64,-62
116900027,0,0,0
116900028,1,14,-13
116900029,0,0,0
116900031,0,0,0
116900032,0,40,-40
116900033,0,0,0
116900034,1,8,-7
116900035,6,16,-10
116900036,0,16,-16
116900038,0,0,0
116900041,0,0,0
116900042,105,18,87
116900043,2,3,-1
116900047,0,0,0
116900049,2,20,-18
116900050,1,16,-15
116900051,0,0,0
116900052,0,0,0
116900055,0,0,0
116900057,4,39,-35
116900058,1,25,-24
116900059,0,0,0
116900060,5,48,-43
116900062,0,0,0
116900064,2,156,-154
116900065,0,5,-5
116900067,0,0,0
116900068,6,71,-65
116900070,0,0,0
116900072,2,61,-59
116900073,0,10,-10
116900074,0,0,0
116900076,0,0,0
116900077,0,16,-16
116900078,13,14,-1
116900079,0,14,-14
116900080,0,0,0
116900081,2,51,-49
116900082,8,110,-102
116900083,0,0,0
116900084,1,0,1
116900085,0,10,-10
116900086,0,28,-28
116900088,0,0,0
116900090,0,0,0
116900091,0,22,-22
116900092,0,42,-42
116900093,4,0,4
116900094,299,23,276
116900095,0,51,-51
116900096,2,4,-2
116900097,1,1,0
116900098,79,6,73
116900099,16,17,-1
116900100,0,0,0
116900101,25,53,-28
116900103,0,0,0
116900104,2,8,-6
116900105,0,0,0
116900106,0,42,-42
116900107,9,3,6
116900110,0,0,0
116900111,0,12,-12
116900112,0,2,-2
116900113,6,0,6
116900116,0,0,0
116900117,0,16,-16
116900118,2,211,-209
116900120,0,0,0
116900121,0,0,0
116900122,6,190,-184
116900123,3,193,-190
116900124,2,32,-30
116900125,1,17,-16
116900126,13,73,-60
116900128,0,9,-9
116900129,0,62,-62
116900130,183,208,-25
116900131,5,41,-36
116900132,1,13,-12
116900133,4,25,-21
116900134,7,37,-30
116900136,0,21,-21
116900137,4,12,-8
116900138,4,24,-20
116900139,6,48,-42
116900140,12,14,-2
116900141,6,20,-14
116900142,0,5,-5
116900143,3,45,-42
116900144,1,0,1
116900145,1,20,-19
116900147,9,19,-10
116900148,0,0,0
116900149,0,0,0
116900150,0,0,0
116900151,0,0,0
116900153,0,0,0
116900154,1,3,-2
116900155,0,7,-7
116900157,0,0,0
116900158,0,4,-4
116900159,0,54,-54
116900160,0,0,0
116900161,942,163,779
116900162,0,0,0
116900163,0,0,0
116900164,0,6,-6
116900165,0,0,0
116900166,0,0,0
116900167,0,0,0
116900168,0,18,-18
116900169,0,0,0
116900170,0,0,0
116900171,0,0,0
116900172,0,0,0
116900173,0,7,-7
116900174,0,0,0
116900175,0,0,0
116900178,0,0,0
116900179,0,0,0
116900180,2,0,2
116900182,0,0,0
116900183,0,0,0
116900185,0,0,0
116900186,0,0,0
116900187,0,0,0
116900188,3,1,2
116900189,0,0,0
116900191,0,0,0
116900192,0,0,0
116900194,0,0,0
116900195,0,0,0
116900196,0,0,0
116900197,0,0,0
116900198,20,6,14
116900200,0,0,0
116900201,0,0,0
116900202,0,0,0
116900203,0,0,0
116900204,0,3,-3
116900206,0,0,0
116900207,3,0,3
116900208,0,0,0
116900209,0,0,0
116900210,0,9,-9
116900211,0,0,0
116900212,0,0,0
116900213,0,0,0
116900214,4,26,-22
116900215,0,0,0
116900216,1,4,-3
116900218,0,53,-53
116900219,69,55,14
116900220,0,0,0
116900221,4,29,-25
116900222,0,0,0
116900223,0,0,0
116900226,1,6,-5
116900227,1,6,-5
116900228,4,33,-29
116900230,0,17,-17
116900231,1,32,-31
116900232,0,19,-19
116900233,0,0,0
116900234,0,0,0
116900235,9,128,-119
116900238,16,15,1
116900239,0,18,-18
116900240,215,41,174
116900241,0,0,0
116900242,24,12,12
116900243,0,0,0
116900245,0,0,0
116900246,1,0,1
116900247,0,0,0
116900248,3,0,3
116900249,0,0,0
116900250,0,17,-17
116900251,0,0,0
116900252,0,1,-1
116900253,0,0,0
116900254,0,0,0
116900255,2,0,2
116900256,9,3,6
116900257,2,100,-98
116900258,0,78,-78
116900259,0,0,0
116900260,0,27,-27
116900261,0,0,0
116900262,0,44,-44
116900263,0,0,0
116900264,0,0,0
116900265,0,0,0
116900266,0,9,-9
116900267,0,0,0
116900268,0,0,0
116900269,0,13,-13
116900271,0,0,0
116900272,29,60,-31
116900273,18,3,15
116900274,0,0,0
116900275,0,0,0
116900276,0,0,0
116900277,0,0,0
116900278,0,0,0
116900279,0,3,-3
116900280,0,2,-2
116900281,113,19,94
116900282,0,10,-10
116900283,1,10,-9
116900284,1,12,-11
116900285,0,0,0
116900286,0,0,0
116900287,0,0,0
116900288,0,0,0
116900289,0,0,0
116900290,0,0,0
116900291,0,0,0
116900292,0,0,0
116900293,0,0,0
116900294,0,9,-9
116900295,0,0,0
116900296,0,0,0
116900297,0,0,0
116900298,0,0,0
116900299,0,0,0
116900300,0,0,0
116900301,0,0,0
116900302,1,15,-14
116900303,0,6,-6
116900304,0,49,-49
116900305,0,0,0
116900306,0,0,0
117000001,128,153,-25
117000002,435,1407,-972
117000003,377,107,270
117000004,1140,1671,-531
117000005,75,51,24
117000006,177,1603,-1426
117000007,131,18,113
117000008,317,1477,-1160
117000009,3,3,0
117000010,686,1508,-822
117000011,0,2,-2
117000012,214,921,-707
117000013,0,0,0
117000014,143,981,-838
117000015,0,0,0
117000016,17,18,-1
117000017,21,19,2
117000018,5,104,-99
117000019,0,0,0
117000020,98,322,-224
117000021,550,67,483
117000022,17,11,6
117000023,43,68,-25
117000024,52,93,-41
117000025,167,207,-40
117000026,60,15,45
117000027,434,638,-204
117000028,0,0,0
117000030,18,61,-43
117000031,0,0,0
117000032,315,286,29
117000033,155,203,-48
117000034,31,38,-7
117000035,0,0,0
117000036,38,60,-22
117000037,0,0,0
117000038,7,87,-80
117000039,9,16,-7
117000040,16,396,-380
117000041,0,0,0
117000044,3,307,-304
117000045,0,0,0
117000046,65,304,-239
117000047,0,0,0
117000048,462,283,179
117000049,15,41,-26
117000050,9,772,-763
117000051,78,26,52
117000052,0,37,-37
117000053,7,17,-10
117000054,35,0,35
117000055,7,1221,-1214
117000056,28,1,27
117000057,93,492,-399
117000060,35,226,-191
117000061,3,17,-14
117000062,20,68,-48
117000063,0,0,0
117000064,88,254,-166
117000066,193,121,72
117000067,3,55,-52
117000074,0,0,0
117000076,0,0,0
117000077,22,22,0
117000078,10,127,-117
117000079,8,16,-8
117000080,0,179,-179
117000081,7,4,3
117000082,3,31,-28
117000083,0,0,0
117000084,0,0,0
117000085,13,133,-120
117000086,21,126,-105
117000087,29,204,-175
117000088,0,0,0
117000089,30,10,20
117000090,54,688,-634
117000091,16,6,10
117000092,69,803,-734
117000093,6,8,-2
117000094,137,1033,-896
117000095,16,18,-2
117000096,180,1416,-1236
117000097,25,43,-18
117000098,499,1974,-1475
117000099,26,17,9
117000100,1,19,-18
117000101,20,222,-202
117000102,0,0,0
117000103,381,733,-352
117000104,0,0,0
117000105,135,829,-694
117000106,0,0,0
117000107,143,984,-841
117000108,0,0,0
117000109,623,1225,-602
117000110,0,0,0
117000111,373,428,-55
117000112,128,212,-84
117000113,9,64,-55
117000114,0,0,0
117000115,8,25,-17
117000116,0,15,-15
117000117,58,12,46
117000118,3,21,-18
117000119,0,2,-2
117000120,0,1,-1
117000121,0,10,-10
117000122,0,0,0
117000123,0,0,0
117000124,0,0,0
117000125,1,7,-6
117000126,0,0,0
117000127,1,10,-9
117000128,8,20,-12
117000129,0,0,0
117000130,0,1,-1
117000131,0,55,-55
117000132,61,76,-15
117000133,0,73,-73
117000134,0,41,-41
117000135,0,22,-22
117000136,0,17,-17
117000137,0,0,0
117000138,2,225,-223
117000140,108,660,-552
117000141,0,0,0
117000181,72,41,31
117000182,0,0,0
117000195,6,192,-186
117000196,0,0,0
117000225,0,0,0
117000226,0,6,-6
117000276,0,0,0
117000277,0,87,-87
117000310,457,777,-320
117000315,0,0,0
117000320,0,0,0
117000906,0,0,0
117000907,2,142,-140
117000908,1,1,0
117000909,6,2,4
117000910,51,53,-2
117000911,10,38,-28
117000915,1,131,-130
117000916,0,0,0
117000917,0,0,0
117000918,0,0,0
117000919,0,18,-18
117000920,4,853,-849
117000921,0,354,-354
117000922,0,0,0
117000924,25,41,-16
117000926,248,23,225
117000927,10,44,-34
117000928,0,123,-123
117000929,5,60,-55
117000930,6,4,2
117000931,29,8,21
117900002,19,67,-48
117900003,32,11,21
117900005,0,0,0
117900006,0,13,-13
117900007,0,34,-34
117900008,0,6,-6
117900010,1,30,-29
117900011,1,0,1
117900012,3,31,-28
117900013,0,33,-33
117900014,3,33,-30
117900015,3,33,-30
117900016,85,26,59
117900017,3,41,-38
117900018,10,2,8
117900019,0,55,-55
117900020,2,5,-3
117900021,1,15,-14
117900022,0,1,-1
117900023,20,1,19
117900024,4,20,-16
117900025,3,0,3
117900026,4,34,-30
117900028,0,0,0
117900029,0,89,-89
117900030,4,6,-2
117900031,0,0,0
117900032,8,16,-8
117900033,2,73,-71
117900034,0,0,0
117900035,5,1,4
117900036,4,68,-64
117900037,0,0,0
117900038,0,60,-60
117900039,0,18,-18
117900040,14,60,-46
117900041,0,20,-20
117900042,13,7,6
117900043,2,18,-16
117900044,0,29,-29
117900045,0,0,0
117900048,18,48,-30
117900049,1,66,-65
117900050,0,0,0
117900051,0,0,0
117900052,0,0,0
117900053,40,105,-65
117900054,0,0,0
117900055,0,0,0
117900056,0,0,0
117900057,22,158,-136
117900058,0,0,0
117900059,0,0,0
117900060,20,583,-563
117900061,0,0,0
117900063,2,15,-13
117900065,80,117,-37
117900066,0,0,0
117900067,3,36,-33
117900069,5,68,-63
117900070,0,0,0
117900071,0,0,0
117900073,4,28,-24
117900074,0,0,0
117900075,0,0,0
117900076,0,24,-24
117900077,0,0,0
117900078,11,28,-17
117900080,0,0,0
117900081,38,18,20
117900082,14,11,3
117900083,1,88,-87
117900086,0,0,0
117900087,0,0,0
117900088,144,76,68
117900089,40,11,29
117900090,0,125,-125
117900091,14,10,4
117900092,0,0,0
117900093,0,0,0
117900094,0,0,0
117900095,4,80,-76
117900096,0,0,0
117900097,0,0,0
117900098,0,0,0
117900099,1,60,-59
117900100,0,0,0
117900101,28,31,-3
117900102,0,0,0
117900103,0,0,0
117900104,0,25,-25
117900105,2,23,-21
117900106,0,0,0
117900107,0,0,0
117900109,8,41,-33
117900110,0,0,0
117900111,0,0,0
117900112,0,0,0
117900113,0,5,-5
117900114,0,0,0
117900115,6,1,5
117900116,12,37,-25
117900117,24,63,-39
117900118,0,0,0
117900119,0,65,-65
117900120,1,12,-11
117900121,0,3,-3
117900122,15,28,-13
117900123,35,76,-41
117900124,13,33,-20
117900125,216,83,133
117900126,12,42,-30
117900127,7,75,-68
117900128,0,94,-94
117900129,0,0,0
117900130,0,24,-24
117900131,0,10,-10
117900132,0,22,-22
117900133,0,33,-33
117900134,2,28,-26
117900135,0,52,-52
117900136,0,2,-2
117900137,1,63,-62
117900138,0,11,-11
117900139,0,6,-6
117900140,4,1,3
117900141,9,25,-16
117900142,0,0,0
117900144,0,0,0
117900145,0,1,-1
117900146,0,0,0
117900147,0,0,0
117900148,80,96,-16
117900149,2,9,-7
117900150,2,19,-17
117900151,0,32,-32
117900152,1,9,-8
117900153,0,13,-13
117900154,9,38,-29
117900156,32,58,-26
117900157,3,19,-16
117900158,0,0,0
117900160,32,20,12
117900161,239,188,51
117900162,0,36,-36
117900163,0,0,0
117900165,0,0,0
117900166,0,11,-11
117900168,1,19,-18
117900169,0,20,-20
117900170,0,8,-8
117900171,4,0,4
117900172,0,3,-3
117900173,28,5,23
117900174,0,7,-7
117900175,0,0,0
117900176,0,1,-1
117900177,0,0,0
117900178,0,0,0
117900180,0,0,0
117900181,0,0,0
117900182,0,0,0
117900183,0,0,0
117900184,0,0,0
117900185,0,0,0
117900186,0,0,0
117900187,0,0,0
117900188,0,0,0
117900189,0,0,0
117900190,0,0,0
117900191,0,0,0
117900192,1,1,0
117900193,0,8,-8
117900194,0,0,0
117900195,0,0,0
117900196,0,0,0
117900207,0,0,0
117900208,0,0,0
117900209,0,2,-2
117900210,0,0,0
117900211,0,0,0
117900212,5,17,-12
117900213,0,0,0
117900214,0,1,-1
117900215,0,0,0
117900216,0,0,0
117900217,0,9,-9
117900218,0,0,0
117900219,0,17,-17
117900220,0,0,0
117900222,16,28,-12
117900223,1,9,-8
118000001,86,101,-15
118000002,258,417,-159
118000003,121,208,-87
118000004,391,271,120
118000005,930,651,279
118000006,2049,1060,989
118000007,671,413,258
118000008,515,424,91
118000009,367,575,-208
118000010,400,697,-297
118000011,89,584,-495
118000012,95,549,-454
118000013,669,558,111
118000014,171,669,-498
118000016,38,81,-43
118000017,0,0,0
118000018,38,108,-70
118000019,934,242,692
118000020,393,305,88
118000021,252,437,-185
118000022,199,35,164
118000023,93,165,-72
118000024,134,170,-36
118000027,3659,496,3163
118000029,134,37,97
118000032,66,64,2
118000033,193,164,29
118000034,1076,383,693
118000035,85,437,-352
118000036,54,252,-198
118000037,136,286,-150
118000038,0,0,0
118000039,24,10,14
118000040,57,450,-393
118000041,259,382,-123
118000045,5,1,4
118000046,92,27,65
118000047,113,42,71
118000048,230,136,94
118000051,28,24,4
118000052,15,18,-3
118000053,14,14,0
118000054,102,47,55
118000055,83,48,35
118000056,1,3,-2
118000057,3,5,-2
118000058,57,24,33
118000059,41,40,1
118000060,7,48,-41
118000061,10,44,-34
118000062,16,5,11
118000063,8,24,-16
118000064,25,46,-21
118000065,264,50,214
118000066,34,34,0
118000067,186,162,24
118000068,122,223,-101
118000069,226,110,116
118000070,853,68,785
118000071,416,294,122
118000072,168,150,18
118000073,133,15,118
118000074,5,22,-17
118000075,52,42,10
118000076,195,212,-17
118000077,404,243,161
118000078,121,110,11
118000079,48,130,-82
118000080,296,253,43
118000081,78,85,-7
118000082,11,13,-2
118000083,55,31,24
118000084,325,127,198
118000086,18,46,-28
118000087,2343,492,1851
118000088,98,160,-62
118000089,803,1106,-303
118000090,1578,452,1126
118000091,1095,672,423
118000092,176,24,152
118000093,6,32,-26
118000096,0,19,-19
118000097,32,28,4
118000098,5,4,1
118000099,36,140,-104
118000101,98,111,-13
118000102,32,155,-123
118000107,790,81,709
118000108,2,26,-24
118000110,0,5,-5
118000111,4,300,-296
118000112,0,0,0
118000113,3,534,-531
118000114,0,0,0
118000115,0,0,0
118000116,0,0,0
118000117,214,219,-5
118000118,17,33,-16
118000119,20,52,-32
118000120,408,557,-149
118000121,0,64,-64
118000122,84,17,67
118000123,0,63,-63
118000125,276,333,-57
118000126,7,37,-30
118000127,28,27,1
118000128,152,380,-228
118000129,73,67,6
118000130,860,1329,-469
118000131,97,462,-365
118000132,57,50,7
118000133,22,62,-40
118000135,0,0,0
118000136,9,66,-57
118000137,75,26,49
118000138,3,50,-47
118000139,14,29,-15
118000140,630,425,205
118000141,140,152,-12
118000142,211,551,-340
118000143,29,65,-36
118000144,49,45,4
118000145,329,697,-368
118000146,170,352,-182
118000147,191,520,-329
118000148,32,302,-270
118000149,50,160,-110
118000150,5,1,4
118000151,3,15,-12
118000153,9,64,-55
118000154,17,115,-98
118000155,44,85,-41
118000156,427,399,28
118000157,8,14,-6
118000158,7,71,-64
118000159,0,0,0
118000160,0,0,0
118000161,51,222,-171
118000162,12,53,-41
118000163,24,44,-20
118000164,141,79,62
118000168,12,13,-1
118000169,286,689,-403
118000170,424,676,-252
118000171,0,0,0
118000172,0,0,0
118000173,79,176,-97
118000175,21,29,-8
118000176,20,19,1
118000177,5,13,-8
118000178,2,2,0
118000179,0,0,0
118000180,0,0,0
118000181,261,220,41
118000182,64,86,-22
118000183,48,87,-39
118000184,0,0,0
118000185,561,168,393
118000186,255,226,29
118000187,103,209,-106
118000188,10,53,-43
118000189,13,172,-159
118000190,1,0,1
118000191,1,5,-4
118000192,8,29,-21
118000193,4,41,-37
118000194,384,45,339
118000195,4,3,1
118000196,0,0,0
118000197,30,15,15
118000198,7,4,3
118000199,65,76,-11
118000200,0,0,0
118000201,28,9,19
118000202,0,0,0
118000203,67,21,46
118000204,86,55,31
118000205,38,22,16
118000206,4,0,4
118000207,0,5,-5
118000208,72,87,-15
118000209,171,454,-283
118000210,0,0,0
118000211,0,0,0
118000213,6,9,-3
118000214,175,39,136
118000215,55,165,-110
118000216,0,0,0
118000217,1,10,-9
118000218,0,4,-4
118000219,2,12,-10
118000220,0,0,0
118000221,2,36,-34
118000222,78,5,73
118000223,0,0,0
118000224,3,4,-1
118000225,0,290,-290
118000226,0,0,0
118000227,99,26,73
118000228,121,32,89
118000229,0,0,0
118000230,1,23,-22
118000231,2,26,-24
118000232,63,190,-127
118000233,26,30,-4
118000234,5,19,-14
118000236,14,69,-55
118000237,0,0,0
118000238,6,70,-64
118000239,0,8,-8
118000240,84,13,71
118000241,1,22,-21
118000242,10,143,-133
118000243,2,17,-15
118000244,2,23,-21
118000246,0,4,-4
118000255,0,25,-25
118000256,0,12,-12
118000259,0,9,-9
118000260,0,0,0
118000261,0,11,-11
118000263,2,29,-27
118000266,9,51,-42
118000267,0,54,-54
118000268,0,1,-1
118000270,0,0,0
118000271,9,21,-12
118000272,0,0,0
118000273,6,18,-12
118000274,18,94,-76
118000276,3,22,-19
118000295,0,8,-8
118000298,23,180,-157
118000299,36,85,-49
118000301,0,17,-17
118000302,0,5,-5
118000311,15,29,-14
118000312,2,39,-37
118000313,2,25,-23
118000314,1,13,-12
118000315,2,17,-15
118000316,6,68,-62
118000325,0,13,-13
118000326,0,0,0
118000331,0,6,-6
118000332,0,7,-7
118000333,1,7,-6
118000335,0,0,0
118000336,0,122,-122
118000407,0,0,0
118000457,4,10,-6
118000465,787,345,442
118000480,1,12,-11
118000489,0,0,0
118000490,11,152,-141
118000492,4,28,-24
118000510,7,8,-1
118000514,11,144,-133
118000515,4,25,-21
118000517,103,59,44
118000524,819,185,634
118000525,235,340,-105
118000530,0,0,0
118000531,0,0,0
118000532,53,118,-65
118000533,92,134,-42
118000534,55,145,-90
118000535,0,13,-13
118000536,45,39,6
118000537,6,22,-16
118000538,1,49,-48
118000539,0,0,0
118000540,17,104,-87
118000541,8,79,-71
118000542,0,0,0
118000543,0,0,0
118000546,10,27,-17
118000553,0,0,0
118000560,537,73,464
118000562,0,0,0
118000563,180,69,111
118000576,3,36,-33
118000577,20,7,13
118000578,16,13,3
118000579,81,165,-84
118000583,0,0,0
118000595,0,0,0
118000596,0,10,-10
118000597,6,9,-3
118000598,0,0,0
118000599,0,0,0
118000600,1,32,-31
118000601,0,0,0
118000602,0,6,-6
118000603,0,45,-45
118900001,0,0,0
118900002,0,25,-25
118900003,0,0,0
118900004,0,0,0
118900005,0,0,0
118900006,0,0,0
118900007,0,0,0
118900008,0,0,0
118900009,0,0,0
118900010,0,0,0
118900011,3,1,2
118900012,4,4,0
118900013,0,0,0
118900015,2,1,1
118900016,2,0,2
118900017,0,0,0
118900018,0,0,0
118900019,9,1,8
118900020,0,0,0
118900021,0,0,0
118900022,4,9,-5
118900023,0,0,0
118900024,0,0,0
118900025,0,0,0
118900026,1,6,-5
118900027,0,0,0
118900028,0,0,0
118900029,0,0,0
118900030,0,0,0
118900031,15,6,9
118900032,0,0,0
118900033,0,0,0
118900034,0,0,0
118900035,10,28,-18
118900036,19,66,-47
118900037,0,0,0
118900038,3,53,-50
118900039,0,0,0
118900040,5,7,-2
118900041,0,0,0
118900042,0,25,-25
118900045,5,23,-18
118900046,46,2,44
118900047,70,15,55
118900048,0,0,0
118900049,0,0,0
118900050,2,35,-33
118900051,0,0,0
118900052,0,0,0
118900053,0,0,0
118900054,2,8,-6
118900055,3,34,-31
118900056,0,0,0
118900057,0,29,-29
118900058,0,0,0
118900059,0,0,0
118900060,0,12,-12
118900062,0,0,0
118900064,0,0,0
118900065,0,0,0
118900066,0,0,0
118900067,28,2,26
118900068,0,0,0
118900069,6,42,-36
118900071,0,0,0
118900072,0,0,0
118900073,3,12,-9
118900074,0,0,0
118900075,0,0,0
118900076,0,0,0
118900077,1,7,-6
118900078,0,1,-1
118900079,0,0,0
118900080,0,0,0
118900081,0,0,0
118900082,1,11,-10
118900083,0,3,-3
118900084,0,0,0
118900085,14,65,-51
118900086,0,0,0
118900087,0,9,-9
118900088,0,6,-6
118900089,0,0,0
118900090,13,36,-23
118900091,0,0,0
118900092,3,27,-24
118900093,0,0,0
118900096,0,0,0
118900097,5,88,-83
118900099,3,32,-29
118900100,0,0,0
118900101,3,84,-81
118900102,0,19,-19
118900103,2,13,-11
118900104,1,30,-29
118900105,43,16,27
118900107,11,1,10
118900108,0,7,-7
118900110,0,1,-1
118900111,0,0,0
118900112,0,0,0
118900113,0,0,0
118900114,0,0,0
118900115,0,0,0
118900116,15,49,-34
118900117,1,37,-36
118900118,5,94,-89
118900119,5,51,-46
118900120,3,54,-51
118900121,0,0,0
118900122,0,26,-26
118900123,17,62,-45
118900124,0,0,0
118900126,0,54,-54
118900129,1,22,-21
118900130,0,0,0
118900131,4,82,-78
118900132,2,20,-18
118900133,0,0,0
118900135,2,27,-25
118900136,23,152,-129
118900137,0,0,0
118900139,0,0,0
118900140,18,168,-150
118900141,0,0,0
118900144,8,186,-178
118900145,0,0,0
118900146,15,125,-110
118900147,0,0,0
118900148,0,0,0
118900150,1,0,1
118900152,16,111,-95
118900157,0,0,0
118900158,0,0,0
118900159,0,0,0
118900161,0,0,0
118900163,0,0,0
118900164,0,0,0
118900165,2,41,-39
118900166,8,1,7
118900167,0,21,-21
118900168,0,8,-8
118900169,3,46,-43
118900170,0,15,-15
118900171,0,9,-9
118900174,5,17,-12
118900175,1,34,-33
118900176,0,17,-17
118900177,1,8,-7
118900178,6,7,-1
118900179,0,4,-4
118900181,5,10,-5
118900182,0,3,-3
118900183,0,7,-7
118900184,1,1,0
118900185,0,18,-18
118900186,13,35,-22
118900187,0,0,0
118900188,0,0,0
118900189,1,24,-23
118900190,0,0,0
118900191,0,0,0
118900192,0,0,0
118900193,0,0,0
118900195,0,0,0
118900196,7,39,-32
118900197,0,0,0
118900198,2,2,0
118900199,0,5,-5
118900200,0,1,-1
118900201,1,0,1
118900202,3,9,-6
118900203,0,16,-16
118900204,0,15,-15
118900205,0,5,-5
118900206,1,8,-7
119000001,80,100,-20
119000002,162,357,-195
119000003,101,410,-309
119000004,118,265,-147
119000005,160,214,-54
119000006,109,201,-92
119000007,157,288,-131
119000008,272,976,-704
119000009,574,596,-22
119000010,2650,1574,1076
119000011,1306,385,921
119000012,1542,1012,530
119000013,616,404,212
119000014,379,964,-585
119000019,12,49,-37
119000020,128,204,-76
119000021,242,254,-12
119000022,97,155,-58
119000023,0,0,0
119000024,320,435,-115
119000025,2799,290,2509
119000026,0,0,0
119000027,58,96,-38
119000028,197,305,-108
119000029,0,0,0
119000030,85,238,-153
119000031,120,186,-66
119000032,197,271,-74
119000033,562,421,141
119000034,181,282,-101
119000035,3,159,-156
119000036,117,271,-154
119000037,88,607,-519
119000038,36,255,-219
119000039,25,90,-65
119000040,397,60,337
119000041,529,146,383
119000048,1377,658,719
119000049,139,720,-581
119000050,78,95,-17
119000051,118,78,40
119000052,107,121,-14
119000053,142,82,60
119000054,125,803,-678
119000055,318,474,-156
119000056,207,345,-138
119000057,80,543,-463
119000058,105,447,-342
119000059,27,25,2
119000060,107,218,-111
119000061,25,14,11
119000062,172,365,-193
119000063,57,57,0
119000064,33,90,-57
119000065,39,221,-182
119000066,215,202,13
119000067,72,141,-69
119000068,152,285,-133
119000069,43,162,-119
119000070,222,277,-55
119000071,0,0,0
119000072,810,403,407
119000073,709,694,15
119000074,70,488,-418
119000075,121,1072,-951
119000076,0,0,0
119000077,0,0,0
119000078,2,0,2
119000079,0,0,0
119000080,0,1,-1
119000081,0,0,0
119000082,0,1,-1
119000083,0,0,0
119000084,0,0,0
119000085,0,0,0
119000086,0,1,-1
119000087,40,42,-2
119000088,0,1,-1
119000089,0,0,0
119000090,0,0,0
119000091,1,6,-5
119000092,0,0,0
119000093,605,544,61
119000094,429,823,-394
119000095,97,478,-381
119000097,746,286,460
119000098,155,265,-110
119000099,280,480,-200
119000100,397,434,-37
119000101,806,926,-120
119000102,15,33,-18
119000103,66,8,58
119000104,724,869,-145
119000105,0,0,0
119000106,28,774,-746
119000107,0,0,0
119000108,68,734,-666
119000109,0,0,0
119000110,67,165,-98
119000111,0,9,-9
119000112,41,24,17
119000113,362,21,341
119000114,0,14,-14
119000115,43,19,24
119000116,0,0,0
119000117,11,15,-4
119000118,0,2,-2
119000123,65,17,48
119000124,0,0,0
119000125,0,0,0
119000126,0,0,0
119000127,88,423,-335
119000128,42,5,37
119000131,96,562,-466
119000132,3,7,-4
119000133,0,0,0
119000134,0,0,0
119000135,0,0,0
119000136,10,68,-58
119000137,0,0,0
119000138,15,91,-76
119000139,0,0,0
119000140,4,44,-40
119000284,553,1207,-654
119000285,988,1063,-75
119000286,1400,1160,240
119000287,201,654,-453
119000288,253,510,-257
119000289,275,982,-707
119000290,2,22,-20
119000291,11,132,-121
119000293,35,81,-46
119000294,0,0,0
119000295,626,100,526
119000296,0,0,0
119000299,0,0,0
119000302,942,134,808
119000303,0,0,0
119000314,320,507,-187
119000315,0,1,-1
119000316,3,32,-29
119000317,0,0,0
119900001,5,38,-33
119900002,0,0,0
119900003,1,112,-111
119900004,0,0,0
119900005,0,0,0
119900006,5,22,-17
119900007,0,0,0
119900008,0,0,0
119900009,2,47,-45
119900010,7,150,-143
119900011,0,1,-1
119900012,0,1,-1
119900013,100,100,0
119900014,18,20,-2
119900015,0,0,0
119900016,0,0,0
119900017,0,0,0
119900018,0,0,0
119900019,0,0,0
119900020,0,0,0
119900021,1,2,-1
119900022,0,0,0
119900023,0,0,0
119900025,0,1,-1
119900026,0,0,0
119900027,0,0,0
119900028,0,0,0
119900029,0,0,0
119900030,2,4,-2
119900031,0,0,0
119900033,241,3,238
119900034,0,1,-1
119900037,0,0,0
119900038,0,0,0
119900039,0,0,0
119900040,0,0,0
119900041,0,0,0
119900042,0,0,0
119900043,0,0,0
119900044,0,0,0
119900046,0,0,0
119900047,0,0,0
119900048,0,0,0
119900049,0,0,0
119900050,0,0,0
119900051,0,0,0
119900052,0,0,0
119900053,0,0,0
119900054,0,0,0
119900055,6,27,-21
119900057,0,0,0
119900058,0,0,0
119900059,0,0,0
119900060,0,0,0
119900062,0,0,0
119900063,0,1,-1
119900065,0,0,0
119900066,0,0,0
119900067,0,0,0
119900068,0,0,0
119900069,0,0,0
119900070,1,1,0
119900071,0,0,0
119900073,0,19,-19
119900074,0,0,0
119900075,475,112,363
119900076,0,46,-46
119900077,0,154,-154
119900078,0,0,0
119900079,0,0,0
119900080,0,169,-169
119900081,0,8,-8
119900082,0,9,-9
119900083,0,0,0
119900084,5,6,-1
119900085,15,10,5
119900087,2,6,-4
119900088,11,13,-2
119900089,1,172,-171
119900090,21,9,12
119900091,2,231,-229
119900092,1,135,-134
119900093,27,3,24
119900094,6,63,-57
119900095,0,2,-2
119900096,1,17,-16
119900097,67,26,41
119900098,0,1,-1
119900099,1,20,-19
119900100,535,208,327
119900101,37,159,-122
119900102,1,25,-24
119900103,0,45,-45
119900104,1,56,-55
119900105,66,451,-385
119900106,0,22,-22
119900107,24,195,-171
119900108,364,198,166
119900109,1,12,-11
119900110,15,146,-131
119900111,0,0,0
119900112,137,15,122
119900113,0,0,0
119900114,8,334,-326
119900115,0,0,0
119900116,0,15,-15
119900117,7,167,-160
119900118,0,0,0
119900119,0,12,-12
119900120,57,73,-16
119900121,1,63,-62
119900122,0,0,0
119900123,0,5,-5
119900124,0,68,-68
119900125,0,0,0
119900126,626,16,610
119900127,0,0,0
119900128,3,44,-41
119900129,0,28,-28
119900130,0,0,0
119900131,0,13,-13
119900132,0,0,0
119900133,1,2,-1
119900134,68,3,65
119900135,0,0,0
119900136,0,0,0
119900138,0,0,0
119900139,0,14,-14
119900140,0,0,0
119900141,0,0,0
119900142,0,0,0
119900143,0,0,0
119900144,0,0,0
119900145,5,23,-18
119900146,6,5,1
119900147,0,0,0
119900148,0,0,0
119900149,0,11,-11
119900150,8,11,-3
119900151,61,22,39
119900152,0,0,0
119900153,0,0,0
119900154,0,82,-82
119900155,5,2,3
119900156,0,0,0
119900157,0,0,0
119900158,0,0,0
119900159,2,327,-325
119900160,0,10,-10
119900161,0,0,0
119900162,0,0,0
119900163,2,0,2
119900164,0,0,0
119900165,0,0,0
119900166,0,0,0
119900167,1,1,0
119900168,0,0,0
119900169,9,12,-3
119900170,3,3,0
119900171,24,31,-7
119900172,0,0,0
119900173,2,101,-99
119900174,0,0,0
119900175,0,0,0
119900177,0,40,-40
119900178,0,0,0
119900179,0,0,0
119900180,0,0,0
119900181,0,0,0
119900182,0,60,-60
119900183,1,94,-93
119900184,19,1,18
119900185,0,0,0
119900186,0,0,0
119900187,0,66,-66
119900188,0,24,-24
119900189,3,3,0
119900190,0,0,0
119900191,0,0,0
119900192,1,22,-21
119900193,0,0,0
119900194,0,0,0
119900195,0,17,-17
119900196,0,0,0
119900197,0,0,0
119900198,1,31,-30
119900199,0,0,0
119900200,0,0,0
119900201,17,12,5
119900202,0,0,0
119900203,0,0,0
119900204,0,0,0
119900205,0,0,0
119900206,0,0,0
119900208,0,0,0
119900209,0,18,-18
119900210,0,0,0
119900211,0,0,0
119900212,0,31,-31
119900213,0,5,-5
119900214,0,11,-11
119900215,0,19,-19
119900216,1,10,-9
119900217,2,4,-2
119900218,0,1,-1
119900219,0,0,0
119900220,0,0,0
119900221,0,0,0
119900222,0,0,0
119900223,0,0,0
119900224,0,0,0
119900225,0,0,0
119900226,0,3,-3
119900227,254,31,223
119900228,0,10,-10
119900229,0,0,0
119900230,25,14,11
119900231,0,0,0
119900232,0,0,0
119900233,0,0,0
119900234,0,1,-1
119900235,0,0,0
119900236,0,0,0
119900237,0,0,0
119900238,0,19,-19
119900240,0,19,-19
119900241,1,57,-56
119900242,0,26,-26
119900244,0,0,0
119900245,0,4,-4
119900246,0,0,0
119900247,0,0,0
119900248,0,0,0
119900249,0,0,0
119900253,0,0,0
119900254,0,0,0
119900255,10,161,-151
119900256,0,61,-61
119900257,0,0,0
119900258,0,1,-1
119900259,0,11,-11
119900260,0,0,0
119900261,0,0,0
119900262,0,68,-68
119900263,23,69,-46
119900264,0,0,0
119900265,0,0,0
119900266,0,0,0
119900267,0,18,-18
119900268,0,14,-14
119900269,7,173,-166
119900271,0,0,0
119900272,0,0,0
119900275,0,0,0
119900276,0,0,0
119900277,0,0,0
119900278,16,2,14
119900279,8,0,8
119900280,86,38,48
119900281,0,14,-14
119900282,0,0,0
119900283,0,0,0
119900284,3,124,-121
119900285,1,2,-1
119900286,0,6,-6
119900288,0,11,-11
119900289,0,17,-17
119900290,0,3,-3
119900291,0,1,-1
119900292,1,0,1
119900293,0,0,0
119900294,0,0,0
119900295,0,0,0
119900296,0,0,0
119900299,0,0,0
119900300,0,0,0
119900301,0,0,0
119900302,0,2,-2
119900303,3,15,-12
119900304,0,0,0
119900305,0,0,0
119900306,0,0,0
119900307,0,0,0
119900308,0,2,-2
119900309,0,0,0
119900310,6,26,-20
119900311,0,0,0
119900312,0,0,0
119900313,3,21,-18
119900314,0,0,0
119900315,2,289,-287
119900318,0,0,0
119900319,0,57,-57
119900320,1,136,-135
119900321,0,0,0
119900322,27,8,19
119900323,1,13,-12
119900324,0,11,-11
119900325,0,149,-149
119900326,33,17,16
120000001,1263,411,852
120000002,264,708,-444
120000003,649,509,140
120000004,619,714,-95
120000005,2296,870,1426
120000006,310,439,-129
120000007,819,914,-95
120000008,235,629,-394
120000009,1815,310,1505
120000010,244,1198,-954
120000011,155,884,-729
120000012,504,1452,-948
120000013,310,1078,-768
120000014,59,537,-478
120000015,335,665,-330
120000016,231,58,173
120000017,38,71,-33
120000018,383,318,65
120000019,79,106,-27
120000020,329,274,55
120000021,319,293,26
120000022,1377,399,978
120000023,159,211,-52
120000024,284,368,-84
120000025,241,452,-211
120000026,46,552,-506
120000027,271,587,-316
120000028,87,421,-334
120000029,410,144,266
120000030,3,67,-64
120000031,316,400,-84
120000032,2362,388,1974
120000033,114,309,-195
120000034,84,548,-464
120000035,104,288,-184
120000036,100,367,-267
120000037,0,0,0
120000038,1635,274,1361
120000039,47,127,-80
120000040,2,24,-22
120000041,36,372,-336
120000042,107,1173,-1066
120000043,119,333,-214
120000044,256,190,66
120000045,268,137,131
120000046,136,216,-80
120000047,290,278,12
120000048,1925,336,1589
120000049,262,609,-347
120000050,242,825,-583
120000051,1114,885,229
120000052,4754,255,4499
120000053,65,752,-687
120000054,155,2211,-2056
120000055,162,1370,-1208
120000056,117,1376,-1259
120000057,68,369,-301
120000058,13,42,-29
120000059,1,6,-5
120000061,37,371,-334
120000062,12,22,-10
120000063,478,1373,-895
120000064,34,719,-685
120000065,68,590,-522
120000066,5,112,-107
120000067,7,135,-128
120000068,14,484,-470
120000069,61,615,-554
120000070,3,224,-221
120000071,16,30,-14
120000072,80,159,-79
120000073,42,31,11
120000074,3,22,-19
120000075,19,75,-56
120000076,74,124,-50
120000077,114,128,-14
120000078,446,188,258
120000079,0,0,0
120000080,0,0,0
120000081,0,0,0
120000082,0,0,0
120000083,0,0,0
120000084,65,58,7
120000085,36,65,-29
120000086,30,138,-108
120000087,11,371,-360
120000088,18,84,-66
120000089,0,0,0
120000090,0,0,0
120000091,0,0,0
120000092,0,0,0
120000093,0,0,0
120000094,0,0,0
120000095,47,85,-38
120000096,12,194,-182
120000098,43,153,-110
120000099,17,95,-78
120000100,40,112,-72
120000101,15,69,-54
120000102,25,31,-6
120000103,61,63,-2
120000104,50,29,21
120000105,86,24,62
120000106,54,24,30
120000107,82,32,50
120000108,22,9,13
120000109,92,7,85
120000110,18,378,-360
120000111,25,546,-521
120000112,111,1615,-1504
120000113,127,1087,-960
120000114,98,956,-858
120000115,81,977,-896
120000116,95,939,-844
120000117,412,678,-266
120000118,0,0,0
120000119,0,0,0
120000120,0,0,0
120000121,0,0,0
120000122,0,0,0
120000123,325,88,237
120000124,7,22,-15
120000125,22,68,-46
120000126,7,60,-53
120000127,52,59,-7
120000128,101,150,-49
120000129,10,2,8
120000130,0,0,0
120000131,34,77,-43
120000134,0,0,0
120000135,7,42,-35
120000137,0,0,0
120000138,8,35,-27
120000139,0,0,0
120000140,7,79,-72
120000141,0,0,0
120000142,2,48,-46
120000143,0,0,0
120000144,0,0,0
120000145,0,0,0
120000146,314,106,208
120000149,31,121,-90
120000150,19,94,-75
120000151,0,0,0
120000152,0,0,0
120000153,40,299,-259
120000154,71,293,-222
120000155,0,0,0
120000156,0,0,0
120000157,0,0,0
120000158,107,465,-358
120000159,325,1289,-964
120000160,485,124,361
120000161,77,610,-533
120000162,7,24,-17
120000163,43,527,-484
120000164,40,204,-164
120000165,21,347,-326
120000166,32,218,-186
120000167,4,4,0
120000168,1,8,-7
120000169,102,34,68
120000170,184,19,165
120000171,32,12,20
120000172,1,1,0
120000173,256,6,250
120000174,59,2,57
120000175,48,3,45
120000176,18,55,-37
120000177,190,418,-228
120000178,14,3,11
120000179,39,9,30
120000180,129,33,96
120000181,22,33,-11
120000182,20,9,11
120000183,1,68,-67
120000184,9,1917,-1908
120000186,1,4,-3
120000187,0,2,-2
120000188,0,8,-8
120000190,0,0,0
120000191,0,0,0
120000192,0,0,0
120000193,0,0,0
120000195,0,0,0
120000196,0,0,0
120000197,0,0,0
120000198,0,24,-24
120000199,0,0,0
120000200,0,0,0
120000201,0,0,0
120000202,1,9,-8
120000203,0,60,-60
120000207,0,0,0
120000208,0,0,0
120000209,0,0,0
120000210,0,0,0
120000211,0,0,0
120000212,0,0,0
120000213,0,0,0
120000214,0,0,0
120000215,0,0,0
120000216,0,0,0
120000217,82,266,-184
120000218,40,367,-327
120000219,4,217,-213
120000220,3,628,-625
120000225,0,0,0
120000226,0,0,0
120000227,0,0,0
120000228,1648,339,1309
120000230,0,0,0
120000231,0,0,0
120000233,0,1,-1
120000235,71,323,-252
120000236,0,2,-2
120000237,0,382,-382
120000238,0,24,-24
120000241,0,0,0
120000412,0,0,0
120000413,0,0,0
120000414,0,0,0
120000415,0,0,0
120000416,0,0,0
120000417,0,0,0
120000418,0,0,0
120000419,0,0,0
120000420,0,0,0
120000421,5664,2881,2783
120000422,89,67,22
120000423,0,5,-5
120000424,0,33,-33
120000436,9,28,-19
120000437,34,54,-20
120000438,1412,90,1322
120000439,22,80,-58
120000443,0,0,0
120000444,19,225,-206
120000445,41,28,13
120000446,99,11,88
120000447,0,0,0
120000449,0,0,0
120000450,0,0,0
120000451,0,24,-24
120000452,0,0,0
120000453,0,441,-441
120000454,0,0,0
120000455,4,9,-5
120000456,477,495,-18
120000457,239,138,101
120000458,167,315,-148
120000459,0,0,0
120000665,113,6,107
120000668,10,48,-38
120000669,0,0,0
120000670,9,26,-17
120000671,102,77,25
120000672,16,198,-182
120900001,0,0,0
120900002,0,0,0
120900003,0,0,0
120900004,0,0,0
120900005,0,0,0
120900006,0,0,0
120900007,6,8,-2
120900008,0,11,-11
120900009,0,0,0
120900010,2,3,-1
120900011,0,0,0
120900012,12,3,9
120900013,0,0,0
120900014,0,0,0
120900015,0,0,0
120900016,0,0,0
120900017,184,11,173
120900018,0,1,-1
120900019,6,4,2
120900020,14,4,10
120900021,0,0,0
120900022,0,0,0
120900023,0,0,0
120900024,65,48,17
120900025,12,1,11
120900026,0,0,0
120900027,0,0,0
120900028,2,1,1
120900029,0,0,0
120900030,1,2,-1
120900031,0,0,0
120900032,0,0,0
120900033,0,0,0
120900034,0,0,0
120900035,0,0,0
120900037,0,0,0
120900038,0,0,0
120900039,0,0,0
120900040,0,0,0
120900041,0,0,0
120900042,0,0,0
120900043,0,0,0
120900044,0,0,0
120900045,0,0,0
120900046,3,0,3
120900047,0,0,0
120900048,0,0,0
120900049,0,0,0
120900050,0,0,0
120900051,0,0,0
120900052,0,0,0
120900053,0,0,0
120900054,0,0,0
120900055,2,0,2
120900056,0,0,0
120900057,0,0,0
120900058,0,0,0
120900059,0,0,0
120900060,0,0,0
120900061,0,0,0
120900062,1,0,1
120900063,0,0,0
120900064,0,0,0
120900065,0,0,0
120900066,0,49,-49
120900067,0,0,0
120900068,0,0,0
120900069,0,0,0
120900071,0,0,0
120900072,0,0,0
120900073,0,0,0
120900074,0,0,0
120900076,0,0,0
120900077,0,1,-1
120900078,2,136,-134
120900079,0,1,-1
120900080,0,268,-268
120900081,0,0,0
120900082,0,46,-46
120900083,0,1,-1
120900084,0,0,0
120900085,0,0,0
120900086,12,1,11
120900087,0,0,0
120900088,1,2,-1
120900089,442,41,401
120900090,0,6,-6
120900091,0,0,0
120900092,19,65,-46
120900093,0,0,0
120900094,48,31,17
120900095,0,0,0
120900096,0,2,-2
120900097,26,167,-141
120900098,0,0,0
120900099,0,6,-6
120900100,0,15,-15
120900101,0,0,0
120900102,0,0,0
120900103,0,2,-2
120900104,3,0,3
120900105,0,0,0
120900106,205,100,105
120900107,67,17,50
120900108,0,0,0
120900109,3,151,-148
120900110,0,0,0
120900111,1,28,-27
120900112,0,0,0
120900113,0,204,-204
120900114,2,36,-34
120900115,19,23,-4
120900116,0,42,-42
120900117,0,3,-3
120900118,0,179,-179
120900119,0,0,0
120900120,2,104,-102
120900121,18,52,-34
120900122,0,63,-63
120900123,0,9,-9
120900124,0,151,-151
120900125,1,119,-118
120900126,123,121,2
120900127,0,13,-13
120900128,134,201,-67
120900129,3,95,-92
120900130,1,151,-150
120900131,0,0,0
120900132,0,0,0
120900133,12,224,-212
120900134,34,102,-68
120900135,0,146,-146
120900136,0,0,0
120900137,0,0,0
120900138,2,37,-35
120900139,0,191,-191
120900140,0,0,0
120900141,0,0,0
120900142,0,136,-136
120900143,0,179,-179
120900144,0,56,-56
120900145,5,187,-182
120900146,4,192,-188
120900147,0,12,-12
120900148,0,2,-2
120900149,0,103,-103
120900150,1,125,-124
120900151,0,202,-202
120900152,0,2,-2
120900153,0,2,-2
120900154,1,82,-81
120900155,10,310,-300
120900156,0,127,-127
120900157,1,12,-11
120900158,2,125,-123
120900159,0,56,-56
120900160,3,115,-112
120900161,0,163,-163
120900162,2,141,-139
120900163,0,4,-4
120900164,0,0,0
120900165,0,0,0
120900166,0,4,-4
120900167,1,5,-4
120900169,1,98,-97
120900170,49,19,30
120900171,123,21,102
120900172,0,0,0
120900173,0,8,-8
120900174,1,25,-24
120900175,0,0,0
120900176,0,6,-6
120900177,0,4,-4
120900178,0,3,-3
120900179,56,57,-1
120900180,0,1,-1
120900181,0,0,0
120900182,0,0,0
120900183,0,0,0
120900184,0,0,0
120900185,0,8,-8
120900186,2,138,-136
120900187,1,15,-14
120900188,0,0,0
120900189,0,0,0
120900190,0,0,0
120900191,0,0,0
120900192,852,40,812
120900194,0,0,0
120900195,1,36,-35
120900196,0,0,0
120900197,0,0,0
120900198,32,123,-91
120900199,0,0,0
120900200,0,0,0
120900201,55,21,34
120900202,0,26,-26
120900203,0,0,0
120900204,114,120,-6
120900205,0,0,0
120900206,0,0,0
120900207,4,171,-167
121000001,302,565,-263
121000002,316,186,130
121000003,3030,878,2152
121000004,606,351,255
121000005,908,848,60
121000006,915,420,495
121000007,1249,1582,-333
121000008,1129,532,597
121000009,4086,2037,2049
121000010,3366,800,2566
121000011,7652,2274,5378
121000012,6323,1269,5054
121000013,3306,2324,982
121000014,3428,1862,1566
121000015,1587,2251,-664
121000016,2468,2275,193
121000017,357,818,-461
121000018,705,515,190
121000019,4522,1365,3157
121000020,4206,1400,2806
121000021,526,935,-409
121000022,484,490,-6
121000023,1024,885,139
121000024,614,1185,-571
121000025,135,57,78
121000026,25,16,9
121000027,828,217,611
121000028,110,72,38
121000029,24,92,-68
121000030,34,43,-9
121000031,38,150,-112
121000032,32,28,4
121000034,0,0,0
121000035,6,37,-31
121000036,50,77,-27
121000037,94,155,-61
121000038,109,146,-37
121000039,6,56,-50
121000041,13,43,-30
121000042,0,0,0
121000043,52,26,26
121000044,141,91,50
121000045,7,36,-29
121000046,21,59,-38
121000047,4,17,-13
121000049,238,157,81
121000050,73,418,-345
121000051,45,40,5
121000052,23,151,-128
121000053,0,0,0
121000054,9,72,-63
121000055,497,210,287
121000056,194,213,-19
121000057,38,35,3
121000058,79,26,53
121000059,81,35,46
121000060,108,87,21
121000061,3,14,-11
121000062,13,18,-5
121000063,109,271,-162
121000064,30,41,-11
121000065,32,64,-32
121000066,47,71,-24
121000067,112,52,60
121000068,0,0,0
121000069,0,0,0
121000070,134,165,-31
121000071,86,223,-137
121000072,116,143,-27
121000073,216,256,-40
121000074,23,61,-38
121000075,16,19,-3
121000076,57,30,27
121000077,0,0,0
121000078,22,50,-28
121000080,465,152,313
121000081,316,320,-4
121000082,82,126,-44
121000083,0,0,0
121000084,46,72,-26
121000085,292,177,115
121000086,0,0,0
121000087,0,0,0
121000088,156,222,-66
121000089,0,0,0
121000090,58,162,-104
121000091,654,544,110
121000092,49,27,22
121000093,15,48,-33
121000094,88,52,36
121000095,0,0,0
121000096,1569,1092,477
121000097,561,561,0
121000098,90,292,-202
121000099,113,308,-195
121000100,37,252,-215
121000101,0,0,0
121000102,20,135,-115
121000103,0,0,0
121000104,14,61,-47
121000105,27,123,-96
121000106,0,0,0
121000107,704,1094,-390
121000109,528,539,-11
121000110,38,84,-46
121000114,856,1153,-297
121000115,376,373,3
121000116,199,310,-111
121000117,14,0,14
121000118,62,3,59
121000119,10,13,-3
121000120,0,0,0
121000121,0,0,0
121000123,0,0,0
121000126,4,26,-22
121000127,3,12,-9
121000128,48,254,-206
121000129,53,140,-87
121000130,108,243,-135
121000131,252,203,49
121000132,243,141,102
121000135,30,39,-9
121000136,140,19,121
121000137,35,2,33
121000138,80,59,21
121000139,108,52,56
121000141,26,44,-18
121000142,173,92,81
121000143,0,0,0
121000144,34,41,-7
121000145,68,195,-127
121000146,78,168,-90
121000147,59,97,-38
121000148,54,124,-70
121000149,240,350,-110
121000152,56,54,2
121000153,485,122,363
121000154,182,33,149
121000155,309,195,114
121000156,160,168,-8
121000157,233,78,155
121000158,56,78,-22
121000159,6,82,-76
121000160,22,114,-92
121000161,0,3,-3
121000162,0,2,-2
121000165,0,0,0
121000166,9,33,-24
121000168,28,56,-28
121000169,7,105,-98
121000170,68,28,40
121000171,47,121,-74
121000172,84,158,-74
121000173,350,142,208
121000174,54,185,-131
121000175,46,103,-57
121000176,178,71,107
121000177,44,110,-66
121000178,6,7,-1
121000179,3,15,-12
121000181,51,80,-29
121000182,76,23,53
121000183,5,5,0
121000184,3,2,1
121000185,0,0,0
121000186,17,115,-98
121000187,0,0,0
121000188,0,0,0
121000192,83,76,7
121000193,67,105,-38
121000194,1471,686,785
121000195,117,351,-234
121000196,1,1,0
121000197,31,238,-207
121000198,16,57,-41
121000199,25,426,-401
121000200,67,44,23
121000201,4,53,-49
121000202,15,6,9
121000203,4,211,-207
121000204,66,26,40
121000205,42,335,-293
121000206,22,58,-36
121000207,144,122,22
121000208,0,120,-120
121000209,21,364,-343
121000210,74,253,-179
121000211,11,58,-47
121000212,98,269,-171
121000213,359,205,154
121000214,141,221,-80
121000215,333,266,67
121000216,37,145,-108
121000217,801,234,567
121000218,144,804,-660
121000219,163,83,80
121000220,183,86,97
121000221,25,13,12
121000222,688,1218,-530
121000223,48,128,-80
121000224,0,0,0
121000225,129,167,-38
121000226,84,95,-11
121000227,3,69,-66
121000228,9,715,-706
121000229,8,368,-360
121000230,48,1554,-1506
121000231,0,0,0
121000232,0,0,0
121000233,9,22,-13
121000234,0,0,0
121000235,0,0,0
121000236,0,0,0
121000237,0,0,0
121000238,0,0,0
121000239,0,0,0
121000240,0,0,0
121000241,0,0,0
121000242,0,0,0
121000243,0,0,0
121000244,0,0,0
121000245,0,0,0
121000246,0,0,0
121000247,1,0,1
121000248,3,16,-13
121000249,10,67,-57
121000250,25,9,16
121000251,8,250,-242
121000252,9,3,6
121000253,46,527,-481
121000254,92,52,40
121000255,27,52,-25
121000256,11,24,-13
121000257,16,37,-21
121000258,10,10,0
121000259,16,10,6
121000260,15,54,-39
121000261,5,1,4
121000262,348,219,129
121000263,110,178,-68
121000271,103,278,-175
121000273,5,12,-7
121000274,0,1,-1
121000275,2,32,-30
121000276,0,0,0
121000278,0,1,-1
121000279,5,15,-10
121000280,0,1,-1
121000289,4,3,1
121000290,275,185,90
121000294,4,50,-46
121000297,94,85,9
121000299,8,130,-122
121000300,156,126,30
121000302,9,72,-63
121000303,89,64,25
121000304,0,0,0
121000305,0,0,0
121000306,0,0,0
121000308,49,82,-33
121000309,280,214,66
121000310,17,206,-189
121000311,19,415,-396
121000312,0,0,0
121000313,203,179,24
121000314,50,37,13
121000315,32,16,16
121000530,101,375,-274
121000531,111,360,-249
121000532,1077,381,696
121000533,730,418,312
121000918,1,67,-66
121000919,0,0,0
121000938,20,25,-5
121000939,8,3,5
121000956,122,465,-343
121000957,2,89,-87
121000958,3,116,-113
121000959,57,398,-341
121000960,94,736,-642
121000961,8,3,5
121000962,0,0,0
121000963,0,0,0
121000973,1,74,-73
121000976,0,0,0
121000979,0,0,0
121000981,20,1,19
121000982,0,0,0
121000983,35,177,-142
121000984,0,9,-9
121000985,52,155,-103
121000986,0,24,-24
121000987,41,844,-803
121000988,117,18,99
121001302,145,53,92
121001308,2,6,-4
121001309,7,3,4
121001313,13,141,-128
121001314,4460,1787,2673
121001315,1340,843,497
121900001,0,0,0
121900002,0,2,-2
121900003,0,0,0
121900004,0,0,0
121900005,0,0,0
121900006,0,0,0
121900007,0,0,0
121900008,0,0,0
121900009,0,0,0
121900010,0,0,0
121900011,0,0,0
121900012,0,0,0
121900013,0,0,0
121900014,0,0,0
121900015,0,0,0
121900016,0,0,0
121900017,0,0,0
121900018,0,0,0
121900019,0,0,0
121900020,0,0,0
121900021,0,0,0
121900022,0,0,0
121900023,0,0,0
121900024,0,0,0
121900025,0,0,0
121900026,0,0,0
121900027,0,0,0
121900028,0,0,0
121900029,0,0,0
121900030,0,0,0
121900031,0,0,0
121900032,0,0,0
121900033,0,0,0
121900034,0,0,0
121900035,0,0,0
121900036,0,0,0
121900037,0,0,0
121900038,0,0,0
121900039,0,0,0
121900040,0,0,0
121900041,0,0,0
121900042,0,0,0
121900043,0,0,0
121900044,0,0,0
121900046,0,0,0
121900047,0,0,0
121900048,0,0,0
121900050,0,0,0
121900051,0,0,0
121900052,0,0,0
121900053,17,48,-31
121900054,0,0,0
121900055,0,0,0
121900058,0,0,0
121900059,0,0,0
121900060,0,0,0
121900061,0,0,0
121900062,0,0,0
121900063,0,0,0
121900064,0,0,0
121900066,0,0,0
121900067,0,0,0
121900069,0,0,0
121900070,0,0,0
121900071,0,0,0
121900072,0,0,0
121900073,0,0,0
121900074,0,0,0
121900075,0,0,0
121900076,0,0,0
121900077,0,0,0
121900078,0,0,0
121900079,0,0,0
121900080,0,0,0
121900082,0,0,0
121900084,0,0,0
121900085,0,0,0
121900086,0,0,0
121900087,0,0,0
121900088,0,0,0
121900089,0,0,0
121900090,0,0,0
121900091,0,0,0
121900092,0,0,0
121900093,0,0,0
121900094,0,0,0
121900095,0,0,0
121900096,0,0,0
121900097,0,0,0
121900098,0,0,0
121900099,0,0,0
121900100,0,0,0
121900101,0,0,0
121900102,0,0,0
121900103,0,0,0
121900104,0,0,0
121900105,0,0,0
121900106,0,0,0
121900107,0,0,0
121900108,0,0,0
121900109,0,0,0
121900110,0,0,0
121900111,0,0,0
121900112,0,0,0
121900113,0,0,0
121900114,0,0,0
121900117,0,0,0
121900118,0,0,0
121900119,0,0,0
121900120,0,0,0
121900121,0,0,0
121900122,0,0,0
121900123,0,0,0
121900124,0,0,0
121900125,0,0,0
121900127,0,0,0
121900128,0,0,0
121900129,0,0,0
121900130,0,0,0
121900131,0,0,0
121900132,0,0,0
121900133,0,0,0
121900134,0,0,0
121900135,0,0,0
121900136,0,0,0
121900137,0,0,0
121900138,0,0,0
121900139,0,0,0
121900140,0,0,0
121900141,0,0,0
121900142,0,0,0
121900143,0,0,0
121900144,0,3,-3
121900145,0,0,0
121900146,0,0,0
121900147,0,2,-2
121900148,0,0,0
121900149,0,0,0
121900150,0,0,0
121900151,0,0,0
121900152,0,0,0
121900153,0,0,0
121900154,0,0,0
121900155,0,0,0
121900156,1,0,1
121900157,0,0,0
121900158,0,1,-1
121900159,0,0,0
121900160,0,0,0
121900161,0,0,0
121900162,1,1,0
121900163,0,0,0
121900164,0,0,0
121900165,0,0,0
121900166,0,0,0
121900167,0,0,0
121900168,0,0,0
121900169,0,72,-72
121900170,0,0,0
121900171,0,0,0
121900172,0,0,0
121900173,0,0,0
121900174,0,0,0
121900175,0,0,0
121900176,16,140,-124
121900177,1,5,-4
121900178,0,0,0
121900179,0,0,0
121900180,14,3,11
121900182,0,0,0
121900183,0,0,0
121900184,0,0,0
121900186,0,0,0
121900187,0,0,0
121900188,0,0,0
121900189,0,0,0
121900190,0,0,0
121900191,0,0,0
121900192,0,0,0
121900193,0,0,0
121900194,0,0,0
121900195,0,0,0
121900196,0,0,0
121900197,6,43,-37
121900198,0,0,0
121900199,0,0,0
121900200,0,0,0
121900201,0,0,0
121900202,0,4,-4
121900203,0,0,0
121900204,0,0,0
121900205,0,0,0
121900206,0,0,0
121900207,0,0,0
121900208,0,0,0
121900209,0,0,0
121900210,0,0,0
121900211,0,0,0
121900212,0,0,0
121900213,0,0,0
121900214,0,0,0
121900215,0,0,0
121900216,0,0,0
121900217,0,0,0
121900218,0,0,0
121900220,0,0,0
121900221,0,0,0
121900222,0,0,0
121900223,0,0,0
121900224,0,0,0
121900225,0,0,0
121900226,0,0,0
121900227,0,0,0
121900228,0,0,0
121900230,0,0,0
121900231,0,0,0
121900232,0,0,0
121900233,0,0,0
121900234,0,0,0
121900235,0,0,0
121900236,0,0,0
121900237,0,0,0
121900238,0,0,0
121900239,0,0,0
121900240,0,0,0
121900241,0,0,0
121900242,0,0,0
121900243,0,0,0
121900244,0,0,0
121900245,0,0,0
121900246,0,0,0
121900247,0,0,0
121900248,0,0,0
121900250,0,0,0
121900251,0,0,0
121900252,0,0,0
121900253,0,0,0
121900254,0,0,0
121900255,0,0,0
121900258,0,0,0
121900259,0,0,0
121900260,0,0,0
121900261,0,0,0
121900262,0,0,0
121900263,0,0,0
121900264,0,0,0
121900265,0,0,0
121900266,0,0,0
121900267,0,0,0
121900269,0,0,0
121900270,0,0,0
121900271,0,0,0
121900273,0,0,0
121900274,0,0,0
121900277,0,0,0
121900278,0,0,0
121900279,0,0,0
121900280,0,0,0
121900281,0,0,0
121900284,0,0,0
121900286,2,27,-25
121900287,1,1,0
121900288,0,0,0
121900290,0,0,0
121900291,11,29,-18
121900292,0,0,0
121900293,23,298,-275
121900294,0,0,0
121900295,0,0,0
121900296,0,0,0
121900298,0,0,0
121900299,0,0,0
121900300,0,0,0
121900301,0,0,0
121900302,0,0,0
121900303,0,0,0
121900304,0,0,0
121900305,0,0,0
121900306,0,0,0
121900307,0,0,0
121900308,1,24,-23
121900309,0,13,-13
121900310,4,60,-56
121900311,0,0,0
121900312,0,0,0
121900313,0,0,0
121900314,0,0,0
121900315,0,0,0
121900316,0,0,0
121900317,0,0,0
121900318,0,0,0
121900319,0,0,0
121900320,0,0,0
121900321,0,0,0
121900322,0,0,0
121900323,0,0,0
121900324,0,0,0
121900325,0,0,0
121900326,0,0,0
121900327,0,0,0
121900328,0,0,0
121900329,0,0,0
121900330,0,0,0
121900331,0,0,0
121900332,0,0,0
121900333,0,0,0
122000001,591,777,-186
122000002,620,269,351
122000003,382,345,37
122000004,382,203,179
122000005,322,153,169
122000006,155,88,67
122000007,84,136,-52
122000008,777,469,308
122000009,103,18,85
122000010,281,237,44
122000011,238,146,92
122000012,121,226,-105
122000013,226,226,0
122000014,218,233,-15
122000015,91,47,44
122000016,42,70,-28
122000017,299,225,74
122000018,260,362,-102
122000019,159,573,-414
122000020,24,21,3
122000021,175,57,118
122000022,199,71,128
122000023,86,78,8
122000024,80,142,-62
122000025,90,204,-114
122000026,78,24,54
122000027,324,557,-233
122000028,0,0,0
122000029,0,0,0
122000030,86,39,47
122000031,0,0,0
122000032,64,64,0
122000033,41,73,-32
122000034,177,172,5
122000035,202,232,-30
122000036,63,262,-199
122000037,61,43,18
122000038,36,46,-10
122000039,109,111,-2
122000040,82,91,-9
122000041,0,0,0
122000042,0,0,0
122000043,0,0,0
122000044,0,0,0
122000045,51,39,12
122000046,32,51,-19
122000047,97,41,56
122000048,662,376,286
122000049,1304,743,561
122000050,159,206,-47
122000051,0,0,0
122000052,7,4,3
122000053,8,162,-154
122000054,294,270,24
122000055,439,568,-129
122000056,656,620,36
122000057,1201,842,359
122000058,794,644,150
122000059,706,519,187
122000060,218,138,80
122000061,103,33,70
122000062,319,87,232
122000063,70,139,-69
122000064,705,916,-211
122000065,999,809,190
122000066,384,366,18
122000067,240,389,-149
122000068,217,160,57
122000069,355,240,115
122000070,21,56,-35
122000071,40,59,-19
122000072,44,69,-25
122000073,87,105,-18
122000074,21,1,20
122000075,7,12,-5
122000076,155,84,71
122000077,129,280,-151
122000078,254,549,-295
122000079,203,250,-47
122000080,60,51,9
122000081,43,22,21
122000082,0,0,0
122000083,252,419,-167
122000084,191,212,-21
122000085,99,355,-256
122000086,405,500,-95
122000087,10,14,-4
122000088,31,95,-64
122000089,1038,401,637
122000090,45,30,15
122000091,29,20,9
122000092,11,1,10
122000093,159,444,-285
122000094,1238,264,974
122000095,868,379,489
122000096,204,43,161
122000098,958,645,313
122000099,77,147,-70
122000100,79,66,13
122000101,9,59,-50
122000102,424,208,216
122000103,165,210,-45
122000104,44,12,32
122000105,8,41,-33
122000106,82,35,47
122000107,27,26,1
122000108,97,198,-101
122000109,3,9,-6
122000110,62,148,-86
122000111,356,98,258
122000112,38,81,-43
122000113,33,85,-52
122000114,633,1082,-449
122000115,723,327,396
122000116,240,95,145
122000117,114,15,99
122000118,57,28,29
122000119,516,560,-44
122000120,585,845,-260
122000121,625,414,211
122000122,131,274,-143
122000123,411,74,337
122000124,108,53,55
122000125,342,182,160
122000126,101,172,-71
122000127,283,326,-43
122000128,101,210,-109
122000129,67,12,55
122000130,91,22,69
122000131,106,31,75
122000132,285,114,171
122000133,124,581,-457
122000134,139,103,36
122000135,92,442,-350
122000136,4,5,-1
122000137,40,46,-6
122000139,337,363,-26
122000140,247,70,177
122000141,1203,221,982
122000142,61,344,-283
122000143,36,12,24
122000144,85,41,44
122000145,116,97,19
122000146,0,0,0
122000147,47,4,43
122000148,959,383,576
122000149,255,99,156
122000150,71,61,10
122000151,55,87,-32
122000152,77,59,18
122000153,0,0,0
122000154,0,0,0
122000155,103,103,0
122000156,1396,1127,269
122000157,711,650,61
122000158,23,98,-75
122000159,67,57,10
122000160,198,57,141
122000161,124,41,83
122000162,106,52,54
122000163,2,4,-2
122000164,1,7,-6
122000165,59,88,-29
122000166,17,44,-27
122000167,61,196,-135
122000168,2,14,-12
122000169,97,102,-5
122000170,48,121,-73
122000171,23,53,-30
122000172,360,374,-14
122000173,263,487,-224
122000174,348,388,-40
122000175,313,99,214
122000176,6,12,-6
122000177,374,671,-297
122000178,165,30,135
122000179,441,343,98
122000180,248,422,-174
122000181,510,1141,-631
122000182,245,61,184
122000183,404,29,375
122000184,3845,704,3141
122000185,930,620,310
122000186,148,148,0
122000187,63,125,-62
122000188,49,54,-5
122000189,0,0,0
122000190,22,213,-191
122000191,86,31,55
122000192,92,8,84
122000193,2,13,-11
122000194,71,19,52
122000195,0,11,-11
122000196,33,32,1
122000197,22,31,-9
122000198,91,65,26
122000199,27,31,-4
122000200,106,39,67
122000201,956,1290,-334
122000202,596,628,-32
122000203,779,582,197
122000204,244,640,-396
122000205,198,359,-161
122000206,113,40,73
122000207,48,96,-48
122000208,39,150,-111
122000209,43,10,33
122000210,173,798,-625
122000211,187,449,-262
122000212,139,97,42
122000213,157,188,-31
122000214,147,274,-127
122000215,305,281,24
122000217,404,696,-292
122000218,0,0,0
122000219,587,443,144
122000220,88,322,-234
122000221,27,55,-28
122000222,81,9,72
122000223,149,190,-41
122000225,195,92,103
122000226,162,709,-547
122000227,62,380,-318
122000228,72,236,-164
122000229,7,170,-163
122000230,10,323,-313
122000231,14,242,-228
122000232,12,353,-341
122000233,0,0,0
122000234,7,1,6
122000235,15,11,4
122000236,35,13,22
122000237,4,3,1
122000238,21,6,15
122000239,5,5,0
122000240,9,4,5
122000241,3,0,3
122000242,0,1,-1
122000243,0,1,-1
122000244,3,164,-161
122000245,31,72,-41
122000246,21,22,-1
122000247,66,306,-240
122000248,290,517,-227
122000249,23,28,-5
122000250,70,12,58
122000251,81,132,-51
122000252,33,6,27
122000253,5,163,-158
122000254,8,3,5
122000255,37,19,18
122000256,118,1017,-899
122000257,59,265,-206
122000258,24,43,-19
122000259,2,255,-253
122000260,3,91,-88
122000261,1,3,-2
122000262,0,45,-45
122000263,3,76,-73
122000264,0,0,0
122000265,0,0,0
122000266,0,0,0
122000267,0,0,0
122000268,0,0,0
122000269,0,0,0
122000270,0,0,0
122000271,0,0,0
122000272,0,0,0
122000273,4,7,-3
122000274,3,1,2
122000275,3,2,1
122000276,23,73,-50
122000277,109,221,-112
122000278,88,87,1
122000279,30,251,-221
122000280,299,363,-64
122000281,111,278,-167
122000282,5,36,-31
122000283,167,17,150
122000284,25,39,-14
122000285,122,113,9
122000286,58,90,-32
122000287,10,3,7
122000288,16,3,13
122000291,122,52,70
122000293,20,18,2
122000294,0,0,0
122000295,5,3,2
122000296,2,95,-93
122000297,449,170,279
122000299,16,71,-55
122000300,108,196,-88
122000301,2478,242,2236
122000302,102,56,46
122000303,2374,514,1860
122000304,4,50,-46
122000305,177,52,125
122000306,8,384,-376
122000307,59,39,20
122000309,9,193,-184
122000310,3,7,-4
122000311,17,21,-4
122000312,9,3,6
122000313,1,3,-2
122000314,13,44,-31
122000315,3,0,3
122000316,42,3,39
122000317,62,7,55
122000318,4,7,-3
122000319,96,182,-86
122000320,54,886,-832
122000321,12,290,-278
122000322,520,141,379
122000323,248,166,82
122000324,174,282,-108
122000325,34,112,-78
122000326,0,0,0
122000327,26,71,-45
122000328,129,281,-152
122000330,134,42,92
122000332,10,87,-77
122000333,1,110,-109
122000337,122,892,-770
122000338,56,190,-134
122000340,46,47,-1
122000342,535,380,155
122000343,42,463,-421
122000344,0,0,0
122000345,3,3,0
122000346,29,20,9
122000348,64,135,-71
122000349,4,225,-221
122000351,0,5,-5
122000352,35,12,23
122000353,3,88,-85
122000355,0,1,-1
122000356,766,378,388
122000357,0,0,0
122000358,0,0,0
122000359,0,1,-1
122000360,0,2,-2
122000362,4,42,-38
122000364,16,119,-103
122000365,0,0,0
122000366,1,2,-1
122000368,68,165,-97
122000370,1,34,-33
122000371,0,0,0
122000372,0,0,0
122000381,20,75,-55
122000382,3,42,-39
122000384,560,441,119
122000385,0,0,0
122000386,13,53,-40
122000387,43,67,-24
122000388,74,32,42
122000389,77,321,-244
122000390,25,41,-16
122000391,0,0,0
122000392,20,34,-14
122000393,3,26,-23
122000394,5,65,-60
122000395,7,47,-40
122000396,13,23,-10
122000397,4,40,-36
122000398,0,0,0
122000399,1,1,0
122000400,0,0,0
122000401,36,48,-12
122000402,0,0,0
122000403,123,1064,-941
122000404,16,10,6
122000408,106,261,-155
122000503,0,0,0
122000524,0,0,0
122000544,0,0,0
122000616,557,6,551
122000640,0,2,-2
122000641,0,1,-1
122000642,1,4,-3
122000643,0,0,0
122000644,51,33,18
122000645,79,175,-96
122000651,172,195,-23
122000664,15,11,4
122000665,467,233,234
122000666,49,147,-98
122000673,29,202,-173
122000674,89,22,67
122000675,134,419,-285
122000686,0,0,0
122000687,27,179,-152
122000688,0,0,0
122000689,81,392,-311
122000690,90,528,-438
122000691,0,0,0
122000692,141,272,-131
122000693,0,0,0
122000695,52,267,-215
122000696,3,12,-9
122000698,25,477,-452
122000699,33,2,31
122000701,130,130,0
122000702,0,0,0
122000703,0,0,0
122000717,200,34,166
122000718,4,8,-4
122000719,0,2,-2
122000720,3,6,-3
122000724,55,16,39
122900001,0,0,0
122900002,0,0,0
122900003,0,0,0
122900004,0,0,0
122900005,0,0,0
122900006,0,0,0
122900007,0,0,0
122900008,0,0,0
122900009,0,0,0
122900010,0,0,0
122900012,0,0,0
122900014,0,0,0
122900015,0,0,0
122900016,0,0,0
122900017,0,0,0
122900018,0,0,0
122900019,0,26,-26
122900020,0,0,0
122900021,0,0,0
122900022,6,68,-62
122900023,13,22,-9
122900024,5,3,2
122900025,0,0,0
122900026,0,0,0
122900027,1,47,-46
122900028,0,0,0
122900029,0,0,0
122900030,247,19,228
122900031,0,0,0
122900032,2,11,-9
122900033,0,0,0
122900034,0,0,0
122900035,0,0,0
122900036,0,0,0
122900037,0,0,0
122900038,0,28,-28
122900039,0,0,0
122900040,0,0,0
122900041,0,0,0
122900042,0,0,0
122900043,0,0,0
122900044,0,0,0
122900045,0,0,0
122900046,0,0,0
122900047,0,0,0
122900048,0,0,0
122900049,0,0,0
122900051,0,0,0
122900052,0,4,-4
122900053,0,0,0
122900055,0,0,0
122900057,0,0,0
122900061,0,0,0
122900062,13,5,8
122900063,0,0,0
122900064,0,0,0
122900065,3,10,-7
122900066,4,18,-14
122900067,0,0,0
122900068,0,0,0
122900069,2,15,-13
122900070,2,1,1
122900071,2,24,-22
122900072,3,56,-53
122900073,0,0,0
122900074,0,0,0
122900075,0,11,-11
122900076,0,10,-10
122900077,0,39,-39
122900078,0,51,-51
122900080,0,0,0
122900081,0,0,0
122900082,0,0,0
122900083,0,0,0
122900084,0,0,0
122900086,0,0,0
122900087,0,0,0
122900088,0,0,0
122900089,0,0,0
122900090,0,37,-37
122900091,0,0,0
122900092,0,0,0
122900093,0,0,0
122900094,0,0,0
122900095,0,0,0
122900096,0,0,0
122900097,0,0,0
122900098,0,0,0
122900099,0,0,0
122900100,0,0,0
122900101,0,0,0
122900102,0,0,0
122900103,0,0,0
122900104,0,0,0
122900105,0,0,0
122900106,0,0,0
122900107,0,0,0
122900108,0,0,0
123000001,442,250,192
123000002,2005,588,1417
123000003,862,643,219
123000004,1478,1963,-485
123000005,218,396,-178
123000006,1210,1422,-212
123000007,335,385,-50
123000008,902,2152,-1250
123000009,943,692,251
123000010,2568,2832,-264
123000011,429,299,130
123000012,515,1571,-1056
123000013,483,171,312
123000014,789,2002,-1213
123000015,898,256,642
123000016,2988,1411,1577
123000017,383,153,230
123000018,6,20,-14
123000019,0,8,-8
123000020,0,3,-3
123000021,1,3,-2
123000022,11,17,-6
123000023,71,123,-52
123000024,50,59,-9
123000025,0,8,-8
123000026,0,4,-4
123000027,17,68,-51
123000028,21,6,15
123000029,64,71,-7
123000030,3,293,-290
123000031,9,35,-26
123000032,3,29,-26
123000033,0,0,0
123000034,34,65,-31
123000035,7,7,0
123000036,17,13,4
123000037,51,146,-95
123000038,19,84,-65
123000039,173,240,-67
123000040,493,164,329
123000041,69,25,44
123000042,185,222,-37
123000043,214,260,-46
123000044,1245,600,645
123000045,3204,722,2482
123000046,26,13,13
123000047,852,294,558
123000048,0,0,0
123000049,943,176,767
123000050,94,90,4
123000051,4,8,-4
123000052,112,231,-119
123000053,813,398,415
123000054,345,186,159
123000055,112,102,10
123000056,296,708,-412
123000057,4809,1185,3624
123000058,88,80,8
123000059,45,56,-11
123000060,81,77,4
123000061,7,63,-56
123000063,111,254,-143
123000064,80,94,-14
123000065,2093,1018,1075
123000066,341,214,127
123000067,37,95,-58
123000068,1008,1133,-125
123000069,4416,1408,3008
123000070,43,84,-41
123000071,16,44,-28
123000072,318,589,-271
123000073,11,32,-21
123000074,199,676,-477
123000075,20,45,-25
123000076,60,309,-249
123000077,823,1051,-228
123000078,37,57,-20
123000079,15,44,-29
123000080,416,799,-383
123000081,39,62,-23
123000082,93,181,-88
123000083,33,11,22
123000084,50,247,-197
123000085,3,14,-11
123000086,9,63,-54
123000087,3,53,-50
123000088,163,312,-149
123000089,1,7,-6
123000090,368,562,-194
123000091,6,2,4
123000092,263,423,-160
123000094,37,31,6
123000095,6,13,-7
123000096,7,4,3
123000097,59,399,-340
123000098,16,23,-7
123000099,122,303,-181
123000100,150,105,45
123000101,11,12,-1
123000102,45,112,-67
123000104,19,85,-66
123000105,223,179,44
123000106,26,78,-52
123000107,94,208,-114
123000108,229,350,-121
123000111,16,9,7
123000112,36,43,-7
123000113,91,521,-430
123000114,3,20,-17
123000115,12,66,-54
123000116,10,43,-33
123000117,162,619,-457
123000118,86,316,-230
123000119,63,292,-229
123000120,80,184,-104
123000121,66,59,7
123000122,232,129,103
123000123,54,34,20
123000124,295,280,15
123000125,70,23,47
123000126,49,81,-32
123000127,1210,491,719
123000128,76,206,-130
123000129,0,0,0
123000130,0,0,0
123000131,35,196,-161
123000132,112,234,-122
123000133,82,191,-109
123000134,137,61,76
123000135,106,157,-51
123000136,48,565,-517
123000137,18,179,-161
123000138,12,171,-159
123000139,0,0,0
123000140,37,333,-296
123000141,0,0,0
123000142,291,408,-117
123000143,401,1031,-630
123000144,5,3,2
123000145,25,21,4
123000146,3,13,-10
123000147,4,12,-8
123000149,0,0,0
123000150,0,1,-1
123000151,49,48,1
123000152,12,175,-163
123000153,32,38,-6
123000154,428,178,250
123000155,789,161,628
123000156,21,32,-11
123000157,105,254,-149
123000158,0,0,0
123000159,398,202,196
123000160,60,24,36
123000161,218,38,180
123000162,38,32,6
123000163,0,0,0
123000164,0,0,0
123000165,42,594,-552
123000166,6,55,-49
123000167,4,124,-120
123000168,24,147,-123
123000169,0,0,0
123000170,1,159,-158
123000171,1,24,-23
123000172,30,313,-283
123000173,0,0,0
123000174,0,0,0
123000175,314,590,-276
123000176,0,0,0
123000177,60,321,-261
123000178,0,0,0
123000179,5,209,-204
123000180,171,13,158
123000181,62,611,-549
123000182,17,132,-115
123000183,36,16,20
123000184,9,233,-224
123000185,0,0,0
123000186,3,399,-396
123000187,0,0,0
123000188,0,0,0
123000189,7,43,-36
123000190,0,14,-14
123000192,3,159,-156
123000193,12,152,-140
123000194,101,74,27
123000195,0,0,0
123000196,0,1,-1
123000197,2,56,-54
123000198,2,86,-84
123000199,1,159,-158
123000200,0,0,0
123000201,0,0,0
123000202,7,574,-567
123000203,0,0,0
123000204,18,560,-542
123000205,72,748,-676
123000206,55,0,55
123000207,16,323,-307
123000208,5,6,-1
123000209,111,11,100
123000210,95,440,-345
123000211,152,1015,-863
123000212,0,0,0
123000213,0,0,0
123000215,238,35,203
123000216,0,0,0
123000217,0,0,0
123000218,52,88,-36
123000219,0,0,0
123000220,0,0,0
123000221,0,0,0
123000222,5,26,-21
123000223,6,23,-17
123000224,3,52,-49
123000225,10,52,-42
123000226,3,201,-198
123000227,4,130,-126
123000228,4,20,-16
123000229,268,847,-579
123000232,26,215,-189
123000233,0,0,0
123000234,27,312,-285
123000235,0,0,0
123000236,39,420,-381
123000237,0,0,0
123000238,13,367,-354
123000239,128,922,-794
123000240,3,70,-67
123000241,0,0,0
123000242,13,80,-67
123000243,172,490,-318
123000244,349,377,-28
123000245,22,116,-94
123000249,772,400,372
123000252,0,0,0
123000253,0,0,0
123000254,14,310,-296
123000255,58,62,-4
123000256,16,107,-91
123000257,831,821,10
123000258,198,448,-250
123000259,18,106,-88
123000260,33,210,-177
123000261,19,103,-84
123000262,19,99,-80
123000263,7,15,-8
123000264,6,1,5
123000265,8,51,-43
123000266,51,172,-121
123000267,0,0,0
123000268,0,19,-19
123000269,0,0,0
123000270,0,0,0
123000271,9,23,-14
123000272,0,0,0
123000273,0,0,0
123000274,0,0,0
123000275,83,466,-383
123000278,597,532,65
123000279,0,0,0
123000280,12,83,-71
123000281,0,0,0
123000282,8,98,-90
123000283,0,0,0
123000284,5,43,-38
123000286,77,45,32
123000287,77,43,34
123000288,0,0,0
123000289,0,0,0
123000291,106,464,-358
123000294,18,46,-28
123000295,112,35,77
123000296,16,19,-3
123000297,6,21,-15
123000298,10,54,-44
123000299,0,0,0
123000300,28,84,-56
123000301,4,46,-42
123000302,2,13,-11
123000303,1,11,-10
123000305,322,227,95
123000306,0,100,-100
123000309,11,27,-16
123000310,0,0,0
123000311,0,168,-168
123000312,138,236,-98
123000313,0,0,0
123000315,1,23,-22
123000316,0,0,0
123000317,0,0,0
123000318,0,62,-62
123000329,244,45,199
123000337,0,57,-57
123000338,32,7,25
123000339,1,288,-287
123000340,2,29,-27
123000342,0,5,-5
123000343,0,0,0
123000344,169,81,88
123000345,68,139,-71
123000346,0,0,0
123000352,653,475,178
123000353,8,37,-29
123000354,7,1,6
123000355,0,139,-139
123000356,2,0,2
123000357,0,90,-90
123000359,2,104,-102
123000360,0,0,0
123000361,129,69,60
123000362,14,61,-47
123000363,1,129,-128
123000364,38,24,14
123000365,9,83,-74
123000366,69,177,-108
123000367,55,290,-235
123000370,5,123,-118
123000371,0,0,0
123000372,0,0,0
123000373,1,171,-170
123000374,2,114,-112
123000375,9,1,8
123000376,40,60,-20
123000377,0,0,0
123000378,4,226,-222
123000379,2,108,-106
123000380,2,72,-70
123000381,5,1,4
123000382,40,5,35
123000383,41,173,-132
123000384,10,0,10
123000385,41,287,-246
123000436,16,314,-298
123000507,24,20,4
123000508,11,94,-83
123000517,165,9,156
123000518,8,73,-65
123000519,101,44,57
123000520,13,59,-46
123000521,78,67,11
123000522,30,170,-140
123000541,0,0,0
123000542,0,11,-11
123000565,37,7,30
123000566,20,222,-202
123000567,19,68,-49
123000573,38,548,-510
123000574,1,0,1
123000575,102,731,-629
123000576,29,1102,-1073
123000577,43,331,-288
123000578,0,0,0
123000579,430,92,338
123000580,44,2,42
123000582,0,0,0
123000583,5,275,-270
123000584,0,1,-1
123000585,0,41,-41
123000586,0,0,0
123000596,27,53,-26
123000597,0,0,0
123000602,0,0,0
123000603,18,229,-211
123000604,15,512,-497
123000605,379,49,330
123000606,6,1055,-1049
123000609,2,232,-230
123000610,7,3,4
123000613,96,120,-24
123000614,0,0,0
123000615,86,174,-88
123000616,0,0,0
123000617,42,596,-554
123000618,22,399,-377
123000619,0,0,0
123000620,54,362,-308
123000622,0,0,0
123000624,0,0,0
123000630,19,43,-24
123000631,39,779,-740
123000632,268,340,-72
123000633,0,25,-25
123000634,0,0,0
123000635,91,48,43
123000636,4,163,-159
123000637,0,0,0
123000638,0,0,0
123000639,0,0,0
123000640,3,534,-531
123000648,0,0,0
123000649,7,188,-181
123900001,23,5,18
123900002,0,0,0
123900003,0,0,0
123900005,0,0,0
123900006,0,0,0
124000001,217,0,217
124000002,65,658,-593
124000003,15,0,15
124000004,17,330,-313
124000005,12,0,12
124000006,126,737,-611
124000007,6,2,4
124000008,8,195,-187
124000009,10,1,9
124000010,42,253,-211
124000011,10,1,9
124000012,52,427,-375
124000017,0,0,0
124000018,50,47,3
124000019,0,0,0
124000020,17,124,-107
124000021,0,0,0
124000022,43,136,-93
124000023,253,145,108
124000024,250,283,-33
124000025,166,106,60
124000026,343,261,82
124000027,921,304,617
124000028,1284,1441,-157
124000030,1255,476,779
124000031,47,3,44
124000032,2083,387,1696
124000033,39,5,34
124000034,816,293,523
124000035,13,3,10
124000036,41,236,-195
124000037,14,5,9
124000038,6,37,-31
124000039,174,44,130
124000040,151,297,-146
124000041,51,8,43
124000042,24,216,-192
124000043,15,14,1
124000044,22,189,-167
124000045,0,0,0
124000046,57,525,-468
124000047,0,0,0
124000048,140,963,-823
124000049,0,0,0
124000050,133,1213,-1080
124000051,0,0,0
124000052,89,621,-532
124000053,0,0,0
124000054,254,384,-130
124000055,0,0,0
124000056,1254,811,443
124000057,0,0,0
124000058,145,733,-588
124000059,17,39,-22
124000060,410,343,67
124000061,21,74,-53
124000062,2927,707,2220
124000063,619,772,-153
124000064,569,818,-249
124000065,8,38,-30
124000066,0,0,0
124000067,0,0,0
124000068,2,24,-22
124000069,0,0,0
124000070,15,237,-222
124000071,0,0,0
124000072,36,143,-107
124000073,0,0,0
124000074,49,309,-260
124000075,0,0,0
124000076,10,104,-94
124000077,340,231,109
124000078,32,3,29
124000079,261,302,-41
124000080,0,0,0
124000081,17,276,-259
124000082,0,0,0
124000083,8,55,-47
124000084,0,2,-2
124000085,9,29,-20
124000086,0,0,0
124000087,0,0,0
124000088,1,4,-3
124000089,13,5,8
124000090,15,223,-208
124000091,21,14,7
124000092,14,383,-369
124000093,0,0,0
124000094,7,60,-53
124000095,0,0,0
124000096,24,33,-9
124000097,0,0,0
124000098,14,52,-38
124000099,0,4,-4
124000100,6,47,-41
124000101,4,3,1
124000102,12,70,-58
124000103,8,9,-1
124000104,17,82,-65
124000105,2,8,-6
124000106,19,79,-60
124000107,0,13,-13
124000108,17,16,1
124000109,0,0,0
124000110,13,43,-30
124000111,7,28,-21
124000112,35,110,-75
124000113,0,0,0
124000114,10,68,-58
124000115,49,114,-65
124000116,0,1,-1
124000117,39,38,1
124000118,0,2,-2
124000119,70,206,-136
124000120,2,7,-5
124000121,128,29,99
124000122,457,404,53
124000123,75,60,15
124000124,102,320,-218
124000125,63,41,22
124000126,123,246,-123
124000127,56,66,-10
124000128,179,600,-421
124000129,133,325,-192
124000130,316,270,46
124000131,104,96,8
124000132,425,430,-5
124000133,33,58,-25
124000134,180,296,-116
124000135,139,104,35
124000136,277,368,-91
124000137,76,51,25
124000138,287,353,-66
124000139,0,0,0
124000140,12,139,-127
124000141,0,0,0
124000142,0,27,-27
124000143,0,0,0
124000144,6,18,-12
124000145,0,0,0
124000146,2,54,-52
124000148,0,0,0
124000149,12,4,8
124000150,116,219,-103
124000151,9,0,9
124000152,131,352,-221
124000153,3,10,-7
124000154,103,346,-243
124000155,15,6,9
124000156,404,347,57
124000169,4,9,-5
124000170,181,137,44
124000171,3,7,-4
124000172,41,161,-120
124000173,3,3,0
124000174,29,249,-220
124000175,12,73,-61
124000176,0,0,0
124000177,16,35,-19
124000178,0,0,0
124000190,19,0,19
124000191,61,21,40
124000192,14,2,12
124000193,91,562,-471
124000194,89,309,-220
124000195,27,104,-77
124000196,372,559,-187
124000197,23,22,1
124000198,0,0,0
124000201,6,429,-423
124000202,2,23,-21
124000203,10,521,-511
124000204,2,116,-114
124000205,6,300,-294
124000206,2,101,-99
124000207,1,102,-101
124000209,38,293,-255
124000210,7,118,-111
124000211,0,0,0
124000212,4,318,-314
124000213,9,222,-213
124000214,3,179,-176
124000215,0,0,0
124000216,3,317,-314
124000329,46,1058,-1012
124000338,29,551,-522
124000339,7,0,7
124000341,9,0,9
124000344,0,2,-2
124000357,45,41,4
124000358,105,75,30
124000359,33,25,8
124000360,16,18,-2
124000361,31,15,16
124000362,477,1079,-602
124000363,109,389,-280
124000364,245,799,-554
124000365,491,1162,-671
124000366,1441,905,536
124000367,51,307,-256
124000368,5,0,5
124000369,7,5,2
124000370,28,267,-239
124000402,0,0,0
124000403,0,0,0
124000404,5,63,-58
124000405,196,101,95
124000406,293,476,-183
124000407,0,5,-5
124000411,4,127,-123
124000412,0,0,0
124000413,0,0,0
124000414,7,25,-18
124000415,11,90,-79
124000416,17,130,-113
124000417,5,18,-13
124000418,1,30,-29
124000419,12,90,-78
124000420,1,24,-23
124000421,3,119,-116
124000422,1,3,-2
124000423,5,13,-8
124000424,1,46,-45
124000425,0,0,0
124000426,3,18,-15
124000427,0,0,0
124000428,3,9,-6
124000429,0,226,-226
124000430,34,118,-84
124000431,28,145,-117
124000432,44,158,-114
124000439,0,0,0
124000443,2,6,-4
124000445,13,6,7
124000446,599,33,566
124900001,0,0,0
124900002,0,0,0
124900003,0,0,0
124900004,0,0,0
124900005,0,0,0
124900006,0,0,0
124900008,0,0,0
124900009,0,0,0
124900010,0,0,0
124900011,0,0,0
124900012,0,0,0
124900013,0,0,0
124900014,0,0,0
124900015,0,0,0
124900016,0,0,0
124900017,0,0,0
124900018,0,0,0
124900020,0,0,0
124900021,0,0,0
124900022,0,0,0
124900024,0,0,0
124900026,0,6,-6
124900027,0,0,0
124900028,0,0,0
124900029,0,0,0
124900030,0,0,0
124900031,0,0,0
124900032,0,0,0
124900033,0,0,0
124900034,0,0,0
124900035,0,1,-1
124900036,0,0,0
124900037,4,3,1
124900038,0,0,0
124900039,0,0,0
124900040,0,0,0
124900041,2,59,-57
124900042,0,0,0
124900043,16,75,-59
124900044,0,0,0
124900045,23,34,-11
124900046,70,10,60
124900047,10,22,-12
124900048,3,12,-9
124900050,8,20,-12
124900052,6,35,-29
124900053,6,87,-81
124900054,605,54,551
124900055,1,7,-6
124900057,0,28,-28
124900060,10,39,-29
124900061,0,0,0
124900062,0,0,0
124900066,0,9,-9
124900067,0,34,-34
124900068,0,0,0
124900070,0,0,0
124900072,0,0,0
124900075,0,0,0
124900076,0,0,0
124900077,0,0,0
124900078,0,0,0
124900079,10,3,7
124900080,4,36,-32
124900081,0,0,0
124900082,1,3,-2
124900083,11,44,-33
124900084,0,0,0
124900085,0,0,0
124900086,0,0,0
124900087,0,0,0
124900088,0,0,0
124900089,75,3,72
124900090,0,0,0
124900091,0,0,0
124900092,0,0,0
124900093,0,0,0
124900094,0,0,0
124900095,0,0,0
124900096,0,0,0
124900097,0,0,0
124900098,0,0,0
124900099,0,0,0
124900100,0,0,0
124900101,0,0,0
124900102,0,0,0
124900103,2,9,-7
124900104,0,9,-9
124900105,2,3,-1
124900106,0,0,0
124900107,0,0,0
124900108,0,1,-1
124900111,0,9,-9
124900112,2,101,-99
124900113,0,6,-6
124900114,0,0,0
124900115,0,0,0
124900116,0,0,0
124900117,0,0,0
124900118,0,0,0
124900119,0,0,0
124900120,1,62,-61
124900121,0,0,0
124900122,112,27,85
124900123,0,0,0
124900124,13,9,4
204000001,0,0,0
204000002,0,0,0
204000003,0,0,0
204000004,0,0,0
204000005,0,0,0
204000006,0,0,0
204000011,36,82,-46
204000012,12,168,-156
204000019,200,163,37
204000020,105,143,-38
204000021,343,152,191
204000022,49,102,-53
204000023,214,932,-718
204000031,0,0,0
204000032,0,0,0
204000034,86,422,-336
204000035,12,13,-1
204000036,17,24,-7
204000037,4,8,-4
204000038,0,23,-23
204000039,12,36,-24
204000040,6,22,-16
204000041,0,42,-42
204000042,0,0,0
204000043,0,0,0
204000044,0,0,0
204000045,0,0,0
204000046,0,0,0
204000057,12,57,-45
204000062,26,140,-114
204000068,65,127,-62
204000069,18,84,-66
204000070,0,0,0
204000080,34,73,-39
204000085,412,723,-311
204000086,1361,1037,324
204000087,58,158,-100
204000088,16,101,-85
204000090,69,501,-432
204000093,0,0,0
204000096,5,9,-4
204000097,0,0,0
204000099,16,29,-13
204000100,15,11,4
204000105,576,721,-145
204000110,409,822,-413
204000111,179,455,-276
204000112,200,555,-355
204000113,92,440,-348
204000114,63,73,-10
204000115,56,49,7
204000116,99,88,11
204000119,5,9,-4
204000132,0,0,0
204000133,0,0,0
204000134,0,0,0
204000135,0,0,0
204000136,0,0,0
204000138,0,0,0
204000140,0,0,0
204000141,0,0,0
204000144,0,0,0
204000145,0,0,0
204000146,139,321,-182
204000147,35,112,-77
204000148,0,0,0
204000154,0,0,0
204000155,7,15,-8
204000177,0,0,0
204000179,0,0,0
204000180,1,96,-95
204000222,4,16,-12
204000235,29,21,8
204000236,22,259,-237
204000238,0,0,0
204000240,34,51,-17
204000263,246,624,-378
204000268,0,0,0
204000308,0,0,0
204000317,40,61,-21
204000322,12,19,-7
204000323,0,0,0
204000328,0,0,0
204000329,96,152,-56
204000330,0,0,0
204000331,108,189,-81
204010341,0,0,0
205000001,958,526,432
205000013,5,66,-61
205000014,10,106,-96
205000015,16,292,-276
205000016,6,161,-155
205000017,48,78,-30
205000022,218,416,-198
205000025,1265,720,545
205000029,53,32,21
205000045,31,179,-148
205000046,29,503,-474
205000047,44,463,-419
205000048,65,787,-722
205000049,73,632,-559
205000050,1072,247,825
205000059,0,271,-271
205000060,0,25,-25
205000061,1,9,-8
205000062,0,23,-23
205000063,3,22,-19
205000064,37,145,-108
205000065,25,377,-352
205000066,26,685,-659
205000067,12,858,-846
205000069,422,317,105
205000082,0,0,0
205000110,20,185,-165
205000111,107,168,-61
205000112,0,0,0
205000113,165,127,38
205000121,0,0,0
205000123,155,117,38
205000126,0,0,0
205000127,0,0,0
205000128,0,0,0
205000129,0,0,0
205000130,0,0,0
205000131,0,0,0
205000132,0,0,0
205000133,0,0,0
205000134,0,0,0
205000137,47,120,-73
205000138,139,161,-22
205000139,13,61,-48
205000144,0,0,0
205000145,0,0,0
205000151,0,0,0
205000152,0,0,0
205000153,0,0,0
205000154,0,0,0
205000155,0,0,0
205000207,271,178,93
205000233,0,0,0
205000234,0,0,0
205000243,0,0,0
205000244,0,3,-3
205000245,10,236,-226
205000249,0,16,-16
205000250,0,0,0
205000264,7,71,-64
206000027,0,0,0
206000028,0,0,0
206000043,11,130,-119
206000053,5,22,-17
206000054,15,58,-43
206000055,8,48,-40
206000075,10,19,-9
206000076,22,27,-5
206000077,18,22,-4
206000078,20,13,7
206000079,29,14,15
206000082,0,0,0
206000100,57,686,-629
206000103,8,57,-49
206000104,13,43,-30
206000105,12,38,-26
206000106,38,90,-52
206000108,742,174,568
206000125,0,0,0
206000157,264,824,-560
206000170,2,395,-393
206000171,8,304,-296
206000172,11,851,-840
206000173,4,247,-243
206000174,7,176,-169
206000175,10,285,-275
206000176,27,379,-352
206000177,6,277,-271
206000178,4,207,-203
206000179,5,125,-120
206000180,20,273,-253
206000181,17,287,-270
206000182,59,276,-217
206000183,37,677,-640
206000184,16,406,-390
206000185,19,358,-339
206000186,104,1070,-966
206000223,13,345,-332
206000226,0,0,0
206000227,0,0,0
206000237,13,292,-279
206000238,33,392,-359
206000239,691,1071,-380
206000240,2,53,-51
206000241,0,330,-330
206000242,25,478,-453
206000243,6,390,-384
206000244,93,909,-816
206000245,59,7,52
206000246,4,1,3
206000247,30,6,24
206000248,38,5,33
206000252,56,62,-6
206000258,24,59,-35
206000315,40,15,25
206000317,66,20,46
206000318,25,20,5
206000319,82,18,64
206000320,17,8,9
206000321,17,3,14
206000322,0,0,0
206000323,0,0,0
206000324,0,0,0
206000325,0,0,0
206000326,0,0,0
206000327,4,0,4
206000328,12,0,12
206000329,7,1,6
206000330,6,0,6
206000331,6,0,6
206000332,1,0,1
206000333,13,0,13
206000334,16,0,16
206000335,0,39,-39
206000361,11,314,-303
206000392,3,70,-67
206000405,28,0,28
206000441,0,0,0
206000498,6,16,-10
206000515,358,36,322
206000530,0,0,0
206000531,0,0,0
206000532,0,0,0
206000535,209,493,-284
206000536,20,118,-98
206000537,16,101,-85
206000613,0,0,0
207000001,112,471,-359
207000002,41,358,-317
207000003,44,292,-248
207000007,77,13,64
207000008,5,8,-3
207000009,6,8,-2
207000010,190,284,-94
207000012,0,0,0
207000015,282,751,-469
207000019,37,24,13
207000021,55,40,15
207000022,3,18,-15
207000023,13,15,-2
207000024,0,3,-3
207000025,2,22,-20
207000026,47,133,-86
207000027,8,110,-102
207000028,21,287,-266
207000029,135,473,-338
207000033,62,49,13
207000034,25,10,15
207000039,0,0,0
207000040,0,0,0
207000041,0,0,0
207000042,0,0,0
207000043,0,0,0
207000051,25,414,-389
207000052,1,204,-203
207000053,402,873,-471
207000054,11,148,-137
207000055,54,181,-127
207000056,146,385,-239
207000057,148,289,-141
207000058,74,435,-361
207000059,50,778,-728
207000060,24,196,-172
207000061,4,26,-22
207000062,52,25,27
207000063,48,77,-29
207000064,138,88,50
207000065,60,113,-53
207000066,27,95,-68
207000067,10,54,-44
207000068,33,31,2
207000069,302,175,127
207000082,5,33,-28
207000083,33,178,-145
207000084,14,4,10
207000085,22,5,17
207000086,10,1,9
207000106,0,0,0
207000107,0,0,0
207000108,0,0,0
207000109,0,0,0
207000110,0,0,0
207000111,0,0,0
207000112,0,0,0
207000114,4,27,-23
207000115,20,98,-78
207000116,13,211,-198
207000117,7,132,-125
207000118,2,112,-110
207000119,8,175,-167
207000123,0,0,0
207000124,0,0,0
207000125,0,0,0
207000126,0,0,0
207000134,1,47,-46
207000135,3,26,-23
207000148,0,0,0
207000149,24,37,-13
207000152,76,389,-313
207000153,1679,921,758
207000154,84,34,50
207000159,35,195,-160
207000160,79,570,-491
207000238,0,50,-50
207000242,0,116,-116
207000248,19,23,-4
207000249,60,77,-17
207000250,231,45,186
207000251,52,59,-7
207000252,37,91,-54
207000278,0,0,0
207000279,43,196,-153
207000280,20,5,15
207000281,24,465,-441
207000282,1,2,-1
207000283,25,82,-57
207000284,5,10,-5
207000285,0,0,0
207000291,9,119,-110
207000304,21,51,-30
207000306,33,416,-383
207000310,0,0,0
207000353,0,0,0
207000356,7,16,-9
207000357,0,0,0
207000358,0,0,0
207000415,3,130,-127
207000417,0,0,0
207000418,24,89,-65
207000438,0,7,-7
207000439,410,82,328
207000446,0,0,0
207000460,0,3,-3
207000466,87,253,-166
207000467,0,0,0
207000468,36,409,-373
207000476,1,4,-3
207000477,13,6,7
207000478,2,9,-7
207000523,1,13,-12
207000524,0,0,0
207000527,19,60,-41
207000530,0,0,0
207000531,0,0,0
207000532,0,0,0
207000534,0,0,0
207000535,41,154,-113
207000537,22,83,-61
207000540,7,158,-151
207000541,2,235,-233
207000548,3,232,-229
207000549,0,0,0
207000561,0,0,0
207000562,11,135,-124
207000567,204,276,-72
207000568,4,32,-28
207000569,14,331,-317
207000584,228,79,149
207000585,0,0,0
207000616,3,280,-277
207000617,0,0,0
207900008,6,50,-44
208000001,36,88,-52
208000002,20,50,-30
208000003,49,56,-7
208000004,110,59,51
208000005,0,21,-21
208000019,0,0,0
208000020,0,0,0
208000021,26,224,-198
208000022,191,318,-127
208000028,85,74,11
208000033,81,284,-203
208000034,278,597,-319
208000037,0,0,0
208000040,0,0,0
208000041,0,0,0
208000042,0,0,0
208000047,36,168,-132
208000064,0,0,0
208000066,0,0,0
208000070,0,0,0
208000071,0,0,0
208000072,0,0,0
208000080,33,42,-9
208000081,7,33,-26
208000082,31,158,-127
208000083,44,286,-242
208000084,0,0,0
208000085,300,365,-65
208000086,204,588,-384
208000087,53,476,-423
208000089,241,309,-68
208000090,162,516,-354
208000093,10,67,-57
208000094,146,333,-187
208000095,308,225,83
208000104,0,0,0
208000105,0,0,0
208000114,0,0,0
208000115,56,179,-123
208000116,0,0,0
208000117,0,0,0
208000118,0,0,0
208000155,148,534,-386
208000158,1028,1121,-93
208000186,0,0,0
208000204,107,449,-342
208000205,239,563,-324
208000282,1926,495,1431
209000004,38,39,-1
209000005,8,18,-10
209000006,137,120,17
209000007,56,91,-35
209000010,128,102,26
209000011,49,115,-66
209000012,49,238,-189
209000013,49,404,-355
209000014,247,1118,-871
209000025,62,34,28
209000026,228,45,183
209000027,74,888,-814
209000028,97,973,-876
209000029,198,847,-649
209000030,130,1472,-1342
209000031,3493,1928,1565
209000034,106,291,-185
209000035,49,176,-127
209000036,52,98,-46
209000037,70,171,-101
209000038,82,152,-70
209000039,48,99,-51
209000040,145,381,-236
209000041,166,350,-184
209000042,169,347,-178
209000043,164,288,-124
209000044,209,325,-116
209000045,54,165,-111
209000046,29,217,-188
209000047,31,91,-60
209000048,26,96,-70
209000049,47,143,-96
209000050,116,259,-143
209000051,115,354,-239
209000052,53,298,-245
209000062,10,116,-106
209000063,12,55,-43
209000064,12,107,-95
209000065,0,0,0
209000066,0,0,0
209000067,0,0,0
209000080,11,87,-76
209000082,0,0,0
209000091,10,51,-41
209000093,38,25,13
209000094,192,106,86
209000110,0,0,0
209000111,150,589,-439
209000112,156,182,-26
209000113,222,149,73
209000114,126,93,33
209000115,76,168,-92
209000116,1392,330,1062
209000118,0,0,0
209000119,13,10,3
209000121,90,472,-382
209000135,0,0,0
209000142,519,401,118
209000143,5,27,-22
209000144,7,22,-15
209000229,15,122,-107
209000240,22,292,-270
209000259,106,159,-53
209000260,14,607,-593
209000261,7,312,-305
209000262,2,210,-208
209000263,0,51,-51
209000264,1,34,-33
209000265,0,1,-1
209000266,0,0,0
209000267,0,0,0
209000268,0,0,0
210000037,0,0,0
210000047,0,0,0
210000048,0,0,0
210000049,0,0,0
210000052,8,85,-77
210000053,4,57,-53
210000054,32,36,-4
210000070,0,0,0
210000071,0,0,0
210000072,0,0,0
210000073,0,21,-21
210000074,0,48,-48
210000075,0,22,-22
210000076,2,106,-104
210000077,8,39,-31
210000078,19,20,-1
210000079,0,0,0
210000080,0,0,0
210000081,0,0,0
210000082,0,0,0
210000083,0,0,0
210000084,0,0,0
210000085,1,37,-36
210000086,3,69,-66
210000099,23,180,-157
210000100,6,139,-133
210000101,38,180,-142
210000105,66,68,-2
210000159,0,42,-42
210000163,123,139,-16
210000164,0,0,0
210000168,0,0,0
210000187,0,7,-7
210000188,0,28,-28
210000214,0,0,0
210000219,0,0,0
210000220,0,0,0
210000232,1,16,-15
210000233,2,33,-31
210000234,21,70,-49
210000235,27,86,-59
210000245,0,23,-23
210000246,0,1,-1
210000258,8,109,-101
210000259,0,0,0
210000282,19,101,-82
210000285,1,52,-51
210000286,6,81,-75
210000290,0,0,0
210000295,11,36,-25
210000296,6,21,-15
210000320,0,0,0
210000321,0,0,0
210000338,25,69,-44
210000339,381,325,56
210000340,56,113,-57
210000341,76,79,-3
210000342,59,80,-21
210000343,42,126,-84
210000344,57,56,1
210000345,67,43,24
210000346,8,33,-25
210000347,9,8,1
210000348,21,5,16
210000349,9,11,-2
210000350,31,61,-30
210000351,53,73,-20
210000352,0,0,0
210000353,0,0,0
210000354,0,0,0
210000355,0,0,0
210000356,0,0,0
210000357,0,0,0
210000358,0,0,0
210000359,0,0,0
210000360,0,0,0
210000361,0,0,0
210000362,0,0,0
210000363,0,0,0
210000364,0,0,0
210000365,0,0,0
210000366,0,0,0
210000367,0,0,0
210000368,0,0,0
210000369,0,0,0
210000370,0,0,0
210000372,0,0,0
210000373,0,0,0
210000374,0,0,0
210000375,0,0,0
210000376,0,0,0
210000404,96,83,13
210000439,0,0,0
210000472,0,0,0
210000482,0,0,0
210000564,0,0,0
210000567,0,2,-2
210000568,0,0,0
211000092,0,0,0
211000094,0,0,0
211000169,0,0,0
211000172,0,0,0
211000209,0,0,0
211000226,0,0,0
211000270,0,2,-2
211000275,0,0,0
211000276,0,0,0
211000279,0,0,0
211000281,0,0,0
211507980,0,0,0
211977296,0,0,0
212000003,0,0,0
212000004,1,8,-7
212000005,15,15,0
212000006,22,43,-21
212000008,56,250,-194
212000009,11,117,-106
212000012,18,64,-46
212000013,17,60,-43
212000014,115,104,11
212000015,101,160,-59
212000016,281,465,-184
212000027,0,4,-4
212000028,0,0,0
212000029,0,0,0
212000030,0,0,0
212000031,0,0,0
212000048,12,61,-49
212000049,11,24,-13
212000050,10,9,1
212000051,56,173,-117
212000052,85,260,-175
212000053,221,456,-235
212000054,3,2,1
212000055,1,4,-3
212000056,0,0,0
212000057,0,0,0
212000058,0,0,0
212000070,45,186,-141
212000077,61,525,-464
212000099,3,1,2
212000108,0,0,0
212000111,0,0,0
212000120,50,93,-43
212000138,15,18,-3
212000156,5,56,-51
212000158,0,1,-1
212000159,7,4,3
212000160,5,4,1
212000161,0,0,0
212000310,5,17,-12
212000311,0,0,0
212000374,10,16,-6
213000001,7,215,-208
213000005,8,1,7
213000006,17,1,16
213000007,0,0,0
213000009,0,0,0
213000010,0,0,0
213000011,0,0,0
213000012,43,146,-103
213000014,0,0,0
213000015,0,0,0
213000016,0,0,0
213000017,0,0,0
213000018,0,142,-142
213000019,0,95,-95
213000020,30,101,-71
213000021,1,38,-37
213000023,0,0,0
213000033,36,264,-228
213000034,0,0,0
213000035,0,0,0
213000045,37,57,-20
213000046,37,19,18
213000047,206,62,144
213000056,0,0,0
213000069,0,0,0
213000073,0,2,-2
213000074,41,292,-251
213000075,0,0,0
213000076,0,0,0
213000085,1,30,-29
213000086,8,173,-165
213000091,0,0,0
213000092,0,0,0
213000099,56,230,-174
213000100,0,0,0
213000101,2,65,-63
213000102,7,178,-171
213000103,52,209,-157
213000104,22,129,-107
213000105,1,18,-17
213000106,8,118,-110
213000107,44,355,-311
213000108,1,289,-288
213000109,1,125,-124
213000110,2,20,-18
213000111,5,9,-4
213000112,93,71,22
213000115,0,0,0
213000116,15,142,-127
213000117,2,229,-227
213000118,67,80,-13
213000119,21,525,-504
213000120,43,468,-425
213000122,109,348,-239
213000123,393,385,8
213000124,14,529,-515
213000125,0,0,0
213000126,6,12,-6
213000127,25,59,-34
213000128,247,181,66
213000129,0,0,0
213000130,0,0,0
213000132,0,0,0
213000133,0,0,0
213000134,0,0,0
213000136,0,0,0
213000137,0,0,0
213000139,0,0,0
213000147,0,0,0
213000148,0,0,0
213000149,0,0,0
213000150,0,65,-65
213000151,0,38,-38
213000152,0,32,-32
213000153,1,15,-14
213000154,8,108,-100
213000155,11,238,-227
213000156,19,281,-262
213000157,334,298,36
213000158,43,333,-290
213000159,0,0,0
213000163,0,0,0
213000165,0,0,0
213000171,0,102,-102
213000172,0,173,-173
213000173,3,139,-136
213000174,3,152,-149
213000175,1,72,-71
213000176,0,0,0
213000177,0,0,0
213000178,0,0,0
213000179,0,0,0
213000180,0,0,0
213000184,20,142,-122
213000188,0,0,0
213000189,0,0,0
213000190,24,385,-361
213000191,7,319,-312
213000192,14,256,-242
213000193,1410,116,1294
213000194,0,13,-13
213000195,7,252,-245
213000196,36,480,-444
213000197,0,0,0
213000198,0,0,0
213000200,73,535,-462
213000201,27,35,-8
213000202,7,520,-513
213000203,0,0,0
213000204,0,0,0
213000205,0,0,0
213000206,0,0,0
213000207,0,0,0
213000208,0,0,0
213000209,0,0,0
213000210,0,0,0
213000211,0,2,-2
213000212,2,20,-18
213000213,0,19,-19
213000218,55,343,-288
213000219,0,0,0
213000220,0,0,0
213000223,0,1,-1
213000224,0,0,0
213000225,0,0,0
213000226,0,0,0
213000227,0,0,0
213000228,0,0,0
213000229,0,0,0
213000230,0,0,0
213000232,12,227,-215
213000233,2,11,-9
213000234,2,39,-37
213000293,0,29,-29
213000294,0,0,0
213000295,0,28,-28
213000296,0,0,0
213000297,4,19,-15
213000298,12,31,-19
213000299,0,0,0
213000300,0,0,0
213000303,5,33,-28
213000304,4,5,-1
213000305,0,0,0
213000306,12,8,4
213000307,0,0,0
213000308,31,99,-68
213000309,0,0,0
213000310,0,0,0
213000311,105,214,-109
213000315,13,64,-51
213000316,0,0,0
213000322,4,35,-31
213000323,0,0,0
213000324,0,50,-50
213000325,0,0,0
213000326,0,8,-8
213000327,0,0,0
213000328,4,23,-19
213000329,0,0,0
213000340,51,734,-683
213000341,0,0,0
213000346,0,0,0
213000347,0,0,0
213000348,2,46,-44
213000349,4,3,1
213000350,80,646,-566
213000366,6,126,-120
213000367,0,0,0
213000379,3,55,-52
213000386,4,106,-102
213000406,28,209,-181
213000417,45,16,29
213000425,0,0,0
213000426,0,0,0
213000427,3,53,-50
213000428,0,46,-46
213000429,0,0,0
213000430,0,66,-66
213000431,19,0,19
213000432,0,1,-1
213000433,0,22,-22
213000434,0,0,0
213000435,0,0,0
213000436,0,0,0
213000437,0,0,0
213000438,0,0,0
213000439,0,0,0
213000440,1,41,-40
213000441,0,0,0
213000442,0,12,-12
213000443,6,33,-27
213000444,5,34,-29
213000445,0,18,-18
213000446,0,0,0
213000447,1,3,-2
213000448,0,0,0
213000449,0,0,0
213000450,0,0,0
213000451,0,0,0
213000452,0,0,0
213000453,10,108,-98
213000455,0,0,0
213000456,0,36,-36
213000481,0,0,0
213000482,0,0,0
213000489,0,0,0
213000491,0,19,-19
213000492,0,0,0
213000493,0,23,-23
213000494,0,0,0
213000495,0,68,-68
213000496,0,0,0
213000497,6,170,-164
213000498,10,95,-85
213000499,17,230,-213
213000500,0,0,0
213000501,0,0,0
213000502,0,0,0
213000503,0,21,-21
213000504,7,88,-81
213000505,0,2,-2
213000506,0,12,-12
213000507,2,145,-143
213900016,0,8,-8
213900244,0,0,0
213900245,0,24,-24
218000003,4,16,-12
218000004,6,19,-13
218000005,0,0,0
218000006,9,46,-37
218000007,3,11,-8
218000012,204,29,175
218000013,29,144,-115
218000014,270,204,66
218000019,899,322,577
218000020,329,293,36
218000021,20,103,-83
218000022,12,64,-52
218000023,1,58,-57
218000024,0,30,-30
218000025,5,55,-50
218000026,10,85,-75
218000027,0,26,-26
218000028,5,16,-11
218000029,2,10,-8
218000030,19,68,-49
218000031,4,73,-69
218000032,2,43,-41
218000040,6,3,3
218000046,24,123,-99
218000047,2,115,-113
218000048,12,146,-134
218000049,32,106,-74
218000050,124,200,-76
218000051,16,274,-258
218000052,0,17,-17
218000053,0,7,-7
218000054,1,20,-19
218000055,2,6,-4
218000056,7,25,-18
218000057,1,11,-10
218000064,0,0,0
218000065,1,0,1
218000066,0,0,0
218000067,8,101,-93
218000068,28,113,-85
218000069,31,277,-246
218000070,50,321,-271
218000071,164,236,-72
218000072,434,224,210
218000078,288,838,-550
218000079,21,71,-50
218000080,77,117,-40
218000081,132,163,-31
218000082,22,63,-41
218000083,5,56,-51
218000084,83,201,-118
218000085,163,429,-266
218000086,33,158,-125
218000087,88,188,-100
218000090,22,58,-36
218000091,262,202,60
218000092,44,178,-134
218000093,70,87,-17
218000094,301,550,-249
218000099,268,291,-23
218000100,102,228,-126
218000101,47,110,-63
218000102,82,160,-78
218000103,14,100,-86
218000104,13,41,-28
218000105,7,8,-1
218000106,6,15,-9
218000107,16,145,-129
218000108,1,85,-84
218000112,11,7,4
218000117,0,0,0
218000134,227,481,-254
218000135,13,44,-31
218000136,62,30,32
218000137,57,135,-78
218000138,1,42,-41
218000139,48,184,-136
218000140,58,88,-30
218000141,3,28,-25
218000142,43,142,-99
218000143,8,126,-118
218000144,2,22,-20
218000145,72,205,-133
218000146,38,110,-72
218000151,6,18,-12
218000152,24,64,-40
218000153,2,18,-16
218000154,6,9,-3
218000155,14,8,6
218000156,113,42,71
218000157,14,55,-41
218000158,1,13,-12
218000159,27,19,8
218000160,6,12,-6
218000161,37,13,24
218000162,61,19,42
218000163,11,9,2
218000164,78,18,60
218000165,101,82,19
218000170,0,23,-23
218000171,15,8,7
218000172,1,12,-11
218000173,4,6,-2
218000174,3,4,-1
218000176,45,16,29
218000177,243,37,206
218000178,75,39,36
218000179,56,9,47
218000180,57,2,55
218000181,71,9,62
218000187,4,9,-5
218000188,6,12,-6
218000189,7,31,-24
218000190,1,11,-10
218000191,42,78,-36
218000192,68,426,-358
218000193,449,393,56
218000194,23,539,-516
218000195,113,131,-18
218000196,138,211,-73
218000197,80,230,-150
218000198,4,87,-83
218000199,26,22,4
218000200,9,22,-13
218000201,3,5,-2
218000202,118,49,69
218000207,4,49,-45
218000208,12,27,-15
218000211,7,32,-25
218000212,1,7,-6
218000213,57,33,24
218000214,2,12,-10
218000215,16,131,-115
218000217,4,76,-72
218000218,352,95,257
218000219,2,4,-2
218000220,65,184,-119
218000221,82,107,-25
218000222,11,32,-21
218000223,105,117,-12
218000224,3,57,-54
218000225,190,35,155
218000226,56,84,-28
218000230,0,3,-3
218000232,38,26,12
218000239,0,0,0
218000240,0,0,0
218000241,0,0,0
218000242,0,0,0
218000243,0,0,0
218000244,0,0,0
218000245,0,0,0
218000246,0,0,0
218000247,0,0,0
218000248,0,22,-22
218000249,0,2,-2
218000250,0,9,-9
218000251,0,6,-6
218000252,0,16,-16
218000253,1,0,1
218000254,0,5,-5
218000255,0,2,-2
218000256,2,19,-17
218000267,437,490,-53
218000268,3,39,-36
218000269,1,10,-9
218000270,47,106,-59
218000271,35,171,-136
218000273,0,0,0
218000274,0,0,0
218000275,25,37,-12
218000276,6,65,-59
218000278,8,19,-11
218000279,24,73,-49
218000280,0,33,-33
218000281,1,14,-13
218000282,57,38,19
218000284,0,0,0
218000301,19,116,-97
218000302,12,18,-6
218000303,15,41,-26
218000316,447,399,48
218000317,213,507,-294
218000318,96,482,-386
218000319,324,1125,-801
218000320,247,549,-302
218000338,5,18,-13
218000345,38,64,-26
218000346,0,0,0
218000459,65,284,-219
218000490,8,21,-13
218000501,2,1,1
218000502,12,89,-77
218000503,3,1,2
218000504,12,1,11
218000505,14,101,-87
218000506,57,80,-23
218000508,0,4,-4
218000510,46,4,42
218000520,70,55,15
218000521,2,11,-9
218000522,0,45,-45
218000523,0,0,0
218000524,16,38,-22
218000525,1,11,-10
218000526,5,22,-17
218000529,6,34,-28
218000530,17,12,5
218000531,0,0,0
218000532,2,39,-37
218000534,0,0,0
218000537,0,0,0
218000538,66,74,-8
218000540,327,204,123
218000543,38,27,11
218000544,33,159,-126
218000545,15,25,-10
218000546,16,94,-78
218000547,40,41,-1
218000548,47,132,-85
218000549,66,35,31
218000550,147,387,-240
218000551,127,156,-29
218000552,51,11,40
218000553,1,21,-20
218000554,8,12,-4
218000555,5,13,-8
218000556,82,327,-245
218000557,91,55,36
218000558,0,0,0
218000559,0,8,-8
218000560,0,6,-6
218000561,0,0,0
218000562,11,85,-74
218000563,12,14,-2
218000564,7,38,-31
218000565,6,5,1
218000566,10,9,1
218000567,6,5,1
218000568,0,0,0
218000569,1,15,-14
218000570,6,2,4
218000571,0,18,-18
218000572,0,0,0
218000573,1,5,-4
218000574,2,11,-9
218000575,0,0,0
218000576,2,30,-28
218000577,0,0,0
218000578,2,22,-20
218000579,31,0,31
218000581,1,31,-30
218000582,0,0,0
218000583,2,0,2
218000584,0,14,-14
218000585,2,4,-2
218000586,2,55,-53
218000587,0,0,0
218000588,0,2,-2
218000589,0,2,-2
218000590,0,0,0
218000591,0,11,-11
218000592,0,0,0
218000593,0,0,0
218000594,0,1,-1
218000595,0,0,0
218000596,0,0,0
218000597,0,0,0
218000598,0,0,0
218000599,0,0,0
218000600,0,0,0
218000601,0,0,0
218000602,0,0,0
218000603,0,2,-2
218000604,0,0,0
218000605,1,7,-6
218000606,1,0,1
218000607,2,11,-9
218000608,0,3,-3
218000609,0,21,-21
218000610,1,6,-5
218000611,0,1,-1
218000612,0,14,-14
218000613,2,0,2
218000614,0,12,-12
218000615,0,3,-3
218000616,1,70,-69
218000617,1,4,-3
218000618,0,11,-11
218000619,5,3,2
218000620,1,20,-19
218000621,0,0,0
218000622,0,1,-1
218000623,1,0,1
218000624,0,1,-1
218000625,0,0,0
218000626,0,10,-10
218000628,14,10,4
218000631,0,0,0
218000632,1,24,-23
218000633,0,0,0
218000634,0,10,-10
218000635,1,4,-3
218000636,398,900,-502
218000637,277,228,49
218000638,0,0,0
218000639,7,309,-302
218000640,0,0,0
218000641,13,279,-266
218000652,54,118,-64
218000653,168,134,34
218000663,0,12,-12
218000675,0,6,-6
218000676,1,36,-35
218000677,11,15,-4
218000680,23,86,-63
218000681,0,0,0
218000691,14,69,-55
218000693,0,0,0
218000703,4,120,-116
218000718,71,146,-75
218000719,6,19,-13
218000720,0,9,-9
218000721,2,2,0
218000725,1,25,-24
218001147,0,62,-62
218001214,12,42,-30
218001258,0,0,0
218001329,0,0,0
218001330,24,31,-7
218001351,0,0,0
218001352,2,1,1
218001353,0,0,0
218001354,0,2,-2
218001355,7,106,-99
218001356,0,6,-6
218001357,4,97,-93
218001358,0,0,0
218001361,0,2,-2
218001362,4,91,-87
219000001,13,60,-47
219000002,34,73,-39
219000003,163,36,127
219000004,214,79,135
219000017,19,17,2
219000020,24,4,20
219000022,21,2,19
219000023,21,3,18
219000029,0,84,-84
219000034,0,0,0
219000039,18,33,-15
219000040,5,15,-10
219000041,61,38,23
219000051,0,77,-77
219000052,0,34,-34
219000053,2,168,-166
219000054,25,155,-130
219000055,29,2,27
219000056,2,0,2
219000057,15,0,15
219000062,2,162,-160
219000063,21,18,3
219000064,3,20,-17
219000110,41,10,31
219000111,58,16,42
219000112,80,20,60
219000113,60,19,41
219000114,75,6,69
219000116,74,50,24
219000117,133,140,-7
219000118,55,170,-115
219000123,141,55,86
219000124,48,47,1
219000125,6,29,-23
219000126,32,64,-32
219000127,0,9,-9
219000128,19,132,-113
219000129,26,199,-173
219000130,1807,752,1055
219000131,1555,1390,165
219000133,25,80,-55
219000134,10,40,-30
219000135,143,89,54
219000136,276,261,15
219000138,6,27,-21
219000139,5,52,-47
219000140,0,0,0
219000141,5,101,-96
219000142,2,77,-75
219000143,9,75,-66
219000145,2,17,-15
219000146,10,80,-70
219000147,5,60,-55
219000148,2,58,-56
219000149,42,174,-132
219000150,7,101,-94
219000151,3,109,-106
219000157,83,72,11
219000158,71,270,-199
219000161,148,42,106
219000163,927,164,763
219000166,48,145,-97
219000167,37,258,-221
219000168,121,14,107
219000174,6,11,-5
219000175,0,0,0
219000176,0,0,0
219000177,0,0,0
219000178,0,0,0
219000179,0,0,0
219000180,16,31,-15
219000182,0,0,0
219000183,0,18,-18
219000184,0,0,0
219000185,2,140,-138
219000186,0,29,-29
219000187,5,79,-74
219000189,110,211,-101
219000190,135,250,-115
219000191,1315,587,728
219000192,196,453,-257
219000193,491,285,206
219000195,0,33,-33
219000196,1,96,-95
219000198,9,90,-81
219000199,55,125,-70
219000200,31,147,-116
219000201,31,148,-117
219000203,10,112,-102
219000204,21,120,-99
219000205,33,183,-150
219000207,62,189,-127
219000209,30,71,-41
219000210,18,71,-53
219000213,10,159,-149
219000239,70,83,-13
219000240,33,172,-139
219000241,13,110,-97
219000242,33,81,-48
219000243,33,247,-214
219000244,2,64,-62
219000245,9,37,-28
219000246,0,0,0
219000247,0,0,0
219000248,0,0,0
219000249,0,0,0
219000250,0,0,0
219000251,0,0,0
219000252,0,0,0
219000253,0,0,0
219000255,0,0,0
219000256,0,0,0
219000257,0,0,0
219000262,65,316,-251
219000263,35,168,-133
219000267,2,121,-119
219000268,8,13,-5
219000269,0,0,0
219000270,0,0,0
219000271,97,2,95
219000278,0,11,-11
219000279,2,4,-2
219000283,0,3,-3
219000295,17,81,-64
219000296,49,347,-298
219000297,3,143,-140
219000298,12,207,-195
219000299,0,0,0
219000300,11,337,-326
219000301,57,249,-192
219000302,17,162,-145
219000307,15,71,-56
219000308,45,50,-5
219000311,0,0,0
219000312,0,0,0
219000313,0,0,0
219000314,131,463,-332
219000315,0,0,0
219000316,0,0,0
219000317,0,0,0
219000320,0,42,-42
219000321,0,17,-17
219000323,6,66,-60
219000325,1,33,-32
219000326,52,162,-110
219000327,48,40,8
219000328,14,27,-13
219000329,402,189,213
219000330,12,33,-21
219000331,26,47,-21
219000332,0,0,0
219000333,0,0,0
219000335,0,0,0
219000337,0,0,0
219000338,0,0,0
219000344,34,58,-24
219000345,77,149,-72
219000346,35,185,-150
219000348,45,134,-89
219000349,13,177,-164
219000350,25,68,-43
219000351,2,3,-1
219000352,61,62,-1
219000353,50,59,-9
219000354,64,125,-61
219000355,26,7,19
219000356,843,448,395
219000363,256,63,193
219000364,127,51,76
219000365,95,19,76
219000366,518,175,343
219000368,184,79,105
219000370,347,169,178
219000371,5,14,-9
219000382,5,24,-19
219000383,676,519,157
219000385,557,311,246
219000386,622,753,-131
219000387,0,6,-6
219000390,0,0,0
219000391,0,0,0
219000397,53,129,-76
219000398,88,39,49
219000401,0,50,-50
219000402,4,49,-45
219000403,20,58,-38
219000404,3,13,-10
219000407,1,13,-12
219000409,0,0,0
219000410,0,0,0
219000411,0,0,0
219000446,195,427,-232
219000447,2,29,-27
219000448,0,0,0
219000452,0,0,0
219000453,33,71,-38
219000454,124,81,43
219000556,0,0,0
219000558,53,160,-107
219000590,6,125,-119
219000591,0,0,0
219000592,81,419,-338
219000595,1,36,-35
219000635,0,0,0
219000636,7,99,-92
219000657,9,18,-9
219000658,7,40,-33
219000673,0,39,-39
219000676,0,3,-3
219000679,15,26,-11
219000684,19,1,18
219000685,1,68,-67
219000686,7,1,6
219000688,0,211,-211
219000689,67,76,-9
219000690,0,0,0
219000691,45,27,18
219000692,5,25,-20
219000693,1,18,-17
219000694,0,0,0
219000695,0,0,0
219000698,0,0,0
219000699,0,12,-12
219000727,0,150,-150
219000728,32,0,32
219000770,0,0,0
219000771,1,28,-27
219000788,130,105,25
219001150,6,5,1
219001151,0,3,-3
219001166,0,0,0
219001167,2,23,-21
219001178,38,9,29
220000001,5,21,-16
220000002,7,106,-99
220000003,170,203,-33
220000004,225,376,-151
220000005,811,953,-142
220000006,63,443,-380
220000007,178,646,-468
220000008,129,762,-633
220000009,219,409,-190
220000010,25,30,-5
220000011,151,126,25
220000012,2,23,-21
220000014,6,34,-28
220000015,0,0,0
220000017,3,110,-107
220000018,939,111,828
220000019,23,70,-47
220000020,82,153,-71
220000021,135,111,24
220000022,205,397,-192
220000023,61,136,-75
220000024,764,303,461
220000025,299,314,-15
220000026,178,122,56
220000027,8,33,-25
220000028,9,27,-18
220000029,31,72,-41
220000030,24,68,-44
220000031,31,133,-102
220000064,0,0,0
221000046,2,0,2
221000047,0,1,-1
221000048,0,0,0
221000049,1,6,-5
221000050,1,0,1
221000055,24,50,-26
221000057,15,2,13
221000068,108,36,72
221000069,30,10,20
221000070,32,0,32
221000071,3,1,2
221000072,48,6,42
221000073,7,25,-18
221000074,1,12,-11
221000075,3,16,-13
221000076,2,55,-53
221000077,15,96,-81
221000081,7,4,3
221000082,10,0,10
221000083,0,0,0
221000084,0,1,-1
221000085,24,72,-48
221000086,19,137,-118
221000087,3,124,-121
221000088,18,108,-90
221000089,31,171,-140
221000090,287,288,-1
221000098,10,4,6
221000099,22,3,19
221000100,9,4,5
221000101,53,4,49
221000102,27,1,26
221000109,10,82,-72
221000110,4,124,-120
221000111,12,147,-135
221000112,5,116,-111
221000113,17,174,-157
221000114,17,208,-191
221000120,0,6,-6
221000121,0,0,0
221000122,0,0,0
221000123,0,5,-5
221000124,0,67,-67
221000155,0,0,0
221000156,0,0,0
221000175,0,0,0
221000176,0,0,0
221000182,29,3,26
221000241,412,55,357
221000242,366,278,88
221000243,119,41,78
221000244,82,290,-208
221000245,26,48,-22
221000246,24,159,-135
221000247,8,47,-39
221000248,17,126,-109
221000267,3,197,-194
221000325,2,14,-12
221000331,0,15,-15
221000338,0,0,0
221000378,0,0,0
221000381,6,21,-15
222000282,0,0,0
222000296,0,2,-2
222000568,0,0,0
222000569,0,0,0
222000570,0,0,0
222000571,0,0,0
222000577,0,60,-60
222000578,3,40,-37
222000579,4,11,-7
222000580,10,125,-115
222000599,0,27,-27
222000600,0,27,-27
222000601,0,70,-70
222000603,2,0,2
222000604,0,1,-1
222000605,0,1,-1
222000606,0,1,-1
222000607,0,0,0
222000608,0,0,0
222000609,1,5,-4
222000616,0,0,0
222000617,0,0,0
222000618,0,0,0
222000620,0,0,0
222000621,0,0,0
222000623,0,0,0
222000624,0,0,0
222000625,0,3,-3
222000636,0,0,0
222000686,0,0,0
222000687,0,0,0
222001066,0,0,0
222001067,0,0,0
222001068,0,0,0
222001069,0,0,0
222001082,0,12,-12
222001083,2,19,-17
222001084,0,15,-15
222001085,0,47,-47
222001111,2,63,-61
222001112,0,0,0
222001313,0,0,0
222001314,0,4,-4
222001464,0,0,0
222001465,0,0,0
222001484,0,0,0
222001485,0,2,-2
222001494,0,0,0
222001495,0,2,-2
222001496,0,0,0
222001497,0,6,-6
222001502,21,144,-123
222001503,0,0,0
222001504,13,195,-182
222001505,0,0,0
222001506,7,187,-180
222001507,0,0,0
222001510,0,0,0
222001511,13,185,-172
222001514,0,0,0
222001515,81,368,-287
222001518,0,0,0
222001519,15,248,-233
222001527,0,0,0
222001528,44,97,-53
222001529,0,0,0
222001530,8,122,-114
222001533,87,361,-274
222001534,0,0,0
222001535,0,0,0
222001536,0,4,-4
222001537,0,0,0
222001538,24,181,-157
222001563,0,0,0
222001564,20,429,-409
222001568,1,39,-38
222001576,0,0,0
222001579,0,0,0
222001583,0,3,-3
222001584,0,0,0
222001596,36,535,-499
222001597,0,0,0
222001626,0,23,-23
222001650,1,31,-30
222001651,0,2,-2
222001914,0,0,0
222001915,26,91,-65
222001968,0,0,0
222001969,2,6,-4
222001970,0,0,0
222001971,0,0,0
222001972,0,9,-9
225000001,11,2,9
225000002,15,4,11
225000003,21,2,19
225000004,14,10,4
225000005,1,5,-4
225000006,0,86,-86
225000007,2545,424,2121
225000010,67,1,66
225000011,0,0,0
225000012,0,0,0
225000013,0,0,0
225000014,0,0,0
225000015,44,137,-93
225000021,0,0,0
225000027,94,313,-219
225000032,0,0,0
225000042,26,503,-477
225000049,27,50,-23
225000050,45,1,44
225000053,1,71,-70
225000058,0,0,0
225000067,35,191,-156
225000068,32,454,-422
225000069,59,359,-300
225000070,46,344,-298
225000071,12,217,-205
225000075,21,429,-408
225000076,34,59,-25
225000078,0,0,0
225000085,0,0,0
225000086,0,0,0
225000087,0,0,0
225000088,2,64,-62
225000089,606,311,295
225000090,3,182,-179
225000091,28,169,-141
225000092,6,48,-42
225000093,44,363,-319
225000094,9,431,-422
225000095,140,459,-319
225000096,54,301,-247
225000098,16,8,8
225000099,10,17,-7
225000100,16,6,10
225000104,9,255,-246
225000110,5,266,-261
225000111,40,610,-570
225000112,62,639,-577
225000113,34,381,-347
225000114,37,179,-142
225000115,1896,239,1657
225000116,0,0,0
225000117,0,0,0
225000118,0,0,0
225000119,0,0,0
225000120,0,0,0
225000121,0,0,0
225000123,0,0,0
225000125,15,30,-15
225000126,191,6,185
225000127,358,34,324
225000128,33,9,24
225000132,83,23,60
225000133,57,8,49
225000134,185,35,150
225000135,19,3,16
225000136,36,4,32
225000137,25,13,12
225000138,104,11,93
225000143,63,71,-8
225000144,4,217,-213
225000145,0,0,0
225000146,7,93,-86
225000147,5,201,-196
225000148,0,125,-125
225000149,76,235,-159
225000151,48,107,-59
225000155,98,189,-91
225000156,49,216,-167
225000157,40,162,-122
225000158,14,263,-249
225000171,3,129,-126
225000180,22,4,18
225000181,0,20,-20
225000182,0,0,0
225000185,1,138,-137
225000187,21,258,-237
225000191,1,1,0
225000194,0,22,-22
225000208,0,28,-28
225000209,0,0,0
225000210,7,67,-60
225000217,1,21,-20
225000218,0,0,0
225000223,0,35,-35
225000224,0,0,0
225000225,0,4,-4
225000226,0,0,0
225000227,49,57,-8
225000228,0,0,0
225000229,1,51,-50
225000230,0,0,0
225000231,1,82,-81
225000232,0,0,0
225000241,0,0,0
225000242,0,55,-55
225000249,2,5,-3
225000250,39,417,-378
225000251,93,12,81
225000254,0,0,0
225000256,0,0,0
225000257,0,3,-3
226000042,101,215,-114
226000043,14,154,-140
226000044,47,466,-419
226000045,42,369,-327
226000046,63,30,33
226000047,68,22,46
226000048,87,18,69
226000049,83,27,56
226000070,0,46,-46
226000071,1,26,-25
226000072,0,5,-5
226000073,0,4,-4
226000074,0,7,-7
226000084,0,41,-41
226000085,0,5,-5
226000086,0,6,-6
226000087,0,6,-6
226000088,3,11,-8
226000090,3,1,2
226000091,2,0,2
226000092,2,0,2
226000093,2,0,2
226000094,1,1,0
226000095,2,1,1
226000105,0,0,0
226000106,1,0,1
226000107,0,0,0
226000108,2,0,2
226000109,6,0,6
226000124,93,13,80
226000134,195,127,68
226000135,413,257,156
226000136,80,84,-4
226000137,5,224,-219
226000138,3,144,-141
226000139,0,22,-22
226000156,14,2,12
226000157,42,4,38
226000163,10,33,-23
226000202,2,256,-254
226000231,38,0,38
226000232,3,0,3
227000033,0,0,0
227000036,0,0,0
227000037,0,0,0
227000038,0,0,0
227000084,1,27,-26
227000085,0,20,-20
227000088,0,0,0
227000089,0,0,0
227000090,0,0,0
227000091,0,0,0
227000092,0,0,0
227000093,0,0,0
227000094,0,0,0
227000130,9,48,-39
227000131,7,237,-230
227000132,3,231,-228
227000133,3,215,-212
227000134,6,326,-320
227000152,0,2,-2
227000153,1,29,-28
227000154,0,22,-22
227000155,0,16,-16
227000156,0,13,-13
227000165,2,33,-31
227000196,32,174,-142
227000199,10,307,-297
227000230,29,317,-288
227000232,0,0,0
227000242,65,359,-294
227000243,0,0,0
227000245,31,347,-316
227000246,63,460,-397
227000247,0,0,0
227000248,0,0,0
227000249,20,311,-291
227000250,2,0,2
227000251,142,264,-122
227000252,15,417,-402
227000253,0,0,0
227000262,0,0,0
227000266,0,0,0
227000267,32,1340,-1308
227000282,34,110,-76
227000284,0,0,0
227000286,20,48,-28
227000287,28,106,-78
227000291,56,366,-310
227000296,0,0,0
227000484,0,0,0
227000485,41,442,-401
227000655,0,0,0
227000656,0,0,0
227000657,0,0,0
227000661,0,0,0
227000680,0,0,0
229000265,1,15,-14
229000296,1,1,0
229000297,0,11,-11
229000298,7,39,-32
229000320,0,1,-1
229000321,0,2,-2
229000412,0,28,-28
229000414,0,15,-15
229000415,1,0,1
229000416,0,2,-2
229000417,1,3,-2
229000419,21,112,-91
229000440,30,6,24
229000442,0,1,-1
229000443,0,2,-2
229000444,0,13,-13
229000445,3,2,1
229000446,0,3,-3
229000491,8,51,-43
229000492,23,105,-82
229000493,4,118,-114
229000494,45,27,18
229000495,205,117,88
229000496,16,102,-86
229000507,0,47,-47
229000508,5,33,-28
229000509,0,56,-56
229000510,1,40,-39
229000511,5,53,-48
229000512,1,32,-31
229000513,0,2,-2
229000514,1,6,-5
229000517,3,10,-7
229000518,7,41,-34
229000519,0,21,-21
229000520,6,41,-35
229000521,42,58,-16
229000522,4,26,-22
229000523,12,41,-29
229000524,6,39,-33
229000527,2,6,-4
229000528,0,4,-4
229000529,3,0,3
229000530,60,45,15
229000531,16,30,-14
229000532,27,30,-3
229000533,232,80,152
229000534,68,38,30
229000564,77,24,53
229000565,19,9,10
229000566,0,40,-40
229000567,1,103,-102
229000582,242,22,220
229000583,10,17,-7
229000584,0,45,-45
229000585,10,53,-43
229000718,0,2,-2
229000719,0,3,-3
229000720,0,25,-25
229000721,0,19,-19
229000722,0,37,-37
229000723,0,12,-12
229000724,0,3,-3
229000725,0,14,-14
229000738,14,3,11
229000739,1,0,1
229000740,3,1,2
229000741,48,3,45
229000742,26,1,25
229000743,52,2,50
229000744,11,2,9
229000745,4,0,4
229000746,101,1,100
229000847,31,4,27
229000848,29,2,27
229000849,367,12,355
229000851,19,1,18
229000854,0,27,-27
229000856,1,77,-76
229000857,0,15,-15
229000858,0,61,-61
229000919,9,103,-94
229000930,1,121,-120
229000937,234,28,206
229000966,88,34,54
229000981,10,18,-8
229000985,0,15,-15
229000986,0,0,0
229000987,0,0,0
229000988,0,0,0
229000989,0,0,0
229000990,0,0,0
229000991,0,0,0
229000992,0,0,0
229000993,18,2,16
229000998,11,10,1
229000999,4,1,3
229001034,0,3,-3
229001035,0,0,0
229001037,3,8,-5
229001042,4,1,3
229001047,2,11,-9
229001050,2,31,-29
229001168,0,7,-7
229001200,0,0,0
229001338,1,16,-15
229001394,232,1,231
229001422,420,37,383
229001423,11,118,-107
229001431,198,79,119
229001432,24,60,-36
229001444,22,8,14
229001445,5,94,-89
229001479,13,10,3
229001503,302,79,223
229001504,45,126,-81
229001505,398,56,342
229001506,40,131,-91
229001509,4,24,-20
229001545,103,15,88
229001546,4,63,-59
229001553,69,23,46
229001554,6,75,-69
229001559,0,2,-2
229001560,0,1,-1
229001630,9,2,7
229001631,6,8,-2
229001635,0,2,-2
229001636,0,0,0
229001658,4,39,-35
229001659,203,6,197
229001660,0,0,0
229001661,0,6,-6
229001662,42,1,41
229001663,0,15,-15
229002584,18,24,-6
229002831,38,35,3
229002841,1,19,-18
229002842,0,1,-1
229002843,3,4,-1
229002844,5,14,-9
229002845,0,47,-47
229002846,0,3,-3
229002847,0,2,-2
229002848,0,0,0
229002849,0,12,-12
229002850,0,2,-2
229002851,2,23,-21
229002852,3,2,1
229002853,8,1,7
229002854,2,29,-27
229002855,0,15,-15
229002856,2,1,1
229002857,1,24,-23
229002858,4,0,4
229002859,1,4,-3
229002860,1,1,0
229002861,3,4,-1
229002862,1,6,-5
229002863,11,12,-1
229002864,0,13,-13
229002865,0,3,-3
229002866,0,4,-4
229002867,0,7,-7
229002868,1,0,1
229002869,0,47,-47
229002870,1,0,1
235000066,0,0,0
235000067,0,0,0
235000072,22,75,-53
235000073,50,231,-181
235000074,18,60,-42
235000080,2,44,-42
235000081,20,100,-80
235000082,0,0,0
235000083,0,0,0
235000084,0,0,0
235000085,0,0,0
235000089,0,0,0
235000092,9,169,-160
235000093,2,3,-1
235000097,0,0,0
235000098,0,0,0
235000099,0,0,0
235000116,0,0,0
235000117,0,0,0
235000133,4,131,-127
235000134,1,65,-64
235000206,0,1,-1
235000207,0,0,0
235000208,0,0,0
235000209,0,0,0
235000210,0,0,0
235000212,1,9,-8
235000213,0,6,-6
235000220,0,1,-1
235000221,4,8,-4
235000238,0,0,0
235000239,0,0,0
235000242,36,9,27
235000245,504,179,325
235000246,2,54,-52
235000284,1,38,-37
235000295,0,0,0
235000305,0,0,0
235000306,0,0,0
235000307,0,0,0
235000308,0,0,0
235000309,0,0,0
235000310,0,0,0
235000311,0,6,-6
235000322,0,4,-4
235000323,0,16,-16
235000324,0,7,-7
235000325,1,2,-1
235000326,0,107,-107
235000351,0,26,-26
235000352,5,33,-28
235000353,1,35,-34
235000354,1,31,-30
235000355,3,56,-53
235000356,0,0,0
235000357,0,0,0
235000358,0,0,0
235000359,0,0,0
235000360,0,0,0
235000361,0,0,0
235000381,24,200,-176
235000382,0,0,0
235000390,0,0,0
235000391,0,0,0
235000392,0,0,0
235000393,0,0,0
235000395,0,0,0
235000396,0,0,0
235000400,0,0,0
235000401,4,122,-118
235000405,50,281,-231
235000406,7,177,-170
235000407,42,102,-60
235000409,96,128,-32
235000410,14,144,-130
235000411,1,57,-56
235000485,0,13,-13
235000486,0,0,0
235000549,0,0,0
235000550,74,130,-56
235000599,64,105,-41
235000600,9,10,-1
235000601,0,0,0
235000602,0,0,0
235000614,1,0,1
235000648,0,66,-66
235000649,0,0,0
235000685,1,1,0
235000815,4,29,-25
235000834,0,2,-2
235000855,0,0,0
235000862,8,112,-104
235000891,0,9,-9
235000892,2,4,-2
235000901,69,78,-9
235000907,3,2,1
235001010,0,0,0
235001029,512,224,288
235001030,0,0,0
235001078,0,0,0
235001079,12,84,-72
235001147,0,0,0
235001166,0,0,0
235001167,6,41,-35
235001169,4,157,-153
235001188,0,5,-5
235001189,0,0,0
235001197,1,6,-5
235001200,9,45,-36
235001207,0,0,0
235001210,6,79,-73
235001215,12,56,-44
235001239,1,49,-48
235001244,0,0,0
235016267,0,4,-4
277101746,0,54,-54
277102712,0,0,0
277103813,0,0,0
277103898,0,1,-1
277104249,0,2,-2
277104250,0,0,0
277104251,0,0,0
277104252,0,0,0
990011530,0,174,-174
990014944,0,315,-315
990015176,15,18,-3
990015618,0,68,-68
990016032,2,113,-111
990032570,2,30,-28
990070001,0,1,-1
990070103,1,5,-4
990070601,0,17,-17
990070751,0,0,0
990070766,0,170,-170
990071180,1,34,-33
990071343,0,0,0
990071387,0,4,-4
990071823,0,1,-1
990072600,0,354,-354
990072964,0,280,-280
990073285,0,1,-1
990074393,1,351,-350
990074870,0,0,0
990075106,0,0,0
990075746,1,2,-1
990076437,0,2,-2
990076458,2,585,-583
997000007,0,0,0
997000041,0,85,-85
997000058,0,0,0
997000062,0,1,-1
997000069,0,5,-5
997000070,0,36,-36
997000100,0,0,0
997000141,0,1,-1
997000198,0,0,0
998000475,0,12,-12
998000736,0,82,-82
998000965,0,0,0
998001031,0,22,-22
998001700,0,18,-18
998001899,0,3,-3
998001900,61,23,38
998003073,0,0,0
998101900,0,0,0
998102850,0,7,-7
998501927,1,176,-175
998501929,6,1,5
998501930,14,1,13
998501931,17,5,12
998501932,6,0,6
998501933,0,0,0
998501937,0,2,-2
998501944,0,2,-2
998501950,0,0,0
998501970,74,101,-27
998501971,0,91,-91
998501973,0,23,-23
998501974,1,107,-106
998501975,0,0,0
998501976,2,1,1
998501977,0,28,-28
998501978,0,1,-1
998501979,0,25,-25
998501980,0,0,0
998501981,0,1,-1
998501982,2,138,-136
998502006,0,0,0
998502024,0,3,-3
998502032,0,1,-1
998502062,2,0,2
998502063,0,0,0
998502173,0,0,0
998502269,0,0,0
998601159,0,72,-72
998601292,0,7,-7
999033574,1,501,-500
999800001,0,0,0
999800002,0,1,-1
999800003,2,8,-6
999800004,0,12,-12
999800005,0,21,-21
