ID,insum,outsum,diff
100000001,621,425,196
100000002,2218,653,1565
100000003,9715,1888,7827
100000004,1883,684,1199
100000005,2152,2061,91
100000006,369,90,279
100000007,820,312,508
100000008,231,597,-366
100000009,299,148,151
100000010,20,39,-19
100000011,505,60,445
100000012,66,779,-713
100000013,25,203,-178
100000014,458,325,133
100000015,1120,932,188
100000016,1165,1257,-92
100000017,724,1054,-330
100000018,1332,569,763
100000019,6208,1518,4690
100000020,2004,3909,-1905
100000021,7763,2013,5750
100000022,1997,808,1189
100000023,7706,916,6790
100000025,3615,433,3182
100000028,2119,736,1383
100000029,280,168,112
100000030,858,73,785
100000031,7401,4801,2600
100000032,2880,3084,-204
100000033,654,1613,-959
100000034,930,221,709
100000035,1836,738,1098
100000036,3190,874,2316
100000037,363,399,-36
100000038,944,782,162
100000039,755,184,571
100000040,170,147,23
100000041,1411,350,1061
100000042,994,296,698
100000043,432,252,180
100000044,412,835,-423
100000045,422,1472,-1050
100000046,677,1448,-771
100000047,351,900,-549
100000048,1012,669,343
100000049,1684,2681,-997
100000051,345,1077,-732
100000053,27,9,18
100000054,84,27,57
100000055,379,273,106
100000056,153,456,-303
100000057,1398,614,784
100000058,907,1511,-604
100000059,5,139,-134
100000060,246,321,-75
100000061,1148,507,641
100000062,1285,467,818
100000063,320,198,122
100000064,609,375,234
100000065,297,1419,-1122
100000066,148,1012,-864
100000067,531,943,-412
100000068,580,1826,-1246
100000069,215,1827,-1612
100000072,420,1276,-856
100000073,1120,1308,-188
100000075,378,318,60
100000076,1967,1346,621
100000077,716,97,619
100000078,149,16,133
100000079,47,29,18
100000080,10,10,0
100000081,51,22,29
100000102,2153,1025,1128
100000103,3761,744,3017
100000104,5745,1046,4699
100000105,4598,605,3993
100000106,2693,1125,1568
100000107,677,307,370
100000108,975,1157,-182
100000109,3310,1011,2299
100000116,1222,408,814
100000117,26,46,-20
100000118,1204,699,505
100000119,421,593,-172
100000121,146,545,-399
100000122,825,669,156
100000123,4186,4095,91
100000124,9355,4883,4472
100000125,4015,735,3280
100000126,666,209,457
100000127,1621,317,1304
100000128,1309,1162,147
100000129,556,407,149
100000130,373,585,-212
100000131,5032,2819,2213
100000132,2492,1474,1018
100000133,12238,2966,9272
100000135,422,664,-242
100000139,200,201,-1
100000140,197,333,-136
100000142,282,527,-245
100000143,1577,1024,553
100000144,4274,1024,3250
100000147,808,1714,-906
100000150,12,509,-497
100000151,504,288,216
100000153,228,246,-18
100000154,109,75,34
100000155,4,39,-35
100000156,40,95,-55
100000157,74,158,-84
100000158,50,81,-31
100000159,296,451,-155
100000165,1128,668,460
100000169,789,228,561
100000174,2282,320,1962
100000179,79,528,-449
100000180,3359,1178,2181
100000181,129,365,-236
100000188,69,404,-335
100000189,799,254,545
100000190,338,318,20
100000191,431,334,97
100000192,117,73,44
100000193,101,138,-37
100000330,2682,453,2229
100000355,116,507,-391
100000362,4751,3516,1235
100000363,1829,2905,-1076
100000364,366,128,238
100000365,3139,4217,-1078
100000366,4100,2461,1639
100000367,2366,2866,-500
100000368,1941,1894,47
100000369,955,1233,-278
100000370,200,236,-36
100000376,59,66,-7
100000379,2528,1023,1505
100000380,3485,1277,2208
100000384,6436,2020,4416
100000385,7064,2890,4174
100000386,10925,2435,8490
100000387,8426,2889,5537
100000388,15095,3162,11933
100000389,13478,2877,10601
100000390,14373,2430,11943
100000391,8764,3150,5614
100000392,3247,1169,2078
100000393,1257,1134,123
100000394,6207,2704,3503
100000395,3029,762,2267
100000396,4422,1631,2791
100000397,2284,1327,957
100000398,10924,7646,3278
100900002,2,57,-55
100900003,187,81,106
100900004,31,1101,-1070
100900005,72,2,70
100900006,4,255,-251
100900007,440,5,435
100900008,6,604,-598
100900009,24,40,-16
100900010,61,167,-106
100900011,29,320,-291
100900012,2,347,-345
100900013,834,8,826
100900014,0,15,-15
100900015,121,80,41
100900016,0,41,-41
100900017,631,50,581
100900018,0,15,-15
100900019,23,130,-107
100900020,203,0,203
100900021,560,1,559
100900022,6,14,-8
100900023,1,38,-37
100900024,824,0,824
100900025,14,11,3
100900026,29,146,-117
100900027,668,2297,-1629
100900028,85,153,-68
100900029,94,25,69
100900030,7,8,-1
100900031,239,97,142
100900032,136,1,135
100900033,216,87,129
100900034,223,0,223
100900035,882,4,878
100900036,25,1,24
100900037,27,271,-244
100900038,38,19,19
100900039,560,800,-240
100900040,176,1146,-970
100900041,186,999,-813
100900042,361,158,203
100900043,0,9,-9
100900044,2993,277,2716
100900045,46,1,45
100900046,1122,3,1119
100900047,849,98,751
100900048,31,12,19
100900049,61,260,-199
100900050,0,23,-23
100900051,51,72,-21
100900052,93,21,72
100900053,153,27,126
100900054,3,105,-102
100900055,174,232,-58
100900056,135,280,-145
100900057,488,459,29
100900058,128,16,112
100900059,21,0,21
100900060,58,9,49
100900061,241,240,1
100900062,0,90,-90
100900063,111,359,-248
100900064,497,13,484
100900065,44,30,14
100900066,36,52,-16
100900067,2,10,-8
100900068,53,105,-52
100900069,296,7,289
100900070,88,2,86
100900071,709,191,518
100900072,1,65,-64
100900073,88,672,-584
100900074,4,2,2
100900075,2999,259,2740
100900076,30,40,-10
100900077,5,161,-156
100900078,45,194,-149
100900079,2,32,-30
100900080,14,186,-172
100900081,10,85,-75
100900082,38,844,-806
100900083,7,41,-34
100900085,1,75,-74
100900086,98,973,-875
100900088,30,944,-914
100900089,1,19,-18
100900090,130,476,-346
100900091,0,17,-17
100900092,139,155,-16
100900093,69,362,-293
100900094,55,815,-760
100900095,2,25,-23
100900096,29,86,-57
100900097,1,7,-6
100900098,1,17,-16
100900099,28,569,-541
100900100,9,237,-228
100900101,306,27,279
100900102,175,37,138
100900103,3,14,-11
100900104,16,135,-119
100900105,11,85,-74
100900106,50,3,47
100900107,1661,489,1172
100900108,4,15,-11
100900109,7,27,-20
100900110,6,41,-35
100900111,48,120,-72
100900112,1,7,-6
100900113,0,19,-19
100900114,1,23,-22
100900115,0,28,-28
100900116,567,592,-25
100900117,223,556,-333
100900118,0,52,-52
100900119,7,22,-15
100900120,2,33,-31
100900121,269,352,-83
100900122,101,163,-62
100900123,29,94,-65
100900124,1,10,-9
100900125,12,86,-74
100900126,52,223,-171
100900127,0,8,-8
100900128,89,76,13
100900129,0,128,-128
100900131,66,117,-51
100900133,21,47,-26
100900134,2,2,0
100900135,0,160,-160
100900137,256,190,66
100900138,399,264,135
100900139,0,8,-8
100900140,3,864,-861
100900141,1,256,-255
100900142,0,6,-6
100900143,1207,206,1001
100900144,6,6,0
100900145,36,119,-83
100900146,6,5,1
100900147,9,250,-241
100900148,40,1197,-1157
100900149,9,52,-43
100900150,4,17,-13
100900151,82,541,-459
100900152,109,5,104
100900153,0,123,-123
100900154,9,16,-7
100900155,1,3,-2
100900156,30,3,27
100900157,0,74,-74
100900158,317,87,230
100900159,1,16,-15
100900160,5,19,-14
100900161,179,4,175
100900162,11,166,-155
100900163,141,217,-76
100900164,5,40,-35
100900165,19,63,-44
100900166,58,3,55
100900167,15,94,-79
100900168,73,83,-10
100900169,195,1384,-1189
100900170,13,13,0
100900171,15,782,-767
100900172,0,11,-11
100900173,6,651,-645
100900174,290,60,230
100900176,1266,70,1196
100900177,908,186,722
100900178,228,158,70
100900179,110,38,72
100900180,0,0,0
100900181,79,24,55
100900182,14,14,0
100900184,1,144,-143
100900186,1054,522,532
100900187,4,150,-146
100900188,45,8,37
100900189,682,140,542
100900191,1122,739,383
100900192,209,132,77
100900195,51,172,-121
100900197,10,155,-145
100900198,11,197,-186
100900199,16,18,-2
100900200,566,290,276
100900201,76,783,-707
100900202,3,0,3
100900203,3,61,-58
100900204,1264,206,1058
100900205,67,324,-257
100900206,54,45,9
100900207,84,69,15
100900210,69,802,-733
100900211,288,79,209
100900213,31,6,25
100900214,1021,82,939
100900215,3,27,-24
100900217,79,46,33
101000001,4811,2192,2619
101000002,3952,2547,1405
101000003,861,1965,-1104
101000004,11678,7142,4536
101000005,5745,4572,1173
101000006,9971,6583,3388
101000007,2792,2987,-195
101000008,3245,2838,407
101000009,1573,2349,-776
101000010,750,1627,-877
101000011,2598,822,1776
101000012,1774,469,1305
101000013,530,972,-442
101000014,488,568,-80
101000015,763,844,-81
101000016,332,324,8
101000017,471,491,-20
101000018,3851,2558,1293
101000020,4163,1099,3064
101000021,1039,230,809
101000022,550,83,467
101000023,1769,698,1071
101000025,123,344,-221
101000026,335,21,314
101000027,1489,1493,-4
101000028,611,158,453
101000029,34,885,-851
101000030,703,49,654
101000031,452,415,37
101000032,4968,2015,2953
101000033,2513,1866,647
101000034,2745,1081,1664
101000035,1373,429,944
101000036,1425,269,1156
101000037,5097,890,4207
101000039,4502,886,3616
101000040,5185,2019,3166
101000041,14169,2568,11601
101000042,1045,445,600
101000043,11635,2385,9250
101000045,1367,265,1102
101000046,1864,815,1049
101000047,1179,1125,54
101000048,965,848,117
101000049,1023,863,160
101000050,3804,2205,1599
101000051,4580,1093,3487
101000052,1679,548,1131
101000053,1113,2190,-1077
101000054,2054,2003,51
101000055,1821,817,1004
101000056,57,48,9
101000057,3563,497,3066
101000058,2795,612,2183
101000059,4094,1336,2758
101000060,2317,210,2107
101000061,1502,657,845
101000062,1421,315,1106
101000063,426,348,78
101000064,1145,344,801
101000065,154,294,-140
101000066,307,169,138
101000067,545,323,222
101000068,212,137,75
101000069,261,73,188
101000070,1882,880,1002
101000071,1993,657,1336
101000072,1178,3036,-1858
101000073,698,454,244
101000074,4546,2750,1796
101000075,7355,3141,4214
101000077,1164,1078,86
101000078,1247,1861,-614
101000079,444,511,-67
101000080,599,625,-26
101000081,1071,899,172
101000082,3258,2445,813
101000083,1487,1282,205
101000084,1296,1378,-82
101000085,1636,989,647
101000086,1229,1009,220
101000087,832,1232,-400
101000088,833,846,-13
101000089,802,1267,-465
101000090,2686,1636,1050
101000091,326,1753,-1427
101000092,879,1256,-377
101000093,1259,798,461
101000094,552,1122,-570
101000095,213,829,-616
101000096,178,593,-415
101000097,531,290,241
101000098,607,517,90
101000099,1306,1131,175
101000100,1232,565,667
101000101,361,441,-80
101000102,859,301,558
101000103,849,551,298
101000104,268,352,-84
101000105,955,168,787
101000106,834,645,189
101000107,125,260,-135
101000108,1477,361,1116
101000109,119,47,72
101000110,52,775,-723
101000111,188,220,-32
101000113,107,855,-748
101000114,2440,1302,1138
101000115,179,122,57
101000116,232,268,-36
101000117,485,314,171
101000119,213,20,193
101000120,232,19,213
101000121,54,18,36
101000122,83,26,57
101000123,37,49,-12
101000124,239,227,12
101000125,97,426,-329
101000128,1028,413,615
101000130,346,291,55
101000131,384,740,-356
101000132,356,1727,-1371
101000135,65,14,51
101000136,292,109,183
101000137,24,188,-164
101000141,2853,1355,1498
101000147,758,668,90
101000148,2663,28,2635
101000149,100,82,18
101000150,28,1240,-1212
101000151,57,62,-5
101000152,290,272,18
101000153,627,485,142
101000154,103,1852,-1749
101000155,119,148,-29
101000156,13,247,-234
101000157,60,37,23
101000160,29,95,-66
101000163,103,53,50
101000164,517,401,116
101000165,172,312,-140
101000166,301,582,-281
101000168,534,321,213
101000252,1026,606,420
101000254,487,16,471
101000258,53,3,50
101000261,93,97,-4
101000262,664,866,-202
101000263,227,1493,-1266
101000265,55,616,-561
101000266,240,250,-10
101000269,123,3,120
101000290,2319,2418,-99
101000293,27,113,-86
101000294,463,451,12
101000295,127,468,-341
101000301,894,171,723
101000304,1941,2371,-430
101000305,2460,1741,719
101900001,19,130,-111
101900002,0,26,-26
101900003,65,105,-40
101900004,7,28,-21
101900005,5675,768,4907
101900006,837,11,826
101900007,322,38,284
101900008,100,300,-200
101900009,46,384,-338
101900010,1127,426,701
101900011,271,1194,-923
101900012,127,295,-168
101900013,1444,127,1317
101900017,21,116,-95
101900018,2508,260,2248
101900019,155,68,87
101900020,59,112,-53
101900021,0,31,-31
101900022,64,1731,-1667
101900023,138,278,-140
101900026,48,24,24
101900027,2,55,-53
102000001,1950,3814,-1864
102000002,2999,1296,1703
102000003,4238,4369,-131
102000004,11458,2394,9064
102000005,1329,1939,-610
102000006,1926,1481,445
102000007,1512,4201,-2689
102000008,7334,1845,5489
102000009,6177,6634,-457
102000010,7369,3553,3816
102000011,2339,2215,124
102000012,3535,3672,-137
102000018,3581,2443,1138
102000019,2689,1233,1456
102000026,254,455,-201
102000029,519,175,344
102000030,112,248,-136
102000031,23,245,-222
102000032,243,377,-134
102000033,139,437,-298
102000034,641,446,195
102000035,1286,599,687
102000036,6,188,-182
102000037,176,72,104
102000038,95,87,8
102000039,73,42,31
102000040,418,100,318
102000041,188,161,27
102000042,222,84,138
102000043,284,219,65
102000044,227,423,-196
102000045,666,1068,-402
102000046,773,400,373
102000047,698,1239,-541
102000048,129,689,-560
102000049,669,518,151
102000050,869,1016,-147
102000051,307,520,-213
102000052,1011,947,64
102000053,518,774,-256
102000054,227,767,-540
102000055,653,1030,-377
102000056,568,1678,-1110
102000057,1530,680,850
102000058,1013,2040,-1027
102000059,1132,1635,-503
102000060,970,1129,-159
102000061,1222,2866,-1644
102000062,868,1501,-633
102000063,1133,1487,-354
102000064,445,603,-158
102000065,28,143,-115
102000066,1571,994,577
102000067,2607,2558,49
102000068,8895,2342,6553
102000069,39,1636,-1597
102000070,2187,64,2123
102000071,6786,9522,-2736
102000072,2890,4471,-1581
102000073,1854,1201,653
102000074,1143,978,165
102000075,201,319,-118
102000076,337,492,-155
102000077,281,1438,-1157
102000078,691,1026,-335
102000079,94,358,-264
102000080,205,204,1
102000081,241,878,-637
102000082,701,420,281
102000083,221,725,-504
102000084,165,438,-273
102000085,1576,1420,156
102000086,973,1785,-812
102000087,663,2328,-1665
102000088,225,326,-101
102000089,828,530,298
102000090,428,1305,-877
102000091,1346,522,824
102000092,604,1171,-567
102000093,663,559,104
102000094,1216,384,832
102000095,1010,1485,-475
102000096,1623,713,910
102000097,1544,1296,248
102000098,681,1128,-447
102000099,1038,509,529
102000100,983,643,340
102000101,1491,295,1196
102000102,328,1422,-1094
102000103,1376,356,1020
102000104,1131,396,735
102000105,186,906,-720
102000106,621,1108,-487
102000107,487,605,-118
102000108,324,280,44
102000109,263,589,-326
102000110,384,1700,-1316
102000111,6,322,-316
102000112,205,97,108
102000113,7,29,-22
102000114,927,328,599
102000115,196,205,-9
102000116,449,273,176
102000117,331,472,-141
102000118,1462,942,520
102000119,2492,465,2027
102000120,85,439,-354
102000121,1051,525,526
102000122,422,698,-276
102000123,1546,904,642
102000124,1017,835,182
102000125,1097,765,332
102000126,523,653,-130
102000127,1022,649,373
102000128,418,1110,-692
102000129,1036,882,154
102000130,329,664,-335
102000131,2338,650,1688
102000132,865,585,280
102000133,1126,2601,-1475
102000134,415,750,-335
102000135,1071,591,480
102000136,1158,445,713
102000137,1341,807,534
102000138,416,506,-90
102000139,169,467,-298
102000140,534,276,258
102000141,579,666,-87
102000142,123,450,-327
102000143,63,519,-456
102000144,76,501,-425
102000145,226,540,-314
102000146,227,288,-61
102000147,293,389,-96
102000148,167,211,-44
102000149,94,737,-643
102000150,193,213,-20
102000151,99,412,-313
102000152,67,150,-83
102000153,718,247,471
102000154,371,620,-249
102000155,75,241,-166
102000156,301,48,253
102000157,54,128,-74
102000158,358,268,90
102000159,1747,258,1489
102000161,5183,1378,3805
102000162,215,125,90
102000163,184,396,-212
102000164,1430,721,709
102000165,246,148,98
102000166,37,98,-61
102000167,211,161,50
102000168,198,91,107
102000169,100,387,-287
102000170,743,119,624
102000171,169,87,82
102000172,63,189,-126
102000173,213,157,56
102000174,40,65,-25
102000175,105,163,-58
102000176,29,55,-26
102000178,281,651,-370
102000179,235,214,21
102000180,475,613,-138
102000181,362,750,-388
102000182,393,723,-330
102000183,936,1998,-1062
102000184,845,960,-115
102000185,1396,1848,-452
102000186,654,2116,-1462
102000187,648,1958,-1310
102000188,641,1540,-899
102000189,3080,1002,2078
102000190,734,2489,-1755
102000191,1450,639,811
102000192,670,1112,-442
102000193,47,199,-152
102000194,52,171,-119
102000195,297,580,-283
102000196,91,675,-584
102000197,266,577,-311
102000198,119,1053,-934
102000199,402,442,-40
102000200,231,1466,-1235
102000201,423,547,-124
102000202,10,162,-152
102000203,174,325,-151
102000204,208,1110,-902
102000205,506,790,-284
102000206,422,813,-391
102000207,803,562,241
102000208,275,573,-298
102000209,39,62,-23
102000210,159,566,-407
102000211,254,535,-281
102000212,85,17,68
102000213,2,396,-394
102000214,149,9,140
102000215,4,710,-706
102000216,23,38,-15
102000217,13,248,-235
102000218,107,61,46
102000219,383,483,-100
102000225,753,824,-71
102000226,9217,795,8422
102000227,80,2,78
102000228,0,96,-96
102000229,43,44,-1
102000230,271,695,-424
102000231,173,409,-236
102000232,6,135,-129
102000233,308,795,-487
102000234,96,1610,-1514
102000236,443,72,371
102000237,444,177,267
102000238,172,304,-132
102000240,754,542,212
102000241,259,108,151
102000243,9,48,-39
102000245,30,160,-130
102000246,14,22,-8
102000247,719,988,-269
102000248,308,450,-142
102000249,99,160,-61
102000250,46,467,-421
102000254,52,562,-510
102000266,76,163,-87
102000271,19,0,19
102000286,520,368,152
102000297,1559,799,760
102000299,0,0,0
102000301,0,0,0
102000305,0,1,-1
102000307,0,9,-9
102000308,0,3,-3
102900001,1036,1013,23
102900002,413,27,386
102900003,17,301,-284
102900005,219,366,-147
102900006,401,253,148
102900007,538,36,502
102900008,173,97,76
102900009,605,146,459
102900010,670,580,90
102900011,2096,288,1808
102900012,362,49,313
102900013,14,68,-54
102900015,848,215,633
102900016,42,140,-98
102900017,69,671,-602
102900018,14,138,-124
102900019,291,483,-192
102900020,77,20,57
102900021,8,145,-137
102900022,338,54,284
102900023,7,39,-32
102900024,16,44,-28
102900025,292,99,193
102900026,564,1253,-689
102900027,56,42,14
102900028,61,420,-359
102900029,92,123,-31
102900030,253,196,57
102900031,85,153,-68
102900032,17,126,-109
102900033,116,220,-104
102900034,194,140,54
102900035,69,548,-479
102900036,150,670,-520
102900037,184,838,-654
102900038,400,649,-249
102900039,23,399,-376
102900040,88,228,-140
102900041,38,203,-165
102900042,124,345,-221
102900043,78,262,-184
102900044,611,2050,-1439
102900045,119,587,-468
102900046,69,329,-260
102900047,53,717,-664
102900048,527,696,-169
102900049,53,373,-320
102900050,355,371,-16
102900051,159,177,-18
102900052,53,36,17
102900053,287,723,-436
102900054,893,799,94
102900055,66,131,-65
102900056,174,519,-345
102900057,4,22,-18
102900058,312,54,258
102900059,15,51,-36
102900060,59,414,-355
102900061,108,450,-342
102900062,77,1653,-1576
102900063,602,434,168
102900064,210,436,-226
102900065,1821,686,1135
102900066,363,54,309
102900068,70,62,8
102900070,179,747,-568
102900072,6,23,-17
102900073,136,10,126
102900075,19,41,-22
102900076,298,57,241
102900077,53,31,22
102900078,42,80,-38
102900079,260,7,253
102900080,273,18,255
102900081,81,258,-177
102900082,13,229,-216
102900083,329,11,318
102900084,5,11,-6
102900085,114,46,68
102900086,3,32,-29
102900087,48,94,-46
102900088,14,27,-13
102900089,227,125,102
102900090,2,457,-455
102900091,80,0,80
102900092,101,1095,-994
102900093,225,203,22
102900094,0,37,-37
102900095,49,5,44
102900096,21,14,7
102900097,6,131,-125
103000001,2004,2495,-491
103000002,1761,2025,-264
103000003,3176,2484,692
103000004,998,704,294
103000005,2027,2173,-146
103000006,555,1380,-825
103000007,393,917,-524
103000008,908,969,-61
103000009,698,868,-170
103000010,96,133,-37
103000011,1821,1000,821
103000012,983,1208,-225
103000013,7594,1935,5659
103000014,1248,1442,-194
103000015,2557,814,1743
103000016,626,722,-96
103000017,105,327,-222
103000018,1039,429,610
103000019,114,150,-36
103000020,1712,1361,351
103000021,1127,1128,-1
103000022,860,1261,-401
103000023,369,1030,-661
103000024,131,173,-42
103000025,68,275,-207
103000026,1928,169,1759
103000027,255,334,-79
103000028,1028,363,665
103000029,518,217,301
103000030,2453,642,1811
103000031,1841,1195,646
103000032,1949,1586,363
103000033,2400,2253,147
103000034,1952,1002,950
103000035,447,847,-400
103000036,413,434,-21
103000037,844,563,281
103000038,574,775,-201
103000039,199,531,-332
103000040,210,1355,-1145
103000041,1363,3159,-1796
103000042,656,791,-135
103000043,280,1245,-965
103000044,150,324,-174
103000046,208,307,-99
103000047,373,843,-470
103000048,93,138,-45
103000049,84,222,-138
103000050,469,722,-253
103000051,215,587,-372
103000052,503,452,51
103000053,85,377,-292
103000054,1586,1041,545
103000055,1284,1524,-240
103000056,467,2548,-2081
103000057,407,376,31
103000058,298,1063,-765
103000059,274,788,-514
103000060,559,778,-219
103000061,301,761,-460
103000062,914,1007,-93
103000063,501,598,-97
103000064,71,282,-211
103000065,9,318,-309
103000066,78,8,70
103000069,144,367,-223
103000070,595,1248,-653
103000071,590,318,272
103000072,89,1026,-937
103000073,242,119,123
103000074,356,70,286
103000075,88,951,-863
103000076,192,186,6
103000077,23,445,-422
103000078,1127,272,855
103000079,1318,384,934
103000080,1346,193,1153
103000081,594,651,-57
103000082,282,188,94
103000083,104,380,-276
103000084,104,6,98
103000085,3,73,-70
103000086,617,306,311
103000087,95,393,-298
103000088,347,344,3
103000089,147,262,-115
103000090,1343,915,428
103000091,498,398,100
103000092,222,308,-86
103000093,290,568,-278
103000094,102,139,-37
103000095,27,405,-378
103000096,660,111,549
103000097,51,774,-723
103000098,915,137,778
103000099,395,642,-247
103000100,73,969,-896
103000101,514,137,377
103000102,126,693,-567
103000103,431,257,174
103000104,35,200,-165
103000105,51,119,-68
103000106,22,132,-110
103000107,229,62,167
103000108,427,498,-71
103000109,337,266,71
103000110,324,324,0
103000111,523,371,152
103000112,259,271,-12
103000113,657,576,81
103000114,722,339,383
103000115,333,389,-56
103000116,359,477,-118
103000117,125,510,-385
103000118,1192,1148,44
103000119,1915,690,1225
103000120,81,93,-12
103000121,353,545,-192
103000122,312,260,52
103000125,6,618,-612
103000126,322,6,316
103000127,2,336,-334
103000128,87,4,83
103000129,3,188,-185
103000130,30,34,-4
103000131,264,58,206
103000132,73,158,-85
103000133,11,282,-271
103000134,844,497,347
103000135,1030,232,798
103000136,755,296,459
103000137,476,519,-43
103000138,879,574,305
103000139,2,34,-32
103000140,125,12,113
103000141,17,83,-66
103000142,117,63,54
103000143,34,210,-176
103000144,108,87,21
103000145,56,59,-3
103000150,42,67,-25
103000152,221,219,2
103000153,105,156,-51
103000156,3,673,-670
103000157,215,2,213
103000159,112,111,1
103000162,58,35,23
103000163,6,24,-18
103000164,9,13,-4
103000165,141,484,-343
103000166,99,161,-62
103000167,126,110,16
103000168,34,173,-139
103000169,160,416,-256
103000170,425,484,-59
103000171,29,70,-41
103000172,202,299,-97
103000173,207,917,-710
103000174,85,325,-240
103000175,98,520,-422
103000176,698,246,452
103000177,837,429,408
103000178,344,258,86
103000179,63,50,13
103000183,73,73,0
103000185,36,106,-70
103000186,57,204,-147
103000187,165,704,-539
103000188,8,101,-93
103000189,727,1045,-318
103000191,663,766,-103
103000292,2694,900,1794
103000293,1805,921,884
103000295,89,76,13
103000296,282,4,278
103000297,104,15,89
103000504,166,11,155
103000505,14,7,7
103000506,2,270,-268
103000507,134,5,129
103000508,79,23,56
103000509,190,625,-435
103900001,4,447,-443
103900002,1956,168,1788
103900003,1890,125,1765
103900004,29,1,28
103900005,1,280,-279
103900006,0,0,0
103900007,16,4,12
103900008,6,0,6
103900009,98,255,-157
103900010,90,251,-161
103900011,60,239,-179
103900012,4,9,-5
103900013,17,88,-71
103900014,25,41,-16
103900015,31,15,16
103900016,199,269,-70
103900017,25,109,-84
103900018,820,162,658
103900019,51,206,-155
103900020,120,237,-117
103900021,988,50,938
103900022,807,609,198
103900023,69,2,67
103900024,95,642,-547
103900025,3,45,-42
103900026,24,0,24
103900027,364,341,23
103900028,13,191,-178
103900029,675,142,533
103900030,84,33,51
103900031,14,3,11
103900032,35,31,4
103900033,74,4,70
103900034,7,242,-235
103900035,24,74,-50
103900036,22,14,8
103900037,44,19,25
103900038,48,94,-46
103900039,16,524,-508
103900040,3,263,-260
103900041,14,30,-16
103900042,15,439,-424
103900043,61,119,-58
103900044,300,101,199
103900045,119,160,-41
103900047,16,42,-26
103900048,69,10,59
103900049,182,1326,-1144
103900050,4,71,-67
103900051,1,40,-39
103900052,93,648,-555
103900053,84,1126,-1042
103900054,46,717,-671
103900055,254,237,17
103900056,9,71,-62
103900057,8,299,-291
103900058,91,945,-854
103900059,0,2,-2
103900060,32,261,-229
103900061,47,39,8
103900062,72,52,20
103900063,1,1,0
103900064,31,0,31
103900065,832,290,542
103900066,56,9,47
103900067,39,5,34
103900068,0,0,0
103900069,56,5,51
103900070,97,254,-157
103900071,31,197,-166
103900072,5,335,-330
103900073,18,13,5
103900074,25,75,-50
103900075,162,105,57
103900076,180,787,-607
103900077,78,55,23
103900078,39,134,-95
103900079,93,261,-168
103900080,7,26,-19
103900081,91,10,81
103900082,1,71,-70
103900083,2247,349,1898
103900084,34,118,-84
103900085,67,78,-11
103900086,269,271,-2
103900087,14,71,-57
103900088,310,182,128
103900089,34,128,-94
103900090,2,288,-286
103900091,810,266,544
103900092,200,461,-261
103900093,95,517,-422
103900094,7,200,-193
103900095,139,134,5
103900096,9,420,-411
103900097,5,537,-532
103900098,114,76,38
103900099,15,271,-256
103900100,109,457,-348
103900101,69,962,-893
103900102,2,51,-49
103900104,0,20,-20
103900105,88,192,-104
103900106,0,13,-13
103900107,101,221,-120
103900108,48,480,-432
103900109,54,73,-19
103900110,166,53,113
103900111,27,872,-845
103900112,22,51,-29
103900113,109,151,-42
103900114,439,286,153
103900115,194,83,111
103900116,6960,1148,5812
103900117,269,126,143
103900119,20,55,-35
103900120,49,84,-35
103900122,57,393,-336
103900123,1562,492,1070
103900124,20,721,-701
103900125,46,94,-48
103900126,241,521,-280
103900127,94,902,-808
103900128,25,193,-168
103900131,17,143,-126
103900133,597,21,576
103900134,0,1,-1
103900135,5,12,-7
103900137,0,40,-40
103900138,42,469,-427
103900139,160,691,-531
103900140,3,38,-35
103900141,207,78,129
103900142,57,234,-177
103900143,27,5,22
103900144,0,86,-86
103900145,120,295,-175
103900146,189,421,-232
103900147,208,142,66
103900148,80,195,-115
103900149,78,798,-720
103900150,8090,1799,6291
103900151,33,142,-109
103900152,155,862,-707
103900153,4,2,2
103900154,1558,720,838
103900155,15,204,-189
103900156,12,211,-199
103900157,14,275,-261
103900158,22,262,-240
103900159,48,61,-13
103900160,14,13,1
103900161,42,175,-133
103900162,39,278,-239
103900163,5,346,-341
103900167,7,45,-38
103900168,53,171,-118
103900169,22,25,-3
103900170,4,115,-111
103900171,1,84,-83
103900172,7,27,-20
103900173,2,10,-8
103900174,56,85,-29
103900175,65,48,17
103900176,7,6,1
103900177,6,39,-33
103900178,18,75,-57
103900179,22,189,-167
103900180,3,140,-137
103900181,75,29,46
103900182,31,8,23
103900184,531,29,502
103900185,201,83,118
103900187,65,38,27
103900188,25,15,10
103900189,88,10,78
103900190,34,35,-1
103900191,20,44,-24
103900192,36,71,-35
103900193,220,122,98
103900194,43,454,-411
103900195,8,41,-33
103900196,10,15,-5
103900197,5,26,-21
103900198,10,67,-57
103900199,92,81,11
103900200,102,155,-53
103900201,65,243,-178
103900202,6,52,-46
103900203,31,13,18
103900204,3,142,-139
103900207,0,189,-189
103900208,13,3,10
103900209,8,124,-116
103900210,29,32,-3
103900211,323,602,-279
103900212,55,484,-429
103900213,160,292,-132
103900214,175,84,91
103900215,650,249,401
103900216,14,503,-489
103900217,344,42,302
103900218,1,234,-233
103900219,46,334,-288
103900233,83,3,80
103900235,31,31,0
103900236,15,1,14
103900242,12,15,-3
103900243,1,3,-2
103900244,52,386,-334
103900245,60,285,-225
103900246,23,42,-19
103900247,23,110,-87
103900248,6,11,-5
103900249,22,36,-14
103900250,21,21,0
103900251,0,24,-24
103900253,11,27,-16
103900254,4,12,-8
103900255,4,3,1
103900256,12,18,-6
103900257,65,68,-3
103900258,26,2,24
103900259,83,6,77
103900261,3,0,3
103900262,12,5,7
103900263,29,21,8
103900264,84,7,77
103900265,71,9,62
103900266,1,38,-37
103900267,7,57,-50
103900268,0,129,-129
103900269,94,29,65
103900270,42,152,-110
103900271,27,210,-183
104000001,1857,2263,-406
104000002,1430,2592,-1162
104000003,2319,2121,198
104000004,3365,2438,927
104000005,929,1843,-914
104000006,2620,3144,-524
104000007,3821,3649,172
104000008,231,532,-301
104000009,96,118,-22
104000010,110,178,-68
104000011,814,510,304
104000012,134,540,-406
104000013,113,148,-35
104000014,226,777,-551
104000015,185,183,2
104000016,471,451,20
104000018,482,125,357
104000019,285,108,177
104000020,201,1007,-806
104000021,253,746,-493
104000022,114,303,-189
104000023,395,353,42
104000024,168,382,-214
104000026,29,308,-279
104000027,237,445,-208
104000028,222,275,-53
104000029,398,661,-263
104000030,170,258,-88
104000031,593,286,307
104000032,167,439,-272
104000033,379,313,66
104000034,253,495,-242
104000035,462,439,23
104000036,380,682,-302
104000037,180,359,-179
104000038,246,259,-13
104000039,207,530,-323
104000040,476,554,-78
104000041,542,357,185
104000042,189,455,-266
104000043,305,431,-126
104000044,201,891,-690
104000045,724,1351,-627
104000046,1463,1781,-318
104000047,688,1472,-784
104000048,1114,2295,-1181
104000049,247,277,-30
104000050,197,560,-363
104000051,63,752,-689
104000052,835,1384,-549
104000053,633,704,-71
104000054,457,729,-272
104000055,3865,3224,641
104000056,1681,199,1482
104000057,115,560,-445
104000058,466,744,-278
104000059,361,1199,-838
104000060,539,1035,-496
104000061,970,1444,-474
104000062,167,179,-12
104000064,593,301,292
104000065,120,408,-288
104000069,1606,434,1172
104000070,49,343,-294
104000071,109,424,-315
104000072,633,213,420
104000075,45,256,-211
104000076,377,110,267
104000082,1996,2251,-255
104000083,702,194,508
104000084,122,495,-373
104000085,210,208,2
104000086,156,444,-288
104000087,523,924,-401
104000090,540,1754,-1214
104000092,522,3239,-2717
104000094,598,2544,-1946
104000095,1148,1419,-271
104000096,885,384,501
104000097,1030,1175,-145
104000098,1105,1497,-392
104000100,833,732,101
104000101,772,2370,-1598
104000106,116,685,-569
104000107,534,596,-62
104000108,374,655,-281
104000109,236,54,182
104000110,930,943,-13
104000111,6125,1546,4579
104000112,2912,640,2272
104000116,5,1470,-1465
104000117,83,1045,-962
104000118,317,253,64
104000119,337,251,86
104000120,150,1111,-961
104000121,122,623,-501
104000122,412,703,-291
104000123,1002,1594,-592
104000124,1902,2982,-1080
104000125,5409,2661,2748
104000126,275,474,-199
104000127,1712,4486,-2774
104000128,887,621,266
104000129,518,47,471
104000130,7,291,-284
104000131,1118,760,358
104000132,678,911,-233
104000133,1014,892,122
104000134,919,1329,-410
104000135,380,1006,-626
104000136,846,2144,-1298
104000137,2022,278,1744
104000138,1552,397,1155
104000139,10813,3190,7623
104000141,1572,2034,-462
104000142,579,1208,-629
104000143,486,948,-462
104000144,41,199,-158
104000145,318,188,130
104000146,462,706,-244
104000147,92,463,-371
104000148,210,159,51
104000149,148,539,-391
104000150,604,405,199
104000151,351,806,-455
104000152,399,992,-593
104000153,258,367,-109
104000154,1199,904,295
104000155,290,448,-158
104000157,1104,1916,-812
104000158,321,269,52
104000159,497,326,171
104000160,1409,1346,63
104000161,177,143,34
104000162,30,118,-88
104000165,1220,1025,195
104000167,392,564,-172
104000168,534,3,531
104000169,38,73,-35
104000170,1000,321,679
104000248,150,828,-678
104000251,39,409,-370
104000272,0,0,0
104000273,0,0,0
104000274,0,0,0
104000275,0,0,0
104000279,740,637,103
104000290,54,403,-349
104000291,486,1003,-517
104000293,497,717,-220
104000294,4,0,4
104000295,467,747,-280
104000296,211,778,-567
104000297,829,1613,-784
104000298,2046,870,1176
104000299,571,1300,-729
104900001,75,442,-367
104900002,29,89,-60
104900003,27,433,-406
104900004,51,452,-401
104900005,96,151,-55
104900006,76,65,11
104900007,165,263,-98
104900009,74,497,-423
104900010,19,11,8
104900011,5,1,4
104900012,99,6,93
104900013,82,1,81
104900014,4231,386,3845
104900015,70,1,69
104900016,106,341,-235
104900017,33,194,-161
104900018,8,276,-268
104900019,263,1008,-745
104900020,30,340,-310
104900021,1,365,-364
104900022,24,120,-96
104900023,3,181,-178
104900024,22,84,-62
104900025,42,419,-377
104900026,2,157,-155
104900027,156,201,-45
104900028,17,120,-103
104900029,43,103,-60
104900030,311,157,154
104900031,140,203,-63
104900032,30,218,-188
104900033,60,183,-123
104900034,178,98,80
104900035,118,94,24
104900036,73,58,15
104900037,125,267,-142
104900038,628,328,300
104900039,975,170,805
104900040,166,60,106
104900041,167,131,36
104900042,98,392,-294
104900043,9,34,-25
104900044,244,221,23
104900045,246,56,190
104900046,67,122,-55
104900047,167,154,13
104900048,125,71,54
104900049,17,5,12
104900050,65,100,-35
104900051,137,35,102
104900052,39,1,38
104900053,249,54,195
104900054,105,36,69
104900055,22,0,22
104900056,75,5,70
104900057,8,1,7
104900058,1126,164,962
104900059,21,44,-23
104900060,1,354,-353
104900061,246,734,-488
104900063,1,109,-108
104900064,0,119,-119
104900065,1,102,-101
104900066,2,233,-231
104900067,1,250,-249
104900068,15,230,-215
104900070,69,333,-264
104900071,3,799,-796
104900072,46,217,-171
104900073,10,323,-313
104900074,40,214,-174
104900075,29,62,-33
104900076,58,489,-431
104900077,1232,77,1155
104900078,96,954,-858
104900079,109,185,-76
104900080,35,649,-614
104900082,8,369,-361
104900085,4,246,-242
104900087,357,3,354
104900089,96,0,96
104900090,379,387,-8
104900091,553,1067,-514
104900093,187,586,-399
104900097,3512,1322,2190
104900098,45,34,11
104900099,65,385,-320
104900100,828,237,591
104900102,20,275,-255
104900103,426,115,311
104900104,4079,1164,2915
104900106,33,143,-110
104900107,37,353,-316
104900108,8,312,-304
104900109,59,234,-175
104900110,5,39,-34
104900111,131,84,47
104900112,122,1095,-973
104900113,391,482,-91
104900114,188,881,-693
104900115,359,568,-209
104900116,74,329,-255
104900118,28,53,-25
104900119,0,48,-48
104900120,99,63,36
104900121,0,138,-138
104900122,1,100,-99
104900123,17,9,8
104900124,9,0,9
104900125,361,4,357
104900126,83,44,39
104900127,13,26,-13
104900128,47,161,-114
104900129,3259,851,2408
105000001,1718,1911,-193
105000002,1672,1876,-204
105000003,2248,4052,-1804
105000004,449,1065,-616
105000005,618,1358,-740
105000006,747,1347,-600
105000007,682,1045,-363
105000008,689,1446,-757
105000009,1092,2423,-1331
105000010,3132,2764,368
105000011,1697,1793,-96
105000012,4458,3525,933
105000013,573,860,-287
105000014,1215,1814,-599
105000015,7898,6096,1802
105000016,3477,2021,1456
105000017,1584,1116,468
105000018,1345,937,408
105000019,1555,1038,517
105000020,170,296,-126
105000021,272,111,161
105000022,137,34,103
105000023,383,225,158
105000028,66,156,-90
105000029,237,794,-557
105000030,4121,4013,108
105000033,1141,2283,-1142
105000034,133,471,-338
105000037,554,544,10
105000038,1746,1301,445
105000039,3783,2338,1445
105000040,572,681,-109
105000041,696,1697,-1001
105000042,3475,1159,2316
105000043,2794,2685,109
105000044,223,351,-128
105000045,279,1006,-727
105000046,562,404,158
105000047,389,1629,-1240
105000048,331,183,148
105000049,184,796,-612
105000050,352,409,-57
105000051,182,521,-339
105000052,441,912,-471
105000053,132,178,-46
105000054,186,982,-796
105000055,297,423,-126
105000056,690,2690,-2000
105000057,910,1053,-143
105000058,1283,1581,-298
105000059,496,486,10
105000060,339,673,-334
105000061,306,466,-160
105000062,726,1129,-403
105000063,273,739,-466
105000064,635,637,-2
105000065,307,1135,-828
105000066,909,2311,-1402
105000067,708,625,83
105000068,451,997,-546
105000069,2875,571,2304
105000070,879,775,104
105000071,157,347,-190
105000072,617,817,-200
105000073,521,490,31
105000074,864,1019,-155
105000075,469,876,-407
105000076,1071,1157,-86
105000077,1741,862,879
105000078,1505,1153,352
105000079,1766,1691,75
105000080,1705,1078,627
105000081,991,687,304
105000082,477,453,24
105000083,1078,882,196
105000084,420,1215,-795
105000085,1113,1002,111
105000086,428,916,-488
105000087,2341,1874,467
105000088,1706,1384,322
105000089,4062,2507,1555
105000090,1191,1080,111
105000091,2145,2256,-111
105000092,674,1174,-500
105000093,317,214,103
105000094,219,226,-7
105000095,51,410,-359
105000096,848,634,214
105000097,1138,642,496
105000098,476,470,6
105000099,695,986,-291
105000100,937,1165,-228
105000101,1615,2565,-950
105000102,2809,1638,1171
105000103,1964,2500,-536
105000104,1390,1027,363
105000105,856,1829,-973
105000106,894,1396,-502
105000107,594,857,-263
105000108,790,1943,-1153
105000109,841,1620,-779
105000110,513,900,-387
105000111,326,573,-247
105000112,910,1014,-104
105000113,364,493,-129
105000114,3798,1015,2783
105000115,288,650,-362
105000116,433,473,-40
105000117,744,1744,-1000
105000118,220,342,-122
105000119,352,1416,-1064
105000120,520,629,-109
105000121,611,1214,-603
105000122,183,419,-236
105000123,1028,1646,-618
105000124,1021,1017,4
105000125,460,1835,-1375
105000126,1415,2232,-817
105000127,1663,1965,-302
105000128,422,1503,-1081
105000129,542,290,252
105000130,84,848,-764
105000131,501,465,36
105000132,608,374,234
105000133,359,1190,-831
105000134,304,632,-328
105000135,349,848,-499
105000136,96,416,-320
105000137,207,289,-82
105000138,236,416,-180
105000139,819,1135,-316
105000140,160,615,-455
105000141,187,753,-566
105000142,68,550,-482
105000143,238,702,-464
105000144,217,673,-456
105000145,367,536,-169
105000146,461,746,-285
105000147,336,312,24
105000148,1069,604,465
105000149,1491,1575,-84
105000150,2561,1370,1191
105000151,290,302,-12
105000152,164,619,-455
105000153,445,412,33
105000154,777,770,7
105000155,242,651,-409
105000156,906,797,109
105000157,1097,1992,-895
105000158,1553,753,800
105000159,312,1273,-961
105000160,989,611,378
105000161,643,1969,-1326
105000162,367,1114,-747
105000163,1151,1250,-99
105000164,208,317,-109
105000165,1441,2894,-1453
105000166,7650,337,7313
105000167,3204,1153,2051
105000168,193,977,-784
105000169,245,599,-354
105000170,109,1185,-1076
105000171,1007,333,674
105000172,47,55,-8
105000173,44,27,17
105000174,27,28,-1
105000175,88,153,-65
105000176,56,78,-22
105000177,85,125,-40
105000178,102,743,-641
105000179,114,112,2
105000180,68,110,-42
105000181,44,504,-460
105000182,19,57,-38
105000183,2749,1283,1466
105000184,1525,1030,495
105000185,1697,654,1043
105000186,444,1060,-616
105000187,709,324,385
105000188,326,105,221
105000189,179,647,-468
105000190,172,438,-266
105000191,260,471,-211
105000192,98,85,13
105000193,62,167,-105
105000194,141,129,12
105000195,292,1234,-942
105000196,22,78,-56
105000197,206,844,-638
105000198,540,294,246
105000199,155,176,-21
105000200,90,261,-171
105000201,77,18,59
105000203,1,305,-304
105000204,55,109,-54
105000205,90,337,-247
105000207,976,255,721
105000208,385,369,16
105000209,193,451,-258
105000212,815,1542,-727
105000213,311,179,132
105000214,47,239,-192
105000215,135,305,-170
105000216,47,458,-411
105000217,175,402,-227
105000218,522,986,-464
105000221,227,286,-59
105000222,69,46,23
105000223,109,213,-104
105000226,12,398,-386
105000227,18,210,-192
105000228,184,675,-491
105000229,47,161,-114
105000231,136,253,-117
105000233,511,569,-58
105000234,543,1301,-758
105000235,209,502,-293
105000237,452,58,394
105000243,34,268,-234
105000248,105,39,66
105000262,191,1951,-1760
105000269,72,181,-109
105000270,209,105,104
105000271,1,311,-310
105000282,67,50,17
105000287,315,125,190
105000288,390,414,-24
105000289,807,801,6
105000290,5,4,1
105000402,5079,1811,3268
105000426,333,532,-199
105000438,772,538,234
105000446,13769,4909,8860
105000447,8075,2843,5232
105000454,143,1056,-913
105000455,225,279,-54
105000474,12,0,12
105000477,208,320,-112
105000478,1078,1867,-789
105000479,98,136,-38
105000480,1537,1788,-251
105000481,1886,1910,-24
105000482,4345,2854,1491
105000483,956,1093,-137
105000484,2588,2794,-206
105000485,928,1301,-373
105000486,3434,2470,964
105000488,2868,2983,-115
105000489,424,759,-335
105000549,19,139,-120
105000550,546,1171,-625
105000551,42,129,-87
105000552,3471,2103,1368
105900001,8,754,-746
105900002,1707,322,1385
105900003,7,91,-84
105900004,505,113,392
105900005,5,198,-193
105900006,7,31,-24
105900007,98,21,77
105900008,39,656,-617
105900009,15,15,0
105900011,190,44,146
105900012,343,220,123
105900013,1,22,-21
105900014,11,93,-82
105900015,229,365,-136
105900016,181,925,-744
105900017,528,50,478
105900018,220,257,-37
105900019,52,652,-600
105900020,21,63,-42
105900021,23,523,-500
105900022,186,311,-125
105900023,1,166,-165
105900024,7,237,-230
105900025,50,29,21
105900026,175,45,130
105900027,5381,5113,268
105900028,58,167,-109
105900029,2048,362,1686
105900030,156,317,-161
105900031,396,176,220
105900032,43,132,-89
105900033,95,132,-37
105900034,107,242,-135
105900035,145,197,-52
105900036,24,128,-104
105900037,44,67,-23
105900038,114,232,-118
105900039,68,122,-54
105900040,47,88,-41
105900041,153,360,-207
105900042,21,117,-96
105900043,1698,131,1567
105900044,1,163,-162
105900045,1,642,-641
105900046,0,167,-167
105900047,33,32,1
105900048,45,476,-431
105900050,4161,968,3193
105900051,9,1300,-1291
105900052,280,141,139
105900053,3888,1078,2810
105900054,269,261,8
105900056,958,178,780
105900057,25,213,-188
105900058,5,38,-33
105900059,0,25,-25
106000001,3798,1219,2579
106000002,2977,3899,-922
106000003,2467,2194,273
106000004,1954,2356,-402
106000005,2060,4655,-2595
106000006,5567,4973,594
106000007,349,527,-178
106000008,407,331,76
106000009,326,341,-15
106000010,456,623,-167
106000011,577,976,-399
106000012,644,1636,-992
106000013,1262,1905,-643
106000014,1954,1969,-15
106000015,905,1022,-117
106000016,1038,2507,-1469
106000017,633,670,-37
106000018,446,638,-192
106000019,250,430,-180
106000020,261,479,-218
106000021,193,531,-338
106000022,204,320,-116
106000023,375,351,24
106000024,481,965,-484
106000025,93,161,-68
106000026,187,329,-142
106000027,643,1251,-608
106000028,356,859,-503
106000029,889,1712,-823
106000030,904,360,544
106000034,148,626,-478
106000035,734,946,-212
106000036,348,352,-4
106000037,1380,1445,-65
106000038,671,91,580
106000039,188,42,146
106000040,138,737,-599
106000041,818,289,529
106000043,482,93,389
106000046,339,27,312
106000047,36,322,-286
106000049,399,119,280
106000050,192,860,-668
106000051,372,333,39
106000052,49,660,-611
106000053,112,75,37
106000054,296,534,-238
106000055,489,714,-225
106000056,249,608,-359
106000057,133,191,-58
106000058,115,205,-90
106000059,138,256,-118
106000060,446,590,-144
106000061,164,406,-242
106000062,174,609,-435
106000063,420,434,-14
106000064,28,429,-401
106000065,225,201,24
106000066,90,404,-314
106000067,188,97,91
106000068,53,687,-634
106000069,114,89,25
106000070,233,972,-739
106000071,508,304,204
106000072,4519,1370,3149
106000073,1873,1970,-97
106000074,216,590,-374
106000075,243,1011,-768
106000076,1099,1525,-426
106000077,2911,1192,1719
106000078,563,929,-366
106000079,492,1059,-567
106000080,839,840,-1
106000081,403,1025,-622
106000082,2091,1004,1087
106000083,289,1247,-958
106000084,912,644,268
106000085,1474,1092,382
106000086,501,630,-129
106000087,762,604,158
106000088,348,735,-387
106000089,598,504,94
106000090,202,683,-481
106000091,209,732,-523
106000092,476,198,278
106000093,163,69,94
106000094,100,359,-259
106000095,323,1174,-851
106000096,558,748,-190
106000097,521,1466,-945
106000098,395,1089,-694
106000099,181,938,-757
106000100,1070,300,770
106000101,2861,274,2587
106000102,319,551,-232
106000103,222,694,-472
106000104,812,477,335
106000105,356,1084,-728
106000106,377,464,-87
106000107,47,541,-494
106000108,115,366,-251
106000109,48,355,-307
106000110,60,353,-293
106000111,106,730,-624
106000112,109,456,-347
106000113,1065,747,318
106000114,378,412,-34
106000115,146,637,-491
106000116,105,226,-121
106000117,869,803,66
106000118,857,1069,-212
106000119,2485,1265,1220
106000120,744,784,-40
106000121,102,195,-93
106000122,56,329,-273
106000123,145,262,-117
106000124,55,431,-376
106000125,28,487,-459
106000126,94,220,-126
106000127,396,992,-596
106000128,311,373,-62
106000129,280,819,-539
106000130,381,387,-6
106000131,114,637,-523
106000132,767,120,647
106000133,3767,947,2820
106000134,787,1858,-1071
106000135,213,832,-619
106000136,429,475,-46
106000137,65,1629,-1564
106000138,504,68,436
106000139,39,139,-100
106000140,17,136,-119
106000141,32,163,-131
106000142,60,118,-58
106000143,16,148,-132
106000144,21,86,-65
106000145,112,459,-347
106000146,190,212,-22
106000147,402,523,-121
106000148,629,825,-196
106000149,374,448,-74
106000150,405,1606,-1201
106000151,4735,833,3902
106000152,1793,1210,583
106000153,85,1387,-1302
106000154,1562,224,1338
106000155,42,160,-118
106000156,528,367,161
106000157,479,1946,-1467
106000158,3354,792,2562
106000159,4957,1530,3427
106000160,204,1563,-1359
106000161,1262,527,735
106000162,125,614,-489
106000163,171,610,-439
106000164,163,395,-232
106000165,172,780,-608
106000166,320,337,-17
106000167,210,1645,-1435
106000168,156,266,-110
106000169,121,1032,-911
106000170,270,267,3
106000171,68,939,-871
106000172,2087,864,1223
106000173,740,2609,-1869
106000174,879,279,600
106000175,287,1084,-797
106000176,878,563,315
106000177,598,2354,-1756
106000178,2451,1389,1062
106000179,928,2240,-1312
106000180,752,1963,-1211
106000181,320,2158,-1838
106000182,561,674,-113
106000183,541,1056,-515
106000184,647,1157,-510
106000185,449,970,-521
106000186,724,185,539
106000187,207,733,-526
106000188,0,2,-2
106000189,3,52,-49
106000190,4,7,-3
106000191,513,172,341
106000192,1,29,-28
106000193,268,179,89
106000194,154,347,-193
106000195,914,85,829
106000196,246,401,-155
106000197,211,305,-94
106000198,125,363,-238
106000199,869,485,384
106000200,477,133,344
106000201,416,988,-572
106000202,7191,579,6612
106000203,256,142,114
106000204,36,2,34
106000205,9,154,-145
106000206,42,17,25
106000207,68,895,-827
106000208,483,62,421
106000209,849,226,623
106000210,248,1344,-1096
106000211,366,1594,-1228
106000212,447,142,305
106000213,798,1278,-480
106000214,2694,454,2240
106000215,189,503,-314
106000216,259,310,-51
106000217,198,459,-261
106000218,322,324,-2
106000219,95,266,-171
106000220,368,258,110
106000221,70,338,-268
106000222,22,152,-130
106000223,79,135,-56
106000224,104,446,-342
106000225,27,60,-33
106000226,105,372,-267
106000228,39,127,-88
106000229,91,861,-770
106000231,358,112,246
106000232,56,455,-399
106000233,260,96,164
106000234,31,224,-193
106000235,341,67,274
106000236,195,60,135
106000237,0,6,-6
106000238,2,5,-3
106000239,11,77,-66
106000240,32,0,32
106000241,11,745,-734
106000242,129,18,111
106000249,44,85,-41
106000250,51,461,-410
106000251,25,24,1
106000252,25,112,-87
106000253,8,40,-32
106000254,39,64,-25
106000255,7,71,-64
106000256,61,130,-69
106000257,82,361,-279
106000258,174,5,169
106000259,1,50,-49
106000260,8,1,7
106000261,0,52,-52
106000262,47,15,32
106000263,6,88,-82
106000264,249,8,241
106000265,10,136,-126
106000266,100,18,82
106000267,4,85,-81
106000268,377,11,366
106000269,55,68,-13
106000270,119,388,-269
106000271,41,200,-159
106000272,73,56,17
106000273,13,195,-182
106000274,154,46,108
106000275,94,160,-66
106000276,140,71,69
106000277,125,161,-36
106000278,169,37,132
106000279,18,83,-65
106000280,31,148,-117
106000281,84,77,7
106000282,84,52,32
106000283,87,97,-10
106000284,32,118,-86
106000285,112,124,-12
106000286,68,175,-107
106000287,74,115,-41
106000288,49,175,-126
106000289,98,88,10
106000290,52,109,-57
106000291,56,87,-31
106000292,85,132,-47
106000293,59,100,-41
106000294,90,100,-10
106000295,21,72,-51
106000296,63,104,-41
106000297,48,233,-185
106000298,135,57,78
106000299,58,148,-90
106000300,47,88,-41
106000301,52,103,-51
106000303,14,81,-67
106000304,49,33,16
106000305,18,39,-21
106000306,44,88,-44
106000307,25,16,9
106000308,25,188,-163
106000309,22,86,-64
106000310,152,615,-463
106000311,151,120,31
106000312,52,200,-148
106000313,101,191,-90
106000318,198,208,-10
106000319,340,39,301
106000320,1,41,-40
106000321,258,56,202
106000322,54,245,-191
106000324,3,186,-183
106000325,855,947,-92
106000326,722,1919,-1197
106000327,54,168,-114
106000328,11,112,-101
106000329,33,285,-252
106000330,26,43,-17
106000428,47,183,-136
106000429,71,537,-466
106000430,265,1406,-1141
106000431,991,260,731
106000432,1350,2479,-1129
106000433,1197,689,508
106000434,2362,890,1472
106000435,2082,2435,-353
106000436,14,307,-293
106000437,149,73,76
106000438,315,103,212
106000439,55,688,-633
106000440,222,510,-288
106000441,0,3,-3
106000442,63,3,60
106000443,62,672,-610
106000450,2,244,-242
106000451,28,3,25
106000454,0,93,-93
106000455,30,198,-168
106000456,123,35,88
106000457,4,1279,-1275
106000458,200,162,38
106000459,37,476,-439
106000460,436,35,401
106000461,25,2245,-2220
106000462,0,10,-10
106000463,1,24,-23
106000464,7,618,-611
106000465,123,0,123
106000466,3,779,-776
106000467,441,601,-160
106000468,55,187,-132
106000469,238,7,231
106000470,244,1182,-938
106000471,33,724,-691
106000472,75,7,68
106000473,32,30,2
106000474,250,711,-461
106000475,200,157,43
106000476,163,140,23
106000477,15,62,-47
106900001,0,22,-22
106900002,3,617,-614
106900003,269,832,-563
106900004,0,68,-68
106900006,1,21,-20
106900007,0,20,-20
106900008,73,328,-255
106900009,156,438,-282
106900010,139,362,-223
106900012,1952,1515,437
106900013,492,56,436
106900014,17,0,17
106900015,6,2,4
106900016,88,0,88
106900017,3,1,2
106900018,0,0,0
106900019,15,2,13
106900020,2883,593,2290
106900021,15,42,-27
106900022,207,4,203
106900023,7,315,-308
106900024,471,13,458
106900025,38,686,-648
106900026,2,880,-878
106900027,248,5,243
107000001,1660,1463,197
107000002,3042,4006,-964
107000003,3253,4259,-1006
107000004,4923,6456,-1533
107000005,1536,3260,-1724
107000006,3374,7341,-3967
107000007,4391,5523,-1132
107000008,20001,12253,7748
107000009,4398,4313,85
107000010,11801,13927,-2126
107000011,1137,1242,-105
107000012,4551,3907,644
107000013,33,167,-134
107000014,14,274,-260
107000015,354,972,-618
107000016,346,1312,-966
107000017,6102,1057,5045
107000018,38,363,-325
107000020,3615,473,3142
107000021,1366,1153,213
107000022,1252,1939,-687
107000023,1765,418,1347
107000024,526,2552,-2026
107000025,136,371,-235
107000026,186,864,-678
107000027,975,1067,-92
107000028,1254,1759,-505
107000029,1457,1805,-348
107000030,3276,3681,-405
107000031,1870,1944,-74
107000032,275,887,-612
107000033,3850,5715,-1865
107000034,5369,2288,3081
107000035,244,150,94
107000036,302,1031,-729
107000037,88,611,-523
107000038,203,263,-60
107000039,511,478,33
107000040,112,346,-234
107000041,1290,559,731
107000042,633,1657,-1024
107000043,2997,889,2108
107000044,725,449,276
107000045,55,316,-261
107000046,436,367,69
107000047,352,916,-564
107000048,497,323,174
107000049,537,780,-243
107000050,706,434,272
107000051,462,343,119
107000052,1030,722,308
107000053,279,129,150
107000054,71,305,-234
107000055,96,84,12
107000056,414,866,-452
107000057,1642,210,1432
107000058,1300,1843,-543
107000059,2444,3147,-703
107000060,2926,4736,-1810
107000061,5534,4157,1377
107000062,2048,2654,-606
107000063,3392,6436,-3044
107000064,2315,1997,318
107000065,3313,6063,-2750
107000066,1896,2258,-362
107000067,619,987,-368
107000068,1643,670,973
107000069,451,391,60
107000070,276,26,250
107000071,1349,28,1321
107000072,35,3920,-3885
107000073,249,156,93
107000074,147,954,-807
107000075,817,258,559
107000076,756,2149,-1393
107000077,1925,572,1353
107000078,1648,3932,-2284
107000079,1468,484,984
107000080,1145,3823,-2678
107000081,699,480,219
107000082,523,3147,-2624
107000083,773,242,531
107000084,496,2807,-2311
107000085,2600,3084,-484
107000086,3928,2942,986
107000087,2149,2092,57
107000088,2704,3399,-695
107000089,1058,1742,-684
107000090,803,1228,-425
107000091,700,981,-281
107000092,624,1185,-561
107000093,651,770,-119
107000094,821,1400,-579
107000095,414,525,-111
107000096,537,1142,-605
107000097,292,233,59
107000098,298,771,-473
107000099,439,233,206
107000100,320,304,16
107000101,43,145,-102
107000102,338,271,67
107000103,276,148,128
107000104,206,312,-106
107000105,223,122,101
107000106,160,277,-117
107000107,329,171,158
107000108,102,910,-808
107000109,316,161,155
107000110,72,628,-556
107000111,78,59,19
107000112,22,444,-422
107000113,205,77,128
107000114,86,730,-644
107000115,229,85,144
107000116,80,1108,-1028
107000117,85,208,-123
107000118,131,276,-145
107000119,1931,868,1063
107000120,2201,399,1802
107000121,451,694,-243
107000122,928,944,-16
107000123,194,860,-666
107000124,343,971,-628
107000125,376,895,-519
107000126,458,1303,-845
107000129,199,575,-376
107000130,246,374,-128
107000131,333,646,-313
107000132,434,345,89
107000133,1007,164,843
107000134,306,4,302
107000135,3,247,-244
107000136,566,7,559
107000137,8,364,-356
107000138,426,20,406
107000139,18,328,-310
107000140,655,59,596
107000141,125,827,-702
107000142,233,62,171
107000143,49,939,-890
107000144,219,301,-82
107000145,127,610,-483
107000146,168,274,-106
107000147,2624,681,1943
107000150,1022,2033,-1011
107000151,31,39,-8
107000152,506,488,18
107000153,332,307,25
107000154,153,53,100
107000155,482,38,444
107000156,852,33,819
107000157,28,3001,-2973
107000158,274,17,257
107000159,33,1456,-1423
107000160,386,76,310
107000161,49,2208,-2159
107000162,155,254,-99
107000163,17,1,16
107000164,115,1,114
107000165,311,1,310
107000166,72,1653,-1581
107000167,246,260,-14
107000168,486,275,211
107000169,935,1250,-315
107000170,816,492,324
107000171,523,3394,-2871
107000172,474,591,-117
107000173,769,1379,-610
107000174,999,2525,-1526
107000175,12186,1903,10283
107000176,0,0,0
107000177,0,1,-1
107000178,1,64,-63
107000179,163,3339,-3176
107000180,625,414,211
107000181,200,1480,-1280
107000182,761,1051,-290
107000183,75,1124,-1049
107000184,409,862,-453
107000185,361,1356,-995
107000186,632,367,265
107000187,954,1184,-230
107000188,421,477,-56
107000189,300,883,-583
107000190,322,775,-453
107000191,357,843,-486
107000192,1114,1015,99
107000193,325,336,-11
107000194,907,769,138
107000197,444,223,221
107000198,184,818,-634
107000199,695,864,-169
107000200,956,572,384
107000201,286,303,-17
107000202,196,470,-274
107000203,719,600,119
107000204,821,709,112
107000205,3016,1543,1473
107000206,952,1096,-144
107000207,780,1034,-254
107000208,1511,342,1169
107000209,2497,579,1918
107000210,1770,337,1433
107000211,5,17,-12
107000212,39,298,-259
107000213,17,25,-8
107000214,6,155,-149
107000215,265,591,-326
107000216,115,480,-365
107000217,68,194,-126
107000219,62,160,-98
107000220,67,358,-291
107000222,291,865,-574
107000224,237,44,193
107000225,162,972,-810
107000226,175,67,108
107000227,63,634,-571
107000228,87,129,-42
107000229,224,104,120
107000230,900,505,395
107000231,865,446,419
107000232,71,79,-8
107000233,652,309,343
107000234,2,12,-10
107000235,58,10,48
107000236,24,817,-793
107000237,4,0,4
107000238,30,2,28
107000239,5830,401,5429
107000240,44,1377,-1333
107000241,105,23,82
107000242,715,56,659
107000243,0,57,-57
107000244,15,78,-63
107000246,7,1268,-1261
107000249,1,1065,-1064
107000251,0,290,-290
107000252,3,1521,-1518
107000255,760,99,661
107000257,2,722,-720
107000258,2,166,-164
107000259,4,289,-285
107000260,189,2,187
107000262,8,1010,-1002
107000263,146,2,144
107000266,11,1,10
107000267,70,198,-128
107000268,159,219,-60
107000269,212,39,173
107000270,0,14,-14
107000271,7,1234,-1227
107000272,11,263,-252
107000273,7,306,-299
107000274,1985,410,1575
107000275,67,774,-707
107000280,277,21,256
107000281,17,1198,-1181
107000282,33,1783,-1750
107000290,3,37,-34
107000291,10,18,-8
107000292,6,40,-34
107000293,92,4,88
107000294,2,60,-58
107000295,31,5,26
107000296,0,6,-6
107000444,131,14,117
107000496,1,18,-17
107000497,1228,3574,-2346
107000500,233,349,-116
107000501,77,196,-119
107000502,139,426,-287
107000505,600,761,-161
107000506,0,24,-24
107000508,4,890,-886
107000509,195,806,-611
107000510,14,24,-10
107000514,20,258,-238
107000515,24,367,-343
107000516,116,177,-61
107000518,580,467,113
107000519,3846,1228,2618
107000520,50,14,36
107900001,15,357,-342
107900002,18,1,17
107900003,62,4,58
107900004,26,0,26
107900005,280,3,277
107900006,65,2,63
107900007,130,9,121
107900008,20,48,-28
107900009,115,3,112
107900010,5,2,3
107900012,196,10,186
107900013,255,83,172
107900014,14,4,10
107900015,270,1,269
107900016,612,110,502
107900017,7,2,5
107900018,27,37,-10
107900019,7,93,-86
107900020,87,19,68
107900021,36,150,-114
107900023,0,3,-3
107900024,0,22,-22
107900025,216,412,-196
107900026,21,143,-122
107900027,38,141,-103
107900028,26,92,-66
107900030,100,15,85
107900031,51,280,-229
107900032,4,6,-2
107900033,11,4,7
107900034,189,9,180
107900035,358,12,346
107900036,32,5,27
107900037,1,43,-42
107900038,156,102,54
107900039,3,61,-58
107900040,76,66,10
107900041,0,1,-1
107900043,37,168,-131
107900044,4,2,2
107900045,26,22,4
107900046,61,35,26
107900047,20,91,-71
107900048,65,4,61
107900049,325,1345,-1020
107900050,68,410,-342
107900051,52,67,-15
107900052,21,13,8
107900053,15,72,-57
107900055,501,163,338
107900056,75,18,57
107900057,1,0,1
107900058,17,778,-761
107900060,11,32,-21
107900061,27,2,25
107900063,85,127,-42
107900064,286,32,254
107900065,66,9,57
107900066,10,0,10
107900067,0,0,0
107900068,103,304,-201
107900069,20,594,-574
107900070,45,22,23
107900071,5,1147,-1142
107900072,47,238,-191
107900073,43,114,-71
107900074,1090,102,988
107900076,65,94,-29
107900077,19,1,18
107900078,203,19,184
107900079,9,12,-3
107900080,97,162,-65
107900081,13,103,-90
107900082,40,16,24
107900083,165,129,36
107900084,54,106,-52
107900086,21,80,-59
107900087,300,57,243
107900088,9,10,-1
107900089,323,1082,-759
107900090,485,874,-389
107900091,144,537,-393
107900092,2247,497,1750
107900093,40,66,-26
107900095,3187,1081,2106
107900097,20,50,-30
107900098,32,112,-80
107900100,986,511,475
107900101,1053,123,930
107900102,17,10,7
107900103,25,191,-166
107900104,94,8,86
107900105,0,483,-483
107900106,5,1706,-1701
107900107,1722,194,1528
107900108,341,89,252
107900109,440,4,436
107900110,17,82,-65
107900111,6,1549,-1543
107900112,92,226,-134
107900113,59,99,-40
107900114,40,295,-255
107900115,0,48,-48
107900116,48,258,-210
107900117,231,435,-204
107900118,71,122,-51
107900119,59,139,-80
107900120,26,21,5
107900121,2,167,-165
107900122,4,59,-55
107900123,1,16,-15
107900124,4,96,-92
107900125,36,181,-145
107900126,1,24,-23
107900127,587,90,497
107900128,138,63,75
107900129,16,39,-23
107900130,20,23,-3
107900131,269,34,235
107900132,53,422,-369
107900133,1,73,-72
107900134,22,25,-3
107900135,2,204,-202
107900136,41,22,19
107900137,38,64,-26
107900138,25,23,2
107900139,8,35,-27
107900140,141,75,66
107900141,47,20,27
107900142,50,1013,-963
107900143,56,44,12
107900144,1,158,-157
107900145,25,97,-72
107900146,52,124,-72
107900147,19,18,1
107900148,83,166,-83
107900149,1742,123,1619
107900150,49,607,-558
107900151,7,134,-127
107900152,16,380,-364
107900153,125,168,-43
107900154,10,10,0
107900155,24,41,-17
107900156,4,472,-468
107900157,28,97,-69
107900158,250,13,237
107900159,39,1088,-1049
107900160,35,202,-167
107900161,8,278,-270
107900162,4,211,-207
107900163,93,30,63
107900164,4,14,-10
107900165,2,41,-39
107900166,5,312,-307
107900167,31,13,18
107900168,9,36,-27
107900169,0,183,-183
107900171,9,1922,-1913
107900172,2,357,-355
107900173,8,273,-265
107900174,27,12,15
107900175,8,8,0
107900176,10,46,-36
107900177,4,294,-290
107900178,0,304,-304
107900179,7,154,-147
107900180,1055,159,896
107900181,363,442,-79
107900182,4,1711,-1707
107900183,11,476,-465
107900184,33,329,-296
107900185,25,4,21
107900186,3,31,-28
107900187,0,148,-148
107900188,883,93,790
107900189,11,136,-125
107900190,103,53,50
107900191,37,136,-99
107900193,2,21,-19
107900194,179,3,176
107900195,4566,492,4074
107900196,42,100,-58
107900197,437,80,357
107900199,3,1209,-1206
107900201,44,127,-83
107900203,14,65,-51
107900204,255,200,55
107900205,182,429,-247
107900206,335,160,175
107900207,0,751,-751
107900208,4,1041,-1037
107900209,381,120,261
107900210,53,107,-54
107900213,412,435,-23
107900214,5,211,-206
107900215,189,241,-52
107900216,75,58,17
107900217,14,47,-33
107900218,17,1731,-1714
107900219,25,139,-114
107900220,217,170,47
107900221,215,227,-12
107900223,71,617,-546
107900224,143,271,-128
107900225,3,985,-982
107900226,39,138,-99
107900227,85,549,-464
107900228,10,127,-117
107900229,2,382,-380
107900230,6,190,-184
107900231,8,223,-215
107900232,25,273,-248
107900233,0,191,-191
107900234,30,240,-210
107900235,63,94,-31
107900236,50,125,-75
107900237,118,616,-498
107900238,7,122,-115
107900239,1443,406,1037
107900240,8,208,-200
107900241,10,112,-102
107900242,13,441,-428
107900243,6,46,-40
107900244,147,5,142
107900245,168,32,136
107900246,53,4,49
107900248,141,701,-560
107900249,260,5,255
107900250,1,618,-617
107900251,40,1317,-1277
107900252,370,5,365
107900253,51,3,48
107900254,53,431,-378
107900255,438,60,378
107900256,1660,693,967
107900257,75,45,30
107900258,46,241,-195
107900259,92,694,-602
107900261,0,556,-556
107900262,31,127,-96
107900264,58,1,57
107900265,54,236,-182
107900267,78,17,61
107900268,58,7,51
107900269,0,6,-6
107900270,0,1,-1
107900271,0,6,-6
107900272,110,15,95
107900273,41,90,-49
107900274,36,0,36
107900275,6,0,6
107900276,2,44,-42
107900277,0,213,-213
107900278,137,354,-217
107900279,128,75,53
107900280,2337,1099,1238
107900281,3361,828,2533
107900282,39,157,-118
107900283,1397,373,1024
107900284,144,863,-719
107900285,38,142,-104
107900286,124,68,56
107900287,81,123,-42
107900290,2,47,-45
107900291,212,5,207
107900292,100,310,-210
107900293,29,588,-559
107900295,26,144,-118
107900297,6,370,-364
107900298,752,1031,-279
107900299,4283,1385,2898
107900300,29,197,-168
107900301,473,223,250
107900302,78,15,63
107900303,40,290,-250
107900304,99,615,-516
107900305,149,15,134
107900306,36,2,34
107900307,36,329,-293
107900308,158,38,120
107900309,8,0,8
107900310,3,0,3
107900311,107,64,43
107900312,5,0,5
107900313,0,60,-60
107900314,3,40,-37
107900315,1,63,-62
107900316,17,0,17
107900317,23,6,17
107900318,2,149,-147
107900319,1,282,-281
107900320,2,156,-154
107900321,52,6,46
107900322,0,232,-232
107900323,6,131,-125
107900324,114,0,114
107900325,31,0,31
107900326,93,414,-321
107900327,9,8,1
107900328,4,0,4
107900329,38,23,15
107900330,5,582,-577
107900331,101,53,48
107900332,93,29,64
107900333,37,8,29
107900334,13,270,-257
107900335,51,39,12
107900336,16,23,-7
107900337,1376,395,981
107900338,4,165,-161
107900339,1,19,-18
107900340,1,46,-45
107900341,10,0,10
107900342,81,236,-155
107900343,22,1,21
107900344,0,166,-166
107900345,72,19,53
107900346,20,1,19
107900347,20,5,15
107900348,4,5,-1
107900349,22,1,21
107900350,25,289,-264
108000001,1893,2597,-704
108000002,2272,3459,-1187
108000003,2538,1466,1072
108000004,16740,16871,-131
108000005,4021,2573,1448
108000006,5253,6580,-1327
108000007,3530,2774,756
108000008,5119,6250,-1131
108000009,2386,2634,-248
108000010,2560,5212,-2652
108000011,8784,6563,2221
108000012,17996,16783,1213
108000014,518,468,50
108000015,321,323,-2
108000016,145,619,-474
108000017,515,370,145
108000018,956,418,538
108000019,1475,627,848
108000020,996,351,645
108000021,418,1653,-1235
108000022,513,1518,-1005
108000023,823,158,665
108000024,141,736,-595
108000025,110,225,-115
108000026,197,687,-490
108000027,293,533,-240
108000028,149,263,-114
108000029,174,606,-432
108000030,254,253,1
108000031,201,581,-380
108000032,722,437,285
108000033,471,1410,-939
108000034,959,317,642
108000035,806,2922,-2116
108000036,252,1510,-1258
108000037,949,299,650
108000038,1297,329,968
108000039,363,2602,-2239
108000040,926,575,351
108000041,641,3111,-2470
108000042,71,247,-176
108000043,102,316,-214
108000044,185,184,1
108000045,141,765,-624
108000046,710,243,467
108000047,405,1360,-955
108000048,88,490,-402
108000049,315,148,167
108000050,94,514,-420
108000051,133,66,67
108000052,347,848,-501
108000053,210,86,124
108000054,478,1010,-532
108000055,673,279,394
108000056,845,1024,-179
108000057,387,578,-191
108000058,1790,1982,-192
108000059,3634,1935,1699
108000060,104,301,-197
108000061,162,299,-137
108000062,376,311,65
108000063,323,801,-478
108000064,85,260,-175
108000065,326,787,-461
108000066,1463,666,797
108000067,1045,412,633
108000068,442,375,67
108000069,147,1381,-1234
108000070,713,558,155
108000071,554,2223,-1669
108000072,1002,812,190
108000073,1361,2254,-893
108000074,197,323,-126
108000075,240,947,-707
108000076,430,360,70
108000077,594,996,-402
108000078,1269,1058,211
108000079,1033,2073,-1040
108000080,501,456,45
108000081,454,3192,-2738
108000082,1028,1793,-765
108000083,1239,612,627
108000084,362,1496,-1134
108000085,282,252,30
108000086,1046,932,114
108000087,149,1158,-1009
108000088,91,7,84
108000089,251,288,-37
108000090,246,108,138
108000091,93,584,-491
108000092,86,74,12
108000093,91,893,-802
108000094,330,110,220
108000095,91,509,-418
108000096,122,183,-61
108000097,56,651,-595
108000098,692,1363,-671
108000099,158,85,73
108000100,22,176,-154
108000101,733,766,-33
108000102,931,1612,-681
108000106,688,1,687
108000107,2,718,-716
108000108,338,36,302
108000109,6,960,-954
108000110,85,216,-131
108000111,93,689,-596
108000112,30,72,-42
108000113,538,369,169
108000115,501,327,174
108000117,852,296,556
108000118,138,133,5
108000119,702,398,304
108000120,82,479,-397
108000121,205,519,-314
108000122,247,253,-6
108000123,387,384,3
108000124,227,580,-353
108000125,123,445,-322
108000126,69,666,-597
108000127,163,491,-328
108000128,223,956,-733
108000129,139,1681,-1542
108000130,141,326,-185
108000131,536,187,349
108000132,1567,1330,237
108000133,430,344,86
108000134,660,851,-191
108000135,468,262,206
108000136,828,1251,-423
108000137,160,472,-312
108000138,171,1210,-1039
108000139,89,382,-293
108000140,11,23,-12
108000141,12,191,-179
108000142,25,122,-97
108000143,25,28,-3
108000144,12,14,-2
108000145,32,46,-14
108000146,24,9,15
108000147,47,42,5
108000148,25,7,18
108000149,21,33,-12
108000150,16,4,12
108000151,41,1,40
108000152,78,647,-569
108000153,137,92,45
108000154,17,8,9
108000155,7,8,-1
108000156,378,105,273
108000157,106,341,-235
108000158,56,385,-329
108000159,574,94,480
108000160,5524,715,4809
108000161,5040,1331,3709
108000165,3,83,-80
108000172,1,132,-131
108000173,2972,1039,1933
108000175,87,70,17
108000178,320,347,-27
108000179,231,528,-297
108000181,29,34,-5
108000182,164,10,154
108000183,37,22,15
108000184,1265,1069,196
108000185,59,757,-698
108000186,36,60,-24
108000187,60,948,-888
108000188,206,265,-59
108000189,496,612,-116
108000190,31,119,-88
108000192,62,677,-615
108000193,664,59,605
108000194,25,12,13
108000195,4,1284,-1280
108000196,162,86,76
108000198,279,406,-127
108000199,0,131,-131
108000200,142,851,-709
108000202,1,165,-164
108000203,59,1065,-1006
108000204,47,19,28
108000205,464,622,-158
108000339,1649,248,1401
108000364,199,132,67
108000365,36,445,-409
108000367,138,418,-280
108000368,7,47,-40
108000369,1616,84,1532
108000371,1,681,-680
108000372,301,2,299
108000373,77,134,-57
108000376,67,10,57
108000377,191,379,-188
108000378,8517,6757,1760
108000379,34,157,-123
108000381,35,5,30
108000382,76,0,76
108000383,0,92,-92
108900001,100,1285,-1185
108900002,202,47,155
108900003,412,1051,-639
108900004,93,142,-49
108900005,27,111,-84
108900006,391,191,200
108900007,72,153,-81
108900008,59,135,-76
108900009,17,130,-113
108900010,69,201,-132
108900011,197,342,-145
108900012,140,499,-359
108900013,57,227,-170
108900014,6,74,-68
108900015,0,11,-11
108900016,2,245,-243
108900017,167,184,-17
108900018,60,607,-547
108900019,31,1410,-1379
108900020,16,333,-317
108900021,62,344,-282
108900022,41,4,37
108900023,0,29,-29
108900024,4,216,-212
108900025,36,171,-135
108900026,12,79,-67
108900027,0,163,-163
108900028,24,577,-553
108900029,38,273,-235
108900030,0,136,-136
108900031,35,659,-624
108900032,5,274,-269
108900033,0,81,-81
108900034,1,342,-341
108900035,195,2082,-1887
108900036,178,367,-189
108900037,40,515,-475
108900038,1,487,-486
108900039,4,706,-702
108900040,1,129,-128
108900041,5908,1768,4140
108900042,2,249,-247
108900043,24,528,-504
108900044,4,823,-819
108900045,13,835,-822
108900046,60,1165,-1105
108900047,0,85,-85
108900048,89,1288,-1199
108900049,5686,731,4955
108900050,0,376,-376
108900051,2,233,-231
108900052,9,417,-408
108900053,126,103,23
108900054,39,239,-200
108900055,59,563,-504
108900056,2,217,-215
108900057,1,226,-225
108900058,15,566,-551
108900059,199,14,185
108900060,60,81,-21
108900061,39,22,17
108900062,5,368,-363
108900063,6,482,-476
108900064,39,83,-44
108900065,10,325,-315
108900066,123,104,19
108900067,24,258,-234
108900068,1,162,-161
108900069,25,144,-119
108900070,27,205,-178
108900071,44,80,-36
108900072,2447,223,2224
108900073,3,114,-111
108900074,45,580,-535
108900075,52,85,-33
108900076,102,65,37
108900077,103,148,-45
108900078,8,265,-257
108900079,924,294,630
108900080,8,270,-262
108900081,57,247,-190
108900082,32,140,-108
108900083,8,140,-132
108900084,359,113,246
108900085,1964,114,1850
108900086,24,463,-439
108900087,118,242,-124
108900088,549,241,308
108900089,15,63,-48
108900090,16,578,-562
108900091,153,130,23
108900092,172,216,-44
108900093,50,33,17
108900094,137,101,36
108900095,40,719,-679
108900096,521,46,475
108900097,213,235,-22
108900098,3668,320,3348
108900099,223,369,-146
108900100,24,150,-126
108900101,148,63,85
108900102,171,466,-295
108900103,35,42,-7
108900104,217,267,-50
108900105,6,443,-437
108900106,138,574,-436
108900108,143,36,107
108900109,5,18,-13
108900110,64,548,-484
108900111,172,762,-590
108900112,72,12,60
108900113,17,20,-3
108900114,0,7,-7
108900115,58,68,-10
108900116,19,13,6
108900117,51,37,14
108900118,263,5,258
108900119,104,45,59
108900120,43,94,-51
108900121,196,41,155
108900122,51,32,19
108900123,75,51,24
108900124,193,85,108
108900125,127,4,123
108900126,49,7,42
108900127,79,16,63
108900128,48,14,34
108900129,359,63,296
108900130,102,0,102
108900131,190,0,190
108900132,196,57,139
108900133,124,26,98
108900134,93,256,-163
108900135,61,5,56
108900136,2,0,2
108900137,39,2,37
108900138,210,13,197
108900139,213,63,150
108900140,46,288,-242
108900141,86,8,78
108900142,38,1,37
108900143,6,0,6
108900144,21,0,21
108900145,65,4,61
108900146,24,0,24
108900147,55,0,55
108900148,75,37,38
108900149,457,288,169
108900150,123,8,115
108900151,21,5,16
108900152,26,9,17
108900153,50,533,-483
108900154,2664,355,2309
108900155,116,89,27
108900156,24,3,21
108900157,6,734,-728
108900158,105,25,80
108900159,8,433,-425
108900160,2,272,-270
108900161,9,583,-574
108900162,34,1,33
108900163,17,135,-118
108900164,35,75,-40
108900165,265,82,183
108900167,1731,1963,-232
108900168,10956,1839,9117
108900169,18,172,-154
108900171,9554,1267,8287
108900172,99,22,77
108900173,186,370,-184
108900174,341,474,-133
108900176,91,579,-488
108900177,10078,2442,7636
108900178,5643,1545,4098
108900179,319,773,-454
108900180,47,113,-66
108900182,15,145,-130
108900183,109,184,-75
108900184,251,181,70
108900185,39,295,-256
108900186,78,308,-230
108900187,144,41,103
108900188,226,44,182
108900189,264,154,110
108900190,30,3412,-3382
108900191,137,22,115
108900192,52,282,-230
108900193,370,34,336
108900194,26,349,-323
108900195,38,361,-323
108900196,23,593,-570
108900198,2,676,-674
108900199,118,285,-167
108900200,154,342,-188
108900201,246,1170,-924
108900203,282,14,268
108900204,238,8,230
108900205,88,7,81
108900206,140,18,122
108900207,88,19,69
108900208,21,368,-347
108900209,242,660,-418
108900210,121,202,-81
108900211,104,271,-167
108900212,830,668,162
108900215,84,633,-549
108900216,378,98,280
108900217,27,0,27
108900218,71,2,69
108900219,39,2,37
108900220,28,19,9
108900221,50,49,1
108900222,79,12,67
108900223,5,48,-43
108900224,32,105,-73
108900225,1,189,-188
108900226,97,3,94
108900227,58,82,-24
108900230,546,350,196
108900231,48,255,-207
108900232,2,492,-490
108900233,197,22,175
108900234,198,46,152
108900235,157,649,-492
108900236,30,384,-354
108900237,19,326,-307
108900240,56,91,-35
108900241,10,11,-1
108900245,1,536,-535
108900249,50,14,36
108900250,88,110,-22
108900257,50,729,-679
108900258,11,281,-270
108900259,18,96,-78
108900260,5,118,-113
108900261,112,164,-52
108900262,322,113,209
108900263,46,346,-300
108900264,381,265,116
108900265,1756,236,1520
108900266,1390,220,1170
108900267,2,49,-47
108900268,0,2,-2
108900269,18,8,10
108900270,25,7,18
108900271,15,4,11
108900272,78,2,76
108900273,950,324,626
108900274,7,44,-37
109000001,2765,800,1965
109000002,2526,1395,1131
109000003,1710,520,1190
109000004,424,2763,-2339
109000005,1343,661,682
109000006,521,2293,-1772
109000007,681,575,106
109000008,354,2061,-1707
109000009,2635,900,1735
109000010,1267,4119,-2852
109000011,1701,1305,396
109000012,1547,4053,-2506
109000013,2009,1561,448
109000014,1380,3861,-2481
109000015,2534,3145,-611
109000016,10379,4379,6000
109000017,1372,865,507
109000018,640,3703,-3063
109000019,1520,862,658
109000020,1017,2376,-1359
109000023,174,25,149
109000024,2,126,-124
109000025,366,300,66
109000026,643,263,380
109000027,52,223,-171
109000028,75,90,-15
109000029,123,86,37
109000030,98,671,-573
109000031,110,74,36
109000032,64,565,-501
109000033,255,96,159
109000034,74,26,48
109000035,25,36,-11
109000036,84,352,-268
109000037,151,587,-436
109000038,463,288,175
109000039,569,314,255
109000040,5643,2831,2812
109000041,5273,953,4320
109000042,919,1032,-113
109000044,163,92,71
109000045,70,378,-308
109000046,183,50,133
109000047,35,477,-442
109000048,755,114,641
109000049,214,614,-400
109000050,284,199,85
109000051,274,323,-49
109000052,277,1802,-1525
109000053,96,59,37
109000054,381,702,-321
109000055,80,133,-53
109000056,209,597,-388
109000057,294,192,102
109000058,715,212,503
109000059,605,871,-266
109000060,480,171,309
109000061,1567,553,1014
109000062,99,206,-107
109000063,149,237,-88
109000064,107,152,-45
109000065,59,403,-344
109000066,198,113,85
109000067,18,467,-449
109000068,240,2,238
109000069,524,15,509
109000070,2,840,-838
109000071,257,67,190
109000072,74,308,-234
109000073,31,98,-67
109000074,13,209,-196
109000075,66,437,-371
109000076,58,122,-64
109000077,272,321,-49
109000078,21,129,-108
109000079,86,315,-229
109000080,46,128,-82
109000081,45,681,-636
109000082,224,312,-88
109000083,160,952,-792
109000088,118,496,-378
109000089,191,17,174
109000090,160,481,-321
109000091,169,65,104
109000092,392,660,-268
109000093,137,93,44
109000094,143,4,139
109000095,89,742,-653
109000096,328,96,232
109000097,86,117,-31
109000098,31,69,-38
109000099,525,354,171
109000100,148,553,-405
109000101,706,850,-144
109000102,218,1009,-791
109000103,225,638,-413
109000104,805,552,253
109000105,267,1658,-1391
109000106,1151,586,565
109000107,450,2143,-1693
109000108,836,456,380
109000109,377,2075,-1698
109000110,925,351,574
109000111,911,2559,-1648
109000112,260,169,91
109000113,112,210,-98
109000114,102,344,-242
109000115,910,36,874
109000116,2,211,-209
109000117,74,89,-15
109000118,8,269,-261
109000119,370,385,-15
109000120,99,1278,-1179
109000121,147,67,80
109000122,62,1246,-1184
109000123,12,100,-88
109000124,282,364,-82
109000125,452,363,89
109000126,198,1131,-933
109000127,364,173,191
109000128,330,2624,-2294
109000129,975,338,637
109000130,513,2932,-2419
109000131,458,237,221
109000132,541,1842,-1301
109000133,261,1018,-757
109000134,543,1694,-1151
109000135,891,1287,-396
109000136,211,480,-269
109000137,154,287,-133
109000138,236,559,-323
109000139,243,445,-202
109000140,69,560,-491
109000141,166,393,-227
109000142,83,540,-457
109000143,49,38,11
109000145,45,88,-43
109000146,48,116,-68
109000148,4536,1068,3468
109000149,31,23,8
109000150,55,126,-71
109000155,330,496,-166
109000156,1108,986,122
109000158,115,256,-141
109000159,170,726,-556
109000160,425,306,119
109000161,192,1647,-1455
109000162,1087,1000,87
109000163,604,2005,-1401
109000164,721,2543,-1822
109000165,704,697,7
109000166,300,132,168
109000167,65,981,-916
109000170,60,41,19
109000171,40,45,-5
109000172,39,55,-16
109000173,12,36,-24
109000174,58,64,-6
109000175,41,136,-95
109000176,115,330,-215
109000177,15,173,-158
109000178,260,375,-115
109000179,8193,2342,5851
109000180,6018,2706,3312
109000181,1,43,-42
109000182,16,51,-35
109000183,26,61,-35
109000184,5,23,-18
109000185,14,74,-60
109000188,400,3093,-2693
109000189,1550,849,701
109000190,348,557,-209
109000191,218,731,-513
109000192,118,314,-196
109000193,79,460,-381
109000194,59,147,-88
109000195,63,474,-411
109000196,158,78,80
109000197,117,561,-444
109000198,136,62,74
109000199,82,560,-478
109000206,156,33,123
109000207,55,54,1
109000208,82,47,35
109000209,153,70,83
109000210,180,517,-337
109000211,162,295,-133
109000214,182,740,-558
109000215,46,61,-15
109000216,158,112,46
109000217,185,63,122
109000218,119,102,17
109000221,203,1195,-992
109000222,454,95,359
109000223,177,183,-6
109000224,37,408,-371
109000225,41,60,-19
109000226,26,320,-294
109000227,548,1595,-1047
109000228,0,265,-265
109000231,2,525,-523
109000232,101,529,-428
109000236,199,771,-572
109000241,1119,1736,-617
109000242,903,1326,-423
109000293,13,41,-28
109000361,40,254,-214
109000364,191,706,-515
109000396,5,996,-991
109000397,180,8,172
109000399,125,595,-470
109000400,32,254,-222
109000403,36,262,-226
109000406,142,4,138
109000407,147,251,-104
109000408,1,849,-848
109000410,524,147,377
109000411,35,27,8
109900001,45,1,44
109900002,325,8,317
109900003,64,1,63
109900004,472,193,279
109900005,9,6,3
109900006,172,242,-70
109900007,321,888,-567
109900008,0,43,-43
109900009,70,1280,-1210
109900010,178,15,163
109900011,47,23,24
109900012,122,166,-44
109900013,196,101,95
109900014,141,53,88
109900015,240,120,120
109900016,56,52,4
109900017,77,67,10
109900018,106,131,-25
109900019,76,48,28
109900020,12,14,-2
109900021,6,5,1
109900022,79,353,-274
109900023,10,1,9
109900024,11,0,11
109900025,8,83,-75
109900026,5,192,-187
109900027,19,11,8
109900028,2992,349,2643
109900029,5,548,-543
109900030,8,0,8
109900031,0,112,-112
109900032,3,277,-274
109900033,1,521,-520
109900034,8,0,8
109900035,10,26,-16
109900036,12,114,-102
109900037,16,670,-654
109900038,21,265,-244
109900039,4,0,4
109900040,9,804,-795
109900041,31,522,-491
109900042,11,538,-527
109900044,39,361,-322
109900045,47,32,15
109900046,6,43,-37
109900047,311,304,7
109900048,2,68,-66
109900049,7,17,-10
109900050,0,372,-372
109900051,1,75,-74
109900052,31,293,-262
109900053,2,627,-625
109900054,318,122,196
109900055,46,269,-223
109900056,16,64,-48
109900057,12,260,-248
109900058,0,128,-128
109900059,190,79,111
109900060,168,155,13
109900061,68,299,-231
109900062,0,298,-298
109900063,6,402,-396
109900064,201,263,-62
109900065,79,125,-46
109900066,200,1069,-869
109900067,2,535,-533
109900068,21,0,21
109900069,5,41,-36
109900070,52,318,-266
109900071,1,50,-49
109900072,12,144,-132
109900073,92,816,-724
109900074,8,48,-40
109900075,9,19,-10
109900076,6,308,-302
109900077,17,57,-40
109900078,58,256,-198
109900080,97,356,-259
109900081,14,82,-68
109900082,34,449,-415
109900083,21,44,-23
109900084,32,168,-136
109900085,141,1243,-1102
109900086,68,156,-88
109900087,226,327,-101
109900089,263,82,181
109900090,415,1238,-823
109900091,84,51,33
109900092,712,10,702
109900093,322,98,224
109900094,33,89,-56
109900095,135,201,-66
109900096,11,1,10
109900097,103,3,100
109900098,118,33,85
109900099,50,1,49
109900100,16,1,15
109900101,139,2,137
109900102,217,13,204
109900103,2,40,-38
109900104,181,1335,-1154
109900105,267,20,247
109900106,216,67,149
109900107,283,73,210
109900108,60,1203,-1143
109900109,19,257,-238
109900110,31,508,-477
109900111,251,1291,-1040
109900112,408,1015,-607
109900113,341,202,139
109900114,722,362,360
109900115,83,57,26
109900117,341,117,224
109900118,195,454,-259
109900119,554,295,259
109900120,21,6,15
109900121,274,135,139
109900122,203,1,202
109900123,5,181,-176
109900124,26,917,-891
109900125,1,231,-230
109900126,60,174,-114
109900128,60,42,18
109900130,12071,1097,10974
109900131,62,91,-29
109900132,34,224,-190
109900133,46,464,-418
109900134,50,33,17
109900135,424,56,368
109900136,50,152,-102
109900137,40,369,-329
109900138,34,105,-71
109900140,66,338,-272
109900142,366,170,196
109900145,3,113,-110
109900146,290,31,259
109900148,30,61,-31
109900149,28,43,-15
109900150,2,91,-89
109900151,4,59,-55
109900152,0,21,-21
109900153,3,50,-47
109900154,1,0,1
109900155,15,10,5
109900157,34,282,-248
109900158,47,132,-85
109900159,62,21,41
109900160,64,34,30
109900161,110,58,52
109900162,64,80,-16
109900163,665,218,447
109900164,41,236,-195
109900165,172,5,167
109900166,2,258,-256
109900167,87,688,-601
109900168,70,664,-594
109900169,83,125,-42
109900170,228,379,-151
109900171,80,69,11
109900172,67,160,-93
109900173,4630,987,3643
109900174,20,152,-132
109900175,25,93,-68
109900176,38,177,-139
109900177,28,287,-259
109900178,5,103,-98
109900179,12,22,-10
109900180,3,4,-1
110000001,501,552,-51
110000002,391,433,-42
110000003,842,530,312
110000004,485,545,-60
110000005,689,1252,-563
110000006,618,415,203
110000007,111,168,-57
110000008,10,40,-30
110000009,13,46,-33
110000010,20,49,-29
110000011,30,109,-79
110000012,650,444,206
110000013,25,292,-267
110000014,670,387,283
110000015,351,480,-129
110000016,282,971,-689
110000017,4770,267,4503
110000018,3900,560,3340
110000019,6,174,-168
110000020,563,281,282
110000021,728,351,377
110000022,855,147,708
110000023,8,166,-158
110000024,500,438,62
110000025,106,2,104
110000026,11,586,-575
110000027,452,342,110
110000028,510,613,-103
110000029,335,941,-606
110000030,146,329,-183
110000031,145,653,-508
110000032,416,380,36
110000033,96,136,-40
110000034,151,841,-690
110000035,300,1175,-875
110000036,441,949,-508
110000037,86,1020,-934
110000038,171,694,-523
110000039,632,1530,-898
110000040,279,609,-330
110000041,140,791,-651
110000042,68,373,-305
110000043,377,179,198
110000044,84,87,-3
110000045,567,75,492
110000046,4,11,-7
110000047,3,7,-4
110000048,4,4,0
110000049,6,9,-3
110000050,7,10,-3
110000051,14,1,13
110000052,30,26,4
110000053,26,6,20
110000054,145,347,-202
110000055,320,39,281
110000056,273,43,230
110000057,292,852,-560
110000058,606,771,-165
110000059,484,556,-72
110000060,437,752,-315
110000061,909,887,22
110000062,793,781,12
110000063,22,87,-65
110000064,37,165,-128
110000065,22,92,-70
110000066,48,40,8
110000067,73,341,-268
110000068,80,582,-502
110000069,85,87,-2
110000071,60,143,-83
110000073,0,33,-33
110000075,14,139,-125
110000076,310,255,55
110000077,559,811,-252
110000078,9,69,-60
110000080,187,677,-490
110000081,10,289,-279
110000082,16,268,-252
110000083,183,639,-456
110000084,481,385,96
110000085,3209,1517,1692
110000086,1628,819,809
110000087,1,53,-52
110000088,28,229,-201
110000089,150,134,16
110000090,66,322,-256
110000091,1843,302,1541
110000092,16,83,-67
110000093,33,10,23
110000094,323,226,97
110000095,89,411,-322
110000096,3975,1680,2295
110000097,735,913,-178
110000098,1326,446,880
110000099,923,1386,-463
110000100,302,935,-633
110000101,9,760,-751
110000102,32,42,-10
110000104,89,58,31
110000105,23,287,-264
110000106,387,197,190
110000107,367,419,-52
110000108,155,36,119
110000109,438,309,129
110000110,5175,2650,2525
110000111,8620,1661,6959
110000112,1138,339,799
110000113,967,821,146
110000114,70,339,-269
110000115,195,270,-75
110000116,23,34,-11
110000117,135,632,-497
110000118,221,341,-120
110000119,103,388,-285
110000120,173,171,2
110000121,85,314,-229
110000122,281,621,-340
110000123,246,383,-137
110000124,3,940,-937
110000125,578,6,572
110000126,181,21,160
110000127,462,29,433
110000128,19,1835,-1816
110000129,5,599,-594
110000130,72,91,-19
110000131,101,305,-204
110000132,5,944,-939
110000133,52,319,-267
110000134,12,338,-326
110000135,149,23,126
110000136,40,300,-260
110000137,269,762,-493
110000138,338,961,-623
110000139,508,1686,-1178
110000140,583,288,295
110000143,722,319,403
110000144,4379,965,3414
110000145,1225,665,560
110000146,3007,948,2059
110000147,251,767,-516
110000148,374,379,-5
110000151,1027,493,534
110000152,962,247,715
110000153,23,69,-46
110000154,44,20,24
110000155,1945,1792,153
110000156,685,1091,-406
110000157,1754,1504,250
110000160,257,444,-187
110000161,121,496,-375
110000166,178,124,54
110000167,389,411,-22
110000168,601,225,376
110000169,392,286,106
110000170,79,96,-17
110000171,501,207,294
110000172,139,897,-758
110000173,1120,1418,-298
110000174,85,1471,-1386
110000175,224,93,131
110000176,98,234,-136
110000177,125,743,-618
110000178,550,738,-188
110000179,1507,357,1150
110000180,69,344,-275
110000181,196,450,-254
110000182,458,276,182
110000183,14076,4875,9201
110000184,642,1591,-949
110000185,1672,719,953
110000186,764,588,176
110000191,228,459,-231
110000192,168,3,165
110000193,307,3,304
110000194,12,1443,-1431
110000195,117,481,-364
110000196,165,556,-391
110000197,22,220,-198
110000198,61,87,-26
110000199,35,109,-74
110000200,1408,624,784
110000201,525,515,10
110000202,726,344,382
110000203,531,809,-278
110000204,5,375,-370
110000205,37,63,-26
110000206,539,1885,-1346
110000207,371,287,84
110000208,180,134,46
110000209,93,830,-737
110000210,417,594,-177
110000211,764,707,57
110000212,210,858,-648
110000213,53,59,-6
110000214,86,141,-55
110000215,62,682,-620
110000216,33,686,-653
110000217,100,235,-135
110000218,65,542,-477
110000219,144,135,9
110000220,24,560,-536
110000221,143,143,0
110000222,14,412,-398
110000223,8,92,-84
110000224,58,8,50
110000225,151,511,-360
110000226,154,54,100
110000227,525,405,120
110000228,267,457,-190
110000229,3,294,-291
110000230,567,508,59
110000231,79,172,-93
110000232,93,217,-124
110000233,94,248,-154
110000234,793,468,325
110000235,951,1035,-84
110000236,287,988,-701
110000237,1744,1162,582
110000238,667,1285,-618
110000239,875,1420,-545
110000240,2,120,-118
110000242,0,14,-14
110000243,50,209,-159
110000244,143,341,-198
110000245,44,430,-386
110000246,454,700,-246
110000247,2041,3762,-1721
110000248,3269,1428,1841
110000249,85,3,82
110000250,17,215,-198
110000251,110,452,-342
110000252,121,268,-147
110000253,837,353,484
110000254,615,1385,-770
110000255,255,1210,-955
110000256,320,141,179
110000257,619,410,209
110000258,7,660,-653
110000259,31,15,16
110000260,7,493,-486
110000263,720,77,643
110000264,162,665,-503
110000265,1008,1518,-510
110000266,1988,1890,98
110000267,17,176,-159
110000268,197,588,-391
110000269,5,101,-96
110000270,29,2,27
110000271,2229,329,1900
110000272,738,832,-94
110000273,3187,1182,2005
110000274,199,837,-638
110000275,3133,424,2709
110000276,148,212,-64
110000277,124,403,-279
110000278,186,858,-672
110000279,525,716,-191
110000280,160,443,-283
110000281,18,160,-142
110000282,276,52,224
110000283,32,68,-36
110000284,22,30,-8
110000285,2,175,-173
110000286,18,0,18
110000287,28,1,27
110000288,2,84,-82
110000289,331,1238,-907
110000290,1423,533,890
110000291,6252,1398,4854
110000292,1063,3488,-2425
110000293,351,1111,-760
110000294,417,861,-444
110000295,68,892,-824
110000296,184,374,-190
110000297,2810,230,2580
110000298,393,527,-134
110000299,957,47,910
110000301,263,16,247
110000302,193,1427,-1234
110000303,259,3,256
110000304,79,276,-197
110000305,412,12,400
110000306,91,2098,-2007
110000307,579,5,574
110000308,294,11,283
110000309,10,1516,-1506
110000310,398,54,344
110000311,6,957,-951
110000312,665,45,620
110000313,4740,1648,3092
110000314,1,272,-271
110000315,3205,1682,1523
110000316,460,1132,-672
110000317,629,349,280
110000318,0,94,-94
110000319,9,23,-14
110000320,23,71,-48
110000321,13,43,-30
110000322,108,667,-559
110000323,239,290,-51
110000324,5163,1153,4010
110000325,2096,1884,212
110000327,578,184,394
110000328,186,532,-346
110000333,797,408,389
110000334,620,1409,-789
110000335,932,560,372
110000336,335,1292,-957
110000337,774,499,275
110000338,119,268,-149
110000339,63,168,-105
110000340,50,184,-134
110000341,204,614,-410
110000342,630,2,628
110000343,0,22,-22
110000344,111,257,-146
110000345,195,65,130
110000346,2139,1329,810
110000347,916,751,165
110000348,4,18,-14
110000349,6,18,-12
110000350,21,9,12
110000351,439,967,-528
110000352,315,1623,-1308
110000353,3209,895,2314
110000354,653,2015,-1362
110000355,56,94,-38
110000356,531,5,526
110000357,245,10,235
110000361,11,75,-64
110000362,45,258,-213
110000363,162,148,14
110000364,102,317,-215
110000365,119,1,118
110000366,0,99,-99
110000367,258,339,-81
110000368,2,74,-72
110000369,32,0,32
110000373,5,334,-329
110000374,58,3,55
110000375,125,761,-636
110000376,32,91,-59
110000377,53,397,-344
110000378,22,287,-265
110000379,3782,1079,2703
110000380,18,9,9
110000383,0,717,-717
110000384,2310,632,1678
110000385,2,226,-224
110000387,38,13,25
110000388,22,266,-244
110000389,467,73,394
110000391,191,371,-180
110000396,60,139,-79
110000397,40,197,-157
110000398,1,45,-44
110000399,156,1,155
110000587,31,50,-19
110000589,113,173,-60
110000640,129,150,-21
110000652,15,190,-175
110000653,110,436,-326
110000654,3,25,-22
110000656,0,740,-740
110000674,25,9,16
110000675,43,7,36
110000676,10,33,-23
110000679,541,384,157
110000682,77,90,-13
110000683,522,526,-4
110000684,1,55,-54
110000685,16,9,7
110000686,2,20,-18
110000687,57,1,56
110000688,79,411,-332
110000689,15,101,-86
110000692,81,286,-205
110000693,115,235,-120
110000694,0,95,-95
110000695,119,807,-688
110000696,148,142,6
110900001,129,8,121
110900002,560,246,314
110900003,198,1114,-916
110900004,126,224,-98
110900005,5086,1044,4042
110900006,28,3,25
110900007,22,10,12
110900008,6,29,-23
110900009,170,38,132
110900010,3,103,-100
110900011,11,91,-80
110900012,6,153,-147
110900013,489,158,331
110900014,102,7,95
110900015,761,216,545
110900016,11,223,-212
110900017,136,51,85
110900018,393,59,334
110900019,36,18,18
110900020,102,554,-452
110900021,46,732,-686
110900022,52,498,-446
110900023,69,564,-495
110900024,30,637,-607
110900025,19,35,-16
110900027,31,293,-262
110900028,36,216,-180
110900029,43,489,-446
110900030,15,427,-412
110900031,0,184,-184
110900032,1,103,-102
110900033,32,346,-314
110900035,24,423,-399
110900036,66,16,50
110900037,34,26,8
110900038,1420,213,1207
110900039,7,239,-232
110900040,101,34,67
110900041,4,193,-189
110900042,53,20,33
110900043,3,237,-234
110900044,217,16,201
110900045,34,849,-815
110900046,104,390,-286
110900047,802,81,721
110900049,52,25,27
110900050,7,0,7
110900051,43,188,-145
110900052,1,225,-224
110900053,35,72,-37
110900054,23,401,-378
110900055,5,0,5
110900056,40,101,-61
110900057,0,261,-261
110900058,80,279,-199
110900059,543,907,-364
110900060,199,86,113
110900061,22,30,-8
110900062,39,321,-282
110900063,14,123,-109
110900064,4,0,4
110900065,413,89,324
110900066,5,104,-99
110900067,609,498,111
110900068,193,267,-74
110900069,0,28,-28
110900070,86,34,52
110900071,264,329,-65
110900073,2,21,-19
110900074,166,63,103
110900075,191,82,109
110900077,283,435,-152
110900078,13,133,-120
110900079,1996,486,1510
110900080,28,65,-37
110900081,4,124,-120
110900082,45,242,-197
110900083,51,35,16
110900084,9,195,-186
110900085,28,357,-329
110900086,59,119,-60
110900087,106,85,21
110900088,2,0,2
110900090,11,24,-13
110900091,1,74,-73
110900093,263,84,179
110900095,25,82,-57
110900097,1,9,-8
110900098,22,96,-74
110900099,66,573,-507
110900100,0,31,-31
110900102,7,10,-3
110900105,703,432,271
110900108,8,98,-90
110900111,223,101,122
110900112,291,4,287
110900113,564,29,535
110900115,3,68,-65
110900116,301,2914,-2613
110900118,203,1027,-824
110900119,6133,251,5882
110900120,10,113,-103
110900121,53,2,51
110900122,228,147,81
110900125,223,220,3
110900127,509,528,-19
110900128,189,157,32
110900129,213,239,-26
110900130,1047,251,796
110900131,91,49,42
110900132,206,45,161
110900133,63,361,-298
110900135,111,564,-453
110900136,131,9,122
110900137,118,1,117
110900138,655,440,215
110900139,8,47,-39
110900140,35,4,31
110900141,1,41,-40
110900142,79,268,-189
110900143,88,54,34
110900144,3,669,-666
110900145,83,11,72
110900146,582,40,542
110900147,167,226,-59
110900148,1,349,-348
110900149,2,65,-63
110900150,18,16,2
110900151,2,69,-67
110900152,13,391,-378
110900153,65,14,51
111000001,200,235,-35
111000002,370,615,-245
111000003,434,501,-67
111000004,416,1125,-709
111000005,680,606,74
111000006,688,1165,-477
111000007,3982,1432,2550
111000008,3367,3669,-302
111000009,278,832,-554
111000010,402,221,181
111000011,377,917,-540
111000012,613,315,298
111000013,277,1324,-1047
111000014,827,491,336
111000017,111,555,-444
111000018,141,445,-304
111000020,2382,2166,216
111000021,67,157,-90
111000023,99,190,-91
111000025,7598,2060,5538
111000029,87,118,-31
111000030,49,123,-74
111000031,2196,835,1361
111000032,513,219,294
111000033,311,161,150
111000034,271,133,138
111000037,3252,1425,1827
111000038,3177,2686,491
111000039,1413,2364,-951
111000040,1363,2661,-1298
111000041,1650,1839,-189
111000042,6458,2847,3611
111000043,1603,1442,161
111000044,1049,544,505
111000045,1049,1344,-295
111000046,874,990,-116
111000047,1297,1749,-452
111000049,325,607,-282
111000050,1935,1807,128
111000051,491,1202,-711
111000052,500,1478,-978
111000053,337,1146,-809
111000054,270,1120,-850
111000055,1055,2240,-1185
111000056,99,850,-751
111000057,70,986,-916
111000058,113,136,-23
111000059,213,313,-100
111000060,2272,880,1392
111000061,381,358,23
111000062,528,213,315
111000063,1625,794,831
111000064,349,506,-157
111000065,720,714,6
111000066,235,236,-1
111000067,293,711,-418
111000068,262,712,-450
111000069,1803,2333,-530
111000070,2543,1303,1240
111000071,208,803,-595
111000072,426,214,212
111000073,128,388,-260
111000074,1248,1166,82
111000075,534,663,-129
111000076,240,852,-612
111000077,951,1255,-304
111000078,1733,1094,639
111000079,1267,782,485
111000080,362,681,-319
111000081,2359,4345,-1986
111000082,511,674,-163
111000084,468,533,-65
111000085,680,1862,-1182
111000086,3570,1417,2153
111000087,719,936,-217
111000088,6725,1821,4904
111000089,519,862,-343
111000090,1108,1554,-446
111000091,591,904,-313
111000092,771,1229,-458
111000093,447,746,-299
111000094,1362,794,568
111000095,775,1508,-733
111000096,3155,5461,-2306
111000097,6164,1055,5109
111000098,403,1518,-1115
111000099,323,2570,-2247
111000100,197,2521,-2324
111000101,373,971,-598
111000102,79,876,-797
111000104,204,216,-12
111000107,40,883,-843
111000109,186,215,-29
111000110,1213,468,745
111000111,924,432,492
111000112,968,305,663
111000113,603,439,164
111000114,1091,1390,-299
111000115,8467,900,7567
111000116,882,705,177
111000117,453,766,-313
111000118,1569,1054,515
111000119,743,1766,-1023
111000120,256,548,-292
111000121,178,613,-435
111000122,350,1106,-756
111000123,643,3862,-3219
111000124,357,4115,-3758
111000125,134,2396,-2262
111000126,67,1094,-1027
111000127,414,157,257
111000128,691,290,401
111000129,1241,429,812
111000130,843,638,205
111000131,696,533,163
111000132,495,381,114
111000133,54,165,-111
111000134,122,138,-16
111000135,32,130,-98
111000136,167,296,-129
111000138,6,11,-5
111000140,1,7,-6
111000141,131,322,-191
111000142,29,113,-84
111000143,6,85,-79
111000144,7,82,-75
111000145,233,2,231
111000146,16,3,13
111000147,257,22,235
111000148,85,156,-71
111000149,1,29,-28
111000150,7,15,-8
111000151,0,26,-26
111000153,616,618,-2
111000154,714,194,520
111000155,116,173,-57
111000156,381,277,104
111000157,112,415,-303
111000158,845,488,357
111000159,2804,628,2176
111000160,196,427,-231
111000161,8,264,-256
111000162,7,202,-195
111000163,304,851,-547
111000164,877,2593,-1716
111000165,1537,469,1068
111000166,1443,365,1078
111000167,173,637,-464
111000168,237,476,-239
111000169,256,583,-327
111000170,467,420,47
111000171,347,1172,-825
111000172,85,600,-515
111000173,156,1371,-1215
111000174,81,660,-579
111000175,29,292,-263
111000176,166,170,-4
111000177,75,291,-216
111000178,543,398,145
111000179,41,170,-129
111000180,159,301,-142
111000181,462,320,142
111000182,105,191,-86
111000183,256,313,-57
111000184,282,212,70
111000185,270,499,-229
111000186,206,379,-173
111000187,92,335,-243
111000188,88,539,-451
111000189,1662,605,1057
111000190,174,594,-420
111000191,123,551,-428
111000192,161,824,-663
111000193,344,472,-128
111000194,7,464,-457
111000195,81,536,-455
111000196,21,349,-328
111000197,109,239,-130
111000198,139,107,32
111000199,55,151,-96
111000200,90,309,-219
111000201,198,224,-26
111000202,110,167,-57
111000203,142,150,-8
111000204,195,323,-128
111000213,155,353,-198
111000214,1089,1585,-496
111000215,625,1387,-762
111000217,743,863,-120
111000218,726,924,-198
111000219,423,189,234
111000220,3098,962,2136
111000221,610,220,390
111000224,2,350,-348
111000225,152,101,51
111000226,117,0,117
111000227,41,0,41
111000228,18,128,-110
111000229,31,335,-304
111000230,146,566,-420
111000231,408,1510,-1102
111000232,203,958,-755
111000233,253,781,-528
111000234,54,168,-114
111000239,174,240,-66
111000240,39,98,-59
111000241,30,497,-467
111000242,74,40,34
111000243,41,1035,-994
111000244,171,87,84
111000245,402,639,-237
111000246,151,693,-542
111000247,83,1467,-1384
111000248,222,402,-180
111000249,330,1004,-674
111000250,28,191,-163
111000251,35,139,-104
111000253,8,8,0
111000255,11,5,6
111000257,7,32,-25
111000260,50,1313,-1263
111000261,375,64,311
111000271,30,319,-289
111000273,6504,1454,5050
111000274,1047,2095,-1048
111000275,103,98,5
111000276,210,2770,-2560
111000277,123,540,-417
111000278,455,275,180
111000291,386,2376,-1990
111000298,202,226,-24
111000299,466,90,376
111000300,62,592,-530
111000302,156,84,72
111000303,50,304,-254
111000312,77,61,16
111000315,1,263,-262
111000320,338,764,-426
111000321,235,54,181
111000322,111,700,-589
111000323,60,20,40
111000324,326,266,60
111000325,12,89,-77
111000326,59,461,-402
111000327,362,646,-284
111000328,117,442,-325
111000329,0,18,-18
111000330,20,12,8
111000331,9,6,3
111000332,459,1203,-744
111000334,363,1723,-1360
111000335,260,144,116
111000337,312,409,-97
111000338,11,131,-120
111000339,115,775,-660
111000340,71,953,-882
111000341,483,184,299
111000342,53,234,-181
111000344,602,668,-66
111000345,292,39,253
111000346,9,74,-65
111000347,31,2,29
111000350,113,128,-15
111000351,50,293,-243
111000352,117,128,-11
111000353,95,261,-166
111000354,357,127,230
111000355,466,708,-242
111000358,86,2078,-1992
111000360,83,1171,-1088
111000361,81,468,-387
111000546,284,760,-476
111000547,185,831,-646
111000548,56,173,-117
111000549,122,448,-326
111000550,54,361,-307
111000551,670,115,555
111000552,345,68,277
111000907,193,107,86
111000908,11,1,10
111000916,452,214,238
111000917,31,360,-329
111000918,79,1232,-1153
111000920,140,2,138
111000921,3,313,-310
111000922,171,330,-159
111000924,26,1258,-1232
111000925,1208,1550,-342
111000926,853,2442,-1589
111000927,2686,2719,-33
111000928,5808,3684,2124
111000929,626,648,-22
111000930,535,2545,-2010
111000931,1021,1314,-293
111000932,3598,2382,1216
111000933,2512,1425,1087
111000934,2516,2852,-336
111000935,683,937,-254
111000936,656,2305,-1649
111000937,488,1011,-523
111000938,1449,2612,-1163
111000939,155,72,83
111000940,211,229,-18
111000941,146,693,-547
111000943,145,229,-84
111000944,55,643,-588
111000945,31,2711,-2680
111001109,252,144,108
111001110,139,721,-582
111001111,13,1,12
111001112,63,3,60
111001113,10,75,-65
111001114,1102,54,1048
111001115,58,316,-258
111001116,5872,1243,4629
111001117,575,590,-15
111001120,62,353,-291
111001121,104,435,-331
111001122,130,807,-677
111001123,45,100,-55
111001124,29,345,-316
111900001,7,169,-162
111900002,17,1045,-1028
111900003,5,518,-513
111900004,18,210,-192
111900006,3,8,-5
111900007,50,2,48
111900008,50,0,50
111900009,79,206,-127
111900010,202,575,-373
111900012,83,117,-34
111900013,3,80,-77
111900014,8332,1718,6614
111900015,0,84,-84
111900016,3,232,-229
111900017,2,164,-162
111900018,57,0,57
111900019,3,90,-87
111900020,5,31,-26
111900021,26,74,-48
111900022,14,47,-33
111900023,133,53,80
111900024,1,90,-89
111900025,0,70,-70
111900026,1,125,-124
111900027,7,205,-198
111900028,0,513,-513
111900029,11,138,-127
111900030,63,469,-406
111900031,1,42,-41
111900032,3,481,-478
111900033,1,123,-122
111900034,166,582,-416
111900035,20,254,-234
111900036,2,476,-474
111900038,301,562,-261
111900039,28,469,-441
111900040,5,825,-820
111900042,40,86,-46
111900043,4,504,-500
111900044,256,231,25
111900046,47,270,-223
111900048,64,1075,-1011
111900049,30,315,-285
111900050,38,11,27
111900051,45,354,-309
111900052,461,657,-196
111900053,1466,319,1147
111900054,62,1,61
111900055,38,771,-733
111900056,177,98,79
111900057,39,47,-8
111900058,117,957,-840
111900059,2350,221,2129
111900060,155,4,151
111900061,67,339,-272
111900062,10,25,-15
111900063,74,202,-128
111900064,153,227,-74
111900065,36,18,18
111900066,63,115,-52
111900067,3,397,-394
111900068,10,26,-16
111900069,55,9,46
111900070,69,160,-91
111900071,0,355,-355
111900072,15,12,3
111900073,260,55,205
111900074,8,239,-231
111900075,18,5,13
111900076,44,9,35
111900077,9,1,8
111900078,96,2,94
111900079,15,3,12
111900080,216,116,100
111900081,355,32,323
111900082,24,10,14
111900083,29,4,25
111900084,34,1,33
111900085,22,50,-28
111900086,22,1,21
111900087,11,0,11
111900088,181,2,179
111900089,33,1,32
111900090,76,24,52
111900091,82,0,82
111900092,21,1,20
111900093,114,6,108
111900094,17,0,17
111900095,59,9,50
111900096,55,0,55
111900097,14,0,14
111900098,51,0,51
111900099,16,0,16
111900100,63,2,61
111900101,26,12,14
111900102,254,917,-663
111900103,56,31,25
111900104,131,65,66
111900105,206,128,78
111900106,1808,61,1747
111900107,34,57,-23
111900108,27,34,-7
111900109,199,71,128
111900110,3691,227,3464
111900111,23,224,-201
111900112,1017,944,73
111900113,354,76,278
111900114,101,86,15
111900115,6,17,-11
111900118,154,20,134
111900119,133,75,58
111900122,39,23,16
111900123,13,14,-1
111900124,25,112,-87
111900125,120,6,114
111900126,100,4,96
111900127,4,780,-776
111900128,2,706,-704
111900129,169,8,161
111900130,107,11,96
111900131,122,1,121
111900132,26,1601,-1575
111900133,68,449,-381
111900134,23,347,-324
111900135,4,10,-6
111900136,53,92,-39
111900137,49,35,14
111900138,5,90,-85
111900139,16,156,-140
111900140,19,13,6
111900141,46,12,34
111900142,37,11,26
111900143,3,217,-214
111900144,0,136,-136
111900145,5,739,-734
111900146,1,434,-433
111900147,190,561,-371
111900148,51,1075,-1024
111900149,7,468,-461
111900150,13,237,-224
111900151,3,29,-26
111900152,126,50,76
111900153,1497,197,1300
111900154,0,114,-114
111900155,55,24,31
111900156,30,14,16
111900157,33,4,29
111900158,199,18,181
111900159,78,3,75
111900160,68,0,68
111900161,31,8,23
111900162,126,96,30
111900163,41,217,-176
111900164,76,20,56
111901113,104,316,-212
111901114,57,546,-489
111901115,22,0,22
111901116,40,0,40
111901117,11,11,0
111901118,117,66,51
111901119,1496,69,1427
111901120,56,106,-50
111901121,201,447,-246
111901122,6,839,-833
111901123,52,586,-534
111901124,67,1,66
111901125,88,131,-43
111901126,45,12,33
111901127,928,188,740
111901128,11,100,-89
111901129,2,151,-149
111901130,13,333,-320
111901131,0,266,-266
111901132,46,4,42
111901133,20,3,17
111901134,19,1,18
111901135,8,0,8
111901136,14,21,-7
111901137,1,19,-18
111901138,36,33,3
111901139,22,64,-42
111901140,8,175,-167
111901141,7,357,-350
111901142,4,178,-174
111901143,0,93,-93
111901144,18,20,-2
111901145,157,145,12
111901146,280,5,275
112000001,1131,780,351
112000002,677,2634,-1957
112000003,475,703,-228
112000004,505,1790,-1285
112000005,1283,1245,38
112000006,1380,2161,-781
112000007,1279,1169,110
112000008,1706,2871,-1165
112000009,4287,4123,164
112000010,1798,2300,-502
112000011,2029,2613,-584
112000012,7311,1939,5372
112000013,7550,3624,3926
112000014,2741,853,1888
112000015,3016,2692,324
112000016,5552,1043,4509
112000017,2697,1597,1100
112000024,1851,763,1088
112000026,4975,5663,-688
112000027,644,427,217
112000028,1678,1918,-240
112000029,254,489,-235
112000030,222,144,78
112000031,1656,2387,-731
112000032,725,96,629
112000033,2614,888,1726
112000034,310,66,244
112000035,105,323,-218
112000036,987,774,213
112000037,1746,1076,670
112000038,897,1083,-186
112000039,18,97,-79
112000040,149,363,-214
112000041,486,549,-63
112000042,1014,299,715
112000050,464,1352,-888
112000051,477,701,-224
112000054,1616,2808,-1192
112000057,730,333,397
112000058,411,453,-42
112000059,1078,447,631
112000061,6858,1663,5195
112000062,3232,651,2581
112000063,2203,762,1441
112000064,5806,6303,-497
112000065,2633,2959,-326
112000066,2457,821,1636
112000067,692,800,-108
112000068,1603,996,607
112000069,715,2816,-2101
112000070,1328,463,865
112000071,599,3534,-2935
112000072,800,802,-2
112000073,1047,1721,-674
112000074,719,714,5
112000075,689,822,-133
112000076,3224,2934,290
112000077,303,830,-527
112000078,837,819,18
112000079,1089,1549,-460
112000080,391,1041,-650
112000081,1031,1964,-933
112000082,805,719,86
112000083,408,1658,-1250
112000084,700,734,-34
112000085,951,1350,-399
112000086,1107,1770,-663
112000087,175,668,-493
112000088,282,829,-547
112000089,188,398,-210
112000090,152,496,-344
112000091,636,1352,-716
112000092,938,837,101
112000093,1139,1239,-100
112000094,310,811,-501
112000095,385,796,-411
112000096,246,654,-408
112000097,423,495,-72
112000098,750,1763,-1013
112000099,395,608,-213
112000100,766,869,-103
112000101,286,1156,-870
112000102,416,421,-5
112000103,211,1604,-1393
112000105,265,2129,-1864
112000106,568,339,229
112000107,8,191,-183
112000108,118,1887,-1769
112000109,26,31,-5
112000110,1003,426,577
112000111,1734,5363,-3629
112000112,5154,440,4714
112000113,1077,2540,-1463
112000114,2835,797,2038
112000115,115,582,-467
112000116,458,1105,-647
112000117,463,659,-196
112000118,732,1006,-274
112000119,378,1159,-781
112000120,120,436,-316
112000121,58,839,-781
112000122,125,152,-27
112000123,285,172,113
112000124,125,104,21
112000125,49,126,-77
112000126,139,880,-741
112000127,3279,1107,2172
112000128,1650,714,936
112000129,60,111,-51
112000130,77,49,28
112000131,11,396,-385
112000132,41,332,-291
112000133,150,237,-87
112000134,358,426,-68
112000135,910,613,297
112000136,1115,1350,-235
112000137,2149,1310,839
112000138,3875,1480,2395
112000139,636,212,424
112000140,870,1059,-189
112000141,284,171,113
112000142,165,1041,-876
112000143,435,207,228
112000144,220,1907,-1687
112000145,1267,679,588
112000146,577,2470,-1893
112000147,1248,1549,-301
112000148,1395,2403,-1008
112000149,162,782,-620
112000150,105,726,-621
112000151,224,715,-491
112000152,185,405,-220
112000153,187,279,-92
112000154,66,144,-78
112000155,106,49,57
112000157,717,488,229
112000158,154,739,-585
112000159,190,357,-167
112000167,114,38,76
112000169,357,307,50
112000173,376,261,115
112000175,185,407,-222
112000176,6134,1943,4191
112000177,220,79,141
112000178,46,616,-570
112000179,135,152,-17
112000180,188,253,-65
112000181,1049,2064,-1015
112000182,399,2515,-2116
112000183,36,52,-16
112000184,162,740,-578
112000185,187,675,-488
112000187,2423,2421,2
112000195,88,16,72
112000196,115,2,113
112000197,71,96,-25
112000198,33,478,-445
112000199,880,967,-87
112000202,143,0,143
112000216,55,180,-125
112000230,32,5,27
112000231,0,497,-497
112000256,18,128,-110
112000313,178,216,-38
112000314,12,22,-10
112000337,159,612,-453
112000352,240,146,94
112000392,2184,1151,1033
112000398,624,677,-53
112000399,2301,1443,858
112000400,1814,4579,-2765
112000401,2902,3283,-381
112000402,1225,1850,-625
112000403,2083,1833,250
112000404,233,526,-293
112000405,1077,2141,-1064
112000406,3400,3663,-263
112000407,3375,5304,-1929
112000408,8313,7710,603
112000409,1509,5482,-3973
112000410,274,131,143
112000411,5438,1032,4406
112000412,913,316,597
112000413,10494,2012,8482
112000414,36,105,-69
112000415,59,52,7
112000416,1253,1140,113
112000417,125,82,43
112000421,27,150,-123
112000422,258,586,-328
112000424,2373,1193,1180
112000425,267,1129,-862
112000426,108,220,-112
112000427,1,9,-8
112000428,92,585,-493
112000429,1798,3014,-1216
112000430,1869,3253,-1384
112000431,29,97,-68
112000432,482,2193,-1711
112000433,669,671,-2
112000437,28,374,-346
112900001,29,0,29
112900002,124,1478,-1354
112900003,22,266,-244
112900004,30,520,-490
112900005,79,296,-217
112900006,1,484,-483
112900007,10,259,-249
112900008,6,6,0
112900009,353,77,276
112900010,109,961,-852
112900011,345,344,1
112900012,0,48,-48
112900013,1,179,-178
112900014,3,355,-352
112900015,357,1071,-714
112900016,4,318,-314
112900017,17,222,-205
112900018,1,435,-434
112900019,83,181,-98
112900020,498,1736,-1238
112900021,2,286,-284
112900022,12,92,-80
112900023,0,353,-353
112900024,17,237,-220
112900025,59,214,-155
112900026,3,330,-327
112900027,3,1390,-1387
112900028,11,123,-112
112900029,3,774,-771
112900030,303,199,104
112900031,2,667,-665
112900032,103,286,-183
112900034,1,69,-68
112900035,2,540,-538
112900036,18,188,-170
112900037,173,86,87
112900038,231,148,83
112900039,18,365,-347
112900040,5,421,-416
112900041,1784,727,1057
112900042,46,442,-396
112900043,4,51,-47
112900044,531,399,132
112900045,646,358,288
112900046,243,54,189
112900047,23,17,6
112900049,65,61,4
112900050,73,737,-664
112900051,247,784,-537
112900052,9,1134,-1125
112900053,306,122,184
112900054,270,15,255
112900055,172,18,154
112900056,226,130,96
112900057,4,802,-798
112900058,240,80,160
112900059,88,113,-25
112900060,13,276,-263
112900061,50,161,-111
112900062,58,144,-86
112900063,54,1,53
112900064,189,126,63
112900065,63,12,51
112900066,131,51,80
112900067,626,117,509
112900068,26,14,12
112900069,2908,466,2442
112900071,16,3,13
112900072,196,683,-487
112900073,216,27,189
112900074,38,85,-47
112900075,2694,411,2283
112900076,48,4,44
112900078,117,194,-77
112900079,155,4,151
112900080,31,1,30
112900081,24,91,-67
112900082,227,8,219
112900083,25,35,-10
112900084,48,51,-3
112900085,1,1,0
112900086,15,0,15
112900087,270,67,203
112900088,41,14,27
112900089,348,22,326
112900090,25,16,9
112900091,65,3,62
112900092,133,116,17
112900093,1171,7,1164
112900094,4,2,2
112900095,7,1,6
112900096,228,93,135
112900097,28,441,-413
112900098,169,6,163
112900099,274,6,268
112900100,24,1,23
112900101,110,2,108
112900102,136,4,132
112900103,78,1,77
112900104,17,3,14
112900105,2,0,2
112900106,221,96,125
112900107,3,0,3
112900108,42,2,40
112900109,20,0,20
112900110,313,14,299
112900111,248,1,247
112900112,118,0,118
112900113,1,14,-13
112900114,30,49,-19
112900115,312,0,312
112900116,21,25,-4
112900117,96,107,-11
112900118,32,60,-28
112900119,85,1,84
112900120,747,205,542
112900121,272,226,46
112900122,18,172,-154
112900123,191,17,174
112900124,2,199,-197
112900125,84,292,-208
112900126,134,270,-136
112900127,113,50,63
112900128,529,761,-232
112900129,2,1125,-1123
112900130,157,54,103
112900131,44,241,-197
112900132,45,375,-330
112900133,25,1437,-1412
112900134,2,276,-274
112900135,26,15,11
112900136,0,24,-24
112900137,1,899,-898
112900138,5,551,-546
112900139,200,1245,-1045
112900140,2,57,-55
112900141,318,24,294
112900142,83,46,37
112900143,39,692,-653
112900144,2,355,-353
112900145,52,473,-421
112900146,7,1663,-1656
112900147,14,2740,-2726
112900148,18,0,18
112900149,157,590,-433
112900151,20,53,-33
112900152,5803,1240,4563
112900153,1513,917,596
112900154,0,98,-98
112900155,43,28,15
112900156,117,2174,-2057
112900157,51,18,33
112900158,16,20,-4
112900159,123,42,81
112900160,17,256,-239
112900161,26,25,1
112900162,24,11,13
112900163,108,12,96
112900164,20,94,-74
112900165,118,46,72
112900166,7,23,-16
112900167,12,10,2
112900168,5,3,2
112900169,2,9,-7
112900170,27,103,-76
112900172,70,8,62
112900173,317,109,208
112900174,143,24,119
112900175,147,51,96
112900176,2,10,-8
112900177,105,13,92
112900178,495,1133,-638
112900179,29,596,-567
112900180,814,3543,-2729
112900181,234,4,230
112900182,21,1732,-1711
112900183,105,207,-102
112900184,321,277,44
112900185,390,372,18
112900186,1976,616,1360
112900187,47,288,-241
112900188,786,267,519
112900189,23,37,-14
112900190,2,49,-47
112900192,432,209,223
112900193,989,216,773
112900194,17,84,-67
112900195,389,14,375
112900196,252,531,-279
112900197,99,489,-390
112900199,214,674,-460
112900200,249,277,-28
112900201,30,82,-52
112900202,131,1124,-993
112900203,65,316,-251
112900204,775,294,481
112900205,1,8,-7
112900206,7,63,-56
112900207,3,0,3
112900208,97,76,21
112900209,308,467,-159
112900210,0,5,-5
112900211,65,90,-25
112900212,0,72,-72
112900213,2,7,-5
112900214,35,3,32
112900215,1,244,-243
112900216,45,55,-10
112900217,0,97,-97
112900218,10,8,2
112900219,13,0,13
112900220,2,3,-1
112900221,132,85,47
112900222,2,10,-8
112900223,401,2,399
112900224,135,853,-718
112900225,181,560,-379
112900226,263,288,-25
112900227,188,1729,-1541
112900228,22,22,0
112900229,53,79,-26
112900230,9229,2790,6439
112900232,131,132,-1
112900233,25,162,-137
112900234,9,131,-122
112900235,19,13,6
112900236,72,14,58
112900237,67,378,-311
112900238,4,57,-53
112900239,474,195,279
113000001,4523,5002,-479
113000002,3590,3718,-128
113000003,2000,1934,66
113000004,2079,2414,-335
113000005,1128,1094,34
113000006,880,1427,-547
113000007,1096,1318,-222
113000008,1120,1868,-748
113000009,646,936,-290
113000010,854,1906,-1052
113000011,665,2131,-1466
113000012,962,706,256
113000013,1372,419,953
113000014,2093,1500,593
113000015,1072,262,810
113000016,631,337,294
113000017,89,271,-182
113000018,189,32,157
113000019,70,248,-178
113000020,85,20,65
113000021,701,620,81
113000022,388,1372,-984
113000025,112,263,-151
113000026,150,406,-256
113000027,651,342,309
113000028,1147,395,752
113000029,802,539,263
113000030,556,644,-88
113000031,370,221,149
113000032,277,196,81
113000033,393,333,60
113000034,561,301,260
113000035,14,32,-18
113000036,20,49,-29
113000037,50,17,33
113000038,11,44,-33
113000039,120,525,-405
113000040,38,94,-56
113000042,840,756,84
113000051,629,1737,-1108
113000052,2298,1266,1032
113000053,260,678,-418
113000054,160,767,-607
113000055,674,1031,-357
113000056,476,1659,-1183
113000058,667,1021,-354
113000059,1235,841,394
113000060,86,587,-501
113000061,518,864,-346
113000062,1535,159,1376
113000063,81,303,-222
113000064,24,520,-496
113000065,142,1329,-1187
113000066,294,93,201
113000067,954,1160,-206
113000068,308,2365,-2057
113000069,375,1650,-1275
113000070,1044,772,272
113000071,245,825,-580
113000072,318,469,-151
113000073,505,1654,-1149
113000074,988,261,727
113000075,1948,462,1486
113000076,1234,1611,-377
113000077,2020,409,1611
113000078,1518,1730,-212
113000079,1169,667,502
113000080,883,520,363
113000081,1161,842,319
113000082,1460,829,631
113000083,651,750,-99
113000084,1426,1149,277
113000085,979,559,420
113000086,1032,1057,-25
113000087,1289,777,512
113000088,2100,1184,916
113000089,977,1441,-464
113000090,278,281,-3
113000091,963,269,694
113000094,563,148,415
113000095,204,1145,-941
113000096,143,1088,-945
113000097,642,336,306
113000098,47,23,24
113000099,865,203,662
113000100,150,419,-269
113000101,332,506,-174
113000102,346,156,190
113000103,2656,616,2040
113000104,356,2103,-1747
113000105,520,393,127
113000106,365,627,-262
113000107,475,823,-348
113000108,709,1615,-906
113000109,558,2785,-2227
113000110,1549,360,1189
113000111,103,468,-365
113000112,273,276,-3
113000113,2531,286,2245
113000114,423,1159,-736
113000116,849,254,595
113000117,799,163,636
113000118,154,454,-300
113000119,138,482,-344
113000120,40,229,-189
113000121,724,1027,-303
113000124,139,180,-41
113000125,24,560,-536
113000127,3550,539,3011
113000128,487,447,40
113000129,653,1141,-488
113000133,4458,902,3556
113000134,3,555,-552
113000135,2860,2317,543
113000137,3092,1485,1607
113000139,392,172,220
113000140,172,278,-106
113000141,620,106,514
113000142,960,921,39
113000143,387,168,219
113000144,327,637,-310
113000145,60,184,-124
113000146,92,79,13
113000147,131,161,-30
113000148,92,155,-63
113000149,90,134,-44
113000150,504,422,82
113000151,130,38,92
113000152,28,197,-169
113000153,2005,624,1381
113000154,848,1221,-373
113000155,236,367,-131
113000156,166,466,-300
113000157,242,777,-535
113000158,509,179,330
113000159,757,445,312
113000160,603,1337,-734
113000161,227,835,-608
113000162,472,330,142
113000163,56,42,14
113000164,34,89,-55
113000166,43,75,-32
113000167,23,178,-155
113000168,55,258,-203
113000169,116,39,77
113000170,72,72,0
113000171,84,147,-63
113000172,196,100,96
113000173,40,6,34
113000174,103,563,-460
113000175,301,103,198
113000176,304,126,178
113000177,120,413,-293
113000178,221,398,-177
113000179,195,110,85
113000180,498,1435,-937
113000181,636,1132,-496
113000182,228,296,-68
113000183,246,578,-332
113000184,22,154,-132
113000189,493,588,-95
113000190,1802,464,1338
113000192,2467,1241,1226
113000193,4996,829,4167
113000194,1865,1132,733
113000195,2421,518,1903
113000196,85,93,-8
113000197,1341,895,446
113000198,26,375,-349
113000199,1232,427,805
113000201,300,230,70
113000202,3364,1650,1714
113000203,448,125,323
113000204,1876,1237,639
113000205,14,17,-3
113000206,6,32,-26
113000207,42,14,28
113000208,42,76,-34
113000209,16,18,-2
113000210,6,47,-41
113000211,311,113,198
113000212,268,11,257
113000213,47,62,-15
113000214,64,196,-132
113000234,139,1430,-1291
113000410,229,121,108
113000411,3283,4408,-1125
113000412,11986,1720,10266
113000413,4778,2106,2672
113000414,13417,9628,3789
113000415,3235,2399,836
113000416,11430,3327,8103
113000417,4785,2919,1866
113000418,4251,2518,1733
113000419,2527,1860,667
113000420,4649,3302,1347
113000421,4543,4365,178
113000422,19629,6774,12855
113000423,2950,3137,-187
113000424,5180,5766,-586
113000425,14,65,-51
113000428,944,37,907
113000430,221,117,104
113000432,834,68,766
113000433,164,1168,-1004
113000434,13,374,-361
113000435,11,1104,-1093
113000436,46,1542,-1496
113000437,231,7,224
113000438,97,13,84
113000439,7,189,-182
113000440,35,30,5
113000441,112,236,-124
113000442,92,394,-302
113000443,71,321,-250
113000444,64,405,-341
113000445,48,166,-118
113000446,11,89,-78
113000448,94,101,-7
113000449,283,799,-516
113000450,769,1776,-1007
113000451,1281,90,1191
113000452,440,301,139
113000453,81,268,-187
113000454,791,26,765
113000455,16,151,-135
113000456,3945,1829,2116
113000468,2803,408,2395
113000469,319,121,198
113000470,518,70,448
113000471,15,260,-245
113000472,65,297,-232
113000474,302,720,-418
113000475,1328,2071,-743
113000476,829,1991,-1162
113000477,1672,2153,-481
113000478,3322,6704,-3382
113000479,71,362,-291
113000480,74,66,8
113000483,0,0,0
113000485,0,0,0
113000486,0,0,0
113000487,0,0,0
113000488,0,0,0
113000489,0,0,0
113000490,0,0,0
113000491,0,0,0
113000492,0,0,0
113000493,0,0,0
113000495,185,281,-96
113000496,52,81,-29
113000499,0,0,0
113000500,0,5,-5
113900001,0,70,-70
113900002,2,157,-155
113900003,0,90,-90
113900004,1,17,-16
113900005,0,16,-16
113900006,1,26,-25
113900007,31,7,24
113900008,65,0,65
113900009,185,0,185
113900010,111,0,111
113900011,7,3,4
113900012,6,1,5
113900013,561,5,556
113900014,826,2,824
113900015,1,75,-74
113900016,30,0,30
113900017,2,62,-60
113900018,506,87,419
113900019,62,48,14
113900020,61,2,59
113900022,3,0,3
113900023,0,0,0
113900024,44,79,-35
113900025,381,29,352
113900026,44,0,44
113900027,1,79,-78
113900028,19,449,-430
113900029,24,319,-295
113900030,86,2,84
113900031,0,0,0
113900032,2,1,1
113900033,41,70,-29
113900035,27,3,24
113900036,3,121,-118
113900037,35,629,-594
113900038,51,47,4
113900039,60,3,57
113900040,3,10,-7
113900041,0,0,0
113900042,50,36,14
113900043,150,99,51
113900044,173,48,125
113900045,34,1,33
113900046,304,791,-487
113900047,20,122,-102
113900048,311,30,281
113900049,919,188,731
113900050,122,396,-274
113900051,147,469,-322
113900052,228,139,89
113900053,545,119,426
113900054,6,4,2
113900055,70,552,-482
113900056,37,156,-119
113900057,10,151,-141
113900058,32,225,-193
113900059,82,366,-284
113900060,138,311,-173
113900061,1099,99,1000
113900062,47,19,28
113900063,52,136,-84
113900064,47,204,-157
113900065,672,11,661
113900066,135,486,-351
113900067,50,365,-315
113900068,237,369,-132
113900069,115,12,103
113900070,258,491,-233
113900071,25,58,-33
113900072,29,147,-118
113900073,85,396,-311
113900074,13,524,-511
113900075,706,975,-269
113900076,176,9,167
113900077,18,302,-284
113900078,50,75,-25
113900079,3,78,-75
113900080,300,154,146
113900081,17,219,-202
113900082,129,238,-109
113900083,115,858,-743
113900084,152,83,69
113900085,17,374,-357
113900086,9,23,-14
113900087,22,186,-164
113900088,23,67,-44
113900089,324,38,286
113900090,357,317,40
113900091,25,19,6
113900092,32,53,-21
113900093,51,434,-383
113900094,113,491,-378
113900095,104,72,32
113900096,124,50,74
113900097,5,142,-137
113900098,359,56,303
113900099,0,47,-47
113900100,0,2,-2
113900101,12,35,-23
113900102,88,60,28
113900103,178,218,-40
113900104,124,112,12
113900105,29,410,-381
113900106,0,90,-90
113900107,3,39,-36
113900108,216,127,89
113900109,315,93,222
113900110,18,19,-1
113900111,60,103,-43
113900112,49,75,-26
113900113,492,369,123
113900114,0,129,-129
113900115,0,89,-89
113900116,67,71,-4
113900117,64,19,45
113900118,150,218,-68
113900119,275,265,10
113900120,27,33,-6
113900121,23,97,-74
113900122,234,1214,-980
113900123,240,161,79
113900124,0,57,-57
113900125,1412,142,1270
113900126,74,29,45
113900127,214,362,-148
113900128,111,54,57
113900129,12,79,-67
113900130,0,7,-7
113900131,73,44,29
113900132,49,47,2
113900133,27,37,-10
113900135,111,436,-325
113900136,62,79,-17
113900137,196,146,50
113900138,58,175,-117
113900139,585,71,514
113900140,473,195,278
113900141,187,445,-258
113900142,47,84,-37
113900143,4,19,-15
113900144,476,97,379
113900145,188,234,-46
113900146,46,39,7
113900148,121,192,-71
113900149,132,38,94
113900150,1293,563,730
113900151,162,200,-38
113900152,15,60,-45
113900153,454,450,4
113900154,1,114,-113
113900155,212,92,120
113900156,173,632,-459
113900157,25,214,-189
113900158,575,144,431
113900159,5,253,-248
113900160,333,834,-501
113900161,54,129,-75
113900162,820,542,278
113900163,249,209,40
113900164,116,40,76
113900165,434,863,-429
113900166,314,121,193
113900167,217,35,182
113900168,152,121,31
113900169,189,461,-272
113900171,102,33,69
113900172,7,234,-227
113900173,51,675,-624
113900174,375,678,-303
113900175,222,75,147
113900176,137,684,-547
113900177,182,208,-26
113900178,286,121,165
113900179,16,661,-645
113900180,131,119,12
113900181,422,156,266
113900182,380,907,-527
113900183,30,76,-46
113900184,18,654,-636
113900185,108,99,9
113900186,23,40,-17
113900187,29,167,-138
113900188,42,157,-115
113900189,242,60,182
113900190,345,112,233
113900191,121,227,-106
113900192,8,251,-243
113900193,19,279,-260
113900194,2095,1005,1090
113900195,243,423,-180
113900196,1,123,-122
113900197,7,313,-306
113900198,26,144,-118
113900199,186,677,-491
113900200,17,313,-296
113900201,0,318,-318
113900202,41,285,-244
113900203,2,250,-248
113900204,34,687,-653
113900205,9,137,-128
113900206,7,142,-135
113900207,1,51,-50
113900208,0,66,-66
113900209,0,121,-121
113900210,470,484,-14
113900211,133,18,115
113900212,91,681,-590
113900214,572,355,217
113900215,20,112,-92
113900216,42,1424,-1382
113900217,24,327,-303
113900218,62,42,20
113900219,104,495,-391
113900220,91,57,34
113900221,251,136,115
113900222,369,310,59
113900223,44,1331,-1287
113900224,106,46,60
113900225,909,194,715
113900226,224,123,101
113900227,289,154,135
113900228,519,277,242
113900229,38,564,-526
113900230,5113,1357,3756
113900231,106,249,-143
113900232,47,119,-72
113900233,26,37,-11
113900234,128,338,-210
113900235,75,32,43
113900236,56,463,-407
113900237,79,11,68
113900238,180,295,-115
113900239,42,23,19
113900240,1,64,-63
113900241,96,54,42
113900242,50,126,-76
113900243,158,424,-266
113900244,517,158,359
113900245,1518,234,1284
113900246,19,24,-5
113900247,163,168,-5
113900248,4233,871,3362
113900249,1361,186,1175
113900250,42,119,-77
113900251,258,202,56
113900252,247,9,238
113900253,408,20,388
113900254,330,81,249
113900255,219,12,207
113900256,256,25,231
113900257,46,779,-733
113900258,10,660,-650
113900259,240,231,9
113900260,69,12,57
113900261,18,158,-140
113900262,132,834,-702
113900263,70,472,-402
113900264,5,646,-641
113900265,122,272,-150
113900266,28,269,-241
113900267,114,425,-311
113900268,157,302,-145
113900269,60,109,-49
113900270,201,281,-80
113900271,461,1374,-913
113900273,24,5,19
113900274,32,10,22
113900275,36,48,-12
113900276,4,316,-312
113900277,36,1,35
113900278,360,185,175
113900279,86,73,13
113900280,1537,754,783
113900281,387,879,-492
113900282,760,418,342
113900283,289,370,-81
113900284,758,127,631
113900285,87,40,47
113900286,32,150,-118
113900287,33,46,-13
113900288,2,70,-68
113900289,1738,51,1687
113900290,467,65,402
113900291,141,216,-75
113900292,5,6,-1
113900293,3,179,-176
113900294,229,17,212
113900295,478,246,232
113900296,2808,394,2414
113900297,602,17,585
113900298,4,1568,-1564
113900299,8,128,-120
113900300,6719,2164,4555
113900301,895,238,657
113900302,2732,647,2085
113900303,650,155,495
113900304,0,192,-192
113900305,42,0,42
113900306,19,0,19
113900307,28,0,28
113900308,90,99,-9
113900309,2,1012,-1010
113900310,1,17,-16
113900311,9,0,9
113900312,53,71,-18
113900313,20,10,10
114000001,1129,3638,-2509
114000002,121,521,-400
114000003,64,332,-268
114000004,227,433,-206
114000005,144,320,-176
114000006,3639,2166,1473
114000007,598,1521,-923
114000008,1313,939,374
114000009,248,188,60
114000011,1782,3390,-1608
114000012,1275,2803,-1528
114000013,1051,2161,-1110
114000014,315,412,-97
114000015,757,572,185
114000016,197,397,-200
114000017,88,224,-136
114000018,435,134,301
114000026,655,1706,-1051
114000027,1293,2072,-779
114000028,1464,1842,-378
114000038,90,179,-89
114000039,46,109,-63
114000040,53,217,-164
114000042,70,211,-141
114000043,40,272,-232
114000044,74,70,4
114000045,21,106,-85
114000046,2341,4852,-2511
114000047,4,101,-97
114000048,59,60,-1
114000049,1427,986,441
114000050,1446,1039,407
114000051,3435,1410,2025
114000052,2550,1178,1372
114000053,37,487,-450
114000054,81,1677,-1596
114000055,189,22,167
114000056,1451,601,850
114000057,8942,2189,6753
114000058,532,419,113
114000059,220,138,82
114000060,373,828,-455
114000061,3117,1027,2090
114000062,2273,656,1617
114000063,3582,1772,1810
114000064,8732,2392,6340
114000065,1971,2206,-235
114000066,212,676,-464
114000067,20,272,-252
114000068,355,372,-17
114000069,998,385,613
114000070,2236,1132,1104
114000071,377,789,-412
114000072,179,474,-295
114000073,15,156,-141
114000074,9,21,-12
114000075,20,213,-193
114000076,16,254,-238
114000077,8,72,-64
114000078,111,1681,-1570
114000079,26,19,7
114000080,124,125,-1
114000081,28,124,-96
114000082,50,607,-557
114000083,29,334,-305
114000084,81,62,19
114000085,114,966,-852
114000086,113,719,-606
114000087,22,273,-251
114000088,62,87,-25
114000089,1746,499,1247
114000090,550,440,110
114000091,1604,377,1227
114000092,837,229,608
114000093,657,561,96
114000094,250,409,-159
114000095,90,85,5
114000096,112,716,-604
114000097,97,1199,-1102
114000098,245,61,184
114000099,204,1128,-924
114000100,487,865,-378
114000101,177,1467,-1290
114000102,138,272,-134
114000103,88,554,-466
114000104,10,334,-324
114000105,22,46,-24
114000106,929,374,555
114000107,83,131,-48
114000108,2198,1283,915
114000109,221,413,-192
114000110,510,1887,-1377
114000111,640,451,189
114000112,275,1724,-1449
114000113,452,414,38
114000114,998,1535,-537
114000115,894,586,308
114000116,306,418,-112
114000117,1103,333,770
114000118,955,288,667
114000119,754,238,516
114000120,506,1089,-583
114000121,316,612,-296
114000122,296,255,41
114000123,625,261,364
114000124,337,264,73
114000125,734,2032,-1298
114000126,889,194,695
114000127,67,234,-167
114000128,580,576,4
114000130,266,488,-222
114000131,83,49,34
114000132,521,776,-255
114000133,1200,1359,-159
114000134,42,236,-194
114000138,23,224,-201
114000139,328,102,226
114000144,512,230,282
114000145,75,231,-156
114000146,67,385,-318
114000147,726,803,-77
114000148,2319,1228,1091
114000149,274,145,129
114000150,840,511,329
114000151,737,708,29
114000152,163,22,141
114000153,960,1109,-149
114000154,608,510,98
114000155,1387,1382,5
114000156,610,380,230
114000157,184,687,-503
114000158,2499,689,1810
114000159,219,349,-130
114000160,156,173,-17
114000161,1370,950,420
114000162,818,734,84
114000163,8,167,-159
114000165,176,139,37
114000166,655,161,494
114000167,4532,1154,3378
114000168,709,637,72
114000169,1986,571,1415
114000170,1033,378,655
114000171,519,823,-304
114000174,156,426,-270
114000176,567,352,215
114000177,2292,747,1545
114000178,25,95,-70
114000179,1185,615,570
114000180,380,590,-210
114000181,1765,1907,-142
114000182,6969,2064,4905
114000183,1037,771,266
114000184,565,2098,-1533
114000185,831,966,-135
114000189,414,59,355
114000190,1034,161,873
114000191,16,29,-13
114000192,358,1640,-1282
114000193,986,3342,-2356
114000194,1071,1416,-345
114000195,50,12,38
114000196,2,371,-369
114000197,454,14,440
114000198,1277,386,891
114000199,1748,988,760
114000200,542,2699,-2157
114000201,108,1210,-1102
114000202,856,984,-128
114000203,360,995,-635
114000204,91,439,-348
114000205,241,1892,-1651
114000206,379,1408,-1029
114000207,489,2528,-2039
114000208,417,3450,-3033
114000209,552,3569,-3017
114000210,384,1814,-1430
114000211,722,1684,-962
114000212,618,811,-193
114000213,947,643,304
114000214,82,245,-163
114000215,89,72,17
114000216,817,477,340
114000217,93,398,-305
114000218,67,389,-322
114000219,586,384,202
114000220,8,1499,-1491
114000221,274,112,162
114000222,238,1402,-1164
114000223,278,72,206
114000224,109,723,-614
114000225,132,510,-378
114000226,29,231,-202
114000227,430,480,-50
114000228,503,934,-431
114000229,583,1200,-617
114000230,1234,1509,-275
114000231,704,1168,-464
114000232,299,99,200
114000233,1141,117,1024
114000234,888,1162,-274
114000235,726,1796,-1070
114000236,2,603,-601
114000237,81,1148,-1067
114000238,37,142,-105
114000239,158,1627,-1469
114000240,551,678,-127
114000241,267,1054,-787
114000242,898,882,16
114000243,930,692,238
114000244,637,393,244
114000245,336,623,-287
114000246,121,30,91
114000247,694,716,-22
114000248,572,516,56
114000249,376,523,-147
114000250,369,574,-205
114000251,157,340,-183
114000252,48,137,-89
114000253,50,301,-251
114000254,11,129,-118
114000255,461,130,331
114000256,1944,460,1484
114000257,491,2245,-1754
114000258,135,596,-461
114000259,104,291,-187
114000260,0,33,-33
114000261,43,22,21
114000262,36,167,-131
114000263,6,0,6
114000264,365,832,-467
114000265,0,0,0
114000267,3,1281,-1278
114000268,14,2289,-2275
114000270,47,1,46
114000271,253,108,145
114000283,575,507,68
114000285,53,366,-313
114000288,46,410,-364
114000289,721,91,630
114000293,103,456,-353
114000294,180,250,-70
114000395,852,50,802
114000396,169,247,-78
114000402,230,381,-151
114000403,175,599,-424
114000405,78,701,-623
114000423,117,639,-522
114000424,217,261,-44
114000425,177,766,-589
114000426,230,556,-326
114000427,25,106,-81
114000428,243,81,162
114000429,6,200,-194
114000432,36,122,-86
114000434,3,113,-110
114000435,4,159,-155
114000436,5838,1570,4268
114000437,321,798,-477
114900001,222,1543,-1321
114900002,396,94,302
114900003,224,2422,-2198
114900004,136,223,-87
114900005,225,1067,-842
114900006,21,14,7
114900007,99,7,92
114900008,74,32,42
114900010,2614,1499,1115
114900011,65,80,-15
114900013,74,58,16
114900015,34,174,-140
114900018,608,27,581
114900020,60,45,15
114900022,7,653,-646
114900024,94,137,-43
114900025,168,221,-53
114900026,23,64,-41
114900027,132,222,-90
114900029,10,6,4
114900030,96,183,-87
114900031,69,31,38
114900032,108,32,76
114900033,1368,208,1160
114900034,26,248,-222
114900035,172,241,-69
114900036,181,1232,-1051
114900037,46,186,-140
114900038,125,1191,-1066
114900039,397,763,-366
114900040,38,242,-204
114900041,215,728,-513
114900042,361,943,-582
114900043,765,333,432
114900044,64,15,49
114900046,35,163,-128
114900047,136,959,-823
114900048,42,203,-161
114900049,5,235,-230
114900050,11,702,-691
114900051,37,654,-617
114900052,161,234,-73
114900053,78,192,-114
114900054,43,132,-89
114900057,164,2,162
114900058,0,79,-79
114900059,24,17,7
114900060,1432,313,1119
114900061,52,164,-112
114900062,237,269,-32
114900063,29,242,-213
114900064,596,769,-173
114900065,191,632,-441
114900067,20,356,-336
114900068,53,194,-141
114900069,155,188,-33
114900070,138,680,-542
114900072,10,309,-299
114900073,2,179,-177
114900074,156,951,-795
114900075,71,0,71
114900076,5,412,-407
114900080,3277,390,2887
114900082,4016,1289,2727
114900083,635,716,-81
114900090,113,122,-9
114900091,139,203,-64
114900095,439,99,340
114900096,508,616,-108
114900097,38,0,38
114900098,3,216,-213
114900099,50,1,49
115000001,9537,7181,2356
115000002,2405,2799,-394
115000003,3658,5097,-1439
115000004,1956,3690,-1734
115000005,1219,3130,-1911
115000006,455,1230,-775
115000007,40,142,-102
115000008,464,429,35
115000009,83,262,-179
115000010,196,153,43
115000013,121,106,15
115000015,51,116,-65
115000016,173,240,-67
115000019,18,377,-359
115000020,160,363,-203
115000021,265,336,-71
115000022,467,372,95
115000023,228,331,-103
115000024,1157,534,623
115000025,634,461,173
115000026,127,444,-317
115000027,103,285,-182
115000028,132,698,-566
115000029,348,169,179
115000030,329,833,-504
115000031,711,277,434
115000032,5,274,-269
115000033,118,17,101
115000034,105,1084,-979
115000035,817,35,782
115000036,0,430,-430
115000037,202,2,200
115000038,40,183,-143
115000039,2933,1647,1286
115000040,6903,3074,3829
115000041,863,2009,-1146
115000042,808,638,170
115000043,2563,2491,72
115000044,3191,4669,-1478
115000045,1792,2597,-805
115000046,1122,2314,-1192
115000047,1131,1887,-756
115000048,1218,3254,-2036
115000049,1395,2950,-1555
115000050,2054,1775,279
115000051,2070,1444,626
115000052,3184,1980,1204
115000053,1229,1167,62
115000054,828,1477,-649
115000055,73,407,-334
115000056,133,310,-177
115000057,236,686,-450
115000058,192,146,46
115000059,145,249,-104
115000061,148,82,66
115000062,124,324,-200
115000063,129,319,-190
115000064,217,177,40
115000065,20,183,-163
115000067,219,37,182
115000069,46,430,-384
115000070,46,666,-620
115000071,63,13,50
115000072,18,75,-57
115000073,1528,51,1477
115000075,54,65,-11
115000076,3225,3865,-640
115000077,984,4288,-3304
115000078,506,2336,-1830
115000079,824,2413,-1589
115000080,1333,2942,-1609
115000081,349,1050,-701
115000082,2264,2696,-432
115000083,1537,3757,-2220
115000084,957,1064,-107
115000085,374,1206,-832
115000086,489,1104,-615
115000087,510,1591,-1081
115000088,1403,660,743
115000089,1547,1605,-58
115000090,870,730,140
115000091,225,1367,-1142
115000092,295,312,-17
115000093,362,0,362
115000094,8458,4486,3972
115000095,6981,4330,2651
115000096,427,2296,-1869
115000097,346,862,-516
115000098,467,983,-516
115000099,1295,3517,-2222
115000100,520,543,-23
115000101,393,1704,-1311
115000102,257,199,58
115000103,310,832,-522
115000105,42,277,-235
115000106,240,272,-32
115000107,119,692,-573
115000108,4264,3202,1062
115000109,5868,2336,3532
115000110,1120,673,447
115000111,729,1677,-948
115000112,610,462,148
115000113,973,862,111
115000114,1984,830,1154
115000116,3087,1182,1905
115000117,3730,1669,2061
115000118,1776,1217,559
115000119,1871,1660,211
115000120,542,601,-59
115000121,1942,835,1107
115000122,5008,900,4108
115000123,2159,1034,1125
115000124,605,488,117
115000125,367,610,-243
115000126,145,322,-177
115000127,251,157,94
115000128,1032,744,288
115000129,215,142,73
115000130,286,1149,-863
115000131,367,256,111
115000132,124,523,-399
115000133,269,445,-176
115000134,285,225,60
115000135,112,270,-158
115000136,92,183,-91
115000137,37,173,-136
115000138,109,233,-124
115000139,112,268,-156
115000140,103,245,-142
115000141,83,390,-307
115000142,79,403,-324
115000143,255,472,-217
115000144,278,97,181
115000145,139,567,-428
115000146,180,187,-7
115000147,273,522,-249
115000148,311,1757,-1446
115000149,284,172,112
115000150,632,1494,-862
115000151,443,484,-41
115000152,362,1953,-1591
115000153,433,417,16
115000154,404,330,74
115000155,391,1350,-959
115000156,762,623,139
115000157,1023,950,73
115000158,711,321,390
115000159,702,397,305
115000160,598,597,1
115000161,499,616,-117
115000162,616,433,183
115000163,621,591,30
115000164,545,476,69
115000165,351,291,60
115000167,77,43,34
115000168,571,232,339
115000169,668,374,294
115000170,97,125,-28
115000171,178,137,41
115000172,1979,565,1414
115000173,283,252,31
115000174,34,199,-165
115000175,48,40,8
115000176,225,69,156
115000177,228,84,144
115000178,5,308,-303
115000179,13,17,-4
115000180,55,822,-767
115000181,211,133,78
115000182,374,452,-78
115000183,125,1138,-1013
115000186,430,291,139
115000187,121,675,-554
115000188,441,495,-54
115000189,181,427,-246
115000190,609,516,93
115000191,229,485,-256
115000194,142,113,29
115000195,234,186,48
115000196,51,110,-59
115000197,99,511,-412
115000198,95,254,-159
115000199,139,364,-225
115000200,202,107,95
115000201,70,414,-344
115000206,152,81,71
115000207,42,432,-390
115000208,589,785,-196
115000209,429,182,247
115000210,79,99,-20
115000211,208,267,-59
115000212,1435,333,1102
115000224,130,65,65
115000225,114,64,50
115000229,261,189,72
115000230,114,484,-370
115000231,266,2787,-2521
115000232,734,398,336
115000233,74,269,-195
115000234,16,217,-201
115000241,60,336,-276
115000242,52,360,-308
115000243,28,325,-297
115000244,5,75,-70
115000246,26,8,18
115000247,14,9,5
115000248,10,7,3
115000249,27,6,21
115000250,167,41,126
115000251,71,142,-71
115000252,31,164,-133
115000253,6,168,-162
115000258,109,162,-53
115000259,311,209,102
115000261,6,20,-14
115000262,6,18,-12
115000263,11,45,-34
115000264,6,30,-24
115000267,38,59,-21
115000268,31,130,-99
115000269,104,87,17
115000270,3,16,-13
115000272,77,144,-67
115000273,301,44,257
115000280,3366,101,3265
115000281,1109,115,994
115000282,1476,501,975
115000284,326,63,263
115000296,452,12,440
115000297,100,47,53
115000298,38,112,-74
115000300,57,213,-156
115000302,187,291,-104
115000303,251,195,56
115000304,296,97,199
115000305,39,1338,-1299
115000306,62,636,-574
115000307,64,322,-258
115000308,72,30,42
115000309,16,16,0
115000310,595,1583,-988
115000311,317,1518,-1201
115000313,75,842,-767
115000314,180,79,101
115000315,1282,254,1028
115000316,15,79,-64
115000317,159,707,-548
115000318,587,263,324
115000319,50,324,-274
115000320,10,216,-206
115000321,525,16,509
115000322,53,298,-245
115000449,345,125,220
115000557,3,475,-472
115000558,155,99,56
115000587,235,350,-115
115000588,2057,3968,-1911
115000589,2194,2452,-258
115000590,770,1602,-832
115000591,1206,752,454
115000592,707,1484,-777
115000593,1269,507,762
115000594,967,1329,-362
115000609,75,91,-16
115000617,2053,1225,828
115000624,130,105,25
115000633,353,1804,-1451
115000634,2392,760,1632
115000635,202,128,74
115000638,1181,756,425
115000641,92,122,-30
115000642,394,182,212
115000643,82,437,-355
115000644,128,404,-276
115000646,617,936,-319
115000647,129,500,-371
115000648,763,1793,-1030
115000893,3756,882,2874
115000894,79,1204,-1125
115000895,229,859,-630
115000896,725,332,393
115000897,428,57,371
115000898,785,150,635
115000899,1175,832,343
115000900,90,284,-194
115000901,60,82,-22
115000912,157,89,68
115000913,2,39,-37
115000915,25,1,24
115000916,0,0,0
115000917,0,0,0
115000918,83,153,-70
115000919,18,5,13
115000920,15,45,-30
115000921,1390,81,1309
115000922,895,421,474
115000923,422,714,-292
115000925,33,54,-21
115000927,16,27,-11
115000933,262,117,145
115000934,75,258,-183
115000935,72,110,-38
115000936,37,196,-159
115000937,752,114,638
115000938,119,78,41
115000939,77,72,5
115900001,27,73,-46
115900002,68,184,-116
115900003,68,187,-119
115900004,0,64,-64
115900005,52,7,45
115900006,70,366,-296
115900008,14,13,1
115900009,40,310,-270
115900010,112,274,-162
115900011,205,288,-83
115900012,36,91,-55
115900013,388,131,257
115900014,97,200,-103
115900015,19,150,-131
115900016,68,38,30
115900017,6,2,4
115900018,199,96,103
115900019,656,34,622
115900020,27,1,26
115900021,2029,101,1928
115900022,2237,14,2223
115900023,27,2,25
115900025,84,193,-109
115900026,937,401,536
115900027,0,443,-443
115900028,503,59,444
115900029,4,511,-507
115900030,37,5,32
115900031,420,137,283
115900032,335,809,-474
115900033,0,37,-37
115900034,17,633,-616
115900035,40,189,-149
115900036,235,267,-32
115900037,30,557,-527
115900038,8,9,-1
115900039,88,351,-263
115900041,257,278,-21
115900042,3,5,-2
115900043,25,151,-126
115900044,216,197,19
115900046,127,310,-183
115900047,40,48,-8
115900049,107,241,-134
115900051,2,101,-99
115900052,16,344,-328
115900053,51,323,-272
115900054,54,72,-18
115900055,11,165,-154
115900056,100,461,-361
115900057,10,0,10
115900058,30,91,-61
115900060,23,141,-118
115900061,92,0,92
115900062,22,413,-391
115900063,44,16,28
115900064,135,242,-107
115900065,25,159,-134
115900066,141,195,-54
115900067,1,947,-946
115900068,4115,96,4019
115900069,51,186,-135
115900070,78,304,-226
115900071,2,724,-722
115900072,73,232,-159
115900073,25,29,-4
115900074,6,394,-388
115900075,22,374,-352
115900076,2,90,-88
115900077,12,396,-384
115900078,32,131,-99
115900079,67,31,36
115900080,365,224,141
115900081,13,97,-84
115900082,154,142,12
115900084,130,71,59
115900085,65,39,26
115900086,1585,473,1112
115900088,48,22,26
115900089,93,986,-893
115900090,153,23,130
115900091,0,23,-23
115900092,25,308,-283
115900093,3,67,-64
115900094,3,498,-495
115900096,1,32,-31
115900097,6,620,-614
115900098,75,466,-391
115900099,46,95,-49
115900100,9,640,-631
115900101,89,464,-375
115900102,10,92,-82
115900103,172,330,-158
115900104,22,161,-139
115900105,43,767,-724
115900106,19,30,-11
115900107,13,241,-228
115900108,36,60,-24
115900109,52,480,-428
115900110,1,20,-19
115900111,1,58,-57
115900112,30,1042,-1012
115900113,15,16,-1
115900114,4,175,-171
115900115,37,123,-86
115900116,106,1127,-1021
115900117,39,17,22
115900118,2,395,-393
115900119,72,79,-7
115900120,20,514,-494
115900121,84,277,-193
115900124,150,326,-176
115900125,111,28,83
115900126,394,53,341
115900127,382,31,351
115900128,10,41,-31
115900129,423,18,405
115900130,32,152,-120
115900131,117,44,73
115900132,179,5,174
115900134,119,9,110
115900135,510,434,76
115900137,1,4,-3
115900139,71,77,-6
115900140,149,14,135
115900141,4,48,-44
115900142,12,11,1
115900143,118,255,-137
115900144,35,193,-158
115900146,5,170,-165
115900147,177,198,-21
115900148,7,18,-11
115900149,16,22,-6
115900150,10,64,-54
115900151,14,63,-49
115900152,29,467,-438
115900153,46,251,-205
115900154,571,294,277
115900155,0,84,-84
115900156,371,785,-414
115900157,49,399,-350
115900158,43,8,35
115900159,24,260,-236
115900160,4,5,-1
115900161,21,216,-195
115900163,92,156,-64
115900164,153,17,136
115900165,0,107,-107
115900166,194,228,-34
115900168,39,188,-149
115900171,52,338,-286
115900172,30,126,-96
115900173,144,153,-9
115900174,249,265,-16
115900175,55,184,-129
115900178,6,920,-914
115900179,66,22,44
115900180,35,317,-282
115900181,68,317,-249
115900182,159,375,-216
115900183,188,25,163
115900184,1453,14,1439
115900187,3,93,-90
115900189,1,71,-70
115900190,800,467,333
115900191,42,494,-452
115900192,8,40,-32
115900193,88,49,39
115900194,239,28,211
115900195,475,817,-342
115900198,172,204,-32
115900199,153,261,-108
115900200,263,289,-26
115900201,319,187,132
115900202,1,40,-39
115900203,4,1,3
115900204,0,1,-1
115900205,44,8,36
115900206,48,143,-95
115900207,20,19,1
115900208,38,388,-350
115900209,0,125,-125
115900210,4,144,-140
115900211,1,178,-177
115900212,59,263,-204
115900213,38,25,13
115900214,162,222,-60
115900215,20,27,-7
115900216,6,86,-80
115900217,2,44,-42
115900218,1,52,-51
115900219,30,4,26
115900220,46,7,39
115900221,20,15,5
115900222,32,5,27
115900223,17,85,-68
115900224,1718,341,1377
115900225,92,23,69
115900226,27,33,-6
115900227,8,37,-29
115900228,6,46,-40
115900229,5,38,-33
115900230,50,104,-54
115900231,69,0,69
115900232,25,0,25
115900233,60,2,58
115900234,18,12,6
115900235,3,21,-18
115900236,35,11,24
115900237,10,19,-9
115900238,7,18,-11
115900239,7,30,-23
115900240,3,63,-60
115900241,79,76,3
115900242,164,193,-29
115900243,9,5,4
115900244,1,15,-14
115900245,28,14,14
115900246,1,2,-1
115900247,3,2,1
115900248,1,3,-2
115900249,1,1,0
115900250,2,11,-9
115900251,0,1,-1
115900252,0,2,-2
115900253,4,3,1
115900254,12,15,-3
115900255,4,11,-7
115900256,22,17,5
115900257,0,2,-2
115900258,0,6,-6
115900259,6,1,5
115900260,8,1,7
115900261,6,2,4
115900262,3,3,0
115900263,3,6,-3
115900264,17,7,10
115900265,1,4,-3
115900266,6,1,5
115900267,4,1,3
115900268,0,8,-8
115900269,213,432,-219
115900270,141,757,-616
115900271,15,2,13
115900272,6,0,6
115900273,5,12,-7
115900274,2,23,-21
115900275,0,61,-61
115900276,0,111,-111
115900277,1,201,-200
115900278,0,118,-118
115900279,5,157,-152
115900280,20,196,-176
115900281,515,93,422
115900282,9,1,8
115900283,0,0,0
115900284,0,0,0
116000001,20514,4920,15594
116000002,4322,5201,-879
116000003,1429,1975,-546
116000004,1081,1710,-629
116000005,2436,3185,-749
116000006,1973,1105,868
116000007,5205,4173,1032
116000008,5586,1438,4148
116000009,1820,2870,-1050
116000010,1255,903,352
116000011,664,1921,-1257
116000012,537,546,-9
116000013,17509,4654,12855
116000014,21540,5823,15717
116000015,617,901,-284
116000016,9089,1870,7219
116000017,38,426,-388
116000018,884,348,536
116000019,1080,306,774
116000020,453,1237,-784
116000021,182,239,-57
116000022,277,550,-273
116000023,495,454,41
116000024,835,1677,-842
116000025,518,473,45
116000026,1599,2658,-1059
116000027,485,626,-141
116000028,321,560,-239
116000029,1098,584,514
116000030,322,350,-28
116000031,168,196,-28
116000032,313,299,14
116000033,251,624,-373
116000034,482,1008,-526
116000035,270,644,-374
116000036,1968,517,1451
116000037,602,483,119
116000038,494,330,164
116000039,684,299,385
116000040,749,369,380
116000041,297,571,-274
116000042,324,304,20
116000043,75,441,-366
116000044,19,41,-22
116000045,1203,1190,13
116000046,1043,735,308
116000047,1823,1754,69
116000048,1940,1599,341
116000049,655,1972,-1317
116000050,1073,1370,-297
116000051,2035,1791,244
116000052,2782,3392,-610
116000053,1306,1145,161
116000054,523,2715,-2192
116000055,301,1687,-1386
116000056,384,928,-544
116000057,3068,2436,632
116000058,3059,1987,1072
116000059,2347,3413,-1066
116000060,3350,895,2455
116000061,421,720,-299
116000062,566,308,258
116000063,436,994,-558
116000066,105,359,-254
116000067,230,556,-326
116000068,135,192,-57
116000069,224,534,-310
116000078,153,818,-665
116000080,1016,1105,-89
116000082,17,161,-144
116000083,794,426,368
116000084,2409,3968,-1559
116000085,1374,1026,348
116000086,2023,1387,636
116000087,794,989,-195
116000088,791,1517,-726
116000089,150,88,62
116000090,138,127,11
116000091,209,101,108
116000093,1698,794,904
116000094,413,794,-381
116000095,476,718,-242
116000096,474,1528,-1054
116000097,390,786,-396
116000098,238,5312,-5074
116000099,10013,309,9704
116000100,85,11,74
116000101,337,1918,-1581
116000102,235,1527,-1292
116000103,337,222,115
116000104,148,1719,-1571
116000105,472,229,243
116000106,606,1216,-610
116000107,2268,452,1816
116000108,322,170,152
116000111,60,31,29
116000113,136,62,74
116000114,38,167,-129
116000115,155,70,85
116000116,189,699,-510
116000117,818,1780,-962
116000118,834,1650,-816
116000119,1447,1447,0
116000120,2297,5200,-2903
116000121,472,354,118
116000122,1125,2671,-1546
116000123,424,305,119
116000124,309,1422,-1113
116000125,1322,507,815
116000126,279,1677,-1398
116000127,879,1743,-864
116000128,962,655,307
116000129,544,186,358
116000130,196,225,-29
116000133,386,897,-511
116000134,1118,3001,-1883
116000135,969,1179,-210
116000136,948,2541,-1593
116000137,496,484,12
116000138,1520,400,1120
116000139,1482,2517,-1035
116000140,74,263,-189
116000141,345,1228,-883
116000142,4210,4346,-136
116000143,1904,1436,468
116000144,1011,3445,-2434
116000145,1207,1413,-206
116000146,204,510,-306
116000147,179,109,70
116000148,248,374,-126
116000149,291,546,-255
116000151,407,1017,-610
116000153,44,338,-294
116000155,142,265,-123
116000156,2044,1421,623
116000157,21,25,-4
116000158,301,409,-108
116000159,17,12,5
116000160,7,154,-147
116000161,12,137,-125
116000162,56,55,1
116000163,14,12,2
116000164,0,12,-12
116000177,444,115,329
116000194,36,474,-438
116000195,1306,562,744
116000196,9,15,-6
116000197,6,7,-1
116000198,2169,1048,1121
116000200,776,175,601
116000201,529,723,-194
116000202,1,371,-370
116000203,0,93,-93
116000204,7,43,-36
116000205,0,154,-154
116000206,3,92,-89
116000207,1,43,-42
116000233,122,954,-832
116000287,54,684,-630
116000288,57,313,-256
116000292,26,199,-173
116000296,8,325,-317
116000297,56,2,54
116000304,37,48,-11
116000305,5,141,-136
116000346,122,203,-81
116000352,88,81,7
116000354,29,13,16
116000357,2,23,-21
116000358,110,29,81
116000361,105,1,104
116000372,9814,1844,7970
116000381,49,0,49
116000388,0,31,-31
116000389,583,539,44
116000445,184,843,-659
116000446,167,1171,-1004
116000447,6,450,-444
116000448,560,270,290
116000563,918,580,338
116000565,76,531,-455
116000566,0,39,-39
116000568,52,124,-72
116000579,31,147,-116
116000584,5,25,-20
116000585,10,20,-10
116000586,235,86,149
116000587,339,677,-338
116000589,24,89,-65
116000590,54,46,8
116000591,69,308,-239
116000592,7,169,-162
116000593,0,61,-61
116000594,198,791,-593
116000595,330,201,129
116000596,40,11,29
116000597,109,47,62
116000598,5,245,-240
116000602,94,247,-153
116000605,181,150,31
116000606,15,144,-129
116000607,1,70,-69
116000609,212,567,-355
116000611,48,660,-612
116000612,497,1645,-1148
116000613,225,332,-107
116000614,385,957,-572
116000615,1,105,-104
116000616,22,147,-125
116000617,49,171,-122
116000618,0,188,-188
116000619,15,49,-34
116000620,42,52,-10
116000621,14,75,-61
116000622,18,147,-129
116000624,84,90,-6
116000627,7,30,-23
116000628,21,859,-838
116000629,11,615,-604
116000630,129,92,37
116000631,36,98,-62
116000632,101,519,-418
116000633,14,807,-793
116000634,120,57,63
116000635,2661,1272,1389
116000636,1144,818,326
116000637,83,20,63
116000638,3,642,-639
116900001,152,123,29
116900002,257,3,254
116900003,15,88,-73
116900004,17,26,-9
116900005,104,63,41
116900006,187,192,-5
116900007,121,178,-57
116900008,154,530,-376
116900009,14,7,7
116900010,3,1703,-1700
116900011,11,47,-36
116900012,127,240,-113
116900013,5,302,-297
116900014,50,408,-358
116900015,110,79,31
116900016,81,0,81
116900017,3,814,-811
116900018,33,32,1
116900019,0,374,-374
116900020,1983,291,1692
116900023,52,5,47
116900024,251,78,173
116900025,371,1279,-908
116900026,205,844,-639
116900027,11,27,-16
116900028,2,138,-136
116900029,2,12,-10
116900031,0,5,-5
116900032,4,425,-421
116900033,2,14,-12
116900034,5,63,-58
116900035,69,243,-174
116900036,1,135,-134
116900038,24,0,24
116900041,37,12,25
116900042,1069,229,840
116900043,18,81,-63
116900047,78,36,42
116900049,34,271,-237
116900050,55,446,-391
116900051,26,353,-327
116900052,163,95,68
116900055,0,4,-4
116900057,18,372,-354
116900058,20,431,-411
116900059,1,267,-266
116900060,140,254,-114
116900062,1,4,-3
116900064,46,1240,-1194
116900065,7,83,-76
116900067,71,138,-67
116900068,129,536,-407
116900070,2,0,2
116900072,14,612,-598
116900073,14,257,-243
116900074,2,58,-56
116900076,9,25,-16
116900077,11,250,-239
116900078,199,146,53
116900079,9,397,-388
116900080,3,20,-17
116900081,319,1524,-1205
116900082,248,1195,-947
116900083,39,84,-45
116900084,162,73,89
116900085,24,153,-129
116900086,25,242,-217
116900088,422,63,359
116900090,145,49,96
116900091,76,113,-37
116900092,61,855,-794
116900093,1798,1601,197
116900094,7664,2011,5653
116900095,145,191,-46
116900096,66,98,-32
116900097,4296,1457,2839
116900098,996,177,819
116900099,563,351,212
116900100,342,25,317
116900101,205,896,-691
116900103,10,1,9
116900104,23,84,-61
116900105,190,43,147
116900106,727,704,23
116900107,5023,1166,3857
116900110,10,0,10
116900111,126,1508,-1382
116900112,141,1016,-875
116900113,3255,717,2538
116900116,125,259,-134
116900117,13,109,-96
116900118,1237,510,727
116900120,91,129,-38
116900121,31,48,-17
116900122,248,1060,-812
116900123,84,1065,-981
116900124,151,890,-739
116900125,118,271,-153
116900126,319,503,-184
116900128,0,54,-54
116900129,1,393,-392
116900130,1084,1572,-488
116900131,56,174,-118
116900132,15,74,-59
116900133,59,107,-48
116900134,135,247,-112
116900136,163,149,14
116900137,223,192,31
116900138,125,196,-71
116900139,59,415,-356
116900140,109,241,-132
116900141,348,367,-19
116900142,2,24,-22
116900143,143,529,-386
116900144,12,63,-51
116900145,78,367,-289
116900147,505,222,283
116900148,2,26,-24
116900149,25,166,-141
116900150,6,3,3
116900151,98,17,81
116900153,30,46,-16
116900154,587,161,426
116900155,43,45,-2
116900157,211,278,-67
116900158,38,76,-38
116900159,24,186,-162
116900160,562,244,318
116900161,10182,3293,6889
116900162,5,205,-200
116900163,39,147,-108
116900164,26,30,-4
116900165,87,100,-13
116900166,8,106,-98
116900167,239,57,182
116900168,73,117,-44
116900169,544,150,394
116900170,156,210,-54
116900171,29,313,-284
116900172,186,63,123
116900173,81,59,22
116900174,8,25,-17
116900175,108,100,8
116900178,14,234,-220
116900179,73,76,-3
116900180,85,29,56
116900182,249,225,24
116900183,87,98,-11
116900185,19,13,6
116900186,69,475,-406
116900187,6,12,-6
116900188,94,13,81
116900189,47,0,47
116900191,221,386,-165
116900192,158,189,-31
116900194,37,466,-429
116900195,20,17,3
116900196,35,145,-110
116900197,26,0,26
116900198,353,140,213
116900200,12,27,-15
116900201,29,26,3
116900202,163,74,89
116900203,63,3,60
116900204,33,51,-18
116900206,2,33,-31
116900207,9,20,-11
116900208,10,234,-224
116900209,12,167,-155
116900210,302,162,140
116900211,151,10,141
116900212,18,81,-63
116900213,139,162,-23
116900214,63,148,-85
116900215,20,103,-83
116900216,143,448,-305
116900218,10,349,-339
116900219,835,366,469
116900220,59,214,-155
116900221,54,260,-206
116900222,341,321,20
116900223,68,183,-115
116900226,19,77,-58
116900227,112,74,38
116900228,173,350,-177
116900230,31,442,-411
116900231,18,573,-555
116900232,13,672,-659
116900233,118,98,20
116900234,9,4,5
116900235,118,383,-265
116900238,1349,351,998
116900239,15,730,-715
116900240,7121,2175,4946
116900241,23,199,-176
116900242,416,156,260
116900243,2,137,-135
116900245,24,5,19
116900246,18,7,11
116900247,185,24,161
116900248,45,30,15
116900249,99,163,-64
116900250,103,38,65
116900251,461,162,299
116900252,48,1059,-1011
116900253,31,70,-39
116900254,7,110,-103
116900255,86,14,72
116900256,150,87,63
116900257,3,742,-739
116900258,0,451,-451
116900259,39,3,36
116900260,2,172,-170
116900261,8,0,8
116900262,78,137,-59
116900263,0,13,-13
116900264,0,3,-3
116900265,5,1,4
116900266,4,84,-80
116900267,1,1,0
116900268,12,19,-7
116900269,286,560,-274
116900271,2959,59,2900
116900272,518,629,-111
116900273,313,49,264
116900274,38,73,-35
116900275,65,206,-141
116900276,1210,45,1165
116900277,773,14,759
116900278,8,18,-10
116900279,0,29,-29
116900280,9,34,-25
116900281,9152,1852,7300
116900282,3,181,-178
116900283,12,131,-119
116900284,35,235,-200
116900285,352,103,249
116900286,216,13,203
116900287,4,115,-111
116900288,22,129,-107
116900289,4,55,-51
116900290,1,62,-61
116900291,6,10,-4
116900292,0,12,-12
116900293,17,84,-67
116900294,22,99,-77
116900295,106,74,32
116900296,46,63,-17
116900297,4,59,-55
116900298,96,27,69
116900299,40,64,-24
116900300,27,313,-286
116900301,54,70,-16
116900302,32,17,15
116900303,531,38,493
116900304,0,116,-116
116900305,11,29,-18
116900306,26,79,-53
117000001,1015,1110,-95
117000002,1392,4482,-3090
117000003,5733,2550,3183
117000004,4300,5525,-1225
117000005,971,1256,-285
117000006,922,4752,-3830
117000007,1993,1237,756
117000008,1204,4547,-3343
117000009,3800,1434,2366
117000010,2618,4736,-2118
117000011,1084,2212,-1128
117000012,1029,1895,-866
117000013,761,1474,-713
117000014,676,2621,-1945
117000015,2815,1239,1576
117000016,485,58,427
117000017,397,183,214
117000018,244,330,-86
117000019,222,0,222
117000020,830,1051,-221
117000021,3990,390,3600
117000022,522,50,472
117000023,443,109,334
117000024,569,55,514
117000025,732,689,43
117000026,2741,657,2084
117000027,5247,1089,4158
117000028,5364,596,4768
117000030,1161,626,535
117000031,492,151,341
117000032,2112,1598,514
117000033,1044,826,218
117000034,364,365,-1
117000035,267,164,103
117000036,329,377,-48
117000037,224,184,40
117000038,300,518,-218
117000039,311,339,-28
117000040,117,1519,-1402
117000041,444,125,319
117000044,31,1319,-1288
117000045,284,49,235
117000046,340,859,-519
117000047,560,458,102
117000048,2076,1522,554
117000049,174,395,-221
117000050,100,3115,-3015
117000051,1196,176,1020
117000052,11,737,-726
117000053,127,75,52
117000054,1187,4,1183
117000055,16,4109,-4093
117000056,462,13,449
117000057,730,2451,-1721
117000060,340,2324,-1984
117000061,1049,643,406
117000062,211,547,-336
117000063,1257,647,610
117000064,891,869,22
117000066,1310,953,357
117000067,95,304,-209
117000074,174,176,-2
117000076,97,67,30
117000077,118,101,17
117000078,93,646,-553
117000079,208,207,1
117000080,2,406,-404
117000081,584,108,476
117000082,10,69,-59
117000083,91,8,83
117000084,315,4,311
117000085,165,548,-383
117000086,1310,755,555
117000087,91,511,-420
117000088,208,193,15
117000089,997,377,620
117000090,212,1617,-1405
117000091,414,412,2
117000092,294,1998,-1704
117000093,639,696,-57
117000094,582,2962,-2380
117000095,1644,776,868
117000096,532,2901,-2369
117000097,733,1155,-422
117000098,2798,6838,-4040
117000099,1681,808,873
117000100,121,120,1
117000101,199,1688,-1489
117000102,826,470,356
117000103,783,2236,-1453
117000104,995,541,454
117000105,796,2360,-1564
117000106,827,896,-69
117000107,467,2751,-2284
117000108,920,792,128
117000109,1794,3638,-1844
117000110,1126,609,517
117000111,3221,5137,-1916
117000112,1941,2188,-247
117000113,94,503,-409
117000114,108,215,-107
117000115,30,241,-211
117000116,62,314,-252
117000117,1343,376,967
117000118,176,149,27
117000119,323,52,271
117000120,516,67,449
117000121,391,332,59
117000122,687,733,-46
117000123,2054,19,2035
117000124,1277,27,1250
117000125,475,60,415
117000126,71,43,28
117000127,154,400,-246
117000128,486,629,-143
117000129,682,216,466
117000130,101,0,101
117000131,0,147,-147
117000132,1131,37,1094
117000133,494,225,269
117000134,1,63,-62
117000135,9,22,-13
117000136,1,54,-53
117000137,33,52,-19
117000138,3,819,-816
117000140,408,2024,-1616
117000141,1126,541,585
117000181,1248,360,888
117000182,177,173,4
117000195,182,1559,-1377
117000196,100,55,45
117000225,137,5,132
117000226,9,123,-114
117000276,90,3,87
117000277,3,609,-606
117000310,2384,2644,-260
117000315,38,500,-462
117000320,51,0,51
117000906,92,7,85
117000907,8,466,-458
117000908,81,16,65
117000909,94,23,71
117000910,155,121,34
117000911,122,264,-142
117000915,9,696,-687
117000916,28,0,28
117000917,498,17,481
117000918,42,44,-2
117000919,26,209,-183
117000920,7,1845,-1838
117000921,8,2414,-2406
117000922,77,173,-96
117000924,196,648,-452
117000926,1622,93,1529
117000927,3285,303,2982
117000928,2,287,-285
117000929,91,526,-435
117000930,59,7,52
117000931,1217,54,1163
117900002,106,357,-251
117900003,977,390,587
117900005,8,6,2
117900006,0,36,-36
117900007,83,178,-95
117900008,1,40,-39
117900010,175,181,-6
117900011,40,38,2
117900012,42,202,-160
117900013,0,444,-444
117900014,235,290,-55
117900015,16,234,-218
117900016,1646,339,1307
117900017,250,475,-225
117900018,272,39,233
117900019,248,617,-369
117900020,65,249,-184
117900021,19,141,-122
117900022,10,28,-18
117900023,752,124,628
117900024,58,165,-107
117900025,32,11,21
117900026,196,458,-262
117900028,38,2,36
117900029,174,997,-823
117900030,208,181,27
117900031,104,102,2
117900032,529,378,151
117900033,136,1089,-953
117900034,30,55,-25
117900035,94,44,50
117900036,143,801,-658
117900037,45,175,-130
117900038,32,563,-531
117900039,1,114,-113
117900040,122,663,-541
117900041,8,69,-61
117900042,5684,531,5153
117900043,33,67,-34
117900044,103,2087,-1984
117900045,126,76,50
117900048,106,369,-263
117900049,63,771,-708
117900050,2,35,-33
117900051,18,4,14
117900052,55,260,-205
117900053,633,718,-85
117900054,2,14,-12
117900055,97,143,-46
117900056,667,29,638
117900057,771,1376,-605
117900058,116,5,111
117900059,252,49,203
117900060,577,6703,-6126
117900061,16,143,-127
117900063,153,234,-81
117900065,815,1287,-472
117900066,4,42,-38
117900067,251,456,-205
117900069,437,667,-230
117900070,189,5,184
117900071,70,170,-100
117900073,181,507,-326
117900074,97,6,91
117900075,30,83,-53
117900076,20,49,-29
117900077,134,175,-41
117900078,211,348,-137
117900080,160,44,116
117900081,576,539,37
117900082,216,197,19
117900083,210,814,-604
117900086,86,66,20
117900087,37,65,-28
117900088,2687,1957,730
117900089,1002,322,680
117900090,157,1042,-885
117900091,217,213,4
117900092,12,50,-38
117900093,39,70,-31
117900094,26,9,17
117900095,141,772,-631
117900096,29,288,-259
117900097,214,67,147
117900098,8,5,3
117900099,99,648,-549
117900100,85,1,84
117900101,310,941,-631
117900102,38,53,-15
117900103,17,5,12
117900104,4,164,-160
117900105,120,206,-86
117900106,67,62,5
117900107,11,1,10
117900109,231,336,-105
117900110,51,1,50
117900111,123,6,117
117900112,26,13,13
117900113,4750,1440,3310
117900114,5,0,5
117900115,369,34,335
117900116,932,837,95
117900117,317,350,-33
117900118,10,0,10
117900119,56,394,-338
117900120,96,106,-10
117900121,75,30,45
117900122,1258,1379,-121
117900123,551,883,-332
117900124,890,646,244
117900125,1170,668,502
117900126,263,777,-514
117900127,267,729,-462
117900128,172,1023,-851
117900129,15,0,15
117900130,823,400,423
117900131,0,136,-136
117900132,3,125,-122
117900133,1,149,-148
117900134,47,222,-175
117900135,6,297,-291
117900136,0,96,-96
117900137,18,423,-405
117900138,0,65,-65
117900139,45,118,-73
117900140,6411,239,6172
117900141,212,252,-40
117900142,40,5,35
117900144,70,73,-3
117900145,48,7,41
117900146,160,76,84
117900147,10,67,-57
117900148,3625,921,2704
117900149,27,196,-169
117900150,28,132,-104
117900151,17,184,-167
117900152,114,131,-17
117900153,7,131,-124
117900154,283,818,-535
117900156,744,680,64
117900157,57,457,-400
117900158,118,107,11
117900160,325,301,24
117900161,2910,2662,248
117900162,135,395,-260
117900163,54,21,33
117900165,0,5,-5
117900166,100,235,-135
117900168,38,242,-204
117900169,1,123,-122
117900170,1,31,-30
117900171,1,12,-11
117900172,23,65,-42
117900173,182,76,106
117900174,18,95,-77
117900175,3,42,-39
117900176,5,50,-45
117900177,9,82,-73
117900178,127,44,83
117900180,332,19,313
117900181,217,231,-14
117900182,0,23,-23
117900183,28,198,-170
117900184,2,58,-56
117900185,7,28,-21
117900186,14,23,-9
117900187,20,6,14
117900188,251,26,225
117900189,61,13,48
117900190,9,2,7
117900191,42,1,41
117900192,118,0,118
117900193,9,54,-45
117900194,3,3,0
117900195,22,42,-20
117900196,8,24,-16
117900207,95,61,34
117900208,31,51,-20
117900209,157,171,-14
117900210,144,158,-14
117900211,5,218,-213
117900212,78,184,-106
117900213,8,13,-5
117900214,1,45,-44
117900215,9,41,-32
117900216,68,14,54
117900217,174,44,130
117900218,217,141,76
117900219,10,34,-24
117900220,97,49,48
117900222,94,276,-182
117900223,86,157,-71
118000001,706,399,307
118000002,1480,1971,-491
118000003,1356,983,373
118000004,2611,2151,460
118000005,6113,1754,4359
118000006,8831,7547,1284
118000007,7838,2028,5810
118000008,6363,2932,3431
118000009,2103,3204,-1101
118000010,4182,4396,-214
118000011,679,3084,-2405
118000012,1045,3131,-2086
118000013,3423,3147,276
118000014,1861,3480,-1619
118000016,212,772,-560
118000017,147,417,-270
118000018,296,970,-674
118000019,1726,1247,479
118000020,1233,1318,-85
118000021,727,1719,-992
118000022,1912,538,1374
118000023,998,252,746
118000024,2121,632,1489
118000027,20057,5182,14875
118000029,1381,551,830
118000032,1733,1524,209
118000033,3010,2019,991
118000034,5640,1970,3670
118000035,1645,1593,52
118000036,1119,900,219
118000037,515,995,-480
118000038,102,146,-44
118000039,57,509,-452
118000040,1630,2340,-710
118000041,1750,1539,211
118000045,857,135,722
118000046,2224,583,1641
118000047,1836,553,1283
118000048,4547,1319,3228
118000051,3179,758,2421
118000052,2435,490,1945
118000053,1147,740,407
118000054,4275,1942,2333
118000055,3993,1739,2254
118000056,483,281,202
118000057,737,374,363
118000058,3889,1270,2619
118000059,2021,812,1209
118000060,729,737,-8
118000061,702,1421,-719
118000062,446,242,204
118000063,326,457,-131
118000064,929,1128,-199
118000065,6245,1552,4693
118000066,838,883,-45
118000067,1718,992,726
118000068,1932,2921,-989
118000069,3684,1419,2265
118000070,8845,1447,7398
118000071,4512,4188,324
118000072,2291,960,1331
118000073,3665,547,3118
118000074,349,394,-45
118000075,1122,330,792
118000076,1122,1136,-14
118000077,1400,1210,190
118000078,1777,1663,114
118000079,304,307,-3
118000080,1097,808,289
118000081,1237,1014,223
118000082,271,697,-426
118000083,2635,1005,1630
118000084,2978,1450,1528
118000086,152,594,-442
118000087,6990,2530,4460
118000088,2007,1916,91
118000089,4162,2770,1392
118000090,2391,2250,141
118000091,2033,1650,383
118000092,1259,329,930
118000093,119,631,-512
118000096,419,442,-23
118000097,484,440,44
118000098,166,240,-74
118000099,295,1186,-891
118000101,603,370,233
118000102,298,1906,-1608
118000107,3915,417,3498
118000108,604,946,-342
118000110,2,30,-28
118000111,2,761,-759
118000112,132,1,131
118000113,7,1132,-1125
118000114,159,0,159
118000115,35,3,32
118000116,25,1,24
118000117,1142,915,227
118000118,683,611,72
118000119,839,1003,-164
118000120,1505,1564,-59
118000121,68,457,-389
118000122,932,193,739
118000123,50,257,-207
118000125,1758,1326,432
118000126,632,1391,-759
118000127,1811,570,1241
118000128,811,1276,-465
118000129,768,287,481
118000130,3109,4950,-1841
118000131,721,1183,-462
118000132,1760,1257,503
118000133,404,392,12
118000135,440,263,177
118000136,93,544,-451
118000137,615,64,551
118000138,213,851,-638
118000139,120,86,34
118000140,2223,2824,-601
118000141,1420,2230,-810
118000142,1099,2277,-1178
118000143,1111,971,140
118000144,1597,1085,512
118000145,1389,3485,-2096
118000146,962,1950,-988
118000147,676,2104,-1428
118000148,242,1285,-1043
118000149,634,1273,-639
118000150,242,261,-19
118000151,261,561,-300
118000153,595,1179,-584
118000154,540,1476,-936
118000155,613,1268,-655
118000156,2447,1965,482
118000157,372,347,25
118000158,109,540,-431
118000159,16,69,-53
118000160,292,437,-145
118000161,278,1135,-857
118000162,875,887,-12
118000163,416,740,-324
118000164,2180,1311,869
118000168,1952,222,1730
118000169,958,2093,-1135
118000170,3842,7910,-4068
118000171,164,669,-505
118000172,92,285,-193
118000173,776,1247,-471
118000175,208,312,-104
118000176,201,447,-246
118000177,173,515,-342
118000178,44,42,2
118000179,1757,687,1070
118000180,820,809,11
118000181,748,391,357
118000182,301,407,-106
118000183,182,237,-55
118000184,386,1206,-820
118000185,1248,816,432
118000186,678,962,-284
118000187,661,983,-322
118000188,355,270,85
118000189,226,959,-733
118000190,15,12,3
118000191,18,37,-19
118000192,175,162,13
118000193,117,266,-149
118000194,1906,1091,815
118000195,1514,491,1023
118000196,380,111,269
118000197,229,90,139
118000198,650,346,304
118000199,713,311,402
118000200,104,203,-99
118000201,504,310,194
118000202,42,58,-16
118000203,1835,391,1444
118000204,127,169,-42
118000205,336,284,52
118000206,133,209,-76
118000207,0,148,-148
118000208,904,1698,-794
118000209,1245,2015,-770
118000210,23,49,-26
118000211,20,33,-13
118000213,867,813,54
118000214,610,289,321
118000215,178,304,-126
118000216,1244,4047,-2803
118000217,10,188,-178
118000218,49,151,-102
118000219,507,452,55
118000220,1,17,-16
118000221,50,213,-163
118000222,82,17,65
118000223,7,43,-36
118000224,239,147,92
118000225,52,927,-875
118000226,504,106,398
118000227,1102,323,779
118000228,206,131,75
118000229,313,49,264
118000230,64,316,-252
118000231,54,216,-162
118000232,545,1107,-562
118000233,587,1113,-526
118000234,156,318,-162
118000236,270,461,-191
118000237,36,767,-731
118000238,85,307,-222
118000239,188,317,-129
118000240,613,55,558
118000241,115,345,-230
118000242,192,732,-540
118000243,68,233,-165
118000244,26,218,-192
118000246,0,9,-9
118000255,26,186,-160
118000256,62,223,-161
118000259,4,61,-57
118000260,107,121,-14
118000261,31,140,-109
118000263,94,220,-126
118000266,113,475,-362
118000267,1,96,-95
118000268,189,4,185
118000270,42,43,-1
118000271,86,309,-223
118000272,58,38,20
118000273,95,86,9
118000274,100,451,-351
118000276,222,376,-154
118000295,5,71,-66
118000298,179,576,-397
118000299,58,304,-246
118000301,1,38,-37
118000302,71,104,-33
118000311,99,149,-50
118000312,118,238,-120
118000313,54,225,-171
118000314,26,88,-62
118000315,37,66,-29
118000316,408,627,-219
118000325,13,124,-111
118000326,33,52,-19
118000331,21,71,-50
118000332,18,71,-53
118000333,28,106,-78
118000335,93,0,93
118000336,1,439,-438
118000407,45,86,-41
118000457,2,24,-22
118000465,4151,2276,1875
118000480,20,158,-138
118000489,69,130,-61
118000490,102,476,-374
118000492,177,192,-15
118000510,50,13,37
118000514,121,357,-236
118000515,573,351,222
118000517,399,182,217
118000524,756,180,576
118000525,895,1082,-187
118000530,23,153,-130
118000531,114,268,-154
118000532,170,320,-150
118000533,313,177,136
118000534,445,454,-9
118000535,113,106,7
118000536,1090,423,667
118000537,26,63,-37
118000538,11,99,-88
118000539,40,118,-78
118000540,185,287,-102
118000541,98,128,-30
118000542,74,161,-87
118000543,203,244,-41
118000546,23,44,-21
118000560,4111,778,3333
118000562,12,445,-433
118000563,1871,1579,292
118000576,117,243,-126
118000577,127,106,21
118000578,133,102,31
118000579,727,923,-196
118000595,122,78,44
118000596,0,58,-58
118000597,90,138,-48
118000598,0,1,-1
118000599,20,49,-29
118000600,0,39,-39
118000601,1,0,1
118000602,0,32,-32
118000603,0,30,-30
118900001,1328,630,698
118900002,1436,614,822
118900003,110,11,99
118900004,30,75,-45
118900005,57,3,54
118900006,40,2,38
118900007,0,9,-9
118900008,1150,37,1113
118900009,19,18,1
118900010,24,3,21
118900011,157,16,141
118900012,316,226,90
118900013,694,34,660
118900015,109,33,76
118900016,5,43,-38
118900017,136,125,11
118900018,1182,17,1165
118900019,48,9,39
118900020,123,99,24
118900021,117,353,-236
118900022,66,128,-62
118900023,39,93,-54
118900024,22,204,-182
118900025,16,28,-12
118900026,37,112,-75
118900027,370,265,105
118900028,53,212,-159
118900029,94,533,-439
118900030,83,74,9
118900031,96,147,-51
118900032,35,138,-103
118900033,384,814,-430
118900034,74,4,70
118900035,100,326,-226
118900036,584,715,-131
118900037,187,323,-136
118900038,195,398,-203
118900039,256,385,-129
118900040,152,177,-25
118900041,154,209,-55
118900042,135,102,33
118900045,130,126,4
118900046,838,145,693
118900047,909,180,729
118900048,74,176,-102
118900049,61,26,35
118900050,5,161,-156
118900051,32,46,-14
118900052,91,300,-209
118900053,27,97,-70
118900054,62,65,-3
118900055,23,168,-145
118900056,23,101,-78
118900057,196,244,-48
118900058,275,564,-289
118900059,16,75,-59
118900060,33,98,-65
118900062,47,238,-191
118900064,656,344,312
118900065,17,114,-97
118900066,33,127,-94
118900067,7558,2019,5539
118900068,0,99,-99
118900069,188,256,-68
118900071,1,41,-40
118900072,260,391,-131
118900073,43,76,-33
118900074,62,195,-133
118900075,13,84,-71
118900076,148,66,82
118900077,309,198,111
118900078,25,2,23
118900079,29,179,-150
118900080,10,64,-54
118900081,40,17,23
118900082,346,161,185
118900083,13,28,-15
118900084,4,28,-24
118900085,507,1027,-520
118900086,13,33,-20
118900087,20,134,-114
118900088,1,24,-23
118900089,24,15,9
118900090,408,505,-97
118900091,187,87,100
118900092,74,120,-46
118900093,97,5,92
118900096,22,26,-4
118900097,101,783,-682
118900099,83,302,-219
118900100,87,235,-148
118900101,21,813,-792
118900102,16,73,-57
118900103,26,44,-18
118900104,45,198,-153
118900105,113,79,34
118900107,224,112,112
118900108,48,89,-41
118900110,1731,338,1393
118900111,213,833,-620
118900112,28,93,-65
118900113,68,692,-624
118900114,5,98,-93
118900115,64,334,-270
118900116,68,185,-117
118900117,53,202,-149
118900118,134,559,-425
118900119,71,308,-237
118900120,81,299,-218
118900121,10,347,-337
118900122,6,547,-541
118900123,112,254,-142
118900124,33,202,-169
118900126,7,259,-252
118900129,137,195,-58
118900130,33,70,-37
118900131,89,270,-181
118900132,267,171,96
118900133,12,87,-75
118900135,122,274,-152
118900136,152,850,-698
118900137,0,19,-19
118900139,79,605,-526
118900140,344,961,-617
118900141,50,349,-299
118900144,79,707,-628
118900145,35,210,-175
118900146,171,907,-736
118900147,89,103,-14
118900148,26,51,-25
118900150,122,309,-187
118900152,426,1016,-590
118900157,84,124,-40
118900158,23,85,-62
118900159,3,276,-273
118900161,90,6,84
118900163,250,88,162
118900164,2,142,-140
118900165,20,409,-389
118900166,39,2,37
118900167,32,189,-157
118900168,10,56,-46
118900169,63,542,-479
118900170,38,158,-120
118900171,5,8,-3
118900174,39,43,-4
118900175,162,509,-347
118900176,65,185,-120
118900177,14,81,-67
118900178,10,100,-90
118900179,4,54,-50
118900181,39,94,-55
118900182,87,26,61
118900183,7,54,-47
118900184,181,46,135
118900185,42,101,-59
118900186,75,94,-19
118900187,133,323,-190
118900188,189,306,-117
118900189,35,445,-410
118900190,8,852,-844
118900191,60,33,27
118900192,72,21,51
118900193,104,7,97
118900195,366,1133,-767
118900196,25,268,-243
118900197,62,141,-79
118900198,6,67,-61
118900199,11,73,-62
118900200,4,9,-5
118900201,12,18,-6
118900202,7,86,-79
118900203,5,72,-67
118900204,8,85,-77
118900205,3,18,-15
118900206,2,47,-45
119000001,929,1201,-272
119000002,2962,3087,-125
119000003,1304,1738,-434
119000004,1571,1280,291
119000005,1348,1565,-217
119000006,1124,1494,-370
119000007,2583,3132,-549
119000008,1585,2548,-963
119000009,3792,2568,1224
119000010,9966,4240,5726
119000011,6646,2045,4601
119000012,6519,3445,3074
119000013,2431,1317,1114
119000014,2725,4352,-1627
119000019,175,211,-36
119000020,1029,1416,-387
119000021,2408,2200,208
119000022,4664,1384,3280
119000023,235,182,53
119000024,2354,5606,-3252
119000025,13952,1622,12330
119000026,364,268,96
119000027,845,374,471
119000028,2414,1390,1024
119000029,133,295,-162
119000030,325,1466,-1141
119000031,667,872,-205
119000032,2821,2725,96
119000033,1893,1840,53
119000034,1031,1114,-83
119000035,22,459,-437
119000036,768,1399,-631
119000037,761,2811,-2050
119000038,72,1352,-1280
119000039,159,369,-210
119000040,1074,419,655
119000041,1020,1067,-47
119000048,3993,4516,-523
119000049,1072,4294,-3222
119000050,1634,2636,-1002
119000051,1861,1027,834
119000052,2099,3140,-1041
119000053,1592,1178,414
119000054,2478,4471,-1993
119000055,2157,4136,-1979
119000056,1618,2291,-673
119000057,1375,3097,-1722
119000058,1642,2528,-886
119000059,908,1832,-924
119000060,890,863,27
119000061,791,1018,-227
119000062,980,1465,-485
119000063,267,294,-27
119000064,1203,2048,-845
119000065,1958,4041,-2083
119000066,1961,1027,934
119000067,1844,3133,-1289
119000068,1054,1164,-110
119000069,1113,3103,-1990
119000070,1331,1235,96
119000071,510,1127,-617
119000072,7767,4622,3145
119000073,6653,5906,747
119000074,645,4615,-3970
119000075,682,2702,-2020
119000076,696,1158,-462
119000077,923,681,242
119000078,343,305,38
119000079,83,927,-844
119000080,123,274,-151
119000081,355,536,-181
119000082,682,292,390
119000083,276,322,-46
119000084,287,689,-402
119000085,657,349,308
119000086,229,398,-169
119000087,1685,1187,498
119000088,234,276,-42
119000089,60,182,-122
119000090,178,181,-3
119000091,160,387,-227
119000092,838,276,562
119000093,4140,4000,140
119000094,1740,5175,-3435
119000095,939,3384,-2445
119000097,2893,1767,1126
119000098,638,1458,-820
119000099,1929,2081,-152
119000100,2008,2142,-134
119000101,3650,2757,893
119000102,802,722,80
119000103,1827,629,1198
119000104,3501,1729,1772
119000105,550,762,-212
119000106,208,2551,-2343
119000107,315,552,-237
119000108,200,1498,-1298
119000109,182,563,-381
119000110,1084,719,365
119000111,83,619,-536
119000112,297,212,85
119000113,4393,293,4100
119000114,654,588,66
119000115,218,162,56
119000116,105,102,3
119000117,94,338,-244
119000118,4,2,2
119000123,2743,763,1980
119000124,280,255,25
119000125,1511,1371,140
119000126,201,1173,-972
119000127,286,1153,-867
119000128,86,11,75
119000131,522,1286,-764
119000132,9,3,6
119000133,0,7,-7
119000134,3146,563,2583
119000135,39,261,-222
119000136,73,395,-322
119000137,102,716,-614
119000138,173,616,-443
119000139,139,387,-248
119000140,95,355,-260
119000284,1725,3126,-1401
119000285,2856,2503,353
119000286,7406,5328,2078
119000287,1156,2539,-1383
119000288,1584,2186,-602
119000289,2483,5150,-2667
119000290,169,616,-447
119000291,1,427,-426
119000293,56,167,-111
119000294,28,39,-11
119000295,2402,713,1689
119000296,127,160,-33
119000302,4883,1764,3119
119000303,30,185,-155
119000314,1568,5086,-3518
119000315,2,847,-845
119000316,26,159,-133
119000317,29,636,-607
119900001,132,648,-516
119900002,78,317,-239
119900003,44,1621,-1577
119900004,314,356,-42
119900005,65,191,-126
119900006,128,311,-183
119900007,593,76,517
119900008,71,37,34
119900009,343,573,-230
119900010,2837,1474,1363
119900011,15,32,-17
119900012,8,28,-20
119900013,1588,635,953
119900014,848,266,582
119900015,52,17,35
119900016,14,126,-112
119900017,8,35,-27
119900018,1360,208,1152
119900019,10,4,6
119900020,40,151,-111
119900021,72,68,4
119900022,131,321,-190
119900023,794,521,273
119900025,35,37,-2
119900026,1050,65,985
119900027,13,36,-23
119900028,145,34,111
119900029,2,8,-6
119900030,442,450,-8
119900031,19,214,-195
119900033,2877,158,2719
119900034,101,182,-81
119900037,55,64,-9
119900038,56,120,-64
119900039,25,7,18
119900040,30,6,24
119900041,66,72,-6
119900042,70,159,-89
119900043,28,200,-172
119900044,163,308,-145
119900046,31,92,-61
119900047,104,77,27
119900048,3,28,-25
119900049,23,24,-1
119900050,67,43,24
119900051,197,6,191
119900052,23,73,-50
119900053,77,256,-179
119900054,39,3,36
119900055,576,240,336
119900057,101,77,24
119900058,61,6,55
119900059,139,48,91
119900060,106,7,99
119900062,23,27,-4
119900063,16,55,-39
119900064,171,47,124
119900065,139,9,130
119900066,1,7,-6
119900067,36,30,6
119900068,126,2,124
119900069,29,40,-11
119900070,256,3,253
119900071,213,18,195
119900073,2028,398,1630
119900074,35,15,20
119900075,6936,1948,4988
119900076,206,618,-412
119900077,253,1742,-1489
119900078,255,1013,-758
119900079,100,380,-280
119900080,543,1364,-821
119900081,65,61,4
119900082,321,51,270
119900083,355,103,252
119900084,602,170,432
119900085,162,81,81
119900087,229,201,28
119900088,31,58,-27
119900089,14,596,-582
119900090,279,65,214
119900091,19,1348,-1329
119900092,9,437,-428
119900093,776,99,677
119900094,16,234,-218
119900095,165,55,110
119900096,56,119,-63
119900097,366,181,185
119900098,18,43,-25
119900099,50,357,-307
119900100,2951,2262,689
119900101,234,1137,-903
119900102,35,422,-387
119900103,20,673,-653
119900104,33,360,-327
119900105,1446,1875,-429
119900106,24,260,-236
119900107,413,4337,-3924
119900108,2331,794,1537
119900109,15,354,-339
119900110,401,877,-476
119900111,40,456,-416
119900112,3516,466,3050
119900113,68,570,-502
119900114,128,2141,-2013
119900115,93,1693,-1600
119900116,177,278,-101
119900117,126,1106,-980
119900118,21,1501,-1480
119900119,54,337,-283
119900120,620,815,-195
119900121,150,1943,-1793
119900122,252,491,-239
119900123,184,260,-76
119900124,90,1359,-1269
119900125,56,518,-462
119900126,6811,229,6582
119900127,3341,998,2343
119900128,184,964,-780
119900129,78,1232,-1154
119900130,40,348,-308
119900131,25,461,-436
119900132,8,495,-487
119900133,10,71,-61
119900134,2766,281,2485
119900135,2,660,-658
119900136,253,608,-355
119900138,444,726,-282
119900139,27,110,-83
119900140,2,213,-211
119900141,109,370,-261
119900142,10,21,-11
119900143,9,255,-246
119900144,2648,296,2352
119900145,102,353,-251
119900146,184,143,41
119900147,1,110,-109
119900148,54,60,-6
119900149,2066,3140,-1074
119900150,177,263,-86
119900151,1677,797,880
119900152,52,561,-509
119900153,79,81,-2
119900154,9,424,-415
119900155,24,32,-8
119900156,6,9,-3
119900157,36,402,-366
119900158,70,69,1
119900159,7,2001,-1994
119900160,26,355,-329
119900161,175,405,-230
119900162,622,612,10
119900163,184,95,89
119900164,0,0,0
119900165,62,316,-254
119900166,22,31,-9
119900167,70,160,-90
119900168,293,465,-172
119900169,175,212,-37
119900170,128,147,-19
119900171,509,594,-85
119900172,113,17,96
119900173,5,657,-652
119900174,8,336,-328
119900175,497,859,-362
119900177,18,289,-271
119900178,6,268,-262
119900179,32,195,-163
119900180,716,733,-17
119900181,48,42,6
119900182,4,730,-726
119900183,108,1034,-926
119900184,4003,697,3306
119900185,20,91,-71
119900186,52,302,-250
119900187,11,801,-790
119900188,35,358,-323
119900189,399,218,181
119900190,37,141,-104
119900191,288,102,186
119900192,11,218,-207
119900193,121,225,-104
119900194,1,56,-55
119900195,25,312,-287
119900196,2547,568,1979
119900197,144,95,49
119900198,56,509,-453
119900199,159,19,140
119900200,349,663,-314
119900201,505,246,259
119900202,228,94,134
119900203,110,184,-74
119900204,102,514,-412
119900205,175,769,-594
119900206,27,164,-137
119900208,97,132,-35
119900209,221,592,-371
119900210,15,36,-21
119900211,83,25,58
119900212,71,369,-298
119900213,0,58,-58
119900214,17,107,-90
119900215,22,137,-115
119900216,4,151,-147
119900217,5,118,-113
119900218,8,97,-89
119900219,3,161,-158
119900220,6,167,-161
119900221,32,540,-508
119900222,16,420,-404
119900223,23,133,-110
119900224,26,48,-22
119900225,1526,44,1482
119900226,1139,1265,-126
119900227,1835,438,1397
119900228,57,433,-376
119900229,243,488,-245
119900230,1383,684,699
119900231,48,209,-161
119900232,173,46,127
119900233,18,3,15
119900234,18,40,-22
119900235,10,27,-17
119900236,12,288,-276
119900237,69,671,-602
119900238,3,136,-133
119900240,43,187,-144
119900241,108,311,-203
119900242,1923,956,967
119900244,820,2110,-1290
119900245,38,117,-79
119900246,280,223,57
119900247,22,73,-51
119900248,23,60,-37
119900249,108,55,53
119900253,5137,381,4756
119900254,42,186,-144
119900255,84,709,-625
119900256,164,1905,-1741
119900257,19,1,18
119900258,32,1,31
119900259,4,303,-299
119900260,65,0,65
119900261,135,221,-86
119900262,0,359,-359
119900263,1055,437,618
119900264,40,380,-340
119900265,217,521,-304
119900266,119,374,-255
119900267,81,450,-369
119900268,90,311,-221
119900269,297,2338,-2041
119900271,26,94,-68
119900272,128,55,73
119900275,45,5,40
119900276,8,1,7
119900277,3,1,2
119900278,250,49,201
119900279,144,195,-51
119900280,1141,211,930
119900281,1,80,-79
119900282,52,24,28
119900283,6,486,-480
119900284,46,305,-259
119900285,32,83,-51
119900286,26,50,-24
119900288,4,53,-49
119900289,4,68,-64
119900290,0,52,-52
119900291,0,47,-47
119900292,10,4,6
119900293,10,0,10
119900294,8,0,8
119900295,0,0,0
119900296,2,1,1
119900299,24,327,-303
119900300,105,249,-144
119900301,112,11,101
119900302,46,57,-11
119900303,346,439,-93
119900304,72,9,63
119900305,19,124,-105
119900306,10,1,9
119900307,24,230,-206
119900308,5,13,-8
119900309,9,47,-38
119900310,186,365,-179
119900311,32,280,-248
119900312,68,114,-46
119900313,121,420,-299
119900314,54,249,-195
119900315,656,3738,-3082
119900318,8,21,-13
119900319,3,428,-425
119900320,115,965,-850
119900321,26,0,26
119900322,38,65,-27
119900323,2,131,-129
119900324,1,47,-46
119900325,23,498,-475
119900326,180,49,131
120000001,9067,8311,756
120000002,2293,3892,-1599
120000003,4344,2388,1956
120000004,3223,3047,176
120000005,5589,2627,2962
120000006,1139,1446,-307
120000007,4049,2661,1388
120000008,1136,1636,-500
120000009,5862,1175,4687
120000010,1648,3963,-2315
120000011,1245,2548,-1303
120000012,1730,3861,-2131
120000013,1941,3094,-1153
120000014,535,1782,-1247
120000015,2722,1842,880
120000016,3234,2672,562
120000017,2460,1689,771
120000018,5835,7035,-1200
120000019,941,957,-16
120000020,3172,2502,670
120000021,1920,1889,31
120000022,3212,3254,-42
120000023,727,1930,-1203
120000024,1573,2635,-1062
120000025,1798,2556,-758
120000026,709,2198,-1489
120000027,1309,1958,-649
120000028,780,434,346
120000029,6815,569,6246
120000030,614,881,-267
120000031,2407,8699,-6292
120000032,12443,3886,8557
120000033,2543,2002,541
120000034,1022,2897,-1875
120000035,1318,3034,-1716
120000036,2176,4345,-2169
120000037,556,916,-360
120000038,13119,3677,9442
120000039,538,1196,-658
120000040,104,170,-66
120000041,674,2530,-1856
120000042,1561,5780,-4219
120000043,4325,3388,937
120000044,2704,1294,1410
120000045,2817,1172,1645
120000046,1550,1892,-342
120000047,2409,2980,-571
120000048,9935,3643,6292
120000049,2338,2978,-640
120000050,2766,5331,-2565
120000051,4386,4445,-59
120000052,16124,2668,13456
120000053,896,5088,-4192
120000054,1510,7818,-6308
120000055,1033,5385,-4352
120000056,2891,5852,-2961
120000057,1642,1110,532
120000058,536,206,330
120000059,86,1337,-1251
120000061,92,1102,-1010
120000062,341,394,-53
120000063,2124,3846,-1722
120000064,266,2050,-1784
120000065,403,2096,-1693
120000066,135,621,-486
120000067,83,729,-646
120000068,149,1503,-1354
120000069,460,1963,-1503
120000070,23,1248,-1225
120000071,132,215,-83
120000072,194,591,-397
120000073,282,118,164
120000074,82,115,-33
120000075,237,231,6
120000076,860,329,531
120000077,816,475,341
120000078,2768,594,2174
120000079,91,100,-9
120000080,62,114,-52
120000081,246,105,141
120000082,108,126,-18
120000083,60,198,-138
120000084,462,753,-291
120000085,346,631,-285
120000086,277,922,-645
120000087,129,1556,-1427
120000088,671,1647,-976
120000089,813,654,159
120000090,375,539,-164
120000091,519,1071,-552
120000092,684,614,70
120000093,198,587,-389
120000094,123,512,-389
120000095,793,815,-22
120000096,234,1573,-1339
120000098,605,1380,-775
120000099,255,959,-704
120000100,467,1212,-745
120000101,452,586,-134
120000102,349,513,-164
120000103,761,379,382
120000104,1103,221,882
120000105,1326,318,1008
120000106,1079,360,719
120000107,1365,415,950
120000108,546,114,432
120000109,563,62,501
120000110,78,1086,-1008
120000111,116,1723,-1607
120000112,550,5551,-5001
120000113,478,3868,-3390
120000114,533,3345,-2812
120000115,258,2779,-2521
120000116,655,2490,-1835
120000117,1421,1967,-546
120000118,33,27,6
120000119,69,48,21
120000120,47,23,24
120000121,53,48,5
120000122,316,253,63
120000123,7619,2747,4872
120000124,309,551,-242
120000125,247,797,-550
120000126,354,658,-304
120000127,1559,608,951
120000128,2940,1923,1017
120000129,310,305,5
120000130,790,906,-116
120000131,253,498,-245
120000134,373,1790,-1417
120000135,147,335,-188
120000137,125,2927,-2802
120000138,245,662,-417
120000139,115,1358,-1243
120000140,242,871,-629
120000141,122,775,-653
120000142,190,811,-621
120000143,0,159,-159
120000144,39,1,38
120000145,141,3,138
120000146,2457,734,1723
120000149,488,1178,-690
120000150,6792,10775,-3983
120000151,399,463,-64
120000152,252,391,-139
120000153,149,1054,-905
120000154,467,448,19
120000155,91,231,-140
120000156,1832,426,1406
120000157,968,859,109
120000158,524,1148,-624
120000159,2044,2701,-657
120000160,2209,1404,805
120000161,919,2826,-1907
120000162,71,225,-154
120000163,225,1936,-1711
120000164,173,675,-502
120000165,191,1134,-943
120000166,481,784,-303
120000167,34,46,-12
120000168,42,118,-76
120000169,155,387,-232
120000170,174,184,-10
120000171,43,70,-27
120000172,46,25,21
120000173,2964,186,2778
120000174,408,10,398
120000175,552,15,537
120000176,247,92,155
120000177,2561,563,1998
120000178,341,9,332
120000179,896,34,862
120000180,1603,91,1512
120000181,368,158,210
120000182,192,115,77
120000183,28,261,-233
120000184,128,2558,-2430
120000186,48,50,-2
120000187,82,39,43
120000188,285,78,207
120000190,1600,13,1587
120000191,2489,26,2463
120000192,2739,25,2714
120000193,1052,9,1043
120000195,295,9,286
120000196,824,103,721
120000197,165,230,-65
120000198,79,175,-96
120000199,61,0,61
120000200,41,0,41
120000201,8,15,-7
120000202,0,100,-100
120000203,29,611,-582
120000207,4,145,-141
120000208,12,398,-386
120000209,12,163,-151
120000210,162,110,52
120000211,64,1,63
120000212,40,1,39
120000213,92,737,-645
120000214,4,639,-635
120000215,2,268,-266
120000216,55,9,46
120000217,976,1763,-787
120000218,237,1660,-1423
120000219,8,1040,-1032
120000220,22,3534,-3512
120000225,545,3,542
120000226,153,4,149
120000227,583,34,549
120000228,10467,2122,8345
120000230,128,33,95
120000231,486,3027,-2541
120000233,85,22,63
120000235,100,850,-750
120000236,505,3,502
120000237,3,3077,-3074
120000238,3,172,-169
120000241,1147,3278,-2131
120000412,2225,25,2200
120000413,73,646,-573
120000414,16,5,11
120000415,1,222,-221
120000416,24,10,14
120000417,2,113,-111
120000418,33,18,15
120000419,16,582,-566
120000420,76,38,38
120000421,18129,7185,10944
120000422,273,393,-120
120000423,2,58,-56
120000424,26,221,-195
120000436,104,329,-225
120000437,225,238,-13
120000438,5973,426,5547
120000439,159,267,-108
120000443,90,0,90
120000444,499,672,-173
120000445,1493,1324,169
120000446,1109,343,766
120000447,102,7,95
120000449,44,9,35
120000450,7,559,-552
120000451,114,282,-168
120000452,115,1,114
120000453,2,651,-649
120000454,81,29,52
120000455,47,70,-23
120000456,3649,2641,1008
120000457,2048,1242,806
120000458,536,756,-220
120000459,62,105,-43
120000665,1862,154,1708
120000668,85,233,-148
120000669,67,493,-426
120000670,375,420,-45
120000671,533,295,238
120000672,90,701,-611
120900001,37,27,10
120900002,192,214,-22
120900003,119,31,88
120900004,15,36,-21
120900005,5,1250,-1245
120900006,118,188,-70
120900007,73,172,-99
120900008,128,1523,-1395
120900009,413,103,310
120900010,273,58,215
120900011,446,129,317
120900012,1602,645,957
120900013,205,18,187
120900014,2,984,-982
120900015,380,90,290
120900016,321,61,260
120900017,3759,124,3635
120900018,60,614,-554
120900019,359,129,230
120900020,650,527,123
120900021,295,54,241
120900022,21,467,-446
120900023,97,42,55
120900024,1554,491,1063
120900025,2566,883,1683
120900026,91,213,-122
120900027,771,119,652
120900028,152,38,114
120900029,92,183,-91
120900030,652,472,180
120900031,90,25,65
120900032,370,139,231
120900033,451,33,418
120900034,24,1775,-1751
120900035,32,233,-201
120900037,65,2,63
120900038,24,92,-68
120900039,59,19,40
120900040,93,2,91
120900041,114,15,99
120900042,97,93,4
120900043,20,16,4
120900044,4,523,-519
120900045,151,226,-75
120900046,229,6,223
120900047,76,35,41
120900048,29,13,16
120900049,161,3,158
120900050,4807,874,3933
120900051,150,96,54
120900052,221,5,216
120900053,129,93,36
120900054,1443,884,559
120900055,89,0,89
120900056,162,3,159
120900057,51,24,27
120900058,169,1,168
120900059,33,0,33
120900060,42,47,-5
120900061,220,355,-135
120900062,65,1,64
120900063,179,3,176
120900064,178,5,173
120900065,103,6,97
120900066,188,463,-275
120900067,105,19,86
120900068,65,0,65
120900069,84,104,-20
120900071,5,0,5
120900072,236,0,236
120900073,172,310,-138
120900074,289,8,281
120900076,106,2,104
120900077,4942,354,4588
120900078,385,1057,-672
120900079,234,128,106
120900080,242,3486,-3244
120900081,267,2036,-1769
120900082,599,294,305
120900083,25,7,18
120900084,131,172,-41
120900085,165,87,78
120900086,254,189,65
120900087,261,80,181
120900088,156,182,-26
120900089,5834,1305,4529
120900090,65,238,-173
120900091,355,275,80
120900092,898,900,-2
120900093,5612,358,5254
120900094,501,270,231
120900095,263,40,223
120900096,26,151,-125
120900097,631,1415,-784
120900098,263,233,30
120900099,45,97,-52
120900100,62,519,-457
120900101,488,435,53
120900102,26,186,-160
120900103,22,132,-110
120900104,94,49,45
120900105,37,1202,-1165
120900106,1590,825,765
120900107,408,195,213
120900108,5,1370,-1365
120900109,35,1076,-1041
120900110,10,1016,-1006
120900111,134,405,-271
120900112,13,1961,-1948
120900113,16,1247,-1231
120900114,19,282,-263
120900115,152,181,-29
120900116,105,816,-711
120900117,2,792,-790
120900118,2,1295,-1293
120900119,5651,4693,958
120900120,49,946,-897
120900121,96,552,-456
120900122,116,914,-798
120900123,2,752,-750
120900124,2,972,-970
120900125,5,1390,-1385
120900126,1387,841,546
120900127,4,774,-770
120900128,955,1075,-120
120900129,70,533,-463
120900130,2,474,-472
120900131,26,69,-43
120900132,314,624,-310
120900133,230,1613,-1383
120900134,312,689,-377
120900135,5,855,-850
120900136,21,25,-4
120900137,85,128,-43
120900138,17,317,-300
120900139,8,1071,-1063
120900140,9,81,-72
120900141,77,129,-52
120900142,28,1209,-1181
120900143,5,1367,-1362
120900144,1,291,-290
120900145,173,1132,-959
120900146,4,1451,-1447
120900147,2,463,-461
120900148,73,170,-97
120900149,1,519,-518
120900150,8,775,-767
120900151,2,959,-957
120900152,7,69,-62
120900153,41,106,-65
120900154,0,465,-465
120900155,93,1482,-1389
120900156,22,647,-625
120900157,19,378,-359
120900158,16,731,-715
120900159,42,1145,-1103
120900160,18,411,-393
120900161,21,1671,-1650
120900162,12,1447,-1435
120900163,19,175,-156
120900164,0,0,0
120900165,0,4,-4
120900166,24,124,-100
120900167,148,97,51
120900169,39,858,-819
120900170,3568,1397,2171
120900171,1545,396,1149
120900172,2279,334,1945
120900173,0,86,-86
120900174,4,141,-137
120900175,328,269,59
120900176,15,222,-207
120900177,0,397,-397
120900178,1,210,-209
120900179,817,465,352
120900180,158,109,49
120900181,60,92,-32
120900182,13,663,-650
120900183,618,109,509
120900184,190,60,130
120900185,4,498,-494
120900186,1,625,-624
120900187,237,622,-385
120900188,46,15,31
120900189,135,320,-185
120900190,9,18,-9
120900191,2,36,-34
120900192,17343,2345,14998
120900194,24,76,-52
120900195,155,341,-186
120900196,597,93,504
120900197,312,42,270
120900198,196,782,-586
120900199,192,167,25
120900200,164,94,70
120900201,931,187,744
120900202,0,350,-350
120900203,10,54,-44
120900204,410,516,-106
120900205,92,120,-28
120900206,6,23,-17
120900207,46,1523,-1477
121000001,1004,1255,-251
121000002,1964,993,971
121000003,4799,2118,2681
121000004,2842,2923,-81
121000005,2499,2806,-307
121000006,3238,1209,2029
121000007,3445,3010,435
121000008,5232,2716,2516
121000009,9292,5696,3596
121000010,11147,3642,7505
121000011,14899,10634,4265
121000012,21272,7374,13898
121000013,5782,6620,-838
121000014,7582,5812,1770
121000015,4589,5758,-1169
121000016,5066,3352,1714
121000017,1977,3803,-1826
121000018,2193,2044,149
121000019,23277,8216,15061
121000020,15225,8198,7027
121000021,3655,3217,438
121000022,1928,1557,371
121000023,5111,3299,1812
121000024,2820,2975,-155
121000025,729,828,-99
121000026,319,99,220
121000027,1727,996,731
121000028,840,474,366
121000029,938,777,161
121000030,470,407,63
121000031,583,715,-132
121000032,229,99,130
121000034,372,141,231
121000035,113,87,26
121000036,1043,803,240
121000037,543,634,-91
121000038,631,679,-48
121000039,372,345,27
121000041,450,485,-35
121000042,233,275,-42
121000043,922,581,341
121000044,2215,661,1554
121000045,456,316,140
121000046,317,773,-456
121000047,16,91,-75
121000049,2048,723,1325
121000050,327,1187,-860
121000051,546,461,85
121000052,233,576,-343
121000053,411,58,353
121000054,24,201,-177
121000055,1765,1006,759
121000056,1114,1120,-6
121000057,169,458,-289
121000058,414,101,313
121000059,2323,893,1430
121000060,462,1070,-608
121000061,101,193,-92
121000062,119,342,-223
121000063,666,488,178
121000064,468,652,-184
121000065,385,351,34
121000066,603,521,82
121000067,1144,353,791
121000068,687,442,245
121000069,726,224,502
121000070,2378,1369,1009
121000071,870,809,61
121000072,1442,796,646
121000073,842,737,105
121000074,94,112,-18
121000075,121,37,84
121000076,1351,340,1011
121000077,162,99,63
121000078,84,157,-73
121000080,3461,644,2817
121000081,3028,1833,1195
121000082,191,340,-149
121000083,278,97,181
121000084,243,91,152
121000085,475,441,34
121000086,196,1063,-867
121000087,56,244,-188
121000088,363,708,-345
121000089,567,297,270
121000090,446,373,73
121000091,1925,760,1165
121000092,111,85,26
121000093,104,197,-93
121000094,553,467,86
121000095,355,594,-239
121000096,2518,2265,253
121000097,1714,1550,164
121000098,314,1503,-1189
121000099,328,937,-609
121000100,402,709,-307
121000101,132,318,-186
121000102,90,472,-382
121000103,92,328,-236
121000104,77,220,-143
121000105,248,404,-156
121000106,143,435,-292
121000107,2434,4168,-1734
121000109,1752,1080,672
121000110,377,471,-94
121000114,2529,2537,-8
121000115,828,827,1
121000116,423,805,-382
121000117,1301,242,1059
121000118,1107,266,841
121000119,208,326,-118
121000120,197,591,-394
121000121,471,1014,-543
121000123,1551,673,878
121000126,123,261,-138
121000127,177,115,62
121000128,434,639,-205
121000129,402,501,-99
121000130,369,1249,-880
121000131,2963,1068,1895
121000132,1492,1235,257
121000135,592,527,65
121000136,1239,802,437
121000137,571,150,421
121000138,892,900,-8
121000139,615,162,453
121000141,233,117,116
121000142,866,533,333
121000143,193,29,164
121000144,1293,862,431
121000145,396,1346,-950
121000146,878,795,83
121000147,534,438,96
121000148,697,1224,-527
121000149,1601,1097,504
121000152,395,637,-242
121000153,1650,584,1066
121000154,727,500,227
121000155,918,1071,-153
121000156,367,907,-540
121000157,1754,2331,-577
121000158,442,640,-198
121000159,131,655,-524
121000160,222,894,-672
121000161,66,422,-356
121000162,20,441,-421
121000165,1983,1503,480
121000166,54,523,-469
121000168,146,257,-111
121000169,49,195,-146
121000170,163,106,57
121000171,49,205,-156
121000172,431,476,-45
121000173,1257,786,471
121000174,171,451,-280
121000175,470,541,-71
121000176,330,265,65
121000177,976,654,322
121000178,85,66,19
121000179,90,73,17
121000181,366,376,-10
121000182,52,177,-125
121000183,26,77,-51
121000184,22,102,-80
121000185,13,162,-149
121000186,221,272,-51
121000187,140,349,-209
121000188,67,338,-271
121000192,511,319,192
121000193,623,451,172
121000194,2950,2337,613
121000195,503,1013,-510
121000196,789,208,581
121000197,247,844,-597
121000198,168,64,104
121000199,161,510,-349
121000200,261,77,184
121000201,3,247,-244
121000202,454,72,382
121000203,513,2933,-2420
121000204,1256,661,595
121000205,215,354,-139
121000206,134,32,102
121000207,1076,602,474
121000208,9,471,-462
121000209,74,455,-381
121000210,197,686,-489
121000211,94,127,-33
121000212,264,914,-650
121000213,10226,2695,7531
121000214,884,1491,-607
121000215,1378,776,602
121000216,429,450,-21
121000217,4313,2166,2147
121000218,478,1757,-1279
121000219,1339,318,1021
121000220,383,86,297
121000221,182,261,-79
121000222,2766,2432,334
121000223,462,356,106
121000224,221,120,101
121000225,1221,1082,139
121000226,1947,598,1349
121000227,3,170,-167
121000228,10,920,-910
121000229,81,553,-472
121000230,82,2062,-1980
121000231,356,19,337
121000232,382,159,223
121000233,456,293,163
121000234,3,35,-32
121000235,73,77,-4
121000236,2,42,-40
121000237,28,23,5
121000238,2,106,-104
121000239,28,7,21
121000240,6,214,-208
121000241,73,20,53
121000242,38,139,-101
121000243,321,36,285
121000244,1,79,-78
121000245,7,13,-6
121000246,0,80,-80
121000247,14,2,12
121000248,693,560,133
121000249,59,270,-211
121000250,173,105,68
121000251,24,698,-674
121000252,25,29,-4
121000253,198,722,-524
121000254,324,269,55
121000255,158,176,-18
121000256,253,169,84
121000257,68,58,10
121000258,108,71,37
121000259,28,42,-14
121000260,55,148,-93
121000261,22,37,-15
121000262,1294,549,745
121000263,329,541,-212
121000271,243,1670,-1427
121000273,53,7,46
121000274,1,38,-37
121000275,2,39,-37
121000276,0,8,-8
121000278,49,69,-20
121000279,29,16,13
121000280,30,44,-14
121000289,165,25,140
121000290,1220,688,532
121000294,57,249,-192
121000297,1125,712,413
121000299,99,222,-123
121000300,815,796,19
121000302,460,1044,-584
121000303,1224,508,716
121000304,438,62,376
121000305,78,54,24
121000306,41,130,-89
121000308,149,359,-210
121000309,388,730,-342
121000310,55,466,-411
121000311,109,959,-850
121000312,369,168,201
121000313,658,603,55
121000314,214,121,93
121000315,69,94,-25
121000530,647,1424,-777
121000531,1101,1433,-332
121000532,5147,4362,785
121000533,2567,2345,222
121000918,7,285,-278
121000919,12,49,-37
121000938,1708,448,1260
121000939,2456,393,2063
121000956,391,1576,-1185
121000957,4,5,-1
121000958,90,32,58
121000959,271,1190,-919
121000960,1122,2512,-1390
121000961,94,37,57
121000962,313,712,-399
121000973,1,328,-327
121000976,8,180,-172
121000979,275,50,225
121000981,340,127,213
121000982,137,262,-125
121000983,261,502,-241
121000984,17,43,-26
121000985,231,879,-648
121000986,86,494,-408
121000987,186,1722,-1536
121000988,287,104,183
121001302,448,149,299
121001308,5,9,-4
121001309,114,82,32
121001313,63,434,-371
121001314,4777,4586,191
121001315,4786,1473,3313
121900001,49,181,-132
121900002,35,28,7
121900003,274,4,270
121900004,110,358,-248
121900005,6,4,2
121900006,74,19,55
121900007,2186,2383,-197
121900008,1693,95,1598
121900009,534,22,512
121900010,255,7,248
121900011,338,426,-88
121900012,3,0,3
121900013,950,24,926
121900014,990,384,606
121900015,126,177,-51
121900016,4,25,-21
121900017,223,483,-260
121900018,250,6,244
121900019,163,243,-80
121900020,22,2,20
121900021,632,7,625
121900022,147,170,-23
121900023,70,349,-279
121900024,368,58,310
121900025,434,312,122
121900026,185,37,148
121900027,239,110,129
121900028,287,13,274
121900029,107,231,-124
121900030,473,475,-2
121900031,991,3444,-2453
121900032,52,58,-6
121900033,146,114,32
121900034,177,81,96
121900035,2458,1547,911
121900036,50,310,-260
121900037,124,624,-500
121900038,26,159,-133
121900039,398,41,357
121900040,35,112,-77
121900041,95,148,-53
121900042,265,142,123
121900043,8,2,6
121900044,291,32,259
121900046,237,190,47
121900047,137,51,86
121900048,20,165,-145
121900050,9,31,-22
121900051,73,168,-95
121900052,45,26,19
121900053,286,211,75
121900054,403,726,-323
121900055,2,10,-8
121900058,64,294,-230
121900059,232,122,110
121900060,52,310,-258
121900061,129,108,21
121900062,140,73,67
121900063,754,253,501
121900064,132,821,-689
121900066,26,31,-5
121900067,4,29,-25
121900069,207,125,82
121900070,174,78,96
121900071,63,299,-236
121900072,22,140,-118
121900073,243,194,49
121900074,669,516,153
121900075,463,203,260
121900076,254,613,-359
121900077,4,26,-22
121900078,26,61,-35
121900079,0,0,0
121900080,433,425,8
121900082,25,87,-62
121900084,4,285,-281
121900085,0,20,-20
121900086,4,46,-42
121900087,241,116,125
121900088,2988,1819,1169
121900089,45,372,-327
121900090,10,138,-128
121900091,12,149,-137
121900092,30,117,-87
121900093,64,63,1
121900094,16,8,8
121900095,160,96,64
121900096,1586,483,1103
121900097,195,105,90
121900098,2,3,-1
121900099,94,90,4
121900100,212,200,12
121900101,102,105,-3
121900102,7,98,-91
121900103,454,196,258
121900104,733,182,551
121900105,66,72,-6
121900106,7,2,5
121900107,10,29,-19
121900108,1,16,-15
121900109,375,99,276
121900110,127,1490,-1363
121900111,925,117,808
121900112,299,111,188
121900113,36,195,-159
121900114,15,51,-36
121900117,220,30,190
121900118,2300,302,1998
121900119,70,148,-78
121900120,27,1576,-1549
121900121,571,69,502
121900122,13,36,-23
121900123,219,438,-219
121900124,83,163,-80
121900125,988,1146,-158
121900127,12,101,-89
121900128,40,152,-112
121900129,1173,86,1087
121900130,89,208,-119
121900131,144,79,65
121900132,30,151,-121
121900133,69,169,-100
121900134,6,107,-101
121900135,2592,281,2311
121900136,97,531,-434
121900137,26,282,-256
121900138,185,241,-56
121900139,275,390,-115
121900140,30,156,-126
121900141,30,27,3
121900142,43,115,-72
121900143,0,130,-130
121900144,185,324,-139
121900145,206,212,-6
121900146,543,839,-296
121900147,26,204,-178
121900148,147,209,-62
121900149,287,805,-518
121900150,63,155,-92
121900151,46,212,-166
121900152,70,152,-82
121900153,75,467,-392
121900154,9,95,-86
121900155,3,84,-81
121900156,175,126,49
121900157,7,423,-416
121900158,76,86,-10
121900159,0,153,-153
121900160,16,213,-197
121900161,518,271,247
121900162,120,102,18
121900163,63,747,-684
121900164,358,185,173
121900165,174,235,-61
121900166,64,202,-138
121900167,137,96,41
121900168,199,158,41
121900169,3,330,-327
121900170,3,147,-144
121900171,455,509,-54
121900172,282,264,18
121900173,909,193,716
121900174,19,26,-7
121900175,73,133,-60
121900176,479,1631,-1152
121900177,113,38,75
121900178,30,92,-62
121900179,214,135,79
121900180,6513,2450,4063
121900182,410,275,135
121900183,506,582,-76
121900184,38,558,-520
121900186,16,345,-329
121900187,17,122,-105
121900188,544,338,206
121900189,36,128,-92
121900190,141,436,-295
121900191,111,98,13
121900192,391,493,-102
121900193,15,237,-222
121900194,3,136,-133
121900195,154,114,40
121900196,759,902,-143
121900197,285,1939,-1654
121900198,934,890,44
121900199,2,16,-14
121900200,70,241,-171
121900201,1211,526,685
121900202,141,342,-201
121900203,300,671,-371
121900204,1167,716,451
121900205,9,105,-96
121900206,10,9,1
121900207,168,28,140
121900208,136,289,-153
121900209,48,20,28
121900210,934,1078,-144
121900211,13,88,-75
121900212,152,109,43
121900213,77,139,-62
121900214,4,343,-339
121900215,46,67,-21
121900216,26,70,-44
121900217,206,86,120
121900218,260,414,-154
121900220,145,17,128
121900221,239,670,-431
121900222,74,188,-114
121900223,73,61,12
121900224,48,38,10
121900225,77,52,25
121900226,199,897,-698
121900227,119,293,-174
121900228,260,316,-56
121900230,90,59,31
121900231,525,241,284
121900232,254,353,-99
121900233,215,266,-51
121900234,216,368,-152
121900235,228,274,-46
121900236,238,165,73
121900237,119,199,-80
121900238,151,212,-61
121900239,91,38,53
121900240,217,122,95
121900241,28,73,-45
121900242,4,0,4
121900243,5,1,4
121900244,7,2,5
121900245,150,176,-26
121900246,1071,423,648
121900247,242,276,-34
121900248,1488,730,758
121900250,331,247,84
121900251,360,21,339
121900252,872,119,753
121900253,97,738,-641
121900254,609,243,366
121900255,102,79,23
121900258,2465,1556,909
121900259,333,386,-53
121900260,44,162,-118
121900261,108,342,-234
121900262,353,553,-200
121900263,117,266,-149
121900264,2535,1283,1252
121900265,187,419,-232
121900266,152,198,-46
121900267,14,19,-5
121900269,140,255,-115
121900270,11,121,-110
121900271,20,175,-155
121900273,342,1192,-850
121900274,129,239,-110
121900277,307,1445,-1138
121900278,105,839,-734
121900279,129,274,-145
121900280,187,256,-69
121900281,607,72,535
121900284,212,12,200
121900286,50,234,-184
121900287,19,10,9
121900288,2,0,2
121900290,221,190,31
121900291,355,526,-171
121900292,140,58,82
121900293,905,3007,-2102
121900294,256,0,256
121900295,48,308,-260
121900296,193,33,160
121900298,375,387,-12
121900299,0,1,-1
121900300,1,0,1
121900301,12,2,10
121900302,0,80,-80
121900303,154,557,-403
121900304,0,4,-4
121900305,0,0,0
121900306,34,1,33
121900307,21,21,0
121900308,8,346,-338
121900309,14,267,-253
121900310,30,498,-468
121900311,114,8,106
121900312,71,4,67
121900313,183,20,163
121900314,1,80,-79
121900315,2,0,2
121900316,0,9,-9
121900317,0,0,0
121900318,1,12,-11
121900319,1,17,-16
121900320,44,50,-6
121900321,1,0,1
121900322,0,8,-8
121900323,14,15,-1
121900324,4,28,-24
121900325,5,0,5
121900326,0,19,-19
121900327,2,65,-63
121900328,0,30,-30
121900329,3,236,-233
121900330,0,80,-80
121900331,201,18,183
121900332,69,14,55
121900333,5,8,-3
122000001,2897,3074,-177
122000002,6181,1296,4885
122000003,2469,1458,1011
122000004,3185,988,2197
122000005,2817,822,1995
122000006,2221,371,1850
122000007,1031,918,113
122000008,6932,3302,3630
122000009,646,196,450
122000010,2089,2240,-151
122000011,3750,854,2896
122000012,1297,844,453
122000013,1964,1155,809
122000014,1493,1807,-314
122000015,1241,819,422
122000016,453,716,-263
122000017,1085,1160,-75
122000018,1291,1147,144
122000019,705,1542,-837
122000020,245,132,113
122000021,618,405,213
122000022,1285,1495,-210
122000023,509,2616,-2107
122000024,1013,650,363
122000025,2155,936,1219
122000026,2046,639,1407
122000027,721,4039,-3318
122000028,844,310,534
122000029,454,285,169
122000030,436,67,369
122000031,120,172,-52
122000032,1435,2546,-1111
122000033,739,638,101
122000034,552,545,7
122000035,381,640,-259
122000036,390,556,-166
122000037,302,282,20
122000038,306,381,-75
122000039,587,445,142
122000040,408,311,97
122000041,433,513,-80
122000042,263,361,-98
122000043,160,98,62
122000044,127,157,-30
122000045,1238,532,706
122000046,584,1079,-495
122000047,315,151,164
122000048,3151,3167,-16
122000049,5189,2453,2736
122000050,1324,453,871
122000051,293,282,11
122000052,485,173,312
122000053,102,473,-371
122000054,2107,1686,421
122000055,1999,2125,-126
122000056,4736,2840,1896
122000057,3583,2269,1314
122000058,4035,964,3071
122000059,3307,1131,2176
122000060,1050,465,585
122000061,617,177,440
122000062,1244,285,959
122000063,1137,403,734
122000064,3096,2719,377
122000065,5015,2943,2072
122000066,1267,1138,129
122000067,1296,1387,-91
122000068,792,1190,-398
122000069,563,729,-166
122000070,508,2946,-2438
122000071,921,1838,-917
122000072,284,253,31
122000073,358,370,-12
122000074,1856,1232,624
122000075,478,1200,-722
122000076,1468,1110,358
122000077,1204,584,620
122000078,2959,1406,1553
122000079,1274,661,613
122000080,739,291,448
122000081,170,205,-35
122000082,1162,688,474
122000083,1375,3893,-2518
122000084,912,805,107
122000085,197,1723,-1526
122000086,2122,3531,-1409
122000087,517,136,381
122000088,499,203,296
122000089,6656,2874,3782
122000090,323,264,59
122000091,350,72,278
122000092,153,25,128
122000093,1387,1041,346
122000094,7803,1489,6314
122000095,4127,1576,2551
122000096,3419,1030,2389
122000098,3493,1268,2225
122000099,2328,567,1761
122000100,1920,626,1294
122000101,281,881,-600
122000102,1483,1151,332
122000103,1588,1349,239
122000104,250,186,64
122000105,233,254,-21
122000106,634,478,156
122000107,866,430,436
122000108,324,851,-527
122000109,256,274,-18
122000110,288,571,-283
122000111,2588,1109,1479
122000112,709,1226,-517
122000113,433,630,-197
122000114,2898,1342,1556
122000115,1865,1052,813
122000116,456,464,-8
122000117,999,317,682
122000118,375,508,-133
122000119,3050,1536,1514
122000120,4177,2301,1876
122000121,5256,2176,3080
122000122,779,1207,-428
122000123,2646,1341,1305
122000124,1337,429,908
122000125,474,607,-133
122000126,795,642,153
122000127,2104,813,1291
122000128,751,893,-142
122000129,362,584,-222
122000130,2439,548,1891
122000131,2741,543,2198
122000132,1339,415,924
122000133,1150,2330,-1180
122000134,417,516,-99
122000135,593,927,-334
122000136,344,235,109
122000137,768,658,110
122000139,1435,2734,-1299
122000140,1131,428,703
122000141,5947,833,5114
122000142,567,582,-15
122000143,727,200,527
122000144,2652,777,1875
122000145,2568,686,1882
122000146,1250,929,321
122000147,906,323,583
122000148,2975,1207,1768
122000149,2265,1023,1242
122000150,1400,774,626
122000151,379,293,86
122000152,674,370,304
122000153,447,247,200
122000154,415,154,261
122000155,1680,1934,-254
122000156,2787,1864,923
122000157,2221,1188,1033
122000158,331,499,-168
122000159,1505,1523,-18
122000160,7521,870,6651
122000161,1604,583,1021
122000162,2221,1496,725
122000163,321,91,230
122000164,50,94,-44
122000165,690,698,-8
122000166,757,1019,-262
122000167,239,233,6
122000168,157,471,-314
122000169,537,167,370
122000170,263,303,-40
122000171,41,125,-84
122000172,1470,1402,68
122000173,1624,2058,-434
122000174,1771,689,1082
122000175,1353,285,1068
122000176,324,611,-287
122000177,1721,1205,516
122000178,3265,2109,1156
122000179,1979,2321,-342
122000180,2083,805,1278
122000181,2126,2366,-240
122000182,2936,1000,1936
122000183,1856,864,992
122000184,3622,2004,1618
122000185,1726,1084,642
122000186,613,769,-156
122000187,1437,1277,160
122000188,447,206,241
122000189,278,289,-11
122000190,931,935,-4
122000191,1093,390,703
122000192,1013,351,662
122000193,374,732,-358
122000194,543,164,379
122000195,94,463,-369
122000196,990,590,400
122000197,484,689,-205
122000198,559,1015,-456
122000199,314,262,52
122000200,1175,505,670
122000201,1347,1634,-287
122000202,1006,1093,-87
122000203,2742,1459,1283
122000204,1554,1815,-261
122000205,1539,1035,504
122000206,2064,998,1066
122000207,1148,1373,-225
122000208,1847,1452,395
122000209,2424,308,2116
122000210,1316,2049,-733
122000211,1160,1391,-231
122000212,535,398,137
122000213,1003,940,63
122000214,1642,1531,111
122000215,1932,1317,615
122000217,1894,1466,428
122000218,589,66,523
122000219,1662,1116,546
122000220,430,917,-487
122000221,138,448,-310
122000222,599,82,517
122000223,1031,520,511
122000225,675,269,406
122000226,1170,2035,-865
122000227,263,1800,-1537
122000228,326,503,-177
122000229,12,386,-374
122000230,78,914,-836
122000231,251,798,-547
122000232,548,1115,-567
122000233,0,156,-156
122000234,125,254,-129
122000235,318,203,115
122000236,394,209,185
122000237,54,53,1
122000238,92,171,-79
122000239,408,96,312
122000240,983,392,591
122000241,525,401,124
122000242,585,81,504
122000243,90,33,57
122000244,16,322,-306
122000245,21,155,-134
122000246,24,59,-35
122000247,513,509,4
122000248,1193,2255,-1062
122000249,379,517,-138
122000250,1313,515,798
122000251,295,355,-60
122000252,625,112,513
122000253,14,258,-244
122000254,115,73,42
122000255,539,2225,-1686
122000256,317,1549,-1232
122000257,115,476,-361
122000258,75,224,-149
122000259,10,725,-715
122000260,5,112,-107
122000261,2,182,-180
122000262,1,68,-67
122000263,134,113,21
122000264,465,449,16
122000265,1696,685,1011
122000266,3992,523,3469
122000267,62,145,-83
122000268,105,357,-252
122000269,631,278,353
122000270,486,128,358
122000271,276,1157,-881
122000272,265,1100,-835
122000273,225,491,-266
122000274,71,186,-115
122000275,19,162,-143
122000276,354,640,-286
122000277,624,1431,-807
122000278,462,1025,-563
122000279,151,802,-651
122000280,644,867,-223
122000281,660,722,-62
122000282,85,327,-242
122000283,183,69,114
122000284,100,94,6
122000285,404,108,296
122000286,64,166,-102
122000287,630,1365,-735
122000288,206,238,-32
122000291,679,477,202
122000293,343,396,-53
122000294,84,151,-67
122000295,1190,184,1006
122000296,32,536,-504
122000297,3173,1822,1351
122000299,460,435,25
122000300,815,603,212
122000301,15692,2556,13136
122000302,1057,663,394
122000303,4606,1269,3337
122000304,46,181,-135
122000305,536,346,190
122000306,15,843,-828
122000307,258,116,142
122000309,48,61,-13
122000310,14,22,-8
122000311,41,57,-16
122000312,58,25,33
122000313,16,40,-24
122000314,56,216,-160
122000315,148,12,136
122000316,299,256,43
122000317,667,153,514
122000318,409,450,-41
122000319,379,612,-233
122000320,294,2442,-2148
122000321,102,327,-225
122000322,2679,1891,788
122000323,1763,1269,494
122000324,1568,1060,508
122000325,934,939,-5
122000326,24,173,-149
122000327,245,401,-156
122000328,1356,1214,142
122000330,1931,636,1295
122000332,211,369,-158
122000333,10,207,-197
122000337,543,2518,-1975
122000338,359,520,-161
122000340,418,238,180
122000342,2844,1241,1603
122000343,411,1646,-1235
122000344,23,28,-5
122000345,10,47,-37
122000346,326,694,-368
122000348,590,848,-258
122000349,136,802,-666
122000351,74,239,-165
122000352,281,71,210
122000353,53,131,-78
122000355,91,192,-101
122000356,1728,886,842
122000357,26,21,5
122000358,0,135,-135
122000359,0,51,-51
122000360,0,50,-50
122000362,8,110,-102
122000364,76,539,-463
122000365,4,25,-21
122000366,7,2,5
122000368,362,916,-554
122000370,27,77,-50
122000371,6,0,6
122000372,3,0,3
122000381,33,341,-308
122000382,37,312,-275
122000384,4239,2088,2151
122000385,5,0,5
122000386,553,770,-217
122000387,379,579,-200
122000388,1575,330,1245
122000389,174,920,-746
122000390,272,230,42
122000391,195,67,128
122000392,178,229,-51
122000393,10,218,-208
122000394,240,352,-112
122000395,91,198,-107
122000396,263,122,141
122000397,34,149,-115
122000398,12,48,-36
122000399,70,78,-8
122000400,166,282,-116
122000401,81,104,-23
122000402,177,86,91
122000403,281,1376,-1095
122000404,99,282,-183
122000408,1089,1381,-292
122000503,6,73,-67
122000524,173,78,95
122000544,50,1498,-1448
122000616,912,3,909
122000640,20,211,-191
122000641,26,525,-499
122000642,763,1425,-662
122000643,12,107,-95
122000644,169,30,139
122000645,95,155,-60
122000651,2015,643,1372
122000664,143,43,100
122000665,1066,512,554
122000666,527,1093,-566
122000673,9,414,-405
122000674,47,42,5
122000675,890,1119,-229
122000686,216,1554,-1338
122000687,525,359,166
122000688,140,944,-804
122000689,293,686,-393
122000690,451,757,-306
122000691,266,3076,-2810
122000692,926,399,527
122000693,505,2225,-1720
122000695,148,676,-528
122000696,181,410,-229
122000698,103,1146,-1043
122000699,141,103,38
122000701,906,398,508
122000702,424,2323,-1899
122000703,182,53,129
122000717,170,63,107
122000718,408,380,28
122000719,42,45,-3
122000720,99,302,-203
122000724,144,20,124
122900001,9,3,6
122900002,1052,1646,-594
122900003,207,28,179
122900004,958,17,941
122900005,41,53,-12
122900006,552,499,53
122900007,133,9,124
122900008,499,101,398
122900009,841,287,554
122900010,148,122,26
122900012,289,411,-122
122900014,155,287,-132
122900015,2718,365,2353
122900016,54,336,-282
122900017,526,842,-316
122900018,221,15,206
122900019,6,172,-166
122900020,297,473,-176
122900021,50,621,-571
122900022,357,1152,-795
122900023,200,372,-172
122900024,111,84,27
122900025,21,186,-165
122900026,183,403,-220
122900027,52,623,-571
122900028,142,161,-19
122900029,4707,2088,2619
122900030,1482,421,1061
122900031,136,125,11
122900032,106,230,-124
122900033,151,203,-52
122900034,3822,3415,407
122900035,22,10,12
122900036,8,118,-110
122900037,300,152,148
122900038,124,1492,-1368
122900039,99,425,-326
122900040,162,356,-194
122900041,175,289,-114
122900042,129,371,-242
122900043,338,201,137
122900044,110,277,-167
122900045,90,78,12
122900046,58,105,-47
122900047,171,115,56
122900048,46,150,-104
122900049,1639,112,1527
122900051,86,94,-8
122900052,26,142,-116
122900053,20,14,6
122900055,237,109,128
122900057,219,18,201
122900061,420,112,308
122900062,279,364,-85
122900063,99,446,-347
122900064,844,738,106
122900065,271,101,170
122900066,293,177,116
122900067,1945,950,995
122900068,213,463,-250
122900069,165,889,-724
122900070,236,26,210
122900071,102,512,-410
122900072,5,644,-639
122900073,53,281,-228
122900074,152,944,-792
122900075,0,55,-55
122900076,10,179,-169
122900077,2,172,-170
122900078,25,150,-125
122900080,71,19,52
122900081,156,159,-3
122900082,549,223,326
122900083,138,108,30
122900084,3,257,-254
122900086,5,29,-24
122900087,76,612,-536
122900088,64,62,2
122900089,5,234,-229
122900090,6,634,-628
122900091,74,1,73
122900092,1,287,-286
122900093,1,395,-394
122900094,4,243,-239
122900095,82,2,80
122900096,82,335,-253
122900097,75,9,66
122900098,51,105,-54
122900099,5,2,3
122900100,258,178,80
122900101,849,238,611
122900102,4,5,-1
122900103,24,3,21
122900104,42,3,39
122900105,0,0,0
122900106,2,115,-113
122900107,3,301,-298
122900108,7,274,-267
123000001,2267,392,1875
123000002,6993,2426,4567
123000003,3799,2331,1468
123000004,3938,4980,-1042
123000005,2019,2121,-102
123000006,3211,3347,-136
123000007,2953,2305,648
123000008,2769,4439,-1670
123000009,4228,2963,1265
123000010,3836,4135,-299
123000011,2817,780,2037
123000012,1118,2594,-1476
123000013,2978,954,2024
123000014,1423,3920,-2497
123000015,5418,746,4672
123000016,7550,2553,4997
123000017,3315,1519,1796
123000018,61,88,-27
123000019,91,468,-377
123000020,56,145,-89
123000021,65,143,-78
123000022,472,755,-283
123000023,1025,1143,-118
123000024,809,460,349
123000025,8,85,-77
123000026,3,76,-73
123000027,230,432,-202
123000028,586,615,-29
123000029,528,597,-69
123000030,98,878,-780
123000031,133,461,-328
123000032,187,336,-149
123000033,139,42,97
123000034,677,542,135
123000035,198,255,-57
123000036,247,503,-256
123000037,150,330,-180
123000038,133,233,-100
123000039,550,772,-222
123000040,1079,324,755
123000041,996,491,505
123000042,763,478,285
123000043,4167,3757,410
123000044,6905,2222,4683
123000045,12978,1574,11404
123000046,1028,609,419
123000047,3244,1161,2083
123000048,79,338,-259
123000049,8279,3846,4433
123000050,781,975,-194
123000051,91,148,-57
123000052,608,2101,-1493
123000053,2536,2464,72
123000054,1261,1080,181
123000055,3182,1245,1937
123000056,1208,2020,-812
123000057,19676,4747,14929
123000058,622,533,89
123000059,366,423,-57
123000060,657,389,268
123000061,156,702,-546
123000063,835,610,225
123000064,706,201,505
123000065,10078,3612,6466
123000066,1286,810,476
123000067,332,659,-327
123000068,3393,3489,-96
123000069,9887,4137,5750
123000070,426,823,-397
123000071,545,1292,-747
123000072,898,1783,-885
123000073,654,859,-205
123000074,817,2190,-1373
123000075,385,708,-323
123000076,376,1289,-913
123000077,2107,4141,-2034
123000078,816,1903,-1087
123000079,841,2252,-1411
123000080,1681,3038,-1357
123000081,197,669,-472
123000082,420,1292,-872
123000083,824,149,675
123000084,217,704,-487
123000085,54,121,-67
123000086,151,572,-421
123000087,71,678,-607
123000088,846,1458,-612
123000089,356,1301,-945
123000090,1032,1358,-326
123000091,1624,1475,149
123000092,1381,1169,212
123000094,306,291,15
123000095,328,629,-301
123000096,332,465,-133
123000097,280,1342,-1062
123000098,484,712,-228
123000099,489,1066,-577
123000100,427,579,-152
123000101,607,482,125
123000102,655,599,56
123000104,354,289,65
123000105,685,560,125
123000106,492,289,203
123000107,535,567,-32
123000108,1134,1270,-136
123000111,473,249,224
123000112,463,560,-97
123000113,506,2181,-1675
123000114,405,385,20
123000115,184,296,-112
123000116,26,179,-153
123000117,1489,2392,-903
123000118,419,987,-568
123000119,208,1150,-942
123000120,374,1132,-758
123000121,382,563,-181
123000122,314,361,-47
123000123,454,579,-125
123000124,608,608,0
123000125,1306,670,636
123000126,2252,1762,490
123000127,1773,820,953
123000128,311,386,-75
123000129,223,170,53
123000130,331,66,265
123000131,496,428,68
123000132,475,559,-84
123000133,659,352,307
123000134,667,235,432
123000135,1204,1205,-1
123000136,199,1592,-1393
123000137,98,523,-425
123000138,40,530,-490
123000139,256,106,150
123000140,178,762,-584
123000141,809,107,702
123000142,1159,1157,2
123000143,1030,2636,-1606
123000144,23,6,17
123000145,219,137,82
123000146,66,96,-30
123000147,56,124,-68
123000149,277,302,-25
123000150,181,231,-50
123000151,435,377,58
123000152,86,384,-298
123000153,138,434,-296
123000154,2433,1435,998
123000155,2747,807,1940
123000156,54,87,-33
123000157,551,821,-270
123000158,862,497,365
123000159,3015,1580,1435
123000160,630,459,171
123000161,1045,760,285
123000162,422,1206,-784
123000163,239,64,175
123000164,691,207,484
123000165,297,2294,-1997
123000166,29,192,-163
123000167,98,346,-248
123000168,187,373,-186
123000169,413,103,310
123000170,25,333,-308
123000171,181,64,117
123000172,277,765,-488
123000173,524,152,372
123000174,616,183,433
123000175,957,1556,-599
123000176,936,116,820
123000177,390,1290,-900
123000178,511,73,438
123000179,25,928,-903
123000180,1066,242,824
123000181,366,1679,-1313
123000182,169,594,-425
123000183,138,198,-60
123000184,81,1000,-919
123000185,319,405,-86
123000186,6,813,-807
123000187,270,3,267
123000188,108,0,108
123000189,157,268,-111
123000190,23,61,-38
123000192,24,461,-437
123000193,32,702,-670
123000194,518,300,218
123000195,185,18,167
123000196,160,8,152
123000197,22,113,-91
123000198,6,199,-193
123000199,5,573,-568
123000200,231,5,226
123000201,428,10,418
123000202,26,1611,-1585
123000203,476,27,449
123000204,61,1428,-1367
123000205,346,2287,-1941
123000206,1030,114,916
123000207,71,1072,-1001
123000208,205,94,111
123000209,991,246,745
123000210,402,1821,-1419
123000211,669,3550,-2881
123000212,1550,308,1242
123000213,275,46,229
123000215,128,98,30
123000216,248,626,-378
123000217,175,33,142
123000218,93,407,-314
123000219,1137,27,1110
123000220,406,70,336
123000221,123,187,-64
123000222,211,870,-659
123000223,108,776,-668
123000224,299,727,-428
123000225,387,80,307
123000226,142,453,-311
123000227,55,485,-430
123000228,190,61,129
123000229,1231,2189,-958
123000232,70,610,-540
123000233,498,140,358
123000234,117,813,-696
123000235,301,328,-27
123000236,142,1115,-973
123000237,209,68,141
123000238,70,968,-898
123000239,419,2339,-1920
123000240,31,230,-199
123000241,1060,130,930
123000242,73,248,-175
123000243,299,1062,-763
123000244,690,453,237
123000245,93,174,-81
123000249,357,714,-357
123000252,624,159,465
123000253,496,337,159
123000254,451,1235,-784
123000255,692,717,-25
123000256,22,343,-321
123000257,3813,2613,1200
123000258,931,1390,-459
123000259,112,380,-268
123000260,298,797,-499
123000261,81,348,-267
123000262,133,246,-113
123000263,245,112,133
123000264,173,54,119
123000265,71,163,-92
123000266,405,662,-257
123000267,274,305,-31
123000268,18,89,-71
123000269,35,51,-16
123000270,19,31,-12
123000271,34,111,-77
123000272,726,195,531
123000273,175,448,-273
123000274,842,370,472
123000275,312,1236,-924
123000278,3591,2515,1076
123000279,42,115,-73
123000280,258,408,-150
123000281,157,66,91
123000282,51,302,-251
123000283,96,36,60
123000284,34,128,-94
123000286,274,268,6
123000287,596,267,329
123000288,827,524,303
123000289,429,743,-314
123000291,387,1011,-624
123000294,175,265,-90
123000295,799,1161,-362
123000296,173,635,-462
123000297,171,1075,-904
123000298,210,959,-749
123000299,40,341,-301
123000300,515,616,-101
123000301,61,158,-97
123000302,101,263,-162
123000303,57,153,-96
123000305,1156,781,375
123000306,36,324,-288
123000309,44,70,-26
123000310,72,20,52
123000311,0,175,-175
123000312,745,1135,-390
123000313,129,218,-89
123000315,192,485,-293
123000316,2022,22,2000
123000317,220,68,152
123000318,41,290,-249
123000329,5,16,-11
123000337,114,287,-173
123000338,461,98,363
123000339,75,287,-212
123000340,236,591,-355
123000342,2,7,-5
123000343,52,0,52
123000344,1193,420,773
123000345,460,607,-147
123000346,170,76,94
123000352,2473,885,1588
123000353,19,142,-123
123000354,114,7,107
123000355,1,419,-418
123000356,83,11,72
123000357,0,377,-377
123000359,2,310,-308
123000360,138,7,131
123000361,595,329,266
123000362,181,141,40
123000363,65,278,-213
123000364,414,334,80
123000365,26,257,-231
123000366,265,1299,-1034
123000367,256,1352,-1096
123000370,35,359,-324
123000371,449,30,419
123000372,194,17,177
123000373,3,610,-607
123000374,10,241,-231
123000375,226,16,210
123000376,519,433,86
123000377,246,15,231
123000378,9,536,-527
123000379,2,255,-253
123000380,70,197,-127
123000381,119,50,69
123000382,1510,56,1454
123000383,277,683,-406
123000384,477,113,364
123000385,552,702,-150
123000436,43,827,-784
123000507,264,406,-142
123000508,307,392,-85
123000517,315,17,298
123000518,36,250,-214
123000519,130,72,58
123000520,66,256,-190
123000521,298,78,220
123000522,205,618,-413
123000541,0,1,-1
123000542,2,37,-35
123000565,0,0,0
123000566,200,1040,-840
123000567,68,320,-252
123000573,36,1072,-1036
123000574,229,73,156
123000575,950,1508,-558
123000576,519,2261,-1742
123000577,104,542,-438
123000578,806,125,681
123000579,6562,2505,4057
123000580,71,8,63
123000582,327,30,297
123000583,12,705,-693
123000584,96,199,-103
123000585,0,131,-131
123000586,51,26,25
123000596,108,135,-27
123000597,32,66,-34
123000602,9,1,8
123000603,258,879,-621
123000604,265,1296,-1031
123000605,554,117,437
123000606,0,171,-171
123000609,26,470,-444
123000610,143,94,49
123000613,35,114,-79
123000614,146,50,96
123000615,25,155,-130
123000616,262,55,207
123000617,37,758,-721
123000618,57,851,-794
123000619,568,20,548
123000620,10,690,-680
123000622,282,17,265
123000624,105,39,66
123000630,488,377,111
123000631,191,2201,-2010
123000632,1087,1479,-392
123000633,1,203,-202
123000634,67,53,14
123000635,250,87,163
123000636,15,762,-747
123000637,115,161,-46
123000638,244,118,126
123000639,1085,1780,-695
123000640,30,1092,-1062
123900001,1853,80,1773
123900002,17,896,-879
123900003,354,831,-477
123900005,120,107,13
123900006,158,27,131
124000001,1461,107,1354
124000002,112,1983,-1871
124000003,333,134,199
124000004,56,852,-796
124000005,468,135,333
124000006,228,1923,-1695
124000007,540,90,450
124000008,15,519,-504
124000009,184,281,-97
124000010,94,582,-488
124000011,492,303,189
124000012,261,1000,-739
124000017,62,104,-42
124000018,75,143,-68
124000019,55,95,-40
124000020,52,261,-209
124000021,57,62,-5
124000022,118,336,-218
124000023,965,1303,-338
124000024,1050,712,338
124000025,1012,1099,-87
124000026,1133,999,134
124000027,5161,2874,2287
124000028,3007,3924,-917
124000030,3507,1213,2294
124000031,598,728,-130
124000032,5035,983,4052
124000033,5,67,-62
124000034,2409,575,1834
124000035,20,69,-49
124000036,69,141,-72
124000037,504,341,163
124000038,96,18,78
124000039,1282,268,1014
124000040,734,529,205
124000041,184,70,114
124000042,59,318,-259
124000043,83,80,3
124000044,51,281,-230
124000045,315,505,-190
124000046,162,852,-690
124000047,777,801,-24
124000048,451,2196,-1745
124000049,704,635,69
124000050,456,2711,-2255
124000051,393,452,-59
124000052,488,1765,-1277
124000053,519,678,-159
124000054,675,824,-149
124000055,970,1062,-92
124000056,4198,1628,2570
124000057,578,413,165
124000058,411,1606,-1195
124000059,428,537,-109
124000060,1094,1023,71
124000061,1153,2516,-1363
124000062,5520,1798,3722
124000063,1501,1773,-272
124000064,2784,2191,593
124000065,26,145,-119
124000066,453,156,297
124000067,45,328,-283
124000068,4,18,-14
124000069,61,42,19
124000070,23,137,-114
124000071,113,71,42
124000072,179,694,-515
124000073,531,68,463
124000074,133,1156,-1023
124000075,76,32,44
124000076,4,369,-365
124000077,1703,535,1168
124000078,3045,423,2622
124000079,750,1051,-301
124000080,270,163,107
124000081,174,1086,-912
124000082,5,107,-102
124000083,26,168,-142
124000084,90,256,-166
124000085,122,62,60
124000086,61,91,-30
124000087,89,58,31
124000088,191,309,-118
124000089,379,358,21
124000090,58,533,-475
124000091,265,144,121
124000092,77,838,-761
124000093,99,74,25
124000094,258,389,-131
124000095,61,95,-34
124000096,71,359,-288
124000097,41,96,-55
124000098,48,141,-93
124000099,155,116,39
124000100,84,171,-87
124000101,28,123,-95
124000102,72,84,-12
124000103,34,91,-57
124000104,93,84,9
124000105,37,69,-32
124000106,114,130,-16
124000107,13,81,-68
124000108,52,33,19
124000109,80,52,28
124000110,112,110,2
124000111,185,173,12
124000112,418,844,-426
124000113,30,50,-20
124000114,167,766,-599
124000115,314,833,-519
124000116,75,68,7
124000117,67,82,-15
124000118,17,50,-33
124000119,834,558,276
124000120,464,503,-39
124000121,1354,496,858
124000122,624,1163,-539
124000123,819,354,465
124000124,486,1048,-562
124000125,334,351,-17
124000126,423,586,-163
124000127,607,382,225
124000128,753,1175,-422
124000129,1489,1219,270
124000130,905,598,307
124000131,826,502,324
124000132,863,741,122
124000133,582,779,-197
124000134,799,758,41
124000135,1436,1405,31
124000136,1060,1073,-13
124000137,1245,567,678
124000138,1934,1001,933
124000139,389,19,370
124000140,32,436,-404
124000141,40,8,32
124000142,10,101,-91
124000143,15,17,-2
124000144,9,54,-45
124000145,50,37,13
124000146,14,134,-120
124000148,27,41,-14
124000149,853,241,612
124000150,335,536,-201
124000151,455,213,242
124000152,672,1110,-438
124000153,743,425,318
124000154,724,883,-159
124000155,1016,563,453
124000156,1325,1019,306
124000169,222,411,-189
124000170,682,488,194
124000171,197,283,-86
124000172,356,661,-305
124000173,241,282,-41
124000174,254,874,-620
124000175,8,166,-158
124000176,23,7,16
124000177,33,45,-12
124000178,20,19,1
124000190,273,37,236
124000191,361,81,280
124000192,2433,290,2143
124000193,434,1313,-879
124000194,399,648,-249
124000195,193,452,-259
124000196,788,1282,-494
124000197,55,81,-26
124000198,29,37,-8
124000201,234,1209,-975
124000202,439,122,317
124000203,77,1199,-1122
124000204,244,602,-358
124000205,58,735,-677
124000206,161,411,-250
124000207,0,57,-57
124000209,189,744,-555
124000210,135,190,-55
124000211,216,2,214
124000212,3,756,-753
124000213,169,423,-254
124000214,142,823,-681
124000215,80,9,71
124000216,8,678,-670
124000329,85,2770,-2685
124000338,37,1532,-1495
124000339,287,89,198
124000341,398,79,319
124000344,47,37,10
124000357,683,1345,-662
124000358,744,939,-195
124000359,615,391,224
124000360,441,303,138
124000361,1185,679,506
124000362,1666,2159,-493
124000363,324,419,-95
124000364,431,886,-455
124000365,686,1272,-586
124000366,1879,1021,858
124000367,95,636,-541
124000368,158,122,36
124000369,102,79,23
124000370,89,666,-577
124000402,21,7,14
124000403,19,24,-5
124000404,6,144,-138
124000405,995,698,297
124000406,1082,834,248
124000407,6,26,-20
124000411,2,550,-548
124000412,110,17,93
124000413,267,48,219
124000414,27,126,-99
124000415,41,236,-195
124000416,113,346,-233
124000417,101,129,-28
124000418,72,172,-100
124000419,56,214,-158
124000420,22,65,-43
124000421,15,334,-319
124000422,10,19,-9
124000423,97,36,61
124000424,0,128,-128
124000425,10,12,-2
124000426,0,61,-61
124000427,8,16,-8
124000428,7,23,-16
124000429,15,60,-45
124000430,443,838,-395
124000431,238,803,-565
124000432,121,966,-845
124000439,2,10,-8
124000443,0,5,-5
124000445,166,446,-280
124000446,2475,88,2387
124900001,253,250,3
124900002,122,538,-416
124900003,435,524,-89
124900004,239,380,-141
124900005,223,269,-46
124900006,297,381,-84
124900008,1049,421,628
124900009,109,170,-61
124900010,65,38,27
124900011,185,138,47
124900012,311,85,226
124900013,265,75,190
124900014,138,90,48
124900015,136,158,-22
124900016,30,51,-21
124900017,562,240,322
124900018,7,13,-6
124900020,41,25,16
124900021,103,27,76
124900022,19,3,16
124900024,110,4,106
124900026,68,16,52
124900027,71,170,-99
124900028,753,140,613
124900029,12,355,-343
124900030,2,153,-151
124900031,29,455,-426
124900032,218,166,52
124900033,43,492,-449
124900034,5,123,-118
124900035,116,482,-366
124900036,2,45,-43
124900037,145,330,-185
124900038,322,419,-97
124900039,0,14,-14
124900040,43,77,-34
124900041,183,1282,-1099
124900042,19,1,18
124900043,277,1249,-972
124900044,65,3,62
124900045,645,797,-152
124900046,1699,221,1478
124900047,118,223,-105
124900048,101,170,-69
124900050,130,285,-155
124900052,78,436,-358
124900053,30,480,-450
124900054,3156,295,2861
124900055,0,104,-104
124900057,10,86,-76
124900060,70,186,-116
124900061,20,4,16
124900062,41,10,31
124900066,1,12,-11
124900067,5,185,-180
124900068,187,254,-67
124900070,54,26,28
124900072,35,13,22
124900074,162,334,-172
124900075,100,234,-134
124900076,19,461,-442
124900077,26,113,-87
124900078,41,8,33
124900079,791,53,738
124900080,170,742,-572
124900081,449,214,235
124900082,245,1028,-783
124900083,151,525,-374
124900084,2859,114,2745
124900085,1450,240,1210
124900086,92,553,-461
124900087,590,71,519
124900088,746,92,654
124900089,1434,21,1413
124900090,169,211,-42
124900091,197,714,-517
124900092,134,569,-435
124900093,142,193,-51
124900094,142,290,-148
124900095,79,344,-265
124900096,649,162,487
124900097,193,60,133
124900098,148,479,-331
124900099,595,337,258
124900100,180,23,157
124900101,11,563,-552
124900102,99,5,94
124900103,76,274,-198
124900104,29,262,-233
124900105,52,151,-99
124900106,215,32,183
124900107,50,13,37
124900108,134,25,109
124900109,22,110,-88
124900110,96,410,-314
124900111,0,59,-59
124900112,52,915,-863
124900113,122,151,-29
124900114,220,38,182
124900115,44,24,20
124900116,62,74,-12
124900117,584,181,403
124900118,122,80,42
124900119,237,59,178
124900120,26,419,-393
124900121,63,128,-65
124900122,521,232,289
124900123,471,57,414
124900124,151,166,-15
129000186,101,38,63
204000001,19,10,9
204000002,7,5,2
204000003,82,4,78
204000004,10,1,9
204000005,349,267,82
204000006,764,845,-81
204000011,16,69,-53
204000012,33,130,-97
204000013,0,3,-3
204000019,409,523,-114
204000020,400,692,-292
204000021,1928,784,1144
204000022,320,489,-169
204000023,374,1593,-1219
204000031,81,36,45
204000032,523,46,477
204000034,17,271,-254
204000035,2,5,-3
204000036,9,20,-11
204000037,0,5,-5
204000038,2,25,-23
204000039,11,64,-53
204000040,2,39,-37
204000041,9,87,-78
204000042,21,17,4
204000043,16,6,10
204000044,19,3,16
204000045,20,14,6
204000046,14,3,11
204000057,4,82,-78
204000062,8,101,-93
204000068,19,133,-114
204000069,25,209,-184
204000070,37,160,-123
204000080,20,69,-49
204000085,1249,1864,-615
204000086,2827,2231,596
204000087,36,14,22
204000088,4,72,-68
204000090,4,406,-402
204000093,163,46,117
204000096,452,593,-141
204000097,173,27,146
204000099,712,1094,-382
204000100,614,908,-294
204000105,1875,1458,417
204000110,853,1569,-716
204000111,330,859,-529
204000112,1063,970,93
204000113,422,944,-522
204000114,565,410,155
204000115,266,311,-45
204000116,1283,450,833
204000119,1495,1311,184
204000132,310,235,75
204000133,420,250,170
204000134,260,136,124
204000135,304,94,210
204000136,178,197,-19
204000138,162,354,-192
204000140,97,47,50
204000141,62,44,18
204000144,2,25,-23
204000145,531,28,503
204000146,19,515,-496
204000147,23,184,-161
204000148,402,23,379
204000154,9,2,7
204000155,5,9,-4
204000177,108,61,47
204000179,5,3,2
204000180,1,33,-32
204000222,9,41,-32
204000235,6,13,-7
204000236,80,342,-262
204000238,41,33,8
204000240,357,78,279
204000263,384,1201,-817
204000268,945,343,602
204000308,172,14,158
204000317,7,86,-79
204000322,6,25,-19
204000323,24,12,12
204000328,177,42,135
204000329,61,76,-15
204000330,162,31,131
204000331,12,142,-130
204010341,12,256,-244
205000001,1213,1296,-83
205000013,8,103,-95
205000014,28,152,-124
205000015,42,287,-245
205000016,28,230,-202
205000017,30,133,-103
205000022,283,555,-272
205000025,1472,958,514
205000029,190,6,184
205000045,53,195,-142
205000046,80,557,-477
205000047,92,578,-486
205000048,175,1006,-831
205000049,125,735,-610
205000050,1073,268,805
205000059,1,260,-259
205000060,0,45,-45
205000061,3,26,-23
205000062,0,37,-37
205000063,9,96,-87
205000064,21,133,-112
205000065,62,886,-824
205000066,58,891,-833
205000067,73,1284,-1211
205000069,182,28,154
205000082,156,166,-10
205000110,68,211,-143
205000111,125,259,-134
205000112,111,149,-38
205000113,253,268,-15
205000121,164,53,111
205000123,48,230,-182
205000126,311,99,212
205000127,476,155,321
205000128,422,59,363
205000129,355,71,284
205000130,157,16,141
205000131,165,2,163
205000132,295,0,295
205000133,126,1,125
205000134,113,0,113
205000137,174,137,37
205000138,319,386,-67
205000139,40,110,-70
205000144,69,46,23
205000145,435,77,358
205000151,141,20,121
205000152,89,18,71
205000153,122,34,88
205000154,73,55,18
205000155,51,14,37
205000207,15,165,-150
205000233,8,0,8
205000234,0,1,-1
205000243,0,0,0
205000244,0,4,-4
205000245,18,343,-325
205000249,1,20,-19
205000250,1,0,1
205000264,6,110,-104
206000027,7,3,4
206000028,1,2,-1
206000043,10,183,-173
206000053,5,12,-7
206000054,6,25,-19
206000055,5,52,-47
206000075,8,7,1
206000076,21,11,10
206000077,17,3,14
206000078,20,1,19
206000079,13,1,12
206000082,427,17,410
206000100,65,837,-772
206000103,2,22,-20
206000104,29,31,-2
206000105,15,27,-12
206000106,15,35,-20
206000108,605,37,568
206000125,37,0,37
206000157,139,982,-843
206000170,1,285,-284
206000171,3,266,-263
206000172,12,1159,-1147
206000173,5,417,-412
206000174,9,210,-201
206000175,0,267,-267
206000176,13,482,-469
206000177,2,287,-285
206000178,1,247,-246
206000179,5,140,-135
206000180,24,277,-253
206000181,4,410,-406
206000182,18,441,-423
206000183,24,1379,-1355
206000184,2,536,-534
206000185,7,431,-424
206000186,122,1876,-1754
206000223,5,337,-332
206000226,46,2,44
206000227,20,0,20
206000237,26,438,-412
206000238,56,775,-719
206000239,559,2585,-2026
206000240,1,55,-54
206000241,0,176,-176
206000242,4,628,-624
206000243,11,510,-499
206000244,68,1177,-1109
206000245,301,38,263
206000246,49,4,45
206000247,81,7,74
206000248,157,12,145
206000252,74,16,58
206000258,18,54,-36
206000315,25,3,22
206000317,217,64,153
206000318,110,51,59
206000319,395,51,344
206000320,54,31,23
206000321,65,10,55
206000322,168,14,154
206000323,78,13,65
206000324,56,8,48
206000325,118,11,107
206000326,99,12,87
206000327,121,11,110
206000328,51,5,46
206000329,96,0,96
206000330,23,4,19
206000331,70,2,68
206000332,15,2,13
206000333,192,3,189
206000334,106,2,104
206000335,0,30,-30
206000361,5,299,-294
206000392,4,65,-61
206000405,88,1,87
206000441,14,12,2
206000498,17,0,17
206000515,151,12,139
206000530,75,37,38
206000531,156,60,96
206000532,2020,78,1942
206000535,375,2160,-1785
206000536,24,276,-252
206000537,13,190,-177
206000613,1103,133,970
207000001,86,392,-306
207000002,49,331,-282
207000003,137,236,-99
207000007,469,221,248
207000008,29,8,21
207000009,52,33,19
207000010,440,621,-181
207000012,238,183,55
207000015,319,1833,-1514
207000019,126,73,53
207000021,489,149,340
207000022,70,90,-20
207000023,111,60,51
207000024,6,13,-7
207000025,17,44,-27
207000026,91,53,38
207000027,22,90,-68
207000028,41,258,-217
207000029,257,432,-175
207000033,221,198,23
207000034,194,46,148
207000039,216,85,131
207000040,110,161,-51
207000041,43,69,-26
207000042,140,58,82
207000043,194,173,21
207000051,94,465,-371
207000052,26,209,-183
207000053,402,645,-243
207000054,38,124,-86
207000055,67,187,-120
207000056,270,388,-118
207000057,123,287,-164
207000058,60,432,-372
207000059,43,864,-821
207000060,49,249,-200
207000061,112,159,-47
207000062,93,45,48
207000063,112,137,-25
207000064,348,136,212
207000065,276,225,51
207000066,90,166,-76
207000067,51,83,-32
207000068,82,62,20
207000069,562,325,237
207000082,30,440,-410
207000083,62,488,-426
207000084,133,197,-64
207000085,142,16,126
207000086,68,7,61
207000106,14,41,-27
207000107,34,30,4
207000108,31,12,19
207000109,37,12,25
207000110,39,30,9
207000111,62,49,13
207000112,103,246,-143
207000114,16,27,-11
207000115,19,84,-65
207000116,5,206,-201
207000117,6,126,-120
207000118,2,94,-92
207000119,15,138,-123
207000123,164,18,146
207000124,66,17,49
207000125,40,33,7
207000126,87,18,69
207000134,26,272,-246
207000135,23,340,-317
207000148,36,148,-112
207000149,68,39,29
207000152,165,428,-263
207000153,1151,952,199
207000154,268,116,152
207000159,56,335,-279
207000160,75,735,-660
207000238,1,64,-63
207000242,1,203,-202
207000248,22,21,1
207000249,144,63,81
207000250,685,56,629
207000251,82,65,17
207000252,75,94,-19
207000278,49,98,-49
207000279,11,257,-246
207000280,181,53,128
207000281,59,1395,-1336
207000282,127,39,88
207000283,137,244,-107
207000284,71,85,-14
207000285,201,54,147
207000291,12,130,-118
207000304,121,38,83
207000306,53,380,-327
207000310,58,82,-24
207000353,153,1,152
207000356,10,16,-6
207000357,7,11,-4
207000358,28,7,21
207000415,5,184,-179
207000417,22,3,19
207000418,85,156,-71
207000438,0,1,-1
207000439,1122,319,803
207000446,145,4,141
207000460,4,3,1
207000466,172,215,-43
207000467,85,92,-7
207000468,20,632,-612
207000476,2,79,-77
207000477,218,116,102
207000478,0,12,-12
207000523,0,8,-8
207000524,10,0,10
207000527,61,158,-97
207000530,147,4,143
207000531,145,9,136
207000532,96,13,83
207000534,657,53,604
207000535,34,194,-160
207000537,43,110,-67
207000540,11,165,-154
207000541,2,317,-315
207000548,5,365,-360
207000549,97,11,86
207000561,70,87,-17
207000562,33,203,-170
207000567,153,265,-112
207000568,62,167,-105
207000569,112,1509,-1397
207000584,396,124,272
207000585,71,211,-140
207000616,1,187,-186
207000617,106,12,94
207900008,85,312,-227
208000001,383,613,-230
208000002,406,390,16
208000003,634,442,192
208000004,870,600,270
208000005,10,19,-9
208000019,431,886,-455
208000020,179,403,-224
208000021,113,552,-439
208000022,521,690,-169
208000028,1330,964,366
208000033,326,670,-344
208000034,878,1571,-693
208000037,324,34,290
208000040,87,183,-96
208000041,1524,488,1036
208000042,822,534,288
208000047,88,361,-273
208000064,2946,1283,1663
208000066,1347,926,421
208000070,174,517,-343
208000071,291,785,-494
208000072,316,1188,-872
208000080,116,285,-169
208000081,143,163,-20
208000082,180,401,-221
208000083,79,454,-375
208000084,16,19,-3
208000085,889,565,324
208000086,374,826,-452
208000087,395,730,-335
208000089,629,668,-39
208000090,402,1059,-657
208000093,126,95,31
208000094,259,538,-279
208000095,473,392,81
208000104,748,897,-149
208000105,522,1067,-545
208000114,69,146,-77
208000115,452,422,30
208000116,170,933,-763
208000117,69,119,-50
208000118,37,65,-28
208000155,503,940,-437
208000158,1689,2277,-588
208000186,3285,1729,1556
208000204,338,898,-560
208000205,706,1254,-548
208000282,3574,1092,2482
209000004,146,168,-22
209000005,23,25,-2
209000006,447,96,351
209000007,222,197,25
209000010,492,149,343
209000011,131,248,-117
209000012,214,225,-11
209000013,145,683,-538
209000014,735,1931,-1196
209000025,144,22,122
209000026,388,88,300
209000027,247,1109,-862
209000028,304,1085,-781
209000029,644,1005,-361
209000030,468,1875,-1407
209000031,3852,3068,784
209000034,110,123,-13
209000035,100,103,-3
209000036,63,93,-30
209000037,91,144,-53
209000038,84,135,-51
209000039,28,151,-123
209000040,279,456,-177
209000041,160,311,-151
209000042,160,292,-132
209000043,694,547,147
209000044,161,502,-341
209000045,883,450,433
209000046,251,397,-146
209000047,253,200,53
209000048,328,323,5
209000049,91,165,-74
209000050,208,215,-7
209000051,250,331,-81
209000052,92,377,-285
209000062,30,207,-177
209000063,22,125,-103
209000064,17,182,-165
209000065,21,45,-24
209000066,24,36,-12
209000067,43,46,-3
209000080,11,164,-153
209000082,55,40,15
209000091,45,126,-81
209000093,89,34,55
209000094,221,134,87
209000110,35,59,-24
209000111,483,838,-355
209000112,466,382,84
209000113,1011,397,614
209000114,260,215,45
209000115,90,195,-105
209000116,694,645,49
209000118,20,52,-32
209000119,33,8,25
209000121,126,771,-645
209000135,40,62,-22
209000142,627,695,-68
209000143,104,120,-16
209000144,42,77,-35
209000229,200,152,48
209000240,41,454,-413
209000259,151,102,49
209000260,65,1077,-1012
209000261,6,728,-722
209000262,3,616,-613
209000263,0,110,-110
209000264,0,56,-56
209000265,616,1,615
209000266,63,4,59
209000267,330,12,318
209000268,622,53,569
210000037,64,22,42
210000047,49,22,27
210000048,47,24,23
210000049,53,22,31
210000052,19,161,-142
210000053,8,96,-88
210000054,55,64,-9
210000070,56,2,54
210000071,32,1,31
210000072,13,0,13
210000073,0,21,-21
210000074,0,130,-130
210000075,1,52,-51
210000076,5,200,-195
210000077,38,23,15
210000078,46,25,21
210000079,8,13,-5
210000080,118,56,62
210000081,72,8,64
210000082,43,1,42
210000083,57,0,57
210000084,12,0,12
210000085,0,99,-99
210000086,2,180,-178
210000099,32,261,-229
210000100,31,240,-209
210000101,79,251,-172
210000105,35,167,-132
210000159,2,127,-125
210000163,150,192,-42
210000164,354,91,263
210000168,134,27,107
210000187,0,7,-7
210000188,0,19,-19
210000214,63,0,63
210000219,19,42,-23
210000220,32,90,-58
210000232,1,23,-22
210000233,20,46,-26
210000234,25,154,-129
210000235,34,150,-116
210000245,1,23,-22
210000246,36,1,35
210000258,13,126,-113
210000259,253,11,242
210000282,86,227,-141
210000285,1,101,-100
210000286,10,177,-167
210000290,0,4,-4
210000295,40,141,-101
210000296,48,51,-3
210000320,128,155,-27
210000321,54,85,-31
210000338,54,80,-26
210000339,661,711,-50
210000340,147,208,-61
210000341,144,236,-92
210000342,111,225,-114
210000343,135,186,-51
210000344,166,92,74
210000345,166,120,46
210000346,60,82,-22
210000347,155,33,122
210000348,64,16,48
210000349,101,30,71
210000350,67,69,-2
210000351,83,94,-11
210000352,47,88,-41
210000353,17,118,-101
210000354,43,89,-46
210000355,59,67,-8
210000356,73,88,-15
210000357,46,35,11
210000358,390,83,307
210000359,92,41,51
210000360,145,79,66
210000361,122,151,-29
210000362,151,139,12
210000363,812,134,678
210000364,116,131,-15
210000365,66,55,11
210000366,103,57,46
210000367,64,22,42
210000368,116,28,88
210000369,22,37,-15
210000370,34,56,-22
210000372,31,29,2
210000373,54,8,46
210000374,57,24,33
210000375,31,80,-49
210000376,47,154,-107
210000404,122,130,-8
210000439,9,61,-52
210000472,82,1,81
210000482,73,51,22
210000564,691,158,533
210000567,0,9,-9
210000568,521,3,518
211000092,28,86,-58
211000094,156,18,138
211000169,186,15,171
211000172,9,231,-222
211000209,0,31,-31
211000226,10,31,-21
211000270,13,11,2
211000275,9,27,-18
211000276,77,35,42
211000279,5,48,-43
211000281,47,62,-15
211507980,1,34,-33
211977296,8,3,5
212000003,79,66,13
212000004,47,22,25
212000005,22,24,-2
212000006,23,75,-52
212000008,95,235,-140
212000009,20,164,-144
212000012,56,83,-27
212000013,7,39,-32
212000014,189,151,38
212000015,153,205,-52
212000016,311,468,-157
212000027,345,419,-74
212000028,161,383,-222
212000029,119,281,-162
212000030,37,33,4
212000031,36,80,-44
212000048,24,76,-52
212000049,7,58,-51
212000050,14,9,5
212000051,121,257,-136
212000052,98,441,-343
212000053,263,625,-362
212000054,95,146,-51
212000055,114,258,-144
212000056,7,45,-38
212000057,8,55,-47
212000058,305,48,257
212000070,67,347,-280
212000077,82,766,-684
212000099,156,226,-70
212000108,147,192,-45
212000111,98,147,-49
212000120,107,108,-1
212000138,71,22,49
212000156,3,119,-116
212000158,4,13,-9
212000159,169,55,114
212000160,318,186,132
212000161,32,7,25
212000310,27,24,3
212000311,3,94,-91
212000374,18,12,6
213000001,19,719,-700
213000005,324,82,242
213000006,1200,120,1080
213000007,71,3,68
213000009,526,192,334
213000010,136,134,2
213000011,194,100,94
213000012,112,582,-470
213000014,29,6,23
213000015,125,4,121
213000016,177,1,176
213000017,14,0,14
213000018,2,236,-234
213000019,0,124,-124
213000020,47,373,-326
213000021,2,99,-97
213000023,224,163,61
213000033,176,676,-500
213000034,410,251,159
213000035,89,130,-41
213000045,78,272,-194
213000046,89,211,-122
213000047,454,723,-269
213000056,32,39,-7
213000069,29,2,27
213000073,0,18,-18
213000074,199,625,-426
213000075,473,13,460
213000076,14,1,13
213000085,2,30,-28
213000086,11,255,-244
213000091,54,14,40
213000092,76,16,60
213000099,101,793,-692
213000100,1189,202,987
213000101,111,157,-46
213000102,180,446,-266
213000103,627,828,-201
213000104,63,508,-445
213000105,1,73,-72
213000106,15,184,-169
213000107,75,811,-736
213000108,14,534,-520
213000109,1,281,-280
213000110,5,66,-61
213000111,6,53,-47
213000112,164,123,41
213000115,33,5,28
213000116,144,822,-678
213000117,4,937,-933
213000118,237,285,-48
213000119,46,931,-885
213000120,67,820,-753
213000122,184,1117,-933
213000123,701,2204,-1503
213000124,54,2111,-2057
213000125,123,15,108
213000126,116,97,19
213000127,217,129,88
213000128,784,531,253
213000129,535,330,205
213000130,299,164,135
213000132,121,86,35
213000133,193,84,109
213000134,442,43,399
213000136,244,18,226
213000137,411,70,341
213000139,380,12,368
213000147,23,1,22
213000148,28,4,24
213000149,39,5,34
213000150,0,60,-60
213000151,1,65,-64
213000152,1,67,-66
213000153,0,38,-38
213000154,8,205,-197
213000155,25,418,-393
213000156,58,534,-476
213000157,527,691,-164
213000158,238,752,-514
213000159,385,555,-170
213000163,350,119,231
213000165,665,130,535
213000171,3,141,-138
213000172,7,416,-409
213000173,6,414,-408
213000174,0,321,-321
213000175,7,187,-180
213000176,21,32,-11
213000177,27,4,23
213000178,56,4,52
213000179,107,2,105
213000180,51,0,51
213000184,74,476,-402
213000188,390,81,309
213000189,129,55,74
213000190,699,925,-226
213000191,146,633,-487
213000192,100,740,-640
213000193,1197,168,1029
213000194,0,29,-29
213000195,13,422,-409
213000196,135,1015,-880
213000197,293,228,65
213000198,38,0,38
213000200,74,1119,-1045
213000201,122,50,72
213000202,12,748,-736
213000203,2542,343,2199
213000204,403,31,372
213000205,204,55,149
213000206,159,43,116
213000207,21,3,18
213000208,92,1,91
213000209,60,2,58
213000210,185,2,183
213000211,1,9,-8
213000212,16,17,-1
213000213,5,30,-25
213000218,178,1006,-828
213000219,459,15,444
213000220,347,28,319
213000223,212,80,132
213000224,103,37,66
213000225,35,2,33
213000226,24,3,21
213000227,423,162,261
213000228,121,53,68
213000229,863,24,839
213000230,175,16,159
213000232,71,284,-213
213000233,1,26,-25
213000234,4,16,-12
213000293,11,46,-35
213000294,69,8,61
213000295,10,74,-64
213000296,86,8,78
213000297,7,82,-75
213000298,22,104,-82
213000299,67,27,40
213000300,19,3,16
213000303,1,29,-28
213000304,0,2,-2
213000305,4,20,-16
213000306,53,25,28
213000307,270,86,184
213000308,107,362,-255
213000309,96,52,44
213000310,208,136,72
213000311,311,598,-287
213000315,78,131,-53
213000316,56,60,-4
213000322,84,157,-73
213000323,34,82,-48
213000324,43,71,-28
213000325,13,128,-115
213000326,12,61,-49
213000327,17,80,-63
213000328,8,84,-76
213000329,30,49,-19
213000340,101,984,-883
213000341,171,74,97
213000346,172,116,56
213000347,958,129,829
213000348,61,208,-147
213000349,115,29,86
213000350,213,1565,-1352
213000366,36,322,-286
213000367,100,27,73
213000379,228,273,-45
213000386,7,219,-212
213000406,105,400,-295
213000417,748,347,401
213000425,65,94,-29
213000426,50,110,-60
213000427,37,396,-359
213000428,23,268,-245
213000429,47,2,45
213000430,83,1300,-1217
213000431,90,0,90
213000432,0,5,-5
213000433,3,157,-154
213000434,46,109,-63
213000435,59,122,-63
213000436,3,100,-97
213000437,0,30,-30
213000438,89,132,-43
213000439,32,6,26
213000440,2,217,-215
213000441,2,1,1
213000442,2,62,-60
213000443,461,367,94
213000444,18,79,-61
213000445,0,110,-110
213000446,0,5,-5
213000447,0,81,-81
213000448,2,55,-53
213000449,108,4,104
213000450,26,32,-6
213000451,94,65,29
213000452,12,12,0
213000453,23,384,-361
213000455,701,31,670
213000456,1,408,-407
213000481,11,2,9
213000482,96,2,94
213000489,639,26,613
213000491,0,71,-71
213000492,141,2,139
213000493,1,62,-61
213000494,87,174,-87
213000495,1,181,-180
213000496,191,239,-48
213000497,25,470,-445
213000498,58,348,-290
213000499,99,837,-738
213000500,174,107,67
213000501,57,36,21
213000502,129,51,78
213000503,2,89,-87
213000504,35,262,-227
213000505,10,2,8
213000506,0,10,-10
213000507,3,190,-187
213900016,0,9,-9
213900244,2,0,2
213900245,0,34,-34
218000003,34,21,13
218000004,25,15,10
218000005,14,22,-8
218000006,59,20,39
218000007,2,16,-14
218000012,271,125,146
218000013,53,116,-63
218000014,467,339,128
218000019,866,421,445
218000020,235,332,-97
218000021,41,145,-104
218000022,12,53,-41
218000023,3,58,-55
218000024,5,23,-18
218000025,9,45,-36
218000026,6,102,-96
218000027,4,38,-34
218000028,6,10,-4
218000029,1,9,-8
218000030,21,44,-23
218000031,7,75,-68
218000032,3,49,-46
218000040,12,3,9
218000046,28,164,-136
218000047,19,177,-158
218000048,63,185,-122
218000049,107,152,-45
218000050,322,273,49
218000051,58,329,-271
218000052,4,112,-108
218000053,11,15,-4
218000054,35,40,-5
218000055,5,11,-6
218000056,8,37,-29
218000057,3,31,-28
218000064,6,8,-2
218000065,23,66,-43
218000066,12,79,-67
218000067,25,92,-67
218000068,77,92,-15
218000069,97,190,-93
218000070,82,319,-237
218000071,148,257,-109
218000072,370,293,77
218000078,441,1312,-871
218000079,35,82,-47
218000080,64,62,2
218000081,248,350,-102
218000082,14,162,-148
218000083,11,59,-48
218000084,51,229,-178
218000085,99,577,-478
218000086,29,225,-196
218000087,138,246,-108
218000090,6,85,-79
218000091,627,423,204
218000092,27,142,-115
218000093,50,142,-92
218000094,434,761,-327
218000099,286,383,-97
218000100,162,247,-85
218000101,89,210,-121
218000102,165,387,-222
218000103,72,180,-108
218000104,22,72,-50
218000105,30,5,25
218000106,13,16,-3
218000107,36,98,-62
218000108,22,70,-48
218000112,66,27,39
218000117,44,72,-28
218000134,498,924,-426
218000135,19,93,-74
218000136,206,54,152
218000137,101,172,-71
218000138,5,111,-106
218000139,78,401,-323
218000140,152,208,-56
218000141,25,87,-62
218000142,126,272,-146
218000143,44,192,-148
218000144,11,54,-43
218000145,180,424,-244
218000146,49,158,-109
218000151,8,13,-5
218000152,32,59,-27
218000153,1,4,-3
218000154,5,1,4
218000155,6,3,3
218000156,31,11,20
218000157,7,24,-17
218000158,3,6,-3
218000159,1,11,-10
218000160,3,12,-9
218000161,22,7,15
218000162,13,11,2
218000163,4,2,2
218000164,18,19,-1
218000165,28,41,-13
218000170,3,31,-28
218000171,32,8,24
218000172,12,19,-7
218000173,63,19,44
218000174,2,1,1
218000176,56,9,47
218000177,211,90,121
218000178,50,95,-45
218000179,39,59,-20
218000180,34,23,11
218000181,64,42,22
218000187,1,10,-9
218000188,35,61,-26
218000189,13,80,-67
218000190,14,26,-12
218000191,56,85,-29
218000192,105,581,-476
218000193,303,592,-289
218000194,24,510,-486
218000195,91,105,-14
218000196,191,242,-51
218000197,164,369,-205
218000198,3,106,-103
218000199,54,18,36
218000200,55,45,10
218000201,8,3,5
218000202,116,164,-48
218000207,7,64,-57
218000208,36,89,-53
218000211,35,14,21
218000212,4,10,-6
218000213,123,48,75
218000214,3,15,-12
218000215,68,134,-66
218000217,4,100,-96
218000218,216,68,148
218000219,19,11,8
218000220,101,315,-214
218000221,590,131,459
218000222,36,8,28
218000223,28,66,-38
218000224,2,76,-74
218000225,115,15,100
218000226,49,55,-6
218000230,0,6,-6
218000232,35,63,-28
218000239,57,3,54
218000240,8,4,4
218000241,9,0,9
218000242,32,0,32
218000243,36,1,35
218000244,5,2,3
218000245,3,2,1
218000246,0,0,0
218000247,0,0,0
218000248,0,38,-38
218000249,1,1,0
218000250,2,20,-18
218000251,4,15,-11
218000252,0,8,-8
218000253,3,12,-9
218000254,0,22,-22
218000255,1,22,-21
218000256,17,39,-22
218000267,846,1158,-312
218000268,8,65,-57
218000269,5,22,-17
218000270,21,96,-75
218000271,18,83,-65
218000273,5,10,-5
218000274,16,4,12
218000275,10,42,-32
218000276,6,71,-65
218000278,5,25,-20
218000279,41,69,-28
218000280,28,35,-7
218000281,39,12,27
218000282,347,206,141
218000284,110,8,102
218000301,41,144,-103
218000302,75,61,14
218000303,66,55,11
218000316,572,1181,-609
218000317,526,1205,-679
218000318,276,903,-627
218000319,487,1527,-1040
218000320,463,721,-258
218000338,67,21,46
218000345,144,40,104
218000346,31,135,-104
218000459,53,284,-231
218000490,51,83,-32
218000501,40,24,16
218000502,29,117,-88
218000503,45,16,29
218000504,119,4,115
218000505,43,163,-120
218000506,23,174,-151
218000508,37,3,34
218000510,167,5,162
218000520,78,78,0
218000521,2,78,-76
218000522,0,176,-176
218000523,88,1,87
218000524,77,129,-52
218000525,138,9,129
218000526,76,93,-17
218000529,23,308,-285
218000530,2,7,-5
218000531,1,47,-46
218000532,10,22,-12
218000534,45,16,29
218000537,0,37,-37
218000538,149,187,-38
218000540,360,104,256
218000543,73,51,22
218000544,49,148,-99
218000545,18,67,-49
218000546,33,125,-92
218000547,48,98,-50
218000548,78,240,-162
218000549,256,85,171
218000550,147,525,-378
218000551,247,335,-88
218000552,599,34,565
218000553,53,97,-44
218000554,18,26,-8
218000555,10,48,-38
218000556,88,511,-423
218000557,130,135,-5
218000558,58,0,58
218000559,0,28,-28
218000560,0,10,-10
218000561,23,1,22
218000562,14,222,-208
218000563,94,22,72
218000564,5,106,-101
218000565,345,22,323
218000566,1008,39,969
218000567,12,58,-46
218000568,4,1,3
218000569,17,90,-73
218000570,173,8,165
218000571,0,90,-90
218000572,63,2,61
218000573,25,63,-38
218000574,252,63,189
218000575,106,2,104
218000576,0,90,-90
218000577,24,1,23
218000578,0,113,-113
218000579,62,4,58
218000581,4,88,-84
218000582,9,4,5
218000583,8,0,8
218000584,0,28,-28
218000585,14,2,12
218000586,6,56,-50
218000587,2,3,-1
218000588,0,4,-4
218000589,0,2,-2
218000590,1,0,1
218000591,1,4,-3
218000592,5,1,4
218000593,0,1,-1
218000594,0,0,0
218000595,0,0,0
218000596,0,0,0
218000597,0,0,0
218000598,0,0,0
218000599,0,0,0
218000600,1,0,1
218000601,0,0,0
218000602,0,2,-2
218000603,0,4,-4
218000604,3,1,2
218000605,0,18,-18
218000606,24,0,24
218000607,14,23,-9
218000608,40,11,29
218000609,1,38,-37
218000610,25,2,23
218000611,20,2,18
218000612,2,27,-25
218000613,15,0,15
218000614,0,70,-70
218000615,35,0,35
218000616,6,141,-135
218000617,5,3,2
218000618,0,9,-9
218000619,7,32,-25
218000620,4,38,-34
218000621,0,2,-2
218000622,0,18,-18
218000623,3,0,3
218000624,0,6,-6
218000625,14,0,14
218000626,1,5,-4
218000628,60,27,33
218000631,19,12,7
218000632,0,51,-51
218000633,38,0,38
218000634,2,10,-8
218000635,3,6,-3
218000636,550,1635,-1085
218000637,698,710,-12
218000638,79,68,11
218000639,26,289,-263
218000640,88,24,64
218000641,68,449,-381
218000652,102,140,-38
218000653,82,39,43
218000663,4,86,-82
218000675,55,42,13
218000676,3,43,-40
218000677,0,17,-17
218000680,140,572,-432
218000681,229,63,166
218000691,70,471,-401
218000693,50,99,-49
218000703,12,74,-62
218000718,1256,324,932
218000719,1720,61,1659
218000720,10,46,-36
218000721,43,8,35
218000725,4,17,-13
218001214,23,29,-6
218001258,11,6,5
218001329,88,73,15
218001330,164,91,73
218001351,8,5,3
218001352,8,14,-6
218001353,7,10,-3
218001354,2,19,-17
218001356,89,4,85
218001358,44,6,38
218001361,49,83,-34
219000001,37,67,-30
219000002,25,69,-44
219000003,50,20,30
219000004,37,30,7
219000017,83,17,66
219000020,51,27,24
219000022,116,2,114
219000023,105,2,103
219000029,0,101,-101
219000034,14,10,4
219000039,27,90,-63
219000040,36,22,14
219000041,70,44,26
219000051,0,68,-68
219000052,2,28,-26
219000053,2,241,-239
219000054,32,138,-106
219000055,36,5,31
219000056,4,0,4
219000057,27,0,27
219000062,8,216,-208
219000063,41,5,36
219000064,1,45,-44
219000110,211,39,172
219000111,88,21,67
219000112,161,56,105
219000113,123,49,74
219000114,275,51,224
219000116,61,23,38
219000117,139,83,56
219000118,50,63,-13
219000123,191,79,112
219000124,56,46,10
219000125,6,21,-15
219000126,46,84,-38
219000127,1,2,-1
219000128,21,73,-52
219000129,26,113,-87
219000130,891,619,272
219000131,765,680,85
219000133,40,21,19
219000134,7,9,-2
219000135,11,39,-28
219000136,124,125,-1
219000138,50,22,28
219000139,11,48,-37
219000140,9,0,9
219000141,6,123,-117
219000142,14,90,-76
219000143,22,122,-100
219000145,7,47,-40
219000146,6,68,-62
219000147,1,61,-60
219000148,3,67,-64
219000149,22,197,-175
219000150,5,147,-142
219000151,14,82,-68
219000157,137,136,1
219000158,79,263,-184
219000161,106,15,91
219000163,1697,383,1314
219000166,68,177,-109
219000167,84,262,-178
219000168,285,62,223
219000174,168,80,88
219000175,24,4,20
219000176,33,2,31
219000177,9,0,9
219000178,15,2,13
219000179,3,3,0
219000180,51,31,20
219000182,67,9,58
219000183,18,34,-16
219000184,30,3,27
219000185,1,134,-133
219000186,18,68,-50
219000187,8,173,-165
219000189,166,118,48
219000190,148,169,-21
219000191,1709,673,1036
219000192,119,57,62
219000193,611,128,483
219000195,3,69,-66
219000196,2,118,-116
219000198,27,132,-105
219000199,94,186,-92
219000200,35,186,-151
219000201,84,222,-138
219000203,24,83,-59
219000204,71,145,-74
219000205,31,234,-203
219000207,159,186,-27
219000209,16,99,-83
219000210,29,146,-117
219000213,5,287,-282
219000239,135,268,-133
219000240,178,304,-126
219000241,145,246,-101
219000242,50,244,-194
219000243,49,284,-235
219000244,7,110,-103
219000245,17,32,-15
219000246,28,6,22
219000247,53,13,40
219000248,378,200,178
219000249,111,55,56
219000250,136,82,54
219000251,435,113,322
219000252,149,124,25
219000253,144,48,96
219000255,24,60,-36
219000256,69,61,8
219000257,52,0,52
219000262,63,301,-238
219000263,37,236,-199
219000267,0,146,-146
219000268,0,13,-13
219000269,8,0,8
219000270,12,0,12
219000271,49,3,46
219000278,0,12,-12
219000279,0,5,-5
219000283,0,16,-16
219000295,13,103,-90
219000296,75,592,-517
219000297,11,157,-146
219000298,16,253,-237
219000299,297,41,256
219000300,11,310,-299
219000301,143,334,-191
219000302,24,196,-172
219000307,28,55,-27
219000308,40,35,5
219000311,115,32,83
219000312,297,19,278
219000313,143,9,134
219000314,78,636,-558
219000315,84,20,64
219000316,219,22,197
219000317,47,17,30
219000320,2,67,-65
219000321,0,22,-22
219000323,6,92,-86
219000325,1,43,-42
219000326,88,157,-69
219000327,37,54,-17
219000328,53,44,9
219000329,259,83,176
219000330,67,29,38
219000331,33,38,-5
219000332,39,70,-31
219000333,4,0,4
219000335,48,1,47
219000337,10,0,10
219000338,25,1,24
219000344,21,75,-54
219000345,66,160,-94
219000346,12,187,-175
219000348,68,159,-91
219000349,21,255,-234
219000350,36,85,-49
219000351,6,3,3
219000352,174,34,140
219000353,47,43,4
219000354,87,118,-31
219000355,59,33,26
219000356,1801,329,1472
219000363,231,22,209
219000364,83,19,64
219000365,57,9,48
219000366,237,99,138
219000368,358,322,36
219000370,977,152,825
219000371,7,13,-6
219000382,7,19,-12
219000383,740,518,222
219000385,651,417,234
219000386,1134,1145,-11
219000387,0,2,-2
219000390,3,0,3
219000391,4,1,3
219000397,65,111,-46
219000398,75,43,32
219000401,5,91,-86
219000402,15,78,-63
219000403,56,152,-96
219000404,8,91,-83
219000407,3,45,-42
219000409,23,54,-31
219000410,39,39,0
219000411,38,7,31
219000446,253,396,-143
219000447,2,19,-17
219000448,2,9,-7
219000452,67,59,8
219000453,70,74,-4
219000454,259,148,111
219000556,103,52,51
219000558,128,309,-181
219000590,14,201,-187
219000591,38,42,-4
219000592,90,401,-311
219000595,4,36,-32
219000635,47,17,30
219000636,25,107,-82
219000657,40,10,30
219000658,26,36,-10
219000673,0,3,-3
219000676,9,5,4
219000679,11,11,0
219000684,33,2,31
219000685,3,132,-129
219000686,4,1,3
219000688,1,89,-88
219000689,50,185,-135
219000690,203,29,174
219000691,57,82,-25
219000692,158,23,135
219000693,0,21,-21
219000694,9,0,9
219000695,12,2,10
219000698,5,0,5
219000699,0,9,-9
219000727,1,170,-169
219000728,137,7,130
219000770,19,0,19
219000771,0,37,-37
219000788,261,199,62
219001150,0,17,-17
219001151,1,2,-1
219001166,12,14,-2
219001167,2,85,-83
219001178,19,0,19
220000001,11,54,-43
220000002,7,211,-204
220000003,352,291,61
220000004,784,692,92
220000005,1752,1607,145
220000006,141,783,-642
220000007,208,779,-571
220000008,261,1150,-889
220000009,159,718,-559
220000010,146,111,35
220000011,711,1912,-1201
220000012,169,248,-79
220000014,32,64,-32
220000015,38,175,-137
220000017,38,424,-386
220000018,5879,1162,4717
220000019,59,243,-184
220000020,247,277,-30
220000021,355,131,224
220000022,278,470,-192
220000023,152,142,10
220000024,1484,239,1245
220000025,1058,447,611
220000026,153,180,-27
220000027,8,79,-71
220000028,16,26,-10
220000029,50,167,-117
220000030,107,87,20
220000031,217,292,-75
220000064,21,1072,-1051
221000046,5,0,5
221000047,0,3,-3
221000048,0,0,0
221000049,0,9,-9
221000050,8,0,8
221000055,41,40,1
221000057,57,7,50
221000068,298,100,198
221000069,311,56,255
221000070,161,32,129
221000071,39,12,27
221000072,146,11,135
221000073,169,98,71
221000074,5,39,-34
221000075,79,27,52
221000076,11,34,-23
221000077,47,69,-22
221000081,18,6,12
221000082,44,7,37
221000083,52,4,48
221000084,2,7,-5
221000085,12,71,-59
221000086,18,149,-131
221000087,4,203,-199
221000088,20,182,-162
221000089,39,212,-173
221000090,114,435,-321
221000098,90,18,72
221000099,91,13,78
221000100,44,5,39
221000101,169,7,162
221000102,120,13,107
221000109,5,95,-90
221000110,1,110,-109
221000111,8,166,-158
221000112,8,118,-110
221000113,25,184,-159
221000114,20,154,-134
221000120,12,23,-11
221000121,0,18,-18
221000122,10,27,-17
221000123,9,25,-16
221000124,24,313,-289
221000155,58,12,46
221000156,15,35,-20
221000175,0,4,-4
221000176,1,2,-1
221000182,22,5,17
221000241,530,196,334
221000242,205,307,-102
221000243,341,93,248
221000244,209,324,-115
221000245,23,122,-99
221000246,20,239,-219
221000247,38,109,-71
221000248,51,140,-89
221000267,61,872,-811
221000325,80,44,36
221000331,5,69,-64
221000338,3,18,-15
221000378,98,30,68
221000381,61,96,-35
222000282,2,0,2
222000296,1,20,-19
222000568,242,8,234
222000569,66,13,53
222000570,70,5,65
222000571,114,15,99
222000577,20,240,-220
222000578,19,229,-210
222000579,18,142,-124
222000580,115,1011,-896
222000599,0,150,-150
222000600,0,275,-275
222000601,10,919,-909
222000603,21,19,2
222000604,41,26,15
222000605,18,8,10
222000606,1,14,-13
222000607,1,0,1
222000608,9,7,2
222000609,29,399,-370
222000616,88,33,55
222000617,15,20,-5
222000618,13,4,9
222000620,43,8,35
222000621,66,11,55
222000623,380,5,375
222000624,193,3,190
222000625,211,55,156
222000636,28,3,25
222000686,14,5,9
222000687,19,32,-13
222001066,226,3,223
222001067,4,6,-2
222001068,14,46,-32
222001069,16,62,-46
222001082,6,75,-69
222001083,7,105,-98
222001084,0,19,-19
222001085,0,173,-173
222001111,14,261,-247
222001112,28,46,-18
222001313,31,4,27
222001314,5,91,-86
222001464,87,32,55
222001465,37,102,-65
222001484,57,49,8
222001485,10,79,-69
222001494,121,101,20
222001495,120,412,-292
222001496,80,42,38
222001497,57,741,-684
222001502,27,122,-95
222001503,46,41,5
222001504,23,262,-239
222001505,134,12,122
222001506,41,214,-173
222001507,199,38,161
222001510,157,28,129
222001511,29,457,-428
222001514,724,110,614
222001515,248,674,-426
222001518,106,48,58
222001519,28,494,-466
222001527,145,33,112
222001528,70,196,-126
222001529,103,36,67
222001530,47,271,-224
222001533,109,500,-391
222001534,129,36,93
222001535,66,132,-66
222001536,77,453,-376
222001537,230,23,207
222001538,48,536,-488
222001563,178,83,95
222001564,29,904,-875
222001568,312,106,206
222001576,0,0,0
222001579,1,2,-1
222001583,11,214,-203
222001584,42,10,32
222001596,658,1838,-1180
222001597,2092,382,1710
222001626,1,213,-212
222001650,152,96,56
222001651,141,151,-10
222001914,244,60,184
222001915,82,233,-151
222001968,494,157,337
222001969,431,924,-493
222001970,96,218,-122
222001971,9,22,-13
222001972,1,44,-43
225000001,225,95,130
225000002,207,65,142
225000003,183,72,111
225000004,154,226,-72
225000005,12,59,-47
225000006,0,103,-103
225000007,2882,1025,1857
225000010,117,2,115
225000011,424,587,-163
225000012,122,348,-226
225000013,95,151,-56
225000014,476,78,398
225000015,71,239,-168
225000021,609,124,485
225000027,215,419,-204
225000032,461,135,326
225000042,64,693,-629
225000049,26,72,-46
225000050,27,8,19
225000053,3,212,-209
225000058,399,114,285
225000067,168,223,-55
225000068,113,556,-443
225000069,122,569,-447
225000070,50,454,-404
225000071,9,308,-299
225000075,19,723,-704
225000076,88,125,-37
225000078,58,20,38
225000085,22,45,-23
225000086,66,21,45
225000087,125,21,104
225000088,5,138,-133
225000089,421,526,-105
225000090,19,291,-272
225000091,69,232,-163
225000092,21,97,-76
225000093,125,430,-305
225000094,10,463,-453
225000095,254,588,-334
225000096,111,396,-285
225000098,318,104,214
225000099,133,84,49
225000100,94,99,-5
225000104,39,337,-298
225000110,4,448,-444
225000111,144,1107,-963
225000112,207,1000,-793
225000113,125,589,-464
225000114,42,243,-201
225000115,2193,587,1606
225000116,857,54,803
225000117,887,217,670
225000118,702,264,438
225000119,86,56,30
225000120,522,17,505
225000121,211,11,200
225000123,688,2,686
225000125,160,272,-112
225000126,771,166,605
225000127,850,370,480
225000128,249,278,-29
225000132,186,16,170
225000133,154,11,143
225000134,396,53,343
225000135,25,7,18
225000136,87,14,73
225000137,67,40,27
225000138,221,20,201
225000143,73,158,-85
225000144,0,314,-314
225000145,18,29,-11
225000146,21,111,-90
225000147,6,381,-375
225000148,0,254,-254
225000149,72,499,-427
225000151,26,289,-263
225000155,169,302,-133
225000156,113,607,-494
225000157,100,427,-327
225000158,45,344,-299
225000171,4,177,-173
225000180,19,0,19
225000181,0,46,-46
225000182,41,4,37
225000185,7,218,-211
225000187,50,345,-295
225000191,75,0,75
225000194,0,2,-2
225000208,0,60,-60
225000209,17,24,-7
225000210,3,177,-174
225000217,0,12,-12
225000218,4,1,3
225000223,3,31,-28
225000224,75,0,75
225000225,0,7,-7
225000226,13,2,11
225000227,32,63,-31
225000228,6,3,3
225000229,0,71,-71
225000230,20,0,20
225000231,2,90,-88
225000232,40,0,40
225000241,26,0,26
225000242,1,35,-34
225000249,0,0,0
225000250,45,971,-926
225000251,253,36,217
225000254,0,0,0
225000256,2,5,-3
225000257,0,10,-10
226000042,377,387,-10
226000043,80,261,-181
226000044,149,633,-484
226000045,46,404,-358
226000046,239,38,201
226000047,203,32,171
226000048,300,37,263
226000049,148,91,57
226000070,0,59,-59
226000071,0,95,-95
226000072,0,8,-8
226000073,0,6,-6
226000074,0,4,-4
226000084,2,64,-62
226000085,0,3,-3
226000086,6,4,2
226000087,0,13,-13
226000088,45,9,36
226000090,115,32,83
226000091,21,5,16
226000092,0,0,0
226000093,54,2,52
226000094,3,7,-4
226000095,11,0,11
226000105,15,1,14
226000106,5,1,4
226000107,2,0,2
226000108,8,0,8
226000109,32,0,32
226000124,104,48,56
226000134,278,355,-77
226000135,656,469,187
226000136,135,274,-139
226000137,4,407,-403
226000138,11,202,-191
226000139,0,21,-21
226000156,34,0,34
226000157,51,9,42
226000163,22,39,-17
226000202,9,458,-449
226000231,101,6,95
226000232,52,6,46
227000033,256,36,220
227000036,114,15,99
227000037,61,15,46
227000038,133,16,117
227000084,0,40,-40
227000085,1,38,-37
227000088,26,0,26
227000089,77,1,76
227000090,21,0,21
227000091,7,0,7
227000092,22,0,22
227000093,34,1,33
227000094,0,0,0
227000130,25,69,-44
227000131,6,258,-252
227000132,12,216,-204
227000133,13,249,-236
227000134,17,403,-386
227000152,0,3,-3
227000153,0,63,-63
227000154,0,20,-20
227000155,1,17,-16
227000156,1,11,-10
227000165,4,41,-37
227000196,103,356,-253
227000199,73,662,-589
227000230,37,520,-483
227000232,114,10,104
227000242,48,401,-353
227000243,333,37,296
227000245,11,317,-306
227000246,72,368,-296
227000247,141,62,79
227000248,40,9,31
227000249,9,241,-232
227000250,158,77,81
227000251,135,209,-74
227000252,9,364,-355
227000253,49,19,30
227000262,277,16,261
227000266,273,6,267
227000267,26,2165,-2139
227000282,6,283,-277
227000284,150,11,139
227000286,2,104,-102
227000287,8,202,-194
227000291,6,648,-642
227000296,376,271,105
227000484,222,12,210
227000485,15,665,-650
227000655,38,11,27
227000656,412,23,389
227000657,23,13,10
227000661,88,10,78
229000265,5,39,-34
229000296,1,22,-21
229000297,6,68,-62
229000298,6,177,-171
229000320,16,2,14
229000321,53,6,47
229000412,14,84,-70
229000414,13,84,-71
229000415,13,1,12
229000416,0,1,-1
229000417,4,5,-1
229000419,96,249,-153
229000440,244,93,151
229000442,4,12,-8
229000443,0,4,-4
229000444,0,38,-38
229000445,25,9,16
229000446,62,19,43
229000491,0,37,-37
229000492,8,209,-201
229000493,2,160,-158
229000494,22,3,19
229000495,80,14,66
229000496,31,9,22
229000507,0,33,-33
229000508,1,40,-39
229000509,1,54,-53
229000510,1,33,-32
229000511,3,88,-85
229000512,1,43,-42
229000513,0,9,-9
229000514,0,4,-4
229000517,5,10,-5
229000518,2,46,-44
229000519,1,22,-21
229000520,5,45,-40
229000521,14,16,-2
229000522,7,7,0
229000523,4,13,-9
229000524,3,5,-2
229000527,8,1,7
229000528,0,0,0
229000529,0,0,0
229000530,61,5,56
229000531,24,2,22
229000532,11,4,7
229000533,85,1,84
229000534,50,0,50
229000564,30,0,30
229000565,6,0,6
229000566,0,29,-29
229000567,1,79,-78
229000582,113,0,113
229000583,9,2,7
229000584,1,50,-49
229000585,2,64,-62
229000718,0,1,-1
229000719,0,1,-1
229000720,0,12,-12
229000721,0,16,-16
229000722,0,42,-42
229000723,0,24,-24
229000724,0,2,-2
229000725,0,10,-10
229000738,0,0,0
229000739,0,0,0
229000740,1,0,1
229000741,9,0,9
229000742,1,0,1
229000743,6,0,6
229000744,0,0,0
229000745,0,0,0
229000746,16,0,16
229000847,3,0,3
229000848,6,0,6
229000849,32,0,32
229000851,10,0,10
229000854,0,60,-60
229000856,3,175,-172
229000857,0,43,-43
229000858,1,132,-131
229000919,6,57,-51
229000930,2,141,-139
229000937,31,16,15
229000966,28,32,-4
229000981,7,70,-63
229000985,0,46,-46
229000986,0,3,-3
229000987,0,1,-1
229000988,0,107,-107
229000989,3,2,1
229000990,0,3,-3
229000991,0,1,-1
229000992,10,5,5
229000993,168,16,152
229000998,9,55,-46
229000999,58,12,46
229001034,0,21,-21
229001035,9,1,8
229001037,45,5,40
229001042,2,26,-24
229001047,3,59,-56
229001050,17,63,-46
229001168,0,10,-10
229001200,0,3,-3
229001338,13,25,-12
229001394,165,4,161
229001422,48,22,26
229001423,29,101,-72
229001431,17,27,-10
229001432,24,57,-33
229001444,99,52,47
229001445,22,197,-175
229001479,3,9,-6
229001503,106,63,43
229001504,72,173,-101
229001505,48,32,16
229001506,32,171,-139
229001509,42,23,19
229001545,59,10,49
229001546,5,64,-59
229001553,18,14,4
229001554,10,105,-95
229001630,59,13,46
229001631,8,41,-33
229001635,0,9,-9
229001636,0,0,0
229001658,1,59,-58
229001659,57,2,55
229001660,1,2,-1
229001661,2,22,-20
229001662,23,0,23
229001663,0,27,-27
229002584,144,144,0
229002831,276,139,137
229002841,9,29,-20
229002842,37,24,13
229002843,53,20,33
229002844,11,60,-49
229002845,2,77,-75
229002846,34,15,19
229002847,9,4,5
229002848,14,10,4
229002849,1,65,-64
229002850,1,3,-2
229002851,25,89,-64
229002852,51,21,30
229002853,40,19,21
229002854,44,69,-25
229002855,5,27,-22
229002856,14,6,8
229002857,2,42,-40
229002858,2,21,-19
229002859,18,14,4
229002860,43,51,-8
229002861,10,32,-22
229002862,4,52,-48
229002863,5,33,-28
229002864,1,41,-40
229002865,7,10,-3
229002866,10,29,-19
229002867,42,24,18
229002868,7,7,0
229002869,3,103,-100
229002870,16,11,5
235000066,302,50,252
235000067,111,72,39
235000072,13,45,-32
235000073,67,247,-180
235000074,12,109,-97
235000080,8,74,-66
235000081,53,196,-143
235000082,38,70,-32
235000083,76,111,-35
235000084,33,68,-35
235000085,40,88,-48
235000089,15,27,-12
235000092,9,141,-132
235000093,1,0,1
235000097,2,3,-1
235000098,40,18,22
235000099,17,34,-17
235000116,34,18,16
235000117,717,13,704
235000133,8,209,-201
235000134,15,80,-65
235000206,13,1,12
235000207,0,1,-1
235000208,1,2,-1
235000209,2,1,1
235000210,3,1,2
235000212,5,10,-5
235000213,2,12,-10
235000220,2,7,-5
235000221,17,5,12
235000238,5,13,-8
235000239,0,2,-2
235000242,194,208,-14
235000245,783,188,595
235000246,8,38,-30
235000284,4,98,-94
235000295,85,6,79
235000305,48,11,37
235000306,33,3,30
235000307,11,2,9
235000308,36,1,35
235000309,17,0,17
235000310,45,2,43
235000311,38,8,30
235000322,1,22,-21
235000323,0,55,-55
235000324,0,19,-19
235000325,1,19,-18
235000326,3,335,-332
235000351,6,60,-54
235000352,16,47,-31
235000353,0,27,-27
235000354,4,23,-19
235000355,2,67,-65
235000356,12,24,-12
235000357,15,5,10
235000358,30,5,25
235000359,0,3,-3
235000360,30,5,25
235000361,23,1,22
235000381,28,274,-246
235000382,69,49,20
235000390,10,3,7
235000391,56,17,39
235000392,57,145,-88
235000393,78,89,-11
235000395,49,25,24
235000396,120,36,84
235000400,85,22,63
235000401,21,206,-185
235000405,83,374,-291
235000406,21,244,-223
235000407,36,103,-67
235000409,217,177,40
235000410,28,178,-150
235000411,1,71,-70
235000485,0,6,-6
235000486,7,0,7
235000549,25,80,-55
235000550,42,192,-150
235000599,58,108,-50
235000600,7,8,-1
235000601,18,42,-24
235000602,35,182,-147
235000614,4,3,1
235000648,0,26,-26
235000649,14,1,13
235000685,1,4,-3
235000815,3,7,-4
235000834,0,8,-8
235000855,23,37,-14
235000862,9,220,-211
235000891,0,7,-7
235000892,5,2,3
235000901,43,116,-73
235000907,1,8,-7
235001010,26,52,-26
235001029,623,378,245
235001030,274,146,128
235001078,53,57,-4
235001079,56,115,-59
235001147,79,29,50
235001166,10,72,-62
235001167,8,67,-59
235001169,27,278,-251
235001188,0,7,-7
235001189,2,1,1
235001197,21,16,5
235001200,36,14,22
235001207,161,11,150
235001210,48,119,-71
235001215,37,100,-63
235001239,2,47,-45
235001244,0,5,-5
235016267,0,17,-17
277101746,0,6,-6
277102712,0,0,0
277103813,0,0,0
277103814,0,0,0
277103898,0,0,0
277104249,0,1,-1
277104250,0,8,-8
277104251,0,4,-4
277104252,0,3,-3
990011530,2,278,-276
990014944,2,559,-557
990015176,6,1,5
990015618,1,77,-76
990016032,0,418,-418
990032570,0,126,-126
990070001,45,5,40
990070103,0,2,-2
990070601,0,54,-54
990070751,176,0,176
990070766,0,897,-897
990071180,314,147,167
990071343,12,0,12
990071387,0,8,-8
990071823,209,18,191
990072600,1,609,-608
990072964,1,711,-710
990073285,0,0,0
990074393,2,1210,-1208
990074870,417,22,395
990075106,297,3,294
990075746,151,3,148
990076437,252,4,248
990076458,5,1261,-1256
997000007,72,5,67
997000041,0,110,-110
997000058,22,2,20
997000062,16,1,15
997000069,0,2,-2
997000070,0,51,-51
997000100,4,0,4
997000141,17,1509,-1492
997000198,0,578,-578
998000475,0,18,-18
998000736,2,335,-333
998000965,0,6,-6
998001031,1,42,-41
998001700,0,16,-16
998001899,0,1,-1
998001900,3,1,2
998003073,877,5,872
998101900,0,0,0
998102850,2,91,-89
998501927,327,332,-5
998501929,101,3,98
998501930,86,0,86
998501931,49,19,30
998501932,10,0,10
998501933,48,12,36
998501937,9,5,4
998501944,34,30,4
998501970,57,36,21
998501971,0,66,-66
998501973,0,92,-92
998501974,0,282,-282
998501975,86,3,83
998501976,31,16,15
998501977,0,32,-32
998501978,18,1,17
998501979,0,5,-5
998501980,140,1,139
998501981,11,3,8
998501982,0,93,-93
998502006,0,0,0
998502024,0,0,0
998502032,0,2,-2
998502062,32,22,10
998502063,0,0,0
998502173,6,0,6
998502269,0,2,-2
998601159,1,347,-346
998601292,0,19,-19
999033574,2,933,-931
999800001,14,0,14
999800002,0,3,-3
999800003,2,2,0
999800004,0,10,-10
999800005,0,15,-15
