ID,insum,outsum,diff
100000001,416,293,123
100000002,854,235,619
100000003,4118,1028,3090
100000004,772,196,576
100000005,657,972,-315
100000006,62,30,32
100000007,171,154,17
100000008,49,343,-294
100000009,15,69,-54
100000010,4,16,-12
100000011,82,17,65
100000012,17,571,-554
100000013,5,137,-132
100000014,81,291,-210
100000015,171,303,-132
100000016,426,980,-554
100000017,190,941,-751
100000018,506,294,212
100000019,2891,832,2059
100000020,591,797,-206
100000021,5128,1166,3962
100000022,482,311,171
100000023,4393,534,3859
100000025,1935,265,1670
100000028,893,528,365
100000029,197,131,66
100000030,518,30,488
100000031,2776,1220,1556
100000032,1455,1710,-255
100000033,248,1109,-861
100000034,575,257,318
100000035,691,388,303
100000036,1096,402,694
100000037,152,206,-54
100000038,359,302,57
100000039,162,69,93
100000040,79,21,58
100000041,149,140,9
100000042,146,133,13
100000043,115,91,24
100000044,208,497,-289
100000045,209,1010,-801
100000046,281,961,-680
100000047,111,670,-559
100000048,237,703,-466
100000049,1009,2167,-1158
100000051,165,919,-754
100000053,15,1,14
100000054,21,8,13
100000055,156,240,-84
100000056,104,230,-126
100000057,523,330,193
100000058,356,1168,-812
100000059,1,56,-55
100000060,95,175,-80
100000061,367,246,121
100000062,267,190,77
100000063,177,127,50
100000064,206,235,-29
100000065,137,1120,-983
100000066,99,826,-727
100000067,105,807,-702
100000068,258,1219,-961
100000069,152,1204,-1052
100000072,262,1261,-999
100000073,560,1016,-456
100000075,232,282,-50
100000076,788,881,-93
100000077,412,38,374
100000078,106,11,95
100000079,44,16,28
100000080,4,6,-2
100000081,9,4,5
100000102,546,586,-40
100000103,1555,443,1112
100000104,2281,663,1618
100000105,2089,335,1754
100000106,1104,593,511
100000107,204,139,65
100000108,440,1023,-583
100000109,2129,815,1314
100000116,763,284,479
100000117,12,6,6
100000118,878,628,250
100000119,176,438,-262
100000121,74,437,-363
100000122,280,468,-188
100000123,2900,2793,107
100000124,8010,3094,4916
100000125,2365,306,2059
100000126,274,133,141
100000127,645,201,444
100000128,678,533,145
100000129,219,232,-13
100000130,244,475,-231
100000131,4071,1972,2099
100000132,1685,654,1031
100000133,9105,2497,6608
100000135,113,304,-191
100000139,74,313,-239
100000140,153,172,-19
100000142,90,180,-90
100000143,540,652,-112
100000144,2927,838,2089
100000147,473,923,-450
100000150,5,273,-268
100000151,238,258,-20
100000153,238,100,138
100000154,31,53,-22
100000155,6,13,-7
100000156,45,20,25
100000157,23,100,-77
100000158,25,57,-32
100000159,97,229,-132
100000165,605,477,128
100000169,245,92,153
100000174,995,200,795
100000179,23,462,-439
100000180,302,902,-600
100000181,55,264,-209
100000188,37,206,-169
100000189,126,148,-22
100000190,163,184,-21
100000191,269,199,70
100000192,32,24,8
100000193,21,32,-11
100000330,1442,390,1052
100000355,51,374,-323
100000362,2612,2501,111
100000363,743,1280,-537
100000364,231,518,-287
100000365,2329,4958,-2629
100000366,3149,2264,885
100000367,1387,2159,-772
100000368,1183,1440,-257
100000369,254,540,-286
100000370,64,207,-143
100000376,30,47,-17
100000379,885,542,343
100000380,999,730,269
100000384,3787,1302,2485
100000385,2878,1962,916
100000386,4464,1120,3344
100000387,4353,1894,2459
100000388,11246,1572,9674
100000389,8604,1675,6929
100000390,9315,1752,7563
100000391,5152,1693,3459
100000392,2179,681,1498
100000393,684,492,192
100000394,3610,1689,1921
100000395,1529,477,1052
100000396,2203,1033,1170
100000397,1223,596,627
100000398,9346,6426,2920
100900002,0,0,0
100900003,26,31,-5
100900004,37,1160,-1123
100900005,25,1,24
100900006,0,0,0
100900007,9,0,9
100900008,4,566,-562
100900009,9,16,-7
100900010,0,0,0
100900011,4,267,-263
100900012,0,300,-300
100900013,108,4,104
100900014,0,0,0
100900015,60,19,41
100900016,0,16,-16
100900017,100,13,87
100900018,0,0,0
100900019,0,0,0
100900020,31,0,31
100900021,391,1,390
100900022,0,0,0
100900023,0,0,0
100900024,15,0,15
100900025,0,0,0
100900026,4,94,-90
100900027,267,884,-617
100900028,13,59,-46
100900029,53,9,44
100900030,0,8,-8
100900031,70,2,68
100900032,35,2,33
100900033,98,42,56
100900034,54,0,54
100900035,21,0,21
100900036,0,0,0
100900037,3,196,-193
100900038,8,4,4
100900039,156,612,-456
100900040,57,977,-920
100900041,60,978,-918
100900042,86,20,66
100900043,0,0,0
100900044,1165,138,1027
100900045,2,1,1
100900046,317,4,313
100900047,2,4,-2
100900048,36,2,34
100900049,4,137,-133
100900050,0,3,-3
100900051,14,19,-5
100900052,38,8,30
100900053,87,8,79
100900054,1,84,-83
100900055,20,54,-34
100900056,0,5,-5
100900057,134,147,-13
100900058,19,10,9
100900059,6,0,6
100900060,30,7,23
100900061,84,105,-21
100900062,0,21,-21
100900063,33,121,-88
100900064,260,7,253
100900065,12,11,1
100900066,15,9,6
100900067,0,0,0
100900068,1,87,-86
100900069,12,0,12
100900070,44,4,40
100900071,216,100,116
100900072,0,25,-25
100900073,12,333,-321
100900074,5,7,-2
100900075,2648,126,2522
100900076,4,6,-2
100900077,0,0,0
100900078,26,23,3
100900079,0,29,-29
100900080,0,0,0
100900081,6,9,-3
100900082,6,504,-498
100900083,0,25,-25
100900085,0,28,-28
100900086,21,124,-103
100900088,7,417,-410
100900089,0,25,-25
100900090,27,177,-150
100900091,0,0,0
100900092,35,41,-6
100900093,25,59,-34
100900094,15,437,-422
100900095,0,10,-10
100900096,4,67,-63
100900097,0,0,0
100900098,0,28,-28
100900099,6,390,-384
100900100,0,73,-73
100900101,172,7,165
100900102,2,10,-8
100900103,0,5,-5
100900104,5,91,-86
100900105,0,17,-17
100900106,11,0,11
100900107,951,139,812
100900108,0,2,-2
100900109,1,13,-12
100900110,0,0,0
100900111,36,64,-28
100900112,0,0,0
100900113,0,19,-19
100900114,1,6,-5
100900115,0,0,0
100900116,218,89,129
100900117,68,174,-106
100900118,0,24,-24
100900119,1,16,-15
100900120,0,0,0
100900121,151,69,82
100900122,112,148,-36
100900123,2,22,-20
100900124,0,4,-4
100900125,4,50,-46
100900126,1,24,-23
100900127,0,0,0
100900128,33,66,-33
100900129,0,28,-28
100900131,24,49,-25
100900133,3,8,-5
100900134,0,0,0
100900135,0,29,-29
100900137,189,137,52
100900138,52,97,-45
100900139,0,1,-1
100900140,1,735,-734
100900141,0,67,-67
100900142,0,0,0
100900143,538,136,402
100900144,4,3,1
100900145,2,47,-45
100900146,0,6,-6
100900147,3,150,-147
100900148,7,839,-832
100900149,4,11,-7
100900150,0,4,-4
100900151,51,332,-281
100900152,0,0,0
100900153,0,84,-84
100900154,1,1,0
100900155,0,1,-1
100900156,0,0,0
100900157,3,42,-39
100900158,966,245,721
100900159,0,0,0
100900160,1,6,-5
100900161,0,0,0
100900162,7,74,-67
100900163,57,128,-71
100900164,1,8,-7
100900165,7,32,-25
100900166,0,0,0
100900167,1,43,-42
100900168,6,17,-11
100900169,165,1279,-1114
100900170,0,0,0
100900171,8,786,-778
100900172,0,2,-2
100900173,5,496,-491
100900174,7,0,7
100900176,576,11,565
100900177,755,59,696
100900178,1,70,-69
100900179,15,19,-4
100900180,0,0,0
100900181,0,0,0
100900182,0,0,0
100900184,0,0,0
100900186,547,201,346
100900187,3,118,-115
100900188,37,4,33
100900189,271,35,236
100900191,751,257,494
100900192,85,42,43
100900195,22,85,-63
100900197,0,0,0
100900198,2,82,-80
100900199,0,0,0
100900200,328,198,130
100900201,18,709,-691
100900202,0,0,0
100900203,0,38,-38
100900204,97,79,18
100900205,85,120,-35
100900206,24,9,15
100900207,36,30,6
100900210,47,642,-595
100900211,100,12,88
100900213,5,6,-1
100900214,728,20,708
100900215,0,8,-8
100900217,14,12,2
101000001,3048,1143,1905
101000002,2519,1288,1231
101000003,528,581,-53
101000004,7484,2416,5068
101000005,4524,2976,1548
101000006,5793,3668,2125
101000007,1996,1628,368
101000008,2048,1515,533
101000009,700,1774,-1074
101000010,392,979,-587
101000011,1430,383,1047
101000012,477,142,335
101000013,423,401,22
101000014,183,272,-89
101000015,473,701,-228
101000016,140,253,-113
101000017,252,356,-104
101000018,1808,1634,174
101000020,2370,692,1678
101000021,440,131,309
101000022,513,42,471
101000023,974,668,306
101000025,64,152,-88
101000026,243,15,228
101000027,719,955,-236
101000028,453,135,318
101000029,21,272,-251
101000030,429,52,377
101000031,292,189,103
101000032,2311,1216,1095
101000033,1629,867,762
101000034,1287,612,675
101000035,826,236,590
101000036,679,258,421
101000037,2330,528,1802
101000039,2129,423,1706
101000040,3207,1094,2113
101000041,5336,830,4506
101000042,470,202,268
101000043,7127,1277,5850
101000045,550,81,469
101000046,1215,657,558
101000047,573,732,-159
101000048,403,209,194
101000049,551,385,166
101000050,1849,873,976
101000051,3435,668,2767
101000052,1352,360,992
101000053,606,1025,-419
101000054,1132,1313,-181
101000055,1225,561,664
101000056,60,51,9
101000057,2537,351,2186
101000058,1415,328,1087
101000059,1731,408,1323
101000060,1590,153,1437
101000061,616,182,434
101000062,1748,186,1562
101000063,130,75,55
101000064,824,238,586
101000065,58,205,-147
101000066,54,42,12
101000067,361,203,158
101000068,152,88,64
101000069,249,69,180
101000070,1611,603,1008
101000071,1459,328,1131
101000072,1256,1774,-518
101000073,260,142,118
101000074,4237,983,3254
101000075,7732,2284,5448
101000077,538,603,-65
101000078,637,1071,-434
101000079,251,1705,-1454
101000080,506,1433,-927
101000081,440,574,-134
101000082,2464,1690,774
101000083,791,730,61
101000084,823,1106,-283
101000085,871,489,382
101000086,1027,811,216
101000087,607,882,-275
101000088,434,429,5
101000089,447,622,-175
101000090,1920,901,1019
101000091,178,1010,-832
101000092,652,691,-39
101000093,908,544,364
101000094,382,829,-447
101000095,170,603,-433
101000096,146,439,-293
101000097,138,210,-72
101000098,208,333,-125
101000099,886,756,130
101000100,511,328,183
101000101,173,237,-64
101000102,312,148,164
101000103,425,416,9
101000104,86,175,-89
101000105,350,84,266
101000106,207,196,11
101000107,64,143,-79
101000108,970,239,731
101000109,69,47,22
101000110,15,534,-519
101000111,99,120,-21
101000113,74,292,-218
101000114,1511,683,828
101000115,40,121,-81
101000116,19,90,-71
101000117,45,170,-125
101000119,127,24,103
101000120,199,10,189
101000121,38,9,29
101000122,36,17,19
101000123,37,37,0
101000124,440,912,-472
101000125,87,251,-164
101000128,508,198,310
101000130,435,206,229
101000131,343,521,-178
101000132,224,1375,-1151
101000135,69,11,58
101000136,219,151,68
101000137,20,163,-143
101000141,1789,681,1108
101000147,463,467,-4
101000148,1935,17,1918
101000149,14,8,6
101000150,21,881,-860
101000151,40,53,-13
101000152,193,215,-22
101000153,384,355,29
101000154,68,1750,-1682
101000155,68,88,-20
101000156,18,146,-128
101000157,34,12,22
101000160,20,56,-36
101000163,0,0,0
101000164,406,247,159
101000165,157,152,5
101000166,167,305,-138
101000168,280,167,113
101000252,318,333,-15
101000254,270,8,262
101000258,58,23,35
101000261,225,207,18
101000262,160,412,-252
101000263,69,598,-529
101000265,40,332,-292
101000266,166,160,6
101000269,115,21,94
101000290,754,497,257
101000293,1,70,-69
101000294,362,378,-16
101000295,76,353,-277
101000301,480,93,387
101000304,1229,1672,-443
101000305,1270,1096,174
101900001,11,66,-55
101900002,0,11,-11
101900003,26,46,-20
101900004,3,14,-11
101900005,4377,513,3864
101900006,335,4,331
101900007,200,14,186
101900008,71,25,46
101900009,12,37,-25
101900010,492,142,350
101900011,116,79,37
101900012,14,19,-5
101900013,752,27,725
101900017,16,36,-20
101900018,859,27,832
101900019,47,58,-11
101900020,324,115,209
101900021,3,6,-3
101900022,13,864,-851
101900023,4,169,-165
102000001,1111,2272,-1161
102000002,1624,846,778
102000003,2770,2082,688
102000004,6707,1362,5345
102000005,876,1262,-386
102000006,1161,664,497
102000007,1423,2565,-1142
102000008,5175,983,4192
102000009,3855,4010,-155
102000010,5300,1828,3472
102000011,1474,1485,-11
102000012,1933,1986,-53
102000018,2298,817,1481
102000019,1588,479,1109
102000026,149,145,4
102000029,322,100,222
102000030,59,129,-70
102000031,9,167,-158
102000032,117,291,-174
102000033,42,336,-294
102000034,273,247,26
102000035,702,265,437
102000036,5,96,-91
102000037,144,80,64
102000038,60,51,9
102000039,9,36,-27
102000040,263,51,212
102000041,60,83,-23
102000042,48,33,15
102000043,155,135,20
102000044,77,311,-234
102000045,456,635,-179
102000046,547,194,353
102000047,496,697,-201
102000048,75,357,-282
102000049,365,291,74
102000050,461,713,-252
102000051,213,264,-51
102000052,572,630,-58
102000053,263,431,-168
102000054,196,434,-238
102000055,476,646,-170
102000056,291,553,-262
102000057,616,159,457
102000058,828,1016,-188
102000059,611,1087,-476
102000060,383,353,30
102000061,625,2062,-1437
102000062,320,590,-270
102000063,715,818,-103
102000064,416,480,-64
102000065,16,101,-85
102000066,528,891,-363
102000067,1152,1738,-586
102000068,4855,1699,3156
102000069,7,737,-730
102000070,1974,80,1894
102000071,4526,6788,-2262
102000072,2433,4273,-1840
102000073,318,701,-383
102000074,266,829,-563
102000075,45,238,-193
102000076,59,446,-387
102000077,157,1093,-936
102000078,326,956,-630
102000079,57,254,-197
102000080,211,193,18
102000081,160,627,-467
102000082,382,249,133
102000083,101,650,-549
102000084,41,255,-214
102000085,1019,1012,7
102000086,675,614,61
102000087,442,1827,-1385
102000088,128,178,-50
102000089,368,313,55
102000090,214,810,-596
102000091,792,308,484
102000092,412,668,-256
102000093,350,331,19
102000094,441,76,365
102000095,521,943,-422
102000096,896,264,632
102000097,1991,1363,628
102000098,384,836,-452
102000099,877,373,504
102000100,250,305,-55
102000101,593,194,399
102000102,242,390,-148
102000103,726,259,467
102000104,1071,346,725
102000105,130,795,-665
102000106,205,1011,-806
102000107,179,342,-163
102000108,223,330,-107
102000109,137,429,-292
102000110,135,809,-674
102000111,5,110,-105
102000112,85,52,33
102000113,9,29,-20
102000114,430,119,311
102000115,147,76,71
102000116,42,142,-100
102000117,52,409,-357
102000118,754,687,67
102000119,1562,352,1210
102000120,43,275,-232
102000121,355,312,43
102000122,131,458,-327
102000123,942,480,462
102000124,591,513,78
102000125,503,341,162
102000126,315,465,-150
102000127,493,392,101
102000128,246,748,-502
102000129,362,613,-251
102000130,233,438,-205
102000131,333,405,-72
102000132,207,284,-77
102000133,593,2088,-1495
102000134,229,505,-276
102000135,757,323,434
102000136,682,155,527
102000137,525,525,0
102000138,122,318,-196
102000139,35,296,-261
102000140,98,211,-113
102000141,78,459,-381
102000142,66,278,-212
102000143,22,338,-316
102000144,55,361,-306
102000145,44,175,-131
102000146,188,233,-45
102000147,163,97,66
102000148,66,81,-15
102000149,50,446,-396
102000150,44,143,-99
102000151,30,211,-181
102000152,53,111,-58
102000153,294,149,145
102000154,202,321,-119
102000155,44,183,-139
102000156,153,16,137
102000157,27,83,-56
102000158,127,101,26
102000159,1482,52,1430
102000161,3277,448,2829
102000162,201,88,113
102000163,87,138,-51
102000164,747,266,481
102000165,164,84,80
102000166,5,34,-29
102000167,70,136,-66
102000168,68,83,-15
102000169,48,155,-107
102000170,527,74,453
102000171,80,47,33
102000172,4,80,-76
102000173,140,126,14
102000174,14,75,-61
102000175,52,31,21
102000176,6,9,-3
102000178,108,441,-333
102000179,62,156,-94
102000180,197,487,-290
102000181,78,614,-536
102000182,214,766,-552
102000183,566,672,-106
102000184,433,946,-513
102000185,460,595,-135
102000186,342,1676,-1334
102000187,228,1580,-1352
102000188,103,691,-588
102000189,2649,786,1863
102000190,434,929,-495
102000191,883,173,710
102000192,422,674,-252
102000193,10,143,-133
102000194,35,99,-64
102000195,177,432,-255
102000196,27,417,-390
102000197,94,434,-340
102000198,31,725,-694
102000199,132,412,-280
102000200,110,861,-751
102000201,154,454,-300
102000202,0,127,-127
102000203,82,267,-185
102000204,111,504,-393
102000205,285,370,-85
102000206,206,542,-336
102000207,149,237,-88
102000208,126,500,-374
102000209,14,44,-30
102000210,40,561,-521
102000211,107,489,-382
102000212,31,8,23
102000213,12,345,-333
102000214,42,11,31
102000215,2,606,-604
102000216,9,6,3
102000217,7,223,-216
102000218,26,26,0
102000219,253,432,-179
102000225,166,81,85
102000226,3025,162,2863
102000227,15,1,14
102000228,0,107,-107
102000229,8,21,-13
102000230,76,332,-256
102000231,86,274,-188
102000232,4,105,-101
102000233,214,311,-97
102000234,25,300,-275
102000236,236,55,181
102000237,142,145,-3
102000238,120,105,15
102000240,420,428,-8
102000241,165,83,82
102000243,8,14,-6
102000245,13,46,-33
102000246,16,8,8
102000247,177,435,-258
102000248,97,248,-151
102000249,81,149,-68
102000250,21,303,-282
102000254,22,285,-263
102000266,31,135,-104
102000271,0,0,0
102000286,336,164,172
102000297,745,383,362
102000299,0,0,0
102000300,0,0,0
102000301,0,0,0
102000303,0,0,0
102000305,0,2,-2
102000306,0,0,0
102000307,0,9,-9
102000308,0,1,-1
102900001,292,242,50
102900002,71,7,64
102900003,10,242,-232
102900005,41,88,-47
102900006,133,51,82
102900007,73,10,63
102900008,33,26,7
102900009,0,0,0
102900010,109,284,-175
102900011,1557,145,1412
102900012,167,77,90
102900013,0,0,0
102900015,285,87,198
102900016,0,0,0
102900017,0,0,0
102900018,0,0,0
102900019,37,184,-147
102900020,16,15,1
102900021,0,0,0
102900022,200,36,164
102900023,0,0,0
102900024,3,15,-12
102900025,0,0,0
102900026,186,337,-151
102900027,7,20,-13
102900028,20,111,-91
102900029,33,62,-29
102900030,52,48,4
102900031,14,58,-44
102900032,2,103,-101
102900033,0,0,0
102900034,56,47,9
102900035,20,374,-354
102900036,21,374,-353
102900037,68,387,-319
102900038,112,226,-114
102900039,6,185,-179
102900040,47,99,-52
102900041,27,124,-97
102900042,61,325,-264
102900043,64,185,-121
102900044,206,1500,-1294
102900045,24,372,-348
102900046,44,254,-210
102900047,26,583,-557
102900048,223,648,-425
102900049,27,254,-227
102900050,137,270,-133
102900051,59,136,-77
102900052,0,0,0
102900053,156,449,-293
102900054,268,387,-119
102900055,0,0,0
102900056,46,266,-220
102900057,0,0,0
102900058,195,15,180
102900059,0,0,0
102900060,23,261,-238
102900061,31,390,-359
102900062,18,1343,-1325
102900063,146,175,-29
102900064,58,125,-67
102900065,402,238,164
102900066,100,14,86
102900068,32,41,-9
102900070,42,526,-484
102900072,9,29,-20
102900073,63,6,57
102900074,90,40,50
102900075,0,0,0
102900076,0,0,0
102900077,0,0,0
102900078,0,0,0
102900079,41,4,37
102900080,58,9,49
102900081,49,137,-88
102900082,9,132,-123
102900083,0,0,0
102900084,0,1,-1
102900085,0,0,0
102900086,0,0,0
102900087,19,69,-50
102900088,1,20,-19
102900089,127,68,59
102900090,1,485,-484
102900091,20,0,20
102900092,46,913,-867
102900093,106,96,10
102900094,0,24,-24
102900095,8,0,8
102900096,16,5,11
102900097,2,112,-110
103000001,1268,1704,-436
103000002,964,1161,-197
103000003,1929,1603,326
103000004,627,620,7
103000005,1205,906,299
103000006,270,624,-354
103000007,163,531,-368
103000008,365,849,-484
103000009,246,494,-248
103000010,53,92,-39
103000011,1178,809,369
103000012,656,500,156
103000013,5761,1512,4249
103000014,862,662,200
103000015,1951,694,1257
103000016,196,340,-144
103000017,38,90,-52
103000018,672,226,446
103000019,54,41,13
103000020,756,920,-164
103000021,450,469,-19
103000022,467,974,-507
103000023,196,495,-299
103000024,89,90,-1
103000025,19,51,-32
103000026,1385,68,1317
103000027,129,69,60
103000028,592,160,432
103000029,434,65,369
103000030,1912,367,1545
103000031,772,458,314
103000032,953,1020,-67
103000033,1482,1142,340
103000034,1216,591,625
103000035,298,467,-169
103000036,363,198,165
103000037,529,309,220
103000038,344,404,-60
103000039,80,346,-266
103000040,110,815,-705
103000041,910,2318,-1408
103000042,296,544,-248
103000043,165,1025,-860
103000044,69,165,-96
103000046,150,214,-64
103000047,236,507,-271
103000048,108,100,8
103000049,82,126,-44
103000050,158,509,-351
103000051,160,274,-114
103000052,370,344,26
103000053,75,256,-181
103000054,930,628,302
103000055,736,840,-104
103000056,336,1448,-1112
103000057,254,246,8
103000058,165,677,-512
103000059,200,556,-356
103000060,493,610,-117
103000061,204,471,-267
103000062,458,728,-270
103000063,389,427,-38
103000064,89,266,-177
103000065,5,252,-247
103000066,54,10,44
103000069,49,310,-261
103000070,245,1128,-883
103000071,332,185,147
103000072,36,797,-761
103000073,99,90,9
103000074,93,44,49
103000075,101,823,-722
103000076,83,55,28
103000077,19,351,-332
103000078,481,104,377
103000079,985,237,748
103000080,370,99,271
103000081,245,335,-90
103000082,94,66,28
103000083,37,325,-288
103000084,0,0,0
103000085,2,53,-51
103000086,217,83,134
103000087,61,298,-237
103000088,120,234,-114
103000089,99,139,-40
103000090,860,761,99
103000091,278,335,-57
103000092,94,199,-105
103000093,172,479,-307
103000094,40,70,-30
103000095,16,321,-305
103000096,229,72,157
103000097,25,511,-486
103000098,525,41,484
103000099,145,371,-226
103000100,44,775,-731
103000101,216,125,91
103000102,42,556,-514
103000103,155,152,3
103000104,5,109,-104
103000105,35,94,-59
103000106,2,96,-94
103000107,227,49,178
103000108,294,539,-245
103000109,230,272,-42
103000110,268,244,24
103000111,319,283,36
103000112,138,183,-45
103000113,154,395,-241
103000114,246,266,-20
103000115,234,281,-47
103000116,150,325,-175
103000117,81,395,-314
103000118,820,928,-108
103000119,1742,587,1155
103000120,35,88,-53
103000121,123,274,-151
103000122,109,119,-10
103000125,5,430,-425
103000126,128,0,128
103000127,0,283,-283
103000128,47,1,46
103000129,0,171,-171
103000130,20,10,10
103000131,177,52,125
103000132,49,64,-15
103000133,2,182,-180
103000134,301,233,68
103000135,713,65,648
103000136,488,204,284
103000137,217,233,-16
103000138,318,202,116
103000139,3,40,-37
103000140,62,24,38
103000141,20,97,-77
103000142,60,32,28
103000143,12,199,-187
103000144,53,51,2
103000145,3,32,-29
103000150,31,44,-13
103000152,78,175,-97
103000153,51,126,-75
103000156,1,521,-520
103000157,79,6,73
103000159,50,96,-46
103000162,21,2,19
103000163,0,3,-3
103000164,8,2,6
103000165,92,365,-273
103000166,19,35,-16
103000167,41,94,-53
103000168,48,161,-113
103000169,33,60,-27
103000170,427,460,-33
103000171,14,46,-32
103000172,90,191,-101
103000173,111,654,-543
103000174,139,224,-85
103000175,97,497,-400
103000176,456,121,335
103000177,537,260,277
103000178,255,170,85
103000179,18,21,-3
103000183,6,40,-34
103000185,41,60,-19
103000186,37,98,-61
103000187,177,571,-394
103000188,4,63,-59
103000189,322,824,-502
103000191,326,465,-139
103000292,2238,351,1887
103000293,1140,404,736
103000295,35,44,-9
103000296,59,5,54
103000297,53,5,48
103000504,12,14,-2
103000505,9,4,5
103000506,3,132,-129
103000507,62,2,60
103000508,34,17,17
103000509,113,462,-349
103900001,2,165,-163
103900002,985,58,927
103900003,910,58,852
103900004,2,0,2
103900005,3,247,-244
103900006,0,2,-2
103900007,0,11,-11
103900008,2,0,2
103900009,16,135,-119
103900010,33,181,-148
103900011,24,201,-177
103900012,4,9,-5
103900013,6,89,-83
103900014,10,7,3
103900015,8,4,4
103900016,140,329,-189
103900017,8,64,-56
103900018,480,67,413
103900019,11,68,-57
103900020,41,106,-65
103900021,13,1,12
103900022,346,403,-57
103900023,9,1,8
103900024,43,595,-552
103900025,6,22,-16
103900026,0,0,0
103900027,68,130,-62
103900028,2,112,-110
103900029,359,136,223
103900030,60,22,38
103900031,5,0,5
103900032,14,10,4
103900033,9,1,8
103900034,15,194,-179
103900035,19,47,-28
103900036,14,6,8
103900037,5,13,-8
103900038,26,57,-31
103900039,6,357,-351
103900040,4,165,-161
103900041,2,20,-18
103900042,7,432,-425
103900043,9,73,-64
103900044,134,42,92
103900045,43,82,-39
103900047,3,32,-29
103900048,29,14,15
103900049,204,860,-656
103900050,1,60,-59
103900051,1,27,-26
103900052,61,389,-328
103900053,32,956,-924
103900054,15,487,-472
103900055,93,123,-30
103900056,2,22,-20
103900057,1,271,-270
103900058,27,585,-558
103900059,0,2,-2
103900060,2,142,-140
103900061,11,26,-15
103900062,40,39,1
103900063,1,0,1
103900064,14,1,13
103900065,436,213,223
103900066,10,1,9
103900067,10,12,-2
103900068,0,0,0
103900069,8,5,3
103900070,28,175,-147
103900071,12,171,-159
103900072,3,266,-263
103900073,4,2,2
103900074,4,53,-49
103900075,28,49,-21
103900076,147,523,-376
103900077,46,16,30
103900078,18,61,-43
103900079,36,156,-120
103900080,9,1,8
103900081,0,0,0
103900082,0,48,-48
103900083,1396,85,1311
103900084,13,54,-41
103900085,30,52,-22
103900086,76,153,-77
103900087,17,64,-47
103900088,185,52,133
103900089,11,101,-90
103900090,0,101,-101
103900091,381,115,266
103900092,71,262,-191
103900093,68,352,-284
103900094,4,104,-100
103900095,23,84,-61
103900096,6,255,-249
103900097,1,334,-333
103900098,86,54,32
103900099,5,240,-235
103900100,43,241,-198
103900101,36,533,-497
103900102,0,17,-17
103900104,1,8,-7
103900105,45,106,-61
103900106,1,16,-15
103900107,3,161,-158
103900108,18,413,-395
103900109,3,62,-59
103900110,77,23,54
103900111,9,715,-706
103900112,6,29,-23
103900113,74,112,-38
103900114,294,186,108
103900115,165,32,133
103900116,4059,352,3707
103900117,208,107,101
103900119,10,11,-1
103900120,10,59,-49
103900122,8,276,-268
103900123,788,253,535
103900124,23,566,-543
103900125,32,69,-37
103900126,54,281,-227
103900127,56,559,-503
103900128,13,235,-222
103900131,1,69,-68
103900133,291,9,282
103900134,0,0,0
103900135,1,4,-3
103900137,0,6,-6
103900138,1,162,-161
103900139,85,372,-287
103900140,0,0,0
103900141,119,29,90
103900142,1,55,-54
103900143,8,5,3
103900144,0,21,-21
103900145,44,292,-248
103900146,113,200,-87
103900147,67,52,15
103900148,32,153,-121
103900149,19,594,-575
103900150,4646,566,4080
103900151,17,89,-72
103900152,63,738,-675
103900153,9,1,8
103900154,1033,217,816
103900155,13,125,-112
103900156,5,86,-81
103900157,1,169,-168
103900158,8,133,-125
103900159,8,43,-35
103900160,5,6,-1
103900161,23,94,-71
103900162,41,158,-117
103900163,3,221,-218
103900164,2,0,2
103900167,3,32,-29
103900168,7,35,-28
103900169,0,16,-16
103900170,2,66,-64
103900171,1,36,-35
103900172,17,14,3
103900173,0,7,-7
103900174,20,30,-10
103900175,32,15,17
103900176,6,10,-4
103900177,5,23,-18
103900178,3,76,-73
103900179,3,154,-151
103900180,7,79,-72
103900181,25,18,7
103900182,19,4,15
103900184,359,21,338
103900185,154,31,123
103900187,24,8,16
103900188,25,2,23
103900189,72,2,70
103900190,5,25,-20
103900191,1,37,-36
103900192,11,46,-35
103900193,135,101,34
103900194,7,280,-273
103900195,1,8,-7
103900196,9,9,0
103900197,2,19,-17
103900198,6,24,-18
103900199,31,75,-44
103900200,24,88,-64
103900201,15,118,-103
103900202,2,35,-33
103900203,7,1,6
103900204,0,66,-66
103900207,0,140,-140
103900208,6,0,6
103900209,0,85,-85
103900210,15,34,-19
103900211,101,459,-358
103900212,29,416,-387
103900213,39,177,-138
103900214,5,1,4
103900215,604,192,412
103900216,3,397,-394
103900217,4,14,-10
103900218,0,68,-68
103900219,6,106,-100
103900233,29,0,29
103900235,4,6,-2
103900236,6,1,5
103900242,0,4,-4
103900243,2,1,1
103900244,21,173,-152
103900245,7,132,-125
103900246,13,11,2
103900247,9,60,-51
103900248,0,1,-1
103900249,0,1,-1
103900250,3,3,0
103900251,1,8,-7
103900253,1,5,-4
103900254,1,0,1
103900255,0,0,0
103900256,3,2,1
103900257,8,11,-3
103900258,3,0,3
103900259,40,0,40
103900261,0,4,-4
103900262,8,3,5
103900263,3,6,-3
103900264,12,1,11
103900265,5,5,0
103900266,0,19,-19
103900267,6,30,-24
103900268,2,90,-88
103900269,34,118,-84
103900270,8,87,-79
104000001,1143,1629,-486
104000002,1014,1676,-662
104000003,1352,1590,-238
104000004,2642,1724,918
104000005,510,1086,-576
104000006,1644,1895,-251
104000007,2371,2263,108
104000008,170,482,-312
104000009,50,151,-101
104000010,22,123,-101
104000011,607,492,115
104000012,69,529,-460
104000013,28,53,-25
104000014,116,737,-621
104000015,62,61,1
104000016,133,366,-233
104000018,231,81,150
104000019,143,61,82
104000020,71,770,-699
104000021,138,703,-565
104000022,51,278,-227
104000023,247,178,69
104000024,47,174,-127
104000026,8,91,-83
104000027,108,437,-329
104000028,89,134,-45
104000029,208,610,-402
104000030,79,167,-88
104000031,163,129,34
104000032,62,400,-338
104000033,175,185,-10
104000034,153,425,-272
104000035,192,313,-121
104000036,224,440,-216
104000037,114,255,-141
104000038,182,166,16
104000039,85,425,-340
104000040,256,523,-267
104000041,209,189,20
104000042,129,406,-277
104000043,136,258,-122
104000044,118,553,-435
104000045,446,945,-499
104000046,837,1036,-199
104000047,332,1002,-670
104000048,948,1584,-636
104000049,139,240,-101
104000050,85,443,-358
104000051,48,565,-517
104000052,420,1070,-650
104000053,291,353,-62
104000054,201,533,-332
104000055,2751,1835,916
104000056,1058,86,972
104000057,34,446,-412
104000058,362,551,-189
104000059,181,763,-582
104000060,160,657,-497
104000061,430,861,-431
104000062,21,21,0
104000064,429,183,246
104000065,37,190,-153
104000069,1149,376,773
104000070,34,220,-186
104000071,87,304,-217
104000072,88,29,59
104000075,23,103,-80
104000076,136,38,98
104000082,1001,1230,-229
104000083,400,110,290
104000084,91,402,-311
104000085,60,85,-25
104000086,121,377,-256
104000087,179,337,-158
104000090,347,1261,-914
104000092,273,2149,-1876
104000094,328,1682,-1354
104000095,831,1074,-243
104000096,291,357,-66
104000097,372,433,-61
104000098,259,744,-485
104000100,290,420,-130
104000101,644,1187,-543
104000106,152,273,-121
104000107,228,458,-230
104000108,146,396,-250
104000109,82,25,57
104000110,606,610,-4
104000111,3311,729,2582
104000112,1515,372,1143
104000116,4,1346,-1342
104000117,11,798,-787
104000118,97,181,-84
104000119,102,153,-51
104000120,10,850,-840
104000121,103,508,-405
104000122,329,492,-163
104000123,498,723,-225
104000124,1456,1629,-173
104000125,4550,1752,2798
104000126,168,418,-250
104000127,1190,2438,-1248
104000128,279,310,-31
104000129,314,20,294
104000130,15,150,-135
104000131,1015,652,363
104000132,493,999,-506
104000133,664,516,148
104000134,607,898,-291
104000135,224,516,-292
104000136,546,1134,-588
104000137,1440,143,1297
104000138,1049,226,823
104000139,8588,1789,6799
104000141,1012,1435,-423
104000142,309,909,-600
104000143,254,783,-529
104000144,24,89,-65
104000145,109,89,20
104000146,382,475,-93
104000147,67,262,-195
104000148,66,65,1
104000149,111,375,-264
104000150,215,193,22
104000151,206,772,-566
104000152,211,1067,-856
104000153,70,199,-129
104000154,890,725,165
104000155,109,205,-96
104000157,776,1449,-673
104000158,144,167,-23
104000159,200,242,-42
104000160,1148,773,375
104000161,118,55,63
104000162,16,49,-33
104000165,502,395,107
104000167,122,223,-101
104000168,121,5,116
104000169,0,0,0
104000170,1025,197,828
104000248,2,527,-525
104000251,29,296,-267
104000272,2,0,2
104000273,6,0,6
104000274,0,0,0
104000275,1,2,-1
104000279,568,424,144
104000290,51,287,-236
104000291,484,533,-49
104000293,292,464,-172
104000294,0,0,0
104000295,254,613,-359
104000296,124,462,-338
104000297,613,1074,-461
104000298,1187,561,626
104000299,300,811,-511
104900001,10,93,-83
104900002,11,21,-10
104900003,16,358,-342
104900004,30,344,-314
104900005,38,88,-50
104900006,35,21,14
104900007,71,136,-65
104900009,19,347,-328
104900010,0,1,-1
104900011,0,0,0
104900012,17,0,17
104900013,7,0,7
104900014,2179,148,2031
104900015,25,0,25
104900016,26,302,-276
104900017,4,173,-169
104900018,4,193,-189
104900019,82,232,-150
104900020,13,178,-165
104900021,0,0,0
104900022,2,112,-110
104900023,0,0,0
104900024,4,72,-68
104900025,28,288,-260
104900026,0,0,0
104900027,46,27,19
104900028,10,77,-67
104900029,0,0,0
104900030,80,21,59
104900031,83,155,-72
104900032,14,75,-61
104900033,0,0,0
104900034,50,25,25
104900035,24,23,1
104900036,15,14,1
104900037,29,196,-167
104900038,228,118,110
104900039,0,0,0
104900040,15,72,-57
104900041,0,0,0
104900042,22,253,-231
104900043,0,0,0
104900044,58,34,24
104900045,0,0,0
104900046,11,43,-32
104900047,29,23,6
104900048,12,17,-5
104900049,0,0,0
104900050,27,43,-16
104900051,10,6,4
104900052,0,0,0
104900053,57,7,50
104900054,19,8,11
104900055,0,0,0
104900056,13,1,12
104900057,42,1,41
104900058,78,39,39
104900059,0,0,0
104900060,0,283,-283
104900061,153,552,-399
104900063,1,96,-95
104900064,0,74,-74
104900065,1,68,-67
104900066,3,139,-136
104900067,2,167,-165
104900068,3,158,-155
104900070,30,292,-262
104900071,1,739,-738
104900072,9,166,-157
104900073,7,134,-127
104900074,19,163,-144
104900075,3,42,-39
104900076,61,545,-484
104900077,475,30,445
104900078,67,737,-670
104900079,65,62,3
104900080,18,377,-359
104900082,1,68,-67
104900085,1,78,-77
104900087,92,2,90
104900089,0,0,0
104900090,72,46,26
104900091,206,531,-325
104900093,88,314,-226
104900097,1884,593,1291
104900098,13,8,5
104900099,41,211,-170
104900100,535,144,391
104900102,9,153,-144
104900103,270,34,236
104900104,1451,409,1042
104900106,17,90,-73
104900107,15,241,-226
104900108,6,131,-125
104900109,14,68,-54
104900110,3,23,-20
104900111,53,68,-15
104900112,101,655,-554
104900113,187,250,-63
104900114,87,536,-449
104900115,149,371,-222
104900116,24,289,-265
104900118,0,56,-56
104900119,0,8,-8
104900120,0,0,0
104900121,0,0,0
104900122,0,0,0
104900123,0,0,0
104900124,0,0,0
104900125,54,1,53
104900126,33,26,7
104900127,5,5,0
104900128,1,19,-18
104900129,1290,269,1021
105000001,1358,1451,-93
105000002,911,1224,-313
105000003,1258,2659,-1401
105000004,257,751,-494
105000005,395,888,-493
105000006,425,728,-303
105000007,332,694,-362
105000008,376,1002,-626
105000009,484,1140,-656
105000010,1875,2049,-174
105000011,865,850,15
105000012,2715,2735,-20
105000013,359,407,-48
105000014,536,1002,-466
105000015,4143,1998,2145
105000016,2622,1249,1373
105000017,746,797,-51
105000018,593,625,-32
105000019,756,529,227
105000020,80,250,-170
105000021,174,104,70
105000022,50,25,25
105000023,173,96,77
105000028,58,132,-74
105000029,179,514,-335
105000030,2766,3067,-301
105000033,661,2140,-1479
105000034,49,233,-184
105000037,384,472,-88
105000038,427,554,-127
105000039,2941,2156,785
105000040,110,275,-165
105000041,437,1571,-1134
105000042,924,464,460
105000043,1898,2829,-931
105000044,114,205,-91
105000045,203,981,-778
105000046,204,237,-33
105000047,266,1546,-1280
105000048,96,88,8
105000049,197,661,-464
105000050,58,23,35
105000051,135,370,-235
105000052,94,674,-580
105000053,60,173,-113
105000054,100,752,-652
105000055,121,361,-240
105000056,373,1914,-1541
105000057,501,885,-384
105000058,721,1126,-405
105000059,111,253,-142
105000060,174,506,-332
105000061,82,245,-163
105000062,348,1000,-652
105000063,148,539,-391
105000064,207,417,-210
105000065,135,932,-797
105000066,476,1854,-1378
105000067,250,286,-36
105000068,335,695,-360
105000069,1782,302,1480
105000070,526,432,94
105000071,58,115,-57
105000072,198,216,-18
105000073,390,260,130
105000074,508,839,-331
105000075,298,544,-246
105000076,616,936,-320
105000077,1177,623,554
105000078,710,657,53
105000079,981,1145,-164
105000080,706,566,140
105000081,529,555,-26
105000082,129,312,-183
105000083,399,441,-42
105000084,226,892,-666
105000085,409,412,-3
105000086,292,729,-437
105000087,1828,1379,449
105000088,518,475,43
105000089,2359,2344,15
105000090,824,1069,-245
105000091,1561,2064,-503
105000092,347,1261,-914
105000093,244,145,99
105000094,113,116,-3
105000095,32,272,-240
105000096,353,353,0
105000097,451,498,-47
105000098,150,255,-105
105000099,276,652,-376
105000100,644,896,-252
105000101,1009,1890,-881
105000102,737,1070,-333
105000103,645,1870,-1225
105000104,499,732,-233
105000105,401,1387,-986
105000106,569,1377,-808
105000107,307,568,-261
105000108,481,1098,-617
105000109,649,1416,-767
105000110,277,592,-315
105000111,187,350,-163
105000112,476,531,-55
105000113,93,276,-183
105000114,2511,618,1893
105000115,127,320,-193
105000116,142,171,-29
105000117,307,1151,-844
105000118,79,171,-92
105000119,253,1040,-787
105000120,128,310,-182
105000121,431,1015,-584
105000122,107,215,-108
105000123,459,1011,-552
105000124,380,615,-235
105000125,223,1413,-1190
105000126,892,1910,-1018
105000127,1160,1436,-276
105000128,117,997,-880
105000129,192,229,-37
105000130,35,300,-265
105000131,242,214,28
105000132,296,175,121
105000133,157,986,-829
105000134,181,190,-9
105000135,171,494,-323
105000136,13,156,-143
105000137,59,115,-56
105000138,51,204,-153
105000139,621,953,-332
105000140,26,150,-124
105000141,73,551,-478
105000142,24,143,-119
105000143,89,497,-408
105000144,153,470,-317
105000145,139,243,-104
105000146,166,479,-313
105000147,66,54,12
105000148,166,93,73
105000149,202,171,31
105000150,1135,1083,52
105000151,135,231,-96
105000152,44,548,-504
105000153,206,264,-58
105000154,154,760,-606
105000155,80,317,-237
105000156,355,714,-359
105000157,646,1615,-969
105000158,719,677,42
105000159,229,1197,-968
105000160,626,410,216
105000161,364,1792,-1428
105000162,144,579,-435
105000163,722,851,-129
105000164,153,226,-73
105000165,902,1442,-540
105000166,5789,184,5605
105000167,2082,776,1306
105000168,21,689,-668
105000169,114,449,-335
105000170,22,669,-647
105000171,684,277,407
105000172,0,0,0
105000173,1,0,1
105000174,1,1,0
105000175,63,144,-81
105000176,22,30,-8
105000177,26,79,-53
105000178,33,195,-162
105000179,72,71,1
105000180,43,81,-38
105000181,27,116,-89
105000182,18,48,-30
105000183,2080,727,1353
105000184,871,611,260
105000185,300,210,90
105000186,213,1084,-871
105000187,114,127,-13
105000188,25,49,-24
105000189,68,640,-572
105000190,19,33,-14
105000191,140,433,-293
105000192,25,52,-27
105000193,26,127,-101
105000194,53,53,0
105000195,147,945,-798
105000196,7,28,-21
105000197,96,561,-465
105000198,340,195,145
105000199,69,65,4
105000200,51,182,-131
105000201,32,19,13
105000203,5,268,-263
105000204,36,103,-67
105000205,60,186,-126
105000207,524,199,325
105000208,0,0,0
105000209,97,326,-229
105000212,320,1159,-839
105000213,113,121,-8
105000214,19,115,-96
105000215,10,161,-151
105000216,64,371,-307
105000217,71,362,-291
105000218,205,574,-369
105000221,42,181,-139
105000222,7,18,-11
105000223,39,117,-78
105000226,3,114,-111
105000227,3,64,-61
105000228,84,552,-468
105000229,38,114,-76
105000231,0,0,0
105000233,232,281,-49
105000234,429,1134,-705
105000235,61,234,-173
105000237,184,11,173
105000243,10,176,-166
105000248,76,45,31
105000262,89,1548,-1459
105000269,35,100,-65
105000270,85,131,-46
105000271,1,267,-266
105000282,28,41,-13
105000287,208,76,132
105000288,97,281,-184
105000289,413,371,42
105000290,0,0,0
105000402,3807,1238,2569
105000426,147,330,-183
105000438,310,343,-33
105000446,9348,3268,6080
105000447,6060,1832,4228
105000454,64,650,-586
105000455,70,145,-75
105000474,0,0,0
105000477,36,198,-162
105000478,404,556,-152
105000479,51,115,-64
105000480,886,909,-23
105000481,848,1011,-163
105000482,3053,2041,1012
105000483,363,669,-306
105000484,1290,2074,-784
105000485,703,929,-226
105000486,1831,1982,-151
105000488,1822,1837,-15
105000489,181,485,-304
105000549,2,18,-16
105000550,244,835,-591
105000551,8,52,-44
105000552,2906,1399,1507
105900001,1,437,-436
105900002,1247,144,1103
105900003,3,35,-32
105900004,297,96,201
105900005,4,166,-162
105900006,2,25,-23
105900007,5,11,-6
105900008,27,624,-597
105900009,1,8,-7
105900011,27,40,-13
105900012,97,189,-92
105900013,0,13,-13
105900014,1,69,-68
105900015,64,290,-226
105900016,55,635,-580
105900017,184,32,152
105900018,157,168,-11
105900019,18,583,-565
105900020,4,42,-38
105900021,12,402,-390
105900022,122,204,-82
105900023,0,133,-133
105900024,0,198,-198
105900025,13,27,-14
105900026,138,25,113
105900027,2699,866,1833
105900028,15,132,-117
105900029,1623,248,1375
105900030,66,230,-164
105900031,245,177,68
105900032,17,96,-79
105900033,25,112,-87
105900034,45,181,-136
105900035,42,112,-70
105900036,10,116,-106
105900037,47,64,-17
105900038,59,182,-123
105900039,11,145,-134
105900040,20,79,-59
105900041,118,244,-126
105900042,18,58,-40
105900043,1120,55,1065
105900044,3,92,-89
105900045,0,327,-327
105900046,3,103,-100
105900047,20,9,11
105900048,11,351,-340
105900050,184,439,-255
105900051,2,849,-847
105900052,66,2,64
105900053,3031,354,2677
105900054,143,193,-50
105900056,599,55,544
105900057,14,117,-103
105900058,1,13,-12
105900059,0,6,-6
106000001,1099,415,684
106000002,1451,2493,-1042
106000003,1659,848,811
106000004,1659,1472,187
106000005,1373,1932,-559
106000006,4005,3394,611
106000007,272,276,-4
106000008,220,254,-34
106000009,218,213,5
106000010,276,405,-129
106000011,251,505,-254
106000012,375,1239,-864
106000013,837,952,-115
106000014,1145,1386,-241
106000015,419,675,-256
106000016,664,1989,-1325
106000017,396,487,-91
106000018,299,588,-289
106000019,109,278,-169
106000020,87,373,-286
106000021,151,320,-169
106000022,166,335,-169
106000023,254,186,68
106000024,241,773,-532
106000025,111,117,-6
106000026,92,297,-205
106000027,166,311,-145
106000028,284,845,-561
106000029,475,1472,-997
106000030,728,188,540
106000034,224,434,-210
106000035,200,431,-231
106000036,220,227,-7
106000037,776,1020,-244
106000038,173,65,108
106000039,57,36,21
106000040,89,533,-444
106000041,371,217,154
106000043,187,51,136
106000046,117,20,97
106000047,15,252,-237
106000049,116,42,74
106000050,151,688,-537
106000051,145,157,-12
106000052,59,568,-509
106000053,0,0,0
106000054,230,374,-144
106000055,100,230,-130
106000056,249,487,-238
106000057,0,0,0
106000058,77,221,-144
106000059,69,108,-39
106000060,379,603,-224
106000061,29,174,-145
106000062,126,545,-419
106000063,95,166,-71
106000064,29,392,-363
106000065,34,42,-8
106000066,38,312,-274
106000067,19,38,-19
106000068,12,530,-518
106000069,24,54,-30
106000070,104,640,-536
106000071,81,138,-57
106000072,2873,741,2132
106000073,912,771,141
106000074,106,403,-297
106000075,145,511,-366
106000076,415,977,-562
106000077,1225,713,512
106000078,213,507,-294
106000079,200,774,-574
106000080,357,550,-193
106000081,219,654,-435
106000082,1179,640,539
106000083,120,665,-545
106000084,158,434,-276
106000085,576,566,10
106000086,174,339,-165
106000087,210,372,-162
106000088,97,547,-450
106000089,189,381,-192
106000090,67,492,-425
106000091,181,425,-244
106000092,119,125,-6
106000093,52,10,42
106000094,92,293,-201
106000095,110,988,-878
106000096,169,529,-360
106000097,164,1216,-1052
106000098,111,653,-542
106000099,36,805,-769
106000100,143,204,-61
106000101,160,201,-41
106000102,33,449,-416
106000103,175,539,-364
106000104,205,206,-1
106000105,136,781,-645
106000106,122,190,-68
106000107,51,356,-305
106000108,68,202,-134
106000109,38,358,-320
106000110,67,207,-140
106000111,51,471,-420
106000112,63,182,-119
106000113,806,519,287
106000114,302,169,133
106000115,101,427,-326
106000116,101,202,-101
106000117,564,623,-59
106000118,521,527,-6
106000119,2049,872,1177
106000120,529,229,300
106000121,58,100,-42
106000122,17,213,-196
106000123,100,204,-104
106000124,8,263,-255
106000125,10,284,-274
106000126,22,164,-142
106000127,170,741,-571
106000128,113,152,-39
106000129,161,628,-467
106000130,100,187,-87
106000131,36,386,-350
106000132,329,48,281
106000133,3248,526,2722
106000134,163,207,-44
106000135,111,638,-527
106000136,139,107,32
106000137,26,1253,-1227
106000138,129,11,118
106000139,0,0,0
106000140,10,97,-87
106000141,14,124,-110
106000142,0,0,0
106000143,7,128,-121
106000144,0,0,0
106000145,72,381,-309
106000146,0,0,0
106000147,164,309,-145
106000148,315,448,-133
106000149,216,235,-19
106000150,200,853,-653
106000151,2848,376,2472
106000152,848,446,402
106000153,37,494,-457
106000154,1095,128,967
106000155,20,56,-36
106000156,183,193,-10
106000157,301,1297,-996
106000158,1970,366,1604
106000159,3850,946,2904
106000160,65,581,-516
106000161,923,530,393
106000162,73,255,-182
106000163,85,532,-447
106000164,56,149,-93
106000165,60,650,-590
106000166,81,195,-114
106000167,125,1335,-1210
106000168,65,159,-94
106000169,49,765,-716
106000170,102,162,-60
106000171,50,692,-642
106000172,833,558,275
106000173,317,2034,-1717
106000174,90,184,-94
106000175,84,911,-827
106000176,307,321,-14
106000177,297,1696,-1399
106000178,1048,649,399
106000179,537,1564,-1027
106000180,406,1633,-1227
106000181,167,1687,-1520
106000182,135,443,-308
106000183,223,845,-622
106000184,465,790,-325
106000185,448,642,-194
106000186,366,82,284
106000187,83,463,-380
106000188,0,3,-3
106000189,1,42,-41
106000190,0,0,0
106000191,187,147,40
106000192,0,32,-32
106000193,139,93,46
106000194,74,243,-169
106000195,132,38,94
106000196,45,180,-135
106000197,102,263,-161
106000198,35,253,-218
106000199,570,253,317
106000200,337,71,266
106000201,240,564,-324
106000202,5539,288,5251
106000203,146,201,-55
106000204,6,4,2
106000205,14,144,-130
106000206,6,3,3
106000207,15,772,-757
106000208,103,15,88
106000209,129,127,2
106000210,87,1411,-1324
106000211,235,1421,-1186
106000212,73,48,25
106000213,390,652,-262
106000214,934,163,771
106000215,99,314,-215
106000216,159,174,-15
106000217,80,308,-228
106000218,150,197,-47
106000219,24,198,-174
106000220,185,171,14
106000221,35,239,-204
106000222,25,68,-43
106000223,29,75,-46
106000224,50,342,-292
106000225,25,26,-1
106000226,69,322,-253
106000228,8,108,-100
106000229,41,632,-591
106000231,167,63,104
106000232,19,353,-334
106000233,60,48,12
106000234,9,196,-187
106000235,48,22,26
106000236,28,34,-6
106000237,0,4,-4
106000238,1,4,-3
106000239,1,47,-46
106000240,11,0,11
106000241,20,471,-451
106000242,19,4,15
106000249,0,0,0
106000250,8,243,-235
106000251,10,12,-2
106000252,11,113,-102
106000253,3,62,-59
106000254,27,66,-39
106000255,11,66,-55
106000256,30,106,-76
106000257,32,233,-201
106000258,26,1,25
106000259,1,16,-15
106000260,1,2,-1
106000261,1,23,-22
106000262,6,2,4
106000263,0,51,-51
106000264,35,2,33
106000265,3,109,-106
106000266,61,7,54
106000267,5,109,-104
106000268,158,4,154
106000269,20,45,-25
106000270,88,254,-166
106000271,40,102,-62
106000272,30,33,-3
106000273,3,83,-80
106000274,92,46,46
106000275,36,114,-78
106000276,72,46,26
106000277,65,110,-45
106000278,114,25,89
106000279,2,78,-76
106000280,8,138,-130
106000281,60,73,-13
106000282,18,33,-15
106000283,44,98,-54
106000284,22,77,-55
106000285,60,118,-58
106000286,13,110,-97
106000287,37,75,-38
106000288,31,124,-93
106000289,28,67,-39
106000290,35,133,-98
106000291,33,71,-38
106000292,44,150,-106
106000293,48,70,-22
106000294,35,95,-60
106000295,18,25,-7
106000296,60,91,-31
106000297,91,102,-11
106000298,81,50,31
106000299,42,69,-27
106000300,15,75,-60
106000301,78,87,-9
106000303,4,33,-29
106000304,8,30,-22
106000305,10,22,-12
106000306,29,51,-22
106000307,16,8,8
106000308,26,179,-153
106000309,8,76,-68
106000310,104,302,-198
106000311,108,92,16
106000312,50,131,-81
106000313,39,171,-132
106000318,128,126,2
106000319,93,9,84
106000320,0,23,-23
106000321,145,30,115
106000322,28,210,-182
106000324,1,105,-104
106000325,416,485,-69
106000326,470,1608,-1138
106000327,13,118,-105
106000328,1,62,-61
106000329,18,209,-191
106000330,19,29,-10
106000428,36,120,-84
106000429,28,375,-347
106000430,201,1222,-1021
106000431,271,167,104
106000432,648,1805,-1157
106000433,375,320,55
106000434,857,269,588
106000435,1535,1869,-334
106000436,22,307,-285
106000437,50,13,37
106000438,189,44,145
106000439,62,408,-346
106000440,80,426,-346
106000441,0,0,0
106000442,12,6,6
106000443,50,577,-527
106000450,1,139,-138
106000451,8,2,6
106000454,3,20,-17
106000455,2,120,-118
106000456,33,10,23
106000457,5,1033,-1028
106000458,74,47,27
106000459,17,387,-370
106000460,114,3,111
106000461,15,1761,-1746
106000462,2,9,-7
106000463,1,4,-3
106000464,3,556,-553
106000465,42,1,41
106000466,1,669,-668
106000467,352,355,-3
106000468,18,166,-148
106000469,54,2,52
106000470,134,561,-427
106000471,3,465,-462
106000472,26,0,26
106000473,21,14,7
106000474,155,647,-492
106000475,108,83,25
106000476,178,121,57
106000477,12,49,-37
106900001,0,4,-4
106900002,2,500,-498
106900003,132,464,-332
106900004,1,24,-23
106900006,0,5,-5
106900007,0,3,-3
106900008,44,151,-107
106900009,29,231,-202
106900010,40,208,-168
106900012,767,367,400
106900013,58,7,51
106900014,7,0,7
106900015,1,0,1
106900016,12,0,12
106900017,0,0,0
106900018,0,0,0
106900019,2,0,2
106900020,1896,239,1657
106900021,7,17,-10
106900022,25,1,24
106900023,2,165,-163
106900024,50,1,49
106900025,25,506,-481
106900026,3,812,-809
106900027,83,0,83
107000001,591,888,-297
107000002,1686,2846,-1160
107000003,1428,2766,-1338
107000004,3850,5459,-1609
107000005,676,1459,-783
107000006,2132,6066,-3934
107000007,2440,2074,366
107000008,16468,10519,5949
107000009,1877,2090,-213
107000010,8037,10651,-2614
107000011,661,1182,-521
107000012,2618,2863,-245
107000013,14,184,-170
107000014,21,236,-215
107000015,158,783,-625
107000016,161,1131,-970
107000017,1202,607,595
107000018,1,209,-208
107000020,489,181,308
107000021,579,1072,-493
107000022,273,1738,-1465
107000023,666,403,263
107000024,198,2176,-1978
107000025,75,259,-184
107000026,51,683,-632
107000027,575,499,76
107000028,699,1091,-392
107000029,535,780,-245
107000030,2050,2266,-216
107000031,771,931,-160
107000032,73,187,-114
107000033,2872,3062,-190
107000034,5182,1586,3596
107000035,149,82,67
107000036,254,667,-413
107000037,49,306,-257
107000038,215,231,-16
107000039,167,190,-23
107000040,77,287,-210
107000041,635,341,294
107000042,364,1062,-698
107000043,1769,391,1378
107000044,417,347,70
107000045,36,222,-186
107000046,173,163,10
107000047,168,731,-563
107000048,148,233,-85
107000049,124,547,-423
107000050,227,272,-45
107000051,411,223,188
107000052,449,371,78
107000053,94,61,33
107000054,33,202,-169
107000055,20,14,6
107000056,307,591,-284
107000057,1098,174,924
107000058,446,578,-132
107000059,1091,2269,-1178
107000060,952,2045,-1093
107000061,3322,3433,-111
107000062,830,1181,-351
107000063,2100,4910,-2810
107000064,795,950,-155
107000065,2015,5481,-3466
107000066,631,745,-114
107000067,360,510,-150
107000068,737,286,451
107000069,164,241,-77
107000070,43,21,22
107000071,338,9,329
107000072,32,3244,-3212
107000073,73,60,13
107000074,103,749,-646
107000075,270,32,238
107000076,496,1715,-1219
107000077,485,71,414
107000078,811,2812,-2001
107000079,391,195,196
107000080,582,2948,-2366
107000081,237,187,50
107000082,210,2530,-2320
107000083,205,86,119
107000084,171,2519,-2348
107000085,1317,1739,-422
107000086,2051,1826,225
107000087,1322,1231,91
107000088,1268,2115,-847
107000089,648,931,-283
107000090,600,666,-66
107000091,359,574,-215
107000092,277,795,-518
107000093,314,494,-180
107000094,331,927,-596
107000095,139,79,60
107000096,343,756,-413
107000097,46,74,-28
107000098,197,345,-148
107000099,74,123,-49
107000100,183,212,-29
107000101,20,62,-42
107000102,283,272,11
107000103,87,58,29
107000104,136,232,-96
107000105,100,49,51
107000106,95,245,-150
107000107,92,69,23
107000108,66,680,-614
107000109,0,0,0
107000110,27,472,-445
107000111,0,0,0
107000112,5,322,-317
107000113,0,0,0
107000114,23,560,-537
107000115,0,0,0
107000116,41,876,-835
107000117,0,0,0
107000118,67,232,-165
107000119,977,240,737
107000120,1802,306,1496
107000121,127,341,-214
107000122,449,659,-210
107000123,106,482,-376
107000124,194,734,-540
107000125,152,499,-347
107000126,283,1136,-853
107000127,14,254,-240
107000129,53,298,-245
107000130,50,127,-77
107000131,194,390,-196
107000132,99,162,-63
107000133,90,109,-19
107000134,49,2,47
107000135,1,168,-167
107000136,99,1,98
107000137,3,304,-301
107000138,119,10,109
107000139,7,307,-300
107000140,233,10,223
107000141,76,719,-643
107000142,120,10,110
107000143,31,783,-752
107000144,96,63,33
107000145,68,424,-356
107000146,66,50,16
107000147,2029,499,1530
107000150,618,619,-1
107000151,20,32,-12
107000152,203,212,-9
107000153,186,178,8
107000154,27,45,-18
107000155,224,6,218
107000156,357,2,355
107000157,30,2708,-2678
107000158,94,5,89
107000159,15,1356,-1341
107000160,162,56,106
107000161,22,1747,-1725
107000162,53,94,-41
107000163,5,1,4
107000164,78,0,78
107000165,170,1,169
107000166,23,1274,-1251
107000167,192,220,-28
107000168,263,84,179
107000169,623,990,-367
107000170,292,219,73
107000171,253,2924,-2671
107000172,207,265,-58
107000173,333,1056,-723
107000174,433,920,-487
107000175,10006,1326,8680
107000176,0,0,0
107000177,0,0,0
107000178,5,25,-20
107000179,166,3060,-2894
107000180,390,417,-27
107000181,105,1265,-1160
107000182,268,521,-253
107000183,67,930,-863
107000184,220,451,-231
107000185,77,1001,-924
107000186,114,213,-99
107000187,560,727,-167
107000188,227,275,-48
107000189,149,540,-391
107000190,177,478,-301
107000191,173,420,-247
107000192,531,849,-318
107000193,129,244,-115
107000194,405,522,-117
107000197,123,113,10
107000198,127,717,-590
107000199,430,620,-190
107000200,691,283,408
107000201,186,218,-32
107000202,160,297,-137
107000203,570,386,184
107000204,580,388,192
107000205,2218,979,1239
107000206,312,189,123
107000207,590,685,-95
107000208,1043,193,850
107000209,1481,257,1224
107000210,1383,192,1191
107000211,10,9,1
107000212,2,168,-166
107000213,26,8,18
107000214,8,101,-93
107000215,108,360,-252
107000216,52,431,-379
107000217,26,126,-100
107000219,30,104,-74
107000220,42,324,-282
107000222,138,619,-481
107000224,107,18,89
107000225,88,805,-717
107000226,39,38,1
107000227,71,596,-525
107000228,66,145,-79
107000229,117,81,36
107000230,777,361,416
107000231,163,160,3
107000232,39,36,3
107000233,161,188,-27
107000234,0,8,-8
107000235,0,0,0
107000236,12,262,-250
107000237,0,0,0
107000238,0,1,-1
107000239,5099,263,4836
107000240,31,1175,-1144
107000241,66,12,54
107000242,495,54,441
107000243,0,34,-34
107000244,10,76,-66
107000246,5,1141,-1136
107000249,1,707,-706
107000251,1,266,-265
107000252,6,1412,-1406
107000255,528,80,448
107000257,4,648,-644
107000258,0,136,-136
107000259,0,274,-274
107000260,57,9,48
107000262,2,883,-881
107000263,36,2,34
107000266,4,1,3
107000267,45,181,-136
107000268,82,158,-76
107000269,81,17,64
107000270,2,10,-8
107000271,2,1076,-1074
107000272,2,312,-310
107000273,0,229,-229
107000274,179,139,40
107000275,11,515,-504
107000280,149,18,131
107000281,9,1069,-1060
107000282,14,1662,-1648
107000290,3,54,-51
107000291,3,8,-5
107000292,0,47,-47
107000293,47,4,43
107000294,1,42,-41
107000295,17,3,14
107000296,0,6,-6
107000444,64,0,64
107000496,1,19,-18
107000497,686,3073,-2387
107000500,181,231,-50
107000501,32,111,-79
107000502,48,288,-240
107000505,372,581,-209
107000506,0,17,-17
107000508,1,708,-707
107000509,90,157,-67
107000510,6,8,-2
107000514,5,269,-264
107000515,9,284,-275
107000516,55,97,-42
107000518,131,93,38
107000519,2727,1106,1621
107000520,24,1,23
107900001,8,269,-261
107900002,45,0,45
107900003,101,9,92
107900004,12,0,12
107900005,150,0,150
107900006,6,0,6
107900007,45,3,42
107900008,50,39,11
107900009,56,1,55
107900010,4,2,2
107900012,62,4,58
107900013,59,50,9
107900014,3,5,-2
107900015,174,0,174
107900016,166,77,89
107900017,6,1,5
107900018,13,9,4
107900019,3,76,-73
107900020,38,8,30
107900021,2,131,-129
107900023,0,2,-2
107900024,0,12,-12
107900025,141,329,-188
107900026,14,123,-109
107900027,16,84,-68
107900028,4,90,-86
107900030,55,3,52
107900031,27,243,-216
107900032,0,4,-4
107900033,7,1,6
107900034,49,1,48
107900035,179,4,175
107900036,30,0,30
107900037,0,18,-18
107900038,89,39,50
107900039,25,84,-59
107900040,7,27,-20
107900041,0,0,0
107900043,7,115,-108
107900044,2,0,2
107900045,25,6,19
107900046,42,13,29
107900047,1,23,-22
107900048,24,3,21
107900049,167,201,-34
107900050,64,281,-217
107900051,11,71,-60
107900052,0,2,-2
107900053,14,81,-67
107900055,104,44,60
107900056,18,8,10
107900057,0,0,0
107900058,19,783,-764
107900060,1,36,-35
107900061,13,1,12
107900063,32,47,-15
107900064,128,8,120
107900065,42,6,36
107900066,1,8,-7
107900067,0,0,0
107900068,68,164,-96
107900069,15,161,-146
107900070,15,6,9
107900071,8,882,-874
107900072,8,193,-185
107900073,4,83,-79
107900074,701,44,657
107900076,32,49,-17
107900077,8,0,8
107900078,96,8,88
107900079,3,7,-4
107900080,109,85,24
107900081,3,30,-27
107900082,10,5,5
107900083,94,57,37
107900084,12,32,-20
107900086,13,43,-30
107900087,211,18,193
107900088,8,6,2
107900089,236,635,-399
107900090,208,272,-64
107900091,48,442,-394
107900092,2027,440,1587
107900093,22,23,-1
107900095,2179,626,1553
107900097,9,28,-19
107900098,13,39,-26
107900100,719,219,500
107900101,744,59,685
107900102,7,4,3
107900103,26,128,-102
107900104,29,0,29
107900105,1,552,-551
107900106,4,1402,-1398
107900107,1310,75,1235
107900108,214,43,171
107900109,142,3,139
107900110,1,87,-86
107900111,5,1435,-1430
107900112,55,120,-65
107900113,19,61,-42
107900114,25,206,-181
107900115,13,40,-27
107900116,23,222,-199
107900117,109,351,-242
107900118,34,121,-87
107900119,25,33,-8
107900120,5,2,3
107900121,0,79,-79
107900122,0,35,-35
107900123,0,17,-17
107900124,3,57,-54
107900125,6,116,-110
107900126,1,10,-9
107900127,465,38,427
107900128,61,14,47
107900129,6,34,-28
107900130,2,10,-8
107900131,65,21,44
107900132,36,398,-362
107900133,2,58,-56
107900134,9,8,1
107900135,0,158,-158
107900136,31,14,17
107900137,45,61,-16
107900138,5,23,-18
107900139,5,22,-17
107900140,53,59,-6
107900141,22,3,19
107900142,42,919,-877
107900143,20,32,-12
107900144,0,99,-99
107900145,7,78,-71
107900146,12,99,-87
107900147,5,5,0
107900148,95,135,-40
107900149,1727,54,1673
107900150,52,508,-456
107900151,3,111,-108
107900152,10,217,-207
107900153,60,122,-62
107900154,6,3,3
107900155,7,24,-17
107900156,2,347,-345
107900157,36,55,-19
107900158,130,5,125
107900159,25,926,-901
107900160,16,192,-176
107900161,4,220,-216
107900162,2,192,-190
107900163,4,27,-23
107900164,2,9,-7
107900165,16,20,-4
107900166,6,235,-229
107900167,0,2,-2
107900168,5,45,-40
107900169,0,191,-191
107900171,5,1506,-1501
107900172,0,301,-301
107900173,3,243,-240
107900174,16,7,9
107900175,2,3,-1
107900176,3,26,-23
107900177,1,194,-193
107900178,2,249,-247
107900179,0,112,-112
107900180,904,65,839
107900181,206,320,-114
107900182,5,1528,-1523
107900183,4,403,-399
107900184,14,241,-227
107900185,11,3,8
107900186,4,21,-17
107900187,1,174,-173
107900188,491,39,452
107900189,6,124,-118
107900190,108,20,88
107900191,3,113,-110
107900193,0,21,-21
107900194,31,0,31
107900195,3936,352,3584
107900196,30,27,3
107900197,145,54,91
107900199,2,1198,-1196
107900201,29,141,-112
107900203,17,44,-27
107900204,176,226,-50
107900205,82,444,-362
107900206,145,95,50
107900207,1,556,-555
107900208,2,782,-780
107900209,251,97,154
107900210,77,65,12
107900213,105,246,-141
107900214,1,160,-159
107900215,128,249,-121
107900216,31,35,-4
107900217,5,34,-29
107900218,7,1583,-1576
107900219,5,109,-104
107900220,91,47,44
107900221,176,266,-90
107900223,26,372,-346
107900224,128,257,-129
107900225,5,739,-734
107900226,29,157,-128
107900227,55,493,-438
107900228,2,100,-98
107900229,3,232,-229
107900230,0,138,-138
107900231,2,152,-150
107900232,12,292,-280
107900233,2,126,-124
107900234,19,178,-159
107900235,50,99,-49
107900236,13,100,-87
107900237,110,303,-193
107900238,9,87,-78
107900239,1044,329,715
107900240,0,159,-159
107900241,8,95,-87
107900242,1,337,-336
107900243,2,21,-19
107900244,58,2,56
107900245,57,18,39
107900246,19,3,16
107900248,52,464,-412
107900249,91,1,90
107900250,1,519,-518
107900251,3,1172,-1169
107900252,86,4,82
107900253,16,0,16
107900254,5,50,-45
107900255,297,30,267
107900256,126,510,-384
107900257,23,17,6
107900258,17,190,-173
107900259,45,231,-186
107900261,0,454,-454
107900262,17,82,-65
107900264,45,2,43
107900265,23,236,-213
107900267,22,8,14
107900268,36,9,27
107900269,0,10,-10
107900270,0,0,0
107900271,0,1,-1
107900272,4,0,4
107900273,4,61,-57
107900274,10,0,10
107900275,23,0,23
107900276,1,64,-63
107900277,0,222,-222
107900278,59,288,-229
107900279,174,45,129
107900280,1526,685,841
107900281,2569,457,2112
107900282,17,86,-69
107900283,1321,204,1117
107900284,36,703,-667
107900285,32,128,-96
107900286,25,43,-18
107900287,21,38,-17
107900290,0,14,-14
107900291,118,7,111
107900292,43,220,-177
107900293,12,386,-374
107900295,8,102,-94
107900297,0,182,-182
107900298,329,707,-378
107900299,2988,539,2449
107900300,24,141,-117
107900301,153,138,15
107900302,26,6,20
107900303,8,206,-198
107900304,33,444,-411
107900305,66,9,57
107900306,9,0,9
107900307,11,267,-256
107900308,101,9,92
107900309,2,0,2
107900310,0,0,0
107900311,44,24,20
107900312,0,0,0
107900313,1,26,-25
107900314,0,45,-45
107900315,0,33,-33
107900316,8,0,8
107900317,5,0,5
107900318,0,73,-73
107900319,3,286,-283
107900320,7,176,-169
107900321,20,0,20
107900322,0,217,-217
107900323,11,149,-138
107900324,37,1,36
107900325,14,0,14
107900326,13,390,-377
107900327,0,1,-1
107900328,0,0,0
107900329,0,0,0
107900330,1,607,-606
107900331,21,15,6
107900332,31,15,16
107900333,19,6,13
107900334,13,212,-199
107900335,8,41,-33
107900336,4,12,-8
107900337,1007,209,798
107900338,1,94,-93
107900339,0,15,-15
107900340,0,62,-62
107900341,4,0,4
107900342,32,94,-62
107900343,5,0,5
107900344,0,114,-114
107900345,28,14,14
107900346,7,1,6
107900347,3,1,2
107900348,0,1,-1
107900349,11,1,10
107900350,39,263,-224
108000001,1124,1194,-70
108000002,1743,3035,-1292
108000003,1488,752,736
108000004,14499,12622,1877
108000005,1582,1208,374
108000006,2798,4911,-2113
108000007,1450,1458,-8
108000008,2811,4646,-1835
108000009,855,1555,-700
108000010,1473,4618,-3145
108000011,4290,3272,1018
108000012,14316,12961,1355
108000014,151,255,-104
108000015,104,154,-50
108000016,105,539,-434
108000017,104,190,-86
108000018,238,259,-21
108000019,270,290,-20
108000020,154,162,-8
108000021,278,1362,-1084
108000022,349,1407,-1058
108000023,384,35,349
108000024,35,576,-541
108000025,88,155,-67
108000026,46,448,-402
108000027,83,527,-444
108000028,8,235,-227
108000029,61,560,-499
108000030,31,123,-92
108000031,55,546,-491
108000032,310,160,150
108000033,271,1091,-820
108000034,310,162,148
108000035,453,2305,-1852
108000036,131,1439,-1308
108000037,391,140,251
108000038,478,154,324
108000039,179,2156,-1977
108000040,365,187,178
108000041,420,2333,-1913
108000042,4,177,-173
108000043,55,325,-270
108000044,10,105,-95
108000045,52,800,-748
108000046,209,164,45
108000047,185,1043,-858
108000048,69,457,-388
108000049,75,77,-2
108000050,54,308,-254
108000051,30,22,8
108000052,190,578,-388
108000053,65,29,36
108000054,283,711,-428
108000055,214,181,33
108000056,580,832,-252
108000057,129,323,-194
108000058,666,907,-241
108000059,2546,1152,1394
108000060,24,198,-174
108000061,105,310,-205
108000062,134,246,-112
108000063,153,671,-518
108000064,47,113,-66
108000065,164,552,-388
108000066,534,263,271
108000067,403,168,235
108000068,120,144,-24
108000069,75,970,-895
108000070,241,161,80
108000071,263,1625,-1362
108000072,222,316,-94
108000073,622,1663,-1041
108000074,65,105,-40
108000075,143,679,-536
108000076,155,136,19
108000077,340,885,-545
108000078,605,548,57
108000079,790,1699,-909
108000080,194,265,-71
108000081,232,2698,-2466
108000082,696,1233,-537
108000083,515,290,225
108000084,198,1004,-806
108000085,77,98,-21
108000086,542,575,-33
108000087,77,470,-393
108000088,29,2,27
108000089,118,153,-35
108000090,54,17,37
108000091,43,437,-394
108000092,35,26,9
108000093,67,703,-636
108000094,94,21,73
108000095,79,459,-380
108000096,31,31,0
108000097,43,509,-466
108000098,127,469,-342
108000099,2,2,0
108000100,0,5,-5
108000101,174,189,-15
108000102,325,621,-296
108000106,162,2,160
108000107,2,616,-614
108000108,141,15,126
108000109,5,656,-651
108000110,44,160,-116
108000111,78,565,-487
108000112,9,16,-7
108000113,309,296,13
108000115,334,204,130
108000117,482,193,289
108000118,41,108,-67
108000119,310,366,-56
108000120,12,246,-234
108000121,56,448,-392
108000122,55,157,-102
108000123,99,203,-104
108000124,53,542,-489
108000125,42,301,-259
108000126,43,543,-500
108000127,48,392,-344
108000128,94,759,-665
108000129,79,1500,-1421
108000130,45,269,-224
108000131,207,72,135
108000132,743,866,-123
108000133,211,241,-30
108000134,359,937,-578
108000135,213,180,33
108000136,586,1069,-483
108000137,120,299,-179
108000138,161,1158,-997
108000139,35,328,-293
108000140,49,16,33
108000141,5,143,-138
108000142,16,105,-89
108000143,25,17,8
108000144,18,16,2
108000145,13,34,-21
108000146,14,3,11
108000147,31,60,-29
108000148,13,3,10
108000149,6,38,-32
108000150,23,3,20
108000151,14,3,11
108000152,45,537,-492
108000153,42,64,-22
108000154,16,9,7
108000155,2,8,-6
108000156,315,65,250
108000157,41,198,-157
108000158,49,176,-127
108000159,384,84,300
108000160,3950,345,3605
108000161,4113,593,3520
108000165,1,115,-114
108000172,0,83,-83
108000173,2226,869,1357
108000175,10,43,-33
108000178,409,322,87
108000179,149,278,-129
108000181,33,24,9
108000182,93,6,87
108000183,10,14,-4
108000184,715,576,139
108000185,19,695,-676
108000186,48,36,12
108000187,20,852,-832
108000188,123,204,-81
108000189,154,369,-215
108000190,24,113,-89
108000192,23,521,-498
108000193,499,36,463
108000194,0,1,-1
108000195,2,984,-982
108000196,25,59,-34
108000198,107,311,-204
108000199,1,71,-70
108000200,91,605,-514
108000202,0,175,-175
108000203,12,1056,-1044
108000204,53,25,28
108000205,518,493,25
108000339,971,178,793
108000364,94,92,2
108000365,25,302,-277
108000367,45,194,-149
108000368,6,51,-45
108000369,1648,77,1571
108000371,0,496,-496
108000372,71,2,69
108000373,1,0,1
108000376,58,4,54
108000377,112,317,-205
108000378,4819,2780,2039
108000379,6,88,-82
108000381,6,4,2
108000382,26,0,26
108000383,0,70,-70
108900001,124,906,-782
108900002,126,25,101
108900003,262,807,-545
108900004,424,124,300
108900005,8,56,-48
108900006,236,159,77
108900007,35,129,-94
108900008,12,121,-109
108900009,10,92,-82
108900010,24,104,-80
108900011,78,272,-194
108900012,76,542,-466
108900013,20,219,-199
108900014,1,55,-54
108900015,0,20,-20
108900016,0,136,-136
108900017,85,131,-46
108900018,25,517,-492
108900019,4,1091,-1087
108900020,8,250,-242
108900021,45,293,-248
108900022,12,2,10
108900023,0,17,-17
108900024,3,114,-111
108900025,10,65,-55
108900026,6,45,-39
108900027,0,130,-130
108900028,14,459,-445
108900029,9,139,-130
108900030,1,119,-118
108900031,4,554,-550
108900032,2,234,-232
108900033,0,80,-80
108900034,2,287,-285
108900035,87,2014,-1927
108900036,148,307,-159
108900037,16,377,-361
108900038,1,358,-357
108900039,2,642,-640
108900040,0,87,-87
108900041,4600,737,3863
108900042,0,198,-198
108900043,25,442,-417
108900044,2,788,-786
108900045,18,556,-538
108900046,27,843,-816
108900047,1,29,-28
108900048,22,775,-753
108900049,4359,345,4014
108900050,2,251,-249
108900051,0,194,-194
108900052,4,280,-276
108900053,31,62,-31
108900054,13,208,-195
108900055,33,381,-348
108900056,0,196,-196
108900057,1,224,-223
108900058,0,546,-546
108900059,86,6,80
108900060,61,48,13
108900061,44,15,29
108900062,4,352,-348
108900063,3,454,-451
108900064,17,36,-19
108900065,14,292,-278
108900066,55,75,-20
108900067,24,240,-216
108900068,0,164,-164
108900069,5,131,-126
108900070,22,171,-149
108900071,21,34,-13
108900072,1947,65,1882
108900073,0,76,-76
108900074,16,425,-409
108900075,35,74,-39
108900076,42,45,-3
108900077,58,114,-56
108900078,3,216,-213
108900079,456,205,251
108900080,8,108,-100
108900081,33,198,-165
108900082,19,85,-66
108900083,2,40,-38
108900084,335,60,275
108900085,1364,68,1296
108900086,15,330,-315
108900087,119,144,-25
108900088,216,84,132
108900089,4,31,-27
108900090,8,373,-365
108900091,112,73,39
108900092,103,113,-10
108900093,15,26,-11
108900094,82,41,41
108900095,56,571,-515
108900096,497,11,486
108900097,55,180,-125
108900098,2290,49,2241
108900099,71,320,-249
108900100,19,88,-69
108900101,48,25,23
108900102,79,214,-135
108900103,5,30,-25
108900104,195,199,-4
108900105,11,227,-216
108900106,88,579,-491
108900108,30,15,15
108900109,1,8,-7
108900110,35,457,-422
108900111,40,714,-674
108900112,42,6,36
108900113,15,11,4
108900114,0,4,-4
108900115,21,25,-4
108900116,6,0,6
108900117,15,7,8
108900118,103,3,100
108900119,52,24,28
108900120,9,45,-36
108900121,60,3,57
108900122,20,13,7
108900123,13,9,4
108900124,57,45,12
108900125,68,0,68
108900126,14,3,11
108900127,27,17,10
108900128,14,3,11
108900129,109,34,75
108900130,33,0,33
108900131,61,2,59
108900132,108,123,-15
108900133,76,27,49
108900134,31,131,-100
108900135,10,2,8
108900136,1,0,1
108900137,20,1,19
108900138,92,7,85
108900139,54,50,4
108900140,25,125,-100
108900141,33,6,27
108900142,13,0,13
108900143,7,0,7
108900144,18,1,17
108900145,16,0,16
108900146,3,0,3
108900147,26,0,26
108900148,39,39,0
108900149,192,180,12
108900150,113,2,111
108900151,15,3,12
108900152,14,23,-9
108900153,18,477,-459
108900154,1015,102,913
108900155,26,33,-7
108900156,41,12,29
108900157,8,570,-562
108900158,28,15,13
108900159,4,237,-233
108900160,4,168,-164
108900161,6,400,-394
108900162,8,0,8
108900163,4,42,-38
108900164,11,71,-60
108900165,100,52,48
108900167,1066,683,383
108900168,9268,904,8364
108900169,5,51,-46
108900171,5742,677,5065
108900172,41,9,32
108900173,130,260,-130
108900174,76,211,-135
108900176,60,483,-423
108900177,8458,765,7693
108900178,4620,621,3999
108900179,140,294,-154
108900180,15,55,-40
108900182,4,70,-66
108900183,75,176,-101
108900184,46,82,-36
108900185,10,186,-176
108900186,3,216,-213
108900187,54,30,24
108900188,51,27,24
108900189,41,93,-52
108900190,10,2591,-2581
108900191,61,3,58
108900192,18,278,-260
108900193,52,27,25
108900194,10,359,-349
108900195,15,300,-285
108900196,28,539,-511
108900198,2,535,-533
108900199,26,255,-229
108900200,173,237,-64
108900201,97,675,-578
108900203,93,6,87
108900204,53,1,52
108900205,29,4,25
108900206,59,7,52
108900207,25,6,19
108900208,17,349,-332
108900209,139,582,-443
108900210,77,166,-89
108900211,27,87,-60
108900212,431,279,152
108900215,52,553,-501
108900216,156,76,80
108900217,8,1,7
108900218,24,0,24
108900219,3,1,2
108900220,9,2,7
108900221,15,18,-3
108900222,35,4,31
108900223,3,16,-13
108900224,22,62,-40
108900225,1,117,-116
108900226,39,1,38
108900227,23,44,-21
108900230,310,292,18
108900231,21,195,-174
108900232,2,359,-357
108900233,61,10,51
108900234,56,21,35
108900235,145,591,-446
108900236,15,321,-306
108900237,15,267,-252
108900240,17,54,-37
108900241,2,23,-21
108900245,0,165,-165
108900249,26,1,25
108900250,28,60,-32
108900257,19,514,-495
108900258,6,215,-209
108900259,7,45,-38
108900260,6,100,-94
108900261,92,106,-14
108900262,266,49,217
108900263,26,287,-261
108900264,172,130,42
108900265,1186,111,1075
108900266,743,85,658
108900267,3,20,-17
108900268,0,0,0
108900269,9,4,5
108900270,5,2,3
108900271,6,1,5
108900272,22,2,20
108900273,675,160,515
108900274,9,30,-21
109000001,1451,389,1062
109000002,3393,1129,2264
109000003,717,313,404
109000004,366,2695,-2329
109000005,562,428,134
109000006,470,1872,-1402
109000007,330,340,-10
109000008,290,1744,-1454
109000009,1122,594,528
109000010,963,3331,-2368
109000011,546,625,-79
109000012,850,3750,-2900
109000013,819,564,255
109000014,828,3513,-2685
109000015,1191,1142,49
109000016,8903,3813,5090
109000017,544,507,37
109000018,521,3215,-2694
109000019,672,516,156
109000020,805,1878,-1073
109000023,5,0,5
109000024,2,91,-89
109000025,235,150,85
109000026,428,210,218
109000027,51,142,-91
109000028,27,137,-110
109000029,93,54,39
109000030,29,380,-351
109000031,0,0,0
109000032,19,391,-372
109000033,45,4,41
109000034,12,19,-7
109000035,1,7,-6
109000036,23,282,-259
109000037,93,381,-288
109000038,425,258,167
109000039,294,153,141
109000040,3830,1197,2633
109000041,5555,609,4946
109000042,668,638,30
109000044,39,46,-7
109000045,34,384,-350
109000046,28,43,-15
109000047,22,415,-393
109000048,115,32,83
109000049,125,502,-377
109000050,48,34,14
109000051,158,272,-114
109000052,176,1623,-1447
109000053,44,38,6
109000054,28,644,-616
109000055,37,91,-54
109000056,105,567,-462
109000057,90,74,16
109000058,436,167,269
109000059,200,593,-393
109000060,136,26,110
109000061,1106,288,818
109000062,48,64,-16
109000063,136,216,-80
109000064,36,92,-56
109000065,23,370,-347
109000066,94,67,27
109000067,18,334,-316
109000068,7,0,7
109000069,12,0,12
109000070,5,649,-644
109000071,164,46,118
109000072,60,323,-263
109000073,26,56,-30
109000074,12,227,-215
109000075,26,355,-329
109000076,28,92,-64
109000077,160,210,-50
109000078,12,75,-63
109000079,19,202,-183
109000080,15,96,-81
109000081,3,438,-435
109000082,77,263,-186
109000083,44,749,-705
109000088,68,332,-264
109000089,39,16,23
109000090,169,501,-332
109000091,111,28,83
109000092,186,636,-450
109000093,84,57,27
109000094,69,4,65
109000095,33,776,-743
109000096,170,19,151
109000097,54,80,-26
109000098,1,3,-2
109000099,137,231,-94
109000100,73,403,-330
109000101,212,551,-339
109000102,84,816,-732
109000103,106,549,-443
109000104,291,366,-75
109000105,180,1395,-1215
109000106,333,285,48
109000107,250,1570,-1320
109000108,228,264,-36
109000109,324,1688,-1364
109000110,278,198,80
109000111,577,2072,-1495
109000112,107,140,-33
109000113,68,147,-79
109000114,23,206,-183
109000115,369,29,340
109000116,3,163,-160
109000117,33,53,-20
109000118,3,269,-266
109000119,113,178,-65
109000120,27,1309,-1282
109000121,30,38,-8
109000122,59,1339,-1280
109000123,12,85,-73
109000124,113,289,-176
109000125,130,213,-83
109000126,87,990,-903
109000127,116,109,7
109000128,204,2510,-2306
109000129,416,134,282
109000130,242,2519,-2277
109000131,202,94,108
109000132,432,1509,-1077
109000133,86,680,-594
109000134,287,1281,-994
109000135,437,1001,-564
109000136,114,367,-253
109000137,53,203,-150
109000138,130,525,-395
109000139,118,249,-131
109000140,37,457,-420
109000141,83,271,-188
109000142,60,506,-446
109000143,17,42,-25
109000145,37,83,-46
109000146,42,54,-12
109000148,3646,463,3183
109000149,16,12,4
109000150,31,108,-77
109000155,151,357,-206
109000156,661,860,-199
109000158,17,152,-135
109000159,24,429,-405
109000160,185,336,-151
109000161,75,1053,-978
109000162,782,834,-52
109000163,303,1064,-761
109000164,417,1843,-1426
109000165,384,521,-137
109000166,153,133,20
109000167,52,768,-716
109000170,24,44,-20
109000171,27,34,-7
109000172,14,22,-8
109000173,6,17,-11
109000174,18,45,-27
109000175,22,87,-65
109000176,88,323,-235
109000177,16,104,-88
109000178,81,64,17
109000179,6837,1146,5691
109000180,4477,1862,2615
109000181,4,56,-52
109000182,7,51,-44
109000183,12,31,-19
109000184,15,13,2
109000185,8,42,-34
109000188,109,2435,-2326
109000189,418,670,-252
109000190,198,460,-262
109000191,43,377,-334
109000192,54,197,-143
109000193,67,394,-327
109000194,19,104,-85
109000195,15,347,-332
109000196,55,55,0
109000197,61,533,-472
109000198,41,22,19
109000199,54,405,-351
109000206,80,48,32
109000207,29,52,-23
109000208,68,39,29
109000209,54,27,27
109000210,160,369,-209
109000211,58,178,-120
109000214,113,605,-492
109000215,18,15,3
109000216,12,32,-20
109000217,86,37,49
109000218,38,42,-4
109000221,92,930,-838
109000222,151,9,142
109000223,82,150,-68
109000224,35,339,-304
109000225,22,42,-20
109000226,22,223,-201
109000227,184,1213,-1029
109000228,1,251,-250
109000231,0,469,-469
109000232,71,533,-462
109000236,92,703,-611
109000241,463,1291,-828
109000242,288,741,-453
109000293,3,18,-15
109000361,37,131,-94
109000364,93,482,-389
109000396,7,891,-884
109000397,87,4,83
109000399,83,394,-311
109000400,11,309,-298
109000403,21,110,-89
109000406,0,1,-1
109000407,81,218,-137
109000408,1,401,-400
109000410,338,126,212
109000411,17,15,2
109900001,17,30,-13
109900002,143,3,140
109900003,65,0,65
109900004,202,189,13
109900005,1,2,-1
109900006,53,229,-176
109900007,84,918,-834
109900008,0,19,-19
109900009,30,1132,-1102
109900010,104,1,103
109900011,22,19,3
109900012,36,76,-40
109900013,130,35,95
109900014,61,19,42
109900015,62,31,31
109900016,28,44,-16
109900017,14,24,-10
109900018,45,123,-78
109900019,30,77,-47
109900020,3,3,0
109900021,0,1,-1
109900022,17,341,-324
109900023,1,0,1
109900024,0,0,0
109900025,0,45,-45
109900026,2,139,-137
109900027,15,1,14
109900028,2194,198,1996
109900029,5,610,-605
109900030,2,0,2
109900031,1,65,-64
109900032,2,194,-192
109900033,0,355,-355
109900034,6,0,6
109900035,6,19,-13
109900036,38,72,-34
109900037,6,406,-400
109900038,10,216,-206
109900039,4,0,4
109900040,11,632,-621
109900041,23,451,-428
109900042,4,433,-429
109900044,32,224,-192
109900045,6,30,-24
109900046,20,26,-6
109900047,247,255,-8
109900048,15,55,-40
109900049,2,15,-13
109900050,1,312,-311
109900051,0,30,-30
109900052,9,193,-184
109900053,7,438,-431
109900054,70,29,41
109900055,4,190,-186
109900056,7,20,-13
109900057,6,195,-189
109900058,1,99,-98
109900059,117,23,94
109900060,93,92,1
109900061,70,268,-198
109900062,2,241,-239
109900063,4,177,-173
109900064,45,144,-99
109900065,92,102,-10
109900066,110,950,-840
109900067,1,443,-442
109900068,8,0,8
109900069,0,21,-21
109900070,47,232,-185
109900071,0,16,-16
109900072,7,91,-84
109900073,30,594,-564
109900074,3,47,-44
109900075,2,10,-8
109900076,10,250,-240
109900077,12,69,-57
109900078,30,240,-210
109900080,66,295,-229
109900081,2,70,-68
109900082,18,446,-428
109900083,2,33,-31
109900084,7,98,-91
109900085,44,1049,-1005
109900086,31,68,-37
109900087,68,236,-168
109900089,98,60,38
109900090,241,781,-540
109900091,31,18,13
109900092,133,5,128
109900093,139,37,102
109900094,10,47,-37
109900095,23,123,-100
109900096,4,0,4
109900097,8,0,8
109900098,40,12,28
109900099,13,0,13
109900100,4,24,-20
109900101,50,3,47
109900102,121,9,112
109900103,4,39,-35
109900104,71,1165,-1094
109900105,99,10,89
109900106,52,51,1
109900107,112,38,74
109900108,26,1011,-985
109900109,8,571,-563
109900110,12,418,-406
109900111,89,866,-777
109900112,133,872,-739
109900113,106,83,23
109900114,270,72,198
109900115,23,23,0
109900117,115,45,70
109900118,146,367,-221
109900119,320,200,120
109900120,9,4,5
109900121,120,49,71
109900122,25,1,24
109900123,2,190,-188
109900124,19,822,-803
109900125,1,180,-179
109900126,13,130,-117
109900128,34,34,0
109900130,9505,402,9103
109900131,35,45,-10
109900132,11,117,-106
109900133,11,337,-326
109900134,6,6,0
109900135,207,33,174
109900136,11,92,-81
109900137,8,319,-311
109900138,56,228,-172
109900140,42,332,-290
109900142,155,106,49
109900145,1,56,-55
109900146,87,16,71
109900148,16,48,-32
109900149,42,24,18
109900150,2,40,-38
109900151,1,39,-38
109900152,0,11,-11
109900153,0,24,-24
109900154,3,0,3
109900155,2,2,0
109900157,20,199,-179
109900158,22,95,-73
109900159,57,7,50
109900160,22,21,1
109900161,41,26,15
109900162,43,40,3
109900163,535,135,400
109900164,30,139,-109
109900165,36,3,33
109900166,0,110,-110
109900167,34,579,-545
109900168,39,494,-455
109900169,30,81,-51
109900170,137,119,18
109900171,24,49,-25
109900172,45,101,-56
109900173,3206,369,2837
109900174,12,107,-95
109900175,7,83,-76
109900176,36,182,-146
109900177,10,289,-279
109900178,1,103,-102
109900179,3,11,-8
109900180,2,3,-1
110000001,258,424,-166
110000002,212,309,-97
110000003,688,512,176
110000004,303,294,9
110000005,591,625,-34
110000006,435,246,189
110000007,62,140,-78
110000008,6,38,-32
110000009,5,45,-40
110000010,4,56,-52
110000011,12,76,-64
110000012,440,419,21
110000013,11,207,-196
110000014,536,285,251
110000015,345,306,39
110000016,224,405,-181
110000017,3888,209,3679
110000018,3334,426,2908
110000019,1,148,-147
110000020,382,182,200
110000021,250,215,35
110000022,286,116,170
110000023,5,114,-109
110000024,514,297,217
110000025,49,4,45
110000026,4,564,-560
110000027,289,165,124
110000028,380,444,-64
110000029,225,794,-569
110000030,84,194,-110
110000031,95,478,-383
110000032,311,276,35
110000033,67,70,-3
110000034,133,588,-455
110000035,152,1031,-879
110000036,226,733,-507
110000037,41,911,-870
110000038,114,477,-363
110000039,160,600,-440
110000040,228,525,-297
110000041,38,127,-89
110000042,42,445,-403
110000043,96,23,73
110000044,12,63,-51
110000045,57,27,30
110000046,2,5,-3
110000047,0,10,-10
110000048,3,7,-4
110000049,1,1,0
110000050,7,12,-5
110000051,1,1,0
110000052,9,33,-24
110000053,7,1,6
110000054,67,144,-77
110000055,53,16,37
110000056,9,26,-17
110000057,186,650,-464
110000058,353,553,-200
110000059,324,492,-168
110000060,204,363,-159
110000061,678,825,-147
110000062,385,414,-29
110000063,15,58,-43
110000064,32,105,-73
110000065,16,64,-48
110000066,5,27,-22
110000067,28,291,-263
110000068,46,503,-457
110000069,62,107,-45
110000071,13,93,-80
110000073,0,9,-9
110000075,2,94,-92
110000076,113,128,-15
110000077,239,259,-20
110000078,6,33,-27
110000080,116,480,-364
110000081,6,195,-189
110000082,13,145,-132
110000083,142,379,-237
110000084,190,228,-38
110000085,2688,860,1828
110000086,740,421,319
110000087,3,38,-35
110000088,11,163,-152
110000089,39,122,-83
110000090,39,217,-178
110000091,1526,234,1292
110000092,13,112,-99
110000093,8,0,8
110000094,260,204,56
110000095,42,226,-184
110000096,3562,1187,2375
110000097,493,519,-26
110000098,529,221,308
110000099,537,1060,-523
110000100,100,805,-705
110000101,5,550,-545
110000102,15,18,-3
110000104,57,32,25
110000105,17,204,-187
110000106,127,74,53
110000107,188,305,-117
110000108,28,35,-7
110000109,149,266,-117
110000110,3046,1357,1689
110000111,8418,1167,7251
110000112,820,155,665
110000113,513,335,178
110000114,55,171,-116
110000115,96,186,-90
110000116,12,29,-17
110000117,52,583,-531
110000118,187,216,-29
110000119,102,424,-322
110000120,119,132,-13
110000121,41,234,-193
110000122,178,385,-207
110000123,134,206,-72
110000124,4,724,-720
110000125,348,2,346
110000126,66,5,61
110000127,153,10,143
110000128,7,1523,-1516
110000129,1,471,-470
110000130,49,48,1
110000131,56,277,-221
110000132,2,669,-667
110000133,34,181,-147
110000134,17,169,-152
110000135,75,30,45
110000136,36,268,-232
110000137,124,610,-486
110000138,163,788,-625
110000139,253,1238,-985
110000140,385,148,237
110000143,369,227,142
110000144,2010,423,1587
110000145,547,309,238
110000146,1748,419,1329
110000147,82,456,-374
110000148,63,119,-56
110000151,503,349,154
110000152,379,181,198
110000153,28,50,-22
110000154,11,3,8
110000155,975,891,84
110000156,416,633,-217
110000157,1456,897,559
110000160,205,342,-137
110000161,62,411,-349
110000166,67,85,-18
110000167,183,236,-53
110000168,271,141,130
110000169,85,121,-36
110000170,22,35,-13
110000171,159,100,59
110000172,51,590,-539
110000173,578,870,-292
110000174,67,1190,-1123
110000175,73,60,13
110000176,18,82,-64
110000177,25,387,-362
110000178,405,344,61
110000179,1019,194,825
110000180,45,266,-221
110000181,154,276,-122
110000182,251,222,29
110000183,9495,2226,7269
110000184,311,877,-566
110000185,549,515,34
110000186,388,314,74
110000191,129,358,-229
110000192,74,1,73
110000193,94,1,93
110000194,5,1068,-1063
110000195,55,324,-269
110000196,85,489,-404
110000197,12,189,-177
110000198,36,60,-24
110000199,28,93,-65
110000200,973,645,328
110000201,251,300,-49
110000202,358,226,132
110000203,273,832,-559
110000204,0,318,-318
110000205,16,63,-47
110000206,355,1717,-1362
110000207,186,147,39
110000208,53,68,-15
110000209,57,690,-633
110000210,1,0,1
110000211,0,0,0
110000212,75,492,-417
110000213,15,33,-18
110000214,44,52,-8
110000215,18,629,-611
110000216,28,597,-569
110000217,61,137,-76
110000218,34,484,-450
110000219,81,31,50
110000220,9,428,-419
110000221,77,55,22
110000222,15,262,-247
110000223,3,26,-23
110000224,58,4,54
110000225,99,371,-272
110000226,11,15,-4
110000227,277,224,53
110000228,47,30,17
110000229,1,220,-219
110000230,152,399,-247
110000231,64,100,-36
110000232,51,179,-128
110000233,30,164,-134
110000234,266,262,4
110000235,438,619,-181
110000236,131,851,-720
110000237,528,739,-211
110000238,319,763,-444
110000239,581,977,-396
110000240,1,113,-112
110000242,0,32,-32
110000243,23,161,-138
110000244,83,232,-149
110000245,10,283,-273
110000246,209,472,-263
110000247,732,3066,-2334
110000248,1278,1059,219
110000249,24,0,24
110000250,0,204,-204
110000251,49,480,-431
110000252,63,263,-200
110000253,355,281,74
110000254,341,1275,-934
110000255,148,1159,-1011
110000256,180,92,88
110000257,283,288,-5
110000258,0,428,-428
110000259,33,12,21
110000260,12,508,-496
110000263,308,133,175
110000264,86,518,-432
110000265,523,689,-166
110000266,828,1029,-201
110000267,5,167,-162
110000268,50,336,-286
110000269,0,67,-67
110000270,3,2,1
110000271,1007,137,870
110000272,337,638,-301
110000273,991,855,136
110000274,157,500,-343
110000275,2863,382,2481
110000276,64,168,-104
110000277,58,253,-195
110000278,149,695,-546
110000279,143,410,-267
110000280,90,327,-237
110000281,4,144,-140
110000282,32,33,-1
110000283,8,27,-19
110000284,6,20,-14
110000285,2,172,-170
110000286,0,0,0
110000287,9,1,8
110000288,0,101,-101
110000289,293,767,-474
110000290,1272,382,890
110000291,5245,920,4325
110000292,863,1872,-1009
110000293,149,952,-803
110000294,250,475,-225
110000295,29,719,-690
110000296,101,250,-149
110000297,1227,239,988
110000298,124,381,-257
110000299,204,19,185
110000301,86,7,79
110000302,58,1205,-1147
110000303,127,6,121
110000304,60,222,-162
110000305,167,4,163
110000306,89,2325,-2236
110000307,381,3,378
110000308,140,31,109
110000309,17,1752,-1735
110000310,170,47,123
110000311,14,935,-921
110000312,257,15,242
110000313,1697,1143,554
110000314,1,186,-185
110000315,1822,1142,680
110000316,370,849,-479
110000317,363,365,-2
110000318,2,68,-66
110000319,9,9,0
110000320,10,58,-48
110000321,5,19,-14
110000322,51,598,-547
110000323,110,316,-206
110000324,4653,924,3729
110000325,379,846,-467
110000327,129,157,-28
110000328,102,503,-401
110000333,185,133,52
110000334,205,1153,-948
110000335,296,388,-92
110000336,138,1251,-1113
110000337,233,297,-64
110000338,49,292,-243
110000339,30,185,-155
110000340,16,154,-138
110000341,81,527,-446
110000342,68,2,66
110000343,0,13,-13
110000344,35,146,-111
110000345,28,38,-10
110000346,1390,749,641
110000347,526,407,119
110000348,0,19,-19
110000349,4,14,-10
110000350,2,1,1
110000351,172,567,-395
110000352,155,1154,-999
110000353,1964,543,1421
110000354,509,1143,-634
110000355,15,80,-65
110000356,0,0,0
110000357,136,16,120
110000361,16,70,-54
110000362,13,73,-60
110000363,97,91,6
110000364,38,257,-219
110000365,27,0,27
110000366,0,67,-67
110000367,144,250,-106
110000368,1,41,-40
110000369,13,2,11
110000373,3,276,-273
110000374,11,2,9
110000375,54,516,-462
110000376,30,128,-98
110000377,0,0,0
110000378,17,214,-197
110000379,2589,705,1884
110000380,4,7,-3
110000383,0,277,-277
110000384,563,80,483
110000385,1,192,-191
110000387,0,10,-10
110000388,6,199,-193
110000389,73,8,65
110000391,4,368,-364
110000396,16,122,-106
110000397,26,227,-201
110000398,1,14,-13
110000399,4,1,3
110000587,20,29,-9
110000589,57,121,-64
110000640,87,91,-4
110000652,9,100,-91
110000653,33,364,-331
110000654,0,11,-11
110000656,0,554,-554
110000674,3,13,-10
110000675,1,8,-7
110000676,2,33,-31
110000679,536,234,302
110000682,26,22,4
110000683,227,316,-89
110000684,0,41,-41
110000685,1,0,1
110000686,0,18,-18
110000687,0,0,0
110000688,21,180,-159
110000689,7,60,-53
110000692,33,263,-230
110000693,57,135,-78
110000694,0,105,-105
110000695,61,650,-589
110000696,112,130,-18
110900001,43,13,30
110900002,15,220,-205
110900003,57,979,-922
110900004,70,324,-254
110900005,4017,604,3413
110900006,18,1,17
110900007,6,6,0
110900008,15,38,-23
110900009,56,8,48
110900010,2,80,-78
110900011,4,79,-75
110900012,1,113,-112
110900013,253,98,155
110900014,24,9,15
110900015,493,101,392
110900016,0,194,-194
110900017,64,28,36
110900018,95,11,84
110900019,8,7,1
110900020,19,601,-582
110900021,22,631,-609
110900022,39,369,-330
110900023,71,544,-473
110900024,13,532,-519
110900025,2,62,-60
110900027,8,241,-233
110900028,14,161,-147
110900029,36,426,-390
110900030,10,352,-342
110900031,1,178,-177
110900032,4,89,-85
110900033,23,265,-242
110900035,26,292,-266
110900036,15,19,-4
110900037,8,6,2
110900038,1003,146,857
110900039,9,201,-192
110900040,93,17,76
110900041,1,146,-145
110900042,27,40,-13
110900043,1,153,-152
110900044,173,30,143
110900045,25,707,-682
110900046,128,302,-174
110900047,533,37,496
110900049,25,15,10
110900050,0,1,-1
110900051,13,126,-113
110900052,3,191,-188
110900053,11,59,-48
110900054,12,304,-292
110900055,4,1,3
110900056,34,85,-51
110900057,5,255,-250
110900058,42,303,-261
110900059,292,829,-537
110900060,117,50,67
110900061,14,27,-13
110900062,23,327,-304
110900063,9,86,-77
110900064,3,0,3
110900065,258,63,195
110900066,1,60,-59
110900067,589,198,391
110900068,147,230,-83
110900069,1,23,-22
110900070,82,19,63
110900071,170,116,54
110900073,0,18,-18
110900074,84,24,60
110900075,70,34,36
110900077,130,240,-110
110900078,5,123,-118
110900079,1491,214,1277
110900080,17,43,-26
110900081,1,112,-111
110900082,8,175,-167
110900083,17,13,4
110900084,2,195,-193
110900085,18,326,-308
110900086,25,53,-28
110900087,54,74,-20
110900088,1,0,1
110900090,13,13,0
110900091,0,61,-61
110900093,67,25,42
110900095,8,53,-45
110900097,1,3,-2
110900098,7,106,-99
110900099,52,687,-635
110900100,0,29,-29
110900102,4,18,-14
110900105,787,361,426
110900108,1,104,-103
110900111,175,35,140
110900112,152,0,152
110900113,386,13,373
110900115,3,58,-55
110900116,105,2220,-2115
110900118,145,401,-256
110900119,5303,192,5111
110900120,3,124,-121
110900121,60,1,59
110900122,59,64,-5
110900125,99,94,5
110900127,247,342,-95
110900128,53,73,-20
110900129,158,107,51
110900130,667,96,571
110900131,9,47,-38
110900132,69,20,49
110900133,9,287,-278
110900135,86,465,-379
110900136,38,1,37
110900137,10,0,10
110900138,186,478,-292
110900139,2,27,-25
110900140,10,1,9
110900141,0,47,-47
110900142,15,162,-147
110900143,16,34,-18
110900144,4,503,-499
110900145,45,5,40
110900146,167,17,150
110900147,100,188,-88
110900148,0,259,-259
110900149,1,43,-42
110900150,14,5,9
110900151,1,61,-60
110900152,7,295,-288
110900153,15,11,4
111000001,151,81,70
111000002,274,469,-195
111000003,173,109,64
111000004,258,847,-589
111000005,289,261,28
111000006,507,886,-379
111000007,1898,676,1222
111000008,2525,2089,436
111000009,218,636,-418
111000010,268,155,113
111000011,441,691,-250
111000012,311,161,150
111000013,212,784,-572
111000014,368,282,86
111000017,82,346,-264
111000018,103,294,-191
111000020,2008,1499,509
111000021,46,44,2
111000023,33,33,0
111000025,5761,1101,4660
111000029,21,57,-36
111000030,23,49,-26
111000031,1316,311,1005
111000032,218,119,99
111000033,128,53,75
111000034,221,125,96
111000037,2389,864,1525
111000038,1171,1528,-357
111000039,645,1531,-886
111000040,753,1811,-1058
111000041,879,832,47
111000042,5756,1941,3815
111000043,349,231,118
111000044,273,59,214
111000045,508,466,42
111000046,402,466,-64
111000047,597,729,-132
111000049,160,362,-202
111000050,1278,1536,-258
111000051,216,898,-682
111000052,324,961,-637
111000053,203,869,-666
111000054,153,713,-560
111000055,761,1947,-1186
111000056,46,654,-608
111000057,26,823,-797
111000058,16,76,-60
111000059,64,124,-60
111000060,248,161,87
111000061,179,247,-68
111000062,107,154,-47
111000063,403,409,-6
111000064,121,279,-158
111000065,263,385,-122
111000066,58,105,-47
111000067,136,582,-446
111000068,108,448,-340
111000069,987,1299,-312
111000070,1913,1030,883
111000071,94,460,-366
111000072,37,16,21
111000073,1,38,-37
111000074,222,201,21
111000075,85,159,-74
111000076,54,216,-162
111000077,409,669,-260
111000078,874,888,-14
111000079,685,445,240
111000080,189,362,-173
111000081,1713,1562,151
111000082,238,450,-212
111000084,262,296,-34
111000085,458,903,-445
111000086,1164,719,445
111000087,450,569,-119
111000088,2627,787,1840
111000089,276,692,-416
111000090,798,1012,-214
111000091,329,686,-357
111000092,439,1139,-700
111000093,165,569,-404
111000094,493,613,-120
111000095,179,988,-809
111000096,1992,3422,-1430
111000097,5000,707,4293
111000098,221,1106,-885
111000099,185,2278,-2093
111000100,130,2148,-2018
111000101,268,901,-633
111000102,39,916,-877
111000104,46,73,-27
111000107,27,683,-656
111000109,39,72,-33
111000110,212,122,90
111000111,266,135,131
111000112,317,74,243
111000113,137,85,52
111000114,317,327,-10
111000115,5695,454,5241
111000116,426,450,-24
111000117,217,442,-225
111000118,802,643,159
111000119,404,1199,-795
111000120,143,364,-221
111000121,84,323,-239
111000122,186,828,-642
111000123,322,3141,-2819
111000124,177,3383,-3206
111000125,80,2066,-1986
111000126,37,961,-924
111000127,47,12,35
111000128,77,34,43
111000129,197,46,151
111000130,188,299,-111
111000131,141,245,-104
111000132,88,33,55
111000133,66,77,-11
111000134,48,78,-30
111000135,19,75,-56
111000136,90,103,-13
111000138,4,10,-6
111000140,0,3,-3
111000141,33,218,-185
111000142,1,90,-89
111000143,0,72,-72
111000144,2,105,-103
111000145,0,0,0
111000146,0,0,0
111000147,0,0,0
111000148,26,101,-75
111000149,12,32,-20
111000150,4,8,-4
111000151,3,11,-8
111000153,292,290,2
111000154,309,126,183
111000155,50,125,-75
111000156,105,62,43
111000157,18,70,-52
111000158,298,153,145
111000159,1305,243,1062
111000160,94,237,-143
111000161,4,143,-139
111000162,1,116,-115
111000163,162,575,-413
111000164,570,1204,-634
111000165,720,275,445
111000166,663,272,391
111000167,114,375,-261
111000168,94,211,-117
111000169,78,187,-109
111000170,198,180,18
111000171,288,809,-521
111000172,49,472,-423
111000173,107,965,-858
111000174,42,555,-513
111000175,19,215,-196
111000176,37,134,-97
111000177,82,263,-181
111000178,160,303,-143
111000179,11,128,-117
111000180,63,166,-103
111000181,171,164,7
111000182,30,79,-49
111000183,61,68,-7
111000184,66,88,-22
111000185,105,403,-298
111000186,67,268,-201
111000187,22,255,-233
111000188,49,253,-204
111000189,1228,462,766
111000190,126,555,-429
111000191,92,467,-375
111000192,86,662,-576
111000193,238,325,-87
111000194,4,369,-365
111000195,31,383,-352
111000196,7,314,-307
111000197,58,32,26
111000198,68,53,15
111000199,31,72,-41
111000200,41,130,-89
111000201,105,100,5
111000202,33,63,-30
111000203,40,69,-29
111000204,72,102,-30
111000213,45,249,-204
111000214,468,1024,-556
111000215,462,991,-529
111000217,378,459,-81
111000218,281,537,-256
111000219,188,219,-31
111000220,2315,409,1906
111000221,343,179,164
111000224,2,226,-224
111000225,49,35,14
111000226,13,0,13
111000227,6,0,6
111000228,5,117,-112
111000229,35,195,-160
111000230,79,351,-272
111000231,100,1245,-1145
111000232,108,644,-536
111000233,138,538,-400
111000234,27,117,-90
111000239,137,164,-27
111000240,7,7,0
111000241,12,456,-444
111000242,8,5,3
111000243,26,863,-837
111000244,19,17,2
111000245,122,524,-402
111000246,43,557,-514
111000247,54,1163,-1109
111000248,156,293,-137
111000249,165,854,-689
111000250,31,194,-163
111000251,17,150,-133
111000253,0,0,0
111000255,0,0,0
111000257,0,0,0
111000260,20,1179,-1159
111000261,174,16,158
111000271,23,265,-242
111000273,4756,771,3985
111000274,583,973,-390
111000275,28,17,11
111000276,184,2240,-2056
111000277,116,390,-274
111000278,207,158,49
111000291,169,1009,-840
111000298,176,159,17
111000299,97,6,91
111000300,27,472,-445
111000302,87,81,6
111000303,55,235,-180
111000312,32,39,-7
111000315,1,124,-123
111000320,203,415,-212
111000321,73,34,39
111000322,73,459,-386
111000323,26,19,7
111000324,127,165,-38
111000325,9,40,-31
111000326,26,321,-295
111000327,133,306,-173
111000328,96,241,-145
111000329,1,16,-15
111000330,11,0,11
111000331,4,1,3
111000332,198,783,-585
111000334,223,1217,-994
111000335,105,70,35
111000337,122,355,-233
111000338,7,152,-145
111000339,77,772,-695
111000340,22,656,-634
111000341,298,75,223
111000342,19,177,-158
111000344,369,407,-38
111000345,14,6,8
111000346,3,76,-73
111000347,17,1,16
111000350,56,33,23
111000351,48,163,-115
111000352,39,29,10
111000353,25,236,-211
111000354,86,29,57
111000355,83,591,-508
111000358,29,1658,-1629
111000360,16,914,-898
111000361,21,377,-356
111000546,101,614,-513
111000547,34,357,-323
111000548,52,147,-95
111000549,55,260,-205
111000550,26,179,-153
111000551,313,51,262
111000552,47,17,30
111000907,19,18,1
111000908,0,0,0
111000916,191,179,12
111000917,12,260,-248
111000918,36,1055,-1019
111000920,54,2,52
111000921,1,325,-324
111000922,95,322,-227
111000924,10,1085,-1075
111000925,553,694,-141
111000926,455,2006,-1551
111000927,1836,1454,382
111000928,6236,2638,3598
111000929,292,508,-216
111000930,382,1996,-1614
111000931,733,645,88
111000932,2653,1965,688
111000933,1447,691,756
111000934,1582,2114,-532
111000935,332,524,-192
111000936,318,1750,-1432
111000937,277,544,-267
111000938,1000,2083,-1083
111000939,7,1,6
111000940,84,203,-119
111000941,79,361,-282
111000943,33,203,-170
111000944,36,482,-446
111000945,26,1899,-1873
111001109,66,58,8
111001110,44,639,-595
111001111,4,5,-1
111001112,15,1,14
111001113,31,64,-33
111001114,202,12,190
111001115,28,301,-273
111001116,2480,288,2192
111001117,618,403,215
111001120,41,229,-188
111001121,60,258,-198
111001122,143,567,-424
111001123,4,32,-28
111900001,0,160,-160
111900002,2,815,-813
111900003,2,411,-409
111900004,18,165,-147
111900006,5,2,3
111900007,5,0,5
111900008,38,1,37
111900009,16,164,-148
111900010,87,467,-380
111900012,80,85,-5
111900013,4,41,-37
111900014,7036,753,6283
111900015,0,61,-61
111900016,1,151,-150
111900017,2,137,-135
111900018,8,0,8
111900019,0,53,-53
111900020,3,24,-21
111900021,7,63,-56
111900022,3,39,-36
111900023,95,25,70
111900024,0,90,-90
111900025,0,29,-29
111900026,1,73,-72
111900027,4,123,-119
111900028,4,431,-427
111900029,1,52,-51
111900030,37,211,-174
111900031,3,115,-112
111900032,4,418,-414
111900033,2,92,-90
111900034,54,275,-221
111900035,4,211,-207
111900036,2,399,-397
111900038,134,295,-161
111900039,34,337,-303
111900040,3,746,-743
111900042,36,43,-7
111900043,3,535,-532
111900044,89,140,-51
111900046,30,206,-176
111900048,24,898,-874
111900049,25,350,-325
111900050,19,14,5
111900051,4,267,-263
111900052,293,566,-273
111900053,1008,119,889
111900054,38,2,36
111900055,21,714,-693
111900056,92,49,43
111900057,10,38,-28
111900058,53,842,-789
111900059,1066,91,975
111900060,65,0,65
111900061,7,281,-274
111900062,2,7,-5
111900063,40,184,-144
111900064,70,244,-174
111900065,21,8,13
111900066,17,46,-29
111900067,2,288,-286
111900068,8,7,1
111900069,22,6,16
111900070,21,59,-38
111900071,1,279,-278
111900072,12,3,9
111900073,130,14,116
111900074,5,181,-176
111900075,21,1,20
111900076,16,7,9
111900077,11,0,11
111900078,24,6,18
111900079,0,1,-1
111900080,98,18,80
111900081,643,37,606
111900082,22,3,19
111900083,62,39,23
111900084,5,5,0
111900085,4,5,-1
111900086,7,0,7
111900087,9,0,9
111900088,41,0,41
111900089,7,0,7
111900090,40,3,37
111900091,14,0,14
111900092,7,0,7
111900093,29,0,29
111900094,3,0,3
111900095,69,6,63
111900096,20,1,19
111900097,7,1,6
111900098,17,0,17
111900099,9,0,9
111900100,11,1,10
111900101,12,1,11
111900102,36,717,-681
111900103,17,13,4
111900104,16,37,-21
111900105,34,40,-6
111900106,1419,29,1390
111900107,32,66,-34
111900108,28,23,5
111900109,185,67,118
111900110,3273,114,3159
111900111,10,197,-187
111900112,620,317,303
111900113,143,26,117
111900114,241,86,155
111900115,4,39,-35
111900118,37,13,24
111900119,49,16,33
111900122,11,7,4
111900123,4,6,-2
111900124,15,82,-67
111900125,50,2,48
111900126,24,2,22
111900127,4,490,-486
111900128,2,455,-453
111900129,30,8,22
111900130,11,1,10
111900131,38,0,38
111900132,20,990,-970
111900133,1,283,-282
111900134,12,379,-367
111900135,1,4,-3
111900136,13,30,-17
111900137,20,28,-8
111900138,4,40,-36
111900139,29,124,-95
111900140,9,12,-3
111900141,2,13,-11
111900142,28,11,17
111900143,3,341,-338
111900144,1,183,-182
111900145,3,823,-820
111900146,3,438,-435
111900147,124,520,-396
111900148,21,863,-842
111900149,3,415,-412
111900150,4,202,-198
111900151,4,31,-27
111900152,74,14,60
111900153,1179,53,1126
111900154,1,34,-33
111900155,11,14,-3
111900156,3,5,-2
111900157,7,4,3
111900158,48,2,46
111900159,9,1,8
111900160,25,0,25
111900161,19,0,19
111900162,55,28,27
111900163,16,113,-97
111900164,11,6,5
111901113,26,131,-105
111901114,14,358,-344
111901115,8,0,8
111901116,5,1,4
111901117,15,3,12
111901118,31,16,15
111901119,1470,81,1389
111901120,105,241,-136
111901121,120,305,-185
111901122,7,583,-576
111901123,15,485,-470
111901124,22,0,22
111901125,40,39,1
111901126,50,8,42
111901127,781,115,666
111901128,8,94,-86
111901129,4,147,-143
111901130,9,225,-216
111901131,0,200,-200
111901132,3,3,0
111901133,6,0,6
111901134,6,2,4
111901135,3,1,2
111901136,2,1,1
111901137,0,3,-3
111901138,21,59,-38
111901139,4,75,-71
111901140,12,130,-118
111901141,1,222,-221
111901142,2,147,-145
111901143,0,73,-73
111901144,14,3,11
111901145,27,52,-25
111901146,63,4,59
112000001,559,371,188
112000002,610,1869,-1259
112000003,288,353,-65
112000004,287,1470,-1183
112000005,620,610,10
112000006,900,1575,-675
112000007,527,557,-30
112000008,1071,1842,-771
112000009,2339,2618,-279
112000010,1029,1347,-318
112000011,1171,2176,-1005
112000012,4085,1023,3062
112000013,5900,2776,3124
112000014,1398,382,1016
112000015,1829,1449,380
112000016,1524,790,734
112000017,864,1112,-248
112000024,1362,434,928
112000026,3861,4399,-538
112000027,124,172,-48
112000028,1129,1692,-563
112000029,182,205,-23
112000030,193,95,98
112000031,1286,1227,59
112000032,705,50,655
112000033,1980,457,1523
112000034,320,21,299
112000035,52,243,-191
112000036,261,293,-32
112000037,356,1153,-797
112000038,321,609,-288
112000039,13,46,-33
112000040,70,402,-332
112000041,216,537,-321
112000042,563,190,373
112000050,107,361,-254
112000051,198,303,-105
112000054,1349,2026,-677
112000057,467,265,202
112000058,335,293,42
112000059,644,200,444
112000061,6344,1334,5010
112000062,3597,326,3271
112000063,1527,425,1102
112000064,5349,5101,248
112000065,2043,2627,-584
112000066,1152,329,823
112000067,392,678,-286
112000068,419,329,90
112000069,234,2518,-2284
112000070,420,208,212
112000071,284,3318,-3034
112000072,340,547,-207
112000073,585,1541,-956
112000074,152,385,-233
112000075,252,385,-133
112000076,2151,2252,-101
112000077,184,563,-379
112000078,344,527,-183
112000079,668,1231,-563
112000080,202,731,-529
112000081,654,1397,-743
112000082,337,215,122
112000083,262,1368,-1106
112000084,405,215,190
112000085,291,1048,-757
112000086,337,792,-455
112000087,92,485,-393
112000088,100,508,-408
112000089,78,340,-262
112000090,66,284,-218
112000091,289,1230,-941
112000092,375,385,-10
112000093,761,1154,-393
112000094,158,346,-188
112000095,290,764,-474
112000096,92,387,-295
112000097,185,249,-64
112000098,372,1543,-1171
112000099,150,123,27
112000100,347,506,-159
112000101,186,878,-692
112000102,209,276,-67
112000103,108,1264,-1156
112000105,240,1791,-1551
112000106,226,197,29
112000107,0,62,-62
112000108,53,1274,-1221
112000109,8,14,-6
112000110,354,165,189
112000111,733,5436,-4703
112000112,1015,165,850
112000113,762,2811,-2049
112000114,569,419,150
112000115,65,540,-475
112000116,134,825,-691
112000117,144,361,-217
112000118,384,811,-427
112000119,182,902,-720
112000120,18,374,-356
112000121,28,506,-478
112000122,48,38,10
112000123,64,48,16
112000124,29,22,7
112000125,20,44,-24
112000126,52,544,-492
112000127,1675,582,1093
112000128,941,419,522
112000129,11,74,-63
112000130,14,29,-15
112000131,10,218,-208
112000132,25,268,-243
112000133,73,184,-111
112000134,97,383,-286
112000135,143,230,-87
112000136,268,1170,-902
112000137,228,423,-195
112000138,401,1253,-852
112000139,262,110,152
112000140,382,980,-598
112000141,170,136,34
112000142,60,969,-909
112000143,275,125,150
112000144,124,1604,-1480
112000145,523,460,63
112000146,461,2256,-1795
112000147,360,844,-484
112000148,814,1828,-1014
112000149,42,330,-288
112000150,19,472,-453
112000151,101,236,-135
112000152,69,235,-166
112000153,33,97,-64
112000154,21,77,-56
112000155,79,53,26
112000157,205,194,11
112000158,50,468,-418
112000159,120,248,-128
112000167,100,7,93
112000169,165,209,-44
112000173,141,186,-45
112000175,77,275,-198
112000176,4717,1552,3165
112000177,114,54,60
112000178,33,437,-404
112000179,50,165,-115
112000180,65,203,-138
112000181,453,1549,-1096
112000182,149,1837,-1688
112000183,16,97,-81
112000184,81,281,-200
112000185,98,435,-337
112000187,1303,1672,-369
112000195,16,6,10
112000196,29,0,29
112000197,34,41,-7
112000198,36,486,-450
112000199,325,1015,-690
112000202,1,1,0
112000216,36,56,-20
112000230,14,1,13
112000231,3,463,-460
112000256,5,13,-8
112000313,100,204,-104
112000314,6,5,1
112000337,60,472,-412
112000352,59,98,-39
112000392,1684,869,815
112000398,269,348,-79
112000399,576,494,82
112000400,1237,3157,-1920
112000401,1444,2080,-636
112000402,571,907,-336
112000403,676,582,94
112000404,133,272,-139
112000405,482,1080,-598
112000406,2129,2416,-287
112000407,1549,2634,-1085
112000408,6803,5304,1499
112000409,1072,3659,-2587
112000410,133,52,81
112000411,3953,196,3757
112000412,597,122,475
112000413,7059,564,6495
112000414,24,72,-48
112000415,13,23,-10
112000416,549,701,-152
112000417,78,38,40
112000421,17,81,-64
112000422,130,368,-238
112000424,1436,621,815
112000425,166,777,-611
112000426,34,129,-95
112000427,0,4,-4
112000428,14,363,-349
112000429,877,2037,-1160
112000430,831,2289,-1458
112000431,29,20,9
112000432,290,1996,-1706
112000433,436,327,109
112000437,12,361,-349
112900001,6,0,6
112900002,31,1239,-1208
112900003,7,233,-226
112900004,7,426,-419
112900005,26,244,-218
112900006,1,464,-463
112900007,21,162,-141
112900008,0,8,-8
112900009,90,26,64
112900010,18,624,-606
112900011,262,219,43
112900012,0,53,-53
112900013,0,90,-90
112900014,3,222,-219
112900015,228,853,-625
112900016,1,180,-179
112900017,24,140,-116
112900018,1,368,-367
112900019,21,59,-38
112900020,471,1514,-1043
112900021,4,275,-271
112900022,0,34,-34
112900023,1,263,-262
112900024,13,154,-141
112900025,40,132,-92
112900026,5,245,-240
112900027,2,1259,-1257
112900028,45,88,-43
112900029,0,438,-438
112900030,265,137,128
112900031,5,523,-518
112900032,57,209,-152
112900034,3,29,-26
112900035,3,445,-442
112900036,12,126,-114
112900037,52,27,25
112900038,76,98,-22
112900039,13,241,-228
112900040,5,273,-268
112900041,890,373,517
112900042,19,359,-340
112900043,12,24,-12
112900044,303,273,30
112900045,403,209,194
112900046,155,34,121
112900047,6,6,0
112900049,6,58,-52
112900050,58,703,-645
112900051,254,642,-388
112900052,8,852,-844
112900053,149,80,69
112900054,268,29,239
112900055,141,11,130
112900056,74,58,16
112900057,2,765,-763
112900058,149,40,109
112900059,24,99,-75
112900060,1,238,-237
112900061,6,92,-86
112900062,9,155,-146
112900063,27,1,26
112900064,85,85,0
112900065,2,4,-2
112900066,59,32,27
112900067,458,57,401
112900068,5,4,1
112900069,2326,154,2172
112900071,3,0,3
112900072,128,222,-94
112900073,49,6,43
112900074,6,11,-5
112900075,1805,133,1672
112900076,20,5,15
112900078,33,103,-70
112900079,15,5,10
112900080,2,1,1
112900081,10,24,-14
112900082,86,3,83
112900083,4,11,-7
112900084,13,8,5
112900085,0,1,-1
112900086,0,1,-1
112900087,147,21,126
112900088,3,1,2
112900089,168,5,163
112900090,3,0,3
112900091,12,4,8
112900092,75,49,26
112900093,138,1,137
112900094,7,0,7
112900095,2,0,2
112900096,108,22,86
112900097,8,283,-275
112900098,1,1,0
112900099,112,2,110
112900100,4,1,3
112900101,25,0,25
112900102,19,1,18
112900103,16,0,16
112900104,1,0,1
112900105,1,0,1
112900106,99,34,65
112900107,1,0,1
112900108,0,1,-1
112900109,8,0,8
112900110,74,2,72
112900111,155,1,154
112900112,33,0,33
112900113,0,4,-4
112900114,7,4,3
112900115,131,0,131
112900116,13,25,-12
112900117,81,75,6
112900118,6,36,-30
112900119,16,0,16
112900120,468,86,382
112900121,141,87,54
112900122,10,127,-117
112900123,73,7,66
112900124,1,119,-118
112900125,31,123,-92
112900126,74,254,-180
112900127,88,11,77
112900128,266,432,-166
112900129,1,985,-984
112900130,31,23,8
112900131,49,180,-131
112900132,39,373,-334
112900133,20,1321,-1301
112900134,2,354,-352
112900135,46,9,37
112900136,0,44,-44
112900137,1,898,-897
112900138,4,498,-494
112900139,99,1041,-942
112900140,0,113,-113
112900141,103,22,81
112900142,46,30,16
112900143,26,502,-476
112900144,0,228,-228
112900145,15,394,-379
112900146,2,1324,-1322
112900147,10,2396,-2386
112900148,7,0,7
112900149,117,335,-218
112900151,16,13,3
112900152,4874,817,4057
112900153,596,252,344
112900154,0,38,-38
112900155,7,1,6
112900156,34,1738,-1704
112900157,24,14,10
112900158,6,2,4
112900159,37,37,0
112900160,9,234,-225
112900161,12,9,3
112900162,11,5,6
112900163,26,9,17
112900164,6,35,-29
112900165,34,29,5
112900166,6,9,-3
112900167,1,17,-16
112900168,3,1,2
112900169,5,8,-3
112900170,7,72,-65
112900172,102,3,99
112900173,139,67,72
112900174,73,5,68
112900175,52,26,26
112900176,11,2,9
112900177,35,7,28
112900178,157,337,-180
112900179,20,542,-522
112900180,373,2959,-2586
112900181,94,1,93
112900182,37,1490,-1453
112900183,65,88,-23
112900184,205,184,21
112900185,149,186,-37
112900186,1229,324,905
112900187,8,114,-106
112900188,820,208,612
112900189,1,16,-15
112900190,0,54,-54
112900192,139,80,59
112900193,408,81,327
112900194,9,116,-107
112900195,83,13,70
112900196,179,714,-535
112900197,62,407,-345
112900199,57,423,-366
112900200,72,120,-48
112900201,37,32,5
112900202,22,807,-785
112900203,33,149,-116
112900204,346,148,198
112900205,0,10,-10
112900206,0,48,-48
112900207,1,0,1
112900208,16,41,-25
112900209,151,340,-189
112900210,0,13,-13
112900211,29,24,5
112900212,0,40,-40
112900213,1,8,-7
112900214,1,4,-3
112900215,1,165,-164
112900216,23,19,4
112900217,1,55,-54
112900218,0,11,-11
112900219,3,34,-31
112900220,0,0,0
112900221,2,90,-88
112900222,0,14,-14
112900223,194,1,193
112900224,39,774,-735
112900225,48,589,-541
112900226,221,81,140
112900227,54,1542,-1488
112900228,8,6,2
112900229,23,23,0
112900230,7449,1186,6263
112900232,109,54,55
112900233,3,172,-169
112900234,3,129,-126
112900235,15,3,12
112900236,8,9,-1
112900237,40,395,-355
112900238,4,17,-13
112900239,223,152,71
113000001,2967,3046,-79
113000002,1841,2097,-256
113000003,1394,887,507
113000004,1331,1103,228
113000005,655,672,-17
113000006,357,735,-378
113000007,804,911,-107
113000008,653,1171,-518
113000009,398,615,-217
113000010,419,1041,-622
113000011,424,1713,-1289
113000012,493,275,218
113000013,645,236,409
113000014,1111,823,288
113000015,509,128,381
113000016,479,276,203
113000017,52,227,-175
113000018,66,32,34
113000019,32,222,-190
113000020,9,5,4
113000021,169,468,-299
113000022,200,1123,-923
113000025,136,183,-47
113000026,44,249,-205
113000027,216,258,-42
113000028,685,263,422
113000029,711,310,401
113000030,449,478,-29
113000031,304,183,121
113000032,209,154,55
113000033,314,275,39
113000034,476,243,233
113000035,15,29,-14
113000036,16,53,-37
113000037,44,34,10
113000038,20,62,-42
113000039,46,251,-205
113000040,47,68,-21
113000042,386,195,191
113000051,346,983,-637
113000052,1677,832,845
113000053,115,572,-457
113000054,86,330,-244
113000055,280,675,-395
113000056,395,1367,-972
113000058,600,938,-338
113000059,431,384,47
113000060,35,457,-422
113000061,441,851,-410
113000062,910,99,811
113000063,34,170,-136
113000064,12,234,-222
113000065,63,1078,-1015
113000066,101,80,21
113000067,460,656,-196
113000068,125,1735,-1610
113000069,224,1257,-1033
113000070,448,415,33
113000071,242,724,-482
113000072,357,264,93
113000073,494,1246,-752
113000074,677,169,508
113000075,1150,212,938
113000076,961,1215,-254
113000077,773,212,561
113000078,651,1061,-410
113000079,673,429,244
113000080,482,221,261
113000081,493,485,8
113000082,690,612,78
113000083,226,406,-180
113000084,662,986,-324
113000085,300,292,8
113000086,454,855,-401
113000087,397,397,0
113000088,1424,996,428
113000089,335,833,-498
113000090,67,202,-135
113000091,645,194,451
113000094,224,68,156
113000095,154,1172,-1018
113000096,131,830,-699
113000097,273,189,84
113000098,57,12,45
113000099,925,91,834
113000100,99,293,-194
113000101,311,406,-95
113000102,122,84,38
113000103,1739,537,1202
113000104,287,1435,-1148
113000105,204,227,-23
113000106,143,449,-306
113000107,266,585,-319
113000108,584,1141,-557
113000109,310,1378,-1068
113000110,848,136,712
113000111,68,266,-198
113000112,111,141,-30
113000113,1714,125,1589
113000114,306,652,-346
113000116,458,183,275
113000117,521,142,379
113000118,53,135,-82
113000119,49,395,-346
113000120,17,130,-113
113000121,210,718,-508
113000124,53,79,-26
113000125,9,286,-277
113000127,2961,416,2545
113000128,281,359,-78
113000129,713,812,-99
113000133,3953,628,3325
113000134,4,451,-447
113000135,1051,786,265
113000137,1062,439,623
113000139,331,97,234
113000140,125,206,-81
113000141,360,46,314
113000142,556,718,-162
113000143,217,82,135
113000144,250,480,-230
113000145,54,110,-56
113000146,59,72,-13
113000147,65,110,-45
113000148,47,183,-136
113000149,58,165,-107
113000150,398,286,112
113000151,106,71,35
113000152,37,216,-179
113000153,1292,468,824
113000154,461,704,-243
113000155,181,216,-35
113000156,98,386,-288
113000157,204,691,-487
113000158,383,136,247
113000159,588,287,301
113000160,423,1056,-633
113000161,151,796,-645
113000162,395,238,157
113000163,27,19,8
113000164,13,111,-98
113000166,11,17,-6
113000167,26,194,-168
113000168,42,236,-194
113000169,50,19,31
113000170,27,44,-17
113000171,81,75,6
113000172,58,24,34
113000173,12,5,7
113000174,66,536,-470
113000175,103,27,76
113000176,104,35,69
113000177,35,397,-362
113000178,88,426,-338
113000179,43,23,20
113000180,234,899,-665
113000181,372,961,-589
113000182,581,130,451
113000183,327,471,-144
113000184,8,126,-118
113000189,278,403,-125
113000190,1669,273,1396
113000192,1619,1027,592
113000193,2632,607,2025
113000194,870,988,-118
113000195,918,326,592
113000196,32,43,-11
113000197,456,402,54
113000198,62,202,-140
113000199,331,314,17
113000201,54,110,-56
113000202,2247,696,1551
113000203,41,17,24
113000204,682,1005,-323
113000205,14,14,0
113000206,14,26,-12
113000207,29,8,21
113000208,24,39,-15
113000209,10,19,-9
113000210,8,23,-15
113000211,222,74,148
113000212,217,2,215
113000213,75,62,13
113000214,52,171,-119
113000234,90,1262,-1172
113000410,186,49,137
113000411,1855,3119,-1264
113000412,10066,1241,8825
113000413,4509,1432,3077
113000414,11678,4733,6945
113000415,2229,1638,591
113000416,8353,2234,6119
113000417,2688,1736,952
113000418,1892,1736,156
113000419,1409,1307,102
113000420,3061,1862,1199
113000421,2321,2119,202
113000422,17787,3577,14210
113000423,2871,2126,745
113000424,4446,3463,983
113000425,17,57,-40
113000428,110,40,70
113000430,21,42,-21
113000432,296,17,279
113000433,105,923,-818
113000434,19,430,-411
113000435,12,961,-949
113000436,11,1416,-1405
113000437,40,2,38
113000438,16,1,15
113000439,4,207,-203
113000440,19,18,1
113000441,36,134,-98
113000442,68,369,-301
113000443,40,165,-125
113000444,53,383,-330
113000445,27,62,-35
113000446,18,92,-74
113000448,95,89,6
113000449,156,113,43
113000450,382,438,-56
113000451,823,88,735
113000452,94,70,24
113000453,73,187,-114
113000454,129,9,120
113000455,3,121,-118
113000456,2549,1292,1257
113000468,2245,228,2017
113000469,233,117,116
113000470,372,42,330
113000471,5,162,-157
113000472,36,181,-145
113000474,158,516,-358
113000475,833,1363,-530
113000476,441,1557,-1116
113000477,1050,1829,-779
113000478,2035,4314,-2279
113000479,7,228,-221
113000480,56,85,-29
113000481,0,0,0
113000482,0,0,0
113000483,0,9,-9
113000484,0,0,0
113000485,0,0,0
113000486,0,0,0
113000487,0,0,0
113000488,0,0,0
113000489,0,0,0
113000490,0,0,0
113000491,0,0,0
113000492,0,0,0
113000493,0,0,0
113000495,82,224,-142
113000496,42,53,-11
113000497,0,0,0
113000499,0,1,-1
113000500,0,8,-8
113900001,0,10,-10
113900002,0,32,-32
113900003,0,14,-14
113900004,0,5,-5
113900005,0,8,-8
113900006,2,3,-1
113900007,0,6,-6
113900008,3,0,3
113900009,24,0,24
113900010,5,0,5
113900011,0,0,0
113900012,0,0,0
113900013,36,1,35
113900014,480,0,480
113900015,0,42,-42
113900016,21,0,21
113900017,0,35,-35
113900018,322,37,285
113900019,14,30,-16
113900020,20,1,19
113900022,0,0,0
113900023,3,0,3
113900024,14,66,-52
113900025,200,13,187
113900026,7,0,7
113900027,3,26,-23
113900028,8,244,-236
113900029,5,287,-282
113900030,22,0,22
113900031,0,0,0
113900032,6,0,6
113900033,15,58,-43
113900035,9,0,9
113900036,7,44,-37
113900037,22,490,-468
113900038,17,16,1
113900039,23,1,22
113900040,0,6,-6
113900041,0,2,-2
113900042,22,23,-1
113900043,121,69,52
113900044,182,11,171
113900045,13,2,11
113900046,335,667,-332
113900047,6,79,-73
113900048,303,27,276
113900049,932,51,881
113900050,120,263,-143
113900051,50,338,-288
113900052,87,76,11
113900053,198,55,143
113900054,2,1,1
113900055,51,594,-543
113900056,8,76,-68
113900057,13,100,-87
113900058,31,123,-92
113900059,43,324,-281
113900060,84,211,-127
113900061,633,29,604
113900062,25,4,21
113900063,8,90,-82
113900064,16,159,-143
113900065,241,7,234
113900066,57,356,-299
113900067,15,366,-351
113900068,122,169,-47
113900069,69,12,57
113900070,137,391,-254
113900071,6,46,-40
113900072,11,128,-117
113900073,69,416,-347
113900074,7,351,-344
113900075,360,446,-86
113900076,50,2,48
113900077,14,236,-222
113900078,14,21,-7
113900079,1,61,-60
113900080,122,83,39
113900081,11,229,-218
113900082,26,158,-132
113900083,27,681,-654
113900084,60,56,4
113900085,27,366,-339
113900086,2,7,-5
113900087,14,216,-202
113900088,8,15,-7
113900089,105,15,90
113900090,158,158,0
113900091,22,12,10
113900092,9,40,-31
113900093,20,253,-233
113900094,43,388,-345
113900095,31,25,6
113900096,28,32,-4
113900097,2,114,-112
113900098,116,20,96
113900099,0,31,-31
113900100,0,0,0
113900101,10,20,-10
113900102,32,44,-12
113900103,126,121,5
113900104,25,69,-44
113900105,16,333,-317
113900106,1,88,-87
113900107,1,20,-19
113900108,115,103,12
113900109,216,89,127
113900110,7,9,-2
113900111,13,118,-105
113900112,23,58,-35
113900113,227,195,32
113900114,1,110,-109
113900115,0,75,-75
113900116,35,84,-49
113900117,39,8,31
113900118,60,116,-56
113900119,212,113,99
113900120,10,24,-14
113900121,3,68,-65
113900122,126,493,-367
113900123,123,75,48
113900124,0,91,-91
113900125,976,146,830
113900126,41,18,23
113900127,78,218,-140
113900128,35,33,2
113900129,7,47,-40
113900130,0,9,-9
113900131,24,34,-10
113900132,6,14,-8
113900133,8,17,-9
113900135,129,343,-214
113900136,53,41,12
113900137,122,102,20
113900138,34,36,-2
113900139,578,48,530
113900140,333,87,246
113900141,69,356,-287
113900142,22,73,-51
113900143,34,11,23
113900144,213,78,135
113900145,57,141,-84
113900146,17,32,-15
113900148,117,133,-16
113900149,62,18,44
113900150,1451,418,1033
113900151,55,120,-65
113900152,14,64,-50
113900153,429,280,149
113900154,0,53,-53
113900155,185,36,149
113900156,89,544,-455
113900157,12,157,-145
113900158,333,142,191
113900159,5,99,-94
113900160,183,648,-465
113900161,6,51,-45
113900162,426,252,174
113900163,85,140,-55
113900164,51,14,37
113900165,539,364,175
113900166,118,32,86
113900167,53,30,23
113900168,84,96,-12
113900169,100,370,-270
113900171,45,10,35
113900172,6,198,-192
113900173,71,565,-494
113900174,152,838,-686
113900175,74,23,51
113900176,61,772,-711
113900177,88,98,-10
113900178,67,26,41
113900179,13,554,-541
113900180,71,95,-24
113900181,140,37,103
113900182,187,784,-597
113900183,18,45,-27
113900184,22,513,-491
113900185,74,69,5
113900186,24,25,-1
113900187,12,126,-114
113900188,12,101,-89
113900189,74,38,36
113900190,270,65,205
113900191,98,179,-81
113900192,5,225,-220
113900193,7,310,-303
113900194,1413,694,719
113900195,191,361,-170
113900196,1,125,-124
113900197,1,230,-229
113900198,7,108,-101
113900199,171,621,-450
113900200,6,174,-168
113900201,2,241,-239
113900202,31,161,-130
113900203,0,251,-251
113900204,14,561,-547
113900205,11,86,-75
113900206,6,80,-74
113900207,0,49,-49
113900208,1,36,-35
113900209,3,114,-111
113900210,415,225,190
113900211,86,3,83
113900212,31,483,-452
113900214,301,225,76
113900215,10,78,-68
113900216,6,1283,-1277
113900217,11,280,-269
113900218,49,12,37
113900219,49,361,-312
113900220,36,27,9
113900221,81,72,9
113900222,88,76,12
113900223,29,1022,-993
113900224,64,49,15
113900225,578,122,456
113900226,130,70,60
113900227,139,82,57
113900228,279,181,98
113900229,3,258,-255
113900230,3478,588,2890
113900231,84,149,-65
113900232,34,75,-41
113900233,6,56,-50
113900234,68,159,-91
113900235,11,9,2
113900236,20,243,-223
113900237,29,2,27
113900238,101,274,-173
113900239,14,22,-8
113900240,4,86,-82
113900241,50,45,5
113900242,21,118,-97
113900243,71,282,-211
113900244,470,67,403
113900245,1310,143,1167
113900246,9,4,5
113900247,130,174,-44
113900248,3312,649,2663
113900249,671,79,592
113900250,29,37,-8
113900251,124,221,-97
113900252,185,17,168
113900253,170,12,158
113900254,110,22,88
113900255,97,6,91
113900256,76,11,65
113900257,37,620,-583
113900258,8,497,-489
113900259,135,244,-109
113900260,29,22,7
113900261,9,151,-142
113900262,26,661,-635
113900263,17,402,-385
113900264,2,542,-540
113900265,47,240,-193
113900266,13,278,-265
113900267,46,308,-262
113900268,133,217,-84
113900269,40,104,-64
113900270,116,273,-157
113900271,137,1201,-1064
113900273,14,1,13
113900274,3,3,0
113900275,10,29,-19
113900276,1,248,-247
113900277,17,0,17
113900278,185,101,84
113900279,94,59,35
113900280,590,319,271
113900281,140,578,-438
113900282,528,157,371
113900283,129,239,-110
113900284,313,68,245
113900285,47,20,27
113900286,26,155,-129
113900287,16,116,-100
113900288,0,76,-76
113900289,1288,29,1259
113900290,416,31,385
113900291,108,150,-42
113900292,5,5,0
113900293,1,185,-184
113900294,70,9,61
113900295,157,174,-17
113900296,2093,205,1888
113900297,132,10,122
113900298,9,1365,-1356
113900299,9,138,-129
113900300,5348,1204,4144
113900301,288,54,234
113900302,1548,275,1273
113900303,392,74,318
113900304,0,200,-200
113900305,18,0,18
113900306,1,0,1
113900307,19,0,19
113900308,33,53,-20
113900309,6,868,-862
113900310,0,15,-15
113900311,0,0,0
113900312,21,62,-41
113900313,45,2,43
114000001,751,2401,-1650
114000002,101,435,-334
114000003,24,233,-209
114000004,107,427,-320
114000005,113,166,-53
114000006,2007,1980,27
114000007,364,1347,-983
114000008,1040,726,314
114000009,104,78,26
114000011,1253,1991,-738
114000012,495,1931,-1436
114000013,437,1792,-1355
114000014,213,247,-34
114000015,535,430,105
114000016,103,280,-177
114000017,81,148,-67
114000018,280,55,225
114000026,349,1290,-941
114000027,634,1386,-752
114000028,859,1180,-321
114000038,78,121,-43
114000039,30,101,-71
114000040,57,114,-57
114000042,48,196,-148
114000043,9,206,-197
114000044,35,46,-11
114000045,18,128,-110
114000046,1417,4167,-2750
114000047,6,71,-65
114000048,10,28,-18
114000049,752,566,186
114000050,686,535,151
114000051,1969,878,1091
114000052,1706,506,1200
114000053,14,258,-244
114000054,34,1190,-1156
114000055,66,8,58
114000056,516,363,153
114000057,6786,1695,5091
114000058,287,242,45
114000059,156,98,58
114000060,149,616,-467
114000061,1610,451,1159
114000062,911,295,616
114000063,2107,1240,867
114000064,6088,1653,4435
114000065,1082,1540,-458
114000066,100,376,-276
114000067,8,112,-104
114000068,250,268,-18
114000069,365,287,78
114000070,1115,523,592
114000071,213,806,-593
114000072,58,370,-312
114000073,4,42,-38
114000074,8,9,-1
114000075,6,85,-79
114000076,4,46,-42
114000077,0,24,-24
114000078,69,1624,-1555
114000079,34,29,5
114000080,45,36,9
114000081,6,12,-6
114000082,30,514,-484
114000083,19,257,-238
114000084,28,42,-14
114000085,37,867,-830
114000086,59,704,-645
114000087,21,345,-324
114000088,10,14,-4
114000089,1102,268,834
114000090,156,127,29
114000091,553,248,305
114000092,493,203,290
114000093,306,444,-138
114000094,158,253,-95
114000095,38,17,21
114000096,62,557,-495
114000097,49,994,-945
114000098,84,24,60
114000099,64,1244,-1180
114000100,181,658,-477
114000101,194,1379,-1185
114000102,51,135,-84
114000103,48,398,-350
114000104,10,289,-279
114000105,28,67,-39
114000106,730,248,482
114000107,36,123,-87
114000108,1596,1074,522
114000109,42,85,-43
114000110,242,1346,-1104
114000111,137,131,6
114000112,122,1230,-1108
114000113,119,121,-2
114000114,677,1260,-583
114000115,286,100,186
114000116,113,190,-77
114000117,301,131,170
114000118,315,146,169
114000119,194,117,77
114000120,289,942,-653
114000121,239,448,-209
114000122,155,218,-63
114000123,184,99,85
114000124,109,120,-11
114000125,418,1361,-943
114000126,199,71,128
114000127,16,81,-65
114000128,89,193,-104
114000130,30,35,-5
114000131,36,20,16
114000132,354,709,-355
114000133,857,1123,-266
114000134,40,228,-188
114000138,51,149,-98
114000139,141,78,63
114000144,186,136,50
114000145,59,176,-117
114000146,57,293,-236
114000147,514,403,111
114000148,979,168,811
114000149,68,44,24
114000150,560,386,174
114000151,531,360,171
114000152,27,16,11
114000153,481,782,-301
114000154,393,406,-13
114000155,627,885,-258
114000156,226,211,15
114000157,76,352,-276
114000158,2121,486,1635
114000159,143,254,-111
114000160,88,166,-78
114000161,611,421,190
114000162,387,327,60
114000163,8,174,-166
114000165,108,75,33
114000166,238,68,170
114000167,2940,790,2150
114000168,413,487,-74
114000169,493,222,271
114000170,179,161,18
114000171,127,215,-88
114000174,105,362,-257
114000176,368,259,109
114000177,1769,530,1239
114000178,12,31,-19
114000179,370,81,289
114000180,179,427,-248
114000181,732,1142,-410
114000182,5098,1548,3550
114000183,639,585,54
114000184,518,1565,-1047
114000185,197,187,10
114000189,52,20,32
114000190,303,28,275
114000191,13,16,-3
114000192,243,1266,-1023
114000193,709,2973,-2264
114000194,520,1018,-498
114000195,24,3,21
114000196,4,285,-281
114000197,147,7,140
114000198,908,316,592
114000199,1404,677,727
114000200,336,2351,-2015
114000201,54,934,-880
114000202,513,659,-146
114000203,155,656,-501
114000204,83,361,-278
114000205,123,1478,-1355
114000206,177,1101,-924
114000207,347,2189,-1842
114000208,219,2917,-2698
114000209,422,3037,-2615
114000210,191,1587,-1396
114000211,357,981,-624
114000212,354,426,-72
114000213,373,360,13
114000214,14,223,-209
114000215,29,54,-25
114000216,96,13,83
114000217,9,243,-234
114000218,43,244,-201
114000219,184,221,-37
114000220,3,1146,-1143
114000221,121,49,72
114000222,72,895,-823
114000223,81,16,65
114000224,65,528,-463
114000225,39,394,-355
114000226,16,203,-187
114000227,227,257,-30
114000228,213,779,-566
114000229,258,1012,-754
114000230,526,1173,-647
114000231,326,920,-594
114000232,154,65,89
114000233,426,56,370
114000234,316,803,-487
114000235,357,1323,-966
114000236,0,585,-585
114000237,47,1055,-1008
114000238,11,106,-95
114000239,145,1241,-1096
114000240,307,458,-151
114000241,137,752,-615
114000242,622,719,-97
114000243,290,435,-145
114000244,80,57,23
114000245,152,578,-426
114000246,80,26,54
114000247,195,518,-323
114000248,189,230,-41
114000249,182,280,-98
114000250,67,388,-321
114000251,41,286,-245
114000252,13,81,-68
114000253,2,56,-54
114000254,4,120,-116
114000255,265,96,169
114000256,673,270,403
114000257,397,1954,-1557
114000258,33,534,-501
114000259,13,259,-246
114000260,0,21,-21
114000261,3,1,2
114000262,29,204,-175
114000263,0,0,0
114000264,201,790,-589
114000265,0,7,-7
114000267,3,789,-786
114000268,4,1755,-1751
114000270,4,2,2
114000271,105,87,18
114000283,135,404,-269
114000285,33,278,-245
114000288,22,395,-373
114000289,424,74,350
114000293,50,271,-221
114000294,108,125,-17
114000395,115,8,107
114000396,70,111,-41
114000402,82,308,-226
114000403,152,471,-319
114000405,34,526,-492
114000423,46,480,-434
114000424,54,205,-151
114000425,101,645,-544
114000426,27,21,6
114000427,30,124,-94
114000428,121,43,78
114000429,4,147,-143
114000432,13,99,-86
114000434,8,89,-81
114000435,4,171,-167
114000436,4651,1219,3432
114000437,90,224,-134
114900001,143,1176,-1033
114900002,212,11,201
114900003,55,1566,-1511
114900004,48,52,-4
114900005,121,627,-506
114900006,13,10,3
114900007,28,2,26
114900008,13,26,-13
114900010,2155,699,1456
114900011,22,48,-26
114900013,39,31,8
114900015,5,91,-86
114900018,275,21,254
114900020,26,30,-4
114900022,1,308,-307
114900024,28,69,-41
114900025,103,172,-69
114900026,19,29,-10
114900027,38,145,-107
114900029,17,7,10
114900030,52,210,-158
114900031,22,14,8
114900032,29,15,14
114900033,893,142,751
114900034,38,271,-233
114900035,64,159,-95
114900036,124,1277,-1153
114900037,60,153,-93
114900038,112,1362,-1250
114900039,200,828,-628
114900040,21,148,-127
114900041,136,809,-673
114900042,168,1027,-859
114900043,640,211,429
114900044,17,3,14
114900046,38,133,-95
114900047,46,583,-537
114900048,13,136,-123
114900049,5,200,-195
114900050,5,516,-511
114900051,6,501,-495
114900052,101,103,-2
114900053,30,132,-102
114900054,35,132,-97
114900057,26,2,24
114900058,0,72,-72
114900059,13,21,-8
114900060,727,222,505
114900061,55,195,-140
114900062,159,156,3
114900063,30,219,-189
114900064,225,717,-492
114900065,71,442,-371
114900067,13,243,-230
114900068,34,150,-116
114900069,189,170,19
114900070,110,514,-404
114900072,10,187,-177
114900073,0,197,-197
114900074,52,780,-728
114900075,23,3,20
114900076,1,342,-341
114900080,2065,209,1856
114900082,2328,796,1532
114900083,122,375,-253
114900090,39,70,-31
114900091,75,115,-40
114900095,299,67,232
114900096,263,355,-92
114900097,18,1,17
114900098,1,96,-95
114900099,20,2,18
115000001,7625,6189,1436
115000002,1350,1139,211
115000003,2698,4202,-1504
115000004,833,1672,-839
115000005,845,2637,-1792
115000006,214,549,-335
115000007,27,94,-67
115000008,209,149,60
115000009,57,221,-164
115000010,92,64,28
115000013,68,56,12
115000015,86,97,-11
115000016,183,131,52
115000019,7,201,-194
115000020,116,73,43
115000021,200,318,-118
115000022,429,258,171
115000023,56,119,-63
115000024,784,427,357
115000025,151,108,43
115000026,99,303,-204
115000027,16,53,-37
115000028,66,509,-443
115000029,24,29,-5
115000030,133,645,-512
115000031,163,75,88
115000032,3,187,-184
115000033,17,3,14
115000034,78,762,-684
115000035,61,1,60
115000036,3,341,-338
115000037,9,0,9
115000038,22,94,-72
115000039,1454,1016,438
115000040,4346,1564,2782
115000041,373,1166,-793
115000042,362,367,-5
115000043,1568,1369,199
115000044,2847,3503,-656
115000045,873,2106,-1233
115000046,488,1087,-599
115000047,578,871,-293
115000048,923,2992,-2069
115000049,1021,2535,-1514
115000050,954,744,210
115000051,1279,614,665
115000052,2616,1548,1068
115000053,670,549,121
115000054,576,869,-293
115000055,18,303,-285
115000056,10,40,-30
115000057,110,311,-201
115000058,29,56,-27
115000059,5,157,-152
115000061,27,36,-9
115000062,26,204,-178
115000063,46,322,-276
115000064,7,12,-5
115000065,13,141,-128
115000067,0,0,0
115000069,15,214,-199
115000070,23,309,-286
115000071,22,0,22
115000072,62,32,30
115000073,364,16,348
115000075,8,37,-29
115000076,2087,2829,-742
115000077,563,3655,-3092
115000078,299,1811,-1512
115000079,449,2074,-1625
115000080,638,2515,-1877
115000081,222,853,-631
115000082,1285,1853,-568
115000083,833,3070,-2237
115000084,286,554,-268
115000085,231,976,-745
115000086,114,481,-367
115000087,395,1258,-863
115000088,649,214,435
115000089,1235,1447,-212
115000090,462,68,394
115000091,211,996,-785
115000092,122,262,-140
115000093,2,0,2
115000094,5319,2159,3160
115000095,4490,2483,2007
115000096,182,1684,-1502
115000097,166,511,-345
115000098,245,735,-490
115000099,402,2329,-1927
115000100,161,276,-115
115000101,224,1410,-1186
115000102,142,101,41
115000103,271,894,-623
115000105,47,174,-127
115000106,66,123,-57
115000107,52,574,-522
115000108,2975,2457,518
115000109,3482,801,2681
115000110,669,414,255
115000111,457,800,-343
115000112,267,323,-56
115000113,423,444,-21
115000114,943,457,486
115000116,1977,710,1267
115000117,2081,784,1297
115000118,654,726,-72
115000119,749,855,-106
115000120,350,378,-28
115000121,1169,361,808
115000122,2130,414,1716
115000123,1135,625,510
115000124,293,372,-79
115000125,137,385,-248
115000126,79,177,-98
115000127,101,85,16
115000128,630,349,281
115000129,42,102,-60
115000130,113,747,-634
115000131,77,192,-115
115000132,51,404,-353
115000133,82,282,-200
115000134,70,133,-63
115000135,28,183,-155
115000136,35,123,-88
115000137,49,227,-178
115000138,47,86,-39
115000139,130,334,-204
115000140,46,129,-83
115000141,62,391,-329
115000142,42,356,-314
115000143,66,298,-232
115000144,114,36,78
115000145,76,559,-483
115000146,50,121,-71
115000147,146,489,-343
115000148,204,1304,-1100
115000149,209,135,74
115000150,360,1161,-801
115000151,187,272,-85
115000152,258,1741,-1483
115000153,202,247,-45
115000154,233,185,48
115000155,330,1164,-834
115000156,379,318,61
115000157,582,677,-95
115000158,340,186,154
115000159,269,229,40
115000160,415,306,109
115000161,414,456,-42
115000162,313,169,144
115000163,440,467,-27
115000164,316,369,-53
115000165,121,166,-45
115000167,23,17,6
115000168,202,169,33
115000169,292,457,-165
115000170,36,121,-85
115000171,106,70,36
115000172,1473,389,1084
115000173,49,73,-24
115000174,7,31,-24
115000175,21,66,-45
115000176,24,10,14
115000177,20,47,-27
115000178,5,254,-249
115000179,4,12,-8
115000180,27,568,-541
115000181,82,65,17
115000182,86,208,-122
115000183,63,889,-826
115000186,103,173,-70
115000187,68,618,-550
115000188,127,201,-74
115000189,137,340,-203
115000190,133,136,-3
115000191,127,248,-121
115000194,75,59,16
115000195,77,30,47
115000196,18,55,-37
115000197,88,415,-327
115000198,42,79,-37
115000199,102,404,-302
115000200,55,28,27
115000201,38,413,-375
115000206,0,0,0
115000207,15,333,-318
115000208,464,634,-170
115000209,97,70,27
115000210,23,59,-36
115000211,115,180,-65
115000212,740,226,514
115000224,23,15,8
115000225,17,24,-7
115000229,105,50,55
115000230,9,240,-231
115000231,186,1972,-1786
115000232,217,354,-137
115000233,25,206,-181
115000234,4,170,-166
115000241,14,163,-149
115000242,13,117,-104
115000243,4,98,-94
115000244,1,73,-72
115000246,6,15,-9
115000247,5,2,3
115000248,7,1,6
115000249,6,2,4
115000250,48,33,15
115000251,21,59,-38
115000252,8,57,-49
115000253,5,47,-42
115000258,23,63,-40
115000259,91,51,40
115000261,1,2,-1
115000262,0,5,-5
115000263,1,3,-2
115000264,0,1,-1
115000267,7,13,-6
115000268,22,78,-56
115000269,15,32,-17
115000270,0,4,-4
115000272,13,53,-40
115000273,55,6,49
115000280,418,7,411
115000281,720,56,664
115000282,484,107,377
115000284,75,18,57
115000296,31,1,30
115000297,1,1,0
115000298,52,40,12
115000300,13,219,-206
115000302,23,59,-36
115000303,30,56,-26
115000304,98,23,75
115000305,31,1159,-1128
115000306,50,560,-510
115000307,11,246,-235
115000308,46,23,23
115000309,5,3,2
115000310,291,1189,-898
115000311,110,781,-671
115000313,67,759,-692
115000314,21,25,-4
115000315,940,245,695
115000316,7,20,-13
115000317,50,570,-520
115000318,161,161,0
115000319,13,261,-248
115000320,3,82,-79
115000321,59,5,54
115000322,16,234,-218
115000449,137,46,91
115000557,0,150,-150
115000558,11,18,-7
115000587,120,157,-37
115000588,1412,3660,-2248
115000589,1153,1015,138
115000590,325,1268,-943
115000591,199,134,65
115000592,361,1085,-724
115000593,171,102,69
115000594,535,859,-324
115000609,28,76,-48
115000617,371,380,-9
115000624,30,88,-58
115000633,118,1145,-1027
115000634,783,337,446
115000635,34,21,13
115000638,754,244,510
115000641,44,66,-22
115000642,123,88,35
115000643,36,313,-277
115000644,93,308,-215
115000646,503,520,-17
115000647,45,298,-253
115000648,221,1146,-925
115000893,556,141,415
115000894,49,991,-942
115000895,145,716,-571
115000896,113,61,52
115000897,61,9,52
115000898,368,28,340
115000899,849,521,328
115000900,39,226,-187
115000901,82,57,25
115000912,36,15,21
115000913,2,49,-47
115000915,5,0,5
115000916,13,9,4
115000917,0,0,0
115000918,0,0,0
115000919,0,0,0
115000920,2,29,-27
115000921,1627,49,1578
115000922,136,40,96
115000923,189,521,-332
115000925,32,66,-34
115000927,3,22,-19
115000933,119,71,48
115000934,6,102,-96
115000935,13,97,-84
115000936,0,0,0
115000937,166,36,130
115000938,6,31,-25
115000939,15,32,-17
115900001,4,87,-83
115900002,60,135,-75
115900003,17,74,-57
115900004,1,28,-27
115900005,18,4,14
115900006,21,254,-233
115900008,0,12,-12
115900009,17,224,-207
115900010,45,97,-52
115900011,50,213,-163
115900012,2,35,-33
115900013,133,60,73
115900014,45,132,-87
115900015,3,54,-51
115900016,17,7,10
115900017,0,0,0
115900018,145,50,95
115900019,362,8,354
115900020,1,0,1
115900021,1436,57,1379
115900022,1352,6,1346
115900023,2,0,2
115900025,92,97,-5
115900026,987,310,677
115900027,0,350,-350
115900028,497,36,461
115900029,7,409,-402
115900030,5,30,-25
115900031,179,35,144
115900032,173,479,-306
115900033,0,39,-39
115900034,7,515,-508
115900035,3,33,-30
115900036,81,128,-47
115900037,13,437,-424
115900038,3,2,1
115900039,30,226,-196
115900041,110,91,19
115900042,2,0,2
115900043,19,106,-87
115900044,136,85,51
115900046,68,217,-149
115900047,5,9,-4
115900049,47,167,-120
115900051,2,45,-43
115900052,18,270,-252
115900053,40,296,-256
115900054,14,43,-29
115900055,6,155,-149
115900056,33,437,-404
115900057,0,0,0
115900058,42,61,-19
115900060,22,114,-92
115900061,14,0,14
115900062,3,218,-215
115900063,30,9,21
115900064,90,115,-25
115900065,15,139,-124
115900066,165,129,36
115900067,2,747,-745
115900068,3724,36,3688
115900069,48,109,-61
115900070,32,223,-191
115900071,2,646,-644
115900072,84,206,-122
115900073,8,12,-4
115900074,4,407,-403
115900075,8,344,-336
115900076,0,58,-58
115900077,6,361,-355
115900078,22,147,-125
115900079,16,7,9
115900080,204,73,131
115900081,7,96,-89
115900082,61,128,-67
115900084,38,23,15
115900085,30,51,-21
115900086,1309,305,1004
115900088,5,14,-9
115900089,47,775,-728
115900090,27,9,18
115900091,3,23,-20
115900092,7,247,-240
115900093,0,43,-43
115900094,5,441,-436
115900096,0,17,-17
115900097,16,531,-515
115900098,28,400,-372
115900099,1,43,-42
115900100,3,566,-563
115900101,50,331,-281
115900102,0,47,-47
115900103,81,189,-108
115900104,6,106,-100
115900105,15,427,-412
115900106,5,17,-12
115900107,5,155,-150
115900108,10,32,-22
115900109,12,369,-357
115900110,1,20,-19
115900111,2,110,-108
115900112,21,733,-712
115900113,10,6,4
115900114,4,125,-121
115900115,8,104,-96
115900116,64,952,-888
115900117,9,3,6
115900118,2,436,-434
115900119,16,64,-48
115900120,6,377,-371
115900121,34,236,-202
115900124,71,158,-87
115900125,78,17,61
115900126,204,30,174
115900127,171,17,154
115900128,1,38,-37
115900129,271,12,259
115900130,26,88,-62
115900131,50,5,45
115900132,60,2,58
115900134,45,8,37
115900135,330,231,99
115900137,2,0,2
115900139,88,25,63
115900140,35,2,33
115900141,11,24,-13
115900142,8,7,1
115900143,24,144,-120
115900144,8,128,-120
115900146,1,87,-86
115900147,54,61,-7
115900148,0,3,-3
115900149,4,19,-15
115900150,5,32,-27
115900151,0,35,-35
115900152,9,319,-310
115900153,18,232,-214
115900154,463,201,262
115900155,0,49,-49
115900156,244,480,-236
115900157,14,284,-270
115900158,11,7,4
115900159,8,169,-161
115900160,1,2,-1
115900161,24,121,-97
115900163,47,71,-24
115900164,19,50,-31
115900165,2,71,-69
115900166,83,213,-130
115900168,20,96,-76
115900171,12,268,-256
115900172,10,120,-110
115900173,73,61,12
115900174,158,117,41
115900175,34,76,-42
115900178,3,688,-685
115900179,26,10,16
115900180,22,200,-178
115900181,34,264,-230
115900182,61,273,-212
115900183,33,6,27
115900184,280,5,275
115900187,5,66,-61
115900189,0,36,-36
115900190,378,187,191
115900191,48,413,-365
115900192,6,39,-33
115900193,19,38,-19
115900194,159,7,152
115900195,286,274,12
115900198,58,169,-111
115900199,79,240,-161
115900200,164,242,-78
115900201,69,194,-125
115900202,1,1,0
115900203,0,1,-1
115900204,0,0,0
115900205,34,4,30
115900206,11,81,-70
115900207,0,8,-8
115900208,5,289,-284
115900209,1,119,-118
115900210,1,171,-170
115900211,2,171,-169
115900212,17,187,-170
115900213,0,1,-1
115900214,44,229,-185
115900215,16,7,9
115900216,1,89,-88
115900217,2,121,-119
115900218,0,71,-71
115900219,2,0,2
115900220,8,4,4
115900221,2,1,1
115900222,3,2,1
115900223,2,7,-5
115900224,553,56,497
115900225,43,6,37
115900226,2,20,-18
115900227,1,26,-25
115900228,0,17,-17
115900229,4,22,-18
115900230,32,33,-1
115900231,31,3,28
115900232,12,4,8
115900233,8,1,7
115900234,7,12,-5
115900235,2,10,-8
115900236,8,10,-2
115900237,0,64,-64
115900238,2,34,-32
115900239,0,35,-35
115900240,1,66,-65
115900241,26,51,-25
115900242,48,25,23
115900243,7,4,3
115900244,3,22,-19
115900245,6,8,-2
115900246,0,0,0
115900247,2,1,1
115900248,6,0,6
115900249,3,1,2
115900250,1,5,-4
115900251,0,2,-2
115900252,0,2,-2
115900253,1,2,-1
115900254,10,9,1
115900255,4,9,-5
115900256,11,6,5
115900257,1,3,-2
115900258,0,2,-2
115900259,2,0,2
115900260,5,1,4
115900261,2,1,1
115900262,0,0,0
115900263,3,1,2
115900264,0,10,-10
115900265,0,4,-4
115900266,2,0,2
115900267,0,0,0
115900268,2,1,1
115900269,67,284,-217
115900270,66,660,-594
115900271,9,2,7
115900272,1,0,1
115900273,0,0,0
115900274,1,22,-21
115900275,0,22,-22
115900276,0,60,-60
115900277,1,126,-125
115900278,3,58,-55
115900279,3,50,-47
115900280,18,62,-44
115900281,264,51,213
115900282,2,4,-2
116000001,17863,3457,14406
116000002,1858,1607,251
116000003,1061,1511,-450
116000004,589,677,-88
116000005,1259,1950,-691
116000006,694,587,107
116000007,2190,3247,-1057
116000008,1417,859,558
116000009,1144,2307,-1163
116000010,434,389,45
116000011,370,1223,-853
116000012,253,338,-85
116000013,13905,3204,10701
116000014,17241,2566,14675
116000015,408,398,10
116000016,6687,911,5776
116000017,21,292,-271
116000018,552,268,284
116000019,124,158,-34
116000020,221,946,-725
116000021,70,187,-117
116000022,93,334,-241
116000023,233,267,-34
116000024,387,1217,-830
116000025,194,327,-133
116000026,888,1874,-986
116000027,380,317,63
116000028,95,199,-104
116000029,756,421,335
116000030,80,52,28
116000031,107,142,-35
116000032,46,214,-168
116000033,40,246,-206
116000034,79,350,-271
116000035,50,461,-411
116000036,935,207,728
116000037,201,144,57
116000038,221,95,126
116000039,399,217,182
116000040,358,72,286
116000041,143,414,-271
116000042,188,76,112
116000043,32,392,-360
116000044,2,32,-30
116000045,251,260,-9
116000046,733,491,242
116000047,1232,1068,164
116000048,488,534,-46
116000049,220,645,-425
116000050,625,1005,-380
116000051,562,540,22
116000052,1571,2116,-545
116000053,363,284,79
116000054,309,1603,-1294
116000055,191,1028,-837
116000056,70,257,-187
116000057,1929,1481,448
116000058,1900,974,926
116000059,1478,1318,160
116000060,2264,522,1742
116000061,157,354,-197
116000062,300,155,145
116000063,178,414,-236
116000066,11,54,-43
116000067,150,475,-325
116000068,28,32,-4
116000069,146,337,-191
116000078,70,289,-219
116000080,490,757,-267
116000082,14,88,-74
116000083,407,237,170
116000084,1154,2268,-1114
116000085,1003,492,511
116000086,1190,892,298
116000087,599,487,112
116000088,472,953,-481
116000089,93,69,24
116000090,38,57,-19
116000091,104,53,51
116000093,1258,471,787
116000094,190,579,-389
116000095,283,389,-106
116000096,253,854,-601
116000097,166,590,-424
116000098,75,2254,-2179
116000099,5760,240,5520
116000100,41,6,35
116000101,227,1288,-1061
116000102,37,906,-869
116000103,124,203,-79
116000104,26,1066,-1040
116000105,188,171,17
116000106,37,976,-939
116000107,269,464,-195
116000108,3,160,-157
116000111,18,8,10
116000113,24,30,-6
116000114,9,91,-82
116000115,66,35,31
116000116,104,582,-478
116000117,417,594,-177
116000118,467,1452,-985
116000119,473,559,-86
116000120,1227,4036,-2809
116000121,280,221,59
116000122,724,2732,-2008
116000123,161,222,-61
116000124,187,1071,-884
116000125,417,303,114
116000126,157,1332,-1175
116000127,603,1364,-761
116000128,508,346,162
116000129,184,176,8
116000130,61,110,-49
116000133,173,673,-500
116000134,364,2562,-2198
116000135,497,893,-396
116000136,239,1733,-1494
116000137,174,328,-154
116000138,1359,277,1082
116000139,677,1572,-895
116000140,55,233,-178
116000141,205,771,-566
116000142,2602,3183,-581
116000143,971,810,161
116000144,705,2648,-1943
116000145,574,1032,-458
116000146,40,198,-158
116000147,83,32,51
116000148,136,224,-88
116000149,102,309,-207
116000151,263,963,-700
116000153,8,118,-110
116000155,31,65,-34
116000156,1106,913,193
116000157,3,7,-4
116000158,39,313,-274
116000159,1,1,0
116000160,7,130,-123
116000161,14,91,-77
116000162,66,55,11
116000163,9,2,7
116000164,3,18,-15
116000177,4,88,-84
116000194,42,315,-273
116000195,499,403,96
116000196,3,5,-2
116000197,5,2,3
116000198,709,464,245
116000200,472,112,360
116000201,295,481,-186
116000202,5,223,-218
116000203,1,67,-66
116000204,5,24,-19
116000205,0,145,-145
116000206,0,123,-123
116000207,1,26,-25
116000233,45,761,-716
116000287,27,592,-565
116000288,25,155,-130
116000292,7,228,-221
116000296,3,60,-57
116000297,13,2,11
116000304,15,10,5
116000305,0,93,-93
116000346,42,250,-208
116000352,9,53,-44
116000354,13,22,-9
116000357,0,12,-12
116000358,57,17,40
116000361,65,5,60
116000372,7453,1304,6149
116000381,23,2,21
116000388,0,50,-50
116000389,146,350,-204
116000445,82,835,-753
116000446,85,663,-578
116000447,22,284,-262
116000448,312,145,167
116000563,179,149,30
116000565,105,447,-342
116000568,10,55,-45
116000579,18,149,-131
116000584,0,15,-15
116000585,13,14,-1
116000586,189,65,124
116000587,4,333,-329
116000589,14,80,-66
116000590,7,5,2
116000591,46,183,-137
116000592,1,96,-95
116000593,0,15,-15
116000594,115,622,-507
116000595,130,198,-68
116000596,11,9,2
116000597,40,33,7
116000598,5,265,-260
116000602,59,66,-7
116000605,89,123,-34
116000606,5,40,-35
116000607,2,57,-55
116000609,101,293,-192
116000611,21,563,-542
116000612,234,1071,-837
116000613,94,207,-113
116000614,265,927,-662
116000615,0,89,-89
116000616,29,108,-79
116000617,66,159,-93
116000618,1,281,-280
116000619,8,46,-38
116000620,0,0,0
116000621,2,12,-10
116000622,5,22,-17
116000624,7,52,-45
116000627,1,32,-31
116000628,8,660,-652
116000629,7,661,-654
116000630,47,20,27
116000631,7,32,-25
116000632,93,596,-503
116000633,4,650,-646
116000634,74,7,67
116000635,735,360,375
116000636,143,358,-215
116000637,3,0,3
116000638,1,34,-33
116900001,57,71,-14
116900002,156,3,153
116900003,7,106,-99
116900004,11,1,10
116900005,37,64,-27
116900006,98,83,15
116900007,24,117,-93
116900008,67,516,-449
116900009,0,0,0
116900010,2,1670,-1668
116900011,9,19,-10
116900012,58,128,-70
116900013,1,231,-230
116900014,2,463,-461
116900015,23,43,-20
116900016,13,0,13
116900017,2,707,-705
116900018,9,6,3
116900019,4,333,-329
116900020,1121,108,1013
116900023,7,6,1
116900024,47,29,18
116900025,67,989,-922
116900026,78,571,-493
116900027,1,22,-21
116900028,0,94,-94
116900029,1,4,-3
116900031,0,1,-1
116900032,2,322,-320
116900033,1,3,-2
116900034,3,51,-48
116900035,42,166,-124
116900036,0,66,-66
116900038,3,1,2
116900041,6,5,1
116900042,998,166,832
116900043,4,41,-37
116900045,94,17,77
116900047,61,17,44
116900049,26,202,-176
116900050,23,228,-205
116900051,5,280,-275
116900052,41,17,24
116900055,0,3,-3
116900057,9,308,-299
116900058,22,251,-229
116900059,0,129,-129
116900060,59,211,-152
116900062,0,5,-5
116900064,27,937,-910
116900065,2,51,-49
116900067,15,92,-77
116900068,57,438,-381
116900070,0,1,-1
116900072,4,396,-392
116900073,6,147,-141
116900074,2,39,-37
116900076,0,8,-8
116900077,2,164,-162
116900078,149,116,33
116900079,5,271,-266
116900080,5,25,-20
116900081,101,1034,-933
116900082,166,694,-528
116900083,7,46,-39
116900084,48,26,22
116900085,9,100,-91
116900086,7,217,-210
116900088,177,27,150
116900090,126,24,102
116900091,65,103,-38
116900092,22,592,-570
116900093,1675,817,858
116900094,5233,1082,4151
116900095,37,126,-89
116900096,64,51,13
116900097,2122,450,1672
116900098,885,91,794
116900099,309,217,92
116900100,177,8,169
116900101,156,605,-449
116900103,5,1,4
116900104,17,73,-56
116900105,69,17,52
116900106,184,386,-202
116900107,3348,438,2910
116900110,4,0,4
116900111,60,1106,-1046
116900112,28,528,-500
116900113,2021,298,1723
116900116,33,84,-51
116900117,4,57,-53
116900118,874,232,642
116900120,65,77,-12
116900121,14,33,-19
116900122,198,1047,-849
116900123,54,889,-835
116900124,37,559,-522
116900125,132,252,-120
116900126,161,337,-176
116900128,0,23,-23
116900129,1,259,-258
116900130,960,940,20
116900131,20,117,-97
116900132,30,86,-56
116900133,15,95,-80
116900134,61,190,-129
116900136,89,95,-6
116900137,75,151,-76
116900138,51,180,-129
116900139,34,276,-242
116900140,66,137,-71
116900141,214,274,-60
116900142,0,9,-9
116900143,47,383,-336
116900144,4,14,-10
116900145,28,382,-354
116900147,283,216,67
116900148,0,21,-21
116900149,8,39,-31
116900150,8,5,3
116900151,11,5,6
116900153,6,40,-34
116900154,63,84,-21
116900155,15,15,0
116900157,71,194,-123
116900158,7,38,-31
116900159,8,151,-143
116900160,362,131,231
116900161,6817,1260,5557
116900162,2,111,-109
116900163,19,116,-97
116900164,4,19,-15
116900165,21,81,-60
116900166,2,53,-51
116900167,68,45,23
116900168,66,67,-1
116900169,253,79,174
116900170,33,100,-67
116900171,4,196,-192
116900172,112,26,86
116900173,13,45,-32
116900174,3,15,-12
116900175,44,44,0
116900178,5,151,-146
116900179,43,32,11
116900180,14,16,-2
116900182,131,186,-55
116900183,78,34,44
116900185,5,13,-8
116900186,35,301,-266
116900187,0,12,-12
116900188,23,18,5
116900189,8,0,8
116900191,125,225,-100
116900192,79,95,-16
116900194,21,212,-191
116900195,7,3,4
116900196,4,101,-97
116900197,19,1,18
116900198,206,50,156
116900200,2,57,-55
116900201,7,3,4
116900202,77,68,9
116900203,14,2,12
116900204,11,31,-20
116900206,1,47,-46
116900207,7,22,-15
116900208,2,58,-56
116900209,7,96,-89
116900210,143,115,28
116900211,115,3,112
116900212,3,86,-83
116900213,32,99,-67
116900214,28,85,-57
116900215,5,41,-36
116900216,67,330,-263
116900218,5,312,-307
116900219,566,354,212
116900220,29,84,-55
116900221,18,171,-153
116900222,106,126,-20
116900223,28,118,-90
116900226,13,72,-59
116900227,24,38,-14
116900228,67,270,-203
116900230,11,333,-322
116900231,1,345,-344
116900232,0,275,-275
116900233,30,41,-11
116900234,1,5,-4
116900235,60,265,-205
116900238,940,213,727
116900239,39,284,-245
116900240,4718,931,3787
116900241,12,108,-96
116900242,261,95,166
116900243,7,135,-128
116900245,17,0,17
116900246,8,3,5
116900247,62,10,52
116900248,23,9,14
116900249,43,59,-16
116900250,33,38,-5
116900251,215,34,181
116900252,8,775,-767
116900253,9,41,-32
116900254,2,64,-62
116900255,52,16,36
116900256,47,58,-11
116900257,10,611,-601
116900258,1,399,-398
116900259,12,5,7
116900260,0,145,-145
116900261,5,0,5
116900262,35,134,-99
116900263,0,1,-1
116900264,0,1,-1
116900265,2,1,1
116900266,0,32,-32
116900267,1,1,0
116900268,0,6,-6
116900269,82,255,-173
116900271,2707,69,2638
116900272,273,420,-147
116900273,116,16,100
116900274,0,41,-41
116900275,14,83,-69
116900276,709,21,688
116900277,355,8,347
116900278,1,8,-7
116900279,0,17,-17
116900280,3,26,-23
116900281,6289,813,5476
116900282,0,140,-140
116900283,10,88,-78
116900284,6,156,-150
116900285,124,36,88
116900286,60,6,54
116900287,0,66,-66
116900288,10,61,-51
116900289,2,26,-24
116900290,0,14,-14
116900291,0,16,-16
116900292,0,2,-2
116900293,3,107,-104
116900294,13,90,-77
116900295,20,8,12
116900296,2,4,-2
116900297,1,8,-7
116900298,15,22,-7
116900299,3,11,-8
116900300,35,56,-21
116900301,26,20,6
116900302,4,19,-15
116900303,309,15,294
116900304,0,65,-65
116900305,1,9,-8
116900306,4,54,-50
117000001,447,514,-67
117000002,751,2959,-2208
117000003,2027,1085,942
117000004,2610,3491,-881
117000005,413,494,-81
117000006,451,3262,-2811
117000007,763,405,358
117000008,830,3286,-2456
117000009,1402,480,922
117000010,1561,3034,-1473
117000011,323,671,-348
117000012,447,1454,-1007
117000013,248,481,-233
117000014,327,1791,-1464
117000015,1115,474,641
117000016,105,43,62
117000017,108,118,-10
117000018,56,269,-213
117000019,0,0,0
117000020,397,706,-309
117000021,1859,161,1698
117000022,109,45,64
117000023,152,84,68
117000024,311,85,226
117000025,393,492,-99
117000026,505,148,357
117000027,1147,911,236
117000028,107,125,-18
117000030,188,338,-150
117000031,70,20,50
117000032,1009,907,102
117000033,566,522,44
117000034,88,176,-88
117000035,49,33,16
117000036,139,205,-66
117000037,23,17,6
117000038,18,185,-167
117000039,51,172,-121
117000040,52,1516,-1464
117000041,170,52,118
117000044,19,1097,-1078
117000045,89,29,60
117000046,208,613,-405
117000047,95,166,-71
117000048,1471,1047,424
117000049,95,325,-230
117000050,39,2897,-2858
117000051,634,129,505
117000052,7,812,-805
117000053,69,73,-4
117000054,269,0,269
117000055,11,3471,-3460
117000056,176,6,170
117000057,626,1611,-985
117000060,195,1783,-1588
117000061,226,217,9
117000062,91,336,-245
117000063,261,215,46
117000064,571,585,-14
117000066,913,532,381
117000067,59,163,-104
117000074,41,51,-10
117000076,26,12,14
117000077,51,27,24
117000078,53,378,-325
117000079,27,95,-68
117000080,0,286,-286
117000081,204,74,130
117000082,18,26,-8
117000083,4,0,4
117000084,2,0,2
117000085,71,240,-169
117000086,305,537,-232
117000087,47,370,-323
117000088,70,45,25
117000089,461,163,298
117000090,114,1573,-1459
117000091,187,149,38
117000092,155,1881,-1726
117000093,206,199,7
117000094,356,2264,-1908
117000095,458,280,178
117000096,302,2809,-2507
117000097,302,449,-147
117000098,2167,5218,-3051
117000099,588,327,261
117000100,37,79,-42
117000101,170,1100,-930
117000102,284,190,94
117000103,565,1698,-1133
117000104,337,215,122
117000105,374,2025,-1651
117000106,169,164,5
117000107,312,2516,-2204
117000108,270,276,-6
117000109,1087,3230,-2143
117000110,329,249,80
117000111,1152,2035,-883
117000112,799,923,-124
117000113,53,359,-306
117000114,12,41,-29
117000115,23,215,-192
117000116,16,106,-90
117000117,578,124,454
117000118,51,104,-53
117000119,28,11,17
117000120,30,14,16
117000121,46,76,-30
117000122,248,179,69
117000123,893,16,877
117000124,100,3,97
117000125,113,35,78
117000126,21,22,-1
117000127,85,257,-172
117000128,205,326,-121
117000129,39,3,36
117000130,0,0,0
117000131,0,8,-8
117000132,285,21,264
117000133,237,301,-64
117000134,0,85,-85
117000135,1,32,-31
117000136,3,34,-31
117000137,21,20,1
117000138,1,279,-278
117000140,198,1596,-1398
117000141,299,158,141
117000181,770,162,608
117000182,68,71,-3
117000195,110,1317,-1207
117000196,21,11,10
117000225,19,4,15
117000226,1,32,-31
117000276,27,3,24
117000277,0,581,-581
117000310,1784,1535,249
117000315,7,141,-134
117000320,0,0,0
117000906,43,10,33
117000907,5,468,-463
117000908,43,11,32
117000909,40,15,25
117000910,125,94,31
117000911,107,146,-39
117000915,3,599,-596
117000916,4,1,3
117000917,158,5,153
117000918,12,15,-3
117000919,8,113,-105
117000920,6,1738,-1732
117000921,9,2535,-2526
117000922,0,0,0
117000924,63,85,-22
117000926,1065,60,1005
117000927,49,139,-90
117000928,1,298,-297
117000929,68,603,-535
117000930,30,6,24
117000931,189,29,160
117900002,82,210,-128
117900003,637,159,478
117900005,1,5,-4
117900006,0,25,-25
117900007,32,191,-159
117900008,0,31,-31
117900010,30,184,-154
117900011,4,9,-5
117900012,11,195,-184
117900013,0,306,-306
117900014,62,304,-242
117900015,6,228,-222
117900016,893,150,743
117900017,85,497,-412
117900018,104,15,89
117900019,71,534,-463
117900020,34,47,-13
117900021,2,121,-119
117900022,10,5,5
117900023,505,22,483
117900024,31,256,-225
117900025,9,6,3
117900026,68,448,-380
117900028,2,0,2
117900029,74,841,-767
117900030,86,80,6
117900031,12,25,-13
117900032,86,120,-34
117900033,58,824,-766
117900034,22,37,-15
117900035,27,27,0
117900036,42,698,-656
117900037,9,76,-67
117900038,20,553,-533
117900039,3,84,-81
117900040,106,617,-511
117900041,3,53,-50
117900042,4096,326,3770
117900043,21,34,-13
117900044,35,479,-444
117900045,36,30,6
117900048,69,288,-219
117900049,26,552,-526
117900050,1,12,-11
117900051,7,2,5
117900052,18,71,-53
117900053,409,643,-234
117900054,2,26,-24
117900055,50,31,19
117900056,155,10,145
117900057,565,976,-411
117900058,24,3,21
117900059,75,29,46
117900060,299,5056,-4757
117900061,2,64,-62
117900063,33,185,-152
117900065,422,892,-470
117900066,2,11,-9
117900067,56,258,-202
117900069,122,375,-253
117900070,46,0,46
117900071,21,115,-94
117900073,97,334,-237
117900074,33,5,28
117900075,7,38,-31
117900076,1,26,-25
117900077,25,35,-10
117900078,110,196,-86
117900080,22,24,-2
117900081,326,372,-46
117900082,100,112,-12
117900083,49,598,-549
117900086,33,29,4
117900087,2,32,-30
117900088,1888,1147,741
117900089,509,132,377
117900090,65,770,-705
117900091,105,66,39
117900092,10,47,-37
117900093,6,53,-47
117900094,6,7,-1
117900095,46,545,-499
117900096,17,150,-133
117900097,12,30,-18
117900098,4,2,2
117900099,30,344,-314
117900100,20,0,20
117900101,257,402,-145
117900102,2,16,-14
117900103,2,0,2
117900104,2,63,-61
117900105,30,98,-68
117900106,12,21,-9
117900107,6,0,6
117900109,73,168,-95
117900110,6,0,6
117900111,40,3,37
117900112,9,18,-9
117900113,2397,615,1782
117900114,3,2,1
117900115,27,14,13
117900116,612,435,177
117900117,218,232,-14
117900118,2,0,2
117900119,23,391,-368
117900120,33,86,-53
117900121,4,15,-11
117900122,623,386,237
117900123,181,914,-733
117900124,292,375,-83
117900125,472,512,-40
117900126,169,403,-234
117900127,181,573,-392
117900128,67,944,-877
117900129,5,0,5
117900130,290,208,82
117900131,1,84,-83
117900132,6,120,-114
117900133,5,205,-200
117900134,22,196,-174
117900135,7,298,-291
117900136,0,56,-56
117900137,18,310,-292
117900138,0,49,-49
117900139,16,69,-53
117900140,4095,86,4009
117900141,77,174,-97
117900142,7,2,5
117900144,13,18,-5
117900145,22,12,10
117900146,48,42,6
117900147,8,27,-19
117900148,1817,565,1252
117900149,8,106,-98
117900150,11,207,-196
117900151,9,163,-154
117900152,27,41,-14
117900153,4,62,-58
117900154,69,435,-366
117900156,340,230,110
117900157,14,195,-181
117900158,20,12,8
117900160,217,226,-9
117900161,2100,1751,349
117900162,34,177,-143
117900163,46,16,30
117900165,0,5,-5
117900166,17,68,-51
117900168,47,159,-112
117900169,2,80,-78
117900170,1,29,-28
117900171,0,5,-5
117900172,2,28,-26
117900173,140,35,105
117900174,19,31,-12
117900175,0,23,-23
117900176,2,34,-32
117900177,1,71,-70
117900178,54,17,37
117900180,183,20,163
117900181,100,47,53
117900182,0,8,-8
117900183,3,80,-77
117900184,0,16,-16
117900185,2,12,-10
117900186,3,16,-13
117900187,5,3,2
117900188,28,10,18
117900189,24,3,21
117900190,0,0,0
117900191,8,0,8
117900192,24,5,19
117900193,9,40,-31
117900194,1,0,1
117900195,0,0,0
117900196,2,8,-6
117900207,36,10,26
117900208,17,28,-11
117900209,58,71,-13
117900210,85,60,25
117900211,12,146,-134
117900212,57,81,-24
117900213,0,4,-4
117900214,0,69,-69
117900215,0,3,-3
117900216,5,7,-2
117900217,18,22,-4
117900218,76,20,56
117900219,1,22,-21
117900220,12,12,0
117900222,72,196,-124
117900223,25,44,-19
118000001,252,199,53
118000002,870,1270,-400
118000003,486,549,-63
118000004,1434,1373,61
118000005,1981,798,1183
118000006,6257,3025,3232
118000007,3080,1364,1716
118000008,2742,1834,908
118000009,1218,2344,-1126
118000010,2680,2678,2
118000011,306,2129,-1823
118000012,429,2178,-1749
118000013,2119,2258,-139
118000014,957,2814,-1857
118000016,151,442,-291
118000017,77,172,-95
118000018,193,496,-303
118000019,1054,639,415
118000020,1242,725,517
118000021,634,948,-314
118000022,1612,348,1264
118000023,897,159,738
118000024,1046,359,687
118000027,12021,2332,9689
118000029,986,242,744
118000032,772,671,101
118000033,1394,1057,337
118000034,3070,1253,1817
118000035,563,831,-268
118000036,380,746,-366
118000037,227,683,-456
118000038,60,192,-132
118000039,28,290,-262
118000040,492,1810,-1318
118000041,661,958,-297
118000045,326,59,267
118000046,835,405,430
118000047,844,213,631
118000048,1694,681,1013
118000051,971,423,548
118000052,887,353,534
118000053,547,213,334
118000054,2366,632,1734
118000055,2012,468,1544
118000056,207,130,77
118000057,259,158,101
118000058,899,421,478
118000059,554,494,60
118000060,234,564,-330
118000061,326,811,-485
118000062,185,131,54
118000063,124,267,-143
118000064,441,659,-218
118000065,2662,654,2008
118000066,444,437,7
118000067,699,475,224
118000068,1051,1654,-603
118000069,1727,700,1027
118000070,5458,792,4666
118000071,2422,2146,276
118000072,1072,814,258
118000073,1258,293,965
118000074,107,193,-86
118000075,454,277,177
118000076,446,659,-213
118000077,695,757,-62
118000078,760,1103,-343
118000079,161,235,-74
118000080,809,587,222
118000081,566,677,-111
118000082,183,448,-265
118000083,1762,568,1194
118000084,1676,805,871
118000086,117,376,-259
118000087,5071,1601,3470
118000088,1237,1245,-8
118000089,2837,1781,1056
118000090,1737,1081,656
118000091,1356,1020,336
118000092,1181,240,941
118000093,108,406,-298
118000096,210,307,-97
118000097,198,280,-82
118000098,90,195,-105
118000099,97,805,-708
118000101,285,269,16
118000102,99,923,-824
118000107,2707,238,2469
118000108,63,184,-121
118000110,4,16,-12
118000111,1,642,-641
118000112,0,0,0
118000113,2,1063,-1061
118000114,0,0,0
118000115,3,2,1
118000116,3,1,2
118000117,566,641,-75
118000118,283,331,-48
118000119,331,576,-245
118000120,797,1199,-402
118000121,88,438,-350
118000122,355,68,287
118000123,13,222,-209
118000125,1004,1037,-33
118000126,276,1002,-726
118000127,665,346,319
118000128,455,949,-494
118000129,274,144,130
118000130,2470,3684,-1214
118000131,466,1038,-572
118000132,778,566,212
118000133,149,326,-177
118000135,83,78,5
118000136,80,480,-400
118000137,255,50,205
118000138,85,560,-475
118000139,77,65,12
118000140,1431,1371,60
118000141,652,1055,-403
118000142,721,1595,-874
118000143,354,530,-176
118000144,922,552,370
118000145,812,2184,-1372
118000146,463,1102,-639
118000147,447,1526,-1079
118000148,109,798,-689
118000149,310,841,-531
118000150,128,83,45
118000151,51,194,-143
118000153,207,650,-443
118000154,253,861,-608
118000155,270,710,-440
118000156,1442,1363,79
118000157,144,205,-61
118000158,39,271,-232
118000159,0,12,-12
118000160,80,164,-84
118000161,113,768,-655
118000162,433,525,-92
118000163,154,383,-229
118000164,994,742,252
118000168,1623,112,1511
118000169,587,1410,-823
118000170,2391,5111,-2720
118000171,19,172,-153
118000172,15,79,-64
118000173,364,772,-408
118000175,126,145,-19
118000176,68,146,-78
118000177,80,209,-129
118000178,12,35,-23
118000179,606,183,423
118000180,253,242,11
118000181,477,198,279
118000182,221,156,65
118000183,102,104,-2
118000184,101,479,-378
118000185,905,418,487
118000186,397,545,-148
118000187,257,813,-556
118000188,155,202,-47
118000189,98,689,-591
118000190,6,1,5
118000191,10,31,-21
118000192,57,74,-17
118000193,40,133,-93
118000194,1029,436,593
118000195,428,241,187
118000196,63,20,43
118000197,139,81,58
118000198,231,145,86
118000199,297,176,121
118000200,0,14,-14
118000201,163,159,4
118000202,5,6,-1
118000203,634,175,459
118000204,168,82,86
118000205,181,120,61
118000206,58,91,-33
118000207,0,101,-101
118000208,380,872,-492
118000209,688,1362,-674
118000210,8,20,-12
118000211,1,11,-10
118000213,207,295,-88
118000214,343,148,195
118000215,122,225,-103
118000216,11,635,-624
118000217,14,58,-44
118000218,8,67,-59
118000219,195,216,-21
118000220,1,3,-2
118000221,19,131,-112
118000222,79,24,55
118000223,1,14,-13
118000224,133,80,53
118000225,31,788,-757
118000226,40,18,22
118000227,432,101,331
118000228,83,69,14
118000229,23,8,15
118000230,36,192,-156
118000231,6,158,-152
118000232,215,689,-474
118000233,241,415,-174
118000234,54,272,-218
118000236,180,422,-242
118000237,19,569,-550
118000238,49,360,-311
118000239,76,157,-81
118000240,396,56,340
118000241,25,230,-205
118000242,105,572,-467
118000243,40,188,-148
118000244,6,142,-136
118000246,0,8,-8
118000255,18,165,-147
118000256,22,149,-127
118000259,0,31,-31
118000260,16,48,-32
118000261,8,91,-83
118000263,17,143,-126
118000266,59,303,-244
118000267,0,109,-109
118000268,10,3,7
118000270,17,22,-5
118000271,29,238,-209
118000272,21,13,8
118000273,24,108,-84
118000274,65,295,-230
118000276,71,284,-213
118000295,0,41,-41
118000298,58,369,-311
118000299,18,166,-148
118000301,0,41,-41
118000302,34,43,-9
118000311,35,128,-93
118000312,34,270,-236
118000313,25,194,-169
118000314,6,59,-53
118000315,20,58,-38
118000316,159,315,-156
118000325,1,47,-46
118000326,6,20,-14
118000331,15,81,-66
118000332,10,57,-47
118000333,6,85,-79
118000335,0,0,0
118000336,4,388,-384
118000407,13,31,-18
118000457,1,25,-24
118000465,2018,1188,830
118000480,13,99,-86
118000489,39,48,-9
118000490,64,385,-321
118000492,55,96,-41
118000510,56,17,39
118000514,49,246,-197
118000515,68,75,-7
118000517,340,173,167
118000524,538,66,472
118000525,572,615,-43
118000530,17,78,-61
118000531,56,117,-61
118000532,66,299,-233
118000533,124,114,10
118000534,127,401,-274
118000535,53,59,-6
118000536,233,135,98
118000537,10,30,-20
118000538,5,115,-110
118000539,3,25,-22
118000540,95,274,-179
118000541,33,103,-70
118000542,10,86,-76
118000543,55,96,-41
118000546,9,29,-20
118000560,2703,271,2432
118000562,3,172,-169
118000563,868,629,239
118000576,67,169,-102
118000577,90,106,-16
118000578,62,112,-50
118000579,435,502,-67
118000595,80,43,37
118000596,0,44,-44
118000597,37,98,-61
118000598,4,0,4
118000599,17,28,-11
118000600,0,43,-43
118000601,5,0,5
118000602,0,34,-34
118000603,0,21,-21
118900001,641,233,408
118900002,567,235,332
118900003,35,10,25
118900004,0,38,-38
118900005,28,0,28
118900006,6,0,6
118900007,2,3,-1
118900008,652,16,636
118900009,13,1,12
118900010,1,1,0
118900011,34,5,29
118900012,136,129,7
118900013,98,3,95
118900015,58,12,46
118900016,1,7,-6
118900017,5,15,-10
118900018,284,3,281
118900019,87,7,80
118900020,22,29,-7
118900021,36,199,-163
118900022,96,73,23
118900023,17,23,-6
118900024,10,58,-48
118900025,2,0,2
118900026,15,58,-43
118900027,78,41,37
118900028,32,78,-46
118900029,15,145,-130
118900030,4,3,1
118900031,43,62,-19
118900032,14,49,-35
118900033,122,321,-199
118900034,4,0,4
118900035,40,230,-190
118900036,277,469,-192
118900037,49,89,-40
118900038,50,362,-312
118900039,32,91,-59
118900040,77,124,-47
118900041,73,50,23
118900042,31,54,-23
118900045,76,84,-8
118900046,845,49,796
118900047,481,101,380
118900048,11,56,-45
118900049,5,4,1
118900050,3,205,-202
118900051,7,9,-2
118900052,27,126,-99
118900053,6,11,-5
118900054,19,65,-46
118900055,11,131,-120
118900056,0,51,-51
118900057,26,191,-165
118900058,85,220,-135
118900059,3,15,-12
118900060,7,89,-82
118900062,17,107,-90
118900064,270,79,191
118900065,9,37,-28
118900066,5,35,-30
118900067,7177,1406,5771
118900068,1,40,-39
118900069,51,161,-110
118900071,0,20,-20
118900072,91,202,-111
118900073,14,54,-40
118900074,33,48,-15
118900075,7,34,-27
118900076,40,23,17
118900077,42,76,-34
118900078,7,4,3
118900079,19,62,-43
118900080,3,21,-18
118900081,4,5,-1
118900082,94,82,12
118900083,7,20,-13
118900084,3,10,-7
118900085,224,574,-350
118900086,2,7,-5
118900087,31,55,-24
118900088,0,17,-17
118900089,4,4,0
118900090,111,312,-201
118900091,77,38,39
118900092,11,93,-82
118900093,46,3,43
118900096,15,2,13
118900097,81,528,-447
118900099,20,236,-216
118900100,38,100,-62
118900101,7,738,-731
118900102,3,59,-56
118900103,26,52,-26
118900104,19,126,-107
118900105,84,73,11
118900107,113,72,41
118900108,22,115,-93
118900110,215,113,102
118900111,40,377,-337
118900112,3,38,-35
118900113,11,392,-381
118900114,7,37,-30
118900115,63,213,-150
118900116,29,122,-93
118900117,11,136,-125
118900118,37,433,-396
118900119,20,235,-215
118900120,55,255,-200
118900121,2,155,-153
118900122,2,203,-201
118900123,71,200,-129
118900124,39,127,-88
118900126,6,143,-137
118900129,22,113,-91
118900130,11,23,-12
118900131,11,269,-258
118900132,75,110,-35
118900133,4,19,-15
118900135,38,148,-110
118900136,80,755,-675
118900137,0,4,-4
118900139,27,433,-406
118900140,122,812,-690
118900141,11,171,-160
118900144,32,897,-865
118900145,9,129,-120
118900146,100,594,-494
118900147,14,26,-12
118900148,5,39,-34
118900150,14,85,-71
118900152,116,559,-443
118900157,15,26,-11
118900158,8,36,-28
118900159,0,136,-136
118900161,3,0,3
118900163,70,20,50
118900164,1,36,-35
118900165,17,349,-332
118900166,17,1,16
118900167,11,173,-162
118900168,1,23,-22
118900169,45,532,-487
118900170,12,79,-67
118900171,0,28,-28
118900174,25,47,-22
118900175,26,292,-266
118900176,28,136,-108
118900177,9,49,-40
118900178,12,56,-44
118900179,0,42,-42
118900181,34,71,-37
118900182,19,23,-4
118900183,0,29,-29
118900184,69,35,34
118900185,8,102,-94
118900186,22,59,-37
118900187,93,159,-66
118900188,57,192,-135
118900189,1,115,-114
118900190,5,338,-333
118900191,13,15,-2
118900192,9,3,6
118900193,14,3,11
118900195,42,517,-475
118900196,6,150,-144
118900197,16,28,-12
118900198,3,72,-69
118900199,4,62,-58
118900200,6,5,1
118900201,0,4,-4
118900202,9,54,-45
118900203,3,49,-46
118900204,2,47,-45
118900205,1,22,-21
118900206,0,59,-59
119000001,439,500,-61
119000002,2032,1582,450
119000003,735,1491,-756
119000004,632,802,-170
119000005,722,995,-273
119000006,560,1035,-475
119000007,1175,1741,-566
119000008,902,1925,-1023
119000009,2213,1449,764
119000010,6896,3228,3668
119000011,5435,1111,4324
119000012,5066,2011,3055
119000013,1713,878,835
119000014,1616,2481,-865
119000019,61,163,-102
119000020,404,1062,-658
119000021,1542,1621,-79
119000022,2375,683,1692
119000023,42,93,-51
119000024,1570,2754,-1184
119000025,11532,782,10750
119000026,211,162,49
119000027,422,209,213
119000028,1183,875,308
119000029,91,181,-90
119000030,397,1032,-635
119000031,360,587,-227
119000032,2047,1819,228
119000033,1188,1167,21
119000034,513,1120,-607
119000035,11,324,-313
119000036,371,1009,-638
119000037,317,2018,-1701
119000038,53,974,-921
119000039,108,263,-155
119000040,759,259,500
119000041,824,584,240
119000048,3541,3354,187
119000049,838,3480,-2642
119000050,753,1572,-819
119000051,910,655,255
119000052,975,2012,-1037
119000053,906,903,3
119000054,1153,2853,-1700
119000055,999,2713,-1714
119000056,703,1673,-970
119000057,582,1970,-1388
119000058,875,1762,-887
119000059,460,1042,-582
119000060,353,633,-280
119000061,355,652,-297
119000062,640,1193,-553
119000063,95,158,-63
119000064,684,1340,-656
119000065,1135,3027,-1892
119000066,645,498,147
119000067,1058,2517,-1459
119000068,506,797,-291
119000069,520,2253,-1733
119000070,661,946,-285
119000071,425,736,-311
119000072,4356,3314,1042
119000073,2790,3523,-733
119000074,324,3289,-2965
119000075,434,2451,-2017
119000076,330,738,-408
119000077,379,388,-9
119000078,138,290,-152
119000079,24,394,-370
119000080,64,226,-162
119000081,84,355,-271
119000082,164,227,-63
119000083,162,251,-89
119000084,87,419,-332
119000085,226,148,78
119000086,106,368,-262
119000087,835,558,277
119000088,129,172,-43
119000089,55,117,-62
119000090,54,59,-5
119000091,145,246,-101
119000092,353,69,284
119000093,2955,3013,-58
119000094,1134,3476,-2342
119000095,543,2521,-1978
119000097,2374,1149,1225
119000098,353,878,-525
119000099,1242,1275,-33
119000100,1015,1456,-441
119000101,1895,2816,-921
119000102,418,381,37
119000103,761,359,402
119000104,2465,1266,1199
119000105,293,484,-191
119000106,100,2029,-1929
119000107,255,312,-57
119000108,134,1550,-1416
119000109,34,431,-397
119000110,325,731,-406
119000111,23,325,-302
119000112,177,249,-72
119000113,1887,232,1655
119000114,509,208,301
119000115,146,68,78
119000116,91,35,56
119000117,57,204,-147
119000118,1,2,-1
119000123,1134,362,772
119000124,84,155,-71
119000125,611,794,-183
119000126,116,745,-629
119000127,144,929,-785
119000128,40,8,32
119000131,266,1142,-876
119000132,1,23,-22
119000133,0,4,-4
119000134,962,301,661
119000135,34,215,-181
119000136,55,311,-256
119000137,42,627,-585
119000138,64,498,-434
119000139,47,349,-302
119000140,37,166,-129
119000284,1158,1880,-722
119000285,2308,1878,430
119000286,4358,3184,1174
119000287,702,1599,-897
119000288,768,1368,-600
119000289,1178,3059,-1881
119000290,115,482,-367
119000291,11,278,-267
119000293,52,152,-100
119000294,20,20,0
119000295,1666,469,1197
119000296,60,114,-54
119000302,4637,1026,3611
119000303,1,36,-35
119000314,1314,2870,-1556
119000315,3,719,-716
119000316,21,93,-72
119000317,15,552,-537
119900001,57,347,-290
119900002,15,117,-102
119900003,20,1235,-1215
119900004,260,145,115
119900005,22,100,-78
119900006,62,235,-173
119900007,77,16,61
119900008,21,8,13
119900009,180,413,-233
119900010,558,979,-421
119900011,8,20,-12
119900012,18,25,-7
119900013,784,501,283
119900014,388,181,207
119900015,20,10,10
119900016,7,73,-66
119900017,7,17,-10
119900018,545,51,494
119900019,1,5,-4
119900020,43,95,-52
119900021,21,29,-8
119900022,48,101,-53
119900023,375,180,195
119900025,24,31,-7
119900026,622,44,578
119900027,2,16,-14
119900028,38,8,30
119900029,0,9,-9
119900030,56,226,-170
119900031,10,57,-47
119900033,1779,70,1709
119900034,31,169,-138
119900037,13,19,-6
119900038,12,46,-34
119900039,23,0,23
119900040,15,1,14
119900041,17,80,-63
119900042,15,120,-105
119900043,3,119,-116
119900044,124,121,3
119900046,8,84,-76
119900047,51,13,38
119900048,4,31,-27
119900049,13,3,10
119900050,19,13,6
119900051,66,0,66
119900052,8,79,-71
119900053,67,120,-53
119900054,12,2,10
119900055,230,166,64
119900057,26,126,-100
119900058,50,0,50
119900059,66,13,53
119900060,49,1,48
119900062,2,67,-65
119900063,11,29,-18
119900064,66,49,17
119900065,44,0,44
119900066,0,0,0
119900067,4,76,-72
119900068,86,1,85
119900069,11,9,2
119900070,77,2,75
119900071,91,1,90
119900073,1039,296,743
119900074,12,13,-1
119900075,5303,1298,4005
119900076,43,355,-312
119900077,76,1362,-1286
119900078,82,594,-512
119900079,39,240,-201
119900080,190,888,-698
119900081,277,290,-13
119900082,150,89,61
119900083,0,27,-27
119900084,114,88,26
119900085,116,36,80
119900087,81,113,-32
119900088,37,63,-26
119900089,1,689,-688
119900090,130,59,71
119900091,24,1119,-1095
119900092,55,462,-407
119900093,417,59,358
119900094,16,213,-197
119900095,103,63,40
119900096,19,116,-97
119900097,187,116,71
119900098,11,46,-35
119900099,10,347,-337
119900100,2185,728,1457
119900101,148,627,-479
119900102,22,390,-368
119900103,16,569,-553
119900104,25,320,-295
119900105,280,1884,-1604
119900106,8,233,-225
119900107,216,3037,-2821
119900108,1634,805,829
119900109,11,142,-131
119900110,151,661,-510
119900111,13,312,-299
119900112,2326,334,1992
119900113,27,551,-524
119900114,48,1715,-1667
119900115,21,1361,-1340
119900116,24,147,-123
119900117,97,1160,-1063
119900118,11,1134,-1123
119900119,26,272,-246
119900120,437,602,-165
119900121,74,1657,-1583
119900122,139,353,-214
119900123,55,201,-146
119900124,23,1061,-1038
119900125,26,340,-314
119900126,6247,138,6109
119900127,2186,606,1580
119900128,60,889,-829
119900129,25,835,-810
119900130,53,250,-197
119900131,12,407,-395
119900132,1,289,-288
119900133,8,14,-6
119900134,1872,201,1671
119900135,0,463,-463
119900136,101,550,-449
119900138,256,478,-222
119900139,4,48,-44
119900140,1,144,-143
119900141,83,154,-71
119900142,5,11,-6
119900143,3,294,-291
119900144,1941,137,1804
119900145,22,210,-188
119900146,77,96,-19
119900147,1,58,-57
119900148,50,32,18
119900149,1322,985,337
119900150,141,187,-46
119900151,814,456,358
119900152,36,356,-320
119900153,16,18,-2
119900154,29,369,-340
119900155,9,25,-16
119900156,1,2,-1
119900157,22,263,-241
119900158,35,28,7
119900159,5,1714,-1709
119900160,5,342,-337
119900161,108,271,-163
119900162,305,301,4
119900163,80,82,-2
119900164,0,0,0
119900165,13,207,-194
119900166,28,19,9
119900167,31,139,-108
119900168,198,250,-52
119900169,76,123,-47
119900170,48,78,-30
119900171,302,521,-219
119900172,49,7,42
119900173,39,581,-542
119900174,2,372,-370
119900175,178,366,-188
119900177,10,228,-218
119900178,12,267,-255
119900179,26,87,-61
119900180,265,339,-74
119900181,32,6,26
119900182,2,513,-511
119900183,77,1058,-981
119900184,2838,404,2434
119900185,7,40,-33
119900186,24,122,-98
119900187,7,606,-599
119900188,15,239,-224
119900189,127,77,50
119900190,21,54,-33
119900191,93,77,16
119900192,1,209,-208
119900193,55,131,-76
119900194,7,10,-3
119900195,14,283,-269
119900196,1894,270,1624
119900197,34,36,-2
119900198,17,486,-469
119900199,110,6,104
119900200,91,288,-197
119900201,344,208,136
119900202,96,37,59
119900203,31,102,-71
119900204,44,213,-169
119900205,112,354,-242
119900206,7,136,-129
119900208,63,82,-19
119900209,161,260,-99
119900210,3,24,-21
119900211,27,4,23
119900212,30,298,-268
119900213,0,35,-35
119900214,1,102,-101
119900215,2,138,-136
119900216,2,156,-154
119900217,2,96,-94
119900218,8,112,-104
119900219,3,178,-175
119900220,5,183,-178
119900221,7,458,-451
119900222,12,338,-326
119900223,25,113,-88
119900224,28,37,-9
119900225,1514,56,1458
119900226,625,476,149
119900227,1739,286,1453
119900228,13,314,-301
119900229,138,278,-140
119900230,842,389,453
119900231,17,109,-92
119900232,51,4,47
119900233,10,0,10
119900234,4,18,-14
119900235,0,5,-5
119900236,10,265,-255
119900237,33,484,-451
119900238,0,126,-126
119900240,8,180,-172
119900241,45,235,-190
119900242,1295,353,942
119900244,399,916,-517
119900245,10,120,-110
119900246,52,56,-4
119900247,8,21,-13
119900248,4,18,-14
119900249,37,9,28
119900253,3266,167,3099
119900254,15,60,-45
119900255,24,673,-649
119900256,47,1717,-1670
119900257,7,0,7
119900258,19,7,12
119900259,2,288,-286
119900260,15,3,12
119900261,36,163,-127
119900262,0,317,-317
119900263,536,451,85
119900264,6,204,-198
119900265,64,285,-221
119900266,79,257,-178
119900267,30,443,-413
119900268,12,308,-296
119900269,111,1743,-1632
119900271,21,61,-40
119900272,56,25,31
119900275,56,3,53
119900276,5,0,5
119900277,16,13,3
119900278,161,30,131
119900279,69,81,-12
119900280,757,203,554
119900281,0,47,-47
119900282,11,5,6
119900283,4,269,-265
119900284,30,135,-105
119900285,131,87,44
119900286,146,38,108
119900288,4,36,-32
119900289,0,37,-37
119900290,2,18,-16
119900291,0,30,-30
119900292,7,3,4
119900293,11,0,11
119900294,6,0,6
119900295,4,0,4
119900296,12,7,5
119900299,10,326,-316
119900300,48,295,-247
119900301,15,16,-1
119900302,11,22,-11
119900303,28,192,-164
119900304,8,15,-7
119900305,19,63,-44
119900306,12,1,11
119900307,12,132,-120
119900308,0,4,-4
119900309,2,19,-17
119900310,133,299,-166
119900311,10,130,-120
119900312,22,55,-33
119900313,67,366,-299
119900314,23,99,-76
119900315,166,3096,-2930
119900318,3,4,-1
119900319,0,454,-454
119900320,19,770,-751
119900321,11,0,11
119900322,62,39,23
119900323,0,52,-52
119900324,2,32,-30
119900325,1,432,-431
119900326,5,2,3
120000001,5722,3631,2091
120000002,1365,3073,-1708
120000003,2864,2044,820
120000004,2426,2479,-53
120000005,4319,2248,2071
120000006,922,1170,-248
120000007,2302,1702,600
120000008,610,1172,-562
120000009,5054,836,4218
120000010,835,3305,-2470
120000011,552,2004,-1452
120000012,1177,3229,-2052
120000013,959,2491,-1532
120000014,313,1264,-951
120000015,1115,1324,-209
120000016,1132,867,265
120000017,555,731,-176
120000018,2908,3125,-217
120000019,303,556,-253
120000020,1111,1331,-220
120000021,1001,1155,-154
120000022,2249,2052,197
120000023,402,987,-585
120000024,770,1290,-520
120000025,786,1655,-869
120000026,380,1580,-1200
120000027,642,1222,-580
120000028,402,329,73
120000029,2111,404,1707
120000030,73,517,-444
120000031,1466,3017,-1551
120000032,10503,2214,8289
120000033,1135,1277,-142
120000034,583,2098,-1515
120000035,800,2028,-1228
120000036,1153,2669,-1516
120000037,246,405,-159
120000038,9916,2963,6953
120000039,206,929,-723
120000040,28,107,-79
120000041,239,2333,-2094
120000042,906,5974,-5068
120000043,2528,2838,-310
120000044,1399,1140,259
120000045,1591,914,677
120000046,803,1264,-461
120000047,1636,1705,-69
120000048,8072,2132,5940
120000049,1128,2188,-1060
120000050,1521,3512,-1991
120000051,3717,3252,465
120000052,15853,1744,14109
120000053,498,4375,-3877
120000054,1173,7336,-6163
120000055,575,4321,-3746
120000056,2301,5212,-2911
120000057,911,1275,-364
120000058,170,138,32
120000059,106,1255,-1149
120000061,46,596,-550
120000062,150,357,-207
120000063,1803,4162,-2359
120000064,176,2029,-1853
120000065,315,1945,-1630
120000066,64,448,-384
120000067,24,569,-545
120000068,64,1357,-1293
120000069,255,1827,-1572
120000070,16,1237,-1221
120000071,83,195,-112
120000072,128,441,-313
120000073,111,87,24
120000074,30,57,-27
120000075,95,175,-80
120000076,349,207,142
120000077,455,250,205
120000078,2542,350,2192
120000079,16,30,-14
120000080,5,39,-34
120000081,30,27,3
120000082,30,52,-22
120000083,8,59,-51
120000084,317,496,-179
120000085,191,342,-151
120000086,93,686,-593
120000087,53,1300,-1247
120000088,340,959,-619
120000089,268,219,49
120000090,97,214,-117
120000091,154,426,-272
120000092,187,191,-4
120000093,63,239,-176
120000094,21,167,-146
120000095,350,805,-455
120000096,118,1450,-1332
120000098,377,1110,-733
120000099,92,650,-558
120000100,248,776,-528
120000101,207,564,-357
120000102,77,249,-172
120000103,194,167,27
120000104,314,114,200
120000105,390,121,269
120000106,326,111,215
120000107,486,151,335
120000108,183,44,139
120000109,208,44,164
120000110,55,978,-923
120000111,68,1486,-1418
120000112,299,4681,-4382
120000113,241,3117,-2876
120000114,179,2350,-2171
120000115,163,2144,-1981
120000116,343,1912,-1569
120000117,961,1774,-813
120000118,8,11,-3
120000119,11,23,-12
120000120,9,9,0
120000121,18,17,1
120000122,44,32,12
120000123,5987,906,5081
120000124,149,231,-82
120000125,121,577,-456
120000126,70,291,-221
120000127,470,266,204
120000128,1325,1341,-16
120000129,126,78,48
120000130,277,372,-95
120000131,96,386,-290
120000134,203,1147,-944
120000135,42,318,-276
120000137,32,2392,-2360
120000138,107,585,-478
120000139,46,1048,-1002
120000140,111,697,-586
120000141,47,627,-580
120000142,69,673,-604
120000143,0,136,-136
120000144,10,0,10
120000145,52,4,48
120000146,1114,331,783
120000149,260,941,-681
120000150,4455,3895,560
120000151,172,261,-89
120000152,65,245,-180
120000153,89,776,-687
120000154,182,328,-146
120000155,60,116,-56
120000156,971,189,782
120000157,368,505,-137
120000158,279,828,-549
120000159,1244,2045,-801
120000160,1128,802,326
120000161,531,2453,-1922
120000162,31,96,-65
120000163,127,1291,-1164
120000164,126,440,-314
120000165,96,984,-888
120000166,178,547,-369
120000167,6,19,-13
120000168,1,42,-41
120000169,97,120,-23
120000170,129,61,68
120000171,46,28,18
120000172,3,9,-6
120000173,1686,44,1642
120000174,206,3,203
120000175,425,4,421
120000176,115,80,35
120000177,930,410,520
120000178,58,5,53
120000179,150,19,131
120000180,405,59,346
120000181,69,40,29
120000182,34,40,-6
120000183,4,104,-100
120000184,43,2111,-2068
120000186,4,20,-16
120000187,12,19,-7
120000188,88,19,69
120000190,519,5,514
120000191,896,2,894
120000192,855,4,851
120000193,341,3,338
120000195,36,1,35
120000196,106,16,90
120000197,51,69,-18
120000198,26,210,-184
120000199,8,0,8
120000200,10,0,10
120000201,0,7,-7
120000202,0,60,-60
120000203,2,423,-421
120000207,1,124,-123
120000208,5,302,-297
120000209,4,139,-135
120000210,165,56,109
120000211,30,1,29
120000212,27,2,25
120000213,24,511,-487
120000214,2,547,-545
120000215,2,134,-132
120000216,28,1,27
120000217,881,1833,-952
120000218,309,2079,-1770
120000219,14,1259,-1245
120000220,15,4086,-4071
120000225,150,0,150
120000226,33,2,31
120000227,285,10,275
120000228,10348,1070,9278
120000230,27,3,24
120000231,182,2608,-2426
120000233,51,31,20
120000235,100,742,-642
120000236,0,2,-2
120000237,4,3269,-3265
120000238,0,55,-55
120000241,471,816,-345
120000412,962,14,948
120000413,65,384,-319
120000414,5,7,-2
120000415,3,180,-177
120000416,6,19,-13
120000417,4,90,-86
120000418,10,4,6
120000419,7,418,-411
120000420,11,15,-4
120000421,15541,5853,9688
120000422,287,253,34
120000423,0,50,-50
120000424,8,170,-162
120000436,76,131,-55
120000437,193,153,40
120000438,5311,370,4941
120000439,32,120,-88
120000443,58,1,57
120000444,118,423,-305
120000445,477,494,-17
120000446,665,108,557
120000447,1,5,-4
120000449,1,9,-8
120000450,5,367,-362
120000451,15,144,-129
120000452,10,1,9
120000453,1,494,-493
120000454,16,3,13
120000455,10,26,-16
120000456,3437,1779,1658
120000457,1277,796,481
120000458,343,696,-353
120000459,39,39,0
120000665,556,100,456
120000668,41,102,-61
120000669,16,382,-366
120000670,174,291,-117
120000671,199,135,64
120000672,78,417,-339
120900001,14,10,4
120900002,62,207,-145
120900003,74,29,45
120900004,1,10,-9
120900005,16,1485,-1469
120900006,40,136,-96
120900007,39,164,-125
120900008,21,1253,-1232
120900009,34,17,17
120900010,50,23,27
120900011,203,71,132
120900012,888,294,594
120900013,66,15,51
120900014,4,846,-842
120900015,102,81,21
120900016,85,60,25
120900017,2940,105,2835
120900018,25,506,-481
120900019,91,22,69
120900020,239,213,26
120900021,88,30,58
120900022,11,399,-388
120900023,26,40,-14
120900024,1176,408,768
120900025,1941,574,1367
120900026,22,211,-189
120900027,262,58,204
120900028,44,19,25
120900029,17,91,-74
120900030,242,289,-47
120900031,33,4,29
120900032,138,116,22
120900033,189,13,176
120900034,38,804,-766
120900035,24,248,-224
120900037,24,2,22
120900038,19,26,-7
120900039,5,8,-3
120900040,15,0,15
120900041,68,10,58
120900042,30,36,-6
120900043,13,4,9
120900044,8,271,-263
120900045,65,202,-137
120900046,66,3,63
120900047,34,11,23
120900048,10,3,7
120900049,57,0,57
120900050,3534,438,3096
120900051,101,86,15
120900052,68,1,67
120900053,26,40,-14
120900054,924,602,322
120900055,51,6,45
120900056,65,3,62
120900057,22,11,11
120900058,47,1,46
120900059,18,0,18
120900060,14,26,-12
120900061,87,259,-172
120900062,42,0,42
120900063,60,0,60
120900064,59,0,59
120900065,58,17,41
120900066,122,375,-253
120900067,30,8,22
120900068,26,0,26
120900069,18,42,-24
120900071,6,0,6
120900072,113,0,113
120900073,66,193,-127
120900074,83,2,81
120900076,35,0,35
120900077,3382,223,3159
120900078,115,826,-711
120900079,96,113,-17
120900080,91,3405,-3314
120900081,100,1254,-1154
120900082,258,154,104
120900083,10,2,8
120900084,40,62,-22
120900085,63,53,10
120900086,113,64,49
120900087,73,35,38
120900088,70,86,-16
120900089,5050,434,4616
120900090,29,181,-152
120900091,164,92,72
120900092,260,688,-428
120900093,4784,307,4477
120900094,342,202,140
120900095,37,13,24
120900096,8,94,-86
120900097,471,1500,-1029
120900098,230,207,23
120900099,42,88,-46
120900100,28,467,-439
120900101,119,324,-205
120900102,13,104,-91
120900103,16,71,-55
120900104,13,50,-37
120900105,17,922,-905
120900106,934,592,342
120900107,438,178,260
120900108,4,1164,-1160
120900109,7,887,-880
120900110,6,441,-435
120900111,75,409,-334
120900112,8,1680,-1672
120900113,4,1116,-1112
120900114,19,293,-274
120900115,88,97,-9
120900116,33,864,-831
120900117,3,790,-787
120900118,6,1124,-1118
120900119,4537,2174,2363
120900120,34,844,-810
120900121,41,397,-356
120900122,29,857,-828
120900123,3,644,-641
120900124,1,802,-801
120900125,2,1151,-1149
120900126,783,610,173
120900127,4,739,-735
120900128,728,854,-126
120900129,36,539,-503
120900130,1,511,-510
120900131,5,66,-61
120900132,109,484,-375
120900133,129,1196,-1067
120900134,135,596,-461
120900135,3,849,-846
120900136,6,14,-8
120900137,25,150,-125
120900138,4,245,-241
120900139,1,1037,-1036
120900140,0,30,-30
120900141,47,81,-34
120900142,30,1182,-1152
120900143,5,1256,-1251
120900144,2,336,-334
120900145,31,1095,-1064
120900146,3,1190,-1187
120900147,1,271,-270
120900148,18,63,-45
120900149,2,439,-437
120900150,5,553,-548
120900151,5,880,-875
120900152,0,70,-70
120900153,3,88,-85
120900154,3,338,-335
120900155,44,1366,-1322
120900156,6,540,-534
120900157,4,243,-239
120900158,2,635,-633
120900159,8,402,-394
120900160,31,366,-335
120900161,8,2275,-2267
120900162,10,2447,-2437
120900163,1,49,-48
120900164,0,1,-1
120900165,0,1,-1
120900166,10,52,-42
120900167,47,44,3
120900169,17,595,-578
120900170,2346,572,1774
120900171,1239,224,1015
120900172,719,47,672
120900173,0,62,-62
120900174,1,140,-139
120900175,282,176,106
120900176,5,89,-84
120900177,0,128,-128
120900178,0,101,-101
120900179,367,352,15
120900180,62,69,-7
120900181,6,66,-60
120900182,13,306,-293
120900183,587,41,546
120900184,106,58,48
120900185,2,567,-565
120900186,1,488,-487
120900187,55,297,-242
120900188,29,5,24
120900189,66,121,-55
120900190,4,9,-5
120900191,2,27,-25
120900192,15670,1010,14660
120900194,6,86,-80
120900195,57,345,-288
120900196,286,28,258
120900197,125,17,108
120900198,92,681,-589
120900199,126,1298,-1172
120900200,81,39,42
120900201,553,161,392
120900202,2,313,-311
120900203,12,15,-3
120900204,362,453,-91
120900205,22,82,-60
120900206,7,8,-1
121000001,686,1120,-434
121000002,906,700,206
121000003,4051,1940,2111
121000004,2049,1383,666
121000005,1678,2299,-621
121000006,2070,751,1319
121000007,2510,2895,-385
121000008,2550,1404,1146
121000009,8042,3941,4101
121000010,7313,2012,5301
121000011,14930,7077,7853
121000012,17081,3958,13123
121000013,6068,4843,1225
121000014,7050,4256,2794
121000015,3734,4793,-1059
121000016,3726,2898,828
121000017,1020,2939,-1919
121000018,1501,1425,76
121000019,11403,4937,6466
121000020,8548,3839,4709
121000021,1971,2503,-532
121000022,1268,1089,179
121000023,2409,2606,-197
121000024,1482,2359,-877
121000025,598,435,163
121000026,124,48,76
121000027,1561,801,760
121000028,454,395,59
121000029,253,541,-288
121000030,110,110,0
121000031,226,536,-310
121000032,81,79,2
121000034,18,20,-2
121000035,47,48,-1
121000036,351,394,-43
121000037,188,468,-280
121000038,330,400,-70
121000039,126,164,-38
121000041,109,302,-193
121000042,60,218,-158
121000043,667,384,283
121000044,1047,360,687
121000045,199,335,-136
121000046,85,162,-77
121000047,13,40,-27
121000049,1365,614,751
121000050,170,869,-699
121000051,175,199,-24
121000052,162,399,-237
121000053,133,10,123
121000054,16,144,-128
121000055,1643,931,712
121000056,641,741,-100
121000057,99,175,-76
121000058,361,93,268
121000059,827,434,393
121000060,329,589,-260
121000061,33,111,-78
121000062,88,120,-32
121000063,365,392,-27
121000064,217,260,-43
121000065,226,281,-55
121000066,308,435,-127
121000067,704,259,445
121000068,143,96,47
121000069,170,121,49
121000070,669,977,-308
121000071,245,458,-213
121000072,743,558,185
121000073,390,593,-203
121000074,124,129,-5
121000075,71,27,44
121000076,800,267,533
121000077,40,15,25
121000078,59,96,-37
121000080,2176,448,1728
121000081,839,774,65
121000082,124,236,-112
121000083,109,45,64
121000084,100,90,10
121000085,379,420,-41
121000086,174,523,-349
121000087,39,170,-131
121000088,223,434,-211
121000089,191,149,42
121000090,185,228,-43
121000091,2250,619,1631
121000092,92,87,5
121000093,56,197,-141
121000094,276,207,69
121000095,121,245,-124
121000096,2523,1922,601
121000097,1614,1230,384
121000098,259,992,-733
121000099,204,857,-653
121000100,214,523,-309
121000101,19,54,-35
121000102,37,382,-345
121000103,6,53,-47
121000104,48,212,-164
121000105,111,312,-201
121000106,17,59,-42
121000107,1796,3271,-1475
121000109,1808,929,879
121000110,223,285,-62
121000114,2194,1955,239
121000115,901,689,212
121000116,508,682,-174
121000117,1118,217,901
121000118,890,228,662
121000119,108,315,-207
121000120,185,355,-170
121000121,159,337,-178
121000123,339,294,45
121000126,56,247,-191
121000127,43,86,-43
121000128,196,457,-261
121000129,216,360,-144
121000130,229,832,-603
121000131,569,489,80
121000132,417,551,-134
121000135,304,284,20
121000136,1012,385,627
121000137,305,106,199
121000138,335,266,69
121000139,286,58,228
121000141,97,119,-22
121000142,620,369,251
121000143,112,20,92
121000144,657,537,120
121000145,220,988,-768
121000146,497,598,-101
121000147,325,328,-3
121000148,308,821,-513
121000149,837,805,32
121000152,166,302,-136
121000153,1524,429,1095
121000154,528,319,209
121000155,690,519,171
121000156,375,555,-180
121000157,1675,935,740
121000158,222,438,-216
121000159,205,658,-453
121000160,158,724,-566
121000161,43,304,-261
121000162,16,308,-292
121000165,1116,729,387
121000166,39,261,-222
121000168,71,203,-132
121000169,21,226,-205
121000170,76,43,33
121000171,53,189,-136
121000172,303,442,-139
121000173,1093,569,524
121000174,101,416,-315
121000175,261,423,-162
121000176,244,209,35
121000177,305,610,-305
121000178,36,49,-13
121000179,47,60,-13
121000181,191,187,4
121000182,46,119,-73
121000183,55,21,34
121000184,2,61,-59
121000185,10,135,-125
121000186,84,247,-163
121000187,131,300,-169
121000188,52,243,-191
121000192,337,275,62
121000193,259,307,-48
121000194,2238,1674,564
121000195,285,814,-529
121000196,291,134,157
121000197,108,683,-575
121000198,59,99,-40
121000199,48,651,-603
121000200,143,90,53
121000201,4,290,-286
121000202,94,36,58
121000203,142,2141,-1999
121000204,461,250,211
121000205,65,388,-323
121000206,57,84,-27
121000207,419,365,54
121000208,6,547,-541
121000209,35,603,-568
121000210,130,650,-520
121000211,30,122,-92
121000212,165,743,-578
121000213,5654,1444,4210
121000214,484,556,-72
121000215,1039,527,512
121000216,274,326,-52
121000217,2099,956,1143
121000218,401,1786,-1385
121000219,589,273,316
121000220,284,92,192
121000221,75,158,-83
121000222,1828,2310,-482
121000223,220,374,-154
121000224,43,30,13
121000225,644,522,122
121000226,687,301,386
121000227,5,245,-240
121000228,12,1048,-1036
121000229,27,557,-530
121000230,61,1973,-1912
121000231,0,0,0
121000232,143,55,88
121000233,154,207,-53
121000234,1,17,-16
121000235,4,10,-6
121000236,0,30,-30
121000237,5,2,3
121000238,0,79,-79
121000239,2,3,-1
121000240,0,184,-184
121000241,66,8,58
121000242,6,130,-124
121000243,19,12,7
121000244,0,46,-46
121000245,2,1,1
121000246,4,72,-68
121000247,10,1,9
121000248,109,395,-286
121000249,27,230,-203
121000250,56,56,0
121000251,8,540,-532
121000252,41,31,10
121000253,99,695,-596
121000254,232,199,33
121000255,115,141,-26
121000256,37,126,-89
121000257,20,64,-44
121000258,36,40,-4
121000259,9,28,-19
121000260,44,143,-99
121000261,12,17,-5
121000262,1112,395,717
121000263,399,412,-13
121000271,287,1326,-1039
121000273,16,15,1
121000274,1,28,-27
121000275,2,36,-34
121000276,0,2,-2
121000278,3,25,-22
121000279,13,26,-13
121000280,3,33,-30
121000289,59,11,48
121000290,575,447,128
121000294,20,297,-277
121000297,489,334,155
121000299,129,165,-36
121000300,652,503,149
121000302,202,261,-59
121000303,465,212,253
121000304,61,10,51
121000305,15,11,4
121000306,5,52,-47
121000308,136,300,-164
121000309,218,462,-244
121000310,30,373,-343
121000311,49,643,-594
121000312,108,36,72
121000313,504,267,237
121000314,132,79,53
121000315,92,50,42
121000530,352,1036,-684
121000531,552,1038,-486
121000532,3764,2187,1577
121000533,1426,1282,144
121000918,4,263,-259
121000919,0,11,-11
121000938,886,150,736
121000939,1079,69,1010
121000956,256,1225,-969
121000957,4,23,-19
121000958,14,73,-59
121000959,85,901,-816
121000960,364,1762,-1398
121000961,77,8,69
121000962,193,451,-258
121000973,0,197,-197
121000976,3,61,-58
121000979,12,10,2
121000981,140,15,125
121000982,38,76,-38
121000983,121,373,-252
121000984,10,23,-13
121000985,99,565,-466
121000986,39,538,-499
121000987,69,1424,-1355
121000988,213,88,125
121001302,196,69,127
121001308,6,13,-7
121001309,35,38,-3
121001313,15,452,-437
121001314,4806,3401,1405
121001315,3465,1103,2362
121900001,51,124,-73
121900002,1,9,-8
121900003,8,3,5
121900004,17,139,-122
121900005,0,1,-1
121900006,10,12,-2
121900007,34,351,-317
121900008,9,4,5
121900009,3,3,0
121900010,29,0,29
121900011,43,124,-81
121900012,0,0,0
121900013,113,0,113
121900014,128,34,94
121900015,19,20,-1
121900016,0,0,0
121900017,24,56,-32
121900018,63,0,63
121900019,32,90,-58
121900020,2,0,2
121900021,166,2,164
121900022,15,25,-10
121900023,1,40,-39
121900024,145,28,117
121900025,53,60,-7
121900026,4,1,3
121900027,73,10,63
121900028,71,1,70
121900029,0,13,-13
121900030,116,133,-17
121900031,201,642,-441
121900032,28,31,-3
121900033,17,30,-13
121900034,27,18,9
121900035,433,175,258
121900036,3,29,-26
121900037,9,184,-175
121900038,5,47,-42
121900039,25,0,25
121900040,2,14,-12
121900041,7,27,-20
121900042,40,28,12
121900043,0,1,-1
121900044,217,20,197
121900046,1,10,-9
121900047,9,11,-2
121900048,3,40,-37
121900050,0,3,-3
121900051,13,43,-30
121900052,3,4,-1
121900053,64,68,-4
121900054,66,163,-97
121900055,0,3,-3
121900058,17,91,-74
121900059,11,14,-3
121900060,8,64,-56
121900061,7,26,-19
121900062,2,4,-2
121900063,74,109,-35
121900064,15,145,-130
121900066,1,1,0
121900067,0,0,0
121900069,138,82,56
121900070,14,43,-29
121900071,27,87,-60
121900072,6,75,-69
121900073,24,40,-16
121900074,46,64,-18
121900075,51,36,15
121900076,11,122,-111
121900077,0,15,-15
121900078,2,5,-3
121900079,0,0,0
121900080,86,114,-28
121900082,1,37,-36
121900084,1,184,-183
121900085,0,7,-7
121900086,0,6,-6
121900087,43,21,22
121900088,751,670,81
121900089,9,82,-73
121900090,0,89,-89
121900091,0,38,-38
121900092,1,10,-9
121900093,6,25,-19
121900094,1,3,-2
121900095,66,56,10
121900096,268,30,238
121900097,25,20,5
121900098,0,0,0
121900099,16,8,8
121900100,10,22,-12
121900101,21,25,-4
121900102,1,11,-10
121900103,48,26,22
121900104,149,45,104
121900105,6,9,-3
121900106,0,0,0
121900107,2,4,-2
121900108,0,0,0
121900109,64,35,29
121900110,38,536,-498
121900111,257,93,164
121900112,16,18,-2
121900113,0,14,-14
121900114,0,0,0
121900117,15,4,11
121900118,698,78,620
121900119,17,132,-115
121900120,1,623,-622
121900121,0,0,0
121900122,0,0,0
121900123,56,116,-60
121900124,13,86,-73
121900125,368,432,-64
121900127,3,30,-27
121900128,15,85,-70
121900129,710,39,671
121900130,8,34,-26
121900131,23,39,-16
121900132,5,48,-43
121900133,8,7,1
121900134,1,37,-36
121900135,590,101,489
121900136,11,228,-217
121900137,10,89,-79
121900138,10,39,-29
121900139,184,138,46
121900140,0,48,-48
121900141,8,1,7
121900142,2,22,-20
121900143,0,29,-29
121900144,270,264,6
121900145,15,50,-35
121900146,101,240,-139
121900147,34,157,-123
121900148,31,91,-60
121900149,80,278,-198
121900150,31,130,-99
121900151,39,70,-31
121900152,11,29,-18
121900153,6,134,-128
121900154,2,22,-20
121900155,0,28,-28
121900156,76,78,-2
121900157,0,194,-194
121900158,30,41,-11
121900159,1,66,-65
121900160,0,56,-56
121900161,104,67,37
121900162,39,33,6
121900163,15,450,-435
121900164,65,52,13
121900165,19,67,-48
121900166,30,58,-28
121900167,22,24,-2
121900168,26,48,-22
121900169,5,268,-263
121900170,0,55,-55
121900171,68,115,-47
121900172,36,113,-77
121900173,134,36,98
121900174,0,1,-1
121900175,6,50,-44
121900176,180,1176,-996
121900177,33,30,3
121900178,0,15,-15
121900179,27,36,-9
121900180,4856,1288,3568
121900182,57,103,-46
121900183,81,90,-9
121900184,8,196,-188
121900186,2,193,-191
121900187,5,45,-40
121900188,263,56,207
121900189,4,36,-32
121900190,42,122,-80
121900191,3,25,-22
121900192,305,112,193
121900193,0,43,-43
121900194,2,85,-83
121900195,18,40,-22
121900196,60,126,-66
121900197,130,1236,-1106
121900198,480,90,390
121900199,2,8,-6
121900200,14,51,-37
121900201,162,97,65
121900202,24,60,-36
121900203,22,48,-26
121900204,336,133,203
121900205,0,31,-31
121900206,2,5,-3
121900207,54,9,45
121900208,17,62,-45
121900209,15,6,9
121900210,44,90,-46
121900211,1,32,-31
121900212,24,32,-8
121900213,6,31,-25
121900214,0,151,-151
121900215,9,23,-14
121900216,7,25,-18
121900217,50,21,29
121900218,21,36,-15
121900220,47,4,43
121900221,46,140,-94
121900222,3,38,-35
121900223,0,3,-3
121900224,1,4,-3
121900225,1,4,-3
121900226,4,92,-88
121900227,11,75,-64
121900228,29,44,-15
121900230,19,11,8
121900231,109,34,75
121900232,39,56,-17
121900233,100,152,-52
121900234,28,76,-48
121900235,34,49,-15
121900236,24,18,6
121900237,47,170,-123
121900238,51,96,-45
121900239,26,16,10
121900240,51,40,11
121900241,0,22,-22
121900242,0,0,0
121900243,0,0,0
121900244,0,0,0
121900245,47,26,21
121900246,17,6,11
121900247,66,76,-10
121900248,255,159,96
121900250,68,57,11
121900251,28,3,25
121900252,395,40,355
121900253,27,274,-247
121900254,139,61,78
121900255,16,8,8
121900258,204,40,164
121900259,41,39,2
121900260,7,80,-73
121900261,24,66,-42
121900262,74,151,-77
121900263,21,113,-92
121900264,800,342,458
121900265,87,118,-31
121900266,31,30,1
121900267,0,0,0
121900269,5,53,-48
121900270,3,37,-34
121900271,4,64,-60
121900273,85,319,-234
121900274,18,91,-73
121900277,62,784,-722
121900278,15,397,-382
121900279,45,175,-130
121900280,29,123,-94
121900281,149,4,145
121900284,17,1,16
121900286,4,187,-183
121900287,4,6,-2
121900288,1,0,1
121900290,60,84,-24
121900291,128,214,-86
121900292,30,47,-17
121900293,425,1947,-1522
121900294,81,0,81
121900295,15,58,-43
121900296,1,0,1
121900298,23,100,-77
121900299,0,0,0
121900300,3,2,1
121900301,0,0,0
121900302,0,20,-20
121900303,42,88,-46
121900304,0,0,0
121900305,0,0,0
121900306,0,0,0
121900307,0,7,-7
121900308,2,239,-237
121900309,5,201,-196
121900310,4,322,-318
121900311,20,3,17
121900312,20,1,19
121900313,25,4,21
121900314,0,69,-69
121900315,0,0,0
121900316,0,1,-1
121900317,0,0,0
121900318,0,8,-8
121900319,0,0,0
121900320,12,30,-18
121900321,0,0,0
121900322,0,4,-4
121900323,3,4,-1
121900324,0,0,0
121900325,0,0,0
121900326,0,3,-3
121900327,1,13,-12
121900328,0,12,-12
121900329,0,81,-81
121900330,0,12,-12
121900331,25,6,19
121900332,5,0,5
121900333,0,0,0
122000001,1496,1801,-305
122000002,2979,814,2165
122000003,1293,811,482
122000004,1501,584,917
122000005,1372,483,889
122000006,936,269,667
122000007,668,462,206
122000008,3779,1472,2307
122000009,541,107,434
122000010,1585,1725,-140
122000011,2205,588,1617
122000012,612,773,-161
122000013,754,659,95
122000014,931,760,171
122000015,759,616,143
122000016,305,551,-246
122000017,811,741,70
122000018,822,1135,-313
122000019,416,1300,-884
122000020,145,157,-12
122000021,503,335,168
122000022,507,377,130
122000023,237,777,-540
122000024,566,578,-12
122000025,691,763,-72
122000026,1113,491,622
122000027,420,1818,-1398
122000028,535,189,346
122000029,159,158,1
122000030,219,47,172
122000031,95,93,2
122000032,554,1141,-587
122000033,353,400,-47
122000034,427,402,25
122000035,203,445,-242
122000036,208,428,-220
122000037,237,170,67
122000038,147,232,-85
122000039,328,320,8
122000040,217,179,38
122000041,224,405,-181
122000042,78,248,-170
122000043,68,75,-7
122000044,76,101,-25
122000045,785,356,429
122000046,289,613,-324
122000047,193,109,84
122000048,1689,1605,84
122000049,2976,1582,1394
122000050,661,484,177
122000051,140,175,-35
122000052,206,130,76
122000053,69,303,-234
122000054,1382,1039,343
122000055,1049,1406,-357
122000056,2686,1795,891
122000057,2614,1683,931
122000058,2294,1039,1255
122000059,2157,1266,891
122000060,622,415,207
122000061,444,149,295
122000062,761,214,547
122000063,297,288,9
122000064,2112,2379,-267
122000065,2497,2073,424
122000066,728,759,-31
122000067,661,746,-85
122000068,382,600,-218
122000069,368,552,-184
122000070,257,828,-571
122000071,479,621,-142
122000072,193,252,-59
122000073,158,283,-125
122000074,533,426,107
122000075,264,342,-78
122000076,692,616,76
122000077,489,476,13
122000078,1728,1525,203
122000079,596,460,136
122000080,228,224,4
122000081,77,83,-6
122000082,381,384,-3
122000083,610,1603,-993
122000084,484,527,-43
122000085,170,1259,-1089
122000086,1281,1635,-354
122000087,291,110,181
122000088,205,145,60
122000089,3159,1631,1528
122000090,197,265,-68
122000091,103,55,48
122000092,44,8,36
122000093,997,1218,-221
122000094,4027,1200,2827
122000095,1967,795,1172
122000096,1136,368,768
122000098,1691,1151,540
122000099,781,529,252
122000100,522,396,126
122000101,102,340,-238
122000102,1026,826,200
122000103,471,987,-516
122000104,143,104,39
122000105,97,189,-92
122000106,295,256,39
122000107,299,332,-33
122000108,220,485,-265
122000109,90,172,-82
122000110,145,339,-194
122000111,1726,775,951
122000112,393,594,-201
122000113,213,482,-269
122000114,1474,1409,65
122000115,1538,697,841
122000116,262,270,-8
122000117,480,120,360
122000118,255,241,14
122000119,1795,1147,648
122000120,1911,1606,305
122000121,2291,1438,853
122000122,421,812,-391
122000123,1079,437,642
122000124,401,201,200
122000125,302,512,-210
122000126,270,447,-177
122000127,774,669,105
122000128,319,568,-249
122000129,148,153,-5
122000130,1015,252,763
122000131,1115,284,831
122000132,801,324,477
122000133,537,1607,-1070
122000134,264,321,-57
122000135,347,827,-480
122000136,111,88,23
122000137,354,351,3
122000139,799,1410,-611
122000140,754,312,442
122000141,3536,558,2978
122000142,132,487,-355
122000143,333,130,203
122000144,996,523,473
122000145,420,406,14
122000146,143,402,-259
122000147,312,186,126
122000148,1528,614,914
122000149,1383,483,900
122000150,646,366,280
122000151,184,256,-72
122000152,282,246,36
122000153,98,53,45
122000154,117,31,86
122000155,882,905,-23
122000156,2205,1691,514
122000157,1250,1148,102
122000158,183,393,-210
122000159,507,984,-477
122000160,2187,423,1764
122000161,552,235,317
122000162,986,610,376
122000163,405,83,322
122000164,40,126,-86
122000165,480,361,119
122000166,369,651,-282
122000167,173,236,-63
122000168,146,324,-178
122000169,294,150,144
122000170,159,213,-54
122000171,24,64,-40
122000172,820,758,62
122000173,728,1202,-474
122000174,951,697,254
122000175,849,287,562
122000176,213,388,-175
122000177,939,1523,-584
122000178,2024,827,1197
122000179,1593,1320,273
122000180,1232,658,574
122000181,1460,1487,-27
122000182,2237,377,1860
122000183,963,178,785
122000184,3868,1324,2544
122000185,1464,1040,424
122000186,504,483,21
122000187,519,720,-201
122000188,282,166,116
122000189,123,81,42
122000190,253,813,-560
122000191,435,206,229
122000192,362,103,259
122000193,175,286,-111
122000194,291,90,201
122000195,74,337,-263
122000196,523,281,242
122000197,148,117,31
122000198,251,764,-513
122000199,175,128,47
122000200,671,211,460
122000201,1207,1812,-605
122000202,680,956,-276
122000203,1418,1083,335
122000204,939,1561,-622
122000205,994,761,233
122000206,1131,431,700
122000207,623,634,-11
122000208,769,960,-191
122000209,1018,107,911
122000210,568,1749,-1181
122000211,421,996,-575
122000212,223,290,-67
122000213,570,626,-56
122000214,774,830,-56
122000215,742,725,17
122000217,1033,1168,-135
122000218,39,11,28
122000219,1353,980,373
122000220,176,786,-610
122000221,110,292,-182
122000222,431,62,369
122000223,537,534,3
122000225,411,168,243
122000226,573,1653,-1080
122000227,141,974,-833
122000228,156,385,-229
122000229,7,301,-294
122000230,35,668,-633
122000231,118,516,-398
122000232,147,685,-538
122000233,0,68,-68
122000234,29,185,-156
122000235,174,164,10
122000236,262,162,100
122000237,32,55,-23
122000238,51,62,-11
122000239,122,47,75
122000240,253,114,139
122000241,310,155,155
122000242,133,36,97
122000243,6,22,-16
122000244,7,245,-238
122000245,7,57,-50
122000246,2,13,-11
122000247,244,285,-41
122000248,868,1459,-591
122000249,90,208,-118
122000250,584,174,410
122000251,196,233,-37
122000252,341,45,296
122000253,18,269,-251
122000254,38,33,5
122000255,356,1154,-798
122000256,246,1318,-1072
122000257,64,327,-263
122000258,30,168,-138
122000259,11,691,-680
122000260,8,110,-102
122000261,1,105,-104
122000262,1,68,-67
122000263,20,105,-85
122000264,65,89,-24
122000265,395,226,169
122000266,982,199,783
122000267,39,61,-22
122000268,54,263,-209
122000269,178,181,-3
122000270,164,95,69
122000271,135,907,-772
122000272,155,929,-774
122000273,104,432,-328
122000274,31,140,-109
122000275,3,82,-79
122000276,79,325,-246
122000277,281,613,-332
122000278,243,673,-430
122000279,64,483,-419
122000280,469,671,-202
122000281,259,640,-381
122000282,54,93,-39
122000283,381,36,345
122000284,66,77,-11
122000285,231,115,116
122000286,109,133,-24
122000287,264,429,-165
122000288,128,96,32
122000291,340,223,117
122000293,314,278,36
122000294,26,44,-18
122000295,479,89,390
122000296,31,214,-183
122000297,1861,934,927
122000299,102,315,-213
122000300,141,321,-180
122000301,10227,1116,9111
122000302,723,528,195
122000303,3878,773,3105
122000304,5,119,-114
122000305,526,130,396
122000306,10,896,-886
122000307,59,122,-63
122000309,21,71,-50
122000310,6,14,-8
122000311,41,24,17
122000312,52,15,37
122000313,5,25,-20
122000314,48,123,-75
122000315,38,7,31
122000316,153,178,-25
122000317,302,70,232
122000318,68,138,-70
122000319,205,390,-185
122000320,228,2298,-2070
122000321,23,317,-294
122000322,1579,860,719
122000323,1067,825,242
122000324,790,780,10
122000325,377,646,-269
122000326,0,40,-40
122000327,93,316,-223
122000328,522,756,-234
122000330,959,338,621
122000332,151,292,-141
122000333,8,190,-182
122000337,291,2050,-1759
122000338,97,409,-312
122000340,189,183,6
122000342,1804,869,935
122000343,140,1069,-929
122000344,4,4,0
122000345,9,44,-35
122000346,185,405,-220
122000348,222,582,-360
122000349,69,599,-530
122000351,13,91,-78
122000352,142,19,123
122000353,10,132,-122
122000355,53,113,-60
122000356,1009,574,435
122000357,3,9,-6
122000358,1,45,-44
122000359,0,44,-44
122000360,0,33,-33
122000362,6,98,-92
122000364,17,355,-338
122000365,0,7,-7
122000366,7,1,6
122000368,238,493,-255
122000370,12,78,-66
122000371,1,0,1
122000372,0,0,0
122000381,7,193,-186
122000382,35,202,-167
122000384,1757,1010,747
122000385,0,0,0
122000386,54,284,-230
122000387,155,440,-285
122000388,352,209,143
122000389,157,622,-465
122000390,106,117,-11
122000391,16,14,2
122000392,121,241,-120
122000393,8,275,-267
122000394,76,294,-218
122000395,72,191,-119
122000396,91,95,-4
122000397,11,53,-42
122000398,3,11,-8
122000399,27,82,-55
122000400,52,92,-40
122000401,75,76,-1
122000402,16,5,11
122000403,173,1434,-1261
122000404,36,103,-67
122000408,538,810,-272
122000503,7,39,-32
122000524,102,72,30
122000544,6,348,-342
122000616,647,1,646
122000640,30,213,-183
122000641,8,497,-489
122000642,702,1038,-336
122000643,2,19,-17
122000644,130,27,103
122000645,151,134,17
122000651,702,530,172
122000664,83,19,64
122000665,776,428,348
122000666,368,682,-314
122000673,10,360,-350
122000674,82,33,49
122000675,535,1188,-653
122000686,79,917,-838
122000687,134,421,-287
122000688,87,529,-442
122000689,194,696,-502
122000690,205,830,-625
122000691,148,1905,-1757
122000692,444,582,-138
122000693,215,1575,-1360
122000695,71,572,-501
122000696,58,191,-133
122000698,46,1022,-976
122000699,91,45,46
122000701,445,300,145
122000702,252,1128,-876
122000703,15,0,15
122000717,227,48,179
122000718,390,71,319
122000719,19,45,-26
122000720,42,93,-51
122000724,109,20,89
122900001,4,3,1
122900002,282,246,36
122900003,31,11,20
122900004,141,2,139
122900005,43,8,35
122900006,172,32,140
122900007,15,8,7
122900008,188,5,183
122900009,103,30,73
122900010,0,0,0
122900012,9,14,-5
122900014,46,164,-118
122900015,903,76,827
122900016,19,263,-244
122900017,125,396,-271
122900018,58,1,57
122900019,10,124,-114
122900020,334,244,90
122900021,20,244,-224
122900022,102,768,-666
122900023,115,288,-173
122900024,52,46,6
122900025,9,83,-74
122900026,95,267,-172
122900027,18,505,-487
122900028,58,67,-9
122900029,1755,422,1333
122900030,1382,143,1239
122900031,24,102,-78
122900032,78,173,-95
122900033,39,33,6
122900034,800,822,-22
122900035,0,1,-1
122900036,1,18,-17
122900037,76,59,17
122900038,45,697,-652
122900039,46,122,-76
122900040,7,26,-19
122900041,14,27,-13
122900042,8,34,-26
122900043,34,46,-12
122900044,5,32,-27
122900045,8,22,-14
122900046,15,9,6
122900047,25,58,-33
122900048,6,33,-27
122900049,1131,60,1071
122900051,36,66,-30
122900052,9,52,-43
122900053,3,8,-5
122900055,61,33,28
122900057,44,9,35
122900061,297,34,263
122900062,208,177,31
122900063,45,278,-233
122900064,503,428,75
122900065,148,105,43
122900066,175,167,8
122900067,1069,464,605
122900068,156,303,-147
122900069,112,293,-181
122900070,23,13,10
122900071,47,413,-366
122900072,14,540,-526
122900073,29,142,-113
122900074,33,499,-466
122900075,0,54,-54
122900076,4,136,-132
122900077,1,214,-213
122900078,6,177,-171
122900080,21,4,17
122900081,43,0,43
122900082,47,3,44
122900083,2,1,1
122900084,8,119,-111
122900086,2,7,-5
122900087,41,660,-619
122900088,7,25,-18
122900089,0,64,-64
122900090,6,632,-626
122900091,0,0,0
122900092,0,130,-130
122900093,1,183,-182
122900094,1,112,-111
122900095,0,0,0
122900096,0,155,-155
122900097,0,0,0
122900098,21,28,-7
122900099,3,3,0
122900100,83,44,39
122900101,71,18,53
122900102,2,2,0
122900103,5,0,5
122900104,3,0,3
122900105,0,3,-3
122900106,0,58,-58
122900107,1,137,-136
122900108,2,98,-96
123000001,1189,324,865
123000002,3761,1260,2501
123000003,2454,1303,1151
123000004,2980,3723,-743
123000005,872,1091,-219
123000006,2603,2604,-1
123000007,856,1016,-160
123000008,1490,3876,-2386
123000009,2017,1639,378
123000010,3262,3243,19
123000011,710,510,200
123000012,694,2065,-1371
123000013,1364,412,952
123000014,1297,3658,-2361
123000015,972,324,648
123000016,6634,2192,4442
123000017,2150,1031,1119
123000018,47,104,-57
123000019,72,311,-239
123000020,47,127,-80
123000021,22,95,-73
123000022,244,538,-294
123000023,805,816,-11
123000024,475,330,145
123000025,5,43,-38
123000026,3,41,-38
123000027,47,228,-181
123000028,377,48,329
123000029,707,244,463
123000030,32,950,-918
123000031,51,368,-317
123000032,55,178,-123
123000033,36,36,0
123000034,437,358,79
123000035,106,130,-24
123000036,179,234,-55
123000037,99,243,-144
123000038,59,193,-134
123000039,755,885,-130
123000040,849,320,529
123000041,435,210,225
123000042,295,429,-134
123000043,1961,1931,30
123000044,3678,1490,2188
123000045,8681,1170,7511
123000046,576,602,-26
123000047,2742,765,1977
123000048,40,139,-99
123000049,4938,1871,3067
123000050,457,524,-67
123000051,38,98,-60
123000052,390,964,-574
123000053,2449,1396,1053
123000054,921,678,243
123000055,575,559,16
123000056,975,1522,-547
123000057,14172,3263,10909
123000058,299,384,-85
123000059,197,378,-181
123000060,288,236,52
123000061,128,424,-296
123000063,360,381,-21
123000064,527,112,415
123000065,6162,2319,3843
123000066,1057,501,556
123000067,216,352,-136
123000068,2464,2280,184
123000069,10842,2686,8156
123000070,138,536,-398
123000071,363,831,-468
123000072,657,1464,-807
123000073,254,551,-297
123000074,479,1919,-1440
123000075,162,384,-222
123000076,340,975,-635
123000077,1267,3056,-1789
123000078,454,1082,-628
123000079,436,1211,-775
123000080,1200,2310,-1110
123000081,181,573,-392
123000082,235,1056,-821
123000083,304,83,221
123000084,115,450,-335
123000085,51,97,-46
123000086,99,476,-377
123000087,34,518,-484
123000088,533,1235,-702
123000089,163,653,-490
123000090,653,1005,-352
123000091,1130,807,323
123000092,869,839,30
123000094,192,165,27
123000095,126,326,-200
123000096,146,330,-184
123000097,164,1222,-1058
123000098,235,300,-65
123000099,279,830,-551
123000100,396,281,115
123000101,470,213,257
123000102,234,377,-143
123000104,205,208,-3
123000105,385,358,27
123000106,390,232,158
123000107,331,453,-122
123000108,797,1032,-235
123000111,231,150,81
123000112,330,324,6
123000113,356,1683,-1327
123000114,329,264,65
123000115,70,180,-110
123000116,18,133,-115
123000117,731,2079,-1348
123000118,251,1080,-829
123000119,154,1019,-865
123000120,243,778,-535
123000121,305,587,-282
123000122,212,255,-43
123000123,326,481,-155
123000124,389,501,-112
123000125,439,356,83
123000126,1280,1063,217
123000127,1965,856,1109
123000128,236,376,-140
123000129,27,25,2
123000130,59,8,51
123000131,178,268,-90
123000132,192,443,-251
123000133,144,283,-139
123000134,289,166,123
123000135,562,850,-288
123000136,105,1371,-1266
123000137,60,407,-347
123000138,30,603,-573
123000139,30,19,11
123000140,89,694,-605
123000141,114,27,87
123000142,586,847,-261
123000143,778,2447,-1669
123000144,15,13,2
123000145,106,90,16
123000146,26,73,-47
123000147,16,58,-42
123000149,126,191,-65
123000150,100,129,-29
123000151,203,305,-102
123000152,45,299,-254
123000153,146,221,-75
123000154,2067,780,1287
123000155,2409,548,1861
123000156,32,80,-48
123000157,339,713,-374
123000158,431,311,120
123000159,1680,865,815
123000160,319,203,116
123000161,584,309,275
123000162,175,514,-339
123000163,64,22,42
123000164,279,87,192
123000165,158,1831,-1673
123000166,16,150,-134
123000167,34,242,-208
123000168,83,449,-366
123000169,107,36,71
123000170,1,421,-420
123000171,7,51,-44
123000172,106,734,-628
123000173,97,37,60
123000174,127,48,79
123000175,775,1452,-677
123000176,387,36,351
123000177,270,1069,-799
123000178,172,27,145
123000179,12,770,-758
123000180,687,121,566
123000181,218,1317,-1099
123000182,42,520,-478
123000183,118,79,39
123000184,69,873,-804
123000185,94,132,-38
123000186,4,608,-604
123000187,63,0,63
123000188,15,2,13
123000189,67,286,-219
123000190,10,63,-53
123000192,8,388,-380
123000193,40,455,-415
123000194,294,204,90
123000195,43,4,39
123000196,31,1,30
123000197,36,94,-58
123000198,4,242,-238
123000199,6,468,-462
123000200,42,2,40
123000201,266,4,262
123000202,31,1435,-1404
123000203,166,13,153
123000204,24,1423,-1399
123000205,187,2127,-1940
123000206,470,43,427
123000207,35,941,-906
123000208,96,51,45
123000209,463,107,356
123000210,262,1317,-1055
123000211,498,3004,-2506
123000212,547,114,433
123000213,114,11,103
123000215,49,46,3
123000216,85,66,19
123000217,27,3,24
123000218,85,198,-113
123000219,263,10,253
123000220,117,3,114
123000221,106,96,10
123000222,135,558,-423
123000223,69,432,-363
123000224,192,443,-251
123000225,44,55,-11
123000226,10,407,-397
123000227,30,362,-332
123000228,16,52,-36
123000229,653,1882,-1229
123000232,70,510,-440
123000233,108,32,76
123000234,68,673,-605
123000235,33,135,-102
123000236,92,950,-858
123000237,80,13,67
123000238,43,654,-611
123000239,318,2178,-1860
123000240,38,148,-110
123000241,470,60,410
123000242,50,196,-146
123000243,297,921,-624
123000244,531,350,181
123000245,41,149,-108
123000249,413,466,-53
123000252,211,48,163
123000253,200,113,87
123000254,230,995,-765
123000255,315,367,-52
123000256,35,242,-207
123000257,2664,2209,455
123000258,556,1194,-638
123000259,94,289,-195
123000260,178,652,-474
123000261,27,291,-264
123000262,43,285,-242
123000263,130,90,40
123000264,116,22,94
123000265,56,155,-99
123000266,262,586,-324
123000267,106,131,-25
123000268,24,53,-29
123000269,15,28,-13
123000270,11,14,-3
123000271,34,65,-31
123000272,305,49,256
123000273,45,200,-155
123000274,262,123,139
123000275,204,945,-741
123000278,2743,1853,890
123000279,16,55,-39
123000280,90,294,-204
123000281,96,70,26
123000282,61,196,-135
123000283,12,24,-12
123000284,18,110,-92
123000286,274,166,108
123000287,421,191,230
123000288,153,144,9
123000289,180,197,-17
123000291,278,771,-493
123000294,109,238,-129
123000295,379,545,-166
123000296,111,292,-181
123000297,132,659,-527
123000298,133,699,-566
123000299,9,135,-126
123000300,267,316,-49
123000301,14,97,-83
123000302,43,172,-129
123000303,19,77,-58
123000305,767,753,14
123000306,17,316,-299
123000309,39,53,-14
123000310,49,19,30
123000311,1,162,-161
123000312,469,918,-449
123000313,73,131,-58
123000315,32,335,-303
123000316,454,17,437
123000317,79,38,41
123000318,10,228,-218
123000329,59,26,33
123000337,21,236,-215
123000338,183,23,160
123000339,65,462,-397
123000340,74,266,-192
123000342,0,2,-2
123000343,0,0,0
123000344,615,283,332
123000345,194,459,-265
123000346,37,13,24
123000352,1894,574,1320
123000353,12,107,-95
123000354,45,3,42
123000355,1,337,-336
123000356,26,0,26
123000357,1,284,-283
123000359,1,212,-211
123000360,0,0,0
123000361,452,213,239
123000362,29,119,-90
123000363,11,308,-297
123000364,268,146,122
123000365,14,162,-148
123000366,186,688,-502
123000367,156,1007,-851
123000370,10,338,-328
123000371,17,4,13
123000372,24,3,21
123000373,3,396,-393
123000374,3,179,-176
123000375,79,6,73
123000376,267,376,-109
123000377,51,4,47
123000378,4,533,-529
123000379,2,159,-157
123000380,22,144,-122
123000381,27,1,26
123000382,189,11,178
123000383,108,456,-348
123000384,120,17,103
123000385,344,523,-179
123000436,45,719,-674
123000507,136,144,-8
123000508,144,183,-39
123000517,206,23,183
123000518,30,227,-197
123000519,109,56,53
123000520,53,249,-196
123000521,218,74,144
123000522,221,612,-391
123000541,0,0,0
123000542,0,28,-28
123000565,1,0,1
123000566,157,961,-804
123000567,61,257,-196
123000573,34,1300,-1266
123000574,90,26,64
123000575,441,1344,-903
123000576,140,2165,-2025
123000577,54,469,-415
123000578,273,56,217
123000579,3082,1066,2016
123000580,40,10,30
123000582,31,2,29
123000583,11,587,-576
123000584,45,143,-98
123000585,1,84,-83
123000586,1,1,0
123000596,89,117,-28
123000597,21,45,-24
123000602,0,0,0
123000603,66,621,-555
123000604,148,1283,-1135
123000605,231,60,171
123000606,0,442,-442
123000609,9,345,-336
123000610,29,35,-6
123000613,99,156,-57
123000614,60,12,48
123000615,57,246,-189
123000616,59,13,46
123000617,45,1013,-968
123000618,39,860,-821
123000619,64,7,57
123000620,27,704,-677
123000622,89,3,86
123000624,42,7,35
123000630,187,282,-95
123000631,70,1812,-1742
123000632,835,1043,-208
123000633,0,115,-115
123000634,11,6,5
123000635,223,89,134
123000636,24,617,-593
123000637,73,88,-15
123000638,105,79,26
123000639,243,479,-236
123000640,4,1120,-1116
123900001,1279,114,1165
123900002,16,541,-525
123900003,162,392,-230
123900005,53,22,31
123900006,28,8,20
124000001,592,17,575
124000002,88,1320,-1232
124000003,79,50,29
124000004,34,709,-675
124000005,140,45,95
124000006,159,1526,-1367
124000007,172,24,148
124000008,14,287,-273
124000009,44,88,-44
124000010,65,497,-432
124000011,116,104,12
124000012,88,959,-871
124000017,0,0,0
124000018,99,121,-22
124000019,0,0,0
124000020,23,169,-146
124000021,0,0,0
124000022,84,262,-178
124000023,727,853,-126
124000024,767,554,213
124000025,657,714,-57
124000026,1008,906,102
124000027,3797,1535,2262
124000028,2793,2805,-12
124000030,2471,1020,1451
124000031,166,153,13
124000032,4833,864,3969
124000033,25,14,11
124000034,1944,413,1531
124000035,10,8,2
124000036,96,146,-50
124000037,43,83,-40
124000038,22,18,4
124000039,504,93,411
124000040,339,318,21
124000041,98,22,76
124000042,37,305,-268
124000043,14,23,-9
124000044,16,293,-277
124000045,182,223,-41
124000046,110,786,-676
124000047,348,385,-37
124000048,206,2040,-1834
124000049,390,289,101
124000050,310,2471,-2161
124000051,161,217,-56
124000052,184,1511,-1327
124000053,197,336,-139
124000054,494,760,-266
124000055,489,470,19
124000056,3196,1243,1953
124000057,283,222,61
124000058,276,1347,-1071
124000059,179,334,-155
124000060,598,741,-143
124000061,772,1314,-542
124000062,5314,1470,3844
124000063,1052,1248,-196
124000064,1975,1700,275
124000065,25,101,-76
124000066,104,41,63
124000067,30,120,-90
124000068,1,14,-13
124000069,0,0,0
124000070,5,164,-159
124000071,37,42,-5
124000072,80,561,-481
124000073,239,35,204
124000074,113,1018,-905
124000075,0,0,0
124000076,3,255,-252
124000077,896,292,604
124000078,1405,156,1249
124000079,392,645,-253
124000080,27,65,-38
124000081,62,803,-741
124000082,2,36,-34
124000083,19,164,-145
124000084,0,33,-33
124000085,32,35,-3
124000086,28,37,-9
124000087,43,35,8
124000088,54,134,-80
124000089,181,191,-10
124000090,21,397,-376
124000091,48,48,0
124000092,36,552,-516
124000093,49,35,14
124000094,31,273,-242
124000095,28,65,-37
124000096,37,331,-294
124000097,37,63,-26
124000098,54,119,-65
124000099,16,23,-7
124000100,7,100,-93
124000101,19,71,-52
124000102,55,74,-19
124000103,54,49,5
124000104,29,97,-68
124000105,15,41,-26
124000106,62,109,-47
124000107,9,52,-43
124000108,26,38,-12
124000109,60,51,9
124000110,70,102,-32
124000111,80,166,-86
124000112,247,682,-435
124000113,41,35,6
124000114,125,613,-488
124000115,229,745,-516
124000116,39,56,-17
124000117,58,49,9
124000118,18,46,-28
124000119,323,544,-221
124000120,80,310,-230
124000121,947,246,701
124000122,526,752,-226
124000123,479,186,293
124000124,260,682,-422
124000125,198,225,-27
124000126,240,545,-305
124000127,333,258,75
124000128,301,1042,-741
124000129,1151,899,252
124000130,655,568,87
124000131,536,324,212
124000132,687,710,-23
124000133,294,416,-122
124000134,429,598,-169
124000135,932,736,196
124000136,827,867,-40
124000137,600,304,296
124000138,1039,742,297
124000139,161,23,138
124000140,29,329,-300
124000141,8,2,6
124000142,0,81,-81
124000143,23,4,19
124000144,8,49,-41
124000145,48,18,30
124000146,13,147,-134
124000148,12,15,-3
124000149,327,179,148
124000150,186,456,-270
124000151,263,109,154
124000152,341,932,-591
124000153,220,157,63
124000154,252,734,-482
124000155,479,261,218
124000156,776,769,7
124000169,54,127,-73
124000170,497,324,173
124000171,85,109,-24
124000172,310,556,-246
124000173,52,210,-158
124000174,101,742,-641
124000175,5,166,-161
124000176,0,0,0
124000177,17,29,-12
124000178,0,0,0
124000190,46,10,36
124000191,106,22,84
124000192,202,77,125
124000193,151,1064,-913
124000194,169,485,-316
124000195,89,255,-166
124000196,474,1100,-626
124000197,27,53,-26
124000198,14,18,-4
124000201,66,913,-847
124000202,0,65,-65
124000203,66,1019,-953
124000204,12,449,-437
124000205,43,690,-647
124000206,28,295,-267
124000207,3,79,-76
124000209,98,618,-520
124000210,51,180,-129
124000211,23,0,23
124000212,2,634,-632
124000213,50,387,-337
124000214,8,656,-648
124000215,0,0,0
124000216,5,505,-500
124000329,46,2237,-2191
124000338,21,1226,-1205
124000339,125,16,109
124000341,191,19,172
124000344,32,25,7
124000357,317,364,-47
124000358,595,365,230
124000359,357,236,121
124000360,154,122,32
124000361,445,245,200
124000362,1053,1675,-622
124000363,191,575,-384
124000364,364,1177,-813
124000365,625,1147,-522
124000366,1721,1063,658
124000367,106,548,-442
124000368,59,31,28
124000369,38,26,12
124000370,43,438,-395
124000402,6,7,-1
124000403,22,0,22
124000404,3,101,-98
124000405,663,370,293
124000406,698,874,-176
124000407,0,23,-23
124000411,1,380,-379
124000412,26,8,18
124000413,43,54,-11
124000414,36,96,-60
124000415,32,209,-177
124000416,59,324,-265
124000417,79,82,-3
124000418,26,125,-99
124000419,25,153,-128
124000420,10,76,-66
124000421,13,298,-285
124000422,13,5,8
124000423,54,28,26
124000424,0,119,-119
124000425,15,6,9
124000426,2,40,-38
124000427,20,3,17
124000428,6,21,-15
124000429,7,87,-80
124000430,249,662,-413
124000431,115,805,-690
124000432,135,693,-558
124000439,0,0,0
124000442,19,165,-146
124000443,1,14,-13
124000445,91,60,31
124000446,1298,41,1257
124900001,101,126,-25
124900002,37,424,-387
124900003,133,288,-155
124900004,106,152,-46
124900005,100,194,-94
124900006,119,183,-64
124900008,578,270,308
124900009,21,48,-27
124900010,25,11,14
124900011,61,64,-3
124900012,64,26,38
124900013,124,27,97
124900014,39,23,16
124900015,39,31,8
124900016,6,15,-9
124900017,239,92,147
124900018,1,0,1
124900020,13,7,6
124900021,14,3,11
124900022,11,0,11
124900024,10,2,8
124900026,51,55,-4
124900027,23,84,-61
124900028,512,96,416
124900029,8,163,-155
124900030,3,127,-124
124900031,11,307,-296
124900032,156,80,76
124900033,75,409,-334
124900034,1,78,-77
124900035,75,350,-275
124900036,0,41,-41
124900037,78,247,-169
124900038,321,269,52
124900039,0,20,-20
124900040,14,79,-65
124900041,116,1067,-951
124900042,13,6,7
124900043,212,964,-752
124900044,4,3,1
124900045,482,506,-24
124900046,1325,211,1114
124900047,60,189,-129
124900048,51,89,-38
124900050,75,205,-130
124900052,42,360,-318
124900053,15,367,-352
124900054,2262,238,2024
124900055,1,98,-97
124900057,1,70,-69
124900060,47,145,-98
124900061,6,1,5
124900062,13,0,13
124900066,0,25,-25
124900067,4,90,-86
124900068,122,102,20
124900070,2,3,-1
124900072,24,8,16
124900074,65,127,-62
124900075,24,101,-77
124900076,13,119,-106
124900077,22,77,-55
124900078,5,2,3
124900079,298,18,280
124900080,78,683,-605
124900081,158,107,51
124900082,143,758,-615
124900083,90,444,-354
124900084,2246,53,2193
124900085,1070,98,972
124900086,23,243,-220
124900087,250,44,206
124900088,671,53,618
124900089,913,13,900
124900090,24,63,-39
124900091,74,491,-417
124900092,67,398,-331
124900093,30,58,-28
124900094,34,82,-48
124900095,14,112,-98
124900096,155,41,114
124900097,63,29,34
124900098,42,283,-241
124900099,333,158,175
124900100,42,4,38
124900101,2,23,-21
124900102,13,1,12
124900103,20,184,-164
124900104,11,176,-165
124900105,19,129,-110
124900106,21,6,15
124900107,7,3,4
124900108,56,6,50
124900109,6,67,-61
124900110,54,484,-430
124900111,0,29,-29
124900112,35,731,-696
124900113,2,64,-62
124900114,8,20,-12
124900115,1,0,1
124900116,28,31,-3
124900117,397,65,332
124900118,40,13,27
124900119,75,19,56
124900120,3,330,-327
124900121,39,46,-7
124900122,431,119,312
124900123,152,24,128
124900124,81,91,-10
129000186,27,14,13
204000001,2,0,2
204000002,1,0,1
204000003,1,0,1
204000004,0,0,0
204000005,146,111,35
204000006,250,199,51
204000011,17,79,-62
204000012,11,171,-160
204000013,0,40,-40
204000019,256,305,-49
204000020,188,445,-257
204000021,865,427,438
204000022,161,219,-58
204000023,250,1195,-945
204000031,8,4,4
204000032,190,19,171
204000034,34,583,-549
204000035,2,6,-4
204000036,17,37,-20
204000037,0,11,-11
204000038,2,10,-8
204000039,6,77,-71
204000040,4,60,-56
204000041,7,69,-62
204000042,2,6,-4
204000043,2,2,0
204000044,1,1,0
204000045,5,3,2
204000046,1,1,0
204000057,4,133,-129
204000062,7,30,-23
204000068,45,145,-100
204000069,9,141,-132
204000070,21,52,-31
204000080,54,48,6
204000085,713,1209,-496
204000086,2289,1363,926
204000087,44,34,10
204000088,13,79,-66
204000090,56,642,-586
204000093,42,3,39
204000096,164,222,-58
204000097,23,1,22
204000099,419,362,57
204000100,281,326,-45
204000105,888,1294,-406
204000110,449,1127,-678
204000111,247,746,-499
204000112,251,911,-660
204000113,208,790,-582
204000114,192,180,12
204000115,154,200,-46
204000116,162,276,-114
204000119,424,422,2
204000132,229,127,102
204000133,241,118,123
204000134,131,62,69
204000135,128,33,95
204000136,90,95,-5
204000138,151,123,28
204000140,81,113,-32
204000141,77,74,3
204000144,2,11,-9
204000145,90,5,85
204000146,48,524,-476
204000147,27,130,-103
204000148,191,4,187
204000154,0,1,-1
204000155,1,15,-14
204000177,25,15,10
204000179,0,0,0
204000180,1,58,-57
204000222,1,15,-14
204000235,36,24,12
204000236,26,357,-331
204000238,6,9,-3
204000240,78,59,19
204000263,258,1063,-805
204000268,428,191,237
204000308,11,0,11
204000317,26,58,-32
204000322,10,28,-18
204000323,8,4,4
204000328,35,6,29
204000329,48,109,-61
204000330,11,3,8
204000331,76,192,-116
204010341,16,166,-150
205000001,878,1050,-172
205000013,7,140,-133
205000014,22,154,-132
205000015,32,317,-285
205000016,18,233,-215
205000017,91,120,-29
205000022,255,588,-333
205000025,1806,772,1034
205000029,55,11,44
205000045,20,132,-112
205000046,22,315,-293
205000047,56,392,-336
205000048,72,616,-544
205000049,69,520,-451
205000050,841,195,646
205000059,1,298,-297
205000060,0,48,-48
205000061,1,21,-20
205000062,0,40,-40
205000063,13,37,-24
205000064,23,141,-118
205000065,35,765,-730
205000066,37,890,-853
205000067,38,1267,-1229
205000069,260,52,208
205000082,18,16,2
205000110,18,172,-154
205000111,75,173,-98
205000112,11,29,-18
205000113,282,138,144
205000121,5,2,3
205000123,114,193,-79
205000126,0,0,0
205000127,0,0,0
205000128,0,0,0
205000129,0,0,0
205000130,0,0,0
205000131,0,0,0
205000132,0,0,0
205000133,0,0,0
205000134,0,0,0
205000137,186,125,61
205000138,231,246,-15
205000139,28,59,-31
205000144,7,2,5
205000145,38,8,30
205000151,2,1,1
205000152,0,0,0
205000153,0,0,0
205000154,0,0,0
205000155,0,0,0
205000207,107,126,-19
205000233,24,28,-4
205000234,0,0,0
205000243,0,0,0
205000244,0,6,-6
205000245,25,465,-440
205000249,0,30,-30
205000250,0,0,0
205000264,7,138,-131
206000027,0,0,0
206000028,0,0,0
206000043,26,296,-270
206000053,43,37,6
206000054,24,39,-15
206000055,7,83,-76
206000075,5,13,-8
206000076,15,21,-6
206000077,23,13,10
206000078,15,19,-4
206000079,32,9,23
206000082,280,24,256
206000100,96,997,-901
206000103,18,36,-18
206000104,26,29,-3
206000105,17,33,-16
206000106,8,63,-55
206000108,519,67,452
206000125,21,0,21
206000157,352,1043,-691
206000170,2,470,-468
206000171,7,419,-412
206000172,22,1607,-1585
206000173,8,480,-472
206000174,9,343,-334
206000175,4,419,-415
206000176,39,788,-749
206000177,1,423,-422
206000178,3,326,-323
206000179,12,215,-203
206000180,81,395,-314
206000181,21,525,-504
206000182,64,548,-484
206000183,62,1658,-1596
206000184,11,737,-726
206000185,18,590,-572
206000186,192,2297,-2105
206000223,7,403,-396
206000226,0,0,0
206000227,0,0,0
206000237,52,593,-541
206000238,97,1015,-918
206000239,1048,2681,-1633
206000240,0,80,-80
206000241,0,263,-263
206000242,10,887,-877
206000243,10,714,-704
206000244,96,1624,-1528
206000245,213,30,183
206000246,23,6,17
206000247,47,7,40
206000248,74,7,67
206000252,74,27,47
206000258,33,44,-11
206000315,28,11,17
206000317,91,38,53
206000318,64,27,37
206000319,137,37,100
206000320,33,27,6
206000321,24,6,18
206000322,108,9,99
206000323,63,27,36
206000324,24,5,19
206000325,51,7,44
206000326,58,8,50
206000327,37,5,32
206000328,36,2,34
206000329,53,9,44
206000330,26,6,20
206000331,37,3,34
206000332,8,5,3
206000333,110,1,109
206000334,48,0,48
206000335,1,34,-33
206000361,17,340,-323
206000392,7,96,-89
206000405,59,1,58
206000441,0,0,0
206000498,16,7,9
206000515,333,60,273
206000530,19,7,12
206000531,21,21,0
206000532,450,67,383
206000535,491,2017,-1526
206000536,31,324,-293
206000537,18,225,-207
206000613,387,36,351
207000001,120,375,-255
207000002,40,368,-328
207000003,53,280,-227
207000007,177,47,130
207000008,17,10,7
207000009,49,48,1
207000010,418,654,-236
207000012,21,23,-2
207000015,409,1857,-1448
207000019,115,49,66
207000021,265,137,128
207000022,50,99,-49
207000023,50,56,-6
207000024,5,12,-7
207000025,1,52,-51
207000026,57,79,-22
207000027,9,121,-112
207000028,27,298,-271
207000029,219,472,-253
207000033,188,173,15
207000034,119,39,80
207000039,4,7,-3
207000040,3,2,1
207000041,0,0,0
207000042,0,0,0
207000043,0,0,0
207000051,36,456,-420
207000052,7,232,-225
207000053,367,778,-411
207000054,22,202,-180
207000055,41,247,-206
207000056,135,443,-308
207000057,99,338,-239
207000058,73,561,-488
207000059,40,976,-936
207000060,24,262,-238
207000061,30,63,-33
207000062,101,44,57
207000063,77,136,-59
207000064,207,175,32
207000065,150,182,-32
207000066,61,152,-91
207000067,11,110,-99
207000068,64,50,14
207000069,544,448,96
207000082,30,394,-364
207000083,92,482,-390
207000084,44,47,-3
207000085,106,12,94
207000086,59,3,56
207000106,0,0,0
207000107,0,0,0
207000108,0,0,0
207000109,0,0,0
207000110,0,0,0
207000111,0,0,0
207000112,0,0,0
207000114,46,16,30
207000115,19,78,-59
207000116,19,197,-178
207000117,15,124,-109
207000118,1,125,-124
207000119,5,163,-158
207000123,0,0,0
207000124,0,0,0
207000125,0,0,0
207000126,0,0,0
207000134,15,295,-280
207000135,54,318,-264
207000148,0,0,0
207000149,64,49,15
207000152,96,428,-332
207000153,1099,763,336
207000154,310,112,198
207000159,56,294,-238
207000160,57,829,-772
207000238,1,83,-82
207000242,3,137,-134
207000248,26,33,-7
207000249,104,61,43
207000250,490,88,402
207000251,76,76,0
207000252,19,90,-71
207000278,3,4,-1
207000279,17,258,-241
207000280,67,23,44
207000281,79,1317,-1238
207000282,24,14,10
207000283,36,159,-123
207000284,18,44,-26
207000285,138,21,117
207000291,11,121,-110
207000304,94,97,-3
207000306,23,436,-413
207000310,0,0,0
207000353,0,0,0
207000356,4,20,-16
207000357,6,4,2
207000358,8,3,5
207000415,1,143,-142
207000417,0,0,0
207000418,69,158,-89
207000438,0,4,-4
207000439,1440,292,1148
207000446,0,0,0
207000460,8,20,-12
207000466,92,192,-100
207000467,0,1,-1
207000468,31,617,-586
207000476,6,71,-65
207000477,72,105,-33
207000478,10,14,-4
207000523,0,16,-16
207000524,0,0,0
207000527,58,96,-38
207000530,0,0,0
207000531,0,0,0
207000532,0,0,0
207000534,0,0,0
207000535,68,183,-115
207000537,23,106,-83
207000540,6,157,-151
207000541,4,305,-301
207000548,6,277,-271
207000549,0,0,0
207000561,0,0,0
207000562,26,189,-163
207000567,129,280,-151
207000568,27,126,-99
207000569,66,1181,-1115
207000584,328,117,211
207000585,0,0,0
207000616,1,252,-251
207000617,7,1,6
207900008,52,326,-274
208000001,129,229,-100
208000002,93,158,-65
208000003,264,180,84
208000004,242,196,46
208000005,4,29,-25
208000019,65,229,-164
208000020,21,90,-69
208000021,60,445,-385
208000022,377,617,-240
208000028,892,498,394
208000033,176,563,-387
208000034,685,1037,-352
208000040,13,56,-43
208000041,107,152,-45
208000042,110,201,-91
208000047,52,247,-195
208000064,858,276,582
208000066,325,139,186
208000070,59,301,-242
208000071,84,461,-377
208000072,144,512,-368
208000080,50,85,-35
208000081,47,85,-38
208000082,93,235,-142
208000083,68,346,-278
208000084,2,10,-8
208000085,498,536,-38
208000086,213,792,-579
208000087,86,560,-474
208000089,407,493,-86
208000090,313,923,-610
208000093,43,95,-52
208000094,171,495,-324
208000095,603,330,273
208000104,209,313,-104
208000105,146,259,-113
208000114,0,0,0
208000115,92,260,-168
208000116,58,422,-364
208000117,21,65,-44
208000118,20,78,-58
208000155,210,732,-522
208000158,1303,1813,-510
208000186,1097,260,837
208000204,185,712,-527
208000205,508,1067,-559
208000282,3387,791,2596
209000004,47,98,-51
209000005,20,15,5
209000006,119,86,33
209000007,110,144,-34
209000010,280,124,156
209000011,73,164,-91
209000012,90,231,-141
209000013,115,837,-722
209000014,407,1973,-1566
209000025,121,36,85
209000026,348,71,277
209000027,241,1427,-1186
209000028,233,1580,-1347
209000029,361,1233,-872
209000030,236,2020,-1784
209000031,4065,2685,1380
209000034,171,225,-54
209000035,53,119,-66
209000036,55,126,-71
209000037,68,196,-128
209000038,61,150,-89
209000039,42,131,-89
209000040,257,620,-363
209000041,175,474,-299
209000042,256,535,-279
209000043,426,526,-100
209000044,308,420,-112
209000045,126,232,-106
209000046,41,250,-209
209000047,34,126,-92
209000048,24,116,-92
209000049,53,172,-119
209000050,102,227,-125
209000051,93,340,-247
209000052,93,371,-278
209000062,18,183,-165
209000063,10,143,-133
209000064,9,194,-185
209000065,20,69,-49
209000066,20,73,-53
209000067,25,52,-27
209000080,15,159,-144
209000082,62,25,37
209000091,25,91,-66
209000093,45,37,8
209000094,144,94,50
209000110,33,50,-17
209000111,231,519,-288
209000112,203,206,-3
209000113,329,235,94
209000114,131,148,-17
209000115,42,147,-105
209000116,765,610,155
209000118,2,36,-34
209000119,15,7,8
209000121,82,718,-636
209000135,79,70,9
209000142,613,359,254
209000143,25,78,-53
209000144,9,39,-30
209000229,22,155,-133
209000240,34,457,-423
209000259,77,167,-90
209000260,42,871,-829
209000261,7,625,-618
209000262,2,526,-524
209000263,0,116,-116
209000264,0,40,-40
209000265,0,0,0
209000266,0,0,0
209000267,0,0,0
209000268,0,0,0
210000037,28,11,17
210000047,1,5,-4
210000048,4,7,-3
210000049,10,8,2
210000052,10,192,-182
210000053,14,69,-55
210000054,35,94,-59
210000070,4,0,4
210000071,0,0,0
210000072,0,0,0
210000073,0,42,-42
210000074,0,70,-70
210000075,1,47,-46
210000076,2,134,-132
210000077,6,32,-26
210000078,26,35,-9
210000079,4,1,3
210000080,15,5,10
210000081,23,0,23
210000082,8,0,8
210000083,31,0,31
210000084,2,0,2
210000085,0,67,-67
210000086,2,146,-144
210000099,31,194,-163
210000100,26,211,-185
210000101,79,197,-118
210000105,38,91,-53
210000159,1,99,-98
210000163,228,193,35
210000164,146,20,126
210000168,62,11,51
210000187,0,5,-5
210000188,1,20,-19
210000214,2,0,2
210000219,9,13,-4
210000220,12,9,3
210000232,0,21,-21
210000233,4,31,-27
210000234,37,107,-70
210000235,21,134,-113
210000245,1,31,-30
210000246,2,2,0
210000258,6,169,-163
210000259,36,3,33
210000282,44,199,-155
210000285,1,68,-67
210000286,13,173,-160
210000290,3,1,2
210000295,29,108,-79
210000296,21,41,-20
210000320,33,30,3
210000321,2,14,-12
210000338,24,121,-97
210000339,679,533,146
210000340,73,158,-85
210000341,76,158,-82
210000342,102,108,-6
210000343,73,153,-80
210000344,83,88,-5
210000345,89,55,34
210000346,16,32,-16
210000347,5,12,-7
210000348,51,9,42
210000349,10,10,0
210000350,30,40,-10
210000351,22,80,-58
210000352,27,79,-52
210000353,18,114,-96
210000354,26,106,-80
210000355,17,96,-79
210000356,6,27,-21
210000357,11,16,-5
210000358,174,74,100
210000359,29,15,14
210000360,60,44,16
210000361,37,79,-42
210000362,57,61,-4
210000363,370,37,333
210000364,20,19,1
210000365,23,10,13
210000366,31,7,24
210000367,7,6,1
210000368,31,4,27
210000369,5,7,-2
210000370,7,25,-18
210000372,11,11,0
210000373,5,5,0
210000374,12,3,9
210000375,8,95,-87
210000376,23,101,-78
210000404,91,129,-38
210000439,2,11,-9
210000472,29,0,29
210000482,36,25,11
210000564,324,30,294
210000567,0,3,-3
210000568,90,1,89
211000092,10,51,-41
211000094,2,2,0
211000169,61,7,54
211000172,8,149,-141
211000209,0,12,-12
211000226,4,5,-1
211000270,10,2,8
211000275,8,26,-18
211000276,33,20,13
211000279,0,48,-48
211000281,11,54,-43
211507980,0,12,-12
211977296,2,3,-1
212000003,30,27,3
212000004,9,11,-2
212000005,6,21,-15
212000006,10,93,-83
212000008,65,263,-198
212000009,4,140,-136
212000012,15,72,-57
212000013,3,43,-40
212000014,153,151,2
212000015,113,215,-102
212000016,283,459,-176
212000027,251,242,9
212000028,99,153,-54
212000029,71,104,-33
212000030,17,22,-5
212000031,18,46,-28
212000048,29,75,-46
212000049,22,30,-8
212000050,13,9,4
212000051,88,199,-111
212000052,89,355,-266
212000053,230,611,-381
212000054,48,117,-69
212000055,70,150,-80
212000056,2,13,-11
212000057,0,1,-1
212000058,80,6,74
212000070,60,308,-248
212000077,76,628,-552
212000099,81,164,-83
212000108,57,95,-38
212000111,42,76,-34
212000120,66,115,-49
212000138,32,15,17
212000156,11,103,-92
212000158,3,2,1
212000159,98,28,70
212000160,140,121,19
212000161,8,8,0
212000310,23,42,-19
212000311,1,19,-18
212000374,8,11,-3
213000001,14,666,-652
213000005,109,29,80
213000006,278,33,245
213000007,7,2,5
213000009,70,31,39
213000010,34,21,13
213000011,31,13,18
213000012,58,326,-268
213000014,21,0,21
213000015,13,1,12
213000016,13,0,13
213000017,0,0,0
213000018,1,221,-220
213000019,3,119,-116
213000020,55,352,-297
213000021,2,133,-131
213000023,0,0,0
213000033,107,454,-347
213000034,95,91,4
213000035,15,38,-23
213000045,80,199,-119
213000046,53,126,-73
213000047,364,491,-127
213000056,6,5,1
213000069,4,0,4
213000073,1,21,-20
213000074,123,505,-382
213000075,80,2,78
213000076,3,0,3
213000085,1,26,-25
213000086,8,182,-174
213000091,0,0,0
213000092,0,0,0
213000099,77,565,-488
213000100,186,7,179
213000101,5,147,-142
213000102,13,466,-453
213000103,163,578,-415
213000104,25,424,-399
213000105,1,38,-37
213000106,6,204,-198
213000107,39,849,-810
213000108,15,531,-516
213000109,3,219,-216
213000110,1,34,-33
213000111,7,75,-68
213000112,110,132,-22
213000115,0,0,0
213000116,64,614,-550
213000117,2,851,-849
213000118,112,202,-90
213000119,57,646,-589
213000120,35,646,-611
213000122,105,701,-596
213000123,480,1050,-570
213000124,46,1443,-1397
213000125,0,0,0
213000126,56,70,-14
213000127,162,106,56
213000128,808,374,434
213000129,0,0,0
213000130,34,2,32
213000132,15,1,14
213000133,10,1,9
213000134,57,7,50
213000136,59,5,54
213000137,155,13,142
213000139,33,1,32
213000147,2,0,2
213000148,1,0,1
213000149,3,0,3
213000150,0,52,-52
213000151,0,70,-70
213000152,0,82,-82
213000153,1,31,-30
213000154,12,199,-187
213000155,27,319,-292
213000156,32,426,-394
213000157,430,506,-76
213000158,190,603,-413
213000159,120,190,-70
213000163,61,26,35
213000165,170,15,155
213000171,2,138,-136
213000172,2,329,-327
213000173,1,358,-357
213000174,0,346,-346
213000175,2,156,-154
213000176,0,0,0
213000177,0,0,0
213000178,0,0,0
213000179,0,0,0
213000180,0,0,0
213000184,67,444,-377
213000188,90,35,55
213000189,99,8,91
213000190,258,434,-176
213000191,39,449,-410
213000192,34,523,-489
213000193,1174,147,1027
213000194,0,15,-15
213000195,5,349,-344
213000196,66,573,-507
213000197,57,24,33
213000198,0,0,0
213000200,62,1013,-951
213000201,87,50,37
213000202,9,606,-597
213000203,757,93,664
213000204,116,3,113
213000205,31,15,16
213000206,25,2,23
213000207,13,0,13
213000208,5,0,5
213000209,6,0,6
213000210,12,2,10
213000211,1,1,0
213000212,1,22,-21
213000213,1,30,-29
213000218,86,786,-700
213000219,35,0,35
213000220,88,3,85
213000223,63,16,47
213000224,3,4,-1
213000225,5,1,4
213000226,7,1,6
213000227,114,37,77
213000228,37,14,23
213000229,50,3,47
213000230,41,0,41
213000232,13,241,-228
213000233,0,27,-27
213000234,1,11,-10
213000293,5,21,-16
213000294,15,3,12
213000295,1,41,-40
213000296,21,5,16
213000297,4,69,-65
213000298,17,60,-43
213000299,22,8,14
213000300,0,0,0
213000303,1,17,-16
213000304,1,4,-3
213000305,1,7,-6
213000306,27,18,9
213000307,28,31,-3
213000308,34,242,-208
213000309,33,19,14
213000310,80,12,68
213000311,175,618,-443
213000315,27,122,-95
213000316,13,20,-7
213000322,23,122,-99
213000323,13,43,-30
213000324,11,94,-83
213000325,8,101,-93
213000326,34,46,-12
213000327,3,109,-106
213000328,5,55,-50
213000329,32,48,-16
213000340,65,852,-787
213000341,27,3,24
213000346,40,8,32
213000347,252,17,235
213000348,7,151,-144
213000349,5,10,-5
213000350,103,1487,-1384
213000366,18,268,-250
213000367,36,12,24
213000379,39,146,-107
213000386,1,180,-179
213000406,52,279,-227
213000417,282,155,127
213000425,36,25,11
213000426,25,59,-34
213000427,7,418,-411
213000428,9,243,-234
213000429,7,4,3
213000430,33,773,-740
213000431,74,0,74
213000432,0,10,-10
213000433,5,136,-131
213000434,32,50,-18
213000435,14,42,-28
213000436,9,34,-25
213000437,4,59,-55
213000438,40,79,-39
213000439,13,3,10
213000440,0,152,-152
213000441,0,2,-2
213000442,1,48,-47
213000443,168,144,24
213000444,16,76,-60
213000445,0,102,-102
213000446,0,6,-6
213000447,1,8,-7
213000448,1,24,-23
213000449,27,1,26
213000450,8,12,-4
213000451,23,25,-2
213000452,6,13,-7
213000453,15,244,-229
213000455,60,37,23
213000456,0,67,-67
213000481,4,3,1
213000484,13,1,12
213000489,221,16,205
213000491,0,52,-52
213000492,45,54,-9
213000493,1,24,-23
213000494,8,8,0
213000495,0,170,-170
213000496,14,3,11
213000497,20,352,-332
213000498,46,321,-275
213000499,67,909,-842
213000500,17,10,7
213000501,2,2,0
213000502,47,4,43
213000503,1,55,-54
213000504,2,200,-198
213000505,0,6,-6
213000506,0,16,-16
213000507,3,179,-176
213900016,0,10,-10
213900244,0,0,0
213900245,1,38,-37
218000003,8,16,-8
218000004,11,18,-7
218000005,4,6,-2
218000006,21,40,-19
218000007,2,16,-14
218000012,231,80,151
218000013,58,132,-74
218000014,439,245,194
218000019,719,331,388
218000020,293,339,-46
218000021,20,129,-109
218000022,4,69,-65
218000023,4,54,-50
218000024,0,26,-26
218000025,12,43,-31
218000026,14,90,-76
218000027,2,28,-26
218000028,2,9,-7
218000029,4,11,-7
218000030,14,76,-62
218000031,1,90,-89
218000032,1,56,-55
218000040,3,3,0
218000046,21,177,-156
218000047,7,248,-241
218000048,26,277,-251
218000049,100,235,-135
218000050,220,422,-202
218000051,41,541,-500
218000052,1,71,-70
218000053,3,14,-11
218000054,25,40,-15
218000055,0,23,-23
218000056,22,25,-3
218000057,1,25,-24
218000064,2,6,-4
218000065,55,28,27
218000066,17,52,-35
218000067,14,87,-73
218000068,23,97,-74
218000069,64,222,-158
218000070,110,313,-203
218000071,103,247,-144
218000072,381,284,97
218000078,330,1305,-975
218000079,33,38,-5
218000080,30,80,-50
218000081,181,201,-20
218000082,2,138,-136
218000083,21,83,-62
218000084,74,267,-193
218000085,105,530,-425
218000086,30,257,-227
218000087,156,305,-149
218000090,12,48,-36
218000091,361,236,125
218000092,22,154,-132
218000093,51,124,-73
218000094,348,833,-485
218000099,264,322,-58
218000100,181,237,-56
218000101,122,130,-8
218000102,126,283,-157
218000103,25,155,-130
218000104,9,45,-36
218000105,8,9,-1
218000106,8,14,-6
218000107,28,112,-84
218000108,4,54,-50
218000112,41,13,28
218000117,26,63,-37
218000134,386,763,-377
218000135,23,72,-49
218000136,57,60,-3
218000137,59,253,-194
218000138,3,71,-68
218000139,33,327,-294
218000140,48,84,-36
218000141,11,23,-12
218000142,36,131,-95
218000143,15,131,-116
218000144,3,52,-49
218000145,118,351,-233
218000146,25,119,-94
218000151,4,22,-18
218000152,54,139,-85
218000153,0,9,-9
218000154,1,3,-2
218000155,11,2,9
218000156,60,39,21
218000157,9,22,-13
218000158,2,8,-6
218000159,12,5,7
218000160,3,6,-3
218000161,38,18,20
218000162,50,12,38
218000163,6,3,3
218000164,40,17,23
218000165,68,37,31
218000170,3,43,-40
218000171,36,22,14
218000172,6,16,-10
218000173,64,24,40
218000174,5,9,-4
218000176,117,23,94
218000177,417,128,289
218000178,124,102,22
218000179,136,21,115
218000180,89,5,84
218000181,199,11,188
218000187,3,16,-13
218000188,22,36,-14
218000189,6,64,-58
218000190,3,26,-23
218000191,30,101,-71
218000192,39,617,-578
218000193,257,546,-289
218000194,28,491,-463
218000195,68,90,-22
218000196,174,240,-66
218000197,130,322,-192
218000198,2,113,-111
218000199,16,28,-12
218000200,16,34,-18
218000201,3,20,-17
218000202,108,133,-25
218000207,4,30,-26
218000208,14,30,-16
218000211,9,26,-17
218000212,3,7,-4
218000213,81,57,24
218000214,3,21,-18
218000215,61,192,-131
218000217,4,123,-119
218000218,525,90,435
218000219,2,19,-17
218000220,58,258,-200
218000221,160,100,60
218000222,19,28,-9
218000223,55,330,-275
218000224,5,117,-112
218000225,225,40,185
218000226,81,92,-11
218000230,0,2,-2
218000232,24,51,-27
218000239,0,0,0
218000240,0,0,0
218000241,0,0,0
218000242,0,0,0
218000243,0,0,0
218000244,0,0,0
218000245,0,0,0
218000246,0,0,0
218000247,0,0,0
218000248,0,29,-29
218000249,0,2,-2
218000250,0,26,-26
218000251,1,12,-11
218000252,0,41,-41
218000253,0,5,-5
218000254,0,6,-6
218000255,1,14,-13
218000256,2,51,-49
218000267,679,842,-163
218000268,5,66,-61
218000269,2,15,-13
218000270,12,44,-32
218000271,38,37,1
218000273,3,4,-1
218000274,9,3,6
218000275,15,25,-10
218000276,14,57,-43
218000278,11,27,-16
218000279,12,50,-38
218000280,0,14,-14
218000281,2,15,-13
218000282,117,69,48
218000284,63,3,60
218000301,19,101,-82
218000302,30,37,-7
218000303,5,33,-28
218000316,465,899,-434
218000317,484,1019,-535
218000318,214,902,-688
218000319,489,1600,-1111
218000320,418,727,-309
218000338,5,19,-14
218000345,70,73,-3
218000346,2,33,-31
218000459,107,456,-349
218000490,12,50,-38
218000501,26,21,5
218000502,13,152,-139
218000503,54,8,46
218000504,64,9,55
218000505,23,189,-166
218000506,27,113,-86
218000508,0,5,-5
218000510,145,15,130
218000520,65,96,-31
218000521,7,47,-40
218000522,0,118,-118
218000523,3,0,3
218000524,31,94,-63
218000525,9,10,-1
218000526,17,76,-59
218000529,12,246,-234
218000530,6,8,-2
218000531,8,19,-11
218000532,3,34,-31
218000534,6,2,4
218000537,0,14,-14
218000538,44,141,-97
218000540,186,118,68
218000543,70,49,21
218000544,37,152,-115
218000545,10,75,-65
218000546,20,182,-162
218000547,36,99,-63
218000548,71,256,-185
218000549,241,57,184
218000550,233,817,-584
218000551,156,196,-40
218000552,240,27,213
218000553,9,47,-38
218000554,28,20,8
218000555,13,32,-19
218000556,73,473,-400
218000557,161,79,82
218000558,0,0,0
218000559,1,13,-12
218000560,0,7,-7
218000561,0,0,0
218000562,16,165,-149
218000563,17,37,-20
218000564,3,126,-123
218000565,12,17,-5
218000566,51,10,41
218000567,0,41,-41
218000568,0,0,0
218000569,2,59,-57
218000570,11,1,10
218000571,1,70,-69
218000572,0,0,0
218000573,3,13,-10
218000574,7,44,-37
218000575,0,0,0
218000576,0,47,-47
218000577,0,0,0
218000578,0,63,-63
218000579,16,3,13
218000581,3,79,-76
218000582,2,5,-3
218000583,10,1,9
218000584,0,17,-17
218000585,3,4,-1
218000586,1,42,-41
218000587,0,0,0
218000588,0,3,-3
218000589,0,1,-1
218000590,0,0,0
218000591,0,6,-6
218000592,0,1,-1
218000593,0,1,-1
218000594,0,0,0
218000595,0,0,0
218000596,0,0,0
218000597,0,0,0
218000598,0,1,-1
218000599,0,0,0
218000600,0,0,0
218000601,0,0,0
218000602,1,1,0
218000603,0,1,-1
218000604,5,0,5
218000605,0,13,-13
218000606,12,0,12
218000607,6,27,-21
218000608,2,2,0
218000609,0,40,-40
218000610,12,1,11
218000611,0,3,-3
218000612,1,39,-38
218000613,8,0,8
218000614,0,39,-39
218000615,16,3,13
218000616,1,161,-160
218000617,2,2,0
218000618,0,21,-21
218000619,12,6,6
218000620,3,23,-20
218000621,0,0,0
218000622,0,4,-4
218000623,5,0,5
218000624,0,6,-6
218000625,0,0,0
218000626,1,7,-6
218000628,20,14,6
218000631,1,6,-5
218000632,0,40,-40
218000633,0,0,0
218000634,0,11,-11
218000635,3,6,-3
218000636,508,1413,-905
218000637,338,546,-208
218000638,30,26,4
218000639,12,295,-283
218000640,15,28,-13
218000641,9,494,-485
218000652,137,210,-73
218000653,224,129,95
218000663,2,82,-80
218000675,5,14,-9
218000676,1,55,-54
218000677,8,12,-4
218000680,68,523,-455
218000681,10,4,6
218000691,71,471,-400
218000693,2,4,-2
218000703,6,82,-76
218000718,180,209,-29
218000719,135,31,104
218000720,3,11,-8
218000721,3,8,-5
218000725,7,16,-9
218001214,13,20,-7
218001329,2,2,0
218001330,74,55,19
218001351,2,3,-1
218001352,1,15,-14
218001353,0,1,-1
218001354,1,12,-11
218001355,2,1,1
218001357,2,0,2
219000001,13,49,-36
219000002,36,76,-40
219000003,76,21,55
219000004,85,51,34
219000017,64,18,46
219000020,62,10,52
219000022,39,4,35
219000023,39,2,37
219000029,1,110,-109
219000034,4,5,-1
219000039,17,62,-45
219000040,14,20,-6
219000041,41,28,13
219000051,0,81,-81
219000052,2,30,-28
219000053,4,259,-255
219000054,23,102,-79
219000055,43,3,40
219000056,7,2,5
219000057,25,0,25
219000062,2,224,-222
219000063,13,12,1
219000064,7,38,-31
219000110,126,24,102
219000111,61,24,37
219000112,165,26,139
219000113,58,30,28
219000114,143,19,124
219000116,64,33,31
219000117,175,96,79
219000118,60,65,-5
219000123,202,77,125
219000124,33,62,-29
219000125,6,21,-15
219000126,20,96,-76
219000127,2,4,-2
219000128,54,96,-42
219000129,17,114,-97
219000130,1331,645,686
219000131,1620,971,649
219000133,60,26,34
219000134,4,9,-5
219000135,28,52,-24
219000136,159,128,31
219000138,24,21,3
219000139,15,64,-49
219000140,21,0,21
219000141,13,107,-94
219000142,16,93,-77
219000143,13,107,-94
219000145,6,19,-13
219000146,5,71,-66
219000147,1,74,-73
219000148,2,85,-83
219000149,42,280,-238
219000150,2,122,-120
219000151,1,100,-99
219000157,114,113,1
219000158,119,231,-112
219000161,132,28,104
219000163,1344,315,1029
219000166,47,111,-64
219000167,47,310,-263
219000168,175,36,139
219000174,122,85,37
219000175,53,2,51
219000176,46,3,43
219000177,6,5,1
219000178,5,0,5
219000179,30,7,23
219000180,34,27,7
219000182,32,4,28
219000183,10,94,-84
219000184,14,4,10
219000185,1,157,-156
219000186,5,53,-48
219000187,6,165,-159
219000189,123,134,-11
219000190,165,199,-34
219000191,1194,558,636
219000192,139,177,-38
219000193,527,159,368
219000195,1,55,-54
219000196,6,111,-105
219000198,15,205,-190
219000199,58,200,-142
219000200,30,224,-194
219000201,85,299,-214
219000203,11,115,-104
219000204,70,189,-119
219000205,25,262,-237
219000207,87,220,-133
219000209,24,88,-64
219000210,29,115,-86
219000213,11,280,-269
219000239,87,101,-14
219000240,63,220,-157
219000241,36,239,-203
219000242,26,189,-163
219000243,28,300,-272
219000244,5,86,-81
219000245,7,32,-25
219000246,12,7,5
219000247,28,6,22
219000248,166,46,120
219000249,26,11,15
219000250,20,8,12
219000251,125,8,117
219000252,0,0,0
219000253,0,0,0
219000255,14,36,-22
219000256,58,42,16
219000257,18,0,18
219000262,39,298,-259
219000263,36,204,-168
219000267,3,131,-128
219000268,3,4,-1
219000269,4,2,2
219000270,13,0,13
219000271,116,5,111
219000278,0,9,-9
219000279,0,6,-6
219000283,0,9,-9
219000295,11,87,-76
219000296,53,514,-461
219000297,15,141,-126
219000298,13,227,-214
219000299,155,21,134
219000300,17,429,-412
219000301,64,359,-295
219000302,13,205,-192
219000307,13,58,-45
219000308,49,32,17
219000311,40,34,6
219000312,111,10,101
219000313,96,7,89
219000314,142,563,-421
219000315,31,9,22
219000316,80,9,71
219000317,15,2,13
219000320,0,65,-65
219000321,0,27,-27
219000323,5,86,-81
219000325,0,67,-67
219000326,71,135,-64
219000327,62,59,3
219000328,20,52,-32
219000329,340,96,244
219000330,18,36,-18
219000331,18,41,-23
219000332,23,42,-19
219000333,4,11,-7
219000335,13,0,13
219000337,2,0,2
219000338,3,0,3
219000344,20,56,-36
219000345,131,143,-12
219000346,35,176,-141
219000348,54,195,-141
219000349,26,284,-258
219000350,35,66,-31
219000351,1,2,-1
219000352,199,40,159
219000353,76,48,28
219000354,109,93,16
219000355,44,18,26
219000356,1634,344,1290
219000363,272,48,224
219000364,104,47,57
219000365,105,18,87
219000366,482,114,368
219000368,363,282,81
219000370,753,156,597
219000371,20,23,-3
219000382,2,12,-10
219000383,584,566,18
219000385,668,469,199
219000386,1106,1032,74
219000387,1,0,1
219000390,10,0,10
219000391,6,0,6
219000397,55,149,-94
219000398,102,38,64
219000401,1,76,-75
219000402,10,81,-71
219000403,40,95,-55
219000404,19,46,-27
219000407,5,23,-18
219000409,0,0,0
219000410,0,0,0
219000411,0,0,0
219000446,211,412,-201
219000447,0,22,-22
219000448,3,2,1
219000452,42,33,9
219000453,37,82,-45
219000454,234,130,104
219000556,40,10,30
219000558,40,295,-255
219000590,13,158,-145
219000591,15,4,11
219000592,107,395,-288
219000595,0,41,-41
219000635,6,1,5
219000636,10,129,-119
219000657,10,14,-4
219000658,11,36,-25
219000673,0,17,-17
219000676,53,15,38
219000679,18,15,3
219000684,28,2,26
219000685,0,149,-149
219000686,0,1,-1
219000688,0,119,-119
219000689,82,112,-30
219000690,0,0,0
219000691,79,74,5
219000692,2,21,-19
219000693,1,33,-32
219000694,0,0,0
219000695,6,1,5
219000698,0,0,0
219000699,0,11,-11
219000727,5,189,-184
219000728,57,2,55
219000770,2,1,1
219000771,0,32,-32
219000788,193,178,15
219001150,0,5,-5
219001151,0,4,-4
219001166,0,0,0
219001167,1,63,-62
219001178,24,1,23
220000001,9,17,-8
220000002,4,130,-126
220000003,259,261,-2
220000004,432,588,-156
220000005,1053,1305,-252
220000006,94,679,-585
220000007,129,940,-811
220000008,105,1088,-983
220000009,100,415,-315
220000010,44,102,-58
220000011,418,784,-366
220000012,37,92,-55
220000014,29,88,-59
220000015,7,60,-53
220000017,22,311,-289
220000018,3147,375,2772
220000019,37,164,-127
220000020,81,180,-99
220000021,168,115,53
220000022,295,386,-91
220000023,77,152,-75
220000024,1152,272,880
220000025,756,267,489
220000026,162,95,67
220000027,9,67,-58
220000028,23,30,-7
220000029,70,131,-61
220000030,31,70,-39
220000031,95,191,-96
220000064,7,679,-672
221000046,54,39,15
221000047,0,0,0
221000048,0,0,0
221000049,1,9,-8
221000050,18,6,12
221000055,27,48,-21
221000057,27,8,19
221000068,239,51,188
221000069,157,31,126
221000070,97,19,78
221000071,24,4,20
221000072,82,14,68
221000073,83,32,51
221000074,0,21,-21
221000075,6,22,-16
221000076,13,40,-27
221000077,21,85,-64
221000081,7,7,0
221000082,18,2,16
221000083,11,3,8
221000084,4,4,0
221000085,8,62,-54
221000086,16,156,-140
221000087,1,198,-197
221000088,18,154,-136
221000089,25,212,-187
221000090,188,328,-140
221000098,53,8,45
221000099,102,16,86
221000100,23,5,18
221000101,148,9,139
221000102,82,2,80
221000109,6,67,-61
221000110,4,137,-133
221000111,19,143,-124
221000112,7,124,-117
221000113,12,181,-169
221000114,14,171,-157
221000120,9,31,-22
221000121,0,25,-25
221000122,10,14,-4
221000123,7,26,-19
221000124,8,419,-411
221000155,66,7,59
221000156,19,16,3
221000175,1,0,1
221000176,1,2,-1
221000182,8,3,5
221000241,452,120,332
221000242,304,211,93
221000243,266,75,191
221000244,133,214,-81
221000245,23,84,-61
221000246,14,139,-125
221000247,21,101,-80
221000248,17,136,-119
221000267,26,641,-615
221000325,23,27,-4
221000331,2,72,-70
221000338,2,7,-5
221000378,66,23,43
221000381,51,95,-44
222000282,0,1,-1
222000296,2,10,-8
222000568,105,9,96
222000569,34,4,30
222000570,19,2,17
222000571,23,6,17
222000577,4,214,-210
222000578,4,171,-167
222000579,25,70,-45
222000580,105,675,-570
222000599,1,134,-133
222000600,0,241,-241
222000601,6,649,-643
222000603,5,7,-2
222000604,3,9,-6
222000605,1,14,-13
222000606,1,11,-10
222000607,0,4,-4
222000608,4,24,-20
222000609,15,310,-295
222000616,12,12,0
222000617,0,0,0
222000618,0,1,-1
222000620,0,1,-1
222000621,2,0,2
222000623,74,1,73
222000624,7,0,7
222000625,20,40,-20
222000636,23,2,21
222000686,0,0,0
222000687,0,3,-3
222001066,77,0,77
222001067,1,3,-2
222001068,3,12,-9
222001069,1,13,-12
222001082,3,44,-41
222001083,2,58,-56
222001084,0,18,-18
222001085,0,250,-250
222001111,6,243,-237
222001112,13,5,8
222001313,1,5,-4
222001314,0,59,-59
222001464,0,6,-6
222001465,10,104,-94
222001484,14,7,7
222001485,11,57,-46
222001494,13,33,-20
222001495,52,465,-413
222001496,17,13,4
222001497,37,675,-638
222001502,11,144,-133
222001503,0,0,0
222001504,18,199,-181
222001505,0,0,0
222001506,23,175,-152
222001507,0,0,0
222001510,0,0,0
222001511,37,386,-349
222001514,0,0,0
222001515,165,642,-477
222001518,0,0,0
222001519,23,450,-427
222001527,0,0,0
222001528,74,170,-96
222001529,0,0,0
222001530,25,244,-219
222001533,111,504,-393
222001534,0,0,0
222001535,13,23,-10
222001536,80,378,-298
222001537,0,0,0
222001538,43,472,-429
222001563,0,0,0
222001564,19,810,-791
222001568,23,55,-32
222001576,0,1,-1
222001579,0,0,0
222001583,4,300,-296
222001584,6,3,3
222001596,286,1446,-1160
222001597,104,19,85
222001626,1,178,-177
222001650,3,39,-36
222001651,1,95,-94
222001914,0,0,0
222001915,19,147,-128
222001968,84,30,54
222001969,263,761,-498
222001970,19,158,-139
222001971,0,13,-13
222001972,1,35,-34
225000001,75,21,54
225000002,73,15,58
225000003,75,9,66
225000004,51,17,34
225000005,9,2,7
225000006,1,109,-108
225000007,3138,693,2445
225000010,61,2,59
225000011,147,141,6
225000012,38,81,-43
225000013,4,33,-29
225000014,60,12,48
225000015,88,188,-100
225000021,83,30,53
225000027,168,329,-161
225000032,79,17,62
225000042,30,492,-462
225000049,13,48,-35
225000050,42,3,39
225000053,3,93,-90
225000058,38,14,24
225000067,81,263,-182
225000068,42,500,-458
225000069,60,425,-365
225000070,72,437,-365
225000071,28,286,-258
225000075,9,674,-665
225000076,26,71,-45
225000078,17,8,9
225000085,0,0,0
225000086,0,0,0
225000087,0,0,0
225000088,7,87,-80
225000089,287,335,-48
225000090,9,233,-224
225000091,32,232,-200
225000092,10,76,-66
225000093,34,339,-305
225000094,10,342,-332
225000095,183,536,-353
225000096,62,334,-272
225000098,116,53,63
225000099,69,27,42
225000100,54,24,30
225000104,20,335,-315
225000110,9,404,-395
225000111,99,905,-806
225000112,134,713,-579
225000113,33,443,-410
225000114,21,222,-201
225000115,2349,293,2056
225000116,142,12,130
225000117,90,53,37
225000118,171,27,144
225000119,16,9,7
225000120,24,4,20
225000121,137,1,136
225000123,69,0,69
225000125,63,96,-33
225000126,390,39,351
225000127,498,150,348
225000128,91,103,-12
225000132,105,30,75
225000133,105,21,84
225000134,284,51,233
225000135,10,18,-8
225000136,47,6,41
225000137,59,26,33
225000138,181,20,161
225000143,80,99,-19
225000144,3,216,-213
225000145,0,0,0
225000146,15,120,-105
225000147,11,291,-280
225000148,0,211,-211
225000149,29,339,-310
225000151,27,265,-238
225000155,100,226,-126
225000156,78,345,-267
225000157,57,287,-230
225000158,25,404,-379
225000171,4,165,-161
225000180,83,64,19
225000181,0,28,-28
225000182,3,3,0
225000185,12,204,-192
225000187,44,349,-305
225000191,0,0,0
225000194,0,2,-2
225000208,2,23,-21
225000209,0,0,0
225000210,2,106,-104
225000217,0,15,-15
225000218,1,1,0
225000223,0,31,-31
225000224,3,0,3
225000225,0,6,-6
225000226,10,0,10
225000227,37,49,-12
225000228,2,0,2
225000229,0,65,-65
225000230,2,0,2
225000231,1,110,-109
225000232,7,0,7
225000241,4,0,4
225000242,0,39,-39
225000249,0,0,0
225000250,48,733,-685
225000251,184,15,169
225000254,2,0,2
225000256,0,1,-1
225000257,0,2,-2
226000042,291,298,-7
226000043,37,180,-143
226000044,65,678,-613
226000045,71,535,-464
226000046,135,33,102
226000047,111,50,61
226000048,224,45,179
226000049,107,69,38
226000070,0,49,-49
226000071,0,57,-57
226000072,0,4,-4
226000073,0,17,-17
226000074,0,8,-8
226000084,1,58,-57
226000085,0,4,-4
226000086,0,9,-9
226000087,0,9,-9
226000088,46,11,35
226000090,91,17,74
226000091,1,2,-1
226000092,1,0,1
226000093,6,1,5
226000094,5,1,4
226000095,6,2,4
226000105,1,0,1
226000106,3,0,3
226000107,6,0,6
226000108,9,0,9
226000109,44,0,44
226000124,115,48,67
226000134,232,185,47
226000135,407,353,54
226000136,91,125,-34
226000137,12,407,-395
226000138,4,308,-304
226000139,0,17,-17
226000156,43,2,41
226000157,119,4,115
226000163,9,36,-27
226000202,3,367,-364
226000231,85,4,81
226000232,8,2,6
227000033,131,33,98
227000036,91,15,76
227000037,59,15,44
227000038,45,14,31
227000084,1,17,-16
227000085,0,29,-29
227000088,7,1,6
227000089,34,1,33
227000090,14,2,12
227000091,5,0,5
227000092,9,1,8
227000093,24,0,24
227000094,1,0,1
227000130,21,57,-36
227000131,6,218,-212
227000132,12,242,-230
227000133,6,238,-232
227000134,13,324,-311
227000152,0,2,-2
227000153,1,60,-59
227000154,0,19,-19
227000155,1,26,-25
227000156,0,16,-16
227000165,0,43,-43
227000196,55,302,-247
227000199,20,584,-564
227000230,14,480,-466
227000232,26,1,25
227000242,50,309,-259
227000243,252,46,206
227000245,12,327,-315
227000246,42,378,-336
227000247,105,61,44
227000248,52,20,32
227000249,11,226,-215
227000250,212,71,141
227000251,98,209,-111
227000252,11,361,-350
227000253,45,23,22
227000262,142,17,125
227000266,63,4,59
227000267,21,2404,-2383
227000282,6,284,-278
227000284,41,5,36
227000286,10,91,-81
227000291,12,597,-585
227000296,114,109,5
227000484,95,6,89
227000485,24,585,-561
227000655,20,1,19
227000656,145,5,140
227000657,9,5,4
227000704,7,1,6
229000265,2,0,2
229000266,0,0,0
229000267,0,0,0
229000268,1,0,1
229000269,5,0,5
229000274,0,11,-11
229000275,1,11,-10
229000276,1,20,-19
229000277,0,0,0
229000278,1,2,-1
229000295,15,19,-4
229000296,2,4,-2
229000297,10,26,-16
229000298,12,59,-47
229000320,0,1,-1
229000321,1,2,-1
229000412,8,44,-36
229000414,0,67,-67
229000415,3,0,3
229000416,0,1,-1
229000417,5,20,-15
229000419,70,236,-166
229000440,87,38,49
229000442,2,3,-1
229000443,0,1,-1
229000444,0,32,-32
229000445,2,1,1
229000446,11,5,6
229000491,6,55,-49
229000492,30,170,-140
229000493,5,119,-114
229000494,29,31,-2
229000495,125,116,9
229000496,16,130,-114
229000507,0,35,-35
229000508,3,31,-28
229000509,2,65,-63
229000510,9,26,-17
229000511,4,65,-61
229000512,0,45,-45
229000513,0,6,-6
229000514,0,7,-7
229000517,1,5,-4
229000518,8,50,-42
229000519,0,24,-24
229000520,5,53,-48
229000521,17,56,-39
229000522,6,41,-35
229000523,8,40,-32
229000524,4,27,-23
229000527,7,9,-2
229000528,1,0,1
229000529,7,1,6
229000530,68,31,37
229000531,28,30,-2
229000532,36,15,21
229000533,225,58,167
229000534,78,34,44
229000564,88,19,69
229000565,15,9,6
229000566,0,32,-32
229000567,3,137,-134
229000582,369,26,343
229000583,6,32,-26
229000584,0,67,-67
229000585,5,60,-55
229000718,0,2,-2
229000719,0,1,-1
229000720,0,16,-16
229000721,0,20,-20
229000722,0,58,-58
229000723,0,38,-38
229000724,0,2,-2
229000725,0,4,-4
229000738,8,0,8
229000739,0,0,0
229000740,10,2,8
229000741,46,0,46
229000742,30,3,27
229000743,57,1,56
229000744,4,0,4
229000745,5,0,5
229000746,96,0,96
229000847,14,0,14
229000848,14,0,14
229000849,138,3,135
229000851,12,0,12
229000854,0,82,-82
229000856,2,193,-191
229000857,0,56,-56
229000858,0,159,-159
229000919,10,123,-113
229000930,4,158,-154
229000937,161,40,121
229000966,48,32,16
229000981,12,34,-22
229000985,3,18,-15
229000986,0,3,-3
229000987,0,0,0
229000988,0,4,-4
229000989,0,4,-4
229000990,0,0,0
229000991,0,0,0
229000992,3,2,1
229000993,78,2,76
229000998,22,22,0
229000999,28,1,27
229001034,1,11,-10
229001035,0,1,-1
229001036,3,35,-32
229001037,11,0,11
229001038,0,0,0
229001039,0,0,0
229001040,0,57,-57
229001041,6,0,6
229001042,6,3,3
229001047,0,31,-31
229001050,3,1,2
229001168,0,13,-13
229001200,1,2,-1
229001338,1,21,-20
229001394,372,9,363
229001422,279,58,221
229001423,33,157,-124
229001431,106,80,26
229001432,29,68,-39
229001444,61,22,39
229001445,8,181,-173
229001479,9,24,-15
229001503,180,111,69
229001504,85,139,-54
229001505,162,72,90
229001506,27,146,-119
229001509,9,1,8
229001510,7,21,-14
229001545,94,10,84
229001546,4,109,-105
229001553,54,17,37
229001554,7,116,-109
229001630,13,5,8
229001631,14,32,-18
229001635,0,2,-2
229001636,0,0,0
229001658,0,84,-84
229001659,173,9,164
229001660,0,2,-2
229001661,1,12,-11
229001662,27,1,26
229001663,0,20,-20
229002584,64,43,21
229002831,84,72,12
229002841,0,41,-41
229002842,1,6,-5
229002843,7,7,0
229002844,11,69,-58
229002845,2,72,-70
229002846,1,11,-10
229002847,0,9,-9
229002848,0,8,-8
229002849,0,32,-32
229002850,4,2,2
229002851,8,62,-54
229002852,12,20,-8
229002853,10,7,3
229002854,7,40,-33
229002855,0,90,-90
229002856,4,5,-1
229002857,0,43,-43
229002858,3,0,3
229002859,12,21,-9
229002860,4,6,-2
229002861,23,9,14
229002862,5,20,-15
229002863,3,21,-18
229002864,0,16,-16
229002865,4,11,-7
229002866,0,8,-8
229002867,2,17,-15
229002868,2,10,-8
229002869,0,113,-113
229002870,3,2,1
235000066,163,127,36
235000067,76,190,-114
235000072,46,65,-19
235000073,72,279,-207
235000074,8,124,-116
235000080,5,68,-63
235000081,66,165,-99
235000082,26,39,-13
235000083,46,60,-14
235000084,4,24,-20
235000085,48,48,0
235000089,5,39,-34
235000092,9,201,-192
235000093,1,4,-3
235000097,3,1,2
235000098,28,27,1
235000099,12,25,-13
235000116,13,41,-28
235000117,619,12,607
235000133,16,195,-179
235000134,17,61,-44
235000206,1,1,0
235000207,1,1,0
235000208,2,2,0
235000209,0,4,-4
235000210,3,1,2
235000212,0,12,-12
235000213,3,5,-2
235000220,0,3,-3
235000221,6,4,2
235000238,3,13,-10
235000239,1,0,1
235000242,165,122,43
235000245,934,147,787
235000246,3,53,-50
235000284,0,64,-64
235000295,0,0,0
235000305,0,0,0
235000306,0,0,0
235000307,0,0,0
235000308,0,0,0
235000309,0,0,0
235000310,0,0,0
235000311,0,2,-2
235000322,0,16,-16
235000323,0,29,-29
235000324,0,12,-12
235000325,0,8,-8
235000326,3,244,-241
235000351,1,31,-30
235000352,4,39,-35
235000353,0,58,-58
235000354,1,31,-30
235000355,0,51,-51
235000356,0,0,0
235000357,0,0,0
235000358,0,0,0
235000359,0,0,0
235000360,0,0,0
235000361,0,0,0
235000381,37,296,-259
235000382,83,48,35
235000390,18,3,15
235000391,66,32,34
235000392,53,111,-58
235000393,61,65,-4
235000395,45,17,28
235000396,107,52,55
235000400,35,10,25
235000401,3,170,-167
235000405,40,520,-480
235000406,17,334,-317
235000407,64,135,-71
235000409,232,162,70
235000410,24,167,-143
235000411,3,58,-55
235000485,0,22,-22
235000486,3,0,3
235000549,33,36,-3
235000550,58,185,-127
235000599,55,124,-69
235000600,8,9,-1
235000601,10,21,-11
235000602,41,77,-36
235000614,0,4,-4
235000648,0,29,-29
235000649,17,3,14
235000685,0,2,-2
235000815,4,43,-39
235000834,0,6,-6
235000855,11,29,-18
235000862,13,201,-188
235000891,0,6,-6
235000892,4,1,3
235000901,135,134,1
235000907,1,2,-1
235001010,8,45,-37
235001029,720,312,408
235001030,633,133,500
235001078,81,47,34
235001079,67,150,-83
235001147,0,25,-25
235001166,74,42,32
235001167,13,65,-52
235001169,6,272,-266
235001188,1,5,-4
235001189,1,1,0
235001197,0,7,-7
235001200,30,23,7
235001207,21,10,11
235001210,6,144,-138
235001215,12,101,-89
235001239,0,36,-36
235001244,1,1,0
235016267,0,8,-8
277101746,0,48,-48
277102712,0,0,0
277103813,0,0,0
277103814,0,0,0
277103898,0,4,-4
277104249,0,4,-4
277104250,0,5,-5
277104251,0,3,-3
277104252,0,0,0
990011530,1,211,-210
990014944,0,514,-514
990015176,4,6,-2
990015618,1,91,-90
990016032,0,287,-287
990032570,25,87,-62
990070001,0,1,-1
990070103,0,3,-3
990070601,0,39,-39
990070751,53,3,50
990070766,3,1002,-999
990071180,7,169,-162
990071343,0,3,-3
990071387,0,3,-3
990071823,53,3,50
990072600,1,523,-522
990072964,3,569,-566
990073285,0,2,-2
990074393,3,1030,-1027
990074870,94,0,94
990075106,43,1,42
990075746,38,3,35
990076437,44,3,41
990076458,6,1026,-1020
997000007,24,0,24
997000041,0,164,-164
997000058,0,1,-1
997000062,0,0,0
997000069,0,2,-2
997000070,1,48,-47
997000100,2,0,2
997000141,0,29,-29
997000198,0,30,-30
998000475,0,23,-23
998000736,1,263,-262
998000965,0,0,0
998001031,1,36,-35
998001700,0,19,-19
998001899,0,4,-4
998001900,5,0,5
998003073,16,1,15
998101900,0,0,0
998102850,0,115,-115
998501927,31,310,-279
998501929,50,2,48
998501930,41,0,41
998501931,32,20,12
998501932,22,2,20
998501933,0,0,0
998501937,0,2,-2
998501944,59,59,0
998501950,0,1,-1
998501970,2,2,0
998501971,0,86,-86
998501973,0,119,-119
998501974,1,197,-196
998501975,11,0,11
998501976,1,0,1
998501977,0,16,-16
998501978,0,1,-1
998501979,0,11,-11
998501980,1,0,1
998501981,1,3,-2
998501982,0,119,-119
998502006,0,0,0
998502024,0,1,-1
998502032,0,2,-2
998502062,3,0,3
998502063,0,0,0
998502173,19,1,18
998502269,0,1,-1
998601159,3,267,-264
998601292,0,13,-13
999033574,1,305,-304
999800001,19,12,7
999800002,0,2,-2
999800003,3,2,1
999800004,0,12,-12
999800005,0,8,-8
