ID,insum,outsum,diff
100000001,728,1107,-379
100000002,2836,1006,1830
100000003,7255,3668,3587
100000004,1760,931,829
100000005,2122,4705,-2583
100000006,577,131,446
100000007,1923,644,1279
100000008,269,799,-530
100000009,406,199,207
100000010,60,48,12
100000011,675,74,601
100000012,120,989,-869
100000013,24,272,-248
100000014,445,363,82
100000015,1580,1661,-81
100000016,1396,1806,-410
100000017,974,1392,-418
100000018,1801,701,1100
100000019,6283,2289,3994
100000020,2282,5492,-3210
100000021,8396,3220,5176
100000022,2154,1341,813
100000023,7487,1467,6020
100000025,3644,779,2865
100000028,1942,1038,904
100000029,294,272,22
100000030,642,79,563
100000031,6893,7213,-320
100000032,2817,3916,-1099
100000033,904,2453,-1549
100000034,924,374,550
100000035,2092,1067,1025
100000036,3234,1226,2008
100000037,499,530,-31
100000038,1540,1076,464
100000039,1108,240,868
100000040,178,146,32
100000041,808,414,394
100000042,806,410,396
100000043,936,445,491
100000044,471,930,-459
100000045,613,1814,-1201
100000046,965,1877,-912
100000047,500,1017,-517
100000048,1017,828,189
100000049,2193,3210,-1017
100000051,587,1468,-881
100000053,64,6,58
100000054,242,36,206
100000055,935,286,649
100000056,332,699,-367
100000057,1897,1078,819
100000058,995,1739,-744
100000059,7,180,-173
100000060,361,399,-38
100000061,2067,605,1462
100000062,1582,722,860
100000063,506,363,143
100000064,1199,424,775
100000065,391,1480,-1089
100000066,263,1325,-1062
100000067,444,1242,-798
100000068,692,2538,-1846
100000069,358,2537,-2179
100000072,546,1479,-933
100000073,1475,1695,-220
100000075,631,392,239
100000076,2739,2331,408
100000077,793,164,629
100000078,89,47,42
100000079,62,55,7
100000080,21,32,-11
100000081,112,78,34
100000102,4601,1415,3186
100000103,4382,1180,3202
100000104,5527,1796,3731
100000105,4107,1120,2987
100000106,3239,1935,1304
100000107,950,573,377
100000108,1233,1279,-46
100000109,5130,1431,3699
100000116,1852,1058,794
100000117,92,55,37
100000118,1736,1194,542
100000119,997,672,325
100000121,400,832,-432
100000122,1908,1115,793
100000123,4220,6404,-2184
100000124,7101,9205,-2104
100000125,3722,1312,2410
100000126,924,345,579
100000127,1988,372,1616
100000128,1391,2108,-717
100000129,685,475,210
100000130,546,783,-237
100000131,3763,4271,-508
100000132,1852,3254,-1402
100000133,8492,3848,4644
100000135,652,1012,-360
100000139,385,299,86
100000140,474,363,111
100000142,419,593,-174
100000143,1163,759,404
100000144,6001,1111,4890
100000147,1226,2608,-1382
100000150,23,597,-574
100000151,1031,784,247
100000153,618,396,222
100000154,156,107,49
100000155,13,65,-52
100000156,145,88,57
100000157,34,270,-236
100000158,151,161,-10
100000159,579,533,46
100000165,1639,829,810
100000169,968,476,492
100000174,2025,585,1440
100000179,115,692,-577
100000180,4184,2220,1964
100000181,172,405,-233
100000188,120,645,-525
100000189,1243,336,907
100000190,747,514,233
100000191,705,449,256
100000192,92,167,-75
100000193,173,148,25
100000330,2217,779,1438
100000355,192,618,-426
100000362,6032,4179,1853
100000363,2856,4226,-1370
100000364,750,196,554
100000365,4390,9510,-5120
100000366,6649,2880,3769
100000367,4613,4937,-324
100000368,2307,2049,258
100000369,1406,1709,-303
100000370,271,458,-187
100000376,95,133,-38
100000379,3480,1532,1948
100000380,4937,2528,2409
100000384,7114,3667,3447
100000385,6885,4481,2404
100000386,10643,4501,6142
100000387,8630,5116,3514
100000388,10564,7242,3322
100000389,10663,6507,4156
100000390,11655,5278,6377
100000391,8584,6749,1835
100000392,6252,2361,3891
100000393,2967,2558,409
100000394,10315,5279,5036
100000395,5767,2062,3705
100000396,7079,2479,4600
100000397,3965,2489,1476
100000398,13752,9390,4362
100900002,4,98,-94
100900003,273,114,159
100900004,43,1135,-1092
100900005,114,17,97
100900006,17,363,-346
100900007,714,13,701
100900008,9,541,-532
100900009,46,66,-20
100900010,90,215,-125
100900011,105,444,-339
100900012,5,276,-271
100900013,1068,8,1060
100900014,4,23,-19
100900015,149,159,-10
100900016,2,55,-53
100900017,1130,100,1030
100900018,1,16,-15
100900019,39,131,-92
100900020,401,5,396
100900021,442,1,441
100900022,12,31,-19
100900023,1,28,-27
100900024,1142,5,1137
100900025,18,15,3
100900026,94,187,-93
100900027,620,3358,-2738
100900028,100,212,-112
100900029,115,20,95
100900030,1,19,-18
100900031,401,97,304
100900032,250,1,249
100900033,250,212,38
100900034,395,2,393
100900035,780,5,775
100900036,18,4,14
100900037,95,354,-259
100900038,116,16,100
100900039,458,1002,-544
100900040,356,1169,-813
100900041,525,1341,-816
100900042,759,374,385
100900043,0,21,-21
100900044,3667,479,3188
100900045,63,3,60
100900046,1341,17,1324
100900047,1218,228,990
100900048,157,41,116
100900049,66,296,-230
100900050,5,29,-24
100900051,106,98,8
100900052,443,38,405
100900053,355,33,322
100900054,8,160,-152
100900055,254,518,-264
100900056,112,306,-194
100900057,982,1058,-76
100900058,275,29,246
100900059,86,1,85
100900060,108,13,95
100900061,401,348,53
100900062,3,107,-104
100900063,189,507,-318
100900064,759,18,741
100900065,109,77,32
100900066,92,129,-37
100900067,10,14,-4
100900068,162,171,-9
100900069,583,14,569
100900070,251,4,247
100900071,843,420,423
100900072,1,68,-67
100900073,113,801,-688
100900074,5,15,-10
100900075,2972,529,2443
100900076,65,102,-37
100900077,24,230,-206
100900078,73,367,-294
100900079,4,39,-35
100900080,28,230,-202
100900081,30,185,-155
100900082,68,982,-914
100900083,7,57,-50
100900085,16,139,-123
100900086,191,886,-695
100900088,95,1022,-927
100900089,2,40,-38
100900090,138,538,-400
100900091,3,38,-35
100900092,269,199,70
100900093,268,375,-107
100900094,126,921,-795
100900095,3,60,-57
100900096,48,146,-98
100900097,2,8,-6
100900098,10,21,-11
100900099,51,908,-857
100900100,27,406,-379
100900101,465,41,424
100900102,95,127,-32
100900103,7,11,-4
100900104,17,253,-236
100900105,18,211,-193
100900106,55,3,52
100900107,2625,727,1898
100900108,6,37,-31
100900109,12,51,-39
100900110,6,60,-54
100900111,43,226,-183
100900112,0,9,-9
100900113,10,32,-22
100900114,5,14,-9
100900115,3,47,-44
100900116,814,877,-63
100900117,312,960,-648
100900118,12,113,-101
100900119,5,29,-24
100900120,1,18,-17
100900121,306,621,-315
100900122,194,266,-72
100900123,72,171,-99
100900124,14,10,4
100900125,19,128,-109
100900126,129,327,-198
100900127,0,10,-10
100900128,126,193,-67
100900129,0,154,-154
100900131,87,200,-113
100900133,51,53,-2
100900134,7,16,-9
100900135,0,167,-167
100900137,467,251,216
100900138,648,460,188
100900139,19,6,13
100900140,4,1047,-1043
100900141,3,459,-456
100900142,4,18,-14
100900143,1047,473,574
100900144,20,7,13
100900145,69,168,-99
100900146,1,51,-50
100900147,21,327,-306
100900148,38,1365,-1327
100900149,28,141,-113
100900150,5,46,-41
100900151,170,814,-644
100900152,236,20,216
100900153,9,198,-189
100900154,6,50,-44
100900155,13,16,-3
100900156,47,6,41
100900157,6,116,-110
100900158,1372,441,931
100900159,2,31,-29
100900160,9,18,-9
100900161,195,9,186
100900162,34,266,-232
100900163,214,259,-45
100900164,42,56,-14
100900165,52,51,1
100900166,45,7,38
100900167,24,114,-90
100900168,33,145,-112
100900169,216,1291,-1075
100900170,34,24,10
100900171,24,871,-847
100900172,0,18,-18
100900173,13,895,-882
100900174,514,61,453
100900176,1628,176,1452
100900177,1144,460,684
100900178,553,242,311
100900179,117,125,-8
100900180,1,1,0
100900181,157,97,60
100900182,36,21,15
100900184,9,215,-206
100900186,1285,767,518
100900187,7,192,-185
100900188,76,23,53
100900189,1177,236,941
100900191,1636,1070,566
100900192,431,312,119
100900195,143,206,-63
100900197,25,158,-133
100900198,38,512,-474
100900199,19,33,-14
100900200,764,577,187
100900201,107,1255,-1148
100900202,29,0,29
100900203,0,114,-114
100900204,591,625,-34
100900205,156,521,-365
100900206,183,97,86
100900207,159,119,40
100900210,137,1570,-1433
100900211,396,134,262
100900213,36,33,3
100900214,1305,89,1216
100900215,14,53,-39
100900217,8,3,5
101000001,5488,2227,3261
101000002,5077,6029,-952
101000003,1142,2497,-1355
101000004,12283,9567,2716
101000005,6363,5950,413
101000006,10411,8573,1838
101000007,3537,3719,-182
101000008,5414,3451,1963
101000009,1972,2722,-750
101000010,1100,2169,-1069
101000011,3224,1015,2209
101000012,2646,722,1924
101000013,791,1334,-543
101000014,795,1037,-242
101000015,814,967,-153
101000016,770,468,302
101000017,738,710,28
101000018,5088,3337,1751
101000020,4879,1608,3271
101000021,1876,417,1459
101000022,624,101,523
101000023,2036,792,1244
101000025,286,498,-212
101000026,446,24,422
101000027,2446,1634,812
101000028,976,137,839
101000029,175,953,-778
101000030,1753,95,1658
101000031,991,517,474
101000032,8387,2927,5460
101000033,3268,2624,644
101000034,3450,1332,2118
101000035,1626,513,1113
101000036,2111,486,1625
101000037,5512,1478,4034
101000039,4159,2052,2107
101000040,5722,3961,1761
101000041,19513,6526,12987
101000042,1430,1066,364
101000043,13907,6595,7312
101000045,2422,718,1704
101000046,2999,800,2199
101000047,1983,1927,56
101000048,1479,1352,127
101000049,1051,1462,-411
101000050,4582,3162,1420
101000051,4317,2314,2003
101000052,2071,838,1233
101000053,1670,1600,70
101000054,2920,1685,1235
101000055,2134,1500,634
101000056,99,101,-2
101000057,3470,785,2685
101000058,2573,1176,1397
101000059,4718,2050,2668
101000060,2580,480,2100
101000061,1492,1289,203
101000062,1294,839,455
101000063,871,710,161
101000064,1723,542,1181
101000065,330,346,-16
101000066,672,300,372
101000067,1334,628,706
101000068,513,310,203
101000069,527,99,428
101000070,2039,1433,606
101000071,2925,1120,1805
101000072,1553,4895,-3342
101000073,1008,839,169
101000074,6689,5430,1259
101000075,8242,5283,2959
101000077,1353,2300,-947
101000078,1326,2497,-1171
101000079,533,1024,-491
101000080,618,618,0
101000081,1398,2005,-607
101000082,4365,3678,687
101000083,2346,2360,-14
101000084,1913,1333,580
101000085,1954,1466,488
101000086,1462,1814,-352
101000087,1286,1828,-542
101000088,1314,1372,-58
101000089,1186,1766,-580
101000090,3235,2174,1061
101000091,493,2462,-1969
101000092,891,1379,-488
101000093,1905,1117,788
101000094,1122,1884,-762
101000095,332,1158,-826
101000096,352,791,-439
101000097,933,409,524
101000098,850,657,193
101000099,1396,1792,-396
101000100,1350,1026,324
101000101,628,466,162
101000102,1649,368,1281
101000103,1241,570,671
101000104,553,540,13
101000105,1545,520,1025
101000106,1605,1167,438
101000107,211,415,-204
101000108,2107,417,1690
101000109,187,112,75
101000110,46,984,-938
101000111,198,388,-190
101000113,272,901,-629
101000114,5621,2263,3358
101000115,186,159,27
101000116,306,207,99
101000117,1810,384,1426
101000119,170,51,119
101000120,234,41,193
101000121,95,33,62
101000122,160,60,100
101000123,64,72,-8
101000124,186,249,-63
101000125,234,589,-355
101000128,1267,405,862
101000130,404,466,-62
101000131,755,988,-233
101000132,575,2549,-1974
101000135,88,31,57
101000136,369,138,231
101000137,22,334,-312
101000141,2545,2514,31
101000147,890,619,271
101000148,2475,39,2436
101000149,316,249,67
101000150,73,1597,-1524
101000151,135,100,35
101000152,409,369,40
101000153,673,724,-51
101000154,191,2862,-2671
101000155,198,220,-22
101000156,21,325,-304
101000157,72,52,20
101000160,101,53,48
101000163,213,115,98
101000164,531,547,-16
101000165,315,476,-161
101000166,428,569,-141
101000168,865,399,466
101000252,1551,1102,449
101000254,750,66,684
101000258,41,6,35
101000261,78,374,-296
101000262,1088,1200,-112
101000263,496,1381,-885
101000265,99,636,-537
101000266,526,455,71
101000269,171,13,158
101000290,2698,3175,-477
101000293,48,108,-60
101000294,729,686,43
101000295,160,668,-508
101000301,1076,365,711
101000304,2540,2795,-255
101000305,2722,2053,669
101900001,29,108,-79
101900002,0,30,-30
101900003,114,127,-13
101900004,8,52,-44
101900005,8174,1863,6311
101900006,1123,68,1055
101900007,695,154,541
101900008,213,347,-134
101900009,78,506,-428
101900010,1218,914,304
101900011,489,1756,-1267
101900012,171,614,-443
101900013,1876,202,1674
101900017,31,159,-128
101900018,2371,279,2092
101900019,411,176,235
101900020,613,382,231
101900021,1,110,-109
101900022,186,2121,-1935
101900023,134,387,-253
102000001,3444,4683,-1239
102000002,3567,1739,1828
102000003,5073,7415,-2342
102000004,11654,4194,7460
102000005,1772,2848,-1076
102000006,2024,2377,-353
102000007,1845,5711,-3866
102000008,6937,2671,4266
102000009,6383,9484,-3101
102000010,7037,5083,1954
102000011,3081,2788,293
102000012,4287,4299,-12
102000018,4796,3550,1246
102000019,3746,2165,1581
102000026,304,1121,-817
102000029,511,305,206
102000030,92,429,-337
102000031,67,332,-265
102000032,406,489,-83
102000033,215,598,-383
102000034,687,818,-131
102000035,1401,1004,397
102000036,27,465,-438
102000037,236,123,113
102000038,491,170,321
102000039,447,57,390
102000040,945,236,709
102000041,386,354,32
102000042,478,167,311
102000043,844,304,540
102000044,669,790,-121
102000045,939,1712,-773
102000046,1240,682,558
102000047,961,1843,-882
102000048,311,1021,-710
102000049,1500,970,530
102000050,1485,1571,-86
102000051,561,818,-257
102000052,1899,1305,594
102000053,1245,1170,75
102000054,602,1256,-654
102000055,986,1792,-806
102000056,888,2494,-1606
102000057,1808,946,862
102000058,1623,3594,-1971
102000059,1397,2598,-1201
102000060,1369,1501,-132
102000061,1487,3627,-2140
102000062,1337,1985,-648
102000063,1623,1984,-361
102000064,675,859,-184
102000065,67,201,-134
102000066,1156,2302,-1146
102000067,3297,4163,-866
102000068,13626,4123,9503
102000069,52,2728,-2676
102000070,2263,67,2196
102000071,9345,12334,-2989
102000072,3900,8293,-4393
102000073,1529,1542,-13
102000074,879,1473,-594
102000075,270,516,-246
102000076,252,1043,-791
102000077,435,1842,-1407
102000078,749,1323,-574
102000079,259,521,-262
102000080,382,415,-33
102000081,402,1184,-782
102000082,1080,468,612
102000083,479,688,-209
102000084,150,500,-350
102000085,1995,1597,398
102000086,1266,1702,-436
102000087,936,2481,-1545
102000088,250,411,-161
102000089,1255,665,590
102000090,491,1446,-955
102000091,1844,642,1202
102000092,554,1266,-712
102000093,877,844,33
102000094,1363,843,520
102000095,1421,2153,-732
102000096,1325,1333,-8
102000097,1713,1818,-105
102000098,809,1827,-1018
102000099,1492,903,589
102000100,1178,1764,-586
102000101,1822,814,1008
102000102,404,3415,-3011
102000103,1914,609,1305
102000104,1459,493,966
102000105,300,1097,-797
102000106,743,1409,-666
102000107,875,898,-23
102000108,542,403,139
102000109,444,910,-466
102000110,766,2486,-1720
102000111,13,453,-440
102000112,179,98,81
102000113,11,31,-20
102000114,1555,493,1062
102000115,200,303,-103
102000116,765,317,448
102000117,337,748,-411
102000118,2542,1288,1254
102000119,3195,957,2238
102000120,233,752,-519
102000121,1042,894,148
102000122,570,1186,-616
102000123,2003,1421,582
102000124,2001,1344,657
102000125,1111,1250,-139
102000126,1003,1018,-15
102000127,1136,953,183
102000128,653,1602,-949
102000129,1166,1225,-59
102000130,520,1271,-751
102000131,1906,1662,244
102000132,812,2179,-1367
102000133,1410,2960,-1550
102000134,606,982,-376
102000135,1294,1323,-29
102000136,1504,788,716
102000137,1287,1158,129
102000138,332,613,-281
102000139,154,440,-286
102000140,406,388,18
102000141,494,723,-229
102000142,262,552,-290
102000143,129,740,-611
102000144,194,606,-412
102000145,338,645,-307
102000146,360,439,-79
102000147,412,395,17
102000148,289,413,-124
102000149,183,952,-769
102000150,222,412,-190
102000151,174,568,-394
102000152,132,320,-188
102000153,1126,513,613
102000154,586,957,-371
102000155,162,429,-267
102000156,539,84,455
102000157,225,268,-43
102000158,603,366,237
102000159,2561,500,2061
102000161,6296,2425,3871
102000162,237,194,43
102000163,119,727,-608
102000164,1639,1153,486
102000165,313,209,104
102000166,19,160,-141
102000167,187,255,-68
102000168,222,152,70
102000169,128,646,-518
102000170,988,178,810
102000171,282,149,133
102000172,165,332,-167
102000173,525,329,196
102000174,92,89,3
102000175,194,265,-71
102000176,49,57,-8
102000178,301,776,-475
102000179,306,355,-49
102000180,687,884,-197
102000181,475,971,-496
102000182,543,1042,-499
102000183,1686,3114,-1428
102000184,1667,1280,387
102000185,2112,2405,-293
102000186,969,2895,-1926
102000187,822,2561,-1739
102000188,820,2156,-1336
102000189,4050,1512,2538
102000190,907,3716,-2809
102000191,1623,777,846
102000192,1108,1447,-339
102000193,62,269,-207
102000194,97,179,-82
102000195,489,860,-371
102000196,210,953,-743
102000197,556,851,-295
102000198,183,1462,-1279
102000199,598,564,34
102000200,335,2068,-1733
102000201,677,736,-59
102000202,10,230,-220
102000203,420,489,-69
102000204,393,1517,-1124
102000205,1052,911,141
102000206,806,1196,-390
102000207,1123,589,534
102000208,501,851,-350
102000209,54,70,-16
102000210,448,743,-295
102000211,631,850,-219
102000212,203,21,182
102000213,2,646,-644
102000214,229,30,199
102000215,12,943,-931
102000216,41,73,-32
102000217,15,325,-310
102000218,180,147,33
102000219,661,576,85
102000225,874,1157,-283
102000226,5980,1954,4026
102000227,228,2,226
102000228,3,170,-167
102000229,23,57,-34
102000230,404,913,-509
102000231,403,766,-363
102000232,10,326,-316
102000233,516,1093,-577
102000234,135,1569,-1434
102000236,404,121,283
102000237,813,251,562
102000238,198,559,-361
102000240,727,700,27
102000241,235,201,34
102000243,15,102,-87
102000245,45,104,-59
102000246,31,48,-17
102000247,454,1165,-711
102000248,221,548,-327
102000249,174,295,-121
102000250,85,690,-605
102000254,47,531,-484
102000266,90,318,-228
102000271,34,0,34
102000286,782,557,225
102000297,2193,1412,781
102000299,0,0,0
102000301,0,0,0
102000302,0,0,0
102000303,0,0,0
102000304,0,0,0
102000305,0,0,0
102000306,0,0,0
102000307,1,4,-3
102000308,0,4,-4
102900001,1395,1818,-423
102900002,427,54,373
102900003,69,434,-365
102900005,319,636,-317
102900006,594,385,209
102900007,470,47,423
102900008,311,185,126
102900009,592,305,287
102900010,912,654,258
102900011,2536,505,2031
102900012,444,88,356
102900013,26,76,-50
102900015,1125,553,572
102900016,72,191,-119
102900017,105,768,-663
102900018,12,164,-152
102900019,484,854,-370
102900020,126,75,51
102900021,19,165,-146
102900022,532,112,420
102900023,20,72,-52
102900024,17,71,-54
102900025,364,145,219
102900026,923,1712,-789
102900027,51,89,-38
102900028,133,725,-592
102900029,226,206,20
102900030,475,334,141
102900031,150,225,-75
102900032,94,219,-125
102900033,62,202,-140
102900034,312,211,101
102900035,101,649,-548
102900036,189,864,-675
102900037,234,1029,-795
102900038,443,982,-539
102900039,31,488,-457
102900040,186,378,-192
102900041,105,325,-220
102900042,159,517,-358
102900043,167,415,-248
102900044,808,2867,-2059
102900045,96,816,-720
102900046,138,500,-362
102900047,100,1073,-973
102900048,685,894,-209
102900049,121,626,-505
102900050,390,522,-132
102900051,217,318,-101
102900052,80,44,36
102900053,475,1086,-611
102900054,1395,1331,64
102900055,185,206,-21
102900056,168,652,-484
102900057,10,36,-26
102900058,455,95,360
102900059,13,51,-38
102900060,134,686,-552
102900061,145,787,-642
102900062,191,1935,-1744
102900063,1023,583,440
102900064,173,629,-456
102900065,2549,671,1878
102900066,432,109,323
102900068,131,126,5
102900070,236,1025,-789
102900072,12,32,-20
102900073,145,15,130
102900074,428,251,177
102900075,14,30,-16
102900076,415,74,341
102900077,50,23,27
102900078,82,89,-7
102900079,251,14,237
102900080,409,50,359
102900081,90,564,-474
102900082,11,368,-357
102900083,297,6,291
102900084,5,29,-24
102900085,241,92,149
102900086,7,87,-80
102900087,122,190,-68
102900088,53,39,14
102900089,321,163,158
102900090,2,739,-737
102900091,183,5,178
102900092,523,1284,-761
102900093,395,398,-3
102900094,4,113,-109
102900095,139,3,136
102900096,29,15,14
102900097,43,210,-167
103000001,2957,3457,-500
103000002,3072,2956,116
103000003,6598,3635,2963
103000004,1330,966,364
103000005,2979,3289,-310
103000006,701,1836,-1135
103000007,462,1228,-766
103000008,1310,1452,-142
103000009,1406,1297,109
103000010,160,195,-35
103000011,2108,1698,410
103000012,1491,1809,-318
103000013,8284,2834,5450
103000014,1570,2695,-1125
103000015,3631,1112,2519
103000016,622,1417,-795
103000017,210,457,-247
103000018,1713,549,1164
103000019,312,281,31
103000020,2479,1979,500
103000021,1752,1719,33
103000022,1369,1488,-119
103000023,639,1960,-1321
103000024,149,237,-88
103000025,91,540,-449
103000026,2395,220,2175
103000027,289,693,-404
103000028,734,504,230
103000029,452,336,116
103000030,2689,1022,1667
103000031,1858,2164,-306
103000032,2252,2593,-341
103000033,3193,3383,-190
103000034,2250,1355,895
103000035,670,1614,-944
103000036,561,727,-166
103000037,702,699,3
103000038,661,1368,-707
103000039,312,615,-303
103000040,441,1797,-1356
103000041,2023,3951,-1928
103000042,964,1054,-90
103000043,469,1918,-1449
103000044,188,320,-132
103000046,348,638,-290
103000047,749,1044,-295
103000048,223,319,-96
103000049,150,310,-160
103000050,834,1082,-248
103000051,501,831,-330
103000052,946,746,200
103000053,261,719,-458
103000054,2507,1790,717
103000055,1803,2733,-930
103000056,800,3398,-2598
103000057,433,468,-35
103000058,654,1507,-853
103000059,398,1123,-725
103000060,813,1186,-373
103000061,364,1234,-870
103000062,1279,1136,143
103000063,742,984,-242
103000064,148,387,-239
103000065,4,521,-517
103000066,163,8,155
103000069,270,508,-238
103000070,988,1765,-777
103000071,1138,525,613
103000072,144,1380,-1236
103000073,622,198,424
103000074,754,121,633
103000075,164,1398,-1234
103000076,355,305,50
103000077,57,615,-558
103000078,1738,610,1128
103000079,2224,583,1641
103000080,1453,435,1018
103000081,798,1136,-338
103000082,576,341,235
103000083,140,451,-311
103000084,239,14,225
103000085,2,99,-97
103000086,987,505,482
103000087,235,721,-486
103000088,579,439,140
103000089,358,532,-174
103000090,1817,1148,669
103000091,661,546,115
103000092,350,372,-22
103000093,388,750,-362
103000094,203,148,55
103000095,50,534,-484
103000096,779,176,603
103000097,72,959,-887
103000098,1105,263,842
103000099,410,879,-469
103000100,110,1462,-1352
103000101,838,228,610
103000102,146,1187,-1041
103000103,626,361,265
103000104,75,248,-173
103000105,121,207,-86
103000106,31,170,-139
103000107,433,99,334
103000108,667,743,-76
103000109,495,431,64
103000110,464,516,-52
103000111,708,538,170
103000112,379,234,145
103000113,970,873,97
103000114,1455,597,858
103000115,535,770,-235
103000116,628,812,-184
103000117,347,786,-439
103000118,2188,1465,723
103000119,2688,724,1964
103000120,87,108,-21
103000121,505,976,-471
103000122,552,386,166
103000125,9,655,-646
103000126,563,9,554
103000127,1,328,-327
103000128,145,5,140
103000129,2,215,-213
103000130,46,37,9
103000131,278,130,148
103000132,103,210,-107
103000133,6,176,-170
103000134,820,999,-179
103000135,1113,387,726
103000136,1239,520,719
103000137,835,765,70
103000138,1130,932,198
103000139,7,92,-85
103000140,231,25,206
103000141,39,155,-116
103000142,134,117,17
103000143,109,263,-154
103000144,255,147,108
103000145,51,25,26
103000150,95,64,31
103000152,457,285,172
103000153,342,194,148
103000156,4,695,-691
103000157,328,3,325
103000159,167,136,31
103000162,144,20,124
103000163,10,36,-26
103000164,52,14,38
103000165,317,632,-315
103000166,227,279,-52
103000167,317,151,166
103000168,105,250,-145
103000169,210,477,-267
103000170,538,676,-138
103000171,32,91,-59
103000172,488,1183,-695
103000173,362,1126,-764
103000174,186,510,-324
103000175,200,630,-430
103000176,1257,452,805
103000177,1042,593,449
103000178,536,416,120
103000179,223,55,168
103000183,133,92,41
103000185,93,147,-54
103000186,98,245,-147
103000187,417,1069,-652
103000188,18,102,-84
103000189,1255,1585,-330
103000191,643,1195,-552
103000292,3660,1391,2269
103000293,1951,2110,-159
103000295,107,112,-5
103000296,278,2,276
103000297,181,58,123
103000504,239,48,191
103000505,13,16,-3
103000506,4,265,-261
103000507,158,3,155
103000508,68,35,33
103000509,335,736,-401
103900001,16,722,-706
103900002,2596,239,2357
103900003,2713,227,2486
103900004,70,5,65
103900005,2,384,-382
103900006,0,0,0
103900007,29,0,29
103900008,34,2,32
103900009,236,508,-272
103900010,166,403,-237
103900011,176,352,-176
103900012,6,17,-11
103900013,39,134,-95
103900014,42,46,-4
103900015,31,23,8
103900016,323,373,-50
103900017,57,137,-80
103900018,687,248,439
103900019,66,320,-254
103900020,280,686,-406
103900021,1123,46,1077
103900022,1142,764,378
103900023,123,2,121
103900024,111,1142,-1031
103900025,9,72,-63
103900026,96,0,96
103900027,679,442,237
103900028,23,310,-287
103900029,1104,102,1002
103900030,310,34,276
103900031,17,3,14
103900032,61,38,23
103900033,110,20,90
103900034,34,411,-377
103900035,113,111,2
103900036,51,33,18
103900037,55,69,-14
103900038,78,175,-97
103900039,51,624,-573
103900040,10,354,-344
103900041,38,78,-40
103900042,32,596,-564
103900043,111,184,-73
103900044,349,275,74
103900045,270,239,31
103900047,49,43,6
103900048,61,31,30
103900049,275,2241,-1966
103900050,4,113,-109
103900051,1,36,-35
103900052,214,906,-692
103900053,88,1621,-1533
103900054,92,842,-750
103900055,432,311,121
103900056,34,36,-2
103900057,27,345,-318
103900058,187,1147,-960
103900059,0,6,-6
103900060,60,422,-362
103900061,87,113,-26
103900062,304,87,217
103900063,3,0,3
103900064,78,8,70
103900065,1042,668,374
103900066,106,15,91
103900067,139,10,129
103900068,5,1,4
103900069,107,13,94
103900070,190,450,-260
103900071,36,240,-204
103900072,9,508,-499
103900073,31,47,-16
103900074,71,158,-87
103900075,89,82,7
103900076,390,1055,-665
103900077,125,112,13
103900078,167,147,20
103900079,174,327,-153
103900080,11,29,-18
103900081,108,14,94
103900082,11,177,-166
103900083,2329,726,1603
103900084,46,205,-159
103900085,104,113,-9
103900086,519,413,106
103900087,32,115,-83
103900088,439,406,33
103900089,58,205,-147
103900090,2,358,-356
103900091,1214,330,884
103900092,557,690,-133
103900093,123,502,-379
103900094,13,183,-170
103900095,277,225,52
103900096,40,372,-332
103900097,12,727,-715
103900098,222,108,114
103900099,58,395,-337
103900100,233,594,-361
103900101,79,1422,-1343
103900102,0,37,-37
103900104,0,61,-61
103900105,121,228,-107
103900106,0,16,-16
103900107,160,493,-333
103900108,42,526,-484
103900109,69,154,-85
103900110,284,64,220
103900111,61,1214,-1153
103900112,46,77,-31
103900113,157,299,-142
103900114,654,474,180
103900115,362,162,200
103900116,8340,2329,6011
103900117,279,185,94
103900119,44,72,-28
103900120,26,159,-133
103900122,61,521,-460
103900123,2286,600,1686
103900124,49,215,-166
103900125,72,100,-28
103900126,471,897,-426
103900127,179,1450,-1271
103900128,83,360,-277
103900131,20,119,-99
103900133,1177,50,1127
103900134,1,3,-2
103900135,4,13,-9
103900137,0,76,-76
103900138,57,508,-451
103900139,261,1448,-1187
103900140,22,81,-59
103900141,322,123,199
103900142,95,284,-189
103900143,58,5,53
103900144,2,101,-99
103900145,201,506,-305
103900146,266,561,-295
103900147,362,179,183
103900148,207,287,-80
103900149,191,1051,-860
103900150,11144,3667,7477
103900151,86,260,-174
103900152,324,1022,-698
103900153,12,2,10
103900154,1883,1395,488
103900155,33,358,-325
103900156,32,262,-230
103900157,34,467,-433
103900158,70,364,-294
103900159,96,143,-47
103900160,53,43,10
103900161,99,284,-185
103900162,54,408,-354
103900163,12,578,-566
103900164,261,42,219
103900167,20,132,-112
103900168,126,245,-119
103900169,29,91,-62
103900170,2,181,-179
103900171,0,110,-110
103900172,18,50,-32
103900173,4,17,-13
103900174,141,87,54
103900175,73,53,20
103900176,13,45,-32
103900177,8,58,-50
103900178,40,139,-99
103900179,42,353,-311
103900180,16,211,-195
103900181,63,83,-20
103900182,57,38,19
103900184,926,99,827
103900185,612,260,352
103900187,96,72,24
103900188,41,28,13
103900189,123,11,112
103900190,100,89,11
103900191,58,83,-25
103900192,65,184,-119
103900193,267,250,17
103900194,104,522,-418
103900195,8,39,-31
103900196,26,25,1
103900197,4,50,-46
103900198,13,81,-68
103900199,111,146,-35
103900200,196,244,-48
103900201,126,283,-157
103900202,11,75,-64
103900203,34,27,7
103900204,4,202,-198
103900207,6,270,-264
103900208,93,3,90
103900209,10,169,-159
103900210,46,38,8
103900211,505,972,-467
103900212,131,677,-546
103900213,114,321,-207
103900214,474,178,296
103900215,632,325,307
103900216,18,1100,-1082
103900217,529,104,425
103900218,2,463,-461
103900219,133,631,-498
103900233,149,5,144
103900235,77,29,48
103900236,36,3,33
103900242,6,12,-6
103900243,8,9,-1
103900244,116,502,-386
103900245,137,376,-239
103900246,58,46,12
103900247,64,153,-89
103900248,19,44,-25
103900249,21,72,-51
103900250,82,22,60
103900251,1,57,-56
103900253,21,99,-78
103900254,6,63,-57
103900255,22,16,6
103900256,22,26,-4
103900257,76,163,-87
103900258,44,9,35
103900259,70,7,63
103900261,14,5,9
103900262,28,4,24
103900263,88,74,14
103900264,94,38,56
103900265,137,17,120
103900266,2,74,-72
103900267,7,51,-44
103900268,0,30,-30
103900269,23,53,-30
103900270,9,47,-38
104000001,2433,2999,-566
104000002,2302,4477,-2175
104000003,2951,3027,-76
104000004,4272,4023,249
104000005,1481,2663,-1182
104000006,3412,4233,-821
104000007,5290,5479,-189
104000008,380,642,-262
104000009,165,156,9
104000010,188,260,-72
104000011,1321,546,775
104000012,222,733,-511
104000013,199,192,7
104000014,278,1070,-792
104000015,299,261,38
104000016,744,630,114
104000018,694,253,441
104000019,603,150,453
104000020,285,1197,-912
104000021,405,1055,-650
104000022,197,466,-269
104000023,666,505,161
104000024,272,675,-403
104000026,52,477,-425
104000027,451,727,-276
104000028,413,402,11
104000029,602,854,-252
104000030,328,399,-71
104000031,1053,494,559
104000032,295,562,-267
104000033,558,698,-140
104000034,355,566,-211
104000035,733,641,92
104000036,732,1018,-286
104000037,386,414,-28
104000038,381,431,-50
104000039,238,601,-363
104000040,722,651,71
104000041,579,539,40
104000042,231,627,-396
104000043,433,577,-144
104000044,353,1124,-771
104000045,1233,1827,-594
104000046,2069,2261,-192
104000047,1069,1967,-898
104000048,1386,2767,-1381
104000049,447,488,-41
104000050,236,976,-740
104000051,135,1183,-1048
104000052,1402,2269,-867
104000053,754,892,-138
104000054,640,792,-152
104000055,4424,3904,520
104000056,2112,371,1741
104000057,160,646,-486
104000058,734,1055,-321
104000059,605,1750,-1145
104000060,848,1574,-726
104000061,1452,1999,-547
104000062,249,201,48
104000064,625,433,192
104000065,189,636,-447
104000069,2230,1040,1190
104000070,85,478,-393
104000071,152,558,-406
104000072,572,271,301
104000075,106,395,-289
104000076,646,123,523
104000082,2334,3525,-1191
104000083,891,298,593
104000084,128,663,-535
104000085,344,359,-15
104000086,212,598,-386
104000087,555,1808,-1253
104000090,824,2556,-1732
104000092,938,4365,-3427
104000094,1017,3229,-2212
104000095,1867,2032,-165
104000096,1662,685,977
104000097,1629,1810,-181
104000098,1598,1993,-395
104000100,1483,1031,452
104000101,1145,3776,-2631
104000106,128,847,-719
104000107,652,780,-128
104000108,550,885,-335
104000109,373,86,287
104000110,1022,1535,-513
104000111,8224,2982,5242
104000112,3352,888,2464
104000116,5,2113,-2108
104000117,136,1707,-1571
104000118,393,444,-51
104000119,457,394,63
104000120,206,1530,-1324
104000121,248,1016,-768
104000122,547,886,-339
104000123,1253,1766,-513
104000124,1840,4820,-2980
104000125,7411,4696,2715
104000126,525,692,-167
104000127,1799,4673,-2874
104000128,1041,645,396
104000129,619,29,590
104000130,5,401,-396
104000131,1300,856,444
104000132,896,1137,-241
104000133,1167,1326,-159
104000134,974,2034,-1060
104000135,488,2207,-1719
104000136,1025,4656,-3631
104000137,1977,481,1496
104000138,1805,627,1178
104000139,11183,4604,6579
104000141,1617,2710,-1093
104000142,824,1485,-661
104000143,766,1032,-266
104000144,75,259,-184
104000145,502,269,233
104000146,494,778,-284
104000147,177,554,-377
104000148,394,197,197
104000149,243,538,-295
104000150,951,753,198
104000151,534,928,-394
104000152,513,1134,-621
104000153,541,714,-173
104000154,1240,1098,142
104000155,509,574,-65
104000157,1380,2614,-1234
104000158,562,418,144
104000159,776,584,192
104000160,2060,2312,-252
104000161,406,312,94
104000162,74,203,-129
104000165,2003,1579,424
104000167,570,977,-407
104000168,574,13,561
104000169,79,99,-20
104000170,876,569,307
104000248,425,1685,-1260
104000251,138,498,-360
104000272,0,0,0
104000273,0,0,0
104000274,0,0,0
104000275,0,0,0
104000279,1040,611,429
104000290,97,588,-491
104000291,681,1631,-950
104000293,853,1082,-229
104000294,27,0,27
104000295,681,1175,-494
104000296,394,1203,-809
104000297,1155,2229,-1074
104000298,2307,1274,1033
104000299,816,2250,-1434
104900001,161,697,-536
104900002,87,135,-48
104900003,72,528,-456
104900004,90,502,-412
104900005,199,227,-28
104900006,194,108,86
104900007,244,340,-96
104900009,163,674,-511
104900010,60,44,16
104900011,19,12,7
104900012,171,26,145
104900013,124,14,110
104900014,5022,569,4453
104900015,139,8,131
104900016,190,508,-318
104900017,118,255,-137
104900018,12,340,-328
104900019,414,2159,-1745
104900020,57,414,-357
104900021,2,426,-424
104900022,16,203,-187
104900023,3,229,-226
104900024,20,163,-143
104900025,66,665,-599
104900026,3,228,-225
104900027,370,371,-1
104900028,18,138,-120
104900029,32,203,-171
104900030,520,337,183
104900031,186,319,-133
104900032,63,295,-232
104900033,165,309,-144
104900034,325,158,167
104900035,280,183,97
104900036,197,95,102
104900037,134,577,-443
104900038,916,701,215
104900039,1484,268,1216
104900040,315,154,161
104900041,239,270,-31
104900042,133,524,-391
104900043,12,106,-94
104900044,479,267,212
104900045,387,100,287
104900046,165,168,-3
104900047,326,186,140
104900048,266,169,97
104900049,29,36,-7
104900050,204,127,77
104900051,298,97,201
104900052,55,1,54
104900053,414,111,303
104900054,139,73,66
104900055,114,0,114
104900056,246,23,223
104900057,24,0,24
104900058,1049,400,649
104900059,65,73,-8
104900060,1,597,-596
104900061,423,911,-488
104900063,0,260,-260
104900064,0,233,-233
104900065,2,223,-221
104900066,7,384,-377
104900067,5,444,-439
104900068,15,374,-359
104900070,189,365,-176
104900071,9,1264,-1255
104900072,68,334,-266
104900073,62,610,-548
104900074,85,368,-283
104900075,76,179,-103
104900076,138,596,-458
104900077,2347,224,2123
104900078,208,1026,-818
104900079,163,317,-154
104900080,90,808,-718
104900082,7,539,-532
104900085,23,389,-366
104900087,471,12,459
104900089,119,0,119
104900090,774,860,-86
104900091,692,1463,-771
104900093,283,869,-586
104900097,4879,2017,2862
104900098,108,32,76
104900099,295,632,-337
104900100,1165,403,762
104900102,48,435,-387
104900103,626,166,460
104900104,5312,2082,3230
104900106,89,164,-75
104900107,81,453,-372
104900108,49,500,-451
104900109,71,287,-216
104900110,19,82,-63
104900111,213,264,-51
104900112,267,1521,-1254
104900113,772,744,28
104900114,301,1113,-812
104900115,637,925,-288
104900116,202,355,-153
104900118,30,117,-87
104900119,3,43,-40
104900120,60,114,-54
104900121,2,188,-186
104900122,4,173,-169
104900123,32,10,22
104900124,22,2,20
104900125,639,31,608
104900126,100,115,-15
104900127,29,75,-46
104900128,95,152,-57
104900129,4550,1728,2822
105000001,2858,2628,230
105000002,3087,2608,479
105000003,4322,4936,-614
105000004,600,1677,-1077
105000005,871,1734,-863
105000006,1348,2399,-1051
105000007,1414,1940,-526
105000008,1674,2840,-1166
105000009,1698,3658,-1960
105000010,4227,4200,27
105000011,2553,3030,-477
105000012,5024,4556,468
105000013,864,1132,-268
105000014,1640,2564,-924
105000015,12025,10103,1922
105000016,5674,2914,2760
105000017,2199,1671,528
105000018,1758,1336,422
105000019,1996,1306,690
105000020,251,432,-181
105000021,351,173,178
105000022,211,66,145
105000023,692,291,401
105000028,104,210,-106
105000029,489,1415,-926
105000030,4995,5275,-280
105000033,1075,3055,-1980
105000034,298,850,-552
105000037,850,940,-90
105000038,1983,1936,47
105000039,3609,2832,777
105000040,855,1249,-394
105000041,714,2009,-1295
105000042,3404,1779,1625
105000043,2515,3342,-827
105000044,482,538,-56
105000045,460,1437,-977
105000046,929,567,362
105000047,604,2090,-1486
105000048,776,342,434
105000049,313,1134,-821
105000050,578,618,-40
105000051,332,859,-527
105000052,566,1716,-1150
105000053,206,299,-93
105000054,275,1576,-1301
105000055,585,907,-322
105000056,1317,4388,-3071
105000057,1293,1574,-281
105000058,1904,2321,-417
105000059,721,934,-213
105000060,797,1243,-446
105000061,542,775,-233
105000062,1381,1911,-530
105000063,496,1133,-637
105000064,1296,1022,274
105000065,502,1537,-1035
105000066,1706,3416,-1710
105000067,1168,880,288
105000068,834,1438,-604
105000069,5674,1333,4341
105000070,1336,1088,248
105000071,463,810,-347
105000072,582,1577,-995
105000073,990,824,166
105000074,1151,1304,-153
105000075,762,1272,-510
105000076,1745,1368,377
105000077,2627,993,1634
105000078,1969,1577,392
105000079,2403,2303,100
105000080,2563,1472,1091
105000081,2119,1062,1057
105000082,1003,745,258
105000083,2347,1512,835
105000084,851,1752,-901
105000085,1597,1444,153
105000086,684,1245,-561
105000087,4455,2728,1727
105000088,1750,1854,-104
105000089,3989,3310,679
105000090,1255,1237,18
105000091,1945,2464,-519
105000092,882,1458,-576
105000093,377,292,85
105000094,312,354,-42
105000095,103,510,-407
105000096,1360,882,478
105000097,1608,962,646
105000098,1046,723,323
105000099,1369,1423,-54
105000100,1073,1616,-543
105000101,2204,3610,-1406
105000102,2107,2304,-197
105000103,1960,3927,-1967
105000104,2109,1655,454
105000105,1283,3589,-2306
105000106,1598,3026,-1428
105000107,1127,2196,-1069
105000108,1405,3820,-2415
105000109,1759,3092,-1333
105000110,908,1600,-692
105000111,780,869,-89
105000112,1302,1602,-300
105000113,488,879,-391
105000114,6886,1607,5279
105000115,364,937,-573
105000116,784,636,148
105000117,891,2280,-1389
105000118,376,602,-226
105000119,701,2420,-1719
105000120,890,992,-102
105000121,1100,2430,-1330
105000122,311,713,-402
105000123,1588,2582,-994
105000124,1796,1544,252
105000125,874,3109,-2235
105000126,2466,3866,-1400
105000127,3012,3169,-157
105000128,551,2285,-1734
105000129,1051,526,525
105000130,285,1687,-1402
105000131,991,612,379
105000132,843,545,298
105000133,435,1680,-1245
105000134,591,774,-183
105000135,380,827,-447
105000136,52,223,-171
105000137,287,416,-129
105000138,88,203,-115
105000139,1344,1743,-399
105000140,176,649,-473
105000141,319,1036,-717
105000142,145,630,-485
105000143,250,1218,-968
105000144,367,1112,-745
105000145,717,719,-2
105000146,818,1149,-331
105000147,588,623,-35
105000148,1302,908,394
105000149,2280,3209,-929
105000150,2735,2504,231
105000151,533,565,-32
105000152,250,1096,-846
105000153,812,804,8
105000154,909,1778,-869
105000155,341,1167,-826
105000156,1286,1637,-351
105000157,1284,4253,-2969
105000158,2329,1224,1105
105000159,350,2496,-2146
105000160,1999,895,1104
105000161,1097,3035,-1938
105000162,761,1999,-1238
105000163,2868,1806,1062
105000164,296,496,-200
105000165,3074,5647,-2573
105000166,11997,511,11486
105000167,5516,1816,3700
105000168,347,1535,-1188
105000169,403,639,-236
105000170,151,2009,-1858
105000171,1490,661,829
105000172,88,105,-17
105000173,79,60,19
105000174,40,52,-12
105000175,108,172,-64
105000176,235,119,116
105000177,232,191,41
105000178,146,1402,-1256
105000179,256,224,32
105000180,122,159,-37
105000181,124,835,-711
105000182,51,58,-7
105000183,4304,2542,1762
105000184,1132,1208,-76
105000185,1387,1007,380
105000186,383,1250,-867
105000187,719,293,426
105000188,298,154,144
105000189,252,736,-484
105000190,268,381,-113
105000191,424,443,-19
105000192,183,88,95
105000193,113,220,-107
105000194,240,66,174
105000195,384,1702,-1318
105000196,41,131,-90
105000197,326,1153,-827
105000198,714,493,221
105000199,347,369,-22
105000200,145,389,-244
105000201,127,28,99
105000203,10,445,-435
105000204,94,82,12
105000205,121,367,-246
105000207,796,294,502
105000208,290,678,-388
105000209,230,283,-53
105000212,1199,2768,-1569
105000213,289,219,70
105000214,101,407,-306
105000215,350,372,-22
105000216,129,407,-278
105000217,191,470,-279
105000218,942,1698,-756
105000221,355,560,-205
105000222,154,100,54
105000223,225,307,-82
105000226,53,632,-579
105000227,45,334,-289
105000228,447,1456,-1009
105000229,137,291,-154
105000231,252,434,-182
105000233,722,779,-57
105000234,648,2084,-1436
105000235,434,787,-353
105000237,967,100,867
105000243,26,374,-348
105000248,110,94,16
105000262,352,3327,-2975
105000269,154,338,-184
105000270,413,144,269
105000271,1,455,-454
105000282,245,80,165
105000287,385,279,106
105000288,420,930,-510
105000289,2476,1430,1046
105000290,16,3,13
105000402,8014,3017,4997
105000426,529,629,-100
105000438,2514,1089,1425
105000446,22728,7595,15133
105000447,12633,4288,8345
105000454,311,810,-499
105000455,297,365,-68
105000474,21,1,20
105000477,362,624,-262
105000478,1758,3101,-1343
105000479,137,163,-26
105000480,4146,2956,1190
105000481,3573,2834,739
105000482,6738,4553,2185
105000483,1756,1779,-23
105000484,3196,3210,-14
105000485,1591,2079,-488
105000486,4109,3027,1082
105000488,5901,4905,996
105000489,914,1137,-223
105000549,35,249,-214
105000550,586,2100,-1514
105000551,30,152,-122
105000552,5026,2705,2321
105900001,18,1676,-1658
105900002,2471,621,1850
105900003,4,108,-104
105900004,413,186,227
105900005,5,346,-341
105900006,10,70,-60
105900007,126,18,108
105900008,78,1263,-1185
105900009,17,10,7
105900011,300,52,248
105900012,456,145,311
105900013,7,31,-24
105900014,5,128,-123
105900015,177,563,-386
105900016,285,1087,-802
105900017,1007,85,922
105900018,274,496,-222
105900019,67,612,-545
105900020,50,80,-30
105900021,32,690,-658
105900022,261,616,-355
105900023,4,213,-209
105900024,15,262,-247
105900025,120,58,62
105900026,374,123,251
105900027,8642,5576,3066
105900028,175,256,-81
105900029,2970,463,2507
105900030,228,340,-112
105900031,769,252,517
105900032,72,264,-192
105900033,88,226,-138
105900034,152,355,-203
105900035,242,364,-122
105900036,58,239,-181
105900037,89,91,-2
105900038,211,530,-319
105900039,131,272,-141
105900040,59,120,-61
105900041,288,825,-537
105900042,62,135,-73
105900043,3173,71,3102
105900044,2,241,-239
105900045,7,922,-915
105900046,8,251,-243
105900047,10,48,-38
105900048,90,807,-717
105900050,3984,2159,1825
105900051,12,2089,-2077
105900052,337,112,225
105900053,6200,2185,4015
105900054,399,523,-124
105900056,1097,321,776
105900057,38,256,-218
105900058,17,64,-47
105900059,1,70,-69
106000001,5259,2275,2984
106000002,3998,7421,-3423
106000003,3559,3727,-168
106000004,3280,3897,-617
106000005,2968,7277,-4309
106000006,7501,7330,171
106000007,482,684,-202
106000008,445,433,12
106000009,481,426,55
106000010,583,750,-167
106000011,900,1230,-330
106000012,974,2445,-1471
106000013,2100,2425,-325
106000014,2559,2671,-112
106000015,1560,1476,84
106000016,1457,3846,-2389
106000017,823,836,-13
106000018,763,918,-155
106000019,336,649,-313
106000020,363,770,-407
106000021,388,702,-314
106000022,482,500,-18
106000023,820,538,282
106000024,992,1324,-332
106000025,112,347,-235
106000026,159,427,-268
106000027,1265,1892,-627
106000028,767,1033,-266
106000029,1045,1970,-925
106000030,1224,606,618
106000034,244,850,-606
106000035,1051,1699,-648
106000036,550,667,-117
106000037,2617,2630,-13
106000038,743,106,637
106000039,251,88,163
106000040,215,1102,-887
106000041,1150,517,633
106000043,765,165,600
106000046,436,60,376
106000047,52,618,-566
106000049,702,260,442
106000050,373,1540,-1167
106000051,525,615,-90
106000052,155,1093,-938
106000053,192,156,36
106000054,551,748,-197
106000055,1010,1801,-791
106000056,367,725,-358
106000057,240,380,-140
106000058,195,329,-134
106000059,272,360,-88
106000060,884,875,9
106000061,266,721,-455
106000062,180,844,-664
106000063,740,763,-23
106000064,41,649,-608
106000065,449,350,99
106000066,209,681,-472
106000067,571,143,428
106000068,71,1099,-1028
106000069,178,155,23
106000070,482,1425,-943
106000071,1124,536,588
106000072,7922,2391,5531
106000073,2629,3096,-467
106000074,472,1082,-610
106000075,483,1713,-1230
106000076,2119,2767,-648
106000077,5509,2134,3375
106000078,1137,1629,-492
106000079,866,1633,-767
106000080,1435,1281,154
106000081,651,1535,-884
106000082,3065,1459,1606
106000083,488,2021,-1533
106000084,1223,1084,139
106000085,2291,1879,412
106000086,754,1271,-517
106000087,999,945,54
106000088,544,1109,-565
106000089,1148,692,456
106000090,341,848,-507
106000091,313,1225,-912
106000092,804,364,440
106000093,314,130,184
106000094,153,662,-509
106000095,690,2106,-1416
106000096,1109,1048,61
106000097,1020,2227,-1207
106000098,709,1479,-770
106000099,255,1484,-1229
106000100,1273,426,847
106000101,1599,543,1056
106000102,238,1009,-771
106000103,433,1116,-683
106000104,864,674,190
106000105,542,1543,-1001
106000106,728,671,57
106000107,170,726,-556
106000108,205,426,-221
106000109,195,568,-373
106000110,137,473,-336
106000111,202,1022,-820
106000112,172,551,-379
106000113,1816,911,905
106000114,538,601,-63
106000115,260,743,-483
106000116,263,404,-141
106000117,1189,1245,-56
106000118,1391,1417,-26
106000119,3884,1899,1985
106000120,699,1087,-388
106000121,160,315,-155
106000122,175,579,-404
106000123,304,465,-161
106000124,59,608,-549
106000125,30,511,-481
106000126,203,260,-57
106000127,911,1593,-682
106000128,724,476,248
106000129,626,1162,-536
106000130,788,653,135
106000131,222,1293,-1071
106000132,1108,245,863
106000133,5951,1780,4171
106000134,1332,1884,-552
106000135,323,1501,-1178
106000136,879,902,-23
106000137,134,2508,-2374
106000138,1139,98,1041
106000139,72,250,-178
106000140,46,178,-132
106000141,75,172,-97
106000142,106,112,-6
106000143,35,139,-104
106000144,31,110,-79
106000145,246,538,-292
106000146,386,329,57
106000147,645,851,-206
106000148,778,1348,-570
106000149,632,691,-59
106000150,751,2649,-1898
106000151,7498,1210,6288
106000152,1991,2244,-253
106000153,81,2204,-2123
106000154,2084,407,1677
106000155,57,322,-265
106000156,879,555,324
106000157,921,3124,-2203
106000158,4434,1182,3252
106000159,7207,2038,5169
106000160,407,2559,-2152
106000161,2503,825,1678
106000162,285,946,-661
106000163,391,839,-448
106000164,384,485,-101
106000165,282,1166,-884
106000166,876,385,491
106000167,411,2128,-1717
106000168,367,368,-1
106000169,200,1270,-1070
106000170,486,407,79
106000171,163,1703,-1540
106000172,2490,1488,1002
106000173,937,4636,-3699
106000174,1013,445,568
106000175,440,1800,-1360
106000176,1442,1260,182
106000177,956,4137,-3181
106000178,3126,2876,250
106000179,1434,3760,-2326
106000180,908,2878,-1970
106000181,589,3079,-2490
106000182,907,1346,-439
106000183,910,1827,-917
106000184,1478,1867,-389
106000185,883,1611,-728
106000186,1209,214,995
106000187,308,1057,-749
106000188,1,0,1
106000189,7,88,-81
106000190,19,3,16
106000191,736,235,501
106000192,3,33,-30
106000193,449,227,222
106000194,220,507,-287
106000195,768,281,487
106000196,163,793,-630
106000197,403,624,-221
106000198,194,352,-158
106000199,1248,664,584
106000200,948,224,724
106000201,683,2214,-1531
106000202,12196,1043,11153
106000203,234,273,-39
106000204,39,5,34
106000205,25,224,-199
106000206,57,18,39
106000207,52,1397,-1345
106000208,1092,120,972
106000209,1254,490,764
106000210,330,2203,-1873
106000211,427,2129,-1702
106000212,807,323,484
106000213,1047,2175,-1128
106000214,3833,631,3202
106000215,386,754,-368
106000216,441,416,25
106000217,419,810,-391
106000218,644,536,108
106000219,203,508,-305
106000220,535,457,78
106000221,157,459,-302
106000222,73,208,-135
106000223,96,173,-77
106000224,249,401,-152
106000225,86,98,-12
106000226,183,514,-331
106000228,54,218,-164
106000229,94,1116,-1022
106000231,920,240,680
106000232,59,654,-595
106000233,420,209,211
106000234,75,256,-181
106000235,432,106,326
106000236,271,83,188
106000237,4,21,-17
106000238,24,13,11
106000239,4,152,-148
106000240,61,5,56
106000241,29,1136,-1107
106000242,211,36,175
106000249,102,118,-16
106000250,94,679,-585
106000251,63,35,28
106000252,29,157,-128
106000253,29,52,-23
106000254,41,98,-57
106000255,21,144,-123
106000256,70,135,-65
106000257,153,432,-279
106000258,237,19,218
106000259,5,34,-29
106000260,19,2,17
106000261,2,72,-70
106000262,61,13,48
106000263,11,116,-105
106000264,189,28,161
106000265,16,226,-210
106000266,106,20,86
106000267,0,152,-152
106000268,638,46,592
106000269,124,110,14
106000270,246,615,-369
106000271,71,261,-190
106000272,167,83,84
106000273,9,235,-226
106000274,260,80,180
106000275,193,290,-97
106000276,211,113,98
106000277,162,212,-50
106000278,194,65,129
106000279,19,116,-97
106000280,76,273,-197
106000281,85,162,-77
106000282,93,99,-6
106000283,155,156,-1
106000284,64,143,-79
106000285,188,285,-97
106000286,104,231,-127
106000287,132,182,-50
106000288,168,212,-44
106000289,109,143,-34
106000290,78,126,-48
106000291,115,196,-81
106000292,149,165,-16
106000293,123,188,-65
106000294,134,190,-56
106000295,60,96,-36
106000296,62,163,-101
106000297,96,370,-274
106000298,187,91,96
106000299,102,254,-152
106000300,59,138,-79
106000301,116,167,-51
106000303,18,104,-86
106000304,57,81,-24
106000305,20,51,-31
106000306,34,130,-96
106000307,38,17,21
106000308,26,352,-326
106000309,20,127,-107
106000310,293,923,-630
106000311,359,213,146
106000312,75,292,-217
106000313,183,317,-134
106000318,292,406,-114
106000319,833,152,681
106000320,12,68,-56
106000321,572,118,454
106000322,159,316,-157
106000324,11,245,-234
106000325,1479,998,481
106000326,1312,3023,-1711
106000327,93,232,-139
106000328,21,139,-118
106000329,89,494,-405
106000330,62,79,-17
106000428,46,190,-144
106000429,132,710,-578
106000430,396,2210,-1814
106000431,1690,389,1301
106000432,2212,4257,-2045
106000433,1903,1191,712
106000434,3328,1330,1998
106000435,3037,4361,-1324
106000436,22,576,-554
106000437,236,43,193
106000438,386,166,220
106000439,52,899,-847
106000440,318,804,-486
106000441,1,0,1
106000442,168,9,159
106000443,157,806,-649
106000450,8,398,-390
106000451,27,30,-3
106000454,3,124,-121
106000455,4,277,-273
106000456,131,36,95
106000457,8,1865,-1857
106000458,445,300,145
106000459,109,710,-601
106000460,851,69,782
106000461,81,3227,-3146
106000462,1,26,-25
106000463,2,59,-57
106000464,6,929,-923
106000465,314,0,314
106000466,3,1229,-1226
106000467,737,893,-156
106000468,45,366,-321
106000469,424,8,416
106000470,320,2100,-1780
106000471,51,1155,-1104
106000472,169,29,140
106000473,34,46,-12
106000474,460,1098,-638
106000475,252,208,44
106000476,194,163,31
106000477,21,68,-47
106900001,0,45,-45
106900002,3,1067,-1064
106900003,353,1678,-1325
106900004,3,158,-155
106900006,0,41,-41
106900007,1,55,-54
106900008,245,515,-270
106900009,320,811,-491
106900010,246,586,-340
106900012,3863,2728,1135
106900013,782,122,660
106900014,28,1,27
106900015,18,2,16
106900016,202,10,192
106900017,4,0,4
106900018,2,0,2
106900019,40,2,38
106900020,4891,1519,3372
106900021,67,151,-84
106900022,520,3,517
106900023,23,423,-400
106900024,641,33,608
106900025,73,1269,-1196
106900026,7,1463,-1456
106900027,502,2,500
107000001,4142,2772,1370
107000002,5889,6122,-233
107000003,4984,6434,-1450
107000004,6803,8210,-1407
107000005,2873,5395,-2522
107000006,4990,9556,-4566
107000007,5210,10583,-5373
107000008,19502,15845,3657
107000009,5697,6797,-1100
107000010,12563,15895,-3332
107000011,1459,2025,-566
107000012,6215,6020,195
107000013,62,250,-188
107000014,32,436,-404
107000015,499,1246,-747
107000016,596,1788,-1192
107000017,5252,1572,3680
107000018,49,728,-679
107000020,3194,948,2246
107000021,1445,1035,410
107000022,1206,1878,-672
107000023,2024,485,1539
107000024,635,2655,-2020
107000025,198,513,-315
107000026,230,1056,-826
107000027,1284,1429,-145
107000028,1384,2790,-1406
107000029,2538,2577,-39
107000030,3773,4889,-1116
107000031,3517,2786,731
107000032,631,1323,-692
107000033,5227,6526,-1299
107000034,7568,3124,4444
107000035,419,267,152
107000036,479,1617,-1138
107000037,62,874,-812
107000038,298,369,-71
107000039,750,974,-224
107000040,195,477,-282
107000041,2298,1035,1263
107000042,1057,2407,-1350
107000043,4256,1368,2888
107000044,789,433,356
107000045,104,418,-314
107000046,839,575,264
107000047,674,1276,-602
107000048,814,461,353
107000049,848,1157,-309
107000050,1320,767,553
107000051,897,554,343
107000052,1470,1146,324
107000053,533,272,261
107000054,80,408,-328
107000055,145,133,12
107000056,549,1262,-713
107000057,2323,272,2051
107000058,2452,2686,-234
107000059,3468,4997,-1529
107000060,3955,6544,-2589
107000061,7373,6289,1084
107000062,3385,3871,-486
107000063,5408,10152,-4744
107000064,4058,2559,1499
107000065,5184,8716,-3532
107000066,1960,2550,-590
107000067,1061,1302,-241
107000068,1892,833,1059
107000069,1004,604,400
107000070,713,7,706
107000071,2271,46,2225
107000072,65,5655,-5590
107000073,478,223,255
107000074,192,1441,-1249
107000075,1459,555,904
107000076,1229,2466,-1237
107000077,3095,1237,1858
107000078,2888,5117,-2229
107000079,2454,869,1585
107000080,1589,4732,-3143
107000081,1150,701,449
107000082,735,3937,-3202
107000083,1161,463,698
107000084,628,3765,-3137
107000085,2969,3855,-886
107000086,4438,4385,53
107000087,2857,2362,495
107000088,3246,4972,-1726
107000089,1714,2155,-441
107000090,1304,1618,-314
107000091,1369,1158,211
107000092,901,1663,-762
107000093,1053,925,128
107000094,1221,1998,-777
107000095,642,779,-137
107000096,815,1815,-1000
107000097,586,306,280
107000098,430,727,-297
107000099,642,465,177
107000100,471,429,42
107000101,94,239,-145
107000102,546,481,65
107000103,484,271,213
107000104,363,647,-284
107000105,480,190,290
107000106,186,568,-382
107000107,589,267,322
107000108,203,1354,-1151
107000109,597,205,392
107000110,122,1118,-996
107000111,207,53,154
107000112,54,750,-696
107000113,611,191,420
107000114,143,1262,-1119
107000115,641,180,461
107000116,183,1591,-1408
107000117,167,474,-307
107000118,231,461,-230
107000119,2837,1692,1145
107000120,3664,550,3114
107000121,750,1077,-327
107000122,1480,1318,162
107000123,430,1287,-857
107000124,691,1370,-679
107000125,820,1296,-476
107000126,863,1400,-537
107000127,25,445,-420
107000129,260,250,10
107000130,303,295,8
107000131,636,483,153
107000132,676,497,179
107000133,584,155,429
107000134,203,0,203
107000135,3,365,-362
107000136,549,14,535
107000137,19,671,-652
107000138,276,19,257
107000139,18,586,-568
107000140,1113,98,1015
107000141,181,1164,-983
107000142,326,74,252
107000143,79,1310,-1231
107000144,344,398,-54
107000145,167,925,-758
107000146,200,266,-66
107000147,3939,981,2958
107000150,1196,3171,-1975
107000151,79,108,-29
107000152,820,928,-108
107000153,947,665,282
107000154,250,189,61
107000155,920,37,883
107000156,1234,39,1195
107000157,86,3360,-3274
107000158,463,25,438
107000159,44,2070,-2026
107000160,743,130,613
107000161,124,3179,-3055
107000162,248,421,-173
107000163,109,3,106
107000164,347,1,346
107000165,662,8,654
107000166,60,2158,-2098
107000167,562,367,195
107000168,882,440,442
107000169,1256,1198,58
107000170,1510,879,631
107000171,785,4079,-3294
107000172,856,1136,-280
107000173,890,2142,-1252
107000174,949,4757,-3808
107000175,13513,2615,10898
107000176,3,2,1
107000177,6,3,3
107000178,16,81,-65
107000179,289,4443,-4154
107000180,1442,512,930
107000181,473,2126,-1653
107000182,1548,1548,0
107000183,214,1521,-1307
107000184,915,1161,-246
107000185,805,2152,-1347
107000186,1387,475,912
107000187,1223,2051,-828
107000188,533,772,-239
107000189,460,1376,-916
107000190,579,1315,-736
107000191,582,1226,-644
107000192,1780,1814,-34
107000193,442,593,-151
107000194,996,1334,-338
107000197,936,314,622
107000198,535,1065,-530
107000199,779,821,-42
107000200,1516,730,786
107000201,407,272,135
107000202,247,568,-321
107000203,1061,664,397
107000204,1492,814,678
107000205,2699,1413,1286
107000206,1179,1376,-197
107000207,991,1656,-665
107000208,1656,614,1042
107000209,3517,1508,2009
107000210,1611,648,963
107000211,8,42,-34
107000212,36,473,-437
107000213,14,34,-20
107000214,29,248,-219
107000215,454,681,-227
107000216,330,617,-287
107000217,114,263,-149
107000219,91,169,-78
107000220,198,462,-264
107000222,240,995,-755
107000224,429,98,331
107000225,374,967,-593
107000226,319,138,181
107000227,123,642,-519
107000228,166,203,-37
107000229,480,262,218
107000230,1401,696,705
107000231,2076,1124,952
107000232,119,119,0
107000233,1720,835,885
107000234,6,56,-50
107000235,113,5,108
107000236,26,675,-649
107000237,2,1,1
107000238,24,1,23
107000239,7749,648,7101
107000240,131,1765,-1634
107000241,184,30,154
107000242,1162,73,1089
107000243,1,123,-122
107000244,11,99,-88
107000246,3,1765,-1762
107000249,7,1784,-1777
107000251,0,381,-381
107000252,11,2066,-2055
107000255,1349,150,1199
107000257,3,849,-846
107000258,3,295,-292
107000259,1,375,-374
107000260,384,10,374
107000262,16,1113,-1097
107000263,231,8,223
107000266,8,19,-11
107000267,122,306,-184
107000268,208,307,-99
107000269,627,44,583
107000270,0,21,-21
107000271,10,1520,-1510
107000272,11,305,-294
107000273,10,313,-303
107000274,2409,317,2092
107000275,212,1244,-1032
107000280,631,33,598
107000281,67,1849,-1782
107000282,77,1724,-1647
107000290,9,48,-39
107000291,20,13,7
107000292,0,72,-72
107000293,144,3,141
107000294,2,32,-30
107000295,69,5,64
107000296,2,42,-40
107000444,218,5,213
107000496,2,57,-55
107000497,1880,4419,-2539
107000500,360,535,-175
107000501,116,305,-189
107000502,229,541,-312
107000505,1036,1188,-152
107000506,2,24,-22
107000508,6,1077,-1071
107000509,236,607,-371
107000510,17,26,-9
107000514,20,411,-391
107000515,22,485,-463
107000516,300,348,-48
107000518,1042,976,66
107000519,5844,1599,4245
107000520,48,16,32
107900001,48,371,-323
107900002,44,5,39
107900003,217,18,199
107900004,84,3,81
107900005,826,2,824
107900006,165,1,164
107900007,210,35,175
107900008,79,85,-6
107900009,207,4,203
107900010,25,0,25
107900012,560,46,514
107900013,455,165,290
107900014,22,19,3
107900015,710,7,703
107900016,608,146,462
107900017,15,2,13
107900018,138,78,60
107900019,18,148,-130
107900020,73,9,64
107900021,55,230,-175
107900023,5,4,1
107900024,0,49,-49
107900025,190,477,-287
107900026,34,166,-132
107900027,54,85,-31
107900028,44,124,-80
107900030,274,44,230
107900031,108,401,-293
107900032,23,4,19
107900033,15,13,2
107900034,427,11,416
107900035,626,35,591
107900036,18,12,6
107900037,0,67,-67
107900038,213,213,0
107900039,8,115,-107
107900040,64,145,-81
107900041,2,3,-1
107900043,135,395,-260
107900044,12,10,2
107900045,79,46,33
107900046,131,119,12
107900047,28,131,-103
107900048,256,18,238
107900049,485,1460,-975
107900050,130,549,-419
107900051,99,146,-47
107900052,20,68,-48
107900053,28,129,-101
107900055,1261,480,781
107900056,140,38,102
107900057,2,0,2
107900058,33,1135,-1102
107900060,35,56,-21
107900061,27,6,21
107900063,171,211,-40
107900064,450,162,288
107900065,161,23,138
107900066,18,5,13
107900067,0,0,0
107900068,181,294,-113
107900069,37,1356,-1319
107900070,90,35,55
107900071,34,1602,-1568
107900072,64,363,-299
107900073,62,181,-119
107900074,1324,249,1075
107900076,265,133,132
107900077,68,4,64
107900078,251,68,183
107900079,9,34,-25
107900080,201,358,-157
107900081,34,138,-104
107900082,37,29,8
107900083,446,218,228
107900084,199,210,-11
107900086,47,169,-122
107900087,732,130,602
107900088,44,4,40
107900089,321,1221,-900
107900090,742,1924,-1182
107900091,254,882,-628
107900092,2946,707,2239
107900093,71,101,-30
107900095,4326,2059,2267
107900097,28,113,-85
107900098,64,265,-201
107900100,1363,1193,170
107900101,1481,220,1261
107900102,33,12,21
107900103,38,174,-136
107900104,213,3,210
107900105,12,576,-564
107900106,4,2115,-2111
107900107,2083,475,1608
107900108,468,160,308
107900109,876,8,868
107900110,41,198,-157
107900111,12,1678,-1666
107900112,198,623,-425
107900113,178,171,7
107900114,122,293,-171
107900115,5,73,-68
107900116,115,374,-259
107900117,376,695,-319
107900118,104,209,-105
107900119,57,218,-161
107900120,36,22,14
107900121,1,208,-207
107900122,1,78,-77
107900123,1,25,-24
107900124,23,47,-24
107900125,45,261,-216
107900126,3,52,-49
107900127,760,173,587
107900128,149,74,75
107900129,45,62,-17
107900130,54,36,18
107900131,758,208,550
107900132,112,594,-482
107900133,2,120,-118
107900134,31,33,-2
107900135,3,323,-320
107900136,64,51,13
107900137,147,121,26
107900138,43,49,-6
107900139,27,55,-28
107900140,169,95,74
107900141,64,60,4
107900142,81,1777,-1696
107900143,55,55,0
107900144,1,250,-249
107900145,18,165,-147
107900146,20,207,-187
107900147,53,27,26
107900148,291,251,40
107900149,2691,332,2359
107900150,86,1417,-1331
107900151,20,147,-127
107900152,17,491,-474
107900153,146,361,-215
107900154,77,13,64
107900155,66,46,20
107900156,10,583,-573
107900157,49,78,-29
107900158,604,22,582
107900159,50,1836,-1786
107900160,84,279,-195
107900161,66,358,-292
107900162,2,231,-229
107900163,89,32,57
107900164,6,40,-34
107900165,33,65,-32
107900166,30,409,-379
107900167,30,61,-31
107900168,16,54,-38
107900169,0,238,-238
107900171,10,3240,-3230
107900172,0,480,-480
107900173,12,348,-336
107900174,109,1,108
107900175,15,49,-34
107900176,19,48,-29
107900177,0,379,-379
107900178,0,354,-354
107900179,12,231,-219
107900180,1314,454,860
107900181,402,562,-160
107900182,9,2417,-2408
107900183,59,489,-430
107900184,51,393,-342
107900185,101,9,92
107900186,23,38,-15
107900187,2,212,-210
107900188,1113,163,950
107900189,10,173,-163
107900190,144,85,59
107900191,181,255,-74
107900193,13,55,-42
107900194,145,19,126
107900195,6213,759,5454
107900196,55,104,-49
107900197,1189,273,916
107900199,8,1544,-1536
107900201,105,198,-93
107900203,60,76,-16
107900204,290,416,-126
107900205,256,598,-342
107900206,573,214,359
107900207,3,1056,-1053
107900208,11,1149,-1138
107900209,514,136,378
107900210,101,197,-96
107900213,1115,922,193
107900214,11,274,-263
107900215,228,396,-168
107900216,143,130,13
107900217,51,104,-53
107900218,14,2261,-2247
107900219,27,211,-184
107900220,281,222,59
107900221,276,265,11
107900223,108,885,-777
107900224,197,443,-246
107900225,14,1256,-1242
107900226,93,186,-93
107900227,150,647,-497
107900228,15,126,-111
107900229,5,554,-549
107900230,8,223,-215
107900231,26,355,-329
107900232,56,277,-221
107900233,1,154,-153
107900234,156,220,-64
107900235,54,180,-126
107900236,77,108,-31
107900237,132,863,-731
107900238,29,167,-138
107900239,2027,539,1488
107900240,20,255,-235
107900241,23,122,-99
107900242,26,524,-498
107900243,5,66,-61
107900244,241,2,239
107900245,402,33,369
107900246,189,10,179
107900248,304,768,-464
107900249,523,18,505
107900250,2,904,-902
107900251,75,2330,-2255
107900252,834,22,812
107900253,134,7,127
107900254,71,390,-319
107900255,440,92,348
107900256,1773,814,959
107900257,160,107,53
107900258,75,362,-287
107900259,97,1313,-1216
107900261,8,840,-832
107900262,34,225,-191
107900264,224,4,220
107900265,107,306,-199
107900267,184,32,152
107900268,62,12,50
107900269,1,9,-8
107900270,0,1,-1
107900271,5,18,-13
107900272,204,20,184
107900273,25,156,-131
107900274,30,1,29
107900275,20,0,20
107900276,0,94,-94
107900277,3,387,-384
107900278,256,495,-239
107900279,188,199,-11
107900280,2329,2084,245
107900281,5218,1858,3360
107900282,142,365,-223
107900283,2061,595,1466
107900284,333,1209,-876
107900285,59,243,-184
107900286,164,138,26
107900287,114,256,-142
107900290,0,146,-146
107900291,502,13,489
107900292,159,429,-270
107900293,87,897,-810
107900295,89,216,-127
107900297,7,459,-452
107900298,1126,1533,-407
107900299,5514,3514,2000
107900300,73,340,-267
107900301,742,571,171
107900302,179,33,146
107900303,132,521,-389
107900304,357,957,-600
107900305,317,17,300
107900306,25,18,7
107900307,51,399,-348
107900308,275,132,143
107900309,57,1,56
107900310,22,1,21
107900311,511,168,343
107900312,8,0,8
107900313,0,109,-109
107900314,0,63,-63
107900315,1,96,-95
107900316,103,4,99
107900317,128,15,113
107900318,9,222,-213
107900319,6,510,-504
107900320,6,264,-258
107900321,122,10,112
107900322,6,321,-315
107900323,16,235,-219
107900324,179,2,177
107900325,104,0,104
107900326,209,546,-337
107900327,3,0,3
107900328,6,0,6
107900329,0,2,-2
107900330,7,933,-926
107900331,167,43,124
107900332,244,70,174
107900333,52,26,26
107900334,6,430,-424
107900335,58,87,-29
107900336,18,63,-45
107900337,2166,855,1311
107900338,1,162,-161
107900339,3,45,-42
107900340,0,79,-79
107900341,42,5,37
107900342,177,203,-26
107900343,27,2,25
107900344,9,161,-152
107900345,144,30,114
107900346,48,2,46
107900347,51,0,51
107900348,5,8,-3
107900349,23,10,13
107900350,42,368,-326
108000001,2736,4553,-1817
108000002,2829,4970,-2141
108000003,3726,2910,816
108000004,21408,23099,-1691
108000005,7290,5224,2066
108000006,9640,10083,-443
108000007,5002,4638,364
108000008,6777,8712,-1935
108000009,3520,4542,-1022
108000010,4283,7627,-3344
108000011,11883,12142,-259
108000012,25008,23652,1356
108000014,1096,857,239
108000015,657,439,218
108000016,241,825,-584
108000017,901,496,405
108000018,1719,722,997
108000019,2121,985,1136
108000020,1482,623,859
108000021,560,2405,-1845
108000022,757,2468,-1711
108000023,1315,294,1021
108000024,234,1077,-843
108000025,267,316,-49
108000026,422,848,-426
108000027,551,624,-73
108000028,263,398,-135
108000029,456,703,-247
108000030,473,269,204
108000031,310,770,-460
108000032,1134,738,396
108000033,726,2035,-1309
108000034,1495,639,856
108000035,1310,3664,-2354
108000036,466,2238,-1772
108000037,1574,456,1118
108000038,2363,639,1724
108000039,689,4238,-3549
108000040,1752,945,807
108000041,806,4165,-3359
108000042,225,312,-87
108000043,199,411,-212
108000044,356,187,169
108000045,300,914,-614
108000046,1321,401,920
108000047,565,1733,-1168
108000048,167,570,-403
108000049,600,329,271
108000050,127,692,-565
108000051,307,102,205
108000052,415,1062,-647
108000053,311,117,194
108000054,705,1548,-843
108000055,1287,490,797
108000056,1011,1601,-590
108000057,615,1098,-483
108000058,2446,3665,-1219
108000059,4924,2917,2007
108000060,165,490,-325
108000061,212,415,-203
108000062,605,728,-123
108000063,398,991,-593
108000064,203,369,-166
108000065,569,1040,-471
108000066,2384,1078,1306
108000067,1948,669,1279
108000068,784,381,403
108000069,390,1626,-1236
108000070,1647,742,905
108000071,736,2636,-1900
108000072,1458,1324,134
108000073,1953,2987,-1034
108000074,367,404,-37
108000075,422,1173,-751
108000076,897,651,246
108000077,899,1114,-215
108000078,1834,2188,-354
108000079,1130,2695,-1565
108000080,841,880,-39
108000081,492,3765,-3273
108000082,1336,3067,-1731
108000083,1996,1038,958
108000084,526,1923,-1397
108000085,646,424,222
108000086,1121,1394,-273
108000087,165,1864,-1699
108000088,190,16,174
108000089,359,418,-59
108000090,373,188,185
108000091,131,1036,-905
108000092,112,141,-29
108000093,166,1372,-1206
108000094,688,186,502
108000095,164,958,-794
108000096,317,225,92
108000097,171,1134,-963
108000098,1212,2052,-840
108000099,281,176,105
108000100,41,286,-245
108000101,858,1687,-829
108000102,1643,2978,-1335
108000106,1044,4,1040
108000107,2,1256,-1254
108000108,591,71,520
108000109,21,1445,-1424
108000110,205,378,-173
108000111,213,1271,-1058
108000112,87,158,-71
108000113,740,502,238
108000115,613,740,-127
108000117,967,512,455
108000118,94,176,-82
108000119,897,585,312
108000120,129,920,-791
108000121,191,821,-630
108000122,356,511,-155
108000123,535,456,79
108000124,277,917,-640
108000125,188,517,-329
108000126,156,894,-738
108000127,418,490,-72
108000128,589,998,-409
108000129,319,1965,-1646
108000130,315,357,-42
108000131,815,468,347
108000132,2583,2458,125
108000133,637,643,-6
108000134,731,1032,-301
108000135,1017,409,608
108000136,1385,1560,-175
108000137,355,562,-207
108000138,415,1581,-1166
108000139,327,454,-127
108000140,55,35,20
108000141,27,294,-267
108000142,61,284,-223
108000143,30,81,-51
108000144,35,39,-4
108000145,51,69,-18
108000146,46,16,30
108000147,55,116,-61
108000148,48,23,25
108000149,45,69,-24
108000150,31,12,19
108000151,21,24,-3
108000152,133,1065,-932
108000153,329,129,200
108000154,91,37,54
108000155,26,30,-4
108000156,446,151,295
108000157,196,887,-691
108000158,129,776,-647
108000159,878,227,651
108000160,7329,1195,6134
108000161,7786,2194,5592
108000165,7,192,-185
108000172,8,302,-294
108000173,3766,2227,1539
108000175,208,95,113
108000178,465,481,-16
108000179,258,845,-587
108000181,57,48,9
108000182,200,28,172
108000183,42,39,3
108000184,1697,2188,-491
108000185,166,1021,-855
108000186,136,91,45
108000187,107,1286,-1179
108000188,410,352,58
108000189,963,1256,-293
108000190,50,155,-105
108000192,176,1052,-876
108000193,1491,84,1407
108000194,48,34,14
108000195,4,1926,-1922
108000196,195,204,-9
108000198,566,449,117
108000199,0,163,-163
108000200,274,1183,-909
108000202,3,231,-228
108000203,114,1352,-1238
108000204,89,56,33
108000205,499,973,-474
108000339,2025,479,1546
108000364,209,387,-178
108000365,67,439,-372
108000367,272,668,-396
108000368,11,63,-52
108000369,2209,179,2030
108000371,1,961,-960
108000372,481,2,479
108000373,97,243,-146
108000376,85,32,53
108000377,386,433,-47
108000378,10262,11424,-1162
108000379,55,257,-202
108000381,36,15,21
108000382,131,1,130
108000383,0,137,-137
108900001,218,1692,-1474
108900002,326,120,206
108900003,386,1538,-1152
108900004,116,304,-188
108900005,72,335,-263
108900006,829,235,594
108900007,196,236,-40
108900008,65,188,-123
108900009,84,146,-62
108900010,161,226,-65
108900011,353,515,-162
108900012,309,687,-378
108900013,203,332,-129
108900014,4,119,-115
108900015,0,21,-21
108900016,1,304,-303
108900017,180,284,-104
108900018,118,838,-720
108900019,86,2089,-2003
108900020,50,460,-410
108900021,110,506,-396
108900022,97,27,70
108900023,5,35,-30
108900024,19,181,-162
108900025,77,170,-93
108900026,31,151,-120
108900027,0,104,-104
108900028,57,779,-722
108900029,58,268,-210
108900030,1,113,-112
108900031,87,845,-758
108900032,16,471,-455
108900033,0,243,-243
108900034,2,389,-387
108900035,328,2292,-1964
108900036,227,556,-329
108900037,65,704,-639
108900038,3,636,-633
108900039,1,884,-883
108900040,10,193,-183
108900041,7925,3133,4792
108900042,1,413,-412
108900043,97,690,-593
108900044,3,1009,-1006
108900045,43,926,-883
108900046,81,1664,-1583
108900047,1,70,-69
108900048,121,1779,-1658
108900049,8744,1432,7312
108900050,5,400,-395
108900051,1,380,-379
108900052,28,450,-422
108900053,165,206,-41
108900054,75,335,-260
108900055,103,712,-609
108900056,1,288,-287
108900057,2,348,-346
108900058,30,778,-748
108900059,439,51,388
108900060,61,206,-145
108900061,88,41,47
108900062,4,516,-512
108900063,24,708,-684
108900064,144,99,45
108900065,13,509,-496
108900066,254,149,105
108900067,61,323,-262
108900068,2,200,-198
108900069,32,170,-138
108900070,45,217,-172
108900071,82,96,-14
108900072,3807,483,3324
108900073,3,134,-131
108900074,127,782,-655
108900075,77,84,-7
108900076,309,111,198
108900077,158,221,-63
108900078,19,291,-272
108900079,1187,399,788
108900080,15,721,-706
108900081,45,428,-383
108900082,39,144,-105
108900083,28,263,-235
108900084,485,240,245
108900085,3463,244,3219
108900086,60,510,-450
108900087,173,374,-201
108900088,916,371,545
108900089,20,154,-134
108900090,33,687,-654
108900091,185,205,-20
108900092,453,371,82
108900093,94,89,5
108900094,281,136,145
108900095,86,1058,-972
108900096,613,60,553
108900097,517,279,238
108900098,4625,722,3903
108900099,340,514,-174
108900100,53,184,-131
108900101,195,117,78
108900102,170,1017,-847
108900103,78,79,-1
108900104,245,669,-424
108900105,5,1102,-1097
108900106,286,819,-533
108900108,286,62,224
108900109,19,21,-2
108900110,179,802,-623
108900111,368,1287,-919
108900112,211,63,148
108900113,84,43,41
108900114,1,2,-1
108900115,101,103,-2
108900116,61,24,37
108900117,92,11,81
108900118,487,6,481
108900119,200,42,158
108900120,153,217,-64
108900121,366,86,280
108900122,95,38,57
108900123,128,100,28
108900124,324,193,131
108900125,251,1,250
108900126,127,35,92
108900127,165,37,128
108900128,99,36,63
108900129,706,145,561
108900130,200,3,197
108900131,381,2,379
108900132,363,76,287
108900133,293,67,226
108900134,277,356,-79
108900135,108,5,103
108900136,16,0,16
108900137,116,3,113
108900138,469,25,444
108900139,491,157,334
108900140,214,344,-130
108900141,270,13,257
108900142,104,1,103
108900143,12,0,12
108900144,92,0,92
108900145,112,11,101
108900146,82,1,81
108900147,165,1,164
108900148,91,46,45
108900149,709,557,152
108900150,261,7,254
108900151,80,2,78
108900152,104,67,37
108900153,91,677,-586
108900154,4435,619,3816
108900155,240,98,142
108900156,69,21,48
108900157,21,1057,-1036
108900158,384,56,328
108900159,5,517,-512
108900160,9,374,-365
108900161,25,790,-765
108900162,52,3,49
108900163,3,286,-283
108900164,91,88,3
108900165,254,121,133
108900167,3095,4441,-1346
108900168,13416,2791,10625
108900169,46,239,-193
108900171,14017,2806,11211
108900172,207,42,165
108900173,256,569,-313
108900174,589,697,-108
108900176,206,840,-634
108900177,12342,4276,8066
108900178,8007,3447,4560
108900179,609,1379,-770
108900180,95,252,-157
108900182,25,393,-368
108900183,280,330,-50
108900184,615,327,288
108900185,63,516,-453
108900186,73,517,-444
108900187,282,83,199
108900188,441,86,355
108900189,277,184,93
108900190,63,5954,-5891
108900191,218,44,174
108900192,69,371,-302
108900193,300,59,241
108900194,47,647,-600
108900195,104,600,-496
108900196,93,1030,-937
108900198,2,1078,-1076
108900199,254,453,-199
108900200,418,453,-35
108900201,516,1646,-1130
108900203,529,62,467
108900204,492,9,483
108900205,311,34,277
108900206,435,48,387
108900207,174,63,111
108900208,39,545,-506
108900209,307,1042,-735
108900210,159,333,-174
108900211,128,492,-364
108900212,1035,1132,-97
108900215,152,945,-793
108900216,563,134,429
108900217,85,1,84
108900218,208,13,195
108900219,113,14,99
108900220,81,18,63
108900221,62,168,-106
108900222,209,21,188
108900223,17,129,-112
108900224,45,198,-153
108900225,0,250,-250
108900226,311,8,303
108900227,181,271,-90
108900230,716,481,235
108900231,92,421,-329
108900232,6,689,-683
108900233,376,100,276
108900234,352,133,219
108900235,288,984,-696
108900236,57,554,-497
108900237,80,431,-351
108900240,96,116,-20
108900241,31,51,-20
108900245,12,1207,-1195
108900249,149,33,116
108900250,266,148,118
108900257,167,981,-814
108900258,14,395,-381
108900259,58,126,-68
108900260,11,122,-111
108900261,183,187,-4
108900262,308,213,95
108900263,69,418,-349
108900264,560,378,182
108900265,1974,465,1509
108900266,1992,463,1529
108900267,8,117,-109
108900268,3,3,0
108900269,64,7,57
108900270,50,10,40
108900271,31,4,27
108900272,151,4,147
108900273,1237,658,579
108900274,28,104,-76
108900275,6,0,6
108900276,1,1,0
109000001,5181,1330,3851
109000002,3832,1874,1958
109000003,2438,780,1658
109000004,607,3691,-3084
109000005,2356,1260,1096
109000006,833,3189,-2356
109000007,1530,1059,471
109000008,607,2785,-2178
109000009,3814,1785,2029
109000010,1733,6414,-4681
109000011,2970,2229,741
109000012,2012,6209,-4197
109000013,3087,2872,215
109000014,1832,5884,-4052
109000015,3661,6168,-2507
109000016,16450,6258,10192
109000017,2204,1599,605
109000018,1128,5014,-3886
109000019,2528,1686,842
109000020,1294,3232,-1938
109000023,298,42,256
109000024,5,198,-193
109000025,498,471,27
109000026,1198,438,760
109000027,134,455,-321
109000028,148,133,15
109000029,215,213,2
109000030,96,865,-769
109000031,129,164,-35
109000032,122,799,-677
109000033,419,146,273
109000034,64,83,-19
109000035,32,76,-44
109000036,110,512,-402
109000037,204,972,-768
109000038,573,604,-31
109000039,862,615,247
109000040,9282,5533,3749
109000041,8197,1566,6631
109000042,1514,1530,-16
109000044,330,63,267
109000045,97,662,-565
109000046,340,121,219
109000047,91,641,-550
109000048,836,244,592
109000049,283,784,-501
109000050,372,349,23
109000051,446,372,74
109000052,500,2614,-2114
109000053,187,77,110
109000054,292,1254,-962
109000055,224,227,-3
109000056,387,865,-478
109000057,468,350,118
109000058,1322,360,962
109000059,786,1080,-294
109000060,626,289,337
109000061,1790,857,933
109000062,158,337,-179
109000063,237,275,-38
109000064,161,286,-125
109000065,99,439,-340
109000066,335,231,104
109000067,67,545,-478
109000068,1466,13,1453
109000069,839,39,800
109000070,12,1357,-1345
109000071,477,94,383
109000072,100,515,-415
109000073,35,169,-134
109000074,42,308,-266
109000075,83,547,-464
109000076,83,238,-155
109000077,370,420,-50
109000078,51,158,-107
109000079,159,335,-176
109000080,102,121,-19
109000081,119,850,-731
109000082,535,369,166
109000083,254,1165,-911
109000088,154,985,-831
109000089,282,66,216
109000090,187,874,-687
109000091,263,165,98
109000092,474,1079,-605
109000093,194,278,-84
109000094,380,3,377
109000095,110,1024,-914
109000096,620,288,332
109000097,72,186,-114
109000098,73,121,-48
109000099,846,776,70
109000100,319,806,-487
109000101,1108,1344,-236
109000102,361,1258,-897
109000103,418,891,-473
109000104,1270,1030,240
109000105,553,2248,-1695
109000106,1551,1146,405
109000107,698,3374,-2676
109000108,1639,882,757
109000109,589,3332,-2743
109000110,1440,681,759
109000111,1344,3512,-2168
109000112,391,232,159
109000113,270,249,21
109000114,251,392,-141
109000115,1470,63,1407
109000116,3,326,-323
109000117,141,162,-21
109000118,15,467,-452
109000119,838,611,227
109000120,167,1731,-1564
109000121,260,99,161
109000122,124,1774,-1650
109000123,15,133,-118
109000124,586,514,72
109000125,605,483,122
109000126,419,1523,-1104
109000127,716,284,432
109000128,573,3592,-3019
109000129,1729,916,813
109000130,703,4349,-3646
109000131,677,498,179
109000132,716,3264,-2548
109000133,410,1437,-1027
109000134,888,1990,-1102
109000135,1376,1966,-590
109000136,404,577,-173
109000137,256,497,-241
109000138,454,701,-247
109000139,440,545,-105
109000140,191,737,-546
109000141,366,675,-309
109000142,113,943,-830
109000143,89,56,33
109000145,85,240,-155
109000146,68,177,-109
109000148,6339,1746,4593
109000149,23,46,-23
109000150,89,255,-166
109000155,676,785,-109
109000156,2270,1347,923
109000158,145,349,-204
109000159,169,1168,-999
109000160,969,324,645
109000161,327,2435,-2108
109000162,1866,1229,637
109000163,1017,3099,-2082
109000164,1154,4008,-2854
109000165,1329,917,412
109000166,677,203,474
109000167,117,1432,-1315
109000170,36,68,-32
109000171,47,52,-5
109000172,60,57,3
109000173,18,74,-56
109000174,99,83,16
109000175,72,169,-97
109000176,238,355,-117
109000177,16,227,-211
109000178,344,127,217
109000179,11476,3988,7488
109000180,7626,3561,4065
109000181,7,54,-47
109000182,34,61,-27
109000183,24,50,-26
109000184,27,32,-5
109000185,31,149,-118
109000188,455,4819,-4364
109000189,1920,1314,606
109000190,634,708,-74
109000191,238,879,-641
109000192,267,382,-115
109000193,168,722,-554
109000194,163,144,19
109000195,100,721,-621
109000196,212,173,39
109000197,191,828,-637
109000198,246,80,166
109000199,138,861,-723
109000206,338,33,305
109000207,141,48,93
109000208,162,86,76
109000209,184,108,76
109000210,185,928,-743
109000211,199,312,-113
109000214,308,903,-595
109000215,124,60,64
109000216,304,246,58
109000217,242,111,131
109000218,311,200,111
109000221,493,1912,-1419
109000222,899,253,646
109000223,269,378,-109
109000224,47,424,-377
109000225,65,68,-3
109000226,47,535,-488
109000227,878,2394,-1516
109000228,4,526,-522
109000231,4,728,-724
109000232,268,680,-412
109000236,294,1019,-725
109000241,2199,2895,-696
109000242,1707,2268,-561
109000293,16,59,-43
109000361,119,434,-315
109000364,219,928,-709
109000396,7,1408,-1401
109000397,418,9,409
109000399,123,847,-724
109000400,70,356,-286
109000403,156,624,-468
109000406,379,10,369
109000407,331,292,39
109000408,1,1085,-1084
109000410,780,181,599
109000411,100,31,69
109900001,58,0,58
109900002,650,13,637
109900003,203,2,201
109900004,810,348,462
109900005,22,6,16
109900006,333,473,-140
109900007,610,1298,-688
109900008,0,71,-71
109900009,149,1253,-1104
109900010,445,23,422
109900011,52,57,-5
109900012,231,256,-25
109900013,320,176,144
109900014,315,92,223
109900015,463,158,305
109900016,110,84,26
109900017,136,171,-35
109900018,219,207,12
109900019,179,131,48
109900020,31,26,5
109900021,23,16,7
109900022,62,530,-468
109900023,16,9,7
109900024,39,6,33
109900025,15,141,-126
109900026,7,319,-312
109900027,27,40,-13
109900028,4175,683,3492
109900029,10,976,-966
109900030,40,15,25
109900031,35,202,-167
109900032,16,439,-423
109900033,7,996,-989
109900034,12,13,-1
109900035,9,16,-7
109900036,17,129,-112
109900037,56,946,-890
109900038,60,358,-298
109900039,9,2,7
109900040,65,1039,-974
109900041,58,740,-682
109900042,42,732,-690
109900044,91,422,-331
109900045,186,57,129
109900046,6,89,-83
109900047,469,479,-10
109900048,3,136,-133
109900049,4,44,-40
109900050,0,542,-542
109900051,3,56,-53
109900052,50,389,-339
109900053,7,858,-851
109900054,484,247,237
109900055,64,429,-365
109900056,45,167,-122
109900057,10,337,-327
109900058,0,168,-168
109900059,401,147,254
109900060,422,213,209
109900061,191,393,-202
109900062,0,486,-486
109900063,6,445,-439
109900064,481,492,-11
109900065,218,167,51
109900066,398,1482,-1084
109900067,0,703,-703
109900068,55,7,48
109900069,4,70,-66
109900070,74,453,-379
109900071,0,42,-42
109900072,36,201,-165
109900073,308,1215,-907
109900074,20,58,-38
109900075,27,37,-10
109900076,22,432,-410
109900077,31,75,-44
109900078,117,403,-286
109900080,167,549,-382
109900081,14,139,-125
109900082,40,782,-742
109900083,33,92,-59
109900084,81,260,-179
109900085,263,1838,-1575
109900086,143,317,-174
109900087,342,576,-234
109900089,544,151,393
109900090,520,2125,-1605
109900091,208,95,113
109900092,839,19,820
109900093,606,170,436
109900094,73,174,-101
109900095,133,443,-310
109900096,35,3,32
109900097,85,3,82
109900098,322,34,288
109900099,145,1,144
109900100,29,0,29
109900101,264,7,257
109900102,386,31,355
109900103,19,63,-44
109900104,406,1876,-1470
109900105,554,38,516
109900106,357,106,251
109900107,459,98,361
109900108,112,867,-755
109900109,34,288,-254
109900110,106,958,-852
109900111,397,2336,-1939
109900112,443,1454,-1011
109900113,543,437,106
109900114,1001,720,281
109900115,122,107,15
109900117,726,143,583
109900118,299,660,-361
109900119,487,394,93
109900120,53,31,22
109900121,307,403,-96
109900122,313,11,302
109900123,19,259,-240
109900124,70,1284,-1214
109900125,2,346,-344
109900126,219,238,-19
109900128,194,74,120
109900130,19103,2085,17018
109900131,111,196,-85
109900132,36,263,-227
109900133,63,627,-564
109900134,67,83,-16
109900135,535,82,453
109900136,36,198,-162
109900137,82,681,-599
109900138,438,829,-391
109900140,169,564,-395
109900141,202,178,24
109900142,863,338,525
109900145,8,266,-258
109900146,414,51,363
109900148,77,119,-42
109900149,35,93,-58
109900150,4,71,-67
109900151,6,51,-45
109900152,0,32,-32
109900153,0,53,-53
109900154,26,0,26
109900155,41,18,23
109900157,82,476,-394
109900158,59,158,-99
109900159,139,47,92
109900160,94,80,14
109900161,206,76,130
109900162,169,122,47
109900163,803,546,257
109900164,79,287,-208
109900165,294,10,284
109900166,4,235,-231
109900167,132,901,-769
109900168,145,738,-593
109900169,168,172,-4
109900170,387,715,-328
109900171,179,145,34
109900172,157,239,-82
109900173,6585,2120,4465
109900174,68,209,-141
109900175,61,73,-12
109900176,104,316,-212
109900177,40,428,-388
109900178,16,197,-181
109900179,32,38,-6
109900180,6,7,-1
110000001,833,847,-14
110000002,595,678,-83
110000003,1098,828,270
110000004,643,743,-100
110000005,931,1703,-772
110000006,906,510,396
110000007,167,273,-106
110000008,14,53,-39
110000009,48,75,-27
110000010,29,76,-47
110000011,46,239,-193
110000012,924,796,128
110000013,57,415,-358
110000014,776,526,250
110000015,309,614,-305
110000016,310,1249,-939
110000017,5756,350,5406
110000018,6031,762,5269
110000019,14,256,-242
110000020,1005,355,650
110000021,699,531,168
110000022,1060,286,774
110000023,7,376,-369
110000024,646,566,80
110000025,224,9,215
110000026,15,1206,-1191
110000027,898,730,168
110000028,696,864,-168
110000029,540,1557,-1017
110000030,254,405,-151
110000031,272,1015,-743
110000032,775,513,262
110000033,221,203,18
110000034,284,888,-604
110000035,829,1557,-728
110000036,759,899,-140
110000037,206,1145,-939
110000038,277,736,-459
110000039,742,2104,-1362
110000040,382,733,-351
110000041,296,1114,-818
110000042,73,596,-523
110000043,504,253,251
110000044,133,165,-32
110000045,1200,96,1104
110000046,6,23,-17
110000047,18,33,-15
110000048,11,26,-15
110000049,34,8,26
110000050,20,35,-15
110000051,56,5,51
110000052,34,26,8
110000053,167,7,160
110000054,197,504,-307
110000055,373,58,315
110000056,210,81,129
110000057,349,1252,-903
110000058,1115,904,211
110000059,830,643,187
110000060,530,1091,-561
110000061,1020,1094,-74
110000062,885,1027,-142
110000063,39,81,-42
110000064,88,267,-179
110000065,63,96,-33
110000066,70,53,17
110000067,89,838,-749
110000068,209,1047,-838
110000069,186,139,47
110000071,93,170,-77
110000073,3,28,-25
110000075,9,120,-111
110000076,346,410,-64
110000077,680,1302,-622
110000078,15,66,-51
110000080,297,910,-613
110000081,22,369,-347
110000082,13,359,-346
110000083,272,722,-450
110000084,777,795,-18
110000085,2852,1871,981
110000086,1420,1792,-372
110000087,6,57,-51
110000088,57,281,-224
110000089,249,246,3
110000090,175,583,-408
110000091,3305,421,2884
110000092,29,160,-131
110000093,41,16,25
110000094,642,324,318
110000095,143,867,-724
110000096,5185,2105,3080
110000097,1029,1433,-404
110000098,1852,713,1139
110000099,878,2046,-1168
110000100,578,1333,-755
110000101,20,831,-811
110000102,31,26,5
110000104,215,118,97
110000105,69,375,-306
110000106,536,271,265
110000107,468,565,-97
110000108,212,58,154
110000109,293,406,-113
110000110,5164,5004,160
110000111,10966,2848,8118
110000112,1972,784,1188
110000113,942,1676,-734
110000114,139,527,-388
110000115,230,423,-193
110000116,35,56,-21
110000117,155,908,-753
110000118,305,452,-147
110000119,248,636,-388
110000120,336,300,36
110000121,148,449,-301
110000122,373,783,-410
110000123,434,684,-250
110000124,6,1112,-1106
110000125,908,7,901
110000126,304,27,277
110000127,838,61,777
110000128,47,2135,-2088
110000129,5,715,-710
110000130,176,194,-18
110000131,121,453,-332
110000132,4,953,-949
110000133,68,493,-425
110000134,33,465,-432
110000135,201,35,166
110000136,69,424,-355
110000137,441,1079,-638
110000138,696,1397,-701
110000139,701,2429,-1728
110000140,1239,563,676
110000143,909,528,381
110000144,5246,1637,3609
110000145,1475,1205,270
110000146,2588,1596,992
110000147,381,1018,-637
110000148,345,535,-190
110000151,851,544,307
110000152,768,388,380
110000153,76,75,1
110000154,76,47,29
110000155,3093,3628,-535
110000156,892,2134,-1242
110000157,1548,2425,-877
110000160,290,542,-252
110000161,169,669,-500
110000166,436,223,213
110000167,735,559,176
110000168,924,354,570
110000169,808,337,471
110000170,112,120,-8
110000171,707,248,459
110000172,199,1098,-899
110000173,1546,1564,-18
110000174,153,2337,-2184
110000175,380,133,247
110000176,127,292,-165
110000177,233,896,-663
110000178,724,1085,-361
110000179,2164,545,1619
110000180,129,506,-377
110000181,302,663,-361
110000182,483,471,12
110000183,18629,6984,11645
110000184,1667,2370,-703
110000185,1456,884,572
110000186,960,877,83
110000191,558,485,73
110000192,353,12,341
110000193,675,8,667
110000194,30,2021,-1991
110000195,291,592,-301
110000196,310,801,-491
110000197,73,356,-283
110000198,112,144,-32
110000199,94,157,-63
110000200,1753,750,1003
110000201,806,902,-96
110000202,1395,562,833
110000203,940,1167,-227
110000204,9,523,-514
110000205,128,69,59
110000206,947,2702,-1755
110000207,778,396,382
110000208,271,151,120
110000209,158,1491,-1333
110000210,689,1043,-354
110000211,874,1183,-309
110000212,447,1141,-694
110000213,113,99,14
110000214,131,134,-3
110000215,143,941,-798
110000216,72,1004,-932
110000217,289,357,-68
110000218,149,795,-646
110000219,228,77,151
110000220,49,721,-672
110000221,270,119,151
110000222,38,551,-513
110000223,1,166,-165
110000224,103,22,81
110000225,205,787,-582
110000226,266,58,208
110000227,1036,669,367
110000228,514,462,52
110000229,3,441,-438
110000230,694,760,-66
110000231,145,214,-69
110000232,205,248,-43
110000233,216,469,-253
110000234,746,640,106
110000235,1462,1177,285
110000236,478,1350,-872
110000237,1982,1518,464
110000238,1116,1715,-599
110000239,1618,1805,-187
110000240,0,151,-151
110000242,0,9,-9
110000243,103,368,-265
110000244,133,729,-596
110000245,33,785,-752
110000246,678,1024,-346
110000247,1529,6697,-5168
110000248,2486,2306,180
110000249,80,5,75
110000250,38,432,-394
110000251,220,973,-753
110000252,251,447,-196
110000253,1048,741,307
110000254,634,2309,-1675
110000255,277,1965,-1688
110000256,425,342,83
110000257,779,598,181
110000258,11,983,-972
110000259,87,33,54
110000260,25,790,-765
110000263,558,186,372
110000264,243,1111,-868
110000265,1170,1760,-590
110000266,2537,2551,-14
110000267,16,336,-320
110000268,379,1020,-641
110000269,3,166,-163
110000270,66,4,62
110000271,3042,340,2702
110000272,1064,1229,-165
110000273,3733,1862,1871
110000274,263,1142,-879
110000275,5219,726,4493
110000276,235,342,-107
110000277,259,794,-535
110000278,285,1423,-1138
110000279,675,909,-234
110000280,264,547,-283
110000281,21,331,-310
110000282,364,75,289
110000283,56,122,-66
110000284,51,67,-16
110000285,4,452,-448
110000286,45,0,45
110000287,70,4,66
110000288,4,201,-197
110000289,674,2117,-1443
110000290,1792,729,1063
110000291,9590,1849,7741
110000292,1351,4150,-2799
110000293,520,1540,-1020
110000294,763,1003,-240
110000295,310,1628,-1318
110000296,433,483,-50
110000297,2748,385,2363
110000298,248,838,-590
110000299,489,69,420
110000301,382,16,366
110000302,242,2253,-2011
110000303,400,7,393
110000304,116,387,-271
110000305,864,32,832
110000306,150,3278,-3128
110000307,1226,15,1211
110000308,584,28,556
110000309,22,2206,-2184
110000310,524,79,445
110000311,31,1402,-1371
110000312,431,70,361
110000313,3302,3248,54
110000314,5,452,-447
110000315,4872,2786,2086
110000316,829,1423,-594
110000317,623,468,155
110000318,5,142,-137
110000319,5,18,-13
110000320,55,61,-6
110000321,9,48,-39
110000322,235,907,-672
110000323,298,269,29
110000324,6940,1528,5412
110000325,3132,2457,675
110000327,649,426,223
110000328,221,792,-571
110000333,766,538,228
110000334,632,1933,-1301
110000335,858,763,95
110000336,584,1784,-1200
110000337,1193,761,432
110000338,281,362,-81
110000339,223,332,-109
110000340,70,319,-249
110000341,397,782,-385
110000342,714,12,702
110000343,1,28,-27
110000344,230,344,-114
110000345,277,113,164
110000346,3066,1712,1354
110000347,1111,843,268
110000348,12,29,-17
110000349,11,19,-8
110000350,47,7,40
110000351,679,1170,-491
110000352,515,1975,-1460
110000353,4798,870,3928
110000354,1431,2895,-1464
110000355,109,113,-4
110000356,896,7,889
110000357,343,23,320
110000361,15,99,-84
110000362,65,354,-289
110000363,269,162,107
110000364,213,495,-282
110000365,157,1,156
110000366,3,146,-143
110000367,374,515,-141
110000368,11,99,-88
110000369,41,0,41
110000373,9,418,-409
110000374,121,8,113
110000375,219,1407,-1188
110000376,33,109,-76
110000377,85,488,-403
110000378,41,395,-354
110000379,6023,1679,4344
110000380,84,42,42
110000383,1,1292,-1291
110000384,2606,1149,1457
110000385,1,385,-384
110000387,70,2,68
110000388,60,288,-228
110000389,777,54,723
110000391,391,586,-195
110000396,114,208,-94
110000397,112,416,-304
110000398,6,49,-43
110000399,174,2,172
110000587,96,95,1
110000589,174,244,-70
110000640,161,138,23
110000652,21,197,-176
110000653,242,714,-472
110000654,29,65,-36
110000656,3,932,-929
110000674,24,37,-13
110000675,28,36,-8
110000676,6,160,-154
110000679,545,1052,-507
110000682,118,169,-51
110000683,539,685,-146
110000684,4,98,-94
110000685,6,22,-16
110000686,4,52,-48
110000687,20,5,15
110000688,69,854,-785
110000689,23,68,-45
110000692,125,456,-331
110000693,244,298,-54
110000694,0,203,-203
110000695,277,1023,-746
110000696,246,332,-86
110900001,246,30,216
110900002,191,323,-132
110900003,497,1396,-899
110900004,300,343,-43
110900005,7300,1952,5348
110900006,53,6,47
110900007,111,15,96
110900008,47,41,6
110900009,412,50,362
110900010,7,127,-120
110900011,26,214,-188
110900012,10,179,-169
110900013,916,260,656
110900014,199,12,187
110900015,1470,611,859
110900016,40,289,-249
110900017,360,64,296
110900018,441,67,374
110900019,110,40,70
110900020,87,887,-800
110900021,72,983,-911
110900022,154,567,-413
110900023,129,1053,-924
110900024,35,683,-648
110900025,15,114,-99
110900027,62,445,-383
110900028,48,315,-267
110900029,37,695,-658
110900030,23,709,-686
110900031,1,251,-250
110900032,1,193,-192
110900033,34,545,-511
110900035,42,821,-779
110900036,136,38,98
110900037,62,43,19
110900038,2243,330,1913
110900039,10,368,-358
110900040,231,54,177
110900041,11,272,-261
110900042,66,82,-16
110900043,6,242,-236
110900044,285,27,258
110900045,56,1002,-946
110900046,228,384,-156
110900047,1267,205,1062
110900049,101,86,15
110900050,18,4,14
110900051,42,277,-235
110900052,4,333,-329
110900053,100,77,23
110900054,38,518,-480
110900055,12,5,7
110900056,44,188,-144
110900057,6,316,-310
110900058,174,435,-261
110900059,846,1352,-506
110900060,468,161,307
110900061,37,67,-30
110900062,109,468,-359
110900063,54,148,-94
110900064,9,0,9
110900065,389,156,233
110900066,30,121,-91
110900067,816,685,131
110900068,295,388,-93
110900069,6,49,-43
110900070,148,78,70
110900071,343,443,-100
110900073,1,40,-39
110900074,276,119,157
110900075,403,100,303
110900077,609,562,47
110900078,25,216,-191
110900079,2357,887,1470
110900080,70,84,-14
110900081,4,160,-156
110900082,79,379,-300
110900083,105,31,74
110900084,69,374,-305
110900085,57,692,-635
110900086,64,291,-227
110900087,274,100,174
110900088,13,0,13
110900090,72,33,39
110900091,3,78,-75
110900093,408,69,339
110900095,53,86,-33
110900097,19,26,-7
110900098,48,255,-207
110900099,68,1161,-1093
110900100,2,26,-24
110900102,51,26,25
110900105,1213,746,467
110900108,9,221,-212
110900111,465,190,275
110900112,659,14,645
110900113,642,46,596
110900115,4,160,-156
110900116,436,4111,-3675
110900118,172,2222,-2050
110900119,7946,425,7521
110900120,17,215,-198
110900121,94,2,92
110900122,237,203,34
110900125,387,369,18
110900127,458,1044,-586
110900128,149,284,-135
110900129,427,569,-142
110900130,1541,491,1050
110900131,237,61,176
110900132,272,103,169
110900133,118,436,-318
110900135,122,868,-746
110900136,309,8,301
110900137,73,1,72
110900138,1112,558,554
110900139,26,60,-34
110900140,69,6,63
110900141,7,135,-128
110900142,70,360,-290
110900143,117,92,25
110900144,1,1116,-1115
110900145,101,36,65
110900146,625,135,490
110900147,383,344,39
110900148,3,624,-621
110900149,5,110,-105
110900150,48,32,16
110900151,6,89,-83
110900152,27,558,-531
110900153,75,62,13
111000001,308,271,37
111000002,472,754,-282
111000003,976,769,207
111000004,614,1414,-800
111000005,1339,1149,190
111000006,1052,1748,-696
111000007,7117,3085,4032
111000008,4652,4240,412
111000009,442,1239,-797
111000010,852,356,496
111000011,453,1134,-681
111000012,621,420,201
111000013,385,1571,-1186
111000014,979,703,276
111000017,143,880,-737
111000018,282,533,-251
111000020,3818,3218,600
111000021,240,187,53
111000023,205,215,-10
111000025,10260,3449,6811
111000029,92,113,-21
111000030,35,116,-81
111000031,2548,1233,1315
111000032,643,301,342
111000033,335,253,82
111000034,668,259,409
111000037,5134,1743,3391
111000038,3805,3941,-136
111000039,1626,3811,-2185
111000040,1873,4220,-2347
111000041,1929,2789,-860
111000042,8644,3664,4980
111000043,2623,2314,309
111000044,1463,1216,247
111000045,1683,2444,-761
111000046,1211,1794,-583
111000047,1879,2919,-1040
111000049,372,842,-470
111000050,2623,2400,223
111000051,468,1554,-1086
111000052,690,2026,-1336
111000053,499,1645,-1146
111000054,256,1740,-1484
111000055,1652,2955,-1303
111000056,124,993,-869
111000057,101,1402,-1301
111000058,220,156,64
111000059,449,366,83
111000060,3393,911,2482
111000061,560,403,157
111000062,738,332,406
111000063,1741,1170,571
111000064,478,862,-384
111000065,1024,1097,-73
111000066,359,442,-83
111000067,521,892,-371
111000068,407,1058,-651
111000069,1908,2672,-764
111000070,3298,1551,1747
111000071,177,815,-638
111000072,757,461,296
111000073,272,801,-529
111000074,1543,1959,-416
111000075,980,1354,-374
111000076,474,1315,-841
111000077,1357,1863,-506
111000078,2421,1662,759
111000079,1511,1023,488
111000080,475,811,-336
111000081,2962,4924,-1962
111000082,607,928,-321
111000084,724,727,-3
111000085,1089,1966,-877
111000086,4940,1655,3285
111000087,833,1127,-294
111000088,10373,2463,7910
111000089,738,1202,-464
111000090,1578,1855,-277
111000091,845,943,-98
111000092,1225,1501,-276
111000093,569,1057,-488
111000094,1867,1261,606
111000095,1023,2546,-1523
111000096,3497,8079,-4582
111000097,8224,1359,6865
111000098,799,1678,-879
111000099,729,3510,-2781
111000100,395,3281,-2886
111000101,517,1249,-732
111000102,197,1499,-1302
111000104,379,356,23
111000107,74,1421,-1347
111000109,354,307,47
111000110,1219,801,418
111000111,1559,655,904
111000112,1364,546,818
111000113,688,1055,-367
111000114,1466,2475,-1009
111000115,10770,1457,9313
111000116,972,1272,-300
111000117,619,1283,-664
111000118,1518,1426,92
111000119,917,2417,-1500
111000120,452,736,-284
111000121,274,783,-509
111000122,607,1250,-643
111000123,1159,4769,-3610
111000124,634,5263,-4629
111000125,241,3025,-2784
111000126,139,1499,-1360
111000127,713,189,524
111000128,1268,401,867
111000129,1930,604,1326
111000130,1534,839,695
111000131,1168,723,445
111000132,887,576,311
111000133,126,212,-86
111000134,151,163,-12
111000135,53,171,-118
111000136,337,323,14
111000138,8,17,-9
111000140,0,9,-9
111000141,218,590,-372
111000142,13,162,-149
111000143,1,124,-123
111000144,20,153,-133
111000145,776,15,761
111000146,56,9,47
111000147,154,36,118
111000148,219,168,51
111000149,1,43,-42
111000150,11,8,3
111000151,2,26,-24
111000153,719,794,-75
111000154,872,279,593
111000155,133,251,-118
111000156,514,586,-72
111000157,213,1008,-795
111000158,1056,699,357
111000159,3775,855,2920
111000160,298,507,-209
111000161,18,395,-377
111000162,24,203,-179
111000163,472,966,-494
111000164,1026,3765,-2739
111000165,1767,701,1066
111000166,2327,568,1759
111000167,208,745,-537
111000168,255,651,-396
111000169,349,815,-466
111000170,566,598,-32
111000171,433,1365,-932
111000172,126,786,-660
111000173,213,1922,-1709
111000174,153,1189,-1036
111000175,57,437,-380
111000176,263,260,3
111000177,195,354,-159
111000178,833,345,488
111000179,119,282,-163
111000180,207,470,-263
111000181,935,410,525
111000182,169,286,-117
111000183,334,389,-55
111000184,344,283,61
111000185,410,637,-227
111000186,310,372,-62
111000187,110,372,-262
111000188,217,713,-496
111000189,1997,695,1302
111000190,204,647,-443
111000191,148,634,-486
111000192,277,813,-536
111000193,590,513,77
111000194,36,589,-553
111000195,111,643,-532
111000196,62,449,-387
111000197,231,190,41
111000198,448,148,300
111000199,121,180,-59
111000200,218,385,-167
111000201,440,382,58
111000202,149,270,-121
111000203,212,249,-37
111000204,251,618,-367
111000213,175,470,-295
111000214,1596,2300,-704
111000215,1015,1943,-928
111000217,1262,1282,-20
111000218,1039,1199,-160
111000219,467,304,163
111000220,4501,822,3679
111000221,878,297,581
111000224,2,323,-321
111000225,281,63,218
111000226,293,1,292
111000227,54,6,48
111000228,25,270,-245
111000229,52,572,-520
111000230,351,917,-566
111000231,755,2336,-1581
111000232,492,1134,-642
111000233,430,831,-401
111000234,120,341,-221
111000239,150,307,-157
111000240,49,213,-164
111000241,69,625,-556
111000242,107,108,-1
111000243,67,1276,-1209
111000244,322,137,185
111000245,923,909,14
111000246,350,894,-544
111000247,164,1481,-1317
111000248,667,611,56
111000249,470,1106,-636
111000250,45,229,-184
111000251,68,236,-168
111000253,12,44,-32
111000255,7,17,-10
111000257,23,13,10
111000260,77,1914,-1837
111000261,858,103,755
111000271,46,337,-291
111000273,10639,1992,8647
111000274,1381,2336,-955
111000275,118,109,9
111000276,338,3229,-2891
111000277,256,637,-381
111000278,641,320,321
111000291,480,3911,-3431
111000298,530,378,152
111000299,684,143,541
111000300,90,971,-881
111000302,227,129,98
111000303,69,455,-386
111000312,50,106,-56
111000315,1,124,-123
111000320,460,1151,-691
111000321,262,90,172
111000322,256,731,-475
111000323,158,23,135
111000324,361,403,-42
111000325,40,66,-26
111000326,166,363,-197
111000327,390,822,-432
111000328,198,560,-362
111000329,2,20,-18
111000330,20,14,6
111000331,11,9,2
111000332,454,1965,-1511
111000334,472,2208,-1736
111000335,551,207,344
111000337,876,626,250
111000338,39,188,-149
111000339,247,963,-716
111000340,107,1290,-1183
111000341,822,501,321
111000342,162,395,-233
111000344,873,1110,-237
111000345,278,51,227
111000346,42,153,-111
111000347,81,0,81
111000350,165,226,-61
111000351,141,267,-126
111000352,143,367,-224
111000353,165,385,-220
111000354,478,608,-130
111000355,301,1164,-863
111000358,144,2901,-2757
111000360,150,1561,-1411
111000361,165,673,-508
111000546,469,1096,-627
111000547,341,1326,-985
111000548,97,315,-218
111000549,266,858,-592
111000550,57,631,-574
111000551,827,286,541
111000552,1133,90,1043
111000907,279,18,261
111000908,9,0,9
111000916,1065,379,686
111000917,33,549,-516
111000918,190,1856,-1666
111000920,258,11,247
111000921,4,297,-293
111000922,277,431,-154
111000924,41,1955,-1914
111000925,2010,2356,-346
111000926,1077,3266,-2189
111000927,2932,5362,-2430
111000928,7716,5340,2376
111000929,1006,1282,-276
111000930,827,3460,-2633
111000931,1899,2367,-468
111000932,5105,3375,1730
111000933,3862,2181,1681
111000934,2767,4220,-1453
111000935,1104,1126,-22
111000936,1141,3096,-1955
111000937,738,1472,-734
111000938,2180,2913,-733
111000939,250,76,174
111000940,322,311,11
111000941,271,1067,-796
111000943,305,343,-38
111000944,117,766,-649
111000945,66,3699,-3633
111001109,499,256,243
111001110,256,793,-537
111001111,51,7,44
111001112,162,29,133
111001113,7,200,-193
111001114,1430,103,1327
111001115,19,420,-401
111001116,7757,2920,4837
111001117,1097,1336,-239
111001120,85,647,-562
111001121,153,490,-337
111001122,207,773,-566
111001123,86,123,-37
111900001,6,217,-211
111900002,17,1421,-1404
111900003,4,705,-701
111900004,45,264,-219
111900006,7,17,-10
111900007,77,5,72
111900008,116,3,113
111900009,160,317,-157
111900010,360,825,-465
111900012,64,198,-134
111900013,17,82,-65
111900014,11084,2994,8090
111900015,0,145,-145
111900016,2,258,-256
111900017,2,243,-241
111900018,87,2,85
111900019,1,192,-191
111900020,9,78,-69
111900021,36,143,-107
111900022,17,108,-91
111900023,217,88,129
111900024,0,83,-83
111900025,0,79,-79
111900026,0,168,-168
111900027,8,239,-231
111900028,3,646,-643
111900029,9,182,-173
111900030,78,768,-690
111900031,15,80,-65
111900032,3,583,-580
111900033,10,190,-180
111900034,348,884,-536
111900035,45,338,-293
111900036,1,591,-590
111900038,462,1015,-553
111900039,65,744,-679
111900040,5,1008,-1003
111900042,53,165,-112
111900043,8,630,-622
111900044,368,471,-103
111900046,41,383,-342
111900048,176,1491,-1315
111900049,42,427,-385
111900050,106,22,84
111900051,3,459,-456
111900052,496,840,-344
111900053,2043,869,1174
111900054,158,2,156
111900055,32,998,-966
111900056,276,180,96
111900057,50,42,8
111900058,325,1250,-925
111900059,4155,417,3738
111900060,362,5,357
111900061,20,446,-426
111900062,16,39,-23
111900063,204,347,-143
111900064,149,499,-350
111900065,68,30,38
111900066,125,146,-21
111900067,2,652,-650
111900068,63,40,23
111900069,40,27,13
111900070,120,139,-19
111900071,1,508,-507
111900072,37,11,26
111900073,477,114,363
111900074,23,428,-405
111900075,64,10,54
111900076,93,47,46
111900077,48,3,45
111900078,215,8,207
111900079,42,15,27
111900080,253,276,-23
111900081,1433,178,1255
111900082,119,17,102
111900083,102,7,95
111900084,77,7,70
111900085,38,79,-41
111900086,28,6,22
111900087,28,0,28
111900088,351,8,343
111900089,116,4,112
111900090,67,35,32
111900091,137,3,134
111900092,64,0,64
111900093,275,2,273
111900094,80,0,80
111900095,137,27,110
111900096,122,0,122
111900097,29,0,29
111900098,119,1,118
111900099,61,0,61
111900100,101,7,94
111900101,80,22,58
111900102,383,1209,-826
111900103,96,58,38
111900104,106,80,26
111900105,363,170,193
111900106,2860,96,2764
111900107,129,202,-73
111900108,183,147,36
111900109,878,365,513
111900110,3799,464,3335
111900111,95,374,-279
111900112,1492,1893,-401
111900113,316,77,239
111900114,302,187,115
111900115,26,61,-35
111900118,208,68,140
111900119,259,146,113
111900122,103,46,57
111900123,17,28,-11
111900124,33,168,-135
111900125,459,33,426
111900126,287,7,280
111900127,1,1191,-1190
111900128,5,1087,-1082
111900129,258,19,239
111900130,213,31,182
111900131,335,7,328
111900132,71,2513,-2442
111900133,16,754,-738
111900134,29,469,-440
111900135,13,28,-15
111900136,90,207,-117
111900137,73,80,-7
111900138,17,180,-163
111900139,23,325,-302
111900140,64,48,16
111900141,53,10,43
111900142,119,24,95
111900143,42,334,-292
111900144,12,364,-352
111900145,4,1094,-1090
111900146,4,583,-579
111900147,199,816,-617
111900148,45,1409,-1364
111900149,6,588,-582
111900150,20,302,-282
111900151,5,25,-20
111900152,127,65,62
111900153,2843,359,2484
111900154,10,213,-203
111900155,78,56,22
111900156,24,54,-30
111900157,76,11,65
111900158,309,32,277
111900159,199,13,186
111900160,230,0,230
111900161,92,19,73
111900162,123,191,-68
111900163,62,395,-333
111900164,80,60,20
111901113,304,292,12
111901114,166,657,-491
111901115,87,4,83
111901116,58,0,58
111901117,18,33,-15
111901118,278,236,42
111901119,2589,226,2363
111901120,176,585,-409
111901121,268,745,-477
111901122,10,1048,-1038
111901123,118,606,-488
111901124,117,4,113
111901125,278,291,-13
111901126,90,50,40
111901127,1873,477,1396
111901128,32,236,-204
111901129,6,385,-379
111901130,17,542,-525
111901131,5,336,-331
111901132,80,19,61
111901133,45,2,43
111901134,88,5,83
111901135,16,22,-6
111901136,30,44,-14
111901137,1,28,-27
111901138,145,59,86
111901139,51,82,-31
111901140,16,242,-226
111901141,10,536,-526
111901142,4,318,-314
111901143,6,256,-250
111901144,24,44,-20
111901145,116,242,-126
112000001,1940,1252,688
112000002,855,3323,-2468
112000003,890,1384,-494
112000004,777,2463,-1686
112000005,2502,2671,-169
112000006,2266,3115,-849
112000007,2035,1623,412
112000008,2327,4320,-1993
112000009,4862,5345,-483
112000010,2365,3226,-861
112000011,2179,3423,-1244
112000012,5833,3268,2565
112000013,6594,4473,2121
112000014,3084,1173,1911
112000015,3509,3936,-427
112000016,5808,1213,4595
112000017,2536,2443,93
112000024,2820,1177,1643
112000026,6025,7715,-1690
112000027,994,526,468
112000028,2245,2404,-159
112000029,493,720,-227
112000030,196,202,-6
112000031,1905,4268,-2363
112000032,600,107,493
112000033,2065,1460,605
112000034,231,84,147
112000035,112,446,-334
112000036,915,1123,-208
112000037,1476,997,479
112000038,1435,1150,285
112000039,49,120,-71
112000040,212,355,-143
112000041,674,595,79
112000042,1494,364,1130
112000050,975,2051,-1076
112000051,925,1239,-314
112000054,2317,3423,-1106
112000057,723,520,203
112000058,397,855,-458
112000059,957,817,140
112000061,5928,2827,3101
112000062,2590,1059,1531
112000063,1982,1336,646
112000064,5873,7984,-2111
112000065,2702,3756,-1054
112000066,3266,1260,2006
112000067,844,981,-137
112000068,2643,1920,723
112000069,722,3031,-2309
112000070,1858,921,937
112000071,804,4054,-3250
112000072,1546,1285,261
112000073,1426,2356,-930
112000074,928,1279,-351
112000075,1191,1519,-328
112000076,3540,3545,-5
112000077,443,1010,-567
112000078,1338,918,420
112000079,1396,1693,-297
112000080,662,1309,-647
112000081,1508,2624,-1116
112000082,1452,981,471
112000083,584,1884,-1300
112000084,1112,1010,102
112000085,936,1642,-706
112000086,1295,2035,-740
112000087,304,635,-331
112000088,386,1015,-629
112000089,331,396,-65
112000090,210,574,-364
112000091,609,1703,-1094
112000092,1539,1189,350
112000093,1720,1520,200
112000094,476,1037,-561
112000095,537,1094,-557
112000096,440,892,-452
112000097,789,641,148
112000098,1253,2460,-1207
112000099,670,1043,-373
112000100,1381,1436,-55
112000101,471,1425,-954
112000102,875,870,5
112000103,384,1912,-1528
112000105,544,2706,-2162
112000106,1129,563,566
112000107,15,265,-250
112000108,168,2459,-2291
112000109,54,93,-39
112000110,1295,492,803
112000111,1763,6414,-4651
112000112,4647,837,3810
112000113,1244,2822,-1578
112000114,3281,1535,1746
112000115,376,705,-329
112000116,705,1731,-1026
112000117,996,1209,-213
112000118,1174,1203,-29
112000119,521,1521,-1000
112000120,55,627,-572
112000121,71,1134,-1063
112000122,194,188,6
112000123,389,179,210
112000124,224,72,152
112000125,126,166,-40
112000126,134,1222,-1088
112000127,3226,2149,1077
112000128,1579,1087,492
112000129,103,151,-48
112000130,121,87,34
112000131,21,713,-692
112000132,123,381,-258
112000133,334,621,-287
112000134,399,543,-144
112000135,1097,964,133
112000136,1330,1646,-316
112000137,1798,2288,-490
112000138,2316,1649,667
112000139,1106,473,633
112000140,1145,1501,-356
112000141,577,271,306
112000142,156,1329,-1173
112000143,948,258,690
112000144,368,2750,-2382
112000145,1833,797,1036
112000146,735,3451,-2716
112000147,1504,1918,-414
112000148,1862,3113,-1251
112000149,246,1238,-992
112000150,140,976,-836
112000151,360,1115,-755
112000152,301,577,-276
112000153,185,491,-306
112000154,128,188,-60
112000155,144,166,-22
112000157,948,620,328
112000158,282,1438,-1156
112000159,372,492,-120
112000167,278,62,216
112000169,483,430,53
112000173,489,282,207
112000175,461,657,-196
112000176,5268,2748,2520
112000177,523,132,391
112000178,65,935,-870
112000179,188,211,-23
112000180,221,395,-174
112000181,1439,3058,-1619
112000182,906,3412,-2506
112000183,43,77,-34
112000184,274,1023,-749
112000185,371,786,-415
112000187,3805,3246,559
112000195,205,12,193
112000196,162,4,158
112000197,156,138,18
112000198,46,493,-447
112000199,1465,1406,59
112000202,260,2,258
112000216,70,280,-210
112000230,66,7,59
112000231,3,441,-438
112000256,32,221,-189
112000313,257,260,-3
112000314,45,25,20
112000337,239,735,-496
112000352,293,316,-23
112000392,2361,1956,405
112000398,988,888,100
112000399,3879,1798,2081
112000400,2434,5261,-2827
112000401,3187,3585,-398
112000402,2028,2883,-855
112000403,2597,2327,270
112000404,516,749,-233
112000405,1548,2967,-1419
112000406,4550,4340,210
112000407,4959,7550,-2591
112000408,10777,9824,953
112000409,1992,6885,-4893
112000410,519,199,320
112000411,7963,1444,6519
112000412,1819,624,1195
112000413,14620,4046,10574
112000414,113,150,-37
112000415,82,94,-12
112000416,1750,1519,231
112000417,227,97,130
112000421,34,268,-234
112000422,339,1056,-717
112000424,4287,2071,2216
112000425,523,1590,-1067
112000426,133,337,-204
112000427,2,13,-11
112000428,158,801,-643
112000429,2510,3433,-923
112000430,2608,3648,-1040
112000431,88,169,-81
112000432,785,3142,-2357
112000433,702,1355,-653
112000437,72,383,-311
112900001,60,1,59
112900002,296,1879,-1583
112900003,47,526,-479
112900004,32,523,-491
112900005,121,252,-131
112900006,14,693,-679
112900007,32,301,-269
112900008,0,49,-49
112900009,473,86,387
112900010,275,1090,-815
112900011,454,487,-33
112900012,0,108,-108
112900013,2,493,-491
112900014,4,374,-370
112900015,498,1522,-1024
112900016,5,503,-498
112900017,54,409,-355
112900018,1,516,-515
112900019,105,200,-95
112900020,571,2209,-1638
112900021,5,474,-469
112900022,28,100,-72
112900023,1,404,-403
112900024,29,347,-318
112900025,186,452,-266
112900026,5,444,-439
112900027,10,1862,-1852
112900028,37,179,-142
112900029,22,1127,-1105
112900030,303,335,-32
112900031,4,762,-758
112900032,154,365,-211
112900034,2,105,-103
112900035,8,690,-682
112900036,31,205,-174
112900037,183,182,1
112900038,428,228,200
112900039,16,499,-483
112900040,6,609,-603
112900041,1932,1288,644
112900042,66,800,-734
112900043,36,61,-25
112900044,1063,693,370
112900045,698,497,201
112900046,270,150,120
112900047,24,29,-5
112900049,106,88,18
112900050,97,849,-752
112900051,362,1274,-912
112900052,19,1927,-1908
112900053,376,216,160
112900054,433,39,394
112900055,185,38,147
112900056,495,229,266
112900057,15,1137,-1122
112900058,321,263,58
112900059,171,186,-15
112900060,23,507,-484
112900061,54,186,-132
112900062,64,228,-164
112900063,117,7,110
112900064,245,303,-58
112900065,78,22,56
112900066,238,114,124
112900067,776,277,499
112900068,58,26,32
112900069,3605,699,2906
112900071,24,2,22
112900072,481,1429,-948
112900073,278,62,216
112900074,103,169,-66
112900075,3079,771,2308
112900076,135,18,117
112900078,258,309,-51
112900079,261,13,248
112900080,18,5,13
112900081,23,148,-125
112900082,273,29,244
112900083,160,55,105
112900084,111,64,47
112900085,0,16,-16
112900086,74,0,74
112900087,454,109,345
112900088,133,10,123
112900089,641,43,598
112900090,38,13,25
112900091,162,6,156
112900092,179,240,-61
112900093,1353,15,1338
112900094,80,7,73
112900095,15,1,14
112900096,294,121,173
112900097,83,735,-652
112900098,81,3,78
112900099,488,10,478
112900100,51,0,51
112900101,235,2,233
112900102,139,9,130
112900103,124,3,121
112900104,29,2,27
112900105,9,0,9
112900106,361,146,215
112900107,6,0,6
112900108,46,1,45
112900109,70,0,70
112900110,716,7,709
112900111,411,1,410
112900112,274,2,272
112900113,0,16,-16
112900114,81,48,33
112900115,641,1,640
112900116,64,51,13
112900117,94,157,-63
112900118,41,121,-80
112900119,117,0,117
112900120,940,314,626
112900121,395,295,100
112900122,31,208,-177
112900123,171,11,160
112900124,6,233,-227
112900125,100,654,-554
112900126,216,319,-103
112900127,348,74,274
112900128,584,1205,-621
112900129,5,1470,-1465
112900130,242,80,162
112900131,60,313,-253
112900132,86,557,-471
112900133,43,1687,-1644
112900134,4,466,-462
112900135,73,76,-3
112900136,3,49,-46
112900137,2,1083,-1081
112900138,9,636,-627
112900139,338,1829,-1491
112900140,0,121,-121
112900141,626,41,585
112900142,80,173,-93
112900143,77,896,-819
112900144,0,458,-458
112900145,28,690,-662
112900146,11,2206,-2195
112900147,10,3484,-3474
112900148,61,1,60
112900149,214,834,-620
112900151,27,46,-19
112900152,6379,1291,5088
112900153,2515,1781,734
112900154,0,151,-151
112900155,199,20,179
112900156,376,2642,-2266
112900157,171,14,157
112900158,17,17,0
112900159,243,65,178
112900160,34,428,-394
112900161,102,22,80
112900162,44,14,30
112900163,185,35,150
112900164,31,165,-134
112900165,104,80,24
112900166,43,65,-22
112900167,4,46,-42
112900168,2,5,-3
112900169,8,12,-4
112900170,45,155,-110
112900172,92,10,82
112900173,342,164,178
112900174,344,25,319
112900175,182,212,-30
112900176,19,31,-12
112900177,209,28,181
112900178,821,1973,-1152
112900179,45,669,-624
112900180,1703,2738,-1035
112900181,377,3,374
112900182,48,2067,-2019
112900183,168,305,-137
112900184,549,485,64
112900185,351,676,-325
112900186,2093,1019,1074
112900187,140,529,-389
112900188,864,480,384
112900189,68,34,34
112900190,11,96,-85
112900192,641,567,74
112900193,1476,351,1125
112900194,31,217,-186
112900195,733,38,695
112900196,317,758,-441
112900197,185,638,-453
112900199,464,955,-491
112900200,437,424,13
112900201,67,150,-83
112900202,299,1566,-1267
112900203,160,537,-377
112900204,1297,578,719
112900205,1,29,-28
112900206,9,103,-94
112900207,13,1,12
112900208,95,172,-77
112900209,586,614,-28
112900210,0,22,-22
112900211,98,103,-5
112900212,0,109,-109
112900213,33,12,21
112900214,45,15,30
112900215,7,354,-347
112900216,58,139,-81
112900217,1,90,-89
112900218,26,37,-11
112900219,25,15,10
112900220,9,0,9
112900221,15,310,-295
112900222,1,40,-39
112900223,816,22,794
112900224,209,1366,-1157
112900225,350,946,-596
112900226,317,439,-122
112900227,369,2110,-1741
112900228,22,40,-18
112900229,122,90,32
112900230,11272,4945,6327
112900232,228,198,30
112900233,59,369,-310
112900234,14,176,-162
112900235,74,26,48
112900236,204,19,185
112900237,114,490,-376
112900238,4,64,-60
112900239,573,446,127
113000001,5273,7978,-2705
113000002,4094,5408,-1314
113000003,2341,3236,-895
113000004,2413,3325,-912
113000005,1508,1642,-134
113000006,1337,2079,-742
113000007,1545,1778,-233
113000008,1795,2599,-804
113000009,1056,1217,-161
113000010,1249,2240,-991
113000011,1020,2395,-1375
113000012,1413,1227,186
113000013,1426,810,616
113000014,2226,2512,-286
113000015,973,378,595
113000016,621,886,-265
113000017,108,333,-225
113000018,362,73,289
113000019,164,311,-147
113000020,184,43,141
113000021,1699,707,992
113000022,798,1871,-1073
113000025,117,429,-312
113000026,380,612,-232
113000027,1399,494,905
113000028,2199,591,1608
113000029,1235,768,467
113000030,686,827,-141
113000031,329,426,-97
113000032,371,450,-79
113000033,417,631,-214
113000034,513,640,-127
113000035,25,67,-42
113000036,44,77,-33
113000037,112,54,58
113000038,27,75,-48
113000039,92,744,-652
113000040,36,106,-70
113000042,1230,847,383
113000051,973,2998,-2025
113000052,2841,1682,1159
113000053,360,815,-455
113000054,318,1253,-935
113000055,1073,1359,-286
113000056,933,1752,-819
113000058,816,1121,-305
113000059,1448,852,596
113000060,207,722,-515
113000061,1185,1266,-81
113000062,1712,303,1409
113000063,115,458,-343
113000064,41,745,-704
113000065,257,1761,-1504
113000066,601,157,444
113000067,1713,2023,-310
113000068,449,3003,-2554
113000069,688,2186,-1498
113000070,1810,1371,439
113000071,432,1045,-613
113000072,666,676,-10
113000073,747,2279,-1532
113000074,1088,555,533
113000075,2213,838,1375
113000076,1489,2740,-1251
113000077,1667,675,992
113000078,1056,3103,-2047
113000079,847,968,-121
113000080,776,805,-29
113000081,1061,1070,-9
113000082,1579,924,655
113000083,665,1002,-337
113000084,1945,1572,373
113000085,960,999,-39
113000086,1273,2020,-747
113000087,1087,992,95
113000088,3137,1985,1152
113000089,1070,1628,-558
113000090,302,629,-327
113000091,865,419,446
113000094,1194,261,933
113000095,233,1633,-1400
113000096,196,1368,-1172
113000097,1305,454,851
113000098,164,50,114
113000099,1189,407,782
113000100,154,585,-431
113000101,438,830,-392
113000102,580,390,190
113000103,3169,777,2392
113000104,440,3956,-3516
113000105,754,670,84
113000106,525,838,-313
113000107,807,1201,-394
113000108,1114,2137,-1023
113000109,683,5585,-4902
113000110,1797,620,1177
113000111,238,1012,-774
113000112,255,400,-145
113000113,2531,379,2152
113000114,386,2355,-1969
113000116,971,295,676
113000117,1320,154,1166
113000118,255,548,-293
113000119,281,525,-244
113000120,73,268,-195
113000121,875,1393,-518
113000124,254,200,54
113000125,83,727,-644
113000127,4727,675,4052
113000128,791,827,-36
113000129,757,2147,-1390
113000133,5853,2101,3752
113000134,6,1390,-1384
113000135,3751,4129,-378
113000137,2831,3265,-434
113000139,493,207,286
113000140,199,424,-225
113000141,531,209,322
113000142,830,1745,-915
113000143,409,292,117
113000144,402,1040,-638
113000145,63,280,-217
113000146,148,120,28
113000147,206,240,-34
113000148,122,243,-121
113000149,71,221,-150
113000150,622,644,-22
113000151,92,115,-23
113000152,28,224,-196
113000153,2659,868,1791
113000154,937,2353,-1416
113000155,365,652,-287
113000156,181,638,-457
113000157,258,1261,-1003
113000158,710,270,440
113000159,982,813,169
113000160,653,1887,-1234
113000161,246,957,-711
113000162,779,607,172
113000163,83,50,33
113000164,13,131,-118
113000166,116,104,12
113000167,19,262,-243
113000168,62,213,-151
113000169,165,108,57
113000170,90,148,-58
113000171,47,117,-70
113000172,268,104,164
113000173,40,37,3
113000174,122,769,-647
113000175,366,174,192
113000176,530,225,305
113000177,202,592,-390
113000178,220,577,-357
113000179,367,192,175
113000180,843,2090,-1247
113000181,1017,1475,-458
113000182,286,600,-314
113000183,209,711,-502
113000184,17,149,-132
113000189,637,1066,-429
113000190,1689,775,914
113000192,3123,1879,1244
113000193,7863,1194,6669
113000194,2518,1419,1099
113000195,3184,813,2371
113000196,188,127,61
113000197,2319,1537,782
113000198,78,474,-396
113000199,1567,679,888
113000201,926,191,735
113000202,5552,4161,1391
113000203,548,338,210
113000204,2390,2002,388
113000205,28,30,-2
113000206,12,49,-37
113000207,68,40,28
113000208,57,71,-14
113000209,39,33,6
113000210,7,48,-41
113000211,265,236,29
113000212,287,33,254
113000213,38,275,-237
113000214,217,397,-180
113000234,213,1788,-1575
113000410,349,324,25
113000411,3590,6104,-2514
113000412,12124,3018,9106
113000413,4456,3691,765
113000414,11184,15956,-4772
113000415,3125,4138,-1013
113000416,12808,5607,7201
113000417,4290,4716,-426
113000418,4155,3400,755
113000419,2117,2929,-812
113000420,4702,6607,-1905
113000421,5000,7188,-2188
113000422,19056,13269,5787
113000423,3200,5610,-2410
113000424,5254,11067,-5813
113000425,15,89,-74
113000428,381,125,256
113000430,45,375,-330
113000432,1923,189,1734
113000433,164,1449,-1285
113000434,18,377,-359
113000435,31,1499,-1468
113000436,45,2322,-2277
113000437,787,25,762
113000438,302,60,242
113000439,18,237,-219
113000440,97,20,77
113000441,146,331,-185
113000442,163,364,-201
113000443,131,518,-387
113000444,165,429,-264
113000445,81,226,-145
113000446,12,82,-70
113000448,361,289,72
113000449,400,908,-508
113000450,1218,4389,-3171
113000451,2144,256,1888
113000452,622,593,29
113000453,63,375,-312
113000454,1826,31,1795
113000455,2,235,-233
113000456,5275,3069,2206
113000468,4328,375,3953
113000469,514,260,254
113000470,945,134,811
113000471,17,713,-696
113000472,91,423,-332
113000474,332,725,-393
113000475,1892,2802,-910
113000476,1028,2349,-1321
113000477,2361,2422,-61
113000478,4500,8434,-3934
113000479,83,341,-258
113000480,183,165,18
113000481,0,0,0
113000482,0,0,0
113000483,0,0,0
113000484,0,0,0
113000485,0,0,0
113000486,2,0,2
113000487,0,0,0
113000488,0,0,0
113000489,0,2,-2
113000490,0,14,-14
113000491,11,43,-32
113000492,12,4,8
113000493,1,0,1
113000495,178,258,-80
113000496,62,136,-74
113000500,0,11,-11
113900001,8,392,-384
113900002,0,337,-337
113900003,3,237,-234
113900004,0,83,-83
113900005,0,80,-80
113900006,1,33,-32
113900007,95,43,52
113900008,151,0,151
113900009,475,0,475
113900010,325,2,323
113900011,32,1,31
113900012,31,7,24
113900013,1621,8,1613
113900014,856,3,853
113900015,0,83,-83
113900016,48,0,48
113900017,10,74,-64
113900018,698,216,482
113900019,83,63,20
113900020,92,1,91
113900022,18,1,17
113900023,21,0,21
113900024,41,124,-83
113900025,352,36,316
113900026,38,1,37
113900027,6,133,-127
113900028,11,598,-587
113900029,48,452,-404
113900030,195,1,194
113900031,10,1,9
113900032,17,0,17
113900033,39,113,-74
113900035,90,0,90
113900036,10,191,-181
113900037,105,769,-664
113900038,50,176,-126
113900039,176,15,161
113900040,3,12,-9
113900041,5,2,3
113900042,76,69,7
113900043,233,187,46
113900044,322,143,179
113900045,66,2,64
113900046,288,932,-644
113900047,42,259,-217
113900048,305,78,227
113900049,1123,369,754
113900050,222,595,-373
113900051,285,649,-364
113900052,248,238,10
113900053,565,397,168
113900054,18,19,-1
113900055,95,777,-682
113900056,65,303,-238
113900057,31,494,-463
113900058,86,336,-250
113900059,259,512,-253
113900060,135,371,-236
113900061,1439,287,1152
113900062,117,28,89
113900063,87,205,-118
113900064,61,221,-160
113900065,651,41,610
113900066,323,611,-288
113900067,83,544,-461
113900068,480,513,-33
113900069,79,45,34
113900070,202,614,-412
113900071,98,110,-12
113900072,64,225,-161
113900073,189,570,-381
113900074,56,585,-529
113900075,1352,1218,134
113900076,198,17,181
113900077,67,299,-232
113900078,85,81,4
113900079,0,129,-129
113900080,433,208,225
113900081,41,332,-291
113900082,92,286,-194
113900083,214,886,-672
113900084,316,168,148
113900085,46,452,-406
113900086,23,18,5
113900087,65,309,-244
113900088,55,92,-37
113900089,480,60,420
113900090,664,542,122
113900091,49,66,-17
113900092,51,105,-54
113900093,128,773,-645
113900094,417,574,-157
113900095,148,116,32
113900096,245,86,159
113900097,17,203,-186
113900098,581,100,481
113900099,1,114,-113
113900100,1,8,-7
113900101,19,77,-58
113900102,178,129,49
113900103,313,307,6
113900104,137,199,-62
113900105,86,589,-503
113900106,1,185,-184
113900107,5,47,-42
113900108,327,238,89
113900109,420,211,209
113900110,67,36,31
113900111,106,134,-28
113900112,175,137,38
113900113,941,680,261
113900114,6,164,-158
113900115,2,197,-195
113900116,126,134,-8
113900117,88,34,54
113900118,269,299,-30
113900119,292,580,-288
113900120,64,38,26
113900121,44,126,-82
113900122,471,1885,-1414
113900123,585,187,398
113900124,2,117,-115
113900125,1859,184,1675
113900126,164,75,89
113900127,276,648,-372
113900128,155,88,67
113900129,18,182,-164
113900130,9,34,-25
113900131,217,108,109
113900132,70,64,6
113900133,29,64,-35
113900135,305,753,-448
113900136,157,130,27
113900137,458,278,180
113900138,108,246,-138
113900139,724,136,588
113900140,418,402,16
113900141,456,747,-291
113900142,91,120,-29
113900143,23,31,-8
113900144,402,240,162
113900145,369,278,91
113900146,119,98,21
113900148,158,307,-149
113900149,145,75,70
113900150,1154,955,199
113900151,362,324,38
113900152,41,64,-23
113900153,544,796,-252
113900154,4,178,-174
113900155,258,127,131
113900156,289,821,-532
113900157,51,211,-160
113900158,647,398,249
113900159,16,288,-272
113900160,554,882,-328
113900161,50,280,-230
113900162,757,887,-130
113900163,392,332,60
113900164,380,63,317
113900165,722,618,104
113900166,346,243,103
113900167,192,37,155
113900168,197,149,48
113900169,348,510,-162
113900171,127,78,49
113900172,19,344,-325
113900173,66,1096,-1030
113900174,549,824,-275
113900175,299,198,101
113900176,326,917,-591
113900177,321,292,29
113900178,261,139,122
113900179,25,923,-898
113900180,190,148,42
113900181,558,126,432
113900182,696,1273,-577
113900183,45,114,-69
113900184,30,1193,-1163
113900185,187,114,73
113900186,29,88,-59
113900187,36,185,-149
113900188,72,224,-152
113900189,292,93,199
113900190,348,164,184
113900191,197,332,-135
113900192,15,534,-519
113900193,41,424,-383
113900194,3138,1220,1918
113900195,332,635,-303
113900196,2,168,-166
113900197,5,464,-459
113900198,26,182,-156
113900199,269,977,-708
113900200,22,343,-321
113900201,3,419,-416
113900202,46,398,-352
113900203,0,217,-217
113900204,66,820,-754
113900205,20,246,-226
113900206,10,217,-207
113900207,2,86,-84
113900208,2,85,-83
113900209,1,147,-146
113900210,839,947,-108
113900211,159,84,75
113900212,193,867,-674
113900214,533,548,-15
113900215,81,236,-155
113900216,152,1840,-1688
113900217,53,452,-399
113900218,142,53,89
113900219,142,811,-669
113900220,151,92,59
113900221,467,190,277
113900222,486,574,-88
113900223,156,1497,-1341
113900224,128,77,51
113900225,1003,289,714
113900226,377,204,173
113900227,341,280,61
113900228,431,403,28
113900229,82,726,-644
113900230,6347,3144,3203
113900231,167,374,-207
113900232,92,131,-39
113900233,67,75,-8
113900234,416,494,-78
113900235,86,54,32
113900236,87,616,-529
113900237,147,8,139
113900238,252,581,-329
113900239,73,72,1
113900240,8,132,-124
113900241,124,105,19
113900242,54,212,-158
113900243,175,523,-348
113900244,579,260,319
113900245,1632,338,1294
113900246,33,17,16
113900247,179,337,-158
113900248,4731,2021,2710
113900249,1946,483,1463
113900250,92,185,-93
113900251,633,309,324
113900252,449,20,429
113900253,722,73,649
113900254,710,187,523
113900255,377,29,348
113900256,321,37,284
113900257,56,1113,-1057
113900258,15,918,-903
113900259,436,334,102
113900260,218,51,167
113900261,25,130,-105
113900262,143,1080,-937
113900263,266,746,-480
113900264,8,851,-843
113900265,226,384,-158
113900266,20,330,-310
113900267,130,577,-447
113900268,298,415,-117
113900269,68,195,-127
113900270,507,484,23
113900271,621,1818,-1197
113900273,263,10,253
113900274,39,14,25
113900275,16,49,-33
113900276,8,455,-447
113900277,96,5,91
113900278,353,224,129
113900279,229,179,50
113900280,1373,882,491
113900281,520,1429,-909
113900282,1191,698,493
113900283,397,563,-166
113900284,934,244,690
113900285,144,32,112
113900286,99,179,-80
113900287,28,200,-172
113900288,7,110,-103
113900289,1789,121,1668
113900290,506,158,348
113900291,154,223,-69
113900292,14,16,-2
113900293,9,425,-416
113900294,433,58,375
113900295,518,471,47
113900296,3701,629,3072
113900297,1306,78,1228
113900298,14,2360,-2346
113900299,56,271,-215
113900300,8188,3466,4722
113900301,1300,477,823
113900302,3423,984,2439
113900303,860,438,422
113900304,0,227,-227
113900305,91,0,91
113900306,39,0,39
113900307,86,0,86
113900308,114,155,-41
113900309,5,1586,-1581
113900310,0,39,-39
113900311,6,0,6
113900312,156,183,-27
113900313,32,33,-1
114000001,1432,6004,-4572
114000002,163,708,-545
114000003,43,519,-476
114000004,330,562,-232
114000005,239,306,-67
114000006,3559,3314,245
114000007,689,2092,-1403
114000008,1533,1716,-183
114000009,465,280,185
114000011,2725,5513,-2788
114000012,2034,4445,-2411
114000013,1573,3358,-1785
114000014,430,672,-242
114000015,1549,842,707
114000016,218,575,-357
114000017,124,205,-81
114000018,923,114,809
114000026,1224,2579,-1355
114000027,2487,2855,-368
114000028,2575,2929,-354
114000038,186,163,23
114000039,100,188,-88
114000040,58,167,-109
114000042,146,252,-106
114000043,72,257,-185
114000044,125,80,45
114000045,84,155,-71
114000046,2988,7305,-4317
114000047,18,95,-77
114000048,80,59,21
114000049,1481,1716,-235
114000050,1634,2041,-407
114000051,3676,2303,1373
114000052,3719,1577,2142
114000053,74,843,-769
114000054,165,2396,-2231
114000055,322,45,277
114000056,1333,934,399
114000057,14391,3419,10972
114000058,742,1574,-832
114000059,431,335,96
114000060,653,956,-303
114000061,4514,2427,2087
114000062,2898,1629,1269
114000063,3746,2144,1602
114000064,9286,3957,5329
114000065,2440,3442,-1002
114000066,419,855,-436
114000067,21,526,-505
114000068,376,648,-272
114000069,903,790,113
114000070,2472,1907,565
114000071,594,929,-335
114000072,347,838,-491
114000073,14,262,-248
114000074,21,23,-2
114000075,37,301,-264
114000076,20,394,-374
114000077,19,119,-100
114000078,244,1686,-1442
114000079,104,23,81
114000080,105,120,-15
114000081,57,113,-56
114000082,80,850,-770
114000083,52,416,-364
114000084,263,81,182
114000085,90,1087,-997
114000086,239,813,-574
114000087,64,342,-278
114000088,62,172,-110
114000089,2544,623,1921
114000090,641,749,-108
114000091,1402,703,699
114000092,885,545,340
114000093,1016,1053,-37
114000094,311,562,-251
114000095,148,146,2
114000096,151,769,-618
114000097,127,1284,-1157
114000098,307,71,236
114000099,473,1564,-1091
114000100,924,1397,-473
114000101,392,1594,-1202
114000102,322,451,-129
114000103,109,661,-552
114000104,22,546,-524
114000105,103,74,29
114000106,2013,744,1269
114000107,255,165,90
114000108,3888,1774,2114
114000109,440,821,-381
114000110,750,2835,-2085
114000111,1160,753,407
114000112,513,2874,-2361
114000113,757,661,96
114000114,1468,2480,-1012
114000115,1597,1132,465
114000116,598,714,-116
114000117,2153,504,1649
114000118,2039,517,1522
114000119,1185,460,725
114000120,622,1451,-829
114000121,520,1004,-484
114000122,383,395,-12
114000123,1372,470,902
114000124,771,456,315
114000125,1048,3052,-2004
114000126,1845,245,1600
114000127,167,254,-87
114000128,917,1005,-88
114000130,509,786,-277
114000131,183,94,89
114000132,629,1064,-435
114000133,1076,2389,-1313
114000134,83,271,-188
114000138,37,262,-225
114000139,350,160,190
114000144,769,526,243
114000145,98,270,-172
114000146,123,479,-356
114000147,1261,1661,-400
114000148,2930,1809,1121
114000149,345,315,30
114000150,928,823,105
114000151,1285,1199,86
114000152,119,31,88
114000153,909,1915,-1006
114000154,751,718,33
114000155,1523,2461,-938
114000156,812,607,205
114000157,310,1161,-851
114000158,2718,925,1793
114000159,210,416,-206
114000160,124,259,-135
114000161,1746,2557,-811
114000162,946,1842,-896
114000163,10,181,-171
114000165,257,190,67
114000166,631,380,251
114000167,6372,1540,4832
114000168,976,906,70
114000169,2217,1028,1189
114000170,1022,782,240
114000171,936,1611,-675
114000174,174,661,-487
114000176,780,466,314
114000177,3533,1138,2395
114000178,54,118,-64
114000179,1641,1007,634
114000180,839,821,18
114000181,2077,3326,-1249
114000182,11712,3159,8553
114000183,1103,1016,87
114000184,709,2536,-1827
114000185,1070,1224,-154
114000189,619,180,439
114000190,1843,318,1525
114000191,34,70,-36
114000192,446,3213,-2767
114000193,1192,5582,-4390
114000194,1443,2040,-597
114000195,147,26,121
114000196,3,612,-609
114000197,995,33,962
114000198,1892,596,1296
114000199,2779,1617,1162
114000200,604,3880,-3276
114000201,215,1680,-1465
114000202,1158,1279,-121
114000203,607,1429,-822
114000204,183,818,-635
114000205,284,2720,-2436
114000206,619,2021,-1402
114000207,828,3767,-2939
114000208,637,5664,-5027
114000209,799,5476,-4677
114000210,425,2842,-2417
114000211,1021,2318,-1297
114000212,656,1118,-462
114000213,1239,919,320
114000214,80,346,-266
114000215,209,121,88
114000216,1367,580,787
114000217,207,550,-343
114000218,149,404,-255
114000219,1245,488,757
114000220,21,2528,-2507
114000221,671,226,445
114000222,286,2143,-1857
114000223,435,169,266
114000224,143,1301,-1158
114000225,236,902,-666
114000226,98,287,-189
114000227,687,643,44
114000228,767,1554,-787
114000229,1079,1898,-819
114000230,1881,2295,-414
114000231,956,1817,-861
114000232,506,137,369
114000233,1684,165,1519
114000234,1179,1663,-484
114000235,1269,2529,-1260
114000236,3,657,-654
114000237,113,1790,-1677
114000238,84,279,-195
114000239,212,2316,-2104
114000240,887,1019,-132
114000241,274,1495,-1221
114000242,1264,1398,-134
114000243,1518,1053,465
114000244,823,425,398
114000245,396,785,-389
114000246,210,47,163
114000247,800,997,-197
114000248,823,785,38
114000249,532,724,-192
114000250,373,1085,-712
114000251,284,645,-361
114000252,75,177,-102
114000253,46,452,-406
114000254,42,159,-117
114000255,1138,302,836
114000256,2404,1678,726
114000257,678,2614,-1936
114000258,275,866,-591
114000259,109,492,-383
114000260,0,43,-43
114000261,46,61,-15
114000262,71,169,-98
114000263,20,6,14
114000264,782,1110,-328
114000265,0,13,-13
114000267,4,2302,-2298
114000268,6,2857,-2851
114000270,110,4,106
114000271,596,170,426
114000283,940,738,202
114000285,83,492,-409
114000288,105,665,-560
114000289,904,135,769
114000293,157,646,-489
114000294,223,334,-111
114000395,1526,58,1468
114000396,434,516,-82
114000402,393,546,-153
114000403,328,997,-669
114000405,96,858,-762
114000423,308,761,-453
114000424,421,405,16
114000425,504,846,-342
114000426,368,988,-620
114000427,51,103,-52
114000428,292,165,127
114000429,27,267,-240
114000432,85,254,-169
114000434,21,141,-120
114000435,9,183,-174
114000436,8033,1774,6259
114000437,465,1885,-1420
114900001,486,2335,-1849
114900002,534,148,386
114900003,472,3382,-2910
114900004,173,413,-240
114900005,405,1322,-917
114900006,59,68,-9
114900007,158,20,138
114900008,139,73,66
114900010,3073,2131,942
114900011,130,148,-18
114900013,174,161,13
114900015,52,318,-266
114900018,1067,62,1005
114900020,264,76,188
114900022,15,1187,-1172
114900024,301,142,159
114900025,344,414,-70
114900026,54,129,-75
114900027,150,350,-200
114900029,26,31,-5
114900030,259,368,-109
114900031,293,27,266
114900032,274,43,231
114900033,2422,500,1922
114900034,70,248,-178
114900035,141,405,-264
114900036,325,1488,-1163
114900037,99,288,-189
114900038,207,1348,-1141
114900039,529,998,-469
114900040,51,465,-414
114900041,501,891,-390
114900042,691,1122,-431
114900043,1257,476,781
114900044,115,29,86
114900046,57,159,-102
114900047,292,1518,-1226
114900048,96,369,-273
114900049,15,330,-315
114900050,31,925,-894
114900051,22,902,-880
114900052,100,348,-248
114900053,101,347,-246
114900054,88,244,-156
114900057,212,11,201
114900058,0,68,-68
114900059,42,49,-7
114900060,1728,735,993
114900061,138,228,-90
114900062,264,421,-157
114900063,89,386,-297
114900064,1002,880,122
114900065,315,817,-502
114900067,52,531,-479
114900068,74,293,-219
114900069,222,257,-35
114900070,476,1039,-563
114900072,9,414,-405
114900073,0,232,-232
114900074,377,1632,-1255
114900075,192,10,182
114900076,9,448,-439
114900080,5085,565,4520
114900082,4824,2016,2808
114900083,1438,1319,119
114900090,235,228,7
114900091,201,267,-66
114900095,595,164,431
114900096,407,978,-571
114900097,99,0,99
114900098,5,355,-350
114900099,118,8,110
115000001,12457,8144,4313
115000002,3510,3596,-86
115000003,5394,6492,-1098
115000004,3250,5320,-2070
115000005,1859,4012,-2153
115000006,766,1658,-892
115000007,71,270,-199
115000008,518,614,-96
115000009,156,614,-458
115000010,357,224,133
115000013,85,219,-134
115000015,37,321,-284
115000016,288,345,-57
115000019,33,499,-466
115000020,279,521,-242
115000021,335,536,-201
115000022,735,444,291
115000023,424,676,-252
115000024,1687,675,1012
115000025,1046,739,307
115000026,138,565,-427
115000027,219,378,-159
115000028,268,1133,-865
115000029,485,299,186
115000030,664,1315,-651
115000031,1138,522,616
115000032,7,341,-334
115000033,188,23,165
115000034,202,1478,-1276
115000035,1262,79,1183
115000036,0,509,-509
115000037,475,6,469
115000038,55,274,-219
115000039,3759,2945,814
115000040,9430,4638,4792
115000041,1312,3541,-2229
115000042,875,960,-85
115000043,2831,3580,-749
115000044,3468,5941,-2473
115000045,2113,3412,-1299
115000046,1584,4030,-2446
115000047,1666,2741,-1075
115000048,1539,3783,-2244
115000049,1814,4136,-2322
115000050,3701,2855,846
115000051,2712,2592,120
115000052,4199,2822,1377
115000053,1676,1773,-97
115000054,996,1882,-886
115000055,130,473,-343
115000056,149,335,-186
115000057,389,692,-303
115000058,111,127,-16
115000059,174,147,27
115000061,215,150,65
115000062,201,494,-293
115000063,220,612,-392
115000064,171,276,-105
115000065,32,365,-333
115000067,374,39,335
115000069,89,391,-302
115000070,37,1103,-1066
115000071,124,14,110
115000072,13,70,-57
115000073,1990,74,1916
115000075,100,115,-15
115000076,5369,4896,473
115000077,1786,5483,-3697
115000078,1057,2859,-1802
115000079,1306,3464,-2158
115000080,2211,4312,-2101
115000081,480,1453,-973
115000082,3539,4730,-1191
115000083,2319,4811,-2492
115000084,1646,1965,-319
115000085,691,1510,-819
115000086,931,1518,-587
115000087,647,2121,-1474
115000088,2293,981,1312
115000089,1867,2044,-177
115000090,950,1154,-204
115000091,547,1696,-1149
115000092,359,464,-105
115000093,569,3,566
115000094,13395,6567,6828
115000095,9689,5913,3776
115000096,635,3474,-2839
115000097,759,970,-211
115000098,847,1202,-355
115000099,2266,6054,-3788
115000100,839,880,-41
115000101,469,2257,-1788
115000102,504,255,249
115000103,473,1358,-885
115000105,74,349,-275
115000106,406,387,19
115000107,188,775,-587
115000108,6251,3763,2488
115000109,8676,3992,4684
115000110,1723,1357,366
115000111,945,2147,-1202
115000112,807,943,-136
115000113,852,1257,-405
115000114,2134,1219,915
115000116,5236,2089,3147
115000117,6035,2975,3060
115000118,2178,2267,-89
115000119,2255,2653,-398
115000120,782,1342,-560
115000121,1910,1405,505
115000122,4508,1998,2510
115000123,2674,2402,272
115000124,1092,1383,-291
115000125,528,768,-240
115000126,205,281,-76
115000127,415,172,243
115000128,1506,971,535
115000129,359,262,97
115000130,360,1527,-1167
115000131,636,330,306
115000132,220,872,-652
115000133,427,555,-128
115000134,355,334,21
115000135,361,365,-4
115000136,120,257,-137
115000137,89,250,-161
115000138,191,317,-126
115000139,261,364,-103
115000140,217,242,-25
115000141,216,558,-342
115000142,146,504,-358
115000143,443,722,-279
115000144,329,95,234
115000145,216,687,-471
115000146,366,311,55
115000147,490,828,-338
115000148,375,2364,-1989
115000149,553,342,211
115000150,824,2150,-1326
115000151,922,656,266
115000152,790,2630,-1840
115000153,935,700,235
115000154,653,462,191
115000155,720,2038,-1318
115000156,1452,813,639
115000157,1425,1348,77
115000158,1029,535,494
115000159,955,725,230
115000160,914,1076,-162
115000161,663,811,-148
115000162,921,743,178
115000163,1020,706,314
115000164,832,696,136
115000165,505,424,81
115000167,211,86,125
115000168,629,327,302
115000169,805,400,405
115000170,188,170,18
115000171,282,200,82
115000172,3016,715,2301
115000173,425,476,-51
115000174,102,264,-162
115000175,157,153,4
115000176,162,191,-29
115000177,162,190,-28
115000178,17,373,-356
115000179,20,70,-50
115000180,81,1223,-1142
115000181,463,186,277
115000182,578,658,-80
115000183,275,1658,-1383
115000186,633,379,254
115000187,199,1166,-967
115000188,480,810,-330
115000189,243,517,-274
115000190,1334,724,610
115000191,464,586,-122
115000194,205,215,-10
115000195,290,355,-65
115000196,83,167,-84
115000197,178,624,-446
115000198,182,414,-232
115000199,249,510,-261
115000200,250,131,119
115000201,142,699,-557
115000206,333,223,110
115000207,89,639,-550
115000208,938,1095,-157
115000209,695,224,471
115000210,133,152,-19
115000211,256,358,-102
115000212,1937,347,1590
115000224,395,106,289
115000225,73,89,-16
115000229,410,252,158
115000230,87,1092,-1005
115000231,404,4312,-3908
115000232,1269,491,778
115000233,149,251,-102
115000234,35,389,-354
115000241,62,365,-303
115000242,103,479,-376
115000243,32,386,-354
115000244,8,142,-134
115000246,90,24,66
115000247,22,20,2
115000248,33,26,7
115000249,61,26,35
115000250,294,70,224
115000251,210,202,8
115000252,67,273,-206
115000253,33,355,-322
115000258,238,290,-52
115000259,495,222,273
115000261,23,31,-8
115000262,14,16,-2
115000263,13,44,-31
115000264,7,41,-34
115000267,80,141,-61
115000268,43,190,-147
115000269,130,121,9
115000270,14,36,-22
115000272,43,293,-250
115000273,377,33,344
115000280,3037,196,2841
115000281,963,379,584
115000282,2285,650,1635
115000284,337,135,202
115000296,689,6,683
115000297,347,110,237
115000298,117,250,-133
115000300,180,281,-101
115000302,330,331,-1
115000303,644,249,395
115000304,621,138,483
115000305,103,1875,-1772
115000306,166,934,-768
115000307,71,431,-360
115000308,98,34,64
115000309,14,14,0
115000310,964,1590,-626
115000311,650,2307,-1657
115000313,138,1232,-1094
115000314,326,134,192
115000315,1443,452,991
115000316,52,76,-24
115000317,146,1055,-909
115000318,678,341,337
115000319,70,423,-353
115000320,13,318,-305
115000321,618,24,594
115000322,47,426,-379
115000449,604,286,318
115000557,122,914,-792
115000558,202,121,81
115000587,441,533,-92
115000588,2710,5390,-2680
115000589,3048,3648,-600
115000590,903,2513,-1610
115000591,1168,1044,124
115000592,720,2566,-1846
115000593,1318,892,426
115000594,1098,2283,-1185
115000609,51,160,-109
115000617,3210,2862,348
115000624,212,132,80
115000633,500,2362,-1862
115000634,3424,1210,2214
115000635,426,152,274
115000638,2008,1013,995
115000641,88,138,-50
115000642,462,363,99
115000643,133,909,-776
115000644,177,580,-403
115000646,929,1549,-620
115000647,198,810,-612
115000648,1401,2740,-1339
115000893,3745,1706,2039
115000894,119,1442,-1323
115000895,334,983,-649
115000896,1226,389,837
115000897,667,175,492
115000898,1156,371,785
115000899,1107,1349,-242
115000900,223,491,-268
115000901,91,160,-69
115000912,335,150,185
115000913,1,74,-73
115000915,74,2,72
115000916,3,0,3
115000917,0,3,-3
115000918,140,535,-395
115000919,17,35,-18
115000920,33,80,-47
115000921,2490,209,2281
115000922,1157,773,384
115000923,516,985,-469
115000925,97,92,5
115000927,37,43,-6
115000933,237,137,100
115000934,127,399,-272
115000935,106,207,-101
115900001,57,148,-91
115900002,107,330,-223
115900003,163,168,-5
115900004,2,114,-112
115900005,154,9,145
115900006,130,776,-646
115900008,62,13,49
115900009,59,560,-501
115900010,215,353,-138
115900011,338,392,-54
115900012,120,122,-2
115900013,471,320,151
115900014,135,267,-132
115900015,79,166,-87
115900016,57,46,11
115900017,7,1,6
115900018,245,133,112
115900019,2465,70,2395
115900020,15,2,13
115900021,2302,126,2176
115900022,2072,20,2052
115900023,21,6,15
115900025,62,327,-265
115900026,1049,547,502
115900027,0,567,-567
115900028,855,105,750
115900029,29,715,-686
115900030,27,90,-63
115900031,380,286,94
115900032,445,1311,-866
115900033,0,59,-59
115900034,41,906,-865
115900035,34,88,-54
115900036,289,480,-191
115900037,56,708,-652
115900038,41,10,31
115900039,172,506,-334
115900041,522,462,60
115900042,22,5,17
115900043,104,224,-120
115900044,452,264,188
115900046,198,384,-186
115900047,151,97,54
115900049,152,395,-243
115900051,2,70,-68
115900052,15,323,-308
115900053,160,420,-260
115900054,141,89,52
115900055,16,134,-118
115900056,146,579,-433
115900057,27,15,12
115900058,25,59,-34
115900060,53,298,-245
115900061,132,3,129
115900062,52,543,-491
115900063,32,20,12
115900064,197,288,-91
115900065,111,185,-74
115900066,258,292,-34
115900067,8,1406,-1398
115900068,4720,589,4131
115900069,56,251,-195
115900070,201,387,-186
115900071,1,1077,-1076
115900072,68,340,-272
115900073,40,58,-18
115900074,2,476,-474
115900075,23,487,-464
115900076,2,136,-134
115900077,13,490,-477
115900078,28,169,-141
115900079,168,22,146
115900080,859,477,382
115900081,15,121,-106
115900082,218,190,28
115900084,228,27,201
115900085,67,67,0
115900086,2580,811,1769
115900088,6,66,-60
115900089,217,1083,-866
115900090,223,32,191
115900091,17,44,-27
115900092,33,296,-263
115900093,4,43,-39
115900094,6,635,-629
115900096,2,28,-26
115900097,9,735,-726
115900098,147,974,-827
115900099,85,126,-41
115900100,13,1033,-1020
115900101,177,730,-553
115900102,71,120,-49
115900103,277,430,-153
115900104,43,231,-188
115900105,136,1178,-1042
115900106,42,51,-9
115900107,68,321,-253
115900108,65,79,-14
115900109,49,623,-574
115900110,5,44,-39
115900111,1,89,-88
115900112,55,1894,-1839
115900113,36,53,-17
115900114,5,207,-202
115900115,72,197,-125
115900116,93,1777,-1684
115900117,46,34,12
115900118,4,455,-451
115900119,148,116,32
115900120,36,756,-720
115900121,150,391,-241
115900124,301,531,-230
115900125,273,46,227
115900126,522,89,433
115900127,527,54,473
115900128,10,97,-87
115900129,662,45,617
115900130,31,196,-165
115900131,242,25,217
115900132,388,14,374
115900134,243,12,231
115900135,636,1047,-411
115900137,44,2,42
115900139,48,53,-5
115900140,164,59,105
115900141,11,42,-31
115900142,8,23,-15
115900143,197,481,-284
115900144,87,380,-293
115900146,11,235,-224
115900147,293,288,5
115900148,16,9,7
115900149,56,53,3
115900150,66,115,-49
115900151,13,143,-130
115900152,140,637,-497
115900153,124,404,-280
115900154,1212,436,776
115900155,1,145,-144
115900156,627,1032,-405
115900157,120,575,-455
115900158,54,13,41
115900159,123,437,-314
115900160,22,9,13
115900161,81,377,-296
115900163,173,201,-28
115900164,396,57,339
115900165,3,130,-127
115900166,223,491,-268
115900168,83,228,-145
115900171,117,739,-622
115900172,73,201,-128
115900173,207,151,56
115900174,577,198,379
115900175,76,255,-179
115900178,5,1081,-1076
115900179,179,26,153
115900180,52,545,-493
115900181,175,339,-164
115900182,280,442,-162
115900183,94,29,65
115900184,1966,38,1928
115900187,15,143,-128
115900189,1,220,-219
115900190,667,1422,-755
115900191,86,724,-638
115900192,7,78,-71
115900193,90,123,-33
115900194,447,66,381
115900195,715,1363,-648
115900198,308,426,-118
115900199,184,393,-209
115900200,285,554,-269
115900201,436,318,118
115900202,0,9,-9
115900203,6,4,2
115900204,0,8,-8
115900205,69,3,66
115900206,124,215,-91
115900207,38,37,1
115900208,99,562,-463
115900209,3,175,-172
115900210,7,217,-210
115900211,4,394,-390
115900212,110,358,-248
115900213,100,66,34
115900214,275,334,-59
115900215,42,95,-53
115900216,6,121,-115
115900217,1,104,-103
115900218,3,80,-77
115900219,96,25,71
115900220,71,7,64
115900221,40,37,3
115900222,31,27,4
115900223,14,192,-178
115900224,2420,550,1870
115900225,64,40,24
115900226,9,109,-100
115900227,8,83,-75
115900228,6,105,-99
115900229,4,109,-105
115900230,73,178,-105
115900231,118,2,116
115900232,47,1,46
115900233,69,5,64
115900234,57,23,34
115900235,12,39,-27
115900236,36,26,10
115900237,23,46,-23
115900238,37,17,20
115900239,7,27,-20
115900240,10,65,-55
115900241,141,118,23
115900242,267,285,-18
115900243,34,7,27
115900244,2,23,-21
115900245,45,18,27
115900246,6,2,4
115900247,12,14,-2
115900248,7,4,3
115900249,7,21,-14
115900250,4,14,-10
115900251,0,12,-12
115900252,2,4,-2
115900253,4,15,-11
115900254,29,29,0
115900255,2,20,-18
115900256,8,13,-5
115900257,1,4,-3
115900258,0,1,-1
115900259,2,0,2
115900260,13,0,13
115900261,3,0,3
115900262,1,3,-2
115900263,5,4,1
115900264,6,4,2
115900265,3,9,-6
115900266,6,7,-1
115900267,8,6,2
115900268,4,13,-9
115900269,292,499,-207
115900270,392,1192,-800
115900271,60,0,60
115900272,27,1,26
115900273,10,7,3
115900274,4,36,-32
115900275,7,54,-47
115900276,1,111,-110
115900277,1,164,-163
115900278,18,183,-165
115900279,8,272,-264
115900280,12,326,-314
115900281,508,143,365
116000001,20778,6716,14062
116000002,5189,8991,-3802
116000003,1868,2447,-579
116000004,2661,2631,30
116000005,3874,4607,-733
116000006,2617,1562,1055
116000007,5063,6361,-1298
116000008,4232,2253,1979
116000009,2471,3679,-1208
116000010,1646,1497,149
116000011,1074,2569,-1495
116000012,780,858,-78
116000013,24874,6796,18078
116000014,26925,11642,15283
116000015,852,1284,-432
116000016,12785,3582,9203
116000017,55,643,-588
116000018,960,741,219
116000019,830,443,387
116000020,559,2125,-1566
116000021,384,397,-13
116000022,307,823,-516
116000023,1004,808,196
116000024,808,1966,-1158
116000025,858,759,99
116000026,1762,3276,-1514
116000027,885,843,42
116000028,490,936,-446
116000029,1248,851,397
116000030,708,541,167
116000031,216,289,-73
116000032,399,337,62
116000033,400,812,-412
116000034,724,1204,-480
116000035,442,826,-384
116000036,2647,823,1824
116000037,863,966,-103
116000038,947,596,351
116000039,859,379,480
116000040,1788,307,1481
116000041,335,593,-258
116000042,635,335,300
116000043,65,628,-563
116000044,30,153,-123
116000045,2366,1656,710
116000046,1922,1651,271
116000047,2645,2711,-66
116000048,2509,2080,429
116000049,1195,2679,-1484
116000050,1613,1833,-220
116000051,4806,2722,2084
116000052,4576,5129,-553
116000053,1873,1350,523
116000054,944,2917,-1973
116000055,648,1587,-939
116000056,715,1639,-924
116000057,4192,2439,1753
116000058,4728,2756,1972
116000059,4018,5877,-1859
116000060,3156,1202,1954
116000061,394,827,-433
116000062,981,340,641
116000063,624,1198,-574
116000066,240,627,-387
116000067,325,647,-322
116000068,274,307,-33
116000069,308,535,-227
116000078,328,1491,-1163
116000080,1732,1477,255
116000082,17,228,-211
116000083,1109,431,678
116000084,3314,5433,-2119
116000085,2038,1589,449
116000086,3552,1747,1805
116000087,1290,1575,-285
116000088,1276,2309,-1033
116000089,170,215,-45
116000090,180,256,-76
116000091,278,174,104
116000093,662,2551,-1889
116000094,476,1025,-549
116000095,549,1843,-1294
116000096,721,1612,-891
116000097,766,1568,-802
116000098,239,5503,-5264
116000099,17674,723,16951
116000100,139,12,127
116000101,578,2436,-1858
116000102,264,2259,-1995
116000103,499,417,82
116000104,189,2689,-2500
116000105,938,289,649
116000106,561,2132,-1571
116000107,2200,641,1559
116000108,326,289,37
116000111,109,23,86
116000113,94,83,11
116000114,22,205,-183
116000115,245,111,134
116000116,253,803,-550
116000117,1202,2848,-1646
116000118,1232,2428,-1196
116000119,2583,2452,131
116000120,3148,7156,-4008
116000121,637,626,11
116000122,1520,3645,-2125
116000123,688,673,15
116000124,481,1892,-1411
116000125,2303,958,1345
116000126,416,2194,-1778
116000127,1350,2630,-1280
116000128,1456,1210,246
116000129,886,244,642
116000130,441,404,37
116000133,628,1596,-968
116000134,1822,4961,-3139
116000135,1688,1895,-207
116000136,1052,3972,-2920
116000137,768,930,-162
116000138,1224,631,593
116000139,2028,2948,-920
116000140,160,320,-160
116000141,480,1644,-1164
116000142,5764,5554,210
116000143,2007,1884,123
116000144,1501,4598,-3097
116000145,1746,2374,-628
116000146,263,600,-337
116000147,335,205,130
116000148,524,569,-45
116000149,431,794,-363
116000151,740,1470,-730
116000153,95,769,-674
116000155,299,346,-47
116000156,714,3100,-2386
116000157,77,63,14
116000158,577,452,125
116000159,7,26,-19
116000160,34,292,-258
116000161,17,194,-177
116000162,119,114,5
116000163,29,15,14
116000164,15,21,-6
116000177,415,203,212
116000194,89,610,-521
116000195,2252,907,1345
116000196,10,8,2
116000197,4,9,-5
116000198,2506,1285,1221
116000200,1196,308,888
116000201,835,799,36
116000202,8,498,-490
116000203,5,114,-109
116000204,16,68,-52
116000205,1,219,-218
116000206,1,155,-154
116000207,10,39,-29
116000233,223,1300,-1077
116000287,165,896,-731
116000288,212,471,-259
116000292,64,315,-251
116000296,18,339,-321
116000297,74,19,55
116000304,80,28,52
116000305,18,178,-160
116000346,203,307,-104
116000352,113,84,29
116000354,80,25,55
116000357,15,11,4
116000358,243,42,201
116000361,150,3,147
116000372,14520,3779,10741
116000381,97,7,90
116000388,0,59,-59
116000389,622,817,-195
116000445,340,890,-550
116000446,441,2036,-1595
116000447,16,616,-600
116000448,795,484,311
116000563,1498,1002,496
116000565,162,650,-488
116000568,75,285,-210
116000579,40,146,-106
116000584,26,25,1
116000585,23,31,-8
116000586,360,242,118
116000587,638,1006,-368
116000589,15,120,-105
116000590,59,136,-77
116000591,147,478,-331
116000592,15,183,-168
116000593,0,71,-71
116000594,479,886,-407
116000595,766,287,479
116000596,102,13,89
116000597,225,85,140
116000598,7,298,-291
116000602,87,453,-366
116000605,458,308,150
116000606,65,202,-137
116000607,9,129,-120
116000609,290,868,-578
116000611,120,759,-639
116000612,642,2386,-1744
116000613,516,546,-30
116000614,661,1297,-636
116000615,1,213,-212
116000616,93,265,-172
116000617,97,188,-91
116000618,1,288,-287
116000619,18,71,-53
116000620,70,72,-2
116000621,29,163,-134
116000622,37,148,-111
116000624,160,94,66
116000627,8,38,-30
116000628,21,1204,-1183
116000629,15,1398,-1383
116000630,148,97,51
116000631,52,99,-47
116000632,310,740,-430
116000633,37,1464,-1427
116000634,258,35,223
116000635,2555,1889,666
116900001,245,245,0
116900002,420,3,417
116900003,19,100,-81
116900004,46,60,-14
116900005,205,65,140
116900006,326,209,117
116900007,100,330,-230
116900008,314,739,-425
116900009,30,3,27
116900010,10,2865,-2855
116900011,17,76,-59
116900012,171,327,-156
116900013,5,444,-439
116900014,66,428,-362
116900015,260,104,156
116900016,143,1,142
116900017,6,1288,-1282
116900018,73,66,7
116900019,22,789,-767
116900020,2715,597,2118
116900023,87,15,72
116900024,373,94,279
116900025,681,1589,-908
116900026,307,1356,-1049
116900027,25,93,-68
116900028,5,273,-268
116900029,3,34,-31
116900031,1,11,-10
116900032,4,691,-687
116900033,15,19,-4
116900034,12,105,-93
116900035,118,365,-247
116900036,1,132,-131
116900038,31,2,29
116900041,46,18,28
116900042,1459,368,1091
116900043,16,174,-158
116900045,265,46,219
116900047,163,71,92
116900049,57,501,-444
116900050,109,743,-634
116900051,86,499,-413
116900052,182,90,92
116900055,0,9,-9
116900057,19,541,-522
116900058,49,802,-753
116900059,5,413,-408
116900060,332,464,-132
116900062,2,7,-5
116900064,63,1730,-1667
116900065,16,269,-253
116900067,126,244,-118
116900068,138,482,-344
116900070,1,10,-9
116900072,22,792,-770
116900073,12,420,-408
116900074,18,98,-80
116900076,10,44,-34
116900077,10,432,-422
116900078,313,210,103
116900079,28,733,-705
116900080,12,38,-26
116900081,404,2743,-2339
116900082,326,1241,-915
116900083,53,119,-66
116900084,294,53,241
116900085,31,211,-180
116900086,40,392,-352
116900088,625,93,532
116900090,169,97,72
116900091,195,79,116
116900092,109,1406,-1297
116900093,1984,2735,-751
116900094,8596,3550,5046
116900095,283,263,20
116900096,131,221,-90
116900097,7671,2936,4735
116900098,982,329,653
116900099,775,850,-75
116900100,634,48,586
116900101,307,981,-674
116900103,4,1,3
116900104,48,92,-44
116900105,339,78,261
116900106,1341,937,404
116900107,6900,2145,4755
116900110,12,1,11
116900111,329,2014,-1685
116900112,171,2337,-2166
116900113,5365,1140,4225
116900116,107,416,-309
116900117,46,150,-104
116900118,1263,881,382
116900120,206,256,-50
116900121,37,97,-60
116900122,541,1495,-954
116900123,145,1695,-1550
116900124,163,1916,-1753
116900125,253,436,-183
116900126,494,879,-385
116900128,13,64,-51
116900129,4,476,-472
116900130,1635,2487,-852
116900131,123,256,-133
116900132,32,132,-100
116900133,97,139,-42
116900134,231,289,-58
116900136,170,255,-85
116900137,383,258,125
116900138,166,282,-116
116900139,94,474,-380
116900140,172,208,-36
116900141,629,432,197
116900142,7,56,-49
116900143,245,555,-310
116900144,26,55,-29
116900145,137,526,-389
116900147,806,395,411
116900148,7,30,-23
116900149,44,275,-231
116900150,15,9,6
116900151,60,15,45
116900153,108,82,26
116900154,692,575,117
116900155,88,73,15
116900157,461,424,37
116900158,154,266,-112
116900159,35,341,-306
116900160,968,353,615
116900161,13357,5698,7659
116900162,27,213,-186
116900163,127,272,-145
116900164,79,68,11
116900165,208,159,49
116900166,17,169,-152
116900167,464,109,355
116900168,219,114,105
116900169,941,314,627
116900170,279,517,-238
116900171,30,401,-371
116900172,313,195,118
116900173,162,73,89
116900174,31,26,5
116900175,265,146,119
116900178,19,328,-309
116900179,106,198,-92
116900180,92,47,45
116900182,414,242,172
116900183,135,128,7
116900185,23,37,-14
116900186,84,570,-486
116900187,42,33,9
116900188,147,43,104
116900189,67,2,65
116900191,360,740,-380
116900192,210,391,-181
116900194,131,900,-769
116900195,34,20,14
116900196,18,149,-131
116900197,109,8,101
116900198,314,175,139
116900200,23,38,-15
116900201,79,9,70
116900202,153,73,80
116900203,198,7,191
116900204,63,122,-59
116900206,11,54,-43
116900207,18,51,-33
116900208,16,230,-214
116900209,17,234,-217
116900210,394,309,85
116900211,307,19,288
116900212,24,129,-105
116900213,195,376,-181
116900214,88,234,-146
116900215,69,139,-70
116900216,417,419,-2
116900218,9,526,-517
116900219,1162,482,680
116900220,113,291,-178
116900221,57,311,-254
116900222,410,521,-111
116900223,127,354,-227
116900226,74,155,-81
116900227,166,145,21
116900228,260,450,-190
116900230,41,656,-615
116900231,42,887,-845
116900232,21,1025,-1004
116900233,267,140,127
116900234,19,8,11
116900235,172,575,-403
116900238,1976,553,1423
116900239,62,1053,-991
116900240,11019,3705,7314
116900241,55,266,-211
116900242,560,372,188
116900243,57,193,-136
116900245,37,19,18
116900246,77,15,62
116900247,431,27,404
116900248,59,46,13
116900249,239,230,9
116900250,275,67,208
116900251,654,393,261
116900252,82,1729,-1647
116900253,165,156,9
116900254,10,155,-145
116900255,119,34,85
116900256,244,134,110
116900257,18,1126,-1108
116900258,5,503,-498
116900259,120,7,113
116900260,3,189,-186
116900261,42,1,41
116900262,121,174,-53
116900263,0,12,-12
116900264,0,8,-8
116900265,23,1,22
116900266,13,114,-101
116900267,3,2,1
116900268,40,7,33
116900269,311,760,-449
116900271,2508,137,2371
116900272,603,917,-314
116900273,467,80,387
116900274,110,112,-2
116900275,113,255,-142
116900276,1675,67,1608
116900277,1080,26,1054
116900278,4,30,-26
116900279,1,26,-25
116900280,27,57,-30
116900281,13204,3679,9525
116900282,12,349,-337
116900283,16,307,-291
116900284,23,350,-327
116900285,561,316,245
116900286,278,21,257
116900287,6,121,-115
116900288,48,219,-171
116900289,1,38,-37
116900290,1,76,-75
116900291,7,8,-1
116900292,0,8,-8
116900293,20,90,-70
116900294,27,216,-189
116900295,243,52,191
116900296,71,93,-22
116900297,6,95,-89
116900298,186,55,131
116900299,76,42,34
116900300,4,193,-189
116900301,118,82,36
116900302,73,76,-3
116900303,760,88,672
116900304,0,181,-181
116900305,28,58,-30
116900306,59,124,-65
117000001,2001,1819,182
117000002,2514,7160,-4646
117000003,9999,3941,6058
117000004,6572,9492,-2920
117000005,2046,1959,87
117000006,1727,6949,-5222
117000007,3363,1447,1916
117000008,1950,8511,-6561
117000009,5196,2359,2837
117000010,3827,8267,-4440
117000011,1956,2931,-975
117000012,1639,3001,-1362
117000013,1521,1632,-111
117000014,1328,3813,-2485
117000015,5275,1590,3685
117000016,885,49,836
117000017,691,325,366
117000018,244,420,-176
117000019,355,4,351
117000020,858,1553,-695
117000021,4746,674,4072
117000022,882,81,801
117000023,1085,164,921
117000024,1071,156,915
117000025,1971,847,1124
117000026,5597,1018,4579
117000027,4344,2768,1576
117000028,5641,1491,4150
117000030,1136,1110,26
117000031,485,313,172
117000032,2486,2066,420
117000033,2651,1942,709
117000034,407,546,-139
117000035,400,318,82
117000036,538,656,-118
117000037,466,238,228
117000038,502,917,-415
117000039,520,413,107
117000040,182,2347,-2165
117000041,721,177,544
117000044,38,2317,-2279
117000045,463,65,398
117000046,741,1055,-314
117000047,950,584,366
117000048,3497,3081,416
117000049,224,1036,-812
117000050,184,4491,-4307
117000051,2023,204,1819
117000052,20,1041,-1021
117000053,348,149,199
117000054,1535,5,1530
117000055,18,6561,-6543
117000056,598,38,560
117000057,898,3833,-2935
117000060,491,2416,-1925
117000061,1877,1300,577
117000062,279,861,-582
117000063,2050,1147,903
117000064,1296,1418,-122
117000066,2103,1456,647
117000067,339,521,-182
117000074,201,269,-68
117000076,127,99,28
117000077,134,190,-56
117000078,238,1238,-1000
117000079,389,284,105
117000080,1,566,-565
117000081,1051,182,869
117000082,18,87,-69
117000083,119,25,94
117000084,497,5,492
117000085,247,824,-577
117000086,1513,1072,441
117000087,140,894,-754
117000088,287,314,-27
117000089,1531,422,1109
117000090,384,2614,-2230
117000091,736,443,293
117000092,456,2756,-2300
117000093,1241,938,303
117000094,1333,5041,-3708
117000095,3080,1142,1938
117000096,774,4830,-4056
117000097,1209,1553,-344
117000098,3814,9571,-5757
117000099,3014,1343,1671
117000100,234,315,-81
117000101,304,2050,-1746
117000102,1775,960,815
117000103,1291,3457,-2166
117000104,1674,841,833
117000105,1293,3155,-1862
117000106,1404,1315,89
117000107,801,3568,-2767
117000108,1681,1364,317
117000109,3049,4537,-1488
117000110,1582,1132,450
117000111,5115,7834,-2719
117000112,3383,3243,140
117000113,153,564,-411
117000114,171,279,-108
117000115,117,370,-253
117000116,104,428,-324
117000117,2326,957,1369
117000118,565,205,360
117000119,563,100,463
117000120,553,356,197
117000121,263,1167,-904
117000122,960,1536,-576
117000123,3336,47,3289
117000124,1478,96,1382
117000125,825,92,733
117000126,114,65,49
117000127,338,732,-394
117000128,720,1266,-546
117000129,854,87,767
117000130,128,1,127
117000131,0,130,-130
117000132,2092,23,2069
117000133,945,232,713
117000134,1,116,-115
117000135,4,39,-35
117000136,2,53,-51
117000137,52,91,-39
117000138,3,1032,-1029
117000140,791,2914,-2123
117000141,2080,848,1232
117000181,1951,795,1156
117000182,376,345,31
117000195,338,2159,-1821
117000196,183,98,85
117000225,391,10,381
117000226,13,216,-203
117000276,181,20,161
117000277,2,970,-968
117000310,3585,4189,-604
117000315,53,1400,-1347
117000320,103,0,103
117000906,217,14,203
117000907,23,775,-752
117000908,213,19,194
117000909,88,44,44
117000910,200,217,-17
117000911,131,294,-163
117000915,15,1162,-1147
117000916,31,24,7
117000917,1025,30,995
117000918,81,119,-38
117000919,25,305,-280
117000920,12,3057,-3045
117000921,14,3119,-3105
117000922,100,248,-148
117000924,575,886,-311
117000926,1886,103,1783
117000927,3375,876,2499
117000928,1,523,-522
117000929,125,1149,-1024
117000930,137,21,116
117000931,840,166,674
117900002,249,594,-345
117900003,1220,673,547
117900005,3,46,-43
117900006,1,35,-34
117900007,236,324,-88
117900008,0,52,-52
117900010,407,198,209
117900011,68,22,46
117900012,114,341,-227
117900013,3,736,-733
117900014,617,306,311
117900015,17,294,-277
117900016,2640,750,1890
117900017,707,727,-20
117900018,465,59,406
117900019,429,871,-442
117900020,58,419,-361
117900021,67,153,-86
117900022,44,22,22
117900023,1040,376,664
117900024,134,261,-127
117900025,36,8,28
117900026,363,915,-552
117900028,126,4,122
117900029,282,1923,-1641
117900030,412,291,121
117900031,312,198,114
117900032,808,607,201
117900033,183,1394,-1211
117900034,84,86,-2
117900035,173,104,69
117900036,229,1143,-914
117900037,86,211,-125
117900038,81,615,-534
117900039,6,132,-126
117900040,195,1154,-959
117900041,9,109,-100
117900042,7633,768,6865
117900043,86,100,-14
117900044,80,4305,-4225
117900045,257,194,63
117900048,195,458,-263
117900049,166,1226,-1060
117900050,15,41,-26
117900051,53,2,51
117900052,57,382,-325
117900053,1308,945,363
117900054,1,28,-27
117900055,174,279,-105
117900056,586,50,536
117900057,1238,1942,-704
117900058,256,18,238
117900059,660,113,547
117900060,1452,8967,-7515
117900061,30,281,-251
117900063,385,357,28
117900065,980,2015,-1035
117900066,19,91,-72
117900067,485,501,-16
117900069,649,716,-67
117900070,402,11,391
117900071,127,212,-85
117900073,333,855,-522
117900074,284,16,268
117900075,106,136,-30
117900076,14,45,-31
117900077,254,252,2
117900078,293,741,-448
117900080,253,49,204
117900081,698,826,-128
117900082,390,433,-43
117900083,375,1362,-987
117900086,176,52,124
117900087,134,106,28
117900088,3718,3661,57
117900089,1708,629,1079
117900090,447,1602,-1155
117900091,337,260,77
117900092,73,39,34
117900093,69,152,-83
117900094,48,20,28
117900095,363,958,-595
117900096,69,384,-315
117900097,263,174,89
117900098,27,12,15
117900099,161,803,-642
117900100,141,3,138
117900101,561,1467,-906
117900102,71,115,-44
117900103,24,4,20
117900104,13,251,-238
117900105,180,490,-310
117900106,104,116,-12
117900107,33,1,32
117900109,430,404,26
117900110,30,2,28
117900111,311,13,298
117900112,90,21,69
117900113,8578,2652,5926
117900114,17,0,17
117900115,416,83,333
117900116,1229,1519,-290
117900117,407,544,-137
117900118,34,0,34
117900119,174,561,-387
117900120,115,324,-209
117900121,53,33,20
117900122,1803,2431,-628
117900123,1301,1238,63
117900124,856,1078,-222
117900125,1661,1670,-9
117900126,384,1101,-717
117900127,592,1294,-702
117900128,373,1823,-1450
117900129,54,0,54
117900130,1347,722,625
117900131,1,191,-190
117900132,14,148,-134
117900133,11,190,-179
117900134,111,539,-428
117900135,37,356,-319
117900136,0,83,-83
117900137,77,560,-483
117900138,0,69,-69
117900139,76,254,-178
117900140,8267,409,7858
117900141,442,452,-10
117900142,129,28,101
117900144,141,183,-42
117900145,64,31,33
117900146,329,147,182
117900147,143,104,39
117900148,5015,1220,3795
117900149,56,305,-249
117900150,37,188,-151
117900151,48,271,-223
117900152,121,130,-9
117900153,22,169,-147
117900154,505,1288,-783
117900156,1242,1457,-215
117900157,77,596,-519
117900158,171,176,-5
117900160,594,599,-5
117900161,3917,4499,-582
117900162,376,677,-301
117900163,226,28,198
117900165,1,13,-12
117900166,134,420,-286
117900168,19,231,-212
117900169,3,216,-213
117900170,0,74,-74
117900171,2,37,-35
117900172,34,66,-32
117900173,279,94,185
117900174,62,80,-18
117900175,7,100,-93
117900176,21,84,-63
117900177,18,106,-88
117900178,135,84,51
117900180,414,39,375
117900181,339,314,25
117900182,7,42,-35
117900183,41,179,-138
117900184,8,56,-48
117900185,25,43,-18
117900186,56,18,38
117900187,18,28,-10
117900188,184,47,137
117900189,78,22,56
117900190,15,3,12
117900191,95,4,91
117900192,277,6,271
117900193,15,112,-97
117900194,19,8,11
117900195,13,45,-32
117900196,8,39,-31
117900207,164,173,-9
117900208,49,50,-1
117900209,197,232,-35
117900210,203,333,-130
117900211,23,358,-335
117900212,102,242,-140
117900213,30,17,13
117900214,5,78,-73
117900215,18,28,-10
117900216,63,46,17
117900217,182,191,-9
117900218,300,374,-74
117900219,13,85,-72
117900220,240,117,123
117900222,87,345,-258
117900223,101,231,-130
118000001,1067,683,384
118000002,1451,2559,-1108
118000003,2769,1908,861
118000004,3255,2196,1059
118000005,7613,4850,2763
118000006,8935,11180,-2245
118000007,9717,3460,6257
118000008,7065,4640,2425
118000009,3200,4187,-987
118000010,4854,5606,-752
118000011,1376,4601,-3225
118000012,1303,4727,-3424
118000013,5058,4890,168
118000014,2434,4574,-2140
118000016,269,531,-262
118000017,332,516,-184
118000018,408,655,-247
118000019,2685,1657,1028
118000020,2148,2375,-227
118000021,1021,3004,-1983
118000022,2695,895,1800
118000023,1273,397,876
118000024,2429,1252,1177
118000027,22365,11456,10909
118000029,1580,920,660
118000032,1820,3869,-2049
118000033,3617,3830,-213
118000034,7322,2635,4687
118000035,1945,2559,-614
118000036,1517,1235,282
118000037,879,1325,-446
118000038,170,144,26
118000039,129,616,-487
118000040,1616,2715,-1099
118000041,2380,2070,310
118000045,792,129,663
118000046,2908,577,2331
118000047,2723,655,2068
118000048,4737,1633,3104
118000051,3113,2163,950
118000052,2544,1000,1544
118000053,1475,1564,-89
118000054,3266,3145,121
118000055,2923,3380,-457
118000056,313,502,-189
118000057,328,591,-263
118000058,4828,2154,2674
118000059,3429,1160,2269
118000060,1041,1081,-40
118000061,898,2332,-1434
118000062,654,448,206
118000063,404,769,-365
118000064,1214,1803,-589
118000065,5743,2440,3303
118000066,1303,1599,-296
118000067,1367,820,547
118000068,2431,5083,-2652
118000069,4300,1609,2691
118000070,9490,2317,7173
118000071,4650,7717,-3067
118000072,3130,1248,1882
118000073,3371,609,2762
118000074,633,598,35
118000075,978,373,605
118000076,1868,1716,152
118000077,1709,1555,154
118000078,2289,1884,405
118000079,346,523,-177
118000080,1413,1231,182
118000081,2195,1116,1079
118000082,451,1115,-664
118000083,3237,1592,1645
118000084,3279,1967,1312
118000086,321,678,-357
118000087,9289,3594,5695
118000088,2208,2432,-224
118000089,5567,3070,2497
118000090,3027,3620,-593
118000091,2487,2761,-274
118000092,1837,618,1219
118000093,170,923,-753
118000096,610,706,-96
118000097,851,788,63
118000098,272,258,14
118000099,477,1235,-758
118000101,1128,387,741
118000102,373,1785,-1412
118000107,5852,777,5075
118000108,911,1984,-1073
118000110,1,34,-33
118000111,3,957,-954
118000112,289,5,284
118000113,10,1808,-1798
118000114,286,12,274
118000115,20,15,5
118000116,42,1,41
118000117,1528,1514,14
118000118,1057,745,312
118000119,903,1604,-701
118000120,2128,2491,-363
118000121,108,697,-589
118000122,1698,369,1329
118000123,77,362,-285
118000125,2819,1738,1081
118000126,1066,1545,-479
118000127,2750,767,1983
118000128,1049,1674,-625
118000129,1382,415,967
118000130,3934,6048,-2114
118000131,983,1473,-490
118000132,2331,1695,636
118000133,899,608,291
118000135,707,471,236
118000136,116,706,-590
118000137,1081,119,962
118000138,314,1380,-1066
118000139,339,169,170
118000140,2983,4599,-1616
118000141,2112,2648,-536
118000142,1417,2698,-1281
118000143,1758,1433,325
118000144,2165,1498,667
118000145,1641,3429,-1788
118000146,1285,1544,-259
118000147,924,2398,-1474
118000148,385,1810,-1425
118000149,791,1875,-1084
118000150,415,424,-9
118000151,352,621,-269
118000153,1054,1819,-765
118000154,1021,2550,-1529
118000155,1060,1988,-928
118000156,3816,3681,135
118000157,616,609,7
118000158,149,555,-406
118000159,25,80,-55
118000160,552,574,-22
118000161,485,1095,-610
118000162,1161,1237,-76
118000163,709,989,-280
118000164,3449,1954,1495
118000168,2429,445,1984
118000169,1208,2316,-1108
118000170,4674,9135,-4461
118000171,273,1059,-786
118000172,145,463,-318
118000173,1013,2004,-991
118000175,298,452,-154
118000176,292,518,-226
118000177,253,754,-501
118000178,221,60,161
118000179,2243,1356,887
118000180,1113,1220,-107
118000181,1025,441,584
118000182,326,392,-66
118000183,259,356,-97
118000184,703,1618,-915
118000185,1461,1221,240
118000186,885,1245,-360
118000187,1370,1040,330
118000188,595,369,226
118000189,494,1372,-878
118000190,14,25,-11
118000191,17,98,-81
118000192,317,346,-29
118000193,246,533,-287
118000194,2941,1368,1573
118000195,1174,761,413
118000196,753,147,606
118000197,382,147,235
118000198,864,681,183
118000199,1225,574,651
118000200,154,534,-380
118000201,659,532,127
118000202,54,97,-43
118000203,1358,526,832
118000204,193,411,-218
118000205,300,432,-132
118000206,257,301,-44
118000207,0,262,-262
118000208,1111,1963,-852
118000209,2077,2585,-508
118000210,30,44,-14
118000211,23,55,-32
118000213,1386,1890,-504
118000214,854,599,255
118000215,313,387,-74
118000216,2521,5270,-2749
118000217,32,178,-146
118000218,75,184,-109
118000219,622,556,66
118000220,2,62,-60
118000221,99,349,-250
118000222,60,28,32
118000223,43,55,-12
118000224,405,116,289
118000225,123,1498,-1375
118000226,1086,225,861
118000227,1198,480,718
118000228,251,214,37
118000229,358,72,286
118000230,157,402,-245
118000231,104,372,-268
118000232,748,1434,-686
118000233,856,1353,-497
118000234,326,437,-111
118000236,444,717,-273
118000237,86,991,-905
118000238,215,512,-297
118000239,253,550,-297
118000240,990,163,827
118000241,113,459,-346
118000242,381,988,-607
118000243,196,316,-120
118000244,50,256,-206
118000246,1,11,-10
118000255,47,348,-301
118000256,132,291,-159
118000259,29,106,-77
118000260,188,218,-30
118000261,67,205,-138
118000263,109,395,-286
118000266,79,569,-490
118000267,0,131,-131
118000268,584,7,577
118000270,56,56,0
118000271,165,429,-264
118000272,72,56,16
118000273,147,125,22
118000274,114,515,-401
118000276,348,731,-383
118000295,12,109,-97
118000298,165,541,-376
118000299,63,259,-196
118000301,0,111,-111
118000302,70,133,-63
118000311,327,185,142
118000312,246,303,-57
118000313,53,381,-328
118000314,75,157,-82
118000315,43,126,-83
118000316,552,859,-307
118000325,58,157,-99
118000326,55,58,-3
118000331,50,132,-82
118000332,25,115,-90
118000333,45,134,-89
118000335,172,0,172
118000336,1,544,-543
118000407,97,83,14
118000457,13,29,-16
118000465,4229,4381,-152
118000480,25,241,-216
118000489,91,243,-152
118000490,111,744,-633
118000492,163,354,-191
118000510,82,23,59
118000514,202,636,-434
118000515,885,610,275
118000517,624,275,349
118000524,1075,307,768
118000525,1029,1211,-182
118000530,19,165,-146
118000531,235,439,-204
118000532,204,460,-256
118000533,422,193,229
118000534,666,558,108
118000535,199,180,19
118000536,1249,1680,-431
118000537,33,204,-171
118000538,36,205,-169
118000539,26,118,-92
118000540,397,438,-41
118000541,246,178,68
118000542,136,248,-112
118000543,375,345,30
118000546,36,33,3
118000560,4546,1561,2985
118000562,23,674,-651
118000563,2732,1757,975
118000576,159,303,-144
118000577,219,172,47
118000578,155,136,19
118000579,1037,1417,-380
118000595,145,124,21
118000596,0,76,-76
118000597,97,195,-98
118000598,18,1,17
118000599,30,62,-32
118000600,1,60,-59
118000601,6,0,6
118000602,0,61,-61
118000603,0,61,-61
118900001,1752,1518,234
118900002,1645,934,711
118900003,248,25,223
118900004,47,110,-63
118900005,58,10,48
118900006,111,12,99
118900007,9,3,6
118900008,1739,65,1674
118900009,35,32,3
118900010,45,3,42
118900011,189,60,129
118900012,530,354,176
118900013,849,93,756
118900015,196,89,107
118900016,3,33,-30
118900017,207,280,-73
118900018,1691,16,1675
118900019,52,22,30
118900020,171,167,4
118900021,171,577,-406
118900022,165,134,31
118900023,144,149,-5
118900024,121,256,-135
118900025,88,45,43
118900026,61,131,-70
118900027,656,332,324
118900028,112,264,-152
118900029,177,696,-519
118900030,245,125,120
118900031,161,208,-47
118900032,192,300,-108
118900033,510,994,-484
118900034,135,14,121
118900035,175,327,-152
118900036,966,1265,-299
118900037,511,463,48
118900038,379,467,-88
118900039,474,388,86
118900040,196,246,-50
118900041,418,296,122
118900042,209,166,43
118900045,289,182,107
118900046,1121,240,881
118900047,1167,287,880
118900048,329,206,123
118900049,74,48,26
118900050,20,215,-195
118900051,77,69,8
118900052,399,368,31
118900053,43,133,-90
118900054,133,119,14
118900055,64,158,-94
118900056,40,302,-262
118900057,644,455,189
118900058,434,580,-146
118900059,19,115,-96
118900060,87,210,-123
118900062,199,285,-86
118900064,786,699,87
118900065,51,249,-198
118900066,96,177,-81
118900067,7724,3050,4674
118900068,7,412,-405
118900069,385,363,22
118900071,6,82,-76
118900072,441,590,-149
118900073,69,151,-82
118900074,108,266,-158
118900075,79,133,-54
118900076,329,113,216
118900077,235,288,-53
118900078,35,7,28
118900079,78,258,-180
118900080,27,113,-86
118900081,58,20,38
118900082,548,241,307
118900083,23,28,-5
118900084,10,29,-19
118900085,688,1172,-484
118900086,46,76,-30
118900087,23,231,-208
118900088,0,23,-23
118900089,27,15,12
118900090,486,675,-189
118900091,267,196,71
118900092,69,149,-80
118900093,153,12,141
118900096,62,16,46
118900097,192,1073,-881
118900099,48,493,-445
118900100,172,308,-136
118900101,93,1066,-973
118900102,17,102,-85
118900103,88,120,-32
118900104,53,64,-11
118900105,219,236,-17
118900107,273,150,123
118900108,64,158,-94
118900110,2526,841,1685
118900111,360,933,-573
118900112,52,212,-160
118900113,109,1097,-988
118900114,20,177,-157
118900115,109,608,-499
118900116,127,249,-122
118900117,94,227,-133
118900118,255,723,-468
118900119,129,375,-246
118900120,120,393,-273
118900121,18,431,-413
118900122,16,933,-917
118900123,157,297,-140
118900124,102,252,-150
118900126,34,369,-335
118900129,437,265,172
118900130,33,181,-148
118900131,126,436,-310
118900132,426,240,186
118900133,25,116,-91
118900135,180,326,-146
118900136,204,1077,-873
118900137,6,32,-26
118900139,172,1111,-939
118900140,394,1161,-767
118900141,77,489,-412
118900144,180,780,-600
118900145,34,254,-220
118900146,297,1301,-1004
118900147,208,90,118
118900148,53,124,-71
118900150,153,614,-461
118900152,508,1223,-715
118900157,137,242,-105
118900158,67,204,-137
118900159,1,398,-397
118900161,150,10,140
118900163,425,175,250
118900164,14,175,-161
118900165,70,437,-367
118900166,88,6,82
118900167,62,239,-177
118900168,7,108,-101
118900169,129,709,-580
118900170,125,259,-134
118900171,11,31,-20
118900174,73,105,-32
118900175,323,567,-244
118900176,159,293,-134
118900177,57,83,-26
118900178,61,152,-91
118900179,24,99,-75
118900181,91,188,-97
118900182,154,58,96
118900183,33,134,-101
118900184,238,75,163
118900185,97,208,-111
118900186,101,105,-4
118900187,257,535,-278
118900188,274,443,-169
118900189,36,717,-681
118900190,22,1195,-1173
118900191,165,86,79
118900192,168,75,93
118900193,319,11,308
118900195,544,1712,-1168
118900196,32,266,-234
118900197,131,124,7
118900198,13,55,-42
118900199,41,76,-35
118900200,14,7,7
118900201,19,15,4
118900202,7,73,-66
118900203,10,95,-85
118900204,8,60,-52
118900205,16,26,-10
118900206,4,43,-39
119000001,1391,2297,-906
119000002,3132,5670,-2538
119000003,2045,2499,-454
119000004,2080,2165,-85
119000005,2242,2675,-433
119000006,2288,2179,109
119000007,3558,4125,-567
119000008,1991,2935,-944
119000009,4057,3762,295
119000010,10244,5065,5179
119000011,7858,3331,4527
119000012,6067,4286,1781
119000013,2733,1758,975
119000014,3208,4727,-1519
119000019,277,271,6
119000020,1291,1869,-578
119000021,3449,2559,890
119000022,5750,2484,3266
119000023,276,340,-64
119000024,2791,9269,-6478
119000025,18458,1880,16578
119000026,288,365,-77
119000027,800,602,198
119000028,3118,2061,1057
119000029,184,411,-227
119000030,582,2005,-1423
119000031,811,884,-73
119000032,3205,3968,-763
119000033,2525,2930,-405
119000034,1055,1454,-399
119000035,43,638,-595
119000036,1214,1797,-583
119000037,1107,3341,-2234
119000038,139,1909,-1770
119000039,244,476,-232
119000040,1645,688,957
119000041,1434,1618,-184
119000048,4749,5760,-1011
119000049,1394,5234,-3840
119000050,1900,3955,-2055
119000051,2507,1436,1071
119000052,3195,4825,-1630
119000053,2157,1788,369
119000054,3020,6514,-3494
119000055,3188,5503,-2315
119000056,2134,3078,-944
119000057,1730,4207,-2477
119000058,2278,3490,-1212
119000059,1235,2942,-1707
119000060,1257,1204,53
119000061,1036,1278,-242
119000062,1112,1881,-769
119000063,401,470,-69
119000064,1905,2440,-535
119000065,2469,4657,-2188
119000066,2308,1405,903
119000067,2184,4264,-2080
119000068,1452,1323,129
119000069,1649,4736,-3087
119000070,1933,1466,467
119000071,734,1604,-870
119000072,10477,5938,4539
119000073,7123,7272,-149
119000074,1183,6385,-5202
119000075,1292,3370,-2078
119000076,756,1370,-614
119000077,999,788,211
119000078,468,377,91
119000079,142,1123,-981
119000080,274,471,-197
119000081,338,563,-225
119000082,945,424,521
119000083,487,525,-38
119000084,348,939,-591
119000085,893,514,379
119000086,304,630,-326
119000087,2243,1567,676
119000088,245,251,-6
119000089,48,261,-213
119000090,163,274,-111
119000091,159,534,-375
119000092,798,324,474
119000093,6408,5680,728
119000094,2392,7901,-5509
119000095,1550,5187,-3637
119000097,3117,2481,636
119000098,706,2231,-1525
119000099,3062,3194,-132
119000100,3227,2897,330
119000101,4139,3344,795
119000102,913,1020,-107
119000103,1905,733,1172
119000104,5230,2534,2696
119000105,1014,1633,-619
119000106,356,3603,-3247
119000107,656,725,-69
119000108,318,2138,-1820
119000109,131,483,-352
119000110,779,705,74
119000111,84,750,-666
119000112,200,144,56
119000113,3565,459,3106
119000114,1167,925,242
119000115,227,240,-13
119000116,116,137,-21
119000117,134,442,-308
119000118,3,7,-4
119000123,4907,1180,3727
119000124,517,382,135
119000125,2518,1801,717
119000126,369,1597,-1228
119000127,455,1646,-1191
119000128,44,6,38
119000131,888,1634,-746
119000132,12,9,3
119000133,1,17,-16
119000134,3948,812,3136
119000135,95,274,-179
119000136,143,514,-371
119000137,193,843,-650
119000138,283,723,-440
119000139,277,533,-256
119000140,177,416,-239
119000284,1652,4283,-2631
119000285,3020,3460,-440
119000286,9054,7644,1410
119000287,1774,3336,-1562
119000288,2319,2524,-205
119000289,3165,6262,-3097
119000290,239,1034,-795
119000291,4,727,-723
119000293,90,312,-222
119000294,33,44,-11
119000295,3378,841,2537
119000296,138,147,-9
119000302,5291,1907,3384
119000303,38,357,-319
119000314,1802,8964,-7162
119000315,4,1103,-1099
119000316,60,247,-187
119000317,66,763,-697
119900001,278,1152,-874
119900002,149,423,-274
119900003,88,1935,-1847
119900004,475,736,-261
119900005,143,194,-51
119900006,258,456,-198
119900007,936,126,810
119900008,34,45,-11
119900009,536,751,-215
119900010,1914,1623,291
119900011,38,82,-44
119900012,21,81,-60
119900013,2074,967,1107
119900014,789,376,413
119900015,83,40,43
119900016,59,145,-86
119900017,30,48,-18
119900018,2512,621,1891
119900019,42,11,31
119900020,138,207,-69
119900021,145,147,-2
119900022,214,480,-266
119900023,1279,1011,268
119900025,116,44,72
119900026,1273,171,1102
119900027,22,46,-24
119900028,175,109,66
119900029,8,11,-3
119900030,667,663,4
119900031,42,334,-292
119900033,2612,285,2327
119900034,317,273,44
119900037,127,70,57
119900038,52,302,-250
119900039,45,9,36
119900040,83,7,76
119900041,101,96,5
119900042,90,279,-189
119900043,57,305,-248
119900044,301,555,-254
119900046,93,112,-19
119900047,270,70,200
119900048,28,98,-70
119900049,124,19,105
119900050,85,131,-46
119900051,478,11,467
119900052,43,63,-20
119900053,121,359,-238
119900054,116,7,109
119900055,1030,492,538
119900057,127,138,-11
119900058,185,4,181
119900059,218,78,140
119900060,145,24,121
119900062,62,51,11
119900063,10,62,-52
119900064,366,78,288
119900065,192,8,184
119900066,0,1,-1
119900067,73,46,27
119900068,309,6,303
119900069,51,30,21
119900070,645,10,635
119900071,416,13,403
119900073,2873,701,2172
119900074,79,56,23
119900075,9397,3182,6215
119900076,470,918,-448
119900077,558,2141,-1583
119900078,407,1438,-1031
119900079,171,547,-376
119900080,1366,1942,-576
119900081,95,112,-17
119900082,1058,929,129
119900083,436,124,312
119900084,977,416,561
119900085,267,121,146
119900086,12,105,-93
119900087,583,462,121
119900088,64,95,-31
119900089,41,1000,-959
119900090,239,93,146
119900091,91,2175,-2084
119900092,47,760,-713
119900093,1478,264,1214
119900094,59,269,-210
119900095,245,179,66
119900096,86,128,-42
119900097,930,315,615
119900098,48,126,-78
119900099,58,507,-449
119900100,4288,2885,1403
119900101,266,1608,-1342
119900102,56,549,-493
119900103,37,1013,-976
119900104,44,472,-428
119900105,1182,2676,-1494
119900106,20,393,-373
119900107,615,6784,-6169
119900108,3445,1122,2323
119900109,41,594,-553
119900110,630,1163,-533
119900111,108,618,-510
119900112,5080,907,4173
119900113,88,742,-654
119900114,259,3105,-2846
119900115,262,2236,-1974
119900116,218,659,-441
119900117,250,1507,-1257
119900118,42,2197,-2155
119900119,230,433,-203
119900120,919,1147,-228
119900121,274,2474,-2200
119900122,576,577,-1
119900123,302,445,-143
119900124,203,1781,-1578
119900125,70,638,-568
119900126,8592,405,8187
119900127,4833,1611,3222
119900128,396,1366,-970
119900129,238,1588,-1350
119900130,57,529,-472
119900131,36,551,-515
119900132,1,748,-747
119900133,64,38,26
119900134,3571,357,3214
119900135,1,1065,-1064
119900136,213,859,-646
119900138,590,1120,-530
119900139,27,152,-125
119900140,0,302,-302
119900141,220,670,-450
119900142,26,59,-33
119900143,22,296,-274
119900144,3387,398,2989
119900145,86,393,-307
119900146,247,253,-6
119900147,16,242,-226
119900148,144,83,61
119900149,2905,3383,-478
119900150,203,331,-128
119900151,2471,1256,1215
119900152,114,836,-722
119900153,122,111,11
119900154,18,653,-635
119900155,18,55,-37
119900156,9,4,5
119900157,88,489,-401
119900158,161,85,76
119900159,8,2931,-2923
119900160,35,401,-366
119900161,207,556,-349
119900162,796,1186,-390
119900163,199,284,-85
119900164,2,0,2
119900165,113,456,-343
119900166,74,41,33
119900167,185,260,-75
119900168,638,566,72
119900169,222,505,-283
119900170,217,254,-37
119900171,904,860,44
119900172,196,39,157
119900173,9,851,-842
119900174,6,518,-512
119900175,870,998,-128
119900177,36,372,-336
119900178,14,387,-373
119900179,67,290,-223
119900180,943,1014,-71
119900181,47,112,-65
119900182,10,1007,-997
119900183,155,1315,-1160
119900184,5750,1000,4750
119900185,55,173,-118
119900186,133,627,-494
119900187,27,1102,-1075
119900188,70,429,-359
119900189,562,413,149
119900190,77,200,-123
119900191,342,205,137
119900192,76,305,-229
119900193,260,321,-61
119900194,19,82,-63
119900195,54,419,-365
119900196,2951,806,2145
119900197,163,182,-19
119900198,117,688,-571
119900199,150,37,113
119900200,560,796,-236
119900201,570,365,205
119900202,301,198,103
119900203,171,437,-266
119900204,255,541,-286
119900205,436,1073,-637
119900206,92,208,-116
119900208,220,248,-28
119900209,498,1175,-677
119900210,53,71,-18
119900211,157,23,134
119900212,144,516,-372
119900213,4,71,-67
119900214,26,161,-135
119900215,50,131,-81
119900216,11,167,-156
119900217,24,140,-116
119900218,14,133,-119
119900219,17,256,-239
119900220,6,206,-200
119900221,40,667,-627
119900222,15,476,-461
119900223,24,193,-169
119900224,10,60,-50
119900225,1884,66,1818
119900226,1333,2057,-724
119900227,2100,617,1483
119900228,97,578,-481
119900229,402,928,-526
119900230,2174,968,1206
119900231,191,295,-104
119900232,235,124,111
119900233,39,11,28
119900234,26,147,-121
119900235,42,47,-5
119900236,28,400,-372
119900237,67,1151,-1084
119900238,4,146,-142
119900240,65,226,-161
119900241,224,415,-191
119900242,2969,2238,731
119900244,1309,1850,-541
119900245,156,253,-97
119900246,347,538,-191
119900247,30,101,-71
119900248,70,137,-67
119900249,227,93,134
119900253,7333,649,6684
119900254,74,449,-375
119900255,105,748,-643
119900256,346,2119,-1773
119900257,38,3,35
119900258,96,36,60
119900259,8,317,-309
119900260,92,11,81
119900261,291,315,-24
119900262,3,530,-527
119900263,1251,637,614
119900264,82,473,-391
119900265,426,728,-302
119900266,216,446,-230
119900267,329,629,-300
119900268,134,381,-247
119900269,857,2553,-1696
119900271,48,135,-87
119900272,243,113,130
119900275,171,23,148
119900276,30,1,29
119900277,7,3,4
119900278,536,99,437
119900279,149,278,-129
119900280,1637,350,1287
119900281,2,179,-177
119900282,66,52,14
119900283,18,655,-637
119900284,73,362,-289
119900285,243,266,-23
119900286,28,28,0
119900288,5,64,-59
119900289,0,58,-58
119900290,5,65,-60
119900291,1,61,-60
119900292,24,35,-11
119900293,23,81,-58
119900294,16,131,-115
119900295,0,40,-40
119900296,28,510,-482
119900297,22,27,-5
119900298,11,13,-2
119900299,56,424,-368
119900300,221,372,-151
119900301,94,68,26
119900302,113,152,-39
119900303,178,426,-248
119900304,134,59,75
119900305,32,186,-154
119900306,31,2,29
119900307,61,287,-226
119900308,12,37,-25
119900309,36,92,-56
119900310,385,594,-209
119900311,39,296,-257
119900312,97,163,-66
119900313,260,668,-408
119900314,175,437,-262
119900315,958,4308,-3350
119900318,10,37,-27
119900319,66,590,-524
119900320,146,1129,-983
119900321,45,4,41
119900322,4,4,0
119900323,0,7,-7
119900324,0,1,-1
119900325,1,62,-61
120000001,12385,15424,-3039
120000002,2734,4981,-2247
120000003,4353,2818,1535
120000004,3359,3733,-374
120000005,5764,3068,2696
120000006,1351,1834,-483
120000007,4841,3426,1415
120000008,1381,2112,-731
120000009,7187,1349,5838
120000010,2216,4742,-2526
120000011,1698,3659,-1961
120000012,1929,5156,-3227
120000013,2899,4321,-1422
120000014,810,2569,-1759
120000015,3365,2383,982
120000016,3778,4354,-576
120000017,3114,3322,-208
120000018,8036,12089,-4053
120000019,1061,1817,-756
120000020,4395,3929,466
120000021,2446,2760,-314
120000022,3609,4780,-1171
120000023,921,2497,-1576
120000024,1755,3623,-1868
120000025,2650,3261,-611
120000026,1169,2500,-1331
120000027,1570,2446,-876
120000028,1171,830,341
120000029,5522,990,4532
120000030,382,1086,-704
120000031,2286,10964,-8678
120000032,15335,5231,10104
120000033,4687,3082,1605
120000034,1796,3742,-1946
120000035,2300,4498,-2198
120000036,3464,7046,-3582
120000037,828,1696,-868
120000038,15882,5254,10628
120000039,590,1515,-925
120000040,152,237,-85
120000041,940,3028,-2088
120000042,2057,6548,-4491
120000043,5119,4816,303
120000044,4135,1937,2198
120000045,4455,1419,3036
120000046,2360,2746,-386
120000047,3519,4509,-990
120000048,12999,5355,7644
120000049,4174,4589,-415
120000050,4124,7979,-3855
120000051,5292,7229,-1937
120000052,22383,4149,18234
120000053,1342,6879,-5537
120000054,1793,11036,-9243
120000055,1820,9294,-7474
120000056,3737,9327,-5590
120000057,2345,1252,1093
120000058,1346,390,956
120000059,135,1394,-1259
120000061,166,1130,-964
120000062,215,467,-252
120000063,2425,5115,-2690
120000064,291,2751,-2460
120000065,861,3506,-2645
120000066,211,891,-680
120000067,81,1075,-994
120000068,206,2055,-1849
120000069,823,2831,-2008
120000070,84,1759,-1675
120000071,262,352,-90
120000072,440,781,-341
120000073,551,180,371
120000074,122,133,-11
120000075,662,390,272
120000076,1423,582,841
120000077,1408,814,594
120000078,3458,1277,2181
120000079,143,116,27
120000080,70,221,-151
120000081,191,134,57
120000082,169,180,-11
120000083,68,399,-331
120000084,627,821,-194
120000085,350,469,-119
120000086,348,992,-644
120000087,150,1913,-1763
120000088,869,2286,-1417
120000089,1298,1171,127
120000090,618,889,-271
120000091,870,1586,-716
120000092,1473,875,598
120000093,424,900,-476
120000094,128,752,-624
120000095,1198,1205,-7
120000096,308,1856,-1548
120000098,998,1770,-772
120000099,377,1080,-703
120000100,968,1435,-467
120000101,531,758,-227
120000102,465,874,-409
120000103,1081,766,315
120000104,1653,507,1146
120000105,2246,611,1635
120000106,1962,582,1380
120000107,3092,719,2373
120000108,851,159,692
120000109,875,99,776
120000110,111,1856,-1745
120000111,162,2403,-2241
120000112,1003,7235,-6232
120000113,735,5097,-4362
120000114,1054,5648,-4594
120000115,391,4717,-4326
120000116,810,3702,-2892
120000117,2239,2625,-386
120000118,54,50,4
120000119,65,122,-57
120000120,100,87,13
120000121,37,121,-84
120000122,511,431,80
120000123,10800,4884,5916
120000124,429,759,-330
120000125,579,1051,-472
120000126,400,1292,-892
120000127,2833,1247,1586
120000128,5291,4178,1113
120000129,364,505,-141
120000130,902,1293,-391
120000131,305,686,-381
120000134,521,2482,-1961
120000135,318,484,-166
120000137,235,4066,-3831
120000138,548,760,-212
120000139,252,2056,-1804
120000140,517,996,-479
120000141,242,1058,-816
120000142,351,959,-608
120000143,4,179,-175
120000144,81,0,81
120000145,285,1,284
120000146,3402,1253,2149
120000149,717,1682,-965
120000150,7341,11324,-3983
120000151,448,840,-392
120000152,383,548,-165
120000153,288,1851,-1563
120000154,503,738,-235
120000155,149,389,-240
120000156,2597,955,1642
120000157,1028,1111,-83
120000158,875,1830,-955
120000159,2232,3588,-1356
120000160,2811,1973,838
120000161,1536,3795,-2259
120000162,116,366,-250
120000163,526,2809,-2283
120000164,400,843,-443
120000165,339,1681,-1342
120000166,975,1123,-148
120000167,59,66,-7
120000168,11,295,-284
120000169,108,758,-650
120000170,198,453,-255
120000171,35,122,-87
120000172,26,53,-27
120000173,3546,400,3146
120000174,736,21,715
120000175,904,10,894
120000176,628,50,578
120000177,2490,334,2156
120000178,191,19,172
120000179,601,43,558
120000180,886,113,773
120000181,149,450,-301
120000182,93,240,-147
120000183,22,282,-260
120000184,186,1355,-1169
120000186,89,131,-42
120000187,104,73,31
120000188,447,132,315
120000190,2064,18,2046
120000191,2779,38,2741
120000192,3018,38,2980
120000193,997,3,994
120000195,167,5,162
120000196,403,67,336
120000197,132,261,-129
120000198,189,247,-58
120000199,84,1,83
120000200,82,4,78
120000201,16,18,-2
120000202,0,122,-122
120000203,47,539,-492
120000207,3,201,-198
120000208,16,540,-524
120000209,6,177,-171
120000210,293,177,116
120000211,68,3,65
120000212,89,1,88
120000213,63,674,-611
120000214,2,753,-751
120000215,9,279,-270
120000216,64,16,48
120000217,1477,2437,-960
120000218,373,1829,-1456
120000219,21,1284,-1263
120000220,28,4492,-4464
120000225,901,4,897
120000226,201,6,195
120000227,651,51,600
120000228,10885,3415,7470
120000230,288,21,267
120000231,1086,4251,-3165
120000233,167,54,113
120000235,127,1340,-1213
120000236,720,1,719
120000237,7,4006,-3999
120000238,1,441,-440
120000241,1653,5525,-3872
120000412,2944,37,2907
120000413,213,764,-551
120000414,75,1,74
120000415,3,354,-351
120000416,88,17,71
120000417,6,169,-163
120000418,85,20,65
120000419,14,974,-960
120000420,113,74,39
120000421,22816,8870,13946
120000422,326,671,-345
120000423,3,63,-60
120000424,113,268,-155
120000436,152,507,-355
120000437,244,260,-16
120000438,7626,556,7070
120000439,162,461,-299
120000443,128,0,128
120000444,953,1312,-359
120000445,2073,1964,109
120000446,1680,449,1231
120000447,131,11,120
120000449,101,30,71
120000450,9,695,-686
120000451,165,509,-344
120000452,97,6,91
120000453,0,597,-597
120000454,135,60,75
120000455,122,79,43
120000456,4767,4311,456
120000457,2972,1509,1463
120000458,810,1327,-517
120000459,82,149,-67
120000665,1704,194,1510
120000668,130,430,-300
120000669,79,703,-624
120000670,294,646,-352
120000671,1172,339,833
120000672,112,590,-478
120900001,65,66,-1
120900002,751,619,132
120900003,198,39,159
120900004,18,125,-107
120900005,32,2448,-2416
120900006,252,242,10
120900007,138,295,-157
120900008,364,2469,-2105
120900009,278,29,249
120900010,319,106,213
120900011,512,214,298
120900012,2034,1315,719
120900013,288,78,210
120900014,8,1520,-1512
120900015,445,98,347
120900016,620,80,540
120900017,4910,173,4737
120900018,97,999,-902
120900019,671,234,437
120900020,1293,1179,114
120900021,572,184,388
120900022,54,762,-708
120900023,209,52,157
120900024,2020,665,1355
120900025,2864,1487,1377
120900026,171,427,-256
120900027,982,85,897
120900028,312,75,237
120900029,198,349,-151
120900030,912,699,213
120900031,185,91,94
120900032,720,296,424
120900033,1027,80,947
120900034,32,2876,-2844
120900035,93,491,-398
120900037,234,15,219
120900038,40,160,-120
120900039,118,33,85
120900040,194,2,192
120900041,173,62,111
120900042,282,104,178
120900043,42,37,5
120900044,17,795,-778
120900045,137,403,-266
120900046,321,3,318
120900047,108,74,34
120900048,79,21,58
120900049,301,1,300
120900050,6294,1647,4647
120900051,281,202,79
120900052,509,13,496
120900053,207,150,57
120900054,1970,1545,425
120900055,268,3,265
120900056,463,20,443
120900057,99,22,77
120900058,368,2,366
120900059,62,6,56
120900060,59,54,5
120900061,343,883,-540
120900062,156,1,155
120900063,409,16,393
120900064,369,1,368
120900065,412,13,399
120900066,186,485,-299
120900067,170,43,127
120900068,220,2,218
120900069,148,92,56
120900071,81,2,79
120900072,458,5,453
120900073,250,353,-103
120900074,533,7,526
120900076,267,2,265
120900077,7191,498,6693
120900078,597,832,-235
120900079,542,173,369
120900080,442,3908,-3466
120900081,770,1980,-1210
120900082,933,457,476
120900083,61,2,59
120900084,246,384,-138
120900085,166,190,-24
120900086,309,312,-3
120900087,381,183,198
120900088,308,387,-79
120900089,7350,2290,5060
120900090,135,328,-193
120900091,514,546,-32
120900092,1525,1157,368
120900093,6073,456,5617
120900094,631,369,262
120900095,427,41,386
120900096,54,303,-249
120900097,819,1655,-836
120900098,345,252,93
120900099,106,141,-35
120900100,91,600,-509
120900101,817,451,366
120900102,26,212,-186
120900103,37,262,-225
120900104,35,93,-58
120900105,83,1147,-1064
120900106,1945,1017,928
120900107,439,253,186
120900108,9,1387,-1378
120900109,60,1342,-1282
120900110,13,1335,-1322
120900111,154,659,-505
120900112,16,2443,-2427
120900113,23,1715,-1692
120900114,40,271,-231
120900115,151,235,-84
120900116,221,1229,-1008
120900117,2,981,-979
120900118,12,1523,-1511
120900119,4487,5883,-1396
120900120,64,1245,-1181
120900121,147,932,-785
120900122,320,1399,-1079
120900123,10,973,-963
120900124,3,1291,-1288
120900125,11,2370,-2359
120900126,2040,1534,506
120900127,14,1002,-988
120900128,1256,1919,-663
120900129,82,560,-478
120900130,14,1210,-1196
120900131,29,146,-117
120900132,763,897,-134
120900133,267,2256,-1989
120900134,803,737,66
120900135,9,1131,-1122
120900136,39,100,-61
120900137,161,226,-65
120900138,23,384,-361
120900139,15,1486,-1471
120900140,2,123,-121
120900141,140,253,-113
120900142,29,1802,-1773
120900143,5,1773,-1768
120900144,1,429,-428
120900145,86,1615,-1529
120900146,5,2055,-2050
120900147,3,654,-651
120900148,122,227,-105
120900149,0,794,-794
120900150,35,1265,-1230
120900151,5,1303,-1298
120900152,0,111,-111
120900153,31,113,-82
120900154,1,689,-688
120900155,124,2085,-1961
120900156,31,633,-602
120900157,37,343,-306
120900158,41,1052,-1011
120900159,27,328,-301
120900160,50,653,-603
120900161,39,1018,-979
120900162,23,999,-976
120900163,21,313,-292
120900164,0,1,-1
120900165,8,8,0
120900166,78,337,-259
120900167,437,123,314
120900169,61,1076,-1015
120900170,4805,2151,2654
120900171,1983,658,1325
120900172,2040,347,1693
120900173,5,133,-128
120900174,16,263,-247
120900175,407,442,-35
120900176,12,381,-369
120900177,4,858,-854
120900178,1,358,-357
120900179,1410,798,612
120900180,188,176,12
120900181,127,96,31
120900182,19,980,-961
120900183,447,193,254
120900184,162,145,17
120900185,8,717,-709
120900186,7,924,-917
120900187,441,1335,-894
120900188,126,20,106
120900189,308,743,-435
120900190,42,30,12
120900191,3,33,-30
120900192,21928,4537,17391
120900194,34,140,-106
120900195,143,373,-230
120900196,807,48,759
120900197,507,146,361
120900198,330,1178,-848
120900199,441,2805,-2364
120900200,232,290,-58
120900201,958,224,734
120900202,1,372,-371
120900203,46,75,-29
120900204,218,644,-426
120900205,60,198,-138
120900206,17,31,-14
121000001,1244,1704,-460
121000002,3385,2037,1348
121000003,5744,2891,2853
121000004,3830,6463,-2633
121000005,2702,3937,-1235
121000006,4558,2042,2516
121000007,4045,4043,2
121000008,8362,4608,3754
121000009,8603,9350,-747
121000010,12963,7744,5219
121000011,13395,22683,-9288
121000012,21381,16212,5169
121000013,7231,12626,-5395
121000014,9284,9851,-567
121000015,7269,9560,-2291
121000016,6864,6176,688
121000017,2769,5267,-2498
121000018,2994,2824,170
121000019,29276,14162,15114
121000020,19017,15267,3750
121000021,4178,5109,-931
121000022,2362,2752,-390
121000023,6034,4973,1061
121000024,4692,5788,-1096
121000025,944,1703,-759
121000026,420,190,230
121000027,1935,1411,524
121000028,1078,733,345
121000029,1234,1223,11
121000030,684,680,4
121000031,930,925,5
121000032,238,98,140
121000034,467,221,246
121000035,247,83,164
121000036,1507,1090,417
121000037,817,832,-15
121000038,862,1065,-203
121000039,585,533,52
121000041,588,678,-90
121000042,310,536,-226
121000043,1012,952,60
121000044,2280,994,1286
121000045,630,598,32
121000046,614,1352,-738
121000047,78,102,-24
121000049,2444,820,1624
121000050,433,1387,-954
121000051,850,420,430
121000052,355,976,-621
121000053,621,121,500
121000054,67,320,-253
121000055,1894,1985,-91
121000056,1006,1443,-437
121000057,205,459,-254
121000058,554,169,385
121000059,2995,1686,1309
121000060,434,1101,-667
121000061,180,247,-67
121000062,179,390,-211
121000063,852,812,40
121000064,729,1086,-357
121000065,663,601,62
121000066,715,734,-19
121000067,1197,671,526
121000068,770,534,236
121000069,1228,901,327
121000070,2085,1768,317
121000071,1380,1394,-14
121000072,1782,1221,561
121000073,1389,1171,218
121000074,183,185,-2
121000075,135,459,-324
121000076,2019,808,1211
121000077,189,284,-95
121000078,129,154,-25
121000080,3659,1018,2641
121000081,6345,3554,2791
121000082,114,298,-184
121000083,279,194,85
121000084,224,141,83
121000085,379,524,-145
121000086,208,1173,-965
121000087,86,464,-378
121000088,511,1173,-662
121000089,685,462,223
121000090,525,519,6
121000091,2369,1537,832
121000092,211,110,101
121000093,222,334,-112
121000094,694,928,-234
121000095,420,632,-212
121000096,2798,4987,-2189
121000097,1722,3135,-1413
121000098,566,2066,-1500
121000099,466,1294,-828
121000100,941,832,109
121000101,310,432,-122
121000102,198,542,-344
121000103,184,507,-323
121000104,230,249,-19
121000105,455,419,36
121000106,302,722,-420
121000107,3245,5454,-2209
121000109,2084,1625,459
121000110,503,878,-375
121000114,3759,3086,673
121000115,1292,1134,158
121000116,552,1416,-864
121000117,1271,463,808
121000118,1551,487,1064
121000119,366,560,-194
121000120,282,837,-555
121000121,569,1540,-971
121000123,2006,886,1120
121000126,119,495,-376
121000127,263,165,98
121000128,955,825,130
121000129,715,779,-64
121000130,599,1726,-1127
121000131,3205,2185,1020
121000132,2052,2265,-213
121000135,703,956,-253
121000136,1591,882,709
121000137,683,332,351
121000138,1257,1054,203
121000139,708,258,450
121000141,317,220,97
121000142,961,991,-30
121000143,204,36,168
121000144,1731,1842,-111
121000145,652,1976,-1324
121000146,1379,1360,19
121000147,1147,859,288
121000148,1168,1586,-418
121000149,2475,1626,849
121000152,556,863,-307
121000153,2553,988,1565
121000154,1178,1026,152
121000155,2073,1559,514
121000156,488,1551,-1063
121000157,1900,3225,-1325
121000158,387,1126,-739
121000159,215,952,-737
121000160,358,1120,-762
121000161,121,546,-425
121000162,88,445,-357
121000165,2528,2285,243
121000166,33,870,-837
121000168,431,474,-43
121000169,66,295,-229
121000170,354,200,154
121000171,105,290,-185
121000172,721,683,38
121000173,1477,1168,309
121000174,281,554,-273
121000175,787,640,147
121000176,401,307,94
121000177,1271,943,328
121000178,147,76,71
121000179,187,78,109
121000181,499,540,-41
121000182,153,191,-38
121000183,83,119,-36
121000184,215,130,85
121000185,23,208,-185
121000186,166,640,-474
121000187,182,443,-261
121000188,134,438,-304
121000192,917,674,243
121000193,692,580,112
121000194,3612,3033,579
121000195,473,1593,-1120
121000196,1145,344,801
121000197,363,1209,-846
121000198,478,125,353
121000199,169,755,-586
121000200,438,148,290
121000201,9,378,-369
121000202,1419,159,1260
121000203,755,3544,-2789
121000204,2411,1094,1317
121000205,196,552,-356
121000206,223,58,165
121000207,1875,770,1105
121000208,12,670,-658
121000209,200,638,-438
121000210,379,1049,-670
121000211,291,197,94
121000212,387,1565,-1178
121000213,13994,3907,10087
121000214,1200,2770,-1570
121000215,1689,1502,187
121000216,573,718,-145
121000217,5703,3823,1880
121000218,691,2655,-1964
121000219,2071,604,1467
121000220,418,100,318
121000221,217,349,-132
121000222,3495,3445,50
121000223,583,346,237
121000224,334,177,157
121000225,2519,1409,1110
121000226,5387,987,4400
121000227,6,345,-339
121000228,17,1231,-1214
121000229,231,663,-432
121000230,76,2934,-2858
121000231,857,50,807
121000232,462,283,179
121000233,507,436,71
121000234,17,53,-36
121000235,96,63,33
121000236,17,99,-82
121000237,37,25,12
121000238,12,111,-99
121000239,40,6,34
121000240,15,320,-305
121000241,71,25,46
121000242,59,227,-168
121000243,459,117,342
121000244,5,60,-55
121000245,69,15,54
121000246,2,107,-105
121000247,81,1,80
121000248,1076,840,236
121000249,120,303,-183
121000250,602,96,506
121000251,29,863,-834
121000252,61,47,14
121000253,214,811,-597
121000254,498,403,95
121000255,194,244,-50
121000256,393,203,190
121000257,85,122,-37
121000258,131,66,65
121000259,84,59,25
121000260,150,267,-117
121000261,108,60,48
121000262,1236,1226,10
121000263,557,589,-32
121000271,307,2616,-2309
121000273,178,13,165
121000274,28,44,-16
121000275,0,16,-16
121000276,5,11,-6
121000278,34,90,-56
121000279,67,30,37
121000280,42,72,-30
121000289,341,37,304
121000290,1909,900,1009
121000294,112,294,-182
121000297,1423,1368,55
121000299,244,346,-102
121000300,1125,858,267
121000302,263,2224,-1961
121000303,772,1317,-545
121000304,555,81,474
121000305,144,69,75
121000306,130,188,-58
121000308,208,586,-378
121000309,560,957,-397
121000310,163,524,-361
121000311,108,1393,-1285
121000312,496,353,143
121000313,763,748,15
121000314,191,184,7
121000315,75,230,-155
121000530,1098,2227,-1129
121000531,1644,2027,-383
121000532,7892,6986,906
121000533,3162,3988,-826
121000918,56,206,-150
121000919,58,84,-26
121000938,636,1269,-633
121000939,759,1140,-381
121000956,877,2700,-1823
121000957,14,9,5
121000958,322,59,263
121000959,660,1494,-834
121000960,1716,3355,-1639
121000961,246,128,118
121000962,406,1205,-799
121000973,1,510,-509
121000976,16,257,-241
121000979,490,161,329
121000981,293,256,37
121000982,282,494,-212
121000983,642,665,-23
121000984,62,83,-21
121000985,637,1496,-859
121000986,216,767,-551
121000987,372,2654,-2282
121000988,632,149,483
121001302,419,169,250
121001308,6,21,-15
121001309,129,98,31
121001313,197,337,-140
121001314,4087,5341,-1254
121001315,5252,2576,2676
121900001,112,216,-104
121900002,50,11,39
121900003,449,2,447
121900004,159,593,-434
121900005,19,1,18
121900006,133,31,102
121900007,3575,2643,932
121900008,2326,990,1336
121900009,811,25,786
121900010,247,1,246
121900011,356,687,-331
121900012,5,1,4
121900013,1458,74,1384
121900014,1630,471,1159
121900015,217,268,-51
121900016,3,42,-39
121900017,485,802,-317
121900018,288,5,283
121900019,411,422,-11
121900020,33,3,30
121900021,733,23,710
121900022,202,251,-49
121900023,113,703,-590
121900024,480,108,372
121900025,491,518,-27
121900026,492,60,432
121900027,429,203,226
121900028,452,20,432
121900029,153,314,-161
121900030,553,623,-70
121900031,1832,7024,-5192
121900032,102,135,-33
121900033,205,258,-53
121900034,342,115,227
121900035,3548,2297,1251
121900036,109,589,-480
121900037,212,942,-730
121900038,29,236,-207
121900039,357,63,294
121900040,63,87,-24
121900041,115,258,-143
121900042,383,167,216
121900043,11,5,6
121900044,309,82,227
121900046,296,373,-77
121900047,204,72,132
121900048,49,241,-192
121900050,27,59,-32
121900051,213,262,-49
121900052,149,102,47
121900053,491,370,121
121900054,623,1126,-503
121900055,18,27,-9
121900058,202,365,-163
121900059,298,152,146
121900060,171,470,-299
121900061,276,194,82
121900062,179,134,45
121900063,1032,367,665
121900064,212,1068,-856
121900066,51,48,3
121900067,48,68,-20
121900069,165,203,-38
121900070,309,181,128
121900071,268,327,-59
121900072,30,254,-224
121900073,277,223,54
121900074,1058,863,195
121900075,1000,381,619
121900076,440,904,-464
121900077,20,60,-40
121900078,66,96,-30
121900079,0,0,0
121900080,1001,680,321
121900082,44,198,-154
121900084,6,275,-269
121900085,2,16,-14
121900086,8,73,-65
121900087,172,106,66
121900088,2776,4576,-1800
121900089,192,562,-370
121900090,10,131,-121
121900091,46,155,-109
121900092,130,150,-20
121900093,62,103,-41
121900094,23,17,6
121900095,223,158,65
121900096,1587,889,698
121900097,430,199,231
121900098,4,12,-8
121900099,258,83,175
121900100,287,400,-113
121900101,152,159,-7
121900102,11,151,-140
121900103,687,316,371
121900104,1487,410,1077
121900105,192,161,31
121900106,3,8,-5
121900107,29,40,-11
121900108,6,55,-49
121900109,430,187,243
121900110,382,1798,-1416
121900111,1115,175,940
121900112,143,156,-13
121900113,118,443,-325
121900114,49,144,-95
121900117,255,40,215
121900118,2642,535,2107
121900119,156,185,-29
121900120,46,1878,-1832
121900121,780,83,697
121900122,16,67,-51
121900123,260,615,-355
121900124,89,289,-200
121900125,1888,1633,255
121900127,28,121,-93
121900128,92,160,-68
121900129,1059,250,809
121900130,153,342,-189
121900131,289,110,179
121900132,56,186,-130
121900133,104,629,-525
121900134,30,163,-133
121900135,3161,413,2748
121900136,369,621,-252
121900137,68,446,-378
121900138,122,395,-273
121900139,417,705,-288
121900140,110,264,-154
121900141,51,38,13
121900142,95,189,-94
121900143,14,233,-219
121900144,172,474,-302
121900145,263,290,-27
121900146,655,981,-326
121900147,55,255,-200
121900148,201,318,-117
121900149,509,906,-397
121900150,60,197,-137
121900151,78,238,-160
121900152,59,175,-116
121900153,125,886,-761
121900154,7,215,-208
121900155,9,250,-241
121900156,174,152,22
121900157,7,617,-610
121900158,88,118,-30
121900159,4,280,-276
121900160,13,235,-222
121900161,417,502,-85
121900162,126,208,-82
121900163,186,930,-744
121900164,481,309,172
121900165,264,297,-33
121900166,196,272,-76
121900167,181,161,20
121900168,260,229,31
121900169,6,458,-452
121900170,6,274,-268
121900171,590,901,-311
121900172,462,393,69
121900173,1210,307,903
121900174,37,50,-13
121900175,149,188,-39
121900176,740,2591,-1851
121900177,246,90,156
121900178,33,69,-36
121900179,308,181,127
121900180,7182,3845,3337
121900182,1175,426,749
121900183,539,783,-244
121900184,65,728,-663
121900186,14,452,-438
121900187,43,201,-158
121900188,770,547,223
121900189,46,169,-123
121900190,238,693,-455
121900191,81,337,-256
121900192,455,923,-468
121900193,59,302,-243
121900194,13,240,-227
121900195,173,154,19
121900196,1141,1307,-166
121900197,449,3018,-2569
121900198,1379,1786,-407
121900199,8,55,-47
121900200,97,281,-184
121900201,1699,768,931
121900202,146,552,-406
121900203,351,1521,-1170
121900204,1456,1204,252
121900205,12,110,-98
121900206,22,22,0
121900207,192,60,132
121900208,297,459,-162
121900209,70,23,47
121900210,1793,1866,-73
121900211,35,104,-69
121900212,158,180,-22
121900213,143,126,17
121900214,14,774,-760
121900215,40,110,-70
121900216,48,141,-93
121900217,305,153,152
121900218,398,726,-328
121900220,225,35,190
121900221,330,781,-451
121900222,178,207,-29
121900223,241,119,122
121900224,90,106,-16
121900225,169,78,91
121900226,409,1178,-769
121900227,174,522,-348
121900228,219,370,-151
121900230,142,495,-353
121900231,597,3332,-2735
121900232,317,483,-166
121900233,391,355,36
121900234,353,513,-160
121900235,519,315,204
121900236,323,201,122
121900237,270,303,-33
121900238,162,264,-102
121900239,160,51,109
121900240,249,195,54
121900241,23,59,-36
121900242,8,1,7
121900243,11,1,10
121900244,37,15,22
121900245,253,210,43
121900246,2438,713,1725
121900247,372,374,-2
121900248,2034,1472,562
121900250,307,365,-58
121900251,463,52,411
121900252,615,176,439
121900253,123,1177,-1054
121900254,664,381,283
121900255,251,142,109
121900258,4084,2457,1627
121900259,438,614,-176
121900260,122,337,-215
121900261,152,578,-426
121900262,562,994,-432
121900263,164,374,-210
121900264,3045,2014,1031
121900265,187,419,-232
121900266,260,236,24
121900267,73,24,49
121900269,247,510,-263
121900270,30,270,-240
121900271,38,245,-207
121900273,626,1922,-1296
121900274,194,365,-171
121900277,404,1930,-1526
121900278,166,1316,-1150
121900279,159,339,-180
121900280,252,584,-332
121900281,757,514,243
121900284,176,25,151
121900286,130,215,-85
121900287,34,36,-2
121900290,265,474,-209
121900291,565,853,-288
121900292,326,119,207
121900293,1039,4676,-3637
121900294,304,3,301
121900295,86,353,-267
121900296,116,275,-159
121900298,422,605,-183
121900299,0,0,0
121900300,10,1,9
121900301,45,9,36
121900302,2,18,-16
121900303,528,629,-101
121900304,2,9,-7
121900305,1,7,-6
121900306,79,4,75
121900307,46,27,19
121900308,18,441,-423
121900309,33,338,-305
121900310,23,651,-628
121900311,263,20,243
121900312,166,13,153
121900313,186,22,164
121900314,2,105,-103
121900315,15,0,15
121900316,1,20,-19
121900317,15,1,14
121900318,3,41,-38
121900319,9,74,-65
121900320,116,124,-8
121900321,5,3,2
121900322,3,35,-32
121900323,45,15,30
121900324,11,53,-42
121900325,13,2,11
121900326,1,28,-27
121900327,5,86,-81
121900328,0,32,-32
121900329,4,292,-288
121900330,3,14,-11
121900331,170,63,107
121900332,74,25,49
121900333,23,1,22
122000001,3316,5874,-2558
122000002,6978,2816,4162
122000003,2820,2552,268
122000004,4292,2347,1945
122000005,3661,1728,1933
122000006,3840,866,2974
122000007,2051,2490,-439
122000008,8902,8288,614
122000009,726,509,217
122000010,2921,4287,-1366
122000011,4462,2080,2382
122000012,1843,1554,289
122000013,3642,1512,2130
122000014,2164,3174,-1010
122000015,2482,1434,1048
122000016,854,1351,-497
122000017,1376,1412,-36
122000018,2212,1592,620
122000019,1168,1973,-805
122000020,270,291,-21
122000021,644,934,-290
122000022,2079,2124,-45
122000023,692,4007,-3315
122000024,1261,1308,-47
122000025,2473,1897,576
122000026,2478,1206,1272
122000027,859,6958,-6099
122000028,1192,601,591
122000029,736,465,271
122000030,418,168,250
122000031,221,324,-103
122000032,2490,5076,-2586
122000033,1483,1310,173
122000034,1011,966,45
122000035,472,1284,-812
122000036,668,704,-36
122000037,547,361,186
122000038,406,500,-94
122000039,715,591,124
122000040,428,536,-108
122000041,754,682,72
122000042,641,586,55
122000043,225,161,64
122000044,219,254,-35
122000045,1809,746,1063
122000046,1269,1475,-206
122000047,368,236,132
122000048,4402,6973,-2571
122000049,7052,3467,3585
122000050,2780,946,1834
122000051,714,477,237
122000052,879,318,561
122000053,206,595,-389
122000054,3168,2686,482
122000055,3277,3447,-170
122000056,7839,5365,2474
122000057,5182,4327,855
122000058,5839,1521,4318
122000059,5660,1901,3759
122000060,1284,764,520
122000061,745,496,249
122000062,1537,416,1121
122000063,2321,715,1606
122000064,5784,3562,2222
122000065,7427,3572,3855
122000066,1615,1251,364
122000067,2537,1710,827
122000068,1696,1984,-288
122000069,752,981,-229
122000070,944,5740,-4796
122000071,1418,2612,-1194
122000072,615,530,85
122000073,828,594,234
122000074,2580,1824,756
122000075,909,1941,-1032
122000076,2201,1417,784
122000077,2096,810,1286
122000078,3878,2636,1242
122000079,3072,1178,1894
122000080,1823,570,1253
122000081,324,499,-175
122000082,1507,952,555
122000083,1817,5585,-3768
122000084,1412,1050,362
122000085,387,2845,-2458
122000086,3162,6804,-3642
122000087,690,205,485
122000088,477,533,-56
122000089,9345,4270,5075
122000090,323,621,-298
122000091,419,96,323
122000092,282,22,260
122000093,3051,1102,1949
122000094,11366,2401,8965
122000095,5125,4002,1123
122000096,4125,2665,1460
122000098,5224,2022,3202
122000099,4747,780,3967
122000100,1694,836,858
122000101,340,1396,-1056
122000102,2271,1429,842
122000103,1783,1893,-110
122000104,370,287,83
122000105,375,326,49
122000106,675,685,-10
122000107,1274,727,547
122000108,503,1099,-596
122000109,455,487,-32
122000110,544,619,-75
122000111,3117,1421,1696
122000112,1014,1532,-518
122000113,799,846,-47
122000114,6378,1966,4412
122000115,2154,2884,-730
122000116,556,613,-57
122000117,1614,470,1144
122000118,500,877,-377
122000119,3961,2386,1575
122000120,2946,4051,-1105
122000121,3797,3070,727
122000122,1019,1992,-973
122000123,2873,2386,487
122000124,1861,982,879
122000125,682,870,-188
122000126,1099,1582,-483
122000127,2075,1437,638
122000128,798,1202,-404
122000129,496,1136,-640
122000130,3547,1042,2505
122000131,1813,1134,679
122000132,925,655,270
122000133,1507,2659,-1152
122000134,757,734,23
122000135,873,936,-63
122000136,703,523,180
122000137,1559,998,561
122000139,2682,4081,-1399
122000140,2228,691,1537
122000141,6970,1650,5320
122000142,757,994,-237
122000143,702,419,283
122000144,1860,1330,530
122000145,2157,869,1288
122000146,928,1558,-630
122000147,1267,476,791
122000148,3744,1839,1905
122000149,2527,1865,662
122000150,1310,1384,-74
122000151,288,464,-176
122000152,544,404,140
122000153,545,423,122
122000154,394,248,146
122000155,1498,2642,-1144
122000156,2498,2388,110
122000157,2754,1787,967
122000158,536,749,-213
122000159,1259,1994,-735
122000160,5397,2181,3216
122000161,1191,980,211
122000162,2891,2019,872
122000163,366,96,270
122000164,40,97,-57
122000165,1084,1091,-7
122000166,1553,1486,67
122000167,256,294,-38
122000168,284,726,-442
122000169,690,241,449
122000170,387,387,0
122000171,56,113,-57
122000172,2043,2221,-178
122000173,1876,3630,-1754
122000174,3117,1147,1970
122000175,1606,338,1268
122000176,351,950,-599
122000177,2361,1827,534
122000178,3838,4275,-437
122000179,2399,4227,-1828
122000180,2295,1672,623
122000181,2094,5156,-3062
122000182,2742,2393,349
122000183,2307,1761,546
122000184,3528,2856,672
122000185,1725,1628,97
122000186,790,1262,-472
122000187,2855,1363,1492
122000188,496,281,215
122000189,306,521,-215
122000190,1420,1300,120
122000191,1604,929,675
122000192,1041,508,533
122000193,409,989,-580
122000194,888,217,671
122000195,185,710,-525
122000196,1317,875,442
122000197,663,940,-277
122000198,735,1492,-757
122000199,519,567,-48
122000200,1972,803,1169
122000201,1648,1714,-66
122000202,1432,1470,-38
122000203,3287,2164,1123
122000204,1818,2792,-974
122000205,1943,1869,74
122000206,2807,1117,1690
122000207,1636,1700,-64
122000208,3325,2267,1058
122000209,3489,502,2987
122000210,2435,2639,-204
122000211,1975,1570,405
122000212,962,606,356
122000213,1253,1551,-298
122000214,2262,2057,205
122000215,2738,1943,795
122000217,2566,1900,666
122000218,1017,64,953
122000219,1889,1290,599
122000220,501,910,-409
122000221,146,674,-528
122000222,725,135,590
122000223,1503,509,994
122000225,1131,305,826
122000226,1808,2541,-733
122000227,414,3402,-2988
122000228,491,546,-55
122000229,27,683,-656
122000230,61,965,-904
122000231,321,1300,-979
122000232,990,1753,-763
122000233,0,191,-191
122000234,267,304,-37
122000235,682,287,395
122000236,744,263,481
122000237,112,87,25
122000238,233,284,-51
122000239,698,154,544
122000240,1232,709,523
122000241,1048,658,390
122000242,711,139,572
122000243,38,28,10
122000244,6,392,-386
122000245,15,87,-72
122000246,38,78,-40
122000247,707,361,346
122000248,1522,2699,-1177
122000249,505,919,-414
122000250,1810,1118,692
122000251,279,547,-268
122000252,738,159,579
122000253,70,364,-294
122000254,224,118,106
122000255,899,2307,-1408
122000256,468,2064,-1596
122000257,167,607,-440
122000258,181,331,-150
122000259,21,1147,-1126
122000260,21,193,-172
122000261,9,328,-319
122000262,1,102,-101
122000263,154,193,-39
122000264,1051,686,365
122000265,3022,1084,1938
122000266,6069,775,5294
122000267,112,192,-80
122000268,174,585,-411
122000269,1231,427,804
122000270,1343,195,1148
122000271,383,1784,-1401
122000272,420,1913,-1493
122000273,406,648,-242
122000274,197,232,-35
122000275,61,272,-211
122000276,661,866,-205
122000277,920,1843,-923
122000278,1163,1203,-40
122000279,271,698,-427
122000280,1033,1183,-150
122000281,803,1200,-397
122000282,202,202,0
122000283,428,124,304
122000284,153,141,12
122000285,473,187,286
122000286,122,271,-149
122000287,1045,1873,-828
122000288,423,320,103
122000291,1323,720,603
122000293,576,434,142
122000294,109,233,-124
122000295,1620,310,1310
122000296,67,711,-644
122000297,4713,2892,1821
122000299,458,723,-265
122000300,688,869,-181
122000301,22446,3618,18828
122000302,1418,1323,95
122000303,6292,1609,4683
122000304,86,286,-200
122000305,927,463,464
122000306,35,1251,-1216
122000307,242,231,11
122000309,110,91,19
122000310,21,53,-32
122000311,138,153,-15
122000312,116,82,34
122000313,50,58,-8
122000314,194,260,-66
122000315,343,35,308
122000316,700,386,314
122000317,1022,328,694
122000318,292,685,-393
122000319,285,952,-667
122000320,406,3964,-3558
122000321,157,460,-303
122000322,3300,4782,-1482
122000323,2198,3165,-967
122000324,2040,1992,48
122000325,1384,1667,-283
122000326,52,219,-167
122000327,563,852,-289
122000328,1554,1276,278
122000330,3018,1044,1974
122000332,327,484,-157
122000333,6,280,-274
122000337,1138,2567,-1429
122000338,630,747,-117
122000340,669,430,239
122000342,4086,1575,2511
122000343,651,2184,-1533
122000344,87,35,52
122000345,82,59,23
122000346,431,949,-518
122000348,632,1157,-525
122000349,172,1128,-956
122000351,104,385,-281
122000352,317,133,184
122000353,53,195,-142
122000355,183,234,-51
122000356,3555,1159,2396
122000357,50,17,33
122000358,0,88,-88
122000359,0,56,-56
122000360,1,83,-82
122000362,19,144,-125
122000364,165,590,-425
122000365,3,42,-39
122000366,17,21,-4
122000368,668,1113,-445
122000370,34,117,-83
122000371,30,0,30
122000372,11,0,11
122000381,76,602,-526
122000382,58,346,-288
122000384,6825,2687,4138
122000385,42,3,39
122000386,924,1240,-316
122000387,714,815,-101
122000388,2744,641,2103
122000389,278,1005,-727
122000390,638,371,267
122000391,466,143,323
122000392,229,297,-68
122000393,20,248,-228
122000394,540,503,37
122000395,137,243,-106
122000396,269,168,101
122000397,57,111,-54
122000398,13,59,-46
122000399,133,103,30
122000400,193,435,-242
122000401,121,142,-21
122000402,275,146,129
122000403,706,1859,-1153
122000404,129,477,-348
122000408,1235,1999,-764
122000503,9,133,-124
122000524,205,184,21
122000544,78,3586,-3508
122000616,612,8,604
122000640,65,235,-170
122000641,57,647,-590
122000642,1124,1879,-755
122000643,32,163,-131
122000644,245,26,219
122000645,104,342,-238
122000651,3218,853,2365
122000664,157,44,113
122000665,1201,742,459
122000666,770,1554,-784
122000673,31,650,-619
122000674,90,60,30
122000675,1639,1779,-140
122000686,386,2165,-1779
122000687,1595,543,1052
122000688,190,1311,-1121
122000689,638,916,-278
122000690,1083,1097,-14
122000691,469,3932,-3463
122000692,1396,628,768
122000693,617,3419,-2802
122000695,260,847,-587
122000696,252,603,-351
122000698,241,1566,-1325
122000699,245,212,33
122000701,1367,527,840
122000702,652,3254,-2602
122000703,175,98,77
122000717,257,92,165
122000718,395,681,-286
122000719,53,71,-18
122000720,221,477,-256
122000724,94,26,68
122900001,49,6,43
122900002,1725,4156,-2431
122900003,342,69,273
122900004,1545,30,1515
122900005,62,78,-16
122900006,917,617,300
122900007,282,35,247
122900008,854,146,708
122900009,1171,691,480
122900010,319,264,55
122900012,272,576,-304
122900014,178,490,-312
122900015,3424,857,2567
122900016,128,454,-326
122900017,493,1265,-772
122900018,259,16,243
122900019,12,201,-189
122900020,465,580,-115
122900021,94,970,-876
122900022,607,1265,-658
122900023,471,504,-33
122900024,152,153,-1
122900025,14,241,-227
122900026,245,485,-240
122900027,142,988,-846
122900028,142,297,-155
122900029,7311,3376,3935
122900030,2180,597,1583
122900031,170,203,-33
122900032,153,324,-171
122900033,179,223,-44
122900034,5567,6321,-754
122900035,89,13,76
122900036,52,257,-205
122900037,431,164,267
122900038,248,2980,-2732
122900039,120,626,-506
122900040,322,596,-274
122900041,287,291,-4
122900042,171,407,-236
122900043,595,366,229
122900044,125,527,-402
122900045,122,167,-45
122900046,138,152,-14
122900047,446,201,245
122900048,40,308,-268
122900049,2412,168,2244
122900051,110,165,-55
122900052,57,220,-163
122900053,34,38,-4
122900055,310,184,126
122900057,341,59,282
122900061,517,233,284
122900062,486,635,-149
122900063,164,557,-393
122900064,1130,933,197
122900065,511,183,328
122900066,548,296,252
122900067,2299,1112,1187
122900068,178,547,-369
122900069,349,1731,-1382
122900070,275,45,230
122900071,177,661,-484
122900072,16,981,-965
122900073,36,449,-413
122900074,381,1213,-832
122900075,4,90,-86
122900076,2,324,-322
122900077,2,287,-285
122900078,140,203,-63
122900080,97,32,65
122900081,175,245,-70
122900082,635,270,365
122900083,156,166,-10
122900084,25,403,-378
122900086,16,54,-38
122900087,221,750,-529
122900088,78,144,-66
122900089,65,282,-217
122900090,11,1088,-1077
122900091,176,1,175
122900092,1,467,-466
122900093,1,584,-583
122900094,3,403,-400
122900095,159,8,151
122900096,149,451,-302
122900097,22,23,-1
122900098,106,195,-89
122900099,22,7,15
122900100,586,734,-148
122900101,1088,312,776
122900102,21,11,10
122900103,47,3,44
122900104,73,6,67
122900105,9,17,-8
122900106,6,171,-165
122900107,3,381,-378
122900108,7,388,-381
123000001,3136,587,2549
123000002,8637,4334,4303
123000003,4482,3747,735
123000004,3834,7000,-3166
123000005,3094,3342,-248
123000006,3789,4792,-1003
123000007,3735,3244,491
123000008,3230,5551,-2321
123000009,5205,3548,1657
123000010,4666,5460,-794
123000011,4463,925,3538
123000012,1441,3592,-2151
123000013,4073,1044,3029
123000014,1709,6045,-4336
123000015,6703,1241,5462
123000016,10592,4975,5617
123000017,4225,1694,2531
123000018,39,129,-90
123000019,175,398,-223
123000020,137,140,-3
123000021,61,176,-115
123000022,721,1424,-703
123000023,1462,1615,-153
123000024,1327,597,730
123000025,29,120,-91
123000026,3,153,-150
123000027,283,753,-470
123000028,1346,223,1123
123000029,876,766,110
123000030,263,1005,-742
123000031,117,827,-710
123000032,272,459,-187
123000033,252,73,179
123000034,996,850,146
123000035,391,426,-35
123000036,321,915,-594
123000037,289,511,-222
123000038,114,299,-185
123000039,540,1237,-697
123000040,1548,487,1061
123000041,1606,956,650
123000042,1217,578,639
123000043,5639,7259,-1620
123000044,8586,3270,5316
123000045,15683,3684,11999
123000046,1069,1363,-294
123000047,2587,1892,695
123000048,140,609,-469
123000049,11292,7588,3704
123000050,1303,1725,-422
123000051,85,184,-99
123000052,776,4005,-3229
123000053,2695,4793,-2098
123000054,1339,1960,-621
123000055,1996,2215,-219
123000056,1617,2692,-1075
123000057,26458,9122,17336
123000058,1055,952,103
123000059,554,722,-168
123000060,893,446,447
123000061,273,1176,-903
123000063,902,960,-58
123000064,995,272,723
123000065,11575,5197,6378
123000066,1172,1358,-186
123000067,688,831,-143
123000068,3887,5690,-1803
123000069,10372,6127,4245
123000070,342,1384,-1042
123000071,881,1484,-603
123000072,1081,2314,-1233
123000073,1016,1168,-152
123000074,1077,3037,-1960
123000075,377,1233,-856
123000076,778,1663,-885
123000077,2502,5615,-3113
123000078,1478,2225,-747
123000079,1254,2854,-1600
123000080,2297,4230,-1933
123000081,220,1083,-863
123000082,494,2043,-1549
123000083,973,252,721
123000084,571,1147,-576
123000085,213,187,26
123000086,441,598,-157
123000087,263,738,-475
123000088,1302,1725,-423
123000089,503,1858,-1355
123000090,1351,1717,-366
123000091,2055,1906,149
123000092,1451,1773,-322
123000094,443,395,48
123000095,549,855,-306
123000096,471,620,-149
123000097,420,1649,-1229
123000098,682,865,-183
123000099,624,1269,-645
123000100,568,737,-169
123000101,781,632,149
123000102,804,826,-22
123000104,362,482,-120
123000105,636,747,-111
123000106,469,450,19
123000107,494,787,-293
123000108,931,2228,-1297
123000111,704,362,342
123000112,952,952,0
123000113,624,3096,-2472
123000114,532,580,-48
123000115,259,345,-86
123000116,28,211,-183
123000117,1705,3488,-1783
123000118,500,1545,-1045
123000119,299,1793,-1494
123000120,460,1499,-1039
123000121,603,928,-325
123000122,490,344,146
123000123,524,888,-364
123000124,536,717,-181
123000125,1304,1250,54
123000126,1757,3617,-1860
123000127,1278,1231,47
123000128,402,672,-270
123000129,576,333,243
123000130,475,108,367
123000131,821,753,68
123000132,504,890,-386
123000133,423,635,-212
123000134,586,277,309
123000135,1710,2050,-340
123000136,317,1989,-1672
123000137,197,649,-452
123000138,109,615,-506
123000139,456,228,228
123000140,188,1077,-889
123000141,952,243,709
123000142,1301,1419,-118
123000143,1370,3292,-1922
123000144,38,20,18
123000145,398,307,91
123000146,108,222,-114
123000147,202,265,-63
123000149,429,493,-64
123000150,204,296,-92
123000151,330,476,-146
123000152,93,591,-498
123000153,153,649,-496
123000154,2529,2008,521
123000155,3585,1122,2463
123000156,72,128,-56
123000157,705,1138,-433
123000158,922,857,65
123000159,4880,2803,2077
123000160,938,670,268
123000161,1597,1316,281
123000162,749,1925,-1176
123000163,456,124,332
123000164,1357,377,980
123000165,465,3016,-2551
123000166,43,238,-195
123000167,122,467,-345
123000168,226,533,-307
123000169,655,173,482
123000170,69,658,-589
123000171,460,35,425
123000172,258,1030,-772
123000173,590,339,251
123000174,1054,464,590
123000175,1303,1862,-559
123000176,1183,270,913
123000177,448,1700,-1252
123000178,763,186,577
123000179,49,1247,-1198
123000180,1496,459,1037
123000181,375,2267,-1892
123000182,209,861,-652
123000183,179,445,-266
123000184,117,1389,-1272
123000185,607,733,-126
123000186,5,879,-874
123000187,445,4,441
123000188,150,1,149
123000189,242,285,-43
123000190,54,97,-43
123000192,41,551,-510
123000193,67,971,-904
123000194,647,422,225
123000195,270,29,241
123000196,362,40,322
123000197,89,116,-27
123000198,14,354,-340
123000199,6,826,-820
123000200,349,11,338
123000201,819,21,798
123000202,43,1811,-1768
123000203,963,74,889
123000204,115,1616,-1501
123000205,684,3159,-2475
123000206,1958,244,1714
123000207,152,1485,-1333
123000208,481,149,332
123000209,1709,496,1213
123000210,556,2689,-2133
123000211,770,4703,-3933
123000212,2529,579,1950
123000213,591,113,478
123000215,210,168,42
123000216,389,927,-538
123000217,233,64,169
123000218,121,668,-547
123000219,1767,85,1682
123000220,607,117,490
123000221,188,319,-131
123000222,373,1149,-776
123000223,194,1010,-816
123000224,521,947,-426
123000225,256,151,105
123000226,84,725,-641
123000227,76,614,-538
123000228,208,80,128
123000229,1520,3214,-1694
123000232,129,873,-744
123000233,741,249,492
123000234,230,988,-758
123000235,606,558,48
123000236,290,1452,-1162
123000237,257,90,167
123000238,112,1165,-1053
123000239,551,3340,-2789
123000240,68,475,-407
123000241,1383,229,1154
123000242,145,347,-202
123000243,714,1420,-706
123000244,1034,790,244
123000245,116,217,-101
123000249,612,1024,-412
123000252,849,277,572
123000253,873,543,330
123000254,617,1786,-1169
123000255,1069,1124,-55
123000256,36,372,-336
123000257,5267,3562,1705
123000258,1252,1788,-536
123000259,333,670,-337
123000260,386,1032,-646
123000261,235,456,-221
123000262,133,347,-214
123000263,370,140,230
123000264,216,72,144
123000265,72,232,-160
123000266,465,994,-529
123000267,486,614,-128
123000268,22,112,-90
123000269,61,74,-13
123000270,58,46,12
123000271,39,134,-95
123000272,909,246,663
123000273,234,573,-339
123000274,1173,568,605
123000275,358,1507,-1149
123000278,4698,3330,1368
123000279,103,136,-33
123000280,365,539,-174
123000281,243,119,124
123000282,142,411,-269
123000283,72,55,17
123000284,53,205,-152
123000286,302,316,-14
123000287,589,448,141
123000288,987,734,253
123000289,666,925,-259
123000291,406,1097,-691
123000294,270,254,16
123000295,898,941,-43
123000296,364,355,9
123000297,401,1315,-914
123000298,372,997,-625
123000299,52,436,-384
123000300,799,1106,-307
123000301,118,284,-166
123000302,129,359,-230
123000303,164,122,42
123000305,1229,1206,23
123000306,83,431,-348
123000309,63,89,-26
123000310,72,39,33
123000311,0,180,-180
123000312,1143,1498,-355
123000313,395,468,-73
123000315,82,683,-601
123000316,2759,61,2698
123000317,282,87,195
123000318,84,510,-426
123000329,6,17,-11
123000337,412,398,14
123000338,758,47,711
123000339,161,438,-277
123000340,183,738,-555
123000342,11,11,0
123000343,88,0,88
123000344,1762,739,1023
123000345,430,907,-477
123000346,263,113,150
123000352,3294,1048,2246
123000353,23,163,-140
123000354,290,10,280
123000355,1,917,-916
123000356,234,8,226
123000357,4,503,-499
123000359,9,328,-319
123000360,308,58,250
123000361,1073,410,663
123000362,335,274,61
123000363,91,365,-274
123000364,650,442,208
123000365,31,436,-405
123000366,457,2113,-1656
123000367,330,1931,-1601
123000370,23,606,-583
123000371,415,51,364
123000372,268,35,233
123000373,20,638,-618
123000374,15,321,-306
123000375,343,40,303
123000376,815,705,110
123000377,348,20,328
123000378,18,792,-774
123000379,1,325,-324
123000380,77,358,-281
123000381,189,43,146
123000382,1911,119,1792
123000383,476,1174,-698
123000384,560,122,438
123000385,285,1016,-731
123000436,113,1370,-1257
123000507,195,581,-386
123000508,209,670,-461
123000517,375,43,332
123000518,42,508,-466
123000519,208,100,108
123000520,92,418,-326
123000521,333,160,173
123000522,251,1003,-752
123000541,6,3,3
123000542,0,69,-69
123000565,275,18,257
123000566,317,1237,-920
123000567,134,360,-226
123000573,56,1669,-1613
123000574,494,107,387
123000575,1121,2141,-1020
123000576,837,4306,-3469
123000577,90,995,-905
123000578,969,103,866
123000579,6785,4932,1853
123000580,72,20,52
123000582,321,39,282
123000583,29,952,-923
123000584,100,346,-246
123000585,0,216,-216
123000586,119,5,114
123000596,103,230,-127
123000597,68,160,-92
123000602,22,5,17
123000603,409,1145,-736
123000604,496,1851,-1355
123000605,1059,188,871
123000606,0,251,-251
123000609,25,393,-368
123000610,193,115,78
123000613,28,239,-211
123000614,174,97,77
123000615,31,224,-193
123000616,392,114,278
123000617,143,892,-749
123000618,84,1244,-1160
123000619,770,57,713
123000620,17,1032,-1015
123000622,266,25,241
123000624,92,120,-28
123000630,594,475,119
123000631,348,2946,-2598
123000632,1379,2025,-646
123000633,1,408,-407
123000634,168,93,75
123000635,413,107,306
123000636,20,1061,-1041
123000637,140,401,-261
123000638,500,207,293
123000639,1420,3109,-1689
123000640,45,1661,-1616
123900001,1915,115,1800
123900002,35,1372,-1337
123900003,445,1241,-796
123900005,274,145,129
123900006,218,26,192
124000001,1843,170,1673
124000002,158,3576,-3418
124000003,675,177,498
124000004,83,1349,-1266
124000005,876,311,565
124000006,343,2127,-1784
124000007,1210,200,1010
124000008,28,660,-632
124000009,402,590,-188
124000010,140,535,-395
124000011,994,573,421
124000012,397,1122,-725
124000017,133,118,15
124000018,146,155,-9
124000019,102,143,-41
124000020,102,269,-167
124000021,118,81,37
124000022,107,315,-208
124000023,1441,1526,-85
124000024,1335,927,408
124000025,1345,1886,-541
124000026,1719,1485,234
124000027,6359,5379,980
124000028,3887,5923,-2036
124000030,4292,1631,2661
124000031,1099,1699,-600
124000032,9192,1485,7707
124000033,184,308,-124
124000034,5305,777,4528
124000035,33,163,-130
124000036,134,240,-106
124000037,445,906,-461
124000038,112,93,19
124000039,1254,424,830
124000040,847,995,-148
124000041,423,84,339
124000042,100,534,-434
124000043,56,71,-15
124000044,50,437,-387
124000045,543,777,-234
124000046,260,1079,-819
124000047,1251,1420,-169
124000048,870,3256,-2386
124000049,1224,892,332
124000050,731,3901,-3170
124000051,638,649,-11
124000052,709,2234,-1525
124000053,520,1204,-684
124000054,1045,1073,-28
124000055,1388,1985,-597
124000056,6180,2276,3904
124000057,831,616,215
124000058,456,2072,-1616
124000059,698,893,-195
124000060,1722,1338,384
124000061,1817,4515,-2698
124000062,7474,2372,5102
124000063,1718,2385,-667
124000064,3106,2373,733
124000065,83,226,-143
124000066,227,75,152
124000067,100,465,-365
124000068,7,17,-10
124000069,66,19,47
124000070,25,175,-150
124000071,299,116,183
124000072,226,808,-582
124000073,990,119,871
124000074,233,1364,-1131
124000075,246,54,192
124000076,8,348,-340
124000077,2452,917,1535
124000078,2593,972,1621
124000079,655,1580,-925
124000080,437,166,271
124000081,225,1252,-1027
124000082,43,112,-69
124000083,78,278,-200
124000084,26,173,-147
124000085,108,75,33
124000086,94,132,-38
124000087,155,78,77
124000088,215,801,-586
124000089,628,489,139
124000090,56,495,-439
124000091,541,148,393
124000092,134,752,-618
124000093,102,139,-37
124000094,194,733,-539
124000095,56,95,-39
124000096,176,569,-393
124000097,71,139,-68
124000098,75,204,-129
124000099,192,173,19
124000100,47,152,-105
124000101,47,149,-102
124000102,115,120,-5
124000103,83,125,-42
124000104,100,131,-31
124000105,68,87,-19
124000106,111,150,-39
124000107,16,134,-118
124000108,81,66,15
124000109,115,125,-10
124000110,271,173,98
124000111,242,177,65
124000112,682,1080,-398
124000113,93,91,2
124000114,293,864,-571
124000115,354,1312,-958
124000116,93,100,-7
124000117,61,137,-76
124000118,46,70,-24
124000119,1194,958,236
124000120,709,841,-132
124000121,2301,627,1674
124000122,779,1606,-827
124000123,1171,509,662
124000124,572,1241,-669
124000125,370,451,-81
124000126,350,835,-485
124000127,859,478,381
124000128,684,1562,-878
124000129,2283,1796,487
124000130,851,911,-60
124000131,940,627,313
124000132,909,1090,-181
124000133,1064,1156,-92
124000134,961,1072,-111
124000135,2066,2311,-245
124000136,1396,1499,-103
124000137,1400,933,467
124000138,1999,1805,194
124000139,666,45,621
124000140,46,644,-598
124000141,57,6,51
124000142,6,146,-140
124000143,72,16,56
124000144,10,83,-73
124000145,123,55,68
124000146,31,143,-112
124000148,38,77,-39
124000149,1135,362,773
124000150,477,801,-324
124000151,657,398,259
124000152,927,1821,-894
124000153,599,883,-284
124000154,415,1330,-915
124000155,1260,823,437
124000156,2176,1337,839
124000169,213,485,-272
124000170,943,620,323
124000171,225,329,-104
124000172,369,873,-504
124000173,337,382,-45
124000174,311,1169,-858
124000175,13,163,-150
124000176,64,19,45
124000177,9,46,-37
124000178,32,23,9
124000190,85,38,47
124000191,547,70,477
124000192,2410,383,2027
124000193,638,1626,-988
124000194,406,716,-310
124000195,330,626,-296
124000196,1004,1616,-612
124000197,43,93,-50
124000198,27,71,-44
124000201,406,1832,-1426
124000202,595,299,296
124000203,208,1834,-1626
124000204,421,1131,-710
124000205,76,1209,-1133
124000206,389,734,-345
124000207,1,93,-92
124000209,356,1359,-1003
124000210,268,264,4
124000211,339,5,334
124000212,3,1071,-1068
124000213,252,613,-361
124000214,234,1639,-1405
124000215,207,6,201
124000216,4,938,-934
124000329,147,4266,-4119
124000338,104,2461,-2357
124000339,637,149,488
124000341,754,150,604
124000344,31,3,28
124000357,1072,2208,-1136
124000358,846,1393,-547
124000359,1362,837,525
124000360,705,565,140
124000361,1903,766,1137
124000362,2139,3076,-937
124000363,382,716,-334
124000364,712,1676,-964
124000365,652,1592,-940
124000366,2501,1087,1414
124000367,148,1117,-969
124000368,346,203,143
124000369,148,97,51
124000370,96,873,-777
124000402,32,13,19
124000403,97,15,82
124000404,16,190,-174
124000405,1353,959,394
124000406,1150,1173,-23
124000407,0,59,-59
124000411,5,697,-692
124000412,296,25,271
124000413,366,61,305
124000414,45,120,-75
124000415,68,340,-272
124000416,136,515,-379
124000417,113,135,-22
124000418,105,180,-75
124000419,79,255,-176
124000420,44,75,-31
124000421,54,407,-353
124000422,29,13,16
124000423,166,56,110
124000424,2,150,-148
124000425,28,11,17
124000426,8,57,-49
124000427,22,18,4
124000428,25,31,-6
124000429,37,71,-34
124000430,728,1385,-657
124000431,278,1222,-944
124000432,184,1369,-1185
124000439,3,17,-14
124000442,4,264,-260
124000443,1,3,-2
124000445,168,317,-149
124000446,2070,97,1973
124900001,420,355,65
124900002,189,749,-560
124900003,798,730,68
124900004,526,421,105
124900005,288,452,-164
124900006,546,443,103
124900008,1453,765,688
124900009,136,230,-94
124900010,144,50,94
124900011,507,222,285
124900012,468,116,352
124900013,494,156,338
124900014,284,201,83
124900015,172,357,-185
124900016,70,147,-77
124900017,1323,762,561
124900018,31,22,9
124900020,99,62,37
124900021,225,56,169
124900022,16,15,1
124900024,180,24,156
124900026,159,19,140
124900027,79,354,-275
124900028,1259,226,1033
124900029,10,448,-438
124900030,7,333,-326
124900031,86,656,-570
124900032,338,196,142
124900033,137,655,-518
124900034,6,184,-178
124900035,273,830,-557
124900036,1,52,-51
124900037,167,788,-621
124900038,457,604,-147
124900039,0,30,-30
124900040,137,136,1
124900041,256,1873,-1617
124900042,62,0,62
124900043,430,1829,-1399
124900044,94,3,91
124900045,976,1253,-277
124900046,2931,274,2657
124900047,138,338,-200
124900048,208,301,-93
124900050,209,532,-323
124900052,121,666,-545
124900053,76,598,-522
124900054,6124,516,5608
124900055,1,193,-192
124900057,32,142,-110
124900060,126,429,-303
124900061,38,16,22
124900062,95,30,65
124900066,0,21,-21
124900067,11,350,-339
124900068,239,510,-271
124900070,61,17,44
124900072,64,28,36
124900074,416,610,-194
124900075,148,251,-103
124900076,32,716,-684
124900077,46,165,-119
124900078,75,26,49
124900079,1301,157,1144
124900080,351,1275,-924
124900081,787,387,400
124900082,502,1500,-998
124900083,271,983,-712
124900084,3981,162,3819
124900085,1472,389,1083
124900086,162,1195,-1033
124900087,797,151,646
124900088,855,187,668
124900089,2151,40,2111
124900090,315,313,2
124900091,342,963,-621
124900092,314,653,-339
124900093,281,259,22
124900094,342,377,-35
124900095,101,525,-424
124900096,724,324,400
124900097,310,69,241
124900098,175,615,-440
124900099,1054,633,421
124900100,275,70,205
124900101,47,477,-430
124900102,198,44,154
124900103,140,446,-306
124900104,95,289,-194
124900105,136,251,-115
124900106,490,60,430
124900107,94,44,50
124900108,343,76,267
124900109,55,129,-74
124900110,227,601,-374
124900111,1,131,-130
124900112,59,1531,-1472
124900113,145,292,-147
124900114,234,115,119
124900115,56,45,11
124900116,135,130,5
124900117,870,192,678
124900118,226,142,84
124900119,333,93,240
124900120,34,669,-635
124900121,135,294,-159
124900122,726,355,371
124900123,346,89,257
124900124,211,286,-75
129000186,274,57,217
204000001,39,4,35
204000002,26,3,23
204000003,40,3,37
204000004,5,0,5
204000005,471,567,-96
204000006,1089,1785,-696
204000011,21,106,-85
204000012,65,81,-16
204000013,2,57,-55
204000019,581,703,-122
204000020,581,1111,-530
204000021,2466,1040,1426
204000022,487,534,-47
204000023,629,1339,-710
204000031,84,30,54
204000032,627,42,585
204000034,29,381,-352
204000035,1,6,-5
204000036,11,30,-19
204000037,2,14,-12
204000038,0,26,-26
204000039,2,57,-55
204000040,5,32,-27
204000041,11,74,-63
204000042,72,19,53
204000043,26,6,20
204000044,33,5,28
204000045,73,7,66
204000046,27,2,25
204000057,13,46,-33
204000062,4,36,-32
204000068,13,235,-222
204000069,14,198,-184
204000070,63,142,-79
204000080,29,43,-14
204000085,1784,2296,-512
204000086,3151,2908,243
204000087,30,18,12
204000088,5,131,-126
204000090,14,600,-586
204000093,204,80,124
204000096,623,1001,-378
204000097,320,52,268
204000099,968,1536,-568
204000100,1066,1710,-644
204000105,2128,2406,-278
204000110,1021,1459,-438
204000111,428,1026,-598
204000112,787,1217,-430
204000113,473,1292,-819
204000114,725,686,39
204000115,495,420,75
204000116,1337,869,468
204000119,1859,2886,-1027
204000132,525,262,263
204000133,551,339,212
204000134,258,143,115
204000135,397,189,208
204000136,309,368,-59
204000138,258,315,-57
204000140,151,119,32
204000141,131,88,43
204000144,2,39,-37
204000145,642,88,554
204000146,41,631,-590
204000147,18,117,-99
204000148,411,67,344
204000154,5,3,2
204000155,4,5,-1
204000177,90,74,16
204000179,20,11,9
204000180,0,21,-21
204000222,5,26,-21
204000235,13,23,-10
204000236,99,435,-336
204000238,17,52,-35
204000240,279,135,144
204000263,444,1566,-1122
204000268,1336,891,445
204000308,322,21,301
204000317,4,90,-86
204000322,5,74,-69
204000323,34,13,21
204000328,225,95,130
204000329,36,243,-207
204000330,246,79,167
204000331,22,184,-162
204010341,10,540,-530
205000001,1185,2138,-953
205000013,19,123,-104
205000014,16,109,-93
205000015,27,221,-194
205000016,21,171,-150
205000017,19,102,-83
205000022,351,889,-538
205000025,1845,1383,462
205000029,166,6,160
205000045,105,279,-174
205000046,80,650,-570
205000047,66,550,-484
205000048,211,1157,-946
205000049,174,931,-757
205000050,1270,313,957
205000059,0,340,-340
205000060,0,68,-68
205000061,1,27,-26
205000062,7,43,-36
205000063,16,75,-59
205000064,14,290,-276
205000065,72,902,-830
205000066,77,1135,-1058
205000067,52,1369,-1317
205000069,137,25,112
205000082,134,467,-333
205000110,77,229,-152
205000111,160,305,-145
205000112,180,215,-35
205000113,173,361,-188
205000121,217,122,95
205000123,65,236,-171
205000126,530,219,311
205000127,762,348,414
205000128,630,157,473
205000129,811,162,649
205000130,838,53,785
205000131,611,11,600
205000132,549,1,548
205000133,433,0,433
205000134,229,0,229
205000137,94,211,-117
205000138,271,374,-103
205000139,32,144,-112
205000144,95,81,14
205000145,395,280,115
205000151,261,64,197
205000152,217,65,152
205000153,150,114,36
205000154,92,121,-29
205000155,132,30,102
205000207,3,317,-314
205000233,76,64,12
205000234,2,1,1
205000243,0,1,-1
205000244,0,3,-3
205000245,19,486,-467
205000249,2,43,-41
205000250,2,0,2
205000264,7,106,-99
206000027,8,3,5
206000028,5,3,2
206000043,14,199,-185
206000053,1,10,-9
206000054,2,39,-37
206000055,1,51,-50
206000075,9,7,2
206000076,13,11,2
206000077,12,6,6
206000078,8,2,6
206000079,8,9,-1
206000082,566,42,524
206000100,132,1283,-1151
206000103,2,32,-30
206000104,10,47,-37
206000105,29,38,-9
206000106,11,54,-43
206000108,659,53,606
206000125,35,0,35
206000157,76,1278,-1202
206000170,0,306,-306
206000171,6,287,-281
206000172,7,1340,-1333
206000173,4,414,-410
206000174,10,146,-136
206000175,5,272,-267
206000176,22,447,-425
206000177,2,289,-287
206000178,1,242,-241
206000179,8,166,-158
206000180,22,354,-332
206000181,12,618,-606
206000182,11,605,-594
206000183,21,1783,-1762
206000184,8,668,-660
206000185,9,536,-527
206000186,93,2595,-2502
206000223,5,345,-340
206000226,16,5,11
206000227,25,2,23
206000237,44,782,-738
206000238,45,1071,-1026
206000239,871,4132,-3261
206000240,2,89,-87
206000241,0,153,-153
206000242,13,539,-526
206000243,2,538,-536
206000244,64,1389,-1325
206000245,403,43,360
206000246,75,8,67
206000247,74,8,66
206000248,242,11,231
206000252,76,24,52
206000258,18,88,-70
206000315,26,8,18
206000317,307,77,230
206000318,211,48,163
206000319,506,80,426
206000320,59,38,21
206000321,40,14,26
206000322,212,13,199
206000323,75,11,64
206000324,83,8,75
206000325,130,15,115
206000326,146,18,128
206000327,252,7,245
206000328,58,2,56
206000329,108,5,103
206000330,25,2,23
206000331,60,3,57
206000332,21,4,17
206000333,285,3,282
206000334,121,1,120
206000335,0,34,-34
206000361,3,326,-323
206000392,6,62,-56
206000405,82,5,77
206000441,9,21,-12
206000498,24,1,23
206000515,128,24,104
206000530,103,56,47
206000531,148,112,36
206000532,3408,123,3285
206000535,563,3765,-3202
206000536,35,384,-349
206000537,6,343,-337
206000613,1422,179,1243
207000001,163,651,-488
207000002,133,418,-285
207000003,172,295,-123
207000007,522,298,224
207000008,42,10,32
207000009,54,23,31
207000010,379,756,-377
207000012,270,360,-90
207000015,366,2358,-1992
207000019,200,83,117
207000021,425,133,292
207000022,188,80,108
207000023,123,29,94
207000024,3,33,-30
207000025,26,75,-49
207000026,139,48,91
207000027,17,98,-81
207000028,85,268,-183
207000029,350,604,-254
207000033,291,325,-34
207000034,263,58,205
207000039,332,162,170
207000040,204,141,63
207000041,103,50,53
207000042,270,78,192
207000043,249,193,56
207000051,125,470,-345
207000052,28,251,-223
207000053,517,866,-349
207000054,39,180,-141
207000055,195,226,-31
207000056,310,518,-208
207000057,185,413,-228
207000058,110,619,-509
207000059,82,1181,-1099
207000060,60,333,-273
207000061,197,249,-52
207000062,197,58,139
207000063,219,140,79
207000064,385,175,210
207000065,295,239,56
207000066,140,172,-32
207000067,56,139,-83
207000068,111,89,22
207000069,581,412,169
207000082,26,460,-434
207000083,94,647,-553
207000084,190,301,-111
207000085,115,9,106
207000086,132,3,129
207000106,23,42,-19
207000107,73,20,53
207000108,36,14,22
207000109,35,20,15
207000110,26,65,-39
207000111,73,37,36
207000112,225,525,-300
207000114,14,45,-31
207000115,21,99,-78
207000116,12,446,-434
207000117,23,192,-169
207000118,4,171,-167
207000119,30,153,-123
207000123,181,28,153
207000124,91,31,60
207000125,64,56,8
207000126,71,64,7
207000134,28,288,-260
207000135,17,409,-392
207000148,48,325,-277
207000149,60,62,-2
207000152,178,481,-303
207000153,1279,1587,-308
207000154,416,153,263
207000159,96,340,-244
207000160,129,893,-764
207000238,0,128,-128
207000242,3,315,-312
207000248,33,51,-18
207000249,191,70,121
207000250,1310,79,1231
207000251,97,112,-15
207000252,62,120,-58
207000278,67,107,-40
207000279,17,334,-317
207000280,278,58,220
207000281,107,1764,-1657
207000282,226,48,178
207000283,143,396,-253
207000284,47,94,-47
207000285,175,37,138
207000291,16,188,-172
207000304,105,66,39
207000306,98,658,-560
207000310,94,81,13
207000353,393,5,388
207000356,13,22,-9
207000357,62,6,56
207000358,71,12,59
207000415,2,333,-331
207000417,68,1,67
207000418,65,149,-84
207000438,0,3,-3
207000439,1127,576,551
207000446,130,7,123
207000460,7,5,2
207000466,207,261,-54
207000467,157,105,52
207000468,39,807,-768
207000476,10,148,-138
207000477,553,169,384
207000478,8,50,-42
207000523,0,8,-8
207000524,66,51,15
207000527,84,151,-67
207000530,370,4,366
207000531,336,13,323
207000532,134,34,100
207000534,647,58,589
207000535,40,355,-315
207000537,28,193,-165
207000540,9,250,-241
207000541,3,495,-492
207000548,7,374,-367
207000549,335,21,314
207000561,101,282,-181
207000562,59,282,-223
207000567,185,375,-190
207000568,89,177,-88
207000569,376,1675,-1299
207000584,383,327,56
207000585,75,429,-354
207000616,1,306,-305
207000617,104,0,104
207900008,102,311,-209
208000001,484,911,-427
208000002,508,537,-29
208000003,903,703,200
208000004,1186,879,307
208000005,12,24,-12
208000019,480,1225,-745
208000020,152,625,-473
208000021,180,952,-772
208000022,820,962,-142
208000028,2063,1237,826
208000033,472,1131,-659
208000034,1563,2714,-1151
208000040,128,215,-87
208000041,755,624,131
208000042,1058,714,344
208000047,175,654,-479
208000064,2938,1824,1114
208000066,1835,1768,67
208000070,209,518,-309
208000071,337,1116,-779
208000072,328,1664,-1336
208000080,231,388,-157
208000081,247,244,3
208000082,243,400,-157
208000083,145,524,-379
208000084,42,21,21
208000085,935,628,307
208000086,463,1069,-606
208000087,345,995,-650
208000089,798,1161,-363
208000090,692,1727,-1035
208000093,98,151,-53
208000094,577,889,-312
208000095,701,651,50
208000104,954,1274,-320
208000105,780,1478,-698
208000114,67,219,-152
208000115,516,473,43
208000116,349,1046,-697
208000117,91,144,-53
208000118,93,109,-16
208000155,667,1255,-588
208000158,1772,4649,-2877
208000186,3696,3460,236
208000204,584,1465,-881
208000205,1090,2270,-1180
208000282,5204,2971,2233
209000004,222,286,-64
209000005,42,44,-2
209000006,508,127,381
209000007,445,300,145
209000010,666,179,487
209000011,217,308,-91
209000012,222,314,-92
209000013,268,858,-590
209000014,715,2349,-1634
209000025,247,37,210
209000026,641,119,522
209000027,395,1493,-1098
209000028,311,1411,-1100
209000029,711,1381,-670
209000030,597,2526,-1929
209000031,5464,3777,1687
209000034,159,201,-42
209000035,105,182,-77
209000036,145,110,35
209000037,181,251,-70
209000038,74,163,-89
209000039,44,174,-130
209000040,369,670,-301
209000041,214,556,-342
209000042,268,482,-214
209000043,1106,769,337
209000044,223,790,-567
209000045,1174,535,639
209000046,365,613,-248
209000047,296,289,7
209000048,432,330,102
209000049,108,190,-82
209000050,191,289,-98
209000051,242,496,-254
209000052,110,482,-372
209000062,45,272,-227
209000063,29,235,-206
209000064,33,249,-216
209000065,61,50,11
209000066,44,48,-4
209000067,58,125,-67
209000080,63,287,-224
209000082,50,59,-9
209000091,29,164,-135
209000093,98,42,56
209000094,227,294,-67
209000110,34,103,-69
209000111,347,1429,-1082
209000112,648,634,14
209000113,1618,524,1094
209000114,323,443,-120
209000115,69,187,-118
209000116,901,1056,-155
209000118,38,38,0
209000119,53,15,38
209000121,163,957,-794
209000135,73,129,-56
209000142,799,1245,-446
209000143,134,124,10
209000144,80,106,-26
209000229,155,297,-142
209000240,57,697,-640
209000259,75,127,-52
209000260,103,1772,-1669
209000261,7,1087,-1080
209000262,0,796,-796
209000263,2,236,-234
209000264,2,168,-166
209000265,430,2,428
209000266,114,1,113
209000267,966,17,949
209000268,730,56,674
210000037,44,32,12
210000047,48,49,-1
210000048,105,67,38
210000049,61,54,7
210000052,47,195,-148
210000053,32,119,-87
210000054,50,178,-128
210000070,161,7,154
210000071,75,1,74
210000072,39,0,39
210000073,3,39,-36
210000074,0,174,-174
210000075,0,83,-83
210000076,22,179,-157
210000077,54,50,4
210000078,51,27,24
210000079,75,24,51
210000080,232,74,158
210000081,223,25,198
210000082,52,0,52
210000083,71,0,71
210000084,39,1,38
210000085,0,120,-120
210000086,3,133,-130
210000099,44,347,-303
210000100,89,337,-248
210000101,111,377,-266
210000105,43,341,-298
210000159,0,191,-191
210000163,249,435,-186
210000164,345,137,208
210000168,217,39,178
210000187,0,67,-67
210000188,0,32,-32
210000214,25,0,25
210000219,30,55,-25
210000220,51,144,-93
210000232,10,41,-31
210000233,91,77,14
210000234,49,200,-151
210000235,56,214,-158
210000245,0,264,-264
210000246,40,0,40
210000258,19,113,-94
210000259,357,59,298
210000282,85,257,-172
210000285,1,118,-117
210000286,21,232,-211
210000290,4,1,3
210000295,39,234,-195
210000296,67,116,-49
210000320,174,204,-30
210000321,121,143,-22
210000338,83,128,-45
210000339,596,1323,-727
210000340,147,461,-314
210000341,166,371,-205
210000342,195,247,-52
210000343,148,266,-118
210000344,289,146,143
210000345,314,264,50
210000346,87,175,-88
210000347,221,78,143
210000348,227,27,200
210000349,153,15,138
210000350,101,109,-8
210000351,131,136,-5
210000352,48,145,-97
210000353,38,182,-144
210000354,69,172,-103
210000355,72,138,-66
210000356,123,89,34
210000357,72,65,7
210000358,622,150,472
210000359,249,147,102
210000360,183,160,23
210000361,165,202,-37
210000362,228,222,6
210000363,1196,265,931
210000364,145,206,-61
210000365,138,63,75
210000366,138,64,74
210000367,87,42,45
210000368,228,55,173
210000369,28,20,8
210000370,56,84,-28
210000372,70,49,21
210000373,103,14,89
210000374,60,9,51
210000375,33,134,-101
210000376,64,232,-168
210000404,106,218,-112
210000439,27,90,-63
210000472,116,13,103
210000482,84,119,-35
210000564,782,382,400
210000567,1,9,-8
210000568,667,2,665
211000092,12,113,-101
211000094,50,7,43
211000169,185,15,170
211000172,9,414,-405
211000209,5,25,-20
211000226,3,18,-15
211000270,11,8,3
211000275,22,49,-27
211000276,44,65,-21
211000279,12,125,-113
211000281,41,136,-95
211507980,1,48,-47
211977296,77,11,66
212000003,142,75,67
212000004,73,32,41
212000005,40,40,0
212000006,36,131,-95
212000008,145,287,-142
212000009,25,264,-239
212000012,49,92,-43
212000013,14,88,-74
212000014,228,243,-15
212000015,264,341,-77
212000016,489,809,-320
212000027,485,796,-311
212000028,293,614,-321
212000029,209,466,-257
212000030,27,58,-31
212000031,55,110,-55
212000048,36,121,-85
212000049,10,98,-88
212000050,18,20,-2
212000051,186,310,-124
212000052,130,541,-411
212000053,318,1027,-709
212000054,159,203,-44
212000055,203,407,-204
212000056,10,55,-45
212000057,21,48,-27
212000058,516,61,455
212000070,98,555,-457
212000077,112,1084,-972
212000099,232,411,-179
212000108,211,256,-45
212000111,140,156,-16
212000120,209,172,37
212000138,120,23,97
212000156,6,171,-165
212000158,11,14,-3
212000159,247,81,166
212000160,459,357,102
212000161,47,14,33
212000310,24,18,6
212000311,14,115,-101
212000374,16,15,1
213000001,33,1219,-1186
213000005,435,120,315
213000006,1153,271,882
213000007,171,20,151
213000009,836,360,476
213000010,218,234,-16
213000011,230,141,89
213000012,191,509,-318
213000014,73,6,67
213000015,244,8,236
213000016,325,0,325
213000017,48,1,47
213000018,2,249,-247
213000019,3,210,-207
213000020,152,583,-431
213000021,4,161,-157
213000023,321,258,63
213000033,276,1510,-1234
213000034,738,521,217
213000035,82,344,-262
213000045,184,297,-113
213000046,206,312,-106
213000047,686,1231,-545
213000056,67,47,20
213000069,129,5,124
213000073,2,23,-21
213000074,224,859,-635
213000075,523,15,508
213000076,18,3,15
213000085,8,58,-50
213000086,21,321,-300
213000091,102,21,81
213000092,57,8,49
213000099,150,1154,-1004
213000100,1313,274,1039
213000101,222,198,24
213000102,277,478,-201
213000103,788,1278,-490
213000104,59,825,-766
213000105,5,84,-79
213000106,23,284,-261
213000107,159,1109,-950
213000108,21,802,-781
213000109,4,353,-349
213000110,14,144,-130
213000111,14,127,-113
213000112,156,202,-46
213000115,43,12,31
213000116,113,1514,-1401
213000117,23,2162,-2139
213000118,351,472,-121
213000119,112,1271,-1159
213000120,176,1172,-996
213000122,318,1189,-871
213000123,890,2316,-1426
213000124,118,2081,-1963
213000125,146,17,129
213000126,136,155,-19
213000127,194,223,-29
213000128,1072,1229,-157
213000129,611,591,20
213000130,320,251,69
213000132,212,96,116
213000133,379,104,275
213000134,788,12,776
213000136,384,23,361
213000137,494,112,382
213000139,310,25,285
213000147,89,4,85
213000148,40,12,28
213000149,77,9,68
213000150,1,133,-132
213000151,2,132,-130
213000152,3,132,-129
213000153,2,74,-72
213000154,41,257,-216
213000155,52,503,-451
213000156,116,826,-710
213000157,901,686,215
213000158,285,1120,-835
213000159,484,898,-414
213000163,496,105,391
213000165,737,268,469
213000171,0,153,-153
213000172,2,536,-534
213000173,2,405,-403
213000174,3,314,-311
213000175,11,244,-233
213000176,31,26,5
213000177,75,5,70
213000178,74,5,69
213000179,130,4,126
213000180,112,4,108
213000184,147,921,-774
213000188,295,114,181
213000189,232,38,194
213000190,883,1353,-470
213000191,265,777,-512
213000192,204,780,-576
213000193,2240,310,1930
213000194,1,62,-61
213000195,37,585,-548
213000196,235,1346,-1111
213000197,309,734,-425
213000198,101,5,96
213000200,131,1572,-1441
213000201,64,78,-14
213000202,18,1246,-1228
213000203,4312,680,3632
213000204,470,86,384
213000205,277,163,114
213000206,898,83,815
213000207,200,15,185
213000208,84,8,76
213000209,135,1,134
213000210,405,4,401
213000211,10,15,-5
213000212,13,19,-6
213000213,8,37,-29
213000218,262,1361,-1099
213000219,427,10,417
213000220,414,11,403
213000223,275,176,99
213000224,48,36,12
213000225,57,12,45
213000226,58,28,30
213000227,683,279,404
213000228,258,98,160
213000229,485,25,460
213000230,377,33,344
213000232,82,602,-520
213000233,14,56,-42
213000234,1,42,-41
213000293,22,68,-46
213000294,237,12,225
213000295,14,137,-123
213000296,68,49,19
213000297,6,196,-190
213000298,28,174,-146
213000299,70,57,13
213000300,9,6,3
213000303,7,34,-27
213000304,4,6,-2
213000305,1,13,-12
213000306,120,56,64
213000307,520,83,437
213000308,122,460,-338
213000309,177,55,122
213000310,328,107,221
213000311,337,1268,-931
213000315,97,263,-166
213000316,108,63,45
213000322,104,277,-173
213000323,47,145,-98
213000324,53,161,-108
213000325,45,228,-183
213000326,47,99,-52
213000327,35,186,-151
213000328,39,182,-143
213000329,105,107,-2
213000340,166,1274,-1108
213000341,297,63,234
213000347,881,285,596
213000348,11,197,-186
213000349,42,15,27
213000350,290,2346,-2056
213000366,46,696,-650
213000367,152,45,107
213000379,79,241,-162
213000386,74,306,-232
213000406,133,486,-353
213000417,1264,540,724
213000425,87,53,34
213000426,103,108,-5
213000427,64,794,-730
213000428,37,430,-393
213000429,11,6,5
213000430,109,1912,-1803
213000431,23,1,22
213000432,2,23,-21
213000433,22,259,-237
213000434,73,151,-78
213000435,100,129,-29
213000436,14,168,-154
213000437,5,85,-80
213000438,146,200,-54
213000439,82,16,66
213000440,27,323,-296
213000441,1,1,0
213000442,7,102,-95
213000443,530,780,-250
213000444,37,129,-92
213000445,1,158,-157
213000446,0,16,-16
213000447,12,54,-42
213000448,10,142,-132
213000449,215,3,212
213000450,44,76,-32
213000451,296,167,129
213000452,9,33,-24
213000453,52,573,-521
213000455,405,11,394
213000456,0,239,-239
213000481,22,11,11
213000484,60,3,57
213000489,798,75,723
213900002,0,109,-109
213900003,393,2,391
213900013,2,254,-252
213900015,0,6,-6
213900016,5,16,-11
213900020,12,273,-261
213900030,2,108,-106
213900032,291,128,163
213900033,87,43,44
213900034,278,120,158
213900035,179,1057,-878
213900036,123,419,-296
213900037,36,560,-524
213900038,318,332,-14
213900039,1,159,-158
213900041,1,150,-149
213900042,240,182,58
213900043,193,208,-15
213900244,23,0,23
213900245,0,32,-32
218000003,35,19,16
218000004,43,32,11
218000005,45,52,-7
218000006,65,41,24
218000007,13,24,-11
218000012,535,203,332
218000013,64,125,-61
218000014,446,533,-87
218000019,1041,944,97
218000020,357,715,-358
218000021,44,154,-110
218000022,14,61,-47
218000023,2,55,-53
218000024,2,23,-21
218000025,11,47,-36
218000026,15,89,-74
218000027,2,39,-37
218000028,3,18,-15
218000029,5,6,-1
218000030,24,62,-38
218000031,8,79,-71
218000032,3,62,-59
218000040,9,5,4
218000046,38,215,-177
218000047,31,346,-315
218000048,60,344,-284
218000049,193,324,-131
218000050,422,564,-142
218000051,104,630,-526
218000052,2,233,-231
218000053,1,12,-11
218000054,19,59,-40
218000055,13,27,-14
218000056,20,46,-26
218000057,1,46,-45
218000064,4,26,-22
218000065,67,96,-29
218000066,8,54,-46
218000067,75,139,-64
218000068,105,157,-52
218000069,172,332,-160
218000070,145,424,-279
218000071,190,333,-143
218000072,345,468,-123
218000078,677,1769,-1092
218000079,97,90,7
218000080,93,141,-48
218000081,302,396,-94
218000082,36,190,-154
218000083,51,97,-46
218000084,80,299,-219
218000085,157,706,-549
218000086,55,295,-240
218000087,216,342,-126
218000090,14,125,-111
218000091,845,636,209
218000092,65,193,-128
218000093,68,122,-54
218000094,470,1205,-735
218000099,278,698,-420
218000100,227,405,-178
218000101,161,196,-35
218000102,252,428,-176
218000103,87,228,-141
218000104,65,59,6
218000105,42,13,29
218000106,13,13,0
218000107,35,132,-97
218000108,17,84,-67
218000112,85,27,58
218000117,56,90,-34
218000134,718,1388,-670
218000135,45,194,-149
218000136,312,94,218
218000137,156,158,-2
218000138,33,167,-134
218000139,165,434,-269
218000140,302,263,39
218000141,86,88,-2
218000142,117,198,-81
218000143,125,236,-111
218000144,78,104,-26
218000145,263,566,-303
218000146,68,228,-160
218000151,11,29,-18
218000152,88,72,16
218000153,7,7,0
218000154,2,1,1
218000155,10,1,9
218000156,41,43,-2
218000157,7,39,-32
218000158,0,16,-16
218000159,4,4,0
218000160,6,9,-3
218000161,19,13,6
218000162,20,13,7
218000163,10,6,4
218000164,28,18,10
218000165,69,85,-16
218000170,3,66,-63
218000171,70,21,49
218000172,27,23,4
218000173,82,31,51
218000174,34,11,23
218000176,123,43,80
218000177,341,252,89
218000178,100,249,-149
218000179,88,81,7
218000180,65,46,19
218000181,143,64,79
218000187,6,24,-18
218000188,43,84,-41
218000189,16,116,-100
218000190,14,27,-13
218000191,111,140,-29
218000192,133,722,-589
218000193,407,790,-383
218000194,87,841,-754
218000195,95,188,-93
218000196,266,474,-208
218000197,248,600,-352
218000198,24,258,-234
218000199,50,72,-22
218000200,112,88,24
218000201,33,13,20
218000202,238,248,-10
218000207,10,139,-129
218000208,44,109,-65
218000211,53,19,34
218000212,0,16,-16
218000213,150,128,22
218000214,3,45,-42
218000215,100,193,-93
218000217,6,226,-220
218000218,378,181,197
218000219,105,40,65
218000220,218,496,-278
218000221,1311,210,1101
218000222,81,34,47
218000223,48,327,-279
218000224,12,122,-110
218000225,153,21,132
218000226,94,124,-30
218000230,0,7,-7
218000232,71,123,-52
218000239,184,7,177
218000240,21,2,19
218000241,66,0,66
218000242,68,3,65
218000243,62,4,58
218000244,15,3,12
218000245,15,1,14
218000246,0,2,-2
218000247,1,0,1
218000248,1,45,-44
218000249,0,5,-5
218000250,4,42,-38
218000251,0,20,-20
218000252,11,23,-12
218000253,5,24,-19
218000254,1,27,-26
218000255,1,14,-13
218000256,11,45,-34
218000267,1107,1614,-507
218000268,16,106,-90
218000269,1,25,-24
218000270,19,37,-18
218000271,39,79,-40
218000273,7,18,-11
218000274,10,9,1
218000275,16,60,-44
218000276,9,52,-43
218000278,24,41,-17
218000279,19,49,-30
218000280,6,16,-10
218000281,14,10,4
218000282,628,325,303
218000284,150,20,130
218000301,63,137,-74
218000302,131,59,72
218000303,33,109,-76
218000316,568,1338,-770
218000317,656,1445,-789
218000318,335,1039,-704
218000319,791,2328,-1537
218000320,636,1145,-509
218000338,98,43,55
218000345,87,60,27
218000346,46,203,-157
218000459,82,585,-503
218000490,53,78,-25
218000501,65,69,-4
218000502,33,113,-80
218000503,65,24,41
218000504,147,33,114
218000505,76,214,-138
218000506,26,299,-273
218000508,3,8,-5
218000510,170,13,157
218000520,188,154,34
218000521,13,112,-99
218000522,0,200,-200
218000523,128,0,128
218000524,58,276,-218
218000525,101,21,80
218000526,31,167,-136
218000529,38,635,-597
218000530,11,9,2
218000531,13,32,-19
218000532,9,29,-20
218000534,106,12,94
218000537,39,74,-35
218000538,157,176,-19
218000540,385,87,298
218000543,91,50,41
218000544,57,226,-169
218000545,35,64,-29
218000546,64,206,-142
218000547,144,146,-2
218000548,100,302,-202
218000549,441,266,175
218000550,211,748,-537
218000551,204,726,-522
218000552,635,75,560
218000553,40,76,-36
218000554,18,35,-17
218000555,36,41,-5
218000556,64,624,-560
218000557,175,180,-5
218000558,124,3,121
218000559,1,45,-44
218000560,0,22,-22
218000561,21,0,21
218000562,48,288,-240
218000563,259,37,222
218000564,15,159,-144
218000565,200,51,149
218000566,435,56,379
218000567,2,94,-92
218000568,63,3,60
218000569,17,266,-249
218000570,195,12,183
218000571,0,145,-145
218000572,150,6,144
218000573,15,125,-110
218000574,147,73,74
218000575,109,0,109
218000576,0,58,-58
218000577,138,6,132
218000578,3,107,-104
218000579,107,16,91
218000581,6,125,-119
218000582,52,7,45
218000583,13,0,13
218000584,1,38,-37
218000585,15,6,9
218000586,11,59,-48
218000587,5,7,-2
218000588,4,2,2
218000589,1,0,1
218000590,0,1,-1
218000591,3,5,-2
218000592,1,2,-1
218000593,1,0,1
218000594,0,0,0
218000595,0,0,0
218000596,0,0,0
218000597,0,1,-1
218000598,2,2,0
218000599,0,1,-1
218000600,0,2,-2
218000601,0,0,0
218000602,0,8,-8
218000603,0,1,-1
218000604,9,0,9
218000605,0,30,-30
218000606,88,1,87
218000607,21,73,-52
218000608,62,11,51
218000609,3,51,-48
218000610,141,2,139
218000611,39,7,32
218000612,2,32,-30
218000613,55,7,48
218000614,0,59,-59
218000615,106,1,105
218000616,12,244,-232
218000617,33,2,31
218000618,0,24,-24
218000619,19,28,-9
218000620,10,45,-35
218000621,0,3,-3
218000622,0,10,-10
218000623,41,1,40
218000624,11,14,-3
218000625,54,4,50
218000626,0,5,-5
218000628,72,85,-13
218000631,29,17,12
218000632,1,199,-198
218000633,87,0,87
218000634,6,13,-7
218000635,10,13,-3
218000636,816,2484,-1668
218000637,712,772,-60
218000638,150,92,58
218000639,20,329,-309
218000640,191,60,131
218000641,70,636,-566
218000652,116,227,-111
218000653,214,97,117
218000663,10,203,-193
218000675,51,42,9
218000676,1,45,-44
218000677,5,18,-13
218000680,165,929,-764
218000681,287,108,179
218000691,116,678,-562
218000693,139,130,9
218000703,7,116,-109
218000718,1147,818,329
218000719,1793,279,1514
218000720,5,109,-104
218000721,67,12,55
218000725,6,10,-4
218001214,25,42,-17
218001329,103,118,-15
218001330,108,135,-27
218001351,27,20,7
218001352,23,20,3
218001353,34,14,20
218001354,6,31,-25
219000001,21,87,-66
219000002,49,95,-46
219000003,40,41,-1
219000004,76,64,12
219000017,279,13,266
219000020,73,47,26
219000022,129,2,127
219000023,104,3,101
219000029,0,108,-108
219000034,34,18,16
219000039,49,91,-42
219000040,53,30,23
219000041,125,20,105
219000051,0,80,-80
219000052,1,18,-17
219000053,2,211,-209
219000054,282,507,-225
219000055,88,0,88
219000056,39,0,39
219000057,72,1,71
219000062,14,330,-316
219000063,55,13,42
219000064,4,66,-62
219000110,244,50,194
219000111,70,54,16
219000112,166,52,114
219000113,113,46,67
219000114,238,121,117
219000116,74,37,37
219000117,173,202,-29
219000118,149,126,23
219000123,359,103,256
219000124,89,91,-2
219000125,16,21,-5
219000126,44,135,-91
219000127,0,5,-5
219000128,21,125,-104
219000129,24,199,-175
219000130,823,920,-97
219000131,573,943,-370
219000133,54,41,13
219000134,14,34,-20
219000135,25,81,-56
219000136,175,167,8
219000138,66,25,41
219000139,20,58,-38
219000140,62,4,58
219000141,25,117,-92
219000142,13,157,-144
219000143,5,151,-146
219000145,9,69,-60
219000146,7,78,-71
219000147,2,106,-104
219000148,2,82,-80
219000149,19,231,-212
219000150,2,146,-144
219000151,5,120,-115
219000157,146,168,-22
219000158,221,278,-57
219000161,191,18,173
219000163,2009,570,1439
219000166,77,237,-160
219000167,103,287,-184
219000168,296,99,197
219000174,276,167,109
219000175,55,1,54
219000176,52,5,47
219000177,44,9,35
219000178,20,2,18
219000179,15,8,7
219000180,43,31,12
219000182,102,31,71
219000183,57,81,-24
219000184,86,16,70
219000185,0,120,-120
219000186,54,60,-6
219000187,32,168,-136
219000189,168,295,-127
219000190,173,373,-200
219000191,1294,1385,-91
219000192,144,129,15
219000193,619,194,425
219000195,2,56,-54
219000196,4,141,-137
219000198,15,157,-142
219000199,89,240,-151
219000200,27,194,-167
219000201,84,314,-230
219000203,25,195,-170
219000204,87,283,-196
219000205,58,241,-183
219000207,134,377,-243
219000209,32,119,-87
219000210,63,142,-79
219000213,8,623,-615
219000239,168,253,-85
219000240,224,499,-275
219000241,87,332,-245
219000242,53,285,-232
219000243,102,486,-384
219000244,37,144,-107
219000245,42,54,-12
219000246,54,41,13
219000247,86,42,44
219000248,437,324,113
219000249,93,50,43
219000250,91,107,-16
219000251,446,291,155
219000252,247,136,111
219000253,244,51,193
219000255,74,97,-23
219000256,118,64,54
219000257,81,38,43
219000262,123,312,-189
219000263,44,269,-225
219000267,8,199,-191
219000268,1,12,-11
219000269,5,1,4
219000270,16,0,16
219000271,88,5,83
219000278,1,8,-7
219000279,0,9,-9
219000283,0,11,-11
219000295,9,121,-112
219000296,83,713,-630
219000297,9,240,-231
219000298,20,275,-255
219000299,471,111,360
219000300,18,342,-324
219000301,239,397,-158
219000302,35,252,-217
219000307,54,41,13
219000308,39,56,-17
219000311,169,50,119
219000312,416,60,356
219000313,283,63,220
219000314,75,713,-638
219000315,195,49,146
219000316,421,60,361
219000317,77,38,39
219000320,0,50,-50
219000321,0,22,-22
219000323,6,147,-141
219000325,1,48,-47
219000326,50,133,-83
219000327,49,36,13
219000328,20,79,-59
219000329,282,145,137
219000330,30,24,6
219000331,43,34,9
219000332,79,86,-7
219000333,7,2,5
219000335,75,7,68
219000337,23,0,23
219000338,69,9,60
219000344,38,85,-47
219000345,76,188,-112
219000346,40,160,-120
219000348,93,296,-203
219000349,47,425,-378
219000350,55,155,-100
219000351,10,3,7
219000352,259,82,177
219000353,102,41,61
219000354,171,143,28
219000355,117,41,76
219000356,1688,850,838
219000363,276,31,245
219000364,62,21,41
219000365,99,9,90
219000366,285,250,35
219000368,392,409,-17
219000370,1068,249,819
219000371,9,29,-20
219000382,6,17,-11
219000383,785,1059,-274
219000385,688,577,111
219000386,1247,1923,-676
219000387,15,1,14
219000390,4,4,0
219000391,2,1,1
219000397,63,101,-38
219000398,72,35,37
219000401,12,107,-95
219000402,26,119,-93
219000403,104,181,-77
219000404,23,87,-64
219000407,2,53,-51
219000409,47,57,-10
219000410,90,21,69
219000411,81,11,70
219000446,261,729,-468
219000447,4,30,-26
219000448,16,7,9
219000452,89,48,41
219000453,77,142,-65
219000454,309,199,110
219000556,161,110,51
219000558,121,448,-327
219000590,20,257,-237
219000591,45,153,-108
219000592,100,451,-351
219000595,1,59,-58
219000635,113,43,70
219000636,24,107,-83
219000657,23,28,-5
219000658,34,99,-65
219000673,0,13,-13
219000676,36,4,32
219000679,51,10,41
219000684,89,1,88
219000685,3,127,-124
219000686,0,5,-5
219000688,1,90,-89
219000689,76,311,-235
219000690,204,52,152
219000691,53,176,-123
219000692,195,29,166
219000693,0,40,-40
219000694,13,0,13
219000695,13,4,9
219000698,93,0,93
219000699,0,21,-21
219000727,4,294,-290
219000728,55,1,54
219000770,56,0,56
219000771,0,45,-45
219000788,9,17,-8
219001150,2,24,-22
219001151,0,3,-3
219001166,14,24,-10
219001167,1,99,-98
220000001,40,51,-11
220000002,15,192,-177
220000003,510,320,190
220000004,717,681,36
220000005,1638,2285,-647
220000006,206,1075,-869
220000007,374,745,-371
220000008,386,1318,-932
220000009,255,716,-461
220000010,209,237,-28
220000011,954,3413,-2459
220000012,199,381,-182
220000014,72,40,32
220000015,76,250,-174
220000017,81,588,-507
220000018,9143,2586,6557
220000019,111,313,-202
220000020,480,283,197
220000021,520,284,236
220000022,468,598,-130
220000023,261,144,117
220000024,1588,379,1209
220000025,885,991,-106
220000026,200,182,18
220000027,15,131,-116
220000028,33,57,-24
220000029,71,324,-253
220000030,107,131,-24
220000031,277,393,-116
220000064,39,1432,-1393
221000046,8,0,8
221000047,0,2,-2
221000048,0,4,-4
221000049,0,12,-12
221000050,14,0,14
221000055,56,77,-21
221000057,47,8,39
221000068,333,153,180
221000069,300,89,211
221000070,211,38,173
221000071,102,13,89
221000072,202,20,182
221000073,196,49,147
221000074,4,21,-17
221000075,14,20,-6
221000076,10,26,-16
221000077,47,98,-51
221000081,49,10,39
221000082,40,4,36
221000083,20,3,17
221000084,7,3,4
221000085,13,129,-116
221000086,15,195,-180
221000087,3,328,-325
221000088,22,309,-287
221000089,29,434,-405
221000090,118,683,-565
221000098,92,14,78
221000099,103,21,82
221000100,75,8,67
221000101,150,20,130
221000102,115,21,94
221000109,4,127,-123
221000110,9,131,-122
221000111,12,157,-145
221000112,8,220,-212
221000113,16,248,-232
221000114,11,233,-222
221000120,23,47,-24
221000121,4,26,-22
221000122,42,39,3
221000123,6,16,-10
221000124,36,398,-362
221000155,97,14,83
221000156,29,22,7
221000175,0,4,-4
221000176,2,3,-1
221000182,34,2,32
221000241,540,288,252
221000242,273,521,-248
221000243,330,119,211
221000244,262,535,-273
221000245,56,109,-53
221000246,26,258,-232
221000247,52,130,-78
221000248,129,165,-36
221000267,73,1212,-1139
221000325,56,73,-17
221000331,4,189,-185
221000338,37,15,22
221000378,117,37,80
221000381,56,91,-35
222000282,7,2,5
222000296,8,34,-26
222000568,327,31,296
222000569,62,32,30
222000570,143,13,130
222000571,258,21,237
222000577,9,433,-424
222000578,33,352,-319
222000579,45,158,-113
222000580,188,1135,-947
222000599,2,185,-183
222000600,6,422,-416
222000601,15,1133,-1118
222000603,15,16,-1
222000604,14,40,-26
222000605,11,23,-12
222000606,5,3,2
222000607,11,1,10
222000608,19,15,4
222000609,67,492,-425
222000616,202,57,145
222000617,10,17,-7
222000618,6,1,5
222000620,42,11,31
222000621,70,10,60
222000623,391,8,383
222000624,247,6,241
222000625,368,37,331
222000636,80,4,76
222000686,30,14,16
222000687,29,29,0
222001066,640,3,637
222001067,17,46,-29
222001068,27,157,-130
222001069,26,128,-102
222001082,9,84,-75
222001083,14,98,-84
222001084,0,14,-14
222001085,2,267,-265
222001111,45,244,-199
222001112,46,98,-52
222001313,47,5,42
222001314,1,130,-129
222001464,68,67,1
222001465,11,215,-204
222001484,68,62,6
222001485,20,60,-40
222001494,232,166,66
222001495,102,759,-657
222001496,220,79,141
222001497,70,951,-881
222001502,14,149,-135
222001503,78,42,36
222001504,36,377,-341
222001505,256,23,233
222001506,44,333,-289
222001507,237,20,217
222001510,296,28,268
222001511,58,658,-600
222001514,447,173,274
222001515,264,1032,-768
222001518,112,89,23
222001519,58,548,-490
222001527,144,94,50
222001528,61,247,-186
222001529,181,47,134
222001530,73,411,-338
222001533,198,578,-380
222001534,228,52,176
222001535,156,196,-40
222001536,111,623,-512
222001537,168,19,149
222001538,95,899,-804
222001563,303,96,207
222001564,62,1242,-1180
222001568,275,150,125
222001576,2,1,1
222001579,8,3,5
222001583,17,367,-350
222001584,63,5,58
222001596,799,2504,-1705
222001597,1116,289,827
222001626,0,272,-272
222001650,54,75,-21
222001651,69,292,-223
222001914,167,81,86
222001915,77,417,-340
222900004,395,205,190
222900009,467,1589,-1122
222900019,135,422,-287
222900024,26,122,-96
222900025,1,38,-37
225000001,354,162,192
225000002,360,122,238
225000003,348,111,237
225000004,235,254,-19
225000005,23,56,-33
225000006,1,157,-156
225000007,3916,1396,2520
225000010,163,9,154
225000011,634,1065,-431
225000012,146,594,-448
225000013,112,220,-108
225000014,805,105,700
225000015,123,314,-191
225000021,556,232,324
225000027,258,653,-395
225000032,606,210,396
225000042,100,939,-839
225000049,58,63,-5
225000050,49,14,35
225000053,1,409,-408
225000058,653,151,502
225000067,163,259,-96
225000068,112,639,-527
225000069,129,621,-492
225000070,77,662,-585
225000071,19,364,-345
225000075,34,1393,-1359
225000076,60,129,-69
225000078,80,58,22
225000085,41,95,-54
225000086,259,32,227
225000087,155,20,135
225000088,14,217,-203
225000089,254,911,-657
225000090,22,500,-478
225000091,167,330,-163
225000092,30,85,-55
225000093,153,485,-332
225000094,15,527,-512
225000095,289,775,-486
225000096,262,650,-388
225000098,538,181,357
225000099,225,139,86
225000100,185,111,74
225000104,87,507,-420
225000110,9,587,-578
225000111,308,1618,-1310
225000112,669,1286,-617
225000113,126,747,-621
225000114,81,438,-357
225000115,3373,829,2544
225000116,918,171,747
225000117,993,394,599
225000118,794,337,457
225000119,198,124,74
225000120,517,88,429
225000121,236,25,211
225000123,1447,14,1433
225000125,338,324,14
225000126,966,233,733
225000127,933,723,210
225000128,334,588,-254
225000132,252,34,218
225000133,248,43,205
225000134,596,124,472
225000135,43,16,27
225000136,198,22,176
225000137,119,61,58
225000138,322,22,300
225000143,104,171,-67
225000144,4,326,-322
225000145,41,49,-8
225000146,47,138,-91
225000147,15,417,-402
225000148,12,341,-329
225000149,63,504,-441
225000151,18,369,-351
225000155,267,511,-244
225000156,265,977,-712
225000157,231,492,-261
225000158,72,591,-519
225000171,6,228,-222
225000180,24,0,24
225000181,1,60,-59
225000182,92,22,70
225000185,8,514,-506
225000187,69,573,-504
225000191,81,2,79
225000194,0,4,-4
225000208,2,82,-80
225000209,93,19,74
225000210,3,373,-370
225000217,0,14,-14
225000218,17,1,16
225000223,0,163,-163
225000224,373,2,371
225000225,2,58,-56
225000226,150,2,148
225000227,44,102,-58
225000228,31,10,21
225000229,0,84,-84
225000230,48,1,47
225000231,0,98,-98
225000232,151,1,150
225000241,105,0,105
225000242,0,47,-47
225000249,8,0,8
225000250,50,1075,-1025
225000251,352,38,314
225000254,25,58,-33
225000256,7,92,-85
225000257,0,79,-79
226000042,468,702,-234
226000043,74,386,-312
226000044,158,1021,-863
226000045,59,612,-553
226000046,439,76,363
226000047,306,73,233
226000048,326,78,248
226000049,234,135,99
226000070,0,79,-79
226000071,0,83,-83
226000072,0,11,-11
226000073,0,16,-16
226000074,0,20,-20
226000084,2,59,-57
226000085,2,16,-14
226000086,11,14,-3
226000087,0,18,-18
226000088,42,34,8
226000090,117,31,86
226000091,19,10,9
226000092,4,6,-2
226000093,41,4,37
226000094,28,3,25
226000095,32,1,31
226000105,11,0,11
226000106,4,1,3
226000107,5,0,5
226000108,25,2,23
226000109,81,0,81
226000124,120,67,53
226000134,336,537,-201
226000135,760,619,141
226000136,237,415,-178
226000137,8,711,-703
226000138,6,378,-372
226000139,1,35,-34
226000156,106,4,102
226000157,146,15,131
226000163,174,60,114
226000202,12,658,-646
226000231,123,12,111
226000232,47,8,39
227000033,256,63,193
227000036,192,42,150
227000037,150,35,115
227000038,175,36,139
227000084,0,62,-62
227000085,2,24,-22
227000088,73,4,69
227000089,77,1,76
227000090,47,1,46
227000091,10,0,10
227000092,22,0,22
227000093,125,0,125
227000094,2,1,1
227000130,25,63,-38
227000131,18,240,-222
227000132,15,289,-274
227000133,7,304,-297
227000134,17,405,-388
227000152,0,0,0
227000153,0,41,-41
227000154,0,23,-23
227000155,2,12,-10
227000156,0,21,-21
227000165,3,19,-16
227000196,159,563,-404
227000199,135,1170,-1035
227000230,31,1049,-1018
227000232,266,31,235
227000242,26,582,-556
227000243,248,68,180
227000245,9,513,-504
227000246,76,596,-520
227000247,209,115,94
227000248,62,22,40
227000249,24,248,-224
227000250,292,107,185
227000251,170,309,-139
227000252,15,400,-385
227000253,60,22,38
227000262,231,37,194
227000266,574,19,555
227000267,42,4302,-4260
227000282,3,377,-374
227000284,237,29,208
227000286,1,109,-108
227000291,14,1063,-1049
227000296,334,469,-135
227000484,188,15,173
227000485,19,1447,-1428
227000655,67,59,8
227000656,596,35,561
227000657,38,19,19
227000704,191,9,182
229000265,4,14,-10
229000266,3,0,3
229000267,12,0,12
229000268,32,0,32
229000269,65,0,65
229000274,1,29,-28
229000275,0,24,-24
229000276,2,26,-24
229000277,0,4,-4
229000278,1,15,-14
229000295,21,38,-17
229000296,16,13,3
229000297,9,58,-49
229000298,7,273,-266
229000320,16,29,-13
229000321,43,14,29
229000412,57,108,-51
229000414,13,85,-72
229000415,14,4,10
229000416,4,4,0
229000417,2,10,-8
229000419,159,408,-249
229000440,324,129,195
229000442,35,12,23
229000443,11,3,8
229000444,3,31,-28
229000445,46,14,32
229000446,107,27,80
229000491,3,31,-28
229000492,7,200,-193
229000493,4,155,-151
229000494,20,8,12
229000495,82,8,74
229000496,25,11,14
229000507,0,56,-56
229000508,0,61,-61
229000509,0,70,-70
229000510,1,39,-38
229000511,2,82,-80
229000512,0,50,-50
229000513,0,6,-6
229000514,0,5,-5
229000517,1,13,-12
229000518,7,66,-59
229000519,1,25,-24
229000520,12,46,-34
229000521,28,40,-12
229000522,7,17,-10
229000523,14,12,2
229000524,4,6,-2
229000527,2,2,0
229000528,0,0,0
229000529,20,0,20
229000530,86,6,80
229000531,22,2,20
229000532,32,2,30
229000533,87,1,86
229000534,73,3,70
229000564,78,2,76
229000565,11,1,10
229000566,0,18,-18
229000567,3,101,-98
229000582,156,2,154
229000583,5,3,2
229000584,0,65,-65
229000585,1,74,-73
229000718,0,3,-3
229000719,0,5,-5
229000720,0,15,-15
229000721,0,27,-27
229000722,0,32,-32
229000723,0,23,-23
229000724,0,2,-2
229000725,0,20,-20
229000738,1,0,1
229000739,0,0,0
229000740,2,0,2
229000741,6,0,6
229000742,7,0,7
229000743,8,0,8
229000744,0,0,0
229000745,0,0,0
229000746,22,0,22
229000847,26,0,26
229000848,7,0,7
229000849,76,0,76
229000851,21,0,21
229000854,1,75,-74
229000856,1,289,-288
229000857,0,69,-69
229000858,1,135,-134
229000919,21,92,-71
229000930,8,408,-400
229000937,48,12,36
229000966,33,28,5
229000981,15,86,-71
229000985,14,61,-47
229000986,2,12,-10
229000987,0,3,-3
229000988,2,7,-5
229000989,17,14,3
229000990,1,3,-2
229000991,1,4,-3
229000992,22,29,-7
229000993,285,33,252
229000998,25,64,-39
229000999,101,38,63
229001034,3,31,-28
229001035,40,0,40
229001036,6,69,-63
229001037,56,0,56
229001038,0,11,-11
229001039,5,0,5
229001040,1,181,-180
229001041,66,1,65
229001042,11,28,-17
229001047,10,121,-111
229001050,39,27,12
229001168,0,20,-20
229001200,9,5,4
229001338,6,31,-25
229001394,215,4,211
229001422,71,24,47
229001423,70,184,-114
229001431,47,43,4
229001432,54,79,-25
229001444,235,102,133
229001445,47,209,-162
229001479,7,5,2
229001503,152,69,83
229001504,105,268,-163
229001505,64,23,41
229001506,59,249,-190
229001509,41,4,37
229001510,17,69,-52
229001545,56,2,54
229001546,9,123,-114
229001553,49,17,32
229001554,37,91,-54
229001630,95,22,73
229001631,19,52,-33
229001635,0,10,-10
229001636,2,3,-1
229001658,1,175,-174
229001659,56,8,48
229001660,1,1,0
229001661,11,20,-9
229001662,101,1,100
229001663,0,23,-23
229002584,257,332,-75
229002831,335,198,137
229002841,2,18,-16
229002842,10,43,-33
229002843,64,56,8
229002844,59,93,-34
229002845,14,90,-76
229002846,20,14,6
229002847,3,14,-11
229002848,3,7,-4
229002849,5,73,-68
229002850,9,1,8
229002851,26,135,-109
229002852,76,30,46
229002853,127,21,106
229002854,48,66,-18
229002855,25,30,-5
229002856,21,29,-8
229002857,9,68,-59
229002858,7,8,-1
229002859,49,22,27
229002860,64,19,45
229002861,61,67,-6
229002862,21,90,-69
229002863,19,33,-14
229002864,8,55,-47
229002865,32,21,11
229002866,5,29,-24
229002867,8,42,-34
229002868,5,14,-9
229002869,12,195,-183
229002870,45,7,38
235000066,408,121,287
235000067,98,171,-73
235000072,25,93,-68
235000073,40,388,-348
235000074,27,119,-92
235000080,77,136,-59
235000081,121,217,-96
235000082,104,92,12
235000083,134,134,0
235000084,25,83,-58
235000085,62,100,-38
235000089,23,41,-18
235000092,7,177,-170
235000093,19,5,14
235000097,11,14,-3
235000098,46,15,31
235000099,41,46,-5
235000116,62,38,24
235000117,1088,27,1061
235000133,25,303,-278
235000134,12,111,-99
235000206,5,3,2
235000207,7,3,4
235000208,6,0,6
235000209,8,0,8
235000210,1,2,-1
235000212,7,20,-13
235000213,1,7,-6
235000220,0,8,-8
235000221,29,7,22
235000238,8,18,-10
235000239,1,8,-7
235000242,272,296,-24
235000245,889,229,660
235000246,11,64,-53
235000284,8,132,-124
235000295,145,23,122
235000305,165,16,149
235000306,122,5,117
235000307,16,2,14
235000308,44,1,43
235000309,44,0,44
235000310,47,0,47
235000311,58,5,53
235000322,0,46,-46
235000323,1,81,-80
235000324,0,30,-30
235000325,1,19,-18
235000326,7,426,-419
235000351,8,77,-69
235000352,41,67,-26
235000353,2,61,-59
235000354,7,41,-34
235000355,7,116,-109
235000356,64,14,50
235000357,23,18,5
235000358,51,10,41
235000359,6,4,2
235000360,69,11,58
235000361,56,6,50
235000381,48,367,-319
235000382,111,39,72
235000390,9,6,3
235000391,49,10,39
235000392,56,174,-118
235000393,60,104,-44
235000395,50,44,6
235000396,208,70,138
235000400,190,45,145
235000401,66,221,-155
235000405,86,370,-284
235000406,40,366,-326
235000407,68,139,-71
235000409,188,204,-16
235000410,34,282,-248
235000411,3,103,-100
235000485,0,11,-11
235000486,11,1,10
235000549,50,127,-77
235000550,70,276,-206
235000599,62,104,-42
235000600,5,23,-18
235000601,21,45,-24
235000602,44,161,-117
235000614,0,4,-4
235000648,2,29,-27
235000649,53,8,45
235000685,1,3,-2
235000815,5,34,-29
235000834,0,9,-9
235000855,41,78,-37
235000862,28,237,-209
235000891,0,14,-14
235000892,33,6,27
235000901,66,143,-77
235000907,3,13,-10
235001010,56,133,-77
235001029,593,502,91
235001030,241,260,-19
235001078,42,93,-51
235001079,59,128,-69
235001147,6,51,-45
235001166,10,112,-102
235001167,36,95,-59
235001169,30,472,-442
235001188,2,6,-4
235001189,4,0,4
235001197,49,21,28
235001200,46,48,-2
235001207,80,13,67
235001208,9,3,6
235001209,14,39,-25
235001210,24,195,-171
235001215,14,79,-65
235001239,4,42,-38
235001244,1,13,-12
235016267,0,25,-25
241900007,39,1,38
277101746,0,2,-2
277102712,0,0,0
277103813,0,0,0
277103898,0,2,-2
277104249,0,5,-5
277104250,0,18,-18
277104251,0,20,-20
277104252,0,1,-1
990011530,2,263,-261
990014944,1,588,-587
990015176,12,4,8
990015618,0,118,-118
990016032,1,936,-935
990032570,0,329,-329
990070001,72,0,72
990070103,0,5,-5
990070601,0,173,-173
990070751,375,0,375
990070766,3,1158,-1155
990071180,902,345,557
990071343,29,3,26
990071387,0,13,-13
990071823,394,23,371
990072600,6,892,-886
990072964,3,787,-784
990073285,0,1,-1
990074393,8,1939,-1931
990074870,798,6,792
990075106,768,8,760
990075746,331,3,328
990076437,758,3,755
990076458,8,1783,-1775
997000007,265,8,257
997000041,1,157,-156
997000058,40,1,39
997000062,82,2,80
997000069,0,11,-11
997000070,1,233,-232
997000100,21,1,20
997000141,21,4196,-4175
997000198,3,1603,-1600
998000475,1,38,-37
998000736,2,433,-431
998000965,0,4,-4
998001031,0,77,-77
998001700,0,36,-36
998001899,0,2,-2
998001900,8,1,7
998003073,1622,60,1562
998101900,0,0,0
998102850,1,129,-128
998501927,825,507,318
998501929,85,5,80
998501930,71,1,70
998501931,110,16,94
998501932,24,17,7
998501933,62,4,58
998501937,43,20,23
998501944,3,0,3
998501950,0,0,0
998501970,56,4,52
998501971,1,116,-115
998501973,2,126,-124
998501974,0,258,-258
998501975,298,2,296
998501976,44,2,42
998501977,0,29,-29
998501978,30,0,30
998501979,0,17,-17
998501980,205,4,201
998501981,22,30,-8
998501982,0,122,-122
998501983,0,0,0
998502006,0,0,0
998502024,0,3,-3
998502032,0,4,-4
998502062,27,2,25
998502063,0,0,0
998502173,15,0,15
998502269,0,1,-1
998601159,2,408,-406
998601292,0,41,-41
999033574,2,438,-436
999800001,58,26,32
999800002,0,4,-4
999800003,4,0,4
999800004,0,3,-3
999800005,0,12,-12
