ID,insum,outsum,diff
100000001,576,488,88
100000002,1313,583,730
100000003,10734,1918,8816
100000004,2236,643,1593
100000005,2417,1983,434
100000006,168,86,82
100000007,580,315,265
100000008,85,627,-542
100000009,173,157,16
100000010,10,28,-18
100000011,249,75,174
100000012,52,856,-804
100000013,9,184,-175
100000014,210,426,-216
100000015,770,604,166
100000016,955,1354,-399
100000017,452,1255,-803
100000018,1426,556,870
100000019,5800,1512,4288
100000020,1823,2367,-544
100000021,8200,1772,6428
100000022,1079,614,465
100000023,6898,767,6131
100000025,3097,390,2707
100000028,1476,724,752
100000029,283,147,136
100000030,792,43,749
100000031,5737,3970,1767
100000032,3050,3155,-105
100000033,510,1713,-1203
100000034,1221,291,930
100000035,1545,650,895
100000036,2445,943,1502
100000037,221,344,-123
100000038,663,831,-168
100000039,607,192,415
100000040,96,117,-21
100000041,363,273,90
100000042,319,270,49
100000043,348,241,107
100000044,395,911,-516
100000045,429,1532,-1103
100000046,541,1495,-954
100000047,340,1015,-675
100000048,725,779,-54
100000049,1590,2993,-1403
100000051,304,1284,-980
100000053,20,6,14
100000054,60,13,47
100000055,329,364,-35
100000056,120,471,-351
100000057,1291,659,632
100000058,722,1574,-852
100000059,1,108,-107
100000060,184,294,-110
100000061,1053,425,628
100000062,949,364,585
100000063,248,263,-15
100000064,498,423,75
100000065,426,1751,-1325
100000066,171,1113,-942
100000067,420,885,-465
100000068,393,1663,-1270
100000069,172,1746,-1574
100000072,477,1574,-1097
100000073,1057,1455,-398
100000075,371,360,11
100000076,1666,1574,92
100000077,644,60,584
100000078,144,22,122
100000079,90,35,55
100000080,14,17,-3
100000081,36,15,21
100000102,1500,898,602
100000103,3068,801,2267
100000104,4601,1085,3516
100000105,3988,555,3433
100000106,2113,938,1175
100000107,475,229,246
100000108,842,1358,-516
100000109,3486,1303,2183
100000116,1200,435,765
100000117,31,18,13
100000118,1230,629,601
100000119,365,580,-215
100000121,107,549,-442
100000122,684,763,-79
100000123,4823,4368,455
100000124,10465,4628,5837
100000125,4546,640,3906
100000126,654,312,342
100000127,1931,458,1473
100000128,971,954,17
100000129,632,457,175
100000130,459,557,-98
100000131,6311,2950,3361
100000132,3344,1333,2011
100000133,14409,3244,11165
100000135,237,528,-291
100000139,134,300,-166
100000140,153,307,-154
100000142,163,539,-376
100000143,1748,1168,580
100000144,3917,1154,2763
100000147,766,1537,-771
100000150,9,486,-477
100000151,604,245,359
100000153,334,220,114
100000154,76,44,32
100000155,27,21,6
100000156,70,89,-19
100000157,97,138,-41
100000158,36,69,-33
100000159,266,436,-170
100000165,887,823,64
100000169,552,201,351
100000174,2078,313,1765
100000179,66,627,-561
100000180,2306,1224,1082
100000181,81,391,-310
100000188,53,436,-383
100000189,541,290,251
100000190,317,252,65
100000191,366,428,-62
100000192,120,72,48
100000193,129,108,21
100000330,2493,345,2148
100000355,215,556,-341
100000362,4843,3727,1116
100000363,1628,2661,-1033
100000364,343,152,191
100000365,2697,4190,-1493
100000366,3888,2842,1046
100000367,1799,2666,-867
100000368,1810,1990,-180
100000369,700,1178,-478
100000370,172,293,-121
100000376,79,82,-3
100000379,1987,996,991
100000380,2715,1292,1423
100000384,6405,1860,4545
100000385,5742,2826,2916
100000386,9444,2012,7432
100000387,7853,2492,5361
100000388,17496,2899,14597
100000389,14061,2653,11408
100000390,15038,2240,12798
100000391,9178,2873,6305
100000392,3168,968,2200
100000393,1109,863,246
100000394,6355,2377,3978
100000395,3425,618,2807
100000396,4362,1510,2852
100000397,2116,964,1152
100000398,11742,8208,3534
100900002,2,52,-50
100900003,101,84,17
100900004,24,1208,-1184
100900005,37,7,30
100900006,2,220,-218
100900007,151,2,149
100900008,4,733,-729
100900009,22,24,-2
100900010,71,120,-49
100900011,28,330,-302
100900012,2,415,-413
100900013,743,9,734
100900014,1,4,-3
100900015,135,61,74
100900016,3,41,-38
100900017,610,25,585
100900018,0,19,-19
100900019,11,93,-82
100900020,146,0,146
100900021,799,2,797
100900022,2,17,-15
100900023,0,24,-24
100900024,459,0,459
100900025,5,11,-6
100900026,20,205,-185
100900027,690,2044,-1354
100900028,65,129,-64
100900029,101,14,87
100900030,0,14,-14
100900031,189,23,166
100900032,72,0,72
100900033,210,65,145
100900034,172,0,172
100900035,314,0,314
100900036,17,2,15
100900037,20,351,-331
100900038,15,10,5
100900039,305,708,-403
100900040,88,1098,-1010
100900041,123,1251,-1128
100900042,221,143,78
100900043,0,0,0
100900044,2757,267,2490
100900045,27,0,27
100900046,758,5,753
100900047,864,65,799
100900048,17,12,5
100900049,38,249,-211
100900050,4,29,-25
100900051,44,37,7
100900052,63,36,27
100900053,109,41,68
100900054,2,159,-157
100900055,144,142,2
100900056,14,104,-90
100900057,452,243,209
100900058,152,26,126
100900059,18,2,16
100900060,38,10,28
100900061,235,245,-10
100900062,1,85,-84
100900063,107,374,-267
100900064,489,6,483
100900065,26,35,-9
100900066,16,38,-22
100900067,6,4,2
100900068,87,128,-41
100900069,123,1,122
100900070,74,10,64
100900071,625,149,476
100900072,1,77,-76
100900073,42,572,-530
100900074,0,3,-3
100900075,3280,250,3030
100900076,33,29,4
100900077,3,144,-141
100900078,53,130,-77
100900079,3,30,-27
100900080,1,113,-112
100900081,9,44,-35
100900082,46,885,-839
100900083,0,52,-52
100900085,0,76,-76
100900086,68,551,-483
100900088,14,942,-928
100900089,0,16,-16
100900090,162,553,-391
100900091,0,11,-11
100900092,111,123,-12
100900093,42,292,-250
100900094,54,811,-757
100900095,8,42,-34
100900096,14,116,-102
100900097,0,2,-2
100900098,0,43,-43
100900099,14,561,-547
100900100,9,207,-198
100900101,272,22,250
100900102,108,14,94
100900103,0,29,-29
100900104,9,169,-160
100900105,3,61,-58
100900106,33,3,30
100900107,1696,364,1332
100900108,0,0,0
100900109,1,40,-39
100900110,0,13,-13
100900111,76,102,-26
100900112,0,4,-4
100900113,0,13,-13
100900114,0,34,-34
100900115,1,12,-11
100900116,694,331,363
100900117,184,405,-221
100900118,1,47,-46
100900119,0,12,-12
100900120,0,17,-17
100900121,278,244,34
100900122,87,201,-114
100900123,33,103,-70
100900124,0,0,0
100900125,8,89,-81
100900126,34,189,-155
100900127,3,2,1
100900128,95,143,-48
100900129,0,88,-88
100900131,74,109,-35
100900133,14,41,-27
100900134,1,3,-2
100900135,0,108,-108
100900137,266,154,112
100900138,321,182,139
100900139,0,7,-7
100900140,3,1074,-1071
100900141,2,233,-231
100900142,2,0,2
100900143,1333,234,1099
100900144,10,2,8
100900145,69,95,-26
100900146,17,7,10
100900147,9,308,-299
100900148,23,1139,-1116
100900149,4,34,-30
100900150,4,5,-1
100900151,75,534,-459
100900152,92,4,88
100900153,2,139,-137
100900154,7,16,-9
100900155,0,9,-9
100900156,18,3,15
100900157,3,120,-117
100900159,0,15,-15
100900160,2,8,-6
100900161,117,2,115
100900162,3,170,-167
100900163,133,250,-117
100900164,8,37,-29
100900165,16,52,-36
100900166,25,1,24
100900167,14,87,-73
100900168,11,106,-95
100900169,207,1674,-1467
100900170,22,3,19
100900171,9,1007,-998
100900172,0,1,-1
100900173,3,691,-688
100900174,69,17,52
100900176,1152,35,1117
100900177,1139,154,985
100900178,141,169,-28
100900179,78,38,40
100900180,1,1,0
100900181,48,20,28
100900182,8,7,1
100900184,2,87,-85
100900186,1061,542,519
100900187,7,244,-237
100900188,58,7,51
100900189,784,104,680
100900191,1217,631,586
100900192,231,92,139
100900195,51,226,-175
100900197,42,83,-41
100900198,7,185,-178
100900199,4,3,1
100900200,597,335,262
100900201,62,902,-840
100900202,3,0,3
100900203,2,37,-35
100900204,617,179,438
100900205,81,265,-184
100900206,20,36,-16
100900207,93,40,53
100900210,45,859,-814
100900211,220,57,163
100900213,35,9,26
100900214,1115,74,1041
100900215,0,29,-29
100900217,53,35,18
101000001,4605,2482,2123
101000002,3386,2299,1087
101000003,853,1876,-1023
101000004,11372,6227,5145
101000005,6170,4522,1648
101000006,9107,5818,3289
101000007,2401,2887,-486
101000008,3104,2647,457
101000009,1251,2547,-1296
101000010,651,1732,-1081
101000011,2373,789,1584
101000012,1985,491,1494
101000013,473,622,-149
101000014,431,522,-91
101000015,761,886,-125
101000016,304,432,-128
101000017,468,484,-16
101000018,3677,2714,963
101000020,4464,928,3536
101000021,824,190,634
101000022,637,82,555
101000023,1698,889,809
101000025,82,302,-220
101000026,493,41,452
101000027,1236,1347,-111
101000028,674,139,535
101000029,25,695,-670
101000030,517,64,453
101000031,278,289,-11
101000032,4732,2170,2562
101000033,2552,1530,1022
101000034,2464,1083,1381
101000035,1150,391,759
101000036,1066,266,800
101000037,4230,869,3361
101000039,4284,704,3580
101000040,4912,1793,3119
101000041,11685,2348,9337
101000042,725,354,371
101000043,10528,1622,8906
101000045,1127,269,858
101000046,1826,803,1023
101000047,997,1019,-22
101000048,660,671,-11
101000049,861,560,301
101000050,3551,1307,2244
101000051,6027,952,5075
101000052,1515,496,1019
101000053,866,960,-94
101000054,1777,1191,586
101000055,1767,699,1068
101000056,51,48,3
101000057,3489,575,2914
101000058,2201,551,1650
101000059,3894,1437,2457
101000060,1953,194,1759
101000061,1589,586,1003
101000062,1780,279,1501
101000063,444,295,149
101000064,1074,316,758
101000065,119,183,-64
101000066,223,149,74
101000067,526,335,191
101000068,230,121,109
101000069,251,62,189
101000070,2016,727,1289
101000071,1761,605,1156
101000072,1206,2585,-1379
101000073,834,280,554
101000074,5701,2202,3499
101000075,9005,2818,6187
101000077,1301,773,528
101000078,997,1681,-684
101000079,425,832,-407
101000080,683,737,-54
101000081,817,757,60
101000082,3146,2493,653
101000083,1369,1095,274
101000084,1098,1500,-402
101000085,1450,961,489
101000086,1225,1106,119
101000087,894,1397,-503
101000088,633,763,-130
101000089,676,1154,-478
101000090,2611,1521,1090
101000091,256,1623,-1367
101000092,905,1289,-384
101000093,1392,664,728
101000094,429,1142,-713
101000095,192,733,-541
101000096,291,640,-349
101000097,294,283,11
101000098,554,569,-15
101000099,1539,1039,500
101000100,1010,550,460
101000101,251,409,-158
101000102,776,248,528
101000103,920,502,418
101000104,255,304,-49
101000105,1010,129,881
101000106,360,191,169
101000107,111,233,-122
101000108,1723,462,1261
101000109,105,62,43
101000110,31,975,-944
101000111,85,140,-55
101000113,102,484,-382
101000114,2058,1096,962
101000115,21,56,-35
101000116,100,107,-7
101000117,60,124,-64
101000119,156,32,124
101000120,211,16,195
101000121,48,11,37
101000122,87,22,65
101000123,35,46,-11
101000124,315,296,19
101000125,90,378,-288
101000128,775,273,502
101000130,416,266,150
101000131,453,762,-309
101000132,204,1943,-1739
101000135,53,8,45
101000136,343,80,263
101000137,42,273,-231
101000141,2900,1093,1807
101000147,780,602,178
101000148,3137,33,3104
101000149,24,7,17
101000150,38,1512,-1474
101000151,34,105,-71
101000152,295,320,-25
101000153,626,538,88
101000154,80,2083,-2003
101000155,79,93,-14
101000156,38,221,-183
101000157,59,34,25
101000160,13,18,-5
101000163,166,69,97
101000164,412,281,131
101000165,239,260,-21
101000166,224,603,-379
101000168,553,288,265
101000252,664,533,131
101000254,349,16,333
101000258,76,11,65
101000261,151,122,29
101000262,471,855,-384
101000263,190,919,-729
101000265,43,505,-462
101000266,287,214,73
101000269,131,3,128
101000290,1780,2146,-366
101000293,6,82,-76
101000294,461,510,-49
101000295,163,465,-302
101000301,909,172,737
101000304,1642,2335,-693
101000305,2297,1868,429
101000328,3,50,-47
101900001,21,98,-77
101900002,0,18,-18
101900003,63,94,-31
101900004,2,26,-24
101900005,6050,745,5305
101900006,831,8,823
101900007,418,30,388
101900008,132,133,-1
101900009,49,200,-151
101900010,959,256,703
101900011,281,592,-311
101900012,108,147,-39
101900013,1233,64,1169
101900017,13,71,-58
101900018,2146,105,2041
101900019,65,34,31
101900020,20,69,-49
101900021,0,18,-18
101900022,20,1683,-1663
101900023,27,325,-298
101900026,79,49,30
101900027,1,117,-116
102000001,1664,3816,-2152
102000002,2823,1386,1437
102000003,4003,3756,247
102000004,10928,2442,8486
102000005,1375,1967,-592
102000006,1945,1167,778
102000007,1466,4300,-2834
102000008,8506,1631,6875
102000009,6143,6965,-822
102000010,8167,3322,4845
102000011,2022,2381,-359
102000012,3646,3815,-169
102000018,4028,2296,1732
102000019,2738,1049,1689
102000026,246,323,-77
102000029,559,179,380
102000030,96,224,-128
102000031,12,237,-225
102000032,190,355,-165
102000033,115,412,-297
102000034,538,311,227
102000035,1149,541,608
102000036,2,172,-170
102000037,133,65,68
102000038,59,81,-22
102000039,51,34,17
102000040,312,93,219
102000041,133,147,-14
102000042,130,55,75
102000043,166,181,-15
102000044,161,487,-326
102000045,672,1064,-392
102000046,745,409,336
102000047,584,1253,-669
102000048,150,650,-500
102000049,501,417,84
102000050,742,989,-247
102000051,204,450,-246
102000052,813,898,-85
102000053,425,673,-248
102000054,213,634,-421
102000055,532,1112,-580
102000056,445,1524,-1079
102000057,1194,480,714
102000058,1129,1880,-751
102000059,852,1275,-423
102000060,787,950,-163
102000061,986,3236,-2250
102000062,607,1525,-918
102000063,1142,1606,-464
102000064,529,651,-122
102000065,36,132,-96
102000066,903,1111,-208
102000067,2783,2539,244
102000068,7843,2485,5358
102000069,34,1459,-1425
102000070,2630,88,2542
102000071,6278,10297,-4019
102000072,3289,4673,-1384
102000073,878,926,-48
102000074,559,968,-409
102000075,82,289,-207
102000076,125,474,-349
102000077,250,1665,-1415
102000078,439,1237,-798
102000079,68,335,-267
102000080,97,265,-168
102000081,422,929,-507
102000082,873,315,558
102000083,146,764,-618
102000084,71,549,-478
102000085,1671,1351,320
102000086,1060,1954,-894
102000087,577,2302,-1725
102000088,156,377,-221
102000089,672,722,-50
102000090,347,1114,-767
102000091,1254,503,751
102000092,569,730,-161
102000093,596,555,41
102000094,1101,394,707
102000095,838,1060,-222
102000096,1823,671,1152
102000097,1988,1427,561
102000098,576,1320,-744
102000099,1022,505,517
102000100,917,610,307
102000101,1299,261,1038
102000102,431,1400,-969
102000103,1672,260,1412
102000104,1204,382,822
102000105,145,971,-826
102000106,398,1114,-716
102000107,483,639,-156
102000108,482,352,130
102000109,234,654,-420
102000110,300,1810,-1510
102000111,11,343,-332
102000112,188,98,90
102000113,10,31,-21
102000114,1164,323,841
102000115,143,138,5
102000116,249,191,58
102000117,165,429,-264
102000118,1628,829,799
102000119,2582,424,2158
102000120,87,417,-330
102000121,645,540,105
102000122,295,751,-456
102000123,1261,1069,192
102000124,893,926,-33
102000125,875,901,-26
102000126,511,615,-104
102000127,814,715,99
102000128,384,1057,-673
102000129,605,1012,-407
102000130,273,696,-423
102000131,2112,689,1423
102000132,915,470,445
102000133,916,3118,-2202
102000134,324,749,-425
102000135,1338,576,762
102000136,1154,247,907
102000137,1177,807,370
102000138,337,564,-227
102000139,110,503,-393
102000140,389,325,64
102000141,368,750,-382
102000142,149,399,-250
102000143,44,474,-430
102000144,70,558,-488
102000145,199,466,-267
102000146,179,331,-152
102000147,335,281,54
102000148,163,275,-112
102000149,124,799,-675
102000150,168,257,-89
102000151,87,426,-339
102000152,78,144,-66
102000153,764,206,558
102000154,359,573,-214
102000155,83,260,-177
102000156,287,59,228
102000157,72,106,-34
102000158,293,199,94
102000159,1749,164,1585
102000161,4932,1260,3672
102000162,187,96,91
102000163,105,373,-268
102000164,1275,601,674
102000165,201,146,55
102000166,22,74,-52
102000167,139,205,-66
102000168,138,135,3
102000169,79,351,-272
102000170,799,90,709
102000171,134,58,76
102000172,37,170,-133
102000173,201,212,-11
102000174,22,49,-27
102000175,75,263,-188
102000176,20,58,-38
102000178,127,616,-489
102000179,103,208,-105
102000180,379,612,-233
102000181,190,881,-691
102000182,337,780,-443
102000183,810,2160,-1350
102000184,808,1033,-225
102000185,1251,1743,-492
102000186,425,2115,-1690
102000187,362,2317,-1955
102000188,434,1668,-1234
102000189,3550,1207,2343
102000190,783,2445,-1662
102000191,1299,681,618
102000192,694,1068,-374
102000193,15,202,-187
102000194,30,137,-107
102000195,268,704,-436
102000196,56,624,-568
102000197,203,572,-369
102000198,71,1138,-1067
102000199,290,476,-186
102000200,122,1420,-1298
102000201,205,656,-451
102000202,3,115,-112
102000203,148,368,-220
102000204,194,1213,-1019
102000205,456,1026,-570
102000206,342,862,-520
102000207,473,597,-124
102000208,121,708,-587
102000209,41,71,-30
102000210,147,626,-479
102000211,227,554,-327
102000212,91,31,60
102000213,5,439,-434
102000214,75,12,63
102000215,1,720,-719
102000216,10,23,-13
102000217,6,286,-280
102000218,99,48,51
102000219,325,386,-61
102000225,834,803,31
102000226,3372,168,3204
102000227,46,1,45
102000228,0,116,-116
102000229,15,18,-3
102000230,211,755,-544
102000231,250,466,-216
102000232,5,116,-111
102000233,353,698,-345
102000234,71,1723,-1652
102000236,596,65,531
102000237,311,171,140
102000238,138,269,-131
102000240,831,547,284
102000241,256,100,156
102000243,7,61,-54
102000245,16,119,-103
102000246,32,30,2
102000247,1039,993,46
102000248,574,396,178
102000249,66,183,-117
102000250,41,478,-437
102000254,34,657,-623
102000266,81,191,-110
102000271,13,0,13
102000286,408,367,41
102000297,1314,812,502
102000299,0,0,0
102000301,0,1,-1
102000305,0,1,-1
102000307,0,15,-15
102000308,0,4,-4
102900001,928,863,65
102900002,230,35,195
102900003,10,366,-356
102900005,183,251,-68
102900006,250,207,43
102900007,365,32,333
102900008,186,93,93
102900009,327,70,257
102900010,958,419,539
102900011,2499,227,2272
102900012,320,48,272
102900013,10,60,-50
102900015,693,170,523
102900016,21,127,-106
102900017,60,599,-539
102900018,9,109,-100
102900019,184,541,-357
102900020,39,48,-9
102900021,6,102,-96
102900022,257,44,213
102900023,4,43,-39
102900024,15,65,-50
102900025,253,98,155
102900026,659,1020,-361
102900027,41,52,-11
102900028,68,305,-237
102900029,59,92,-33
102900030,268,148,120
102900031,64,159,-95
102900032,15,164,-149
102900033,44,142,-98
102900034,106,175,-69
102900035,42,539,-497
102900036,72,693,-621
102900037,220,806,-586
102900038,327,624,-297
102900039,5,354,-349
102900040,93,187,-94
102900041,47,189,-142
102900042,124,346,-222
102900043,104,294,-190
102900044,431,2043,-1612
102900045,48,577,-529
102900046,65,409,-344
102900047,47,896,-849
102900048,391,836,-445
102900049,28,367,-339
102900050,247,405,-158
102900051,102,202,-100
102900052,19,8,11
102900053,234,768,-534
102900054,1037,680,357
102900055,21,83,-62
102900056,178,535,-357
102900057,1,18,-17
102900058,303,32,271
102900059,4,38,-34
102900060,44,469,-425
102900061,36,458,-422
102900062,42,1692,-1650
102900063,367,403,-36
102900064,211,346,-135
102900065,1616,951,665
102900066,299,42,257
102900068,55,64,-9
102900070,178,901,-723
102900072,18,18,0
102900073,122,2,120
102900075,3,5,-2
102900076,126,28,98
102900077,23,19,4
102900078,21,49,-28
102900079,153,23,130
102900080,237,21,216
102900081,51,184,-133
102900082,6,266,-260
102900083,248,9,239
102900084,0,10,-10
102900085,68,52,16
102900086,2,10,-8
102900087,50,130,-80
102900088,24,36,-12
102900089,236,101,135
102900090,1,586,-585
102900091,26,2,24
102900092,126,1145,-1019
102900093,184,168,16
102900094,1,38,-37
102900095,33,4,29
102900096,19,9,10
102900097,2,136,-134
103000001,1720,2647,-927
103000002,1547,1772,-225
103000003,2713,2447,266
103000004,1029,742,287
103000005,1996,2087,-91
103000006,479,1241,-762
103000007,483,945,-462
103000008,707,1116,-409
103000009,563,793,-230
103000010,137,124,13
103000011,1738,1011,727
103000012,866,1012,-146
103000013,7991,1831,6160
103000014,1142,1239,-97
103000015,2679,834,1845
103000016,569,653,-84
103000017,127,273,-146
103000018,1093,460,633
103000019,105,131,-26
103000020,1325,1411,-86
103000021,857,1099,-242
103000022,801,1157,-356
103000023,345,931,-586
103000024,134,214,-80
103000025,60,269,-209
103000026,2245,131,2114
103000027,284,313,-29
103000028,959,295,664
103000029,572,212,360
103000030,2799,564,2235
103000031,1698,975,723
103000032,2251,1839,412
103000033,2801,2360,441
103000034,2043,810,1233
103000035,539,804,-265
103000036,465,460,5
103000037,817,452,365
103000038,618,780,-162
103000039,84,531,-447
103000040,210,1455,-1245
103000041,1496,3610,-2114
103000042,449,778,-329
103000043,246,1601,-1355
103000044,75,298,-223
103000046,175,285,-110
103000047,325,868,-543
103000048,115,139,-24
103000049,101,216,-115
103000050,277,711,-434
103000051,223,572,-349
103000052,804,488,316
103000053,143,398,-255
103000054,1290,1041,249
103000055,1060,1512,-452
103000056,388,2370,-1982
103000057,383,328,55
103000058,237,1081,-844
103000059,245,875,-630
103000060,714,906,-192
103000061,389,826,-437
103000062,629,894,-265
103000063,487,774,-287
103000064,83,380,-297
103000065,2,325,-323
103000066,56,12,44
103000069,106,429,-323
103000070,485,1400,-915
103000071,497,328,169
103000072,53,1194,-1141
103000073,211,98,113
103000074,248,75,173
103000075,87,1162,-1075
103000076,137,108,29
103000077,30,532,-502
103000078,1023,208,815
103000079,1767,450,1317
103000080,945,124,821
103000081,465,580,-115
103000082,280,147,133
103000083,68,463,-395
103000084,126,4,122
103000085,1,114,-113
103000086,487,262,225
103000087,69,426,-357
103000088,210,376,-166
103000089,117,224,-107
103000090,1022,871,151
103000091,457,376,81
103000092,159,307,-148
103000093,269,655,-386
103000094,93,99,-6
103000095,20,458,-438
103000096,534,94,440
103000097,35,710,-675
103000098,764,87,677
103000099,242,625,-383
103000100,44,1002,-958
103000101,364,185,179
103000102,84,746,-662
103000103,276,316,-40
103000104,20,227,-207
103000105,40,130,-90
103000106,4,105,-101
103000107,300,90,210
103000108,433,511,-78
103000109,311,310,1
103000110,296,317,-21
103000111,371,399,-28
103000112,256,220,36
103000113,403,659,-256
103000114,498,330,168
103000115,229,406,-177
103000116,301,530,-229
103000117,98,438,-340
103000118,1185,1231,-46
103000119,2146,811,1335
103000120,51,99,-48
103000121,185,527,-342
103000122,193,182,11
103000125,11,811,-800
103000126,324,11,313
103000127,1,478,-477
103000128,75,4,71
103000129,1,240,-239
103000130,16,31,-15
103000131,356,116,240
103000132,73,218,-145
103000133,3,330,-327
103000134,535,389,146
103000135,1075,157,918
103000136,754,318,436
103000137,527,515,12
103000138,782,482,300
103000139,0,36,-36
103000140,88,23,65
103000141,13,97,-84
103000142,110,75,35
103000143,27,218,-191
103000144,125,105,20
103000145,59,48,11
103000150,95,53,42
103000152,140,241,-101
103000153,56,141,-85
103000156,4,830,-826
103000157,196,4,192
103000159,81,145,-64
103000162,45,11,34
103000163,12,21,-9
103000164,3,17,-14
103000165,114,600,-486
103000166,77,148,-71
103000167,89,111,-22
103000168,47,192,-145
103000169,159,302,-143
103000170,553,578,-25
103000171,37,50,-13
103000172,143,346,-203
103000173,166,978,-812
103000174,154,275,-121
103000175,74,606,-532
103000176,700,192,508
103000177,931,449,482
103000178,459,251,208
103000179,60,16,44
103000183,57,48,9
103000185,47,98,-51
103000186,57,203,-146
103000187,165,866,-701
103000188,10,113,-103
103000189,563,1193,-630
103000191,652,900,-248
103000292,3204,1038,2166
103000293,1907,733,1174
103000295,50,55,-5
103000296,380,1,379
103000297,424,27,397
103000504,181,21,160
103000505,5,10,-5
103000506,0,215,-215
103000507,95,1,94
103000508,55,29,26
103000509,159,629,-470
103900001,5,496,-491
103900002,2039,207,1832
103900003,1849,98,1751
103900004,6,0,6
103900005,2,280,-278
103900006,0,0,0
103900007,0,0,0
103900008,4,0,4
103900009,86,314,-228
103900010,101,245,-144
103900011,66,296,-230
103900012,4,14,-10
103900013,7,77,-70
103900014,11,30,-19
103900015,29,14,15
103900016,148,367,-219
103900017,9,82,-73
103900018,809,142,667
103900019,69,101,-32
103900020,99,197,-98
103900021,965,36,929
103900022,616,661,-45
103900023,35,1,34
103900024,75,766,-691
103900025,7,38,-31
103900026,0,0,0
103900027,188,213,-25
103900028,5,243,-238
103900029,478,111,367
103900030,64,25,39
103900031,6,0,6
103900032,23,16,7
103900033,36,2,34
103900034,14,314,-300
103900035,36,56,-20
103900036,22,4,18
103900037,24,33,-9
103900038,54,56,-2
103900039,11,541,-530
103900040,3,223,-220
103900041,12,15,-3
103900042,16,545,-529
103900043,62,153,-91
103900044,208,70,138
103900045,80,141,-61
103900047,27,39,-12
103900048,33,14,19
103900049,194,1245,-1051
103900050,2,76,-74
103900051,1,30,-29
103900052,49,889,-840
103900053,50,1350,-1300
103900054,35,838,-803
103900055,181,195,-14
103900056,12,50,-38
103900057,13,341,-328
103900058,47,837,-790
103900059,0,1,-1
103900060,8,215,-207
103900061,24,56,-32
103900062,56,36,20
103900063,0,0,0
103900064,13,3,10
103900065,839,262,577
103900066,27,4,23
103900067,38,6,32
103900068,0,0,0
103900069,5,3,2
103900070,126,279,-153
103900071,23,187,-164
103900072,4,418,-414
103900073,8,8,0
103900074,15,144,-129
103900075,135,116,19
103900076,197,854,-657
103900077,82,19,63
103900078,62,158,-96
103900079,76,283,-207
103900080,5,31,-26
103900081,65,6,59
103900082,0,88,-88
103900083,2367,192,2175
103900084,7,127,-120
103900085,59,100,-41
103900086,176,279,-103
103900087,9,65,-56
103900088,566,151,415
103900089,71,245,-174
103900090,3,347,-344
103900091,685,216,469
103900092,168,421,-253
103900093,92,516,-424
103900094,6,206,-200
103900095,157,157,0
103900096,10,437,-427
103900097,1,566,-565
103900098,123,58,65
103900099,10,282,-272
103900100,63,392,-329
103900101,30,775,-745
103900102,0,39,-39
103900104,4,25,-21
103900105,115,200,-85
103900106,0,14,-14
103900107,51,214,-163
103900108,17,585,-568
103900109,55,77,-22
103900110,137,47,90
103900111,25,919,-894
103900112,6,49,-43
103900113,125,205,-80
103900114,505,410,95
103900115,191,36,155
103900116,7839,852,6987
103900117,216,144,72
103900119,44,36,8
103900120,14,104,-90
103900122,36,441,-405
103900123,1598,469,1129
103900124,27,811,-784
103900125,55,92,-37
103900126,117,591,-474
103900127,83,1031,-948
103900128,19,274,-255
103900131,11,192,-181
103900133,616,11,605
103900134,0,0,0
103900135,14,7,7
103900137,0,66,-66
103900138,16,426,-410
103900139,202,745,-543
103900140,0,14,-14
103900141,202,89,113
103900142,17,181,-164
103900143,17,1,16
103900144,0,68,-68
103900145,136,392,-256
103900146,268,377,-109
103900147,178,108,70
103900148,82,251,-169
103900149,34,753,-719
103900150,8050,1472,6578
103900151,24,151,-127
103900152,89,869,-780
103900153,2,0,2
103900154,1543,594,949
103900155,9,225,-216
103900156,7,181,-174
103900157,7,289,-282
103900158,26,215,-189
103900159,29,95,-66
103900160,15,12,3
103900161,55,156,-101
103900162,60,244,-184
103900163,5,318,-313
103900167,7,54,-47
103900168,23,140,-117
103900169,18,25,-7
103900170,3,98,-95
103900171,0,97,-97
103900172,6,24,-18
103900173,1,5,-4
103900174,27,56,-29
103900175,44,28,16
103900176,2,5,-3
103900177,4,31,-27
103900178,17,78,-61
103900179,13,223,-210
103900180,7,150,-143
103900181,38,25,13
103900182,41,4,37
103900184,533,16,517
103900185,245,77,168
103900187,93,34,59
103900188,20,10,10
103900189,32,7,25
103900190,18,66,-48
103900191,14,40,-26
103900192,21,68,-47
103900193,130,101,29
103900194,40,379,-339
103900195,0,29,-29
103900196,12,16,-4
103900197,5,43,-38
103900198,2,76,-74
103900199,65,73,-8
103900200,114,184,-70
103900201,40,214,-174
103900202,6,44,-38
103900203,9,6,3
103900204,0,147,-147
103900207,2,238,-236
103900208,15,2,13
103900209,2,141,-139
103900210,18,26,-8
103900211,212,708,-496
103900212,41,605,-564
103900213,64,203,-139
103900214,166,106,60
103900215,665,302,363
103900216,6,552,-546
103900217,231,18,213
103900218,1,148,-147
103900219,35,326,-291
103900233,48,2,46
103900235,20,13,7
103900236,15,1,14
103900242,0,8,-8
103900243,2,6,-4
103900244,27,356,-329
103900245,44,230,-186
103900246,18,30,-12
103900247,15,122,-107
103900248,1,16,-15
103900249,1,15,-14
103900250,17,12,5
103900251,1,26,-25
103900253,14,35,-21
103900254,1,8,-7
103900255,3,5,-2
103900256,6,10,-4
103900257,51,43,8
103900258,12,0,12
103900259,46,2,44
103900261,7,4,3
103900262,3,1,2
103900263,26,10,16
103900264,40,9,31
103900265,37,13,24
103900266,0,22,-22
103900267,1,66,-65
103900268,2,106,-104
103900269,55,40,15
103900270,7,163,-156
103900271,30,254,-224
103900272,2,28,-26
103900273,1,17,-16
103900274,6,6,0
103900275,9,2,7
103900276,3,47,-44
103900277,1,51,-50
103900278,1,3,-2
103900279,0,0,0
104000001,1641,2408,-767
104000002,1486,2600,-1114
104000003,2035,2307,-272
104000004,3635,2479,1156
104000005,749,1729,-980
104000006,2244,2735,-491
104000007,3511,3468,43
104000008,274,632,-358
104000009,94,110,-16
104000010,78,171,-93
104000011,795,597,198
104000012,124,577,-453
104000013,63,144,-81
104000014,173,778,-605
104000015,158,165,-7
104000016,324,470,-146
104000018,413,122,291
104000019,321,76,245
104000020,171,1035,-864
104000021,252,887,-635
104000022,81,373,-292
104000023,407,266,141
104000024,151,433,-282
104000026,37,304,-267
104000027,166,467,-301
104000028,245,237,8
104000029,364,683,-319
104000030,128,207,-79
104000031,448,279,169
104000032,163,435,-272
104000033,281,349,-68
104000034,209,478,-269
104000035,314,439,-125
104000036,238,694,-456
104000037,190,339,-149
104000038,229,284,-55
104000039,145,602,-457
104000040,524,571,-47
104000041,510,287,223
104000042,207,575,-368
104000043,338,477,-139
104000044,207,970,-763
104000045,562,1441,-879
104000046,1634,1835,-201
104000047,708,1761,-1053
104000048,1174,2591,-1417
104000049,250,302,-52
104000050,284,691,-407
104000051,52,829,-777
104000052,797,1559,-762
104000053,522,677,-155
104000054,473,737,-264
104000055,3888,3225,663
104000056,2141,207,1934
104000057,60,575,-515
104000058,467,771,-304
104000059,243,1134,-891
104000060,429,1001,-572
104000061,1008,1435,-427
104000062,139,221,-82
104000064,684,323,361
104000065,154,350,-196
104000069,1533,524,1009
104000070,57,326,-269
104000071,140,475,-335
104000072,815,273,542
104000075,31,256,-225
104000076,377,122,255
104000082,1837,2257,-420
104000083,659,212,447
104000084,52,425,-373
104000085,162,263,-101
104000086,125,399,-274
104000087,470,944,-474
104000090,437,1766,-1329
104000092,408,3200,-2792
104000094,633,2583,-1950
104000095,1038,1353,-315
104000096,637,540,97
104000097,834,1331,-497
104000098,817,1607,-790
104000100,794,761,33
104000101,808,2715,-1907
104000106,70,520,-450
104000107,442,613,-171
104000108,360,739,-379
104000109,226,38,188
104000110,785,850,-65
104000111,6675,1339,5336
104000112,2834,473,2361
104000116,4,1677,-1673
104000117,77,1299,-1222
104000118,247,278,-31
104000119,397,247,150
104000120,176,1421,-1245
104000121,155,687,-532
104000122,448,730,-282
104000123,837,1772,-935
104000124,1720,3129,-1409
104000125,6292,2435,3857
104000126,200,548,-348
104000127,1648,4651,-3003
104000128,728,515,213
104000129,488,18,470
104000130,2,195,-193
104000131,1054,751,303
104000132,545,1209,-664
104000133,1067,846,221
104000134,842,1237,-395
104000135,403,750,-347
104000136,997,1928,-931
104000137,2101,228,1873
104000138,1723,273,1450
104000139,12011,3260,8751
104000141,1602,2210,-608
104000142,619,1306,-687
104000143,416,1058,-642
104000144,44,211,-167
104000145,282,108,174
104000146,504,649,-145
104000147,97,432,-335
104000148,148,112,36
104000149,193,521,-328
104000150,589,454,135
104000151,345,913,-568
104000152,328,1135,-807
104000153,195,410,-215
104000154,1234,1003,231
104000155,288,386,-98
104000157,1318,2286,-968
104000158,336,235,101
104000159,357,299,58
104000160,1529,1267,262
104000161,219,178,41
104000162,21,144,-123
104000165,1219,1023,196
104000167,382,438,-56
104000168,400,4,396
104000169,21,52,-31
104000170,1146,246,900
104000248,120,983,-863
104000251,53,461,-408
104000272,0,0,0
104000273,0,0,0
104000274,0,0,0
104000275,0,0,0
104000279,739,455,284
104000290,59,426,-367
104000291,571,1003,-432
104000293,574,790,-216
104000294,1,0,1
104000295,341,810,-469
104000296,225,761,-536
104000297,969,1468,-499
104000298,2332,1085,1247
104000299,484,1349,-865
104900001,68,507,-439
104900002,14,93,-79
104900003,40,481,-441
104900004,27,467,-440
104900005,131,171,-40
104900006,73,42,31
104900007,153,238,-85
104900009,60,703,-643
104900010,21,17,4
104900011,4,1,3
104900012,67,2,65
104900013,67,2,65
104900014,4977,349,4628
104900015,39,0,39
104900016,56,376,-320
104900017,15,185,-170
104900018,5,310,-305
104900019,343,811,-468
104900020,38,375,-337
104900021,1,307,-306
104900022,4,137,-133
104900023,0,159,-159
104900024,5,107,-102
104900025,38,443,-405
104900026,1,139,-138
104900027,120,183,-63
104900028,47,114,-67
104900029,43,48,-5
104900030,240,129,111
104900031,129,158,-29
104900032,36,198,-162
104900033,29,100,-71
104900034,228,80,148
104900035,78,93,-15
104900036,45,76,-31
104900037,56,342,-286
104900038,705,419,286
104900039,713,52,661
104900040,66,108,-42
104900041,65,75,-10
104900042,96,497,-401
104900043,11,18,-7
104900044,125,230,-105
104900045,129,33,96
104900046,24,124,-100
104900047,91,190,-99
104900048,107,96,11
104900049,7,2,5
104900050,61,114,-53
104900051,34,34,0
104900052,5,0,5
104900053,210,39,171
104900054,171,22,149
104900055,9,0,9
104900056,99,2,97
104900057,7,1,6
104900058,757,95,662
104900059,2,13,-11
104900060,1,365,-364
104900061,273,742,-469
104900063,1,147,-146
104900064,0,103,-103
104900065,0,128,-128
104900066,6,237,-231
104900067,8,251,-243
104900068,9,323,-314
104900070,43,353,-310
104900071,3,950,-947
104900072,20,207,-187
104900073,11,354,-343
104900074,28,277,-249
104900075,44,102,-58
104900076,71,593,-522
104900077,1384,64,1320
104900078,120,1131,-1011
104900079,100,165,-65
104900080,24,745,-721
104900082,7,319,-312
104900085,3,321,-318
104900087,421,6,415
104900089,24,0,24
104900090,281,340,-59
104900091,505,1061,-556
104900093,205,605,-400
104900097,3714,1043,2671
104900098,22,31,-9
104900099,92,337,-245
104900100,871,223,648
104900102,15,333,-318
104900103,499,92,407
104900104,3758,902,2856
104900106,38,191,-153
104900107,29,452,-423
104900108,8,322,-314
104900109,38,204,-166
104900110,3,42,-39
104900111,84,120,-36
104900112,97,1258,-1161
104900113,307,454,-147
104900114,143,1053,-910
104900115,285,675,-390
104900116,40,430,-390
104900118,7,88,-81
104900119,0,36,-36
104900120,107,18,89
104900121,0,109,-109
104900122,6,70,-64
104900123,5,2,3
104900124,3,0,3
104900125,435,5,430
104900126,103,70,33
104900127,18,24,-6
104900128,66,107,-41
104900129,3182,763,2419
105000001,1600,2012,-412
105000002,1480,1836,-356
105000003,2052,4208,-2156
105000004,459,1203,-744
105000005,548,1178,-630
105000006,753,1349,-596
105000007,576,1078,-502
105000008,446,1385,-939
105000009,908,2327,-1419
105000010,3087,3081,6
105000011,1511,1768,-257
105000012,4388,3856,532
105000013,628,930,-302
105000014,1145,1836,-691
105000015,6643,5440,1203
105000016,3603,2042,1561
105000017,1304,1279,25
105000018,1202,895,307
105000019,1329,1012,317
105000020,137,363,-226
105000021,314,109,205
105000022,138,29,109
105000023,347,260,87
105000028,39,145,-106
105000029,278,719,-441
105000030,4125,4048,77
105000033,1106,2712,-1606
105000034,108,523,-415
105000037,597,675,-78
105000038,2083,1200,883
105000039,4350,2620,1730
105000040,771,602,169
105000041,773,1921,-1148
105000042,3237,902,2335
105000043,2898,3244,-346
105000044,205,336,-131
105000045,248,1144,-896
105000046,387,363,24
105000047,384,2063,-1679
105000048,264,207,57
105000049,294,1024,-730
105000050,305,269,36
105000051,164,702,-538
105000052,324,989,-665
105000053,88,239,-151
105000054,141,1087,-946
105000055,230,483,-253
105000056,923,3119,-2196
105000057,1240,1228,12
105000058,1724,1675,49
105000059,336,375,-39
105000060,362,728,-366
105000061,251,413,-162
105000062,956,1177,-221
105000063,236,820,-584
105000064,441,689,-248
105000065,301,1152,-851
105000066,675,2513,-1838
105000067,483,599,-116
105000068,387,1105,-718
105000069,2799,572,2227
105000070,766,861,-95
105000071,204,314,-110
105000072,604,675,-71
105000073,567,486,81
105000074,811,1073,-262
105000075,445,929,-484
105000076,1137,1188,-51
105000077,1690,977,713
105000078,1453,1086,367
105000079,1716,1683,33
105000080,1440,896,544
105000081,742,672,70
105000082,421,448,-27
105000083,892,657,235
105000084,406,1173,-767
105000085,941,988,-47
105000086,367,970,-603
105000087,2545,1851,694
105000088,1744,1204,540
105000089,4068,3053,1015
105000090,1260,1223,37
105000091,2082,2618,-536
105000092,518,1479,-961
105000093,399,264,135
105000094,257,174,83
105000095,48,471,-423
105000096,847,604,243
105000097,956,586,370
105000098,450,514,-64
105000099,533,853,-320
105000100,997,1345,-348
105000101,1664,2431,-767
105000102,2246,1820,426
105000103,1755,2625,-870
105000104,1157,1113,44
105000105,896,1990,-1094
105000106,707,1563,-856
105000107,620,919,-299
105000108,804,1919,-1115
105000109,938,1706,-768
105000110,409,900,-491
105000111,328,664,-336
105000112,638,1061,-423
105000113,152,489,-337
105000114,4040,848,3192
105000115,214,546,-332
105000116,388,497,-109
105000117,626,1874,-1248
105000118,149,396,-247
105000119,341,1434,-1093
105000120,407,678,-271
105000121,494,1202,-708
105000122,231,472,-241
105000123,1151,1666,-515
105000124,1126,1111,15
105000125,483,1880,-1397
105000126,1176,2357,-1181
105000127,1538,1987,-449
105000128,579,1478,-899
105000129,455,332,123
105000130,65,763,-698
105000131,433,512,-79
105000132,492,406,86
105000133,243,1388,-1145
105000134,348,622,-274
105000135,338,868,-530
105000136,78,445,-367
105000137,177,240,-63
105000138,231,441,-210
105000139,829,1339,-510
105000140,157,590,-433
105000141,120,780,-660
105000142,72,517,-445
105000143,207,705,-498
105000144,242,731,-489
105000145,463,551,-88
105000146,431,717,-286
105000147,472,370,102
105000148,1082,570,512
105000149,1348,1201,147
105000150,2320,1623,697
105000151,249,306,-57
105000152,112,634,-522
105000153,434,437,-3
105000154,763,924,-161
105000155,219,463,-244
105000156,1070,882,188
105000157,1238,1790,-552
105000158,1607,790,817
105000159,311,1332,-1021
105000160,967,696,271
105000161,670,2296,-1626
105000162,270,1067,-797
105000163,1335,1414,-79
105000164,205,392,-187
105000165,1798,2781,-983
105000166,8775,308,8467
105000167,3228,1116,2112
105000168,106,1026,-920
105000169,155,650,-495
105000170,62,1254,-1192
105000171,1042,428,614
105000172,18,79,-61
105000173,24,70,-46
105000174,22,42,-20
105000175,49,144,-95
105000176,95,81,14
105000177,47,138,-91
105000178,81,909,-828
105000179,82,122,-40
105000180,68,129,-61
105000181,52,547,-495
105000182,17,88,-71
105000183,3421,1543,1878
105000184,1612,1067,545
105000185,1903,616,1287
105000186,392,1236,-844
105000187,709,309,400
105000188,286,129,157
105000189,176,747,-571
105000190,81,458,-377
105000191,248,549,-301
105000192,89,97,-8
105000193,57,181,-124
105000194,106,98,8
105000195,238,1539,-1301
105000196,8,67,-59
105000197,193,996,-803
105000198,443,276,167
105000199,118,196,-78
105000200,80,249,-169
105000201,46,18,28
105000203,7,323,-316
105000204,47,104,-57
105000205,94,316,-222
105000207,1048,326,722
105000208,290,324,-34
105000209,182,503,-321
105000212,692,1660,-968
105000213,230,166,64
105000214,35,231,-196
105000215,97,261,-164
105000216,37,557,-520
105000217,136,467,-331
105000218,425,1090,-665
105000221,82,352,-270
105000222,43,40,3
105000223,65,209,-144
105000226,13,460,-447
105000227,18,268,-250
105000228,160,595,-435
105000229,60,203,-143
105000231,98,191,-93
105000233,546,607,-61
105000234,571,1465,-894
105000235,104,440,-336
105000237,359,55,304
105000243,10,267,-257
105000248,50,42,8
105000262,130,2254,-2124
105000269,40,172,-132
105000270,185,133,52
105000271,1,303,-302
105000282,80,43,37
105000287,321,146,175
105000288,300,396,-96
105000289,753,779,-26
105000290,6,5,1
105000402,5481,1705,3776
105000426,301,626,-325
105000438,515,564,-49
105000446,13474,5044,8430
105000447,8439,2781,5658
105000454,85,1102,-1017
105000455,287,201,86
105000474,6,1,5
105000477,94,389,-295
105000478,964,1526,-562
105000479,83,171,-88
105000480,1268,1563,-295
105000481,1701,1853,-152
105000482,4202,2908,1294
105000483,838,996,-158
105000484,2211,3034,-823
105000485,833,1222,-389
105000486,3304,2618,686
105000488,2886,2797,89
105000489,389,748,-359
105000549,17,120,-103
105000550,406,1246,-840
105000551,28,123,-95
105000552,3786,2263,1523
105000555,149,280,-131
105900001,6,740,-734
105900002,2037,467,1570
105900003,7,82,-75
105900004,514,101,413
105900005,3,193,-190
105900006,3,42,-39
105900007,108,8,100
105900008,18,840,-822
105900009,3,12,-9
105900011,210,70,140
105900012,320,290,30
105900013,4,17,-13
105900014,0,75,-75
105900015,203,359,-156
105900016,164,935,-771
105900017,524,43,481
105900018,193,263,-70
105900019,34,702,-668
105900020,7,65,-58
105900021,22,470,-448
105900022,151,292,-141
105900023,5,170,-165
105900024,9,340,-331
105900025,32,48,-16
105900026,178,33,145
105900027,5695,4620,1075
105900028,22,160,-138
105900029,2087,366,1721
105900030,137,404,-267
105900031,381,184,197
105900032,27,169,-142
105900033,21,159,-138
105900034,67,273,-206
105900035,179,165,14
105900036,12,118,-106
105900037,32,85,-53
105900038,80,273,-193
105900039,49,153,-104
105900040,32,104,-72
105900041,155,458,-303
105900042,29,101,-72
105900043,1810,45,1765
105900044,2,133,-131
105900045,2,614,-612
105900046,8,162,-154
105900047,1,14,-13
105900048,39,508,-469
105900050,3090,792,2298
105900051,1,1367,-1366
105900052,261,83,178
105900053,4240,1050,3190
105900054,231,300,-69
105900056,1317,192,1125
105900057,27,292,-265
105900058,3,23,-20
105900059,0,24,-24
106000001,2706,967,1739
106000002,2482,3274,-792
106000003,2713,1984,729
106000004,2421,2256,165
106000005,1953,4286,-2333
106000006,5688,4587,1101
106000007,404,495,-91
106000008,312,304,8
106000009,404,303,101
106000010,369,458,-89
106000011,305,911,-606
106000012,605,1657,-1052
106000013,1196,1879,-683
106000014,1970,1907,63
106000015,807,1064,-257
106000016,877,2371,-1494
106000017,455,569,-114
106000018,457,711,-254
106000019,106,477,-371
106000020,109,514,-405
106000021,209,481,-272
106000022,189,361,-172
106000023,363,371,-8
106000024,351,962,-611
106000025,84,187,-103
106000026,102,399,-297
106000027,550,968,-418
106000028,408,978,-570
106000029,761,1914,-1153
106000030,793,225,568
106000034,108,626,-518
106000035,538,865,-327
106000036,382,198,184
106000037,1136,1465,-329
106000038,383,66,317
106000039,161,27,134
106000040,147,778,-631
106000041,559,216,343
106000043,351,53,298
106000046,267,27,240
106000047,33,358,-325
106000049,310,112,198
106000050,194,964,-770
106000051,283,323,-40
106000052,66,764,-698
106000053,59,76,-17
106000054,260,565,-305
106000055,417,637,-220
106000056,192,578,-386
106000057,115,106,9
106000058,99,228,-129
106000059,103,260,-157
106000060,554,653,-99
106000061,139,354,-215
106000062,114,637,-523
106000063,339,333,6
106000064,34,435,-401
106000065,144,139,5
106000066,48,461,-413
106000067,184,69,115
106000068,59,733,-674
106000069,75,56,19
106000070,254,803,-549
106000071,427,251,176
106000072,4499,1177,3322
106000073,1600,1474,126
106000074,183,539,-356
106000075,158,901,-743
106000076,844,1433,-589
106000077,2118,1020,1098
106000078,456,847,-391
106000079,348,1008,-660
106000080,568,918,-350
106000081,404,952,-548
106000082,1781,1003,778
106000083,274,1017,-743
106000084,456,546,-90
106000085,1290,965,325
106000086,420,561,-141
106000087,371,560,-189
106000088,272,712,-440
106000089,474,461,13
106000090,186,662,-476
106000091,192,675,-483
106000092,392,190,202
106000093,169,59,110
106000094,67,396,-329
106000095,216,1227,-1011
106000096,402,781,-379
106000097,519,1593,-1074
106000098,328,1135,-807
106000099,136,976,-840
106000100,705,330,375
106000101,1973,351,1622
106000102,305,569,-264
106000103,209,807,-598
106000104,734,429,305
106000105,308,1163,-855
106000106,276,441,-165
106000107,41,597,-556
106000108,94,317,-223
106000109,56,440,-384
106000110,90,276,-186
106000111,113,753,-640
106000112,73,370,-297
106000113,1264,753,511
106000114,386,424,-38
106000115,154,622,-468
106000116,103,279,-176
106000117,728,909,-181
106000118,784,1017,-233
106000119,2396,1233,1163
106000120,696,633,63
106000121,58,237,-179
106000122,43,417,-374
106000123,101,320,-219
106000124,18,446,-428
106000125,6,416,-410
106000126,62,250,-188
106000127,277,1059,-782
106000128,239,347,-108
106000129,202,843,-641
106000130,280,333,-53
106000131,82,578,-496
106000132,904,157,747
106000133,4373,802,3571
106000134,593,1934,-1341
106000135,150,980,-830
106000136,353,427,-74
106000137,64,1776,-1712
106000138,458,75,383
106000139,14,87,-73
106000140,36,118,-82
106000141,27,159,-132
106000142,24,82,-58
106000143,12,147,-135
106000144,8,40,-32
106000145,100,580,-480
106000146,93,191,-98
106000147,312,478,-166
106000148,664,761,-97
106000149,312,412,-100
106000150,327,1669,-1342
106000151,4591,796,3795
106000152,1586,1011,575
106000153,40,1219,-1179
106000154,1494,217,1277
106000155,26,140,-114
106000156,373,369,4
106000157,359,1984,-1625
106000158,3394,628,2766
106000159,5188,1498,3690
106000160,132,1232,-1100
106000161,1208,614,594
106000162,143,623,-480
106000163,169,600,-431
106000164,146,376,-230
106000165,122,955,-833
106000166,242,350,-108
106000167,136,1762,-1626
106000168,94,279,-185
106000169,58,930,-872
106000170,158,271,-113
106000171,66,931,-865
106000172,1928,818,1110
106000173,649,2711,-2062
106000174,623,237,386
106000175,278,1137,-859
106000176,789,581,208
106000177,526,2357,-1831
106000178,2679,1413,1266
106000179,889,1955,-1066
106000180,858,1949,-1091
106000181,296,2134,-1838
106000182,293,709,-416
106000183,426,1176,-750
106000184,950,1167,-217
106000185,497,1019,-522
106000186,846,184,662
106000187,156,705,-549
106000188,1,9,-8
106000189,2,45,-43
106000190,9,1,8
106000191,565,167,398
106000192,0,48,-48
106000193,266,146,120
106000194,129,544,-415
106000195,575,79,496
106000196,113,350,-237
106000197,170,371,-201
106000198,120,350,-230
106000199,960,683,277
106000200,445,168,277
106000201,515,942,-427
106000202,7998,581,7417
106000203,232,186,46
106000204,31,3,28
106000205,20,165,-145
106000206,42,9,33
106000207,58,980,-922
106000208,387,39,348
106000209,599,264,335
106000210,197,1361,-1164
106000211,316,1554,-1238
106000212,317,169,148
106000213,702,1155,-453
106000214,2407,433,1974
106000215,163,457,-294
106000216,256,359,-103
106000217,128,464,-336
106000218,270,339,-69
106000219,93,299,-206
106000220,328,254,74
106000221,45,311,-266
106000222,5,221,-216
106000223,25,218,-193
106000224,70,367,-297
106000225,27,82,-55
106000226,83,414,-331
106000228,2,112,-110
106000229,67,949,-882
106000231,278,91,187
106000232,29,431,-402
106000233,252,97,155
106000234,70,273,-203
106000235,314,53,261
106000236,106,42,64
106000237,0,5,-5
106000238,50,5,45
106000239,6,71,-65
106000240,19,2,17
106000241,14,658,-644
106000242,119,23,96
106000249,18,51,-33
106000250,27,398,-371
106000251,42,58,-16
106000252,27,170,-143
106000253,9,56,-47
106000254,26,66,-40
106000255,8,66,-58
106000256,69,122,-53
106000257,121,327,-206
106000258,157,7,150
106000259,0,41,-41
106000260,6,6,0
106000261,0,60,-60
106000262,19,8,11
106000263,4,104,-100
106000264,88,7,81
106000265,5,157,-152
106000266,49,12,37
106000267,4,131,-127
106000268,294,11,283
106000269,60,64,-4
106000270,146,422,-276
106000271,46,207,-161
106000272,92,59,33
106000273,10,142,-132
106000274,196,53,143
106000275,99,192,-93
106000276,90,79,11
106000277,47,164,-117
106000278,118,29,89
106000279,7,71,-64
106000280,28,169,-141
106000281,46,91,-45
106000282,72,51,21
106000283,39,125,-86
106000284,34,84,-50
106000285,61,164,-103
106000286,45,139,-94
106000287,59,111,-52
106000288,56,122,-66
106000289,36,107,-71
106000290,49,118,-69
106000291,30,71,-41
106000292,39,172,-133
106000293,57,86,-29
106000294,78,125,-47
106000295,22,65,-43
106000296,70,96,-26
106000297,78,142,-64
106000298,107,83,24
106000299,62,126,-64
106000300,34,76,-42
106000301,48,92,-44
106000303,4,50,-46
106000304,31,36,-5
106000305,14,36,-22
106000306,80,116,-36
106000307,12,12,0
106000308,35,300,-265
106000309,16,96,-80
106000310,129,599,-470
106000311,121,102,19
106000312,47,179,-132
106000313,51,213,-162
106000318,201,149,52
106000319,283,26,257
106000320,1,34,-33
106000321,335,50,285
106000322,38,212,-174
106000324,0,177,-177
106000325,669,910,-241
106000326,719,2026,-1307
106000327,44,270,-226
106000328,3,114,-111
106000329,30,290,-260
106000330,39,62,-23
106000428,41,194,-153
106000429,97,551,-454
106000430,242,1822,-1580
106000431,598,274,324
106000432,1089,2602,-1513
106000433,707,598,109
106000434,1856,626,1230
106000435,2098,2534,-436
106000436,20,448,-428
106000437,125,18,107
106000438,412,77,335
106000439,78,517,-439
106000440,246,555,-309
106000441,1,0,1
106000442,53,2,51
106000443,42,776,-734
106000450,4,205,-201
106000451,19,5,14
106000454,1,61,-60
106000455,29,160,-131
106000456,67,30,37
106000457,6,1322,-1316
106000458,138,165,-27
106000459,18,561,-543
106000460,264,23,241
106000461,16,2619,-2603
106000462,0,10,-10
106000463,3,21,-18
106000464,5,735,-730
106000465,119,0,119
106000466,2,832,-830
106000467,490,569,-79
106000468,23,245,-222
106000469,223,3,220
106000470,211,1156,-945
106000471,15,688,-673
106000472,59,6,53
106000473,14,35,-21
106000474,158,853,-695
106000475,118,132,-14
106000476,162,141,21
106000477,6,70,-64
106000480,0,30,-30
106900001,0,7,-7
106900002,3,654,-651
106900003,208,713,-505
106900004,0,51,-51
106900006,0,23,-23
106900007,0,9,-9
106900008,76,296,-220
106900009,74,478,-404
106900010,76,339,-263
106900012,1795,1252,543
106900013,370,24,346
106900014,8,1,7
106900015,3,0,3
106900016,42,0,42
106900017,1,0,1
106900018,0,0,0
106900019,14,0,14
106900020,2731,421,2310
106900021,2,17,-15
106900022,136,1,135
106900023,3,307,-304
106900024,357,4,353
106900025,67,606,-539
106900026,6,950,-944
106900027,145,4,141
107000001,1463,1396,67
107000002,2582,4340,-1758
107000003,3609,4517,-908
107000004,5899,7669,-1770
107000005,1557,2929,-1372
107000006,3310,8406,-5096
107000007,5054,4673,381
107000008,23739,14326,9413
107000009,4319,4343,-24
107000010,12556,15022,-2466
107000011,1003,1719,-716
107000012,4347,4407,-60
107000013,47,282,-235
107000014,18,393,-375
107000015,290,1157,-867
107000016,261,1690,-1429
107000017,6368,1041,5327
107000018,18,405,-387
107000020,4558,512,4046
107000021,1479,1420,59
107000022,1728,2502,-774
107000023,1844,510,1334
107000024,593,3044,-2451
107000025,100,425,-325
107000026,149,945,-796
107000027,979,916,63
107000028,1207,1989,-782
107000029,1238,1635,-397
107000030,3557,3961,-404
107000031,1710,1707,3
107000032,221,816,-595
107000033,5413,6741,-1328
107000034,7019,2536,4483
107000035,346,205,141
107000036,390,898,-508
107000037,41,704,-663
107000038,277,289,-12
107000039,424,569,-145
107000040,96,415,-319
107000041,1252,571,681
107000042,656,1727,-1071
107000043,3202,773,2429
107000044,641,532,109
107000045,142,305,-163
107000046,328,306,22
107000047,273,894,-621
107000048,350,379,-29
107000049,328,766,-438
107000050,527,455,72
107000051,490,326,164
107000052,850,681,169
107000053,221,136,85
107000054,74,252,-178
107000055,109,77,32
107000056,463,892,-429
107000057,1582,227,1355
107000058,1348,1520,-172
107000059,1810,3037,-1227
107000060,2818,4802,-1984
107000061,5231,4455,776
107000062,1629,2765,-1136
107000063,2875,6431,-3556
107000064,2172,1903,269
107000065,3232,6938,-3706
107000066,1796,2302,-506
107000067,781,937,-156
107000068,1572,594,978
107000069,334,369,-35
107000070,224,10,214
107000071,700,15,685
107000072,34,4135,-4101
107000073,143,107,36
107000074,106,1020,-914
107000075,564,118,446
107000076,748,2393,-1645
107000077,1405,346,1059
107000078,1289,3979,-2690
107000079,1066,314,752
107000080,999,3926,-2927
107000081,570,328,242
107000082,439,3438,-2999
107000083,617,230,387
107000084,417,3363,-2946
107000085,2633,3188,-555
107000086,3756,2835,921
107000087,1868,2213,-345
107000088,2342,3332,-990
107000089,1023,1936,-913
107000090,915,1208,-293
107000091,644,1167,-523
107000092,400,1347,-947
107000093,513,931,-418
107000094,660,1689,-1029
107000095,424,634,-210
107000096,482,965,-483
107000097,316,309,7
107000098,308,884,-576
107000099,331,242,89
107000100,239,454,-215
107000101,31,112,-81
107000102,364,419,-55
107000103,223,124,99
107000104,208,335,-127
107000105,139,110,29
107000106,123,407,-284
107000107,233,172,61
107000108,82,1148,-1066
107000109,233,87,146
107000110,43,594,-551
107000111,84,18,66
107000112,21,431,-410
107000113,233,72,161
107000114,49,792,-743
107000115,111,44,67
107000116,74,1188,-1114
107000117,44,151,-107
107000118,90,265,-175
107000119,1947,748,1199
107000120,2847,423,2424
107000121,247,575,-328
107000122,626,862,-236
107000123,135,943,-808
107000124,270,905,-635
107000125,318,1028,-710
107000126,427,1555,-1128
107000129,83,1054,-971
107000130,123,174,-51
107000131,294,696,-402
107000132,273,317,-44
107000133,515,122,393
107000134,82,2,80
107000135,1,228,-227
107000136,279,5,274
107000137,12,393,-381
107000138,233,15,218
107000139,15,379,-364
107000140,534,28,506
107000141,86,942,-856
107000142,194,29,165
107000143,39,1080,-1041
107000144,317,165,152
107000145,98,628,-530
107000146,128,183,-55
107000147,3043,713,2330
107000150,1084,2220,-1136
107000151,30,33,-3
107000152,611,326,285
107000153,346,306,40
107000154,157,40,117
107000155,806,33,773
107000156,841,52,789
107000157,30,3594,-3564
107000158,261,22,239
107000159,15,1946,-1931
107000160,326,104,222
107000161,76,2607,-2531
107000162,126,378,-252
107000163,16,1,15
107000164,63,0,63
107000165,235,2,233
107000166,34,1626,-1592
107000167,208,239,-31
107000168,429,269,160
107000169,975,1438,-463
107000170,643,433,210
107000171,536,3811,-3275
107000172,567,582,-15
107000173,994,1592,-598
107000174,1080,2346,-1266
107000175,14109,1914,12195
107000176,1,0,1
107000177,0,0,0
107000178,4,51,-47
107000179,183,3847,-3664
107000180,513,363,150
107000181,138,1455,-1317
107000182,524,730,-206
107000183,67,1262,-1195
107000184,275,749,-474
107000185,122,1613,-1491
107000186,305,362,-57
107000187,1022,1263,-241
107000188,437,356,81
107000189,237,962,-725
107000190,332,676,-344
107000191,331,979,-648
107000192,854,1036,-182
107000193,316,347,-31
107000194,777,839,-62
107000197,304,271,33
107000198,124,890,-766
107000199,653,999,-346
107000200,1123,555,568
107000201,343,320,23
107000202,172,591,-419
107000203,791,709,82
107000204,886,768,118
107000205,3426,1769,1657
107000206,1018,1069,-51
107000207,733,1069,-336
107000208,1622,241,1381
107000209,2332,383,1949
107000210,1751,211,1540
107000211,9,25,-16
107000212,5,231,-226
107000213,12,30,-18
107000214,14,147,-133
107000215,253,677,-424
107000216,113,603,-490
107000217,60,187,-127
107000219,34,148,-114
107000220,75,475,-400
107000222,405,962,-557
107000224,304,31,273
107000225,129,1064,-935
107000226,141,52,89
107000227,86,796,-710
107000228,75,90,-15
107000229,249,164,85
107000230,1016,560,456
107000231,644,339,305
107000232,51,68,-17
107000233,395,194,201
107000234,0,19,-19
107000235,35,3,32
107000236,21,885,-864
107000237,0,0,0
107000238,2,2,0
107000239,7802,382,7420
107000240,54,1592,-1538
107000241,92,18,74
107000242,648,79,569
107000243,0,39,-39
107000244,2,93,-91
107000246,2,1438,-1436
107000249,0,1125,-1125
107000251,2,411,-409
107000252,6,1729,-1723
107000255,734,50,684
107000257,1,853,-852
107000258,0,165,-165
107000259,2,313,-311
107000260,161,14,147
107000262,9,1093,-1084
107000263,52,5,47
107000266,4,1,3
107000267,50,225,-175
107000268,121,252,-131
107000269,109,33,76
107000270,1,7,-6
107000271,5,1221,-1216
107000272,5,288,-283
107000273,5,367,-362
107000274,2406,432,1974
107000275,92,1121,-1029
107000280,196,23,173
107000281,26,1490,-1464
107000282,25,2075,-2050
107000290,3,60,-57
107000291,20,26,-6
107000292,2,41,-39
107000293,144,12,132
107000294,0,27,-27
107000295,75,8,67
107000296,0,10,-10
107000444,195,14,181
107000496,1,30,-29
107000497,1191,4196,-3005
107000500,206,489,-283
107000501,40,200,-160
107000502,110,517,-407
107000505,691,862,-171
107000506,0,14,-14
107000508,2,920,-918
107000509,197,494,-297
107000510,41,13,28
107000514,53,311,-258
107000515,5,431,-426
107000516,108,149,-41
107000518,304,233,71
107000519,4165,1518,2647
107000520,36,11,25
107000521,199,598,-399
107000522,245,808,-563
107900001,16,283,-267
107900002,13,5,8
107900003,145,4,141
107900004,12,1,11
107900005,243,1,242
107900006,20,0,20
107900007,71,9,62
107900008,18,54,-36
107900009,78,4,74
107900010,9,0,9
107900012,129,10,119
107900013,168,52,116
107900014,7,2,5
107900015,232,2,230
107900016,564,154,410
107900017,13,5,8
107900018,18,24,-6
107900019,3,100,-97
107900020,91,22,69
107900021,10,193,-183
107900023,0,0,0
107900024,0,32,-32
107900025,224,461,-237
107900026,11,149,-138
107900027,21,181,-160
107900028,5,120,-115
107900030,108,12,96
107900031,24,241,-217
107900032,1,0,1
107900033,5,5,0
107900034,149,8,141
107900035,329,6,323
107900036,9,1,8
107900037,2,55,-53
107900038,125,78,47
107900039,4,83,-79
107900040,144,57,87
107900041,2,0,2
107900043,41,118,-77
107900044,6,3,3
107900045,26,11,15
107900046,51,20,31
107900047,9,141,-132
107900048,33,2,31
107900049,295,1138,-843
107900050,78,324,-246
107900051,54,113,-59
107900052,10,4,6
107900053,5,83,-78
107900055,201,135,66
107900056,68,8,60
107900057,0,0,0
107900058,17,886,-869
107900060,6,33,-27
107900061,4,4,0
107900063,37,129,-92
107900064,249,18,231
107900065,61,12,49
107900066,5,3,2
107900067,0,0,0
107900068,95,267,-172
107900069,23,344,-321
107900070,15,12,3
107900071,9,1181,-1172
107900072,10,241,-231
107900073,46,155,-109
107900074,907,84,823
107900076,31,48,-17
107900077,25,1,24
107900078,187,19,168
107900079,4,12,-8
107900080,100,224,-124
107900081,1,113,-112
107900082,20,10,10
107900083,134,85,49
107900084,80,89,-9
107900086,26,62,-36
107900087,204,30,174
107900088,0,4,-4
107900089,459,1322,-863
107900090,467,468,-1
107900091,84,543,-459
107900092,2166,484,1682
107900093,53,61,-8
107900095,3198,897,2301
107900097,13,28,-15
107900098,24,90,-66
107900100,1002,387,615
107900101,1117,95,1022
107900102,6,3,3
107900103,43,271,-228
107900104,97,7,90
107900105,1,644,-643
107900106,5,1872,-1867
107900107,1838,107,1731
107900108,327,41,286
107900109,268,1,267
107900110,4,116,-112
107900111,14,1831,-1817
107900112,55,170,-115
107900113,32,148,-116
107900114,61,239,-178
107900115,0,44,-44
107900116,25,264,-239
107900117,159,412,-253
107900118,69,155,-86
107900119,28,193,-165
107900120,26,0,26
107900121,2,179,-177
107900122,3,86,-83
107900123,2,31,-29
107900124,8,182,-174
107900125,28,172,-144
107900126,5,23,-18
107900127,807,81,726
107900128,77,43,34
107900129,2,53,-51
107900130,12,35,-23
107900131,123,21,102
107900132,89,484,-395
107900133,3,79,-76
107900134,9,27,-18
107900135,5,193,-188
107900136,55,24,31
107900137,118,88,30
107900138,16,27,-11
107900139,11,48,-37
107900140,92,73,19
107900141,46,9,37
107900142,108,1168,-1060
107900143,59,40,19
107900144,0,167,-167
107900145,19,119,-100
107900146,37,108,-71
107900147,8,17,-9
107900148,133,142,-9
107900149,2774,110,2664
107900150,44,804,-760
107900151,0,112,-112
107900152,8,449,-441
107900153,89,141,-52
107900154,8,4,4
107900155,9,33,-24
107900156,6,405,-399
107900157,41,62,-21
107900158,187,5,182
107900159,43,1524,-1481
107900160,12,205,-193
107900161,4,247,-243
107900162,1,244,-243
107900163,187,69,118
107900164,1,19,-18
107900165,6,28,-22
107900166,9,271,-262
107900167,23,6,17
107900168,10,65,-55
107900169,1,246,-245
107900171,12,2165,-2153
107900172,0,402,-402
107900173,6,199,-193
107900174,25,7,18
107900175,9,5,4
107900176,6,68,-62
107900177,3,329,-326
107900178,1,347,-346
107900179,3,180,-177
107900180,1249,106,1143
107900181,326,557,-231
107900182,5,1888,-1883
107900183,5,469,-464
107900184,66,313,-247
107900185,10,4,6
107900186,9,44,-35
107900187,0,192,-192
107900188,987,69,918
107900189,9,194,-185
107900190,176,30,146
107900191,13,163,-150
107900193,4,20,-16
107900194,52,0,52
107900195,5217,477,4740
107900196,34,81,-47
107900197,408,78,330
107900199,3,1327,-1324
107900201,34,124,-90
107900203,15,78,-63
107900204,203,187,16
107900205,143,474,-331
107900206,298,153,145
107900207,0,795,-795
107900208,11,1087,-1076
107900209,401,115,286
107900210,58,100,-42
107900213,218,381,-163
107900214,8,195,-187
107900215,132,346,-214
107900216,33,43,-10
107900217,22,30,-8
107900218,5,2049,-2044
107900219,8,175,-167
107900220,116,64,52
107900221,180,219,-39
107900223,43,682,-639
107900224,121,388,-267
107900225,8,922,-914
107900226,16,117,-101
107900227,51,614,-563
107900228,6,114,-108
107900229,4,340,-336
107900230,2,164,-162
107900231,5,201,-196
107900232,12,292,-280
107900233,4,163,-159
107900234,30,196,-166
107900235,40,116,-76
107900236,50,117,-67
107900237,116,512,-396
107900238,8,93,-85
107900239,1357,414,943
107900240,7,179,-172
107900241,5,99,-94
107900242,2,401,-399
107900243,2,52,-50
107900244,130,1,129
107900245,94,30,64
107900246,32,7,25
107900248,55,692,-637
107900249,158,13,145
107900250,2,711,-709
107900251,24,1428,-1404
107900252,211,12,199
107900253,28,1,27
107900254,40,348,-308
107900255,576,89,487
107900256,1522,896,626
107900257,72,80,-8
107900258,48,256,-208
107900259,105,470,-365
107900261,1,582,-581
107900262,35,129,-94
107900264,38,2,36
107900265,64,274,-210
107900267,32,12,20
107900268,67,5,62
107900269,0,10,-10
107900270,0,0,0
107900271,5,4,1
107900272,169,7,162
107900273,13,76,-63
107900274,10,0,10
107900275,6,1,5
107900276,1,36,-35
107900277,0,268,-268
107900278,68,361,-293
107900279,161,44,117
107900280,2688,1213,1475
107900281,4074,760,3314
107900282,38,148,-110
107900283,1699,293,1406
107900284,64,1036,-972
107900285,12,169,-157
107900286,120,70,50
107900287,60,107,-47
107900290,1,65,-64
107900291,114,2,112
107900292,86,279,-193
107900293,21,518,-497
107900295,8,135,-127
107900297,0,325,-325
107900298,613,911,-298
107900299,4200,1017,3183
107900300,14,118,-104
107900301,561,156,405
107900302,66,20,46
107900303,33,288,-255
107900304,64,533,-469
107900305,114,7,107
107900306,17,6,11
107900307,25,319,-294
107900308,196,19,177
107900309,1,0,1
107900310,0,0,0
107900311,73,42,31
107900312,0,0,0
107900313,0,117,-117
107900314,0,43,-43
107900315,1,66,-65
107900316,9,0,9
107900317,14,0,14
107900318,5,175,-170
107900319,3,291,-288
107900320,2,199,-197
107900321,29,1,28
107900322,3,215,-212
107900323,10,204,-194
107900324,73,0,73
107900325,18,0,18
107900326,79,492,-413
107900327,0,0,0
107900328,0,0,0
107900329,0,0,0
107900330,6,626,-620
107900331,41,18,23
107900332,55,18,37
107900333,23,12,11
107900334,3,273,-270
107900335,33,57,-24
107900336,10,14,-4
107900337,1547,370,1177
107900338,2,125,-123
107900339,6,21,-15
107900340,0,43,-43
107900341,2,0,2
107900342,62,130,-68
107900343,4,2,2
107900344,1,68,-67
107900345,47,26,21
107900346,9,1,8
107900347,4,0,4
107900348,2,1,1
107900349,5,2,3
107900350,39,386,-347
108000001,2144,2012,132
108000002,2586,3626,-1040
108000003,2251,1298,953
108000004,17788,16304,1484
108000005,3198,2054,1144
108000006,4411,6321,-1910
108000007,3200,2669,531
108000008,4315,6536,-2221
108000009,1662,2189,-527
108000010,2067,5778,-3711
108000011,8122,5735,2387
108000012,17880,17396,484
108000014,307,415,-108
108000015,259,309,-50
108000016,132,624,-492
108000017,397,316,81
108000018,686,438,248
108000019,1167,480,687
108000020,638,319,319
108000021,357,1761,-1404
108000022,441,1551,-1110
108000023,668,114,554
108000024,100,847,-747
108000025,90,163,-73
108000026,169,730,-561
108000027,205,516,-311
108000028,84,323,-239
108000029,155,685,-530
108000030,184,237,-53
108000031,75,702,-627
108000032,541,335,206
108000033,424,1455,-1031
108000034,728,328,400
108000035,692,2932,-2240
108000036,230,1628,-1398
108000037,718,241,477
108000038,1071,276,795
108000039,322,2797,-2475
108000040,693,364,329
108000041,588,3043,-2455
108000042,51,294,-243
108000043,126,341,-215
108000044,147,166,-19
108000045,111,935,-824
108000046,674,178,496
108000047,235,1310,-1075
108000048,69,603,-534
108000049,275,144,131
108000050,89,489,-400
108000051,94,45,49
108000052,294,752,-458
108000053,146,64,82
108000054,447,956,-509
108000055,524,228,296
108000056,827,1128,-301
108000057,468,503,-35
108000058,1472,1397,75
108000059,3370,1740,1630
108000060,61,253,-192
108000061,97,332,-235
108000062,250,307,-57
108000063,269,808,-539
108000064,79,336,-257
108000065,293,748,-455
108000066,1100,552,548
108000067,798,365,433
108000068,322,303,19
108000069,130,1196,-1066
108000070,688,427,261
108000071,389,2088,-1699
108000072,661,633,28
108000073,1137,2003,-866
108000074,178,209,-31
108000075,217,883,-666
108000076,368,297,71
108000077,544,950,-406
108000078,1084,928,156
108000079,1013,2395,-1382
108000080,455,439,16
108000081,446,3591,-3145
108000082,976,1722,-746
108000083,1251,526,725
108000084,234,1312,-1078
108000085,191,175,16
108000086,752,813,-61
108000087,153,926,-773
108000088,46,4,42
108000089,148,264,-116
108000090,129,105,24
108000091,61,638,-577
108000092,70,64,6
108000093,57,872,-815
108000094,199,94,105
108000095,71,589,-518
108000096,166,137,29
108000097,56,586,-530
108000098,472,1417,-945
108000099,75,115,-40
108000100,15,220,-205
108000101,830,788,42
108000102,889,1422,-533
108000106,361,1,360
108000107,3,711,-708
108000108,180,23,157
108000109,7,885,-878
108000110,74,251,-177
108000111,82,655,-573
108000112,52,87,-35
108000113,491,356,135
108000115,419,359,60
108000117,837,255,582
108000118,115,96,19
108000119,780,417,363
108000120,67,378,-311
108000121,100,626,-526
108000122,193,257,-64
108000123,278,357,-79
108000124,188,611,-423
108000125,87,399,-312
108000126,59,801,-742
108000127,124,461,-337
108000128,149,1008,-859
108000129,122,1752,-1630
108000130,92,368,-276
108000131,325,103,222
108000132,1230,1356,-126
108000133,354,315,39
108000134,652,999,-347
108000135,357,258,99
108000136,825,1322,-497
108000137,127,475,-348
108000138,152,1154,-1002
108000139,48,457,-409
108000140,11,27,-16
108000141,12,147,-135
108000142,17,106,-89
108000143,17,19,-2
108000144,10,17,-7
108000145,15,30,-15
108000146,20,5,15
108000147,16,51,-35
108000148,7,3,4
108000149,12,37,-25
108000150,12,3,9
108000151,21,7,14
108000152,74,931,-857
108000153,94,82,12
108000154,28,10,18
108000155,7,2,5
108000156,310,91,219
108000157,78,223,-145
108000158,50,301,-251
108000159,516,99,417
108000160,5693,482,5211
108000161,5484,906,4578
108000165,3,91,-88
108000172,1,114,-113
108000173,3116,928,2188
108000175,78,64,14
108000178,395,448,-53
108000179,168,486,-318
108000181,28,29,-1
108000182,104,11,93
108000183,11,24,-13
108000184,1215,918,297
108000185,51,892,-841
108000186,83,44,39
108000187,31,1064,-1033
108000188,173,250,-77
108000189,402,456,-54
108000190,31,97,-66
108000192,54,748,-694
108000193,686,51,635
108000194,13,0,13
108000195,3,1223,-1220
108000196,134,105,29
108000198,235,407,-172
108000199,1,81,-80
108000200,152,805,-653
108000202,1,175,-174
108000203,40,1359,-1319
108000204,51,37,14
108000205,548,632,-84
108000339,1811,222,1589
108000364,180,113,67
108000365,27,441,-414
108000367,113,358,-245
108000368,5,35,-30
108000369,2086,122,1964
108000371,0,610,-610
108000372,125,0,125
108000373,63,177,-114
108000376,65,11,54
108000377,176,346,-170
108000378,8048,5705,2343
108000379,24,162,-138
108000381,18,8,10
108000382,66,1,65
108000383,1,84,-83
108900001,173,1251,-1078
108900002,209,38,171
108900003,374,1073,-699
108900004,33,98,-65
108900005,15,81,-66
108900006,250,127,123
108900007,74,141,-67
108900008,20,123,-103
108900009,7,106,-99
108900010,39,145,-106
108900011,124,307,-183
108900012,119,510,-391
108900013,41,256,-215
108900014,0,72,-72
108900015,0,15,-15
108900016,4,182,-178
108900017,107,168,-61
108900018,29,613,-584
108900019,9,1438,-1429
108900020,18,389,-371
108900021,63,353,-290
108900022,75,50,25
108900023,0,53,-53
108900024,6,190,-184
108900025,22,152,-130
108900026,8,88,-80
108900027,0,193,-193
108900028,14,560,-546
108900029,11,314,-303
108900030,0,164,-164
108900031,19,704,-685
108900032,3,314,-311
108900033,0,78,-78
108900034,1,289,-288
108900035,165,2291,-2126
108900036,148,420,-272
108900037,17,528,-511
108900038,3,508,-505
108900039,1,661,-660
108900040,4,121,-117
108900041,5938,1327,4611
108900042,3,227,-224
108900043,35,510,-475
108900044,6,935,-929
108900045,13,777,-764
108900046,65,1214,-1149
108900047,0,62,-62
108900048,36,1135,-1099
108900049,6297,654,5643
108900050,1,396,-395
108900051,0,236,-236
108900052,9,331,-322
108900053,97,103,-6
108900054,25,230,-205
108900055,63,549,-486
108900056,0,184,-184
108900057,0,226,-226
108900058,8,666,-658
108900059,145,5,140
108900060,27,52,-25
108900061,26,19,7
108900062,1,471,-470
108900063,4,537,-533
108900064,32,65,-33
108900065,5,307,-302
108900066,119,116,3
108900067,10,321,-311
108900068,2,259,-257
108900069,12,171,-159
108900070,18,177,-159
108900071,17,45,-28
108900072,2735,162,2573
108900073,5,443,-438
108900074,32,607,-575
108900075,53,80,-27
108900076,86,66,20
108900077,92,633,-541
108900078,4,237,-233
108900079,748,257,491
108900080,11,277,-266
108900081,46,275,-229
108900082,13,100,-87
108900083,6,120,-114
108900084,361,114,247
108900085,2559,101,2458
108900086,25,415,-390
108900087,115,203,-88
108900088,332,204,128
108900089,6,46,-40
108900090,8,514,-506
108900091,157,115,42
108900092,117,210,-93
108900093,41,32,9
108900094,100,54,46
108900095,62,787,-725
108900096,494,28,466
108900097,153,209,-56
108900098,3597,214,3383
108900099,189,392,-203
108900100,17,131,-114
108900101,58,23,35
108900102,138,270,-132
108900103,23,40,-17
108900104,255,295,-40
108900105,5,334,-329
108900106,115,646,-531
108900108,109,21,88
108900109,50,36,14
108900110,34,571,-537
108900111,114,783,-669
108900112,66,10,56
108900113,9,11,-2
108900114,12,18,-6
108900115,28,23,5
108900116,21,11,10
108900117,44,13,31
108900118,101,2,99
108900119,24,20,4
108900120,51,106,-55
108900121,109,19,90
108900122,29,23,6
108900123,62,21,41
108900124,154,53,101
108900125,69,0,69
108900126,25,4,21
108900127,42,22,20
108900128,18,4,14
108900129,246,37,209
108900130,35,1,34
108900131,103,2,101
108900132,127,33,94
108900133,86,15,71
108900134,76,208,-132
108900135,29,1,28
108900136,2,0,2
108900137,36,0,36
108900138,134,7,127
108900139,91,49,42
108900140,52,291,-239
108900141,80,25,55
108900142,17,1,16
108900143,4,0,4
108900144,14,0,14
108900145,21,2,19
108900146,10,0,10
108900147,50,0,50
108900148,34,20,14
108900149,345,401,-56
108900150,121,2,119
108900151,11,0,11
108900152,12,13,-1
108900153,30,626,-596
108900154,1844,212,1632
108900155,119,104,15
108900156,13,6,7
108900157,19,775,-756
108900158,74,37,37
108900159,6,425,-419
108900160,6,221,-215
108900161,12,567,-555
108900162,16,0,16
108900163,5,95,-90
108900164,12,77,-65
108900165,151,71,80
108900167,1708,1235,473
108900168,12353,1359,10994
108900169,22,113,-91
108900171,9737,984,8753
108900172,88,18,70
108900173,211,310,-99
108900174,169,325,-156
108900176,58,913,-855
108900177,10949,1827,9122
108900178,5964,835,5129
108900179,297,444,-147
108900180,27,62,-35
108900182,6,88,-82
108900183,159,234,-75
108900184,156,126,30
108900185,21,263,-242
108900186,48,326,-278
108900187,53,33,20
108900188,113,40,73
108900189,132,113,19
108900190,18,3463,-3445
108900191,116,7,109
108900192,45,312,-267
108900193,126,33,93
108900194,4,372,-368
108900195,17,392,-375
108900196,5,659,-654
108900198,3,652,-649
108900199,75,278,-203
108900200,134,275,-141
108900201,196,1010,-814
108900203,130,7,123
108900204,109,4,105
108900205,100,8,92
108900206,67,16,51
108900207,44,9,35
108900208,26,404,-378
108900209,181,645,-464
108900210,118,191,-73
108900211,126,113,13
108900212,600,502,98
108900215,65,776,-711
108900216,274,145,129
108900217,22,0,22
108900218,33,0,33
108900219,8,1,7
108900220,12,2,10
108900221,22,37,-15
108900222,56,4,52
108900223,13,22,-9
108900224,14,60,-46
108900225,0,165,-165
108900226,74,1,73
108900227,35,63,-28
108900230,427,331,96
108900231,38,312,-274
108900232,6,492,-486
108900233,125,28,97
108900234,140,35,105
108900235,176,696,-520
108900236,26,422,-396
108900237,24,292,-268
108900240,32,76,-44
108900241,9,4,5
108900245,0,440,-440
108900249,42,11,31
108900250,81,97,-16
108900257,45,698,-653
108900258,15,288,-273
108900259,13,53,-40
108900260,9,105,-96
108900261,128,130,-2
108900262,289,90,199
108900263,31,437,-406
108900264,252,219,33
108900265,1648,194,1454
108900266,1323,113,1210
108900267,0,27,-27
108900268,10,4,6
108900269,19,3,16
108900270,17,1,16
108900271,9,2,7
108900272,56,0,56
108900273,905,273,632
108900274,3,45,-42
109000001,2520,769,1751
109000002,3723,1345,2378
109000003,1420,525,895
109000004,481,3173,-2692
109000005,1085,699,386
109000006,537,2458,-1921
109000007,606,551,55
109000008,304,2298,-1994
109000009,2277,695,1582
109000010,1243,4176,-2933
109000011,1321,1198,123
109000012,1394,4478,-3084
109000013,2061,1336,725
109000014,1472,4308,-2836
109000015,2277,2727,-450
109000016,11387,4654,6733
109000017,1281,817,464
109000018,542,3704,-3162
109000019,1422,710,712
109000020,1021,2520,-1499
109000023,148,9,139
109000024,3,147,-144
109000025,252,221,31
109000026,612,281,331
109000027,51,190,-139
109000028,60,101,-41
109000029,116,69,47
109000030,94,591,-497
109000031,57,61,-4
109000032,50,536,-486
109000033,148,65,83
109000034,37,26,11
109000035,10,43,-33
109000036,84,349,-265
109000037,136,450,-314
109000038,540,340,200
109000039,442,300,142
109000040,5654,2372,3282
109000041,6064,941,5123
109000042,896,942,-46
109000044,156,53,103
109000045,34,536,-502
109000046,83,85,-2
109000047,60,529,-469
109000048,568,92,476
109000049,155,549,-394
109000050,247,158,89
109000051,235,321,-86
109000052,350,2181,-1831
109000053,75,126,-51
109000054,168,904,-736
109000055,52,195,-143
109000056,127,792,-665
109000057,167,193,-26
109000058,842,291,551
109000059,424,1011,-587
109000060,359,153,206
109000061,1921,371,1550
109000062,133,204,-71
109000063,136,276,-140
109000064,70,174,-104
109000065,67,518,-451
109000066,125,168,-43
109000067,42,599,-557
109000068,117,0,117
109000069,499,6,493
109000070,4,740,-736
109000071,196,86,110
109000072,70,435,-365
109000073,34,73,-39
109000074,19,297,-278
109000075,78,488,-410
109000076,56,124,-68
109000077,268,311,-43
109000078,13,135,-122
109000079,89,340,-251
109000080,65,143,-78
109000081,29,694,-665
109000082,147,284,-137
109000083,109,1106,-997
109000088,73,493,-420
109000089,81,19,62
109000090,204,544,-340
109000091,152,52,100
109000092,366,763,-397
109000093,133,60,73
109000094,102,3,99
109000095,59,842,-783
109000096,191,92,99
109000097,55,110,-55
109000098,19,22,-3
109000099,298,319,-21
109000100,137,640,-503
109000101,522,868,-346
109000102,254,1124,-870
109000103,203,713,-510
109000104,650,509,141
109000105,244,1953,-1709
109000106,909,450,459
109000107,329,2306,-1977
109000108,702,390,312
109000109,319,2127,-1808
109000110,827,346,481
109000111,838,2819,-1981
109000112,239,201,38
109000113,113,228,-115
109000114,92,617,-525
109000115,771,27,744
109000116,1,237,-236
109000117,41,76,-35
109000118,8,393,-385
109000119,287,334,-47
109000120,75,1490,-1415
109000121,105,73,32
109000122,35,1323,-1288
109000123,9,84,-75
109000124,267,359,-92
109000125,427,334,93
109000126,259,1291,-1032
109000127,337,130,207
109000128,271,2975,-2704
109000129,917,284,633
109000130,582,3172,-2590
109000131,457,196,261
109000132,542,1923,-1381
109000133,297,981,-684
109000134,403,1709,-1306
109000135,745,1253,-508
109000136,174,492,-318
109000137,106,302,-196
109000138,215,595,-380
109000139,164,435,-271
109000140,51,627,-576
109000141,143,498,-355
109000142,106,689,-583
109000143,61,43,18
109000145,52,89,-37
109000146,45,107,-62
109000148,5144,951,4193
109000149,24,20,4
109000150,50,133,-83
109000155,193,497,-304
109000156,837,1111,-274
109000158,49,238,-189
109000159,32,681,-649
109000160,323,327,-4
109000161,214,1734,-1520
109000162,904,1086,-182
109000163,460,1989,-1529
109000164,668,2531,-1863
109000165,560,718,-158
109000166,256,105,151
109000167,62,993,-931
109000170,20,53,-33
109000171,43,53,-10
109000172,37,56,-19
109000173,16,46,-30
109000174,29,56,-27
109000175,26,152,-126
109000176,121,387,-266
109000177,26,173,-147
109000178,254,497,-243
109000179,9266,2134,7132
109000180,6189,3398,2791
109000181,3,49,-46
109000182,10,62,-52
109000183,11,67,-56
109000184,18,28,-10
109000185,5,108,-103
109000188,695,3170,-2475
109000189,2145,981,1164
109000190,315,544,-229
109000191,252,786,-534
109000192,104,313,-209
109000193,87,516,-429
109000194,65,216,-151
109000195,66,501,-435
109000196,133,109,24
109000197,93,644,-551
109000198,87,75,12
109000199,46,560,-514
109000206,67,36,31
109000207,34,56,-22
109000208,65,34,31
109000209,125,67,58
109000210,153,552,-399
109000211,140,393,-253
109000214,203,757,-554
109000215,62,66,-4
109000216,68,81,-13
109000217,172,98,74
109000218,211,101,110
109000221,144,1159,-1015
109000222,309,46,263
109000223,176,184,-8
109000224,32,411,-379
109000225,31,50,-19
109000226,27,293,-266
109000227,462,1729,-1267
109000228,3,340,-337
109000231,1,586,-585
109000232,99,507,-408
109000236,133,910,-777
109000241,742,1744,-1002
109000242,580,1290,-710
109000293,10,15,-5
109000361,56,244,-188
109000364,293,720,-427
109000396,11,1094,-1083
109000397,136,3,133
109000399,119,556,-437
109000400,28,365,-337
109000403,45,160,-115
109000406,105,3,102
109000407,127,333,-206
109000408,1,692,-691
109000410,436,168,268
109000411,40,28,12
109900001,50,0,50
109900002,181,8,173
109900003,30,0,30
109900004,523,259,264
109900005,9,7,2
109900006,131,274,-143
109900007,220,1024,-804
109900008,0,41,-41
109900009,50,1544,-1494
109900010,165,6,159
109900011,19,30,-11
109900012,186,130,56
109900013,161,80,81
109900014,65,23,42
109900015,185,37,148
109900016,42,58,-16
109900017,24,55,-31
109900018,126,148,-22
109900019,45,82,-37
109900020,4,16,-12
109900021,3,1,2
109900022,58,424,-366
109900023,5,0,5
109900024,2,0,2
109900025,5,80,-75
109900026,0,142,-142
109900027,8,5,3
109900028,2937,300,2637
109900029,2,664,-662
109900030,5,1,4
109900031,5,67,-62
109900032,7,281,-274
109900033,3,476,-473
109900034,8,0,8
109900035,8,17,-9
109900036,18,59,-41
109900037,11,555,-544
109900038,12,295,-283
109900039,1,0,1
109900040,23,797,-774
109900041,32,577,-545
109900042,21,658,-637
109900044,97,383,-286
109900045,10,27,-17
109900046,26,38,-12
109900047,260,356,-96
109900048,11,66,-55
109900049,2,25,-23
109900050,1,299,-298
109900051,0,74,-74
109900052,28,284,-256
109900053,6,567,-561
109900054,253,91,162
109900055,30,287,-257
109900056,13,73,-60
109900057,4,318,-314
109900058,1,163,-162
109900059,170,44,126
109900060,130,127,3
109900061,99,335,-236
109900062,0,274,-274
109900063,1,383,-382
109900064,93,173,-80
109900065,93,180,-87
109900066,142,1076,-934
109900067,1,475,-474
109900068,11,2,9
109900069,4,29,-25
109900070,67,358,-291
109900071,1,53,-52
109900072,6,161,-155
109900073,45,892,-847
109900074,7,90,-83
109900075,4,15,-11
109900076,9,324,-315
109900077,11,65,-54
109900078,87,302,-215
109900080,130,368,-238
109900081,5,54,-49
109900082,21,607,-586
109900083,14,40,-26
109900084,14,146,-132
109900085,114,1378,-1264
109900086,51,143,-92
109900087,95,347,-252
109900089,156,72,84
109900090,338,1041,-703
109900091,74,52,22
109900092,519,17,502
109900093,216,89,127
109900094,25,71,-46
109900095,114,179,-65
109900096,4,0,4
109900097,12,0,12
109900098,111,15,96
109900099,20,0,20
109900100,10,0,10
109900101,99,2,97
109900102,235,14,221
109900103,4,18,-14
109900104,119,1321,-1202
109900105,192,14,178
109900106,263,65,198
109900107,242,112,130
109900108,42,1567,-1525
109900109,16,349,-333
109900110,10,603,-593
109900111,172,1276,-1104
109900112,277,1156,-879
109900113,218,192,26
109900114,775,120,655
109900115,60,87,-27
109900117,339,88,251
109900118,165,464,-299
109900119,479,325,154
109900120,15,4,11
109900121,196,51,145
109900122,139,2,137
109900123,3,202,-199
109900124,33,956,-923
109900125,2,254,-252
109900126,40,209,-169
109900128,46,39,7
109900130,13226,903,12323
109900131,55,154,-99
109900132,29,208,-179
109900133,29,543,-514
109900134,32,39,-7
109900135,403,53,350
109900136,39,184,-145
109900137,34,489,-455
109900140,95,439,-344
109900142,277,227,50
109900145,10,59,-49
109900146,208,26,182
109900148,25,54,-29
109900149,32,38,-6
109900150,5,72,-67
109900151,3,62,-59
109900152,0,25,-25
109900153,0,24,-24
109900154,1,0,1
109900155,9,3,6
109900157,22,240,-218
109900158,46,110,-64
109900159,42,7,35
109900160,27,38,-11
109900161,93,47,46
109900162,53,35,18
109900163,823,287,536
109900164,21,207,-186
109900165,167,8,159
109900166,3,243,-240
109900167,85,802,-717
109900168,62,715,-653
109900169,58,148,-90
109900170,194,316,-122
109900171,27,56,-29
109900172,44,138,-94
109900173,5333,733,4600
109900174,18,194,-176
109900175,16,85,-69
109900176,38,282,-244
109900177,18,404,-386
109900178,1,124,-123
109900179,6,40,-34
109900180,3,0,3
110000001,496,442,54
110000002,335,468,-133
110000003,924,622,302
110000004,449,599,-150
110000005,730,1271,-541
110000006,609,307,302
110000007,54,230,-176
110000008,24,68,-44
110000009,14,39,-25
110000010,11,91,-80
110000011,11,87,-76
110000012,633,482,151
110000013,31,349,-318
110000014,657,347,310
110000015,462,587,-125
110000016,296,940,-644
110000017,5059,278,4781
110000018,3933,536,3397
110000019,23,295,-272
110000020,576,323,253
110000021,561,486,75
110000022,828,233,595
110000023,8,273,-265
110000024,611,427,184
110000025,74,4,70
110000026,8,841,-833
110000027,357,306,51
110000028,627,955,-328
110000029,290,912,-622
110000030,140,434,-294
110000031,103,659,-556
110000032,452,578,-126
110000033,97,124,-27
110000034,191,1515,-1324
110000035,335,1322,-987
110000036,411,1468,-1057
110000037,95,1236,-1141
110000038,183,946,-763
110000039,446,1411,-965
110000040,290,662,-372
110000041,96,501,-405
110000042,77,514,-437
110000043,339,82,257
110000044,71,96,-25
110000045,624,54,570
110000046,7,8,-1
110000047,1,4,-3
110000048,5,13,-8
110000049,3,1,2
110000050,11,17,-6
110000051,1,4,-3
110000052,27,41,-14
110000053,19,1,18
110000054,225,363,-138
110000055,368,19,349
110000056,65,42,23
110000057,252,860,-608
110000058,482,748,-266
110000059,483,574,-91
110000060,390,958,-568
110000061,939,965,-26
110000062,606,801,-195
110000063,23,92,-69
110000064,75,140,-65
110000065,30,147,-117
110000066,15,86,-71
110000067,69,341,-272
110000068,52,529,-477
110000069,72,186,-114
110000071,29,265,-236
110000073,0,41,-41
110000075,7,142,-135
110000076,239,195,44
110000077,428,672,-244
110000078,6,110,-104
110000080,190,768,-578
110000081,17,326,-309
110000082,16,247,-231
110000083,186,717,-531
110000084,468,399,69
110000085,4034,1617,2417
110000086,1751,660,1091
110000087,5,42,-37
110000088,34,267,-233
110000089,126,162,-36
110000090,50,324,-274
110000091,1970,413,1557
110000092,38,106,-68
110000093,25,5,20
110000094,344,304,40
110000095,86,406,-320
110000096,4369,2024,2345
110000097,803,656,147
110000098,1336,397,939
110000099,978,1690,-712
110000100,130,1015,-885
110000101,13,832,-819
110000102,25,36,-11
110000104,71,46,25
110000105,53,330,-277
110000106,184,135,49
110000107,405,593,-188
110000108,98,22,76
110000109,297,321,-24
110000110,6259,2940,3319
110000111,10334,1600,8734
110000112,1460,360,1100
110000113,1101,706,395
110000114,84,338,-254
110000115,134,314,-180
110000116,24,41,-17
110000117,68,811,-743
110000118,171,314,-143
110000119,114,498,-384
110000120,203,187,16
110000121,82,306,-224
110000122,220,637,-417
110000123,159,448,-289
110000124,7,1172,-1165
110000125,475,3,472
110000126,115,18,97
110000127,279,24,255
110000128,19,2128,-2109
110000129,2,653,-651
110000130,57,66,-9
110000131,70,440,-370
110000132,2,854,-852
110000133,43,296,-253
110000134,32,298,-266
110000135,198,43,155
110000136,25,341,-316
110000137,283,727,-444
110000138,300,1122,-822
110000139,501,1855,-1354
110000140,512,242,270
110000143,864,330,534
110000144,4438,940,3498
110000145,1304,750,554
110000146,2913,1117,1796
110000147,149,573,-424
110000148,264,464,-200
110000151,882,741,141
110000152,748,210,538
110000153,23,51,-28
110000154,64,9,55
110000155,2179,1660,519
110000156,725,1023,-298
110000157,1991,1411,580
110000160,241,436,-195
110000161,136,648,-512
110000166,173,140,33
110000167,529,435,94
110000168,571,187,384
110000169,156,284,-128
110000170,75,138,-63
110000171,386,327,59
110000172,87,1065,-978
110000173,1289,1700,-411
110000174,68,1607,-1539
110000175,342,161,181
110000176,71,335,-264
110000177,94,829,-735
110000178,627,785,-158
110000179,1437,267,1170
110000180,79,404,-325
110000181,171,453,-282
110000182,287,315,-28
110000183,14399,4371,10028
110000184,734,1628,-894
110000185,1832,709,1123
110000186,755,606,149
110000191,212,417,-205
110000192,202,2,200
110000193,162,0,162
110000194,9,1589,-1580
110000195,81,549,-468
110000196,113,677,-564
110000197,26,280,-254
110000198,46,109,-63
110000199,48,132,-84
110000200,1767,736,1031
110000201,819,423,396
110000202,704,339,365
110000203,652,885,-233
110000204,5,380,-375
110000205,32,86,-54
110000206,559,1907,-1348
110000207,312,230,82
110000208,191,100,91
110000209,97,781,-684
110000210,293,656,-363
110000211,786,682,104
110000212,189,904,-715
110000213,21,98,-77
110000214,51,151,-100
110000215,40,742,-702
110000216,24,746,-722
110000217,86,246,-160
110000218,54,654,-600
110000219,112,94,18
110000220,23,568,-545
110000221,129,142,-13
110000222,22,367,-345
110000223,6,54,-48
110000224,66,7,59
110000225,133,597,-464
110000226,93,25,68
110000227,413,386,27
110000228,167,220,-53
110000229,0,303,-303
110000230,614,571,43
110000231,78,186,-108
110000232,54,217,-163
110000233,71,258,-187
110000234,815,509,306
110000235,977,1042,-65
110000236,217,1120,-903
110000237,1722,1111,611
110000238,708,1424,-716
110000239,768,1388,-620
110000240,1,108,-107
110000242,0,10,-10
110000243,51,225,-174
110000244,114,285,-171
110000245,35,394,-359
110000246,437,888,-451
110000247,3808,4075,-267
110000248,4500,1473,3027
110000249,88,5,83
110000250,12,275,-263
110000251,90,532,-442
110000252,210,345,-135
110000253,1002,381,621
110000254,1314,1539,-225
110000255,273,1288,-1015
110000256,432,169,263
110000257,862,408,454
110000258,2,619,-617
110000259,47,32,15
110000260,10,559,-549
110000263,1081,84,997
110000264,135,674,-539
110000265,920,1598,-678
110000266,2331,2523,-192
110000267,8,213,-205
110000268,242,626,-384
110000269,1,103,-102
110000270,23,1,22
110000271,2393,288,2105
110000272,575,854,-279
110000273,2781,1263,1518
110000274,266,1202,-936
110000275,3597,511,3086
110000276,110,336,-226
110000277,132,389,-257
110000278,211,950,-739
110000279,525,652,-127
110000280,156,480,-324
110000281,12,198,-186
110000282,200,52,148
110000283,29,84,-55
110000284,18,22,-4
110000285,6,198,-192
110000286,12,0,12
110000287,41,3,38
110000288,8,98,-90
110000289,357,1118,-761
110000290,1487,751,736
110000291,7111,1357,5754
110000292,1175,5763,-4588
110000293,324,1091,-767
110000294,401,1054,-653
110000295,125,1030,-905
110000296,181,380,-199
110000297,4369,268,4101
110000298,763,567,196
110000299,1535,27,1508
110000301,336,3,333
110000302,157,1561,-1404
110000303,226,2,224
110000304,111,314,-203
110000305,379,9,370
110000306,93,2667,-2574
110000307,477,2,475
110000308,200,4,196
110000309,10,1763,-1753
110000310,367,81,286
110000311,12,1097,-1085
110000312,1084,31,1053
110000313,6460,1692,4768
110000314,4,274,-270
110000315,3222,1613,1609
110000316,538,1178,-640
110000317,556,351,205
110000318,1,112,-111
110000319,13,37,-24
110000320,27,64,-37
110000321,15,83,-68
110000322,97,634,-537
110000323,338,349,-11
110000324,5828,1178,4650
110000325,2197,2852,-655
110000327,638,245,393
110000328,145,610,-465
110000333,727,645,82
110000334,674,1483,-809
110000335,1256,718,538
110000336,335,1456,-1121
110000337,688,552,136
110000338,95,258,-163
110000339,65,265,-200
110000340,49,189,-140
110000341,191,675,-484
110000342,469,4,465
110000343,0,20,-20
110000344,28,159,-131
110000345,61,96,-35
110000346,2561,1566,995
110000347,1083,1161,-78
110000348,0,3,-3
110000349,1,8,-7
110000350,54,3,51
110000351,414,1004,-590
110000352,266,1789,-1523
110000353,3386,1114,2272
110000354,452,2324,-1872
110000355,31,120,-89
110000356,353,1,352
110000357,190,19,171
110000361,10,112,-102
110000362,49,199,-150
110000363,86,134,-48
110000364,59,403,-344
110000365,153,2,151
110000366,0,106,-106
110000367,201,291,-90
110000368,1,82,-81
110000369,19,0,19
110000373,3,352,-349
110000374,36,7,29
110000375,133,897,-764
110000376,28,134,-106
110000377,34,214,-180
110000378,20,292,-272
110000379,4241,1128,3113
110000380,69,12,57
110000383,1,496,-495
110000384,1531,297,1234
110000385,1,197,-196
110000387,54,11,43
110000388,23,291,-268
110000389,238,3,235
110000391,267,540,-273
110000396,31,176,-145
110000397,28,302,-274
110000398,8,46,-38
110000399,110,12,98
110000587,34,66,-32
110000589,140,314,-174
110000640,121,201,-80
110000652,4,156,-152
110000653,62,451,-389
110000654,3,17,-14
110000656,2,716,-714
110000674,4,8,-4
110000675,40,19,21
110000676,6,40,-34
110000679,701,304,397
110000682,105,93,12
110000683,491,783,-292
110000684,4,63,-59
110000685,12,9,3
110000686,0,18,-18
110000687,6,1,5
110000688,35,314,-279
110000689,2,30,-28
110000692,110,302,-192
110000693,115,381,-266
110000694,2,103,-101
110000695,143,989,-846
110000696,112,142,-30
110900001,40,15,25
110900002,64,249,-185
110900003,123,1385,-1262
110900004,82,352,-270
110900005,4310,955,3355
110900006,25,4,21
110900007,37,8,29
110900008,4,28,-24
110900009,202,28,174
110900010,3,83,-80
110900011,2,96,-94
110900012,2,115,-113
110900013,447,190,257
110900014,116,8,108
110900015,803,173,630
110900016,2,182,-180
110900017,109,43,66
110900018,310,26,284
110900019,41,17,24
110900020,20,604,-584
110900021,40,787,-747
110900022,72,523,-451
110900023,71,500,-429
110900024,19,611,-592
110900025,4,62,-58
110900027,24,287,-263
110900028,23,234,-211
110900029,61,623,-562
110900030,12,420,-408
110900031,1,195,-194
110900032,1,132,-131
110900033,32,341,-309
110900035,22,423,-401
110900036,35,25,10
110900037,12,41,-29
110900038,1420,175,1245
110900039,14,239,-225
110900040,109,30,79
110900041,2,237,-235
110900042,34,43,-9
110900043,5,223,-218
110900044,210,13,197
110900045,18,882,-864
110900046,163,369,-206
110900047,917,82,835
110900049,62,26,36
110900050,5,2,3
110900051,37,195,-158
110900052,6,268,-262
110900053,30,87,-57
110900054,18,400,-382
110900055,6,0,6
110900056,57,109,-52
110900057,7,262,-255
110900058,77,368,-291
110900059,473,1044,-571
110900060,215,78,137
110900061,29,28,1
110900062,42,464,-422
110900063,17,102,-85
110900064,4,0,4
110900065,426,72,354
110900066,1,70,-69
110900067,709,449,260
110900068,485,242,243
110900069,1,19,-18
110900071,265,309,-44
110900073,0,13,-13
110900074,149,57,92
110900075,150,69,81
110900077,183,425,-242
110900078,10,166,-156
110900079,2005,401,1604
110900080,19,39,-20
110900081,3,137,-134
110900082,20,225,-205
110900083,60,20,40
110900084,9,232,-223
110900085,36,337,-301
110900086,45,101,-56
110900087,77,58,19
110900088,8,0,8
110900090,14,19,-5
110900091,0,62,-62
110900093,314,79,235
110900095,35,83,-48
110900097,3,20,-17
110900098,8,82,-74
110900099,38,590,-552
110900100,0,32,-32
110900102,7,18,-11
110900105,810,414,396
110900108,1,113,-112
110900111,274,32,242
110900112,290,2,288
110900113,543,12,531
110900115,5,67,-62
110900116,216,2956,-2740
110900118,141,798,-657
110900119,7175,243,6932
110900120,2,147,-145
110900121,69,0,69
110900122,167,150,17
110900125,98,231,-133
110900127,446,506,-60
110900128,85,107,-22
110900129,247,140,107
110900130,1120,204,916
110900131,55,55,0
110900132,144,33,111
110900133,53,426,-373
110900135,126,599,-473
110900136,116,4,112
110900137,458,6,452
110900138,422,573,-151
110900139,3,26,-23
110900140,51,5,46
110900141,1,41,-40
110900142,33,217,-184
110900143,59,74,-15
110900144,0,775,-775
110900145,80,13,67
110900146,589,53,536
110900147,194,177,17
110900148,0,306,-306
110900149,0,65,-65
110900150,34,18,16
110900151,3,74,-71
110900152,9,431,-422
110900153,36,19,17
111000001,157,382,-225
111000002,401,805,-404
111000003,261,280,-19
111000004,389,1317,-928
111000005,512,451,61
111000006,866,1202,-336
111000007,3828,1234,2594
111000008,4507,3950,557
111000009,301,949,-648
111000010,326,249,77
111000011,414,980,-566
111000012,677,278,399
111000013,316,1306,-990
111000014,965,527,438
111000017,102,456,-354
111000018,138,418,-280
111000020,2948,2174,774
111000021,54,143,-89
111000023,94,181,-87
111000025,7902,1934,5968
111000029,51,112,-61
111000030,42,53,-11
111000031,2150,593,1557
111000032,444,270,174
111000033,223,103,120
111000034,303,184,119
111000037,3270,1303,1967
111000038,2859,2631,228
111000039,1274,2405,-1131
111000040,1300,2502,-1202
111000041,1447,1564,-117
111000042,7413,2970,4443
111000043,1394,1139,255
111000044,713,322,391
111000045,949,1301,-352
111000046,794,944,-150
111000047,1150,1641,-491
111000049,189,556,-367
111000050,1818,1883,-65
111000051,349,1171,-822
111000052,513,1513,-1000
111000053,389,1091,-702
111000054,264,1080,-816
111000055,1122,2316,-1194
111000056,93,831,-738
111000057,53,1101,-1048
111000058,67,111,-44
111000059,232,224,8
111000060,1676,484,1192
111000061,357,295,62
111000062,448,194,254
111000063,1805,741,1064
111000064,268,527,-259
111000065,539,687,-148
111000066,188,212,-24
111000067,328,757,-429
111000068,149,638,-489
111000069,1696,2372,-676
111000070,2818,1401,1417
111000071,217,978,-761
111000072,332,172,160
111000073,48,295,-247
111000074,1224,1044,180
111000075,402,669,-267
111000076,174,852,-678
111000077,710,1143,-433
111000078,1577,1124,453
111000079,1160,774,386
111000080,276,772,-496
111000081,2507,5399,-2892
111000082,413,739,-326
111000084,506,584,-78
111000085,753,1923,-1170
111000086,3406,1502,1904
111000087,746,981,-235
111000088,6799,1561,5238
111000089,306,880,-574
111000090,1047,1488,-441
111000091,431,877,-446
111000092,565,1361,-796
111000093,523,693,-170
111000094,1664,792,872
111000095,829,1540,-711
111000096,3305,4842,-1537
111000097,7171,1239,5932
111000098,309,1671,-1362
111000099,221,2899,-2678
111000100,186,2852,-2666
111000101,381,1096,-715
111000102,58,1133,-1075
111000104,109,217,-108
111000107,55,931,-876
111000109,119,219,-100
111000110,416,423,-7
111000111,589,415,174
111000112,582,233,349
111000113,366,316,50
111000114,942,709,233
111000115,8797,735,8062
111000116,892,700,192
111000117,489,743,-254
111000118,1901,1016,885
111000119,656,1798,-1142
111000120,222,509,-287
111000121,167,515,-348
111000122,277,1156,-879
111000123,523,4056,-3533
111000124,273,4372,-4099
111000125,137,2544,-2407
111000126,47,1240,-1193
111000127,404,135,269
111000128,417,219,198
111000129,990,303,687
111000130,608,666,-58
111000131,531,581,-50
111000132,411,321,90
111000133,59,204,-145
111000134,62,168,-106
111000135,50,106,-56
111000136,126,288,-162
111000138,4,17,-13
111000140,0,5,-5
111000141,75,262,-187
111000142,9,130,-121
111000143,0,105,-105
111000144,1,108,-107
111000145,37,0,37
111000146,13,1,12
111000147,52,5,47
111000148,138,116,22
111000149,2,41,-39
111000150,10,4,6
111000151,2,22,-20
111000153,488,469,19
111000154,630,237,393
111000155,60,173,-113
111000156,337,181,156
111000157,94,288,-194
111000158,657,427,230
111000159,2847,525,2322
111000160,147,486,-339
111000161,9,243,-234
111000162,6,185,-179
111000163,233,818,-585
111000164,975,2728,-1753
111000165,1385,464,921
111000166,1100,331,769
111000167,150,576,-426
111000168,163,455,-292
111000169,206,467,-261
111000170,413,367,46
111000171,376,988,-612
111000172,70,695,-625
111000173,102,1447,-1345
111000174,64,745,-681
111000175,28,298,-270
111000176,204,185,19
111000177,63,308,-245
111000178,437,483,-46
111000179,50,240,-190
111000180,95,328,-233
111000181,354,295,59
111000182,73,197,-124
111000183,168,240,-72
111000184,199,236,-37
111000185,279,560,-281
111000186,171,352,-181
111000187,44,337,-293
111000188,89,505,-416
111000189,1784,673,1111
111000190,157,686,-529
111000191,71,617,-546
111000192,144,768,-624
111000193,433,486,-53
111000194,12,553,-541
111000195,70,609,-539
111000196,12,406,-394
111000197,108,248,-140
111000198,145,144,1
111000199,39,176,-137
111000200,85,320,-235
111000201,156,199,-43
111000202,87,211,-124
111000203,143,213,-70
111000204,198,271,-73
111000213,89,413,-324
111000214,1057,1807,-750
111000215,606,1345,-739
111000217,628,1103,-475
111000218,753,924,-171
111000219,254,222,32
111000220,3326,1073,2253
111000221,556,203,353
111000224,33,307,-274
111000225,138,147,-9
111000226,121,1,120
111000227,37,8,29
111000228,20,129,-109
111000229,40,301,-261
111000230,166,580,-414
111000231,203,1692,-1489
111000232,184,1104,-920
111000233,182,922,-740
111000234,26,149,-123
111000239,138,212,-74
111000240,14,54,-40
111000241,31,546,-515
111000242,42,30,12
111000243,54,1103,-1049
111000244,85,100,-15
111000245,311,731,-420
111000246,84,755,-671
111000247,66,1574,-1508
111000248,166,352,-186
111000249,386,1127,-741
111000250,18,172,-154
111000251,9,136,-127
111000253,0,0,0
111000255,0,0,0
111000257,0,0,0
111000260,46,1556,-1510
111000261,398,93,305
111000271,20,357,-337
111000273,6979,1343,5636
111000274,1060,2199,-1139
111000275,64,61,3
111000276,226,3114,-2888
111000277,141,681,-540
111000278,413,319,94
111000291,284,2411,-2127
111000298,185,270,-85
111000299,367,80,287
111000300,71,670,-599
111000302,134,60,74
111000303,83,318,-235
111000312,46,65,-19
111000315,4,320,-316
111000320,297,716,-419
111000321,192,24,168
111000322,77,665,-588
111000323,82,8,74
111000324,306,274,32
111000325,28,74,-46
111000326,56,438,-382
111000327,354,612,-258
111000328,166,385,-219
111000329,0,11,-11
111000330,7,14,-7
111000331,6,6,0
111000332,297,1163,-866
111000334,358,2040,-1682
111000335,197,83,114
111000337,168,442,-274
111000338,6,97,-91
111000339,90,825,-735
111000340,51,1033,-982
111000341,349,149,200
111000342,20,219,-199
111000344,438,722,-284
111000345,47,25,22
111000346,3,103,-100
111000347,34,4,30
111000350,149,156,-7
111000351,79,240,-161
111000352,126,124,2
111000353,102,250,-148
111000354,251,186,65
111000355,103,815,-712
111000358,62,2218,-2156
111000360,68,1314,-1246
111000361,66,556,-490
111000546,142,817,-675
111000547,128,767,-639
111000548,54,172,-118
111000549,111,487,-376
111000550,61,229,-168
111000551,654,119,535
111000552,222,61,161
111000907,135,63,72
111000908,7,0,7
111000916,343,217,126
111000917,28,411,-383
111000918,100,1494,-1394
111000920,143,4,139
111000921,3,543,-540
111000922,127,378,-251
111000924,19,1401,-1382
111000925,1026,1289,-263
111000926,748,3226,-2478
111000927,2717,2612,105
111000928,7306,3938,3368
111000929,760,791,-31
111000930,676,2577,-1901
111000931,1025,1337,-312
111000932,3347,2386,961
111000933,2471,1323,1148
111000934,2402,3003,-601
111000935,523,998,-475
111000936,596,2471,-1875
111000937,522,957,-435
111000938,1656,3066,-1410
111000939,132,21,111
111000940,174,262,-88
111000941,141,751,-610
111000943,89,288,-199
111000944,66,606,-540
111000945,11,2804,-2793
111001109,160,108,52
111001110,102,788,-686
111001111,7,5,2
111001112,103,57,46
111001113,39,62,-23
111001114,837,69,768
111001115,69,331,-262
111001116,5678,949,4729
111001117,673,430,243
111001120,86,355,-269
111001121,101,411,-310
111001122,162,1001,-839
111001123,39,128,-89
111001124,44,500,-456
111001125,0,5,-5
111900001,7,149,-142
111900002,5,988,-983
111900003,4,591,-587
111900004,20,195,-175
111900006,11,8,3
111900007,14,4,10
111900008,19,2,17
111900009,27,176,-149
111900010,101,567,-466
111900012,129,87,42
111900013,3,88,-85
111900014,9390,1192,8198
111900015,0,76,-76
111900016,1,169,-168
111900017,0,176,-176
111900018,21,4,17
111900019,3,62,-59
111900020,1,40,-39
111900021,13,67,-54
111900022,5,61,-56
111900023,99,60,39
111900024,2,111,-109
111900025,0,39,-39
111900026,1,100,-99
111900027,4,193,-189
111900028,4,630,-626
111900029,0,64,-64
111900030,71,480,-409
111900031,12,98,-86
111900032,3,538,-535
111900033,8,102,-94
111900034,104,683,-579
111900035,12,314,-302
111900036,2,492,-490
111900038,291,652,-361
111900039,58,468,-410
111900040,5,932,-927
111900042,45,54,-9
111900043,1,575,-574
111900044,185,251,-66
111900046,52,313,-261
111900048,29,1020,-991
111900049,32,444,-412
111900050,36,8,28
111900051,2,273,-271
111900052,404,808,-404
111900053,1536,171,1365
111900054,48,2,46
111900055,24,892,-868
111900056,149,54,95
111900057,24,17,7
111900058,84,962,-878
111900059,2401,188,2213
111900060,119,1,118
111900061,7,399,-392
111900062,7,14,-7
111900063,75,178,-103
111900064,100,369,-269
111900065,36,8,28
111900066,27,72,-45
111900067,2,347,-345
111900068,12,11,1
111900069,25,17,8
111900070,61,125,-64
111900071,1,390,-389
111900072,12,4,8
111900073,190,49,141
111900074,1,234,-233
111900075,14,4,10
111900076,19,5,14
111900077,4,0,4
111900078,50,0,50
111900079,4,6,-2
111900080,167,46,121
111900082,24,3,21
111900083,13,2,11
111900084,13,11,2
111900085,15,15,0
111900086,21,1,20
111900087,18,0,18
111900088,75,0,75
111900089,30,23,7
111900090,59,11,48
111900091,23,0,23
111900092,7,2,5
111900093,121,8,113
111900094,12,4,8
111900095,93,4,89
111900096,31,1,30
111900097,11,0,11
111900098,67,0,67
111900099,6,0,6
111900100,43,2,41
111900101,42,1,41
111900102,190,1070,-880
111900103,42,20,22
111900104,63,61,2
111900105,131,94,37
111900106,2180,58,2122
111900110,4465,162,4303
111900111,107,331,-224
111900112,949,809,140
111900113,229,57,172
111900118,67,15,52
111900119,103,30,73
111900122,49,6,43
111900123,1,22,-21
111900124,21,128,-107
111900125,102,4,98
111900126,31,0,31
111900127,1,769,-768
111900128,3,736,-733
111900129,38,7,31
111900130,88,5,83
111900131,75,1,74
111900132,25,1543,-1518
111900133,1,376,-375
111900134,29,348,-319
111900135,5,12,-7
111900136,36,59,-23
111900137,38,39,-1
111900138,10,55,-45
111900139,11,149,-138
111900140,9,19,-10
111900141,6,16,-10
111900142,38,10,28
111900143,9,356,-347
111900144,1,167,-166
111900145,3,860,-857
111900146,2,484,-482
111900147,175,609,-434
111900148,49,1094,-1045
111900149,12,592,-580
111900150,12,254,-242
111900151,1,33,-32
111900152,98,25,73
111900153,1426,106,1320
111900154,4,92,-88
111900155,44,30,14
111900156,9,20,-11
111900157,17,4,13
111900158,119,12,107
111900159,49,11,38
111900160,71,3,68
111900161,36,3,33
111900162,96,72,24
111900163,37,239,-202
111900164,35,16,19
111901113,78,306,-228
111901114,50,502,-452
111901115,23,0,23
111901116,4,0,4
111901117,5,9,-4
111901118,97,56,41
111901119,1813,86,1727
111901121,105,383,-278
111901122,5,710,-705
111901123,23,558,-535
111901124,54,0,54
111901125,95,162,-67
111901127,1124,152,972
111901128,18,138,-120
111901129,3,161,-158
111901130,10,294,-284
111901131,0,246,-246
111901132,18,1,17
111901133,11,1,10
111901134,20,0,20
111901135,5,1,4
111901136,3,5,-2
111901137,0,10,-10
111901138,26,23,3
111901139,24,51,-27
111901140,7,173,-166
111901141,6,322,-316
111901142,0,192,-192
111901143,0,68,-68
111901144,12,17,-5
111901145,161,131,30
111901146,124,1,123
112000001,962,612,350
112000002,625,2885,-2260
112000003,438,796,-358
112000004,537,2130,-1593
112000005,1142,1402,-260
112000006,1162,2280,-1118
112000007,1144,1046,98
112000008,1666,2602,-936
112000009,4007,4178,-171
112000010,1775,2228,-453
112000011,2100,2883,-783
112000012,9273,1345,7928
112000013,9251,3918,5333
112000014,3057,473,2584
112000015,4005,2492,1513
112000016,5204,1098,4106
112000017,2240,1445,795
112000024,1827,634,1193
112000026,5583,6618,-1035
112000027,543,376,167
112000028,1682,2011,-329
112000029,214,422,-208
112000030,239,184,55
112000031,1995,1909,86
112000032,830,66,764
112000033,3226,655,2571
112000034,363,49,314
112000035,90,284,-194
112000036,978,632,346
112000037,1101,1414,-313
112000038,918,1090,-172
112000039,15,108,-93
112000040,130,437,-307
112000041,403,631,-228
112000042,861,308,553
112000050,367,1644,-1277
112000051,555,664,-109
112000054,1658,2818,-1160
112000057,763,375,388
112000058,412,564,-152
112000059,1089,523,566
112000061,8471,1571,6900
112000062,4683,622,4061
112000063,2942,753,2189
112000064,5958,6555,-597
112000065,2921,3348,-427
112000066,2519,874,1645
112000067,508,778,-270
112000068,1294,961,333
112000069,612,3525,-2913
112000070,1135,480,655
112000071,693,4136,-3443
112000072,888,960,-72
112000073,962,1989,-1027
112000074,505,776,-271
112000075,687,863,-176
112000076,3407,3330,77
112000077,305,883,-578
112000078,930,1037,-107
112000079,1291,1743,-452
112000080,446,1255,-809
112000081,905,2075,-1170
112000082,764,667,97
112000083,413,2130,-1717
112000084,649,682,-33
112000085,722,1514,-792
112000086,1065,1657,-592
112000087,147,664,-517
112000088,169,887,-718
112000089,214,438,-224
112000090,206,485,-279
112000091,527,1533,-1006
112000092,727,675,52
112000093,1153,1401,-248
112000094,221,744,-523
112000095,355,851,-496
112000096,175,682,-507
112000097,341,495,-154
112000098,611,2068,-1457
112000099,453,548,-95
112000100,753,852,-99
112000101,455,1262,-807
112000102,490,504,-14
112000103,142,1718,-1576
112000105,332,2463,-2131
112000106,449,409,40
112000107,2,175,-173
112000108,77,2039,-1962
112000109,13,37,-24
112000110,962,329,633
112000111,1768,6824,-5056
112000112,5001,491,4510
112000113,1212,2988,-1776
112000114,2885,902,1983
112000115,119,804,-685
112000116,412,1111,-699
112000117,313,656,-343
112000118,529,1100,-571
112000119,270,1216,-946
112000120,24,483,-459
112000121,35,926,-891
112000122,86,142,-56
112000123,143,110,33
112000124,56,59,-3
112000125,60,166,-106
112000126,55,980,-925
112000127,3654,1004,2650
112000128,1671,555,1116
112000129,28,143,-115
112000130,41,57,-16
112000131,12,432,-420
112000132,41,324,-283
112000133,142,251,-109
112000134,397,435,-38
112000135,1328,532,796
112000136,1653,1527,126
112000137,2326,1215,1111
112000138,3604,1626,1978
112000139,485,212,273
112000140,794,1238,-444
112000141,276,262,14
112000142,105,1158,-1053
112000143,428,221,207
112000144,184,1968,-1784
112000145,1097,788,309
112000146,433,2816,-2383
112000147,1232,1479,-247
112000148,1164,2411,-1247
112000149,103,798,-695
112000150,64,857,-793
112000151,234,714,-480
112000152,156,435,-279
112000153,160,374,-214
112000154,57,169,-112
112000155,87,56,31
112000157,475,377,98
112000158,113,898,-785
112000159,128,430,-302
112000167,143,7,136
112000169,216,312,-96
112000173,295,285,10
112000175,185,446,-261
112000176,6510,1723,4787
112000177,138,63,75
112000178,51,690,-639
112000179,68,188,-120
112000180,172,258,-86
112000181,887,2039,-1152
112000182,320,2612,-2292
112000183,16,51,-35
112000184,143,680,-537
112000185,146,631,-485
112000187,1913,2309,-396
112000195,71,14,57
112000196,138,4,134
112000197,118,114,4
112000198,41,608,-567
112000199,839,1270,-431
112000202,107,16,91
112000216,48,93,-45
112000230,16,13,3
112000231,3,664,-661
112000256,25,161,-136
112000313,162,343,-181
112000314,13,9,4
112000337,132,646,-514
112000352,148,150,-2
112000392,2697,1157,1540
112000398,665,713,-48
112000399,1560,1220,340
112000400,1807,5138,-3331
112000401,2594,3392,-798
112000402,1046,1469,-423
112000403,1600,1559,41
112000404,185,433,-248
112000405,1126,2164,-1038
112000406,3286,3800,-514
112000407,2544,5033,-2489
112000408,8696,7665,1031
112000409,1632,5626,-3994
112000410,175,80,95
112000411,5723,622,5101
112000412,899,274,625
112000413,11321,1425,9896
112000414,31,139,-108
112000415,83,52,31
112000416,967,1085,-118
112000417,148,59,89
112000421,20,163,-143
112000422,213,637,-424
112000424,2584,1226,1358
112000425,274,1391,-1117
112000426,66,282,-216
112000427,1,23,-22
112000428,33,533,-500
112000429,1598,3216,-1618
112000430,1383,3433,-2050
112000431,43,101,-58
112000432,433,2646,-2213
112000433,1073,594,479
112000437,23,419,-396
112900001,18,8,10
112900002,75,1723,-1648
112900003,12,261,-249
112900004,8,377,-369
112900005,45,326,-281
112900006,7,529,-522
112900007,16,218,-202
112900008,0,7,-7
112900009,284,80,204
112900010,60,859,-799
112900011,363,280,83
112900012,0,43,-43
112900013,1,107,-106
112900014,6,406,-400
112900015,248,1190,-942
112900016,3,300,-297
112900017,20,236,-216
112900018,3,469,-466
112900019,64,177,-113
112900020,583,2111,-1528
112900021,1,273,-272
112900022,4,76,-72
112900023,2,399,-397
112900024,12,208,-196
112900025,54,198,-144
112900026,4,358,-354
112900027,5,1443,-1438
112900028,23,115,-92
112900029,2,754,-752
112900030,350,189,161
112900031,0,681,-681
112900032,58,328,-270
112900034,0,57,-57
112900035,1,643,-642
112900036,38,158,-120
112900037,110,63,47
112900038,150,139,11
112900039,27,335,-308
112900040,7,396,-389
112900041,1711,579,1132
112900042,23,505,-482
112900043,11,39,-28
112900044,466,371,95
112900045,651,278,373
112900046,219,59,160
112900047,17,15,2
112900049,33,90,-57
112900050,72,788,-716
112900051,330,1019,-689
112900052,13,1555,-1542
112900053,314,120,194
112900054,251,14,237
112900055,181,5,176
112900056,183,81,102
112900057,4,983,-979
112900058,196,71,125
112900059,49,128,-79
112900060,10,315,-305
112900061,26,174,-148
112900062,47,217,-170
112900063,48,3,45
112900064,134,94,40
112900065,12,3,9
112900066,107,33,74
112900067,832,150,682
112900068,17,5,12
112900069,3558,324,3234
112900071,10,1,9
112900072,182,417,-235
112900073,179,15,164
112900074,25,54,-29
112900075,2764,348,2416
112900076,49,5,44
112900078,62,155,-93
112900079,121,5,116
112900080,4,1,3
112900081,34,36,-2
112900082,89,7,82
112900083,10,29,-19
112900084,69,24,45
112900086,6,0,6
112900087,174,37,137
112900088,15,2,13
112900089,221,5,216
112900090,9,2,7
112900091,34,1,33
112900092,114,50,64
112900093,1005,7,998
112900095,2,0,2
112900096,147,39,108
112900097,13,481,-468
112900098,28,0,28
112900099,191,3,188
112900100,11,0,11
112900101,67,1,66
112900102,118,2,116
112900103,84,0,84
112900104,10,0,10
112900105,2,0,2
112900106,206,65,141
112900107,2,0,2
112900108,0,0,0
112900109,25,1,24
112900110,200,8,192
112900111,208,14,194
112900112,56,1,55
112900113,0,12,-12
112900114,10,40,-30
112900115,210,1,209
112900116,24,31,-7
112900117,105,108,-3
112900118,18,65,-47
112900119,34,0,34
112900120,565,193,372
112900121,248,146,102
112900122,12,195,-183
112900123,129,5,124
112900124,2,175,-173
112900125,86,300,-214
112900126,119,282,-163
112900127,99,24,75
112900128,537,702,-165
112900129,5,1324,-1319
112900130,106,52,54
112900131,47,227,-180
112900132,87,544,-457
112900133,15,1631,-1616
112900134,2,355,-353
112900135,48,19,29
112900137,4,1118,-1114
112900138,9,642,-633
112900139,177,1223,-1046
112900141,242,26,216
112900142,56,31,25
112900143,35,797,-762
112900144,2,397,-395
112900145,21,506,-485
112900146,6,1732,-1726
112900147,9,2913,-2904
112900148,11,1,10
112900149,142,644,-502
112900151,37,43,-6
112900152,6685,1148,5537
112900153,1272,521,751
112900154,4,104,-100
112900155,25,2,23
112900156,42,2392,-2350
112900157,39,112,-73
112900158,6,11,-5
112900159,131,23,108
112900160,8,320,-312
112900161,22,17,5
112900162,18,7,11
112900163,88,9,79
112900164,19,81,-62
112900165,167,44,123
112900166,7,21,-14
112900167,15,10,5
112900168,0,2,-2
112900169,3,0,3
112900170,23,81,-58
112900172,79,1,78
112900173,257,107,150
112900174,99,9,90
112900175,125,37,88
112900176,5,8,-3
112900177,92,14,78
112900178,391,947,-556
112900179,31,689,-658
112900180,876,4274,-3398
112900181,156,1,155
112900182,14,1915,-1901
112900183,88,203,-115
112900184,337,316,21
112900185,224,410,-186
112900186,2085,565,1520
112900187,28,201,-173
112900188,1078,351,727
112900189,10,31,-21
112900190,0,82,-82
112900192,234,164,70
112900193,736,181,555
112900194,8,140,-132
112900195,240,18,222
112900196,253,869,-616
112900197,100,595,-495
112900199,152,615,-463
112900200,186,291,-105
112900201,26,87,-61
112900202,66,1319,-1253
112900203,18,342,-324
112900204,643,249,394
112900205,1,12,-11
112900206,1,47,-46
112900207,1,1,0
112900208,46,36,10
112900209,215,482,-267
112900210,0,31,-31
112900211,58,107,-49
112900212,0,69,-69
112900213,3,7,-4
112900214,9,4,5
112900215,4,256,-252
112900216,29,42,-13
112900217,0,98,-98
112900218,4,17,-13
112900219,7,20,-13
112900220,0,0,0
112900221,5,157,-152
112900222,0,7,-7
112900223,255,2,253
112900224,93,990,-897
112900225,145,716,-571
112900226,282,225,57
112900227,100,1920,-1820
112900228,5,37,-32
112900229,43,53,-10
112900230,10002,2378,7624
112900232,120,86,34
112900233,20,209,-189
112900234,4,191,-187
112900235,23,7,16
112900236,18,13,5
112900237,27,381,-354
112900238,0,43,-43
112900239,646,204,442
113000001,4529,4453,76
113000002,3522,3732,-210
113000003,2020,1770,250
113000004,2210,2075,135
113000005,1077,1075,2
113000006,720,1396,-676
113000007,1037,1314,-277
113000008,1043,2019,-976
113000009,505,932,-427
113000010,656,1948,-1292
113000011,565,2211,-1646
113000012,758,597,161
113000013,960,348,612
113000014,2146,1599,547
113000015,779,273,506
113000016,342,425,-83
113000017,57,278,-221
113000018,114,40,74
113000019,41,229,-188
113000020,86,34,52
113000021,482,598,-116
113000022,316,1492,-1176
113000025,38,284,-246
113000026,118,408,-290
113000027,585,339,246
113000028,1055,404,651
113000029,864,443,421
113000030,631,661,-30
113000031,413,246,167
113000032,274,129,145
113000033,385,348,37
113000034,542,348,194
113000035,20,47,-27
113000036,25,66,-41
113000037,63,29,34
113000038,22,42,-20
113000039,132,577,-445
113000040,32,96,-64
113000042,850,806,44
113000051,542,1559,-1017
113000052,2372,1327,1045
113000053,378,805,-427
113000054,172,780,-608
113000055,517,1218,-701
113000056,403,1891,-1488
113000058,742,966,-224
113000059,1271,1050,221
113000060,57,678,-621
113000061,647,1187,-540
113000062,1589,179,1410
113000063,54,311,-257
113000064,17,539,-522
113000065,133,1517,-1384
113000066,289,74,215
113000067,1042,1119,-77
113000068,443,2536,-2093
113000069,328,1837,-1509
113000070,706,724,-18
113000071,197,915,-718
113000072,184,431,-247
113000073,545,1737,-1192
113000074,887,210,677
113000075,1893,364,1529
113000076,1368,1644,-276
113000077,2129,450,1679
113000078,1430,1542,-112
113000079,1265,631,634
113000080,1189,507,682
113000081,1275,963,312
113000082,1651,841,810
113000083,687,760,-73
113000084,1883,1130,753
113000085,1047,619,428
113000086,1031,1090,-59
113000087,1271,986,285
113000088,2131,1284,847
113000089,873,1584,-711
113000090,328,298,30
113000091,967,215,752
113000094,462,167,295
113000095,233,1367,-1134
113000096,184,1061,-877
113000097,464,326,138
113000098,54,38,16
113000099,967,205,762
113000100,119,590,-471
113000101,405,558,-153
113000102,382,182,200
113000103,2350,712,1638
113000104,200,2027,-1827
113000105,297,398,-101
113000106,295,677,-382
113000107,386,840,-454
113000108,695,1782,-1087
113000109,428,2454,-2026
113000110,1466,393,1073
113000111,91,442,-351
113000112,411,373,38
113000113,2950,277,2673
113000114,495,880,-385
113000116,918,280,638
113000117,742,181,561
113000118,175,431,-256
113000119,129,516,-387
113000120,22,235,-213
113000121,648,1052,-404
113000124,104,157,-53
113000125,33,360,-327
113000127,4055,648,3407
113000128,520,555,-35
113000129,661,1022,-361
113000133,4944,819,4125
113000134,6,553,-547
113000135,2741,2018,723
113000137,3402,1430,1972
113000139,589,148,441
113000140,254,337,-83
113000141,611,93,518
113000142,989,956,33
113000143,459,128,331
113000144,403,686,-283
113000145,59,169,-110
113000146,124,94,30
113000147,120,140,-20
113000148,66,215,-149
113000149,85,128,-43
113000150,501,322,179
113000151,208,67,141
113000152,24,171,-147
113000153,2085,576,1509
113000154,660,917,-257
113000155,223,254,-31
113000156,201,546,-345
113000157,291,907,-616
113000158,427,189,238
113000159,609,408,201
113000160,558,1391,-833
113000161,156,888,-732
113000162,408,338,70
113000163,90,44,46
113000164,15,109,-94
113000166,50,59,-9
113000167,21,233,-212
113000168,38,258,-220
113000169,103,46,57
113000170,64,54,10
113000171,55,127,-72
113000172,133,72,61
113000173,46,8,38
113000174,97,659,-562
113000175,223,90,133
113000176,188,126,62
113000177,103,507,-404
113000178,135,504,-369
113000179,121,70,51
113000180,404,1480,-1076
113000181,501,1230,-729
113000182,244,246,-2
113000183,208,535,-327
113000184,17,108,-91
113000189,1000,672,328
113000190,2109,386,1723
113000192,2496,1300,1196
113000193,4386,680,3706
113000194,1703,1188,515
113000195,1954,400,1554
113000196,95,83,12
113000197,1311,833,478
113000198,21,375,-354
113000199,986,487,499
113000201,220,243,-23
113000202,3784,1338,2446
113000203,368,108,260
113000204,1440,1328,112
113000205,11,34,-23
113000206,7,39,-32
113000207,30,32,-2
113000208,35,61,-26
113000209,33,27,6
113000210,3,37,-34
113000211,295,114,181
113000212,302,22,280
113000213,12,88,-76
113000214,72,169,-97
113000234,116,1696,-1580
113000410,38,80,-42
113000411,3223,4396,-1173
113000412,13288,1836,11452
113000413,5834,2053,3781
113000414,15154,10610,4544
113000415,3434,2538,896
113000416,12621,3590,9031
113000417,4617,2952,1665
113000418,4180,2814,1366
113000419,2354,1728,626
113000420,4939,3172,1767
113000421,4966,4425,541
113000422,23808,5968,17840
113000423,3544,2959,585
113000424,5521,5712,-191
113000425,11,55,-44
113000428,129,25,104
113000430,17,24,-7
113000432,668,63,605
113000433,166,1083,-917
113000434,19,479,-460
113000435,8,1440,-1432
113000436,51,1858,-1807
113000437,203,8,195
113000438,91,6,85
113000439,13,261,-248
113000440,40,27,13
113000441,91,247,-156
113000442,129,474,-345
113000443,43,399,-356
113000444,70,468,-398
113000445,50,201,-151
113000446,30,126,-96
113000448,188,127,61
113000449,382,635,-253
113000450,737,1522,-785
113000451,1395,146,1249
113000452,511,226,285
113000453,103,253,-150
113000454,560,52,508
113000455,79,116,-37
113000456,4159,2034,2125
113000468,2853,383,2470
113000469,372,108,264
113000470,579,105,474
113000471,15,316,-301
113000472,54,338,-284
113000474,150,862,-712
113000475,1103,1924,-821
113000476,884,2421,-1537
113000477,1703,2620,-917
113000478,3104,6918,-3814
113000479,55,355,-300
113000480,93,57,36
113000484,0,0,0
113000485,0,0,0
113000486,0,0,0
113000487,0,0,0
113000488,0,0,0
113000489,0,0,0
113000490,0,0,0
113000491,0,0,0
113000492,0,0,0
113000493,0,0,0
113000495,146,309,-163
113000496,78,135,-57
113000497,0,0,0
113000499,0,0,0
113000500,0,3,-3
113900001,3,51,-48
113900002,2,151,-149
113900003,0,96,-96
113900004,0,20,-20
113900005,0,25,-25
113900006,13,16,-3
113900007,22,9,13
113900008,46,0,46
113900009,145,0,145
113900010,58,0,58
113900011,14,0,14
113900012,4,0,4
113900013,331,3,328
113900014,305,1,304
113900015,1,59,-58
113900016,6,0,6
113900017,1,51,-50
113900018,468,61,407
113900019,24,52,-28
113900020,30,2,28
113900022,2,0,2
113900023,0,0,0
113900024,23,93,-70
113900025,451,13,438
113900026,41,0,41
113900027,1,64,-63
113900028,11,458,-447
113900029,15,426,-411
113900030,66,1,65
113900031,0,1,-1
113900032,1,0,1
113900033,51,72,-21
113900035,30,1,29
113900036,7,83,-76
113900037,18,653,-635
113900038,98,41,57
113900039,49,3,46
113900040,3,2,1
113900041,0,0,0
113900042,25,52,-27
113900043,197,74,123
113900044,114,25,89
113900045,55,1,54
113900046,304,837,-533
113900047,21,154,-133
113900048,398,28,370
113900049,967,114,853
113900050,95,377,-282
113900051,127,506,-379
113900052,191,124,67
113900053,393,107,286
113900054,9,0,9
113900055,110,685,-575
113900056,20,146,-126
113900057,11,133,-122
113900058,26,213,-187
113900059,72,474,-402
113900060,136,340,-204
113900061,1076,40,1036
113900062,36,5,31
113900063,40,181,-141
113900064,18,184,-166
113900065,277,11,266
113900066,148,678,-530
113900067,18,503,-485
113900068,276,302,-26
113900069,96,10,86
113900070,191,535,-344
113900071,26,63,-37
113900072,50,205,-155
113900073,95,442,-347
113900074,14,567,-553
113900075,558,660,-102
113900076,160,4,156
113900077,19,322,-303
113900078,44,71,-27
113900079,2,67,-65
113900080,278,136,142
113900081,41,275,-234
113900082,83,213,-130
113900083,78,859,-781
113900084,143,41,102
113900085,21,408,-387
113900086,9,18,-9
113900087,35,238,-203
113900088,28,44,-16
113900089,240,33,207
113900090,278,268,10
113900091,17,13,4
113900092,53,81,-28
113900093,62,395,-333
113900094,99,667,-568
113900095,46,67,-21
113900096,83,42,41
113900097,3,137,-134
113900098,253,27,226
113900099,2,78,-76
113900100,0,4,-4
113900101,14,44,-30
113900102,57,60,-3
113900103,171,250,-79
113900104,61,100,-39
113900105,16,467,-451
113900106,0,96,-96
113900107,0,19,-19
113900108,203,124,79
113900109,300,94,206
113900110,22,13,9
113900111,30,110,-80
113900112,21,89,-68
113900113,395,412,-17
113900114,1,146,-145
113900115,0,99,-99
113900116,62,78,-16
113900117,25,6,19
113900118,111,154,-43
113900119,331,174,157
113900120,21,26,-5
113900121,9,70,-61
113900122,160,946,-786
113900123,215,144,71
113900124,1,57,-56
113900125,1420,167,1253
113900126,77,34,43
113900127,213,308,-95
113900128,56,26,30
113900129,5,69,-64
113900130,3,17,-14
113900131,39,80,-41
113900132,16,45,-29
113900133,15,42,-27
113900135,122,501,-379
113900136,81,73,8
113900137,203,107,96
113900138,58,140,-82
113900139,624,89,535
113900140,555,110,445
113900141,114,564,-450
113900142,45,55,-10
113900143,7,6,1
113900144,455,87,368
113900145,177,226,-49
113900146,19,55,-36
113900148,117,120,-3
113900149,116,38,78
113900150,1455,467,988
113900151,65,218,-153
113900152,12,60,-48
113900153,529,413,116
113900154,0,86,-86
113900155,247,55,192
113900156,203,808,-605
113900157,24,211,-187
113900158,615,124,491
113900159,14,238,-224
113900160,380,993,-613
113900161,24,124,-100
113900162,934,450,484
113900163,365,168,197
113900164,137,29,108
113900165,623,571,52
113900166,310,69,241
113900167,232,31,201
113900168,87,151,-64
113900169,136,542,-406
113900171,49,42,7
113900172,16,282,-266
113900173,44,834,-790
113900174,318,829,-511
113900175,150,62,88
113900176,126,895,-769
113900177,249,228,21
113900178,198,90,108
113900179,26,926,-900
113900180,122,153,-31
113900181,260,93,167
113900182,475,1185,-710
113900183,30,88,-58
113900184,21,616,-595
113900185,99,106,-7
113900186,33,50,-17
113900187,16,202,-186
113900188,25,166,-141
113900189,127,66,61
113900190,338,132,206
113900191,88,286,-198
113900192,3,224,-221
113900193,31,308,-277
113900194,1990,1090,900
113900195,276,563,-287
113900196,1,134,-133
113900197,3,377,-374
113900198,4,141,-137
113900199,214,756,-542
113900200,9,291,-282
113900201,1,299,-298
113900202,44,217,-173
113900203,5,291,-286
113900204,19,801,-782
113900205,14,111,-97
113900206,3,164,-161
113900207,1,65,-64
113900208,2,58,-56
113900209,0,117,-117
113900210,567,403,164
113900211,84,28,56
113900212,77,783,-706
113900214,553,302,251
113900215,39,173,-134
113900216,23,1655,-1632
113900217,27,418,-391
113900218,55,17,38
113900219,88,584,-496
113900220,74,36,38
113900221,290,146,144
113900222,331,296,35
113900223,33,1444,-1411
113900224,138,67,71
113900225,814,211,603
113900226,252,132,120
113900227,290,126,164
113900228,421,311,110
113900229,24,519,-495
113900230,5335,1070,4265
113900231,106,240,-134
113900232,38,93,-55
113900233,6,46,-40
113900234,106,337,-231
113900235,32,32,0
113900236,20,445,-425
113900237,49,7,42
113900238,177,183,-6
113900239,37,32,5
113900240,1,70,-69
113900241,106,77,29
113900242,40,147,-107
113900243,138,454,-316
113900244,495,160,335
113900245,1614,240,1374
113900246,23,24,-1
113900247,173,117,56
113900248,4653,795,3858
113900249,1149,143,1006
113900250,28,73,-45
113900251,174,172,2
113900252,213,6,207
113900253,312,12,300
113900254,136,42,94
113900255,189,12,177
113900256,142,14,128
113900257,34,915,-881
113900258,11,644,-633
113900259,227,279,-52
113900260,71,23,48
113900261,17,197,-180
113900262,93,943,-850
113900263,33,519,-486
113900264,3,809,-806
113900265,118,344,-226
113900266,19,319,-300
113900267,113,561,-448
113900268,199,281,-82
113900269,48,148,-100
113900270,239,412,-173
113900271,563,1768,-1205
113900273,6,5,1
113900274,5,9,-4
113900275,22,70,-48
113900276,3,286,-283
113900277,30,3,27
113900278,310,203,107
113900279,114,92,22
113900280,1095,554,541
113900281,198,852,-654
113900282,812,422,390
113900283,277,363,-86
113900284,407,119,288
113900285,55,50,5
113900286,12,162,-150
113900287,16,106,-90
113900288,1,83,-82
113900289,1914,49,1865
113900290,485,39,446
113900291,149,244,-95
113900292,6,4,2
113900293,4,275,-271
113900294,196,15,181
113900295,794,241,553
113900296,3058,284,2774
113900297,408,48,360
113900298,7,1824,-1817
113900299,72,216,-144
113900300,7755,1902,5853
113900301,871,194,677
113900302,2724,561,2163
113900303,766,118,648
113900304,0,198,-198
113900305,22,0,22
113900306,3,0,3
113900307,59,1,58
113900308,93,102,-9
113900309,6,943,-937
113900310,0,26,-26
113900311,0,0,0
113900312,52,81,-29
113900313,29,6,23
114000001,1091,3910,-2819
114000002,109,581,-472
114000003,66,317,-251
114000004,303,598,-295
114000005,117,364,-247
114000006,6953,2581,4372
114000007,657,1719,-1062
114000008,2318,1130,1188
114000009,167,186,-19
114000011,1802,3428,-1626
114000012,1070,3173,-2103
114000013,736,2478,-1742
114000014,448,581,-133
114000015,727,693,34
114000016,208,557,-349
114000017,101,250,-149
114000018,451,101,350
114000026,506,2137,-1631
114000027,1079,2263,-1184
114000028,1565,1780,-215
114000038,96,218,-122
114000039,41,132,-91
114000040,93,249,-156
114000042,50,281,-231
114000043,24,299,-275
114000044,58,102,-44
114000045,26,132,-106
114000046,3942,5663,-1721
114000047,12,88,-76
114000048,45,98,-53
114000049,1835,1171,664
114000050,2579,1068,1511
114000051,5958,1368,4590
114000052,3392,1050,2342
114000053,34,422,-388
114000054,50,1857,-1807
114000055,191,23,168
114000056,1235,677,558
114000057,9770,2459,7311
114000058,466,536,-70
114000059,241,150,91
114000060,329,1320,-991
114000061,3829,1348,2481
114000062,1919,684,1235
114000063,4138,1727,2411
114000064,9523,2356,7167
114000065,2022,2218,-196
114000066,188,570,-382
114000067,38,357,-319
114000068,576,389,187
114000069,831,487,344
114000070,2581,1252,1329
114000071,339,779,-440
114000072,123,447,-324
114000073,5,150,-145
114000074,11,22,-11
114000075,11,246,-235
114000076,14,245,-231
114000077,1,80,-79
114000078,70,1895,-1825
114000079,25,35,-10
114000080,63,115,-52
114000081,36,97,-61
114000082,65,745,-680
114000083,16,408,-392
114000084,76,115,-39
114000085,140,1128,-988
114000086,110,1010,-900
114000087,30,420,-390
114000088,25,72,-47
114000089,2037,670,1367
114000090,712,469,243
114000091,1947,384,1563
114000092,1179,287,892
114000093,891,744,147
114000094,282,453,-171
114000095,70,85,-15
114000096,71,629,-558
114000097,92,1281,-1189
114000098,157,50,107
114000099,96,1280,-1184
114000100,350,935,-585
114000101,201,1714,-1513
114000102,131,235,-104
114000103,62,601,-539
114000104,7,421,-414
114000105,30,46,-16
114000106,915,294,621
114000107,61,91,-30
114000108,2548,1434,1114
114000109,218,326,-108
114000110,538,2191,-1653
114000111,508,289,219
114000112,208,1999,-1791
114000113,353,306,47
114000114,1103,1856,-753
114000115,676,501,175
114000116,291,552,-261
114000117,843,269,574
114000118,840,210,630
114000119,492,186,306
114000120,505,1030,-525
114000121,355,595,-240
114000122,253,252,1
114000123,454,206,248
114000124,185,246,-61
114000125,658,2090,-1432
114000126,539,126,413
114000127,108,183,-75
114000128,460,618,-158
114000130,268,362,-94
114000131,80,34,46
114000132,772,1112,-340
114000133,1667,1886,-219
114000134,49,381,-332
114000138,63,253,-190
114000139,527,99,428
114000144,452,238,214
114000145,88,213,-125
114000146,50,477,-427
114000147,677,615,62
114000148,2015,985,1030
114000149,385,137,248
114000150,1133,759,374
114000151,799,672,127
114000152,246,18,228
114000153,1392,1314,78
114000154,975,821,154
114000155,1495,1292,203
114000156,744,413,331
114000157,270,558,-288
114000158,3007,788,2219
114000159,271,472,-201
114000160,212,287,-75
114000161,1584,843,741
114000162,1011,526,485
114000163,9,242,-233
114000165,170,102,68
114000166,846,164,682
114000167,5394,1223,4171
114000168,881,799,82
114000169,1950,417,1533
114000170,974,359,615
114000171,483,738,-255
114000174,200,490,-290
114000176,585,436,149
114000177,1968,907,1061
114000178,23,71,-48
114000179,1106,565,541
114000180,288,660,-372
114000181,1332,1705,-373
114000182,6298,2173,4125
114000183,1045,1177,-132
114000184,7584,2012,5572
114000185,795,760,35
114000189,188,34,154
114000190,831,136,695
114000191,11,23,-12
114000192,359,1865,-1506
114000193,935,3969,-3034
114000194,922,1303,-381
114000195,33,4,29
114000196,2,416,-414
114000197,423,3,420
114000198,1145,399,746
114000199,1641,864,777
114000200,555,3439,-2884
114000201,122,1376,-1254
114000202,721,966,-245
114000203,325,996,-671
114000204,77,399,-322
114000205,300,2336,-2036
114000206,219,1408,-1189
114000207,620,2957,-2337
114000208,513,3987,-3474
114000209,632,4130,-3498
114000210,319,2174,-1855
114000211,701,1590,-889
114000212,583,758,-175
114000213,886,670,216
114000214,84,317,-233
114000215,72,71,1
114000216,378,166,212
114000217,56,346,-290
114000218,69,353,-284
114000219,399,377,22
114000220,8,1606,-1598
114000221,291,72,219
114000222,169,1433,-1264
114000223,186,48,138
114000224,138,779,-641
114000225,72,614,-542
114000226,36,269,-233
114000227,526,499,27
114000228,349,1133,-784
114000229,372,1350,-978
114000230,912,1802,-890
114000231,363,1239,-876
114000232,282,126,156
114000233,841,174,667
114000234,641,1288,-647
114000235,417,1616,-1199
114000236,1,588,-587
114000237,40,1365,-1325
114000238,21,153,-132
114000239,128,1755,-1627
114000240,391,630,-239
114000241,274,1423,-1149
114000242,943,1114,-171
114000243,685,657,28
114000244,316,355,-39
114000245,262,723,-461
114000246,123,58,65
114000247,396,779,-383
114000248,458,455,3
114000249,315,539,-224
114000250,212,558,-346
114000251,92,402,-310
114000252,56,164,-108
114000253,64,400,-336
114000254,5,157,-152
114000255,462,128,334
114000256,1707,471,1236
114000257,497,2724,-2227
114000258,67,665,-598
114000259,24,327,-303
114000260,0,32,-32
114000261,16,15,1
114000262,35,278,-243
114000263,1,0,1
114000264,223,908,-685
114000265,0,12,-12
114000267,2,1026,-1024
114000268,9,2407,-2398
114000270,69,0,69
114000271,216,111,105
114000283,468,481,-13
114000285,49,385,-336
114000288,52,540,-488
114000289,881,81,800
114000293,78,327,-249
114000294,141,496,-355
114000395,522,43,479
114000396,157,228,-71
114000402,187,370,-183
114000403,149,718,-569
114000405,115,832,-717
114000423,59,657,-598
114000424,213,329,-116
114000425,131,893,-762
114000426,205,401,-196
114000427,31,164,-133
114000428,287,66,221
114000429,2,246,-244
114000432,33,180,-147
114000434,42,171,-129
114000435,6,243,-237
114900001,194,1890,-1696
114900002,280,57,223
114900003,173,2746,-2573
114900004,82,127,-45
114900005,184,1211,-1027
114900006,21,24,-3
114900007,32,2,30
114900008,58,16,42
114900010,3158,2199,959
114900011,22,64,-42
114900013,65,62,3
114900015,14,129,-115
114900018,629,56,573
114900020,57,34,23
114900022,4,514,-510
114900024,63,140,-77
114900025,218,279,-61
114900026,22,54,-32
114900027,227,279,-52
114900029,19,17,2
114900030,104,247,-143
114900031,65,23,42
114900032,100,32,68
114900033,1450,278,1172
114900034,31,325,-294
114900035,145,256,-111
114900036,239,1528,-1289
114900037,81,280,-199
114900038,187,1501,-1314
114900039,447,1060,-613
114900040,33,261,-228
114900041,213,923,-710
114900042,371,1135,-764
114900043,704,394,310
114900044,30,19,11
114900046,47,149,-102
114900047,147,1109,-962
114900048,17,237,-220
114900049,8,269,-261
114900050,13,770,-757
114900051,11,697,-686
114900052,67,208,-141
114900053,107,241,-134
114900054,66,175,-109
114900057,164,6,158
114900058,0,122,-122
114900059,31,21,10
114900060,1797,299,1498
114900061,80,260,-180
114900062,432,277,155
114900063,41,341,-300
114900064,362,968,-606
114900065,108,780,-672
114900067,7,411,-404
114900068,53,178,-125
114900069,330,242,88
114900070,155,896,-741
114900072,14,306,-292
114900073,1,305,-304
114900074,112,1457,-1345
114900075,53,2,51
114900076,6,504,-498
114900080,3549,461,3088
114900082,4642,1608,3034
114900083,434,775,-341
114900090,134,86,48
114900091,106,227,-121
114900095,538,162,376
114900096,880,608,272
114900097,43,0,43
114900098,4,285,-281
114900099,43,6,37
115000001,10134,8445,1689
115000002,2357,2933,-576
115000003,3892,5796,-1904
115000004,1667,4183,-2516
115000005,1054,3371,-2317
115000006,369,1301,-932
115000007,26,128,-102
115000008,376,397,-21
115000009,86,358,-272
115000010,219,176,43
115000013,86,129,-43
115000015,74,103,-29
115000016,250,179,71
115000019,6,350,-344
115000020,161,215,-54
115000021,251,360,-109
115000022,374,385,-11
115000023,222,308,-86
115000024,951,632,319
115000025,521,298,223
115000026,165,414,-249
115000027,130,210,-80
115000028,88,605,-517
115000029,164,139,25
115000030,189,704,-515
115000031,461,242,219
115000032,8,255,-247
115000033,78,8,70
115000034,87,867,-780
115000035,564,20,544
115000036,7,458,-451
115000037,128,1,127
115000038,45,227,-182
115000039,2973,1713,1260
115000040,7180,2437,4743
115000041,1065,1881,-816
115000042,854,576,278
115000043,2536,2301,235
115000044,3401,4886,-1485
115000045,1571,3154,-1583
115000046,1135,2257,-1122
115000047,932,1914,-982
115000048,1283,3658,-2375
115000049,1237,3069,-1832
115000050,2135,1630,505
115000051,2170,987,1183
115000052,4174,2084,2090
115000053,1002,891,111
115000054,1076,1869,-793
115000055,40,425,-385
115000056,100,260,-160
115000057,232,484,-252
115000058,240,94,146
115000059,170,367,-197
115000061,102,106,-4
115000062,58,326,-268
115000063,140,381,-241
115000064,131,202,-71
115000065,27,150,-123
115000067,153,15,138
115000069,22,225,-203
115000070,22,605,-583
115000071,63,4,59
115000072,42,44,-2
115000073,990,23,967
115000075,28,68,-40
115000076,3424,4195,-771
115000077,1052,5028,-3976
115000078,340,2362,-2022
115000079,965,2846,-1881
115000080,1195,3452,-2257
115000081,340,1055,-715
115000082,2187,2668,-481
115000083,1233,4431,-3198
115000084,704,1118,-414
115000085,340,1345,-1005
115000086,405,1069,-664
115000087,455,1687,-1232
115000088,1289,612,677
115000089,1649,1664,-15
115000090,930,572,358
115000091,278,1530,-1252
115000092,199,301,-102
115000093,287,1,286
115000094,8475,4470,4005
115000095,6918,3888,3030
115000096,423,2737,-2314
115000097,272,819,-547
115000098,367,954,-587
115000099,885,3777,-2892
115000100,481,561,-80
115000101,331,1916,-1585
115000102,227,173,54
115000103,389,1120,-731
115000105,58,272,-214
115000106,172,236,-64
115000107,207,752,-545
115000108,4346,3387,959
115000109,5601,1753,3848
115000110,1157,546,611
115000111,688,1454,-766
115000112,483,348,135
115000113,897,928,-31
115000114,1611,913,698
115000116,3451,1104,2347
115000117,4283,1505,2778
115000118,2345,1253,1092
115000119,2581,1551,1030
115000120,944,575,369
115000121,1902,761,1141
115000122,4361,710,3651
115000123,2298,1053,1245
115000124,584,503,81
115000125,396,656,-260
115000126,140,261,-121
115000127,239,154,85
115000128,1240,695,545
115000129,178,113,65
115000130,165,1529,-1364
115000131,194,335,-141
115000132,85,715,-630
115000133,130,420,-290
115000134,142,271,-129
115000135,67,241,-174
115000136,77,201,-124
115000137,81,249,-168
115000138,118,228,-110
115000139,118,371,-253
115000140,83,202,-119
115000141,125,468,-343
115000142,61,391,-330
115000143,174,475,-301
115000144,215,89,126
115000145,83,546,-463
115000146,131,197,-66
115000147,270,600,-330
115000148,249,2047,-1798
115000149,264,191,73
115000150,525,2135,-1610
115000151,321,434,-113
115000152,399,2362,-1963
115000153,331,420,-89
115000154,315,418,-103
115000155,374,1764,-1390
115000156,552,592,-40
115000157,917,1056,-139
115000158,658,326,332
115000159,600,365,235
115000160,644,505,139
115000161,426,681,-255
115000162,627,420,207
115000163,653,573,80
115000164,410,487,-77
115000165,225,292,-67
115000167,55,56,-1
115000168,509,353,156
115000169,568,461,107
115000170,39,145,-106
115000171,161,159,2
115000172,2167,699,1468
115000173,189,283,-94
115000174,36,133,-97
115000175,59,106,-47
115000176,153,34,119
115000177,136,96,40
115000178,8,353,-345
115000179,20,20,0
115000180,60,833,-773
115000181,220,142,78
115000182,292,405,-113
115000183,91,1268,-1177
115000186,475,271,204
115000187,98,817,-719
115000188,449,329,120
115000189,248,431,-183
115000190,593,227,366
115000191,332,387,-55
115000194,162,114,48
115000195,330,178,152
115000196,68,149,-81
115000197,118,569,-451
115000198,99,262,-163
115000199,86,454,-368
115000200,253,98,155
115000201,51,504,-453
115000206,90,56,34
115000207,25,354,-329
115000208,664,794,-130
115000209,294,139,155
115000210,69,95,-26
115000211,168,226,-58
115000212,1299,310,989
115000224,93,43,50
115000225,75,41,34
115000229,278,151,127
115000230,60,435,-375
115000231,251,2828,-2577
115000232,603,377,226
115000233,64,300,-236
115000234,13,221,-208
115000241,42,287,-245
115000242,35,311,-276
115000243,10,307,-297
115000244,0,98,-98
115000246,26,19,7
115000247,21,7,14
115000248,19,3,16
115000249,35,4,31
115000250,52,79,-27
115000251,57,166,-109
115000252,31,197,-166
115000253,2,180,-178
115000258,69,210,-141
115000259,229,167,62
115000261,5,70,-65
115000262,6,8,-2
115000263,4,33,-29
115000264,10,31,-21
115000267,21,63,-42
115000268,32,82,-50
115000269,37,28,9
115000270,3,17,-14
115000272,57,155,-98
115000273,151,18,133
115000280,2960,77,2883
115000281,783,122,661
115000282,1588,349,1239
115000284,360,53,307
115000296,342,1,341
115000297,167,44,123
115000298,144,79,65
115000300,52,281,-229
115000302,119,241,-122
115000303,176,188,-12
115000304,277,128,149
115000305,78,1483,-1405
115000306,105,801,-696
115000307,29,350,-321
115000308,82,17,65
115000309,12,5,7
115000310,473,1653,-1180
115000311,248,1641,-1393
115000313,92,1025,-933
115000314,135,68,67
115000315,1477,225,1252
115000316,20,45,-25
115000317,138,691,-553
115000318,347,217,130
115000319,13,283,-270
115000320,4,121,-117
115000321,184,13,171
115000322,15,267,-252
115000449,379,84,295
115000557,1,274,-273
115000558,119,62,57
115000587,223,281,-58
115000588,2061,4825,-2764
115000589,2347,2539,-192
115000590,830,1676,-846
115000591,1913,611,1302
115000592,708,1505,-797
115000593,1289,426,863
115000594,925,1351,-426
115000609,143,89,54
115000617,1758,983,775
115000624,64,83,-19
115000633,388,1987,-1599
115000634,2131,620,1511
115000635,195,134,61
115000638,1883,901,982
115000641,75,90,-15
115000642,315,243,72
115000643,84,597,-513
115000644,128,544,-416
115000646,620,794,-174
115000647,123,500,-377
115000648,576,1736,-1160
115000893,3538,666,2872
115000894,51,1341,-1290
115000895,184,996,-812
115000896,719,274,445
115000897,412,64,348
115000898,935,149,786
115000899,1129,920,209
115000900,101,323,-222
115000901,65,77,-12
115000912,194,57,137
115000913,3,58,-55
115000915,16,0,16
115000916,8,13,-5
115000917,0,0,0
115000918,100,107,-7
115000919,13,8,5
115000920,6,14,-8
115000921,1732,72,1660
115000922,805,301,504
115000923,436,726,-290
115000925,29,29,0
115000927,10,30,-20
115000933,264,106,158
115000934,77,301,-224
115000935,47,121,-74
115000936,42,134,-92
115000937,1064,126,938
115000938,103,83,20
115000939,97,64,33
115900001,24,118,-94
115900002,161,203,-42
115900003,64,143,-79
115900004,1,49,-48
115900005,37,3,34
115900006,61,547,-486
115900008,15,20,-5
115900009,31,361,-330
115900010,91,246,-155
115900011,135,352,-217
115900012,20,173,-153
115900013,399,139,260
115900014,94,192,-98
115900015,21,191,-170
115900016,38,24,14
115900017,0,0,0
115900018,190,80,110
115900019,676,23,653
115900020,13,0,13
115900021,2092,68,2024
115900022,2712,10,2702
115900023,3,1,2
115900025,107,150,-43
115900026,1064,405,659
115900027,2,636,-634
115900028,570,69,501
115900029,12,753,-741
115900030,15,2,13
115900031,299,98,201
115900032,279,708,-429
115900033,0,41,-41
115900034,15,720,-705
115900035,33,122,-89
115900036,310,191,119
115900037,16,575,-559
115900038,9,10,-1
115900039,77,410,-333
115900041,212,208,4
115900042,8,2,6
115900043,21,233,-212
115900044,185,172,13
115900046,102,294,-192
115900047,45,28,17
115900049,83,237,-154
115900051,0,123,-123
115900052,8,444,-436
115900053,41,337,-296
115900054,27,62,-35
115900055,22,176,-154
115900056,78,515,-437
115900057,3,2,1
115900058,28,89,-61
115900060,41,135,-94
115900061,21,0,21
115900062,13,411,-398
115900063,34,13,21
115900064,169,237,-68
115900065,21,170,-149
115900066,161,213,-52
115900067,4,951,-947
115900068,4610,133,4477
115900069,132,196,-64
115900070,65,360,-295
115900071,3,862,-859
115900072,87,251,-164
115900073,15,14,1
115900074,2,421,-419
115900075,18,502,-484
115900076,3,133,-130
115900077,16,391,-375
115900078,80,188,-108
115900079,48,10,38
115900080,416,157,259
115900081,5,106,-101
115900082,194,171,23
115900084,63,17,46
115900085,41,31,10
115900086,1766,494,1272
115900088,8,8,0
115900089,144,965,-821
115900090,55,15,40
115900091,0,15,-15
115900092,6,291,-285
115900093,4,73,-69
115900094,4,554,-550
115900096,0,21,-21
115900097,10,792,-782
115900098,52,570,-518
115900099,59,116,-57
115900100,7,665,-658
115900101,70,473,-403
115900102,11,132,-121
115900103,105,282,-177
115900104,21,240,-219
115900105,44,993,-949
115900106,13,18,-5
115900107,9,225,-216
115900108,27,27,0
115900109,53,550,-497
115900110,0,13,-13
115900111,0,100,-100
115900112,30,1121,-1091
115900113,12,21,-9
115900114,0,172,-172
115900115,18,219,-201
115900116,59,1339,-1280
115900117,11,9,2
115900118,5,493,-488
115900119,31,102,-71
115900120,18,502,-484
115900121,58,304,-246
115900124,143,174,-31
115900125,99,9,90
115900126,219,40,179
115900127,196,39,157
115900128,13,79,-66
115900129,363,13,350
115900130,42,202,-160
115900131,93,20,73
115900132,86,6,80
115900134,84,7,77
115900135,715,423,292
115900137,2,10,-8
115900139,42,23,19
115900140,34,6,28
115900141,4,36,-32
115900142,6,3,3
115900143,70,207,-137
115900144,15,185,-170
115900146,1,188,-187
115900147,107,178,-71
115900148,0,18,-18
115900149,26,33,-7
115900150,21,111,-90
115900151,5,47,-42
115900152,22,464,-442
115900153,14,264,-250
115900154,571,275,296
115900155,1,78,-77
115900156,414,855,-441
115900157,72,495,-423
115900158,29,9,20
115900159,23,323,-300
115900160,8,0,8
115900161,30,173,-143
115900163,99,138,-39
115900164,100,83,17
115900165,2,70,-68
115900166,180,263,-83
115900168,15,183,-168
115900171,65,355,-290
115900172,15,217,-202
115900173,90,141,-51
115900174,219,237,-18
115900175,41,152,-111
115900178,3,855,-852
115900179,42,12,30
115900180,25,419,-394
115900181,65,341,-276
115900182,113,334,-221
115900183,86,10,76
115900184,1044,11,1033
115900187,5,110,-105
115900189,1,65,-64
115900190,680,386,294
115900191,36,652,-616
115900192,2,90,-88
115900193,164,14,150
115900194,146,20,126
115900195,446,466,-20
115900198,230,300,-70
115900199,159,317,-158
115900200,457,422,35
115900201,201,192,9
115900202,1,2,-1
115900203,1,5,-4
115900204,0,0,0
115900205,33,2,31
115900206,37,131,-94
115900207,5,29,-24
115900208,25,423,-398
115900209,2,169,-167
115900210,6,167,-161
115900211,1,301,-300
115900212,76,375,-299
115900213,20,6,14
115900214,135,353,-218
115900215,18,32,-14
115900216,7,83,-76
115900217,3,70,-67
115900218,0,83,-83
115900219,10,0,10
115900220,24,10,14
115900221,19,4,15
115900222,6,4,2
115900223,1,53,-52
115900224,1854,218,1636
115900225,86,21,65
115900226,19,54,-35
115900227,3,49,-46
115900228,2,39,-37
115900229,3,55,-52
115900230,48,75,-27
115900231,52,4,48
115900232,9,0,9
115900233,57,13,44
115900234,28,20,8
115900235,1,7,-6
115900236,28,20,8
115900237,9,38,-29
115900238,20,16,4
115900239,3,38,-35
115900240,2,87,-85
115900241,34,92,-58
115900242,123,110,13
115900243,2,8,-6
115900244,1,17,-16
115900245,6,21,-15
115900246,78,3,75
115900247,9,4,5
115900248,5,2,3
115900249,0,2,-2
115900250,2,3,-1
115900251,1,13,-12
115900252,0,3,-3
115900253,3,39,-36
115900254,11,27,-16
115900255,1,3,-2
115900256,20,4,16
115900257,3,5,-2
115900258,0,5,-5
115900259,0,1,-1
115900260,14,1,13
115900261,8,3,5
115900262,3,1,2
115900263,13,2,11
115900264,1,7,-6
115900265,0,6,-6
115900266,4,6,-2
115900267,8,6,2
115900268,0,10,-10
115900269,89,611,-522
115900270,84,950,-866
115900271,13,0,13
115900272,8,0,8
115900273,3,5,-2
115900274,1,25,-24
115900275,0,43,-43
115900276,0,99,-99
115900277,1,189,-188
115900278,2,75,-73
115900279,8,106,-98
115900280,31,94,-63
115900281,487,74,413
115900282,9,8,1
115900283,3,15,-12
115900284,3,6,-3
116000001,24244,5614,18630
116000002,3382,4518,-1136
116000003,1797,2443,-646
116000004,1225,1533,-308
116000005,2138,3376,-1238
116000006,1241,904,337
116000007,5493,4878,615
116000008,6027,1126,4901
116000009,1760,3170,-1410
116000010,883,698,185
116000011,674,1938,-1264
116000012,459,503,-44
116000013,20001,5001,15000
116000014,24141,4370,19771
116000015,535,544,-9
116000016,9625,1227,8398
116000017,47,317,-270
116000018,701,380,321
116000019,379,268,111
116000020,378,1452,-1074
116000021,159,175,-16
116000022,216,551,-335
116000023,432,345,87
116000024,757,1679,-922
116000025,358,386,-28
116000026,1115,2646,-1531
116000027,467,443,24
116000028,356,465,-109
116000029,1168,638,530
116000030,275,237,38
116000031,168,243,-75
116000032,104,338,-234
116000033,107,462,-355
116000034,297,859,-562
116000035,121,664,-543
116000036,1759,330,1429
116000037,484,286,198
116000038,434,208,226
116000039,598,291,307
116000040,799,302,497
116000041,228,610,-382
116000042,292,261,31
116000043,57,490,-433
116000044,2,60,-58
116000045,936,596,340
116000046,816,729,87
116000047,1508,1532,-24
116000048,1538,1235,303
116000049,493,1445,-952
116000050,904,1609,-705
116000051,1457,1250,207
116000052,2132,3476,-1344
116000053,866,911,-45
116000054,456,2605,-2149
116000055,274,1819,-1545
116000056,287,850,-563
116000057,2649,2694,-45
116000058,2906,1819,1087
116000059,2066,2364,-298
116000060,3235,841,2394
116000061,575,932,-357
116000062,455,263,192
116000063,332,1130,-798
116000066,99,168,-69
116000067,253,686,-433
116000068,101,102,-1
116000069,170,599,-429
116000078,175,779,-604
116000080,902,1141,-239
116000082,6,204,-198
116000083,759,299,460
116000084,2257,4127,-1870
116000085,1431,715,716
116000086,2025,1487,538
116000087,875,803,72
116000088,706,1566,-860
116000089,120,80,40
116000090,137,126,11
116000091,221,69,152
116000093,972,563,409
116000094,346,813,-467
116000095,345,539,-194
116000096,483,1235,-752
116000097,309,884,-575
116000098,313,3477,-3164
116000099,9160,323,8837
116000100,52,11,41
116000101,245,2016,-1771
116000102,117,1401,-1284
116000103,316,202,114
116000104,79,1787,-1708
116000105,456,202,254
116000106,143,1362,-1219
116000107,1065,506,559
116000108,13,137,-124
116000111,38,18,20
116000113,110,63,47
116000114,23,196,-173
116000115,133,64,69
116000116,142,697,-555
116000117,659,1537,-878
116000118,669,1766,-1097
116000119,1255,1243,12
116000120,1995,5618,-3623
116000121,468,311,157
116000122,1350,2986,-1636
116000123,285,287,-2
116000124,253,1444,-1191
116000125,1000,427,573
116000126,228,1743,-1515
116000127,843,1943,-1100
116000128,817,570,247
116000129,329,200,129
116000130,122,188,-66
116000133,229,906,-677
116000134,926,3544,-2618
116000135,821,1127,-306
116000136,902,2640,-1738
116000137,300,563,-263
116000138,1649,505,1144
116000139,1364,2240,-876
116000140,45,244,-199
116000141,292,1295,-1003
116000142,3962,4119,-157
116000143,1860,1235,625
116000144,963,3548,-2585
116000145,1088,1684,-596
116000146,164,435,-271
116000147,122,101,21
116000148,178,360,-182
116000149,198,488,-290
116000151,339,1043,-704
116000153,53,369,-316
116000155,104,207,-103
116000156,1317,1145,172
116000157,18,19,-1
116000158,77,503,-426
116000159,9,9,0
116000160,21,151,-130
116000161,6,119,-113
116000162,41,36,5
116000163,2,3,-1
116000164,2,8,-6
116000177,20,92,-72
116000194,36,439,-403
116000195,1018,564,454
116000196,1,0,1
116000197,1,1,0
116000198,1312,782,530
116000200,752,168,584
116000201,452,678,-226
116000202,3,380,-377
116000203,0,97,-97
116000204,21,40,-19
116000205,0,181,-181
116000206,0,84,-84
116000207,1,49,-48
116000233,70,1111,-1041
116000287,76,730,-654
116000288,56,267,-211
116000292,14,169,-155
116000296,6,317,-311
116000297,64,2,62
116000304,9,55,-46
116000305,2,135,-133
116000346,55,253,-198
116000352,33,144,-111
116000354,25,45,-20
116000357,1,44,-43
116000358,104,15,89
116000361,94,2,92
116000372,11067,1658,9409
116000381,22,0,22
116000388,0,48,-48
116000389,336,560,-224
116000445,107,1036,-929
116000446,114,1120,-1006
116000447,3,492,-489
116000448,460,227,233
116000563,702,364,338
116000565,96,534,-438
116000568,26,131,-105
116000579,28,161,-133
116000584,3,22,-19
116000585,5,12,-7
116000586,251,74,177
116000587,63,444,-381
116000589,11,98,-87
116000590,56,42,14
116000591,27,265,-238
116000592,4,166,-162
116000593,0,69,-69
116000594,113,784,-671
116000595,276,269,7
116000596,21,8,13
116000597,98,62,36
116000598,9,350,-341
116000602,129,121,8
116000605,146,155,-9
116000606,21,102,-81
116000607,1,18,-17
116000609,147,453,-306
116000611,38,626,-588
116000612,356,1773,-1417
116000613,158,265,-107
116000614,418,1065,-647
116000615,1,92,-91
116000616,12,182,-170
116000617,35,194,-159
116000618,1,191,-190
116000619,10,44,-34
116000620,13,21,-8
116000621,26,55,-29
116000622,18,102,-84
116000624,17,79,-62
116000627,4,36,-32
116000628,24,978,-954
116000629,30,694,-664
116000630,73,135,-62
116000631,25,106,-81
116000632,112,650,-538
116000633,4,1056,-1052
116000634,99,43,56
116000635,1814,882,932
116000636,644,704,-60
116000637,63,21,42
116000638,8,909,-901
116900001,106,123,-17
116900002,270,2,268
116900003,5,89,-84
116900004,25,25,0
116900005,75,57,18
116900006,213,121,92
116900007,61,168,-107
116900008,121,677,-556
116900009,15,6,9
116900010,9,2425,-2416
116900011,6,41,-35
116900012,110,201,-91
116900013,9,198,-189
116900014,14,414,-400
116900015,120,100,20
116900016,22,0,22
116900017,3,847,-844
116900018,14,27,-13
116900019,8,505,-497
116900020,2126,172,1954
116900023,26,2,24
116900024,97,106,-9
116900025,252,1400,-1148
116900026,167,762,-595
116900027,5,65,-60
116900028,2,146,-144
116900029,25,6,19
116900031,0,13,-13
116900032,6,475,-469
116900033,1,2,-1
116900034,3,71,-68
116900035,58,212,-154
116900036,2,119,-117
116900038,7,1,6
116900041,10,8,2
116900042,1114,142,972
116900043,5,63,-58
116900047,72,24,48
116900049,33,236,-203
116900050,41,383,-342
116900051,19,339,-320
116900052,87,98,-11
116900055,0,3,-3
116900057,13,318,-305
116900058,38,485,-447
116900059,0,161,-161
116900060,70,264,-194
116900062,0,4,-4
116900064,26,1309,-1283
116900065,6,105,-99
116900067,38,174,-136
116900068,62,612,-550
116900070,1,3,-2
116900072,4,576,-572
116900073,12,248,-236
116900074,5,55,-50
116900076,6,16,-10
116900077,8,291,-283
116900078,215,176,39
116900079,8,413,-405
116900080,1,25,-24
116900081,203,1560,-1357
116900082,182,1234,-1052
116900083,38,95,-57
116900084,97,56,41
116900085,20,178,-158
116900086,18,220,-202
116900088,438,63,375
116900090,176,60,116
116900091,71,149,-78
116900092,38,867,-829
116900093,2133,1399,734
116900094,7829,1461,6368
116900095,76,187,-111
116900096,51,48,3
116900097,3513,936,2577
116900098,1081,134,947
116900099,358,225,133
116900100,304,3,301
116900101,184,792,-608
116900103,0,1,-1
116900104,11,64,-53
116900105,129,19,110
116900106,433,301,132
116900107,4814,815,3999
116900110,3,0,3
116900111,100,1589,-1489
116900112,107,967,-860
116900113,3429,638,2791
116900116,69,154,-85
116900117,9,96,-87
116900118,1302,461,841
116900120,71,123,-52
116900121,33,70,-37
116900122,212,1087,-875
116900123,53,1066,-1013
116900124,80,908,-828
116900125,97,241,-144
116900126,259,426,-167
116900128,1,60,-59
116900129,1,433,-432
116900130,1336,1858,-522
116900131,27,125,-98
116900132,26,65,-39
116900133,30,81,-51
116900134,93,181,-88
116900136,164,151,13
116900137,162,190,-28
116900138,97,213,-116
116900139,39,386,-347
116900140,86,210,-124
116900141,283,373,-90
116900142,1,16,-15
116900143,102,565,-463
116900144,11,21,-10
116900145,68,432,-364
116900147,511,277,234
116900148,0,20,-20
116900149,7,78,-71
116900150,2,5,-3
116900151,96,24,72
116900153,34,49,-15
116900154,421,139,282
116900155,35,43,-8
116900157,118,403,-285
116900158,6,39,-33
116900159,16,162,-146
116900160,399,203,196
116900161,11436,2682,8754
116900162,0,198,-198
116900163,17,186,-169
116900164,18,18,0
116900165,52,66,-14
116900166,4,109,-105
116900167,154,51,103
116900168,70,119,-49
116900169,533,124,409
116900170,95,166,-71
116900171,22,310,-288
116900172,214,48,166
116900173,36,73,-37
116900174,9,15,-6
116900175,95,58,37
116900178,7,252,-245
116900179,69,44,25
116900180,24,32,-8
116900182,198,244,-46
116900183,48,78,-30
116900185,8,21,-13
116900186,45,444,-399
116900187,7,13,-6
116900188,35,10,25
116900189,9,2,7
116900191,182,359,-177
116900192,122,178,-56
116900194,22,386,-364
116900195,21,9,12
116900196,11,149,-138
116900197,11,1,10
116900198,344,94,250
116900200,11,41,-30
116900201,16,8,8
116900202,117,65,52
116900203,51,0,51
116900204,25,32,-7
116900206,5,38,-33
116900207,7,18,-11
116900208,4,189,-185
116900209,22,136,-114
116900210,183,147,36
116900211,198,21,177
116900212,5,96,-91
116900213,86,235,-149
116900214,36,125,-89
116900215,58,97,-39
116900216,111,472,-361
116900218,6,384,-378
116900219,664,418,246
116900220,80,240,-160
116900221,47,267,-220
116900222,217,337,-120
116900223,36,194,-158
116900226,15,57,-42
116900227,53,51,2
116900228,134,311,-177
116900230,15,403,-388
116900231,0,550,-550
116900232,5,530,-525
116900233,61,81,-20
116900234,4,5,-1
116900235,77,327,-250
116900238,1365,301,1064
116900239,56,536,-480
116900240,6552,1567,4985
116900241,14,281,-267
116900242,451,120,331
116900243,0,145,-145
116900245,21,14,7
116900246,10,0,10
116900247,163,15,148
116900248,31,25,6
116900249,102,147,-45
116900250,101,64,37
116900251,493,122,371
116900252,22,1175,-1153
116900253,46,78,-32
116900254,5,82,-77
116900255,93,33,60
116900256,84,66,18
116900257,5,860,-855
116900258,5,450,-445
116900259,38,4,34
116900260,0,179,-179
116900261,3,1,2
116900262,88,144,-56
116900263,0,1,-1
116900264,0,1,-1
116900265,8,0,8
116900266,2,56,-54
116900267,3,1,2
116900268,7,11,-4
116900269,251,578,-327
116900271,3506,62,3444
116900272,464,712,-248
116900273,157,33,124
116900274,40,76,-36
116900275,34,171,-137
116900276,1433,53,1380
116900277,682,14,668
116900278,3,9,-6
116900279,2,29,-27
116900280,4,36,-32
116900281,8786,1357,7429
116900282,2,123,-121
116900283,13,126,-113
116900284,18,246,-228
116900285,395,83,312
116900286,193,8,185
116900287,1,106,-105
116900288,23,134,-111
116900289,3,51,-48
116900290,1,29,-28
116900291,0,7,-7
116900292,0,1,-1
116900293,2,108,-106
116900294,16,103,-87
116900295,163,67,96
116900296,37,32,5
116900297,5,34,-29
116900298,84,34,50
116900299,16,93,-77
116900300,156,376,-220
116900301,90,92,-2
116900302,31,39,-8
116900303,476,22,454
116900304,0,105,-105
116900305,10,23,-13
116900306,17,149,-132
117000001,746,956,-210
117000002,1136,4865,-3729
117000003,4711,2247,2464
117000004,4320,5197,-877
117000005,790,1360,-570
117000006,806,4538,-3732
117000007,1813,1127,686
117000008,1062,4778,-3716
117000009,4137,1144,2993
117000010,2624,4301,-1677
117000011,1016,1527,-511
117000012,961,2182,-1221
117000013,497,1209,-712
117000014,488,2736,-2248
117000015,2464,1168,1296
117000016,228,71,157
117000017,247,130,117
117000018,114,270,-156
117000019,110,1,109
117000020,800,701,99
117000021,3693,305,3388
117000022,392,56,336
117000023,366,101,265
117000024,513,58,455
117000025,660,633,27
117000026,2076,531,1545
117000027,2108,1120,988
117000028,965,425,540
117000030,442,530,-88
117000031,374,149,225
117000032,1587,1396,191
117000033,930,780,150
117000034,172,270,-98
117000035,138,153,-15
117000036,171,250,-79
117000037,120,172,-52
117000038,131,297,-166
117000039,170,322,-152
117000040,145,1725,-1580
117000041,410,147,263
117000044,14,1463,-1449
117000045,170,53,117
117000046,366,841,-475
117000047,250,561,-311
117000048,1957,1613,344
117000049,107,444,-337
117000050,73,3291,-3218
117000051,1170,133,1037
117000052,9,954,-945
117000053,124,89,35
117000054,896,3,893
117000055,25,4231,-4206
117000056,330,10,320
117000057,741,2158,-1417
117000060,315,2685,-2370
117000061,632,548,84
117000062,197,568,-371
117000063,717,534,183
117000064,946,748,198
117000066,1264,595,669
117000067,115,294,-179
117000074,176,95,81
117000076,112,62,50
117000077,167,51,116
117000078,89,576,-487
117000079,136,133,3
117000080,0,448,-448
117000081,377,128,249
117000082,9,69,-60
117000083,38,3,35
117000084,198,7,191
117000085,114,375,-261
117000086,1022,837,185
117000087,62,454,-392
117000088,244,166,78
117000089,883,378,505
117000090,155,2008,-1853
117000091,335,418,-83
117000092,249,2300,-2051
117000093,484,637,-153
117000094,441,3082,-2641
117000095,1118,716,402
117000096,371,3259,-2888
117000097,585,1082,-497
117000098,2717,7186,-4469
117000099,1200,709,491
117000100,96,131,-35
117000101,197,1777,-1580
117000102,676,411,265
117000103,759,2219,-1460
117000104,647,416,231
117000105,509,2509,-2000
117000106,434,584,-150
117000107,303,3197,-2894
117000108,559,651,-92
117000109,1784,3941,-2157
117000110,649,474,175
117000111,2320,4196,-1876
117000112,1644,1793,-149
117000113,70,415,-345
117000114,71,95,-24
117000115,22,205,-183
117000116,28,230,-202
117000117,1279,279,1000
117000118,128,146,-18
117000119,51,37,14
117000120,129,29,100
117000121,32,164,-132
117000122,516,539,-23
117000123,1349,23,1326
117000124,220,16,204
117000125,305,66,239
117000126,25,38,-13
117000127,134,333,-199
117000128,330,429,-99
117000129,514,297,217
117000130,74,2,72
117000131,1,244,-243
117000132,931,24,907
117000133,508,126,382
117000134,1,83,-82
117000135,4,23,-19
117000136,0,50,-50
117000137,37,55,-18
117000138,5,491,-486
117000140,284,2414,-2130
117000141,676,467,209
117000181,1349,336,1013
117000182,183,119,64
117000195,185,1685,-1500
117000196,77,29,48
117000225,100,0,100
117000226,4,84,-80
117000276,67,14,53
117000277,6,746,-740
117000310,2336,2648,-312
117000315,17,365,-348
117000320,33,0,33
117000906,65,9,56
117000907,9,651,-642
117000908,73,8,65
117000909,55,30,25
117000910,153,124,29
117000911,93,276,-183
117000915,7,712,-705
117000916,3,0,3
117000917,416,13,403
117000918,27,26,1
117000919,9,234,-225
117000920,10,1950,-1940
117000921,7,3060,-3053
117000922,20,79,-59
117000924,145,494,-349
117000926,1590,83,1507
117000927,831,192,639
117000928,0,356,-356
117000929,128,654,-526
117000930,30,16,14
117000931,340,25,315
117900002,121,316,-195
117900003,1067,219,848
117900005,11,11,0
117900006,2,34,-32
117900007,39,208,-169
117900008,0,65,-65
117900010,70,190,-120
117900011,18,31,-13
117900012,15,231,-216
117900013,1,484,-483
117900014,128,324,-196
117900015,13,335,-322
117900016,1364,296,1068
117900017,153,581,-428
117900018,212,37,175
117900019,89,686,-597
117900020,60,155,-95
117900021,8,134,-126
117900022,11,39,-28
117900023,878,73,805
117900024,38,239,-201
117900025,33,31,2
117900026,111,541,-430
117900028,18,3,15
117900029,80,1177,-1097
117900030,96,117,-21
117900031,82,57,25
117900032,381,129,252
117900033,69,1178,-1109
117900034,30,41,-11
117900035,62,47,15
117900036,135,982,-847
117900037,22,160,-138
117900038,19,510,-491
117900039,2,87,-85
117900040,87,762,-675
117900041,8,81,-73
117900042,5440,400,5040
117900043,22,47,-25
117900044,29,1055,-1026
117900045,86,79,7
117900048,63,378,-315
117900049,49,646,-597
117900050,8,27,-19
117900051,5,5,0
117900052,31,200,-169
117900053,527,714,-187
117900054,1,10,-9
117900055,123,77,46
117900056,208,24,184
117900057,664,1366,-702
117900058,44,8,36
117900059,369,77,292
117900060,545,6426,-5881
117900061,7,90,-83
117900063,70,204,-134
117900065,665,1129,-464
117900066,2,35,-33
117900067,144,326,-182
117900069,226,553,-327
117900070,122,4,118
117900071,55,119,-64
117900073,119,485,-366
117900074,74,6,68
117900075,22,105,-83
117900076,11,79,-68
117900077,192,104,88
117900078,156,304,-148
117900080,54,62,-8
117900081,590,478,112
117900082,171,153,18
117900083,124,814,-690
117900086,22,55,-33
117900087,15,67,-52
117900088,2759,1635,1124
117900089,887,268,619
117900090,86,864,-778
117900091,141,149,-8
117900092,15,66,-51
117900093,35,135,-100
117900094,17,1,16
117900095,89,669,-580
117900096,40,271,-231
117900097,163,75,88
117900098,6,1,5
117900099,52,593,-541
117900100,40,1,39
117900101,345,742,-397
117900102,25,49,-24
117900103,10,1,9
117900104,2,137,-135
117900105,101,205,-104
117900106,34,62,-28
117900107,7,0,7
117900109,206,259,-53
117900110,9,1,8
117900111,124,2,122
117900112,13,9,4
117900113,4304,1479,2825
117900114,1,0,1
117900115,112,24,88
117900116,859,752,107
117900117,232,371,-139
117900118,26,0,26
117900119,36,405,-369
117900120,88,117,-29
117900121,14,22,-8
117900122,965,978,-13
117900123,361,963,-602
117900124,489,518,-29
117900125,956,653,303
117900126,343,649,-306
117900127,173,774,-601
117900128,146,1204,-1058
117900129,19,0,19
117900130,691,314,377
117900131,3,129,-126
117900132,4,119,-115
117900133,3,191,-188
117900134,44,260,-216
117900135,7,364,-357
117900136,1,88,-87
117900137,20,436,-416
117900138,0,74,-74
117900139,23,135,-112
117900140,5589,80,5509
117900141,133,320,-187
117900142,4,14,-10
117900144,45,95,-50
117900145,43,1,42
117900146,78,67,11
117900147,23,68,-45
117900148,2936,1066,1870
117900149,16,235,-219
117900150,11,182,-171
117900151,14,192,-178
117900152,53,115,-62
117900153,8,81,-73
117900154,150,646,-496
117900156,636,591,45
117900157,32,341,-309
117900158,54,45,9
117900160,236,241,-5
117900161,2491,2520,-29
117900162,78,310,-232
117900163,35,13,22
117900165,0,3,-3
117900166,87,127,-40
117900168,49,162,-113
117900169,1,159,-158
117900170,2,38,-36
117900171,6,10,-4
117900172,15,54,-39
117900173,164,50,114
117900174,48,44,4
117900175,4,25,-21
117900176,4,76,-72
117900177,11,50,-39
117900178,69,38,31
117900180,354,18,336
117900181,124,86,38
117900182,2,17,-15
117900183,19,122,-103
117900184,3,38,-35
117900185,1,19,-18
117900186,10,17,-7
117900187,8,2,6
117900188,151,13,138
117900189,41,6,35
117900190,3,0,3
117900191,16,0,16
117900192,52,0,52
117900193,4,53,-49
117900194,2,7,-5
117900195,8,28,-20
117900196,13,9,4
117900207,93,51,42
117900208,36,43,-7
117900209,88,139,-51
117900210,125,154,-29
117900211,4,267,-263
117900212,70,143,-73
117900213,4,7,-3
117900214,2,52,-50
117900215,6,40,-34
117900216,29,17,12
117900217,77,31,46
117900218,242,156,86
117900219,2,22,-20
117900220,35,65,-30
117900222,112,273,-161
117900223,81,113,-32
118000001,618,312,306
118000002,1389,1860,-471
118000003,1154,800,354
118000004,2709,2190,519
118000005,5990,1573,4417
118000006,9503,6195,3308
118000007,6177,1798,4379
118000008,5296,2810,2486
118000009,2136,4185,-2049
118000010,6111,4881,1230
118000011,657,3786,-3129
118000012,869,3897,-3028
118000013,3966,3689,277
118000014,2353,4180,-1827
118000016,235,703,-468
118000017,156,401,-245
118000018,149,793,-644
118000019,1763,1309,454
118000020,1247,1171,76
118000021,694,1485,-791
118000022,2126,559,1567
118000023,1071,266,805
118000024,1721,613,1108
118000027,19793,4445,15348
118000029,1461,467,994
118000032,1731,1240,491
118000033,2642,1870,772
118000034,4913,1848,3065
118000035,1575,1390,185
118000036,882,1187,-305
118000037,491,1041,-550
118000038,125,151,-26
118000039,80,430,-350
118000040,1228,2699,-1471
118000041,1535,1662,-127
118000045,792,103,689
118000046,1638,596,1042
118000047,1681,296,1385
118000048,3726,1091,2635
118000051,2348,623,1725
118000052,1436,479,957
118000053,294,377,-83
118000054,1528,1157,371
118000055,957,1240,-283
118000056,204,254,-50
118000057,287,286,1
118000058,3086,996,2090
118000059,1774,658,1116
118000060,524,977,-453
118000061,474,1228,-754
118000062,375,207,168
118000063,283,398,-115
118000064,795,1192,-397
118000065,5400,1361,4039
118000066,654,901,-247
118000067,1583,1062,521
118000068,1661,2407,-746
118000069,3361,1621,1740
118000070,9492,1464,8028
118000071,4405,4026,379
118000072,2058,877,1181
118000073,2692,337,2355
118000074,228,316,-88
118000075,559,339,220
118000076,1001,996,5
118000077,1146,1110,36
118000078,1617,1852,-235
118000079,279,439,-160
118000080,982,798,184
118000081,1188,1092,96
118000082,344,626,-282
118000083,2784,1044,1740
118000084,2840,1603,1237
118000086,132,715,-583
118000087,7334,2458,4876
118000088,2066,2090,-24
118000089,4435,2573,1862
118000090,2971,1999,972
118000091,2015,1583,432
118000092,1465,374,1091
118000093,120,561,-441
118000096,403,460,-57
118000097,481,482,-1
118000098,134,209,-75
118000099,214,1256,-1042
118000101,455,401,54
118000102,207,2015,-1808
118000107,4072,427,3645
118000108,413,525,-112
118000110,0,15,-15
118000111,2,834,-832
118000112,67,1,66
118000113,11,1387,-1376
118000114,62,3,59
118000115,15,0,15
118000116,20,1,19
118000117,1221,940,281
118000118,583,780,-197
118000119,622,1311,-689
118000120,1376,1628,-252
118000121,63,428,-365
118000122,617,141,476
118000123,49,284,-235
118000125,1650,1393,257
118000126,506,1950,-1444
118000127,1443,613,830
118000128,554,1270,-716
118000129,518,231,287
118000130,3788,5834,-2046
118000131,510,1403,-893
118000132,2140,1656,484
118000133,296,463,-167
118000135,325,316,9
118000136,78,670,-592
118000137,478,94,384
118000138,210,1178,-968
118000139,97,115,-18
118000140,2145,2445,-300
118000141,1332,2383,-1051
118000142,974,2643,-1669
118000143,806,856,-50
118000144,1565,1064,501
118000145,1069,4098,-3029
118000146,767,2290,-1523
118000147,568,2249,-1681
118000148,251,1387,-1136
118000149,456,1221,-765
118000150,198,184,14
118000151,144,482,-338
118000153,443,1292,-849
118000154,387,1583,-1196
118000155,465,1316,-851
118000156,2420,2189,231
118000157,300,324,-24
118000158,84,627,-543
118000159,9,55,-46
118000160,167,487,-320
118000161,213,1231,-1018
118000162,1056,723,333
118000163,228,747,-519
118000164,1990,1540,450
118000168,2105,204,1901
118000169,1168,2385,-1217
118000170,4538,9008,-4470
118000171,243,814,-571
118000172,81,341,-260
118000173,644,1215,-571
118000175,181,314,-133
118000176,169,340,-171
118000177,137,464,-327
118000178,20,29,-9
118000179,2177,548,1629
118000180,682,906,-224
118000181,699,417,282
118000182,186,323,-137
118000183,145,175,-30
118000184,251,1590,-1339
118000185,1070,736,334
118000186,515,940,-425
118000187,559,1327,-768
118000188,159,328,-169
118000189,206,949,-743
118000190,1,15,-14
118000191,8,31,-23
118000192,57,98,-41
118000193,38,218,-180
118000194,1897,941,956
118000195,850,458,392
118000196,307,76,231
118000197,144,69,75
118000198,723,275,448
118000199,376,268,108
118000200,54,184,-130
118000201,342,379,-37
118000202,35,36,-1
118000203,1288,294,994
118000204,190,117,73
118000205,337,260,77
118000206,114,200,-86
118000207,0,131,-131
118000208,965,1562,-597
118000209,1053,2153,-1100
118000210,14,15,-1
118000211,3,24,-21
118000213,789,723,66
118000214,658,231,427
118000215,190,306,-116
118000216,930,3364,-2434
118000217,12,162,-150
118000218,32,130,-98
118000219,410,361,49
118000220,0,22,-22
118000221,44,193,-149
118000222,92,39,53
118000223,10,35,-25
118000224,238,138,100
118000225,65,993,-928
118000226,348,105,243
118000227,1107,338,769
118000228,215,127,88
118000229,103,21,82
118000230,36,331,-295
118000231,13,222,-209
118000232,407,1158,-751
118000233,455,962,-507
118000234,121,359,-238
118000236,227,574,-347
118000237,47,943,-896
118000238,48,417,-369
118000239,167,258,-91
118000240,656,48,608
118000241,67,370,-303
118000242,258,842,-584
118000243,73,172,-99
118000244,17,265,-248
118000246,0,9,-9
118000255,33,210,-177
118000256,41,272,-231
118000259,3,64,-61
118000260,92,96,-4
118000261,19,159,-140
118000263,45,247,-202
118000266,101,627,-526
118000267,0,155,-155
118000268,107,4,103
118000270,32,37,-5
118000271,69,305,-236
118000272,23,44,-21
118000273,46,94,-48
118000274,107,473,-366
118000276,174,322,-148
118000295,2,43,-41
118000298,112,646,-534
118000299,39,303,-264
118000301,0,63,-63
118000302,31,119,-88
118000311,82,169,-87
118000312,85,274,-189
118000313,18,237,-219
118000314,22,91,-69
118000315,22,77,-55
118000316,382,507,-125
118000325,14,78,-64
118000326,12,64,-52
118000331,2,65,-63
118000332,3,53,-50
118000333,10,88,-78
118000335,60,0,60
118000336,4,497,-493
118000407,33,81,-48
118000457,6,46,-40
118000465,3910,2350,1560
118000480,7,214,-207
118000489,23,108,-85
118000490,66,565,-499
118000492,142,206,-64
118000510,78,29,49
118000514,118,385,-267
118000515,387,240,147
118000517,407,204,203
118000524,1206,190,1016
118000525,923,1068,-145
118000530,12,148,-136
118000531,98,237,-139
118000532,83,412,-329
118000533,187,154,33
118000534,282,491,-209
118000535,85,141,-56
118000536,792,321,471
118000537,15,70,-55
118000538,22,90,-68
118000539,22,117,-95
118000540,242,367,-125
118000541,175,146,29
118000542,47,176,-129
118000543,96,279,-183
118000546,25,29,-4
118000553,0,1,-1
118000560,4189,516,3673
118000562,6,406,-400
118000563,2051,1731,320
118000576,64,257,-193
118000577,180,114,66
118000578,143,93,50
118000579,871,929,-58
118000583,0,1,-1
118000595,113,77,36
118000596,0,56,-56
118000597,56,172,-116
118000598,9,0,9
118000599,7,42,-35
118000600,0,57,-57
118000601,2,0,2
118000602,0,37,-37
118000603,0,36,-36
118900001,1533,563,970
118900002,1325,471,854
118900003,58,14,44
118900004,16,79,-63
118900005,37,1,36
118900006,18,1,17
118900007,3,4,-1
118900008,785,47,738
118900009,17,4,13
118900010,5,3,2
118900011,71,27,44
118900012,183,264,-81
118900013,765,29,736
118900015,73,33,40
118900016,13,26,-13
118900017,55,77,-22
118900018,1469,14,1455
118900019,33,9,24
118900020,93,101,-8
118900021,93,328,-235
118900022,76,97,-21
118900023,41,91,-50
118900024,15,204,-189
118900025,21,19,2
118900026,21,89,-68
118900027,319,213,106
118900028,41,161,-120
118900029,97,511,-414
118900030,27,64,-37
118900031,56,186,-130
118900032,37,208,-171
118900033,271,908,-637
118900034,28,1,27
118900035,89,310,-221
118900036,347,565,-218
118900037,170,301,-131
118900038,125,399,-274
118900039,103,327,-224
118900040,106,149,-43
118900041,84,201,-117
118900042,135,148,-13
118900045,145,134,11
118900046,767,109,658
118900047,800,127,673
118900048,35,151,-116
118900049,75,30,45
118900050,8,202,-194
118900051,16,53,-37
118900052,124,255,-131
118900053,22,90,-68
118900054,36,77,-41
118900055,7,117,-110
118900056,28,96,-68
118900057,115,237,-122
118900058,215,554,-339
118900059,10,67,-57
118900060,12,127,-115
118900062,38,249,-211
118900064,655,285,370
118900065,18,100,-82
118900066,37,107,-70
118900067,8964,2547,6417
118900068,4,71,-67
118900069,150,275,-125
118900071,8,30,-22
118900072,190,386,-196
118900073,21,101,-80
118900074,30,125,-95
118900075,8,85,-77
118900076,103,46,57
118900077,101,158,-57
118900078,12,2,10
118900079,24,143,-119
118900080,7,62,-55
118900081,20,19,1
118900082,236,169,67
118900083,2,26,-24
118900084,2,17,-15
118900085,345,897,-552
118900086,3,29,-26
118900087,41,93,-52
118900088,0,25,-25
118900089,10,14,-4
118900090,318,542,-224
118900091,212,48,164
118900092,63,100,-37
118900093,71,21,50
118900096,18,7,11
118900097,119,1024,-905
118900099,30,282,-252
118900100,98,187,-89
118900101,41,931,-890
118900102,9,52,-43
118900103,37,49,-12
118900104,39,237,-198
118900105,136,118,18
118900107,218,133,85
118900108,70,84,-14
118900110,1930,268,1662
118900111,125,781,-656
118900112,21,66,-45
118900113,45,856,-811
118900114,6,126,-120
118900115,53,377,-324
118900116,36,175,-139
118900117,34,254,-220
118900118,108,615,-507
118900119,65,305,-240
118900120,51,326,-275
118900121,1,346,-345
118900122,4,385,-381
118900123,69,241,-172
118900124,52,263,-211
118900126,8,159,-151
118900129,125,167,-42
118900130,28,40,-12
118900131,47,307,-260
118900132,131,162,-31
118900133,18,77,-59
118900135,67,256,-189
118900136,169,1007,-838
118900137,0,10,-10
118900139,52,646,-594
118900140,333,1153,-820
118900141,39,365,-326
118900144,65,812,-747
118900145,20,220,-200
118900146,176,889,-713
118900147,52,65,-13
118900148,15,81,-66
118900150,93,198,-105
118900152,238,1030,-792
118900157,93,139,-46
118900158,26,113,-87
118900159,0,246,-246
118900161,56,1,55
118900163,230,64,166
118900164,0,97,-97
118900165,14,558,-544
118900166,32,3,29
118900167,18,254,-236
118900168,3,47,-44
118900169,63,706,-643
118900170,28,127,-99
118900171,5,29,-24
118900174,34,77,-43
118900175,62,322,-260
118900176,27,171,-144
118900177,10,56,-46
118900178,16,85,-69
118900179,1,53,-52
118900181,67,106,-39
118900182,67,24,43
118900183,1,36,-35
118900184,180,50,130
118900185,27,121,-94
118900186,42,104,-62
118900187,75,277,-202
118900188,120,296,-176
118900189,7,286,-279
118900190,9,768,-759
118900191,48,37,11
118900192,44,32,12
118900193,44,6,38
118900195,302,1089,-787
118900196,17,204,-187
118900197,55,115,-60
118900198,7,69,-62
118900199,6,53,-47
118900200,21,5,16
118900201,5,7,-2
118900202,8,77,-69
118900203,2,60,-58
118900204,5,57,-52
118900205,4,17,-13
118900206,1,46,-45
119000001,751,897,-146
119000002,3952,2559,1393
119000003,1363,1971,-608
119000004,1508,1377,131
119000005,1143,1452,-309
119000006,1080,1357,-277
119000007,2366,2964,-598
119000008,1423,2750,-1327
119000009,5006,2421,2585
119000010,13123,4438,8685
119000011,8014,1780,6234
119000012,8416,3194,5222
119000013,2710,1255,1455
119000014,2633,4012,-1379
119000019,152,216,-64
119000020,909,1493,-584
119000021,2208,2174,34
119000022,4394,1453,2941
119000023,248,250,-2
119000024,3259,5184,-1925
119000025,17090,1710,15380
119000026,569,249,320
119000027,1214,443,771
119000028,2040,1597,443
119000029,167,285,-118
119000030,468,1602,-1134
119000031,543,894,-351
119000032,3343,2719,624
119000033,1811,2047,-236
119000034,811,1147,-336
119000035,18,477,-459
119000036,585,1628,-1043
119000037,647,3302,-2655
119000038,78,1551,-1473
119000039,109,427,-318
119000040,1292,551,741
119000041,1071,939,132
119000048,4503,4989,-486
119000049,1392,4988,-3596
119000050,1557,2724,-1167
119000051,1593,927,666
119000052,2408,3320,-912
119000053,1646,1327,319
119000054,2028,5121,-3093
119000055,1813,4052,-2239
119000056,1422,2252,-830
119000057,1220,3326,-2106
119000058,1404,2880,-1476
119000059,763,1945,-1182
119000060,956,868,88
119000061,810,1084,-274
119000062,991,1511,-520
119000063,161,215,-54
119000064,1095,2077,-982
119000065,1819,4816,-2997
119000066,1741,1096,645
119000067,1688,3524,-1836
119000068,968,1266,-298
119000069,902,3329,-2427
119000070,1118,1344,-226
119000071,660,1308,-648
119000072,7409,4881,2528
119000073,6408,5777,631
119000074,522,4919,-4397
119000075,534,3004,-2470
119000076,594,1180,-586
119000077,842,749,93
119000078,266,408,-142
119000079,70,980,-910
119000080,114,331,-217
119000081,358,664,-306
119000082,549,320,229
119000083,198,404,-206
119000084,215,824,-609
119000085,800,438,362
119000086,203,454,-251
119000087,1535,1263,272
119000088,184,272,-88
119000089,70,145,-75
119000090,188,147,41
119000091,127,294,-167
119000092,936,202,734
119000093,4231,4730,-499
119000094,1369,4761,-3392
119000095,905,3727,-2822
119000097,3828,1843,1985
119000098,577,1275,-698
119000099,2064,2022,42
119000100,2013,2012,1
119000101,3668,3583,85
119000102,784,522,262
119000103,1677,639,1038
119000104,3775,1842,1933
119000105,457,707,-250
119000106,151,2917,-2766
119000107,266,504,-238
119000108,143,1697,-1554
119000109,118,609,-491
119000110,705,947,-242
119000111,56,559,-503
119000112,256,242,14
119000113,4318,364,3954
119000114,763,511,252
119000115,163,110,53
119000116,105,61,44
119000117,110,370,-260
119000118,3,3,0
119000123,2181,557,1624
119000124,255,278,-23
119000125,965,1300,-335
119000126,292,1328,-1036
119000127,160,1303,-1143
119000128,86,7,79
119000131,389,1482,-1093
119000132,1,8,-7
119000133,0,4,-4
119000134,3921,528,3393
119000135,27,237,-210
119000136,61,478,-417
119000137,56,802,-746
119000138,102,725,-623
119000139,83,446,-363
119000140,108,275,-167
119000284,1748,2905,-1157
119000285,3384,2560,824
119000286,7490,5885,1605
119000287,1606,2981,-1375
119000288,1309,2419,-1110
119000289,2711,5518,-2807
119000290,232,629,-397
119000291,5,496,-491
119000293,49,176,-127
119000294,40,20,20
119000295,2590,852,1738
119000296,113,198,-85
119000299,0,0,0
119000302,6077,1637,4440
119000303,21,129,-108
119000314,1527,5002,-3475
119000315,1,971,-970
119000316,32,191,-159
119000317,17,796,-779
119900001,117,561,-444
119900002,29,262,-233
119900003,46,1673,-1627
119900004,358,249,109
119900005,31,204,-173
119900006,93,322,-229
119900007,411,61,350
119900008,100,55,45
119900009,292,624,-332
119900010,1821,1675,146
119900011,19,30,-11
119900012,15,44,-29
119900013,1505,665,840
119900014,803,267,536
119900015,47,16,31
119900016,17,136,-119
119900017,13,39,-26
119900018,1084,147,937
119900019,10,7,3
119900020,67,236,-169
119900021,57,117,-60
119900022,86,183,-97
119900023,928,257,671
119900025,40,16,24
119900026,1170,30,1140
119900027,8,41,-33
119900028,65,39,26
119900029,2,4,-2
119900030,560,453,107
119900031,17,101,-84
119900033,3377,110,3267
119900034,105,200,-95
119900037,24,47,-23
119900038,36,110,-74
119900039,54,2,52
119900040,28,5,23
119900041,61,61,0
119900042,108,167,-59
119900043,21,222,-201
119900044,123,257,-134
119900046,40,107,-67
119900047,94,58,36
119900048,5,40,-35
119900049,13,1,12
119900050,44,51,-7
119900051,105,5,100
119900052,21,98,-77
119900053,74,244,-170
119900054,14,2,12
119900055,410,183,227
119900057,52,89,-37
119900058,57,4,53
119900059,133,46,87
119900060,111,6,105
119900062,12,36,-24
119900063,9,56,-47
119900065,79,3,76
119900066,0,1,-1
119900067,35,38,-3
119900068,110,3,107
119900069,24,34,-10
119900070,146,2,144
119900071,134,4,130
119900073,2362,477,1885
119900074,22,15,7
119900075,6819,1727,5092
119900076,125,616,-491
119900077,182,2001,-1819
119900078,147,1007,-860
119900079,52,464,-412
119900080,503,1643,-1140
119900081,67,84,-17
119900082,285,263,22
119900083,330,123,207
119900084,413,175,238
119900085,214,50,164
119900087,173,195,-22
119900088,77,92,-15
119900089,9,743,-734
119900090,242,80,162
119900091,12,1591,-1579
119900092,5,525,-520
119900093,776,120,656
119900094,21,289,-268
119900095,154,84,70
119900096,42,87,-45
119900097,309,150,159
119900098,15,48,-33
119900099,27,356,-329
119900100,3465,1707,1758
119900101,215,1027,-812
119900102,19,462,-443
119900103,15,693,-678
119900104,42,404,-362
119900105,914,2368,-1454
119900106,5,333,-328
119900107,319,4351,-4032
119900108,2386,878,1508
119900109,11,320,-309
119900110,315,860,-545
119900111,35,463,-428
119900112,3479,503,2976
119900113,55,684,-629
119900114,174,2456,-2282
119900115,56,1649,-1593
119900116,271,254,17
119900117,93,1523,-1430
119900118,34,1613,-1579
119900119,61,439,-378
119900120,643,864,-221
119900121,128,2026,-1898
119900122,255,485,-230
119900123,173,269,-96
119900124,31,1518,-1487
119900125,67,611,-544
119900126,8053,235,7818
119900127,3229,997,2232
119900128,203,1485,-1282
119900129,51,1350,-1299
119900130,31,352,-321
119900131,19,530,-511
119900132,2,545,-543
119900133,8,35,-27
119900134,2811,323,2488
119900135,0,684,-684
119900136,175,856,-681
119900138,489,910,-421
119900139,23,110,-87
119900140,1,225,-224
119900141,82,325,-243
119900142,16,37,-21
119900143,12,358,-346
119900144,3202,259,2943
119900145,54,325,-271
119900146,183,137,46
119900147,5,112,-107
119900148,41,51,-10
119900149,2381,2584,-203
119900150,124,268,-144
119900151,1843,1048,795
119900152,32,632,-600
119900153,66,69,-3
119900154,7,495,-488
119900155,14,26,-12
119900156,7,6,1
119900157,40,417,-377
119900158,56,99,-43
119900159,6,2132,-2126
119900160,6,397,-391
119900161,125,393,-268
119900162,522,518,4
119900163,147,102,45
119900164,0,3,-3
119900165,36,418,-382
119900166,39,33,6
119900167,38,170,-132
119900168,239,476,-237
119900169,136,123,13
119900170,150,169,-19
119900171,534,686,-152
119900172,132,13,119
119900173,4,848,-844
119900174,4,375,-371
119900175,404,703,-299
119900177,22,308,-286
119900178,20,315,-295
119900179,28,187,-159
119900180,578,801,-223
119900181,26,21,5
119900182,6,745,-739
119900183,76,1281,-1205
119900184,3880,527,3353
119900185,7,77,-70
119900186,39,193,-154
119900187,6,945,-939
119900188,21,380,-359
119900189,289,208,81
119900190,34,144,-110
119900191,173,110,63
119900192,4,276,-272
119900193,71,270,-199
119900194,6,43,-37
119900195,17,343,-326
119900196,2937,537,2400
119900197,40,124,-84
119900198,31,568,-537
119900199,181,24,157
119900200,137,656,-519
119900201,486,266,220
119900202,314,65,249
119900203,88,207,-119
119900204,140,399,-259
119900205,153,877,-724
119900206,24,143,-119
119900208,76,173,-97
119900209,190,365,-175
119900210,6,32,-26
119900211,71,11,60
119900212,38,324,-286
119900213,3,43,-40
119900214,6,133,-127
119900215,19,141,-122
119900216,2,117,-115
119900217,2,81,-79
119900218,11,83,-72
119900219,6,155,-149
119900220,6,197,-191
119900221,24,684,-660
119900222,10,525,-515
119900223,30,192,-162
119900224,30,54,-24
119900225,1920,48,1872
119900226,1355,960,395
119900227,1902,464,1438
119900228,160,419,-259
119900229,195,496,-301
119900230,1601,635,966
119900231,56,210,-154
119900232,159,33,126
119900233,51,27,24
119900234,21,29,-8
119900235,4,35,-31
119900236,13,331,-318
119900237,60,715,-655
119900238,1,110,-109
119900240,21,203,-182
119900241,79,408,-329
119900242,2408,688,1720
119900244,806,1942,-1136
119900245,55,176,-121
119900246,187,176,11
119900247,30,43,-13
119900248,36,36,0
119900249,238,35,203
119900253,5476,310,5166
119900254,19,178,-159
119900255,79,803,-724
119900256,107,2143,-2036
119900257,11,4,7
119900258,52,54,-2
119900259,4,370,-366
119900260,26,0,26
119900261,116,229,-113
119900262,2,442,-440
119900263,916,503,413
119900264,17,420,-403
119900265,161,828,-667
119900266,89,423,-334
119900267,50,545,-495
119900268,94,423,-329
119900269,193,2737,-2544
119900271,85,108,-23
119900272,70,28,42
119900275,35,0,35
119900276,8,0,8
119900277,2,3,-1
119900278,344,33,311
119900279,90,164,-74
119900280,1133,209,924
119900281,0,66,-66
119900282,36,9,27
119900283,4,421,-417
119900284,24,310,-286
119900285,7,27,-20
119900286,17,13,4
119900288,2,39,-37
119900289,0,49,-49
119900290,2,41,-39
119900291,1,29,-28
119900292,8,8,0
119900293,3,1,2
119900294,13,0,13
119900295,0,0,0
119900296,0,0,0
119900299,35,405,-370
119900300,111,375,-264
119900301,79,17,62
119900302,50,43,7
119900303,165,468,-303
119900304,31,53,-22
119900305,31,118,-87
119900306,19,1,18
119900307,22,280,-258
119900308,1,10,-9
119900309,7,26,-19
119900310,281,317,-36
119900311,17,217,-200
119900312,10,129,-119
119900313,111,519,-408
119900314,40,234,-194
119900315,304,3795,-3491
119900318,20,7,13
119900319,0,472,-472
119900320,122,1037,-915
119900321,24,1,23
119900322,68,51,17
119900323,3,135,-132
119900324,4,60,-56
119900325,24,484,-460
119900326,196,49,147
120000001,8920,6621,2299
120000002,2232,4373,-2141
120000003,4259,2647,1612
120000004,3425,3307,118
120000005,6563,2748,3815
120000006,1470,1567,-97
120000007,3248,2435,813
120000008,1207,1766,-559
120000009,6666,1124,5542
120000010,1239,4365,-3126
120000011,831,2770,-1939
120000012,1494,4061,-2567
120000013,1672,3416,-1744
120000014,367,2116,-1749
120000015,2165,1961,204
120000016,2432,2205,227
120000017,1517,1422,95
120000018,6317,5818,499
120000019,756,927,-171
120000020,2510,2082,428
120000021,2477,1776,701
120000022,3429,3146,283
120000023,639,1912,-1273
120000024,1470,2540,-1070
120000025,1396,2715,-1319
120000026,1018,2386,-1368
120000027,1087,1700,-613
120000028,703,390,313
120000029,5045,514,4531
120000030,403,752,-349
120000031,2224,6951,-4727
120000032,13436,3947,9489
120000033,2015,1955,60
120000034,935,3059,-2124
120000035,1001,2994,-1993
120000036,2315,4274,-1959
120000037,438,759,-321
120000038,14939,3908,11031
120000039,522,1295,-773
120000040,54,133,-79
120000041,405,2754,-2349
120000042,1570,7177,-5607
120000043,4072,3933,139
120000044,2256,1301,955
120000045,2161,1066,1095
120000046,1184,1829,-645
120000047,2359,2795,-436
120000048,10225,3123,7102
120000049,1962,2969,-1007
120000050,2196,5355,-3159
120000051,4276,4309,-33
120000052,20301,3159,17142
120000053,742,5657,-4915
120000054,1586,9044,-7458
120000055,778,5475,-4697
120000056,3465,6714,-3249
120000057,1659,1409,250
120000058,279,251,28
120000059,124,1355,-1231
120000061,86,907,-821
120000062,217,285,-68
120000063,2107,4209,-2102
120000064,292,2209,-1917
120000065,484,2356,-1872
120000066,98,695,-597
120000067,47,732,-685
120000068,119,1571,-1452
120000069,428,2355,-1927
120000070,18,1518,-1500
120000071,103,190,-87
120000072,187,531,-344
120000073,157,96,61
120000074,103,128,-25
120000075,193,237,-44
120000076,672,319,353
120000077,797,426,371
120000078,4069,500,3569
120000079,74,142,-68
120000080,32,124,-92
120000081,208,60,148
120000082,145,108,37
120000083,54,190,-136
120000084,436,884,-448
120000085,433,663,-230
120000086,202,980,-778
120000087,125,1932,-1807
120000088,592,1506,-914
120000089,811,527,284
120000090,247,503,-256
120000091,342,984,-642
120000092,717,592,125
120000093,150,520,-370
120000094,91,382,-291
120000095,595,985,-390
120000096,186,1665,-1479
120000098,615,1491,-876
120000099,169,989,-820
120000100,582,1209,-627
120000101,325,663,-338
120000102,276,317,-41
120000103,574,261,313
120000104,764,228,536
120000105,828,239,589
120000106,787,258,529
120000107,1063,377,686
120000108,267,97,170
120000109,459,50,409
120000110,64,1093,-1029
120000111,91,1759,-1668
120000112,468,6077,-5609
120000113,468,4075,-3607
120000114,308,3093,-2785
120000115,256,2690,-2434
120000116,506,2541,-2035
120000117,1438,2133,-695
120000118,19,30,-11
120000119,39,42,-3
120000120,16,27,-11
120000121,15,27,-12
120000122,175,221,-46
120000123,8849,2047,6802
120000124,228,618,-390
120000125,192,828,-636
120000126,181,597,-416
120000127,1113,475,638
120000128,2505,1567,938
120000129,269,267,2
120000130,562,723,-161
120000131,158,497,-339
120000134,350,2036,-1686
120000135,74,401,-327
120000137,85,3392,-3307
120000138,158,781,-623
120000139,85,1687,-1602
120000140,179,958,-779
120000141,65,758,-693
120000142,105,758,-653
120000143,0,162,-162
120000144,26,0,26
120000145,107,3,104
120000146,2087,616,1471
120000149,378,1114,-736
120000150,7295,8667,-1372
120000151,396,385,11
120000152,216,368,-152
120000153,118,1058,-940
120000154,326,502,-176
120000155,140,136,4
120000156,1827,325,1502
120000157,879,739,140
120000158,456,1262,-806
120000159,2118,3016,-898
120000160,2160,1299,861
120000161,680,3048,-2368
120000162,31,224,-193
120000163,171,1850,-1679
120000164,212,639,-427
120000165,194,1243,-1049
120000166,367,757,-390
120000167,15,23,-8
120000168,12,87,-75
120000169,134,247,-113
120000170,188,133,55
120000171,26,54,-28
120000172,7,24,-17
120000173,2901,137,2764
120000174,505,3,502
120000175,503,3,500
120000176,172,80,92
120000177,1936,603,1333
120000178,222,8,214
120000179,569,9,560
120000180,1076,73,1003
120000181,384,109,275
120000182,110,79,31
120000183,13,160,-147
120000184,124,2909,-2785
120000186,28,42,-14
120000187,58,38,20
120000188,260,60,200
120000190,1276,9,1267
120000191,2222,19,2203
120000192,2461,18,2443
120000193,1129,0,1129
120000195,113,1,112
120000196,438,41,397
120000197,163,172,-9
120000198,59,232,-173
120000199,24,0,24
120000200,19,0,19
120000201,11,2,9
120000202,1,72,-71
120000203,18,621,-603
120000207,3,163,-160
120000208,8,556,-548
120000209,4,174,-170
120000210,241,99,142
120000211,30,0,30
120000212,27,1,26
120000213,32,533,-501
120000214,3,663,-660
120000215,7,181,-174
120000216,21,9,12
120000217,995,1864,-869
120000218,275,2011,-1736
120000219,9,1248,-1239
120000220,21,4208,-4187
120000225,408,0,408
120000226,169,3,166
120000227,685,32,653
120000228,11443,1919,9524
120000230,69,3,66
120000231,310,3316,-3006
120000233,65,15,50
120000235,69,780,-711
120000236,322,0,322
120000237,3,3501,-3498
120000238,0,107,-107
120000241,1049,2517,-1468
120000412,2455,12,2443
120000413,123,662,-539
120000414,15,1,14
120000415,4,289,-285
120000416,12,14,-2
120000417,3,135,-132
120000418,27,11,16
120000419,12,702,-690
120000420,55,39,16
120000421,20244,7068,13176
120000422,377,363,14
120000423,5,53,-48
120000424,42,359,-317
120000436,66,254,-188
120000437,210,197,13
120000438,6590,371,6219
120000439,106,210,-104
120000443,90,0,90
120000444,321,608,-287
120000445,1284,1100,184
120000446,1094,342,752
120000447,66,9,57
120000449,25,20,5
120000450,2,573,-571
120000451,48,257,-209
120000452,104,3,101
120000453,0,577,-577
120000454,55,12,43
120000455,35,68,-33
120000456,4505,2468,2037
120000457,1685,1200,485
120000458,425,799,-374
120000459,80,62,18
120000665,1847,170,1677
120000668,91,136,-45
120000669,37,585,-548
120000670,329,447,-118
120000671,359,210,149
120000672,94,588,-494
120900001,44,22,22
120900002,65,221,-156
120900003,100,26,74
120900004,5,33,-28
120900005,8,2436,-2428
120900006,75,227,-152
120900007,27,236,-209
120900008,102,1513,-1411
120900009,286,78,208
120900010,121,37,84
120900011,370,72,298
120900012,1439,480,959
120900013,74,25,49
120900014,5,1145,-1140
120900015,266,88,178
120900016,182,43,139
120900017,4373,150,4223
120900018,26,627,-601
120900019,312,71,241
120900020,468,329,139
120900021,183,44,139
120900022,27,503,-476
120900023,39,40,-1
120900024,1397,449,948
120900025,2688,755,1933
120900026,42,208,-166
120900027,677,136,541
120900028,94,18,76
120900029,54,153,-99
120900030,484,401,83
120900031,32,13,19
120900032,226,168,58
120900033,281,23,258
120900034,61,1647,-1586
120900035,35,175,-140
120900037,30,4,26
120900038,15,76,-61
120900039,20,10,10
120900040,91,1,90
120900041,92,27,65
120900042,66,69,-3
120900043,27,7,20
120900044,5,522,-517
120900045,115,200,-85
120900046,92,10,82
120900047,56,19,37
120900048,36,15,21
120900049,76,0,76
120900050,5428,643,4785
120900051,136,107,29
120900052,120,2,118
120900053,89,107,-18
120900054,1333,1007,326
120900055,68,0,68
120900056,160,2,158
120900057,58,22,36
120900058,152,2,150
120900059,7,0,7
120900060,17,41,-24
120900061,197,338,-141
120900062,53,1,52
120900063,141,1,140
120900064,100,0,100
120900065,104,1,103
120900066,58,647,-589
120900067,116,17,99
120900068,44,0,44
120900069,67,125,-58
120900071,6,0,6
120900072,183,1,182
120900073,96,358,-262
120900074,186,1,185
120900076,74,0,74
120900077,4925,172,4753
120900078,247,706,-459
120900079,139,103,36
120900080,126,3444,-3318
120900081,183,1616,-1433
120900082,534,293,241
120900083,19,0,19
120900084,84,138,-54
120900085,120,64,56
120900086,192,128,64
120900087,138,61,77
120900088,144,147,-3
120900089,6392,930,5462
120900090,30,237,-207
120900091,327,175,152
120900092,495,970,-475
120900093,6083,340,5743
120900094,496,284,212
120900095,116,21,95
120900096,29,128,-99
120900097,628,1867,-1239
120900098,264,267,-3
120900099,40,85,-45
120900100,38,631,-593
120900101,236,437,-201
120900102,16,151,-135
120900103,33,191,-158
120900104,27,49,-22
120900105,15,1353,-1338
120900106,1409,877,532
120900107,513,271,242
120900108,3,1531,-1528
120900109,22,1151,-1129
120900110,6,771,-765
120900111,124,466,-342
120900112,8,1995,-1987
120900113,7,1424,-1417
120900114,13,353,-340
120900115,142,114,28
120900116,73,976,-903
120900117,1,738,-737
120900118,7,1299,-1292
120900119,7303,4149,3154
120900120,38,1087,-1049
120900121,70,482,-412
120900122,87,952,-865
120900123,3,785,-782
120900124,2,881,-879
120900125,9,1542,-1533
120900126,1017,881,136
120900127,7,827,-820
120900128,847,980,-133
120900129,35,659,-624
120900130,9,679,-670
120900131,14,80,-66
120900132,203,521,-318
120900133,187,1831,-1644
120900134,227,637,-410
120900135,3,973,-970
120900136,32,27,5
120900137,56,127,-71
120900138,12,331,-319
120900139,3,1243,-1240
120900140,0,65,-65
120900141,49,81,-32
120900142,14,1155,-1141
120900143,5,1542,-1537
120900144,0,337,-337
120900145,161,1200,-1039
120900146,5,1603,-1598
120900147,0,329,-329
120900148,54,97,-43
120900149,3,590,-587
120900150,16,684,-668
120900151,5,1006,-1001
120900152,3,76,-73
120900153,2,93,-91
120900154,1,436,-435
120900155,59,1530,-1471
120900156,7,390,-383
120900157,11,356,-345
120900158,9,759,-750
120900159,29,1324,-1295
120900160,23,484,-461
120900161,33,2420,-2387
120900162,22,2053,-2031
120900163,15,135,-120
120900164,4,0,4
120900165,0,5,-5
120900166,24,128,-104
120900167,71,110,-39
120900169,33,781,-748
120900170,3616,1033,2583
120900171,1492,401,1091
120900172,2072,105,1967
120900173,1,76,-75
120900174,3,128,-125
120900175,448,233,215
120900176,5,149,-144
120900177,0,300,-300
120900178,0,212,-212
120900179,527,384,143
120900180,97,92,5
120900181,13,96,-83
120900182,16,456,-440
120900183,562,77,485
120900184,231,98,133
120900185,4,537,-533
120900186,2,671,-669
120900187,167,582,-415
120900188,60,9,51
120900189,114,254,-140
120900190,13,20,-7
120900191,1,34,-33
120900192,19546,1644,17902
120900194,26,115,-89
120900195,88,456,-368
120900196,502,66,436
120900197,237,31,206
120900198,185,910,-725
120900199,172,96,76
120900200,119,61,58
120900201,793,199,594
120900202,1,281,-280
120900203,11,60,-49
120900204,332,475,-143
120900205,86,123,-37
120900206,7,15,-8
120900207,62,1561,-1499
121000001,1184,1293,-109
121000002,1524,948,576
121000003,5606,2220,3386
121000004,2763,2242,521
121000005,2501,3022,-521
121000006,3219,1240,1979
121000007,3219,3473,-254
121000008,4350,2792,1558
121000009,11969,5774,6195
121000010,13724,3612,10112
121000011,18049,10393,7656
121000012,25653,6952,18701
121000013,6694,6665,29
121000014,8735,6136,2599
121000015,4968,6043,-1075
121000016,5279,3894,1385
121000017,1827,4389,-2562
121000018,2231,2216,15
121000019,22306,8562,13744
121000020,13860,7305,6555
121000021,2976,4171,-1195
121000022,1679,1515,164
121000023,6545,4372,2173
121000024,3178,3242,-64
121000025,869,805,64
121000026,274,97,177
121000027,1837,1014,823
121000028,793,625,168
121000029,834,902,-68
121000030,368,398,-30
121000031,479,939,-460
121000032,159,106,53
121000034,157,117,40
121000035,89,67,22
121000036,784,848,-64
121000037,496,712,-216
121000038,650,574,76
121000039,309,554,-245
121000041,351,742,-391
121000042,183,308,-125
121000043,1053,692,361
121000044,1993,663,1330
121000045,363,425,-62
121000046,272,795,-523
121000047,27,161,-134
121000049,2138,996,1142
121000050,298,1142,-844
121000051,575,633,-58
121000052,238,611,-373
121000053,348,77,271
121000054,32,175,-143
121000055,2152,1129,1023
121000056,906,1037,-131
121000057,157,455,-298
121000058,412,134,278
121000059,1973,1003,970
121000060,459,755,-296
121000061,58,129,-71
121000062,156,214,-58
121000063,617,506,111
121000064,377,681,-304
121000065,432,407,25
121000066,622,572,50
121000067,944,259,685
121000068,483,530,-47
121000069,1145,190,955
121000070,1686,1765,-79
121000071,795,781,14
121000072,1786,1060,726
121000073,933,834,99
121000074,112,115,-3
121000075,133,29,104
121000076,2159,356,1803
121000077,194,65,129
121000078,117,94,23
121000080,3305,706,2599
121000081,3125,1667,1458
121000082,134,365,-231
121000083,363,140,223
121000084,194,96,98
121000085,456,581,-125
121000086,209,1034,-825
121000087,103,307,-204
121000088,403,762,-359
121000089,610,299,311
121000090,395,370,25
121000091,2562,622,1940
121000092,103,103,0
121000093,173,245,-72
121000094,469,481,-12
121000095,308,723,-415
121000096,3194,2258,936
121000097,2172,1532,640
121000098,282,1592,-1310
121000099,296,1141,-845
121000100,323,972,-649
121000101,142,365,-223
121000102,55,722,-667
121000103,75,336,-261
121000104,61,290,-229
121000105,246,531,-285
121000106,118,405,-287
121000107,2377,4595,-2218
121000109,1813,1097,716
121000110,319,328,-9
121000114,2183,2389,-206
121000115,983,801,182
121000116,598,782,-184
121000117,1415,280,1135
121000118,1188,349,839
121000119,212,414,-202
121000120,232,635,-403
121000121,580,1120,-540
121000123,2175,804,1371
121000126,128,351,-223
121000127,157,113,44
121000128,342,857,-515
121000129,278,664,-386
121000130,312,1452,-1140
121000131,2486,1066,1420
121000132,1081,1173,-92
121000135,699,547,152
121000136,1316,657,659
121000137,557,154,403
121000138,826,463,363
121000139,534,67,467
121000141,156,144,12
121000142,1198,624,574
121000143,210,18,192
121000144,1169,1001,168
121000145,325,1551,-1226
121000146,727,868,-141
121000147,490,559,-69
121000148,654,1332,-678
121000149,1449,1178,271
121000152,360,735,-375
121000153,2155,628,1527
121000154,648,685,-37
121000155,1027,1070,-43
121000156,434,845,-411
121000157,1980,2218,-238
121000158,505,651,-146
121000159,182,687,-505
121000160,339,939,-600
121000161,77,425,-348
121000162,23,473,-450
121000165,2379,1636,743
121000166,49,377,-328
121000168,211,269,-58
121000169,24,261,-237
121000170,157,87,70
121000171,37,219,-182
121000172,388,532,-144
121000173,1322,730,592
121000174,123,402,-279
121000175,415,534,-119
121000176,333,265,68
121000177,911,665,246
121000178,105,73,32
121000179,111,102,9
121000181,329,375,-46
121000182,50,156,-106
121000183,42,62,-20
121000184,19,69,-50
121000185,12,159,-147
121000186,188,293,-105
121000187,140,452,-312
121000188,29,409,-380
121000192,543,408,135
121000193,473,504,-31
121000194,2931,2596,335
121000195,491,1052,-561
121000196,642,214,428
121000197,168,987,-819
121000198,101,55,46
121000199,81,720,-639
121000200,150,91,59
121000201,9,255,-246
121000202,207,78,129
121000203,393,3215,-2822
121000204,840,671,169
121000205,173,419,-246
121000206,177,44,133
121000207,709,534,175
121000208,5,592,-587
121000209,141,643,-502
121000210,165,771,-606
121000211,55,133,-78
121000212,263,1054,-791
121000213,10964,2534,8430
121000214,848,1124,-276
121000215,1560,893,667
121000216,456,456,0
121000217,3789,1897,1892
121000218,503,2101,-1598
121000219,1096,290,806
121000220,368,67,301
121000221,116,262,-146
121000222,2450,2825,-375
121000223,517,264,253
121000224,339,109,230
121000225,1033,739,294
121000226,1359,452,907
121000227,8,213,-205
121000228,8,1154,-1146
121000229,70,632,-562
121000230,56,2383,-2327
121000231,177,13,164
121000232,450,126,324
121000233,303,286,17
121000234,4,24,-20
121000235,11,11,0
121000236,0,55,-55
121000237,5,4,1
121000238,1,120,-119
121000239,7,6,1
121000240,2,173,-171
121000241,49,8,41
121000242,12,159,-147
121000243,66,43,23
121000244,1,104,-103
121000245,5,18,-13
121000246,2,77,-75
121000247,15,1,14
121000248,236,482,-246
121000249,49,263,-214
121000250,105,61,44
121000251,22,732,-710
121000252,31,23,8
121000253,142,800,-658
121000254,245,280,-35
121000255,132,122,10
121000256,151,140,11
121000257,33,47,-14
121000258,28,61,-33
121000259,14,36,-22
121000260,27,141,-114
121000261,13,62,-49
121000262,1559,564,995
121000263,334,546,-212
121000271,237,2006,-1769
121000273,43,11,32
121000274,3,43,-40
121000275,3,31,-28
121000276,2,9,-7
121000278,17,75,-58
121000279,39,21,18
121000280,14,53,-39
121000289,99,36,63
121000290,1048,803,245
121000294,36,331,-295
121000297,809,661,148
121000299,84,208,-124
121000300,822,537,285
121000302,87,555,-468
121000303,556,372,184
121000304,366,36,330
121000305,106,57,49
121000306,37,143,-106
121000308,151,389,-238
121000309,424,667,-243
121000310,34,521,-487
121000311,74,900,-826
121000312,399,213,186
121000313,621,670,-49
121000314,145,103,42
121000315,48,67,-19
121000530,620,1549,-929
121000531,1115,1668,-553
121000532,5486,4165,1321
121000533,2400,2532,-132
121000918,7,258,-251
121000919,1,55,-54
121000938,318,130,188
121000939,527,91,436
121000956,340,1649,-1309
121000957,7,14,-7
121000958,66,61,5
121000959,246,1706,-1460
121000960,664,2943,-2279
121000961,197,13,184
121000962,269,643,-374
121000963,0,1,-1
121000973,14,271,-257
121000976,6,159,-153
121000979,197,61,136
121000981,194,45,149
121000982,165,285,-120
121000983,138,573,-435
121000984,19,38,-19
121000985,182,963,-781
121000986,44,719,-675
121000987,122,1967,-1845
121000988,274,133,141
121001302,404,106,298
121001308,2,9,-7
121001309,66,49,17
121001313,62,552,-490
121001314,5723,4660,1063
121001315,4476,1589,2887
121900001,56,200,-144
121900002,13,9,4
121900003,223,14,209
121900004,53,436,-383
121900005,4,6,-2
121900006,45,18,27
121900007,2002,2382,-380
121900008,2337,95,2242
121900009,340,27,313
121900010,197,2,195
121900011,381,550,-169
121900012,3,0,3
121900013,621,7,614
121900014,1076,325,751
121900015,71,203,-132
121900016,3,62,-59
121900017,251,543,-292
121900018,221,2,219
121900019,98,271,-173
121900020,55,4,51
121900021,507,14,493
121900022,254,123,131
121900023,32,356,-324
121900024,397,35,362
121900025,281,241,40
121900026,151,56,95
121900027,190,97,93
121900028,300,11,289
121900029,62,157,-95
121900030,441,370,71
121900031,922,2506,-1584
121900032,101,68,33
121900033,96,94,2
121900034,132,65,67
121900035,2591,1271,1320
121900036,45,337,-292
121900037,135,600,-465
121900038,38,122,-84
121900039,238,19,219
121900040,18,67,-49
121900041,41,138,-97
121900042,168,106,62
121900043,10,0,10
121900044,446,24,422
121900046,253,135,118
121900047,201,29,172
121900048,17,152,-135
121900050,8,42,-34
121900051,63,175,-112
121900052,60,34,26
121900053,211,154,57
121900054,513,766,-253
121900055,1,17,-16
121900058,59,285,-226
121900059,194,100,94
121900060,39,291,-252
121900061,145,122,23
121900062,73,17,56
121900063,359,233,126
121900064,99,943,-844
121900066,10,25,-15
121900067,0,4,-4
121900069,194,130,64
121900070,261,85,176
121900071,43,229,-186
121900072,32,159,-127
121900073,156,150,6
121900074,602,335,267
121900075,230,148,82
121900076,270,717,-447
121900077,2,20,-18
121900078,34,56,-22
121900079,0,0,0
121900080,430,477,-47
121900082,19,105,-86
121900084,3,344,-341
121900085,0,15,-15
121900086,1,52,-51
121900087,243,92,151
121900088,3134,1923,1211
121900089,41,479,-438
121900090,3,173,-170
121900091,6,132,-126
121900092,56,110,-54
121900093,33,46,-13
121900094,16,7,9
121900095,109,81,28
121900096,1931,446,1485
121900097,114,156,-42
121900098,3,7,-4
121900099,77,120,-43
121900100,60,138,-78
121900101,53,98,-45
121900102,13,95,-82
121900103,514,165,349
121900104,689,186,503
121900105,43,52,-9
121900106,0,2,-2
121900107,5,63,-58
121900108,0,0,0
121900109,275,145,130
121900110,119,1454,-1335
121900111,761,82,679
121900112,155,84,71
121900113,33,134,-101
121900114,1,0,1
121900117,49,13,36
121900118,2564,266,2298
121900119,50,190,-140
121900120,15,1170,-1155
121900121,508,67,441
121900122,10,20,-10
121900123,220,362,-142
121900124,114,282,-168
121900125,934,935,-1
121900127,9,58,-49
121900128,18,165,-147
121900129,1446,71,1375
121900130,54,198,-144
121900131,108,108,0
121900132,11,160,-149
121900133,60,68,-8
121900134,4,111,-107
121900135,2704,281,2423
121900136,87,617,-530
121900137,33,252,-219
121900138,101,213,-112
121900139,302,402,-100
121900140,12,224,-212
121900141,40,12,28
121900142,19,142,-123
121900143,6,112,-106
121900144,267,353,-86
121900145,99,146,-47
121900146,352,757,-405
121900147,75,211,-136
121900148,78,263,-185
121900149,135,728,-593
121900150,73,236,-163
121900151,39,216,-177
121900152,24,147,-123
121900153,54,552,-498
121900154,3,132,-129
121900155,0,61,-61
121900156,150,108,42
121900157,4,401,-397
121900158,64,69,-5
121900159,1,219,-218
121900160,27,230,-203
121900161,485,239,246
121900162,114,92,22
121900163,42,984,-942
121900164,199,195,4
121900165,31,206,-175
121900166,60,218,-158
121900167,46,60,-14
121900168,172,122,50
121900169,2,367,-365
121900170,2,158,-156
121900171,441,444,-3
121900172,184,266,-82
121900173,716,185,531
121900174,11,63,-52
121900175,33,173,-140
121900176,376,2009,-1633
121900177,121,53,68
121900178,10,97,-87
121900179,211,88,123
121900180,6934,2444,4490
121900182,267,285,-18
121900183,382,334,48
121900184,29,662,-633
121900186,13,332,-319
121900187,28,110,-82
121900188,666,237,429
121900189,29,195,-166
121900190,167,385,-218
121900191,63,55,8
121900192,559,547,12
121900193,21,267,-246
121900194,4,169,-165
121900195,99,111,-12
121900196,570,993,-423
121900197,380,2326,-1946
121900198,1047,867,180
121900199,2,20,-18
121900200,31,183,-152
121900201,1086,611,475
121900202,90,315,-225
121900203,250,571,-321
121900204,1123,731,392
121900205,5,105,-100
121900206,1,9,-8
121900207,152,25,127
121900208,80,184,-104
121900209,48,16,32
121900210,791,894,-103
121900211,20,102,-82
121900212,88,107,-19
121900213,25,135,-110
121900214,1,391,-390
121900215,29,101,-72
121900216,15,46,-31
121900217,237,72,165
121900218,170,385,-215
121900220,203,9,194
121900221,177,541,-364
121900222,28,250,-222
121900223,62,49,13
121900224,22,41,-19
121900225,55,50,5
121900226,208,2000,-1792
121900227,77,345,-268
121900228,169,254,-85
121900230,57,50,7
121900231,602,186,416
121900232,251,317,-66
121900233,264,258,6
121900234,177,433,-256
121900235,184,357,-173
121900236,175,172,3
121900237,160,256,-96
121900238,90,167,-77
121900239,115,40,75
121900240,142,142,0
121900241,15,103,-88
121900242,3,0,3
121900243,0,0,0
121900244,0,0,0
121900245,112,121,-9
121900246,1008,488,520
121900247,231,373,-142
121900248,1101,491,610
121900250,211,187,24
121900251,254,9,245
121900252,796,124,672
121900253,97,925,-828
121900254,580,228,352
121900255,107,45,62
121900258,1988,1093,895
121900259,346,319,27
121900260,41,187,-146
121900261,106,371,-265
121900262,334,642,-308
121900263,67,298,-231
121900264,2733,1258,1475
121900265,213,434,-221
121900266,132,208,-76
121900267,16,14,2
121900269,130,264,-134
121900270,6,139,-133
121900271,23,205,-182
121900273,296,887,-591
121900274,57,257,-200
121900277,185,1747,-1562
121900278,41,774,-733
121900279,110,306,-196
121900280,109,305,-196
121900281,766,46,720
121900284,208,6,202
121900286,17,267,-250
121900287,3,10,-7
121900288,2,0,2
121900290,140,239,-99
121900291,343,476,-133
121900292,146,88,58
121900293,860,3420,-2560
121900294,196,1,195
121900295,53,265,-212
121900296,79,23,56
121900298,175,293,-118
121900299,0,0,0
121900300,1,0,1
121900301,41,0,41
121900302,0,50,-50
121900303,265,579,-314
121900304,4,0,4
121900305,0,0,0
121900306,21,1,20
121900307,7,31,-24
121900308,6,452,-446
121900309,8,326,-318
121900310,8,623,-615
121900311,84,6,78
121900312,46,9,37
121900313,169,10,159
121900314,0,77,-77
121900315,2,0,2
121900316,0,20,-20
121900317,0,0,0
121900318,0,22,-22
121900319,4,16,-12
121900320,46,109,-63
121900321,0,2,-2
121900322,1,33,-32
121900323,10,10,0
121900324,3,42,-39
121900325,0,0,0
121900326,0,22,-22
121900327,4,39,-35
121900328,0,30,-30
121900329,1,208,-207
121900330,0,37,-37
121900331,106,16,90
121900332,57,28,29
121900333,6,1,5
122000001,2291,2952,-661
122000002,5334,1357,3977
122000003,2446,1429,1017
122000004,3553,1032,2521
122000005,2699,747,1952
122000006,2087,342,1745
122000007,1228,794,434
122000008,6576,3007,3569
122000009,694,202,492
122000010,2510,2406,104
122000011,4043,798,3245
122000012,985,838,147
122000013,1610,988,622
122000014,1277,1516,-239
122000015,1256,981,275
122000016,319,870,-551
122000017,993,987,6
122000018,1108,1126,-18
122000019,563,1694,-1131
122000020,188,218,-30
122000021,793,383,410
122000022,1262,1546,-284
122000023,464,3101,-2637
122000024,1045,832,213
122000025,1464,990,474
122000026,2309,728,1581
122000027,540,4104,-3564
122000028,691,332,359
122000029,392,238,154
122000030,379,92,287
122000031,151,170,-19
122000032,1195,2227,-1032
122000033,821,570,251
122000034,528,493,35
122000035,371,596,-225
122000036,360,616,-256
122000037,315,267,48
122000038,236,401,-165
122000039,567,526,41
122000040,392,252,140
122000041,347,490,-143
122000042,185,406,-221
122000043,81,82,-1
122000044,117,118,-1
122000045,1098,479,619
122000046,528,823,-295
122000047,244,203,41
122000048,3397,3017,380
122000049,5345,2559,2786
122000050,1205,483,722
122000051,333,204,129
122000052,460,169,291
122000053,96,411,-315
122000054,1882,1966,-84
122000055,1980,2075,-95
122000056,4151,2877,1274
122000057,3529,2133,1396
122000058,4110,1161,2949
122000059,3474,1201,2273
122000060,1162,521,641
122000061,729,163,566
122000062,1311,292,1019
122000063,706,358,348
122000064,3297,2850,447
122000065,6133,3154,2979
122000066,1298,1157,141
122000067,1140,1170,-30
122000068,792,1306,-514
122000069,492,758,-266
122000070,524,2687,-2163
122000071,898,1560,-662
122000072,233,273,-40
122000073,317,361,-44
122000074,1292,1352,-60
122000075,423,1146,-723
122000076,1286,1015,271
122000077,1212,578,634
122000078,2942,1551,1391
122000079,1122,680,442
122000080,624,334,290
122000081,171,185,-14
122000082,1358,668,690
122000083,1056,3467,-2411
122000084,709,739,-30
122000085,202,2211,-2009
122000086,2191,3199,-1008
122000087,518,104,414
122000088,410,219,191
122000089,6585,3456,3129
122000090,203,401,-198
122000091,244,92,152
122000092,107,11,96
122000093,1216,1030,186
122000094,8155,1625,6530
122000095,4100,1182,2918
122000096,3009,926,2083
122000098,3260,1377,1883
122000099,1825,674,1151
122000100,1481,621,860
122000101,176,1336,-1160
122000102,1670,1237,433
122000103,944,1399,-455
122000104,198,177,21
122000105,198,244,-46
122000106,542,409,133
122000107,683,488,195
122000108,318,1024,-706
122000109,201,267,-66
122000110,283,511,-228
122000111,2977,1345,1632
122000112,511,1507,-996
122000113,431,808,-377
122000114,2527,1330,1197
122000115,1880,907,973
122000116,526,860,-334
122000117,1087,432,655
122000118,377,738,-361
122000119,3437,1629,1808
122000120,6642,2640,4002
122000121,9247,2528,6719
122000122,1166,1545,-379
122000123,5818,1467,4351
122000124,2146,673,1473
122000125,608,654,-46
122000126,1311,710,601
122000127,3668,1019,2649
122000128,1238,1569,-331
122000129,277,377,-100
122000130,3319,368,2951
122000131,4040,451,3589
122000132,1573,526,1047
122000133,1397,2557,-1160
122000134,488,498,-10
122000135,811,1457,-646
122000136,366,170,196
122000137,919,668,251
122000139,1379,3266,-1887
122000140,1117,458,659
122000141,6694,914,5780
122000142,439,620,-181
122000143,1104,211,893
122000144,4003,921,3082
122000145,1682,883,799
122000146,935,921,14
122000147,1036,349,687
122000148,2293,1374,919
122000149,3010,1451,1559
122000150,1804,1105,699
122000151,584,306,278
122000152,783,323,460
122000153,697,300,397
122000154,514,203,311
122000155,2599,2298,301
122000156,2666,1973,693
122000157,1846,1347,499
122000158,283,568,-285
122000159,2596,1867,729
122000160,11775,709,11066
122000161,2037,807,1230
122000162,2483,1861,622
122000163,329,77,252
122000164,28,81,-53
122000165,916,658,258
122000166,746,735,11
122000167,207,227,-20
122000168,196,450,-254
122000169,348,168,180
122000170,181,306,-125
122000171,41,72,-31
122000172,1654,1561,93
122000173,1589,2118,-529
122000174,1370,780,590
122000175,1166,403,763
122000176,246,579,-333
122000177,1601,1452,149
122000178,2905,1722,1183
122000179,2209,2351,-142
122000180,2006,845,1161
122000181,2360,1942,418
122000182,3642,784,2858
122000183,1975,832,1143
122000184,4621,1577,3044
122000185,1745,1237,508
122000186,663,708,-45
122000187,1189,2187,-998
122000188,570,201,369
122000189,254,351,-97
122000190,832,1359,-527
122000191,946,429,517
122000192,816,345,471
122000193,334,679,-345
122000194,478,195,283
122000195,122,400,-278
122000196,776,522,254
122000197,534,740,-206
122000198,392,1125,-733
122000199,368,391,-23
122000200,1133,496,637
122000201,1536,1877,-341
122000202,815,1162,-347
122000203,3660,1453,2207
122000204,1882,1925,-43
122000205,1591,1069,522
122000206,2540,1161,1379
122000207,1205,1857,-652
122000208,1401,2095,-694
122000209,1839,357,1482
122000210,1047,2414,-1367
122000211,840,1470,-630
122000212,475,535,-60
122000213,787,1232,-445
122000214,1668,2335,-667
122000215,1544,1416,128
122000217,1800,1579,221
122000218,456,43,413
122000219,1699,1452,247
122000220,300,978,-678
122000221,107,402,-295
122000222,559,100,459
122000223,799,556,243
122000225,641,624,17
122000226,1021,2091,-1070
122000227,289,1553,-1264
122000228,479,630,-151
122000229,26,459,-433
122000230,62,1350,-1288
122000231,242,910,-668
122000232,598,1193,-595
122000233,0,220,-220
122000234,56,253,-197
122000235,273,257,16
122000236,314,315,-1
122000237,57,82,-25
122000238,59,146,-87
122000239,318,104,214
122000240,744,309,435
122000241,515,419,96
122000242,374,108,266
122000243,129,68,61
122000244,39,702,-663
122000245,57,492,-435
122000246,107,152,-45
122000247,782,1565,-783
122000248,1803,3727,-1924
122000249,269,529,-260
122000250,1473,454,1019
122000251,321,364,-43
122000252,639,83,556
122000253,19,471,-452
122000254,138,117,21
122000255,655,3047,-2392
122000256,345,2030,-1685
122000257,134,561,-427
122000258,59,249,-190
122000259,25,1010,-985
122000260,3,146,-143
122000261,0,193,-193
122000262,2,71,-69
122000263,53,128,-75
122000264,321,625,-304
122000265,1515,865,650
122000266,3324,578,2746
122000267,73,193,-120
122000268,67,617,-550
122000269,315,308,7
122000270,405,132,273
122000271,323,1294,-971
122000272,275,1466,-1191
122000273,204,636,-432
122000274,61,248,-187
122000275,25,157,-132
122000276,205,648,-443
122000277,593,1326,-733
122000278,508,1244,-736
122000279,130,1154,-1024
122000280,713,1316,-603
122000281,543,1110,-567
122000282,83,268,-185
122000283,265,72,193
122000284,108,136,-28
122000285,224,142,82
122000286,104,225,-121
122000287,582,1270,-688
122000288,178,310,-132
122000291,489,443,46
122000293,335,711,-376
122000294,67,135,-68
122000295,995,187,808
122000296,54,530,-476
122000297,3737,1843,1894
122000299,273,453,-180
122000300,357,515,-158
122000301,17759,2327,15432
122000302,1257,587,670
122000303,4819,1251,3568
122000304,12,179,-167
122000305,717,338,379
122000306,31,1088,-1057
122000307,80,140,-60
122000309,28,66,-38
122000310,6,13,-7
122000311,28,42,-14
122000312,41,33,8
122000313,3,36,-33
122000314,58,204,-146
122000315,96,16,80
122000316,166,215,-49
122000317,567,181,386
122000318,144,337,-193
122000319,251,602,-351
122000320,257,2682,-2425
122000321,51,409,-358
122000322,3274,1902,1372
122000323,1994,1224,770
122000324,1301,1247,54
122000325,857,898,-41
122000326,12,166,-154
122000327,168,387,-219
122000328,2436,1458,978
122000330,2255,706,1549
122000332,191,366,-175
122000333,12,183,-171
122000337,468,4113,-3645
122000338,184,797,-613
122000340,317,220,97
122000342,3316,1537,1779
122000343,464,2469,-2005
122000344,15,14,1
122000345,13,60,-47
122000346,313,811,-498
122000348,419,943,-524
122000349,191,1197,-1006
122000351,88,281,-193
122000352,420,64,356
122000353,73,162,-89
122000355,112,155,-43
122000356,1456,833,623
122000357,18,16,2
122000358,1,119,-118
122000359,0,64,-64
122000360,0,120,-120
122000362,18,175,-157
122000364,78,616,-538
122000365,0,24,-24
122000366,3,8,-5
122000368,423,904,-481
122000370,9,148,-139
122000371,3,0,3
122000372,1,0,1
122000381,30,414,-384
122000382,44,357,-313
122000384,4346,2158,2188
122000385,3,0,3
122000386,296,732,-436
122000387,327,670,-343
122000388,1641,384,1257
122000389,159,916,-757
122000390,305,284,21
122000391,226,65,161
122000392,179,414,-235
122000393,9,219,-210
122000394,172,373,-201
122000395,166,258,-92
122000396,155,149,6
122000397,12,150,-138
122000398,12,30,-18
122000399,35,136,-101
122000400,133,344,-211
122000401,71,176,-105
122000402,79,84,-5
122000403,256,1704,-1448
122000404,88,271,-183
122000408,738,1134,-396
122000503,4,63,-59
122000524,199,82,117
122000544,15,994,-979
122000616,898,5,893
122000640,40,256,-216
122000641,14,687,-673
122000642,837,1567,-730
122000643,4,94,-90
122000644,186,47,139
122000645,83,145,-62
122000651,1523,619,904
122000664,144,49,95
122000665,1045,598,447
122000666,519,1649,-1130
122000673,15,444,-429
122000674,56,70,-14
122000675,984,1379,-395
122000686,234,1832,-1598
122000687,385,479,-94
122000688,148,1176,-1028
122000689,296,754,-458
122000690,322,878,-556
122000691,274,3255,-2981
122000692,937,500,437
122000693,481,2717,-2236
122000695,127,737,-610
122000696,168,400,-232
122000698,72,1508,-1436
122000699,106,158,-52
122000701,634,439,195
122000702,482,2564,-2082
122000703,112,40,72
122000717,274,64,210
122000718,512,244,268
122000719,16,60,-44
122000720,89,255,-166
122000724,146,26,120
122900001,15,1,14
122900002,1160,1240,-80
122900003,132,25,107
122900004,471,10,461
122900005,47,46,1
122900006,623,299,324
122900007,195,14,181
122900008,494,65,429
122900009,855,196,659
122900010,119,120,-1
122900012,340,400,-60
122900014,112,354,-242
122900015,2604,254,2350
122900016,30,410,-380
122900017,573,927,-354
122900018,156,11,145
122900019,8,161,-153
122900020,287,480,-193
122900021,53,478,-425
122900022,288,1204,-916
122900023,154,381,-227
122900024,108,65,43
122900025,10,152,-142
122900026,243,481,-238
122900027,53,763,-710
122900028,76,169,-93
122900029,5005,1361,3644
122900030,1705,415,1290
122900031,117,169,-52
122900032,154,258,-104
122900033,133,193,-60
122900034,4171,3057,1114
122900035,5,8,-3
122900036,5,79,-74
122900037,253,174,79
122900038,119,1588,-1469
122900039,116,392,-276
122900040,159,407,-248
122900041,244,194,50
122900042,95,326,-231
122900043,217,212,5
122900044,99,322,-223
122900045,50,99,-49
122900046,119,75,44
122900047,77,93,-16
122900048,17,115,-98
122900049,1861,127,1734
122900051,65,76,-11
122900052,10,104,-94
122900053,14,17,-3
122900055,203,88,115
122900057,153,14,139
122900061,441,89,352
122900062,290,410,-120
122900063,86,605,-519
122900064,761,777,-16
122900065,214,94,120
122900066,281,217,64
122900067,2228,981,1247
122900068,258,504,-246
122900069,228,888,-660
122900070,71,36,35
122900071,71,635,-564
122900072,29,711,-682
122900073,88,250,-162
122900074,126,1033,-907
122900075,0,64,-64
122900076,6,184,-178
122900077,1,246,-245
122900078,29,208,-179
122900080,61,9,52
122900081,168,139,29
122900082,356,235,121
122900083,185,116,69
122900084,13,211,-198
122900086,10,27,-17
122900087,75,759,-684
122900088,49,67,-18
122900089,3,146,-143
122900090,11,766,-755
122900091,32,0,32
122900092,2,364,-362
122900093,4,507,-503
122900094,19,366,-347
122900095,68,3,65
122900096,34,423,-389
122900097,7,2,5
122900098,135,174,-39
122900099,2,5,-3
122900100,162,96,66
122900101,1019,166,853
122900102,8,10,-2
122900103,23,4,19
122900104,30,5,25
122900105,5,1,4
122900106,1,105,-104
122900107,4,274,-270
122900108,8,262,-254
123000001,2089,372,1717
123000002,7189,2088,5101
123000003,4145,2379,1766
123000004,3995,4664,-669
123000005,2095,2223,-128
123000006,3491,3425,66
123000007,2406,2269,137
123000008,2614,4851,-2237
123000009,4562,3230,1332
123000010,4821,4174,647
123000011,2760,1101,1659
123000012,1038,2745,-1707
123000013,3663,1209,2454
123000014,1640,4570,-2930
123000015,4514,844,3670
123000016,8434,2855,5579
123000017,3348,1569,1779
123000018,24,86,-62
123000019,89,396,-307
123000020,45,165,-120
123000021,32,130,-98
123000022,364,684,-320
123000023,1167,1399,-232
123000024,840,694,146
123000025,12,67,-55
123000026,0,14,-14
123000027,130,384,-254
123000028,232,258,-26
123000029,633,383,250
123000030,84,1052,-968
123000031,71,500,-429
123000032,101,344,-243
123000033,112,84,28
123000034,547,537,10
123000035,120,252,-132
123000036,177,528,-351
123000037,139,504,-365
123000038,89,241,-152
123000039,724,1119,-395
123000040,1243,416,827
123000041,742,459,283
123000042,709,619,90
123000043,4198,3869,329
123000044,7233,2150,5083
123000045,14212,1516,12696
123000046,1157,1103,54
123000047,3403,1050,2353
123000048,64,271,-207
123000049,8293,3628,4665
123000050,658,1110,-452
123000051,116,133,-17
123000052,563,1780,-1217
123000053,2550,2318,232
123000054,1083,1082,1
123000055,731,1021,-290
123000056,1277,2265,-988
123000057,21464,4758,16706
123000058,419,721,-302
123000059,300,537,-237
123000060,772,486,286
123000061,141,689,-548
123000063,931,553,378
123000064,948,222,726
123000065,9346,4066,5280
123000066,1343,981,362
123000067,282,660,-378
123000068,3206,4425,-1219
123000069,10968,5208,5760
123000070,332,921,-589
123000071,474,1433,-959
123000072,779,2059,-1280
123000073,598,1013,-415
123000074,894,2767,-1873
123000075,383,680,-297
123000076,488,1753,-1265
123000077,2095,4439,-2344
123000078,714,1942,-1228
123000079,699,2344,-1645
123000080,1603,3382,-1779
123000081,133,767,-634
123000082,523,1467,-944
123000083,671,122,549
123000084,302,809,-507
123000085,66,181,-115
123000086,97,624,-527
123000087,141,684,-543
123000088,956,1760,-804
123000089,380,1454,-1074
123000090,1040,1535,-495
123000091,1685,1314,371
123000092,1432,1298,134
123000094,382,309,73
123000095,269,684,-415
123000096,258,588,-330
123000097,217,1671,-1454
123000098,438,670,-232
123000099,473,1231,-758
123000100,445,593,-148
123000101,558,413,145
123000102,592,659,-67
123000104,360,333,27
123000105,587,515,72
123000106,473,289,184
123000107,528,563,-35
123000108,1361,1349,12
123000111,502,227,275
123000112,425,632,-207
123000113,594,2348,-1754
123000114,427,421,6
123000115,211,366,-155
123000116,25,371,-346
123000117,1719,3181,-1462
123000118,393,1450,-1057
123000119,207,1374,-1167
123000120,400,1274,-874
123000121,407,649,-242
123000122,292,287,5
123000123,409,584,-175
123000124,645,513,132
123000125,886,628,258
123000126,2558,1566,992
123000127,2371,892,1479
123000128,354,531,-177
123000129,278,199,79
123000130,212,66,146
123000131,465,379,86
123000132,436,654,-218
123000133,745,449,296
123000134,1035,288,747
123000135,1093,1310,-217
123000136,148,1705,-1557
123000137,75,625,-550
123000138,52,661,-609
123000139,360,114,246
123000140,203,1028,-825
123000141,1174,76,1098
123000142,976,1330,-354
123000143,1136,3095,-1959
123000144,67,15,52
123000145,235,149,86
123000146,92,101,-9
123000147,47,155,-108
123000149,486,407,79
123000150,418,349,69
123000151,305,552,-247
123000152,75,407,-332
123000153,749,579,170
123000154,3387,2103,1284
123000155,3313,962,2351
123000156,92,117,-25
123000157,701,1102,-401
123000158,984,502,482
123000159,3019,1598,1421
123000160,491,342,149
123000161,1094,592,502
123000162,288,1046,-758
123000163,165,25,140
123000164,546,161,385
123000165,323,2811,-2488
123000166,40,220,-180
123000167,77,367,-290
123000168,163,546,-383
123000169,241,75,166
123000170,14,558,-544
123000171,90,94,-4
123000172,297,888,-591
123000173,541,82,459
123000174,710,130,580
123000175,1216,2143,-927
123000176,532,92,440
123000177,382,1426,-1044
123000178,348,78,270
123000179,28,1121,-1093
123000180,884,288,596
123000181,413,2006,-1593
123000182,110,636,-526
123000183,117,123,-6
123000184,48,994,-946
123000185,169,388,-219
123000186,9,810,-801
123000187,255,4,251
123000188,87,1,86
123000189,119,362,-243
123000190,21,124,-103
123000192,13,455,-442
123000193,50,701,-651
123000194,540,379,161
123000195,237,6,231
123000196,100,7,93
123000197,36,116,-80
123000198,10,254,-244
123000199,7,601,-594
123000200,174,7,167
123000201,328,6,322
123000202,23,1777,-1754
123000203,337,25,312
123000204,54,1672,-1618
123000205,280,2972,-2692
123000206,694,84,610
123000207,62,1277,-1215
123000208,130,74,56
123000209,732,158,574
123000210,377,2031,-1654
123000211,608,3980,-3372
123000212,982,200,782
123000213,269,40,229
123000215,143,96,47
123000216,297,679,-382
123000217,141,22,119
123000218,123,265,-142
123000219,1059,33,1026
123000220,367,58,309
123000221,140,202,-62
123000222,189,900,-711
123000223,86,800,-714
123000224,472,855,-383
123000225,148,113,35
123000226,73,536,-463
123000227,69,437,-368
123000228,145,26,119
123000229,1282,2312,-1030
123000232,87,827,-740
123000233,342,64,278
123000234,128,864,-736
123000235,149,307,-158
123000236,118,1305,-1187
123000237,162,54,108
123000238,60,971,-911
123000239,484,2913,-2429
123000240,24,220,-196
123000241,1003,108,895
123000242,85,284,-199
123000243,293,1104,-811
123000244,765,493,272
123000245,62,166,-104
123000249,459,611,-152
123000252,591,132,459
123000253,364,285,79
123000254,484,1555,-1071
123000255,645,760,-115
123000256,27,326,-299
123000257,3964,2812,1152
123000258,1019,1657,-638
123000259,126,400,-274
123000260,246,812,-566
123000261,61,352,-291
123000262,104,374,-270
123000263,175,109,66
123000264,142,36,106
123000265,42,166,-124
123000266,479,774,-295
123000267,222,243,-21
123000268,15,71,-56
123000269,27,32,-5
123000270,16,41,-25
123000271,51,108,-57
123000272,902,196,706
123000273,167,436,-269
123000274,820,269,551
123000275,293,1335,-1042
123000278,3820,2873,947
123000279,19,93,-74
123000280,178,459,-281
123000281,210,106,104
123000282,75,303,-228
123000283,56,29,27
123000284,58,163,-105
123000286,444,235,209
123000287,726,250,476
123000288,651,380,271
123000289,398,463,-65
123000291,451,1035,-584
123000294,174,265,-91
123000295,783,955,-172
123000296,161,491,-330
123000297,196,1376,-1180
123000298,207,1212,-1005
123000299,29,393,-364
123000300,570,578,-8
123000301,68,175,-107
123000302,59,191,-132
123000303,38,126,-88
123000305,981,979,2
123000306,29,341,-312
123000309,44,76,-32
123000310,81,49,32
123000311,0,169,-169
123000312,799,1376,-577
123000313,134,365,-231
123000315,63,409,-346
123000316,2005,47,1958
123000317,229,27,202
123000318,32,456,-424
123000329,5,20,-15
123000337,51,305,-254
123000338,351,59,292
123000339,56,559,-503
123000340,185,498,-313
123000342,1,12,-11
123000343,21,1,20
123000344,885,518,367
123000345,401,764,-363
123000346,155,88,67
123000352,2794,952,1842
123000353,27,131,-104
123000354,98,8,90
123000355,0,440,-440
123000356,95,1,94
123000357,1,355,-354
123000359,2,278,-276
123000360,91,7,84
123000361,588,261,327
123000362,97,103,-6
123000363,57,317,-260
123000364,396,246,150
123000365,30,227,-197
123000366,252,1197,-945
123000367,272,1564,-1292
123000370,13,398,-385
123000371,154,7,147
123000372,106,8,98
123000373,7,484,-477
123000374,1,232,-231
123000375,171,10,161
123000376,617,678,-61
123000377,121,6,115
123000378,5,657,-652
123000379,1,250,-249
123000380,56,217,-161
123000381,125,31,94
123000382,891,25,866
123000383,222,701,-479
123000384,404,82,322
123000385,449,598,-149
123000436,67,826,-759
123000507,161,315,-154
123000508,116,380,-264
123000517,270,32,238
123000518,43,169,-126
123000519,160,68,92
123000520,66,224,-158
123000521,242,111,131
123000522,173,579,-406
123000541,0,0,0
123000542,0,65,-65
123000565,166,23,143
123000566,72,1164,-1092
123000567,77,341,-264
123000573,54,1367,-1313
123000574,381,73,308
123000575,1185,1536,-351
123000576,460,2261,-1801
123000577,101,464,-363
123000578,742,152,590
123000579,6607,2412,4195
123000580,39,13,26
123000582,106,25,81
123000583,19,747,-728
123000584,112,372,-260
123000585,0,161,-161
123000586,17,0,17
123000596,106,165,-59
123000597,31,51,-20
123000602,9,1,8
123000603,215,1067,-852
123000604,305,1582,-1277
123000605,634,109,525
123000606,0,209,-209
123000609,15,660,-645
123000610,67,120,-53
123000613,25,115,-90
123000614,184,58,126
123000615,10,205,-195
123000616,313,56,257
123000617,24,928,-904
123000618,73,940,-867
123000619,601,41,560
123000620,10,702,-692
123000622,254,17,237
123000624,149,42,107
123000630,367,502,-135
123000631,226,2816,-2590
123000632,1295,1536,-241
123000633,0,171,-171
123000634,60,28,32
123000635,319,132,187
123000636,19,972,-953
123000637,114,196,-82
123000638,303,138,165
123000639,1098,2440,-1342
123000640,62,1387,-1325
123000648,57,21,36
123000649,24,671,-647
123900001,1786,100,1686
123900002,27,858,-831
123900003,337,833,-496
123900005,133,89,44
123900006,69,17,52
124000001,1347,114,1233
124000002,117,2002,-1885
124000003,286,133,153
124000004,26,991,-965
124000005,428,183,245
124000006,202,1990,-1788
124000007,621,81,540
124000008,11,452,-441
124000009,152,323,-171
124000010,80,651,-571
124000011,324,287,37
124000012,205,1252,-1047
124000017,19,182,-163
124000018,94,246,-152
124000019,54,130,-76
124000020,40,383,-343
124000021,57,84,-27
124000022,93,380,-287
124000023,1129,1463,-334
124000024,1010,701,309
124000025,846,1228,-382
124000026,1208,1220,-12
124000027,5903,3141,2762
124000028,3841,3827,14
124000030,4101,1252,2849
124000031,476,801,-325
124000032,5228,1207,4021
124000033,213,158,55
124000034,2346,871,1475
124000035,92,51,41
124000036,89,475,-386
124000037,472,244,228
124000038,63,87,-24
124000039,1543,223,1320
124000040,797,419,378
124000041,290,74,216
124000042,127,428,-301
124000043,31,85,-54
124000044,51,352,-301
124000045,377,637,-260
124000046,184,927,-743
124000047,539,1087,-548
124000048,370,2424,-2054
124000049,628,834,-206
124000050,347,3163,-2816
124000051,287,627,-340
124000052,316,1892,-1576
124000053,450,761,-311
124000054,652,943,-291
124000055,836,1030,-194
124000056,4804,1556,3248
124000057,470,391,79
124000058,290,1777,-1487
124000059,274,423,-149
124000060,1018,1117,-99
124000061,1057,2069,-1012
124000062,7614,2025,5589
124000063,1332,1847,-515
124000064,3073,2322,751
124000065,82,134,-52
124000066,239,55,184
124000067,54,252,-198
124000068,16,99,-83
124000069,188,284,-96
124000070,120,748,-628
124000071,112,62,50
124000072,184,689,-505
124000073,451,77,374
124000074,173,1325,-1152
124000075,97,24,73
124000076,12,437,-425
124000077,2149,723,1426
124000078,3861,293,3568
124000079,1112,949,163
124000080,324,138,186
124000081,180,1110,-930
124000082,12,134,-122
124000083,18,230,-212
124000084,69,169,-100
124000085,24,76,-52
124000086,103,75,28
124000087,64,50,14
124000088,1594,364,1230
124000089,332,380,-48
124000090,120,595,-475
124000091,213,130,83
124000092,71,1063,-992
124000093,101,55,46
124000094,165,428,-263
124000095,64,74,-10
124000096,83,370,-287
124000097,39,81,-42
124000098,43,160,-117
124000099,129,141,-12
124000100,32,159,-127
124000101,24,125,-101
124000102,56,93,-37
124000103,26,83,-57
124000104,43,129,-86
124000105,23,66,-43
124000106,82,140,-58
124000107,3,92,-89
124000108,43,65,-22
124000109,99,50,49
124000110,82,125,-43
124000111,117,143,-26
124000112,513,875,-362
124000113,31,39,-8
124000114,145,669,-524
124000115,344,882,-538
124000116,61,74,-13
124000117,69,89,-20
124000118,34,26,8
124000119,1352,636,716
124000120,553,635,-82
124000121,1728,608,1120
124000122,667,1066,-399
124000123,662,378,284
124000124,554,1234,-680
124000125,425,381,44
124000126,454,709,-255
124000127,652,392,260
124000128,613,1499,-886
124000129,1641,1335,306
124000130,832,824,8
124000131,849,570,279
124000132,938,882,56
124000133,600,830,-230
124000134,658,1106,-448
124000135,1539,1352,187
124000136,1227,1267,-40
124000137,3186,616,2570
124000138,3991,1141,2850
124000139,287,13,274
124000140,34,466,-432
124000141,35,3,32
124000142,15,114,-99
124000143,9,24,-15
124000144,9,51,-42
124000145,30,17,13
124000146,10,162,-152
124000148,33,17,16
124000149,687,251,436
124000150,361,528,-167
124000151,456,189,267
124000152,761,1416,-655
124000153,493,411,82
124000154,595,1086,-491
124000155,923,635,288
124000156,1429,1142,287
124000169,133,527,-394
124000170,698,466,232
124000171,163,306,-143
124000172,401,670,-269
124000173,194,378,-184
124000174,209,870,-661
124000175,8,212,-204
124000176,5,7,-2
124000177,33,76,-43
124000178,29,13,16
124000190,285,38,247
124000191,432,70,362
124000192,1517,279,1238
124000193,357,1484,-1127
124000194,350,836,-486
124000195,146,506,-360
124000196,761,1425,-664
124000197,62,73,-11
124000198,11,37,-26
124000201,164,1155,-991
124000202,337,144,193
124000203,119,1266,-1147
124000204,216,641,-425
124000205,16,730,-714
124000206,166,554,-388
124000207,0,57,-57
124000209,158,778,-620
124000210,83,260,-177
124000211,151,1,150
124000212,0,766,-766
124000213,114,407,-293
124000214,156,995,-839
124000215,63,8,55
124000216,1,739,-738
124000329,51,3344,-3293
124000338,34,1838,-1804
124000339,194,58,136
124000341,295,57,238
124000344,10,3,7
124000357,741,1156,-415
124000358,819,955,-136
124000359,635,424,211
124000360,390,288,102
124000361,761,714,47
124000362,1611,2542,-931
124000363,352,595,-243
124000364,476,1241,-765
124000365,740,1316,-576
124000366,2251,936,1315
124000367,99,750,-651
124000368,131,100,31
124000369,97,76,21
124000370,101,795,-694
124000402,12,6,6
124000403,39,8,31
124000404,4,145,-141
124000405,1190,694,496
124000406,1119,1040,79
124000407,3,27,-24
124000411,4,604,-600
124000412,88,17,71
124000413,110,45,65
124000414,17,130,-113
124000415,29,321,-292
124000416,105,520,-415
124000417,86,120,-34
124000418,32,143,-111
124000419,51,256,-205
124000420,20,86,-66
124000421,14,520,-506
124000422,44,21,23
124000423,94,47,47
124000424,3,186,-183
124000425,9,5,4
124000426,2,73,-71
124000427,14,41,-27
124000428,12,59,-47
124000429,20,76,-56
124000430,421,883,-462
124000431,219,892,-673
124000432,78,987,-909
124000439,6,2,4
124000443,0,10,-10
124000445,271,332,-61
124000446,3151,116,3035
124900001,182,214,-32
124900002,100,600,-500
124900003,339,590,-251
124900004,195,339,-144
124900005,182,274,-92
124900006,196,401,-205
124900008,1120,488,632
124900009,74,77,-3
124900010,59,20,39
124900011,154,87,67
124900012,199,49,150
124900013,209,105,104
124900014,102,82,20
124900015,106,99,7
124900016,35,37,-2
124900017,502,168,334
124900018,6,1,5
124900020,17,45,-28
124900021,88,21,67
124900022,9,2,7
124900024,96,3,93
124900026,14,1,13
124900027,62,141,-79
124900028,864,184,680
124900029,7,356,-349
124900030,4,184,-180
124900031,17,447,-430
124900032,276,131,145
124900033,55,525,-470
124900034,8,149,-141
124900035,117,559,-442
124900036,3,49,-46
124900037,111,434,-323
124900038,371,492,-121
124900039,0,27,-27
124900040,29,117,-88
124900041,189,1554,-1365
124900042,21,9,12
124900043,294,1435,-1141
124900044,19,1,18
124900045,688,735,-47
124900046,1810,250,1560
124900047,90,269,-179
124900048,100,185,-85
124900050,81,330,-249
124900052,68,417,-349
124900053,27,505,-478
124900054,3669,302,3367
124900055,2,97,-95
124900057,1,103,-102
124900060,60,298,-238
124900061,22,5,17
124900062,20,6,14
124900066,0,27,-27
124900067,5,178,-173
124900068,199,173,26
124900070,64,27,37
124900072,22,13,9
124900075,70,199,-129
124900076,21,361,-340
124900077,33,105,-72
124900078,66,4,62
124900079,677,39,638
124900080,139,976,-837
124900081,390,222,168
124900082,240,1177,-937
124900083,137,609,-472
124900084,2448,93,2355
124900085,1753,202,1551
124900086,60,417,-357
124900087,506,61,445
124900088,683,90,593
124900089,1469,21,1448
124900090,103,202,-99
124900091,179,777,-598
124900092,96,552,-456
124900093,108,163,-55
124900094,141,237,-96
124900095,31,301,-270
124900096,642,89,553
124900097,127,49,78
124900098,103,451,-348
124900099,687,286,401
124900100,160,17,143
124900101,6,721,-715
124900102,58,15,43
124900103,36,337,-301
124900104,29,233,-204
124900105,39,206,-167
124900106,170,17,153
124900107,41,6,35
124900108,134,17,117
124900111,1,60,-59
124900112,66,1002,-936
124900113,157,120,37
124900114,317,51,266
124900115,45,51,-6
124900116,58,88,-30
124900117,793,110,683
124900118,129,71,58
124900119,199,58,141
124900120,18,508,-490
124900121,102,89,13
124900122,665,226,439
124900123,618,48,570
124900124,177,207,-30
204000001,29,42,-13
204000002,2,24,-22
204000003,6,2,4
204000004,1,3,-2
204000005,320,285,35
204000006,668,641,27
204000011,5,43,-38
204000012,8,129,-121
204000019,322,454,-132
204000020,425,782,-357
204000021,2199,793,1406
204000022,372,561,-189
204000023,232,1520,-1288
204000031,44,31,13
204000032,570,61,509
204000034,19,467,-448
204000035,2,2,0
204000036,7,31,-24
204000037,0,19,-19
204000038,1,36,-35
204000039,3,89,-86
204000040,4,53,-49
204000041,4,77,-73
204000042,19,11,8
204000043,4,5,-1
204000044,11,3,8
204000045,20,5,15
204000046,3,7,-4
204000057,6,103,-97
204000062,11,217,-206
204000068,35,109,-74
204000069,13,143,-130
204000070,55,147,-92
204000080,13,72,-59
204000085,846,1901,-1055
204000086,3194,2086,1108
204000087,37,14,23
204000088,3,116,-113
204000090,10,575,-565
204000093,218,37,181
204000096,414,556,-142
204000097,194,18,176
204000099,633,1037,-404
204000100,515,810,-295
204000105,1813,1534,279
204000110,856,1520,-664
204000111,268,1025,-757
204000112,805,1198,-393
204000113,634,927,-293
204000114,968,472,496
204000115,231,384,-153
204000116,1189,530,659
204000119,1189,1187,2
204000132,255,272,-17
204000133,581,305,276
204000134,430,163,267
204000135,386,127,259
204000136,135,158,-23
204000138,160,513,-353
204000140,121,86,35
204000141,62,52,10
204000144,17,14,3
204000145,790,23,767
204000146,39,416,-377
204000147,35,117,-82
204000148,415,30,385
204000154,0,1,-1
204000155,1,10,-9
204000177,44,66,-22
204000179,6,6,0
204000180,0,30,-30
204000222,0,30,-30
204000235,15,6,9
204000236,120,403,-283
204000238,35,26,9
204000240,429,76,353
204000263,413,1499,-1086
204000268,752,386,366
204000308,190,15,175
204000317,4,60,-56
204000322,6,26,-20
204000323,15,18,-3
204000328,209,51,158
204000329,61,90,-29
204000330,181,11,170
204000331,26,233,-207
204010341,13,302,-289
205000001,1261,1445,-184
205000013,15,124,-109
205000014,11,172,-161
205000015,43,295,-252
205000016,14,310,-296
205000017,25,133,-108
205000022,266,568,-302
205000025,1819,935,884
205000029,127,12,115
205000045,33,236,-203
205000046,34,716,-682
205000047,60,681,-621
205000048,120,1219,-1099
205000049,91,899,-808
205000050,1445,286,1159
205000059,1,300,-299
205000060,0,56,-56
205000061,2,29,-27
205000062,0,52,-52
205000063,10,68,-58
205000064,35,141,-106
205000065,56,893,-837
205000066,55,925,-870
205000067,57,1276,-1219
205000069,181,30,151
205000082,152,122,30
205000110,65,233,-168
205000111,169,302,-133
205000112,57,116,-59
205000113,278,284,-6
205000121,105,38,67
205000123,65,233,-168
205000126,240,48,192
205000127,264,62,202
205000128,249,33,216
205000129,187,36,151
205000130,97,9,88
205000131,50,1,49
205000132,221,0,221
205000133,36,0,36
205000134,40,0,40
205000137,145,183,-38
205000138,379,351,28
205000139,17,105,-88
205000144,52,31,21
205000145,377,61,316
205000151,92,22,70
205000152,103,11,92
205000153,127,19,108
205000154,23,24,-1
205000155,64,5,59
205000207,29,183,-154
205000233,0,1,-1
205000234,0,0,0
205000243,0,0,0
205000244,0,3,-3
205000245,18,469,-451
205000249,1,59,-58
205000250,2,2,0
205000264,2,120,-118
206000027,3,1,2
206000028,6,0,6
206000043,12,180,-168
206000053,5,36,-31
206000054,16,38,-22
206000055,2,69,-67
206000075,6,4,2
206000076,13,13,0
206000077,10,5,5
206000078,2,14,-12
206000079,19,6,13
206000082,448,33,415
206000100,79,962,-883
206000103,7,21,-14
206000104,45,30,15
206000105,1,30,-29
206000106,26,48,-22
206000108,724,45,679
206000125,31,0,31
206000157,220,1055,-835
206000170,4,335,-331
206000171,1,313,-312
206000172,3,1452,-1449
206000173,1,490,-489
206000174,8,253,-245
206000175,2,351,-349
206000176,10,653,-643
206000177,8,361,-353
206000178,2,264,-262
206000179,5,170,-165
206000180,41,422,-381
206000181,12,566,-554
206000182,35,528,-493
206000183,58,1830,-1772
206000184,6,664,-658
206000185,12,576,-564
206000186,221,2545,-2324
206000223,6,399,-393
206000226,7,2,5
206000227,20,1,19
206000237,40,587,-547
206000238,68,981,-913
206000239,749,3053,-2304
206000240,1,60,-59
206000241,0,258,-258
206000242,8,766,-758
206000243,7,613,-606
206000244,91,1432,-1341
206000245,359,56,303
206000246,41,10,31
206000247,51,10,41
206000248,111,20,91
206000252,89,21,68
206000258,27,44,-17
206000315,26,11,15
206000317,262,85,177
206000318,127,69,58
206000319,499,102,397
206000320,38,27,11
206000321,33,16,17
206000322,191,8,183
206000323,74,8,66
206000324,71,4,67
206000325,126,9,117
206000326,60,2,58
206000327,104,7,97
206000328,55,4,51
206000329,88,5,83
206000330,28,10,18
206000331,32,9,23
206000332,18,9,9
206000333,162,3,159
206000334,108,1,107
206000335,2,29,-27
206000361,9,317,-308
206000392,3,67,-64
206000405,97,1,96
206000441,11,5,6
206000498,28,26,2
206000515,198,31,167
206000530,54,28,26
206000531,73,79,-6
206000532,1579,101,1478
206000535,409,2753,-2344
206000536,19,377,-358
206000537,10,248,-238
206000613,1227,93,1134
207000001,132,419,-287
207000002,52,391,-339
207000003,127,316,-189
207000007,413,360,53
207000008,32,11,21
207000009,58,30,28
207000010,551,785,-234
207000012,241,324,-83
207000015,331,2210,-1879
207000019,127,83,44
207000021,581,141,440
207000022,48,78,-30
207000023,65,35,30
207000024,0,13,-13
207000025,6,73,-67
207000026,86,77,9
207000027,14,106,-92
207000028,34,330,-296
207000029,249,485,-236
207000033,217,171,46
207000034,155,32,123
207000039,178,141,37
207000040,83,211,-128
207000041,132,77,55
207000042,183,83,100
207000043,143,201,-58
207000051,79,473,-394
207000052,81,240,-159
207000053,456,887,-431
207000054,45,164,-119
207000055,76,239,-163
207000056,234,500,-266
207000057,102,386,-284
207000058,51,638,-587
207000059,37,1025,-988
207000060,35,358,-323
207000061,63,142,-79
207000062,87,72,15
207000063,107,218,-111
207000064,336,267,69
207000065,241,315,-74
207000066,86,241,-155
207000067,42,155,-113
207000068,70,68,2
207000069,707,488,219
207000082,28,571,-543
207000083,78,579,-501
207000084,81,215,-134
207000085,94,12,82
207000086,68,6,62
207000106,11,43,-32
207000107,24,34,-10
207000108,24,12,12
207000109,34,16,18
207000110,32,23,9
207000111,68,39,29
207000112,94,207,-113
207000114,34,33,1
207000115,8,93,-85
207000116,37,231,-194
207000117,7,132,-125
207000118,0,131,-131
207000119,20,113,-93
207000123,212,14,198
207000124,31,14,17
207000125,35,21,14
207000126,61,19,42
207000134,22,328,-306
207000135,28,383,-355
207000148,48,114,-66
207000149,68,53,15
207000152,176,531,-355
207000153,1477,1085,392
207000154,311,133,178
207000159,47,328,-281
207000160,51,919,-868
207000238,0,60,-60
207000242,2,228,-226
207000248,51,19,32
207000249,135,57,78
207000250,668,79,589
207000251,98,62,36
207000252,50,81,-31
207000278,19,88,-69
207000279,10,277,-267
207000280,119,75,44
207000281,59,1798,-1739
207000282,100,23,77
207000283,185,280,-95
207000284,37,64,-27
207000285,204,39,165
207000291,6,153,-147
207000304,84,83,1
207000306,28,438,-410
207000310,31,71,-40
207000353,120,2,118
207000356,1,24,-23
207000357,3,7,-4
207000358,24,4,20
207000415,4,236,-232
207000417,12,5,7
207000418,126,179,-53
207000438,0,3,-3
207000439,1623,333,1290
207000446,55,5,50
207000460,6,9,-3
207000466,138,190,-52
207000467,117,111,6
207000468,19,677,-658
207000476,3,89,-86
207000477,137,207,-70
207000478,4,18,-14
207000523,0,3,-3
207000524,20,0,20
207000527,81,166,-85
207000530,75,0,75
207000531,79,4,75
207000532,65,12,53
207000534,737,29,708
207000535,68,176,-108
207000537,19,138,-119
207000540,5,250,-245
207000541,1,404,-403
207000548,3,428,-425
207000549,76,11,65
207000561,83,63,20
207000562,61,205,-144
207000567,222,297,-75
207000568,42,149,-107
207000569,101,1561,-1460
207000584,559,125,434
207000585,46,137,-91
207000616,1,295,-294
207000617,53,0,53
207900008,60,330,-270
208000001,316,512,-196
208000002,288,421,-133
208000003,561,477,84
208000004,743,521,222
208000005,4,23,-19
208000019,289,863,-574
208000020,53,383,-330
208000021,57,584,-527
208000022,390,756,-366
208000028,1239,1153,86
208000033,255,686,-431
208000034,851,1475,-624
208000037,336,59,277
208000040,77,172,-95
208000041,528,512,16
208000042,493,539,-46
208000047,67,431,-364
208000064,2738,1121,1617
208000066,1149,542,607
208000070,124,543,-419
208000071,203,824,-621
208000072,170,1228,-1058
208000080,83,242,-159
208000081,103,152,-49
208000082,168,363,-195
208000083,55,383,-328
208000084,6,13,-7
208000085,669,568,101
208000086,290,898,-608
208000087,240,771,-531
208000089,452,717,-265
208000090,426,1107,-681
208000093,35,108,-73
208000094,238,544,-306
208000095,453,353,100
208000104,571,790,-219
208000105,527,1033,-506
208000114,35,93,-58
208000115,336,368,-32
208000116,112,1019,-907
208000117,20,117,-97
208000118,34,111,-77
208000155,453,791,-338
208000158,1680,1923,-243
208000186,3163,1313,1850
208000204,291,762,-471
208000205,585,1277,-692
208000282,3449,911,2538
209000004,58,163,-105
209000005,10,12,-2
209000006,208,73,135
209000007,207,199,8
209000010,397,124,273
209000011,70,190,-120
209000012,236,263,-27
209000013,146,826,-680
209000014,681,2140,-1459
209000025,98,49,49
209000026,450,83,367
209000027,309,1411,-1102
209000028,310,1617,-1307
209000029,428,1463,-1035
209000030,337,2375,-2038
209000031,5336,3419,1917
209000034,125,199,-74
209000035,88,104,-16
209000036,51,112,-61
209000037,142,205,-63
209000038,82,179,-97
209000039,46,154,-108
209000040,309,485,-176
209000041,156,357,-201
209000042,273,412,-139
209000043,758,525,233
209000044,223,479,-256
209000045,774,324,450
209000046,210,368,-158
209000047,108,179,-71
209000048,166,214,-48
209000049,73,145,-72
209000050,170,205,-35
209000051,292,437,-145
209000052,82,453,-371
209000062,26,215,-189
209000063,17,174,-157
209000064,21,180,-159
209000065,21,38,-17
209000066,24,49,-25
209000067,30,51,-21
209000080,13,137,-124
209000082,42,41,1
209000091,27,105,-78
209000093,91,58,33
209000094,182,151,31
209000110,26,64,-38
209000111,486,685,-199
209000112,350,306,44
209000113,823,322,501
209000114,196,232,-36
209000115,95,171,-76
209000116,872,702,170
209000118,8,45,-37
209000119,7,12,-5
209000121,123,862,-739
209000135,56,66,-10
209000142,789,643,146
209000143,36,61,-25
209000144,21,34,-13
209000229,104,166,-62
209000240,27,524,-497
209000259,76,163,-87
209000260,47,1217,-1170
209000261,6,699,-693
209000262,3,666,-663
209000263,0,149,-149
209000264,0,40,-40
209000265,154,2,152
209000266,33,0,33
209000267,164,4,160
209000268,363,13,350
210000037,68,22,46
210000047,26,42,-16
210000048,29,36,-7
210000049,57,34,23
210000052,17,170,-153
210000053,12,107,-95
210000054,57,77,-20
210000070,39,1,38
210000071,10,0,10
210000072,5,0,5
210000073,0,32,-32
210000074,2,101,-99
210000075,1,35,-34
210000076,4,165,-161
210000077,10,39,-29
210000078,38,24,14
210000079,17,7,10
210000080,97,34,63
210000081,67,1,66
210000082,36,1,35
210000083,43,1,42
210000084,19,0,19
210000085,0,96,-96
210000086,5,163,-158
210000099,29,247,-218
210000100,30,260,-230
210000101,100,236,-136
210000105,65,121,-56
210000159,0,109,-109
210000163,211,206,5
210000164,313,107,206
210000168,159,21,138
210000187,0,4,-4
210000188,0,25,-25
210000214,16,0,16
210000219,28,34,-6
210000220,36,115,-79
210000232,5,25,-20
210000233,7,30,-23
210000234,30,124,-94
210000235,34,151,-117
210000245,1,28,-27
210000246,35,3,32
210000258,13,223,-210
210000259,114,16,98
210000282,34,214,-180
210000285,1,93,-92
210000286,8,230,-222
210000290,0,3,-3
210000295,15,94,-79
210000296,25,73,-48
210000320,99,179,-80
210000321,62,98,-36
210000338,54,124,-70
210000339,723,590,133
210000340,134,182,-48
210000341,110,185,-75
210000342,114,182,-68
210000343,78,187,-109
210000344,105,118,-13
210000345,152,115,37
210000346,45,66,-21
210000347,52,20,32
210000348,68,14,54
210000349,36,19,17
210000350,57,71,-14
210000351,84,121,-37
210000352,71,100,-29
210000353,38,103,-65
210000354,41,124,-83
210000355,36,116,-80
210000356,30,64,-34
210000357,24,21,3
210000358,326,86,240
210000359,53,61,-8
210000360,124,65,59
210000361,81,122,-41
210000362,156,136,20
210000363,879,84,795
210000364,125,83,42
210000365,55,30,25
210000366,100,20,80
210000367,42,16,26
210000368,100,16,84
210000369,16,17,-1
210000370,37,52,-15
210000372,29,35,-6
210000373,11,5,6
210000374,46,6,40
210000375,18,94,-76
210000376,49,147,-98
210000404,117,95,22
210000439,9,60,-51
210000472,79,6,73
210000482,85,49,36
210000564,751,109,642
210000567,2,8,-6
210000568,619,4,615
211000092,37,68,-31
211000094,9,13,-4
211000169,183,4,179
211000172,9,196,-187
211000209,0,12,-12
211000226,14,8,6
211000270,2,14,-12
211000275,15,45,-30
211000276,104,29,75
211000279,3,84,-81
211000281,11,84,-73
211507980,0,18,-18
211977296,1,3,-2
212000003,51,52,-1
212000004,11,19,-8
212000005,11,27,-16
212000006,8,79,-71
212000008,77,308,-231
212000009,14,169,-155
212000012,16,111,-95
212000013,5,75,-70
212000014,190,228,-38
212000015,149,317,-168
212000016,349,612,-263
212000027,327,425,-98
212000028,178,277,-99
212000029,88,232,-144
212000030,18,40,-22
212000031,25,88,-63
212000048,18,83,-65
212000049,7,52,-45
212000050,15,22,-7
212000051,131,306,-175
212000052,125,590,-465
212000053,271,838,-567
212000054,69,118,-49
212000055,103,217,-114
212000056,8,48,-40
212000057,2,33,-31
212000058,315,27,288
212000070,78,466,-388
212000077,82,1029,-947
212000099,175,187,-12
212000108,79,156,-77
212000111,129,182,-53
212000120,70,128,-58
212000138,63,28,35
212000156,7,134,-127
212000158,5,16,-11
212000159,167,68,99
212000160,363,207,156
212000161,14,14,0
212000310,17,35,-18
212000311,4,77,-73
212000374,15,18,-3
213000001,22,736,-714
213000005,403,60,343
213000006,1146,129,1017
213000007,43,2,41
213000009,371,200,171
213000010,95,113,-18
213000011,180,101,79
213000012,98,459,-361
213000014,19,1,18
213000015,85,2,83
213000016,98,1,97
213000017,34,0,34
213000018,2,321,-319
213000019,0,194,-194
213000020,51,364,-313
213000021,3,134,-131
213000023,161,139,22
213000033,187,616,-429
213000034,248,286,-38
213000035,93,113,-20
213000045,61,278,-217
213000046,95,188,-93
213000047,405,579,-174
213000056,28,12,16
213000069,23,2,21
213000073,0,16,-16
213000074,122,629,-507
213000075,241,5,236
213000076,18,0,18
213000085,2,66,-64
213000086,12,286,-274
213000091,16,3,13
213000092,7,4,3
213000099,170,778,-608
213000100,1035,164,871
213000101,77,164,-87
213000102,106,512,-406
213000103,494,699,-205
213000104,30,524,-494
213000105,1,46,-45
213000106,8,253,-245
213000107,66,954,-888
213000108,13,621,-608
213000109,3,298,-295
213000110,4,79,-75
213000111,1,41,-40
213000112,277,123,154
213000115,16,2,14
213000116,86,748,-662
213000117,4,993,-989
213000118,181,297,-116
213000119,40,876,-836
213000120,53,1002,-949
213000122,211,1033,-822
213000123,990,1576,-586
213000124,49,1970,-1921
213000125,183,8,175
213000126,122,81,41
213000127,276,139,137
213000128,943,443,500
213000129,525,157,368
213000130,245,71,174
213000132,109,52,57
213000133,138,53,85
213000134,381,15,366
213000136,161,12,149
213000137,341,61,280
213000139,170,8,162
213000147,5,0,5
213000148,2,6,-4
213000149,13,2,11
213000150,0,68,-68
213000151,0,81,-81
213000152,0,79,-79
213000153,1,24,-23
213000154,11,367,-356
213000155,25,497,-472
213000156,48,752,-704
213000157,878,758,120
213000158,204,786,-582
213000159,352,539,-187
213000163,353,138,215
213000165,558,78,480
213000171,1,219,-218
213000172,3,433,-430
213000173,0,387,-387
213000174,1,320,-319
213000175,1,209,-208
213000176,6,17,-11
213000177,6,2,4
213000178,22,1,21
213000179,84,0,84
213000180,24,0,24
213000184,97,494,-397
213000188,308,95,213
213000189,199,32,167
213000190,836,753,83
213000191,132,686,-554
213000192,66,713,-647
213000193,1691,176,1515
213000194,0,25,-25
213000195,19,598,-579
213000196,155,892,-737
213000197,217,167,50
213000198,25,2,23
213000200,97,1180,-1083
213000201,195,86,109
213000202,5,738,-733
213000203,2625,317,2308
213000204,402,10,392
213000205,143,15,128
213000206,121,21,100
213000207,22,4,18
213000208,30,0,30
213000209,28,0,28
213000210,125,0,125
213000211,0,7,-7
213000212,1,35,-34
213000213,0,26,-26
213000218,96,1033,-937
213000219,487,4,483
213000220,355,6,349
213000223,174,103,71
213000224,10,17,-7
213000225,8,2,6
213000226,12,2,10
213000227,450,108,342
213000228,81,44,37
213000229,474,20,454
213000230,141,9,132
213000232,48,289,-241
213000233,0,31,-31
213000234,3,42,-39
213000293,7,47,-40
213000294,25,8,17
213000295,3,68,-65
213000296,73,14,59
213000297,3,48,-45
213000298,15,95,-80
213000299,59,25,34
213000300,3,6,-3
213000303,1,26,-25
213000304,1,6,-5
213000305,0,8,-8
213000306,26,28,-2
213000307,127,84,43
213000308,71,328,-257
213000309,71,57,14
213000310,213,80,133
213000311,360,550,-190
213000315,42,193,-151
213000316,43,66,-23
213000322,34,181,-147
213000323,23,124,-101
213000324,28,113,-85
213000325,7,136,-129
213000326,8,37,-29
213000327,8,100,-92
213000328,9,61,-52
213000329,12,48,-36
213000340,96,1140,-1044
213000341,186,66,120
213000346,145,43,102
213000347,1009,104,905
213000348,5,131,-126
213000349,39,16,23
213000350,190,1734,-1544
213000366,26,352,-326
213000367,92,24,68
213000379,99,179,-80
213000386,2,199,-197
213000406,91,447,-356
213000417,679,267,412
213000425,52,59,-7
213000426,76,86,-10
213000427,9,422,-413
213000428,8,307,-299
213000429,12,0,12
213000430,44,1302,-1258
213000431,59,0,59
213000432,1,4,-3
213000433,7,119,-112
213000434,18,125,-107
213000435,48,76,-28
213000436,9,122,-113
213000437,1,36,-35
213000438,75,95,-20
213000439,15,4,11
213000440,3,155,-152
213000441,0,0,0
213000442,1,31,-30
213000443,329,250,79
213000444,17,124,-107
213000445,0,160,-160
213000446,0,3,-3
213000447,1,18,-17
213000448,1,50,-49
213000449,73,0,73
213000450,16,67,-51
213000451,50,94,-44
213000452,4,27,-23
213000453,43,273,-230
213000455,202,1,201
213000456,0,157,-157
213000481,9,5,4
213000482,107,0,107
213000489,470,17,453
213000491,0,61,-61
213000492,29,1,28
213000493,0,26,-26
213000494,63,144,-81
213000495,0,217,-217
213000496,175,187,-12
213000497,29,452,-423
213000498,71,342,-271
213000499,73,951,-878
213000500,124,97,27
213000501,24,24,0
213000502,128,26,102
213000503,1,86,-85
213000504,0,268,-268
213000505,0,4,-4
213000506,0,1,-1
213000507,2,246,-244
213900016,0,10,-10
213900244,1,0,1
213900245,0,46,-46
218000003,22,14,8
218000004,12,8,4
218000005,15,27,-12
218000006,55,30,25
218000007,9,8,1
218000012,299,177,122
218000013,67,127,-60
218000014,665,420,245
218000019,1038,436,602
218000020,357,409,-52
218000021,21,115,-94
218000022,4,69,-65
218000023,0,72,-72
218000024,1,31,-30
218000025,15,42,-27
218000026,10,98,-88
218000027,2,27,-25
218000028,5,14,-9
218000029,5,9,-4
218000030,25,48,-23
218000031,2,80,-78
218000032,0,48,-48
218000040,4,3,1
218000046,33,206,-173
218000047,2,222,-220
218000048,48,280,-232
218000049,106,181,-75
218000050,294,349,-55
218000051,55,415,-360
218000052,2,87,-85
218000053,1,10,-9
218000054,21,31,-10
218000055,3,13,-10
218000056,4,17,-13
218000057,0,35,-35
218000064,2,4,-2
218000065,15,92,-77
218000066,6,77,-71
218000067,18,80,-62
218000068,61,126,-65
218000069,97,245,-148
218000070,148,420,-272
218000071,164,313,-149
218000072,461,311,150
218000078,528,1492,-964
218000079,32,59,-27
218000080,61,92,-31
218000081,209,343,-134
218000082,9,147,-138
218000083,16,69,-53
218000084,65,248,-183
218000085,91,680,-589
218000086,25,241,-216
218000087,151,387,-236
218000090,5,64,-59
218000091,580,427,153
218000092,45,185,-140
218000093,55,132,-77
218000094,504,1058,-554
218000099,403,431,-28
218000100,185,365,-180
218000101,180,224,-44
218000102,122,409,-287
218000103,59,236,-177
218000104,34,72,-38
218000105,19,8,11
218000106,18,14,4
218000107,23,181,-158
218000108,0,85,-85
218000112,57,8,49
218000117,35,81,-46
218000134,448,1013,-565
218000135,11,129,-118
218000136,84,58,26
218000137,60,164,-104
218000138,36,144,-108
218000139,60,413,-353
218000140,130,256,-126
218000141,25,55,-30
218000142,80,212,-132
218000143,25,256,-231
218000144,23,61,-38
218000145,179,649,-470
218000146,26,143,-117
218000151,4,14,-10
218000152,25,74,-49
218000153,0,1,-1
218000154,4,3,1
218000155,10,2,8
218000156,26,16,10
218000157,4,22,-18
218000158,3,7,-4
218000159,2,4,-2
218000160,4,3,1
218000161,11,3,8
218000162,26,9,17
218000163,4,3,1
218000164,23,16,7
218000165,23,20,3
218000170,1,22,-21
218000171,51,3,48
218000172,7,17,-10
218000173,40,15,25
218000174,2,6,-4
218000176,70,14,56
218000177,230,51,179
218000178,67,61,6
218000179,28,27,1
218000180,46,11,35
218000181,44,49,-5
218000187,3,22,-19
218000188,21,33,-12
218000189,20,51,-31
218000190,7,30,-23
218000191,41,101,-60
218000192,94,596,-502
218000193,268,675,-407
218000194,23,653,-630
218000195,90,97,-7
218000196,203,252,-49
218000197,119,452,-333
218000198,5,147,-142
218000199,15,32,-17
218000200,71,29,42
218000201,7,7,0
218000202,124,161,-37
218000207,10,114,-104
218000208,38,54,-16
218000211,16,19,-3
218000212,1,7,-6
218000213,95,57,38
218000214,4,19,-15
218000215,66,123,-57
218000217,1,110,-109
218000218,270,78,192
218000219,31,16,15
218000220,59,358,-299
218000221,382,166,216
218000222,41,7,34
218000223,26,81,-55
218000224,7,85,-78
218000225,134,9,125
218000226,38,71,-33
218000230,0,3,-3
218000232,34,65,-31
218000239,15,4,11
218000240,1,2,-1
218000241,4,0,4
218000242,2,0,2
218000243,2,0,2
218000244,2,0,2
218000245,0,2,-2
218000246,0,0,0
218000247,0,0,0
218000248,0,28,-28
218000249,0,0,0
218000250,0,5,-5
218000251,0,9,-9
218000252,0,27,-27
218000253,0,13,-13
218000254,0,13,-13
218000255,0,4,-4
218000256,0,39,-39
218000267,1010,1367,-357
218000268,12,97,-85
218000269,7,14,-7
218000270,49,156,-107
218000271,25,126,-101
218000273,8,6,2
218000274,12,19,-7
218000275,14,25,-11
218000276,7,54,-47
218000278,3,17,-14
218000279,14,115,-101
218000280,8,27,-19
218000281,10,13,-3
218000282,394,211,183
218000284,136,28,108
218000301,37,141,-104
218000302,66,33,33
218000303,8,58,-50
218000316,868,1572,-704
218000317,585,1555,-970
218000318,258,1349,-1091
218000319,682,1891,-1209
218000320,590,950,-360
218000338,10,28,-18
218000345,112,72,40
218000346,42,133,-91
218000459,67,307,-240
218000490,7,65,-58
218000501,22,40,-18
218000502,20,192,-172
218000503,53,20,33
218000504,96,13,83
218000505,20,228,-208
218000506,31,201,-170
218000508,0,0,0
218000510,160,9,151
218000520,85,133,-48
218000521,1,86,-85
218000522,2,112,-110
218000523,48,0,48
218000524,40,107,-67
218000525,82,14,68
218000526,52,105,-53
218000529,23,281,-258
218000530,1,4,-3
218000531,3,28,-25
218000532,2,44,-42
218000534,50,12,38
218000537,6,51,-45
218000538,113,216,-103
218000540,420,121,299
218000543,91,53,38
218000544,82,171,-89
218000545,24,86,-62
218000546,32,152,-120
218000547,38,132,-94
218000548,106,256,-150
218000549,413,133,280
218000550,361,702,-341
218000551,315,280,35
218000552,791,46,745
218000553,12,81,-69
218000554,11,18,-7
218000555,13,67,-54
218000556,101,535,-434
218000557,182,146,36
218000558,53,0,53
218000559,0,25,-25
218000560,0,8,-8
218000561,17,1,16
218000562,17,132,-115
218000563,103,34,69
218000564,13,133,-120
218000565,198,19,179
218000566,223,21,202
218000567,17,69,-52
218000568,9,0,9
218000569,9,53,-44
218000570,111,9,102
218000571,0,76,-76
218000572,20,0,20
218000573,22,24,-2
218000574,120,62,58
218000575,25,0,25
218000576,1,84,-83
218000577,4,0,4
218000578,1,111,-110
218000579,82,5,77
218000581,0,84,-84
218000582,1,5,-4
218000583,5,0,5
218000584,0,15,-15
218000585,6,4,2
218000586,7,48,-41
218000587,0,1,-1
218000588,0,0,0
218000589,0,2,-2
218000590,0,1,-1
218000591,0,11,-11
218000592,0,0,0
218000593,0,0,0
218000594,0,0,0
218000595,0,0,0
218000596,0,0,0
218000597,0,0,0
218000598,0,0,0
218000599,0,0,0
218000600,0,0,0
218000601,0,0,0
218000602,0,0,0
218000603,0,1,-1
218000604,2,0,2
218000605,0,11,-11
218000606,14,0,14
218000607,14,16,-2
218000608,8,9,-1
218000609,1,26,-25
218000610,5,8,-3
218000611,2,2,0
218000612,1,56,-55
218000613,9,0,9
218000614,0,79,-79
218000615,16,1,15
218000616,4,184,-180
218000617,5,0,5
218000618,0,16,-16
218000619,6,11,-5
218000620,3,24,-21
218000621,0,0,0
218000622,0,8,-8
218000623,2,1,1
218000624,1,10,-9
218000625,2,1,1
218000626,0,5,-5
218000628,30,46,-16
218000631,12,16,-4
218000632,1,42,-41
218000633,58,1,57
218000634,2,11,-9
218000635,2,5,-3
218000636,593,1928,-1335
218000637,607,879,-272
218000638,32,54,-22
218000639,22,360,-338
218000640,111,24,87
218000641,27,552,-525
218000652,111,149,-38
218000653,80,72,8
218000663,3,94,-91
218000675,18,70,-52
218000676,0,51,-51
218000677,9,12,-3
218000680,175,577,-402
218000681,300,113,187
218000691,93,513,-420
218000693,55,122,-67
218000703,6,101,-95
218000718,1084,254,830
218000719,1453,59,1394
218000720,6,24,-18
218000721,20,6,14
218000725,4,15,-11
218001147,0,83,-83
218001214,19,44,-25
218001258,16,1,15
218001329,102,99,3
218001330,206,70,136
218001351,1,7,-6
218001352,4,11,-7
218001353,2,11,-9
218001354,0,11,-11
218001355,6,295,-289
218001356,150,4,146
218001357,5,151,-146
218001358,98,6,92
218001361,43,22,21
218001362,0,118,-118
219000001,47,68,-21
219000002,36,83,-47
219000003,87,31,56
219000004,47,71,-24
219000017,86,21,65
219000020,48,11,37
219000022,60,5,55
219000023,54,0,54
219000029,1,134,-133
219000034,8,10,-2
219000039,24,61,-37
219000040,47,11,36
219000041,71,62,9
219000051,1,81,-80
219000052,0,31,-31
219000053,3,324,-321
219000054,23,193,-170
219000055,47,1,46
219000056,3,1,2
219000057,18,0,18
219000062,5,316,-311
219000063,38,9,29
219000064,1,46,-45
219000110,241,33,208
219000111,93,31,62
219000112,149,55,94
219000113,77,40,37
219000114,538,17,521
219000116,53,25,28
219000117,150,215,-65
219000118,42,88,-46
219000123,216,81,135
219000124,34,40,-6
219000125,16,30,-14
219000126,51,108,-57
219000127,0,8,-8
219000128,24,127,-103
219000129,26,157,-131
219000130,1201,819,382
219000131,1013,715,298
219000133,30,45,-15
219000134,2,26,-24
219000135,33,51,-18
219000136,147,147,0
219000138,29,26,3
219000139,13,58,-45
219000140,15,1,14
219000141,12,168,-156
219000142,20,131,-111
219000143,17,143,-126
219000145,19,42,-23
219000146,3,78,-75
219000147,3,100,-97
219000148,4,157,-153
219000149,49,373,-324
219000150,6,247,-241
219000151,11,124,-113
219000157,168,193,-25
219000158,74,252,-178
219000161,133,13,120
219000163,2063,473,1590
219000166,42,250,-208
219000167,65,312,-247
219000168,489,81,408
219000174,174,110,64
219000175,47,3,44
219000176,35,1,34
219000177,10,3,7
219000178,8,1,7
219000179,2,14,-12
219000180,43,34,9
219000182,95,7,88
219000183,17,52,-35
219000184,24,8,16
219000185,2,165,-163
219000186,8,84,-76
219000187,15,230,-215
219000189,134,149,-15
219000190,130,286,-156
219000191,1817,773,1044
219000192,106,109,-3
219000193,651,238,413
219000195,1,102,-101
219000196,4,179,-175
219000198,35,185,-150
219000199,155,237,-82
219000200,36,255,-219
219000201,87,280,-193
219000203,17,135,-118
219000204,109,187,-78
219000205,57,295,-238
219000207,292,293,-1
219000209,12,115,-103
219000210,26,139,-113
219000213,6,364,-358
219000239,161,290,-129
219000240,170,424,-254
219000241,70,313,-243
219000242,143,276,-133
219000243,71,361,-290
219000244,8,127,-119
219000245,4,48,-44
219000246,17,17,0
219000247,35,40,-5
219000248,409,170,239
219000249,190,40,150
219000250,69,64,5
219000251,489,111,378
219000252,123,80,43
219000253,74,25,49
219000255,33,55,-22
219000256,72,60,12
219000257,38,0,38
219000262,96,302,-206
219000263,32,259,-227
219000267,4,161,-157
219000268,4,14,-10
219000269,1,0,1
219000270,3,0,3
219000271,37,1,36
219000278,0,12,-12
219000279,2,10,-8
219000283,0,10,-10
219000295,6,123,-117
219000296,54,748,-694
219000297,17,249,-232
219000298,16,318,-302
219000299,412,42,370
219000300,18,434,-416
219000301,191,384,-193
219000302,23,204,-181
219000307,16,61,-45
219000308,27,31,-4
219000311,66,54,12
219000312,227,45,182
219000313,114,23,91
219000314,133,699,-566
219000315,88,26,62
219000316,180,21,159
219000317,34,17,17
219000320,0,59,-59
219000321,0,29,-29
219000323,12,130,-118
219000325,0,60,-60
219000326,102,146,-44
219000327,68,59,9
219000328,27,50,-23
219000329,317,82,235
219000330,46,24,22
219000331,22,52,-30
219000332,60,54,6
219000333,8,7,1
219000335,56,0,56
219000337,8,1,7
219000338,26,0,26
219000344,37,133,-96
219000345,110,179,-69
219000346,16,214,-198
219000348,80,245,-165
219000349,20,332,-312
219000350,32,72,-40
219000351,2,1,1
219000352,205,54,151
219000353,57,39,18
219000354,78,124,-46
219000355,104,65,39
219000356,2127,314,1813
219000363,314,33,281
219000364,74,13,61
219000365,86,11,75
219000366,346,102,244
219000368,474,367,107
219000370,1225,176,1049
219000371,9,20,-11
219000382,5,20,-15
219000383,914,729,185
219000385,643,507,136
219000386,1270,1347,-77
219000387,2,13,-11
219000390,2,0,2
219000391,2,0,2
219000397,92,136,-44
219000398,71,27,44
219000401,3,103,-100
219000402,20,99,-79
219000403,48,104,-56
219000404,16,72,-56
219000407,1,34,-33
219000409,12,36,-24
219000410,14,27,-13
219000411,15,14,1
219000446,231,575,-344
219000447,0,21,-21
219000448,28,4,24
219000452,78,48,30
219000453,54,99,-45
219000454,344,139,205
219000556,104,58,46
219000558,67,372,-305
219000590,12,269,-257
219000591,30,43,-13
219000592,103,487,-384
219000595,2,33,-31
219000635,35,25,10
219000636,17,141,-124
219000657,9,29,-20
219000658,14,32,-18
219000673,0,14,-14
219000676,13,4,9
219000679,7,9,-2
219000684,16,1,15
219000685,1,90,-89
219000686,12,1,11
219000688,1,117,-116
219000689,66,193,-127
219000690,169,16,153
219000691,56,108,-52
219000692,83,31,52
219000693,0,42,-42
219000694,0,0,0
219000695,6,2,4
219000698,5,0,5
219000699,0,15,-15
219000727,3,214,-211
219000728,76,1,75
219000770,19,0,19
219000771,1,39,-38
219000788,227,180,47
219001150,0,11,-11
219001151,0,1,-1
219001166,9,3,6
219001167,4,48,-44
219001178,16,0,16
220000001,5,38,-33
220000002,4,216,-212
220000003,378,417,-39
220000004,582,924,-342
220000005,2007,1807,200
220000006,168,980,-812
220000007,226,1091,-865
220000008,193,1533,-1340
220000009,120,744,-624
220000010,59,145,-86
220000011,629,1643,-1014
220000012,51,143,-92
220000014,41,72,-31
220000015,11,237,-226
220000017,17,400,-383
220000018,5866,791,5075
220000019,52,251,-199
220000020,78,336,-258
220000021,352,192,160
220000022,391,560,-169
220000023,186,154,32
220000024,1652,262,1390
220000025,1228,364,864
220000026,221,127,94
220000027,3,83,-80
220000028,22,38,-16
220000029,67,156,-89
220000030,66,89,-23
220000031,174,365,-191
220000064,13,1120,-1107
221000046,6,2,4
221000047,0,1,-1
221000048,0,3,-3
221000049,0,20,-20
221000050,9,0,9
221000055,37,58,-21
221000057,59,4,55
221000068,283,83,200
221000069,208,31,177
221000070,103,13,90
221000071,43,9,34
221000072,80,16,64
221000073,128,43,85
221000074,2,25,-23
221000075,17,15,2
221000076,9,37,-28
221000077,37,110,-73
221000081,11,1,10
221000082,35,3,32
221000083,14,0,14
221000084,2,1,1
221000085,6,66,-60
221000086,3,203,-200
221000087,3,208,-205
221000088,11,188,-177
221000089,30,271,-241
221000090,117,470,-353
221000098,92,7,85
221000099,133,9,124
221000100,55,4,51
221000101,257,6,251
221000102,99,10,89
221000109,3,131,-128
221000110,5,177,-172
221000111,30,182,-152
221000112,9,149,-140
221000113,20,159,-139
221000114,17,207,-190
221000120,5,28,-23
221000121,1,18,-17
221000122,8,13,-5
221000123,4,35,-31
221000124,13,423,-410
221000155,65,7,58
221000156,11,22,-11
221000175,2,4,-2
221000176,1,3,-2
221000182,32,3,29
221000241,403,151,252
221000242,291,307,-16
221000243,267,93,174
221000244,212,338,-126
221000245,39,74,-35
221000246,13,199,-186
221000247,18,148,-130
221000248,39,163,-124
221000267,46,788,-742
221000325,74,48,26
221000331,0,85,-85
221000338,3,13,-10
221000378,107,24,83
221000381,86,130,-44
222000282,1,0,1
222000296,3,34,-31
222000568,175,12,163
222000569,94,13,81
222000570,82,2,80
222000571,68,4,64
222000577,7,305,-298
222000578,15,282,-267
222000579,30,136,-106
222000580,154,939,-785
222000599,0,161,-161
222000600,3,300,-297
222000601,10,997,-987
222000603,7,7,0
222000604,0,13,-13
222000605,1,7,-6
222000606,0,14,-14
222000607,0,1,-1
222000608,2,19,-17
222000609,36,340,-304
222000616,57,39,18
222000617,1,14,-13
222000618,4,2,2
222000620,8,4,4
222000621,17,4,13
222000623,432,2,430
222000624,175,1,174
222000625,223,36,187
222000636,56,2,54
222000686,2,5,-3
222000687,18,47,-29
222001066,159,0,159
222001067,7,1,6
222001068,7,44,-37
222001069,13,33,-20
222001082,8,76,-68
222001083,1,115,-114
222001084,0,74,-74
222001085,1,198,-197
222001111,7,357,-350
222001112,18,17,1
222001313,6,3,3
222001314,4,90,-86
222001464,7,44,-37
222001465,8,115,-107
222001484,54,61,-7
222001485,14,101,-87
222001494,127,145,-18
222001495,77,489,-412
222001496,98,58,40
222001497,99,740,-641
222001502,21,119,-98
222001503,6,9,-3
222001504,17,334,-317
222001505,23,0,23
222001506,33,236,-203
222001507,30,4,26
222001510,33,8,25
222001511,34,480,-446
222001514,223,33,190
222001515,268,760,-492
222001518,27,16,11
222001519,38,510,-472
222001527,40,18,22
222001528,99,202,-103
222001529,30,8,22
222001530,31,251,-220
222001533,164,516,-352
222001534,13,9,4
222001535,35,106,-71
222001536,79,447,-368
222001537,106,15,91
222001538,54,580,-526
222001563,58,44,14
222001564,32,900,-868
222001568,71,86,-15
222001576,0,1,-1
222001579,0,4,-4
222001583,3,323,-320
222001584,48,11,37
222001596,579,1820,-1241
222001597,991,203,788
222001626,0,253,-253
222001650,77,73,4
222001651,38,113,-75
222001914,71,12,59
222001915,93,226,-133
222001968,380,127,253
222001969,464,932,-468
222001970,29,201,-172
222001971,7,23,-16
222001972,1,45,-44
225000001,437,95,342
225000002,201,59,142
225000003,233,72,161
225000004,151,189,-38
225000005,12,40,-28
225000006,0,113,-113
225000007,3317,959,2358
225000010,61,3,58
225000011,395,468,-73
225000012,92,258,-166
225000013,21,120,-99
225000014,362,29,333
225000015,112,219,-107
225000021,338,108,230
225000027,259,470,-211
225000032,587,76,511
225000042,50,632,-582
225000049,18,57,-39
225000050,34,13,21
225000053,6,182,-176
225000058,200,67,133
225000067,106,236,-130
225000068,97,553,-456
225000069,219,490,-271
225000070,40,583,-543
225000071,9,320,-311
225000075,31,856,-825
225000076,91,90,1
225000078,49,12,37
225000085,10,88,-78
225000086,52,38,14
225000087,139,15,124
225000088,2,145,-143
225000089,408,489,-81
225000090,22,297,-275
225000091,36,269,-233
225000092,13,85,-72
225000093,95,424,-329
225000094,12,518,-506
225000095,263,597,-334
225000096,76,434,-358
225000098,265,106,159
225000099,144,75,69
225000100,100,71,29
225000104,30,420,-390
225000110,11,467,-456
225000111,109,1087,-978
225000112,161,847,-686
225000113,70,613,-543
225000114,35,269,-234
225000115,2612,483,2129
225000116,1058,37,1021
225000117,500,198,302
225000118,387,114,273
225000119,57,32,25
225000120,272,31,241
225000121,171,24,147
225000123,606,15,591
225000125,126,235,-109
225000126,762,176,586
225000127,1015,461,554
225000128,184,339,-155
225000132,120,21,99
225000133,198,14,184
225000134,399,52,347
225000135,17,4,13
225000136,65,8,57
225000137,48,33,15
225000138,176,18,158
225000143,65,167,-102
225000144,2,308,-306
225000145,28,15,13
225000146,22,125,-103
225000147,5,386,-381
225000148,1,269,-268
225000149,62,464,-402
225000151,28,344,-316
225000155,151,325,-174
225000156,87,552,-465
225000157,95,427,-332
225000158,35,403,-368
225000171,1,204,-203
225000180,7,4,3
225000181,1,46,-45
225000182,27,3,24
225000185,7,245,-238
225000187,46,470,-424
225000191,8,2,6
225000194,0,2,-2
225000208,1,48,-47
225000209,9,25,-16
225000210,5,206,-201
225000217,0,25,-25
225000218,2,1,1
225000223,0,40,-40
225000224,21,0,21
225000225,0,5,-5
225000226,24,0,24
225000227,41,80,-39
225000228,34,2,32
225000229,0,84,-84
225000230,46,0,46
225000231,0,108,-108
225000232,50,0,50
225000241,31,0,31
225000242,0,46,-46
225000249,20,18,2
225000250,32,870,-838
225000251,171,14,157
225000254,0,0,0
225000256,2,1,1
225000257,0,3,-3
226000042,388,393,-5
226000043,72,258,-186
226000044,74,702,-628
226000045,67,390,-323
226000046,170,39,131
226000047,187,28,159
226000048,241,34,207
226000049,127,43,84
226000070,0,66,-66
226000071,0,64,-64
226000072,0,7,-7
226000073,1,9,-8
226000074,0,14,-14
226000084,0,69,-69
226000085,0,3,-3
226000086,1,6,-5
226000087,0,10,-10
226000088,108,10,98
226000090,113,8,105
226000091,12,2,10
226000092,1,0,1
226000093,7,0,7
226000094,2,0,2
226000095,4,2,2
226000105,2,1,1
226000106,6,0,6
226000107,1,0,1
226000108,7,0,7
226000109,39,1,38
226000124,130,57,73
226000134,296,340,-44
226000135,781,482,299
226000136,173,263,-90
226000137,5,486,-481
226000138,14,274,-260
226000139,2,26,-24
226000156,30,1,29
226000157,72,7,65
226000163,21,29,-8
226000202,4,538,-534
226000231,68,8,60
226000232,22,6,16
227000033,247,52,195
227000036,169,12,157
227000037,99,19,80
227000038,114,18,96
227000084,0,44,-44
227000085,0,24,-24
227000088,17,3,14
227000089,66,1,65
227000090,28,1,27
227000091,6,1,5
227000092,11,0,11
227000093,27,0,27
227000094,1,0,1
227000130,14,90,-76
227000131,7,314,-307
227000132,23,328,-305
227000133,6,320,-314
227000134,12,549,-537
227000152,0,2,-2
227000153,0,59,-59
227000154,0,31,-31
227000155,0,24,-24
227000156,3,28,-25
227000165,2,28,-26
227000196,97,434,-337
227000199,70,654,-584
227000230,23,628,-605
227000232,127,11,116
227000242,78,451,-373
227000243,454,45,409
227000245,14,403,-389
227000246,73,534,-461
227000247,176,66,110
227000248,66,32,34
227000249,13,302,-289
227000250,261,164,97
227000251,206,309,-103
227000252,13,459,-446
227000253,44,28,16
227000262,228,16,212
227000266,308,9,299
227000267,30,2655,-2625
227000282,11,307,-296
227000284,112,8,104
227000286,6,121,-115
227000287,14,283,-269
227000291,21,652,-631
227000296,627,300,327
227000484,372,24,348
227000485,26,595,-569
227000655,28,14,14
227000656,588,13,575
227000657,33,31,2
227000661,117,13,104
227000680,29,18,11
229000265,2,39,-37
229000296,1,14,-13
229000297,5,19,-14
229000298,4,104,-100
229000320,5,2,3
229000321,9,10,-1
229000412,6,71,-65
229000414,2,57,-55
229000415,4,1,3
229000416,0,3,-3
229000417,0,17,-17
229000419,69,207,-138
229000440,163,50,113
229000442,1,5,-4
229000443,0,0,0
229000444,0,23,-23
229000445,8,9,-1
229000446,17,6,11
229000491,3,25,-22
229000492,10,150,-140
229000493,2,132,-130
229000494,23,10,13
229000495,80,14,66
229000496,10,7,3
229000507,0,27,-27
229000508,0,22,-22
229000509,0,65,-65
229000510,2,24,-22
229000511,2,97,-95
229000512,0,35,-35
229000513,0,4,-4
229000514,0,5,-5
229000517,0,17,-17
229000518,2,36,-34
229000519,0,14,-14
229000520,5,53,-48
229000521,6,24,-18
229000522,0,10,-10
229000523,2,20,-18
229000524,3,11,-8
229000527,0,1,-1
229000528,0,0,0
229000529,5,1,4
229000530,44,2,42
229000531,14,3,11
229000532,20,6,14
229000533,76,2,74
229000534,61,1,60
229000564,29,4,25
229000565,5,1,4
229000566,0,53,-53
229000567,1,117,-116
229000582,123,2,121
229000583,21,4,17
229000584,0,43,-43
229000585,2,52,-50
229000718,0,1,-1
229000719,0,1,-1
229000720,0,13,-13
229000721,0,23,-23
229000722,1,21,-20
229000723,0,17,-17
229000724,0,2,-2
229000725,0,7,-7
229000738,2,0,2
229000739,0,0,0
229000740,2,0,2
229000741,4,0,4
229000742,4,0,4
229000743,3,1,2
229000744,1,0,1
229000745,3,0,3
229000746,22,0,22
229000847,9,0,9
229000848,4,0,4
229000849,39,1,38
229000851,4,1,3
229000854,0,75,-75
229000856,2,161,-159
229000857,1,46,-45
229000858,1,168,-167
229000919,9,119,-110
229000930,5,166,-161
229000937,63,58,5
229000966,41,28,13
229000981,32,69,-37
229000985,1,12,-11
229000986,0,0,0
229000987,0,0,0
229000988,0,2,-2
229000989,0,4,-4
229000990,0,1,-1
229000991,0,1,-1
229000992,0,14,-14
229000993,119,3,116
229000998,4,23,-19
229000999,46,6,40
229001034,0,7,-7
229001035,0,0,0
229001037,11,16,-5
229001042,4,13,-9
229001047,0,28,-28
229001050,20,39,-19
229001168,0,11,-11
229001200,0,0,0
229001338,0,41,-41
229001394,361,5,356
229001422,105,21,84
229001423,24,194,-170
229001431,45,52,-7
229001432,45,79,-34
229001444,68,36,32
229001445,24,205,-181
229001479,5,13,-8
229001503,103,94,9
229001504,61,188,-127
229001505,69,54,15
229001506,27,192,-165
229001509,21,9,12
229001545,37,12,25
229001546,6,97,-91
229001553,19,15,4
229001554,10,143,-133
229001559,1,3,-2
229001560,0,2,-2
229001630,58,6,52
229001631,8,43,-35
229001635,0,1,-1
229001636,1,0,1
229001658,4,67,-63
229001659,155,4,151
229001660,0,1,-1
229001661,1,11,-10
229001662,13,3,10
229001663,0,14,-14
229002584,93,73,20
229002831,106,106,0
229002841,33,24,9
229002842,58,10,48
229002843,9,20,-11
229002844,8,61,-53
229002845,41,82,-41
229002846,8,32,-24
229002847,4,13,-9
229002848,0,1,-1
229002849,7,43,-36
229002850,2,0,2
229002851,40,66,-26
229002852,25,25,0
229002853,62,9,53
229002854,65,51,14
229002855,1,42,-41
229002856,33,5,28
229002857,0,53,-53
229002858,2,1,1
229002859,17,25,-8
229002860,5,2,3
229002861,35,16,19
229002862,4,44,-40
229002863,6,29,-23
229002864,3,21,-18
229002865,0,5,-5
229002866,0,26,-26
229002867,1,16,-15
229002868,1,7,-6
229002869,5,90,-85
229002870,1,5,-4
235000066,269,63,206
235000067,77,84,-7
235000072,30,53,-23
235000073,113,223,-110
235000074,13,99,-86
235000080,3,75,-72
235000081,73,307,-234
235000082,51,41,10
235000083,58,90,-32
235000084,13,39,-26
235000085,54,62,-8
235000089,4,45,-41
235000092,14,186,-172
235000093,0,6,-6
235000097,17,1,16
235000098,30,16,14
235000099,10,32,-22
235000116,21,14,7
235000117,599,9,590
235000133,10,275,-265
235000134,9,81,-72
235000206,10,2,8
235000207,6,1,5
235000208,1,1,0
235000209,0,1,-1
235000210,2,4,-2
235000212,3,17,-14
235000213,1,7,-6
235000220,1,1,0
235000221,14,9,5
235000238,2,17,-15
235000239,0,3,-3
235000242,128,186,-58
235000245,1280,274,1006
235000246,29,60,-31
235000284,1,76,-75
235000295,31,5,26
235000305,26,5,21
235000306,17,4,13
235000307,1,1,0
235000308,3,0,3
235000309,20,1,19
235000310,10,0,10
235000311,18,4,14
235000322,1,41,-40
235000323,0,43,-43
235000324,0,15,-15
235000325,0,23,-23
235000326,4,333,-329
235000351,2,39,-37
235000352,13,39,-26
235000353,1,28,-27
235000354,1,44,-43
235000355,1,53,-52
235000356,12,3,9
235000357,0,4,-4
235000358,5,2,3
235000359,1,0,1
235000360,20,2,18
235000361,11,4,7
235000381,29,413,-384
235000382,52,46,6
235000390,3,1,2
235000391,61,20,41
235000392,51,138,-87
235000393,71,72,-1
235000395,42,39,3
235000396,194,39,155
235000400,52,23,29
235000401,40,234,-194
235000405,57,516,-459
235000406,33,450,-417
235000407,54,153,-99
235000409,240,228,12
235000410,36,221,-185
235000411,0,106,-106
235000485,0,8,-8
235000486,0,0,0
235000549,23,45,-22
235000550,35,179,-144
235000599,52,118,-66
235000600,3,10,-7
235000601,20,22,-2
235000602,41,144,-103
235000614,15,3,12
235000648,0,29,-29
235000649,13,2,11
235000685,1,3,-2
235000815,1,17,-16
235000834,0,3,-3
235000855,32,35,-3
235000862,26,227,-201
235000891,0,7,-7
235000892,5,7,-2
235000901,66,149,-83
235000907,6,4,2
235001010,38,63,-25
235001029,826,347,479
235001030,438,148,290
235001078,72,53,19
235001079,73,199,-126
235001147,32,39,-7
235001166,7,41,-34
235001167,6,63,-57
235001169,7,270,-263
235001188,0,8,-8
235001189,1,1,0
235001197,0,13,-13
235001200,41,23,18
235001207,67,31,36
235001210,22,168,-146
235001215,48,156,-108
235001239,1,52,-51
235001244,0,2,-2
235016267,0,15,-15
277101746,1,2,-1
277102712,0,1,-1
277103813,0,0,0
277103898,0,2,-2
277104249,0,12,-12
277104250,0,4,-4
277104251,0,14,-14
277104252,2,2,0
990011530,1,289,-288
990014944,5,626,-621
990015176,87,82,5
990015618,1,149,-148
990016032,1,437,-436
990032570,0,73,-73
990070001,7,3,4
990070103,0,10,-10
990070601,1,54,-53
990070751,113,1,112
990070766,6,1127,-1121
990071180,165,136,29
990071343,1,0,1
990071387,0,12,-12
990071823,156,4,152
990072600,1,686,-685
990072964,5,754,-749
990073285,1,11,-10
990074393,2,1183,-1181
990074870,209,6,203
990075106,140,0,140
990075746,76,4,72
990076437,160,4,156
990076458,5,1581,-1576
997000007,68,15,53
997000041,2,186,-184
997000058,24,1,23
997000062,3,0,3
997000069,0,1,-1
997000070,0,35,-35
997000100,9,3,6
997000141,1,206,-205
997000198,12,65,-53
998000475,0,8,-8
998000736,1,360,-359
998000965,0,6,-6
998001031,0,29,-29
998001700,0,19,-19
998001899,0,1,-1
998001900,37,29,8
998003073,1160,12,1148
998101900,0,0,0
998102850,2,93,-91
998501927,200,322,-122
998501929,134,7,127
998501930,48,0,48
998501931,38,9,29
998501932,10,1,9
998501933,25,1,24
998501937,79,58,21
998501944,0,1,-1
998501950,0,0,0
998501970,201,162,39
998501971,0,77,-77
998501973,1,74,-73
998501974,2,240,-238
998501975,95,8,87
998501976,76,55,21
998501977,0,16,-16
998501978,46,15,31
998501979,0,14,-14
998501980,109,4,105
998501981,28,14,14
998501982,0,81,-81
998502006,0,0,0
998502024,0,2,-2
998502032,0,1,-1
998502062,6,0,6
998502063,0,0,0
998502173,11,0,11
998502269,1,2,-1
998601159,2,447,-445
998601292,0,13,-13
999033574,1,864,-863
999800001,9,1,8
999800002,0,2,-2
999800003,1,1,0
999800004,0,11,-11
999800005,0,4,-4
