ID,insum,outsum,diff
100000001,475,551,-76
100000002,3179,613,2566
100000003,8565,2559,6006
100000004,1754,838,916
100000005,1691,2808,-1117
100000006,262,103,159
100000007,1296,414,882
100000008,151,621,-470
100000009,252,158,94
100000010,52,44,8
100000011,436,69,367
100000012,41,894,-853
100000013,20,192,-172
100000014,242,387,-145
100000015,1241,1291,-50
100000016,1279,1477,-198
100000017,659,1203,-544
100000018,1417,587,830
100000019,5340,1524,3816
100000020,2000,4337,-2337
100000021,7962,2330,5632
100000022,1625,775,850
100000023,6816,1024,5792
100000025,3173,421,2752
100000028,1898,843,1055
100000029,275,170,105
100000030,528,59,469
100000031,5692,5880,-188
100000032,2496,3264,-768
100000033,726,1937,-1211
100000034,979,328,651
100000035,1759,682,1077
100000036,3247,1027,2220
100000037,450,442,8
100000038,1220,913,307
100000039,844,157,687
100000040,224,168,56
100000041,783,340,443
100000042,513,293,220
100000043,568,308,260
100000044,530,796,-266
100000045,446,1513,-1067
100000046,882,1535,-653
100000047,485,1061,-576
100000048,1069,686,383
100000049,1846,2816,-970
100000051,325,1243,-918
100000053,23,3,20
100000054,101,18,83
100000055,452,262,190
100000056,233,557,-324
100000057,1776,760,1016
100000058,1051,1539,-488
100000059,2,151,-149
100000060,233,392,-159
100000061,1620,545,1075
100000062,1561,519,1042
100000063,416,298,118
100000064,836,373,463
100000065,394,1360,-966
100000066,209,1063,-854
100000067,481,982,-501
100000068,592,2067,-1475
100000069,255,1869,-1614
100000072,443,1486,-1043
100000073,1221,1582,-361
100000075,474,345,129
100000076,2050,1644,406
100000077,762,148,614
100000078,104,23,81
100000079,35,25,10
100000080,8,12,-4
100000081,62,27,35
100000102,2805,1369,1436
100000103,3711,684,3027
100000104,5830,1145,4685
100000105,3848,639,3209
100000106,2856,1553,1303
100000107,784,353,431
100000108,1100,922,178
100000109,4175,1023,3152
100000116,1728,568,1160
100000117,36,23,13
100000118,1129,861,268
100000119,633,737,-104
100000121,279,674,-395
100000122,1261,740,521
100000123,3810,3992,-182
100000124,8173,5732,2441
100000125,3245,724,2521
100000126,699,232,467
100000127,1778,281,1497
100000128,1345,1167,178
100000129,546,374,172
100000130,383,672,-289
100000131,4502,3221,1281
100000132,1842,1914,-72
100000133,9773,3108,6665
100000135,424,946,-522
100000139,217,343,-126
100000140,189,302,-113
100000142,327,470,-143
100000143,855,627,228
100000144,4800,962,3838
100000147,937,1968,-1031
100000150,21,461,-440
100000151,759,609,150
100000153,368,256,112
100000154,110,82,28
100000155,5,16,-11
100000156,69,55,14
100000157,32,330,-298
100000158,41,151,-110
100000159,348,360,-12
100000165,1182,684,498
100000169,812,395,417
100000174,2156,454,1702
100000179,83,554,-471
100000180,4843,1382,3461
100000181,76,390,-314
100000188,105,450,-345
100000189,1325,275,1050
100000190,461,412,49
100000191,561,440,121
100000192,78,64,14
100000193,119,155,-36
100000330,2435,565,1870
100000355,145,591,-446
100000362,5263,3874,1389
100000363,2107,3386,-1279
100000364,399,148,251
100000365,3414,6638,-3224
100000366,4716,2168,2548
100000367,2889,3757,-868
100000368,2377,1925,452
100000369,1130,1325,-195
100000370,200,271,-71
100000376,126,100,26
100000379,2670,1077,1593
100000380,3419,1523,1896
100000384,5699,2390,3309
100000385,6399,3216,3183
100000386,9797,2791,7006
100000387,7934,3766,4168
100000388,11812,4021,7791
100000389,11747,4237,7510
100000390,10838,2698,8140
100000391,7887,4131,3756
100000392,3464,1382,2082
100000393,1472,1357,115
100000394,7756,3110,4646
100000395,4466,1235,3231
100000396,5529,1542,3987
100000397,3133,1699,1434
100000398,11654,7749,3905
100900002,6,79,-73
100900003,249,92,157
100900004,58,1129,-1071
100900005,106,3,103
100900006,9,281,-272
100900007,601,12,589
100900008,7,626,-619
100900009,29,49,-20
100900010,86,153,-67
100900011,67,398,-331
100900012,2,331,-329
100900013,1694,7,1687
100900014,5,15,-10
100900015,143,154,-11
100900016,0,37,-37
100900017,787,76,711
100900018,0,25,-25
100900019,23,124,-101
100900020,249,5,244
100900021,361,0,361
100900022,9,32,-23
100900023,0,37,-37
100900024,1010,4,1006
100900025,8,11,-3
100900026,69,224,-155
100900027,564,2502,-1938
100900028,100,150,-50
100900029,89,11,78
100900030,8,9,-1
100900031,309,79,230
100900032,105,1,104
100900033,306,107,199
100900034,303,0,303
100900035,721,0,721
100900036,20,0,20
100900037,54,395,-341
100900038,65,17,48
100900039,375,678,-303
100900040,217,1214,-997
100900041,332,1161,-829
100900042,608,192,416
100900043,2,12,-10
100900044,3380,406,2974
100900045,55,2,53
100900046,1133,12,1121
100900047,958,181,777
100900048,170,6,164
100900049,122,271,-149
100900050,4,22,-18
100900051,53,47,6
100900052,198,26,172
100900053,155,38,117
100900054,7,110,-103
100900055,216,374,-158
100900056,93,279,-186
100900057,538,755,-217
100900058,188,34,154
100900059,32,1,31
100900060,78,7,71
100900061,283,283,0
100900062,4,73,-69
100900063,130,353,-223
100900064,653,13,640
100900065,66,51,15
100900066,31,54,-23
100900067,1,8,-7
100900068,125,191,-66
100900069,446,2,444
100900070,145,4,141
100900071,721,344,377
100900072,1,54,-53
100900073,58,774,-716
100900074,1,8,-7
100900075,3138,366,2772
100900076,51,56,-5
100900077,20,211,-191
100900078,58,235,-177
100900079,3,22,-19
100900080,18,220,-202
100900081,11,96,-85
100900082,50,844,-794
100900083,1,42,-41
100900085,4,68,-64
100900086,112,1004,-892
100900088,58,876,-818
100900089,4,34,-30
100900090,125,378,-253
100900091,2,41,-39
100900092,158,210,-52
100900093,114,610,-496
100900094,82,833,-751
100900095,3,43,-40
100900096,28,82,-54
100900097,0,3,-3
100900098,3,24,-21
100900099,27,721,-694
100900100,12,235,-223
100900101,459,38,421
100900102,119,39,80
100900103,7,9,-2
100900104,14,208,-194
100900105,12,80,-68
100900106,61,7,54
100900107,1985,535,1450
100900108,2,13,-11
100900109,5,22,-17
100900110,4,37,-33
100900111,57,189,-132
100900112,0,10,-10
100900113,12,11,1
100900114,4,15,-11
100900115,1,32,-31
100900116,797,564,233
100900117,195,730,-535
100900118,241,121,120
100900119,13,25,-12
100900120,4,36,-32
100900121,261,454,-193
100900122,130,191,-61
100900123,128,126,2
100900124,3,6,-3
100900125,30,120,-90
100900126,74,212,-138
100900127,0,15,-15
100900128,98,119,-21
100900129,0,81,-81
100900131,59,131,-72
100900133,28,58,-30
100900134,0,4,-4
100900135,1,138,-137
100900137,255,166,89
100900138,404,401,3
100900139,1,9,-8
100900140,9,1038,-1029
100900141,3,372,-369
100900142,0,16,-16
100900143,992,296,696
100900144,8,9,-1
100900145,45,136,-91
100900146,5,26,-21
100900147,24,209,-185
100900148,44,1244,-1200
100900149,17,159,-142
100900150,4,21,-17
100900151,87,623,-536
100900152,114,1,113
100900153,2,151,-149
100900154,7,26,-19
100900155,6,7,-1
100900156,54,0,54
100900157,2,113,-111
100900158,1140,396,744
100900159,1,19,-18
100900160,11,18,-7
100900161,124,5,119
100900162,14,214,-200
100900163,168,231,-63
100900164,23,42,-19
100900165,23,23,0
100900166,39,4,35
100900167,11,140,-129
100900168,18,106,-88
100900169,269,1381,-1112
100900170,34,16,18
100900171,27,922,-895
100900172,0,7,-7
100900173,8,698,-690
100900174,411,72,339
100900176,1411,103,1308
100900177,1111,290,821
100900178,336,135,201
100900179,72,38,34
100900180,0,4,-4
100900181,100,34,66
100900182,17,30,-13
100900184,4,179,-175
100900186,1081,562,519
100900187,16,162,-146
100900188,21,23,-2
100900189,943,176,767
100900191,1346,826,520
100900192,385,190,195
100900195,93,177,-84
100900197,10,138,-128
100900198,22,240,-218
100900199,21,18,3
100900200,859,432,427
100900201,87,1125,-1038
100900202,7,0,7
100900203,0,97,-97
100900204,1059,254,805
100900205,96,538,-442
100900206,85,98,-13
100900207,142,98,44
100900210,78,911,-833
100900211,322,91,231
100900213,44,23,21
100900214,1320,66,1254
100900215,7,52,-45
101000001,5227,2399,2828
101000002,4293,3402,891
101000003,871,2045,-1174
101000004,10750,7559,3191
101000005,6040,5053,987
101000006,9821,7144,2677
101000007,2866,3102,-236
101000008,4302,2825,1477
101000009,1423,2333,-910
101000010,679,1684,-1005
101000011,2300,747,1553
101000012,2228,622,1606
101000013,598,857,-259
101000014,654,816,-162
101000015,706,785,-79
101000016,459,420,39
101000017,460,581,-121
101000018,4077,2684,1393
101000020,4231,1488,2743
101000021,1255,323,932
101000022,711,142,569
101000023,2083,765,1318
101000025,122,383,-261
101000026,520,37,483
101000027,2021,1629,392
101000028,77,60,17
101000029,45,722,-677
101000030,1031,45,986
101000031,995,509,486
101000032,7573,2162,5411
101000033,2513,1667,846
101000034,2863,1056,1807
101000035,1314,516,798
101000036,1694,338,1356
101000037,4966,1044,3922
101000039,3497,1068,2429
101000040,5221,2709,2512
101000041,19979,3493,16486
101000042,1256,634,622
101000043,14288,3205,11083
101000045,2169,366,1803
101000046,2880,649,2231
101000047,1426,1220,206
101000048,1011,1022,-11
101000049,1003,930,73
101000050,3636,3199,437
101000051,3995,1199,2796
101000052,1530,591,939
101000053,1117,1581,-464
101000054,2086,1937,149
101000055,1695,987,708
101000056,44,50,-6
101000057,3342,533,2809
101000058,2331,748,1583
101000059,4224,1515,2709
101000060,2105,228,1877
101000061,1330,723,607
101000062,1045,277,768
101000063,495,373,122
101000064,964,307,657
101000065,187,287,-100
101000066,370,186,184
101000067,798,409,389
101000068,327,235,92
101000069,322,83,239
101000070,1805,1082,723
101000071,2187,770,1417
101000072,1214,3959,-2745
101000073,720,480,240
101000074,5682,3361,2321
101000075,7515,4145,3370
101000077,1282,1642,-360
101000078,1282,1844,-562
101000079,420,745,-325
101000080,577,541,36
101000081,1225,1272,-47
101000082,3908,2751,1157
101000083,1965,1624,341
101000084,1607,1202,405
101000085,1842,1029,813
101000086,1257,1147,110
101000087,997,1345,-348
101000088,928,1089,-161
101000089,823,1471,-648
101000090,2640,1677,963
101000091,317,2160,-1843
101000092,853,1290,-437
101000093,1610,980,630
101000094,641,1308,-667
101000095,232,860,-628
101000096,252,750,-498
101000097,1245,278,967
101000098,998,526,472
101000099,1264,1240,24
101000100,1325,662,663
101000101,416,378,38
101000102,1031,325,706
101000103,1008,501,507
101000104,307,428,-121
101000105,813,171,642
101000106,1046,515,531
101000107,212,328,-116
101000108,1751,459,1292
101000109,110,72,38
101000110,21,907,-886
101000111,116,186,-70
101000113,112,837,-725
101000114,4263,1358,2905
101000115,331,247,84
101000116,173,274,-101
101000117,604,291,313
101000119,169,37,132
101000120,237,17,220
101000121,47,23,24
101000122,86,59,27
101000123,35,79,-44
101000124,203,438,-235
101000125,125,442,-317
101000128,1272,478,794
101000130,351,344,7
101000131,504,805,-301
101000132,374,1882,-1508
101000135,39,27,12
101000136,368,153,215
101000137,30,210,-180
101000141,2429,1733,696
101000147,643,473,170
101000148,3111,44,3067
101000149,117,54,63
101000150,50,1283,-1233
101000151,146,63,83
101000152,349,320,29
101000153,564,623,-59
101000154,148,2321,-2173
101000155,191,111,80
101000156,17,256,-239
101000157,49,35,14
101000160,71,59,12
101000163,194,63,131
101000164,595,431,164
101000165,202,434,-232
101000166,351,429,-78
101000168,660,418,242
101000252,1308,781,527
101000254,676,53,623
101000258,60,15,45
101000261,76,364,-288
101000262,815,940,-125
101000263,315,1402,-1087
101000265,37,435,-398
101000266,317,241,76
101000269,144,10,134
101000290,1731,2657,-926
101000293,22,87,-65
101000294,546,562,-16
101000295,138,493,-355
101000301,770,192,578
101000304,1856,2277,-421
101000305,2442,1730,712
101900001,2,125,-123
101900002,0,18,-18
101900003,94,110,-16
101900004,5,34,-29
101900005,6980,1426,5554
101900006,1056,23,1033
101900007,439,49,390
101900008,132,239,-107
101900009,79,450,-371
101900010,1154,384,770
101900011,380,1314,-934
101900012,120,339,-219
101900013,1598,129,1469
101900017,36,104,-68
101900018,2232,265,1967
101900019,276,102,174
101900020,279,151,128
101900021,1,46,-45
101900022,115,2016,-1901
101900023,125,239,-114
102000001,2236,4340,-2104
102000002,3002,1268,1734
102000003,4147,5173,-1026
102000004,11580,2775,8805
102000005,1412,2187,-775
102000006,1879,1612,267
102000007,1444,4175,-2731
102000008,6899,2018,4881
102000009,6126,7140,-1014
102000010,7361,4012,3349
102000011,2350,2164,186
102000012,3395,3819,-424
102000018,4402,2800,1602
102000019,3197,1534,1663
102000026,269,632,-363
102000029,434,220,214
102000030,65,322,-257
102000031,24,271,-247
102000032,272,425,-153
102000033,170,492,-322
102000034,714,475,239
102000035,1337,674,663
102000036,8,283,-275
102000037,178,91,87
102000038,141,79,62
102000039,176,59,117
102000040,513,87,426
102000041,178,182,-4
102000042,238,95,143
102000043,380,210,170
102000044,323,484,-161
102000045,724,1259,-535
102000046,897,457,440
102000047,705,1314,-609
102000048,264,678,-414
102000049,836,618,218
102000050,973,1156,-183
102000051,410,573,-163
102000052,1297,995,302
102000053,752,886,-134
102000054,246,797,-551
102000055,651,1133,-482
102000056,513,1839,-1326
102000057,1417,651,766
102000058,1209,2434,-1225
102000059,1212,1716,-504
102000060,972,1117,-145
102000061,983,2813,-1830
102000062,974,1369,-395
102000063,1335,1670,-335
102000064,484,642,-158
102000065,26,123,-97
102000066,868,1138,-270
102000067,2423,2992,-569
102000068,10184,2654,7530
102000069,74,2187,-2113
102000070,2403,56,2347
102000071,7158,10035,-2877
102000072,3281,5262,-1981
102000073,1064,1230,-166
102000074,667,1080,-413
102000075,143,381,-238
102000076,148,515,-367
102000077,327,1492,-1165
102000078,776,1155,-379
102000079,96,399,-303
102000080,248,241,7
102000081,277,899,-622
102000082,678,312,366
102000083,301,762,-461
102000084,135,479,-344
102000085,1644,1442,202
102000086,1015,1705,-690
102000087,851,2229,-1378
102000088,222,294,-72
102000089,937,555,382
102000090,409,1249,-840
102000091,1347,467,880
102000092,475,882,-407
102000093,512,561,-49
102000094,1340,645,695
102000095,1120,1392,-272
102000096,1430,1032,398
102000097,1584,1438,146
102000098,602,1337,-735
102000099,1144,589,555
102000100,1099,962,137
102000101,1563,392,1171
102000102,386,2067,-1681
102000103,1418,404,1014
102000104,1086,365,721
102000105,192,952,-760
102000106,570,948,-378
102000107,720,755,-35
102000108,411,333,78
102000109,333,771,-438
102000110,557,1958,-1401
102000111,14,364,-350
102000112,111,96,15
102000113,11,45,-34
102000114,1154,487,667
102000115,173,187,-14
102000116,821,275,546
102000117,361,498,-137
102000118,1954,886,1068
102000119,2737,545,2192
102000120,157,548,-391
102000121,1063,627,436
102000122,536,825,-289
102000123,1504,1474,30
102000124,1314,982,332
102000125,1051,1000,51
102000126,724,788,-64
102000127,1030,819,211
102000128,525,1249,-724
102000129,1109,1042,67
102000130,367,939,-572
102000131,3041,895,2146
102000132,1003,998,5
102000133,1274,2583,-1309
102000134,459,852,-393
102000135,1130,774,356
102000136,1341,588,753
102000137,1499,912,587
102000138,392,529,-137
102000139,204,471,-267
102000140,495,260,235
102000141,580,584,-4
102000142,183,439,-256
102000143,104,617,-513
102000144,119,522,-403
102000145,228,457,-229
102000146,312,414,-102
102000147,365,407,-42
102000148,205,280,-75
102000149,136,805,-669
102000150,185,324,-139
102000151,111,489,-378
102000152,89,155,-66
102000153,825,295,530
102000154,455,713,-258
102000155,101,291,-190
102000156,472,47,425
102000157,104,152,-48
102000158,288,188,100
102000159,1882,310,1572
102000161,6081,1697,4384
102000162,233,119,114
102000163,100,441,-341
102000164,1475,1056,419
102000165,231,154,77
102000166,32,101,-69
102000167,160,223,-63
102000168,306,104,202
102000169,77,412,-335
102000170,742,119,623
102000171,89,93,-4
102000172,62,161,-99
102000173,262,186,76
102000174,26,77,-51
102000175,84,120,-36
102000176,27,38,-11
102000178,190,697,-507
102000179,226,217,9
102000180,490,740,-250
102000181,367,809,-442
102000182,340,706,-366
102000183,1290,2403,-1113
102000184,1174,1099,75
102000185,1849,2055,-206
102000186,747,2497,-1750
102000187,654,2246,-1592
102000188,766,1802,-1036
102000189,3679,1258,2421
102000190,714,2870,-2156
102000191,1365,659,706
102000192,750,1093,-343
102000193,36,192,-156
102000194,78,168,-90
102000195,328,723,-395
102000196,126,712,-586
102000197,348,708,-360
102000198,163,1267,-1104
102000199,523,474,49
102000200,214,1850,-1636
102000201,436,614,-178
102000202,1,173,-172
102000203,161,413,-252
102000204,208,1150,-942
102000205,608,828,-220
102000206,484,935,-451
102000207,723,462,261
102000208,333,727,-394
102000209,43,50,-7
102000210,198,539,-341
102000211,317,694,-377
102000212,104,15,89
102000213,6,460,-454
102000214,130,7,123
102000215,1,729,-728
102000216,23,37,-14
102000217,7,271,-264
102000218,124,77,47
102000219,404,446,-42
102000225,701,719,-18
102000226,8795,936,7859
102000227,122,5,117
102000228,0,117,-117
102000229,29,30,-1
102000230,265,732,-467
102000231,268,472,-204
102000232,22,179,-157
102000233,423,853,-430
102000234,90,1399,-1309
102000236,468,73,395
102000237,502,161,341
102000238,112,395,-283
102000240,671,476,195
102000241,277,135,142
102000243,12,43,-31
102000245,20,122,-102
102000246,13,25,-12
102000247,276,840,-564
102000248,123,324,-201
102000249,123,180,-57
102000250,41,532,-491
102000254,54,540,-486
102000266,81,186,-105
102000271,20,0,20
102000286,455,361,94
102000297,1760,987,773
102000299,0,0,0
102000301,0,0,0
102000302,0,0,0
102000303,0,0,0
102000305,0,0,0
102000307,0,4,-4
102000308,1,10,-9
102900001,1255,1041,214
102900002,382,31,351
102900003,29,383,-354
102900005,184,377,-193
102900006,440,240,200
102900007,282,31,251
102900008,239,124,115
102900009,554,183,371
102900010,685,519,166
102900011,2533,394,2139
102900012,389,49,340
102900013,22,100,-78
102900015,998,362,636
102900016,40,185,-145
102900017,106,724,-618
102900018,12,191,-179
102900019,448,593,-145
102900020,78,37,41
102900021,11,126,-115
102900022,356,59,297
102900023,14,55,-41
102900024,25,47,-22
102900025,348,93,255
102900026,712,1469,-757
102900027,41,68,-27
102900028,118,488,-370
102900029,123,151,-28
102900030,395,239,156
102900031,100,180,-80
102900032,39,113,-74
102900033,95,196,-101
102900034,339,168,171
102900035,77,638,-561
102900036,195,672,-477
102900037,139,817,-678
102900038,334,830,-496
102900039,43,371,-328
102900040,175,269,-94
102900041,55,229,-174
102900042,185,397,-212
102900043,131,308,-177
102900044,595,2443,-1848
102900045,94,605,-511
102900046,86,399,-313
102900047,60,850,-790
102900048,563,928,-365
102900049,76,445,-369
102900050,326,524,-198
102900051,156,223,-67
102900052,34,26,8
102900053,362,849,-487
102900054,1081,970,111
102900055,81,123,-42
102900056,134,588,-454
102900057,3,44,-41
102900058,313,75,238
102900059,8,60,-52
102900060,74,578,-504
102900061,91,544,-453
102900062,168,1681,-1513
102900063,619,446,173
102900064,184,421,-237
102900065,2076,967,1109
102900066,375,46,329
102900068,72,92,-20
102900070,152,819,-667
102900072,4,24,-20
102900073,103,6,97
102900074,187,144,43
102900075,11,41,-30
102900076,363,68,295
102900077,50,36,14
102900078,70,102,-32
102900079,182,15,167
102900080,327,23,304
102900081,78,317,-239
102900082,11,265,-254
102900083,323,13,310
102900084,3,23,-20
102900085,174,84,90
102900086,4,28,-24
102900087,60,165,-105
102900088,35,42,-7
102900089,244,139,105
102900090,5,508,-503
102900091,83,6,77
102900092,227,1227,-1000
102900093,230,223,7
102900094,2,68,-66
102900095,115,1,114
102900096,28,8,20
102900097,6,202,-196
103000001,2434,2584,-150
103000002,1940,2192,-252
103000003,3920,2892,1028
103000004,1085,736,349
103000005,2091,2255,-164
103000006,676,1496,-820
103000007,371,926,-555
103000008,856,1196,-340
103000009,712,1145,-433
103000010,88,161,-73
103000011,2137,1236,901
103000012,1163,1327,-164
103000013,7464,2232,5232
103000014,1419,1824,-405
103000015,2966,972,1994
103000016,584,1064,-480
103000017,124,424,-300
103000018,1261,467,794
103000019,189,210,-21
103000020,1923,1358,565
103000021,1487,1761,-274
103000022,1098,1346,-248
103000023,488,1370,-882
103000024,145,234,-89
103000025,93,449,-356
103000026,2253,189,2064
103000027,306,517,-211
103000028,892,467,425
103000029,543,311,232
103000030,2349,664,1685
103000031,1804,1519,285
103000032,2258,1956,302
103000033,2974,2667,307
103000034,2090,1138,952
103000035,476,1065,-589
103000036,552,564,-12
103000037,633,474,159
103000038,578,909,-331
103000039,242,558,-316
103000040,249,1612,-1363
103000041,1578,3295,-1717
103000042,799,898,-99
103000043,324,1608,-1284
103000044,142,335,-193
103000046,240,445,-205
103000047,456,975,-519
103000048,89,175,-86
103000049,104,242,-138
103000050,575,928,-353
103000051,322,661,-339
103000052,811,584,227
103000053,177,532,-355
103000054,2105,1270,835
103000055,1484,2073,-589
103000056,560,2845,-2285
103000057,393,382,11
103000058,331,1103,-772
103000059,238,880,-642
103000060,724,954,-230
103000061,257,984,-727
103000062,1094,942,152
103000063,648,735,-87
103000064,96,320,-224
103000065,3,388,-385
103000066,147,5,142
103000069,179,444,-265
103000070,716,1422,-706
103000071,744,377,367
103000072,130,1332,-1202
103000073,527,153,374
103000074,545,118,427
103000075,166,1312,-1146
103000076,140,266,-126
103000077,39,546,-507
103000078,1134,451,683
103000079,1817,446,1371
103000080,1218,335,883
103000081,577,812,-235
103000082,390,234,156
103000083,90,478,-388
103000084,82,18,64
103000085,1,105,-104
103000086,585,384,201
103000087,151,551,-400
103000088,317,408,-91
103000089,226,384,-158
103000090,1561,1276,285
103000091,560,504,56
103000092,265,270,-5
103000093,350,593,-243
103000094,172,148,24
103000095,62,574,-512
103000096,817,152,665
103000097,71,816,-745
103000098,1073,169,904
103000099,431,752,-321
103000100,88,1073,-985
103000101,619,221,398
103000102,148,869,-721
103000103,560,336,224
103000104,41,198,-157
103000105,104,151,-47
103000106,16,125,-109
103000107,288,92,196
103000108,629,620,9
103000109,397,373,24
103000110,403,530,-127
103000111,731,381,350
103000112,295,297,-2
103000113,685,630,55
103000114,953,446,507
103000115,445,660,-215
103000116,544,652,-108
103000117,173,586,-413
103000118,1420,1196,224
103000119,2490,773,1717
103000120,74,128,-54
103000121,139,586,-447
103000122,202,186,16
103000125,3,660,-657
103000126,363,5,358
103000127,2,332,-330
103000128,143,4,139
103000129,0,197,-197
103000130,44,25,19
103000131,299,117,182
103000132,97,210,-113
103000133,14,244,-230
103000134,708,623,85
103000135,1045,239,806
103000136,846,363,483
103000137,732,629,103
103000138,956,781,175
103000139,2,55,-53
103000140,153,31,122
103000141,21,120,-99
103000142,125,78,47
103000143,66,252,-186
103000144,146,80,66
103000145,21,38,-17
103000150,81,83,-2
103000152,203,290,-87
103000153,141,179,-38
103000156,9,709,-700
103000157,304,3,301
103000159,132,110,22
103000162,51,8,43
103000163,4,18,-14
103000164,5,5,0
103000165,163,493,-330
103000166,181,214,-33
103000167,124,127,-3
103000168,41,165,-124
103000169,172,444,-272
103000170,408,606,-198
103000171,47,58,-11
103000172,437,1304,-867
103000173,265,890,-625
103000174,128,390,-262
103000175,207,677,-470
103000176,814,330,484
103000177,1035,437,598
103000178,492,351,141
103000179,107,29,78
103000183,60,44,16
103000185,87,96,-9
103000186,62,214,-152
103000187,319,964,-645
103000188,10,99,-89
103000189,869,1060,-191
103000191,868,903,-35
103000292,3233,1080,2153
103000293,1819,1336,483
103000295,92,74,18
103000296,246,1,245
103000297,231,17,214
103000504,53,24,29
103000505,6,6,0
103000506,5,303,-298
103000507,109,1,108
103000508,67,39,28
103000509,185,579,-394
103900001,4,573,-569
103900002,2174,203,1971
103900003,2358,78,2280
103900004,42,2,40
103900005,3,332,-329
103900006,1,0,1
103900007,28,3,25
103900008,21,1,20
103900009,178,383,-205
103900010,140,350,-210
103900011,107,311,-204
103900012,14,17,-3
103900013,44,119,-75
103900014,34,24,10
103900015,32,27,5
103900016,213,343,-130
103900017,19,108,-89
103900018,580,176,404
103900019,42,187,-145
103900020,122,345,-223
103900021,988,43,945
103900022,922,632,290
103900023,78,2,76
103900024,104,909,-805
103900025,9,84,-75
103900026,19,0,19
103900027,449,379,70
103900028,7,265,-258
103900029,794,79,715
103900030,218,30,188
103900031,3,0,3
103900032,37,25,12
103900033,90,16,74
103900034,17,378,-361
103900035,69,81,-12
103900036,53,29,24
103900037,39,61,-22
103900038,57,139,-82
103900039,25,586,-561
103900040,5,263,-258
103900041,17,46,-29
103900042,25,540,-515
103900043,79,128,-49
103900044,315,189,126
103900045,174,197,-23
103900047,33,24,9
103900048,39,25,14
103900049,302,1633,-1331
103900050,7,85,-78
103900051,1,32,-31
103900052,139,712,-573
103900053,49,1276,-1227
103900054,71,768,-697
103900055,362,261,101
103900056,18,39,-21
103900057,19,399,-380
103900058,129,1000,-871
103900059,0,0,0
103900060,34,260,-226
103900061,73,65,8
103900062,188,65,123
103900063,0,0,0
103900064,67,3,64
103900065,980,395,585
103900066,78,10,68
103900067,86,8,78
103900068,5,0,5
103900069,66,4,62
103900070,119,321,-202
103900071,27,220,-193
103900072,5,450,-445
103900073,24,33,-9
103900074,50,120,-70
103900075,54,106,-52
103900076,269,918,-649
103900077,83,75,8
103900078,81,136,-55
103900079,123,356,-233
103900080,18,51,-33
103900081,103,9,94
103900082,7,139,-132
103900083,2683,557,2126
103900084,75,181,-106
103900085,79,88,-9
103900086,360,355,5
103900087,25,134,-109
103900088,364,240,124
103900089,54,204,-150
103900090,0,238,-238
103900091,1022,274,748
103900092,300,461,-161
103900093,92,518,-426
103900094,6,230,-224
103900095,174,186,-12
103900096,21,408,-387
103900097,8,683,-675
103900098,159,67,92
103900099,53,451,-398
103900100,192,434,-242
103900101,60,1163,-1103
103900102,0,22,-22
103900104,1,58,-57
103900105,74,172,-98
103900106,0,27,-27
103900107,198,348,-150
103900108,41,453,-412
103900109,47,118,-71
103900110,178,57,121
103900111,40,1081,-1041
103900112,32,80,-48
103900113,150,244,-94
103900114,529,400,129
103900115,248,92,156
103900116,7587,1865,5722
103900117,208,144,64
103900119,30,55,-25
103900120,13,143,-130
103900122,59,429,-370
103900123,1613,524,1089
103900124,40,24,16
103900125,42,78,-36
103900126,305,667,-362
103900127,122,991,-869
103900128,69,267,-198
103900131,12,108,-96
103900133,901,18,883
103900134,0,9,-9
103900135,1,11,-10
103900137,1,52,-51
103900138,52,488,-436
103900139,175,1040,-865
103900140,3,46,-43
103900141,264,122,142
103900142,68,257,-189
103900143,16,5,11
103900144,0,77,-77
103900145,185,514,-329
103900146,277,491,-214
103900147,313,125,188
103900148,87,271,-184
103900149,118,963,-845
103900150,9679,2469,7210
103900151,44,205,-161
103900152,252,963,-711
103900153,0,0,0
103900154,1463,854,609
103900155,17,273,-256
103900156,14,217,-203
103900157,34,366,-332
103900158,37,292,-255
103900159,57,87,-30
103900160,17,27,-10
103900161,88,296,-208
103900162,56,350,-294
103900163,8,527,-519
103900164,176,51,125
103900167,20,82,-62
103900168,53,169,-116
103900169,41,57,-16
103900170,2,126,-124
103900171,1,99,-98
103900172,7,35,-28
103900173,2,11,-9
103900174,119,102,17
103900175,50,49,1
103900176,12,21,-9
103900177,7,46,-39
103900178,50,98,-48
103900179,31,261,-230
103900180,6,131,-125
103900181,61,41,20
103900182,26,13,13
103900184,721,55,666
103900185,280,164,116
103900187,62,53,9
103900188,23,20,3
103900189,95,6,89
103900190,57,46,11
103900191,13,95,-82
103900192,62,131,-69
103900193,255,207,48
103900194,60,464,-404
103900195,2,35,-33
103900196,27,13,14
103900197,19,40,-21
103900198,54,98,-44
103900199,97,105,-8
103900200,134,215,-81
103900201,155,262,-107
103900202,12,68,-56
103900203,31,24,7
103900204,4,167,-163
103900207,1,186,-185
103900208,25,1,24
103900209,7,129,-122
103900210,26,29,-3
103900211,382,831,-449
103900212,65,653,-588
103900213,172,221,-49
103900214,268,105,163
103900215,666,215,451
103900216,15,1103,-1088
103900217,407,20,387
103900218,0,269,-269
103900219,84,485,-401
103900233,135,3,132
103900235,42,15,27
103900236,25,3,22
103900242,5,4,1
103900243,4,5,-1
103900244,66,407,-341
103900245,64,328,-264
103900246,52,25,27
103900247,41,106,-65
103900248,6,8,-2
103900249,15,17,-2
103900250,40,36,4
103900251,0,31,-31
103900253,13,40,-27
103900254,1,16,-15
103900255,16,17,-1
103900256,13,21,-8
103900257,16,77,-61
103900258,32,4,28
103900259,48,10,38
103900261,8,2,6
103900262,19,4,15
103900263,50,31,19
103900264,81,3,78
103900265,39,4,35
103900266,1,49,-48
103900267,1,35,-34
104000001,2182,2437,-255
104000002,1704,3181,-1477
104000003,2295,2365,-70
104000004,3474,2849,625
104000005,1040,2046,-1006
104000006,2887,3411,-524
104000007,4441,4245,196
104000008,316,515,-199
104000009,155,136,19
104000010,136,225,-89
104000011,998,564,434
104000012,161,634,-473
104000013,164,157,7
104000014,251,900,-649
104000015,267,231,36
104000016,563,619,-56
104000018,635,221,414
104000019,455,144,311
104000020,201,1117,-916
104000021,311,952,-641
104000022,122,400,-278
104000023,452,397,55
104000024,236,552,-316
104000026,64,471,-407
104000027,267,536,-269
104000028,304,319,-15
104000029,481,749,-268
104000030,318,327,-9
104000031,805,450,355
104000032,244,472,-228
104000033,596,552,44
104000034,307,660,-353
104000035,599,579,20
104000036,418,924,-506
104000037,234,409,-175
104000038,254,278,-24
104000039,231,453,-222
104000040,696,595,101
104000041,439,394,45
104000042,227,547,-320
104000043,204,450,-246
104000044,209,981,-772
104000045,926,1461,-535
104000046,1508,1757,-249
104000047,567,1734,-1167
104000048,1286,2887,-1601
104000049,365,309,56
104000050,220,707,-487
104000051,52,802,-750
104000052,998,1641,-643
104000053,683,775,-92
104000054,536,807,-271
104000055,4087,3652,435
104000056,1630,295,1335
104000057,88,646,-558
104000058,562,821,-259
104000059,472,1449,-977
104000060,745,1333,-588
104000061,1091,1675,-584
104000062,205,146,59
104000064,497,312,185
104000065,81,425,-344
104000069,1657,689,968
104000070,37,335,-298
104000071,99,500,-401
104000072,395,265,130
104000075,57,325,-268
104000076,439,89,350
104000082,2016,2615,-599
104000083,782,237,545
104000084,126,648,-522
104000085,258,261,-3
104000086,182,520,-338
104000087,624,1242,-618
104000090,602,2004,-1402
104000092,773,3616,-2843
104000094,918,2653,-1735
104000095,1641,1510,131
104000096,1030,536,494
104000097,1278,1431,-153
104000098,1423,1758,-335
104000100,1171,846,325
104000101,914,2787,-1873
104000106,84,662,-578
104000107,644,566,78
104000108,373,802,-429
104000109,214,88,126
104000110,891,1064,-173
104000111,7400,2074,5326
104000112,3456,659,2797
104000116,4,1695,-1691
104000117,108,1287,-1179
104000118,382,357,25
104000119,418,320,98
104000120,197,1412,-1215
104000121,152,641,-489
104000122,548,784,-236
104000123,1009,1315,-306
104000124,1862,3409,-1547
104000125,6625,3297,3328
104000126,337,587,-250
104000127,1697,3937,-2240
104000128,852,599,253
104000129,79,3,76
104000130,1,305,-304
104000131,1083,792,291
104000132,715,1029,-314
104000133,1064,959,105
104000134,1020,1601,-581
104000135,440,1213,-773
104000136,1037,2854,-1817
104000137,2053,381,1672
104000138,1553,386,1167
104000139,11927,3652,8275
104000141,1567,2124,-557
104000142,585,1339,-754
104000143,519,1037,-518
104000144,63,212,-149
104000145,369,199,170
104000146,502,681,-179
104000147,153,424,-271
104000148,211,141,70
104000149,154,496,-342
104000150,719,556,163
104000151,399,885,-486
104000152,543,1058,-515
104000153,341,552,-211
104000154,1238,998,240
104000155,332,530,-198
104000157,1175,2070,-895
104000158,316,352,-36
104000159,550,358,192
104000160,1788,1606,182
104000161,298,237,61
104000162,57,156,-99
104000165,1536,1186,350
104000167,488,612,-124
104000168,568,5,563
104000169,50,69,-19
104000170,1070,441,629
104000248,259,1105,-846
104000251,54,411,-357
104000272,0,0,0
104000273,0,0,0
104000274,0,0,0
104000275,0,0,0
104000279,795,635,160
104000290,84,442,-358
104000291,583,1220,-637
104000293,544,888,-344
104000294,13,0,13
104000295,518,928,-410
104000296,311,837,-526
104000297,763,1860,-1097
104000298,2083,1061,1022
104000299,582,1563,-981
104900001,138,548,-410
104900002,33,81,-48
104900003,67,446,-379
104900004,92,447,-355
104900005,142,188,-46
104900006,119,101,18
104900007,218,328,-110
104900009,135,589,-454
104900010,22,37,-15
104900011,16,11,5
104900012,136,8,128
104900013,110,2,108
104900014,5177,499,4678
104900015,97,5,92
104900016,132,393,-261
104900017,49,200,-151
104900018,6,305,-299
104900019,336,1528,-1192
104900020,50,350,-300
104900021,5,423,-418
104900022,40,175,-135
104900023,1,215,-214
104900024,28,135,-107
104900025,54,506,-452
104900026,6,180,-174
104900027,237,276,-39
104900028,43,142,-99
104900029,67,143,-76
104900030,348,246,102
104900031,204,274,-70
104900032,71,257,-186
104900033,110,266,-156
104900034,256,106,150
104900035,193,130,63
104900036,72,80,-8
104900037,99,445,-346
104900038,824,590,234
104900039,1485,260,1225
104900040,170,99,71
104900041,163,199,-36
104900042,130,488,-358
104900043,6,41,-35
104900044,339,290,49
104900045,297,72,225
104900046,69,111,-42
104900047,184,140,44
104900048,142,105,37
104900049,13,11,2
104900050,116,99,17
104900051,152,46,106
104900052,40,2,38
104900053,304,85,219
104900054,262,39,223
104900055,72,0,72
104900056,136,13,123
104900057,28,1,27
104900058,756,178,578
104900059,28,61,-33
104900060,1,498,-497
104900061,293,884,-591
104900063,0,171,-171
104900064,0,110,-110
104900065,0,151,-151
104900066,3,288,-285
104900067,8,324,-316
104900068,16,254,-238
104900070,97,356,-259
104900071,3,1014,-1011
104900072,31,315,-284
104900073,29,474,-445
104900074,57,298,-241
104900075,62,123,-61
104900076,83,504,-421
104900077,1601,135,1466
104900078,159,941,-782
104900079,131,172,-41
104900080,33,634,-601
104900082,16,421,-405
104900085,8,316,-308
104900087,339,7,332
104900089,70,0,70
104900090,567,513,54
104900091,508,1258,-750
104900093,208,790,-582
104900097,4277,1578,2699
104900098,88,45,43
104900099,89,478,-389
104900100,854,337,517
104900102,14,392,-378
104900103,555,163,392
104900104,5325,1540,3785
104900106,42,155,-113
104900107,61,399,-338
104900108,41,419,-378
104900109,104,242,-138
104900110,4,64,-60
104900111,110,157,-47
104900112,218,1334,-1116
104900113,480,607,-127
104900114,189,1087,-898
104900115,367,718,-351
104900116,104,365,-261
104900118,19,96,-77
104900119,0,22,-22
104900120,30,58,-28
104900121,2,163,-161
104900122,5,134,-129
104900123,28,6,22
104900124,29,0,29
104900125,484,6,478
104900126,97,79,18
104900127,21,41,-20
104900128,88,230,-142
104900129,3858,1160,2698
105000001,2255,1925,330
105000002,2131,2059,72
105000003,2850,4415,-1565
105000004,451,1202,-751
105000005,698,1294,-596
105000006,1020,1584,-564
105000007,895,1346,-451
105000008,943,1837,-894
105000009,1179,2714,-1535
105000010,3226,3069,157
105000011,2282,2231,51
105000012,4792,3924,868
105000013,602,1015,-413
105000014,1314,2270,-956
105000015,11443,7381,4062
105000016,5012,2360,2652
105000017,1628,1196,432
105000018,1315,1022,293
105000019,1665,1073,592
105000020,157,338,-181
105000021,282,141,141
105000022,182,50,132
105000023,503,259,244
105000028,77,159,-82
105000029,379,1198,-819
105000030,4633,4604,29
105000033,988,2545,-1557
105000034,175,627,-452
105000037,730,757,-27
105000038,1964,1462,502
105000039,3789,2491,1298
105000040,842,939,-97
105000041,826,1853,-1027
105000042,3594,1317,2277
105000043,2596,3327,-731
105000044,540,482,58
105000045,443,1445,-1002
105000046,618,498,120
105000047,473,1717,-1244
105000048,497,223,274
105000049,272,918,-646
105000050,376,396,-20
105000051,200,496,-296
105000052,763,1100,-337
105000053,132,170,-38
105000054,171,1336,-1165
105000055,367,538,-171
105000056,869,3342,-2473
105000057,1002,1329,-327
105000058,1444,2016,-572
105000059,627,640,-13
105000060,459,981,-522
105000061,382,618,-236
105000062,805,1496,-691
105000063,307,905,-598
105000064,869,978,-109
105000065,396,1353,-957
105000066,1107,2963,-1856
105000067,823,724,99
105000068,602,1181,-579
105000069,3682,764,2918
105000070,1046,851,195
105000071,208,549,-341
105000072,502,1074,-572
105000073,698,533,165
105000074,867,1152,-285
105000075,568,938,-370
105000076,1345,1182,163
105000077,2146,779,1367
105000078,1553,1263,290
105000079,1893,1937,-44
105000080,2203,1308,895
105000081,1425,864,561
105000082,625,671,-46
105000083,1398,1089,309
105000084,516,1332,-816
105000085,1436,1293,143
105000086,707,1059,-352
105000087,3147,2158,989
105000088,1652,1562,90
105000089,3750,2497,1253
105000090,1206,970,236
105000091,1878,2139,-261
105000092,664,1247,-583
105000093,328,247,81
105000094,244,197,47
105000095,83,437,-354
105000096,1147,785,362
105000097,998,718,280
105000098,778,662,116
105000099,925,1090,-165
105000100,993,1246,-253
105000101,1759,2701,-942
105000102,2789,1754,1035
105000103,1836,2833,-997
105000104,1918,1303,615
105000105,1169,2616,-1447
105000106,1435,2421,-986
105000107,1028,1524,-496
105000108,1108,2673,-1565
105000109,1266,2341,-1075
105000110,656,1154,-498
105000111,536,634,-98
105000112,1002,1128,-126
105000113,370,739,-369
105000114,4761,1184,3577
105000115,250,863,-613
105000116,440,626,-186
105000117,677,1688,-1011
105000118,292,495,-203
105000119,597,1964,-1367
105000120,675,758,-83
105000121,867,1690,-823
105000122,239,523,-284
105000123,1256,1993,-737
105000124,1230,1172,58
105000125,569,2528,-1959
105000126,1746,2860,-1114
105000127,2285,2557,-272
105000128,310,2003,-1693
105000129,781,364,417
105000130,175,1091,-916
105000131,747,421,326
105000132,558,493,65
105000133,354,1408,-1054
105000134,411,573,-162
105000135,420,786,-366
105000136,37,145,-108
105000137,157,322,-165
105000138,50,138,-88
105000139,1025,1336,-311
105000140,138,458,-320
105000141,206,808,-602
105000142,108,544,-436
105000143,245,838,-593
105000144,306,851,-545
105000145,430,639,-209
105000146,493,828,-335
105000147,364,504,-140
105000148,913,778,135
105000149,1667,2082,-415
105000150,2359,1695,664
105000151,232,444,-212
105000152,123,898,-775
105000153,441,585,-144
105000154,654,1174,-520
105000155,251,756,-505
105000156,952,1104,-152
105000157,1222,2797,-1575
105000158,1882,1062,820
105000159,273,1871,-1598
105000160,1395,685,710
105000161,687,2410,-1723
105000162,560,1336,-776
105000163,1828,1676,152
105000164,282,474,-192
105000165,2209,3854,-1645
105000166,10501,455,10046
105000167,3872,1179,2693
105000168,247,1128,-881
105000169,258,566,-308
105000170,131,1458,-1327
105000171,1219,403,816
105000172,56,62,-6
105000173,64,23,41
105000174,35,38,-3
105000175,64,133,-69
105000176,119,101,18
105000177,99,152,-53
105000178,104,1052,-948
105000179,139,143,-4
105000180,119,126,-7
105000181,53,736,-683
105000182,38,54,-16
105000183,3514,1590,1924
105000184,1554,1027,527
105000185,1901,893,1008
105000186,436,1150,-714
105000187,616,323,293
105000188,222,118,104
105000189,142,651,-509
105000190,159,416,-257
105000191,279,445,-166
105000192,141,93,48
105000193,76,192,-116
105000194,162,88,74
105000195,319,1444,-1125
105000196,33,118,-85
105000197,242,894,-652
105000198,700,334,366
105000199,273,280,-7
105000200,114,263,-149
105000201,68,38,30
105000203,7,332,-325
105000204,57,118,-61
105000205,93,238,-145
105000207,1016,299,717
105000208,389,464,-75
105000209,172,375,-203
105000212,1030,2034,-1004
105000213,244,168,76
105000214,102,343,-241
105000215,181,335,-154
105000216,57,486,-429
105000217,166,398,-232
105000218,773,1112,-339
105000221,142,355,-213
105000222,124,44,80
105000223,153,213,-60
105000226,27,585,-558
105000227,40,278,-238
105000228,296,1009,-713
105000229,79,253,-174
105000231,161,308,-147
105000233,557,722,-165
105000234,553,1599,-1046
105000235,285,550,-265
105000237,632,58,574
105000243,14,361,-347
105000248,39,91,-52
105000262,281,2421,-2140
105000269,102,269,-167
105000270,334,153,181
105000271,3,373,-370
105000282,120,62,58
105000287,353,186,167
105000288,581,453,128
105000289,1124,907,217
105000290,8,6,2
105000402,6160,2297,3863
105000426,411,521,-110
105000438,940,549,391
105000446,19237,5875,13362
105000447,11777,3201,8576
105000454,199,697,-498
105000455,324,280,44
105000474,18,1,17
105000477,216,465,-249
105000478,1454,2385,-931
105000479,124,175,-51
105000480,1862,2121,-259
105000481,2662,2091,571
105000482,5444,2938,2506
105000483,1153,1295,-142
105000484,2578,2716,-138
105000485,1113,1475,-362
105000486,3614,2457,1157
105000488,3498,2970,528
105000489,587,1069,-482
105000549,15,141,-126
105000550,474,1522,-1048
105000551,19,127,-108
105000552,3639,2014,1625
105900001,7,1204,-1197
105900002,2092,409,1683
105900003,8,99,-91
105900004,508,167,341
105900005,7,244,-237
105900006,7,64,-57
105900007,91,18,73
105900008,65,965,-900
105900009,10,12,-2
105900011,317,54,263
105900012,392,141,251
105900013,1,27,-26
105900014,7,106,-99
105900015,251,454,-203
105900016,178,887,-709
105900017,712,70,642
105900018,227,325,-98
105900019,53,557,-504
105900020,44,68,-24
105900021,20,416,-396
105900022,251,514,-263
105900023,6,142,-136
105900024,12,279,-267
105900025,68,74,-6
105900026,208,50,158
105900027,6102,5989,113
105900028,116,165,-49
105900029,2205,374,1831
105900030,169,363,-194
105900031,643,207,436
105900032,58,150,-92
105900033,43,187,-144
105900034,168,368,-200
105900035,190,259,-69
105900036,40,162,-122
105900037,55,88,-33
105900038,152,332,-180
105900039,88,201,-113
105900040,39,132,-93
105900041,179,566,-387
105900042,38,105,-67
105900043,2289,60,2229
105900044,1,194,-193
105900045,14,811,-797
105900046,8,237,-229
105900047,4,27,-23
105900048,104,553,-449
105900050,4623,1121,3502
105900051,6,1693,-1687
105900052,272,140,132
105900053,4702,1416,3286
105900054,317,407,-90
105900056,1113,211,902
105900057,27,233,-206
105900058,11,48,-37
105900059,0,66,-66
106000001,4573,1638,2935
106000002,3429,4990,-1561
106000003,2809,2599,210
106000004,2294,2695,-401
106000005,2363,5437,-3074
106000006,6260,5472,788
106000007,397,586,-189
106000008,446,350,96
106000009,407,352,55
106000010,588,714,-126
106000011,660,1052,-392
106000012,785,2085,-1300
106000013,1568,1939,-371
106000014,2394,2467,-73
106000015,1292,1287,5
106000016,1316,3166,-1850
106000017,670,830,-160
106000018,515,750,-235
106000019,289,520,-231
106000020,258,598,-340
106000021,227,591,-364
106000022,378,419,-41
106000023,645,424,221
106000024,676,996,-320
106000025,111,248,-137
106000026,149,366,-217
106000027,891,1306,-415
106000028,518,900,-382
106000029,887,1815,-928
106000030,1055,332,723
106000034,200,724,-524
106000035,859,1183,-324
106000036,490,460,30
106000037,1968,1933,35
106000038,596,98,498
106000039,183,57,126
106000040,195,921,-726
106000041,819,350,469
106000043,606,85,521
106000046,453,67,386
106000047,43,468,-425
106000049,468,158,310
106000050,236,1095,-859
106000051,430,439,-9
106000052,80,911,-831
106000053,184,137,47
106000054,370,578,-208
106000055,796,1233,-437
106000056,266,581,-315
106000057,165,249,-84
106000058,172,212,-40
106000059,182,317,-135
106000060,689,744,-55
106000061,199,476,-277
106000062,158,799,-641
106000063,472,510,-38
106000064,44,498,-454
106000065,281,223,58
106000066,135,576,-441
106000067,254,140,114
106000068,34,868,-834
106000069,153,124,29
106000070,312,1120,-808
106000071,786,406,380
106000072,5125,1590,3535
106000073,2035,2347,-312
106000074,270,730,-460
106000075,302,1244,-942
106000076,1495,2098,-603
106000077,3725,1500,2225
106000078,804,1189,-385
106000079,696,1266,-570
106000080,1018,1034,-16
106000081,541,1143,-602
106000082,2723,1318,1405
106000083,352,1440,-1088
106000084,1038,706,332
106000085,1791,1368,423
106000086,655,860,-205
106000087,763,635,128
106000088,468,876,-408
106000089,785,570,215
106000090,310,639,-329
106000091,272,867,-595
106000092,523,312,211
106000093,260,112,148
106000094,125,461,-336
106000095,435,1503,-1068
106000096,630,847,-217
106000097,683,1665,-982
106000098,495,1226,-731
106000099,176,991,-815
106000100,1207,342,865
106000101,1789,357,1432
106000102,344,673,-329
106000103,248,668,-420
106000104,776,433,343
106000105,377,1131,-754
106000106,484,499,-15
106000107,66,487,-421
106000108,149,395,-246
106000109,78,429,-351
106000110,149,362,-213
106000111,111,704,-593
106000112,132,417,-285
106000113,1214,702,512
106000114,404,472,-68
106000115,132,645,-513
106000116,125,231,-106
106000117,983,942,41
106000118,1032,1268,-236
106000119,3218,1539,1679
106000120,708,953,-245
106000121,221,233,-12
106000122,72,485,-413
106000123,183,362,-179
106000124,61,503,-442
106000125,21,495,-474
106000126,115,230,-115
106000127,490,1139,-649
106000128,410,339,71
106000129,370,1018,-648
106000130,499,443,56
106000131,108,834,-726
106000132,871,157,714
106000133,4677,1246,3431
106000134,1028,1766,-738
106000135,268,1097,-829
106000136,560,696,-136
106000137,62,1976,-1914
106000138,757,67,690
106000139,61,170,-109
106000140,43,134,-91
106000141,23,135,-112
106000142,48,93,-45
106000143,33,156,-123
106000144,33,70,-37
106000145,132,447,-315
106000146,220,260,-40
106000147,468,772,-304
106000148,696,968,-272
106000149,397,506,-109
106000150,354,1967,-1613
106000151,6181,972,5209
106000152,1806,1539,267
106000153,87,1656,-1569
106000154,1758,310,1448
106000155,67,274,-207
106000156,573,429,144
106000157,721,2411,-1690
106000158,3330,853,2477
106000159,5607,1606,4001
106000160,290,1867,-1577
106000161,1870,615,1255
106000162,140,704,-564
106000163,242,716,-474
106000164,213,417,-204
106000165,200,1014,-814
106000166,468,402,66
106000167,287,1858,-1571
106000168,279,325,-46
106000169,159,1157,-998
106000170,364,330,34
106000171,133,1163,-1030
106000172,2095,1089,1006
106000173,865,3442,-2577
106000174,945,390,555
106000175,299,1336,-1037
106000176,1055,686,369
106000177,754,3012,-2258
106000178,2875,1906,969
106000179,1274,2873,-1599
106000180,816,2353,-1537
106000181,386,2570,-2184
106000182,556,1086,-530
106000183,706,1442,-736
106000184,869,1468,-599
106000185,602,1171,-569
106000186,974,190,784
106000187,282,893,-611
106000188,0,4,-4
106000189,8,58,-50
106000190,7,1,6
106000191,505,230,275
106000192,0,40,-40
106000193,309,217,92
106000194,150,386,-236
106000195,1025,140,885
106000196,199,605,-406
106000197,294,488,-194
106000198,184,355,-171
106000199,938,610,328
106000200,589,180,409
106000201,533,1382,-849
106000202,8967,698,8269
106000203,208,215,-7
106000204,13,3,10
106000205,21,154,-133
106000206,61,13,48
106000207,65,1190,-1125
106000208,629,82,547
106000209,947,320,627
106000210,238,1724,-1486
106000211,411,1931,-1520
106000212,571,228,343
106000213,713,1631,-918
106000214,2789,531,2258
106000215,220,552,-332
106000216,276,433,-157
106000217,274,553,-279
106000218,469,389,80
106000219,147,279,-132
106000220,436,333,103
106000221,64,394,-330
106000222,23,136,-113
106000223,75,137,-62
106000224,119,404,-285
106000225,53,72,-19
106000226,109,399,-290
106000228,36,106,-70
106000229,68,954,-886
106000231,509,145,364
106000232,64,465,-401
106000233,306,153,153
106000234,41,233,-192
106000235,341,93,248
106000236,217,61,156
106000237,4,15,-11
106000238,2,15,-13
106000239,3,107,-104
106000240,30,19,11
106000241,24,799,-775
106000242,180,19,161
106000249,39,98,-59
106000250,49,488,-439
106000251,43,17,26
106000252,24,161,-137
106000253,18,51,-33
106000254,25,94,-69
106000255,10,68,-58
106000256,77,105,-28
106000257,116,391,-275
106000258,188,14,174
106000259,3,31,-28
106000260,18,2,16
106000261,1,71,-70
106000262,49,13,36
106000263,8,127,-119
106000264,169,5,164
106000265,6,162,-156
106000266,120,17,103
106000267,6,120,-114
106000268,507,44,463
106000269,125,74,51
106000270,145,481,-336
106000271,46,212,-166
106000272,104,70,34
106000273,5,203,-198
106000274,178,49,129
106000275,142,174,-32
106000276,192,89,103
106000277,148,174,-26
106000278,173,60,113
106000279,6,92,-86
106000280,24,235,-211
106000281,89,120,-31
106000282,52,95,-43
106000283,87,135,-48
106000284,66,126,-60
106000285,132,198,-66
106000286,87,188,-101
106000287,92,113,-21
106000288,102,183,-81
106000289,63,127,-64
106000290,53,109,-56
106000291,64,134,-70
106000292,69,139,-70
106000293,90,127,-37
106000294,117,159,-42
106000295,41,68,-27
106000296,99,165,-66
106000297,67,288,-221
106000298,171,78,93
106000299,61,206,-145
106000300,50,143,-93
106000301,76,124,-48
106000303,22,84,-62
106000304,43,60,-17
106000305,15,68,-53
106000306,33,108,-75
106000307,66,10,56
106000308,27,260,-233
106000309,17,106,-89
106000310,198,760,-562
106000311,303,158,145
106000312,54,246,-192
106000313,129,297,-168
106000318,216,287,-71
106000319,545,76,469
106000320,1,58,-57
106000321,350,71,279
106000322,94,310,-216
106000324,4,217,-213
106000325,1207,886,321
106000326,1072,2397,-1325
106000327,48,166,-118
106000328,13,151,-138
106000329,53,400,-347
106000330,59,75,-16
106000428,28,173,-145
106000429,83,564,-481
106000430,399,1767,-1368
106000431,1135,263,872
106000432,1762,2955,-1193
106000433,1446,771,675
106000434,2608,1033,1575
106000435,2447,2819,-372
106000436,23,423,-400
106000437,162,40,122
106000438,329,132,197
106000439,64,684,-620
106000440,203,520,-317
106000441,0,0,0
106000442,132,5,127
106000443,96,734,-638
106000450,1,308,-307
106000451,22,19,3
106000454,6,98,-92
106000455,19,180,-161
106000456,71,14,57
106000457,8,1523,-1515
106000458,250,220,30
106000459,62,516,-454
106000460,497,33,464
106000461,39,2519,-2480
106000462,0,29,-29
106000463,2,36,-34
106000464,1,824,-823
106000465,191,2,189
106000466,4,1111,-1107
106000467,607,743,-136
106000468,30,217,-187
106000469,275,16,259
106000470,262,1581,-1319
106000471,31,956,-925
106000472,110,15,95
106000473,21,34,-13
106000474,263,876,-613
106000475,240,154,86
106000476,141,136,5
106000477,9,51,-42
106900001,1,31,-30
106900002,1,954,-953
106900003,355,1275,-920
106900004,2,103,-101
106900006,0,20,-20
106900007,1,25,-24
106900008,128,408,-280
106900009,245,572,-327
106900010,183,515,-332
106900012,2949,2324,625
106900013,718,99,619
106900014,22,0,22
106900015,8,1,7
106900016,139,2,137
106900017,7,0,7
106900018,1,0,1
106900019,48,1,47
106900020,4229,1052,3177
106900021,19,57,-38
106900022,334,2,332
106900023,11,323,-312
106900024,698,28,670
106900025,73,1036,-963
106900026,3,1172,-1169
106900027,349,5,344
107000001,4059,1948,2111
107000002,6515,3962,2553
107000003,3986,5412,-1426
107000004,5855,6712,-857
107000005,1949,4319,-2370
107000006,3539,7517,-3978
107000007,5031,7699,-2668
107000008,19619,13391,6228
107000009,4930,5380,-450
107000010,11603,13873,-2270
107000011,1734,1557,177
107000012,5410,4771,639
107000013,41,169,-128
107000014,20,321,-301
107000015,341,1006,-665
107000016,433,1479,-1046
107000017,6881,1248,5633
107000018,38,502,-464
107000020,4526,570,3956
107000021,2050,963,1087
107000022,1495,2044,-549
107000023,2057,381,1676
107000024,519,2551,-2032
107000025,111,461,-350
107000026,122,930,-808
107000027,925,1129,-204
107000028,1415,2148,-733
107000029,1671,1994,-323
107000030,3555,4246,-691
107000031,2533,2414,119
107000032,485,1188,-703
107000033,4654,7022,-2368
107000034,6537,2709,3828
107000035,314,192,122
107000036,367,1304,-937
107000037,50,791,-741
107000038,219,346,-127
107000039,723,662,61
107000040,126,375,-249
107000041,1602,814,788
107000042,913,2155,-1242
107000043,3746,1087,2659
107000044,797,419,378
107000045,71,356,-285
107000046,538,440,98
107000047,340,907,-567
107000048,532,442,90
107000049,444,820,-376
107000050,779,550,229
107000051,539,329,210
107000052,1142,786,356
107000053,346,148,198
107000054,70,288,-218
107000055,123,101,22
107000056,439,964,-525
107000057,1743,223,1520
107000058,2387,2396,-9
107000059,2644,3871,-1227
107000060,3620,5812,-2192
107000061,6405,4929,1476
107000062,2717,3213,-496
107000063,4292,7854,-3562
107000064,2691,2167,524
107000065,3647,7094,-3447
107000066,1591,2300,-709
107000067,745,1123,-378
107000068,1496,610,886
107000069,570,447,123
107000070,344,5,339
107000071,1736,42,1694
107000072,32,4911,-4879
107000073,300,154,146
107000074,124,1181,-1057
107000075,1145,356,789
107000076,992,2244,-1252
107000077,2133,836,1297
107000078,2272,4448,-2176
107000079,1715,606,1109
107000080,1315,4259,-2944
107000081,843,547,296
107000082,565,3412,-2847
107000083,866,302,564
107000084,507,3221,-2714
107000085,2840,3248,-408
107000086,3741,3417,324
107000087,2453,2153,300
107000088,3079,3940,-861
107000089,1321,2119,-798
107000090,991,1216,-225
107000091,956,1059,-103
107000092,755,1351,-596
107000093,897,875,22
107000094,951,1671,-720
107000095,515,626,-111
107000096,729,1158,-429
107000097,392,211,181
107000098,285,535,-250
107000099,490,355,135
107000100,469,286,183
107000101,93,165,-72
107000102,387,336,51
107000103,247,174,73
107000104,304,402,-98
107000105,363,152,211
107000106,173,366,-193
107000107,350,235,115
107000108,122,886,-764
107000109,316,163,153
107000110,74,853,-779
107000111,154,47,107
107000112,26,494,-468
107000113,303,137,166
107000114,83,949,-866
107000115,309,95,214
107000116,177,1363,-1186
107000117,116,281,-165
107000118,215,385,-170
107000119,2122,1058,1064
107000120,2706,457,2249
107000121,505,843,-338
107000122,1133,1088,45
107000123,319,914,-595
107000124,360,1080,-720
107000125,462,869,-407
107000126,528,1139,-611
107000127,12,384,-372
107000129,122,185,-63
107000130,134,241,-107
107000131,457,400,57
107000132,374,347,27
107000133,685,210,475
107000134,498,7,491
107000135,9,277,-268
107000136,685,7,678
107000137,26,367,-341
107000138,323,23,300
107000139,15,435,-420
107000140,740,64,676
107000141,122,1017,-895
107000142,279,52,227
107000143,50,1098,-1048
107000144,227,405,-178
107000145,125,694,-569
107000146,172,318,-146
107000147,3384,750,2634
107000150,982,2755,-1773
107000151,56,83,-27
107000152,642,655,-13
107000153,493,585,-92
107000154,182,131,51
107000155,515,25,490
107000156,1088,61,1027
107000157,40,3000,-2960
107000158,294,13,281
107000159,40,1604,-1564
107000160,513,144,369
107000161,115,2744,-2629
107000162,134,306,-172
107000163,20,1,19
107000164,170,1,169
107000165,479,2,477
107000166,62,2117,-2055
107000167,383,335,48
107000168,475,294,181
107000169,1136,1164,-28
107000170,1135,582,553
107000171,549,3691,-3142
107000172,571,804,-233
107000173,758,1639,-881
107000174,916,3603,-2687
107000175,13353,2086,11267
107000176,8,0,8
107000177,2,9,-7
107000178,5,42,-37
107000179,206,4196,-3990
107000180,836,374,462
107000181,302,1931,-1629
107000182,1148,1348,-200
107000183,120,1391,-1271
107000184,625,987,-362
107000185,558,1959,-1401
107000186,948,439,509
107000187,1089,1697,-608
107000188,559,569,-10
107000189,377,1129,-752
107000190,486,1035,-549
107000191,424,1112,-688
107000192,1309,1381,-72
107000193,362,443,-81
107000194,1000,1101,-101
107000197,681,259,422
107000198,255,922,-667
107000199,692,809,-117
107000200,1091,683,408
107000201,309,293,16
107000202,196,524,-328
107000203,841,593,248
107000204,1070,609,461
107000205,3241,1350,1891
107000206,1058,1250,-192
107000207,947,1344,-397
107000208,1705,356,1349
107000209,2999,737,2262
107000210,1729,435,1294
107000211,16,29,-13
107000212,16,303,-287
107000213,19,29,-10
107000214,14,161,-147
107000215,313,701,-388
107000216,199,567,-368
107000217,89,223,-134
107000219,81,143,-62
107000220,118,389,-271
107000222,218,915,-697
107000224,466,55,411
107000225,240,937,-697
107000226,182,89,93
107000227,104,653,-549
107000228,93,146,-53
107000229,193,152,41
107000230,1156,624,532
107000231,2674,568,2106
107000232,68,65,3
107000233,2053,524,1529
107000234,0,20,-20
107000235,56,12,44
107000236,10,823,-813
107000237,10,1,9
107000238,24,0,24
107000239,6825,625,6200
107000240,100,1541,-1441
107000241,155,20,135
107000242,876,70,806
107000243,0,67,-67
107000244,11,89,-78
107000246,4,1491,-1487
107000249,5,1238,-1233
107000251,1,369,-368
107000252,5,1692,-1687
107000255,890,156,734
107000257,6,743,-737
107000258,3,222,-219
107000259,2,315,-313
107000260,224,5,219
107000262,15,1143,-1128
107000263,127,1,126
107000266,4,0,4
107000267,76,205,-129
107000268,214,271,-57
107000269,243,32,211
107000270,3,26,-23
107000271,9,1476,-1467
107000272,10,305,-295
107000273,1,279,-278
107000274,3239,237,3002
107000275,261,1061,-800
107000280,325,22,303
107000281,35,1510,-1475
107000282,32,1875,-1843
107000290,1,33,-32
107000291,13,20,-7
107000292,1,50,-49
107000293,88,2,86
107000294,3,37,-34
107000295,51,1,50
107000296,0,21,-21
107000444,229,8,221
107000496,2,22,-20
107000497,1641,3977,-2336
107000500,307,411,-104
107000501,74,243,-169
107000502,197,437,-240
107000505,562,901,-339
107000506,2,59,-57
107000508,11,1005,-994
107000509,184,543,-359
107000510,18,15,3
107000514,10,317,-307
107000515,9,449,-440
107000516,117,229,-112
107000518,626,455,171
107000519,4867,1384,3483
107000520,48,11,37
107900001,20,339,-319
107900002,49,1,48
107900003,144,8,136
107900004,65,9,56
107900005,539,4,535
107900006,67,0,67
107900007,182,21,161
107900008,46,65,-19
107900009,176,5,171
107900010,11,0,11
107900012,258,11,247
107900013,296,99,197
107900014,11,9,2
107900015,422,5,417
107900016,654,130,524
107900017,15,5,10
107900018,42,60,-18
107900019,13,123,-110
107900020,108,8,100
107900021,36,200,-164
107900023,3,5,-2
107900024,0,31,-31
107900025,198,458,-260
107900026,29,165,-136
107900027,38,91,-53
107900028,31,126,-95
107900030,139,13,126
107900031,37,237,-200
107900032,4,6,-2
107900033,19,6,13
107900034,309,19,290
107900035,558,30,528
107900036,23,1,22
107900037,0,81,-81
107900038,148,160,-12
107900039,8,86,-78
107900040,117,124,-7
107900041,0,0,0
107900043,34,178,-144
107900044,13,3,10
107900045,64,28,36
107900046,83,93,-10
107900047,11,148,-137
107900048,129,7,122
107900049,355,2328,-1973
107900050,94,476,-382
107900051,98,117,-19
107900052,10,50,-40
107900053,18,105,-87
107900055,968,347,621
107900056,121,21,100
107900057,2,0,2
107900058,27,937,-910
107900060,15,77,-62
107900061,24,5,19
107900063,145,176,-31
107900064,434,61,373
107900065,126,7,119
107900066,12,4,8
107900067,0,0,0
107900068,156,320,-164
107900069,30,779,-749
107900070,78,39,39
107900071,29,1325,-1296
107900072,39,295,-256
107900073,71,143,-72
107900074,1275,150,1125
107900076,100,119,-19
107900077,20,0,20
107900078,272,21,251
107900079,13,8,5
107900080,139,253,-114
107900081,13,108,-95
107900082,28,13,15
107900083,253,146,107
107900084,105,167,-62
107900086,21,100,-79
107900087,507,83,424
107900088,11,13,-2
107900089,334,1301,-967
107900090,548,1244,-696
107900091,202,673,-471
107900092,2484,637,1847
107900093,52,71,-19
107900095,3510,1372,2138
107900097,21,70,-49
107900098,80,225,-145
107900100,1440,930,510
107900101,1436,243,1193
107900102,11,11,0
107900103,29,212,-183
107900104,208,1,207
107900105,5,787,-782
107900106,6,2054,-2048
107900107,2048,239,1809
107900108,416,104,312
107900109,566,4,562
107900110,14,160,-146
107900111,10,1566,-1556
107900112,92,334,-242
107900113,86,162,-76
107900114,89,361,-272
107900115,3,65,-62
107900116,42,283,-241
107900117,270,537,-267
107900118,87,226,-139
107900119,41,193,-152
107900120,51,12,39
107900121,3,161,-158
107900122,0,77,-77
107900123,2,17,-15
107900124,10,57,-47
107900125,32,226,-194
107900126,2,24,-22
107900127,645,121,524
107900128,159,63,96
107900129,30,54,-24
107900130,24,44,-20
107900131,787,70,717
107900132,155,637,-482
107900133,1,113,-112
107900134,36,15,21
107900135,10,274,-264
107900136,63,39,24
107900137,93,87,6
107900138,44,41,3
107900139,9,55,-46
107900140,130,95,35
107900141,65,49,16
107900142,55,1415,-1360
107900143,38,53,-15
107900144,1,176,-175
107900145,12,172,-160
107900146,53,169,-116
107900147,65,21,44
107900148,138,267,-129
107900149,2188,276,1912
107900150,84,1171,-1087
107900151,6,129,-123
107900152,14,407,-393
107900153,122,227,-105
107900154,37,17,20
107900155,26,34,-8
107900156,9,565,-556
107900157,46,95,-49
107900158,401,20,381
107900159,38,1490,-1452
107900160,33,187,-154
107900161,15,359,-344
107900162,0,267,-267
107900163,93,72,21
107900164,2,27,-25
107900165,22,74,-52
107900166,1,380,-379
107900167,19,61,-42
107900168,11,70,-59
107900169,0,206,-206
107900171,8,2440,-2432
107900172,1,463,-462
107900173,14,313,-299
107900174,40,5,35
107900175,7,33,-26
107900176,7,45,-38
107900177,10,321,-311
107900178,2,339,-337
107900179,7,177,-170
107900180,1311,343,968
107900181,318,478,-160
107900182,5,2136,-2131
107900183,17,492,-475
107900184,52,321,-269
107900185,29,4,25
107900186,21,40,-19
107900187,0,159,-159
107900188,888,124,764
107900189,17,128,-111
107900190,121,38,83
107900191,61,195,-134
107900193,14,43,-29
107900194,121,7,114
107900195,5369,653,4716
107900196,61,88,-27
107900197,1177,186,991
107900199,5,1288,-1283
107900201,91,167,-76
107900203,22,135,-113
107900204,275,308,-33
107900205,198,552,-354
107900206,501,145,356
107900207,2,726,-724
107900208,8,1096,-1088
107900209,405,128,277
107900210,73,155,-82
107900213,989,744,245
107900214,3,182,-179
107900215,246,441,-195
107900216,112,75,37
107900217,26,69,-43
107900218,18,2068,-2050
107900219,24,182,-158
107900220,260,157,103
107900221,189,235,-46
107900223,71,801,-730
107900224,238,362,-124
107900225,5,1179,-1174
107900226,52,150,-98
107900227,131,589,-458
107900228,30,183,-153
107900229,8,462,-454
107900230,8,217,-209
107900231,8,254,-246
107900232,26,305,-279
107900233,4,207,-203
107900234,67,245,-178
107900235,33,139,-106
107900236,25,129,-104
107900237,128,622,-494
107900238,21,163,-142
107900239,1634,491,1143
107900240,10,219,-209
107900241,11,107,-96
107900242,21,428,-407
107900243,8,48,-40
107900244,209,5,204
107900245,190,26,164
107900246,110,16,94
107900248,159,749,-590
107900249,325,7,318
107900250,2,689,-687
107900251,52,1447,-1395
107900252,501,17,484
107900253,84,1,83
107900254,38,580,-542
107900255,470,76,394
107900256,3027,702,2325
107900257,85,85,0
107900258,66,253,-187
107900259,97,862,-765
107900261,8,882,-874
107900262,29,139,-110
107900264,134,8,126
107900265,51,244,-193
107900267,109,34,75
107900268,77,13,64
107900269,2,4,-2
107900270,0,0,0
107900271,3,6,-3
107900272,209,9,200
107900273,13,130,-117
107900274,43,0,43
107900275,3,0,3
107900276,0,93,-93
107900277,0,331,-331
107900278,183,475,-292
107900279,172,95,77
107900280,2338,1725,613
107900281,4162,1232,2930
107900282,88,267,-179
107900283,1734,502,1232
107900284,226,1039,-813
107900285,50,183,-133
107900286,98,85,13
107900287,86,208,-122
107900290,1,55,-54
107900291,358,15,343
107900292,105,395,-290
107900293,44,696,-652
107900295,38,140,-102
107900297,1,410,-409
107900298,906,1274,-368
107900299,4777,2080,2697
107900300,40,279,-239
107900301,533,337,196
107900302,87,12,75
107900303,98,426,-328
107900304,121,759,-638
107900305,167,9,158
107900306,20,12,8
107900307,53,382,-329
107900308,205,94,111
107900309,20,0,20
107900310,0,0,0
107900311,452,151,301
107900312,1,0,1
107900313,2,69,-67
107900314,0,51,-51
107900315,0,77,-77
107900316,37,0,37
107900317,46,3,43
107900318,2,164,-162
107900319,4,340,-336
107900320,5,192,-187
107900321,57,7,50
107900322,2,255,-253
107900323,7,228,-221
107900324,157,2,155
107900325,44,1,43
107900326,148,601,-453
107900327,2,0,2
107900328,0,0,0
107900329,0,0,0
107900330,14,963,-949
107900331,95,43,52
107900332,124,31,93
107900333,29,13,16
107900334,19,376,-357
107900335,49,65,-16
107900336,14,22,-8
107900337,2014,526,1488
107900338,1,196,-195
107900339,2,53,-51
107900340,1,69,-68
107900341,12,0,12
107900342,40,107,-67
107900343,11,4,7
107900344,0,107,-107
107900345,79,18,61
107900346,22,2,20
107900347,20,1,19
107900348,2,2,0
107900349,18,5,13
107900350,55,328,-273
108000001,2409,3082,-673
108000002,2550,4013,-1463
108000003,2974,2047,927
108000004,19262,21039,-1777
108000005,5529,3116,2413
108000006,7309,8299,-990
108000007,4332,3472,860
108000008,5665,7302,-1637
108000009,2541,3339,-798
108000010,2825,6131,-3306
108000011,11509,8539,2970
108000012,24764,19065,5699
108000014,607,624,-17
108000015,456,301,155
108000016,227,758,-531
108000017,702,421,281
108000018,1087,513,574
108000019,1785,580,1205
108000020,1104,418,686
108000021,575,2132,-1557
108000022,677,1959,-1282
108000023,946,224,722
108000024,160,938,-778
108000025,178,310,-132
108000026,325,777,-452
108000027,356,644,-288
108000028,223,316,-93
108000029,248,719,-471
108000030,369,215,154
108000031,186,694,-508
108000032,853,480,373
108000033,525,1673,-1148
108000034,1130,402,728
108000035,1141,3409,-2268
108000036,351,1922,-1571
108000037,1345,360,985
108000038,1595,463,1132
108000039,591,3422,-2831
108000040,1135,716,419
108000041,758,3826,-3068
108000042,92,295,-203
108000043,130,377,-247
108000044,275,212,63
108000045,179,1050,-871
108000046,1122,266,856
108000047,356,1593,-1237
108000048,168,663,-495
108000049,433,287,146
108000050,103,614,-511
108000051,176,82,94
108000052,329,1001,-672
108000053,261,120,141
108000054,651,1247,-596
108000055,954,353,601
108000056,840,1328,-488
108000057,510,763,-253
108000058,2220,2676,-456
108000059,4440,2269,2171
108000060,138,309,-171
108000061,212,374,-162
108000062,512,456,56
108000063,376,821,-445
108000064,153,243,-90
108000065,421,923,-502
108000066,1754,813,941
108000067,1558,634,924
108000068,618,351,267
108000069,196,1447,-1251
108000070,1307,713,594
108000071,665,2452,-1787
108000072,1250,1044,206
108000073,1694,2774,-1080
108000074,324,361,-37
108000075,399,1094,-695
108000076,603,511,92
108000077,697,1000,-303
108000078,1536,1374,162
108000079,1075,2364,-1289
108000080,587,590,-3
108000081,604,3203,-2599
108000082,1159,2441,-1282
108000083,1537,778,759
108000084,430,1825,-1395
108000085,327,279,48
108000086,1154,1204,-50
108000087,141,1309,-1168
108000088,125,12,113
108000089,271,404,-133
108000090,261,122,139
108000091,99,697,-598
108000092,76,103,-27
108000093,86,1199,-1113
108000094,598,126,472
108000095,157,696,-539
108000096,182,232,-50
108000097,94,803,-709
108000098,834,1736,-902
108000099,100,81,19
108000100,41,218,-177
108000101,762,1008,-246
108000102,1250,2121,-871
108000106,1020,3,1017
108000107,2,826,-824
108000108,503,55,448
108000109,8,1249,-1241
108000110,108,293,-185
108000111,136,975,-839
108000112,49,117,-68
108000113,558,427,131
108000115,560,534,26
108000117,947,388,559
108000118,91,131,-40
108000119,752,580,172
108000120,98,651,-553
108000121,113,709,-596
108000122,300,368,-68
108000123,548,410,138
108000124,216,798,-582
108000125,183,479,-296
108000126,96,744,-648
108000127,285,477,-192
108000128,412,987,-575
108000129,228,1890,-1662
108000130,238,369,-131
108000131,551,256,295
108000132,2172,1882,290
108000133,480,518,-38
108000134,783,1006,-223
108000135,722,300,422
108000136,975,1405,-430
108000137,208,498,-290
108000138,247,1425,-1178
108000139,177,482,-305
108000140,29,25,4
108000141,23,215,-192
108000142,43,178,-135
108000143,19,45,-26
108000144,17,12,5
108000145,40,36,4
108000146,33,9,24
108000147,44,59,-15
108000148,39,10,29
108000149,15,38,-23
108000150,13,2,11
108000151,39,21,18
108000152,57,887,-830
108000153,294,119,175
108000154,44,14,30
108000155,15,10,5
108000156,511,110,401
108000157,116,473,-357
108000158,76,526,-450
108000159,710,166,544
108000160,6578,819,5759
108000161,6358,1551,4807
108000165,4,105,-101
108000172,13,189,-176
108000173,3672,1508,2164
108000175,104,75,29
108000178,427,499,-72
108000179,206,563,-357
108000181,45,29,16
108000182,163,26,137
108000183,15,18,-3
108000184,1461,1466,-5
108000185,103,819,-716
108000186,88,58,30
108000187,102,1040,-938
108000188,235,466,-231
108000189,760,767,-7
108000190,25,140,-115
108000192,98,987,-889
108000193,798,45,753
108000194,16,18,-2
108000195,2,1467,-1465
108000196,182,169,13
108000198,356,524,-168
108000199,1,129,-128
108000200,187,1105,-918
108000202,0,175,-175
108000203,43,1245,-1202
108000204,63,32,31
108000205,456,848,-392
108000339,1865,336,1529
108000364,173,234,-61
108000365,49,487,-438
108000367,197,575,-378
108000368,2,71,-69
108000369,1537,129,1408
108000371,3,790,-787
108000372,429,4,425
108000373,111,175,-64
108000376,52,22,30
108000377,251,442,-191
108000378,9380,8597,783
108000379,41,180,-139
108000381,38,9,29
108000382,33,1,32
108000383,0,88,-88
108900001,245,1550,-1305
108900002,209,68,141
108900003,508,1337,-829
108900004,146,184,-38
108900005,40,138,-98
108900006,405,193,212
108900007,143,217,-74
108900008,73,175,-102
108900009,34,134,-100
108900010,112,231,-119
108900011,205,433,-228
108900012,241,603,-362
108900013,149,325,-176
108900014,3,125,-122
108900015,0,30,-30
108900016,2,301,-299
108900017,151,210,-59
108900018,95,725,-630
108900019,40,1743,-1703
108900020,36,406,-370
108900021,96,444,-348
108900022,41,3,38
108900023,0,28,-28
108900024,11,190,-179
108900025,56,172,-116
108900026,24,110,-86
108900027,0,147,-147
108900028,45,687,-642
108900029,49,291,-242
108900030,1,91,-90
108900031,81,833,-752
108900032,9,353,-344
108900033,1,173,-172
108900034,0,356,-356
108900035,266,2379,-2113
108900036,254,477,-223
108900037,27,597,-570
108900038,1,581,-580
108900039,2,651,-649
108900040,5,182,-177
108900041,7192,2420,4772
108900042,3,329,-326
108900043,37,672,-635
108900044,4,1049,-1045
108900045,26,909,-883
108900046,61,1595,-1534
108900047,1,75,-74
108900048,101,1459,-1358
108900049,7113,902,6211
108900050,3,410,-407
108900051,1,368,-367
108900052,12,436,-424
108900053,119,152,-33
108900054,58,318,-260
108900055,105,655,-550
108900056,0,266,-266
108900057,2,293,-291
108900058,17,731,-714
108900059,228,21,207
108900060,80,106,-26
108900061,58,33,25
108900062,7,462,-455
108900063,11,688,-677
108900064,95,69,26
108900065,3,504,-501
108900066,122,141,-19
108900067,52,307,-255
108900068,2,213,-211
108900069,27,186,-159
108900070,40,221,-181
108900071,47,102,-55
108900072,3086,366,2720
108900073,7,99,-92
108900074,103,668,-565
108900075,70,82,-12
108900076,142,121,21
108900077,140,172,-32
108900078,3,391,-388
108900079,1094,281,813
108900080,33,526,-493
108900081,71,369,-298
108900082,23,142,-119
108900083,15,232,-217
108900084,392,191,201
108900085,2736,194,2542
108900086,42,484,-442
108900087,152,377,-225
108900088,806,324,482
108900089,21,110,-89
108900090,28,648,-620
108900091,184,191,-7
108900092,311,292,19
108900093,111,61,50
108900094,214,106,108
108900095,97,902,-805
108900096,631,43,588
108900097,363,270,93
108900098,4297,486,3811
108900099,319,460,-141
108900100,85,177,-92
108900101,150,64,86
108900102,158,562,-404
108900103,28,79,-51
108900104,237,462,-225
108900105,1,666,-665
108900106,197,685,-488
108900108,188,34,154
108900109,3,22,-19
108900110,132,710,-578
108900111,256,1017,-761
108900112,98,26,72
108900113,55,23,32
108900114,1,7,-6
108900115,83,59,24
108900116,24,10,14
108900117,69,15,54
108900118,377,8,369
108900119,145,56,89
108900120,117,111,6
108900121,286,38,248
108900122,72,61,11
108900123,94,55,39
108900124,284,97,187
108900125,205,3,202
108900126,44,20,24
108900127,101,50,51
108900128,84,15,69
108900129,487,106,381
108900130,122,1,121
108900131,214,6,208
108900132,239,58,181
108900133,110,43,67
108900134,164,289,-125
108900135,86,6,80
108900136,3,0,3
108900137,68,3,65
108900138,277,26,251
108900139,300,83,217
108900140,102,334,-232
108900141,136,23,113
108900142,68,2,66
108900143,22,0,22
108900144,32,0,32
108900145,56,9,47
108900146,50,0,50
108900147,99,0,99
108900148,80,51,29
108900149,504,407,97
108900150,207,7,200
108900151,47,1,46
108900152,28,50,-22
108900153,84,784,-700
108900154,3386,505,2881
108900155,153,94,59
108900156,41,3,38
108900157,13,948,-935
108900158,178,26,152
108900159,5,496,-491
108900160,14,363,-349
108900161,3,713,-710
108900162,45,0,45
108900163,0,185,-185
108900164,27,94,-67
108900165,244,86,158
108900167,2384,2787,-403
108900168,12940,2170,10770
108900169,33,181,-148
108900171,12370,2082,10288
108900172,140,51,89
108900173,262,532,-270
108900174,382,532,-150
108900176,175,772,-597
108900177,11539,3732,7807
108900178,7235,2283,4952
108900179,403,907,-504
108900180,115,204,-89
108900182,21,172,-151
108900183,256,334,-78
108900184,376,267,109
108900185,54,375,-321
108900186,126,432,-306
108900187,199,72,127
108900188,369,95,274
108900189,189,211,-22
108900190,48,4632,-4584
108900191,182,20,162
108900192,73,398,-325
108900193,234,46,188
108900194,18,525,-507
108900195,41,493,-452
108900196,25,917,-892
108900198,3,819,-816
108900199,154,417,-263
108900200,226,366,-140
108900201,331,1524,-1193
108900203,413,18,395
108900204,318,8,310
108900205,161,14,147
108900206,240,17,223
108900207,161,42,119
108900208,29,473,-444
108900209,251,913,-662
108900210,206,272,-66
108900211,140,348,-208
108900212,951,930,21
108900215,134,798,-664
108900216,279,94,185
108900217,38,0,38
108900218,94,7,87
108900219,67,0,67
108900220,48,14,34
108900221,64,103,-39
108900222,106,34,72
108900223,13,64,-51
108900224,34,133,-99
108900225,0,209,-209
108900226,133,2,131
108900227,99,127,-28
108900230,572,451,121
108900231,66,332,-266
108900232,2,568,-566
108900233,336,55,281
108900234,298,75,223
108900235,234,884,-650
108900236,67,560,-493
108900237,54,333,-279
108900240,102,149,-47
108900241,26,28,-2
108900245,2,786,-784
108900249,65,26,39
108900250,162,116,46
108900257,104,951,-847
108900258,19,345,-326
108900259,35,141,-106
108900260,5,161,-156
108900261,132,191,-59
108900262,285,175,110
108900263,55,352,-297
108900264,464,285,179
108900265,1756,289,1467
108900266,1550,299,1251
108900267,1,63,-62
108900268,1,0,1
108900269,31,7,24
108900270,15,5,10
108900271,13,6,7
108900272,95,2,93
108900273,1343,410,933
108900274,33,93,-60
109000001,3102,947,2155
109000002,3104,1320,1784
109000003,2034,595,1439
109000004,459,2986,-2527
109000005,1526,813,713
109000006,703,2531,-1828
109000007,1127,718,409
109000008,376,2223,-1847
109000009,2852,1128,1724
109000010,1201,4899,-3698
109000011,1928,1510,418
109000012,1494,4718,-3224
109000013,2846,1951,895
109000014,1713,4972,-3259
109000015,2994,4028,-1034
109000016,11751,5389,6362
109000017,1697,1059,638
109000018,808,4391,-3583
109000019,1817,1038,779
109000020,1034,2651,-1617
109000023,295,34,261
109000024,5,187,-182
109000025,374,249,125
109000026,820,361,459
109000027,65,219,-154
109000028,107,167,-60
109000029,167,121,46
109000030,119,744,-625
109000031,105,104,1
109000032,73,738,-665
109000033,215,68,147
109000034,34,42,-8
109000035,16,19,-3
109000036,91,436,-345
109000037,167,777,-610
109000038,633,393,240
109000039,644,500,144
109000040,7389,4201,3188
109000041,7000,1290,5710
109000042,978,1227,-249
109000044,308,69,239
109000045,69,562,-493
109000046,225,61,164
109000047,100,568,-468
109000048,709,123,586
109000049,202,703,-501
109000050,336,242,94
109000051,348,397,-49
109000052,464,2402,-1938
109000053,118,54,64
109000054,484,1068,-584
109000055,126,223,-97
109000056,312,910,-598
109000057,395,244,151
109000058,958,413,545
109000059,551,934,-383
109000060,491,177,314
109000061,1915,608,1307
109000062,110,170,-60
109000063,190,295,-105
109000064,138,161,-23
109000065,80,488,-408
109000066,193,192,1
109000067,53,572,-519
109000068,575,17,558
109000069,806,27,779
109000070,13,1107,-1094
109000071,322,74,248
109000072,58,452,-394
109000073,22,86,-64
109000074,17,287,-270
109000075,52,505,-453
109000076,33,144,-111
109000077,338,350,-12
109000078,36,113,-77
109000079,75,270,-195
109000080,69,162,-93
109000081,93,660,-567
109000082,234,363,-129
109000083,194,978,-784
109000088,148,662,-514
109000089,205,43,162
109000090,167,649,-482
109000091,180,137,43
109000092,456,927,-471
109000093,128,175,-47
109000094,203,3,200
109000095,79,1051,-972
109000096,432,181,251
109000097,50,137,-87
109000098,43,88,-45
109000099,501,481,20
109000100,124,642,-518
109000101,872,1114,-242
109000102,244,1096,-852
109000103,291,772,-481
109000104,837,762,75
109000105,341,2134,-1793
109000106,1316,676,640
109000107,538,2907,-2369
109000108,1078,586,492
109000109,391,2506,-2115
109000110,1178,442,736
109000111,1002,3138,-2136
109000112,311,193,118
109000113,137,188,-51
109000114,141,354,-213
109000115,1064,41,1023
109000116,1,231,-230
109000117,74,124,-50
109000118,5,374,-369
109000119,581,401,180
109000120,131,1845,-1714
109000121,144,66,78
109000122,79,1675,-1596
109000123,13,93,-80
109000124,341,435,-94
109000125,525,401,124
109000126,245,1280,-1035
109000127,475,205,270
109000128,433,3257,-2824
109000129,1267,634,633
109000130,726,3768,-3042
109000131,659,298,361
109000132,684,2394,-1710
109000133,291,1304,-1013
109000134,642,1865,-1223
109000135,1066,1550,-484
109000136,207,578,-371
109000137,171,381,-210
109000138,351,724,-373
109000139,317,533,-216
109000140,86,674,-588
109000141,209,553,-344
109000142,92,835,-743
109000143,112,50,62
109000145,48,187,-139
109000146,23,97,-74
109000148,5180,1245,3935
109000149,37,35,2
109000150,60,183,-123
109000155,395,647,-252
109000156,1411,1195,216
109000158,92,314,-222
109000159,109,828,-719
109000160,604,368,236
109000161,200,1845,-1645
109000162,1392,1109,283
109000163,751,2328,-1577
109000164,857,3471,-2614
109000165,990,803,187
109000166,480,178,302
109000167,138,1422,-1284
109000170,43,75,-32
109000171,32,47,-15
109000172,53,50,3
109000173,15,56,-41
109000174,46,61,-15
109000175,33,164,-131
109000176,125,337,-212
109000177,18,181,-163
109000178,246,107,139
109000179,10054,2938,7116
109000180,6120,2920,3200
109000181,1,49,-48
109000182,21,55,-34
109000183,30,63,-33
109000184,15,16,-1
109000185,8,89,-81
109000188,459,3748,-3289
109000189,2048,1141,907
109000190,433,620,-187
109000191,167,742,-575
109000192,171,354,-183
109000193,133,582,-449
109000194,91,178,-87
109000195,63,568,-505
109000196,209,173,36
109000197,151,768,-617
109000198,224,97,127
109000199,103,695,-592
109000206,188,29,159
109000207,70,57,13
109000208,92,73,19
109000209,210,83,127
109000210,124,707,-583
109000211,80,220,-140
109000214,201,764,-563
109000215,79,73,6
109000216,147,146,1
109000217,159,83,76
109000218,213,125,88
109000221,332,1481,-1149
109000222,651,138,513
109000223,202,284,-82
109000224,42,386,-344
109000225,46,60,-14
109000226,40,475,-435
109000227,766,2129,-1363
109000228,2,370,-368
109000231,5,674,-669
109000232,214,604,-390
109000236,247,1074,-827
109000241,1386,2359,-973
109000242,1204,1751,-547
109000293,9,46,-37
109000361,103,346,-243
109000364,240,879,-639
109000396,3,1264,-1261
109000397,309,10,299
109000399,99,738,-639
109000400,47,316,-269
109000403,106,358,-252
109000406,187,9,178
109000407,186,337,-151
109000408,0,440,-440
109000410,534,158,376
109000411,35,10,25
109900001,59,7,52
109900002,473,9,464
109900003,107,0,107
109900004,601,346,255
109900005,38,26,12
109900006,221,328,-107
109900007,362,1186,-824
109900008,0,26,-26
109900009,82,1323,-1241
109900010,281,20,261
109900011,35,42,-7
109900012,201,167,34
109900013,268,142,126
109900014,189,36,153
109900015,438,149,289
109900016,61,66,-5
109900017,88,143,-55
109900018,197,235,-38
109900019,123,108,15
109900020,10,23,-13
109900021,5,8,-3
109900022,23,454,-431
109900023,6,9,-3
109900024,13,1,12
109900025,2,116,-114
109900026,3,261,-258
109900027,31,11,20
109900028,3261,447,2814
109900029,9,889,-880
109900030,24,2,22
109900031,0,164,-164
109900032,4,289,-285
109900033,5,706,-701
109900034,12,1,11
109900035,13,31,-18
109900036,15,110,-95
109900037,27,666,-639
109900038,50,338,-288
109900039,0,0,0
109900040,12,825,-813
109900041,54,721,-667
109900042,33,623,-590
109900044,51,384,-333
109900045,36,21,15
109900046,6,70,-64
109900047,389,423,-34
109900048,2,100,-98
109900049,5,24,-19
109900050,0,411,-411
109900051,0,69,-69
109900052,66,374,-308
109900053,2,711,-709
109900054,307,189,118
109900055,44,402,-358
109900056,12,147,-135
109900057,8,336,-328
109900058,0,146,-146
109900059,338,91,247
109900060,310,223,87
109900061,107,330,-223
109900062,1,461,-460
109900063,6,425,-419
109900064,349,380,-31
109900065,116,162,-46
109900066,263,1409,-1146
109900067,2,738,-736
109900068,51,3,48
109900069,6,50,-44
109900070,65,338,-273
109900071,0,54,-54
109900072,34,184,-150
109900073,260,1099,-839
109900074,3,61,-58
109900075,16,16,0
109900076,18,436,-418
109900077,17,70,-53
109900078,113,487,-374
109900080,168,545,-377
109900081,19,126,-107
109900082,40,713,-673
109900083,5,44,-39
109900084,51,161,-110
109900085,175,1584,-1409
109900086,99,245,-146
109900087,286,490,-204
109900089,432,117,315
109900090,548,1865,-1317
109900091,136,118,18
109900092,1228,19,1209
109900093,410,131,279
109900094,47,115,-68
109900095,123,318,-195
109900096,14,1,13
109900097,65,0,65
109900098,187,38,149
109900099,104,0,104
109900100,31,3,28
109900101,259,5,254
109900102,266,17,249
109900103,14,62,-48
109900104,280,1624,-1344
109900105,322,30,292
109900106,432,97,335
109900107,398,100,298
109900108,52,953,-901
109900109,26,256,-230
109900110,63,791,-728
109900111,380,1840,-1460
109900112,532,1314,-782
109900113,523,337,186
109900114,825,512,313
109900115,111,87,24
109900117,559,114,445
109900118,316,638,-322
109900119,675,368,307
109900120,25,6,19
109900121,286,281,5
109900122,270,4,266
109900123,7,222,-215
109900124,38,990,-952
109900125,1,331,-330
109900126,146,243,-97
109900128,145,60,85
109900130,16213,1657,14556
109900131,49,140,-91
109900132,29,208,-179
109900133,46,487,-441
109900134,53,61,-8
109900135,325,69,256
109900136,38,111,-73
109900137,126,540,-414
109900138,260,616,-356
109900140,117,439,-322
109900141,219,224,-5
109900142,586,252,334
109900145,7,149,-142
109900146,405,49,356
109900148,38,121,-83
109900149,35,79,-44
109900150,3,76,-73
109900151,1,59,-58
109900152,0,19,-19
109900153,0,59,-59
109900154,5,0,5
109900155,31,7,24
109900157,69,386,-317
109900158,56,125,-69
109900159,92,27,65
109900160,85,80,5
109900161,168,93,75
109900162,115,96,19
109900163,1029,353,676
109900164,41,217,-176
109900165,192,6,186
109900166,0,243,-243
109900167,108,923,-815
109900168,120,744,-624
109900169,113,145,-32
109900170,279,519,-240
109900171,115,93,22
109900172,110,173,-63
109900173,5579,1287,4292
109900174,32,195,-163
109900175,27,72,-45
109900176,65,237,-172
109900177,40,421,-381
109900178,3,159,-156
109900179,17,37,-20
109900180,2,8,-6
110000001,715,720,-5
110000002,624,510,114
110000003,1416,836,580
110000004,631,554,77
110000005,696,1468,-772
110000006,645,429,216
110000007,136,256,-120
110000008,15,52,-37
110000009,14,50,-36
110000010,30,85,-55
110000011,34,116,-82
110000012,787,601,186
110000013,33,406,-373
110000014,632,441,191
110000015,297,548,-251
110000016,246,1125,-879
110000017,4909,310,4599
110000018,4656,641,4015
110000019,4,204,-200
110000020,621,320,301
110000021,814,483,331
110000022,930,228,702
110000023,4,199,-195
110000024,609,499,110
110000025,140,9,131
110000026,12,832,-820
110000027,687,397,290
110000028,705,789,-84
110000029,438,1177,-739
110000030,207,374,-167
110000031,176,879,-703
110000032,565,455,110
110000033,172,143,29
110000034,176,929,-753
110000035,508,1323,-815
110000036,711,907,-196
110000037,114,1037,-923
110000038,197,675,-478
110000039,566,2054,-1488
110000040,290,735,-445
110000041,237,900,-663
110000042,90,437,-347
110000043,488,167,321
110000044,167,185,-18
110000045,1517,99,1418
110000046,5,12,-7
110000047,3,8,-5
110000048,0,7,-7
110000049,22,4,18
110000050,5,18,-13
110000051,9,5,4
110000052,30,47,-17
110000053,89,3,86
110000054,176,329,-153
110000055,493,34,459
110000056,153,35,118
110000057,255,1034,-779
110000058,595,756,-161
110000059,687,638,49
110000060,488,960,-472
110000061,1122,1057,65
110000062,754,861,-107
110000063,24,99,-75
110000064,48,156,-108
110000065,49,111,-62
110000066,64,47,17
110000067,60,521,-461
110000068,152,844,-692
110000069,146,133,13
110000071,86,138,-52
110000073,1,27,-26
110000075,4,135,-131
110000076,359,387,-28
110000077,657,1075,-418
110000078,25,69,-44
110000080,224,796,-572
110000081,17,326,-309
110000082,6,287,-281
110000083,220,731,-511
110000084,674,590,84
110000085,3251,1811,1440
110000086,1413,1210,203
110000087,6,68,-62
110000088,30,282,-252
110000089,211,208,3
110000090,82,386,-304
110000091,2329,366,1963
110000092,18,125,-107
110000093,62,9,53
110000094,456,277,179
110000095,111,638,-527
110000096,4888,1983,2905
110000097,1049,984,65
110000098,1406,561,845
110000099,908,1771,-863
110000100,415,963,-548
110000101,17,726,-709
110000102,42,25,17
110000104,145,86,59
110000105,52,346,-294
110000106,591,248,343
110000107,445,418,27
110000108,189,44,145
110000109,314,334,-20
110000110,5939,3418,2521
110000111,11173,2283,8890
110000112,1615,423,1192
110000113,782,1086,-304
110000114,81,341,-260
110000115,195,310,-115
110000116,39,26,13
110000117,110,759,-649
110000118,292,383,-91
110000119,163,543,-380
110000120,221,228,-7
110000121,77,371,-294
110000122,292,700,-408
110000123,350,481,-131
110000124,2,969,-967
110000125,779,3,776
110000126,273,36,237
110000127,583,52,531
110000128,24,2161,-2137
110000129,2,694,-692
110000130,105,119,-14
110000131,143,419,-276
110000132,3,933,-930
110000133,47,356,-309
110000134,30,450,-420
110000135,175,36,139
110000136,30,415,-385
110000137,255,1047,-792
110000138,463,1147,-684
110000139,569,2158,-1589
110000140,779,369,410
110000143,746,502,244
110000144,5219,1242,3977
110000145,1231,860,371
110000146,2192,971,1221
110000147,292,870,-578
110000148,382,491,-109
110000151,813,502,311
110000152,548,259,289
110000153,71,59,12
110000154,54,22,32
110000155,3120,2647,473
110000156,753,1507,-754
110000157,1607,1755,-148
110000160,292,586,-294
110000161,109,638,-529
110000166,249,184,65
110000167,533,414,119
110000168,742,260,482
110000169,577,283,294
110000170,102,85,17
110000171,513,152,361
110000172,121,1028,-907
110000173,1296,1508,-212
110000174,122,1831,-1709
110000175,387,105,282
110000176,90,276,-186
110000177,131,788,-657
110000178,684,1008,-324
110000179,1806,437,1369
110000180,108,406,-298
110000181,230,515,-285
110000182,533,332,201
110000183,16431,5674,10757
110000184,739,2079,-1340
110000185,1854,875,979
110000186,808,823,-15
110000191,388,449,-61
110000192,265,3,262
110000193,395,6,389
110000194,14,1838,-1824
110000195,230,540,-310
110000196,249,700,-451
110000197,43,332,-289
110000198,67,111,-44
110000199,34,149,-115
110000200,1723,739,984
110000201,810,637,173
110000202,1202,500,702
110000203,781,1081,-300
110000204,5,585,-580
110000205,59,117,-58
110000206,834,2479,-1645
110000207,500,362,138
110000208,340,121,219
110000209,137,1128,-991
110000210,455,736,-281
110000211,915,973,-58
110000212,328,942,-614
110000213,58,58,0
110000214,105,124,-19
110000215,82,865,-783
110000216,75,852,-777
110000217,204,289,-85
110000218,79,725,-646
110000219,176,88,88
110000220,26,702,-676
110000221,171,110,61
110000222,24,474,-450
110000223,3,171,-168
110000224,108,19,89
110000225,251,666,-415
110000226,120,66,54
110000227,782,459,323
110000228,430,477,-47
110000229,1,328,-327
110000230,695,539,156
110000231,105,230,-125
110000232,197,250,-53
110000233,143,360,-217
110000234,836,439,397
110000235,1031,1092,-61
110000236,351,1127,-776
110000237,1885,1170,715
110000238,910,1356,-446
110000239,1155,1665,-510
110000240,0,153,-153
110000242,0,4,-4
110000243,78,217,-139
110000244,128,408,-280
110000245,29,556,-527
110000246,418,847,-429
110000247,1777,4975,-3198
110000248,2899,1668,1231
110000249,67,9,58
110000250,11,252,-241
110000251,140,571,-431
110000252,194,403,-209
110000253,922,549,373
110000254,634,1885,-1251
110000255,240,1627,-1387
110000256,312,269,43
110000257,693,485,208
110000258,8,768,-760
110000259,73,26,47
110000260,8,530,-522
110000263,738,127,611
110000264,195,925,-730
110000265,953,1769,-816
110000266,2147,2383,-236
110000267,21,257,-236
110000268,259,843,-584
110000269,1,125,-124
110000270,39,2,37
110000271,2654,361,2293
110000272,830,1069,-239
110000273,3053,1748,1305
110000274,222,1019,-797
110000275,4023,576,3447
110000276,186,294,-108
110000277,157,488,-331
110000278,215,1070,-855
110000279,519,847,-328
110000280,198,609,-411
110000281,19,232,-213
110000282,243,43,200
110000283,57,91,-34
110000284,50,42,8
110000285,0,312,-312
110000286,28,1,27
110000287,28,2,26
110000288,1,120,-119
110000289,465,1353,-888
110000290,1725,705,1020
110000291,8324,1652,6672
110000292,1293,3279,-1986
110000293,471,1412,-941
110000294,556,919,-363
110000295,122,1293,-1171
110000296,231,451,-220
110000297,2472,339,2133
110000298,242,510,-268
110000299,606,55,551
110000301,197,12,185
110000302,168,1724,-1556
110000303,251,5,246
110000304,60,349,-289
110000305,560,25,535
110000306,137,2604,-2467
110000307,837,9,828
110000308,355,9,346
110000309,5,1874,-1869
110000310,415,61,354
110000311,17,1190,-1173
110000312,328,54,274
110000313,3396,2316,1080
110000314,2,270,-268
110000315,4071,2307,1764
110000316,569,1276,-707
110000317,747,373,374
110000318,2,112,-110
110000319,3,23,-20
110000320,31,57,-26
110000321,7,57,-50
110000322,153,706,-553
110000323,258,330,-72
110000324,5930,1316,4614
110000325,2715,2195,520
110000327,531,314,217
110000328,217,624,-407
110000333,643,507,136
110000334,705,1752,-1047
110000335,1053,678,375
110000336,492,1739,-1247
110000337,1016,740,276
110000338,174,314,-140
110000339,123,320,-197
110000340,60,228,-168
110000341,248,780,-532
110000342,594,5,589
110000343,0,10,-10
110000344,116,277,-161
110000345,176,98,78
110000346,2655,1524,1131
110000347,999,848,151
110000348,6,27,-21
110000349,4,6,-2
110000350,33,5,28
110000351,533,1158,-625
110000352,363,1759,-1396
110000353,3502,943,2559
110000354,967,2395,-1428
110000355,59,86,-27
110000356,653,7,646
110000357,271,25,246
110000361,13,91,-78
110000362,54,260,-206
110000363,191,144,47
110000364,153,363,-210
110000365,119,2,117
110000366,0,113,-113
110000367,338,433,-95
110000368,3,87,-84
110000369,26,1,25
110000373,4,504,-500
110000374,70,3,67
110000375,243,976,-733
110000376,30,117,-87
110000377,60,455,-395
110000378,34,289,-255
110000379,4828,1599,3229
110000380,43,14,29
110000383,1,1144,-1143
110000384,2897,956,1941
110000385,1,308,-307
110000387,66,5,61
110000388,42,254,-212
110000389,341,4,337
110000391,272,567,-295
110000396,77,160,-83
110000397,67,353,-286
110000398,1,34,-33
110000399,96,0,96
110000587,44,57,-13
110000589,124,228,-104
110000640,115,133,-18
110000652,10,143,-133
110000653,131,531,-400
110000654,9,32,-23
110000656,3,914,-911
110000674,13,17,-4
110000675,52,20,32
110000676,13,42,-29
110000679,549,608,-59
110000682,76,148,-72
110000683,515,553,-38
110000684,0,92,-92
110000685,3,10,-7
110000686,5,33,-28
110000687,11,3,8
110000688,71,601,-530
110000689,14,79,-65
110000692,114,359,-245
110000693,171,253,-82
110000694,0,122,-122
110000695,146,812,-666
110000696,168,232,-64
110900001,186,16,170
110900002,587,252,335
110900003,301,1343,-1042
110900004,195,293,-98
110900005,5877,1387,4490
110900006,16,7,9
110900007,62,7,55
110900008,22,32,-10
110900009,289,36,253
110900010,3,130,-127
110900011,14,109,-95
110900012,5,203,-198
110900013,610,161,449
110900014,116,21,95
110900015,1095,477,618
110900016,17,259,-242
110900017,224,58,166
110900018,451,37,414
110900019,72,31,41
110900020,33,723,-690
110900021,64,875,-811
110900022,48,502,-454
110900023,104,836,-732
110900024,25,704,-679
110900025,2,69,-67
110900027,26,384,-358
110900028,44,284,-240
110900029,37,707,-670
110900030,18,562,-544
110900031,2,222,-220
110900032,0,158,-158
110900033,33,423,-390
110900035,30,464,-434
110900036,63,28,35
110900037,32,31,1
110900038,2130,240,1890
110900039,13,310,-297
110900040,172,60,112
110900041,10,221,-211
110900042,50,50,0
110900043,6,258,-252
110900044,280,24,256
110900045,36,899,-863
110900046,150,426,-276
110900047,919,163,756
110900049,56,43,13
110900050,8,2,6
110900051,55,223,-168
110900052,6,312,-306
110900053,115,73,42
110900054,27,494,-467
110900055,20,0,20
110900056,77,132,-55
110900057,4,332,-328
110900058,100,349,-249
110900059,678,1150,-472
110900060,321,145,176
110900061,28,55,-27
110900062,71,449,-378
110900063,66,205,-139
110900064,4,0,4
110900065,338,114,224
110900066,5,119,-114
110900067,685,635,50
110900068,224,392,-168
110900069,1,57,-56
110900070,90,52,38
110900071,289,514,-225
110900073,0,33,-33
110900074,230,73,157
110900075,264,116,148
110900077,328,483,-155
110900078,15,142,-127
110900079,2354,613,1741
110900080,56,70,-14
110900081,4,139,-135
110900082,58,315,-257
110900083,108,45,63
110900084,28,284,-256
110900085,47,577,-530
110900086,38,195,-157
110900087,146,76,70
110900088,5,0,5
110900090,30,33,-3
110900091,0,70,-70
110900093,452,87,365
110900095,16,84,-68
110900097,16,23,-7
110900098,27,107,-80
110900099,71,940,-869
110900100,0,44,-44
110900102,24,31,-7
110900105,1052,591,461
110900108,5,203,-198
110900111,382,130,252
110900112,494,8,486
110900113,658,37,621
110900115,7,136,-129
110900116,417,3447,-3030
110900118,185,1560,-1375
110900119,7872,345,7527
110900120,10,137,-127
110900121,46,1,45
110900122,249,158,91
110900125,219,253,-34
110900127,442,692,-250
110900128,165,171,-6
110900129,439,371,68
110900130,1549,263,1286
110900131,126,50,76
110900132,139,59,80
110900133,70,419,-349
110900135,117,760,-643
110900136,229,11,218
110900137,81,1,80
110900138,1017,310,707
110900139,20,32,-12
110900140,92,7,85
110900141,6,67,-61
110900142,54,348,-294
110900143,94,90,4
110900144,5,981,-976
110900145,77,24,53
110900146,547,56,491
110900147,271,325,-54
110900148,3,495,-492
110900149,0,103,-103
110900150,40,31,9
110900151,5,136,-131
110900152,37,550,-513
110900153,53,62,-9
111000001,217,137,80
111000002,364,464,-100
111000003,602,507,95
111000004,410,1222,-812
111000005,1021,840,181
111000006,932,1717,-785
111000007,4726,1955,2771
111000008,3736,3754,-18
111000009,291,1073,-782
111000010,583,227,356
111000011,296,756,-460
111000012,331,260,71
111000013,361,997,-636
111000014,561,567,-6
111000017,136,671,-535
111000018,227,442,-215
111000020,2717,2550,167
111000021,74,146,-72
111000023,105,159,-54
111000025,8977,2345,6632
111000029,83,164,-81
111000030,30,144,-114
111000031,2358,808,1550
111000032,542,212,330
111000033,300,189,111
111000034,394,191,203
111000037,3962,1515,2447
111000038,3437,2909,528
111000039,1560,3054,-1494
111000040,1618,3233,-1615
111000041,1969,2122,-153
111000042,8428,3605,4823
111000043,1892,1666,226
111000044,1221,741,480
111000045,1361,1814,-453
111000046,1029,1204,-175
111000047,1712,2170,-458
111000049,354,660,-306
111000050,1880,1960,-80
111000051,627,1344,-717
111000052,601,1603,-1002
111000053,359,1381,-1022
111000054,255,1357,-1102
111000055,1290,2661,-1371
111000056,76,927,-851
111000057,83,1129,-1046
111000058,148,147,1
111000059,246,321,-75
111000060,2180,614,1566
111000061,421,363,58
111000062,548,238,310
111000063,1639,781,858
111000064,482,579,-97
111000065,905,790,115
111000066,246,310,-64
111000067,425,764,-339
111000068,318,836,-518
111000069,1956,2400,-444
111000070,2309,1286,1023
111000071,257,907,-650
111000072,494,221,273
111000073,139,457,-318
111000074,1408,1405,3
111000075,561,907,-346
111000076,353,961,-608
111000077,1192,1300,-108
111000078,2064,1300,764
111000079,1467,769,698
111000080,426,750,-324
111000081,2518,5111,-2593
111000082,520,830,-310
111000084,611,619,-8
111000085,684,1800,-1116
111000086,3645,1402,2243
111000087,685,1059,-374
111000088,7541,1895,5646
111000089,576,959,-383
111000090,1266,1795,-529
111000091,619,925,-306
111000092,855,1396,-541
111000093,477,858,-381
111000094,1567,869,698
111000095,1016,1798,-782
111000096,3619,6732,-3113
111000097,7683,1126,6557
111000098,497,1634,-1137
111000099,438,3210,-2772
111000100,334,3306,-2972
111000101,383,1142,-759
111000102,83,1129,-1046
111000104,208,265,-57
111000107,45,1045,-1000
111000109,286,259,27
111000110,747,589,158
111000111,1214,530,684
111000112,1115,313,802
111000113,529,650,-121
111000114,1092,1265,-173
111000115,9114,963,8151
111000116,797,958,-161
111000117,385,940,-555
111000118,1723,1120,603
111000119,690,1910,-1220
111000120,340,568,-228
111000121,207,654,-447
111000122,420,1310,-890
111000123,823,4704,-3881
111000124,500,4805,-4305
111000125,208,2723,-2515
111000126,70,1229,-1159
111000127,456,194,262
111000128,893,337,556
111000129,1625,467,1158
111000130,1206,710,496
111000131,920,543,377
111000132,668,443,225
111000133,118,176,-58
111000134,70,139,-69
111000135,27,160,-133
111000136,225,312,-87
111000138,11,10,1
111000140,1,8,-7
111000141,140,361,-221
111000142,33,124,-91
111000143,0,54,-54
111000144,40,90,-50
111000145,339,3,336
111000146,21,3,18
111000147,208,16,192
111000148,179,122,57
111000149,4,42,-38
111000150,6,2,4
111000151,3,15,-12
111000153,574,711,-137
111000154,804,244,560
111000155,94,198,-104
111000156,414,389,25
111000157,154,533,-379
111000158,975,534,441
111000159,2846,649,2197
111000160,220,426,-206
111000161,13,249,-236
111000162,5,209,-204
111000163,394,901,-507
111000164,835,2911,-2076
111000165,1423,470,953
111000166,2019,484,1535
111000167,188,581,-393
111000168,218,546,-328
111000169,266,678,-412
111000170,518,540,-22
111000171,385,1180,-795
111000172,65,674,-609
111000173,167,1461,-1294
111000174,113,916,-803
111000175,38,281,-243
111000176,193,190,3
111000177,115,262,-147
111000178,608,333,275
111000179,42,249,-207
111000180,171,314,-143
111000181,599,421,178
111000182,117,200,-83
111000183,297,307,-10
111000184,333,247,86
111000185,339,491,-152
111000186,248,346,-98
111000187,94,379,-285
111000188,158,579,-421
111000189,1863,649,1214
111000190,219,720,-501
111000191,117,597,-480
111000192,178,760,-582
111000193,386,525,-139
111000194,28,503,-475
111000195,64,574,-510
111000196,34,346,-312
111000197,166,223,-57
111000198,251,107,144
111000199,119,179,-60
111000200,136,352,-216
111000201,248,237,11
111000202,167,222,-55
111000203,177,194,-17
111000204,228,397,-169
111000213,142,402,-260
111000214,1419,1731,-312
111000215,683,1423,-740
111000217,888,1056,-168
111000218,773,1015,-242
111000219,369,231,138
111000220,3914,1068,2846
111000221,671,290,381
111000224,1,239,-238
111000225,147,38,109
111000226,125,1,124
111000227,48,9,39
111000228,11,214,-203
111000229,23,396,-373
111000230,274,833,-559
111000231,672,1774,-1102
111000232,301,1068,-767
111000233,339,890,-551
111000234,74,344,-270
111000239,164,315,-151
111000240,24,119,-95
111000241,35,555,-520
111000242,57,61,-4
111000243,94,1155,-1061
111000244,171,93,78
111000245,460,782,-322
111000246,216,860,-644
111000247,151,1502,-1351
111000248,332,453,-121
111000249,537,1084,-547
111000250,46,251,-205
111000251,34,222,-188
111000253,8,6,2
111000255,17,7,10
111000257,22,10,12
111000260,51,1704,-1653
111000261,502,68,434
111000271,57,351,-294
111000273,8544,1618,6926
111000274,1183,2116,-933
111000275,58,73,-15
111000276,272,3404,-3132
111000277,180,622,-442
111000278,482,294,188
111000291,470,2877,-2407
111000298,265,281,-16
111000299,534,127,407
111000300,87,833,-746
111000302,231,78,153
111000303,81,466,-385
111000312,75,63,12
111000315,0,36,-36
111000320,352,793,-441
111000321,218,82,136
111000322,150,622,-472
111000323,64,24,40
111000324,347,332,15
111000325,19,61,-42
111000326,116,471,-355
111000327,279,642,-363
111000328,191,461,-270
111000329,2,23,-21
111000330,54,52,2
111000331,3,7,-4
111000332,318,1301,-983
111000334,462,1904,-1442
111000335,345,159,186
111000337,390,441,-51
111000338,21,163,-142
111000339,172,1044,-872
111000340,67,1106,-1039
111000341,605,320,285
111000342,49,328,-279
111000344,828,739,89
111000345,138,40,98
111000346,11,100,-89
111000347,49,6,43
111000350,153,178,-25
111000351,76,275,-199
111000352,93,209,-116
111000353,134,308,-174
111000354,436,185,251
111000355,539,859,-320
111000358,111,2453,-2342
111000360,121,1426,-1305
111000361,100,660,-560
111000546,327,901,-574
111000547,227,1035,-808
111000548,65,244,-179
111000549,169,686,-517
111000550,47,416,-369
111000551,659,188,471
111000552,297,43,254
111000907,122,10,112
111000908,12,0,12
111000916,570,316,254
111000917,40,482,-442
111000918,93,1486,-1393
111000920,295,10,285
111000921,12,275,-263
111000922,249,401,-152
111000924,45,1525,-1480
111000925,1583,1736,-153
111000926,817,2674,-1857
111000927,3146,3523,-377
111000928,6721,4299,2422
111000929,762,876,-114
111000930,691,2849,-2158
111000931,1671,1659,12
111000932,4429,2773,1656
111000933,2927,1926,1001
111000934,2418,3489,-1071
111000935,697,1019,-322
111000936,768,2476,-1708
111000937,508,1133,-625
111000938,1632,2543,-911
111000939,188,50,138
111000940,181,255,-74
111000941,186,835,-649
111000943,141,308,-167
111000944,87,732,-645
111000945,45,2983,-2938
111001109,318,192,126
111001110,131,642,-511
111001111,31,10,21
111001112,73,11,62
111001113,11,122,-111
111001114,1249,63,1186
111001115,31,276,-245
111001116,6564,1666,4898
111001117,803,855,-52
111001120,83,369,-286
111001121,112,448,-336
111001122,32,400,-368
111001123,7,22,-15
111900001,3,168,-165
111900002,13,1124,-1111
111900003,8,597,-589
111900004,37,267,-230
111900006,8,18,-10
111900007,53,4,49
111900008,73,2,71
111900009,102,289,-187
111900010,303,709,-406
111900012,134,174,-40
111900013,3,120,-117
111900014,10366,2320,8046
111900015,0,108,-108
111900016,3,280,-277
111900017,0,274,-274
111900018,47,1,46
111900019,1,120,-119
111900020,8,79,-71
111900021,18,119,-101
111900022,15,70,-55
111900023,216,91,125
111900024,0,143,-143
111900025,0,54,-54
111900026,0,103,-103
111900027,3,226,-223
111900028,4,623,-619
111900029,1,136,-135
111900030,92,522,-430
111900031,10,142,-132
111900032,5,548,-543
111900033,6,135,-129
111900034,242,575,-333
111900035,40,323,-283
111900036,1,493,-492
111900038,362,642,-280
111900039,47,624,-577
111900040,3,993,-990
111900042,72,131,-59
111900043,6,694,-688
111900044,289,351,-62
111900046,56,306,-250
111900048,106,1225,-1119
111900049,49,439,-390
111900050,68,21,47
111900051,2,425,-423
111900052,435,731,-296
111900053,1953,565,1388
111900054,61,6,55
111900055,33,1005,-972
111900056,283,104,179
111900057,47,54,-7
111900058,149,1236,-1087
111900059,2786,255,2531
111900060,167,0,167
111900061,21,509,-488
111900062,14,29,-15
111900063,85,360,-275
111900064,144,435,-291
111900065,27,42,-15
111900066,112,158,-46
111900067,10,422,-412
111900068,19,11,8
111900069,43,22,21
111900070,62,170,-108
111900071,1,405,-404
111900072,23,5,18
111900073,290,89,201
111900074,16,310,-294
111900075,24,5,19
111900076,67,34,33
111900077,34,0,34
111900078,162,6,156
111900079,33,6,27
111900080,225,116,109
111900081,974,112,862
111900082,77,15,62
111900083,36,8,28
111900084,21,1,20
111900085,29,65,-36
111900086,34,3,31
111900087,14,1,13
111900088,217,3,214
111900089,56,3,53
111900090,57,30,27
111900091,141,3,138
111900092,16,0,16
111900093,210,0,210
111900094,24,1,23
111900095,125,13,112
111900096,74,0,74
111900097,19,0,19
111900098,82,0,82
111900099,19,0,19
111900100,84,0,84
111900101,53,17,36
111900102,198,1089,-891
111900103,82,44,38
111900104,77,65,12
111900105,304,227,77
111900106,2555,71,2484
111900107,88,135,-47
111900108,133,68,65
111900109,677,132,545
111900110,4338,268,4070
111900111,47,352,-305
111900112,1189,1252,-63
111900113,287,50,237
111900114,195,128,67
111900115,23,42,-19
111900118,101,46,55
111900119,170,73,97
111900122,73,29,44
111900123,3,11,-8
111900124,31,150,-119
111900125,223,21,202
111900126,155,2,153
111900127,4,926,-922
111900128,6,783,-777
111900129,119,4,115
111900130,180,11,169
111900131,182,3,179
111900132,26,1906,-1880
111900133,2,578,-576
111900134,22,422,-400
111900135,6,22,-16
111900136,96,152,-56
111900137,49,56,-7
111900138,12,108,-96
111900139,18,220,-202
111900140,42,8,34
111900141,19,9,10
111900142,38,17,21
111900143,19,310,-291
111900144,2,172,-170
111900145,6,979,-973
111900146,4,511,-507
111900147,203,779,-576
111900148,48,1397,-1349
111900149,7,638,-631
111900150,19,260,-241
111900151,6,35,-29
111900152,88,74,14
111900153,2166,303,1863
111900154,11,167,-156
111900155,76,23,53
111900156,44,35,9
111900157,42,16,26
111900158,287,21,266
111900159,113,5,108
111900160,141,1,140
111900161,55,27,28
111900162,75,111,-36
111900163,45,287,-242
111900164,41,29,12
111901113,179,396,-217
111901114,99,533,-434
111901115,33,1,32
111901116,29,0,29
111901117,18,14,4
111901118,136,87,49
111901119,1947,158,1789
111901120,114,376,-262
111901121,218,486,-268
111901122,8,842,-834
111901123,67,630,-563
111901124,133,2,131
111901125,117,151,-34
111901126,75,24,51
111901127,1410,348,1062
111901128,15,148,-133
111901129,7,240,-233
111901130,29,404,-375
111901131,3,358,-355
111901132,53,8,45
111901133,17,0,17
111901134,50,3,47
111901135,12,7,5
111901136,15,14,1
111901137,0,18,-18
111901138,59,39,20
111901139,39,65,-26
111901140,9,232,-223
111901141,14,342,-328
111901142,7,174,-167
111901143,0,105,-105
111901144,14,27,-13
112000001,1312,876,436
112000002,701,2999,-2298
112000003,553,944,-391
112000004,598,2111,-1513
112000005,1944,1809,135
112000006,1764,2424,-660
112000007,1445,1374,71
112000008,1680,3011,-1331
112000009,4244,4052,192
112000010,2034,2385,-351
112000011,2068,2854,-786
112000012,6750,2120,4630
112000013,7407,3940,3467
112000014,3092,853,2239
112000015,3732,2944,788
112000016,5675,943,4732
112000017,2569,1624,945
112000024,2532,745,1787
112000026,4950,5995,-1045
112000027,689,403,286
112000028,1606,2147,-541
112000029,348,656,-308
112000030,211,153,58
112000031,1710,3034,-1324
112000032,673,80,593
112000033,2492,988,1504
112000034,271,65,206
112000035,90,320,-230
112000036,1023,816,207
112000037,2030,1065,965
112000038,1300,1086,214
112000039,30,90,-60
112000040,168,349,-181
112000041,378,604,-226
112000042,1240,387,853
112000050,692,1586,-894
112000051,696,823,-127
112000054,1632,3012,-1380
112000057,719,347,372
112000058,474,588,-114
112000059,836,591,245
112000061,5667,1798,3869
112000062,3217,755,2462
112000063,2100,844,1256
112000064,5349,6526,-1177
112000065,2696,3308,-612
112000066,3156,1015,2141
112000067,811,869,-58
112000068,1940,1270,670
112000069,693,3141,-2448
112000070,1739,630,1109
112000071,778,3964,-3186
112000072,1073,1030,43
112000073,1497,2141,-644
112000074,1031,915,116
112000075,888,1059,-171
112000076,3326,3254,72
112000077,371,946,-575
112000078,960,877,83
112000079,1052,1667,-615
112000080,533,1215,-682
112000081,1054,2181,-1127
112000082,1130,788,342
112000083,516,1831,-1315
112000084,983,760,223
112000085,902,1478,-576
112000086,1197,1805,-608
112000087,203,611,-408
112000088,333,843,-510
112000089,222,363,-141
112000090,190,422,-232
112000091,576,1542,-966
112000092,1027,966,61
112000093,1502,1325,177
112000094,295,823,-528
112000095,465,850,-385
112000096,316,767,-451
112000097,579,555,24
112000098,916,2002,-1086
112000099,575,837,-262
112000100,939,1059,-120
112000101,400,1339,-939
112000102,598,558,40
112000103,261,1780,-1519
112000105,380,2532,-2152
112000106,707,354,353
112000107,10,239,-229
112000108,156,1982,-1826
112000109,49,73,-24
112000110,967,415,552
112000111,1867,5727,-3860
112000112,6895,651,6244
112000113,1314,2714,-1400
112000114,2965,1113,1852
112000115,197,696,-499
112000116,519,1268,-749
112000117,687,928,-241
112000118,930,1061,-131
112000119,332,1242,-910
112000120,81,527,-446
112000121,81,930,-849
112000122,145,190,-45
112000123,297,136,161
112000124,156,82,74
112000125,62,208,-146
112000126,106,920,-814
112000127,3379,1375,2004
112000128,1471,688,783
112000129,79,152,-73
112000130,64,75,-11
112000131,32,514,-482
112000132,66,449,-383
112000133,237,429,-192
112000134,462,485,-23
112000135,1052,654,398
112000136,1262,1524,-262
112000137,2509,1554,955
112000138,3776,1581,2195
112000139,708,245,463
112000140,954,1268,-314
112000141,410,206,204
112000142,124,1202,-1078
112000143,539,210,329
112000144,271,2071,-1800
112000145,1514,727,787
112000146,589,2859,-2270
112000147,1360,1676,-316
112000148,1657,2713,-1056
112000149,211,831,-620
112000150,91,824,-733
112000151,291,806,-515
112000152,177,527,-350
112000153,199,357,-158
112000154,102,223,-121
112000155,129,88,41
112000157,723,560,163
112000158,148,961,-813
112000159,282,443,-161
112000167,142,31,111
112000169,378,328,50
112000173,375,292,83
112000175,204,460,-256
112000176,6343,2100,4243
112000177,286,110,176
112000178,65,727,-662
112000179,112,202,-90
112000180,292,324,-32
112000181,1203,2595,-1392
112000182,531,3000,-2469
112000183,36,68,-32
112000184,228,885,-657
112000185,221,776,-555
112000187,4207,3210,997
112000195,93,10,83
112000196,185,2,183
112000197,150,114,36
112000198,34,492,-458
112000199,109,1084,-975
112000202,176,1,175
112000216,53,198,-145
112000230,59,1,58
112000231,2,413,-411
112000256,24,179,-155
112000313,155,251,-96
112000314,21,15,6
112000337,169,682,-513
112000352,295,170,125
112000392,2199,1386,813
112000398,659,791,-132
112000399,3027,1834,1193
112000400,1976,4726,-2750
112000401,2753,3262,-509
112000402,1377,1937,-560
112000403,2266,1861,405
112000404,291,662,-371
112000405,1180,2439,-1259
112000406,3773,3824,-51
112000407,4013,6946,-2933
112000408,9992,8132,1860
112000409,1768,5678,-3910
112000410,324,150,174
112000411,6771,1330,5441
112000412,1515,411,1104
112000413,12497,2933,9564
112000414,73,87,-14
112000415,66,46,20
112000416,1404,1317,87
112000417,170,63,107
112000421,24,172,-148
112000422,243,787,-544
112000424,2885,1683,1202
112000425,379,1160,-781
112000426,76,324,-248
112000427,0,12,-12
112000428,94,557,-463
112000429,1950,3002,-1052
112000430,1847,2990,-1143
112000431,35,114,-79
112000432,657,2641,-1984
112000433,612,758,-146
112000437,29,346,-317
112900001,39,0,39
112900002,111,1641,-1530
112900003,22,343,-321
112900004,26,621,-595
112900005,75,251,-176
112900006,6,667,-661
112900007,21,302,-281
112900008,6,13,-7
112900009,387,107,280
112900010,179,1046,-867
112900011,284,352,-68
112900012,0,65,-65
112900013,4,224,-220
112900014,4,388,-384
112900015,440,1285,-845
112900016,1,478,-477
112900017,33,278,-245
112900018,2,483,-481
112900019,50,187,-137
112900020,482,2024,-1542
112900021,4,370,-366
112900022,6,104,-98
112900023,2,333,-331
112900024,30,369,-339
112900025,79,382,-303
112900026,9,424,-415
112900027,8,1664,-1656
112900028,21,230,-209
112900029,20,912,-892
112900030,287,279,8
112900031,5,714,-709
112900032,154,342,-188
112900034,1,76,-75
112900035,8,646,-638
112900036,24,206,-182
112900037,156,167,-11
112900038,403,180,223
112900039,15,435,-420
112900040,4,457,-453
112900041,1536,964,572
112900042,42,678,-636
112900043,13,68,-55
112900044,702,472,230
112900045,591,368,223
112900046,515,85,430
112900047,18,12,6
112900049,55,112,-57
112900050,72,758,-686
112900051,372,1110,-738
112900052,14,1439,-1425
112900053,364,160,204
112900054,274,31,243
112900055,191,35,156
112900056,298,171,127
112900057,10,1059,-1049
112900058,359,193,166
112900059,92,156,-64
112900060,12,402,-390
112900061,36,181,-145
112900062,94,236,-142
112900063,70,5,65
112900064,261,204,57
112900065,16,9,7
112900066,233,86,147
112900067,692,188,504
112900068,35,13,22
112900069,3153,526,2627
112900071,23,0,23
112900072,270,949,-679
112900073,364,52,312
112900074,45,119,-74
112900075,2700,600,2100
112900076,91,7,84
112900078,191,288,-97
112900079,230,18,212
112900080,20,1,19
112900081,33,130,-97
112900082,227,15,212
112900083,78,42,36
112900084,116,61,55
112900085,0,9,-9
112900086,15,0,15
112900087,415,80,335
112900088,47,11,36
112900089,701,21,680
112900090,23,9,14
112900091,74,5,69
112900092,152,141,11
112900093,1185,4,1181
112900094,34,2,32
112900095,28,3,25
112900096,246,103,143
112900097,26,620,-594
112900098,144,0,144
112900099,473,3,470
112900100,17,2,15
112900101,191,0,191
112900102,145,12,133
112900103,92,1,91
112900104,9,1,8
112900105,3,0,3
112900106,272,100,172
112900107,19,0,19
112900108,38,1,37
112900109,16,0,16
112900110,415,8,407
112900111,284,3,281
112900112,164,0,164
112900113,0,23,-23
112900114,31,51,-20
112900115,469,1,468
112900116,29,56,-27
112900117,95,145,-50
112900118,40,106,-66
112900119,90,2,88
112900120,809,258,551
112900121,338,264,74
112900122,17,265,-248
112900123,162,17,145
112900124,0,242,-242
112900125,87,472,-385
112900126,184,342,-158
112900127,243,43,200
112900128,600,974,-374
112900129,7,1333,-1326
112900130,183,67,116
112900131,72,251,-179
112900132,66,556,-490
112900133,35,1708,-1673
112900134,3,389,-386
112900135,81,47,34
112900136,0,60,-60
112900137,1,835,-834
112900138,23,632,-609
112900139,299,2024,-1725
112900140,0,125,-125
112900141,450,54,396
112900142,137,113,24
112900143,53,894,-841
112900144,2,345,-343
112900145,65,714,-649
112900146,6,1770,-1764
112900147,1,3316,-3315
112900148,16,1,15
112900149,198,380,-182
112900151,16,41,-25
112900152,5966,1243,4723
112900153,1991,1260,731
112900154,0,85,-85
112900155,91,19,72
112900156,170,2282,-2112
112900157,82,26,56
112900158,14,20,-6
112900159,212,59,153
112900160,28,320,-292
112900161,69,35,34
112900162,51,15,36
112900163,141,20,121
112900164,32,103,-71
112900165,115,37,78
112900166,9,44,-35
112900167,7,34,-27
112900168,6,4,2
112900169,9,6,3
112900170,39,97,-58
112900172,70,2,68
112900173,291,113,178
112900174,231,15,216
112900175,155,108,47
112900176,2,5,-3
112900177,157,43,114
112900178,547,1277,-730
112900179,45,754,-709
112900180,1059,2746,-1687
112900181,220,2,218
112900182,38,1820,-1782
112900183,147,253,-106
112900184,497,320,177
112900185,461,526,-65
112900186,2246,733,1513
112900187,77,371,-294
112900188,835,348,487
112900189,30,25,5
112900190,3,55,-52
112900192,436,350,86
112900193,1110,272,838
112900194,18,66,-48
112900195,516,37,479
112900196,218,712,-494
112900197,164,528,-364
112900199,306,883,-577
112900200,319,370,-51
112900201,75,123,-48
112900202,353,1399,-1046
112900203,86,464,-378
112900204,1052,412,640
112900205,1,8,-7
112900206,4,51,-47
112900207,3,0,3
112900208,36,121,-85
112900209,445,564,-119
112900210,2,18,-16
112900211,73,122,-49
112900212,0,93,-93
112900213,5,13,-8
112900214,16,3,13
112900215,6,347,-341
112900216,31,72,-41
112900217,1,92,-91
112900218,33,16,17
112900219,38,50,-12
112900220,5,0,5
112900221,18,162,-144
112900222,0,27,-27
112900223,525,7,518
112900224,152,1059,-907
112900225,238,825,-587
112900226,301,352,-51
112900227,205,1681,-1476
112900228,29,18,11
112900229,108,61,47
112900230,10692,3723,6969
112900232,179,182,-3
112900233,47,282,-235
112900234,14,145,-131
112900235,47,20,27
112900236,147,27,120
112900237,75,512,-437
112900238,4,59,-55
113000001,4676,5601,-925
113000002,3394,4000,-606
113000003,2086,2262,-176
113000004,2078,2464,-386
113000005,1202,1318,-116
113000006,1053,1411,-358
113000007,1355,1571,-216
113000008,1431,2053,-622
113000009,645,1032,-387
113000010,907,1983,-1076
113000011,752,2091,-1339
113000012,996,867,129
113000013,1060,570,490
113000014,2066,1894,172
113000015,760,236,524
113000016,302,394,-92
113000017,84,316,-232
113000018,168,54,114
113000019,90,309,-219
113000020,55,18,37
113000021,922,621,301
113000022,458,1448,-990
113000025,40,363,-323
113000026,201,521,-320
113000027,909,464,445
113000028,1551,533,1018
113000029,919,581,338
113000030,658,798,-140
113000031,352,328,24
113000032,333,313,20
113000033,373,440,-67
113000034,565,448,117
113000035,38,36,2
113000036,25,60,-35
113000037,71,61,10
113000038,9,61,-52
113000039,56,554,-498
113000040,52,90,-38
113000042,831,687,144
113000051,733,2011,-1278
113000052,2373,1466,907
113000053,319,717,-398
113000054,202,876,-674
113000055,674,1211,-537
113000056,629,1633,-1004
113000058,746,1234,-488
113000059,1289,835,454
113000060,150,734,-584
113000061,560,915,-355
113000062,1419,177,1242
113000063,88,276,-188
113000064,7,572,-565
113000065,172,1607,-1435
113000066,413,79,334
113000067,1164,1553,-389
113000068,410,2529,-2119
113000069,478,1799,-1321
113000070,1186,949,237
113000071,323,913,-590
113000072,458,523,-65
113000073,697,2111,-1414
113000074,1081,427,654
113000075,1908,599,1309
113000076,1349,2013,-664
113000077,1656,429,1227
113000078,1290,2129,-839
113000079,1077,732,345
113000080,871,514,357
113000081,923,989,-66
113000082,1517,768,749
113000083,646,828,-182
113000084,1727,1258,469
113000085,900,608,292
113000086,916,1309,-393
113000087,1020,810,210
113000088,2166,1353,813
113000089,868,1386,-518
113000090,201,382,-181
113000091,934,370,564
113000094,814,182,632
113000095,225,1462,-1237
113000096,160,1177,-1017
113000097,751,346,405
113000098,100,33,67
113000099,970,298,672
113000100,121,484,-363
113000101,425,691,-266
113000102,427,247,180
113000103,2551,707,1844
113000104,339,2546,-2207
113000105,569,445,124
113000106,464,770,-306
113000107,419,849,-430
113000108,755,1562,-807
113000109,433,3220,-2787
113000110,1642,429,1213
113000111,101,516,-415
113000112,190,274,-84
113000113,2307,292,2015
113000114,330,1367,-1037
113000116,829,281,548
113000117,896,190,706
113000118,151,396,-245
113000119,222,529,-307
113000120,39,224,-185
113000121,848,1051,-203
113000124,136,132,4
113000125,34,527,-493
113000127,4560,746,3814
113000128,544,646,-102
113000129,569,1486,-917
113000133,5095,1415,3680
113000134,4,808,-804
113000135,3000,2971,29
113000137,2982,1911,1071
113000139,485,177,308
113000140,178,325,-147
113000141,527,132,395
113000142,994,1060,-66
113000143,323,178,145
113000144,340,765,-425
113000145,58,186,-128
113000146,111,81,30
113000147,137,194,-57
113000148,74,211,-137
113000149,64,204,-140
113000150,543,569,-26
113000151,89,84,5
113000152,31,219,-188
113000153,2095,719,1376
113000154,818,1574,-756
113000155,335,517,-182
113000156,188,515,-327
113000157,250,990,-740
113000158,580,238,342
113000159,881,557,324
113000160,733,1519,-786
113000161,273,887,-614
113000162,560,439,121
113000163,93,43,50
113000164,14,124,-110
113000166,82,64,18
113000167,21,289,-268
113000168,64,275,-211
113000169,152,72,80
113000170,76,96,-20
113000171,63,102,-39
113000172,154,80,74
113000173,29,20,9
113000174,101,672,-571
113000175,372,101,271
113000176,464,117,347
113000177,151,562,-411
113000178,253,538,-285
113000179,247,90,157
113000180,520,1575,-1055
113000181,776,1144,-368
113000182,185,363,-178
113000183,163,667,-504
113000184,25,141,-116
113000189,515,693,-178
113000190,1711,550,1161
113000192,2722,1419,1303
113000193,6147,904,5243
113000194,2380,1309,1071
113000195,2914,555,2359
113000196,77,87,-10
113000197,1701,1031,670
113000198,30,374,-344
113000199,1545,469,1076
113000201,340,270,70
113000202,4396,2738,1658
113000203,452,223,229
113000204,2260,1513,747
113000205,26,35,-9
113000206,7,41,-34
113000207,67,28,39
113000208,28,68,-40
113000209,28,22,6
113000210,8,30,-22
113000211,261,128,133
113000212,209,13,196
113000213,31,100,-69
113000214,106,248,-142
113000234,188,1827,-1639
113000410,80,219,-139
113000411,3606,4670,-1064
113000412,10938,2252,8686
113000413,4380,2622,1758
113000414,11578,13511,-1933
113000415,3017,3043,-26
113000416,13015,4047,8968
113000417,4016,3354,662
113000418,4260,2885,1375
113000419,2072,2004,68
113000420,4637,4103,534
113000421,3687,5317,-1630
113000422,19345,8823,10522
113000423,2757,3922,-1165
113000424,4565,7116,-2551
113000425,7,74,-67
113000428,147,15,132
113000430,28,33,-5
113000432,1132,139,993
113000433,145,1376,-1231
113000434,17,486,-469
113000435,7,1252,-1245
113000436,29,1869,-1840
113000437,433,20,413
113000438,131,3,128
113000439,16,174,-158
113000440,77,11,66
113000441,91,213,-122
113000442,97,332,-235
113000443,62,350,-288
113000444,69,380,-311
113000445,38,161,-123
113000446,12,57,-45
113000448,134,214,-80
113000449,343,630,-287
113000450,849,2876,-2027
113000451,1440,188,1252
113000452,562,436,126
113000453,72,260,-188
113000454,1352,24,1328
113000455,4,135,-131
113000456,4638,2121,2517
113000468,3328,407,2921
113000469,376,142,234
113000470,668,71,597
113000471,17,364,-347
113000472,94,362,-268
113000474,271,679,-408
113000475,1451,2036,-585
113000476,811,2144,-1333
113000477,1952,2233,-281
113000478,3932,6852,-2920
113000479,59,237,-178
113000480,128,94,34
113000481,0,0,0
113000482,0,0,0
113000483,0,0,0
113000485,0,0,0
113000486,2,0,2
113000487,0,1,-1
113000488,0,0,0
113000489,0,0,0
113000490,0,0,0
113000491,0,1,-1
113000492,0,0,0
113000493,0,0,0
113000495,157,186,-29
113000496,34,67,-33
113000497,0,0,0
113000498,0,0,0
113000499,0,0,0
113000500,0,5,-5
113900001,2,138,-136
113900002,0,282,-282
113900003,1,159,-158
113900004,0,50,-50
113900005,1,43,-42
113900006,22,26,-4
113900007,87,31,56
113900008,76,1,75
113900009,309,0,309
113900010,177,1,176
113900011,36,3,33
113900012,13,1,12
113900013,933,9,924
113900014,406,1,405
113900015,1,76,-75
113900016,24,0,24
113900017,6,98,-92
113900018,614,101,513
113900019,74,63,11
113900020,86,1,85
113900022,14,0,14
113900023,16,0,16
113900024,56,150,-94
113900025,384,32,352
113900026,29,0,29
113900027,1,111,-110
113900028,6,548,-542
113900029,62,362,-300
113900030,99,2,97
113900031,7,1,6
113900032,13,0,13
113900033,55,121,-66
113900035,42,0,42
113900036,12,144,-132
113900037,69,630,-561
113900038,34,83,-49
113900039,99,15,84
113900040,3,7,-4
113900041,1,2,-1
113900042,26,67,-41
113900043,139,131,8
113900044,162,97,65
113900045,31,0,31
113900046,221,864,-643
113900047,29,164,-135
113900048,337,34,303
113900049,985,226,759
113900050,158,504,-346
113900051,193,547,-354
113900052,197,141,56
113900053,546,283,263
113900054,10,17,-7
113900055,87,870,-783
113900056,70,214,-144
113900057,14,132,-118
113900058,57,330,-273
113900059,141,436,-295
113900060,122,347,-225
113900061,1213,129,1084
113900062,56,11,45
113900063,79,146,-67
113900064,18,173,-155
113900065,343,29,314
113900066,238,575,-337
113900067,53,426,-373
113900068,352,331,21
113900069,70,25,45
113900070,182,577,-395
113900071,42,100,-58
113900072,70,227,-157
113900073,95,412,-317
113900074,31,609,-578
113900075,880,844,36
113900076,176,10,166
113900077,36,295,-259
113900078,46,75,-29
113900079,8,67,-59
113900080,385,171,214
113900081,42,318,-276
113900082,44,256,-212
113900083,160,877,-717
113900084,196,90,106
113900085,30,438,-408
113900086,18,12,6
113900087,64,257,-193
113900088,40,64,-24
113900089,380,63,317
113900090,404,332,72
113900091,24,33,-9
113900092,27,112,-85
113900093,45,475,-430
113900094,285,585,-300
113900095,111,113,-2
113900096,171,37,134
113900097,14,168,-154
113900098,459,49,410
113900099,1,130,-129
113900100,0,4,-4
113900101,15,73,-58
113900102,42,78,-36
113900103,239,268,-29
113900104,90,144,-54
113900105,44,495,-451
113900106,0,138,-138
113900107,1,43,-42
113900108,209,203,6
113900109,413,146,267
113900110,49,10,39
113900111,74,148,-74
113900112,64,105,-41
113900113,715,440,275
113900114,1,125,-124
113900115,1,175,-174
113900116,84,122,-38
113900117,76,11,65
113900118,167,263,-96
113900119,308,363,-55
113900120,55,40,15
113900121,48,97,-49
113900122,310,1382,-1072
113900123,437,143,294
113900124,0,87,-87
113900125,1707,276,1431
113900126,131,35,96
113900127,179,384,-205
113900128,66,57,9
113900129,5,117,-112
113900130,2,24,-22
113900131,109,71,38
113900132,30,48,-18
113900133,21,26,-5
113900135,166,549,-383
113900136,87,72,15
113900137,293,171,122
113900138,69,186,-117
113900139,583,124,459
113900140,567,221,346
113900141,265,596,-331
113900142,77,105,-28
113900143,6,38,-32
113900144,481,137,344
113900145,191,231,-40
113900146,68,65,3
113900148,126,211,-85
113900149,160,60,100
113900150,1285,682,603
113900151,225,216,9
113900152,11,63,-52
113900153,536,611,-75
113900154,4,97,-93
113900155,244,110,134
113900156,228,840,-612
113900157,36,251,-215
113900158,577,268,309
113900159,14,239,-225
113900160,487,754,-267
113900161,58,174,-116
113900162,836,712,124
113900163,224,291,-67
113900164,206,64,142
113900165,509,604,-95
113900166,355,136,219
113900167,197,45,152
113900168,144,136,8
113900169,182,529,-347
113900171,119,83,36
113900172,6,240,-234
113900173,83,877,-794
113900174,429,876,-447
113900175,300,133,167
113900176,290,954,-664
113900177,209,249,-40
113900178,280,115,165
113900179,14,888,-874
113900180,182,151,31
113900181,541,89,452
113900182,547,1180,-633
113900183,47,97,-50
113900184,27,770,-743
113900185,159,112,47
113900186,16,54,-38
113900187,37,160,-123
113900188,57,220,-163
113900189,318,86,232
113900190,308,143,165
113900191,104,280,-176
113900192,13,329,-316
113900193,35,352,-317
113900194,2429,1117,1312
113900195,295,591,-296
113900196,3,174,-171
113900197,5,427,-422
113900198,33,133,-100
113900199,278,878,-600
113900200,21,368,-347
113900201,4,381,-377
113900202,54,336,-282
113900203,0,302,-302
113900204,61,722,-661
113900205,9,183,-174
113900206,6,185,-179
113900207,0,67,-67
113900208,2,82,-80
113900209,0,134,-134
113900210,543,667,-124
113900211,124,28,96
113900212,112,719,-607
113900214,499,412,87
113900215,20,159,-139
113900216,76,1460,-1384
113900217,37,467,-430
113900218,100,39,61
113900219,90,623,-533
113900220,119,48,71
113900221,291,176,115
113900222,306,334,-28
113900223,119,1198,-1079
113900224,108,70,38
113900225,966,287,679
113900226,291,158,133
113900227,287,213,74
113900228,480,349,131
113900229,27,675,-648
113900230,6149,1809,4340
113900231,164,345,-181
113900232,86,121,-35
113900233,37,66,-29
113900234,219,412,-193
113900235,54,18,36
113900236,59,486,-427
113900237,62,9,53
113900238,190,351,-161
113900239,41,88,-47
113900240,10,120,-110
113900241,122,83,39
113900242,58,194,-136
113900243,162,429,-267
113900244,591,207,384
113900245,1475,304,1171
113900246,15,8,7
113900247,168,235,-67
113900248,4704,1280,3424
113900249,1723,325,1398
113900250,53,81,-28
113900251,354,255,99
113900252,336,13,323
113900253,532,49,483
113900254,598,90,508
113900255,232,40,192
113900256,234,31,203
113900257,43,936,-893
113900258,24,741,-717
113900259,265,311,-46
113900260,157,13,144
113900261,34,147,-113
113900262,124,953,-829
113900263,160,674,-514
113900264,11,739,-728
113900265,147,384,-237
113900266,20,359,-339
113900267,134,605,-471
113900268,199,331,-132
113900269,54,197,-143
113900270,302,490,-188
113900271,570,1650,-1080
113900273,8,1,7
113900274,25,11,14
113900275,13,64,-51
113900276,4,410,-406
113900277,57,3,54
113900278,333,155,178
113900279,125,142,-17
113900280,1108,474,634
113900281,354,1010,-656
113900282,1122,554,568
113900283,318,505,-187
113900284,579,179,400
113900285,77,37,40
113900286,58,203,-145
113900287,26,220,-194
113900288,1,70,-69
113900289,1872,84,1788
113900290,483,120,363
113900291,107,213,-106
113900292,4,7,-3
113900293,2,273,-271
113900294,278,37,241
113900295,394,356,38
113900296,3131,392,2739
113900297,1023,22,1001
113900298,15,1935,-1920
113900299,22,259,-237
113900300,8026,2735,5291
113900301,1082,338,744
113900302,3019,716,2303
113900303,762,263,499
113900304,2,165,-163
113900305,75,1,74
113900306,8,1,7
113900307,57,0,57
113900308,147,133,14
113900309,2,1058,-1056
113900310,3,33,-30
113900311,0,0,0
113900312,102,124,-22
113900313,17,21,-4
114000001,1105,4644,-3539
114000002,128,621,-493
114000003,42,434,-392
114000004,121,455,-334
114000005,159,239,-80
114000006,3451,2451,1000
114000007,687,1595,-908
114000008,1541,1214,327
114000009,322,224,98
114000011,2479,4316,-1837
114000012,1668,3553,-1885
114000013,1173,2780,-1607
114000014,392,487,-95
114000015,1011,760,251
114000016,187,616,-429
114000017,91,183,-92
114000018,483,63,420
114000026,907,2139,-1232
114000027,1797,2539,-742
114000028,1856,2315,-459
114000038,93,196,-103
114000039,70,109,-39
114000040,49,174,-125
114000042,50,183,-133
114000043,34,216,-182
114000044,110,108,2
114000045,58,140,-82
114000046,2732,5247,-2515
114000047,17,101,-84
114000048,62,83,-21
114000049,1667,1229,438
114000050,1574,1230,344
114000051,3218,1567,1651
114000052,3155,1359,1796
114000053,51,619,-568
114000054,112,1895,-1783
114000055,224,32,192
114000056,1767,687,1080
114000057,10778,2931,7847
114000058,797,835,-38
114000059,441,194,247
114000060,517,902,-385
114000061,4164,1617,2547
114000062,3633,1005,2628
114000063,3838,1855,1983
114000064,10812,2871,7941
114000065,1832,2656,-824
114000066,244,752,-508
114000067,31,362,-331
114000068,417,485,-68
114000069,817,628,189
114000070,2562,1424,1138
114000071,430,926,-496
114000072,180,559,-379
114000073,7,171,-164
114000074,6,25,-19
114000075,47,218,-171
114000076,12,284,-272
114000077,11,68,-57
114000078,144,1895,-1751
114000079,73,35,38
114000080,90,130,-40
114000081,34,125,-91
114000082,47,752,-705
114000083,46,492,-446
114000084,139,64,75
114000085,105,1072,-967
114000086,156,824,-668
114000087,52,349,-297
114000088,24,75,-51
114000089,2008,572,1436
114000090,522,538,-16
114000091,1574,458,1116
114000092,836,335,501
114000093,818,649,169
114000094,275,371,-96
114000095,94,103,-9
114000096,97,596,-499
114000097,83,1296,-1213
114000098,231,51,180
114000099,286,1216,-930
114000100,676,917,-241
114000101,302,1710,-1408
114000102,173,334,-161
114000103,93,646,-553
114000104,13,461,-448
114000105,51,56,-5
114000106,1237,484,753
114000107,115,161,-46
114000108,2794,1649,1145
114000109,308,676,-368
114000110,455,2233,-1778
114000111,825,623,202
114000112,247,1857,-1610
114000113,455,367,88
114000114,1348,1867,-519
114000115,1297,797,500
114000116,381,966,-585
114000117,1582,442,1140
114000118,1357,454,903
114000119,896,364,532
114000120,606,1337,-731
114000121,377,676,-299
114000122,248,274,-26
114000123,886,287,599
114000124,429,374,55
114000125,860,2717,-1857
114000126,958,250,708
114000127,96,238,-142
114000128,641,722,-81
114000130,265,578,-313
114000131,114,60,54
114000132,600,869,-269
114000133,1254,1660,-406
114000134,65,297,-232
114000138,39,255,-216
114000139,300,129,171
114000144,625,352,273
114000145,128,284,-156
114000146,89,473,-384
114000147,995,1100,-105
114000148,2469,1454,1015
114000149,266,226,40
114000150,935,521,414
114000151,844,859,-15
114000152,86,33,53
114000153,894,1210,-316
114000154,751,491,260
114000155,1364,1580,-216
114000156,637,502,135
114000157,216,784,-568
114000158,2610,771,1839
114000159,205,388,-183
114000160,147,183,-36
114000161,1653,1625,28
114000162,796,1114,-318
114000163,12,219,-207
114000165,196,166,30
114000166,677,237,440
114000167,4812,1259,3553
114000168,864,861,3
114000169,1754,806,948
114000170,1035,715,320
114000171,795,1602,-807
114000174,195,613,-418
114000176,556,396,160
114000177,3102,933,2169
114000178,63,123,-60
114000179,1214,729,485
114000180,520,650,-130
114000181,1390,2307,-917
114000182,6251,2732,3519
114000183,1224,1297,-73
114000184,9454,1994,7460
114000185,911,1000,-89
114000189,470,66,404
114000190,1574,207,1367
114000191,31,73,-42
114000192,439,2279,-1840
114000193,1353,4829,-3476
114000194,1141,1699,-558
114000195,80,29,51
114000196,4,561,-557
114000197,763,22,741
114000198,1463,452,1011
114000199,2301,1153,1148
114000200,517,3185,-2668
114000201,186,1358,-1172
114000202,911,1241,-330
114000203,419,1168,-749
114000204,145,666,-521
114000205,209,2299,-2090
114000206,440,1359,-919
114000207,701,3181,-2480
114000208,516,4675,-4159
114000209,713,4383,-3670
114000210,418,2320,-1902
114000211,877,1926,-1049
114000212,583,787,-204
114000213,874,712,162
114000214,88,315,-227
114000215,112,87,25
114000216,855,373,482
114000217,144,402,-258
114000218,80,438,-358
114000219,623,394,229
114000220,3,1615,-1612
114000221,374,135,239
114000222,231,1431,-1200
114000223,341,108,233
114000224,163,1071,-908
114000225,184,734,-550
114000226,68,269,-201
114000227,522,559,-37
114000228,624,1201,-577
114000229,671,1575,-904
114000230,1377,1926,-549
114000231,699,1497,-798
114000232,427,195,232
114000233,1503,129,1374
114000234,867,1219,-352
114000235,693,2149,-1456
114000236,0,740,-740
114000237,72,1605,-1533
114000238,49,197,-148
114000239,195,1867,-1672
114000240,638,702,-64
114000241,222,1130,-908
114000242,1109,1031,78
114000243,1197,959,238
114000244,708,445,263
114000245,280,709,-429
114000246,97,36,61
114000247,756,868,-112
114000248,721,591,130
114000249,426,586,-160
114000250,342,749,-407
114000251,251,446,-195
114000252,52,156,-104
114000253,34,264,-230
114000254,24,141,-117
114000255,657,165,492
114000256,3160,965,2195
114000257,581,2276,-1695
114000258,203,659,-456
114000259,45,378,-333
114000260,0,28,-28
114000261,29,23,6
114000262,67,262,-195
114000263,13,0,13
114000264,582,950,-368
114000265,0,6,-6
114000267,3,1655,-1652
114000268,16,2999,-2983
114000270,97,2,95
114000271,429,140,289
114000283,573,602,-29
114000285,66,490,-424
114000288,60,613,-553
114000289,747,121,626
114000293,64,404,-340
114000294,142,419,-277
114000395,1191,79,1112
114000396,327,404,-77
114000402,251,454,-203
114000403,196,697,-501
114000405,87,804,-717
114000423,144,751,-607
114000424,222,330,-108
114000425,333,845,-512
114000426,262,657,-395
114000427,55,133,-78
114000428,297,103,194
114000429,21,305,-284
114000432,44,156,-112
114000434,12,169,-157
114000435,2,175,-173
114900001,366,1797,-1431
114900002,453,109,344
114900003,395,2906,-2511
114900004,124,238,-114
114900005,261,1303,-1042
114900006,29,50,-21
114900007,102,12,90
114900008,75,66,9
114900010,3175,1523,1652
114900011,89,125,-36
114900013,102,99,3
114900015,32,214,-182
114900018,804,72,732
114900020,126,61,65
114900021,111,111,0
114900022,3,930,-927
114900024,124,164,-40
114900025,179,315,-136
114900026,31,78,-47
114900027,160,298,-138
114900029,21,18,3
114900030,157,258,-101
114900031,118,23,95
114900032,172,55,117
114900033,1634,255,1379
114900034,58,335,-277
114900035,179,327,-148
114900036,247,1460,-1213
114900037,130,329,-199
114900038,160,1258,-1098
114900039,329,1035,-706
114900040,53,341,-288
114900041,308,885,-577
114900042,448,1207,-759
114900043,932,404,528
114900044,36,19,17
114900045,88,306,-218
114900046,94,170,-76
114900047,202,1138,-936
114900048,76,241,-165
114900049,15,308,-293
114900050,27,773,-746
114900051,27,763,-736
114900052,82,285,-203
114900053,62,268,-206
114900054,47,177,-130
114900057,200,7,193
114900058,1,45,-44
114900059,31,25,6
114900060,1672,476,1196
114900061,120,303,-183
114900062,236,316,-80
114900063,58,420,-362
114900064,729,966,-237
114900065,211,729,-518
114900067,26,465,-439
114900068,75,217,-142
114900069,277,220,57
114900070,259,844,-585
114900072,15,296,-281
114900073,0,198,-198
114900074,232,1316,-1084
114900075,150,2,148
114900076,6,408,-402
114900080,4007,595,3412
114900082,4430,1386,3044
114900083,902,954,-52
114900084,45,101,-56
114900090,159,161,-2
114900091,116,227,-111
114900095,486,132,354
114900096,446,726,-280
114900097,85,2,83
114900098,2,274,-272
114900099,69,7,62
115000001,10395,6728,3667
115000002,2894,3099,-205
115000003,4316,4988,-672
115000004,2279,4266,-1987
115000005,1229,3499,-2270
115000006,505,1332,-827
115000007,61,208,-147
115000008,406,387,19
115000009,162,343,-181
115000010,230,166,64
115000013,96,132,-36
115000015,61,222,-161
115000016,222,323,-101
115000019,20,520,-500
115000020,201,595,-394
115000021,362,528,-166
115000022,581,442,139
115000023,311,433,-122
115000024,1376,659,717
115000025,840,503,337
115000026,219,554,-335
115000027,175,368,-193
115000028,206,859,-653
115000029,352,201,151
115000030,520,1070,-550
115000031,833,391,442
115000032,9,261,-252
115000033,166,18,148
115000034,165,1257,-1092
115000035,1044,68,976
115000036,1,358,-357
115000037,325,7,318
115000038,29,226,-197
115000039,3568,2252,1316
115000040,7875,3615,4260
115000041,893,2441,-1548
115000042,1169,877,292
115000043,2880,3261,-381
115000044,3207,5242,-2035
115000045,1893,2899,-1006
115000046,1335,2997,-1662
115000047,1406,2263,-857
115000048,1235,3322,-2087
115000049,1406,3296,-1890
115000050,2966,2091,875
115000051,2442,1875,567
115000052,3497,2167,1330
115000053,1382,1448,-66
115000054,870,1480,-610
115000055,147,395,-248
115000056,135,390,-255
115000057,259,393,-134
115000058,123,146,-23
115000059,188,153,35
115000061,189,88,101
115000062,120,353,-233
115000063,299,433,-134
115000064,207,250,-43
115000065,13,282,-269
115000067,229,19,210
115000069,50,455,-405
115000070,34,943,-909
115000071,118,10,108
115000072,23,117,-94
115000073,1347,51,1296
115000075,38,89,-51
115000076,3897,4344,-447
115000077,1249,4848,-3599
115000078,611,2269,-1658
115000079,905,2862,-1957
115000080,1690,3515,-1825
115000081,367,1144,-777
115000082,2872,3532,-660
115000083,1678,4300,-2622
115000084,1216,1410,-194
115000085,633,1157,-524
115000086,583,1199,-616
115000087,535,1754,-1219
115000088,1669,744,925
115000089,1833,1744,89
115000090,829,755,74
115000091,332,1508,-1176
115000092,363,371,-8
115000093,399,2,397
115000094,10903,5106,5797
115000095,8341,4757,3584
115000096,433,3164,-2731
115000097,579,770,-191
115000098,702,1047,-345
115000099,1735,4597,-2862
115000100,719,630,89
115000101,329,1913,-1584
115000102,296,277,19
115000103,382,1157,-775
115000105,62,289,-227
115000106,277,308,-31
115000107,143,738,-595
115000108,5022,3120,1902
115000109,7640,3045,4595
115000110,1290,1008,282
115000111,801,1612,-811
115000112,640,635,5
115000113,794,822,-28
115000114,2111,904,1207
115000116,4113,1551,2562
115000117,4787,2059,2728
115000118,1873,1580,293
115000119,1867,1908,-41
115000120,693,859,-166
115000121,1835,973,862
115000122,4767,1420,3347
115000123,2553,1703,850
115000124,726,731,-5
115000125,472,616,-144
115000126,147,282,-135
115000127,321,196,125
115000128,1505,910,595
115000129,267,204,63
115000130,303,1546,-1243
115000131,466,278,188
115000132,125,727,-602
115000133,282,457,-175
115000134,184,260,-76
115000135,165,322,-157
115000136,94,235,-141
115000137,107,245,-138
115000138,116,246,-130
115000139,163,324,-161
115000140,169,238,-69
115000141,118,445,-327
115000142,102,445,-343
115000143,425,581,-156
115000144,319,116,203
115000145,150,634,-484
115000146,284,255,29
115000147,432,739,-307
115000148,233,1838,-1605
115000149,368,220,148
115000150,737,1673,-936
115000151,551,519,32
115000152,568,2336,-1768
115000153,442,511,-69
115000154,448,427,21
115000155,558,1545,-987
115000156,1097,609,488
115000157,1089,1138,-49
115000158,802,366,436
115000159,833,547,286
115000160,694,787,-93
115000161,526,701,-175
115000162,628,495,133
115000163,738,721,17
115000164,648,548,100
115000165,316,339,-23
115000167,105,57,48
115000168,552,310,242
115000169,788,413,375
115000170,109,144,-35
115000171,211,137,74
115000172,2441,595,1846
115000173,238,361,-123
115000174,43,220,-177
115000175,64,100,-36
115000176,163,137,26
115000177,281,162,119
115000178,21,338,-317
115000179,18,46,-28
115000180,87,970,-883
115000181,308,160,148
115000182,458,568,-110
115000183,250,1454,-1204
115000186,537,327,210
115000187,177,875,-698
115000188,409,466,-57
115000189,289,449,-160
115000190,910,478,432
115000191,399,525,-126
115000194,210,143,67
115000195,358,206,152
115000196,80,150,-70
115000197,167,629,-462
115000198,204,259,-55
115000199,167,430,-263
115000200,212,121,91
115000201,112,541,-429
115000206,230,135,95
115000207,45,444,-399
115000208,724,924,-200
115000209,379,186,193
115000210,88,128,-40
115000211,217,328,-111
115000212,1602,355,1247
115000218,122,115,7
115000219,9,84,-75
115000224,199,69,130
115000225,69,76,-7
115000229,375,178,197
115000230,144,673,-529
115000231,259,3490,-3231
115000232,824,457,367
115000233,100,224,-124
115000234,24,336,-312
115000241,70,318,-248
115000242,51,358,-307
115000243,17,299,-282
115000244,6,124,-118
115000246,36,11,25
115000247,51,10,41
115000248,15,12,3
115000249,46,11,35
115000250,183,71,112
115000251,141,200,-59
115000252,35,187,-152
115000253,13,214,-201
115000258,193,238,-45
115000259,336,168,168
115000261,11,31,-20
115000262,19,26,-7
115000263,10,34,-24
115000264,13,33,-20
115000267,34,82,-48
115000268,51,129,-78
115000269,106,71,35
115000270,4,36,-32
115000272,85,245,-160
115000273,547,22,525
115000274,193,405,-212
115000280,3081,110,2971
115000281,993,233,760
115000282,2366,601,1765
115000284,248,85,163
115000296,816,12,804
115000297,213,117,96
115000298,107,220,-113
115000300,67,259,-192
115000302,198,270,-72
115000303,372,221,151
115000304,455,132,323
115000305,86,1560,-1474
115000306,119,663,-544
115000307,119,292,-173
115000308,65,20,45
115000310,566,1453,-887
115000311,390,1812,-1422
115000313,124,1037,-913
115000314,270,85,185
115000315,1363,365,998
115000316,51,100,-49
115000317,171,905,-734
115000318,646,322,324
115000319,50,430,-380
115000320,10,288,-278
115000321,496,17,479
115000322,66,363,-297
115000449,489,177,312
115000557,36,516,-480
115000558,217,66,151
115000587,245,440,-195
115000588,2285,4532,-2247
115000589,2733,3082,-349
115000590,1001,2063,-1062
115000591,1136,867,269
115000592,731,1754,-1023
115000593,1631,702,929
115000594,1026,1578,-552
115000609,45,122,-77
115000617,2772,1653,1119
115000624,97,32,65
115000633,423,2099,-1676
115000634,2890,1148,1742
115000635,276,150,126
115000638,1568,646,922
115000641,65,160,-95
115000642,406,304,102
115000643,150,614,-464
115000644,122,574,-452
115000646,801,1155,-354
115000647,140,615,-475
115000648,953,1993,-1040
115000893,3548,1082,2466
115000894,94,1444,-1350
115000895,276,977,-701
115000896,856,299,557
115000897,542,91,451
115000898,1077,262,815
115000899,1044,1117,-73
115000900,136,421,-285
115000901,88,101,-13
115000912,180,97,83
115000913,5,57,-52
115000915,18,0,18
115000916,37,34,3
115000917,0,6,-6
115000918,86,343,-257
115000919,3,12,-9
115000920,14,51,-37
115000921,1836,135,1701
115000922,853,533,320
115000923,381,754,-373
115000925,43,83,-40
115000927,6,17,-11
115000933,142,129,13
115900001,40,82,-42
115900002,76,234,-158
115900003,127,203,-76
115900004,2,52,-50
115900005,81,7,74
115900006,117,574,-457
115900008,18,30,-12
115900009,61,443,-382
115900010,121,298,-177
115900011,364,378,-14
115900012,58,136,-78
115900013,535,251,284
115900014,115,276,-161
115900015,48,198,-150
115900016,77,41,36
115900017,7,1,6
115900018,126,140,-14
115900019,1905,41,1864
115900020,34,1,33
115900021,2457,342,2115
115900022,1443,9,1434
115900023,7,2,5
115900025,56,169,-113
115900026,1094,526,568
115900027,1,510,-509
115900028,839,106,733
115900029,3,718,-715
115900030,83,4,79
115900031,293,201,92
115900032,324,1207,-883
115900033,2,63,-61
115900034,31,857,-826
115900035,46,150,-104
115900036,163,373,-210
115900037,30,817,-787
115900038,10,9,1
115900039,106,370,-264
115900041,433,289,144
115900042,10,13,-3
115900043,52,187,-135
115900044,217,311,-94
115900046,177,348,-171
115900047,80,68,12
115900049,100,257,-157
115900051,0,46,-46
115900052,11,327,-316
115900053,118,387,-269
115900054,68,50,18
115900055,15,178,-163
115900056,135,521,-386
115900057,4,5,-1
115900058,18,89,-71
115900060,78,178,-100
115900061,81,1,80
115900062,28,327,-299
115900063,54,15,39
115900064,192,250,-58
115900065,49,171,-122
115900066,183,300,-117
115900067,18,1147,-1129
115900068,4515,216,4299
115900069,57,211,-154
115900070,67,362,-295
115900071,1,861,-860
115900072,76,393,-317
115900073,28,32,-4
115900074,4,527,-523
115900075,21,466,-445
115900076,3,142,-139
115900077,6,420,-414
115900078,29,178,-149
115900079,130,11,119
115900080,718,301,417
115900081,18,108,-90
115900082,229,164,65
115900084,187,27,160
115900085,70,69,1
115900086,2279,665,1614
115900088,28,57,-29
115900089,135,926,-791
115900090,131,16,115
115900091,4,18,-14
115900092,15,267,-252
115900093,2,27,-25
115900094,5,533,-528
115900096,0,9,-9
115900097,13,773,-760
115900098,101,772,-671
115900099,21,107,-86
115900100,3,871,-868
115900101,131,758,-627
115900102,13,142,-129
115900103,216,381,-165
115900104,27,249,-222
115900105,85,1003,-918
115900106,24,45,-21
115900107,23,274,-251
115900108,42,59,-17
115900109,47,599,-552
115900110,2,19,-17
115900111,1,107,-106
115900112,41,1614,-1573
115900113,19,28,-9
115900114,9,206,-197
115900115,40,152,-112
115900116,67,1508,-1441
115900117,51,24,27
115900118,5,466,-461
115900119,61,102,-41
115900120,28,653,-625
115900121,100,337,-237
115900124,236,355,-119
115900125,133,53,80
115900126,400,93,307
115900127,392,49,343
115900128,10,51,-41
115900129,670,38,632
115900130,46,175,-129
115900131,296,34,262
115900132,271,16,255
115900134,199,10,189
115900135,610,558,52
115900137,6,1,5
115900139,219,234,-15
115900140,136,29,107
115900141,17,193,-176
115900142,34,52,-18
115900143,131,370,-239
115900144,28,290,-262
115900146,14,217,-203
115900147,193,241,-48
115900148,7,11,-4
115900149,39,22,17
115900150,38,87,-49
115900151,10,81,-71
115900152,77,575,-498
115900153,60,392,-332
115900154,866,355,511
115900155,0,117,-117
115900156,555,873,-318
115900157,76,520,-444
115900158,31,8,23
115900159,48,309,-261
115900160,6,0,6
115900161,65,295,-230
115900163,124,151,-27
115900164,217,34,183
115900165,3,115,-112
115900166,198,393,-195
115900168,31,188,-157
115900171,125,541,-416
115900172,36,224,-188
115900173,179,152,27
115900174,378,235,143
115900175,61,214,-153
115900178,5,1059,-1054
115900179,92,13,79
115900180,59,481,-422
115900181,113,371,-258
115900182,225,456,-231
115900183,255,100,155
115900184,2149,27,2122
115900187,13,116,-103
115900189,0,175,-175
115900190,511,836,-325
115900191,81,635,-554
115900192,7,85,-78
115900193,79,94,-15
115900194,355,45,310
115900195,539,1042,-503
115900198,240,297,-57
115900199,137,334,-197
115900200,323,466,-143
115900201,432,352,80
115900202,3,16,-13
115900203,13,12,1
115900204,0,0,0
115900205,40,9,31
115900206,69,165,-96
115900207,18,13,5
115900208,68,516,-448
115900209,3,178,-175
115900210,8,195,-187
115900211,3,342,-339
115900212,76,281,-205
115900213,13,32,-19
115900214,188,298,-110
115900215,24,27,-3
115900216,5,103,-98
115900217,2,98,-96
115900218,0,57,-57
115900219,40,59,-19
115900220,70,8,62
115900221,28,8,20
115900222,26,7,19
115900223,10,99,-89
115900224,1953,382,1571
115900225,57,36,21
115900226,42,42,0
115900227,27,48,-21
115900228,4,62,-58
115900229,3,77,-74
115900230,47,118,-71
115900231,105,4,101
115900232,18,2,16
115900233,43,18,25
115900234,33,15,18
115900235,2,40,-38
115900236,32,11,21
115900237,10,28,-18
115900238,19,16,3
115900239,28,47,-19
115900240,13,89,-76
115900241,86,125,-39
115900242,238,240,-2
115900243,32,13,19
115900244,12,25,-13
115900245,0,29,-29
115900246,41,2,39
115900247,2,2,0
115900248,11,7,4
115900249,2,17,-15
115900250,14,27,-13
115900251,0,9,-9
115900252,1,4,-3
115900253,4,29,-25
115900254,14,22,-8
115900255,12,14,-2
115900256,22,14,8
115900257,1,8,-7
115900258,0,2,-2
115900259,4,5,-1
115900260,5,2,3
115900261,13,1,12
115900262,6,1,5
115900263,3,3,0
115900264,5,9,-4
115900265,0,8,-8
115900266,4,12,-8
115900267,0,4,-4
115900268,5,18,-13
115900269,225,514,-289
115900270,225,1115,-890
116000001,20129,5469,14660
116000002,4206,5958,-1752
116000003,1619,1921,-302
116000004,1595,2029,-434
116000005,2926,3533,-607
116000006,1632,1303,329
116000007,4578,4667,-89
116000008,4312,1753,2559
116000009,1872,3135,-1263
116000010,1462,1037,425
116000011,925,2012,-1087
116000012,772,611,161
116000013,19204,4778,14426
116000014,23447,7889,15558
116000015,790,946,-156
116000016,10330,2357,7973
116000017,33,581,-548
116000018,914,552,362
116000019,712,319,393
116000020,465,1472,-1007
116000021,293,228,65
116000022,277,576,-299
116000023,753,570,183
116000024,680,2152,-1472
116000025,584,535,49
116000026,1843,3012,-1169
116000027,780,526,254
116000028,373,507,-134
116000029,1091,601,490
116000030,416,278,138
116000031,177,230,-53
116000032,125,260,-135
116000033,162,321,-159
116000034,514,553,-39
116000035,170,602,-432
116000036,2659,1101,1558
116000037,1099,621,478
116000038,627,321,306
116000039,849,471,378
116000040,1120,528,592
116000041,444,918,-474
116000042,497,444,53
116000043,111,575,-464
116000044,8,69,-61
116000045,1418,1043,375
116000046,1345,1147,198
116000047,2016,1894,122
116000048,2217,1614,603
116000049,959,1815,-856
116000050,1392,1393,-1
116000051,3489,1662,1827
116000052,3901,3887,14
116000053,1569,1065,504
116000054,659,2221,-1562
116000055,357,1379,-1022
116000056,544,1122,-578
116000057,3532,2143,1389
116000058,4021,1999,2022
116000059,3836,4279,-443
116000060,3499,855,2644
116000061,271,734,-463
116000062,638,306,332
116000063,566,1097,-531
116000066,161,478,-317
116000067,297,584,-287
116000068,186,242,-56
116000069,246,502,-256
116000078,308,907,-599
116000080,1383,1129,254
116000082,26,182,-156
116000083,929,333,596
116000084,2615,4256,-1641
116000085,1698,1222,476
116000086,2405,1367,1038
116000087,1002,1160,-158
116000088,878,1718,-840
116000089,145,127,18
116000090,126,172,-46
116000091,290,69,221
116000093,669,1551,-882
116000094,460,951,-491
116000095,523,1163,-640
116000096,528,1334,-806
116000097,428,1081,-653
116000098,36,4212,-4176
116000099,12672,536,12136
116000100,103,17,86
116000101,468,2098,-1630
116000102,166,1720,-1554
116000103,413,240,173
116000104,249,2353,-2104
116000105,718,234,484
116000106,299,1428,-1129
116000107,1403,516,887
116000108,158,182,-24
116000111,65,19,46
116000113,116,57,59
116000114,25,166,-141
116000115,135,66,69
116000116,223,621,-398
116000117,1049,1852,-803
116000118,1000,1882,-882
116000119,1930,1708,222
116000120,2940,5777,-2837
116000121,531,406,125
116000122,1515,3049,-1534
116000123,451,494,-43
116000124,354,1560,-1206
116000125,1828,688,1140
116000126,322,1994,-1672
116000127,1246,2149,-903
116000128,1120,767,353
116000129,795,200,595
116000130,295,304,-9
116000133,375,1012,-637
116000134,1387,3888,-2501
116000135,1137,1365,-228
116000136,947,3197,-2250
116000137,565,578,-13
116000138,1729,540,1189
116000139,1714,2860,-1146
116000140,123,211,-88
116000141,387,1245,-858
116000142,4805,4632,173
116000143,1962,1484,478
116000144,1259,3791,-2532
116000145,1379,1582,-203
116000146,257,566,-309
116000147,216,145,71
116000148,306,510,-204
116000149,441,590,-149
116000151,500,1179,-679
116000153,58,454,-396
116000155,208,252,-44
116000156,776,2240,-1464
116000157,40,29,11
116000158,207,342,-135
116000159,5,19,-14
116000160,17,205,-188
116000161,5,170,-165
116000162,180,77,103
116000163,10,9,1
116000164,4,25,-21
116000177,263,101,162
116000194,73,538,-465
116000195,1540,649,891
116000196,15,18,-3
116000197,0,10,-10
116000198,2640,1180,1460
116000200,870,278,592
116000201,670,657,13
116000202,11,359,-348
116000203,4,116,-112
116000204,19,46,-27
116000205,0,220,-220
116000206,0,121,-121
116000207,4,44,-40
116000233,175,1179,-1004
116000287,96,734,-638
116000288,107,329,-222
116000292,49,228,-179
116000296,14,183,-169
116000297,31,8,23
116000304,76,22,54
116000305,1,369,-368
116000346,156,253,-97
116000352,190,83,107
116000354,69,15,54
116000357,21,14,7
116000358,149,29,120
116000361,120,2,118
116000372,10714,2711,8003
116000381,92,4,88
116000388,0,54,-54
116000389,571,613,-42
116000445,258,1103,-845
116000446,242,1518,-1276
116000447,23,479,-456
116000448,595,318,277
116000563,1530,783,747
116000565,80,483,-403
116000568,60,232,-172
116000579,23,153,-130
116000584,14,25,-11
116000585,12,22,-10
116000586,215,149,66
116000587,303,480,-177
116000589,20,107,-87
116000590,68,91,-23
116000591,87,371,-284
116000592,12,240,-228
116000593,0,45,-45
116000594,385,796,-411
116000595,566,221,345
116000596,57,12,45
116000597,145,74,71
116000598,12,236,-224
116000602,120,426,-306
116000605,265,229,36
116000606,32,112,-80
116000607,2,115,-113
116000609,253,716,-463
116000611,56,818,-762
116000612,642,1853,-1211
116000613,299,369,-70
116000614,547,1143,-596
116000615,73,187,-114
116000616,45,145,-100
116000617,50,120,-70
116000618,3,242,-239
116000619,20,68,-48
116000620,71,42,29
116000621,37,96,-59
116000622,30,156,-126
116000624,100,60,40
116000628,1,313,-312
116000629,2,228,-226
116000630,31,1,30
116000631,13,0,13
116000632,126,425,-299
116000633,2,366,-364
116000634,69,5,64
116900001,200,151,49
116900002,355,6,349
116900003,9,104,-95
116900004,16,36,-20
116900005,209,81,128
116900006,156,169,-13
116900007,117,288,-171
116900008,242,628,-386
116900009,22,3,19
116900010,2,2555,-2553
116900011,12,57,-45
116900012,158,253,-95
116900013,8,323,-315
116900014,44,529,-485
116900015,202,127,75
116900016,98,1,97
116900017,3,1043,-1040
116900018,52,60,-8
116900019,6,627,-621
116900020,1646,359,1287
116900023,47,7,40
116900024,305,109,196
116900025,395,1500,-1105
116900026,261,1051,-790
116900027,20,70,-50
116900028,3,200,-197
116900029,3,19,-16
116900031,0,28,-28
116900032,6,605,-599
116900033,10,8,2
116900034,3,96,-93
116900035,92,243,-151
116900036,1,123,-122
116900038,6,1,5
116900041,58,18,40
116900042,1231,273,958
116900043,4,82,-78
116900045,209,64,145
116900047,150,44,106
116900049,39,401,-362
116900050,74,536,-462
116900051,31,364,-333
116900052,195,103,92
116900055,4,7,-3
116900057,10,449,-439
116900058,24,576,-552
116900059,4,369,-365
116900060,152,319,-167
116900062,0,10,-10
116900064,66,1571,-1505
116900065,12,126,-114
116900067,98,174,-76
116900068,123,411,-288
116900070,0,2,-2
116900072,11,733,-722
116900073,4,301,-297
116900074,7,71,-64
116900076,10,28,-18
116900077,9,266,-257
116900078,211,193,18
116900079,28,568,-540
116900080,10,39,-29
116900081,394,2087,-1693
116900082,226,1071,-845
116900083,43,101,-58
116900084,173,51,122
116900085,29,164,-135
116900086,28,345,-317
116900088,528,69,459
116900090,159,87,72
116900091,181,138,43
116900092,77,1069,-992
116900093,2298,2037,261
116900094,8575,2677,5898
116900095,450,248,202
116900096,116,141,-25
116900097,5560,2026,3534
116900098,1011,305,706
116900099,888,466,422
116900100,469,31,438
116900101,350,895,-545
116900103,2,2,0
116900104,30,80,-50
116900105,249,73,176
116900106,983,565,418
116900107,5828,1439,4389
116900110,21,1,20
116900111,161,1755,-1594
116900112,165,1725,-1560
116900113,4604,892,3712
116900116,95,326,-231
116900117,28,158,-130
116900118,1237,660,577
116900120,159,201,-42
116900121,22,71,-49
116900122,400,1358,-958
116900123,91,1313,-1222
116900124,173,1177,-1004
116900125,218,376,-158
116900126,414,641,-227
116900128,3,87,-84
116900129,3,491,-488
116900130,1459,1998,-539
116900131,81,195,-114
116900132,26,107,-81
116900133,50,165,-115
116900134,149,338,-189
116900136,142,172,-30
116900137,275,257,18
116900138,131,278,-147
116900139,81,496,-415
116900140,150,209,-59
116900141,506,385,121
116900142,8,31,-23
116900143,254,909,-655
116900144,21,62,-41
116900145,84,489,-405
116900147,658,328,330
116900148,0,23,-23
116900149,20,169,-149
116900150,21,9,12
116900151,51,21,30
116900153,79,71,8
116900154,730,230,500
116900155,72,58,14
116900157,206,372,-166
116900158,99,116,-17
116900159,31,225,-194
116900160,852,285,567
116900161,12481,4367,8114
116900162,8,219,-211
116900163,62,206,-144
116900164,43,49,-6
116900165,172,137,35
116900166,22,149,-127
116900167,246,77,169
116900168,160,111,49
116900169,846,275,571
116900170,185,280,-95
116900171,34,376,-342
116900172,278,120,158
116900173,110,86,24
116900174,14,22,-8
116900175,178,143,35
116900178,11,240,-229
116900179,108,144,-36
116900180,90,33,57
116900182,520,290,230
116900183,97,102,-5
116900185,15,12,3
116900186,63,545,-482
116900187,19,22,-3
116900188,91,25,66
116900189,15,0,15
116900191,297,539,-242
116900192,186,316,-130
116900194,104,676,-572
116900195,25,8,17
116900196,16,159,-143
116900197,29,3,26
116900198,335,195,140
116900200,20,59,-39
116900201,43,6,37
116900202,164,48,116
116900203,159,4,155
116900204,56,67,-11
116900206,3,43,-40
116900207,16,41,-25
116900208,9,195,-186
116900209,11,211,-200
116900210,405,261,144
116900211,196,15,181
116900212,46,98,-52
116900213,180,320,-140
116900214,88,172,-84
116900215,45,114,-69
116900216,212,499,-287
116900218,13,409,-396
116900219,1025,407,618
116900220,64,244,-180
116900221,48,302,-254
116900222,348,337,11
116900223,81,260,-179
116900226,43,121,-78
116900227,117,102,15
116900228,189,322,-133
116900230,47,558,-511
116900231,20,686,-666
116900232,14,793,-779
116900233,161,123,38
116900234,13,4,9
116900235,119,470,-351
116900238,1652,435,1217
116900239,38,936,-898
116900240,8732,2934,5798
116900241,75,346,-271
116900242,545,273,272
116900243,22,254,-232
116900245,16,13,3
116900246,59,4,55
116900247,296,17,279
116900248,81,29,52
116900249,154,214,-60
116900250,177,41,136
116900251,563,299,264
116900252,62,1604,-1542
116900253,76,161,-85
116900254,10,111,-101
116900255,69,37,32
116900256,233,139,94
116900257,6,904,-898
116900258,2,540,-538
116900259,82,6,76
116900260,1,210,-209
116900261,33,2,31
116900262,85,171,-86
116900263,0,13,-13
116900264,2,2,0
116900265,12,1,11
116900266,5,84,-79
116900267,1,2,-1
116900268,17,18,-1
116900269,287,571,-284
116900271,3158,102,3056
116900272,576,806,-230
116900273,348,55,293
116900274,62,107,-45
116900275,106,200,-94
116900276,599,42,557
116900277,903,15,888
116900278,4,20,-16
116900279,0,47,-47
116900280,15,45,-30
116900281,11340,2644,8696
116900282,5,234,-229
116900283,26,209,-183
116900284,35,342,-307
116900285,425,446,-21
116900286,288,20,268
116900287,4,146,-142
116900288,30,191,-161
116900289,3,51,-48
116900290,4,59,-55
116900291,6,16,-10
116900292,0,8,-8
116900293,25,132,-107
116900294,32,193,-161
116900295,72,115,-43
116900296,21,39,-18
116900297,2,37,-35
116900298,51,26,25
116900299,39,57,-18
116900300,9,396,-387
116900301,59,30,29
116900302,1545,292,1253
116900303,511,50,461
116900304,2,88,-86
116900305,21,71,-50
116900306,59,200,-141
117000001,1503,1258,245
117000002,1866,5016,-3150
117000003,6286,2612,3674
117000004,5210,5778,-568
117000005,1261,1445,-184
117000006,1138,4121,-2983
117000007,2181,1007,1174
117000008,1375,5423,-4048
117000009,4068,1616,2452
117000010,3243,5523,-2280
117000011,1443,2065,-622
117000012,1219,2202,-983
117000013,1020,1394,-374
117000014,821,3037,-2216
117000015,3690,1277,2413
117000016,702,77,625
117000017,502,242,260
117000018,182,463,-281
117000019,172,0,172
117000020,864,1198,-334
117000021,4166,447,3719
117000022,785,92,693
117000023,816,114,702
117000024,680,146,534
117000025,1195,879,316
117000026,3449,764,2685
117000027,2643,787,1856
117000028,3754,500,3254
117000030,274,230,44
117000032,1912,1847,65
117000033,1668,1665,3
117000034,163,134,29
117000036,160,183,-23
117000038,194,406,-212
117000039,23,147,-124
117000040,100,1880,-1780
117000041,520,188,332
117000044,21,1691,-1670
117000045,243,75,168
117000046,469,896,-427
117000047,498,493,5
117000048,2620,2049,571
117000049,193,647,-454
117000050,131,3949,-3818
117000051,1609,174,1435
117000052,11,955,-944
117000053,162,106,56
117000054,1380,7,1373
117000055,24,5068,-5044
117000056,564,13,551
117000057,726,2894,-2168
117000060,435,2227,-1792
117000061,1424,791,633
117000062,162,710,-548
117000063,1398,712,686
117000064,1026,1166,-140
117000066,1691,970,721
117000067,113,317,-204
117000074,194,146,48
117000076,112,51,61
117000077,123,124,-1
117000078,135,795,-660
117000079,278,170,108
117000080,2,376,-374
117000081,734,115,619
117000082,9,61,-52
117000083,130,15,115
117000084,429,4,425
117000085,178,635,-457
117000086,1302,895,407
117000087,155,630,-475
117000088,247,223,24
117000089,1282,377,905
117000090,230,2114,-1884
117000091,540,387,153
117000092,369,2374,-2005
117000093,876,751,125
117000094,904,3707,-2803
117000095,2283,944,1339
117000096,600,3612,-3012
117000097,907,1384,-477
117000098,3231,7467,-4236
117000099,2503,1143,1360
117000100,155,208,-53
117000101,230,1858,-1628
117000102,1477,666,811
117000103,866,2412,-1546
117000104,1134,603,531
117000105,953,2545,-1592
117000106,864,974,-110
117000107,577,2754,-2177
117000108,1255,1103,152
117000109,1995,3879,-1884
117000110,1232,902,330
117000111,3961,5682,-1721
117000112,2710,2504,206
117000113,119,502,-383
117000114,131,183,-52
117000115,67,252,-185
117000116,79,296,-217
117000117,2119,819,1300
117000118,415,181,234
117000119,622,91,531
117000120,521,171,350
117000121,323,570,-247
117000122,744,1039,-295
117000123,2369,48,2321
117000124,1100,87,1013
117000125,472,78,394
117000126,77,68,9
117000127,299,613,-314
117000128,537,964,-427
117000129,423,54,369
117000130,136,0,136
117000131,0,72,-72
117000132,1545,12,1533
117000133,849,193,656
117000134,0,54,-54
117000135,7,38,-31
117000136,2,69,-67
117000137,45,54,-9
117000138,5,716,-711
117000140,577,2292,-1715
117000141,1598,680,918
117000181,1678,565,1113
117000182,227,295,-68
117000195,204,1873,-1669
117000196,167,89,78
117000225,153,0,153
117000226,25,139,-114
117000276,204,10,194
117000277,2,880,-878
117000310,2556,3162,-606
117000315,27,895,-868
117000320,54,0,54
117000906,158,13,145
117000907,19,592,-573
117000908,159,18,141
117000909,114,52,62
117000910,171,170,1
117000911,109,167,-58
117000915,17,954,-937
117000916,14,6,8
117000917,630,32,598
117000918,33,47,-14
117000919,9,187,-178
117000920,9,2413,-2404
117000921,12,3024,-3012
117000922,70,166,-96
117000924,467,621,-154
117000926,1754,103,1651
117000927,2969,495,2474
117000928,1,372,-371
117000929,89,690,-601
117000930,80,24,56
117000931,1314,79,1235
117900002,181,457,-276
117900003,1125,522,603
117900005,4,6,-2
117900006,1,54,-53
117900007,84,255,-171
117900008,0,38,-38
117900010,218,173,45
117900011,37,7,30
117900012,50,248,-198
117900013,1,433,-432
117900014,272,286,-14
117900015,19,251,-232
117900016,1756,542,1214
117900017,503,629,-126
117900018,245,30,215
117900019,243,748,-505
117900020,74,253,-179
117900021,28,155,-127
117900022,14,20,-6
117900023,855,221,634
117900024,83,134,-51
117900025,20,5,15
117900026,274,696,-422
117900028,75,7,68
117900029,227,1534,-1307
117900030,256,182,74
117900031,231,112,119
117900032,570,501,69
117900033,169,1238,-1069
117900034,9,55,-46
117900035,110,78,32
117900036,183,957,-774
117900037,63,181,-118
117900038,23,524,-501
117900039,2,115,-113
117900040,99,874,-775
117900041,4,62,-58
117900042,6268,622,5646
117900043,42,47,-5
117900044,473,2694,-2221
117900045,148,112,36
117900048,109,420,-311
117900049,150,966,-816
117900050,15,21,-6
117900051,74,7,67
117900052,54,292,-238
117900053,745,861,-116
117900054,2,13,-11
117900055,199,165,34
117900056,613,14,599
117900057,1142,1543,-401
117900058,1068,343,725
117900059,377,86,291
117900060,898,7601,-6703
117900061,12,210,-198
117900063,207,335,-128
117900065,904,1546,-642
117900066,9,29,-20
117900067,289,449,-160
117900069,646,700,-54
117900070,407,10,397
117900071,82,186,-104
117900073,256,595,-339
117900074,177,7,170
117900075,50,86,-36
117900076,7,41,-34
117900077,191,215,-24
117900078,236,456,-220
117900080,227,64,163
117900081,695,524,171
117900082,259,259,0
117900083,214,1042,-828
117900086,94,56,38
117900087,108,75,33
117900088,3574,2521,1053
117900089,1233,492,741
117900090,308,1133,-825
117900091,199,179,20
117900092,57,60,-3
117900093,29,88,-59
117900094,17,14,3
117900095,208,711,-503
117900096,64,298,-234
117900097,294,109,185
117900098,9,7,2
117900099,133,699,-566
117900100,130,1,129
117900101,496,1091,-595
117900102,46,80,-34
117900103,33,0,33
117900104,15,241,-226
117900105,130,316,-186
117900106,46,77,-31
117900107,15,1,14
117900109,411,428,-17
117900110,34,0,34
117900111,140,5,135
117900112,47,22,25
117900113,5693,1776,3917
117900114,6,0,6
117900115,427,44,383
117900116,937,1074,-137
117900117,418,640,-222
117900118,14,0,14
117900119,88,478,-390
117900120,95,256,-161
117900121,51,41,10
117900122,1434,1767,-333
117900123,664,1056,-392
117900124,730,869,-139
117900125,1393,1032,361
117900126,429,801,-372
117900127,434,796,-362
117900128,240,1366,-1126
117900129,27,0,27
117900130,1005,466,539
117900131,1,173,-172
117900132,8,134,-126
117900133,7,184,-177
117900134,40,270,-230
117900135,15,370,-355
117900136,0,86,-86
117900137,56,501,-445
117900138,1,86,-85
117900139,31,210,-179
117900140,6474,322,6152
117900141,320,315,5
117900142,133,16,117
117900144,114,147,-33
117900145,67,13,54
117900146,236,132,104
117900147,46,61,-15
117900148,3855,1099,2756
117900149,43,234,-191
117900150,21,141,-120
117900151,33,219,-186
117900152,150,125,25
117900153,18,151,-133
117900154,346,903,-557
117900156,925,804,121
117900157,75,559,-484
117900158,117,105,12
117900160,467,437,30
117900161,3043,3391,-348
117900162,262,417,-155
117900163,126,9,117
117900165,0,11,-11
117900166,121,232,-111
117900168,66,185,-119
117900169,0,209,-209
117900170,0,39,-39
117900171,1,21,-20
117900172,13,52,-39
117900173,188,68,120
117900174,17,67,-50
117900175,6,44,-38
117900176,5,49,-44
117900177,7,86,-79
117900178,107,37,70
117900180,343,29,314
117900181,227,263,-36
117900182,1,32,-31
117900183,38,172,-134
117900184,31,46,-15
117900185,17,48,-31
117900186,46,19,27
117900187,19,17,2
117900188,265,22,243
117900189,60,24,36
117900190,2,1,1
117900191,56,2,54
117900192,111,2,109
117900193,30,67,-37
117900194,1,5,-4
117900195,20,78,-58
117900196,11,16,-5
117900207,155,97,58
117900208,27,68,-41
117900209,140,182,-42
117900210,169,249,-80
117900211,16,302,-286
117900212,104,204,-100
117900213,7,14,-7
117900214,4,75,-71
117900216,4,32,-28
117900217,79,130,-51
117900218,126,161,-35
117900219,10,77,-67
117900220,112,77,35
117900221,23,6,17
118000001,889,470,419
118000002,1274,2044,-770
118000003,1844,1339,505
118000004,2674,1923,751
118000005,7810,2679,5131
118000006,10399,7511,2888
118000007,7708,2752,4956
118000008,5705,3276,2429
118000009,2428,3234,-806
118000010,3990,4508,-518
118000011,905,3697,-2792
118000012,1146,3500,-2354
118000013,4190,3641,549
118000014,2324,3583,-1259
118000016,255,494,-239
118000017,183,414,-231
118000018,260,650,-390
118000019,2276,1409,867
118000020,1603,1467,136
118000021,745,2006,-1261
118000022,2112,557,1555
118000023,1094,229,865
118000024,2178,745,1433
118000025,1438,952,486
118000027,21276,6047,15229
118000029,1509,595,914
118000032,2021,1995,26
118000033,2946,2477,469
118000034,6482,2162,4320
118000035,1448,1541,-93
118000036,1134,897,237
118000037,598,1115,-517
118000038,110,126,-16
118000039,58,443,-385
118000040,1414,2617,-1203
118000041,1869,1763,106
118000045,626,116,510
118000046,2241,558,1683
118000047,2154,737,1417
118000048,3924,1137,2787
118000051,3107,1546,1561
118000052,2062,992,1070
118000053,618,715,-97
118000054,2292,1608,684
118000055,1826,2385,-559
118000056,230,330,-100
118000057,319,532,-213
118000058,6592,1574,5018
118000059,3833,958,2875
118000060,681,909,-228
118000061,723,1486,-763
118000062,684,367,317
118000063,404,552,-148
118000064,1037,1386,-349
118000065,5805,1919,3886
118000066,885,1212,-327
118000067,1175,672,503
118000068,2122,3681,-1559
118000069,4049,1364,2685
118000070,9075,1727,7348
118000071,4470,5463,-993
118000072,2386,963,1423
118000073,2982,455,2527
118000074,448,461,-13
118000075,937,357,580
118000076,1185,1080,105
118000077,1508,1144,364
118000078,1793,1559,234
118000079,386,431,-45
118000080,1119,914,205
118000081,1499,1095,404
118000082,325,851,-526
118000083,2635,1279,1356
118000084,2677,1578,1099
118000086,209,506,-297
118000087,7289,2582,4707
118000088,1717,1642,75
118000089,4774,2371,2403
118000090,2297,2669,-372
118000091,2020,1665,355
118000092,1448,381,1067
118000093,127,649,-522
118000096,520,603,-83
118000097,555,524,31
118000098,223,199,24
118000099,333,1107,-774
118000101,642,279,363
118000102,284,1690,-1406
118000107,4798,589,4209
118000108,688,1404,-716
118000110,0,27,-27
118000111,4,809,-805
118000112,201,3,198
118000113,8,1613,-1605
118000114,213,13,200
118000115,17,16,1
118000116,41,2,39
118000117,1246,1120,126
118000118,734,637,97
118000119,840,1116,-276
118000120,1841,1965,-124
118000121,71,540,-469
118000122,1163,246,917
118000123,44,325,-281
118000125,1908,1459,449
118000126,570,1502,-932
118000127,1586,598,988
118000128,705,1379,-674
118000129,636,244,392
118000130,3079,4691,-1612
118000131,405,983,-578
118000132,2064,1515,549
118000133,453,449,4
118000135,390,309,81
118000136,115,565,-450
118000137,564,81,483
118000138,249,1229,-980
118000139,183,86,97
118000140,2388,3436,-1048
118000141,1556,2081,-525
118000142,1267,2326,-1059
118000143,1315,1058,257
118000144,1993,1293,700
118000145,1324,3095,-1771
118000146,976,1540,-564
118000147,670,1981,-1311
118000148,356,1420,-1064
118000149,649,1395,-746
118000150,298,229,69
118000151,230,544,-314
118000153,726,1319,-593
118000154,801,1928,-1127
118000155,746,1392,-646
118000156,2784,2312,472
118000157,479,368,111
118000158,141,518,-377
118000159,14,68,-54
118000160,346,435,-89
118000161,340,1132,-792
118000162,993,884,109
118000163,418,770,-352
118000164,2342,1499,843
118000168,1953,336,1617
118000169,1106,2007,-901
118000170,4075,7596,-3521
118000171,219,755,-536
118000172,120,292,-172
118000173,792,1293,-501
118000175,269,408,-139
118000176,203,420,-217
118000177,123,528,-405
118000178,69,55,14
118000179,1882,696,1186
118000180,839,912,-73
118000181,750,446,304
118000182,264,244,20
118000183,231,289,-58
118000184,475,1135,-660
118000185,1156,815,341
118000186,653,941,-288
118000187,885,956,-71
118000188,449,264,185
118000189,345,1111,-766
118000190,14,8,6
118000191,13,69,-56
118000192,76,109,-33
118000193,63,241,-178
118000194,1955,1154,801
118000195,1126,537,589
118000196,680,92,588
118000197,240,100,140
118000198,559,400,159
118000199,717,312,405
118000200,96,321,-225
118000201,632,358,274
118000202,69,67,2
118000203,1489,337,1152
118000204,164,217,-53
118000205,360,318,42
118000206,182,198,-16
118000207,0,153,-153
118000208,931,1752,-821
118000209,1562,2110,-548
118000210,37,42,-5
118000211,12,33,-21
118000213,1201,1374,-173
118000214,595,417,178
118000215,189,363,-174
118000216,1743,5690,-3947
118000217,14,134,-120
118000218,40,128,-88
118000219,541,387,154
118000220,1,24,-23
118000221,93,293,-200
118000222,63,14,49
118000223,15,37,-22
118000224,214,99,115
118000225,111,1336,-1225
118000226,788,127,661
118000227,975,341,634
118000228,203,191,12
118000229,340,47,293
118000230,100,432,-332
118000231,69,269,-200
118000232,585,1124,-539
118000233,568,1006,-438
118000234,189,472,-283
118000236,370,588,-218
118000237,40,849,-809
118000238,133,448,-315
118000239,243,375,-132
118000240,817,82,735
118000241,121,234,-113
118000242,314,867,-553
118000243,125,331,-206
118000244,26,226,-200
118000246,0,6,-6
118000255,36,248,-212
118000256,60,240,-180
118000259,2,83,-81
118000260,71,127,-56
118000261,6,153,-147
118000263,66,219,-153
118000266,92,658,-566
118000267,1,132,-131
118000268,422,3,419
118000270,20,66,-46
118000271,115,406,-291
118000272,65,49,16
118000273,77,113,-36
118000274,102,441,-339
118000276,318,430,-112
118000295,1,68,-67
118000298,226,484,-258
118000299,61,199,-138
118000301,1,77,-76
118000302,73,101,-28
118000311,146,145,1
118000312,173,256,-83
118000313,47,259,-212
118000314,51,118,-67
118000315,55,112,-57
118000316,448,662,-214
118000325,24,156,-132
118000326,40,53,-13
118000331,13,74,-61
118000332,11,97,-86
118000333,22,97,-75
118000335,101,0,101
118000336,0,561,-561
118000407,72,66,6
118000457,10,14,-4
118000465,5154,3007,2147
118000480,3,201,-198
118000489,26,124,-98
118000490,31,476,-445
118000492,99,259,-160
118000510,66,19,47
118000514,190,500,-310
118000515,608,443,165
118000517,443,203,240
118000524,878,179,699
118000525,896,1052,-156
118000530,10,130,-120
118000531,117,340,-223
118000532,157,332,-175
118000533,279,165,114
118000534,479,491,-12
118000535,193,135,58
118000536,1435,829,606
118000537,44,102,-58
118000538,19,197,-178
118000539,6,68,-62
118000540,268,434,-166
118000541,197,149,48
118000542,79,172,-93
118000543,295,267,28
118000546,36,24,12
118000560,4295,972,3323
118000562,31,535,-504
118000563,1878,1557,321
118000576,132,261,-129
118000577,124,107,17
118000578,120,103,17
118000579,748,1054,-306
118000595,119,66,53
118000596,0,94,-94
118000597,57,108,-51
118000598,7,0,7
118000599,9,48,-39
118000600,3,51,-48
118000601,13,0,13
118000602,0,37,-37
118000603,0,32,-32
118900001,1856,1015,841
118900002,1347,750,597
118900003,149,48,101
118900004,39,81,-42
118900005,52,7,45
118900006,65,5,60
118900007,4,4,0
118900008,1493,53,1440
118900009,16,24,-8
118900010,31,4,27
118900011,138,35,103
118900012,342,274,68
118900013,624,55,569
118900015,102,57,45
118900016,1,23,-22
118900017,139,204,-65
118900018,1611,15,1596
118900019,59,11,48
118900020,152,120,32
118900021,112,398,-286
118900022,92,97,-5
118900023,67,103,-36
118900024,38,250,-212
118900025,44,24,20
118900026,52,103,-51
118900027,443,242,201
118900028,59,230,-171
118900029,140,670,-530
118900030,139,57,82
118900031,106,161,-55
118900032,86,270,-184
118900033,316,851,-535
118900034,90,13,77
118900035,90,374,-284
118900036,613,940,-327
118900037,304,382,-78
118900038,192,473,-281
118900039,260,319,-59
118900040,146,208,-62
118900041,230,240,-10
118900042,165,97,68
118900045,156,172,-16
118900046,705,139,566
118900047,965,225,740
118900048,137,203,-66
118900049,63,60,3
118900050,13,180,-167
118900051,61,62,-1
118900052,185,373,-188
118900053,40,80,-40
118900054,92,57,35
118900055,38,196,-158
118900056,19,211,-192
118900057,420,285,135
118900058,332,541,-209
118900059,11,107,-96
118900060,46,134,-88
118900062,153,285,-132
118900064,921,441,480
118900065,52,225,-173
118900066,50,152,-102
118900067,7666,2190,5476
118900068,0,189,-189
118900069,261,283,-22
118900071,1,62,-61
118900072,377,523,-146
118900073,54,110,-56
118900074,75,211,-136
118900075,49,124,-75
118900076,210,88,122
118900077,239,234,5
118900078,38,6,32
118900079,58,255,-197
118900080,17,106,-89
118900081,30,18,12
118900082,555,208,347
118900083,9,18,-9
118900084,13,27,-14
118900085,540,1275,-735
118900086,15,49,-34
118900087,6,164,-158
118900088,0,26,-26
118900089,20,15,5
118900090,369,619,-250
118900091,263,130,133
118900092,70,150,-80
118900093,133,2,131
118900096,48,25,23
118900097,170,1116,-946
118900099,66,412,-346
118900100,140,325,-185
118900101,33,731,-698
118900102,14,100,-86
118900103,45,79,-34
118900104,80,207,-127
118900105,206,111,95
118900107,142,91,51
118900108,38,119,-81
118900109,1432,121,1311
118900110,2326,585,1741
118900111,256,963,-707
118900112,43,152,-109
118900113,65,946,-881
118900114,18,138,-120
118900115,112,512,-400
118900116,81,183,-102
118900117,77,201,-124
118900118,182,617,-435
118900119,100,308,-208
118900120,63,317,-254
118900121,6,428,-422
118900122,11,682,-671
118900123,120,213,-93
118900124,68,208,-140
118900126,25,305,-280
118900129,227,208,19
118900130,25,126,-101
118900131,80,395,-315
118900132,434,230,204
118900133,22,65,-43
118900135,125,297,-172
118900136,240,1119,-879
118900137,7,20,-13
118900139,84,854,-770
118900140,422,1172,-750
118900141,18,515,-497
118900144,84,827,-743
118900145,43,254,-211
118900146,271,1132,-861
118900147,138,63,75
118900148,56,120,-64
118900150,114,455,-341
118900152,572,1074,-502
118900157,131,156,-25
118900158,58,126,-68
118900159,3,377,-374
118900161,101,3,98
118900163,394,71,323
118900164,6,147,-141
118900165,30,432,-402
118900166,75,5,70
118900167,51,230,-179
118900168,9,81,-72
118900169,107,552,-445
118900170,67,182,-115
118900171,13,34,-21
118900174,53,58,-5
118900175,212,553,-341
118900176,116,200,-84
118900177,19,72,-53
118900178,63,110,-47
118900179,3,57,-54
118900181,63,126,-63
118900182,94,40,54
118900183,9,61,-52
118900184,173,84,89
118900185,68,152,-84
118900186,82,89,-7
118900187,148,401,-253
118900188,209,353,-144
118900189,41,561,-520
118900190,12,906,-894
118900191,115,95,20
118900192,115,67,48
118900193,202,14,188
118900195,513,1263,-750
118900196,39,246,-207
118900197,128,144,-16
118900198,18,73,-55
118900199,30,78,-48
118900200,4,10,-6
118900201,6,10,-4
118900202,4,49,-45
118900203,1,68,-67
118900204,7,35,-28
118900205,9,33,-24
118900206,3,48,-45
119000001,1018,1602,-584
119000002,2810,4286,-1476
119000003,1382,2037,-655
119000004,1782,1646,136
119000005,1566,1673,-107
119000006,1680,1716,-36
119000007,2702,3179,-477
119000008,1487,2517,-1030
119000009,3584,2813,771
119000010,9123,4482,4641
119000011,7142,2454,4688
119000012,6252,3623,2629
119000013,2281,1425,856
119000014,2606,4126,-1520
119000019,245,213,32
119000020,1216,1476,-260
119000021,2739,2234,505
119000022,4991,1870,3121
119000023,258,222,36
119000024,2364,7174,-4810
119000025,15348,1682,13666
119000026,241,253,-12
119000027,528,437,91
119000028,2266,1494,772
119000029,115,235,-120
119000030,396,1361,-965
119000031,565,764,-199
119000032,2846,2983,-137
119000033,2037,2086,-49
119000034,1036,1223,-187
119000035,32,374,-342
119000036,779,1473,-694
119000037,982,3145,-2163
119000038,115,1668,-1553
119000039,121,353,-232
119000040,1162,510,652
119000041,988,1061,-73
119000048,4153,4871,-718
119000049,1117,4531,-3414
119000050,1892,2744,-852
119000051,1962,1184,778
119000052,2322,3496,-1174
119000053,1737,1299,438
119000054,2783,5010,-2227
119000055,2521,4761,-2240
119000056,1669,2473,-804
119000057,1457,3342,-1885
119000058,1932,2825,-893
119000059,1009,1975,-966
119000060,1011,851,160
119000061,794,1160,-366
119000062,1095,1599,-504
119000063,331,302,29
119000064,1265,2004,-739
119000065,2103,4266,-2163
119000066,1765,1075,690
119000067,1882,3573,-1691
119000068,1025,1288,-263
119000069,1169,3388,-2219
119000070,1446,1368,78
119000071,539,1092,-553
119000072,8359,4747,3612
119000073,6735,6134,601
119000074,889,4604,-3715
119000075,874,2909,-2035
119000076,716,1081,-365
119000077,1059,617,442
119000078,370,317,53
119000079,61,817,-756
119000080,183,376,-193
119000081,299,441,-142
119000082,862,301,561
119000083,326,356,-30
119000084,257,684,-427
119000085,660,331,329
119000086,280,454,-174
119000087,2081,1365,716
119000088,343,243,100
119000089,57,188,-131
119000090,121,178,-57
119000091,146,406,-260
119000092,733,215,518
119000093,5018,4543,475
119000094,2024,6610,-4586
119000095,1177,3718,-2541
119000097,2678,2093,585
119000098,757,1798,-1041
119000099,2501,2329,172
119000100,2511,2534,-23
119000101,3942,3071,871
119000102,813,972,-159
119000103,1818,670,1148
119000104,4253,1932,2321
119000105,792,1202,-410
119000106,244,2774,-2530
119000107,437,602,-165
119000108,232,1900,-1668
119000109,202,498,-296
119000110,816,540,276
119000111,93,662,-569
119000112,219,162,57
119000113,4645,382,4263
119000114,756,721,35
119000115,204,220,-16
119000116,94,114,-20
119000117,119,416,-297
119000118,1,4,-3
119000123,3756,775,2981
119000124,429,270,159
119000125,1997,1653,344
119000126,177,1246,-1069
119000127,244,1197,-953
119000128,76,9,67
119000131,656,1501,-845
119000132,3,4,-1
119000133,3,14,-11
119000134,3021,622,2399
119000135,70,316,-246
119000136,138,444,-306
119000137,149,835,-686
119000138,190,699,-509
119000139,244,442,-198
119000140,109,427,-318
119000284,1681,3416,-1735
119000285,2903,2675,228
119000286,8220,6156,2064
119000287,1363,2698,-1335
119000288,1684,2263,-579
119000289,2386,4846,-2460
119000290,192,674,-482
119000291,4,503,-499
119000293,65,176,-111
119000294,23,30,-7
119000295,3014,730,2284
119000296,110,129,-19
119000302,4667,1673,2994
119000303,23,188,-165
119000314,1793,7104,-5311
119000315,2,961,-959
119000316,39,118,-79
119000317,30,608,-578
119900001,204,916,-712
119900002,57,363,-306
119900003,78,1852,-1774
119900004,445,447,-2
119900005,92,253,-161
119900006,171,480,-309
119900007,735,96,639
119900008,74,45,29
119900009,599,927,-328
119900010,2509,1734,775
119900011,20,76,-56
119900012,31,65,-34
119900013,1760,978,782
119900014,770,383,387
119900015,80,28,52
119900016,35,131,-96
119900017,20,60,-40
119900018,2090,392,1698
119900019,22,2,20
119900020,72,207,-135
119900021,92,90,2
119900022,133,304,-171
119900023,1080,575,505
119900025,97,48,49
119900026,1182,113,1069
119900027,11,51,-40
119900028,139,34,105
119900029,3,11,-8
119900030,542,493,49
119900031,22,246,-224
119900033,2996,233,2763
119900034,174,244,-70
119900037,91,50,41
119900038,33,192,-159
119900039,24,5,19
119900040,109,13,96
119900041,48,88,-40
119900042,63,200,-137
119900043,49,221,-172
119900044,196,356,-160
119900046,44,154,-110
119900047,157,84,73
119900048,4,48,-44
119900049,66,14,52
119900050,123,75,48
119900051,466,9,457
119900052,28,99,-71
119900053,71,314,-243
119900054,104,6,98
119900055,691,350,341
119900057,80,119,-39
119900058,125,3,122
119900059,141,64,77
119900060,108,9,99
119900061,166,10,156
119900062,39,58,-19
119900063,30,65,-35
119900064,253,63,190
119900065,164,4,160
119900066,1,1,0
119900067,55,60,-5
119900068,222,4,218
119900069,39,25,14
119900070,628,22,606
119900071,354,6,348
119900072,115,802,-687
119900073,2446,506,1940
119900074,22,15,7
119900075,8287,2413,5874
119900076,259,803,-544
119900077,375,2018,-1643
119900078,240,1081,-841
119900079,79,383,-304
119900080,219,380,-161
119900081,16,118,-102
119900082,763,834,-71
119900083,410,137,273
119900084,1040,218,822
119900085,168,103,65
119900086,82,853,-771
119900087,493,353,140
119900088,70,80,-10
119900089,10,925,-915
119900090,249,86,163
119900091,50,1703,-1653
119900092,22,719,-697
119900093,861,161,700
119900094,27,241,-214
119900095,187,116,71
119900096,60,149,-89
119900097,583,237,346
119900098,46,91,-45
119900099,32,394,-362
119900100,4068,2665,1403
119900101,262,1330,-1068
119900102,29,441,-412
119900103,54,822,-768
119900104,53,454,-401
119900105,1323,1784,-461
119900106,10,349,-339
119900107,490,5066,-4576
119900108,2736,918,1818
119900109,11,375,-364
119900110,521,922,-401
119900111,78,604,-526
119900112,3915,630,3285
119900113,76,672,-596
119900114,153,2298,-2145
119900115,132,2078,-1946
119900116,189,367,-178
119900117,166,1186,-1020
119900118,46,1835,-1789
119900119,128,358,-230
119900120,763,1013,-250
119900121,183,1985,-1802
119900122,284,525,-241
119900123,185,377,-192
119900124,111,1560,-1449
119900125,74,586,-512
119900126,7336,439,6897
119900127,4223,1337,2886
119900128,235,1146,-911
119900129,114,1328,-1214
119900130,57,372,-315
119900131,30,500,-470
119900132,2,549,-547
119900133,25,96,-71
119900134,3212,363,2849
119900135,0,821,-821
119900136,187,741,-554
119900138,474,819,-345
119900139,15,105,-90
119900140,1,220,-219
119900141,205,423,-218
119900142,16,33,-17
119900143,17,168,-151
119900144,2991,321,2670
119900145,84,374,-290
119900146,172,202,-30
119900147,1,131,-130
119900148,69,65,4
119900149,2463,3188,-725
119900150,175,326,-151
119900151,2019,975,1044
119900152,65,634,-569
119900153,97,55,42
119900154,4,399,-395
119900155,24,37,-13
119900156,12,7,5
119900157,54,417,-363
119900158,75,53,22
119900159,11,2909,-2898
119900160,19,385,-366
119900161,144,455,-311
119900162,837,982,-145
119900163,165,147,18
119900164,0,1,-1
119900165,64,429,-365
119900166,63,32,31
119900167,106,246,-140
119900168,427,536,-109
119900169,207,295,-88
119900170,186,236,-50
119900171,636,679,-43
119900172,147,17,130
119900173,4,866,-862
119900174,15,408,-393
119900175,712,862,-150
119900177,26,343,-317
119900178,6,364,-358
119900179,44,254,-210
119900180,764,740,24
119900181,38,68,-30
119900182,6,870,-864
119900183,113,1204,-1091
119900184,4993,884,4109
119900185,17,97,-80
119900186,62,419,-357
119900187,15,926,-911
119900188,33,492,-459
119900189,551,271,280
119900190,76,148,-72
119900191,351,136,215
119900192,41,264,-223
119900193,176,297,-121
119900194,15,46,-31
119900195,23,412,-389
119900196,3027,683,2344
119900197,149,145,4
119900198,83,622,-539
119900199,164,20,144
119900200,461,695,-234
119900201,623,368,255
119900202,168,125,43
119900203,163,338,-175
119900204,154,520,-366
119900205,254,967,-713
119900206,53,179,-126
119900208,165,174,-9
119900209,305,793,-488
119900210,18,58,-40
119900211,106,16,90
119900212,84,323,-239
119900213,10,65,-55
119900214,20,178,-158
119900215,21,127,-106
119900216,15,145,-130
119900217,6,112,-106
119900218,13,123,-110
119900219,4,191,-187
119900220,1,232,-231
119900221,28,756,-728
119900222,12,470,-458
119900223,7,220,-213
119900224,23,64,-41
119900225,2169,95,2074
119900226,1317,1719,-402
119900227,2101,480,1621
119900228,92,451,-359
119900229,347,680,-333
119900230,1663,854,809
119900231,139,306,-167
119900232,223,81,142
119900233,37,3,34
119900234,12,58,-46
119900235,14,21,-7
119900236,13,348,-335
119900237,55,950,-895
119900238,3,156,-153
119900240,52,178,-126
119900241,165,334,-169
119900242,2343,1572,771
119900244,938,2187,-1249
119900245,79,172,-93
119900246,264,372,-108
119900247,31,73,-42
119900248,36,77,-41
119900249,142,87,55
119900253,6033,496,5537
119900254,60,247,-187
119900255,70,683,-613
119900256,214,2212,-1998
119900257,22,2,20
119900258,36,11,25
119900259,7,318,-311
119900260,59,6,53
119900261,171,288,-117
119900262,1,437,-436
119900263,1139,572,567
119900264,33,447,-414
119900265,183,561,-378
119900266,135,392,-257
119900267,176,516,-340
119900268,186,371,-185
119900269,409,2354,-1945
119900271,19,154,-135
119900272,170,70,100
119900275,63,11,52
119900276,33,3,30
119900277,9,1,8
119900278,334,43,291
119900279,184,287,-103
119900280,1286,328,958
119900281,0,117,-117
119900282,35,17,18
119900283,2,528,-526
119900284,58,363,-305
119900285,25,55,-30
119900286,9,27,-18
119900288,4,44,-40
119900289,0,43,-43
119900290,3,36,-33
119900291,3,68,-65
119900292,37,15,22
119900293,11,44,-33
119900294,18,83,-65
119900295,3,38,-35
119900296,18,348,-330
119900297,3,37,-34
119900298,3,5,-2
119900299,23,336,-313
119900300,184,315,-131
119900301,202,95,107
119900302,117,109,8
119900303,260,338,-78
119900304,70,65,5
119900305,35,144,-109
119900306,10,0,10
119900307,46,249,-203
119900308,8,14,-6
119900309,19,68,-49
119900310,242,467,-225
119900311,39,239,-200
119900312,44,146,-102
119900313,252,559,-307
119900314,108,329,-221
119900315,525,3892,-3367
119900318,9,25,-16
119900319,7,528,-521
119900320,129,1037,-908
119900321,23,2,21
120000001,10701,10558,143
120000002,2415,3962,-1547
120000003,4670,2451,2219
120000004,3131,2887,244
120000005,6012,2821,3191
120000006,1237,1631,-394
120000007,4001,2703,1298
120000008,970,1659,-689
120000009,6275,1348,4927
120000010,1574,4248,-2674
120000011,1418,2853,-1435
120000012,1937,4508,-2571
120000013,2608,3871,-1263
120000014,645,2150,-1505
120000015,2764,2018,746
120000016,3432,2845,587
120000017,2107,2247,-140
120000018,6435,8828,-2393
120000019,712,1186,-474
120000020,3676,2849,827
120000021,2317,2105,212
120000022,3487,3914,-427
120000023,920,1973,-1053
120000024,1651,2984,-1333
120000025,1963,2800,-837
120000026,877,2151,-1274
120000027,1363,1922,-559
120000028,992,557,435
120000029,6862,653,6209
120000030,771,1145,-374
120000031,2253,10816,-8563
120000032,13588,4470,9118
120000033,3398,2479,919
120000034,1324,3111,-1787
120000035,1712,3237,-1525
120000036,2597,4987,-2390
120000037,608,1186,-578
120000038,14512,4266,10246
120000039,452,1370,-918
120000040,158,213,-55
120000041,773,2891,-2118
120000042,1840,6902,-5062
120000043,5359,4550,809
120000044,3492,1700,1792
120000045,3643,1392,2251
120000046,1912,2535,-623
120000047,3097,4065,-968
120000048,11446,4321,7125
120000049,3983,3512,471
120000050,3750,6152,-2402
120000051,4880,5683,-803
120000052,20589,3481,17108
120000053,951,5999,-5048
120000054,1694,9546,-7852
120000055,1294,6835,-5541
120000056,3672,7423,-3751
120000057,1704,1228,476
120000058,580,305,275
120000059,115,1337,-1222
120000061,102,1087,-985
120000062,210,434,-224
120000063,2453,4809,-2356
120000064,241,2620,-2379
120000065,902,3088,-2186
120000066,184,980,-796
120000067,48,1169,-1121
120000068,154,1736,-1582
120000069,654,2458,-1804
120000070,39,1536,-1497
120000071,131,263,-132
120000072,309,665,-356
120000073,299,158,141
120000074,55,151,-96
120000075,434,312,122
120000076,2258,480,1778
120000077,1349,524,825
120000078,3302,910,2392
120000079,126,103,23
120000080,70,170,-100
120000081,181,119,62
120000082,142,120,22
120000083,42,250,-208
120000084,542,723,-181
120000085,299,470,-171
120000086,314,923,-609
120000087,141,1724,-1583
120000088,681,2001,-1320
120000089,937,837,100
120000090,545,676,-131
120000091,716,1228,-512
120000092,991,697,294
120000093,213,577,-364
120000094,105,509,-404
120000095,797,1000,-203
120000096,207,1820,-1613
120000098,838,1524,-686
120000099,255,947,-692
120000100,672,1274,-602
120000101,436,646,-210
120000102,408,621,-213
120000103,915,580,335
120000104,1511,333,1178
120000105,2019,414,1605
120000106,1418,447,971
120000107,1957,561,1396
120000108,701,93,608
120000109,669,108,561
120000110,89,1368,-1279
120000111,138,2043,-1905
120000112,862,6232,-5370
120000113,683,4328,-3645
120000114,777,4208,-3431
120000115,397,3584,-3187
120000116,793,2848,-2055
120000117,1824,2218,-394
120000118,28,32,-4
120000119,34,89,-55
120000120,76,102,-26
120000121,23,74,-51
120000122,343,330,13
120000123,9096,4273,4823
120000124,338,688,-350
120000125,301,880,-579
120000126,214,850,-636
120000127,2857,803,2054
120000128,6233,2305,3928
120000129,337,378,-41
120000130,738,862,-124
120000131,213,554,-341
120000134,444,1974,-1530
120000135,204,386,-182
120000137,127,3327,-3200
120000138,305,743,-438
120000139,188,1628,-1440
120000140,356,997,-641
120000141,231,859,-628
120000142,271,939,-668
120000143,2,197,-195
120000144,51,4,47
120000145,151,2,149
120000146,3116,1188,1928
120000149,494,1274,-780
120000150,6877,12763,-5886
120000151,394,624,-230
120000152,319,403,-84
120000153,263,1108,-845
120000154,531,430,101
120000155,77,241,-164
120000156,2068,586,1482
120000157,947,939,8
120000158,714,1243,-529
120000159,1825,2667,-842
120000160,2271,1557,714
120000161,1116,3470,-2354
120000162,55,335,-280
120000163,347,2135,-1788
120000164,340,742,-402
120000165,277,1630,-1353
120000166,695,1027,-332
120000167,32,74,-42
120000168,17,155,-138
120000169,136,475,-339
120000170,170,328,-158
120000171,42,86,-44
120000172,25,57,-32
120000173,4610,253,4357
120000174,701,10,691
120000175,875,24,851
120000176,504,84,420
120000177,3217,501,2716
120000178,226,7,219
120000179,1080,53,1027
120000180,1485,168,1317
120000181,276,242,34
120000182,151,134,17
120000183,18,361,-343
120000184,185,2262,-2077
120000186,77,110,-33
120000187,109,50,59
120000188,356,73,283
120000190,2117,20,2097
120000191,3180,32,3148
120000192,3838,35,3803
120000193,1452,11,1441
120000195,259,6,253
120000196,634,90,544
120000197,170,247,-77
120000198,112,259,-147
120000199,59,0,59
120000200,47,2,45
120000201,7,16,-9
120000202,0,97,-97
120000203,24,539,-515
120000207,1,155,-154
120000208,8,480,-472
120000209,4,160,-156
120000210,234,201,33
120000211,49,0,49
120000212,56,0,56
120000213,75,606,-531
120000214,2,668,-666
120000215,4,314,-310
120000216,64,6,58
120000217,1306,2316,-1010
120000218,287,1847,-1560
120000219,15,1332,-1317
120000220,15,4508,-4493
120000225,871,3,868
120000226,165,1,164
120000227,613,33,580
120000228,11758,2781,8977
120000230,162,14,148
120000231,753,3890,-3137
120000233,155,40,115
120000235,163,1144,-981
120000236,708,3,705
120000237,2,3698,-3696
120000238,0,215,-215
120000241,1302,3670,-2368
120000412,2414,25,2389
120000413,107,593,-486
120000414,34,6,28
120000415,1,292,-291
120000416,36,10,26
120000417,3,156,-153
120000418,102,24,78
120000419,18,798,-780
120000420,47,45,2
120000421,20700,7664,13036
120000422,289,534,-245
120000423,6,56,-50
120000424,31,253,-222
120000436,126,435,-309
120000437,176,265,-89
120000438,6501,601,5900
120000439,133,337,-204
120000443,168,0,168
120000444,860,898,-38
120000445,1425,1323,102
120000446,1280,448,832
120000447,177,8,169
120000449,39,14,25
120000450,7,616,-609
120000451,119,347,-228
120000452,66,1,65
120000453,4,882,-878
120000454,64,39,25
120000455,46,100,-54
120000456,4123,3431,692
120000457,2595,1311,1284
120000458,683,1027,-344
120000459,90,126,-36
120000665,1997,253,1744
120000668,95,274,-179
120000669,90,611,-521
120000670,273,534,-261
120000671,721,294,427
120000672,83,700,-617
120900001,47,42,5
120900002,478,342,136
120900003,192,57,135
120900004,15,69,-54
120900005,24,2665,-2641
120900006,161,295,-134
120900007,87,217,-130
120900008,164,1861,-1697
120900009,183,40,143
120900010,277,81,196
120900011,433,84,349
120900012,1529,1003,526
120900013,204,60,144
120900014,2,1164,-1162
120900015,460,123,337
120900016,393,65,328
120900017,4195,127,4068
120900018,48,751,-703
120900019,467,138,329
120900020,879,786,93
120900021,445,87,358
120900022,33,638,-605
120900023,85,42,43
120900024,1988,619,1369
120900025,2613,1147,1466
120900026,65,348,-283
120900027,989,163,826
120900028,211,60,151
120900029,141,263,-122
120900030,811,634,177
120900031,109,61,48
120900032,419,279,140
120900033,676,34,642
120900034,51,2215,-2164
120900035,39,346,-307
120900037,82,1,81
120900038,57,136,-79
120900039,85,29,56
120900040,175,4,171
120900041,183,41,142
120900042,218,96,122
120900043,39,17,22
120900044,9,687,-678
120900045,123,271,-148
120900046,251,0,251
120900047,83,34,49
120900048,61,15,46
120900049,197,1,196
120900050,5649,1417,4232
120900051,190,173,17
120900052,340,3,337
120900053,134,115,19
120900054,1676,1222,454
120900055,215,3,212
120900056,261,17,244
120900057,85,30,55
120900058,296,0,296
120900059,53,0,53
120900060,47,54,-7
120900061,289,505,-216
120900062,84,0,84
120900063,273,4,269
120900064,214,2,212
120900065,218,18,200
120900066,141,484,-343
120900067,188,33,155
120900068,111,0,111
120900069,91,103,-12
120900071,25,1,24
120900072,319,4,315
120900073,235,350,-115
120900074,374,8,366
120900076,164,1,163
120900077,5750,359,5391
120900078,427,1341,-914
120900079,361,135,226
120900080,378,3915,-3537
120900081,505,1230,-725
120900082,877,535,342
120900083,49,29,20
120900084,179,275,-96
120900085,140,137,3
120900086,267,235,32
120900087,288,117,171
120900088,176,245,-69
120900089,7249,1556,5693
120900090,121,349,-228
120900091,427,369,58
120900092,1209,1118,91
120900093,5743,403,5340
120900094,661,323,338
120900095,284,37,247
120900096,31,204,-173
120900097,816,1726,-910
120900098,390,288,102
120900099,47,139,-92
120900100,80,523,-443
120900101,696,491,205
120900102,12,208,-196
120900103,30,214,-184
120900104,17,108,-91
120900105,41,1173,-1132
120900106,1641,1016,625
120900107,529,258,271
120900108,8,1349,-1341
120900109,55,1293,-1238
120900110,17,1364,-1347
120900111,187,625,-438
120900112,12,2235,-2223
120900113,42,1519,-1477
120900114,33,309,-276
120900115,139,194,-55
120900116,162,1098,-936
120900117,7,919,-912
120900118,5,1569,-1564
120900119,4891,5957,-1066
120900120,76,1151,-1075
120900121,166,705,-539
120900122,240,1144,-904
120900123,5,876,-871
120900124,5,1220,-1215
120900125,9,1713,-1704
120900126,1848,1134,714
120900127,6,830,-824
120900128,1253,1482,-229
120900129,58,599,-541
120900130,4,488,-484
120900131,29,106,-77
120900132,487,690,-203
120900133,279,1816,-1537
120900134,515,757,-242
120900135,5,1075,-1070
120900136,23,49,-26
120900137,135,168,-33
120900138,24,380,-356
120900139,4,1278,-1274
120900140,3,89,-86
120900141,105,171,-66
120900142,29,1428,-1399
120900143,3,1584,-1581
120900144,1,373,-372
120900145,169,1528,-1359
120900146,5,1904,-1899
120900147,2,570,-568
120900148,90,162,-72
120900149,2,699,-697
120900150,48,1021,-973
120900151,4,1317,-1313
120900152,0,116,-116
120900153,17,120,-103
120900154,2,564,-562
120900155,154,1896,-1742
120900156,16,704,-688
120900157,15,298,-283
120900158,46,846,-800
120900159,38,427,-389
120900160,34,540,-506
120900161,13,1424,-1411
120900162,22,1265,-1243
120900163,29,187,-158
120900164,2,2,0
120900165,0,3,-3
120900166,50,151,-101
120900167,399,121,278
120900169,31,760,-729
120900170,3529,1719,1810
120900171,1875,518,1357
120900172,2719,252,2467
120900173,2,125,-123
120900174,6,204,-198
120900175,381,313,68
120900176,22,321,-299
120900177,1,591,-590
120900178,1,319,-318
120900179,1120,712,408
120900180,157,160,-3
120900181,67,147,-80
120900182,7,1001,-994
120900183,566,142,424
120900184,265,126,139
120900185,8,589,-581
120900186,0,869,-869
120900187,312,954,-642
120900188,98,28,70
120900189,224,473,-249
120900190,29,40,-11
120900191,11,36,-25
120900192,19517,3325,16192
120900194,17,101,-84
120900195,137,455,-318
120900196,654,57,597
120900197,454,71,383
120900198,330,1037,-707
120900199,301,2150,-1849
120900200,187,167,20
120900201,956,243,713
120900202,1,390,-389
120900203,26,69,-43
120900204,275,594,-319
120900205,80,200,-120
120900206,9,17,-8
121000001,1207,1397,-190
121000002,2583,1399,1184
121000003,5437,2617,2820
121000004,2930,3802,-872
121000005,2604,3040,-436
121000006,3492,1419,2073
121000007,3554,3510,44
121000008,5954,3092,2862
121000009,8723,6365,2358
121000010,10468,4739,5729
121000011,13092,14110,-1018
121000012,18464,9483,8981
121000013,5886,8300,-2414
121000014,7600,6880,720
121000015,5258,6626,-1368
121000016,5033,3851,1182
121000017,1930,4001,-2071
121000018,2344,2237,107
121000019,26075,9451,16624
121000020,17259,9588,7671
121000021,2959,3778,-819
121000022,1610,1881,-271
121000023,5593,3901,1692
121000024,3330,3410,-80
121000025,755,999,-244
121000026,256,122,134
121000027,1551,1035,516
121000028,843,530,313
121000029,923,898,25
121000030,437,468,-31
121000031,625,730,-105
121000032,214,87,127
121000034,247,211,36
121000035,152,90,62
121000036,1183,865,318
121000037,617,692,-75
121000038,576,593,-17
121000039,383,339,44
121000041,367,576,-209
121000042,227,362,-135
121000043,911,724,187
121000044,1802,691,1111
121000045,411,475,-64
121000046,457,1113,-656
121000047,32,70,-38
121000049,1897,745,1152
121000050,316,1169,-853
121000051,647,409,238
121000052,274,677,-403
121000053,398,81,317
121000054,57,216,-159
121000055,1673,1109,564
121000056,978,1173,-195
121000057,154,351,-197
121000058,449,96,353
121000059,2080,1203,877
121000060,446,781,-335
121000061,147,194,-47
121000062,98,257,-159
121000063,670,491,179
121000064,383,430,-47
121000065,377,400,-23
121000066,277,380,-103
121000067,1225,395,830
121000068,621,360,261
121000069,972,312,660
121000070,1908,1558,350
121000071,1067,1004,63
121000072,1635,913,722
121000073,1052,939,113
121000074,131,139,-8
121000075,92,57,35
121000076,1738,336,1402
121000077,125,72,53
121000078,153,160,-7
121000080,3545,750,2795
121000081,3291,2243,1048
121000082,124,277,-153
121000083,305,131,174
121000084,187,101,86
121000085,339,616,-277
121000086,137,1030,-893
121000087,41,292,-251
121000088,433,841,-408
121000089,611,356,255
121000090,458,365,93
121000091,1948,877,1071
121000092,155,117,38
121000093,137,299,-162
121000094,572,575,-3
121000095,279,567,-288
121000096,2451,3147,-696
121000097,1742,2042,-300
121000098,244,1969,-1725
121000099,291,1163,-872
121000100,517,756,-239
121000101,174,385,-211
121000102,152,543,-391
121000103,129,437,-308
121000104,129,244,-115
121000105,263,375,-112
121000106,155,606,-451
121000107,2318,4581,-2263
121000109,1754,1455,299
121000110,347,535,-188
121000114,2937,2823,114
121000115,844,924,-80
121000116,525,1012,-487
121000117,1233,317,916
121000118,1160,372,788
121000119,197,341,-144
121000120,181,580,-399
121000121,452,1124,-672
121000123,1536,768,768
121000126,103,352,-249
121000127,180,103,77
121000128,581,674,-93
121000129,544,589,-45
121000130,427,1452,-1025
121000131,2473,1301,1172
121000132,1658,1473,185
121000135,632,605,27
121000136,1460,532,928
121000137,578,181,397
121000138,1098,735,363
121000139,631,176,455
121000141,219,134,85
121000142,1005,626,379
121000143,232,31,201
121000144,1586,1069,517
121000145,452,1476,-1024
121000146,1084,922,162
121000147,572,558,14
121000148,772,1302,-530
121000149,1703,1323,380
121000152,492,676,-184
121000153,1906,728,1178
121000154,762,776,-14
121000155,1301,1219,82
121000156,373,1105,-732
121000157,1956,2255,-299
121000158,369,721,-352
121000159,152,703,-551
121000160,266,938,-672
121000161,131,483,-352
121000162,53,421,-368
121000165,2412,1706,706
121000166,28,438,-410
121000168,225,349,-124
121000169,39,208,-169
121000170,220,114,106
121000171,47,183,-136
121000172,390,541,-151
121000173,1448,900,548
121000174,168,497,-329
121000175,671,654,17
121000176,356,338,18
121000177,935,726,209
121000178,86,95,-9
121000179,82,69,13
121000181,337,463,-126
121000182,70,154,-84
121000183,39,81,-42
121000184,38,89,-51
121000185,16,165,-149
121000186,122,271,-149
121000187,146,368,-222
121000188,69,390,-321
121000192,493,421,72
121000193,581,499,82
121000194,3017,2419,598
121000195,378,1124,-746
121000196,514,215,299
121000197,313,1032,-719
121000198,237,65,172
121000199,112,585,-473
121000200,317,93,224
121000201,9,283,-274
121000202,164,10,154
121000203,726,3166,-2440
121000204,1741,732,1009
121000205,106,367,-261
121000206,115,35,80
121000207,1143,625,518
121000208,9,611,-602
121000209,146,555,-409
121000210,224,771,-547
121000211,176,172,4
121000212,347,1090,-743
121000213,12074,2906,9168
121000214,916,1580,-664
121000215,1524,891,633
121000216,439,435,4
121000217,4963,2584,2379
121000218,519,1997,-1478
121000219,1347,428,919
121000220,429,104,325
121000221,212,248,-36
121000222,3401,2786,615
121000223,838,427,411
121000224,304,122,182
121000225,1546,1019,527
121000226,3361,738,2623
121000227,5,258,-253
121000228,13,1069,-1056
121000229,77,546,-469
121000230,54,2229,-2175
121000231,499,34,465
121000232,373,209,164
121000233,452,365,87
121000234,9,62,-53
121000235,34,56,-22
121000236,2,68,-66
121000237,82,17,65
121000238,1,83,-82
121000239,22,6,16
121000240,12,233,-221
121000241,101,15,86
121000242,50,157,-107
121000243,509,44,465
121000244,3,93,-90
121000245,12,12,0
121000246,1,73,-72
121000247,25,7,18
121000248,470,581,-111
121000249,135,281,-146
121000250,282,83,199
121000251,23,792,-769
121000252,43,50,-7
121000253,136,691,-555
121000254,282,310,-28
121000255,144,210,-66
121000256,403,244,159
121000257,81,90,-9
121000258,65,80,-15
121000259,19,54,-35
121000260,62,164,-102
121000261,53,53,0
121000262,1185,687,498
121000263,406,578,-172
121000271,253,1972,-1719
121000273,111,16,95
121000274,4,69,-65
121000275,6,34,-28
121000276,3,20,-17
121000278,27,84,-57
121000279,42,12,30
121000280,50,64,-14
121000289,314,34,280
121000290,1442,720,722
121000294,78,295,-217
121000297,1125,863,262
121000299,73,255,-182
121000300,754,685,69
121000302,122,809,-687
121000303,428,390,38
121000304,449,72,377
121000305,99,78,21
121000306,100,192,-92
121000308,179,529,-350
121000309,471,806,-335
121000310,99,560,-461
121000311,83,1009,-926
121000312,360,273,87
121000313,701,615,86
121000314,119,97,22
121000315,62,97,-35
121000530,917,1987,-1070
121000531,915,1781,-866
121000532,6541,5367,1174
121000533,2574,2662,-88
121000918,42,291,-249
121000919,28,92,-64
121000938,448,229,219
121000939,557,192,365
121000956,583,2037,-1454
121000957,2,16,-14
121000958,149,57,92
121000959,381,1309,-928
121000960,1384,3164,-1780
121000961,91,70,21
121000962,346,835,-489
121000973,3,394,-391
121000976,17,145,-128
121000979,328,89,239
121000981,279,116,163
121000982,129,311,-182
121000983,452,565,-113
121000984,34,58,-24
121000985,308,987,-679
121000986,98,452,-354
121000987,259,2359,-2100
121000988,452,123,329
121001302,355,165,190
121001308,6,10,-4
121001309,89,117,-28
121001313,93,460,-367
121001314,4216,4909,-693
121001315,4441,1632,2809
121900001,63,214,-151
121900002,37,22,15
121900003,350,6,344
121900004,115,510,-395
121900005,7,16,-9
121900006,72,7,65
121900007,2696,2336,360
121900008,2119,164,1955
121900009,668,21,647
121900010,195,1,194
121900011,242,492,-250
121900012,2,0,2
121900013,1293,43,1250
121900014,1242,374,868
121900015,143,224,-81
121900016,12,37,-25
121900017,383,636,-253
121900018,312,12,300
121900019,178,250,-72
121900020,18,0,18
121900021,606,15,591
121900022,151,199,-48
121900023,117,560,-443
121900024,508,85,423
121900025,444,435,9
121900026,344,46,298
121900027,233,222,11
121900028,204,17,187
121900029,253,260,-7
121900030,595,487,108
121900031,1364,4277,-2913
121900032,76,106,-30
121900033,162,137,25
121900034,245,78,167
121900035,2827,1644,1183
121900036,82,546,-464
121900037,159,766,-607
121900038,29,195,-166
121900039,362,46,316
121900040,65,99,-34
121900041,50,150,-100
121900042,274,108,166
121900043,0,6,-6
121900044,386,56,330
121900046,276,240,36
121900047,189,51,138
121900048,19,183,-164
121900050,20,35,-15
121900051,105,159,-54
121900052,110,51,59
121900053,278,231,47
121900054,493,953,-460
121900055,1,17,-16
121900058,135,282,-147
121900059,275,107,168
121900060,126,358,-232
121900061,178,180,-2
121900062,112,59,53
121900063,832,398,434
121900064,153,918,-765
121900066,36,26,10
121900067,11,41,-30
121900069,188,133,55
121900070,144,124,20
121900071,113,293,-180
121900072,23,182,-159
121900073,224,205,19
121900074,917,546,371
121900075,563,332,231
121900076,355,683,-328
121900077,11,78,-67
121900078,36,56,-20
121900079,0,0,0
121900080,627,642,-15
121900082,22,164,-142
121900084,1,243,-242
121900085,0,14,-14
121900086,6,76,-70
121900087,243,132,111
121900088,2936,2681,255
121900089,100,447,-347
121900090,8,181,-173
121900091,20,176,-156
121900092,80,164,-84
121900093,48,93,-45
121900094,7,5,2
121900095,140,72,68
121900096,1655,601,1054
121900097,258,159,99
121900098,2,5,-3
121900099,135,116,19
121900100,259,227,32
121900101,112,118,-6
121900102,15,138,-123
121900103,519,290,229
121900104,1137,272,865
121900105,122,105,17
121900106,2,5,-3
121900107,18,33,-15
121900108,0,29,-29
121900109,333,125,208
121900110,241,1677,-1436
121900111,1030,113,917
121900112,85,111,-26
121900113,81,267,-186
121900114,33,78,-45
121900115,122,390,-268
121900117,192,25,167
121900118,2500,435,2065
121900119,114,151,-37
121900120,19,1381,-1362
121900121,507,71,436
121900122,22,56,-34
121900123,217,472,-255
121900124,123,246,-123
121900125,1020,1091,-71
121900127,3,91,-88
121900128,43,184,-141
121900129,1179,126,1053
121900130,95,186,-91
121900131,224,128,96
121900132,76,194,-118
121900133,81,364,-283
121900134,8,129,-121
121900135,2931,294,2637
121900136,161,526,-365
121900137,59,321,-262
121900138,137,301,-164
121900139,289,430,-141
121900140,57,213,-156
121900141,49,26,23
121900142,42,200,-158
121900143,5,135,-130
121900144,241,334,-93
121900145,193,213,-20
121900146,657,782,-125
121900147,38,232,-194
121900148,125,286,-161
121900149,374,751,-377
121900150,95,167,-72
121900151,54,226,-172
121900152,71,191,-120
121900153,110,525,-415
121900154,13,146,-133
121900155,7,81,-74
121900156,176,132,44
121900157,1,515,-514
121900158,51,88,-37
121900159,2,220,-218
121900160,63,247,-184
121900161,479,371,108
121900162,103,113,-10
121900163,81,910,-829
121900164,392,238,154
121900165,164,245,-81
121900166,74,216,-142
121900167,145,98,47
121900168,219,152,67
121900169,4,341,-337
121900170,7,254,-247
121900171,436,840,-404
121900172,353,414,-61
121900173,1069,161,908
121900174,20,64,-44
121900175,183,157,26
121900176,467,2121,-1654
121900177,146,58,88
121900179,209,160,49
121900180,7047,2964,4083
121900182,575,358,217
121900183,401,451,-50
121900184,36,646,-610
121900186,11,436,-425
121900187,22,125,-103
121900188,623,338,285
121900189,33,108,-75
121900190,157,595,-438
121900191,70,144,-74
121900192,402,531,-129
121900194,4,197,-193
121900195,109,128,-19
121900196,738,877,-139
121900197,358,2578,-2220
121900198,1056,1046,10
121900199,1,38,-37
121900200,49,216,-167
121900201,1298,529,769
121900202,132,339,-207
121900203,293,929,-636
121900204,1430,986,444
121900205,57,257,-200
121900206,9,19,-10
121900207,165,51,114
121900208,162,372,-210
121900209,39,33,6
121900210,1038,1131,-93
121900211,8,150,-142
121900212,132,128,4
121900213,66,141,-75
121900214,6,469,-463
121900215,33,97,-64
121900216,27,81,-54
121900217,215,84,131
121900218,276,409,-133
121900219,246,51,195
121900220,201,9,192
121900221,238,678,-440
121900222,120,238,-118
121900223,172,99,73
121900224,63,84,-21
121900225,111,81,30
121900226,327,1410,-1083
121900227,116,387,-271
121900228,198,271,-73
121900229,213,286,-73
121900230,90,100,-10
121900231,628,458,170
121900232,316,428,-112
121900233,323,313,10
121900234,193,519,-326
121900235,293,292,1
121900236,214,128,86
121900237,206,275,-69
121900238,138,210,-72
121900239,86,48,38
121900240,135,164,-29
121900241,29,92,-63
121900242,1,0,1
121900243,2,0,2
121900244,5,1,4
121900245,156,223,-67
121900246,1503,433,1070
121900247,285,299,-14
121900248,1632,875,757
121900250,354,335,19
121900251,363,37,326
121900252,603,161,442
121900253,101,874,-773
121900254,538,273,265
121900255,185,110,75
121900258,3317,1783,1534
121900259,365,548,-183
121900260,74,215,-141
121900261,129,483,-354
121900262,324,762,-438
121900263,143,273,-130
121900264,2800,1566,1234
121900265,165,378,-213
121900266,177,195,-18
121900267,24,27,-3
121900269,146,344,-198
121900270,13,189,-176
121900271,49,214,-165
121900273,462,1360,-898
121900274,171,295,-124
121900276,687,147,540
121900277,392,1921,-1529
121900278,106,1065,-959
121900279,220,310,-90
121900280,146,386,-240
121900281,550,89,461
121900284,60,9,51
121900286,97,213,-116
121900287,19,14,5
121900290,230,261,-31
121900291,468,609,-141
121900292,155,96,59
121900293,898,3538,-2640
121900294,292,4,288
121900295,65,308,-243
121900296,108,44,64
121900298,432,521,-89
121900299,0,0,0
121900300,8,0,8
121900301,29,0,29
121900302,0,64,-64
121900303,280,525,-245
121900304,0,3,-3
121900305,0,2,-2
121900306,54,0,54
121900307,19,31,-12
121900308,18,410,-392
121900309,13,359,-346
121900310,41,621,-580
121900311,172,10,162
121900312,104,2,102
121900313,141,40,101
121900314,4,83,-79
121900315,1,0,1
121900316,1,39,-38
121900317,0,1,-1
121900318,0,31,-31
121900319,9,13,-4
121900320,99,82,17
121900321,5,4,1
121900322,0,34,-34
121900323,18,7,11
121900324,2,42,-40
121900325,4,1,3
121900326,1,15,-14
121900327,3,57,-54
121900328,0,18,-18
121900329,2,217,-215
121900330,1,41,-40
121900331,392,57,335
121900332,51,16,35
122000001,2485,3392,-907
122000002,5594,1772,3822
122000003,2475,1409,1066
122000004,3904,1328,2576
122000005,3381,1031,2350
122000006,2484,552,1932
122000007,1504,1278,226
122000008,7265,4600,2665
122000009,542,253,289
122000010,2285,2480,-195
122000011,3688,1138,2550
122000012,1399,1047,352
122000013,2250,1248,1002
122000014,1627,2182,-555
122000015,1595,1011,584
122000016,487,921,-434
122000017,1112,1153,-41
122000018,1391,1202,189
122000019,891,1739,-848
122000020,244,177,67
122000021,547,526,21
122000022,1377,1579,-202
122000023,484,2868,-2384
122000024,1083,1008,75
122000025,1828,1146,682
122000026,2150,752,1398
122000027,636,4781,-4145
122000028,838,437,401
122000029,425,278,147
122000030,369,105,264
122000031,144,236,-92
122000032,1708,3242,-1534
122000033,878,804,74
122000034,662,580,82
122000035,395,764,-369
122000036,469,645,-176
122000037,429,254,175
122000038,296,421,-125
122000039,635,459,176
122000040,367,320,47
122000041,425,548,-123
122000042,273,423,-150
122000043,176,85,91
122000044,162,151,11
122000045,1223,571,652
122000046,782,1058,-276
122000047,234,159,75
122000048,3405,4383,-978
122000049,6233,2621,3612
122000050,2083,621,1462
122000051,426,635,-209
122000052,614,295,319
122000053,148,483,-335
122000054,2328,2117,211
122000055,2271,2654,-383
122000056,8420,3180,5240
122000057,5215,2577,2638
122000058,4697,1055,3642
122000059,4289,1381,2908
122000060,1014,459,555
122000061,571,273,298
122000062,1332,361,971
122000063,1503,437,1066
122000064,3633,3019,614
122000065,5437,3091,2346
122000066,1091,1085,6
122000067,1632,1458,174
122000068,1154,1400,-246
122000069,616,862,-246
122000070,610,3479,-2869
122000071,1052,2102,-1050
122000072,363,294,69
122000073,598,471,127
122000074,1866,1392,474
122000075,533,1413,-880
122000076,1768,1141,627
122000077,1604,617,987
122000078,3391,1721,1670
122000079,1789,773,1016
122000080,1045,359,686
122000081,202,302,-100
122000082,1203,723,480
122000083,1480,3896,-2416
122000084,976,773,203
122000085,275,1943,-1668
122000086,2144,4458,-2314
122000087,483,152,331
122000088,324,345,-21
122000089,7102,3048,4054
122000090,280,393,-113
122000091,308,81,227
122000092,141,21,120
122000093,1797,1015,782
122000094,8974,1680,7294
122000095,4493,2272,2221
122000096,3817,1424,2393
122000098,4390,1529,2861
122000099,3072,658,2414
122000100,1382,677,705
122000101,237,1012,-775
122000102,1787,1273,514
122000103,1488,1480,8
122000104,306,209,97
122000105,258,300,-42
122000106,552,582,-30
122000107,888,517,371
122000108,432,847,-415
122000109,293,323,-30
122000110,378,531,-153
122000111,2630,1209,1421
122000112,655,1159,-504
122000113,479,599,-120
122000114,4325,1758,2567
122000115,1685,1708,-23
122000116,556,519,37
122000117,1027,383,644
122000118,377,638,-261
122000119,3737,1471,2266
122000120,2610,2734,-124
122000121,3113,2325,788
122000122,741,1255,-514
122000123,2300,1266,1034
122000124,1523,484,1039
122000125,501,660,-159
122000126,796,727,69
122000127,1972,903,1069
122000128,700,897,-197
122000129,279,615,-336
122000130,2887,568,2319
122000131,1402,609,793
122000132,830,401,429
122000133,1095,2300,-1205
122000134,448,510,-62
122000135,625,902,-277
122000136,392,229,163
122000137,858,784,74
122000139,1767,2640,-873
122000140,1213,537,676
122000141,5996,1033,4963
122000142,492,625,-133
122000143,528,267,261
122000144,1750,990,760
122000145,1944,735,1209
122000146,725,986,-261
122000147,979,398,581
122000148,3725,1269,2456
122000149,2432,1181,1251
122000150,1285,837,448
122000151,239,310,-71
122000152,538,300,238
122000153,474,265,209
122000154,294,171,123
122000155,1449,2007,-558
122000156,2350,1835,515
122000157,2362,1264,1098
122000158,333,537,-204
122000159,1211,1602,-391
122000160,4629,1065,3564
122000161,1169,616,553
122000162,2643,1359,1284
122000163,379,60,319
122000164,41,65,-24
122000165,734,715,19
122000166,959,1112,-153
122000167,278,314,-36
122000168,240,645,-405
122000169,525,146,379
122000170,265,327,-62
122000171,36,68,-32
122000172,1485,1513,-28
122000173,1732,2444,-712
122000174,1934,853,1081
122000175,1187,289,898
122000176,360,670,-310
122000177,1613,1250,363
122000178,3737,2548,1189
122000179,2363,2685,-322
122000180,1990,1025,965
122000181,1894,2891,-997
122000182,2666,1293,1373
122000183,1901,1097,804
122000184,3215,1879,1336
122000185,1387,1224,163
122000186,766,887,-121
122000187,1763,1186,577
122000188,434,254,180
122000189,253,365,-112
122000190,1082,937,145
122000191,1223,551,672
122000192,867,409,458
122000193,342,732,-390
122000194,618,171,447
122000195,146,474,-328
122000196,944,710,234
122000197,450,833,-383
122000198,629,1192,-563
122000199,463,369,94
122000200,1522,612,910
122000201,1187,1378,-191
122000202,1276,1215,61
122000203,2740,1573,1167
122000204,1418,2045,-627
122000205,1626,1191,435
122000206,2297,1012,1285
122000207,1316,1457,-141
122000208,2093,1717,376
122000209,2873,320,2553
122000210,1506,2419,-913
122000211,1239,1423,-184
122000212,697,476,221
122000213,949,1129,-180
122000214,1693,1691,2
122000215,2207,1372,835
122000217,2232,1478,754
122000218,721,44,677
122000219,1594,1045,549
122000220,306,855,-549
122000221,164,475,-311
122000222,562,72,490
122000223,1087,467,620
122000225,592,278,314
122000226,1358,1962,-604
122000227,399,1984,-1585
122000228,325,424,-99
122000229,22,440,-418
122000230,58,911,-853
122000231,256,980,-724
122000232,736,841,-105
122000233,0,92,-92
122000234,132,235,-103
122000235,354,286,68
122000236,517,249,268
122000237,124,54,70
122000238,98,172,-74
122000239,556,117,439
122000240,857,439,418
122000241,263,237,26
122000242,389,84,305
122000243,20,35,-15
122000244,13,334,-321
122000245,13,92,-79
122000246,76,79,-3
122000247,525,383,142
122000248,1198,2131,-933
122000249,368,682,-314
122000250,1402,635,767
122000251,224,539,-315
122000252,670,162,508
122000253,31,318,-287
122000254,141,91,50
122000255,708,2197,-1489
122000256,395,1580,-1185
122000257,149,436,-287
122000258,137,249,-112
122000259,12,860,-848
122000260,7,154,-147
122000261,6,236,-230
122000262,0,41,-41
122000263,90,122,-32
122000264,687,504,183
122000265,1883,812,1071
122000266,4776,600,4176
122000267,67,152,-85
122000268,136,606,-470
122000269,746,408,338
122000270,845,163,682
122000271,297,1412,-1115
122000272,282,1518,-1236
122000273,293,617,-324
122000274,117,244,-127
122000275,35,181,-146
122000276,483,804,-321
122000277,632,1607,-975
122000278,584,1297,-713
122000279,185,646,-461
122000280,739,1000,-261
122000281,674,873,-199
122000282,154,127,27
122000283,357,54,303
122000284,103,77,26
122000285,475,111,364
122000286,110,183,-73
122000287,934,1458,-524
122000288,272,245,27
122000291,876,521,355
122000293,447,337,110
122000294,116,205,-89
122000295,1337,183,1154
122000296,52,621,-569
122000297,4260,2155,2105
122000299,425,544,-119
122000300,494,580,-86
122000301,18322,2789,15533
122000302,1068,791,277
122000303,5254,1514,3740
122000304,46,221,-175
122000305,835,349,486
122000306,16,974,-958
122000307,114,117,-3
122000309,88,75,13
122000310,26,13,13
122000311,108,70,38
122000312,110,45,65
122000313,57,43,14
122000314,93,236,-143
122000315,186,13,173
122000316,411,223,188
122000317,665,235,430
122000318,225,539,-314
122000319,311,733,-422
122000320,342,3052,-2710
122000321,71,366,-295
122000322,3102,2589,513
122000323,1781,1580,201
122000324,1590,1376,214
122000325,1031,1046,-15
122000326,18,172,-154
122000327,243,406,-163
122000328,1126,964,162
122000330,2176,730,1446
122000332,167,352,-185
122000333,2,201,-199
122000337,837,2239,-1402
122000338,513,592,-79
122000340,467,351,116
122000342,2626,1225,1401
122000343,310,659,-349
122000344,38,34,4
122000345,35,71,-36
122000346,344,685,-341
122000348,530,1016,-486
122000349,150,567,-417
122000351,62,278,-216
122000352,251,82,169
122000353,50,126,-76
122000355,93,198,-105
122000356,1886,814,1072
122000357,31,20,11
122000358,1,87,-86
122000359,0,59,-59
122000360,0,61,-61
122000362,10,164,-154
122000364,95,616,-521
122000365,0,22,-22
122000366,6,7,-1
122000368,528,1034,-506
122000370,23,87,-64
122000371,12,0,12
122000372,1,0,1
122000381,59,407,-348
122000382,91,272,-181
122000384,4987,2190,2797
122000385,22,0,22
122000386,593,912,-319
122000387,436,647,-211
122000388,1333,413,920
122000389,217,914,-697
122000390,415,313,102
122000391,345,156,189
122000392,220,354,-134
122000393,13,218,-205
122000394,330,427,-97
122000395,110,232,-122
122000396,221,155,66
122000397,47,126,-79
122000398,33,64,-31
122000399,66,100,-34
122000400,159,249,-90
122000401,103,135,-32
122000402,185,134,51
122000403,473,1564,-1091
122000404,130,475,-345
122000408,770,1222,-452
122000503,8,99,-91
122000524,225,127,98
122000544,50,2014,-1964
122000616,677,7,670
122000640,29,278,-249
122000641,56,591,-535
122000642,788,1727,-939
122000643,15,85,-70
122000644,170,14,156
122000645,89,311,-222
122000651,2188,757,1431
122000664,160,65,95
122000665,1011,688,323
122000666,621,1093,-472
122000673,15,439,-424
122000674,88,64,24
122000675,1156,1212,-56
122000686,275,1781,-1506
122000687,563,434,129
122000688,120,1112,-992
122000689,375,856,-481
122000690,698,821,-123
122000691,296,3676,-3380
122000692,959,509,450
122000693,419,2542,-2123
122000695,163,693,-530
122000696,155,564,-409
122000698,173,1444,-1271
122000699,180,211,-31
122000701,916,356,560
122000702,511,2689,-2178
122000703,127,61,66
122000717,295,89,206
122000718,490,411,79
122000719,26,60,-34
122000720,120,398,-278
122900001,20,5,15
122900002,1304,2279,-975
122900003,269,51,218
122900004,854,28,826
122900005,54,60,-6
122900006,1025,369,656
122900007,144,22,122
122900008,928,69,859
122900009,876,353,523
122900010,217,203,14
122900012,270,492,-222
122900014,147,370,-223
122900015,2923,438,2485
122900016,97,452,-355
122900017,445,1039,-594
122900018,266,5,261
122900019,10,161,-151
122900020,419,517,-98
122900021,56,848,-792
122900022,469,1174,-705
122900023,284,378,-94
122900024,86,91,-5
122900025,23,209,-186
122900026,184,358,-174
122900027,87,779,-692
122900028,76,189,-113
122900029,6115,2322,3793
122900030,1470,509,961
122900031,106,178,-72
122900032,145,280,-135
122900033,130,208,-78
122900034,4772,4485,287
122900035,24,20,4
122900036,28,216,-188
122900037,298,127,171
122900038,133,1947,-1814
122900039,80,430,-350
122900040,302,518,-216
122900041,263,235,28
122900042,139,305,-166
122900043,364,221,143
122900044,103,343,-240
122900045,50,121,-71
122900046,159,133,26
122900047,240,141,99
122900048,43,217,-174
122900049,2009,159,1850
122900051,127,122,5
122900052,16,110,-94
122900053,5,28,-23
122900055,314,165,149
122900057,272,33,239
122900061,412,168,244
122900062,326,556,-230
122900063,129,508,-379
122900064,1141,825,316
122900065,373,176,197
122900066,451,265,186
122900067,2067,971,1096
122900068,171,400,-229
122900069,189,1778,-1589
122900070,225,32,193
122900071,135,512,-377
122900072,19,803,-784
122900073,43,361,-318
122900074,217,1022,-805
122900075,1,73,-72
122900076,6,261,-255
122900077,1,253,-252
122900078,49,193,-144
122900080,81,21,60
122900081,171,177,-6
122900082,612,243,369
122900083,205,101,104
122900084,13,333,-320
122900086,4,64,-60
122900087,129,813,-684
122900088,61,68,-7
122900089,24,195,-171
122900090,12,948,-936
122900091,85,1,84
122900092,1,291,-290
122900093,0,576,-576
122900094,2,385,-383
122900095,84,7,77
122900096,79,318,-239
122900097,22,17,5
122900098,69,163,-94
122900099,18,8,10
122900100,740,315,425
122900101,602,225,377
122900102,6,10,-4
122900103,18,5,13
122900104,71,5,66
122900105,6,1,5
122900106,5,126,-121
122900107,5,237,-232
122900108,3,182,-179
123000001,2582,427,2155
123000002,7666,2992,4674
123000003,4066,2861,1205
123000004,3548,5473,-1925
123000005,2561,2493,68
123000006,3129,4070,-941
123000007,2834,2264,570
123000008,2665,4408,-1743
123000009,4720,3114,1606
123000010,4101,4989,-888
123000011,3387,880,2507
123000012,1026,2988,-1962
123000013,3433,912,2521
123000014,1473,4785,-3312
123000015,5347,918,4429
123000016,8426,3589,4837
123000017,3924,1263,2661
123000018,55,104,-49
123000019,95,548,-453
123000020,120,167,-47
123000021,48,192,-144
123000022,527,1021,-494
123000023,1298,1214,84
123000024,1070,545,525
123000025,24,113,-89
123000026,1,105,-104
123000027,254,592,-338
123000028,1228,282,946
123000029,888,520,368
123000030,184,942,-758
123000031,112,614,-502
123000032,180,429,-249
123000033,142,54,88
123000034,710,611,99
123000035,269,296,-27
123000036,277,662,-385
123000037,252,604,-352
123000038,92,247,-155
123000039,580,919,-339
123000040,1392,481,911
123000041,1135,660,475
123000042,1013,486,527
123000043,4944,5121,-177
123000044,8341,2431,5910
123000045,13639,2262,11377
123000046,1004,817,187
123000047,2634,1232,1402
123000048,77,416,-339
123000049,10366,5200,5166
123000050,760,1185,-425
123000051,65,110,-45
123000052,564,2790,-2226
123000053,2339,3471,-1132
123000054,1098,1339,-241
123000055,1400,1300,100
123000056,1137,1981,-844
123000057,24064,6337,17727
123000058,785,669,116
123000059,500,610,-110
123000060,727,362,365
123000061,189,955,-766
123000063,902,786,116
123000064,832,262,570
123000065,9317,3788,5529
123000066,1290,1013,277
123000067,449,724,-275
123000068,3526,3850,-324
123000069,11383,4436,6947
123000070,349,1135,-786
123000071,678,1389,-711
123000072,856,2065,-1209
123000073,765,1016,-251
123000074,791,2507,-1716
123000075,371,965,-594
123000076,495,1357,-862
123000077,1999,4585,-2586
123000078,1262,2045,-783
123000079,1067,2499,-1432
123000080,2376,3522,-1146
123000081,212,1124,-912
123000082,504,1688,-1184
123000083,910,152,758
123000084,420,742,-322
123000085,110,165,-55
123000086,219,634,-415
123000087,154,713,-559
123000088,1004,1763,-759
123000089,422,1629,-1207
123000090,1105,1459,-354
123000091,1683,1627,56
123000092,1065,1231,-166
123000094,358,277,81
123000095,384,730,-346
123000096,288,627,-339
123000097,355,1331,-976
123000098,468,633,-165
123000099,560,858,-298
123000100,516,642,-126
123000101,774,457,317
123000102,651,731,-80
123000104,376,309,67
123000105,590,612,-22
123000106,575,394,181
123000107,445,611,-166
123000108,917,1816,-899
123000111,520,322,198
123000112,685,636,49
123000113,487,2483,-1996
123000114,559,428,131
123000115,196,311,-115
123000116,8,160,-152
123000117,1462,2898,-1436
123000118,427,1275,-848
123000119,273,1328,-1055
123000120,458,1222,-764
123000121,371,810,-439
123000122,419,237,182
123000123,367,637,-270
123000124,601,655,-54
123000125,1247,768,479
123000126,1835,2449,-614
123000127,1408,1005,403
123000128,263,544,-281
123000129,448,256,192
123000130,473,94,379
123000131,640,537,103
123000132,340,714,-374
123000133,320,468,-148
123000134,610,183,427
123000135,1367,1501,-134
123000136,211,1836,-1625
123000137,148,552,-404
123000138,75,677,-602
123000139,328,128,200
123000140,167,1022,-855
123000141,812,107,705
123000142,1043,1218,-175
123000143,1281,2944,-1663
123000144,22,14,8
123000145,192,289,-97
123000146,51,137,-86
123000147,78,144,-66
123000149,316,285,31
123000150,120,205,-85
123000151,218,424,-206
123000152,62,470,-408
123000153,99,485,-386
123000154,1987,1459,528
123000155,2764,891,1873
123000156,28,80,-52
123000157,501,813,-312
123000158,817,654,163
123000159,3475,2098,1377
123000160,753,517,236
123000161,1314,990,324
123000162,417,1377,-960
123000163,269,90,179
123000164,886,299,587
123000165,373,2460,-2087
123000166,27,226,-199
123000167,95,347,-252
123000168,275,482,-207
123000169,514,137,377
123000170,54,494,-440
123000171,275,116,159
123000172,220,831,-611
123000173,573,201,372
123000174,815,266,549
123000175,1351,1748,-397
123000176,926,193,733
123000177,436,1491,-1055
123000178,580,143,437
123000179,40,994,-954
123000180,1290,338,952
123000181,382,1907,-1525
123000182,120,822,-702
123000183,163,317,-154
123000184,73,998,-925
123000185,464,483,-19
123000186,4,843,-839
123000187,415,5,410
123000188,132,1,131
123000189,129,237,-108
123000190,50,105,-55
123000192,31,421,-390
123000193,43,829,-786
123000194,625,288,337
123000195,295,16,279
123000196,221,13,208
123000197,70,108,-38
123000198,16,272,-256
123000199,3,665,-662
123000200,352,5,347
123000201,680,31,649
123000202,18,1732,-1714
123000203,661,65,596
123000204,103,1530,-1427
123000205,536,2711,-2175
123000206,1578,148,1430
123000207,71,1195,-1124
123000208,253,94,159
123000209,1526,374,1152
123000210,497,2063,-1566
123000211,659,3777,-3118
123000212,1781,437,1344
123000213,376,76,300
123000215,160,118,42
123000216,261,885,-624
123000217,234,40,194
123000218,152,508,-356
123000219,1481,59,1422
123000220,469,121,348
123000221,165,234,-69
123000222,360,1078,-718
123000223,185,798,-613
123000224,315,780,-465
123000225,422,127,295
123000226,132,505,-373
123000227,35,455,-420
123000228,236,87,149
123000229,1275,2409,-1134
123000232,176,653,-477
123000233,482,212,270
123000234,147,929,-782
123000235,418,461,-43
123000236,216,1275,-1059
123000237,174,95,79
123000238,63,920,-857
123000239,445,2729,-2284
123000240,65,380,-315
123000241,1141,193,948
123000242,125,301,-176
123000243,437,1215,-778
123000244,818,581,237
123000245,84,163,-79
123000249,407,706,-299
123000252,625,199,426
123000253,682,483,199
123000254,662,1500,-838
123000255,896,846,50
123000256,33,304,-271
123000257,4651,3316,1335
123000258,1106,1611,-505
123000259,193,570,-377
123000260,380,949,-569
123000261,131,417,-286
123000262,121,365,-244
123000263,290,131,159
123000264,202,65,137
123000265,85,194,-109
123000266,557,1008,-451
123000267,359,381,-22
123000268,32,81,-49
123000269,29,38,-9
123000270,18,53,-35
123000271,63,75,-12
123000272,788,217,571
123000273,178,578,-400
123000274,1117,507,610
123000275,252,1319,-1067
123000278,4142,2703,1439
123000279,59,115,-56
123000280,259,443,-184
123000281,190,106,84
123000282,91,260,-169
123000283,62,48,14
123000284,37,174,-137
123000286,328,239,89
123000287,491,329,162
123000288,840,576,264
123000289,476,804,-328
123000291,436,996,-560
123000294,178,250,-72
123000295,758,1241,-483
123000296,242,458,-216
123000297,129,765,-636
123000298,165,514,-349
123000299,13,240,-227
123000300,598,740,-142
123000301,91,206,-115
123000302,95,352,-257
123000303,87,117,-30
123000305,1056,910,146
123000306,59,363,-304
123000309,45,80,-35
123000310,44,41,3
123000311,0,145,-145
123000312,669,1328,-659
123000313,203,243,-40
123000315,127,586,-459
123000316,1824,28,1796
123000317,245,60,185
123000318,23,351,-328
123000329,14,25,-11
123000337,251,258,-7
123000338,688,79,609
123000339,100,359,-259
123000340,116,575,-459
123000342,6,7,-1
123000343,56,1,55
123000344,1487,650,837
123000345,351,795,-444
123000346,171,66,105
123000352,2742,847,1895
123000353,25,146,-121
123000354,103,4,99
123000355,1,557,-556
123000356,158,4,154
123000357,1,425,-424
123000359,2,358,-356
123000360,172,15,157
123000361,779,412,367
123000362,321,257,64
123000363,86,333,-247
123000364,483,319,164
123000365,41,352,-311
123000366,284,1661,-1377
123000367,204,1257,-1053
123000370,54,471,-417
123000371,673,25,648
123000372,317,12,305
123000373,5,659,-654
123000374,4,267,-263
123000375,232,36,196
123000376,568,564,4
123000377,273,35,238
123000378,13,662,-649
123000379,2,289,-287
123000380,55,281,-226
123000381,163,57,106
123000382,1625,131,1494
123000383,380,875,-495
123000384,500,115,385
123000385,453,873,-420
123000436,60,893,-833
123000507,126,372,-246
123000508,138,428,-290
123000517,387,40,347
123000518,33,337,-304
123000519,134,88,46
123000520,88,288,-200
123000521,340,155,185
123000522,167,835,-668
123000541,0,2,-2
123000542,0,38,-38
123000565,297,24,273
123000566,62,1143,-1081
123000567,132,347,-215
123000573,59,1355,-1296
123000574,394,86,308
123000575,906,1921,-1015
123000576,664,2623,-1959
123000577,119,658,-539
123000578,826,99,727
123000579,7908,3444,4464
123000580,74,30,44
123000582,265,35,230
123000583,22,835,-813
123000584,97,208,-111
123000585,0,213,-213
123000586,33,0,33
123000596,82,142,-60
123000597,52,73,-21
123000602,20,1,19
123000603,302,810,-508
123000604,269,1609,-1340
123000605,658,125,533
123000606,0,180,-180
123000609,15,329,-314
123000610,171,101,70
123000613,33,190,-157
123000614,168,63,105
123000615,37,218,-181
123000616,292,91,201
123000617,57,865,-808
123000618,53,971,-918
123000619,523,39,484
123000620,17,792,-775
123000622,279,27,252
123000624,84,51,33
123000630,470,391,79
123000631,182,2308,-2126
123000632,1150,1678,-528
123000633,0,202,-202
123000634,69,51,18
123000635,311,104,207
123000636,24,668,-644
123000637,101,212,-111
123000638,449,130,319
123000639,1520,2166,-646
123000640,45,1378,-1333
123900001,1740,60,1680
123900002,17,1038,-1021
123900003,449,979,-530
123900005,206,156,50
123900006,176,30,146
124000001,1610,108,1502
124000002,144,2257,-2113
124000003,463,167,296
124000004,68,930,-862
124000005,716,244,472
124000006,284,1879,-1595
124000007,742,145,597
124000008,10,601,-591
124000009,236,423,-187
124000010,76,606,-530
124000011,810,510,300
124000012,329,1192,-863
124000017,70,119,-49
124000018,113,117,-4
124000019,65,113,-48
124000020,84,229,-145
124000021,117,85,32
124000022,87,321,-234
124000023,990,1151,-161
124000024,1081,742,339
124000025,842,1174,-332
124000026,1345,1079,266
124000027,5941,3588,2353
124000028,4003,4411,-408
124000030,4106,1323,2783
124000031,762,1176,-414
124000032,6736,1342,5394
124000033,119,234,-115
124000034,2771,767,2004
124000035,17,86,-69
124000036,66,166,-100
124000037,469,454,15
124000038,64,57,7
124000039,1399,332,1067
124000040,739,660,79
124000041,282,74,208
124000042,100,425,-325
124000043,92,64,28
124000044,39,396,-357
124000045,403,661,-258
124000046,203,940,-737
124000047,937,1068,-131
124000048,706,2643,-1937
124000049,996,722,274
124000050,622,3303,-2681
124000051,420,573,-153
124000052,571,2036,-1465
124000053,407,961,-554
124000054,848,918,-70
124000055,1173,1444,-271
124000056,5063,1861,3202
124000057,610,501,109
124000058,402,1953,-1551
124000059,400,644,-244
124000060,1130,1077,53
124000061,1514,2756,-1242
124000062,7135,1849,5286
124000063,1542,1584,-42
124000064,3056,2105,951
124000065,19,231,-212
124000066,174,65,109
124000067,67,383,-316
124000068,12,27,-15
124000069,78,14,64
124000070,60,221,-161
124000071,111,124,-13
124000072,179,725,-546
124000073,570,108,462
124000074,253,1075,-822
124000075,146,36,110
124000076,4,366,-362
124000077,2062,674,1388
124000078,2846,507,2339
124000079,748,1142,-394
124000080,312,152,160
124000081,166,870,-704
124000082,23,129,-106
124000083,25,214,-189
124000084,31,91,-60
124000085,92,53,39
124000086,46,98,-52
124000087,135,66,69
124000088,225,618,-393
124000089,530,697,-167
124000090,60,488,-428
124000091,232,109,123
124000092,46,709,-663
124000093,90,106,-16
124000094,213,462,-249
124000095,57,95,-38
124000096,65,377,-312
124000097,60,103,-43
124000098,58,121,-63
124000099,62,103,-41
124000100,32,157,-125
124000101,42,94,-52
124000102,94,114,-20
124000103,35,87,-52
124000104,66,98,-32
124000105,31,56,-25
124000106,79,100,-21
124000107,9,93,-84
124000108,98,41,57
124000109,69,80,-11
124000110,134,138,-4
124000111,138,165,-27
124000112,470,949,-479
124000113,49,66,-17
124000114,182,811,-629
124000115,296,917,-621
124000116,98,78,20
124000117,60,90,-30
124000118,39,60,-21
124000119,862,918,-56
124000120,584,585,-1
124000121,1617,556,1061
124000122,695,1253,-558
124000123,949,411,538
124000124,514,909,-395
124000125,334,380,-46
124000126,294,589,-295
124000127,707,409,298
124000128,526,1067,-541
124000129,1822,1460,362
124000130,942,698,244
124000131,866,502,364
124000132,823,820,3
124000133,601,795,-194
124000134,703,710,-7
124000135,1745,1719,26
124000136,1078,1238,-160
124000137,1341,741,600
124000138,1652,1296,356
124000139,405,22,383
124000140,53,508,-455
124000141,77,3,74
124000142,20,172,-152
124000143,27,14,13
124000144,5,61,-56
124000145,109,22,87
124000146,44,182,-138
124000148,35,52,-17
124000149,906,394,512
124000150,468,683,-215
124000151,373,152,221
124000152,686,1264,-578
124000153,589,405,184
124000154,480,869,-389
124000155,858,447,411
124000156,1281,944,337
124000169,219,353,-134
124000170,912,488,424
124000171,204,251,-47
124000172,343,807,-464
124000173,284,383,-99
124000174,206,1044,-838
124000175,21,204,-183
124000176,18,10,8
124000177,18,68,-50
124000178,26,54,-28
124000190,68,30,38
124000191,166,32,134
124000192,2720,378,2342
124000193,750,1611,-861
124000194,302,620,-318
124000195,239,506,-267
124000196,956,1420,-464
124000197,43,64,-21
124000198,11,31,-20
124000201,349,1428,-1079
124000202,479,184,295
124000203,151,1256,-1105
124000204,393,674,-281
124000205,52,1016,-964
124000206,254,534,-280
124000207,0,72,-72
124000209,221,1004,-783
124000210,182,249,-67
124000211,196,4,192
124000212,5,1010,-1005
124000213,188,615,-427
124000214,171,1137,-966
124000215,122,12,110
124000216,3,794,-791
124000329,106,3086,-2980
124000338,56,1823,-1767
124000339,394,167,227
124000341,546,79,467
124000344,20,1,19
124000357,702,1577,-875
124000358,658,992,-334
124000359,958,477,481
124000360,471,340,131
124000361,1150,732,418
124000362,2059,2692,-633
124000363,295,691,-396
124000364,679,1533,-854
124000365,656,1556,-900
124000366,2364,1047,1317
124000367,111,773,-662
124000368,234,137,97
124000369,94,76,18
124000370,58,835,-777
124000402,23,11,12
124000403,33,10,23
124000404,11,138,-127
124000405,1049,790,259
124000406,1028,942,86
124000407,4,35,-31
124000411,7,530,-523
124000412,219,27,192
124000413,242,44,198
124000414,45,153,-108
124000415,46,251,-205
124000416,106,427,-321
124000417,68,96,-28
124000418,87,125,-38
124000419,70,286,-216
124000420,26,79,-53
124000421,19,439,-420
124000422,25,12,13
124000423,117,57,60
124000424,2,141,-139
124000425,11,15,-4
124000426,3,42,-39
124000427,15,10,5
124000428,15,28,-13
124000429,26,79,-53
124000430,493,1146,-653
124000431,287,1259,-972
124000432,140,1020,-880
124000439,0,8,-8
124000442,7,278,-271
124000443,0,9,-9
124000445,82,181,-99
124000446,1783,53,1730
124900001,236,234,2
124900002,136,677,-541
124900003,531,476,55
124900004,309,326,-17
124900005,260,324,-64
124900006,515,323,192
124900008,1108,396,712
124900009,104,303,-199
124900010,125,53,72
124900011,356,172,184
124900012,590,113,477
124900013,274,130,144
124900014,101,133,-32
124900015,143,304,-161
124900016,33,79,-46
124900017,1153,531,622
124900018,7,3,4
124900019,297,24,273
124900020,83,89,-6
124900021,188,76,112
124900022,9,4,5
124900024,155,14,141
124900026,80,7,73
124900027,33,239,-206
124900028,975,174,801
124900029,1,319,-318
124900030,10,261,-251
124900031,53,597,-544
124900032,260,160,100
124900033,52,548,-496
124900034,4,137,-133
124900035,177,693,-516
124900036,0,53,-53
124900037,154,415,-261
124900038,306,404,-98
124900039,0,22,-22
124900040,46,122,-76
124900041,180,1276,-1096
124900042,36,7,29
124900043,323,1396,-1073
124900044,60,1,59
124900045,784,842,-58
124900046,3212,325,2887
124900047,116,291,-175
124900048,129,218,-89
124900050,137,404,-267
124900052,157,915,-758
124900053,83,422,-339
124900054,3738,353,3385
124900055,0,162,-162
124900057,6,111,-105
124900060,72,346,-274
124900061,19,10,9
124900062,74,27,47
124900066,0,18,-18
124900067,2,226,-224
124900068,335,524,-189
124900069,142,93,49
124900070,85,22,63
124900072,68,11,57
124900074,235,483,-248
124900075,108,238,-130
124900076,36,490,-454
124900077,19,108,-89
124900078,68,13,55
124900079,1145,83,1062
124900080,228,904,-676
124900081,466,236,230
124900082,315,1031,-716
124900083,117,594,-477
124900084,2770,95,2675
124900085,1242,191,1051
124900086,90,662,-572
124900087,548,91,457
124900088,679,104,575
124900089,1874,35,1839
124900090,191,255,-64
124900091,294,821,-527
124900092,197,652,-455
124900093,177,291,-114
124900094,261,313,-52
124900095,85,436,-351
124900096,621,264,357
124900097,182,81,101
124900098,170,595,-425
124900099,1116,479,637
124900100,433,33,400
124900101,18,448,-430
124900102,155,22,133
124900103,77,396,-319
124900104,46,237,-191
124900105,45,226,-181
124900106,361,20,341
124900107,49,34,15
124900108,183,40,143
124900109,38,87,-49
124900110,199,427,-228
124900111,1,57,-56
124900112,68,1571,-1503
124900113,1,3,-2
124900114,10,5,5
124900115,6,6,0
124900116,3,8,-5
124900117,7,6,1
124900118,2,1,1
124900119,4,4,0
124900120,0,28,-28
124900121,4,5,-1
124900122,4,14,-10
124900123,10,2,8
124900124,6,4,2
129000186,108,46,62
204000001,26,2,24
204000002,13,1,12
204000003,36,2,34
204000004,4,5,-1
204000005,360,360,0
204000006,901,1078,-177
204000008,917,548,369
204000011,13,76,-63
204000012,28,106,-78
204000013,0,21,-21
204000019,536,534,2
204000020,429,800,-371
204000021,2151,844,1307
204000022,454,482,-28
204000023,480,1118,-638
204000031,31,12,19
204000032,363,20,343
204000034,9,394,-385
204000035,2,5,-3
204000036,11,19,-8
204000037,1,15,-14
204000038,0,10,-10
204000039,3,71,-68
204000040,9,55,-46
204000041,8,80,-72
204000042,40,20,20
204000043,20,6,14
204000044,14,4,10
204000045,36,4,32
204000046,26,14,12
204000057,5,69,-64
204000062,9,22,-13
204000068,11,142,-131
204000069,13,197,-184
204000070,35,91,-56
204000080,14,49,-35
204000085,1507,2180,-673
204000086,2782,2270,512
204000087,25,10,15
204000088,6,127,-121
204000090,7,507,-500
204000093,179,47,132
204000096,503,673,-170
204000097,271,17,254
204000099,841,1103,-262
204000100,978,947,31
204000105,2277,2179,98
204000110,757,1442,-685
204000111,288,839,-551
204000112,1060,1016,44
204000113,375,1093,-718
204000114,610,652,-42
204000115,442,398,44
204000116,1709,599,1110
204000119,1536,1657,-121
204000132,282,205,77
204000133,357,201,156
204000134,237,125,112
204000135,287,50,237
204000136,145,200,-55
204000138,191,281,-90
204000140,112,76,36
204000141,69,58,11
204000144,3,35,-32
204000145,454,42,412
204000146,18,518,-500
204000147,24,132,-108
204000148,244,30,214
204000154,5,2,3
204000155,6,19,-13
204000177,59,32,27
204000179,14,8,6
204000180,0,36,-36
204000222,8,57,-49
204000235,10,15,-5
204000236,96,311,-215
204000238,17,24,-7
204000240,282,88,194
204000263,75,370,-295
204000308,158,15,143
204000317,3,69,-66
204000322,2,53,-51
204000323,20,5,15
204000328,252,42,210
204000329,64,164,-100
204000330,154,31,123
204000331,20,161,-141
204010341,14,300,-286
205000001,1199,1464,-265
205000013,14,101,-87
205000014,15,111,-96
205000015,24,262,-238
205000016,15,227,-212
205000017,24,110,-86
205000022,273,617,-344
205000025,1524,989,535
205000029,177,9,168
205000045,85,189,-104
205000047,59,499,-440
205000048,205,1056,-851
205000049,126,804,-678
205000050,886,283,603
205000059,0,294,-294
205000060,1,67,-66
205000061,4,33,-29
205000062,7,30,-23
205000063,2,99,-97
205000064,19,147,-128
205000065,42,875,-833
205000066,89,948,-859
205000067,37,1261,-1224
205000069,117,11,106
205000082,132,187,-55
205000110,55,196,-141
205000111,183,226,-43
205000112,97,198,-101
205000113,200,275,-75
205000121,233,45,188
205000123,50,244,-194
205000126,337,138,199
205000127,601,180,421
205000128,467,108,359
205000129,428,108,320
205000130,288,23,265
205000131,540,7,533
205000132,396,1,395
205000133,293,2,291
205000134,132,0,132
205000137,129,150,-21
205000138,251,358,-107
205000139,24,109,-85
205000144,44,66,-22
205000145,371,186,185
205000151,145,36,109
205000152,112,31,81
205000153,111,37,74
205000154,117,46,71
205000155,87,13,74
205000207,10,182,-172
205000233,0,1,-1
205000234,0,0,0
205000243,0,1,-1
205000244,0,1,-1
205000245,12,349,-337
205000249,0,37,-37
205000250,0,0,0
205000251,65,441,-376
205000264,9,106,-97
206000027,9,0,9
206000028,2,2,0
206000043,17,184,-167
206000053,3,12,-9
206000054,3,38,-35
206000055,4,61,-57
206000075,5,7,-2
206000076,14,4,10
206000077,8,5,3
206000078,13,4,9
206000079,14,4,10
206000082,487,18,469
206000100,101,842,-741
206000103,1,18,-17
206000104,13,26,-13
206000105,3,23,-20
206000106,6,36,-30
206000108,609,20,589
206000125,80,0,80
206000157,91,971,-880
206000170,4,454,-450
206000171,3,372,-369
206000172,18,1574,-1556
206000173,2,491,-489
206000174,6,240,-234
206000175,2,312,-310
206000176,16,644,-628
206000177,2,390,-388
206000178,2,351,-349
206000179,11,188,-177
206000180,9,323,-314
206000181,29,548,-519
206000182,20,545,-525
206000183,27,1452,-1425
206000184,10,761,-751
206000185,6,597,-591
206000186,124,2556,-2432
206000223,3,485,-482
206000226,15,3,12
206000227,28,3,25
206000237,26,668,-642
206000238,51,959,-908
206000239,691,3537,-2846
206000240,3,55,-52
206000241,1,186,-185
206000242,11,845,-834
206000243,16,708,-692
206000244,59,1693,-1634
206000245,286,34,252
206000246,54,5,49
206000247,55,8,47
206000248,166,5,161
206000252,84,13,71
206000258,18,53,-35
206000315,37,4,33
206000317,280,88,192
206000318,169,20,149
206000319,495,51,444
206000320,60,29,31
206000321,32,8,24
206000322,195,8,187
206000323,65,3,62
206000324,54,3,51
206000325,177,10,167
206000326,127,9,118
206000327,121,16,105
206000328,49,3,46
206000329,116,2,114
206000330,34,4,30
206000331,106,1,105
206000332,12,3,9
206000333,185,0,185
206000334,127,0,127
206000335,0,32,-32
206000361,6,275,-269
206000392,3,47,-44
206000405,85,0,85
206000441,14,17,-3
206000498,36,3,33
206000515,112,16,96
206000530,77,52,25
206000531,119,76,43
206000532,3510,85,3425
206000535,651,2637,-1986
206000536,24,320,-296
206000537,13,248,-235
206000613,1514,157,1357
207000001,140,429,-289
207000002,95,276,-181
207000003,102,259,-157
207000007,443,224,219
207000008,57,10,47
207000009,40,49,-9
207000010,420,830,-410
207000012,209,239,-30
207000015,328,2346,-2018
207000019,149,83,66
207000021,533,171,362
207000022,87,98,-11
207000023,117,38,79
207000024,1,18,-17
207000025,13,48,-35
207000026,89,28,61
207000027,14,86,-72
207000028,61,298,-237
207000029,290,537,-247
207000033,182,251,-69
207000034,229,42,187
207000039,216,118,98
207000040,154,73,81
207000041,62,55,7
207000042,172,73,99
207000043,113,176,-63
207000051,91,498,-407
207000052,18,290,-272
207000053,395,750,-355
207000054,21,162,-141
207000055,67,232,-165
207000056,209,430,-221
207000057,131,375,-244
207000058,75,551,-476
207000059,52,888,-836
207000060,35,224,-189
207000061,58,181,-123
207000062,118,33,85
207000063,108,131,-23
207000064,385,255,130
207000065,283,262,21
207000066,104,174,-70
207000067,62,144,-82
207000068,77,78,-1
207000069,631,337,294
207000082,41,535,-494
207000083,87,632,-545
207000084,139,203,-64
207000085,139,15,124
207000086,119,1,118
207000106,25,44,-19
207000107,71,24,47
207000108,31,13,18
207000109,24,31,-7
207000110,33,64,-31
207000111,44,36,8
207000112,170,294,-124
207000114,5,56,-51
207000115,12,107,-95
207000116,11,316,-305
207000117,17,145,-128
207000118,6,157,-151
207000119,24,176,-152
207000123,136,38,98
207000124,50,20,30
207000125,31,30,1
207000126,74,51,23
207000134,23,309,-286
207000135,33,444,-411
207000148,51,122,-71
207000149,54,50,4
207000152,107,418,-311
207000153,1358,1113,245
207000154,607,150,457
207000159,54,457,-403
207000160,103,726,-623
207000238,0,61,-61
207000242,3,188,-185
207000248,22,25,-3
207000249,156,76,80
207000250,831,96,735
207000251,51,60,-9
207000252,65,101,-36
207000278,40,89,-49
207000279,23,334,-311
207000280,224,71,153
207000281,95,1878,-1783
207000282,126,32,94
207000283,148,256,-108
207000284,61,59,2
207000285,149,29,120
207000291,15,158,-143
207000304,94,57,37
207000306,40,512,-472
207000310,29,49,-20
207000353,224,4,220
207000356,4,32,-28
207000357,20,11,9
207000358,6,12,-6
207000415,3,197,-194
207000417,21,8,13
207000437,0,0,0
207000439,1242,345,897
207000446,117,10,107
207000460,1,4,-3
207000466,158,240,-82
207000467,28,93,-65
207000468,7,395,-388
207000476,10,90,-80
207000477,365,117,248
207000523,0,16,-16
207000524,14,0,14
207000527,84,161,-77
207000530,250,8,242
207000531,180,16,164
207000532,68,21,47
207000534,611,44,567
207000535,44,214,-170
207000537,33,149,-116
207000540,10,218,-208
207000541,0,351,-351
207000548,8,338,-330
207000549,192,15,177
207000561,79,142,-63
207000562,27,206,-179
207000567,116,329,-213
207000568,57,165,-108
207000569,218,1640,-1422
207000584,405,169,236
207000585,72,227,-155
207000616,3,269,-266
207000617,79,2,77
207900008,104,410,-306
208000001,361,586,-225
208000002,390,460,-70
208000003,619,507,112
208000004,1012,752,260
208000005,13,23,-10
208000019,497,1010,-513
208000020,173,496,-323
208000021,171,747,-576
208000022,576,845,-269
208000028,1640,1029,611
208000033,409,855,-446
208000034,1094,1886,-792
208000040,96,172,-76
208000041,792,514,278
208000042,626,534,92
208000047,87,499,-412
208000064,2812,1354,1458
208000066,1646,942,704
208000070,226,448,-222
208000071,263,976,-713
208000072,261,1351,-1090
208000080,140,299,-159
208000081,144,147,-3
208000082,216,357,-141
208000083,122,450,-328
208000084,18,15,3
208000085,920,635,285
208000086,410,886,-476
208000087,274,811,-537
208000089,670,809,-139
208000090,519,1225,-706
208000093,56,124,-68
208000094,309,670,-361
208000095,462,400,62
208000104,831,932,-101
208000105,650,1112,-462
208000114,65,201,-136
208000115,501,421,80
208000116,255,935,-680
208000117,76,131,-55
208000118,70,99,-29
208000155,462,1016,-554
208000158,1729,3016,-1287
208000186,3754,2204,1550
208000204,394,1066,-672
208000205,825,1574,-749
208000282,4419,1817,2602
209000004,147,241,-94
209000005,37,39,-2
209000006,498,91,407
209000007,349,272,77
209000010,630,123,507
209000011,167,208,-41
209000012,124,221,-97
209000013,186,752,-566
209000014,725,2132,-1407
209000025,188,36,152
209000026,504,124,380
209000027,403,1347,-944
209000028,309,1327,-1018
209000029,669,1138,-469
209000030,623,2160,-1537
209000031,4583,3123,1460
209000034,105,99,6
209000035,69,112,-43
209000036,87,81,6
209000037,98,158,-60
209000038,59,132,-73
209000039,26,116,-90
209000040,241,524,-283
209000041,184,369,-185
209000042,231,365,-134
209000043,747,605,142
209000044,178,571,-393
209000045,872,433,439
209000046,254,507,-253
209000047,205,225,-20
209000048,362,260,102
209000049,79,130,-51
209000050,133,179,-46
209000051,241,430,-189
209000052,143,384,-241
209000062,37,226,-189
209000063,20,172,-152
209000064,18,222,-204
209000065,23,27,-4
209000066,25,29,-4
209000067,55,68,-13
209000080,29,196,-167
209000082,59,54,5
209000091,38,144,-106
209000093,89,50,39
209000094,229,185,44
209000110,28,68,-40
209000111,361,980,-619
209000112,653,407,246
209000113,1270,367,903
209000114,250,307,-57
209000115,66,210,-144
209000116,891,649,242
209000118,20,64,-44
209000119,59,1,58
209000121,137,812,-675
209000135,64,58,6
209000142,703,989,-286
209000143,170,122,48
209000144,91,108,-17
209000229,181,193,-12
209000240,43,540,-497
209000259,68,129,-61
209000260,94,1207,-1113
209000261,14,843,-829
209000262,2,678,-676
209000263,0,152,-152
209000264,0,104,-104
209000265,366,0,366
209000266,51,4,47
209000267,868,11,857
209000268,479,46,433
210000037,41,32,9
210000047,50,45,5
210000048,66,42,24
210000049,55,40,15
210000052,31,177,-146
210000053,31,118,-87
210000054,72,98,-26
210000070,98,2,96
210000071,45,0,45
210000072,12,0,12
210000073,0,21,-21
210000074,0,114,-114
210000075,0,51,-51
210000076,15,160,-145
210000077,26,27,-1
210000078,34,32,2
210000079,34,11,23
210000080,125,36,89
210000081,205,9,196
210000082,43,0,43
210000083,70,0,70
210000084,24,0,24
210000085,0,89,-89
210000086,2,115,-113
210000099,51,287,-236
210000100,24,240,-216
210000101,83,274,-191
210000105,51,268,-217
210000159,1,164,-163
210000163,183,227,-44
210000164,431,138,293
210000168,175,33,142
210000187,0,6,-6
210000188,0,29,-29
210000214,180,0,180
210000219,23,49,-26
210000220,37,81,-44
210000232,3,30,-27
210000233,13,65,-52
210000234,32,143,-111
210000235,27,180,-153
210000245,0,52,-52
210000246,79,0,79
210000258,15,124,-109
210000259,250,22,228
210000282,45,246,-201
210000285,0,109,-109
210000286,20,189,-169
210000295,23,187,-164
210000296,45,62,-17
210000320,174,150,24
210000321,85,142,-57
210000338,55,160,-105
210000339,694,965,-271
210000340,119,350,-231
210000341,129,305,-176
210000342,177,201,-24
210000343,161,241,-80
210000344,278,133,145
210000345,259,223,36
210000346,108,152,-44
210000347,278,43,235
210000348,235,38,197
210000349,142,19,123
210000350,86,81,5
210000351,98,106,-8
210000352,63,102,-39
210000353,34,111,-77
210000354,116,133,-17
210000355,51,97,-46
210000356,77,56,21
210000357,59,45,14
210000358,307,101,206
210000359,141,66,75
210000360,132,108,24
210000361,127,142,-15
210000362,225,170,55
210000363,1018,165,853
210000364,143,122,21
210000365,99,63,36
210000366,75,48,27
210000367,35,24,11
210000368,124,17,107
210000369,25,20,5
210000370,67,54,13
210000372,27,28,-1
210000373,108,14,94
210000374,30,15,15
210000375,27,91,-64
210000376,61,155,-94
210000404,121,183,-62
210000439,41,86,-45
210000472,102,6,96
210000482,62,77,-15
210000564,657,228,429
210000568,641,6,635
211000092,11,90,-79
211000094,18,8,10
211000169,126,23,103
211000172,10,202,-192
211000209,1,32,-31
211000275,6,46,-40
211000276,51,63,-12
211000279,9,73,-64
211000281,60,81,-21
211507980,1,21,-20
211977296,14,3,11
212000003,92,58,34
212000004,126,11,115
212000005,28,17,11
212000006,29,71,-42
212000008,119,285,-166
212000009,7,176,-169
212000012,55,93,-38
212000013,13,53,-40
212000014,232,187,45
212000015,177,257,-80
212000016,456,622,-166
212000027,441,476,-35
212000028,216,415,-199
212000029,145,304,-159
212000030,34,40,-6
212000031,39,74,-35
212000048,16,99,-83
212000049,5,71,-66
212000050,17,7,10
212000051,106,281,-175
212000052,108,449,-341
212000053,243,670,-427
212000054,136,181,-45
212000055,198,308,-110
212000056,11,49,-38
212000057,10,39,-29
212000058,312,59,253
212000070,79,338,-259
212000077,89,721,-632
212000099,235,344,-109
212000108,189,168,21
212000111,115,170,-55
212000120,172,131,41
212000138,98,30,68
212000156,4,122,-118
212000158,7,15,-8
212000159,237,60,177
212000160,427,301,126
212000161,33,11,22
212000310,20,17,3
212000311,4,75,-71
212000374,16,7,9
213000001,25,1024,-999
213000005,295,99,196
213000006,1104,157,947
213000007,67,8,59
213000009,614,263,351
213000010,143,208,-65
213000011,175,127,48
213000012,139,490,-351
213000014,33,7,26
213000015,174,2,172
213000016,221,0,221
213000017,29,0,29
213000018,1,272,-271
213000019,1,225,-224
213000020,112,515,-403
213000021,0,136,-136
213000023,234,185,49
213000033,224,953,-729
213000034,531,434,97
213000035,77,173,-96
213000045,124,291,-167
213000046,124,240,-116
213000047,575,869,-294
213000056,33,36,-3
213000069,66,2,64
213000073,4,26,-22
213000074,279,688,-409
213000075,458,5,453
213000085,6,45,-39
213000086,11,300,-289
213000091,91,14,77
213000092,90,17,73
213000099,139,926,-787
213000100,1120,199,921
213000101,125,152,-27
213000102,261,539,-278
213000103,667,1157,-490
213000104,58,790,-732
213000105,6,84,-78
213000106,10,236,-226
213000107,92,917,-825
213000108,9,751,-742
213000109,4,334,-330
213000110,19,69,-50
213000111,3,69,-66
213000112,168,163,5
213000115,25,8,17
213000116,143,1079,-936
213000117,8,1315,-1307
213000118,278,350,-72
213000119,77,1016,-939
213000120,101,978,-877
213000122,182,1073,-891
213000123,748,1987,-1239
213000124,88,2090,-2002
213000125,149,11,138
213000126,133,99,34
213000127,249,183,66
213000128,1033,835,198
213000129,633,292,341
213000130,287,180,107
213000132,207,95,112
213000133,221,87,134
213000134,552,32,520
213000136,290,20,270
213000137,373,73,300
213000139,259,9,250
213000147,40,4,36
213000148,16,13,3
213000149,10,6,4
213000150,1,113,-112
213000151,3,91,-88
213000152,5,80,-75
213000153,0,55,-55
213000154,25,200,-175
213000155,34,483,-449
213000156,134,830,-696
213000157,662,643,19
213000158,266,1006,-740
213000159,403,645,-242
213000163,391,111,280
213000165,689,149,540
213000171,0,160,-160
213000172,1,468,-467
213000173,3,406,-403
213000174,3,457,-454
213000175,9,333,-324
213000176,36,21,15
213000177,55,9,46
213000178,47,5,42
213000179,128,2,126
213000180,80,0,80
213000184,113,631,-518
213000188,321,88,233
213000189,201,52,149
213000190,852,891,-39
213000191,182,633,-451
213000192,116,685,-569
213000193,1585,321,1264
213000194,0,56,-56
213000195,15,479,-464
213000196,156,1135,-979
213000197,240,385,-145
213000198,32,4,28
213000200,115,1373,-1258
213000201,72,42,30
213000202,20,927,-907
213000203,3287,433,2854
213000204,466,53,413
213000205,202,54,148
213000206,216,42,174
213000207,50,6,44
213000208,179,2,177
213000209,154,1,153
213000210,258,0,258
213000211,19,16,3
213000212,3,28,-25
213000213,9,40,-31
213000218,187,1172,-985
213000219,341,21,320
213000220,259,7,252
213000223,206,93,113
213000224,44,15,29
213000225,55,5,50
213000226,51,11,40
213000227,421,184,237
213000228,153,72,81
213000229,522,25,497
213000230,223,22,201
213000232,91,446,-355
213000233,3,26,-23
213000234,4,26,-22
213000293,13,66,-53
213000294,184,12,172
213000295,5,74,-69
213000296,48,39,9
213000297,6,99,-93
213000298,16,126,-110
213000299,46,36,10
213000300,2,4,-2
213000303,12,26,-14
213000304,0,6,-6
213000305,1,12,-11
213000306,74,42,32
213000307,315,101,214
213000308,89,458,-369
213000309,179,68,111
213000310,268,123,145
213000311,272,754,-482
213000315,64,232,-168
213000316,73,65,8
213000322,76,230,-154
213000323,57,79,-22
213000324,61,225,-164
213000325,47,265,-218
213000326,83,97,-14
213000327,42,260,-218
213000328,41,119,-78
213000329,72,147,-75
213000340,123,1131,-1008
213000341,236,73,163
213000347,1002,181,821
213000348,18,295,-277
213000349,35,18,17
213000350,265,1904,-1639
213000366,35,419,-384
213000367,124,28,96
213000379,141,332,-191
213000386,12,324,-312
213000406,94,414,-320
213000417,1136,394,742
213000425,98,83,15
213000426,49,121,-72
213000427,37,562,-525
213000428,21,433,-412
213000429,4,5,-1
213000430,100,1603,-1503
213000431,28,5,23
213000432,2,17,-15
213000433,15,183,-168
213000434,53,167,-114
213000435,76,116,-40
213000436,12,85,-73
213000437,0,112,-112
213000438,103,180,-77
213000439,71,16,55
213000440,7,227,-220
213000441,0,1,-1
213000442,0,81,-81
213000443,318,505,-187
213000444,18,166,-148
213000445,1,112,-111
213000446,0,11,-11
213000447,27,24,3
213000448,3,81,-78
213000449,153,0,153
213000450,24,37,-13
213000451,205,104,101
213000452,10,21,-11
213000453,53,476,-423
213000455,293,1,292
213000456,0,208,-208
213000481,12,5,7
213000484,26,4,22
213000489,676,42,634
213900002,0,73,-73
213900003,275,33,242
213900013,1,208,-207
213900015,0,7,-7
213900016,9,14,-5
213900020,9,276,-267
213900030,1,101,-100
213900032,221,103,118
213900033,88,42,46
213900034,220,120,100
213900035,131,1036,-905
213900036,113,396,-283
213900037,53,494,-441
213900038,326,303,23
213900039,0,126,-126
213900041,0,103,-103
213900042,236,133,103
213900043,141,200,-59
213900244,8,0,8
213900245,0,39,-39
218000003,21,19,2
218000004,60,16,44
218000005,22,54,-32
218000006,76,25,51
218000007,8,4,4
218000012,277,126,151
218000013,65,112,-47
218000014,459,385,74
218000019,864,544,320
218000020,285,416,-131
218000021,44,160,-116
218000022,11,64,-53
218000023,0,69,-69
218000024,4,30,-26
218000025,7,34,-27
218000026,19,64,-45
218000027,1,39,-38
218000028,4,9,-5
218000029,0,2,-2
218000030,30,56,-26
218000031,3,63,-60
218000032,0,55,-55
218000040,11,7,4
218000046,38,268,-230
218000047,16,310,-294
218000048,94,315,-221
218000049,234,313,-79
218000050,531,438,93
218000051,90,474,-384
218000052,3,158,-155
218000053,3,25,-22
218000054,19,60,-41
218000055,22,30,-8
218000056,13,79,-66
218000057,6,52,-46
218000064,0,3,-3
218000065,41,44,-3
218000066,12,31,-19
218000067,27,96,-69
218000068,93,96,-3
218000069,116,187,-71
218000070,93,341,-248
218000071,183,262,-79
218000072,227,279,-52
218000078,569,1593,-1024
218000079,33,84,-51
218000080,52,74,-22
218000081,242,320,-78
218000082,14,148,-134
218000083,38,95,-57
218000084,71,290,-219
218000085,106,679,-573
218000086,35,319,-284
218000087,186,347,-161
218000090,11,94,-83
218000091,695,423,272
218000092,43,157,-114
218000093,65,145,-80
218000094,380,856,-476
218000099,256,491,-235
218000100,172,257,-85
218000101,130,174,-44
218000102,181,341,-160
218000103,92,198,-106
218000104,30,73,-43
218000105,16,5,11
218000106,8,15,-7
218000107,30,96,-66
218000108,2,69,-67
218000112,61,15,46
218000117,28,33,-5
218000134,633,1024,-391
218000135,16,144,-128
218000136,214,61,153
218000137,101,171,-70
218000138,21,118,-97
218000139,116,348,-232
218000140,199,175,24
218000141,58,92,-34
218000142,119,260,-141
218000143,36,225,-189
218000144,48,82,-34
218000145,227,461,-234
218000146,99,169,-70
218000151,12,21,-9
218000152,80,58,22
218000153,0,11,-11
218000154,13,1,12
218000155,5,1,4
218000156,38,27,11
218000157,16,12,4
218000158,3,2,1
218000159,6,3,3
218000160,5,6,-1
218000161,11,7,4
218000162,15,17,-2
218000163,7,6,1
218000164,17,13,4
218000165,36,39,-3
218000170,2,39,-37
218000171,27,6,21
218000172,17,38,-21
218000173,73,28,45
218000174,7,6,1
218000176,102,22,80
218000177,347,97,250
218000178,99,150,-51
218000179,65,53,12
218000180,41,22,19
218000181,93,28,65
218000187,6,33,-27
218000188,56,70,-14
218000189,12,110,-98
218000190,13,48,-35
218000191,83,125,-42
218000192,148,693,-545
218000193,368,765,-397
218000194,76,695,-619
218000195,113,86,27
218000196,203,255,-52
218000197,218,372,-154
218000198,2,134,-132
218000199,18,27,-9
218000200,79,50,29
218000201,10,9,1
218000202,136,121,15
218000207,17,66,-49
218000208,54,65,-11
218000211,30,13,17
218000212,3,10,-7
218000213,102,63,39
218000214,4,26,-22
218000215,50,130,-80
218000217,0,124,-124
218000218,357,109,248
218000219,54,24,30
218000220,170,345,-175
218000221,764,167,597
218000222,79,22,57
218000223,36,217,-181
218000224,9,55,-46
218000225,156,13,143
218000226,68,66,2
218000230,0,5,-5
218000232,43,64,-21
218000239,55,0,55
218000240,17,4,13
218000241,2,3,-1
218000242,47,1,46
218000243,10,0,10
218000244,5,2,3
218000245,18,0,18
218000246,0,0,0
218000247,0,1,-1
218000248,1,36,-35
218000249,1,4,-3
218000250,0,28,-28
218000251,3,10,-7
218000252,18,15,3
218000253,12,10,2
218000254,0,8,-8
218000255,0,6,-6
218000256,2,34,-32
218000267,824,1210,-386
218000268,8,77,-69
218000269,4,10,-6
218000270,16,57,-41
218000271,25,52,-27
218000273,6,3,3
218000274,7,2,5
218000275,9,40,-31
218000276,11,63,-52
218000278,7,23,-16
218000279,6,22,-16
218000280,15,19,-4
218000281,12,7,5
218000282,334,139,195
218000284,106,1,105
218000301,65,134,-69
218000302,100,64,36
218000303,90,61,29
218000316,604,1059,-455
218000317,635,1112,-477
218000318,307,961,-654
218000319,606,2043,-1437
218000320,483,893,-410
218000338,40,37,3
218000345,59,45,14
218000346,25,144,-119
218000459,81,431,-350
218000490,25,113,-88
218000501,34,28,6
218000502,59,77,-18
218000503,27,10,17
218000504,89,11,78
218000505,59,160,-101
218000506,21,167,-146
218000508,0,3,-3
218000510,140,8,132
218000520,119,89,30
218000521,5,86,-81
218000522,2,162,-160
218000523,66,0,66
218000524,41,180,-139
218000525,115,4,111
218000526,15,78,-63
218000529,22,301,-279
218000530,6,6,0
218000531,2,20,-18
218000532,8,29,-21
218000534,36,9,27
218000537,12,30,-18
218000538,159,175,-16
218000540,476,94,382
218000543,103,60,43
218000544,60,169,-109
218000545,12,54,-42
218000546,32,133,-101
218000547,58,120,-62
218000548,127,273,-146
218000549,290,153,137
218000550,181,731,-550
218000551,160,414,-254
218000552,546,41,505
218000553,22,104,-82
218000554,7,36,-29
218000555,12,47,-35
218000556,80,527,-447
218000557,144,99,45
218000558,34,0,34
218000559,0,32,-32
218000560,0,11,-11
218000561,10,0,10
218000562,13,205,-192
218000563,126,30,96
218000564,6,107,-101
218000565,209,22,187
218000566,474,39,435
218000567,9,71,-62
218000568,8,1,7
218000569,7,91,-84
218000570,141,4,137
218000571,0,78,-78
218000572,75,1,74
218000573,13,67,-54
218000574,80,64,16
218000575,77,4,73
218000576,1,43,-42
218000577,50,0,50
218000578,0,70,-70
218000579,104,2,102
218000581,1,97,-96
218000582,12,5,7
218000583,19,0,19
218000584,0,31,-31
218000585,17,3,14
218000586,7,53,-46
218000587,0,6,-6
218000588,0,5,-5
218000589,0,2,-2
218000590,0,0,0
218000591,12,5,7
218000592,5,0,5
218000593,0,0,0
218000594,0,0,0
218000595,1,0,1
218000596,0,0,0
218000597,1,0,1
218000598,0,1,-1
218000599,2,0,2
218000600,0,0,0
218000601,0,0,0
218000602,0,9,-9
218000603,0,2,-2
218000604,8,0,8
218000605,0,15,-15
218000606,26,0,26
218000607,14,32,-18
218000608,42,8,34
218000609,4,66,-62
218000610,39,0,39
218000611,14,4,10
218000612,2,38,-36
218000613,32,6,26
218000614,4,52,-48
218000615,66,5,61
218000616,4,175,-171
218000617,3,1,2
218000618,0,25,-25
218000619,32,26,6
218000620,5,129,-124
218000621,0,1,-1
218000622,0,26,-26
218000623,9,4,5
218000624,2,30,-28
218000625,3,3,0
218000626,0,5,-5
218000628,45,40,5
218000631,5,12,-7
218000632,3,108,-105
218000633,17,3,14
218000634,29,25,4
218000635,54,10,44
218000636,671,1930,-1259
218000637,828,716,112
218000638,120,58,62
218000639,29,338,-309
218000640,145,41,104
218000641,59,604,-545
218000652,187,169,18
218000653,140,66,74
218000663,1,103,-102
218000675,21,46,-25
218000676,3,45,-42
218000677,2,12,-10
218000680,109,585,-476
218000681,215,73,142
218000691,80,392,-312
218000693,93,76,17
218000703,8,75,-67
218000718,1035,525,510
218000719,1645,109,1536
218000720,3,36,-33
218000721,18,6,12
218000725,5,12,-7
218001214,17,23,-6
218001329,48,79,-31
218001330,50,44,6
218001359,1,0,1
218001360,1,1,0
218001361,0,2,-2
218001362,0,0,0
219000001,26,57,-31
219000002,38,52,-14
219000003,41,20,21
219000004,46,33,13
219000017,140,35,105
219000020,95,45,50
219000022,42,5,37
219000023,63,1,62
219000029,0,127,-127
219000034,26,7,19
219000039,38,58,-20
219000040,22,21,1
219000041,61,30,31
219000051,1,90,-89
219000052,1,33,-32
219000053,0,271,-271
219000054,353,444,-91
219000055,56,1,55
219000056,8,0,8
219000057,26,0,26
219000062,8,328,-320
219000063,42,6,36
219000064,3,29,-26
219000110,224,39,185
219000111,55,17,38
219000112,146,38,108
219000113,97,33,64
219000114,261,23,238
219000116,46,31,15
219000117,142,78,64
219000118,80,60,20
219000123,226,98,128
219000124,88,80,8
219000125,3,10,-7
219000126,67,118,-51
219000127,0,4,-4
219000128,27,145,-118
219000129,33,131,-98
219000130,990,880,110
219000131,775,790,-15
219000133,26,21,5
219000134,4,15,-11
219000135,30,55,-25
219000136,100,139,-39
219000138,50,19,31
219000139,18,62,-44
219000140,17,2,15
219000141,17,116,-99
219000142,17,76,-59
219000143,22,122,-100
219000145,13,55,-42
219000146,12,87,-75
219000147,0,81,-81
219000148,3,80,-77
219000149,38,294,-256
219000150,2,209,-207
219000151,2,180,-178
219000157,83,114,-31
219000158,98,294,-196
219000161,110,12,98
219000163,1505,364,1141
219000166,42,202,-160
219000167,78,301,-223
219000168,307,83,224
219000174,252,118,134
219000175,43,2,41
219000176,51,1,50
219000177,8,2,6
219000178,32,0,32
219000179,4,8,-4
219000180,52,30,22
219000182,78,7,71
219000183,28,66,-38
219000184,34,4,30
219000185,1,113,-112
219000186,24,87,-63
219000187,25,189,-164
219000189,193,154,39
219000190,156,238,-82
219000191,1738,1082,656
219000192,104,121,-17
219000193,682,164,518
219000195,1,76,-75
219000196,7,140,-133
219000198,33,208,-175
219000199,142,238,-96
219000200,33,205,-172
219000201,75,257,-182
219000203,28,183,-155
219000204,81,231,-150
219000205,34,216,-182
219000207,147,320,-173
219000209,32,87,-55
219000210,45,98,-53
219000213,9,473,-464
219000239,122,162,-40
219000240,181,369,-188
219000241,74,323,-249
219000242,44,222,-178
219000243,75,368,-293
219000244,21,130,-109
219000245,71,40,31
219000246,11,16,-5
219000247,69,32,37
219000248,388,217,171
219000249,52,55,-3
219000250,94,94,0
219000251,421,168,253
219000252,158,113,45
219000253,221,29,192
219000255,39,66,-27
219000256,145,73,72
219000257,54,1,53
219000262,80,311,-231
219000263,37,277,-240
219000267,5,214,-209
219000268,2,4,-2
219000269,3,3,0
219000270,8,0,8
219000271,61,4,57
219000278,1,8,-7
219000279,2,6,-4
219000283,0,2,-2
219000295,10,118,-108
219000296,59,587,-528
219000297,14,177,-163
219000298,8,252,-244
219000299,369,54,315
219000300,23,406,-383
219000301,168,338,-170
219000302,29,218,-189
219000307,19,66,-47
219000308,23,36,-13
219000311,112,35,77
219000312,406,29,377
219000313,179,17,162
219000314,109,636,-527
219000315,117,28,89
219000316,291,36,255
219000317,43,24,19
219000320,0,48,-48
219000321,0,42,-42
219000323,9,170,-161
219000325,1,47,-46
219000326,69,162,-93
219000327,62,39,23
219000328,32,42,-10
219000329,269,87,182
219000330,45,16,29
219000331,25,30,-5
219000332,40,97,-57
219000333,7,2,5
219000335,78,2,76
219000337,4,0,4
219000338,35,0,35
219000344,13,83,-70
219000345,79,124,-45
219000346,34,193,-159
219000348,92,253,-161
219000349,30,371,-341
219000350,60,83,-23
219000351,18,7,11
219000352,271,46,225
219000353,78,27,51
219000354,87,130,-43
219000355,67,27,40
219000356,1905,526,1379
219000363,330,18,312
219000364,89,21,68
219000365,72,12,60
219000366,203,165,38
219000368,359,339,20
219000370,1096,236,860
219000371,6,18,-12
219000382,6,19,-13
219000383,864,836,28
219000385,710,521,189
219000386,1096,1358,-262
219000387,3,1,2
219000390,6,1,5
219000391,1,0,1
219000397,68,104,-36
219000398,66,22,44
219000401,14,119,-105
219000402,13,106,-93
219000403,80,144,-64
219000404,11,93,-82
219000407,1,29,-28
219000409,29,20,9
219000410,43,19,24
219000411,35,11,24
219000446,205,578,-373
219000447,2,14,-12
219000448,4,5,-1
219000452,71,54,17
219000453,38,113,-75
219000454,290,143,147
219000556,105,94,11
219000558,217,355,-138
219000590,10,264,-254
219000591,26,45,-19
219000592,115,442,-327
219000595,0,57,-57
219000635,50,13,37
219000636,23,83,-60
219000657,9,19,-10
219000658,23,55,-32
219000673,0,7,-7
219000676,8,2,6
219000679,31,13,18
219000684,75,1,74
219000685,2,105,-103
219000686,1,2,-1
219000688,0,111,-111
219000689,56,192,-136
219000690,181,21,160
219000691,50,123,-73
219000692,137,10,127
219000693,1,43,-42
219000694,23,0,23
219000695,13,4,9
219000698,31,35,-4
219000699,0,12,-12
219000727,9,263,-254
219000728,66,0,66
219000770,10,1,9
219000771,1,33,-32
219001150,0,16,-16
219001151,0,3,-3
219001166,1,9,-8
219001167,0,64,-64
220000001,59,56,3
220000002,17,201,-184
220000003,351,317,34
220000004,564,661,-97
220000005,1547,1836,-289
220000006,122,915,-793
220000007,272,738,-466
220000008,333,1093,-760
220000009,127,509,-382
220000010,149,123,26
220000011,734,3090,-2356
220000012,214,311,-97
220000014,73,65,8
220000015,27,142,-115
220000017,75,474,-399
220000018,6787,989,5798
220000019,75,231,-156
220000020,231,207,24
220000021,367,159,208
220000022,286,533,-247
220000023,127,192,-65
220000024,1558,273,1285
220000025,713,486,227
220000026,146,156,-10
220000027,11,110,-99
220000028,17,33,-16
220000029,38,192,-154
220000030,106,80,26
220000031,133,228,-95
220000064,30,1286,-1256
221000046,3,0,3
221000047,0,1,-1
221000048,0,0,0
221000049,0,15,-15
221000050,10,0,10
221000055,41,57,-16
221000057,45,8,37
221000068,291,104,187
221000069,274,51,223
221000070,132,24,108
221000071,48,8,40
221000072,150,11,139
221000073,156,51,105
221000074,1,34,-33
221000075,33,20,13
221000076,12,53,-41
221000077,44,92,-48
221000081,18,7,11
221000082,33,3,30
221000083,37,4,33
221000084,2,6,-4
221000085,15,71,-56
221000086,8,152,-144
221000087,14,203,-189
221000088,30,270,-240
221000089,36,343,-307
221000090,137,540,-403
221000098,97,9,88
221000099,89,17,72
221000100,54,8,46
221000101,131,7,124
221000102,85,18,67
221000109,8,82,-74
221000110,19,118,-99
221000111,15,148,-133
221000112,9,137,-128
221000113,19,162,-143
221000114,8,165,-157
221000120,41,56,-15
221000121,2,22,-20
221000122,27,17,10
221000123,3,10,-7
221000124,19,338,-319
221000155,58,16,42
221000156,15,33,-18
221000175,1,2,-1
221000176,1,4,-3
221000182,28,13,15
221000241,473,203,270
221000242,219,331,-112
221000243,290,95,195
221000244,178,411,-233
221000245,30,82,-52
221000246,25,222,-197
221000247,36,137,-101
221000248,90,141,-51
221000267,35,1003,-968
221000325,48,62,-14
221000331,4,118,-114
221000338,18,16,2
221000378,65,22,43
221000381,46,32,14
222000282,4,1,3
222000296,2,43,-41
222000568,219,12,207
222000569,71,33,38
222000570,108,12,96
222000571,140,22,118
222000577,9,375,-366
222000578,36,256,-220
222000579,43,198,-155
222000580,146,1389,-1243
222000599,1,188,-187
222000600,7,378,-371
222000601,7,1106,-1099
222000603,16,18,-2
222000604,6,21,-15
222000605,7,7,0
222000606,2,10,-8
222000607,4,3,1
222000608,10,13,-3
222000609,42,468,-426
222000616,110,37,73
222000617,2,16,-14
222000618,1,4,-3
222000620,88,15,73
222000621,100,13,87
222000623,420,4,416
222000624,192,3,189
222000625,280,50,230
222000636,50,8,42
222000686,7,20,-13
222000687,47,25,22
222001066,267,0,267
222001067,5,8,-3
222001068,21,49,-28
222001069,23,56,-33
222001082,4,70,-66
222001083,7,91,-84
222001084,0,20,-20
222001085,0,182,-182
222001111,12,334,-322
222001112,20,42,-22
222001313,19,11,8
222001314,10,138,-128
222001464,43,31,12
222001465,15,173,-158
222001484,41,59,-18
222001485,17,59,-42
222001494,183,134,49
222001495,98,651,-553
222001496,185,37,148
222001497,42,966,-924
222001502,20,127,-107
222001503,86,48,38
222001504,26,323,-297
222001505,223,10,213
222001506,48,280,-232
222001507,212,17,195
222001510,174,26,148
222001511,49,506,-457
222001514,471,162,309
222001515,268,965,-697
222001518,110,77,33
222001519,49,533,-484
222001527,168,69,99
222001528,74,226,-152
222001529,133,59,74
222001530,56,370,-314
222001533,137,544,-407
222001534,175,50,125
222001535,61,135,-74
222001536,145,594,-449
222001537,137,20,117
222001538,57,588,-531
222001563,260,72,188
222001564,47,1013,-966
222001568,218,113,105
222001576,0,0,0
222001579,0,3,-3
222001583,9,425,-416
222001584,47,14,33
222001596,813,2078,-1265
222001597,1758,323,1435
222001626,1,247,-246
222001650,70,62,8
222001651,68,206,-138
222001914,192,110,82
222001915,33,371,-338
222900004,466,214,252
222900009,451,1194,-743
222900019,120,334,-214
222900024,5,43,-38
222900025,6,34,-28
225000001,259,114,145
225000002,208,92,116
225000003,232,82,150
225000004,134,205,-71
225000005,30,38,-8
225000006,0,137,-137
225000007,3649,1201,2448
225000010,99,5,94
225000011,424,863,-439
225000012,136,525,-389
225000013,91,178,-87
225000014,841,76,765
225000015,99,239,-140
225000021,580,180,400
225000027,321,548,-227
225000032,515,211,304
225000042,55,797,-742
225000049,66,48,18
225000050,35,14,21
225000053,5,259,-254
225000058,496,141,355
225000067,139,217,-78
225000068,80,639,-559
225000069,230,590,-360
225000070,58,560,-502
225000071,28,380,-352
225000075,22,1185,-1163
225000076,75,151,-76
225000078,82,22,60
225000085,23,60,-37
225000086,126,33,93
225000087,133,23,110
225000088,9,173,-164
225000089,320,667,-347
225000090,26,365,-339
225000091,97,235,-138
225000092,34,75,-41
225000093,130,407,-277
225000094,9,568,-559
225000095,298,667,-369
225000096,172,542,-370
225000098,323,113,210
225000099,177,79,98
225000100,104,116,-12
225000104,52,434,-382
225000110,11,512,-501
225000111,159,1311,-1152
225000112,418,1152,-734
225000113,143,760,-617
225000114,57,402,-345
225000115,3172,659,2513
225000116,786,106,680
225000117,774,571,203
225000118,605,447,158
225000119,148,75,73
225000120,445,57,388
225000121,162,30,132
225000123,1827,19,1808
225000125,175,270,-95
225000126,792,165,627
225000127,840,442,398
225000128,278,347,-69
225000132,191,23,168
225000133,151,25,126
225000134,482,102,380
225000135,44,20,24
225000136,131,15,116
225000137,109,64,45
225000138,268,29,239
225000143,102,138,-36
225000144,1,405,-404
225000145,16,28,-12
225000146,34,124,-90
225000147,5,381,-376
225000148,10,267,-257
225000149,74,589,-515
225000151,19,276,-257
225000155,192,448,-256
225000156,206,783,-577
225000157,187,363,-176
225000158,86,442,-356
225000171,4,205,-201
225000180,38,36,2
225000181,0,50,-50
225000182,68,7,61
225000185,7,352,-345
225000187,64,465,-401
225000191,54,2,52
225000194,0,8,-8
225000208,0,74,-74
225000209,36,21,15
225000210,6,197,-191
225000217,0,11,-11
225000218,7,0,7
225000223,0,50,-50
225000224,386,6,380
225000225,5,21,-16
225000226,162,4,158
225000227,33,86,-53
225000228,9,5,4
225000229,0,52,-52
225000230,62,1,61
225000231,0,81,-81
225000232,72,0,72
225000241,27,2,25
225000242,0,44,-44
225000249,68,60,8
225000250,57,1023,-966
225000251,263,20,243
225000254,9,185,-176
225000256,0,77,-77
225000257,0,28,-28
226000042,437,447,-10
226000043,69,267,-198
226000044,143,696,-553
226000045,69,508,-439
226000046,260,50,210
226000047,292,53,239
226000048,253,75,178
226000049,219,91,128
226000070,0,51,-51
226000071,1,90,-89
226000072,0,13,-13
226000073,0,9,-9
226000074,0,11,-11
226000084,0,52,-52
226000085,2,7,-5
226000086,1,3,-2
226000087,10,10,0
226000088,50,16,34
226000090,125,25,100
226000091,8,10,-2
226000092,1,1,0
226000093,20,1,19
226000094,20,0,20
226000095,18,1,17
226000105,7,1,6
226000106,2,1,1
226000107,4,0,4
226000108,14,0,14
226000109,43,1,42
226000124,89,75,14
226000134,287,440,-153
226000135,694,515,179
226000136,209,381,-172
226000137,9,459,-450
226000138,19,216,-197
226000139,0,19,-19
226000156,107,7,100
226000157,109,12,97
226000163,55,49,6
226000202,14,547,-533
226000231,81,3,78
226000232,39,4,35
227000033,235,34,201
227000036,134,18,116
227000037,106,12,94
227000038,73,21,52
227000084,0,58,-58
227000085,0,46,-46
227000088,15,2,13
227000089,74,0,74
227000090,36,1,35
227000091,3,0,3
227000092,8,0,8
227000093,26,1,25
227000094,5,0,5
227000130,21,86,-65
227000131,7,265,-258
227000132,15,272,-257
227000133,15,278,-263
227000134,26,474,-448
227000152,0,0,0
227000153,0,47,-47
227000154,0,21,-21
227000155,2,19,-17
227000156,0,20,-20
227000165,4,39,-35
227000196,181,582,-401
227000199,82,893,-811
227000230,23,736,-713
227000232,141,14,127
227000242,67,642,-575
227000243,269,54,215
227000245,22,502,-480
227000246,117,554,-437
227000247,196,67,129
227000248,44,11,33
227000249,17,221,-204
227000250,152,64,88
227000251,132,219,-87
227000252,17,404,-387
227000253,33,14,19
227000262,180,17,163
227000266,402,10,392
227000267,33,2914,-2881
227000282,11,364,-353
227000284,150,13,137
227000286,1,152,-151
227000291,19,820,-801
227000296,312,308,4
227000484,225,15,210
227000485,22,924,-902
227000655,38,15,23
227000656,492,35,457
227000657,26,9,17
227000704,58,8,50
229000265,3,11,-8
229000266,3,0,3
229000267,13,0,13
229000268,9,0,9
229000269,69,0,69
229000274,0,15,-15
229000275,1,24,-23
229000276,0,15,-15
229000277,0,1,-1
229000278,1,5,-4
229000295,6,25,-19
229000296,20,6,14
229000297,10,43,-33
229000298,10,241,-231
229000320,7,9,-2
229000321,21,20,1
229000412,32,79,-47
229000414,9,48,-39
229000415,6,0,6
229000416,6,4,2
229000417,1,17,-16
229000419,104,349,-245
229000440,255,72,183
229000442,10,6,4
229000443,2,4,-2
229000444,4,38,-34
229000445,22,8,14
229000446,63,9,54
229000491,3,37,-34
229000492,14,233,-219
229000493,3,145,-142
229000494,19,6,13
229000495,91,11,80
229000496,33,9,24
229000507,0,52,-52
229000508,2,43,-41
229000509,0,66,-66
229000510,1,28,-27
229000511,2,71,-69
229000512,0,47,-47
229000513,0,13,-13
229000514,1,4,-3
229000517,3,10,-7
229000518,3,32,-29
229000519,2,13,-11
229000520,6,66,-60
229000521,28,27,1
229000522,0,10,-10
229000523,3,18,-15
229000524,1,11,-10
229000527,7,2,5
229000528,2,0,2
229000529,3,0,3
229000530,79,2,77
229000531,25,4,21
229000532,31,0,31
229000533,74,0,74
229000534,83,1,82
229000564,42,0,42
229000565,3,0,3
229000566,0,27,-27
229000567,1,93,-92
229000582,109,1,108
229000583,2,4,-2
229000584,0,51,-51
229000585,0,55,-55
229000718,0,2,-2
229000719,0,1,-1
229000720,0,19,-19
229000721,0,10,-10
229000722,0,46,-46
229000723,0,20,-20
229000724,0,1,-1
229000725,0,12,-12
229000738,0,0,0
229000739,0,0,0
229000740,2,0,2
229000741,2,0,2
229000742,1,0,1
229000743,14,0,14
229000744,0,0,0
229000745,0,0,0
229000746,22,0,22
229000847,19,1,18
229000848,6,0,6
229000849,39,1,38
229000851,15,0,15
229000854,0,72,-72
229000856,6,196,-190
229000857,0,57,-57
229000858,2,135,-133
229000919,18,82,-64
229000930,4,200,-196
229000937,43,26,17
229000966,28,21,7
229000981,26,31,-5
229000985,8,38,-30
229000986,1,8,-7
229000987,0,1,-1
229000988,0,18,-18
229000989,2,6,-4
229000990,1,4,-3
229000991,3,3,0
229000992,2,14,-12
229000993,184,31,153
229000998,24,60,-36
229000999,50,14,36
229001034,0,40,-40
229001035,4,4,0
229001036,3,80,-77
229001037,36,0,36
229001038,1,4,-3
229001039,11,0,11
229001040,1,78,-77
229001041,34,0,34
229001042,8,30,-22
229001047,2,85,-83
229001050,42,9,33
229001168,0,3,-3
229001200,1,3,-2
229001338,27,24,3
229001394,230,3,227
229001422,73,28,45
229001423,26,122,-96
229001431,22,41,-19
229001432,41,50,-9
229001444,110,58,52
229001445,44,252,-208
229001479,5,5,0
229001503,94,85,9
229001504,76,205,-129
229001505,50,51,-1
229001506,26,187,-161
229001509,51,1,50
229001510,1,48,-47
229001545,59,12,47
229001546,7,99,-92
229001553,46,30,16
229001554,20,93,-73
229001630,49,11,38
229001631,14,41,-27
229001635,0,12,-12
229001636,0,0,0
229001658,0,87,-87
229001659,60,6,54
229001660,0,6,-6
229001661,0,24,-24
229001662,11,1,10
229001663,0,11,-11
229002584,216,199,17
229002831,272,152,120
229002841,1,26,-25
229002842,1,16,-15
229002843,23,35,-12
229002844,25,75,-50
229002845,5,71,-66
229002846,7,9,-2
229002847,6,14,-8
229002848,10,16,-6
229002849,0,81,-81
229002850,18,2,16
229002851,25,118,-93
229002852,68,40,28
229002853,76,16,60
229002854,36,39,-3
229002855,5,40,-35
229002856,10,13,-3
229002857,1,117,-116
229002858,8,12,-4
229002859,18,86,-68
229002860,44,64,-20
229002861,9,27,-18
229002862,11,43,-32
229002863,8,43,-35
229002864,17,33,-16
229002865,28,16,12
229002866,64,23,41
229002867,2,34,-32
229002868,14,8,6
229002869,13,190,-177
229002870,35,17,18
235000066,272,47,225
235000067,116,69,47
235000072,42,53,-11
235000073,63,245,-182
235000074,32,76,-44
235000080,4,98,-94
235000081,39,246,-207
235000082,51,74,-23
235000083,76,99,-23
235000084,24,47,-23
235000085,57,31,26
235000089,17,25,-8
235000092,8,98,-90
235000093,11,4,7
235000097,1,2,-1
235000098,12,5,7
235000099,22,18,4
235000116,17,23,-6
235000117,767,13,754
235000133,18,211,-193
235000134,11,53,-42
235000206,3,0,3
235000207,1,3,-2
235000208,3,2,1
235000209,33,36,-3
235000210,4,2,2
235000212,4,16,-12
235000213,0,6,-6
235000220,0,3,-3
235000221,26,8,18
235000238,7,19,-12
235000239,0,1,-1
235000242,218,224,-6
235000245,1194,208,986
235000246,10,44,-34
235000284,2,115,-113
235000295,137,8,129
235000305,117,26,91
235000306,43,8,35
235000307,11,1,10
235000308,22,0,22
235000309,43,0,43
235000310,60,0,60
235000311,15,18,-3
235000322,0,46,-46
235000323,1,120,-119
235000324,0,21,-21
235000325,1,20,-19
235000326,5,456,-451
235000351,9,69,-60
235000352,29,223,-194
235000353,1,44,-43
235000354,1,115,-114
235000355,10,114,-104
235000356,54,9,45
235000357,30,12,18
235000358,27,24,3
235000359,0,17,-17
235000360,61,25,36
235000361,53,13,40
235000381,7,362,-355
235000382,53,47,6
235000390,6,1,5
235000391,59,28,31
235000392,57,122,-65
235000393,64,54,10
235000395,52,17,35
235000396,184,50,134
235000400,189,34,155
235000401,20,229,-209
235000405,77,383,-306
235000406,30,382,-352
235000407,50,123,-73
235000409,178,177,1
235000410,39,206,-167
235000411,0,97,-97
235000485,0,13,-13
235000486,19,8,11
235000549,41,97,-56
235000550,32,242,-210
235000599,41,100,-59
235000600,7,11,-4
235000601,6,34,-28
235000602,39,132,-93
235000614,0,0,0
235000648,7,19,-12
235000649,15,2,13
235000685,0,6,-6
235000815,10,22,-12
235000834,0,11,-11
235000855,9,46,-37
235000862,20,302,-282
235000891,0,35,-35
235000892,16,6,10
235000901,76,88,-12
235000907,1,12,-11
235001010,27,108,-81
235001029,713,390,323
235001030,303,137,166
235001078,56,48,8
235001079,43,118,-75
235001147,10,53,-43
235001166,7,73,-66
235001167,14,61,-47
235001169,39,387,-348
235001188,0,8,-8
235001189,0,0,0
235001197,8,10,-2
235001200,25,26,-1
235001208,19,5,14
235001209,28,72,-44
235001210,35,270,-235
235001239,0,40,-40
235001244,2,13,-11
235016267,0,33,-33
241900007,29,0,29
277101746,0,3,-3
277102712,31,33,-2
277103813,0,0,0
277103814,0,0,0
277103898,0,4,-4
990011530,0,341,-341
990014944,0,585,-585
990015176,23,1,22
990015618,0,110,-110
990016032,1,546,-545
990032570,7,164,-157
990070001,70,1,69
990070103,0,3,-3
990070601,1,121,-120
990070751,237,1,236
990070766,7,1050,-1043
990071180,476,306,170
990071343,6,2,4
990071387,1,8,-7
990071823,246,3,243
990072600,2,821,-819
990072964,4,800,-796
990073285,0,6,-6
990074393,6,1642,-1636
990074870,489,6,483
990075106,348,5,343
990075746,244,2,242
990076437,439,6,433
990076458,3,1745,-1742
997000007,151,3,148
997000041,0,195,-195
997000058,14,0,14
997000062,30,0,30
997000069,0,2,-2
997000070,0,76,-76
997000100,14,0,14
997000141,9,2257,-2248
997000198,6,1166,-1160
998000475,0,13,-13
998000736,2,462,-460
998000965,0,17,-17
998001031,0,44,-44
998001700,0,26,-26
998001899,0,2,-2
998001900,3,2,1
998003073,1322,6,1316
998101900,0,0,0
998102850,2,128,-126
998501927,415,299,116
998501929,146,25,121
998501930,61,2,59
998501931,143,24,119
998501932,5,0,5
998501933,21,1,20
998501937,9,2,7
998501944,2,1,1
998501970,26,2,24
998501971,2,92,-90
998501972,490,2,488
998501973,0,101,-101
998501974,0,250,-250
998501975,152,27,125
998501976,22,1,21
998501977,0,23,-23
998501978,29,0,29
998501979,0,10,-10
998501980,80,0,80
998501981,32,4,28
998501982,0,164,-164
998502006,2,0,2
998502024,0,8,-8
998502032,0,0,0
998502062,15,1,14
998502063,0,0,0
998502173,17,1,16
998502269,0,3,-3
998601159,1,401,-400
998601292,0,23,-23
999033574,1,134,-133
999800001,36,1,35
999800002,1,7,-6
999800003,5,0,5
999800004,0,5,-5
999800005,0,11,-11
