ID,insum,outsum,diff
100000001,1114,1236,-122
100000002,3162,3103,59
100000003,7858,6329,1529
100000004,1386,1557,-171
100000005,3106,6589,-3483
100000006,1060,213,847
100000007,2129,923,1206
100000008,321,872,-551
100000009,657,350,307
100000010,94,78,16
100000011,1163,157,1006
100000012,93,976,-883
100000013,45,225,-180
100000014,498,440,58
100000015,2285,2894,-609
100000016,962,1843,-881
100000017,595,1341,-746
100000018,1798,868,930
100000019,5257,2716,2541
100000020,2685,8530,-5845
100000021,6895,3201,3694
100000022,1808,3482,-1674
100000023,5462,2426,3036
100000025,1311,1944,-633
100000028,1826,1798,28
100000029,389,662,-273
100000030,203,113,90
100000031,4982,8148,-3166
100000032,2647,4895,-2248
100000033,1190,2992,-1802
100000034,400,912,-512
100000035,2027,2373,-346
100000036,2284,1863,421
100000037,907,527,380
100000038,2816,1270,1546
100000039,806,620,186
100000040,220,185,35
100000041,1683,656,1027
100000042,1531,610,921
100000043,1226,530,696
100000044,409,1029,-620
100000045,564,1752,-1188
100000046,694,1150,-456
100000047,394,586,-192
100000048,859,632,227
100000049,1739,1678,61
100000051,642,1005,-363
100000053,269,13,256
100000054,572,56,516
100000055,1339,307,1032
100000056,631,516,115
100000057,2389,786,1603
100000058,1234,1232,2
100000059,27,155,-128
100000060,519,431,88
100000061,3049,630,2419
100000062,3199,644,2555
100000063,993,340,653
100000064,1636,391,1245
100000065,485,826,-341
100000066,246,681,-435
100000067,630,761,-131
100000068,579,1694,-1115
100000069,335,1294,-959
100000072,327,905,-578
100000073,1329,1177,152
100000075,842,295,547
100000076,2555,3753,-1198
100000077,219,264,-45
100000078,26,39,-13
100000079,68,71,-3
100000080,47,69,-22
100000081,207,205,2
100000102,3285,3147,138
100000103,3058,2331,727
100000104,4822,3753,1069
100000105,2870,2305,565
100000106,2959,3159,-200
100000107,719,1518,-799
100000108,890,1438,-548
100000109,2377,1921,456
100000116,1394,1372,22
100000117,122,129,-7
100000118,1348,2035,-687
100000119,700,983,-283
100000121,501,613,-112
100000122,1009,1615,-606
100000123,3490,5693,-2203
100000124,4637,8851,-4214
100000125,4805,2266,2539
100000126,898,705,193
100000127,1789,544,1245
100000128,1282,3327,-2045
100000129,655,671,-16
100000130,660,621,39
100000131,2659,3646,-987
100000132,1697,4414,-2717
100000133,5143,2810,2333
100000135,710,1424,-714
100000139,469,499,-30
100000140,415,423,-8
100000142,640,583,57
100000143,1895,636,1259
100000144,3705,843,2862
100000147,1545,3968,-2423
100000150,83,387,-304
100000151,1429,1561,-132
100000153,303,540,-237
100000154,75,413,-338
100000155,32,64,-32
100000156,403,533,-130
100000157,180,187,-7
100000158,337,153,184
100000159,260,826,-566
100000165,1808,1125,683
100000169,293,985,-692
100000174,797,926,-129
100000179,102,874,-772
100000180,4304,5025,-721
100000181,791,340,451
100000188,107,317,-210
100000189,1506,560,946
100000190,791,1266,-475
100000191,810,796,14
100000192,106,129,-23
100000193,375,258,117
100000330,1388,1210,178
100000355,301,953,-652
100000362,4328,3150,1178
100000363,5583,5536,47
100000364,269,376,-107
100000365,7168,9162,-1994
100000366,6050,3417,2633
100000367,6680,8683,-2003
100000368,2580,1572,1008
100000369,1600,2949,-1349
100000370,319,1133,-814
100000376,70,259,-189
100000379,2504,2538,-34
100000380,4938,6589,-1651
100000384,6796,7762,-966
100000385,4723,6327,-1604
100000386,7965,6852,1113
100000387,5745,7846,-2101
100000388,7389,8428,-1039
100000389,9030,8926,104
100000390,10098,8514,1584
100000391,7199,11232,-4033
100000392,3439,4993,-1554
100000393,3120,6283,-3163
100000394,8225,11362,-3137
100000395,6509,5457,1052
100000396,7660,4676,2984
100000397,5699,8729,-3030
100000398,12274,9264,3010
100900002,14,23,-9
100900003,526,210,316
100900004,35,1290,-1255
100900005,173,18,155
100900006,43,70,-27
100900007,527,13,514
100900008,16,472,-456
100900009,111,151,-40
100900010,93,76,17
100900011,185,206,-21
100900012,1,173,-172
100900013,1361,5,1356
100900014,3,18,-15
100900015,144,91,53
100900016,4,27,-23
100900017,1220,103,1117
100900018,0,16,-16
100900019,38,197,-159
100900020,395,8,387
100900021,566,5,561
100900022,24,54,-30
100900023,1,39,-38
100900024,732,7,725
100900025,32,24,8
100900026,171,114,57
100900027,822,3507,-2685
100900028,141,294,-153
100900029,39,5,34
100900030,4,135,-131
100900031,797,45,752
100900032,301,1,300
100900033,383,337,46
100900034,855,9,846
100900035,466,2,464
100900036,18,1,17
100900037,149,206,-57
100900038,84,66,18
100900039,264,450,-186
100900040,457,579,-122
100900041,910,557,353
100900042,1259,1837,-578
100900043,0,13,-13
100900044,1810,730,1080
100900045,8,1,7
100900046,1614,15,1599
100900047,846,296,550
100900048,232,47,185
100900049,115,173,-58
100900050,2,12,-10
100900051,59,138,-79
100900052,604,60,544
100900053,520,27,493
100900054,11,65,-54
100900055,436,921,-485
100900056,164,270,-106
100900057,1939,1113,826
100900058,480,98,382
100900059,149,9,140
100900060,281,10,271
100900061,341,237,104
100900062,10,58,-48
100900063,340,801,-461
100900064,919,25,894
100900065,122,132,-10
100900066,214,172,42
100900067,18,17,1
100900068,183,131,52
100900069,520,8,512
100900070,505,7,498
100900071,693,232,461
100900072,1,32,-31
100900073,156,353,-197
100900074,2,11,-9
100900075,2055,512,1543
100900076,17,22,-5
100900077,50,71,-21
100900078,144,548,-404
100900079,8,24,-16
100900080,38,178,-140
100900081,37,201,-164
100900082,181,428,-247
100900083,23,20,3
100900085,15,510,-495
100900086,230,820,-590
100900088,161,439,-278
100900089,4,20,-16
100900090,188,817,-629
100900091,6,19,-13
100900092,320,250,70
100900093,373,493,-120
100900094,170,362,-192
100900095,5,22,-17
100900096,58,159,-101
100900097,7,7,0
100900098,38,16,22
100900099,30,552,-522
100900100,32,730,-698
100900101,355,85,270
100900102,116,184,-68
100900103,7,13,-6
100900104,4,260,-256
100900105,48,769,-721
100900106,76,7,69
100900107,2451,995,1456
100900108,9,92,-83
100900109,28,20,8
100900110,9,21,-12
100900111,54,203,-149
100900112,8,22,-14
100900113,21,32,-11
100900114,11,18,-7
100900115,7,38,-31
100900116,1160,951,209
100900117,419,1202,-783
100900118,148,92,56
100900119,23,14,9
100900120,9,12,-3
100900121,489,723,-234
100900122,182,194,-12
100900123,161,187,-26
100900124,14,14,0
100900125,24,128,-104
100900126,221,250,-29
100900127,2,10,-8
100900128,128,245,-117
100900129,1,276,-275
100900131,126,340,-214
100900133,94,40,54
100900134,0,8,-8
100900135,0,321,-321
100900137,400,257,143
100900138,570,566,4
100900139,4,6,-2
100900140,4,473,-469
100900141,7,764,-757
100900142,0,18,-18
100900143,1031,619,412
100900144,14,9,5
100900145,181,234,-53
100900146,16,78,-62
100900147,38,1161,-1123
100900148,44,520,-476
100900149,23,402,-379
100900150,11,65,-54
100900151,161,586,-425
100900152,342,1,341
100900153,15,344,-329
100900154,63,163,-100
100900155,9,14,-5
100900156,51,7,44
100900157,28,315,-287
100900159,6,46,-40
100900160,66,15,51
100900161,66,13,53
100900162,52,555,-503
100900163,171,177,-6
100900164,58,47,11
100900165,23,32,-9
100900166,59,15,44
100900167,33,101,-68
100900168,100,170,-70
100900169,125,1022,-897
100900170,55,12,43
100900171,17,612,-595
100900172,1,68,-67
100900173,15,351,-336
100900174,459,71,388
100900176,1745,260,1485
100900177,744,406,338
100900178,307,138,169
100900179,429,521,-92
100900180,9,4,5
100900181,159,96,63
100900182,121,49,72
100900184,33,215,-182
100900186,708,452,256
100900187,15,84,-69
100900188,33,11,22
100900189,2240,259,1981
100900191,1157,1394,-237
100900192,272,463,-191
100900195,145,211,-66
100900197,19,42,-23
100900198,46,174,-128
100900199,9,15,-6
100900200,834,468,366
100900201,110,968,-858
100900202,88,0,88
100900203,0,141,-141
100900204,580,1807,-1227
100900205,211,752,-541
100900206,223,118,105
100900207,346,203,143
100900210,120,504,-384
100900211,850,221,629
100900213,237,101,136
100900214,534,217,317
100900215,22,58,-36
100900217,180,125,55
101000001,4259,3000,1259
101000002,7707,8190,-483
101000003,584,1845,-1261
101000004,8878,7501,1377
101000005,5054,5864,-810
101000006,7892,8274,-382
101000007,4235,5004,-769
101000008,2774,2580,194
101000009,2369,1153,1216
101000010,1028,969,59
101000011,1702,637,1065
101000012,1341,1029,312
101000013,891,1499,-608
101000014,498,647,-149
101000015,1522,1095,427
101000016,471,607,-136
101000017,703,571,132
101000018,2700,3397,-697
101000020,2686,1388,1298
101000021,882,583,299
101000022,283,139,144
101000023,1423,817,606
101000025,339,553,-214
101000026,371,49,322
101000027,2310,3396,-1086
101000028,1059,266,793
101000029,300,2366,-2066
101000030,2144,181,1963
101000031,1306,1429,-123
101000032,8831,5947,2884
101000033,2693,4754,-2061
101000034,2101,2232,-131
101000035,993,680,313
101000036,1749,1217,532
101000037,2493,2199,294
101000039,2901,3697,-796
101000040,3505,5039,-1534
101000041,10528,11078,-550
101000042,644,1789,-1145
101000043,8548,11710,-3162
101000045,1975,1353,622
101000046,4202,2694,1508
101000047,2932,5588,-2656
101000048,1076,913,163
101000049,872,2746,-1874
101000050,2803,3673,-870
101000051,2225,4054,-1829
101000052,1896,1635,261
101000053,1321,1769,-448
101000054,2477,1564,913
101000055,1741,1748,-7
101000056,54,135,-81
101000057,2210,1656,554
101000058,1370,1701,-331
101000059,2508,2823,-315
101000060,2032,853,1179
101000061,1013,1973,-960
101000062,741,893,-152
101000063,626,1224,-598
101000064,1067,1247,-180
101000065,473,582,-109
101000066,1178,1077,101
101000067,1206,1348,-142
101000068,309,580,-271
101000069,322,105,217
101000070,1088,1362,-274
101000071,2454,1294,1160
101000072,987,3987,-3000
101000073,1045,1542,-497
101000074,5988,5350,638
101000075,4918,6841,-1923
101000077,1905,1612,293
101000078,1133,2137,-1004
101000079,880,582,298
101000080,630,775,-145
101000081,2088,2040,48
101000082,3378,2989,389
101000083,3449,2433,1016
101000084,1464,939,525
101000085,1728,1301,427
101000086,1188,1363,-175
101000087,968,1048,-80
101000088,1636,1318,318
101000089,1433,1880,-447
101000090,2091,1242,849
101000091,531,791,-260
101000092,1315,1027,288
101000093,1706,868,838
101000094,1289,1177,112
101000095,606,678,-72
101000096,424,558,-134
101000097,565,706,-141
101000098,525,678,-153
101000099,1308,1452,-144
101000100,1153,1402,-249
101000101,411,514,-103
101000102,895,636,259
101000103,977,606,371
101000104,520,726,-206
101000105,378,597,-219
101000106,720,1136,-416
101000107,350,440,-90
101000108,788,260,528
101000109,479,110,369
101000110,54,417,-363
101000111,91,226,-135
101000113,275,793,-518
101000114,10154,10645,-491
101000115,90,128,-38
101000116,215,137,78
101000117,1648,377,1271
101000119,65,101,-36
101000120,203,70,133
101000121,76,89,-13
101000122,188,162,26
101000123,80,160,-80
101000124,781,343,438
101000125,231,425,-194
101000128,531,695,-164
101000130,324,381,-57
101000131,1129,514,615
101000132,919,1114,-195
101000135,76,45,31
101000136,503,245,258
101000137,33,382,-349
101000141,1464,4342,-2878
101000147,1109,443,666
101000148,1115,57,1058
101000149,87,213,-126
101000150,117,591,-474
101000151,372,55,317
101000152,330,331,-1
101000153,500,284,216
101000154,302,931,-629
101000155,460,180,280
101000156,22,340,-318
101000157,87,62,25
101000160,55,41,14
101000163,277,356,-79
101000164,416,337,79
101000165,342,416,-74
101000166,321,454,-133
101000168,1069,411,658
101000252,2530,1118,1412
101000254,422,181,241
101000258,38,9,29
101000261,155,52,103
101000262,1591,3479,-1888
101000263,591,1833,-1242
101000265,153,998,-845
101000266,439,456,-17
101000269,68,23,45
101000290,1417,3545,-2128
101000293,44,93,-49
101000294,1036,662,374
101000295,143,506,-363
101000301,809,754,55
101000304,2532,3342,-810
101000305,3653,1689,1964
101000328,50,409,-359
101900001,25,47,-22
101900002,0,12,-12
101900003,34,123,-89
101900004,4,73,-69
101900005,3176,3076,100
101900006,1672,97,1575
101900007,1091,305,786
101900008,124,428,-304
101900009,89,504,-415
101900010,997,923,74
101900011,248,1335,-1087
101900012,426,341,85
101900013,914,214,700
101900017,20,139,-119
101900018,1336,357,979
101900019,277,147,130
101900020,172,128,44
101900021,5,42,-37
101900022,196,1196,-1000
101900023,206,152,54
101900026,121,45,76
101900027,21,126,-105
102000001,3142,5728,-2586
102000002,2937,1329,1608
102000003,3717,9428,-5711
102000004,6839,3839,3000
102000005,1594,2677,-1083
102000006,1172,2220,-1048
102000007,2125,5841,-3716
102000008,4979,1783,3196
102000009,8462,9984,-1522
102000010,6200,3816,2384
102000011,4192,3581,611
102000012,3739,3481,258
102000018,3341,3156,185
102000019,2462,1923,539
102000026,316,669,-353
102000029,313,242,71
102000030,184,443,-259
102000031,94,182,-88
102000032,659,391,268
102000033,282,483,-201
102000034,778,534,244
102000035,1946,876,1070
102000036,22,339,-317
102000037,176,81,95
102000038,214,366,-152
102000039,199,122,77
102000040,412,383,29
102000041,284,444,-160
102000042,301,418,-117
102000043,281,343,-62
102000044,428,515,-87
102000045,836,878,-42
102000046,1467,725,742
102000047,1025,1095,-70
102000048,506,818,-312
102000049,1212,925,287
102000050,1246,1293,-47
102000051,497,745,-248
102000052,1296,848,448
102000053,1024,1048,-24
102000054,923,1438,-515
102000055,1621,644,977
102000056,1191,1006,185
102000057,1855,756,1099
102000058,1555,1429,126
102000059,1931,1814,117
102000060,1572,1308,264
102000061,2079,2244,-165
102000062,2198,1237,961
102000063,1463,1754,-291
102000064,696,793,-97
102000065,84,204,-120
102000066,869,1171,-302
102000067,2556,3399,-843
102000068,10991,3335,7656
102000069,104,2636,-2532
102000070,1509,66,1443
102000071,7325,9812,-2487
102000072,3227,4308,-1081
102000073,1638,1288,350
102000074,788,1295,-507
102000075,179,362,-183
102000076,256,466,-210
102000077,922,710,212
102000078,1117,716,401
102000079,208,252,-44
102000080,305,250,55
102000081,378,912,-534
102000082,739,447,292
102000083,758,286,472
102000084,463,293,170
102000085,3118,1042,2076
102000086,1580,1575,5
102000087,1067,1790,-723
102000088,514,348,166
102000089,1671,480,1191
102000090,636,1289,-653
102000091,1615,806,809
102000092,390,845,-455
102000093,571,791,-220
102000094,1074,823,251
102000095,1150,1599,-449
102000096,953,1022,-69
102000097,1001,1081,-80
102000098,711,1036,-325
102000099,1083,1202,-119
102000100,713,1660,-947
102000101,1079,1105,-26
102000102,324,1727,-1403
102000103,1768,461,1307
102000104,654,354,300
102000105,288,507,-219
102000106,1047,548,499
102000107,1659,472,1187
102000108,764,182,582
102000109,661,518,143
102000110,1331,999,332
102000111,7,273,-266
102000112,173,126,47
102000113,24,33,-9
102000114,764,312,452
102000115,323,341,-18
102000116,467,486,-19
102000117,142,584,-442
102000118,1274,1530,-256
102000119,1516,928,588
102000120,304,584,-280
102000121,1550,706,844
102000122,1038,1135,-97
102000123,1468,1544,-76
102000124,1853,1358,495
102000125,1092,1212,-120
102000126,1007,917,90
102000127,1374,873,501
102000128,1022,1114,-92
102000129,1661,889,772
102000130,896,1185,-289
102000131,3252,1337,1915
102000132,1414,1924,-510
102000133,2501,1654,847
102000134,1014,883,131
102000135,1190,1105,85
102000136,1541,691,850
102000137,1142,1528,-386
102000138,459,613,-154
102000139,240,1229,-989
102000140,439,1080,-641
102000141,706,2072,-1366
102000142,503,458,45
102000143,214,399,-185
102000144,386,390,-4
102000145,512,501,11
102000146,470,407,63
102000147,685,490,195
102000148,265,542,-277
102000149,212,425,-213
102000150,548,158,390
102000151,108,240,-132
102000152,225,182,43
102000153,1219,655,564
102000154,289,562,-273
102000155,90,333,-243
102000156,326,183,143
102000157,97,422,-325
102000158,549,684,-135
102000159,947,559,388
102000161,3910,2619,1291
102000162,330,202,128
102000163,124,686,-562
102000164,1198,1492,-294
102000165,341,206,135
102000166,56,219,-163
102000167,319,288,31
102000168,451,189,262
102000169,154,560,-406
102000170,579,327,252
102000171,287,439,-152
102000172,280,682,-402
102000173,562,364,198
102000174,97,101,-4
102000175,136,90,46
102000176,77,40,37
102000178,264,554,-290
102000179,385,274,111
102000180,980,486,494
102000181,911,528,383
102000182,778,583,195
102000183,2057,1570,487
102000184,2255,807,1448
102000185,3130,1235,1895
102000186,1596,1535,61
102000187,1112,1408,-296
102000188,1276,1546,-270
102000189,2426,841,1585
102000190,822,3021,-2199
102000191,1424,509,915
102000192,1299,1776,-477
102000193,68,145,-77
102000194,60,134,-74
102000195,474,505,-31
102000196,248,346,-98
102000197,833,359,474
102000198,225,693,-468
102000199,1306,384,922
102000200,343,981,-638
102000201,1313,474,839
102000202,3,128,-125
102000203,485,197,288
102000204,598,628,-30
102000205,1319,482,837
102000206,909,552,357
102000207,824,467,357
102000208,451,469,-18
102000209,83,59,24
102000210,481,407,74
102000211,589,291,298
102000212,453,13,440
102000213,7,244,-237
102000214,366,12,354
102000215,10,351,-341
102000216,89,100,-11
102000217,9,116,-107
102000218,308,253,55
102000219,355,244,111
102000225,581,842,-261
102000226,3310,1647,1663
102000227,172,4,168
102000228,0,132,-132
102000229,48,62,-14
102000230,324,456,-132
102000231,502,451,51
102000232,28,202,-174
102000233,534,800,-266
102000234,157,1270,-1113
102000236,489,124,365
102000237,476,128,348
102000238,212,295,-83
102000240,457,686,-229
102000241,423,146,277
102000243,39,65,-26
102000245,12,171,-159
102000246,3,59,-56
102000247,654,955,-301
102000248,665,1261,-596
102000249,128,155,-27
102000250,101,368,-267
102000254,169,273,-104
102000266,74,548,-474
102000271,30,3,27
102000286,557,453,104
102000297,2239,1084,1155
102000299,0,0,0
102000301,0,0,0
102000303,0,0,0
102000305,0,0,0
102000307,0,2,-2
102900001,1583,787,796
102900002,542,61,481
102900003,97,218,-121
102900005,504,287,217
102900006,574,150,424
102900007,634,18,616
102900008,308,58,250
102900009,497,481,16
102900010,316,913,-597
102900011,1728,425,1303
102900012,497,93,404
102900013,43,51,-8
102900015,808,656,152
102900016,94,100,-6
102900017,242,479,-237
102900018,53,102,-49
102900019,475,514,-39
102900020,195,51,144
102900021,36,88,-52
102900022,512,235,277
102900023,43,42,1
102900024,68,78,-10
102900025,187,98,89
102900026,483,2313,-1830
102900027,107,68,39
102900028,186,987,-801
102900029,198,268,-70
102900030,565,346,219
102900031,219,153,66
102900032,120,110,10
102900033,156,195,-39
102900034,702,74,628
102900035,189,315,-126
102900036,321,427,-106
102900037,352,451,-99
102900038,531,484,47
102900039,30,630,-600
102900040,189,337,-148
102900041,135,176,-41
102900042,285,319,-34
102900043,222,217,5
102900044,632,1627,-995
102900045,205,446,-241
102900046,207,213,-6
102900047,186,627,-441
102900048,634,461,173
102900049,134,343,-209
102900050,263,334,-71
102900051,277,247,30
102900052,77,96,-19
102900053,385,683,-298
102900054,707,1328,-621
102900055,193,267,-74
102900056,106,416,-310
102900057,11,75,-64
102900058,433,93,340
102900059,42,81,-39
102900060,169,405,-236
102900061,225,426,-201
102900062,348,753,-405
102900063,1462,412,1050
102900064,183,498,-315
102900065,1207,544,663
102900066,441,22,419
102900068,129,70,59
102900070,354,825,-471
102900072,10,41,-31
102900073,149,11,138
102900075,26,85,-59
102900076,164,207,-43
102900077,44,29,15
102900078,47,66,-19
102900079,307,10,297
102900080,438,37,401
102900081,106,352,-246
102900082,10,237,-227
102900083,180,16,164
102900084,11,41,-30
102900085,400,117,283
102900086,26,80,-54
102900087,141,116,25
102900088,53,35,18
102900089,262,153,109
102900090,3,292,-289
102900091,187,5,182
102900092,449,643,-194
102900093,407,286,121
102900094,4,213,-209
102900095,206,5,201
102900096,85,19,66
102900097,2,123,-121
103000001,2630,2512,118
103000002,2341,2704,-363
103000003,3727,3166,561
103000004,978,729,249
103000005,1971,3261,-1290
103000006,1039,1628,-589
103000007,560,736,-176
103000008,1210,774,436
103000009,1631,1275,356
103000010,158,96,62
103000011,1605,1382,223
103000012,1812,1590,222
103000013,3892,2186,1706
103000014,1698,3284,-1586
103000015,1748,667,1081
103000016,575,1544,-969
103000017,246,433,-187
103000018,840,340,500
103000019,420,363,57
103000020,2485,1521,964
103000021,2102,2222,-120
103000022,822,1088,-266
103000023,755,2041,-1286
103000024,90,134,-44
103000025,151,791,-640
103000026,997,140,857
103000027,304,809,-505
103000028,480,474,6
103000029,297,404,-107
103000030,1717,1384,333
103000031,1455,2330,-875
103000032,2591,1760,831
103000033,3397,2980,417
103000034,1533,1121,412
103000035,528,1531,-1003
103000036,431,562,-131
103000037,613,671,-58
103000038,658,1103,-445
103000039,555,402,153
103000040,471,853,-382
103000041,1873,2029,-156
103000042,1518,515,1003
103000043,764,886,-122
103000044,418,191,227
103000046,510,505,5
103000047,769,666,103
103000048,214,234,-20
103000049,106,195,-89
103000050,829,478,351
103000051,571,536,35
103000052,792,325,467
103000053,239,601,-362
103000054,2839,1272,1567
103000055,2035,2040,-5
103000056,996,1352,-356
103000057,892,277,615
103000058,836,754,82
103000059,627,738,-111
103000060,927,578,349
103000061,552,952,-400
103000062,1223,544,679
103000063,972,916,56
103000064,202,176,26
103000065,4,367,-363
103000066,226,18,208
103000069,506,340,166
103000070,955,733,222
103000071,1560,540,1020
103000072,127,678,-551
103000073,840,121,719
103000074,794,107,687
103000075,134,668,-534
103000076,380,537,-157
103000077,43,373,-330
103000078,1040,824,216
103000079,687,739,-52
103000080,1152,435,717
103000081,541,1366,-825
103000082,537,192,345
103000083,141,354,-213
103000084,140,20,120
103000085,3,139,-136
103000086,552,497,55
103000087,150,657,-507
103000088,320,268,52
103000089,254,564,-310
103000090,2659,1008,1651
103000091,806,467,339
103000092,253,294,-41
103000093,278,394,-116
103000094,257,111,146
103000095,120,311,-191
103000096,722,79,643
103000097,103,685,-582
103000098,910,195,715
103000099,318,750,-432
103000100,128,674,-546
103000101,1068,112,956
103000102,142,415,-273
103000103,766,149,617
103000104,88,82,6
103000105,170,81,89
103000106,8,154,-146
103000107,241,63,178
103000108,922,621,301
103000109,507,442,65
103000110,612,666,-54
103000111,515,499,16
103000112,440,247,193
103000113,518,651,-133
103000114,1399,533,866
103000115,696,500,196
103000116,852,474,378
103000117,589,516,73
103000118,563,550,13
103000119,1158,486,672
103000120,43,137,-94
103000121,168,497,-329
103000122,479,528,-49
103000125,32,239,-207
103000126,914,5,909
103000127,3,173,-170
103000128,249,4,245
103000129,3,152,-149
103000130,70,54,16
103000131,240,153,87
103000132,71,240,-169
103000133,29,182,-153
103000134,447,1045,-598
103000135,660,395,265
103000136,693,425,268
103000137,506,688,-182
103000138,813,873,-60
103000139,2,78,-76
103000140,164,35,129
103000141,63,135,-72
103000142,131,104,27
103000143,72,211,-139
103000144,240,75,165
103000145,52,250,-198
103000150,97,44,53
103000152,191,254,-63
103000153,256,183,73
103000156,14,273,-259
103000157,599,5,594
103000159,215,77,138
103000162,83,20,63
103000163,21,33,-12
103000164,17,21,-4
103000165,76,266,-190
103000166,293,362,-69
103000167,233,111,122
103000168,177,166,11
103000169,232,492,-260
103000170,1166,439,727
103000171,57,113,-56
103000172,761,274,487
103000173,833,465,368
103000174,243,344,-101
103000175,440,242,198
103000176,971,689,282
103000177,578,409,169
103000178,225,352,-127
103000179,243,49,194
103000183,192,37,155
103000185,118,38,80
103000186,135,118,17
103000187,788,335,453
103000188,18,108,-90
103000189,794,765,29
103000191,692,733,-41
103000292,1416,2259,-843
103000293,1159,2823,-1664
103000295,83,128,-45
103000296,544,15,529
103000297,86,218,-132
103000504,78,23,55
103000505,17,47,-30
103000506,2,212,-210
103000507,228,0,228
103000508,56,92,-36
103000509,256,532,-276
103900001,20,176,-156
103900002,1080,179,901
103900003,1479,115,1364
103900004,161,3,158
103900005,4,173,-169
103900006,3,1,2
103900007,50,1,49
103900008,18,0,18
103900009,323,469,-146
103900010,173,336,-163
103900011,432,167,265
103900012,24,21,3
103900013,73,73,0
103900014,83,26,57
103900015,111,16,95
103900016,247,211,36
103900017,44,68,-24
103900018,696,236,460
103900019,113,411,-298
103900020,268,517,-249
103900021,423,56,367
103900022,1348,713,635
103900023,173,3,170
103900024,125,477,-352
103900025,23,74,-51
103900026,83,1,82
103900027,822,216,606
103900028,24,302,-278
103900029,1322,194,1128
103900030,271,127,144
103900031,51,2,49
103900032,107,75,32
103900033,96,18,78
103900034,51,135,-84
103900035,69,49,20
103900036,52,35,17
103900037,94,73,21
103900038,136,252,-116
103900039,86,296,-210
103900040,4,139,-135
103900041,80,68,12
103900042,86,273,-187
103900043,274,71,203
103900044,102,307,-205
103900045,355,163,192
103900047,99,20,79
103900048,90,41,49
103900049,169,1226,-1057
103900050,11,134,-123
103900051,3,43,-40
103900052,272,403,-131
103900053,274,541,-267
103900054,203,331,-128
103900055,506,274,232
103900056,75,82,-7
103900057,55,126,-71
103900058,320,483,-163
103900059,0,32,-32
103900060,59,180,-121
103900061,197,44,153
103900062,462,121,341
103900063,5,0,5
103900064,155,8,147
103900065,831,408,423
103900066,259,53,206
103900067,210,9,201
103900068,2,0,2
103900069,73,15,58
103900070,222,244,-22
103900071,26,142,-116
103900072,20,166,-146
103900073,31,27,4
103900074,90,82,8
103900075,369,64,305
103900076,528,500,28
103900077,48,107,-59
103900078,416,142,274
103900079,160,214,-54
103900080,12,45,-33
103900081,46,21,25
103900082,18,144,-126
103900083,1122,1107,15
103900084,102,140,-38
103900085,123,158,-35
103900086,989,381,608
103900088,440,599,-159
103900089,79,225,-146
103900090,7,116,-109
103900091,1197,269,928
103900092,747,608,139
103900093,97,325,-228
103900094,12,102,-90
103900095,349,310,39
103900096,41,140,-99
103900097,25,430,-405
103900098,312,141,171
103900099,79,115,-36
103900100,290,346,-56
103900101,102,1181,-1079
103900102,0,30,-30
103900104,1,20,-19
103900105,122,211,-89
103900106,0,88,-88
103900107,179,192,-13
103900108,72,290,-218
103900109,165,100,65
103900110,333,46,287
103900111,135,502,-367
103900112,71,162,-91
103900113,140,308,-168
103900114,530,310,220
103900115,314,236,78
103900116,5640,3784,1856
103900117,133,64,69
103900119,47,91,-44
103900120,101,115,-14
103900122,134,219,-85
103900123,1122,719,403
103900124,66,349,-283
103900125,145,87,58
103900126,672,357,315
103900127,214,428,-214
103900128,158,217,-59
103900131,37,128,-91
103900133,1068,71,997
103900134,1,6,-5
103900135,8,7,1
103900137,0,33,-33
103900138,154,221,-67
103900139,175,2475,-2300
103900140,4,195,-191
103900141,314,54,260
103900142,227,120,107
103900143,65,8,57
103900144,0,22,-22
103900145,248,281,-33
103900146,360,251,109
103900147,454,152,302
103900148,292,299,-7
103900149,396,566,-170
103900150,5845,4862,983
103900151,46,207,-161
103900152,701,434,267
103900153,5,1,4
103900154,760,2127,-1367
103900155,59,221,-162
103900156,59,130,-71
103900157,69,170,-101
103900158,127,173,-46
103900159,207,42,165
103900160,59,50,9
103900161,126,152,-26
103900162,79,179,-100
103900163,18,529,-511
103900167,13,107,-94
103900168,149,109,40
103900169,45,45,0
103900170,1,74,-73
103900171,2,59,-57
103900172,2,21,-19
103900173,9,21,-12
103900174,224,69,155
103900175,38,71,-33
103900176,16,24,-8
103900177,18,74,-56
103900178,53,46,7
103900179,57,79,-22
103900180,22,71,-49
103900181,56,40,16
103900182,30,18,12
103900184,387,118,269
103900185,120,477,-357
103900187,20,102,-82
103900188,53,44,9
103900189,132,10,122
103900190,108,77,31
103900191,28,62,-34
103900192,45,77,-32
103900193,102,186,-84
103900194,113,273,-160
103900195,7,73,-66
103900196,78,45,33
103900197,26,43,-17
103900198,11,66,-55
103900199,188,82,106
103900200,180,148,32
103900201,131,232,-101
103900202,33,58,-25
103900203,58,34,24
103900204,0,76,-76
103900207,0,81,-81
103900208,149,2,147
103900209,10,114,-104
103900210,63,33,30
103900211,792,404,388
103900212,137,348,-211
103900213,58,205,-147
103900214,281,256,25
103900215,270,341,-71
103900216,7,361,-354
103900217,492,57,435
103900218,10,319,-309
103900219,170,281,-111
103900233,71,5,66
103900235,36,29,7
103900236,23,4,19
103900242,2,9,-7
103900243,2,5,-3
103900244,128,220,-92
103900245,103,188,-85
103900246,58,51,7
103900247,32,77,-45
103900248,5,95,-90
103900249,58,99,-41
103900250,31,35,-4
103900251,2,42,-40
103900253,19,73,-54
103900254,2,21,-19
103900255,11,20,-9
103900256,8,26,-18
103900257,116,146,-30
103900258,44,11,33
103900259,62,8,54
103900261,10,2,8
103900262,25,6,19
103900263,47,47,0
103900264,58,38,20
103900265,27,8,19
103900266,11,143,-132
103900267,9,124,-115
103900268,17,67,-50
103900269,204,25,179
103900270,62,140,-78
103900271,38,88,-50
103900272,46,74,-28
103900273,50,71,-21
103900274,147,17,130
103900275,67,5,62
103900276,11,71,-60
103900277,9,101,-92
103900278,7,24,-17
103900279,3,29,-26
104000001,2648,2340,308
104000002,1957,2355,-398
104000003,2701,2162,539
104000004,2846,2637,209
104000005,1899,1972,-73
104000006,3498,2630,868
104000007,4514,4211,303
104000008,158,195,-37
104000009,238,104,134
104000010,222,268,-46
104000011,394,221,173
104000012,157,260,-103
104000013,289,234,55
104000014,185,519,-334
104000015,506,166,340
104000016,587,369,218
104000018,1058,188,870
104000019,711,261,450
104000020,154,421,-267
104000021,241,437,-196
104000022,167,253,-86
104000023,985,378,607
104000024,223,296,-73
104000026,48,321,-273
104000027,292,208,84
104000028,465,243,222
104000029,394,287,107
104000030,362,193,169
104000031,1518,402,1116
104000032,230,263,-33
104000033,796,474,322
104000034,386,267,119
104000035,1080,432,648
104000036,964,469,495
104000037,324,212,112
104000038,506,352,154
104000039,293,215,78
104000040,245,346,-101
104000041,840,344,496
104000042,233,315,-82
104000043,257,356,-99
104000044,289,487,-198
104000045,1058,847,211
104000046,1032,1217,-185
104000047,931,1161,-230
104000048,1264,1342,-78
104000049,485,370,115
104000050,225,783,-558
104000051,127,519,-392
104000052,1860,1776,84
104000053,1088,466,622
104000054,791,377,414
104000055,3893,2536,1357
104000056,1119,234,885
104000057,221,393,-172
104000058,1090,757,333
104000059,594,1070,-476
104000060,1179,1245,-66
104000061,1363,1096,267
104000062,478,132,346
104000064,606,362,244
104000065,321,862,-541
104000069,997,1313,-316
104000070,62,588,-526
104000071,146,445,-299
104000072,703,301,402
104000075,125,310,-185
104000076,582,118,464
104000082,2658,4057,-1399
104000083,971,258,713
104000084,130,507,-377
104000085,353,428,-75
104000086,255,422,-167
104000087,507,2512,-2005
104000090,944,1092,-148
104000092,1517,1642,-125
104000094,1104,1248,-144
104000095,1942,1361,581
104000096,2008,209,1799
104000097,2229,752,1477
104000098,2702,887,1815
104000100,2103,675,1428
104000101,1354,1542,-188
104000106,62,696,-634
104000107,724,389,335
104000108,260,453,-193
104000109,442,121,321
104000110,853,1196,-343
104000111,3474,2989,485
104000112,2016,583,1433
104000116,3,846,-843
104000117,208,561,-353
104000118,786,232,554
104000119,836,351,485
104000120,376,626,-250
104000121,247,615,-368
104000122,811,793,18
104000123,711,854,-143
104000124,828,1837,-1009
104000125,3209,5186,-1977
104000126,521,388,133
104000127,1249,1870,-621
104000128,731,396,335
104000129,394,34,360
104000130,5,256,-251
104000131,375,392,-17
104000132,380,376,4
104000133,1474,901,573
104000134,1205,1834,-629
104000135,516,2437,-1921
104000136,901,4875,-3974
104000137,1995,550,1445
104000138,1134,434,700
104000139,5467,3243,2224
104000141,1158,1286,-128
104000142,664,678,-14
104000143,687,457,230
104000144,114,232,-118
104000145,466,244,222
104000146,261,467,-206
104000147,146,284,-138
104000148,466,200,266
104000149,176,230,-54
104000150,1445,697,748
104000151,425,383,42
104000152,696,596,100
104000153,884,675,209
104000154,804,548,256
104000155,547,585,-38
104000157,1245,1286,-41
104000158,627,891,-264
104000159,1074,733,341
104000160,2269,2264,5
104000161,215,202,13
104000162,95,190,-95
104000165,1003,998,5
104000167,802,1227,-425
104000168,779,8,771
104000169,193,40,153
104000170,474,797,-323
104000248,363,584,-221
104000251,63,230,-167
104000272,0,0,0
104000273,0,0,0
104000274,0,0,0
104000275,0,0,0
104000279,756,472,284
104000290,185,318,-133
104000291,570,1104,-534
104000293,932,749,183
104000294,33,1,32
104000295,687,797,-110
104000296,436,710,-274
104000297,851,2080,-1229
104000298,1987,939,1048
104000299,857,1401,-544
104900001,186,360,-174
104900002,127,216,-89
104900003,53,287,-234
104900004,135,273,-138
104900005,467,339,128
104900006,361,111,250
104900007,426,234,192
104900009,138,325,-187
104900010,116,47,69
104900011,65,38,27
104900012,365,54,311
104900013,187,24,163
104900014,2246,342,1904
104900015,112,8,104
104900016,324,216,108
104900017,195,216,-21
104900018,7,211,-204
104900019,283,3570,-3287
104900020,63,277,-214
104900021,6,139,-133
104900022,14,110,-96
104900023,2,60,-58
104900024,24,77,-53
104900025,79,295,-216
104900026,1,78,-77
104900027,626,350,276
104900028,30,90,-60
104900029,42,60,-18
104900030,577,264,313
104900031,86,188,-102
104900032,67,98,-31
104900033,229,304,-75
104900034,488,229,259
104900035,432,261,171
104900036,265,102,163
104900037,169,215,-46
104900038,455,1001,-546
104900039,581,546,35
104900040,551,103,448
104900041,358,179,179
104900042,190,261,-71
104900043,30,243,-213
104900044,746,204,542
104900045,502,60,442
104900046,297,164,133
104900047,441,141,300
104900048,353,78,275
104900049,38,52,-14
104900050,395,111,284
104900051,407,64,343
104900052,66,3,63
104900053,511,111,400
104900054,246,34,212
104900055,86,4,82
104900056,225,28,197
104900057,69,2,67
104900058,901,756,145
104900059,204,45,159
104900060,2,506,-504
104900061,215,477,-262
104900063,0,162,-162
104900064,0,80,-80
104900065,1,253,-252
104900066,1,109,-108
104900067,11,301,-290
104900068,38,184,-146
104900070,173,240,-67
104900071,2,439,-437
104900072,69,279,-210
104900073,114,235,-121
104900074,66,197,-131
104900075,80,73,7
104900076,109,249,-140
104900077,1113,387,726
104900078,218,382,-164
104900079,142,640,-498
104900080,105,418,-313
104900082,20,345,-325
104900085,4,177,-173
104900087,485,6,479
104900089,281,1,280
104900090,1267,946,321
104900091,954,591,363
104900093,255,555,-300
104900097,2237,2497,-260
104900098,146,38,108
104900099,110,648,-538
104900100,490,307,183
104900102,46,156,-110
104900103,501,79,422
104900104,2827,2598,229
104900106,122,111,11
104900107,139,187,-48
104900108,81,224,-143
104900109,121,229,-108
104900110,6,59,-53
104900111,302,172,130
104900112,309,586,-277
104900113,857,324,533
104900114,455,469,-14
104900115,938,351,587
104900116,312,147,165
104900118,20,52,-32
104900119,21,58,-37
104900120,26,325,-299
104900121,1,51,-50
104900122,4,55,-51
104900123,101,14,87
104900124,74,0,74
104900125,503,9,494
104900126,62,60,2
104900127,50,67,-17
104900128,117,200,-83
104900129,1747,2377,-630
105000001,3057,1513,1544
105000002,2769,1828,941
105000003,3563,4474,-911
105000004,816,950,-134
105000005,1158,1247,-89
105000006,1896,1969,-73
105000007,1484,1865,-381
105000008,1741,3966,-2225
105000009,2914,3903,-989
105000010,3116,2019,1097
105000011,4178,3822,356
105000012,3613,2843,770
105000013,1261,1310,-49
105000014,2509,3301,-792
105000015,11225,18551,-7326
105000016,2874,2460,414
105000017,1734,952,782
105000018,1313,1806,-493
105000019,1204,921,283
105000020,252,555,-303
105000021,332,141,191
105000022,346,121,225
105000023,649,430,219
105000028,71,129,-58
105000029,693,1784,-1091
105000030,4220,2715,1505
105000033,1172,1958,-786
105000034,186,1136,-950
105000037,677,322,355
105000038,2327,2348,-21
105000039,2454,1908,546
105000040,1491,1788,-297
105000041,838,1332,-494
105000042,4704,2215,2489
105000043,1957,2375,-418
105000044,821,561,260
105000045,396,763,-367
105000046,1446,435,1011
105000047,603,1152,-549
105000048,684,228,456
105000049,291,465,-174
105000050,911,402,509
105000051,223,331,-108
105000052,639,877,-238
105000053,133,152,-19
105000054,456,966,-510
105000055,785,352,433
105000056,1609,2036,-427
105000057,1385,771,614
105000058,1344,1069,275
105000059,933,693,240
105000060,544,579,-35
105000061,924,579,345
105000062,650,755,-105
105000063,297,480,-183
105000064,1818,830,988
105000065,383,570,-187
105000066,1161,1304,-143
105000067,1752,830,922
105000068,492,926,-434
105000069,1832,2065,-233
105000070,596,1014,-418
105000071,257,1066,-809
105000072,1200,2941,-1741
105000073,1019,790,229
105000074,1138,701,437
105000075,645,900,-255
105000076,1216,1071,145
105000077,2564,1288,1276
105000078,1381,1590,-209
105000079,1278,3443,-2165
105000080,2126,1535,591
105000081,3488,1571,1917
105000082,1198,2198,-1000
105000083,4630,4138,492
105000084,723,772,-49
105000085,2072,2582,-510
105000086,666,915,-249
105000087,1565,1995,-430
105000088,1576,1816,-240
105000089,3492,2380,1112
105000090,1005,1045,-40
105000091,1493,1728,-235
105000092,804,851,-47
105000093,411,329,82
105000094,482,356,126
105000095,144,533,-389
105000096,1170,1240,-70
105000097,920,849,71
105000098,1057,798,259
105000099,939,807,132
105000100,1841,1203,638
105000101,2169,2539,-370
105000102,2884,1976,908
105000103,2076,3427,-1351
105000104,2952,1282,1670
105000105,1411,1853,-442
105000106,1689,1550,139
105000107,1933,843,1090
105000108,1974,1253,721
105000109,1965,1463,502
105000110,1092,575,517
105000111,1043,685,358
105000112,1459,623,836
105000113,588,740,-152
105000114,2599,1410,1189
105000115,395,1356,-961
105000116,1043,596,447
105000117,1000,843,157
105000118,678,456,222
105000119,620,685,-65
105000120,1283,537,746
105000121,753,881,-128
105000122,515,764,-249
105000123,1166,1083,83
105000124,2513,855,1658
105000125,965,1705,-740
105000126,2562,1723,839
105000127,2847,1876,971
105000128,780,1110,-330
105000129,1055,461,594
105000130,424,3667,-3243
105000131,671,396,275
105000132,1193,935,258
105000133,563,929,-366
105000134,1105,616,489
105000135,559,579,-20
105000136,178,307,-129
105000137,671,270,401
105000138,261,380,-119
105000139,1152,847,305
105000140,612,598,14
105000141,389,599,-210
105000142,266,465,-199
105000143,297,777,-480
105000144,323,797,-474
105000145,891,430,461
105000146,440,926,-486
105000147,786,370,416
105000148,1522,728,794
105000149,3065,2593,472
105000150,2130,1531,599
105000151,550,344,206
105000152,240,516,-276
105000153,701,759,-58
105000154,814,514,300
105000155,419,983,-564
105000156,895,713,182
105000157,997,1797,-800
105000158,2220,783,1437
105000159,281,1005,-724
105000160,2178,607,1571
105000161,770,903,-133
105000162,699,1948,-1249
105000163,1114,788,326
105000164,237,251,-14
105000165,911,6127,-5216
105000166,5181,1193,3988
105000167,1671,2089,-418
105000168,550,539,11
105000169,676,324,352
105000170,298,1323,-1025
105000171,1310,234,1076
105000172,233,62,171
105000173,266,135,131
105000174,85,72,13
105000175,86,134,-48
105000176,643,95,548
105000177,437,210,227
105000178,258,547,-289
105000179,805,181,624
105000180,192,121,71
105000181,169,318,-149
105000182,73,56,17
105000183,2114,2298,-184
105000184,1099,1408,-309
105000185,1689,1608,81
105000186,674,949,-275
105000187,1154,233,921
105000188,350,262,88
105000189,200,593,-393
105000190,348,524,-176
105000191,422,345,77
105000192,467,74,393
105000193,86,200,-114
105000194,442,129,313
105000195,430,789,-359
105000196,79,274,-195
105000197,308,602,-294
105000198,562,309,253
105000199,212,563,-351
105000200,164,377,-213
105000201,145,56,89
105000203,14,166,-152
105000204,95,80,15
105000205,141,241,-100
105000207,581,191,390
105000208,339,671,-332
105000209,190,362,-172
105000212,1341,1111,230
105000213,204,231,-27
105000214,231,393,-162
105000215,410,193,217
105000216,182,337,-155
105000217,181,325,-144
105000218,1577,1177,400
105000221,219,172,47
105000222,537,188,349
105000223,312,196,116
105000226,111,257,-146
105000227,89,155,-66
105000228,233,2451,-2218
105000229,197,696,-499
105000231,430,333,97
105000233,946,913,33
105000234,519,1240,-721
105000235,440,604,-164
105000237,942,87,855
105000243,39,143,-104
105000248,75,94,-19
105000262,409,1083,-674
105000269,207,241,-34
105000270,605,76,529
105000271,1,249,-248
105000282,87,45,42
105000287,452,114,338
105000288,714,436,278
105000289,2532,2318,214
105000290,51,12,39
105000402,3199,5164,-1965
105000426,518,692,-174
105000438,3842,1744,2098
105000446,12333,6405,5928
105000447,6187,3070,3117
105000454,690,608,82
105000455,293,172,121
105000474,78,3,75
105000477,635,657,-22
105000478,2132,5795,-3663
105000479,129,122,7
105000480,9463,8149,1314
105000481,5391,4452,939
105000482,5122,7939,-2817
105000483,1979,2419,-440
105000484,2660,3381,-721
105000485,1868,3859,-1991
105000486,3639,2567,1072
105000488,9098,5455,3643
105000489,1173,846,327
105000549,114,162,-48
105000550,412,1688,-1276
105000551,40,146,-106
105000552,2599,1528,1071
105000555,686,958,-272
105900001,10,2799,-2789
105900002,1444,755,689
105900003,14,72,-58
105900004,270,146,124
105900005,12,265,-253
105900006,15,152,-137
105900007,129,58,71
105900008,98,481,-383
105900009,27,24,3
105900011,432,82,350
105900012,794,201,593
105900013,6,40,-34
105900014,8,73,-65
105900015,246,426,-180
105900016,643,582,61
105900017,1621,48,1573
105900018,250,162,88
105900019,87,464,-377
105900020,81,58,23
105900021,52,1077,-1025
105900022,399,205,194
105900023,4,207,-203
105900024,12,404,-392
105900025,222,24,198
105900026,246,20,226
105900027,14660,7961,6699
105900028,528,461,67
105900029,1978,367,1611
105900030,224,280,-56
105900031,380,209,171
105900032,93,128,-35
105900033,130,118,12
105900034,258,233,25
105900035,236,240,-4
105900036,119,155,-36
105900037,99,67,32
105900038,187,285,-98
105900039,138,118,20
105900040,39,98,-59
105900041,199,216,-17
105900042,88,160,-72
105900043,1497,123,1374
105900044,4,255,-251
105900045,5,845,-840
105900046,7,274,-267
105900047,21,54,-33
105900048,94,456,-362
105900050,5550,8253,-2703
105900051,63,1416,-1353
105900052,784,231,553
105900053,2979,3309,-330
105900054,343,217,126
105900056,817,499,318
105900057,37,167,-130
105900058,19,10,9
105900059,0,31,-31
106000001,4889,3091,1798
106000002,2444,6215,-3771
106000003,3594,4243,-649
106000004,1745,2919,-1174
106000005,4116,6124,-2008
106000006,6122,3560,2562
106000007,642,683,-41
106000008,617,340,277
106000009,746,463,283
106000010,790,639,151
106000011,1363,1282,81
106000012,981,1201,-220
106000013,2253,2102,151
106000014,1829,1415,414
106000015,2331,1536,795
106000016,1380,1769,-389
106000017,577,798,-221
106000018,574,454,120
106000019,466,415,51
106000020,363,313,50
106000021,383,420,-37
106000022,408,229,179
106000023,714,281,433
106000024,553,369,184
106000025,170,191,-21
106000026,77,212,-135
106000027,1729,1373,356
106000028,703,456,247
106000029,635,916,-281
106000030,537,721,-184
106000034,227,620,-393
106000035,1059,2090,-1031
106000036,227,514,-287
106000037,1805,1289,516
106000038,368,151,217
106000039,120,130,-10
106000040,172,987,-815
106000041,680,767,-87
106000043,591,309,282
106000046,477,74,403
106000047,69,433,-364
106000049,1106,269,837
106000050,327,636,-309
106000051,892,586,306
106000052,100,552,-452
106000053,484,150,334
106000054,370,393,-23
106000055,1425,1029,396
106000056,294,353,-59
106000057,416,308,108
106000058,155,143,12
106000059,404,335,69
106000060,346,434,-88
106000061,307,557,-250
106000062,151,527,-376
106000063,855,660,195
106000064,53,352,-299
106000065,519,438,81
106000066,111,294,-183
106000067,474,152,322
106000068,83,602,-519
106000069,316,62,254
106000070,503,778,-275
106000071,1348,337,1011
106000072,2923,1604,1319
106000073,1679,3605,-1926
106000074,743,728,15
106000075,397,1404,-1007
106000076,1895,2093,-198
106000077,3575,1324,2251
106000078,1315,862,453
106000079,786,957,-171
106000080,1550,621,929
106000081,719,1167,-448
106000082,2532,901,1631
106000083,509,1493,-984
106000084,1468,651,817
106000085,1471,1500,-29
106000086,644,847,-203
106000087,1189,514,675
106000088,455,790,-335
106000089,1164,338,826
106000090,287,597,-310
106000091,315,522,-207
106000092,810,315,495
106000093,326,115,211
106000094,103,227,-124
106000095,983,712,271
106000096,1111,684,427
106000097,1514,733,781
106000098,856,999,-143
106000099,300,926,-626
106000100,1716,244,1472
106000101,1628,398,1230
106000102,257,957,-700
106000103,315,564,-249
106000104,1034,419,615
106000105,626,619,7
106000106,745,438,307
106000107,164,251,-87
106000108,344,284,60
106000109,246,229,17
106000110,243,263,-20
106000111,203,345,-142
106000112,287,583,-296
106000113,689,550,139
106000114,496,660,-164
106000115,234,402,-168
106000116,383,199,184
106000117,1248,645,603
106000118,1489,1522,-33
106000119,1293,935,358
106000120,1011,1274,-263
106000121,224,185,39
106000122,132,193,-61
106000123,639,115,524
106000124,68,137,-69
106000125,20,233,-213
106000126,342,116,226
106000127,1023,776,247
106000128,945,170,775
106000129,521,417,104
106000130,957,293,664
106000131,138,612,-474
106000132,659,189,470
106000133,1905,1054,851
106000134,556,2075,-1519
106000135,192,467,-275
106000136,753,1102,-349
106000137,77,683,-606
106000138,1165,107,1058
106000139,59,124,-65
106000140,55,44,11
106000141,117,45,72
106000142,131,84,47
106000143,64,48,16
106000144,29,77,-48
106000145,277,203,74
106000146,479,161,318
106000147,438,399,39
106000148,521,770,-249
106000149,661,306,355
106000150,544,1855,-1311
106000151,3838,839,2999
106000152,1227,2125,-898
106000153,114,1765,-1651
106000154,1377,191,1186
106000155,153,300,-147
106000156,1126,243,883
106000157,694,1530,-836
106000158,2278,1028,1250
106000159,2712,2020,692
106000160,506,2939,-2433
106000161,1511,324,1187
106000162,422,1133,-711
106000163,457,317,140
106000164,563,315,248
106000165,300,421,-121
106000166,874,360,514
106000167,410,794,-384
106000168,715,253,462
106000169,335,571,-236
106000170,1044,222,822
106000171,224,1245,-1021
106000172,3402,1518,1884
106000173,1347,2855,-1508
106000174,1270,447,823
106000175,333,789,-456
106000176,1898,897,1001
106000177,807,2209,-1402
106000178,3835,1741,2094
106000179,1237,2105,-868
106000180,991,1147,-156
106000181,1104,2097,-993
106000182,1617,747,870
106000183,1562,620,942
106000184,1831,751,1080
106000185,1148,1768,-620
106000186,1044,167,877
106000187,214,1107,-893
106000188,1,5,-4
106000189,30,38,-8
106000190,29,0,29
106000191,699,190,509
106000192,2,20,-18
106000193,523,190,333
106000194,226,450,-224
106000195,1003,267,736
106000196,310,685,-375
106000197,719,397,322
106000198,189,289,-100
106000199,813,861,-48
106000200,334,256,78
106000201,484,3105,-2621
106000202,3735,654,3081
106000203,63,180,-117
106000204,102,11,91
106000205,28,155,-127
106000206,100,34,66
106000207,36,657,-621
106000208,1664,184,1480
106000209,1874,411,1463
106000210,572,911,-339
106000211,364,1100,-736
106000212,1173,565,608
106000213,680,2366,-1686
106000214,2358,887,1471
106000215,331,572,-241
106000216,398,327,71
106000217,320,354,-34
106000218,420,412,8
106000219,176,249,-73
106000220,519,265,254
106000221,195,160,35
106000222,100,128,-28
106000223,316,135,181
106000224,259,168,91
106000225,112,118,-6
106000226,157,200,-43
106000228,49,81,-32
106000229,86,655,-569
106000231,1050,153,897
106000232,78,439,-361
106000233,809,122,687
106000234,78,296,-218
106000235,924,147,777
106000236,416,93,323
106000237,3,16,-13
106000238,98,19,79
106000239,9,111,-102
106000240,107,5,102
106000241,27,620,-593
106000242,320,39,281
106000249,86,113,-27
106000250,97,602,-505
106000251,131,42,89
106000252,31,87,-56
106000253,73,55,18
106000254,114,42,72
106000255,38,175,-137
106000256,72,30,42
106000257,189,268,-79
106000258,364,46,318
106000259,18,68,-50
106000260,27,5,22
106000261,5,57,-52
106000262,108,17,91
106000263,10,71,-61
106000264,391,12,379
106000265,8,133,-125
106000266,186,35,151
106000267,10,99,-89
106000268,454,57,397
106000269,64,44,20
106000270,161,460,-299
106000271,90,213,-123
106000272,232,71,161
106000273,36,287,-251
106000274,181,53,128
106000275,179,335,-156
106000276,182,62,120
106000277,156,312,-156
106000278,206,50,156
106000279,14,25,-11
106000280,76,60,16
106000281,114,46,68
106000282,95,88,7
106000283,124,64,60
106000284,111,112,-1
106000285,179,84,95
106000286,106,126,-20
106000287,147,77,70
106000288,107,145,-38
106000289,127,51,76
106000290,64,84,-20
106000291,137,95,42
106000292,104,92,12
106000293,221,98,123
106000294,170,101,69
106000295,71,63,8
106000296,58,83,-25
106000297,68,246,-178
106000298,105,73,32
106000299,92,133,-41
106000300,68,128,-60
106000301,64,114,-50
106000303,57,71,-14
106000304,42,38,4
106000305,74,60,14
106000306,45,50,-5
106000307,76,25,51
106000308,25,138,-113
106000309,24,48,-24
106000310,386,460,-74
106000311,425,227,198
106000312,119,168,-49
106000313,266,229,37
106000318,121,601,-480
106000319,1226,256,970
106000320,1,125,-124
106000321,399,147,252
106000322,199,123,76
106000324,11,178,-167
106000325,2045,991,1054
106000326,1130,1604,-474
106000327,271,118,153
106000328,41,132,-91
106000329,102,258,-156
106000330,56,94,-38
106000428,96,184,-88
106000429,164,391,-227
106000430,495,1170,-675
106000431,2888,444,2444
106000432,1547,2367,-820
106000433,2751,1507,1244
106000434,3618,1880,1738
106000435,1509,2379,-870
106000436,19,185,-166
106000437,328,80,248
106000438,397,227,170
106000439,57,759,-702
106000440,316,579,-263
106000441,0,0,0
106000442,184,11,173
106000443,173,271,-98
106000450,1,106,-105
106000451,38,82,-44
106000454,1,222,-221
106000455,14,191,-177
106000456,98,43,55
106000457,35,791,-756
106000458,1043,86,957
106000459,179,272,-93
106000460,1880,26,1854
106000461,133,1005,-872
106000462,1,33,-32
106000463,2,11,-9
106000464,3,391,-388
106000465,846,9,837
106000466,4,457,-453
106000467,344,482,-138
106000468,112,152,-40
106000469,138,1,137
106000470,323,1847,-1524
106000471,44,551,-507
106000472,189,19,170
106000473,45,25,20
106000474,245,331,-86
106000475,337,159,178
106000476,161,257,-96
106000477,17,44,-27
106000480,0,341,-341
106900001,1,11,-10
106900002,0,346,-346
106900003,232,1824,-1592
106900004,0,24,-24
106900006,0,8,-8
106900007,0,11,-11
106900008,371,164,207
106900009,334,236,98
106900010,239,286,-47
106900012,1425,2573,-1148
106900013,731,174,557
106900014,30,4,26
106900015,12,1,11
106900016,372,14,358
106900017,4,0,4
106900018,4,0,4
106900019,52,2,50
106900020,2970,1714,1256
106900021,106,86,20
106900022,935,7,928
106900023,36,188,-152
106900024,966,59,907
106900025,53,757,-704
106900026,0,379,-379
106900027,888,10,878
107000001,4685,5278,-593
107000002,2867,4779,-1912
107000003,7265,8172,-907
107000004,5145,4671,474
107000005,5962,6553,-591
107000006,3993,3848,145
107000007,7117,12419,-5302
107000008,11446,7746,3700
107000009,9628,9017,611
107000010,10775,8658,2117
107000011,1265,1346,-81
107000012,3975,2845,1130
107000013,80,96,-16
107000014,64,185,-121
107000015,578,671,-93
107000016,920,744,176
107000017,4875,4363,512
107000018,52,3217,-3165
107000020,3153,4690,-1537
107000021,1821,531,1290
107000022,1418,2746,-1328
107000023,2381,276,2105
107000024,968,1430,-462
107000025,341,463,-122
107000026,483,453,30
107000027,1671,1250,421
107000028,1708,1312,396
107000029,4240,3495,745
107000030,3318,3072,246
107000031,5161,3384,1777
107000032,523,1080,-557
107000033,3222,5462,-2240
107000034,5060,1735,3325
107000035,432,337,95
107000036,716,1556,-840
107000037,110,982,-872
107000038,256,333,-77
107000039,1109,1037,72
107000040,221,395,-174
107000041,1935,1102,833
107000042,834,2274,-1440
107000043,3079,1340,1739
107000044,647,518,129
107000045,113,374,-261
107000046,1082,525,557
107000047,587,1004,-417
107000048,910,355,555
107000049,906,939,-33
107000050,1380,604,776
107000051,338,392,-54
107000052,1359,1249,110
107000053,551,263,288
107000054,79,258,-179
107000055,290,169,121
107000056,586,859,-273
107000057,1450,272,1178
107000058,2636,2899,-263
107000059,2269,3285,-1016
107000060,5654,6362,-708
107000061,5470,3442,2028
107000062,6246,3642,2604
107000063,4685,4373,312
107000064,6267,3597,2670
107000065,4260,4331,-71
107000066,2983,4305,-1322
107000067,1641,1739,-98
107000068,1882,999,883
107000069,1120,718,402
107000070,1267,26,1241
107000071,4038,48,3990
107000072,59,2436,-2377
107000073,1060,489,571
107000074,157,811,-654
107000075,2240,567,1673
107000076,713,1415,-702
107000077,4815,1538,3277
107000078,2575,3032,-457
107000079,3500,1295,2205
107000080,1180,2893,-1713
107000081,2652,675,1977
107000082,581,1818,-1237
107000083,1613,607,1006
107000084,338,1635,-1297
107000085,3626,3610,16
107000086,3947,3482,465
107000087,3609,2254,1355
107000088,3679,3685,-6
107000089,1690,2004,-314
107000090,1383,1131,252
107000091,1845,882,963
107000092,1109,1004,105
107000093,1617,1021,596
107000094,1101,1071,30
107000095,980,794,186
107000096,671,853,-182
107000097,844,452,392
107000098,550,573,-23
107000099,572,350,222
107000100,340,402,-62
107000101,101,184,-83
107000102,291,406,-115
107000103,354,192,162
107000104,213,276,-63
107000105,455,158,297
107000106,263,261,2
107000107,665,173,492
107000108,152,497,-345
107000109,717,154,563
107000110,69,405,-336
107000111,434,60,374
107000112,43,294,-251
107000113,808,160,648
107000114,113,529,-416
107000115,738,196,542
107000116,160,645,-485
107000117,182,742,-560
107000118,136,210,-74
107000119,1799,1762,37
107000120,1193,586,607
107000121,1261,737,524
107000122,1383,959,424
107000123,610,649,-39
107000124,640,798,-158
107000125,1384,699,685
107000126,1139,725,414
107000129,333,586,-253
107000130,666,290,376
107000131,561,566,-5
107000132,668,357,311
107000133,635,82,553
107000134,416,6,410
107000135,7,326,-319
107000136,902,13,889
107000137,15,569,-554
107000138,427,45,382
107000139,21,646,-625
107000140,1709,131,1578
107000141,136,860,-724
107000142,537,122,415
107000143,66,609,-543
107000144,625,595,30
107000145,160,537,-377
107000146,324,481,-157
107000147,3158,898,2260
107000150,694,4497,-3803
107000151,33,143,-110
107000152,611,1992,-1381
107000153,157,447,-290
107000154,256,286,-30
107000155,1087,40,1047
107000156,1570,55,1515
107000157,130,1435,-1305
107000158,960,19,941
107000159,50,795,-745
107000160,1329,188,1141
107000161,100,1177,-1077
107000162,463,809,-346
107000163,201,26,175
107000164,1150,3,1147
107000165,1386,20,1366
107000166,32,959,-927
107000167,866,244,622
107000168,1416,649,767
107000169,858,851,7
107000170,3102,1125,1977
107000171,884,2107,-1223
107000172,1339,1838,-499
107000173,674,1016,-342
107000174,1327,7046,-5719
107000175,7137,1699,5438
107000176,3,2,1
107000177,6,2,4
107000178,18,37,-19
107000179,403,1886,-1483
107000180,1850,290,1560
107000181,528,1048,-520
107000182,2348,932,1416
107000183,202,737,-535
107000184,1301,686,615
107000185,620,1304,-684
107000186,1589,499,1090
107000187,1547,1438,109
107000188,775,733,42
107000189,619,1130,-511
107000190,691,761,-70
107000191,876,1076,-200
107000192,2101,756,1345
107000193,457,626,-169
107000194,975,747,228
107000197,1245,321,924
107000198,394,819,-425
107000199,1078,706,372
107000200,744,757,-13
107000201,544,484,60
107000202,460,576,-116
107000203,944,1624,-680
107000204,1166,1915,-749
107000205,2166,1331,835
107000206,1245,2158,-913
107000207,857,1434,-577
107000208,1306,838,468
107000209,2371,1606,765
107000210,764,359,405
107000211,12,58,-46
107000212,32,336,-304
107000213,3,23,-20
107000214,20,161,-141
107000215,642,388,254
107000216,519,411,108
107000217,301,159,142
107000219,112,285,-173
107000220,155,246,-91
107000222,319,663,-344
107000224,911,83,828
107000225,182,474,-292
107000226,689,112,577
107000227,98,291,-193
107000228,244,283,-39
107000229,172,137,35
107000230,1204,557,647
107000231,1591,2274,-683
107000232,142,45,97
107000233,1345,1114,231
107000234,1,70,-69
107000235,126,13,113
107000236,13,635,-622
107000237,54,0,54
107000238,43,2,41
107000239,4166,671,3495
107000240,94,942,-848
107000241,124,18,106
107000242,313,30,283
107000243,0,26,-26
107000244,4,76,-72
107000246,2,911,-909
107000249,4,1002,-998
107000251,0,273,-273
107000252,5,906,-901
107000255,377,142,235
107000257,4,371,-367
107000258,0,95,-95
107000259,2,162,-160
107000260,1022,5,1017
107000262,15,394,-379
107000263,417,6,411
107000266,13,15,-2
107000267,87,102,-15
107000268,128,119,9
107000269,874,103,771
107000270,5,36,-31
107000271,16,538,-522
107000272,30,118,-88
107000273,17,347,-330
107000274,3626,804,2822
107000275,255,3286,-3031
107000280,1143,46,1097
107000281,36,710,-674
107000282,120,797,-677
107000290,33,42,-9
107000291,17,5,12
107000292,3,304,-301
107000293,71,7,64
107000294,2,43,-41
107000295,35,3,32
107000296,0,33,-33
107000444,344,10,334
107000496,1,6,-5
107000497,1379,2052,-673
107000500,443,411,32
107000501,164,164,0
107000502,232,303,-71
107000505,375,833,-458
107000506,4,176,-172
107000508,5,544,-539
107000509,299,751,-452
107000510,37,33,4
107000514,66,369,-303
107000515,18,148,-130
107000516,512,355,157
107000518,1504,1881,-377
107000519,1622,882,740
107000520,109,33,76
107000521,790,396,394
107000522,968,557,411
107900001,110,114,-4
107900002,84,11,73
107900003,645,28,617
107900004,111,2,109
107900005,1694,6,1688
107900006,220,4,216
107900007,422,64,358
107900008,178,24,154
107900009,269,32,237
107900010,65,0,65
107900012,357,61,296
107900013,327,21,306
107900014,51,20,31
107900015,1209,12,1197
107900016,737,101,636
107900017,50,4,46
107900018,84,210,-126
107900019,31,54,-23
107900020,156,33,123
107900021,134,128,6
107900023,5,5,0
107900024,0,32,-32
107900025,299,252,47
107900026,104,50,54
107900027,47,78,-31
107900028,127,65,62
107900030,223,47,176
107900031,76,85,-9
107900032,20,10,10
107900033,40,11,29
107900034,475,15,460
107900035,1188,46,1142
107900036,77,25,52
107900037,0,33,-33
107900038,137,321,-184
107900039,59,48,11
107900040,66,616,-550
107900041,3,9,-6
107900043,63,131,-68
107900044,14,10,4
107900045,115,68,47
107900046,229,184,45
107900047,70,53,17
107900048,211,23,188
107900049,378,1958,-1580
107900050,100,347,-247
107900051,135,76,59
107900052,62,44,18
107900053,72,111,-39
107900055,852,295,557
107900056,159,69,90
107900057,3,0,3
107900058,31,571,-540
107900060,44,139,-95
107900061,12,14,-2
107900063,82,162,-80
107900064,427,185,242
107900065,270,7,263
107900066,45,13,32
107900067,0,0,0
107900068,155,937,-782
107900069,31,2196,-2165
107900070,191,70,121
107900071,31,625,-594
107900072,216,122,94
107900073,145,81,64
107900074,598,387,211
107900076,184,65,119
107900077,119,3,116
107900078,226,50,176
107900079,13,19,-6
107900080,247,1049,-802
107900081,56,131,-75
107900082,17,21,-4
107900083,382,222,160
107900084,144,184,-40
107900086,68,193,-125
107900087,615,215,400
107900088,57,6,51
107900089,262,1241,-979
107900090,1363,3208,-1845
107900091,207,351,-144
107900092,2125,466,1659
107900093,108,63,45
107900095,3157,2352,805
107900097,26,85,-59
107900098,64,245,-181
107900100,989,1622,-633
107900101,1001,248,753
107900102,47,7,40
107900103,51,195,-144
107900104,271,14,257
107900105,2,305,-303
107900106,3,953,-950
107900107,2122,537,1585
107900108,248,127,121
107900109,1733,22,1711
107900110,96,77,19
107900111,7,794,-787
107900112,118,487,-369
107900113,313,66,247
107900114,201,120,81
107900115,3,36,-33
107900116,222,105,117
107900117,335,318,17
107900118,95,195,-100
107900119,138,351,-213
107900120,22,28,-6
107900121,9,181,-172
107900122,3,137,-134
107900123,6,76,-70
107900124,12,73,-61
107900125,31,197,-166
107900126,8,91,-83
107900127,682,344,338
107900128,132,107,25
107900129,85,20,65
107900130,92,21,71
107900131,766,369,397
107900132,140,353,-213
107900133,5,96,-91
107900134,39,104,-65
107900135,7,128,-121
107900136,45,57,-12
107900137,157,128,29
107900138,63,59,4
107900139,40,51,-11
107900140,150,55,95
107900141,44,42,2
107900142,53,788,-735
107900143,70,28,42
107900144,13,135,-122
107900145,20,102,-82
107900146,117,146,-29
107900147,76,54,22
107900148,187,98,89
107900149,1106,225,881
107900150,55,609,-554
107900151,55,89,-34
107900152,17,153,-136
107900153,171,349,-178
107900154,63,37,26
107900155,133,57,76
107900156,8,249,-241
107900157,78,55,23
107900158,1150,28,1122
107900159,51,735,-684
107900160,161,219,-58
107900161,37,142,-105
107900162,7,126,-119
107900163,118,385,-267
107900164,12,52,-40
107900165,39,166,-127
107900166,33,186,-153
107900167,48,71,-23
107900168,31,52,-21
107900169,0,352,-352
107900171,4,1219,-1215
107900172,2,322,-320
107900173,15,118,-103
107900174,191,5,186
107900175,19,78,-59
107900176,66,46,20
107900177,4,312,-308
107900178,0,170,-170
107900179,30,178,-148
107900180,557,856,-299
107900181,429,316,113
107900182,31,1037,-1006
107900183,50,165,-115
107900184,115,232,-117
107900185,149,5,144
107900186,56,57,-1
107900187,1,187,-186
107900188,601,182,419
107900189,31,122,-91
107900190,69,167,-98
107900191,78,97,-19
107900193,2,56,-54
107900194,302,25,277
107900195,2082,380,1702
107900196,138,125,13
107900197,667,532,135
107900199,2,830,-828
107900201,81,75,6
107900203,31,69,-38
107900204,198,261,-63
107900205,225,410,-185
107900206,784,527,257
107900207,3,437,-434
107900208,6,503,-497
107900209,370,131,239
107900210,60,97,-37
107900213,701,640,61
107900214,37,139,-102
107900215,154,421,-267
107900216,131,60,71
107900217,41,112,-71
107900218,13,2554,-2541
107900219,35,93,-58
107900220,213,265,-52
107900221,186,200,-14
107900223,124,451,-327
107900224,160,524,-364
107900225,7,671,-664
107900226,72,73,-1
107900227,131,370,-239
107900228,26,95,-69
107900229,2,208,-206
107900230,19,88,-69
107900231,16,226,-210
107900232,114,149,-35
107900233,23,89,-66
107900234,128,95,33
107900235,37,166,-129
107900236,110,61,49
107900237,59,357,-298
107900238,63,108,-45
107900239,691,668,23
107900240,44,80,-36
107900241,16,59,-43
107900242,49,161,-112
107900243,5,66,-61
107900244,330,5,325
107900245,904,40,864
107900246,321,30,291
107900248,321,379,-58
107900249,974,35,939
107900250,0,461,-461
107900251,69,1117,-1048
107900252,1094,39,1055
107900253,228,8,220
107900254,49,606,-557
107900255,317,120,197
107900256,2024,2565,-541
107900257,264,141,123
107900258,133,207,-74
107900259,129,2629,-2500
107900261,0,265,-265
107900262,53,101,-48
107900264,456,13,443
107900265,150,155,-5
107900267,303,18,285
107900268,26,3,23
107900269,0,7,-7
107900270,0,0,0
107900271,5,38,-33
107900272,108,34,74
107900273,45,93,-48
107900274,145,0,145
107900275,24,0,24
107900276,1,92,-91
107900277,2,168,-166
107900278,344,443,-99
107900279,79,241,-162
107900280,2657,2083,574
107900281,1332,3675,-2343
107900282,40,562,-522
107900283,1138,808,330
107900284,639,645,-6
107900285,131,66,65
107900286,134,102,32
107900287,322,187,135
107900290,1,183,-182
107900291,558,30,528
107900292,174,187,-13
107900293,97,366,-269
107900295,61,36,25
107900297,2,257,-255
107900298,756,782,-26
107900299,2624,2586,38
107900300,82,285,-203
107900301,706,813,-107
107900302,154,50,104
107900303,245,313,-68
107900304,434,391,43
107900305,330,11,319
107900306,19,39,-20
107900307,46,256,-210
107900308,199,146,53
107900309,86,2,84
107900310,650,4,646
107900311,5,400,-395
107900312,99,0,99
107900313,4,134,-130
107900314,2,40,-38
107900315,2,49,-47
107900316,77,1,76
107900317,109,20,89
107900318,19,152,-133
107900319,7,165,-158
107900320,5,102,-97
107900321,152,4,148
107900322,8,98,-90
107900323,31,137,-106
107900324,165,3,162
107900325,113,2,111
107900326,387,224,163
107900327,4,136,-132
107900328,75,2,73
107900329,106,109,-3
107900330,7,306,-299
107900331,304,24,280
107900332,315,26,289
107900333,76,21,55
107900334,7,152,-145
107900335,154,41,113
107900336,72,56,16
107900337,859,933,-74
107900338,7,140,-133
107900339,1,20,-19
107900340,1,61,-60
107900341,71,2,69
107900342,166,123,43
107900343,52,6,46
107900344,10,51,-41
107900345,169,36,133
107900346,37,1,36
107900347,26,3,23
107900348,8,2,6
107900349,48,12,36
107900350,21,265,-244
107900351,4,58,-54
108000001,3660,4525,-865
108000002,2088,2597,-509
108000003,4107,4163,-56
108000004,12233,14694,-2461
108000005,9929,7190,2739
108000006,8057,7470,587
108000007,6050,4531,1519
108000008,4714,5999,-1285
108000009,5011,5401,-390
108000010,3440,4252,-812
108000011,14861,14172,689
108000012,16754,15488,1266
108000014,965,934,31
108000015,843,302,541
108000016,327,573,-246
108000017,1353,487,866
108000018,2206,822,1384
108000019,2478,1028,1450
108000020,1436,577,859
108000021,319,1685,-1366
108000022,480,1210,-730
108000023,1503,269,1234
108000024,390,474,-84
108000025,404,302,102
108000026,877,413,464
108000027,931,404,527
108000028,646,251,395
108000029,546,483,63
108000030,823,210,613
108000031,306,641,-335
108000032,2125,766,1359
108000033,836,965,-129
108000034,2002,602,1400
108000035,766,2144,-1378
108000036,446,919,-473
108000037,2225,535,1690
108000038,3179,607,2572
108000039,519,1783,-1264
108000040,2266,1100,1166
108000041,666,2137,-1471
108000042,438,245,193
108000043,225,293,-68
108000044,731,207,524
108000045,373,434,-61
108000046,1740,344,1396
108000047,535,886,-351
108000048,204,321,-117
108000049,1233,333,900
108000050,113,383,-270
108000051,413,171,242
108000052,268,542,-274
108000053,536,253,283
108000054,660,1149,-489
108000055,1364,698,666
108000056,876,1211,-335
108000057,675,1581,-906
108000058,2385,4493,-2108
108000059,3029,2065,964
108000060,287,566,-279
108000061,159,283,-124
108000062,1167,686,481
108000063,594,474,120
108000064,309,257,52
108000065,637,463,174
108000066,1651,849,802
108000067,2201,766,1435
108000068,864,410,454
108000069,203,915,-712
108000070,2340,852,1488
108000071,703,1351,-648
108000072,2097,1247,850
108000073,1525,1669,-144
108000074,858,407,451
108000075,447,765,-318
108000076,1089,661,428
108000077,645,631,14
108000078,3009,1410,1599
108000079,949,1313,-364
108000080,1741,522,1219
108000081,556,1469,-913
108000082,1060,1666,-606
108000083,2234,1094,1140
108000084,439,1126,-687
108000085,1028,522,506
108000086,935,655,280
108000087,244,2452,-2208
108000088,196,16,180
108000089,393,411,-18
108000090,458,225,233
108000091,399,481,-82
108000092,184,96,88
108000093,263,421,-158
108000094,698,118,580
108000095,187,306,-119
108000096,387,194,193
108000097,168,357,-189
108000098,2080,1381,699
108000099,284,65,219
108000100,84,249,-165
108000101,1737,1673,64
108000102,1943,3911,-1968
108000106,1062,1,1061
108000107,0,939,-939
108000108,912,76,836
108000109,8,822,-814
108000110,238,332,-94
108000111,203,544,-341
108000112,67,140,-73
108000113,484,267,217
108000115,421,317,104
108000117,891,414,477
108000118,95,296,-201
108000119,710,366,344
108000120,179,857,-678
108000121,266,415,-149
108000122,717,394,323
108000123,877,191,686
108000124,387,458,-71
108000125,486,269,217
108000126,224,389,-165
108000127,656,275,381
108000128,678,407,271
108000129,414,846,-432
108000130,577,245,332
108000131,1048,574,474
108000132,1874,1289,585
108000133,1017,484,533
108000134,567,492,75
108000135,1463,501,962
108000136,361,848,-487
108000137,573,329,244
108000138,473,851,-378
108000139,605,357,248
108000140,222,20,202
108000141,39,71,-32
108000142,88,91,-3
108000143,32,18,14
108000144,59,18,41
108000145,42,13,29
108000146,71,6,65
108000147,36,21,15
108000148,94,7,87
108000149,30,16,14
108000150,41,5,36
108000151,11,8,3
108000152,91,465,-374
108000153,718,152,566
108000154,67,8,59
108000155,35,27,8
108000156,359,120,239
108000157,200,1224,-1024
108000158,97,906,-809
108000159,550,271,279
108000160,2548,1303,1245
108000161,2347,3087,-740
108000165,5,287,-282
108000172,15,320,-305
108000173,1627,2376,-749
108000175,363,155,208
108000178,504,368,136
108000179,250,1067,-817
108000181,117,24,93
108000182,87,7,80
108000183,21,25,-4
108000184,948,2537,-1589
108000185,281,436,-155
108000186,215,73,142
108000187,121,470,-349
108000188,772,218,554
108000189,758,1772,-1014
108000190,47,149,-102
108000192,217,456,-239
108000193,898,45,853
108000194,46,11,35
108000195,3,929,-926
108000196,232,146,86
108000198,517,252,265
108000199,0,254,-254
108000200,650,440,210
108000202,0,300,-300
108000203,140,556,-416
108000204,196,89,107
108000205,249,387,-138
108000339,1509,415,1094
108000364,145,318,-173
108000365,60,326,-266
108000367,305,343,-38
108000368,8,64,-56
108000369,819,272,547
108000371,3,587,-584
108000372,789,8,781
108000373,265,131,134
108000376,144,44,100
108000377,583,289,294
108000378,10374,12308,-1934
108000379,29,291,-262
108000381,79,23,56
108000382,168,1,167
108000383,2,181,-179
108900001,54,862,-808
108900002,209,74,135
108900003,290,623,-333
108900004,262,532,-270
108900005,65,502,-437
108900006,906,182,724
108900007,439,239,200
108900008,166,120,46
108900009,124,122,2
108900010,408,168,240
108900011,778,432,346
108900012,429,489,-60
108900013,234,266,-32
108900014,31,130,-99
108900015,0,85,-85
108900016,1,213,-212
108900017,260,479,-219
108900018,175,466,-291
108900019,63,516,-453
108900020,79,178,-99
108900021,163,244,-81
108900022,193,12,181
108900023,18,40,-22
108900024,51,94,-43
108900025,149,126,23
108900026,20,136,-116
108900027,0,65,-65
108900028,127,246,-119
108900029,78,259,-181
108900030,0,106,-106
108900031,153,350,-197
108900032,11,229,-218
108900033,2,99,-97
108900034,0,167,-167
108900035,324,1081,-757
108900036,190,265,-75
108900037,65,303,-238
108900038,0,261,-261
108900039,1,303,-302
108900040,10,78,-68
108900041,5028,3745,1283
108900042,9,402,-393
108900043,77,457,-380
108900044,1,356,-355
108900045,88,355,-267
108900046,46,646,-600
108900047,0,118,-118
108900048,107,705,-598
108900049,2376,1494,882
108900050,0,164,-164
108900051,0,151,-151
108900052,39,192,-153
108900053,66,259,-193
108900054,112,235,-123
108900055,60,344,-284
108900056,0,119,-119
108900057,4,113,-109
108900058,43,302,-259
108900059,565,56,509
108900060,114,150,-36
108900061,85,40,45
108900062,5,240,-235
108900063,24,203,-179
108900064,303,53,250
108900065,9,175,-166
108900066,551,150,401
108900067,8,159,-151
108900068,7,116,-109
108900069,90,82,8
108900070,34,80,-46
108900071,130,59,71
108900072,2001,752,1249
108900073,40,295,-255
108900074,273,295,-22
108900075,66,42,24
108900076,499,72,427
108900077,116,389,-273
108900078,50,148,-98
108900079,642,195,447
108900080,31,995,-964
108900081,67,205,-138
108900082,131,97,34
108900083,21,261,-240
108900084,385,161,224
108900085,1873,180,1693
108900086,149,171,-22
108900087,80,173,-93
108900088,1116,446,670
108900089,31,189,-158
108900090,64,216,-152
108900091,150,69,81
108900092,610,387,223
108900093,154,95,59
108900094,246,91,155
108900095,49,275,-226
108900096,279,13,266
108900097,353,180,173
108900098,1873,865,1008
108900099,513,245,268
108900100,112,136,-24
108900101,249,262,-13
108900102,124,1353,-1229
108900103,160,187,-27
108900104,131,401,-270
108900105,18,1503,-1485
108900106,592,275,317
108900108,467,53,414
108900109,520,85,435
108900110,283,332,-49
108900111,528,407,121
108900112,305,31,274
108900113,59,79,-20
108900114,82,12,70
108900115,102,89,13
108900116,98,21,77
108900117,244,16,228
108900118,803,32,771
108900119,360,27,333
108900120,395,199,196
108900121,340,116,224
108900122,175,30,145
108900123,212,128,84
108900124,630,270,360
108900125,557,10,547
108900126,114,30,84
108900127,240,25,215
108900128,139,43,96
108900129,1014,190,824
108900130,410,5,405
108900131,450,9,441
108900132,611,57,554
108900133,318,85,233
108900134,421,221,200
108900135,159,13,146
108900136,56,0,56
108900137,198,0,198
108900138,870,99,771
108900139,661,76,585
108900140,368,207,161
108900141,462,32,430
108900142,117,5,112
108900143,95,1,94
108900144,167,2,165
108900145,249,19,230
108900146,93,1,92
108900147,337,0,337
108900148,77,26,51
108900149,580,317,263
108900150,335,10,325
108900151,111,4,107
108900152,335,14,321
108900153,216,262,-46
108900154,5611,475,5136
108900155,275,100,175
108900156,101,13,88
108900157,30,360,-330
108900158,425,22,403
108900159,10,193,-183
108900160,13,172,-159
108900161,9,301,-292
108900162,145,7,138
108900163,9,353,-344
108900164,52,80,-28
108900165,163,70,93
108900167,1507,8542,-7035
108900168,6808,2890,3918
108900169,77,139,-62
108900171,6059,3477,2582
108900172,231,48,183
108900173,123,404,-281
108900174,1080,641,439
108900176,138,408,-270
108900177,4937,7452,-2515
108900178,3278,4240,-962
108900179,675,2110,-1435
108900180,141,320,-179
108900182,48,379,-331
108900183,236,256,-20
108900184,524,283,241
108900185,134,513,-379
108900186,108,428,-320
108900187,470,53,417
108900188,770,72,698
108900189,524,170,354
108900190,40,2216,-2176
108900191,235,44,191
108900192,78,220,-142
108900193,123,70,53
108900194,27,334,-307
108900195,191,255,-64
108900196,51,279,-228
108900198,6,309,-303
108900199,351,402,-51
108900200,744,414,330
108900201,439,1410,-971
108900203,547,148,399
108900204,514,20,494
108900205,203,36,167
108900206,672,102,570
108900207,318,134,184
108900208,26,329,-303
108900209,204,533,-329
108900210,213,224,-11
108900211,217,685,-468
108900212,584,1771,-1187
108900215,90,424,-334
108900216,566,297,269
108900217,114,1,113
108900218,145,20,125
108900219,119,6,113
108900220,86,24,62
108900221,31,191,-160
108900222,336,19,317
108900223,14,146,-132
108900224,38,150,-112
108900225,0,198,-198
108900226,353,26,327
108900227,179,466,-287
108900230,210,225,-15
108900231,50,163,-113
108900232,3,227,-224
108900233,568,136,432
108900234,402,167,235
108900235,178,528,-350
108900236,59,407,-348
108900237,86,207,-121
108900240,130,117,13
108900241,64,41,23
108900245,15,1716,-1701
108900249,164,43,121
108900250,456,216,240
108900257,317,414,-97
108900258,10,161,-151
108900259,123,46,77
108900260,14,88,-74
108900261,82,99,-17
108900262,145,129,16
108900263,39,138,-99
108900264,518,289,229
108900265,968,515,453
108900266,652,727,-75
108900267,6,156,-150
108900268,5,23,-18
108900269,138,26,112
108900270,107,12,95
108900271,67,32,35
108900272,373,18,355
108900273,725,1103,-378
108900274,82,38,44
109000001,2980,2037,943
109000002,1419,1944,-525
109000003,3041,520,2521
109000004,596,2049,-1453
109000005,2569,640,1929
109000006,702,1897,-1195
109000007,1897,680,1217
109000008,621,1603,-982
109000009,4738,1446,3292
109000010,1434,3486,-2052
109000011,4236,2438,1798
109000012,1861,3078,-1217
109000013,4588,3916,672
109000014,2215,2968,-753
109000015,4417,8992,-4575
109000016,5922,3439,2483
109000017,3044,1452,1592
109000018,949,2631,-1682
109000019,3285,1478,1807
109000020,1047,1827,-780
109000023,316,38,278
109000024,12,228,-216
109000025,394,473,-79
109000026,728,362,366
109000027,130,361,-231
109000028,187,107,80
109000029,160,265,-105
109000030,87,536,-449
109000031,352,231,121
109000032,114,454,-340
109000033,382,272,110
109000034,79,56,23
109000035,27,81,-54
109000036,113,322,-209
109000037,342,1741,-1399
109000038,544,453,91
109000039,1146,988,158
109000040,4951,11205,-6254
109000041,2527,2111,416
109000042,563,1296,-733
109000044,472,95,377
109000045,145,331,-186
109000046,522,96,426
109000047,95,501,-406
109000048,1011,284,727
109000049,322,728,-406
109000050,541,309,232
109000051,303,268,35
109000052,645,802,-157
109000053,276,71,205
109000054,693,507,186
109000055,390,376,14
109000056,452,500,-48
109000057,1005,561,444
109000058,838,278,560
109000059,747,1476,-729
109000060,458,355,103
109000061,833,1550,-717
109000062,176,416,-240
109000063,344,192,152
109000064,433,220,213
109000065,237,254,-17
109000066,585,120,465
109000067,73,263,-190
109000068,2090,14,2076
109000069,997,40,957
109000070,19,1413,-1394
109000071,454,95,359
109000072,97,286,-189
109000073,69,108,-39
109000074,19,181,-162
109000075,70,368,-298
109000076,132,235,-103
109000077,388,269,119
109000078,131,176,-45
109000079,142,157,-15
109000080,210,138,72
109000081,147,391,-244
109000082,877,199,678
109000083,303,628,-325
109000088,135,467,-332
109000089,323,76,247
109000090,162,412,-250
109000091,388,235,153
109000092,397,500,-103
109000093,317,270,47
109000094,739,1,738
109000095,109,348,-239
109000096,930,282,648
109000097,88,139,-51
109000098,65,248,-183
109000099,1167,358,809
109000100,343,612,-269
109000101,2144,806,1338
109000102,468,772,-304
109000103,603,570,33
109000104,2478,603,1875
109000105,524,1282,-758
109000106,2410,973,1437
109000107,666,2086,-1420
109000108,2206,735,1471
109000109,574,1674,-1100
109000110,1635,689,946
109000111,1064,1884,-820
109000112,627,130,497
109000113,696,230,466
109000114,280,446,-166
109000115,1370,31,1339
109000116,2,246,-244
109000117,354,72,282
109000118,8,288,-280
109000119,1848,265,1583
109000120,231,721,-490
109000121,688,34,654
109000122,170,627,-457
109000123,29,64,-35
109000124,770,435,335
109000125,961,307,654
109000126,485,748,-263
109000127,1237,216,1021
109000128,536,1325,-789
109000129,2928,1001,1927
109000130,658,1483,-825
109000131,1219,759,460
109000132,772,1627,-855
109000133,323,922,-599
109000134,919,1224,-305
109000135,1310,1743,-433
109000136,376,346,30
109000137,403,385,18
109000138,531,290,241
109000139,675,442,233
109000140,215,358,-143
109000141,701,530,171
109000142,163,542,-379
109000143,165,74,91
109000145,163,259,-96
109000146,73,143,-70
109000148,3601,2430,1171
109000149,33,67,-34
109000150,79,330,-251
109000155,1060,728,332
109000156,1036,652,384
109000158,177,293,-116
109000159,162,627,-465
109000160,1213,261,952
109000161,455,1092,-637
109000162,2509,779,1730
109000163,1261,1671,-410
109000164,1463,2333,-870
109000165,1516,607,909
109000166,841,111,730
109000167,141,453,-312
109000170,46,92,-46
109000171,72,51,21
109000172,45,81,-36
109000173,37,86,-49
109000174,102,70,32
109000175,64,78,-14
109000176,369,245,124
109000177,45,123,-78
109000178,951,934,17
109000179,4773,6345,-1572
109000180,5706,4447,1259
109000181,18,15,3
109000182,48,31,17
109000183,49,34,15
109000184,56,20,36
109000185,20,47,-27
109000188,602,1805,-1203
109000189,2878,1000,1878
109000190,723,548,175
109000191,430,485,-55
109000192,482,215,267
109000193,267,227,40
109000194,313,120,193
109000195,179,286,-107
109000196,387,134,253
109000197,301,351,-50
109000198,546,88,458
109000199,188,408,-220
109000206,229,32,197
109000207,139,35,104
109000208,97,97,0
109000209,231,154,77
109000210,199,558,-359
109000211,848,518,330
109000214,421,302,119
109000215,147,86,61
109000216,341,351,-10
109000217,304,122,182
109000218,522,262,260
109000221,407,956,-549
109000222,1015,248,767
109000223,379,418,-39
109000224,48,137,-89
109000225,102,29,73
109000226,83,195,-112
109000227,1382,1441,-59
109000228,3,1059,-1056
109000231,64,239,-175
109000232,464,270,194
109000236,388,652,-264
109000241,2597,1978,619
109000242,2147,1280,867
109000293,40,96,-56
109000361,113,245,-132
109000364,362,625,-263
109000396,2,407,-405
109000397,712,5,707
109000399,119,373,-254
109000400,87,263,-176
109000403,113,1192,-1079
109000406,350,4,346
109000407,290,200,90
109000408,0,398,-398
109000410,1299,336,963
109000411,269,29,240
109900001,123,1,122
109900002,752,33,719
109900003,318,0,318
109900004,773,114,659
109900005,43,3,40
109900006,751,217,534
109900007,1034,444,590
109900008,1,34,-33
109900009,180,526,-346
109900010,787,29,758
109900011,103,40,63
109900012,559,243,316
109900013,469,189,280
109900014,468,58,410
109900015,519,234,285
109900016,194,27,167
109900017,202,254,-52
109900018,317,69,248
109900019,356,52,304
109900020,60,40,20
109900021,60,22,38
109900022,187,230,-43
109900023,19,5,14
109900024,42,9,33
109900025,17,68,-51
109900026,4,177,-173
109900027,52,38,14
109900028,981,1285,-304
109900029,4,248,-244
109900030,45,17,28
109900031,0,108,-108
109900032,9,344,-335
109900033,3,472,-469
109900034,52,1,51
109900035,22,19,3
109900036,31,53,-22
109900037,33,380,-347
109900038,158,278,-120
109900039,14,0,14
109900040,36,450,-414
109900041,66,334,-268
109900042,73,1097,-1024
109900044,207,198,9
109900045,157,60,97
109900046,44,81,-37
109900047,356,330,26
109900048,10,89,-79
109900049,16,29,-13
109900050,1,113,-112
109900051,0,45,-45
109900052,99,288,-189
109900053,2,192,-190
109900054,948,261,687
109900055,88,265,-177
109900056,11,214,-203
109900057,3,127,-124
109900058,0,63,-63
109900059,957,143,814
109900060,614,110,504
109900061,65,269,-204
109900062,0,140,-140
109900063,26,508,-482
109900064,564,245,319
109900065,75,157,-82
109900066,402,834,-432
109900067,2,211,-209
109900068,104,12,92
109900069,9,33,-24
109900070,49,289,-240
109900071,4,29,-25
109900072,19,147,-128
109900073,607,483,124
109900074,7,17,-10
109900075,31,65,-34
109900076,13,173,-160
109900077,27,50,-23
109900078,108,193,-85
109900080,143,290,-147
109900081,29,256,-227
109900082,34,312,-278
109900083,13,52,-39
109900084,64,170,-106
109900085,206,558,-352
109900086,187,551,-364
109900087,297,561,-264
109900089,886,228,658
109900090,559,1100,-541
109900091,420,94,326
109900092,1237,37,1200
109900093,1217,170,1047
109900094,79,94,-15
109900095,182,198,-16
109900096,29,7,22
109900097,131,1,130
109900098,481,48,433
109900099,275,2,273
109900100,54,2,52
109900101,661,22,639
109900102,590,25,565
109900103,21,37,-16
109900104,697,610,87
109900105,677,31,646
109900106,790,58,732
109900107,1220,111,1109
109900108,178,351,-173
109900109,40,191,-151
109900110,97,286,-189
109900111,285,869,-584
109900112,336,509,-173
109900113,1117,750,367
109900114,1038,1707,-669
109900115,216,115,101
109900117,1258,169,1089
109900118,214,464,-250
109900119,554,427,127
109900120,101,30,71
109900121,440,517,-77
109900122,580,12,568
109900123,33,139,-106
109900124,63,417,-354
109900125,2,132,-130
109900126,410,107,303
109900128,379,40,339
109900130,6219,2593,3626
109900131,54,171,-117
109900132,31,172,-141
109900133,108,236,-128
109900134,106,110,-4
109900135,430,85,345
109900136,41,132,-91
109900137,248,304,-56
109900140,252,145,107
109900142,1802,312,1490
109900145,8,626,-618
109900146,434,71,363
109900148,31,86,-55
109900149,46,58,-12
109900150,5,102,-97
109900151,9,66,-57
109900152,0,30,-30
109900153,2,64,-62
109900154,112,1,111
109900155,87,42,45
109900157,45,184,-139
109900158,84,144,-60
109900159,164,34,130
109900160,138,50,88
109900161,256,65,191
109900162,226,89,137
109900163,742,381,361
109900164,107,230,-123
109900165,364,8,356
109900166,7,134,-127
109900167,222,511,-289
109900168,236,579,-343
109900169,323,181,142
109900170,257,1069,-812
109900171,247,95,152
109900172,226,279,-53
109900173,2639,2880,-241
109900174,88,144,-56
109900175,82,85,-3
109900176,121,167,-46
109900177,77,224,-147
109900178,4,230,-226
109900179,33,11,22
109900180,7,10,-3
110000001,1028,569,459
110000002,652,895,-243
110000003,839,754,85
110000004,566,828,-262
110000005,421,2091,-1670
110000006,325,377,-52
110000007,165,116,49
110000008,15,78,-63
110000009,55,11,44
110000010,51,69,-18
110000011,60,63,-3
110000012,801,335,466
110000013,51,616,-565
110000014,658,447,211
110000015,321,765,-444
110000016,245,1742,-1497
110000017,2951,344,2607
110000018,2693,428,2265
110000019,21,108,-87
110000020,790,268,522
110000021,595,552,43
110000022,1217,258,959
110000023,8,178,-170
110000024,785,548,237
110000025,405,6,399
110000026,6,282,-276
110000027,854,1388,-534
110000028,966,823,143
110000029,628,674,-46
110000030,298,451,-153
110000031,336,406,-70
110000032,910,452,458
110000033,319,250,69
110000034,579,743,-164
110000035,1264,605,659
110000036,1143,772,371
110000037,401,443,-42
110000038,315,793,-478
110000039,783,4149,-3366
110000040,289,408,-119
110000041,354,1804,-1450
110000042,102,538,-436
110000043,1095,387,708
110000044,212,773,-561
110000045,1574,188,1386
110000046,12,111,-99
110000047,165,82,83
110000048,15,52,-37
110000049,32,12,20
110000050,12,156,-144
110000051,23,16,7
110000052,38,41,-3
110000053,202,45,157
110000054,303,429,-126
110000055,732,78,654
110000056,245,129,116
110000057,435,645,-210
110000058,1474,513,961
110000059,1339,577,762
110000060,1185,1179,6
110000061,1009,763,246
110000062,799,988,-189
110000063,46,149,-103
110000064,100,56,44
110000065,77,87,-10
110000066,94,50,44
110000067,108,176,-68
110000068,376,153,223
110000069,342,70,272
110000071,224,93,131
110000073,15,16,-1
110000075,15,69,-54
110000076,351,436,-85
110000077,460,1394,-934
110000078,38,37,1
110000080,293,630,-337
110000081,95,270,-175
110000082,53,473,-420
110000083,264,662,-398
110000084,1488,1137,351
110000085,1856,1630,226
110000086,1619,2981,-1362
110000087,24,65,-41
110000088,98,260,-162
110000089,258,120,138
110000090,126,218,-92
110000091,984,235,749
110000092,28,69,-41
110000093,76,18,58
110000094,522,294,228
110000095,335,701,-366
110000096,1958,2042,-84
110000097,1198,1515,-317
110000098,2598,781,1817
110000099,961,1632,-671
110000100,1220,451,769
110000101,36,342,-306
110000102,71,20,51
110000104,426,174,252
110000105,59,308,-249
110000106,766,450,316
110000107,246,383,-137
110000108,147,112,35
110000109,375,272,103
110000110,3111,6102,-2991
110000111,6856,3582,3274
110000112,1197,1727,-530
110000113,362,2823,-2461
110000114,252,743,-491
110000115,468,381,87
110000116,63,50,13
110000117,273,297,-24
110000118,519,158,361
110000119,305,285,20
110000120,413,172,241
110000121,71,419,-348
110000122,406,672,-266
110000123,764,900,-136
110000124,1,901,-900
110000125,1303,13,1290
110000126,303,23,280
110000127,1332,77,1255
110000128,55,1283,-1228
110000129,3,489,-486
110000130,295,261,34
110000131,105,272,-167
110000132,2,655,-653
110000133,59,466,-407
110000134,24,359,-335
110000135,237,26,211
110000136,78,260,-182
110000137,645,584,61
110000138,979,670,309
110000139,1048,951,97
110000140,1069,693,376
110000143,642,379,263
110000144,5456,2162,3294
110000145,2034,1608,426
110000146,2810,1001,1809
110000147,634,792,-158
110000148,705,289,416
110000151,1108,1421,-313
110000152,930,536,394
110000153,179,36,143
110000154,46,37,9
110000155,1866,5056,-3190
110000156,1088,2910,-1822
110000157,2086,2833,-747
110000160,552,328,224
110000161,243,304,-61
110000166,724,165,559
110000167,1188,586,602
110000168,1202,594,608
110000169,1133,461,672
110000170,149,97,52
110000171,774,199,575
110000172,217,806,-589
110000173,1026,1020,6
110000174,166,795,-629
110000175,898,80,818
110000176,76,437,-361
110000177,230,1044,-814
110000178,461,2037,-1576
110000179,1400,426,974
110000180,231,261,-30
110000181,655,454,201
110000182,364,170,194
110000183,8603,8847,-244
110000184,358,2670,-2312
110000185,1364,1042,322
110000186,861,737,124
110000191,1308,350,958
110000192,755,17,738
110000193,1484,10,1474
110000194,22,1009,-987
110000195,601,312,289
110000196,477,296,181
110000197,146,176,-30
110000198,155,81,74
110000199,129,150,-21
110000200,1342,583,759
110000201,1259,1241,18
110000202,1585,688,897
110000203,744,742,2
110000204,6,204,-198
110000205,195,80,115
110000206,729,1238,-509
110000207,1332,469,863
110000208,332,292,40
110000209,137,1648,-1511
110000210,1747,498,1249
110000211,1148,1174,-26
110000212,557,1206,-649
110000213,289,67,222
110000214,346,97,249
110000215,219,323,-104
110000216,122,318,-196
110000217,461,145,316
110000218,201,292,-91
110000219,364,91,273
110000220,101,247,-146
110000221,392,92,300
110000222,83,206,-123
110000223,2,186,-184
110000224,46,9,37
110000225,312,768,-456
110000226,264,49,215
110000227,841,1003,-162
110000228,312,153,159
110000229,0,201,-201
110000230,788,960,-172
110000231,223,254,-31
110000232,297,293,4
110000233,255,313,-58
110000234,975,1578,-603
110000235,1153,1396,-243
110000236,687,739,-52
110000237,2822,1825,997
110000238,1454,1487,-33
110000239,2178,1276,902
110000240,2,85,-83
110000242,0,27,-27
110000243,142,135,7
110000244,185,721,-536
110000245,57,496,-439
110000246,993,515,478
110000247,1379,5818,-4439
110000248,2283,1852,431
110000249,97,13,84
110000250,74,247,-173
110000251,463,645,-182
110000252,357,203,154
110000253,1869,836,1033
110000254,795,1323,-528
110000255,298,1004,-706
110000256,640,385,255
110000257,756,494,262
110000258,12,643,-631
110000259,171,23,148
110000260,34,212,-178
110000263,702,129,573
110000264,341,441,-100
110000265,1309,2284,-975
110000266,2206,3588,-1382
110000267,36,182,-146
110000268,329,613,-284
110000269,6,80,-74
110000270,96,9,87
110000271,1448,340,1108
110000272,1376,1271,105
110000273,3680,1992,1688
110000274,243,1960,-1717
110000275,2059,700,1359
110000276,313,452,-139
110000277,392,424,-32
110000278,371,756,-385
110000279,1018,885,133
110000280,529,477,52
110000281,61,474,-413
110000282,346,23,323
110000283,82,167,-85
110000284,64,46,18
110000285,2,918,-916
110000286,33,5,28
110000287,99,3,96
110000288,14,112,-98
110000289,511,2271,-1760
110000290,761,601,160
110000291,5685,1454,4231
110000292,1587,5476,-3889
110000293,703,656,47
110000294,1260,1194,66
110000295,177,959,-782
110000296,591,380,211
110000297,2973,363,2610
110000298,263,556,-293
110000299,260,95,165
110000301,428,29,399
110000302,547,875,-328
110000303,585,6,579
110000304,227,226,1
110000305,1501,22,1479
110000306,223,1160,-937
110000307,1982,7,1975
110000308,705,11,694
110000309,7,727,-720
110000310,979,42,937
110000311,15,750,-735
110000312,567,138,429
110000313,3258,3648,-390
110000314,0,236,-236
110000315,3228,3418,-190
110000316,574,1618,-1044
110000317,610,1157,-547
110000318,3,56,-53
110000319,18,32,-14
110000320,59,44,15
110000321,28,54,-26
110000322,310,387,-77
110000323,505,269,236
110000324,3529,2166,1363
110000325,2659,3568,-909
110000327,631,416,215
110000328,182,507,-325
110000333,1098,921,177
110000334,1000,1503,-503
110000335,1128,704,424
110000336,1056,1084,-28
110000337,2053,666,1387
110000338,635,251,384
110000339,361,283,78
110000340,152,204,-52
110000341,580,569,11
110000342,528,12,516
110000343,0,22,-22
110000344,929,264,665
110000345,919,281,638
110000346,2671,2275,396
110000347,1338,769,569
110000348,14,27,-13
110000349,8,20,-12
110000350,51,14,37
110000351,1331,819,512
110000352,799,1656,-857
110000353,3439,665,2774
110000354,1337,3808,-2471
110000355,145,80,65
110000356,1177,24,1153
110000357,538,21,517
110000361,55,40,15
110000362,101,89,12
110000363,569,124,445
110000364,288,377,-89
110000365,205,1,204
110000366,0,93,-93
110000367,452,214,238
110000368,10,60,-50
110000369,149,2,147
110000373,7,262,-255
110000374,212,16,196
110000375,129,1001,-872
110000376,57,129,-72
110000377,90,612,-522
110000378,18,415,-397
110000379,3044,2365,679
110000380,89,14,75
110000383,2,1151,-1149
110000384,1636,1115,521
110000385,1,269,-268
110000387,113,11,102
110000388,43,268,-225
110000389,1088,12,1076
110000391,1010,290,720
110000396,219,155,64
110000397,150,160,-10
110000398,12,39,-27
110000399,216,0,216
110000587,180,101,79
110000589,211,122,89
110000640,196,48,148
110000652,25,393,-368
110000653,376,501,-125
110000654,52,288,-236
110000656,0,587,-587
110000674,41,56,-15
110000675,21,62,-41
110000676,32,48,-16
110000679,343,1600,-1257
110000682,123,229,-106
110000683,434,566,-132
110000684,20,51,-31
110000685,13,15,-2
110000686,1,48,-47
110000687,94,8,86
110000688,62,1204,-1142
110000689,23,29,-6
110000692,94,248,-154
110000693,94,490,-396
110000694,2,204,-202
110000695,210,803,-593
110000696,82,54,28
110900001,392,31,361
110900002,471,248,223
110900003,1093,616,477
110900004,641,187,454
110900005,2233,2772,-539
110900006,62,29,33
110900007,194,45,149
110900008,20,31,-11
110900009,650,208,442
110900010,8,62,-54
110900011,52,58,-6
110900012,21,79,-58
110900013,1243,139,1104
110900014,301,23,278
110900015,501,749,-248
110900016,63,121,-58
110900017,590,31,559
110900018,571,48,523
110900019,275,35,240
110900020,138,193,-55
110900021,149,533,-384
110900022,116,282,-166
110900023,139,618,-479
110900024,50,326,-276
110900025,3,51,-48
110900027,77,274,-197
110900028,58,120,-62
110900029,38,332,-294
110900030,45,205,-160
110900031,2,142,-140
110900032,0,62,-62
110900033,58,229,-171
110900035,38,452,-414
110900036,115,21,94
110900037,85,25,60
110900038,1043,231,812
110900039,4,292,-288
110900040,260,34,226
110900041,15,71,-56
110900042,175,60,115
110900043,2,89,-87
110900044,258,23,235
110900045,48,339,-291
110900046,46,202,-156
110900047,583,399,184
110900049,145,89,56
110900050,23,3,20
110900051,36,181,-145
110900052,6,150,-144
110900053,157,74,83
110900054,27,183,-156
110900055,52,4,48
110900056,75,120,-45
110900057,6,143,-137
110900058,351,288,63
110900059,559,586,-27
110900060,619,132,487
110900061,24,51,-27
110900062,172,233,-61
110900063,63,305,-242
110900064,21,0,21
110900065,376,180,196
110900066,18,136,-118
110900067,423,794,-371
110900068,218,173,45
110900069,13,16,-3
110900070,63,38,25
110900071,315,889,-574
110900073,0,20,-20
110900074,475,108,367
110900075,460,89,371
110900077,1091,642,449
110900078,46,54,-8
110900079,1997,1797,200
110900080,157,76,81
110900081,4,42,-38
110900082,221,121,100
110900083,135,58,77
110900084,66,71,-5
110900085,93,226,-133
110900086,136,356,-220
110900087,408,80,328
110900088,19,0,19
110900090,87,70,17
110900091,3,56,-53
110900093,363,128,235
110900095,79,93,-14
110900097,15,22,-7
110900098,46,61,-15
110900099,105,356,-251
110900100,0,22,-22
110900102,57,22,35
110900105,1570,222,1348
110900108,32,39,-7
110900111,524,369,155
110900112,997,11,986
110900113,440,70,370
110900115,40,73,-33
110900116,864,1530,-666
110900118,127,3858,-3731
110900119,3416,273,3143
110900120,30,75,-45
110900121,177,1,176
110900122,541,228,313
110900125,478,524,-46
110900127,663,1759,-1096
110900128,300,349,-49
110900129,453,1130,-677
110900130,1020,855,165
110900131,275,37,238
110900132,454,91,363
110900133,64,222,-158
110900135,94,298,-204
110900136,392,26,366
110900137,53,1,52
110900138,1091,950,141
110900139,12,280,-268
110900140,59,9,50
110900141,4,293,-289
110900142,112,158,-46
110900143,245,114,131
110900144,4,562,-558
110900145,211,80,131
110900146,501,252,249
110900147,120,570,-450
110900148,13,295,-282
110900149,2,66,-64
110900150,98,34,64
110900151,17,126,-109
110900152,30,205,-175
110900153,199,69,130
111000001,704,530,174
111000002,654,486,168
111000003,1264,674,590
111000004,360,848,-488
111000005,1400,1191,209
111000006,928,1748,-820
111000007,5184,3033,2151
111000008,1967,3237,-1270
111000009,477,941,-464
111000010,885,335,550
111000011,399,1231,-832
111000012,652,518,134
111000013,444,1343,-899
111000014,1565,509,1056
111000017,83,1160,-1077
111000018,236,397,-161
111000020,929,2425,-1496
111000021,88,102,-14
111000023,131,135,-4
111000025,4422,4431,-9
111000029,143,115,28
111000030,36,112,-76
111000031,2356,1311,1045
111000032,531,379,152
111000033,271,345,-74
111000034,114,297,-183
111000037,1410,808,602
111000038,3774,2524,1250
111000039,2066,2289,-223
111000040,1837,2124,-287
111000041,1629,1557,72
111000042,2780,2408,372
111000043,2478,3984,-1506
111000044,2287,1293,994
111000045,2921,2892,29
111000046,2160,2226,-66
111000047,3341,4797,-1456
111000049,568,525,43
111000050,1568,1257,311
111000051,689,998,-309
111000052,617,1625,-1008
111000053,408,932,-524
111000054,441,709,-268
111000055,1023,1484,-461
111000056,196,419,-223
111000057,117,436,-319
111000058,511,65,446
111000059,651,279,372
111000060,4770,998,3772
111000061,695,384,311
111000062,1069,405,664
111000063,2237,1162,1075
111000064,895,644,251
111000065,1371,1042,329
111000066,689,447,242
111000067,656,610,46
111000068,742,915,-173
111000069,1953,2154,-201
111000070,1223,1019,204
111000071,265,600,-335
111000072,1417,576,841
111000073,379,1076,-697
111000074,1836,1801,35
111000075,1338,647,691
111000076,660,719,-59
111000077,1990,1663,327
111000078,3157,1405,1752
111000079,1428,868,560
111000080,605,673,-68
111000081,1743,4803,-3060
111000082,1040,594,446
111000084,952,629,323
111000085,1098,1137,-39
111000086,3148,920,2228
111000087,744,570,174
111000088,6142,2736,3406
111000089,935,848,87
111000090,1020,1493,-473
111000091,870,500,370
111000092,1611,824,787
111000093,934,1094,-160
111000094,2098,1108,990
111000095,799,2504,-1705
111000096,1919,8703,-6784
111000097,4645,1719,2926
111000098,968,1138,-170
111000099,688,1653,-965
111000100,498,1315,-817
111000101,501,862,-361
111000102,310,654,-344
111000104,863,219,644
111000107,140,829,-689
111000109,906,269,637
111000110,1803,763,1040
111000111,2877,590,2287
111000112,2083,556,1527
111000113,1155,1819,-664
111000114,2339,4219,-1880
111000115,5663,1348,4315
111000116,996,897,99
111000117,477,935,-458
111000118,1555,813,742
111000119,1254,987,267
111000120,523,698,-175
111000121,430,738,-308
111000122,581,1014,-433
111000123,1225,2464,-1239
111000124,426,2310,-1884
111000125,308,1330,-1022
111000126,126,778,-652
111000127,1235,197,1038
111000128,2416,371,2045
111000129,3507,511,2996
111000130,2759,695,2064
111000131,2162,635,1527
111000132,1993,999,994
111000133,219,168,51
111000134,171,90,81
111000135,50,185,-135
111000136,393,353,40
111000138,12,4,8
111000140,6,2,4
111000141,205,420,-215
111000142,15,142,-127
111000143,2,166,-164
111000144,18,516,-498
111000145,672,8,664
111000146,131,13,118
111000147,343,25,318
111000148,135,101,34
111000149,3,35,-32
111000150,25,7,18
111000151,25,20,5
111000153,687,849,-162
111000154,799,274,525
111000155,117,185,-68
111000156,609,809,-200
111000157,292,1355,-1063
111000158,1072,811,261
111000159,3071,849,2222
111000160,478,325,153
111000161,12,329,-317
111000162,69,151,-82
111000163,846,840,6
111000164,667,3789,-3122
111000165,1011,528,483
111000166,1802,341,1461
111000167,259,421,-162
111000168,251,458,-207
111000169,379,713,-334
111000170,413,412,1
111000171,489,578,-89
111000172,188,451,-263
111000173,487,808,-321
111000174,333,374,-41
111000175,55,424,-369
111000176,489,121,368
111000177,392,232,160
111000178,1626,299,1327
111000179,238,171,67
111000180,324,423,-99
111000181,1563,202,1361
111000182,317,190,127
111000183,593,346,247
111000184,405,231,174
111000185,488,400,88
111000186,511,228,283
111000187,153,144,9
111000188,317,351,-34
111000189,1003,608,395
111000190,242,336,-94
111000191,236,268,-32
111000192,185,470,-285
111000193,312,263,49
111000194,61,256,-195
111000195,171,273,-102
111000196,86,190,-104
111000197,585,113,472
111000198,718,111,607
111000199,247,194,53
111000200,575,378,197
111000201,761,218,543
111000202,421,180,241
111000203,413,296,117
111000204,521,1535,-1014
111000213,268,522,-254
111000214,1576,1374,202
111000215,1345,1265,80
111000217,1796,848,948
111000218,1370,1245,125
111000219,508,212,296
111000220,1197,769,428
111000221,529,98,431
111000224,31,249,-218
111000225,425,362,63
111000226,85,0,85
111000227,21,2,19
111000228,36,466,-430
111000229,60,1063,-1003
111000230,274,294,-20
111000231,1243,594,649
111000232,741,870,-129
111000233,1139,687,452
111000234,164,529,-365
111000239,103,135,-32
111000240,71,252,-181
111000241,28,263,-235
111000242,251,93,158
111000243,147,540,-393
111000244,637,98,539
111000245,1254,321,933
111000246,714,318,396
111000247,446,745,-299
111000248,974,400,574
111000249,493,588,-95
111000250,55,75,-20
111000251,38,73,-35
111000253,29,28,1
111000255,48,9,39
111000257,51,28,23
111000260,76,953,-877
111000261,1461,118,1343
111000271,59,325,-266
111000273,3365,1263,2102
111000274,1525,2746,-1221
111000275,147,57,90
111000276,275,1486,-1211
111000277,234,371,-137
111000278,724,258,466
111000291,903,7569,-6666
111000298,623,186,437
111000299,829,174,655
111000300,134,558,-424
111000302,395,81,314
111000303,76,208,-132
111000312,57,61,-4
111000315,9,121,-112
111000320,276,577,-301
111000321,556,139,417
111000322,386,383,3
111000323,327,28,299
111000324,450,197,253
111000325,89,62,27
111000326,225,280,-55
111000327,480,342,138
111000328,361,530,-169
111000329,1,34,-33
111000330,61,13,48
111000331,24,3,21
111000332,697,1256,-559
111000334,405,1226,-821
111000335,1134,279,855
111000337,1717,409,1308
111000338,102,141,-39
111000339,916,374,542
111000340,123,540,-417
111000341,1462,741,721
111000342,166,836,-670
111000344,1259,657,602
111000345,187,75,112
111000346,21,131,-110
111000347,171,24,147
111000350,195,144,51
111000351,150,339,-189
111000352,214,147,67
111000353,163,295,-132
111000354,658,203,455
111000355,333,696,-363
111000358,172,1031,-859
111000360,252,532,-280
111000361,179,207,-28
111000546,1133,652,481
111000547,488,438,50
111000548,111,366,-255
111000549,337,291,46
111000550,75,1031,-956
111000551,757,154,603
111000552,1192,146,1046
111000907,560,13,547
111000908,34,0,34
111000916,2166,313,1853
111000917,27,429,-402
111000918,277,833,-556
111000920,653,29,624
111000921,7,216,-209
111000922,669,276,393
111000924,62,648,-586
111000925,3143,2013,1130
111000926,1163,1465,-302
111000927,3574,4614,-1040
111000928,4381,2964,1417
111000929,1614,1386,228
111000930,906,2047,-1141
111000931,2329,2958,-629
111000932,4053,1955,2098
111000933,4298,2926,1372
111000934,2010,3506,-1496
111000935,1974,1024,950
111000936,1181,2023,-842
111000937,1224,1519,-295
111000938,1544,1483,61
111000939,674,43,631
111000940,564,159,405
111000941,504,469,35
111000943,579,290,289
111000944,185,304,-119
111000945,180,1093,-913
111001109,531,498,33
111001110,182,487,-305
111001111,112,12,100
111001112,119,6,113
111001113,7,199,-192
111001114,779,182,597
111001115,77,735,-658
111001116,4533,4560,-27
111001117,700,2936,-2236
111001120,161,299,-138
111001121,208,192,16
111001122,298,383,-85
111001123,330,76,254
111001124,169,185,-16
111001125,3,135,-132
111900001,6,102,-96
111900002,32,569,-537
111900003,5,238,-233
111900004,53,136,-83
111900006,20,48,-28
111900007,138,6,132
111900008,335,6,329
111900009,292,162,130
111900010,308,414,-106
111900012,69,91,-22
111900013,29,85,-56
111900014,4361,4882,-521
111900015,1,49,-48
111900016,1,102,-101
111900017,1,103,-102
111900018,189,6,183
111900019,4,205,-201
111900020,4,44,-40
111900021,42,81,-39
111900022,23,61,-38
111900023,125,104,21
111900024,22,68,-46
111900025,0,33,-33
111900026,1,80,-79
111900027,1,109,-108
111900028,6,276,-270
111900029,1,64,-63
111900030,31,348,-317
111900031,39,45,-6
111900032,1,244,-243
111900033,3,67,-64
111900034,182,443,-261
111900035,97,207,-110
111900036,1,236,-235
111900038,234,558,-324
111900039,54,368,-314
111900040,5,402,-397
111900042,77,102,-25
111900043,1,274,-273
111900044,295,164,131
111900046,33,155,-122
111900048,346,530,-184
111900049,30,220,-190
111900050,129,34,95
111900051,4,216,-212
111900052,373,402,-29
111900053,1060,2124,-1064
111900054,171,3,168
111900055,18,331,-313
111900056,180,347,-167
111900057,182,47,135
111900058,588,522,66
111900059,1565,759,806
111900060,394,3,391
111900061,7,176,-169
111900062,23,84,-61
111900063,385,244,141
111900064,81,190,-109
111900065,101,27,74
111900066,162,227,-65
111900067,1,376,-375
111900068,59,47,12
111900069,97,33,64
111900070,207,108,99
111900071,1,224,-223
111900072,97,34,63
111900073,1102,169,933
111900074,11,197,-186
111900075,98,8,90
111900076,271,79,192
111900077,73,1,72
111900078,430,22,408
111900079,55,44,11
111900080,251,305,-54
111900082,193,32,161
111900083,180,8,172
111900084,125,11,114
111900085,72,139,-67
111900086,38,10,28
111900087,61,1,60
111900088,649,13,636
111900089,139,2,137
111900090,64,75,-11
111900091,352,2,350
111900092,145,0,145
111900093,494,5,489
111900094,144,1,143
111900095,311,46,265
111900096,243,3,240
111900097,71,1,70
111900098,329,1,328
111900099,80,0,80
111900100,208,5,203
111900101,157,36,121
111900102,724,466,258
111900103,101,123,-22
111900104,232,90,142
111900105,375,270,105
111900106,817,55,762
111900110,1653,433,1220
111900111,321,126,195
111900112,579,3381,-2802
111900113,281,129,152
111900118,410,90,320
111900119,408,153,255
111900122,160,89,71
111900123,24,36,-12
111900124,39,96,-57
111900125,682,61,621
111900126,359,7,352
111900127,3,462,-459
111900128,1,434,-433
111900129,415,8,407
111900130,255,64,191
111900131,666,2,664
111900132,17,882,-865
111900133,15,242,-227
111900134,15,181,-166
111900135,13,56,-43
111900136,88,185,-97
111900137,93,59,34
111900138,19,71,-52
111900139,20,111,-91
111900140,198,42,156
111900141,83,20,63
111900142,137,29,108
111900143,31,209,-178
111900144,0,78,-78
111900145,1,392,-391
111900146,2,199,-197
111900147,137,378,-241
111900148,30,546,-516
111900149,3,223,-220
111900150,14,147,-133
111900151,9,27,-18
111900152,109,80,29
111900153,1172,744,428
111900154,19,379,-360
111900155,64,125,-61
111900156,76,83,-7
111900157,152,19,133
111900158,614,102,512
111900159,427,39,388
111900160,339,3,336
111900161,244,0,244
111900162,99,203,-104
111900163,58,208,-150
111900164,120,91,29
111901113,777,232,545
111901114,294,293,1
111901115,131,9,122
111901116,55,2,53
111901117,16,43,-27
111901118,41,367,-326
111901119,595,69,526
111901121,133,168,-35
111901122,8,384,-376
111901123,264,264,0
111901124,269,3,266
111901125,527,206,321
111901127,594,739,-145
111901128,15,97,-82
111901129,5,127,-122
111901130,3,176,-173
111901131,5,277,-272
111901132,77,28,49
111901133,42,3,39
111901134,148,4,144
111901135,41,6,35
111901136,78,78,0
111901137,3,52,-49
111901138,206,47,159
111901139,35,23,12
111901140,3,91,-88
111901141,8,136,-128
111901142,5,92,-87
111901143,0,93,-93
111901144,57,58,-1
111901145,271,383,-112
111901146,333,17,316
112000001,2298,751,1547
112000002,701,1935,-1234
112000003,2138,1255,883
112000004,774,807,-33
112000005,4170,4281,-111
112000006,2000,1661,339
112000007,4582,2973,1609
112000008,3321,4405,-1084
112000009,3074,2681,393
112000010,4104,4772,-668
112000011,1739,1723,16
112000012,5807,7024,-1217
112000013,3698,3888,-190
112000014,2539,3993,-1454
112000015,2578,4549,-1971
112000016,5933,3416,2517
112000017,2573,5326,-2753
112000024,2372,915,1457
112000026,2908,3677,-769
112000027,937,793,144
112000028,1260,1625,-365
112000029,795,918,-123
112000030,195,105,90
112000031,1588,6726,-5138
112000032,321,64,257
112000033,1863,3165,-1302
112000034,190,97,93
112000035,101,858,-757
112000036,963,1830,-867
112000037,1466,1455,11
112000038,2085,1979,106
112000039,103,115,-12
112000040,98,246,-148
112000041,458,444,14
112000042,1181,520,661
112000050,1346,1695,-349
112000051,1308,1957,-649
112000054,1703,1679,24
112000057,1071,528,543
112000058,536,954,-418
112000059,612,979,-367
112000061,3258,2333,925
112000062,1481,1101,380
112000063,929,1863,-934
112000064,4386,5617,-1231
112000065,1858,2405,-547
112000066,4432,1726,2706
112000067,767,767,0
112000068,4011,3105,906
112000069,808,1751,-943
112000070,2450,1162,1288
112000071,1249,2637,-1388
112000072,3082,968,2114
112000073,2049,2573,-524
112000074,1928,1493,435
112000075,1647,1555,92
112000076,3912,2767,1145
112000077,805,597,208
112000078,2241,844,1397
112000079,1806,1574,232
112000080,1035,977,58
112000081,1413,2563,-1150
112000082,1820,923,897
112000083,715,1177,-462
112000084,1618,790,828
112000085,1350,846,504
112000086,2088,1123,965
112000087,604,469,135
112000088,979,414,565
112000089,583,405,178
112000090,356,352,4
112000091,700,877,-177
112000092,2458,1190,1268
112000093,1820,826,994
112000094,822,864,-42
112000095,828,876,-48
112000096,788,707,81
112000097,1643,985,658
112000098,997,1016,-19
112000099,1055,2157,-1102
112000100,2526,868,1658
112000101,716,859,-143
112000102,1803,515,1288
112000103,371,842,-471
112000105,524,1215,-691
112000106,2196,445,1751
112000107,23,266,-243
112000108,269,1756,-1487
112000109,66,75,-9
112000110,2411,700,1711
112000111,1362,6579,-5217
112000112,6004,881,5123
112000113,1176,1790,-614
112000114,3616,1222,2394
112000115,459,528,-69
112000116,865,1086,-221
112000117,1193,956,237
112000118,975,924,51
112000119,442,630,-188
112000120,114,344,-230
112000121,170,391,-221
112000122,424,150,274
112000123,1010,185,825
112000124,516,89,427
112000125,336,279,57
112000126,339,414,-75
112000127,3073,3398,-325
112000128,1119,1156,-37
112000129,139,116,23
112000130,261,82,179
112000131,41,240,-199
112000132,135,271,-136
112000133,456,187,269
112000134,544,353,191
112000135,1719,857,862
112000136,1251,1608,-357
112000137,2281,3327,-1046
112000138,2052,1956,96
112000139,1132,725,407
112000140,897,1252,-355
112000141,1194,383,811
112000142,204,582,-378
112000143,1318,193,1125
112000144,318,995,-677
112000145,3294,603,2691
112000146,608,1552,-944
112000147,3033,1978,1055
112000148,1724,2213,-489
112000149,578,544,34
112000150,320,627,-307
112000151,407,356,51
112000152,503,406,97
112000153,172,255,-83
112000154,178,295,-117
112000155,198,212,-14
112000157,793,694,99
112000158,386,427,-41
112000159,699,372,327
112000167,503,142,361
112000169,294,521,-227
112000173,1021,327,694
112000175,502,372,130
112000176,2594,2473,121
112000177,1056,293,763
112000178,105,352,-247
112000179,356,119,237
112000180,306,380,-74
112000181,1513,1642,-129
112000182,1698,1270,428
112000183,37,49,-12
112000184,462,390,72
112000185,705,408,297
112000187,4940,2916,2024
112000195,184,20,164
112000196,257,4,253
112000197,247,234,13
112000198,51,329,-278
112000199,1106,921,185
112000202,627,3,624
112000216,53,263,-210
112000230,124,6,118
112000231,5,230,-225
112000256,99,326,-227
112000313,77,106,-29
112000314,59,25,34
112000337,495,685,-190
112000352,373,504,-131
112000392,1504,1346,158
112000398,1860,960,900
112000399,1772,2952,-1180
112000400,1863,2357,-494
112000401,2467,2127,340
112000402,4150,4350,-200
112000403,1907,3824,-1917
112000404,1237,1148,89
112000405,2427,3315,-888
112000406,2966,1995,971
112000407,9010,9269,-259
112000408,7752,5615,2137
112000409,1568,3602,-2034
112000410,566,412,154
112000411,3746,2143,1603
112000412,1498,621,877
112000413,7360,7275,85
112000414,102,56,46
112000415,158,44,114
112000416,3255,1383,1872
112000417,397,118,279
112000421,55,121,-66
112000422,473,291,182
112000424,2150,3291,-1141
112000425,550,710,-160
112000426,207,368,-161
112000427,0,10,-10
112000428,393,349,44
112000429,2475,2546,-71
112000430,2820,3242,-422
112000431,110,214,-104
112000432,735,1110,-375
112000433,461,1057,-596
112000437,74,161,-87
112900001,99,3,96
112900002,616,842,-226
112900003,111,315,-204
112900004,45,233,-188
112900005,285,217,68
112900006,12,312,-300
112900007,73,162,-89
112900008,2,36,-34
112900009,502,131,371
112900010,427,761,-334
112900011,131,222,-91
112900012,1,46,-45
112900013,10,404,-394
112900014,7,262,-255
112900015,471,764,-293
112900016,14,228,-214
112900017,54,222,-168
112900018,2,214,-212
112900019,35,130,-95
112900020,395,981,-586
112900021,4,167,-163
112900022,12,81,-69
112900023,2,130,-128
112900024,12,215,-203
112900025,120,305,-185
112900026,5,195,-190
112900027,13,894,-881
112900028,18,132,-114
112900029,26,494,-468
112900030,75,140,-65
112900031,9,397,-388
112900032,246,280,-34
112900034,1,41,-40
112900035,2,354,-352
112900036,41,146,-105
112900037,176,267,-91
112900038,820,142,678
112900039,9,318,-309
112900040,10,756,-746
112900041,831,1392,-561
112900042,111,301,-190
112900043,59,104,-45
112900044,518,493,25
112900045,281,318,-37
112900046,204,78,126
112900047,17,24,-7
112900049,261,99,162
112900050,46,568,-522
112900051,295,532,-237
112900052,74,719,-645
112900053,318,162,156
112900054,239,58,181
112900055,142,64,78
112900056,530,280,250
112900057,42,430,-388
112900058,363,366,-3
112900059,158,195,-37
112900060,30,150,-120
112900061,90,130,-40
112900062,88,117,-29
112900063,102,26,76
112900064,188,235,-47
112900065,59,33,26
112900066,358,223,135
112900067,369,147,222
112900068,74,58,16
112900069,1918,970,948
112900071,50,9,41
112900072,226,2655,-2429
112900073,422,143,279
112900074,123,323,-200
112900075,1217,1217,0
112900076,92,58,34
112900078,365,510,-145
112900079,379,32,347
112900080,82,5,77
112900081,68,271,-203
112900082,679,38,641
112900083,157,130,27
112900084,326,169,157
112900086,89,0,89
112900087,968,146,822
112900088,272,49,223
112900089,1007,46,961
112900090,74,36,38
112900091,389,7,382
112900092,239,398,-159
112900093,1860,46,1814
112900095,71,0,71
112900096,633,162,471
112900097,71,391,-320
112900098,331,6,325
112900099,992,42,950
112900100,76,1,75
112900101,440,4,436
112900102,322,22,300
112900103,251,11,240
112900104,169,4,165
112900105,25,0,25
112900106,506,187,319
112900107,13,3,10
112900108,16,1,15
112900109,119,0,119
112900110,1623,19,1604
112900111,736,6,730
112900112,365,2,363
112900113,0,9,-9
112900114,222,33,189
112900115,1688,3,1685
112900116,150,32,118
112900117,92,58,34
112900118,21,115,-94
112900119,183,4,179
112900120,802,306,496
112900121,95,176,-81
112900122,14,86,-72
112900123,123,27,96
112900124,30,88,-58
112900125,86,716,-630
112900126,191,246,-55
112900127,453,65,388
112900128,207,563,-356
112900129,2,767,-765
112900130,315,98,217
112900131,54,284,-230
112900132,154,467,-313
112900133,12,1385,-1373
112900134,1,382,-381
112900135,122,50,72
112900137,1,402,-401
112900138,12,252,-240
112900139,208,1063,-855
112900141,1037,85,952
112900142,106,232,-126
112900143,29,433,-404
112900144,1,219,-218
112900145,24,416,-392
112900146,4,947,-943
112900147,1,1276,-1275
112900148,54,2,52
112900149,295,581,-286
112900151,24,68,-44
112900152,3901,805,3096
112900153,1576,2990,-1414
112900154,0,86,-86
112900155,289,55,234
112900156,372,819,-447
112900157,627,155,472
112900158,121,34,87
112900159,308,166,142
112900160,70,274,-204
112900161,108,71,37
112900162,26,28,-2
112900163,84,52,32
112900164,40,241,-201
112900165,183,47,136
112900166,19,102,-83
112900167,4,59,-55
112900168,8,5,3
112900169,15,24,-9
112900170,238,148,90
112900172,32,19,13
112900173,181,112,69
112900174,229,61,168
112900175,144,176,-32
112900176,8,85,-77
112900177,314,81,233
112900178,971,2990,-2019
112900179,42,529,-487
112900180,2568,1798,770
112900181,708,13,695
112900182,75,835,-760
112900183,230,427,-197
112900184,476,586,-110
112900185,333,1055,-722
112900186,1642,1569,73
112900187,107,705,-598
112900188,580,1391,-811
112900189,15,29,-14
112900190,19,62,-43
112900192,863,846,17
112900193,1772,414,1358
112900194,91,98,-7
112900195,1267,61,1206
112900196,279,328,-49
112900197,233,436,-203
112900199,745,450,295
112900200,719,215,504
112900201,205,119,86
112900202,465,731,-266
112900203,328,247,81
112900204,997,612,385
112900205,11,13,-2
112900206,34,96,-62
112900207,20,0,20
112900208,86,320,-234
112900209,460,373,87
112900210,1,65,-64
112900211,90,78,12
112900212,3,82,-79
112900213,87,11,76
112900214,14,21,-7
112900215,12,146,-134
112900216,21,64,-43
112900217,0,31,-31
112900218,142,23,119
112900219,53,3,50
112900220,8,0,8
112900221,159,81,78
112900222,0,35,-35
112900223,1380,31,1349
112900224,494,440,54
112900225,579,374,205
112900226,377,451,-74
112900227,780,770,10
112900228,94,25,69
112900229,327,31,296
112900230,8089,5016,3073
112900232,425,335,90
112900233,67,170,-103
112900234,23,90,-67
112900235,123,35,88
112900236,357,13,344
112900237,245,180,65
112900238,6,20,-14
112900239,712,685,27
113000001,7009,4941,2068
113000002,4679,3962,717
113000003,2386,1548,838
113000004,1821,2561,-740
113000005,2322,1190,1132
113000006,1347,1406,-59
113000007,2957,1307,1650
113000008,2023,1947,76
113000009,1581,870,711
113000010,1457,1416,41
113000011,973,1595,-622
113000012,2260,799,1461
113000013,1287,698,589
113000014,1610,1688,-78
113000015,445,244,201
113000016,443,971,-528
113000017,115,397,-282
113000018,442,48,394
113000019,337,391,-54
113000020,451,139,312
113000021,1150,554,596
113000022,809,1319,-510
113000025,141,400,-259
113000026,735,749,-14
113000027,724,931,-207
113000028,957,919,38
113000029,1070,877,193
113000030,353,698,-345
113000031,277,275,2
113000032,320,344,-24
113000033,358,566,-208
113000034,428,406,22
113000035,45,50,-5
113000036,43,84,-41
113000037,68,29,39
113000038,25,71,-46
113000039,174,370,-196
113000040,62,84,-22
113000042,908,694,214
113000051,1034,2425,-1391
113000052,2384,813,1571
113000053,640,528,112
113000054,543,863,-320
113000055,1332,550,782
113000056,1443,924,519
113000058,890,949,-59
113000059,1358,717,641
113000060,287,600,-313
113000061,572,930,-358
113000062,907,351,556
113000063,281,110,171
113000064,70,260,-190
113000065,188,716,-528
113000066,1084,117,967
113000067,2832,1219,1613
113000068,408,1081,-673
113000069,657,1028,-371
113000070,3290,1071,2219
113000071,568,656,-88
113000072,1050,489,561
113000073,445,1420,-975
113000074,1218,454,764
113000075,2108,699,1409
113000076,708,2533,-1825
113000077,1471,893,578
113000078,860,2922,-2062
113000079,1253,1229,24
113000080,940,1126,-186
113000081,1303,1354,-51
113000082,1657,1228,429
113000083,687,980,-293
113000084,1979,1370,609
113000085,1011,783,228
113000086,1355,1146,209
113000087,1117,1069,48
113000088,2662,1485,1177
113000089,1147,1882,-735
113000090,333,770,-437
113000091,637,454,183
113000094,1607,301,1306
113000095,268,928,-660
113000096,139,874,-735
113000097,1294,538,756
113000098,170,46,124
113000099,1407,420,987
113000100,132,459,-327
113000101,363,672,-309
113000102,837,602,235
113000103,2031,401,1630
113000104,763,2330,-1567
113000105,1007,595,412
113000106,361,449,-88
113000107,1129,787,342
113000108,797,1108,-311
113000109,565,1618,-1053
113000110,2283,549,1734
113000111,143,675,-532
113000112,466,398,68
113000113,1470,450,1020
113000114,348,1656,-1308
113000116,971,376,595
113000117,1417,151,1266
113000118,112,730,-618
113000119,483,548,-65
113000120,87,330,-243
113000121,932,1792,-860
113000124,313,182,131
113000125,91,989,-898
113000127,2364,345,2019
113000128,810,743,67
113000129,675,850,-175
113000133,2618,2249,369
113000134,6,1360,-1354
113000135,5351,5357,-6
113000137,2098,4215,-2117
113000139,528,386,142
113000140,148,303,-155
113000141,439,347,92
113000142,819,1714,-895
113000143,386,324,62
113000144,408,840,-432
113000145,111,136,-25
113000146,153,67,86
113000147,217,117,100
113000148,244,128,116
113000149,174,130,44
113000150,727,335,392
113000151,86,51,35
113000152,47,96,-49
113000153,1644,650,994
113000154,1049,1948,-899
113000155,522,826,-304
113000156,210,433,-223
113000157,357,975,-618
113000158,869,261,608
113000159,1288,791,497
113000160,800,1126,-326
113000161,415,485,-70
113000162,1115,414,701
113000163,153,63,90
113000164,29,76,-47
113000166,243,140,103
113000167,51,104,-53
113000168,121,117,4
113000169,257,71,186
113000170,134,79,55
113000171,53,120,-67
113000172,355,59,296
113000173,113,36,77
113000174,124,364,-240
113000175,592,117,475
113000176,734,183,551
113000177,217,408,-191
113000178,218,303,-85
113000179,368,229,139
113000180,818,1313,-495
113000181,1222,943,279
113000182,231,419,-188
113000183,159,676,-517
113000184,23,145,-122
113000189,512,1248,-736
113000190,920,665,255
113000192,1102,3272,-2170
113000193,3570,2150,1420
113000194,1224,1435,-211
113000195,2135,1558,577
113000196,198,95,103
113000197,1779,1662,117
113000198,104,349,-245
113000199,2272,540,1732
113000201,251,373,-122
113000202,4707,1344,3363
113000203,176,129,47
113000204,1095,3145,-2050
113000205,12,29,-17
113000206,21,50,-29
113000207,86,23,63
113000208,58,72,-14
113000209,8,18,-10
113000210,9,33,-24
113000211,134,230,-96
113000212,136,24,112
113000213,47,177,-130
113000214,153,285,-132
113000234,203,784,-581
113000410,179,263,-84
113000411,2875,5556,-2681
113000412,6149,2747,3402
113000413,2821,4005,-1184
113000414,6650,17956,-11306
113000415,2688,3431,-743
113000416,8606,4827,3779
113000417,2875,3629,-754
113000418,5336,4223,1113
113000419,2345,2748,-403
113000420,5052,7579,-2527
113000421,5115,8465,-3350
113000422,14404,14402,2
113000423,2749,7247,-4498
113000424,3415,11214,-7799
113000425,3,97,-94
113000428,29,29,0
113000430,4,73,-69
113000432,2392,206,2186
113000433,118,721,-603
113000434,16,155,-139
113000435,47,560,-513
113000436,33,1026,-993
113000437,1369,49,1320
113000438,345,17,328
113000439,20,125,-105
113000440,202,44,158
113000441,291,276,15
113000442,163,154,9
113000443,326,244,82
113000444,214,170,44
113000445,222,111,111
113000446,45,93,-48
113000448,232,193,39
113000449,185,887,-702
113000450,766,2410,-1644
113000451,1440,217,1223
113000452,365,466,-101
113000453,101,462,-361
113000454,548,94,454
113000455,35,436,-401
113000456,4033,3299,734
113000468,1275,241,1034
113000469,153,289,-136
113000470,421,24,397
113000471,20,410,-390
113000472,127,373,-246
113000474,794,729,65
113000475,1815,1850,-35
113000476,1823,2048,-225
113000477,4655,2218,2437
113000478,4439,4901,-462
113000479,89,169,-80
113000480,130,348,-218
113000484,0,0,0
113000485,0,0,0
113000486,0,0,0
113000487,0,3,-3
113000488,1,6,-5
113000489,0,1,-1
113000490,0,0,0
113000491,1,6,-5
113000492,4,0,4
113000493,0,0,0
113000495,185,165,20
113000496,228,121,107
113000499,0,0,0
113900001,1,218,-217
113900002,1,84,-83
113900003,0,58,-58
113900004,3,62,-59
113900005,1,94,-93
113900006,0,19,-19
113900007,54,18,36
113900008,34,0,34
113900009,122,1,121
113900010,92,1,91
113900011,65,0,65
113900012,40,1,39
113900013,266,6,260
113900014,655,2,653
113900015,0,106,-106
113900016,35,1,34
113900017,9,48,-39
113900018,412,257,155
113900019,150,58,92
113900020,205,0,205
113900022,54,0,54
113900023,45,0,45
113900024,68,44,24
113900025,363,32,331
113900026,116,1,115
113900027,7,68,-61
113900028,31,397,-366
113900029,71,171,-100
113900030,331,2,329
113900031,17,0,17
113900032,47,0,47
113900033,61,83,-22
113900035,92,2,90
113900036,21,91,-70
113900037,266,414,-148
113900038,55,143,-88
113900039,201,27,174
113900040,12,17,-5
113900041,3,0,3
113900042,82,51,31
113900043,188,142,46
113900044,286,382,-96
113900045,102,0,102
113900046,358,740,-382
113900047,51,151,-100
113900048,176,131,45
113900049,524,314,210
113900050,269,374,-105
113900051,301,385,-84
113900052,152,157,-5
113900053,759,536,223
113900054,31,3,28
113900055,149,484,-335
113900056,83,254,-171
113900057,16,77,-61
113900058,90,131,-41
113900059,293,290,3
113900060,119,235,-116
113900061,1022,258,764
113900062,142,24,118
113900063,130,135,-5
113900064,34,149,-115
113900065,536,17,519
113900066,442,283,159
113900067,219,376,-157
113900068,633,572,61
113900069,142,46,96
113900070,164,545,-381
113900071,80,74,6
113900072,68,150,-82
113900073,300,386,-86
113900074,276,872,-596
113900075,1373,1365,8
113900076,317,13,304
113900077,65,199,-134
113900078,66,88,-22
113900079,2,40,-38
113900080,615,238,377
113900081,80,190,-110
113900082,133,268,-135
113900083,471,362,109
113900084,332,103,229
113900085,40,298,-258
113900086,74,19,55
113900087,114,129,-15
113900088,89,98,-9
113900089,519,47,472
113900090,821,428,393
113900091,10,9,1
113900092,30,98,-68
113900093,97,894,-797
113900094,553,436,117
113900095,178,159,19
113900096,402,94,308
113900097,30,130,-100
113900098,724,107,617
113900099,0,27,-27
113900100,0,5,-5
113900101,15,78,-63
113900102,148,175,-27
113900103,338,367,-29
113900104,158,255,-97
113900105,191,192,-1
113900106,1,48,-47
113900107,3,15,-12
113900108,237,276,-39
113900109,474,242,232
113900110,75,19,56
113900111,185,110,75
113900112,176,56,120
113900113,1477,492,985
113900114,1,67,-66
113900115,0,77,-77
113900116,153,178,-25
113900117,131,45,86
113900118,286,459,-173
113900119,233,616,-383
113900120,68,42,26
113900121,78,108,-30
113900122,513,2571,-2058
113900123,642,214,428
113900124,2,105,-103
113900125,1006,143,863
113900126,150,54,96
113900127,357,873,-516
113900128,199,103,96
113900129,22,179,-157
113900130,6,165,-159
113900131,332,91,241
113900132,63,95,-32
113900133,33,76,-43
113900135,376,356,20
113900136,146,80,66
113900137,456,297,159
113900138,48,359,-311
113900139,295,228,67
113900140,268,496,-228
113900141,748,301,447
113900142,147,82,65
113900143,10,48,-38
113900144,255,451,-196
113900145,581,185,396
113900146,203,77,126
113900148,176,351,-175
113900149,217,128,89
113900150,671,594,77
113900151,586,237,349
113900152,38,62,-24
113900153,384,757,-373
113900154,2,143,-141
113900155,196,197,-1
113900156,238,427,-189
113900157,51,301,-250
113900158,480,840,-360
113900159,22,286,-264
113900160,577,469,108
113900161,103,288,-185
113900162,603,1393,-790
113900163,348,355,-7
113900164,403,68,335
113900165,824,490,334
113900166,197,156,41
113900167,378,53,325
113900168,133,81,52
113900169,285,453,-168
113900171,239,72,167
113900172,19,148,-129
113900173,31,500,-469
113900174,538,710,-172
113900175,385,178,207
113900176,439,507,-68
113900177,350,229,121
113900178,383,139,244
113900179,24,396,-372
113900180,140,116,24
113900181,862,130,732
113900182,761,1012,-251
113900183,47,75,-28
113900184,9,326,-317
113900185,220,68,152
113900186,71,27,44
113900187,47,136,-89
113900188,62,195,-133
113900189,321,138,183
113900190,318,152,166
113900191,145,298,-153
113900192,7,787,-780
113900193,24,185,-161
113900194,1584,909,675
113900195,263,455,-192
113900196,15,236,-221
113900197,0,150,-150
113900198,37,284,-247
113900199,265,764,-499
113900200,54,378,-324
113900201,0,139,-139
113900202,55,316,-261
113900203,1,86,-85
113900204,43,525,-482
113900205,12,208,-196
113900206,11,136,-125
113900207,4,47,-43
113900208,1,68,-67
113900209,0,86,-86
113900210,571,797,-226
113900211,231,67,164
113900212,201,471,-270
113900214,565,461,104
113900215,268,175,93
113900216,203,689,-486
113900217,94,185,-91
113900218,160,63,97
113900219,141,553,-412
113900220,243,153,90
113900221,512,304,208
113900222,277,698,-421
113900223,247,731,-484
113900224,93,63,30
113900225,928,267,661
113900226,446,173,273
113900227,528,245,283
113900228,332,713,-381
113900229,60,945,-885
113900230,4285,4661,-376
113900231,158,159,-1
113900232,113,80,33
113900233,119,81,38
113900234,411,539,-128
113900235,157,38,119
113900236,201,246,-45
113900237,254,21,233
113900238,372,699,-327
113900239,70,113,-43
113900240,11,220,-209
113900241,132,74,58
113900242,49,184,-135
113900243,141,397,-256
113900244,351,248,103
113900245,1242,328,914
113900246,27,35,-8
113900247,145,526,-381
113900248,2903,2209,694
113900249,754,473,281
113900250,85,208,-123
113900251,841,130,711
113900252,675,23,652
113900253,848,77,771
113900254,1010,196,814
113900255,615,22,593
113900256,426,33,393
113900257,34,453,-419
113900258,19,337,-318
113900259,659,138,521
113900260,276,18,258
113900261,23,82,-59
113900262,148,478,-330
113900263,152,581,-429
113900264,10,441,-431
113900265,189,377,-188
113900266,84,213,-129
113900267,130,625,-495
113900268,385,426,-41
113900269,105,181,-76
113900270,310,695,-385
113900271,714,934,-220
113900273,36,15,21
113900274,120,41,79
113900275,44,108,-64
113900276,3,152,-149
113900277,166,4,162
113900278,313,211,102
113900279,76,102,-26
113900280,1663,670,993
113900281,661,1717,-1056
113900282,903,807,96
113900283,590,640,-50
113900284,965,422,543
113900285,174,65,109
113900286,16,76,-60
113900287,66,23,43
113900288,4,163,-159
113900289,769,112,657
113900290,251,350,-99
113900291,174,200,-26
113900292,8,15,-7
113900293,2,295,-293
113900294,591,21,570
113900295,565,523,42
113900296,2186,416,1770
113900297,2366,63,2303
113900298,24,1754,-1730
113900299,77,94,-17
113900300,4987,4253,734
113900301,1000,533,467
113900302,2122,1135,987
113900303,454,556,-102
113900304,2,95,-93
113900305,138,0,138
113900306,112,0,112
113900307,36,0,36
113900308,99,155,-56
113900309,1,598,-597
113900310,6,10,-4
113900311,23,0,23
113900312,217,226,-9
113900313,24,5,19
114000001,1085,2389,-1304
114000002,422,330,92
114000003,58,348,-290
114000004,382,476,-94
114000005,341,247,94
114000006,2956,2427,529
114000007,840,1442,-602
114000008,1595,2265,-670
114000009,1044,370,674
114000011,3109,2367,742
114000012,3364,1659,1705
114000013,2156,1391,765
114000014,573,287,286
114000015,2393,370,2023
114000016,337,266,71
114000017,106,453,-347
114000018,207,45,162
114000026,2181,1259,922
114000027,3764,2214,1550
114000028,2908,2889,19
114000038,356,170,186
114000039,116,46,70
114000040,172,320,-148
114000042,263,197,66
114000043,63,72,-9
114000044,343,45,298
114000045,67,99,-32
114000046,3844,5399,-1555
114000047,9,64,-55
114000048,119,52,67
114000049,1909,1962,-53
114000050,1994,2354,-360
114000051,3643,2454,1189
114000052,4818,2490,2328
114000053,155,932,-777
114000054,217,1008,-791
114000055,290,38,252
114000056,1129,1255,-126
114000057,4877,2499,2378
114000058,584,1926,-1342
114000059,292,410,-118
114000060,593,1030,-437
114000061,3262,3939,-677
114000062,2344,2308,36
114000063,2352,1836,516
114000064,5486,4349,1137
114000065,1442,2470,-1028
114000066,557,771,-214
114000067,29,1131,-1102
114000068,704,891,-187
114000069,1316,828,488
114000070,2684,2055,629
114000071,937,648,289
114000072,702,261,441
114000073,26,68,-42
114000074,86,12,74
114000075,66,73,-7
114000076,18,91,-73
114000077,11,32,-21
114000078,496,674,-178
114000079,171,26,145
114000080,58,104,-46
114000081,88,95,-7
114000082,53,444,-391
114000083,121,281,-160
114000084,491,106,385
114000085,81,546,-465
114000086,309,442,-133
114000087,206,211,-5
114000088,46,41,5
114000089,755,442,313
114000090,982,1114,-132
114000091,1673,989,684
114000092,1227,593,634
114000093,1836,796,1040
114000094,478,471,7
114000095,339,219,120
114000096,168,441,-273
114000097,173,537,-364
114000098,757,99,658
114000099,817,416,401
114000100,2003,548,1455
114000101,526,697,-171
114000102,813,367,446
114000103,225,379,-154
114000104,87,198,-111
114000105,259,130,129
114000106,919,1573,-654
114000107,505,144,361
114000108,1296,1013,283
114000109,669,1367,-698
114000110,795,1217,-422
114000111,2367,1031,1336
114000112,481,1437,-956
114000113,1443,673,770
114000114,1286,1258,28
114000115,2571,1327,1244
114000116,1126,1995,-869
114000117,3830,543,3287
114000118,3169,536,2633
114000119,2330,495,1835
114000120,693,771,-78
114000121,487,705,-218
114000122,443,374,69
114000123,2506,422,2084
114000124,1177,358,819
114000125,951,1259,-308
114000126,2461,312,2149
114000127,371,213,158
114000128,1013,334,679
114000130,525,590,-65
114000131,398,128,270
114000132,808,575,233
114000133,1045,1511,-466
114000134,77,158,-81
114000138,29,208,-179
114000139,569,328,241
114000144,1110,641,469
114000145,102,173,-71
114000146,140,267,-127
114000147,1802,2300,-498
114000148,1698,1995,-297
114000149,394,360,34
114000150,546,743,-197
114000151,895,1750,-855
114000152,139,38,101
114000153,712,2595,-1883
114000154,756,689,67
114000155,1415,2779,-1364
114000156,881,824,57
114000157,388,1315,-927
114000158,1468,850,618
114000159,199,497,-298
114000160,126,455,-329
114000161,1481,3772,-2291
114000162,1343,3428,-2085
114000163,30,120,-90
114000165,669,433,236
114000166,912,546,366
114000167,3100,1691,1409
114000168,771,659,112
114000169,1633,1613,20
114000170,1654,1479,175
114000171,1394,4825,-3431
114000174,294,509,-215
114000176,402,583,-181
114000177,1616,910,706
114000178,68,59,9
114000179,1290,899,391
114000180,395,653,-258
114000181,1864,4607,-2743
114000182,2338,2611,-273
114000183,1221,955,266
114000184,2883,969,1914
114000185,1295,926,369
114000189,1485,179,1306
114000190,3401,509,2892
114000191,53,93,-40
114000192,207,1157,-950
114000193,542,2066,-1524
114000194,1808,845,963
114000195,188,52,136
114000196,2,182,-180
114000197,1525,40,1485
114000198,785,402,383
114000199,2064,1803,261
114000200,680,1567,-887
114000201,162,755,-593
114000202,1681,551,1130
114000203,548,510,38
114000204,171,400,-229
114000205,259,1534,-1275
114000206,728,1237,-509
114000207,648,1408,-760
114000208,539,2252,-1713
114000209,614,1793,-1179
114000210,222,1100,-878
114000211,1113,1473,-360
114000212,1167,973,194
114000213,1708,681,1027
114000214,113,236,-123
114000215,243,81,162
114000216,2010,727,1283
114000217,376,314,62
114000218,196,182,14
114000219,1565,232,1333
114000220,33,1014,-981
114000221,1100,189,911
114000222,166,1068,-902
114000223,632,195,437
114000224,110,530,-420
114000225,316,585,-269
114000226,287,229,58
114000227,899,538,361
114000228,960,756,204
114000229,1365,1474,-109
114000230,2019,1114,905
114000231,1233,1711,-478
114000232,905,130,775
114000233,2506,140,2366
114000234,1149,838,311
114000235,1145,1263,-118
114000236,0,326,-326
114000237,148,763,-615
114000238,148,195,-47
114000239,205,1065,-860
114000240,987,879,108
114000241,346,938,-592
114000242,919,804,115
114000243,1767,850,917
114000244,655,369,286
114000245,408,749,-341
114000246,142,51,91
114000247,640,619,21
114000248,1302,529,773
114000249,624,476,148
114000250,684,663,21
114000251,516,189,327
114000252,118,56,62
114000253,84,151,-67
114000254,52,89,-37
114000255,721,288,433
114000256,1385,2806,-1421
114000257,418,1291,-873
114000258,779,364,415
114000259,487,254,233
114000260,0,31,-31
114000261,57,40,17
114000262,453,137,316
114000263,7,2,5
114000264,1470,591,879
114000265,0,0,0
114000267,7,2796,-2789
114000268,3,1099,-1096
114000270,130,1,129
114000271,578,64,514
114000283,1956,460,1496
114000285,29,173,-144
114000288,99,370,-271
114000289,1660,160,1500
114000293,229,495,-266
114000294,177,348,-171
114000395,2355,41,2314
114000396,774,631,143
114000402,692,280,412
114000403,328,331,-3
114000405,258,437,-179
114000423,426,295,131
114000424,620,249,371
114000425,1065,315,750
114000426,369,965,-596
114000427,87,83,4
114000428,217,259,-42
114000429,13,189,-176
114000432,153,101,52
114000434,45,95,-50
114000435,5,226,-221
114900001,891,809,82
114900002,867,97,770
114900003,912,1096,-184
114900004,307,621,-314
114900005,727,639,88
114900006,151,89,62
114900007,498,28,470
114900008,263,75,188
114900010,1854,2392,-538
114900011,285,159,126
114900013,328,194,134
114900015,104,535,-431
114900018,1234,36,1198
114900020,324,98,226
114900022,1,689,-688
114900024,433,172,261
114900025,680,216,464
114900026,57,172,-115
114900027,310,251,59
114900029,40,23,17
114900030,414,246,168
114900031,454,35,419
114900032,456,18,438
114900033,893,1217,-324
114900034,48,206,-158
114900035,186,324,-138
114900036,236,622,-386
114900037,191,142,49
114900038,223,628,-405
114900039,583,485,98
114900040,90,95,-5
114900041,906,509,397
114900042,1058,595,463
114900043,533,237,296
114900044,198,55,143
114900046,40,129,-89
114900047,275,2268,-1993
114900048,122,235,-113
114900049,6,134,-128
114900050,49,367,-318
114900051,46,372,-326
114900052,194,266,-72
114900053,146,247,-101
114900054,77,117,-40
114900057,235,12,223
114900058,0,76,-76
114900059,105,82,23
114900060,1011,1050,-39
114900061,144,174,-30
114900062,235,430,-195
114900063,100,172,-72
114900064,1661,443,1218
114900065,481,788,-307
114900067,94,408,-314
114900068,82,113,-31
114900069,192,108,84
114900070,721,389,332
114900072,12,307,-295
114900073,0,179,-179
114900074,904,543,361
114900075,416,12,404
114900076,16,428,-412
114900080,1728,312,1416
114900082,3586,2545,1041
114900083,1243,1164,79
114900090,572,243,329
114900091,101,181,-80
114900095,402,103,299
114900096,488,754,-266
114900097,177,4,173
114900098,4,209,-205
114900099,305,7,298
115000001,5573,3563,2010
115000002,4782,5000,-218
115000003,5081,2877,2204
115000004,5582,6772,-1190
115000005,1544,2054,-510
115000006,1340,1877,-537
115000007,118,246,-128
115000008,414,661,-247
115000009,245,219,26
115000010,339,212,127
115000013,93,214,-121
115000015,76,345,-269
115000016,256,356,-100
115000019,55,543,-488
115000020,171,869,-698
115000021,247,471,-224
115000022,556,415,141
115000023,525,794,-269
115000024,1014,475,539
115000025,1029,815,214
115000026,206,472,-266
115000027,379,318,61
115000028,262,774,-512
115000029,765,131,634
115000030,997,1125,-128
115000031,1587,412,1175
115000032,4,251,-247
115000033,192,49,143
115000034,75,1113,-1038
115000035,1321,89,1232
115000036,1,361,-360
115000037,614,29,585
115000038,68,212,-144
115000039,3650,4199,-549
115000040,5344,2968,2376
115000041,1467,3981,-2514
115000042,1048,687,361
115000043,4372,2464,1908
115000044,3904,3468,436
115000045,2833,1381,1452
115000046,2940,2487,453
115000047,2830,1591,1239
115000048,1829,2018,-189
115000049,1586,2840,-1254
115000050,3480,1779,1701
115000051,1916,3517,-1601
115000052,2183,1960,223
115000053,2099,2108,-9
115000054,721,1187,-466
115000055,188,864,-676
115000056,218,484,-266
115000057,589,1526,-937
115000058,466,363,103
115000059,145,138,7
115000061,151,239,-88
115000062,193,263,-70
115000063,415,266,149
115000064,229,125,104
115000065,68,535,-467
115000067,173,21,152
115000069,122,302,-180
115000070,31,783,-752
115000071,124,21,103
115000072,41,77,-36
115000073,1335,54,1281
115000075,123,55,68
115000076,3273,2802,471
115000077,2219,2091,128
115000078,1581,1259,322
115000079,1705,1637,68
115000080,2989,2077,912
115000081,485,804,-319
115000082,5069,4235,834
115000083,2390,1756,634
115000084,3158,1147,2011
115000085,839,815,24
115000086,1593,865,728
115000087,448,1437,-989
115000088,2263,761,1502
115000089,1510,1281,229
115000090,640,1073,-433
115000091,272,829,-557
115000092,877,425,452
115000093,537,3,534
115000094,6421,6172,249
115000095,4516,6439,-1923
115000096,913,1257,-344
115000097,1345,1004,341
115000098,1483,688,795
115000099,2690,2209,481
115000100,1265,425,840
115000101,444,1405,-961
115000102,586,202,384
115000103,347,614,-267
115000105,65,121,-56
115000106,753,389,364
115000107,207,404,-197
115000108,2871,2236,635
115000109,4582,5340,-758
115000110,1539,1867,-328
115000111,652,1521,-869
115000112,868,808,60
115000113,898,779,119
115000114,2017,699,1318
115000116,4433,2663,1770
115000117,3943,3308,635
115000118,2520,1798,722
115000119,1849,2416,-567
115000120,688,1771,-1083
115000121,1161,969,192
115000122,3340,2352,988
115000123,1712,2856,-1144
115000124,846,1227,-381
115000125,424,697,-273
115000126,177,356,-179
115000127,400,182,218
115000128,507,806,-299
115000129,288,393,-105
115000130,486,734,-248
115000131,1010,338,672
115000132,338,343,-5
115000133,665,224,441
115000134,554,286,268
115000135,465,173,292
115000136,312,257,55
115000137,134,191,-57
115000138,442,274,168
115000139,236,235,1
115000140,455,248,207
115000141,239,225,14
115000142,227,208,19
115000143,1024,604,420
115000144,544,79,465
115000145,345,316,29
115000146,523,363,160
115000147,420,452,-32
115000148,385,885,-500
115000149,772,322,450
115000150,696,845,-149
115000151,1569,499,1070
115000152,796,1115,-319
115000153,1313,557,756
115000154,1187,299,888
115000155,719,879,-160
115000156,1254,799,455
115000157,752,756,-4
115000158,644,458,186
115000159,723,644,79
115000160,718,712,6
115000161,632,491,141
115000162,760,915,-155
115000163,565,675,-110
115000164,706,621,85
115000165,355,597,-242
115000167,172,74,98
115000168,583,352,231
115000169,529,384,145
115000170,105,150,-45
115000171,305,241,64
115000172,1292,693,599
115000173,413,777,-364
115000174,153,371,-218
115000175,176,202,-26
115000176,171,168,3
115000177,166,309,-143
115000178,17,250,-233
115000179,42,42,0
115000180,146,516,-370
115000181,864,136,728
115000182,987,331,656
115000183,485,667,-182
115000186,729,287,442
115000187,217,776,-559
115000188,398,486,-88
115000189,236,451,-215
115000190,782,400,382
115000191,183,548,-365
115000194,127,166,-39
115000195,351,372,-21
115000196,229,75,154
115000197,271,209,62
115000198,493,187,306
115000199,444,184,260
115000200,452,123,329
115000201,203,334,-131
115000206,453,75,378
115000207,232,324,-92
115000208,429,649,-220
115000209,894,362,532
115000210,237,135,102
115000211,231,240,-9
115000212,1470,403,1067
115000224,466,74,392
115000225,56,94,-38
115000229,168,162,6
115000230,108,386,-278
115000231,344,1384,-1040
115000232,2154,327,1827
115000233,190,190,0
115000234,41,290,-249
115000241,91,220,-129
115000242,164,219,-55
115000243,69,187,-118
115000244,18,96,-78
115000246,74,39,35
115000247,50,33,17
115000248,43,27,16
115000249,46,16,30
115000250,288,17,271
115000251,278,114,164
115000252,104,247,-143
115000253,23,413,-390
115000258,440,153,287
115000259,351,113,238
115000261,36,19,17
115000262,22,19,3
115000263,24,30,-6
115000264,19,35,-16
115000267,69,82,-13
115000268,45,130,-85
115000269,128,50,78
115000270,4,15,-11
115000272,87,144,-57
115000273,496,20,476
115000280,2834,410,2424
115000281,731,1117,-386
115000282,1253,1178,75
115000284,306,203,103
115000296,971,9,962
115000297,131,412,-281
115000298,48,721,-673
115000300,226,193,33
115000302,655,151,504
115000303,938,138,800
115000304,954,70,884
115000305,148,711,-563
115000306,235,304,-69
115000307,119,239,-120
115000308,28,21,7
115000309,26,61,-35
115000310,1210,790,420
115000311,1180,1231,-51
115000313,144,468,-324
115000314,546,133,413
115000315,858,589,269
115000316,63,129,-66
115000317,181,524,-343
115000318,931,300,631
115000319,64,249,-185
115000320,15,302,-287
115000321,276,22,254
115000322,53,225,-172
115000449,283,207,76
115000557,6,1730,-1724
115000558,377,125,252
115000587,645,404,241
115000588,2180,2604,-424
115000589,4278,2331,1947
115000590,1372,1701,-329
115000591,2031,890,1141
115000592,711,1809,-1098
115000593,1925,829,1096
115000594,753,2705,-1952
115000609,216,137,79
115000617,1682,3920,-2238
115000624,372,59,313
115000633,562,2074,-1512
115000634,2983,924,2059
115000635,609,147,462
115000638,745,657,88
115000641,63,127,-64
115000642,342,255,87
115000643,135,495,-360
115000644,155,383,-228
115000646,1106,1783,-677
115000647,215,517,-302
115000648,2404,1495,909
115000893,2918,1537,1381
115000894,206,961,-755
115000895,340,802,-462
115000896,1192,445,747
115000897,616,138,478
115000898,621,276,345
115000899,489,1298,-809
115000900,67,327,-260
115000901,77,172,-95
115000912,502,152,350
115000913,1,16,-15
115000915,37,1,36
115000916,5,0,5
115000917,0,3,-3
115000918,87,387,-300
115000919,25,36,-11
115000920,16,57,-41
115000921,498,81,417
115000922,684,906,-222
115000923,323,1011,-688
115000925,120,106,14
115000927,34,77,-43
115000933,199,252,-53
115000934,103,166,-63
115000935,148,98,50
115000936,91,875,-784
115000937,854,169,685
115000938,105,237,-132
115000939,50,181,-131
115900001,139,45,94
115900002,111,141,-30
115900003,211,110,101
115900004,0,57,-57
115900005,246,12,234
115900006,201,257,-56
115900008,81,19,62
115900009,86,254,-168
115900010,499,136,363
115900011,710,270,440
115900012,237,67,170
115900013,516,156,360
115900014,178,138,40
115900015,132,69,63
115900016,167,35,132
115900017,13,10,3
115900018,210,52,158
115900019,298,11,287
115900020,91,2,89
115900021,1006,189,817
115900022,1415,6,1409
115900023,15,2,13
115900025,77,363,-286
115900026,955,273,682
115900027,0,241,-241
115900028,579,66,513
115900029,26,319,-293
115900030,21,43,-22
115900031,226,351,-125
115900032,648,750,-102
115900033,2,65,-63
115900034,41,354,-313
115900035,53,13,40
115900036,67,921,-854
115900037,39,317,-278
115900038,69,7,62
115900039,178,203,-25
115900041,337,644,-307
115900042,58,14,44
115900043,131,90,41
115900044,208,386,-178
115900046,327,170,157
115900047,182,213,-31
115900049,203,190,13
115900051,2,54,-52
115900052,8,193,-185
115900053,284,176,108
115900054,387,51,336
115900055,15,130,-115
115900056,249,260,-11
115900057,42,9,33
115900058,32,63,-31
115900060,98,289,-191
115900061,302,4,298
115900062,22,236,-214
115900063,80,9,71
115900064,169,235,-66
115900065,138,131,7
115900066,186,138,48
115900067,15,495,-480
115900068,2427,1247,1180
115900069,74,182,-108
115900070,212,147,65
115900071,0,421,-421
115900072,36,157,-121
115900073,106,108,-2
115900074,7,250,-243
115900075,47,257,-210
115900076,8,61,-53
115900077,8,149,-141
115900078,131,163,-32
115900079,211,28,183
115900080,407,211,196
115900081,24,75,-51
115900082,145,127,18
115900084,606,35,571
115900085,35,71,-36
115900086,1513,579,934
115900088,26,92,-66
115900089,452,596,-144
115900090,457,16,441
115900091,5,32,-27
115900092,29,135,-106
115900093,9,27,-18
115900094,4,278,-274
115900096,9,11,-2
115900097,12,331,-319
115900098,203,242,-39
115900099,192,90,102
115900100,10,389,-379
115900101,220,234,-14
115900102,131,99,32
115900103,451,174,277
115900104,149,117,32
115900105,326,542,-216
115900106,104,26,78
115900107,129,116,13
115900108,177,37,140
115900109,41,397,-356
115900110,1,15,-14
115900111,2,92,-90
115900112,37,857,-820
115900113,68,38,30
115900114,3,92,-89
115900115,123,269,-146
115900116,83,798,-715
115900117,114,41,73
115900118,3,271,-268
115900119,176,149,27
115900120,40,268,-228
115900121,246,257,-11
115900124,368,712,-344
115900125,435,55,380
115900126,918,106,812
115900127,777,61,716
115900128,5,146,-141
115900129,876,61,815
115900130,19,254,-235
115900131,332,35,297
115900132,710,15,695
115900134,291,10,281
115900135,403,1263,-860
115900137,30,6,24
115900139,33,79,-46
115900140,355,39,316
115900141,4,26,-22
115900142,11,27,-16
115900143,311,377,-66
115900144,112,190,-78
115900146,6,75,-69
115900147,261,311,-50
115900148,45,9,36
115900149,152,26,126
115900150,67,30,37
115900151,20,101,-81
115900152,141,293,-152
115900153,137,194,-57
115900154,485,406,79
115900155,0,37,-37
115900156,903,1082,-179
115900157,242,528,-286
115900158,13,8,5
115900159,194,259,-65
115900160,28,7,21
115900161,59,325,-266
115900163,237,206,31
115900164,673,37,636
115900165,1,164,-163
115900166,213,200,13
115900168,167,172,-5
115900171,132,469,-337
115900172,76,152,-76
115900173,263,136,127
115900174,278,229,49
115900175,165,179,-14
115900178,13,407,-394
115900179,364,17,347
115900180,46,96,-50
115900181,239,134,105
115900182,478,168,310
115900183,35,66,-31
115900184,1571,16,1555
115900187,15,137,-122
115900189,2,287,-285
115900190,114,1526,-1412
115900191,36,368,-332
115900192,9,163,-154
115900193,388,123,265
115900194,947,60,887
115900195,726,2526,-1800
115900198,216,326,-110
115900199,276,283,-7
115900200,294,357,-63
115900201,636,445,191
115900202,1,60,-59
115900203,10,12,-2
115900204,0,10,-10
115900205,86,8,78
115900206,293,177,116
115900207,38,24,14
115900208,153,158,-5
115900209,3,148,-145
115900210,2,178,-176
115900211,2,191,-189
115900212,209,218,-9
115900213,87,110,-23
115900214,631,231,400
115900215,25,219,-194
115900216,6,113,-107
115900217,18,43,-25
115900218,5,42,-37
115900219,120,5,115
115900220,222,15,207
115900221,92,9,83
115900222,70,44,26
115900223,12,481,-469
115900224,898,1549,-651
115900225,93,83,10
115900226,29,54,-25
115900227,16,67,-51
115900228,10,44,-34
115900229,21,56,-35
115900230,56,87,-31
115900231,161,3,158
115900232,73,1,72
115900233,119,15,104
115900234,96,43,53
115900235,92,37,55
115900236,157,51,106
115900237,49,40,9
115900238,68,14,54
115900239,20,25,-5
115900240,17,70,-53
115900241,322,113,209
115900242,297,370,-73
115900243,3,7,-4
115900244,12,13,-1
115900245,67,9,58
115900246,8,7,1
115900247,26,9,17
115900248,11,1,10
115900249,11,10,1
115900250,3,18,-15
115900251,0,13,-13
115900252,9,3,6
115900253,15,8,7
115900254,9,30,-21
115900255,4,21,-17
115900256,17,11,6
115900257,1,14,-13
115900258,1,5,-4
115900259,12,5,7
115900260,16,2,14
115900261,4,0,4
115900262,5,0,5
115900263,15,2,13
115900264,15,4,11
115900265,2,7,-5
115900266,4,25,-21
115900267,5,12,-7
115900268,7,16,-9
115900269,633,398,235
115900270,448,413,35
115900271,164,0,164
115900272,45,2,43
115900273,12,33,-21
115900274,5,14,-9
115900275,0,9,-9
115900276,0,27,-27
115900277,0,67,-67
115900278,50,147,-97
115900279,23,212,-189
115900280,29,568,-539
115900281,282,303,-21
115900282,10,20,-10
115900283,21,23,-2
115900284,19,10,9
116000001,11990,4782,7208
116000002,5841,13834,-7993
116000003,1789,1840,-51
116000004,3264,4811,-1547
116000005,2257,3558,-1301
116000006,3013,3323,-310
116000007,2670,4632,-1962
116000008,5457,3228,2229
116000009,1611,2070,-459
116000010,3185,2056,1129
116000011,913,1875,-962
116000012,1941,1235,706
116000013,7671,4275,3396
116000014,10504,14093,-3589
116000015,299,1661,-1362
116000016,6922,4776,2146
116000017,34,854,-820
116000018,786,408,378
116000019,1049,424,625
116000020,819,1105,-286
116000021,587,408,179
116000022,453,393,60
116000023,1458,857,601
116000024,701,984,-283
116000025,1081,965,116
116000026,1834,3372,-1538
116000027,788,813,-25
116000028,513,1034,-521
116000029,710,731,-21
116000030,801,511,290
116000031,233,368,-135
116000032,457,185,272
116000033,460,470,-10
116000034,758,981,-223
116000035,474,814,-340
116000036,1676,1514,162
116000037,566,598,-32
116000038,469,587,-118
116000039,634,475,159
116000040,1032,454,578
116000041,180,552,-372
116000042,706,370,336
116000043,125,827,-702
116000044,15,49,-34
116000045,1959,1610,349
116000046,1190,1781,-591
116000047,1937,2251,-314
116000048,2290,1920,370
116000049,1484,3717,-2233
116000050,1572,1367,205
116000051,6414,3458,2956
116000052,5763,5013,750
116000053,2449,974,1475
116000054,903,2947,-2044
116000055,818,986,-168
116000056,1460,1336,124
116000057,3055,1543,1512
116000058,3542,3122,420
116000059,3311,4894,-1583
116000060,2584,1183,1401
116000061,674,1315,-641
116000062,732,264,468
116000063,683,1275,-592
116000066,330,717,-387
116000067,255,454,-199
116000068,263,355,-92
116000069,274,350,-76
116000078,719,1241,-522
116000080,2002,956,1046
116000082,18,53,-35
116000083,2071,459,1612
116000084,2119,3873,-1754
116000085,2681,2181,500
116000086,1567,949,618
116000087,2660,1911,749
116000088,848,1093,-245
116000089,187,96,91
116000090,116,204,-88
116000091,459,363,96
116000093,1116,617,499
116000094,871,573,298
116000095,983,725,258
116000096,910,1594,-684
116000097,1025,842,183
116000098,136,8291,-8155
116000099,6624,398,6226
116000100,291,19,272
116000101,1044,788,256
116000102,352,1159,-807
116000103,532,426,106
116000104,239,1207,-968
116000105,1295,193,1102
116000106,599,996,-397
116000107,2972,319,2653
116000108,1430,226,1204
116000111,170,36,134
116000113,206,127,79
116000114,77,138,-61
116000115,497,167,330
116000116,313,416,-103
116000117,1843,2020,-177
116000118,1866,1261,605
116000119,4294,2023,2271
116000120,3322,3562,-240
116000121,1130,723,407
116000122,1350,1659,-309
116000123,1386,493,893
116000124,520,943,-423
116000125,3560,922,2638
116000126,344,1411,-1067
116000127,1062,1127,-65
116000128,2461,1070,1391
116000129,1878,385,1493
116000130,706,556,150
116000133,1443,829,614
116000134,1849,1812,37
116000135,3458,1625,1833
116000136,1151,1958,-807
116000137,1392,1005,387
116000138,1076,816,260
116000139,1919,2673,-754
116000140,211,238,-27
116000141,326,563,-237
116000142,3035,2394,641
116000143,2134,1956,178
116000144,1711,2011,-300
116000145,2223,1331,892
116000146,700,278,422
116000147,215,132,83
116000148,585,650,-65
116000149,859,934,-75
116000151,554,549,5
116000153,134,444,-310
116000155,248,300,-52
116000156,832,1060,-228
116000157,118,17,101
116000158,465,371,94
116000159,13,27,-14
116000160,28,62,-34
116000161,3,99,-96
116000162,90,133,-43
116000163,38,12,26
116000164,35,30,5
116000177,1762,131,1631
116000194,98,435,-337
116000195,1587,682,905
116000196,18,1,17
116000197,22,7,15
116000198,2874,1211,1663
116000200,733,650,83
116000201,689,673,16
116000202,21,232,-211
116000203,2,90,-88
116000204,12,53,-41
116000205,4,160,-156
116000206,0,85,-85
116000207,12,50,-38
116000233,255,489,-234
116000287,134,360,-226
116000288,303,214,89
116000292,100,126,-26
116000296,19,155,-136
116000297,108,11,97
116000304,251,35,216
116000305,45,102,-57
116000346,244,91,153
116000352,104,36,68
116000354,38,8,30
116000357,30,13,17
116000358,543,99,444
116000361,80,4,76
116000372,4444,5162,-718
116000381,166,2,164
116000388,4,39,-35
116000389,1125,592,533
116000445,638,498,140
116000446,770,521,249
116000447,14,642,-628
116000448,666,175,491
116000563,966,857,109
116000565,37,396,-359
116000568,64,402,-338
116000579,26,123,-97
116000584,23,9,14
116000585,39,23,16
116000586,87,125,-38
116000587,590,680,-90
116000589,52,62,-10
116000590,73,67,6
116000591,337,209,128
116000592,10,105,-95
116000593,1,24,-23
116000594,737,400,337
116000595,664,149,515
116000596,115,3,112
116000597,508,148,360
116000598,21,170,-149
116000602,77,527,-450
116000605,270,153,117
116000606,93,301,-208
116000607,7,68,-61
116000609,188,964,-776
116000611,175,442,-267
116000612,890,2077,-1187
116000613,767,372,395
116000614,473,480,-7
116000615,3,486,-483
116000616,82,86,-4
116000617,118,49,69
116000618,3,75,-72
116000619,57,66,-9
116000620,172,106,66
116000621,63,106,-43
116000622,81,106,-25
116000624,346,121,225
116000627,80,24,56
116000628,95,331,-236
116000629,53,281,-228
116000630,616,42,574
116000631,203,52,151
116000632,642,249,393
116000633,66,331,-265
116000634,639,33,606
116000635,2699,2693,6
116000636,672,1271,-599
116000637,414,19,395
116000638,29,326,-297
116900001,223,226,-3
116900002,305,4,301
116900003,41,46,-5
116900004,54,79,-25
116900005,324,60,264
116900006,121,379,-258
116900007,150,225,-75
116900008,520,310,210
116900009,15,5,10
116900010,0,964,-964
116900011,14,44,-30
116900012,214,213,1
116900013,0,163,-163
116900014,175,196,-21
116900015,499,69,430
116900016,278,5,273
116900017,0,430,-430
116900018,99,67,32
116900019,3,221,-218
116900020,995,1333,-338
116900023,65,9,56
116900024,731,66,665
116900025,1369,928,441
116900026,135,561,-426
116900027,51,44,7
116900028,12,140,-128
116900029,0,80,-80
116900031,4,12,-8
116900032,5,257,-252
116900033,19,10,9
116900034,8,73,-65
116900035,140,162,-22
116900036,4,138,-134
116900038,28,1,27
116900041,43,19,24
116900042,493,276,217
116900043,30,79,-49
116900047,30,130,-100
116900049,20,288,-268
116900050,153,481,-328
116900051,224,198,26
116900052,197,101,96
116900055,2,7,-5
116900057,21,201,-180
116900058,48,340,-292
116900059,3,142,-139
116900060,217,165,52
116900062,1,13,-12
116900064,80,568,-488
116900065,23,102,-79
116900067,173,87,86
116900068,125,169,-44
116900070,2,3,-1
116900072,36,371,-335
116900073,35,140,-105
116900074,6,56,-50
116900076,17,40,-23
116900077,7,111,-104
116900078,238,107,131
116900079,45,240,-195
116900080,12,37,-25
116900081,379,1059,-680
116900082,360,1120,-760
116900083,37,39,-2
116900084,116,58,58
116900085,63,187,-124
116900086,54,172,-118
116900088,378,156,222
116900090,90,47,43
116900091,625,54,571
116900092,109,701,-592
116900093,1658,2040,-382
116900094,4386,4438,-52
116900095,257,85,172
116900096,153,412,-259
116900097,2697,3487,-790
116900098,930,390,540
116900099,707,728,-21
116900100,1105,68,1037
116900101,363,592,-229
116900103,5,1,4
116900104,59,80,-21
116900105,364,209,155
116900106,2377,440,1937
116900107,3243,2880,363
116900110,18,2,16
116900111,791,620,171
116900112,333,854,-521
116900113,1873,1868,5
116900116,92,711,-619
116900117,124,97,27
116900118,734,918,-184
116900120,485,82,403
116900121,187,34,153
116900122,1044,605,439
116900123,293,647,-354
116900124,204,1075,-871
116900125,537,165,372
116900126,142,641,-499
116900128,1,33,-32
116900129,1,350,-349
116900130,561,4422,-3861
116900131,113,432,-319
116900132,76,145,-69
116900133,214,152,62
116900134,287,290,-3
116900136,286,251,35
116900137,358,180,178
116900138,284,167,117
116900139,198,512,-314
116900140,216,174,42
116900141,838,425,413
116900142,1,81,-80
116900143,413,347,66
116900144,36,70,-34
116900145,112,211,-99
116900147,524,483,41
116900148,6,47,-41
116900149,52,225,-173
116900150,20,10,10
116900151,57,21,36
116900153,136,83,53
116900154,666,684,-18
116900155,80,80,0
116900157,768,241,527
116900158,122,334,-212
116900159,80,314,-234
116900160,955,1006,-51
116900161,5515,7865,-2350
116900162,8,103,-95
116900163,251,145,106
116900164,105,70,35
116900165,308,343,-35
116900166,41,51,-10
116900167,494,65,429
116900168,531,72,459
116900169,580,652,-72
116900170,348,628,-280
116900171,54,180,-126
116900172,154,439,-285
116900173,258,34,224
116900174,63,60,3
116900175,262,226,36
116900178,41,119,-78
116900179,77,382,-305
116900180,86,30,56
116900182,537,271,266
116900183,255,113,142
116900185,31,60,-29
116900186,77,225,-148
116900187,85,51,34
116900188,159,33,126
116900189,83,0,83
116900191,514,662,-148
116900192,375,133,242
116900194,168,1539,-1371
116900195,50,33,17
116900196,19,78,-59
116900197,146,15,131
116900198,138,330,-192
116900200,79,33,46
116900201,178,8,170
116900202,121,73,48
116900203,191,12,179
116900204,50,156,-106
116900206,16,12,4
116900207,30,30,0
116900208,9,82,-73
116900209,41,96,-55
116900210,634,299,335
116900211,226,12,214
116900212,76,24,52
116900213,272,123,149
116900214,277,138,139
116900215,91,76,15
116900216,295,240,55
116900218,6,262,-256
116900219,1300,350,950
116900220,141,334,-193
116900221,101,402,-301
116900222,471,339,132
116900223,145,346,-201
116900226,105,78,27
116900227,274,73,201
116900228,368,203,165
116900230,80,235,-155
116900231,37,316,-279
116900232,21,337,-316
116900233,325,136,189
116900234,29,10,19
116900235,169,285,-116
116900238,1457,369,1088
116900239,96,1631,-1535
116900240,4706,3413,1293
116900241,92,169,-77
116900242,344,761,-417
116900243,1,24,-23
116900245,39,52,-13
116900246,121,9,112
116900247,1028,37,991
116900248,80,46,34
116900249,454,120,334
116900250,420,59,361
116900251,460,613,-153
116900252,206,836,-630
116900253,125,66,59
116900254,29,97,-68
116900255,89,95,-6
116900256,457,150,307
116900257,12,395,-383
116900258,4,164,-160
116900259,293,14,279
116900260,1,96,-95
116900261,91,6,85
116900262,233,100,133
116900263,0,15,-15
116900264,1,2,-1
116900265,65,1,64
116900266,23,41,-18
116900267,1,0,1
116900268,398,277,121
116900269,304,611,-307
116900271,1486,379,1107
116900272,334,279,55
116900273,155,118,37
116900274,143,62,81
116900275,184,108,76
116900276,704,209,495
116900277,571,55,516
116900278,6,11,-5
116900279,1,23,-22
116900280,51,22,29
116900281,5124,5294,-170
116900282,7,100,-93
116900283,16,112,-96
116900284,18,221,-203
116900285,305,245,60
116900286,211,34,177
116900287,11,35,-24
116900288,91,111,-20
116900289,18,10,8
116900290,4,35,-31
116900291,29,11,18
116900292,0,21,-21
116900293,88,50,38
116900294,32,137,-105
116900295,180,81,99
116900296,93,63,30
116900297,7,124,-117
116900298,119,87,32
116900299,14,71,-57
116900300,3,84,-81
116900301,63,158,-95
116900302,40,75,-35
116900303,177,76,101
116900304,0,183,-183
116900305,15,34,-19
116900306,179,73,106
117000001,2496,2020,476
117000002,1827,3911,-2084
117000003,8757,4267,4490
117000004,4224,5150,-926
117000005,2554,2169,385
117000006,1299,2944,-1645
117000007,5027,1368,3659
117000008,1208,3661,-2453
117000009,6396,2532,3864
117000010,2783,3853,-1070
117000011,2957,1960,997
117000012,1534,1324,210
117000013,2227,959,1268
117000014,1370,2169,-799
117000015,2872,1469,1403
117000016,302,187,115
117000017,163,120,43
117000018,113,691,-578
117000019,88,2,86
117000020,489,1705,-1216
117000021,1511,444,1067
117000022,284,147,137
117000023,196,180,16
117000024,270,302,-32
117000025,476,1205,-729
117000026,2066,1625,441
117000027,2204,5916,-3712
117000028,3363,2399,964
117000030,525,486,39
117000031,429,420,9
117000032,1804,1276,528
117000033,1308,747,561
117000034,380,306,74
117000035,425,420,5
117000036,401,376,25
117000037,384,210,174
117000038,173,567,-394
117000039,916,288,628
117000040,256,867,-611
117000041,1359,175,1184
117000044,16,737,-721
117000045,586,111,475
117000046,415,882,-467
117000047,1005,669,336
117000048,2033,1105,928
117000049,109,668,-559
117000050,140,1724,-1584
117000051,2461,107,2354
117000052,55,252,-197
117000053,706,36,670
117000054,2229,11,2218
117000055,13,2603,-2590
117000056,917,27,890
117000057,616,2156,-1540
117000060,546,1237,-691
117000061,2101,1128,973
117000062,311,639,-328
117000063,2268,1095,1173
117000064,772,709,63
117000066,970,940,30
117000067,174,797,-623
117000074,129,237,-108
117000076,122,38,84
117000077,157,188,-31
117000078,165,739,-574
117000079,470,269,201
117000080,2,308,-306
117000081,1157,104,1053
117000082,7,82,-75
117000083,179,15,164
117000084,230,1,229
117000085,395,867,-472
117000086,870,512,358
117000087,111,493,-382
117000088,283,194,89
117000089,2082,258,1824
117000090,281,1198,-917
117000091,1074,287,787
117000092,435,1185,-750
117000093,1590,836,754
117000094,1289,2559,-1270
117000095,4190,1128,3062
117000096,807,2104,-1297
117000097,2063,1247,816
117000098,2439,4071,-1632
117000099,4599,1404,3195
117000100,286,412,-126
117000101,251,970,-719
117000102,2389,727,1662
117000103,700,1489,-789
117000104,1758,699,1059
117000105,832,1414,-582
117000106,1600,783,817
117000107,557,1655,-1098
117000108,2347,1076,1271
117000109,1519,2314,-795
117000110,1989,1355,634
117000111,3957,4476,-519
117000112,4315,1878,2437
117000113,138,170,-32
117000114,366,168,198
117000115,89,102,-13
117000116,196,207,-11
117000117,1929,1332,597
117000118,269,139,130
117000119,284,285,-1
117000120,201,686,-485
117000121,131,1355,-1224
117000122,402,887,-485
117000123,1501,68,1433
117000124,502,89,413
117000125,239,144,95
117000126,40,12,28
117000127,134,324,-190
117000128,397,848,-451
117000129,331,743,-412
117000130,127,4,123
117000131,0,61,-61
117000132,3752,20,3732
117000133,2180,28,2152
117000134,1,84,-83
117000135,2,79,-77
117000136,1,39,-38
117000137,146,146,0
117000138,8,742,-734
117000140,556,1414,-858
117000141,2188,624,1564
117000181,585,255,330
117000182,495,807,-312
117000195,176,1105,-929
117000196,363,185,178
117000225,117,46,71
117000226,10,103,-93
117000276,419,25,394
117000277,1,312,-311
117000310,1625,2271,-646
117000315,44,632,-588
117000320,83,1,82
117000906,399,26,373
117000907,8,244,-236
117000908,18,55,-37
117000909,47,38,9
117000910,295,226,69
117000911,110,196,-86
117000915,10,475,-465
117000916,46,16,30
117000917,1518,61,1457
117000918,78,69,9
117000919,9,75,-66
117000920,3,1122,-1119
117000921,2,1061,-1059
117000922,29,78,-49
117000924,519,923,-404
117000926,733,128,605
117000927,1470,1316,154
117000928,1,108,-107
117000929,317,291,26
117000930,262,14,248
117000931,378,229,149
117900002,93,451,-358
117900003,814,614,200
117900005,7,60,-53
117900006,2,125,-123
117900007,115,94,21
117900008,0,29,-29
117900010,251,68,183
117900011,41,160,-119
117900012,99,93,6
117900013,2,162,-160
117900014,528,115,413
117900015,39,146,-107
117900016,1380,1182,198
117900017,546,242,304
117900018,188,157,31
117900019,544,228,316
117900020,92,569,-477
117900021,57,62,-5
117900022,65,30,35
117900023,776,127,649
117900024,63,73,-10
117900025,58,14,44
117900026,494,286,208
117900028,49,5,44
117900029,284,468,-184
117900030,563,299,264
117900031,149,116,33
117900032,1106,590,516
117900033,281,466,-185
117900034,51,52,-1
117900035,281,102,179
117900036,267,329,-62
117900037,164,91,73
117900038,22,300,-278
117900039,3,60,-57
117900040,152,338,-186
117900041,3,40,-37
117900042,3555,400,3155
117900043,27,41,-14
117900044,36,3232,-3196
117900045,206,160,46
117900048,400,245,155
117900049,267,414,-147
117900050,13,235,-222
117900051,26,1,25
117900052,90,491,-401
117900053,1984,632,1352
117900054,1,42,-41
117900055,412,156,256
117900056,232,106,126
117900057,1213,1072,141
117900058,69,35,34
117900059,316,84,232
117900060,2890,4635,-1745
117900061,27,162,-135
117900063,497,226,271
117900065,825,1356,-531
117900066,13,96,-83
117900067,606,142,464
117900069,848,240,608
117900070,157,55,102
117900071,120,137,-17
117900073,616,272,344
117900074,109,63,46
117900075,120,83,37
117900076,17,100,-83
117900077,603,172,431
117900078,391,903,-512
117900080,154,43,111
117900081,501,354,147
117900082,494,423,71
117900083,485,361,124
117900086,162,21,141
117900087,185,46,139
117900088,3119,1993,1126
117900089,2755,885,1870
117900090,495,400,95
117900091,168,164,4
117900092,63,21,42
117900093,109,40,69
117900094,53,26,27
117900095,320,294,26
117900096,113,203,-90
117900097,373,81,292
117900098,74,12,62
117900099,170,231,-61
117900100,287,7,280
117900101,531,2112,-1581
117900102,85,50,35
117900103,96,1,95
117900104,23,169,-146
117900105,177,263,-86
117900106,132,29,103
117900107,51,1,50
117900109,838,490,348
117900110,190,1,189
117900111,436,46,390
117900112,75,7,68
117900113,2569,2123,446
117900114,33,0,33
117900115,240,95,145
117900116,839,859,-20
117900117,812,311,501
117900118,176,2,174
117900119,257,145,112
117900120,263,36,227
117900121,272,114,158
117900122,1636,4943,-3307
117900123,712,393,319
117900124,962,827,135
117900125,2078,2283,-205
117900126,261,580,-319
117900127,472,401,71
117900128,461,652,-191
117900129,110,1,109
117900130,911,444,467
117900131,20,115,-95
117900132,12,85,-73
117900133,12,104,-92
117900134,90,302,-212
117900135,25,178,-153
117900136,1,53,-52
117900137,60,291,-231
117900138,0,36,-36
117900139,172,139,33
117900140,2937,320,2617
117900141,196,154,42
117900142,55,62,-7
117900144,61,241,-180
117900145,30,38,-8
117900146,223,193,30
117900147,135,75,60
117900148,2479,1825,654
117900149,126,210,-84
117900150,45,60,-15
117900151,38,95,-57
117900152,56,72,-16
117900153,23,92,-69
117900154,441,514,-73
117900156,950,866,84
117900157,95,573,-478
117900158,393,169,224
117900160,796,871,-75
117900161,2574,2088,486
117900162,559,412,147
117900163,45,151,-106
117900165,1,21,-20
117900166,129,596,-467
117900168,64,218,-154
117900169,0,123,-123
117900170,2,42,-40
117900171,0,22,-22
117900172,7,20,-13
117900173,181,96,85
117900174,48,86,-38
117900175,7,23,-16
117900176,11,31,-20
117900177,23,31,-8
117900178,128,42,86
117900180,300,61,239
117900181,73,499,-426
117900182,4,42,-38
117900183,80,198,-118
117900184,24,62,-38
117900185,36,52,-16
117900186,54,24,30
117900187,27,12,15
117900188,226,56,170
117900189,83,53,30
117900190,30,3,27
117900191,110,2,108
117900192,286,0,286
117900193,14,84,-70
117900194,8,5,3
117900195,31,91,-60
117900196,38,45,-7
117900207,212,163,49
117900208,54,25,29
117900209,217,171,46
117900210,174,273,-99
117900211,13,196,-183
117900212,152,180,-28
117900213,32,9,23
117900214,20,46,-26
117900215,32,63,-31
117900216,36,22,14
117900217,96,420,-324
117900218,130,107,23
117900219,4,161,-157
117900220,87,85,2
117900222,247,252,-5
117900223,104,394,-290
118000001,1060,1157,-97
118000002,943,1961,-1018
118000003,2271,3955,-1684
118000004,2234,2347,-113
118000005,5100,7298,-2198
118000006,5354,11013,-5659
118000007,5470,4732,738
118000008,3648,4496,-848
118000009,1702,3713,-2011
118000010,6845,4555,2290
118000011,1723,2055,-332
118000012,1270,2137,-867
118000013,2918,2574,344
118000014,1940,1982,-42
118000016,242,286,-44
118000017,525,487,38
118000018,431,402,29
118000019,2083,1929,154
118000020,1293,4873,-3580
118000021,753,4303,-3550
118000022,1756,1010,746
118000023,928,314,614
118000024,1550,1954,-404
118000027,14393,16514,-2121
118000029,1156,982,174
118000032,1045,4706,-3661
118000033,2759,8885,-6126
118000034,5055,3218,1837
118000035,1942,4200,-2258
118000036,1096,1687,-591
118000037,871,1069,-198
118000038,255,107,148
118000039,94,218,-124
118000040,1955,1572,383
118000041,2944,1414,1530
118000045,418,224,194
118000046,1183,709,474
118000047,625,938,-313
118000048,2390,2285,105
118000051,2796,1954,842
118000052,1669,1226,443
118000053,417,702,-285
118000054,1662,1324,338
118000055,1378,1397,-19
118000056,220,578,-358
118000057,196,331,-135
118000058,2602,2710,-108
118000059,1899,1739,160
118000060,1359,625,734
118000061,1439,1485,-46
118000062,732,339,393
118000063,468,874,-406
118000064,1009,1265,-256
118000065,3418,1769,1649
118000066,1019,1773,-754
118000067,911,955,-44
118000068,1590,5113,-3523
118000069,2475,1156,1319
118000070,5435,2046,3389
118000071,3831,8445,-4614
118000072,1356,1508,-152
118000073,1369,861,508
118000074,482,386,96
118000075,737,312,425
118000076,1602,3646,-2044
118000077,1302,1308,-6
118000078,1961,2981,-1020
118000079,322,596,-274
118000080,911,895,16
118000081,2012,1520,492
118000082,308,1417,-1109
118000083,1994,1882,112
118000084,3576,1978,1598
118000086,344,620,-276
118000087,4630,2591,2039
118000088,1952,1686,266
118000089,4063,2535,1528
118000090,1390,3120,-1730
118000091,1350,2848,-1498
118000092,1073,587,486
118000093,113,721,-608
118000096,512,627,-115
118000097,895,664,231
118000098,312,222,90
118000099,812,728,84
118000101,1415,340,1075
118000102,487,1064,-577
118000107,1924,529,1395
118000108,896,2596,-1700
118000110,2,21,-19
118000111,0,260,-260
118000112,652,3,649
118000113,4,431,-427
118000114,598,5,593
118000115,6,3,3
118000116,40,0,40
118000117,1092,798,294
118000118,1138,1108,30
118000119,987,1305,-318
118000120,1830,1290,540
118000121,96,829,-733
118000122,1477,435,1042
118000123,79,291,-212
118000125,1670,929,741
118000126,700,1705,-1005
118000127,2173,854,1319
118000128,663,1077,-414
118000129,1082,430,652
118000130,2224,3043,-819
118000131,513,715,-202
118000132,3204,2365,839
118000133,1149,431,718
118000135,720,541,179
118000136,178,494,-316
118000137,698,85,613
118000138,562,640,-78
118000139,584,138,446
118000140,2948,5449,-2501
118000141,2602,1879,723
118000142,2241,1545,696
118000143,2689,1432,1257
118000144,1174,753,421
118000145,1709,1608,101
118000146,1355,716,639
118000147,901,1195,-294
118000148,553,1166,-613
118000149,1124,853,271
118000150,613,251,362
118000151,588,479,109
118000153,1779,1312,467
118000154,1486,1409,77
118000155,1647,1457,190
118000156,2246,2669,-423
118000157,775,430,345
118000158,223,454,-231
118000159,46,84,-38
118000160,618,377,241
118000161,607,554,53
118000162,2172,1086,1086
118000163,1160,998,162
118000164,2262,1533,729
118000168,869,881,-12
118000169,1100,1231,-131
118000170,3696,4657,-961
118000171,358,634,-276
118000172,72,265,-193
118000173,879,1416,-537
118000175,370,400,-30
118000176,350,480,-130
118000177,308,749,-441
118000178,81,48,33
118000179,1264,1531,-267
118000180,924,738,186
118000181,771,328,443
118000182,311,280,31
118000183,265,354,-89
118000184,1153,670,483
118000185,1354,1417,-63
118000186,846,1245,-399
118000187,1535,741,794
118000188,748,171,577
118000189,924,663,261
118000190,14,16,-2
118000191,51,24,27
118000192,63,172,-109
118000193,48,290,-242
118000194,1447,998,449
118000195,638,1590,-952
118000196,331,270,61
118000197,154,189,-35
118000198,463,904,-441
118000199,413,454,-41
118000200,93,302,-209
118000201,516,586,-70
118000202,102,97,5
118000203,703,772,-69
118000204,125,494,-369
118000205,177,361,-184
118000206,241,183,58
118000207,0,56,-56
118000208,1775,1741,34
118000209,2246,1315,931
118000210,76,31,45
118000211,38,40,-2
118000213,1201,2311,-1110
118000214,596,625,-29
118000215,364,113,251
118000216,2613,2141,472
118000217,24,85,-61
118000218,104,91,13
118000219,475,286,189
118000220,3,32,-29
118000221,300,383,-83
118000222,102,6,96
118000223,38,52,-14
118000224,174,86,88
118000225,168,703,-535
118000226,1170,180,990
118000227,794,529,265
118000228,147,259,-112
118000229,156,90,66
118000230,217,234,-17
118000231,117,310,-193
118000232,959,750,209
118000233,1358,907,451
118000234,533,257,276
118000236,527,336,191
118000237,135,436,-301
118000238,393,167,226
118000239,361,319,42
118000240,337,211,126
118000241,214,202,12
118000242,503,499,4
118000243,320,228,92
118000244,59,110,-51
118000246,2,38,-36
118000255,59,311,-252
118000256,158,209,-51
118000259,13,68,-55
118000260,235,103,132
118000261,53,47,6
118000263,117,211,-94
118000266,117,266,-149
118000267,0,210,-210
118000268,316,2,314
118000270,100,33,67
118000271,228,249,-21
118000272,120,44,76
118000273,164,81,83
118000274,117,263,-146
118000276,690,419,271
118000295,5,144,-139
118000298,196,241,-45
118000299,44,117,-73
118000301,0,45,-45
118000302,119,40,79
118000311,748,82,666
118000312,374,202,172
118000313,107,139,-32
118000314,99,63,36
118000315,69,50,19
118000316,860,452,408
118000325,83,54,29
118000326,48,35,13
118000331,54,63,-9
118000332,10,25,-15
118000333,38,92,-54
118000335,438,0,438
118000336,1,234,-233
118000407,294,71,223
118000457,6,56,-50
118000465,2905,4682,-1777
118000480,69,90,-21
118000489,35,356,-321
118000490,12,201,-189
118000492,382,193,189
118000510,53,28,25
118000514,198,364,-166
118000515,912,759,153
118000517,378,196,182
118000524,223,363,-140
118000525,884,830,54
118000530,21,141,-120
118000531,364,325,39
118000532,252,248,4
118000533,324,135,189
118000534,630,426,204
118000535,322,129,193
118000536,763,2348,-1585
118000537,17,303,-286
118000538,33,77,-44
118000539,23,117,-94
118000540,478,215,263
118000541,266,88,178
118000542,147,255,-108
118000543,306,300,6
118000546,59,33,26
118000553,0,0,0
118000557,0,0,0
118000560,2491,2868,-377
118000562,34,172,-138
118000563,1608,1269,339
118000576,225,104,121
118000577,172,125,47
118000578,189,61,128
118000579,592,1331,-739
118000583,0,1,-1
118000595,273,116,157
118000596,0,78,-78
118000597,113,85,28
118000598,13,0,13
118000599,96,55,41
118000600,1,12,-11
118000601,9,0,9
118000602,2,12,-10
118000603,0,10,-10
118900001,686,1508,-822
118900002,841,955,-114
118900003,566,21,545
118900004,29,46,-17
118900005,81,12,69
118900006,218,4,214
118900007,13,1,12
118900008,1811,61,1750
118900009,105,50,55
118900010,88,8,80
118900011,225,35,190
118900012,541,217,324
118900013,665,220,445
118900015,279,89,190
118900016,17,15,2
118900017,250,404,-154
118900018,1143,45,1098
118900019,25,42,-17
118900020,300,144,156
118900021,192,433,-241
118900022,255,155,100
118900023,243,105,138
118900024,136,175,-39
118900025,53,28,25
118900026,83,82,1
118900027,425,218,207
118900028,189,165,24
118900029,403,478,-75
118900030,495,114,381
118900031,228,100,128
118900032,241,176,65
118900033,610,590,20
118900034,210,22,188
118900035,173,128,45
118900036,1606,748,858
118900037,386,375,11
118900038,510,126,384
118900039,648,197,451
118900040,282,246,36
118900041,642,152,490
118900042,194,118,76
118900045,316,161,155
118900046,907,474,433
118900047,437,272,165
118900048,152,278,-126
118900049,65,52,13
118900050,50,87,-37
118900051,70,100,-30
118900052,298,301,-3
118900053,40,131,-91
118900054,152,74,78
118900055,126,56,70
118900056,34,458,-424
118900057,1020,544,476
118900058,602,405,197
118900059,17,78,-61
118900060,114,122,-8
118900062,616,238,378
118900064,631,580,51
118900065,61,153,-92
118900066,84,109,-25
118900067,4836,4414,422
118900068,7,237,-230
118900069,519,196,323
118900071,7,86,-79
118900072,545,364,181
118900073,165,108,57
118900074,179,179,0
118900075,50,79,-29
118900076,224,125,99
118900077,250,208,42
118900078,32,3,29
118900079,75,211,-136
118900080,41,163,-122
118900081,74,47,27
118900082,997,165,832
118900083,59,15,44
118900084,17,23,-6
118900085,645,785,-140
118900086,39,117,-78
118900087,38,352,-314
118900088,7,10,-3
118900089,28,34,-6
118900090,585,363,222
118900091,208,204,4
118900092,190,85,105
118900093,127,34,93
118900096,49,25,24
118900097,342,462,-120
118900099,147,234,-87
118900100,161,268,-107
118900101,176,360,-184
118900102,63,116,-53
118900103,50,148,-98
118900104,343,132,211
118900105,260,92,168
118900107,173,65,108
118900108,99,102,-3
118900110,1412,946,466
118900111,536,559,-23
118900112,121,176,-55
118900113,117,456,-339
118900114,17,74,-57
118900115,124,461,-337
118900116,142,187,-45
118900117,126,213,-87
118900118,307,327,-20
118900119,160,275,-115
118900120,114,291,-177
118900121,9,156,-147
118900122,14,1086,-1072
118900123,129,257,-128
118900124,115,210,-95
118900126,28,362,-334
118900129,229,231,-2
118900130,77,243,-166
118900131,234,212,22
118900132,407,236,171
118900133,24,106,-82
118900135,221,224,-3
118900136,250,486,-236
118900137,5,50,-45
118900139,196,319,-123
118900140,475,597,-122
118900141,80,135,-55
118900144,172,372,-200
118900145,41,139,-98
118900146,381,697,-316
118900147,182,166,16
118900148,89,60,29
118900150,161,547,-386
118900152,663,716,-53
118900157,89,203,-114
118900158,133,70,63
118900159,1,159,-158
118900161,97,12,85
118900163,98,99,-1
118900164,4,102,-98
118900165,79,160,-81
118900166,40,1,39
118900167,134,72,62
118900168,26,223,-197
118900169,169,269,-100
118900170,241,101,140
118900171,30,48,-18
118900174,64,67,-3
118900175,537,538,-1
118900176,212,279,-67
118900177,64,27,37
118900178,74,148,-74
118900179,4,35,-31
118900181,114,133,-19
118900182,101,51,50
118900183,57,138,-81
118900184,392,131,261
118900185,147,90,57
118900186,100,110,-10
118900187,261,332,-71
118900188,381,347,34
118900189,35,904,-869
118900190,19,342,-323
118900191,233,53,180
118900192,246,22,224
118900193,709,4,705
118900195,359,646,-287
118900196,39,117,-78
118900197,176,60,116
118900198,36,27,9
118900199,104,37,67
118900200,28,24,4
118900201,50,36,14
118900202,10,59,-49
118900203,13,28,-15
118900204,22,24,-2
118900205,3,6,-3
118900206,7,12,-5
119000001,1600,2501,-901
119000002,5066,4303,763
119000003,3224,1086,2138
119000004,3061,1485,1576
119000005,2068,2166,-98
119000006,3331,1601,1730
119000007,4187,3503,684
119000008,2412,2169,243
119000009,4130,6080,-1950
119000010,6918,4962,1956
119000011,4515,3624,891
119000012,3516,4373,-857
119000013,3374,2104,1270
119000014,1843,3112,-1269
119000019,312,218,94
119000020,2357,1774,583
119000021,5837,3018,2819
119000022,2940,3670,-730
119000023,358,324,34
119000024,2620,14776,-12156
119000025,6706,1577,5129
119000026,243,713,-470
119000027,348,572,-224
119000028,1768,938,830
119000029,138,377,-239
119000030,661,1074,-413
119000031,1047,704,343
119000032,2903,2682,221
119000033,2605,1516,1089
119000034,1280,1124,156
119000035,36,266,-230
119000036,2214,768,1446
119000037,1529,1656,-127
119000038,207,770,-563
119000039,425,331,94
119000040,798,652,146
119000041,927,1396,-469
119000048,2980,2586,394
119000049,2009,1945,64
119000050,1840,1978,-138
119000051,2440,1066,1374
119000052,2077,2874,-797
119000053,1996,1280,716
119000054,3728,2727,1001
119000055,5615,3164,2451
119000056,3445,2130,1315
119000057,1940,1799,141
119000058,2177,1698,479
119000059,1436,1824,-388
119000060,2114,1253,861
119000061,1196,841,355
119000062,1488,1510,-22
119000063,752,445,307
119000064,1107,1329,-222
119000065,1925,3812,-1887
119000066,2865,1277,1588
119000067,2212,2066,146
119000068,2121,1122,999
119000069,1795,2395,-600
119000070,3528,954,2574
119000071,630,851,-221
119000072,5661,4058,1603
119000073,6008,8268,-2260
119000074,1540,2025,-485
119000075,3102,2338,764
119000076,578,1720,-1142
119000077,998,850,148
119000078,544,298,246
119000079,212,908,-696
119000080,508,242,266
119000081,437,1011,-574
119000082,1240,319,921
119000083,709,530,179
119000084,367,645,-278
119000085,984,229,755
119000086,363,594,-231
119000087,1705,785,920
119000088,467,315,152
119000089,74,254,-180
119000090,172,127,45
119000091,128,562,-434
119000092,561,177,384
119000093,3691,2657,1034
119000094,3758,5139,-1381
119000095,2050,3052,-1002
119000097,2349,1355,994
119000098,1194,3665,-2471
119000099,2494,1812,682
119000100,5116,3509,1607
119000101,5378,2690,2688
119000102,819,1607,-788
119000103,1472,810,662
119000104,2312,1303,1009
119000105,1342,2452,-1110
119000106,401,1192,-791
119000107,1239,646,593
119000108,450,828,-378
119000109,151,1043,-892
119000110,692,937,-245
119000111,67,930,-863
119000112,246,210,36
119000113,2897,415,2482
119000114,1462,1227,235
119000115,129,165,-36
119000116,99,86,13
119000117,147,479,-332
119000118,3,0,3
119000123,3271,2551,720
119000124,895,254,641
119000125,4378,639,3739
119000126,1500,748,752
119000127,593,529,64
119000128,28,1,27
119000131,1050,523,527
119000132,4,1,3
119000133,2,3,-1
119000134,2152,626,1526
119000135,195,242,-47
119000136,280,171,109
119000137,265,264,1
119000138,593,277,316
119000139,337,228,109
119000140,296,438,-142
119000284,1328,2620,-1292
119000285,2385,2056,329
119000286,6869,5539,1330
119000287,1218,2073,-855
119000288,2064,1249,815
119000289,1588,2623,-1035
119000290,293,434,-141
119000291,18,243,-225
119000293,159,200,-41
119000294,55,28,27
119000295,1545,356,1189
119000296,335,192,143
119000302,2106,1350,756
119000303,51,168,-117
119000304,0,0,0
119000310,0,0,0
119000314,1810,12278,-10468
119000315,1,319,-318
119000316,193,111,82
119000317,119,257,-138
119900001,323,1422,-1099
119900002,195,280,-85
119900003,48,924,-876
119900004,284,1320,-1036
119900005,187,92,95
119900006,262,409,-147
119900007,1272,301,971
119900008,78,59,19
119900009,705,582,123
119900010,1593,1922,-329
119900011,27,109,-82
119900012,32,133,-101
119900013,2460,1640,820
119900014,709,425,284
119900015,135,31,104
119900016,48,77,-29
119900017,93,48,45
119900018,1923,1051,872
119900019,65,22,43
119900020,250,219,31
119900021,315,103,212
119900022,98,1067,-969
119900023,536,1690,-1154
119900025,229,29,200
119900026,778,205,573
119900027,22,10,12
119900028,291,136,155
119900029,4,14,-10
119900030,812,509,303
119900031,78,512,-434
119900033,2246,408,1838
119900034,479,124,355
119900037,220,31,189
119900038,61,380,-319
119900039,100,19,81
119900040,96,28,68
119900041,169,36,133
119900042,165,169,-4
119900043,95,125,-30
119900044,258,1088,-830
119900046,182,67,115
119900047,374,104,270
119900048,55,22,33
119900049,165,13,152
119900050,195,145,50
119900051,733,11,722
119900052,88,46,42
119900053,276,180,96
119900054,186,18,168
119900055,1712,475,1237
119900057,287,91,196
119900058,350,4,346
119900059,145,34,111
119900060,349,32,317
119900062,108,28,80
119900063,29,58,-29
119900065,262,21,241
119900066,1,0,1
119900067,123,26,97
119900068,644,1,643
119900069,144,64,80
119900070,1115,45,1070
119900071,900,22,878
119900073,1844,664,1180
119900074,72,37,35
119900075,4434,2657,1777
119900076,932,292,640
119900077,974,944,30
119900078,730,848,-118
119900079,405,173,232
119900080,1915,1227,688
119900081,383,65,318
119900082,1656,233,1423
119900083,535,193,342
119900084,761,336,425
119900085,48,70,-22
119900087,594,623,-29
119900088,18,64,-46
119900089,53,425,-372
119900090,127,71,56
119900091,40,682,-642
119900092,168,430,-262
119900093,1697,288,1409
119900094,40,213,-173
119900095,224,80,144
119900096,37,148,-111
119900097,443,220,223
119900098,44,64,-20
119900099,50,270,-220
119900100,1911,3671,-1760
119900101,217,1951,-1734
119900102,41,293,-252
119900103,75,320,-245
119900104,72,207,-135
119900105,1238,5140,-3902
119900106,20,140,-120
119900107,277,2121,-1844
119900108,4811,730,4081
119900109,17,163,-146
119900110,1055,592,463
119900111,143,211,-68
119900112,1182,637,545
119900113,79,244,-165
119900114,409,1082,-673
119900115,410,827,-417
119900116,203,445,-242
119900117,498,810,-312
119900118,122,675,-553
119900119,278,206,72
119900120,767,684,83
119900121,456,989,-533
119900122,356,309,47
119900123,280,289,-9
119900124,272,754,-482
119900125,71,305,-234
119900126,4528,436,4092
119900127,1913,983,930
119900128,487,612,-125
119900129,288,472,-184
119900130,52,275,-223
119900131,63,250,-187
119900132,4,208,-204
119900133,88,122,-34
119900134,1499,231,1268
119900135,4,358,-354
119900136,169,351,-182
119900138,325,619,-294
119900139,15,122,-107
119900140,9,147,-138
119900141,92,879,-787
119900142,30,50,-20
119900143,29,277,-248
119900144,1862,335,1527
119900145,103,178,-75
119900146,193,202,-9
119900147,2,192,-190
119900148,327,60,267
119900149,1090,5447,-4357
119900150,173,197,-24
119900151,2100,1067,1033
119900152,158,319,-161
119900153,208,76,132
119900154,57,243,-186
119900155,53,46,7
119900156,23,4,19
119900157,169,269,-100
119900158,252,69,183
119900159,6,1164,-1158
119900160,44,164,-120
119900161,197,211,-14
119900162,1198,1399,-201
119900163,124,179,-55
119900164,3,2,1
119900165,179,187,-8
119900166,112,53,59
119900167,85,103,-18
119900168,1200,561,639
119900169,139,344,-205
119900170,279,337,-58
119900171,1173,517,656
119900172,147,30,117
119900173,3,373,-370
119900174,14,209,-195
119900175,1637,703,934
119900177,14,181,-167
119900178,17,186,-169
119900179,162,706,-544
119900180,1200,1084,116
119900181,75,162,-87
119900182,4,312,-308
119900183,200,638,-438
119900184,1982,498,1484
119900185,77,204,-127
119900186,61,1267,-1206
119900187,28,451,-423
119900188,115,372,-257
119900189,494,534,-40
119900190,92,368,-276
119900191,358,423,-65
119900192,72,177,-105
119900193,515,186,329
119900194,40,76,-36
119900195,170,251,-81
119900196,1208,464,744
119900197,302,229,73
119900198,202,328,-126
119900199,246,41,205
119900200,954,692,262
119900201,398,220,178
119900202,132,334,-202
119900203,235,683,-448
119900204,357,251,106
119900205,967,465,502
119900206,225,171,54
119900208,193,195,-2
119900209,581,1569,-988
119900210,34,24,10
119900211,67,7,60
119900212,285,274,11
119900213,13,68,-55
119900214,37,56,-19
119900215,38,69,-31
119900216,22,60,-38
119900217,6,65,-59
119900218,27,59,-32
119900219,15,105,-90
119900220,6,91,-85
119900221,26,213,-187
119900222,12,163,-151
119900223,24,81,-57
119900224,17,20,-3
119900225,833,57,776
119900226,590,2358,-1768
119900227,1221,374,847
119900228,49,307,-258
119900229,392,622,-230
119900230,1607,682,925
119900231,344,180,164
119900232,302,113,189
119900233,121,4,117
119900234,20,130,-110
119900235,19,66,-47
119900236,14,265,-251
119900237,68,527,-459
119900238,1,88,-87
119900240,82,121,-39
119900241,172,229,-57
119900242,1883,1812,71
119900244,854,1623,-769
119900245,145,230,-85
119900246,366,626,-260
119900247,33,126,-93
119900248,92,304,-212
119900249,369,124,245
119900253,2737,413,2324
119900254,136,944,-808
119900255,158,874,-716
119900256,880,880,0
119900257,101,0,101
119900258,215,12,203
119900259,12,136,-124
119900260,171,8,163
119900261,330,181,149
119900262,1,228,-227
119900263,1347,420,927
119900264,139,155,-16
119900265,906,412,494
119900266,499,261,238
119900267,289,499,-210
119900268,238,156,82
119900269,1666,1195,471
119900271,48,146,-98
119900272,327,333,-6
119900275,222,100,122
119900276,57,13,44
119900277,5,9,-4
119900278,350,169,181
119900279,146,347,-201
119900280,784,171,613
119900281,0,260,-260
119900282,81,130,-49
119900283,15,177,-162
119900284,89,218,-129
119900285,26,155,-129
119900286,2,38,-36
119900288,7,20,-13
119900289,2,41,-39
119900290,4,18,-14
119900291,1,121,-120
119900292,54,47,7
119900293,29,7,22
119900294,37,0,37
119900295,0,0,0
119900296,0,0,0
119900299,81,176,-95
119900300,312,238,74
119900301,94,230,-136
119900302,230,126,104
119900303,312,211,101
119900304,207,46,161
119900305,11,101,-90
119900306,38,5,33
119900307,91,98,-7
119900308,6,34,-28
119900309,69,124,-55
119900310,324,279,45
119900311,99,113,-14
119900312,117,96,21
119900313,288,372,-84
119900314,264,500,-236
119900315,2429,2109,320
119900318,18,42,-24
119900319,4,260,-256
119900320,409,597,-188
119900321,115,2,113
119900322,19,92,-73
119900323,7,155,-148
119900324,4,39,-35
119900325,269,260,9
119900326,59,91,-32
120000001,7474,18758,-11284
120000002,3006,2595,411
120000003,3363,1664,1699
120000004,2841,1862,979
120000005,4547,2136,2411
120000006,1403,1192,211
120000007,3983,3371,612
120000008,1143,1475,-332
120000009,2555,1156,1399
120000010,2127,2547,-420
120000011,1195,1756,-561
120000012,1780,2834,-1054
120000013,3726,3233,493
120000014,810,1573,-763
120000015,2953,1776,1177
120000016,4530,2658,1872
120000017,3565,3082,483
120000018,4348,14634,-10286
120000019,1394,1754,-360
120000020,3485,3714,-229
120000021,2101,2831,-730
120000022,3264,4452,-1188
120000023,1283,1870,-587
120000024,1703,2982,-1279
120000025,3177,2198,979
120000026,2635,1988,647
120000027,2773,2588,185
120000028,905,1374,-469
120000029,3429,1591,1838
120000030,502,1354,-852
120000031,2821,8040,-5219
120000032,8653,4041,4612
120000033,5141,1989,3152
120000034,2427,1636,791
120000035,2549,1983,566
120000036,3215,5709,-2494
120000037,817,1896,-1079
120000038,6398,4626,1772
120000039,823,1051,-228
120000040,143,804,-661
120000041,1474,1676,-202
120000042,2420,2896,-476
120000043,6131,1751,4380
120000044,6741,1745,4996
120000045,7169,1243,5926
120000046,3857,3236,621
120000047,1160,6283,-5123
120000048,8221,5241,2980
120000049,4230,3562,668
120000050,4084,3849,235
120000051,2954,4947,-1993
120000052,8669,2429,6240
120000053,1304,2033,-729
120000054,1463,3898,-2435
120000055,1783,4443,-2660
120000056,5449,4012,1437
120000057,4364,1073,3291
120000058,3163,999,2164
120000059,8,1949,-1941
120000061,136,664,-528
120000062,254,408,-154
120000063,1508,2615,-1107
120000064,254,1009,-755
120000065,636,1263,-627
120000066,551,529,22
120000067,76,479,-403
120000068,226,766,-540
120000069,738,1057,-319
120000070,126,643,-517
120000071,681,131,550
120000072,936,469,467
120000073,1031,138,893
120000074,170,127,43
120000075,1298,423,875
120000076,2818,415,2403
120000077,2426,781,1645
120000078,4089,1383,2706
120000079,314,204,110
120000080,202,233,-31
120000081,454,144,310
120000082,285,265,20
120000083,83,671,-588
120000084,438,447,-9
120000085,479,443,36
120000086,312,566,-254
120000087,265,517,-252
120000088,951,1223,-272
120000089,1370,686,684
120000090,897,569,328
120000091,1254,1119,135
120000092,1500,656,844
120000093,650,454,196
120000094,219,792,-573
120000095,1239,471,768
120000096,323,759,-436
120000098,1173,934,239
120000099,572,825,-253
120000100,1088,865,223
120000101,720,487,233
120000102,846,1135,-289
120000103,1834,1044,790
120000104,2392,523,1869
120000105,3803,705,3098
120000106,2981,751,2230
120000107,5241,688,4553
120000108,1627,180,1447
120000109,1461,114,1347
120000110,74,908,-834
120000111,139,959,-820
120000112,844,2343,-1499
120000113,610,1812,-1202
120000114,956,2217,-1261
120000115,390,1864,-1474
120000116,816,1798,-982
120000117,1066,1287,-221
120000118,74,61,13
120000119,43,58,-15
120000120,102,108,-6
120000121,29,71,-42
120000122,342,436,-94
120000123,4324,7258,-2934
120000124,550,431,119
120000125,660,598,62
120000126,360,1296,-936
120000127,2535,1292,1243
120000128,3250,4967,-1717
120000129,183,279,-96
120000130,965,525,440
120000131,442,810,-368
120000134,413,1042,-629
120000135,754,649,105
120000137,313,1223,-910
120000138,1407,463,944
120000139,371,676,-305
120000140,1195,662,533
120000141,398,462,-64
120000142,731,634,97
120000143,2,87,-85
120000144,129,6,123
120000145,536,1,535
120000146,1071,997,74
120000149,754,1121,-367
120000150,3507,13155,-9648
120000151,616,470,146
120000152,759,214,545
120000153,356,624,-268
120000154,649,457,192
120000155,173,290,-117
120000156,827,1279,-452
120000157,1248,736,512
120000158,1119,944,175
120000159,2345,2734,-389
120000160,2796,1974,822
120000161,2645,2381,264
120000162,103,310,-207
120000163,905,1088,-183
120000164,722,349,373
120000165,819,760,59
120000166,1900,635,1265
120000167,226,284,-58
120000168,24,850,-826
120000169,53,2077,-2024
120000170,58,1595,-1537
120000171,40,692,-652
120000172,32,317,-285
120000173,1872,2135,-263
120000174,352,42,310
120000175,164,49,115
120000176,193,43,150
120000177,1511,171,1340
120000178,143,47,96
120000179,326,87,239
120000180,2146,117,2029
120000181,235,2602,-2367
120000182,99,974,-875
120000183,20,816,-796
120000184,216,1952,-1736
120000186,45,782,-737
120000187,40,343,-303
120000188,88,795,-707
120000190,693,81,612
120000191,896,100,796
120000192,915,42,873
120000193,354,21,333
120000195,42,5,37
120000196,358,53,305
120000197,283,102,181
120000198,236,79,157
120000199,150,2,148
120000200,163,0,163
120000201,31,29,2
120000202,6,56,-50
120000203,66,207,-141
120000207,1,47,-46
120000208,12,179,-167
120000209,11,66,-55
120000210,52,47,5
120000211,221,4,217
120000212,259,0,259
120000213,261,271,-10
120000214,0,179,-179
120000215,2,98,-96
120000216,125,29,96
120000217,577,1451,-874
120000218,163,765,-602
120000219,5,437,-432
120000220,9,1211,-1202
120000225,1979,3,1976
120000226,448,10,438
120000227,1102,100,1002
120000228,12905,4189,8716
120000230,544,42,502
120000231,1684,1997,-313
120000233,519,64,455
120000235,291,572,-281
120000236,1334,2,1332
120000237,4,1353,-1349
120000238,5,1447,-1442
120000241,1439,4504,-3065
120000412,832,24,808
120000413,341,274,67
120000414,183,7,176
120000415,3,94,-91
120000416,173,14,159
120000417,12,85,-73
120000418,268,14,254
120000419,11,237,-226
120000420,68,33,35
120000421,10272,5966,4306
120000422,167,1977,-1810
120000423,5,62,-57
120000424,138,131,7
120000436,172,828,-656
120000437,153,108,45
120000438,2084,240,1844
120000439,282,632,-350
120000443,285,2,283
120000444,1857,495,1362
120000445,2146,1183,963
120000446,838,189,649
120000447,280,1,279
120000449,131,9,122
120000450,18,180,-162
120000451,165,379,-214
120000452,358,0,358
120000453,0,419,-419
120000454,106,77,29
120000455,94,54,40
120000456,2716,4442,-1726
120000457,1018,409,609
120000458,518,601,-83
120000459,123,67,56
120000665,2119,366,1753
120000668,140,1612,-1472
120000669,140,209,-69
120000670,294,880,-586
120000671,1480,603,877
120000672,93,594,-501
120900001,69,132,-63
120900002,480,775,-295
120900003,240,22,218
120900004,19,104,-85
120900005,62,922,-860
120900006,473,255,218
120900007,226,112,114
120900008,444,1119,-675
120900009,770,53,717
120900010,691,148,543
120900011,343,239,104
120900012,341,1646,-1305
120900013,440,168,272
120900014,3,459,-456
120900015,1254,104,1150
120900016,1123,88,1035
120900017,2311,112,2199
120900018,187,426,-239
120900019,833,394,439
120900020,792,1549,-757
120900021,983,269,714
120900022,21,300,-279
120900023,496,64,432
120900024,2256,609,1647
120900025,1816,1208,608
120900026,393,172,221
120900027,1103,19,1084
120900028,531,133,398
120900029,135,638,-503
120900030,1618,914,704
120900031,363,162,201
120900032,1431,129,1302
120900033,1384,107,1277
120900034,102,3116,-3014
120900035,64,107,-43
120900037,340,16,324
120900038,65,386,-321
120900039,133,65,68
120900040,393,7,386
120900041,118,27,91
120900042,727,68,659
120900043,120,52,68
120900044,59,437,-378
120900045,154,138,16
120900046,626,5,621
120900047,153,162,-9
120900048,156,32,124
120900049,672,3,669
120900050,2010,1894,116
120900051,432,116,316
120900052,745,10,735
120900053,391,82,309
120900054,1764,715,1049
120900055,533,5,528
120900056,689,33,656
120900057,205,16,189
120900058,667,4,663
120900059,143,3,140
120900060,104,41,63
120900061,295,260,35
120900062,284,8,276
120900063,805,1,804
120900064,823,3,820
120900065,637,2,635
120900066,538,291,247
120900067,232,61,171
120900068,413,1,412
120900069,295,57,238
120900071,22,1,21
120900072,933,8,925
120900073,653,201,452
120900074,972,16,956
120900076,358,1,357
120900077,3050,384,2666
120900078,953,748,205
120900079,1033,136,897
120900080,1063,1419,-356
120900081,1197,717,480
120900082,509,438,71
120900083,128,3,125
120900084,391,531,-140
120900085,83,138,-55
120900086,107,419,-312
120900087,530,452,78
120900088,230,596,-366
120900089,2919,3521,-602
120900090,336,123,213
120900091,761,1098,-337
120900092,1165,514,651
120900093,1962,165,1797
120900094,501,163,338
120900095,455,18,437
120900096,51,281,-230
120900097,842,685,157
120900098,279,181,98
120900099,87,70,17
120900100,135,224,-89
120900101,574,272,302
120900102,48,95,-47
120900103,76,214,-138
120900104,39,52,-13
120900105,41,500,-459
120900106,1046,558,488
120900107,300,148,152
120900108,7,461,-454
120900109,46,535,-489
120900110,9,631,-622
120900111,196,394,-198
120900112,14,762,-748
120900113,18,649,-631
120900114,24,136,-112
120900115,221,360,-139
120900116,499,391,108
120900117,6,394,-388
120900118,8,666,-658
120900119,7737,4923,2814
120900120,71,475,-404
120900121,336,512,-176
120900122,672,398,274
120900123,7,335,-328
120900124,3,449,-446
120900125,4,563,-559
120900126,1478,1004,474
120900127,20,392,-372
120900128,1177,1457,-280
120900129,45,234,-189
120900130,7,272,-265
120900131,118,70,48
120900132,1234,313,921
120900133,239,891,-652
120900134,744,455,289
120900135,6,453,-447
120900136,73,120,-47
120900137,402,120,282
120900138,20,216,-196
120900139,2,632,-630
120900140,7,141,-134
120900141,230,230,0
120900142,16,469,-453
120900143,1,748,-747
120900144,0,168,-168
120900145,254,725,-471
120900146,2,863,-861
120900147,6,455,-449
120900148,187,153,34
120900149,0,263,-263
120900150,58,421,-363
120900151,1,558,-557
120900152,3,28,-25
120900153,62,96,-34
120900154,2,199,-197
120900155,210,822,-612
120900156,64,268,-204
120900157,125,252,-127
120900158,91,571,-480
120900159,439,544,-105
120900160,24,640,-616
120900161,148,573,-425
120900162,157,1032,-875
120900163,154,1738,-1584
120900164,0,37,-37
120900165,6,96,-90
120900166,177,939,-762
120900167,430,160,270
120900169,91,258,-167
120900170,982,3608,-2626
120900171,1156,265,891
120900172,1018,2149,-1131
120900173,3,39,-36
120900174,9,106,-97
120900175,299,158,141
120900176,19,463,-444
120900177,0,1510,-1510
120900178,2,710,-708
120900179,751,441,310
120900180,87,165,-78
120900181,111,34,77
120900182,39,381,-342
120900183,834,88,746
120900184,426,75,351
120900185,13,523,-510
120900186,1,336,-335
120900187,758,1138,-380
120900188,261,8,253
120900189,97,1770,-1673
120900190,129,9,120
120900191,14,13,1
120900192,8566,9173,-607
120900194,69,120,-51
120900195,125,360,-235
120900196,1036,49,987
120900197,906,171,735
120900198,317,532,-215
120900199,498,617,-119
120900200,88,122,-34
120900201,444,198,246
120900202,1,135,-134
120900203,50,84,-34
120900204,150,240,-90
120900205,69,52,17
120900206,32,51,-19
120900207,89,1304,-1215
121000001,937,1367,-430
121000002,3025,1525,1500
121000003,3332,2348,984
121000004,3107,3802,-695
121000005,2163,3232,-1069
121000006,4075,1995,2080
121000007,2647,3371,-724
121000008,5876,4327,1549
121000009,6035,6961,-926
121000010,9338,7640,1698
121000011,10358,14663,-4305
121000012,18963,12686,6277
121000013,5432,8143,-2711
121000014,6757,6100,657
121000015,4610,7935,-3325
121000016,4753,3980,773
121000017,2698,4160,-1462
121000018,3506,2197,1309
121000019,17639,13908,3731
121000020,16247,20844,-4597
121000021,3362,3356,6
121000022,3455,4253,-798
121000023,4198,3036,1162
121000024,6398,6012,386
121000025,857,1530,-673
121000026,435,188,247
121000027,1990,1410,580
121000028,1135,644,491
121000029,1171,776,395
121000030,897,556,341
121000031,772,818,-46
121000032,292,229,63
121000034,386,292,94
121000035,129,161,-32
121000036,1086,948,138
121000037,628,706,-78
121000038,591,1195,-604
121000039,302,574,-272
121000041,688,628,60
121000042,333,505,-172
121000043,731,680,51
121000044,1642,1075,567
121000045,585,398,187
121000046,929,1174,-245
121000047,73,126,-53
121000049,1551,643,908
121000050,364,1390,-1026
121000051,756,394,362
121000052,458,848,-390
121000053,487,133,354
121000054,58,459,-401
121000055,1220,1414,-194
121000056,1025,1174,-149
121000057,301,704,-403
121000058,468,259,209
121000059,2922,1550,1372
121000060,703,1199,-496
121000061,119,558,-439
121000062,215,524,-309
121000063,1084,965,119
121000064,991,1052,-61
121000065,373,592,-219
121000066,792,735,57
121000067,686,681,5
121000068,866,524,342
121000069,535,1038,-503
121000070,2391,1440,951
121000071,1939,1622,317
121000072,3081,1055,2026
121000073,1871,1142,729
121000074,358,163,195
121000075,58,451,-393
121000076,747,510,237
121000077,165,221,-56
121000078,136,193,-57
121000080,2151,773,1378
121000081,5100,3754,1346
121000082,112,346,-234
121000083,200,127,73
121000084,187,201,-14
121000085,355,493,-138
121000086,366,880,-514
121000087,83,374,-291
121000088,574,650,-76
121000089,513,603,-90
121000090,554,516,38
121000091,1787,1224,563
121000092,205,77,128
121000093,235,258,-23
121000094,621,917,-296
121000095,421,966,-545
121000096,2979,2694,285
121000097,1144,2881,-1737
121000098,790,1310,-520
121000099,919,946,-27
121000100,1215,450,765
121000101,460,408,52
121000102,356,328,28
121000103,254,337,-83
121000104,305,133,172
121000105,605,256,349
121000106,467,526,-59
121000107,2359,3297,-938
121000109,1294,1190,104
121000110,404,775,-371
121000114,3382,2385,997
121000115,1388,748,640
121000116,266,987,-721
121000117,701,277,424
121000118,1812,265,1547
121000119,293,531,-238
121000120,367,594,-227
121000121,693,1599,-906
121000123,1718,952,766
121000126,89,391,-302
121000127,166,103,63
121000128,1180,495,685
121000129,1151,607,544
121000130,826,987,-161
121000131,2637,2410,227
121000132,2063,2402,-339
121000135,636,1198,-562
121000136,1226,1376,-150
121000137,596,438,158
121000138,1030,1858,-828
121000139,476,732,-256
121000141,251,292,-41
121000142,788,1153,-365
121000143,178,38,140
121000144,1131,2121,-990
121000145,714,1090,-376
121000146,1648,1305,343
121000147,1313,770,543
121000148,976,1185,-209
121000149,2794,1702,1092
121000152,559,571,-12
121000153,2635,744,1891
121000154,1463,666,797
121000155,1987,1138,849
121000156,506,1154,-648
121000157,1131,2135,-1004
121000158,420,555,-135
121000159,237,423,-186
121000160,347,418,-71
121000161,246,342,-96
121000162,161,191,-30
121000165,1891,2368,-477
121000166,30,468,-438
121000168,482,299,183
121000169,90,182,-92
121000170,467,121,346
121000171,116,241,-125
121000172,938,701,237
121000173,1705,1483,222
121000174,463,533,-70
121000175,1160,402,758
121000176,462,337,125
121000177,931,723,208
121000178,147,68,79
121000179,58,85,-27
121000181,465,436,29
121000182,275,302,-27
121000183,127,178,-51
121000184,65,217,-152
121000185,61,233,-172
121000186,241,738,-497
121000187,280,179,101
121000188,272,201,71
121000192,1291,543,748
121000193,800,582,218
121000194,2336,2391,-55
121000195,249,922,-673
121000196,719,335,384
121000197,328,863,-535
121000198,291,216,75
121000199,208,447,-239
121000200,986,167,819
121000201,7,196,-189
121000202,1289,178,1111
121000203,908,1983,-1075
121000204,3613,766,2847
121000205,177,292,-115
121000206,377,59,318
121000207,2393,495,1898
121000208,8,334,-326
121000209,510,258,252
121000210,834,389,445
121000211,398,138,260
121000212,622,665,-43
121000213,11353,3350,8003
121000214,1040,2462,-1422
121000215,1185,1393,-208
121000216,744,716,28
121000217,4719,2634,2085
121000218,402,1500,-1098
121000219,1708,476,1232
121000220,187,81,106
121000221,122,342,-220
121000222,2562,2762,-200
121000223,438,450,-12
121000224,275,355,-80
121000225,917,2237,-1320
121000226,2306,1268,1038
121000227,12,169,-157
121000228,22,551,-529
121000229,436,316,120
121000230,65,1432,-1367
121000231,1244,41,1203
121000232,459,356,103
121000233,585,395,190
121000234,29,36,-7
121000235,70,92,-22
121000236,7,49,-42
121000237,44,19,25
121000238,5,90,-85
121000239,57,7,50
121000240,15,164,-149
121000241,97,6,91
121000242,85,351,-266
121000243,433,149,284
121000244,21,69,-48
121000245,77,51,26
121000246,3,128,-125
121000247,138,18,120
121000248,1353,707,646
121000249,121,381,-260
121000250,707,285,422
121000251,26,405,-379
121000252,148,93,55
121000253,359,432,-73
121000254,788,254,534
121000255,129,254,-125
121000256,346,180,166
121000257,46,115,-69
121000258,142,105,37
121000259,81,61,20
121000260,70,120,-50
121000261,116,62,54
121000262,1101,795,306
121000263,592,401,191
121000271,382,1457,-1075
121000273,73,8,65
121000274,9,57,-48
121000275,6,14,-8
121000276,9,31,-22
121000278,76,46,30
121000279,23,54,-31
121000280,43,48,-5
121000289,221,17,204
121000290,1271,1110,161
121000294,229,139,90
121000297,883,1288,-405
121000299,127,818,-691
121000300,1098,651,447
121000302,56,1189,-1133
121000303,553,420,133
121000304,578,68,510
121000305,232,64,168
121000306,139,125,14
121000308,167,381,-214
121000309,387,597,-210
121000310,97,368,-271
121000311,78,954,-876
121000312,478,343,135
121000313,399,592,-193
121000314,127,152,-25
121000315,39,115,-76
121000530,1983,1542,441
121000531,1905,1665,240
121000532,7486,9043,-1557
121000533,3851,4253,-402
121000918,37,170,-133
121000919,48,72,-24
121000938,133,155,-22
121000939,136,176,-40
121000956,1767,1248,519
121000957,8,27,-19
121000958,46,94,-48
121000959,931,745,186
121000960,1593,1855,-262
121000961,278,164,114
121000962,395,428,-33
121000973,2,187,-185
121000976,20,244,-224
121000979,702,229,473
121000981,406,244,162
121000982,533,299,234
121000983,512,375,137
121000984,40,79,-39
121000985,838,666,172
121000986,437,215,222
121000987,219,811,-592
121000988,949,137,812
121001302,326,141,185
121001308,2,34,-32
121001309,55,129,-74
121001311,0,0,0
121001313,260,290,-30
121001314,2073,2614,-541
121001315,5977,3692,2285
121001318,0,0,0
121900001,112,220,-108
121900002,41,34,7
121900003,504,58,446
121900004,126,494,-368
121900005,21,8,13
121900006,145,38,107
121900007,2583,2247,336
121900008,820,747,73
121900009,747,42,705
121900010,251,4,247
121900011,353,521,-168
121900012,18,1,17
121900013,1221,100,1121
121900014,1597,373,1224
121900015,237,222,15
121900016,1,36,-35
121900017,703,513,190
121900018,451,12,439
121900019,639,277,362
121900020,20,0,20
121900021,1028,15,1013
121900022,351,258,93
121900023,192,491,-299
121900024,479,82,397
121900025,719,523,196
121900026,455,53,402
121900027,551,286,265
121900028,290,26,264
121900029,152,368,-216
121900030,580,663,-83
121900031,1171,7508,-6337
121900032,144,96,48
121900033,250,305,-55
121900034,339,95,244
121900035,3693,2740,953
121900036,80,333,-253
121900037,214,1501,-1287
121900038,43,178,-135
121900039,416,86,330
121900040,141,168,-27
121900041,142,267,-125
121900042,572,193,379
121900043,2,9,-7
121900044,167,58,109
121900046,296,416,-120
121900047,273,75,198
121900048,70,108,-38
121900050,53,72,-19
121900051,258,227,31
121900052,261,53,208
121900053,727,435,292
121900054,673,1062,-389
121900055,4,20,-16
121900058,293,168,125
121900059,507,200,307
121900060,231,473,-242
121900061,271,231,40
121900062,191,188,3
121900063,2049,569,1480
121900064,346,648,-302
121900066,83,45,38
121900067,55,52,3
121900069,250,203,47
121900070,325,197,128
121900071,419,294,125
121900072,67,135,-68
121900073,332,331,1
121900074,1034,1319,-285
121900075,525,715,-190
121900076,528,678,-150
121900077,20,23,-3
121900078,97,56,41
121900079,0,0,0
121900080,1031,489,542
121900082,78,90,-12
121900084,38,129,-91
121900085,3,8,-5
121900086,22,87,-65
121900087,284,154,130
121900088,2356,3808,-1452
121900089,228,290,-62
121900090,82,107,-25
121900091,68,103,-35
121900092,104,217,-113
121900093,97,97,0
121900094,28,9,19
121900095,359,215,144
121900096,1457,1082,375
121900097,734,252,482
121900098,11,7,4
121900099,307,96,211
121900100,278,611,-333
121900101,200,139,61
121900102,6,172,-166
121900103,540,373,167
121900104,1919,313,1606
121900105,373,273,100
121900106,9,11,-2
121900107,62,39,23
121900108,3,21,-18
121900109,350,201,149
121900110,659,826,-167
121900111,923,300,623
121900112,174,209,-35
121900113,100,487,-387
121900114,86,70,16
121900117,310,204,106
121900118,2193,694,1499
121900119,292,146,146
121900120,68,1424,-1356
121900121,532,61,471
121900122,40,68,-28
121900123,372,489,-117
121900124,218,189,29
121900125,2311,1379,932
121900127,23,139,-116
121900128,140,110,30
121900129,661,240,421
121900130,134,241,-107
121900131,341,131,210
121900132,85,127,-42
121900133,59,1215,-1156
121900134,39,282,-243
121900135,4315,706,3609
121900136,531,404,127
121900137,86,391,-305
121900138,116,192,-76
121900139,367,765,-398
121900140,93,227,-134
121900141,98,93,5
121900142,271,183,88
121900143,24,199,-175
121900144,200,360,-160
121900145,293,431,-138
121900146,739,844,-105
121900147,65,197,-132
121900148,210,373,-163
121900149,480,582,-102
121900150,47,173,-126
121900151,118,274,-156
121900152,125,142,-17
121900153,119,964,-845
121900154,23,302,-279
121900155,8,234,-226
121900156,240,165,75
121900157,3,419,-416
121900158,87,131,-44
121900159,2,282,-280
121900160,34,283,-249
121900161,427,465,-38
121900162,113,240,-127
121900163,331,481,-150
121900164,434,260,174
121900165,328,216,112
121900166,218,177,41
121900167,94,196,-102
121900168,150,223,-73
121900169,6,191,-185
121900170,13,220,-207
121900171,1046,791,255
121900172,719,258,461
121900173,965,294,671
121900174,62,91,-29
121900175,261,382,-121
121900176,658,1515,-857
121900177,321,102,219
121900178,48,56,-8
121900179,785,304,481
121900180,3769,5296,-1527
121900182,1180,901,279
121900183,652,1777,-1125
121900184,105,875,-770
121900186,19,582,-563
121900187,52,221,-169
121900188,813,503,310
121900189,42,142,-100
121900190,275,517,-242
121900191,186,283,-97
121900192,393,1158,-765
121900193,71,177,-106
121900194,15,488,-473
121900195,90,104,-14
121900196,1040,1157,-117
121900197,389,1448,-1059
121900198,1492,1259,233
121900199,4,45,-41
121900200,103,289,-186
121900201,1181,928,253
121900202,148,795,-647
121900203,329,1278,-949
121900204,926,1382,-456
121900205,11,74,-63
121900206,30,56,-26
121900207,192,43,149
121900208,248,1532,-1284
121900209,75,59,16
121900210,1734,1130,604
121900211,38,110,-72
121900212,162,313,-151
121900213,252,108,144
121900214,19,559,-540
121900215,54,111,-57
121900216,60,392,-332
121900217,351,209,142
121900218,228,448,-220
121900220,154,17,137
121900221,1246,740,506
121900222,196,165,31
121900223,241,64,177
121900224,131,70,61
121900225,159,158,1
121900226,389,436,-47
121900227,433,711,-278
121900228,248,288,-40
121900230,94,454,-360
121900231,267,2620,-2353
121900232,288,501,-213
121900233,480,268,212
121900234,360,259,101
121900235,626,171,455
121900236,487,173,314
121900237,227,381,-154
121900238,240,409,-169
121900239,232,57,175
121900240,326,155,171
121900241,64,79,-15
121900242,8,0,8
121900243,14,0,14
121900244,29,3,26
121900245,233,51,182
121900246,2934,386,2548
121900247,512,314,198
121900248,1941,1910,31
121900250,342,460,-118
121900251,683,42,641
121900252,769,151,618
121900253,117,864,-747
121900254,463,361,102
121900255,527,124,403
121900258,4592,2346,2246
121900259,450,700,-250
121900260,189,136,53
121900261,198,683,-485
121900262,408,1108,-700
121900263,340,307,33
121900264,1820,1493,327
121900265,397,285,112
121900266,612,162,450
121900267,79,58,21
121900269,292,848,-556
121900270,40,259,-219
121900271,76,203,-127
121900273,611,2145,-1534
121900274,355,279,76
121900277,602,1547,-945
121900278,133,1118,-985
121900279,194,260,-66
121900280,154,494,-340
121900281,340,522,-182
121900284,123,19,104
121900286,158,151,7
121900287,25,38,-13
121900288,3,1,2
121900290,399,482,-83
121900291,456,785,-329
121900292,188,196,-8
121900293,1123,2965,-1842
121900294,386,7,379
121900295,179,262,-83
121900296,61,287,-226
121900298,324,887,-563
121900299,0,7,-7
121900300,121,6,115
121900301,81,5,76
121900302,4,31,-27
121900303,324,525,-201
121900304,3,15,-12
121900305,6,12,-6
121900306,275,3,272
121900307,115,19,96
121900308,63,240,-177
121900309,18,224,-206
121900310,27,402,-375
121900311,593,20,573
121900312,546,14,532
121900313,412,32,380
121900314,7,65,-58
121900315,30,0,30
121900316,0,11,-11
121900317,27,3,24
121900318,5,14,-9
121900319,81,184,-103
121900320,47,36,11
121900321,21,2,19
121900322,0,11,-11
121900323,32,35,-3
121900324,4,49,-45
121900325,34,7,27
121900326,2,20,-18
121900327,6,43,-37
121900328,3,35,-32
121900329,1,139,-138
121900330,0,15,-15
121900331,126,88,38
121900332,122,34,88
121900333,24,0,24
121900334,3,1,2
122000001,2429,5679,-3250
122000002,4010,1813,2197
122000003,2342,3300,-958
122000004,3287,1889,1398
122000005,2861,2419,442
122000006,1716,1166,550
122000007,1183,1803,-620
122000008,3266,4951,-1685
122000009,512,484,28
122000010,2454,3289,-835
122000011,3634,1817,1817
122000012,1081,1987,-906
122000013,1277,1094,183
122000014,2071,1197,874
122000015,1462,1201,261
122000016,659,847,-188
122000017,1416,1206,210
122000018,1634,1603,31
122000019,897,1128,-231
122000020,231,266,-35
122000021,276,540,-264
122000022,1331,997,334
122000023,789,1697,-908
122000024,754,1537,-783
122000025,899,2145,-1246
122000026,860,1482,-622
122000027,627,1951,-1324
122000028,1058,541,517
122000029,561,680,-119
122000030,253,177,76
122000031,195,360,-165
122000032,1985,1912,73
122000033,802,1632,-830
122000034,730,784,-54
122000035,378,768,-390
122000036,701,560,141
122000037,436,308,128
122000038,281,398,-117
122000039,569,446,123
122000040,276,383,-107
122000041,661,683,-22
122000042,430,477,-47
122000043,130,135,-5
122000044,116,157,-41
122000045,1418,527,891
122000046,953,754,199
122000047,250,289,-39
122000048,3795,5299,-1504
122000049,6452,3913,2539
122000050,1528,978,550
122000051,314,367,-53
122000052,571,511,60
122000053,209,1036,-827
122000054,2652,2241,411
122000055,2456,3545,-1089
122000056,4732,3691,1041
122000057,3660,4129,-469
122000058,2124,1824,300
122000059,2792,2490,302
122000060,619,922,-303
122000061,550,705,-155
122000062,838,343,495
122000063,1246,832,414
122000064,3539,3751,-212
122000065,3712,2761,951
122000066,1111,1350,-239
122000067,1820,1440,380
122000068,1982,1296,686
122000069,864,861,3
122000070,908,1483,-575
122000071,1990,1348,642
122000072,479,639,-160
122000073,350,970,-620
122000074,3239,1879,1360
122000075,846,1398,-552
122000076,3541,1423,2118
122000077,1084,1213,-129
122000078,1769,3134,-1365
122000079,904,1530,-626
122000080,832,543,289
122000081,234,269,-35
122000082,590,1140,-550
122000083,2258,1673,585
122000084,2284,1185,1099
122000085,309,1191,-882
122000086,2765,7149,-4384
122000087,559,460,99
122000088,421,747,-326
122000089,5862,2889,2973
122000090,299,640,-341
122000091,168,136,32
122000092,116,68,48
122000093,1869,2936,-1067
122000094,6424,4272,2152
122000095,3234,6682,-3448
122000096,2634,2403,231
122000098,3709,3546,163
122000099,1703,897,806
122000100,988,670,318
122000101,449,691,-242
122000102,2585,1366,1219
122000103,2412,2032,380
122000104,517,225,292
122000105,532,309,223
122000106,517,817,-300
122000107,1221,553,668
122000108,603,898,-295
122000109,525,386,139
122000110,602,643,-41
122000111,3112,1541,1571
122000112,1255,1470,-215
122000113,776,743,33
122000114,3200,1749,1451
122000115,2016,1414,602
122000116,688,701,-13
122000117,1846,581,1265
122000118,860,964,-104
122000119,4059,3308,751
122000120,2548,5324,-2776
122000121,2325,3510,-1185
122000122,742,1933,-1191
122000123,2008,2050,-42
122000124,1348,699,649
122000125,906,990,-84
122000126,682,1292,-610
122000127,1141,1344,-203
122000128,547,870,-323
122000129,601,1967,-1366
122000130,3818,1778,2040
122000131,1868,1410,458
122000132,580,748,-168
122000133,1135,1584,-449
122000134,1182,950,232
122000135,839,837,2
122000136,1066,789,277
122000137,2630,1043,1587
122000139,1411,5008,-3597
122000140,798,840,-42
122000141,4703,1536,3167
122000142,369,1284,-915
122000143,567,734,-167
122000144,1827,1470,357
122000145,2047,1120,927
122000146,1098,1706,-608
122000147,793,633,160
122000148,1701,3072,-1371
122000149,2625,1956,669
122000150,1384,1285,99
122000151,204,461,-257
122000152,479,413,66
122000153,412,340,72
122000154,274,268,6
122000155,1884,3121,-1237
122000156,2802,3183,-381
122000157,1406,2893,-1487
122000158,416,777,-361
122000159,908,1884,-976
122000160,4272,3207,1065
122000161,1723,1405,318
122000162,2635,2193,442
122000163,313,129,184
122000164,54,127,-73
122000165,797,707,90
122000166,801,1356,-555
122000167,332,300,32
122000168,232,644,-412
122000169,362,202,160
122000170,392,298,94
122000171,83,91,-8
122000172,2101,1565,536
122000173,1558,2518,-960
122000174,2478,1190,1288
122000175,985,365,620
122000176,405,1001,-596
122000177,1712,1744,-32
122000178,3215,2654,561
122000179,1963,2604,-641
122000180,1956,1546,410
122000181,1757,3605,-1848
122000182,1956,2366,-410
122000183,2560,1308,1252
122000184,3400,2970,430
122000185,1683,2179,-496
122000186,497,955,-458
122000187,2143,1164,979
122000188,550,294,256
122000189,350,368,-18
122000190,1154,1367,-213
122000191,946,968,-22
122000192,1379,445,934
122000193,540,931,-391
122000194,528,197,331
122000195,193,525,-332
122000196,1278,714,564
122000197,531,825,-294
122000198,568,1076,-508
122000199,374,405,-31
122000200,995,768,227
122000201,1534,1870,-336
122000202,1514,1743,-229
122000203,3499,1746,1753
122000204,1576,2134,-558
122000205,1384,1657,-273
122000206,2819,1282,1537
122000207,2210,1864,346
122000208,2435,1536,899
122000209,2047,391,1656
122000210,2591,1804,787
122000211,1608,1766,-158
122000212,892,600,292
122000213,1153,1465,-312
122000214,2399,1947,452
122000215,2684,1728,956
122000217,2213,1643,570
122000218,858,101,757
122000219,1395,1000,395
122000220,478,836,-358
122000221,110,474,-364
122000222,566,148,418
122000223,1564,603,961
122000225,948,304,644
122000226,2101,2260,-159
122000227,288,2555,-2267
122000228,448,461,-13
122000229,60,601,-541
122000230,283,550,-267
122000231,385,846,-461
122000232,635,990,-355
122000233,1,135,-134
122000234,496,62,434
122000235,601,166,435
122000236,1477,101,1376
122000237,136,85,51
122000238,680,469,211
122000239,722,232,490
122000240,1461,722,739
122000241,2434,657,1777
122000242,1027,197,830
122000243,422,78,344
122000244,94,493,-399
122000245,109,212,-103
122000246,449,221,228
122000247,688,700,-12
122000248,1342,1562,-220
122000249,1495,1047,448
122000250,3029,1358,1671
122000251,324,465,-141
122000252,617,143,474
122000253,100,282,-182
122000254,352,125,227
122000255,823,1538,-715
122000256,379,851,-472
122000257,208,277,-69
122000258,342,342,0
122000259,16,555,-539
122000260,5,59,-54
122000261,17,196,-179
122000262,3,53,-50
122000263,628,174,454
122000264,1956,333,1623
122000265,2978,983,1995
122000266,5178,758,4420
122000267,193,129,64
122000268,158,375,-217
122000269,1130,365,765
122000270,699,221,478
122000271,338,1113,-775
122000272,385,860,-475
122000273,502,376,126
122000274,302,220,82
122000275,90,233,-143
122000276,997,667,330
122000277,1661,2029,-368
122000278,2185,870,1315
122000279,274,469,-195
122000280,1132,765,367
122000281,1066,817,249
122000282,248,558,-310
122000283,257,230,27
122000284,219,122,97
122000285,377,120,257
122000286,77,180,-103
122000287,1486,1384,102
122000288,609,278,331
122000291,2425,754,1671
122000293,297,291,6
122000294,164,280,-116
122000295,1476,219,1257
122000296,28,555,-527
122000297,2888,3631,-743
122000299,815,450,365
122000300,633,651,-18
122000301,9663,3696,5967
122000302,784,2004,-1220
122000303,3202,1450,1752
122000304,113,251,-138
122000305,1411,355,1056
122000306,55,495,-440
122000307,139,140,-1
122000309,55,40,15
122000310,16,108,-92
122000311,140,136,4
122000312,118,181,-63
122000313,118,83,35
122000314,169,258,-89
122000315,370,87,283
122000316,1065,228,837
122000317,1719,290,1429
122000318,373,1055,-682
122000319,233,404,-171
122000320,297,1106,-809
122000321,141,187,-46
122000322,2283,2628,-345
122000323,1303,2619,-1316
122000324,1372,1470,-98
122000325,952,2164,-1212
122000326,126,109,17
122000327,571,916,-345
122000328,930,742,188
122000330,2564,1279,1285
122000332,226,393,-167
122000333,14,75,-61
122000337,1316,1257,59
122000338,579,366,213
122000340,394,686,-292
122000342,1815,1120,695
122000343,583,1260,-677
122000344,106,10,96
122000345,39,24,15
122000346,476,454,22
122000348,1001,828,173
122000349,128,882,-754
122000351,202,190,12
122000352,286,205,81
122000353,151,71,80
122000355,160,450,-290
122000356,1253,1275,-22
122000357,90,34,56
122000358,0,52,-52
122000359,0,31,-31
122000360,1,41,-40
122000362,9,72,-63
122000364,261,327,-66
122000365,4,41,-37
122000366,17,16,1
122000368,409,773,-364
122000370,30,49,-19
122000371,48,0,48
122000372,13,5,8
122000381,115,347,-232
122000382,128,252,-124
122000384,2585,1201,1384
122000385,82,0,82
122000386,369,1686,-1317
122000387,579,773,-194
122000388,1710,832,878
122000389,210,752,-542
122000390,387,301,86
122000391,408,272,136
122000392,231,244,-13
122000393,35,113,-78
122000394,575,239,336
122000395,186,137,49
122000396,338,107,231
122000397,51,59,-8
122000398,24,85,-61
122000399,201,88,113
122000400,103,692,-589
122000401,157,63,94
122000402,406,99,307
122000403,605,785,-180
122000404,257,271,-14
122000408,935,1282,-347
122000503,18,159,-141
122000524,213,207,6
122000544,102,2417,-2315
122000616,303,3,300
122000640,100,140,-40
122000641,187,275,-88
122000642,1395,1011,384
122000643,97,276,-179
122000644,261,82,179
122000645,101,173,-72
122000651,1405,1175,230
122000664,185,54,131
122000665,1551,607,944
122000666,918,1381,-463
122000673,31,214,-183
122000674,301,79,222
122000675,1970,725,1245
122000686,515,1112,-597
122000687,1648,357,1291
122000688,412,569,-157
122000689,1022,420,602
122000690,2566,427,2139
122000691,948,1486,-538
122000692,1921,497,1424
122000693,501,1938,-1437
122000695,339,368,-29
122000696,555,254,301
122000698,522,523,-1
122000699,183,121,62
122000701,1744,336,1408
122000702,486,1242,-756
122000703,180,67,113
122000717,133,62,71
122000718,450,1024,-574
122000719,107,99,8
122000720,692,229,463
122000724,186,34,152
122900001,40,10,30
122900002,1329,6067,-4738
122900003,509,29,480
122900004,2151,87,2064
122900005,112,149,-37
122900006,503,1167,-664
122900007,215,105,110
122900008,491,335,156
122900009,937,663,274
122900010,302,158,144
122900012,245,524,-279
122900014,162,222,-60
122900015,2084,1770,314
122900016,164,290,-126
122900017,401,1159,-758
122900018,202,20,182
122900019,13,150,-137
122900020,182,431,-249
122900021,54,439,-385
122900022,1177,968,209
122900023,674,256,418
122900024,128,107,21
122900025,9,417,-408
122900026,70,379,-309
122900027,67,630,-563
122900028,119,136,-17
122900029,4537,3196,1341
122900030,1105,675,430
122900031,62,438,-376
122900032,225,573,-348
122900033,225,158,67
122900034,4667,5571,-904
122900035,121,49,72
122900036,69,73,-4
122900037,412,212,200
122900038,125,3370,-3245
122900039,101,645,-544
122900040,260,610,-350
122900041,310,458,-148
122900042,173,326,-153
122900043,494,276,218
122900044,122,355,-233
122900045,137,141,-4
122900046,171,463,-292
122900047,144,222,-78
122900048,93,260,-167
122900049,1412,150,1262
122900051,121,186,-65
122900052,127,170,-43
122900053,49,39,10
122900055,643,95,548
122900057,290,85,205
122900061,578,223,355
122900062,740,737,3
122900063,193,304,-111
122900064,850,465,385
122900065,675,293,382
122900066,879,365,514
122900067,1258,764,494
122900068,227,437,-210
122900069,620,1524,-904
122900070,381,38,343
122900071,132,352,-220
122900072,18,484,-466
122900073,42,211,-169
122900074,1146,598,548
122900075,0,65,-65
122900076,12,167,-155
122900077,12,130,-118
122900078,277,67,210
122900080,39,55,-16
122900081,246,172,74
122900082,1012,390,622
122900083,218,175,43
122900084,7,260,-253
122900086,24,120,-96
122900087,338,447,-109
122900088,51,287,-236
122900089,62,314,-252
122900090,10,365,-355
122900091,379,2,377
122900092,1,205,-204
122900093,0,193,-193
122900094,4,182,-178
122900095,266,11,255
122900096,439,128,311
122900097,50,42,8
122900098,70,147,-77
122900099,75,23,52
122900100,211,467,-256
122900101,649,325,324
122900102,20,46,-26
122900103,184,21,163
122900104,280,14,266
122900105,42,19,23
122900106,4,74,-70
122900107,8,140,-132
122900108,3,151,-148
123000001,1286,471,815
123000002,3556,6443,-2887
123000003,4419,4585,-166
123000004,3066,4105,-1039
123000005,2967,3076,-109
123000006,2410,2406,4
123000007,4790,2840,1950
123000008,3182,3288,-106
123000009,4757,3141,1616
123000010,3418,3511,-93
123000011,2260,904,1356
123000012,837,2238,-1401
123000013,4165,1074,3091
123000014,932,3602,-2670
123000015,3583,1262,2321
123000016,4686,4889,-203
123000017,4239,2058,2181
123000018,143,121,22
123000019,489,190,299
123000020,289,58,231
123000021,209,244,-35
123000022,439,1795,-1356
123000023,2190,2119,71
123000024,1898,938,960
123000025,162,112,50
123000026,20,99,-79
123000027,117,873,-756
123000028,1415,1719,-304
123000029,728,1883,-1155
123000030,300,276,24
123000031,434,281,153
123000032,597,171,426
123000033,306,104,202
123000034,1250,853,397
123000035,481,489,-8
123000036,272,956,-684
123000037,313,284,29
123000038,87,275,-188
123000039,540,2038,-1498
123000040,857,335,522
123000041,1225,1419,-194
123000042,785,629,156
123000043,3407,12912,-9505
123000044,4747,2970,1777
123000045,7477,3984,3493
123000046,858,1937,-1079
123000047,2042,1405,637
123000048,99,1103,-1004
123000049,7174,11628,-4454
123000050,1964,1794,170
123000051,161,216,-55
123000052,960,3949,-2989
123000053,3152,3567,-415
123000054,2025,2076,-51
123000055,1697,3069,-1372
123000056,1265,2077,-812
123000057,10522,8881,1641
123000058,788,1394,-606
123000059,492,620,-128
123000060,1138,443,695
123000061,273,655,-382
123000063,960,987,-27
123000064,1232,415,817
123000065,4671,3282,1389
123000066,885,671,214
123000067,1254,778,476
123000068,3177,3234,-57
123000069,7013,3238,3775
123000070,349,664,-315
123000071,1458,967,491
123000072,1320,860,460
123000073,1765,824,941
123000074,1364,1175,189
123000075,634,1385,-751
123000076,881,707,174
123000077,2275,2442,-167
123000078,2048,1561,487
123000079,2078,2002,76
123000080,2567,1690,877
123000081,261,425,-164
123000082,420,1110,-690
123000083,1200,280,920
123000084,916,582,334
123000085,430,107,323
123000086,817,162,655
123000087,549,372,177
123000088,1695,799,896
123000089,690,1077,-387
123000090,1291,942,349
123000091,1668,1399,269
123000092,1107,1262,-155
123000094,674,229,445
123000095,656,723,-67
123000096,876,390,486
123000097,625,710,-85
123000098,998,621,377
123000099,682,761,-79
123000100,478,786,-308
123000101,657,747,-90
123000102,603,734,-131
123000104,471,577,-106
123000105,645,572,73
123000106,603,520,83
123000107,456,494,-38
123000108,650,1407,-757
123000111,1139,388,751
123000112,1507,546,961
123000113,696,1261,-565
123000114,449,673,-224
123000115,320,338,-18
123000116,64,165,-101
123000117,1938,1834,104
123000118,626,883,-257
123000119,288,815,-527
123000120,400,735,-335
123000121,560,560,0
123000122,384,228,156
123000123,508,574,-66
123000124,505,436,69
123000125,1443,1609,-166
123000126,1455,5381,-3926
123000127,784,723,61
123000128,372,391,-19
123000129,970,266,704
123000130,816,100,716
123000131,1140,925,215
123000132,420,715,-295
123000133,346,410,-64
123000134,459,174,285
123000135,3041,1193,1848
123000136,240,699,-459
123000137,121,298,-177
123000138,95,446,-351
123000139,751,116,635
123000140,135,764,-629
123000141,1057,150,907
123000142,1255,1152,103
123000143,1017,1953,-936
123000144,45,48,-3
123000145,301,225,76
123000146,50,96,-46
123000147,108,118,-10
123000149,449,482,-33
123000150,161,339,-178
123000151,262,566,-304
123000152,128,530,-402
123000153,285,891,-606
123000154,1898,2589,-691
123000155,2539,1551,988
123000156,47,138,-91
123000157,741,877,-136
123000158,701,829,-128
123000159,4055,3378,677
123000160,1149,898,251
123000161,2087,1394,693
123000162,1389,1856,-467
123000163,662,125,537
123000164,1823,352,1471
123000165,502,1478,-976
123000166,44,122,-78
123000167,264,346,-82
123000168,338,221,117
123000169,978,174,804
123000170,159,122,37
123000171,935,13,922
123000172,200,568,-368
123000173,816,288,528
123000174,1348,486,862
123000175,621,1191,-570
123000176,1370,321,1049
123000177,318,1001,-683
123000178,934,193,741
123000179,77,583,-506
123000180,2120,352,1768
123000181,357,1238,-881
123000182,377,433,-56
123000183,194,580,-386
123000184,109,554,-445
123000185,1144,340,804
123000186,2,488,-486
123000187,625,3,622
123000188,180,1,179
123000189,212,174,38
123000190,93,84,9
123000192,22,401,-379
123000193,83,771,-688
123000194,473,350,123
123000195,453,40,413
123000196,425,28,397
123000197,66,98,-32
123000198,50,498,-448
123000199,17,776,-759
123000200,736,13,723
123000201,1336,27,1309
123000202,21,979,-958
123000203,1188,85,1103
123000204,73,927,-854
123000205,572,1474,-902
123000206,2761,321,2440
123000207,104,794,-690
123000208,652,251,401
123000209,2672,697,1975
123000210,503,1889,-1386
123000211,606,2261,-1655
123000212,3953,585,3368
123000213,775,92,683
123000215,171,299,-128
123000216,150,1047,-897
123000217,255,39,216
123000218,79,779,-700
123000219,855,89,766
123000220,593,104,489
123000221,196,153,43
123000222,465,400,65
123000223,489,300,189
123000224,501,442,59
123000225,344,88,256
123000226,111,401,-290
123000227,85,297,-212
123000228,353,57,296
123000229,906,1473,-567
123000232,97,534,-437
123000233,882,155,727
123000234,165,579,-414
123000235,1408,311,1097
123000236,372,781,-409
123000237,337,99,238
123000238,82,545,-463
123000239,445,1281,-836
123000240,70,569,-499
123000241,406,97,309
123000242,247,240,7
123000243,762,900,-138
123000244,925,796,129
123000245,55,171,-116
123000249,793,610,183
123000252,1119,340,779
123000253,1630,595,1035
123000254,756,983,-227
123000255,1404,998,406
123000256,36,289,-253
123000257,2822,1930,892
123000258,1193,881,312
123000259,559,448,111
123000260,590,432,158
123000261,306,131,175
123000262,110,165,-55
123000263,530,117,413
123000264,262,93,169
123000265,72,153,-81
123000266,670,704,-34
123000267,905,434,471
123000268,64,89,-25
123000269,78,88,-10
123000270,35,78,-43
123000271,63,84,-21
123000272,870,284,586
123000273,317,753,-436
123000274,1445,684,761
123000275,335,934,-599
123000278,2930,2801,129
123000279,182,101,81
123000280,337,352,-15
123000281,350,122,228
123000282,122,300,-178
123000283,194,61,133
123000284,98,66,32
123000286,241,465,-224
123000287,543,330,213
123000288,1435,1106,329
123000289,453,1334,-881
123000291,250,1030,-780
123000294,182,259,-77
123000295,980,988,-8
123000296,668,407,261
123000297,857,487,370
123000298,921,468,453
123000299,94,229,-135
123000300,1298,986,312
123000301,202,356,-154
123000302,176,166,10
123000303,191,306,-115
123000305,985,935,50
123000306,194,129,65
123000309,86,63,23
123000310,57,68,-11
123000311,0,63,-63
123000312,646,678,-32
123000313,739,395,344
123000315,337,293,44
123000316,1054,105,949
123000317,254,76,178
123000318,79,232,-153
123000329,16,9,7
123000337,878,319,559
123000338,431,152,279
123000339,313,109,204
123000340,166,368,-202
123000342,14,60,-46
123000343,53,5,48
123000344,1063,398,665
123000345,434,665,-231
123000346,458,54,404
123000352,1342,985,357
123000353,61,143,-82
123000354,278,25,253
123000355,1,253,-252
123000356,477,24,453
123000357,2,138,-136
123000359,5,134,-129
123000360,253,109,144
123000361,202,339,-137
123000362,476,90,386
123000363,112,192,-80
123000364,632,631,1
123000365,15,425,-410
123000366,430,2193,-1763
123000367,302,1066,-764
123000370,35,391,-356
123000371,555,78,477
123000372,462,37,425
123000373,13,414,-401
123000374,13,196,-183
123000375,371,44,327
123000376,1167,803,364
123000377,468,18,450
123000378,17,281,-264
123000379,5,219,-214
123000380,37,488,-451
123000381,166,101,65
123000382,1179,151,1028
123000383,202,1560,-1358
123000384,530,146,384
123000385,217,596,-379
123000436,70,1369,-1299
123000507,109,195,-86
123000508,213,1315,-1102
123000517,297,37,260
123000518,33,230,-197
123000519,178,59,119
123000520,61,180,-119
123000521,410,92,318
123000522,146,300,-154
123000541,14,3,11
123000542,0,12,-12
123000565,878,50,828
123000566,341,450,-109
123000567,94,188,-94
123000573,38,762,-724
123000574,942,94,848
123000575,1679,1163,516
123000576,1202,1271,-69
123000577,102,763,-661
123000578,624,89,535
123000579,2172,6631,-4459
123000580,135,64,71
123000582,598,38,560
123000583,41,357,-316
123000584,264,356,-92
123000585,0,78,-78
123000586,126,2,124
123000596,95,89,6
123000597,75,148,-73
123000602,73,13,60
123000603,1197,686,511
123000604,600,641,-41
123000605,837,133,704
123000606,3,447,-444
123000609,16,348,-332
123000610,198,152,46
123000613,30,172,-142
123000614,342,71,271
123000615,45,74,-29
123000616,960,64,896
123000617,122,327,-205
123000618,80,702,-622
123000619,630,62,568
123000620,23,428,-405
123000622,531,23,508
123000624,201,48,153
123000630,1366,586,780
123000631,337,1062,-725
123000632,786,858,-72
123000633,0,177,-177
123000634,102,191,-89
123000635,137,115,22
123000636,61,741,-680
123000637,245,81,164
123000638,574,55,519
123000639,1174,5449,-4275
123000640,18,652,-634
123000648,369,109,260
123000649,31,422,-391
123900001,1355,64,1291
123900002,27,1508,-1481
123900003,221,493,-272
123900005,313,233,80
123900006,303,43,260
124000001,2259,219,2040
124000002,99,1745,-1646
124000003,1110,182,928
124000004,96,562,-466
124000005,1347,529,818
124000006,246,1051,-805
124000007,422,135,287
124000008,9,454,-445
124000009,721,283,438
124000010,296,357,-61
124000011,1096,360,736
124000012,317,540,-223
124000017,263,131,132
124000018,125,85,40
124000019,156,113,43
124000020,43,161,-118
124000021,126,113,13
124000022,125,200,-75
124000023,1524,1760,-236
124000024,1092,476,616
124000025,1264,2105,-841
124000026,1164,1030,134
124000027,5630,6011,-381
124000028,1996,4237,-2241
124000030,2806,1537,1269
124000031,1417,4263,-2846
124000032,2265,850,1415
124000033,664,440,224
124000034,1030,700,330
124000035,351,301,50
124000036,162,447,-285
124000037,722,1393,-671
124000038,49,152,-103
124000039,952,535,417
124000040,566,1194,-628
124000041,543,100,443
124000042,145,504,-359
124000043,160,95,65
124000044,108,210,-102
124000045,980,534,446
124000046,340,713,-373
124000047,2094,853,1241
124000048,1095,1336,-241
124000049,2044,769,1275
124000050,935,1663,-728
124000051,1275,725,550
124000052,714,841,-127
124000053,656,1700,-1044
124000054,1057,511,546
124000055,1504,3121,-1617
124000056,2266,1293,973
124000057,1220,654,566
124000058,439,1024,-585
124000059,964,1569,-605
124000060,1173,619,554
124000061,1657,6629,-4972
124000062,5494,1955,3539
124000063,1258,1588,-330
124000064,2169,1219,950
124000065,108,463,-355
124000066,173,68,105
124000067,264,136,128
124000068,79,154,-75
124000069,853,200,653
124000070,322,507,-185
124000071,412,91,321
124000072,220,497,-277
124000073,1193,184,1009
124000074,257,773,-516
124000075,389,32,357
124000076,24,215,-191
124000077,1350,1376,-26
124000078,2586,1402,1184
124000079,449,1777,-1328
124000080,819,236,583
124000081,315,666,-351
124000082,83,124,-41
124000083,61,84,-23
124000084,82,572,-490
124000085,65,61,4
124000086,80,128,-48
124000087,335,160,175
124000088,479,720,-241
124000089,1122,359,763
124000090,171,410,-239
124000091,654,128,526
124000092,161,649,-488
124000093,142,105,37
124000094,231,631,-400
124000095,164,75,89
124000096,216,293,-77
124000097,149,153,-4
124000098,51,91,-40
124000099,351,147,204
124000100,66,158,-92
124000101,117,137,-20
124000102,102,57,45
124000103,147,145,2
124000104,100,41,59
124000105,110,129,-19
124000106,153,40,113
124000107,31,198,-167
124000108,46,20,26
124000109,200,120,80
124000110,188,81,107
124000111,300,171,129
124000112,827,596,231
124000113,120,116,4
124000114,314,430,-116
124000115,405,734,-329
124000116,145,218,-73
124000117,67,89,-22
124000118,55,123,-68
124000119,1176,656,520
124000120,750,513,237
124000121,1350,731,619
124000122,671,1254,-583
124000123,1091,516,575
124000124,511,1102,-591
124000125,595,570,25
124000126,420,657,-237
124000127,1100,395,705
124000128,673,945,-272
124000129,2630,1646,984
124000130,996,600,396
124000131,975,757,218
124000132,975,785,190
124000133,1178,1056,122
124000134,1147,678,469
124000135,2179,2143,36
124000136,1043,1039,4
124000137,1793,1301,492
124000138,2069,1474,595
124000139,641,35,606
124000140,38,457,-419
124000141,166,13,153
124000142,14,199,-185
124000143,71,15,56
124000144,15,56,-41
124000145,173,49,124
124000146,73,81,-8
124000148,28,89,-61
124000149,1310,515,795
124000150,377,703,-326
124000151,1125,487,638
124000152,968,1277,-309
124000153,1080,1034,46
124000154,692,940,-248
124000155,1823,1013,810
124000156,1687,1235,452
124000169,318,599,-281
124000170,503,574,-71
124000171,341,306,35
124000172,372,481,-109
124000173,605,244,361
124000174,404,555,-151
124000175,18,171,-153
124000176,67,10,57
124000177,10,57,-47
124000178,82,61,21
124000190,115,110,5
124000191,142,197,-55
124000192,1675,375,1300
124000193,394,1035,-641
124000194,497,431,66
124000195,395,743,-348
124000196,896,921,-25
124000197,33,36,-3
124000198,53,86,-33
124000201,314,860,-546
124000202,763,315,448
124000203,669,502,167
124000204,1136,365,771
124000205,111,393,-282
124000206,850,330,520
124000207,2,39,-37
124000209,232,331,-99
124000210,668,256,412
124000211,907,4,903
124000212,2,375,-373
124000213,606,274,332
124000214,479,579,-100
124000215,469,27,442
124000216,8,301,-293
124000329,164,1397,-1233
124000338,160,736,-576
124000339,1389,149,1240
124000341,1871,161,1710
124000344,26,2,24
124000357,1283,2686,-1403
124000358,1014,1553,-539
124000359,1397,762,635
124000360,989,503,486
124000361,2138,877,1261
124000362,1141,1626,-485
124000363,248,371,-123
124000364,498,699,-201
124000365,629,994,-365
124000366,1408,860,548
124000367,98,479,-381
124000368,521,525,-4
124000369,209,111,98
124000370,104,553,-449
124000402,34,12,22
124000403,204,35,169
124000404,34,114,-80
124000405,1375,952,423
124000406,870,847,23
124000407,4,32,-28
124000411,8,360,-352
124000412,578,18,560
124000413,164,35,129
124000414,98,114,-16
124000415,65,98,-33
124000416,137,184,-47
124000417,254,122,132
124000418,273,112,161
124000419,119,104,15
124000420,132,86,46
124000421,67,125,-58
124000422,43,21,22
124000423,141,39,102
124000424,1,63,-62
124000425,110,30,80
124000426,18,58,-40
124000427,58,18,40
124000428,15,84,-69
124000429,90,55,35
124000430,815,585,230
124000431,260,539,-279
124000432,253,643,-390
124000439,8,14,-6
124000443,2,13,-11
124000445,202,1316,-1114
124000446,1225,171,1054
124900001,654,491,163
124900002,170,328,-158
124900003,1468,691,777
124900004,952,379,573
124900005,332,158,174
124900006,907,380,527
124900008,1399,622,777
124900009,253,454,-201
124900010,315,154,161
124900011,756,294,462
124900012,498,79,419
124900013,608,134,474
124900014,326,75,251
124900015,205,426,-221
124900016,92,120,-28
124900017,529,2065,-1536
124900018,63,3,60
124900020,109,83,26
124900021,387,51,336
124900022,47,3,44
124900024,332,7,325
124900026,123,21,102
124900027,154,659,-505
124900028,578,118,460
124900029,28,627,-599
124900030,13,130,-117
124900031,49,370,-321
124900032,275,298,-23
124900033,142,323,-181
124900034,15,155,-140
124900035,228,453,-225
124900036,11,144,-133
124900037,257,307,-50
124900038,292,352,-60
124900039,0,96,-96
124900040,168,94,74
124900041,306,932,-626
124900042,90,5,85
124900043,630,852,-222
124900044,81,2,79
124900045,806,1196,-390
124900046,1014,348,666
124900047,183,223,-40
124900048,224,101,123
124900050,185,195,-10
124900052,99,461,-362
124900053,103,358,-255
124900054,1619,492,1127
124900055,1,167,-166
124900057,4,47,-43
124900060,69,201,-132
124900061,147,11,136
124900062,269,33,236
124900066,0,23,-23
124900067,8,159,-151
124900068,314,686,-372
124900070,72,43,29
124900072,147,38,109
124900075,335,262,73
124900076,33,1377,-1344
124900077,30,126,-96
124900078,114,16,98
124900079,490,183,307
124900080,364,519,-155
124900081,1321,353,968
124900082,404,731,-327
124900083,265,479,-214
124900085,1063,667,396
124900086,90,1812,-1722
124900087,705,160,545
124900088,654,136,518
124900089,1170,22,1148
124900090,438,302,136
124900091,367,312,55
124900092,291,252,39
124900093,383,229,154
124900094,509,270,239
124900095,122,557,-435
124900096,697,240,457
124900097,443,75,368
124900098,187,347,-160
124900099,603,575,28
124900100,400,66,334
124900101,105,678,-573
124900102,297,26,271
124900103,196,208,-12
124900104,75,170,-95
124900105,170,113,57
124900106,512,66,446
124900107,202,24,178
124900108,204,133,71
124900111,2,89,-87
124900112,62,518,-456
124900113,191,319,-128
124900114,172,207,-35
124900115,148,36,112
124900116,270,218,52
124900117,337,249,88
124900118,145,415,-270
124900119,442,182,260
124900120,75,404,-329
124900121,161,492,-331
124900122,357,315,42
124900123,237,159,78
124900124,164,327,-163
204000001,112,7,105
204000002,23,4,19
204000003,28,4,24
204000004,8,2,6
204000005,731,563,168
204000006,1415,1293,122
204000011,11,38,-27
204000012,56,93,-37
204000019,711,476,235
204000020,870,679,191
204000021,1907,995,912
204000022,596,528,68
204000023,658,599,59
204000031,78,9,69
204000032,404,63,341
204000034,25,162,-137
204000035,0,2,-2
204000036,4,21,-17
204000037,0,16,-16
204000038,0,7,-7
204000039,8,19,-11
204000040,5,16,-11
204000041,9,29,-20
204000042,56,16,40
204000043,52,12,40
204000044,39,7,32
204000045,72,5,67
204000046,17,2,15
204000057,5,34,-29
204000062,32,38,-6
204000068,24,255,-231
204000069,92,476,-384
204000070,98,114,-16
204000080,65,46,19
204000085,2080,1337,743
204000086,2391,1718,673
204000087,55,9,46
204000088,6,81,-75
204000090,24,283,-259
204000093,495,82,413
204000096,1016,1001,15
204000097,510,9,501
204000099,1099,1648,-549
204000100,1568,1918,-350
204000105,2086,1275,811
204000110,730,1122,-392
204000111,512,600,-88
204000112,898,1257,-359
204000113,500,899,-399
204000114,918,930,-12
204000115,744,439,305
204000116,1478,971,507
204000119,2080,2841,-761
204000132,924,509,415
204000133,1124,310,814
204000134,427,160,267
204000135,862,146,716
204000136,755,231,524
204000138,480,736,-256
204000140,272,189,83
204000141,225,103,122
204000144,4,18,-14
204000145,696,36,660
204000146,34,369,-335
204000147,34,168,-134
204000148,438,23,415
204000154,12,7,5
204000155,6,9,-3
204000177,81,53,28
204000179,31,1,30
204000180,0,19,-19
204000222,7,12,-5
204000235,18,14,4
204000236,82,276,-194
204000238,39,33,6
204000240,391,56,335
204000263,592,888,-296
204000268,1020,833,187
204000308,166,23,143
204000317,8,102,-94
204000322,14,48,-34
204000323,26,6,20
204000328,261,38,223
204000329,46,126,-80
204000330,244,15,229
204000331,26,139,-113
204010341,26,221,-195
205000001,963,1683,-720
205000013,6,42,-36
205000014,34,107,-73
205000015,26,182,-156
205000016,21,149,-128
205000017,25,102,-77
205000022,310,771,-461
205000025,1102,1171,-69
205000029,303,19,284
205000045,148,478,-330
205000046,141,583,-442
205000047,73,689,-616
205000048,366,820,-454
205000049,225,681,-456
205000050,946,268,678
205000059,0,211,-211
205000060,0,98,-98
205000061,7,110,-103
205000062,2,104,-102
205000063,25,148,-123
205000064,11,91,-80
205000065,62,455,-393
205000066,125,606,-481
205000067,30,759,-729
205000069,188,18,170
205000082,182,163,19
205000110,84,256,-172
205000111,222,231,-9
205000112,212,226,-14
205000113,207,378,-171
205000121,305,55,250
205000123,33,208,-175
205000126,549,85,464
205000127,911,129,782
205000128,429,63,366
205000129,728,69,659
205000130,166,19,147
205000131,89,13,76
205000132,146,3,143
205000133,78,0,78
205000134,373,0,373
205000137,85,184,-99
205000138,167,347,-180
205000139,29,140,-111
205000144,110,72,38
205000145,489,191,298
205000151,188,34,154
205000152,177,26,151
205000153,278,30,248
205000154,136,47,89
205000155,103,8,95
205000207,12,168,-156
205000233,35,0,35
205000234,0,2,-2
205000243,1,1,0
205000244,0,5,-5
205000245,11,160,-149
205000249,1,25,-24
205000250,5,2,3
205000264,3,86,-83
206000027,7,6,1
206000028,9,5,4
206000043,6,46,-40
206000053,3,12,-9
206000054,0,12,-12
206000055,2,17,-15
206000075,13,52,-39
206000076,26,25,1
206000077,16,19,-3
206000078,19,8,11
206000079,21,12,9
206000082,540,65,475
206000100,23,482,-459
206000103,7,11,-4
206000104,17,25,-8
206000105,2,12,-10
206000106,13,14,-1
206000108,639,52,587
206000125,69,0,69
206000157,63,514,-451
206000170,0,153,-153
206000171,1,142,-141
206000172,13,315,-302
206000173,0,147,-147
206000174,18,54,-36
206000175,7,81,-74
206000176,14,183,-169
206000177,0,146,-146
206000178,1,167,-166
206000179,7,113,-106
206000180,14,122,-108
206000181,2,120,-118
206000182,4,103,-99
206000183,12,433,-421
206000184,2,233,-231
206000185,5,143,-138
206000186,101,622,-521
206000223,5,215,-210
206000226,26,10,16
206000227,20,7,13
206000237,28,228,-200
206000238,38,399,-361
206000239,244,1573,-1329
206000240,1,45,-44
206000241,0,53,-53
206000242,12,181,-169
206000243,7,127,-120
206000244,52,389,-337
206000245,1014,67,947
206000246,300,8,292
206000247,323,8,315
206000248,510,23,487
206000252,43,47,-4
206000258,31,71,-40
206000315,39,1,38
206000317,691,118,573
206000318,625,73,552
206000319,2032,129,1903
206000320,311,37,274
206000321,285,20,265
206000322,637,14,623
206000323,211,9,202
206000324,241,6,235
206000325,288,21,267
206000326,184,14,170
206000327,149,8,141
206000328,211,12,199
206000329,393,11,382
206000330,70,6,64
206000331,292,5,287
206000332,59,1,58
206000333,811,4,807
206000334,353,3,350
206000335,0,26,-26
206000361,5,164,-159
206000392,2,24,-22
206000405,175,2,173
206000441,41,26,15
206000498,45,6,39
206000515,75,53,22
206000530,348,79,269
206000531,272,281,-9
206000532,1986,414,1572
206000535,227,1549,-1322
206000536,9,137,-128
206000537,16,159,-143
206000613,1841,302,1539
207000001,130,738,-608
207000002,127,332,-205
207000003,165,158,7
207000007,1208,310,898
207000008,177,9,168
207000009,52,51,1
207000010,412,370,42
207000012,472,247,225
207000015,253,956,-703
207000019,253,68,185
207000021,665,182,483
207000022,210,153,57
207000023,268,65,203
207000024,3,24,-21
207000025,23,74,-51
207000026,100,36,64
207000027,40,76,-36
207000028,51,175,-124
207000029,202,396,-194
207000033,216,566,-350
207000034,275,135,140
207000039,486,139,347
207000040,522,98,424
207000041,267,59,208
207000042,290,72,218
207000043,229,198,31
207000051,133,197,-64
207000052,127,99,28
207000053,497,439,58
207000054,52,115,-63
207000055,207,110,97
207000056,383,293,90
207000057,157,306,-149
207000058,174,290,-116
207000059,100,373,-273
207000060,74,177,-103
207000061,156,646,-490
207000062,418,75,343
207000063,434,109,325
207000064,449,153,296
207000065,465,288,177
207000066,307,192,115
207000067,109,70,39
207000068,181,43,138
207000069,749,319,430
207000082,6,180,-174
207000083,95,239,-144
207000084,317,301,16
207000085,271,29,242
207000086,221,9,212
207000106,56,51,5
207000107,116,28,88
207000108,94,13,81
207000109,69,12,57
207000110,93,113,-20
207000111,115,103,12
207000112,194,878,-684
207000114,15,23,-8
207000115,20,68,-48
207000116,20,420,-400
207000117,7,82,-75
207000118,5,70,-65
207000119,47,81,-34
207000123,246,38,208
207000124,93,30,63
207000125,63,65,-2
207000126,89,85,4
207000134,96,123,-27
207000135,9,166,-157
207000148,83,435,-352
207000149,63,51,12
207000152,122,335,-213
207000153,904,1369,-465
207000154,385,172,213
207000159,132,120,12
207000160,127,311,-184
207000238,0,262,-262
207000242,9,186,-177
207000248,43,35,8
207000249,148,44,104
207000250,600,60,540
207000251,138,76,62
207000252,116,45,71
207000278,88,95,-7
207000279,27,114,-87
207000280,747,95,652
207000281,154,676,-522
207000282,174,87,87
207000283,72,182,-110
207000284,49,264,-215
207000285,88,67,21
207000291,15,84,-69
207000304,116,86,30
207000306,92,370,-278
207000310,143,84,59
207000353,258,1,257
207000356,11,51,-40
207000357,3,16,-13
207000358,16,30,-14
207000415,8,181,-173
207000417,56,9,47
207000418,116,135,-19
207000438,0,2,-2
207000439,856,1041,-185
207000446,203,6,197
207000460,57,3,54
207000466,182,139,43
207000467,334,96,238
207000468,46,223,-177
207000476,6,66,-60
207000477,798,65,733
207000478,4,50,-46
207000523,0,22,-22
207000524,31,2,29
207000527,166,170,-4
207000530,677,6,671
207000531,369,5,364
207000532,177,55,122
207000534,415,65,350
207000535,39,413,-374
207000537,108,125,-17
207000540,12,156,-144
207000541,0,373,-373
207000548,22,252,-230
207000549,806,19,787
207000561,174,268,-94
207000562,47,159,-112
207000567,153,250,-97
207000568,257,68,189
207000569,547,614,-67
207000584,327,209,118
207000585,94,510,-416
207000587,10,14,-4
207000616,0,103,-103
207000617,292,4,288
207900008,292,97,195
208000001,693,1308,-615
208000002,1022,747,275
208000003,1381,495,886
208000004,1495,842,653
208000005,1,8,-7
208000019,780,961,-181
208000020,220,492,-272
208000021,293,333,-40
208000022,1211,390,821
208000028,1379,1473,-94
208000033,716,634,82
208000034,1381,1374,7
208000037,262,17,245
208000040,345,126,219
208000041,930,606,324
208000042,1524,655,869
208000047,166,194,-28
208000064,2625,1577,1048
208000066,1794,3187,-1393
208000070,394,338,56
208000071,586,738,-152
208000072,443,1180,-737
208000080,362,429,-67
208000081,498,171,327
208000082,333,265,68
208000083,168,356,-188
208000084,10,12,-2
208000085,883,647,236
208000086,552,1095,-543
208000087,447,777,-330
208000089,1338,372,966
208000090,1306,586,720
208000093,158,192,-34
208000094,922,453,469
208000095,798,513,285
208000104,1160,847,313
208000105,782,1009,-227
208000114,117,398,-281
208000115,702,387,315
208000116,676,1132,-456
208000117,118,190,-72
208000118,110,203,-93
208000155,680,1241,-561
208000158,1416,4229,-2813
208000186,3491,4806,-1315
208000204,778,1116,-338
208000205,1371,967,404
208000282,5214,3847,1367
209000004,473,167,306
209000005,26,39,-13
209000006,437,209,228
209000007,314,346,-32
209000010,425,125,300
209000011,159,231,-72
209000012,185,150,35
209000013,299,247,52
209000014,483,887,-404
209000025,428,52,376
209000026,828,136,692
209000027,402,690,-288
209000028,365,617,-252
209000029,575,633,-58
209000030,428,1161,-733
209000031,2517,1857,660
209000034,245,340,-95
209000035,173,273,-100
209000036,301,150,151
209000037,448,254,194
209000038,188,197,-9
209000039,122,218,-96
209000040,380,606,-226
209000041,208,434,-226
209000042,274,421,-147
209000043,744,970,-226
209000044,271,1001,-730
209000045,1415,491,924
209000046,724,535,189
209000047,565,214,351
209000048,712,389,323
209000049,91,118,-27
209000050,176,120,56
209000051,369,262,107
209000052,182,203,-21
209000062,66,82,-16
209000063,56,71,-15
209000064,74,81,-7
209000065,100,31,69
209000066,118,44,74
209000067,159,39,120
209000080,21,211,-190
209000082,106,40,66
209000091,32,90,-58
209000093,36,24,12
209000094,137,222,-85
209000110,43,154,-111
209000111,764,1814,-1050
209000112,1278,677,601
209000113,2104,630,1474
209000114,885,547,338
209000115,81,105,-24
209000116,488,353,135
209000118,26,39,-13
209000119,19,9,10
209000121,121,452,-331
209000135,88,230,-142
209000142,913,2021,-1108
209000143,69,85,-16
209000144,66,120,-54
209000229,336,149,187
209000240,42,273,-231
209000259,74,93,-19
209000260,48,951,-903
209000261,11,488,-477
209000262,2,368,-366
209000263,1,187,-186
209000264,0,189,-189
209000265,477,1,476
209000266,151,1,150
209000267,1157,8,1149
209000268,814,74,740
210000037,83,25,58
210000047,85,24,61
210000048,104,17,87
210000049,72,7,65
210000052,61,72,-11
210000053,44,40,4
210000054,45,69,-24
210000070,219,4,215
210000071,167,0,167
210000072,107,1,106
210000073,0,46,-46
210000074,0,98,-98
210000075,11,127,-116
210000076,29,149,-120
210000077,7,53,-46
210000078,29,59,-30
210000079,22,12,10
210000080,91,90,1
210000081,229,29,200
210000082,121,0,121
210000083,108,2,106
210000084,76,0,76
210000085,0,58,-58
210000086,3,144,-141
210000099,54,205,-151
210000100,46,126,-80
210000101,84,124,-40
210000105,30,193,-163
210000159,0,183,-183
210000163,123,222,-99
210000164,362,219,143
210000168,175,28,147
210000187,0,23,-23
210000188,1,15,-14
210000214,20,0,20
210000219,29,73,-44
210000220,103,42,61
210000232,4,26,-22
210000233,43,46,-3
210000234,38,107,-69
210000235,59,62,-3
210000245,0,50,-50
210000246,46,39,7
210000258,9,132,-123
210000259,429,76,353
210000282,103,201,-98
210000285,1,122,-121
210000286,31,214,-183
210000290,9,19,-10
210000295,52,99,-47
210000296,48,33,15
210000320,196,71,125
210000321,138,48,90
210000338,62,56,6
210000339,295,1346,-1051
210000340,122,429,-307
210000341,286,298,-12
210000342,270,175,95
210000343,233,160,73
210000344,177,106,71
210000345,185,229,-44
210000346,108,115,-7
210000347,42,46,-4
210000348,97,27,70
210000349,60,31,29
210000350,183,64,119
210000351,174,108,66
210000352,80,79,1
210000353,93,87,6
210000354,277,69,208
210000355,46,82,-36
210000356,25,94,-69
210000357,35,87,-52
210000358,278,140,138
210000359,93,91,2
210000360,163,157,6
210000361,161,143,18
210000362,338,222,116
210000363,752,372,380
210000364,136,185,-49
210000365,128,84,44
210000366,154,75,79
210000367,105,27,78
210000368,161,35,126
210000369,23,53,-30
210000370,62,40,22
210000372,9,39,-30
210000373,33,19,14
210000374,71,45,26
210000375,45,84,-39
210000376,66,129,-63
210000404,63,109,-46
210000439,31,46,-15
210000472,100,3,97
210000482,71,104,-33
210000564,327,449,-122
210000567,2,45,-43
210000568,280,3,277
211000092,42,58,-16
211000094,34,21,13
211000169,268,19,249
211000172,14,194,-180
211000209,4,20,-16
211000226,9,28,-19
211000270,34,13,21
211000275,40,10,30
211000276,107,28,79
211000279,41,24,17
211000281,63,56,7
211507980,3,56,-53
211977296,34,9,25
212000003,135,54,81
212000004,30,22,8
212000005,9,36,-27
212000006,31,42,-11
212000008,209,130,79
212000009,36,97,-61
212000012,109,83,26
212000013,33,49,-16
212000014,273,152,121
212000015,244,207,37
212000016,458,554,-96
212000027,624,452,172
212000028,434,419,15
212000029,275,226,49
212000030,54,26,28
212000031,77,51,26
212000048,17,156,-139
212000049,20,134,-114
212000050,32,4,28
212000051,238,211,27
212000052,228,240,-12
212000053,385,389,-4
212000054,351,127,224
212000055,312,223,89
212000056,22,41,-19
212000057,9,12,-3
212000058,202,33,169
212000070,122,212,-90
212000077,170,502,-332
212000099,326,326,0
212000108,181,199,-18
212000111,239,107,132
212000120,125,55,70
212000138,184,23,161
212000156,6,99,-93
212000158,6,32,-26
212000159,535,51,484
212000160,904,275,629
212000161,93,9,84
212000310,70,16,54
212000311,26,59,-33
212000374,59,15,44
213000001,34,381,-347
213000005,608,183,425
213000006,1159,343,816
213000007,100,12,88
213000009,809,578,231
213000010,275,325,-50
213000011,254,113,141
213000012,134,328,-194
213000014,105,37,68
213000015,403,12,391
213000016,987,5,982
213000017,120,0,120
213000018,2,125,-123
213000019,3,152,-149
213000020,145,337,-192
213000021,8,100,-92
213000023,476,256,220
213000033,403,1782,-1379
213000034,940,332,608
213000035,141,207,-66
213000045,199,296,-97
213000046,278,181,97
213000047,664,1479,-815
213000056,123,39,84
213000069,99,4,95
213000073,3,35,-32
213000074,46,318,-272
213000075,684,10,674
213000076,27,0,27
213000085,6,39,-33
213000086,18,159,-141
213000091,284,10,274
213000092,116,22,94
213000099,153,1330,-1177
213000100,1298,345,953
213000101,597,122,475
213000102,749,274,475
213000103,1057,855,202
213000104,39,389,-350
213000105,6,181,-175
213000106,31,108,-77
213000107,164,548,-384
213000108,58,414,-356
213000109,10,205,-195
213000110,18,65,-47
213000111,6,67,-61
213000112,184,121,63
213000115,60,20,40
213000116,47,451,-404
213000117,3,643,-640
213000118,563,265,298
213000119,50,498,-448
213000120,130,438,-308
213000122,144,530,-386
213000123,405,1030,-625
213000124,107,1423,-1316
213000125,167,55,112
213000126,55,124,-69
213000127,123,332,-209
213000128,397,1234,-837
213000129,373,821,-448
213000130,845,416,429
213000132,592,134,458
213000133,723,128,595
213000134,992,14,978
213000136,757,39,718
213000137,866,113,753
213000139,282,28,254
213000147,60,12,48
213000148,22,13,9
213000149,38,2,36
213000150,1,149,-148
213000151,2,123,-121
213000152,3,88,-85
213000153,2,105,-103
213000154,26,392,-366
213000155,48,272,-224
213000156,124,459,-335
213000157,792,390,402
213000158,385,1074,-689
213000159,801,568,233
213000163,1142,110,1032
213000165,1180,435,745
213000171,3,50,-47
213000172,0,232,-232
213000173,2,207,-205
213000174,1,111,-110
213000175,12,63,-51
213000176,64,45,19
213000177,124,8,116
213000178,250,6,244
213000179,337,3,334
213000180,275,2,273
213000184,190,453,-263
213000188,580,97,483
213000189,526,56,470
213000190,899,821,78
213000191,472,355,117
213000192,283,348,-65
213000193,791,313,478
213000194,0,68,-68
213000195,30,380,-350
213000196,292,1287,-995
213000197,545,508,37
213000198,57,3,54
213000200,138,833,-695
213000201,77,44,33
213000202,13,451,-438
213000203,3642,699,2943
213000204,822,50,772
213000205,464,75,389
213000206,592,29,563
213000207,104,14,90
213000208,74,4,70
213000209,157,6,151
213000210,347,4,343
213000211,11,28,-17
213000212,16,32,-16
213000213,22,42,-20
213000218,292,479,-187
213000219,550,21,529
213000220,521,15,506
213000223,196,266,-70
213000224,64,63,1
213000225,160,11,149
213000226,102,8,94
213000227,1158,250,908
213000228,504,81,423
213000229,205,27,178
213000230,421,18,403
213000232,60,1028,-968
213000233,5,490,-485
213000234,1,35,-34
213000293,20,85,-65
213000294,212,69,143
213000295,9,74,-65
213000296,59,17,42
213000297,6,101,-95
213000298,36,79,-43
213000299,55,35,20
213000300,20,4,16
213000303,10,33,-23
213000304,5,13,-8
213000305,4,7,-3
213000306,64,43,21
213000307,147,63,84
213000308,145,153,-8
213000309,212,65,147
213000310,538,255,283
213000311,289,834,-545
213000315,118,96,22
213000316,200,67,133
213000322,119,164,-45
213000323,146,82,64
213000324,97,48,49
213000325,51,78,-27
213000326,41,31,10
213000327,47,36,11
213000328,48,136,-88
213000329,120,21,99
213000340,156,443,-287
213000341,654,119,535
213000346,376,420,-44
213000347,724,771,-47
213000348,10,119,-109
213000349,37,8,29
213000350,311,984,-673
213000366,82,309,-227
213000367,333,21,312
213000379,83,50,33
213000386,17,385,-368
213000406,71,495,-424
213000417,1491,508,983
213000425,313,47,266
213000426,232,56,176
213000427,50,176,-126
213000428,105,172,-67
213000429,41,6,35
213000430,131,659,-528
213000431,165,6,159
213000432,5,56,-51
213000433,19,121,-102
213000434,139,130,9
213000435,172,90,82
213000436,40,69,-29
213000437,3,9,-6
213000438,200,68,132
213000439,43,16,27
213000440,9,287,-278
213000441,5,2,3
213000442,2,44,-42
213000443,533,419,114
213000444,72,34,38
213000445,0,76,-76
213000446,1,47,-46
213000447,1,53,-52
213000448,21,183,-162
213000449,503,9,494
213000450,32,28,4
213000451,293,72,221
213000452,20,23,-3
213000453,52,269,-217
213000455,477,5,472
213000456,2,313,-311
213000481,10,4,6
213000482,41,2,39
213000489,302,71,231
213000491,5,186,-181
213000492,190,5,185
213000493,0,84,-84
213000494,346,123,223
213000495,0,90,-90
213000496,511,164,347
213000497,40,234,-194
213000498,156,164,-8
213000499,230,413,-183
213000500,661,83,578
213000501,152,60,92
213000502,157,164,-7
213000503,2,50,-48
213000504,22,82,-60
213000505,11,4,7
213000506,0,9,-9
213000507,0,145,-145
213900016,0,16,-16
213900244,68,0,68
213900245,0,27,-27
218000003,26,23,3
218000004,55,19,36
218000005,74,31,43
218000006,61,29,32
218000007,13,16,-3
218000012,266,146,120
218000013,120,139,-19
218000014,433,390,43
218000019,871,626,245
218000020,334,420,-86
218000021,20,29,-9
218000022,8,17,-9
218000023,8,20,-12
218000024,2,8,-6
218000025,11,19,-8
218000026,4,23,-19
218000027,1,5,-4
218000028,1,3,-2
218000029,2,5,-3
218000030,24,30,-6
218000031,3,29,-26
218000032,1,27,-26
218000040,2,2,0
218000046,39,80,-41
218000047,14,115,-101
218000048,67,70,-3
218000049,92,82,10
218000050,276,225,51
218000051,114,222,-108
218000052,2,94,-92
218000053,6,16,-10
218000054,14,64,-50
218000055,13,22,-9
218000056,14,36,-22
218000057,7,18,-11
218000064,12,7,5
218000065,95,37,58
218000066,25,59,-34
218000067,44,76,-32
218000068,215,167,48
218000069,294,114,180
218000070,201,306,-105
218000071,242,193,49
218000072,319,201,118
218000078,1054,710,344
218000079,158,65,93
218000080,191,56,135
218000081,514,242,272
218000082,51,102,-51
218000083,77,38,39
218000084,198,129,69
218000085,182,305,-123
218000086,113,142,-29
218000087,206,187,19
218000090,16,152,-136
218000091,1139,669,470
218000092,126,144,-18
218000093,84,53,31
218000094,468,676,-208
218000099,358,837,-479
218000100,294,316,-22
218000101,318,167,151
218000102,482,233,249
218000103,150,229,-79
218000104,105,41,64
218000105,30,23,7
218000106,11,5,6
218000107,97,62,35
218000108,2,44,-42
218000112,54,31,23
218000117,81,43,38
218000134,568,500,68
218000135,27,96,-69
218000136,233,111,122
218000137,235,130,105
218000138,34,89,-55
218000139,298,284,14
218000140,575,298,277
218000141,85,66,19
218000142,296,198,98
218000143,128,441,-313
218000144,46,100,-54
218000145,467,382,85
218000146,128,170,-42
218000151,5,19,-14
218000152,79,39,40
218000153,11,3,8
218000154,14,5,9
218000155,31,2,29
218000156,74,9,65
218000157,29,8,21
218000158,11,5,6
218000159,2,5,-3
218000160,6,3,3
218000161,39,4,35
218000162,42,1,41
218000163,8,2,6
218000164,54,5,49
218000165,61,11,50
218000170,2,51,-49
218000171,31,7,24
218000172,7,9,-2
218000173,49,10,39
218000174,17,3,14
218000176,147,41,106
218000177,266,205,61
218000178,50,206,-156
218000179,54,61,-7
218000180,67,30,37
218000181,112,39,73
218000187,11,31,-20
218000188,28,38,-10
218000189,27,39,-12
218000190,21,20,1
218000191,131,53,78
218000192,242,182,60
218000193,447,271,176
218000194,121,239,-118
218000195,139,41,98
218000196,386,203,183
218000197,523,245,278
218000198,18,109,-91
218000199,40,22,18
218000200,89,22,67
218000201,15,7,8
218000202,87,324,-237
218000207,2,16,-14
218000208,22,40,-18
218000211,58,14,44
218000212,0,10,-10
218000213,87,107,-20
218000214,14,34,-20
218000215,27,66,-39
218000217,8,51,-43
218000218,187,54,133
218000219,19,22,-3
218000220,66,466,-400
218000221,659,139,520
218000222,2,37,-35
218000223,35,430,-395
218000224,9,216,-207
218000225,158,26,132
218000226,111,58,53
218000230,0,13,-13
218000232,66,77,-11
218000239,158,13,145
218000240,19,6,13
218000241,23,0,23
218000242,68,4,64
218000243,35,3,32
218000244,40,2,38
218000245,22,2,20
218000246,1,1,0
218000247,6,0,6
218000248,0,19,-19
218000249,0,3,-3
218000250,2,15,-13
218000251,4,17,-13
218000252,2,24,-22
218000253,1,67,-66
218000254,3,26,-23
218000255,0,27,-27
218000256,6,85,-79
218000267,514,1078,-564
218000268,5,55,-50
218000269,2,11,-9
218000270,113,44,69
218000271,12,50,-38
218000273,20,6,14
218000274,14,8,6
218000275,28,43,-15
218000276,20,29,-9
218000278,12,31,-19
218000279,120,57,63
218000280,10,32,-22
218000281,12,32,-20
218000282,595,611,-16
218000284,117,6,111
218000301,94,125,-31
218000302,151,53,98
218000303,51,32,19
218000316,813,1039,-226
218000317,1431,888,543
218000318,962,642,320
218000319,1316,901,415
218000320,1067,728,339
218000338,40,29,11
218000345,112,58,54
218000346,34,193,-159
218000459,28,220,-192
218000490,18,41,-23
218000501,165,31,134
218000502,45,49,-4
218000503,116,25,91
218000504,175,25,150
218000505,55,125,-70
218000506,23,228,-205
218000508,9,10,-1
218000510,181,13,168
218000520,140,91,49
218000521,5,43,-38
218000522,1,112,-111
218000523,121,1,120
218000524,33,270,-237
218000525,118,11,107
218000526,38,112,-74
218000529,50,135,-85
218000530,13,3,10
218000531,10,26,-16
218000532,26,20,6
218000534,172,15,157
218000537,21,45,-24
218000538,221,426,-205
218000540,355,105,250
218000543,200,42,158
218000544,34,73,-39
218000545,65,56,9
218000546,55,57,-2
218000547,102,211,-109
218000548,181,138,43
218000549,529,683,-154
218000550,296,325,-29
218000551,152,1197,-1045
218000552,408,84,324
218000553,46,97,-51
218000554,51,27,24
218000555,17,57,-40
218000556,168,186,-18
218000557,286,148,138
218000558,59,0,59
218000559,0,26,-26
218000560,0,60,-60
218000561,20,0,20
218000562,36,194,-158
218000563,191,22,169
218000564,7,102,-95
218000565,156,19,137
218000566,409,33,376
218000567,5,49,-44
218000568,35,3,32
218000569,13,210,-197
218000570,168,13,155
218000571,3,132,-129
218000572,133,2,131
218000573,8,171,-163
218000574,149,44,105
218000575,133,0,133
218000576,0,92,-92
218000577,138,1,137
218000578,0,91,-91
218000579,68,23,45
218000581,11,35,-24
218000582,43,0,43
218000583,13,1,12
218000584,0,18,-18
218000585,39,2,37
218000586,17,45,-28
218000587,0,0,0
218000588,4,4,0
218000589,1,13,-12
218000590,5,2,3
218000591,3,6,-3
218000592,7,1,6
218000593,1,2,-1
218000594,0,0,0
218000597,0,0,0
218000598,0,0,0
218000599,1,0,1
218000600,0,0,0
218000601,1,0,1
218000602,0,4,-4
218000603,0,5,-5
218000604,8,0,8
218000605,0,41,-41
218000606,78,1,77
218000607,17,41,-24
218000608,40,19,21
218000609,10,48,-38
218000610,108,12,96
218000611,17,4,13
218000612,1,21,-20
218000613,28,1,27
218000614,1,38,-37
218000615,186,1,185
218000616,3,124,-121
218000617,20,0,20
218000618,0,21,-21
218000619,39,31,8
218000620,14,42,-28
218000621,0,1,-1
218000622,0,13,-13
218000623,173,5,168
218000624,2,17,-15
218000625,4,0,4
218000626,0,3,-3
218000628,227,49,178
218000631,27,19,8
218000632,0,103,-103
218000633,271,0,271
218000634,12,19,-7
218000635,14,5,9
218000636,1097,1006,91
218000637,1162,476,686
218000638,253,68,185
218000639,37,148,-111
218000640,466,46,420
218000641,112,308,-196
218000652,40,55,-15
218000653,152,53,99
218000663,22,184,-162
218000675,50,63,-13
218000676,3,17,-14
218000677,23,0,23
218000680,292,364,-72
218000681,439,182,257
218000691,262,195,67
218000693,240,188,52
218000703,6,45,-39
218000718,387,1411,-1024
218000719,815,894,-79
218000720,7,187,-180
218000721,139,7,132
218000725,4,7,-3
218001147,1,61,-60
218001214,13,131,-118
218001258,115,5,110
218001329,129,146,-17
218001330,81,73,8
218001351,35,19,16
218001352,19,26,-7
218001353,14,14,0
218001354,6,31,-25
218001355,3,176,-173
218001356,635,22,613
218001357,3,92,-89
218001358,430,6,424
218001361,335,7,328
218001362,1,58,-57
219000001,70,41,29
219000002,52,60,-8
219000003,104,29,75
219000004,67,51,16
219000017,93,61,32
219000020,155,52,103
219000022,137,4,133
219000023,111,2,109
219000029,0,97,-97
219000034,58,33,25
219000039,47,172,-125
219000040,74,96,-22
219000041,111,21,90
219000051,0,62,-62
219000052,0,22,-22
219000053,1,65,-64
219000054,27,77,-50
219000055,285,9,276
219000056,6,3,3
219000057,107,1,106
219000062,18,70,-52
219000063,76,3,73
219000064,3,108,-105
219000110,363,114,249
219000111,133,72,61
219000112,316,50,266
219000113,183,70,113
219000114,222,84,138
219000116,116,56,60
219000117,178,76,102
219000118,192,50,142
219000123,228,78,150
219000124,99,44,55
219000125,23,11,12
219000126,61,111,-50
219000127,0,6,-6
219000128,11,139,-128
219000129,18,114,-96
219000130,329,475,-146
219000131,597,944,-347
219000133,32,62,-30
219000134,25,35,-10
219000135,41,111,-70
219000136,124,217,-93
219000138,85,15,70
219000139,55,43,12
219000140,84,2,82
219000141,36,74,-38
219000142,18,69,-51
219000143,13,82,-69
219000145,22,35,-13
219000146,17,38,-21
219000147,5,36,-31
219000148,6,28,-22
219000149,12,67,-55
219000150,4,60,-56
219000151,4,34,-30
219000157,298,125,173
219000158,273,195,78
219000161,122,7,115
219000163,1354,559,795
219000166,175,198,-23
219000167,163,172,-9
219000168,309,130,179
219000174,424,197,227
219000175,108,1,107
219000176,113,3,110
219000177,44,4,40
219000178,72,2,70
219000179,23,5,18
219000180,38,30,8
219000182,195,13,182
219000183,91,23,68
219000184,152,9,143
219000185,5,45,-40
219000186,79,32,47
219000187,25,90,-65
219000189,55,154,-99
219000190,62,208,-146
219000191,635,1537,-902
219000192,192,170,22
219000193,177,177,0
219000195,3,39,-36
219000196,11,122,-111
219000198,22,116,-94
219000199,60,270,-210
219000200,31,188,-157
219000201,85,238,-153
219000203,48,139,-91
219000204,182,312,-130
219000205,87,193,-106
219000207,118,193,-75
219000209,47,69,-22
219000210,37,78,-41
219000213,8,125,-117
219000239,183,222,-39
219000240,208,392,-184
219000241,154,127,27
219000242,103,95,8
219000243,83,224,-141
219000244,29,79,-50
219000245,28,40,-12
219000246,45,27,18
219000247,204,34,170
219000248,636,537,99
219000249,133,102,31
219000250,182,105,77
219000251,654,301,353
219000252,316,183,133
219000253,630,123,507
219000255,123,123,0
219000256,251,100,151
219000257,106,0,106
219000262,93,132,-39
219000263,86,160,-74
219000267,5,55,-50
219000268,1,8,-7
219000269,1,0,1
219000270,21,0,21
219000271,139,8,131
219000278,2,4,-2
219000279,0,3,-3
219000283,0,20,-20
219000295,9,87,-78
219000296,82,325,-243
219000297,13,91,-78
219000298,7,94,-87
219000299,568,77,491
219000300,28,142,-114
219000301,187,315,-128
219000302,36,258,-222
219000307,38,22,16
219000308,74,46,28
219000311,226,72,154
219000312,800,155,645
219000313,565,42,523
219000314,56,300,-244
219000315,329,43,286
219000316,622,75,547
219000317,142,13,129
219000320,1,65,-64
219000321,0,30,-30
219000323,8,43,-35
219000325,4,10,-6
219000326,71,62,9
219000327,67,40,27
219000328,33,50,-17
219000329,267,135,132
219000330,56,35,21
219000331,98,59,39
219000332,139,129,10
219000333,30,7,23
219000335,75,3,72
219000337,23,0,23
219000338,48,0,48
219000344,16,63,-47
219000345,66,55,11
219000346,32,110,-78
219000348,179,78,101
219000349,45,151,-106
219000350,91,392,-301
219000351,5,9,-4
219000352,277,142,135
219000353,107,74,33
219000354,211,80,131
219000355,193,55,138
219000356,955,1640,-685
219000363,224,73,151
219000364,103,72,31
219000365,115,23,92
219000366,246,374,-128
219000368,415,717,-302
219000370,975,663,312
219000371,3,25,-22
219000382,14,25,-11
219000383,533,1350,-817
219000385,564,493,71
219000386,705,1705,-1000
219000387,7,8,-1
219000390,5,0,5
219000391,4,1,3
219000397,68,58,10
219000398,76,72,4
219000401,8,92,-84
219000402,48,100,-52
219000403,164,426,-262
219000404,19,153,-134
219000407,6,58,-52
219000409,51,57,-6
219000410,180,44,136
219000411,73,27,46
219000446,139,359,-220
219000447,0,11,-11
219000448,29,6,23
219000452,125,87,38
219000453,61,233,-172
219000454,231,346,-115
219000556,399,118,281
219000558,423,131,292
219000590,74,158,-84
219000591,107,90,17
219000592,83,304,-221
219000595,4,19,-15
219000635,271,41,230
219000636,42,60,-18
219000657,33,49,-16
219000658,53,166,-113
219000673,0,48,-48
219000676,50,11,39
219000679,43,7,36
219000684,107,3,104
219000685,1,29,-28
219000686,1,1,0
219000688,0,59,-59
219000689,14,190,-176
219000690,128,23,105
219000691,57,208,-151
219000692,206,38,168
219000693,2,15,-13
219000694,6,0,6
219000695,24,7,17
219000698,9,0,9
219000699,0,27,-27
219000727,1,96,-95
219000728,90,4,86
219000770,67,4,63
219000771,1,47,-46
219000788,388,248,140
219001150,2,26,-24
219001151,0,1,-1
219001166,63,37,26
219001167,1,75,-74
219001178,85,2,83
220000001,39,100,-61
220000002,27,101,-74
220000003,424,245,179
220000004,695,400,295
220000005,1371,1829,-458
220000006,200,711,-511
220000007,469,484,-15
220000008,336,746,-410
220000009,337,349,-12
220000010,194,78,116
220000011,440,2842,-2402
220000012,127,273,-146
220000014,138,55,83
220000015,84,321,-237
220000017,90,303,-213
220000018,4910,2043,2867
220000019,95,349,-254
220000020,468,247,221
220000021,826,194,632
220000022,1153,461,692
220000023,402,200,202
220000024,2065,444,1621
220000025,1220,1433,-213
220000026,369,526,-157
220000027,32,166,-134
220000028,61,57,4
220000029,34,81,-47
220000030,63,84,-21
220000031,682,485,197
220000064,32,850,-818
221000046,4,0,4
221000047,0,7,-7
221000048,0,4,-4
221000049,0,8,-8
221000050,38,0,38
221000055,37,54,-17
221000057,88,9,79
221000068,381,197,184
221000069,455,98,357
221000070,293,38,255
221000071,146,13,133
221000072,296,6,290
221000073,226,30,196
221000074,0,18,-18
221000075,17,24,-7
221000076,8,26,-18
221000077,19,62,-43
221000081,17,9,8
221000082,69,10,59
221000083,28,5,23
221000084,8,1,7
221000085,32,50,-18
221000086,15,98,-83
221000087,6,127,-121
221000088,13,162,-149
221000089,35,240,-205
221000090,71,479,-408
221000098,146,10,136
221000099,231,14,217
221000100,127,6,121
221000101,189,8,181
221000102,171,17,154
221000109,6,56,-50
221000110,9,68,-59
221000111,19,157,-138
221000112,6,129,-123
221000113,18,110,-92
221000114,19,124,-105
221000120,36,36,0
221000121,2,36,-34
221000122,52,25,27
221000123,20,13,7
221000124,25,178,-153
221000155,131,26,105
221000156,53,45,8
221000175,1,6,-5
221000176,1,2,-1
221000182,45,17,28
221000241,674,398,276
221000242,178,462,-284
221000243,560,278,282
221000244,246,513,-267
221000245,147,117,30
221000246,45,272,-227
221000247,90,157,-67
221000248,139,111,28
221000267,50,507,-457
221000325,82,45,37
221000331,18,46,-28
221000338,16,37,-21
221000378,239,31,208
221000381,50,79,-29
222000282,8,1,7
222000296,0,21,-21
222000568,342,33,309
222000569,200,53,147
222000570,154,33,121
222000571,376,54,322
222000577,12,129,-117
222000578,21,157,-136
222000579,25,123,-98
222000580,81,842,-761
222000599,0,129,-129
222000600,1,250,-249
222000601,7,889,-882
222000603,31,24,7
222000604,5,57,-52
222000605,12,17,-5
222000606,4,15,-11
222000607,5,3,2
222000608,36,13,23
222000609,64,173,-109
222000616,410,56,354
222000617,6,15,-9
222000618,11,3,8
222000620,22,7,15
222000621,48,31,17
222000623,831,7,824
222000624,383,6,377
222000625,619,18,601
222000636,75,5,70
222000686,28,10,18
222000687,67,39,28
222001066,361,3,358
222001067,34,1,33
222001068,78,26,52
222001069,56,49,7
222001082,14,33,-19
222001083,29,44,-15
222001084,0,66,-66
222001085,2,168,-166
222001111,79,79,0
222001112,165,51,114
222001313,18,10,8
222001314,10,113,-103
222001464,40,49,-9
222001465,13,67,-54
222001484,151,80,71
222001485,21,52,-31
222001494,568,168,400
222001495,156,173,-17
222001496,336,95,241
222001497,100,305,-205
222001502,19,112,-93
222001503,125,35,90
222001504,32,315,-283
222001505,420,15,405
222001506,48,349,-301
222001507,320,27,293
222001510,579,46,533
222001511,77,289,-212
222001514,733,206,527
222001515,228,457,-229
222001518,362,67,295
222001519,59,165,-106
222001527,263,82,181
222001528,66,153,-87
222001529,293,55,238
222001530,58,194,-136
222001533,160,263,-103
222001534,410,62,348
222001535,264,215,49
222001536,102,168,-66
222001537,478,72,406
222001538,86,398,-312
222001563,873,92,781
222001564,77,362,-285
222001568,332,167,165
222001576,3,5,-2
222001579,1,13,-12
222001583,10,122,-112
222001584,92,12,80
222001596,747,1202,-455
222001597,2597,382,2215
222001626,0,152,-152
222001650,110,159,-49
222001651,120,292,-172
222001914,247,81,166
222001915,97,244,-147
222001968,525,232,293
222001969,392,578,-186
222001970,161,163,-2
222001971,43,7,36
222001972,3,22,-19
225000001,488,171,317
225000002,623,176,447
225000003,726,103,623
225000004,457,232,225
225000005,53,50,3
225000006,0,210,-210
225000007,1397,1254,143
225000010,352,27,325
225000011,405,972,-567
225000012,236,515,-279
225000013,95,120,-25
225000014,736,107,629
225000015,93,150,-57
225000021,881,196,685
225000027,256,526,-270
225000032,747,162,585
225000042,68,486,-418
225000049,57,63,-6
225000050,94,21,73
225000053,9,332,-323
225000058,686,178,508
225000067,249,134,115
225000068,115,231,-116
225000069,124,390,-266
225000070,112,366,-254
225000071,30,139,-109
225000075,19,562,-543
225000076,55,134,-79
225000078,65,53,12
225000085,100,115,-15
225000086,400,78,322
225000087,200,16,184
225000088,14,189,-175
225000089,212,1067,-855
225000090,61,470,-409
225000091,201,139,62
225000092,32,63,-31
225000093,272,236,36
225000094,23,222,-199
225000095,264,387,-123
225000096,233,362,-129
225000098,950,305,645
225000099,437,148,289
225000100,446,107,339
225000104,81,369,-288
225000110,25,362,-337
225000111,179,811,-632
225000112,214,953,-739
225000113,176,539,-363
225000114,61,218,-157
225000115,1174,651,523
225000116,1066,268,798
225000117,872,231,641
225000118,1150,270,880
225000119,243,89,154
225000120,777,57,720
225000121,278,28,250
225000123,531,45,486
225000125,522,183,339
225000126,727,199,528
225000127,734,1401,-667
225000128,594,940,-346
225000132,282,34,248
225000133,243,32,211
225000134,714,195,519
225000135,79,22,57
225000136,354,22,332
225000137,256,44,212
225000138,488,88,400
225000143,38,237,-199
225000144,3,237,-234
225000145,64,51,13
225000146,47,72,-25
225000147,33,221,-188
225000148,11,139,-128
225000149,36,434,-398
225000151,26,181,-155
225000155,363,351,12
225000156,176,760,-584
225000157,244,307,-63
225000158,68,207,-139
225000171,2,161,-159
225000180,45,9,36
225000181,0,57,-57
225000182,89,11,78
225000185,6,384,-378
225000187,70,290,-220
225000191,116,2,114
225000194,0,4,-4
225000208,0,39,-39
225000209,87,17,70
225000210,6,248,-242
225000217,0,14,-14
225000218,13,0,13
225000223,1,37,-36
225000224,43,1,42
225000225,1,11,-10
225000226,42,4,38
225000227,30,68,-38
225000228,14,16,-2
225000229,0,48,-48
225000230,126,1,125
225000231,0,56,-56
225000232,223,0,223
225000241,91,4,87
225000242,0,41,-41
225000249,10,0,10
225000250,47,558,-511
225000251,363,21,342
225000254,4,5,-1
225000256,1,26,-25
225000257,1,31,-30
226000042,219,346,-127
226000043,63,255,-192
226000044,119,367,-248
226000045,64,255,-191
226000046,489,81,408
226000047,423,102,321
226000048,416,116,300
226000049,312,206,106
226000070,0,44,-44
226000071,0,53,-53
226000072,0,11,-11
226000073,0,2,-2
226000074,0,12,-12
226000084,4,53,-49
226000085,0,6,-6
226000086,7,13,-6
226000087,0,19,-19
226000088,34,46,-12
226000090,207,135,72
226000091,31,71,-40
226000092,18,32,-14
226000093,29,6,23
226000094,5,3,2
226000095,12,3,9
226000105,10,1,9
226000106,4,0,4
226000107,13,0,13
226000108,19,0,19
226000109,86,1,85
226000124,141,68,73
226000134,830,505,325
226000135,1799,547,1252
226000136,820,365,455
226000137,5,278,-273
226000138,8,177,-169
226000139,1,34,-33
226000156,212,7,205
226000157,299,12,287
226000163,83,143,-60
226000202,8,254,-246
226000231,437,11,426
226000232,48,12,36
227000033,381,65,316
227000036,447,35,412
227000037,440,28,412
227000038,195,47,148
227000084,1,85,-84
227000085,0,57,-57
227000088,58,1,57
227000089,128,3,125
227000090,50,5,45
227000091,31,5,26
227000092,50,2,48
227000093,151,0,151
227000094,16,1,15
227000130,34,60,-26
227000131,15,168,-153
227000132,8,130,-122
227000133,12,168,-156
227000134,6,237,-231
227000152,0,6,-6
227000153,1,41,-40
227000154,0,28,-28
227000155,0,26,-26
227000156,0,11,-11
227000165,5,31,-26
227000196,422,181,241
227000199,413,371,42
227000230,10,344,-334
227000232,452,21,431
227000242,59,407,-348
227000243,579,95,484
227000245,16,257,-241
227000246,91,388,-297
227000247,552,75,477
227000248,183,36,147
227000249,26,163,-137
227000250,365,209,156
227000251,90,250,-160
227000252,19,198,-179
227000253,235,24,211
227000262,520,45,475
227000266,1424,32,1392
227000267,21,1221,-1200
227000282,6,125,-119
227000284,639,26,613
227000286,5,62,-57
227000287,13,104,-91
227000291,20,410,-390
227000296,200,235,-35
227000484,201,14,187
227000485,15,758,-743
227000655,206,12,194
227000656,630,38,592
227000657,122,14,108
227000661,236,12,224
227000680,180,54,126
229000265,5,42,-37
229000296,3,26,-23
229000297,7,21,-14
229000298,11,127,-116
229000320,17,3,14
229000321,22,1,21
229000412,9,62,-53
229000414,12,35,-23
229000415,17,0,17
229000416,2,6,-4
229000417,2,4,-2
229000419,103,307,-204
229000440,409,51,358
229000442,16,4,12
229000443,1,2,-1
229000444,0,14,-14
229000445,66,3,63
229000446,86,10,76
229000491,0,10,-10
229000492,8,60,-52
229000493,3,53,-50
229000494,40,1,39
229000495,121,6,115
229000496,54,2,52
229000507,0,58,-58
229000508,0,46,-46
229000509,0,64,-64
229000510,1,38,-37
229000511,2,28,-26
229000512,0,27,-27
229000513,0,5,-5
229000514,1,2,-1
229000517,1,5,-4
229000518,15,20,-5
229000519,0,3,-3
229000520,12,21,-9
229000521,42,8,34
229000522,8,5,3
229000523,3,2,1
229000524,1,7,-6
229000527,2,0,2
229000528,0,0,0
229000529,7,0,7
229000530,75,0,75
229000531,36,0,36
229000532,19,0,19
229000533,61,0,61
229000534,47,1,46
229000564,89,1,88
229000565,23,0,23
229000566,0,8,-8
229000567,0,27,-27
229000582,73,8,65
229000583,12,2,10
229000584,0,17,-17
229000585,0,59,-59
229000718,0,2,-2
229000719,0,3,-3
229000720,0,6,-6
229000721,0,4,-4
229000722,0,8,-8
229000723,0,3,-3
229000724,0,4,-4
229000725,0,4,-4
229000738,1,0,1
229000739,1,0,1
229000740,2,0,2
229000741,14,0,14
229000742,10,0,10
229000743,8,0,8
229000744,2,0,2
229000745,2,0,2
229000746,15,9,6
229000847,45,0,45
229000848,21,1,20
229000849,94,0,94
229000851,28,0,28
229000854,0,8,-8
229000856,0,51,-51
229000857,0,11,-11
229000858,0,23,-23
229000919,17,71,-54
229000930,3,262,-259
229000937,115,28,87
229000966,77,39,38
229000981,24,31,-7
229000985,7,45,-38
229000986,1,4,-3
229000987,0,1,-1
229000988,0,5,-5
229000989,10,4,6
229000990,1,0,1
229000991,1,0,1
229000992,14,6,8
229000993,89,9,80
229000998,30,58,-28
229000999,68,7,61
229001034,0,10,-10
229001035,2,3,-1
229001037,33,12,21
229001042,11,17,-6
229001047,6,44,-38
229001050,21,54,-33
229001168,0,11,-11
229001200,18,1,17
229001338,1,10,-9
229001394,216,2,214
229001422,137,40,97
229001423,32,122,-90
229001431,52,73,-21
229001432,48,64,-16
229001444,165,36,129
229001445,30,131,-101
229001479,9,4,5
229001503,239,79,160
229001504,146,143,3
229001505,121,54,67
229001506,110,94,16
229001509,29,20,9
229001545,119,5,114
229001546,12,88,-76
229001553,141,24,117
229001554,52,88,-36
229001559,8,6,2
229001560,4,22,-18
229001630,49,6,43
229001631,9,25,-16
229001635,0,8,-8
229001636,5,2,3
229001658,2,106,-104
229001659,71,4,67
229001660,31,7,24
229001661,14,22,-8
229001662,13,1,12
229001663,0,10,-10
229002584,182,147,35
229002831,128,142,-14
229002841,14,17,-3
229002842,21,8,13
229002843,76,26,50
229002844,41,46,-5
229002845,12,52,-40
229002846,24,10,14
229002847,2,6,-4
229002848,19,8,11
229002849,7,46,-39
229002850,7,1,6
229002851,35,125,-90
229002852,191,28,163
229002853,140,7,133
229002854,45,40,5
229002855,9,33,-24
229002856,26,19,7
229002857,12,100,-88
229002858,26,13,13
229002859,27,50,-23
229002860,172,17,155
229002861,62,24,38
229002862,29,31,-2
229002863,37,18,19
229002864,43,34,9
229002865,25,11,14
229002866,26,29,-3
229002867,2,10,-8
229002868,11,9,2
229002869,37,81,-44
229002870,51,12,39
235000066,473,56,417
235000067,111,97,14
235000072,32,90,-58
235000073,105,454,-349
235000074,55,53,2
235000080,16,111,-95
235000081,131,129,2
235000082,173,49,124
235000083,281,107,174
235000084,54,54,0
235000085,242,81,161
235000089,44,30,14
235000092,24,176,-152
235000093,5,10,-5
235000097,6,10,-4
235000098,77,7,70
235000099,42,19,23
235000116,70,14,56
235000117,593,10,583
235000133,10,560,-550
235000134,18,173,-155
235000206,5,3,2
235000207,7,3,4
235000208,4,3,1
235000209,9,3,6
235000210,9,2,7
235000212,4,10,-6
235000213,2,7,-5
235000220,1,5,-4
235000221,59,21,38
235000238,9,135,-126
235000239,0,39,-39
235000242,347,856,-509
235000245,586,144,442
235000246,35,41,-6
235000284,18,88,-70
235000295,147,21,126
235000305,258,21,237
235000306,295,7,288
235000307,24,2,22
235000308,21,0,21
235000309,55,0,55
235000310,37,0,37
235000311,93,42,51
235000322,0,32,-32
235000323,2,37,-35
235000324,5,19,-14
235000325,1,12,-11
235000326,1,140,-139
235000351,13,55,-42
235000352,19,52,-33
235000353,3,26,-23
235000354,5,41,-36
235000355,10,73,-63
235000356,73,3,70
235000357,45,10,35
235000358,121,8,113
235000359,11,5,6
235000360,63,27,36
235000361,42,13,29
235000381,104,151,-47
235000382,232,56,176
235000390,16,2,14
235000391,225,21,204
235000392,224,347,-123
235000393,180,167,13
235000395,127,40,87
235000396,504,87,417
235000400,83,44,39
235000401,21,147,-126
235000405,107,236,-129
235000406,36,217,-181
235000407,147,78,69
235000409,225,137,88
235000410,33,221,-188
235000411,1,74,-73
235000485,0,6,-6
235000486,19,0,19
235000549,160,100,60
235000550,110,183,-73
235000599,186,59,127
235000600,17,9,8
235000601,15,23,-8
235000602,114,85,29
235000614,0,2,-2
235000648,0,21,-21
235000649,109,66,43
235000685,2,3,-1
235000815,11,53,-42
235000834,0,27,-27
235000855,130,68,62
235000862,28,122,-94
235000891,0,8,-8
235000892,60,37,23
235000901,255,107,148
235000907,27,7,20
235001010,113,70,43
235001029,523,400,123
235001030,514,366,148
235001078,118,110,8
235001079,92,86,6
235001147,7,48,-41
235001166,19,75,-56
235001167,44,58,-14
235001169,27,196,-169
235001188,1,2,-1
235001189,9,2,7
235001197,5,13,-8
235001200,60,42,18
235001207,162,27,135
235001210,27,88,-61
235001215,24,81,-57
235001239,0,40,-40
235001244,0,6,-6
235016267,0,82,-82
277101746,0,0,0
277102712,6,1,5
277103813,0,1,-1
277103814,0,0,0
277103898,0,2,-2
277104249,0,1,-1
277104250,0,7,-7
277104251,0,6,-6
277104252,0,1,-1
990011530,0,234,-234
990014944,1,382,-381
990015176,80,0,80
990015618,0,127,-127
990016032,3,413,-410
990032570,0,32,-32
990070001,59,2,57
990070103,0,4,-4
990070601,2,25,-23
990070751,1016,4,1012
990070766,0,358,-358
990071180,649,190,459
990071343,25,3,22
990071387,1,25,-24
990071823,532,4,528
990072600,1,993,-992
990072964,3,322,-319
990073285,0,1,-1
990074393,1,672,-671
990074870,1609,20,1589
990075106,1553,4,1549
990075746,667,8,659
990076437,1564,5,1559
990076458,1,518,-517
997000007,574,3,571
997000041,1,302,-301
997000058,74,0,74
997000062,35,0,35
997000069,0,10,-10
997000070,0,34,-34
997000100,30,2,28
997000141,8,2179,-2171
997000198,132,1138,-1006
998000475,2,45,-43
998000736,1,199,-198
998000965,0,12,-12
998001031,0,68,-68
998001700,0,9,-9
998001899,0,2,-2
998001900,14,2,12
998003073,1517,10,1507
998101900,0,0,0
998102850,2,309,-307
998501927,1084,704,380
998501929,140,3,137
998501930,58,0,58
998501931,190,64,126
998501932,4,1,3
998501933,44,1,43
998501937,5,3,2
998501944,10,1,9
998501950,0,0,0
998501970,95,14,81
998501971,0,64,-64
998501973,0,43,-43
998501974,1,221,-220
998501975,106,1,105
998501976,173,0,173
998501977,1,36,-35
998501978,22,1,21
998501979,0,6,-6
998501980,108,24,84
998501981,34,0,34
998501982,1,104,-103
998501983,0,0,0
998502006,0,0,0
998502024,0,7,-7
998502032,0,4,-4
998502062,14,0,14
998502063,0,0,0
998502173,22,2,20
998502269,0,3,-3
998502546,1,154,-153
998601159,6,130,-124
998601292,0,14,-14
999033574,0,294,-294
999800001,24,5,19
999800002,0,5,-5
999800003,2,0,2
999800004,0,2,-2
999800005,0,7,-7
