ID,insum,outsum,diff
100000001,192,187,5
100000002,51,63,-12
100000003,548,251,297
100000004,65,26,39
100000005,115,347,-232
100000006,3,0,3
100000007,4,1,3
100000008,9,78,-69
100000009,0,0,0
100000010,0,0,0
100000011,0,0,0
100000012,2,109,-107
100000013,2,27,-25
100000014,18,51,-33
100000015,5,6,-1
100000016,63,229,-166
100000017,25,181,-156
100000018,90,88,2
100000019,741,320,421
100000020,23,16,7
100000021,816,190,626
100000022,61,41,20
100000023,548,86,462
100000025,714,283,431
100000028,423,272,151
100000029,78,83,-5
100000030,0,0,0
100000031,413,236,177
100000032,563,392,171
100000033,81,376,-295
100000034,492,370,122
100000035,57,51,6
100000036,129,224,-95
100000037,2,0,2
100000038,0,2,-2
100000039,3,4,-1
100000040,1,0,1
100000041,2,0,2
100000042,0,2,-2
100000043,0,0,0
100000044,23,112,-89
100000045,88,215,-127
100000046,45,197,-152
100000047,21,298,-277
100000048,58,314,-256
100000049,345,698,-353
100000051,68,284,-216
100000053,0,0,0
100000054,4,2,2
100000055,57,82,-25
100000056,0,0,0
100000057,3,0,3
100000058,118,377,-259
100000059,0,16,-16
100000060,21,54,-33
100000061,60,63,-3
100000062,99,49,50
100000063,63,27,36
100000064,46,73,-27
100000065,80,272,-192
100000066,51,217,-166
100000067,24,196,-172
100000068,109,290,-181
100000069,51,305,-254
100000072,32,105,-73
100000073,214,596,-382
100000075,69,137,-68
100000076,63,136,-73
100000077,0,0,0
100000078,0,0,0
100000079,0,0,0
100000080,0,0,0
100000081,0,0,0
100000102,55,137,-82
100000103,444,74,370
100000104,524,155,369
100000105,656,75,581
100000106,85,69,16
100000107,36,22,14
100000108,263,441,-178
100000109,1407,563,844
100000116,229,89,140
100000117,0,0,0
100000118,660,940,-280
100000119,47,305,-258
100000121,0,0,0
100000122,37,167,-130
100000123,697,682,15
100000124,2701,1282,1419
100000125,366,38,328
100000126,64,34,30
100000127,73,45,28
100000128,147,172,-25
100000129,21,117,-96
100000130,1,3,-2
100000131,1632,713,919
100000132,318,105,213
100000133,4763,1496,3267
100000135,4,0,4
100000139,0,0,0
100000140,104,152,-48
100000142,0,0,0
100000143,167,320,-153
100000144,546,178,368
100000147,79,103,-24
100000150,2,47,-45
100000151,1,3,-2
100000153,0,0,0
100000154,6,102,-96
100000155,0,0,0
100000156,0,0,0
100000157,0,0,0
100000158,0,0,0
100000159,17,39,-22
100000165,270,126,144
100000169,0,0,0
100000174,8,19,-11
100000179,0,0,0
100000180,0,17,-17
100000181,0,48,-48
100000188,0,3,-3
100000189,0,0,0
100000190,157,61,96
100000191,29,25,4
100000192,0,0,0
100000193,0,0,0
100000330,274,98,176
100000355,27,125,-98
100000362,1110,877,233
100000363,132,217,-85
100000364,18,69,-51
100000365,1133,1117,16
100000366,2651,1214,1437
100000367,665,798,-133
100000368,704,783,-79
100000369,2,5,-3
100000370,3,16,-13
100000376,1,8,-7
100000379,201,142,59
100000380,421,492,-71
100000384,1917,890,1027
100000385,1352,986,366
100000386,1734,844,890
100000387,1857,811,1046
100000388,6828,1386,5442
100000389,4659,885,3774
100000390,5446,1237,4209
100000391,2826,698,2128
100000392,1251,449,802
100000393,212,221,-9
100000394,1866,1274,592
100000395,867,264,603
100000396,1208,667,541
100000397,767,234,533
100000398,4677,3203,1474
100900002,0,0,0
100900003,0,0,0
100900004,7,111,-104
100900005,0,0,0
100900006,0,0,0
100900007,0,0,0
100900008,0,89,-89
100900009,0,0,0
100900010,0,0,0
100900011,0,0,0
100900012,0,52,-52
100900013,0,0,0
100900014,0,0,0
100900015,0,0,0
100900016,0,0,0
100900017,0,0,0
100900018,0,0,0
100900019,0,0,0
100900020,0,0,0
100900021,0,0,0
100900022,0,0,0
100900023,0,0,0
100900024,0,0,0
100900025,0,0,0
100900026,0,0,0
100900027,0,0,0
100900028,0,0,0
100900029,0,0,0
100900030,0,0,0
100900031,0,0,0
100900032,0,0,0
100900033,1,0,1
100900034,0,0,0
100900035,0,0,0
100900036,0,0,0
100900037,0,0,0
100900038,0,0,0
100900039,22,57,-35
100900040,0,181,-181
100900041,0,57,-57
100900042,0,0,0
100900043,0,0,0
100900044,0,0,0
100900045,0,0,0
100900046,0,0,0
100900047,0,0,0
100900048,0,0,0
100900049,0,0,0
100900050,0,0,0
100900051,0,0,0
100900052,0,0,0
100900053,0,0,0
100900054,0,0,0
100900055,0,0,0
100900056,0,0,0
100900057,0,0,0
100900058,0,0,0
100900059,0,0,0
100900060,0,0,0
100900061,0,0,0
100900062,0,0,0
100900063,0,0,0
100900064,0,0,0
100900065,0,0,0
100900066,0,0,0
100900067,0,0,0
100900068,0,0,0
100900069,0,0,0
100900070,0,0,0
100900071,0,0,0
100900072,0,0,0
100900073,0,0,0
100900074,0,0,0
100900075,228,7,221
100900076,0,0,0
100900077,0,0,0
100900078,0,0,0
100900079,0,0,0
100900080,0,0,0
100900081,0,0,0
100900082,0,0,0
100900083,0,0,0
100900085,0,0,0
100900086,0,0,0
100900088,0,0,0
100900089,0,0,0
100900090,0,0,0
100900091,0,0,0
100900092,0,0,0
100900093,0,0,0
100900094,0,0,0
100900095,0,0,0
100900096,0,0,0
100900097,0,0,0
100900098,0,0,0
100900099,0,6,-6
100900100,0,0,0
100900101,0,0,0
100900102,0,0,0
100900103,0,0,0
100900104,0,1,-1
100900105,0,0,0
100900106,0,0,0
100900107,1,0,1
100900108,0,0,0
100900109,0,0,0
100900110,0,0,0
100900111,1,1,0
100900112,0,0,0
100900113,0,0,0
100900114,0,0,0
100900115,0,0,0
100900116,0,0,0
100900117,0,0,0
100900118,0,0,0
100900119,0,0,0
100900120,0,0,0
100900121,0,0,0
100900122,12,10,2
100900123,0,0,0
100900124,0,0,0
100900125,0,0,0
100900126,0,0,0
100900127,0,0,0
100900128,2,4,-2
100900129,0,0,0
100900131,0,0,0
100900133,0,0,0
100900134,0,0,0
100900135,0,0,0
100900137,0,0,0
100900138,0,0,0
100900139,0,0,0
100900140,0,33,-33
100900141,0,0,0
100900142,0,0,0
100900143,0,0,0
100900144,0,0,0
100900145,0,0,0
100900146,0,0,0
100900147,0,0,0
100900148,1,104,-103
100900149,0,0,0
100900150,0,0,0
100900151,3,55,-52
100900152,0,0,0
100900153,0,0,0
100900154,0,0,0
100900155,0,0,0
100900156,0,0,0
100900157,0,0,0
100900158,88,7,81
100900159,0,0,0
100900160,0,0,0
100900161,0,0,0
100900162,0,0,0
100900163,1,8,-7
100900164,0,0,0
100900165,0,0,0
100900166,0,0,0
100900167,0,0,0
100900168,0,0,0
100900169,21,155,-134
100900170,0,0,0
100900171,0,96,-96
100900172,0,0,0
100900173,0,67,-67
100900174,0,0,0
100900176,0,0,0
100900177,0,0,0
100900178,0,0,0
100900179,0,0,0
100900180,0,0,0
100900181,0,0,0
100900182,0,0,0
100900184,0,0,0
100900186,0,0,0
100900187,0,0,0
100900188,0,0,0
100900189,0,0,0
100900191,0,0,0
100900192,0,0,0
100900195,0,0,0
100900197,0,0,0
100900198,0,0,0
100900199,0,0,0
100900200,53,23,30
100900201,2,130,-128
100900202,0,0,0
100900203,0,0,0
100900204,0,0,0
100900205,0,0,0
100900206,0,0,0
100900207,0,0,0
100900210,5,42,-37
100900211,0,0,0
100900213,0,0,0
100900214,102,3,99
100900215,0,0,0
101000001,646,163,483
101000002,754,310,444
101000003,78,46,32
101000004,2458,276,2182
101000005,1044,331,713
101000006,1398,892,506
101000007,1511,809,702
101000008,794,299,495
101000009,99,300,-201
101000010,93,104,-11
101000011,366,10,356
101000012,0,0,0
101000013,97,60,37
101000014,40,16,24
101000015,125,121,4
101000016,15,13,2
101000017,92,64,28
101000018,450,471,-21
101000020,739,121,618
101000021,54,15,39
101000022,474,99,375
101000023,404,354,50
101000025,0,0,0
101000026,14,3,11
101000027,412,117,295
101000028,10,12,-2
101000029,4,78,-74
101000030,208,23,185
101000031,26,2,24
101000032,379,264,115
101000033,850,340,510
101000034,407,231,176
101000035,244,26,218
101000036,245,70,175
101000037,520,99,421
101000039,378,179,199
101000040,1348,230,1118
101000041,611,160,451
101000042,14,75,-61
101000043,1726,310,1416
101000045,139,39,100
101000046,350,167,183
101000047,51,71,-20
101000048,101,78,23
101000049,52,90,-38
101000050,193,43,150
101000051,877,103,774
101000052,329,51,278
101000053,49,35,14
101000054,234,63,171
101000055,263,68,195
101000056,8,1,7
101000057,1057,123,934
101000058,165,27,138
101000059,103,28,75
101000060,354,52,302
101000061,18,17,1
101000062,642,83,559
101000063,3,11,-8
101000064,366,93,273
101000065,6,16,-10
101000066,1,10,-9
101000067,235,146,89
101000068,54,25,29
101000069,117,19,98
101000070,783,328,455
101000071,509,158,351
101000072,366,269,97
101000073,27,25,2
101000074,1507,417,1090
101000075,3914,802,3112
101000077,209,162,47
101000078,131,66,65
101000079,121,153,-32
101000080,419,349,70
101000081,119,122,-3
101000082,523,222,301
101000083,124,72,52
101000084,233,191,42
101000085,60,10,50
101000086,540,291,249
101000087,220,244,-24
101000088,31,20,11
101000089,44,33,11
101000090,629,234,395
101000091,27,97,-70
101000092,183,112,71
101000093,201,50,151
101000094,164,317,-153
101000095,31,236,-205
101000096,19,26,-7
101000097,16,70,-54
101000098,11,35,-24
101000099,172,103,69
101000100,176,160,16
101000101,8,23,-15
101000102,116,41,75
101000103,46,53,-7
101000104,24,42,-18
101000105,0,0,0
101000106,17,24,-7
101000107,9,34,-25
101000108,0,0,0
101000109,2,8,-6
101000110,0,0,0
101000111,0,27,-27
101000113,0,0,0
101000114,653,266,387
101000115,0,0,0
101000116,0,0,0
101000117,4,7,-3
101000119,27,9,18
101000120,41,6,35
101000121,32,1,31
101000122,8,14,-6
101000123,3,16,-13
101000124,199,161,38
101000125,29,93,-64
101000128,212,119,93
101000130,119,34,85
101000131,57,50,7
101000132,112,361,-249
101000135,22,10,12
101000136,107,56,51
101000137,4,8,-4
101000141,150,120,30
101000147,133,158,-25
101000148,248,0,248
101000149,2,0,2
101000150,0,0,0
101000151,2,8,-6
101000152,40,21,19
101000153,49,40,9
101000154,6,258,-252
101000155,39,43,-4
101000156,2,81,-79
101000157,0,0,0
101000160,1,0,1
101000163,0,0,0
101000164,30,100,-70
101000165,56,37,19
101000166,15,9,6
101000168,39,42,-3
101000252,55,107,-52
101000254,239,19,220
101000258,0,1,-1
101000261,0,0,0
101000262,20,89,-69
101000263,1,20,-19
101000265,9,129,-120
101000266,90,46,44
101000269,172,36,136
101000290,137,21,116
101000293,0,5,-5
101000294,116,98,18
101000295,14,62,-48
101000301,174,35,139
101000304,609,813,-204
101000305,324,361,-37
101900001,0,0,0
101900002,0,0,0
101900003,0,3,-3
101900004,0,0,0
101900005,492,44,448
101900006,0,0,0
101900007,0,0,0
101900008,0,0,0
101900009,0,0,0
101900010,0,0,0
101900011,0,0,0
101900012,0,0,0
101900013,38,2,36
101900017,0,0,0
101900018,0,0,0
101900019,0,0,0
101900020,0,0,0
101900021,0,0,0
101900022,0,0,0
101900023,0,0,0
102000001,264,503,-239
102000002,160,183,-23
102000003,1134,568,566
102000004,943,264,679
102000005,413,438,-25
102000006,257,134,123
102000007,485,693,-208
102000008,721,256,465
102000009,1247,1233,14
102000010,1416,626,790
102000011,534,585,-51
102000012,313,375,-62
102000018,310,40,270
102000019,53,36,17
102000026,0,0,0
102000029,0,0,0
102000030,2,13,-11
102000031,0,0,0
102000032,16,35,-19
102000033,0,4,-4
102000034,45,32,13
102000035,0,0,0
102000036,0,0,0
102000037,5,2,3
102000038,1,0,1
102000039,0,0,0
102000040,8,14,-6
102000041,0,0,0
102000042,0,0,0
102000043,4,10,-6
102000044,0,0,0
102000045,96,66,30
102000046,47,16,31
102000047,29,88,-59
102000048,9,17,-8
102000049,35,6,29
102000050,41,122,-81
102000051,33,31,2
102000052,80,122,-42
102000053,45,44,1
102000054,32,132,-100
102000055,90,170,-80
102000056,39,116,-77
102000057,74,24,50
102000058,159,204,-45
102000059,165,267,-102
102000060,44,61,-17
102000061,107,524,-417
102000062,34,75,-41
102000063,214,246,-32
102000064,45,76,-31
102000065,14,25,-11
102000066,351,230,121
102000067,387,429,-42
102000068,824,368,456
102000069,0,0,0
102000070,248,16,232
102000071,1438,1547,-109
102000072,866,1612,-746
102000073,7,181,-174
102000074,32,323,-291
102000075,0,73,-73
102000076,7,225,-218
102000077,30,323,-293
102000078,61,484,-423
102000079,14,102,-88
102000080,27,88,-61
102000081,66,249,-183
102000082,116,119,-3
102000083,43,92,-49
102000084,0,0,0
102000085,124,131,-7
102000086,48,32,16
102000087,82,229,-147
102000088,13,6,7
102000089,0,0,0
102000090,93,83,10
102000091,286,83,203
102000092,137,105,32
102000093,56,118,-62
102000094,0,0,0
102000095,131,273,-142
102000096,0,0,0
102000097,574,421,153
102000098,8,52,-44
102000099,182,75,107
102000100,17,15,2
102000101,104,22,82
102000102,49,5,44
102000103,99,31,68
102000104,132,62,70
102000105,15,116,-101
102000106,29,127,-98
102000107,0,0,0
102000108,24,56,-32
102000109,0,0,0
102000110,0,0,0
102000111,0,0,0
102000112,3,6,-3
102000113,0,0,0
102000114,0,0,0
102000115,23,19,4
102000116,5,29,-24
102000117,18,105,-87
102000118,41,193,-152
102000119,558,60,498
102000120,10,5,5
102000121,43,65,-22
102000122,22,11,11
102000123,96,58,38
102000124,134,11,123
102000125,62,45,17
102000126,43,29,14
102000127,86,49,37
102000128,68,63,5
102000129,47,40,7
102000130,53,52,1
102000131,54,55,-1
102000132,34,31,3
102000133,163,450,-287
102000134,35,49,-14
102000135,0,0,0
102000136,25,16,9
102000137,57,6,51
102000138,0,0,0
102000139,0,0,0
102000140,3,14,-11
102000141,2,24,-22
102000142,9,27,-18
102000143,2,28,-26
102000144,2,34,-32
102000145,8,33,-25
102000146,0,0,0
102000147,9,19,-10
102000148,0,0,0
102000149,2,0,2
102000150,0,5,-5
102000151,0,0,0
102000152,0,0,0
102000153,0,0,0
102000154,18,34,-16
102000155,18,17,1
102000156,46,4,42
102000157,1,9,-8
102000158,29,7,22
102000159,222,8,214
102000161,606,162,444
102000162,56,36,20
102000163,0,0,0
102000164,0,0,0
102000165,81,43,38
102000166,2,21,-19
102000167,42,107,-65
102000168,41,32,9
102000169,32,74,-42
102000170,305,82,223
102000171,19,33,-14
102000172,1,32,-31
102000173,29,25,4
102000174,3,10,-7
102000175,2,1,1
102000176,0,0,0
102000178,7,122,-115
102000179,5,29,-24
102000180,38,124,-86
102000181,7,116,-109
102000182,71,148,-77
102000183,92,206,-114
102000184,142,439,-297
102000185,94,163,-69
102000186,68,733,-665
102000187,84,594,-510
102000188,14,156,-142
102000189,1068,245,823
102000190,98,264,-166
102000191,186,22,164
102000192,137,255,-118
102000193,0,0,0
102000194,0,0,0
102000195,6,36,-30
102000196,0,0,0
102000197,11,63,-52
102000198,0,0,0
102000199,20,76,-56
102000200,0,0,0
102000201,21,49,-28
102000202,0,0,0
102000203,13,67,-54
102000204,9,8,1
102000205,11,15,-4
102000206,86,137,-51
102000207,4,4,0
102000208,30,109,-79
102000209,3,6,-3
102000210,1,197,-196
102000211,2,114,-112
102000212,0,0,0
102000213,0,64,-64
102000214,0,0,0
102000215,1,92,-91
102000216,0,0,0
102000217,1,27,-26
102000218,0,0,0
102000219,46,40,6
102000225,0,0,0
102000226,2,8,-6
102000227,0,0,0
102000228,1,37,-36
102000229,5,2,3
102000230,7,43,-36
102000231,22,7,15
102000232,0,0,0
102000233,16,16,0
102000234,0,0,0
102000236,12,1,11
102000237,10,9,1
102000238,4,3,1
102000240,160,292,-132
102000241,35,6,29
102000243,0,0,0
102000245,15,18,-3
102000246,0,0,0
102000247,25,118,-93
102000248,16,81,-65
102000249,9,52,-43
102000250,7,97,-90
102000254,0,0,0
102000266,0,0,0
102000271,0,0,0
102000286,0,0,0
102000297,43,28,15
102000300,0,0,0
102000301,0,0,0
102000305,0,0,0
102000306,0,0,0
102000307,0,6,-6
102000308,0,6,-6
102900001,0,0,0
102900002,0,0,0
102900003,0,22,-22
102900005,0,0,0
102900006,0,0,0
102900007,0,0,0
102900008,0,0,0
102900009,0,0,0
102900010,0,0,0
102900011,0,0,0
102900012,0,0,0
102900013,0,0,0
102900015,0,0,0
102900016,0,0,0
102900017,0,0,0
102900018,0,0,0
102900019,0,0,0
102900020,0,0,0
102900021,0,0,0
102900022,10,16,-6
102900023,0,0,0
102900024,0,0,0
102900025,0,0,0
102900026,0,0,0
102900027,0,0,0
102900028,0,0,0
102900029,0,5,-5
102900030,0,0,0
102900031,0,0,0
102900032,0,9,-9
102900033,0,0,0
102900034,0,0,0
102900035,4,38,-34
102900036,0,0,0
102900037,0,0,0
102900038,0,0,0
102900039,0,0,0
102900040,0,0,0
102900041,0,0,0
102900042,0,0,0
102900043,0,0,0
102900044,0,0,0
102900045,0,0,0
102900046,0,0,0
102900047,0,0,0
102900048,0,0,0
102900049,0,0,0
102900050,0,0,0
102900051,0,0,0
102900052,0,0,0
102900053,0,0,0
102900054,0,0,0
102900055,0,0,0
102900056,0,0,0
102900057,0,0,0
102900058,0,0,0
102900059,0,0,0
102900060,0,0,0
102900061,0,0,0
102900062,0,0,0
102900063,0,0,0
102900064,0,0,0
102900065,0,0,0
102900066,0,0,0
102900068,0,0,0
102900070,1,45,-44
102900072,1,13,-12
102900073,15,0,15
102900074,0,0,0
102900075,0,0,0
102900076,0,0,0
102900077,0,0,0
102900078,0,0,0
102900079,0,0,0
102900080,0,0,0
102900081,0,0,0
102900082,0,0,0
102900083,0,0,0
102900084,0,0,0
102900085,0,0,0
102900086,0,0,0
102900087,0,0,0
102900088,0,0,0
102900089,0,0,0
102900090,0,81,-81
102900091,0,0,0
102900092,1,205,-204
102900093,0,0,0
102900094,0,0,0
102900095,0,0,0
102900096,2,6,-4
102900097,0,40,-40
103000001,489,476,13
103000002,140,328,-188
103000003,597,460,137
103000004,140,114,26
103000005,99,93,6
103000006,47,76,-29
103000007,16,51,-35
103000008,92,370,-278
103000009,24,12,12
103000010,3,3,0
103000011,315,180,135
103000012,112,63,49
103000013,2205,439,1766
103000014,22,56,-34
103000015,814,283,531
103000016,23,20,3
103000017,0,0,0
103000018,0,0,0
103000019,0,0,0
103000020,184,389,-205
103000021,31,26,5
103000022,171,392,-221
103000023,10,26,-16
103000024,0,0,0
103000025,0,0,0
103000026,0,0,0
103000027,0,0,0
103000028,0,0,0
103000029,14,0,14
103000030,698,103,595
103000031,38,43,-5
103000032,311,325,-14
103000033,186,70,116
103000034,608,216,392
103000035,75,73,2
103000036,74,20,54
103000037,194,104,90
103000038,58,53,5
103000039,26,128,-102
103000040,7,69,-62
103000041,418,757,-339
103000042,116,226,-110
103000043,14,65,-51
103000044,23,8,15
103000046,26,18,8
103000047,0,0,0
103000048,10,10,0
103000049,0,0,0
103000050,8,15,-7
103000051,30,35,-5
103000052,17,4,13
103000053,6,14,-8
103000054,472,175,297
103000055,80,54,26
103000056,45,176,-131
103000057,47,45,2
103000058,54,187,-133
103000059,31,67,-36
103000060,202,227,-25
103000061,29,51,-22
103000062,156,148,8
103000063,67,44,23
103000064,41,85,-44
103000065,0,0,0
103000066,1,0,1
103000069,1,5,-4
103000070,68,260,-192
103000071,81,32,49
103000072,13,337,-324
103000073,0,0,0
103000074,0,0,0
103000075,48,308,-260
103000076,0,0,0
103000077,4,154,-150
103000078,0,0,0
103000079,254,43,211
103000080,0,0,0
103000081,43,94,-51
103000082,6,2,4
103000083,7,94,-87
103000084,0,0,0
103000085,0,13,-13
103000086,11,7,4
103000087,9,79,-70
103000088,43,67,-24
103000089,9,9,0
103000090,337,256,81
103000091,58,82,-24
103000092,4,4,0
103000093,41,146,-105
103000094,0,2,-2
103000095,10,83,-73
103000096,8,1,7
103000097,18,155,-137
103000098,6,1,5
103000099,12,112,-100
103000100,7,271,-264
103000101,0,0,0
103000102,24,252,-228
103000103,0,18,-18
103000104,0,61,-61
103000105,0,0,0
103000106,0,51,-51
103000107,0,0,0
103000108,55,69,-14
103000109,57,52,5
103000110,142,106,36
103000111,141,90,51
103000112,9,7,2
103000113,46,136,-90
103000114,10,14,-4
103000115,21,43,-22
103000116,34,40,-6
103000117,29,37,-8
103000118,178,254,-76
103000119,616,185,431
103000120,13,39,-26
103000121,20,95,-75
103000122,7,5,2
103000125,0,0,0
103000126,1,0,1
103000127,0,0,0
103000128,3,0,3
103000129,0,0,0
103000130,0,0,0
103000131,0,0,0
103000132,1,1,0
103000133,0,0,0
103000134,130,91,39
103000135,311,42,269
103000136,158,73,85
103000137,103,95,8
103000138,184,81,103
103000139,0,15,-15
103000140,0,0,0
103000141,4,18,-14
103000142,0,0,0
103000143,3,49,-46
103000144,3,0,3
103000145,0,0,0
103000150,3,6,-3
103000152,19,58,-39
103000153,1,14,-13
103000156,0,0,0
103000157,0,0,0
103000159,15,19,-4
103000162,0,0,0
103000163,0,0,0
103000164,0,0,0
103000165,0,3,-3
103000166,0,0,0
103000167,1,11,-10
103000168,7,11,-4
103000169,0,0,0
103000170,104,75,29
103000171,0,0,0
103000172,7,72,-65
103000173,39,200,-161
103000174,14,8,6
103000175,81,357,-276
103000176,31,3,28
103000177,257,99,158
103000178,156,156,0
103000179,2,0,2
103000183,0,22,-22
103000185,0,0,0
103000186,0,0,0
103000187,28,115,-87
103000188,1,16,-15
103000189,70,297,-227
103000191,30,41,-11
103000292,302,10,292
103000293,0,0,0
103000295,0,0,0
103000296,0,0,0
103000297,0,0,0
103000504,0,0,0
103000505,0,0,0
103000506,0,1,-1
103000507,1,0,1
103000508,4,5,-1
103000509,38,118,-80
103900001,0,0,0
103900002,0,0,0
103900003,0,5,-5
103900004,0,0,0
103900005,0,0,0
103900006,0,0,0
103900007,0,0,0
103900008,0,0,0
103900009,1,65,-64
103900010,5,81,-76
103900011,9,65,-56
103900012,0,0,0
103900013,0,9,-9
103900014,0,0,0
103900015,0,0,0
103900016,18,38,-20
103900017,2,25,-23
103900018,72,21,51
103900019,0,0,0
103900020,0,0,0
103900021,0,0,0
103900022,0,64,-64
103900023,0,0,0
103900024,0,0,0
103900025,0,0,0
103900026,0,0,0
103900027,0,0,0
103900028,0,35,-35
103900029,9,19,-10
103900030,0,0,0
103900031,0,0,0
103900032,0,0,0
103900033,0,0,0
103900034,1,26,-25
103900035,0,1,-1
103900036,0,0,0
103900037,0,0,0
103900038,0,0,0
103900039,0,83,-83
103900040,1,5,-4
103900041,0,0,0
103900042,1,87,-86
103900043,0,0,0
103900044,0,0,0
103900045,0,0,0
103900047,0,29,-29
103900048,0,0,0
103900049,0,0,0
103900050,0,36,-36
103900051,0,9,-9
103900052,1,26,-25
103900053,2,155,-153
103900054,0,0,0
103900055,6,4,2
103900056,0,7,-7
103900057,0,1,-1
103900058,6,82,-76
103900059,0,0,0
103900060,0,1,-1
103900061,0,0,0
103900062,1,6,-5
103900063,0,0,0
103900064,0,0,0
103900065,96,32,64
103900066,0,0,0
103900067,0,0,0
103900068,0,0,0
103900069,0,0,0
103900070,0,0,0
103900071,0,23,-23
103900072,1,72,-71
103900073,0,0,0
103900074,0,0,0
103900075,0,0,0
103900076,8,32,-24
103900077,0,0,0
103900078,0,0,0
103900079,0,0,0
103900080,0,0,0
103900081,0,0,0
103900082,0,0,0
103900083,0,0,0
103900084,0,0,0
103900085,0,0,0
103900086,0,0,0
103900087,0,0,0
103900088,0,0,0
103900089,0,0,0
103900090,0,0,0
103900091,0,0,0
103900092,4,32,-28
103900093,0,0,0
103900094,0,0,0
103900095,8,9,-1
103900096,0,0,0
103900097,0,0,0
103900098,1,0,1
103900099,0,3,-3
103900100,7,43,-36
103900101,0,1,-1
103900102,0,1,-1
103900104,0,0,0
103900105,9,16,-7
103900106,0,0,0
103900107,0,0,0
103900108,8,135,-127
103900109,0,0,0
103900110,9,3,6
103900111,1,124,-123
103900112,0,0,0
103900113,6,2,4
103900114,20,11,9
103900115,23,3,20
103900116,402,8,394
103900117,40,29,11
103900119,0,0,0
103900120,0,0,0
103900122,1,87,-86
103900123,25,22,3
103900124,5,3,2
103900125,6,15,-9
103900126,0,0,0
103900127,6,81,-75
103900128,1,30,-29
103900131,0,15,-15
103900133,0,0,0
103900134,0,0,0
103900135,0,0,0
103900137,0,0,0
103900138,0,0,0
103900139,0,70,-70
103900140,0,0,0
103900141,0,0,0
103900142,0,0,0
103900143,0,0,0
103900144,0,0,0
103900145,0,3,-3
103900146,0,0,0
103900147,9,12,-3
103900148,6,61,-55
103900149,0,0,0
103900150,4,82,-78
103900151,0,0,0
103900152,0,8,-8
103900153,0,0,0
103900154,72,10,62
103900155,0,0,0
103900156,0,0,0
103900157,0,0,0
103900158,0,0,0
103900159,0,0,0
103900160,0,0,0
103900161,0,0,0
103900162,9,23,-14
103900163,0,0,0
103900164,0,0,0
103900167,0,0,0
103900168,0,0,0
103900169,0,0,0
103900170,0,0,0
103900171,0,0,0
103900172,0,0,0
103900173,0,0,0
103900174,0,0,0
103900175,0,0,0
103900176,0,1,-1
103900177,0,0,0
103900178,0,0,0
103900179,0,0,0
103900180,0,0,0
103900181,0,0,0
103900182,0,0,0
103900184,0,0,0
103900185,0,0,0
103900187,5,2,3
103900188,11,0,11
103900189,0,1,-1
103900190,0,0,0
103900191,0,0,0
103900192,0,0,0
103900193,0,0,0
103900194,0,0,0
103900195,0,0,0
103900196,0,0,0
103900197,0,0,0
103900198,0,0,0
103900199,0,0,0
103900200,0,0,0
103900201,0,0,0
103900202,0,0,0
103900203,0,0,0
103900204,0,3,-3
103900207,0,2,-2
103900208,2,0,2
103900209,0,0,0
103900210,1,2,-1
103900211,1,4,-3
103900212,3,98,-95
103900213,32,136,-104
103900214,14,10,4
103900215,651,142,509
103900216,2,102,-100
103900217,0,0,0
103900218,0,0,0
103900219,0,0,0
103900233,0,0,0
103900235,0,0,0
103900236,0,0,0
103900242,0,0,0
103900243,0,0,0
103900244,0,0,0
103900245,0,0,0
103900246,0,0,0
103900247,0,0,0
103900248,0,0,0
103900249,0,0,0
103900250,0,0,0
103900251,0,0,0
103900253,0,0,0
103900254,0,0,0
103900255,0,0,0
103900256,0,0,0
103900257,0,0,0
103900258,0,0,0
103900259,0,0,0
103900261,0,0,0
103900262,0,0,0
103900263,0,0,0
103900264,0,0,0
103900265,0,0,0
103900266,0,0,0
103900267,1,5,-4
104000001,324,387,-63
104000002,324,521,-197
104000003,428,526,-98
104000004,1304,526,778
104000005,91,423,-332
104000006,395,830,-435
104000007,884,795,89
104000008,301,365,-64
104000009,20,53,-33
104000010,0,0,0
104000011,314,346,-32
104000012,40,306,-266
104000013,0,0,0
104000014,74,413,-339
104000015,0,0,0
104000016,66,234,-168
104000018,29,10,19
104000019,44,4,40
104000020,2,11,-9
104000021,20,20,0
104000022,28,5,23
104000023,42,43,-1
104000024,7,5,2
104000026,0,1,-1
104000027,72,264,-192
104000028,60,30,30
104000029,91,338,-247
104000030,22,49,-27
104000031,10,8,2
104000032,17,229,-212
104000033,9,10,-1
104000034,57,289,-232
104000035,8,16,-8
104000036,18,13,5
104000037,54,175,-121
104000038,30,46,-16
104000039,6,13,-7
104000040,21,16,5
104000041,58,39,19
104000042,27,67,-40
104000043,41,51,-10
104000044,42,155,-113
104000045,94,154,-60
104000046,166,158,8
104000047,10,25,-15
104000048,38,75,-37
104000049,5,21,-16
104000050,3,26,-23
104000051,21,233,-212
104000052,114,286,-172
104000053,123,148,-25
104000054,20,139,-119
104000055,828,320,508
104000056,44,12,32
104000057,8,186,-178
104000058,139,149,-10
104000059,34,338,-304
104000060,88,207,-119
104000061,68,153,-85
104000062,0,0,0
104000064,59,24,35
104000065,2,34,-32
104000069,184,54,130
104000070,1,2,-1
104000071,19,81,-62
104000072,0,0,0
104000075,0,0,0
104000076,0,0,0
104000082,301,506,-205
104000083,74,39,35
104000084,16,95,-79
104000085,9,36,-27
104000086,39,126,-87
104000087,18,36,-18
104000090,36,334,-298
104000092,46,558,-512
104000094,64,412,-348
104000095,369,389,-20
104000096,0,66,-66
104000097,0,0,0
104000098,0,0,0
104000100,0,0,0
104000101,132,280,-148
104000106,26,39,-13
104000107,67,193,-126
104000108,36,104,-68
104000109,0,0,0
104000110,52,86,-34
104000111,208,209,-1
104000112,244,64,180
104000116,1,665,-664
104000117,2,304,-302
104000118,20,46,-26
104000119,10,29,-19
104000120,5,242,-237
104000121,10,57,-47
104000122,55,123,-68
104000123,155,196,-41
104000124,455,339,116
104000125,1193,221,972
104000126,17,73,-56
104000127,396,827,-431
104000128,67,126,-59
104000129,0,0,0
104000130,0,66,-66
104000131,877,364,513
104000132,347,487,-140
104000133,235,183,52
104000134,188,137,51
104000135,72,98,-26
104000136,371,224,147
104000137,840,90,750
104000138,380,82,298
104000139,2907,488,2419
104000141,220,379,-159
104000142,109,412,-303
104000143,70,429,-359
104000144,0,0,0
104000145,0,0,0
104000146,215,400,-185
104000147,68,183,-115
104000148,0,0,0
104000149,66,262,-196
104000150,0,0,0
104000151,100,401,-301
104000152,68,496,-428
104000153,0,0,0
104000154,292,293,-1
104000155,0,0,0
104000157,143,327,-184
104000158,43,47,-4
104000159,61,31,30
104000160,485,190,295
104000161,0,0,0
104000162,0,0,0
104000165,0,0,0
104000167,13,81,-68
104000168,0,0,0
104000169,0,0,0
104000170,268,35,233
104000248,2,110,-108
104000251,32,84,-52
104000272,6,0,6
104000273,7,2,5
104000274,4,0,4
104000275,7,2,5
104000279,145,78,67
104000290,9,70,-61
104000291,137,128,9
104000293,5,19,-14
104000294,0,0,0
104000295,59,305,-246
104000296,17,93,-76
104000297,417,428,-11
104000298,402,141,261
104000299,95,269,-174
104900001,0,0,0
104900002,0,0,0
104900003,0,0,0
104900004,0,0,0
104900005,0,8,-8
104900006,0,0,0
104900007,2,4,-2
104900009,0,0,0
104900010,0,0,0
104900011,0,0,0
104900012,0,0,0
104900013,0,0,0
104900014,0,0,0
104900015,0,0,0
104900016,0,0,0
104900017,0,0,0
104900018,0,0,0
104900019,0,0,0
104900020,0,0,0
104900021,0,0,0
104900022,0,0,0
104900023,0,0,0
104900024,0,0,0
104900025,0,0,0
104900026,0,0,0
104900027,0,0,0
104900028,0,0,0
104900029,0,0,0
104900030,0,0,0
104900031,0,0,0
104900032,0,0,0
104900033,0,0,0
104900034,0,0,0
104900035,0,0,0
104900036,0,0,0
104900037,0,0,0
104900038,0,0,0
104900039,0,0,0
104900040,0,0,0
104900041,0,0,0
104900042,0,0,0
104900043,0,0,0
104900044,0,0,0
104900045,0,0,0
104900046,0,0,0
104900047,0,0,0
104900048,0,0,0
104900049,0,0,0
104900050,0,0,0
104900051,0,0,0
104900052,0,0,0
104900053,0,0,0
104900054,0,0,0
104900055,0,0,0
104900056,0,0,0
104900057,0,0,0
104900058,0,0,0
104900059,0,0,0
104900060,0,5,-5
104900061,0,0,0
104900063,0,0,0
104900064,0,0,0
104900065,0,2,-2
104900066,0,0,0
104900067,0,2,-2
104900068,0,0,0
104900070,0,0,0
104900071,0,97,-97
104900072,0,0,0
104900073,0,0,0
104900074,0,0,0
104900075,0,0,0
104900076,0,0,0
104900077,0,0,0
104900078,0,0,0
104900079,0,0,0
104900080,0,0,0
104900082,0,0,0
104900085,0,0,0
104900087,0,0,0
104900089,0,0,0
104900090,0,0,0
104900091,0,0,0
104900093,0,0,0
104900097,0,0,0
104900098,0,0,0
104900099,0,0,0
104900100,0,0,0
104900102,0,0,0
104900103,0,0,0
104900104,0,0,0
104900106,0,0,0
104900107,0,0,0
104900108,0,0,0
104900109,0,0,0
104900110,0,0,0
104900111,0,0,0
104900112,0,0,0
104900113,7,19,-12
104900114,0,0,0
104900115,5,25,-20
104900116,0,0,0
104900118,0,0,0
104900119,0,0,0
104900120,0,0,0
104900121,0,0,0
104900122,0,0,0
104900123,0,0,0
104900124,0,0,0
104900125,0,0,0
104900126,0,0,0
104900127,0,0,0
104900128,0,0,0
104900129,0,0,0
105000001,463,514,-51
105000002,164,310,-146
105000003,235,548,-313
105000004,98,246,-148
105000005,82,274,-192
105000006,50,207,-157
105000007,53,176,-123
105000008,34,258,-224
105000009,134,264,-130
105000010,752,1166,-414
105000011,202,247,-45
105000012,1338,1645,-307
105000013,156,136,20
105000014,178,162,16
105000015,1157,342,815
105000016,1429,466,963
105000017,256,173,83
105000018,61,143,-82
105000019,5,5,0
105000020,14,67,-53
105000021,1,3,-2
105000022,0,0,0
105000023,0,0,0
105000028,14,34,-20
105000029,60,106,-46
105000030,1170,1663,-493
105000033,330,1176,-846
105000034,0,0,0
105000037,41,62,-21
105000038,76,55,21
105000039,1350,1314,36
105000040,18,27,-9
105000041,147,893,-746
105000042,102,60,42
105000043,867,1775,-908
105000044,21,38,-17
105000045,86,677,-591
105000046,38,21,17
105000047,80,679,-599
105000048,5,2,3
105000049,74,304,-230
105000050,0,0,0
105000051,43,138,-95
105000052,12,81,-69
105000053,14,75,-61
105000054,2,77,-75
105000055,23,60,-37
105000056,11,302,-291
105000057,111,237,-126
105000058,136,247,-111
105000059,21,41,-20
105000060,40,186,-146
105000061,10,28,-18
105000062,184,337,-153
105000063,37,210,-173
105000064,42,95,-53
105000065,46,266,-220
105000066,125,391,-266
105000067,44,86,-42
105000068,113,125,-12
105000069,310,111,199
105000070,51,85,-34
105000071,0,0,0
105000072,0,0,0
105000073,10,17,-7
105000074,160,296,-136
105000075,57,199,-142
105000076,244,278,-34
105000077,567,219,348
105000078,138,121,17
105000079,457,686,-229
105000080,89,60,29
105000081,243,198,45
105000082,30,71,-41
105000083,32,22,10
105000084,94,215,-121
105000085,34,47,-13
105000086,94,174,-80
105000087,648,441,207
105000088,23,14,9
105000089,903,1028,-125
105000090,356,577,-221
105000091,741,1018,-277
105000092,99,428,-329
105000093,3,44,-41
105000094,6,3,3
105000095,1,41,-40
105000096,2,2,0
105000097,115,217,-102
105000098,0,0,0
105000099,68,255,-187
105000100,115,158,-43
105000101,187,382,-195
105000102,169,241,-72
105000103,105,392,-287
105000104,125,159,-34
105000105,13,334,-321
105000106,175,510,-335
105000107,47,59,-12
105000108,147,83,64
105000109,168,485,-317
105000110,40,30,10
105000111,11,31,-20
105000112,203,24,179
105000113,8,20,-12
105000114,0,0,0
105000115,11,52,-41
105000116,2,1,1
105000117,69,149,-80
105000118,3,2,1
105000119,104,303,-199
105000120,5,0,5
105000121,159,334,-175
105000122,11,107,-96
105000123,143,252,-109
105000124,100,233,-133
105000125,47,410,-363
105000126,145,491,-346
105000127,214,363,-149
105000128,17,263,-246
105000129,35,84,-49
105000130,0,0,0
105000131,84,73,11
105000132,0,0,0
105000133,97,363,-266
105000134,0,0,0
105000135,76,195,-119
105000136,2,37,-35
105000137,34,66,-32
105000138,12,41,-29
105000139,162,281,-119
105000140,0,0,0
105000141,21,175,-154
105000142,0,0,0
105000143,19,165,-146
105000144,43,284,-241
105000145,0,0,0
105000146,134,267,-133
105000147,0,0,0
105000148,0,0,0
105000149,0,0,0
105000150,508,401,107
105000151,11,18,-7
105000152,2,190,-188
105000153,55,18,37
105000154,28,231,-203
105000155,5,52,-47
105000156,68,288,-220
105000157,115,656,-541
105000158,58,88,-30
105000159,33,407,-374
105000160,47,62,-15
105000161,80,622,-542
105000162,23,79,-56
105000163,167,294,-127
105000164,115,70,45
105000165,118,138,-20
105000166,2005,49,1956
105000167,305,240,65
105000168,7,265,-258
105000169,60,210,-150
105000170,0,0,0
105000171,113,31,82
105000172,0,0,0
105000173,0,0,0
105000174,0,0,0
105000175,12,70,-58
105000176,4,10,-6
105000177,3,29,-26
105000178,0,0,0
105000179,5,26,-21
105000180,1,46,-45
105000181,0,0,0
105000182,9,19,-10
105000183,13,4,9
105000184,479,360,119
105000185,173,114,59
105000186,97,613,-516
105000187,97,41,56
105000188,4,23,-19
105000189,23,320,-297
105000190,0,0,0
105000191,58,356,-298
105000192,15,73,-58
105000193,14,67,-53
105000194,52,62,-10
105000195,46,321,-275
105000196,13,27,-14
105000197,22,209,-187
105000198,194,67,127
105000199,50,49,1
105000200,2,36,-34
105000201,9,8,1
105000203,1,15,-14
105000204,22,19,3
105000205,4,15,-11
105000207,220,96,124
105000208,0,0,0
105000209,22,174,-152
105000212,101,267,-166
105000213,0,0,0
105000214,0,0,0
105000215,6,64,-58
105000216,40,226,-186
105000217,40,229,-189
105000218,20,192,-172
105000221,2,40,-38
105000222,4,12,-8
105000223,9,69,-60
105000226,0,0,0
105000227,0,0,0
105000228,3,95,-92
105000229,0,1,-1
105000231,0,0,0
105000233,64,42,22
105000234,187,732,-545
105000235,7,8,-1
105000237,0,0,0
105000243,0,0,0
105000248,42,32,10
105000262,23,252,-229
105000269,6,21,-15
105000270,21,55,-34
105000271,0,22,-22
105000282,1,6,-5
105000287,8,1,7
105000288,17,44,-27
105000289,77,123,-46
105000290,0,0,0
105000402,588,199,389
105000426,91,79,12
105000438,142,77,65
105000446,2202,1066,1136
105000447,2170,682,1488
105000454,1,29,-28
105000455,0,0,0
105000474,0,0,0
105000477,0,0,0
105000478,83,147,-64
105000479,1,31,-30
105000480,238,343,-105
105000481,365,391,-26
105000482,1402,1156,246
105000483,194,331,-137
105000484,457,1058,-601
105000485,518,589,-71
105000486,929,1004,-75
105000488,762,956,-194
105000489,39,98,-59
105000549,0,0,0
105000550,132,384,-252
105000551,0,0,0
105000552,1432,686,746
105900001,0,0,0
105900002,3,10,-7
105900003,3,10,-7
105900004,55,41,14
105900005,1,49,-48
105900006,0,0,0
105900007,0,0,0
105900008,2,139,-137
105900009,0,0,0
105900011,0,0,0
105900012,0,0,0
105900013,0,0,0
105900014,0,0,0
105900015,12,35,-23
105900016,0,0,0
105900017,0,0,0
105900018,16,16,0
105900019,0,0,0
105900020,0,5,-5
105900021,0,0,0
105900022,0,15,-15
105900023,0,0,0
105900024,0,0,0
105900025,0,0,0
105900026,11,1,10
105900027,0,0,0
105900028,1,49,-48
105900029,5,31,-26
105900030,7,31,-24
105900031,52,41,11
105900032,11,28,-17
105900033,4,30,-26
105900034,5,63,-58
105900035,11,30,-19
105900036,4,14,-10
105900037,8,5,3
105900038,6,15,-9
105900039,1,12,-11
105900040,4,13,-9
105900041,4,18,-14
105900042,0,26,-26
105900043,43,0,43
105900044,0,24,-24
105900045,0,90,-90
105900046,0,35,-35
105900047,0,2,-2
105900048,1,78,-77
105900050,0,0,0
105900051,0,0,0
105900052,0,0,0
105900053,421,15,406
105900054,12,32,-20
105900056,0,0,0
105900057,0,0,0
105900058,0,2,-2
105900059,0,0,0
106000001,363,188,175
106000002,784,1341,-557
106000003,608,422,186
106000004,946,817,129
106000005,443,575,-132
106000006,1806,1673,133
106000007,91,44,47
106000008,218,199,19
106000009,59,15,44
106000010,199,242,-43
106000011,65,62,3
106000012,206,588,-382
106000013,191,139,52
106000014,542,690,-148
106000015,60,117,-57
106000016,376,766,-390
106000017,148,103,45
106000018,263,407,-144
106000019,25,29,-4
106000020,40,231,-191
106000021,45,50,-5
106000022,49,192,-143
106000023,52,47,5
106000024,159,430,-271
106000025,34,42,-8
106000026,120,182,-62
106000027,61,53,8
106000028,184,377,-193
106000029,397,830,-433
106000030,111,37,74
106000034,126,221,-95
106000035,46,130,-84
106000036,95,113,-18
106000037,337,569,-232
106000038,0,0,0
106000039,0,0,0
106000040,36,259,-223
106000041,98,72,26
106000043,0,0,0
106000046,0,0,0
106000047,7,64,-57
106000049,17,5,12
106000050,47,457,-410
106000051,6,18,-12
106000052,28,512,-484
106000053,0,0,0
106000054,173,266,-93
106000055,0,0,0
106000056,113,372,-259
106000057,0,0,0
106000058,38,157,-119
106000059,0,5,-5
106000060,223,347,-124
106000061,5,4,1
106000062,41,311,-270
106000063,0,5,-5
106000064,20,278,-258
106000065,0,18,-18
106000066,15,178,-163
106000067,1,8,-7
106000068,6,254,-248
106000069,13,12,1
106000070,61,324,-263
106000071,22,31,-9
106000072,1053,378,675
106000073,336,216,120
106000074,56,167,-111
106000075,45,293,-248
106000076,112,380,-268
106000077,540,405,135
106000078,103,317,-214
106000079,65,251,-186
106000080,196,394,-198
106000081,28,251,-223
106000082,634,413,221
106000083,24,323,-299
106000084,103,278,-175
106000085,102,244,-142
106000086,37,180,-143
106000087,79,191,-112
106000088,11,291,-280
106000089,66,168,-102
106000090,6,226,-220
106000091,79,170,-91
106000092,0,33,-33
106000093,0,0,0
106000094,13,134,-121
106000095,29,279,-250
106000096,10,228,-218
106000097,42,479,-437
106000098,4,363,-359
106000099,7,409,-402
106000100,23,29,-6
106000101,6,20,-14
106000102,0,233,-233
106000103,3,76,-73
106000104,74,78,-4
106000105,18,90,-72
106000106,47,57,-10
106000107,15,97,-82
106000108,20,43,-23
106000109,8,82,-74
106000110,18,18,0
106000111,4,87,-83
106000112,17,32,-15
106000113,128,65,63
106000114,85,54,31
106000115,19,58,-39
106000116,67,38,29
106000117,221,293,-72
106000118,73,109,-36
106000119,756,306,450
106000120,22,24,-2
106000121,1,4,-3
106000122,11,44,-33
106000123,4,1,3
106000124,2,63,-61
106000125,1,93,-92
106000126,1,3,-2
106000127,6,135,-129
106000128,4,5,-1
106000129,64,184,-120
106000130,0,0,0
106000131,7,156,-149
106000132,0,0,0
106000133,1300,191,1109
106000134,0,0,0
106000135,40,281,-241
106000136,0,0,0
106000137,16,614,-598
106000138,0,0,0
106000139,0,0,0
106000140,1,120,-119
106000141,15,101,-86
106000142,0,0,0
106000143,3,103,-100
106000144,0,0,0
106000145,21,190,-169
106000146,0,0,0
106000147,54,102,-48
106000148,54,184,-130
106000149,75,65,10
106000150,58,317,-259
106000151,879,127,752
106000152,133,90,43
106000153,9,148,-139
106000154,84,25,59
106000155,3,3,0
106000156,59,67,-8
106000157,124,529,-405
106000158,628,111,517
106000159,1357,359,998
106000160,28,245,-217
106000161,331,193,138
106000162,9,75,-66
106000163,58,182,-124
106000164,18,77,-59
106000165,30,279,-249
106000166,41,97,-56
106000167,53,532,-479
106000168,10,73,-63
106000169,14,285,-271
106000170,49,51,-2
106000171,7,288,-281
106000172,305,296,9
106000173,89,773,-684
106000174,14,111,-97
106000175,40,419,-379
106000176,31,57,-26
106000177,69,767,-698
106000178,154,148,6
106000179,158,692,-534
106000180,229,703,-474
106000181,42,655,-613
106000182,61,203,-142
106000183,48,345,-297
106000184,96,309,-213
106000185,63,208,-145
106000186,145,37,108
106000187,20,209,-189
106000188,0,0,0
106000189,0,0,0
106000190,0,0,0
106000191,32,36,-4
106000192,0,18,-18
106000193,39,30,9
106000194,27,66,-39
106000195,14,20,-6
106000196,4,86,-82
106000197,16,55,-39
106000198,17,95,-78
106000199,174,79,95
106000200,149,55,94
106000201,52,52,0
106000202,2231,107,2124
106000203,6,63,-57
106000204,0,0,0
106000205,18,76,-58
106000206,0,0,0
106000207,14,429,-415
106000208,19,4,15
106000209,14,38,-24
106000210,55,526,-471
106000211,123,758,-635
106000212,4,0,4
106000213,60,328,-268
106000214,176,20,156
106000215,5,46,-41
106000216,32,48,-16
106000217,19,48,-29
106000218,33,32,1
106000219,1,30,-29
106000220,35,42,-7
106000221,13,115,-102
106000222,0,0,0
106000223,0,0,0
106000224,11,118,-107
106000225,0,0,0
106000226,23,112,-89
106000228,1,67,-66
106000229,12,332,-320
106000231,13,4,9
106000232,4,171,-167
106000233,3,2,1
106000234,5,119,-114
106000235,4,1,3
106000236,7,14,-7
106000237,0,3,-3
106000238,0,0,0
106000239,1,9,-8
106000240,0,0,0
106000241,7,270,-263
106000242,4,0,4
106000249,0,0,0
106000250,6,152,-146
106000251,0,0,0
106000252,5,40,-35
106000253,0,0,0
106000254,1,14,-13
106000255,0,0,0
106000256,15,28,-13
106000257,15,78,-63
106000258,0,0,0
106000259,0,10,-10
106000260,0,0,0
106000261,0,16,-16
106000262,0,0,0
106000263,0,15,-15
106000264,0,0,0
106000265,4,28,-24
106000266,0,0,0
106000267,2,32,-30
106000268,0,0,0
106000269,5,14,-9
106000270,26,157,-131
106000271,0,0,0
106000272,2,10,-8
106000273,0,0,0
106000274,16,12,4
106000275,0,0,0
106000276,15,10,5
106000277,0,2,-2
106000278,19,4,15
106000279,0,22,-22
106000280,2,20,-18
106000281,5,11,-6
106000282,2,9,-7
106000283,4,13,-9
106000284,7,19,-12
106000285,6,16,-10
106000286,9,34,-25
106000287,5,7,-2
106000288,6,25,-19
106000289,0,12,-12
106000290,5,23,-18
106000291,4,15,-11
106000292,14,19,-5
106000293,3,4,-1
106000294,14,27,-13
106000295,1,3,-2
106000296,16,21,-5
106000297,7,18,-11
106000298,9,8,1
106000299,7,9,-2
106000300,3,13,-10
106000301,4,15,-11
106000303,0,0,0
106000304,0,8,-8
106000305,0,0,0
106000306,4,7,-3
106000307,0,0,0
106000308,2,24,-22
106000309,0,17,-17
106000310,22,110,-88
106000311,14,10,4
106000312,7,34,-27
106000313,5,28,-23
106000318,23,53,-30
106000319,58,0,58
106000320,0,0,0
106000321,4,4,0
106000322,20,96,-76
106000324,0,7,-7
106000325,62,54,8
106000326,276,606,-330
106000327,0,0,0
106000328,0,0,0
106000329,6,45,-39
106000330,5,42,-37
106000428,28,55,-27
106000429,30,111,-81
106000430,86,399,-313
106000431,58,63,-5
106000432,340,783,-443
106000433,159,176,-17
106000434,207,105,102
106000435,769,950,-181
106000436,9,198,-189
106000437,0,0,0
106000438,0,0,0
106000439,30,184,-154
106000440,13,46,-33
106000441,0,0,0
106000442,0,0,0
106000443,1,32,-31
106000450,1,107,-106
106000451,0,0,0
106000454,1,9,-8
106000455,3,52,-49
106000456,0,0,0
106000457,3,440,-437
106000458,0,0,0
106000459,15,233,-218
106000460,0,0,0
106000461,8,840,-832
106000462,1,8,-7
106000463,0,0,0
106000464,4,259,-255
106000465,0,0,0
106000466,3,287,-284
106000467,178,184,-6
106000468,1,0,1
106000469,0,4,-4
106000470,73,242,-169
106000471,6,224,-218
106000472,0,0,0
106000473,0,2,-2
106000474,108,362,-254
106000475,13,30,-17
106000476,33,17,16
106000477,3,33,-30
106900001,0,1,-1
106900002,0,0,0
106900003,0,0,0
106900004,0,7,-7
106900006,0,3,-3
106900007,0,0,0
106900008,0,0,0
106900009,0,0,0
106900010,0,0,0
106900012,0,0,0
106900013,0,0,0
106900014,0,0,0
106900015,0,0,0
106900016,0,0,0
106900017,0,0,0
106900018,0,0,0
106900019,0,0,0
106900020,0,0,0
106900021,0,0,0
106900022,0,0,0
106900023,0,0,0
106900024,0,0,0
106900025,0,0,0
106900026,0,0,0
106900027,0,0,0
107000001,300,466,-166
107000002,1139,1871,-732
107000003,674,943,-269
107000004,2321,2991,-670
107000005,212,429,-217
107000006,1219,3045,-1826
107000007,707,683,24
107000008,9885,6574,3311
107000009,371,499,-128
107000010,5633,4984,649
107000011,385,407,-22
107000012,919,924,-5
107000013,13,147,-134
107000014,14,177,-163
107000015,74,567,-493
107000016,79,627,-548
107000017,303,143,160
107000018,0,46,-46
107000020,71,58,13
107000021,320,385,-65
107000022,62,548,-486
107000023,253,145,108
107000024,66,976,-910
107000025,29,103,-74
107000026,25,389,-364
107000027,392,154,238
107000028,239,520,-281
107000029,199,162,37
107000030,341,867,-526
107000031,182,194,-12
107000032,19,54,-35
107000033,834,1006,-172
107000034,2399,748,1651
107000035,11,5,6
107000036,31,183,-152
107000037,2,17,-15
107000038,61,147,-86
107000039,0,0,0
107000040,37,127,-90
107000041,220,78,142
107000042,165,309,-144
107000043,477,105,372
107000044,140,150,-10
107000045,7,81,-74
107000046,37,63,-26
107000047,43,181,-138
107000048,37,56,-19
107000049,30,203,-173
107000050,38,61,-23
107000051,91,89,2
107000052,128,68,60
107000053,17,14,3
107000054,18,104,-86
107000055,52,7,45
107000056,82,226,-144
107000057,110,21,89
107000058,0,0,0
107000059,338,1082,-744
107000060,31,58,-27
107000061,1318,1367,-49
107000062,26,40,-14
107000063,791,2152,-1361
107000064,34,32,2
107000065,699,2057,-1358
107000066,15,38,-23
107000067,13,38,-25
107000068,0,0,0
107000069,0,0,0
107000070,0,1,-1
107000071,0,0,0
107000072,10,1645,-1635
107000073,0,0,0
107000074,60,486,-426
107000075,0,0,0
107000076,234,1096,-862
107000077,0,0,0
107000078,381,1515,-1134
107000079,0,0,0
107000080,250,1383,-1133
107000081,9,0,9
107000082,97,1129,-1032
107000083,5,10,-5
107000084,132,1156,-1024
107000085,433,526,-93
107000086,386,587,-201
107000087,244,344,-100
107000088,313,633,-320
107000089,89,117,-28
107000090,244,351,-107
107000091,61,133,-72
107000092,266,385,-119
107000093,45,128,-83
107000094,137,441,-304
107000095,0,0,0
107000096,214,496,-282
107000097,0,0,0
107000098,62,159,-97
107000099,0,0,0
107000100,75,116,-41
107000101,0,0,0
107000102,98,116,-18
107000103,0,0,0
107000104,44,107,-63
107000105,12,1,11
107000106,28,99,-71
107000107,10,1,9
107000108,45,294,-249
107000109,0,0,0
107000110,12,217,-205
107000111,0,0,0
107000112,4,172,-168
107000113,0,0,0
107000114,24,276,-252
107000115,0,0,0
107000116,19,398,-379
107000117,0,0,0
107000118,30,113,-83
107000119,91,15,76
107000120,736,269,467
107000121,59,13,46
107000122,145,353,-208
107000123,6,11,-5
107000124,57,358,-301
107000125,17,18,-1
107000126,58,430,-372
107000127,9,261,-252
107000129,32,92,-60
107000130,0,0,0
107000131,125,165,-40
107000132,0,0,0
107000133,2,7,-5
107000134,3,0,3
107000135,0,9,-9
107000136,4,0,4
107000137,0,9,-9
107000138,12,2,10
107000139,0,48,-48
107000140,44,0,44
107000141,11,96,-85
107000142,17,2,15
107000143,9,112,-103
107000144,6,7,-1
107000145,9,50,-41
107000146,6,4,2
107000147,414,24,390
107000150,48,18,30
107000151,1,4,-3
107000152,1,34,-33
107000153,33,40,-7
107000154,7,4,3
107000155,15,0,15
107000156,35,0,35
107000157,1,389,-388
107000158,4,1,3
107000159,0,104,-104
107000160,12,4,8
107000161,4,180,-176
107000162,12,9,3
107000163,0,0,0
107000164,0,0,0
107000165,0,0,0
107000166,1,465,-464
107000167,16,22,-6
107000168,51,10,41
107000169,129,440,-311
107000170,48,14,34
107000171,62,1394,-1332
107000172,13,26,-13
107000173,101,427,-326
107000174,89,118,-29
107000175,2518,456,2062
107000176,0,0,0
107000177,0,0,0
107000178,0,0,0
107000179,60,1207,-1147
107000180,0,1,-1
107000181,44,476,-432
107000182,9,133,-124
107000183,48,471,-423
107000184,21,93,-72
107000185,49,547,-498
107000186,0,0,0
107000187,112,175,-63
107000188,77,75,2
107000189,17,108,-91
107000190,37,157,-120
107000191,2,9,-7
107000192,154,239,-85
107000193,0,4,-4
107000194,159,186,-27
107000197,0,0,0
107000198,27,313,-286
107000199,202,268,-66
107000200,0,0,0
107000201,72,96,-24
107000202,0,0,0
107000203,179,164,15
107000204,34,5,29
107000205,1075,472,603
107000206,0,0,0
107000207,24,16,8
107000208,52,3,49
107000209,79,3,76
107000210,259,58,201
107000211,0,0,0
107000212,1,104,-103
107000213,0,0,0
107000214,2,14,-12
107000215,3,43,-40
107000216,2,36,-34
107000217,0,18,-18
107000219,0,13,-13
107000220,4,24,-20
107000222,31,184,-153
107000224,0,0,0
107000225,20,182,-162
107000226,0,0,0
107000227,11,165,-154
107000228,6,21,-15
107000229,14,6,8
107000230,301,175,126
107000231,10,12,-2
107000232,0,0,0
107000233,27,24,3
107000234,0,0,0
107000235,0,7,-7
107000236,16,279,-263
107000237,0,0,0
107000238,0,9,-9
107000239,223,26,197
107000240,2,281,-279
107000241,40,25,15
107000242,196,47,149
107000243,0,38,-38
107000244,2,91,-89
107000246,3,691,-688
107000249,2,253,-251
107000251,0,127,-127
107000252,2,561,-559
107000255,101,17,84
107000257,0,64,-64
107000258,0,13,-13
107000259,0,51,-51
107000260,0,0,0
107000262,0,109,-109
107000263,0,0,0
107000266,0,0,0
107000267,0,18,-18
107000268,13,21,-8
107000269,0,0,0
107000270,0,3,-3
107000271,0,163,-163
107000272,0,47,-47
107000273,1,29,-28
107000274,16,36,-20
107000275,1,55,-54
107000280,5,1,4
107000281,2,72,-70
107000282,2,249,-247
107000290,1,8,-7
107000291,0,0,0
107000292,0,8,-8
107000293,0,0,0
107000294,0,6,-6
107000295,0,0,0
107000296,0,0,0
107000444,6,1,5
107000496,0,0,0
107000497,229,1413,-1184
107000500,0,0,0
107000501,0,0,0
107000502,0,0,0
107000505,84,241,-157
107000506,0,9,-9
107000508,1,211,-210
107000509,22,2,20
107000510,0,0,0
107000514,0,16,-16
107000515,1,42,-41
107000516,0,0,0
107000518,0,0,0
107000519,852,551,301
107000520,0,0,0
107900001,0,1,-1
107900002,0,0,0
107900003,0,0,0
107900004,6,0,6
107900005,24,1,23
107900006,0,0,0
107900007,4,1,3
107900008,5,3,2
107900009,0,0,0
107900010,0,0,0
107900012,11,0,11
107900013,25,8,17
107900014,0,0,0
107900015,45,0,45
107900016,20,3,17
107900017,0,0,0
107900018,0,1,-1
107900019,0,14,-14
107900020,0,0,0
107900021,0,34,-34
107900023,0,0,0
107900024,0,0,0
107900025,3,20,-17
107900026,0,12,-12
107900027,0,0,0
107900028,0,17,-17
107900030,6,0,6
107900031,5,75,-70
107900032,0,0,0
107900033,2,0,2
107900034,8,0,8
107900035,17,1,16
107900036,0,0,0
107900037,0,0,0
107900038,17,4,13
107900039,0,9,-9
107900040,0,0,0
107900041,0,0,0
107900043,2,22,-20
107900044,1,2,-1
107900045,5,0,5
107900046,5,5,0
107900047,0,0,0
107900048,7,0,7
107900049,24,25,-1
107900050,45,60,-15
107900051,5,12,-7
107900052,0,0,0
107900053,0,17,-17
107900055,28,22,6
107900056,5,1,4
107900057,0,0,0
107900058,1,124,-123
107900060,0,0,0
107900061,0,0,0
107900063,2,10,-8
107900064,20,0,20
107900065,5,1,4
107900066,0,0,0
107900067,0,0,0
107900068,1,9,-8
107900069,0,8,-8
107900070,0,0,0
107900071,3,251,-248
107900072,0,18,-18
107900073,0,0,0
107900074,0,0,0
107900076,4,9,-5
107900077,0,0,0
107900078,18,1,17
107900079,2,0,2
107900080,11,4,7
107900081,0,0,0
107900082,0,0,0
107900083,7,13,-6
107900084,3,10,-7
107900086,10,8,2
107900087,68,4,64
107900088,0,0,0
107900089,18,72,-54
107900090,21,35,-14
107900091,1,72,-71
107900092,425,61,364
107900093,0,0,0
107900095,214,74,140
107900097,1,8,-7
107900098,3,5,-2
107900100,171,45,126
107900101,265,27,238
107900102,0,0,0
107900103,1,25,-24
107900104,0,0,0
107900105,0,147,-147
107900106,1,369,-368
107900107,341,24,317
107900108,5,2,3
107900109,0,0,0
107900110,0,16,-16
107900111,2,299,-297
107900112,20,53,-33
107900113,0,0,0
107900114,0,45,-45
107900115,0,0,0
107900116,0,18,-18
107900117,15,53,-38
107900118,13,27,-14
107900119,2,4,-2
107900120,0,0,0
107900121,0,8,-8
107900122,0,0,0
107900123,0,17,-17
107900124,0,1,-1
107900125,0,43,-43
107900126,0,14,-14
107900127,147,8,139
107900128,2,0,2
107900129,0,8,-8
107900130,0,0,0
107900131,13,4,9
107900132,11,106,-95
107900133,0,9,-9
107900134,0,0,0
107900135,1,45,-44
107900136,3,4,-1
107900137,2,3,-1
107900138,1,7,-6
107900139,0,0,0
107900140,14,14,0
107900141,5,5,0
107900142,7,284,-277
107900143,3,6,-3
107900144,0,30,-30
107900145,3,18,-15
107900146,0,5,-5
107900147,0,0,0
107900148,26,31,-5
107900149,526,23,503
107900150,5,167,-162
107900151,0,34,-34
107900152,2,50,-48
107900153,7,7,0
107900154,0,0,0
107900155,0,0,0
107900156,0,0,0
107900157,4,13,-9
107900158,29,1,28
107900159,3,336,-333
107900160,0,46,-46
107900161,0,90,-90
107900162,1,51,-50
107900163,3,1,2
107900164,0,7,-7
107900165,5,2,3
107900166,0,99,-99
107900167,0,0,0
107900168,0,10,-10
107900169,0,42,-42
107900171,0,494,-494
107900172,1,135,-134
107900173,0,93,-93
107900174,1,0,1
107900175,0,0,0
107900176,0,7,-7
107900177,0,58,-58
107900178,0,101,-101
107900179,0,44,-44
107900180,136,5,131
107900181,56,82,-26
107900182,1,427,-426
107900183,2,130,-128
107900184,0,8,-8
107900185,3,0,3
107900186,1,7,-6
107900187,1,43,-42
107900188,75,14,61
107900189,2,39,-37
107900190,12,1,11
107900191,0,32,-32
107900193,0,15,-15
107900194,6,0,6
107900195,560,38,522
107900196,0,0,0
107900197,25,6,19
107900199,0,121,-121
107900201,20,29,-9
107900203,2,47,-45
107900204,68,61,7
107900205,34,206,-172
107900206,9,3,6
107900207,0,129,-129
107900208,3,162,-159
107900209,49,19,30
107900210,6,17,-11
107900213,69,105,-36
107900214,0,41,-41
107900215,59,151,-92
107900216,8,4,4
107900217,0,0,0
107900218,0,162,-162
107900219,0,46,-46
107900220,28,17,11
107900221,29,69,-40
107900223,0,0,0
107900224,32,109,-77
107900225,2,62,-60
107900226,0,16,-16
107900227,12,115,-103
107900228,1,32,-31
107900229,1,117,-116
107900230,0,31,-31
107900231,0,0,0
107900232,3,65,-62
107900233,0,31,-31
107900234,2,55,-53
107900235,6,23,-17
107900236,1,43,-42
107900237,21,199,-178
107900238,0,0,0
107900239,298,156,142
107900240,0,31,-31
107900241,1,27,-26
107900242,1,108,-107
107900243,1,3,-2
107900244,0,0,0
107900245,1,1,0
107900246,0,3,-3
107900248,8,189,-181
107900249,0,0,0
107900250,1,85,-84
107900251,0,202,-202
107900252,0,0,0
107900253,0,0,0
107900254,2,5,-3
107900255,39,1,38
107900256,9,89,-80
107900257,2,5,-3
107900258,0,31,-31
107900259,0,7,-7
107900261,1,149,-148
107900262,0,0,0
107900264,0,0,0
107900265,0,13,-13
107900267,0,0,0
107900268,0,0,0
107900269,0,0,0
107900270,0,0,0
107900271,0,0,0
107900272,0,0,0
107900273,0,29,-29
107900274,0,0,0
107900275,0,0,0
107900276,0,13,-13
107900277,0,87,-87
107900278,0,55,-55
107900279,22,7,15
107900280,2,69,-67
107900281,549,96,453
107900282,9,13,-4
107900283,73,27,46
107900284,13,252,-239
107900285,0,20,-20
107900286,14,9,5
107900287,3,13,-10
107900290,0,7,-7
107900291,15,0,15
107900292,5,29,-24
107900293,3,69,-66
107900295,3,30,-27
107900297,0,54,-54
107900298,63,133,-70
107900299,750,106,644
107900300,9,46,-37
107900301,7,25,-18
107900302,1,3,-2
107900303,2,75,-73
107900304,6,130,-124
107900305,7,1,6
107900306,0,0,0
107900307,9,128,-119
107900308,25,1,24
107900309,0,0,0
107900310,0,0,0
107900311,6,6,0
107900312,0,0,0
107900313,0,8,-8
107900314,0,15,-15
107900315,0,10,-10
107900316,0,0,0
107900317,1,1,0
107900318,1,17,-16
107900319,0,79,-79
107900320,0,35,-35
107900321,2,0,2
107900322,0,50,-50
107900323,1,31,-30
107900324,3,0,3
107900325,1,0,1
107900326,2,114,-112
107900327,1,0,1
107900328,0,0,0
107900329,0,0,0
107900330,2,151,-149
107900331,0,3,-3
107900332,1,0,1
107900333,0,0,0
107900334,1,70,-69
107900335,5,34,-29
107900336,0,4,-4
107900337,245,18,227
107900338,0,49,-49
107900339,0,23,-23
107900340,0,14,-14
107900341,0,0,0
107900342,3,18,-15
107900343,1,0,1
107900344,0,22,-22
107900345,0,10,-10
107900346,0,0,0
107900347,0,0,0
107900348,0,0,0
107900349,0,0,0
107900350,3,93,-90
108000001,396,424,-28
108000002,1352,1978,-626
108000003,431,336,95
108000004,8763,7589,1174
108000005,355,341,14
108000006,1373,3113,-1740
108000007,339,544,-205
108000008,1493,2847,-1354
108000009,202,649,-447
108000010,794,2747,-1953
108000011,1307,992,315
108000012,8217,6462,1755
108000014,4,41,-37
108000015,11,48,-37
108000016,36,350,-314
108000017,2,37,-35
108000018,7,41,-34
108000019,1,43,-42
108000020,0,0,0
108000021,110,770,-660
108000022,147,645,-498
108000023,0,0,0
108000024,8,248,-240
108000025,4,76,-72
108000026,29,215,-186
108000027,14,308,-294
108000028,9,154,-145
108000029,21,317,-296
108000030,5,91,-86
108000031,28,328,-300
108000032,0,0,0
108000033,108,475,-367
108000034,0,0,0
108000035,168,1158,-990
108000036,105,703,-598
108000037,73,26,47
108000038,46,9,37
108000039,104,1031,-927
108000040,24,14,10
108000041,243,1496,-1253
108000042,3,111,-108
108000043,10,179,-169
108000044,0,63,-63
108000045,28,555,-527
108000046,0,0,0
108000047,107,578,-471
108000048,56,357,-301
108000049,17,15,2
108000050,25,189,-164
108000051,8,5,3
108000052,89,229,-140
108000053,19,12,7
108000054,69,200,-131
108000055,48,14,34
108000056,214,360,-146
108000057,14,75,-61
108000058,21,239,-218
108000059,992,522,470
108000060,2,6,-4
108000061,34,140,-106
108000062,14,12,2
108000063,44,217,-173
108000064,0,0,0
108000065,51,177,-126
108000066,364,54,310
108000067,66,64,2
108000068,0,0,0
108000069,34,621,-587
108000070,0,0,0
108000071,91,965,-874
108000072,0,0,0
108000073,242,848,-606
108000074,0,0,0
108000075,45,330,-285
108000076,0,0,0
108000077,219,403,-184
108000078,27,59,-32
108000079,442,824,-382
108000080,3,21,-18
108000081,96,1109,-1013
108000082,201,690,-489
108000083,22,11,11
108000084,64,505,-441
108000085,1,4,-3
108000086,180,316,-136
108000087,0,24,-24
108000088,0,0,0
108000089,15,39,-24
108000090,10,2,8
108000091,27,253,-226
108000092,7,3,4
108000093,60,363,-303
108000094,0,0,0
108000095,70,256,-186
108000096,0,0,0
108000097,43,294,-251
108000098,25,140,-115
108000099,0,0,0
108000100,0,0,0
108000101,0,2,-2
108000102,90,184,-94
108000106,0,0,0
108000107,0,296,-296
108000108,0,0,0
108000109,5,343,-338
108000110,24,46,-22
108000111,57,377,-320
108000112,0,0,0
108000113,13,12,1
108000115,102,94,8
108000117,107,73,34
108000118,13,75,-62
108000119,74,212,-138
108000120,5,72,-67
108000121,2,237,-235
108000122,2,71,-69
108000123,6,1,5
108000124,20,392,-372
108000125,2,0,2
108000126,23,303,-280
108000127,7,1,6
108000128,28,504,-476
108000129,33,830,-797
108000130,2,1,1
108000131,2,4,-2
108000132,239,442,-203
108000133,3,2,1
108000134,93,519,-426
108000135,25,4,21
108000136,201,713,-512
108000137,0,0,0
108000138,3,33,-30
108000139,0,8,-8
108000140,21,2,19
108000141,4,78,-74
108000142,12,126,-114
108000143,25,61,-36
108000144,8,1,7
108000145,7,101,-94
108000146,3,2,1
108000147,2,89,-87
108000148,3,2,1
108000149,3,52,-49
108000150,11,1,10
108000151,0,5,-5
108000152,13,93,-80
108000153,8,0,8
108000154,3,18,-15
108000155,3,5,-2
108000156,108,15,93
108000157,5,17,-12
108000158,14,73,-59
108000159,22,0,22
108000160,829,144,685
108000161,710,180,530
108000165,0,0,0
108000172,0,0,0
108000173,498,18,480
108000175,0,48,-48
108000178,114,172,-58
108000179,0,0,0
108000181,2,2,0
108000182,8,2,6
108000183,4,24,-20
108000184,103,139,-36
108000185,1,196,-195
108000186,7,6,1
108000187,4,142,-138
108000188,5,17,-12
108000189,15,25,-10
108000190,10,51,-41
108000192,7,202,-195
108000193,163,10,153
108000194,0,0,0
108000195,5,999,-994
108000196,0,31,-31
108000197,13,104,-91
108000198,88,93,-5
108000199,0,71,-71
108000200,12,62,-50
108000202,1,112,-111
108000203,3,280,-277
108000204,12,5,7
108000205,85,101,-16
108000339,66,27,39
108000364,8,12,-4
108000365,0,45,-45
108000367,5,36,-31
108000368,1,14,-13
108000369,536,29,507
108000371,0,238,-238
108000372,0,0,0
108000373,0,0,0
108000376,12,0,12
108000377,13,0,13
108000378,1686,913,773
108000379,4,55,-51
108000381,0,0,0
108000382,0,0,0
108000383,0,19,-19
108900001,18,40,-22
108900002,14,3,11
108900003,37,139,-102
108900004,121,35,86
108900005,0,21,-21
108900006,54,54,0
108900007,5,16,-11
108900008,0,25,-25
108900009,0,11,-11
108900010,5,19,-14
108900011,22,60,-38
108900012,6,127,-121
108900013,9,45,-36
108900014,0,2,-2
108900015,0,1,-1
108900016,1,12,-11
108900017,0,7,-7
108900018,4,100,-96
108900019,0,203,-203
108900020,1,34,-33
108900021,6,58,-52
108900022,0,0,0
108900023,0,3,-3
108900024,1,21,-20
108900025,0,0,0
108900026,0,4,-4
108900027,0,16,-16
108900028,0,78,-78
108900029,0,21,-21
108900030,2,44,-42
108900031,0,109,-109
108900032,1,29,-28
108900033,0,13,-13
108900034,0,27,-27
108900035,8,316,-308
108900036,34,56,-22
108900037,1,42,-41
108900038,0,89,-89
108900039,0,28,-28
108900040,1,18,-17
108900041,565,37,528
108900042,0,46,-46
108900043,7,18,-11
108900044,0,130,-130
108900045,2,55,-53
108900046,9,117,-108
108900047,0,9,-9
108900048,1,79,-78
108900049,480,35,445
108900050,0,20,-20
108900051,1,50,-49
108900052,0,56,-56
108900053,5,5,0
108900054,4,5,-1
108900055,4,71,-67
108900056,1,69,-68
108900057,0,75,-75
108900058,0,98,-98
108900059,12,0,12
108900060,0,0,0
108900061,2,5,-3
108900062,0,89,-89
108900063,0,34,-34
108900064,0,1,-1
108900065,0,10,-10
108900066,0,0,0
108900067,1,60,-59
108900068,0,9,-9
108900069,0,3,-3
108900070,2,17,-15
108900071,1,0,1
108900072,10,0,10
108900073,0,6,-6
108900074,3,30,-27
108900075,0,6,-6
108900076,0,0,0
108900077,3,12,-9
108900078,0,11,-11
108900079,19,15,4
108900080,0,0,0
108900081,6,38,-32
108900082,1,5,-4
108900083,0,0,0
108900084,50,17,33
108900085,181,8,173
108900086,1,34,-33
108900087,8,22,-14
108900088,0,0,0
108900089,0,0,0
108900090,0,39,-39
108900091,19,11,8
108900092,0,1,-1
108900093,0,0,0
108900094,10,6,4
108900095,3,36,-33
108900096,23,4,19
108900097,0,85,-85
108900098,16,0,16
108900099,1,76,-75
108900100,2,14,-12
108900101,0,0,0
108900102,5,11,-6
108900103,0,0,0
108900104,36,35,1
108900105,0,0,0
108900106,0,110,-110
108900108,0,0,0
108900109,0,0,0
108900110,0,77,-77
108900111,2,151,-149
108900112,0,0,0
108900113,0,2,-2
108900114,0,0,0
108900115,0,0,0
108900116,0,0,0
108900117,0,0,0
108900118,0,0,0
108900119,0,0,0
108900120,0,0,0
108900121,0,0,0
108900122,0,0,0
108900123,0,0,0
108900124,4,1,3
108900125,0,0,0
108900126,2,0,2
108900127,0,0,0
108900128,0,0,0
108900129,0,0,0
108900130,0,0,0
108900131,2,0,2
108900132,0,0,0
108900133,0,0,0
108900134,0,0,0
108900135,0,0,0
108900136,0,0,0
108900137,0,0,0
108900138,0,0,0
108900139,0,0,0
108900140,0,0,0
108900141,0,0,0
108900142,0,0,0
108900143,0,0,0
108900144,5,0,5
108900145,0,0,0
108900146,0,0,0
108900147,1,0,1
108900148,0,0,0
108900149,45,37,8
108900150,0,0,0
108900151,0,0,0
108900152,0,9,-9
108900153,0,32,-32
108900154,0,0,0
108900155,0,12,-12
108900156,0,0,0
108900157,1,38,-37
108900158,0,2,-2
108900159,0,37,-37
108900160,0,19,-19
108900161,0,68,-68
108900162,0,0,0
108900163,0,0,0
108900164,2,7,-5
108900165,11,10,1
108900167,118,29,89
108900168,998,42,956
108900169,0,11,-11
108900171,339,135,204
108900172,0,0,0
108900173,13,17,-4
108900174,0,0,0
108900176,13,125,-112
108900177,1033,63,970
108900178,312,31,281
108900179,6,9,-3
108900180,0,1,-1
108900182,0,0,0
108900183,7,17,-10
108900184,0,8,-8
108900185,2,41,-39
108900186,1,71,-70
108900187,0,0,0
108900188,0,0,0
108900189,1,0,1
108900190,4,473,-469
108900191,0,0,0
108900192,5,42,-37
108900193,0,0,0
108900194,0,36,-36
108900195,2,56,-54
108900196,1,103,-102
108900198,0,93,-93
108900199,11,60,-49
108900200,27,80,-53
108900201,7,154,-147
108900203,4,0,4
108900204,6,0,6
108900205,2,0,2
108900206,0,0,0
108900207,0,0,0
108900208,5,47,-42
108900209,17,119,-102
108900210,2,9,-7
108900211,4,3,1
108900212,40,28,12
108900215,6,110,-104
108900216,0,11,-11
108900217,0,0,0
108900218,0,0,0
108900219,0,0,0
108900220,0,0,0
108900221,3,4,-1
108900222,0,0,0
108900223,1,2,-1
108900224,5,13,-8
108900225,0,28,-28
108900226,0,0,0
108900227,0,2,-2
108900230,9,31,-22
108900231,1,29,-28
108900232,0,45,-45
108900233,0,0,0
108900234,0,0,0
108900235,6,35,-29
108900236,5,26,-21
108900237,2,23,-21
108900240,0,6,-6
108900241,0,0,0
108900245,0,0,0
108900249,0,0,0
108900250,0,11,-11
108900257,0,60,-60
108900258,0,7,-7
108900259,0,3,-3
108900260,0,4,-4
108900261,1,3,-2
108900262,3,1,2
108900263,0,0,0
108900264,0,0,0
108900265,0,0,0
108900266,0,0,0
108900267,0,0,0
108900268,0,0,0
108900269,0,0,0
108900270,0,0,0
108900271,0,0,0
108900272,0,0,0
108900273,0,0,0
108900274,4,6,-2
109000001,478,155,323
109000002,3265,572,2693
109000003,257,119,138
109000004,270,1597,-1327
109000005,178,167,11
109000006,311,1275,-964
109000007,149,107,42
109000008,192,1216,-1024
109000009,520,260,260
109000010,658,2230,-1572
109000011,313,239,74
109000012,618,2174,-1556
109000013,446,233,213
109000014,465,2096,-1631
109000015,530,361,169
109000016,4826,2586,2240
109000017,238,210,28
109000018,325,2045,-1720
109000019,272,234,38
109000020,497,1278,-781
109000023,0,0,0
109000024,0,25,-25
109000025,105,51,54
109000026,79,41,38
109000027,10,42,-32
109000028,4,23,-19
109000029,48,40,8
109000030,10,192,-182
109000031,0,0,0
109000032,8,212,-204
109000033,0,0,0
109000034,3,1,2
109000035,0,0,0
109000036,9,142,-133
109000037,4,59,-55
109000038,321,155,166
109000039,69,28,41
109000040,778,105,673
109000041,2688,312,2376
109000042,113,250,-137
109000044,0,15,-15
109000045,19,281,-262
109000046,0,8,-8
109000047,17,309,-292
109000048,7,3,4
109000049,98,491,-393
109000050,0,1,-1
109000051,144,267,-123
109000052,59,430,-371
109000053,3,2,1
109000054,5,145,-140
109000055,5,31,-26
109000056,17,84,-67
109000057,35,24,11
109000058,128,22,106
109000059,14,126,-112
109000060,37,3,34
109000061,283,59,224
109000062,9,5,4
109000063,44,49,-5
109000064,2,0,2
109000065,14,77,-63
109000066,10,0,10
109000067,1,96,-95
109000068,0,1,-1
109000069,0,0,0
109000070,2,286,-284
109000071,93,6,87
109000072,2,34,-32
109000073,8,19,-11
109000074,2,30,-28
109000075,22,452,-430
109000076,0,15,-15
109000077,34,44,-10
109000078,0,7,-7
109000079,5,47,-42
109000080,1,19,-18
109000081,1,102,-101
109000082,7,74,-67
109000083,3,152,-149
109000088,12,77,-65
109000089,9,3,6
109000090,39,143,-104
109000091,24,10,14
109000092,67,183,-116
109000093,18,13,5
109000094,20,0,20
109000095,7,213,-206
109000096,20,0,20
109000097,8,14,-6
109000098,0,0,0
109000099,46,84,-38
109000100,17,194,-177
109000101,92,98,-6
109000102,31,488,-457
109000103,21,145,-124
109000104,93,63,30
109000105,44,795,-751
109000106,107,65,42
109000107,45,786,-741
109000108,96,87,9
109000109,122,798,-676
109000110,97,78,19
109000111,201,858,-657
109000112,29,62,-33
109000113,33,127,-94
109000114,0,23,-23
109000115,15,3,12
109000116,3,100,-97
109000117,4,4,0
109000118,1,184,-183
109000119,22,16,6
109000120,17,739,-722
109000121,7,3,4
109000122,15,775,-760
109000123,2,12,-10
109000124,50,84,-34
109000125,36,68,-32
109000126,61,860,-799
109000127,33,26,7
109000128,29,1220,-1191
109000129,17,22,-5
109000130,139,1481,-1342
109000131,62,25,37
109000132,259,711,-452
109000133,45,430,-385
109000134,156,880,-724
109000135,92,503,-411
109000136,6,15,-9
109000137,46,72,-26
109000138,6,29,-23
109000139,38,67,-29
109000140,2,24,-22
109000141,28,127,-99
109000142,9,105,-96
109000143,1,2,-1
109000145,20,2,18
109000146,0,0,0
109000148,1293,118,1175
109000149,13,8,5
109000150,0,0,0
109000155,63,136,-73
109000156,206,237,-31
109000158,2,67,-65
109000159,2,125,-123
109000160,81,88,-7
109000161,17,305,-288
109000162,214,352,-138
109000163,46,280,-234
109000164,116,565,-449
109000165,87,138,-51
109000166,38,40,-2
109000167,14,238,-224
109000170,0,0,0
109000171,0,1,-1
109000172,0,0,0
109000173,1,1,0
109000174,1,0,1
109000175,0,0,0
109000176,8,130,-122
109000177,0,0,0
109000178,10,21,-11
109000179,1491,290,1201
109000180,807,401,406
109000181,4,13,-9
109000182,2,15,-13
109000183,1,3,-2
109000184,1,3,-2
109000185,1,8,-7
109000188,8,386,-378
109000189,112,191,-79
109000190,62,302,-240
109000191,0,0,0
109000192,3,13,-10
109000193,11,147,-136
109000194,1,4,-3
109000195,3,134,-131
109000196,3,2,1
109000197,23,154,-131
109000198,1,1,0
109000199,7,112,-105
109000206,28,18,10
109000207,14,10,4
109000208,15,18,-3
109000209,17,10,7
109000210,13,98,-85
109000211,5,6,-1
109000214,9,35,-26
109000215,0,4,-4
109000216,25,18,7
109000217,21,12,9
109000218,7,13,-6
109000221,24,245,-221
109000222,25,3,22
109000223,35,40,-5
109000224,4,17,-13
109000225,2,4,-2
109000226,3,40,-37
109000227,57,273,-216
109000228,0,147,-147
109000231,1,168,-167
109000232,9,131,-122
109000236,22,449,-427
109000241,110,413,-303
109000242,61,192,-131
109000293,0,0,0
109000361,6,56,-50
109000364,6,138,-132
109000396,2,321,-319
109000397,43,4,39
109000399,25,126,-101
109000400,5,99,-94
109000403,12,20,-8
109000406,15,2,13
109000407,8,26,-18
109000408,2,110,-108
109000410,145,60,85
109000411,0,0,0
109900001,0,0,0
109900002,7,1,6
109900003,0,0,0
109900004,44,25,19
109900005,0,1,-1
109900006,0,33,-33
109900007,3,225,-222
109900008,0,16,-16
109900009,4,205,-201
109900010,0,0,0
109900011,1,1,0
109900012,9,10,-1
109900013,34,14,20
109900014,13,3,10
109900015,7,3,4
109900016,4,11,-7
109900017,8,11,-3
109900018,6,29,-23
109900019,12,17,-5
109900020,0,2,-2
109900021,1,1,0
109900022,1,61,-60
109900023,0,0,0
109900024,0,0,0
109900025,6,11,-5
109900026,0,34,-34
109900027,2,0,2
109900028,190,32,158
109900029,1,118,-117
109900030,0,0,0
109900031,0,23,-23
109900032,1,40,-39
109900033,0,24,-24
109900034,1,0,1
109900035,0,5,-5
109900036,2,11,-9
109900037,4,97,-93
109900038,1,12,-11
109900039,0,0,0
109900040,2,143,-141
109900041,3,110,-107
109900042,0,87,-87
109900044,0,43,-43
109900045,0,12,-12
109900046,0,0,0
109900047,29,49,-20
109900048,3,23,-20
109900049,2,4,-2
109900050,0,55,-55
109900051,0,0,0
109900052,0,36,-36
109900053,1,90,-89
109900054,0,0,0
109900055,2,66,-64
109900056,0,0,0
109900057,2,20,-18
109900058,0,22,-22
109900059,0,0,0
109900060,12,17,-5
109900061,20,85,-65
109900062,0,52,-52
109900063,0,33,-33
109900064,8,25,-17
109900065,5,18,-13
109900066,16,147,-131
109900067,0,102,-102
109900068,0,0,0
109900069,0,8,-8
109900070,2,58,-56
109900071,0,9,-9
109900072,3,40,-37
109900073,1,128,-127
109900074,0,29,-29
109900075,0,0,0
109900076,2,57,-55
109900077,3,31,-28
109900078,5,72,-67
109900080,4,52,-48
109900081,0,0,0
109900082,5,99,-94
109900083,0,12,-12
109900084,0,20,-20
109900085,9,191,-182
109900086,1,3,-2
109900087,9,67,-58
109900089,0,0,0
109900090,56,123,-67
109900091,0,0,0
109900092,0,0,0
109900093,0,0,0
109900094,1,13,-12
109900095,1,11,-10
109900096,0,0,0
109900097,0,0,0
109900098,0,0,0
109900099,0,0,0
109900100,0,0,0
109900101,0,0,0
109900102,0,0,0
109900103,0,12,-12
109900104,0,284,-284
109900105,0,0,0
109900106,0,0,0
109900107,0,0,0
109900108,3,211,-208
109900109,1,100,-99
109900110,4,127,-123
109900111,15,130,-115
109900112,39,159,-120
109900113,1,3,-2
109900114,23,3,20
109900115,0,0,0
109900117,1,0,1
109900118,11,87,-76
109900119,64,49,15
109900120,0,0,0
109900121,32,16,16
109900122,0,0,0
109900123,0,36,-36
109900124,5,196,-191
109900125,0,47,-47
109900126,0,28,-28
109900128,0,0,0
109900130,1211,39,1172
109900131,7,6,1
109900132,1,4,-3
109900133,0,11,-11
109900134,0,0,0
109900135,19,0,19
109900136,0,22,-22
109900137,1,20,-19
109900138,2,23,-21
109900140,7,112,-105
109900141,4,18,-14
109900142,53,43,10
109900145,0,27,-27
109900146,15,2,13
109900148,4,20,-16
109900149,3,7,-4
109900150,1,14,-13
109900151,0,12,-12
109900152,0,0,0
109900153,0,5,-5
109900154,0,0,0
109900155,0,0,0
109900157,5,48,-43
109900158,9,38,-29
109900159,6,7,-1
109900160,12,3,9
109900161,4,3,1
109900162,2,11,-9
109900163,57,18,39
109900164,9,49,-40
109900165,5,0,5
109900166,0,22,-22
109900167,4,138,-134
109900168,5,79,-74
109900169,5,50,-45
109900170,16,38,-22
109900171,20,12,8
109900172,6,16,-10
109900173,661,74,587
109900174,16,15,1
109900175,5,25,-20
109900176,20,106,-86
109900177,9,167,-158
109900178,0,16,-16
109900179,0,0,0
109900180,0,0,0
110000001,129,236,-107
110000002,51,53,-2
110000003,836,350,486
110000004,158,86,72
110000005,401,244,157
110000006,85,115,-30
110000007,11,17,-6
110000008,1,24,-23
110000009,0,0,0
110000010,1,17,-16
110000011,1,13,-12
110000012,224,151,73
110000013,5,36,-31
110000014,175,32,143
110000015,15,28,-13
110000016,73,100,-27
110000017,177,21,156
110000018,793,63,730
110000019,0,56,-56
110000020,97,77,20
110000021,4,12,-8
110000022,39,5,34
110000023,1,46,-45
110000024,236,194,42
110000025,14,0,14
110000026,0,139,-139
110000027,62,40,22
110000028,29,42,-13
110000029,99,324,-225
110000030,5,10,-5
110000031,60,252,-192
110000032,18,29,-11
110000033,7,15,-8
110000034,82,317,-235
110000035,26,202,-176
110000036,81,201,-120
110000037,3,119,-116
110000038,88,118,-30
110000039,85,96,-11
110000040,30,110,-80
110000041,0,0,0
110000042,3,71,-68
110000043,0,0,0
110000044,4,7,-3
110000045,0,0,0
110000046,2,0,2
110000047,0,0,0
110000048,0,1,-1
110000049,0,0,0
110000050,1,1,0
110000051,0,0,0
110000052,0,0,0
110000053,0,0,0
110000054,13,64,-51
110000055,0,0,0
110000056,0,0,0
110000057,124,360,-236
110000058,54,65,-11
110000059,165,355,-190
110000060,55,63,-8
110000061,418,525,-107
110000062,177,109,68
110000063,5,29,-24
110000064,0,0,0
110000065,7,36,-29
110000066,2,10,-8
110000067,1,0,1
110000068,0,1,-1
110000069,5,21,-16
110000071,3,53,-50
110000073,2,7,-5
110000075,4,77,-73
110000076,19,12,7
110000077,46,19,27
110000078,0,19,-19
110000080,56,215,-159
110000081,0,54,-54
110000082,3,67,-64
110000083,74,209,-135
110000084,35,94,-59
110000085,1356,467,889
110000086,93,177,-84
110000087,0,21,-21
110000088,2,133,-131
110000089,1,25,-24
110000090,4,72,-68
110000091,437,89,348
110000092,1,18,-17
110000093,34,0,34
110000094,103,196,-93
110000095,8,71,-63
110000096,1130,514,616
110000097,220,152,68
110000098,102,70,32
110000099,151,417,-266
110000100,4,127,-123
110000101,3,128,-125
110000102,12,2,10
110000104,10,10,0
110000105,3,30,-27
110000106,28,15,13
110000107,42,44,-2
110000108,32,0,32
110000109,21,130,-109
110000110,601,236,365
110000111,2842,629,2213
110000112,206,79,127
110000113,144,94,50
110000114,6,62,-56
110000115,18,36,-18
110000116,3,6,-3
110000117,13,192,-179
110000118,38,45,-7
110000119,6,184,-178
110000120,38,32,6
110000121,15,90,-75
110000122,48,169,-121
110000123,18,56,-38
110000124,2,352,-350
110000125,0,0,0
110000126,0,0,0
110000127,0,0,0
110000128,10,693,-683
110000129,1,231,-230
110000130,0,0,0
110000131,42,179,-137
110000132,0,346,-346
110000133,11,52,-41
110000134,5,83,-78
110000135,0,0,0
110000136,8,116,-108
110000137,10,108,-98
110000138,20,231,-211
110000139,9,185,-176
110000140,0,0,0
110000143,66,46,20
110000144,926,238,688
110000145,173,116,57
110000146,441,97,344
110000147,28,244,-216
110000148,0,0,0
110000151,35,31,4
110000152,72,84,-12
110000153,2,12,-10
110000154,0,0,0
110000155,405,663,-258
110000156,123,373,-250
110000157,441,488,-47
110000160,45,87,-42
110000161,12,131,-119
110000166,4,6,-2
110000167,50,80,-30
110000168,73,34,39
110000169,32,25,7
110000170,2,5,-3
110000171,11,7,4
110000172,30,355,-325
110000173,204,384,-180
110000174,9,384,-375
110000175,0,0,0
110000176,0,0,0
110000177,0,46,-46
110000178,438,164,274
110000179,330,111,219
110000180,18,78,-60
110000181,30,89,-59
110000182,152,72,80
110000183,1251,549,702
110000184,63,153,-90
110000185,92,298,-206
110000186,143,149,-6
110000191,5,144,-139
110000192,4,0,4
110000193,18,0,18
110000194,3,403,-400
110000195,4,31,-27
110000196,19,141,-122
110000197,3,10,-7
110000198,4,3,1
110000199,8,30,-22
110000200,84,217,-133
110000201,52,77,-25
110000202,101,91,10
110000203,50,281,-231
110000204,0,87,-87
110000205,0,8,-8
110000206,19,418,-399
110000207,19,68,-49
110000208,5,7,-2
110000209,36,262,-226
110000210,0,0,0
110000211,0,0,0
110000212,20,92,-72
110000213,1,6,-5
110000214,6,17,-11
110000215,8,249,-241
110000216,5,222,-217
110000217,2,26,-24
110000218,14,271,-257
110000219,5,10,-5
110000220,9,139,-130
110000221,11,12,-1
110000222,7,104,-97
110000223,0,2,-2
110000224,0,8,-8
110000225,26,170,-144
110000226,5,0,5
110000227,46,66,-20
110000228,23,3,20
110000229,0,83,-83
110000230,54,89,-35
110000231,10,11,-1
110000232,6,115,-109
110000233,0,25,-25
110000234,11,31,-20
110000235,39,140,-101
110000236,92,480,-388
110000237,261,386,-125
110000238,39,239,-200
110000239,149,442,-293
110000240,0,70,-70
110000242,0,9,-9
110000243,18,77,-59
110000244,6,120,-114
110000245,3,149,-146
110000246,38,149,-111
110000247,176,1062,-886
110000248,30,390,-360
110000249,0,0,0
110000250,0,37,-37
110000251,8,98,-90
110000252,16,135,-119
110000253,81,48,33
110000254,127,607,-480
110000255,25,456,-431
110000256,15,14,1
110000257,62,170,-108
110000258,1,65,-64
110000259,2,3,-1
110000260,8,70,-62
110000263,82,26,56
110000264,21,89,-68
110000265,289,302,-13
110000266,341,417,-76
110000267,9,66,-57
110000268,0,39,-39
110000269,1,21,-20
110000270,0,0,0
110000271,23,5,18
110000272,98,291,-193
110000273,350,425,-75
110000274,22,190,-168
110000275,588,142,446
110000276,33,79,-46
110000277,29,68,-39
110000278,61,231,-170
110000279,3,106,-103
110000280,1,94,-93
110000281,0,51,-51
110000282,7,17,-10
110000283,0,6,-6
110000284,4,4,0
110000285,0,60,-60
110000286,0,0,0
110000287,0,0,0
110000288,0,25,-25
110000289,23,308,-285
110000290,438,265,173
110000291,1536,350,1186
110000292,278,493,-215
110000293,45,393,-348
110000294,58,213,-155
110000295,7,297,-290
110000296,7,164,-157
110000297,326,152,174
110000298,34,168,-134
110000299,0,0,0
110000301,0,0,0
110000302,25,498,-473
110000303,0,0,0
110000304,17,114,-97
110000305,3,0,3
110000306,17,908,-891
110000307,17,0,17
110000308,0,0,0
110000309,4,706,-702
110000310,28,11,17
110000311,5,413,-408
110000312,23,4,19
110000313,317,746,-429
110000314,0,67,-67
110000315,565,426,139
110000316,170,551,-381
110000317,159,98,61
110000318,3,28,-25
110000319,0,0,0
110000320,5,31,-26
110000321,0,0,0
110000322,7,77,-70
110000323,30,161,-131
110000324,1906,704,1202
110000325,11,29,-18
110000327,0,43,-43
110000328,72,267,-195
110000333,2,1,1
110000334,53,516,-463
110000335,21,107,-86
110000336,80,496,-416
110000337,29,72,-43
110000338,5,60,-55
110000339,10,81,-71
110000340,1,85,-84
110000341,32,357,-325
110000342,0,0,0
110000343,0,15,-15
110000344,5,54,-49
110000345,0,0,0
110000346,537,402,135
110000347,154,30,124
110000348,0,9,-9
110000349,0,6,-6
110000350,0,0,0
110000351,31,194,-163
110000352,38,627,-589
110000353,538,237,301
110000354,72,568,-496
110000355,1,38,-37
110000356,0,0,0
110000357,29,7,22
110000361,6,25,-19
110000362,0,0,0
110000363,13,12,1
110000364,1,43,-42
110000365,0,0,0
110000366,1,31,-30
110000367,79,146,-67
110000368,0,17,-17
110000369,0,0,0
110000373,0,124,-124
110000374,0,0,0
110000375,8,238,-230
110000376,8,44,-36
110000377,0,0,0
110000378,7,143,-136
110000379,668,234,434
110000380,1,6,-5
110000383,0,168,-168
110000384,9,38,-29
110000385,0,150,-150
110000387,0,16,-16
110000388,6,108,-102
110000389,0,1,-1
110000391,0,106,-106
110000396,5,41,-36
110000397,1,6,-5
110000398,0,6,-6
110000399,0,0,0
110000587,0,3,-3
110000589,8,1,7
110000640,20,10,10
110000652,0,24,-24
110000653,23,195,-172
110000654,0,4,-4
110000656,0,210,-210
110000674,0,0,0
110000675,0,1,-1
110000676,0,14,-14
110000679,234,120,114
110000682,0,0,0
110000683,7,14,-7
110000684,0,22,-22
110000685,0,0,0
110000686,0,13,-13
110000687,0,0,0
110000688,12,11,1
110000689,0,14,-14
110000692,1,34,-33
110000693,12,62,-50
110000694,0,139,-139
110000695,26,295,-269
110000696,0,0,0
110900001,0,2,-2
110900002,0,40,-40
110900003,2,272,-270
110900004,0,86,-86
110900005,334,31,303
110900006,0,0,0
110900007,0,0,0
110900008,1,6,-5
110900009,0,0,0
110900010,0,11,-11
110900011,0,10,-10
110900012,0,15,-15
110900013,0,0,0
110900014,0,0,0
110900015,0,0,0
110900016,0,28,-28
110900017,0,0,0
110900018,0,0,0
110900019,0,0,0
110900020,1,136,-135
110900021,5,131,-126
110900022,2,76,-74
110900023,8,94,-86
110900024,4,140,-136
110900025,2,10,-8
110900027,1,25,-24
110900028,0,15,-15
110900029,7,147,-140
110900030,0,22,-22
110900031,0,50,-50
110900032,0,11,-11
110900033,3,57,-54
110900035,1,35,-34
110900036,0,2,-2
110900037,1,3,-2
110900038,55,4,51
110900039,3,39,-36
110900040,3,0,3
110900041,0,31,-31
110900042,0,0,0
110900043,0,40,-40
110900044,0,0,0
110900045,3,157,-154
110900046,41,81,-40
110900047,0,0,0
110900049,0,1,-1
110900050,0,0,0
110900051,2,12,-10
110900052,0,47,-47
110900053,0,0,0
110900054,1,63,-62
110900055,0,0,0
110900056,1,7,-6
110900057,0,52,-52
110900058,0,0,0
110900059,44,152,-108
110900060,5,0,5
110900061,1,2,-1
110900062,0,0,0
110900063,0,7,-7
110900064,0,0,0
110900065,19,6,13
110900066,0,15,-15
110900067,0,0,0
110900068,23,28,-5
110900069,0,7,-7
110900070,3,0,3
110900071,0,0,0
110900073,0,8,-8
110900074,0,9,-9
110900075,7,5,2
110900077,4,1,3
110900078,0,40,-40
110900079,43,8,35
110900080,0,0,0
110900081,0,36,-36
110900082,0,0,0
110900083,0,0,0
110900084,2,62,-60
110900085,4,72,-68
110900086,0,0,0
110900087,0,0,0
110900088,0,0,0
110900090,0,0,0
110900091,0,0,0
110900093,0,0,0
110900095,1,6,-5
110900097,0,2,-2
110900098,2,12,-10
110900099,7,74,-67
110900100,0,3,-3
110900102,0,1,-1
110900105,86,59,27
110900108,0,15,-15
110900111,6,11,-5
110900112,0,0,0
110900113,0,0,0
110900115,0,0,0
110900116,18,619,-601
110900118,0,17,-17
110900119,1175,25,1150
110900120,0,50,-50
110900121,0,0,0
110900122,1,2,-1
110900125,0,4,-4
110900127,40,138,-98
110900128,3,3,0
110900129,0,0,0
110900130,56,7,49
110900131,0,0,0
110900132,0,0,0
110900133,1,53,-52
110900135,8,85,-77
110900136,0,0,0
110900137,0,0,0
110900138,1,94,-93
110900139,0,5,-5
110900140,0,0,0
110900141,0,8,-8
110900142,3,31,-28
110900143,0,0,0
110900144,1,198,-197
110900145,0,0,0
110900146,10,1,9
110900147,39,96,-57
110900148,0,123,-123
110900149,1,11,-10
110900150,0,4,-4
110900151,0,21,-21
110900152,1,56,-55
110900153,0,0,0
111000001,168,43,125
111000002,179,198,-19
111000003,99,132,-33
111000004,170,447,-277
111000005,89,176,-87
111000006,345,847,-502
111000007,619,432,187
111000008,1667,824,843
111000009,263,566,-303
111000010,198,83,115
111000011,447,371,76
111000012,203,92,111
111000013,146,495,-349
111000014,102,132,-30
111000017,40,146,-106
111000018,76,98,-22
111000020,720,949,-229
111000021,0,0,0
111000023,0,0,0
111000025,1799,530,1269
111000029,9,33,-24
111000030,14,37,-23
111000031,120,22,98
111000032,27,19,8
111000033,0,0,0
111000034,51,137,-86
111000037,596,262,334
111000038,322,534,-212
111000039,133,456,-323
111000040,210,524,-314
111000041,126,242,-116
111000042,1795,449,1346
111000043,0,0,0
111000044,0,0,0
111000045,14,25,-11
111000046,21,17,4
111000047,86,136,-50
111000049,58,227,-169
111000050,590,797,-207
111000051,126,504,-378
111000052,174,529,-355
111000053,113,388,-275
111000054,134,452,-318
111000055,214,768,-554
111000056,29,198,-169
111000057,17,227,-210
111000058,14,58,-44
111000059,32,93,-61
111000060,91,91,0
111000061,59,75,-16
111000062,29,76,-47
111000063,89,110,-21
111000064,30,75,-45
111000065,69,129,-60
111000066,39,86,-47
111000067,41,230,-189
111000068,26,168,-142
111000069,455,581,-126
111000070,835,428,407
111000071,28,406,-378
111000072,0,0,0
111000073,0,0,0
111000074,0,0,0
111000075,0,0,0
111000076,0,0,0
111000077,68,120,-52
111000078,405,480,-75
111000079,183,168,15
111000080,68,135,-67
111000081,764,459,305
111000082,111,173,-62
111000084,71,155,-84
111000085,97,129,-32
111000086,92,112,-20
111000087,67,134,-67
111000088,127,142,-15
111000089,115,186,-71
111000090,483,383,100
111000091,143,239,-96
111000092,180,428,-248
111000093,55,160,-105
111000094,150,217,-67
111000095,61,374,-313
111000096,558,1693,-1135
111000097,2794,283,2511
111000098,141,544,-403
111000099,82,1062,-980
111000100,71,891,-820
111000101,73,329,-256
111000102,31,415,-384
111000104,0,0,0
111000107,8,304,-296
111000109,0,0,0
111000110,12,7,5
111000111,36,5,31
111000112,31,5,26
111000113,34,4,30
111000114,23,25,-2
111000115,1582,176,1406
111000116,73,151,-78
111000117,62,193,-131
111000118,191,143,48
111000119,95,296,-201
111000120,24,133,-109
111000121,39,104,-65
111000122,64,370,-306
111000123,63,1028,-965
111000124,61,1281,-1220
111000125,35,754,-719
111000126,12,248,-236
111000127,0,0,0
111000128,0,0,0
111000129,0,0,0
111000130,28,92,-64
111000131,25,49,-24
111000132,0,0,0
111000133,9,14,-5
111000134,5,22,-17
111000135,1,41,-40
111000136,11,22,-11
111000138,0,0,0
111000140,0,5,-5
111000141,15,157,-142
111000142,3,87,-84
111000143,2,49,-47
111000144,0,69,-69
111000145,0,0,0
111000146,0,0,0
111000147,0,0,0
111000148,8,27,-19
111000149,6,29,-23
111000150,5,1,4
111000151,3,15,-12
111000153,48,79,-31
111000154,9,51,-42
111000155,5,47,-42
111000156,0,0,0
111000157,0,0,0
111000158,0,0,0
111000159,0,0,0
111000160,0,0,0
111000161,0,0,0
111000162,4,37,-33
111000163,90,209,-119
111000164,253,427,-174
111000165,336,162,174
111000166,246,80,166
111000167,33,136,-103
111000168,23,85,-62
111000169,8,59,-51
111000170,32,58,-26
111000171,43,152,-109
111000172,12,95,-83
111000173,12,282,-270
111000174,1,180,-179
111000175,5,89,-84
111000176,3,24,-21
111000177,3,58,-55
111000178,40,76,-36
111000179,2,48,-46
111000180,46,54,-8
111000181,45,68,-23
111000182,11,47,-36
111000183,11,34,-23
111000184,13,13,0
111000185,31,200,-169
111000186,22,117,-95
111000187,10,135,-125
111000188,12,139,-127
111000189,395,149,246
111000190,33,174,-141
111000191,21,191,-170
111000192,50,211,-161
111000193,104,162,-58
111000194,3,134,-131
111000195,12,152,-140
111000196,6,91,-85
111000197,0,0,0
111000198,0,0,0
111000199,0,0,0
111000200,0,0,0
111000201,0,0,0
111000202,0,0,0
111000203,0,0,0
111000204,0,0,0
111000213,3,21,-18
111000214,101,309,-208
111000215,97,312,-215
111000217,78,180,-102
111000218,77,198,-121
111000219,65,172,-107
111000220,14,205,-191
111000221,0,0,0
111000224,0,69,-69
111000225,14,14,0
111000226,0,0,0
111000227,0,0,0
111000228,4,43,-39
111000229,14,95,-81
111000230,0,0,0
111000231,0,1,-1
111000232,49,363,-314
111000233,64,354,-290
111000234,14,97,-83
111000239,62,108,-46
111000240,0,0,0
111000241,7,199,-192
111000242,0,0,0
111000243,9,540,-531
111000244,0,0,0
111000245,4,3,1
111000246,1,21,-20
111000247,26,492,-466
111000248,9,17,-8
111000249,101,337,-236
111000250,5,61,-56
111000251,3,28,-25
111000253,0,0,0
111000255,0,0,0
111000257,0,0,0
111000260,31,465,-434
111000261,20,0,20
111000271,5,94,-89
111000273,1233,161,1072
111000274,199,382,-183
111000275,0,0,0
111000276,42,633,-591
111000277,41,159,-118
111000278,49,35,14
111000291,31,126,-95
111000298,14,9,5
111000299,0,0,0
111000300,0,100,-100
111000302,4,5,-1
111000303,10,53,-43
111000312,2,11,-9
111000315,0,0,0
111000320,40,89,-49
111000321,20,7,13
111000322,6,59,-53
111000323,2,2,0
111000324,0,0,0
111000325,6,37,-31
111000326,7,87,-80
111000327,26,76,-50
111000328,30,77,-47
111000329,2,24,-22
111000330,1,0,1
111000331,0,0,0
111000332,50,237,-187
111000334,120,731,-611
111000335,47,72,-25
111000337,75,322,-247
111000338,5,67,-62
111000339,16,238,-222
111000340,15,295,-280
111000341,83,51,32
111000342,13,125,-112
111000344,115,123,-8
111000345,0,1,-1
111000346,4,52,-48
111000347,6,2,4
111000350,1,1,0
111000351,19,23,-4
111000352,2,0,2
111000353,9,52,-43
111000354,17,1,16
111000355,28,129,-101
111000358,9,628,-619
111000360,2,422,-420
111000361,1,135,-134
111000546,56,413,-357
111000547,4,85,-81
111000548,38,110,-72
111000549,12,50,-38
111000550,14,109,-95
111000551,50,8,42
111000552,6,3,3
111000907,0,4,-4
111000908,0,0,0
111000916,124,148,-24
111000917,5,112,-107
111000918,8,356,-348
111000920,0,0,0
111000921,0,184,-184
111000922,48,221,-173
111000924,5,419,-414
111000925,165,415,-250
111000926,391,1261,-870
111000927,1056,806,250
111000928,3857,1603,2254
111000929,76,210,-134
111000930,209,1091,-882
111000931,212,395,-183
111000932,1569,1228,341
111000933,307,219,88
111000934,748,1175,-427
111000935,59,136,-77
111000936,161,853,-692
111000937,94,81,13
111000938,365,951,-586
111000939,0,0,0
111000940,16,49,-33
111000941,0,77,-77
111000943,10,44,-34
111000944,4,123,-119
111000945,2,1199,-1197
111001109,1,1,0
111001110,49,434,-385
111001111,5,2,3
111001112,20,2,18
111001113,2,58,-56
111001114,0,0,0
111001115,7,118,-111
111001116,525,67,458
111001117,385,344,41
111001120,12,64,-52
111001121,22,103,-81
111001122,13,197,-184
111900001,0,19,-19
111900002,0,43,-43
111900003,0,23,-23
111900004,3,12,-9
111900006,0,0,0
111900007,0,0,0
111900008,0,0,0
111900009,0,11,-11
111900010,63,108,-45
111900012,22,19,3
111900013,0,4,-4
111900014,810,67,743
111900015,0,12,-12
111900016,0,24,-24
111900017,0,35,-35
111900018,0,0,0
111900019,1,15,-14
111900020,0,3,-3
111900021,0,14,-14
111900022,0,9,-9
111900023,28,6,22
111900024,0,3,-3
111900025,0,1,-1
111900026,0,19,-19
111900027,0,23,-23
111900028,1,112,-111
111900029,0,12,-12
111900030,0,0,0
111900031,0,42,-42
111900032,0,108,-108
111900033,0,10,-10
111900034,0,0,0
111900035,0,46,-46
111900036,1,104,-103
111900038,0,0,0
111900039,1,90,-89
111900040,1,151,-150
111900042,7,13,-6
111900043,0,124,-124
111900044,0,0,0
111900046,14,41,-27
111900048,1,219,-218
111900049,2,70,-68
111900050,1,0,1
111900051,0,66,-66
111900052,54,119,-65
111900053,1,1,0
111900054,7,0,7
111900055,4,184,-180
111900056,0,0,0
111900057,0,6,-6
111900058,0,244,-244
111900059,0,0,0
111900060,3,1,2
111900061,2,83,-81
111900062,0,0,0
111900063,3,19,-16
111900064,14,60,-46
111900065,0,0,0
111900066,0,0,0
111900067,0,26,-26
111900068,0,0,0
111900069,0,0,0
111900070,0,0,0
111900071,0,31,-31
111900072,0,0,0
111900073,2,0,2
111900074,0,5,-5
111900075,0,0,0
111900076,0,0,0
111900077,0,0,0
111900078,0,0,0
111900079,0,0,0
111900080,0,0,0
111900081,0,1,-1
111900082,3,0,3
111900083,0,0,0
111900084,0,0,0
111900085,0,0,0
111900086,0,1,-1
111900087,0,0,0
111900088,0,0,0
111900089,0,0,0
111900090,0,0,0
111900091,2,0,2
111900092,0,0,0
111900093,0,1,-1
111900094,0,0,0
111900095,0,0,0
111900096,1,0,1
111900097,0,0,0
111900098,0,0,0
111900099,0,0,0
111900100,0,0,0
111900101,0,0,0
111900102,1,133,-132
111900103,0,0,0
111900104,0,0,0
111900105,0,0,0
111900106,96,0,96
111900107,1,0,1
111900108,3,2,1
111900109,6,6,0
111900110,341,6,335
111900111,0,35,-35
111900112,2,0,2
111900113,0,0,0
111900114,0,0,0
111900115,0,0,0
111900118,0,0,0
111900119,0,0,0
111900122,0,0,0
111900123,0,0,0
111900124,8,12,-4
111900125,0,0,0
111900126,0,0,0
111900127,0,0,0
111900128,0,0,0
111900129,0,0,0
111900130,0,0,0
111900131,0,0,0
111900132,0,0,0
111900133,0,0,0
111900134,4,47,-43
111900135,0,0,0
111900136,0,0,0
111900137,8,10,-2
111900138,2,11,-9
111900139,0,19,-19
111900140,0,0,0
111900141,0,0,0
111900142,0,0,0
111900143,2,50,-48
111900144,0,29,-29
111900145,2,154,-152
111900146,0,31,-31
111900147,11,74,-63
111900148,0,57,-57
111900149,0,54,-54
111900150,0,9,-9
111900151,0,4,-4
111900152,8,2,6
111900153,17,0,17
111900154,0,0,0
111900155,0,0,0
111900156,0,0,0
111900157,0,0,0
111900158,0,0,0
111900159,0,0,0
111900160,0,0,0
111900161,0,0,0
111900162,0,0,0
111900163,0,0,0
111900164,0,0,0
111901113,0,39,-39
111901114,0,4,-4
111901115,0,0,0
111901116,0,0,0
111901117,0,0,0
111901118,0,0,0
111901119,0,0,0
111901120,0,0,0
111901121,18,20,-2
111901122,0,82,-82
111901123,0,65,-65
111901124,0,0,0
111901125,0,0,0
111901126,0,0,0
111901127,0,0,0
111901128,0,0,0
111901129,0,0,0
111901130,0,0,0
111901131,2,33,-31
111901132,0,0,0
111901133,0,0,0
111901134,0,0,0
111901135,0,0,0
111901136,0,0,0
111901137,0,0,0
111901138,0,0,0
111901139,0,0,0
111901140,0,0,0
111901141,0,0,0
111901142,0,0,0
111901143,0,0,0
111901144,0,0,0
112000001,279,205,74
112000002,299,933,-634
112000003,151,208,-57
112000004,179,665,-486
112000005,311,267,44
112000006,375,883,-508
112000007,137,167,-30
112000008,208,492,-284
112000009,814,1002,-188
112000010,154,303,-149
112000011,296,862,-566
112000012,335,433,-98
112000013,2620,1066,1554
112000014,140,99,41
112000015,469,688,-219
112000016,102,126,-24
112000017,151,450,-299
112000024,589,283,306
112000026,1380,1966,-586
112000027,10,10,0
112000028,471,967,-496
112000029,44,31,13
112000030,57,41,16
112000031,311,292,19
112000032,381,20,361
112000033,570,69,501
112000034,99,19,80
112000035,7,53,-46
112000036,77,39,38
112000037,32,190,-158
112000038,51,127,-76
112000039,0,0,0
112000040,14,51,-37
112000041,14,76,-62
112000042,113,90,23
112000050,0,0,0
112000051,23,44,-21
112000054,455,305,150
112000057,113,57,56
112000058,77,49,28
112000059,0,0,0
112000061,1731,409,1322
112000062,1173,66,1107
112000063,140,114,26
112000064,2196,2001,195
112000065,808,950,-142
112000066,5,0,5
112000067,153,177,-24
112000068,0,0,0
112000069,93,1219,-1126
112000070,48,16,32
112000071,103,1149,-1046
112000072,48,25,23
112000073,124,474,-350
112000074,8,101,-93
112000075,12,54,-42
112000076,301,415,-114
112000077,44,266,-222
112000078,58,157,-99
112000079,154,561,-407
112000080,52,251,-199
112000081,415,643,-228
112000082,16,27,-11
112000083,130,476,-346
112000084,34,13,21
112000085,139,400,-261
112000086,31,44,-13
112000087,31,200,-169
112000088,4,5,-1
112000089,15,153,-138
112000090,6,3,3
112000091,113,640,-527
112000092,74,88,-14
112000093,384,585,-201
112000094,27,62,-35
112000095,76,304,-228
112000096,9,68,-59
112000097,3,7,-4
112000098,130,639,-509
112000099,30,3,27
112000100,53,42,11
112000101,118,530,-412
112000102,28,29,-1
112000103,66,710,-644
112000105,94,851,-757
112000106,33,47,-14
112000107,0,0,0
112000108,13,174,-161
112000109,0,0,0
112000110,33,31,2
112000111,245,2372,-2127
112000112,75,24,51
112000113,407,1354,-947
112000114,25,28,-3
112000115,5,72,-67
112000116,6,123,-117
112000117,4,101,-97
112000118,113,269,-156
112000119,61,305,-244
112000120,10,138,-128
112000121,0,0,0
112000122,0,0,0
112000123,0,0,0
112000124,0,0,0
112000125,0,0,0
112000126,0,0,0
112000127,266,86,180
112000128,177,50,127
112000129,2,38,-36
112000130,3,19,-16
112000131,1,79,-78
112000132,7,176,-169
112000133,0,73,-73
112000134,16,159,-143
112000135,24,7,17
112000136,107,382,-275
112000137,27,18,9
112000138,69,439,-370
112000139,0,0,0
112000140,148,386,-238
112000141,0,0,0
112000142,31,347,-316
112000143,0,0,0
112000144,25,615,-590
112000145,0,0,0
112000146,118,1122,-1004
112000147,0,0,0
112000148,147,725,-578
112000149,0,0,0
112000150,18,120,-102
112000151,0,0,0
112000152,13,76,-63
112000153,0,14,-14
112000154,18,18,0
112000155,7,6,1
112000157,67,72,-5
112000158,7,65,-58
112000159,27,94,-67
112000167,11,0,11
112000169,9,20,-11
112000173,1,63,-62
112000175,4,18,-14
112000176,1570,530,1040
112000177,2,4,-2
112000178,1,6,-5
112000179,2,7,-5
112000180,27,57,-30
112000181,208,789,-581
112000182,17,367,-350
112000183,0,0,0
112000184,0,0,0
112000185,31,108,-77
112000187,530,632,-102
112000195,0,0,0
112000196,0,0,0
112000197,0,0,0
112000198,0,0,0
112000199,0,5,-5
112000202,0,0,0
112000216,57,5,52
112000230,0,0,0
112000231,0,0,0
112000256,0,0,0
112000313,12,34,-22
112000314,1,1,0
112000337,13,244,-231
112000352,17,12,5
112000392,370,135,235
112000398,64,75,-11
112000399,16,40,-24
112000400,347,1144,-797
112000401,1057,785,272
112000402,137,222,-85
112000403,32,82,-50
112000404,58,71,-13
112000405,60,178,-118
112000406,712,1039,-327
112000407,476,428,48
112000408,3009,2074,935
112000409,353,1500,-1147
112000410,0,0,0
112000411,358,22,336
112000412,149,50,99
112000413,197,15,182
112000414,6,20,-14
112000415,0,0,0
112000416,145,122,23
112000417,0,0,0
112000421,7,18,-11
112000422,24,49,-25
112000424,209,228,-19
112000425,77,364,-287
112000426,1,54,-53
112000427,0,1,-1
112000428,1,32,-31
112000429,286,663,-377
112000430,452,1032,-580
112000431,0,0,0
112000432,113,957,-844
112000433,126,55,71
112000437,1,35,-34
112900001,0,0,0
112900002,0,0,0
112900003,7,44,-37
112900004,0,76,-76
112900005,0,31,-31
112900006,1,153,-152
112900007,0,0,0
112900008,0,0,0
112900009,0,0,0
112900010,0,79,-79
112900011,19,6,13
112900012,0,6,-6
112900013,0,0,0
112900014,0,24,-24
112900015,123,443,-320
112900016,0,45,-45
112900017,0,0,0
112900018,0,58,-58
112900019,6,11,-5
112900020,178,736,-558
112900021,0,60,-60
112900022,0,0,0
112900023,1,26,-25
112900024,1,55,-54
112900025,0,0,0
112900026,1,41,-40
112900027,0,0,0
112900028,1,15,-14
112900029,0,0,0
112900030,22,33,-11
112900031,0,0,0
112900032,4,21,-17
112900034,0,0,0
112900035,0,0,0
112900036,5,10,-5
112900037,0,0,0
112900038,0,11,-11
112900039,0,0,0
112900040,0,12,-12
112900041,256,89,167
112900042,6,81,-75
112900043,0,6,-6
112900044,36,62,-26
112900045,0,0,0
112900046,16,2,14
112900047,4,0,4
112900049,0,4,-4
112900050,15,189,-174
112900051,95,177,-82
112900052,0,205,-205
112900053,12,87,-75
112900054,3,0,3
112900055,0,0,0
112900056,1,1,0
112900057,1,147,-146
112900058,23,2,21
112900059,3,15,-12
112900060,0,38,-38
112900061,2,7,-5
112900062,1,12,-11
112900063,0,0,0
112900064,8,10,-2
112900065,0,0,0
112900066,4,3,1
112900067,59,19,40
112900068,0,0,0
112900069,124,13,111
112900071,0,0,0
112900072,8,14,-6
112900073,4,0,4
112900074,0,0,0
112900075,12,3,9
112900076,0,0,0
112900078,0,0,0
112900079,0,0,0
112900080,0,0,0
112900081,0,1,-1
112900082,10,1,9
112900083,0,1,-1
112900084,0,0,0
112900085,0,0,0
112900086,0,0,0
112900087,6,0,6
112900088,0,0,0
112900089,15,0,15
112900090,0,0,0
112900091,0,0,0
112900092,0,0,0
112900093,0,0,0
112900094,0,0,0
112900095,0,0,0
112900096,7,4,3
112900097,2,47,-45
112900098,0,0,0
112900099,11,0,11
112900100,1,0,1
112900101,0,0,0
112900102,0,0,0
112900103,0,0,0
112900104,0,0,0
112900105,0,0,0
112900106,4,0,4
112900107,0,0,0
112900108,0,0,0
112900109,0,0,0
112900110,0,0,0
112900111,0,0,0
112900112,0,0,0
112900113,0,1,-1
112900114,0,1,-1
112900115,3,0,3
112900116,0,4,-4
112900117,4,0,4
112900118,5,11,-6
112900119,0,0,0
112900120,110,47,63
112900121,6,16,-10
112900122,2,18,-16
112900123,0,0,0
112900124,2,25,-23
112900125,0,6,-6
112900126,10,22,-12
112900127,0,0,0
112900128,75,253,-178
112900129,1,441,-440
112900130,0,0,0
112900131,10,64,-54
112900132,1,76,-75
112900133,5,196,-191
112900134,0,133,-133
112900135,0,0,0
112900136,0,4,-4
112900137,1,106,-105
112900138,0,222,-222
112900139,41,495,-454
112900140,0,9,-9
112900141,17,9,8
112900142,0,0,0
112900143,14,234,-220
112900144,0,17,-17
112900145,10,169,-159
112900146,0,162,-162
112900147,2,929,-927
112900148,2,0,2
112900149,11,19,-8
112900151,0,0,0
112900152,619,120,499
112900153,11,2,9
112900154,0,0,0
112900155,0,0,0
112900156,0,134,-134
112900157,25,5,20
112900158,0,1,-1
112900159,0,7,-7
112900160,2,20,-18
112900161,0,0,0
112900162,2,0,2
112900163,0,0,0
112900164,0,0,0
112900165,3,12,-9
112900166,0,0,0
112900167,0,0,0
112900168,0,0,0
112900169,0,0,0
112900170,0,0,0
112900172,0,0,0
112900173,14,7,7
112900174,0,0,0
112900175,0,0,0
112900176,0,0,0
112900177,0,0,0
112900178,0,0,0
112900179,0,87,-87
112900180,4,471,-467
112900181,0,0,0
112900182,0,40,-40
112900183,0,1,-1
112900184,61,84,-23
112900185,2,7,-5
112900186,163,136,27
112900187,0,0,0
112900188,324,66,258
112900189,0,6,-6
112900190,0,3,-3
112900192,47,17,30
112900193,105,22,83
112900194,0,6,-6
112900195,18,2,16
112900196,61,288,-227
112900197,48,203,-155
112900199,0,0,0
112900200,0,0,0
112900201,0,0,0
112900202,1,86,-85
112900203,0,0,0
112900204,17,7,10
112900205,0,3,-3
112900206,1,9,-8
112900207,0,1,-1
112900208,0,2,-2
112900209,33,120,-87
112900210,0,8,-8
112900211,0,0,0
112900212,0,0,0
112900213,0,0,0
112900214,1,0,1
112900215,0,33,-33
112900216,5,4,1
112900217,0,32,-32
112900218,0,0,0
112900219,0,0,0
112900220,0,0,0
112900221,0,0,0
112900222,0,0,0
112900223,60,2,58
112900224,1,184,-183
112900225,2,169,-167
112900226,8,2,6
112900227,0,460,-460
112900228,0,0,0
112900229,0,0,0
112900230,2072,315,1757
112900232,3,14,-11
112900233,1,54,-53
112900234,0,15,-15
112900235,1,1,0
112900236,0,2,-2
112900237,0,62,-62
112900238,0,6,-6
113000001,1287,1197,90
113000002,457,212,245
113000003,639,456,183
113000004,440,204,236
113000005,207,260,-53
113000006,119,125,-6
113000007,272,351,-79
113000008,188,139,49
113000009,187,302,-115
113000010,169,124,45
113000011,119,397,-278
113000012,144,91,53
113000013,171,120,51
113000014,183,327,-144
113000015,20,35,-15
113000016,35,130,-95
113000017,3,97,-94
113000018,6,8,-2
113000019,8,184,-176
113000020,0,0,0
113000021,34,263,-229
113000022,64,610,-546
113000025,13,65,-52
113000026,13,70,-57
113000027,32,77,-45
113000028,122,115,7
113000029,0,0,0
113000030,511,303,208
113000031,252,140,112
113000032,0,0,0
113000033,0,0,0
113000034,334,148,186
113000035,5,8,-3
113000036,0,0,0
113000037,35,26,9
113000038,0,0,0
113000039,26,59,-33
113000040,65,20,45
113000042,143,66,77
113000051,84,156,-72
113000052,496,78,418
113000053,19,103,-84
113000054,27,78,-51
113000055,41,126,-85
113000056,53,272,-219
113000058,170,208,-38
113000059,0,0,0
113000060,10,117,-107
113000061,83,73,10
113000062,78,2,76
113000063,0,0,0
113000064,0,0,0
113000065,43,439,-396
113000066,24,18,6
113000067,45,92,-47
113000068,61,611,-550
113000069,90,398,-308
113000070,46,62,-16
113000071,55,261,-206
113000072,34,18,16
113000073,155,460,-305
113000074,71,74,-3
113000075,175,113,62
113000076,397,543,-146
113000077,0,0,0
113000078,156,487,-331
113000079,215,141,74
113000080,16,4,12
113000081,0,0,0
113000082,302,211,91
113000083,0,0,0
113000084,304,266,38
113000085,33,35,-2
113000086,117,249,-132
113000087,24,21,3
113000088,560,261,299
113000089,24,45,-21
113000090,0,36,-36
113000091,421,87,334
113000094,21,14,7
113000095,93,640,-547
113000096,63,400,-337
113000097,29,12,17
113000098,0,0,0
113000099,55,26,29
113000100,42,197,-155
113000101,99,154,-55
113000102,6,23,-17
113000103,424,392,32
113000104,28,148,-120
113000105,13,12,1
113000106,62,291,-229
113000107,39,82,-43
113000108,163,444,-281
113000109,86,178,-92
113000110,0,0,0
113000111,15,41,-26
113000112,0,0,0
113000113,0,0,0
113000114,108,128,-20
113000116,67,17,50
113000117,110,16,94
113000118,2,6,-4
113000119,11,69,-58
113000120,0,9,-9
113000121,36,157,-121
113000124,0,0,0
113000125,0,0,0
113000127,984,173,811
113000128,0,0,0
113000129,490,245,245
113000133,1702,339,1363
113000134,8,147,-139
113000135,26,43,-17
113000137,0,0,0
113000139,0,0,0
113000140,167,133,34
113000141,0,0,0
113000142,195,204,-9
113000143,0,0,0
113000144,105,78,27
113000145,0,0,0
113000146,27,40,-13
113000147,37,101,-64
113000148,0,0,0
113000149,0,0,0
113000150,107,84,23
113000151,72,28,44
113000152,0,0,0
113000153,328,54,274
113000154,100,165,-65
113000155,42,84,-42
113000156,63,72,-9
113000157,33,139,-106
113000158,166,44,122
113000159,242,140,102
113000160,96,209,-113
113000161,5,35,-30
113000162,211,115,96
113000163,0,0,0
113000164,10,54,-44
113000166,0,0,0
113000167,14,212,-198
113000168,27,236,-209
113000169,0,0,0
113000170,0,0,0
113000171,39,76,-37
113000172,0,0,0
113000173,0,0,0
113000174,45,544,-499
113000175,0,0,0
113000176,0,0,0
113000177,32,445,-413
113000178,33,365,-332
113000179,0,0,0
113000180,38,237,-199
113000181,115,375,-260
113000182,29,29,0
113000183,61,226,-165
113000184,10,47,-37
113000189,72,76,-4
113000190,203,33,170
113000192,527,376,151
113000193,489,186,303
113000194,298,280,18
113000195,165,103,62
113000196,8,19,-11
113000197,102,100,2
113000198,7,69,-62
113000199,4,15,-11
113000201,1,45,-44
113000202,657,135,522
113000203,0,0,0
113000204,260,293,-33
113000205,19,17,2
113000206,0,0,0
113000207,34,10,24
113000208,0,0,0
113000209,5,27,-22
113000210,0,0,0
113000211,20,14,6
113000212,24,0,24
113000213,1,19,-18
113000214,9,71,-62
113000234,50,494,-444
113000410,4,12,-8
113000411,590,978,-388
113000412,3144,667,2477
113000413,1344,543,801
113000414,3045,625,2420
113000415,1110,1034,76
113000416,4466,1360,3106
113000417,842,800,42
113000418,570,628,-58
113000419,417,438,-21
113000420,1558,765,793
113000421,516,435,81
113000422,6614,883,5731
113000423,1767,716,1051
113000424,1958,774,1184
113000425,4,50,-46
113000428,1,6,-5
113000430,0,0,0
113000432,33,2,31
113000433,41,391,-350
113000434,6,250,-244
113000435,16,340,-324
113000436,10,490,-480
113000437,0,0,0
113000438,0,0,0
113000439,2,55,-53
113000440,0,0,0
113000441,0,0,0
113000442,16,129,-113
113000443,0,0,0
113000444,8,124,-116
113000445,0,0,0
113000446,9,43,-34
113000448,38,52,-14
113000449,0,0,0
113000450,30,16,14
113000451,251,27,224
113000452,0,0,0
113000453,22,100,-78
113000454,0,0,0
113000455,1,45,-44
113000456,230,163,67
113000468,149,12,137
113000469,23,13,10
113000470,0,0,0
113000471,0,0,0
113000472,26,63,-37
113000474,50,114,-64
113000475,248,411,-163
113000476,153,641,-488
113000477,387,760,-373
113000478,666,1136,-470
113000479,15,114,-99
113000480,10,13,-3
113000482,0,1,-1
113000483,0,0,0
113000485,0,0,0
113000486,0,0,0
113000487,0,0,0
113000488,0,0,0
113000489,0,0,0
113000490,0,0,0
113000491,0,0,0
113000492,0,0,0
113000493,0,0,0
113000495,7,64,-57
113000496,0,0,0
113000497,0,0,0
113000500,0,10,-10
113900001,0,0,0
113900002,0,0,0
113900003,0,0,0
113900004,0,0,0
113900005,0,0,0
113900006,0,0,0
113900007,0,0,0
113900008,0,0,0
113900009,0,0,0
113900010,0,0,0
113900011,0,0,0
113900012,0,0,0
113900013,0,0,0
113900014,0,0,0
113900015,0,12,-12
113900016,0,0,0
113900017,0,0,0
113900018,23,1,22
113900019,1,0,1
113900020,0,0,0
113900022,0,0,0
113900023,0,0,0
113900024,1,7,-6
113900025,0,0,0
113900026,0,0,0
113900027,0,0,0
113900028,0,0,0
113900029,0,20,-20
113900030,0,0,0
113900031,0,0,0
113900032,0,0,0
113900033,0,15,-15
113900035,0,0,0
113900036,0,0,0
113900037,0,0,0
113900038,2,1,1
113900039,0,0,0
113900040,0,0,0
113900041,0,0,0
113900042,0,9,-9
113900043,8,11,-3
113900044,0,0,0
113900045,0,0,0
113900046,29,96,-67
113900047,0,0,0
113900048,57,8,49
113900049,105,2,103
113900050,14,31,-17
113900051,8,64,-56
113900052,0,0,0
113900053,0,0,0
113900054,0,0,0
113900055,5,135,-130
113900056,0,0,0
113900057,3,10,-7
113900058,2,23,-21
113900059,3,41,-38
113900060,0,0,0
113900061,0,0,0
113900062,0,0,0
113900063,0,0,0
113900064,0,23,-23
113900065,0,0,0
113900066,2,68,-66
113900067,0,0,0
113900068,0,0,0
113900069,0,0,0
113900070,13,73,-60
113900071,0,0,0
113900072,0,26,-26
113900073,5,56,-51
113900074,0,0,0
113900075,0,0,0
113900076,0,0,0
113900077,1,54,-53
113900078,0,0,0
113900079,0,4,-4
113900080,0,0,0
113900081,0,35,-35
113900082,3,52,-49
113900083,0,0,0
113900084,0,0,0
113900085,2,68,-66
113900086,0,0,0
113900087,0,0,0
113900088,0,0,0
113900089,0,0,0
113900090,1,0,1
113900091,0,0,0
113900092,1,14,-13
113900093,0,52,-52
113900094,0,0,0
113900095,0,0,0
113900096,0,0,0
113900097,0,11,-11
113900098,0,0,0
113900099,0,0,0
113900100,0,0,0
113900101,0,3,-3
113900102,0,13,-13
113900103,0,0,0
113900104,0,0,0
113900105,0,39,-39
113900106,0,0,0
113900107,0,0,0
113900108,5,14,-9
113900109,1,11,-10
113900110,0,0,0
113900111,0,0,0
113900112,5,11,-6
113900113,9,6,3
113900114,0,0,0
113900115,0,0,0
113900116,0,15,-15
113900117,3,1,2
113900118,0,0,0
113900119,0,0,0
113900120,0,0,0
113900121,0,0,0
113900122,0,0,0
113900123,5,5,0
113900124,0,0,0
113900125,9,7,2
113900126,2,5,-3
113900127,2,8,-6
113900128,0,0,0
113900129,0,0,0
113900130,0,0,0
113900131,7,3,4
113900132,0,0,0
113900133,6,1,5
113900135,5,28,-23
113900136,2,10,-8
113900137,6,3,3
113900138,0,0,0
113900139,113,7,106
113900140,0,0,0
113900141,4,47,-43
113900142,0,11,-11
113900143,1,0,1
113900144,0,0,0
113900145,1,14,-13
113900146,2,1,1
113900148,7,12,-5
113900149,0,0,0
113900150,394,80,314
113900151,1,6,-5
113900152,0,3,-3
113900153,68,41,27
113900154,0,0,0
113900155,42,16,26
113900156,35,158,-123
113900157,1,9,-8
113900158,59,7,52
113900159,0,0,0
113900160,62,183,-121
113900161,0,1,-1
113900162,71,59,12
113900163,3,28,-25
113900164,0,0,0
113900165,120,94,26
113900166,12,6,6
113900167,0,0,0
113900168,11,21,-10
113900169,28,102,-74
113900171,0,0,0
113900172,3,42,-39
113900173,1,100,-99
113900174,27,229,-202
113900175,0,0,0
113900176,47,242,-195
113900177,7,13,-6
113900178,0,0,0
113900179,2,109,-107
113900180,9,12,-3
113900181,0,0,0
113900182,54,239,-185
113900183,4,11,-7
113900184,7,90,-83
113900185,18,8,10
113900186,0,1,-1
113900187,6,19,-13
113900188,8,19,-11
113900189,0,0,0
113900190,72,36,36
113900191,8,21,-13
113900192,0,1,-1
113900193,2,58,-56
113900194,183,90,93
113900195,30,96,-66
113900196,0,12,-12
113900197,1,54,-53
113900198,0,34,-34
113900199,35,101,-66
113900200,0,12,-12
113900201,0,47,-47
113900202,4,8,-4
113900203,1,73,-72
113900204,7,79,-72
113900205,20,11,9
113900206,1,12,-11
113900207,0,7,-7
113900208,0,1,-1
113900209,0,15,-15
113900210,50,61,-11
113900211,13,0,13
113900212,0,100,-100
113900214,79,38,41
113900215,0,23,-23
113900216,0,102,-102
113900217,0,0,0
113900218,0,0,0
113900219,3,41,-38
113900220,0,0,0
113900221,0,0,0
113900222,0,3,-3
113900223,1,82,-81
113900224,26,2,24
113900225,0,0,0
113900226,0,0,0
113900227,0,0,0
113900228,16,5,11
113900229,0,4,-4
113900230,216,34,182
113900231,6,32,-26
113900232,3,21,-18
113900233,0,8,-8
113900234,4,6,-2
113900235,0,0,0
113900236,0,0,0
113900237,0,0,0
113900238,3,3,0
113900239,1,4,-3
113900240,0,8,-8
113900241,13,4,9
113900242,2,6,-4
113900243,2,43,-41
113900244,126,32,94
113900245,184,14,170
113900246,0,0,0
113900247,0,0,0
113900248,357,27,330
113900249,0,0,0
113900250,0,0,0
113900251,1,30,-29
113900252,0,0,0
113900253,0,0,0
113900254,0,0,0
113900255,0,0,0
113900256,0,0,0
113900257,8,91,-83
113900258,1,97,-96
113900259,2,60,-58
113900260,0,1,-1
113900261,0,20,-20
113900262,0,140,-140
113900263,2,63,-61
113900264,0,108,-108
113900265,51,63,-12
113900266,2,61,-59
113900267,7,60,-53
113900268,1,1,0
113900269,7,22,-15
113900270,10,92,-82
113900271,40,429,-389
113900273,0,0,0
113900274,0,0,0
113900275,1,16,-15
113900276,0,62,-62
113900277,0,0,0
113900278,13,18,-5
113900279,1,21,-20
113900280,54,38,16
113900281,15,57,-42
113900282,49,5,44
113900283,0,0,0
113900284,0,6,-6
113900285,0,2,-2
113900286,0,0,0
113900287,6,30,-24
113900288,0,38,-38
113900289,143,5,138
113900290,64,3,61
113900291,20,31,-11
113900292,0,0,0
113900293,0,52,-52
113900294,0,0,0
113900295,15,10,5
113900296,8,2,6
113900297,0,0,0
113900298,1,364,-363
113900299,0,0,0
113900300,441,11,430
113900301,0,0,0
113900302,0,5,-5
113900303,57,6,51
113900304,1,52,-51
113900305,0,0,0
113900306,0,0,0
113900307,0,0,0
113900308,12,22,-10
113900309,1,173,-172
113900310,0,0,0
113900311,0,0,0
113900312,0,3,-3
113900313,0,0,0
114000001,318,1041,-723
114000002,0,0,0
114000003,3,1,2
114000004,2,0,2
114000005,5,9,-4
114000006,496,586,-90
114000007,70,375,-305
114000008,225,228,-3
114000009,12,19,-7
114000011,603,978,-375
114000012,232,939,-707
114000013,205,726,-521
114000014,113,154,-41
114000015,80,137,-57
114000016,14,125,-111
114000017,26,17,9
114000018,95,6,89
114000026,149,531,-382
114000027,206,577,-371
114000028,359,618,-259
114000038,4,4,0
114000039,12,66,-54
114000040,6,34,-28
114000042,23,57,-34
114000043,0,38,-38
114000044,3,11,-8
114000045,4,48,-44
114000046,321,1226,-905
114000047,2,24,-22
114000048,2,4,-2
114000049,34,68,-34
114000050,29,75,-46
114000051,196,181,15
114000052,125,75,50
114000053,0,14,-14
114000054,1,27,-26
114000055,5,0,5
114000056,181,169,12
114000057,2598,720,1878
114000058,42,22,20
114000059,59,37,22
114000060,60,329,-269
114000061,188,19,169
114000062,103,39,64
114000063,843,760,83
114000064,2800,559,2241
114000065,404,710,-306
114000066,43,168,-125
114000067,0,0,0
114000068,33,22,11
114000069,73,45,28
114000070,59,13,46
114000071,28,81,-53
114000072,9,61,-52
114000073,0,0,0
114000074,8,17,-9
114000075,0,0,0
114000076,0,0,0
114000077,0,0,0
114000078,6,124,-118
114000079,6,7,-1
114000080,4,3,1
114000081,0,0,0
114000082,7,189,-182
114000083,10,145,-135
114000084,3,5,-2
114000085,10,292,-282
114000086,36,288,-252
114000087,4,84,-80
114000088,0,0,0
114000089,200,81,119
114000090,21,39,-18
114000091,125,71,54
114000092,62,67,-5
114000093,25,119,-94
114000094,28,36,-8
114000095,0,0,0
114000096,3,103,-100
114000097,5,190,-185
114000098,0,0,0
114000099,15,145,-130
114000100,8,72,-64
114000101,34,317,-283
114000102,0,0,0
114000103,1,42,-41
114000104,0,42,-42
114000105,0,11,-11
114000106,143,38,105
114000107,23,23,0
114000108,718,443,275
114000109,0,0,0
114000110,111,537,-426
114000111,0,0,0
114000112,60,641,-581
114000113,0,0,0
114000114,264,562,-298
114000115,0,0,0
114000116,41,21,20
114000117,83,15,68
114000118,62,22,40
114000119,70,12,58
114000120,155,337,-182
114000121,64,147,-83
114000122,72,100,-28
114000123,4,2,2
114000124,0,3,-3
114000125,223,656,-433
114000126,4,1,3
114000127,2,37,-35
114000128,34,78,-44
114000130,0,0,0
114000131,0,0,0
114000132,216,290,-74
114000133,144,366,-222
114000134,11,38,-27
114000138,21,49,-28
114000139,0,10,-10
114000144,10,19,-9
114000145,10,49,-39
114000146,9,54,-45
114000147,26,27,-1
114000148,57,7,50
114000149,9,26,-17
114000150,227,158,69
114000151,21,5,16
114000152,6,2,4
114000153,170,224,-54
114000154,91,101,-10
114000155,56,99,-43
114000156,17,47,-30
114000157,28,134,-106
114000158,624,130,494
114000159,29,67,-38
114000160,7,34,-27
114000161,30,13,17
114000162,7,8,-1
114000163,1,28,-27
114000165,1,10,-9
114000166,113,10,103
114000167,763,363,400
114000168,178,247,-69
114000169,168,74,94
114000170,58,94,-36
114000171,71,64,7
114000174,47,179,-132
114000176,105,162,-57
114000177,794,304,490
114000178,0,0,0
114000179,72,4,68
114000180,113,205,-92
114000181,211,318,-107
114000182,1025,718,307
114000183,379,382,-3
114000184,2079,763,1316
114000185,65,44,21
114000189,0,0,0
114000190,0,0,0
114000191,0,0,0
114000192,106,634,-528
114000193,354,1419,-1065
114000194,341,369,-28
114000195,0,0,0
114000196,0,81,-81
114000197,0,9,-9
114000198,312,101,211
114000199,312,161,151
114000200,52,706,-654
114000201,18,344,-326
114000202,203,233,-30
114000203,81,277,-196
114000204,25,99,-74
114000205,17,479,-462
114000206,85,442,-357
114000207,268,963,-695
114000208,75,1275,-1200
114000209,151,1426,-1275
114000210,90,797,-707
114000211,34,272,-238
114000212,105,193,-88
114000213,183,66,117
114000214,7,27,-20
114000215,0,39,-39
114000216,35,2,33
114000217,2,66,-64
114000218,10,46,-36
114000219,34,114,-80
114000220,8,610,-602
114000221,32,15,17
114000222,31,453,-422
114000223,0,0,0
114000224,42,236,-194
114000225,27,270,-243
114000226,8,100,-92
114000227,64,112,-48
114000228,30,148,-118
114000229,110,415,-305
114000230,86,200,-114
114000231,177,425,-248
114000232,16,34,-18
114000233,85,35,50
114000234,65,129,-64
114000235,164,471,-307
114000236,0,395,-395
114000237,20,456,-436
114000238,2,9,-7
114000239,30,524,-494
114000240,112,284,-172
114000241,50,545,-495
114000242,311,422,-111
114000243,115,113,2
114000244,0,1,-1
114000245,62,404,-342
114000246,54,26,28
114000247,36,79,-43
114000248,87,101,-14
114000249,44,65,-21
114000250,61,177,-116
114000251,16,111,-95
114000252,5,31,-26
114000253,0,0,0
114000254,0,22,-22
114000255,67,43,24
114000256,22,13,9
114000257,123,829,-706
114000258,30,101,-71
114000259,17,171,-154
114000260,0,49,-49
114000261,16,2,14
114000262,1,55,-54
114000263,0,0,0
114000264,20,81,-61
114000265,0,12,-12
114000267,5,522,-517
114000268,1,929,-928
114000270,0,1,-1
114000271,52,22,30
114000283,34,90,-56
114000285,28,145,-117
114000288,6,169,-163
114000289,109,31,78
114000293,16,159,-143
114000294,8,8,0
114000395,74,21,53
114000396,6,22,-16
114000402,25,54,-29
114000403,21,39,-18
114000405,17,227,-210
114000423,4,222,-218
114000424,30,66,-36
114000425,20,254,-234
114000426,0,0,0
114000427,10,50,-40
114000428,0,0,0
114000429,0,55,-55
114000432,2,28,-26
114000434,2,39,-37
114900001,0,0,0
114900002,0,0,0
114900003,0,0,0
114900004,0,0,0
114900005,0,0,0
114900006,0,0,0
114900007,0,0,0
114900008,0,0,0
114900010,5,0,5
114900011,0,0,0
114900013,0,0,0
114900015,0,0,0
114900018,0,0,0
114900020,0,0,0
114900021,0,0,0
114900022,0,19,-19
114900024,0,0,0
114900025,0,0,0
114900026,0,0,0
114900027,0,0,0
114900029,0,0,0
114900030,0,0,0
114900031,0,0,0
114900032,0,0,0
114900033,0,0,0
114900034,0,51,-51
114900035,0,36,-36
114900036,16,152,-136
114900037,3,23,-20
114900038,14,157,-143
114900039,20,151,-131
114900040,1,13,-12
114900041,17,141,-124
114900042,20,213,-193
114900043,39,19,20
114900044,0,0,0
114900045,3,16,-13
114900046,4,10,-6
114900047,4,134,-130
114900048,5,25,-20
114900049,0,32,-32
114900050,4,78,-74
114900051,0,81,-81
114900052,5,24,-19
114900053,2,25,-23
114900054,1,14,-13
114900057,0,0,0
114900058,0,61,-61
114900059,0,0,0
114900060,45,21,24
114900061,2,24,-22
114900062,12,34,-22
114900063,8,37,-29
114900064,29,152,-123
114900065,7,125,-118
114900067,1,59,-58
114900068,1,16,-15
114900069,14,14,0
114900070,0,0,0
114900072,3,33,-30
114900073,1,45,-44
114900074,0,0,0
114900075,0,0,0
114900076,0,78,-78
114900080,0,0,0
114900082,0,118,-118
114900083,0,61,-61
114900084,6,46,-40
114900090,0,0,0
114900091,5,10,-5
114900095,44,16,28
114900096,14,70,-56
114900097,0,11,-11
114900098,0,0,0
114900099,0,0,0
115000001,3003,2836,167
115000002,441,227,214
115000003,1124,1994,-870
115000004,292,360,-68
115000005,453,1580,-1127
115000006,91,167,-76
115000007,0,1,-1
115000008,40,30,10
115000009,5,10,-5
115000010,0,0,0
115000013,26,64,-38
115000015,44,96,-52
115000016,127,69,58
115000019,1,50,-49
115000020,0,0,0
115000021,89,118,-29
115000022,212,154,58
115000023,23,48,-25
115000024,365,184,181
115000025,44,47,-3
115000026,23,132,-109
115000027,22,32,-10
115000028,12,279,-267
115000029,6,23,-17
115000030,56,364,-308
115000031,122,40,82
115000032,3,93,-90
115000033,0,0,0
115000034,4,325,-321
115000035,0,0,0
115000036,1,162,-161
115000037,0,0,0
115000038,0,0,0
115000039,177,218,-41
115000040,771,340,431
115000041,66,284,-218
115000042,43,108,-65
115000043,231,818,-587
115000044,1489,1714,-225
115000045,340,1122,-782
115000046,71,417,-346
115000047,163,366,-203
115000048,333,1544,-1211
115000049,515,1188,-673
115000050,465,225,240
115000051,664,216,448
115000052,1800,799,1001
115000053,292,187,105
115000054,214,347,-133
115000055,19,187,-168
115000056,1,16,-15
115000057,49,207,-158
115000058,1,22,-21
115000059,1,65,-64
115000061,0,0,0
115000062,5,95,-90
115000063,17,115,-98
115000064,0,0,0
115000065,2,56,-54
115000067,0,0,0
115000069,1,61,-60
115000070,6,114,-108
115000071,0,0,0
115000072,23,15,8
115000073,157,2,155
115000075,1,9,-8
115000076,601,643,-42
115000077,124,912,-788
115000078,79,494,-415
115000079,114,612,-498
115000080,163,777,-614
115000081,37,111,-74
115000082,331,629,-298
115000083,294,992,-698
115000084,0,0,0
115000085,79,289,-210
115000086,0,0,0
115000087,54,399,-345
115000088,0,0,0
115000089,591,602,-11
115000090,58,36,22
115000091,72,343,-271
115000092,19,83,-64
115000093,0,0,0
115000094,1777,710,1067
115000095,1196,1151,45
115000096,42,621,-579
115000097,30,202,-172
115000098,52,370,-318
115000099,95,830,-735
115000100,17,43,-26
115000101,103,755,-652
115000102,35,54,-19
115000103,85,380,-295
115000105,1,3,-2
115000106,12,17,-5
115000107,15,343,-328
115000108,1312,1152,160
115000109,340,144,196
115000110,390,193,197
115000111,115,316,-201
115000112,109,150,-41
115000113,110,154,-44
115000114,354,189,165
115000116,631,252,379
115000117,277,215,62
115000118,173,398,-225
115000119,182,250,-68
115000120,94,283,-189
115000121,588,185,403
115000122,680,193,487
115000123,464,236,228
115000124,79,149,-70
115000125,28,104,-76
115000126,17,93,-76
115000127,33,56,-23
115000128,153,118,35
115000129,4,21,-17
115000130,14,202,-188
115000131,9,50,-41
115000132,2,152,-150
115000133,5,90,-85
115000134,8,41,-33
115000135,1,53,-52
115000136,0,0,0
115000137,10,86,-76
115000138,0,0,0
115000139,31,132,-101
115000140,0,0,0
115000141,17,190,-173
115000142,20,148,-128
115000143,0,0,0
115000144,7,2,5
115000145,31,192,-161
115000146,0,0,0
115000147,15,181,-166
115000148,73,317,-244
115000149,35,20,15
115000150,103,309,-206
115000151,38,50,-12
115000152,60,438,-378
115000153,34,45,-11
115000154,20,20,0
115000155,84,294,-210
115000156,52,15,37
115000157,175,196,-21
115000158,60,26,34
115000159,40,30,10
115000160,111,61,50
115000161,38,65,-27
115000162,0,0,0
115000163,259,237,22
115000164,149,150,-1
115000165,0,0,0
115000167,0,0,0
115000168,0,0,0
115000169,147,193,-46
115000170,31,91,-60
115000171,0,0,0
115000172,273,136,137
115000173,0,0,0
115000174,0,0,0
115000175,1,38,-37
115000176,0,0,0
115000177,1,19,-18
115000178,2,88,-86
115000179,0,0,0
115000180,28,234,-206
115000181,0,0,0
115000182,0,0,0
115000183,39,341,-302
115000186,36,36,0
115000187,17,224,-207
115000188,92,74,18
115000189,49,133,-84
115000190,90,57,33
115000191,50,94,-44
115000194,62,76,-14
115000195,0,0,0
115000196,0,0,0
115000197,7,97,-90
115000198,0,0,0
115000199,14,65,-51
115000200,0,0,0
115000201,10,145,-135
115000206,0,0,0
115000207,4,159,-155
115000208,148,343,-195
115000209,56,26,30
115000210,3,12,-9
115000211,56,93,-37
115000212,249,120,129
115000218,0,0,0
115000219,0,0,0
115000224,0,0,0
115000225,0,0,0
115000229,0,0,0
115000230,0,0,0
115000231,41,826,-785
115000232,45,117,-72
115000233,17,173,-156
115000234,0,0,0
115000241,0,0,0
115000242,0,0,0
115000243,0,0,0
115000244,0,0,0
115000246,0,0,0
115000247,0,0,0
115000248,0,0,0
115000249,0,0,0
115000250,7,13,-6
115000251,0,0,0
115000252,0,0,0
115000253,0,0,0
115000258,0,0,0
115000259,0,0,0
115000261,0,0,0
115000262,0,0,0
115000263,0,0,0
115000264,0,0,0
115000267,0,0,0
115000268,2,5,-3
115000269,0,0,0
115000270,0,0,0
115000272,0,0,0
115000273,0,0,0
115000274,0,0,0
115000280,0,0,0
115000281,87,14,73
115000282,131,22,109
115000284,107,71,36
115000296,0,0,0
115000297,0,0,0
115000298,10,9,1
115000300,2,57,-55
115000302,0,0,0
115000303,0,0,0
115000304,0,0,0
115000305,10,282,-272
115000306,10,168,-158
115000307,7,84,-77
115000308,13,2,11
115000310,110,376,-266
115000311,0,0,0
115000313,53,151,-98
115000314,0,0,0
115000315,354,164,190
115000316,0,0,0
115000317,7,274,-267
115000318,85,36,49
115000319,4,129,-125
115000320,4,45,-41
115000321,75,2,73
115000322,5,129,-124
115000449,0,0,0
115000557,0,8,-8
115000558,0,0,0
115000587,18,41,-23
115000588,1095,2030,-935
115000589,701,461,240
115000590,160,801,-641
115000591,60,79,-19
115000592,196,736,-540
115000593,171,60,111
115000594,364,566,-202
115000609,0,0,0
115000617,215,82,133
115000624,0,0,0
115000633,33,625,-592
115000634,836,143,693
115000635,29,12,17
115000638,0,0,0
115000641,0,0,0
115000642,14,21,-7
115000643,6,150,-144
115000644,20,93,-73
115000646,157,242,-85
115000647,17,167,-150
115000648,59,574,-515
115000893,402,137,265
115000894,33,618,-585
115000895,74,632,-558
115000896,93,30,63
115000897,83,4,79
115000898,134,24,110
115000899,213,143,70
115000900,21,21,0
115000901,25,31,-6
115000912,16,5,11
115000913,0,6,-6
115000915,0,0,0
115000916,0,0,0
115000917,0,0,0
115000918,0,0,0
115000919,0,0,0
115000920,1,0,1
115000921,137,5,132
115000922,22,51,-29
115000923,109,453,-344
115000925,14,43,-29
115000927,0,0,0
115000933,22,25,-3
115900001,0,0,0
115900002,0,0,0
115900003,0,0,0
115900004,0,0,0
115900005,0,0,0
115900006,0,0,0
115900008,0,0,0
115900009,0,0,0
115900010,0,0,0
115900011,5,18,-13
115900012,0,0,0
115900013,0,0,0
115900014,4,22,-18
115900015,0,0,0
115900016,0,0,0
115900017,0,0,0
115900018,19,7,12
115900019,0,0,0
115900020,0,0,0
115900021,98,7,91
115900022,0,0,0
115900023,0,0,0
115900025,0,0,0
115900026,0,0,0
115900027,0,16,-16
115900028,23,5,18
115900029,0,87,-87
115900030,0,0,0
115900031,0,0,0
115900032,0,0,0
115900033,0,0,0
115900034,2,54,-52
115900035,0,0,0
115900036,3,4,-1
115900037,1,49,-48
115900038,0,0,0
115900039,0,0,0
115900041,0,3,-3
115900042,0,0,0
115900043,0,0,0
115900044,0,0,0
115900046,2,11,-9
115900047,0,0,0
115900049,2,3,-1
115900051,0,18,-18
115900052,0,22,-22
115900053,0,0,0
115900054,0,14,-14
115900055,0,15,-15
115900056,0,1,-1
115900057,0,0,0
115900058,2,12,-10
115900060,0,0,0
115900061,0,0,0
115900062,0,70,-70
115900063,4,1,3
115900064,0,0,0
115900065,0,0,0
115900066,15,21,-6
115900067,3,191,-188
115900068,389,0,389
115900069,0,0,0
115900070,0,0,0
115900071,0,16,-16
115900072,24,28,-4
115900073,0,0,0
115900074,1,74,-73
115900075,1,22,-21
115900076,0,0,0
115900077,0,53,-53
115900078,4,14,-10
115900079,0,0,0
115900080,0,0,0
115900081,1,12,-11
115900082,12,9,3
115900084,0,0,0
115900085,0,0,0
115900086,168,20,148
115900088,0,1,-1
115900089,11,85,-74
115900090,0,0,0
115900091,0,2,-2
115900092,0,22,-22
115900093,0,5,-5
115900094,0,45,-45
115900096,0,12,-12
115900097,1,41,-40
115900098,2,27,-25
115900099,0,0,0
115900100,0,64,-64
115900101,1,12,-11
115900102,0,0,0
115900103,4,15,-11
115900104,0,0,0
115900105,0,0,0
115900106,0,0,0
115900107,0,0,0
115900108,0,0,0
115900109,1,80,-79
115900110,0,0,0
115900111,0,37,-37
115900112,2,112,-110
115900113,0,0,0
115900114,0,19,-19
115900115,0,9,-9
115900116,19,131,-112
115900117,1,0,1
115900118,1,107,-106
115900119,0,2,-2
115900120,0,29,-29
115900121,13,65,-52
115900124,10,32,-22
115900125,15,1,14
115900126,49,9,40
115900127,45,8,37
115900128,0,0,0
115900129,35,5,30
115900130,0,0,0
115900131,13,1,12
115900132,15,1,14
115900134,12,3,9
115900135,0,0,0
115900137,1,0,1
115900139,7,25,-18
115900140,0,0,0
115900141,0,8,-8
115900142,0,0,0
115900143,2,17,-15
115900144,1,19,-18
115900146,0,0,0
115900147,0,0,0
115900148,0,1,-1
115900149,0,7,-7
115900150,0,0,0
115900151,0,16,-16
115900152,4,75,-71
115900153,4,47,-43
115900154,102,59,43
115900155,0,0,0
115900156,64,160,-96
115900157,4,63,-59
115900158,0,0,0
115900159,6,57,-51
115900160,0,0,0
115900161,1,36,-35
115900163,22,25,-3
115900164,0,3,-3
115900165,0,1,-1
115900166,0,0,0
115900168,0,3,-3
115900171,3,80,-77
115900172,1,43,-42
115900173,0,0,0
115900174,37,38,-1
115900175,9,4,5
115900178,2,123,-121
115900179,0,0,0
115900180,0,0,0
115900181,2,21,-19
115900182,4,20,-16
115900183,1,2,-1
115900184,0,0,0
115900187,0,1,-1
115900189,0,22,-22
115900190,0,44,-44
115900191,3,78,-75
115900192,1,10,-9
115900193,10,16,-6
115900194,30,2,28
115900195,63,39,24
115900198,3,8,-5
115900199,36,70,-34
115900200,27,80,-53
115900201,12,41,-29
115900202,0,0,0
115900203,0,0,0
115900204,0,0,0
115900205,4,1,3
115900206,0,14,-14
115900207,0,0,0
115900208,0,0,0
115900209,0,27,-27
115900210,1,16,-15
115900211,0,22,-22
115900212,2,10,-8
115900213,0,0,0
115900214,5,21,-16
115900215,0,0,0
115900216,2,48,-46
115900217,0,17,-17
115900218,0,13,-13
115900219,0,0,0
115900220,0,0,0
115900221,0,0,0
115900222,0,0,0
115900223,0,0,0
115900224,0,0,0
115900225,0,0,0
115900226,0,0,0
115900227,0,0,0
115900228,0,0,0
115900229,0,0,0
115900230,0,0,0
115900231,0,0,0
115900232,0,0,0
115900233,0,0,0
115900234,0,0,0
115900235,0,0,0
115900236,0,7,-7
115900237,0,16,-16
115900238,0,3,-3
115900239,0,14,-14
115900240,0,23,-23
115900241,2,3,-1
115900242,3,2,1
115900243,0,2,-2
115900244,9,3,6
115900245,0,5,-5
115900246,0,0,0
115900247,0,0,0
115900248,0,0,0
115900249,0,0,0
115900250,0,0,0
115900251,0,0,0
115900252,0,0,0
115900253,0,0,0
115900254,0,0,0
115900255,0,0,0
115900256,0,0,0
115900257,0,0,0
115900258,0,0,0
115900259,0,0,0
115900260,0,0,0
115900261,0,0,0
115900262,0,0,0
115900263,0,0,0
115900264,0,0,0
115900265,0,0,0
115900266,0,0,0
115900267,0,0,0
115900268,0,0,0
115900269,4,12,-8
115900270,0,0,0
116000001,7997,1106,6891
116000002,756,401,355
116000003,530,724,-194
116000004,489,184,305
116000005,428,775,-347
116000006,318,187,131
116000007,1054,1251,-197
116000008,989,463,526
116000009,348,639,-291
116000010,202,59,143
116000011,149,200,-51
116000012,125,104,21
116000013,7579,1170,6409
116000014,735,136,599
116000015,73,310,-237
116000016,375,72,303
116000017,10,127,-117
116000018,68,37,31
116000019,32,81,-49
116000020,19,56,-37
116000021,21,70,-49
116000022,24,24,0
116000023,24,46,-22
116000024,70,160,-90
116000025,21,64,-43
116000026,104,614,-510
116000027,39,121,-82
116000028,0,0,0
116000029,320,142,178
116000030,0,0,0
116000031,62,86,-24
116000032,27,128,-101
116000033,1,103,-102
116000034,23,201,-178
116000035,34,272,-238
116000036,173,157,16
116000037,0,0,0
116000038,0,0,0
116000039,75,95,-20
116000040,0,0,0
116000041,43,174,-131
116000042,0,0,0
116000043,26,196,-170
116000045,0,0,0
116000046,309,514,-205
116000047,268,569,-301
116000048,74,110,-36
116000049,22,166,-144
116000050,226,459,-233
116000051,94,99,-5
116000052,457,884,-427
116000053,0,0,0
116000054,117,623,-506
116000055,110,322,-212
116000056,0,0,0
116000057,1187,405,782
116000058,665,218,447
116000059,315,169,146
116000060,689,141,548
116000061,75,75,0
116000062,56,56,0
116000063,56,124,-68
116000066,0,0,0
116000067,63,173,-110
116000068,0,0,0
116000069,108,95,13
116000078,0,0,0
116000080,269,328,-59
116000082,0,65,-65
116000083,90,78,12
116000084,120,431,-311
116000085,167,104,63
116000086,100,191,-91
116000087,135,69,66
116000088,145,312,-167
116000089,2,2,0
116000090,0,0,0
116000091,0,0,0
116000093,125,48,77
116000094,25,299,-274
116000095,64,68,-4
116000096,30,324,-294
116000097,57,368,-311
116000098,5,530,-525
116000099,1059,59,1000
116000100,0,1,-1
116000101,8,38,-30
116000102,1,23,-22
116000103,3,54,-51
116000104,11,267,-256
116000105,7,41,-34
116000106,16,230,-214
116000107,31,124,-93
116000108,1,40,-39
116000111,0,0,0
116000113,0,0,0
116000114,2,10,-8
116000115,0,0,0
116000116,4,45,-41
116000117,21,65,-44
116000118,99,480,-381
116000119,9,80,-71
116000120,385,1339,-954
116000121,0,0,0
116000122,343,1321,-978
116000123,0,0,0
116000124,58,745,-687
116000125,5,5,0
116000126,107,916,-809
116000127,239,678,-439
116000128,10,11,-1
116000129,4,8,-4
116000130,8,11,-3
116000133,163,348,-185
116000134,122,1276,-1154
116000135,92,178,-86
116000136,141,942,-801
116000137,25,106,-81
116000138,420,90,330
116000139,227,422,-195
116000140,37,66,-29
116000141,40,139,-99
116000142,921,1374,-453
116000143,498,111,387
116000144,274,1066,-792
116000145,240,209,31
116000146,18,72,-54
116000147,40,10,30
116000148,8,49,-41
116000149,2,37,-35
116000151,79,342,-263
116000153,0,0,0
116000155,0,0,0
116000156,118,290,-172
116000157,0,0,0
116000158,26,222,-196
116000159,0,0,0
116000160,0,46,-46
116000161,1,26,-25
116000162,144,4,140
116000163,5,1,4
116000164,2,15,-13
116000177,2,20,-18
116000194,0,183,-183
116000195,88,73,15
116000196,0,2,-2
116000197,0,0,0
116000198,97,85,12
116000200,0,0,0
116000201,85,97,-12
116000202,0,0,0
116000203,0,18,-18
116000204,2,3,-1
116000205,0,35,-35
116000206,1,24,-23
116000207,0,13,-13
116000233,7,33,-26
116000287,14,211,-197
116000288,0,0,0
116000292,0,38,-38
116000296,0,0,0
116000297,0,0,0
116000304,0,0,0
116000305,0,0,0
116000346,5,45,-40
116000352,0,14,-14
116000354,6,2,4
116000357,0,3,-3
116000358,0,0,0
116000361,0,0,0
116000372,2347,527,1820
116000381,0,0,0
116000388,0,8,-8
116000389,21,57,-36
116000445,24,351,-327
116000446,0,0,0
116000447,6,257,-251
116000448,0,0,0
116000563,0,0,0
116000565,17,27,-10
116000568,2,14,-12
116000579,1,24,-23
116000584,0,4,-4
116000585,1,5,-4
116000586,58,29,29
116000587,0,50,-50
116000589,6,12,-6
116000590,0,0,0
116000591,0,0,0
116000592,0,0,0
116000593,0,9,-9
116000594,18,96,-78
116000595,13,37,-24
116000596,8,5,3
116000597,0,0,0
116000598,0,21,-21
116000602,0,19,-19
116000605,4,12,-8
116000606,0,0,0
116000607,1,5,-4
116000609,5,96,-91
116000611,8,259,-251
116000612,101,255,-154
116000613,0,0,0
116000614,108,374,-266
116000615,15,145,-130
116000616,3,28,-25
116000617,1,36,-35
116000618,1,42,-41
116000619,0,1,-1
116000620,0,0,0
116000621,0,0,0
116000622,0,0,0
116000624,0,1,-1
116900001,0,0,0
116900002,0,0,0
116900003,0,0,0
116900004,0,0,0
116900005,1,7,-6
116900006,0,0,0
116900007,0,0,0
116900008,0,112,-112
116900009,0,0,0
116900010,0,262,-262
116900011,0,1,-1
116900012,0,0,0
116900013,0,75,-75
116900014,0,0,0
116900015,0,0,0
116900016,0,0,0
116900017,0,106,-106
116900018,0,0,0
116900019,1,70,-69
116900020,13,0,13
116900023,0,0,0
116900024,0,0,0
116900025,1,124,-123
116900026,5,81,-76
116900027,0,0,0
116900028,2,19,-17
116900029,0,0,0
116900031,0,0,0
116900032,0,14,-14
116900033,0,0,0
116900034,2,9,-7
116900035,3,15,-12
116900036,0,6,-6
116900038,0,0,0
116900041,0,0,0
116900042,130,34,96
116900043,0,2,-2
116900045,0,0,0
116900047,0,0,0
116900049,3,36,-33
116900050,5,31,-26
116900051,0,0,0
116900052,0,0,0
116900055,0,0,0
116900057,1,49,-48
116900058,2,36,-34
116900059,0,0,0
116900060,6,29,-23
116900062,0,0,0
116900064,6,217,-211
116900065,0,8,-8
116900067,0,0,0
116900068,8,78,-70
116900070,0,0,0
116900072,1,99,-98
116900073,0,18,-18
116900074,0,0,0
116900076,0,0,0
116900077,0,17,-17
116900078,19,40,-21
116900079,0,20,-20
116900080,0,0,0
116900081,5,97,-92
116900082,10,94,-84
116900083,0,0,0
116900084,4,2,2
116900085,2,25,-23
116900086,1,20,-19
116900088,0,0,0
116900090,0,0,0
116900091,0,18,-18
116900092,0,51,-51
116900093,12,1,11
116900094,384,30,354
116900095,0,35,-35
116900096,2,15,-13
116900097,4,1,3
116900098,27,6,21
116900099,16,21,-5
116900100,0,0,0
116900101,16,86,-70
116900103,0,0,0
116900104,1,12,-11
116900105,0,0,0
116900106,0,19,-19
116900107,2,2,0
116900110,2,0,2
116900111,0,78,-78
116900112,0,56,-56
116900113,190,11,179
116900116,0,0,0
116900117,1,24,-23
116900118,8,126,-118
116900120,0,0,0
116900121,0,0,0
116900122,8,239,-231
116900123,4,215,-211
116900124,6,75,-69
116900125,2,12,-10
116900126,1,82,-81
116900128,0,9,-9
116900129,0,94,-94
116900130,207,288,-81
116900131,1,50,-49
116900132,1,21,-20
116900133,3,12,-9
116900134,18,38,-20
116900136,1,16,-15
116900137,5,32,-27
116900138,6,32,-26
116900139,1,51,-50
116900140,10,29,-19
116900141,27,47,-20
116900142,0,0,0
116900143,3,41,-38
116900144,0,5,-5
116900145,2,29,-27
116900147,11,11,0
116900148,2,1,1
116900149,0,0,0
116900150,3,0,3
116900151,35,2,33
116900153,0,0,0
116900154,0,7,-7
116900155,1,6,-5
116900157,0,0,0
116900158,0,3,-3
116900159,1,22,-21
116900160,0,0,0
116900161,829,151,678
116900162,0,0,0
116900163,0,0,0
116900164,0,2,-2
116900165,0,0,0
116900166,0,0,0
116900167,0,0,0
116900168,1,10,-9
116900169,0,0,0
116900170,0,0,0
116900171,0,0,0
116900172,0,0,0
116900173,2,6,-4
116900174,0,0,0
116900175,0,0,0
116900178,0,0,0
116900179,0,0,0
116900180,1,4,-3
116900182,0,0,0
116900183,0,0,0
116900185,0,0,0
116900186,0,0,0
116900187,0,0,0
116900188,3,1,2
116900189,0,0,0
116900191,0,0,0
116900192,0,0,0
116900194,0,0,0
116900195,0,0,0
116900196,0,0,0
116900197,0,0,0
116900198,22,10,12
116900200,0,0,0
116900201,0,0,0
116900202,0,0,0
116900203,0,0,0
116900204,2,6,-4
116900206,0,0,0
116900207,0,7,-7
116900208,0,0,0
116900209,0,0,0
116900210,0,10,-10
116900211,0,0,0
116900212,0,0,0
116900213,0,0,0
116900214,1,14,-13
116900215,0,0,0
116900216,1,19,-18
116900218,0,64,-64
116900219,120,55,65
116900220,0,0,0
116900221,10,20,-10
116900222,0,0,0
116900223,0,0,0
116900226,0,13,-13
116900227,0,6,-6
116900228,1,32,-31
116900230,0,16,-16
116900231,0,35,-35
116900232,0,13,-13
116900233,0,0,0
116900234,0,0,0
116900235,18,237,-219
116900238,36,29,7
116900239,1,11,-10
116900240,305,36,269
116900241,0,0,0
116900242,33,11,22
116900243,0,11,-11
116900245,0,0,0
116900246,0,0,0
116900247,0,0,0
116900248,2,1,1
116900249,0,0,0
116900250,4,13,-9
116900251,0,0,0
116900252,0,61,-61
116900253,0,0,0
116900254,0,0,0
116900255,5,2,3
116900256,21,9,12
116900257,2,111,-109
116900258,0,70,-70
116900259,0,0,0
116900260,1,28,-27
116900261,0,0,0
116900262,0,18,-18
116900263,0,1,-1
116900264,0,2,-2
116900265,2,0,2
116900266,0,6,-6
116900267,0,0,0
116900268,0,5,-5
116900269,0,22,-22
116900271,0,0,0
116900272,24,74,-50
116900273,1,1,0
116900274,0,0,0
116900275,0,0,0
116900276,0,0,0
116900277,0,0,0
116900278,0,0,0
116900279,0,3,-3
116900280,0,3,-3
116900281,135,27,108
116900282,2,6,-4
116900283,0,4,-4
116900284,1,9,-8
116900285,0,0,0
116900286,0,0,0
116900287,0,0,0
116900288,0,0,0
116900289,0,0,0
116900290,0,0,0
116900291,0,0,0
116900292,0,0,0
116900293,0,0,0
116900294,8,13,-5
116900295,0,0,0
116900296,0,0,0
116900297,0,0,0
116900298,0,0,0
116900299,0,0,0
116900300,0,0,0
116900301,0,0,0
116900302,0,7,-7
116900303,0,7,-7
116900304,0,33,-33
116900305,0,0,0
116900306,0,4,-4
117000001,97,99,-2
117000002,422,1500,-1078
117000003,368,104,264
117000004,1278,1616,-338
117000005,54,38,16
117000006,216,1414,-1198
117000007,111,13,98
117000008,263,1560,-1297
117000009,1,2,-1
117000010,677,1599,-922
117000011,0,0,0
117000012,279,836,-557
117000013,0,0,0
117000014,175,971,-796
117000015,0,0,0
117000016,12,28,-16
117000017,24,23,1
117000018,10,107,-97
117000019,0,0,0
117000020,103,413,-310
117000021,537,61,476
117000022,46,8,38
117000023,22,43,-21
117000024,97,98,-1
117000025,195,266,-71
117000026,70,13,57
117000027,217,195,22
117000028,0,0,0
117000030,20,49,-29
117000032,126,274,-148
117000033,221,246,-25
117000034,12,33,-21
117000036,23,52,-29
117000038,6,65,-59
117000039,8,23,-15
117000040,11,445,-434
117000041,0,0,0
117000044,7,315,-308
117000045,0,0,0
117000046,83,236,-153
117000047,0,1,-1
117000048,430,281,149
117000049,13,57,-44
117000050,12,829,-817
117000051,113,26,87
117000052,1,34,-33
117000053,0,8,-8
117000054,39,0,39
117000055,7,1224,-1217
117000056,14,3,11
117000057,64,496,-432
117000060,70,227,-157
117000061,0,15,-15
117000062,15,64,-49
117000063,0,0,0
117000064,83,192,-109
117000066,226,120,106
117000067,3,40,-37
117000074,0,0,0
117000076,0,0,0
117000077,23,18,5
117000078,7,127,-120
117000079,1,11,-10
117000080,1,203,-202
117000081,25,17,8
117000082,4,22,-18
117000083,0,0,0
117000084,0,0,0
117000085,13,123,-110
117000086,9,206,-197
117000087,45,277,-232
117000088,0,0,0
117000089,42,16,26
117000090,58,838,-780
117000091,15,7,8
117000092,77,786,-709
117000093,13,7,6
117000094,183,1079,-896
117000095,17,23,-6
117000096,180,1452,-1272
117000097,16,33,-17
117000098,544,1774,-1230
117000099,14,25,-11
117000100,4,10,-6
117000101,41,199,-158
117000102,0,0,0
117000103,433,763,-330
117000104,0,0,0
117000105,181,790,-609
117000106,0,0,0
117000107,154,835,-681
117000108,0,0,0
117000109,650,1057,-407
117000110,0,0,0
117000111,313,374,-61
117000112,123,141,-18
117000113,11,52,-41
117000114,0,0,0
117000115,6,23,-17
117000116,0,8,-8
117000117,36,8,28
117000118,0,14,-14
117000119,3,3,0
117000120,0,2,-2
117000121,0,2,-2
117000122,0,0,0
117000123,0,0,0
117000124,10,2,8
117000125,5,7,-2
117000126,2,6,-4
117000127,4,29,-25
117000128,4,37,-33
117000129,0,0,0
117000130,0,0,0
117000131,0,13,-13
117000132,85,23,62
117000133,0,68,-68
117000134,0,45,-45
117000135,1,21,-20
117000136,0,16,-16
117000137,0,0,0
117000138,1,245,-244
117000140,99,581,-482
117000141,0,0,0
117000181,108,21,87
117000182,0,0,0
117000195,7,209,-202
117000196,0,0,0
117000225,0,0,0
117000226,1,2,-1
117000276,0,0,0
117000277,2,77,-75
117000310,467,798,-331
117000315,0,0,0
117000320,0,0,0
117000906,0,0,0
117000907,0,141,-141
117000908,6,5,1
117000909,3,3,0
117000910,70,50,20
117000911,13,12,1
117000915,2,117,-115
117000916,0,0,0
117000917,0,0,0
117000918,0,0,0
117000919,0,13,-13
117000920,4,987,-983
117000921,1,355,-354
117000922,0,0,0
117000924,56,4,52
117000926,232,22,210
117000927,4,31,-27
117000928,1,131,-130
117000929,5,57,-52
117000930,3,1,2
117000931,58,10,48
117900002,25,77,-52
117900003,46,7,39
117900005,0,0,0
117900006,0,2,-2
117900007,6,37,-31
117900008,0,5,-5
117900010,2,23,-21
117900011,0,0,0
117900012,1,29,-28
117900013,0,41,-41
117900014,0,30,-30
117900015,1,30,-29
117900016,87,25,62
117900017,2,84,-82
117900018,5,1,4
117900019,2,80,-78
117900020,6,12,-6
117900021,3,8,-5
117900022,0,1,-1
117900023,8,1,7
117900024,1,22,-21
117900025,1,2,-1
117900026,5,38,-33
117900028,0,0,0
117900029,1,103,-102
117900030,16,34,-18
117900031,0,0,0
117900032,6,6,0
117900033,0,74,-74
117900034,0,0,0
117900035,7,2,5
117900036,1,66,-65
117900037,0,0,0
117900038,4,62,-58
117900039,1,11,-10
117900040,23,63,-40
117900041,0,9,-9
117900042,19,4,15
117900043,0,13,-13
117900044,0,23,-23
117900045,0,0,0
117900048,14,38,-24
117900049,2,55,-53
117900050,0,0,0
117900051,0,0,0
117900052,0,0,0
117900053,57,106,-49
117900054,0,0,0
117900055,0,0,0
117900056,0,0,0
117900057,30,150,-120
117900058,102,210,-108
117900059,0,0,0
117900060,19,597,-578
117900061,0,0,0
117900063,1,22,-21
117900065,28,65,-37
117900066,0,1,-1
117900067,3,38,-35
117900069,3,58,-55
117900070,0,0,0
117900071,0,0,0
117900073,5,45,-40
117900074,0,0,0
117900075,0,0,0
117900076,0,5,-5
117900077,0,0,0
117900078,13,42,-29
117900080,0,0,0
117900081,19,24,-5
117900082,18,22,-4
117900083,3,98,-95
117900086,0,0,0
117900087,0,0,0
117900088,122,105,17
117900089,48,14,34
117900090,3,147,-144
117900091,44,7,37
117900092,0,0,0
117900093,0,0,0
117900094,0,0,0
117900095,15,94,-79
117900096,0,0,0
117900097,0,0,0
117900098,0,0,0
117900099,0,63,-63
117900100,0,0,0
117900101,35,101,-66
117900102,0,0,0
117900103,0,0,0
117900104,0,11,-11
117900105,6,34,-28
117900106,0,0,0
117900107,0,0,0
117900109,3,42,-39
117900110,0,0,0
117900111,0,0,0
117900112,0,0,0
117900113,1,7,-6
117900114,0,0,0
117900115,8,2,6
117900116,31,55,-24
117900117,20,66,-46
117900118,0,0,0
117900119,0,59,-59
117900120,0,12,-12
117900121,0,1,-1
117900122,28,45,-17
117900123,31,88,-57
117900124,13,38,-25
117900125,187,116,71
117900126,7,37,-30
117900127,7,65,-58
117900128,4,87,-83
117900129,0,0,0
117900130,1,31,-30
117900131,0,11,-11
117900132,0,14,-14
117900133,0,21,-21
117900134,0,28,-28
117900135,0,41,-41
117900136,0,10,-10
117900137,1,81,-80
117900138,0,10,-10
117900139,2,10,-8
117900140,37,4,33
117900141,16,28,-12
117900142,0,0,0
117900144,0,0,0
117900145,0,1,-1
117900146,0,0,0
117900147,0,0,0
117900148,63,111,-48
117900149,0,13,-13
117900150,1,17,-16
117900151,1,29,-28
117900152,0,2,-2
117900153,1,14,-13
117900154,1,44,-43
117900156,27,52,-25
117900157,2,11,-9
117900158,0,0,0
117900160,75,23,52
117900161,161,220,-59
117900162,1,25,-24
117900163,1,3,-2
117900165,0,0,0
117900166,3,10,-7
117900168,5,30,-25
117900169,0,26,-26
117900170,0,6,-6
117900171,0,3,-3
117900172,2,2,0
117900173,15,8,7
117900174,2,6,-4
117900175,0,3,-3
117900176,1,7,-6
117900177,0,24,-24
117900178,11,5,6
117900180,7,1,6
117900181,8,0,8
117900182,0,0,0
117900183,0,0,0
117900184,0,0,0
117900185,0,0,0
117900186,0,0,0
117900187,0,0,0
117900188,0,0,0
117900189,0,0,0
117900190,0,0,0
117900191,0,0,0
117900192,0,0,0
117900193,1,15,-14
117900194,0,0,0
117900195,0,0,0
117900196,0,0,0
117900207,0,0,0
117900208,0,4,-4
117900209,0,8,-8
117900210,0,0,0
117900211,0,0,0
117900212,2,21,-19
117900213,0,0,0
117900214,0,17,-17
117900216,0,0,0
117900217,1,10,-9
117900218,0,0,0
117900219,1,6,-5
117900220,0,0,0
117900221,0,0,0
118000001,68,90,-22
118000002,213,332,-119
118000003,82,121,-39
118000004,343,242,101
118000005,897,578,319
118000006,1975,893,1082
118000007,717,362,355
118000008,515,402,113
118000009,376,558,-182
118000010,304,489,-185
118000011,98,504,-406
118000012,138,541,-403
118000013,593,608,-15
118000014,151,561,-410
118000016,30,91,-61
118000017,0,0,0
118000018,37,139,-102
118000019,923,194,729
118000020,402,292,110
118000021,334,392,-58
118000022,182,11,171
118000023,81,135,-54
118000024,70,153,-83
118000025,74,26,48
118000027,3365,571,2794
118000029,99,30,69
118000032,68,68,0
118000033,153,141,12
118000034,1185,351,834
118000035,102,407,-305
118000036,51,209,-158
118000037,125,250,-125
118000038,0,0,0
118000039,21,26,-5
118000040,86,615,-529
118000041,291,427,-136
118000045,3,1,2
118000046,99,24,75
118000047,95,44,51
118000048,103,45,58
118000051,13,1,12
118000052,24,36,-12
118000053,7,1,6
118000054,49,28,21
118000055,36,35,1
118000056,4,5,-1
118000057,6,5,1
118000058,51,26,25
118000059,58,41,17
118000060,11,33,-22
118000061,13,25,-12
118000062,4,2,2
118000063,10,14,-4
118000064,26,28,-2
118000065,246,36,210
118000066,17,27,-10
118000067,207,78,129
118000068,221,195,26
118000069,171,66,105
118000070,647,43,604
118000071,411,193,218
118000072,147,155,-8
118000073,91,8,83
118000074,7,6,1
118000075,17,15,2
118000076,115,153,-38
118000077,329,248,81
118000078,71,83,-12
118000079,39,108,-69
118000080,312,203,109
118000081,74,50,24
118000082,1,23,-22
118000083,35,38,-3
118000084,236,97,139
118000086,11,59,-48
118000087,2182,509,1673
118000088,108,127,-19
118000089,917,1057,-140
118000090,1412,449,963
118000091,1137,538,599
118000092,79,14,65
118000093,5,20,-15
118000096,7,9,-2
118000097,12,26,-14
118000098,1,2,-1
118000099,56,163,-107
118000101,81,50,31
118000102,7,106,-99
118000107,792,76,716
118000108,3,41,-38
118000110,0,2,-2
118000111,0,324,-324
118000112,0,0,0
118000113,2,551,-549
118000114,0,0,0
118000115,0,0,0
118000116,0,0,0
118000117,254,237,17
118000118,33,30,3
118000119,17,40,-23
118000120,353,514,-161
118000121,1,50,-49
118000122,75,6,69
118000123,1,48,-47
118000125,266,273,-7
118000126,6,28,-22
118000127,9,27,-18
118000128,173,381,-208
118000129,68,49,19
118000130,814,1185,-371
118000131,96,412,-316
118000132,77,91,-14
118000133,17,75,-58
118000135,0,0,0
118000136,17,63,-46
118000137,107,14,93
118000138,5,43,-38
118000139,25,22,3
118000140,572,414,158
118000141,164,147,17
118000142,277,494,-217
118000143,14,61,-47
118000144,64,61,3
118000145,341,757,-416
118000146,139,321,-182
118000147,179,451,-272
118000148,30,227,-197
118000149,32,139,-107
118000150,13,0,13
118000151,5,9,-4
118000153,18,78,-60
118000154,26,147,-121
118000155,16,93,-77
118000156,433,318,115
118000157,17,13,4
118000158,1,55,-54
118000159,0,0,0
118000160,0,0,0
118000161,70,207,-137
118000162,18,98,-80
118000163,20,52,-32
118000164,161,94,67
118000168,8,23,-15
118000169,294,677,-383
118000170,372,704,-332
118000171,0,0,0
118000172,0,0,0
118000173,85,157,-72
118000175,28,23,5
118000176,22,16,6
118000177,4,20,-16
118000178,4,3,1
118000179,0,0,0
118000180,0,0,0
118000181,235,131,104
118000182,88,63,25
118000183,66,75,-9
118000184,0,0,0
118000185,459,158,301
118000186,194,179,15
118000187,76,166,-90
118000188,18,53,-35
118000189,14,96,-82
118000190,0,1,-1
118000191,2,8,-6
118000192,3,26,-23
118000193,1,31,-30
118000194,320,33,287
118000195,4,3,1
118000196,0,0,0
118000197,13,9,4
118000198,21,4,17
118000199,53,59,-6
118000200,0,0,0
118000201,10,8,2
118000202,0,0,0
118000203,75,15,60
118000204,43,33,10
118000205,48,21,27
118000206,8,4,4
118000207,0,6,-6
118000208,57,74,-17
118000209,234,492,-258
118000210,0,0,0
118000211,0,0,0
118000213,10,3,7
118000214,142,36,106
118000215,36,61,-25
118000216,0,0,0
118000217,1,4,-3
118000218,0,0,0
118000219,4,18,-14
118000220,0,0,0
118000221,5,27,-22
118000222,47,2,45
118000223,0,0,0
118000224,3,10,-7
118000225,3,293,-290
118000226,0,0,0
118000227,74,16,58
118000228,67,21,46
118000229,0,0,0
118000230,3,15,-12
118000231,2,15,-13
118000232,72,231,-159
118000233,22,31,-9
118000234,4,20,-16
118000236,19,58,-39
118000237,0,0,0
118000238,5,61,-56
118000239,0,5,-5
118000240,83,10,73
118000241,1,19,-18
118000242,10,166,-156
118000243,2,19,-17
118000244,2,20,-18
118000246,0,2,-2
118000255,1,6,-5
118000256,1,13,-12
118000259,0,2,-2
118000260,0,0,0
118000261,0,13,-13
118000263,0,12,-12
118000266,9,46,-37
118000267,0,29,-29
118000268,1,5,-4
118000270,0,0,0
118000271,1,54,-53
118000272,0,0,0
118000273,3,31,-28
118000274,13,95,-82
118000276,2,23,-21
118000295,0,9,-9
118000298,22,139,-117
118000299,30,65,-35
118000301,0,19,-19
118000302,2,6,-4
118000311,9,15,-6
118000312,8,74,-66
118000313,3,24,-21
118000314,1,15,-14
118000315,0,12,-12
118000316,12,58,-46
118000325,0,8,-8
118000326,0,0,0
118000331,0,6,-6
118000332,0,11,-11
118000333,0,5,-5
118000335,0,0,0
118000336,1,162,-161
118000407,0,0,0
118000457,1,18,-17
118000465,614,358,256
118000480,2,16,-14
118000489,0,1,-1
118000490,2,151,-149
118000492,1,25,-24
118000510,6,4,2
118000514,26,103,-77
118000515,6,27,-21
118000517,79,38,41
118000524,739,261,478
118000525,192,286,-94
118000530,0,0,0
118000531,0,2,-2
118000532,79,122,-43
118000533,49,95,-46
118000534,23,139,-116
118000535,7,10,-3
118000536,39,36,3
118000537,5,30,-25
118000538,7,66,-59
118000539,0,0,0
118000540,25,103,-78
118000541,10,48,-38
118000542,0,0,0
118000543,0,0,0
118000546,5,23,-18
118000560,502,71,431
118000562,0,0,0
118000563,169,87,82
118000576,5,29,-24
118000577,12,14,-2
118000578,17,15,2
118000579,61,121,-60
118000595,0,0,0
118000596,0,7,-7
118000597,5,11,-6
118000598,0,0,0
118000599,0,0,0
118000600,0,9,-9
118000601,0,0,0
118000602,0,1,-1
118000603,0,29,-29
118900001,0,0,0
118900002,0,15,-15
118900003,0,0,0
118900004,0,0,0
118900005,0,0,0
118900006,0,0,0
118900007,5,0,5
118900008,0,0,0
118900009,0,0,0
118900010,0,0,0
118900011,11,0,11
118900012,0,0,0
118900013,0,0,0
118900015,4,0,4
118900016,0,3,-3
118900017,0,0,0
118900018,0,0,0
118900019,4,0,4
118900020,0,0,0
118900021,0,0,0
118900022,1,5,-4
118900023,0,0,0
118900024,0,0,0
118900025,0,0,0
118900026,3,7,-4
118900027,0,0,0
118900028,0,1,-1
118900029,0,0,0
118900030,0,0,0
118900031,9,10,-1
118900032,0,0,0
118900033,0,0,0
118900034,0,0,0
118900035,5,22,-17
118900036,9,42,-33
118900037,0,0,0
118900038,9,41,-32
118900039,0,0,0
118900040,2,6,-4
118900041,0,0,0
118900042,0,5,-5
118900045,4,16,-12
118900046,141,6,135
118900047,65,13,52
118900048,0,0,0
118900049,0,0,0
118900050,0,26,-26
118900051,0,0,0
118900052,0,0,0
118900053,0,0,0
118900054,0,2,-2
118900055,5,15,-10
118900056,0,0,0
118900057,0,35,-35
118900058,0,0,0
118900059,0,0,0
118900060,0,13,-13
118900062,0,0,0
118900064,0,0,0
118900065,0,0,0
118900066,0,0,0
118900067,11,1,10
118900068,0,0,0
118900069,10,30,-20
118900071,0,0,0
118900072,0,0,0
118900073,1,16,-15
118900074,0,0,0
118900075,0,0,0
118900076,0,0,0
118900077,1,9,-8
118900078,0,1,-1
118900079,0,0,0
118900080,0,0,0
118900081,0,0,0
118900082,2,11,-9
118900083,0,3,-3
118900084,0,0,0
118900085,22,111,-89
118900086,0,0,0
118900087,0,7,-7
118900088,0,7,-7
118900089,0,0,0
118900090,17,38,-21
118900091,0,0,0
118900092,1,20,-19
118900093,0,0,0
118900096,0,0,0
118900097,13,127,-114
118900099,1,38,-37
118900100,0,0,0
118900101,2,77,-75
118900102,3,14,-11
118900103,3,8,-5
118900104,4,25,-21
118900105,28,26,2
118900107,12,3,9
118900108,0,6,-6
118900109,45,0,45
118900110,0,0,0
118900111,0,0,0
118900112,0,0,0
118900113,0,0,0
118900114,0,0,0
118900115,0,0,0
118900116,19,50,-31
118900117,3,56,-53
118900118,10,106,-96
118900119,1,59,-58
118900120,12,39,-27
118900121,0,0,0
118900122,0,24,-24
118900123,15,39,-24
118900124,0,0,0
118900126,1,42,-41
118900129,1,11,-10
118900130,0,0,0
118900131,4,82,-78
118900132,7,24,-17
118900133,0,0,0
118900135,2,34,-32
118900136,19,176,-157
118900137,0,0,0
118900139,0,0,0
118900140,6,152,-146
118900141,0,0,0
118900144,6,237,-231
118900145,0,0,0
118900146,9,130,-121
118900147,0,0,0
118900148,0,0,0
118900150,0,0,0
118900152,19,140,-121
118900157,0,0,0
118900158,0,0,0
118900159,0,0,0
118900161,0,0,0
118900163,0,0,0
118900164,0,0,0
118900165,1,43,-42
118900166,2,0,2
118900167,1,25,-24
118900168,2,8,-6
118900169,5,51,-46
118900170,3,14,-11
118900171,0,6,-6
118900174,1,22,-21
118900175,3,25,-22
118900176,1,15,-14
118900177,1,2,-1
118900178,0,1,-1
118900179,0,6,-6
118900181,5,6,-1
118900182,4,6,-2
118900183,0,5,-5
118900184,1,1,0
118900185,2,7,-5
118900186,7,23,-16
118900187,0,0,0
118900188,0,0,0
118900189,0,22,-22
118900190,0,0,0
118900191,0,0,0
118900192,0,0,0
118900193,0,0,0
118900195,0,0,0
118900196,7,49,-42
118900197,0,0,0
118900198,0,3,-3
118900199,2,12,-10
118900200,1,0,1
118900201,0,1,-1
118900202,2,19,-17
118900203,2,16,-14
118900204,0,6,-6
118900205,0,1,-1
118900206,1,12,-11
119000001,81,108,-27
119000002,179,346,-167
119000003,62,415,-353
119000004,106,218,-112
119000005,144,204,-60
119000006,114,170,-56
119000007,173,301,-128
119000008,298,883,-585
119000009,380,499,-119
119000010,2052,1251,801
119000011,1090,396,694
119000012,1601,795,806
119000013,440,286,154
119000014,490,893,-403
119000019,2,25,-23
119000020,134,167,-33
119000021,220,243,-23
119000022,129,132,-3
119000023,0,0,0
119000024,231,338,-107
119000025,2366,206,2160
119000026,0,1,-1
119000027,79,58,21
119000028,143,226,-83
119000029,0,2,-2
119000030,42,120,-78
119000031,65,117,-52
119000032,228,238,-10
119000033,420,307,113
119000034,156,156,0
119000035,4,212,-208
119000036,129,254,-125
119000037,97,516,-419
119000038,18,278,-260
119000039,16,80,-64
119000040,289,36,253
119000041,394,129,265
119000048,1196,597,599
119000049,128,663,-535
119000050,72,84,-12
119000051,118,78,40
119000052,89,109,-20
119000053,103,80,23
119000054,109,682,-573
119000055,334,593,-259
119000056,194,389,-195
119000057,68,420,-352
119000058,156,373,-217
119000059,24,49,-25
119000060,78,164,-86
119000061,8,19,-11
119000062,107,243,-136
119000063,56,62,-6
119000064,23,49,-26
119000065,17,129,-112
119000066,141,158,-17
119000067,65,132,-67
119000068,115,207,-92
119000069,36,147,-111
119000070,190,248,-58
119000071,1,0,1
119000072,615,369,246
119000073,390,664,-274
119000074,65,506,-441
119000075,82,1093,-1011
119000076,3,2,1
119000077,0,0,0
119000078,1,4,-3
119000079,0,0,0
119000080,1,2,-1
119000081,0,0,0
119000082,0,0,0
119000083,1,2,-1
119000084,0,0,0
119000085,0,0,0
119000086,1,1,0
119000087,31,41,-10
119000088,2,0,2
119000089,1,2,-1
119000090,0,0,0
119000091,4,5,-1
119000092,0,0,0
119000093,537,460,77
119000094,281,950,-669
119000095,81,381,-300
119000097,558,237,321
119000098,106,251,-145
119000099,287,420,-133
119000100,363,370,-7
119000101,409,652,-243
119000102,26,38,-12
119000103,52,0,52
119000104,822,783,39
119000105,0,0,0
119000106,32,724,-692
119000107,0,0,0
119000108,64,641,-577
119000109,0,2,-2
119000110,22,120,-98
119000111,4,15,-11
119000112,18,26,-8
119000113,224,10,214
119000114,0,15,-15
119000115,39,16,23
119000116,0,0,0
119000117,2,16,-14
119000118,1,6,-5
119000123,22,9,13
119000124,0,0,0
119000125,0,0,0
119000126,0,0,0
119000127,79,360,-281
119000128,34,3,31
119000131,79,552,-473
119000132,9,3,6
119000133,0,0,0
119000134,9,1,8
119000135,0,0,0
119000136,7,27,-20
119000137,0,0,0
119000138,8,56,-48
119000139,0,0,0
119000140,7,27,-20
119000284,492,1016,-524
119000285,969,947,22
119000286,1399,1143,256
119000287,199,624,-425
119000288,200,448,-248
119000289,261,800,-539
119000290,1,13,-12
119000291,0,30,-30
119000293,24,53,-29
119000294,0,0,0
119000295,528,117,411
119000296,0,4,-4
119000302,634,88,546
119000303,0,0,0
119000314,263,473,-210
119000315,0,4,-4
119000316,1,13,-12
119000317,0,0,0
119900001,22,49,-27
119900002,0,0,0
119900003,0,86,-86
119900004,0,1,-1
119900005,0,0,0
119900006,2,34,-32
119900007,0,0,0
119900008,0,0,0
119900009,1,32,-31
119900010,4,114,-110
119900011,0,0,0
119900012,0,7,-7
119900013,64,88,-24
119900014,7,16,-9
119900015,0,0,0
119900016,0,0,0
119900017,0,0,0
119900018,0,0,0
119900019,0,0,0
119900020,0,0,0
119900021,1,4,-3
119900022,0,0,0
119900023,0,0,0
119900025,0,0,0
119900026,0,0,0
119900027,0,0,0
119900028,0,0,0
119900029,0,0,0
119900030,2,6,-4
119900031,0,0,0
119900033,143,3,140
119900034,0,0,0
119900037,0,0,0
119900038,0,0,0
119900039,0,0,0
119900040,0,1,-1
119900041,0,0,0
119900042,0,0,0
119900043,0,0,0
119900044,0,0,0
119900046,0,0,0
119900047,0,0,0
119900048,0,1,-1
119900049,0,0,0
119900050,0,0,0
119900051,0,0,0
119900052,0,0,0
119900053,0,0,0
119900054,0,0,0
119900055,5,21,-16
119900057,0,0,0
119900058,0,0,0
119900059,0,2,-2
119900060,0,0,0
119900061,0,0,0
119900062,0,0,0
119900063,0,0,0
119900064,0,0,0
119900065,0,0,0
119900066,0,0,0
119900067,0,0,0
119900068,0,0,0
119900069,0,0,0
119900070,0,0,0
119900071,0,0,0
119900072,0,115,-115
119900073,0,31,-31
119900074,0,0,0
119900075,448,159,289
119900076,0,24,-24
119900077,1,157,-156
119900078,0,0,0
119900079,0,0,0
119900080,0,3,-3
119900081,0,30,-30
119900082,0,17,-17
119900083,0,0,0
119900084,1,2,-1
119900085,7,7,0
119900086,2,202,-200
119900087,3,9,-6
119900088,15,14,1
119900089,1,217,-216
119900090,28,17,11
119900091,7,266,-259
119900092,1,146,-145
119900093,20,5,15
119900094,2,34,-32
119900095,0,8,-8
119900096,1,22,-21
119900097,73,17,56
119900098,0,2,-2
119900099,0,35,-35
119900100,572,204,368
119900101,32,97,-65
119900102,0,37,-37
119900103,3,61,-58
119900104,1,38,-37
119900105,58,340,-282
119900106,1,30,-29
119900107,22,233,-211
119900108,255,174,81
119900109,0,8,-8
119900110,8,123,-115
119900111,0,0,0
119900112,153,16,137
119900113,0,0,0
119900114,2,317,-315
119900115,0,0,0
119900116,1,18,-17
119900117,26,180,-154
119900118,0,0,0
119900119,0,15,-15
119900120,59,65,-6
119900121,4,48,-44
119900122,0,0,0
119900123,0,11,-11
119900124,0,27,-27
119900125,0,0,0
119900126,590,12,578
119900127,0,0,0
119900128,2,38,-36
119900129,0,17,-17
119900130,0,0,0
119900131,1,14,-13
119900132,0,0,0
119900133,0,1,-1
119900134,78,1,77
119900135,0,0,0
119900136,0,0,0
119900138,0,0,0
119900139,0,7,-7
119900140,0,0,0
119900141,0,0,0
119900142,0,0,0
119900143,0,0,0
119900144,0,0,0
119900145,4,39,-35
119900146,3,5,-2
119900147,0,0,0
119900148,0,0,0
119900149,14,20,-6
119900150,9,30,-21
119900151,40,22,18
119900152,0,0,0
119900153,0,0,0
119900154,0,95,-95
119900155,1,2,-1
119900156,0,2,-2
119900157,0,0,0
119900158,0,0,0
119900159,0,363,-363
119900160,0,12,-12
119900161,0,0,0
119900162,0,0,0
119900163,9,3,6
119900164,0,0,0
119900165,0,0,0
119900166,0,0,0
119900167,0,1,-1
119900168,0,0,0
119900169,1,4,-3
119900170,3,7,-4
119900171,26,37,-11
119900172,0,0,0
119900173,1,94,-93
119900174,0,4,-4
119900175,0,0,0
119900177,1,39,-38
119900178,0,1,-1
119900179,0,0,0
119900180,0,0,0
119900181,0,0,0
119900182,0,60,-60
119900183,2,132,-130
119900184,15,4,11
119900185,0,0,0
119900186,0,0,0
119900187,0,78,-78
119900188,0,14,-14
119900189,6,7,-1
119900190,0,0,0
119900191,0,0,0
119900192,2,18,-16
119900193,0,0,0
119900194,0,0,0
119900195,1,26,-25
119900196,0,0,0
119900197,0,0,0
119900198,1,40,-39
119900199,0,0,0
119900200,0,0,0
119900201,24,19,5
119900202,0,0,0
119900203,0,0,0
119900204,0,0,0
119900205,0,0,0
119900206,0,0,0
119900208,0,0,0
119900209,1,19,-18
119900210,0,0,0
119900211,0,0,0
119900212,0,7,-7
119900213,0,2,-2
119900214,1,16,-15
119900215,0,14,-14
119900216,0,18,-18
119900217,0,13,-13
119900218,0,15,-15
119900219,0,4,-4
119900220,0,1,-1
119900221,0,0,0
119900222,0,0,0
119900223,0,0,0
119900224,0,0,0
119900225,0,0,0
119900226,0,0,0
119900227,342,29,313
119900228,2,13,-11
119900229,0,0,0
119900230,30,20,10
119900231,0,0,0
119900232,0,0,0
119900233,0,0,0
119900234,0,2,-2
119900235,2,1,1
119900236,0,0,0
119900237,0,0,0
119900238,0,6,-6
119900240,4,18,-14
119900241,3,70,-67
119900242,0,12,-12
119900244,0,0,0
119900245,1,4,-3
119900246,0,0,0
119900247,0,0,0
119900248,0,1,-1
119900249,0,0,0
119900253,0,0,0
119900254,0,0,0
119900255,6,136,-130
119900256,0,61,-61
119900257,0,0,0
119900258,0,0,0
119900259,0,7,-7
119900260,0,0,0
119900261,0,0,0
119900262,0,72,-72
119900263,38,46,-8
119900264,0,0,0
119900265,0,0,0
119900266,0,0,0
119900267,2,23,-21
119900268,1,19,-18
119900269,2,85,-83
119900271,0,0,0
119900272,0,0,0
119900275,0,0,0
119900276,0,0,0
119900277,0,0,0
119900278,23,1,22
119900279,0,3,-3
119900280,64,26,38
119900281,0,6,-6
119900282,0,0,0
119900283,0,0,0
119900284,1,49,-48
119900285,0,1,-1
119900286,0,1,-1
119900288,0,15,-15
119900289,0,27,-27
119900290,1,5,-4
119900291,3,9,-6
119900292,7,0,7
119900293,0,1,-1
119900294,0,8,-8
119900295,0,6,-6
119900296,0,16,-16
119900297,0,2,-2
119900298,2,10,-8
119900299,0,0,0
119900300,0,0,0
119900301,0,0,0
119900302,0,4,-4
119900303,0,25,-25
119900304,1,1,0
119900305,0,0,0
119900306,0,0,0
119900307,0,0,0
119900308,0,1,-1
119900309,0,0,0
119900310,3,23,-20
119900311,0,0,0
119900312,0,1,-1
119900313,1,25,-24
119900314,0,0,0
119900315,3,274,-271
119900318,0,0,0
119900319,0,44,-44
119900320,0,101,-101
119900321,0,0,0
120000001,1175,428,747
120000002,292,554,-262
120000003,554,463,91
120000004,537,536,1
120000005,1733,628,1105
120000006,312,357,-45
120000007,776,693,83
120000008,238,514,-276
120000009,1919,276,1643
120000010,261,1251,-990
120000011,144,830,-686
120000012,501,1542,-1041
120000013,255,1046,-791
120000014,55,476,-421
120000015,311,651,-340
120000016,224,49,175
120000017,27,38,-11
120000018,306,229,77
120000019,80,103,-23
120000020,287,173,114
120000021,257,213,44
120000022,1006,482,524
120000023,155,193,-38
120000024,281,334,-53
120000025,223,361,-138
120000026,55,416,-361
120000027,214,395,-181
120000028,77,364,-287
120000029,263,99,164
120000030,4,44,-40
120000031,239,246,-7
120000032,2438,286,2152
120000033,147,366,-219
120000034,91,605,-514
120000035,84,195,-111
120000036,121,254,-133
120000037,3,49,-46
120000038,1773,193,1580
120000039,36,114,-78
120000040,3,22,-19
120000041,31,232,-201
120000042,45,880,-835
120000043,164,295,-131
120000044,271,144,127
120000045,249,137,112
120000046,179,220,-41
120000047,324,313,11
120000048,2190,351,1839
120000049,326,611,-285
120000050,195,620,-425
120000051,1025,836,189
120000052,4846,253,4593
120000053,78,868,-790
120000054,184,2155,-1971
120000055,165,1393,-1228
120000056,145,1421,-1276
120000057,38,430,-392
120000058,4,42,-38
120000059,5,23,-18
120000061,52,348,-296
120000062,25,87,-62
120000063,639,1533,-894
120000064,53,702,-649
120000065,56,570,-514
120000066,16,136,-120
120000067,20,144,-124
120000068,17,508,-491
120000069,84,684,-600
120000070,5,236,-231
120000071,36,25,11
120000072,64,154,-90
120000073,40,36,4
120000074,4,16,-12
120000075,17,81,-64
120000076,54,113,-59
120000077,120,120,0
120000078,531,178,353
120000079,0,0,0
120000080,0,0,0
120000081,0,0,0
120000082,0,0,0
120000083,0,0,0
120000084,100,97,3
120000085,29,52,-23
120000086,19,117,-98
120000087,6,329,-323
120000088,29,128,-99
120000089,0,0,0
120000090,0,0,0
120000091,0,0,0
120000092,0,0,0
120000093,0,3,-3
120000094,0,2,-2
120000095,39,73,-34
120000096,7,155,-148
120000098,38,121,-83
120000099,9,77,-68
120000100,40,102,-62
120000101,30,71,-41
120000102,16,61,-45
120000103,64,41,23
120000104,59,26,33
120000105,68,28,40
120000106,41,29,12
120000107,80,37,43
120000108,35,6,29
120000109,84,5,79
120000110,15,325,-310
120000111,31,524,-493
120000112,134,1537,-1403
120000113,104,1075,-971
120000114,94,928,-834
120000115,78,918,-840
120000116,115,828,-713
120000117,428,533,-105
120000118,0,0,0
120000119,0,0,0
120000120,0,0,0
120000121,0,0,0
120000122,0,0,0
120000123,340,65,275
120000124,10,29,-19
120000125,15,76,-61
120000126,10,46,-36
120000127,48,58,-10
120000128,116,130,-14
120000129,3,13,-10
120000130,0,0,0
120000131,12,62,-50
120000134,0,0,0
120000135,1,46,-45
120000137,0,0,0
120000138,7,55,-48
120000139,0,0,0
120000140,3,66,-63
120000141,0,0,0
120000142,4,29,-25
120000143,0,1,-1
120000144,1,0,1
120000145,0,0,0
120000146,251,74,177
120000149,21,110,-89
120000150,13,93,-80
120000151,0,0,0
120000152,0,0,0
120000153,28,269,-241
120000154,58,190,-132
120000155,0,0,0
120000156,0,0,0
120000157,0,0,0
120000158,83,400,-317
120000159,238,955,-717
120000160,352,112,240
120000161,87,782,-695
120000162,9,19,-10
120000163,22,477,-455
120000164,45,179,-134
120000165,28,400,-372
120000166,52,226,-174
120000167,0,3,-3
120000168,1,8,-7
120000169,118,15,103
120000170,129,15,114
120000171,36,4,32
120000172,5,5,0
120000173,211,5,206
120000174,31,4,27
120000175,57,1,56
120000176,22,22,0
120000177,142,283,-141
120000178,2,1,1
120000179,20,12,8
120000180,30,23,7
120000181,12,17,-5
120000182,3,2,1
120000183,0,18,-18
120000184,4,999,-995
120000186,1,5,-4
120000187,0,2,-2
120000188,0,1,-1
120000190,0,0,0
120000191,0,0,0
120000192,0,0,0
120000193,0,0,0
120000195,0,0,0
120000196,0,0,0
120000197,0,0,0
120000198,0,27,-27
120000199,0,0,0
120000200,0,0,0
120000201,0,0,0
120000202,0,17,-17
120000203,0,89,-89
120000207,0,0,0
120000208,0,0,0
120000209,0,0,0
120000210,0,0,0
120000211,0,0,0
120000212,0,0,0
120000213,0,0,0
120000214,0,0,0
120000215,0,0,0
120000216,0,0,0
120000217,97,277,-180
120000218,44,340,-296
120000219,6,173,-167
120000220,4,747,-743
120000225,0,0,0
120000226,0,0,0
120000227,0,0,0
120000228,988,186,802
120000230,0,0,0
120000231,0,0,0
120000233,0,1,-1
120000235,91,394,-303
120000236,0,0,0
120000237,0,352,-352
120000238,0,18,-18
120000241,0,0,0
120000412,0,0,0
120000413,0,0,0
120000414,0,0,0
120000415,0,0,0
120000416,0,0,0
120000417,0,0,0
120000418,0,0,0
120000419,0,0,0
120000420,0,0,0
120000421,5640,2597,3043
120000422,91,82,9
120000423,1,29,-28
120000424,3,31,-28
120000436,17,28,-11
120000437,23,38,-15
120000438,1289,71,1218
120000439,8,65,-57
120000443,0,0,0
120000444,29,294,-265
120000445,34,22,12
120000446,108,15,93
120000447,0,0,0
120000449,0,0,0
120000450,0,0,0
120000451,1,45,-44
120000452,0,0,0
120000453,0,378,-378
120000454,0,0,0
120000455,3,13,-10
120000456,459,336,123
120000457,204,139,65
120000458,161,220,-59
120000459,0,0,0
120000665,64,3,61
120000668,7,57,-50
120000669,0,0,0
120000670,15,29,-14
120000671,97,106,-9
120000672,24,215,-191
120900001,0,0,0
120900002,0,0,0
120900003,0,0,0
120900004,1,2,-1
120900005,0,0,0
120900006,0,1,-1
120900007,3,17,-14
120900008,0,19,-19
120900009,0,0,0
120900010,1,1,0
120900011,0,0,0
120900012,23,21,2
120900013,0,0,0
120900014,0,0,0
120900015,0,0,0
120900016,0,0,0
120900017,163,19,144
120900018,0,0,0
120900019,9,5,4
120900020,12,16,-4
120900021,0,0,0
120900022,0,0,0
120900023,0,0,0
120900024,82,41,41
120900025,0,0,0
120900026,0,0,0
120900027,0,0,0
120900028,4,2,2
120900029,0,0,0
120900030,5,2,3
120900031,0,0,0
120900032,0,0,0
120900033,0,0,0
120900034,0,0,0
120900035,0,0,0
120900037,1,0,1
120900038,0,0,0
120900039,0,0,0
120900040,0,0,0
120900041,0,0,0
120900042,0,0,0
120900043,0,0,0
120900044,0,0,0
120900045,0,0,0
120900046,0,0,0
120900047,0,0,0
120900048,0,0,0
120900049,0,0,0
120900050,0,0,0
120900051,0,0,0
120900052,0,0,0
120900053,0,0,0
120900054,0,0,0
120900055,3,0,3
120900056,0,0,0
120900057,0,0,0
120900058,0,0,0
120900059,0,0,0
120900060,0,0,0
120900061,0,0,0
120900062,2,0,2
120900063,0,0,0
120900064,0,0,0
120900065,0,0,0
120900066,0,30,-30
120900067,0,0,0
120900068,0,0,0
120900069,0,2,-2
120900071,0,0,0
120900072,0,0,0
120900073,0,4,-4
120900074,0,0,0
120900076,0,0,0
120900077,0,0,0
120900078,1,193,-192
120900079,0,4,-4
120900080,1,279,-278
120900081,0,0,0
120900082,0,38,-38
120900083,0,0,0
120900084,0,7,-7
120900085,0,0,0
120900086,6,9,-3
120900087,0,0,0
120900088,0,0,0
120900089,491,41,450
120900090,0,3,-3
120900091,0,0,0
120900092,25,67,-42
120900093,0,0,0
120900094,51,46,5
120900095,0,0,0
120900096,0,2,-2
120900097,23,159,-136
120900098,0,0,0
120900099,1,12,-11
120900100,0,9,-9
120900101,0,0,0
120900102,0,0,0
120900103,2,3,-1
120900104,2,4,-2
120900105,0,0,0
120900106,246,124,122
120900107,59,16,43
120900108,0,0,0
120900109,4,169,-165
120900110,0,0,0
120900111,1,20,-19
120900112,0,0,0
120900113,0,230,-230
120900114,2,43,-41
120900115,24,37,-13
120900116,0,33,-33
120900117,0,2,-2
120900118,2,215,-213
120900119,0,0,0
120900120,2,105,-103
120900121,35,64,-29
120900122,0,35,-35
120900123,0,10,-10
120900124,0,182,-182
120900125,1,114,-113
120900126,116,111,5
120900127,0,23,-23
120900128,157,180,-23
120900129,3,72,-69
120900130,0,104,-104
120900131,0,0,0
120900132,0,0,0
120900133,19,240,-221
120900134,30,83,-53
120900135,1,137,-136
120900136,0,0,0
120900137,0,0,0
120900138,0,38,-38
120900139,1,180,-179
120900140,0,0,0
120900141,0,0,0
120900142,6,178,-172
120900143,0,242,-242
120900144,0,74,-74
120900145,5,207,-202
120900146,2,231,-229
120900147,0,6,-6
120900148,0,1,-1
120900149,1,76,-75
120900150,2,105,-103
120900151,0,114,-114
120900152,0,2,-2
120900153,0,1,-1
120900154,0,105,-105
120900155,14,352,-338
120900156,1,123,-122
120900157,0,10,-10
120900158,1,169,-168
120900159,0,20,-20
120900160,1,136,-135
120900161,0,110,-110
120900162,0,122,-122
120900163,0,0,0
120900164,0,0,0
120900165,0,0,0
120900166,0,2,-2
120900167,1,7,-6
120900169,3,78,-75
120900170,64,32,32
120900171,124,11,113
120900172,0,0,0
120900173,0,22,-22
120900174,1,14,-13
120900175,0,0,0
120900176,0,8,-8
120900177,0,2,-2
120900178,0,4,-4
120900179,67,54,13
120900180,0,2,-2
120900181,0,0,0
120900182,0,0,0
120900183,0,0,0
120900184,0,0,0
120900185,0,8,-8
120900186,0,156,-156
120900187,3,9,-6
120900188,0,0,0
120900189,0,0,0
120900190,0,0,0
120900191,0,0,0
120900192,683,37,646
120900194,0,0,0
120900195,7,45,-38
120900196,0,0,0
120900197,0,0,0
120900198,14,122,-108
120900199,5,131,-126
120900200,0,0,0
120900201,34,27,7
120900202,0,69,-69
120900203,0,0,0
120900204,97,110,-13
120900205,0,0,0
120900206,0,0,0
121000001,318,574,-256
121000002,291,219,72
121000003,3057,960,2097
121000004,672,353,319
121000005,923,914,9
121000006,870,387,483
121000007,1360,1378,-18
121000008,1183,545,638
121000009,4823,1864,2959
121000010,3396,894,2502
121000011,8547,1945,6602
121000012,6496,1276,5220
121000013,3405,2148,1257
121000014,3553,2135,1418
121000015,1573,2185,-612
121000016,2290,2793,-503
121000017,288,712,-424
121000018,666,487,179
121000019,3520,1154,2366
121000020,3126,1298,1828
121000021,494,933,-439
121000022,475,420,55
121000023,896,844,52
121000024,554,889,-335
121000025,118,52,66
121000026,40,22,18
121000027,526,167,359
121000028,110,55,55
121000029,15,52,-37
121000030,15,29,-14
121000031,24,77,-53
121000032,34,31,3
121000034,0,0,0
121000035,6,13,-7
121000036,38,68,-30
121000037,93,118,-25
121000038,105,95,10
121000039,6,38,-32
121000041,8,37,-29
121000042,0,0,0
121000043,22,16,6
121000044,148,81,67
121000045,15,56,-41
121000046,18,59,-41
121000047,4,11,-7
121000049,231,147,84
121000050,58,343,-285
121000051,41,34,7
121000052,50,167,-117
121000053,0,0,0
121000054,5,53,-48
121000055,448,162,286
121000056,243,211,32
121000057,63,48,15
121000058,89,29,60
121000059,65,26,39
121000060,85,87,-2
121000061,7,13,-6
121000062,3,7,-4
121000063,81,259,-178
121000064,29,47,-18
121000065,43,47,-4
121000066,24,74,-50
121000067,91,48,43
121000068,0,0,0
121000069,0,1,-1
121000070,136,170,-34
121000071,79,185,-106
121000072,137,85,52
121000073,188,258,-70
121000074,28,54,-26
121000075,4,13,-9
121000076,85,33,52
121000077,0,0,0
121000078,16,39,-23
121000080,477,148,329
121000081,277,296,-19
121000082,75,100,-25
121000083,0,0,0
121000084,52,48,4
121000085,225,171,54
121000086,0,0,0
121000087,0,0,0
121000088,95,251,-156
121000089,0,0,0
121000090,44,121,-77
121000091,637,459,178
121000092,39,15,24
121000093,11,33,-22
121000094,80,53,27
121000095,0,0,0
121000096,1474,933,541
121000097,684,501,183
121000098,91,252,-161
121000099,81,216,-135
121000100,31,187,-156
121000101,0,0,0
121000102,21,141,-120
121000103,0,0,0
121000104,12,54,-42
121000105,19,89,-70
121000106,0,0,0
121000107,699,976,-277
121000109,512,518,-6
121000110,73,98,-25
121000114,826,1106,-280
121000115,283,344,-61
121000116,122,366,-244
121000117,4,1,3
121000118,44,6,38
121000119,3,10,-7
121000120,0,0,0
121000121,0,0,0
121000123,0,0,0
121000126,13,19,-6
121000127,4,6,-2
121000128,29,192,-163
121000129,56,111,-55
121000130,100,244,-144
121000131,173,172,1
121000132,167,115,52
121000135,28,20,8
121000136,113,15,98
121000137,27,2,25
121000138,44,55,-11
121000139,180,65,115
121000141,23,43,-20
121000142,160,83,77
121000143,0,0,0
121000144,31,22,9
121000145,35,154,-119
121000146,104,199,-95
121000147,61,116,-55
121000148,37,133,-96
121000149,219,361,-142
121000152,27,55,-28
121000153,518,93,425
121000154,221,41,180
121000155,226,153,73
121000156,179,191,-12
121000157,227,93,134
121000158,52,76,-24
121000159,7,135,-128
121000160,20,155,-135
121000161,0,0,0
121000162,0,0,0
121000165,0,0,0
121000166,6,17,-11
121000168,34,44,-10
121000169,5,121,-116
121000170,45,14,31
121000171,46,85,-39
121000172,93,132,-39
121000173,334,176,158
121000174,75,146,-71
121000175,56,137,-81
121000176,127,74,53
121000177,43,84,-41
121000178,8,5,3
121000179,12,18,-6
121000181,73,70,3
121000182,50,20,30
121000183,12,5,7
121000184,2,0,2
121000185,0,0,0
121000186,7,109,-102
121000187,0,0,0
121000188,0,0,0
121000192,88,74,14
121000193,69,78,-9
121000194,1634,755,879
121000195,91,385,-294
121000196,4,2,2
121000197,50,252,-202
121000198,23,54,-31
121000199,16,423,-407
121000200,56,27,29
121000201,1,66,-65
121000202,21,0,21
121000203,2,220,-218
121000204,54,20,34
121000205,52,363,-311
121000206,39,67,-28
121000207,84,113,-29
121000208,1,142,-141
121000209,18,405,-387
121000210,54,321,-267
121000211,15,54,-39
121000212,84,278,-194
121000213,286,197,89
121000214,108,188,-80
121000215,282,243,39
121000216,40,113,-73
121000217,834,251,583
121000218,113,787,-674
121000219,150,136,14
121000220,143,59,84
121000221,33,21,12
121000222,677,1263,-586
121000223,42,200,-158
121000224,0,0,0
121000225,164,166,-2
121000226,99,77,22
121000227,1,80,-79
121000228,17,722,-705
121000229,1,415,-414
121000230,43,1474,-1431
121000231,0,0,0
121000232,0,0,0
121000233,12,17,-5
121000234,0,0,0
121000235,0,0,0
121000236,0,0,0
121000237,0,0,0
121000238,0,0,0
121000239,1,0,1
121000240,0,0,0
121000241,0,2,-2
121000242,0,0,0
121000243,0,2,-2
121000244,0,0,0
121000245,0,0,0
121000246,0,0,0
121000247,1,0,1
121000248,4,8,-4
121000249,12,62,-50
121000250,30,28,2
121000251,7,219,-212
121000252,7,3,4
121000253,47,367,-320
121000254,126,31,95
121000255,21,69,-48
121000256,15,10,5
121000257,13,55,-42
121000258,18,5,13
121000259,5,10,-5
121000260,17,70,-53
121000261,9,6,3
121000262,336,160,176
121000263,74,156,-82
121000271,104,250,-146
121000273,5,9,-4
121000274,0,3,-3
121000275,3,17,-14
121000276,0,1,-1
121000278,2,2,0
121000279,2,10,-8
121000280,0,0,0
121000289,1,2,-1
121000290,215,127,88
121000294,3,53,-50
121000297,112,65,47
121000299,8,104,-96
121000300,135,76,59
121000302,8,61,-53
121000303,87,37,50
121000304,0,0,0
121000305,0,0,0
121000306,0,0,0
121000308,60,99,-39
121000309,145,196,-51
121000310,14,170,-156
121000311,4,324,-320
121000312,0,0,0
121000313,218,169,49
121000314,42,31,11
121000315,50,16,34
121000530,64,383,-319
121000531,130,357,-227
121000532,1188,458,730
121000533,768,450,318
121000918,4,82,-78
121000919,0,0,0
121000938,9,16,-7
121000939,0,1,-1
121000956,88,466,-378
121000957,2,81,-79
121000958,7,141,-134
121000959,58,422,-364
121000960,85,689,-604
121000961,11,3,8
121000962,0,0,0
121000973,1,100,-99
121000976,0,0,0
121000979,0,0,0
121000981,9,1,8
121000982,0,0,0
121000983,21,193,-172
121000984,1,2,-1
121000985,48,149,-101
121000986,4,58,-54
121000987,61,875,-814
121000988,123,13,110
121001302,54,68,-14
121001308,3,3,0
121001309,5,13,-8
121001313,5,109,-104
121001314,4224,1700,2524
121001315,1212,922,290
121900001,0,0,0
121900002,0,6,-6
121900003,0,0,0
121900004,0,0,0
121900005,0,0,0
121900006,0,0,0
121900007,0,0,0
121900008,0,0,0
121900009,0,0,0
121900010,0,0,0
121900011,0,0,0
121900012,0,0,0
121900013,0,0,0
121900014,0,0,0
121900015,0,0,0
121900016,0,0,0
121900017,0,0,0
121900018,0,0,0
121900019,0,0,0
121900020,0,0,0
121900021,0,0,0
121900022,0,0,0
121900023,0,0,0
121900024,0,0,0
121900025,0,0,0
121900026,0,0,0
121900027,0,0,0
121900028,0,0,0
121900029,0,0,0
121900030,0,0,0
121900031,0,0,0
121900032,0,0,0
121900033,0,0,0
121900034,0,0,0
121900035,0,0,0
121900036,0,0,0
121900037,0,0,0
121900038,0,0,0
121900039,0,0,0
121900040,0,0,0
121900041,0,0,0
121900042,0,0,0
121900043,0,0,0
121900044,0,0,0
121900045,0,5,-5
121900046,0,0,0
121900047,0,0,0
121900048,0,0,0
121900050,0,0,0
121900051,0,0,0
121900052,0,0,0
121900053,20,39,-19
121900054,0,0,0
121900055,0,0,0
121900058,0,0,0
121900059,0,0,0
121900060,0,0,0
121900061,0,0,0
121900062,0,0,0
121900063,0,0,0
121900064,0,0,0
121900066,0,0,0
121900067,0,0,0
121900069,0,0,0
121900070,0,0,0
121900071,0,0,0
121900072,0,0,0
121900073,0,0,0
121900074,0,0,0
121900075,0,0,0
121900076,0,0,0
121900077,0,0,0
121900078,0,0,0
121900079,0,0,0
121900080,0,0,0
121900082,0,0,0
121900083,0,0,0
121900084,0,0,0
121900085,0,0,0
121900086,0,0,0
121900087,0,0,0
121900088,0,0,0
121900089,0,0,0
121900090,0,0,0
121900091,0,0,0
121900092,0,0,0
121900093,0,0,0
121900094,0,0,0
121900095,0,0,0
121900096,0,0,0
121900097,0,0,0
121900098,0,0,0
121900099,0,0,0
121900100,0,0,0
121900101,0,0,0
121900102,0,0,0
121900103,0,0,0
121900104,0,0,0
121900105,0,0,0
121900106,0,0,0
121900107,0,0,0
121900108,0,0,0
121900109,0,0,0
121900110,0,0,0
121900111,0,0,0
121900112,0,0,0
121900113,0,0,0
121900114,0,0,0
121900115,0,0,0
121900117,0,0,0
121900118,0,0,0
121900119,0,0,0
121900120,0,0,0
121900121,0,0,0
121900122,0,0,0
121900123,0,0,0
121900124,0,0,0
121900125,1,1,0
121900127,0,0,0
121900128,0,0,0
121900129,0,0,0
121900130,0,0,0
121900131,0,0,0
121900132,0,0,0
121900133,0,0,0
121900134,0,0,0
121900135,0,0,0
121900136,0,0,0
121900137,0,0,0
121900138,0,0,0
121900139,0,0,0
121900140,0,0,0
121900141,0,0,0
121900142,0,0,0
121900143,0,0,0
121900144,3,1,2
121900145,0,0,0
121900146,0,0,0
121900147,0,0,0
121900148,0,0,0
121900149,0,0,0
121900150,0,0,0
121900151,0,0,0
121900152,0,0,0
121900153,0,0,0
121900154,0,0,0
121900155,0,0,0
121900156,0,0,0
121900157,0,0,0
121900158,0,0,0
121900159,0,0,0
121900160,0,0,0
121900161,0,0,0
121900162,2,0,2
121900163,0,2,-2
121900164,0,0,0
121900165,0,0,0
121900166,0,0,0
121900167,0,0,0
121900168,0,0,0
121900169,0,58,-58
121900170,0,0,0
121900171,0,0,0
121900172,0,0,0
121900173,0,0,0
121900174,0,0,0
121900175,0,0,0
121900176,20,172,-152
121900177,1,1,0
121900178,0,0,0
121900179,0,0,0
121900180,10,4,6
121900182,0,0,0
121900183,0,0,0
121900184,0,0,0
121900185,0,0,0
121900186,0,0,0
121900187,0,3,-3
121900188,0,0,0
121900189,0,0,0
121900190,0,0,0
121900191,0,0,0
121900192,0,0,0
121900193,0,0,0
121900194,0,0,0
121900195,0,0,0
121900196,0,0,0
121900197,3,58,-55
121900198,0,0,0
121900199,0,0,0
121900200,0,0,0
121900201,0,0,0
121900202,0,7,-7
121900203,0,0,0
121900204,0,0,0
121900205,0,0,0
121900206,0,0,0
121900207,0,0,0
121900208,0,0,0
121900209,0,0,0
121900210,0,0,0
121900211,0,0,0
121900212,0,0,0
121900213,0,0,0
121900214,0,0,0
121900215,0,0,0
121900216,0,0,0
121900217,0,0,0
121900218,0,0,0
121900219,0,0,0
121900220,0,0,0
121900221,0,0,0
121900222,0,0,0
121900223,0,0,0
121900224,0,0,0
121900225,0,0,0
121900226,0,0,0
121900227,0,0,0
121900228,0,0,0
121900229,0,0,0
121900230,0,0,0
121900231,0,0,0
121900232,0,0,0
121900233,0,0,0
121900234,0,0,0
121900235,0,0,0
121900236,0,0,0
121900237,0,0,0
121900238,0,0,0
121900239,0,0,0
121900240,0,0,0
121900241,0,0,0
121900242,0,0,0
121900243,0,0,0
121900244,0,0,0
121900245,0,0,0
121900246,0,0,0
121900247,0,0,0
121900248,0,0,0
121900250,0,0,0
121900251,0,0,0
121900252,0,0,0
121900253,0,0,0
121900254,0,0,0
121900255,0,0,0
121900258,0,0,0
121900259,0,0,0
121900260,0,0,0
121900261,0,0,0
121900262,0,0,0
121900263,0,0,0
121900264,0,0,0
121900265,0,0,0
121900266,0,0,0
121900267,0,0,0
121900269,0,0,0
121900270,0,0,0
121900271,0,0,0
121900273,0,0,0
121900274,0,0,0
121900276,0,0,0
121900277,0,0,0
121900278,0,0,0
121900279,0,0,0
121900280,0,0,0
121900281,0,0,0
121900284,0,0,0
121900286,1,22,-21
121900287,0,0,0
121900290,0,0,0
121900291,12,18,-6
121900292,0,0,0
121900293,28,305,-277
121900294,0,0,0
121900295,0,0,0
121900296,0,0,0
121900298,0,0,0
121900299,0,0,0
121900300,0,0,0
121900301,0,0,0
121900302,0,0,0
121900303,0,0,0
121900304,0,0,0
121900305,0,0,0
121900306,0,0,0
121900307,0,0,0
121900308,0,18,-18
121900309,1,25,-24
121900310,0,56,-56
121900311,0,0,0
121900312,0,0,0
121900313,0,0,0
121900314,0,0,0
121900315,0,0,0
121900316,0,0,0
121900317,0,0,0
121900318,0,0,0
121900319,0,0,0
121900320,0,0,0
121900321,0,0,0
121900322,0,0,0
121900323,0,0,0
121900324,0,0,0
121900325,0,0,0
121900326,0,0,0
121900327,0,0,0
121900328,0,0,0
121900329,0,0,0
121900330,0,0,0
121900331,0,0,0
121900332,0,0,0
122000001,442,525,-83
122000002,640,265,375
122000003,396,288,108
122000004,330,205,125
122000005,252,122,130
122000006,117,51,66
122000007,86,150,-64
122000008,659,522,137
122000009,119,48,71
122000010,343,273,70
122000011,273,103,170
122000012,116,185,-69
122000013,154,165,-11
122000014,166,146,20
122000015,124,66,58
122000016,108,123,-15
122000017,217,212,5
122000018,264,364,-100
122000019,220,452,-232
122000020,37,28,9
122000021,188,74,114
122000022,172,70,102
122000023,48,88,-40
122000024,76,116,-40
122000025,71,147,-76
122000026,59,20,39
122000027,263,479,-216
122000028,0,0,0
122000029,0,0,0
122000030,106,38,68
122000031,0,0,0
122000032,90,60,30
122000033,32,78,-46
122000034,157,177,-20
122000035,201,220,-19
122000036,81,208,-127
122000037,56,35,21
122000038,27,58,-31
122000039,108,123,-15
122000040,90,101,-11
122000041,0,0,0
122000042,0,1,-1
122000043,0,0,0
122000044,0,0,0
122000045,54,35,19
122000046,34,46,-12
122000047,86,64,22
122000048,525,405,120
122000049,1221,513,708
122000050,183,203,-20
122000051,0,0,0
122000052,10,6,4
122000053,23,88,-65
122000054,272,272,0
122000055,340,510,-170
122000056,625,537,88
122000057,1204,751,453
122000058,589,601,-12
122000059,668,625,43
122000060,226,161,65
122000061,72,28,44
122000062,274,58,216
122000063,75,111,-36
122000064,668,824,-156
122000065,1017,795,222
122000066,293,352,-59
122000067,249,386,-137
122000068,172,161,11
122000069,263,234,29
122000070,16,54,-38
122000071,29,56,-27
122000072,118,69,49
122000073,56,118,-62
122000074,11,3,8
122000075,1,4,-3
122000076,166,106,60
122000077,112,190,-78
122000078,277,539,-262
122000079,199,195,4
122000080,42,46,-4
122000081,12,38,-26
122000082,0,0,0
122000083,207,281,-74
122000084,164,191,-27
122000085,73,333,-260
122000086,370,450,-80
122000087,6,9,-3
122000088,54,55,-1
122000089,873,446,427
122000090,28,40,-12
122000091,33,11,22
122000092,10,3,7
122000093,158,499,-341
122000094,1073,227,846
122000095,716,332,384
122000096,160,33,127
122000098,700,686,14
122000099,57,188,-131
122000100,72,79,-7
122000101,6,21,-15
122000102,413,212,201
122000103,142,216,-74
122000104,38,19,19
122000105,11,37,-26
122000106,104,59,45
122000107,16,30,-14
122000108,130,165,-35
122000109,5,4,1
122000110,67,124,-57
122000111,380,143,237
122000112,49,120,-71
122000113,19,91,-72
122000114,638,1129,-491
122000115,633,412,221
122000116,151,84,67
122000117,170,25,145
122000118,66,35,31
122000119,578,534,44
122000120,497,794,-297
122000121,627,406,221
122000122,166,273,-107
122000123,308,64,244
122000124,151,46,105
122000125,261,201,60
122000126,89,213,-124
122000127,261,370,-109
122000128,82,221,-139
122000129,60,11,49
122000130,100,10,90
122000131,77,16,61
122000132,243,106,137
122000133,153,598,-445
122000134,133,112,21
122000135,66,416,-350
122000136,4,14,-10
122000137,21,16,5
122000139,283,339,-56
122000140,206,87,119
122000141,1245,173,1072
122000142,51,294,-243
122000143,25,18,7
122000144,64,47,17
122000145,180,84,96
122000146,0,0,0
122000147,24,16,8
122000148,989,383,606
122000149,322,87,235
122000150,85,41,44
122000151,85,89,-4
122000152,71,71,0
122000153,0,0,0
122000154,0,0,0
122000155,202,127,75
122000156,1530,1072,458
122000157,595,785,-190
122000158,36,89,-53
122000159,75,53,22
122000160,236,77,159
122000161,47,28,19
122000162,123,68,55
122000163,0,0,0
122000164,0,0,0
122000165,104,86,18
122000166,22,41,-19
122000167,64,67,-3
122000168,1,0,1
122000169,108,86,22
122000170,44,104,-60
122000171,19,55,-36
122000172,352,375,-23
122000173,313,482,-169
122000174,388,390,-2
122000175,292,137,155
122000176,3,7,-4
122000177,362,763,-401
122000178,209,32,177
122000179,469,339,130
122000180,296,455,-159
122000181,588,1063,-475
122000182,292,42,250
122000183,339,23,316
122000184,3871,650,3221
122000185,953,617,336
122000186,101,150,-49
122000187,67,124,-57
122000188,103,68,35
122000189,0,0,0
122000190,13,170,-157
122000191,92,26,66
122000192,70,9,61
122000193,1,14,-13
122000194,60,21,39
122000195,3,10,-7
122000196,16,51,-35
122000197,26,22,4
122000198,99,77,22
122000199,63,29,34
122000200,112,44,68
122000201,1017,1288,-271
122000202,660,567,93
122000203,750,445,305
122000204,232,612,-380
122000205,140,313,-173
122000206,98,38,60
122000207,55,127,-72
122000208,65,111,-46
122000209,57,8,49
122000210,193,681,-488
122000211,134,477,-343
122000212,117,105,12
122000213,156,144,12
122000214,152,227,-75
122000215,185,212,-27
122000217,364,624,-260
122000218,0,0,0
122000219,622,473,149
122000220,84,309,-225
122000221,33,77,-44
122000222,76,5,71
122000223,108,237,-129
122000225,165,43,122
122000226,161,709,-548
122000227,78,462,-384
122000228,46,278,-232
122000229,6,170,-164
122000230,8,264,-256
122000231,13,230,-217
122000232,30,131,-101
122000233,0,0,0
122000234,2,17,-15
122000235,12,7,5
122000236,48,17,31
122000237,11,19,-8
122000238,20,4,16
122000239,6,6,0
122000240,12,9,3
122000241,0,0,0
122000242,3,4,-1
122000243,0,1,-1
122000244,1,96,-95
122000245,1,39,-38
122000246,0,7,-7
122000247,100,156,-56
122000248,201,486,-285
122000249,17,39,-22
122000250,58,35,23
122000251,108,149,-41
122000252,26,6,20
122000253,8,154,-146
122000254,9,6,3
122000255,41,19,22
122000256,137,982,-845
122000257,60,182,-122
122000258,20,45,-25
122000259,1,259,-258
122000260,2,85,-83
122000261,0,10,-10
122000262,2,65,-63
122000263,11,70,-59
122000264,0,0,0
122000265,0,0,0
122000266,0,0,0
122000267,0,0,0
122000268,0,0,0
122000269,0,0,0
122000270,0,0,0
122000271,12,50,-38
122000272,7,49,-42
122000273,12,30,-18
122000274,8,11,-3
122000275,4,8,-4
122000276,26,78,-52
122000277,95,173,-78
122000278,91,63,28
122000279,43,267,-224
122000280,265,351,-86
122000281,118,314,-196
122000282,6,15,-9
122000283,185,24,161
122000284,13,31,-18
122000285,114,80,34
122000286,58,124,-66
122000287,12,3,9
122000288,14,16,-2
122000291,122,38,84
122000293,37,21,16
122000294,0,0,0
122000295,1,0,1
122000296,3,110,-107
122000297,367,137,230
122000299,29,71,-42
122000300,82,211,-129
122000301,2271,269,2002
122000302,50,43,7
122000303,1850,497,1353
122000304,0,65,-65
122000305,203,38,165
122000306,10,351,-341
122000307,63,44,19
122000309,13,169,-156
122000310,3,9,-6
122000311,25,20,5
122000312,7,3,4
122000313,0,5,-5
122000314,7,29,-22
122000315,5,0,5
122000316,27,6,21
122000317,50,1,49
122000318,4,11,-7
122000319,45,177,-132
122000320,60,813,-753
122000321,13,196,-183
122000322,404,140,264
122000323,277,154,123
122000324,258,156,102
122000325,32,110,-78
122000326,0,0,0
122000327,18,66,-48
122000328,118,272,-154
122000330,69,36,33
122000332,20,108,-88
122000333,1,99,-98
122000337,153,809,-656
122000338,69,282,-213
122000340,57,58,-1
122000342,409,364,45
122000343,7,80,-73
122000344,0,0,0
122000345,1,4,-3
122000346,79,33,46
122000348,41,100,-59
122000349,5,184,-179
122000351,0,5,-5
122000352,54,3,51
122000353,4,93,-89
122000355,0,0,0
122000356,608,308,300
122000357,0,0,0
122000358,0,0,0
122000359,0,0,0
122000360,0,0,0
122000362,5,46,-41
122000364,9,117,-108
122000365,0,0,0
122000366,0,2,-2
122000368,66,125,-59
122000370,1,19,-18
122000371,0,0,0
122000372,0,0,0
122000381,3,78,-75
122000382,5,71,-66
122000384,539,406,133
122000385,0,0,0
122000386,4,30,-26
122000387,31,93,-62
122000388,64,14,50
122000389,54,314,-260
122000390,38,50,-12
122000391,0,0,0
122000392,25,34,-9
122000393,4,16,-12
122000394,8,86,-78
122000395,6,72,-66
122000396,11,33,-22
122000397,5,36,-31
122000398,0,0,0
122000399,5,19,-14
122000400,0,0,0
122000401,20,38,-18
122000402,0,0,0
122000403,116,1080,-964
122000404,14,8,6
122000408,113,269,-156
122000503,0,0,0
122000524,3,3,0
122000544,0,0,0
122000616,619,3,616
122000640,0,1,-1
122000641,2,6,-4
122000642,8,23,-15
122000643,0,0,0
122000644,35,24,11
122000645,83,154,-71
122000651,149,173,-24
122000664,21,17,4
122000665,404,239,165
122000666,52,135,-83
122000673,18,228,-210
122000674,100,27,73
122000675,139,390,-251
122000686,0,0,0
122000687,30,205,-175
122000688,0,0,0
122000689,114,445,-331
122000690,74,604,-530
122000691,0,0,0
122000692,128,297,-169
122000693,0,0,0
122000695,66,228,-162
122000696,7,11,-4
122000698,21,460,-439
122000699,18,2,16
122000701,130,161,-31
122000702,0,0,0
122000703,0,0,0
122000717,65,22,43
122000718,49,5,44
122000719,0,0,0
122000720,1,13,-12
122900001,0,0,0
122900002,0,0,0
122900003,0,0,0
122900004,0,0,0
122900005,0,0,0
122900006,0,0,0
122900007,0,0,0
122900008,0,0,0
122900009,0,0,0
122900010,0,0,0
122900012,0,0,0
122900014,0,0,0
122900015,0,0,0
122900016,0,0,0
122900017,0,0,0
122900018,0,0,0
122900019,1,33,-32
122900020,0,0,0
122900021,0,0,0
122900022,5,51,-46
122900023,9,10,-1
122900024,3,5,-2
122900025,0,0,0
122900026,0,0,0
122900027,2,48,-46
122900028,0,0,0
122900029,0,0,0
122900030,231,20,211
122900031,0,0,0
122900032,5,17,-12
122900033,0,0,0
122900034,0,0,0
122900035,0,0,0
122900036,0,0,0
122900037,0,1,-1
122900038,0,27,-27
122900039,0,0,0
122900040,0,0,0
122900041,0,0,0
122900042,0,0,0
122900043,0,0,0
122900044,0,0,0
122900045,0,0,0
122900046,0,0,0
122900047,0,0,0
122900048,0,0,0
122900049,0,0,0
122900051,1,4,-3
122900052,0,7,-7
122900053,0,0,0
122900055,0,0,0
122900057,0,0,0
122900061,0,0,0
122900062,13,3,10
122900063,0,0,0
122900064,0,0,0
122900065,10,8,2
122900066,8,7,1
122900067,0,0,0
122900068,0,0,0
122900069,4,7,-3
122900070,2,1,1
122900071,1,18,-17
122900072,0,62,-62
122900073,0,0,0
122900074,0,0,0
122900075,0,10,-10
122900076,0,12,-12
122900077,0,59,-59
122900078,0,61,-61
122900080,0,0,0
122900081,0,0,0
122900082,0,0,0
122900083,0,0,0
122900084,0,0,0
122900086,0,0,0
122900087,0,0,0
122900088,0,0,0
122900089,0,0,0
122900090,0,45,-45
122900091,0,0,0
122900092,0,0,0
122900093,0,0,0
122900094,0,0,0
122900095,0,0,0
122900096,0,0,0
122900097,0,0,0
122900098,0,0,0
122900099,0,0,0
122900100,0,0,0
122900101,0,0,0
123000001,367,191,176
123000002,1914,514,1400
123000003,710,539,171
123000004,1160,1629,-469
123000005,210,366,-156
123000006,1065,1176,-111
123000007,171,241,-70
123000008,538,1385,-847
123000009,997,720,277
123000010,2382,2485,-103
123000011,400,288,112
123000012,462,1451,-989
123000013,391,144,247
123000014,668,1807,-1139
123000015,993,219,774
123000016,3065,1475,1590
123000017,261,118,143
123000018,3,24,-21
123000019,1,17,-16
123000020,0,0,0
123000021,0,1,-1
123000022,6,1,5
123000023,96,76,20
123000024,42,43,-1
123000025,0,1,-1
123000026,0,21,-21
123000027,2,67,-65
123000028,9,0,9
123000029,79,110,-31
123000030,1,339,-338
123000031,3,22,-19
123000032,5,15,-10
123000033,0,2,-2
123000034,35,44,-9
123000035,13,4,9
123000036,9,7,2
123000037,72,216,-144
123000038,19,81,-62
123000039,241,158,83
123000040,417,239,178
123000041,33,20,13
123000042,102,209,-107
123000043,276,222,54
123000044,1500,714,786
123000045,3129,641,2488
123000046,10,10,0
123000047,883,342,541
123000048,0,0,0
123000049,859,218,641
123000050,132,106,26
123000051,2,2,0
123000052,111,168,-57
123000053,826,342,484
123000054,313,191,122
123000055,134,135,-1
123000056,302,736,-434
123000057,4942,1380,3562
123000058,61,100,-39
123000059,40,56,-16
123000060,99,81,18
123000061,13,86,-73
123000063,82,170,-88
123000064,96,70,26
123000065,2338,952,1386
123000066,374,199,175
123000067,33,70,-37
123000068,1029,1129,-100
123000069,5135,1289,3846
123000070,31,89,-58
123000071,10,27,-17
123000072,379,616,-237
123000073,10,31,-21
123000074,222,660,-438
123000075,15,57,-42
123000076,84,296,-212
123000077,557,1227,-670
123000078,22,49,-27
123000079,16,46,-30
123000080,432,946,-514
123000081,34,108,-74
123000082,44,203,-159
123000083,79,4,75
123000084,22,200,-178
123000085,2,21,-19
123000086,2,82,-80
123000087,3,60,-57
123000088,120,373,-253
123000089,2,2,0
123000090,376,579,-203
123000091,0,5,-5
123000092,238,313,-75
123000094,36,40,-4
123000095,2,9,-7
123000096,2,5,-3
123000097,35,296,-261
123000098,2,6,-4
123000099,55,129,-74
123000100,137,121,16
123000101,8,1,7
123000102,56,79,-23
123000104,35,66,-31
123000105,162,158,4
123000106,35,78,-43
123000107,89,155,-66
123000108,287,374,-87
123000111,8,16,-8
123000112,24,24,0
123000113,103,508,-405
123000114,10,3,7
123000115,8,33,-25
123000116,11,17,-6
123000117,200,625,-425
123000118,122,270,-148
123000119,63,280,-217
123000120,94,184,-90
123000121,39,84,-45
123000122,113,140,-27
123000123,21,32,-11
123000124,122,236,-114
123000125,42,11,31
123000126,42,49,-7
123000127,1124,536,588
123000128,53,193,-140
123000129,0,0,0
123000130,0,0,0
123000131,14,135,-121
123000132,103,233,-130
123000133,78,183,-105
123000134,124,45,79
123000135,80,162,-82
123000136,69,580,-511
123000137,18,176,-158
123000138,7,217,-210
123000139,0,0,0
123000140,48,285,-237
123000141,0,0,0
123000142,314,398,-84
123000143,340,1022,-682
123000144,3,4,-1
123000145,28,31,-3
123000146,3,11,-8
123000147,0,9,-9
123000149,0,0,0
123000150,0,0,0
123000151,50,48,2
123000152,17,129,-112
123000153,13,43,-30
123000154,245,152,93
123000155,483,176,307
123000156,16,28,-12
123000157,122,293,-171
123000158,0,0,0
123000159,266,137,129
123000160,86,33,53
123000161,185,24,161
123000162,26,49,-23
123000163,0,0,0
123000164,0,0,0
123000165,53,614,-561
123000166,11,62,-51
123000167,1,97,-96
123000168,30,123,-93
123000169,0,1,-1
123000170,1,239,-238
123000171,0,38,-38
123000172,81,327,-246
123000173,0,0,0
123000174,0,0,0
123000175,326,625,-299
123000176,0,0,0
123000177,73,351,-278
123000178,0,0,0
123000179,4,249,-245
123000180,175,6,169
123000181,48,523,-475
123000182,9,149,-140
123000183,49,23,26
123000184,15,259,-244
123000185,0,0,0
123000186,3,468,-465
123000187,0,1,-1
123000188,0,0,0
123000189,3,50,-47
123000190,0,11,-11
123000192,2,178,-176
123000193,5,167,-162
123000194,77,75,2
123000195,0,0,0
123000196,0,0,0
123000197,1,65,-64
123000198,1,65,-64
123000199,1,220,-219
123000200,0,0,0
123000201,0,0,0
123000202,13,677,-664
123000203,0,0,0
123000204,13,566,-553
123000205,60,741,-681
123000206,89,3,86
123000207,18,317,-299
123000208,14,5,9
123000209,137,5,132
123000210,120,476,-356
123000211,166,1235,-1069
123000212,0,0,0
123000213,0,0,0
123000215,101,66,35
123000216,0,0,0
123000217,0,0,0
123000218,53,138,-85
123000219,0,0,0
123000220,0,0,0
123000221,0,0,0
123000222,11,29,-18
123000223,3,12,-9
123000224,19,52,-33
123000225,8,40,-32
123000226,4,211,-207
123000227,9,167,-158
123000228,6,24,-18
123000229,261,788,-527
123000232,40,239,-199
123000233,0,0,0
123000234,32,345,-313
123000235,0,0,0
123000236,27,396,-369
123000237,0,0,0
123000238,16,314,-298
123000239,106,1000,-894
123000240,7,82,-75
123000241,0,0,0
123000242,19,64,-45
123000243,238,445,-207
123000244,318,297,21
123000245,15,93,-78
123000249,641,334,307
123000252,0,0,0
123000253,0,0,0
123000254,21,293,-272
123000255,39,120,-81
123000256,5,112,-107
123000257,887,890,-3
123000258,191,493,-302
123000259,17,115,-98
123000260,37,228,-191
123000261,19,110,-91
123000262,17,76,-59
123000263,8,2,6
123000264,4,0,4
123000265,6,24,-18
123000266,65,176,-111
123000267,0,0,0
123000268,2,14,-12
123000269,0,0,0
123000270,0,0,0
123000271,9,36,-27
123000272,0,0,0
123000273,0,0,0
123000274,0,0,0
123000275,94,503,-409
123000278,756,559,197
123000279,0,0,0
123000280,7,95,-88
123000281,0,0,0
123000282,17,74,-57
123000283,0,0,0
123000284,3,42,-39
123000286,72,28,44
123000287,96,27,69
123000288,0,0,0
123000289,0,0,0
123000291,129,418,-289
123000294,8,21,-13
123000295,129,30,99
123000296,20,17,3
123000297,2,0,2
123000298,0,4,-4
123000299,0,0,0
123000300,27,110,-83
123000301,5,49,-44
123000302,1,6,-5
123000303,1,6,-5
123000305,306,256,50
123000306,0,134,-134
123000309,20,20,0
123000310,0,0,0
123000311,1,153,-152
123000312,127,247,-120
123000313,0,0,0
123000315,8,14,-6
123000316,0,0,0
123000317,0,0,0
123000318,5,61,-56
123000329,162,29,133
123000337,0,40,-40
123000338,16,8,8
123000339,2,433,-431
123000340,0,20,-20
123000342,4,2,2
123000343,0,0,0
123000344,177,83,94
123000345,30,149,-119
123000346,0,0,0
123000352,738,330,408
123000353,8,46,-38
123000354,9,5,4
123000355,2,160,-158
123000356,2,0,2
123000357,0,106,-106
123000359,1,107,-106
123000360,0,0,0
123000361,151,98,53
123000362,9,87,-78
123000363,7,120,-113
123000364,19,17,2
123000365,16,137,-121
123000366,64,133,-69
123000367,50,286,-236
123000370,3,153,-150
123000371,0,0,0
123000372,4,0,4
123000373,0,195,-195
123000374,5,97,-92
123000375,4,2,2
123000376,39,49,-10
123000377,0,0,0
123000378,2,237,-235
123000379,3,99,-96
123000380,4,82,-78
123000381,1,3,-2
123000382,33,2,31
123000383,40,192,-152
123000384,16,1,15
123000385,65,248,-183
123000436,29,268,-239
123000507,13,23,-10
123000508,1,68,-67
123000517,101,16,85
123000518,15,85,-70
123000519,66,46,20
123000520,5,48,-43
123000521,61,31,30
123000522,18,123,-105
123000541,0,0,0
123000542,0,18,-18
123000565,19,2,17
123000566,6,226,-220
123000567,15,70,-55
123000573,35,714,-679
123000574,0,0,0
123000575,92,797,-705
123000576,45,959,-914
123000577,33,320,-287
123000578,0,0,0
123000579,345,82,263
123000580,28,0,28
123000582,0,0,0
123000583,10,278,-268
123000584,0,0,0
123000585,0,47,-47
123000586,0,1,-1
123000596,20,31,-11
123000597,0,0,0
123000602,0,0,0
123000603,24,166,-142
123000604,13,692,-679
123000605,338,47,291
123000606,1,860,-859
123000609,11,161,-150
123000610,4,1,3
123000613,86,160,-74
123000614,0,0,0
123000615,77,206,-129
123000616,0,0,0
123000617,28,438,-410
123000618,31,355,-324
123000619,0,0,0
123000620,41,396,-355
123000622,0,0,0
123000624,0,0,0
123000630,22,33,-11
123000631,33,746,-713
123000632,211,343,-132
123000633,1,60,-59
123000634,0,0,0
123000635,37,51,-14
123000636,7,178,-171
123000637,0,0,0
123000638,0,0,0
123000639,0,0,0
123000640,1,322,-321
123900001,42,2,40
123900002,0,0,0
123900003,0,0,0
123900005,0,0,0
123900006,0,0,0
124000001,203,0,203
124000002,62,668,-606
124000003,24,2,22
124000004,13,306,-293
124000005,11,1,10
124000006,113,789,-676
124000007,21,2,19
124000008,1,175,-174
124000009,3,3,0
124000010,30,273,-243
124000011,13,5,8
124000012,77,560,-483
124000017,0,0,0
124000018,74,36,38
124000019,0,0,0
124000020,12,120,-108
124000021,0,0,0
124000022,49,149,-100
124000023,158,122,36
124000024,228,219,9
124000025,116,77,39
124000026,305,207,98
124000027,839,247,592
124000028,1282,1333,-51
124000030,1018,386,632
124000031,32,1,31
124000032,2007,437,1570
124000033,17,2,15
124000034,780,238,542
124000035,0,0,0
124000036,11,94,-83
124000037,1,3,-2
124000038,6,8,-2
124000039,201,57,144
124000040,126,297,-171
124000041,65,4,61
124000042,19,219,-200
124000043,12,12,0
124000044,11,202,-191
124000045,0,0,0
124000046,60,418,-358
124000047,0,0,0
124000048,126,1017,-891
124000049,0,0,0
124000050,133,1205,-1072
124000051,0,0,0
124000052,108,672,-564
124000053,0,0,0
124000054,240,398,-158
124000055,0,0,0
124000056,1260,782,478
124000057,0,0,0
124000058,101,675,-574
124000059,12,15,-3
124000060,382,379,3
124000061,39,52,-13
124000062,3130,664,2466
124000063,557,690,-133
124000064,650,842,-192
124000065,3,37,-34
124000066,0,0,0
124000067,0,0,0
124000068,0,11,-11
124000069,0,0,0
124000070,7,139,-132
124000071,0,0,0
124000072,25,143,-118
124000073,0,0,0
124000074,34,371,-337
124000075,0,0,0
124000076,6,162,-156
124000077,359,156,203
124000078,17,0,17
124000079,299,285,14
124000080,0,0,0
124000081,24,302,-278
124000082,0,0,0
124000083,10,72,-62
124000084,0,0,0
124000085,9,18,-9
124000086,0,0,0
124000087,0,0,0
124000088,2,7,-5
124000089,0,0,0
124000090,13,180,-167
124000091,0,0,0
124000092,9,267,-258
124000093,0,0,0
124000094,7,47,-40
124000095,0,0,0
124000096,4,51,-47
124000097,0,0,0
124000098,12,51,-39
124000099,0,0,0
124000100,1,56,-55
124000101,0,0,0
124000102,21,52,-31
124000103,3,6,-3
124000104,4,48,-44
124000105,0,4,-4
124000106,13,49,-36
124000107,0,8,-8
124000108,5,20,-15
124000109,0,0,0
124000110,15,30,-15
124000111,5,28,-23
124000112,18,78,-60
124000113,0,0,0
124000114,9,70,-61
124000115,35,67,-32
124000116,0,0,0
124000117,24,16,8
124000118,1,1,0
124000119,47,220,-173
124000120,7,32,-25
124000121,100,21,79
124000122,375,291,84
124000123,119,35,84
124000124,107,252,-145
124000125,52,44,8
124000126,139,231,-92
124000127,77,48,29
124000128,173,597,-424
124000129,183,297,-114
124000130,303,210,93
124000131,84,112,-28
124000132,404,421,-17
124000133,52,48,4
124000134,165,280,-115
124000135,115,92,23
124000136,290,362,-72
124000137,73,60,13
124000138,299,349,-50
124000139,0,0,0
124000140,14,163,-149
124000141,0,0,0
124000142,3,38,-35
124000143,0,0,0
124000144,3,13,-10
124000145,0,0,0
124000146,2,47,-45
124000148,0,0,0
124000149,3,0,3
124000150,104,247,-143
124000151,10,2,8
124000152,89,324,-235
124000153,5,5,0
124000154,51,326,-275
124000155,15,5,10
124000156,330,348,-18
124000169,6,12,-6
124000170,162,143,19
124000171,2,10,-8
124000172,34,167,-133
124000173,9,10,-1
124000174,43,290,-247
124000175,11,110,-99
124000176,0,0,0
124000177,30,42,-12
124000178,0,0,0
124000190,0,0,0
124000191,28,7,21
124000192,25,6,19
124000193,143,632,-489
124000194,76,285,-209
124000195,26,100,-74
124000196,290,595,-305
124000197,11,7,4
124000198,0,0,0
124000201,11,448,-437
124000202,0,20,-20
124000203,17,478,-461
124000204,7,89,-82
124000205,5,367,-362
124000206,2,116,-114
124000207,2,118,-116
124000209,28,307,-279
124000210,7,123,-116
124000211,0,0,0
124000212,10,360,-350
124000213,6,264,-258
124000214,0,151,-151
124000215,0,0,0
124000216,3,351,-348
124000329,45,987,-942
124000338,24,645,-621
124000339,5,0,5
124000341,15,0,15
124000344,0,3,-3
124000357,31,35,-4
124000358,109,50,59
124000359,57,41,16
124000360,32,18,14
124000361,14,19,-5
124000362,526,898,-372
124000363,121,476,-355
124000364,214,903,-689
124000365,433,1141,-708
124000366,1238,830,408
124000367,48,302,-254
124000368,4,0,4
124000369,3,6,-3
124000370,23,253,-230
124000402,0,0,0
124000403,0,0,0
124000404,5,30,-25
124000405,155,103,52
124000406,316,383,-67
124000407,3,2,1
124000411,1,194,-193
124000412,0,0,0
124000413,0,0,0
124000414,8,12,-4
124000415,13,73,-60
124000416,37,136,-99
124000417,0,27,-27
124000418,1,20,-19
124000419,10,95,-85
124000420,0,11,-11
124000421,4,137,-133
124000422,3,9,-6
124000423,6,14,-8
124000424,1,41,-40
124000425,0,0,0
124000426,2,24,-22
124000427,0,0,0
124000428,8,13,-5
124000429,1,182,-181
124000430,25,132,-107
124000431,20,171,-151
124000432,37,84,-47
124000439,0,0,0
124000442,15,112,-97
124000443,6,7,-1
124000445,0,0,0
124000446,416,12,404
124900001,0,0,0
124900002,0,0,0
124900003,0,0,0
124900004,0,0,0
124900005,0,0,0
124900006,0,0,0
124900008,0,0,0
124900009,0,0,0
124900010,0,0,0
124900011,0,0,0
124900012,0,0,0
124900013,0,0,0
124900014,0,0,0
124900015,0,0,0
124900016,0,0,0
124900017,0,0,0
124900018,0,0,0
124900019,0,0,0
124900020,0,0,0
124900021,0,0,0
124900022,0,0,0
124900024,0,0,0
124900026,0,8,-8
124900027,0,0,0
124900028,0,0,0
124900029,0,0,0
124900030,0,0,0
124900031,0,0,0
124900032,0,0,0
124900033,0,0,0
124900034,0,0,0
124900035,1,2,-1
124900036,0,0,0
124900037,2,1,1
124900038,0,0,0
124900039,0,0,0
124900040,0,0,0
124900041,0,26,-26
124900042,0,0,0
124900043,25,82,-57
124900044,0,0,0
124900045,31,35,-4
124900046,262,26,236
124900047,6,24,-18
124900048,2,15,-13
124900050,5,27,-22
124900052,10,93,-83
124900053,3,82,-79
124900054,304,38,266
124900055,0,30,-30
124900057,1,15,-14
124900060,8,30,-22
124900061,0,0,0
124900062,0,0,0
124900066,0,15,-15
124900067,0,31,-31
124900068,0,0,0
124900069,0,4,-4
124900070,0,0,0
124900072,0,0,0
124900074,0,0,0
124900075,0,0,0
124900076,0,0,0
124900077,0,0,0
124900078,1,0,1
124900079,11,1,10
124900080,4,66,-62
124900081,0,0,0
124900082,0,3,-3
124900083,7,36,-29
124900084,0,0,0
124900085,0,0,0
124900086,0,0,0
124900087,0,0,0
124900088,0,0,0
124900089,89,1,88
124900090,0,0,0
124900091,0,0,0
124900092,0,0,0
124900093,0,0,0
124900094,0,0,0
124900095,0,0,0
124900096,0,0,0
124900097,0,0,0
124900098,0,0,0
124900099,0,0,0
124900100,0,0,0
124900101,0,0,0
124900102,0,0,0
124900103,2,2,0
124900104,0,3,-3
124900105,0,3,-3
124900106,0,0,0
124900107,0,0,0
124900108,0,0,0
124900109,1,18,-17
124900110,12,100,-88
124900111,0,7,-7
124900112,11,144,-133
129000186,0,0,0
204000001,0,0,0
204000002,0,0,0
204000003,0,0,0
204000004,0,0,0
204000005,0,0,0
204000006,0,0,0
204000008,0,0,0
204000011,53,98,-45
204000012,14,133,-119
204000013,1,41,-40
204000019,157,198,-41
204000020,65,113,-48
204000021,151,135,16
204000022,58,161,-103
204000023,226,875,-649
204000031,0,0,0
204000032,0,0,0
204000034,96,562,-466
204000035,2,7,-5
204000036,24,22,2
204000037,1,5,-4
204000038,1,8,-7
204000039,4,66,-62
204000040,2,19,-17
204000041,4,35,-31
204000042,0,0,0
204000043,0,0,0
204000044,0,0,0
204000045,0,0,0
204000046,0,0,0
204000057,5,69,-64
204000062,13,13,0
204000068,28,88,-60
204000069,1,42,-41
204000070,0,0,0
204000080,29,45,-16
204000085,450,1016,-566
204000086,1379,1147,232
204000087,69,225,-156
204000088,27,120,-93
204000090,62,563,-501
204000093,0,0,0
204000096,10,6,4
204000097,0,0,0
204000099,24,32,-8
204000100,5,16,-11
204000105,810,1014,-204
204000110,239,698,-459
204000111,138,382,-244
204000112,108,530,-422
204000113,107,459,-352
204000114,32,16,16
204000115,26,62,-36
204000116,90,101,-11
204000119,1,4,-3
204000132,0,0,0
204000133,0,0,0
204000134,0,0,0
204000135,0,0,0
204000136,0,0,0
204000138,0,0,0
204000140,0,0,0
204000141,0,0,0
204000144,0,0,0
204000145,0,0,0
204000146,50,352,-302
204000147,16,94,-78
204000148,0,0,0
204000154,0,0,0
204000155,4,5,-1
204000177,0,0,0
204000179,0,0,0
204000180,1,61,-60
204000222,4,11,-7
204000235,25,28,-3
204000236,25,275,-250
204000238,0,0,0
204000240,38,57,-19
204000308,0,0,0
204000317,26,58,-32
204000322,15,41,-26
204000323,0,0,0
204000328,0,0,0
204000329,64,138,-74
204000330,0,0,0
204000331,96,109,-13
204010341,0,0,0
205000001,779,511,268
205000013,6,88,-82
205000014,13,146,-133
205000015,27,224,-197
205000016,11,169,-158
205000017,37,62,-25
205000022,147,371,-224
205000025,1354,688,666
205000029,57,47,10
205000045,19,142,-123
205000047,39,386,-347
205000048,55,652,-597
205000049,63,602,-539
205000050,914,252,662
205000059,2,279,-277
205000060,0,25,-25
205000061,1,21,-20
205000062,2,19,-17
205000063,1,18,-17
205000064,17,109,-92
205000065,27,408,-381
205000066,19,611,-592
205000067,29,995,-966
205000069,428,425,3
205000082,0,0,0
205000110,11,175,-164
205000111,62,207,-145
205000112,0,0,0
205000113,134,91,43
205000121,0,0,0
205000123,167,145,22
205000126,0,0,0
205000127,0,0,0
205000128,0,0,0
205000129,0,0,0
205000130,0,0,0
205000131,0,0,0
205000132,0,0,0
205000133,0,0,0
205000134,0,0,0
205000137,52,74,-22
205000138,84,135,-51
205000139,12,31,-19
205000144,0,0,0
205000145,0,0,0
205000151,0,0,0
205000152,0,0,0
205000153,0,0,0
205000154,0,0,0
205000155,0,0,0
205000207,259,192,67
205000233,0,0,0
205000234,0,0,0
205000243,0,0,0
205000244,0,2,-2
205000245,12,205,-193
205000249,0,30,-30
205000250,0,0,0
205000251,18,360,-342
205000264,1,92,-91
206000027,0,0,0
206000028,0,0,0
206000043,11,163,-152
206000053,20,28,-8
206000054,8,53,-45
206000055,10,62,-52
206000075,5,20,-15
206000076,27,26,1
206000077,14,26,-12
206000078,25,32,-7
206000079,26,7,19
206000082,0,0,0
206000100,78,793,-715
206000103,13,24,-11
206000104,29,25,4
206000105,5,16,-11
206000106,19,55,-36
206000108,894,153,741
206000125,0,0,0
206000157,355,883,-528
206000170,4,401,-397
206000171,9,266,-257
206000172,14,914,-900
206000173,4,284,-280
206000174,6,232,-226
206000175,7,241,-234
206000176,12,403,-391
206000177,1,288,-287
206000178,11,196,-185
206000179,5,228,-223
206000180,15,259,-244
206000181,10,299,-289
206000182,48,328,-280
206000183,48,912,-864
206000184,10,478,-468
206000185,14,362,-348
206000186,107,906,-799
206000223,10,250,-240
206000226,0,0,0
206000227,0,0,0
206000237,11,306,-295
206000238,54,424,-370
206000239,856,1038,-182
206000240,1,65,-64
206000241,2,321,-319
206000242,35,501,-466
206000243,7,368,-361
206000244,143,838,-695
206000245,86,14,72
206000246,11,1,10
206000247,15,5,10
206000248,25,3,22
206000252,31,63,-32
206000258,9,53,-44
206000315,44,12,32
206000317,69,17,52
206000318,29,17,12
206000319,101,27,74
206000320,29,7,22
206000321,24,5,19
206000322,0,0,0
206000323,0,0,0
206000324,0,0,0
206000325,0,0,0
206000326,0,0,0
206000327,3,2,1
206000328,24,3,21
206000329,10,3,7
206000330,2,1,1
206000331,4,0,4
206000332,4,3,1
206000333,13,1,12
206000334,11,1,10
206000335,0,34,-34
206000361,9,335,-326
206000392,4,103,-99
206000405,55,0,55
206000441,0,0,0
206000498,4,6,-2
206000515,497,75,422
206000530,0,0,0
206000531,0,0,0
206000532,0,0,0
206000535,232,397,-165
206000536,13,84,-71
206000537,9,63,-54
206000613,0,0,0
207000001,135,391,-256
207000002,39,260,-221
207000003,75,287,-212
207000007,16,6,10
207000008,1,1,0
207000009,8,4,4
207000010,208,359,-151
207000012,0,0,0
207000015,231,649,-418
207000019,51,22,29
207000021,79,51,28
207000022,13,21,-8
207000023,5,13,-8
207000024,3,2,1
207000025,0,18,-18
207000026,63,146,-83
207000027,8,121,-113
207000028,28,280,-252
207000029,171,586,-415
207000033,60,73,-13
207000034,36,8,28
207000039,0,0,0
207000040,0,0,0
207000041,0,0,0
207000042,0,0,0
207000043,0,0,0
207000051,38,351,-313
207000052,3,200,-197
207000053,409,757,-348
207000054,8,138,-130
207000055,35,204,-169
207000056,183,427,-244
207000057,123,273,-150
207000058,58,429,-371
207000059,35,723,-688
207000060,17,163,-146
207000061,0,22,-22
207000062,35,25,10
207000063,47,88,-41
207000064,123,138,-15
207000065,71,121,-50
207000066,28,86,-58
207000067,7,53,-46
207000068,20,39,-19
207000069,334,138,196
207000082,0,3,-3
207000083,21,162,-141
207000084,9,1,8
207000085,19,0,19
207000086,3,0,3
207000106,0,0,0
207000107,0,0,0
207000108,0,0,0
207000109,0,0,0
207000110,0,0,0
207000111,0,0,0
207000112,0,0,0
207000114,1,12,-11
207000115,14,65,-51
207000116,18,178,-160
207000117,1,77,-76
207000118,2,85,-83
207000119,16,114,-98
207000123,0,0,0
207000124,0,0,0
207000125,0,0,0
207000126,0,0,0
207000134,0,18,-18
207000135,2,19,-17
207000148,0,0,0
207000149,24,30,-6
207000152,107,394,-287
207000153,1892,903,989
207000154,93,55,38
207000159,39,473,-434
207000160,76,441,-365
207000238,0,39,-39
207000242,1,68,-67
207000248,9,13,-4
207000249,64,50,14
207000250,191,42,149
207000251,22,41,-19
207000252,20,59,-39
207000278,0,0,0
207000279,20,175,-155
207000280,5,1,4
207000281,20,407,-387
207000282,2,0,2
207000283,46,63,-17
207000284,6,2,4
207000285,0,0,0
207000291,3,84,-81
207000304,33,12,21
207000306,17,513,-496
207000310,0,0,0
207000353,0,0,0
207000356,3,13,-10
207000357,0,0,0
207000415,0,110,-110
207000417,0,0,0
207000437,0,1,-1
207000439,422,120,302
207000446,0,0,0
207000460,2,1,1
207000466,92,144,-52
207000476,11,7,4
207000477,1,11,-10
207000523,1,2,-1
207000524,0,0,0
207000527,31,39,-8
207000530,0,0,0
207000531,0,0,0
207000532,0,0,0
207000534,0,0,0
207000535,24,124,-100
207000537,12,73,-61
207000540,3,92,-89
207000541,3,144,-141
207000548,1,108,-107
207000549,0,0,0
207000561,0,0,0
207000562,4,97,-93
207000567,179,293,-114
207000568,1,35,-34
207000569,23,406,-383
207000584,137,97,40
207000585,0,0,0
207000616,1,203,-202
207000617,0,0,0
207900008,1,37,-36
208000001,29,63,-34
208000002,16,58,-42
208000003,53,51,2
208000004,74,88,-14
208000005,3,39,-36
208000019,0,0,0
208000020,0,0,0
208000021,28,238,-210
208000022,210,275,-65
208000028,46,27,19
208000033,102,260,-158
208000034,342,561,-219
208000040,0,0,0
208000041,0,0,0
208000042,0,0,0
208000047,20,206,-186
208000064,0,0,0
208000066,0,0,0
208000070,0,0,0
208000071,0,0,0
208000072,0,0,0
208000080,7,35,-28
208000081,2,26,-24
208000082,35,167,-132
208000083,30,253,-223
208000084,0,0,0
208000085,283,333,-50
208000086,195,550,-355
208000087,68,376,-308
208000089,224,253,-29
208000090,158,492,-334
208000093,8,57,-49
208000094,135,326,-191
208000095,293,216,77
208000104,0,0,0
208000105,0,0,0
208000114,0,0,0
208000115,59,209,-150
208000116,0,0,0
208000117,0,0,0
208000118,0,0,0
208000155,178,421,-243
208000158,885,1139,-254
208000186,0,0,0
208000204,82,399,-317
208000205,216,565,-349
208000282,2027,534,1493
209000004,54,53,1
209000005,28,18,10
209000006,131,154,-23
209000007,92,86,6
209000010,152,96,56
209000011,61,104,-43
209000012,35,218,-183
209000013,55,401,-346
209000014,235,1125,-890
209000025,49,31,18
209000026,200,24,176
209000027,119,867,-748
209000028,135,1020,-885
209000029,198,840,-642
209000030,167,1545,-1378
209000031,3732,1937,1795
209000034,122,317,-195
209000035,59,157,-98
209000036,61,99,-38
209000037,65,118,-53
209000038,64,148,-84
209000039,56,111,-55
209000040,118,423,-305
209000041,127,361,-234
209000042,212,355,-143
209000043,170,303,-133
209000044,209,325,-116
209000045,53,156,-103
209000046,37,188,-151
209000047,20,76,-56
209000048,32,95,-63
209000049,54,145,-91
209000050,98,238,-140
209000051,108,282,-174
209000052,73,309,-236
209000062,8,94,-86
209000063,13,71,-58
209000064,3,117,-114
209000065,0,0,0
209000066,0,0,0
209000067,0,0,0
209000080,9,103,-94
209000082,0,0,0
209000091,26,73,-47
209000093,35,40,-5
209000094,162,81,81
209000110,0,0,0
209000111,170,639,-469
209000112,132,181,-49
209000113,203,169,34
209000114,123,102,21
209000115,52,142,-90
209000116,1255,396,859
209000118,0,0,0
209000119,26,10,16
209000121,83,454,-371
209000135,0,0,0
209000142,546,415,131
209000143,17,55,-38
209000144,6,26,-20
209000229,17,90,-73
209000240,10,277,-267
209000259,72,124,-52
209000260,23,628,-605
209000261,0,297,-297
209000262,1,240,-239
209000263,1,35,-34
209000264,0,17,-17
209000265,34,37,-3
209000266,0,0,0
209000267,0,0,0
209000268,0,0,0
210000037,0,0,0
210000047,0,0,0
210000048,0,0,0
210000049,0,0,0
210000052,8,104,-96
210000053,7,43,-36
210000054,59,40,19
210000070,0,0,0
210000071,0,0,0
210000072,0,0,0
210000073,0,36,-36
210000074,0,67,-67
210000075,3,30,-27
210000076,0,105,-105
210000077,9,39,-30
210000078,19,31,-12
210000079,0,0,0
210000080,0,0,0
210000081,0,0,0
210000082,0,0,0
210000083,0,0,0
210000084,0,0,0
210000085,1,60,-59
210000086,2,95,-93
210000099,18,169,-151
210000100,11,171,-160
210000101,39,150,-111
210000105,34,57,-23
210000159,0,57,-57
210000163,142,162,-20
210000164,0,0,0
210000168,0,0,0
210000187,0,5,-5
210000188,0,11,-11
210000214,0,0,0
210000219,0,0,0
210000220,0,0,0
210000232,3,22,-19
210000233,1,29,-28
210000234,8,61,-53
210000235,10,96,-86
210000245,1,25,-24
210000246,0,2,-2
210000258,7,120,-113
210000259,0,0,0
210000282,17,148,-131
210000285,3,63,-60
210000286,5,91,-86
210000295,21,41,-20
210000296,7,31,-24
210000320,0,0,0
210000321,0,0,0
210000338,32,75,-43
210000339,497,360,137
210000340,77,119,-42
210000341,50,98,-48
210000342,43,79,-36
210000343,49,101,-52
210000344,68,58,10
210000345,86,52,34
210000346,5,25,-20
210000347,5,13,-8
210000348,11,5,6
210000349,11,20,-9
210000350,53,64,-11
210000351,52,71,-19
210000352,0,0,0
210000353,0,0,0
210000354,0,0,0
210000355,0,0,0
210000356,0,0,0
210000357,0,0,0
210000358,0,0,0
210000359,0,0,0
210000360,0,0,0
210000361,0,0,0
210000362,0,0,0
210000363,0,0,0
210000364,0,0,0
210000365,0,0,0
210000366,0,0,0
210000367,0,0,0
210000368,0,0,0
210000369,0,0,0
210000370,0,0,0
210000372,0,0,0
210000373,0,0,0
210000374,0,0,0
210000375,0,0,0
210000376,0,0,0
210000404,79,95,-16
210000439,0,0,0
210000472,0,0,0
210000482,0,0,0
210000564,0,0,0
210000568,0,0,0
211000092,0,0,0
211000094,0,0,0
211000169,0,0,0
211000172,0,0,0
211000209,0,0,0
211000275,0,0,0
211000276,0,0,0
211000279,0,0,0
211000281,0,0,0
211507980,0,0,0
211977296,0,0,0
212000003,0,0,0
212000004,0,15,-15
212000005,7,17,-10
212000006,7,56,-49
212000008,68,258,-190
212000009,13,158,-145
212000012,14,49,-35
212000013,12,40,-28
212000014,151,139,12
212000015,117,147,-30
212000016,346,437,-91
212000027,6,17,-11
212000028,0,3,-3
212000029,0,0,0
212000030,0,0,0
212000031,0,0,0
212000048,9,34,-25
212000049,10,14,-4
212000050,6,6,0
212000051,55,160,-105
212000052,80,285,-205
212000053,248,469,-221
212000054,12,13,-1
212000055,5,20,-15
212000056,0,0,0
212000057,0,0,0
212000058,0,0,0
212000070,41,176,-135
212000077,50,516,-466
212000099,4,33,-29
212000108,0,0,0
212000111,0,0,0
212000120,43,87,-44
212000138,23,24,-1
212000156,15,64,-49
212000158,0,2,-2
212000159,13,5,8
212000160,45,33,12
212000161,0,0,0
212000310,3,27,-24
212000311,0,0,0
212000374,8,15,-7
213000001,4,237,-233
213000005,3,4,-1
213000006,12,4,8
213000007,0,0,0
213000009,0,0,0
213000010,0,0,0
213000011,0,0,0
213000012,38,174,-136
213000014,0,0,0
213000015,0,0,0
213000016,0,0,0
213000017,0,0,0
213000018,1,87,-86
213000019,0,92,-92
213000020,17,113,-96
213000021,1,32,-31
213000023,0,0,0
213000033,20,182,-162
213000034,0,0,0
213000035,0,0,0
213000045,20,40,-20
213000046,16,20,-4
213000047,141,50,91
213000056,0,0,0
213000069,0,0,0
213000073,0,5,-5
213000074,29,282,-253
213000075,0,0,0
213000085,0,34,-34
213000086,0,208,-208
213000091,0,0,0
213000092,0,0,0
213000099,81,237,-156
213000100,0,0,0
213000101,1,63,-62
213000102,3,154,-151
213000103,48,206,-158
213000104,38,137,-99
213000105,1,34,-33
213000106,11,132,-121
213000107,38,379,-341
213000108,3,286,-283
213000109,0,111,-111
213000110,9,20,-11
213000111,2,14,-12
213000112,93,49,44
213000115,0,0,0
213000116,26,160,-134
213000117,0,251,-251
213000118,83,68,15
213000119,30,481,-451
213000120,27,516,-489
213000122,116,316,-200
213000123,417,385,32
213000124,28,514,-486
213000125,0,0,0
213000126,4,20,-16
213000127,36,56,-20
213000128,225,133,92
213000129,0,0,0
213000130,0,0,0
213000132,0,0,0
213000133,0,0,0
213000134,0,0,0
213000136,0,0,0
213000137,0,0,0
213000139,0,0,0
213000147,0,0,0
213000148,0,0,0
213000149,0,0,0
213000150,0,43,-43
213000151,1,33,-32
213000152,0,28,-28
213000153,2,13,-11
213000154,5,83,-78
213000155,20,192,-172
213000156,17,223,-206
213000157,228,275,-47
213000158,60,316,-256
213000159,0,0,0
213000163,0,0,0
213000165,0,0,0
213000171,2,88,-86
213000172,2,113,-111
213000173,2,168,-166
213000174,1,263,-262
213000175,0,206,-206
213000176,0,0,0
213000177,0,0,0
213000178,0,0,0
213000179,0,0,0
213000180,0,0,0
213000184,20,124,-104
213000188,0,0,0
213000189,0,0,0
213000190,17,425,-408
213000191,17,326,-309
213000192,13,259,-246
213000193,1338,88,1250
213000194,0,16,-16
213000195,3,156,-153
213000196,35,392,-357
213000197,0,0,0
213000198,0,0,0
213000200,65,541,-476
213000201,15,30,-15
213000202,9,541,-532
213000203,0,0,0
213000204,0,0,0
213000205,0,0,0
213000206,0,0,0
213000207,0,0,0
213000208,0,0,0
213000209,0,0,0
213000210,0,0,0
213000211,0,4,-4
213000212,1,10,-9
213000213,1,7,-6
213000218,53,357,-304
213000219,0,0,0
213000220,0,0,0
213000223,0,1,-1
213000224,0,0,0
213000225,0,0,0
213000226,0,0,0
213000227,0,0,0
213000228,0,0,0
213000229,0,0,0
213000230,0,0,0
213000232,10,156,-146
213000233,0,9,-9
213000234,0,12,-12
213000293,1,33,-32
213000294,0,0,0
213000295,0,24,-24
213000296,0,0,0
213000297,2,32,-30
213000298,22,35,-13
213000299,0,0,0
213000300,0,0,0
213000303,5,34,-29
213000304,3,7,-4
213000305,0,0,0
213000306,12,13,-1
213000307,0,0,0
213000308,21,115,-94
213000309,0,0,0
213000310,0,0,0
213000311,119,190,-71
213000315,19,67,-48
213000316,0,0,0
213000322,8,34,-26
213000323,0,0,0
213000324,4,97,-93
213000325,0,0,0
213000326,10,44,-34
213000327,0,0,0
213000328,11,39,-28
213000329,0,0,0
213000340,53,741,-688
213000341,0,0,0
213000347,0,0,0
213000348,0,72,-72
213000349,1,4,-3
213000350,35,602,-567
213000366,20,156,-136
213000367,1,0,1
213000379,13,23,-10
213000386,6,105,-99
213000406,31,162,-131
213000417,24,8,16
213000425,0,0,0
213000426,0,0,0
213000427,2,96,-94
213000428,0,46,-46
213000429,0,0,0
213000430,0,98,-98
213000431,25,0,25
213000432,0,5,-5
213000433,2,28,-26
213000434,0,0,0
213000435,0,0,0
213000436,0,0,0
213000437,0,0,0
213000438,0,0,0
213000439,0,2,-2
213000440,2,68,-66
213000441,0,0,0
213000442,0,19,-19
213000443,1,36,-35
213000444,18,32,-14
213000445,0,18,-18
213000446,0,3,-3
213000447,1,5,-4
213000448,0,0,0
213000449,0,0,0
213000450,0,0,0
213000451,0,0,0
213000452,0,0,0
213000453,12,129,-117
213000455,0,0,0
213000456,0,41,-41
213000481,0,0,0
213000484,0,0,0
213000489,0,0,0
213900002,0,17,-17
213900003,0,1,-1
213900013,2,123,-121
213900015,0,14,-14
213900016,0,6,-6
213900020,4,113,-109
213900030,0,25,-25
213900032,0,0,0
213900033,0,0,0
213900034,0,0,0
213900035,16,235,-219
213900036,14,109,-95
213900037,8,190,-182
213900038,0,0,0
213900039,0,68,-68
213900041,0,34,-34
213900042,0,0,0
213900043,0,0,0
213900244,0,0,0
213900245,0,24,-24
218000003,2,10,-8
218000004,3,8,-5
218000005,0,1,-1
218000006,7,64,-57
218000007,0,9,-9
218000012,147,29,118
218000013,47,117,-70
218000014,380,223,157
218000019,1139,358,781
218000020,325,288,37
218000021,28,140,-112
218000022,9,51,-42
218000023,0,69,-69
218000024,1,27,-26
218000025,8,56,-48
218000026,9,109,-100
218000027,0,39,-39
218000028,6,23,-17
218000029,0,9,-9
218000030,22,56,-34
218000031,2,103,-101
218000032,1,37,-36
218000039,0,0,0
218000040,0,0,0
218000046,10,137,-127
218000047,5,196,-191
218000048,29,267,-238
218000049,46,184,-138
218000050,167,334,-167
218000051,18,397,-379
218000052,3,61,-58
218000053,0,11,-11
218000054,1,29,-28
218000055,0,9,-9
218000056,16,44,-28
218000057,0,44,-44
218000064,0,0,0
218000065,0,0,0
218000066,0,0,0
218000067,10,125,-115
218000068,40,164,-124
218000069,53,320,-267
218000070,70,376,-306
218000071,174,275,-101
218000072,492,287,205
218000078,292,681,-389
218000079,25,78,-53
218000080,49,76,-27
218000081,165,163,2
218000082,12,68,-56
218000083,7,64,-57
218000084,96,146,-50
218000085,177,373,-196
218000086,28,143,-115
218000087,109,205,-96
218000090,13,61,-48
218000091,278,199,79
218000092,56,200,-144
218000093,82,69,13
218000094,268,469,-201
218000099,239,241,-2
218000100,97,151,-54
218000101,47,81,-34
218000102,103,159,-56
218000103,31,87,-56
218000104,22,50,-28
218000105,23,24,-1
218000107,20,245,-225
218000108,1,134,-133
218000112,69,61,8
218000117,28,28,0
218000134,225,439,-214
218000135,11,38,-27
218000136,31,37,-6
218000137,45,94,-49
218000138,4,43,-39
218000139,40,195,-155
218000140,29,93,-64
218000141,7,21,-14
218000142,38,124,-86
218000143,12,97,-85
218000144,3,79,-76
218000145,102,255,-153
218000146,28,104,-76
218000151,1,13,-12
218000152,22,28,-6
218000153,3,20,-17
218000154,2,5,-3
218000155,9,5,4
218000156,75,47,28
218000157,6,41,-35
218000158,2,9,-7
218000159,19,8,11
218000160,2,2,0
218000161,30,14,16
218000162,54,19,35
218000163,10,9,1
218000164,57,18,39
218000165,111,73,38
218000170,0,4,-4
218000171,19,1,18
218000172,1,1,0
218000173,0,1,-1
218000174,0,0,0
218000176,13,1,12
218000177,7,2,5
218000178,6,0,6
218000179,0,0,0
218000180,0,0,0
218000181,0,0,0
218000187,1,19,-18
218000188,9,25,-16
218000189,8,30,-22
218000190,12,30,-18
218000191,74,48,26
218000192,102,371,-269
218000193,499,455,44
218000194,54,428,-374
218000195,103,106,-3
218000196,130,232,-102
218000197,110,229,-119
218000198,5,102,-97
218000199,29,16,13
218000200,6,29,-23
218000201,0,10,-10
218000202,67,42,25
218000207,2,41,-39
218000208,11,36,-25
218000211,3,37,-34
218000212,3,2,1
218000213,86,34,52
218000214,2,10,-8
218000215,16,143,-127
218000217,1,131,-130
218000218,541,82,459
218000219,7,22,-15
218000220,63,163,-100
218000221,48,69,-21
218000222,5,11,-6
218000223,45,91,-46
218000224,2,37,-35
218000225,98,25,73
218000226,37,32,5
218000230,0,0,0
218000232,64,49,15
218000234,8,11,-3
218000239,0,0,0
218000240,0,0,0
218000241,0,0,0
218000242,0,0,0
218000243,0,0,0
218000244,0,0,0
218000245,0,0,0
218000246,0,0,0
218000247,0,0,0
218000248,1,15,-14
218000249,0,1,-1
218000250,0,3,-3
218000251,0,10,-10
218000252,0,19,-19
218000253,0,5,-5
218000254,0,2,-2
218000255,0,2,-2
218000256,0,16,-16
218000267,279,433,-154
218000268,2,48,-46
218000269,1,7,-6
218000270,20,63,-43
218000271,39,98,-59
218000273,0,0,0
218000274,0,0,0
218000275,12,29,-17
218000276,14,79,-65
218000278,12,27,-15
218000279,9,52,-43
218000280,2,1,1
218000281,5,11,-6
218000282,62,35,27
218000284,0,0,0
218000301,23,98,-75
218000302,21,16,5
218000303,12,19,-7
218000316,397,300,97
218000317,215,433,-218
218000318,136,344,-208
218000319,313,963,-650
218000320,264,493,-229
218000338,3,16,-13
218000339,8,13,-5
218000342,0,0,0
218000343,24,40,-16
218000345,6,31,-25
218000346,0,0,0
218000353,12,33,-21
218000354,0,0,0
218000459,78,455,-377
218000490,10,27,-17
218000501,0,0,0
218000502,10,152,-142
218000503,0,0,0
218000504,0,0,0
218000505,45,215,-170
218000506,109,166,-57
218000508,0,2,-2
218000510,0,0,0
218000520,53,88,-35
218000522,1,66,-65
218000523,0,0,0
218000524,12,31,-19
218000525,6,7,-1
218000526,3,33,-30
218000530,13,8,5
218000531,0,0,0
218000532,4,76,-72
218000537,0,0,0
218000538,14,60,-46
218000539,10,28,-18
218000540,178,109,69
218000543,51,45,6
218000544,44,144,-100
218000545,18,40,-22
218000546,32,104,-72
218000547,37,60,-23
218000548,37,143,-106
218000549,98,45,53
218000550,113,422,-309
218000551,129,109,20
218000552,48,10,38
218000553,4,20,-16
218000554,9,8,1
218000555,1,22,-21
218000556,61,370,-309
218000557,100,36,64
218000558,0,1,-1
218000559,0,6,-6
218000560,0,5,-5
218000561,0,0,0
218000562,13,82,-69
218000563,9,4,5
218000564,5,50,-45
218000565,3,20,-17
218000566,3,7,-4
218000567,0,13,-13
218000568,0,0,0
218000569,3,14,-11
218000570,2,1,1
218000571,0,20,-20
218000572,0,0,0
218000573,0,9,-9
218000574,0,14,-14
218000575,0,0,0
218000576,0,7,-7
218000577,0,0,0
218000578,0,11,-11
218000579,4,1,3
218000581,1,22,-21
218000582,0,0,0
218000583,0,0,0
218000584,0,20,-20
218000585,2,2,0
218000586,1,34,-33
218000587,0,0,0
218000588,0,1,-1
218000589,0,0,0
218000590,0,0,0
218000591,0,11,-11
218000592,0,0,0
218000593,0,13,-13
218000594,0,0,0
218000595,0,0,0
218000596,0,0,0
218000597,0,0,0
218000598,0,0,0
218000599,0,0,0
218000600,0,0,0
218000601,0,0,0
218000602,0,0,0
218000603,0,1,-1
218000604,0,0,0
218000605,0,13,-13
218000606,1,0,1
218000607,2,7,-5
218000608,1,0,1
218000609,0,11,-11
218000610,0,0,0
218000611,1,0,1
218000612,0,15,-15
218000613,11,1,10
218000614,1,26,-25
218000615,1,0,1
218000616,0,66,-66
218000617,1,0,1
218000618,1,7,-6
218000619,0,0,0
218000620,1,7,-6
218000621,0,0,0
218000622,0,1,-1
218000623,0,0,0
218000624,0,1,-1
218000625,0,0,0
218000626,0,2,-2
218000628,16,6,10
218000632,0,24,-24
218000633,0,0,0
218000634,0,8,-8
218000635,3,10,-7
218000636,354,757,-403
218000637,246,265,-19
218000638,0,0,0
218000639,13,305,-292
218000640,0,0,0
218000641,15,271,-256
218000652,101,165,-64
218000653,109,47,62
218000675,1,7,-6
218000676,0,49,-49
218000677,5,11,-6
218000703,3,100,-97
218000718,44,159,-115
218000719,11,7,4
218000720,0,9,-9
218000721,0,4,-4
218000725,3,27,-24
218001214,4,9,-5
219000001,20,61,-41
219000002,39,94,-55
219000003,193,48,145
219000004,217,94,123
219000017,22,27,-5
219000020,46,3,43
219000022,24,3,21
219000023,33,1,32
219000029,4,60,-56
219000034,2,2,0
219000039,8,22,-14
219000040,7,25,-18
219000041,35,54,-19
219000051,0,83,-83
219000052,1,26,-25
219000053,1,173,-172
219000054,152,184,-32
219000055,21,2,19
219000056,3,1,2
219000057,21,0,21
219000062,1,117,-116
219000063,13,9,4
219000110,47,19,28
219000111,48,7,41
219000112,75,28,47
219000113,25,22,3
219000114,81,12,69
219000116,71,69,2
219000117,157,145,12
219000118,62,184,-122
219000123,179,89,90
219000124,47,67,-20
219000125,11,30,-19
219000126,28,53,-25
219000127,9,4,5
219000128,16,122,-106
219000129,28,221,-193
219000130,2075,766,1309
219000131,1652,1459,193
219000133,9,89,-80
219000134,17,23,-6
219000135,182,124,58
219000136,239,223,16
219000138,6,17,-11
219000139,3,58,-55
219000140,0,0,0
219000141,2,106,-104
219000142,7,61,-54
219000143,5,62,-57
219000145,1,25,-24
219000146,9,86,-77
219000147,0,42,-42
219000148,2,60,-58
219000149,26,173,-147
219000150,5,119,-114
219000151,1,150,-149
219000157,57,87,-30
219000158,60,214,-154
219000161,129,37,92
219000163,874,159,715
219000166,30,96,-66
219000167,35,222,-187
219000168,93,19,74
219000174,0,0,0
219000175,0,0,0
219000176,0,0,0
219000177,0,0,0
219000178,0,0,0
219000179,0,0,0
219000180,12,27,-15
219000182,0,0,0
219000183,0,28,-28
219000184,0,0,0
219000185,2,149,-147
219000186,0,23,-23
219000187,3,99,-96
219000189,87,165,-78
219000190,173,192,-19
219000191,1436,570,866
219000192,177,417,-240
219000193,523,257,266
219000195,3,40,-37
219000196,1,57,-56
219000198,9,122,-113
219000199,48,122,-74
219000200,12,116,-104
219000201,57,129,-72
219000203,6,97,-91
219000204,33,123,-90
219000205,17,167,-150
219000207,91,172,-81
219000209,13,60,-47
219000210,25,59,-34
219000213,11,155,-144
219000239,59,82,-23
219000240,40,186,-146
219000241,14,128,-114
219000242,42,95,-53
219000243,39,220,-181
219000244,4,48,-44
219000245,1,24,-23
219000246,2,0,2
219000247,14,0,14
219000248,39,3,36
219000249,3,0,3
219000250,4,0,4
219000251,1,0,1
219000252,0,0,0
219000253,0,0,0
219000255,0,0,0
219000256,0,0,0
219000257,0,0,0
219000262,43,329,-286
219000263,23,206,-183
219000267,3,116,-113
219000268,6,13,-7
219000269,0,0,0
219000270,0,0,0
219000271,88,3,85
219000278,0,16,-16
219000279,1,3,-2
219000283,0,6,-6
219000295,23,112,-89
219000296,39,403,-364
219000297,15,149,-134
219000298,14,254,-240
219000299,0,0,0
219000300,17,380,-363
219000301,59,297,-238
219000302,20,211,-191
219000307,9,92,-83
219000308,63,49,14
219000311,0,0,0
219000312,0,0,0
219000313,0,0,0
219000314,129,481,-352
219000315,0,0,0
219000316,0,0,0
219000317,0,0,0
219000320,1,30,-29
219000321,0,16,-16
219000323,3,60,-57
219000325,1,60,-59
219000326,39,147,-108
219000327,26,37,-11
219000328,21,29,-8
219000329,384,232,152
219000330,9,60,-51
219000331,31,51,-20
219000332,0,0,0
219000333,0,0,0
219000335,0,0,0
219000337,0,0,0
219000338,0,0,0
219000344,43,52,-9
219000345,68,155,-87
219000346,26,116,-90
219000348,33,102,-69
219000349,17,155,-138
219000350,11,80,-69
219000351,0,0,0
219000352,70,40,30
219000353,69,75,-6
219000354,54,158,-104
219000355,23,18,5
219000356,860,492,368
219000363,244,82,162
219000364,93,44,49
219000365,66,11,55
219000366,468,164,304
219000368,212,100,112
219000370,421,183,238
219000371,9,6,3
219000382,3,23,-20
219000383,678,461,217
219000385,559,342,217
219000386,660,736,-76
219000387,0,2,-2
219000390,0,0,0
219000391,0,0,0
219000397,67,73,-6
219000398,88,40,48
219000401,1,47,-46
219000402,9,26,-17
219000403,28,33,-5
219000404,3,18,-15
219000409,0,0,0
219000410,0,0,0
219000411,0,0,0
219000446,145,346,-201
219000447,0,32,-32
219000448,0,0,0
219000452,0,0,0
219000453,48,42,6
219000454,100,80,20
219000556,8,2,6
219000558,47,211,-164
219000590,3,120,-117
219000591,1,0,1
219000592,62,378,-316
219000595,0,31,-31
219000635,0,0,0
219000636,11,115,-104
219000657,12,11,1
219000658,12,29,-17
219000673,0,13,-13
219000676,0,7,-7
219000679,15,31,-16
219000684,13,1,12
219000685,0,99,-99
219000686,3,0,3
219000688,0,182,-182
219000689,94,83,11
219000690,0,0,0
219000693,0,39,-39
219000694,0,0,0
219000695,0,0,0
219000698,0,0,0
219000699,0,11,-11
219000727,2,154,-152
219000728,34,4,30
219000770,0,0,0
219000771,1,20,-19
219001150,3,6,-3
219001151,0,8,-8
220000001,5,42,-37
220000002,6,108,-102
220000003,171,187,-16
220000004,199,362,-163
220000005,815,897,-82
220000006,79,430,-351
220000007,177,590,-413
220000008,97,615,-518
220000009,152,333,-181
220000010,31,49,-18
220000011,175,129,46
220000012,12,18,-6
220000014,2,35,-33
220000015,0,0,0
220000017,20,138,-118
220000018,1004,105,899
220000019,18,76,-58
220000020,60,183,-123
220000021,137,145,-8
220000022,229,492,-263
220000023,65,135,-70
220000024,970,260,710
220000025,448,289,159
220000026,139,79,60
220000027,6,42,-36
220000028,17,47,-30
220000029,46,102,-56
220000030,24,58,-34
220000031,23,101,-78
220000064,0,0,0
221000046,0,0,0
221000047,0,0,0
221000048,0,0,0
221000049,0,4,-4
221000050,0,0,0
221000055,22,55,-33
221000057,6,0,6
221000068,75,28,47
221000069,66,12,54
221000070,30,7,23
221000071,4,1,3
221000072,42,3,39
221000073,19,23,-4
221000074,0,13,-13
221000075,5,15,-10
221000076,5,29,-24
221000077,13,90,-77
221000081,5,0,5
221000082,6,1,5
221000083,2,0,2
221000084,0,1,-1
221000085,9,69,-60
221000086,13,160,-147
221000087,10,144,-134
221000088,23,126,-103
221000089,54,164,-110
221000090,276,280,-4
221000098,11,5,6
221000099,32,6,26
221000100,2,4,-2
221000101,74,5,69
221000102,24,2,22
221000109,5,90,-85
221000110,5,133,-128
221000111,8,137,-129
221000112,6,118,-112
221000113,17,177,-160
221000114,17,176,-159
221000120,0,2,-2
221000121,0,0,0
221000122,0,0,0
221000123,0,2,-2
221000124,1,88,-87
221000155,0,0,0
221000156,0,0,0
221000175,0,0,0
221000176,0,0,0
221000182,3,0,3
221000241,377,89,288
221000242,410,229,181
221000243,112,31,81
221000244,92,232,-140
221000245,18,61,-43
221000246,37,136,-99
221000247,10,85,-75
221000248,22,114,-92
221000267,3,190,-187
221000325,1,15,-14
221000331,0,15,-15
221000338,0,0,0
221000378,0,0,0
221000381,5,23,-18
222000282,0,0,0
222000296,0,0,0
222000568,0,0,0
222000569,0,0,0
222000570,0,0,0
222000571,0,0,0
222000577,1,62,-61
222000578,3,50,-47
222000579,13,20,-7
222000580,40,133,-93
222000599,2,24,-22
222000600,0,45,-45
222000601,0,91,-91
222000603,7,2,5
222000604,0,1,-1
222000605,0,2,-2
222000606,0,0,0
222000607,1,0,1
222000608,0,2,-2
222000609,1,42,-41
222000616,0,0,0
222000617,0,0,0
222000618,0,0,0
222000620,0,0,0
222000621,0,0,0
222000623,0,0,0
222000624,0,0,0
222000625,0,7,-7
222000636,0,0,0
222000686,0,0,0
222000687,0,0,0
222001066,0,0,0
222001067,0,0,0
222001068,0,0,0
222001069,0,0,0
222001082,1,19,-18
222001083,1,14,-13
222001084,0,5,-5
222001085,0,72,-72
222001111,3,56,-53
222001112,0,0,0
222001313,0,0,0
222001314,0,6,-6
222001464,0,0,0
222001465,0,5,-5
222001484,0,0,0
222001485,11,4,7
222001494,0,0,0
222001495,2,32,-30
222001496,0,0,0
222001497,1,25,-24
222001502,26,117,-91
222001503,0,0,0
222001504,8,188,-180
222001505,0,0,0
222001506,9,186,-177
222001507,0,0,0
222001510,0,0,0
222001511,11,152,-141
222001514,0,0,0
222001515,101,290,-189
222001518,0,0,0
222001519,9,201,-192
222001527,0,0,0
222001528,19,107,-88
222001529,0,0,0
222001530,20,105,-85
222001533,93,414,-321
222001534,0,0,0
222001535,0,0,0
222001536,0,7,-7
222001537,0,0,0
222001538,23,215,-192
222001563,0,0,0
222001564,12,407,-395
222001568,0,35,-35
222001576,0,0,0
222001579,0,0,0
222001583,0,30,-30
222001584,0,0,0
222001596,20,457,-437
222001597,0,0,0
222001626,0,23,-23
222001650,1,20,-19
222001651,0,0,0
222001914,0,0,0
222001915,20,105,-85
222900004,0,0,0
222900009,0,3,-3
222900019,0,0,0
222900024,0,0,0
222900025,0,7,-7
225000001,10,2,8
225000002,19,4,15
225000003,26,4,22
225000004,18,21,-3
225000005,0,1,-1
225000006,0,110,-110
225000007,2159,434,1725
225000010,39,0,39
225000011,0,0,0
225000012,0,0,0
225000013,0,0,0
225000014,0,0,0
225000015,58,178,-120
225000021,0,0,0
225000027,104,316,-212
225000032,0,0,0
225000042,43,465,-422
225000049,32,40,-8
225000050,27,4,23
225000053,4,85,-81
225000058,0,0,0
225000067,42,195,-153
225000068,18,361,-343
225000069,56,322,-266
225000070,53,351,-298
225000071,17,229,-212
225000075,13,517,-504
225000076,38,53,-15
225000078,0,0,0
225000085,0,0,0
225000086,0,0,0
225000087,0,0,0
225000088,0,65,-65
225000089,487,310,177
225000090,6,157,-151
225000091,29,131,-102
225000092,13,56,-43
225000093,25,306,-281
225000094,17,358,-341
225000095,186,509,-323
225000096,57,273,-216
225000098,27,6,21
225000099,19,4,15
225000100,21,4,17
225000104,9,237,-228
225000110,7,270,-263
225000111,61,614,-553
225000112,62,601,-539
225000113,31,387,-356
225000114,28,245,-217
225000115,1889,212,1677
225000116,0,0,0
225000117,0,0,0
225000118,0,0,0
225000119,0,0,0
225000120,0,0,0
225000121,0,0,0
225000123,0,0,0
225000125,9,35,-26
225000126,186,9,177
225000127,333,37,296
225000128,31,16,15
225000132,66,20,46
225000133,59,18,41
225000134,176,17,159
225000135,17,5,12
225000136,34,6,28
225000137,25,12,13
225000138,121,1,120
225000143,54,76,-22
225000144,1,206,-205
225000145,0,0,0
225000146,4,93,-89
225000147,5,222,-217
225000148,2,148,-146
225000149,84,252,-168
225000151,28,120,-92
225000155,69,178,-109
225000156,54,228,-174
225000157,46,162,-116
225000158,15,318,-303
225000171,2,88,-86
225000180,10,1,9
225000181,0,25,-25
225000182,0,0,0
225000185,4,208,-204
225000187,38,297,-259
225000191,0,1,-1
225000194,0,13,-13
225000208,0,41,-41
225000209,0,0,0
225000210,1,82,-81
225000217,0,14,-14
225000218,0,0,0
225000223,0,31,-31
225000224,0,0,0
225000225,0,6,-6
225000226,0,0,0
225000227,46,42,4
225000228,0,0,0
225000229,0,46,-46
225000230,0,0,0
225000231,1,90,-89
225000232,0,0,0
225000241,0,0,0
225000242,0,59,-59
225000249,6,0,6
225000250,33,492,-459
225000251,92,12,80
225000254,0,0,0
225000256,0,1,-1
225000257,0,2,-2
226000042,132,254,-122
226000043,11,191,-180
226000044,54,562,-508
226000045,43,402,-359
226000046,90,34,56
226000047,69,24,45
226000048,104,20,84
226000049,73,52,21
226000070,0,64,-64
226000071,0,56,-56
226000072,0,8,-8
226000073,0,5,-5
226000074,0,1,-1
226000084,0,29,-29
226000085,0,16,-16
226000086,1,5,-4
226000087,0,12,-12
226000088,1,8,-7
226000090,6,1,5
226000091,0,0,0
226000092,0,0,0
226000093,4,0,4
226000094,2,1,1
226000095,1,0,1
226000105,0,0,0
226000106,1,0,1
226000107,0,0,0
226000108,1,0,1
226000109,7,1,6
226000124,131,14,117
226000134,199,139,60
226000135,324,210,114
226000136,60,86,-26
226000137,15,198,-183
226000138,3,97,-94
226000139,0,12,-12
226000156,20,0,20
226000157,82,0,82
226000163,18,13,5
226000202,2,225,-223
226000231,4,1,3
226000232,0,0,0
227000033,0,0,0
227000036,0,0,0
227000037,0,0,0
227000038,0,0,0
227000084,0,23,-23
227000085,0,22,-22
227000088,0,0,0
227000089,0,0,0
227000090,0,0,0
227000091,0,0,0
227000092,0,0,0
227000093,0,0,0
227000094,0,0,0
227000130,8,50,-42
227000131,8,191,-183
227000132,4,184,-180
227000133,2,180,-178
227000134,9,258,-249
227000152,0,3,-3
227000153,0,33,-33
227000154,0,9,-9
227000155,0,16,-16
227000156,2,6,-4
227000165,1,29,-28
227000196,41,266,-225
227000199,5,337,-332
227000230,26,289,-263
227000232,0,0,0
227000242,53,226,-173
227000243,0,0,0
227000245,27,299,-272
227000246,41,376,-335
227000247,0,0,0
227000248,0,0,0
227000249,12,154,-142
227000250,6,1,5
227000251,72,172,-100
227000252,6,282,-276
227000253,0,0,0
227000262,0,0,0
227000266,0,0,0
227000267,24,1051,-1027
227000282,25,140,-115
227000284,0,0,0
227000286,14,70,-56
227000291,55,323,-268
227000296,0,0,0
227000484,0,0,0
227000485,23,427,-404
227000655,0,0,0
227000656,0,0,0
227000657,0,0,0
229000265,0,0,0
229000266,0,0,0
229000267,0,0,0
229000268,0,0,0
229000269,0,0,0
229000274,0,10,-10
229000275,1,3,-2
229000276,2,8,-6
229000277,0,0,0
229000278,0,5,-5
229000295,21,17,4
229000296,1,3,-2
229000297,13,13,0
229000298,21,40,-19
229000320,0,0,0
229000321,0,0,0
229000412,2,25,-23
229000414,2,16,-14
229000415,0,0,0
229000416,0,0,0
229000417,0,8,-8
229000419,37,116,-79
229000440,0,0,0
229000442,0,0,0
229000443,0,0,0
229000444,0,19,-19
229000445,0,0,0
229000446,0,0,0
229000491,9,53,-44
229000492,17,130,-113
229000493,5,122,-117
229000494,49,38,11
229000495,104,113,-9
229000496,7,72,-65
229000507,2,30,-28
229000508,4,35,-31
229000509,0,42,-42
229000510,2,28,-26
229000511,8,59,-51
229000512,0,40,-40
229000513,0,12,-12
229000514,2,4,-2
229000517,0,16,-16
229000518,7,32,-25
229000519,0,19,-19
229000520,7,36,-29
229000521,33,50,-17
229000522,5,36,-31
229000523,7,28,-21
229000524,9,6,3
229000527,6,5,1
229000528,0,8,-8
229000529,4,2,2
229000530,56,27,29
229000531,7,6,1
229000532,20,17,3
229000533,214,75,139
229000534,56,43,13
229000564,98,18,80
229000565,19,8,11
229000566,0,16,-16
229000567,0,99,-99
229000582,263,22,241
229000583,11,8,3
229000584,0,41,-41
229000585,25,45,-20
229000718,0,1,-1
229000719,0,1,-1
229000720,0,18,-18
229000721,0,18,-18
229000722,1,37,-36
229000723,0,14,-14
229000724,0,2,-2
229000725,0,15,-15
229000738,12,0,12
229000739,1,0,1
229000740,8,0,8
229000741,50,2,48
229000742,31,4,27
229000743,60,1,59
229000744,9,2,7
229000745,4,0,4
229000746,110,3,107
229000847,39,1,38
229000848,41,4,37
229000849,408,9,399
229000851,26,1,25
229000854,0,54,-54
229000856,5,88,-83
229000857,0,46,-46
229000858,1,111,-110
229000919,7,140,-133
229000930,1,133,-132
229000937,310,54,256
229000966,94,31,63
229000981,24,38,-14
229000985,1,24,-23
229000986,0,5,-5
229000987,0,0,0
229000988,0,5,-5
229000989,0,0,0
229000990,0,0,0
229000991,0,0,0
229000992,0,0,0
229000993,0,0,0
229000998,26,13,13
229000999,0,0,0
229001034,0,21,-21
229001035,0,0,0
229001036,4,34,-30
229001037,0,0,0
229001038,0,2,-2
229001039,0,0,0
229001040,0,79,-79
229001041,0,0,0
229001042,0,0,0
229001047,4,13,-9
229001050,0,0,0
229001168,0,15,-15
229001200,0,0,0
229001338,0,16,-16
229001394,246,3,243
229001422,371,66,305
229001423,24,96,-72
229001431,219,61,158
229001432,20,75,-55
229001444,0,0,0
229001445,11,106,-95
229001479,4,18,-14
229001503,336,103,233
229001504,55,117,-62
229001505,391,53,338
229001506,38,163,-125
229001509,0,0,0
229001510,4,25,-21
229001545,85,13,72
229001546,8,78,-70
229001553,84,26,58
229001554,3,86,-83
229001630,0,0,0
229001631,17,14,3
229001635,0,4,-4
229001636,0,0,0
229001658,2,38,-36
229001659,171,12,159
229001660,0,0,0
229001661,0,9,-9
229001662,29,2,27
229001663,0,11,-11
229002584,0,0,0
229002831,56,43,13
229002841,4,13,-9
229002842,0,0,0
229002843,0,0,0
229002844,7,30,-23
229002845,1,40,-39
229002846,0,0,0
229002847,3,3,0
229002848,0,0,0
229002849,0,35,-35
229002850,0,0,0
229002851,4,23,-19
229002852,0,0,0
229002853,0,0,0
229002854,4,13,-9
229002855,2,10,-8
229002856,0,0,0
229002857,1,27,-26
229002858,0,0,0
229002859,3,6,-3
229002860,0,0,0
229002861,0,0,0
229002862,0,13,-13
229002863,1,10,-9
229002864,0,0,0
229002865,1,1,0
229002866,0,0,0
229002867,1,5,-4
229002868,0,0,0
229002869,1,65,-64
229002870,0,0,0
235000067,0,0,0
235000072,34,272,-238
235000080,7,72,-65
235000081,49,89,-40
235000082,0,0,0
235000083,0,0,0
235000084,0,0,0
235000085,0,0,0
235000093,0,2,-2
235000097,0,0,0
235000098,0,0,0
235000115,0,0,0
235000116,0,0,0
235000117,0,0,0
235000133,8,150,-142
235000134,7,46,-39
235000206,0,0,0
235000207,0,0,0
235000210,0,0,0
235000212,0,11,-11
235000220,0,5,-5
235000221,10,7,3
235000238,0,2,-2
235000239,0,0,0
235000242,34,11,23
235000245,585,238,347
235000246,1,63,-62
235000284,0,46,-46
235000295,0,0,0
235000305,0,0,0
235000306,0,0,0
235000307,0,0,0
235000308,0,0,0
235000309,0,0,0
235000310,0,0,0
235000311,0,6,-6
235000322,0,7,-7
235000323,0,20,-20
235000324,0,4,-4
235000325,1,5,-4
235000326,0,128,-128
235000351,0,18,-18
235000352,5,25,-20
235000353,1,13,-12
235000354,0,33,-33
235000355,4,59,-55
235000356,0,0,0
235000357,0,0,0
235000358,0,0,0
235000359,0,0,0
235000360,0,0,0
235000361,0,0,0
235000381,11,132,-121
235000382,0,0,0
235000390,0,0,0
235000391,1,1,0
235000392,1,0,1
235000393,0,0,0
235000395,0,0,0
235000396,2,1,1
235000399,0,0,0
235000400,0,0,0
235000401,3,96,-93
235000402,18,64,-46
235000405,77,302,-225
235000406,11,178,-167
235000407,12,111,-99
235000409,77,132,-55
235000411,0,89,-89
235000485,0,13,-13
235000486,0,0,0
235000549,0,0,0
235000550,74,199,-125
235000599,57,36,21
235000600,7,4,3
235000601,0,0,0
235000602,0,0,0
235000614,0,4,-4
235000648,0,52,-52
235000649,0,0,0
235000815,1,17,-16
235000834,0,4,-4
235000855,0,0,0
235000862,23,130,-107
235000891,0,8,-8
235000892,0,9,-9
235000901,25,76,-51
235000907,0,6,-6
235001010,0,0,0
235001030,6,0,6
235001078,0,0,0
235001079,9,88,-79
235001147,0,0,0
235001166,0,0,0
235001167,14,46,-32
235001169,1,138,-137
235001200,7,46,-39
235001239,1,42,-41
235016266,3,16,-13
235016267,0,5,-5
235900013,0,0,0
235900014,0,0,0
241900007,22,1,21
277101746,0,36,-36
277102712,0,0,0
277103813,0,0,0
277103814,0,1,-1
277103898,0,1,-1
990010990,17,200,-183
990011530,0,177,-177
990014944,2,341,-339
990015176,0,1,-1
990015618,0,72,-72
990015888,9,107,-98
990016032,0,102,-102
990032570,2,76,-74
990070001,0,1,-1
990070103,0,3,-3
990070601,0,18,-18
990070751,0,1,-1
990070766,1,167,-166
990071180,1,57,-56
990071343,0,2,-2
990071387,0,7,-7
990071823,5,0,5
990072600,0,320,-320
990072964,1,263,-262
990073285,0,0,0
990074393,1,336,-335
990074714,0,0,0
990074870,0,1,-1
990075106,1,0,1
990075746,0,0,0
990076437,0,5,-5
990076458,0,616,-616
997000007,0,0,0
997000041,0,82,-82
997000058,0,0,0
997000062,0,0,0
997000069,0,0,0
997000070,1,52,-51
997000100,0,0,0
997000141,0,7,-7
997000198,0,5,-5
998000475,0,7,-7
998000736,0,62,-62
998000965,0,1,-1
998001031,0,28,-28
998001072,467,329,138
998001091,0,0,0
998001093,0,0,0
998001103,0,3,-3
998001105,1,12,-11
998001700,0,24,-24
998001899,0,1,-1
998001900,11,0,11
998003073,0,0,0
998003124,0,0,0
998003125,10,181,-171
998101900,0,0,0
998102850,0,0,0
998501819,0,0,0
998501820,0,2,-2
998501832,49,118,-69
998501927,15,167,-152
998501929,3,4,-1
998501930,6,1,5
998501931,10,4,6
998501932,21,8,13
998501933,0,0,0
998501937,0,2,-2
998501944,0,0,0
998501950,0,1,-1
998501970,3,8,-5
998501971,2,103,-101
998501972,0,0,0
998501973,1,34,-33
998501974,3,127,-124
998501975,0,1,-1
998501976,4,0,4
998501977,0,19,-19
998501978,0,0,0
998501979,0,20,-20
998501980,0,0,0
998501981,0,2,-2
998501982,0,119,-119
998501983,0,0,0
998502006,0,0,0
998502024,0,2,-2
998502032,0,2,-2
998502062,1,0,1
998502063,0,0,0
998502173,0,0,0
998502269,0,1,-1
998601159,0,68,-68
998601292,0,3,-3
999033574,0,14,-14
999800001,0,0,0
999800002,0,0,0
999800003,0,3,-3
999800004,1,19,-18
999800005,0,33,-33
