ID,insum,outsum,diff
100000001,686,1119,-433
100000002,5944,2590,3354
100000003,8633,4679,3954
100000004,1483,1195,288
100000005,2811,4861,-2050
100000006,1015,236,779
100000007,2743,1091,1652
100000008,731,535,196
100000009,1392,987,405
100000010,308,139,169
100000011,1360,170,1190
100000012,241,1160,-919
100000013,1816,347,1469
100000014,1314,365,949
100000015,1915,3377,-1462
100000016,1295,1627,-332
100000017,1354,1102,252
100000018,2287,810,1477
100000019,5812,2319,3493
100000020,2811,10212,-7401
100000021,6582,2579,4003
100000022,2331,2860,-529
100000023,6201,2012,4189
100000025,2229,1518,711
100000028,2616,1248,1368
100000029,340,380,-40
100000030,302,75,227
100000031,5208,8682,-3474
100000032,3537,4766,-1229
100000033,1051,3110,-2059
100000034,576,501,75
100000035,2039,1832,207
100000036,3177,1858,1319
100000037,796,531,265
100000038,2413,1202,1211
100000039,1475,405,1070
100000040,316,245,71
100000041,1567,689,878
100000042,1382,549,833
100000043,1245,502,743
100000044,468,881,-413
100000045,653,1526,-873
100000046,1193,1415,-222
100000047,621,969,-348
100000048,1742,774,968
100000049,2101,2668,-567
100000051,518,1334,-816
100000053,348,19,329
100000054,669,44,625
100000055,1677,342,1335
100000056,711,554,157
100000057,2443,843,1600
100000058,1321,1480,-159
100000059,20,210,-190
100000060,378,420,-42
100000061,2615,622,1993
100000062,3204,774,2430
100000063,995,322,673
100000064,1542,375,1167
100000065,547,1153,-606
100000066,284,841,-557
100000067,812,809,3
100000068,659,2176,-1517
100000069,343,1816,-1473
100000072,397,1453,-1056
100000073,1394,1394,0
100000075,735,323,412
100000076,3201,3508,-307
100000077,462,278,184
100000078,50,29,21
100000079,60,72,-12
100000080,44,68,-24
100000081,229,282,-53
100000102,2925,2226,699
100000103,4944,2047,2897
100000104,5835,3121,2714
100000105,3471,1814,1657
100000106,3477,2629,848
100000107,1052,1145,-93
100000108,929,1298,-369
100000109,3760,1716,2044
100000116,2134,1540,594
100000117,137,116,21
100000118,2213,1502,711
100000119,735,1099,-364
100000121,438,570,-132
100000122,990,1095,-105
100000123,5473,5073,400
100000124,8176,7057,1119
100000125,4269,1801,2468
100000126,1043,440,603
100000127,2105,426,1679
100000128,3005,2941,64
100000129,620,521,99
100000130,557,654,-97
100000131,3655,3369,286
100000132,1622,3477,-1855
100000133,8163,2837,5326
100000135,758,1536,-778
100000139,590,346,244
100000140,561,393,168
100000142,469,748,-279
100000143,956,547,409
100000144,4217,1019,3198
100000147,1316,2986,-1670
100000150,30,534,-504
100000151,1385,1265,120
100000153,308,559,-251
100000154,97,232,-135
100000155,29,66,-37
100000156,660,604,56
100000157,201,144,57
100000158,378,131,247
100000159,296,637,-341
100000165,2082,1139,943
100000169,550,413,137
100000174,1101,453,648
100000179,96,587,-491
100000180,8406,3459,4947
100000181,927,404,523
100000188,134,346,-212
100000189,2468,536,1932
100000190,1298,1258,40
100000191,875,638,237
100000192,65,134,-69
100000193,402,221,181
100000330,1707,1107,600
100000355,275,876,-601
100000362,6879,4236,2643
100000363,4487,5501,-1014
100000364,366,324,42
100000365,6880,7548,-668
100000366,7992,3987,4005
100000367,6237,6655,-418
100000368,3931,2080,1851
100000369,1696,2217,-521
100000370,494,952,-458
100000376,108,179,-71
100000379,3264,2040,1224
100000380,5954,4516,1438
100000384,6721,5908,813
100000385,5481,5305,176
100000386,10635,5339,5296
100000387,6793,6741,52
100000388,9132,7149,1983
100000389,9475,7359,2116
100000390,10361,7078,3283
100000391,8291,8567,-276
100000392,5223,4658,565
100000393,3996,5553,-1557
100000394,10506,10029,477
100000395,7188,4314,2874
100000396,11672,4880,6792
100000397,7796,7725,71
100000398,13959,10213,3746
100900002,9,49,-40
100900003,410,212,198
100900004,51,1033,-982
100900005,191,15,176
100900006,27,166,-139
100900007,601,21,580
100900008,2,379,-377
100900009,92,201,-109
100900010,116,155,-39
100900011,97,224,-127
100900012,0,241,-241
100900013,1591,12,1579
100900014,3,36,-33
100900015,122,128,-6
100900016,0,49,-49
100900017,1030,142,888
100900018,0,34,-34
100900019,32,361,-329
100900020,431,32,399
100900021,548,2,546
100900022,51,108,-57
100900023,0,107,-107
100900024,908,4,904
100900025,24,21,3
100900026,96,142,-46
100900027,728,3317,-2589
100900028,182,281,-99
100900029,58,10,48
100900030,5,63,-58
100900031,716,101,615
100900032,223,0,223
100900033,416,237,179
100900034,437,3,434
100900035,745,0,745
100900036,27,2,25
100900037,118,178,-60
100900038,146,53,93
100900039,384,694,-310
100900040,423,941,-518
100900041,693,700,-7
100900042,2228,1012,1216
100900043,9,21,-12
100900044,2777,718,2059
100900045,31,2,29
100900046,1637,21,1616
100900047,1086,395,691
100900048,244,91,153
100900049,238,240,-2
100900050,7,14,-7
100900051,129,137,-8
100900052,631,84,547
100900053,359,42,317
100900054,14,81,-67
100900055,439,645,-206
100900056,192,305,-113
100900057,1165,1730,-565
100900058,221,93,128
100900059,116,22,94
100900060,181,19,162
100900061,392,310,82
100900062,8,75,-67
100900063,286,654,-368
100900064,913,42,871
100900065,116,109,7
100900066,126,250,-124
100900067,4,15,-11
100900068,166,107,59
100900069,785,24,761
100900070,447,21,426
100900071,917,391,526
100900072,1,75,-74
100900073,157,526,-369
100900074,6,20,-14
100900075,1996,469,1527
100900076,32,43,-11
100900077,29,131,-102
100900078,94,354,-260
100900079,6,42,-36
100900080,65,241,-176
100900081,60,190,-130
100900082,111,541,-430
100900083,14,33,-19
100900085,19,258,-239
100900086,140,1251,-1111
100900088,106,620,-514
100900089,4,23,-19
100900090,189,657,-468
100900091,3,36,-33
100900092,360,362,-2
100900093,224,615,-391
100900094,180,556,-376
100900095,11,34,-23
100900096,67,163,-96
100900097,0,11,-11
100900098,34,13,21
100900099,58,592,-534
100900100,33,613,-580
100900101,334,47,287
100900102,393,212,181
100900103,5,21,-16
100900104,7,196,-189
100900105,33,556,-523
100900106,42,11,31
100900107,1931,915,1016
100900108,20,80,-60
100900109,14,47,-33
100900110,14,46,-32
100900111,65,217,-152
100900112,15,20,-5
100900113,17,32,-15
100900114,11,28,-17
100900115,7,37,-30
100900116,947,930,17
100900117,375,932,-557
100900118,135,195,-60
100900119,12,21,-9
100900120,3,11,-8
100900121,400,784,-384
100900122,263,253,10
100900123,82,278,-196
100900124,6,6,0
100900125,20,74,-54
100900126,191,531,-340
100900127,11,10,1
100900128,100,151,-51
100900129,0,197,-197
100900131,106,257,-151
100900133,86,85,1
100900134,3,6,-3
100900135,2,226,-224
100900137,414,283,131
100900138,602,698,-96
100900139,6,5,1
100900140,8,509,-501
100900141,7,491,-484
100900142,3,15,-12
100900143,1917,465,1452
100900144,67,10,57
100900145,410,293,117
100900146,1,76,-75
100900147,27,522,-495
100900148,38,599,-561
100900149,59,205,-146
100900150,10,36,-26
100900151,143,676,-533
100900152,342,7,335
100900153,5,209,-204
100900154,24,125,-101
100900155,16,25,-9
100900156,50,8,42
100900157,19,204,-185
100900158,969,275,694
100900159,22,63,-41
100900160,29,10,19
100900161,145,9,136
100900162,46,491,-445
100900163,310,326,-16
100900164,46,74,-28
100900165,6,24,-18
100900166,64,6,58
100900167,31,111,-80
100900168,64,170,-106
100900169,210,1078,-868
100900170,40,11,29
100900171,20,680,-660
100900172,0,22,-22
100900173,14,513,-499
100900174,596,67,529
100900176,1558,243,1315
100900177,753,384,369
100900178,330,183,147
100900179,238,445,-207
100900180,36,5,31
100900181,175,119,56
100900182,65,47,18
100900184,10,235,-225
100900186,1038,593,445
100900187,14,127,-113
100900188,35,27,8
100900189,1429,265,1164
100900191,1388,1355,33
100900192,413,427,-14
100900195,148,170,-22
100900197,22,85,-63
100900198,47,244,-197
100900199,22,24,-2
100900200,718,708,10
100900201,223,861,-638
100900202,83,0,83
100900203,0,166,-166
100900204,1096,949,147
100900205,217,627,-410
100900206,144,153,-9
100900207,251,186,65
100900210,127,544,-417
100900211,554,236,318
100900213,129,59,70
100900214,1325,134,1191
100900215,15,80,-65
101000001,5419,2943,2476
101000002,6196,6640,-444
101000003,700,2512,-1812
101000004,10684,8490,2194
101000005,5616,5712,-96
101000006,8755,7920,835
101000007,3467,4791,-1324
101000008,3928,3297,631
101000009,2362,1551,811
101000010,1017,1308,-291
101000011,2003,733,1270
101000012,1879,940,939
101000013,827,1340,-513
101000014,677,806,-129
101000015,1346,1271,75
101000016,488,558,-70
101000017,610,525,85
101000018,4687,3283,1404
101000020,4314,1356,2958
101000021,1044,519,525
101000022,349,121,228
101000023,1839,894,945
101000025,265,527,-262
101000026,429,36,393
101000027,2676,3114,-438
101000028,337,114,223
101000029,518,2588,-2070
101000030,2808,197,2611
101000031,1521,1084,437
101000032,12904,6025,6879
101000033,2865,4009,-1144
101000034,3097,1983,1114
101000035,1298,876,422
101000036,2442,1161,1281
101000037,4414,2155,2259
101000039,3359,2948,411
101000040,4161,3875,286
101000041,14811,9714,5097
101000042,1008,1714,-706
101000043,10068,8561,1507
101000045,2570,1149,1421
101000046,6247,2187,4060
101000047,3609,5013,-1404
101000048,1255,958,297
101000049,1123,2608,-1485
101000050,3785,3851,-66
101000051,3428,3532,-104
101000052,1983,1292,691
101000053,1935,2481,-546
101000054,3420,2244,1176
101000055,2006,1736,270
101000056,60,114,-54
101000057,3244,1351,1893
101000058,1567,1563,4
101000059,3323,2556,767
101000060,1990,665,1325
101000061,1117,1491,-374
101000062,1049,773,276
101000063,702,1010,-308
101000064,1290,1164,126
101000065,462,399,63
101000066,1369,918,451
101000067,1600,1066,534
101000068,489,634,-145
101000069,442,127,315
101000070,1546,1260,286
101000071,2394,1064,1330
101000072,1072,3700,-2628
101000073,1299,1084,215
101000074,9265,4272,4993
101000075,6851,6094,757
101000077,1998,1232,766
101000078,1681,2712,-1031
101000079,1004,438,566
101000080,797,601,196
101000081,2188,1814,374
101000082,4062,3905,157
101000083,2994,2592,402
101000084,1787,1083,704
101000085,2000,1542,458
101000086,1191,1280,-89
101000087,1050,1227,-177
101000088,1670,1435,235
101000089,1336,1941,-605
101000090,2262,1492,770
101000091,518,1105,-587
101000092,1048,1270,-222
101000093,1753,1028,725
101000094,1094,1266,-172
101000095,455,749,-294
101000096,346,631,-285
101000097,500,567,-67
101000098,525,659,-134
101000099,1734,1437,297
101000100,1647,1250,397
101000101,448,593,-145
101000102,1198,573,625
101000103,1497,766,731
101000104,556,669,-113
101000105,848,737,111
101000106,1485,1226,259
101000107,250,377,-127
101000108,1054,373,681
101000109,296,93,203
101000110,63,620,-557
101000111,238,720,-482
101000113,273,921,-648
101000114,11679,7353,4326
101000115,383,192,191
101000116,404,271,133
101000117,2660,631,2029
101000119,117,79,38
101000120,166,57,109
101000121,83,85,-2
101000122,194,112,82
101000123,74,122,-48
101000124,817,312,505
101000125,308,602,-294
101000128,833,503,330
101000130,363,401,-38
101000131,849,657,192
101000132,735,1183,-448
101000135,62,48,14
101000136,718,233,485
101000137,43,463,-420
101000141,1971,3350,-1379
101000147,799,470,329
101000148,1612,69,1543
101000149,658,672,-14
101000150,85,790,-705
101000151,222,61,161
101000152,347,305,42
101000153,886,424,462
101000154,224,1221,-997
101000155,311,167,144
101000156,26,276,-250
101000157,75,56,19
101000160,83,89,-6
101000163,300,342,-42
101000164,440,381,59
101000165,315,424,-109
101000166,433,580,-147
101000168,1022,404,618
101000252,2006,1052,954
101000254,714,137,577
101000258,49,12,37
101000261,257,54,203
101000262,1629,2201,-572
101000263,582,1888,-1306
101000265,195,1310,-1115
101000266,439,465,-26
101000269,50,5,45
101000290,1734,4155,-2421
101000293,47,140,-93
101000294,806,547,259
101000295,134,591,-457
101000301,951,573,378
101000304,2269,2945,-676
101000305,3384,1632,1752
101900001,109,125,-16
101900002,0,25,-25
101900003,84,117,-33
101900004,5,72,-67
101900005,4581,2287,2294
101900006,1096,95,1001
101900007,1031,319,712
101900008,98,439,-341
101900009,96,614,-518
101900010,1166,875,291
101900011,411,1454,-1043
101900012,252,401,-149
101900013,1260,198,1062
101900017,15,173,-158
101900018,1349,294,1055
101900019,281,183,98
101900020,270,109,161
101900021,1,59,-58
101900022,159,1194,-1035
101900023,192,330,-138
102000001,2938,4878,-1940
102000002,3281,1262,2019
102000003,4237,7921,-3684
102000004,8432,3448,4984
102000005,1683,2440,-757
102000006,1617,2168,-551
102000007,2097,5443,-3346
102000008,5439,1956,3483
102000009,7343,8817,-1474
102000010,7921,3881,4040
102000011,3698,3365,333
102000012,3958,3975,-17
102000018,3675,3227,448
102000019,2819,1946,873
102000026,295,640,-345
102000029,427,253,174
102000030,153,516,-363
102000031,107,157,-50
102000032,461,321,140
102000033,262,402,-140
102000034,702,414,288
102000035,1658,807,851
102000036,14,271,-257
102000037,219,63,156
102000038,194,348,-154
102000039,293,83,210
102000040,578,295,283
102000041,281,396,-115
102000042,366,326,40
102000043,557,251,306
102000044,373,457,-84
102000045,1649,1169,480
102000046,1268,700,568
102000047,981,1293,-312
102000048,403,898,-495
102000049,1352,844,508
102000050,1492,1670,-178
102000051,543,748,-205
102000052,1527,1088,439
102000053,967,1143,-176
102000054,602,1172,-570
102000055,1183,660,523
102000056,891,1413,-522
102000057,1724,781,943
102000058,1450,1801,-351
102000059,1669,1853,-184
102000060,1567,1277,290
102000061,1804,2388,-584
102000062,1790,1384,406
102000063,1469,1588,-119
102000064,661,870,-209
102000065,68,201,-133
102000066,1001,1045,-44
102000067,3244,3805,-561
102000068,9826,3115,6711
102000069,67,1667,-1600
102000070,2422,76,2346
102000071,8121,11118,-2997
102000072,4246,4931,-685
102000073,2735,2047,688
102000074,1417,1650,-233
102000075,183,522,-339
102000076,246,618,-372
102000077,772,1050,-278
102000078,1055,977,78
102000079,268,324,-56
102000080,371,320,51
102000081,549,1029,-480
102000082,835,495,340
102000083,733,434,299
102000084,301,309,-8
102000085,2095,1212,883
102000086,1365,2066,-701
102000087,1058,2013,-955
102000088,432,457,-25
102000089,1351,488,863
102000090,762,1364,-602
102000091,1845,710,1135
102000092,481,922,-441
102000093,706,750,-44
102000094,1348,797,551
102000095,1435,1748,-313
102000096,1081,965,116
102000097,1350,1194,156
102000098,686,1019,-333
102000099,1347,976,371
102000100,903,1367,-464
102000101,1585,765,820
102000102,745,1786,-1041
102000103,2401,543,1858
102000104,737,416,321
102000105,274,614,-340
102000106,918,720,198
102000107,1300,642,658
102000108,1177,287,890
102000109,482,631,-149
102000110,932,1357,-425
102000111,13,301,-288
102000112,428,122,306
102000113,24,46,-22
102000114,806,449,357
102000115,209,300,-91
102000116,1298,857,441
102000117,624,1852,-1228
102000118,1835,1252,583
102000119,2243,1525,718
102000120,220,577,-357
102000121,1209,674,535
102000122,837,1025,-188
102000123,1602,1535,67
102000124,1814,1350,464
102000125,1175,1170,5
102000126,1171,926,245
102000127,1560,916,644
102000128,738,1226,-488
102000129,1621,985,636
102000130,728,1044,-316
102000131,2956,1141,1815
102000132,1226,1534,-308
102000133,2009,1982,27
102000134,853,929,-76
102000135,869,947,-78
102000136,1214,669,545
102000137,1339,988,351
102000138,604,502,102
102000139,341,556,-215
102000140,670,499,171
102000141,884,966,-82
102000142,453,448,5
102000143,172,481,-309
102000144,259,465,-206
102000145,676,642,34
102000146,502,481,21
102000147,839,758,81
102000148,294,953,-659
102000149,180,578,-398
102000150,415,163,252
102000151,114,368,-254
102000152,213,172,41
102000153,1183,606,577
102000154,342,798,-456
102000155,141,401,-260
102000156,387,205,182
102000157,161,413,-252
102000158,454,398,56
102000159,1273,468,805
102000161,4359,2494,1865
102000162,215,170,45
102000163,110,564,-454
102000164,1208,1209,-1
102000165,381,193,188
102000166,119,192,-73
102000167,283,283,0
102000168,291,167,124
102000169,162,512,-350
102000170,779,283,496
102000171,370,306,64
102000172,409,513,-104
102000173,547,396,151
102000174,74,116,-42
102000175,400,120,280
102000176,117,62,55
102000178,350,511,-161
102000179,364,290,74
102000180,1129,559,570
102000181,756,647,109
102000182,795,634,161
102000183,2125,2006,119
102000184,2152,1039,1113
102000185,2685,1696,989
102000186,1354,2195,-841
102000187,1328,1855,-527
102000188,1694,1548,146
102000189,2669,1022,1647
102000190,985,3062,-2077
102000191,1421,627,794
102000192,1287,1518,-231
102000193,68,204,-136
102000194,76,152,-76
102000195,423,569,-146
102000196,163,524,-361
102000197,619,582,37
102000198,197,870,-673
102000199,945,479,466
102000200,287,1212,-925
102000201,994,535,459
102000202,9,111,-102
102000203,397,337,60
102000204,472,825,-353
102000205,1135,519,616
102000206,659,978,-319
102000207,947,559,388
102000208,566,641,-75
102000209,177,73,104
102000210,474,407,67
102000211,622,455,167
102000212,354,14,340
102000213,8,364,-356
102000214,281,13,268
102000215,8,451,-443
102000216,54,79,-25
102000217,14,183,-169
102000218,320,200,120
102000219,475,364,111
102000225,791,659,132
102000226,8789,2661,6128
102000227,173,4,169
102000228,1,135,-134
102000229,40,50,-10
102000230,266,521,-255
102000231,311,558,-247
102000232,43,201,-158
102000233,581,933,-352
102000234,111,1306,-1195
102000236,443,84,359
102000237,526,162,364
102000238,202,281,-79
102000240,770,737,33
102000241,304,150,154
102000243,30,89,-59
102000245,14,110,-96
102000246,26,45,-19
102000247,467,768,-301
102000248,335,632,-297
102000249,177,157,20
102000250,164,536,-372
102000254,112,415,-303
102000266,151,414,-263
102000271,47,3,44
102000286,514,420,94
102000297,2115,1281,834
102000301,0,1,-1
102000303,0,0,0
102000305,0,0,0
102000306,0,0,0
102000307,0,5,-5
102000308,0,1,-1
102900001,1596,887,709
102900002,465,61,404
102900003,63,251,-188
102900005,424,384,40
102900006,516,191,325
102900007,579,42,537
102900008,212,78,134
102900009,772,349,423
102900010,885,952,-67
102900011,2027,408,1619
102900012,413,95,318
102900013,47,83,-36
102900015,787,532,255
102900016,73,153,-80
102900017,182,713,-531
102900018,40,131,-91
102900019,603,552,51
102900020,177,33,144
102900021,20,125,-105
102900022,749,244,505
102900023,33,67,-34
102900024,35,75,-40
102900025,288,117,171
102900026,557,1758,-1201
102900027,93,73,20
102900028,250,776,-526
102900029,272,227,45
102900030,827,358,469
102900031,185,166,19
102900032,114,124,-10
102900033,208,234,-26
102900034,545,113,432
102900035,136,411,-275
102900036,343,587,-244
102900037,989,600,389
102900038,793,668,125
102900039,49,628,-579
102900040,182,303,-121
102900041,99,211,-112
102900042,219,341,-122
102900043,208,328,-120
102900044,706,2204,-1498
102900045,147,591,-444
102900046,147,266,-119
102900047,90,588,-498
102900048,795,589,206
102900049,165,387,-222
102900050,477,379,98
102900051,269,236,33
102900052,66,73,-7
102900053,489,749,-260
102900054,901,1285,-384
102900055,119,205,-86
102900056,133,498,-365
102900057,3,56,-53
102900058,368,88,280
102900059,24,81,-57
102900060,152,567,-415
102900061,186,557,-371
102900062,262,1086,-824
102900063,1099,522,577
102900064,236,429,-193
102900065,1609,630,979
102900066,334,34,300
102900068,177,102,75
102900070,368,649,-281
102900072,70,60,10
102900073,343,12,331
102900074,309,274,35
102900075,24,83,-59
102900076,211,181,30
102900077,44,66,-22
102900078,42,91,-49
102900079,158,11,147
102900080,391,59,332
102900081,109,292,-183
102900082,10,224,-214
102900083,330,19,311
102900084,12,41,-29
102900085,517,173,344
102900086,16,72,-56
102900087,102,99,3
102900088,47,32,15
102900089,254,131,123
102900090,2,400,-398
102900091,158,16,142
102900092,410,1168,-758
102900093,276,322,-46
102900094,2,91,-89
102900095,129,1,128
102900096,83,23,60
102900097,11,161,-150
103000001,2708,2915,-207
103000002,2453,2894,-441
103000003,4149,3392,757
103000004,1007,908,99
103000005,1947,3011,-1064
103000006,660,1685,-1025
103000007,382,872,-490
103000008,1175,822,353
103000009,1077,1202,-125
103000010,129,116,13
103000011,1969,1767,202
103000012,1674,1834,-160
103000013,5002,2337,2665
103000014,1663,2734,-1071
103000015,1866,780,1086
103000016,618,1474,-856
103000017,210,533,-323
103000018,916,510,406
103000019,354,306,48
103000020,2769,1716,1053
103000021,2037,1853,184
103000022,813,1271,-458
103000023,702,1686,-984
103000024,131,235,-104
103000025,233,567,-334
103000026,1386,186,1200
103000027,474,555,-81
103000028,541,464,77
103000029,326,288,38
103000030,2494,1278,1216
103000031,2246,2099,147
103000032,2811,2302,509
103000033,3545,3107,438
103000034,1961,1539,422
103000035,531,1640,-1109
103000036,552,701,-149
103000037,762,580,182
103000038,664,1226,-562
103000039,464,485,-21
103000040,486,1156,-670
103000041,1823,2805,-982
103000042,1291,709,582
103000043,879,1097,-218
103000044,350,215,135
103000046,345,562,-217
103000047,663,914,-251
103000048,261,257,4
103000049,297,203,94
103000050,757,654,103
103000051,616,630,-14
103000052,879,460,419
103000053,181,617,-436
103000054,3276,2124,1152
103000055,2299,2993,-694
103000056,721,2017,-1296
103000057,625,362,263
103000058,726,1201,-475
103000059,522,1280,-758
103000060,961,750,211
103000061,484,1224,-740
103000062,1274,766,508
103000063,828,1184,-356
103000064,125,310,-185
103000065,10,528,-518
103000066,217,14,203
103000069,476,427,49
103000070,1625,1097,528
103000071,1310,757,553
103000072,145,815,-670
103000073,562,134,428
103000074,697,107,590
103000075,140,762,-622
103000076,482,384,98
103000077,92,503,-411
103000078,1364,657,707
103000079,1043,908,135
103000080,1511,413,1098
103000081,664,1338,-674
103000082,704,248,456
103000083,171,391,-220
103000084,161,18,143
103000085,1,146,-145
103000086,866,462,404
103000087,169,606,-437
103000088,361,393,-32
103000089,254,456,-202
103000090,2053,869,1184
103000091,782,441,341
103000092,253,339,-86
103000093,338,455,-117
103000094,230,120,110
103000095,81,452,-371
103000096,671,123,548
103000097,89,767,-678
103000098,1018,243,775
103000099,378,708,-330
103000100,128,813,-685
103000101,902,153,749
103000102,138,651,-513
103000103,737,233,504
103000104,49,126,-77
103000105,124,106,18
103000106,10,121,-111
103000107,348,78,270
103000108,614,596,18
103000109,346,416,-70
103000110,530,481,49
103000111,530,541,-11
103000112,434,239,195
103000113,743,723,20
103000114,1390,592,798
103000115,465,439,26
103000116,550,484,66
103000117,367,513,-146
103000118,1011,905,106
103000119,1391,677,714
103000120,105,192,-87
103000121,941,1283,-342
103000122,752,1102,-350
103000125,16,329,-313
103000126,665,10,655
103000127,4,137,-133
103000128,189,3,186
103000129,2,127,-125
103000130,71,40,31
103000131,229,112,117
103000132,128,151,-23
103000133,28,132,-104
103000134,697,920,-223
103000135,706,345,361
103000136,805,519,286
103000137,667,670,-3
103000138,1029,847,182
103000139,4,77,-73
103000140,146,50,96
103000141,101,178,-77
103000142,198,93,105
103000143,59,216,-157
103000144,156,92,64
103000145,129,163,-34
103000150,116,50,66
103000152,225,276,-51
103000153,208,171,37
103000156,11,367,-356
103000157,366,4,362
103000159,168,64,104
103000162,136,74,62
103000163,36,120,-84
103000164,80,14,66
103000165,157,329,-172
103000166,189,336,-147
103000167,157,93,64
103000168,78,213,-135
103000169,238,599,-361
103000170,717,578,139
103000171,95,101,-6
103000172,799,1042,-243
103000173,556,550,6
103000174,204,438,-234
103000175,377,399,-22
103000176,929,662,267
103000177,807,573,234
103000178,464,384,80
103000179,693,85,608
103000183,142,49,93
103000185,102,63,39
103000186,118,205,-87
103000187,492,574,-82
103000188,16,110,-94
103000189,906,926,-20
103000191,614,749,-135
103000292,2044,1706,338
103000293,1232,2365,-1133
103000295,122,87,35
103000296,684,5,679
103000297,158,100,58
103000504,160,12,148
103000505,8,24,-16
103000506,2,273,-271
103000507,177,1,176
103000508,94,85,9
103000509,255,701,-446
103900001,5,293,-288
103900002,1705,241,1464
103900003,1768,179,1589
103900004,141,1,140
103900005,7,235,-228
103900006,7,1,6
103900007,46,2,44
103900008,20,0,20
103900009,269,741,-472
103900010,139,648,-509
103900011,305,263,42
103900012,9,37,-28
103900013,186,100,86
103900014,46,14,32
103900015,49,17,32
103900016,837,269,568
103900017,40,111,-71
103900018,740,212,528
103900019,136,300,-164
103900020,206,581,-375
103900021,668,78,590
103900022,1055,749,306
103900023,153,3,150
103900024,96,474,-378
103900025,25,50,-25
103900026,205,0,205
103900027,786,361,425
103900028,21,347,-326
103900029,1071,142,929
103900030,342,97,245
103900031,55,19,36
103900032,76,46,30
103900033,113,18,95
103900034,42,183,-141
103900035,82,67,15
103900036,33,52,-19
103900037,107,53,54
103900038,137,181,-44
103900039,55,422,-367
103900040,2,197,-195
103900041,66,70,-4
103900042,65,443,-378
103900043,136,108,28
103900044,137,219,-82
103900045,495,183,312
103900047,93,35,58
103900048,941,54,887
103900049,367,1674,-1307
103900050,15,128,-113
103900051,0,36,-36
103900052,198,506,-308
103900053,125,739,-614
103900054,98,449,-351
103900055,390,221,169
103900056,114,80,34
103900057,39,187,-148
103900058,220,796,-576
103900059,1,28,-27
103900060,48,200,-152
103900061,167,50,117
103900062,300,115,185
103900063,20,1,19
103900064,89,11,78
103900065,1260,521,739
103900066,153,32,121
103900067,171,2,169
103900068,23,1,22
103900069,64,23,41
103900070,216,209,7
103900071,19,127,-108
103900072,12,279,-267
103900073,37,33,4
103900074,89,76,13
103900075,134,71,63
103900076,446,674,-228
103900077,65,105,-40
103900078,533,162,371
103900079,270,277,-7
103900080,19,28,-9
103900081,84,20,64
103900082,23,173,-150
103900083,1645,894,751
103900084,126,249,-123
103900085,95,156,-61
103900086,591,536,55
103900087,24,100,-76
103900088,434,648,-214
103900089,79,180,-101
103900090,84,217,-133
103900091,1248,318,930
103900092,792,627,165
103900093,120,511,-391
103900094,19,127,-108
103900095,377,256,121
103900096,27,326,-299
103900097,20,579,-559
103900098,206,122,84
103900099,95,185,-90
103900100,227,448,-221
103900101,128,1198,-1070
103900102,9,40,-31
103900104,1,29,-28
103900105,117,237,-120
103900106,0,69,-69
103900107,96,233,-137
103900108,39,351,-312
103900109,105,105,0
103900110,247,63,184
103900111,138,665,-527
103900112,102,209,-107
103900113,163,311,-148
103900114,424,361,63
103900115,321,247,74
103900116,5939,2388,3551
103900117,222,106,116
103900119,38,78,-40
103900120,37,97,-60
103900122,80,336,-256
103900123,1852,705,1147
103900124,33,23,10
103900125,127,61,66
103900126,507,447,60
103900127,207,559,-352
103900128,583,170,413
103900131,38,111,-73
103900133,1046,116,930
103900134,1,4,-3
103900135,9,7,2
103900137,1,77,-76
103900138,99,287,-188
103900139,272,1938,-1666
103900140,15,120,-105
103900141,315,90,225
103900142,120,160,-40
103900143,55,5,50
103900144,1,54,-53
103900145,237,291,-54
103900146,336,243,93
103900147,355,204,151
103900148,284,616,-332
103900149,305,773,-468
103900150,7432,4013,3419
103900151,67,200,-133
103900152,409,899,-490
103900153,10,1,9
103900154,1107,1405,-298
103900155,45,317,-272
103900156,55,192,-137
103900157,33,271,-238
103900158,103,324,-221
103900159,166,126,40
103900160,92,44,48
103900161,128,217,-89
103900162,66,237,-171
103900163,18,578,-560
103900164,300,69,231
103900167,26,103,-77
103900168,107,129,-22
103900169,67,44,23
103900170,1,112,-111
103900171,1,85,-84
103900172,12,27,-15
103900173,6,23,-17
103900174,213,81,132
103900175,102,61,41
103900176,24,43,-19
103900177,8,97,-89
103900178,61,76,-15
103900179,68,168,-100
103900180,8,119,-111
103900181,59,74,-15
103900182,75,23,52
103900184,541,128,413
103900185,222,361,-139
103900187,29,88,-59
103900188,37,36,1
103900189,143,13,130
103900190,65,65,0
103900191,56,102,-46
103900192,27,157,-130
103900193,182,277,-95
103900194,69,378,-309
103900195,10,88,-78
103900196,116,64,52
103900197,21,57,-36
103900198,11,67,-56
103900199,121,68,53
103900200,165,156,9
103900201,198,275,-77
103900202,57,101,-44
103900203,71,19,52
103900204,1,101,-100
103900207,1,129,-128
103900208,114,2,112
103900209,6,166,-160
103900210,37,36,1
103900211,480,424,56
103900212,148,445,-297
103900213,93,273,-180
103900214,236,160,76
103900215,535,361,174
103900216,37,888,-851
103900217,516,54,462
103900218,3,433,-430
103900219,209,412,-203
103900233,177,14,163
103900235,42,23,19
103900236,21,0,21
103900242,36,23,13
103900243,14,4,10
103900244,115,249,-134
103900245,89,276,-187
103900246,60,32,28
103900247,32,111,-79
103900248,30,115,-85
103900249,22,34,-12
103900250,47,25,22
103900251,7,30,-23
103900253,34,123,-89
103900254,4,24,-20
103900255,5,19,-14
103900256,13,45,-32
103900257,31,125,-94
103900258,58,5,53
103900259,93,15,78
103900261,8,4,4
103900262,10,4,6
103900263,34,34,0
103900264,104,49,55
103900265,157,42,115
103900266,1,159,-158
103900267,17,67,-50
104000001,2316,2360,-44
104000002,1778,2925,-1147
104000003,2624,2756,-132
104000004,3006,3176,-170
104000005,1550,2424,-874
104000006,3589,3443,146
104000007,4922,4886,36
104000008,277,420,-143
104000009,175,135,40
104000010,163,284,-121
104000011,466,386,80
104000012,175,458,-283
104000013,188,194,-6
104000014,302,820,-518
104000015,339,123,216
104000016,613,547,66
104000018,788,176,612
104000019,665,191,474
104000020,191,702,-511
104000021,219,754,-535
104000022,125,266,-141
104000023,798,404,394
104000024,293,421,-128
104000026,67,437,-370
104000027,280,368,-88
104000028,343,266,77
104000029,420,473,-53
104000030,270,233,37
104000031,1285,439,846
104000032,206,301,-95
104000033,607,479,128
104000034,370,308,62
104000035,861,445,416
104000036,773,656,117
104000037,359,265,94
104000038,491,351,140
104000039,213,273,-60
104000040,366,362,4
104000041,833,394,439
104000042,225,368,-143
104000043,261,381,-120
104000044,286,658,-372
104000045,1045,1298,-253
104000046,1316,1819,-503
104000047,1568,1705,-137
104000048,1216,1895,-679
104000049,990,392,598
104000050,303,744,-441
104000051,190,640,-450
104000052,1953,1762,191
104000053,1749,645,1104
104000054,870,513,357
104000055,4535,2955,1580
104000056,1513,219,1294
104000057,122,517,-395
104000058,1082,705,377
104000059,589,1163,-574
104000060,1305,1253,52
104000061,1519,1561,-42
104000062,341,145,196
104000064,470,347,123
104000065,347,797,-450
104000069,1166,1123,43
104000070,106,553,-447
104000071,144,510,-366
104000072,532,188,344
104000075,134,339,-205
104000076,483,159,324
104000082,2620,3551,-931
104000083,946,224,722
104000084,158,623,-465
104000085,234,311,-77
104000086,197,520,-323
104000087,522,1949,-1427
104000090,732,1523,-791
104000092,1243,2591,-1348
104000094,1078,1848,-770
104000095,1760,1500,260
104000096,1568,271,1297
104000097,1656,942,714
104000098,2142,1215,927
104000100,1867,770,1097
104000101,1246,1824,-578
104000106,66,730,-664
104000107,704,528,176
104000108,332,602,-270
104000109,358,87,271
104000110,945,1176,-231
104000111,4531,2525,2006
104000112,2729,698,2031
104000116,4,1150,-1146
104000117,211,666,-455
104000118,551,312,239
104000119,736,364,372
104000120,316,803,-487
104000121,198,849,-651
104000122,736,874,-138
104000123,940,1262,-322
104000124,1067,2456,-1389
104000125,3797,4299,-502
104000126,600,515,85
104000127,1626,3519,-1893
104000128,756,575,181
104000129,176,13,163
104000130,5,369,-364
104000131,775,477,298
104000132,522,616,-94
104000133,1400,1018,382
104000134,1207,1676,-469
104000135,466,1985,-1519
104000136,1040,3802,-2762
104000137,1818,430,1388
104000138,1322,354,968
104000139,7304,3237,4067
104000141,1370,1743,-373
104000142,695,928,-233
104000143,558,696,-138
104000144,88,184,-96
104000145,352,230,122
104000146,349,635,-286
104000147,167,326,-159
104000148,322,154,168
104000149,216,374,-158
104000150,1176,538,638
104000151,561,558,3
104000152,834,767,67
104000153,695,553,142
104000154,1089,764,325
104000155,438,577,-139
104000157,1402,1758,-356
104000158,943,897,46
104000159,881,669,212
104000160,1779,1972,-193
104000161,200,246,-46
104000162,56,156,-100
104000165,1105,1361,-256
104000167,697,1099,-402
104000168,663,14,649
104000169,108,66,42
104000170,589,536,53
104000248,329,741,-412
104000251,92,344,-252
104000272,0,0,0
104000273,0,0,0
104000274,0,0,0
104000275,0,0,0
104000279,945,549,396
104000290,115,339,-224
104000291,726,1313,-587
104000293,752,821,-69
104000294,34,0,34
104000295,551,931,-380
104000296,377,1046,-669
104000297,855,2039,-1184
104000298,3344,1079,2265
104000299,739,1642,-903
104900001,194,553,-359
104900002,64,179,-115
104900003,83,445,-362
104900004,121,397,-276
104900005,226,244,-18
104900006,338,140,198
104900007,304,307,-3
104900009,139,410,-271
104900010,81,95,-14
104900011,136,35,101
104900012,332,38,294
104900013,186,8,178
104900014,3285,415,2870
104900015,110,8,102
104900016,251,252,-1
104900017,165,254,-89
104900018,12,246,-234
104900019,352,2363,-2011
104900020,114,349,-235
104900021,9,197,-188
104900022,13,152,-139
104900023,1,89,-88
104900024,36,99,-63
104900025,53,323,-270
104900026,4,94,-90
104900027,508,323,185
104900028,50,145,-95
104900029,84,114,-30
104900030,609,237,372
104900031,131,263,-132
104900032,66,132,-66
104900033,181,305,-124
104900034,375,196,179
104900035,320,207,113
104900036,169,76,93
104900037,194,201,-7
104900038,636,862,-226
104900039,904,372,532
104900040,443,145,298
104900041,203,192,11
104900042,160,234,-74
104900043,21,152,-131
104900044,541,248,293
104900045,374,65,309
104900046,201,166,35
104900047,291,137,154
104900048,307,88,219
104900049,42,20,22
104900050,436,148,288
104900051,264,48,216
104900052,54,1,53
104900053,440,168,272
104900054,166,49,117
104900055,101,2,99
104900056,231,34,197
104900057,56,3,53
104900058,1176,743,433
104900059,162,73,89
104900060,7,643,-636
104900061,237,680,-443
104900063,2,131,-129
104900064,0,83,-83
104900065,0,223,-223
104900066,2,222,-220
104900067,8,350,-342
104900068,26,237,-211
104900070,274,363,-89
104900071,2,507,-505
104900072,71,418,-347
104900073,99,238,-139
104900074,174,324,-150
104900075,89,91,-2
104900076,115,479,-364
104900077,1227,320,907
104900078,281,745,-464
104900079,174,407,-233
104900080,97,657,-560
104900082,15,602,-587
104900085,6,227,-221
104900087,567,30,537
104900089,186,3,183
104900090,1050,773,277
104900091,2331,815,1516
104900093,267,707,-440
104900097,2891,2318,573
104900098,172,67,105
104900099,86,623,-537
104900100,575,330,245
104900102,50,210,-160
104900103,561,107,454
104900104,3792,2329,1463
104900106,100,141,-41
104900107,342,270,72
104900108,91,289,-198
104900109,166,273,-107
104900110,16,88,-72
104900111,220,152,68
104900112,303,776,-473
104900113,720,458,262
104900114,357,548,-191
104900115,700,496,204
104900116,225,229,-4
104900118,29,96,-67
104900119,31,45,-14
104900120,41,221,-180
104900121,0,90,-90
104900122,4,73,-69
104900123,51,12,39
104900124,47,3,44
104900125,505,5,500
104900126,55,54,1
104900127,21,83,-62
104900128,126,153,-27
104900129,2211,1828,383
105000001,2534,1769,765
105000002,2506,1818,688
105000003,3812,4086,-274
105000004,726,1168,-442
105000005,876,1154,-278
105000006,1584,1822,-238
105000007,1280,1490,-210
105000008,2160,3165,-1005
105000009,2320,3195,-875
105000010,3192,2629,563
105000011,3693,2837,856
105000012,5204,3544,1660
105000013,1076,1115,-39
105000014,2407,2765,-358
105000015,11244,15617,-4373
105000016,3672,2755,917
105000017,2271,1193,1078
105000018,1544,1526,18
105000019,1549,994,555
105000020,246,441,-195
105000021,381,94,287
105000022,366,109,257
105000023,665,489,176
105000028,63,127,-64
105000029,678,1545,-867
105000030,4635,3143,1492
105000033,1085,2171,-1086
105000034,188,996,-808
105000037,795,396,399
105000038,2659,1927,732
105000039,3547,2170,1377
105000040,1232,1235,-3
105000041,1777,1643,134
105000042,5122,1945,3177
105000043,2400,2764,-364
105000044,752,564,188
105000045,476,1249,-773
105000046,1124,464,660
105000047,577,2066,-1489
105000048,642,252,390
105000049,232,528,-296
105000050,609,407,202
105000051,190,415,-225
105000052,799,970,-171
105000053,210,176,34
105000054,523,1025,-502
105000055,912,419,493
105000056,1650,2400,-750
105000057,1531,995,536
105000058,1438,1383,55
105000059,851,756,95
105000060,466,679,-213
105000061,691,655,36
105000062,660,896,-236
105000063,320,650,-330
105000064,1364,988,376
105000065,362,653,-291
105000066,1286,1731,-445
105000067,1471,954,517
105000068,634,998,-364
105000069,2146,1801,345
105000070,805,1026,-221
105000071,255,838,-583
105000072,695,1709,-1014
105000073,912,711,201
105000074,1671,1075,596
105000075,696,990,-294
105000076,1521,1204,317
105000077,3129,1276,1853
105000078,1637,1464,173
105000079,1787,3603,-1816
105000080,2476,1759,717
105000081,4635,1660,2975
105000082,1431,2161,-730
105000083,5748,3951,1797
105000084,867,953,-86
105000085,2152,2121,31
105000086,572,1064,-492
105000087,1676,2135,-459
105000088,1956,1610,346
105000089,4515,2622,1893
105000090,1302,968,334
105000091,1602,1756,-154
105000092,882,1121,-239
105000093,330,321,9
105000094,283,234,49
105000095,117,479,-362
105000096,1469,1053,416
105000097,1316,913,403
105000098,936,828,108
105000099,953,816,137
105000100,1491,1200,291
105000101,2506,2297,209
105000102,3832,1529,2303
105000103,2460,2695,-235
105000104,2664,1150,1514
105000105,1574,2187,-613
105000106,2305,2217,88
105000107,1513,1271,242
105000108,1814,1964,-150
105000109,1785,2211,-426
105000110,811,754,57
105000111,621,874,-253
105000112,1365,791,574
105000113,394,797,-403
105000114,2941,1147,1794
105000115,326,1037,-711
105000116,711,627,84
105000117,958,1202,-244
105000118,698,654,44
105000119,984,1381,-397
105000120,1220,845,375
105000121,1131,1460,-329
105000122,406,696,-290
105000123,1261,1681,-420
105000124,1747,866,881
105000125,791,2175,-1384
105000126,2156,2000,156
105000127,2305,2325,-20
105000128,925,1264,-339
105000129,931,371,560
105000130,516,2777,-2261
105000131,1003,444,559
105000132,865,590,275
105000133,659,1161,-502
105000134,680,664,16
105000135,477,609,-132
105000136,43,130,-87
105000137,312,381,-69
105000138,46,151,-105
105000139,1155,1128,27
105000140,267,551,-284
105000141,302,708,-406
105000142,230,482,-252
105000143,397,868,-471
105000144,209,914,-705
105000145,644,449,195
105000146,487,1012,-525
105000147,563,332,231
105000148,1348,634,714
105000149,2670,2328,342
105000150,2234,1946,288
105000151,442,458,-16
105000152,184,514,-330
105000153,576,771,-195
105000154,662,595,67
105000155,340,1013,-673
105000156,995,699,296
105000157,950,1861,-911
105000158,2016,825,1191
105000159,247,1127,-880
105000160,1663,661,1002
105000161,770,1185,-415
105000162,561,1624,-1063
105000163,1103,983,120
105000164,257,338,-81
105000165,1106,4637,-3531
105000166,5649,914,4735
105000167,2329,1571,758
105000168,339,705,-366
105000169,450,702,-252
105000170,256,1497,-1241
105000171,1187,305,882
105000172,177,147,30
105000173,193,401,-208
105000174,82,179,-97
105000175,81,155,-74
105000176,631,169,462
105000177,250,209,41
105000178,127,534,-407
105000179,494,309,185
105000180,138,173,-35
105000181,132,315,-183
105000182,59,56,3
105000183,2732,1819,913
105000184,1973,1644,329
105000185,2423,942,1481
105000186,1096,911,185
105000187,1112,212,900
105000188,474,155,319
105000189,384,551,-167
105000190,413,561,-148
105000191,436,398,38
105000192,335,72,263
105000193,115,166,-51
105000194,313,135,178
105000195,474,985,-511
105000196,47,209,-162
105000197,282,741,-459
105000198,628,371,257
105000199,309,591,-282
105000200,189,308,-119
105000201,134,40,94
105000203,3,201,-198
105000204,92,107,-15
105000205,164,250,-86
105000207,813,359,454
105000208,317,551,-234
105000209,218,462,-244
105000212,1230,1519,-289
105000213,218,266,-48
105000214,148,318,-170
105000215,261,213,48
105000216,108,828,-720
105000217,180,573,-393
105000218,1217,1159,58
105000221,167,214,-47
105000222,1082,96,986
105000223,480,216,264
105000226,121,293,-172
105000227,110,164,-54
105000228,322,2105,-1783
105000229,172,592,-420
105000231,295,316,-21
105000233,795,769,26
105000234,1186,1356,-170
105000235,503,603,-100
105000237,646,88,558
105000243,33,249,-216
105000248,72,90,-18
105000262,342,1398,-1056
105000269,138,246,-108
105000270,505,61,444
105000271,2,242,-240
105000282,95,54,41
105000287,448,135,313
105000288,784,446,338
105000289,3580,2275,1305
105000290,49,5,44
105000402,4155,4555,-400
105000426,668,719,-51
105000438,4771,2018,2753
105000446,14366,6987,7379
105000447,8176,3460,4716
105000454,429,332,97
105000455,420,242,178
105000474,49,2,47
105000477,413,623,-210
105000478,1803,4552,-2749
105000479,158,159,-1
105000480,9841,6712,3129
105000481,5426,3517,1909
105000482,6883,8903,-2020
105000483,1851,1897,-46
105000484,2949,3515,-566
105000485,1877,3132,-1255
105000486,4321,2954,1367
105000488,11233,6531,4702
105000489,835,990,-155
105000549,223,167,56
105000550,690,1740,-1050
105000551,26,137,-111
105000552,2775,1907,868
105900001,17,1774,-1757
105900002,1428,696,732
105900003,12,126,-114
105900004,488,130,358
105900005,11,261,-250
105900006,23,144,-121
105900007,258,38,220
105900008,53,563,-510
105900009,16,31,-15
105900011,486,69,417
105900012,703,207,496
105900013,8,53,-45
105900014,19,76,-57
105900015,244,428,-184
105900016,481,735,-254
105900017,1311,49,1262
105900018,243,179,64
105900019,77,790,-713
105900020,69,90,-21
105900021,52,515,-463
105900022,576,222,354
105900023,7,153,-146
105900024,61,251,-190
105900025,461,74,387
105900026,335,25,310
105900027,10805,12428,-1623
105900028,975,295,680
105900029,1637,479,1158
105900030,207,278,-71
105900031,318,266,52
105900032,74,185,-111
105900033,140,129,11
105900034,569,222,347
105900035,261,210,51
105900036,98,179,-81
105900037,93,83,10
105900038,192,324,-132
105900039,138,141,-3
105900040,81,121,-40
105900041,163,289,-126
105900042,45,150,-105
105900043,1444,73,1371
105900044,6,334,-328
105900045,8,961,-953
105900046,5,348,-343
105900047,7,105,-98
105900048,89,622,-533
105900050,10375,5269,5106
105900051,59,1230,-1171
105900052,618,427,191
105900053,3681,2985,696
105900054,443,272,171
105900056,972,430,542
105900057,138,193,-55
105900058,22,27,-5
105900059,0,35,-35
106000001,4577,2374,2203
106000002,2605,5463,-2858
106000003,2866,3371,-505
106000004,1685,2922,-1237
106000005,3320,6149,-2829
106000006,5958,4645,1313
106000007,567,612,-45
106000008,415,347,68
106000009,649,434,215
106000010,656,665,-9
106000011,1115,1261,-146
106000012,886,1498,-612
106000013,1868,2312,-444
106000014,2002,1791,211
106000015,1639,1374,265
106000016,1261,2282,-1021
106000017,587,788,-201
106000018,584,568,16
106000019,407,577,-170
106000020,303,399,-96
106000021,286,533,-247
106000022,326,263,63
106000023,659,427,232
106000024,707,696,11
106000025,107,196,-89
106000026,153,258,-105
106000027,1289,1434,-145
106000028,643,578,65
106000029,917,1421,-504
106000030,653,529,124
106000034,311,693,-382
106000035,1100,2119,-1019
106000036,255,525,-270
106000037,2079,1589,490
106000038,504,127,377
106000039,194,87,107
106000040,175,1113,-938
106000041,861,565,296
106000043,608,244,364
106000046,425,83,342
106000047,61,461,-400
106000049,816,261,555
106000050,334,878,-544
106000051,720,471,249
106000052,115,738,-623
106000053,356,133,223
106000054,401,535,-134
106000055,1172,1383,-211
106000056,254,461,-207
106000057,342,320,22
106000058,139,179,-40
106000059,304,414,-110
106000060,347,578,-231
106000061,186,572,-386
106000062,151,576,-425
106000063,577,521,56
106000064,39,422,-383
106000065,349,380,-31
106000066,115,364,-249
106000067,542,135,407
106000068,52,727,-675
106000069,187,113,74
106000070,542,869,-327
106000071,1119,404,715
106000072,3024,1572,1452
106000073,1708,2840,-1132
106000074,647,670,-23
106000075,366,1555,-1189
106000076,2013,2342,-329
106000077,3767,1538,2229
106000078,1035,987,48
106000079,652,1017,-365
106000080,1170,781,389
106000081,657,1148,-491
106000082,2599,1074,1525
106000083,418,1657,-1239
106000084,1278,743,535
106000085,1547,1719,-172
106000086,670,1008,-338
106000087,998,632,366
106000088,488,886,-398
106000089,1032,417,615
106000090,345,721,-376
106000091,271,604,-333
106000092,604,310,294
106000093,310,171,139
106000094,79,223,-144
106000095,640,755,-115
106000096,748,778,-30
106000097,910,931,-21
106000098,727,1067,-340
106000099,274,865,-591
106000100,2319,279,2040
106000101,5303,364,4939
106000102,702,685,17
106000103,596,665,-69
106000104,1556,508,1048
106000105,531,702,-171
106000106,590,478,112
106000107,89,339,-250
106000108,196,358,-162
106000109,155,266,-111
106000110,268,323,-55
106000111,189,403,-214
106000112,196,569,-373
106000113,763,554,209
106000114,513,678,-165
106000115,218,429,-211
106000116,219,265,-46
106000117,1187,828,359
106000118,1217,1464,-247
106000119,1724,1108,616
106000120,902,1212,-310
106000121,165,131,34
106000122,108,270,-162
106000123,418,205,213
106000124,64,271,-207
106000125,83,265,-182
106000126,243,120,123
106000127,781,871,-90
106000128,556,227,329
106000129,402,685,-283
106000130,778,328,450
106000131,147,937,-790
106000132,528,194,334
106000133,2049,1215,834
106000134,639,3530,-2891
106000135,213,703,-490
106000136,749,1160,-411
106000137,87,893,-806
106000138,1027,109,918
106000139,33,152,-119
106000140,43,72,-29
106000141,74,68,6
106000142,53,73,-20
106000143,51,79,-28
106000144,41,80,-39
106000145,226,291,-65
106000146,284,200,84
106000147,505,554,-49
106000148,640,805,-165
106000149,534,378,156
106000150,442,1876,-1434
106000151,3851,893,2958
106000152,1608,1927,-319
106000153,88,1696,-1608
106000154,1442,229,1213
106000155,101,252,-151
106000156,883,394,489
106000157,746,1917,-1171
106000158,2382,1020,1362
106000159,3187,1923,1264
106000160,413,2626,-2213
106000161,1867,390,1477
106000162,249,897,-648
106000163,468,404,64
106000164,301,346,-45
106000165,254,564,-310
106000166,637,418,219
106000167,409,1038,-629
106000168,504,336,168
106000169,294,624,-330
106000170,978,351,627
106000171,501,1353,-852
106000172,3071,1618,1453
106000173,1320,3075,-1755
106000174,1077,423,654
106000175,340,999,-659
106000176,1543,985,558
106000177,864,2590,-1726
106000178,3514,1893,1621
106000179,1252,2507,-1255
106000180,978,1405,-427
106000181,748,2085,-1337
106000182,1194,895,299
106000183,1384,818,566
106000184,2618,948,1670
106000185,1275,1487,-212
106000186,863,272,591
106000187,271,1091,-820
106000188,2,4,-2
106000189,15,39,-24
106000190,43,5,38
106000191,667,249,418
106000192,5,30,-25
106000193,535,245,290
106000194,214,521,-307
106000195,1297,307,990
106000196,272,836,-564
106000197,913,414,499
106000198,221,268,-47
106000199,1668,865,803
106000200,311,235,76
106000201,458,2352,-1894
106000202,4665,731,3934
106000203,64,201,-137
106000204,57,6,51
106000205,20,156,-136
106000206,126,12,114
106000207,62,890,-828
106000208,1254,158,1096
106000209,1454,382,1072
106000210,439,1191,-752
106000211,450,1235,-785
106000212,858,435,423
106000213,781,2311,-1530
106000214,2816,841,1975
106000215,244,545,-301
106000216,283,349,-66
106000217,311,453,-142
106000218,464,455,9
106000219,143,278,-135
106000220,637,240,397
106000221,125,279,-154
106000222,103,106,-3
106000223,195,137,58
106000224,184,265,-81
106000225,52,133,-81
106000226,136,283,-147
106000228,43,73,-30
106000229,68,653,-585
106000231,840,125,715
106000232,164,339,-175
106000233,937,96,841
106000234,824,174,650
106000235,1217,139,1078
106000236,464,69,395
106000237,1,15,-14
106000238,141,22,119
106000239,4,148,-144
106000240,58,7,51
106000241,38,739,-701
106000242,256,35,221
106000249,64,82,-18
106000250,77,581,-504
106000251,168,33,135
106000252,52,105,-53
106000253,52,108,-56
106000254,34,52,-18
106000255,24,183,-159
106000256,44,50,-6
106000257,105,353,-248
106000258,540,19,521
106000259,20,72,-52
106000260,32,0,32
106000261,11,60,-49
106000262,171,10,161
106000263,10,52,-42
106000264,198,9,189
106000265,16,140,-124
106000266,144,42,102
106000267,4,98,-94
106000268,573,71,502
106000269,56,46,10
106000270,136,548,-412
106000271,75,252,-177
106000272,410,78,332
106000273,18,339,-321
106000274,210,49,161
106000275,143,290,-147
106000276,229,42,187
106000277,141,316,-175
106000278,216,44,172
106000279,18,55,-37
106000280,69,96,-27
106000281,91,81,10
106000282,65,66,-1
106000283,133,77,56
106000284,55,124,-69
106000285,123,91,32
106000286,93,169,-76
106000287,141,97,44
106000288,70,193,-123
106000289,114,73,41
106000290,59,90,-31
106000291,149,103,46
106000292,103,79,24
106000293,146,92,54
106000294,139,144,-5
106000295,50,51,-1
106000296,57,84,-27
106000297,81,263,-182
106000298,167,63,104
106000299,87,131,-44
106000300,41,95,-54
106000301,59,118,-59
106000303,29,121,-92
106000304,25,25,0
106000305,45,56,-11
106000306,26,62,-36
106000307,52,36,16
106000308,42,148,-106
106000309,11,75,-64
106000310,326,548,-222
106000311,402,200,202
106000312,85,172,-87
106000313,141,225,-84
106000318,89,457,-368
106000319,1034,209,825
106000320,4,94,-90
106000321,482,138,344
106000322,138,185,-47
106000324,13,139,-126
106000325,1602,1097,505
106000326,1044,1927,-883
106000327,144,151,-7
106000328,127,112,15
106000329,280,287,-7
106000330,230,81,149
106000428,110,178,-68
106000429,104,448,-344
106000430,328,1225,-897
106000431,2291,434,1857
106000432,1872,2760,-888
106000433,2398,1340,1058
106000434,3212,1608,1604
106000435,1549,2671,-1122
106000436,13,244,-231
106000437,317,48,269
106000438,545,209,336
106000439,115,522,-407
106000440,539,397,142
106000441,4,2,2
106000442,131,7,124
106000443,140,382,-242
106000450,1,214,-213
106000451,18,60,-42
106000454,5,238,-233
106000455,6,229,-223
106000456,97,90,7
106000457,12,1185,-1173
106000458,713,152,561
106000459,121,517,-396
106000460,1529,37,1492
106000461,100,1656,-1556
106000462,5,23,-18
106000463,2,28,-26
106000464,7,534,-527
106000465,636,5,631
106000466,2,670,-668
106000467,517,701,-184
106000468,67,179,-112
106000469,228,5,223
106000470,350,1708,-1358
106000471,36,724,-688
106000472,210,33,177
106000473,36,16,20
106000474,259,552,-293
106000475,273,177,96
106000476,136,176,-40
106000477,20,47,-27
106900001,0,18,-18
106900002,2,515,-513
106900003,256,1102,-846
106900004,1,44,-43
106900006,1,27,-26
106900007,0,20,-20
106900008,256,328,-72
106900009,317,365,-48
106900010,207,329,-122
106900012,1990,4129,-2139
106900013,1995,152,1843
106900014,29,6,23
106900015,26,2,24
106900016,304,6,298
106900017,7,0,7
106900018,2,0,2
106900019,49,4,45
106900020,2903,1466,1437
106900021,125,99,26
106900022,664,2,662
106900023,49,310,-261
106900024,1794,53,1741
106900025,81,850,-769
106900026,0,574,-574
106900027,641,9,632
107000001,4837,4219,618
107000002,4379,6201,-1822
107000003,6272,7423,-1151
107000004,6295,6717,-422
107000005,4372,5816,-1444
107000006,6719,5842,877
107000007,6864,11106,-4242
107000008,14527,10466,4061
107000009,8081,8599,-518
107000010,13071,12878,193
107000011,1514,1815,-301
107000012,5318,3931,1387
107000013,79,139,-60
107000014,50,405,-355
107000015,694,941,-247
107000016,717,1072,-355
107000017,9106,2450,6656
107000018,147,2038,-1891
107000020,6145,2114,4031
107000021,2340,638,1702
107000022,1954,2251,-297
107000023,3618,364,3254
107000024,734,1823,-1089
107000025,270,638,-368
107000026,527,713,-186
107000027,1467,1945,-478
107000028,1696,1797,-101
107000029,3631,3684,-53
107000030,4143,3956,187
107000031,3995,3511,484
107000032,617,1255,-638
107000033,3461,7765,-4304
107000034,4564,2092,2472
107000035,453,312,141
107000036,578,1314,-736
107000037,106,1057,-951
107000038,252,332,-80
107000039,981,1046,-65
107000040,195,443,-248
107000041,2149,1068,1081
107000042,917,2235,-1318
107000043,3298,1258,2040
107000044,644,469,175
107000045,139,388,-249
107000046,1123,516,607
107000047,545,1011,-466
107000048,770,407,363
107000049,556,906,-350
107000050,1180,557,623
107000051,420,385,35
107000052,1305,1121,184
107000053,378,227,151
107000054,65,328,-263
107000055,161,98,63
107000056,478,795,-317
107000057,1381,215,1166
107000058,2554,2751,-197
107000059,2454,3890,-1436
107000060,4915,6442,-1527
107000061,5974,4576,1398
107000062,4437,3305,1132
107000063,4744,6228,-1484
107000064,4658,2786,1872
107000065,6737,5726,1011
107000066,2668,3571,-903
107000067,1276,1351,-75
107000068,1736,955,781
107000069,828,544,284
107000070,1339,8,1331
107000071,3134,50,3084
107000072,100,3410,-3310
107000073,884,378,506
107000074,202,1232,-1030
107000075,1825,558,1267
107000076,836,1782,-946
107000077,3897,1506,2391
107000078,3441,4163,-722
107000079,3056,1180,1876
107000080,1445,3939,-2494
107000081,1735,660,1075
107000082,749,2608,-1859
107000083,1412,487,925
107000084,484,2769,-2285
107000085,3191,4067,-876
107000086,4145,4049,96
107000087,3185,2416,769
107000088,4083,4362,-279
107000089,1625,2018,-393
107000090,1493,1320,173
107000091,1344,1127,217
107000092,861,1224,-363
107000093,1234,939,295
107000094,1116,1339,-223
107000095,891,782,109
107000096,643,1184,-541
107000097,967,308,659
107000098,948,563,385
107000099,752,396,356
107000100,398,384,14
107000101,132,193,-61
107000102,227,408,-181
107000103,315,204,111
107000104,194,275,-81
107000105,427,162,265
107000106,340,293,47
107000107,541,252,289
107000108,225,643,-418
107000109,760,255,505
107000110,66,674,-608
107000111,301,60,241
107000112,42,303,-261
107000113,574,168,406
107000114,124,545,-421
107000115,486,186,300
107000116,164,816,-652
107000117,153,559,-406
107000118,154,244,-90
107000119,1665,1588,77
107000120,1321,496,825
107000121,911,839,72
107000122,1209,1096,113
107000123,441,750,-309
107000124,597,1072,-475
107000125,897,701,196
107000126,816,863,-47
107000127,85,410,-325
107000129,286,166,120
107000130,372,303,69
107000131,566,400,166
107000132,636,516,120
107000133,1165,160,1005
107000134,463,5,458
107000135,1,378,-377
107000136,997,10,987
107000137,11,528,-517
107000138,676,31,645
107000139,35,553,-518
107000140,2720,174,2546
107000141,137,947,-810
107000142,532,138,394
107000143,109,780,-671
107000144,972,561,411
107000145,244,584,-340
107000146,268,445,-177
107000147,3486,1036,2450
107000150,852,5912,-5060
107000151,68,172,-104
107000152,491,1516,-1025
107000153,292,616,-324
107000154,288,300,-12
107000155,1002,66,936
107000156,1449,49,1400
107000157,123,1760,-1637
107000158,408,38,370
107000159,32,1032,-1000
107000160,944,238,706
107000161,107,1826,-1719
107000162,347,817,-470
107000163,283,5,278
107000164,695,3,692
107000165,935,22,913
107000166,96,1410,-1314
107000167,687,321,366
107000168,1101,605,496
107000169,849,1086,-237
107000170,2110,1259,851
107000171,1041,2463,-1422
107000172,1167,1505,-338
107000173,918,1258,-340
107000174,1203,6452,-5249
107000175,8173,2158,6015
107000176,1,1,0
107000177,11,2,9
107000178,11,47,-36
107000179,337,2389,-2052
107000180,1375,452,923
107000181,411,1195,-784
107000182,1679,1287,392
107000183,104,1024,-920
107000184,1011,861,150
107000185,620,1820,-1200
107000186,1310,695,615
107000187,1656,1613,43
107000188,729,714,15
107000189,531,1347,-816
107000190,722,867,-145
107000191,668,1039,-371
107000192,1775,940,835
107000193,435,552,-117
107000194,949,773,176
107000197,1163,414,749
107000198,378,886,-508
107000199,827,893,-66
107000200,720,884,-164
107000201,551,423,128
107000202,369,616,-247
107000203,1835,1154,681
107000204,1958,1284,674
107000205,3137,1367,1770
107000206,1329,1684,-355
107000207,853,1175,-322
107000208,1448,610,838
107000209,2619,1317,1302
107000210,1033,452,581
107000211,9,68,-59
107000212,18,395,-377
107000213,10,27,-17
107000214,21,175,-154
107000215,650,404,246
107000216,451,414,37
107000217,321,130,191
107000219,119,186,-67
107000220,344,186,158
107000222,272,1025,-753
107000224,632,95,537
107000225,1180,577,603
107000226,537,105,432
107000227,167,349,-182
107000228,180,238,-58
107000229,143,207,-64
107000230,1206,605,601
107000231,2198,2033,165
107000232,153,106,47
107000233,2371,1254,1117
107000234,2,69,-67
107000235,86,7,79
107000236,24,1053,-1029
107000237,51,4,47
107000238,53,0,53
107000239,3784,645,3139
107000240,105,1320,-1215
107000241,103,26,77
107000242,427,36,391
107000243,1,53,-52
107000244,11,73,-62
107000246,8,1189,-1181
107000249,2,1280,-1278
107000251,4,493,-489
107000252,4,1532,-1528
107000255,639,190,449
107000257,1,438,-437
107000258,0,145,-145
107000259,7,279,-272
107000260,549,15,534
107000262,14,606,-592
107000263,248,31,217
107000266,7,19,-12
107000267,100,205,-105
107000268,151,204,-53
107000269,896,54,842
107000270,2,31,-29
107000271,15,693,-678
107000272,19,146,-127
107000273,7,275,-268
107000274,5543,605,4938
107000275,132,1828,-1696
107000280,751,51,700
107000281,57,959,-902
107000282,81,929,-848
107000290,37,39,-2
107000291,16,21,-5
107000292,4,162,-158
107000293,252,3,249
107000294,0,52,-52
107000295,171,5,166
107000296,0,11,-11
107000444,373,5,368
107000496,3,14,-11
107000497,1749,3036,-1287
107000500,327,417,-90
107000501,215,204,11
107000502,187,456,-269
107000505,415,940,-525
107000506,3,107,-104
107000508,8,826,-818
107000509,280,1222,-942
107000510,99,27,72
107000514,30,345,-315
107000515,21,256,-235
107000516,250,319,-69
107000518,1023,1225,-202
107000519,2240,1189,1051
107000520,49,25,24
107900001,178,236,-58
107900002,59,9,50
107900003,437,25,412
107900004,123,4,119
107900005,1285,12,1273
107900006,172,3,169
107900007,340,70,270
107900008,311,29,282
107900009,214,5,209
107900010,20,2,18
107900012,289,31,258
107900013,320,54,266
107900014,41,12,29
107900015,910,7,903
107900016,619,104,515
107900017,33,10,23
107900018,79,148,-69
107900019,27,39,-12
107900020,152,13,139
107900021,77,175,-98
107900023,3,6,-3
107900024,0,49,-49
107900025,192,310,-118
107900026,89,76,13
107900027,68,76,-8
107900028,70,89,-19
107900030,146,30,116
107900031,55,142,-87
107900032,22,10,12
107900033,22,13,9
107900034,426,32,394
107900035,797,83,714
107900036,72,20,52
107900037,0,47,-47
107900038,168,258,-90
107900039,24,67,-43
107900040,93,180,-87
107900041,3,2,1
107900043,33,179,-146
107900044,15,18,-3
107900045,127,74,53
107900046,122,260,-138
107900047,48,70,-22
107900048,194,14,180
107900049,440,2882,-2442
107900050,200,376,-176
107900051,106,91,15
107900052,38,42,-4
107900053,38,142,-104
107900055,1137,499,638
107900056,152,86,66
107900057,2,0,2
107900058,49,632,-583
107900060,285,54,231
107900061,10,4,6
107900063,97,157,-60
107900064,395,161,234
107900065,176,25,151
107900066,45,9,36
107900067,0,2,-2
107900068,181,504,-323
107900069,31,1651,-1620
107900070,129,56,73
107900071,24,763,-739
107900072,94,247,-153
107900073,467,132,335
107900074,825,295,530
107900076,119,70,49
107900077,41,1,40
107900078,207,90,117
107900079,14,59,-45
107900080,357,735,-378
107900081,86,132,-46
107900082,35,14,21
107900083,405,231,174
107900084,143,153,-10
107900086,136,206,-70
107900087,787,222,565
107900088,34,5,29
107900089,310,1306,-996
107900090,1000,2555,-1555
107900091,290,535,-245
107900092,2631,659,1972
107900093,155,99,56
107900095,3887,2449,1438
107900097,47,78,-31
107900098,89,246,-157
107900100,1229,1203,26
107900101,1179,339,840
107900102,42,2,40
107900103,53,203,-150
107900104,286,12,274
107900105,1,365,-364
107900106,4,1137,-1133
107900107,2230,582,1648
107900108,287,192,95
107900109,1087,12,1075
107900110,51,296,-245
107900111,10,1029,-1019
107900112,95,333,-238
107900113,175,152,23
107900114,168,237,-69
107900115,10,46,-36
107900116,171,251,-80
107900117,505,491,14
107900118,96,227,-131
107900119,72,346,-274
107900120,22,37,-15
107900121,5,250,-245
107900122,2,113,-111
107900123,7,54,-47
107900124,13,40,-27
107900125,40,231,-191
107900126,9,90,-81
107900127,752,334,418
107900128,100,94,6
107900129,40,122,-82
107900130,96,47,49
107900131,1271,422,849
107900132,155,514,-359
107900133,1,90,-89
107900134,62,87,-25
107900135,6,212,-206
107900136,56,86,-30
107900137,187,107,80
107900138,73,178,-105
107900139,41,238,-197
107900140,132,77,55
107900141,56,72,-16
107900142,107,1068,-961
107900143,510,55,455
107900144,0,187,-187
107900145,13,174,-161
107900146,91,124,-33
107900147,61,47,14
107900148,152,165,-13
107900149,1110,364,746
107900150,87,759,-672
107900151,26,108,-82
107900152,20,322,-302
107900153,149,297,-148
107900154,32,39,-7
107900155,60,139,-79
107900156,4,344,-340
107900157,73,67,6
107900158,896,39,857
107900159,53,989,-936
107900160,96,190,-94
107900161,26,208,-182
107900162,0,201,-201
107900163,84,95,-11
107900164,3,51,-48
107900165,23,90,-67
107900166,17,252,-235
107900167,35,72,-37
107900168,25,48,-23
107900169,1,173,-172
107900171,6,1423,-1417
107900172,1,408,-407
107900173,28,201,-173
107900174,101,2,99
107900175,111,56,55
107900176,40,73,-33
107900177,5,399,-394
107900178,0,179,-179
107900179,14,132,-118
107900180,778,479,299
107900181,1083,301,782
107900182,6,1193,-1187
107900183,53,267,-214
107900184,231,348,-117
107900185,109,13,96
107900186,42,65,-23
107900187,3,176,-173
107900188,775,174,601
107900189,34,169,-135
107900190,93,146,-53
107900191,101,137,-36
107900193,7,23,-16
107900194,267,15,252
107900195,3057,540,2517
107900196,67,147,-80
107900197,1190,453,737
107900199,5,1023,-1018
107900201,82,92,-10
107900203,62,93,-31
107900204,222,355,-133
107900205,272,453,-181
107900206,1246,330,916
107900207,4,762,-758
107900208,19,722,-703
107900209,430,184,246
107900210,95,142,-47
107900213,1244,994,250
107900214,58,134,-76
107900215,195,420,-225
107900216,229,84,145
107900217,86,136,-50
107900218,21,2187,-2166
107900219,37,132,-95
107900220,304,336,-32
107900221,335,228,107
107900223,94,709,-615
107900224,175,399,-224
107900225,27,807,-780
107900226,126,127,-1
107900227,137,494,-357
107900228,15,178,-163
107900229,6,407,-401
107900230,12,120,-108
107900231,30,254,-224
107900232,57,171,-114
107900233,4,162,-158
107900234,99,185,-86
107900235,58,134,-76
107900236,72,95,-23
107900237,85,568,-483
107900238,38,129,-91
107900239,918,507,411
107900240,42,139,-97
107900241,20,103,-83
107900242,37,249,-212
107900243,1,80,-79
107900244,317,8,309
107900245,510,52,458
107900246,673,19,654
107900248,273,506,-233
107900249,484,42,442
107900250,5,533,-528
107900251,87,1725,-1638
107900252,1048,85,963
107900253,170,7,163
107900254,81,731,-650
107900255,357,115,242
107900256,3068,2364,704
107900257,297,156,141
107900258,127,272,-145
107900259,123,1800,-1677
107900261,3,356,-353
107900262,107,137,-30
107900264,279,5,274
107900265,306,163,143
107900267,160,29,131
107900268,41,4,37
107900269,0,14,-14
107900270,1,0,1
107900271,2,25,-23
107900272,177,27,150
107900273,43,120,-77
107900274,65,1,64
107900275,31,1,30
107900276,2,97,-95
107900277,0,229,-229
107900278,279,442,-163
107900279,141,239,-98
107900280,2191,2700,-509
107900281,2033,2349,-316
107900282,63,490,-427
107900283,1257,571,686
107900284,768,742,26
107900285,83,114,-31
107900286,198,131,67
107900287,206,207,-1
107900290,0,92,-92
107900291,483,18,465
107900292,227,248,-21
107900293,57,594,-537
107900295,62,63,-1
107900297,7,457,-450
107900298,1085,1019,66
107900299,3551,2358,1193
107900300,64,305,-241
107900301,1192,641,551
107900302,135,51,84
107900303,354,379,-25
107900304,256,626,-370
107900305,310,17,293
107900306,67,59,8
107900307,56,365,-309
107900308,168,136,32
107900309,100,4,96
107900310,752,4,748
107900311,12,453,-441
107900312,96,2,94
107900313,1,193,-192
107900314,0,66,-66
107900315,6,96,-90
107900316,51,7,44
107900317,154,38,116
107900318,35,216,-181
107900319,5,276,-271
107900320,6,197,-191
107900321,128,1,127
107900322,1,159,-158
107900323,33,183,-150
107900324,149,8,141
107900325,94,1,93
107900326,291,228,63
107900327,3,102,-99
107900328,172,3,169
107900329,149,120,29
107900330,12,499,-487
107900331,189,41,148
107900332,211,29,182
107900333,40,27,13
107900334,19,189,-170
107900335,127,51,76
107900336,132,50,82
107900337,1308,940,368
107900338,8,252,-244
107900339,1,29,-28
107900340,1,88,-87
107900341,61,1,60
107900342,87,116,-29
107900343,103,3,100
107900344,9,98,-89
107900345,130,34,96
107900346,57,2,55
107900347,37,3,34
107900348,20,2,18
107900349,16,9,7
107900350,42,250,-208
108000001,3294,4192,-898
108000002,2327,3196,-869
108000003,3991,3585,406
108000004,13702,17699,-3997
108000005,9739,7160,2579
108000006,9724,9357,367
108000007,5562,4590,972
108000008,4983,7549,-2566
108000009,3724,4990,-1266
108000010,3472,5374,-1902
108000011,13562,12568,994
108000012,20552,18704,1848
108000014,1198,784,414
108000015,695,307,388
108000016,260,625,-365
108000017,1067,474,593
108000018,2877,834,2043
108000019,3476,1034,2442
108000020,1575,761,814
108000021,490,2032,-1542
108000022,497,1460,-963
108000023,1335,320,1015
108000024,381,746,-365
108000025,317,382,-65
108000026,679,529,150
108000027,726,528,198
108000028,619,289,330
108000029,691,635,56
108000030,712,327,385
108000031,298,805,-507
108000032,1590,936,654
108000033,876,1295,-419
108000034,1681,744,937
108000035,808,2516,-1708
108000036,380,1038,-658
108000037,1520,675,845
108000038,2341,981,1360
108000039,590,2075,-1485
108000040,2026,1226,800
108000041,841,2627,-1786
108000042,314,299,15
108000043,181,314,-133
108000044,496,260,236
108000045,328,597,-269
108000046,1535,489,1046
108000047,565,1175,-610
108000048,297,424,-127
108000049,1486,401,1085
108000050,74,396,-322
108000051,338,132,206
108000052,256,667,-411
108000053,475,272,203
108000054,621,1113,-492
108000055,1371,638,733
108000056,1189,1379,-190
108000057,584,1328,-744
108000058,2139,3961,-1822
108000059,3528,2295,1233
108000060,169,397,-228
108000061,176,352,-176
108000062,819,688,131
108000063,523,566,-43
108000064,255,243,12
108000065,629,757,-128
108000066,1658,800,858
108000067,1753,609,1144
108000068,787,480,307
108000069,203,1080,-877
108000070,1897,943,954
108000071,698,1810,-1112
108000072,1716,1517,199
108000073,1422,2213,-791
108000074,661,487,174
108000075,470,1029,-559
108000076,885,708,177
108000077,690,880,-190
108000078,2247,1726,521
108000079,914,1875,-961
108000080,1226,754,472
108000081,807,2011,-1204
108000082,1054,2138,-1084
108000083,1862,1165,697
108000084,604,1356,-752
108000085,656,516,140
108000086,899,972,-73
108000087,152,1971,-1819
108000088,205,19,186
108000089,410,511,-101
108000090,515,263,252
108000091,368,492,-124
108000092,166,97,69
108000093,206,709,-503
108000094,541,135,406
108000095,155,438,-283
108000096,306,190,116
108000097,177,528,-351
108000098,1518,1839,-321
108000099,486,171,315
108000100,63,246,-183
108000101,1789,1578,211
108000102,1870,3256,-1386
108000106,1075,2,1073
108000107,1,960,-959
108000108,1474,71,1403
108000109,13,878,-865
108000110,177,371,-194
108000111,206,712,-506
108000112,74,136,-62
108000113,558,310,248
108000115,382,332,50
108000117,1041,499,542
108000118,93,291,-198
108000119,797,431,366
108000120,178,812,-634
108000121,252,509,-257
108000122,649,368,281
108000123,2146,247,1899
108000124,611,643,-32
108000125,395,318,77
108000126,137,467,-330
108000127,509,533,-24
108000128,675,580,95
108000129,552,1226,-674
108000130,827,360,467
108000131,856,743,113
108000132,2239,1683,556
108000133,885,719,166
108000134,534,623,-89
108000135,1062,577,485
108000136,556,1165,-609
108000137,456,474,-18
108000138,377,1096,-719
108000139,582,391,191
108000140,144,40,104
108000141,34,127,-93
108000142,73,119,-46
108000143,35,34,1
108000144,39,12,27
108000145,82,19,63
108000146,74,28,46
108000147,71,39,32
108000148,93,42,51
108000149,36,19,17
108000150,31,10,21
108000151,76,30,46
108000152,133,630,-497
108000153,529,177,352
108000154,55,15,40
108000155,31,35,-4
108000156,385,131,254
108000157,292,1034,-742
108000158,90,758,-668
108000159,517,268,249
108000160,3194,1253,1941
108000161,3208,2862,346
108000165,4,222,-218
108000172,12,275,-263
108000173,2157,2210,-53
108000175,290,161,129
108000178,384,384,0
108000179,162,847,-685
108000181,54,45,9
108000182,123,15,108
108000183,132,45,87
108000184,1076,2066,-990
108000185,287,545,-258
108000186,210,96,114
108000187,138,572,-434
108000188,676,352,324
108000189,721,1521,-800
108000190,81,156,-75
108000192,282,600,-318
108000193,1053,56,997
108000194,55,7,48
108000195,1,1063,-1062
108000196,811,202,609
108000198,546,379,167
108000199,1,146,-145
108000200,535,699,-164
108000202,3,233,-230
108000203,122,662,-540
108000204,155,126,29
108000205,351,480,-129
108000339,1591,404,1187
108000364,162,324,-162
108000365,95,315,-220
108000367,228,466,-238
108000368,9,54,-45
108000369,896,196,700
108000371,3,520,-517
108000372,809,2,807
108000373,251,290,-39
108000376,87,22,65
108000377,397,311,86
108000378,10415,10997,-582
108000379,59,251,-192
108000381,51,26,25
108000382,90,4,86
108000383,1,91,-90
108900001,122,1100,-978
108900002,188,67,121
108900003,393,737,-344
108900004,295,513,-218
108900005,72,413,-341
108900006,912,222,690
108900007,253,273,-20
108900008,129,214,-85
108900009,70,168,-98
108900010,225,230,-5
108900011,448,477,-29
108900012,272,579,-307
108900013,178,337,-159
108900014,14,150,-136
108900015,0,74,-74
108900016,1,262,-261
108900017,586,528,58
108900018,195,522,-327
108900019,59,1097,-1038
108900020,45,246,-201
108900021,187,280,-93
108900022,131,8,123
108900023,1,42,-41
108900024,22,145,-123
108900025,97,190,-93
108900026,32,126,-94
108900027,0,98,-98
108900028,76,314,-238
108900029,48,261,-213
108900030,1,84,-83
108900031,121,396,-275
108900032,23,289,-266
108900033,1,128,-127
108900034,1,218,-217
108900035,389,1350,-961
108900036,262,275,-13
108900037,72,409,-337
108900038,3,307,-304
108900039,1,405,-404
108900040,12,118,-106
108900041,6109,3204,2905
108900042,8,420,-412
108900043,77,557,-480
108900044,1,479,-478
108900045,56,602,-546
108900046,83,877,-794
108900047,1,48,-47
108900048,119,947,-828
108900049,3830,1410,2420
108900050,6,201,-195
108900051,1,180,-179
108900052,26,254,-228
108900053,98,179,-81
108900054,72,241,-169
108900055,83,442,-359
108900056,1,152,-151
108900057,0,170,-170
108900058,28,436,-408
108900059,384,35,349
108900060,110,126,-16
108900061,103,51,52
108900062,3,253,-250
108900063,17,378,-361
108900064,221,80,141
108900065,19,264,-245
108900066,345,170,175
108900067,42,163,-121
108900068,0,77,-77
108900069,74,99,-25
108900070,48,112,-64
108900071,81,89,-8
108900072,2495,912,1583
108900073,11,69,-58
108900074,222,395,-173
108900075,77,62,15
108900076,314,99,215
108900077,123,133,-10
108900078,13,188,-175
108900079,1121,248,873
108900080,64,943,-879
108900081,46,254,-208
108900082,77,140,-63
108900083,57,281,-224
108900084,465,177,288
108900085,2606,242,2364
108900086,89,277,-188
108900087,134,221,-87
108900088,1068,479,589
108900089,37,168,-131
108900090,17,265,-248
108900091,108,112,-4
108900092,528,369,159
108900093,121,128,-7
108900094,219,99,120
108900095,73,331,-258
108900096,344,30,314
108900097,247,256,-9
108900098,2582,849,1733
108900099,463,316,147
108900100,133,126,7
108900101,195,171,24
108900102,126,966,-840
108900103,85,148,-63
108900104,208,456,-248
108900105,6,932,-926
108900106,373,392,-19
108900108,556,75,481
108900109,36,41,-5
108900110,264,535,-271
108900111,408,640,-232
108900112,299,53,246
108900113,54,61,-7
108900114,2,2,0
108900115,83,95,-12
108900116,136,30,106
108900117,157,34,123
108900118,501,17,484
108900119,228,50,178
108900120,155,176,-21
108900121,324,131,193
108900122,113,31,82
108900123,120,151,-31
108900124,405,245,160
108900125,335,6,329
108900126,105,49,56
108900127,199,36,163
108900128,97,56,41
108900129,670,214,456
108900130,351,2,349
108900131,475,5,470
108900132,472,96,376
108900133,241,130,111
108900134,285,337,-52
108900135,126,23,103
108900136,61,0,61
108900137,157,3,154
108900138,659,32,627
108900139,627,231,396
108900140,256,339,-83
108900141,291,16,275
108900142,146,3,143
108900143,53,0,53
108900144,92,1,91
108900145,129,18,111
108900146,137,1,136
108900147,197,0,197
108900148,81,34,47
108900149,773,395,378
108900150,215,11,204
108900151,273,10,263
108900152,236,79,157
108900153,141,418,-277
108900154,5257,642,4615
108900155,268,96,172
108900156,50,6,44
108900157,48,505,-457
108900158,463,47,416
108900159,7,304,-297
108900160,10,291,-281
108900161,18,468,-450
108900162,89,2,87
108900163,12,237,-225
108900164,56,101,-45
108900165,196,98,98
108900167,1941,5955,-4014
108900168,8137,3009,5128
108900169,52,129,-77
108900171,8960,2984,5976
108900172,223,71,152
108900173,265,420,-155
108900174,794,714,80
108900176,148,494,-346
108900177,5892,5787,105
108900178,4489,3455,1034
108900179,750,1653,-903
108900180,89,316,-227
108900182,21,272,-251
108900183,267,302,-35
108900184,420,271,149
108900185,320,473,-153
108900186,105,506,-401
108900187,394,80,314
108900188,447,126,321
108900189,581,211,370
108900190,58,3054,-2996
108900191,276,60,216
108900192,88,286,-198
108900193,752,89,663
108900194,45,719,-674
108900195,122,335,-213
108900196,43,441,-398
108900198,5,490,-485
108900199,264,419,-155
108900200,813,387,426
108900201,553,1680,-1127
108900203,560,65,495
108900204,333,9,324
108900205,165,25,140
108900206,583,57,526
108900207,150,63,87
108900208,21,342,-321
108900209,188,601,-413
108900210,224,256,-32
108900211,219,588,-369
108900212,721,1423,-702
108900215,97,480,-383
108900216,589,187,402
108900217,135,0,135
108900218,188,14,174
108900219,92,9,83
108900220,102,28,74
108900221,48,177,-129
108900222,290,28,262
108900223,11,121,-110
108900224,49,190,-141
108900225,1,177,-176
108900226,271,17,254
108900227,125,340,-215
108900230,288,284,4
108900231,35,233,-198
108900232,1,256,-255
108900233,473,174,299
108900234,289,253,36
108900235,180,581,-401
108900236,99,451,-352
108900237,93,222,-129
108900240,208,160,48
108900241,93,46,47
108900245,10,1459,-1449
108900249,139,37,102
108900250,495,377,118
108900257,277,702,-425
108900258,25,231,-206
108900259,300,82,218
108900260,11,107,-96
108900261,70,133,-63
108900262,149,168,-19
108900263,29,199,-170
108900264,589,269,320
108900265,1143,395,748
108900266,883,489,394
108900267,1,89,-88
108900268,14,3,11
108900269,74,22,52
108900270,57,11,46
108900271,31,11,20
108900272,209,7,202
108900273,1030,846,184
108900274,49,51,-2
109000001,3740,1346,2394
109000002,1885,1693,192
109000003,2697,520,2177
109000004,548,2293,-1745
109000005,2517,657,1860
109000006,780,2155,-1375
109000007,1586,708,878
109000008,547,1901,-1354
109000009,3931,1452,2479
109000010,1402,3689,-2287
109000011,3294,2570,724
109000012,2209,3515,-1306
109000013,4152,3121,1031
109000014,2330,3559,-1229
109000015,4208,7188,-2980
109000016,6969,3988,2981
109000017,2480,1608,872
109000018,1051,3191,-2140
109000019,2678,1287,1391
109000020,976,2204,-1228
109000023,361,29,332
109000024,10,245,-235
109000025,317,425,-108
109000026,754,349,405
109000027,100,320,-220
109000028,143,118,25
109000029,132,216,-84
109000030,99,515,-416
109000031,293,232,61
109000032,143,448,-305
109000033,333,251,82
109000034,69,40,29
109000035,20,112,-92
109000036,150,379,-229
109000037,335,1264,-929
109000038,690,469,221
109000039,1027,755,272
109000040,5265,7877,-2612
109000041,3700,1805,1895
109000042,918,1578,-660
109000044,469,101,368
109000045,139,409,-270
109000046,391,96,295
109000047,84,457,-373
109000048,997,299,698
109000049,458,624,-166
109000050,447,332,115
109000051,408,318,90
109000052,589,1120,-531
109000053,269,160,109
109000054,1153,666,487
109000055,394,471,-77
109000056,564,1146,-582
109000057,801,584,217
109000058,1483,598,885
109000059,1144,1434,-290
109000060,438,321,117
109000061,1090,1242,-152
109000062,259,386,-127
109000063,225,248,-23
109000064,966,244,722
109000065,146,261,-115
109000066,508,146,362
109000067,89,337,-248
109000068,3106,13,3093
109000069,1226,31,1195
109000070,12,1265,-1253
109000071,403,74,329
109000072,152,375,-223
109000073,53,107,-54
109000074,43,218,-175
109000075,92,353,-261
109000076,80,270,-190
109000077,388,354,34
109000078,53,217,-164
109000079,116,219,-103
109000080,152,137,15
109000081,86,537,-451
109000082,518,202,316
109000083,259,813,-554
109000088,143,577,-434
109000089,339,64,275
109000090,177,461,-284
109000091,395,241,154
109000092,425,588,-163
109000093,211,310,-99
109000094,453,0,453
109000095,111,460,-349
109000096,735,301,434
109000097,113,164,-51
109000098,76,147,-71
109000099,1319,449,870
109000100,333,656,-323
109000101,1824,917,907
109000102,474,915,-441
109000103,521,772,-251
109000104,1550,746,804
109000105,531,1482,-951
109000106,2319,1121,1198
109000107,664,2362,-1698
109000108,1801,741,1060
109000109,477,2101,-1624
109000110,1323,685,638
109000111,1011,2364,-1353
109000112,611,160,451
109000113,459,234,225
109000114,326,474,-148
109000115,1481,38,1443
109000116,8,278,-270
109000117,221,97,124
109000118,22,361,-339
109000119,1438,275,1163
109000120,220,1036,-816
109000121,440,85,355
109000122,216,953,-737
109000123,32,68,-36
109000124,587,567,20
109000125,1014,437,577
109000126,440,956,-516
109000127,779,270,509
109000128,500,1636,-1136
109000129,2120,1011,1109
109000130,729,2144,-1415
109000131,945,693,252
109000132,913,2068,-1155
109000133,391,1050,-659
109000134,856,1581,-725
109000135,1671,2040,-369
109000136,407,376,31
109000137,361,483,-122
109000138,576,443,133
109000139,478,518,-40
109000140,411,434,-23
109000141,678,558,120
109000142,124,544,-420
109000143,166,99,67
109000145,106,206,-100
109000146,47,125,-78
109000148,3831,2140,1691
109000149,15,52,-37
109000150,127,271,-144
109000155,747,626,121
109000156,1165,820,345
109000158,226,421,-195
109000159,240,779,-539
109000160,977,357,620
109000161,317,1186,-869
109000162,1923,839,1084
109000163,1057,2072,-1015
109000164,1239,2762,-1523
109000165,1252,743,509
109000166,658,196,462
109000167,154,613,-459
109000170,38,50,-12
109000171,70,49,21
109000172,55,90,-35
109000173,30,71,-41
109000174,82,63,19
109000175,64,108,-44
109000176,302,306,-4
109000177,32,167,-135
109000178,577,97,480
109000179,5787,4971,816
109000180,6077,3912,2165
109000181,20,35,-15
109000182,49,58,-9
109000183,54,45,9
109000184,47,21,26
109000185,50,87,-37
109000188,838,2211,-1373
109000189,3257,1318,1939
109000190,621,509,112
109000191,364,472,-108
109000192,290,495,-205
109000193,168,340,-172
109000194,218,254,-36
109000195,159,389,-230
109000196,332,242,90
109000197,169,442,-273
109000198,341,108,233
109000199,153,526,-373
109000206,260,61,199
109000207,129,84,45
109000208,102,139,-37
109000209,224,129,95
109000210,180,573,-393
109000211,173,303,-130
109000214,450,446,4
109000215,173,112,61
109000216,224,296,-72
109000217,440,183,257
109000218,864,242,622
109000221,509,1273,-764
109000222,1114,338,776
109000223,361,392,-31
109000224,50,134,-84
109000225,97,117,-20
109000226,53,220,-167
109000227,981,1323,-342
109000228,3,1176,-1173
109000231,1,340,-339
109000232,275,361,-86
109000236,300,792,-492
109000241,2299,2356,-57
109000242,1992,1775,217
109000293,78,109,-31
109000361,234,336,-102
109000364,420,683,-263
109000396,4,575,-571
109000397,548,7,541
109000399,125,618,-493
109000400,65,239,-174
109000403,216,967,-751
109000406,419,3,416
109000407,259,212,47
109000408,1,432,-431
109000410,1079,335,744
109000411,84,21,63
109900001,80,0,80
109900002,1169,29,1140
109900003,220,0,220
109900004,1381,207,1174
109900005,46,6,40
109900006,596,375,221
109900007,665,528,137
109900008,0,50,-50
109900009,140,699,-559
109900010,556,20,536
109900011,110,99,11
109900012,444,317,127
109900013,385,228,157
109900014,476,115,361
109900015,581,305,276
109900016,207,33,174
109900017,204,339,-135
109900018,377,101,276
109900019,519,66,453
109900020,47,68,-21
109900021,25,23,2
109900022,64,244,-180
109900023,14,7,7
109900024,25,20,5
109900025,49,65,-16
109900026,3,198,-195
109900027,31,81,-50
109900028,1818,813,1005
109900029,1,385,-384
109900030,96,30,66
109900031,2,255,-253
109900032,14,448,-434
109900033,8,595,-587
109900034,43,0,43
109900035,19,35,-16
109900036,30,81,-51
109900037,24,566,-542
109900038,92,378,-286
109900039,11,1,10
109900040,20,521,-501
109900041,96,392,-296
109900042,265,825,-560
109900044,512,250,262
109900045,277,107,170
109900046,18,91,-73
109900047,388,357,31
109900048,1,111,-110
109900049,7,45,-38
109900050,1,130,-129
109900051,2,41,-39
109900052,210,390,-180
109900053,9,396,-387
109900054,584,301,283
109900055,70,340,-270
109900056,37,216,-179
109900057,14,190,-176
109900058,0,98,-98
109900059,660,173,487
109900060,397,233,164
109900061,47,300,-253
109900062,0,144,-144
109900063,11,590,-579
109900064,529,303,226
109900065,88,191,-103
109900066,362,927,-565
109900067,0,243,-243
109900068,72,6,66
109900069,9,48,-39
109900070,56,439,-383
109900071,2,50,-48
109900072,46,215,-169
109900073,456,569,-113
109900074,18,38,-20
109900075,27,59,-32
109900076,20,261,-241
109900077,31,79,-48
109900078,109,250,-141
109900080,201,371,-170
109900081,33,254,-221
109900082,89,409,-320
109900083,23,65,-42
109900084,72,181,-109
109900085,237,746,-509
109900086,196,397,-201
109900087,382,682,-300
109900089,721,370,351
109900090,566,1175,-609
109900091,259,96,163
109900092,2552,38,2514
109900093,849,261,588
109900094,96,106,-10
109900095,259,280,-21
109900096,40,7,33
109900097,72,0,72
109900098,385,44,341
109900099,161,2,159
109900100,25,0,25
109900101,432,17,415
109900102,503,22,481
109900103,44,69,-25
109900104,479,716,-237
109900105,493,32,461
109900106,603,69,534
109900107,660,127,533
109900108,162,483,-321
109900109,40,230,-190
109900110,86,463,-377
109900111,386,883,-497
109900112,340,703,-363
109900113,823,582,241
109900114,1679,1069,610
109900115,201,148,53
109900117,977,210,767
109900118,285,535,-250
109900119,790,460,330
109900120,117,36,81
109900121,555,560,-5
109900122,492,7,485
109900123,17,146,-129
109900124,57,720,-663
109900125,3,199,-196
109900126,279,112,167
109900128,273,59,214
109900130,7848,2656,5192
109900131,76,219,-143
109900132,31,149,-118
109900133,74,323,-249
109900134,117,149,-32
109900135,360,65,295
109900136,112,125,-13
109900137,97,377,-280
109900138,546,350,196
109900140,229,209,20
109900141,380,280,100
109900142,1132,397,735
109900145,4,569,-565
109900146,516,47,469
109900148,41,113,-72
109900149,59,90,-31
109900150,20,93,-73
109900151,9,55,-46
109900152,1,19,-18
109900153,1,49,-48
109900154,102,3,99
109900155,83,21,62
109900157,57,217,-160
109900158,78,160,-82
109900159,182,64,118
109900160,164,88,76
109900161,194,112,82
109900162,186,196,-10
109900163,788,395,393
109900164,87,221,-134
109900165,270,7,263
109900166,3,161,-158
109900167,167,666,-499
109900168,295,725,-430
109900169,216,253,-37
109900170,238,828,-590
109900171,187,140,47
109900172,395,270,125
109900173,3148,2194,954
109900174,56,145,-89
109900175,150,117,33
109900176,241,231,10
109900177,85,239,-154
109900178,40,258,-218
109900179,277,25,252
109900180,16,26,-10
110000001,932,538,394
110000002,613,872,-259
110000003,1071,709,362
110000004,609,811,-202
110000005,534,2161,-1627
110000006,412,399,13
110000007,137,121,16
110000008,13,57,-44
110000009,38,33,5
110000010,35,91,-56
110000011,91,88,3
110000012,642,447,195
110000013,69,655,-586
110000014,703,465,238
110000015,254,941,-687
110000016,260,1799,-1539
110000017,3040,294,2746
110000018,2998,517,2481
110000019,11,88,-77
110000020,486,223,263
110000021,1040,529,511
110000022,1239,304,935
110000023,5,160,-155
110000024,713,407,306
110000025,468,14,454
110000026,3,403,-400
110000027,1428,895,533
110000028,777,825,-48
110000029,475,775,-300
110000030,237,531,-294
110000031,258,586,-328
110000032,760,488,272
110000033,340,129,211
110000034,545,946,-401
110000035,1309,662,647
110000036,1175,855,320
110000037,247,524,-277
110000038,360,791,-431
110000039,810,3637,-2827
110000040,364,429,-65
110000041,295,1427,-1132
110000042,230,393,-163
110000043,1074,367,707
110000044,584,359,225
110000045,2265,155,2110
110000046,10,39,-29
110000047,40,51,-11
110000048,23,44,-21
110000049,133,16,117
110000050,9,58,-49
110000051,35,26,9
110000052,35,38,-3
110000053,146,14,132
110000054,659,319,340
110000055,1501,85,1416
110000056,326,119,207
110000057,361,644,-283
110000058,1428,635,793
110000059,1102,562,540
110000060,979,1298,-319
110000061,1031,842,189
110000062,756,984,-228
110000063,25,96,-71
110000064,69,112,-43
110000065,82,70,12
110000066,96,86,10
110000067,104,228,-124
110000068,280,208,72
110000069,250,130,120
110000071,129,145,-16
110000073,21,16,5
110000075,19,109,-90
110000076,264,491,-227
110000077,414,2287,-1873
110000078,23,62,-39
110000080,369,830,-461
110000081,61,369,-308
110000082,29,493,-464
110000083,257,738,-481
110000084,1266,939,327
110000085,2276,1741,535
110000086,1894,2329,-435
110000087,7,84,-77
110000088,72,261,-189
110000089,413,128,285
110000090,1126,375,751
110000091,1476,398,1078
110000092,35,64,-29
110000093,69,1,68
110000094,502,334,168
110000095,272,623,-351
110000096,2528,2176,352
110000097,1286,1354,-68
110000098,2305,745,1560
110000099,846,1783,-937
110000100,855,686,169
110000101,24,418,-394
110000102,52,44,8
110000104,748,144,604
110000105,127,400,-273
110000106,691,405,286
110000107,282,483,-201
110000108,153,73,80
110000109,352,295,57
110000110,3483,4579,-1096
110000111,6678,3057,3621
110000112,1438,1123,315
110000113,467,1912,-1445
110000114,126,560,-434
110000115,336,404,-68
110000116,50,90,-40
110000117,209,427,-218
110000118,461,281,180
110000119,265,397,-132
110000120,422,254,168
110000121,89,440,-351
110000122,426,740,-314
110000123,572,837,-265
110000124,6,1084,-1078
110000125,1099,39,1060
110000126,295,30,265
110000127,1249,73,1176
110000128,44,1628,-1584
110000129,7,532,-525
110000130,351,219,132
110000131,351,335,16
110000132,5,911,-906
110000133,72,813,-741
110000134,24,521,-497
110000135,225,57,168
110000136,62,309,-247
110000137,561,741,-180
110000138,801,750,51
110000139,724,1207,-483
110000140,939,682,257
110000143,645,535,110
110000144,6434,2365,4069
110000145,2481,1495,986
110000146,2814,1196,1618
110000147,534,783,-249
110000148,822,375,447
110000151,1184,1182,2
110000152,999,388,611
110000153,89,61,28
110000154,45,24,21
110000155,2611,4218,-1607
110000156,1271,2888,-1617
110000157,2802,2593,209
110000160,463,290,173
110000161,178,292,-114
110000166,606,134,472
110000167,815,618,197
110000168,1163,532,631
110000169,934,459,475
110000170,198,133,65
110000171,857,182,675
110000172,156,854,-698
110000173,1137,1339,-202
110000174,224,1125,-901
110000175,688,101,587
110000176,993,310,683
110000177,213,767,-554
110000178,529,2159,-1630
110000179,1243,372,871
110000180,208,300,-92
110000181,385,815,-430
110000182,423,182,241
110000183,10254,7811,2443
110000184,402,2724,-2322
110000185,2335,855,1480
110000186,885,953,-68
110000191,952,331,621
110000192,750,13,737
110000193,1420,11,1409
110000194,34,1348,-1314
110000195,428,560,-132
110000196,296,353,-57
110000197,88,282,-194
110000198,590,108,482
110000199,335,160,175
110000200,2875,689,2186
110000201,2253,984,1269
110000202,1444,560,884
110000203,1181,927,254
110000204,2,251,-249
110000205,162,73,89
110000206,801,1571,-770
110000207,1006,449,557
110000208,378,252,126
110000209,205,1136,-931
110000210,1143,722,421
110000211,1360,927,433
110000212,360,1399,-1039
110000213,171,282,-111
110000214,242,282,-40
110000215,191,439,-248
110000216,112,402,-290
110000217,328,189,139
110000218,208,388,-180
110000219,301,105,196
110000220,68,286,-218
110000221,328,110,218
110000222,70,233,-163
110000223,7,250,-243
110000224,89,11,78
110000225,472,793,-321
110000226,301,108,193
110000227,1001,863,138
110000228,393,310,83
110000229,1,263,-262
110000230,937,707,230
110000231,198,306,-108
110000232,788,252,536
110000233,539,464,75
110000234,1369,1028,341
110000235,1103,1374,-271
110000236,721,862,-141
110000237,2971,1572,1399
110000238,2061,1755,306
110000239,2162,1371,791
110000240,2,96,-94
110000242,1,27,-26
110000243,113,180,-67
110000244,179,447,-268
110000245,45,397,-352
110000246,915,726,189
110000247,1356,4846,-3490
110000248,2257,1614,643
110000249,99,17,82
110000250,120,211,-91
110000251,344,632,-288
110000252,440,249,191
110000253,1159,722,437
110000254,845,1575,-730
110000255,331,1251,-920
110000256,458,438,20
110000257,945,557,388
110000258,9,482,-473
110000259,140,9,131
110000260,32,289,-257
110000263,626,158,468
110000264,345,478,-133
110000265,1572,2336,-764
110000266,2855,3528,-673
110000267,33,291,-258
110000268,402,546,-144
110000269,19,106,-87
110000270,104,5,99
110000271,1725,288,1437
110000272,1570,1177,393
110000273,4606,1851,2755
110000274,265,1471,-1206
110000275,2391,627,1764
110000276,307,354,-47
110000277,410,428,-18
110000278,529,803,-274
110000279,942,930,12
110000280,517,482,35
110000281,43,331,-288
110000282,436,51,385
110000283,105,164,-59
110000284,79,55,24
110000285,4,777,-773
110000286,45,0,45
110000287,62,2,60
110000288,13,106,-93
110000289,500,1935,-1435
110000290,1161,670,491
110000291,4976,1351,3625
110000292,1381,4162,-2781
110000293,966,810,156
110000294,1013,1153,-140
110000295,410,985,-575
110000296,541,468,73
110000297,2239,389,1850
110000298,200,600,-400
110000299,267,110,157
110000301,310,25,285
110000302,239,1063,-824
110000303,580,10,570
110000304,198,292,-94
110000305,1113,33,1080
110000306,145,1625,-1480
110000307,1589,14,1575
110000308,736,22,714
110000309,13,961,-948
110000310,725,38,687
110000311,21,673,-652
110000312,372,72,300
110000313,2890,3150,-260
110000314,4,240,-236
110000315,4207,3343,864
110000316,647,1742,-1095
110000317,966,657,309
110000318,9,80,-71
110000319,40,33,7
110000320,59,46,13
110000321,28,54,-26
110000322,271,424,-153
110000323,493,225,268
110000324,3449,1891,1558
110000325,3496,2953,543
110000327,827,427,400
110000328,209,468,-259
110000333,1044,705,339
110000334,935,1613,-678
110000335,993,590,403
110000336,1484,1274,210
110000337,2418,573,1845
110000338,515,361,154
110000339,433,254,179
110000340,234,215,19
110000341,449,533,-84
110000342,718,8,710
110000343,0,23,-23
110000344,1523,173,1350
110000345,1625,185,1440
110000346,3275,2266,1009
110000347,1329,938,391
110000348,19,20,-1
110000349,5,22,-17
110000350,71,11,60
110000351,1009,874,135
110000352,607,1897,-1290
110000353,3019,887,2132
110000354,1174,3853,-2679
110000355,139,125,14
110000356,760,12,748
110000357,579,25,554
110000361,56,69,-13
110000362,56,97,-41
110000363,396,169,227
110000364,317,426,-109
110000365,194,3,191
110000366,1,78,-77
110000367,559,329,230
110000368,55,143,-88
110000369,185,4,181
110000373,8,312,-304
110000374,668,18,650
110000375,227,1581,-1354
110000376,35,102,-67
110000377,68,573,-505
110000378,31,428,-397
110000379,3184,1976,1208
110000380,82,15,67
110000383,3,1262,-1259
110000384,3236,1351,1885
110000385,2,290,-288
110000387,98,11,87
110000388,33,234,-201
110000389,770,18,752
110000391,905,362,543
110000396,192,169,23
110000397,171,197,-26
110000398,6,85,-79
110000399,157,5,152
110000587,241,66,175
110000589,204,200,4
110000640,226,123,103
110000652,25,218,-193
110000653,230,344,-114
110000654,75,165,-90
110000656,1,669,-668
110000674,39,49,-10
110000675,11,92,-81
110000676,26,49,-23
110000679,372,1051,-679
110000682,111,177,-66
110000683,543,561,-18
110000684,4,60,-56
110000685,14,33,-19
110000686,6,48,-42
110000687,110,9,101
110000688,78,830,-752
110000689,48,42,6
110000692,116,186,-70
110000693,244,369,-125
110000694,1,222,-221
110000695,429,648,-219
110000696,60,92,-32
110900001,381,19,362
110900002,667,288,379
110900003,669,604,65
110900004,385,180,205
110900005,3070,2554,516
110900006,32,12,20
110900007,116,30,86
110900008,6,35,-29
110900009,410,104,306
110900010,7,86,-79
110900011,26,116,-90
110900012,8,91,-83
110900013,1239,187,1052
110900014,641,21,620
110900015,602,603,-1
110900016,50,109,-59
110900017,368,56,312
110900018,514,49,465
110900019,196,37,159
110900020,99,274,-175
110900021,97,687,-590
110900022,123,324,-201
110900023,105,462,-357
110900024,13,479,-466
110900025,1,51,-50
110900027,43,357,-314
110900028,58,163,-105
110900029,48,372,-324
110900030,30,277,-247
110900031,5,189,-184
110900032,0,116,-116
110900033,57,247,-190
110900035,19,603,-584
110900036,113,33,80
110900037,56,32,24
110900038,1191,222,969
110900039,11,320,-309
110900040,248,63,185
110900041,20,109,-89
110900042,130,59,71
110900043,14,114,-100
110900044,312,20,292
110900045,51,540,-489
110900046,37,265,-228
110900047,602,230,372
110900049,111,78,33
110900050,23,11,12
110900051,39,221,-182
110900052,6,169,-163
110900053,95,41,54
110900054,193,240,-47
110900055,39,4,35
110900056,82,154,-72
110900057,14,163,-149
110900058,209,249,-40
110900059,581,592,-11
110900060,415,167,248
110900061,20,66,-46
110900062,140,302,-162
110900063,45,386,-341
110900064,34,1,33
110900065,321,132,189
110900066,14,93,-79
110900067,412,695,-283
110900068,197,295,-98
110900069,9,28,-19
110900070,142,129,13
110900071,261,760,-499
110900073,1,35,-34
110900074,337,75,262
110900075,423,94,329
110900077,842,848,-6
110900078,36,59,-23
110900079,2398,1641,757
110900080,137,121,16
110900081,8,66,-58
110900082,122,145,-23
110900083,163,74,89
110900084,39,97,-58
110900085,68,333,-265
110900086,109,296,-187
110900087,431,155,276
110900088,29,3,26
110900090,26,54,-28
110900091,3,70,-67
110900093,481,146,335
110900095,67,75,-8
110900097,10,17,-7
110900098,43,94,-51
110900099,77,407,-330
110900100,0,24,-24
110900102,71,29,42
110900105,1047,232,815
110900108,48,95,-47
110900111,500,479,21
110900112,939,9,930
110900113,444,80,364
110900115,46,79,-33
110900116,714,1896,-1182
110900118,117,2514,-2397
110900119,4262,371,3891
110900120,25,70,-45
110900121,177,2,175
110900122,426,231,195
110900125,408,527,-119
110900127,790,1442,-652
110900128,276,262,14
110900129,571,824,-253
110900130,1030,480,550
110900131,760,97,663
110900132,292,122,170
110900133,894,296,598
110900135,153,464,-311
110900136,311,16,295
110900137,169,3,166
110900138,2241,707,1534
110900139,90,164,-74
110900140,151,6,145
110900141,10,220,-210
110900142,71,239,-168
110900143,197,99,98
110900144,0,715,-715
110900145,338,52,286
110900146,718,167,551
110900147,113,360,-247
110900148,9,299,-290
110900149,6,86,-80
110900150,56,37,19
110900151,7,101,-94
110900152,28,238,-210
110900153,143,58,85
111000001,410,240,170
111000002,461,587,-126
111000003,1071,753,318
111000004,553,1105,-552
111000005,1587,1351,236
111000006,1100,1929,-829
111000007,4966,3208,1758
111000008,2559,3552,-993
111000009,366,1233,-867
111000010,825,292,533
111000011,370,997,-627
111000012,669,414,255
111000013,508,1117,-609
111000014,1709,588,1121
111000017,164,1145,-981
111000018,288,471,-183
111000020,1117,2752,-1635
111000021,97,117,-20
111000023,85,118,-33
111000025,4955,4125,830
111000029,123,156,-33
111000030,42,112,-70
111000031,2412,1578,834
111000032,685,423,262
111000033,350,427,-77
111000034,262,275,-13
111000037,2003,1291,712
111000038,4349,3122,1227
111000039,2273,2695,-422
111000040,2117,2921,-804
111000041,2072,2185,-113
111000042,3766,2879,887
111000043,2242,3528,-1286
111000044,2015,1218,797
111000045,2374,2554,-180
111000046,1649,1937,-288
111000047,2706,4284,-1578
111000049,510,580,-70
111000050,1277,1454,-177
111000051,506,1030,-524
111000052,753,1625,-872
111000053,392,929,-537
111000054,393,885,-492
111000055,1185,1949,-764
111000056,184,610,-426
111000057,75,641,-566
111000058,308,94,214
111000059,828,290,538
111000060,4744,963,3781
111000061,661,370,291
111000062,806,369,437
111000063,2778,1078,1700
111000064,650,739,-89
111000065,1188,1105,83
111000066,436,680,-244
111000067,718,751,-33
111000068,706,1388,-682
111000069,2066,3029,-963
111000070,1350,1137,213
111000071,279,692,-413
111000072,857,429,428
111000073,237,782,-545
111000074,1564,1835,-271
111000075,1323,805,518
111000076,558,808,-250
111000077,1930,1953,-23
111000078,3393,1853,1540
111000079,1455,1123,332
111000080,611,906,-295
111000081,2026,6848,-4822
111000082,700,732,-32
111000084,974,690,284
111000085,1219,1679,-460
111000086,3003,1356,1647
111000087,811,1010,-199
111000088,6440,2583,3857
111000089,1049,1171,-122
111000090,1485,1694,-209
111000091,917,673,244
111000092,1312,1045,267
111000093,1074,1195,-121
111000094,2181,1154,1027
111000095,624,2302,-1678
111000096,2171,7475,-5304
111000097,4844,1746,3098
111000098,936,1531,-595
111000099,797,2184,-1387
111000100,501,1660,-1159
111000101,487,952,-465
111000102,253,734,-481
111000104,854,245,609
111000107,188,817,-629
111000109,958,282,676
111000110,1269,617,652
111000111,3118,708,2410
111000112,2635,777,1858
111000113,881,1562,-681
111000114,1834,3203,-1369
111000115,6420,1488,4932
111000116,1011,1134,-123
111000117,506,883,-377
111000118,2275,996,1279
111000119,1126,1247,-121
111000120,418,807,-389
111000121,277,931,-654
111000122,561,1564,-1003
111000123,1061,3225,-2164
111000124,534,2996,-2462
111000125,342,1523,-1181
111000126,157,987,-830
111000127,1050,186,864
111000128,2787,424,2363
111000129,2976,587,2389
111000130,2188,972,1216
111000131,1539,678,861
111000132,1357,963,394
111000133,222,213,9
111000134,123,146,-23
111000135,49,192,-143
111000136,351,371,-20
111000138,17,7,10
111000140,10,16,-6
111000141,216,407,-191
111000142,17,113,-96
111000143,1,128,-127
111000144,30,298,-268
111000145,2106,28,2078
111000146,102,6,96
111000147,379,24,355
111000148,191,81,110
111000149,9,46,-37
111000150,29,5,24
111000151,4,36,-32
111000153,816,835,-19
111000154,817,276,541
111000155,97,241,-144
111000156,453,705,-252
111000157,297,1231,-934
111000158,1094,947,147
111000159,2953,831,2122
111000160,394,325,69
111000161,25,333,-308
111000162,121,205,-84
111000163,728,1169,-441
111000164,873,5392,-4519
111000165,1278,794,484
111000166,2696,511,2185
111000167,177,550,-373
111000168,269,549,-280
111000169,285,694,-409
111000170,555,596,-41
111000171,512,733,-221
111000172,189,441,-252
111000173,393,887,-494
111000174,200,439,-239
111000175,52,393,-341
111000176,760,150,610
111000177,326,249,77
111000178,1332,358,974
111000179,232,228,4
111000180,193,528,-335
111000181,1062,250,812
111000182,184,238,-54
111000183,1057,381,676
111000184,449,240,209
111000185,489,527,-38
111000186,758,305,453
111000187,209,220,-11
111000188,212,423,-211
111000189,1151,646,505
111000190,184,357,-173
111000191,183,360,-177
111000192,216,533,-317
111000193,312,302,10
111000194,67,338,-271
111000195,245,366,-121
111000196,54,185,-131
111000197,530,153,377
111000198,1504,155,1349
111000199,216,170,46
111000200,359,381,-22
111000201,504,298,206
111000202,212,249,-37
111000203,288,462,-174
111000204,430,1193,-763
111000213,172,476,-304
111000214,2102,1521,581
111000215,979,1440,-461
111000217,1538,1165,373
111000218,1310,1422,-112
111000219,375,228,147
111000220,2009,1414,595
111000221,961,155,806
111000224,0,189,-189
111000225,259,59,200
111000226,108,0,108
111000227,26,7,19
111000228,33,337,-304
111000229,61,854,-793
111000230,416,470,-54
111000231,1105,891,214
111000232,779,962,-183
111000233,913,1036,-123
111000234,130,483,-353
111000239,212,215,-3
111000240,50,258,-208
111000241,75,355,-280
111000242,155,57,98
111000243,459,769,-310
111000244,653,102,551
111000245,2175,554,1621
111000246,448,515,-67
111000247,283,958,-675
111000248,529,726,-197
111000249,465,661,-196
111000250,43,141,-98
111000251,67,144,-77
111000253,15,15,0
111000255,23,11,12
111000257,46,25,21
111000260,123,1165,-1042
111000261,1201,146,1055
111000271,47,324,-277
111000273,4582,1828,2754
111000274,1301,2748,-1447
111000275,323,64,259
111000276,276,2024,-1748
111000277,216,476,-260
111000278,700,295,405
111000291,749,5636,-4887
111000298,599,298,301
111000299,605,227,378
111000300,177,619,-442
111000302,286,108,178
111000303,74,239,-165
111000312,67,92,-25
111000315,0,84,-84
111000320,389,887,-498
111000321,376,105,271
111000322,384,576,-192
111000323,194,25,169
111000324,431,334,97
111000325,49,97,-48
111000326,168,342,-174
111000327,1140,506,634
111000328,229,544,-315
111000329,6,35,-29
111000330,85,5,80
111000331,60,9,51
111000332,545,1594,-1049
111000334,423,1507,-1084
111000335,1354,328,1026
111000337,1075,540,535
111000338,114,196,-82
111000339,669,494,175
111000340,389,711,-322
111000341,1172,760,412
111000342,257,645,-388
111000344,1247,851,396
111000345,318,41,277
111000346,25,90,-65
111000347,168,16,152
111000350,306,168,138
111000351,157,325,-168
111000352,205,140,65
111000353,149,299,-150
111000354,695,127,568
111000355,493,706,-213
111000358,300,1301,-1001
111000360,219,664,-445
111000361,134,324,-190
111000546,1745,714,1031
111000547,647,595,52
111000548,159,499,-340
111000549,378,447,-69
111000550,96,973,-877
111000551,812,173,639
111000552,1816,185,1631
111000907,388,16,372
111000908,17,2,15
111000916,1524,421,1103
111000917,62,521,-459
111000918,205,957,-752
111000920,477,31,446
111000921,7,232,-225
111000922,538,327,211
111000924,122,804,-682
111000925,2466,2185,281
111000926,1107,1665,-558
111000927,2998,4692,-1694
111000928,4803,3732,1071
111000929,2144,1655,489
111000930,980,2791,-1811
111000931,2282,3100,-818
111000932,4654,3112,1542
111000933,3830,2692,1138
111000934,2261,4130,-1869
111000935,1389,1514,-125
111000936,1073,2390,-1317
111000937,918,1783,-865
111000938,1704,1818,-114
111000939,430,49,381
111000940,479,159,320
111000941,570,570,0
111000943,388,360,28
111000944,136,364,-228
111000945,148,1564,-1416
111001109,491,354,137
111001110,129,650,-521
111001111,64,13,51
111001112,162,44,118
111001113,1,141,-140
111001114,938,89,849
111001115,20,511,-491
111001116,5428,4013,1415
111001117,787,2499,-1712
111001120,85,333,-248
111001121,157,285,-128
111001122,72,318,-246
111001123,110,61,49
111900001,36,207,-171
111900002,46,877,-831
111900003,4,387,-383
111900004,117,143,-26
111900006,20,53,-33
111900007,91,8,83
111900008,210,2,208
111900009,143,153,-10
111900010,474,561,-87
111900012,75,110,-35
111900013,14,124,-110
111900014,5766,3224,2542
111900015,1,67,-66
111900016,2,102,-100
111900017,2,111,-109
111900018,249,9,240
111900019,2,168,-166
111900020,8,59,-51
111900021,34,118,-84
111900022,23,91,-68
111900023,161,118,43
111900024,0,88,-88
111900025,0,41,-41
111900026,3,99,-96
111900027,7,154,-147
111900028,1,420,-419
111900029,8,135,-127
111900030,58,420,-362
111900031,83,105,-22
111900032,2,357,-355
111900033,5,115,-110
111900034,278,549,-271
111900035,105,258,-153
111900036,0,253,-253
111900038,349,661,-312
111900039,111,494,-383
111900040,3,559,-556
111900042,79,132,-53
111900043,2,373,-371
111900044,362,259,103
111900046,54,178,-124
111900048,166,702,-536
111900049,55,267,-212
111900050,106,63,43
111900051,5,242,-237
111900052,457,465,-8
111900053,1280,1445,-165
111900054,118,11,107
111900055,36,454,-418
111900056,216,301,-85
111900057,186,65,121
111900058,406,640,-234
111900059,1872,589,1283
111900060,269,1,268
111900061,14,219,-205
111900062,39,79,-40
111900063,224,169,55
111900064,153,269,-116
111900065,124,44,80
111900066,163,167,-4
111900067,389,549,-160
111900068,62,46,16
111900069,86,76,10
111900070,118,165,-47
111900071,0,316,-316
111900072,51,9,42
111900073,749,111,638
111900074,18,236,-218
111900075,86,8,78
111900076,160,45,115
111900077,37,0,37
111900078,261,37,224
111900079,61,46,15
111900080,255,287,-32
111900081,755,239,516
111900082,117,18,99
111900083,96,19,77
111900084,126,14,112
111900085,89,144,-55
111900086,42,4,38
111900087,36,0,36
111900088,430,3,427
111900089,141,10,131
111900090,93,98,-5
111900091,211,6,205
111900092,83,0,83
111900093,323,4,319
111900094,118,3,115
111900095,326,73,253
111900096,128,3,125
111900097,66,0,66
111900098,200,1,199
111900099,102,0,102
111900100,195,9,186
111900101,104,31,73
111900102,856,568,288
111900103,74,98,-24
111900104,220,100,120
111900105,381,464,-83
111900106,1784,100,1684
111900107,136,145,-9
111900108,209,183,26
111900109,562,435,127
111900110,1939,446,1493
111900111,283,167,116
111900112,649,2560,-1911
111900113,258,99,159
111900114,183,155,28
111900115,11,48,-37
111900118,297,104,193
111900119,375,178,197
111900122,172,102,70
111900123,27,44,-17
111900124,55,118,-63
111900125,561,37,524
111900126,273,4,269
111900127,1,629,-628
111900128,6,544,-538
111900129,283,8,275
111900130,348,59,289
111900131,500,2,498
111900132,32,1082,-1050
111900133,12,383,-371
111900134,14,211,-197
111900135,21,57,-36
111900136,76,161,-85
111900137,81,97,-16
111900138,14,74,-60
111900139,22,116,-94
111900140,122,51,71
111900141,59,8,51
111900142,119,62,57
111900143,34,281,-247
111900144,0,84,-84
111900145,5,465,-460
111900146,3,250,-247
111900147,135,475,-340
111900148,59,665,-606
111900149,19,314,-295
111900150,10,171,-161
111900151,5,32,-27
111900152,121,97,24
111900153,1834,466,1368
111900154,15,233,-218
111900155,54,70,-16
111900156,49,72,-23
111900157,98,19,79
111900158,537,66,471
111900159,264,27,237
111900160,256,0,256
111900161,156,0,156
111900162,76,150,-74
111900163,53,191,-138
111900164,90,82,8
111901113,365,258,107
111901114,1012,259,753
111901115,88,7,81
111901116,56,10,46
111901117,25,51,-26
111901118,79,453,-374
111901119,902,171,731
111901120,140,282,-142
111901121,202,253,-51
111901122,7,485,-478
111901123,162,366,-204
111901124,146,3,143
111901125,299,143,156
111901126,137,77,60
111901127,705,500,205
111901128,20,100,-80
111901129,6,160,-154
111901130,6,210,-204
111901131,5,275,-270
111901132,127,20,107
111901133,21,1,20
111901134,98,7,91
111901135,14,11,3
111901136,17,65,-48
111901137,0,35,-35
111901138,247,52,195
111901139,28,34,-6
111901140,5,96,-91
111901141,11,131,-120
111901142,7,114,-107
111901143,1,95,-94
111901144,37,39,-2
112000001,2077,1021,1056
112000002,763,2707,-1944
112000003,1332,1192,140
112000004,937,1137,-200
112000005,3591,3927,-336
112000006,2749,2368,381
112000007,2854,2147,707
112000008,2498,3822,-1324
112000009,3874,3520,354
112000010,2895,3719,-824
112000011,2076,1887,189
112000012,6595,4723,1872
112000013,6319,4154,2165
112000014,3764,2358,1406
112000015,4934,4208,726
112000016,9793,2042,7751
112000017,4569,3624,945
112000024,3048,1583,1465
112000026,4390,5602,-1212
112000027,979,650,329
112000028,1733,1878,-145
112000029,517,903,-386
112000030,233,163,70
112000031,1858,4980,-3122
112000032,512,81,431
112000033,2741,2057,684
112000034,402,130,272
112000035,349,493,-144
112000036,1421,1449,-28
112000037,3024,1039,1985
112000038,1874,1372,502
112000039,81,78,3
112000040,117,446,-329
112000041,511,698,-187
112000042,1499,589,910
112000050,1225,1916,-691
112000051,1203,1548,-345
112000054,1957,2148,-191
112000057,640,497,143
112000058,589,771,-182
112000059,828,968,-140
112000061,3584,2275,1309
112000062,1868,976,892
112000063,1275,1514,-239
112000064,4689,5482,-793
112000065,2335,2699,-364
112000066,3690,1675,2015
112000067,942,774,168
112000068,3366,2407,959
112000069,1012,2205,-1193
112000070,2289,893,1396
112000071,1293,3335,-2042
112000072,2733,1020,1713
112000073,2675,3769,-1094
112000074,2504,1796,708
112000075,1735,1653,82
112000076,4768,3303,1465
112000077,1599,721,878
112000078,1855,844,1011
112000079,1749,1750,-1
112000080,874,1022,-148
112000081,1616,2984,-1368
112000082,1656,1074,582
112000083,629,1495,-866
112000084,1344,1099,245
112000085,1475,1160,315
112000086,2194,1697,497
112000087,506,468,38
112000088,779,749,30
112000089,498,382,116
112000090,412,405,7
112000091,641,1240,-599
112000092,1777,1302,475
112000093,1755,1136,619
112000094,641,960,-319
112000095,654,1071,-417
112000096,561,677,-116
112000097,1259,965,294
112000098,1248,1365,-117
112000099,766,1844,-1078
112000100,2037,997,1040
112000101,750,1184,-434
112000102,1244,547,697
112000103,357,1458,-1101
112000105,464,1861,-1397
112000106,1534,465,1069
112000107,13,422,-409
112000108,270,1664,-1394
112000109,76,122,-46
112000110,1869,770,1099
112000111,1615,4680,-3065
112000112,7938,845,7093
112000113,1098,2207,-1109
112000114,5006,1131,3875
112000115,498,554,-56
112000116,1087,1523,-436
112000117,1232,1045,187
112000118,1562,1163,399
112000119,535,858,-323
112000120,90,411,-321
112000121,110,526,-416
112000122,337,223,114
112000123,687,245,442
112000124,332,132,200
112000125,235,386,-151
112000126,244,517,-273
112000127,3317,2453,864
112000128,1481,910,571
112000129,145,135,10
112000130,206,128,78
112000131,59,326,-267
112000132,146,264,-118
112000133,393,277,116
112000134,533,454,79
112000135,3583,868,2715
112000136,2798,1899,899
112000137,4952,2328,2624
112000138,6248,1586,4662
112000139,1032,637,395
112000140,1659,1232,427
112000141,793,361,432
112000142,230,788,-558
112000143,1038,236,802
112000144,329,1456,-1127
112000145,2419,760,1659
112000146,629,2143,-1514
112000147,2842,2055,787
112000148,1939,2479,-540
112000149,694,824,-130
112000150,414,1025,-611
112000151,304,498,-194
112000152,380,592,-212
112000153,203,390,-187
112000154,174,391,-217
112000155,146,114,32
112000157,1095,608,487
112000158,345,648,-303
112000159,541,492,49
112000167,447,60,387
112000169,353,507,-154
112000173,922,293,629
112000175,633,514,119
112000176,3550,2371,1179
112000177,716,218,498
112000178,130,487,-357
112000179,306,133,173
112000180,298,508,-210
112000181,1690,2414,-724
112000182,1101,1793,-692
112000183,47,63,-16
112000184,453,498,-45
112000185,491,723,-232
112000187,7096,4638,2458
112000195,242,33,209
112000196,413,0,413
112000197,203,197,6
112000198,34,343,-309
112000199,157,1209,-1052
112000202,412,5,407
112000216,67,301,-234
112000230,110,3,107
112000231,1,256,-255
112000256,56,337,-281
112000313,83,262,-179
112000314,55,36,19
112000337,593,674,-81
112000352,513,430,83
112000392,1548,1425,123
112000398,1142,1100,42
112000399,2002,2605,-603
112000400,1892,4145,-2253
112000401,3593,3043,550
112000402,3635,3684,-49
112000403,2678,3543,-865
112000404,733,1031,-298
112000405,1980,3211,-1231
112000406,3848,2913,935
112000407,7401,10453,-3052
112000408,9428,8226,1202
112000409,1845,5847,-4002
112000410,578,305,273
112000411,4381,2469,1912
112000412,1831,840,991
112000413,9517,5917,3600
112000414,92,111,-19
112000415,99,68,31
112000416,2395,1932,463
112000417,292,74,218
112000421,48,272,-224
112000422,484,469,15
112000424,2642,3215,-573
112000425,474,833,-359
112000426,143,461,-318
112000427,1,14,-13
112000428,235,412,-177
112000429,2713,3096,-383
112000430,2697,3157,-460
112000431,98,164,-66
112000432,726,1517,-791
112000433,504,943,-439
112000437,39,241,-202
112900001,41,3,38
112900002,386,1236,-850
112900003,65,430,-365
112900004,62,449,-387
112900005,179,257,-78
112900006,9,352,-343
112900007,43,228,-185
112900008,6,45,-39
112900009,433,139,294
112900010,368,1127,-759
112900011,227,290,-63
112900012,1,32,-31
112900013,10,262,-252
112900014,2,476,-474
112900015,552,853,-301
112900016,5,263,-258
112900017,80,272,-192
112900018,1,286,-285
112900019,68,316,-248
112900020,467,1366,-899
112900021,8,278,-270
112900022,17,84,-67
112900023,3,195,-192
112900024,39,285,-246
112900025,129,296,-167
112900026,7,272,-265
112900027,14,1357,-1343
112900028,33,143,-110
112900029,5,496,-491
112900030,188,242,-54
112900031,10,582,-572
112900032,357,318,39
112900034,3,62,-59
112900035,3,477,-474
112900036,238,165,73
112900037,186,261,-75
112900038,748,254,494
112900039,28,370,-342
112900040,13,643,-630
112900041,1049,1321,-272
112900042,84,333,-249
112900043,42,62,-20
112900044,606,619,-13
112900045,440,427,13
112900046,271,64,207
112900047,22,32,-10
112900049,182,124,58
112900050,65,607,-542
112900051,391,735,-344
112900052,13,1086,-1073
112900053,1933,228,1705
112900054,280,84,196
112900055,168,49,119
112900056,456,241,215
112900057,45,641,-596
112900058,390,380,10
112900059,270,188,82
112900060,20,238,-218
112900061,147,205,-58
112900062,86,220,-134
112900063,229,13,216
112900064,224,216,8
112900065,48,21,27
112900066,394,177,217
112900067,617,200,417
112900068,67,33,34
112900069,2202,1115,1087
112900071,31,11,20
112900072,198,2098,-1900
112900073,884,84,800
112900074,141,274,-133
112900075,1665,1068,597
112900076,116,66,50
112900078,383,459,-76
112900079,446,51,395
112900080,100,8,92
112900081,37,254,-217
112900082,517,36,481
112900083,147,85,62
112900084,258,129,129
112900085,0,17,-17
112900086,156,4,152
112900087,777,221,556
112900088,211,21,190
112900089,1168,52,1116
112900090,57,24,33
112900091,177,2,175
112900092,443,331,112
112900093,1934,36,1898
112900094,136,6,130
112900095,56,0,56
112900096,569,208,361
112900097,129,393,-264
112900098,331,4,327
112900099,882,21,861
112900100,118,1,117
112900101,750,14,736
112900102,497,19,478
112900103,308,11,297
112900104,19,1,18
112900105,20,0,20
112900106,387,190,197
112900107,5,3,2
112900108,23,1,22
112900109,144,0,144
112900110,1226,14,1212
112900111,856,5,851
112900112,345,1,344
112900113,0,10,-10
112900114,95,77,18
112900115,1193,1,1192
112900116,172,26,146
112900117,87,68,19
112900118,50,86,-36
112900119,181,2,179
112900120,949,358,591
112900121,132,248,-116
112900122,100,135,-35
112900123,151,41,110
112900124,16,181,-165
112900125,87,607,-520
112900126,281,272,9
112900127,366,105,261
112900128,472,898,-426
112900129,5,1082,-1077
112900130,349,117,232
112900131,57,275,-218
112900132,385,489,-104
112900133,48,1448,-1400
112900134,2,346,-344
112900135,172,55,117
112900136,0,31,-31
112900137,2,517,-515
112900138,9,352,-343
112900139,256,1400,-1144
112900140,0,62,-62
112900141,812,82,730
112900142,115,144,-29
112900143,27,672,-645
112900144,5,305,-300
112900145,39,599,-560
112900146,10,1280,-1270
112900147,2,1988,-1986
112900148,56,1,55
112900149,359,517,-158
112900151,15,72,-57
112900152,4294,1187,3107
112900153,2470,2910,-440
112900154,4,140,-136
112900155,264,32,232
112900156,477,1920,-1443
112900157,261,5,256
112900158,109,87,22
112900159,247,127,120
112900160,94,330,-236
112900161,138,45,93
112900162,69,20,49
112900163,137,85,52
112900164,25,347,-322
112900165,691,56,635
112900166,33,67,-34
112900167,19,97,-78
112900168,5,5,0
112900169,13,27,-14
112900170,154,135,19
112900172,72,14,58
112900173,214,123,91
112900174,323,58,265
112900175,194,154,40
112900176,8,39,-31
112900177,244,69,175
112900178,989,2845,-1856
112900179,48,537,-489
112900180,2144,1971,173
112900181,632,21,611
112900182,59,1295,-1236
112900183,173,350,-177
112900184,496,506,-10
112900185,451,797,-346
112900186,1947,1222,725
112900187,143,726,-583
112900188,1099,746,353
112900189,5,46,-41
112900190,10,44,-34
112900192,795,802,-7
112900193,1355,445,910
112900194,100,97,3
112900195,1400,73,1327
112900196,244,396,-152
112900197,348,467,-119
112900199,569,637,-68
112900200,530,288,242
112900201,142,147,-5
112900202,336,1028,-692
112900203,226,333,-107
112900204,1165,824,341
112900205,16,29,-13
112900206,43,72,-29
112900207,17,0,17
112900208,127,292,-165
112900209,574,490,84
112900210,0,25,-25
112900211,131,170,-39
112900212,1,99,-98
112900213,42,18,24
112900214,38,16,22
112900215,16,211,-195
112900216,74,75,-1
112900217,6,61,-55
112900218,85,8,77
112900219,310,8,302
112900220,9,2,7
112900221,56,210,-154
112900222,0,40,-40
112900223,1245,29,1216
112900224,305,557,-252
112900225,513,446,67
112900226,304,454,-150
112900227,732,1304,-572
112900228,78,48,30
112900229,180,77,103
112900230,8735,4874,3861
112900232,394,308,86
112900233,101,247,-146
112900234,13,155,-142
112900235,148,51,97
112900236,265,21,244
112900237,163,268,-105
112900238,9,41,-32
113000001,6660,5747,913
113000002,4384,4629,-245
113000003,2205,1895,310
113000004,2292,2704,-412
113000005,1919,1171,748
113000006,1348,1752,-404
113000007,2520,1481,1039
113000008,2100,2071,29
113000009,1101,921,180
113000010,1703,1719,-16
113000011,855,1947,-1092
113000012,2113,882,1231
113000013,1668,896,772
113000014,1887,1997,-110
113000015,816,324,492
113000016,417,1072,-655
113000017,133,459,-326
113000018,602,86,516
113000019,224,335,-111
113000020,479,71,408
113000021,1818,570,1248
113000022,706,1353,-647
113000025,158,560,-402
113000026,335,713,-378
113000027,937,793,144
113000028,1403,762,641
113000029,973,594,379
113000030,538,756,-218
113000031,213,332,-119
113000032,316,278,38
113000033,451,443,8
113000034,360,366,-6
113000035,54,69,-15
113000036,18,83,-65
113000037,76,78,-2
113000038,20,92,-72
113000039,80,500,-420
113000040,71,87,-16
113000042,858,866,-8
113000051,1030,2571,-1541
113000052,2235,1154,1081
113000053,437,542,-105
113000054,411,900,-489
113000055,1240,745,495
113000056,911,1013,-102
113000058,804,1052,-248
113000059,1308,906,402
113000060,216,646,-430
113000061,639,1074,-435
113000062,1061,252,809
113000063,185,107,78
113000064,41,358,-317
113000065,188,1006,-818
113000066,669,121,548
113000067,1957,1518,439
113000068,365,1569,-1204
113000069,717,1420,-703
113000070,2813,1310,1503
113000071,652,779,-127
113000072,794,630,164
113000073,544,1717,-1173
113000074,1149,599,550
113000075,2191,853,1338
113000076,715,2144,-1429
113000077,1384,697,687
113000078,908,2885,-1977
113000079,1053,903,150
113000080,897,733,164
113000081,1475,989,486
113000082,1951,942,1009
113000083,663,989,-326
113000084,1876,1371,505
113000085,920,795,125
113000086,1339,1378,-39
113000087,1779,1015,764
113000088,2864,1654,1210
113000089,1183,1827,-644
113000090,360,632,-272
113000091,656,428,228
113000094,1327,205,1122
113000095,282,838,-556
113000096,163,788,-625
113000097,1011,439,572
113000098,177,48,129
113000099,1193,455,738
113000100,226,455,-229
113000101,444,711,-267
113000102,672,458,214
113000103,2253,677,1576
113000104,519,1996,-1477
113000105,1044,546,498
113000106,743,840,-97
113000107,810,761,49
113000108,665,1528,-863
113000109,671,2135,-1464
113000110,2189,557,1632
113000111,107,651,-544
113000112,344,286,58
113000113,2396,433,1963
113000114,377,1994,-1617
113000116,1033,370,663
113000117,973,171,802
113000118,162,708,-546
113000119,396,414,-18
113000120,98,331,-233
113000121,885,1151,-266
113000124,311,183,128
113000125,90,806,-716
113000127,3318,388,2930
113000128,533,680,-147
113000129,686,962,-276
113000133,2741,2098,643
113000134,17,1279,-1262
113000135,4168,4938,-770
113000137,2397,3517,-1120
113000139,440,262,178
113000140,152,253,-101
113000141,525,240,285
113000142,994,1468,-474
113000143,334,203,131
113000144,296,712,-416
113000145,83,237,-154
113000146,198,122,76
113000147,220,138,82
113000148,201,185,16
113000149,130,171,-41
113000150,647,425,222
113000151,86,78,8
113000152,38,101,-63
113000153,1634,654,980
113000154,964,1758,-794
113000155,429,632,-203
113000156,216,438,-222
113000157,329,1107,-778
113000158,891,313,578
113000159,1150,828,322
113000160,688,1291,-603
113000161,353,552,-199
113000162,893,652,241
113000163,249,43,206
113000164,27,141,-114
113000166,139,147,-8
113000167,87,140,-53
113000168,84,113,-29
113000169,177,117,60
113000170,89,119,-30
113000171,59,85,-26
113000172,225,81,144
113000173,66,28,38
113000174,103,412,-309
113000175,433,118,315
113000176,457,168,289
113000177,196,484,-288
113000178,256,422,-166
113000179,276,252,24
113000180,793,1277,-484
113000181,1163,1099,64
113000182,177,484,-307
113000183,147,653,-506
113000184,41,172,-131
113000189,543,917,-374
113000190,1108,706,402
113000192,1852,2485,-633
113000193,4993,1252,3741
113000194,2467,1632,835
113000195,3145,1118,2027
113000196,176,99,77
113000197,2574,1213,1361
113000198,88,473,-385
113000199,1976,468,1508
113000201,275,305,-30
113000202,3926,1728,2198
113000203,450,126,324
113000204,1769,2453,-684
113000205,8,25,-17
113000206,15,44,-29
113000207,74,21,53
113000208,43,69,-26
113000209,23,31,-8
113000210,11,39,-28
113000211,163,205,-42
113000212,92,21,71
113000213,38,176,-138
113000214,131,286,-155
113000234,239,960,-721
113000410,353,321,32
113000411,3575,5006,-1431
113000412,7982,2874,5108
113000413,3292,3216,76
113000414,7798,17926,-10128
113000415,2918,3576,-658
113000416,10474,5331,5143
113000417,3095,3741,-646
113000418,5564,3989,1575
113000419,2279,2577,-298
113000420,5122,6639,-1517
113000421,5076,7790,-2714
113000422,14735,11604,3131
113000423,2602,5435,-2833
113000424,3647,8984,-5337
113000425,20,108,-88
113000428,494,133,361
113000430,48,646,-598
113000432,2264,243,2021
113000433,163,1010,-847
113000434,26,139,-113
113000435,25,711,-686
113000436,25,1485,-1460
113000437,1052,22,1030
113000438,336,6,330
113000439,21,109,-88
113000440,85,46,39
113000441,184,207,-23
113000442,139,190,-51
113000443,214,253,-39
113000444,159,192,-33
113000445,104,127,-23
113000446,22,80,-58
113000448,137,201,-64
113000449,272,755,-483
113000450,641,2119,-1478
113000451,1096,225,871
113000452,439,342,97
113000453,35,321,-286
113000454,1127,36,1091
113000455,9,305,-296
113000456,4628,3109,1519
113000468,1889,310,1579
113000469,145,149,-4
113000470,360,16,344
113000471,13,361,-348
113000472,95,376,-281
113000474,536,622,-86
113000475,1740,2126,-386
113000476,1482,2179,-697
113000477,3406,2297,1109
113000478,4621,6518,-1897
113000479,530,299,231
113000480,119,170,-51
113000481,0,0,0
113000483,0,0,0
113000485,6,1,5
113000486,13,0,13
113000487,0,0,0
113000488,1,2,-1
113000489,1,2,-1
113000490,0,25,-25
113000491,7,12,-5
113000492,1,2,-1
113000493,0,0,0
113000495,154,115,39
113000496,80,99,-19
113000497,0,0,0
113000500,0,6,-6
113900001,3,193,-190
113900002,1,101,-100
113900003,0,73,-73
113900004,0,34,-34
113900005,0,44,-44
113900006,1,28,-27
113900007,82,29,53
113900008,30,0,30
113900009,174,0,174
113900010,86,1,85
113900011,38,3,35
113900012,53,1,52
113900013,384,3,381
113900014,619,4,615
113900015,0,62,-62
113900016,29,0,29
113900017,1,74,-73
113900018,536,292,244
113900019,176,78,98
113900020,181,6,175
113900022,23,2,21
113900023,32,0,32
113900024,135,56,79
113900025,331,41,290
113900026,56,0,56
113900027,0,95,-95
113900028,30,500,-470
113900029,65,206,-141
113900030,207,2,205
113900031,13,1,12
113900032,14,2,12
113900033,84,85,-1
113900035,54,3,51
113900036,20,137,-117
113900037,163,520,-357
113900038,50,128,-78
113900039,154,23,131
113900040,16,13,3
113900041,9,1,8
113900042,77,55,22
113900043,200,142,58
113900044,411,313,98
113900045,93,4,89
113900046,354,640,-286
113900047,49,133,-84
113900048,265,103,162
113900049,711,291,420
113900050,206,387,-181
113900051,200,419,-219
113900052,217,162,55
113900053,777,598,179
113900054,29,1,28
113900055,127,437,-310
113900056,33,138,-105
113900057,21,126,-105
113900058,70,177,-107
113900059,319,391,-72
113900060,275,258,17
113900061,990,301,689
113900062,99,21,78
113900063,131,152,-21
113900064,46,171,-125
113900065,519,19,500
113900066,407,370,37
113900067,219,302,-83
113900068,437,482,-45
113900069,60,27,33
113900070,228,600,-372
113900071,55,59,-4
113900072,77,202,-125
113900073,211,454,-243
113900074,125,299,-174
113900075,1239,1044,195
113900076,206,18,188
113900077,88,205,-117
113900078,35,40,-5
113900079,3,54,-51
113900080,667,310,357
113900081,90,196,-106
113900082,101,276,-175
113900083,252,421,-169
113900084,237,151,86
113900085,47,336,-289
113900086,35,10,25
113900087,72,311,-239
113900088,65,106,-41
113900089,530,53,477
113900090,669,492,177
113900091,40,19,21
113900092,70,73,-3
113900093,125,753,-628
113900094,419,486,-67
113900095,131,99,32
113900096,362,94,268
113900097,39,131,-92
113900098,658,95,563
113900099,2,55,-53
113900100,1,10,-9
113900101,22,91,-69
113900102,177,194,-17
113900103,296,396,-100
113900104,131,200,-69
113900105,89,229,-140
113900106,0,71,-71
113900107,1,23,-22
113900108,333,289,44
113900109,453,173,280
113900110,103,14,89
113900111,151,115,36
113900112,122,85,37
113900113,1045,616,429
113900114,1,96,-95
113900115,1,104,-103
113900116,184,155,29
113900117,120,23,97
113900118,264,372,-108
113900119,218,521,-303
113900120,41,49,-8
113900121,66,147,-81
113900122,449,1855,-1406
113900123,424,226,198
113900124,0,71,-71
113900125,1068,163,905
113900126,248,74,174
113900127,424,879,-455
113900128,147,83,64
113900129,11,153,-142
113900130,31,88,-57
113900131,240,118,122
113900132,51,60,-9
113900133,12,92,-80
113900135,273,422,-149
113900136,160,96,64
113900137,314,228,86
113900138,110,179,-69
113900139,420,141,279
113900140,299,511,-212
113900141,514,405,109
113900142,171,97,74
113900143,13,40,-27
113900144,417,270,147
113900145,509,241,268
113900146,140,57,83
113900148,153,293,-140
113900149,171,74,97
113900150,633,450,183
113900151,417,257,160
113900152,33,53,-20
113900153,320,580,-260
113900154,1,182,-181
113900155,236,199,37
113900156,254,557,-303
113900157,56,296,-240
113900158,594,504,90
113900159,40,366,-326
113900160,912,669,243
113900161,82,231,-149
113900162,948,965,-17
113900163,330,266,64
113900164,287,39,248
113900165,1170,516,654
113900166,411,200,211
113900167,290,61,229
113900168,150,111,39
113900169,244,461,-217
113900171,177,110,67
113900172,14,210,-196
113900173,66,586,-520
113900174,574,722,-148
113900175,369,195,174
113900176,620,781,-161
113900177,431,292,139
113900178,338,140,198
113900179,24,477,-453
113900180,200,105,95
113900181,598,170,428
113900182,1074,1344,-270
113900183,79,104,-25
113900184,13,682,-669
113900185,179,110,69
113900186,48,48,0
113900187,40,171,-131
113900188,52,212,-160
113900189,297,161,136
113900190,301,102,199
113900191,131,303,-172
113900192,8,474,-466
113900193,37,307,-270
113900194,1819,1236,583
113900195,253,349,-96
113900196,13,157,-144
113900197,0,161,-161
113900198,38,223,-185
113900199,230,894,-664
113900200,25,288,-263
113900201,2,188,-186
113900202,46,305,-259
113900203,0,135,-135
113900204,74,544,-470
113900205,14,175,-161
113900206,11,152,-141
113900207,0,69,-69
113900208,1,95,-94
113900209,1,120,-119
113900210,605,898,-293
113900211,247,80,167
113900212,179,510,-331
113900214,459,440,19
113900215,61,156,-95
113900216,126,1020,-894
113900217,46,267,-221
113900218,252,81,171
113900219,119,404,-285
113900220,214,114,100
113900221,531,294,237
113900222,326,785,-459
113900223,157,1065,-908
113900224,86,92,-6
113900225,563,269,294
113900226,383,126,257
113900227,637,230,407
113900228,408,502,-94
113900229,84,913,-829
113900230,4773,3685,1088
113900231,206,236,-30
113900232,81,105,-24
113900233,133,95,38
113900234,353,510,-157
113900235,108,63,45
113900236,168,380,-212
113900237,199,26,173
113900238,253,521,-268
113900239,78,104,-26
113900240,7,160,-153
113900241,131,59,72
113900242,48,108,-60
113900243,143,469,-326
113900244,346,204,142
113900245,1472,366,1106
113900246,13,43,-30
113900247,240,503,-263
113900248,3185,1851,1334
113900249,992,441,551
113900250,72,138,-66
113900251,581,242,339
113900252,479,25,454
113900253,715,81,634
113900254,979,173,806
113900255,441,42,399
113900256,307,18,289
113900257,29,551,-522
113900258,20,578,-558
113900259,538,225,313
113900260,157,13,144
113900261,62,118,-56
113900262,111,550,-439
113900263,205,771,-566
113900264,7,458,-451
113900265,233,327,-94
113900266,46,185,-139
113900267,126,581,-455
113900268,375,528,-153
113900269,91,193,-102
113900270,419,850,-431
113900271,782,1324,-542
113900273,119,18,101
113900274,86,51,35
113900275,59,97,-38
113900276,0,176,-176
113900277,169,5,164
113900278,361,235,126
113900279,84,112,-28
113900280,1603,661,942
113900281,770,1496,-726
113900282,904,720,184
113900283,433,659,-226
113900284,921,326,595
113900285,202,70,132
113900286,114,161,-47
113900287,51,90,-39
113900288,4,168,-164
113900289,1189,95,1094
113900290,328,229,99
113900291,145,242,-97
113900292,18,6,12
113900293,3,297,-294
113900294,402,29,373
113900295,515,362,153
113900296,2114,525,1589
113900297,2637,56,2581
113900298,9,1830,-1821
113900299,53,123,-70
113900300,5421,3301,2120
113900301,746,400,346
113900302,2966,1088,1878
113900303,631,522,109
113900304,3,147,-144
113900305,94,1,93
113900306,59,0,59
113900307,96,0,96
113900308,102,121,-19
113900309,2,1030,-1028
113900310,1,13,-12
113900311,3,0,3
113900312,233,224,9
113900313,20,17,3
114000001,1286,3405,-2119
114000002,276,374,-98
114000003,62,361,-299
114000004,354,463,-109
114000005,260,263,-3
114000006,2504,2398,106
114000007,860,1465,-605
114000008,1552,1852,-300
114000009,671,260,411
114000011,2730,3062,-332
114000012,2485,2199,286
114000013,1784,1757,27
114000014,614,312,302
114000015,1690,501,1189
114000016,209,354,-145
114000017,88,326,-238
114000018,251,74,177
114000026,1600,1537,63
114000027,3106,2260,846
114000028,2820,2912,-92
114000038,328,170,158
114000039,146,49,97
114000040,79,214,-135
114000042,111,181,-70
114000043,77,172,-95
114000044,209,59,150
114000045,48,87,-39
114000046,4794,5499,-705
114000047,8,101,-93
114000048,106,44,62
114000049,1692,1653,39
114000050,1588,2233,-645
114000051,2675,2121,554
114000052,5612,1856,3756
114000053,138,692,-554
114000054,295,972,-677
114000055,399,38,361
114000056,1395,994,401
114000057,6251,2695,3556
114000058,709,1356,-647
114000059,390,342,48
114000060,693,924,-231
114000061,3296,2689,607
114000062,2916,1531,1385
114000063,3303,1999,1304
114000064,7248,3721,3527
114000065,2470,2774,-304
114000066,406,699,-293
114000067,37,618,-581
114000068,541,685,-144
114000069,947,682,265
114000070,2471,2012,459
114000071,727,637,90
114000072,403,350,53
114000073,52,75,-23
114000074,51,27,24
114000075,52,126,-74
114000076,35,131,-96
114000077,4,67,-63
114000078,547,937,-390
114000079,143,54,89
114000080,99,128,-29
114000081,44,79,-35
114000082,54,567,-513
114000083,119,308,-189
114000084,304,74,230
114000085,138,708,-570
114000086,235,506,-271
114000087,128,191,-63
114000088,59,53,6
114000089,1024,492,532
114000090,936,1080,-144
114000091,1868,928,940
114000092,1193,585,608
114000093,1337,894,443
114000094,373,404,-31
114000095,255,157,98
114000096,188,469,-281
114000097,125,777,-652
114000098,451,94,357
114000099,564,587,-23
114000100,1247,795,452
114000101,469,1106,-637
114000102,474,434,40
114000103,156,424,-268
114000104,56,289,-233
114000105,168,75,93
114000106,976,990,-14
114000107,368,158,210
114000108,1645,1269,376
114000109,486,1045,-559
114000110,762,1835,-1073
114000111,1729,1029,700
114000112,718,2192,-1474
114000113,1195,777,418
114000114,1675,1650,25
114000115,2089,1306,783
114000116,1477,852,625
114000117,2889,503,2386
114000118,2419,564,1855
114000119,1655,510,1145
114000120,624,1020,-396
114000121,367,882,-515
114000122,426,353,73
114000123,1907,644,1263
114000124,822,374,448
114000125,993,1633,-640
114000126,2908,291,2617
114000127,368,219,149
114000128,865,418,447
114000130,553,628,-75
114000131,322,138,184
114000132,573,649,-76
114000133,1151,1615,-464
114000134,82,209,-127
114000138,45,231,-186
114000139,509,329,180
114000144,965,652,313
114000145,99,250,-151
114000146,137,294,-157
114000147,1480,1870,-390
114000148,2277,2116,161
114000149,404,379,25
114000150,643,727,-84
114000151,805,1343,-538
114000152,167,51,116
114000153,875,2505,-1630
114000154,864,918,-54
114000155,2078,2254,-176
114000156,936,644,292
114000157,363,1127,-764
114000158,1759,892,867
114000159,183,498,-315
114000160,145,509,-364
114000161,1472,3219,-1747
114000162,1107,2471,-1364
114000163,22,156,-134
114000165,752,331,421
114000166,957,570,387
114000167,3610,1813,1797
114000168,938,893,45
114000169,1687,1482,205
114000170,1367,1307,60
114000171,1147,2101,-954
114000174,270,582,-312
114000176,716,582,134
114000177,2293,1180,1113
114000178,78,50,28
114000179,1337,749,588
114000180,459,961,-502
114000181,2073,3898,-1825
114000182,4828,2717,2111
114000183,1148,920,228
114000184,835,1263,-428
114000185,1713,998,715
114000189,999,145,854
114000190,2701,342,2359
114000191,62,62,0
114000192,286,1658,-1372
114000193,885,3383,-2498
114000194,1191,1205,-14
114000195,149,40,109
114000196,1,228,-227
114000197,1081,34,1047
114000198,845,368,477
114000199,2166,1782,384
114000200,678,1892,-1214
114000201,156,891,-735
114000202,1498,722,776
114000203,451,774,-323
114000204,231,510,-279
114000205,236,1586,-1350
114000206,743,1471,-728
114000207,713,2287,-1574
114000208,461,3167,-2706
114000209,680,2509,-1829
114000210,280,1420,-1140
114000211,964,2153,-1189
114000212,819,906,-87
114000213,1294,594,700
114000214,128,226,-98
114000215,211,123,88
114000216,1641,452,1189
114000217,291,287,4
114000218,136,293,-157
114000219,1155,304,851
114000220,24,874,-850
114000221,804,242,562
114000222,170,1149,-979
114000223,458,139,319
114000224,123,662,-539
114000225,212,702,-490
114000226,129,260,-131
114000227,881,555,326
114000228,876,868,8
114000229,1055,1437,-382
114000230,1839,1389,450
114000231,970,1430,-460
114000232,671,144,527
114000233,2258,166,2092
114000234,1262,1214,48
114000235,1140,1660,-520
114000236,0,434,-434
114000237,83,985,-902
114000238,249,226,23
114000239,220,1134,-914
114000240,918,810,108
114000241,341,977,-636
114000242,1004,899,105
114000243,1669,1030,639
114000244,1123,491,632
114000245,376,630,-254
114000246,138,42,96
114000247,1309,815,494
114000248,2688,581,2107
114000249,495,574,-79
114000250,575,940,-365
114000251,455,262,193
114000252,60,111,-51
114000253,63,185,-122
114000254,36,81,-45
114000255,613,217,396
114000256,1995,2105,-110
114000257,456,1472,-1016
114000258,409,556,-147
114000259,195,226,-31
114000260,0,30,-30
114000261,40,37,3
114000262,226,128,98
114000263,5,3,2
114000264,1078,694,384
114000265,0,11,-11
114000267,3,2043,-2040
114000268,15,1718,-1703
114000270,142,13,129
114000271,521,100,421
114000283,1304,539,765
114000285,42,221,-179
114000288,91,259,-168
114000289,1168,182,986
114000293,188,490,-302
114000294,196,314,-118
114000395,1704,48,1656
114000396,580,515,65
114000402,490,309,181
114000403,288,463,-175
114000405,133,462,-329
114000423,457,495,-38
114000424,549,219,330
114000425,801,463,338
114000426,342,920,-578
114000427,70,93,-23
114000428,236,171,65
114000429,16,330,-314
114000432,84,127,-43
114000434,38,92,-54
114000435,12,235,-223
114000436,2945,1110,1835
114000437,320,2067,-1747
114900001,690,1128,-438
114900002,1176,152,1024
114900003,600,1433,-833
114900004,253,459,-206
114900005,588,878,-290
114900006,147,124,23
114900007,342,28,314
114900008,167,138,29
114900010,1901,1623,278
114900011,246,183,63
114900013,237,133,104
114900015,77,461,-384
114900018,910,54,856
114900020,158,77,81
114900022,75,700,-625
114900024,235,149,86
114900025,413,236,177
114900026,48,167,-119
114900027,243,249,-6
114900029,17,21,-4
114900030,303,224,79
114900031,322,29,293
114900032,389,45,344
114900033,1161,763,398
114900034,46,196,-150
114900035,190,353,-163
114900036,268,807,-539
114900037,129,178,-49
114900038,186,786,-600
114900039,563,535,28
114900040,100,140,-40
114900041,588,578,10
114900042,666,692,-26
114900043,624,353,271
114900044,312,42,270
114900046,74,88,-14
114900047,266,1772,-1506
114900048,146,266,-120
114900049,7,225,-218
114900050,45,452,-407
114900051,25,400,-375
114900052,179,277,-98
114900053,209,289,-80
114900054,49,166,-117
114900057,283,9,274
114900058,1,81,-80
114900059,68,62,6
114900060,1300,851,449
114900061,141,188,-47
114900062,326,372,-46
114900063,54,211,-157
114900064,1300,579,721
114900065,358,752,-394
114900067,267,496,-229
114900068,74,192,-118
114900069,183,149,34
114900070,445,431,14
114900072,4,347,-343
114900073,1,205,-204
114900074,559,669,-110
114900075,348,10,338
114900076,19,416,-397
114900080,1954,414,1540
114900082,3531,2009,1522
114900083,1440,1170,270
114900090,401,215,186
114900091,180,217,-37
114900095,380,131,249
114900096,550,750,-200
114900097,123,1,122
114900098,9,204,-195
114900099,274,6,268
115000001,6668,4629,2039
115000002,3336,4135,-799
115000003,5399,3861,1538
115000004,3799,6341,-2542
115000005,1995,2533,-538
115000006,927,1719,-792
115000007,87,207,-120
115000008,368,498,-130
115000009,191,272,-81
115000010,274,215,59
115000013,89,187,-98
115000015,66,282,-216
115000016,298,328,-30
115000019,64,551,-487
115000020,144,846,-702
115000021,349,517,-168
115000022,581,528,53
115000023,423,673,-250
115000024,1376,590,786
115000025,873,932,-59
115000026,187,544,-357
115000027,293,340,-47
115000028,335,1102,-767
115000029,644,180,464
115000030,1153,1289,-136
115000031,1491,671,820
115000032,14,257,-243
115000033,144,52,92
115000034,108,1352,-1244
115000035,1265,81,1184
115000036,1,602,-601
115000037,838,15,823
115000038,57,190,-133
115000039,3800,3694,106
115000040,8201,3404,4797
115000041,1389,3350,-1961
115000042,1303,723,580
115000043,4185,2403,1782
115000044,4202,4654,-452
115000045,2846,2194,652
115000046,2319,2443,-124
115000047,2261,1789,472
115000048,1559,2845,-1286
115000049,1645,3975,-2330
115000050,3267,2724,543
115000051,1765,2960,-1195
115000052,2349,1990,359
115000053,1674,1807,-133
115000054,708,1404,-696
115000055,146,559,-413
115000056,222,701,-479
115000057,646,967,-321
115000058,641,310,331
115000059,378,211,167
115000061,228,161,67
115000062,215,360,-145
115000063,331,347,-16
115000064,241,157,84
115000065,55,418,-363
115000067,227,18,209
115000069,95,375,-280
115000070,47,1187,-1140
115000071,164,33,131
115000072,26,111,-85
115000073,1476,82,1394
115000075,97,107,-10
115000076,4060,3386,674
115000077,3578,2708,870
115000078,1385,1541,-156
115000079,1660,2097,-437
115000080,2774,2896,-122
115000081,586,1261,-675
115000082,4077,4056,21
115000083,2258,2863,-605
115000084,2310,1344,966
115000085,818,1370,-552
115000086,1147,1028,119
115000087,523,1764,-1241
115000088,2013,854,1159
115000089,1445,1462,-17
115000090,608,996,-388
115000091,284,992,-708
115000092,481,363,118
115000093,494,3,491
115000094,7542,6067,1475
115000095,5233,6099,-866
115000096,675,1838,-1163
115000097,793,947,-154
115000098,1073,833,240
115000099,2460,3115,-655
115000100,1003,456,547
115000101,522,1647,-1125
115000102,466,305,161
115000103,258,794,-536
115000105,59,160,-101
115000106,622,329,293
115000107,228,567,-339
115000108,3770,2922,848
115000109,4952,4746,206
115000110,1848,1489,359
115000111,927,2259,-1332
115000112,889,854,35
115000113,806,1181,-375
115000114,2151,1022,1129
115000116,4816,2761,2055
115000117,4882,4313,569
115000118,4095,2026,2069
115000119,4354,3125,1229
115000120,850,1340,-490
115000121,2046,1249,797
115000122,5336,2149,3187
115000123,2116,2551,-435
115000124,1168,985,183
115000125,703,749,-46
115000126,279,388,-109
115000127,468,139,329
115000128,665,946,-281
115000129,362,353,9
115000130,485,1045,-560
115000131,905,316,589
115000132,574,554,20
115000133,668,287,381
115000134,805,325,480
115000135,366,241,125
115000136,319,357,-38
115000137,161,241,-80
115000138,351,317,34
115000139,243,257,-14
115000140,350,266,84
115000141,195,356,-161
115000142,202,306,-104
115000143,713,769,-56
115000144,586,91,495
115000145,282,365,-83
115000146,796,410,386
115000147,733,551,182
115000148,302,1270,-968
115000149,512,290,222
115000150,802,1100,-298
115000151,1077,712,365
115000152,837,1298,-461
115000153,1020,863,157
115000154,749,406,343
115000155,783,1113,-330
115000156,1186,829,357
115000157,941,904,37
115000158,969,421,548
115000159,881,680,201
115000160,705,697,8
115000161,544,657,-113
115000162,852,933,-81
115000163,669,716,-47
115000164,916,604,312
115000165,514,653,-139
115000167,147,98,49
115000168,690,435,255
115000169,638,466,172
115000170,171,139,32
115000171,283,230,53
115000172,1773,907,866
115000173,439,560,-121
115000174,541,483,58
115000175,416,355,61
115000176,335,207,128
115000177,226,207,19
115000178,42,281,-239
115000179,39,52,-13
115000180,174,650,-476
115000181,691,197,494
115000182,916,372,544
115000183,461,945,-484
115000186,821,311,510
115000187,262,895,-633
115000188,488,541,-53
115000189,304,448,-144
115000190,773,510,263
115000191,238,597,-359
115000194,175,247,-72
115000195,342,364,-22
115000196,257,128,129
115000197,419,330,89
115000198,364,249,115
115000199,312,210,102
115000200,385,109,276
115000201,203,447,-244
115000206,492,86,406
115000207,169,363,-194
115000208,601,782,-181
115000209,1201,384,817
115000210,207,170,37
115000211,430,316,114
115000212,1627,409,1218
115000218,95,107,-12
115000219,44,62,-18
115000224,453,53,400
115000225,58,89,-31
115000229,257,160,97
115000230,142,444,-302
115000231,309,1740,-1431
115000232,1607,285,1322
115000233,179,220,-41
115000234,27,306,-279
115000241,81,286,-205
115000242,107,310,-203
115000243,42,225,-183
115000244,13,145,-132
115000246,31,33,-2
115000247,69,18,51
115000248,23,22,1
115000249,39,29,10
115000250,244,51,193
115000251,225,147,78
115000252,103,311,-208
115000253,32,484,-452
115000258,306,232,74
115000259,420,251,169
115000261,30,35,-5
115000262,20,26,-6
115000263,6,46,-40
115000264,47,40,7
115000267,109,72,37
115000268,46,149,-103
115000269,137,71,66
115000270,62,28,34
115000272,60,165,-105
115000273,402,41,361
115000274,321,251,70
115000280,2551,211,2340
115000281,694,670,24
115000282,2271,881,1390
115000284,401,212,189
115000296,1293,15,1278
115000297,311,135,176
115000298,151,462,-311
115000300,261,208,53
115000302,462,187,275
115000303,659,182,477
115000304,680,102,578
115000305,127,856,-729
115000306,208,372,-164
115000307,176,197,-21
115000308,39,14,25
115000309,8,5,3
115000310,927,1272,-345
115000311,885,1395,-510
115000313,144,719,-575
115000314,461,131,330
115000315,952,312,640
115000316,63,130,-67
115000317,227,561,-334
115000318,816,405,411
115000319,36,327,-291
115000320,33,390,-357
115000321,464,20,444
115000322,36,220,-184
115000449,315,176,139
115000557,43,1050,-1007
115000558,437,85,352
115000587,439,536,-97
115000588,2292,3103,-811
115000589,3482,2550,932
115000590,1397,1573,-176
115000591,2216,754,1462
115000592,762,2021,-1259
115000593,1512,650,862
115000594,1230,2283,-1053
115000609,106,173,-67
115000617,2380,3463,-1083
115000624,234,62,172
115000633,528,2454,-1926
115000634,2838,1149,1689
115000635,481,185,296
115000638,848,783,65
115000641,50,120,-70
115000642,372,414,-42
115000643,157,601,-444
115000644,180,623,-443
115000646,1057,2092,-1035
115000647,263,547,-284
115000648,1787,2352,-565
115000893,3445,1490,1955
115000894,163,1332,-1169
115000895,390,851,-461
115000896,1050,316,734
115000897,699,185,514
115000898,1155,221,934
115000899,579,1064,-485
115000900,151,437,-286
115000901,50,117,-67
115000912,338,124,214
115000913,1,26,-25
115000915,30,1,29
115000916,8,0,8
115000917,0,32,-32
115000918,148,719,-571
115000919,16,25,-9
115000920,59,42,17
115000921,888,132,756
115000922,836,654,182
115000923,378,885,-507
115000925,85,71,14
115000927,37,79,-42
115000933,166,138,28
115000934,21,38,-17
115000935,24,18,6
115900001,65,31,34
115900002,91,146,-55
115900003,185,137,48
115900004,1,38,-37
115900005,164,9,155
115900006,171,317,-146
115900008,45,8,37
115900009,80,306,-226
115900010,323,174,149
115900011,767,399,368
115900012,125,72,53
115900013,464,170,294
115900014,157,200,-43
115900015,145,83,62
115900016,140,34,106
115900017,18,18,0
115900018,143,82,61
115900019,880,33,847
115900020,78,1,77
115900021,2040,483,1557
115900022,1172,22,1150
115900023,47,9,38
115900025,51,232,-181
115900026,1099,329,770
115900027,0,326,-326
115900028,977,84,893
115900029,21,497,-476
115900030,61,43,18
115900031,361,383,-22
115900032,529,816,-287
115900033,1,94,-93
115900034,28,458,-430
115900035,45,26,19
115900036,81,722,-641
115900037,87,417,-330
115900038,37,19,18
115900039,226,272,-46
115900041,472,651,-179
115900042,41,9,32
115900043,103,107,-4
115900044,371,330,41
115900046,248,377,-129
115900047,231,121,110
115900049,186,255,-69
115900051,3,56,-53
115900052,19,216,-197
115900053,188,265,-77
115900054,209,60,149
115900055,46,138,-92
115900056,293,390,-97
115900057,61,32,29
115900058,43,66,-23
115900060,163,285,-122
115900061,176,0,176
115900062,55,402,-347
115900063,86,15,71
115900064,207,294,-87
115900065,130,197,-67
115900066,191,151,40
115900067,14,681,-667
115900068,3218,863,2355
115900069,109,197,-88
115900070,184,258,-74
115900071,2,515,-513
115900072,63,232,-169
115900073,79,91,-12
115900074,2,309,-307
115900075,52,277,-225
115900076,6,59,-53
115900077,9,271,-262
115900078,152,176,-24
115900079,196,26,170
115900080,454,254,200
115900081,29,75,-46
115900082,159,187,-28
115900084,565,44,521
115900085,85,106,-21
115900086,1714,713,1001
115900088,25,63,-38
115900089,339,703,-364
115900090,303,37,266
115900091,20,42,-22
115900092,24,170,-146
115900093,11,27,-16
115900094,10,363,-353
115900096,1,39,-38
115900097,10,380,-370
115900098,120,431,-311
115900099,250,78,172
115900100,13,530,-517
115900101,114,278,-164
115900102,73,80,-7
115900103,313,209,104
115900104,57,152,-95
115900105,233,673,-440
115900106,46,51,-5
115900107,117,134,-17
115900108,97,104,-7
115900109,60,514,-454
115900110,1,25,-24
115900111,4,102,-98
115900112,36,986,-950
115900113,37,55,-18
115900114,11,150,-139
115900115,90,247,-157
115900116,92,969,-877
115900117,47,60,-13
115900118,1,269,-268
115900119,125,148,-23
115900120,36,336,-300
115900121,176,387,-211
115900124,722,718,4
115900125,268,78,190
115900126,607,110,497
115900127,749,69,680
115900128,5,340,-335
115900129,916,71,845
115900130,31,258,-227
115900131,703,26,677
115900132,609,10,599
115900134,291,18,273
115900135,489,1154,-665
115900137,35,7,28
115900139,150,114,36
115900140,210,46,164
115900141,32,109,-77
115900142,68,73,-5
115900143,221,329,-108
115900144,75,279,-204
115900146,30,113,-83
115900147,330,261,69
115900148,95,4,91
115900149,84,28,56
115900150,91,49,42
115900151,16,120,-104
115900152,122,345,-223
115900153,125,228,-103
115900154,605,435,170
115900155,0,58,-58
115900156,769,1012,-243
115900157,160,549,-389
115900158,14,8,6
115900159,147,259,-112
115900160,17,11,6
115900161,150,237,-87
115900163,224,177,47
115900164,551,43,508
115900165,0,151,-151
115900166,240,209,31
115900168,103,182,-79
115900171,145,484,-339
115900172,58,139,-81
115900173,283,176,107
115900174,270,282,-12
115900175,138,313,-175
115900178,9,693,-684
115900179,329,14,315
115900180,43,175,-132
115900181,195,275,-80
115900182,419,288,131
115900183,203,107,96
115900184,1436,13,1423
115900187,23,150,-127
115900189,6,333,-327
115900190,1051,1346,-295
115900191,40,408,-368
115900192,11,110,-99
115900193,471,169,302
115900194,692,81,611
115900195,767,2021,-1254
115900198,234,378,-144
115900199,165,268,-103
115900200,399,547,-148
115900201,515,419,96
115900202,0,57,-57
115900203,9,21,-12
115900204,13,9,4
115900205,78,43,35
115900206,170,207,-37
115900207,28,45,-17
115900208,151,208,-57
115900209,4,145,-141
115900210,8,133,-125
115900211,8,270,-262
115900212,185,308,-123
115900213,254,80,174
115900214,408,250,158
115900215,22,114,-92
115900216,8,134,-126
115900217,38,62,-24
115900218,33,28,5
115900219,67,5,62
115900220,157,44,113
115900221,75,36,39
115900222,80,26,54
115900223,9,385,-376
115900224,1261,944,317
115900225,71,59,12
115900226,46,55,-9
115900227,7,39,-32
115900228,15,55,-40
115900229,7,47,-40
115900230,45,120,-75
115900231,114,10,104
115900232,39,3,36
115900233,113,33,80
115900234,42,46,-4
115900235,25,43,-18
115900236,281,42,239
115900237,93,61,32
115900238,187,32,155
115900239,42,36,6
115900240,8,67,-59
115900241,248,146,102
115900242,271,290,-19
115900243,10,8,2
115900244,30,12,18
115900245,20,9,11
115900246,11,3,8
115900247,32,16,16
115900248,27,9,18
115900249,5,13,-8
115900250,6,59,-53
115900251,1,15,-14
115900252,4,5,-1
115900253,17,27,-10
115900254,7,20,-13
115900255,5,17,-12
115900256,20,13,7
115900257,5,6,-1
115900258,0,3,-3
115900259,4,1,3
115900260,13,1,12
115900261,10,0,10
115900262,7,1,6
115900263,10,3,7
115900264,13,3,10
115900265,0,7,-7
115900266,2,21,-19
115900267,4,18,-14
115900268,7,8,-1
115900269,394,499,-105
115900270,417,455,-38
115900271,14,0,14
115900272,12,6,6
115900273,5,9,-4
115900274,2,9,-7
115900275,0,14,-14
115900276,0,14,-14
115900277,0,21,-21
115900278,10,34,-24
115900279,1,45,-44
115900280,2,134,-132
115900281,69,37,32
116000001,14239,5488,8751
116000002,5628,10565,-4937
116000003,1838,1920,-82
116000004,2361,3730,-1369
116000005,3840,3765,75
116000006,3104,2624,480
116000007,4472,4435,37
116000008,6261,2648,3613
116000009,2288,3004,-716
116000010,2304,1880,424
116000011,1107,2433,-1326
116000012,1699,1176,523
116000013,10550,4962,5588
116000014,13704,10123,3581
116000015,495,1508,-1013
116000016,7142,3766,3376
116000017,52,796,-744
116000018,843,405,438
116000019,1126,364,762
116000020,691,1021,-330
116000021,448,430,18
116000022,456,387,69
116000023,1093,857,236
116000024,926,963,-37
116000025,851,928,-77
116000026,2252,3096,-844
116000027,1122,694,428
116000028,484,847,-363
116000029,907,951,-44
116000030,884,489,395
116000031,271,396,-125
116000032,348,236,112
116000033,269,448,-179
116000034,702,814,-112
116000035,339,787,-448
116000036,2514,1469,1045
116000037,912,792,120
116000038,502,512,-10
116000039,656,474,182
116000040,1023,372,651
116000041,333,565,-232
116000042,656,328,328
116000043,130,792,-662
116000044,2,61,-59
116000045,2178,1428,750
116000046,1400,1868,-468
116000047,1886,2396,-510
116000048,2131,2003,128
116000049,1378,3382,-2004
116000050,1543,1599,-56
116000051,6870,3293,3577
116000052,6657,6077,580
116000053,2057,965,1092
116000054,754,3074,-2320
116000055,621,1157,-536
116000056,963,1142,-179
116000057,3666,2158,1508
116000058,4084,3232,852
116000059,4482,5751,-1269
116000060,2674,1156,1518
116000061,401,915,-514
116000062,774,323,451
116000063,662,1128,-466
116000066,250,596,-346
116000067,325,522,-197
116000068,286,347,-61
116000069,304,487,-183
116000078,609,1298,-689
116000080,2181,1245,936
116000082,12,93,-81
116000083,1636,480,1156
116000084,2537,4494,-1957
116000085,2349,2087,262
116000086,2150,1318,832
116000087,1844,1666,178
116000088,778,1361,-583
116000089,218,132,86
116000090,115,161,-46
116000091,724,239,485
116000093,1056,479,577
116000094,805,865,-60
116000095,946,666,280
116000096,777,1853,-1076
116000097,1607,946,661
116000098,46,6477,-6431
116000099,7424,251,7173
116000100,268,25,243
116000101,984,1237,-253
116000102,331,1876,-1545
116000103,588,340,248
116000104,238,1731,-1493
116000105,1254,228,1026
116000106,746,1136,-390
116000107,2990,416,2574
116000108,659,223,436
116000111,163,41,122
116000113,176,152,24
116000114,61,180,-119
116000115,385,121,264
116000116,335,699,-364
116000117,1615,2170,-555
116000118,1567,1622,-55
116000119,3665,2247,1418
116000120,3269,5328,-2059
116000121,989,553,436
116000122,1266,2163,-897
116000123,987,568,419
116000124,462,1412,-950
116000125,3007,1030,1977
116000126,414,1879,-1465
116000127,1071,1502,-431
116000128,1711,1030,681
116000129,1250,271,979
116000130,521,495,26
116000133,964,994,-30
116000134,1993,2741,-748
116000135,2444,1624,820
116000136,1475,2606,-1131
116000137,1078,775,303
116000138,1220,721,499
116000139,2455,2134,321
116000140,147,202,-55
116000141,345,750,-405
116000142,3447,3240,207
116000143,1693,1729,-36
116000144,1697,2428,-731
116000145,1407,1248,159
116000146,461,288,173
116000147,207,152,55
116000148,520,620,-100
116000149,857,869,-12
116000151,610,679,-69
116000153,160,407,-247
116000155,259,244,15
116000156,1032,1367,-335
116000157,61,19,42
116000158,294,331,-37
116000159,14,12,2
116000160,15,86,-71
116000161,10,124,-114
116000162,141,101,40
116000163,34,27,7
116000164,22,32,-10
116000177,631,117,514
116000194,120,593,-473
116000195,1668,766,902
116000196,40,9,31
116000197,18,8,10
116000198,2956,1351,1605
116000200,854,428,426
116000201,778,764,14
116000202,18,330,-312
116000203,1,116,-115
116000204,14,83,-69
116000205,0,160,-160
116000206,0,104,-104
116000207,4,66,-62
116000233,224,514,-290
116000287,207,514,-307
116000288,233,274,-41
116000292,89,167,-78
116000296,24,265,-241
116000297,129,31,98
116000304,157,18,139
116000305,6,142,-136
116000346,194,114,80
116000352,110,43,67
116000354,42,14,28
116000357,20,37,-17
116000358,439,59,380
116000361,125,1,124
116000372,5659,3554,2105
116000381,97,0,97
116000388,1,73,-72
116000389,1107,676,431
116000445,386,651,-265
116000446,544,717,-173
116000447,11,571,-560
116000448,585,243,342
116000563,1435,1072,363
116000565,56,493,-437
116000568,80,430,-350
116000579,56,160,-104
116000584,21,12,9
116000585,28,27,1
116000586,124,149,-25
116000587,506,885,-379
116000589,57,116,-59
116000590,148,112,36
116000591,215,290,-75
116000592,27,128,-101
116000593,0,30,-30
116000594,573,645,-72
116000595,895,184,711
116000596,94,5,89
116000597,420,114,306
116000598,46,218,-172
116000602,80,457,-377
116000605,741,176,565
116000606,143,270,-127
116000607,8,72,-64
116000609,239,844,-605
116000611,149,616,-467
116000612,642,1942,-1300
116000613,606,331,275
116000614,488,709,-221
116000615,13,341,-328
116000616,63,103,-40
116000617,70,63,7
116000618,3,123,-120
116000619,108,117,-9
116000620,133,96,37
116000621,71,156,-85
116000622,57,150,-93
116000624,200,104,96
116000627,3,9,-6
116000628,8,249,-241
116000629,8,337,-329
116000630,287,4,283
116000631,63,16,47
116000632,383,174,209
116000633,31,389,-358
116000634,478,23,455
116000635,1229,996,233
116900001,289,210,79
116900002,243,3,240
116900003,34,83,-49
116900004,42,59,-17
116900005,315,100,215
116900006,196,269,-73
116900007,155,252,-97
116900008,419,341,78
116900009,26,6,20
116900010,1,1510,-1509
116900011,18,45,-27
116900012,607,302,305
116900013,5,260,-255
116900014,81,225,-144
116900015,458,66,392
116900016,160,1,159
116900017,3,607,-604
116900018,64,54,10
116900019,14,390,-376
116900020,1104,1011,93
116900023,125,17,108
116900024,645,68,577
116900025,1156,1082,74
116900026,209,679,-470
116900027,31,49,-18
116900028,3,151,-148
116900029,0,70,-70
116900031,6,9,-3
116900032,5,383,-378
116900033,12,14,-2
116900034,30,59,-29
116900035,168,224,-56
116900036,7,141,-134
116900038,95,2,93
116900041,52,42,10
116900042,745,333,412
116900043,29,77,-48
116900045,285,77,208
116900047,66,164,-98
116900049,48,380,-332
116900050,115,485,-370
116900051,142,280,-138
116900052,231,86,145
116900055,1,8,-7
116900057,25,291,-266
116900058,54,396,-342
116900059,2,188,-186
116900060,245,232,13
116900062,4,39,-35
116900064,81,733,-652
116900065,58,112,-54
116900067,120,128,-8
116900068,147,268,-121
116900070,16,15,1
116900072,29,366,-337
116900073,9,166,-157
116900074,17,40,-23
116900076,17,61,-44
116900077,6,167,-161
116900078,287,132,155
116900079,43,262,-219
116900080,30,42,-12
116900081,460,1388,-928
116900082,502,1186,-684
116900083,81,46,35
116900084,235,58,177
116900085,39,212,-173
116900086,58,199,-141
116900088,514,173,341
116900090,156,49,107
116900091,519,57,462
116900092,97,774,-677
116900093,1912,2319,-407
116900094,5378,3471,1907
116900095,207,116,91
116900096,166,496,-330
116900097,3476,2750,726
116900098,874,410,464
116900099,1194,842,352
116900100,806,41,765
116900101,394,633,-239
116900103,7,0,7
116900104,170,116,54
116900105,247,154,93
116900106,1896,288,1608
116900107,4228,2615,1613
116900110,15,1,14
116900111,443,788,-345
116900112,331,1132,-801
116900113,2276,1334,942
116900116,165,530,-365
116900117,180,155,25
116900118,660,823,-163
116900120,512,82,430
116900121,236,41,195
116900122,985,1044,-59
116900123,267,970,-703
116900124,198,1062,-864
116900125,404,298,106
116900126,214,738,-524
116900128,4,35,-31
116900129,2,387,-385
116900130,692,3082,-2390
116900131,160,421,-261
116900132,33,160,-127
116900133,136,187,-51
116900134,252,387,-135
116900136,498,316,182
116900137,349,186,163
116900138,264,225,39
116900139,178,557,-379
116900140,225,173,52
116900141,960,513,447
116900142,8,63,-55
116900143,430,497,-67
116900144,37,101,-64
116900145,147,239,-92
116900147,689,474,215
116900148,10,50,-40
116900149,57,234,-177
116900150,10,15,-5
116900151,28,13,15
116900153,111,89,22
116900154,820,681,139
116900155,133,79,54
116900157,512,311,201
116900158,162,320,-158
116900159,159,333,-174
116900160,1053,860,193
116900161,7083,5519,1564
116900162,8,109,-101
116900163,228,148,80
116900164,108,98,10
116900165,235,330,-95
116900166,18,92,-74
116900167,431,107,324
116900168,279,104,175
116900169,768,543,225
116900170,298,719,-421
116900171,64,208,-144
116900172,188,230,-42
116900173,253,35,218
116900174,65,50,15
116900175,259,195,64
116900178,38,177,-139
116900179,119,228,-109
116900180,123,40,83
116900182,481,469,12
116900183,145,159,-14
116900185,28,56,-28
116900186,100,330,-230
116900187,66,68,-2
116900188,137,40,97
116900189,195,2,193
116900191,496,937,-441
116900192,301,160,141
116900194,210,1256,-1046
116900195,41,29,12
116900196,14,93,-79
116900197,145,44,101
116900198,233,200,33
116900200,57,36,21
116900201,102,9,93
116900202,164,92,72
116900203,158,23,135
116900204,41,103,-62
116900206,4,8,-4
116900207,31,39,-8
116900208,13,145,-132
116900209,26,120,-94
116900210,590,382,208
116900211,303,7,296
116900212,41,69,-28
116900213,292,167,125
116900214,228,216,12
116900215,58,82,-24
116900216,278,262,16
116900218,38,270,-232
116900219,1688,528,1160
116900220,100,277,-177
116900221,87,480,-393
116900222,411,514,-103
116900223,116,401,-285
116900226,91,81,10
116900227,142,74,68
116900228,300,277,23
116900230,59,252,-193
116900231,23,372,-349
116900232,10,444,-434
116900233,250,117,133
116900234,21,25,-4
116900235,164,481,-317
116900238,1939,453,1486
116900239,68,1697,-1629
116900240,6158,3273,2885
116900241,159,186,-27
116900242,427,742,-315
116900243,8,101,-93
116900245,26,24,2
116900246,127,19,108
116900247,806,167,639
116900248,106,49,57
116900249,353,131,222
116900250,1025,70,955
116900251,600,467,133
116900252,235,1008,-773
116900253,111,103,8
116900254,37,96,-59
116900255,97,70,27
116900256,433,189,244
116900257,49,556,-507
116900258,14,295,-281
116900259,305,57,248
116900260,4,94,-90
116900261,71,4,67
116900262,580,242,338
116900263,0,22,-22
116900264,3,6,-3
116900265,31,2,29
116900266,9,64,-55
116900267,8,3,5
116900268,325,126,199
116900269,274,701,-427
116900271,1852,177,1675
116900272,373,334,39
116900273,209,52,157
116900274,91,96,-5
116900275,168,116,52
116900276,548,139,409
116900277,724,41,683
116900278,10,14,-4
116900279,1,49,-48
116900280,49,58,-9
116900281,6734,4022,2712
116900282,1,119,-118
116900283,28,130,-102
116900284,32,240,-208
116900285,268,145,123
116900286,256,37,219
116900287,13,59,-46
116900288,70,124,-54
116900289,7,14,-7
116900290,2,13,-11
116900291,12,5,7
116900292,0,10,-10
116900293,57,56,1
116900294,41,144,-103
116900295,62,29,33
116900296,38,41,-3
116900297,5,46,-41
116900298,70,27,43
116900299,24,20,4
116900300,1,60,-59
116900301,30,68,-38
116900302,469,291,178
116900303,288,80,208
116900304,0,157,-157
116900305,18,47,-29
116900306,175,107,68
117000001,2008,1666,342
117000002,2312,5211,-2899
117000003,6564,3581,2983
117000004,4259,5628,-1369
117000005,2009,2009,0
117000006,1476,3921,-2445
117000007,3646,1331,2315
117000008,1198,4269,-3071
117000009,5516,2053,3463
117000010,3053,4763,-1710
117000011,2561,1942,619
117000012,1402,1479,-77
117000013,1950,963,987
117000014,1102,2371,-1269
117000015,3093,1368,1725
117000016,461,110,351
117000017,346,117,229
117000018,251,598,-347
117000019,96,1,95
117000020,404,1529,-1125
117000021,2222,399,1823
117000022,640,118,522
117000023,452,176,276
117000024,408,228,180
117000025,720,1161,-441
117000026,2691,1230,1461
117000027,3116,4455,-1339
117000028,4489,1627,2862
117000030,467,463,4
117000031,244,150,94
117000032,2164,1300,864
117000033,1574,1432,142
117000034,318,260,58
117000035,216,149,67
117000036,321,294,27
117000037,120,129,-9
117000038,218,556,-338
117000039,303,164,139
117000040,249,1205,-956
117000041,961,185,776
117000044,24,938,-914
117000045,361,110,251
117000046,407,677,-270
117000047,913,745,168
117000048,2412,1243,1169
117000049,183,740,-557
117000050,102,2078,-1976
117000051,2011,150,1861
117000052,41,331,-290
117000053,460,86,374
117000054,1810,7,1803
117000055,14,3621,-3607
117000056,690,33,657
117000057,724,2737,-2013
117000060,635,1818,-1183
117000061,1650,1054,596
117000062,308,708,-400
117000063,1859,1141,718
117000064,828,1033,-205
117000066,1289,1122,167
117000067,154,570,-416
117000074,172,183,-11
117000076,205,33,172
117000077,184,233,-49
117000078,137,825,-688
117000079,732,295,437
117000080,2,379,-377
117000081,1301,175,1126
117000082,17,130,-113
117000083,166,8,158
117000084,264,3,261
117000085,376,819,-443
117000086,1409,534,875
117000087,105,548,-443
117000088,276,217,59
117000089,1584,293,1291
117000090,364,1437,-1073
117000091,879,290,589
117000092,410,1465,-1055
117000093,965,793,172
117000094,1633,3552,-1919
117000095,3579,1096,2483
117000096,749,2624,-1875
117000097,1312,1373,-61
117000098,2807,5283,-2476
117000099,3350,1454,1896
117000100,215,334,-119
117000101,238,1329,-1091
117000102,1578,708,870
117000103,761,1913,-1152
117000104,1345,713,632
117000105,850,1930,-1080
117000106,1168,926,242
117000107,680,2301,-1621
117000108,1443,1007,436
117000109,1784,3162,-1378
117000110,1479,1045,434
117000111,3889,4839,-950
117000112,3629,2192,1437
117000113,362,393,-31
117000114,265,198,67
117000115,213,151,62
117000116,159,303,-144
117000117,1908,1252,656
117000118,252,154,98
117000119,247,207,40
117000120,179,472,-293
117000121,217,1055,-838
117000122,317,651,-334
117000123,1784,64,1720
117000124,921,89,832
117000125,472,112,360
117000126,71,34,37
117000127,154,374,-220
117000128,494,908,-414
117000129,264,87,177
117000130,100,2,98
117000131,1,72,-71
117000132,3259,16,3243
117000133,1283,65,1218
117000134,2,73,-71
117000135,3,51,-48
117000136,1,25,-24
117000137,104,151,-47
117000138,5,754,-749
117000140,485,1885,-1400
117000141,1542,615,927
117000181,762,481,281
117000182,316,906,-590
117000195,303,1267,-964
117000196,328,132,196
117000225,96,19,77
117000226,45,155,-110
117000276,318,18,300
117000277,2,428,-426
117000310,2084,2431,-347
117000315,69,728,-659
117000320,59,0,59
117000906,292,21,271
117000907,20,323,-303
117000908,21,34,-13
117000909,46,50,-4
117000910,164,154,10
117000911,103,164,-61
117000915,11,573,-562
117000916,50,10,40
117000917,1161,45,1116
117000918,46,82,-36
117000919,12,166,-154
117000920,1,1541,-1540
117000921,6,1543,-1537
117000922,44,150,-106
117000924,551,856,-305
117000926,1124,95,1029
117000927,2373,1288,1085
117000928,1,144,-143
117000929,292,364,-72
117000930,191,16,175
117000931,850,173,677
117900002,173,467,-294
117900003,1001,649,352
117900005,9,35,-26
117900006,1,38,-37
117900007,207,125,82
117900008,1,41,-40
117900010,238,115,123
117900011,75,97,-22
117900012,77,112,-35
117900013,0,251,-251
117900014,352,165,187
117900015,11,74,-63
117900016,1443,1150,293
117900017,531,288,243
117900018,275,118,157
117900019,402,315,87
117900020,114,498,-384
117900021,37,104,-67
117900022,43,16,27
117900023,761,155,606
117900024,69,77,-8
117900025,55,17,38
117900026,508,282,226
117900028,64,5,59
117900029,239,720,-481
117900030,582,334,248
117900031,194,115,79
117900032,1014,491,523
117900033,217,572,-355
117900034,41,28,13
117900035,260,95,165
117900036,256,378,-122
117900037,165,366,-201
117900038,42,423,-381
117900039,11,83,-72
117900040,180,584,-404
117900041,12,74,-62
117900042,4674,561,4113
117900043,41,64,-23
117900044,54,2722,-2668
117900045,277,160,117
117900048,294,346,-52
117900049,277,442,-165
117900050,7,49,-42
117900051,76,4,72
117900052,53,385,-332
117900053,1413,802,611
117900054,0,25,-25
117900055,242,155,87
117900056,475,22,453
117900057,1378,1433,-55
117900058,435,371,64
117900059,370,88,282
117900060,2284,7364,-5080
117900061,29,188,-159
117900063,414,201,213
117900065,1544,1528,16
117900066,14,70,-56
117900067,393,216,177
117900069,729,358,371
117900070,340,34,306
117900071,66,145,-79
117900073,402,289,113
117900074,138,42,96
117900075,68,110,-42
117900076,13,31,-18
117900077,466,198,268
117900078,305,879,-574
117900080,114,61,53
117900081,674,459,215
117900082,476,345,131
117900083,300,450,-150
117900086,102,41,61
117900087,263,264,-1
117900088,3883,2744,1139
117900089,2377,729,1648
117900090,372,456,-84
117900091,193,266,-73
117900092,63,34,29
117900093,110,264,-154
117900094,49,20,29
117900095,222,339,-117
117900096,94,288,-194
117900097,312,406,-94
117900098,42,11,31
117900099,121,201,-80
117900100,214,2,212
117900101,423,2123,-1700
117900102,68,248,-180
117900103,82,4,78
117900104,21,106,-85
117900105,142,240,-98
117900106,100,134,-34
117900107,22,0,22
117900109,661,469,192
117900110,499,21,478
117900111,576,25,551
117900112,208,34,174
117900113,4294,1994,2300
117900114,21,1,20
117900115,319,78,241
117900116,1116,1044,72
117900117,676,537,139
117900118,99,1,98
117900119,134,252,-118
117900120,198,86,112
117900121,117,46,71
117900122,1892,3566,-1674
117900123,773,514,259
117900124,2339,1009,1330
117900125,2045,2007,38
117900126,273,674,-401
117900127,535,768,-233
117900128,453,833,-380
117900129,117,2,115
117900130,2752,487,2265
117900131,14,160,-146
117900132,11,111,-100
117900133,20,148,-128
117900134,68,390,-322
117900135,42,196,-154
117900136,0,56,-56
117900137,71,457,-386
117900138,0,43,-43
117900139,163,202,-39
117900140,3332,251,3081
117900141,327,274,53
117900142,227,39,188
117900144,109,234,-125
117900145,71,26,45
117900146,219,174,45
117900147,90,69,21
117900148,3039,1736,1303
117900149,174,279,-105
117900150,96,58,38
117900151,36,131,-95
117900152,81,102,-21
117900153,26,101,-75
117900154,371,716,-345
117900156,1100,882,218
117900157,129,625,-496
117900158,305,260,45
117900160,785,724,61
117900161,3257,2749,508
117900162,363,453,-90
117900163,87,115,-28
117900165,0,21,-21
117900166,127,562,-435
117900168,42,195,-153
117900169,0,147,-147
117900170,3,59,-56
117900171,2,21,-19
117900172,25,61,-36
117900173,181,123,58
117900174,34,83,-49
117900175,6,78,-72
117900176,26,38,-12
117900177,46,58,-12
117900178,290,34,256
117900180,283,77,206
117900181,142,475,-333
117900182,12,89,-77
117900183,54,231,-177
117900184,62,77,-15
117900185,67,80,-13
117900186,55,22,33
117900187,20,9,11
117900188,279,50,229
117900189,70,40,30
117900190,36,6,30
117900191,89,1,88
117900192,306,4,302
117900193,16,116,-100
117900194,13,15,-2
117900195,168,75,93
117900196,15,65,-50
117900207,194,129,65
117900208,36,43,-7
117900209,185,240,-55
117900210,378,313,65
117900211,19,267,-248
117900212,183,216,-33
117900213,30,12,18
117900214,6,24,-18
117900215,4,19,-15
117900216,13,17,-4
117900217,66,347,-281
117900218,84,103,-19
117900219,12,147,-135
117900220,114,77,37
117900221,1,1,0
118000001,840,883,-43
118000002,1311,2421,-1110
118000003,2421,2811,-390
118000004,3756,2964,792
118000005,6603,5284,1319
118000006,7660,11329,-3669
118000007,8006,4796,3210
118000008,6449,5383,1066
118000009,2318,4230,-1912
118000010,7633,5474,2159
118000011,1537,3037,-1500
118000012,1530,2736,-1206
118000013,3371,2850,521
118000014,3446,3675,-229
118000016,222,573,-351
118000017,574,514,60
118000018,496,755,-259
118000019,2901,1609,1292
118000020,2110,3651,-1541
118000021,833,3428,-2595
118000022,2231,879,1352
118000023,1160,269,891
118000024,2288,1471,817
118000025,1472,1889,-417
118000027,15110,11139,3971
118000029,1338,907,431
118000032,1637,3704,-2067
118000033,4047,6269,-2222
118000034,7138,2868,4270
118000035,2043,3072,-1029
118000036,1352,1274,78
118000037,886,924,-38
118000038,289,134,155
118000039,159,377,-218
118000040,1784,1447,337
118000041,2316,1494,822
118000045,1074,359,715
118000046,2540,1277,1263
118000047,1334,1515,-181
118000048,4673,2466,2207
118000051,4471,3130,1341
118000052,3815,1877,1938
118000053,1223,2137,-914
118000054,3141,3516,-375
118000055,3211,4158,-947
118000056,2229,641,1588
118000057,675,1174,-499
118000058,4818,1981,2837
118000059,2684,1186,1498
118000060,1325,759,566
118000061,2043,1824,219
118000062,684,472,212
118000063,463,747,-284
118000064,986,1360,-374
118000065,5692,2418,3274
118000066,999,1751,-752
118000067,2125,1353,772
118000068,2570,5137,-2567
118000069,6058,1672,4386
118000070,6166,2540,3626
118000071,4371,7342,-2971
118000072,2503,1556,947
118000073,3019,746,2273
118000074,710,1005,-295
118000075,1369,472,897
118000076,2081,3223,-1142
118000077,1504,1511,-7
118000078,1883,2436,-553
118000079,434,536,-102
118000080,1250,1133,117
118000081,2044,1272,772
118000082,366,1281,-915
118000083,2143,1930,213
118000084,4264,1827,2437
118000086,302,597,-295
118000087,5601,2981,2620
118000088,2234,1918,316
118000089,3818,2527,1291
118000090,2196,2930,-734
118000091,1431,2271,-840
118000092,1222,591,631
118000093,93,804,-711
118000096,499,749,-250
118000097,997,738,259
118000098,268,218,50
118000099,605,922,-317
118000101,1176,363,813
118000102,390,1826,-1436
118000107,2157,579,1578
118000108,761,1887,-1126
118000110,0,29,-29
118000111,1,366,-365
118000112,409,9,400
118000113,10,724,-714
118000114,450,12,438
118000115,11,15,-4
118000116,56,0,56
118000117,1312,863,449
118000118,1116,802,314
118000119,1275,1183,92
118000120,1906,1663,243
118000121,123,746,-623
118000122,1429,377,1052
118000123,94,270,-176
118000125,1936,1171,765
118000126,792,1636,-844
118000127,2295,735,1560
118000128,908,1366,-458
118000129,1223,639,584
118000130,2924,3787,-863
118000131,1214,935,279
118000132,2412,1837,575
118000133,873,517,356
118000135,719,504,215
118000136,126,474,-348
118000137,776,134,642
118000138,524,824,-300
118000139,325,122,203
118000140,3227,4736,-1509
118000141,2150,2153,-3
118000142,1837,1728,109
118000143,2023,1358,665
118000144,1657,998,659
118000145,1797,2348,-551
118000146,1397,1055,342
118000147,871,1954,-1083
118000148,548,1326,-778
118000149,1121,1159,-38
118000150,467,271,196
118000151,598,531,67
118000153,1405,1367,38
118000154,1528,1770,-242
118000155,1369,1541,-172
118000156,2415,2753,-338
118000157,592,433,159
118000158,312,534,-222
118000159,21,97,-76
118000160,531,454,77
118000161,503,990,-487
118000162,2146,969,1177
118000163,995,922,73
118000164,2290,1610,680
118000168,1538,662,876
118000169,1179,1287,-108
118000170,5788,8704,-2916
118000171,378,965,-587
118000172,93,376,-283
118000173,1124,1500,-376
118000175,331,346,-15
118000176,272,445,-173
118000177,278,554,-276
118000178,47,61,-14
118000179,1719,1350,369
118000180,1139,857,282
118000181,1033,467,566
118000182,345,306,39
118000183,240,325,-85
118000184,900,843,57
118000185,1574,1311,263
118000186,943,1393,-450
118000187,1241,860,381
118000188,565,275,290
118000189,707,920,-213
118000190,15,25,-10
118000191,27,32,-5
118000192,886,1083,-197
118000193,917,1033,-116
118000194,1382,1236,146
118000195,2134,2260,-126
118000196,508,245,263
118000197,511,201,310
118000198,523,834,-311
118000199,650,641,9
118000200,124,286,-162
118000201,491,563,-72
118000202,97,90,7
118000203,1603,770,833
118000204,165,342,-177
118000205,287,383,-96
118000206,245,200,45
118000207,1,45,-44
118000208,1349,1790,-441
118000209,2237,2190,47
118000210,64,41,23
118000211,14,37,-23
118000213,1608,2591,-983
118000214,693,559,134
118000215,316,180,136
118000216,2345,3523,-1178
118000217,36,166,-130
118000218,88,192,-104
118000219,487,379,108
118000220,10,41,-31
118000221,165,381,-216
118000222,96,27,69
118000223,46,46,0
118000224,243,141,102
118000225,107,723,-616
118000226,1004,184,820
118000227,955,440,515
118000228,220,275,-55
118000229,271,83,188
118000230,141,255,-114
118000231,125,197,-72
118000232,804,970,-166
118000233,1110,921,189
118000234,487,303,184
118000236,509,338,171
118000237,128,509,-381
118000238,251,247,4
118000239,308,298,10
118000240,513,183,330
118000241,202,227,-25
118000242,365,704,-339
118000243,247,280,-33
118000244,85,124,-39
118000246,2,16,-14
118000255,53,250,-197
118000256,108,241,-133
118000259,26,73,-47
118000260,201,102,99
118000261,48,99,-51
118000263,98,224,-126
118000266,110,347,-237
118000267,1,134,-133
118000268,390,3,387
118000270,74,60,14
118000271,143,339,-196
118000272,203,53,150
118000273,170,75,95
118000274,99,392,-293
118000276,590,412,178
118000295,6,145,-139
118000298,185,326,-141
118000299,99,180,-81
118000301,0,45,-45
118000302,122,140,-18
118000311,423,127,296
118000312,326,206,120
118000313,63,182,-119
118000314,64,69,-5
118000315,50,70,-20
118000316,742,558,184
118000325,46,71,-25
118000326,74,38,36
118000331,42,85,-43
118000332,10,62,-52
118000333,41,107,-66
118000335,302,0,302
118000336,1,236,-235
118000407,152,100,52
118000457,10,29,-19
118000465,4072,4059,13
118000480,25,122,-97
118000489,121,381,-260
118000490,137,500,-363
118000492,380,199,181
118000510,83,19,64
118000514,193,379,-186
118000515,818,682,136
118000517,369,230,139
118000524,491,229,262
118000525,1027,927,100
118000530,30,108,-78
118000531,251,278,-27
118000532,211,426,-215
118000533,391,156,235
118000534,602,583,19
118000535,270,145,125
118000536,882,1385,-503
118000537,31,151,-120
118000538,39,56,-17
118000539,35,143,-108
118000540,293,160,133
118000541,168,78,90
118000542,113,191,-78
118000543,177,202,-25
118000546,37,30,7
118000560,3247,2001,1246
118000562,29,187,-158
118000563,2130,1536,594
118000576,112,139,-27
118000577,119,186,-67
118000578,112,88,24
118000579,637,1191,-554
118000595,220,104,116
118000596,0,62,-62
118000597,86,76,10
118000598,18,1,17
118000599,83,45,38
118000600,3,41,-38
118000601,16,0,16
118000602,0,19,-19
118000603,0,15,-15
118900001,820,1605,-785
118900002,1026,911,115
118900003,502,12,490
118900004,86,91,-5
118900005,80,10,70
118900006,127,9,118
118900007,14,1,13
118900008,1893,71,1822
118900009,76,41,35
118900010,71,7,64
118900011,218,66,152
118900012,485,206,279
118900013,527,144,383
118900015,235,111,124
118900016,9,18,-9
118900017,312,337,-25
118900018,1025,30,995
118900019,89,35,54
118900020,250,148,102
118900021,196,428,-232
118900022,145,121,24
118900023,205,87,118
118900024,96,248,-152
118900025,59,33,26
118900026,60,91,-31
118900027,430,218,212
118900028,181,202,-21
118900029,303,453,-150
118900030,338,57,281
118900031,184,139,45
118900032,197,210,-13
118900033,466,453,13
118900034,274,23,251
118900035,113,201,-88
118900036,1229,949,280
118900037,484,306,178
118900038,424,230,194
118900039,431,190,241
118900040,199,236,-37
118900041,592,217,375
118900042,280,122,158
118900045,346,201,145
118900046,984,313,671
118900047,705,230,475
118900048,185,224,-39
118900049,44,69,-25
118900050,37,144,-107
118900051,77,112,-35
118900052,397,248,149
118900053,76,107,-31
118900054,97,59,38
118900055,84,123,-39
118900056,34,296,-262
118900057,739,574,165
118900058,453,380,73
118900059,25,71,-46
118900060,360,127,233
118900062,512,217,295
118900064,758,641,117
118900065,43,178,-135
118900066,107,118,-11
118900067,5581,3044,2537
118900068,33,223,-190
118900069,428,380,48
118900071,12,76,-64
118900072,376,401,-25
118900073,104,150,-46
118900074,102,175,-73
118900075,66,90,-24
118900076,250,96,154
118900077,256,213,43
118900078,45,10,35
118900079,60,209,-149
118900080,14,156,-142
118900081,86,55,31
118900082,581,248,333
118900083,47,18,29
118900084,20,26,-6
118900085,791,1108,-317
118900086,36,107,-71
118900087,20,213,-193
118900088,0,13,-13
118900089,29,20,9
118900090,475,558,-83
118900091,226,194,32
118900092,144,155,-11
118900093,169,27,142
118900096,66,28,38
118900097,234,550,-316
118900099,94,213,-119
118900100,169,238,-69
118900101,120,953,-833
118900102,62,114,-52
118900103,71,129,-58
118900104,287,181,106
118900105,343,149,194
118900107,324,184,140
118900108,118,156,-38
118900109,1240,476,764
118900110,1600,792,808
118900111,645,532,113
118900112,58,145,-87
118900113,129,479,-350
118900114,25,104,-79
118900115,182,569,-387
118900116,148,283,-135
118900117,83,232,-149
118900118,270,406,-136
118900119,92,264,-172
118900120,113,377,-264
118900121,2,222,-220
118900122,18,980,-962
118900123,194,296,-102
118900124,83,222,-139
118900126,21,451,-430
118900129,248,223,25
118900130,31,148,-117
118900131,177,271,-94
118900132,438,255,183
118900133,18,157,-139
118900135,237,287,-50
118900136,208,560,-352
118900137,29,49,-20
118900139,178,362,-184
118900140,488,647,-159
118900141,169,184,-15
118900144,115,451,-336
118900145,413,170,243
118900146,392,768,-376
118900147,295,162,133
118900148,109,73,36
118900150,136,542,-406
118900152,702,1017,-315
118900157,118,173,-55
118900158,102,91,11
118900159,5,257,-252
118900161,82,7,75
118900163,149,249,-100
118900164,8,236,-228
118900165,59,343,-284
118900166,31,2,29
118900167,109,167,-58
118900168,16,211,-195
118900169,147,498,-351
118900170,156,164,-8
118900171,38,54,-16
118900174,84,96,-12
118900175,428,667,-239
118900176,135,280,-145
118900177,71,107,-36
118900178,60,268,-208
118900179,2,44,-42
118900181,99,76,23
118900182,210,47,163
118900183,37,152,-115
118900184,355,175,180
118900185,113,122,-9
118900186,123,118,5
118900187,260,282,-22
118900188,284,309,-25
118900189,55,817,-762
118900190,16,355,-339
118900191,119,35,84
118900192,149,24,125
118900193,349,8,341
118900195,252,810,-558
118900196,42,162,-120
118900197,100,63,37
118900198,29,21,8
118900199,75,79,-4
118900200,23,17,6
118900201,33,30,3
118900202,3,72,-69
118900203,16,30,-14
118900204,31,42,-11
118900205,3,10,-7
118900206,3,34,-31
119000001,1428,1961,-533
119000002,5069,3752,1317
119000003,2433,1332,1101
119000004,3143,1422,1721
119000005,1756,1994,-238
119000006,2686,1686,1000
119000007,3383,3415,-32
119000008,2173,2428,-255
119000009,4368,4587,-219
119000010,7610,4975,2635
119000011,4712,2907,1805
119000012,3947,3787,160
119000013,2772,1859,913
119000014,2624,4024,-1400
119000019,366,175,191
119000020,2228,1546,682
119000021,4625,2711,1914
119000022,3792,2720,1072
119000023,323,319,4
119000024,1948,10156,-8208
119000025,8373,1471,6902
119000026,166,434,-268
119000027,303,472,-169
119000028,2119,1261,858
119000029,129,366,-237
119000030,650,1233,-583
119000031,835,872,-37
119000032,2543,2919,-376
119000033,2655,1771,884
119000034,1142,1214,-72
119000035,33,388,-355
119000036,1468,910,558
119000037,1259,2048,-789
119000038,177,1161,-984
119000039,340,576,-236
119000040,2427,1102,1325
119000041,1344,1932,-588
119000048,3533,3477,56
119000049,1840,2669,-829
119000050,2266,2333,-67
119000051,2732,1124,1608
119000052,2034,3014,-980
119000053,2046,1398,648
119000054,3551,3628,-77
119000055,4237,3828,409
119000056,2405,2495,-90
119000057,1826,2333,-507
119000058,2422,2074,348
119000059,1525,2045,-520
119000060,1625,1453,172
119000061,1193,970,223
119000062,1476,1733,-257
119000063,559,476,83
119000064,1269,1585,-316
119000065,2625,4332,-1707
119000066,2847,1418,1429
119000067,2028,2507,-479
119000068,1676,1475,201
119000069,1445,2932,-1487
119000070,2560,1269,1291
119000071,593,866,-273
119000072,6576,3798,2778
119000073,7027,7709,-682
119000074,1216,2966,-1750
119000075,2037,2401,-364
119000076,708,1111,-403
119000077,1507,647,860
119000078,521,222,299
119000079,387,792,-405
119000080,378,277,101
119000081,692,769,-77
119000082,1528,334,1194
119000083,644,452,192
119000084,442,649,-207
119000085,872,251,621
119000086,425,524,-99
119000087,1676,1187,489
119000088,467,299,168
119000089,87,209,-122
119000090,164,165,-1
119000091,150,517,-367
119000092,590,222,368
119000093,3656,3122,534
119000094,2878,5825,-2947
119000095,1850,3317,-1467
119000097,2301,1647,654
119000098,1028,2484,-1456
119000099,2770,2142,628
119000100,3603,3054,549
119000101,6460,2485,3975
119000102,1157,1259,-102
119000103,2496,696,1800
119000104,2896,1770,1126
119000105,1271,1904,-633
119000106,349,1775,-1426
119000107,741,519,222
119000108,376,1086,-710
119000109,254,670,-416
119000110,990,628,362
119000111,122,745,-623
119000112,301,167,134
119000113,3871,444,3427
119000114,1110,1047,63
119000115,186,197,-11
119000116,127,106,21
119000117,194,499,-305
119000118,2,3,-1
119000123,5619,1884,3735
119000124,701,231,470
119000125,3423,1065,2358
119000126,519,731,-212
119000127,516,761,-245
119000128,64,5,59
119000131,923,815,108
119000132,9,2,7
119000133,6,13,-7
119000134,2341,652,1689
119000135,146,195,-49
119000136,234,214,20
119000137,257,431,-174
119000138,441,374,67
119000139,315,296,19
119000140,254,519,-265
119000284,1321,2857,-1536
119000285,2178,2489,-311
119000286,8625,6849,1776
119000287,1424,2828,-1404
119000288,2025,1794,231
119000289,1912,3918,-2006
119000290,204,582,-378
119000291,5,281,-276
119000293,157,213,-56
119000294,71,49,22
119000295,1899,493,1406
119000296,240,185,55
119000302,2498,1599,899
119000303,71,165,-94
119000314,1639,9226,-7587
119000315,0,579,-579
119000316,90,171,-81
119000317,74,343,-269
119900001,299,1346,-1047
119900002,178,329,-151
119900003,78,1354,-1276
119900004,310,1065,-755
119900005,186,152,34
119900006,263,503,-240
119900007,1412,225,1187
119900008,517,68,449
119900009,936,1036,-100
119900010,2473,1674,799
119900011,29,106,-77
119900012,24,119,-95
119900013,2151,1233,918
119900014,856,399,457
119900015,101,40,61
119900016,52,113,-61
119900017,45,52,-7
119900018,2391,843,1548
119900019,41,15,26
119900020,187,235,-48
119900021,215,279,-64
119900022,151,695,-544
119900023,734,1235,-501
119900025,192,29,163
119900026,990,194,796
119900027,72,45,27
119900028,644,127,517
119900029,3,16,-13
119900030,707,626,81
119900031,106,373,-267
119900033,2989,353,2636
119900034,405,183,222
119900037,169,27,142
119900038,53,355,-302
119900039,63,16,47
119900040,580,32,548
119900041,93,69,24
119900042,862,199,663
119900043,75,196,-121
119900044,187,884,-697
119900046,115,105,10
119900047,328,106,222
119900048,42,25,17
119900049,159,7,152
119900050,225,130,95
119900051,758,18,740
119900052,62,81,-19
119900053,242,183,59
119900054,140,7,133
119900055,1324,557,767
119900057,275,121,154
119900058,266,10,256
119900059,199,61,138
119900060,230,58,172
119900061,361,9,352
119900062,97,33,64
119900063,26,66,-40
119900064,538,122,416
119900065,284,33,251
119900066,2,1,1
119900067,159,46,113
119900068,399,6,393
119900069,82,17,65
119900070,1223,55,1168
119900071,637,20,617
119900072,291,454,-163
119900073,1915,704,1211
119900074,139,51,88
119900075,5888,3008,2880
119900076,412,396,16
119900077,835,1117,-282
119900078,437,917,-480
119900079,223,317,-94
119900080,374,334,40
119900081,73,64,9
119900082,1210,145,1065
119900083,512,225,287
119900084,909,368,541
119900085,87,103,-16
119900086,262,950,-688
119900087,794,374,420
119900088,29,89,-60
119900089,31,614,-583
119900090,163,90,73
119900091,110,1064,-954
119900092,406,579,-173
119900093,1302,282,1020
119900094,122,268,-146
119900095,262,158,104
119900096,72,139,-67
119900097,765,259,506
119900098,87,106,-19
119900099,43,297,-254
119900100,2671,3622,-951
119900101,241,1435,-1194
119900102,86,367,-281
119900103,57,500,-443
119900104,54,271,-217
119900105,1582,2901,-1319
119900106,14,187,-173
119900107,358,3205,-2847
119900108,2907,738,2169
119900109,39,249,-210
119900110,788,708,80
119900111,85,344,-259
119900112,1793,661,1132
119900113,95,330,-235
119900114,310,1322,-1012
119900115,311,1146,-835
119900116,238,404,-166
119900117,433,862,-429
119900118,83,979,-896
119900119,241,278,-37
119900120,853,761,92
119900121,387,1116,-729
119900122,662,460,202
119900123,347,387,-40
119900124,231,997,-766
119900125,69,333,-264
119900126,5192,329,4863
119900127,2538,1383,1155
119900128,577,893,-316
119900129,254,614,-360
119900130,34,290,-256
119900131,36,312,-276
119900132,2,252,-250
119900133,66,136,-70
119900134,2110,320,1790
119900135,0,488,-488
119900136,250,458,-208
119900138,496,699,-203
119900139,124,199,-75
119900140,1,118,-117
119900141,156,992,-836
119900142,17,73,-56
119900143,28,239,-211
119900144,1995,355,1640
119900145,112,229,-117
119900146,201,345,-144
119900147,3,213,-210
119900148,224,90,134
119900149,1699,4839,-3140
119900150,207,195,12
119900151,2276,1055,1221
119900152,134,499,-365
119900153,138,110,28
119900154,21,322,-301
119900155,59,53,6
119900156,24,8,16
119900157,137,303,-166
119900158,165,108,57
119900159,4,1652,-1648
119900160,34,242,-208
119900161,192,287,-95
119900162,955,1040,-85
119900163,139,207,-68
119900164,4,5,-1
119900165,216,259,-43
119900166,97,77,20
119900167,119,170,-51
119900168,811,686,125
119900169,215,383,-168
119900170,274,338,-64
119900171,2050,583,1467
119900172,266,54,212
119900173,10,483,-473
119900174,5,232,-227
119900175,1102,986,116
119900177,28,241,-213
119900178,27,201,-174
119900179,104,435,-331
119900180,966,1182,-216
119900181,64,151,-87
119900182,13,481,-468
119900183,218,744,-526
119900184,3047,810,2237
119900185,33,200,-167
119900186,114,850,-736
119900187,26,489,-463
119900188,107,502,-395
119900189,849,561,288
119900190,86,297,-211
119900191,387,275,112
119900192,78,204,-126
119900193,344,288,56
119900194,19,100,-81
119900195,164,284,-120
119900196,1948,709,1239
119900197,268,179,89
119900198,437,366,71
119900199,187,28,159
119900200,660,873,-213
119900201,482,308,174
119900202,165,242,-77
119900203,175,678,-503
119900204,307,394,-87
119900205,641,662,-21
119900206,159,203,-44
119900208,262,196,66
119900209,542,1237,-695
119900210,56,78,-22
119900211,107,20,87
119900212,239,385,-146
119900213,16,93,-77
119900214,43,102,-59
119900215,70,73,-3
119900216,33,110,-77
119900217,16,74,-58
119900218,43,126,-83
119900219,15,124,-109
119900220,5,116,-111
119900221,34,307,-273
119900222,14,318,-304
119900223,28,102,-74
119900224,38,38,0
119900225,1130,81,1049
119900226,759,1979,-1220
119900227,1151,395,756
119900228,396,400,-4
119900229,426,583,-157
119900230,1872,800,1072
119900231,233,263,-30
119900232,305,136,169
119900233,102,11,91
119900234,38,100,-62
119900235,55,99,-44
119900236,60,248,-188
119900237,85,665,-580
119900238,10,95,-85
119900240,264,213,51
119900241,217,314,-97
119900242,1907,2106,-199
119900244,872,2346,-1474
119900245,187,241,-54
119900246,410,728,-318
119900247,50,162,-112
119900248,73,203,-130
119900249,267,122,145
119900253,3640,526,3114
119900254,100,712,-612
119900255,163,713,-550
119900256,562,1236,-674
119900257,55,7,48
119900258,143,9,134
119900259,8,159,-151
119900260,143,15,128
119900261,468,220,248
119900262,0,238,-238
119900263,1176,491,685
119900264,106,214,-108
119900265,660,614,46
119900266,321,398,-77
119900267,363,614,-251
119900268,382,224,158
119900269,1113,1681,-568
119900271,52,144,-92
119900272,538,218,320
119900275,163,2,161
119900276,43,6,37
119900277,10,6,4
119900278,269,112,157
119900279,185,414,-229
119900280,897,240,657
119900281,1,166,-165
119900282,94,112,-18
119900283,14,300,-286
119900284,50,300,-250
119900285,36,48,-12
119900286,9,26,-17
119900288,1,20,-19
119900289,1,40,-39
119900290,5,23,-18
119900291,6,106,-100
119900292,39,52,-13
119900293,25,90,-65
119900294,29,99,-70
119900295,11,46,-35
119900296,21,198,-177
119900297,0,24,-24
119900298,14,11,3
119900299,154,213,-59
119900300,500,221,279
119900301,98,133,-35
119900302,154,142,12
119900303,333,380,-47
119900304,364,73,291
119900305,10,148,-138
119900306,18,1,17
119900307,158,202,-44
119900308,5,43,-38
119900309,51,139,-88
119900310,369,407,-38
119900311,63,167,-104
119900312,112,112,0
119900313,257,405,-148
119900314,174,441,-267
119900315,1761,3015,-1254
119900318,13,36,-23
119900319,20,340,-320
119900320,236,692,-456
119900321,80,8,72
120000001,7351,13669,-6318
120000002,3063,3380,-317
120000003,4146,2082,2064
120000004,3436,2784,652
120000005,5090,2366,2724
120000006,1329,1558,-229
120000007,4121,3329,792
120000008,1247,1654,-407
120000009,3835,1179,2656
120000010,2180,2996,-816
120000011,1575,2076,-501
120000012,1691,3274,-1583
120000013,3287,3194,93
120000014,739,1713,-974
120000015,2832,1759,1073
120000016,3614,2542,1072
120000017,3628,2503,1125
120000018,4207,10625,-6418
120000019,928,1491,-563
120000020,3355,3469,-114
120000021,1865,2340,-475
120000022,3288,3911,-623
120000023,975,1772,-797
120000024,1669,2857,-1188
120000025,2668,2382,286
120000026,1825,2062,-237
120000027,2091,2320,-229
120000028,1375,1047,328
120000029,6975,1318,5657
120000030,1434,1347,87
120000031,2608,8524,-5916
120000032,9720,5612,4108
120000033,5741,2639,3102
120000034,1715,2315,-600
120000035,1905,2516,-611
120000036,3240,5915,-2675
120000037,778,1541,-763
120000038,7958,4555,3403
120000039,653,1137,-484
120000040,397,457,-60
120000041,2461,1906,555
120000042,2547,2865,-318
120000043,5473,2273,3200
120000044,4972,2056,2916
120000045,5285,1372,3913
120000046,2935,2956,-21
120000047,1500,5094,-3594
120000048,8538,5005,3533
120000049,3295,3350,-55
120000050,4670,4875,-205
120000051,3638,4920,-1282
120000052,9775,2691,7084
120000053,1360,2897,-1537
120000054,1692,4844,-3152
120000055,2084,5585,-3501
120000056,4480,4307,173
120000057,2832,1013,1819
120000058,4484,975,3509
120000059,68,1735,-1667
120000061,119,608,-489
120000062,238,385,-147
120000063,1692,2939,-1247
120000064,242,1301,-1059
120000065,599,2052,-1453
120000066,545,670,-125
120000067,109,559,-450
120000068,199,997,-798
120000069,624,1456,-832
120000070,53,867,-814
120000071,404,177,227
120000072,679,461,218
120000073,732,143,589
120000074,316,169,147
120000075,946,343,603
120000076,1903,498,1405
120000077,1830,657,1173
120000078,3401,1218,2183
120000079,198,141,57
120000080,125,208,-83
120000081,251,143,108
120000082,176,215,-39
120000083,84,580,-496
120000084,391,410,-19
120000085,374,293,81
120000086,278,511,-233
120000087,122,681,-559
120000088,844,1406,-562
120000089,1275,889,386
120000090,743,705,38
120000091,951,1295,-344
120000092,1469,810,659
120000093,341,604,-263
120000094,164,860,-696
120000095,1599,586,1013
120000096,326,985,-659
120000098,1236,1279,-43
120000099,595,1062,-467
120000100,814,1084,-270
120000101,506,616,-110
120000102,613,857,-244
120000103,1560,942,618
120000104,1768,620,1148
120000105,3119,837,2282
120000106,2634,792,1842
120000107,3675,648,3027
120000108,1522,140,1382
120000109,1191,88,1103
120000110,107,1147,-1040
120000111,660,1322,-662
120000112,944,3534,-2590
120000113,958,2499,-1541
120000114,1165,3384,-2219
120000115,363,2652,-2289
120000116,989,2488,-1499
120000117,1288,1809,-521
120000118,56,29,27
120000119,10,101,-91
120000120,82,77,5
120000121,91,86,5
120000122,331,294,37
120000123,6706,4974,1732
120000124,432,411,21
120000125,478,769,-291
120000126,445,990,-545
120000127,3546,1094,2452
120000128,4560,4522,38
120000129,362,302,60
120000130,970,660,310
120000131,280,793,-513
120000134,490,1348,-858
120000135,540,841,-301
120000137,243,1654,-1411
120000138,793,650,143
120000139,322,885,-563
120000140,804,741,63
120000141,1460,627,833
120000142,1242,797,445
120000143,1,140,-139
120000144,130,3,127
120000145,298,2,296
120000146,1358,983,375
120000149,774,1583,-809
120000150,3707,14438,-10731
120000151,460,547,-87
120000152,619,239,380
120000153,355,703,-348
120000154,538,431,107
120000155,124,272,-148
120000156,1044,1075,-31
120000157,1086,825,261
120000158,869,1018,-149
120000159,2347,2802,-455
120000160,2673,1603,1070
120000161,2126,2608,-482
120000162,71,278,-207
120000163,633,1924,-1291
120000164,502,664,-162
120000165,518,1053,-535
120000166,1371,716,655
120000167,147,200,-53
120000168,37,594,-557
120000169,93,1695,-1602
120000170,92,1011,-919
120000171,47,388,-341
120000172,43,177,-134
120000173,4994,1425,3569
120000174,789,40,749
120000175,468,35,433
120000176,436,70,366
120000177,2353,208,2145
120000178,304,31,273
120000179,595,67,528
120000180,1654,136,1518
120000181,286,1086,-800
120000182,127,533,-406
120000183,27,471,-444
120000184,186,1428,-1242
120000186,105,386,-281
120000187,76,225,-149
120000188,220,349,-129
120000190,1832,58,1774
120000191,2212,128,2084
120000192,2051,47,2004
120000193,928,8,920
120000195,204,17,187
120000196,591,91,500
120000197,228,208,20
120000198,145,107,38
120000199,142,4,138
120000200,134,1,133
120000201,6,21,-15
120000202,6,56,-50
120000203,50,224,-174
120000207,4,102,-98
120000208,8,257,-249
120000209,7,89,-82
120000210,86,114,-28
120000211,138,1,137
120000212,122,1,121
120000213,106,325,-219
120000214,0,376,-376
120000215,3,171,-168
120000216,61,14,47
120000217,844,1282,-438
120000218,176,766,-590
120000219,10,509,-499
120000220,7,1964,-1957
120000225,1567,4,1563
120000226,444,12,432
120000227,898,66,832
120000228,9398,3560,5838
120000230,327,18,309
120000231,1264,2486,-1222
120000233,339,2,337
120000235,205,843,-638
120000236,1059,3,1056
120000237,2,1500,-1498
120000238,1,896,-895
120000241,1341,3579,-2238
120000412,1144,15,1129
120000413,307,276,31
120000414,104,5,99
120000415,3,110,-107
120000416,163,15,148
120000417,20,109,-89
120000418,174,27,147
120000419,14,361,-347
120000420,41,43,-2
120000421,13033,6863,6170
120000422,177,1274,-1097
120000423,3,62,-59
120000424,69,147,-78
120000436,135,629,-494
120000437,146,159,-13
120000438,3421,358,3063
120000439,207,511,-304
120000443,286,3,283
120000444,1394,648,746
120000445,1733,1232,501
120000446,822,270,552
120000447,210,12,198
120000449,108,6,102
120000450,5,285,-280
120000451,267,221,46
120000452,150,1,149
120000453,0,466,-466
120000454,81,54,27
120000455,130,65,65
120000456,2790,4120,-1330
120000457,1553,725,828
120000458,710,961,-251
120000459,92,61,31
120000665,2042,337,1705
120000668,192,837,-645
120000669,52,205,-153
120000670,377,687,-310
120000671,1302,400,902
120000672,90,574,-484
120900001,59,123,-64
120900002,525,650,-125
120900003,364,49,315
120900004,11,94,-83
120900005,36,784,-748
120900006,396,269,127
120900007,177,115,62
120900008,260,1406,-1146
120900009,311,38,273
120900010,456,115,341
120900011,378,184,194
120900012,554,1381,-827
120900013,345,95,250
120900014,5,652,-647
120900015,1175,147,1028
120900016,649,81,568
120900017,2809,102,2707
120900018,139,556,-417
120900019,714,328,386
120900020,815,1441,-626
120900021,790,222,568
120900022,40,415,-375
120900023,322,46,276
120900024,2573,806,1767
120900025,1744,1088,656
120900026,428,307,121
120900027,752,73,679
120900028,349,120,229
120900029,226,447,-221
120900030,1110,880,230
120900031,258,106,152
120900032,963,160,803
120900033,1103,67,1036
120900034,29,3054,-3025
120900035,43,245,-202
120900037,206,10,196
120900038,82,219,-137
120900039,85,46,39
120900040,277,4,273
120900041,189,37,152
120900042,436,74,362
120900043,133,37,96
120900044,9,498,-489
120900045,192,186,6
120900046,448,4,444
120900047,111,79,32
120900048,108,29,79
120900049,428,12,416
120900050,2761,1378,1383
120900051,313,215,98
120900052,611,8,603
120900053,327,151,176
120900054,2046,818,1228
120900055,318,2,316
120900056,443,16,427
120900057,131,12,119
120900058,600,0,600
120900059,87,1,86
120900060,82,37,45
120900061,293,357,-64
120900062,255,1,254
120900063,488,8,480
120900064,532,4,528
120900065,402,11,391
120900066,292,309,-17
120900067,145,52,93
120900068,220,0,220
120900069,201,55,146
120900071,29,1,28
120900072,671,5,666
120900073,434,220,214
120900074,741,19,722
120900076,339,0,339
120900077,3887,403,3484
120900078,765,1049,-284
120900079,607,154,453
120900080,654,2172,-1518
120900081,695,1345,-650
120900082,848,527,321
120900083,66,2,64
120900084,292,404,-112
120900085,107,128,-21
120900086,159,344,-185
120900087,455,373,82
120900088,211,326,-115
120900089,3891,2509,1382
120900090,277,184,93
120900091,705,862,-157
120900092,1702,657,1045
120900093,2647,235,2412
120900094,700,227,473
120900095,705,60,645
120900096,48,243,-195
120900097,944,824,120
120900098,363,222,141
120900099,110,87,23
120900100,212,290,-78
120900101,895,336,559
120900102,51,160,-109
120900103,62,228,-166
120900104,29,67,-38
120900105,63,549,-486
120900106,1679,658,1021
120900107,311,209,102
120900108,4,724,-720
120900109,80,797,-717
120900110,17,1115,-1098
120900111,245,354,-109
120900112,30,981,-951
120900113,11,880,-869
120900114,53,147,-94
120900115,181,233,-52
120900116,416,536,-120
120900117,4,579,-575
120900118,18,860,-842
120900119,5435,7800,-2365
120900120,80,565,-485
120900121,456,762,-306
120900122,474,651,-177
120900123,3,400,-397
120900124,6,707,-701
120900125,4,950,-946
120900126,2097,1706,391
120900127,12,561,-549
120900128,1370,1801,-431
120900129,83,467,-384
120900130,1,426,-425
120900131,68,182,-114
120900132,890,420,470
120900133,316,1080,-764
120900134,909,607,302
120900135,32,702,-670
120900136,71,226,-155
120900137,281,175,106
120900138,21,252,-231
120900139,8,785,-777
120900140,15,198,-183
120900141,234,346,-112
120900142,49,671,-622
120900143,7,1169,-1162
120900144,0,215,-215
120900145,739,857,-118
120900146,3,1413,-1410
120900147,1,477,-476
120900148,112,158,-46
120900149,0,325,-325
120900150,66,564,-498
120900151,1,739,-738
120900152,0,31,-31
120900153,67,176,-109
120900154,5,324,-319
120900155,169,1231,-1062
120900156,40,344,-304
120900157,77,259,-182
120900158,61,713,-652
120900159,171,246,-75
120900160,46,931,-885
120900161,106,475,-369
120900162,60,796,-736
120900163,105,1100,-995
120900164,4,16,-12
120900165,3,23,-20
120900166,235,571,-336
120900167,656,226,430
120900169,72,507,-435
120900170,1444,2661,-1217
120900171,1339,368,971
120900172,3089,1567,1522
120900173,29,77,-48
120900174,12,180,-168
120900175,296,178,118
120900176,19,425,-406
120900177,4,1080,-1076
120900178,2,578,-576
120900179,1220,585,635
120900180,158,155,3
120900181,297,124,173
120900182,37,400,-363
120900183,481,90,391
120900184,320,119,201
120900185,12,563,-551
120900186,0,554,-554
120900187,497,1653,-1156
120900188,162,13,149
120900189,117,972,-855
120900190,40,18,22
120900191,2,27,-25
120900192,12069,6000,6069
120900194,41,139,-98
120900195,243,333,-90
120900196,811,110,701
120900197,699,183,516
120900198,283,705,-422
120900199,607,2049,-1442
120900200,76,151,-75
120900201,578,268,310
120900202,5,245,-240
120900203,47,115,-68
120900204,176,336,-160
120900205,82,68,14
120900206,27,44,-17
121000001,1121,1344,-223
121000002,3062,1523,1539
121000003,3845,2286,1559
121000004,3621,3924,-303
121000005,2361,3194,-833
121000006,4397,2004,2393
121000007,3195,3242,-47
121000008,6340,3880,2460
121000009,6446,6517,-71
121000010,9327,6310,3017
121000011,10080,13593,-3513
121000012,18738,10804,7934
121000013,5824,8254,-2430
121000014,7302,6518,784
121000015,4587,8118,-3531
121000016,5304,3890,1414
121000017,2524,4468,-1944
121000018,3097,2070,1027
121000019,22359,13605,8754
121000020,16098,18061,-1963
121000021,4970,3578,1392
121000022,3765,3498,267
121000023,7178,3802,3376
121000024,5480,5762,-282
121000025,853,1544,-691
121000026,335,155,180
121000027,1966,1355,611
121000028,776,642,134
121000029,1304,867,437
121000030,805,608,197
121000031,841,887,-46
121000032,313,138,175
121000034,608,274,334
121000035,175,171,4
121000036,1208,965,243
121000037,650,873,-223
121000038,622,953,-331
121000039,409,427,-18
121000041,647,599,48
121000042,427,458,-31
121000043,854,729,125
121000044,1481,954,527
121000045,628,387,241
121000046,774,1226,-452
121000047,68,115,-47
121000049,1848,627,1221
121000050,342,1385,-1043
121000051,780,353,427
121000052,373,838,-465
121000053,542,134,408
121000054,108,442,-334
121000055,1275,1243,32
121000056,963,1206,-243
121000057,476,606,-130
121000058,613,257,356
121000059,2705,1568,1137
121000060,716,1054,-338
121000061,177,394,-217
121000062,387,482,-95
121000063,792,786,6
121000064,594,575,19
121000065,524,557,-33
121000066,387,422,-35
121000067,800,605,195
121000068,936,398,538
121000069,715,753,-38
121000070,3093,1574,1519
121000071,2330,1598,732
121000072,3183,1049,2134
121000073,1608,1094,514
121000074,436,153,283
121000075,82,297,-215
121000076,1477,480,997
121000077,230,215,15
121000078,203,180,23
121000080,3139,772,2367
121000081,3713,3436,277
121000082,109,268,-159
121000083,261,187,74
121000084,172,155,17
121000085,388,409,-21
121000086,220,875,-655
121000087,62,372,-310
121000088,533,670,-137
121000089,489,504,-15
121000090,501,444,57
121000091,1802,1037,765
121000092,247,111,136
121000093,181,240,-59
121000094,725,868,-143
121000095,379,858,-479
121000096,2498,2748,-250
121000097,1230,2533,-1303
121000098,715,1225,-510
121000099,564,868,-304
121000100,863,501,362
121000101,336,342,-6
121000102,271,404,-133
121000103,298,334,-36
121000104,341,221,120
121000105,691,338,353
121000106,501,445,56
121000107,2375,3714,-1339
121000109,1634,1232,402
121000110,450,741,-291
121000114,3112,2172,940
121000115,1048,880,168
121000116,291,1031,-740
121000117,991,245,746
121000118,1593,259,1334
121000119,406,490,-84
121000120,295,591,-296
121000121,749,1336,-587
121000123,2012,767,1245
121000126,166,379,-213
121000127,284,111,173
121000128,1027,591,436
121000129,758,754,4
121000130,642,1133,-491
121000131,3393,2400,993
121000132,2236,2350,-114
121000135,658,1145,-487
121000136,2530,1088,1442
121000137,610,360,250
121000138,1526,1242,284
121000139,868,469,399
121000141,285,261,24
121000142,833,1070,-237
121000143,168,38,130
121000144,1402,2052,-650
121000145,620,1568,-948
121000146,1376,1121,255
121000147,1000,764,236
121000148,1026,1442,-416
121000149,2102,1708,394
121000152,672,694,-22
121000153,2297,824,1473
121000154,1263,763,500
121000155,1566,1237,329
121000156,485,1073,-588
121000157,1524,2348,-824
121000158,522,738,-216
121000159,241,565,-324
121000160,300,536,-236
121000161,283,435,-152
121000162,105,270,-165
121000165,2216,2126,90
121000166,19,518,-499
121000168,401,302,99
121000169,95,203,-108
121000170,392,150,242
121000171,109,247,-138
121000172,846,619,227
121000173,2071,1200,871
121000174,451,528,-77
121000175,888,450,438
121000176,413,311,102
121000177,1401,765,636
121000178,156,90,66
121000179,131,85,46
121000181,661,569,92
121000182,222,234,-12
121000183,236,224,12
121000184,348,342,6
121000185,51,203,-152
121000186,216,554,-338
121000187,229,257,-28
121000188,180,325,-145
121000192,1028,568,460
121000193,694,616,78
121000194,2907,2731,176
121000195,426,1112,-686
121000196,656,299,357
121000197,306,952,-646
121000198,299,160,139
121000199,174,404,-230
121000200,742,88,654
121000201,11,269,-258
121000202,195,11,184
121000203,1065,2691,-1626
121000204,2762,1118,1644
121000205,299,297,2
121000206,644,49,595
121000207,2762,422,2340
121000208,12,346,-334
121000209,442,393,49
121000210,589,520,69
121000211,323,162,161
121000212,396,619,-223
121000213,11518,3505,8013
121000214,941,2820,-1879
121000215,1269,1152,117
121000216,744,915,-171
121000217,4937,2894,2043
121000218,684,2442,-1758
121000219,2029,559,1470
121000220,301,84,217
121000221,144,229,-85
121000222,3046,2779,267
121000223,859,474,385
121000224,417,234,183
121000225,1618,1913,-295
121000226,3567,1371,2196
121000227,13,198,-185
121000228,15,629,-614
121000229,292,342,-50
121000230,66,1723,-1657
121000231,850,36,814
121000232,382,354,28
121000233,521,426,95
121000234,41,55,-14
121000235,115,121,-6
121000236,15,65,-50
121000237,100,46,54
121000238,9,87,-78
121000239,94,4,90
121000240,16,160,-144
121000241,137,25,112
121000242,82,342,-260
121000243,779,224,555
121000244,16,106,-90
121000245,112,57,55
121000246,6,114,-108
121000247,104,18,86
121000248,2490,510,1980
121000249,224,308,-84
121000250,808,242,566
121000251,46,483,-437
121000252,103,102,1
121000253,301,398,-97
121000254,514,308,206
121000255,415,223,192
121000256,621,236,385
121000257,100,110,-10
121000258,229,97,132
121000259,104,77,27
121000260,271,140,131
121000261,305,67,238
121000262,993,642,351
121000263,691,485,206
121000271,383,1632,-1249
121000273,58,10,48
121000274,13,39,-26
121000275,2,19,-17
121000276,8,13,-5
121000278,35,17,18
121000279,75,20,55
121000280,62,50,12
121000289,273,23,250
121000290,1376,1151,225
121000294,154,187,-33
121000297,1226,1177,49
121000299,320,522,-202
121000300,1044,736,308
121000302,113,1462,-1349
121000303,479,527,-48
121000304,594,74,520
121000305,217,54,163
121000306,132,171,-39
121000308,203,479,-276
121000309,431,697,-266
121000310,101,436,-335
121000311,106,1089,-983
121000312,427,262,165
121000313,457,603,-146
121000314,163,181,-18
121000315,72,139,-67
121000530,1443,1587,-144
121000531,2176,1736,440
121000532,7791,8491,-700
121000533,3485,3644,-159
121000918,141,197,-56
121000919,84,56,28
121000938,293,650,-357
121000939,435,389,46
121000956,1360,1445,-85
121000957,9,22,-13
121000958,123,82,41
121000959,739,1103,-364
121000960,2530,2578,-48
121000961,323,357,-34
121000962,285,587,-302
121000973,0,154,-154
121000976,38,235,-197
121000979,556,258,298
121000981,494,525,-31
121000982,363,175,188
121000983,519,603,-84
121000984,91,84,7
121000985,663,566,97
121000986,405,255,150
121000987,420,1371,-951
121000988,807,133,674
121001302,342,147,195
121001308,10,16,-6
121001309,102,101,1
121001313,260,206,54
121001314,2393,3010,-617
121001315,4924,2429,2495
121900001,181,253,-72
121900002,67,52,15
121900003,488,35,453
121900004,176,484,-308
121900005,75,17,58
121900006,52,14,38
121900007,2548,2868,-320
121900008,1656,440,1216
121900009,712,34,678
121900010,247,9,238
121900011,555,550,5
121900012,22,2,20
121900013,1919,117,1802
121900014,1287,415,872
121900015,176,265,-89
121900016,9,45,-36
121900017,1926,574,1352
121900018,378,8,370
121900019,591,300,291
121900020,40,5,35
121900021,990,18,972
121900022,356,272,84
121900023,158,422,-264
121900024,409,137,272
121900025,746,463,283
121900026,482,54,428
121900027,433,255,178
121900028,338,14,324
121900029,111,240,-129
121900030,701,762,-61
121900031,1286,6630,-5344
121900032,182,116,66
121900033,180,192,-12
121900034,362,95,267
121900035,3229,2677,552
121900036,74,323,-249
121900037,216,926,-710
121900038,92,193,-101
121900039,558,99,459
121900040,98,119,-21
121900041,116,210,-94
121900042,376,166,210
121900043,1,4,-3
121900044,232,74,158
121900046,397,472,-75
121900047,164,90,74
121900048,75,172,-97
121900050,47,60,-13
121900051,117,227,-110
121900052,139,62,77
121900053,973,352,621
121900054,762,1071,-309
121900055,7,32,-25
121900058,197,279,-82
121900059,567,220,347
121900060,169,403,-234
121900061,312,203,109
121900062,256,148,108
121900063,1776,489,1287
121900064,307,792,-485
121900066,70,62,8
121900067,90,97,-7
121900069,218,186,32
121900070,824,126,698
121900071,431,641,-210
121900072,60,206,-146
121900073,215,277,-62
121900074,979,1139,-160
121900075,573,538,35
121900076,472,803,-331
121900077,30,40,-10
121900078,112,91,21
121900079,0,0,0
121900080,1494,567,927
121900082,56,144,-88
121900084,18,212,-194
121900085,2,15,-13
121900086,9,77,-68
121900087,207,130,77
121900088,2377,3237,-860
121900089,142,470,-328
121900090,119,137,-18
121900091,57,136,-79
121900092,101,119,-18
121900093,112,116,-4
121900094,21,26,-5
121900095,258,167,91
121900096,1590,1209,381
121900097,540,507,33
121900098,3,15,-12
121900099,252,120,132
121900100,393,587,-194
121900101,274,189,85
121900102,11,201,-190
121900103,651,306,345
121900104,1716,465,1251
121900105,333,403,-70
121900106,14,13,1
121900107,39,58,-19
121900108,8,42,-34
121900109,317,173,144
121900110,573,1076,-503
121900111,1070,237,833
121900112,221,185,36
121900113,90,342,-252
121900114,79,98,-19
121900115,203,419,-216
121900117,456,124,332
121900118,2584,804,1780
121900119,273,120,153
121900120,59,1495,-1436
121900121,536,67,469
121900122,32,70,-38
121900123,308,535,-227
121900124,182,193,-11
121900125,1637,1201,436
121900127,16,127,-111
121900128,76,181,-105
121900129,727,202,525
121900130,112,276,-164
121900131,392,89,303
121900132,69,124,-55
121900133,133,950,-817
121900134,36,184,-148
121900135,2964,568,2396
121900136,1288,429,859
121900137,89,397,-308
121900138,192,312,-120
121900139,410,548,-138
121900140,114,305,-191
121900141,82,91,-9
121900142,217,265,-48
121900143,45,178,-133
121900144,176,347,-171
121900145,318,384,-66
121900146,642,1149,-507
121900147,47,214,-167
121900148,240,399,-159
121900149,397,923,-526
121900150,112,154,-42
121900151,99,246,-147
121900152,103,156,-53
121900153,174,909,-735
121900154,18,264,-246
121900155,9,177,-168
121900156,315,125,190
121900157,12,459,-447
121900158,129,134,-5
121900159,2,242,-240
121900160,32,337,-305
121900161,473,444,29
121900162,130,173,-43
121900163,260,1006,-746
121900164,660,265,395
121900165,712,254,458
121900166,158,191,-33
121900167,95,143,-48
121900168,167,320,-153
121900169,8,247,-239
121900170,23,248,-225
121900171,990,733,257
121900172,843,341,502
121900173,1194,306,888
121900174,32,80,-48
121900175,322,326,-4
121900176,640,1834,-1194
121900177,317,105,212
121900178,6,11,-5
121900179,804,215,589
121900180,5059,4449,610
121900182,676,356,320
121900183,986,1192,-206
121900184,120,754,-634
121900186,12,395,-383
121900187,54,202,-148
121900188,661,576,85
121900189,64,135,-71
121900190,377,574,-197
121900191,134,184,-50
121900192,412,656,-244
121900193,64,90,-26
121900194,10,290,-280
121900195,107,136,-29
121900196,1317,1213,104
121900197,507,1793,-1286
121900198,1281,997,284
121900199,4,39,-35
121900200,147,375,-228
121900201,1304,933,371
121900202,275,842,-567
121900203,258,922,-664
121900204,1055,1480,-425
121900205,20,73,-53
121900206,31,47,-16
121900207,150,58,92
121900208,233,345,-112
121900209,90,39,51
121900210,1179,1055,124
121900211,230,321,-91
121900212,321,167,154
121900213,176,95,81
121900214,12,494,-482
121900215,93,102,-9
121900216,44,257,-213
121900217,340,196,144
121900218,238,381,-143
121900219,340,97,243
121900220,188,14,174
121900221,338,666,-328
121900222,205,207,-2
121900223,210,59,151
121900224,89,63,26
121900225,138,102,36
121900226,304,839,-535
121900227,364,711,-347
121900228,275,473,-198
121900229,321,352,-31
121900230,163,305,-142
121900231,510,1427,-917
121900232,284,601,-317
121900233,281,316,-35
121900234,377,346,31
121900235,542,233,309
121900236,529,214,315
121900237,216,284,-68
121900238,185,341,-156
121900239,695,45,650
121900240,310,138,172
121900241,75,100,-25
121900242,6,2,4
121900243,31,0,31
121900244,70,8,62
121900245,251,94,157
121900246,2089,274,1815
121900247,702,288,414
121900248,1847,1444,403
121900250,266,329,-63
121900251,433,64,369
121900252,636,220,416
121900253,233,860,-627
121900254,521,360,161
121900255,361,148,213
121900258,3861,2533,1328
121900259,455,748,-293
121900260,167,223,-56
121900261,210,753,-543
121900262,418,1124,-706
121900263,406,386,20
121900264,2439,1729,710
121900265,253,350,-97
121900266,564,163,401
121900267,88,36,52
121900269,355,981,-626
121900270,34,264,-230
121900271,70,195,-125
121900273,599,2008,-1409
121900274,246,351,-105
121900276,712,172,540
121900277,931,1556,-625
121900278,161,1208,-1047
121900279,113,234,-121
121900280,358,432,-74
121900281,523,400,123
121900284,199,15,184
121900286,274,170,104
121900287,27,28,-1
121900290,340,437,-97
121900291,493,656,-163
121900292,168,130,38
121900293,1198,3183,-1985
121900294,289,5,284
121900295,186,273,-87
121900296,116,184,-68
121900298,331,744,-413
121900299,10,3,7
121900300,192,12,180
121900301,121,9,112
121900302,3,53,-50
121900303,428,465,-37
121900304,4,96,-92
121900305,7,18,-11
121900306,310,2,308
121900307,105,24,81
121900308,44,273,-229
121900309,24,341,-317
121900310,44,565,-521
121900311,490,36,454
121900312,442,15,427
121900313,284,22,262
121900314,6,86,-80
121900315,11,0,11
121900316,2,14,-12
121900317,17,12,5
121900318,2,24,-22
121900319,51,107,-56
121900320,34,89,-55
121900321,10,5,5
121900322,0,26,-26
121900323,21,28,-7
121900324,8,57,-49
121900325,36,8,28
121900326,8,21,-13
121900327,9,91,-82
121900328,2,51,-49
121900329,3,238,-235
121900330,1,31,-30
121900331,79,54,25
121900332,110,46,64
121900333,2,0,2
122000001,2685,5132,-2447
122000002,4907,1953,2954
122000003,2665,3113,-448
122000004,3522,2032,1490
122000005,3011,1923,1088
122000006,2121,1028,1093
122000007,1144,2045,-901
122000008,4622,5357,-735
122000009,458,444,14
122000010,2401,2784,-383
122000011,3909,1678,2231
122000012,1506,1527,-21
122000013,1547,983,564
122000014,1660,1257,403
122000015,1772,1263,509
122000016,740,1040,-300
122000017,1344,1161,183
122000018,1677,1361,316
122000019,851,1318,-467
122000020,240,228,12
122000021,510,591,-81
122000022,1324,1216,108
122000023,762,1975,-1213
122000024,1060,1412,-352
122000025,1814,1961,-147
122000026,1495,1231,264
122000027,742,2495,-1753
122000028,1065,600,465
122000029,585,482,103
122000030,583,149,434
122000031,672,311,361
122000032,1973,2378,-405
122000033,791,1389,-598
122000034,1026,761,265
122000035,435,909,-474
122000036,741,706,35
122000037,408,246,162
122000038,285,423,-138
122000039,614,485,129
122000040,392,302,90
122000041,636,666,-30
122000042,382,676,-294
122000043,129,110,19
122000044,176,140,36
122000045,1296,579,717
122000046,899,879,20
122000047,453,239,214
122000048,5244,5277,-33
122000049,7393,4059,3334
122000050,1779,940,839
122000051,459,334,125
122000052,653,488,165
122000053,183,896,-713
122000054,2807,2594,213
122000055,2663,3505,-842
122000056,5652,3927,1725
122000057,4197,3868,329
122000058,3204,1382,1822
122000059,3447,1738,1709
122000060,858,826,32
122000061,594,667,-73
122000062,1526,495,1031
122000063,1721,763,958
122000064,3743,3024,719
122000065,4774,2937,1837
122000066,1486,1142,344
122000067,1709,1481,228
122000068,1855,1297,558
122000069,928,736,192
122000070,1201,1922,-721
122000071,1731,1457,274
122000072,414,469,-55
122000073,447,622,-175
122000074,3387,1896,1491
122000075,1192,1401,-209
122000076,2388,1278,1110
122000077,1299,843,456
122000078,2927,2766,161
122000079,2201,1432,769
122000080,936,394,542
122000081,223,345,-122
122000082,1001,942,59
122000083,1989,2454,-465
122000084,1861,1011,850
122000085,384,1281,-897
122000086,2281,5387,-3106
122000087,578,251,327
122000088,565,525,40
122000089,6250,2750,3500
122000090,308,560,-252
122000091,338,90,248
122000092,176,25,151
122000093,2121,1840,281
122000094,7381,2806,4575
122000095,4253,4579,-326
122000096,3156,2055,1101
122000098,4370,2675,1695
122000099,2481,750,1731
122000100,1112,591,521
122000101,471,761,-290
122000102,2350,1521,829
122000103,2478,2214,264
122000104,500,256,244
122000105,1109,376,733
122000106,561,777,-216
122000107,1229,572,657
122000108,568,896,-328
122000109,429,341,88
122000110,560,681,-121
122000111,3002,1507,1495
122000112,1058,1526,-468
122000113,733,726,7
122000114,3698,1635,2063
122000115,2167,1494,673
122000116,723,633,90
122000117,2433,542,1891
122000118,745,1095,-350
122000119,3623,2948,675
122000120,2306,5004,-2698
122000121,2260,4124,-1864
122000122,977,2703,-1726
122000123,2118,2291,-173
122000124,1231,761,470
122000125,990,916,74
122000126,820,1753,-933
122000127,1307,1830,-523
122000128,593,978,-385
122000129,942,1289,-347
122000130,3590,1661,1929
122000131,1524,1722,-198
122000132,619,874,-255
122000133,1221,2270,-1049
122000134,967,974,-7
122000135,957,1122,-165
122000136,1050,745,305
122000137,1917,1432,485
122000139,1641,3614,-1973
122000140,1276,832,444
122000141,5824,1200,4624
122000142,759,1069,-310
122000143,645,495,150
122000144,1446,1546,-100
122000145,1769,859,910
122000146,2241,1130,1111
122000147,800,502,298
122000148,2968,2298,670
122000149,2214,1920,294
122000150,1119,1000,119
122000151,217,446,-229
122000152,421,419,2
122000153,433,372,61
122000154,348,304,44
122000155,1867,2431,-564
122000156,3090,2878,212
122000157,1984,2335,-351
122000158,392,791,-399
122000159,943,1891,-948
122000160,3516,2755,761
122000161,1152,1114,38
122000162,2631,1981,650
122000163,278,78,200
122000164,38,92,-54
122000165,1375,760,615
122000166,1378,1049,329
122000167,366,244,122
122000168,295,698,-403
122000169,464,200,264
122000170,410,264,146
122000171,69,118,-49
122000172,1741,1606,135
122000173,1728,2816,-1088
122000174,2729,1133,1596
122000175,1284,351,933
122000176,387,861,-474
122000177,1565,1599,-34
122000178,3044,2441,603
122000179,1906,2667,-761
122000180,1981,1658,323
122000181,2079,3248,-1169
122000182,2170,1802,368
122000183,1908,1049,859
122000184,3858,2445,1413
122000185,1883,1671,212
122000186,537,796,-259
122000187,1821,1165,656
122000188,578,251,327
122000189,343,390,-47
122000190,1117,1234,-117
122000191,944,955,-11
122000192,1242,440,802
122000193,537,881,-344
122000194,579,232,347
122000195,166,621,-455
122000196,1390,781,609
122000197,616,954,-338
122000198,594,1021,-427
122000199,477,421,56
122000200,1158,629,529
122000201,1725,1639,86
122000202,1643,1551,92
122000203,4504,1627,2877
122000204,2096,2287,-191
122000205,1620,1641,-21
122000206,2432,1117,1315
122000207,2183,1568,615
122000208,2621,1657,964
122000209,1981,403,1578
122000210,2315,2146,169
122000211,1797,1426,371
122000212,837,576,261
122000213,1309,1507,-198
122000214,2151,1927,224
122000215,2166,1908,258
122000217,2428,1634,794
122000218,966,86,880
122000219,1570,1176,394
122000220,529,851,-322
122000221,98,573,-475
122000222,706,145,561
122000223,1727,652,1075
122000225,973,348,625
122000226,2692,1973,719
122000227,421,2475,-2054
122000228,538,495,43
122000229,93,659,-566
122000230,469,694,-225
122000231,930,938,-8
122000232,932,1142,-210
122000233,2,102,-100
122000234,348,180,168
122000235,866,190,676
122000236,1117,148,969
122000237,274,123,151
122000238,761,314,447
122000239,1466,222,1244
122000240,1348,888,460
122000241,1075,551,524
122000242,931,206,725
122000243,76,51,25
122000244,17,338,-321
122000245,17,96,-79
122000246,138,107,31
122000247,1406,305,1101
122000248,1273,1798,-525
122000249,2734,1139,1595
122000250,2609,1390,1219
122000251,366,549,-183
122000252,670,303,367
122000253,95,332,-237
122000254,368,181,187
122000255,1037,2319,-1282
122000256,695,1346,-651
122000257,304,333,-29
122000258,381,357,24
122000259,24,552,-528
122000260,8,100,-92
122000261,30,208,-178
122000262,2,65,-63
122000263,494,116,378
122000264,1449,457,992
122000265,2602,1021,1581
122000266,5093,784,4309
122000267,195,178,17
122000268,168,589,-421
122000269,960,429,531
122000270,828,215,613
122000271,443,1332,-889
122000272,478,1156,-678
122000273,387,515,-128
122000274,235,246,-11
122000275,207,233,-26
122000276,803,769,34
122000277,1483,1613,-130
122000278,2127,1143,984
122000279,304,635,-331
122000280,1154,973,181
122000281,1049,1204,-155
122000282,389,300,89
122000283,606,171,435
122000284,239,101,138
122000285,640,127,513
122000286,114,223,-109
122000287,1295,1793,-498
122000288,543,351,192
122000291,1992,934,1058
122000293,326,284,42
122000294,147,224,-77
122000295,2289,323,1966
122000296,90,558,-468
122000297,3010,2980,30
122000299,556,492,64
122000300,644,689,-45
122000301,12767,3798,8969
122000302,946,1472,-526
122000303,4343,1562,2781
122000304,117,420,-303
122000305,1181,306,875
122000306,24,912,-888
122000307,156,159,-3
122000309,107,59,48
122000310,25,106,-81
122000311,286,125,161
122000312,217,172,45
122000313,115,68,47
122000314,123,305,-182
122000315,294,69,225
122000316,900,234,666
122000317,1461,348,1113
122000318,332,881,-549
122000319,291,516,-225
122000320,423,1882,-1459
122000321,117,214,-97
122000322,2698,2248,450
122000323,1808,2341,-533
122000324,1313,1298,15
122000325,1959,1598,361
122000326,83,136,-53
122000327,493,773,-280
122000328,931,801,130
122000330,2278,1001,1277
122000332,357,442,-85
122000333,14,93,-79
122000337,1094,1887,-793
122000338,594,580,14
122000340,414,573,-159
122000342,2070,1213,857
122000343,358,905,-547
122000344,70,30,40
122000345,100,49,51
122000346,849,619,230
122000348,809,963,-154
122000349,148,876,-728
122000351,112,187,-75
122000352,461,163,298
122000353,102,119,-17
122000355,192,351,-159
122000356,1731,1456,275
122000357,85,24,61
122000358,0,59,-59
122000359,0,45,-45
122000360,0,48,-48
122000362,19,81,-62
122000364,194,449,-255
122000365,3,45,-42
122000366,18,18,0
122000368,457,850,-393
122000370,59,52,7
122000371,22,0,22
122000372,12,4,8
122000381,88,376,-288
122000382,93,293,-200
122000384,4411,1463,2948
122000385,90,0,90
122000386,525,1289,-764
122000387,658,697,-39
122000388,1724,700,1024
122000389,195,702,-507
122000390,472,307,165
122000391,439,273,166
122000392,541,308,233
122000393,96,236,-140
122000394,619,394,225
122000395,252,215,37
122000396,266,146,120
122000397,101,59,42
122000398,71,96,-25
122000399,176,100,76
122000400,161,567,-406
122000401,114,108,6
122000402,322,141,181
122000403,663,1064,-401
122000404,234,296,-62
122000408,978,1426,-448
122000503,18,126,-108
122000524,723,154,569
122000544,157,2318,-2161
122000616,440,3,437
122000640,69,139,-70
122000641,92,357,-265
122000642,1192,1318,-126
122000643,76,193,-117
122000644,274,54,220
122000645,159,246,-87
122000651,1814,975,839
122000664,147,46,101
122000665,1396,662,734
122000666,798,1187,-389
122000673,41,311,-270
122000674,175,89,86
122000675,1940,1319,621
122000686,858,1209,-351
122000687,1636,400,1236
122000688,433,834,-401
122000689,814,532,282
122000690,2238,576,1662
122000691,1825,2076,-251
122000692,1813,480,1333
122000693,489,2107,-1618
122000695,393,514,-121
122000696,390,360,30
122000698,393,923,-530
122000699,237,189,48
122000701,1354,296,1058
122000702,528,1380,-852
122000703,162,85,77
122000717,189,74,115
122000718,411,758,-347
122000719,128,122,6
122000720,393,266,127
122900001,49,9,40
122900002,1545,5094,-3549
122900003,426,66,360
122900004,986,51,935
122900005,186,73,113
122900006,1436,497,939
122900007,472,92,380
122900008,926,80,846
122900009,885,474,411
122900010,334,150,184
122900012,255,508,-253
122900013,0,0,0
122900014,211,344,-133
122900015,2443,932,1511
122900016,106,374,-268
122900017,507,1062,-555
122900018,285,32,253
122900019,47,243,-196
122900020,346,525,-179
122900021,82,771,-689
122900022,1037,867,170
122900023,534,321,213
122900024,197,158,39
122900025,35,369,-334
122900026,106,489,-383
122900027,88,943,-855
122900028,133,246,-113
122900029,5121,3544,1577
122900030,1243,719,524
122900031,122,302,-180
122900032,167,435,-268
122900033,246,191,55
122900034,5543,5653,-110
122900035,57,30,27
122900036,85,123,-38
122900037,428,173,255
122900038,169,3004,-2835
122900039,137,610,-473
122900040,339,578,-239
122900041,431,382,49
122900042,204,386,-182
122900043,523,318,205
122900044,128,414,-286
122900045,120,152,-32
122900046,295,277,18
122900047,152,230,-78
122900048,69,287,-218
122900049,1774,187,1587
122900051,88,188,-100
122900052,111,222,-111
122900053,42,40,2
122900055,775,179,596
122900057,238,132,106
122900061,604,238,366
122900062,600,789,-189
122900063,167,350,-183
122900064,1222,520,702
122900065,651,315,336
122900066,805,453,352
122900067,1501,1060,441
122900068,497,360,137
122900069,510,1711,-1201
122900070,459,74,385
122900071,105,452,-347
122900072,26,621,-595
122900073,48,299,-251
122900074,876,764,112
122900075,4,78,-74
122900076,5,217,-212
122900077,3,192,-189
122900078,177,169,8
122900080,60,43,17
122900081,238,255,-17
122900082,907,528,379
122900083,169,595,-426
122900084,20,307,-287
122900086,17,176,-159
122900087,316,847,-531
122900088,49,220,-171
122900089,116,309,-193
122900090,13,521,-508
122900091,183,6,177
122900092,0,210,-210
122900093,1,339,-338
122900094,3,242,-239
122900095,156,19,137
122900096,461,210,251
122900097,40,31,9
122900098,245,164,81
122900099,75,12,63
122900100,406,253,153
122900101,483,283,200
122900102,19,61,-42
122900103,73,8,65
122900104,109,11,98
122900105,14,37,-23
122900106,4,89,-85
122900107,11,186,-175
122900108,8,189,-181
123000001,1916,460,1456
123000002,4900,5717,-817
123000003,4645,5495,-850
123000004,4681,5224,-543
123000005,2947,3657,-710
123000006,2592,3056,-464
123000007,4990,3122,1868
123000008,3593,3654,-61
123000009,5087,3181,1906
123000010,4068,3993,75
123000011,2967,861,2106
123000012,967,2503,-1536
123000013,3970,1031,2939
123000014,1157,3795,-2638
123000015,5127,1348,3779
123000016,5433,4784,649
123000017,3370,1851,1519
123000018,55,124,-69
123000019,340,369,-29
123000020,173,198,-25
123000021,98,219,-121
123000022,347,1595,-1248
123000023,1678,1687,-9
123000024,1540,683,857
123000025,280,159,121
123000026,757,113,644
123000027,216,538,-322
123000028,2040,395,1645
123000029,1336,1152,184
123000030,264,640,-376
123000031,194,280,-86
123000032,394,188,206
123000033,233,70,163
123000034,1078,945,133
123000035,431,448,-17
123000036,381,998,-617
123000037,455,758,-303
123000038,170,195,-25
123000039,522,1436,-914
123000040,930,496,434
123000041,1250,1287,-37
123000042,1543,683,860
123000043,3891,8960,-5069
123000044,5757,3178,2579
123000045,10479,3776,6703
123000046,1052,1795,-743
123000047,3371,1205,2166
123000048,144,822,-678
123000049,8921,10430,-1509
123000050,1521,1665,-144
123000051,106,198,-92
123000052,824,3779,-2955
123000053,2999,3783,-784
123000054,1601,2002,-401
123000055,1720,2705,-985
123000056,1441,2690,-1249
123000057,16685,8972,7713
123000058,782,1126,-344
123000059,560,673,-113
123000060,1007,636,371
123000061,370,838,-468
123000063,835,1043,-208
123000064,1392,397,995
123000065,9762,3695,6067
123000066,929,718,211
123000067,938,690,248
123000068,3739,3425,314
123000069,8147,4238,3909
123000070,317,856,-539
123000071,1104,1082,22
123000072,1323,1365,-42
123000073,1167,942,225
123000074,1226,1495,-269
123000075,389,1186,-797
123000076,1506,924,582
123000077,2034,3223,-1189
123000078,1591,1821,-230
123000079,1579,1968,-389
123000080,2614,2497,117
123000081,264,518,-254
123000082,428,1424,-996
123000083,946,258,688
123000084,618,629,-11
123000085,323,108,215
123000086,507,244,263
123000087,509,390,119
123000088,2134,1054,1080
123000089,558,1290,-732
123000090,1331,1146,185
123000091,1554,1503,51
123000092,1035,1296,-261
123000094,527,406,121
123000095,681,822,-141
123000096,723,543,180
123000097,529,856,-327
123000098,728,647,81
123000099,685,763,-78
123000100,628,892,-264
123000101,754,743,11
123000102,620,716,-96
123000104,561,466,95
123000105,799,578,221
123000106,567,468,99
123000107,502,547,-45
123000108,923,1138,-215
123000111,939,370,569
123000112,1117,674,443
123000113,676,1671,-995
123000114,586,657,-71
123000115,345,353,-8
123000116,35,125,-90
123000117,2751,2607,144
123000118,504,1119,-615
123000119,403,1019,-616
123000120,725,993,-268
123000121,506,591,-85
123000122,396,299,97
123000123,485,558,-73
123000124,507,493,14
123000125,1168,1291,-123
123000126,1585,4676,-3091
123000127,1036,816,220
123000128,320,313,7
123000129,671,289,382
123000130,693,116,577
123000131,844,679,165
123000132,423,656,-233
123000133,381,430,-49
123000134,454,246,208
123000135,2382,1459,923
123000136,254,893,-639
123000137,135,393,-258
123000138,96,487,-391
123000139,481,174,307
123000140,212,924,-712
123000141,940,158,782
123000142,1243,1427,-184
123000143,1332,2344,-1012
123000144,126,51,75
123000145,438,133,305
123000146,70,117,-47
123000147,147,160,-13
123000149,347,440,-93
123000150,202,280,-78
123000151,425,568,-143
123000152,294,504,-210
123000153,646,827,-181
123000154,1983,2111,-128
123000155,2983,1495,1488
123000156,36,142,-106
123000157,500,1005,-505
123000158,659,724,-65
123000159,3921,2901,1020
123000160,1120,830,290
123000161,1732,1257,475
123000162,951,1778,-827
123000163,533,153,380
123000164,1723,410,1313
123000165,614,1988,-1374
123000166,58,160,-102
123000167,215,310,-95
123000168,248,294,-46
123000169,806,139,667
123000170,78,218,-140
123000171,719,52,667
123000172,566,707,-141
123000173,705,277,428
123000174,1122,387,735
123000175,1253,1594,-341
123000176,1494,317,1177
123000177,998,1375,-377
123000178,812,188,624
123000179,66,740,-674
123000180,1752,343,1409
123000181,365,1776,-1411
123000182,275,670,-395
123000183,146,476,-330
123000184,385,837,-452
123000185,797,478,319
123000186,6,826,-820
123000187,676,4,672
123000188,178,1,177
123000189,252,309,-57
123000190,64,105,-41
123000192,37,740,-703
123000193,70,1285,-1215
123000194,454,431,23
123000195,351,37,314
123000196,355,17,338
123000197,47,125,-78
123000198,26,444,-418
123000199,15,786,-771
123000200,617,13,604
123000201,1090,29,1061
123000202,21,1545,-1524
123000203,988,79,909
123000204,138,1529,-1391
123000205,744,2526,-1782
123000206,2175,242,1933
123000207,107,1200,-1093
123000208,590,206,384
123000209,2195,614,1581
123000210,610,2838,-2228
123000211,823,3632,-2809
123000212,3045,592,2453
123000213,733,88,645
123000215,120,261,-141
123000216,266,1859,-1593
123000217,261,45,216
123000218,104,821,-717
123000219,1284,79,1205
123000220,717,100,617
123000221,445,171,274
123000222,507,609,-102
123000223,399,482,-83
123000224,499,603,-104
123000225,395,102,293
123000226,115,408,-293
123000227,96,383,-287
123000228,313,100,213
123000229,1376,2097,-721
123000232,179,722,-543
123000233,934,219,715
123000234,209,732,-523
123000235,1017,523,494
123000236,344,1028,-684
123000237,339,104,235
123000238,125,546,-421
123000239,584,1851,-1267
123000240,84,461,-377
123000241,736,137,599
123000242,186,224,-38
123000243,847,1004,-157
123000244,1044,809,235
123000245,68,214,-146
123000249,488,686,-198
123000252,992,278,714
123000253,1074,557,517
123000254,873,1376,-503
123000255,1407,1107,300
123000256,51,356,-305
123000257,3343,2546,797
123000258,1551,1188,363
123000259,295,401,-106
123000260,428,438,-10
123000261,253,225,28
123000262,97,248,-151
123000263,393,97,296
123000264,179,106,73
123000265,78,208,-130
123000266,753,931,-178
123000267,774,385,389
123000268,46,56,-10
123000269,55,71,-16
123000270,39,51,-12
123000271,108,83,25
123000272,838,316,522
123000273,306,643,-337
123000274,1346,623,723
123000275,431,1063,-632
123000278,4587,3116,1471
123000279,81,111,-30
123000280,503,327,176
123000281,401,150,251
123000282,159,292,-133
123000283,134,56,78
123000284,55,140,-85
123000286,408,313,95
123000287,704,349,355
123000288,1765,823,942
123000289,433,1118,-685
123000291,324,1001,-677
123000294,156,269,-113
123000295,1054,1055,-1
123000296,748,479,269
123000297,511,541,-30
123000298,546,448,98
123000299,51,165,-114
123000300,1034,1008,26
123000301,132,259,-127
123000302,68,235,-167
123000303,124,129,-5
123000305,1000,864,136
123000306,121,308,-187
123000309,50,106,-56
123000310,46,45,1
123000311,0,102,-102
123000312,608,1193,-585
123000313,533,377,156
123000315,107,402,-295
123000316,1389,89,1300
123000317,205,100,105
123000318,75,284,-209
123000329,8,12,-4
123000337,1035,404,631
123000338,627,42,585
123000339,202,399,-197
123000340,200,603,-403
123000342,355,27,328
123000343,70,12,58
123000344,1550,859,691
123000345,429,997,-568
123000346,321,60,261
123000352,1699,997,702
123000353,65,131,-66
123000354,335,8,327
123000355,0,526,-526
123000356,371,29,342
123000357,2,169,-167
123000359,6,211,-205
123000360,237,90,147
123000361,436,322,114
123000362,466,117,349
123000363,111,260,-149
123000364,526,500,26
123000365,28,436,-408
123000366,504,2065,-1561
123000367,344,1420,-1076
123000370,50,291,-241
123000371,1111,52,1059
123000372,445,33,412
123000373,12,505,-493
123000374,43,276,-233
123000375,517,50,467
123000376,936,676,260
123000377,495,37,458
123000378,25,346,-321
123000379,16,339,-323
123000380,82,449,-367
123000381,193,62,131
123000382,1423,148,1275
123000383,278,1323,-1045
123000384,467,110,357
123000385,214,558,-344
123000436,43,984,-941
123000507,176,336,-160
123000508,177,1093,-916
123000517,415,75,340
123000518,46,264,-218
123000519,257,79,178
123000520,82,317,-235
123000521,561,99,462
123000522,198,761,-563
123000541,23,4,19
123000542,0,15,-15
123000565,631,49,582
123000566,193,793,-600
123000567,103,276,-173
123000573,48,1041,-993
123000574,839,63,776
123000575,1410,1502,-92
123000576,924,1733,-809
123000577,117,718,-601
123000578,588,100,488
123000579,3887,5705,-1818
123000580,122,41,81
123000582,523,44,479
123000583,53,422,-369
123000584,211,324,-113
123000585,0,147,-147
123000586,115,3,112
123000596,155,114,41
123000597,58,129,-71
123000602,33,9,24
123000603,689,820,-131
123000604,532,927,-395
123000605,794,146,648
123000606,1,334,-333
123000609,19,398,-379
123000610,221,135,86
123000613,28,220,-192
123000614,320,68,252
123000615,55,133,-78
123000616,725,73,652
123000617,140,536,-396
123000618,84,680,-596
123000619,653,65,588
123000620,37,534,-497
123000622,435,41,394
123000624,153,30,123
123000630,867,452,415
123000631,339,1578,-1239
123000632,908,959,-51
123000633,1,167,-166
123000634,67,131,-64
123000635,139,92,47
123000636,22,634,-612
123000637,149,129,20
123000638,602,79,523
123000639,1253,3632,-2379
123000640,14,841,-827
123900001,1452,72,1380
123900002,53,1254,-1201
123900003,643,480,163
123900005,282,180,102
123900006,282,36,246
124000001,2110,173,1937
124000002,146,2065,-1919
124000003,916,180,736
124000004,102,626,-524
124000005,929,439,490
124000006,324,1299,-975
124000007,529,100,429
124000008,12,582,-570
124000009,547,296,251
124000010,238,522,-284
124000011,1043,382,661
124000012,319,600,-281
124000017,181,200,-19
124000018,93,116,-23
124000019,173,174,-1
124000020,58,185,-127
124000021,132,117,15
124000022,90,268,-178
124000023,1601,1595,6
124000024,1223,549,674
124000025,1208,1666,-458
124000026,1124,1040,84
124000027,5395,5187,208
124000028,2293,4835,-2542
124000030,3321,1493,1828
124000031,1282,2480,-1198
124000032,3029,1122,1907
124000033,178,342,-164
124000034,1170,665,505
124000035,59,185,-126
124000036,83,220,-137
124000037,950,1173,-223
124000038,83,102,-19
124000039,1585,516,1069
124000040,712,1337,-625
124000041,699,88,611
124000042,193,509,-316
124000043,194,117,77
124000044,51,233,-182
124000045,701,745,-44
124000046,337,630,-293
124000047,1615,1246,369
124000048,1107,1567,-460
124000049,1743,903,840
124000050,939,2104,-1165
124000051,1001,649,352
124000052,764,1282,-518
124000053,588,1597,-1009
124000054,1016,702,314
124000055,1574,2624,-1050
124000056,2644,1712,932
124000057,955,758,197
124000058,628,1509,-881
124000059,660,1264,-604
124000060,1512,830,682
124000061,1567,4809,-3242
124000062,4524,2172,2352
124000063,1455,1982,-527
124000064,2609,1675,934
124000065,9,394,-385
124000066,86,39,47
124000067,229,206,23
124000068,17,18,-1
124000069,190,14,176
124000070,51,145,-94
124000071,792,129,663
124000072,372,488,-116
124000073,962,169,793
124000074,289,859,-570
124000075,375,52,323
124000076,15,273,-258
124000077,1889,1055,834
124000078,3416,1229,2187
124000079,543,1558,-1015
124000080,610,262,348
124000081,281,604,-323
124000082,59,203,-144
124000083,96,103,-7
124000084,54,279,-225
124000085,166,37,129
124000086,74,110,-36
124000087,468,146,322
124000088,378,511,-133
124000089,898,456,442
124000090,108,308,-200
124000091,384,103,281
124000092,71,430,-359
124000093,180,119,61
124000094,274,503,-229
124000095,101,110,-9
124000096,160,383,-223
124000097,92,133,-41
124000098,62,113,-51
124000099,192,94,98
124000100,54,90,-36
124000101,97,151,-54
124000102,116,92,24
124000103,98,107,-9
124000104,91,78,13
124000105,97,86,11
124000106,159,70,89
124000107,14,172,-158
124000108,62,26,36
124000109,125,114,11
124000110,216,127,89
124000111,183,145,38
124000112,729,731,-2
124000113,97,87,10
124000114,295,558,-263
124000115,447,720,-273
124000116,113,182,-69
124000117,55,85,-30
124000118,50,81,-31
124000119,1080,633,447
124000120,623,530,93
124000121,1702,741,961
124000122,557,1300,-743
124000123,1198,580,618
124000124,544,1371,-827
124000125,464,510,-46
124000126,323,765,-442
124000127,962,411,551
124000128,578,1113,-535
124000129,2312,1717,595
124000130,896,814,82
124000131,1095,649,446
124000132,1096,1002,94
124000133,813,972,-159
124000134,960,690,270
124000135,2004,2085,-81
124000136,1128,1345,-217
124000137,1629,961,668
124000138,2060,1552,508
124000139,844,26,818
124000140,42,625,-583
124000141,212,15,197
124000142,6,231,-225
124000143,54,29,25
124000144,17,68,-51
124000145,205,52,153
124000146,166,111,55
124000148,98,136,-38
124000149,1607,572,1035
124000150,635,785,-150
124000151,829,391,438
124000152,853,1305,-452
124000153,923,721,202
124000154,615,831,-216
124000155,1469,1114,355
124000156,1713,1212,501
124000169,225,462,-237
124000170,595,600,-5
124000171,304,225,79
124000172,427,698,-271
124000173,476,266,210
124000174,355,639,-284
124000175,20,119,-99
124000176,133,43,90
124000177,11,41,-30
124000178,72,76,-4
124000190,41,31,10
124000191,80,51,29
124000192,2507,409,2098
124000193,672,1024,-352
124000194,397,573,-176
124000195,308,604,-296
124000196,1155,1165,-10
124000197,137,52,85
124000198,50,58,-8
124000201,428,1107,-679
124000202,691,529,162
124000203,985,671,314
124000204,797,459,338
124000205,155,525,-370
124000206,869,400,469
124000207,0,60,-60
124000209,222,568,-346
124000210,422,250,172
124000211,549,1,548
124000212,0,536,-536
124000213,455,358,97
124000214,384,733,-349
124000215,375,39,336
124000216,6,457,-451
124000329,236,1707,-1471
124000338,249,842,-593
124000339,1003,316,687
124000341,1217,479,738
124000344,29,2,27
124000357,1100,1850,-750
124000358,856,1291,-435
124000359,1429,801,628
124000360,997,620,377
124000361,1843,825,1018
124000362,1693,1855,-162
124000363,295,506,-211
124000364,623,1111,-488
124000365,682,1170,-488
124000366,1592,993,599
124000367,120,506,-386
124000368,570,361,209
124000369,184,147,37
124000370,117,630,-513
124000402,58,14,44
124000403,187,58,129
124000404,11,150,-139
124000405,1343,869,474
124000406,822,1027,-205
124000407,1,61,-60
124000411,6,384,-378
124000412,436,9,427
124000413,216,36,180
124000414,62,120,-58
124000415,52,120,-68
124000416,242,261,-19
124000417,191,99,92
124000418,140,126,14
124000419,81,192,-111
124000420,69,58,11
124000421,57,203,-146
124000422,21,23,-2
124000423,203,41,162
124000424,2,78,-76
124000425,38,20,18
124000426,11,72,-61
124000427,37,9,28
124000428,6,63,-57
124000429,78,93,-15
124000430,642,601,41
124000431,355,697,-342
124000432,261,768,-507
124000439,2,7,-5
124000442,13,147,-134
124000443,0,9,-9
124000445,200,366,-166
124000446,892,62,830
124900001,398,365,33
124900002,196,382,-186
124900003,969,633,336
124900004,572,417,155
124900005,250,247,3
124900006,655,339,316
124900008,1343,752,591
124900009,170,363,-193
124900010,264,151,113
124900011,601,304,297
124900012,606,143,463
124900013,595,164,431
124900014,497,97,400
124900015,188,434,-246
124900016,111,97,14
124900017,709,1250,-541
124900018,65,10,55
124900020,151,82,69
124900021,545,71,474
124900022,58,14,44
124900024,277,46,231
124900026,230,36,194
124900027,149,492,-343
124900028,685,128,557
124900029,15,553,-538
124900030,10,182,-172
124900031,82,384,-302
124900032,223,292,-69
124900033,241,419,-178
124900034,36,116,-80
124900035,166,557,-391
124900036,8,56,-48
124900037,155,351,-196
124900038,365,338,27
124900039,3,74,-71
124900040,154,127,27
124900041,256,974,-718
124900042,335,3,332
124900043,490,999,-509
124900044,100,12,88
124900045,1048,1228,-180
124900046,1506,307,1199
124900047,151,243,-92
124900048,210,136,74
124900050,129,245,-116
124900052,128,574,-446
124900053,205,452,-247
124900054,1966,576,1390
124900055,5,271,-266
124900057,10,51,-41
124900060,155,249,-94
124900061,82,14,68
124900062,271,52,219
124900066,0,19,-19
124900067,9,169,-160
124900068,248,614,-366
124900070,105,35,70
124900072,112,51,61
124900074,587,304,283
124900075,183,233,-50
124900076,41,1132,-1091
124900077,41,147,-106
124900078,135,34,101
124900079,649,241,408
124900080,272,603,-331
124900081,775,356,419
124900082,376,769,-393
124900083,225,509,-284
124900084,2102,159,1943
124900085,1167,507,660
124900086,165,1315,-1150
124900087,683,130,553
124900088,791,144,647
124900089,1335,53,1282
124900090,359,344,15
124900091,383,548,-165
124900092,239,346,-107
124900093,329,313,16
124900094,375,388,-13
124900095,101,607,-506
124900096,720,306,414
124900097,388,123,265
124900098,141,393,-252
124900099,943,534,409
124900100,380,100,280
124900101,111,691,-580
124900102,212,36,176
124900103,148,245,-97
124900104,64,200,-136
124900105,101,167,-66
124900106,448,76,372
124900107,220,20,200
124900108,206,109,97
124900109,99,103,-4
124900110,424,410,14
124900111,4,134,-130
124900112,61,779,-718
124900113,133,236,-103
124900114,173,120,53
124900115,285,54,231
124900116,282,187,95
124900117,396,131,265
124900118,224,118,106
124900119,348,197,151
124900120,45,391,-346
124900121,121,345,-224
124900122,231,218,13
124900123,268,108,160
124900124,160,249,-89
129000186,169,58,111
204000001,17,2,15
204000002,14,5,9
204000003,35,4,31
204000004,4,3,1
204000005,507,367,140
204000006,1365,1014,351
204000008,1074,516,558
204000011,8,47,-39
204000012,69,75,-6
204000013,0,35,-35
204000019,611,551,60
204000020,846,622,224
204000021,2541,925,1616
204000022,631,472,159
204000023,524,844,-320
204000031,22,25,-3
204000032,564,24,540
204000034,21,287,-266
204000035,2,4,-2
204000036,10,22,-12
204000037,0,20,-20
204000038,2,7,-5
204000039,11,21,-10
204000040,8,19,-11
204000041,8,38,-30
204000042,48,18,30
204000043,38,2,36
204000044,44,6,38
204000045,54,3,51
204000046,12,0,12
204000057,5,20,-15
204000062,4,17,-13
204000068,26,232,-206
204000069,9,270,-261
204000070,136,71,65
204000080,124,48,76
204000085,2080,2178,-98
204000086,2236,2174,62
204000087,44,15,29
204000088,4,97,-93
204000090,36,378,-342
204000093,359,55,304
204000096,728,940,-212
204000097,534,7,527
204000099,1302,1192,110
204000100,1511,1814,-303
204000105,2202,1526,676
204000110,1215,1434,-219
204000111,453,803,-350
204000112,2246,773,1473
204000113,516,835,-319
204000114,901,914,-13
204000115,704,438,266
204000116,3988,767,3221
204000119,1918,2569,-651
204000132,518,275,243
204000133,688,286,402
204000134,488,128,360
204000135,612,98,514
204000136,627,193,434
204000138,423,606,-183
204000140,194,116,78
204000141,138,61,77
204000144,15,25,-10
204000145,565,36,529
204000146,25,404,-379
204000147,15,214,-199
204000148,364,25,339
204000154,10,6,4
204000155,7,4,3
204000177,72,44,28
204000179,14,8,6
204000180,0,26,-26
204000222,5,10,-5
204000235,19,18,1
204000236,80,245,-165
204000238,41,27,14
204000240,393,88,305
204000263,395,1005,-610
204000308,237,19,218
204000317,3,69,-66
204000322,7,45,-38
204000323,18,20,-2
204000328,217,35,182
204000329,36,212,-176
204000330,151,15,136
204000331,41,94,-53
204010341,4,160,-156
205000001,896,1893,-997
205000013,2,56,-54
205000014,17,88,-71
205000015,20,167,-147
205000016,67,152,-85
205000017,30,105,-75
205000022,285,889,-604
205000025,1096,1125,-29
205000029,186,7,179
205000045,125,447,-322
205000047,113,484,-371
205000048,331,933,-602
205000049,165,787,-622
205000050,657,317,340
205000059,0,191,-191
205000060,1,86,-85
205000061,2,70,-68
205000062,3,49,-46
205000063,17,72,-55
205000064,13,105,-92
205000065,35,505,-470
205000066,104,591,-487
205000067,26,787,-761
205000069,204,19,185
205000082,131,136,-5
205000110,55,243,-188
205000111,201,246,-45
205000112,192,217,-25
205000113,170,399,-229
205000121,268,47,221
205000123,29,219,-190
205000126,389,82,307
205000127,607,129,478
205000128,378,63,315
205000129,532,57,475
205000130,246,28,218
205000131,149,3,146
205000132,234,10,224
205000133,185,2,183
205000134,228,0,228
205000137,53,128,-75
205000138,160,273,-113
205000139,23,125,-102
205000144,125,78,47
205000145,448,181,267
205000151,173,42,131
205000152,285,47,238
205000153,222,24,198
205000154,130,34,96
205000155,106,9,97
205000207,12,169,-157
205000233,7,2,5
205000234,0,2,-2
205000243,0,0,0
205000244,0,3,-3
205000245,15,200,-185
205000249,0,26,-26
205000250,5,2,3
205000251,136,451,-315
205000264,3,86,-83
206000027,10,4,6
206000028,3,0,3
206000043,9,46,-37
206000053,2,10,-8
206000054,1,15,-14
206000055,2,21,-19
206000075,11,15,-4
206000076,16,16,0
206000077,32,2,30
206000078,24,9,15
206000079,21,7,14
206000082,364,53,311
206000100,39,548,-509
206000103,4,20,-16
206000104,16,16,0
206000105,6,14,-8
206000106,6,28,-22
206000108,634,42,592
206000125,55,0,55
206000157,65,649,-584
206000170,0,189,-189
206000171,4,216,-212
206000172,14,476,-462
206000173,3,252,-249
206000174,6,100,-94
206000175,19,120,-101
206000176,23,207,-184
206000177,1,173,-172
206000178,0,185,-185
206000179,18,120,-102
206000180,14,149,-135
206000181,8,135,-127
206000182,7,162,-155
206000183,22,532,-510
206000184,6,416,-410
206000185,3,218,-215
206000186,108,1123,-1015
206000223,2,270,-268
206000226,27,3,24
206000227,28,5,23
206000237,54,425,-371
206000238,31,512,-481
206000239,263,2216,-1953
206000240,2,78,-76
206000241,0,87,-87
206000242,5,244,-239
206000243,3,221,-218
206000244,46,607,-561
206000245,749,81,668
206000246,150,8,142
206000247,136,19,117
206000248,343,16,327
206000252,86,38,48
206000258,26,41,-15
206000315,27,9,18
206000317,496,87,409
206000318,400,44,356
206000319,1121,108,1013
206000320,202,31,171
206000321,154,8,146
206000322,357,18,339
206000323,118,10,108
206000324,138,5,133
206000325,229,10,219
206000326,311,13,298
206000327,225,9,216
206000328,147,7,140
206000329,265,8,257
206000330,64,5,59
206000331,152,1,151
206000332,35,5,30
206000333,496,4,492
206000334,228,0,228
206000335,0,11,-11
206000361,3,199,-196
206000392,3,22,-19
206000405,137,1,136
206000441,21,16,5
206000498,30,3,27
206000515,137,24,113
206000530,210,41,169
206000531,157,162,-5
206000532,1654,204,1450
206000535,306,2098,-1792
206000536,29,203,-174
206000537,17,156,-139
206000613,1494,183,1311
207000001,136,503,-367
207000002,126,307,-181
207000003,115,136,-21
207000007,822,226,596
207000008,81,7,74
207000009,50,45,5
207000010,375,411,-36
207000012,341,202,139
207000015,264,1241,-977
207000019,220,62,158
207000021,510,131,379
207000022,174,82,92
207000023,194,33,161
207000024,4,14,-10
207000025,16,37,-21
207000026,99,47,52
207000027,22,76,-54
207000028,66,194,-128
207000029,185,415,-230
207000033,227,308,-81
207000034,364,77,287
207000039,417,173,244
207000040,292,109,183
207000041,174,49,125
207000042,257,96,161
207000043,345,180,165
207000051,133,317,-184
207000052,34,168,-134
207000053,356,495,-139
207000054,53,94,-41
207000055,131,126,5
207000056,314,305,9
207000057,140,266,-126
207000058,117,299,-182
207000059,100,470,-370
207000060,60,176,-116
207000061,220,431,-211
207000062,216,37,179
207000063,259,100,159
207000064,526,218,308
207000065,495,249,246
207000066,199,157,42
207000067,51,62,-11
207000068,100,39,61
207000069,735,323,412
207000082,11,234,-223
207000083,83,301,-218
207000084,200,227,-27
207000085,176,10,166
207000086,171,7,164
207000106,51,40,11
207000107,79,10,69
207000108,56,22,34
207000109,66,12,54
207000110,94,75,19
207000111,68,74,-6
207000112,184,435,-251
207000114,26,61,-35
207000115,23,83,-60
207000116,18,467,-449
207000117,10,146,-136
207000118,7,122,-115
207000119,36,117,-81
207000123,179,26,153
207000124,68,35,33
207000125,66,38,28
207000126,58,46,12
207000134,65,134,-69
207000135,29,211,-182
207000148,85,213,-128
207000149,86,52,34
207000152,105,400,-295
207000153,934,1149,-215
207000154,374,151,223
207000159,89,192,-103
207000160,202,442,-240
207000238,1,171,-170
207000242,4,213,-209
207000248,42,47,-5
207000249,194,59,135
207000250,730,74,656
207000251,108,80,28
207000252,140,85,55
207000278,100,71,29
207000279,34,189,-155
207000280,458,64,394
207000281,133,908,-775
207000282,176,83,93
207000283,162,222,-60
207000284,147,177,-30
207000285,117,71,46
207000291,26,131,-105
207000304,91,58,33
207000306,59,413,-354
207000310,77,82,-5
207000353,242,3,239
207000356,13,45,-32
207000357,49,22,27
207000358,10,15,-5
207000415,4,206,-202
207000417,47,7,40
207000418,1,19,-18
207000437,0,1,-1
207000439,957,586,371
207000446,131,6,125
207000460,27,6,21
207000466,227,220,7
207000467,143,149,-6
207000468,31,351,-320
207000476,8,77,-69
207000477,532,110,422
207000523,0,15,-15
207000524,44,0,44
207000527,115,156,-41
207000530,371,6,365
207000531,287,12,275
207000532,132,27,105
207000534,481,45,436
207000535,34,368,-334
207000537,309,128,181
207000540,6,186,-180
207000541,1,416,-415
207000548,17,272,-255
207000549,273,30,243
207000561,163,177,-14
207000562,52,204,-152
207000567,190,227,-37
207000568,168,113,55
207000569,408,929,-521
207000584,302,237,65
207000585,65,183,-118
207000616,0,128,-128
207000617,105,0,105
207900008,196,88,108
208000001,708,934,-226
208000002,632,481,151
208000003,1103,383,720
208000004,1323,601,722
208000005,6,21,-15
208000019,606,1044,-438
208000020,152,525,-373
208000021,310,475,-165
208000022,947,595,352
208000028,1852,946,906
208000033,649,1139,-490
208000034,1190,1691,-501
208000040,213,209,4
208000041,1025,629,396
208000042,1321,706,615
208000047,147,298,-151
208000064,2651,1420,1231
208000066,2171,2500,-329
208000070,283,316,-33
208000071,344,911,-567
208000072,293,1331,-1038
208000080,306,305,1
208000081,323,128,195
208000082,285,274,11
208000083,125,376,-251
208000084,15,25,-10
208000085,813,609,204
208000086,433,1016,-583
208000087,375,752,-377
208000089,946,450,496
208000090,883,724,159
208000093,176,182,-6
208000094,1681,499,1182
208000095,673,397,276
208000104,960,984,-24
208000105,851,943,-92
208000114,115,311,-196
208000115,529,408,121
208000116,550,1069,-519
208000117,159,156,3
208000118,123,132,-9
208000155,877,1091,-214
208000158,1400,3304,-1904
208000186,4100,4001,99
208000204,568,1004,-436
208000205,990,1111,-121
208000282,6334,3005,3329
209000004,627,211,416
209000005,44,54,-10
209000006,460,136,324
209000007,290,329,-39
209000010,490,174,316
209000011,241,321,-80
209000012,222,157,65
209000013,837,394,443
209000014,572,1071,-499
209000025,254,37,217
209000026,566,120,446
209000027,417,878,-461
209000028,543,747,-204
209000029,582,702,-120
209000030,577,1419,-842
209000031,2605,2215,390
209000034,191,149,42
209000035,128,142,-14
209000036,150,81,69
209000037,206,187,19
209000038,66,116,-50
209000039,35,101,-66
209000040,254,543,-289
209000041,155,465,-310
209000042,222,371,-149
209000043,741,765,-24
209000044,157,762,-605
209000045,1421,572,849
209000046,600,1122,-522
209000047,403,241,162
209000048,513,356,157
209000049,91,110,-19
209000050,171,123,48
209000051,240,216,24
209000052,149,244,-95
209000062,28,83,-55
209000063,43,57,-14
209000064,38,95,-57
209000065,95,38,57
209000066,51,39,12
209000067,60,40,20
209000080,47,282,-235
209000082,72,36,36
209000091,25,106,-81
209000093,51,20,31
209000094,164,190,-26
209000110,53,114,-61
209000111,407,1423,-1016
209000112,804,1148,-344
209000113,1387,1173,214
209000114,615,567,48
209000115,70,151,-81
209000116,454,419,35
209000118,37,47,-10
209000119,45,30,15
209000121,119,525,-406
209000135,91,146,-55
209000142,650,1299,-649
209000143,107,82,25
209000144,53,136,-83
209000229,269,333,-64
209000240,47,297,-250
209000259,59,87,-28
209000260,60,973,-913
209000261,4,685,-681
209000262,0,459,-459
209000263,0,169,-169
209000264,0,128,-128
209000265,1494,8,1486
209000266,696,9,687
209000267,1598,33,1565
209000268,573,86,487
210000037,49,23,26
210000047,70,33,37
210000048,102,22,80
210000049,50,11,39
210000052,47,79,-32
210000053,32,66,-34
210000054,39,89,-50
210000070,173,6,167
210000071,127,2,125
210000072,21,0,21
210000073,0,30,-30
210000074,0,103,-103
210000075,6,106,-100
210000076,25,129,-104
210000077,15,40,-25
210000078,35,38,-3
210000079,68,40,28
210000080,127,59,68
210000081,186,25,161
210000082,179,5,174
210000083,95,0,95
210000084,22,0,22
210000085,1,83,-82
210000086,5,127,-122
210000099,29,215,-186
210000100,51,154,-103
210000101,105,181,-76
210000105,37,174,-137
210000159,5,143,-138
210000163,155,189,-34
210000164,263,169,94
210000168,156,49,107
210000187,0,14,-14
210000188,0,20,-20
210000214,75,0,75
210000219,32,35,-3
210000220,63,41,22
210000232,7,12,-5
210000233,34,50,-16
210000234,21,113,-92
210000235,49,75,-26
210000245,3,32,-29
210000246,42,0,42
210000258,11,111,-100
210000259,358,72,286
210000282,101,254,-153
210000285,2,102,-100
210000286,16,181,-165
210000290,0,0,0
210000295,33,105,-72
210000296,35,41,-6
210000320,135,75,60
210000321,123,71,52
210000338,62,44,18
210000339,366,938,-572
210000340,120,333,-213
210000341,196,229,-33
210000342,219,185,34
210000343,165,131,34
210000344,180,86,94
210000345,172,173,-1
210000346,83,99,-16
210000347,58,32,26
210000348,85,26,59
210000349,42,24,18
210000350,81,60,21
210000351,105,104,1
210000352,59,77,-18
210000353,49,98,-49
210000354,58,95,-37
210000355,56,81,-25
210000356,24,43,-19
210000357,72,50,22
210000358,291,91,200
210000359,80,91,-11
210000360,140,107,33
210000361,196,126,70
210000362,253,187,66
210000363,792,247,545
210000364,169,124,45
210000365,97,91,6
210000366,124,64,60
210000367,66,27,39
210000368,150,26,124
210000369,24,31,-7
210000370,40,33,7
210000372,29,28,1
210000373,48,13,35
210000374,51,13,38
210000375,28,64,-36
210000376,99,129,-30
210000404,63,95,-32
210000439,11,41,-30
210000472,113,3,110
210000482,62,89,-27
210000564,453,277,176
210000567,0,3,-3
210000568,335,6,329
211000092,49,54,-5
211000094,50,5,45
211000169,150,24,126
211000172,10,198,-188
211000209,1,22,-21
211000226,1,3,-2
211000270,2,0,2
211000275,21,20,1
211000276,94,33,61
211000279,24,35,-11
211000281,69,31,38
211507980,3,54,-51
211977296,74,10,64
212000003,86,41,45
212000004,35,20,15
212000005,17,15,2
212000006,23,55,-32
212000008,153,126,27
212000009,18,103,-85
212000012,94,83,11
212000013,31,76,-45
212000014,257,173,84
212000015,245,276,-31
212000016,506,571,-65
212000027,534,496,38
212000028,315,426,-111
212000029,214,262,-48
212000030,74,25,49
212000031,85,51,34
212000048,85,204,-119
212000049,19,134,-115
212000050,36,15,21
212000051,173,208,-35
212000052,154,314,-160
212000053,375,626,-251
212000054,211,117,94
212000055,244,237,7
212000056,24,41,-17
212000057,22,33,-11
212000058,359,48,311
212000070,119,232,-113
212000077,117,663,-546
212000099,352,272,80
212000108,175,150,25
212000111,190,119,71
212000120,80,59,21
212000138,98,26,72
212000156,14,117,-103
212000158,16,16,0
212000159,407,81,326
212000160,588,283,305
212000161,40,8,32
212000310,35,13,22
212000311,16,57,-41
212000374,42,12,30
213000001,32,445,-413
213000005,512,147,365
213000006,1125,258,867
213000007,181,9,172
213000009,918,545,373
213000010,189,355,-166
213000011,175,141,34
213000012,137,423,-286
213000014,82,5,77
213000015,245,4,241
213000016,586,2,584
213000017,82,14,68
213000018,2,127,-125
213000019,4,128,-124
213000020,141,407,-266
213000021,9,98,-89
213000023,299,140,159
213000033,329,1703,-1374
213000034,849,341,508
213000035,160,207,-47
213000045,176,253,-77
213000046,261,216,45
213000047,754,1345,-591
213000056,248,51,197
213000069,136,13,123
213000073,2,49,-47
213000074,92,358,-266
213000075,566,27,539
213000085,8,53,-45
213000086,11,200,-189
213000091,177,21,156
213000092,62,21,41
213000099,149,1163,-1014
213000100,1081,194,887
213000101,381,117,264
213000102,401,320,81
213000103,805,885,-80
213000104,68,453,-385
213000105,6,150,-144
213000106,49,136,-87
213000107,113,635,-522
213000108,21,572,-551
213000109,9,273,-264
213000110,10,84,-74
213000111,14,66,-52
213000112,211,129,82
213000115,88,7,81
213000116,78,449,-371
213000117,12,765,-753
213000118,388,234,154
213000119,42,647,-605
213000120,142,524,-382
213000122,159,703,-544
213000123,440,1602,-1162
213000124,110,1650,-1540
213000125,118,21,97
213000126,96,213,-117
213000127,125,304,-179
213000128,456,1195,-739
213000129,344,489,-145
213000130,542,219,323
213000132,361,101,260
213000133,524,88,436
213000134,676,41,635
213000136,505,35,470
213000137,720,69,651
213000139,231,20,211
213000147,103,10,93
213000148,27,1,26
213000149,38,6,32
213000150,0,156,-156
213000151,4,112,-108
213000152,4,78,-74
213000153,5,110,-105
213000154,94,331,-237
213000155,61,263,-202
213000156,139,565,-426
213000157,615,446,169
213000158,370,1033,-663
213000159,677,540,137
213000163,825,117,708
213000165,905,279,626
213000171,3,100,-97
213000172,5,398,-393
213000173,10,301,-291
213000174,15,221,-206
213000175,22,172,-150
213000176,103,47,56
213000177,108,5,103
213000178,150,5,145
213000179,221,4,217
213000180,174,0,174
213000184,161,568,-407
213000188,340,101,239
213000189,323,51,272
213000190,1016,944,72
213000191,319,469,-150
213000192,253,441,-188
213000193,835,317,518
213000194,3,63,-60
213000195,18,384,-366
213000196,262,1332,-1070
213000197,395,586,-191
213000198,164,3,161
213000200,135,1127,-992
213000201,62,59,3
213000202,20,513,-493
213000203,3398,738,2660
213000204,540,116,424
213000205,381,138,243
213000206,488,80,408
213000207,274,25,249
213000208,110,5,105
213000209,206,5,201
213000210,539,7,532
213000211,9,23,-14
213000212,18,20,-2
213000213,14,70,-56
213000218,286,724,-438
213000219,588,35,553
213000220,466,16,450
213000223,195,170,25
213000224,109,47,62
213000225,100,10,90
213000226,114,23,91
213000227,715,174,541
213000228,473,61,412
213000229,318,25,293
213000230,346,14,332
213000232,55,694,-639
213000233,34,295,-261
213000234,6,50,-44
213000293,22,81,-59
213000294,122,22,100
213000295,25,83,-58
213000296,48,19,29
213000297,7,101,-94
213000298,51,87,-36
213000299,92,33,59
213000300,50,10,40
213000303,22,30,-8
213000304,8,22,-14
213000305,14,16,-2
213000306,81,37,44
213000307,176,78,98
213000308,119,199,-80
213000309,150,64,86
213000310,684,160,524
213000311,314,755,-441
213000315,78,103,-25
213000316,130,54,76
213000322,92,147,-55
213000323,106,51,55
213000324,87,101,-14
213000325,68,146,-78
213000326,76,56,20
213000327,85,100,-15
213000328,63,205,-142
213000329,140,69,71
213000340,135,625,-490
213000341,421,90,331
213000347,800,373,427
213000348,19,120,-101
213000349,85,11,74
213000350,360,1174,-814
213000366,78,392,-314
213000367,267,27,240
213000379,137,54,83
213000386,24,344,-320
213000406,112,374,-262
213000417,1158,530,628
213000425,187,44,143
213000426,138,58,80
213000427,70,282,-212
213000428,65,239,-174
213000429,33,4,29
213000430,115,983,-868
213000431,244,2,242
213000432,12,105,-93
213000433,16,159,-143
213000434,77,161,-84
213000435,154,78,76
213000436,32,81,-49
213000437,1,39,-38
213000438,161,131,30
213000439,50,13,37
213000440,19,354,-335
213000441,4,1,3
213000442,3,62,-59
213000443,707,366,341
213000444,31,70,-39
213000445,0,80,-80
213000446,1,178,-177
213000447,5,46,-41
213000448,7,130,-123
213000449,344,11,333
213000450,17,53,-36
213000451,287,107,180
213000452,24,31,-7
213000453,45,261,-216
213000455,695,45,650
213000456,4,351,-347
213000481,3,4,-1
213000484,29,4,25
213000489,496,74,422
213900002,1,107,-106
213900003,348,13,335
213900013,5,196,-191
213900015,1,14,-13
213900016,7,11,-4
213900020,14,149,-135
213900030,6,98,-92
213900032,339,208,131
213900033,134,42,92
213900034,506,85,421
213900035,225,536,-311
213900036,125,243,-118
213900037,26,325,-299
213900038,330,155,175
213900039,0,85,-85
213900041,0,199,-199
213900042,293,236,57
213900043,221,142,79
213900244,22,0,22
213900245,0,38,-38
218000003,25,19,6
218000004,58,37,21
218000005,240,34,206
218000006,64,44,20
218000007,26,11,15
218000012,170,160,10
218000013,108,129,-21
218000014,397,384,13
218000019,776,720,56
218000020,203,479,-276
218000021,44,49,-5
218000022,13,28,-15
218000023,7,24,-17
218000024,2,14,-12
218000025,4,21,-17
218000026,13,26,-13
218000027,1,13,-12
218000028,1,6,-5
218000029,9,4,5
218000030,14,29,-15
218000031,4,24,-20
218000032,9,22,-13
218000040,12,5,7
218000046,55,116,-61
218000047,11,158,-147
218000048,102,171,-69
218000049,160,144,16
218000050,395,332,63
218000051,80,306,-226
218000052,1,111,-110
218000053,3,16,-13
218000054,13,45,-32
218000055,3,22,-19
218000056,21,49,-28
218000057,1,40,-39
218000064,7,47,-40
218000065,57,50,7
218000066,9,63,-54
218000067,41,90,-49
218000068,115,103,12
218000069,218,158,60
218000070,216,236,-20
218000071,169,190,-21
218000072,315,201,114
218000078,658,1004,-346
218000079,90,102,-12
218000080,107,111,-4
218000081,446,315,131
218000082,60,168,-108
218000083,91,90,1
218000084,140,162,-22
218000085,163,439,-276
218000086,84,195,-111
218000087,205,209,-4
218000090,5,113,-108
218000091,698,437,261
218000092,73,139,-66
218000093,39,80,-41
218000094,350,501,-151
218000099,302,634,-332
218000100,243,249,-6
218000101,331,140,191
218000102,333,198,135
218000103,67,131,-64
218000104,67,50,17
218000105,18,16,2
218000106,13,11,2
218000107,63,87,-24
218000108,5,40,-35
218000112,79,35,44
218000117,75,61,14
218000134,621,718,-97
218000135,59,125,-66
218000136,323,116,207
218000137,307,134,173
218000138,40,115,-75
218000139,249,316,-67
218000140,593,274,319
218000141,133,90,43
218000142,261,195,66
218000143,138,239,-101
218000144,69,75,-6
218000145,344,329,15
218000146,107,255,-148
218000151,12,42,-30
218000152,181,77,104
218000153,11,8,3
218000154,31,3,28
218000155,13,0,13
218000156,46,18,28
218000157,19,14,5
218000158,9,4,5
218000159,4,8,-4
218000160,2,1,1
218000161,21,6,15
218000162,30,3,27
218000163,15,2,13
218000164,40,4,36
218000165,72,25,47
218000170,5,40,-35
218000171,70,17,53
218000172,24,20,4
218000173,117,18,99
218000174,22,17,5
218000176,228,44,184
218000177,386,253,133
218000178,127,216,-89
218000179,82,84,-2
218000180,103,41,62
218000181,202,49,153
218000187,11,29,-18
218000188,38,55,-17
218000189,32,103,-71
218000190,13,34,-21
218000191,178,67,111
218000192,215,291,-76
218000193,439,380,59
218000194,122,365,-243
218000195,141,81,60
218000196,375,381,-6
218000197,394,401,-7
218000198,17,144,-127
218000199,73,61,12
218000200,95,30,65
218000201,17,19,-2
218000202,88,208,-120
218000207,8,35,-27
218000208,41,48,-7
218000211,63,22,41
218000212,3,18,-15
218000213,102,108,-6
218000214,4,31,-27
218000215,57,76,-19
218000217,1,99,-98
218000218,256,94,162
218000219,78,31,47
218000220,104,337,-233
218000221,683,193,490
218000222,20,39,-19
218000223,49,450,-401
218000224,20,205,-185
218000225,127,25,102
218000226,164,110,54
218000230,1,4,-3
218000232,36,54,-18
218000239,186,21,165
218000240,35,4,31
218000241,94,11,83
218000242,130,5,125
218000243,152,8,144
218000244,64,0,64
218000245,198,1,197
218000246,3,1,2
218000247,8,0,8
218000248,0,19,-19
218000249,0,5,-5
218000250,3,1,2
218000251,2,19,-17
218000252,2,39,-37
218000253,4,39,-35
218000254,0,16,-16
218000255,4,26,-22
218000256,9,73,-64
218000267,487,941,-454
218000268,12,59,-47
218000269,20,8,12
218000270,23,17,6
218000271,12,26,-14
218000273,15,5,10
218000274,3,8,-5
218000275,24,48,-24
218000276,4,47,-43
218000278,9,23,-14
218000279,39,22,17
218000280,6,9,-3
218000281,24,14,10
218000282,421,322,99
218000284,64,6,58
218000301,120,143,-23
218000302,205,62,143
218000303,79,47,32
218000316,712,1057,-345
218000317,940,1101,-161
218000318,583,931,-348
218000319,952,1164,-212
218000320,804,680,124
218000338,111,44,67
218000345,77,42,35
218000346,24,129,-105
218000459,54,402,-348
218000490,55,59,-4
218000501,97,165,-68
218000502,35,74,-39
218000503,80,34,46
218000504,112,32,80
218000505,76,135,-59
218000506,50,238,-188
218000508,20,4,16
218000510,111,16,95
218000520,132,103,29
218000521,1,47,-46
218000522,2,148,-146
218000523,129,2,127
218000524,46,179,-133
218000525,239,62,177
218000526,33,168,-135
218000529,21,157,-136
218000530,12,9,3
218000531,24,31,-7
218000532,38,20,18
218000534,111,7,104
218000537,16,51,-35
218000538,217,241,-24
218000540,607,77,530
218000543,107,49,58
218000544,54,78,-24
218000545,44,53,-9
218000546,24,68,-44
218000547,114,151,-37
218000548,144,126,18
218000549,491,347,144
218000550,166,349,-183
218000551,123,764,-641
218000552,414,43,371
218000553,35,74,-39
218000554,23,27,-4
218000555,33,33,0
218000556,117,221,-104
218000557,264,89,175
218000558,82,0,82
218000559,0,48,-48
218000560,1,26,-25
218000561,32,0,32
218000562,30,185,-155
218000563,234,18,216
218000564,16,130,-114
218000565,216,25,191
218000566,602,26,576
218000567,3,78,-75
218000568,69,3,66
218000569,13,82,-69
218000570,127,10,117
218000571,31,99,-68
218000572,158,5,153
218000573,18,143,-125
218000574,163,33,130
218000575,101,0,101
218000576,3,72,-69
218000577,140,2,138
218000578,3,78,-75
218000579,163,19,144
218000581,5,71,-66
218000582,69,5,64
218000583,38,0,38
218000584,2,30,-28
218000585,36,8,28
218000586,5,65,-60
218000587,6,3,3
218000588,3,2,1
218000589,3,4,-1
218000590,7,2,5
218000591,8,9,-1
218000592,28,1,27
218000593,0,1,-1
218000594,0,1,-1
218000595,2,0,2
218000596,0,0,0
218000597,0,0,0
218000598,1,0,1
218000599,0,0,0
218000600,8,1,7
218000601,0,0,0
218000602,0,7,-7
218000603,0,4,-4
218000604,3,0,3
218000605,2,58,-56
218000606,86,0,86
218000607,17,45,-28
218000608,41,23,18
218000609,6,51,-45
218000610,51,6,45
218000611,31,5,26
218000612,0,27,-27
218000613,47,0,47
218000614,0,41,-41
218000615,180,5,175
218000616,2,127,-125
218000617,28,1,27
218000618,3,15,-12
218000619,39,38,1
218000620,11,35,-24
218000621,0,0,0
218000622,1,21,-20
218000623,129,0,129
218000624,2,30,-28
218000625,4,0,4
218000626,2,8,-6
218000628,119,38,81
218000631,32,16,16
218000632,12,101,-89
218000633,86,1,85
218000634,12,26,-14
218000635,25,17,8
218000636,745,1393,-648
218000637,828,486,342
218000638,178,27,151
218000639,28,201,-173
218000640,315,29,286
218000641,70,353,-283
218000652,70,74,-4
218000653,189,85,104
218000663,5,88,-83
218000675,103,45,58
218000676,2,26,-24
218000677,10,8,2
218000680,165,330,-165
218000681,287,71,216
218000691,124,214,-90
218000693,247,97,150
218000703,3,35,-32
218000718,526,913,-387
218000719,1035,425,610
218000720,18,212,-194
218000721,312,34,278
218000725,16,7,9
218001214,23,80,-57
218001329,46,71,-25
218001330,67,33,34
218001351,20,16,4
218001352,6,11,-5
218001353,11,6,5
218001354,1,13,-12
219000001,59,42,17
219000002,57,42,15
219000003,102,45,57
219000004,38,36,2
219000017,119,38,81
219000020,109,164,-55
219000022,102,18,84
219000023,526,5,521
219000029,0,85,-85
219000034,45,27,18
219000039,103,107,-4
219000040,53,82,-29
219000041,110,29,81
219000051,1,37,-36
219000052,1,23,-22
219000053,2,85,-83
219000054,608,286,322
219000055,120,2,118
219000056,15,1,14
219000057,51,0,51
219000062,14,72,-58
219000063,57,13,44
219000064,0,38,-38
219000110,737,58,679
219000111,153,35,118
219000112,140,57,83
219000113,124,142,-18
219000114,211,330,-119
219000116,73,62,11
219000117,126,45,81
219000118,349,45,304
219000123,232,70,162
219000124,100,43,57
219000125,8,9,-1
219000126,67,108,-41
219000127,0,9,-9
219000128,18,112,-94
219000129,17,105,-88
219000130,501,464,37
219000131,559,727,-168
219000133,95,45,50
219000134,6,25,-19
219000135,44,68,-24
219000136,83,211,-128
219000138,75,17,58
219000139,31,44,-13
219000140,42,0,42
219000141,17,100,-83
219000142,18,64,-46
219000143,11,82,-71
219000145,25,40,-15
219000146,5,24,-19
219000147,1,31,-30
219000148,4,28,-24
219000149,12,72,-60
219000150,4,62,-58
219000151,5,34,-29
219000157,215,174,41
219000158,384,282,102
219000161,159,7,152
219000163,1662,531,1131
219000166,282,237,45
219000167,160,196,-36
219000168,252,98,154
219000174,310,106,204
219000175,66,4,62
219000176,74,7,67
219000177,48,0,48
219000178,23,0,23
219000179,13,6,7
219000180,44,33,11
219000182,150,24,126
219000183,105,49,56
219000184,135,22,113
219000185,1,63,-62
219000186,75,26,49
219000187,66,77,-11
219000189,86,156,-70
219000190,96,244,-148
219000191,971,1333,-362
219000192,180,143,37
219000193,208,176,32
219000195,2,36,-34
219000196,10,130,-120
219000198,11,111,-100
219000199,52,169,-117
219000200,58,157,-99
219000201,60,301,-241
219000203,28,125,-97
219000204,155,168,-13
219000205,95,155,-60
219000207,97,261,-164
219000209,18,60,-42
219000210,48,73,-25
219000213,7,162,-155
219000239,227,221,6
219000240,245,402,-157
219000241,109,200,-91
219000242,82,111,-29
219000243,67,197,-130
219000244,23,113,-90
219000245,29,43,-14
219000246,53,23,30
219000247,98,40,58
219000248,553,394,159
219000249,155,147,8
219000250,111,169,-58
219000251,638,268,370
219000252,265,183,82
219000253,463,88,375
219000255,92,117,-25
219000256,179,78,101
219000257,102,0,102
219000262,85,149,-64
219000263,66,159,-93
219000267,3,82,-79
219000268,1,4,-3
219000269,4,0,4
219000270,9,0,9
219000271,95,3,92
219000278,3,7,-4
219000279,4,1,3
219000283,0,6,-6
219000295,11,90,-79
219000296,110,476,-366
219000297,16,127,-111
219000298,7,155,-148
219000299,380,96,284
219000300,16,182,-166
219000301,249,370,-121
219000302,29,286,-257
219000307,39,36,3
219000308,37,74,-37
219000311,223,64,159
219000312,695,145,550
219000313,297,57,240
219000314,51,399,-348
219000315,283,73,210
219000316,492,68,424
219000317,75,21,54
219000320,0,58,-58
219000321,0,38,-38
219000323,1,68,-67
219000325,1,21,-20
219000326,69,67,2
219000327,58,44,14
219000328,24,62,-38
219000329,437,115,322
219000330,62,28,34
219000331,66,36,30
219000332,93,90,3
219000333,7,10,-3
219000335,65,0,65
219000337,31,1,30
219000338,58,0,58
219000344,50,67,-17
219000345,39,98,-59
219000346,21,151,-130
219000348,110,110,0
219000349,51,152,-101
219000350,146,245,-99
219000351,7,7,0
219000352,599,180,419
219000353,88,73,15
219000354,196,93,103
219000355,149,62,87
219000356,1545,1171,374
219000363,297,60,237
219000364,85,37,48
219000365,133,16,117
219000366,244,267,-23
219000368,412,670,-258
219000370,1444,442,1002
219000371,11,19,-8
219000382,30,22,8
219000383,639,1175,-536
219000385,509,486,23
219000386,787,1474,-687
219000387,4,7,-3
219000390,45,1,44
219000391,1,1,0
219000397,57,75,-18
219000398,52,88,-36
219000401,7,78,-71
219000402,34,91,-57
219000403,177,293,-116
219000404,29,144,-115
219000407,0,61,-61
219000409,63,46,17
219000410,118,30,88
219000411,51,15,36
219000446,128,350,-222
219000447,12,29,-17
219000448,26,6,20
219000452,175,89,86
219000453,70,143,-73
219000454,245,309,-64
219000556,256,84,172
219000558,188,198,-10
219000590,28,159,-131
219000591,59,91,-32
219000592,155,333,-178
219000595,3,18,-15
219000635,270,41,229
219000636,20,63,-43
219000657,50,70,-20
219000658,32,115,-83
219000673,0,48,-48
219000676,144,18,126
219000679,35,18,17
219000684,85,2,83
219000685,2,88,-86
219000686,0,4,-4
219000688,0,49,-49
219000689,28,190,-162
219000690,179,16,163
219000691,36,155,-119
219000692,204,22,182
219000693,0,36,-36
219000694,23,0,23
219000695,21,4,17
219000698,19,0,19
219000699,0,20,-20
219000727,2,95,-93
219000728,164,2,162
219000770,38,2,36
219000771,1,37,-36
219001150,12,22,-10
219001151,1,5,-4
219001166,5,25,-20
219001167,2,92,-90
220000001,39,68,-29
220000002,5,90,-85
220000003,257,236,21
220000004,666,541,125
220000005,1485,1898,-413
220000006,260,890,-630
220000007,338,589,-251
220000008,309,897,-588
220000009,260,349,-89
220000010,267,104,163
220000011,583,3230,-2647
220000012,103,337,-234
220000014,127,73,54
220000015,63,125,-62
220000017,64,272,-208
220000018,4748,1763,2985
220000019,69,284,-215
220000020,322,308,14
220000021,653,168,485
220000022,606,387,219
220000023,379,153,226
220000024,1858,348,1510
220000025,1136,1044,92
220000026,196,317,-121
220000027,45,108,-63
220000028,43,37,6
220000029,49,131,-82
220000030,119,67,52
220000031,330,300,30
220000064,10,1235,-1225
221000046,10,0,10
221000047,0,5,-5
221000048,0,2,-2
221000049,0,4,-4
221000050,18,0,18
221000055,26,48,-22
221000057,43,7,36
221000068,302,135,167
221000069,305,65,240
221000070,182,20,162
221000071,66,8,58
221000072,162,12,150
221000073,205,33,172
221000074,0,18,-18
221000075,13,20,-7
221000076,12,46,-34
221000077,21,108,-87
221000081,54,8,46
221000082,66,13,53
221000083,14,3,11
221000084,2,3,-1
221000085,44,76,-32
221000086,12,112,-100
221000087,2,128,-126
221000088,9,170,-161
221000089,29,266,-237
221000090,129,465,-336
221000098,96,11,85
221000099,151,20,131
221000100,71,6,65
221000101,136,15,121
221000102,98,13,85
221000109,6,102,-96
221000110,17,85,-68
221000111,13,170,-157
221000112,7,134,-127
221000113,14,148,-134
221000114,10,139,-129
221000120,52,40,12
221000121,9,47,-38
221000122,20,36,-16
221000123,22,18,4
221000124,31,191,-160
221000155,94,10,84
221000156,22,21,1
221000175,0,3,-3
221000176,0,2,-2
221000182,39,3,36
221000241,530,295,235
221000242,159,402,-243
221000243,423,156,267
221000244,340,423,-83
221000245,57,101,-44
221000246,39,196,-157
221000247,51,102,-51
221000248,95,105,-10
221000267,55,590,-535
221000325,219,87,132
221000331,11,110,-99
221000338,16,18,-2
221000378,127,24,103
221000381,57,41,16
222000282,16,3,13
222000296,1,29,-28
222000568,248,20,228
222000569,168,37,131
222000570,141,39,102
222000571,226,42,184
222000577,11,171,-160
222000578,47,216,-169
222000579,28,167,-139
222000580,92,1092,-1000
222000599,0,161,-161
222000600,1,321,-320
222000601,12,997,-985
222000603,22,40,-18
222000604,5,27,-22
222000605,13,13,0
222000606,4,13,-9
222000607,4,6,-2
222000608,29,2,27
222000609,78,198,-120
222000616,288,39,249
222000617,8,20,-12
222000618,24,6,18
222000620,37,7,30
222000621,78,14,64
222000623,470,5,465
222000624,289,6,283
222000625,453,25,428
222000636,49,4,45
222000686,50,12,38
222000687,28,23,5
222001066,336,2,334
222001067,14,2,12
222001068,46,38,8
222001069,36,59,-23
222001082,9,33,-24
222001083,33,57,-24
222001084,1,24,-23
222001085,0,216,-216
222001111,46,151,-105
222001112,80,66,14
222001313,46,11,35
222001314,11,134,-123
222001464,71,54,17
222001465,18,100,-82
222001484,74,64,10
222001485,23,41,-18
222001494,483,121,362
222001495,231,261,-30
222001496,294,75,219
222001497,179,489,-310
222001502,31,133,-102
222001503,94,36,58
222001504,36,355,-319
222001505,262,27,235
222001506,45,467,-422
222001507,280,41,239
222001510,302,46,256
222001511,42,477,-435
222001514,647,260,387
222001515,271,651,-380
222001518,296,101,195
222001519,68,315,-247
222001527,201,59,142
222001528,57,154,-97
222001529,247,69,178
222001530,67,252,-185
222001533,351,345,6
222001534,327,49,278
222001535,179,193,-14
222001536,92,246,-154
222001537,223,77,146
222001538,63,572,-509
222001563,555,127,428
222001564,82,542,-460
222001568,563,126,437
222001576,5,2,3
222001579,2,7,-5
222001583,15,266,-251
222001584,91,8,83
222001596,1232,1132,100
222001597,3513,370,3143
222001626,0,202,-202
222001650,509,140,369
222001651,331,169,162
222001914,222,80,142
222001915,69,206,-137
222900004,364,225,139
222900009,418,708,-290
222900019,232,200,32
222900024,21,23,-2
222900025,10,22,-12
225000001,395,160,235
225000002,515,119,396
225000003,536,56,480
225000004,510,187,323
225000005,427,85,342
225000006,0,203,-203
225000007,1631,1152,479
225000010,260,6,254
225000011,369,735,-366
225000012,194,424,-230
225000013,96,91,5
225000014,874,75,799
225000015,56,127,-71
225000021,684,145,539
225000027,201,505,-304
225000032,556,119,437
225000042,55,590,-535
225000049,72,60,12
225000050,127,19,108
225000053,12,350,-338
225000058,425,119,306
225000067,315,397,-82
225000068,103,267,-164
225000069,172,379,-207
225000070,84,359,-275
225000071,27,192,-165
225000075,10,707,-697
225000076,30,103,-73
225000078,61,25,36
225000085,45,110,-65
225000086,257,68,189
225000087,178,14,164
225000088,11,201,-190
225000089,171,818,-647
225000090,67,427,-360
225000091,168,166,2
225000092,239,110,129
225000093,271,271,0
225000094,20,258,-238
225000095,275,379,-104
225000096,323,501,-178
225000098,589,318,271
225000099,210,178,32
225000100,246,136,110
225000104,95,261,-166
225000110,9,363,-354
225000111,193,908,-715
225000112,258,1020,-762
225000113,220,466,-246
225000114,61,209,-148
225000115,1183,579,604
225000116,936,112,824
225000117,622,221,401
225000118,811,189,622
225000119,216,63,153
225000120,727,29,698
225000121,194,21,173
225000123,392,15,377
225000125,289,176,113
225000126,648,151,497
225000127,588,776,-188
225000128,325,589,-264
225000132,297,58,239
225000133,227,44,183
225000134,589,139,450
225000135,79,12,67
225000136,227,8,219
225000137,227,49,178
225000138,273,67,206
225000143,62,398,-336
225000144,7,488,-481
225000145,91,93,-2
225000146,37,137,-100
225000147,29,214,-185
225000148,7,190,-183
225000149,70,491,-421
225000151,38,260,-222
225000155,334,388,-54
225000156,142,717,-575
225000157,210,303,-93
225000158,71,254,-183
225000171,8,178,-170
225000180,25,3,22
225000181,0,51,-51
225000182,70,7,63
225000185,9,291,-282
225000187,53,301,-248
225000191,155,7,148
225000194,0,4,-4
225000208,0,73,-73
225000209,70,28,42
225000210,4,292,-288
225000217,0,2,-2
225000218,10,3,7
225000223,1,36,-35
225000224,51,1,50
225000225,0,10,-10
225000226,47,0,47
225000227,20,65,-45
225000228,14,11,3
225000229,0,63,-63
225000230,60,0,60
225000231,0,50,-50
225000232,77,0,77
225000241,65,1,64
225000242,1,31,-30
225000249,4,0,4
225000250,68,790,-722
225000251,310,38,272
225000254,5,1,4
225000256,0,5,-5
225000257,0,30,-30
226000042,329,430,-101
226000043,69,271,-202
226000044,170,454,-284
226000045,62,289,-227
226000046,316,99,217
226000047,307,87,220
226000048,356,75,281
226000049,257,105,152
226000070,0,29,-29
226000071,0,58,-58
226000072,0,21,-21
226000073,0,6,-6
226000074,0,13,-13
226000084,0,75,-75
226000085,0,14,-14
226000086,2,18,-16
226000087,5,12,-7
226000088,71,60,11
226000090,297,86,211
226000091,14,60,-46
226000092,4,16,-12
226000093,22,2,20
226000094,9,4,5
226000095,18,3,15
226000105,11,0,11
226000106,12,0,12
226000107,9,0,9
226000108,33,1,32
226000109,82,0,82
226000124,120,61,59
226000134,569,432,137
226000135,1482,544,938
226000136,2522,462,2060
226000137,16,330,-314
226000138,14,207,-193
226000139,5,17,-12
226000156,129,3,126
226000157,199,7,192
226000163,140,146,-6
226000202,15,337,-322
226000231,296,14,282
226000232,85,1,84
227000033,213,55,158
227000036,287,32,255
227000037,249,55,194
227000038,235,30,205
227000084,3,83,-80
227000085,7,45,-38
227000088,38,7,31
227000089,120,3,117
227000090,49,3,46
227000091,18,0,18
227000092,20,0,20
227000093,200,1,199
227000094,14,0,14
227000130,22,56,-34
227000131,23,223,-200
227000132,11,180,-169
227000133,16,163,-147
227000134,15,321,-306
227000152,0,4,-4
227000153,0,47,-47
227000154,0,21,-21
227000155,0,15,-15
227000156,1,11,-10
227000165,5,31,-26
227000196,355,255,100
227000199,253,490,-237
227000230,32,355,-323
227000232,415,15,400
227000242,50,396,-346
227000243,404,92,312
227000245,18,316,-298
227000246,111,408,-297
227000247,270,76,194
227000248,86,19,67
227000249,24,143,-119
227000250,259,133,126
227000251,142,197,-55
227000252,32,264,-232
227000253,84,13,71
227000262,287,38,249
227000266,823,12,811
227000267,21,1466,-1445
227000282,9,144,-135
227000284,385,15,370
227000286,3,72,-69
227000291,13,477,-464
227000296,205,224,-19
227000484,198,17,181
227000485,21,733,-712
227000655,116,11,105
227000656,522,27,495
227000657,58,9,49
227000704,133,7,126
229000265,15,10,5
229000266,0,0,0
229000267,28,3,25
229000268,25,0,25
229000269,91,1,90
229000274,0,28,-28
229000275,0,20,-20
229000276,1,18,-17
229000277,1,3,-2
229000278,2,12,-10
229000295,13,25,-12
229000296,43,10,33
229000297,16,27,-11
229000298,3,146,-143
229000320,14,12,2
229000321,28,9,19
229000412,27,61,-34
229000414,7,60,-53
229000415,49,2,47
229000416,1,5,-4
229000417,3,18,-15
229000419,131,288,-157
229000440,476,65,411
229000442,23,15,8
229000443,5,4,1
229000444,7,32,-25
229000445,84,12,72
229000446,80,13,67
229000491,0,29,-29
229000492,3,98,-95
229000493,1,66,-65
229000494,35,2,33
229000495,119,9,110
229000496,59,1,58
229000507,0,60,-60
229000508,0,22,-22
229000509,0,70,-70
229000510,2,36,-34
229000511,2,53,-51
229000512,0,24,-24
229000513,0,5,-5
229000514,0,4,-4
229000517,3,6,-3
229000518,5,20,-15
229000519,5,11,-6
229000520,15,30,-15
229000521,41,17,24
229000522,9,5,4
229000523,9,7,2
229000524,1,6,-5
229000527,2,0,2
229000528,2,0,2
229000529,0,0,0
229000530,62,1,61
229000531,30,1,29
229000532,32,0,32
229000533,70,1,69
229000534,56,1,55
229000564,61,1,60
229000565,10,0,10
229000566,0,7,-7
229000567,1,48,-47
229000582,79,2,77
229000583,3,2,1
229000584,0,19,-19
229000585,6,58,-52
229000718,0,8,-8
229000719,0,2,-2
229000720,0,14,-14
229000721,0,8,-8
229000722,0,9,-9
229000723,0,7,-7
229000724,0,1,-1
229000725,0,4,-4
229000738,6,0,6
229000739,1,0,1
229000740,5,1,4
229000741,11,0,11
229000742,4,0,4
229000743,12,0,12
229000744,7,0,7
229000745,1,0,1
229000746,18,2,16
229000847,40,1,39
229000848,23,0,23
229000849,94,2,92
229000851,29,0,29
229000854,0,18,-18
229000856,2,68,-66
229000857,0,26,-26
229000858,1,82,-81
229000919,11,72,-61
229000930,0,246,-246
229000937,58,24,34
229000966,58,21,37
229000981,9,25,-16
229000985,6,28,-22
229000986,6,7,-1
229000987,0,3,-3
229000988,5,4,1
229000989,4,6,-2
229000990,2,3,-1
229000991,2,0,2
229000992,15,14,1
229000993,140,26,114
229000998,16,69,-53
229000999,67,46,21
229001034,0,30,-30
229001035,3,2,1
229001036,2,43,-41
229001037,52,2,50
229001038,0,3,-3
229001039,4,0,4
229001040,0,100,-100
229001041,44,0,44
229001042,9,31,-22
229001047,5,43,-38
229001050,25,7,18
229001168,0,23,-23
229001200,20,5,15
229001338,15,36,-21
229001394,144,5,139
229001422,96,15,81
229001423,47,137,-90
229001431,87,53,34
229001432,40,66,-26
229001444,166,58,108
229001445,35,203,-168
229001479,11,4,7
229001503,138,84,54
229001504,124,172,-48
229001505,89,13,76
229001506,64,148,-84
229001509,72,12,60
229001510,6,36,-30
229001545,55,0,55
229001546,20,88,-68
229001553,79,10,69
229001554,119,92,27
229001630,91,10,81
229001631,27,33,-6
229001635,3,9,-6
229001636,15,0,15
229001658,1,129,-128
229001659,22,10,12
229001660,6,0,6
229001661,7,23,-16
229001662,35,0,35
229001663,0,14,-14
229002584,213,198,15
229002831,166,140,26
229002841,8,30,-22
229002842,14,15,-1
229002843,107,13,94
229002844,43,76,-33
229002845,7,73,-66
229002846,49,33,16
229002847,2,9,-7
229002848,15,12,3
229002849,2,56,-54
229002850,26,3,23
229002851,40,128,-88
229002852,269,30,239
229002853,164,35,129
229002854,29,75,-46
229002855,9,20,-11
229002856,41,22,19
229002857,3,95,-92
229002858,9,13,-4
229002859,30,45,-15
229002860,284,29,255
229002861,65,17,48
229002862,43,27,16
229002863,16,15,1
229002864,30,40,-10
229002865,30,15,15
229002866,21,21,0
229002867,4,38,-34
229002868,19,30,-11
229002869,21,105,-84
229002870,27,6,21
235000066,474,53,421
235000067,109,74,35
235000072,27,79,-52
235000073,70,327,-257
235000074,56,99,-43
235000080,18,127,-109
235000081,145,157,-12
235000082,115,95,20
235000083,194,130,64
235000084,45,67,-22
235000085,127,80,47
235000089,78,28,50
235000092,36,133,-97
235000093,7,6,1
235000097,11,8,3
235000098,50,7,43
235000099,53,28,25
235000116,71,21,50
235000117,768,16,752
235000133,7,317,-310
235000134,9,145,-136
235000206,7,1,6
235000207,3,1,2
235000208,13,0,13
235000209,1,1,0
235000210,5,4,1
235000212,6,12,-6
235000213,0,9,-9
235000220,7,2,5
235000221,77,17,60
235000238,24,60,-36
235000239,1,25,-24
235000242,291,417,-126
235000245,645,181,464
235000246,12,46,-34
235000284,53,102,-49
235000295,209,13,196
235000305,254,14,240
235000306,186,12,174
235000307,18,3,15
235000308,37,1,36
235000309,46,0,46
235000310,52,0,52
235000311,165,7,158
235000322,0,45,-45
235000323,0,38,-38
235000324,2,48,-46
235000325,0,13,-13
235000326,6,191,-185
235000351,2,46,-44
235000352,14,32,-18
235000353,1,27,-26
235000354,7,30,-23
235000355,2,27,-25
235000356,162,23,139
235000357,25,21,4
235000358,112,10,102
235000359,21,2,19
235000360,31,22,9
235000361,50,45,5
235000381,54,130,-76
235000382,136,52,84
235000390,10,4,6
235000391,162,21,141
235000392,103,191,-88
235000393,95,93,2
235000395,80,28,52
235000396,434,70,364
235000400,186,55,131
235000401,24,150,-126
235000405,80,293,-213
235000406,42,299,-257
235000407,271,83,188
235000409,192,140,52
235000410,41,210,-169
235000411,3,75,-72
235000485,0,7,-7
235000486,9,1,8
235000549,113,125,-12
235000550,89,227,-138
235000599,78,32,46
235000600,8,8,0
235000601,28,33,-5
235000602,90,84,6
235000614,1,9,-8
235000648,0,15,-15
235000649,33,4,29
235000685,3,7,-4
235000815,11,30,-19
235000834,0,11,-11
235000855,57,77,-20
235000862,54,139,-85
235000891,0,9,-9
235000892,58,19,39
235000901,189,104,85
235000907,12,14,-2
235001010,65,117,-52
235001029,472,392,80
235001030,281,242,39
235001078,57,60,-3
235001079,53,76,-23
235001147,4,46,-42
235001166,14,83,-69
235001167,24,52,-28
235001169,17,285,-268
235001188,1,15,-14
235001189,6,0,6
235001197,6,6,0
235001200,28,48,-20
235001208,11,25,-14
235001209,9,61,-52
235001210,24,150,-126
235001239,3,32,-29
235001244,0,7,-7
235016267,0,62,-62
241900007,65,1,64
277101746,0,2,-2
277102712,1,0,1
277103813,0,0,0
277103814,0,0,0
277103898,0,4,-4
277104249,0,2,-2
277104250,0,4,-4
277104251,0,5,-5
277104252,0,0,0
990011530,0,222,-222
990014944,0,670,-670
990015176,23,8,15
990015618,0,130,-130
990016032,0,408,-408
990032570,3,278,-275
990070001,70,5,65
990070103,0,13,-13
990070601,0,70,-70
990070751,737,3,734
990070766,2,452,-450
990071180,475,176,299
990071343,50,4,46
990071387,0,12,-12
990071823,888,7,881
990072600,1,925,-924
990072964,1,572,-571
990073285,1,8,-7
990074393,4,1012,-1008
990074870,1286,9,1277
990075106,1807,14,1793
990075746,482,5,477
990076437,1077,15,1062
990076458,3,765,-762
997000007,543,7,536
997000041,0,262,-262
997000058,53,0,53
997000062,53,0,53
997000069,0,4,-4
997000070,1,23,-22
997000100,41,3,38
997000141,29,4254,-4225
997000198,26,1938,-1912
998000475,4,38,-34
998000736,1,154,-153
998000965,0,19,-19
998001031,0,69,-69
998001700,0,34,-34
998001899,0,2,-2
998001900,3,3,0
998003073,1994,8,1986
998101900,0,0,0
998102850,3,205,-202
998501927,1419,623,796
998501929,64,4,60
998501930,76,0,76
998501931,994,31,963
998501932,23,2,21
998501933,51,2,49
998501937,17,4,13
998501944,34,0,34
998501950,0,0,0
998501970,185,8,177
998501971,0,104,-104
998501972,253,5,248
998501973,0,80,-80
998501974,0,294,-294
998501975,151,5,146
998501976,71,5,66
998501977,0,17,-17
998501978,6,0,6
998501979,0,11,-11
998501980,83,4,79
998501981,29,8,21
998501982,0,112,-112
998502006,0,0,0
998502024,0,9,-9
998502032,0,6,-6
998502062,28,1,27
998502063,0,0,0
998502173,25,1,24
998502269,0,0,0
998601159,5,160,-155
998601292,0,28,-28
999033574,0,197,-197
999800001,56,5,51
999800002,0,4,-4
999800003,0,0,0
999800004,0,1,-1
999800005,0,8,-8
