ID,insum,outsum,diff
100000001,1037,1132,-95
100000002,5626,7175,-1549
100000003,5868,9116,-3248
100000004,403,2077,-1674
100000005,3762,7465,-3703
100000006,733,462,271
100000007,3913,1311,2602
100000008,119,863,-744
100000009,550,673,-123
100000010,36,152,-116
100000011,585,167,418
100000012,40,1102,-1062
100000013,23,182,-159
100000014,326,638,-312
100000015,1959,3116,-1157
100000016,569,2300,-1731
100000017,672,2153,-1481
100000018,1134,1306,-172
100000019,4556,3658,898
100000020,1690,8533,-6843
100000021,6814,2757,4057
100000022,1210,5573,-4363
100000023,5147,2474,2673
100000025,516,2781,-2265
100000028,541,2432,-1891
100000029,71,812,-741
100000030,73,55,18
100000031,2930,8980,-6050
100000032,2416,5581,-3165
100000033,1596,5097,-3501
100000034,197,1772,-1575
100000035,1038,2269,-1231
100000036,1081,2509,-1428
100000037,907,633,274
100000038,3215,1709,1506
100000039,370,461,-91
100000040,526,258,268
100000041,2002,792,1210
100000042,1430,580,850
100000043,977,612,365
100000044,278,1042,-764
100000045,436,994,-558
100000046,491,729,-238
100000047,269,379,-110
100000048,334,811,-477
100000049,1919,1316,603
100000051,481,628,-147
100000053,163,13,150
100000054,450,38,412
100000055,737,385,352
100000056,492,889,-397
100000057,2710,802,1908
100000058,876,1041,-165
100000059,54,332,-278
100000060,726,386,340
100000061,2821,618,2203
100000062,1900,899,1001
100000063,1445,452,993
100000064,1720,905,815
100000065,353,891,-538
100000066,235,642,-407
100000067,217,738,-521
100000068,466,1653,-1187
100000069,399,1347,-948
100000072,176,582,-406
100000073,1255,985,270
100000075,905,213,692
100000076,1667,7622,-5955
100000077,156,732,-576
100000078,22,49,-27
100000079,43,80,-37
100000080,11,64,-53
100000081,74,250,-176
100000102,3925,7749,-3824
100000103,1754,2771,-1017
100000104,4055,3557,498
100000105,1599,2870,-1271
100000106,1226,6183,-4957
100000107,151,2194,-2043
100000108,368,1238,-870
100000109,800,1808,-1008
100000116,512,867,-355
100000117,103,284,-181
100000118,584,1373,-789
100000119,914,1238,-324
100000121,314,785,-471
100000122,698,2462,-1764
100000123,1584,3822,-2238
100000124,2746,4328,-1582
100000125,7099,3268,3831
100000126,696,1533,-837
100000127,1293,886,407
100000128,954,4184,-3230
100000129,336,1021,-685
100000130,839,305,534
100000131,981,2566,-1585
100000132,1244,2568,-1324
100000133,2138,1537,601
100000135,1001,1926,-925
100000139,221,559,-338
100000140,167,376,-209
100000142,819,786,33
100000143,1004,407,597
100000144,2063,739,1324
100000147,1822,5042,-3220
100000150,128,734,-606
100000151,674,2830,-2156
100000153,167,915,-748
100000154,21,1000,-979
100000155,12,56,-44
100000156,280,395,-115
100000157,583,332,251
100000158,281,253,28
100000159,112,1433,-1321
100000165,719,786,-67
100000169,37,2014,-1977
100000174,277,1478,-1201
100000179,115,959,-844
100000180,670,3312,-2642
100000181,629,559,70
100000188,66,303,-237
100000189,1109,726,383
100000190,571,2432,-1861
100000191,869,1062,-193
100000192,20,201,-181
100000193,254,206,48
100000330,859,1375,-516
100000355,220,1142,-922
100000362,2583,1377,1206
100000363,8415,8755,-340
100000364,100,388,-288
100000365,7654,11694,-4040
100000366,2030,1588,442
100000367,6101,8545,-2444
100000368,2481,1068,1413
100000369,992,3658,-2666
100000370,222,1531,-1309
100000376,53,299,-246
100000379,1125,3591,-2466
100000380,4490,9737,-5247
100000384,6901,10033,-3132
100000385,1345,6025,-4680
100000386,2902,10963,-8061
100000387,3554,9652,-6098
100000388,2358,10185,-7827
100000389,4646,11852,-7206
100000390,3996,7768,-3772
100000391,3046,15284,-12238
100000392,1039,4185,-3146
100000393,887,8303,-7416
100000394,3219,8365,-5146
100000395,1662,6965,-5303
100000396,2123,3338,-1215
100000397,2376,9185,-6809
100000398,6987,5279,1708
100900002,27,12,15
100900003,749,354,395
100900004,25,1360,-1335
100900005,171,42,129
100900006,78,53,25
100900007,239,10,229
100900008,20,670,-650
100900009,74,120,-46
100900010,124,33,91
100900011,243,140,103
100900012,0,75,-75
100900013,1556,9,1547
100900014,7,7,0
100900015,68,181,-113
100900016,3,43,-40
100900017,1710,141,1569
100900018,1,11,-10
100900019,53,161,-108
100900020,464,9,455
100900021,617,6,611
100900022,29,42,-13
100900023,0,38,-38
100900024,508,5,503
100900025,7,7,0
100900026,267,89,178
100900027,651,4114,-3463
100900028,197,553,-356
100900029,89,5,84
100900030,2,411,-409
100900031,1089,91,998
100900032,679,3,676
100900033,197,649,-452
100900034,1593,2,1591
100900035,268,2,266
100900036,16,2,14
100900037,249,173,76
100900038,56,199,-143
100900039,319,306,13
100900040,1061,378,683
100900041,1573,333,1240
100900042,1037,3336,-2299
100900043,0,35,-35
100900044,1596,924,672
100900045,6,0,6
100900046,1840,24,1816
100900047,847,343,504
100900048,168,71,97
100900049,116,97,19
100900050,20,24,-4
100900051,55,256,-201
100900052,441,73,368
100900053,1032,37,995
100900054,11,53,-42
100900055,319,1580,-1261
100900056,62,134,-72
100900057,3428,1022,2406
100900058,190,250,-60
100900059,216,6,210
100900060,331,5,326
100900061,259,216,43
100900062,17,88,-71
100900063,521,1352,-831
100900064,983,41,942
100900065,123,262,-139
100900066,261,219,42
100900067,23,9,14
100900068,200,130,70
100900069,332,6,326
100900070,810,6,804
100900071,385,213,172
100900072,2,64,-62
100900073,316,298,18
100900074,6,35,-29
100900075,2237,335,1902
100900076,2,57,-55
100900077,91,28,63
100900078,116,332,-216
100900079,12,46,-34
100900080,148,88,60
100900081,62,216,-154
100900082,267,153,114
100900083,18,44,-26
100900085,10,760,-750
100900086,60,589,-529
100900088,367,185,182
100900089,3,27,-24
100900090,199,1236,-1037
100900091,12,11,1
100900092,158,198,-40
100900093,448,609,-161
100900094,323,193,130
100900095,25,60,-35
100900096,62,443,-381
100900097,0,3,-3
100900098,51,28,23
100900099,48,503,-455
100900100,32,754,-722
100900101,351,63,288
100900102,17,435,-418
100900103,15,62,-47
100900104,3,301,-298
100900105,50,950,-900
100900106,27,5,22
100900107,3172,1463,1709
100900108,8,137,-129
100900109,31,79,-48
100900110,2,24,-22
100900111,26,321,-295
100900112,4,17,-13
100900113,54,43,11
100900114,32,54,-22
100900115,38,21,17
100900116,1333,716,617
100900117,355,1831,-1476
100900118,15,29,-14
100900119,12,48,-36
100900120,52,4,48
100900121,608,579,29
100900122,66,119,-53
100900123,168,122,46
100900124,2,22,-20
100900125,13,106,-93
100900126,484,162,322
100900127,7,6,1
100900128,98,622,-524
100900129,2,520,-518
100900131,46,346,-300
100900133,111,48,63
100900134,10,4,6
100900135,2,1325,-1323
100900137,422,343,79
100900138,444,654,-210
100900139,8,39,-31
100900140,34,242,-208
100900141,3,1070,-1067
100900142,2,21,-19
100900143,492,901,-409
100900144,17,15,2
100900145,80,509,-429
100900146,18,132,-114
100900147,16,1398,-1382
100900148,81,257,-176
100900149,17,466,-449
100900150,9,62,-53
100900151,127,609,-482
100900152,260,1,259
100900153,3,312,-309
100900154,27,258,-231
100900155,16,13,3
100900156,28,4,24
100900157,40,1928,-1888
100900158,751,75,676
100900159,4,111,-107
100900160,54,32,22
100900161,25,11,14
100900162,23,889,-866
100900163,83,155,-72
100900164,193,56,137
100900165,35,40,-5
100900166,22,2,20
100900167,41,106,-65
100900168,38,356,-318
100900169,89,943,-854
100900170,14,10,4
100900171,68,542,-474
100900172,1,36,-35
100900173,24,144,-120
100900174,95,25,70
100900176,2569,316,2253
100900177,508,307,201
100900178,222,438,-216
100900179,560,538,22
100900180,5,4,1
100900181,58,93,-35
100900182,50,34,16
100900184,36,187,-151
100900186,813,343,470
100900187,27,62,-35
100900188,33,56,-23
100900189,3827,387,3440
100900191,679,1731,-1052
100900192,163,748,-585
100900195,156,349,-193
100900197,53,40,13
100900198,40,103,-63
100900199,10,7,3
100900200,1356,488,868
100900201,171,1308,-1137
100900202,86,0,86
100900203,1,105,-104
100900204,154,1398,-1244
100900205,223,879,-656
100900206,382,245,137
100900207,449,253,196
100900210,161,165,-4
100900211,727,264,463
100900213,357,82,275
100900214,511,176,335
100900215,42,40,2
100900217,132,248,-116
101000001,1958,2452,-494
101000002,8725,9744,-1019
101000003,409,1220,-811
101000004,7310,7295,15
101000005,5689,7318,-1629
101000006,6812,12238,-5426
101000007,3732,6797,-3065
101000008,1822,3650,-1828
101000009,3284,844,2440
101000010,1392,620,772
101000011,1447,401,1046
101000012,466,775,-309
101000013,766,1501,-735
101000014,368,588,-220
101000015,2456,1849,607
101000016,356,1176,-820
101000017,420,874,-454
101000018,1749,5612,-3863
101000020,1582,1002,580
101000021,621,1248,-627
101000022,141,472,-331
101000023,976,1573,-597
101000025,473,857,-384
101000026,291,22,269
101000027,2158,5629,-3471
101000028,1178,509,669
101000029,139,1741,-1602
101000030,997,213,784
101000031,203,1071,-868
101000032,2786,6114,-3328
101000033,1590,6309,-4719
101000034,1070,2977,-1907
101000035,712,502,210
101000036,894,2215,-1321
101000037,1306,4301,-2995
101000039,1902,4693,-2791
101000040,3109,7497,-4388
101000041,2445,8706,-6261
101000042,131,1197,-1066
101000043,3724,10280,-6556
101000045,327,1056,-729
101000046,1113,3101,-1988
101000047,1209,5989,-4780
101000048,714,479,235
101000049,975,3190,-2215
101000050,1012,2955,-1943
101000051,892,3612,-2720
101000052,1503,2569,-1066
101000053,602,1687,-1085
101000054,2241,1057,1184
101000055,1301,2399,-1098
101000056,29,252,-223
101000057,906,2977,-2071
101000058,831,2452,-1621
101000059,2503,3426,-923
101000060,1809,1758,51
101000061,535,2674,-2139
101000062,364,880,-516
101000063,309,2150,-1841
101000064,514,1141,-627
101000065,265,1128,-863
101000066,511,1674,-1163
101000067,449,960,-511
101000068,112,545,-433
101000069,156,70,86
101000070,642,972,-330
101000071,3043,1411,1632
101000072,904,3528,-2624
101000073,672,1750,-1078
101000074,2293,4841,-2548
101000075,1980,4421,-2441
101000077,2134,2532,-398
101000078,917,1483,-566
101000079,924,1278,-354
101000080,928,1246,-318
101000081,2238,1966,272
101000082,2371,2560,-189
101000083,4456,3017,1439
101000084,1239,777,462
101000085,1848,1434,414
101000086,1178,1471,-293
101000087,1055,1241,-186
101000088,2524,1699,825
101000089,1410,2360,-950
101000090,2018,1009,1009
101000091,770,768,2
101000092,2983,786,2197
101000093,1823,849,974
101000094,1500,1209,291
101000095,739,642,97
101000096,879,455,424
101000097,525,1124,-599
101000098,515,955,-440
101000099,724,1464,-740
101000100,1036,1514,-478
101000101,310,806,-496
101000102,599,1280,-681
101000103,586,1155,-569
101000104,572,1314,-742
101000105,222,796,-574
101000106,404,1702,-1298
101000107,394,753,-359
101000108,693,180,513
101000109,1060,176,884
101000110,44,210,-166
101000111,66,256,-190
101000113,173,1337,-1164
101000114,3280,11102,-7822
101000115,40,18,22
101000116,45,24,21
101000117,1273,226,1047
101000119,34,120,-86
101000120,100,172,-72
101000121,50,65,-15
101000122,113,129,-16
101000123,28,135,-107
101000124,645,605,40
101000125,121,224,-103
101000128,243,1404,-1161
101000130,208,290,-82
101000131,1882,379,1503
101000132,1307,892,415
101000135,15,32,-17
101000136,160,251,-91
101000137,23,700,-677
101000141,666,5055,-4389
101000147,1361,373,988
101000148,971,13,958
101000149,61,263,-202
101000150,177,351,-174
101000151,558,64,494
101000152,470,333,137
101000153,393,180,213
101000154,577,553,24
101000155,818,315,503
101000156,111,774,-663
101000157,97,93,4
101000160,20,32,-12
101000163,167,662,-495
101000164,383,128,255
101000165,505,617,-112
101000166,258,286,-28
101000168,1229,633,596
101000252,3466,1371,2095
101000254,49,78,-29
101000258,68,7,61
101000261,89,176,-87
101000262,1465,6339,-4874
101000263,396,1864,-1468
101000265,92,980,-888
101000266,444,658,-214
101000269,13,43,-30
101000290,495,3968,-3473
101000293,46,79,-33
101000294,770,777,-7
101000295,382,282,100
101000301,315,666,-351
101000304,2506,4185,-1679
101000305,2979,1378,1601
101900001,34,32,2
101900002,0,5,-5
101900003,35,258,-223
101900004,1,299,-298
101900005,1519,5220,-3701
101900006,2468,100,2368
101900007,1000,254,746
101900008,59,252,-193
101900009,45,467,-422
101900010,610,946,-336
101900011,102,1454,-1352
101900012,638,107,531
101900013,480,133,347
101900017,24,160,-136
101900018,751,399,352
101900019,63,191,-128
101900020,310,224,86
101900021,2,80,-78
101900022,313,555,-242
101900023,361,141,220
102000001,4468,8465,-3997
102000002,2970,2278,692
102000003,2875,9972,-7097
102000004,4263,3569,694
102000005,1519,4518,-2999
102000006,879,1868,-989
102000007,2545,6557,-4012
102000008,5344,1683,3661
102000009,8948,11581,-2633
102000010,4112,3336,776
102000011,5899,5940,-41
102000012,4093,3294,799
102000018,3984,4136,-152
102000019,2683,2591,92
102000026,478,604,-126
102000029,365,330,35
102000030,316,492,-176
102000031,132,153,-21
102000032,1000,579,421
102000033,642,367,275
102000034,679,566,113
102000035,1935,799,1136
102000036,36,305,-269
102000037,394,106,288
102000038,144,803,-659
102000039,106,405,-299
102000040,213,579,-366
102000041,46,1165,-1119
102000042,120,881,-761
102000043,83,701,-618
102000044,569,1573,-1004
102000045,726,1247,-521
102000046,1806,1193,613
102000047,1193,1031,162
102000048,889,1149,-260
102000049,1251,1757,-506
102000050,1443,1638,-195
102000051,312,1020,-708
102000052,1454,1848,-394
102000053,1178,2020,-842
102000054,1253,1346,-93
102000055,2035,279,1756
102000056,2240,326,1914
102000057,2101,702,1399
102000058,1506,848,658
102000059,1538,1642,-104
102000060,1230,1065,165
102000061,2629,1757,872
102000062,3024,1282,1742
102000063,1392,1455,-63
102000064,566,725,-159
102000065,79,200,-121
102000066,827,1074,-247
102000067,5312,4094,1218
102000068,13020,4422,8598
102000069,180,3575,-3395
102000070,2187,63,2124
102000071,8469,12594,-4125
102000072,3153,5462,-2309
102000073,924,1403,-479
102000074,900,2244,-1344
102000075,205,481,-276
102000076,416,237,179
102000077,1170,463,707
102000078,1943,276,1667
102000079,285,122,163
102000080,484,279,205
102000081,299,1236,-937
102000082,857,462,395
102000083,1216,237,979
102000084,912,310,602
102000085,3133,946,2187
102000086,2017,1036,981
102000087,950,1574,-624
102000088,424,448,-24
102000089,2030,503,1527
102000090,501,1488,-987
102000091,1703,789,914
102000092,377,730,-353
102000093,995,602,393
102000094,724,728,-4
102000095,1112,1262,-150
102000096,598,912,-314
102000097,1115,715,400
102000098,534,1131,-597
102000099,1050,1596,-546
102000100,295,2436,-2141
102000101,514,755,-241
102000102,1195,1547,-352
102000103,4753,521,4232
102000104,983,455,528
102000105,410,735,-325
102000106,1302,527,775
102000107,2920,385,2535
102000108,886,386,500
102000109,984,588,396
102000110,2279,729,1550
102000111,15,635,-620
102000112,164,235,-71
102000113,55,50,5
102000114,1118,395,723
102000115,430,547,-117
102000116,326,929,-603
102000117,118,1731,-1613
102000118,1119,2222,-1103
102000119,1349,2393,-1044
102000120,396,922,-526
102000121,1305,657,648
102000122,945,1549,-604
102000123,1428,1189,239
102000124,2039,2127,-88
102000125,638,923,-285
102000126,685,1208,-523
102000127,1486,809,677
102000128,1020,1403,-383
102000129,1905,657,1248
102000130,997,1283,-286
102000131,1369,1123,246
102000132,585,1502,-917
102000133,4186,1737,2449
102000134,1589,1019,570
102000135,1332,979,353
102000136,1974,760,1214
102000137,675,1740,-1065
102000138,380,406,-26
102000139,87,819,-732
102000140,146,1650,-1504
102000141,230,1388,-1158
102000142,584,407,177
102000143,516,361,155
102000144,711,287,424
102000145,700,394,306
102000146,615,500,115
102000147,803,500,303
102000148,573,750,-177
102000149,428,174,254
102000150,1110,115,995
102000151,174,159,15
102000152,368,188,180
102000153,1280,1032,248
102000154,209,544,-335
102000155,64,1053,-989
102000156,261,373,-112
102000157,51,1462,-1411
102000158,145,335,-190
102000159,2088,1467,621
102000161,2780,2907,-127
102000162,222,315,-93
102000163,133,492,-359
102000164,841,984,-143
102000165,266,278,-12
102000166,46,153,-107
102000167,297,352,-55
102000168,302,233,69
102000169,147,743,-596
102000170,814,293,521
102000171,145,336,-191
102000172,38,583,-545
102000173,578,421,157
102000174,170,83,87
102000175,102,100,2
102000176,80,31,49
102000178,292,365,-73
102000179,618,213,405
102000180,1535,342,1193
102000181,1301,329,972
102000182,918,483,435
102000183,3033,1316,1717
102000184,2891,770,2121
102000185,4343,1066,3277
102000186,2818,1374,1444
102000187,1639,1647,-8
102000188,1892,1579,313
102000189,2595,564,2031
102000190,835,3224,-2389
102000191,1381,495,886
102000192,3039,2273,766
102000193,154,151,3
102000194,110,234,-124
102000195,617,492,125
102000196,399,322,77
102000197,1319,268,1051
102000198,348,531,-183
102000199,1898,235,1663
102000200,426,647,-221
102000201,2052,459,1593
102000202,15,159,-144
102000203,706,183,523
102000204,987,721,266
102000205,1975,670,1305
102000206,1007,509,498
102000207,860,632,228
102000208,578,693,-115
102000209,101,116,-15
102000210,711,412,299
102000211,813,392,421
102000212,675,21,654
102000213,15,158,-143
102000214,816,11,805
102000215,14,220,-206
102000216,113,164,-51
102000217,18,51,-33
102000218,417,350,67
102000219,310,151,159
102000225,336,673,-337
102000226,343,552,-209
102000227,275,0,275
102000228,0,193,-193
102000229,77,64,13
102000230,496,371,125
102000231,565,415,150
102000232,86,301,-215
102000233,1124,546,578
102000234,122,1326,-1204
102000236,368,153,215
102000237,606,423,183
102000238,215,454,-239
102000240,515,1105,-590
102000241,364,174,190
102000243,11,33,-22
102000245,7,84,-77
102000246,12,77,-65
102000247,215,479,-264
102000248,313,1045,-732
102000249,288,105,183
102000250,87,198,-111
102000254,332,189,143
102000266,18,860,-842
102000271,45,0,45
102000286,549,423,126
102000297,2833,1972,861
102000301,0,0,0
102000303,0,0,0
102000305,0,0,0
102000307,0,4,-4
102000308,0,0,0
102900001,1607,801,806
102900002,510,80,430
102900003,156,167,-11
102900005,748,298,450
102900006,887,82,805
102900007,1012,27,985
102900008,479,36,443
102900009,538,848,-310
102900010,245,1560,-1315
102900011,1126,792,334
102900012,661,150,511
102900013,79,80,-1
102900015,883,743,140
102900016,200,73,127
102900017,567,264,303
102900018,93,73,20
102900019,736,654,82
102900020,355,31,324
102900021,153,48,105
102900022,261,122,139
102900023,17,110,-93
102900024,112,82,30
102900025,172,116,56
102900026,632,3022,-2390
102900027,130,116,14
102900028,327,1401,-1074
102900029,156,437,-281
102900030,578,461,117
102900031,462,167,295
102900032,229,107,122
102900033,207,238,-31
102900034,960,58,902
102900035,240,326,-86
102900036,656,283,373
102900037,378,275,103
102900038,674,319,355
102900039,16,900,-884
102900040,333,325,8
102900041,181,128,53
102900042,447,229,218
102900043,449,147,302
102900044,751,1448,-697
102900045,339,403,-64
102900046,315,141,174
102900047,231,761,-530
102900048,828,276,552
102900049,98,507,-409
102900050,217,428,-211
102900051,241,277,-36
102900052,61,185,-124
102900053,403,506,-103
102900054,445,2060,-1615
102900055,383,531,-148
102900056,121,411,-290
102900057,7,105,-98
102900058,776,103,673
102900059,62,69,-7
102900060,150,448,-298
102900061,315,374,-59
102900062,554,555,-1
102900063,2454,400,2054
102900064,171,671,-500
102900065,1001,342,659
102900066,503,17,486
102900068,92,168,-76
102900070,329,720,-391
102900072,24,44,-20
102900073,151,15,136
102900074,174,178,-4
102900075,24,157,-133
102900076,111,314,-203
102900077,59,35,24
102900078,52,58,-6
102900079,281,9,272
102900080,698,39,659
102900081,121,285,-164
102900082,59,360,-301
102900083,189,41,148
102900084,12,110,-98
102900085,351,156,195
102900086,20,176,-156
102900087,255,285,-30
102900088,56,62,-6
102900089,213,245,-32
102900090,1,330,-329
102900091,345,5,340
102900092,894,275,619
102900093,568,209,359
102900094,2,374,-372
102900095,176,2,174
102900096,141,18,123
102900097,18,71,-53
103000001,2327,2478,-151
103000002,2958,3341,-383
103000003,3722,3197,525
103000004,968,808,160
103000005,2151,4948,-2797
103000006,1520,1954,-434
103000007,561,587,-26
103000008,1253,1100,153
103000009,2735,1520,1215
103000010,201,139,62
103000011,1361,1309,52
103000012,1528,2471,-943
103000013,3013,2122,891
103000014,1503,4801,-3298
103000015,1834,927,907
103000016,693,2318,-1625
103000017,366,735,-369
103000018,756,310,446
103000019,569,728,-159
103000020,1660,1463,197
103000021,2301,2971,-670
103000022,844,1197,-353
103000023,1074,3153,-2079
103000024,93,149,-56
103000025,201,1334,-1133
103000026,556,93,463
103000027,300,765,-465
103000028,231,308,-77
103000029,130,356,-226
103000030,1874,2019,-145
103000031,957,3210,-2253
103000032,2423,1675,748
103000033,3502,3469,33
103000034,1114,1093,21
103000035,305,1755,-1450
103000036,307,444,-137
103000037,738,581,157
103000038,692,1483,-791
103000039,912,304,608
103000040,943,567,376
103000041,2589,1518,1071
103000042,2336,275,2061
103000043,1342,783,559
103000044,506,138,368
103000046,530,519,11
103000047,1096,305,791
103000048,423,185,238
103000049,160,140,20
103000050,990,263,727
103000051,869,505,364
103000052,942,288,654
103000053,345,490,-145
103000054,2715,1078,1637
103000055,2418,1806,612
103000056,937,935,2
103000057,1730,211,1519
103000058,908,573,335
103000059,1210,738,472
103000060,1029,314,715
103000061,808,902,-94
103000062,1320,358,962
103000063,1367,1159,208
103000064,172,102,70
103000065,8,248,-240
103000066,347,12,335
103000069,560,220,340
103000070,1226,706,520
103000071,2438,866,1572
103000072,187,522,-335
103000073,1372,168,1204
103000074,1337,174,1163
103000075,184,689,-505
103000076,584,1167,-583
103000077,42,354,-312
103000078,1091,2012,-921
103000079,648,1193,-545
103000080,793,576,217
103000081,381,1376,-995
103000082,736,253,483
103000083,149,556,-407
103000084,134,14,120
103000085,7,259,-252
103000086,531,899,-368
103000087,263,760,-497
103000088,254,433,-179
103000089,418,1015,-597
103000090,6472,1651,4821
103000091,2156,717,1439
103000092,538,312,226
103000093,441,785,-344
103000094,395,205,190
103000095,120,406,-286
103000096,811,80,731
103000097,133,877,-744
103000098,785,170,615
103000099,165,864,-699
103000100,259,409,-150
103000101,1886,143,1743
103000102,213,330,-117
103000103,1086,120,966
103000104,172,79,93
103000105,329,74,255
103000106,18,210,-192
103000107,259,141,118
103000108,2151,1252,899
103000109,997,777,220
103000110,1061,751,310
103000111,384,795,-411
103000112,371,621,-250
103000113,331,1599,-1268
103000114,1847,1549,298
103000115,1191,804,387
103000116,1032,461,571
103000117,813,561,252
103000118,443,427,16
103000119,1026,345,681
103000120,133,251,-118
103000121,92,248,-156
103000122,318,372,-54
103000125,90,88,2
103000126,1374,7,1367
103000127,16,107,-91
103000128,384,2,382
103000129,8,175,-167
103000130,146,103,43
103000131,165,174,-9
103000132,98,206,-108
103000133,59,110,-51
103000134,355,1460,-1105
103000135,785,253,532
103000136,678,805,-127
103000137,531,1054,-523
103000138,884,958,-74
103000139,4,106,-102
103000140,149,32,117
103000141,61,208,-147
103000142,92,187,-95
103000143,88,202,-114
103000144,211,254,-43
103000145,31,437,-406
103000150,111,41,70
103000152,237,346,-109
103000153,308,314,-6
103000156,54,135,-81
103000157,789,2,787
103000159,304,97,207
103000162,44,24,20
103000163,19,17,2
103000164,10,6,4
103000165,84,150,-66
103000166,399,602,-203
103000167,223,136,87
103000168,330,163,167
103000169,229,750,-521
103000170,1428,239,1189
103000171,55,157,-102
103000172,1197,138,1059
103000173,1279,193,1086
103000174,557,279,278
103000175,494,159,335
103000176,1269,1086,183
103000177,371,463,-92
103000178,118,294,-176
103000179,215,103,112
103000183,454,18,436
103000185,263,52,211
103000186,315,90,225
103000187,1572,157,1415
103000188,37,157,-120
103000189,1009,779,230
103000191,644,683,-39
103000292,549,3035,-2486
103000293,1096,4248,-3152
103000295,109,206,-97
103000296,206,8,198
103000297,8,272,-264
103000504,42,11,31
103000505,7,111,-104
103000506,2,118,-116
103000507,398,3,395
103000508,111,121,-10
103000509,259,604,-345
103900001,5,56,-51
103900002,850,142,708
103900003,1378,273,1105
103900004,235,0,235
103900005,1,86,-85
103900006,9,6,3
103900007,141,2,139
103900008,35,0,35
103900009,731,371,360
103900010,367,215,152
103900011,834,137,697
103900012,14,34,-20
103900013,83,32,51
103900014,145,23,122
103900015,186,11,175
103900016,278,106,172
103900017,103,94,9
103900018,399,157,242
103900019,97,641,-544
103900020,517,666,-149
103900021,166,79,87
103900022,1093,711,382
103900023,339,5,334
103900024,120,306,-186
103900025,18,24,-6
103900026,9,0,9
103900027,659,342,317
103900028,61,416,-355
103900029,1631,199,1432
103900030,580,252,328
103900031,97,1,96
103900032,207,148,59
103900033,127,38,89
103900034,95,42,53
103900035,111,73,38
103900036,74,53,21
103900037,184,103,81
103900038,133,324,-191
103900039,248,127,121
103900040,26,104,-78
103900041,122,81,41
103900042,210,86,124
103900043,468,86,382
103900044,64,952,-888
103900045,438,172,266
103900047,212,13,199
103900048,15,84,-69
103900049,156,2095,-1939
103900050,23,265,-242
103900051,2,84,-82
103900052,360,478,-118
103900053,547,183,364
103900054,364,223,141
103900055,704,228,476
103900056,80,41,39
103900057,198,66,132
103900058,606,221,385
103900059,0,65,-65
103900060,154,90,64
103900061,395,14,381
103900062,1035,315,720
103900063,1,0,1
103900064,308,4,304
103900065,443,415,28
103900066,452,124,328
103900067,514,16,498
103900068,6,0,6
103900069,142,19,123
103900070,192,239,-47
103900071,26,54,-28
103900072,45,84,-39
103900073,29,70,-41
103900074,124,21,103
103900075,650,72,578
103900076,1170,340,830
103900077,65,370,-305
103900078,521,69,452
103900079,210,285,-75
103900080,7,55,-48
103900081,16,47,-31
103900082,47,208,-161
103900083,1296,2591,-1295
103900084,104,317,-213
103900085,97,125,-28
103900086,1824,476,1348
103900087,60,121,-61
103900088,401,808,-407
103900089,59,133,-74
103900090,10,44,-34
103900091,892,166,726
103900092,884,846,38
103900093,114,310,-196
103900094,55,54,1
103900095,333,301,32
103900096,136,68,68
103900097,56,396,-340
103900098,514,132,382
103900099,386,49,337
103900100,529,123,406
103900101,181,1105,-924
103900102,5,29,-24
103900104,4,46,-42
103900105,35,111,-76
103900106,0,133,-133
103900107,314,60,254
103900108,91,169,-78
103900109,291,27,264
103900110,445,45,400
103900111,248,216,32
103900112,123,286,-163
103900113,141,390,-249
103900114,802,239,563
103900115,302,336,-34
103900116,1745,3468,-1723
103900117,90,33,57
103900119,38,156,-118
103900120,184,69,115
103900122,360,65,295
103900123,563,976,-413
103900124,56,185,-129
103900125,154,73,81
103900126,924,195,729
103900127,322,260,62
103900128,211,45,166
103900131,54,77,-23
103900133,1268,19,1249
103900134,2,24,-22
103900135,9,1,8
103900137,0,2,-2
103900138,466,70,396
103900139,218,5057,-4839
103900140,7,510,-503
103900141,313,58,255
103900142,616,117,499
103900143,210,2,208
103900144,0,16,-16
103900145,235,209,26
103900146,346,169,177
103900147,702,131,571
103900148,528,190,338
103900149,581,268,313
103900150,5294,8078,-2784
103900151,24,243,-219
103900152,1594,237,1357
103900153,8,16,-8
103900154,415,3618,-3203
103900155,108,108,0
103900156,190,51,139
103900157,158,62,96
103900158,278,31,247
103900159,447,21,426
103900160,99,33,66
103900161,87,205,-118
103900162,56,59,-3
103900163,8,406,-398
103900167,20,188,-168
103900168,181,73,108
103900169,42,158,-116
103900170,2,105,-103
103900171,15,43,-28
103900172,2,9,-7
103900173,34,28,6
103900174,650,52,598
103900175,43,178,-135
103900176,17,35,-18
103900177,44,17,27
103900178,121,22,99
103900179,117,43,74
103900180,13,23,-10
103900181,18,48,-30
103900182,15,44,-29
103900184,229,271,-42
103900185,77,1019,-942
103900187,13,182,-169
103900188,144,65,79
103900189,150,11,139
103900190,142,72,70
103900191,70,133,-63
103900192,52,160,-108
103900193,67,186,-119
103900194,93,118,-25
103900195,15,256,-241
103900196,93,111,-18
103900197,21,17,4
103900198,19,35,-16
103900199,183,72,111
103900200,384,68,316
103900201,106,170,-64
103900202,16,67,-51
103900203,64,58,6
103900204,5,27,-22
103900207,2,34,-32
103900208,221,6,215
103900209,7,93,-86
103900210,82,47,35
103900211,1015,177,838
103900212,362,213,149
103900213,52,363,-311
103900214,274,388,-114
103900215,187,421,-234
103900216,4,204,-200
103900217,308,88,220
103900218,3,359,-356
103900219,249,121,128
103900233,258,36,222
103900235,15,226,-211
103900236,9,14,-5
103900242,0,5,-5
103900243,9,1,8
103900244,226,144,82
103900245,162,74,88
103900246,41,61,-20
103900247,4,51,-47
103900248,4,81,-77
103900249,9,80,-71
103900250,49,46,3
103900251,8,66,-58
103900253,13,62,-49
103900254,5,37,-32
103900255,7,36,-29
103900256,27,37,-10
103900257,148,192,-44
103900258,30,11,19
103900259,41,15,26
103900261,14,4,10
103900262,49,4,45
103900263,56,93,-37
103900264,39,28,11
103900265,14,4,10
103900266,1,187,-186
103900267,6,63,-57
103900268,21,21,0
103900269,363,54,309
103900270,149,54,95
103900271,38,8,30
104000001,3604,2534,1070
104000002,2638,2042,596
104000003,2908,2779,129
104000004,2589,2947,-358
104000005,2677,2659,18
104000006,3725,2670,1055
104000007,4857,4247,610
104000008,173,232,-59
104000009,422,155,267
104000010,236,658,-422
104000011,355,252,103
104000012,155,191,-36
104000013,546,507,39
104000014,327,387,-60
104000015,584,241,343
104000016,440,260,180
104000018,1194,309,885
104000019,924,448,476
104000020,137,390,-253
104000021,356,361,-5
104000022,347,344,3
104000023,1434,610,824
104000024,361,309,52
104000026,93,241,-148
104000027,398,248,150
104000028,518,277,241
104000029,367,270,97
104000030,433,258,175
104000031,1862,430,1432
104000032,230,154,76
104000033,1033,659,374
104000034,397,188,209
104000035,1572,377,1195
104000036,1704,475,1229
104000037,293,144,149
104000038,829,383,446
104000039,267,141,126
104000040,155,598,-443
104000041,770,465,305
104000042,195,206,-11
104000043,261,225,36
104000044,288,427,-139
104000045,878,719,159
104000046,782,1113,-331
104000047,616,1263,-647
104000048,938,918,20
104000049,973,370,603
104000050,147,949,-802
104000051,349,649,-300
104000052,2949,2288,661
104000053,1385,548,837
104000054,828,240,588
104000055,3748,2735,1013
104000056,766,226,540
104000057,284,292,-8
104000058,1155,945,210
104000059,926,1018,-92
104000060,1540,1634,-94
104000061,1468,1051,417
104000062,595,149,446
104000064,740,403,337
104000065,354,892,-538
104000069,677,1943,-1266
104000070,84,736,-652
104000071,173,536,-363
104000072,711,253,458
104000075,273,316,-43
104000076,636,71,565
104000082,2998,4939,-1941
104000083,737,273,464
104000084,161,472,-311
104000085,651,466,185
104000086,445,563,-118
104000087,447,2433,-1986
104000090,1540,887,653
104000092,2252,1212,1040
104000094,1146,897,249
104000095,3934,1492,2442
104000096,2816,74,2742
104000097,3757,749,3008
104000098,5086,617,4469
104000100,3425,869,2556
104000101,1848,1412,436
104000106,53,896,-843
104000107,899,320,579
104000108,366,374,-8
104000109,464,229,235
104000110,744,1283,-539
104000111,2891,4362,-1471
104000112,822,571,251
104000116,2,608,-606
104000117,428,396,32
104000118,1582,195,1387
104000119,1409,370,1039
104000120,402,387,15
104000121,420,623,-203
104000122,1367,948,419
104000123,1209,628,581
104000124,532,1468,-936
104000125,2768,6752,-3984
104000126,752,862,-110
104000127,1515,1426,89
104000128,832,250,582
104000129,497,47,450
104000130,14,383,-369
104000131,308,286,22
104000132,377,389,-12
104000133,1859,990,869
104000134,1306,2053,-747
104000135,877,1989,-1112
104000136,958,4193,-3235
104000137,2826,558,2268
104000138,1370,545,825
104000139,3278,3134,144
104000141,1093,835,258
104000142,863,367,496
104000143,876,291,585
104000144,206,264,-58
104000145,533,309,224
104000146,229,594,-365
104000147,213,381,-168
104000148,585,277,308
104000149,210,173,37
104000150,1726,863,863
104000151,417,234,183
104000152,861,427,434
104000153,1150,938,212
104000154,849,358,491
104000155,762,874,-112
104000157,1554,1094,460
104000158,182,667,-485
104000159,1172,1185,-13
104000160,2712,3483,-771
104000161,344,252,92
104000162,95,202,-107
104000165,730,920,-190
104000167,995,2028,-1033
104000168,1033,10,1023
104000169,292,40,252
104000170,292,555,-263
104000248,492,567,-75
104000251,108,196,-88
104000272,0,0,0
104000273,0,0,0
104000274,0,0,0
104000275,0,0,0
104000279,736,617,119
104000290,103,382,-279
104000291,509,1440,-931
104000293,1621,1140,481
104000294,188,0,188
104000295,1016,875,141
104000296,763,664,99
104000297,991,2113,-1122
104000298,2068,946,1122
104000299,1142,1233,-91
104900001,173,241,-68
104900002,207,377,-170
104900003,70,276,-206
104900004,154,129,25
104900005,748,498,250
104900006,1060,130,930
104900007,573,294,279
104900009,217,184,33
104900010,122,44,78
104900011,21,42,-21
104900012,319,46,273
104900013,99,25,74
104900014,2187,440,1747
104900015,159,7,152
104900016,355,162,193
104900017,219,214,5
104900018,31,150,-119
104900019,343,7911,-7568
104900020,60,354,-294
104900021,0,56,-56
104900022,11,246,-235
104900023,0,39,-39
104900024,28,313,-285
104900025,130,217,-87
104900026,0,84,-84
104900027,1040,504,536
104900028,30,156,-126
104900029,30,40,-10
104900030,761,224,537
104900031,48,334,-286
104900032,88,59,29
104900033,425,300,125
104900034,578,241,337
104900035,743,293,450
104900036,499,68,431
104900037,284,271,13
104900038,260,1738,-1478
104900039,411,630,-219
104900040,869,108,761
104900041,584,207,377
104900042,285,435,-150
104900043,49,372,-323
104900044,1238,173,1065
104900045,664,110,554
104900046,878,101,777
104900047,790,143,647
104900048,613,148,465
104900049,106,53,53
104900050,536,63,473
104900051,498,72,426
104900052,239,5,234
104900053,828,122,706
104900054,333,26,307
104900055,354,4,350
104900056,244,41,203
104900057,55,0,55
104900058,550,1425,-875
104900059,156,111,45
104900060,2,521,-519
104900061,193,323,-130
104900063,0,384,-384
104900064,0,163,-163
104900065,1,461,-460
104900066,5,86,-81
104900067,9,381,-372
104900068,96,210,-114
104900070,218,275,-57
104900071,1,459,-458
104900072,92,228,-136
104900073,227,74,153
104900074,118,123,-5
104900075,155,20,135
104900076,209,179,30
104900077,663,493,170
104900078,341,203,138
104900079,157,1334,-1177
104900080,197,391,-194
104900082,19,278,-259
104900085,12,137,-125
104900087,519,10,509
104900089,562,0,562
104900090,1905,1074,831
104900091,655,652,3
104900093,278,389,-111
104900097,1565,4813,-3248
104900098,486,63,423
104900099,72,1130,-1058
104900100,450,261,189
104900102,66,119,-53
104900103,449,63,386
104900104,2089,2969,-880
104900106,320,105,215
104900107,131,148,-17
104900108,117,205,-88
104900109,128,168,-40
104900110,31,74,-43
104900111,780,121,659
104900112,556,284,272
104900113,1235,251,984
104900114,1062,356,706
104900115,1398,245,1153
104900116,867,79,788
104900118,45,60,-15
104900119,4,117,-113
104900120,14,754,-740
104900121,0,15,-15
104900122,32,45,-13
104900123,133,26,107
104900124,73,1,72
104900125,597,4,593
104900126,52,33,19
104900127,32,81,-49
104900128,149,90,59
104900129,1198,3578,-2380
105000001,3547,1571,1976
105000002,3282,2061,1221
105000003,3168,4543,-1375
105000004,1042,743,299
105000005,1952,1464,488
105000006,1727,2298,-571
105000007,2039,2794,-755
105000008,1161,5544,-4383
105000009,3816,4711,-895
105000010,3038,1254,1784
105000011,4753,4026,727
105000012,2608,2142,466
105000013,1515,1589,-74
105000014,3711,5033,-1322
105000015,10705,18278,-7573
105000016,1147,1360,-213
105000017,1509,859,650
105000018,1145,2752,-1607
105000019,1151,1456,-305
105000020,142,724,-582
105000021,264,258,6
105000022,202,261,-59
105000023,779,225,554
105000028,52,89,-37
105000029,768,2344,-1576
105000030,3178,2058,1120
105000033,1113,1214,-101
105000034,223,1642,-1419
105000037,820,236,584
105000038,1765,2134,-369
105000039,1537,1262,275
105000040,1319,2139,-820
105000041,360,1046,-686
105000042,2693,2453,240
105000043,1013,1930,-917
105000044,991,657,334
105000045,259,481,-222
105000046,1731,393,1338
105000047,759,490,269
105000048,1100,294,806
105000049,255,453,-198
105000050,1112,544,568
105000051,207,370,-163
105000052,1022,1222,-200
105000053,77,147,-70
105000054,597,1183,-586
105000055,1033,313,720
105000056,1940,1785,155
105000057,1562,722,840
105000058,1623,995,628
105000059,1236,665,571
105000060,530,566,-36
105000061,1603,700,903
105000062,662,507,155
105000063,451,355,96
105000064,3039,912,2127
105000065,480,511,-31
105000066,1438,1310,128
105000067,2385,1256,1129
105000068,406,863,-457
105000069,1701,3222,-1521
105000070,526,1675,-1149
105000071,364,1980,-1616
105000072,1322,5404,-4082
105000073,1546,1018,528
105000074,703,498,205
105000075,753,555,198
105000076,1074,833,241
105000077,2113,1086,1027
105000078,1286,1849,-563
105000079,1015,3235,-2220
105000080,2319,2296,23
105000081,1900,1421,479
105000082,873,2482,-1609
105000083,2697,4820,-2123
105000084,647,726,-79
105000085,3068,3138,-70
105000086,820,1018,-198
105000087,1550,1727,-177
105000088,1824,2413,-589
105000089,2196,1786,410
105000090,816,615,201
105000091,1156,2003,-847
105000092,685,1214,-529
105000093,383,589,-206
105000094,333,272,61
105000095,180,800,-620
105000096,1433,2230,-797
105000097,768,920,-152
105000098,1458,1153,305
105000099,759,918,-159
105000100,2657,1231,1426
105000101,2640,1582,1058
105000102,2255,1651,604
105000103,1514,2116,-602
105000104,3001,1187,1814
105000105,1356,1761,-405
105000106,1934,1157,777
105000107,2429,891,1538
105000108,2521,1345,1176
105000109,3008,1254,1754
105000110,1322,554,768
105000111,2028,514,1514
105000112,1639,834,805
105000113,828,857,-29
105000114,1877,1679,198
105000115,456,1913,-1457
105000116,1573,770,803
105000117,890,540,350
105000118,1230,488,742
105000119,724,491,233
105000120,2101,737,1364
105000121,1042,658,384
105000122,640,902,-262
105000123,854,816,38
105000124,2950,713,2237
105000125,1214,1090,124
105000126,3067,1436,1631
105000127,3660,1762,1898
105000128,948,1287,-339
105000129,1630,366,1264
105000130,220,4333,-4113
105000131,510,198,312
105000132,1848,992,856
105000133,683,796,-113
105000134,1726,682,1044
105000135,487,540,-53
105000136,186,192,-6
105000137,959,248,711
105000138,231,201,30
105000139,1230,614,616
105000140,846,450,396
105000141,607,386,221
105000142,411,463,-52
105000143,315,498,-183
105000144,321,496,-175
105000145,1077,295,782
105000146,430,682,-252
105000147,854,415,439
105000148,1036,852,184
105000149,3703,3727,-24
105000150,1755,1164,591
105000151,833,611,222
105000152,293,440,-147
105000153,878,890,-12
105000154,808,507,301
105000155,443,1137,-694
105000156,462,684,-222
105000157,761,1769,-1008
105000158,2607,1239,1368
105000159,361,1037,-676
105000160,4881,1173,3708
105000161,827,1469,-642
105000162,1110,3419,-2309
105000163,1234,1288,-54
105000164,200,467,-267
105000165,770,10634,-9864
105000166,5618,2004,3614
105000167,1331,3716,-2385
105000168,676,395,281
105000169,1100,120,980
105000170,511,1366,-855
105000171,1769,266,1503
105000172,261,22,239
105000173,516,30,486
105000174,150,48,102
105000175,192,98,94
105000176,882,106,776
105000177,619,307,312
105000178,483,403,80
105000179,1308,99,1209
105000180,456,124,332
105000181,339,204,135
105000182,88,53,35
105000183,2428,3203,-775
105000184,631,1168,-537
105000185,951,1483,-532
105000186,661,614,47
105000187,1211,413,798
105000188,253,359,-106
105000189,125,766,-641
105000190,341,396,-55
105000191,471,368,103
105000192,627,83,544
105000193,117,351,-234
105000194,968,160,808
105000195,524,1116,-592
105000196,104,304,-200
105000197,333,703,-370
105000198,527,279,248
105000199,140,601,-461
105000200,175,578,-403
105000201,123,85,38
105000203,12,108,-96
105000204,107,67,40
105000205,129,178,-49
105000207,198,132,66
105000208,226,785,-559
105000209,286,187,99
105000212,1546,581,965
105000213,126,309,-183
105000214,281,219,62
105000215,577,147,430
105000216,266,93,173
105000217,342,184,158
105000218,2636,1118,1518
105000221,282,265,17
105000222,369,258,111
105000223,481,200,281
105000226,198,168,30
105000227,133,139,-6
105000228,141,2759,-2618
105000229,253,865,-612
105000231,737,339,398
105000233,1119,812,307
105000234,518,756,-238
105000235,674,791,-117
105000237,1810,144,1666
105000243,116,137,-21
105000248,61,107,-46
105000262,692,648,44
105000269,228,207,21
105000270,753,39,714
105000271,0,169,-169
105000282,60,54,6
105000287,328,238,90
105000288,992,537,455
105000289,1097,2505,-1408
105000290,32,24,8
105000402,2674,5370,-2696
105000426,245,626,-381
105000438,1752,1427,325
105000446,7408,5113,2295
105000447,2752,1894,858
105000454,1183,307,876
105000455,237,129,108
105000474,154,1,153
105000477,950,755,195
105000478,3562,7624,-4062
105000479,210,203,7
105000480,6809,10031,-3222
105000481,5632,6312,-680
105000482,2700,4780,-2080
105000483,2499,4154,-1655
105000484,1546,2167,-621
105000485,1455,4031,-2576
105000486,1815,2585,-770
105000488,4474,2611,1863
105000489,1631,846,785
105000549,68,147,-79
105000550,401,1325,-924
105000551,55,83,-28
105000552,2058,1162,896
105900001,7,2431,-2424
105900002,1006,1426,-420
105900003,24,142,-118
105900004,240,103,137
105900005,18,255,-237
105900006,22,199,-177
105900007,119,84,35
105900008,136,327,-191
105900009,47,37,10
105900011,285,72,213
105900012,899,118,781
105900013,9,55,-46
105900014,9,78,-69
105900015,150,421,-271
105900016,1058,326,732
105900017,2135,35,2100
105900018,230,131,99
105900019,156,294,-138
105900020,55,111,-56
105900021,58,894,-836
105900022,340,141,199
105900023,19,205,-186
105900024,19,510,-491
105900025,334,16,318
105900026,249,24,225
105900027,15828,6937,8891
105900028,333,689,-356
105900029,2591,465,2126
105900030,293,390,-97
105900031,423,210,213
105900032,153,149,4
105900033,67,102,-35
105900034,498,208,290
105900035,426,171,255
105900036,261,105,156
105900037,161,47,114
105900038,291,262,29
105900039,187,64,123
105900040,142,104,38
105900041,282,95,187
105900042,113,172,-59
105900043,1114,139,975
105900044,4,394,-390
105900045,4,1532,-1528
105900046,5,276,-271
105900047,21,91,-70
105900048,124,458,-334
105900050,4140,9349,-5209
105900051,142,1195,-1053
105900052,1224,221,1003
105900053,2718,4629,-1911
105900054,240,342,-102
105900056,623,785,-162
105900057,13,185,-172
105900058,56,15,41
105900059,0,100,-100
106000001,2470,2631,-161
106000002,894,3780,-2886
106000003,3476,4581,-1105
106000004,1485,2293,-808
106000005,4886,5236,-350
106000006,4768,1922,2846
106000007,600,566,34
106000008,563,409,154
106000009,747,396,351
106000010,551,632,-81
106000011,2089,1442,647
106000012,1290,1008,282
106000013,2532,2171,361
106000014,2298,1198,1100
106000015,3054,1536,1518
106000016,1720,1511,209
106000017,666,963,-297
106000018,736,603,133
106000019,606,613,-7
106000020,596,323,273
106000021,392,489,-97
106000022,455,166,289
106000023,960,417,543
106000024,757,477,280
106000025,227,261,-34
106000026,73,171,-98
106000027,2656,2009,647
106000028,1059,284,775
106000029,882,679,203
106000030,289,847,-558
106000034,168,377,-209
106000035,1000,2325,-1325
106000036,212,465,-253
106000037,1457,1191,266
106000038,87,214,-127
106000039,59,194,-135
106000040,126,1024,-898
106000041,728,638,90
106000043,607,359,248
106000046,423,120,303
106000047,42,724,-682
106000049,1377,245,1132
106000050,263,360,-97
106000051,1226,789,437
106000052,152,287,-135
106000053,641,174,467
106000054,374,236,138
106000055,1309,755,554
106000056,314,257,57
106000057,688,314,374
106000058,234,152,82
106000059,646,399,247
106000060,293,386,-93
106000061,272,873,-601
106000062,317,359,-42
106000063,1339,921,418
106000064,36,280,-244
106000065,609,298,311
106000066,167,229,-62
106000067,643,129,514
106000068,117,452,-335
106000069,472,69,403
106000070,532,549,-17
106000071,1125,344,781
106000072,3151,1883,1268
106000073,1393,5207,-3814
106000074,1061,937,124
106000075,396,1360,-964
106000076,2030,1661,369
106000077,2796,978,1818
106000078,1818,676,1142
106000079,1198,656,542
106000080,1701,485,1216
106000081,1210,798,412
106000082,1924,610,1314
106000083,582,1253,-671
106000084,1113,632,481
106000085,1887,1612,275
106000086,733,800,-67
106000087,1093,421,672
106000088,538,882,-344
106000089,1403,275,1128
106000090,483,732,-249
106000091,261,439,-178
106000092,1329,321,1008
106000093,502,170,332
106000094,136,258,-122
106000095,1622,718,904
106000096,1455,551,904
106000097,1905,664,1241
106000098,1200,775,425
106000099,262,940,-678
106000100,1809,220,1589
106000101,1077,519,558
106000102,219,1181,-962
106000103,249,626,-377
106000104,1245,422,823
106000105,691,564,127
106000106,1155,315,840
106000107,200,153,47
106000108,491,148,343
106000109,359,169,190
106000110,512,183,329
106000111,248,175,73
106000112,452,902,-450
106000113,704,516,188
106000114,647,1082,-435
106000115,318,324,-6
106000116,514,263,251
106000117,1109,522,587
106000118,1945,1689,256
106000119,1134,653,481
106000120,1493,2048,-555
106000121,430,225,205
106000122,321,105,216
106000123,1112,104,1008
106000124,163,93,70
106000125,49,169,-120
106000126,594,44,550
106000127,1661,539,1122
106000128,1185,156,1029
106000129,694,376,318
106000130,1480,300,1180
106000131,144,803,-659
106000132,620,179,441
106000133,2217,1735,482
106000134,505,3437,-2932
106000135,160,748,-588
106000136,809,1602,-793
106000137,87,789,-702
106000138,2463,136,2327
106000139,65,42,23
106000140,73,49,24
106000141,232,65,167
106000142,197,59,138
106000143,35,46,-11
106000144,26,115,-89
106000145,565,145,420
106000146,679,203,476
106000147,412,357,55
106000148,525,576,-51
106000149,1005,344,661
106000150,1043,2347,-1304
106000151,3373,942,2431
106000152,1077,3190,-2113
106000153,88,2248,-2160
106000154,1278,211,1067
106000155,201,366,-165
106000156,2178,171,2007
106000157,1056,1714,-658
106000158,1616,1015,601
106000159,2665,2612,53
106000160,762,5121,-4359
106000161,1203,287,916
106000162,543,1745,-1202
106000163,517,260,257
106000164,1084,280,804
106000165,478,420,58
106000166,1467,284,1183
106000167,629,738,-109
106000168,1118,246,872
106000169,578,354,224
106000170,1656,294,1362
106000171,258,1035,-777
106000172,3400,1607,1793
106000173,1394,2713,-1319
106000174,1750,374,1376
106000175,321,610,-289
106000176,2861,1119,1742
106000177,1194,2142,-948
106000178,3670,1741,1929
106000179,777,1557,-780
106000180,918,662,256
106000181,1568,1673,-105
106000182,2640,733,1907
106000183,2513,470,2043
106000184,2429,695,1734
106000185,1845,1606,239
106000186,628,91,537
106000187,138,1146,-1008
106000188,2,2,0
106000189,14,61,-47
106000190,49,4,45
106000191,765,101,664
106000192,0,29,-29
106000193,545,240,305
106000194,157,585,-428
106000195,507,443,64
106000196,129,1028,-899
106000197,955,477,478
106000198,360,231,129
106000199,712,1241,-529
106000200,347,347,0
106000201,551,5649,-5098
106000202,2603,617,1986
106000203,56,149,-93
106000204,154,12,142
106000205,16,171,-155
106000206,136,32,104
106000207,16,430,-414
106000208,2289,296,1993
106000209,2530,725,1805
106000210,327,843,-516
106000211,204,1532,-1328
106000212,1276,691,585
106000213,231,1330,-1099
106000214,1406,580,826
106000215,447,434,13
106000216,656,379,277
106000217,267,378,-111
106000218,412,269,143
106000219,169,227,-58
106000220,626,226,400
106000221,534,96,438
106000222,177,61,116
106000223,652,143,509
106000224,409,102,307
106000225,119,223,-104
106000226,99,155,-56
106000228,130,120,10
106000229,97,553,-456
106000231,1524,106,1418
106000232,117,205,-88
106000233,651,95,556
106000234,55,287,-232
106000235,362,176,186
106000236,48,177,-129
106000237,1,24,-23
106000238,5,37,-32
106000239,3,140,-137
106000240,36,11,25
106000241,27,503,-476
106000242,316,39,277
106000249,88,39,49
106000250,142,646,-504
106000251,188,14,174
106000252,23,101,-78
106000253,104,99,5
106000254,151,63,88
106000255,56,241,-185
106000256,102,41,61
106000257,260,261,-1
106000258,125,61,64
106000259,1,95,-94
106000260,38,18,20
106000261,6,68,-62
106000262,151,18,133
106000263,43,58,-15
106000264,246,15,231
106000265,25,176,-151
106000266,155,19,136
106000267,8,126,-118
106000268,344,36,308
106000269,38,58,-20
106000270,107,321,-214
106000271,167,157,10
106000272,253,106,147
106000273,23,251,-228
106000274,169,37,132
106000275,294,265,29
106000276,103,48,55
106000277,128,302,-174
106000278,188,39,149
106000279,21,18,3
106000280,238,41,197
106000281,145,47,98
106000282,115,58,57
106000283,241,63,178
106000284,279,156,123
106000285,194,63,131
106000286,140,186,-46
106000287,204,108,96
106000288,113,124,-11
106000289,168,128,40
106000290,93,74,19
106000291,171,127,44
106000292,138,74,64
106000293,224,115,109
106000294,125,79,46
106000295,69,89,-20
106000296,29,95,-66
106000297,57,344,-287
106000298,79,111,-32
106000299,119,117,2
106000300,69,132,-63
106000301,70,151,-81
106000303,56,87,-31
106000304,70,21,49
106000305,119,44,75
106000306,88,46,42
106000307,184,30,154
106000308,58,128,-70
106000309,45,87,-42
106000310,496,253,243
106000311,599,161,438
106000312,197,98,99
106000313,485,186,299
106000318,48,541,-493
106000319,1839,404,1435
106000320,0,87,-87
106000321,186,223,-37
106000322,366,49,317
106000324,34,76,-42
106000325,2827,1228,1599
106000326,1427,1375,52
106000327,326,78,248
106000328,45,140,-95
106000329,104,278,-174
106000330,77,157,-80
106000428,92,189,-97
106000429,161,165,-4
106000430,408,955,-547
106000431,2986,473,2513
106000432,1058,2511,-1453
106000433,2853,1531,1322
106000434,4011,1556,2455
106000435,1116,2204,-1088
106000436,47,150,-103
106000437,453,111,342
106000438,469,368,101
106000439,67,633,-566
106000440,277,618,-341
106000441,6,0,6
106000442,227,17,210
106000443,389,195,194
106000450,1,99,-98
106000451,23,158,-135
106000454,6,95,-89
106000455,15,142,-127
106000456,91,59,32
106000457,65,387,-322
106000458,1606,56,1550
106000459,442,113,329
106000460,2577,37,2540
106000461,290,328,-38
106000462,2,59,-57
106000463,5,5,0
106000464,18,181,-163
106000465,1307,3,1304
106000466,24,229,-205
106000467,182,236,-54
106000468,186,144,42
106000469,81,1,80
106000470,335,2457,-2122
106000471,8,409,-401
106000472,185,20,165
106000473,48,10,38
106000474,325,374,-49
106000475,421,243,178
106000476,108,355,-247
106000477,42,25,17
106900001,1,49,-48
106900002,15,220,-205
106900003,168,1683,-1515
106900004,0,11,-11
106900006,0,8,-8
106900007,0,20,-20
106900008,865,71,794
106900009,526,170,356
106900010,373,238,135
106900012,1071,3608,-2537
106900013,814,277,537
106900014,74,1,73
106900015,18,1,17
106900016,600,29,571
106900017,8,0,8
106900018,10,0,10
106900019,185,0,185
106900020,2484,2905,-421
106900021,179,173,6
106900022,1559,4,1555
106900023,45,168,-123
106900024,947,83,864
106900025,67,654,-587
106900026,0,287,-287
106900027,1323,9,1314
107000001,3503,7363,-3860
107000002,1643,2827,-1184
107000003,9913,8503,1410
107000004,4349,2260,2089
107000005,10668,8261,2407
107000006,3683,1916,1767
107000007,7322,11816,-4494
107000008,5133,3885,1248
107000009,12569,10752,1817
107000010,6636,5125,1511
107000011,738,882,-144
107000012,2540,2100,440
107000013,123,24,99
107000014,115,99,16
107000015,589,347,242
107000016,1196,440,756
107000017,914,3990,-3076
107000018,16,3894,-3878
107000020,821,3912,-3091
107000021,1773,562,1211
107000022,1233,2502,-1269
107000023,2367,233,2134
107000024,790,1780,-990
107000025,249,369,-120
107000026,529,463,66
107000027,2213,1072,1141
107000028,1688,715,973
107000029,5244,4431,813
107000030,2587,1928,659
107000031,7149,3254,3895
107000032,482,688,-206
107000033,2825,4258,-1433
107000034,6152,1342,4810
107000035,619,267,352
107000036,601,1649,-1048
107000037,153,970,-817
107000038,282,203,79
107000039,1366,1220,146
107000040,499,356,143
107000041,1731,1234,497
107000042,718,2473,-1755
107000043,2142,1207,935
107000044,405,425,-20
107000045,120,371,-251
107000046,1274,537,737
107000047,594,878,-284
107000048,1072,354,718
107000049,634,753,-119
107000050,1376,712,664
107000051,241,391,-150
107000052,1400,1659,-259
107000053,477,445,32
107000054,43,177,-134
107000055,163,133,30
107000056,509,515,-6
107000057,1387,179,1208
107000058,2402,3234,-832
107000059,2265,2615,-350
107000060,6772,6633,139
107000061,4578,2432,2146
107000062,8174,3798,4376
107000063,4685,2939,1746
107000064,7687,4052,3635
107000065,3269,3114,155
107000066,2445,4266,-1821
107000067,1936,1969,-33
107000068,1289,1496,-207
107000069,1452,937,515
107000070,1605,55,1550
107000071,5503,101,5402
107000072,18,1453,-1435
107000073,1596,854,742
107000074,117,663,-546
107000075,3082,867,2215
107000076,542,900,-358
107000077,5378,1706,3672
107000078,1303,1955,-652
107000079,4056,1613,2443
107000080,799,1963,-1164
107000081,4158,742,3416
107000082,922,710,212
107000083,2335,984,1351
107000084,393,955,-562
107000085,3594,4106,-512
107000086,3421,2893,528
107000087,4503,2943,1560
107000088,3522,3446,76
107000089,2599,2807,-208
107000090,1759,906,853
107000091,2583,1269,1314
107000092,1390,845,545
107000093,2142,1228,914
107000094,1162,782,380
107000095,1395,682,713
107000096,603,541,62
107000097,528,299,229
107000098,207,471,-264
107000099,561,469,92
107000100,293,391,-98
107000101,182,318,-136
107000102,223,294,-71
107000103,384,255,129
107000104,178,213,-35
107000105,567,190,377
107000106,193,179,14
107000107,801,178,623
107000108,152,320,-168
107000109,1308,152,1156
107000110,45,181,-136
107000111,680,58,622
107000112,47,129,-82
107000113,1055,162,893
107000114,86,303,-217
107000115,1167,454,713
107000116,141,523,-382
107000117,171,1607,-1436
107000118,69,84,-15
107000119,1599,2119,-520
107000120,918,878,40
107000121,1442,756,686
107000122,1122,712,410
107000123,735,583,152
107000124,726,466,260
107000125,2075,438,1637
107000126,1903,301,1602
107000129,408,248,160
107000130,1028,342,686
107000131,480,375,105
107000132,801,360,441
107000133,590,349,241
107000134,479,3,476
107000135,3,477,-474
107000136,758,4,754
107000137,14,859,-845
107000138,240,45,195
107000139,24,1216,-1192
107000140,2568,113,2455
107000141,129,968,-839
107000142,963,168,795
107000143,105,680,-575
107000144,896,902,-6
107000145,199,392,-193
107000146,248,500,-252
107000147,5074,870,4204
107000150,558,5058,-4500
107000151,44,79,-35
107000152,929,3134,-2205
107000153,92,280,-188
107000154,26,486,-460
107000155,1597,17,1580
107000156,2256,19,2237
107000157,143,563,-420
107000158,1507,27,1480
107000159,50,538,-488
107000160,2461,262,2199
107000161,105,498,-393
107000162,510,1032,-522
107000163,303,1,302
107000164,1497,6,1491
107000165,2299,31,2268
107000166,90,372,-282
107000167,1439,351,1088
107000168,1331,775,556
107000169,511,519,-8
107000170,4815,1139,3676
107000171,876,971,-95
107000172,2032,2289,-257
107000173,557,603,-46
107000174,1570,8939,-7369
107000175,4192,1203,2989
107000176,0,7,-7
107000177,16,2,14
107000178,63,13,50
107000179,711,1112,-401
107000180,2931,369,2562
107000181,642,749,-107
107000182,3203,617,2586
107000183,297,467,-170
107000184,2169,511,1658
107000185,534,1105,-571
107000186,1988,415,1573
107000187,1439,1265,174
107000188,728,588,140
107000189,902,899,3
107000190,1073,712,361
107000191,1211,997,214
107000192,2502,625,1877
107000193,597,701,-104
107000194,865,627,238
107000197,1412,334,1078
107000198,420,493,-73
107000199,1490,784,706
107000200,763,916,-153
107000201,596,707,-111
107000202,476,586,-110
107000203,787,2033,-1246
107000204,877,2528,-1651
107000205,1372,768,604
107000206,831,2551,-1720
107000207,453,1051,-598
107000208,489,481,8
107000209,975,1698,-723
107000210,157,348,-191
107000211,3,77,-74
107000212,6,216,-210
107000213,15,76,-61
107000214,13,101,-88
107000215,809,231,578
107000216,874,467,407
107000217,293,157,136
107000219,127,410,-283
107000220,335,106,229
107000222,307,537,-230
107000224,1085,157,928
107000225,140,299,-159
107000226,1020,168,852
107000227,165,144,21
107000228,332,535,-203
107000229,83,153,-70
107000230,1257,483,774
107000231,582,2559,-1977
107000232,147,22,125
107000233,363,1541,-1178
107000234,6,100,-94
107000235,148,28,120
107000236,9,572,-563
107000237,84,0,84
107000238,61,1,60
107000239,2740,832,1908
107000240,218,483,-265
107000241,64,14,50
107000242,426,34,392
107000243,0,49,-49
107000244,10,99,-89
107000246,3,1018,-1015
107000249,2,1113,-1111
107000251,1,259,-258
107000252,1,632,-631
107000255,266,378,-112
107000257,2,429,-427
107000258,12,226,-214
107000259,8,252,-244
107000260,2730,20,2710
107000262,22,246,-224
107000263,742,10,732
107000266,14,18,-4
107000267,64,81,-17
107000268,106,94,12
107000269,89,11,78
107000270,353,112,241
107000271,17,0,17
107000272,203,0,203
107000273,8,343,-335
107000274,628,442,186
107000275,37,2221,-2184
107000280,1947,49,1898
107000281,52,393,-341
107000282,102,432,-330
107000290,20,58,-38
107000291,22,11,11
107000292,1,370,-369
107000293,18,34,-16
107000294,0,58,-58
107000295,78,21,57
107000296,1,17,-16
107000444,317,1,316
107000496,4,6,-2
107000497,1359,1242,117
107000500,670,389,281
107000501,147,188,-41
107000502,250,346,-96
107000505,224,742,-518
107000506,0,0,0
107000508,8,253,-245
107000509,197,1087,-890
107000510,83,62,21
107000514,57,702,-645
107000515,20,72,-52
107000516,772,497,275
107000518,2034,3733,-1699
107000519,1504,691,813
107000520,194,51,143
107900001,175,65,110
107900002,106,26,80
107900003,928,17,911
107900004,278,2,276
107900005,3063,14,3049
107900006,283,11,272
107900007,882,69,813
107900008,51,12,39
107900009,157,19,138
107900010,105,5,100
107900012,179,48,131
107900013,370,25,345
107900014,133,15,118
107900015,2285,30,2255
107900016,451,176,275
107900017,90,6,84
107900018,104,474,-370
107900019,32,23,9
107900020,29,35,-6
107900021,292,40,252
107900023,6,3,3
107900024,0,14,-14
107900025,347,181,166
107900026,107,41,66
107900027,22,119,-97
107900028,293,62,231
107900030,315,64,251
107900031,130,101,29
107900032,27,17,10
107900033,33,14,19
107900034,486,28,458
107900035,2262,102,2160
107900036,132,89,43
107900037,0,10,-10
107900038,68,491,-423
107900039,108,36,72
107900040,17,460,-443
107900041,5,4,1
107900043,84,197,-113
107900044,31,11,20
107900045,234,110,124
107900046,414,322,92
107900047,94,17,77
107900048,333,30,303
107900049,505,1738,-1233
107900050,62,258,-196
107900051,110,49,61
107900052,10,39,-29
107900053,162,96,66
107900055,793,409,384
107900056,176,145,31
107900057,17,0,17
107900058,42,529,-487
107900060,33,37,-4
107900061,5,27,-22
107900063,120,153,-33
107900064,321,525,-204
107900065,653,25,628
107900066,49,6,43
107900067,1,0,1
107900068,179,1321,-1142
107900069,31,3855,-3824
107900070,293,185,108
107900071,23,329,-306
107900072,295,116,179
107900073,232,89,143
107900074,241,482,-241
107900076,241,44,197
107900077,198,8,190
107900078,279,92,187
107900079,42,36,6
107900080,159,1173,-1014
107900081,130,67,63
107900082,3,9,-6
107900083,576,205,371
107900084,215,211,4
107900086,61,332,-271
107900087,226,188,38
107900088,228,51,177
107900089,312,879,-567
107900090,561,3788,-3227
107900091,168,104,64
107900092,1501,232,1269
107900093,147,64,83
107900095,1667,2459,-792
107900097,46,65,-19
107900098,151,282,-131
107900100,1351,2308,-957
107900101,502,92,410
107900102,133,17,116
107900103,82,126,-44
107900104,364,1,363
107900105,4,176,-172
107900106,12,459,-447
107900107,1340,551,789
107900108,174,77,97
107900109,2791,71,2720
107900110,192,39,153
107900111,8,265,-257
107900112,97,631,-534
107900113,440,83,357
107900114,433,78,355
107900115,2,9,-7
107900116,450,73,377
107900117,330,119,211
107900118,52,119,-67
107900119,166,455,-289
107900120,92,83,9
107900121,4,154,-150
107900122,1,131,-130
107900123,36,92,-56
107900124,13,69,-56
107900125,26,290,-264
107900126,52,97,-45
107900127,568,430,138
107900128,116,94,22
107900129,170,26,144
107900130,208,12,196
107900131,129,1158,-1029
107900132,69,256,-187
107900133,0,38,-38
107900134,66,249,-183
107900135,10,88,-78
107900136,21,51,-30
107900137,150,131,19
107900138,195,51,144
107900139,113,58,55
107900140,92,42,50
107900141,65,52,13
107900142,34,564,-530
107900143,39,34,5
107900144,0,88,-88
107900145,10,98,-88
107900146,69,156,-87
107900147,40,45,-5
107900148,262,92,170
107900149,566,131,435
107900150,46,297,-251
107900151,59,46,13
107900152,8,143,-135
107900153,79,483,-404
107900154,60,45,15
107900155,125,93,32
107900156,13,90,-77
107900157,67,51,16
107900158,1637,51,1586
107900159,23,374,-351
107900160,238,85,153
107900161,102,47,55
107900162,0,85,-85
107900163,43,117,-74
107900164,30,46,-16
107900165,52,342,-290
107900166,77,68,9
107900167,35,73,-38
107900168,90,29,61
107900169,3,435,-432
107900171,9,292,-283
107900172,0,148,-148
107900173,79,44,35
107900174,249,4,245
107900175,8,62,-54
107900176,59,9,50
107900177,3,164,-161
107900178,7,49,-42
107900179,35,95,-60
107900180,347,1626,-1279
107900181,370,271,99
107900182,3,357,-354
107900183,104,43,61
107900184,175,89,86
107900185,289,3,286
107900186,55,44,11
107900187,1,126,-125
107900188,497,146,351
107900189,37,100,-63
107900190,42,220,-178
107900191,92,76,16
107900193,1,78,-77
107900194,283,25,258
107900195,829,264,565
107900196,83,40,43
107900197,306,532,-226
107900199,0,510,-510
107900201,132,41,91
107900203,46,51,-5
107900204,192,177,15
107900205,272,398,-126
107900206,642,656,-14
107900207,33,205,-172
107900208,21,205,-184
107900209,188,165,23
107900210,25,58,-33
107900213,445,576,-131
107900214,14,51,-37
107900215,127,513,-386
107900216,53,45,8
107900217,54,111,-57
107900218,52,1414,-1362
107900219,54,27,27
107900220,85,241,-156
107900221,147,149,-2
107900223,189,205,-16
107900224,86,508,-422
107900225,18,371,-353
107900226,36,73,-37
107900227,112,231,-119
107900228,69,88,-19
107900229,149,102,47
107900230,45,31,14
107900231,57,70,-13
107900232,235,69,166
107900233,29,65,-36
107900234,174,137,37
107900235,34,88,-54
107900236,411,37,374
107900237,9,68,-59
107900238,70,33,37
107900239,322,630,-308
107900240,64,34,30
107900241,11,38,-27
107900242,62,80,-18
107900243,7,32,-25
107900244,545,7,538
107900245,1275,61,1214
107900246,380,20,360
107900248,679,129,550
107900249,1721,154,1567
107900250,2,230,-228
107900251,15,784,-769
107900252,1144,51,1093
107900253,393,20,373
107900254,57,269,-212
107900255,233,121,112
107900256,587,1539,-952
107900257,681,224,457
107900258,237,85,152
107900259,76,4290,-4214
107900261,7,193,-186
107900262,53,49,4
107900264,806,48,758
107900265,224,141,83
107900267,551,11,540
107900268,21,3,18
107900269,0,5,-5
107900270,2,1,1
107900271,8,46,-38
107900272,36,78,-42
107900273,156,115,41
107900274,321,1,320
107900275,67,2,65
107900276,1,44,-43
107900277,0,85,-85
107900278,619,130,489
107900279,58,123,-65
107900280,2907,1723,1184
107900281,742,7038,-6296
107900282,16,1142,-1126
107900283,755,1294,-539
107900284,918,257,661
107900285,248,33,215
107900286,68,79,-11
107900287,480,218,262
107900290,0,408,-408
107900291,754,43,711
107900292,132,85,47
107900293,127,155,-28
107900295,105,38,67
107900297,5,306,-301
107900298,621,302,319
107900299,1838,3603,-1765
107900300,170,490,-320
107900301,1128,1088,40
107900302,179,52,127
107900303,440,244,196
107900304,630,81,549
107900305,562,17,545
107900306,3,64,-61
107900307,28,234,-206
107900308,192,313,-121
107900309,74,0,74
107900310,110,3,107
107900311,2,973,-971
107900312,77,0,77
107900313,4,333,-329
107900314,0,122,-122
107900315,3,89,-86
107900316,39,1,38
107900317,135,8,127
107900318,12,217,-205
107900319,21,89,-68
107900320,0,82,-82
107900321,282,12,270
107900322,2,37,-35
107900323,13,100,-87
107900324,171,4,167
107900325,220,0,220
107900326,586,143,443
107900327,4,152,-148
107900328,36,1,35
107900329,126,279,-153
107900330,16,109,-93
107900331,712,37,675
107900332,695,15,680
107900333,107,35,72
107900334,27,41,-14
107900335,103,69,34
107900336,49,102,-53
107900337,526,1603,-1077
107900338,1,126,-125
107900339,2,10,-8
107900340,0,84,-84
107900341,82,0,82
107900342,157,84,73
107900343,94,5,89
107900344,16,109,-93
107900345,185,29,156
107900346,28,2,26
107900347,20,8,12
107900348,4,20,-16
107900349,47,23,24
107900350,10,178,-168
108000001,4966,4443,523
108000002,1973,1528,445
108000003,3574,4639,-1065
108000004,11203,11293,-90
108000005,8815,7201,1614
108000006,4726,4817,-91
108000007,6360,5798,562
108000008,3872,4151,-279
108000009,6507,6384,123
108000010,3015,3530,-515
108000011,15116,14160,956
108000012,10767,9944,823
108000014,665,1679,-1014
108000015,1132,197,935
108000016,453,798,-345
108000017,1580,454,1126
108000018,2600,946,1654
108000019,1376,1235,141
108000020,1513,549,964
108000021,357,1467,-1110
108000022,527,982,-455
108000023,2207,390,1817
108000024,451,266,185
108000025,638,182,456
108000026,1032,292,740
108000027,1236,159,1077
108000028,1055,235,820
108000029,1030,327,703
108000030,741,201,540
108000031,271,541,-270
108000032,2752,750,2002
108000033,925,613,312
108000034,2436,817,1619
108000035,790,1289,-499
108000036,457,846,-389
108000037,3145,468,2677
108000038,4770,763,4007
108000039,607,1196,-589
108000040,3006,1363,1643
108000041,615,1897,-1282
108000042,619,148,471
108000043,294,158,136
108000044,1083,100,983
108000045,434,178,256
108000046,2157,589,1568
108000047,530,711,-181
108000048,140,266,-126
108000049,1371,318,1053
108000050,89,398,-309
108000051,591,292,299
108000052,179,470,-291
108000053,560,415,145
108000054,476,1287,-811
108000055,1479,1045,434
108000056,585,1534,-949
108000057,901,1905,-1004
108000058,2250,5730,-3480
108000059,2233,1445,788
108000060,305,664,-359
108000061,150,197,-47
108000062,1600,868,732
108000063,673,382,291
108000064,450,253,197
108000065,709,410,299
108000066,1556,932,624
108000067,2894,1037,1857
108000068,1153,570,583
108000069,208,614,-406
108000070,2903,810,2093
108000071,643,1124,-481
108000072,2343,1011,1332
108000073,1014,1099,-85
108000074,1127,494,633
108000075,447,398,49
108000076,1351,698,653
108000077,566,479,87
108000078,3325,1183,2142
108000079,697,848,-151
108000080,2425,568,1857
108000081,676,730,-54
108000082,659,1381,-722
108000083,2529,1145,1384
108000084,571,781,-210
108000085,1758,802,956
108000086,517,423,94
108000087,244,3255,-3011
108000088,333,15,318
108000089,532,455,77
108000090,755,218,537
108000091,309,342,-33
108000092,260,68,192
108000093,320,313,7
108000094,1188,79,1109
108000095,274,222,52
108000096,542,187,355
108000097,251,255,-4
108000098,2898,1156,1742
108000099,374,97,277
108000100,113,319,-206
108000101,1846,2031,-185
108000102,1917,4482,-2565
108000106,1297,4,1293
108000107,1,1115,-1114
108000108,994,125,869
108000109,9,600,-591
108000110,586,355,231
108000111,302,541,-239
108000112,52,219,-167
108000113,399,148,251
108000115,356,345,11
108000117,564,638,-74
108000118,50,408,-358
108000119,470,344,126
108000120,250,1120,-870
108000121,287,359,-72
108000122,1006,439,567
108000123,1013,221,792
108000124,474,621,-147
108000125,961,173,788
108000126,347,305,42
108000127,919,249,670
108000128,1150,232,918
108000129,447,410,37
108000130,784,196,588
108000131,1031,612,419
108000132,860,1002,-142
108000133,1721,614,1107
108000134,625,382,243
108000135,1669,762,907
108000136,335,503,-168
108000137,823,203,620
108000138,756,517,239
108000139,882,269,613
108000140,427,29,398
108000141,53,41,12
108000142,70,44,26
108000143,69,15,54
108000144,157,15,142
108000145,69,12,57
108000146,271,37,234
108000147,55,17,38
108000148,152,22,130
108000149,41,10,31
108000150,86,20,66
108000151,15,18,-3
108000152,156,294,-138
108000153,1064,136,928
108000154,48,4,44
108000155,44,39,5
108000156,289,246,43
108000157,266,2243,-1977
108000158,127,1372,-1245
108000159,238,334,-96
108000160,1668,1536,132
108000161,1881,6406,-4525
108000165,11,491,-480
108000172,2,423,-421
108000173,719,3181,-2462
108000175,645,119,526
108000178,444,371,73
108000179,236,1331,-1095
108000181,104,42,62
108000182,135,24,111
108000183,9,17,-8
108000184,783,3933,-3150
108000185,523,250,273
108000186,438,62,376
108000187,193,193,0
108000188,1394,129,1265
108000189,513,2268,-1755
108000190,63,90,-27
108000192,436,198,238
108000193,611,40,571
108000194,24,29,-5
108000195,3,548,-545
108000196,239,150,89
108000198,767,93,674
108000199,2,462,-460
108000200,860,211,649
108000202,2,530,-528
108000203,284,236,48
108000204,263,135,128
108000205,142,186,-44
108000339,1031,546,485
108000364,75,345,-270
108000365,109,340,-231
108000367,217,211,6
108000368,13,70,-57
108000369,360,184,176
108000371,2,593,-591
108000372,1075,23,1052
108000373,247,77,170
108000376,226,48,178
108000377,850,166,684
108000378,10555,15887,-5332
108000379,52,216,-164
108000381,230,3,227
108000382,113,0,113
108000383,0,282,-282
108900001,31,335,-304
108900002,284,123,161
108900003,224,604,-380
108900004,80,744,-664
108900005,123,582,-459
108900006,1087,257,830
108900007,485,176,309
108900008,285,102,183
108900009,218,133,85
108900010,571,133,438
108900011,1303,352,951
108900012,639,346,293
108900013,251,259,-8
108900014,39,123,-84
108900015,2,310,-308
108900016,2,295,-293
108900017,331,678,-347
108900018,262,414,-152
108900019,64,557,-493
108900020,57,127,-70
108900021,184,184,0
108900022,175,18,157
108900023,16,130,-114
108900024,113,58,55
108900025,291,70,221
108900026,18,60,-42
108900027,0,31,-31
108900028,199,71,128
108900029,167,206,-39
108900030,0,19,-19
108900031,257,137,120
108900032,1,125,-124
108900033,2,88,-86
108900034,0,76,-76
108900035,386,345,41
108900036,137,238,-101
108900037,83,165,-82
108900038,1,115,-114
108900039,1,107,-106
108900040,19,54,-35
108900041,3676,4549,-873
108900042,13,433,-420
108900043,56,301,-245
108900044,1,128,-127
108900045,226,125,101
108900046,34,208,-174
108900047,0,128,-128
108900048,134,315,-181
108900049,1546,3250,-1704
108900050,2,65,-63
108900051,0,103,-103
108900052,43,95,-52
108900053,129,507,-378
108900054,102,133,-31
108900055,51,519,-468
108900056,19,80,-61
108900057,1,50,-49
108900058,58,117,-59
108900059,1080,81,999
108900060,194,321,-127
108900061,83,16,67
108900062,6,138,-132
108900063,19,102,-83
108900064,608,15,593
108900065,17,105,-88
108900066,838,175,663
108900067,19,132,-113
108900068,1,23,-22
108900069,203,23,180
108900070,43,43,0
108900071,201,83,118
108900072,1639,597,1042
108900073,14,81,-67
108900074,623,76,547
108900075,25,24,1
108900076,822,94,728
108900077,71,129,-58
108900078,96,58,38
108900079,280,189,91
108900080,24,1727,-1703
108900081,74,266,-192
108900082,187,23,164
108900083,20,437,-417
108900084,220,175,45
108900085,1311,186,1125
108900086,299,82,217
108900087,65,192,-127
108900088,1066,592,474
108900089,11,278,-267
108900090,137,93,44
108900091,117,42,75
108900092,881,437,444
108900093,179,153,26
108900094,363,143,220
108900095,41,180,-139
108900096,243,25,218
108900097,470,107,363
108900098,1360,1677,-317
108900099,719,94,625
108900100,136,130,6
108900101,264,531,-267
108900102,45,1931,-1886
108900103,141,234,-93
108900104,89,382,-293
108900105,12,2641,-2629
108900106,733,133,600
108900108,650,64,586
108900109,58,47,11
108900110,387,130,257
108900111,827,212,615
108900112,496,50,446
108900113,63,158,-95
108900114,3,13,-10
108900115,276,137,139
108900116,189,19,170
108900117,341,17,324
108900118,1045,42,1003
108900119,652,41,611
108900120,224,323,-99
108900121,403,188,215
108900122,370,31,339
108900123,317,210,107
108900124,1233,381,852
108900125,1068,2,1066
108900126,278,144,134
108900127,399,40,359
108900128,273,80,193
108900129,1653,268,1385
108900130,736,6,730
108900131,671,38,633
108900132,1033,100,933
108900133,515,80,435
108900134,1140,170,970
108900135,471,9,462
108900136,44,1,43
108900137,440,5,435
108900138,1575,146,1429
108900139,868,134,734
108900140,678,78,600
108900141,936,81,855
108900142,200,6,194
108900143,189,0,189
108900144,274,0,274
108900145,619,48,571
108900146,205,0,205
108900147,413,4,409
108900148,109,26,83
108900149,543,316,227
108900150,445,21,424
108900151,91,38,53
108900152,320,278,42
108900153,417,93,324
108900154,7125,497,6628
108900155,489,106,383
108900156,151,12,139
108900157,27,282,-255
108900158,805,63,742
108900159,13,105,-92
108900160,39,133,-94
108900161,13,189,-176
108900162,330,2,328
108900163,8,463,-455
108900164,83,41,42
108900165,72,115,-43
108900167,889,13061,-12172
108900168,3983,3452,531
108900169,128,157,-29
108900171,2995,4920,-1925
108900172,298,67,231
108900173,96,409,-313
108900174,1493,460,1033
108900176,201,369,-168
108900177,3363,11056,-7693
108900178,2907,6001,-3094
108900179,533,2759,-2226
108900180,113,462,-349
108900182,44,628,-584
108900183,171,181,-10
108900184,865,368,497
108900185,103,540,-437
108900186,164,361,-197
108900187,793,72,721
108900188,1172,105,1067
108900189,591,87,504
108900190,50,1588,-1538
108900191,231,63,168
108900192,146,177,-31
108900193,52,72,-20
108900194,12,467,-455
108900195,131,76,55
108900196,61,252,-191
108900198,19,196,-177
108900199,229,259,-30
108900200,885,439,446
108900201,593,1020,-427
108900203,801,205,596
108900204,644,25,619
108900205,441,65,376
108900206,634,104,530
108900207,247,338,-91
108900208,23,294,-271
108900209,225,365,-140
108900210,185,178,7
108900211,265,906,-641
108900212,196,2266,-2070
108900215,108,360,-252
108900216,285,471,-186
108900217,132,1,131
108900218,112,24,88
108900219,116,18,98
108900220,75,58,17
108900221,51,88,-37
108900222,485,19,466
108900223,13,94,-81
108900224,80,221,-141
108900225,0,225,-225
108900226,658,65,593
108900227,213,683,-470
108900230,115,216,-101
108900231,17,167,-150
108900232,3,111,-108
108900233,836,195,641
108900234,642,264,378
108900235,273,347,-74
108900236,38,398,-360
108900237,98,90,8
108900240,174,124,50
108900241,91,97,-6
108900245,9,2554,-2545
108900249,145,73,72
108900250,454,160,294
108900257,357,171,186
108900258,4,108,-104
108900259,49,46,3
108900260,10,21,-11
108900261,73,82,-9
108900262,70,148,-78
108900263,44,133,-89
108900264,197,268,-71
108900265,746,845,-99
108900266,233,1893,-1660
108900267,3,379,-376
108900268,12,20,-8
108900269,246,27,219
108900270,262,12,250
108900271,130,32,98
108900272,584,37,547
108900273,316,1307,-991
108900274,116,46,70
109000001,3725,2855,870
109000002,1073,2339,-1266
109000003,4260,464,3796
109000004,580,2092,-1512
109000005,3126,657,2469
109000006,857,1900,-1043
109000007,2655,819,1836
109000008,777,1529,-752
109000009,4293,1618,2675
109000010,969,2752,-1783
109000011,5523,3346,2177
109000012,2200,2629,-429
109000013,5706,5739,-33
109000014,2111,2716,-605
109000015,4640,12226,-7586
109000016,5303,2627,2676
109000017,3840,1496,2344
109000018,1388,1997,-609
109000019,3502,1643,1859
109000020,1104,1659,-555
109000023,377,25,352
109000024,8,165,-157
109000025,421,829,-408
109000026,597,359,238
109000027,129,453,-324
109000028,196,85,111
109000029,161,502,-341
109000030,49,350,-301
109000031,365,264,101
109000032,174,417,-243
109000033,606,288,318
109000034,100,70,30
109000035,19,80,-61
109000036,51,455,-404
109000037,514,3456,-2942
109000038,394,477,-83
109000039,1605,1601,4
109000040,3650,18049,-14399
109000041,1687,3352,-1665
109000042,606,2032,-1426
109000044,497,104,393
109000045,100,346,-246
109000046,785,121,664
109000047,84,490,-406
109000048,793,484,309
109000049,246,512,-266
109000050,500,377,123
109000051,265,149,116
109000052,796,434,362
109000053,551,153,398
109000054,243,363,-120
109000055,420,510,-90
109000056,513,384,129
109000057,1330,613,717
109000058,503,204,299
109000059,352,1512,-1160
109000060,236,465,-229
109000061,513,2634,-2121
109000062,262,520,-258
109000063,359,139,220
109000064,622,212,410
109000065,328,138,190
109000066,755,71,684
109000067,132,233,-101
109000068,1080,24,1056
109000069,995,34,961
109000070,168,1757,-1589
109000071,716,104,612
109000072,204,266,-62
109000073,84,164,-80
109000074,28,139,-111
109000075,85,273,-188
109000076,179,426,-247
109000077,319,176,143
109000078,162,172,-10
109000079,195,89,106
109000080,391,89,302
109000081,207,289,-82
109000082,1466,234,1232
109000083,391,392,-1
109000088,189,268,-79
109000089,491,132,359
109000090,181,364,-183
109000091,693,323,370
109000092,338,398,-60
109000093,503,332,171
109000094,1331,6,1325
109000095,171,357,-186
109000096,1335,301,1034
109000097,124,102,22
109000098,59,180,-121
109000099,1031,332,699
109000100,373,709,-336
109000101,2534,808,1726
109000102,716,733,-17
109000103,929,462,467
109000104,3513,517,2996
109000105,630,952,-322
109000106,2470,797,1673
109000107,820,1355,-535
109000108,3249,877,2372
109000109,736,991,-255
109000110,1908,751,1157
109000111,885,2155,-1270
109000112,461,142,319
109000113,315,161,154
109000114,287,345,-58
109000115,1309,59,1250
109000116,8,318,-310
109000117,370,34,336
109000118,30,278,-248
109000119,2639,126,2513
109000120,370,422,-52
109000121,956,24,932
109000122,289,321,-32
109000123,46,60,-14
109000124,1308,248,1060
109000125,1398,309,1089
109000126,671,426,245
109000127,1891,203,1688
109000128,864,724,140
109000129,4086,1052,3034
109000130,435,861,-426
109000131,1349,1107,242
109000132,634,1348,-714
109000133,395,579,-184
109000134,918,941,-23
109000135,744,1488,-744
109000136,353,229,124
109000137,431,433,-2
109000138,780,204,576
109000139,1054,362,692
109000140,342,179,163
109000141,914,395,519
109000142,253,691,-438
109000143,183,85,98
109000145,173,332,-159
109000146,67,128,-61
109000148,1971,2879,-908
109000149,44,114,-70
109000150,58,435,-377
109000155,1519,959,560
109000156,1215,488,727
109000158,147,270,-123
109000159,137,633,-496
109000160,1920,240,1680
109000161,687,839,-152
109000162,3028,487,2541
109000163,1989,1224,765
109000164,2029,2082,-53
109000165,1906,420,1486
109000166,1666,121,1545
109000167,233,375,-142
109000170,32,67,-35
109000171,161,83,78
109000172,25,53,-28
109000173,24,124,-100
109000174,225,42,183
109000175,73,81,-8
109000176,725,210,515
109000177,52,53,-1
109000178,778,74,704
109000179,3038,7959,-4921
109000180,4228,4750,-522
109000181,18,5,13
109000182,71,12,59
109000183,116,18,98
109000184,55,5,50
109000185,58,13,45
109000188,706,1023,-317
109000189,3406,721,2685
109000190,945,506,439
109000191,586,494,92
109000192,850,115,735
109000193,431,118,313
109000194,455,39,416
109000195,237,106,131
109000196,400,86,314
109000197,292,290,2
109000198,543,63,480
109000199,185,306,-121
109000206,347,62,285
109000207,307,51,256
109000208,251,193,58
109000209,198,106,92
109000210,192,505,-313
109000211,1406,464,942
109000214,573,217,356
109000215,177,61,116
109000216,406,416,-10
109000217,235,196,39
109000218,367,296,71
109000221,312,699,-387
109000222,1213,275,938
109000223,761,510,251
109000224,93,52,41
109000225,188,28,160
109000226,121,153,-32
109000227,2560,440,2120
109000228,7,2558,-2551
109000231,0,113,-113
109000232,927,147,780
109000236,442,480,-38
109000241,2567,1408,1159
109000242,1855,689,1166
109000293,20,94,-74
109000361,124,179,-55
109000364,124,316,-192
109000396,3,303,-300
109000397,1087,17,1070
109000399,187,350,-163
109000400,203,172,31
109000403,39,1502,-1463
109000406,538,5,533
109000407,418,155,263
109000408,3,332,-329
109000410,1246,254,992
109000411,333,53,280
109900001,217,0,217
109900002,1281,30,1251
109900003,523,1,522
109900004,470,124,346
109900005,40,3,37
109900006,753,304,449
109900007,2045,222,1823
109900008,0,31,-31
109900009,272,259,13
109900010,943,32,911
109900011,95,76,19
109900012,468,347,121
109900013,568,272,296
109900014,580,61,519
109900015,319,171,148
109900016,220,31,189
109900017,330,335,-5
109900018,334,29,305
109900019,396,70,326
109900020,104,61,43
109900021,69,18,51
109900022,144,301,-157
109900023,59,5,54
109900024,33,1,32
109900025,16,35,-19
109900026,7,204,-197
109900027,65,53,12
109900028,433,2192,-1759
109900029,10,188,-178
109900030,86,9,77
109900031,0,558,-558
109900032,3,274,-271
109900033,9,389,-380
109900034,85,4,81
109900035,35,42,-7
109900036,68,47,21
109900037,16,394,-378
109900038,139,247,-108
109900039,15,0,15
109900040,44,370,-326
109900041,81,238,-157
109900042,25,805,-780
109900044,124,183,-59
109900045,152,151,1
109900046,34,53,-19
109900047,250,275,-25
109900048,6,85,-79
109900049,28,26,2
109900050,1,62,-61
109900051,1,18,-17
109900052,104,221,-117
109900053,2,103,-101
109900054,1433,311,1122
109900055,119,147,-28
109900056,44,447,-403
109900057,5,105,-100
109900058,1,60,-59
109900059,1629,184,1445
109900060,1062,100,962
109900061,61,187,-126
109900062,0,72,-72
109900063,14,357,-343
109900064,988,229,759
109900065,146,92,54
109900066,352,436,-84
109900067,0,114,-114
109900068,125,17,108
109900069,10,17,-7
109900070,56,191,-135
109900071,39,22,17
109900072,24,139,-115
109900073,896,138,758
109900074,31,16,15
109900075,66,42,24
109900076,11,54,-43
109900077,41,23,18
109900078,106,177,-71
109900080,130,200,-70
109900081,20,280,-260
109900082,75,189,-114
109900083,33,63,-30
109900084,67,113,-46
109900085,150,344,-194
109900086,225,1000,-775
109900087,129,589,-460
109900089,1102,251,851
109900090,331,698,-367
109900091,745,92,653
109900092,324,53,271
109900093,1671,211,1460
109900094,153,102,51
109900095,54,266,-212
109900096,215,12,203
109900097,185,7,178
109900098,881,53,828
109900099,607,4,603
109900100,92,0,92
109900101,1160,30,1130
109900102,775,27,748
109900103,54,35,19
109900104,1425,172,1253
109900105,878,43,835
109900106,517,44,473
109900107,799,64,735
109900108,260,272,-12
109900109,79,349,-270
109900110,130,204,-74
109900111,213,403,-190
109900112,164,194,-30
109900113,1212,951,261
109900114,1066,1776,-710
109900115,347,112,235
109900117,1896,127,1769
109900118,198,261,-63
109900119,331,412,-81
109900120,124,19,105
109900121,364,601,-237
109900122,1009,13,996
109900123,40,93,-53
109900124,135,217,-82
109900125,1,258,-257
109900126,556,23,533
109900128,635,35,600
109900130,3629,4036,-407
109900131,26,138,-112
109900132,36,202,-166
109900133,209,169,40
109900134,53,121,-68
109900135,284,52,232
109900136,47,109,-62
109900137,334,160,174
109900138,680,222,458
109900140,435,80,355
109900142,2379,308,2071
109900145,2,795,-793
109900146,295,53,242
109900148,44,112,-68
109900149,52,63,-11
109900150,30,43,-13
109900151,10,26,-16
109900152,0,45,-45
109900153,1,55,-54
109900154,49,0,49
109900155,130,32,98
109900157,133,166,-33
109900158,61,183,-122
109900159,237,74,163
109900160,221,49,172
109900161,409,108,301
109900162,467,225,242
109900163,400,418,-18
109900164,82,327,-245
109900165,604,4,600
109900166,2,106,-104
109900167,305,249,56
109900168,406,474,-68
109900169,287,139,148
109900170,326,1936,-1610
109900171,440,93,347
109900172,475,503,-28
109900173,1518,4012,-2494
109900174,99,156,-57
109900175,151,112,39
109900176,188,229,-41
109900177,79,84,-5
109900178,7,257,-250
109900179,18,31,-13
109900180,17,30,-13
110000001,816,531,285
110000002,689,770,-81
110000003,905,764,141
110000004,565,835,-270
110000005,363,2371,-2008
110000006,229,358,-129
110000007,198,146,52
110000008,42,167,-125
110000009,57,49,8
110000010,52,94,-42
110000011,103,45,58
110000012,690,261,429
110000013,86,966,-880
110000014,584,436,148
110000015,267,819,-552
110000016,284,1865,-1581
110000017,3370,389,2981
110000018,2495,347,2148
110000019,13,117,-104
110000020,941,268,673
110000021,243,449,-206
110000022,1479,250,1229
110000023,16,178,-162
110000024,570,389,181
110000025,732,9,723
110000026,27,278,-251
110000027,778,1802,-1024
110000028,1243,643,600
110000029,563,615,-52
110000030,514,522,-8
110000031,472,303,169
110000032,1158,368,790
110000033,248,256,-8
110000034,763,464,299
110000035,1121,412,709
110000036,1486,460,1026
110000037,370,388,-18
110000038,344,721,-377
110000039,1120,5818,-4698
110000040,347,272,75
110000041,432,2528,-2096
110000042,115,658,-543
110000043,1190,423,767
110000044,62,995,-933
110000045,209,176,33
110000046,4,80,-76
110000047,24,129,-105
110000048,12,71,-59
110000049,22,17,5
110000050,10,177,-167
110000051,67,8,59
110000052,56,47,9
110000053,32,11,21
110000054,224,1434,-1210
110000055,221,91,130
110000056,81,163,-82
110000057,479,679,-200
110000058,1354,606,748
110000059,1343,543,800
110000060,1510,1044,466
110000061,740,696,44
110000062,888,950,-62
110000063,87,323,-236
110000064,116,42,74
110000065,236,151,85
110000066,159,48,111
110000067,135,185,-50
110000068,533,104,429
110000069,776,37,739
110000071,569,33,536
110000073,67,11,56
110000075,48,75,-27
110000076,461,473,-12
110000077,343,1266,-923
110000078,130,13,117
110000080,277,473,-196
110000081,66,259,-193
110000082,57,363,-306
110000083,317,431,-114
110000084,1809,1290,519
110000085,840,1434,-594
110000086,1225,3194,-1969
110000087,13,49,-36
110000088,183,265,-82
110000089,531,63,468
110000090,97,180,-83
110000091,991,203,788
110000092,41,56,-15
110000093,80,39,41
110000094,507,197,310
110000095,256,1024,-768
110000096,1313,2453,-1140
110000097,1170,2190,-1020
110000098,2512,952,1560
110000099,920,1747,-827
110000100,1978,195,1783
110000101,65,98,-33
110000102,111,31,80
110000104,582,254,328
110000105,55,248,-193
110000106,858,688,170
110000107,168,385,-217
110000108,220,122,98
110000109,188,303,-115
110000110,2167,4907,-2740
110000111,3583,3978,-395
110000112,293,1641,-1348
110000113,107,3207,-3100
110000114,412,833,-421
110000115,593,408,185
110000116,107,65,42
110000117,587,253,334
110000118,1004,165,839
110000119,552,244,308
110000120,542,267,275
110000121,100,396,-296
110000122,398,382,16
110000123,921,795,126
110000124,2,692,-690
110000125,1454,22,1432
110000126,395,46,349
110000127,1921,112,1809
110000128,76,658,-582
110000129,5,330,-325
110000130,334,395,-61
110000131,115,270,-155
110000132,3,498,-495
110000133,48,510,-462
110000134,20,403,-383
110000135,287,28,259
110000136,154,230,-76
110000137,1103,397,706
110000138,1367,585,782
110000139,1711,593,1118
110000140,1124,1002,122
110000143,731,347,384
110000144,2668,3104,-436
110000145,1851,2395,-544
110000146,1862,2014,-152
110000147,790,1244,-454
110000148,903,248,655
110000151,737,2313,-1576
110000152,639,755,-116
110000153,349,10,339
110000154,112,44,68
110000155,1107,4066,-2959
110000156,928,2895,-1967
110000157,1902,3658,-1756
110000160,430,306,124
110000161,291,193,98
110000166,1217,102,1115
110000167,1590,814,776
110000168,1273,751,522
110000169,1120,365,755
110000170,284,86,198
110000171,918,104,814
110000172,285,535,-250
110000173,593,787,-194
110000174,214,612,-398
110000175,1571,81,1490
110000176,61,696,-635
110000177,258,1676,-1418
110000178,473,2859,-2386
110000179,1003,348,655
110000180,404,224,180
110000181,1214,427,787
110000182,377,118,259
110000183,6117,10178,-4061
110000184,378,3541,-3163
110000185,773,924,-151
110000186,759,709,50
110000191,2089,158,1931
110000192,983,16,967
110000193,1726,22,1704
110000194,9,591,-582
110000195,910,112,798
110000196,754,110,644
110000197,224,41,183
110000198,96,29,67
110000199,59,122,-63
110000200,687,332,355
110000201,1263,1658,-395
110000202,1581,747,834
110000203,474,486,-12
110000204,9,185,-176
110000205,299,82,217
110000206,514,643,-129
110000207,2114,334,1780
110000208,318,362,-44
110000209,85,599,-514
110000210,1958,448,1510
110000211,773,593,180
110000212,711,1420,-709
110000213,463,69,394
110000214,635,54,581
110000215,243,200,43
110000216,147,144,3
110000217,787,117,670
110000218,288,160,128
110000219,868,48,820
110000220,115,142,-27
110000221,829,22,807
110000222,105,257,-152
110000223,7,238,-231
110000224,4,9,-5
110000225,358,887,-529
110000226,322,75,247
110000227,985,1344,-359
110000228,363,99,264
110000229,0,94,-94
110000230,574,663,-89
110000231,214,277,-63
110000232,195,339,-144
110000233,202,415,-213
110000234,595,1697,-1102
110000235,1102,1126,-24
110000236,909,407,502
110000237,2645,1350,1295
110000238,1171,1223,-52
110000239,2806,1072,1734
110000240,0,69,-69
110000242,0,35,-35
110000243,286,37,249
110000244,169,296,-127
110000245,62,286,-224
110000246,1162,420,742
110000247,1154,4454,-3300
110000248,1324,1730,-406
110000249,80,20,60
110000250,32,181,-149
110000251,623,317,306
110000252,482,130,352
110000253,2160,576,1584
110000254,642,769,-127
110000255,200,654,-454
110000256,588,267,321
110000257,543,340,203
110000258,22,478,-456
110000259,363,24,339
110000260,60,120,-60
110000263,561,64,497
110000264,693,342,351
110000265,1477,2577,-1100
110000266,1333,3259,-1926
110000267,57,207,-150
110000268,373,404,-31
110000269,6,92,-86
110000270,169,34,135
110000271,1501,341,1160
110000272,1674,1346,328
110000273,1878,1607,271
110000274,334,3154,-2820
110000275,1943,751,1192
110000276,380,818,-438
110000277,476,362,114
110000278,571,646,-75
110000279,940,822,118
110000280,964,572,392
110000281,128,370,-242
110000282,258,36,222
110000283,28,133,-105
110000284,7,24,-17
110000285,5,898,-893
110000286,3,0,3
110000287,195,0,195
110000288,3,92,-89
110000289,759,3596,-2837
110000290,577,797,-220
110000291,4062,1063,2999
110000292,1273,7321,-6048
110000293,906,537,369
110000294,2031,1684,347
110000295,300,875,-575
110000296,844,323,521
110000297,2782,270,2512
110000298,136,472,-336
110000299,102,94,8
110000301,485,43,442
110000302,492,737,-245
110000303,606,16,590
110000304,174,151,23
110000305,2109,43,2066
110000306,323,876,-553
110000307,2784,16,2768
110000308,983,9,974
110000309,5,535,-530
110000310,1428,63,1365
110000311,7,567,-560
110000312,645,111,534
110000313,2060,2640,-580
110000314,0,218,-218
110000315,2041,2789,-748
110000316,464,1171,-707
110000317,163,741,-578
110000318,8,75,-67
110000319,8,57,-49
110000320,78,89,-11
110000321,18,57,-39
110000322,343,305,38
110000323,788,152,636
110000324,3228,1642,1586
110000325,1675,4668,-2993
110000327,415,393,22
110000328,142,451,-309
110000333,1350,1273,77
110000334,672,1700,-1028
110000335,767,601,166
110000336,787,1155,-368
110000337,2397,784,1613
110000338,815,396,419
110000339,568,292,276
110000340,38,161,-123
110000341,855,367,488
110000342,176,2,174
110000343,0,14,-14
110000344,49,251,-202
110000345,134,290,-156
110000346,1521,1950,-429
110000347,1797,788,1009
110000348,20,17,3
110000349,15,12,3
110000350,205,6,199
110000351,1869,630,1239
110000352,1029,1879,-850
110000353,2711,394,2317
110000354,1345,4622,-3277
110000355,227,70,157
110000356,931,10,921
110000357,899,27,872
110000361,56,18,38
110000362,167,26,141
110000363,1037,96,941
110000364,361,244,117
110000365,283,1,282
110000366,0,181,-181
110000367,613,169,444
110000368,3,115,-112
110000369,179,4,175
110000373,2,220,-218
110000374,141,32,109
110000375,131,1047,-916
110000376,36,64,-28
110000377,92,467,-375
110000378,27,456,-429
110000379,2114,3072,-958
110000380,81,3,78
110000383,0,1085,-1085
110000384,744,511,233
110000385,0,235,-235
110000387,115,7,108
110000388,64,209,-145
110000389,1568,17,1551
110000391,1264,145,1119
110000396,314,51,263
110000397,241,58,183
110000398,4,31,-27
110000399,301,73,228
110000587,204,117,87
110000589,365,139,226
110000640,315,54,261
110000652,16,569,-553
110000653,395,278,117
110000654,22,980,-958
110000656,0,209,-209
110000674,72,42,30
110000675,30,62,-32
110000676,5,123,-118
110000679,89,1248,-1159
110000682,105,286,-181
110000683,340,472,-132
110000684,1,94,-93
110000685,20,14,6
110000686,4,121,-117
110000687,29,29,0
110000688,77,1756,-1679
110000689,72,14,58
110000692,32,168,-136
110000693,32,419,-387
110000694,0,133,-133
110000695,174,773,-599
110000696,80,68,12
110900001,511,17,494
110900002,484,622,-138
110900003,1618,312,1306
110900004,796,100,696
110900005,1485,5629,-4144
110900006,106,46,60
110900007,332,91,241
110900008,20,29,-9
110900009,578,357,221
110900010,5,40,-35
110900011,41,91,-50
110900012,57,39,18
110900013,1651,169,1482
110900014,395,29,366
110900015,351,1088,-737
110900016,124,50,74
110900017,935,47,888
110900018,514,63,451
110900019,532,32,500
110900020,442,133,309
110900021,148,274,-126
110900022,107,132,-25
110900023,105,428,-323
110900024,19,161,-142
110900025,19,60,-41
110900027,89,194,-105
110900028,64,126,-62
110900029,17,98,-81
110900030,79,110,-31
110900031,3,146,-143
110900032,2,93,-91
110900033,52,199,-147
110900035,39,688,-649
110900036,122,14,108
110900037,130,31,99
110900038,632,261,371
110900039,16,392,-376
110900040,460,34,426
110900041,64,100,-36
110900042,222,83,139
110900043,5,77,-72
110900044,280,44,236
110900045,132,205,-73
110900046,29,108,-79
110900047,255,582,-327
110900049,217,183,34
110900050,31,4,27
110900051,49,187,-138
110900052,25,95,-70
110900053,184,23,161
110900054,40,95,-55
110900055,28,4,24
110900056,19,174,-155
110900057,24,61,-37
110900058,498,188,310
110900059,577,184,393
110900060,645,253,392
110900061,5,61,-56
110900062,315,108,207
110900063,107,96,11
110900064,10,0,10
110900065,69,135,-66
110900066,8,47,-39
110900067,269,807,-538
110900068,304,140,164
110900069,20,10,10
110900070,229,55,174
110900071,241,1254,-1013
110900073,0,59,-59
110900074,665,148,517
110900075,700,70,630
110900077,1794,589,1205
110900078,215,25,190
110900079,952,1922,-970
110900080,235,82,153
110900081,26,13,13
110900082,267,66,201
110900083,221,90,131
110900084,199,19,180
110900085,153,178,-25
110900086,112,450,-338
110900087,516,56,460
110900088,9,1,8
110900090,86,95,-9
110900091,16,28,-12
110900093,240,117,123
110900095,120,75,45
110900097,25,11,14
110900098,55,78,-23
110900099,90,293,-203
110900100,1,18,-17
110900102,130,43,87
110900105,1354,141,1213
110900108,29,31,-2
110900111,529,122,407
110900112,1049,14,1035
110900113,285,118,167
110900115,10,62,-52
110900116,1551,732,819
110900118,113,5220,-5107
110900119,1510,203,1307
110900120,128,44,84
110900121,143,4,139
110900122,1022,208,814
110900125,744,664,80
110900127,496,1780,-1284
110900128,181,354,-173
110900129,264,1407,-1143
110900130,432,785,-353
110900131,452,56,396
110900132,716,140,576
110900133,73,102,-29
110900135,73,270,-197
110900136,756,22,734
110900137,13,0,13
110900138,436,870,-434
110900139,3,358,-355
110900140,9,4,5
110900141,2,257,-255
110900142,96,116,-20
110900143,297,86,211
110900144,0,191,-191
110900145,283,130,153
110900146,140,441,-301
110900147,76,347,-271
110900148,1,185,-184
110900149,9,65,-56
110900150,47,24,23
110900151,19,132,-113
110900152,53,74,-21
110900153,230,96,134
111000001,839,423,416
111000002,435,361,74
111000003,2305,1109,1196
111000004,779,833,-54
111000005,1546,1858,-312
111000006,986,2304,-1318
111000007,5903,4677,1226
111000008,2748,3771,-1023
111000009,422,892,-470
111000010,1499,398,1101
111000011,188,914,-726
111000012,460,447,13
111000013,467,1069,-602
111000014,1904,538,1366
111000017,148,960,-812
111000018,155,319,-164
111000020,881,1560,-679
111000021,79,138,-59
111000023,150,99,51
111000025,4483,5405,-922
111000029,95,153,-58
111000030,51,124,-73
111000031,2018,1217,801
111000032,784,403,381
111000033,338,201,137
111000034,58,245,-187
111000037,1187,472,715
111000038,2541,2405,136
111000039,1913,2236,-323
111000040,2047,1648,399
111000041,487,808,-321
111000042,2118,2094,24
111000043,2958,6457,-3499
111000044,2261,1368,893
111000045,4139,3604,535
111000046,3090,2675,415
111000047,3951,7816,-3865
111000049,477,501,-24
111000050,1123,817,306
111000051,745,755,-10
111000052,682,1338,-656
111000053,406,669,-263
111000054,413,742,-329
111000055,1699,1420,279
111000056,255,377,-122
111000057,229,452,-223
111000058,964,100,864
111000059,1029,325,704
111000060,6383,1144,5239
111000061,1150,417,733
111000062,1727,598,1129
111000063,1971,1389,582
111000064,1453,691,762
111000065,1829,1064,765
111000066,934,539,395
111000067,1154,437,717
111000068,894,751,143
111000069,1957,1690,267
111000070,846,561,285
111000071,242,310,-68
111000072,2114,871,1243
111000073,371,1845,-1474
111000074,2294,2183,111
111000075,972,756,216
111000076,977,816,161
111000077,1735,1473,262
111000078,2544,1214,1330
111000079,1217,753,464
111000080,769,571,198
111000081,1820,5581,-3761
111000082,1239,565,674
111000084,1301,554,747
111000085,1200,948,252
111000086,2557,848,1709
111000087,994,456,538
111000088,6765,4398,2367
111000089,991,731,260
111000090,696,1190,-494
111000091,1008,341,667
111000092,2436,765,1671
111000093,1191,1434,-243
111000094,2356,1540,816
111000095,1116,3364,-2248
111000096,1054,10176,-9122
111000097,3581,1335,2246
111000098,475,981,-506
111000099,608,1290,-682
111000100,648,866,-218
111000101,606,823,-217
111000102,452,657,-205
111000104,1198,226,972
111000107,157,826,-669
111000109,1178,370,808
111000110,2153,812,1341
111000111,5038,494,4544
111000112,3608,592,3016
111000113,1103,2495,-1392
111000114,1461,5230,-3769
111000115,3409,1396,2013
111000116,1254,974,280
111000117,323,931,-608
111000118,1069,772,297
111000119,2092,734,1358
111000120,788,718,70
111000121,486,839,-353
111000122,766,935,-169
111000123,1525,1649,-124
111000124,600,1597,-997
111000125,502,651,-149
111000126,140,513,-373
111000127,1781,151,1630
111000128,4202,344,3858
111000129,4792,595,4197
111000130,4152,574,3578
111000131,3982,613,3369
111000132,3390,1865,1525
111000133,360,105,255
111000134,278,91,187
111000135,87,164,-77
111000136,602,470,132
111000138,47,5,42
111000140,2,1,1
111000141,216,409,-193
111000142,19,227,-208
111000143,1,410,-409
111000144,41,2129,-2088
111000145,134,19,115
111000146,122,25,97
111000147,140,32,108
111000148,248,104,144
111000149,20,13,7
111000150,58,0,58
111000151,6,25,-19
111000153,651,608,43
111000154,422,237,185
111000155,217,225,-8
111000156,883,607,276
111000157,210,1092,-882
111000158,1076,1089,-13
111000159,4248,1388,2860
111000160,655,521,134
111000161,13,639,-626
111000162,36,125,-89
111000163,1202,808,394
111000164,565,3335,-2770
111000165,750,232,518
111000166,714,181,533
111000167,171,293,-122
111000168,329,370,-41
111000169,549,398,151
111000170,393,296,97
111000171,545,608,-63
111000172,281,295,-14
111000173,342,662,-320
111000174,463,168,295
111000175,80,461,-381
111000176,564,72,492
111000177,949,142,807
111000178,2685,268,2417
111000179,493,147,346
111000180,423,524,-101
111000181,3049,159,2890
111000182,411,142,269
111000183,320,324,-4
111000184,459,225,234
111000185,678,325,353
111000186,359,248,111
111000187,294,117,177
111000188,632,308,324
111000189,485,484,1
111000190,244,225,19
111000191,300,167,133
111000192,247,236,11
111000193,391,158,233
111000194,75,273,-198
111000195,169,287,-118
111000196,103,140,-37
111000197,853,166,687
111000198,955,97,858
111000199,531,191,340
111000200,961,374,587
111000201,1301,158,1143
111000202,694,184,510
111000203,631,414,217
111000204,387,2296,-1909
111000213,298,545,-247
111000214,1648,990,658
111000215,1305,898,407
111000217,2207,951,1256
111000218,1897,1139,758
111000219,295,181,114
111000220,981,756,225
111000221,299,262,37
111000224,1,229,-228
111000225,492,284,208
111000226,98,5,93
111000227,28,3,25
111000228,15,857,-842
111000229,50,1849,-1799
111000230,260,163,97
111000231,1658,268,1390
111000232,1129,505,624
111000233,2169,556,1613
111000234,286,838,-552
111000239,83,90,-7
111000240,116,449,-333
111000241,56,196,-140
111000242,517,66,451
111000243,189,288,-99
111000244,1167,101,1066
111000245,1412,195,1217
111000246,1103,145,958
111000247,872,377,495
111000248,1198,372,826
111000249,756,240,516
111000250,91,53,38
111000251,189,100,89
111000253,30,26,4
111000255,48,13,35
111000257,162,20,142
111000260,91,820,-729
111000261,2234,112,2122
111000271,50,282,-232
111000273,3476,1293,2183
111000274,2046,3675,-1629
111000275,208,59,149
111000276,345,986,-641
111000277,292,245,47
111000278,716,267,449
111000291,1396,13452,-12056
111000298,718,186,532
111000299,939,271,668
111000300,87,585,-498
111000302,483,86,397
111000303,112,148,-36
111000312,57,90,-33
111000315,1,39,-38
111000320,181,370,-189
111000321,860,259,601
111000322,557,188,369
111000323,635,33,602
111000324,544,229,315
111000325,117,79,38
111000326,363,226,137
111000327,482,340,142
111000328,452,696,-244
111000329,0,43,-43
111000330,125,7,118
111000331,20,4,16
111000332,748,1228,-480
111000334,311,795,-484
111000335,1737,260,1477
111000337,2499,221,2278
111000338,122,101,21
111000339,1368,174,1194
111000340,186,309,-123
111000341,2118,963,1155
111000342,85,1417,-1332
111000344,1684,758,926
111000345,170,97,73
111000346,17,308,-291
111000347,275,15,260
111000350,270,94,176
111000351,193,326,-133
111000352,270,160,110
111000353,228,197,31
111000354,841,247,594
111000355,461,628,-167
111000358,227,461,-234
111000360,335,192,143
111000361,208,101,107
111000546,1167,454,713
111000547,717,362,355
111000548,352,367,-15
111000549,476,241,235
111000550,51,1357,-1306
111000551,555,239,316
111000552,508,276,232
111000907,535,67,468
111000908,89,2,87
111000916,2990,219,2771
111000917,41,350,-309
111000918,363,321,42
111000920,891,21,870
111000921,8,90,-82
111000922,1169,156,1013
111000924,59,352,-293
111000925,4903,2438,2465
111000926,1176,1148,28
111000927,3425,5664,-2239
111000928,3276,1876,1400
111000929,2699,1557,1142
111000930,1036,1447,-411
111000931,2710,2682,28
111000932,2656,1354,1302
111000933,3743,4164,-421
111000934,1818,2288,-470
111000935,3158,1198,1960
111000936,1545,1508,37
111000937,1772,1894,-122
111000938,1367,928,439
111000939,1216,38,1178
111000940,907,62,845
111000941,537,250,287
111000943,955,377,578
111000944,198,158,40
111000945,236,831,-595
111001109,796,1228,-432
111001110,280,417,-137
111001111,213,6,207
111001112,91,46,45
111001113,1,159,-158
111001114,669,349,320
111001115,31,1848,-1817
111001116,2363,6453,-4090
111001117,356,3301,-2945
111001120,189,216,-27
111001121,194,196,-2
111001122,212,172,40
111001123,607,115,492
111001124,72,27,45
111900001,32,63,-31
111900002,81,255,-174
111900003,10,168,-158
111900004,26,53,-27
111900006,42,110,-68
111900007,331,14,317
111900008,583,7,576
111900009,513,44,469
111900010,155,346,-191
111900012,55,64,-9
111900013,36,48,-12
111900014,2498,8908,-6410
111900015,0,44,-44
111900016,0,27,-27
111900017,0,48,-48
111900018,370,15,355
111900019,2,164,-162
111900020,5,45,-40
111900021,19,125,-106
111900022,15,19,-4
111900023,53,41,12
111900024,0,60,-60
111900025,0,20,-20
111900026,0,25,-25
111900027,6,33,-27
111900028,0,112,-112
111900029,0,27,-27
111900030,36,394,-358
111900031,16,18,-2
111900032,0,78,-78
111900033,8,56,-48
111900034,94,364,-270
111900035,150,350,-200
111900036,1,85,-84
111900038,144,397,-253
111900039,54,187,-133
111900040,0,140,-140
111900042,30,76,-46
111900043,1,137,-136
111900044,68,160,-92
111900046,22,57,-35
111900048,642,292,350
111900049,20,141,-121
111900050,182,71,111
111900051,2,158,-156
111900052,118,297,-179
111900053,516,3527,-3011
111900054,357,17,340
111900055,24,246,-222
111900056,179,541,-362
111900057,237,24,213
111900058,1053,236,817
111900059,1676,1070,606
111900060,594,12,582
111900061,8,110,-102
111900062,56,150,-94
111900063,501,286,215
111900064,91,144,-53
111900065,242,33,209
111900066,291,224,67
111900067,1,239,-238
111900068,72,113,-41
111900069,158,33,125
111900070,507,66,441
111900071,3,119,-116
111900072,116,72,44
111900073,1947,309,1638
111900074,12,176,-164
111900075,200,44,156
111900076,524,168,356
111900077,86,15,71
111900078,703,68,635
111900079,99,97,2
111900080,209,295,-86
111900081,438,350,88
111900082,350,96,254
111900083,397,38,359
111900084,387,11,376
111900085,51,140,-89
111900086,127,29,98
111900087,154,2,152
111900088,1168,39,1129
111900089,277,12,265
111900090,100,151,-51
111900091,983,31,952
111900092,383,4,379
111900093,910,17,893
111900094,313,0,313
111900095,772,59,713
111900096,612,12,600
111900097,175,0,175
111900098,644,4,640
111900099,208,0,208
111900100,250,4,246
111900101,200,58,142
111900102,1334,379,955
111900103,97,160,-63
111900104,237,154,83
111900105,353,264,89
111900106,473,36,437
111900107,58,148,-90
111900108,107,369,-262
111900109,173,772,-599
111900110,1601,366,1235
111900111,412,74,338
111900112,570,7234,-6664
111900113,267,178,89
111900114,142,99,43
111900115,8,30,-22
111900118,529,168,361
111900119,564,279,285
111900122,69,148,-79
111900123,16,30,-14
111900124,60,20,40
111900125,1030,88,942
111900126,615,8,607
111900127,0,195,-195
111900128,5,249,-244
111900129,449,19,430
111900130,322,119,203
111900131,1166,4,1162
111900132,44,401,-357
111900133,4,262,-258
111900134,2,104,-102
111900135,17,80,-63
111900136,100,262,-162
111900137,46,40,6
111900138,27,59,-32
111900139,30,36,-6
111900140,271,48,223
111900141,139,30,109
111900142,106,26,80
111900143,199,87,112
111900144,5,22,-17
111900145,1,177,-176
111900146,1,79,-78
111900147,36,290,-254
111900148,10,390,-380
111900149,11,134,-123
111900150,32,125,-93
111900151,21,49,-28
111900152,127,155,-28
111900153,526,1231,-705
111900154,43,992,-949
111900155,136,213,-77
111900156,161,108,53
111900157,531,27,504
111900158,981,204,777
111900159,768,114,654
111900160,775,5,770
111900161,587,2,585
111900162,223,401,-178
111900163,72,146,-74
111900164,98,44,54
111901113,1042,35,1007
111901114,476,201,275
111901115,197,1,196
111901116,88,4,84
111901117,40,93,-53
111901118,39,750,-711
111901119,262,88,174
111901120,30,148,-118
111901121,50,63,-13
111901122,13,120,-107
111901123,699,106,593
111901124,668,12,656
111901125,1030,350,680
111901126,301,177,124
111901127,291,1821,-1530
111901128,26,100,-74
111901129,1,90,-89
111901130,7,85,-78
111901131,4,167,-163
111901132,145,41,104
111901133,128,4,124
111901134,328,18,310
111901135,90,49,41
111901136,69,119,-50
111901137,1,62,-61
111901138,90,85,5
111901139,8,32,-24
111901140,12,50,-38
111901141,20,79,-59
111901142,1,51,-50
111901143,2,103,-101
111901144,40,73,-33
111901145,100,462,-362
111901146,86,15,71
112000001,3267,1061,2206
112000002,991,2011,-1020
112000003,3486,1485,2001
112000004,995,438,557
112000005,5270,5291,-21
112000006,971,815,156
112000007,7132,4493,2639
112000008,4098,5315,-1217
112000009,3264,1634,1630
112000010,5402,6781,-1379
112000011,2035,1222,813
112000012,5411,8034,-2623
112000013,2130,4473,-2343
112000014,1464,5134,-3670
112000015,1931,4221,-2290
112000016,3144,4800,-1656
112000017,823,5401,-4578
112000024,1228,492,736
112000026,2418,2048,370
112000027,947,787,160
112000028,690,1104,-414
112000029,1204,1198,6
112000030,163,37,126
112000031,2296,6451,-4155
112000032,138,24,114
112000033,1746,4929,-3183
112000034,102,31,71
112000035,58,1418,-1360
112000036,436,1988,-1552
112000037,876,1463,-587
112000038,1596,2183,-587
112000039,157,72,85
112000040,63,223,-160
112000041,397,419,-22
112000042,881,327,554
112000050,1789,1494,295
112000051,1876,3349,-1473
112000054,1579,1637,-58
112000057,1006,332,674
112000058,416,553,-137
112000059,613,980,-367
112000061,2880,1282,1598
112000062,765,1841,-1076
112000063,266,4572,-4306
112000064,3110,3660,-550
112000065,1062,2582,-1520
112000066,4391,2118,2273
112000067,503,643,-140
112000068,4253,3759,494
112000069,534,2189,-1655
112000070,2606,1088,1518
112000071,1344,1792,-448
112000072,4151,1138,3013
112000073,1615,2284,-669
112000074,1438,1482,-44
112000075,1717,1808,-91
112000076,3590,2610,980
112000077,1408,396,1012
112000078,3022,839,2183
112000079,2831,1668,1163
112000080,1186,807,379
112000081,1244,1932,-688
112000082,1515,680,835
112000083,922,1146,-224
112000084,1762,650,1112
112000085,2072,1189,883
112000086,2368,1064,1304
112000087,918,332,586
112000088,1296,349,947
112000089,451,433,18
112000090,355,255,100
112000091,852,571,281
112000092,3592,1177,2415
112000093,2025,578,1447
112000094,1152,844,308
112000095,1080,581,499
112000096,1099,574,525
112000097,2614,1050,1564
112000098,695,532,163
112000099,1021,2538,-1517
112000100,3229,799,2430
112000101,826,590,236
112000102,2535,466,2069
112000103,574,518,56
112000105,516,629,-113
112000106,3097,468,2629
112000107,28,271,-243
112000108,498,923,-425
112000109,122,82,40
112000110,2698,755,1943
112000111,667,3124,-2457
112000112,3626,630,2996
112000113,1083,1755,-672
112000114,3998,1267,2731
112000115,680,451,229
112000116,958,1000,-42
112000117,1535,788,747
112000118,929,760,169
112000119,489,476,13
112000120,71,285,-214
112000121,257,288,-31
112000122,532,116,416
112000123,1381,131,1250
112000124,844,93,751
112000125,482,366,116
112000126,580,196,384
112000127,2422,3833,-1411
112000128,602,833,-231
112000129,159,91,68
112000130,412,146,266
112000131,100,156,-56
112000132,341,237,104
112000133,484,148,336
112000134,807,550,257
112000135,1674,1051,623
112000136,1038,2000,-962
112000137,2083,4547,-2464
112000138,1188,2130,-942
112000139,795,1168,-373
112000140,315,1197,-882
112000141,1840,675,1165
112000142,222,367,-145
112000143,2051,251,1800
112000144,329,666,-337
112000145,3996,672,3324
112000146,715,1082,-367
112000147,3727,2212,1515
112000148,1269,1342,-73
112000149,888,486,402
112000150,498,360,138
112000151,465,225,240
112000152,1367,305,1062
112000153,182,215,-33
112000154,344,495,-151
112000155,213,185,28
112000157,601,1271,-670
112000158,471,235,236
112000159,1328,290,1038
112000167,531,266,265
112000169,282,718,-436
112000173,1745,410,1335
112000175,747,293,454
112000176,1004,1616,-612
112000177,1488,520,968
112000178,101,285,-184
112000179,500,149,351
112000180,515,353,162
112000181,1509,1080,429
112000182,3094,709,2385
112000183,49,10,39
112000184,820,210,610
112000185,1414,291,1123
112000187,5321,3537,1784
112000195,252,11,241
112000196,244,1,243
112000197,131,335,-204
112000198,100,272,-172
112000199,661,693,-32
112000202,847,1,846
112000216,94,187,-93
112000230,273,11,262
112000231,13,137,-124
112000256,148,386,-238
112000313,33,41,-8
112000314,82,88,-6
112000337,280,724,-444
112000352,165,487,-322
112000392,2714,1133,1581
112000398,2552,800,1752
112000399,1557,7424,-5867
112000400,1870,1175,695
112000401,1802,1269,533
112000402,5958,6960,-1002
112000403,1807,7275,-5468
112000404,2013,1684,329
112000405,3799,4097,-298
112000406,2605,1261,1344
112000407,12000,10110,1890
112000408,6236,2834,3402
112000409,1650,2044,-394
112000410,596,604,-8
112000411,2055,2583,-528
112000412,829,580,249
112000413,4785,11412,-6627
112000414,231,41,190
112000415,178,73,105
112000416,5091,1379,3712
112000417,324,98,226
112000421,109,68,41
112000422,522,198,324
112000424,1234,4480,-3246
112000425,593,393,200
112000426,279,289,-10
112000427,0,29,-29
112000428,476,136,340
112000429,2712,2390,322
112000430,3221,4250,-1029
112000431,193,215,-22
112000432,761,499,262
112000433,420,898,-478
112000437,70,99,-29
112900001,191,3,188
112900002,1250,322,928
112900003,145,159,-14
112900004,157,106,51
112900005,604,87,517
112900006,40,208,-168
112900007,79,110,-31
112900008,1,140,-139
112900009,890,259,631
112900010,1080,379,701
112900011,57,209,-152
112900012,20,20,0
112900013,16,444,-428
112900014,17,123,-106
112900015,170,650,-480
112900016,3,147,-144
112900017,143,129,14
112900018,2,66,-64
112900019,44,284,-240
112900020,318,959,-641
112900021,3,148,-145
112900022,50,38,12
112900023,0,45,-45
112900024,36,108,-72
112900025,175,156,19
112900026,6,101,-95
112900027,4,263,-259
112900028,18,83,-65
112900029,13,125,-112
112900030,48,50,-2
112900031,5,180,-175
112900032,296,219,77
112900034,0,23,-23
112900035,0,120,-120
112900036,10,134,-124
112900037,393,381,12
112900038,1026,228,798
112900039,3,158,-155
112900040,5,523,-518
112900041,490,1834,-1344
112900042,105,207,-102
112900043,51,80,-29
112900044,299,354,-55
112900045,150,210,-60
112900046,183,145,38
112900047,7,24,-17
112900049,503,82,421
112900050,29,697,-668
112900051,259,387,-128
112900052,11,345,-334
112900053,154,224,-70
112900054,174,82,92
112900055,112,63,49
112900056,632,377,255
112900057,34,171,-137
112900058,407,602,-195
112900059,178,473,-295
112900060,108,80,28
112900061,202,160,42
112900062,112,115,-3
112900063,63,36,27
112900064,53,273,-220
112900065,19,67,-48
112900066,348,404,-56
112900067,400,102,298
112900068,66,112,-46
112900069,1559,1789,-230
112900071,64,16,48
112900072,71,5347,-5276
112900073,564,318,246
112900074,162,581,-419
112900075,833,2238,-1405
112900076,82,64,18
112900078,477,865,-388
112900079,392,18,374
112900080,285,12,273
112900081,105,513,-408
112900082,915,79,836
112900083,262,244,18
112900084,473,383,90
112900085,1,7,-6
112900086,214,4,210
112900087,2345,282,2063
112900088,335,13,322
112900089,1416,69,1347
112900090,177,112,65
112900091,596,28,568
112900092,73,1046,-973
112900093,1828,52,1776
112900094,275,2,273
112900095,145,1,144
112900096,1065,278,787
112900097,221,247,-26
112900098,228,7,221
112900099,1582,53,1529
112900100,181,7,174
112900101,697,15,682
112900102,170,59,111
112900103,332,9,323
112900104,35,0,35
112900105,46,1,45
112900106,528,189,339
112900107,7,5,2
112900108,12,3,9
112900109,366,2,364
112900110,2622,49,2573
112900111,1353,21,1332
112900112,470,2,468
112900113,0,11,-11
112900114,541,24,517
112900115,2954,28,2926
112900116,216,28,188
112900117,89,39,50
112900118,9,189,-180
112900119,404,7,397
112900120,532,367,165
112900121,50,81,-31
112900122,12,148,-136
112900123,249,39,210
112900124,19,55,-36
112900125,28,724,-696
112900126,128,144,-16
112900127,687,278,409
112900128,142,569,-427
112900129,2,530,-528
112900130,280,233,47
112900131,64,768,-704
112900132,178,293,-115
112900133,31,936,-905
112900134,0,289,-289
112900135,131,116,15
112900136,0,13,-13
112900137,1,328,-327
112900138,7,128,-121
112900139,93,699,-606
112900140,0,53,-53
112900141,1256,46,1210
112900142,96,437,-341
112900143,16,371,-355
112900144,0,121,-121
112900145,11,311,-300
112900146,3,557,-554
112900147,1,523,-522
112900148,106,9,97
112900149,473,367,106
112900151,4,76,-72
112900152,2887,542,2345
112900153,586,4449,-3863
112900154,2,31,-29
112900155,279,36,243
112900156,1058,443,615
112900157,771,7,764
112900158,157,7,150
112900159,283,282,1
112900160,30,238,-208
112900161,239,105,134
112900162,24,28,-4
112900163,42,100,-58
112900164,141,227,-86
112900165,53,53,0
112900166,24,178,-154
112900167,2,169,-167
112900168,16,14,2
112900169,11,46,-35
112900170,171,343,-172
112900172,39,25,14
112900173,214,168,46
112900174,546,78,468
112900175,164,487,-323
112900176,45,59,-14
112900177,289,99,190
112900178,915,4683,-3768
112900179,34,284,-250
112900180,3494,1542,1952
112900181,1806,17,1789
112900182,110,370,-260
112900183,86,397,-311
112900184,383,831,-448
112900185,155,927,-772
112900186,1083,1576,-493
112900187,121,646,-525
112900188,746,4045,-3299
112900189,34,12,22
112900190,14,37,-23
112900192,1034,904,130
112900193,1547,594,953
112900194,120,31,89
112900195,1241,83,1158
112900196,508,406,102
112900197,148,338,-190
112900199,1175,350,825
112900200,872,99,773
112900201,307,156,151
112900202,882,514,368
112900203,559,145,414
112900204,551,620,-69
112900205,10,8,2
112900206,24,94,-70
112900207,37,0,37
112900208,124,438,-314
112900209,224,255,-31
112900210,4,27,-23
112900211,121,7,114
112900212,1,50,-49
112900213,99,18,81
112900214,20,19,1
112900215,22,53,-31
112900216,28,35,-7
112900217,1,61,-60
112900218,87,56,31
112900219,187,3,184
112900220,2,0,2
112900221,92,266,-174
112900222,0,88,-88
112900223,1615,43,1572
112900224,833,258,575
112900225,783,239,544
112900226,214,699,-485
112900227,1539,297,1242
112900228,130,64,66
112900229,640,15,625
112900230,10139,3897,6242
112900232,540,508,32
112900233,70,92,-22
112900234,56,15,41
112900235,28,19,9
112900236,848,26,822
112900237,406,56,350
112900238,5,7,-2
112900239,533,790,-257
113000001,7647,6718,929
113000002,5690,4854,836
113000003,2733,2011,722
113000004,2191,2599,-408
113000005,2386,1904,482
113000006,1435,1893,-458
113000007,3479,1920,1559
113000008,2323,2309,14
113000009,2101,873,1228
113000010,2025,1421,604
113000011,1904,1396,508
113000012,2308,957,1351
113000013,1015,693,322
113000014,1105,1826,-721
113000015,156,273,-117
113000016,452,1118,-666
113000017,146,444,-298
113000018,472,50,422
113000019,304,335,-31
113000020,371,108,263
113000021,1759,1047,712
113000022,1016,3038,-2022
113000025,221,375,-154
113000026,759,1201,-442
113000027,667,2180,-1513
113000028,756,3509,-2753
113000029,1399,1028,371
113000030,282,577,-295
113000031,213,276,-63
113000032,346,461,-115
113000033,330,507,-177
113000034,265,156,109
113000035,38,41,-3
113000036,27,85,-58
113000037,97,37,60
113000038,11,79,-68
113000039,61,242,-181
113000040,48,135,-87
113000042,933,755,178
113000051,1699,2942,-1243
113000052,2955,669,2286
113000053,1018,581,437
113000054,856,763,93
113000055,2418,593,1825
113000056,2194,1270,924
113000058,632,1071,-439
113000059,1215,385,830
113000060,534,659,-125
113000061,518,948,-430
113000062,594,518,76
113000063,690,74,616
113000064,148,196,-48
113000065,197,548,-351
113000066,1424,158,1266
113000067,3832,1171,2661
113000068,656,548,108
113000069,884,468,416
113000070,3948,1022,2926
113000071,854,490,364
113000072,1641,432,1209
113000073,501,1733,-1232
113000074,1233,528,705
113000075,2305,826,1479
113000076,545,3982,-3437
113000077,947,1435,-488
113000078,475,2399,-1924
113000079,481,1186,-705
113000080,636,1348,-712
113000081,1089,1329,-240
113000082,1327,1220,107
113000083,730,962,-232
113000084,1727,1339,388
113000085,1190,840,350
113000086,1095,1521,-426
113000087,1072,1639,-567
113000088,2612,1967,645
113000089,920,2019,-1099
113000090,242,976,-734
113000091,285,693,-408
113000094,1675,398,1277
113000095,327,918,-591
113000096,198,1264,-1066
113000097,1544,717,827
113000098,209,76,133
113000099,1621,758,863
113000100,140,791,-651
113000101,262,1520,-1258
113000102,893,1044,-151
113000103,3084,392,2692
113000104,769,3138,-2369
113000105,1098,682,416
113000106,552,496,56
113000107,1340,1187,153
113000108,1154,1121,33
113000109,651,1463,-812
113000110,5810,852,4958
113000111,209,795,-586
113000112,611,445,166
113000113,1701,505,1196
113000114,339,1570,-1231
113000116,778,317,461
113000117,1286,102,1184
113000118,52,855,-803
113000119,516,486,30
113000120,97,392,-295
113000121,549,1656,-1107
113000124,448,188,260
113000125,48,1476,-1428
113000127,1853,288,1565
113000128,2484,388,2096
113000129,585,1163,-578
113000133,3598,935,2663
113000134,12,1649,-1637
113000135,6110,6702,-592
113000137,1180,4325,-3145
113000139,402,267,135
113000140,102,151,-49
113000141,142,228,-86
113000142,253,628,-375
113000143,341,199,142
113000144,286,479,-193
113000145,141,126,15
113000146,231,67,164
113000147,204,96,108
113000148,418,204,214
113000149,243,250,-7
113000150,675,457,218
113000151,78,42,36
113000152,47,306,-259
113000153,1666,399,1267
113000154,669,2244,-1575
113000155,543,902,-359
113000156,301,425,-124
113000157,374,646,-272
113000158,776,301,475
113000159,1310,634,676
113000160,817,544,273
113000161,612,267,345
113000162,1310,275,1035
113000163,199,60,139
113000164,41,90,-49
113000166,418,65,353
113000167,180,79,101
113000168,242,130,112
113000169,353,38,315
113000170,145,100,45
113000171,91,107,-16
113000172,596,69,527
113000173,58,43,15
113000174,288,136,152
113000175,727,125,602
113000176,725,115,610
113000177,194,176,18
113000178,185,171,14
113000179,438,171,267
113000180,1316,1846,-530
113000181,1517,799,718
113000182,128,434,-306
113000183,198,712,-514
113000184,18,162,-144
113000189,296,803,-507
113000190,203,298,-95
113000192,609,8597,-7988
113000193,2119,6072,-3953
113000194,1017,4521,-3504
113000195,1502,4549,-3047
113000196,329,114,215
113000197,1743,3398,-1655
113000198,182,304,-122
113000199,2446,611,1835
113000201,495,997,-502
113000202,16568,3267,13301
113000203,130,940,-810
113000204,583,8724,-8141
113000205,25,9,16
113000206,20,90,-70
113000207,85,19,66
113000208,54,85,-31
113000209,10,15,-5
113000210,17,32,-15
113000211,118,469,-351
113000212,73,74,-1
113000213,42,142,-100
113000214,220,433,-213
113000234,364,833,-469
113000410,75,229,-154
113000411,1672,3205,-1533
113000412,5163,1705,3458
113000413,1097,3278,-2181
113000414,4036,14745,-10709
113000415,2488,1738,750
113000416,2845,2558,287
113000417,1280,2173,-893
113000418,5443,5013,430
113000419,1893,3686,-1793
113000420,2892,7808,-4916
113000421,5489,9256,-3767
113000422,10699,11392,-693
113000423,1419,6919,-5500
113000424,2344,11732,-9388
113000425,10,71,-61
113000428,323,65,258
113000430,35,411,-376
113000432,3304,325,2979
113000433,90,628,-538
113000434,16,130,-114
113000435,23,193,-170
113000436,22,703,-681
113000437,1959,46,1913
113000438,650,23,627
113000439,38,87,-49
113000440,280,92,188
113000441,375,275,100
113000442,331,54,277
113000443,633,188,445
113000444,496,87,409
113000445,210,92,118
113000446,93,149,-56
113000448,1251,329,922
113000449,238,1155,-917
113000450,1941,2959,-1018
113000451,5124,488,4636
113000452,167,734,-567
113000453,50,1334,-1284
113000454,465,303,162
113000455,25,2528,-2503
113000456,2635,3370,-735
113000468,1005,87,918
113000469,90,326,-236
113000470,600,28,572
113000471,16,427,-411
113000472,109,269,-160
113000474,1718,1054,664
113000475,1576,1172,404
113000476,2706,2333,373
113000477,6148,1926,4222
113000478,3091,2842,249
113000479,165,112,53
113000480,114,906,-792
113000485,0,0,0
113000486,0,0,0
113000487,0,0,0
113000488,0,0,0
113000489,0,0,0
113000490,0,0,0
113000491,0,0,0
113000492,0,0,0
113000493,0,0,0
113000495,314,159,155
113000496,249,137,112
113000497,0,0,0
113000499,0,0,0
113000500,0,3,-3
113900001,49,3396,-3347
113900002,3,104,-101
113900003,3,296,-293
113900004,12,613,-601
113900005,17,1016,-999
113900006,1,75,-74
113900007,77,55,22
113900008,44,0,44
113900009,78,1,77
113900010,119,0,119
113900011,197,0,197
113900012,95,3,92
113900013,142,11,131
113900014,1193,9,1184
113900015,0,36,-36
113900016,57,0,57
113900017,7,81,-74
113900018,268,337,-69
113900019,300,55,245
113900020,264,1,263
113900022,165,1,164
113900023,88,1,87
113900024,126,62,64
113900025,313,27,286
113900026,122,2,120
113900027,17,142,-125
113900028,64,175,-111
113900029,133,172,-39
113900030,396,6,390
113900031,107,11,96
113900032,81,2,79
113900033,71,77,-6
113900035,86,2,84
113900036,56,103,-47
113900037,423,216,207
113900038,46,200,-154
113900039,339,67,272
113900040,45,55,-10
113900041,22,21,1
113900042,112,53,59
113900043,314,78,236
113900044,168,397,-229
113900045,111,3,108
113900046,478,1666,-1188
113900047,215,131,84
113900048,166,170,-4
113900049,166,480,-314
113900050,454,642,-188
113900051,355,275,80
113900052,161,117,44
113900053,825,1019,-194
113900054,69,4,65
113900055,159,463,-304
113900056,90,143,-53
113900057,23,40,-17
113900058,120,51,69
113900059,333,299,34
113900060,58,259,-201
113900061,723,178,545
113900062,228,25,203
113900063,212,150,62
113900064,44,96,-52
113900065,657,26,631
113900066,931,181,750
113900067,431,218,213
113900068,700,1263,-563
113900069,45,49,-4
113900070,132,381,-249
113900071,127,48,79
113900072,80,116,-36
113900073,674,439,235
113900074,249,315,-66
113900075,1382,2951,-1569
113900076,215,42,173
113900077,102,160,-58
113900078,74,22,52
113900079,2,28,-26
113900080,747,243,504
113900081,90,130,-40
113900082,186,244,-58
113900083,831,160,671
113900084,208,153,55
113900085,110,169,-59
113900086,80,15,65
113900087,196,166,30
113900088,173,154,19
113900089,564,80,484
113900090,907,504,403
113900091,13,15,-2
113900092,18,73,-55
113900093,142,1603,-1461
113900094,1011,253,758
113900095,186,346,-160
113900096,503,141,362
113900097,26,39,-13
113900098,1353,264,1089
113900099,1,15,-14
113900100,0,2,-2
113900101,13,86,-73
113900102,120,181,-61
113900103,258,579,-321
113900104,134,550,-416
113900105,291,65,226
113900106,1,27,-26
113900107,9,16,-7
113900108,150,301,-151
113900109,384,334,50
113900110,58,22,36
113900111,347,111,236
113900112,321,52,269
113900113,1487,417,1070
113900114,1,16,-15
113900115,2,44,-42
113900116,68,249,-181
113900117,130,39,91
113900118,247,836,-589
113900119,146,404,-258
113900120,73,50,23
113900121,137,80,57
113900122,421,4433,-4012
113900123,721,251,470
113900124,3,69,-66
113900125,1051,170,881
113900126,117,110,7
113900127,456,1087,-631
113900128,284,104,180
113900129,4,236,-232
113900130,2,193,-191
113900131,395,112,283
113900132,36,146,-110
113900133,14,57,-43
113900135,441,449,-8
113900136,127,112,15
113900137,419,481,-62
113900138,35,437,-402
113900139,346,422,-76
113900140,46,372,-326
113900141,990,282,708
113900142,209,70,139
113900143,42,89,-47
113900144,65,373,-308
113900145,396,195,201
113900146,297,70,227
113900148,113,314,-201
113900149,198,131,67
113900150,395,243,152
113900151,604,189,415
113900152,85,90,-5
113900153,150,490,-340
113900154,5,119,-114
113900155,93,298,-205
113900156,252,378,-126
113900157,104,528,-424
113900158,127,451,-324
113900159,8,294,-286
113900160,480,356,124
113900161,142,386,-244
113900162,217,797,-580
113900163,438,343,95
113900164,546,46,500
113900165,782,479,303
113900166,67,174,-107
113900167,562,62,500
113900168,93,81,12
113900169,241,395,-154
113900171,506,111,395
113900172,21,67,-46
113900173,34,261,-227
113900174,547,563,-16
113900175,480,235,245
113900176,370,252,118
113900177,276,255,21
113900178,353,266,87
113900179,50,214,-164
113900180,184,114,70
113900181,1502,359,1143
113900182,871,554,317
113900183,126,56,70
113900184,29,260,-231
113900185,132,63,69
113900186,93,41,52
113900187,57,106,-49
113900188,49,151,-102
113900189,430,287,143
113900190,215,81,134
113900191,106,131,-25
113900192,11,1200,-1189
113900193,19,103,-84
113900194,1461,526,935
113900195,315,592,-277
113900196,2,240,-238
113900197,1,88,-87
113900198,39,616,-577
113900199,111,469,-358
113900200,17,197,-180
113900201,0,80,-80
113900202,84,129,-45
113900203,0,33,-33
113900204,37,207,-170
113900205,13,64,-51
113900206,14,70,-56
113900207,1,47,-46
113900208,0,54,-54
113900209,0,29,-29
113900210,504,846,-342
113900211,294,93,201
113900212,335,288,47
113900214,265,842,-577
113900215,110,63,47
113900216,226,563,-337
113900217,199,98,101
113900218,132,145,-13
113900219,241,1221,-980
113900220,190,249,-59
113900221,407,454,-47
113900222,176,825,-649
113900223,404,319,85
113900224,54,114,-60
113900225,514,132,382
113900226,591,159,432
113900227,421,366,55
113900228,349,620,-271
113900229,69,1437,-1368
113900230,2276,3972,-1696
113900231,297,162,135
113900232,228,51,177
113900233,131,133,-2
113900234,553,610,-57
113900235,143,33,110
113900236,487,158,329
113900237,266,14,252
113900238,335,922,-587
113900239,82,215,-133
113900240,4,265,-261
113900241,73,125,-52
113900242,39,465,-426
113900243,40,242,-202
113900244,150,225,-75
113900245,692,476,216
113900246,29,44,-15
113900247,122,877,-755
113900248,2843,2402,441
113900249,427,804,-377
113900250,57,393,-336
113900251,1702,83,1619
113900252,1395,28,1367
113900253,1115,83,1032
113900254,824,296,528
113900255,999,36,963
113900256,609,55,554
113900257,25,309,-284
113900258,49,312,-263
113900259,1045,74,971
113900260,328,7,321
113900261,74,63,11
113900262,251,379,-128
113900263,47,314,-267
113900264,2,235,-233
113900265,160,439,-279
113900266,28,154,-126
113900267,129,1437,-1308
113900268,367,579,-212
113900269,94,179,-85
113900270,171,800,-629
113900271,944,490,454
113900273,19,27,-8
113900274,118,48,70
113900275,21,153,-132
113900276,3,94,-91
113900277,294,11,283
113900278,285,187,98
113900279,74,67,7
113900280,1654,611,1043
113900281,347,1662,-1315
113900282,352,525,-173
113900283,557,806,-249
113900284,1314,186,1128
113900285,171,132,39
113900286,161,110,51
113900287,207,42,165
113900288,1,106,-105
113900289,414,139,275
113900290,341,635,-294
113900291,109,98,11
113900292,14,10,4
113900293,13,238,-225
113900294,770,20,750
113900295,528,660,-132
113900296,2635,408,2227
113900297,2896,42,2854
113900298,9,1315,-1306
113900299,196,31,165
113900300,6384,5685,699
113900301,783,866,-83
113900302,1457,1279,178
113900303,213,994,-781
113900304,1,89,-88
113900305,332,1,331
113900306,222,1,221
113900307,17,1,16
113900308,93,164,-71
113900309,1,410,-409
113900310,0,6,-6
113900311,39,1,38
113900312,249,288,-39
113900313,23,8,15
114000001,1286,2727,-1441
114000002,691,333,358
114000003,144,264,-120
114000004,629,355,274
114000005,482,225,257
114000006,1405,2143,-738
114000007,798,1256,-458
114000008,1840,2903,-1063
114000009,1483,477,1006
114000011,4119,2299,1820
114000012,4904,1509,3395
114000013,2800,1138,1662
114000014,787,153,634
114000015,3118,229,2889
114000016,406,114,292
114000017,109,924,-815
114000018,152,29,123
114000026,3747,1266,2481
114000027,6294,2570,3724
114000028,2755,4408,-1653
114000038,540,166,374
114000039,179,35,144
114000040,235,391,-156
114000042,273,187,86
114000043,118,41,77
114000044,465,17,448
114000045,77,36,41
114000046,2162,5199,-3037
114000047,14,83,-69
114000048,117,61,56
114000049,2148,2480,-332
114000050,2095,2992,-897
114000051,3585,3035,550
114000052,4277,3338,939
114000053,144,901,-757
114000054,252,752,-500
114000055,299,37,262
114000056,250,1208,-958
114000057,4735,2805,1930
114000058,115,1562,-1447
114000059,37,898,-861
114000060,915,991,-76
114000061,3241,4298,-1057
114000062,588,2529,-1941
114000063,1217,1510,-293
114000064,2239,4740,-2501
114000065,1018,2381,-1363
114000066,673,1002,-329
114000067,18,1317,-1299
114000068,613,1135,-522
114000069,1304,772,532
114000070,2317,2386,-69
114000071,1062,633,429
114000072,801,189,612
114000073,36,22,14
114000074,147,34,113
114000075,110,28,82
114000076,49,28,21
114000077,16,25,-9
114000078,468,349,119
114000079,438,37,401
114000080,108,91,17
114000081,117,103,14
114000082,65,257,-192
114000083,111,129,-18
114000084,400,119,281
114000085,91,347,-256
114000086,442,120,322
114000087,289,78,211
114000088,63,29,34
114000089,602,227,375
114000090,1336,1806,-470
114000091,1465,1266,199
114000092,865,610,255
114000093,1807,772,1035
114000094,520,513,7
114000095,437,296,141
114000096,77,273,-196
114000097,127,294,-167
114000098,835,200,635
114000099,1460,161,1299
114000100,2675,454,2221
114000101,706,365,341
114000102,1034,437,597
114000103,126,171,-45
114000104,36,216,-180
114000105,335,145,190
114000106,961,2715,-1754
114000107,992,186,806
114000108,675,871,-196
114000109,1145,2130,-985
114000110,663,765,-102
114000111,3298,1474,1824
114000112,407,884,-477
114000113,1758,772,986
114000114,683,771,-88
114000115,2673,1404,1269
114000116,1546,1486,60
114000117,6151,793,5358
114000118,4780,758,4022
114000119,3599,840,2759
114000120,823,658,165
114000121,662,873,-211
114000122,557,417,140
114000123,3732,488,3244
114000124,1780,524,1256
114000125,1338,1060,278
114000126,2709,358,2351
114000127,281,125,156
114000128,1200,270,930
114000130,576,496,80
114000131,413,180,233
114000132,794,365,429
114000133,702,1427,-725
114000134,124,43,81
114000138,34,142,-108
114000139,540,688,-148
114000144,982,1119,-137
114000145,77,96,-19
114000146,200,87,113
114000147,2065,3592,-1527
114000148,1080,2270,-1190
114000149,432,495,-63
114000150,360,791,-431
114000151,675,2355,-1680
114000152,97,51,46
114000153,730,3088,-2358
114000154,821,720,101
114000155,1402,3814,-2412
114000156,927,957,-30
114000157,401,1778,-1377
114000158,1314,773,541
114000159,139,484,-345
114000160,70,894,-824
114000161,1176,4293,-3117
114000162,1965,4373,-2408
114000163,24,50,-26
114000165,619,685,-66
114000166,731,806,-75
114000167,2783,1703,1080
114000168,441,399,42
114000169,1374,2032,-658
114000170,1114,1398,-284
114000171,2705,5128,-2423
114000174,167,473,-306
114000176,213,688,-475
114000177,768,477,291
114000178,50,91,-41
114000179,1030,713,317
114000180,372,395,-23
114000181,2037,7050,-5013
114000182,1400,3046,-1646
114000183,556,741,-185
114000184,513,695,-182
114000185,1910,951,959
114000189,2248,309,1939
114000190,5199,689,4510
114000191,117,397,-280
114000192,113,659,-546
114000193,305,918,-613
114000194,1760,724,1036
114000195,491,205,286
114000196,3,102,-99
114000197,3019,17,3002
114000198,704,355,349
114000199,1449,2066,-617
114000200,553,906,-353
114000201,224,677,-453
114000202,942,448,494
114000203,582,583,-1
114000204,141,384,-243
114000205,169,1056,-887
114000206,1007,1340,-333
114000207,579,821,-242
114000208,646,1253,-607
114000209,430,1465,-1035
114000210,230,768,-538
114000211,1713,1346,367
114000212,1028,943,85
114000213,2010,479,1531
114000214,118,106,12
114000215,332,130,202
114000216,2218,452,1766
114000217,653,216,437
114000218,344,101,243
114000219,1968,208,1760
114000220,28,544,-516
114000221,1798,263,1535
114000222,172,478,-306
114000223,835,216,619
114000224,52,421,-369
114000225,490,347,143
114000226,326,272,54
114000227,1051,652,399
114000228,1349,545,804
114000229,2017,1394,623
114000230,2312,1116,1196
114000231,1706,1673,33
114000232,1408,192,1216
114000233,3214,127,3087
114000234,1620,583,1037
114000235,1722,1252,470
114000236,0,300,-300
114000237,249,674,-425
114000238,131,260,-129
114000239,193,797,-604
114000240,1133,1137,-4
114000241,339,670,-331
114000242,794,527,267
114000243,2446,1052,1394
114000244,665,327,338
114000245,617,944,-327
114000246,100,38,62
114000247,531,583,-52
114000248,2056,686,1370
114000249,762,660,102
114000250,870,406,464
114000251,581,216,365
114000252,94,23,71
114000253,46,134,-88
114000254,86,70,16
114000255,715,319,396
114000256,576,3075,-2499
114000257,348,802,-454
114000258,444,276,168
114000259,212,261,-49
114000260,0,24,-24
114000261,39,41,-2
114000262,435,149,286
114000263,17,3,14
114000264,2085,357,1728
114000265,0,7,-7
114000267,1,2088,-2087
114000268,55,545,-490
114000270,291,16,275
114000271,343,87,256
114000283,2094,370,1724
114000285,14,80,-66
114000288,223,392,-169
114000289,2380,132,2248
114000293,360,637,-277
114000294,254,327,-73
114000395,1602,28,1574
114000396,906,1150,-244
114000402,1300,234,1066
114000403,650,264,386
114000405,434,201,233
114000423,625,198,427
114000424,763,241,522
114000425,1619,222,1397
114000426,536,1144,-608
114000427,133,65,68
114000428,71,323,-252
114000429,14,110,-96
114000432,212,55,157
114000434,29,64,-35
114000435,10,44,-34
114000436,1644,563,1081
114000437,953,10651,-9698
114900001,1071,412,659
114900002,458,256,202
114900003,1360,500,860
114900004,367,696,-329
114900005,1060,390,670
114900006,149,164,-15
114900007,543,42,501
114900008,491,108,383
114900010,1419,2108,-689
114900011,416,188,228
114900013,442,199,243
114900015,237,831,-594
114900018,1178,43,1135
114900020,214,140,74
114900022,1,704,-703
114900024,316,103,213
114900025,761,142,619
114900026,120,197,-77
114900027,296,177,119
114900029,51,19,32
114900030,499,321,178
114900031,810,43,767
114900032,828,34,794
114900033,687,2011,-1324
114900034,44,52,-8
114900035,132,450,-318
114900036,277,291,-14
114900037,129,76,53
114900038,335,301,34
114900039,758,187,571
114900040,163,68,95
114900041,1480,170,1310
114900042,1913,269,1644
114900043,313,155,158
114900044,243,86,157
114900046,33,33,0
114900047,353,4421,-4068
114900048,47,130,-83
114900049,12,99,-87
114900050,119,144,-25
114900051,66,204,-138
114900052,61,312,-251
114900053,91,249,-158
114900054,36,46,-10
114900057,238,24,214
114900058,0,46,-46
114900059,194,144,50
114900060,328,1155,-827
114900061,126,38,88
114900062,178,358,-180
114900063,108,63,45
114900064,3441,225,3216
114900065,726,868,-142
114900067,56,451,-395
114900068,53,66,-13
114900069,163,71,92
114900070,914,296,618
114900072,7,272,-265
114900073,0,66,-66
114900074,1363,188,1175
114900075,599,23,576
114900076,15,335,-320
114900080,1109,194,915
114900082,2629,3597,-968
114900083,543,1190,-647
114900090,705,321,384
114900091,119,135,-16
114900095,261,70,191
114900096,321,627,-306
114900097,352,14,338
114900098,7,113,-106
114900099,361,19,342
115000001,4380,2062,2318
115000002,5363,6779,-1416
115000003,4652,1717,2935
115000004,6581,8052,-1471
115000005,2065,2352,-287
115000006,1550,1952,-402
115000007,325,284,41
115000008,629,769,-140
115000009,586,275,311
115000010,427,240,187
115000013,52,286,-234
115000015,22,360,-338
115000016,190,490,-300
115000019,77,494,-417
115000020,193,1732,-1539
115000021,274,385,-111
115000022,662,314,348
115000023,428,693,-265
115000024,1155,435,720
115000025,1390,1034,356
115000026,320,341,-21
115000027,601,437,164
115000028,427,686,-259
115000029,1080,110,970
115000030,966,1183,-217
115000031,1316,457,859
115000032,13,325,-312
115000033,165,59,106
115000034,137,1362,-1225
115000035,1453,122,1331
115000036,3,541,-538
115000037,830,27,803
115000038,115,189,-74
115000039,3129,4957,-1828
115000040,3674,2677,997
115000041,2234,5609,-3375
115000042,553,675,-122
115000043,5036,3742,1294
115000044,3535,3292,243
115000045,3169,1182,1987
115000046,4112,3328,784
115000047,3961,1728,2233
115000048,2649,1911,738
115000049,1608,2953,-1345
115000050,4272,1917,2355
115000051,2133,4886,-2753
115000052,1247,1577,-330
115000053,3303,3032,271
115000054,761,831,-70
115000055,205,938,-733
115000056,162,492,-330
115000057,607,1656,-1049
115000058,191,420,-229
115000059,325,372,-47
115000061,165,192,-27
115000062,260,462,-202
115000063,564,347,217
115000064,247,112,135
115000065,96,499,-403
115000067,259,38,221
115000069,185,341,-156
115000070,34,1553,-1519
115000071,124,30,94
115000072,8,47,-39
115000073,2005,109,1896
115000075,139,108,31
115000076,2566,2443,123
115000077,2605,1518,1087
115000078,2508,916,1592
115000079,2091,1220,871
115000080,4394,1433,2961
115000081,381,658,-277
115000082,6838,5822,1016
115000083,2898,1249,1649
115000084,4734,1400,3334
115000085,1690,771,919
115000086,1986,707,1279
115000087,622,1799,-1177
115000088,2372,878,1494
115000089,1493,1243,250
115000090,620,1127,-507
115000091,445,521,-76
115000092,1311,834,477
115000093,897,5,892
115000094,5448,9537,-4089
115000095,4345,9308,-4963
115000096,1600,973,627
115000097,2864,1622,1242
115000098,2632,674,1958
115000099,3864,1660,2204
115000100,2139,385,1754
115000101,752,899,-147
115000102,749,272,477
115000103,336,459,-123
115000105,105,81,24
115000106,1201,537,664
115000107,295,270,25
115000108,2227,2111,116
115000109,3939,6905,-2966
115000110,1526,2954,-1428
115000111,588,1513,-925
115000112,1137,1385,-248
115000113,719,1243,-524
115000114,1488,751,737
115000116,3358,2689,669
115000117,2417,2794,-377
115000118,2560,2291,269
115000119,1771,2514,-743
115000120,748,1645,-897
115000121,752,864,-112
115000122,994,2007,-1013
115000123,1121,2779,-1658
115000124,935,1715,-780
115000125,435,1359,-924
115000126,242,538,-296
115000127,503,252,251
115000128,403,1073,-670
115000129,241,636,-395
115000130,580,577,3
115000131,1245,280,965
115000132,514,474,40
115000133,843,245,598
115000134,427,511,-84
115000135,325,314,11
115000136,292,255,37
115000137,101,299,-198
115000138,496,299,197
115000139,286,226,60
115000140,481,186,295
115000141,385,149,236
115000142,320,89,231
115000143,1407,762,645
115000144,641,80,561
115000145,419,202,217
115000146,600,539,61
115000147,414,439,-25
115000148,511,533,-22
115000149,1033,282,751
115000150,892,486,406
115000151,1956,526,1430
115000152,1026,1050,-24
115000153,1953,570,1383
115000154,1413,325,1088
115000155,1049,1066,-17
115000156,955,1209,-254
115000157,600,1345,-745
115000158,542,537,5
115000159,520,997,-477
115000160,692,947,-255
115000161,1197,548,649
115000162,582,1323,-741
115000163,603,815,-212
115000164,540,1047,-507
115000165,298,894,-596
115000167,108,157,-49
115000168,483,807,-324
115000169,388,1112,-724
115000170,87,189,-102
115000171,220,483,-263
115000172,883,843,40
115000173,382,1338,-956
115000174,87,540,-453
115000175,189,184,5
115000176,99,124,-25
115000177,51,228,-177
115000178,31,182,-151
115000179,36,86,-50
115000180,135,349,-214
115000181,1331,200,1131
115000182,1568,303,1265
115000183,814,506,308
115000186,896,258,638
115000187,265,590,-325
115000188,581,789,-208
115000189,360,376,-16
115000190,948,679,269
115000191,338,691,-353
115000194,107,158,-51
115000195,226,503,-277
115000196,341,127,214
115000197,349,154,195
115000198,863,183,680
115000199,807,148,659
115000200,628,192,436
115000201,312,200,112
115000206,530,39,491
115000207,451,233,218
115000208,425,854,-429
115000209,828,500,328
115000210,185,103,82
115000211,375,326,49
115000212,1212,461,751
115000224,364,68,296
115000225,177,95,82
115000229,195,156,39
115000230,137,803,-666
115000231,481,842,-361
115000232,3443,343,3100
115000233,213,252,-39
115000234,68,286,-218
115000241,232,190,42
115000242,307,117,190
115000243,113,144,-31
115000244,11,190,-179
115000246,102,34,68
115000247,89,18,71
115000248,76,17,59
115000249,20,24,-4
115000250,441,26,415
115000251,525,69,456
115000252,109,230,-121
115000253,10,567,-557
115000258,695,97,598
115000259,382,110,272
115000261,27,16,11
115000262,16,66,-50
115000263,22,40,-18
115000264,28,30,-2
115000267,114,90,24
115000268,63,111,-48
115000269,141,42,99
115000270,10,15,-5
115000272,65,134,-69
115000273,954,81,873
115000280,1905,281,1624
115000281,380,756,-376
115000282,1333,1208,125
115000284,145,192,-47
115000296,681,7,674
115000297,175,232,-57
115000298,41,529,-488
115000300,316,122,194
115000302,835,140,695
115000303,1457,90,1367
115000304,1396,68,1328
115000305,171,329,-158
115000306,262,100,162
115000307,212,141,71
115000308,21,35,-14
115000309,41,117,-76
115000310,2528,526,2002
115000311,2488,1401,1087
115000313,163,264,-101
115000314,1076,222,854
115000315,1109,1104,5
115000316,154,222,-68
115000317,232,443,-211
115000318,981,412,569
115000319,154,208,-54
115000320,55,650,-595
115000321,510,22,488
115000322,107,139,-32
115000449,224,267,-43
115000557,6,2574,-2568
115000558,200,109,91
115000587,858,327,531
115000588,2214,2767,-553
115000589,4606,3064,1542
115000590,890,1972,-1082
115000591,1650,1148,502
115000592,541,2319,-1778
115000593,1763,1273,490
115000594,406,2997,-2591
115000609,317,140,177
115000617,481,3195,-2714
115000624,696,56,640
115000633,446,1500,-1054
115000634,4379,1044,3335
115000635,788,139,649
115000638,319,491,-172
115000641,57,309,-252
115000642,256,252,4
115000643,162,320,-158
115000644,157,333,-176
115000646,1015,2017,-1002
115000647,285,671,-386
115000648,3773,1142,2631
115000893,1813,1702,111
115000894,139,694,-555
115000895,244,801,-557
115000896,1478,564,914
115000897,548,140,408
115000898,620,446,174
115000899,307,1858,-1551
115000900,38,538,-500
115000901,74,329,-255
115000912,791,127,664
115000913,2,23,-21
115000915,24,2,22
115000916,6,0,6
115000917,0,2,-2
115000918,83,840,-757
115000919,0,58,-58
115000920,4,62,-58
115000921,373,65,308
115000922,380,1390,-1010
115000923,73,2009,-1936
115000925,225,200,25
115000927,63,140,-77
115000933,82,863,-781
115000934,234,201,33
115000935,326,89,237
115000936,56,971,-915
115000937,570,233,337
115000938,35,211,-176
115000939,10,136,-126
115900001,268,17,251
115900002,128,107,21
115900003,344,68,276
115900004,3,39,-36
115900005,330,47,283
115900006,180,117,63
115900008,151,5,146
115900009,111,436,-325
115900010,722,71,651
115900011,504,401,103
115900012,534,11,523
115900013,369,141,228
115900014,171,156,15
115900015,309,24,285
115900016,83,44,39
115900017,51,23,28
115900018,201,33,168
115900019,229,15,214
115900020,230,4,226
115900021,946,388,558
115900022,779,10,769
115900023,4,24,-20
115900025,88,369,-281
115900026,878,104,774
115900027,0,170,-170
115900028,414,80,334
115900029,24,256,-232
115900030,68,30,38
115900031,87,426,-339
115900032,451,626,-175
115900033,1,129,-128
115900034,31,156,-125
115900035,71,89,-18
115900036,54,2758,-2704
115900037,38,158,-120
115900038,59,37,22
115900039,306,162,144
115900041,165,1471,-1306
115900042,101,14,87
115900043,195,42,153
115900044,244,466,-222
115900046,710,192,518
115900047,201,351,-150
115900049,300,163,137
115900051,10,23,-13
115900052,11,135,-124
115900053,565,117,448
115900054,648,58,590
115900055,26,96,-70
115900056,414,131,283
115900057,17,18,-1
115900058,24,67,-43
115900060,133,460,-327
115900061,428,5,423
115900062,101,99,2
115900063,61,5,56
115900064,169,337,-168
115900065,193,146,47
115900066,80,75,5
115900067,27,114,-87
115900068,1391,1757,-366
115900069,46,230,-184
115900070,299,67,232
115900071,0,103,-103
115900072,22,129,-107
115900073,179,206,-27
115900074,4,113,-109
115900075,54,152,-98
115900076,35,23,12
115900077,0,64,-64
115900078,24,160,-136
115900079,566,21,545
115900080,164,119,45
115900081,40,24,16
115900082,141,255,-114
115900084,966,58,908
115900085,60,102,-42
115900086,929,538,391
115900088,7,141,-134
115900089,890,367,523
115900090,970,7,963
115900091,29,61,-32
115900092,82,90,-8
115900093,13,27,-14
115900094,8,110,-102
115900096,51,13,38
115900097,10,162,-152
115900098,498,192,306
115900099,53,51,2
115900100,42,161,-119
115900101,407,169,238
115900102,169,67,102
115900103,541,174,367
115900104,187,71,116
115900105,585,329,256
115900106,199,11,188
115900107,183,60,123
115900108,338,11,327
115900109,42,194,-152
115900110,28,12,16
115900111,5,75,-70
115900112,70,651,-581
115900113,110,23,87
115900114,7,159,-152
115900115,115,230,-115
115900116,112,421,-309
115900117,157,22,135
115900118,4,114,-110
115900119,239,143,96
115900120,39,175,-136
115900121,390,144,246
115900124,390,1234,-844
115900125,653,102,551
115900126,1642,134,1508
115900127,1326,53,1273
115900128,5,104,-99
115900129,907,56,851
115900130,8,504,-496
115900131,600,43,557
115900132,1152,11,1141
115900134,434,14,420
115900135,524,1294,-770
115900137,41,6,35
115900139,19,242,-223
115900140,755,107,648
115900141,4,71,-67
115900142,29,56,-27
115900143,433,668,-235
115900144,270,262,8
115900146,31,29,2
115900147,201,365,-164
115900148,93,14,79
115900149,356,11,345
115900150,237,26,211
115900151,46,131,-85
115900152,318,229,89
115900153,241,190,51
115900154,465,521,-56
115900155,0,23,-23
115900156,1012,1175,-163
115900157,415,596,-181
115900158,23,11,12
115900159,286,136,150
115900160,5,22,-17
115900161,75,507,-432
115900163,478,240,238
115900164,1166,26,1140
115900165,5,191,-186
115900166,202,189,13
115900168,238,81,157
115900171,162,484,-322
115900172,151,128,23
115900173,343,68,275
115900174,219,442,-223
115900175,274,253,21
115900178,4,211,-207
115900179,645,15,630
115900180,107,51,56
115900181,367,74,293
115900182,879,71,808
115900183,24,188,-164
115900184,492,23,469
115900187,16,328,-312
115900189,1,237,-236
115900190,223,1613,-1390
115900191,21,151,-130
115900192,52,129,-77
115900193,173,178,-5
115900194,1360,88,1272
115900195,446,3949,-3503
115900198,421,293,128
115900199,443,109,334
115900200,341,183,158
115900201,321,384,-63
115900202,1,129,-128
115900203,13,27,-14
115900204,0,10,-10
115900205,40,6,34
115900206,495,83,412
115900207,87,9,78
115900208,186,51,135
115900209,14,97,-83
115900210,4,142,-138
115900211,2,114,-112
115900212,365,128,237
115900213,92,190,-98
115900214,843,140,703
115900215,29,402,-373
115900216,2,65,-63
115900217,3,38,-35
115900218,0,36,-36
115900219,183,2,181
115900220,530,8,522
115900221,279,19,260
115900222,231,83,148
115900223,15,1081,-1066
115900224,530,2833,-2303
115900225,55,102,-47
115900226,18,63,-45
115900227,13,85,-72
115900228,17,74,-57
115900229,6,43,-37
115900230,33,86,-53
115900231,164,8,156
115900232,131,2,129
115900233,189,10,179
115900234,118,28,90
115900235,51,56,-5
115900236,24,42,-18
115900237,36,27,9
115900238,53,10,43
115900239,26,23,3
115900240,28,27,1
115900241,317,40,277
115900242,444,541,-97
115900243,43,7,36
115900244,23,22,1
115900245,82,8,74
115900246,13,21,-8
115900247,16,33,-17
115900248,26,5,21
115900249,58,9,49
115900250,40,16,24
115900251,4,4,0
115900252,11,2,9
115900253,26,25,1
115900254,19,65,-46
115900255,0,36,-36
115900256,22,61,-39
115900257,10,14,-4
115900258,1,0,1
115900259,2,2,0
115900260,9,2,7
115900261,12,1,11
115900262,8,0,8
115900263,21,1,20
115900264,71,6,65
115900265,10,26,-16
115900266,7,16,-9
115900267,1,34,-33
115900268,3,26,-23
115900269,1108,132,976
115900270,650,113,537
115900271,273,0,273
115900272,62,6,56
115900273,19,55,-36
115900274,3,1,2
115900275,1,5,-4
115900276,1,22,-21
115900277,0,39,-39
115900278,82,154,-72
115900279,71,361,-290
115900280,18,1028,-1010
115900281,158,408,-250
115900282,25,49,-24
116000001,6513,2409,4104
116000002,5733,18210,-12477
116000003,1611,1763,-152
116000004,4203,7393,-3190
116000005,1073,3434,-2361
116000006,3515,5863,-2348
116000007,2117,2109,8
116000008,6334,4251,2083
116000009,995,1155,-160
116000010,3744,2333,1411
116000011,794,1163,-369
116000012,2571,1515,1056
116000013,4450,5432,-982
116000014,11884,27466,-15582
116000015,193,2311,-2118
116000016,6148,6881,-733
116000017,43,868,-825
116000018,586,646,-60
116000019,1431,482,949
116000020,939,2168,-1229
116000021,980,487,493
116000022,747,464,283
116000023,2389,1736,653
116000024,819,1296,-477
116000025,1683,1325,358
116000026,1774,3818,-2044
116000027,609,1143,-534
116000028,577,1532,-955
116000029,565,612,-47
116000030,797,950,-153
116000031,104,242,-138
116000032,392,151,241
116000033,812,546,266
116000034,1088,1035,53
116000035,566,495,71
116000036,622,5452,-4830
116000037,254,714,-460
116000038,171,2069,-1898
116000039,357,2389,-2032
116000040,704,1873,-1169
116000041,94,1558,-1464
116000042,1175,1123,52
116000043,263,613,-350
116000044,3,26,-23
116000045,2362,1794,568
116000046,1218,2264,-1046
116000047,2305,3347,-1042
116000048,3456,1774,1682
116000049,2379,3778,-1399
116000050,2157,1346,811
116000051,5555,3950,1605
116000052,5459,5115,344
116000053,3466,670,2796
116000054,1383,3132,-1749
116000055,1385,1046,339
116000056,2119,1374,745
116000057,3304,1977,1327
116000058,4806,4880,-74
116000059,3032,6032,-3000
116000060,3395,1538,1857
116000061,659,1927,-1268
116000062,694,443,251
116000063,839,2656,-1817
116000066,335,856,-521
116000067,343,401,-58
116000068,212,488,-276
116000069,392,298,94
116000078,679,1403,-724
116000080,2150,751,1399
116000082,12,20,-8
116000083,2459,583,1876
116000084,1485,2402,-917
116000085,2465,2663,-198
116000086,862,518,344
116000087,3913,2655,1258
116000088,1181,983,198
116000089,194,129,65
116000090,168,174,-6
116000091,282,603,-321
116000093,1204,467,737
116000094,1073,421,652
116000095,1413,858,555
116000096,1667,2118,-451
116000097,1466,745,721
116000098,87,11018,-10931
116000099,6036,369,5667
116000100,469,24,445
116000101,1814,526,1288
116000102,440,934,-494
116000103,573,479,94
116000104,339,1191,-852
116000105,2257,205,2052
116000106,523,1230,-707
116000107,3681,285,3396
116000108,123,326,-203
116000111,229,42,187
116000113,292,212,80
116000114,51,135,-84
116000115,612,236,376
116000116,335,322,13
116000117,2060,1877,183
116000118,2302,1082,1220
116000119,5460,2084,3376
116000120,3386,2865,521
116000121,1351,839,512
116000122,1059,1008,51
116000123,2042,629,1413
116000124,603,627,-24
116000125,4878,1064,3814
116000126,323,765,-442
116000127,1012,767,245
116000128,3442,1249,2193
116000129,2219,249,1970
116000130,1274,999,275
116000133,2424,836,1588
116000134,1901,1154,747
116000135,4444,1639,2805
116000136,1075,1381,-306
116000137,1609,985,624
116000138,2234,1263,971
116000139,2422,3889,-1467
116000140,232,266,-34
116000141,666,363,303
116000142,3697,2087,1610
116000143,2740,1966,774
116000144,2367,1813,554
116000145,3141,946,2195
116000146,1346,112,1234
116000147,316,272,44
116000148,1104,1624,-520
116000149,1472,1277,195
116000151,657,583,74
116000153,181,415,-234
116000155,293,483,-190
116000156,938,995,-57
116000157,173,13,160
116000158,649,236,413
116000159,25,29,-4
116000160,74,83,-9
116000161,12,102,-90
116000162,113,286,-173
116000163,80,54,26
116000164,38,76,-38
116000177,124,248,-124
116000194,103,294,-191
116000195,1736,493,1243
116000196,65,4,61
116000197,27,6,21
116000198,2748,1327,1421
116000200,901,1086,-185
116000201,797,667,130
116000202,9,205,-196
116000203,3,62,-59
116000204,20,51,-31
116000205,1,131,-130
116000206,0,119,-119
116000207,25,59,-34
116000233,275,488,-213
116000287,347,210,137
116000288,597,207,390
116000292,194,158,36
116000296,10,95,-85
116000297,106,18,88
116000304,306,31,275
116000305,27,79,-52
116000346,336,126,210
116000352,223,128,95
116000354,39,60,-21
116000357,20,30,-10
116000358,676,136,540
116000361,56,3,53
116000372,4144,10068,-5924
116000381,222,0,222
116000388,3,23,-20
116000389,1349,604,745
116000445,1134,210,924
116000446,1075,372,703
116000447,27,748,-721
116000448,740,144,596
116000563,857,1081,-224
116000565,49,279,-230
116000568,77,743,-666
116000579,28,101,-73
116000584,91,14,77
116000585,66,29,37
116000586,115,199,-84
116000587,444,498,-54
116000589,81,149,-68
116000590,213,100,113
116000591,357,233,124
116000592,12,53,-41
116000593,0,22,-22
116000594,1705,216,1489
116000595,1229,110,1119
116000596,298,19,279
116000597,939,318,621
116000598,40,102,-62
116000602,42,814,-772
116000605,181,144,37
116000606,83,399,-316
116000607,2,216,-214
116000609,160,1582,-1422
116000611,359,231,128
116000612,1821,2431,-610
116000613,1182,394,788
116000614,560,195,365
116000615,3,754,-751
116000616,149,114,35
116000617,233,22,211
116000618,17,86,-69
116000619,87,111,-24
116000620,346,186,160
116000621,205,161,44
116000622,175,126,49
116000624,231,171,60
116000627,93,14,79
116000628,95,102,-7
116000629,51,126,-75
116000630,1088,14,1074
116000631,414,19,395
116000632,1016,80,936
116000633,54,136,-82
116000634,1031,26,1005
116000635,2389,3523,-1134
116000636,285,1422,-1137
116000637,399,15,384
116000638,5,168,-163
116900001,628,230,398
116900002,418,2,416
116900003,108,27,81
116900004,70,140,-70
116900005,389,63,326
116900006,93,217,-124
116900007,247,397,-150
116900008,886,133,753
116900009,18,23,-5
116900010,2,709,-707
116900011,28,59,-31
116900012,346,526,-180
116900013,6,113,-107
116900014,394,58,336
116900015,842,62,780
116900016,490,9,481
116900017,4,625,-621
116900018,250,90,160
116900019,2,160,-158
116900020,533,2510,-1977
116900023,55,22,33
116900024,1112,43,1069
116900025,2280,583,1697
116900026,132,534,-402
116900027,114,56,58
116900028,2,74,-72
116900029,1,173,-172
116900031,1,1,0
116900032,16,170,-154
116900033,78,9,69
116900034,7,41,-34
116900035,209,149,60
116900036,8,151,-143
116900038,17,4,13
116900041,101,16,85
116900042,305,231,74
116900043,27,50,-23
116900047,19,295,-276
116900049,27,272,-245
116900050,125,304,-179
116900051,427,52,375
116900052,248,93,155
116900055,0,28,-28
116900057,37,140,-103
116900058,31,309,-278
116900059,1,73,-72
116900060,175,372,-197
116900062,4,14,-10
116900064,167,238,-71
116900065,25,120,-95
116900067,314,63,251
116900068,117,208,-91
116900070,18,8,10
116900072,62,166,-104
116900073,48,95,-47
116900074,10,34,-24
116900076,20,69,-49
116900077,12,57,-45
116900078,209,49,160
116900079,74,134,-60
116900080,23,28,-5
116900081,259,777,-518
116900082,236,984,-748
116900083,9,28,-19
116900084,59,112,-53
116900085,25,107,-82
116900086,80,186,-106
116900088,462,103,359
116900090,64,10,54
116900091,687,60,627
116900092,173,434,-261
116900093,4619,1892,2727
116900094,3981,8207,-4226
116900095,321,579,-258
116900096,131,759,-628
116900097,1655,5019,-3364
116900098,945,801,144
116900099,322,1350,-1028
116900100,1641,160,1481
116900101,259,762,-503
116900103,8,0,8
116900104,61,220,-159
116900105,411,300,111
116900106,4095,204,3891
116900107,1797,3957,-2160
116900110,31,0,31
116900111,1200,266,934
116900112,414,622,-208
116900113,1281,3203,-1922
116900116,47,2119,-2072
116900117,281,106,175
116900118,2086,1272,814
116900120,572,75,497
116900121,275,44,231
116900122,1785,271,1514
116900123,514,274,240
116900124,199,527,-328
116900125,993,186,807
116900126,108,773,-665
116900128,0,66,-66
116900129,3,226,-223
116900130,1300,6190,-4890
116900131,97,571,-474
116900132,134,154,-20
116900133,301,156,145
116900134,461,281,180
116900136,238,196,42
116900137,364,151,213
116900138,256,173,83
116900139,168,332,-164
116900140,212,73,139
116900141,727,194,533
116900142,5,113,-108
116900143,617,199,418
116900144,117,89,28
116900145,107,186,-79
116900147,264,2904,-2640
116900148,17,70,-53
116900149,120,344,-224
116900150,26,14,12
116900151,132,115,17
116900153,257,114,143
116900154,249,748,-499
116900155,137,113,24
116900157,1180,91,1089
116900158,101,463,-362
116900159,88,879,-791
116900160,1455,1485,-30
116900161,5316,12786,-7470
116900162,25,91,-66
116900163,385,62,323
116900164,156,116,40
116900165,1057,638,419
116900166,143,44,99
116900167,769,73,696
116900168,689,72,617
116900169,382,3081,-2699
116900170,1018,603,415
116900171,88,174,-86
116900172,101,729,-628
116900173,411,31,380
116900174,129,153,-24
116900175,399,820,-421
116900178,96,102,-6
116900179,105,741,-636
116900180,115,13,102
116900182,2336,383,1953
116900183,292,101,191
116900185,81,89,-8
116900186,184,128,56
116900187,47,129,-82
116900188,162,33,129
116900189,90,3,87
116900191,359,481,-122
116900192,497,153,344
116900194,176,2520,-2344
116900195,87,27,60
116900196,30,41,-11
116900197,246,83,163
116900198,109,579,-470
116900200,264,10,254
116900201,306,15,291
116900202,92,21,71
116900203,272,41,231
116900204,47,257,-210
116900206,23,4,19
116900207,60,38,22
116900208,6,70,-64
116900209,26,47,-21
116900210,1074,503,571
116900211,344,10,334
116900212,200,11,189
116900213,453,148,305
116900214,387,241,146
116900215,93,57,36
116900216,511,235,276
116900218,13,332,-319
116900219,619,323,296
116900220,241,442,-201
116900221,278,402,-124
116900222,788,425,363
116900223,161,279,-118
116900226,174,70,104
116900227,336,54,282
116900228,472,151,321
116900230,102,167,-65
116900231,113,197,-84
116900232,59,180,-121
116900233,548,138,410
116900234,59,24,35
116900235,212,244,-32
116900238,920,279,641
116900239,30,1232,-1202
116900240,4741,4945,-204
116900241,295,88,207
116900242,506,1384,-878
116900243,8,45,-37
116900245,92,62,30
116900246,288,20,268
116900247,1538,88,1450
116900248,165,42,123
116900249,814,57,757
116900250,832,56,776
116900251,455,1658,-1203
116900252,345,609,-264
116900253,255,65,190
116900254,89,130,-41
116900255,246,193,53
116900256,964,163,801
116900257,27,212,-185
116900258,11,78,-67
116900259,661,26,635
116900260,6,38,-32
116900261,158,4,154
116900262,289,163,126
116900263,1,47,-46
116900264,2,17,-15
116900265,70,0,70
116900266,19,10,9
116900267,42,1,41
116900268,265,236,29
116900269,652,1166,-514
116900271,672,662,10
116900272,584,425,159
116900273,51,721,-670
116900274,248,29,219
116900275,486,69,417
116900276,442,448,-6
116900277,244,33,211
116900278,2,7,-5
116900279,1,21,-20
116900280,68,27,41
116900281,3983,8926,-4943
116900282,6,38,-32
116900283,41,95,-54
116900284,17,109,-92
116900285,176,409,-233
116900286,210,45,165
116900287,6,16,-10
116900288,228,50,178
116900289,56,4,52
116900290,40,2,38
116900291,110,21,89
116900292,0,34,-34
116900293,152,9,143
116900294,18,228,-210
116900295,134,514,-380
116900296,76,523,-447
116900297,5,148,-143
116900298,141,473,-332
116900299,63,639,-576
116900300,7,271,-264
116900301,54,1188,-1134
116900302,12,228,-216
116900303,225,336,-111
116900304,1,304,-303
116900305,8,37,-29
116900306,439,42,397
117000001,4542,3683,859
117000002,2277,4160,-1883
117000003,7653,4925,2728
117000004,2554,5733,-3179
117000005,4613,3303,1310
117000006,1243,2151,-908
117000007,7996,1521,6475
117000008,1212,2620,-1408
117000009,5755,2235,3520
117000010,1947,2653,-706
117000011,3681,1756,1925
117000012,2070,925,1145
117000013,2750,1067,1683
117000014,1477,2121,-644
117000015,4073,1830,2243
117000016,466,575,-109
117000017,120,1473,-1353
117000018,209,1651,-1442
117000019,86,8,78
117000020,1087,3970,-2883
117000021,2309,787,1522
117000022,245,935,-690
117000023,79,898,-819
117000024,219,1718,-1499
117000025,202,5156,-4954
117000026,2159,5603,-3444
117000027,1570,5327,-3757
117000028,1323,4380,-3057
117000030,450,475,-25
117000031,541,437,104
117000032,1720,2053,-333
117000033,2179,1146,1033
117000034,436,284,152
117000035,548,637,-89
117000036,600,377,223
117000037,429,325,104
117000038,427,620,-193
117000039,470,396,74
117000040,275,704,-429
117000041,2043,129,1914
117000044,9,589,-580
117000045,1284,251,1033
117000046,412,747,-335
117000047,940,1084,-144
117000048,1782,870,912
117000049,94,576,-482
117000050,378,1461,-1083
117000051,4038,78,3960
117000052,90,222,-132
117000053,1156,38,1118
117000054,2477,12,2465
117000055,0,1675,-1675
117000056,1017,56,961
117000057,612,2121,-1509
117000060,599,1385,-786
117000061,3536,1845,1691
117000062,215,1055,-840
117000063,2952,1327,1625
117000064,555,596,-41
117000066,917,947,-30
117000067,164,987,-823
117000074,67,240,-173
117000076,66,63,3
117000077,334,224,110
117000078,202,681,-479
117000079,708,387,321
117000080,0,527,-527
117000081,1496,251,1245
117000082,26,59,-33
117000083,237,28,209
117000084,323,6,317
117000085,659,1292,-633
117000086,991,375,616
117000087,125,603,-478
117000088,372,220,152
117000089,3096,255,2841
117000090,557,892,-335
117000091,1901,289,1612
117000092,829,850,-21
117000093,2736,853,1883
117000094,1426,1445,-19
117000095,5298,931,4367
117000096,868,1750,-882
117000097,3084,1352,1732
117000098,2094,2769,-675
117000099,7214,1515,5699
117000100,372,713,-341
117000101,202,724,-522
117000102,3333,876,2457
117000103,724,971,-247
117000104,2689,834,1855
117000105,743,1023,-280
117000106,2942,688,2254
117000107,741,1310,-569
117000108,4253,1356,2897
117000109,1031,1801,-770
117000110,3071,2539,532
117000111,5327,4819,508
117000112,5469,1861,3608
117000113,214,105,109
117000114,469,167,302
117000115,105,51,54
117000116,318,263,55
117000117,2419,2035,384
117000118,521,311,210
117000119,235,1107,-872
117000120,126,2829,-2703
117000121,34,1647,-1613
117000122,1072,2148,-1076
117000123,3594,120,3474
117000124,143,228,-85
117000125,118,1062,-944
117000126,56,34,22
117000127,182,897,-715
117000128,149,2012,-1863
117000129,245,1280,-1035
117000130,41,0,41
117000131,2,109,-107
117000132,5794,37,5757
117000133,3787,14,3773
117000134,0,266,-266
117000135,5,388,-383
117000136,1,81,-80
117000137,375,256,119
117000138,2,1337,-1335
117000140,516,1082,-566
117000141,3656,699,2957
117000181,483,241,242
117000182,3317,1709,1608
117000195,249,1213,-964
117000196,528,290,238
117000225,81,416,-335
117000226,11,488,-477
117000276,604,66,538
117000277,0,148,-148
117000310,1585,2343,-758
117000315,296,1045,-749
117000320,50,0,50
117000906,687,28,659
117000907,16,140,-124
117000908,3,507,-504
117000909,112,97,15
117000910,312,216,96
117000911,90,175,-85
117000915,21,247,-226
117000916,149,24,125
117000917,2711,84,2627
117000918,309,109,200
117000919,43,45,-2
117000920,1,1009,-1008
117000921,0,425,-425
117000922,41,76,-35
117000924,863,929,-66
117000926,939,692,247
117000927,322,1411,-1089
117000928,0,133,-133
117000929,623,169,454
117000930,768,22,746
117000931,128,270,-142
117900002,96,1039,-943
117900003,258,512,-254
117900005,9,332,-323
117900006,0,137,-137
117900007,206,68,138
117900008,0,27,-27
117900010,712,88,624
117900011,31,915,-884
117900012,156,67,89
117900013,0,190,-190
117900014,1001,197,804
117900015,42,172,-130
117900016,1131,1600,-469
117900017,1398,439,959
117900018,545,1704,-1159
117900019,1384,229,1155
117900020,105,535,-430
117900021,59,116,-57
117900022,55,13,42
117900023,3909,153,3756
117900024,110,78,32
117900025,51,2,49
117900026,901,135,766
117900028,52,21,31
117900029,650,469,181
117900030,909,446,463
117900031,286,945,-659
117900032,1379,1085,294
117900033,858,462,396
117900034,99,47,52
117900035,256,257,-1
117900036,752,220,532
117900037,405,113,292
117900038,64,144,-80
117900039,2,46,-44
117900040,206,219,-13
117900041,2,41,-39
117900042,3402,453,2949
117900043,6,41,-35
117900044,103,6087,-5984
117900045,311,209,102
117900048,570,184,386
117900049,404,260,144
117900050,16,995,-979
117900051,30,30,0
117900052,150,830,-680
117900053,2944,269,2675
117900054,4,22,-18
117900055,3250,459,2791
117900056,64,206,-142
117900057,1145,1261,-116
117900058,19,152,-133
117900059,179,156,23
117900060,4306,2422,1884
117900061,11,710,-699
117900063,769,212,557
117900065,404,1210,-806
117900066,24,221,-197
117900067,1398,165,1233
117900069,1437,247,1190
117900070,54,376,-322
117900071,336,144,192
117900073,1104,335,769
117900074,66,903,-837
117900075,149,79,70
117900076,72,98,-26
117900077,1079,174,905
117900078,679,1090,-411
117900080,268,67,201
117900081,314,388,-74
117900082,898,531,367
117900083,896,339,557
117900086,305,55,250
117900087,282,56,226
117900088,1474,1666,-192
117900089,3676,907,2769
117900090,904,457,447
117900091,152,65,87
117900092,194,40,154
117900093,223,50,173
117900094,88,62,26
117900095,652,620,32
117900096,215,399,-184
117900097,456,61,395
117900098,85,19,66
117900099,297,633,-336
117900100,922,8,914
117900101,1078,3339,-2261
117900102,156,28,128
117900103,156,9,147
117900104,9,311,-302
117900105,75,175,-100
117900106,275,71,204
117900107,60,12,48
117900109,1509,462,1047
117900110,235,2,233
117900111,988,75,913
117900112,110,13,97
117900113,1721,3408,-1687
117900114,64,6,58
117900115,101,377,-276
117900116,1082,776,306
117900117,1455,189,1266
117900118,277,6,271
117900119,426,69,357
117900120,927,65,862
117900121,158,262,-104
117900122,1247,7676,-6429
117900123,1446,370,1076
117900124,551,676,-125
117900125,2172,2225,-53
117900126,235,468,-233
117900127,924,300,624
117900128,559,269,290
117900129,136,0,136
117900130,921,493,428
117900131,1,119,-118
117900132,18,98,-80
117900133,60,51,9
117900134,77,252,-175
117900135,71,103,-32
117900136,0,12,-12
117900137,96,230,-134
117900138,1,12,-11
117900139,158,81,77
117900140,4677,1197,3480
117900141,141,304,-163
117900142,23,659,-636
117900144,43,2048,-2005
117900145,20,227,-207
117900146,115,522,-407
117900147,201,133,68
117900148,4104,3910,194
117900149,194,120,74
117900150,82,126,-44
117900151,87,214,-127
117900152,125,208,-83
117900153,8,206,-198
117900154,818,576,242
117900156,628,800,-172
117900157,165,492,-327
117900158,632,154,478
117900160,1198,1197,1
117900161,1365,1488,-123
117900162,1360,582,778
117900163,34,941,-907
117900165,1,5,-4
117900166,85,764,-679
117900168,60,131,-71
117900169,2,57,-55
117900170,13,32,-19
117900171,4,10,-6
117900172,34,14,20
117900173,76,259,-183
117900174,30,79,-49
117900175,22,24,-2
117900176,38,34,4
117900177,49,21,28
117900178,145,56,89
117900180,345,84,261
117900181,44,595,-551
117900182,1,46,-45
117900183,89,213,-124
117900184,31,113,-82
117900185,103,42,61
117900186,91,19,72
117900187,42,13,29
117900188,261,68,193
117900189,147,43,104
117900190,36,3,33
117900191,126,3,123
117900192,403,5,398
117900193,10,84,-74
117900194,16,6,10
117900195,11,137,-126
117900196,17,41,-24
117900207,105,217,-112
117900208,43,46,-3
117900209,275,126,149
117900210,243,181,62
117900211,30,130,-100
117900212,200,244,-44
117900213,113,9,104
117900214,15,22,-7
117900215,28,22,6
117900216,35,134,-99
117900217,92,425,-333
117900218,82,251,-169
117900219,6,279,-273
117900220,29,663,-634
117900222,382,125,257
117900223,155,411,-256
118000001,851,2301,-1450
118000002,632,1510,-878
118000003,2480,5907,-3427
118000004,1431,4854,-3423
118000005,4388,5186,-798
118000006,3333,7167,-3834
118000007,5893,10840,-4947
118000008,1417,5826,-4409
118000009,1950,4251,-2301
118000010,5842,5236,606
118000011,2496,2152,344
118000012,1290,1970,-680
118000013,2770,2483,287
118000014,2082,1598,484
118000016,390,257,133
118000017,1431,576,855
118000018,571,411,160
118000019,1423,2776,-1353
118000020,824,3981,-3157
118000021,731,4311,-3580
118000022,1233,1121,112
118000023,473,427,46
118000024,621,1514,-893
118000027,10163,11402,-1239
118000029,555,1269,-714
118000032,257,3413,-3156
118000033,2739,6986,-4247
118000034,4157,5013,-856
118000035,2513,3501,-988
118000036,1121,1624,-503
118000037,920,1968,-1048
118000038,1096,170,926
118000039,141,125,16
118000040,2287,1786,501
118000041,3841,1659,2182
118000045,342,341,1
118000046,1163,2350,-1187
118000047,692,4174,-3482
118000048,1699,4611,-2912
118000051,1073,5777,-4704
118000052,533,2692,-2159
118000053,491,1190,-699
118000054,3419,1089,2330
118000055,3089,1995,1094
118000056,156,825,-669
118000057,201,431,-230
118000058,2435,6090,-3655
118000059,1664,3597,-1933
118000060,1549,771,778
118000061,1606,1308,298
118000062,639,467,172
118000063,419,1428,-1009
118000064,862,1962,-1100
118000065,2102,2096,6
118000066,1890,5176,-3286
118000067,568,649,-81
118000068,1042,11287,-10245
118000069,1521,1953,-432
118000070,6706,3123,3583
118000071,4411,11802,-7391
118000072,863,4065,-3202
118000073,558,2140,-1582
118000074,716,568,148
118000075,575,340,235
118000076,2195,7024,-4829
118000077,1544,2659,-1115
118000078,2199,4191,-1992
118000079,289,882,-593
118000080,779,1424,-645
118000081,1805,2795,-990
118000082,490,1860,-1370
118000083,1847,2768,-921
118000084,2537,3325,-788
118000086,172,777,-605
118000087,4887,3285,1602
118000088,1501,2333,-832
118000089,4716,3766,950
118000090,1205,3918,-2713
118000091,1462,5297,-3835
118000092,1157,930,227
118000093,110,957,-847
118000096,777,1072,-295
118000097,769,1120,-351
118000098,392,370,22
118000099,1428,630,798
118000101,2766,540,2226
118000102,624,712,-88
118000107,3855,1043,2812
118000108,913,5111,-4198
118000110,0,49,-49
118000111,1,155,-154
118000112,1176,4,1172
118000113,11,288,-277
118000114,1041,7,1034
118000115,6,11,-5
118000116,34,0,34
118000117,778,1152,-374
118000118,1341,2504,-1163
118000119,1330,2368,-1038
118000120,1660,1689,-29
118000121,30,649,-619
118000122,747,433,314
118000123,72,339,-267
118000125,1544,1895,-351
118000126,711,2683,-1972
118000127,1583,1291,292
118000128,393,2760,-2367
118000129,1740,880,860
118000130,2391,3129,-738
118000131,346,753,-407
118000132,4065,3042,1023
118000133,1640,743,897
118000135,876,1322,-446
118000136,167,920,-753
118000137,383,160,223
118000138,587,409,178
118000139,461,107,354
118000140,4882,11021,-6139
118000141,4192,2285,1907
118000142,3579,2056,1523
118000143,4765,1977,2788
118000144,1185,609,576
118000145,1966,1414,552
118000146,2022,567,1455
118000147,1677,1311,366
118000148,897,1574,-677
118000149,1295,643,652
118000150,901,286,615
118000151,1278,549,729
118000153,2937,1316,1621
118000154,2025,1586,439
118000155,4205,1688,2517
118000156,3308,4528,-1220
118000157,1019,535,484
118000158,377,613,-236
118000159,50,133,-83
118000160,1253,384,869
118000161,969,349,620
118000162,2063,1211,852
118000163,1469,1327,142
118000164,2746,1931,815
118000168,612,1373,-761
118000169,1210,876,334
118000170,3561,3123,438
118000171,586,537,49
118000172,169,205,-36
118000173,1113,2058,-945
118000175,438,437,1
118000176,518,705,-187
118000177,545,1014,-469
118000178,56,62,-6
118000179,1191,1614,-423
118000180,1069,891,178
118000181,904,305,599
118000182,375,293,82
118000183,445,353,92
118000184,1765,601,1164
118000185,1099,2766,-1667
118000186,828,1931,-1103
118000187,3427,546,2881
118000188,1033,104,929
118000189,1263,474,789
118000190,26,5,21
118000191,35,17,18
118000192,20,142,-122
118000193,17,219,-202
118000194,1899,855,1044
118000195,280,5308,-5028
118000196,188,684,-496
118000197,66,316,-250
118000198,448,1907,-1459
118000199,443,1364,-921
118000200,112,747,-635
118000201,231,1074,-843
118000202,70,341,-271
118000203,360,1432,-1072
118000204,60,715,-655
118000205,101,381,-280
118000206,324,335,-11
118000207,1,72,-71
118000208,1924,1924,0
118000209,3403,1207,2196
118000210,186,63,123
118000211,149,77,72
118000213,465,5508,-5043
118000214,502,1130,-628
118000215,642,94,548
118000216,7552,2100,5452
118000217,52,74,-22
118000218,137,64,73
118000219,377,364,13
118000220,16,50,-34
118000221,689,631,58
118000222,80,19,61
118000223,131,55,76
118000224,187,61,126
118000225,167,1963,-1796
118000226,1472,208,1264
118000227,1152,517,635
118000228,108,642,-534
118000229,58,584,-526
118000230,227,183,44
118000231,68,344,-276
118000232,1296,436,860
118000233,1971,878,1093
118000234,863,200,663
118000236,504,441,63
118000237,268,317,-49
118000238,486,222,264
118000239,388,354,34
118000240,244,159,85
118000241,307,267,40
118000242,765,303,462
118000243,465,201,264
118000244,55,73,-18
118000246,3,43,-40
118000255,96,392,-296
118000256,185,233,-48
118000259,31,97,-66
118000260,354,87,267
118000261,115,16,99
118000263,163,196,-33
118000266,277,366,-89
118000267,1,502,-501
118000268,263,4,259
118000270,156,11,145
118000271,284,242,42
118000272,108,54,54
118000273,402,70,332
118000274,183,285,-102
118000276,883,295,588
118000295,21,143,-122
118000298,236,190,46
118000299,113,90,23
118000301,0,146,-146
118000302,155,49,106
118000311,1431,101,1330
118000312,562,132,430
118000313,200,97,103
118000314,191,29,162
118000315,114,28,86
118000316,1293,489,804
118000325,142,28,114
118000326,102,29,73
118000331,63,28,35
118000332,26,32,-6
118000333,39,57,-18
118000335,889,2,887
118000336,0,133,-133
118000407,401,60,341
118000457,4,134,-130
118000465,718,3763,-3045
118000480,96,67,29
118000489,11,668,-657
118000490,9,178,-169
118000492,584,228,356
118000510,49,47,2
118000514,116,1209,-1093
118000515,779,1451,-672
118000517,408,211,197
118000524,148,521,-373
118000525,616,790,-174
118000530,43,227,-184
118000531,702,245,457
118000532,370,251,119
118000533,351,168,183
118000534,1047,365,682
118000535,402,163,239
118000536,135,868,-733
118000537,35,157,-122
118000538,24,98,-74
118000539,14,122,-108
118000540,329,240,89
118000541,145,112,33
118000542,243,486,-243
118000543,306,415,-109
118000546,104,46,58
118000560,1357,3453,-2096
118000562,45,144,-99
118000563,1568,1083,485
118000576,275,78,197
118000577,207,168,39
118000578,76,64,12
118000579,861,2566,-1705
118000595,342,108,234
118000596,3,714,-711
118000597,135,87,48
118000598,16,0,16
118000599,175,60,115
118000600,1,32,-31
118000601,59,0,59
118000602,0,11,-11
118000603,0,5,-5
118900001,672,1591,-919
118900002,857,1533,-676
118900003,864,18,846
118900004,105,46,59
118900005,102,7,95
118900006,319,6,313
118900007,4,0,4
118900008,1380,64,1316
118900009,105,113,-8
118900010,137,17,120
118900011,281,46,235
118900012,376,331,45
118900013,1074,600,474
118900015,522,109,413
118900016,27,10,17
118900017,43,367,-324
118900018,1508,84,1424
118900019,18,12,6
118900020,78,279,-201
118900021,167,540,-373
118900022,253,35,218
118900023,147,197,-50
118900024,203,210,-7
118900025,66,53,13
118900026,78,40,38
118900027,550,181,369
118900028,284,158,126
118900029,318,619,-301
118900030,992,90,902
118900031,210,58,152
118900032,466,160,306
118900033,446,855,-409
118900034,311,41,270
118900035,221,95,126
118900036,1716,589,1127
118900037,408,761,-353
118900038,733,91,642
118900039,862,137,725
118900040,385,193,192
118900041,915,316,599
118900042,200,118,82
118900045,332,248,84
118900046,608,577,31
118900047,383,486,-103
118900048,129,788,-659
118900049,101,46,55
118900050,89,13,76
118900051,60,177,-117
118900052,331,673,-342
118900053,25,139,-114
118900054,318,33,285
118900055,277,33,244
118900056,47,523,-476
118900057,1236,728,508
118900058,551,524,27
118900059,19,144,-125
118900060,73,83,-10
118900062,402,137,265
118900064,291,763,-472
118900065,83,134,-51
118900066,168,91,77
118900067,3580,5437,-1857
118900068,30,344,-314
118900069,944,258,686
118900071,7,41,-34
118900072,862,646,216
118900073,421,142,279
118900074,352,91,261
118900075,169,33,136
118900076,304,285,19
118900077,447,208,239
118900078,5,2,3
118900079,81,134,-53
118900080,97,89,8
118900081,82,89,-7
118900082,2391,229,2162
118900083,42,13,29
118900084,41,30,11
118900085,709,490,219
118900086,80,152,-72
118900087,132,777,-645
118900088,0,4,-4
118900089,40,32,8
118900090,662,245,417
118900091,147,418,-271
118900092,341,88,253
118900093,112,34,78
118900096,59,75,-16
118900097,415,677,-262
118900099,112,255,-143
118900100,137,311,-174
118900101,336,231,105
118900102,43,169,-126
118900103,43,263,-220
118900104,438,105,333
118900105,321,107,214
118900107,104,46,58
118900108,153,100,53
118900110,1474,1302,172
118900111,1212,433,779
118900112,275,260,15
118900113,125,357,-232
118900114,18,340,-322
118900115,150,672,-522
118900116,136,209,-73
118900117,125,164,-39
118900118,486,281,205
118900119,265,234,31
118900120,155,487,-332
118900121,63,112,-49
118900122,18,1372,-1354
118900123,257,311,-54
118900124,155,183,-28
118900126,62,612,-550
118900129,498,357,141
118900130,35,281,-246
118900131,562,203,359
118900132,547,303,244
118900133,7,237,-230
118900135,397,181,216
118900136,367,330,37
118900137,22,102,-80
118900139,421,200,221
118900140,784,515,269
118900141,218,92,126
118900144,227,249,-22
118900145,35,163,-128
118900146,608,603,5
118900147,134,540,-406
118900148,93,60,33
118900150,157,775,-618
118900152,846,594,252
118900157,58,313,-255
118900158,178,41,137
118900159,1,90,-89
118900161,87,24,63
118900163,113,113,0
118900164,1,64,-63
118900165,117,64,53
118900166,42,2,40
118900167,165,69,96
118900168,43,360,-317
118900169,241,163,78
118900170,439,67,372
118900171,86,55,31
118900174,148,57,91
118900175,977,629,348
118900176,360,339,21
118900177,178,26,152
118900178,97,121,-24
118900179,12,19,-7
118900181,227,102,125
118900182,43,125,-82
118900183,36,237,-201
118900184,348,139,209
118900185,188,81,107
118900186,112,212,-100
118900187,217,482,-265
118900188,330,342,-12
118900189,34,981,-947
118900190,70,202,-132
118900191,470,33,437
118900192,411,7,404
118900193,1112,16,1096
118900195,263,492,-229
118900196,68,199,-131
118900197,457,43,414
118900198,41,3,38
118900199,150,11,139
118900200,30,50,-20
118900201,51,112,-61
118900202,13,50,-37
118900203,45,1,44
118900204,50,14,36
118900205,1,4,-3
118900206,22,9,13
119000001,2245,3864,-1619
119000002,4763,7079,-2316
119000003,5081,999,4082
119000004,3731,2425,1306
119000005,2801,3264,-463
119000006,4963,2027,2936
119000007,5380,4652,728
119000008,2898,2062,836
119000009,3750,8666,-4916
119000010,4808,5330,-522
119000011,2913,4037,-1124
119000012,1504,3801,-2297
119000013,4363,2965,1398
119000014,1828,2873,-1045
119000019,457,289,168
119000020,3831,2557,1274
119000021,8242,5281,2961
119000022,1871,5569,-3698
119000023,293,288,5
119000024,2569,24370,-21801
119000025,4319,1376,2943
119000026,78,989,-911
119000027,225,518,-293
119000028,2343,709,1634
119000029,86,412,-326
119000030,879,909,-30
119000031,1256,689,567
119000032,2582,2444,138
119000033,3083,1410,1673
119000034,1710,673,1037
119000035,80,247,-167
119000036,3714,486,3228
119000037,2129,920,1209
119000038,289,391,-102
119000039,917,536,381
119000040,1122,1281,-159
119000041,867,1743,-876
119000048,2756,1982,774
119000049,3641,1846,1795
119000050,1698,1797,-99
119000051,2906,1286,1620
119000052,3685,3015,670
119000053,2758,1447,1311
119000054,4930,1866,3064
119000055,7941,2732,5209
119000056,5342,2254,3088
119000057,2488,1452,1036
119000058,2513,1552,961
119000059,1467,1469,-2
119000060,2273,1405,868
119000061,1483,863,620
119000062,1514,1477,37
119000063,1012,605,407
119000064,974,1021,-47
119000065,1792,3857,-2065
119000066,2878,1413,1465
119000067,2474,1619,855
119000068,2920,1238,1682
119000069,2608,1907,701
119000070,4502,881,3621
119000071,582,656,-74
119000072,5711,3334,2377
119000073,4942,12552,-7610
119000074,2368,1648,720
119000075,5081,2453,2628
119000076,245,1662,-1417
119000077,795,744,51
119000078,692,329,363
119000079,255,823,-568
119000080,1087,219,868
119000081,445,841,-396
119000082,1517,294,1223
119000083,1184,661,523
119000084,539,510,29
119000085,994,132,862
119000086,423,976,-553
119000087,1027,421,606
119000088,432,163,269
119000089,103,277,-174
119000090,172,104,68
119000091,125,418,-293
119000092,420,141,279
119000093,4449,2649,1800
119000094,5645,7139,-1494
119000095,3484,4284,-800
119000097,2048,1025,1023
119000098,1775,5850,-4075
119000099,3289,1332,1957
119000100,6533,4111,2422
119000101,4889,1841,3048
119000102,616,2211,-1595
119000103,1429,889,540
119000104,1687,1101,586
119000105,1213,4377,-3164
119000106,569,730,-161
119000107,1750,849,901
119000108,785,570,215
119000109,294,1001,-707
119000110,555,822,-267
119000111,54,1181,-1127
119000112,200,234,-34
119000113,1558,562,996
119000114,2551,1944,607
119000115,240,293,-53
119000116,132,227,-95
119000117,304,549,-245
119000118,3,0,3
119000123,3611,5233,-1622
119000124,1409,211,1198
119000125,7863,641,7222
119000126,1485,403,1082
119000127,1399,413,986
119000128,22,1,21
119000131,1704,264,1440
119000132,4,7,-3
119000133,0,18,-18
119000134,1458,757,701
119000135,339,305,34
119000136,624,99,525
119000137,486,176,310
119000138,1337,86,1251
119000139,282,103,179
119000140,555,448,107
119000284,1259,2326,-1067
119000285,2030,1644,386
119000286,4110,3508,602
119000287,1673,1581,92
119000288,2391,999,1392
119000289,1308,3169,-1861
119000290,304,304,0
119000291,75,217,-142
119000293,219,226,-7
119000294,92,48,44
119000295,1772,335,1437
119000296,470,166,304
119000302,1840,1486,354
119000303,41,349,-308
119000314,1853,19114,-17261
119000315,0,152,-152
119000316,330,67,263
119000317,217,92,125
119900001,238,2227,-1989
119900002,299,360,-61
119900003,49,441,-392
119900004,221,3392,-3171
119900005,440,82,358
119900006,240,587,-347
119900007,964,384,580
119900008,37,75,-38
119900009,710,426,284
119900010,1119,1051,68
119900011,51,420,-369
119900012,37,280,-243
119900013,2759,2250,509
119900014,634,243,391
119900015,485,63,422
119900016,126,78,48
119900017,78,55,23
119900018,1296,1743,-447
119900019,114,20,94
119900020,171,198,-27
119900021,426,116,310
119900022,119,1615,-1496
119900023,494,3755,-3261
119900025,684,37,647
119900026,703,254,449
119900027,30,41,-11
119900028,310,255,55
119900029,2,8,-6
119900030,875,423,452
119900031,175,1340,-1165
119900033,1602,430,1172
119900034,1235,51,1184
119900037,297,12,285
119900038,103,763,-660
119900039,79,35,44
119900040,193,39,154
119900041,404,36,368
119900042,115,290,-175
119900043,179,215,-36
119900044,198,1536,-1338
119900046,333,32,301
119900047,687,334,353
119900048,62,7,55
119900049,287,9,278
119900050,463,402,61
119900051,1297,17,1280
119900052,170,17,153
119900053,610,154,456
119900054,487,13,474
119900055,2320,615,1705
119900057,543,22,521
119900058,724,5,719
119900059,176,58,118
119900060,511,82,429
119900062,199,10,189
119900063,9,98,-89
119900064,1104,110,994
119900065,322,22,300
119900066,0,0,0
119900067,195,18,177
119900068,1182,8,1174
119900069,289,31,258
119900070,1790,12,1778
119900071,1454,68,1386
119900073,1349,462,887
119900074,33,100,-67
119900075,2036,2379,-343
119900076,1272,308,964
119900077,1839,425,1414
119900078,1202,882,320
119900079,940,109,831
119900080,2459,1010,1449
119900081,868,21,847
119900082,3256,413,2843
119900083,461,100,361
119900084,741,636,105
119900085,79,45,34
119900087,578,1184,-606
119900088,42,23,19
119900089,132,202,-70
119900090,106,23,83
119900091,59,240,-181
119900092,54,342,-288
119900093,2504,331,2173
119900094,34,149,-115
119900095,182,134,48
119900096,32,137,-105
119900097,251,184,67
119900098,91,47,44
119900099,38,189,-151
119900100,755,3885,-3130
119900101,214,2324,-2110
119900102,88,148,-60
119900103,137,150,-13
119900104,79,149,-70
119900105,1062,4530,-3468
119900106,14,133,-119
119900107,292,1348,-1056
119900108,5115,820,4295
119900109,66,117,-51
119900110,1190,370,820
119900111,289,111,178
119900112,740,964,-224
119900113,101,234,-133
119900114,529,569,-40
119900115,826,421,405
119900116,250,549,-299
119900117,630,351,279
119900118,301,260,41
119900119,630,182,448
119900120,675,453,222
119900121,847,464,383
119900122,128,231,-103
119900123,170,449,-279
119900124,382,380,2
119900125,52,279,-227
119900126,3011,298,2713
119900127,964,636,328
119900128,713,420,293
119900129,596,246,350
119900130,27,201,-174
119900131,46,107,-61
119900132,5,92,-87
119900133,216,101,115
119900134,742,100,642
119900135,1,206,-205
119900136,202,293,-91
119900138,257,412,-155
119900139,29,175,-146
119900140,10,190,-180
119900141,63,1460,-1397
119900142,14,57,-43
119900143,44,329,-285
119900144,1326,396,930
119900145,134,182,-48
119900146,183,176,7
119900147,8,232,-224
119900148,656,57,599
119900149,658,8118,-7460
119900150,134,138,-4
119900151,1751,1156,595
119900152,322,174,148
119900153,398,90,308
119900154,57,110,-53
119900155,96,33,63
119900156,12,26,-14
119900157,381,187,194
119900158,393,89,304
119900159,8,438,-430
119900160,90,112,-22
119900161,218,106,112
119900162,1672,1151,521
119900163,90,184,-94
119900164,0,1,-1
119900165,369,94,275
119900166,158,60,98
119900167,13,78,-65
119900168,1808,506,1302
119900169,56,484,-428
119900170,199,341,-142
119900171,1242,424,818
119900172,125,55,70
119900173,20,169,-149
119900174,14,134,-120
119900175,2688,477,2211
119900177,41,131,-90
119900178,33,106,-73
119900179,328,1126,-798
119900180,1712,1117,595
119900181,25,167,-142
119900182,8,153,-145
119900183,169,603,-434
119900184,898,468,430
119900185,97,372,-275
119900186,26,2001,-1975
119900187,27,217,-190
119900188,274,339,-65
119900189,292,456,-164
119900190,152,528,-376
119900191,275,679,-404
119900192,115,194,-79
119900193,799,164,635
119900194,40,87,-47
119900195,76,155,-79
119900196,392,176,216
119900197,591,275,316
119900198,243,309,-66
119900199,241,44,197
119900200,1070,705,365
119900201,291,226,65
119900202,117,415,-298
119900203,262,878,-616
119900204,528,389,139
119900205,1472,344,1128
119900206,530,141,389
119900208,185,207,-22
119900209,906,3127,-2221
119900210,125,36,89
119900211,127,18,109
119900212,551,371,180
119900213,15,89,-74
119900214,157,34,123
119900215,116,35,81
119900216,38,28,10
119900217,37,27,10
119900218,14,172,-158
119900219,19,85,-66
119900220,3,37,-34
119900221,123,120,3
119900222,43,90,-47
119900223,19,37,-18
119900224,48,28,20
119900225,424,49,375
119900226,328,2738,-2410
119900227,432,260,172
119900228,26,321,-295
119900229,258,376,-118
119900230,1224,350,874
119900231,544,111,433
119900232,293,168,125
119900233,175,29,146
119900234,21,298,-277
119900235,13,67,-54
119900236,36,217,-181
119900237,104,1027,-923
119900238,2,167,-165
119900240,137,127,10
119900241,258,204,54
119900242,2398,1987,411
119900244,763,1363,-600
119900245,317,307,10
119900246,302,898,-596
119900247,40,121,-81
119900248,87,611,-524
119900249,498,209,289
119900253,1391,484,907
119900254,103,1699,-1596
119900255,226,1529,-1303
119900256,1807,467,1340
119900257,219,3,216
119900258,533,48,485
119900259,21,52,-31
119900260,457,26,431
119900261,808,250,558
119900262,3,167,-164
119900263,2122,365,1757
119900264,289,106,183
119900265,822,265,557
119900266,711,211,500
119900267,299,357,-58
119900268,286,128,158
119900269,2336,637,1699
119900271,50,139,-89
119900272,334,678,-344
119900275,262,110,152
119900276,188,9,179
119900277,27,14,13
119900278,506,149,357
119900279,172,458,-286
119900280,646,121,525
119900281,0,399,-399
119900282,70,220,-150
119900283,64,88,-24
119900284,87,162,-75
119900285,10,138,-128
119900286,3,25,-22
119900288,14,4,10
119900289,1,5,-4
119900290,17,3,14
119900291,1,91,-90
119900292,70,62,8
119900293,70,8,62
119900294,38,2,36
119900295,32,3,29
119900296,192,54,138
119900299,140,105,35
119900300,379,292,87
119900301,128,275,-147
119900302,106,288,-182
119900303,527,194,333
119900304,412,12,400
119900305,10,93,-83
119900306,52,1,51
119900307,118,57,61
119900308,15,15,0
119900309,113,413,-300
119900310,474,384,90
119900311,280,65,215
119900312,276,145,131
119900313,406,265,141
119900314,346,639,-293
119900315,3203,1137,2066
119900318,27,116,-89
119900319,2,136,-134
119900320,498,426,72
119900321,244,20,224
119900322,19,52,-33
119900323,5,121,-116
119900324,2,22,-20
119900325,5,87,-82
119900326,14,37,-23
120000001,11057,35860,-24803
120000002,3275,2779,496
120000003,2838,1545,1293
120000004,3482,1458,2024
120000005,2799,1866,933
120000006,1820,1175,645
120000007,3222,5861,-2639
120000008,1057,1515,-458
120000009,1748,880,868
120000010,2756,3004,-248
120000011,1406,1539,-133
120000012,2052,2497,-445
120000013,5024,3389,1635
120000014,1020,1542,-522
120000015,3723,1762,1961
120000016,5996,2826,3170
120000017,6624,5063,1561
120000018,4207,23737,-19530
120000019,1590,2328,-738
120000020,3616,5360,-1744
120000021,2663,3262,-599
120000022,3816,5247,-1431
120000023,2094,2212,-118
120000024,1770,3028,-1258
120000025,4282,2194,2088
120000026,5282,2533,2749
120000027,3886,3038,848
120000028,1454,4745,-3291
120000029,1179,3869,-2690
120000030,380,1259,-879
120000031,2951,6897,-3946
120000032,5529,3672,1857
120000033,5598,1860,3738
120000034,3966,1298,2668
120000035,4802,2360,2442
120000036,5321,7897,-2576
120000037,887,2725,-1838
120000038,5230,4618,612
120000039,1148,1577,-429
120000040,99,1573,-1474
120000041,682,1935,-1253
120000042,2737,1552,1185
120000043,6785,1167,5618
120000044,9119,1951,7168
120000045,12401,1091,11310
120000046,7631,4946,2685
120000047,592,14005,-13413
120000048,9347,5826,3521
120000049,5306,4034,1272
120000050,4773,5734,-961
120000051,3081,5599,-2518
120000052,8194,1550,6644
120000053,1957,1827,130
120000054,1906,2771,-865
120000055,2103,3576,-1473
120000056,7284,4821,2463
120000057,6771,2427,4344
120000058,1791,3376,-1585
120000059,26,2450,-2424
120000061,142,644,-502
120000062,237,494,-257
120000063,831,2036,-1205
120000064,409,759,-350
120000065,593,1290,-697
120000066,339,499,-160
120000067,33,347,-314
120000068,260,326,-66
120000069,829,403,426
120000070,150,452,-302
120000071,1191,75,1116
120000072,1686,505,1181
120000073,1618,140,1478
120000074,164,231,-67
120000075,1793,665,1128
120000076,3913,535,3378
120000077,3829,894,2935
120000078,3983,1699,2284
120000079,531,285,246
120000080,294,380,-86
120000081,616,213,403
120000082,577,354,223
120000083,114,1134,-1020
120000084,453,517,-64
120000085,301,651,-350
120000086,270,374,-104
120000087,481,406,75
120000088,1098,1122,-24
120000089,1685,540,1145
120000090,1412,525,887
120000091,1895,940,955
120000092,2020,590,1430
120000093,1480,672,808
120000094,485,1278,-793
120000095,1381,427,954
120000096,614,501,113
120000098,1671,508,1163
120000099,681,668,13
120000100,1188,830,358
120000101,1098,547,551
120000102,1386,1450,-64
120000103,2331,1404,927
120000104,3592,617,2975
120000105,4991,748,4243
120000106,4965,821,4144
120000107,8365,761,7604
120000108,3294,183,3111
120000109,1992,90,1902
120000110,99,787,-688
120000111,145,747,-602
120000112,853,1673,-820
120000113,708,1202,-494
120000114,820,1618,-798
120000115,429,1371,-942
120000116,712,1474,-762
120000117,585,1088,-503
120000118,67,91,-24
120000119,30,68,-38
120000120,283,262,21
120000121,26,56,-30
120000122,255,1197,-942
120000123,2834,13643,-10809
120000124,724,552,172
120000125,1508,558,950
120000126,600,2250,-1650
120000127,1485,2882,-1397
120000128,2836,7166,-4330
120000129,292,305,-13
120000130,1332,709,623
120000131,743,821,-78
120000134,561,343,218
120000135,1787,781,1006
120000137,504,391,113
120000138,2931,251,2680
120000139,508,296,212
120000140,2030,223,1807
120000141,490,785,-295
120000142,1550,734,816
120000143,1,77,-76
120000144,255,17,238
120000145,1205,4,1201
120000146,1380,2093,-713
120000149,804,846,-42
120000150,2090,16075,-13985
120000151,759,489,270
120000152,1335,161,1174
120000153,1122,556,566
120000154,1098,789,309
120000155,324,566,-242
120000156,441,3387,-2946
120000157,1362,606,756
120000158,1526,802,724
120000159,2236,2270,-34
120000160,3421,2656,765
120000161,4810,2997,1813
120000162,221,399,-178
120000163,1250,622,628
120000164,1251,204,1047
120000165,1265,455,810
120000166,2198,358,1840
120000167,714,438,276
120000168,24,1574,-1550
120000169,161,4507,-4346
120000170,39,4497,-4458
120000171,58,1686,-1628
120000172,27,1221,-1194
120000173,408,4107,-3699
120000174,52,124,-72
120000175,63,161,-98
120000176,47,115,-68
120000177,1015,182,833
120000178,9,65,-56
120000179,58,119,-61
120000180,131,158,-27
120000181,136,2863,-2727
120000182,148,1225,-1077
120000183,6,582,-576
120000184,486,2102,-1616
120000186,68,3455,-3387
120000187,41,1518,-1477
120000188,35,1676,-1641
120000190,116,178,-62
120000191,161,295,-134
120000192,194,103,91
120000193,89,10,79
120000195,22,3,19
120000196,94,24,70
120000197,11,35,-24
120000198,526,45,481
120000199,727,3,724
120000200,520,4,516
120000201,107,104,3
120000202,4,86,-82
120000203,214,131,83
120000207,1,33,-32
120000208,24,85,-61
120000209,12,46,-34
120000210,111,56,55
120000211,486,8,478
120000212,532,2,530
120000213,497,157,340
120000214,1,152,-151
120000215,9,113,-104
120000216,420,49,371
120000217,424,1143,-719
120000218,54,544,-490
120000219,13,382,-369
120000220,1,858,-857
120000225,4208,10,4198
120000226,821,9,812
120000227,1621,277,1344
120000228,18884,6902,11982
120000230,946,37,909
120000231,3162,997,2165
120000233,967,87,880
120000235,471,395,76
120000236,2055,3,2052
120000237,5,684,-679
120000238,8,1926,-1918
120000241,1811,6070,-4259
120000412,399,26,373
120000413,792,148,644
120000414,392,1,391
120000415,3,21,-18
120000416,169,1,168
120000417,10,78,-68
120000418,519,23,496
120000419,26,129,-103
120000420,56,41,15
120000421,8598,5163,3435
120000422,159,3110,-2951
120000423,1,132,-131
120000424,480,103,377
120000436,125,1398,-1273
120000437,74,126,-52
120000438,1881,357,1524
120000439,479,1107,-628
120000443,211,1,210
120000444,2518,372,2146
120000445,3241,1539,1702
120000446,1698,186,1512
120000447,465,4,461
120000449,391,7,384
120000450,8,108,-100
120000451,243,194,49
120000452,893,5,888
120000453,0,62,-62
120000454,49,100,-51
120000455,146,59,87
120000456,3565,7522,-3957
120000457,584,525,59
120000458,614,560,54
120000459,295,144,151
120000665,350,482,-132
120000668,211,3486,-3275
120000669,325,140,185
120000670,132,2662,-2530
120000671,3722,1130,2592
120000672,87,412,-325
120900001,124,97,27
120900002,206,1257,-1051
120900003,316,34,282
120900004,28,322,-294
120900005,247,529,-282
120900006,1295,334,961
120900007,382,87,295
120900008,810,642,168
120900009,391,19,372
120900010,1151,345,806
120900011,99,427,-328
120900012,71,2113,-2042
120900013,684,284,400
120900014,3,417,-414
120900015,1474,214,1260
120900016,2521,104,2417
120900017,2082,138,1944
120900018,336,288,48
120900019,989,775,214
120900020,828,1582,-754
120900021,1022,407,615
120900022,23,293,-270
120900023,608,53,555
120900024,2387,662,1725
120900025,1234,1440,-206
120900026,198,339,-141
120900027,1102,32,1070
120900028,1050,286,764
120900029,93,1487,-1394
120900030,4094,1088,3006
120900031,648,233,415
120900032,2344,104,2240
120900033,2418,171,2247
120900034,34,5526,-5492
120900035,163,159,4
120900037,571,27,544
120900038,258,864,-606
120900039,287,106,181
120900040,827,12,815
120900041,33,37,-4
120900042,1268,40,1228
120900043,169,74,95
120900044,18,679,-661
120900045,156,73,83
120900046,1330,12,1318
120900047,410,387,23
120900048,431,90,341
120900049,1090,6,1084
120900050,1312,4340,-3028
120900051,621,125,496
120900052,1426,22,1404
120900053,891,62,829
120900054,1226,390,836
120900055,1147,9,1138
120900056,1874,76,1798
120900057,546,59,487
120900058,1292,4,1288
120900059,312,10,302
120900060,142,39,103
120900061,342,176,166
120900062,625,3,622
120900063,2187,25,2162
120900064,1455,4,1451
120900065,1394,7,1387
120900066,995,128,867
120900067,502,162,340
120900068,710,1,709
120900069,728,29,699
120900071,47,4,43
120900072,2152,34,2118
120900073,1825,66,1759
120900074,2138,55,2083
120900076,833,0,833
120900077,1811,278,1533
120900078,1593,432,1161
120900079,2150,78,2072
120900080,2011,524,1487
120900081,2536,326,2210
120900082,386,698,-312
120900083,158,4,154
120900084,972,883,89
120900085,94,172,-78
120900086,108,1003,-895
120900087,787,509,278
120900088,356,1182,-826
120900089,1955,5907,-3952
120900090,501,23,478
120900091,595,1440,-845
120900092,439,371,68
120900093,1425,167,1258
120900094,264,260,4
120900095,544,33,511
120900096,99,261,-162
120900097,837,591,246
120900098,100,199,-99
120900099,149,57,92
120900100,94,288,-194
120900101,179,180,-1
120900102,146,80,66
120900103,169,341,-172
120900104,23,54,-31
120900105,54,321,-267
120900106,545,262,283
120900107,123,183,-60
120900108,20,272,-252
120900109,70,323,-253
120900110,29,298,-269
120900111,248,260,-12
120900112,53,335,-282
120900113,35,332,-297
120900114,67,153,-86
120900115,218,311,-93
120900116,931,217,714
120900117,12,154,-142
120900118,14,357,-343
120900119,14071,4161,9910
120900120,142,422,-280
120900121,69,373,-304
120900122,1585,195,1390
120900123,10,147,-137
120900124,2,173,-171
120900125,5,518,-513
120900126,714,688,26
120900127,27,193,-166
120900128,546,967,-421
120900129,20,170,-150
120900130,37,243,-206
120900131,270,223,47
120900132,2060,200,1860
120900133,45,442,-397
120900134,263,236,27
120900135,5,288,-283
120900136,119,239,-120
120900137,669,124,545
120900138,15,160,-145
120900139,3,315,-312
120900140,14,281,-267
120900141,635,259,376
120900142,6,137,-131
120900143,1,320,-319
120900144,0,38,-38
120900145,189,516,-327
120900146,0,277,-277
120900147,3,375,-372
120900148,297,165,132
120900149,0,119,-119
120900150,157,246,-89
120900151,0,200,-200
120900152,3,29,-26
120900153,0,0,0
120900154,0,112,-112
120900155,347,376,-29
120900156,226,286,-60
120900157,0,0,0
120900158,146,172,-26
120900159,1,39,-38
120900160,59,433,-374
120900161,226,378,-152
120900162,127,708,-581
120900163,673,1756,-1083
120900164,0,123,-123
120900165,2,448,-446
120900166,74,1259,-1185
120900167,243,110,133
120900169,166,193,-27
120900170,402,6842,-6440
120900171,415,217,198
120900172,125,3393,-3268
120900173,0,26,-26
120900174,9,132,-123
120900175,215,163,52
120900176,39,672,-633
120900177,3,2809,-2806
120900178,1,1244,-1243
120900179,300,376,-76
120900180,69,292,-223
120900181,99,68,31
120900182,48,148,-100
120900183,1551,257,1294
120900184,565,158,407
120900185,1127,2057,-930
120900186,0,150,-150
120900187,1061,1263,-202
120900188,505,24,481
120900189,171,5597,-5426
120900190,301,4,297
120900191,89,9,80
120900192,5798,21007,-15209
120900194,210,231,-21
120900195,128,216,-88
120900196,995,69,926
120900197,1139,274,865
120900198,226,430,-204
120900199,682,1547,-865
120900200,50,203,-153
120900201,335,143,192
120900202,1,93,-92
120900203,74,112,-38
120900204,91,232,-141
120900205,136,71,65
120900206,89,79,10
120900207,4,47,-43
121000001,703,2404,-1701
121000002,3142,2822,320
121000003,5702,2489,3213
121000004,3145,4268,-1123
121000005,2207,3213,-1006
121000006,4522,4226,296
121000007,2816,8726,-5910
121000008,5403,8442,-3039
121000009,5419,11404,-5985
121000010,7885,10782,-2897
121000011,8491,15308,-6817
121000012,15182,10986,4196
121000013,7894,9396,-1502
121000014,7220,6268,952
121000015,6603,11556,-4953
121000016,5211,5291,-80
121000017,3355,2425,930
121000018,5258,2373,2885
121000019,9173,9187,-14
121000020,13799,19794,-5995
121000021,2441,2279,162
121000022,3364,4588,-1224
121000023,3072,1479,1593
121000024,6173,6680,-507
121000025,566,1742,-1176
121000026,625,267,358
121000027,2236,1874,362
121000028,1356,1233,123
121000029,1267,814,453
121000030,955,683,272
121000031,625,965,-340
121000032,273,202,71
121000034,469,538,-69
121000035,261,281,-20
121000036,1254,1504,-250
121000037,828,2229,-1401
121000038,477,1641,-1164
121000039,332,615,-283
121000041,776,854,-78
121000042,307,517,-210
121000043,669,1036,-367
121000044,1841,1738,103
121000045,666,313,353
121000046,1232,1270,-38
121000047,84,148,-64
121000049,1246,974,272
121000050,456,3170,-2714
121000051,841,432,409
121000052,841,1830,-989
121000053,343,214,129
121000054,59,667,-608
121000055,1081,4481,-3400
121000056,1293,1918,-625
121000057,305,968,-663
121000058,329,314,15
121000059,4632,1883,2749
121000060,799,1698,-899
121000061,108,674,-566
121000062,251,1009,-758
121000063,1210,1586,-376
121000064,1005,1607,-602
121000065,212,1542,-1330
121000066,865,2228,-1363
121000067,426,1178,-752
121000068,685,782,-97
121000069,189,2114,-1925
121000070,1625,1973,-348
121000071,2178,2910,-732
121000072,1120,1541,-421
121000073,1323,2434,-1111
121000074,86,334,-248
121000075,10,217,-207
121000076,418,431,-13
121000077,183,208,-25
121000078,93,330,-237
121000080,2695,904,1791
121000081,6309,5158,1151
121000082,151,632,-481
121000083,118,202,-84
121000084,223,338,-115
121000085,662,655,7
121000086,1517,815,702
121000087,114,414,-300
121000088,962,851,111
121000089,246,1113,-867
121000090,355,815,-460
121000091,1570,1437,133
121000092,300,90,210
121000093,332,293,39
121000094,425,1280,-855
121000095,199,1858,-1659
121000096,7213,3951,3262
121000097,616,4529,-3913
121000098,859,742,117
121000099,1044,775,269
121000100,1320,200,1120
121000101,657,290,367
121000102,472,156,316
121000103,379,165,214
121000104,415,75,340
121000105,564,143,421
121000106,503,292,211
121000107,2606,3574,-968
121000109,1660,1153,507
121000110,367,928,-561
121000114,6202,3276,2926
121000115,5795,1181,4614
121000116,442,2010,-1568
121000117,391,433,-42
121000118,2026,392,1634
121000119,374,381,-7
121000120,718,380,338
121000121,691,2560,-1869
121000123,1166,761,405
121000126,51,661,-610
121000127,213,125,88
121000128,1475,253,1222
121000129,1367,382,985
121000130,926,718,208
121000131,1414,1345,69
121000132,957,1744,-787
121000135,431,819,-388
121000136,1138,2143,-1005
121000137,1125,550,575
121000138,753,2427,-1674
121000139,377,934,-557
121000141,358,381,-23
121000142,695,1230,-535
121000143,213,34,179
121000144,618,1390,-772
121000145,866,1292,-426
121000146,1573,2294,-721
121000147,1469,1062,407
121000148,1271,1192,79
121000149,2963,4140,-1177
121000152,433,412,21
121000153,2090,656,1434
121000154,2365,829,1536
121000155,3588,1714,1874
121000156,590,1673,-1083
121000157,1058,1592,-534
121000158,344,355,-11
121000159,341,508,-167
121000160,511,537,-26
121000161,535,512,23
121000162,273,109,164
121000165,1881,3052,-1171
121000166,27,633,-606
121000168,625,319,306
121000169,125,152,-27
121000170,395,101,294
121000171,75,264,-189
121000172,1391,1582,-191
121000173,2393,2394,-1
121000174,950,1073,-123
121000175,2702,919,1783
121000176,614,493,121
121000177,1020,825,195
121000178,73,150,-77
121000179,42,93,-51
121000181,605,512,93
121000182,255,568,-313
121000183,100,291,-191
121000184,48,520,-472
121000185,50,604,-554
121000186,404,1119,-715
121000187,502,139,363
121000188,529,149,380
121000192,1173,784,389
121000193,1099,545,554
121000194,2446,2743,-297
121000195,324,1765,-1441
121000196,1003,607,396
121000197,185,2500,-2315
121000198,211,460,-249
121000199,175,414,-239
121000200,907,302,605
121000201,25,293,-268
121000202,854,347,507
121000203,906,2603,-1697
121000204,4962,1188,3774
121000205,132,512,-380
121000206,163,179,-16
121000207,3168,980,2188
121000208,10,231,-221
121000209,966,116,850
121000210,1221,331,890
121000211,592,229,363
121000212,735,612,123
121000213,24528,4430,20098
121000214,1405,2936,-1531
121000215,1076,3217,-2141
121000216,844,983,-139
121000217,4933,4573,360
121000218,526,2974,-2448
121000219,2171,1232,939
121000220,220,132,88
121000221,220,747,-527
121000222,4864,4458,406
121000223,263,1508,-1245
121000224,146,834,-688
121000225,680,5546,-4866
121000226,1309,2268,-959
121000227,35,229,-194
121000228,44,912,-868
121000229,757,964,-207
121000230,82,3300,-3218
121000231,2152,35,2117
121000232,982,491,491
121000233,875,449,426
121000234,35,117,-82
121000235,55,81,-26
121000236,9,98,-89
121000237,23,33,-10
121000238,14,119,-105
121000239,132,2,130
121000240,15,191,-176
121000241,135,27,108
121000242,64,733,-669
121000243,259,59,200
121000244,10,128,-118
121000245,45,23,22
121000246,0,144,-144
121000247,187,15,172
121000248,574,1711,-1137
121000249,66,368,-302
121000250,679,464,215
121000251,29,266,-237
121000252,174,163,11
121000253,504,534,-30
121000254,1125,193,932
121000255,184,420,-236
121000256,440,331,109
121000257,25,135,-110
121000258,90,197,-107
121000259,25,142,-117
121000260,50,210,-160
121000261,120,180,-60
121000262,2670,720,1950
121000263,699,556,143
121000271,1909,2672,-763
121000273,29,11,18
121000274,45,139,-94
121000275,1,19,-18
121000276,26,52,-26
121000278,70,26,44
121000279,26,78,-52
121000280,52,80,-28
121000289,612,31,581
121000290,2443,2298,145
121000294,404,39,365
121000297,531,1468,-937
121000299,125,2117,-1992
121000300,2799,1206,1593
121000302,22,1061,-1039
121000303,614,357,257
121000304,732,151,581
121000305,416,176,240
121000306,363,416,-53
121000308,154,342,-188
121000309,396,575,-179
121000310,154,411,-257
121000311,77,554,-477
121000312,1020,777,243
121000313,428,388,40
121000314,61,82,-21
121000315,20,70,-50
121000530,2480,2953,-473
121000531,2542,2144,398
121000532,7701,9910,-2209
121000533,4778,5619,-841
121000918,25,75,-50
121000919,36,107,-71
121000938,89,211,-122
121000939,56,312,-256
121000956,2714,1702,1012
121000957,11,41,-30
121000958,8,323,-315
121000959,1693,351,1342
121000960,2080,1441,639
121000961,433,100,333
121000962,1207,551,656
121000973,3,345,-342
121000976,14,187,-173
121000979,789,270,519
121000981,542,145,397
121000982,512,199,313
121000983,654,298,356
121000984,14,152,-138
121000985,1396,405,991
121000986,711,192,519
121000987,192,572,-380
121000988,1577,158,1419
121001302,316,195,121
121001308,2,89,-87
121001309,29,466,-437
121001313,347,67,280
121001314,1671,2080,-409
121001315,8124,4936,3188
121900001,234,479,-245
121900002,29,39,-10
121900003,658,19,639
121900004,100,814,-714
121900005,41,6,35
121900006,179,45,134
121900007,2972,2644,328
121900008,107,401,-294
121900009,2062,37,2025
121900010,332,2,330
121900011,478,425,53
121900012,5,1,4
121900013,394,101,293
121900014,2974,512,2462
121900015,196,247,-51
121900016,8,73,-65
121900017,698,1555,-857
121900018,695,13,682
121900019,855,345,510
121900020,59,2,57
121900021,1575,29,1546
121900022,396,434,-38
121900023,287,614,-327
121900024,703,64,639
121900025,993,739,254
121900026,592,131,461
121900027,745,409,336
121900028,300,26,274
121900029,127,393,-266
121900030,616,680,-64
121900031,1640,8793,-7153
121900032,201,99,102
121900033,220,523,-303
121900034,446,209,237
121900035,7213,4775,2438
121900036,198,661,-463
121900037,193,1939,-1746
121900038,106,222,-116
121900039,274,67,207
121900040,70,148,-78
121900041,139,560,-421
121900042,594,335,259
121900043,0,8,-8
121900044,82,53,29
121900046,243,507,-264
121900047,310,146,164
121900048,169,88,81
121900050,49,144,-95
121900051,245,404,-159
121900052,248,65,183
121900053,753,433,320
121900054,396,2008,-1612
121900055,4,10,-6
121900058,570,660,-90
121900059,550,329,221
121900060,184,753,-569
121900061,288,234,54
121900062,267,154,113
121900063,2104,697,1407
121900064,520,964,-444
121900066,111,28,83
121900067,87,53,34
121900069,271,238,33
121900070,154,429,-275
121900071,1183,373,810
121900072,68,164,-96
121900073,270,504,-234
121900074,506,889,-383
121900075,437,1302,-865
121900076,673,1187,-514
121900077,26,17,9
121900078,250,50,200
121900079,0,1,-1
121900080,1353,456,897
121900082,139,140,-1
121900084,65,34,31
121900085,4,16,-12
121900086,45,76,-31
121900087,110,255,-145
121900088,1830,3963,-2133
121900089,475,309,166
121900090,71,26,45
121900091,193,60,133
121900092,239,219,20
121900093,106,130,-24
121900094,35,20,15
121900095,514,186,328
121900096,1611,1280,331
121900097,1225,255,970
121900098,19,8,11
121900099,402,51,351
121900100,99,325,-226
121900101,183,278,-95
121900102,1,163,-162
121900103,661,477,184
121900104,2645,776,1869
121900105,381,272,109
121900106,10,24,-14
121900107,175,43,132
121900108,2,28,-26
121900109,363,329,34
121900110,1116,675,441
121900111,705,590,115
121900112,207,407,-200
121900113,97,663,-566
121900114,181,115,66
121900117,190,454,-264
121900118,3717,1084,2633
121900119,179,81,98
121900120,98,1278,-1180
121900121,753,42,711
121900122,76,78,-2
121900123,352,537,-185
121900124,401,290,111
121900125,4533,1890,2643
121900127,11,186,-175
121900128,106,81,25
121900129,186,294,-108
121900130,143,402,-259
121900131,425,157,268
121900132,80,93,-13
121900133,39,827,-788
121900134,23,917,-894
121900135,7910,848,7062
121900136,625,503,122
121900137,68,422,-354
121900138,105,288,-183
121900139,502,6215,-5713
121900140,86,221,-135
121900141,114,97,17
121900142,194,84,110
121900143,21,263,-242
121900144,202,1305,-1103
121900145,339,556,-217
121900146,570,1010,-440
121900147,114,578,-464
121900148,390,561,-171
121900149,492,701,-209
121900150,103,308,-205
121900151,119,552,-433
121900152,219,160,59
121900153,71,418,-347
121900154,14,548,-534
121900155,1,391,-390
121900156,235,292,-57
121900157,8,564,-556
121900158,102,233,-131
121900159,0,240,-240
121900160,54,595,-541
121900161,280,939,-659
121900162,106,242,-136
121900163,639,231,408
121900164,282,435,-153
121900165,224,231,-7
121900166,143,315,-172
121900167,90,142,-52
121900168,137,184,-47
121900169,17,429,-412
121900170,17,211,-194
121900171,1379,1376,3
121900172,795,469,326
121900173,920,600,320
121900174,147,68,79
121900175,121,791,-670
121900176,764,2530,-1766
121900177,167,115,52
121900178,98,101,-3
121900179,633,580,53
121900180,2229,8277,-6048
121900182,917,1139,-222
121900183,520,2639,-2119
121900184,51,2619,-2568
121900186,8,898,-890
121900187,20,220,-200
121900188,1520,270,1250
121900189,185,102,83
121900190,365,544,-179
121900191,104,459,-355
121900192,373,3660,-3287
121900193,89,540,-451
121900194,31,804,-773
121900195,18,73,-55
121900196,1062,1460,-398
121900197,556,1516,-960
121900198,5847,3292,2555
121900199,2,88,-86
121900200,52,213,-161
121900201,1051,993,58
121900202,193,1096,-903
121900203,134,2831,-2697
121900204,1884,1610,274
121900205,55,263,-208
121900206,34,188,-154
121900207,52,149,-97
121900208,197,717,-520
121900209,104,83,21
121900210,3708,2533,1175
121900211,85,186,-101
121900212,53,199,-146
121900213,655,55,600
121900214,5,708,-703
121900215,45,258,-213
121900216,53,539,-486
121900217,275,379,-104
121900218,257,1289,-1032
121900220,151,31,120
121900221,590,770,-180
121900222,401,125,276
121900223,340,245,95
121900224,193,127,66
121900225,155,394,-239
121900226,356,63,293
121900227,580,2196,-1616
121900228,168,240,-72
121900230,98,593,-495
121900231,89,2969,-2880
121900232,165,526,-361
121900233,467,320,147
121900234,504,279,225
121900235,913,232,681
121900236,400,272,128
121900237,264,999,-735
121900238,265,506,-241
121900239,242,78,164
121900240,322,273,49
121900241,123,60,63
121900242,23,0,23
121900243,31,0,31
121900244,58,0,58
121900245,495,134,361
121900246,10975,700,10275
121900247,685,292,393
121900248,2087,1318,769
121900250,179,660,-481
121900251,1008,36,972
121900252,674,261,413
121900253,61,1349,-1288
121900254,500,698,-198
121900255,834,275,559
121900258,7197,2005,5192
121900259,219,764,-545
121900260,222,163,59
121900261,207,1167,-960
121900262,1232,1724,-492
121900263,421,226,195
121900264,1207,1249,-42
121900265,599,221,378
121900266,842,147,695
121900267,116,97,19
121900269,341,1318,-977
121900270,81,226,-145
121900271,31,303,-272
121900273,640,2645,-2005
121900274,499,424,75
121900277,405,1842,-1437
121900278,118,2628,-2510
121900279,303,428,-125
121900280,145,1316,-1171
121900281,196,761,-565
121900284,47,6,41
121900286,317,106,211
121900287,28,37,-9
121900288,1,26,-25
121900290,288,2246,-1958
121900291,542,1734,-1192
121900292,242,242,0
121900293,964,7088,-6124
121900294,571,15,556
121900295,222,176,46
121900296,100,412,-312
121900298,174,1561,-1387
121900299,0,9,-9
121900300,94,5,89
121900301,70,2,68
121900302,7,98,-91
121900303,274,851,-577
121900304,1,52,-51
121900305,12,32,-20
121900306,456,2,454
121900307,353,8,345
121900308,22,173,-151
121900309,11,115,-104
121900310,22,149,-127
121900311,903,25,878
121900312,904,44,860
121900313,872,28,844
121900314,8,20,-12
121900315,130,12,118
121900316,0,7,-7
121900317,72,25,47
121900318,8,5,3
121900319,73,636,-563
121900320,51,55,-4
121900321,43,5,38
121900322,5,12,-7
121900323,36,73,-37
121900324,4,54,-50
121900325,46,23,23
121900326,24,12,12
121900327,5,61,-56
121900328,1,28,-27
121900329,1,72,-71
121900330,0,101,-101
121900331,45,73,-28
121900332,87,42,45
121900333,51,0,51
122000001,1778,7254,-5476
122000002,3074,1729,1345
122000003,1384,3588,-2204
122000004,1771,1910,-139
122000005,8617,3957,4660
122000006,1100,2732,-1632
122000007,818,2952,-2134
122000008,1438,5328,-3890
122000009,881,786,95
122000010,4212,4927,-715
122000011,11158,4156,7002
122000012,1155,8165,-7010
122000013,896,3598,-2702
122000014,8599,2808,5791
122000015,1468,1340,128
122000016,687,967,-280
122000017,1997,2163,-166
122000018,3966,3040,926
122000019,1580,3560,-1980
122000020,295,770,-475
122000021,358,689,-331
122000022,2018,2965,-947
122000023,1859,3272,-1413
122000024,691,4989,-4298
122000025,737,6636,-5899
122000026,350,2250,-1900
122000027,947,1287,-340
122000028,3041,1077,1964
122000029,394,1564,-1170
122000030,176,243,-67
122000031,149,513,-364
122000032,12027,5122,6905
122000033,578,8830,-8252
122000034,428,1605,-1177
122000035,238,961,-723
122000036,720,939,-219
122000037,1900,449,1451
122000038,391,866,-475
122000039,760,1749,-989
122000040,300,540,-240
122000041,1133,1504,-371
122000042,640,1140,-500
122000043,118,320,-202
122000044,166,205,-39
122000045,3742,1682,2060
122000046,1555,2180,-625
122000047,114,367,-253
122000048,2883,4988,-2105
122000049,10198,5042,5156
122000050,1065,1648,-583
122000051,225,672,-447
122000052,477,723,-246
122000053,387,1361,-974
122000054,2054,3085,-1031
122000055,2092,5508,-3416
122000056,3597,3921,-324
122000057,6728,5962,766
122000058,1046,3847,-2801
122000059,1075,7273,-6198
122000060,336,1897,-1561
122000061,249,1425,-1176
122000062,598,345,253
122000063,428,2573,-2145
122000064,4212,10592,-6380
122000065,2896,4517,-1621
122000066,1012,2725,-1713
122000067,1484,2425,-941
122000068,4287,1674,2613
122000069,1917,1382,535
122000070,1780,1891,-111
122000071,6480,1778,4702
122000072,2619,1750,869
122000073,343,3601,-3258
122000074,3351,2097,1254
122000075,1935,1401,534
122000076,15511,3728,11783
122000077,758,3833,-3075
122000078,630,7102,-6472
122000079,277,5232,-4955
122000080,615,1275,-660
122000081,122,357,-235
122000082,326,2125,-1799
122000083,9201,1367,7834
122000084,7987,2378,5609
122000085,471,1065,-594
122000086,4049,11028,-6979
122000087,320,902,-582
122000088,132,632,-500
122000089,7346,4026,3320
122000090,392,2141,-1749
122000091,152,730,-578
122000092,98,170,-72
122000093,2364,7267,-4903
122000094,8854,5252,3602
122000095,785,7360,-6575
122000096,540,4338,-3798
122000098,5343,5866,-523
122000099,837,2672,-1835
122000100,1051,1498,-447
122000101,465,814,-349
122000102,4236,1529,2707
122000103,1814,2261,-447
122000104,2692,270,2422
122000105,534,1060,-526
122000106,772,3577,-2805
122000107,1773,766,1007
122000108,1049,1249,-200
122000109,701,394,307
122000110,1113,1409,-296
122000111,6059,2520,3539
122000112,2928,2485,443
122000113,1128,1435,-307
122000114,2038,4767,-2729
122000115,2799,2003,796
122000116,564,821,-257
122000117,1761,560,1201
122000118,984,882,102
122000119,4346,3166,1180
122000120,1039,6224,-5185
122000121,881,3109,-2228
122000122,498,1269,-771
122000123,1473,2143,-670
122000124,997,821,176
122000125,564,809,-245
122000126,490,1105,-615
122000127,569,970,-401
122000128,390,543,-153
122000129,590,2520,-1930
122000130,3948,1987,1961
122000131,1303,2007,-704
122000132,253,816,-563
122000133,1031,1319,-288
122000134,1536,916,620
122000135,644,293,351
122000136,1455,736,719
122000137,3208,1482,1726
122000139,845,5281,-4436
122000140,394,2294,-1900
122000141,7523,3932,3591
122000142,130,3885,-3755
122000143,463,838,-375
122000144,2120,2166,-46
122000145,875,1939,-1064
122000146,621,5488,-4867
122000147,611,1092,-481
122000148,493,2432,-1939
122000149,2242,1739,503
122000150,1687,1413,274
122000151,162,599,-437
122000152,507,563,-56
122000153,562,719,-157
122000154,322,370,-48
122000155,1793,3713,-1920
122000156,13042,6819,6223
122000157,743,12709,-11966
122000158,405,1588,-1183
122000159,838,2245,-1407
122000160,2760,3192,-432
122000161,1407,1740,-333
122000162,1516,2041,-525
122000163,495,243,252
122000164,92,430,-338
122000165,1959,2378,-419
122000166,871,4028,-3157
122000167,432,839,-407
122000168,256,1673,-1417
122000169,558,482,76
122000170,500,574,-74
122000171,47,145,-98
122000172,3082,2311,771
122000173,2196,4357,-2161
122000174,2028,2709,-681
122000175,900,717,183
122000176,403,2055,-1652
122000177,1397,2263,-866
122000178,9171,5436,3735
122000179,4911,6250,-1339
122000180,985,1545,-560
122000181,921,2772,-1851
122000182,2366,1912,454
122000183,3961,1671,2290
122000184,4339,5469,-1130
122000185,1442,6330,-4888
122000186,892,3761,-2869
122000187,2368,1776,592
122000188,587,602,-15
122000189,258,588,-330
122000190,934,3244,-2310
122000191,1122,1272,-150
122000192,1752,740,1012
122000193,565,1085,-520
122000194,563,387,176
122000195,177,1107,-930
122000196,1543,543,1000
122000197,698,974,-276
122000198,610,3504,-2894
122000199,328,611,-283
122000200,1278,1224,54
122000201,1732,4043,-2311
122000202,1201,3688,-2487
122000203,2938,1983,955
122000204,1847,1991,-144
122000205,865,1340,-475
122000206,6487,1606,4881
122000207,2978,2559,419
122000208,2834,2987,-153
122000209,2993,1172,1821
122000210,2778,3394,-616
122000211,1510,2581,-1071
122000212,1183,813,370
122000213,1292,2050,-758
122000214,2573,2392,181
122000215,3220,2682,538
122000217,1977,4027,-2050
122000218,948,79,869
122000219,1776,1149,627
122000220,338,984,-646
122000221,144,438,-294
122000222,821,251,570
122000223,1206,851,355
122000225,916,586,330
122000226,2088,1870,218
122000227,387,2095,-1708
122000228,429,398,31
122000229,26,514,-488
122000230,78,406,-328
122000231,331,985,-654
122000232,790,915,-125
122000233,1,103,-102
122000234,760,79,681
122000235,724,105,619
122000236,2253,62,2191
122000237,230,127,103
122000238,523,511,12
122000239,1000,270,730
122000240,1742,882,860
122000241,3351,677,2674
122000242,987,358,629
122000243,14,39,-25
122000244,6,452,-446
122000245,11,75,-64
122000246,16,196,-180
122000247,752,251,501
122000248,1088,1055,33
122000249,1640,1430,210
122000250,2915,1317,1598
122000251,187,531,-344
122000252,293,156,137
122000253,160,369,-209
122000254,598,121,477
122000255,837,891,-54
122000256,275,616,-341
122000257,348,131,217
122000258,431,393,38
122000259,69,334,-265
122000260,4,50,-46
122000261,36,569,-533
122000262,1,38,-37
122000263,287,1006,-719
122000264,2056,488,1568
122000265,3887,1736,2151
122000266,5143,1121,4022
122000267,141,177,-36
122000268,216,429,-213
122000269,1509,495,1014
122000270,636,322,314
122000271,351,2566,-2215
122000272,610,1915,-1305
122000273,608,528,80
122000274,437,309,128
122000275,75,214,-139
122000276,1518,618,900
122000277,1700,1798,-98
122000278,2839,365,2474
122000279,340,246,94
122000280,834,576,258
122000281,941,816,125
122000282,170,559,-389
122000283,157,223,-66
122000284,185,91,94
122000285,290,85,205
122000286,28,182,-154
122000287,2155,1676,479
122000288,687,312,375
122000291,4538,1274,3264
122000293,295,141,154
122000294,244,480,-236
122000295,1544,256,1288
122000296,44,839,-795
122000297,2577,5346,-2769
122000299,872,676,196
122000300,455,528,-73
122000301,8251,5036,3215
122000302,644,3398,-2754
122000303,2302,1219,1083
122000304,96,230,-134
122000305,2008,426,1582
122000306,99,327,-228
122000307,143,182,-39
122000309,54,25,29
122000310,15,98,-83
122000311,73,142,-69
122000312,83,357,-274
122000313,45,147,-102
122000314,152,454,-302
122000315,360,84,276
122000316,1531,554,977
122000317,3282,396,2886
122000318,462,1921,-1459
122000319,139,561,-422
122000320,329,1253,-924
122000321,132,149,-17
122000322,2279,3238,-959
122000323,782,5626,-4844
122000324,2431,3930,-1499
122000325,1007,8086,-7079
122000326,202,86,116
122000327,627,1438,-811
122000328,649,607,42
122000330,4569,3034,1535
122000332,223,412,-189
122000333,27,69,-42
122000337,1477,427,1050
122000338,721,427,294
122000340,254,4542,-4288
122000342,1926,920,1006
122000343,787,407,380
122000344,139,26,113
122000345,54,21,33
122000346,305,244,61
122000348,1087,1172,-85
122000349,130,980,-850
122000351,284,373,-89
122000352,278,277,1
122000353,268,60,208
122000355,147,370,-223
122000356,548,3415,-2867
122000357,127,21,106
122000358,3,13,-10
122000359,0,13,-13
122000360,5,8,-3
122000362,4,66,-62
122000364,436,330,106
122000365,1,48,-47
122000366,12,9,3
122000368,636,910,-274
122000370,49,27,22
122000371,54,0,54
122000372,21,1,20
122000381,280,481,-201
122000382,110,201,-91
122000384,1564,1740,-176
122000385,183,0,183
122000386,264,2889,-2625
122000387,660,1769,-1109
122000388,1509,1794,-285
122000389,278,2517,-2239
122000390,442,767,-325
122000391,115,1885,-1770
122000392,253,148,105
122000393,52,93,-41
122000394,905,245,660
122000395,208,112,96
122000396,474,124,350
122000397,25,60,-35
122000398,13,86,-73
122000399,208,66,142
122000400,57,1799,-1742
122000401,196,74,122
122000402,699,239,460
122000403,712,390,322
122000404,311,209,102
122000408,585,1121,-536
122000503,15,111,-96
122000524,82,704,-622
122000544,136,3140,-3004
122000616,322,4,318
122000640,114,84,30
122000641,286,258,28
122000642,1734,614,1120
122000643,49,247,-198
122000644,134,70,64
122000645,74,276,-202
122000651,555,4599,-4044
122000664,237,109,128
122000665,1963,743,1220
122000666,851,1369,-518
122000673,63,188,-125
122000674,398,160,238
122000675,2731,661,2070
122000686,509,2559,-2050
122000687,2137,433,1704
122000688,473,378,95
122000689,1646,222,1424
122000690,4609,295,4314
122000691,1384,570,814
122000692,2018,435,1583
122000693,490,1095,-605
122000695,588,288,300
122000696,1050,145,905
122000698,554,251,303
122000699,310,88,222
122000701,2650,396,2254
122000702,538,1391,-853
122000703,263,93,170
122000717,69,113,-44
122000718,281,1791,-1510
122000719,100,161,-61
122000720,1137,97,1040
122000724,93,35,58
122900001,83,16,67
122900002,1047,10072,-9025
122900003,623,57,566
122900004,3278,185,3093
122900005,94,220,-126
122900006,456,1629,-1173
122900007,124,284,-160
122900008,303,305,-2
122900009,1757,696,1061
122900010,327,187,140
122900012,247,561,-314
122900014,162,227,-65
122900015,946,1584,-638
122900016,257,291,-34
122900017,251,2170,-1919
122900018,289,25,264
122900019,17,84,-67
122900020,161,515,-354
122900021,52,372,-320
122900022,1937,1047,890
122900023,1355,288,1067
122900024,182,214,-32
122900025,7,421,-414
122900026,23,157,-134
122900027,35,497,-462
122900028,113,143,-30
122900029,8181,3384,4797
122900030,3254,689,2565
122900031,72,530,-458
122900032,817,539,278
122900033,283,264,19
122900034,4774,5801,-1027
122900035,70,14,56
122900036,90,93,-3
122900037,568,298,270
122900038,141,4629,-4488
122900039,140,795,-655
122900040,326,1671,-1345
122900041,281,548,-267
122900042,210,469,-259
122900043,605,385,220
122900044,144,374,-230
122900045,277,468,-191
122900046,186,413,-227
122900047,173,267,-94
122900048,37,324,-287
122900049,3899,254,3645
122900051,68,845,-777
122900052,216,81,135
122900053,35,39,-4
122900055,402,66,336
122900057,375,126,249
122900061,734,140,594
122900062,877,1081,-204
122900063,405,186,219
122900064,992,557,435
122900065,865,378,487
122900066,1103,522,581
122900067,957,524,433
122900068,158,366,-208
122900069,646,2318,-1672
122900070,528,79,449
122900071,137,260,-123
122900072,8,358,-350
122900073,22,80,-58
122900074,1797,183,1614
122900075,1,74,-73
122900076,7,255,-248
122900077,0,74,-74
122900078,463,20,443
122900080,26,117,-91
122900081,239,194,45
122900082,1557,196,1361
122900083,173,186,-13
122900084,21,142,-121
122900086,29,314,-285
122900087,606,445,161
122900088,32,987,-955
122900089,30,196,-166
122900090,12,332,-320
122900091,598,5,593
122900092,1,109,-108
122900093,0,106,-106
122900094,2,165,-163
122900095,300,41,259
122900096,745,66,679
122900097,46,74,-28
122900098,26,209,-183
122900099,195,54,141
122900100,123,1289,-1166
122900101,735,450,285
122900102,112,87,25
122900103,410,13,397
122900104,542,14,528
122900105,44,40,4
122900106,4,32,-28
122900107,9,47,-38
122900108,6,65,-59
123000001,1065,2432,-1367
123000002,3241,10701,-7460
123000003,6930,6598,332
123000004,3462,5211,-1749
123000005,4747,3848,899
123000006,3041,2600,441
123000007,5350,3442,1908
123000008,3240,3282,-42
123000009,5031,3742,1289
123000010,3670,5316,-1646
123000011,1937,2090,-153
123000012,883,5166,-4283
123000013,6286,1932,4354
123000014,644,4900,-4256
123000015,2679,1567,1112
123000016,3208,4554,-1346
123000017,5154,2626,2528
123000018,174,165,9
123000019,948,85,863
123000020,721,42,679
123000021,420,405,15
123000022,551,2711,-2160
123000023,2676,3428,-752
123000024,2275,1140,1135
123000025,29,108,-79
123000026,3,296,-293
123000027,77,1497,-1420
123000028,850,1644,-794
123000029,473,2046,-1573
123000030,422,139,283
123000031,571,255,316
123000032,946,98,848
123000033,390,159,231
123000034,1510,902,608
123000035,731,625,106
123000036,350,1697,-1347
123000037,309,215,94
123000038,58,486,-428
123000039,601,2171,-1570
123000040,567,313,254
123000041,1025,2317,-1292
123000042,596,1842,-1246
123000043,2203,19753,-17550
123000044,3452,3650,-198
123000045,4763,3146,1617
123000046,299,1612,-1313
123000047,984,1993,-1009
123000048,275,2395,-2120
123000049,7484,13724,-6240
123000050,3147,2572,575
123000051,173,317,-144
123000052,1143,5152,-4009
123000053,3443,4317,-874
123000054,3268,2645,623
123000055,2922,7008,-4086
123000056,1476,1058,418
123000057,4790,7531,-2741
123000058,965,1902,-937
123000059,406,614,-208
123000060,1824,640,1184
123000061,446,756,-310
123000063,1816,1577,239
123000064,2127,342,1785
123000065,4578,3386,1192
123000066,536,823,-287
123000067,1744,621,1123
123000068,2232,2610,-378
123000069,5082,1738,3344
123000070,242,713,-471
123000071,3254,1047,2207
123000072,1978,673,1305
123000073,3839,1198,2641
123000074,1545,1125,420
123000075,624,2860,-2236
123000076,1141,538,603
123000077,2951,1794,1157
123000078,4166,1976,2190
123000079,3867,2350,1517
123000080,3931,1340,2591
123000081,292,393,-101
123000082,366,1418,-1052
123000083,1968,539,1429
123000084,1240,493,747
123000085,785,99,686
123000086,1373,131,1242
123000087,811,543,268
123000088,1830,936,894
123000089,1446,1282,164
123000090,2439,1087,1352
123000091,2552,1990,562
123000092,1365,1751,-386
123000094,1353,299,1054
123000095,1435,1007,428
123000096,1948,464,1484
123000097,1216,481,735
123000098,1641,641,1000
123000099,1029,470,559
123000100,562,1051,-489
123000101,620,724,-104
123000102,665,1172,-507
123000104,782,775,7
123000105,498,777,-279
123000106,868,690,178
123000107,340,462,-122
123000108,704,1342,-638
123000111,1663,509,1154
123000112,2008,569,1439
123000113,915,864,51
123000114,571,982,-411
123000115,437,374,63
123000116,69,94,-25
123000117,2591,1491,1100
123000118,782,670,112
123000119,364,512,-148
123000120,392,748,-356
123000121,869,1135,-266
123000122,522,387,135
123000123,680,862,-182
123000124,542,519,23
123000125,2176,1809,367
123000126,1506,7077,-5571
123000127,657,725,-68
123000128,413,398,15
123000129,1517,463,1054
123000130,1154,154,1000
123000131,2317,1190,1127
123000132,415,706,-291
123000133,138,294,-156
123000134,336,127,209
123000135,3864,1486,2378
123000136,403,477,-74
123000137,213,229,-16
123000138,158,318,-160
123000139,1065,226,839
123000140,119,567,-448
123000141,978,241,737
123000142,1347,852,495
123000143,1090,1764,-674
123000144,16,53,-37
123000145,256,439,-183
123000146,31,240,-209
123000147,132,212,-80
123000149,481,523,-42
123000150,119,335,-216
123000151,184,681,-497
123000152,50,476,-426
123000153,113,915,-802
123000154,1378,2344,-966
123000155,2265,1884,381
123000156,26,145,-119
123000157,955,962,-7
123000158,656,1200,-544
123000159,3973,5336,-1363
123000160,1678,1723,-45
123000161,2402,1663,739
123000162,2283,2607,-324
123000163,1508,269,1239
123000164,3339,380,2959
123000165,548,1177,-629
123000166,47,121,-74
123000167,180,284,-104
123000168,644,142,502
123000169,1572,244,1328
123000170,136,73,63
123000171,1956,18,1938
123000172,218,622,-404
123000173,921,517,404
123000174,1231,735,496
123000175,525,1157,-632
123000176,1552,468,1084
123000177,407,1416,-1009
123000178,1480,297,1183
123000179,47,408,-361
123000180,2551,525,2026
123000181,391,956,-565
123000182,363,328,35
123000183,231,875,-644
123000184,138,432,-294
123000185,1525,559,966
123000186,11,317,-306
123000187,968,19,949
123000188,394,2,392
123000189,445,176,269
123000190,109,140,-31
123000192,24,319,-295
123000193,61,828,-767
123000194,383,347,36
123000195,467,68,399
123000196,609,33,576
123000197,137,123,14
123000198,87,909,-822
123000199,30,790,-760
123000200,1084,21,1063
123000201,2109,27,2082
123000202,38,629,-591
123000203,1903,69,1834
123000204,110,626,-516
123000205,305,906,-601
123000206,4514,424,4090
123000207,132,536,-404
123000208,1123,337,786
123000209,3116,1157,1959
123000210,406,1553,-1147
123000211,559,1999,-1440
123000212,6597,841,5756
123000213,807,94,713
123000215,84,263,-179
123000216,274,1320,-1046
123000217,363,78,285
123000218,46,879,-833
123000219,904,187,717
123000220,719,245,474
123000221,276,184,92
123000222,782,378,404
123000223,997,198,799
123000224,658,310,348
123000225,379,65,314
123000226,94,572,-478
123000227,117,290,-173
123000228,483,95,388
123000229,931,1857,-926
123000232,138,554,-416
123000233,1327,232,1095
123000234,244,546,-302
123000235,2115,376,1739
123000236,432,575,-143
123000237,776,181,595
123000238,87,459,-372
123000239,519,827,-308
123000240,55,1612,-1557
123000241,487,91,396
123000242,475,284,191
123000243,966,801,165
123000244,954,606,348
123000245,62,172,-110
123000249,727,547,180
123000252,1506,505,1001
123000253,2289,881,1408
123000254,1094,863,231
123000255,1478,1131,347
123000256,32,304,-272
123000257,2603,1493,1110
123000258,1424,724,700
123000259,958,636,322
123000260,954,416,538
123000261,558,181,377
123000262,156,108,48
123000263,876,149,727
123000264,287,147,140
123000265,61,162,-101
123000266,570,649,-79
123000267,1120,533,587
123000268,51,60,-9
123000269,68,103,-35
123000270,68,124,-56
123000271,51,52,-1
123000272,976,374,602
123000273,386,1329,-943
123000274,1519,1429,90
123000275,308,1040,-732
123000278,2113,3714,-1601
123000279,190,77,113
123000280,391,352,39
123000281,547,215,332
123000282,184,392,-208
123000283,316,94,222
123000284,56,98,-42
123000286,196,659,-463
123000287,451,439,12
123000288,1415,1860,-445
123000289,328,2327,-1999
123000291,278,1128,-850
123000294,202,267,-65
123000295,854,1633,-779
123000296,1099,671,428
123000297,1063,318,745
123000298,1374,267,1107
123000299,154,146,8
123000300,1932,1362,570
123000301,221,732,-511
123000302,221,125,96
123000303,128,436,-308
123000305,1105,1172,-67
123000306,444,118,326
123000309,58,139,-81
123000310,67,81,-14
123000311,0,123,-123
123000312,466,595,-129
123000313,1026,546,480
123000315,209,333,-124
123000316,948,180,768
123000317,320,158,162
123000318,65,219,-154
123000329,9,17,-8
123000337,513,736,-223
123000338,206,216,-10
123000339,498,76,422
123000340,109,334,-225
123000342,7,28,-21
123000343,146,64,82
123000344,627,374,253
123000345,443,701,-258
123000346,657,33,624
123000352,1326,1024,302
123000353,74,74,0
123000354,427,26,401
123000355,1,183,-182
123000356,801,22,779
123000357,5,130,-125
123000359,25,63,-38
123000360,445,154,291
123000361,329,293,36
123000362,808,209,599
123000363,191,307,-116
123000364,778,890,-112
123000365,29,541,-512
123000366,506,4049,-3543
123000367,450,789,-339
123000370,26,376,-350
123000371,690,160,530
123000372,717,62,655
123000373,10,454,-444
123000374,14,191,-177
123000375,673,94,579
123000376,1204,1056,148
123000377,1060,54,1006
123000378,37,350,-313
123000379,3,364,-361
123000380,34,462,-428
123000381,75,170,-95
123000382,609,208,401
123000383,193,1236,-1043
123000384,776,179,597
123000385,240,613,-373
123000436,43,1825,-1782
123000507,99,196,-97
123000508,271,2111,-1840
123000517,381,43,338
123000518,75,148,-73
123000519,207,91,116
123000520,66,194,-128
123000521,821,138,683
123000522,208,286,-78
123000541,11,0,11
123000542,0,10,-10
123000565,4,6,-2
123000566,2016,209,1807
123000567,154,121,33
123000573,39,531,-492
123000574,1279,105,1174
123000575,2282,849,1433
123000576,1382,1014,368
123000577,135,1001,-866
123000578,493,222,271
123000579,1038,10766,-9728
123000580,140,79,61
123000582,953,34,919
123000583,33,363,-330
123000584,164,334,-170
123000585,0,27,-27
123000586,265,0,265
123000596,70,68,2
123000597,135,255,-120
123000602,151,15,136
123000603,1887,305,1582
123000604,1048,322,726
123000605,986,84,902
123000606,1,594,-593
123000609,30,342,-312
123000610,185,115,70
123000613,62,201,-139
123000614,386,41,345
123000615,57,44,13
123000616,1492,90,1402
123000617,201,166,35
123000618,63,770,-707
123000619,651,143,508
123000620,34,408,-374
123000622,758,27,731
123000624,350,54,296
123000630,2538,459,2079
123000631,419,485,-66
123000632,767,797,-30
123000633,1,151,-150
123000634,72,531,-459
123000635,67,187,-120
123000636,41,355,-314
123000637,257,39,218
123000638,798,47,751
123000639,869,7634,-6765
123000640,7,359,-352
123900001,1231,96,1135
123900002,44,1902,-1858
123900003,236,398,-162
123900005,407,322,85
123900006,508,101,407
124000001,2301,267,2034
124000002,107,1485,-1378
124000003,2031,218,1813
124000004,99,509,-410
124000005,1872,986,886
124000006,263,630,-367
124000007,668,127,541
124000008,11,544,-533
124000009,1353,345,1008
124000010,359,341,18
124000011,1523,522,1001
124000012,289,355,-66
124000017,313,147,166
124000018,138,81,57
124000019,317,206,111
124000020,46,167,-121
124000021,189,141,48
124000022,109,204,-95
124000023,1540,1917,-377
124000024,1620,452,1168
124000025,1664,2061,-397
124000026,1310,1066,244
124000027,4694,5256,-562
124000028,1354,3724,-2370
124000030,1777,1955,-178
124000031,1843,6718,-4875
124000032,1359,555,804
124000033,6,231,-225
124000034,928,523,405
124000035,31,438,-407
124000036,51,187,-136
124000037,600,1483,-883
124000038,36,224,-188
124000039,473,398,75
124000040,308,1597,-1289
124000041,685,252,433
124000042,221,488,-267
124000043,126,165,-39
124000044,92,197,-105
124000045,1886,426,1460
124000046,399,766,-367
124000047,3001,779,2222
124000048,1520,721,799
124000049,3251,623,2628
124000050,1431,1107,324
124000051,1765,433,1332
124000052,1105,747,358
124000053,866,3026,-2160
124000054,867,357,510
124000055,1533,6317,-4784
124000056,1661,972,689
124000057,1903,664,1239
124000058,812,947,-135
124000059,1470,1854,-384
124000060,707,530,177
124000061,1899,8174,-6275
124000062,1883,1539,344
124000063,1289,1220,69
124000064,1698,1086,612
124000065,22,679,-657
124000066,302,1167,-865
124000067,300,239,61
124000068,27,14,13
124000069,295,18,277
124000070,88,61,27
124000071,255,101,154
124000072,247,397,-150
124000073,1544,262,1282
124000074,272,609,-337
124000075,707,89,618
124000076,51,98,-47
124000077,427,1102,-675
124000078,1702,1512,190
124000079,213,1566,-1353
124000080,1082,183,899
124000081,344,446,-102
124000082,87,232,-145
124000083,41,70,-29
124000084,52,1019,-967
124000085,48,56,-8
124000086,26,285,-259
124000087,81,152,-71
124000088,162,702,-540
124000089,1156,347,809
124000090,234,217,17
124000091,730,138,592
124000092,192,558,-366
124000093,193,203,-10
124000094,220,733,-513
124000095,187,132,55
124000096,314,318,-4
124000097,177,168,9
124000098,77,114,-37
124000099,438,158,280
124000100,76,210,-134
124000101,163,205,-42
124000102,96,39,57
124000103,333,164,169
124000104,157,49,108
124000105,257,136,121
124000106,201,42,159
124000107,27,325,-298
124000108,65,15,50
124000109,300,151,149
124000110,140,65,75
124000111,356,140,216
124000112,1228,483,745
124000113,216,180,36
124000114,633,338,295
124000115,442,938,-496
124000116,137,258,-121
124000117,32,137,-105
124000118,45,102,-57
124000119,1079,1208,-129
124000120,904,906,-2
124000121,1374,949,425
124000122,676,1639,-963
124000123,1243,633,610
124000124,361,915,-554
124000125,721,645,76
124000126,443,616,-173
124000127,1468,341,1127
124000128,792,828,-36
124000129,2032,2033,-1
124000130,594,531,63
124000131,825,985,-160
124000132,648,625,23
124000133,1705,1636,69
124000134,1167,714,453
124000135,1978,2874,-896
124000136,769,1183,-414
124000137,1022,1506,-484
124000138,1187,1393,-206
124000139,439,71,368
124000140,22,393,-371
124000141,159,20,139
124000142,20,280,-260
124000143,102,23,79
124000144,36,79,-43
124000145,162,72,90
124000146,55,50,5
124000148,21,115,-94
124000149,1338,329,1009
124000150,230,748,-518
124000151,1450,600,850
124000152,985,1237,-252
124000153,1358,1310,48
124000154,658,888,-230
124000155,1757,1077,680
124000156,928,1259,-331
124000169,240,778,-538
124000170,901,719,182
124000171,524,432,92
124000172,461,681,-220
124000173,933,242,691
124000174,506,735,-229
124000175,18,77,-59
124000176,65,62,3
124000177,10,38,-28
124000178,99,106,-7
124000190,36,112,-76
124000191,49,312,-263
124000192,1241,758,483
124000193,252,2670,-2418
124000194,350,362,-12
124000195,537,848,-311
124000196,813,746,67
124000197,46,60,-14
124000198,57,96,-39
124000201,166,739,-573
124000202,842,362,480
124000203,932,201,731
124000204,1785,183,1602
124000205,177,173,4
124000206,1343,164,1179
124000207,0,43,-43
124000209,252,159,93
124000210,1124,258,866
124000211,1239,3,1236
124000212,0,154,-154
124000213,907,110,797
124000214,870,244,626
124000215,633,32,601
124000216,2,174,-172
124000329,221,503,-282
124000338,134,360,-226
124000339,2099,80,2019
124000341,2720,111,2609
124000344,90,25,65
124000357,1406,3173,-1767
124000358,779,2121,-1342
124000359,1378,1068,310
124000360,1387,654,733
124000361,2244,1247,997
124000362,1396,1925,-529
124000363,371,237,134
124000364,489,447,42
124000365,652,889,-237
124000366,1490,773,717
124000367,60,252,-192
124000368,552,886,-334
124000369,101,169,-68
124000370,39,472,-433
124000402,51,33,18
124000403,221,31,190
124000404,15,60,-45
124000405,1352,960,392
124000406,781,661,120
124000407,3,39,-36
124000411,28,172,-144
124000412,699,10,689
124000413,99,117,-18
124000414,173,142,31
124000415,76,54,22
124000416,243,207,36
124000417,480,173,307
124000418,639,41,598
124000419,225,53,172
124000420,250,46,204
124000421,91,59,32
124000422,32,29,3
124000423,162,88,74
124000424,12,37,-25
124000425,90,25,65
124000426,11,46,-35
124000427,76,4,72
124000428,17,254,-237
124000429,117,69,48
124000430,945,395,550
124000431,358,512,-154
124000432,485,633,-148
124000439,10,4,6
124000443,1,16,-15
124000445,83,1912,-1829
124000446,784,213,571
124900001,1123,487,636
124900002,375,232,143
124900003,1628,423,1205
124900004,1383,252,1131
124900005,364,113,251
124900006,1204,277,927
124900008,812,664,148
124900009,182,654,-472
124900010,259,284,-25
124900011,1025,409,616
124900012,608,121,487
124900013,943,191,752
124900014,577,46,531
124900015,249,690,-441
124900016,159,307,-148
124900017,449,2796,-2347
124900018,108,13,95
124900020,174,100,74
124900021,598,56,542
124900022,50,8,42
124900024,633,16,617
124900026,123,119,4
124900027,188,763,-575
124900028,470,144,326
124900029,53,590,-537
124900030,9,123,-114
124900031,59,300,-241
124900032,286,273,13
124900033,169,249,-80
124900034,4,117,-113
124900035,283,385,-102
124900036,2,108,-106
124900037,321,179,142
124900038,225,205,20
124900039,0,105,-105
124900040,139,159,-20
124900041,345,522,-177
124900042,61,1,60
124900043,792,425,367
124900044,226,6,220
124900045,453,1222,-769
124900046,448,309,139
124900047,146,238,-92
124900048,424,88,336
124900050,279,132,147
124900052,129,334,-205
124900053,293,266,27
124900054,637,722,-85
124900055,0,154,-154
124900057,20,83,-63
124900060,66,116,-50
124900061,155,9,146
124900062,285,15,270
124900066,0,17,-17
124900067,4,76,-72
124900068,196,833,-637
124900070,104,34,70
124900072,233,56,177
124900074,686,164,522
124900075,615,262,353
124900076,24,2275,-2251
124900077,29,109,-80
124900078,116,23,93
124900079,332,263,69
124900080,558,258,300
124900081,1791,250,1541
124900082,408,386,22
124900083,449,381,68
124900084,978,180,798
124900085,528,748,-220
124900086,77,1706,-1629
124900087,210,137,73
124900088,176,90,86
124900089,629,25,604
124900090,955,350,605
124900091,529,224,305
124900092,481,231,250
124900093,717,235,482
124900094,1054,386,668
124900095,188,816,-628
124900096,342,237,105
124900097,654,92,562
124900098,277,365,-88
124900099,277,859,-582
124900100,671,101,570
124900101,76,332,-256
124900102,390,15,375
124900103,290,106,184
124900104,123,129,-6
124900105,180,142,38
124900106,614,74,540
124900107,210,76,134
124900108,291,168,123
124900109,140,105,35
124900110,533,192,341
124900111,1,160,-159
124900112,147,273,-126
124900113,77,428,-351
124900114,61,170,-109
124900115,51,75,-24
124900116,462,463,-1
124900117,185,292,-107
124900118,100,814,-714
124900119,548,223,325
124900120,62,253,-191
124900121,130,554,-424
124900122,276,184,92
124900123,176,169,7
124900124,81,372,-291
129000186,232,94,138
204000001,63,7,56
204000002,9,7,2
204000003,27,1,26
204000004,3,8,-5
204000005,587,431,156
204000006,1187,1001,186
204000011,17,41,-24
204000012,113,88,25
204000013,0,55,-55
204000019,1381,434,947
204000020,1112,880,232
204000021,2087,940,1147
204000022,1361,508,853
204000023,739,380,359
204000031,54,14,40
204000032,302,45,257
204000034,35,111,-76
204000035,0,3,-3
204000036,5,25,-20
204000037,1,16,-15
204000038,0,24,-24
204000039,11,14,-3
204000040,6,35,-29
204000041,9,22,-13
204000042,57,19,38
204000043,38,6,32
204000044,40,4,36
204000045,69,3,66
204000046,14,2,12
204000057,7,10,-3
204000062,9,18,-9
204000068,16,659,-643
204000069,227,476,-249
204000070,73,76,-3
204000080,81,43,38
204000085,1601,1101,500
204000086,2022,1242,780
204000087,79,11,68
204000088,6,91,-85
204000090,54,225,-171
204000093,716,57,659
204000096,1622,852,770
204000097,686,8,678
204000099,1243,2317,-1074
204000100,2549,1539,1010
204000105,1269,861,408
204000110,383,870,-487
204000111,691,493,198
204000112,517,1725,-1208
204000113,347,939,-592
204000114,1121,1140,-19
204000115,1211,468,743
204000116,584,1634,-1050
204000119,2672,2106,566
204000132,795,466,329
204000133,905,177,728
204000134,244,106,138
204000135,648,60,588
204000136,507,176,331
204000138,387,618,-231
204000140,232,145,87
204000141,176,64,112
204000144,7,32,-25
204000145,615,81,534
204000146,26,333,-307
204000147,16,269,-253
204000148,254,29,225
204000154,5,3,2
204000155,3,1,2
204000177,64,83,-19
204000179,135,5,130
204000180,0,27,-27
204000222,9,1,8
204000235,42,27,15
204000236,59,326,-267
204000238,29,39,-10
204000240,293,74,219
204000263,508,943,-435
204000268,719,496,223
204000308,213,18,195
204000317,10,137,-127
204000322,11,93,-82
204000323,33,6,27
204000328,307,104,203
204000329,51,211,-160
204000330,187,13,174
204000331,64,87,-23
204010341,13,211,-198
205000001,526,1006,-480
205000013,9,79,-70
205000014,45,97,-52
205000015,58,109,-51
205000016,15,108,-93
205000017,24,85,-61
205000022,304,582,-278
205000025,983,639,344
205000029,438,19,419
205000045,156,694,-538
205000046,236,425,-189
205000047,79,311,-232
205000048,537,402,135
205000049,217,541,-324
205000050,658,303,355
205000059,0,189,-189
205000060,0,202,-202
205000061,4,417,-413
205000062,2,575,-573
205000063,19,488,-469
205000064,34,110,-76
205000065,184,536,-352
205000066,123,338,-215
205000067,64,450,-386
205000069,212,15,197
205000082,200,224,-24
205000110,84,156,-72
205000111,226,148,78
205000112,167,207,-40
205000113,126,185,-59
205000121,258,52,206
205000123,52,130,-78
205000126,545,90,455
205000127,868,116,752
205000128,494,61,433
205000129,848,76,772
205000130,81,17,64
205000131,30,11,19
205000132,52,10,42
205000133,42,1,41
205000134,311,1,310
205000137,159,81,78
205000138,166,273,-107
205000139,33,101,-68
205000144,123,112,11
205000145,458,201,257
205000151,163,45,118
205000152,210,31,179
205000153,320,23,297
205000154,103,38,65
205000155,127,21,106
205000207,16,142,-126
205000233,13,1,12
205000234,2,3,-1
205000243,1,0,1
205000244,0,8,-8
205000245,4,199,-195
205000249,1,19,-18
205000250,0,2,-2
205000264,17,68,-51
206000027,6,3,3
206000028,2,3,-1
206000043,3,46,-43
206000053,1,2,-1
206000054,1,6,-5
206000055,0,10,-10
206000075,27,31,-4
206000076,25,12,13
206000077,44,11,33
206000078,21,5,16
206000079,32,6,26
206000082,386,124,262
206000100,43,530,-487
206000103,1,10,-9
206000104,11,16,-5
206000105,3,7,-4
206000106,1,31,-30
206000108,663,68,595
206000125,115,0,115
206000157,45,444,-399
206000170,0,115,-115
206000171,10,164,-154
206000172,20,151,-131
206000173,1,91,-90
206000174,22,32,-10
206000175,3,46,-43
206000176,19,68,-49
206000177,0,45,-45
206000178,2,198,-196
206000179,1,195,-194
206000180,9,105,-96
206000181,11,43,-32
206000182,3,73,-70
206000183,9,120,-111
206000184,6,106,-100
206000185,9,32,-23
206000186,78,303,-225
206000223,10,263,-253
206000226,42,4,38
206000227,20,3,17
206000237,53,120,-67
206000238,41,186,-145
206000239,217,1411,-1194
206000240,0,47,-47
206000241,0,82,-82
206000242,5,122,-117
206000243,6,59,-53
206000244,50,166,-116
206000245,1627,74,1553
206000246,561,17,544
206000247,574,15,559
206000248,627,34,593
206000252,77,78,-1
206000258,13,48,-35
206000315,63,11,52
206000317,721,166,555
206000318,1071,114,957
206000319,3112,108,3004
206000320,591,66,525
206000321,657,24,633
206000322,1162,27,1135
206000323,406,15,391
206000324,496,14,482
206000325,326,24,302
206000326,334,28,306
206000327,63,17,46
206000328,330,7,323
206000329,545,4,541
206000330,106,8,98
206000331,481,4,477
206000332,103,1,102
206000333,1375,4,1371
206000334,637,3,634
206000335,0,19,-19
206000361,0,157,-157
206000392,0,9,-9
206000405,172,16,156
206000441,120,29,91
206000498,75,1,74
206000515,64,74,-10
206000530,618,80,538
206000531,289,580,-291
206000532,1559,853,706
206000535,114,4624,-4510
206000536,13,71,-58
206000537,14,144,-130
206000613,1379,364,1015
207000001,101,511,-410
207000002,87,398,-311
207000003,140,164,-24
207000007,1775,260,1515
207000008,211,7,204
207000009,93,72,21
207000010,355,248,107
207000012,579,257,322
207000015,249,516,-267
207000019,321,98,223
207000021,532,246,286
207000022,217,164,53
207000023,325,96,229
207000024,5,22,-17
207000025,30,98,-68
207000026,92,44,48
207000027,18,46,-28
207000028,67,129,-62
207000029,147,317,-170
207000033,290,466,-176
207000034,380,157,223
207000039,755,94,661
207000040,742,47,695
207000041,166,55,111
207000042,380,70,310
207000043,276,168,108
207000051,146,195,-49
207000052,19,136,-117
207000053,385,327,58
207000054,68,67,1
207000055,160,47,113
207000056,240,189,51
207000057,109,300,-191
207000058,176,188,-12
207000059,110,195,-85
207000060,94,261,-167
207000061,210,994,-784
207000062,622,43,579
207000063,661,58,603
207000064,430,89,341
207000065,348,204,144
207000066,391,152,239
207000067,70,80,-10
207000068,167,44,123
207000069,872,333,539
207000082,7,91,-84
207000083,93,123,-30
207000084,597,352,245
207000085,291,33,258
207000086,415,3,412
207000106,48,24,24
207000107,148,10,138
207000108,101,6,95
207000109,98,10,88
207000110,79,119,-40
207000111,132,95,37
207000112,118,1343,-1225
207000114,21,20,1
207000115,61,55,6
207000116,46,511,-465
207000117,17,108,-91
207000118,4,29,-25
207000119,36,30,6
207000123,317,30,287
207000124,158,33,125
207000125,76,29,47
207000126,65,58,7
207000134,152,116,36
207000135,36,171,-135
207000148,142,520,-378
207000149,60,19,41
207000152,110,331,-221
207000153,299,859,-560
207000154,423,241,182
207000159,195,109,86
207000160,214,188,26
207000238,1,150,-149
207000242,2,72,-70
207000248,54,45,9
207000249,145,15,130
207000250,448,112,336
207000251,101,161,-60
207000252,36,53,-17
207000278,158,157,1
207000279,27,87,-60
207000280,1363,101,1262
207000281,190,240,-50
207000282,106,310,-204
207000283,26,302,-276
207000284,43,813,-770
207000285,81,97,-16
207000291,17,77,-60
207000304,91,78,13
207000306,57,258,-201
207000310,115,98,17
207000353,121,2,119
207000356,17,191,-174
207000357,10,14,-4
207000358,4,122,-118
207000415,6,99,-93
207000417,54,10,44
207000418,76,103,-27
207000438,0,0,0
207000439,482,598,-116
207000446,204,2,202
207000460,84,2,82
207000466,264,106,158
207000467,566,94,472
207000468,51,152,-101
207000476,14,38,-24
207000477,1222,47,1175
207000478,3,522,-519
207000523,0,14,-14
207000524,30,2,28
207000527,221,185,36
207000530,948,6,942
207000531,440,14,426
207000532,220,30,190
207000534,211,49,162
207000535,34,558,-524
207000537,34,66,-32
207000540,9,115,-106
207000541,3,190,-187
207000548,11,151,-140
207000549,505,19,486
207000561,303,300,3
207000562,35,105,-70
207000567,71,245,-174
207000568,440,32,408
207000569,1018,207,811
207000584,87,238,-151
207000585,58,282,-224
207000616,0,74,-74
207000617,296,1,295
207900008,392,68,324
208000001,620,1372,-752
208000002,759,859,-100
208000003,1072,500,572
208000004,911,806,105
208000005,0,15,-15
208000019,1177,661,516
208000020,275,349,-74
208000021,421,295,126
208000022,1213,599,614
208000028,1285,2327,-1042
208000033,763,582,181
208000034,1216,2478,-1262
208000040,267,103,164
208000041,1066,707,359
208000042,1322,597,725
208000047,250,199,51
208000064,2062,1912,150
208000066,1547,2579,-1032
208000070,548,351,197
208000071,866,437,429
208000072,658,823,-165
208000080,389,534,-145
208000081,537,119,418
208000082,482,138,344
208000083,236,142,94
208000084,17,23,-6
208000085,728,376,352
208000086,476,874,-398
208000087,358,768,-410
208000089,1267,361,906
208000090,1389,449,940
208000093,70,115,-45
208000094,600,428,172
208000095,1325,505,820
208000104,1428,576,852
208000105,968,760,208
208000114,124,431,-307
208000115,602,440,162
208000116,1165,1188,-23
208000117,51,102,-51
208000118,162,210,-48
208000155,621,1246,-625
208000158,1804,4077,-2273
208000186,1405,3363,-1958
208000204,1100,1286,-186
208000205,2059,821,1238
208000282,1534,2589,-1055
209000004,742,251,491
209000005,72,65,7
209000006,502,226,276
209000007,440,580,-140
209000010,321,202,119
209000011,177,357,-180
209000012,101,141,-40
209000013,437,187,250
209000014,470,544,-74
209000025,679,85,594
209000026,1163,115,1048
209000027,316,305,11
209000028,291,282,9
209000029,362,1141,-779
209000030,314,1467,-1153
209000031,2684,1385,1299
209000034,322,329,-7
209000035,305,309,-4
209000036,432,213,219
209000037,508,312,196
209000038,235,197,38
209000039,97,146,-49
209000040,485,721,-236
209000041,242,301,-59
209000042,387,280,107
209000043,913,616,297
209000044,412,899,-487
209000045,746,406,340
209000046,678,505,173
209000047,436,292,144
209000048,650,659,-9
209000049,135,47,88
209000050,225,74,151
209000051,253,151,102
209000052,169,134,35
209000062,78,39,39
209000063,53,53,0
209000064,74,33,41
209000065,269,28,241
209000066,195,18,177
209000067,313,45,268
209000080,25,230,-205
209000082,145,49,96
209000091,14,92,-78
209000093,46,17,29
209000094,31,115,-84
209000110,67,218,-151
209000111,809,2405,-1596
209000112,1826,719,1107
209000113,2405,977,1428
209000114,1176,902,274
209000115,65,70,-5
209000116,409,211,198
209000118,29,66,-37
209000119,5,18,-13
209000121,79,409,-330
209000135,76,243,-167
209000142,675,2646,-1971
209000143,50,48,2
209000144,88,299,-211
209000229,227,147,80
209000240,33,189,-156
209000259,31,49,-18
209000260,87,1669,-1582
209000261,8,968,-960
209000262,4,275,-271
209000263,0,345,-345
209000264,0,391,-391
209000265,467,4,463
209000266,120,2,118
209000267,2376,7,2369
209000268,572,128,444
210000037,206,29,177
210000047,135,23,112
210000048,213,29,184
210000049,79,2,77
210000052,133,68,65
210000053,88,30,58
210000054,15,71,-56
210000070,244,9,235
210000071,145,0,145
210000072,50,0,50
210000073,0,61,-61
210000074,0,133,-133
210000075,5,226,-221
210000076,11,283,-272
210000077,5,188,-183
210000078,48,152,-104
210000079,7,14,-7
210000080,32,134,-102
210000081,211,44,167
210000082,64,3,61
210000083,75,0,75
210000084,72,0,72
210000085,6,80,-74
210000086,9,104,-95
210000099,122,215,-93
210000100,130,152,-22
210000101,123,170,-47
210000105,28,263,-235
210000159,1,294,-293
210000163,100,427,-327
210000164,168,433,-265
210000168,189,76,113
210000187,0,61,-61
210000188,1,53,-52
210000214,11,1,10
210000219,146,81,65
210000220,216,38,178
210000232,4,16,-12
210000233,89,70,19
210000234,57,159,-102
210000235,131,38,93
210000245,0,83,-83
210000246,24,1,23
210000258,24,88,-64
210000259,407,87,320
210000282,81,236,-155
210000285,0,204,-204
210000286,16,221,-205
210000290,0,6,-6
210000295,63,195,-132
210000296,39,47,-8
210000320,319,57,262
210000321,243,37,206
210000338,51,73,-22
210000339,171,903,-732
210000340,181,364,-183
210000341,235,281,-46
210000342,287,154,133
210000343,190,212,-22
210000344,94,228,-134
210000345,137,271,-134
210000346,54,141,-87
210000347,67,54,13
210000348,107,62,45
210000349,30,33,-3
210000350,150,35,115
210000351,188,38,150
210000352,77,45,32
210000353,46,52,-6
210000354,66,50,16
210000355,37,82,-45
210000356,23,116,-93
210000357,32,107,-75
210000358,324,302,22
210000359,78,187,-109
210000360,199,331,-132
210000361,255,195,60
210000362,216,288,-72
210000363,424,386,38
210000364,207,226,-19
210000365,166,102,64
210000366,209,72,137
210000367,137,45,92
210000368,185,47,138
210000369,17,66,-49
210000370,62,59,3
210000372,16,26,-10
210000373,17,52,-35
210000374,48,63,-15
210000375,45,28,17
210000376,48,111,-63
210000404,64,92,-28
210000439,78,24,54
210000472,45,1,44
210000482,46,173,-127
210000564,171,329,-158
210000567,1,24,-23
210000568,292,8,284
211000092,56,16,40
211000094,55,3,52
211000169,211,28,183
211000172,14,149,-135
211000209,0,103,-103
211000226,15,28,-13
211000270,28,8,20
211000275,39,17,22
211000276,205,24,181
211000279,26,38,-12
211000281,111,16,95
211507980,3,44,-41
211977296,43,8,35
212000003,173,48,125
212000004,26,76,-50
212000005,11,81,-70
212000006,45,75,-30
212000008,285,113,172
212000009,73,73,0
212000012,94,31,63
212000013,37,23,14
212000014,319,95,224
212000015,330,163,167
212000016,527,463,64
212000027,617,297,320
212000028,440,273,167
212000029,246,151,95
212000030,64,30,34
212000031,97,36,61
212000048,37,377,-340
212000049,24,251,-227
212000050,32,8,24
212000051,361,114,247
212000052,340,132,208
212000053,316,270,46
212000054,635,59,576
212000055,384,96,288
212000056,18,32,-14
212000057,12,26,-14
212000058,148,38,110
212000070,158,117,41
212000077,139,265,-126
212000099,385,209,176
212000108,298,176,122
212000111,340,79,261
212000120,250,86,164
212000138,170,17,153
212000156,4,57,-53
212000158,14,27,-13
212000159,691,37,654
212000160,840,150,690
212000161,103,6,97
212000310,64,31,33
212000311,19,40,-21
212000374,51,14,37
213000001,27,554,-527
213000005,712,199,513
213000006,968,383,585
213000007,62,14,48
213000009,429,285,144
213000010,402,201,201
213000011,245,166,79
213000012,273,238,35
213000014,82,22,60
213000015,354,11,343
213000016,576,3,573
213000017,127,0,127
213000018,0,64,-64
213000019,2,75,-73
213000020,217,174,43
213000021,12,101,-89
213000023,519,308,211
213000033,435,1332,-897
213000034,598,227,371
213000035,160,327,-167
213000045,412,332,80
213000046,230,203,27
213000047,496,1154,-658
213000056,185,18,167
213000069,112,5,107
213000073,0,77,-77
213000074,342,765,-423
213000075,808,7,801
213000076,8,1,7
213000085,6,41,-35
213000086,22,131,-109
213000091,533,26,507
213000092,54,21,33
213000099,222,1566,-1344
213000100,898,306,592
213000101,947,72,875
213000102,878,124,754
213000103,1091,677,414
213000104,135,346,-211
213000105,127,2073,-1946
213000106,28,100,-72
213000107,152,265,-113
213000108,59,239,-180
213000109,10,140,-130
213000110,24,111,-87
213000111,8,101,-93
213000112,67,179,-112
213000115,80,7,73
213000116,118,527,-409
213000117,13,562,-549
213000118,1305,337,968
213000119,53,526,-473
213000120,83,197,-114
213000122,194,351,-157
213000123,187,570,-383
213000124,290,915,-625
213000125,275,66,209
213000126,55,200,-145
213000127,44,355,-311
213000128,162,1460,-1298
213000129,205,1061,-856
213000130,1855,427,1428
213000132,946,178,768
213000133,1525,142,1383
213000134,1947,24,1923
213000136,743,30,713
213000137,980,99,881
213000139,112,19,93
213000147,70,8,62
213000148,36,12,24
213000149,49,18,31
213000150,1,339,-338
213000151,0,182,-182
213000152,0,149,-149
213000153,5,191,-186
213000154,115,343,-228
213000155,61,204,-143
213000156,127,221,-94
213000157,958,312,646
213000158,589,735,-146
213000159,1083,365,718
213000163,2104,267,1837
213000165,1293,438,855
213000171,0,32,-32
213000172,2,121,-119
213000173,1,114,-113
213000174,1,75,-74
213000175,19,38,-19
213000176,177,46,131
213000177,136,5,131
213000178,351,0,351
213000179,432,1,431
213000180,333,2,331
213000184,133,603,-470
213000188,666,95,571
213000189,887,38,849
213000190,826,524,302
213000191,765,244,521
213000192,501,153,348
213000193,597,385,212
213000194,1,138,-137
213000195,37,289,-252
213000196,246,1602,-1356
213000197,770,742,28
213000198,49,1,48
213000200,80,581,-501
213000201,26,85,-59
213000202,52,554,-502
213000203,2185,473,1712
213000204,1068,50,1018
213000205,661,82,579
213000206,660,31,629
213000207,127,5,122
213000208,68,1,67
213000209,135,1,134
213000210,294,18,276
213000211,10,30,-20
213000212,37,49,-12
213000213,30,59,-29
213000218,419,379,40
213000219,1213,24,1189
213000220,948,18,930
213000223,168,262,-94
213000224,27,55,-28
213000225,107,25,82
213000226,98,36,62
213000227,1523,229,1294
213000228,715,112,603
213000229,74,14,60
213000230,623,17,606
213000232,84,203,-119
213000233,10,322,-312
213000234,3,103,-100
213000293,17,71,-54
213000294,90,37,53
213000295,41,81,-40
213000296,64,7,57
213000297,5,81,-76
213000298,22,71,-49
213000299,67,17,50
213000300,5,11,-6
213000303,4,25,-21
213000304,2,15,-13
213000305,7,21,-14
213000306,33,275,-242
213000307,126,148,-22
213000308,95,244,-149
213000309,266,82,184
213000310,500,298,202
213000311,136,1227,-1091
213000315,125,192,-67
213000316,295,60,235
213000322,134,42,92
213000323,244,103,141
213000324,138,14,124
213000325,158,47,111
213000326,122,16,106
213000327,127,22,105
213000328,66,97,-31
213000329,212,30,182
213000340,199,279,-80
213000341,1116,111,1005
213000346,220,402,-182
213000347,320,813,-493
213000348,6,733,-727
213000349,17,23,-6
213000350,370,981,-611
213000366,112,179,-67
213000367,500,26,474
213000379,72,457,-385
213000386,51,99,-48
213000406,217,160,57
213000417,2087,545,1542
213000425,381,130,251
213000426,321,48,273
213000427,115,77,38
213000428,66,106,-40
213000429,7,8,-1
213000430,165,340,-175
213000431,28,8,20
213000432,0,81,-81
213000433,27,84,-57
213000434,219,149,70
213000435,240,109,131
213000436,76,68,8
213000437,1,12,-11
213000438,236,42,194
213000439,100,13,87
213000440,17,160,-143
213000441,3,2,1
213000442,2,23,-21
213000443,524,423,101
213000444,74,31,43
213000445,0,80,-80
213000446,0,57,-57
213000447,0,76,-76
213000448,17,255,-238
213000449,1250,20,1230
213000450,25,34,-9
213000451,488,139,349
213000452,46,35,11
213000453,45,281,-236
213000455,354,183,171
213000456,1,313,-312
213000481,3,0,3
213000482,44,0,44
213000489,206,66,140
213000491,9,195,-186
213000492,116,0,116
213000493,2,189,-187
213000494,524,146,378
213000495,0,22,-22
213000496,975,136,839
213000497,98,251,-153
213000498,219,88,131
213000499,393,182,211
213000500,1030,89,941
213000501,296,59,237
213000502,224,315,-91
213000503,3,50,-47
213000504,53,43,10
213000505,14,0,14
213000506,0,16,-16
213000507,2,81,-79
213900016,0,1,-1
213900244,129,1,128
213900245,0,25,-25
218000003,29,36,-7
218000004,35,53,-18
218000005,38,62,-24
218000006,87,70,17
218000007,19,26,-7
218000012,167,142,25
218000013,216,252,-36
218000014,391,308,83
218000019,485,559,-74
218000020,245,390,-145
218000021,28,51,-23
218000022,39,14,25
218000023,8,8,0
218000024,6,5,1
218000025,4,7,-3
218000026,10,28,-18
218000027,1,3,-2
218000028,4,2,2
218000029,2,4,-2
218000030,8,12,-4
218000031,4,9,-5
218000032,8,21,-13
218000040,1,2,-1
218000046,91,57,34
218000047,11,45,-34
218000048,87,38,49
218000049,59,68,-9
218000050,252,126,126
218000051,74,99,-25
218000052,0,25,-25
218000053,4,13,-9
218000054,6,52,-46
218000055,2,20,-18
218000056,19,17,2
218000057,0,19,-19
218000064,3,40,-37
218000065,99,141,-42
218000066,22,35,-13
218000067,91,51,40
218000068,149,64,85
218000069,387,104,283
218000070,231,188,43
218000071,243,121,122
218000072,176,267,-91
218000078,1539,395,1144
218000079,269,53,216
218000080,266,71,195
218000081,844,148,696
218000082,149,67,82
218000083,180,36,144
218000084,280,85,195
218000085,220,150,70
218000086,129,113,16
218000087,286,65,221
218000090,15,115,-100
218000091,1393,590,803
218000092,169,110,59
218000093,147,42,105
218000094,612,365,247
218000099,366,777,-411
218000100,585,355,230
218000101,413,153,260
218000102,784,155,629
218000103,161,121,40
218000104,149,34,115
218000105,30,36,-6
218000106,20,22,-2
218000107,133,31,102
218000108,10,22,-12
218000112,90,40,50
218000117,45,67,-22
218000134,783,275,508
218000135,24,69,-45
218000136,174,88,86
218000137,238,122,116
218000138,79,145,-66
218000139,268,269,-1
218000140,731,293,438
218000141,131,84,47
218000142,223,168,55
218000143,80,384,-304
218000144,31,202,-171
218000145,621,374,247
218000146,197,166,31
218000151,7,16,-9
218000152,64,48,16
218000153,6,10,-4
218000154,18,22,-4
218000155,85,4,81
218000156,109,9,100
218000157,64,23,41
218000158,19,13,6
218000159,3,30,-27
218000160,14,8,6
218000161,77,6,71
218000162,66,3,63
218000163,18,1,17
218000164,115,9,106
218000165,169,50,119
218000170,5,28,-23
218000171,63,5,58
218000172,16,13,3
218000173,16,33,-17
218000174,23,29,-6
218000176,244,51,193
218000177,437,241,196
218000178,102,245,-143
218000179,145,81,64
218000180,134,43,91
218000181,261,67,194
218000187,12,73,-61
218000188,28,107,-79
218000189,59,146,-87
218000190,38,20,18
218000191,237,48,189
218000192,371,170,201
218000193,687,287,400
218000194,204,195,9
218000195,200,30,170
218000196,483,211,272
218000197,856,182,674
218000198,25,53,-28
218000199,49,14,35
218000200,69,30,39
218000201,23,13,10
218000202,79,458,-379
218000207,5,13,-8
218000208,36,20,16
218000211,30,76,-46
218000212,1,9,-8
218000213,131,67,64
218000214,8,26,-18
218000215,37,21,16
218000217,8,54,-46
218000218,160,53,107
218000219,11,49,-38
218000220,58,822,-764
218000221,431,213,218
218000222,1,83,-82
218000223,63,524,-461
218000224,15,270,-255
218000225,194,34,160
218000226,232,113,119
218000230,0,4,-4
218000232,65,70,-5
218000239,122,10,112
218000240,4,4,0
218000241,26,2,24
218000242,7,5,2
218000243,25,9,16
218000244,22,6,16
218000245,52,6,46
218000246,0,0,0
218000247,1,0,1
218000248,1,24,-23
218000249,0,7,-7
218000250,8,48,-40
218000251,5,114,-109
218000252,0,284,-284
218000253,4,167,-163
218000254,0,59,-59
218000255,2,35,-33
218000256,7,72,-65
218000267,348,987,-639
218000268,12,43,-31
218000269,0,31,-31
218000270,110,49,61
218000271,12,41,-29
218000273,39,4,35
218000274,7,6,1
218000275,39,59,-20
218000276,16,27,-11
218000278,7,78,-71
218000279,67,46,21
218000280,6,39,-33
218000281,27,23,4
218000282,564,900,-336
218000284,76,15,61
218000301,98,148,-50
218000302,151,49,102
218000303,19,23,-4
218000316,1171,739,432
218000317,1986,647,1339
218000318,1451,470,981
218000319,1745,580,1165
218000320,1516,593,923
218000338,34,110,-76
218000345,70,91,-21
218000346,31,196,-165
218000459,21,132,-111
218000490,28,72,-44
218000501,137,78,59
218000502,98,35,63
218000503,146,30,116
218000504,128,22,106
218000505,33,76,-43
218000506,27,196,-169
218000508,10,3,7
218000510,90,13,77
218000520,127,116,11
218000521,4,20,-16
218000522,0,281,-281
218000523,148,2,146
218000524,15,904,-889
218000525,91,42,49
218000526,20,490,-470
218000529,39,54,-15
218000530,36,1,35
218000531,9,12,-3
218000532,95,33,62
218000534,212,31,181
218000537,7,91,-84
218000538,100,379,-279
218000540,77,90,-13
218000543,177,59,118
218000544,53,49,4
218000545,100,88,12
218000546,52,32,20
218000547,144,205,-61
218000548,103,79,24
218000549,898,493,405
218000550,213,174,39
218000551,115,635,-520
218000552,319,281,38
218000553,17,97,-80
218000554,28,55,-27
218000555,22,70,-48
218000556,191,197,-6
218000557,643,185,458
218000558,117,1,116
218000559,0,20,-20
218000560,0,46,-46
218000561,9,0,9
218000562,27,176,-149
218000563,249,33,216
218000564,9,107,-98
218000565,107,112,-5
218000566,88,32,56
218000567,3,160,-157
218000568,26,5,21
218000569,7,505,-498
218000570,60,33,27
218000571,2,173,-171
218000572,131,3,128
218000573,6,399,-393
218000574,51,66,-15
218000575,137,0,137
218000576,1,102,-101
218000577,135,2,133
218000578,3,208,-205
218000579,18,9,9
218000581,3,47,-44
218000582,60,19,41
218000583,8,0,8
218000584,2,64,-62
218000585,61,15,46
218000586,24,65,-41
218000587,3,9,-6
218000588,3,1,2
218000589,0,14,-14
218000590,5,4,1
218000591,1,1,0
218000592,16,2,14
218000593,0,2,-2
218000594,0,0,0
218000595,0,0,0
218000596,0,0,0
218000597,0,0,0
218000598,0,0,0
218000599,1,0,1
218000600,0,1,-1
218000601,0,0,0
218000602,0,1,-1
218000603,0,2,-2
218000604,22,1,21
218000605,0,21,-21
218000606,153,1,152
218000607,10,73,-63
218000608,67,29,38
218000609,3,66,-63
218000610,129,12,117
218000611,49,1,48
218000612,3,90,-87
218000613,77,2,75
218000614,2,65,-63
218000615,259,8,251
218000616,7,194,-187
218000617,7,2,5
218000618,1,32,-31
218000619,51,43,8
218000620,16,100,-84
218000621,1,7,-6
218000622,0,46,-46
218000623,49,2,47
218000624,0,113,-113
218000625,4,3,1
218000626,1,21,-20
218000628,249,96,153
218000631,41,24,17
218000632,2,169,-167
218000633,101,0,101
218000634,2,19,-17
218000635,6,17,-11
218000636,1060,532,528
218000637,1280,320,960
218000638,333,49,284
218000639,27,62,-35
218000640,504,16,488
218000641,97,120,-23
218000652,63,27,36
218000653,265,100,165
218000663,9,27,-18
218000675,41,90,-49
218000676,7,4,3
218000677,41,2,39
218000680,181,178,3
218000681,577,122,455
218000691,231,112,119
218000693,590,97,493
218000703,9,8,1
218000718,39,391,-352
218000719,84,407,-323
218000720,7,336,-329
218000721,41,71,-30
218000725,9,4,5
218001214,10,104,-94
218001258,29,2,27
218001329,109,109,0
218001330,73,83,-10
218001351,23,16,7
218001352,11,27,-16
218001353,11,10,1
218001354,2,27,-25
218001355,156,1,155
218001356,273,10,263
218001357,85,1,84
218001358,152,4,148
218001361,125,3,122
219000001,12,44,-32
219000002,35,54,-19
219000003,90,52,38
219000004,71,73,-2
219000017,81,133,-52
219000020,201,76,125
219000022,138,8,130
219000023,76,0,76
219000029,8,108,-100
219000034,34,33,1
219000039,59,320,-261
219000040,67,134,-67
219000041,174,33,141
219000051,1,46,-45
219000052,2,46,-44
219000053,1,86,-85
219000054,22,96,-74
219000055,339,1,338
219000056,11,0,11
219000057,67,1,66
219000062,17,112,-95
219000063,97,13,84
219000064,0,59,-59
219000110,288,181,107
219000111,87,60,27
219000112,218,41,177
219000113,193,45,148
219000114,185,79,106
219000116,203,87,116
219000117,279,110,169
219000118,240,136,104
219000123,202,78,124
219000124,74,62,12
219000125,33,21,12
219000126,48,196,-148
219000127,0,5,-5
219000128,12,178,-166
219000129,24,145,-121
219000130,272,680,-408
219000131,660,1399,-739
219000133,50,71,-21
219000134,26,37,-11
219000135,52,129,-77
219000136,89,228,-139
219000138,97,28,69
219000139,130,17,113
219000140,122,0,122
219000141,35,57,-22
219000142,19,46,-27
219000143,35,46,-11
219000145,19,55,-36
219000146,24,13,11
219000147,12,47,-35
219000148,6,20,-14
219000149,23,21,2
219000150,18,45,-27
219000151,9,13,-4
219000157,315,104,211
219000158,177,207,-30
219000161,154,8,146
219000163,1195,476,719
219000166,155,202,-47
219000167,177,134,43
219000168,214,86,128
219000174,630,188,442
219000175,150,8,142
219000176,217,25,192
219000177,158,4,154
219000178,111,2,109
219000179,49,11,38
219000180,80,51,29
219000182,242,34,208
219000183,132,26,106
219000184,189,15,174
219000185,26,30,-4
219000186,78,20,58
219000187,22,82,-60
219000189,64,329,-265
219000190,44,316,-272
219000191,161,2066,-1905
219000192,189,197,-8
219000193,141,161,-20
219000195,4,57,-53
219000196,3,91,-88
219000198,22,80,-58
219000199,45,207,-162
219000200,63,148,-85
219000201,53,220,-167
219000203,34,179,-145
219000204,53,480,-427
219000205,51,301,-250
219000207,83,259,-176
219000209,49,22,27
219000210,11,193,-182
219000213,11,204,-193
219000239,218,202,16
219000240,180,497,-317
219000241,200,138,62
219000242,63,146,-83
219000243,155,269,-114
219000244,18,73,-55
219000245,21,64,-43
219000246,20,98,-78
219000247,241,49,192
219000248,504,593,-89
219000249,194,193,1
219000250,241,126,115
219000251,658,352,306
219000252,434,210,224
219000253,458,112,346
219000255,226,177,49
219000256,414,80,334
219000257,233,0,233
219000262,87,68,19
219000263,102,70,32
219000267,6,86,-80
219000268,5,11,-6
219000269,11,2,9
219000270,26,1,25
219000271,258,4,254
219000278,0,14,-14
219000279,0,15,-15
219000283,0,34,-34
219000295,41,62,-21
219000296,109,266,-157
219000297,16,54,-38
219000298,31,31,0
219000299,492,115,377
219000300,52,102,-50
219000301,97,263,-166
219000302,39,161,-122
219000307,44,11,33
219000308,102,56,46
219000311,292,88,204
219000312,613,142,471
219000313,764,62,702
219000314,53,210,-157
219000315,454,51,403
219000316,989,74,915
219000317,229,41,188
219000320,8,123,-115
219000321,1,54,-53
219000323,8,61,-53
219000325,3,14,-11
219000326,69,38,31
219000327,73,20,53
219000328,11,39,-28
219000329,289,112,177
219000330,36,51,-15
219000331,74,74,0
219000332,187,129,58
219000333,55,23,32
219000335,121,1,120
219000337,32,1,31
219000338,66,0,66
219000344,17,48,-31
219000345,103,38,65
219000346,54,63,-9
219000348,188,85,103
219000349,83,130,-47
219000350,79,497,-418
219000351,5,11,-6
219000352,309,82,227
219000353,155,59,96
219000354,225,58,167
219000355,201,67,134
219000356,439,2433,-1994
219000363,124,83,41
219000364,151,69,82
219000365,88,13,75
219000366,188,626,-438
219000368,321,623,-302
219000370,678,918,-240
219000371,5,15,-10
219000382,12,46,-34
219000383,254,1767,-1513
219000385,432,779,-347
219000386,788,1972,-1184
219000387,1,38,-37
219000390,7,0,7
219000391,7,0,7
219000397,58,27,31
219000398,54,100,-46
219000401,23,93,-70
219000402,22,78,-56
219000403,91,296,-205
219000404,24,124,-100
219000407,12,40,-28
219000409,113,67,46
219000410,175,47,128
219000411,95,24,71
219000446,59,476,-417
219000447,2,18,-16
219000448,3,23,-20
219000452,95,85,10
219000453,52,267,-215
219000454,248,422,-174
219000556,358,138,220
219000558,115,115,0
219000590,41,230,-189
219000591,210,128,82
219000592,83,213,-130
219000595,25,13,12
219000635,242,41,201
219000636,97,40,57
219000657,25,15,10
219000658,35,194,-159
219000673,1,127,-126
219000676,20,43,-23
219000679,15,10,5
219000684,167,10,157
219000685,1,49,-48
219000686,2,9,-7
219000688,0,34,-34
219000689,26,218,-192
219000690,153,21,132
219000691,58,152,-94
219000692,178,46,132
219000693,7,17,-10
219000694,52,0,52
219000695,31,0,31
219000698,20,0,20
219000699,0,63,-63
219000727,4,84,-80
219000728,108,1,107
219000770,33,1,32
219000771,1,61,-60
219000788,178,271,-93
219001150,1,43,-42
219001151,2,7,-5
219001166,31,78,-47
219001167,5,44,-39
219001178,64,0,64
220000001,74,166,-92
220000002,20,88,-68
220000003,265,173,92
220000004,430,353,77
220000005,618,1799,-1181
220000006,116,798,-682
220000007,479,258,221
220000008,290,397,-107
220000009,358,450,-92
220000010,114,80,34
220000011,479,3747,-3268
220000012,70,421,-351
220000014,195,77,118
220000015,155,522,-367
220000017,29,414,-385
220000018,7406,3040,4366
220000019,158,556,-398
220000020,689,192,497
220000021,1039,228,811
220000022,1462,316,1146
220000023,369,159,210
220000024,1329,660,669
220000025,970,2494,-1524
220000026,405,741,-336
220000027,28,213,-185
220000028,50,95,-45
220000029,31,69,-38
220000030,41,120,-79
220000031,828,513,315
220000064,36,1397,-1361
221000046,4,0,4
221000047,0,0,0
221000048,0,6,-6
221000049,0,6,-6
221000050,11,0,11
221000055,48,55,-7
221000057,153,14,139
221000068,323,114,209
221000069,444,72,372
221000070,324,40,284
221000071,139,10,129
221000072,363,12,351
221000073,191,32,159
221000074,0,17,-17
221000075,18,40,-22
221000076,9,35,-26
221000077,13,84,-71
221000081,9,5,4
221000082,77,5,72
221000083,31,14,17
221000084,29,12,17
221000085,10,43,-33
221000086,29,105,-76
221000087,7,129,-122
221000088,6,125,-119
221000089,35,232,-197
221000090,65,508,-443
221000098,145,10,135
221000099,240,16,224
221000100,102,8,94
221000101,170,13,157
221000102,153,16,137
221000109,9,117,-108
221000110,5,24,-19
221000111,9,111,-102
221000112,5,97,-92
221000113,18,114,-96
221000114,11,116,-105
221000120,48,68,-20
221000121,7,67,-60
221000122,40,120,-80
221000123,4,57,-53
221000124,17,64,-47
221000155,185,10,175
221000156,73,72,1
221000175,0,13,-13
221000176,0,2,-2
221000182,61,6,55
221000241,321,418,-97
221000242,197,356,-159
221000243,386,370,16
221000244,287,382,-95
221000245,57,77,-20
221000246,64,185,-121
221000247,105,73,32
221000248,159,75,84
221000267,52,987,-935
221000325,46,203,-157
221000331,4,38,-34
221000338,17,49,-32
221000378,311,35,276
221000381,85,47,38
222000282,8,1,7
222000296,5,12,-7
222000568,400,35,365
222000569,213,98,115
222000570,220,54,166
222000571,547,52,495
222000577,35,65,-30
222000578,12,86,-74
222000579,41,54,-13
222000580,67,511,-444
222000599,1,74,-73
222000600,1,176,-175
222000601,2,646,-644
222000603,13,66,-53
222000604,9,97,-88
222000605,21,71,-50
222000606,2,45,-43
222000607,7,6,1
222000608,37,34,3
222000609,71,91,-20
222000616,621,40,581
222000617,27,32,-5
222000618,5,4,1
222000620,34,20,14
222000621,59,58,1
222000623,705,19,686
222000624,540,11,529
222000625,1050,8,1042
222000636,53,3,50
222000686,38,31,7
222000687,39,48,-9
222001066,432,0,432
222001067,98,5,93
222001068,85,26,59
222001069,157,31,126
222001082,39,12,27
222001083,75,32,43
222001084,2,26,-24
222001085,9,433,-424
222001111,211,81,130
222001112,317,48,269
222001313,8,9,-1
222001314,10,101,-91
222001464,57,49,8
222001465,13,107,-94
222001484,263,68,195
222001485,28,86,-58
222001494,1008,116,892
222001495,145,103,42
222001496,499,92,407
222001497,68,159,-91
222001502,21,48,-27
222001503,262,40,222
222001504,28,229,-201
222001505,611,8,603
222001506,54,293,-239
222001507,443,28,415
222001510,891,45,846
222001511,74,254,-180
222001514,1025,253,772
222001515,119,403,-284
222001518,682,78,604
222001519,73,81,-8
222001527,260,164,96
222001528,20,147,-127
222001529,595,33,562
222001530,129,131,-2
222001533,167,141,26
222001534,705,85,620
222001535,369,367,2
222001536,84,74,10
222001537,586,75,511
222001538,64,653,-589
222001563,1309,155,1154
222001564,142,148,-6
222001568,236,252,-16
222001576,0,3,-3
222001579,0,7,-7
222001583,2,61,-59
222001584,135,41,94
222001596,920,1900,-980
222001597,1466,568,898
222001626,0,54,-54
222001650,46,196,-150
222001651,54,568,-514
222001914,325,102,223
222001915,29,191,-162
222001968,533,269,264
222001969,277,439,-162
222001970,238,501,-263
222001971,57,17,40
222001972,3,13,-10
225000001,492,137,355
225000002,817,163,654
225000003,823,67,756
225000004,556,269,287
225000005,95,41,54
225000006,0,207,-207
225000007,1094,1114,-20
225000010,313,20,293
225000011,369,1462,-1093
225000012,423,799,-376
225000013,213,89,124
225000014,690,128,562
225000015,107,92,15
225000021,787,153,634
225000027,211,365,-154
225000032,771,158,613
225000042,78,454,-376
225000049,39,48,-9
225000050,127,6,121
225000053,18,292,-274
225000058,679,250,429
225000067,176,104,72
225000068,92,120,-28
225000069,59,313,-254
225000070,124,179,-55
225000071,46,43,3
225000075,39,618,-579
225000076,27,125,-98
225000078,64,31,33
225000085,142,111,31
225000086,420,116,304
225000087,171,6,165
225000088,9,201,-192
225000089,84,956,-872
225000090,48,451,-403
225000091,167,113,54
225000092,54,49,5
225000093,273,179,94
225000094,23,93,-70
225000095,191,218,-27
225000096,172,301,-129
225000098,890,303,587
225000099,666,134,532
225000100,588,132,456
225000104,148,335,-187
225000110,17,317,-300
225000111,185,717,-532
225000112,291,939,-648
225000113,265,487,-222
225000114,169,243,-74
225000115,841,515,326
225000116,490,198,292
225000117,730,371,359
225000118,1362,325,1037
225000119,360,98,262
225000120,924,43,881
225000121,201,16,185
225000123,622,14,608
225000125,686,136,550
225000126,796,177,619
225000127,459,1881,-1422
225000128,510,1019,-509
225000132,701,36,665
225000133,386,46,340
225000134,851,197,654
225000135,118,19,99
225000136,651,15,636
225000137,379,47,332
225000138,527,118,409
225000143,81,202,-121
225000144,2,243,-241
225000145,72,25,47
225000146,72,27,45
225000147,44,109,-65
225000148,13,106,-93
225000149,49,210,-161
225000151,44,144,-100
225000155,274,255,19
225000156,313,807,-494
225000157,437,296,141
225000158,102,172,-70
225000171,11,130,-119
225000180,16,0,16
225000181,0,68,-68
225000182,81,3,78
225000185,6,393,-387
225000187,50,277,-227
225000191,77,1,76
225000194,0,12,-12
225000208,2,62,-60
225000209,159,6,153
225000210,9,232,-223
225000217,0,13,-13
225000218,6,1,5
225000223,1,56,-55
225000224,21,3,18
225000225,0,33,-33
225000226,26,0,26
225000227,74,78,-4
225000228,15,8,7
225000229,0,50,-50
225000230,2,1,1
225000231,0,29,-29
225000232,173,1,172
225000241,102,1,101
225000242,0,29,-29
225000249,0,0,0
225000250,91,458,-367
225000251,705,59,646
225000254,1,40,-39
225000256,4,240,-236
225000257,0,40,-40
226000042,177,285,-108
226000043,18,235,-217
226000044,117,344,-227
226000045,81,236,-155
226000046,765,92,673
226000047,579,107,472
226000048,444,115,329
226000049,426,260,166
226000070,0,43,-43
226000071,0,59,-59
226000072,0,12,-12
226000073,0,2,-2
226000074,0,20,-20
226000084,1,20,-19
226000085,2,13,-11
226000086,2,13,-11
226000087,0,25,-25
226000088,4,131,-127
226000090,98,142,-44
226000091,19,103,-84
226000092,3,66,-63
226000093,22,4,18
226000094,10,1,9
226000095,11,2,9
226000105,8,2,6
226000106,17,0,17
226000107,22,0,22
226000108,16,0,16
226000109,138,1,137
226000124,222,85,137
226000134,1286,612,674
226000135,2155,651,1504
226000136,875,572,303
226000137,2,127,-125
226000138,41,102,-61
226000139,1,54,-53
226000156,330,15,315
226000157,232,19,213
226000163,60,240,-180
226000202,18,112,-94
226000231,665,6,659
226000232,47,8,39
227000033,396,44,352
227000036,498,25,473
227000037,504,38,466
227000038,142,27,115
227000084,3,109,-106
227000085,1,59,-58
227000088,42,3,39
227000089,130,1,129
227000090,41,2,39
227000091,14,0,14
227000092,34,1,33
227000093,133,0,133
227000094,21,0,21
227000130,26,154,-128
227000131,16,108,-92
227000132,13,70,-57
227000133,16,79,-63
227000134,30,142,-112
227000152,0,11,-11
227000153,2,89,-87
227000154,1,49,-48
227000155,0,30,-30
227000156,0,19,-19
227000165,8,89,-81
227000196,628,121,507
227000199,710,206,504
227000230,8,179,-171
227000232,751,31,720
227000242,39,352,-313
227000243,433,59,374
227000245,2,193,-191
227000246,78,141,-63
227000247,523,53,470
227000248,148,51,97
227000249,11,49,-38
227000250,316,262,54
227000251,49,296,-247
227000252,58,90,-32
227000253,227,6,221
227000262,626,52,574
227000266,1893,34,1859
227000267,35,711,-676
227000282,8,106,-98
227000284,933,25,908
227000286,9,51,-42
227000287,13,33,-20
227000291,11,305,-294
227000296,204,374,-170
227000484,164,17,147
227000485,13,672,-659
227000655,305,3,302
227000656,801,40,761
227000657,185,12,173
227000661,355,14,341
229000265,34,40,-6
229000266,0,0,0
229000267,0,0,0
229000268,1,0,1
229000269,3,0,3
229000274,0,5,-5
229000275,0,5,-5
229000276,0,0,0
229000277,0,0,0
229000278,0,2,-2
229000295,2,2,0
229000296,3,18,-15
229000297,6,24,-18
229000298,1,123,-122
229000320,14,6,8
229000321,38,7,31
229000412,15,38,-23
229000414,13,33,-20
229000415,18,3,15
229000416,0,16,-16
229000417,2,9,-7
229000419,78,311,-233
229000440,337,141,196
229000442,48,33,15
229000443,3,2,1
229000444,0,28,-28
229000445,95,4,91
229000446,115,32,83
229000491,3,12,-9
229000492,2,32,-30
229000493,9,43,-34
229000494,84,2,82
229000495,196,6,190
229000496,124,3,121
229000507,0,38,-38
229000508,1,17,-16
229000509,1,70,-69
229000510,0,38,-38
229000511,2,28,-26
229000512,0,16,-16
229000513,0,2,-2
229000514,0,0,0
229000517,6,2,4
229000518,14,9,5
229000519,1,3,-2
229000520,15,25,-10
229000521,74,25,49
229000522,10,1,9
229000523,7,4,3
229000524,6,2,4
229000527,2,0,2
229000528,1,0,1
229000529,9,0,9
229000530,86,0,86
229000531,41,2,39
229000532,22,0,22
229000533,73,0,73
229000534,36,0,36
229000564,113,0,113
229000565,35,0,35
229000566,0,1,-1
229000567,0,22,-22
229000582,113,2,111
229000583,5,2,3
229000584,1,9,-8
229000585,0,45,-45
229000718,0,2,-2
229000719,0,2,-2
229000720,0,4,-4
229000721,1,6,-5
229000722,0,3,-3
229000723,0,2,-2
229000724,0,6,-6
229000725,0,4,-4
229000738,0,0,0
229000739,2,0,2
229000740,0,0,0
229000741,66,0,66
229000742,14,0,14
229000743,16,0,16
229000744,6,0,6
229000745,1,0,1
229000746,19,0,19
229000847,63,0,63
229000848,26,0,26
229000849,122,3,119
229000851,74,0,74
229000854,0,10,-10
229000856,0,28,-28
229000857,0,8,-8
229000858,0,12,-12
229000919,16,31,-15
229000930,1,202,-201
229000937,82,10,72
229000966,55,51,4
229000981,18,9,9
229000985,17,23,-6
229000986,3,9,-6
229000987,0,6,-6
229000988,6,2,4
229000989,7,7,0
229000990,6,2,4
229000991,3,4,-1
229000992,46,15,31
229000993,206,7,199
229000998,11,31,-20
229000999,114,5,109
229001034,0,13,-13
229001035,4,1,3
229001036,0,1,-1
229001037,109,3,106
229001038,0,1,-1
229001039,0,0,0
229001040,0,7,-7
229001041,6,0,6
229001042,38,16,22
229001047,6,36,-30
229001050,50,26,24
229001168,0,12,-12
229001200,25,33,-8
229001338,5,23,-18
229001394,206,4,202
229001422,189,29,160
229001423,25,68,-43
229001431,78,49,29
229001432,19,43,-24
229001444,227,58,169
229001445,44,127,-83
229001479,48,1,47
229001503,364,62,302
229001504,122,91,31
229001505,131,31,100
229001506,63,59,4
229001509,74,10,64
229001510,1,2,-1
229001545,94,1,93
229001546,8,38,-30
229001553,141,15,126
229001554,17,55,-38
229001630,103,6,97
229001631,6,23,-17
229001635,1,15,-14
229001636,3,0,3
229001658,0,106,-106
229001659,55,0,55
229001660,6,8,-2
229001661,12,64,-52
229001662,37,2,35
229001663,1,12,-11
229002584,206,248,-42
229002831,115,144,-29
229002841,16,22,-6
229002842,50,24,26
229002843,107,17,90
229002844,41,63,-22
229002845,15,116,-101
229002846,29,16,13
229002847,0,23,-23
229002848,15,14,1
229002849,3,62,-59
229002850,24,0,24
229002851,34,158,-124
229002852,176,45,131
229002853,146,31,115
229002854,62,67,-5
229002855,8,26,-18
229002856,20,9,11
229002857,6,110,-104
229002858,21,3,18
229002859,30,81,-51
229002860,127,12,115
229002861,87,22,65
229002862,41,36,5
229002863,29,38,-9
229002864,27,14,13
229002865,21,20,1
229002866,44,33,11
229002867,0,34,-34
229002868,17,18,-1
229002869,12,89,-77
229002870,75,5,70
235000066,179,21,158
235000067,99,46,53
235000072,37,81,-44
235000073,80,417,-337
235000074,68,36,32
235000080,20,40,-20
235000081,127,48,79
235000082,137,18,119
235000083,298,40,258
235000084,84,60,24
235000085,185,39,146
235000089,23,10,13
235000092,82,136,-54
235000093,13,25,-12
235000097,3,3,0
235000098,86,2,84
235000099,11,15,-4
235000116,22,8,14
235000117,352,9,343
235000133,12,609,-597
235000134,4,187,-183
235000206,13,8,5
235000207,3,8,-5
235000208,2,1,1
235000209,4,0,4
235000210,13,0,13
235000212,3,20,-17
235000213,1,18,-17
235000220,0,7,-7
235000221,26,21,5
235000238,6,166,-160
235000239,10,43,-33
235000242,385,1010,-625
235000245,263,127,136
235000246,17,56,-39
235000284,13,95,-82
235000295,81,28,53
235000305,409,31,378
235000306,521,14,507
235000307,25,6,19
235000308,15,0,15
235000309,87,1,86
235000310,42,0,42
235000311,255,33,222
235000322,0,14,-14
235000323,2,39,-37
235000324,2,41,-39
235000325,0,56,-56
235000326,5,49,-44
235000351,6,40,-34
235000352,15,42,-27
235000353,10,32,-22
235000354,13,51,-38
235000355,30,107,-77
235000356,122,4,118
235000357,52,2,50
235000358,39,9,30
235000359,17,6,11
235000360,53,16,37
235000361,64,10,54
235000381,155,63,92
235000382,195,28,167
235000390,10,7,3
235000391,184,25,159
235000392,261,238,23
235000393,200,170,30
235000395,119,84,35
235000396,740,87,653
235000400,93,141,-48
235000401,14,112,-98
235000405,144,178,-34
235000406,40,92,-52
235000407,26,65,-39
235000409,107,48,59
235000410,34,125,-91
235000411,0,25,-25
235000485,0,6,-6
235000486,11,0,11
235000549,136,73,63
235000550,117,69,48
235000599,217,21,196
235000600,8,26,-18
235000601,10,11,-1
235000602,80,24,56
235000614,0,8,-8
235000648,0,12,-12
235000649,53,6,47
235000685,0,1,-1
235000815,15,93,-78
235000834,0,4,-4
235000855,41,18,23
235000862,33,39,-6
235000891,0,38,-38
235000892,13,0,13
235000901,75,73,2
235000907,3,11,-8
235001010,119,33,86
235001029,199,134,65
235001030,263,153,110
235001078,105,101,4
235001079,34,63,-29
235001147,5,96,-91
235001166,6,23,-17
235001167,58,16,42
235001169,16,249,-233
235001188,1,8,-7
235001189,4,2,2
235001197,9,38,-29
235001200,90,48,42
235001207,210,47,163
235001210,13,62,-49
235001215,20,70,-50
235001239,0,30,-30
235001244,0,19,-19
235016267,0,54,-54
277101746,0,0,0
277102712,0,0,0
277103813,0,0,0
277103898,0,0,0
277104249,0,0,0
277104250,0,6,-6
277104251,0,4,-4
277104252,0,2,-2
990011530,1,283,-282
990014944,1,281,-280
990015176,89,8,81
990015618,0,120,-120
990016032,1,342,-341
990032570,14,767,-753
990070001,70,0,70
990070103,0,2,-2
990070601,0,34,-34
990070751,2262,12,2250
990070766,0,211,-211
990071180,548,209,339
990071343,50,0,50
990071387,0,1,-1
990071823,463,8,455
990072600,2,1422,-1420
990072964,0,294,-294
990073285,1,11,-10
990074393,1,425,-424
990074870,2385,17,2368
990075106,967,7,960
990075746,920,5,915
990076437,3446,4,3442
990076458,0,277,-277
997000007,442,15,427
997000041,0,313,-313
997000058,94,1,93
997000062,21,2,19
997000069,0,3,-3
997000070,0,28,-28
997000100,105,0,105
997000141,3,691,-688
997000198,0,377,-377
998000475,0,2,-2
998000736,1,95,-94
998000965,0,16,-16
998001031,0,62,-62
998001700,0,26,-26
998001899,0,0,0
998001900,18,1,17
998003073,1328,5,1323
998101900,0,0,0
998102850,11,496,-485
998501927,582,1450,-868
998501929,156,2,154
998501930,83,1,82
998501931,193,19,174
998501932,13,5,8
998501933,71,5,66
998501937,11,3,8
998501944,2,0,2
998501950,0,0,0
998501970,92,5,87
998501971,0,68,-68
998501973,0,19,-19
998501974,4,103,-99
998501975,98,0,98
998501976,131,0,131
998501977,0,26,-26
998501978,3,0,3
998501979,0,4,-4
998501980,91,2,89
998501981,95,14,81
998501982,0,150,-150
998502006,0,1,-1
998502024,0,3,-3
998502032,0,5,-5
998502062,13,0,13
998502063,0,0,0
998502173,7,0,7
998502269,0,2,-2
998601159,1,44,-43
998601292,2,36,-34
999033574,0,192,-192
999800001,97,47,50
999800002,0,8,-8
999800003,2,0,2
999800004,0,6,-6
999800005,0,7,-7
