dong,insum,outsum,diff
강남구 개포1동,146,118,28
강남구 개포2동,2314,1884,430
강남구 개포4동,1487,1211,276
강남구 논현1동,7594,8940,-1346
강남구 논현2동,3421,5394,-1973
강남구 대치1동,1333,2827,-1494
강남구 대치2동,3892,7821,-3929
강남구 대치4동,4050,4515,-465
강남구 도곡1동,3344,4281,-937
강남구 도곡2동,644,1012,-368
강남구 삼성1동,5619,10746,-5127
강남구 삼성2동,2243,4854,-2611
강남구 세곡동,6741,2865,3876
강남구 수서동,1733,4879,-3146
강남구 신사동,3216,6364,-3148
강남구 압구정동,8376,12595,-4219
강남구 역삼1동,10095,16702,-6607
강남구 역삼2동,3255,4951,-1696
강남구 일원1동,971,531,440
강남구 일원2동,73,117,-44
강남구 일원본동,1215,1405,-190
강남구 청담동,5452,10295,-4843
강동구 강일동,5353,1246,4107
강동구 고덕제1동,791,389,402
강동구 고덕제2동,1728,2755,-1027
강동구 길동,4386,2890,1496
강동구 둔촌제1동,43,271,-228
강동구 둔촌제2동,937,717,220
강동구 명일제1동,2062,1858,204
강동구 명일제2동,1309,1016,293
강동구 상일동,1912,2284,-372
강동구 성내제1동,1631,1133,498
강동구 성내제2동,1501,4124,-2623
강동구 성내제3동,2379,2020,359
강동구 암사제1동,1056,202,854
강동구 암사제2동,824,1330,-506
강동구 암사제3동,738,89,649
강동구 천호제1동,1261,483,778
강동구 천호제2동,2745,2259,486
강동구 천호제3동,2656,2089,567
강북구 미아동,4395,4153,242
강북구 번1동,5508,6962,-1454
강북구 번2동,3727,1321,2406
강북구 번3동,6742,1943,4799
강북구 삼각산동,1573,654,919
강북구 삼양동,6870,2191,4679
강북구 송중동,9379,9295,84
강북구 송천동,14614,8298,6316
강북구 수유1동,9181,4048,5133
강북구 수유2동,5093,1503,3590
강북구 수유3동,11666,11393,273
강북구 우이동,5674,2035,3639
강북구 월곡제1동,761,455,306
강북구 인수동,5112,1223,3889
강서구 가양제1동,2534,2137,397
강서구 가양제2동,703,529,174
강서구 가양제3동,1471,601,870
강서구 공항동,2644,2569,75
강서구 등촌제1동,2768,4273,-1505
강서구 등촌제2동,2345,1225,1120
강서구 등촌제3동,3646,4178,-532
강서구 발산제1동,5058,4255,803
강서구 방화제1동,2939,1094,1845
강서구 방화제2동,3386,2487,899
강서구 방화제3동,1297,94,1203
강서구 염창동,1801,1178,623
강서구 우장산동,3320,3166,154
강서구 화곡본동,3619,1131,2488
강서구 화곡제1동,10065,8615,1450
강서구 화곡제2동,3384,937,2447
강서구 화곡제3동,2016,3399,-1383
강서구 화곡제4동,2487,1538,949
강서구 화곡제6동,5684,2972,2712
강서구 화곡제8동,3235,3080,155
관악구 낙성대동,6148,9139,-2991
관악구 난곡동,9610,1158,8452
관악구 난향동,3909,856,3053
관악구 남현동,5479,4889,590
관악구 대학동,6964,3000,3964
관악구 미성동,7582,4733,2849
관악구 보라매동,4962,3203,1759
관악구 삼성동,7403,2981,4422
관악구 서림동,8688,2243,6445
관악구 서원동,6589,12383,-5794
관악구 성현동,5692,1652,4040
관악구 신림동,9392,13084,-3692
관악구 신사동,4600,3263,1337
관악구 신원동,990,319,671
관악구 은천동,6598,3906,2692
관악구 인헌동,1933,554,1379
관악구 조원동,6949,16220,-9271
관악구 중앙동,2044,1314,730
관악구 청룡동,3856,6724,-2868
관악구 청림동,1576,320,1256
관악구 행운동,7258,8203,-945
광진구 광장동,647,1408,-761
광진구 구의제1동,2917,1672,1245
광진구 구의제2동,2768,2583,185
광진구 구의제3동,781,1358,-577
광진구 군자동,4954,5024,-70
광진구 능동,3668,4064,-396
광진구 자양제1동,1018,930,88
광진구 자양제2동,4303,1461,2842
광진구 자양제3동,1056,473,583
광진구 자양제4동,6529,5880,649
광진구 중곡제1동,3306,1889,1417
광진구 중곡제2동,2999,3369,-370
광진구 중곡제3동,3842,1340,2502
광진구 중곡제4동,1016,566,450
광진구 화양동,3427,5414,-1987
구로구 가리봉동,5213,4980,233
구로구 개봉제1동,8154,5700,2454
구로구 개봉제2동,5503,4518,985
구로구 개봉제3동,2490,927,1563
구로구 고척제1동,4992,2490,2502
구로구 고척제2동,5593,1160,4433
구로구 구로제1동,1876,1800,76
구로구 구로제2동,10061,8531,1530
구로구 구로제3동,7419,14332,-6913
구로구 구로제4동,9644,4899,4745
구로구 구로제5동,4174,8277,-4103
구로구 수궁동,5233,4187,1046
구로구 신도림동,4948,14206,-9258
구로구 오류제1동,3568,2365,1203
구로구 오류제2동,2237,1329,908
구로구 항동,248,355,-107
금천구 가산동,8462,9666,-1204
금천구 독산제1동,10774,7337,3437
금천구 독산제2동,9527,2473,7054
금천구 독산제3동,11732,6553,5179
금천구 독산제4동,7465,2567,4898
금천구 미성동,39,41,-2
금천구 시흥제1동,7066,6071,995
금천구 시흥제2동,3815,1497,2318
금천구 시흥제3동,2857,3476,-619
금천구 시흥제4동,7163,668,6495
금천구 시흥제5동,8801,1901,6900
노원구 공릉1동,5388,5222,166
노원구 공릉2동,4236,4856,-620
노원구 상계10동,1556,1592,-36
노원구 상계1동,3360,2032,1328
노원구 상계2동,2750,4264,-1514
노원구 상계3.4동,1296,361,935
노원구 상계5동,1736,503,1233
노원구 상계6.7동,2792,3287,-495
노원구 상계8동,2452,1242,1210
노원구 상계9동,1293,1058,235
노원구 월계1동,6665,6686,-21
노원구 월계2동,3888,1152,2736
노원구 월계3동,2409,2054,355
노원구 중계1동,2684,930,1754
노원구 중계2.3동,3104,3058,46
노원구 중계4동,1622,2246,-624
노원구 중계본동,3290,647,2643
노원구 하계1동,4262,2807,1455
노원구 하계2동,2412,2320,92
도봉구 도봉제1동,4865,2092,2773
도봉구 도봉제2동,1725,2999,-1274
도봉구 방학제1동,4875,2321,2554
도봉구 방학제2동,2967,824,2143
도봉구 방학제3동,5454,1524,3930
도봉구 쌍문제1동,1934,465,1469
도봉구 쌍문제2동,6598,4082,2516
도봉구 쌍문제3동,2870,5210,-2340
도봉구 쌍문제4동,3098,814,2284
도봉구 창제1동,3190,5190,-2000
도봉구 창제2동,2635,1276,1359
도봉구 창제3동,3891,1419,2472
도봉구 창제4동,2194,4114,-1920
도봉구 창제5동,781,1282,-501
동대문구 답십리제1동,4359,4496,-137
동대문구 답십리제2동,5979,3640,2339
동대문구 면목제5동,34,33,1
동대문구 용신동,13836,17407,-3571
동대문구 이문제1동,2951,2836,115
동대문구 이문제2동,1513,1368,145
동대문구 장안제1동,5748,6274,-526
동대문구 장안제2동,5266,2503,2763
동대문구 전농제1동,6824,7165,-341
동대문구 전농제2동,5444,2063,3381
동대문구 제기동,10349,10553,-204
동대문구 청량리동,10460,12418,-1958
동대문구 회기동,1035,1359,-324
동대문구 휘경제1동,4814,5172,-358
동대문구 휘경제2동,3700,3324,376
동작구 노량진제1동,10100,15224,-5124
동작구 노량진제2동,4983,4636,347
동작구 대방동,7074,6768,306
동작구 사당제1동,3284,2629,655
동작구 사당제2동,2984,3194,-210
동작구 사당제3동,2438,955,1483
동작구 사당제4동,475,207,268
동작구 사당제5동,1907,589,1318
동작구 상도제1동,8637,7378,1259
동작구 상도제2동,4519,3405,1114
동작구 상도제3동,4274,1370,2904
동작구 상도제4동,3471,738,2733
동작구 신대방제1동,2511,1743,768
동작구 신대방제2동,5290,5510,-220
동작구 흑석동,6227,5159,1068
마포구 공덕동,3088,3061,27
마포구 대흥동,4479,5280,-801
마포구 도화동,657,920,-263
마포구 망원제1동,2172,570,1602
마포구 망원제2동,2005,988,1017
마포구 상암동,6826,8320,-1494
마포구 서강동,1152,1235,-83
마포구 서교동,11871,14955,-3084
마포구 성산제1동,2664,1203,1461
마포구 성산제2동,4581,2291,2290
마포구 신수동,341,144,197
마포구 아현동,4797,5273,-476
마포구 연남동,3591,2687,904
마포구 염리동,570,796,-226
마포구 용강동,2766,3142,-376
마포구 합정동,2158,4003,-1845
서대문구 남가좌제1동,3903,2102,1801
서대문구 남가좌제2동,5121,1847,3274
서대문구 북가좌제1동,1813,1785,28
서대문구 북가좌제2동,6013,1165,4848
서대문구 북아현동,2015,1466,549
서대문구 신촌동,10679,20694,-10015
서대문구 연희동,10813,8544,2269
서대문구 천연동,7105,8067,-962
서대문구 충현동,4067,9055,-4988
서대문구 홍은제1동,5586,2901,2685
서대문구 홍은제2동,7543,3102,4441
서대문구 홍제제1동,4873,5083,-210
서대문구 홍제제2동,3045,1978,1067
서대문구 홍제제3동,3223,1577,1646
서초구 내곡동,2104,2940,-836
서초구 반포1동,4383,6740,-2357
서초구 반포2동,507,972,-465
서초구 반포3동,3011,4589,-1578
서초구 반포4동,3980,7851,-3871
서초구 반포본동,2583,4184,-1601
서초구 방배1동,2093,1919,174
서초구 방배2동,4787,5179,-392
서초구 방배3동,2286,4003,-1717
서초구 방배4동,3159,2563,596
서초구 방배본동,1541,1184,357
서초구 서초1동,1239,2934,-1695
서초구 서초2동,4761,12192,-7431
서초구 서초3동,3354,8134,-4780
서초구 서초4동,3061,5704,-2643
서초구 양재1동,7399,9329,-1930
서초구 양재2동,4176,3705,471
서초구 잠원동,5326,9094,-3768
성동구 금호1가동,1053,260,793
성동구 금호2.3가동,2297,910,1387
성동구 금호4가동,1779,1216,563
성동구 마장동,2993,4274,-1281
성동구 사근동,1511,1944,-433
성동구 성수1가제1동,2233,2275,-42
성동구 성수1가제2동,1341,2114,-773
성동구 성수2가제1동,2984,1613,1371
성동구 성수2가제3동,1359,2792,-1433
성동구 송정동,2440,1111,1329
성동구 옥수동,1381,759,622
성동구 왕십리도선동,1847,2654,-807
성동구 왕십리제2동,2454,2834,-380
성동구 용답동,3901,3695,206
성동구 응봉동,1339,816,523
성동구 행당제1동,1916,3176,-1260
성동구 행당제2동,3720,2953,767
성북구 길음제1동,7546,6663,883
성북구 길음제2동,2618,4758,-2140
성북구 돈암제1동,5601,4343,1258
성북구 돈암제2동,2096,918,1178
성북구 동선동,5132,6235,-1103
성북구 보문동,2166,2321,-155
성북구 삼선동,5286,4679,607
성북구 석관동,4076,3783,293
성북구 성북동,7466,7076,390
성북구 안암동,2252,4291,-2039
성북구 월곡제1동,3882,3783,99
성북구 월곡제2동,1882,2090,-208
성북구 장위제1동,4719,1084,3635
성북구 장위제2동,2685,1770,915
성북구 장위제3동,1785,1713,72
성북구 정릉제1동,3511,2838,673
성북구 정릉제2동,6119,1966,4153
성북구 정릉제3동,1498,1433,65
성북구 정릉제4동,6352,1347,5005
성북구 종암동,9808,7206,2602
송파구 가락1동,263,497,-234
송파구 가락2동,3531,2957,574
송파구 가락본동,3843,4575,-732
송파구 거여1동,1406,792,614
송파구 거여2동,510,47,463
송파구 마천1동,2567,514,2053
송파구 마천2동,4676,1138,3538
송파구 문정1동,1218,611,607
송파구 문정2동,3339,4204,-865
송파구 방이1동,1066,660,406
송파구 방이2동,3385,3858,-473
송파구 삼전동,3668,1603,2065
송파구 석촌동,4418,4582,-164
송파구 송파1동,3252,2194,1058
송파구 송파2동,1161,902,259
송파구 오금동,3089,2929,160
송파구 오륜동,827,1404,-577
송파구 위례동,3217,734,2483
송파구 잠실2동,1117,1819,-702
송파구 잠실3동,6366,8359,-1993
송파구 잠실4동,165,442,-277
송파구 잠실6동,1526,5886,-4360
송파구 잠실7동,1761,2531,-770
송파구 잠실본동,4403,3883,520
송파구 장지동,4303,1179,3124
송파구 풍납1동,3906,1690,2216
송파구 풍납2동,3423,4390,-967
양천구 목1동,3744,5966,-2222
양천구 목2동,3085,3947,-862
양천구 목3동,4217,5001,-784
양천구 목4동,5542,1601,3941
양천구 목5동,3394,3803,-409
양천구 신월1동,3632,960,2672
양천구 신월2동,3173,1880,1293
양천구 신월3동,3864,1882,1982
양천구 신월4동,3480,872,2608
양천구 신월5동,2379,1676,703
양천구 신월6동,2270,1294,976
양천구 신월7동,7202,1808,5394
양천구 신정1동,1876,2912,-1036
양천구 신정2동,1056,549,507
양천구 신정3동,7399,3552,3847
양천구 신정4동,4492,7257,-2765
양천구 신정6동,899,845,54
양천구 신정7동,2001,1569,432
영등포구 당산제1동,3272,4780,-1508
영등포구 당산제2동,2969,6325,-3356
영등포구 대림제1동,3475,3298,177
영등포구 대림제2동,1638,2122,-484
영등포구 대림제3동,2689,1715,974
영등포구 도림동,1124,450,674
영등포구 문래동,3248,4997,-1749
영등포구 신길제1동,6663,3976,2687
영등포구 신길제3동,6456,2754,3702
영등포구 신길제4동,2813,1078,1735
영등포구 신길제5동,3157,2715,442
영등포구 신길제6동,2772,2338,434
영등포구 신길제7동,1856,1946,-90
영등포구 양평제1동,1509,1586,-77
영등포구 양평제2동,2906,3589,-683
영등포구 여의동,15482,35425,-19943
영등포구 영등포동,11556,17404,-5848
영등포구 영등포본동,4326,7791,-3465
용산구 남영동,6675,9827,-3152
용산구 보광동,2320,644,1676
용산구 서빙고동,1920,2221,-301
용산구 용문동,566,478,88
용산구 용산2가동,2349,1031,1318
용산구 원효로제1동,2086,2225,-139
용산구 원효로제2동,2075,947,1128
용산구 이촌제1동,1375,3008,-1633
용산구 이촌제2동,1122,272,850
용산구 이태원제1동,4228,2911,1317
용산구 이태원제2동,999,640,359
용산구 청파동,2826,1784,1042
용산구 필동,0,0,0
용산구 한강로동,4728,12377,-7649
용산구 한남동,8131,10560,-2429
용산구 효창동,1536,697,839
용산구 후암동,2117,734,1383
은평구 갈현제1동,4417,1460,2957
은평구 갈현제2동,2425,838,1587
은평구 구산동,6185,965,5220
은평구 녹번동,4747,3411,1336
은평구 대조동,7696,7920,-224
은평구 불광제1동,3386,2748,638
은평구 불광제2동,5146,4042,1104
은평구 수색동,2645,1901,744
은평구 신사제1동,4383,3032,1351
은평구 신사제2동,3069,1620,1449
은평구 역촌동,7141,3006,4135
은평구 응암제1동,6066,7411,-1345
은평구 응암제2동,2410,407,2003
은평구 응암제3동,3725,1691,2034
은평구 증산동,3048,2782,266
은평구 진관동,6215,4719,1496
종로구 가회동,30,1,29
종로구 교남동,307,465,-158
종로구 무악동,450,458,-8
종로구 부암동,2766,1489,1277
종로구 사직동,6436,14070,-7634
종로구 삼청동,309,1394,-1085
종로구 숭인제1동,146,43,103
종로구 숭인제2동,4849,7082,-2233
종로구 이화동,3343,5091,-1748
종로구 종로1.2.3.4가동,14331,34216,-19885
종로구 종로5.6가동,4542,3932,610
종로구 창신제1동,7248,2628,4620
종로구 창신제2동,4225,3650,575
종로구 창신제3동,233,184,49
종로구 청운효자동,1251,1833,-582
종로구 충현동,697,659,38
종로구 평창동,2674,1931,743
종로구 혜화동,5880,6981,-1101
중구 광희동,11994,8060,3934
중구 다산동,2523,2452,71
중구 동화동,142,195,-53
중구 명동,3074,13281,-10207
중구 소공동,6866,14962,-8096
중구 신당동,5719,2268,3451
중구 신당제5동,1939,1403,536
중구 약수동,901,546,355
중구 을지로동,818,4966,-4148
중구 장충동,628,1800,-1172
중구 중림동,1298,2237,-939
중구 청구동,492,434,58
중구 필동,997,2443,-1446
중구 황학동,2190,1848,342
중구 회현동,11796,23597,-11801
중랑구 망우본동,6909,4647,2262
중랑구 망우제3동,3033,530,2503
중랑구 면목본동,5291,4046,1245
중랑구 면목제2동,3557,1341,2216
중랑구 면목제3.8동,4502,2966,1536
중랑구 면목제4동,3036,1765,1271
중랑구 면목제5동,3066,1553,1513
중랑구 면목제7동,1901,1501,400
중랑구 묵제1동,2132,2496,-364
중랑구 묵제2동,2398,917,1481
중랑구 상봉제1동,3607,2838,769
중랑구 상봉제2동,4002,5616,-1614
중랑구 신내1동,6961,1870,5091
중랑구 신내2동,4060,3053,1007
중랑구 중화제1동,1152,1833,-681
중랑구 중화제2동,6345,4721,1624
NA,141359,67874,73485
