ID,insum,outsum,diff
100000001,881,1054,-173
100000002,6314,8647,-2333
100000003,5699,9446,-3747
100000004,441,1930,-1489
100000005,3989,7689,-3700
100000006,842,496,346
100000007,3813,1285,2528
100000008,205,847,-642
100000009,703,727,-24
100000010,41,180,-139
100000011,745,243,502
100000012,44,1398,-1354
100000013,11,359,-348
100000014,455,732,-277
100000015,2019,3150,-1131
100000016,655,2227,-1572
100000017,765,1936,-1171
100000018,1337,1393,-56
100000019,5961,4797,1164
100000020,1608,9867,-8259
100000021,8556,3039,5517
100000022,1244,5823,-4579
100000023,9327,2563,6764
100000025,489,2875,-2386
100000028,590,2490,-1900
100000029,82,1002,-920
100000030,93,63,30
100000031,2800,9487,-6687
100000032,2824,6516,-3692
100000033,1728,6441,-4713
100000034,211,1947,-1736
100000035,1333,2872,-1539
100000036,1228,2470,-1242
100000037,930,837,93
100000038,3941,2096,1845
100000039,357,1403,-1046
100000040,631,346,285
100000041,2043,825,1218
100000042,1563,633,930
100000043,1067,665,402
100000044,262,1206,-944
100000045,409,1277,-868
100000046,544,992,-448
100000047,275,671,-396
100000048,365,1042,-677
100000049,2478,1436,1042
100000051,541,635,-94
100000053,162,6,156
100000054,445,72,373
100000055,766,349,417
100000056,592,1061,-469
100000057,2901,959,1942
100000058,971,915,56
100000059,50,281,-231
100000060,790,436,354
100000061,2917,993,1924
100000062,2271,929,1342
100000063,1288,467,821
100000064,2191,819,1372
100000065,492,1057,-565
100000066,204,715,-511
100000067,347,877,-530
100000068,513,1571,-1058
100000069,482,1306,-824
100000072,202,745,-543
100000073,1441,1247,194
100000075,1053,288,765
100000076,1832,7989,-6157
100000077,249,712,-463
100000078,13,43,-30
100000079,34,75,-41
100000080,14,39,-25
100000081,89,296,-207
100000102,4171,8841,-4670
100000103,1936,2915,-979
100000104,4729,3762,967
100000105,1600,3140,-1540
100000106,1440,6160,-4720
100000107,155,2079,-1924
100000108,327,1792,-1465
100000109,790,2331,-1541
100000116,475,988,-513
100000117,137,329,-192
100000118,605,1526,-921
100000119,886,1249,-363
100000121,357,801,-444
100000122,604,3016,-2412
100000123,1388,4070,-2682
100000124,2951,4502,-1551
100000125,7750,3155,4595
100000126,723,1661,-938
100000127,1372,1105,267
100000128,866,4148,-3282
100000129,333,1269,-936
100000130,912,345,567
100000131,1160,2750,-1590
100000132,1204,2808,-1604
100000133,2238,1526,712
100000135,915,2039,-1124
100000139,160,738,-578
100000140,150,341,-191
100000142,775,853,-78
100000143,993,365,628
100000144,2608,669,1939
100000147,1727,5587,-3860
100000150,97,715,-618
100000151,823,3229,-2406
100000153,166,908,-742
100000154,20,890,-870
100000155,9,76,-67
100000156,343,405,-62
100000157,768,350,418
100000158,272,347,-75
100000159,107,1658,-1551
100000165,735,837,-102
100000169,47,2204,-2157
100000174,298,1664,-1366
100000179,70,1390,-1320
100000180,1156,11263,-10107
100000181,824,656,168
100000188,91,886,-795
100000189,1222,1246,-24
100000190,623,2488,-1865
100000191,931,1126,-195
100000192,27,193,-166
100000193,298,300,-2
100000330,889,1270,-381
100000355,239,2018,-1779
100000362,2909,1454,1455
100000363,8989,9373,-384
100000364,82,432,-350
100000365,8375,13486,-5111
100000366,2128,1623,505
100000367,6323,9490,-3167
100000368,2812,1174,1638
100000369,844,3902,-3058
100000370,255,1569,-1314
100000376,44,339,-295
100000379,1104,3797,-2693
100000380,4043,9409,-5366
100000384,7062,9988,-2926
100000385,1587,6340,-4753
100000386,2841,10510,-7669
100000387,3833,10091,-6258
100000388,2324,9160,-6836
100000389,4925,10855,-5930
100000390,4163,7265,-3102
100000391,3265,14402,-11137
100000392,1090,4556,-3466
100000393,982,8243,-7261
100000394,3259,9110,-5851
100000395,1808,7518,-5710
100000396,2414,3819,-1405
100000397,2420,10564,-8144
100000398,7486,5722,1764
100900002,20,18,2
100900003,643,338,305
100900004,44,1864,-1820
100900005,154,23,131
100900006,87,86,1
100900007,309,3,306
100900008,4,618,-614
100900009,54,141,-87
100900010,114,30,84
100900011,228,91,137
100900012,1,54,-53
100900013,1349,18,1331
100900014,16,1,15
100900015,60,148,-88
100900016,1,60,-59
100900017,1719,105,1614
100900018,1,16,-15
100900019,106,162,-56
100900020,497,16,481
100900021,564,4,560
100900022,26,46,-20
100900023,0,74,-74
100900024,489,4,485
100900025,18,5,13
100900026,177,111,66
100900027,698,4264,-3566
100900028,113,567,-454
100900029,83,4,79
100900030,3,352,-349
100900031,1143,72,1071
100900032,550,2,548
100900033,161,744,-583
100900034,1469,1,1468
100900035,289,0,289
100900036,27,0,27
100900037,188,135,53
100900038,54,140,-86
100900039,263,285,-22
100900040,954,502,452
100900041,1623,297,1326
100900042,1112,3091,-1979
100900043,0,64,-64
100900044,1612,861,751
100900045,4,1,3
100900046,1752,18,1734
100900047,1205,304,901
100900048,152,51,101
100900049,98,92,6
100900050,11,10,1
100900051,70,299,-229
100900052,462,43,419
100900053,945,40,905
100900054,3,41,-38
100900055,308,1451,-1143
100900056,41,108,-67
100900057,3416,1240,2176
100900058,246,137,109
100900059,139,16,123
100900060,310,6,304
100900061,189,190,-1
100900062,14,52,-38
100900063,456,1223,-767
100900064,967,43,924
100900065,148,194,-46
100900066,267,239,28
100900067,33,5,28
100900068,231,185,46
100900069,277,17,260
100900070,695,18,677
100900071,386,125,261
100900072,1,64,-63
100900073,230,393,-163
100900074,17,25,-8
100900075,2302,249,2053
100900076,19,52,-33
100900077,114,15,99
100900078,124,275,-151
100900079,4,63,-59
100900080,114,265,-151
100900081,40,178,-138
100900082,269,141,128
100900083,17,37,-20
100900085,10,638,-628
100900086,91,532,-441
100900088,272,148,124
100900089,12,34,-22
100900090,171,1486,-1315
100900091,19,14,5
100900092,120,191,-71
100900093,424,564,-140
100900094,290,150,140
100900095,8,55,-47
100900096,45,375,-330
100900097,1,0,1
100900098,36,25,11
100900099,33,524,-491
100900100,29,880,-851
100900101,291,44,247
100900102,75,338,-263
100900103,17,39,-22
100900104,7,231,-224
100900105,53,896,-843
100900106,24,6,18
100900107,3837,1209,2628
100900108,9,74,-65
100900109,15,60,-45
100900110,3,27,-24
100900111,46,263,-217
100900112,16,23,-7
100900113,43,41,2
100900114,28,22,6
100900115,34,16,18
100900116,1455,741,714
100900117,306,1527,-1221
100900118,59,123,-64
100900119,9,21,-12
100900120,41,1,40
100900121,673,643,30
100900122,46,136,-90
100900123,183,151,32
100900124,0,4,-4
100900125,3,54,-51
100900126,382,203,179
100900127,8,23,-15
100900128,141,1048,-907
100900129,4,499,-495
100900131,51,275,-224
100900133,123,41,82
100900134,1,1,0
100900135,7,1655,-1648
100900137,302,321,-19
100900138,387,538,-151
100900139,6,32,-26
100900140,14,256,-242
100900141,4,1074,-1070
100900142,1,8,-7
100900143,481,1210,-729
100900144,12,4,8
100900145,104,578,-474
100900146,12,94,-82
100900147,20,1560,-1540
100900148,77,191,-114
100900149,21,455,-434
100900150,0,39,-39
100900151,158,619,-461
100900152,935,13,922
100900153,6,354,-348
100900154,9,164,-155
100900155,19,4,15
100900156,53,6,47
100900157,29,1484,-1455
100900158,1137,82,1055
100900159,4,48,-44
100900160,27,24,3
100900161,72,6,66
100900162,41,749,-708
100900163,116,123,-7
100900164,130,46,84
100900165,4,36,-32
100900166,277,3,274
100900167,36,95,-59
100900168,33,298,-265
100900169,117,1005,-888
100900170,29,0,29
100900171,72,570,-498
100900172,0,42,-42
100900173,23,107,-84
100900174,38,29,9
100900176,2316,278,2038
100900177,532,621,-89
100900178,216,382,-166
100900179,528,464,64
100900180,6,0,6
100900181,209,119,90
100900182,239,59,180
100900184,42,224,-182
100900186,735,337,398
100900187,41,105,-64
100900188,29,38,-9
100900189,4211,274,3937
100900191,717,1768,-1051
100900192,139,705,-566
100900195,165,351,-186
100900197,36,84,-48
100900198,31,100,-69
100900199,16,13,3
100900200,1456,400,1056
100900201,186,1139,-953
100900202,124,3,121
100900203,1,228,-227
100900204,173,2756,-2583
100900205,235,811,-576
100900206,331,233,98
100900207,366,214,152
100900210,104,160,-56
100900211,833,203,630
100900213,361,77,284
100900214,761,148,613
100900215,44,76,-32
101000001,2173,2977,-804
101000002,9911,12291,-2380
101000003,483,1462,-979
101000004,9013,7789,1224
101000005,6164,8107,-1943
101000006,7155,14047,-6892
101000007,4679,7029,-2350
101000008,1818,3838,-2020
101000009,3233,881,2352
101000010,1400,634,766
101000011,1434,329,1105
101000012,430,823,-393
101000013,751,1675,-924
101000014,433,507,-74
101000015,2618,1699,919
101000016,444,1133,-689
101000017,400,786,-386
101000018,1946,6289,-4343
101000020,2990,1122,1868
101000021,622,1478,-856
101000022,119,548,-429
101000023,1841,1527,314
101000025,472,697,-225
101000026,332,50,282
101000027,2821,6243,-3422
101000028,451,97,354
101000029,168,2170,-2002
101000030,1310,243,1067
101000031,201,1145,-944
101000032,3090,6722,-3632
101000033,2253,6123,-3870
101000034,1078,2979,-1901
101000035,727,487,240
101000036,919,2314,-1395
101000037,1110,4468,-3358
101000039,2934,4596,-1662
101000040,3445,8397,-4952
101000041,2937,8994,-6057
101000042,148,1551,-1403
101000043,4116,10728,-6612
101000045,334,1052,-718
101000046,1176,4038,-2862
101000047,1308,6908,-5600
101000048,757,549,208
101000049,997,3665,-2668
101000050,1296,3258,-1962
101000051,1045,3897,-2852
101000052,1484,2727,-1243
101000053,715,1810,-1095
101000054,2562,1094,1468
101000055,1213,2531,-1318
101000056,40,251,-211
101000057,922,3275,-2353
101000058,1283,2457,-1174
101000059,2822,3332,-510
101000060,1807,1728,79
101000061,626,2953,-2327
101000062,341,811,-470
101000063,285,2162,-1877
101000064,488,1135,-647
101000065,266,1318,-1052
101000066,506,1876,-1370
101000067,404,987,-583
101000068,132,596,-464
101000069,175,98,77
101000070,601,837,-236
101000071,3364,1684,1680
101000072,879,3750,-2871
101000073,639,1580,-941
101000074,2845,4322,-1477
101000075,2338,4690,-2352
101000077,2467,2233,234
101000078,900,1562,-662
101000079,1331,1408,-77
101000080,1171,1448,-277
101000081,2387,1936,451
101000082,2517,2613,-96
101000083,4273,2969,1304
101000084,1232,690,542
101000085,1906,1397,509
101000086,1068,1591,-523
101000087,1150,1190,-40
101000088,2629,1552,1077
101000089,1245,2391,-1146
101000090,2050,1022,1028
101000091,702,901,-199
101000092,2782,871,1911
101000093,2025,808,1217
101000094,1599,1346,253
101000095,751,706,45
101000096,896,375,521
101000097,593,1148,-555
101000098,484,939,-455
101000099,741,1998,-1257
101000100,1057,1827,-770
101000101,330,780,-450
101000102,632,1391,-759
101000103,541,1198,-657
101000104,580,1545,-965
101000105,273,1005,-732
101000106,394,1843,-1449
101000107,385,853,-468
101000108,571,124,447
101000109,1037,194,843
101000110,43,187,-144
101000111,70,304,-234
101000113,201,1138,-937
101000114,3687,12142,-8455
101000115,48,36,12
101000116,37,58,-21
101000117,1474,230,1244
101000119,27,108,-81
101000120,110,142,-32
101000121,36,69,-33
101000122,168,143,25
101000123,65,141,-76
101000124,932,682,250
101000125,143,183,-40
101000128,235,1549,-1314
101000130,173,324,-151
101000131,2172,374,1798
101000132,1379,1532,-153
101000135,22,31,-9
101000136,129,305,-176
101000137,14,847,-833
101000141,722,4986,-4264
101000147,789,384,405
101000148,1007,17,990
101000149,69,396,-327
101000150,137,230,-93
101000151,523,49,474
101000152,516,413,103
101000153,347,140,207
101000154,581,468,113
101000155,937,337,600
101000156,11,743,-732
101000157,106,86,20
101000160,22,7,15
101000163,168,583,-415
101000164,438,127,311
101000165,437,583,-146
101000166,337,331,6
101000168,1126,665,461
101000252,3466,1259,2207
101000254,38,55,-17
101000258,85,11,74
101000261,98,189,-91
101000262,1466,6143,-4677
101000263,406,2081,-1675
101000265,97,1249,-1152
101000266,491,497,-6
101000269,14,52,-38
101000290,535,4117,-3582
101000293,43,52,-9
101000294,727,812,-85
101000295,297,268,29
101000301,278,613,-335
101000304,2702,4025,-1323
101000305,3314,1485,1829
101900001,50,68,-18
101900002,0,2,-2
101900003,21,223,-202
101900004,2,287,-285
101900005,1335,5421,-4086
101900006,2857,119,2738
101900007,1006,254,752
101900008,92,262,-170
101900009,41,580,-539
101900010,487,1046,-559
101900011,99,1395,-1296
101900012,669,179,490
101900013,466,116,350
101900017,14,117,-103
101900018,645,417,228
101900019,67,210,-143
101900020,148,86,62
101900021,4,112,-108
101900022,255,426,-171
101900023,347,137,210
102000001,5041,9274,-4233
102000002,3379,2158,1221
102000003,2981,9263,-6282
102000004,5485,3644,1841
102000005,1570,5022,-3452
102000006,942,2040,-1098
102000007,2991,8227,-5236
102000008,6946,1916,5030
102000009,10603,13485,-2882
102000010,4574,3555,1019
102000011,6646,6250,396
102000012,4197,3650,547
102000018,4185,4391,-206
102000019,4740,2669,2071
102000026,555,658,-103
102000029,282,183,99
102000030,197,555,-358
102000031,118,141,-23
102000032,1004,584,420
102000033,670,355,315
102000034,541,571,-30
102000035,3274,961,2313
102000036,32,309,-277
102000037,448,62,386
102000038,87,859,-772
102000039,92,379,-287
102000040,212,578,-366
102000041,71,1311,-1240
102000042,160,877,-717
102000043,101,704,-603
102000044,479,1605,-1126
102000045,752,1287,-535
102000046,2075,1117,958
102000047,1118,1104,14
102000048,953,976,-23
102000049,1273,1635,-362
102000050,1480,1800,-320
102000051,271,1153,-882
102000052,1628,1769,-141
102000053,1130,2132,-1002
102000054,1348,1550,-202
102000055,2112,252,1860
102000056,2195,328,1867
102000057,2473,639,1834
102000058,1678,921,757
102000059,1553,1557,-4
102000060,1476,1154,322
102000061,3051,1926,1125
102000062,3158,1224,1934
102000063,1388,1674,-286
102000064,658,893,-235
102000065,56,193,-137
102000066,902,1289,-387
102000067,5985,4651,1334
102000068,16913,5012,11901
102000069,200,4884,-4684
102000070,2360,53,2307
102000071,8945,13005,-4060
102000072,3597,6002,-2405
102000073,999,1341,-342
102000074,962,2447,-1485
102000075,279,488,-209
102000076,461,306,155
102000077,1239,484,755
102000078,1984,315,1669
102000079,294,137,157
102000080,460,365,95
102000081,333,1135,-802
102000082,666,499,167
102000083,1312,319,993
102000084,739,281,458
102000085,5115,976,4139
102000086,1929,1055,874
102000087,1223,1854,-631
102000088,301,399,-98
102000089,2066,445,1621
102000090,352,1399,-1047
102000091,1765,816,949
102000092,351,719,-368
102000093,999,654,345
102000094,726,477,249
102000095,900,1125,-225
102000096,714,662,52
102000097,1164,719,445
102000098,358,1072,-714
102000099,1109,1482,-373
102000100,207,2381,-2174
102000101,553,696,-143
102000102,942,1969,-1027
102000103,4231,597,3634
102000104,1126,425,701
102000105,407,731,-324
102000106,1214,520,694
102000107,2762,306,2456
102000108,864,295,569
102000109,942,491,451
102000110,2096,784,1312
102000111,15,593,-578
102000112,152,187,-35
102000113,37,55,-18
102000114,1173,444,729
102000115,321,481,-160
102000116,358,936,-578
102000117,107,1633,-1526
102000118,1141,2296,-1155
102000119,1297,2382,-1085
102000120,338,958,-620
102000121,1515,643,872
102000122,906,1392,-486
102000123,1518,1399,119
102000124,2398,2140,258
102000125,626,988,-362
102000126,790,1022,-232
102000127,1605,778,827
102000128,1079,1196,-117
102000129,2101,642,1459
102000130,997,1421,-424
102000131,1267,1445,-178
102000132,533,2200,-1667
102000133,4326,1813,2513
102000134,1503,1066,437
102000135,1906,1053,853
102000136,2999,852,2147
102000137,475,2657,-2182
102000138,200,652,-452
102000139,76,1767,-1691
102000140,166,2683,-2517
102000141,268,3582,-3314
102000142,586,453,133
102000143,509,259,250
102000144,688,242,446
102000145,540,363,177
102000146,479,537,-58
102000147,637,437,200
102000148,534,861,-327
102000149,402,187,215
102000150,831,112,719
102000151,176,141,35
102000152,354,229,125
102000153,1216,1080,136
102000154,203,655,-452
102000155,68,1014,-946
102000156,289,311,-22
102000157,48,1512,-1464
102000158,165,382,-217
102000159,2016,1464,552
102000161,2632,2926,-294
102000162,176,235,-59
102000163,108,588,-480
102000164,966,950,16
102000165,257,224,33
102000166,77,209,-132
102000167,306,399,-93
102000168,323,245,78
102000169,110,923,-813
102000170,976,268,708
102000171,121,235,-114
102000172,45,572,-527
102000173,741,463,278
102000174,137,122,15
102000175,120,89,31
102000176,102,13,89
102000178,291,320,-29
102000179,546,223,323
102000180,1575,329,1246
102000181,1387,308,1079
102000182,923,454,469
102000183,2997,1244,1753
102000184,3089,711,2378
102000185,4371,970,3401
102000186,2990,1308,1682
102000187,1734,2295,-561
102000188,1857,1683,174
102000189,3145,891,2254
102000190,790,3202,-2412
102000191,1390,490,900
102000192,2882,2324,558
102000193,126,118,8
102000194,89,284,-195
102000195,616,497,119
102000196,336,325,11
102000197,1339,283,1056
102000198,350,607,-257
102000199,1931,273,1658
102000200,470,627,-157
102000201,1970,461,1509
102000202,5,178,-173
102000203,707,217,490
102000204,1005,660,345
102000205,2048,599,1449
102000206,1023,569,454
102000207,830,603,227
102000208,520,710,-190
102000209,171,89,82
102000210,797,386,411
102000211,785,254,531
102000212,754,17,737
102000213,4,161,-157
102000214,770,19,751
102000215,10,192,-182
102000216,100,198,-98
102000217,9,44,-35
102000218,375,308,67
102000219,242,166,76
102000225,289,654,-365
102000226,385,750,-365
102000227,265,3,262
102000228,0,190,-190
102000229,90,88,2
102000230,466,416,50
102000231,576,506,70
102000232,119,291,-172
102000233,1251,590,661
102000234,139,1605,-1466
102000236,385,143,242
102000237,590,390,200
102000238,210,485,-275
102000240,466,1281,-815
102000241,642,220,422
102000243,15,46,-31
102000245,20,75,-55
102000246,11,79,-68
102000247,191,416,-225
102000248,333,1042,-709
102000249,243,161,82
102000250,126,197,-71
102000254,344,192,152
102000266,10,1296,-1286
102000271,26,0,26
102000286,525,401,124
102000297,3074,1943,1131
102000301,0,0,0
102000303,0,1,-1
102000305,0,0,0
102000306,0,0,0
102000307,0,2,-2
102000308,0,2,-2
102900001,1734,631,1103
102900002,442,66,376
102900003,92,141,-49
102900005,621,250,371
102900006,742,51,691
102900007,1070,11,1059
102900008,414,14,400
102900009,429,677,-248
102900010,172,1455,-1283
102900011,1223,867,356
102900012,660,141,519
102900013,59,70,-11
102900015,913,697,216
102900016,100,53,47
102900017,467,214,253
102900018,52,72,-20
102900019,602,654,-52
102900020,335,35,300
102900021,102,48,54
102900022,198,111,87
102900023,34,85,-51
102900024,123,74,49
102900025,117,97,20
102900026,642,3126,-2484
102900027,92,137,-45
102900028,251,1481,-1230
102900029,125,428,-303
102900030,493,486,7
102900031,534,131,403
102900032,220,74,146
102900033,183,193,-10
102900034,926,43,883
102900035,325,278,47
102900036,691,295,396
102900037,357,272,85
102900038,630,278,352
102900039,13,990,-977
102900040,287,338,-51
102900041,176,126,50
102900042,496,170,326
102900043,462,148,314
102900044,830,1459,-629
102900045,266,369,-103
102900046,277,134,143
102900047,172,582,-410
102900048,828,284,544
102900049,89,506,-417
102900050,229,478,-249
102900051,245,246,-1
102900052,77,87,-10
102900053,398,610,-212
102900054,310,2063,-1753
102900055,350,426,-76
102900056,92,409,-317
102900057,9,113,-104
102900058,680,98,582
102900059,60,31,29
102900060,171,413,-242
102900061,298,310,-12
102900062,545,491,54
102900063,2471,411,2060
102900064,159,675,-516
102900065,884,252,632
102900066,493,7,486
102900068,69,231,-162
102900070,266,1082,-816
102900072,7,69,-62
102900073,88,29,59
102900074,140,198,-58
102900075,13,126,-113
102900076,109,238,-129
102900077,64,32,32
102900078,24,69,-45
102900079,299,7,292
102900080,684,28,656
102900081,72,274,-202
102900082,42,317,-275
102900083,125,17,108
102900084,4,98,-94
102900085,313,157,156
102900086,10,188,-178
102900087,210,277,-67
102900088,71,44,27
102900089,227,212,15
102900090,5,300,-295
102900091,298,9,289
102900092,693,204,489
102900093,481,185,296
102900094,2,432,-430
102900095,158,1,157
102900096,124,11,113
102900097,56,74,-18
103000001,2460,2810,-350
103000002,3022,3546,-524
103000003,3882,3620,262
103000004,818,586,232
103000005,2378,4989,-2611
103000006,1386,1954,-568
103000007,602,622,-20
103000008,1475,1066,409
103000009,2771,1534,1237
103000010,286,98,188
103000011,1315,1170,145
103000012,1641,2361,-720
103000013,3260,2535,725
103000014,1598,5007,-3409
103000015,2088,866,1222
103000016,732,2170,-1438
103000017,371,958,-587
103000018,1647,238,1409
103000019,470,768,-298
103000020,1873,1527,346
103000021,2281,2963,-682
103000022,923,1131,-208
103000023,1336,3589,-2253
103000024,104,66,38
103000025,168,1468,-1300
103000026,661,132,529
103000027,268,853,-585
103000028,225,367,-142
103000029,159,342,-183
103000030,1999,2277,-278
103000031,1133,3950,-2817
103000032,2750,1862,888
103000033,3287,3417,-130
103000034,1213,1235,-22
103000035,359,1641,-1282
103000036,315,370,-55
103000037,749,626,123
103000038,835,1510,-675
103000039,949,331,618
103000040,962,493,469
103000041,2866,1640,1226
103000042,2619,257,2362
103000043,1297,662,635
103000044,511,113,398
103000046,538,489,49
103000047,891,243,648
103000048,455,146,309
103000049,118,79,39
103000050,1123,272,851
103000051,846,461,385
103000052,859,307,552
103000053,359,438,-79
103000054,2794,932,1862
103000055,2493,1645,848
103000056,1162,1157,5
103000057,1979,252,1727
103000058,1051,624,427
103000059,1145,590,555
103000060,1111,327,784
103000061,890,825,65
103000062,1167,328,839
103000063,1454,1087,367
103000064,203,96,107
103000065,3,201,-198
103000066,380,17,363
103000069,540,182,358
103000070,1345,655,690
103000071,2514,737,1777
103000072,216,464,-248
103000073,1573,183,1390
103000074,1415,142,1273
103000075,157,713,-556
103000076,612,1264,-652
103000077,16,390,-374
103000078,1523,2085,-562
103000079,658,1307,-649
103000080,767,575,192
103000081,422,1384,-962
103000082,805,275,530
103000083,175,464,-289
103000084,148,8,140
103000085,6,169,-163
103000086,603,920,-317
103000087,359,694,-335
103000088,319,508,-189
103000089,394,1064,-670
103000090,6642,1587,5055
103000091,2260,638,1622
103000092,457,328,129
103000093,398,848,-450
103000094,392,173,219
103000095,145,369,-224
103000096,827,87,740
103000097,106,833,-727
103000098,726,125,601
103000099,160,733,-573
103000100,241,394,-153
103000101,1928,118,1810
103000102,166,380,-214
103000103,1194,123,1071
103000104,135,105,30
103000105,334,59,275
103000106,9,178,-169
103000107,272,111,161
103000108,2244,1480,764
103000109,840,862,-22
103000110,1151,707,444
103000111,465,891,-426
103000112,419,819,-400
103000113,340,1639,-1299
103000114,1937,1662,275
103000115,1213,899,314
103000116,1079,465,614
103000117,784,491,293
103000118,426,415,11
103000119,1037,407,630
103000120,104,228,-124
103000121,101,319,-218
103000122,427,483,-56
103000125,41,122,-81
103000126,1091,1,1090
103000127,16,87,-71
103000128,298,1,297
103000129,17,87,-70
103000130,162,81,81
103000131,240,163,77
103000132,91,195,-104
103000133,31,273,-242
103000134,339,1563,-1224
103000135,782,288,494
103000136,444,787,-343
103000137,566,1016,-450
103000138,852,879,-27
103000139,0,92,-92
103000140,180,33,147
103000141,33,259,-226
103000142,117,97,20
103000143,116,248,-132
103000144,165,128,37
103000145,40,1425,-1385
103000150,169,43,126
103000152,267,322,-55
103000153,286,327,-41
103000156,46,119,-73
103000157,604,1,603
103000159,257,100,157
103000162,61,31,30
103000163,8,24,-16
103000164,3,12,-9
103000165,112,188,-76
103000166,419,695,-276
103000167,359,160,199
103000168,312,178,134
103000169,234,1030,-796
103000170,1501,234,1267
103000171,73,133,-60
103000172,1485,266,1219
103000173,1451,139,1312
103000174,494,255,239
103000175,477,168,309
103000176,1164,973,191
103000177,379,486,-107
103000178,132,314,-182
103000179,228,64,164
103000183,365,49,316
103000185,312,60,252
103000186,329,94,235
103000187,1673,162,1511
103000188,65,180,-115
103000189,1055,756,299
103000191,671,773,-102
103000292,483,2556,-2073
103000293,1517,5040,-3523
103000295,87,175,-88
103000296,164,14,150
103000297,24,251,-227
103000504,86,21,65
103000505,12,76,-64
103000506,0,106,-106
103000507,286,4,282
103000508,141,114,27
103000509,328,397,-69
103900001,72,45,27
103900002,851,128,723
103900003,1220,401,819
103900004,241,2,239
103900005,0,65,-65
103900006,2,4,-2
103900007,196,2,194
103900008,31,1,30
103900009,598,376,222
103900010,356,185,171
103900011,917,77,840
103900012,18,42,-24
103900013,162,34,128
103900014,137,17,120
103900015,152,12,140
103900016,255,96,159
103900017,151,78,73
103900018,356,180,176
103900019,63,437,-374
103900020,419,696,-277
103900021,115,57,58
103900022,657,477,180
103900023,344,1,343
103900024,115,371,-256
103900025,8,17,-9
103900026,11,1,10
103900027,606,275,331
103900028,77,490,-413
103900029,1341,133,1208
103900030,579,209,370
103900031,99,2,97
103900032,162,98,64
103900033,110,52,58
103900034,90,32,58
103900035,105,65,40
103900036,141,57,84
103900037,218,102,116
103900038,92,192,-100
103900039,219,76,143
103900040,19,122,-103
103900041,124,34,90
103900042,164,81,83
103900043,495,36,459
103900044,61,1041,-980
103900045,571,134,437
103900047,130,2,128
103900048,12,55,-43
103900049,163,2074,-1911
103900050,29,272,-243
103900051,2,54,-52
103900052,268,427,-159
103900053,394,181,213
103900054,224,142,82
103900055,696,225,471
103900056,50,27,23
103900057,232,56,176
103900058,567,197,370
103900059,2,73,-71
103900060,151,91,60
103900061,379,20,359
103900062,1103,322,781
103900063,1,0,1
103900064,304,5,299
103900065,358,353,5
103900066,500,138,362
103900067,418,21,397
103900068,10,0,10
103900069,177,28,149
103900070,153,168,-15
103900071,22,52,-30
103900072,24,57,-33
103900073,37,72,-35
103900074,158,24,134
103900075,264,24,240
103900076,1059,251,808
103900077,62,313,-251
103900078,389,58,331
103900079,197,170,27
103900080,6,43,-37
103900081,9,48,-39
103900082,41,173,-132
103900083,1390,2750,-1360
103900084,87,292,-205
103900085,68,181,-113
103900086,1863,474,1389
103900087,22,128,-106
103900088,466,714,-248
103900089,71,135,-64
103900090,7,79,-72
103900091,710,136,574
103900092,980,1027,-47
103900093,84,415,-331
103900094,48,40,8
103900095,298,212,86
103900096,146,85,61
103900097,42,331,-289
103900098,564,123,441
103900099,306,30,276
103900100,500,103,397
103900101,166,878,-712
103900102,5,30,-25
103900104,6,37,-31
103900105,24,84,-60
103900106,0,176,-176
103900107,317,67,250
103900108,69,128,-59
103900109,281,32,249
103900110,558,67,491
103900111,252,219,33
103900112,69,196,-127
103900113,109,316,-207
103900114,825,226,599
103900115,234,340,-106
103900116,1639,2622,-983
103900117,86,21,65
103900119,35,173,-138
103900120,70,43,27
103900122,358,89,269
103900123,405,884,-479
103900124,56,20,36
103900125,195,58,137
103900126,820,163,657
103900127,286,238,48
103900128,284,42,242
103900131,36,61,-25
103900133,1227,17,1210
103900134,1,19,-18
103900135,1,1,0
103900137,0,12,-12
103900138,350,74,276
103900139,231,4902,-4671
103900140,4,487,-483
103900141,273,51,222
103900142,540,76,464
103900143,253,0,253
103900144,2,10,-8
103900145,204,241,-37
103900146,294,111,183
103900147,707,123,584
103900148,564,162,402
103900149,532,226,306
103900150,4945,8321,-3376
103900151,15,218,-203
103900152,1656,200,1456
103900153,10,1,9
103900154,318,3222,-2904
103900155,69,74,-5
103900156,145,57,88
103900157,146,50,96
103900158,306,26,280
103900159,454,9,445
103900160,59,26,33
103900161,58,230,-172
103900162,88,83,5
103900163,25,365,-340
103900164,373,12,361
103900167,6,214,-208
103900168,177,67,110
103900169,48,107,-59
103900170,8,93,-85
103900171,12,45,-33
103900172,3,11,-8
103900173,27,25,2
103900174,644,58,586
103900175,40,136,-96
103900176,11,28,-17
103900177,28,11,17
103900178,86,17,69
103900179,77,20,57
103900180,26,43,-17
103900181,13,63,-50
103900182,9,26,-17
103900184,231,144,87
103900185,88,1089,-1001
103900187,17,160,-143
103900188,127,80,47
103900189,115,13,102
103900190,165,68,97
103900191,53,115,-62
103900192,35,133,-98
103900193,63,140,-77
103900194,102,146,-44
103900195,3,171,-168
103900196,61,52,9
103900197,12,21,-9
103900198,13,14,-1
103900199,170,97,73
103900200,309,72,237
103900201,86,132,-46
103900202,18,77,-59
103900203,55,50,5
103900204,0,39,-39
103900207,0,30,-30
103900208,189,0,189
103900209,10,52,-42
103900210,66,60,6
103900211,955,135,820
103900212,421,141,280
103900213,57,301,-244
103900214,272,407,-135
103900215,157,397,-240
103900216,13,320,-307
103900217,404,147,257
103900218,1,539,-538
103900219,353,167,186
103900233,482,70,412
103900235,32,430,-398
103900236,10,20,-10
103900242,0,2,-2
103900243,1,1,0
103900244,161,109,52
103900245,181,75,106
103900246,40,62,-22
103900247,13,80,-67
103900248,8,133,-125
103900249,8,161,-153
103900250,63,62,1
103900251,2,60,-58
103900253,13,67,-54
103900254,6,41,-35
103900255,4,58,-54
103900256,14,63,-49
103900257,177,224,-47
103900258,46,17,29
103900259,32,6,26
103900261,31,12,19
103900262,40,2,38
103900263,93,108,-15
103900264,49,13,36
103900265,24,1,23
103900266,3,104,-101
103900267,5,21,-16
104000001,4194,2815,1379
104000002,2567,2444,123
104000003,3014,2863,151
104000004,2782,2894,-112
104000005,2873,2902,-29
104000006,4034,2965,1069
104000007,5187,4403,784
104000008,176,267,-91
104000009,439,170,269
104000010,209,679,-470
104000011,340,198,142
104000012,155,210,-55
104000013,596,567,29
104000014,277,340,-63
104000015,712,216,496
104000016,430,244,186
104000018,1247,282,965
104000019,761,446,315
104000020,118,310,-192
104000021,540,313,227
104000022,294,423,-129
104000023,1564,471,1093
104000024,323,269,54
104000026,66,237,-171
104000027,472,209,263
104000028,527,352,175
104000029,333,243,90
104000030,602,336,266
104000031,1828,383,1445
104000032,271,141,130
104000033,1059,606,453
104000034,348,179,169
104000035,1616,402,1214
104000036,1665,447,1218
104000037,279,132,147
104000038,717,384,333
104000039,288,118,170
104000040,120,685,-565
104000041,856,434,422
104000042,167,211,-44
104000043,344,270,74
104000044,357,325,32
104000045,938,670,268
104000046,773,947,-174
104000047,675,1143,-468
104000048,1166,889,277
104000049,940,501,439
104000050,178,1305,-1127
104000051,334,682,-348
104000052,3075,2249,826
104000053,1390,594,796
104000054,884,208,676
104000055,3759,2564,1195
104000056,748,211,537
104000057,313,233,80
104000058,1082,935,147
104000059,979,966,13
104000060,1591,1676,-85
104000061,1463,988,475
104000062,473,169,304
104000064,683,421,262
104000065,299,860,-561
104000069,570,2094,-1524
104000070,89,725,-636
104000071,221,466,-245
104000072,763,191,572
104000075,179,216,-37
104000076,576,77,499
104000082,3071,4916,-1845
104000083,635,228,407
104000084,143,417,-274
104000085,589,447,142
104000086,318,449,-131
104000087,378,2682,-2304
104000090,1467,772,695
104000092,2396,1090,1306
104000094,1069,737,332
104000095,4227,1464,2763
104000096,3121,118,3003
104000097,3636,654,2982
104000098,5123,658,4465
104000100,3376,807,2569
104000101,2132,1540,592
104000106,58,884,-826
104000107,845,242,603
104000108,348,363,-15
104000109,502,258,244
104000110,790,1413,-623
104000111,2721,4442,-1721
104000112,813,480,333
104000116,2,590,-588
104000117,441,341,100
104000118,1563,157,1406
104000119,1488,373,1115
104000120,390,349,41
104000121,457,617,-160
104000122,1210,962,248
104000123,1067,524,543
104000124,515,1444,-929
104000125,2886,6471,-3585
104000126,775,717,58
104000127,1504,1487,17
104000128,752,267,485
104000129,202,10,192
104000130,2,417,-415
104000131,371,344,27
104000132,405,496,-91
104000133,1785,981,804
104000134,1399,2196,-797
104000135,724,2218,-1494
104000136,1015,3884,-2869
104000137,2735,406,2329
104000138,1451,617,834
104000139,3298,3292,6
104000141,818,1012,-194
104000142,842,381,461
104000143,951,365,586
104000144,207,252,-45
104000145,505,307,198
104000146,214,529,-315
104000147,195,367,-172
104000148,520,288,232
104000149,210,131,79
104000150,1557,995,562
104000151,365,266,99
104000152,636,500,136
104000153,1154,893,261
104000154,856,385,471
104000155,711,1100,-389
104000157,1845,1315,530
104000158,226,919,-693
104000159,1084,1114,-30
104000160,2177,3139,-962
104000161,439,218,221
104000162,131,202,-71
104000165,791,853,-62
104000167,931,1902,-971
104000168,1257,12,1245
104000169,266,61,205
104000170,202,631,-429
104000248,431,501,-70
104000251,95,145,-50
104000272,0,0,0
104000273,0,0,0
104000274,0,0,0
104000275,0,0,0
104000279,646,525,121
104000290,124,370,-246
104000291,563,1490,-927
104000293,1892,1192,700
104000294,251,0,251
104000295,1096,772,324
104000296,815,669,146
104000297,1073,2374,-1301
104000298,2467,1096,1371
104000299,938,1305,-367
104900001,167,224,-57
104900002,120,323,-203
104900003,53,250,-197
104900004,106,139,-33
104900005,626,461,165
104900006,831,131,700
104900007,627,237,390
104900009,164,187,-23
104900010,126,44,82
104900011,20,123,-103
104900012,358,58,300
104900013,106,21,85
104900014,1818,423,1395
104900015,137,4,133
104900016,364,162,202
104900017,239,229,10
104900018,32,195,-163
104900019,248,7961,-7713
104900020,44,272,-228
104900021,0,21,-21
104900022,30,253,-223
104900023,0,44,-44
104900024,19,302,-283
104900025,116,175,-59
104900026,2,43,-41
104900027,866,474,392
104900028,35,160,-125
104900029,9,36,-27
104900030,706,238,468
104900031,45,333,-288
104900032,75,60,15
104900033,359,276,83
104900034,564,239,325
104900035,682,285,397
104900036,513,65,448
104900037,254,139,115
104900038,208,1816,-1608
104900039,380,639,-259
104900040,981,83,898
104900041,560,173,387
104900042,248,353,-105
104900043,26,368,-342
104900044,1256,159,1097
104900045,514,62,452
104900046,920,121,799
104900047,780,73,707
104900048,665,69,596
104900049,71,62,9
104900050,548,54,494
104900051,495,56,439
104900052,218,7,211
104900053,686,110,576
104900054,285,33,252
104900055,361,2,359
104900056,370,25,345
104900057,60,0,60
104900058,604,1300,-696
104900059,175,43,132
104900060,0,471,-471
104900061,126,275,-149
104900063,0,335,-335
104900064,0,184,-184
104900065,5,445,-440
104900066,1,117,-116
104900067,12,275,-263
104900068,81,150,-69
104900070,161,204,-43
104900071,1,504,-503
104900072,86,207,-121
104900073,154,63,91
104900074,161,132,29
104900075,86,12,74
104900076,166,190,-24
104900077,627,349,278
104900078,361,193,168
104900079,137,1165,-1028
104900080,172,303,-131
104900082,18,287,-269
104900085,23,141,-118
104900087,554,11,543
104900089,624,2,622
104900090,1891,1007,884
104900091,547,574,-27
104900093,220,323,-103
104900097,1371,4462,-3091
104900098,482,46,436
104900099,146,1283,-1137
104900100,403,257,146
104900102,59,87,-28
104900103,429,39,390
104900104,2031,2980,-949
104900106,299,130,169
104900107,137,155,-18
104900108,95,133,-38
104900109,123,190,-67
104900110,26,42,-16
104900111,862,153,709
104900112,567,298,269
104900113,1185,275,910
104900114,1027,359,668
104900115,1460,186,1274
104900116,698,106,592
104900118,40,41,-1
104900119,4,102,-98
104900120,16,915,-899
104900121,0,30,-30
104900122,24,39,-15
104900123,144,43,101
104900124,103,5,98
104900125,580,6,574
104900126,25,22,3
104900127,17,69,-52
104900128,121,74,47
104900129,1147,4253,-3106
105000001,4270,1721,2549
105000002,3703,2201,1502
105000003,3737,5062,-1325
105000004,1181,786,395
105000005,2106,1617,489
105000006,1873,2322,-449
105000007,2210,3311,-1101
105000008,1191,6147,-4956
105000009,4773,5588,-815
105000010,2971,1246,1725
105000011,4739,5458,-719
105000012,2770,2462,308
105000013,1748,1958,-210
105000014,3949,5674,-1725
105000015,11771,18975,-7204
105000016,1276,1450,-174
105000017,1609,960,649
105000018,1036,2627,-1591
105000019,1216,1449,-233
105000020,198,769,-571
105000021,212,246,-34
105000022,172,305,-133
105000023,755,257,498
105000028,78,68,10
105000029,733,2392,-1659
105000030,3638,2733,905
105000033,1192,1955,-763
105000034,186,1828,-1642
105000037,825,300,525
105000038,1706,2352,-646
105000039,1784,1301,483
105000040,1246,2257,-1011
105000041,378,1206,-828
105000042,3075,2512,563
105000043,1039,2575,-1536
105000044,1073,725,348
105000045,346,444,-98
105000046,1771,451,1320
105000047,970,495,475
105000048,1312,329,983
105000049,347,534,-187
105000050,1099,528,571
105000051,172,397,-225
105000052,907,1228,-321
105000053,100,143,-43
105000054,695,1211,-516
105000055,1044,456,588
105000056,2264,1807,457
105000057,2011,666,1345
105000058,1747,902,845
105000059,1270,801,469
105000060,692,503,189
105000061,1706,762,944
105000062,759,511,248
105000063,514,341,173
105000064,3280,1014,2266
105000065,516,413,103
105000066,1142,1236,-94
105000067,2353,1339,1014
105000068,369,740,-371
105000069,1830,3923,-2093
105000070,483,1667,-1184
105000071,259,2174,-1915
105000072,1155,5433,-4278
105000073,1586,1003,583
105000074,713,520,193
105000075,844,576,268
105000076,1159,910,249
105000077,2309,1087,1222
105000078,1197,1882,-685
105000079,1039,3081,-2042
105000080,2375,2131,244
105000081,1612,1514,98
105000082,877,2479,-1602
105000083,2524,4653,-2129
105000084,733,673,60
105000085,3116,2980,136
105000086,804,1192,-388
105000087,1680,2386,-706
105000088,1834,3023,-1189
105000089,2890,1874,1016
105000090,753,776,-23
105000091,1174,1466,-292
105000092,687,1308,-621
105000093,489,663,-174
105000094,313,268,45
105000095,151,1047,-896
105000096,1467,2400,-933
105000097,663,928,-265
105000098,1532,1270,262
105000099,873,1006,-133
105000100,2441,1499,942
105000101,2641,4369,-1728
105000102,2304,4416,-2112
105000103,1718,7664,-5946
105000104,3164,1763,1401
105000105,1550,1702,-152
105000106,2192,1440,752
105000107,2832,1110,1722
105000108,3123,1602,1521
105000109,3366,1403,1963
105000110,1428,591,837
105000111,2038,442,1596
105000112,1687,715,972
105000113,808,927,-119
105000114,2048,1778,270
105000115,463,1978,-1515
105000116,1623,993,630
105000117,874,530,344
105000118,1578,605,973
105000119,864,630,234
105000120,2324,947,1377
105000121,1269,892,377
105000122,689,806,-117
105000123,815,736,79
105000124,3383,712,2671
105000125,1243,1196,47
105000126,3133,1658,1475
105000127,3969,1617,2352
105000128,1016,1259,-243
105000129,1874,278,1596
105000130,216,4596,-4380
105000131,514,244,270
105000132,2077,1182,895
105000133,634,1001,-367
105000134,1947,903,1044
105000135,461,493,-32
105000136,78,115,-37
105000137,756,199,557
105000138,114,77,37
105000139,1099,488,611
105000140,530,410,120
105000141,498,323,175
105000142,421,373,48
105000143,278,512,-234
105000144,339,472,-133
105000145,1197,261,936
105000146,408,774,-366
105000147,924,369,555
105000148,1134,915,219
105000149,4209,3418,791
105000150,1662,1015,647
105000151,945,572,373
105000152,324,455,-131
105000153,1088,742,346
105000154,760,543,217
105000155,412,948,-536
105000156,509,635,-126
105000157,830,1627,-797
105000158,2866,1131,1735
105000159,516,982,-466
105000160,4852,1165,3687
105000161,971,1379,-408
105000162,1035,3582,-2547
105000163,1183,1225,-42
105000164,176,476,-300
105000165,873,11741,-10868
105000166,5246,2014,3232
105000167,1552,4183,-2631
105000168,644,397,247
105000169,1256,148,1108
105000170,452,1670,-1218
105000171,1674,237,1437
105000172,268,40,228
105000173,546,27,519
105000174,172,45,127
105000175,239,113,126
105000176,986,177,809
105000177,668,353,315
105000178,462,383,79
105000179,1702,211,1491
105000180,485,180,305
105000181,409,186,223
105000182,66,59,7
105000183,2672,3799,-1127
105000184,618,1511,-893
105000185,881,1563,-682
105000186,550,721,-171
105000187,1166,315,851
105000188,229,317,-88
105000189,81,765,-684
105000190,298,441,-143
105000191,561,377,184
105000192,625,77,548
105000193,79,245,-166
105000194,796,136,660
105000195,461,1021,-560
105000196,106,308,-202
105000197,273,674,-401
105000198,384,207,177
105000199,88,500,-412
105000200,143,459,-316
105000201,136,92,44
105000203,10,126,-116
105000204,123,66,57
105000205,105,248,-143
105000207,287,142,145
105000208,300,1085,-785
105000209,192,186,6
105000212,1649,557,1092
105000213,76,381,-305
105000214,166,188,-22
105000215,482,178,304
105000216,245,102,143
105000217,355,186,169
105000218,2806,1121,1685
105000221,230,244,-14
105000222,417,304,113
105000223,547,234,313
105000226,184,168,16
105000227,93,157,-64
105000228,157,2764,-2607
105000229,272,903,-631
105000231,621,476,145
105000233,1100,1133,-33
105000234,528,919,-391
105000235,594,723,-129
105000237,1732,112,1620
105000243,106,121,-15
105000248,51,109,-58
105000262,641,587,54
105000269,228,226,2
105000270,885,28,857
105000271,0,195,-195
105000282,61,71,-10
105000287,360,408,-48
105000288,1008,653,355
105000289,978,2446,-1468
105000290,38,18,20
105000402,2403,5511,-3108
105000426,371,736,-365
105000438,1474,1359,115
105000446,15225,5543,9682
105000447,3059,1905,1154
105000454,1238,126,1112
105000455,263,107,156
105000474,184,2,182
105000477,1014,770,244
105000478,3577,7860,-4283
105000479,232,194,38
105000480,6532,9739,-3207
105000481,5732,6697,-965
105000482,2990,4350,-1360
105000483,2241,4760,-2519
105000484,1788,2318,-530
105000485,1540,4472,-2932
105000486,2153,2715,-562
105000488,4081,2401,1680
105000489,1834,974,860
105000549,86,192,-106
105000550,387,1452,-1065
105000551,44,92,-48
105000552,2337,1391,946
105900001,13,2858,-2845
105900002,809,1343,-534
105900003,16,126,-110
105900004,250,90,160
105900005,21,225,-204
105900006,15,140,-125
105900007,81,44,37
105900008,101,248,-147
105900009,60,28,32
105900011,182,87,95
105900012,663,177,486
105900013,2,44,-42
105900014,44,74,-30
105900015,118,1167,-1049
105900016,930,635,295
105900017,2339,56,2283
105900018,201,201,0
105900019,79,476,-397
105900020,70,89,-19
105900021,47,1938,-1891
105900022,394,177,217
105900023,19,368,-349
105900024,17,1405,-1388
105900025,375,12,363
105900026,309,11,298
105900027,22867,6275,16592
105900028,415,831,-416
105900029,2869,422,2447
105900030,244,360,-116
105900031,367,203,164
105900032,154,133,21
105900033,76,90,-14
105900034,385,201,184
105900035,420,183,237
105900036,229,231,-2
105900037,172,34,138
105900038,278,244,34
105900039,208,68,140
105900040,135,82,53
105900041,276,126,150
105900042,119,132,-13
105900043,1788,44,1744
105900044,2,391,-389
105900045,5,1408,-1403
105900046,13,343,-330
105900047,12,95,-83
105900048,171,394,-223
105900050,3766,12608,-8842
105900051,108,1213,-1105
105900052,1085,179,906
105900053,3236,5027,-1791
105900054,210,702,-492
105900056,867,652,215
105900057,13,339,-326
105900058,41,13,28
105900059,1,110,-109
106000001,2544,2784,-240
106000002,953,3703,-2750
106000003,3869,4989,-1120
106000004,1442,2321,-879
106000005,5309,5510,-201
106000006,4857,1840,3017
106000007,672,518,154
106000008,517,390,127
106000009,733,341,392
106000010,619,610,9
106000011,2389,1288,1101
106000012,1365,1039,326
106000013,2603,2318,285
106000014,2340,1399,941
106000015,3400,1504,1896
106000016,1948,1601,347
106000017,811,921,-110
106000018,827,661,166
106000019,660,632,28
106000020,562,338,224
106000021,417,528,-111
106000022,552,190,362
106000023,993,508,485
106000024,772,439,333
106000025,216,257,-41
106000026,70,179,-109
106000027,2496,1996,500
106000028,961,216,745
106000029,1017,723,294
106000030,239,807,-568
106000034,159,362,-203
106000035,1248,2461,-1213
106000036,169,467,-298
106000037,1241,1360,-119
106000038,74,216,-142
106000039,50,193,-143
106000040,99,1080,-981
106000041,882,634,248
106000043,534,364,170
106000046,387,86,301
106000047,31,648,-617
106000049,1432,316,1116
106000050,278,375,-97
106000051,1377,840,537
106000052,146,305,-159
106000053,769,168,601
106000054,411,215,196
106000055,1242,676,566
106000056,333,239,94
106000057,623,247,376
106000058,252,153,99
106000059,587,428,159
106000060,233,314,-81
106000061,246,933,-687
106000062,251,349,-98
106000063,1239,942,297
106000064,30,243,-213
106000065,607,265,342
106000066,164,242,-78
106000067,641,86,555
106000068,137,504,-367
106000069,470,90,380
106000070,552,520,32
106000071,1103,304,799
106000072,3238,1864,1374
106000073,1538,5624,-4086
106000074,882,898,-16
106000075,465,1317,-852
106000076,1841,1673,168
106000077,2889,975,1914
106000078,1959,653,1306
106000079,1205,617,588
106000080,1688,457,1231
106000081,1263,839,424
106000082,2015,589,1426
106000083,638,1366,-728
106000084,1059,536,523
106000085,1765,1618,147
106000086,639,718,-79
106000087,1117,441,676
106000088,423,704,-281
106000089,1510,268,1242
106000090,493,642,-149
106000091,246,341,-95
106000092,1197,273,924
106000093,580,123,457
106000094,92,230,-138
106000095,1522,542,980
106000096,1538,557,981
106000097,1805,602,1203
106000098,1407,740,667
106000099,303,2366,-2063
106000100,1896,272,1624
106000101,1045,1741,-696
106000102,178,3326,-3148
106000103,349,1036,-687
106000104,1198,387,811
106000105,606,639,-33
106000106,1043,310,733
106000107,262,205,57
106000108,550,161,389
106000109,293,167,126
106000110,516,140,376
106000111,304,134,170
106000112,455,870,-415
106000113,976,494,482
106000114,535,1008,-473
106000115,351,364,-13
106000116,524,222,302
106000117,1077,445,632
106000118,1952,1616,336
106000119,1147,598,549
106000120,1560,2126,-566
106000121,474,211,263
106000122,317,107,210
106000123,1149,116,1033
106000124,143,91,52
106000125,64,149,-85
106000126,594,48,546
106000127,1690,527,1163
106000128,1189,132,1057
106000129,771,413,358
106000130,1399,318,1081
106000131,128,862,-734
106000132,698,153,545
106000133,3832,1883,1949
106000134,588,3866,-3278
106000135,133,638,-505
106000136,743,1624,-881
106000137,88,1075,-987
106000138,2694,99,2595
106000139,63,49,14
106000140,79,39,40
106000141,260,37,223
106000142,131,43,88
106000143,21,34,-13
106000144,60,127,-67
106000145,628,147,481
106000146,577,176,401
106000147,456,322,134
106000148,484,570,-86
106000149,1027,303,724
106000150,929,2479,-1550
106000151,3587,848,2739
106000152,1301,3317,-2016
106000153,105,3071,-2966
106000154,2026,159,1867
106000155,166,379,-213
106000156,2340,173,2167
106000157,924,1983,-1059
106000158,2114,888,1226
106000159,2696,2863,-167
106000160,833,5387,-4554
106000161,1222,254,968
106000162,541,1938,-1397
106000163,630,201,429
106000164,1040,346,694
106000165,453,385,68
106000166,1552,242,1310
106000167,601,750,-149
106000168,1215,188,1027
106000169,572,336,236
106000170,1769,250,1519
106000171,290,962,-672
106000172,3598,1519,2079
106000173,1079,2936,-1857
106000174,1936,388,1548
106000175,302,706,-404
106000176,3182,1063,2119
106000177,1274,2054,-780
106000178,3752,1719,2033
106000179,852,1482,-630
106000180,994,791,203
106000181,1951,1625,326
106000182,2543,631,1912
106000183,2699,461,2238
106000184,2351,687,1664
106000185,2020,1776,244
106000186,658,97,561
106000187,113,1424,-1311
106000188,1,3,-2
106000189,37,77,-40
106000190,44,4,40
106000191,768,101,667
106000192,0,25,-25
106000193,506,269,237
106000194,155,497,-342
106000195,666,397,269
106000196,115,831,-716
106000197,1053,439,614
106000198,321,169,152
106000199,964,1548,-584
106000200,393,385,8
106000201,535,6523,-5988
106000202,2592,604,1988
106000203,73,190,-117
106000204,130,14,116
106000205,12,137,-125
106000206,123,47,76
106000207,20,456,-436
106000208,2357,284,2073
106000209,2569,679,1890
106000210,328,663,-335
106000211,201,1301,-1100
106000212,1410,695,715
106000213,201,1255,-1054
106000214,1413,444,969
106000215,415,444,-29
106000216,598,327,271
106000217,301,411,-110
106000218,418,362,56
106000219,173,280,-107
106000220,600,432,168
106000221,453,87,366
106000222,141,55,86
106000223,537,149,388
106000224,435,90,345
106000225,107,183,-76
106000226,87,109,-22
106000228,117,102,15
106000229,85,519,-434
106000231,1473,103,1370
106000232,106,130,-24
106000233,671,101,570
106000234,57,216,-159
106000235,426,138,288
106000236,86,121,-35
106000237,1,20,-19
106000238,7,35,-28
106000239,1,133,-132
106000240,68,1,67
106000241,23,498,-475
106000242,292,56,236
106000249,119,36,83
106000250,130,729,-599
106000251,183,9,174
106000252,29,63,-34
106000253,84,73,11
106000254,108,42,66
106000255,68,192,-124
106000256,74,34,40
106000257,192,261,-69
106000258,162,50,112
106000259,3,61,-58
106000260,22,14,8
106000261,5,57,-52
106000262,114,8,106
106000263,27,22,5
106000264,243,17,226
106000265,20,165,-145
106000266,180,20,160
106000267,15,122,-107
106000268,334,48,286
106000269,24,43,-19
106000270,95,343,-248
106000271,153,121,32
106000272,186,59,127
106000273,29,202,-173
106000274,220,28,192
106000275,315,238,77
106000276,106,30,76
106000277,145,255,-110
106000278,134,36,98
106000279,20,31,-11
106000280,160,47,113
106000281,169,34,135
106000282,130,60,70
106000283,214,47,167
106000284,245,119,126
106000285,163,93,70
106000286,187,164,23
106000287,160,105,55
106000288,147,122,25
106000289,143,99,44
106000290,127,76,51
106000291,143,116,27
106000292,130,56,74
106000293,144,113,31
106000294,162,66,96
106000295,86,63,23
106000296,53,78,-25
106000297,85,281,-196
106000298,112,130,-18
106000299,118,129,-11
106000300,48,150,-102
106000301,68,110,-42
106000303,49,60,-11
106000304,28,39,-11
106000305,123,36,87
106000306,61,45,16
106000307,158,32,126
106000308,51,141,-90
106000309,18,112,-94
106000310,395,244,151
106000311,575,148,427
106000312,173,80,93
106000313,480,158,322
106000318,38,525,-487
106000319,2167,458,1709
106000320,2,54,-52
106000321,187,175,12
106000322,433,61,372
106000324,20,46,-26
106000325,2906,1213,1693
106000326,1300,1365,-65
106000327,291,89,202
106000328,61,147,-86
106000329,150,257,-107
106000330,90,132,-42
106000428,83,205,-122
106000429,182,201,-19
106000430,349,873,-524
106000431,3088,497,2591
106000432,991,2593,-1602
106000433,2979,1532,1447
106000434,4725,1781,2944
106000435,1111,2403,-1292
106000436,41,121,-80
106000437,528,108,420
106000438,395,375,20
106000439,88,520,-432
106000440,241,1581,-1340
106000441,3,1,2
106000442,196,13,183
106000443,454,155,299
106000450,3,79,-76
106000451,15,180,-165
106000454,5,106,-101
106000455,11,146,-135
106000456,99,42,57
106000457,59,408,-349
106000458,1568,52,1516
106000459,481,92,389
106000460,2617,33,2584
106000461,362,263,99
106000462,1,55,-54
106000463,14,3,11
106000464,8,159,-151
106000465,1277,5,1272
106000466,9,253,-244
106000467,187,255,-68
106000468,153,163,-10
106000469,78,0,78
106000470,268,2833,-2565
106000471,6,463,-457
106000472,202,26,176
106000473,66,18,48
106000474,352,361,-9
106000475,522,189,333
106000476,109,230,-121
106000477,42,15,27
106900001,0,35,-35
106900002,2,150,-148
106900003,156,4681,-4525
106900004,0,11,-11
106900006,0,13,-13
106900007,1,25,-24
106900008,852,53,799
106900009,586,166,420
106900010,367,228,139
106900012,1037,3587,-2550
106900013,791,235,556
106900014,75,2,73
106900015,17,1,16
106900016,481,17,464
106900017,26,0,26
106900018,3,1,2
106900019,209,1,208
106900020,5781,2864,2917
106900021,146,140,6
106900022,1665,3,1662
106900023,41,214,-173
106900024,873,87,786
106900025,59,1158,-1099
106900026,0,238,-238
106900027,1454,5,1449
107000001,3937,7792,-3855
107000002,1855,3132,-1277
107000003,10717,8793,1924
107000004,5272,2420,2852
107000005,11343,8706,2637
107000006,4119,1809,2310
107000007,7783,12065,-4282
107000008,6492,3946,2546
107000009,13893,11118,2775
107000010,7735,5471,2264
107000011,943,917,26
107000012,2561,2029,532
107000013,132,54,78
107000014,113,117,-4
107000015,639,350,289
107000016,1339,451,888
107000017,1402,9537,-8135
107000018,26,7224,-7198
107000020,1339,6877,-5538
107000021,1504,578,926
107000022,1320,4262,-2942
107000023,2253,201,2052
107000024,1105,2001,-896
107000025,311,426,-115
107000026,581,432,149
107000027,2373,1091,1282
107000028,1965,651,1314
107000029,5107,4326,781
107000030,3195,1870,1325
107000031,7534,3476,4058
107000032,451,650,-199
107000033,3020,4669,-1649
107000034,8935,1500,7435
107000035,611,275,336
107000036,2241,2015,226
107000037,135,1030,-895
107000038,340,219,121
107000039,1532,1242,290
107000040,487,255,232
107000041,1700,1148,552
107000042,738,2610,-1872
107000043,2316,1259,1057
107000044,335,721,-386
107000045,75,434,-359
107000046,1251,505,746
107000047,653,854,-201
107000048,892,378,514
107000049,656,786,-130
107000050,1279,619,660
107000051,261,350,-89
107000052,1219,1622,-403
107000053,457,546,-89
107000054,62,152,-90
107000055,163,145,18
107000056,534,471,63
107000057,1731,133,1598
107000058,2595,3566,-971
107000059,2455,2879,-424
107000060,7785,7029,756
107000061,5190,2729,2461
107000062,8825,3772,5053
107000063,5105,3060,2045
107000064,7786,4588,3198
107000065,4410,3495,915
107000066,2513,5211,-2698
107000067,1896,2090,-194
107000068,1218,1529,-311
107000069,1505,902,603
107000070,1530,9,1521
107000071,5994,86,5908
107000072,26,1296,-1270
107000073,1536,855,681
107000074,141,640,-499
107000075,3181,747,2434
107000076,386,973,-587
107000077,5495,1543,3952
107000078,1244,1801,-557
107000079,4413,1443,2970
107000080,851,2074,-1223
107000081,4175,724,3451
107000082,769,587,182
107000083,2298,984,1314
107000084,401,969,-568
107000085,4026,4246,-220
107000086,3612,2932,680
107000087,4513,3410,1103
107000088,3746,3538,208
107000089,2660,3175,-515
107000090,1780,977,803
107000091,2392,1308,1084
107000092,1368,877,491
107000093,2072,1298,774
107000094,1151,991,160
107000095,1520,714,806
107000096,695,645,50
107000097,550,320,230
107000098,226,398,-172
107000099,598,582,16
107000100,300,403,-103
107000101,175,278,-103
107000102,181,353,-172
107000103,363,306,57
107000104,191,276,-85
107000105,605,157,448
107000106,161,158,3
107000107,909,132,777
107000108,175,338,-163
107000109,1264,166,1098
107000110,93,265,-172
107000111,755,47,708
107000112,47,168,-121
107000113,1024,114,910
107000114,129,248,-119
107000115,1187,443,744
107000116,155,498,-343
107000117,263,1730,-1467
107000118,102,97,5
107000119,1887,1949,-62
107000120,868,797,71
107000121,1428,688,740
107000122,1138,762,376
107000123,829,573,256
107000124,901,576,325
107000125,1825,532,1293
107000126,1498,285,1213
107000127,12,244,-232
107000129,220,123,97
107000130,410,356,54
107000131,505,339,166
107000132,764,367,397
107000133,608,304,304
107000134,417,3,414
107000135,3,687,-684
107000136,784,2,782
107000137,9,950,-941
107000138,281,38,243
107000139,10,1233,-1223
107000140,2557,119,2438
107000141,138,960,-822
107000142,750,109,641
107000143,61,689,-628
107000144,781,920,-139
107000145,201,357,-156
107000146,270,507,-237
107000147,5187,834,4353
107000150,504,5285,-4781
107000151,41,95,-54
107000152,998,3120,-2122
107000153,64,311,-247
107000154,19,551,-532
107000155,1589,14,1575
107000156,2359,19,2340
107000157,106,494,-388
107000158,1214,18,1196
107000159,32,366,-334
107000160,2517,308,2209
107000161,112,369,-257
107000162,372,994,-622
107000163,259,1,258
107000164,1492,3,1489
107000165,2291,25,2266
107000166,16,326,-310
107000167,1401,284,1117
107000168,1370,787,583
107000169,723,488,235
107000170,5292,1044,4248
107000171,780,916,-136
107000172,2399,2428,-29
107000173,594,582,12
107000174,1683,8973,-7290
107000175,4807,1135,3672
107000176,3,0,3
107000177,8,1,7
107000178,74,6,68
107000179,481,1043,-562
107000180,2741,193,2548
107000181,655,726,-71
107000182,2956,559,2397
107000183,316,497,-181
107000184,2180,516,1664
107000185,551,1176,-625
107000186,1952,453,1499
107000187,1578,1279,299
107000188,949,528,421
107000189,1092,937,155
107000190,1093,678,415
107000191,1207,1095,112
107000192,2469,581,1888
107000193,706,698,8
107000194,996,647,349
107000197,1341,338,1003
107000198,498,467,31
107000199,1742,861,881
107000200,1151,1072,79
107000201,621,747,-126
107000202,581,584,-3
107000203,829,2419,-1590
107000204,919,2601,-1682
107000205,1528,968,560
107000206,651,2323,-1672
107000207,796,1871,-1075
107000208,697,794,-97
107000209,990,1586,-596
107000210,170,251,-81
107000211,2,64,-62
107000212,23,250,-227
107000213,11,35,-24
107000214,27,96,-69
107000215,819,193,626
107000216,852,533,319
107000217,237,124,113
107000219,102,440,-338
107000220,279,106,173
107000222,349,406,-57
107000224,1189,126,1063
107000225,180,309,-129
107000226,1140,127,1013
107000227,99,109,-10
107000228,573,516,57
107000229,71,129,-58
107000230,1266,520,746
107000231,575,2408,-1833
107000232,157,12,145
107000233,300,1484,-1184
107000234,5,111,-106
107000235,173,15,158
107000236,10,601,-591
107000237,72,1,71
107000238,37,2,35
107000239,5662,820,4842
107000240,58,829,-771
107000241,74,13,61
107000242,377,51,326
107000243,0,76,-76
107000244,10,67,-57
107000246,3,1034,-1031
107000249,1,948,-947
107000251,1,242,-241
107000252,0,381,-381
107000255,165,243,-78
107000257,4,529,-525
107000258,14,180,-166
107000259,6,126,-120
107000260,2747,22,2725
107000262,9,218,-209
107000263,852,6,846
107000266,13,21,-8
107000267,53,79,-26
107000268,151,91,60
107000269,109,11,98
107000270,111,39,72
107000271,0,0,0
107000272,62,1,61
107000273,16,780,-764
107000274,891,2182,-1291
107000275,28,7440,-7412
107000280,1905,52,1853
107000281,48,303,-255
107000282,91,376,-285
107000290,57,71,-14
107000291,18,10,8
107000292,0,839,-839
107000293,17,9,8
107000294,0,77,-77
107000295,56,2,54
107000296,0,24,-24
107000444,348,3,345
107000496,4,9,-5
107000497,1363,1318,45
107000500,762,388,374
107000501,118,208,-90
107000502,235,355,-120
107000505,236,819,-583
107000506,0,4,-4
107000508,1,174,-173
107000509,224,1067,-843
107000510,68,49,19
107000514,51,573,-522
107000515,19,77,-58
107000516,812,433,379
107000518,2142,3763,-1621
107000519,1600,623,977
107000520,158,78,80
107900001,263,110,153
107900002,88,8,80
107900003,533,7,526
107900004,329,1,328
107900005,3269,19,3250
107900006,335,9,326
107900007,732,60,672
107900008,64,8,56
107900009,176,17,159
107900010,66,14,52
107900012,482,133,349
107900013,317,10,307
107900014,199,14,185
107900015,2437,24,2413
107900016,401,111,290
107900017,108,3,105
107900018,138,403,-265
107900019,24,20,4
107900020,33,36,-3
107900021,229,64,165
107900023,2,1,1
107900024,0,7,-7
107900025,331,186,145
107900026,103,22,81
107900027,25,118,-93
107900028,206,73,133
107900030,295,45,250
107900031,108,107,1
107900032,26,18,8
107900033,25,8,17
107900034,499,32,467
107900035,2514,131,2383
107900036,92,63,29
107900037,0,12,-12
107900038,58,469,-411
107900039,60,24,36
107900040,15,364,-349
107900041,4,2,2
107900043,71,93,-22
107900044,23,12,11
107900045,140,101,39
107900046,398,319,79
107900047,84,18,66
107900048,415,67,348
107900049,398,1608,-1210
107900050,52,221,-169
107900051,115,64,51
107900052,9,62,-53
107900053,121,85,36
107900055,884,381,503
107900056,170,171,-1
107900057,5,0,5
107900058,39,526,-487
107900060,16,29,-13
107900061,4,19,-15
107900063,126,159,-33
107900064,362,564,-202
107900065,584,24,560
107900066,33,5,28
107900067,2,0,2
107900068,154,1520,-1366
107900069,24,4129,-4105
107900070,238,191,47
107900071,30,338,-308
107900072,315,81,234
107900073,190,97,93
107900074,190,377,-187
107900076,271,73,198
107900077,155,12,143
107900078,238,128,110
107900079,24,22,2
107900080,185,1199,-1014
107900081,138,57,81
107900082,2,2,0
107900083,523,209,314
107900084,236,204,32
107900086,44,300,-256
107900087,204,123,81
107900088,188,42,146
107900089,272,961,-689
107900090,1017,3598,-2581
107900091,134,125,9
107900092,1542,239,1303
107900093,80,48,32
107900095,1423,2107,-684
107900097,38,84,-46
107900098,113,260,-147
107900100,1080,2123,-1043
107900101,453,70,383
107900102,100,5,95
107900103,91,115,-24
107900104,362,5,357
107900105,0,185,-185
107900106,5,508,-503
107900107,1428,494,934
107900108,140,77,63
107900109,3050,81,2969
107900110,139,26,113
107900111,6,256,-250
107900112,82,683,-601
107900113,347,91,256
107900114,422,82,340
107900115,1,15,-14
107900116,467,67,400
107900117,319,101,218
107900118,101,134,-33
107900119,148,402,-254
107900120,84,47,37
107900121,1,138,-137
107900122,2,392,-390
107900123,23,84,-61
107900124,13,69,-56
107900125,28,261,-233
107900126,30,66,-36
107900127,495,353,142
107900128,125,64,61
107900129,188,19,169
107900130,159,11,148
107900131,140,875,-735
107900132,124,269,-145
107900133,0,33,-33
107900134,40,155,-115
107900135,5,104,-99
107900136,20,42,-22
107900137,141,114,27
107900138,155,35,120
107900139,93,46,47
107900140,90,40,50
107900141,20,45,-25
107900142,44,471,-427
107900143,27,10,17
107900144,1,87,-86
107900145,16,80,-64
107900146,54,163,-109
107900147,43,44,-1
107900148,205,117,88
107900149,544,118,426
107900150,54,231,-177
107900151,52,41,11
107900152,11,100,-89
107900153,100,468,-368
107900154,55,30,25
107900155,95,47,48
107900156,8,70,-62
107900157,21,60,-39
107900158,1730,43,1687
107900159,18,285,-267
107900160,234,72,162
107900161,75,63,12
107900162,2,94,-92
107900163,44,86,-42
107900164,48,27,21
107900165,8,230,-222
107900166,69,76,-7
107900167,17,105,-88
107900168,89,16,73
107900169,0,99,-99
107900171,2,283,-281
107900172,16,174,-158
107900173,61,42,19
107900174,243,8,235
107900175,239,75,164
107900176,91,14,77
107900177,1,251,-250
107900178,1,62,-61
107900179,27,67,-40
107900180,332,1575,-1243
107900181,337,283,54
107900182,2,457,-455
107900183,121,44,77
107900184,224,137,87
107900185,244,5,239
107900186,31,38,-7
107900187,0,257,-257
107900188,313,123,190
107900189,31,85,-54
107900190,49,190,-141
107900191,106,84,22
107900193,8,97,-89
107900194,331,22,309
107900195,678,232,446
107900196,125,28,97
107900197,311,546,-235
107900199,2,368,-366
107900201,106,48,58
107900203,36,24,12
107900204,166,245,-79
107900205,280,320,-40
107900206,597,738,-141
107900207,1,267,-266
107900208,28,172,-144
107900209,204,144,60
107900210,50,31,19
107900213,414,489,-75
107900214,13,40,-27
107900215,100,560,-460
107900216,52,48,4
107900217,47,68,-21
107900218,40,2648,-2608
107900219,50,27,23
107900220,80,248,-168
107900221,119,123,-4
107900223,177,127,50
107900224,87,589,-502
107900225,17,416,-399
107900226,37,79,-42
107900227,125,225,-100
107900228,58,77,-19
107900229,0,70,-70
107900230,51,16,35
107900231,60,66,-6
107900232,251,68,183
107900233,32,61,-29
107900234,227,133,94
107900235,22,165,-143
107900236,421,36,385
107900237,19,211,-192
107900238,54,24,30
107900239,287,809,-522
107900240,62,37,25
107900241,13,36,-23
107900242,43,61,-18
107900243,1,45,-44
107900244,526,8,518
107900245,1127,62,1065
107900246,349,23,326
107900248,1003,132,871
107900249,1619,128,1491
107900250,3,276,-273
107900251,47,714,-667
107900252,1300,52,1248
107900253,415,17,398
107900254,87,297,-210
107900255,214,99,115
107900256,590,2322,-1732
107900257,539,200,339
107900258,176,85,91
107900259,65,4419,-4354
107900261,0,115,-115
107900262,51,48,3
107900264,572,28,544
107900265,250,144,106
107900267,511,15,496
107900268,12,4,8
107900269,0,6,-6
107900270,0,1,-1
107900271,5,40,-35
107900272,36,57,-21
107900273,106,73,33
107900274,191,1,190
107900275,57,0,57
107900276,1,40,-39
107900277,0,76,-76
107900278,603,143,460
107900279,49,84,-35
107900280,3120,1685,1435
107900281,685,7973,-7288
107900282,19,1262,-1243
107900283,807,1218,-411
107900284,1117,300,817
107900285,221,37,184
107900286,61,45,16
107900287,501,237,264
107900290,2,500,-498
107900291,802,26,776
107900292,140,51,89
107900293,140,188,-48
107900295,84,11,73
107900297,4,306,-302
107900298,689,374,315
107900299,1837,3674,-1837
107900300,139,455,-316
107900301,976,1146,-170
107900302,129,48,81
107900303,437,212,225
107900304,720,155,565
107900305,534,43,491
107900306,18,87,-69
107900307,23,215,-192
107900308,261,249,12
107900309,78,0,78
107900310,79,0,79
107900311,2,779,-777
107900312,69,1,68
107900313,2,307,-305
107900314,2,149,-147
107900315,0,86,-86
107900316,36,2,34
107900317,131,6,125
107900318,6,204,-198
107900319,15,57,-42
107900320,3,81,-78
107900321,250,7,243
107900322,3,24,-21
107900323,6,78,-72
107900324,191,1,190
107900325,152,3,149
107900326,559,80,479
107900327,4,206,-202
107900328,48,0,48
107900329,106,265,-159
107900330,20,106,-86
107900331,678,25,653
107900332,741,18,723
107900333,87,34,53
107900334,16,46,-30
107900335,32,27,5
107900336,35,70,-35
107900337,564,1560,-996
107900338,2,90,-88
107900339,2,11,-9
107900340,1,70,-69
107900341,85,1,84
107900342,132,48,84
107900343,23,1,22
107900344,12,119,-107
107900345,105,13,92
107900346,36,3,33
107900347,1,3,-2
107900348,1,1,0
107900349,47,4,43
107900350,9,211,-202
108000001,5143,4593,550
108000002,2099,1563,536
108000003,4119,4630,-511
108000004,11297,11854,-557
108000005,9596,7509,2087
108000006,4637,5282,-645
108000007,6931,5601,1330
108000008,3849,4489,-640
108000009,6677,6576,101
108000010,3090,3654,-564
108000011,15946,13946,2000
108000012,10217,10303,-86
108000014,718,1729,-1011
108000015,1191,185,1006
108000016,462,624,-162
108000017,1659,436,1223
108000018,2567,872,1695
108000019,1249,1419,-170
108000020,1617,612,1005
108000021,312,1717,-1405
108000022,496,1082,-586
108000023,2478,386,2092
108000024,446,252,194
108000025,663,226,437
108000026,1177,197,980
108000027,1184,232,952
108000028,1072,172,900
108000029,1080,273,807
108000030,706,169,537
108000031,229,561,-332
108000032,2956,755,2201
108000033,832,578,254
108000034,2595,611,1984
108000035,673,1430,-757
108000036,371,768,-397
108000037,3158,431,2727
108000038,5161,625,4536
108000039,535,1174,-639
108000040,2967,1489,1478
108000041,660,1784,-1124
108000042,480,165,315
108000043,230,170,60
108000044,1219,162,1057
108000045,343,172,171
108000046,2305,384,1921
108000047,479,560,-81
108000048,203,218,-15
108000049,1323,237,1086
108000050,111,338,-227
108000051,549,330,219
108000052,133,351,-218
108000053,584,393,191
108000054,481,1072,-591
108000055,1661,1061,600
108000056,557,1567,-1010
108000057,857,2047,-1190
108000058,2674,6269,-3595
108000059,2158,1409,749
108000060,298,661,-363
108000061,156,175,-19
108000062,1552,784,768
108000063,663,325,338
108000064,442,248,194
108000065,721,343,378
108000066,2045,1109,936
108000067,2547,1003,1544
108000068,1088,520,568
108000069,235,593,-358
108000070,3222,843,2379
108000071,680,1162,-482
108000072,2348,1062,1286
108000073,982,1010,-28
108000074,1151,556,595
108000075,436,495,-59
108000076,1358,606,752
108000077,637,408,229
108000078,3541,1083,2458
108000079,533,865,-332
108000080,2327,505,1822
108000081,721,727,-6
108000082,553,1290,-737
108000083,2553,965,1588
108000084,499,737,-238
108000085,1711,598,1113
108000086,437,373,64
108000087,224,3091,-2867
108000088,470,7,463
108000089,571,427,144
108000090,745,233,512
108000091,320,320,0
108000092,264,77,187
108000093,357,386,-29
108000094,1341,79,1262
108000095,263,245,18
108000096,713,232,481
108000097,185,258,-73
108000098,2918,1049,1869
108000099,408,107,301
108000100,116,322,-206
108000101,2086,2015,71
108000102,1976,4787,-2811
108000106,1102,1,1101
108000107,3,1217,-1214
108000108,1002,101,901
108000109,16,815,-799
108000110,601,408,193
108000111,298,495,-197
108000112,60,285,-225
108000113,398,142,256
108000115,438,343,95
108000117,792,785,7
108000118,43,400,-357
108000119,686,272,414
108000120,225,913,-688
108000121,416,320,96
108000122,967,419,548
108000123,903,186,717
108000124,555,524,31
108000125,969,127,842
108000126,388,255,133
108000127,982,184,798
108000128,1112,215,897
108000129,584,342,242
108000130,841,223,618
108000131,862,516,346
108000132,740,761,-21
108000133,1638,586,1052
108000134,572,313,259
108000135,1850,826,1024
108000136,278,479,-201
108000137,765,184,581
108000138,882,511,371
108000139,839,336,503
108000140,477,16,461
108000141,51,49,2
108000142,84,35,49
108000143,83,16,67
108000144,156,12,144
108000145,76,10,66
108000146,184,21,163
108000147,51,23,28
108000148,135,42,93
108000149,38,13,25
108000150,79,8,71
108000151,7,29,-22
108000152,153,215,-62
108000153,1030,144,886
108000154,58,2,56
108000155,46,21,25
108000156,418,190,228
108000157,268,2265,-1997
108000158,111,1201,-1090
108000159,209,257,-48
108000160,1678,1427,251
108000161,2007,6381,-4374
108000165,12,536,-524
108000172,3,547,-544
108000173,738,3033,-2295
108000175,637,147,490
108000178,481,458,23
108000179,198,1328,-1130
108000181,119,28,91
108000182,102,16,86
108000183,20,55,-35
108000184,666,4066,-3400
108000185,382,218,164
108000186,406,64,342
108000187,149,190,-41
108000188,1433,153,1280
108000189,505,2169,-1664
108000190,46,95,-49
108000192,387,186,201
108000193,642,18,624
108000194,28,4,24
108000195,4,790,-786
108000196,327,149,178
108000198,823,63,760
108000199,0,356,-356
108000200,905,222,683
108000202,4,527,-523
108000203,216,220,-4
108000204,272,110,162
108000205,139,212,-73
108000339,1079,511,568
108000364,93,311,-218
108000365,119,274,-155
108000367,255,233,22
108000368,14,65,-51
108000369,270,124,146
108000371,2,516,-514
108000372,1068,3,1065
108000373,284,75,209
108000376,184,39,145
108000377,899,104,795
108000378,11607,16295,-4688
108000379,117,172,-55
108000381,223,4,219
108000382,62,0,62
108000383,0,196,-196
108900001,37,335,-298
108900002,279,109,170
108900003,197,658,-461
108900004,65,764,-699
108900005,79,704,-625
108900006,1154,192,962
108900007,533,135,398
108900008,283,85,198
108900009,223,152,71
108900010,580,109,471
108900011,1098,328,770
108900012,679,299,380
108900013,206,242,-36
108900014,51,104,-53
108900015,1,288,-287
108900016,3,239,-236
108900017,202,701,-499
108900018,239,401,-162
108900019,68,500,-432
108900020,59,124,-65
108900021,167,147,20
108900022,168,30,138
108900023,2,61,-59
108900024,97,32,65
108900025,317,57,260
108900026,16,62,-46
108900027,0,12,-12
108900028,204,77,127
108900029,127,195,-68
108900030,0,19,-19
108900031,278,137,141
108900032,3,124,-121
108900033,0,85,-85
108900034,0,53,-53
108900035,288,403,-115
108900036,133,219,-86
108900037,54,129,-75
108900038,0,71,-71
108900039,0,67,-67
108900040,15,51,-36
108900041,3742,4244,-502
108900042,6,430,-424
108900043,92,319,-227
108900044,2,109,-107
108900045,173,165,8
108900046,30,206,-176
108900047,0,113,-113
108900048,159,284,-125
108900049,1366,3144,-1778
108900050,3,60,-57
108900051,0,87,-87
108900052,50,93,-43
108900053,104,528,-424
108900054,76,126,-50
108900055,27,399,-372
108900056,7,51,-44
108900057,4,55,-51
108900058,61,138,-77
108900059,1164,82,1082
108900060,124,258,-134
108900061,68,19,49
108900062,1,153,-152
108900063,23,146,-123
108900064,543,13,530
108900065,5,118,-113
108900066,722,184,538
108900067,26,126,-100
108900068,0,38,-38
108900069,153,9,144
108900070,34,49,-15
108900071,183,51,132
108900072,1752,508,1244
108900073,8,25,-17
108900074,577,76,501
108900075,31,20,11
108900076,803,76,727
108900077,74,73,1
108900078,109,56,53
108900079,306,177,129
108900080,21,1781,-1760
108900081,63,208,-145
108900082,137,35,102
108900083,32,429,-397
108900084,233,140,93
108900085,1153,146,1007
108900086,338,79,259
108900087,51,154,-103
108900088,1168,521,647
108900089,14,249,-235
108900090,132,92,40
108900091,156,38,118
108900092,752,333,419
108900093,199,123,76
108900094,317,151,166
108900095,40,193,-153
108900096,228,16,212
108900097,408,89,319
108900098,1232,1885,-653
108900099,717,88,629
108900100,94,108,-14
108900101,322,526,-204
108900102,41,1804,-1763
108900103,105,228,-123
108900104,94,317,-223
108900105,7,3085,-3078
108900106,674,126,548
108900108,469,34,435
108900109,51,48,3
108900110,334,144,190
108900111,728,204,524
108900112,535,26,509
108900113,50,107,-57
108900114,2,9,-7
108900115,337,130,207
108900116,147,17,130
108900117,310,19,291
108900118,1116,37,1079
108900119,637,56,581
108900120,244,251,-7
108900121,558,168,390
108900122,380,36,344
108900123,319,131,188
108900124,1178,363,815
108900125,936,9,927
108900126,227,73,154
108900127,361,37,324
108900128,305,74,231
108900129,1761,299,1462
108900130,754,5,749
108900131,621,15,606
108900132,912,62,850
108900133,478,72,406
108900134,1200,193,1007
108900135,502,11,491
108900136,40,4,36
108900137,413,4,409
108900138,1531,97,1434
108900139,1006,119,887
108900140,746,75,671
108900141,1044,30,1014
108900142,171,6,165
108900143,174,1,173
108900144,175,0,175
108900145,444,29,415
108900146,324,2,322
108900147,402,0,402
108900148,56,31,25
108900149,530,246,284
108900150,448,10,438
108900151,65,32,33
108900152,235,281,-46
108900153,338,81,257
108900154,7514,451,7063
108900155,531,76,455
108900156,193,8,185
108900157,26,305,-279
108900158,787,54,733
108900159,5,80,-75
108900160,38,132,-94
108900161,5,132,-127
108900162,250,1,249
108900163,5,524,-519
108900164,107,31,76
108900165,91,48,43
108900167,912,14136,-13224
108900168,3986,3241,745
108900169,83,168,-85
108900171,2830,4803,-1973
108900172,247,64,183
108900173,97,401,-304
108900174,1623,471,1152
108900176,188,323,-135
108900177,4913,11501,-6588
108900178,2344,6253,-3909
108900179,549,3025,-2476
108900180,103,434,-331
108900182,44,684,-640
108900183,127,188,-61
108900184,797,282,515
108900185,172,540,-368
108900186,123,366,-243
108900187,945,43,902
108900188,1176,70,1106
108900189,554,91,463
108900190,54,1506,-1452
108900191,200,107,93
108900192,145,166,-21
108900193,35,47,-12
108900194,9,468,-459
108900195,116,79,37
108900196,65,263,-198
108900198,4,181,-177
108900199,260,282,-22
108900200,938,557,381
108900201,408,918,-510
108900203,672,116,556
108900204,541,22,519
108900205,407,55,352
108900206,657,110,547
108900207,300,275,25
108900208,16,262,-246
108900209,174,476,-302
108900210,121,170,-49
108900211,219,1037,-818
108900212,266,2571,-2305
108900215,100,385,-285
108900216,293,464,-171
108900217,120,0,120
108900218,70,18,52
108900219,116,18,98
108900220,71,41,30
108900221,29,148,-119
108900222,468,14,454
108900223,1,71,-70
108900224,41,204,-163
108900225,1,216,-215
108900226,606,42,564
108900227,274,578,-304
108900230,101,177,-76
108900231,7,131,-124
108900232,2,101,-99
108900233,830,187,643
108900234,455,213,242
108900235,160,355,-195
108900236,39,414,-375
108900237,65,96,-31
108900240,232,131,101
108900241,100,82,18
108900245,20,2934,-2914
108900249,157,32,125
108900250,540,222,318
108900257,409,173,236
108900258,4,112,-108
108900259,27,28,-1
108900260,9,19,-10
108900261,59,43,16
108900262,95,80,15
108900263,34,104,-70
108900264,133,271,-138
108900265,1395,878,517
108900266,207,1818,-1611
108900267,3,350,-347
108900268,7,44,-37
108900269,191,32,159
108900270,257,10,247
108900271,64,26,38
108900272,564,32,532
108900273,236,1785,-1549
108900274,134,28,106
109000001,4012,3070,942
109000002,865,3314,-2449
109000003,4313,553,3760
109000004,599,2427,-1828
109000005,3170,597,2573
109000006,899,1920,-1021
109000007,3005,785,2220
109000008,838,1637,-799
109000009,4617,1620,2997
109000010,1030,2737,-1707
109000011,5747,3267,2480
109000012,2374,2633,-259
109000013,6131,6128,3
109000014,2419,2794,-375
109000015,4879,14375,-9496
109000016,5360,2716,2644
109000017,4280,1511,2769
109000018,1616,2079,-463
109000019,3818,1577,2241
109000020,1151,1675,-524
109000023,459,18,441
109000024,8,232,-224
109000025,448,872,-424
109000026,495,337,158
109000027,196,467,-271
109000028,94,62,32
109000029,152,582,-430
109000030,32,358,-326
109000031,346,197,149
109000032,121,421,-300
109000033,684,303,381
109000034,91,83,8
109000035,13,77,-64
109000036,53,492,-439
109000037,500,3581,-3081
109000038,375,382,-7
109000039,1637,1528,109
109000040,3764,18929,-15165
109000041,1740,3612,-1872
109000042,626,1805,-1179
109000044,499,141,358
109000045,113,446,-333
109000046,710,158,552
109000047,76,360,-284
109000048,778,446,332
109000049,249,479,-230
109000050,402,358,44
109000051,227,189,38
109000052,743,417,326
109000053,612,121,491
109000054,567,357,210
109000055,452,567,-115
109000056,471,326,145
109000057,1256,734,522
109000058,437,163,274
109000059,251,1557,-1306
109000060,220,626,-406
109000061,450,3026,-2576
109000062,234,510,-276
109000063,323,164,159
109000064,567,223,344
109000065,397,114,283
109000066,585,52,533
109000067,148,187,-39
109000068,838,3,835
109000069,926,21,905
109000070,82,1632,-1550
109000071,698,81,617
109000072,212,296,-84
109000073,93,115,-22
109000074,23,174,-151
109000075,76,285,-209
109000076,113,377,-264
109000077,263,143,120
109000078,76,167,-91
109000079,156,55,101
109000080,342,71,271
109000081,182,270,-88
109000082,1461,181,1280
109000083,413,460,-47
109000088,278,271,7
109000089,416,160,256
109000090,153,366,-213
109000091,724,273,451
109000092,289,336,-47
109000093,520,335,185
109000094,1509,5,1504
109000095,247,262,-15
109000096,1528,267,1261
109000097,82,51,31
109000098,56,162,-106
109000099,1119,260,859
109000100,438,544,-106
109000101,2539,659,1880
109000102,767,675,92
109000103,880,578,302
109000104,3392,506,2886
109000105,688,995,-307
109000106,2930,845,2085
109000107,829,1275,-446
109000108,3482,801,2681
109000109,668,1007,-339
109000110,2078,727,1351
109000111,843,2145,-1302
109000112,440,147,293
109000113,333,133,200
109000114,229,291,-62
109000115,1379,23,1356
109000116,12,371,-359
109000117,397,31,366
109000118,14,280,-266
109000119,2577,110,2467
109000120,581,409,172
109000121,1082,30,1052
109000122,290,311,-21
109000123,39,55,-16
109000124,1277,201,1076
109000125,1440,250,1190
109000126,700,389,311
109000127,2229,235,1994
109000128,848,685,163
109000129,4234,899,3335
109000130,499,797,-298
109000131,1500,1093,407
109000132,631,1422,-791
109000133,345,555,-210
109000134,765,893,-128
109000135,792,1685,-893
109000136,342,232,110
109000137,475,432,43
109000138,706,200,506
109000139,1155,341,814
109000140,288,187,101
109000141,979,315,664
109000142,190,642,-452
109000143,176,61,115
109000145,96,284,-188
109000146,52,86,-34
109000148,1772,3263,-1491
109000149,36,148,-112
109000150,63,428,-365
109000155,1431,1013,418
109000156,1190,443,747
109000158,180,312,-132
109000159,198,560,-362
109000160,2123,273,1850
109000161,815,936,-121
109000162,3340,498,2842
109000163,2078,1303,775
109000164,2054,1882,172
109000165,2299,439,1860
109000166,1780,140,1640
109000167,164,277,-113
109000170,37,68,-31
109000171,157,55,102
109000172,29,53,-24
109000173,41,116,-75
109000174,206,44,162
109000175,73,79,-6
109000176,655,175,480
109000177,31,91,-60
109000178,753,48,705
109000179,2893,7703,-4810
109000180,4244,5097,-853
109000181,15,8,7
109000182,58,9,49
109000183,80,7,73
109000184,51,8,43
109000185,64,15,49
109000188,779,878,-99
109000189,3908,663,3245
109000190,1078,525,553
109000191,519,434,85
109000192,838,95,743
109000193,500,117,383
109000194,476,25,451
109000195,257,120,137
109000196,454,60,394
109000197,257,224,33
109000198,544,55,489
109000199,291,256,35
109000206,449,39,410
109000207,330,50,280
109000208,221,206,15
109000209,172,71,101
109000210,127,462,-335
109000211,487,256,231
109000214,699,202,497
109000215,207,73,134
109000216,451,472,-21
109000217,262,221,41
109000218,320,361,-41
109000221,252,627,-375
109000222,1032,270,762
109000223,679,437,242
109000224,122,34,88
109000225,248,47,201
109000226,123,128,-5
109000227,2566,568,1998
109000228,5,2036,-2031
109000231,0,130,-130
109000232,983,142,841
109000236,467,503,-36
109000241,2310,1250,1060
109000242,1606,732,874
109000293,27,76,-49
109000361,116,224,-108
109000364,267,336,-69
109000396,1,264,-263
109000397,1238,25,1213
109000399,141,309,-168
109000400,130,196,-66
109000403,75,1890,-1815
109000406,533,17,516
109000407,452,151,301
109000408,0,567,-567
109000410,1151,244,907
109000411,332,26,306
109900001,241,2,239
109900002,1482,33,1449
109900003,487,0,487
109900004,406,102,304
109900005,52,3,49
109900006,681,363,318
109900007,1935,147,1788
109900008,1,20,-19
109900009,203,294,-91
109900010,1050,33,1017
109900011,81,74,7
109900012,516,262,254
109900013,513,179,334
109900014,609,85,524
109900015,368,138,230
109900016,162,13,149
109900017,297,317,-20
109900018,355,24,331
109900019,491,37,454
109900020,90,29,61
109900021,77,10,67
109900022,100,269,-169
109900023,63,8,55
109900024,39,0,39
109900025,16,12,4
109900026,17,205,-188
109900027,46,34,12
109900028,404,2265,-1861
109900029,10,159,-149
109900030,67,10,57
109900031,1,634,-633
109900032,12,236,-224
109900033,3,416,-413
109900034,111,4,107
109900035,64,38,26
109900036,38,50,-12
109900037,8,359,-351
109900038,134,290,-156
109900039,5,0,5
109900040,61,305,-244
109900041,116,235,-119
109900042,36,2790,-2754
109900044,125,132,-7
109900045,95,150,-55
109900046,45,64,-19
109900047,176,253,-77
109900048,0,58,-58
109900049,20,25,-5
109900050,2,80,-78
109900051,0,5,-5
109900052,84,167,-83
109900053,2,109,-107
109900054,1580,256,1324
109900055,135,189,-54
109900056,47,460,-413
109900057,2,62,-60
109900058,0,48,-48
109900059,1787,138,1649
109900060,1171,115,1056
109900061,61,223,-162
109900062,0,58,-58
109900063,21,439,-418
109900064,869,207,662
109900065,119,94,25
109900066,259,467,-208
109900067,0,80,-80
109900068,114,14,100
109900069,6,19,-13
109900070,51,127,-76
109900071,2,20,-18
109900072,34,87,-53
109900073,761,168,593
109900074,31,18,13
109900075,47,31,16
109900076,15,66,-51
109900077,68,18,50
109900078,123,193,-70
109900080,139,146,-7
109900081,20,201,-181
109900082,79,158,-79
109900083,22,71,-49
109900084,82,89,-7
109900085,183,282,-99
109900086,170,1056,-886
109900087,112,546,-434
109900089,1130,206,924
109900090,324,679,-355
109900091,743,65,678
109900092,390,59,331
109900093,1784,205,1579
109900094,104,55,49
109900095,77,248,-171
109900096,205,13,192
109900097,182,6,176
109900098,994,48,946
109900099,675,1,674
109900100,71,1,70
109900101,1156,6,1150
109900102,763,33,730
109900103,73,55,18
109900104,1539,142,1397
109900105,860,44,816
109900106,518,44,474
109900107,1656,75,1581
109900108,339,401,-62
109900109,50,676,-626
109900110,100,187,-87
109900111,135,352,-217
109900112,166,239,-73
109900113,1153,833,320
109900114,960,1789,-829
109900115,280,99,181
109900117,1924,125,1799
109900118,222,243,-21
109900119,320,430,-110
109900120,105,27,78
109900121,409,503,-94
109900122,976,6,970
109900123,19,81,-62
109900124,97,179,-82
109900125,1,227,-226
109900126,633,30,603
109900128,551,39,512
109900130,3262,4054,-792
109900131,29,165,-136
109900132,37,148,-111
109900133,170,169,1
109900134,77,139,-62
109900135,275,38,237
109900136,64,99,-35
109900137,220,164,56
109900138,662,237,425
109900140,363,95,268
109900141,1064,229,835
109900142,2437,274,2163
109900145,8,915,-907
109900146,213,52,161
109900148,16,71,-55
109900149,29,65,-36
109900150,13,47,-34
109900151,30,37,-7
109900152,2,18,-16
109900153,0,41,-41
109900154,39,0,39
109900155,105,28,77
109900157,111,154,-43
109900158,69,163,-94
109900159,240,93,147
109900160,198,59,139
109900161,312,108,204
109900162,365,179,186
109900163,295,314,-19
109900164,58,277,-219
109900165,676,10,666
109900166,1,94,-93
109900167,284,229,55
109900168,325,371,-46
109900169,301,158,143
109900170,290,2189,-1899
109900171,404,87,317
109900172,403,408,-5
109900173,1327,3936,-2609
109900174,81,126,-45
109900175,187,81,106
109900176,219,94,125
109900177,96,98,-2
109900178,2,394,-392
109900179,24,39,-15
109900180,6,17,-11
110000001,716,524,192
110000002,711,860,-149
110000003,853,835,18
110000004,541,823,-282
110000005,383,2347,-1964
110000006,282,255,27
110000007,277,122,155
110000008,20,168,-148
110000009,51,37,14
110000010,72,102,-30
110000011,75,41,34
110000012,952,259,693
110000013,168,1180,-1012
110000014,636,426,210
110000015,314,816,-502
110000016,388,2072,-1684
110000017,4648,411,4237
110000018,3034,321,2713
110000019,13,147,-134
110000020,822,225,597
110000021,219,723,-504
110000022,1594,212,1382
110000023,14,191,-177
110000024,581,756,-175
110000025,761,2,759
110000026,6,202,-196
110000027,718,1878,-1160
110000028,1267,642,625
110000029,646,660,-14
110000030,539,522,17
110000031,448,332,116
110000032,1209,339,870
110000033,289,297,-8
110000034,879,706,173
110000035,1002,406,596
110000036,1663,808,855
110000037,302,737,-435
110000038,414,1006,-592
110000039,1127,7367,-6240
110000040,380,273,107
110000041,500,2603,-2103
110000042,148,948,-800
110000043,959,509,450
110000044,52,2130,-2078
110000045,245,430,-185
110000046,2,66,-64
110000047,20,316,-296
110000048,25,70,-45
110000049,28,32,-4
110000050,9,139,-130
110000051,30,15,15
110000052,38,46,-8
110000053,31,7,24
110000054,206,2422,-2216
110000055,341,265,76
110000056,76,227,-151
110000057,431,716,-285
110000058,1358,621,737
110000059,1198,581,617
110000060,1542,1163,379
110000061,773,738,35
110000062,880,999,-119
110000063,82,281,-199
110000064,132,73,59
110000065,206,178,28
110000066,153,33,120
110000067,96,180,-84
110000068,526,103,423
110000069,778,57,721
110000071,567,62,505
110000073,58,16,42
110000075,25,107,-82
110000076,416,484,-68
110000077,280,1123,-843
110000078,111,22,89
110000080,221,531,-310
110000081,51,248,-197
110000082,35,356,-321
110000083,267,385,-118
110000084,1893,1420,473
110000085,973,1310,-337
110000086,1415,3454,-2039
110000087,21,56,-35
110000088,176,282,-106
110000089,518,60,458
110000090,121,343,-222
110000091,815,237,578
110000092,40,43,-3
110000093,69,25,44
110000094,427,187,240
110000095,233,833,-600
110000096,1243,2614,-1371
110000097,1133,2272,-1139
110000098,2568,896,1672
110000099,938,1646,-708
110000100,2318,142,2176
110000101,78,83,-5
110000102,155,45,110
110000104,644,264,380
110000105,45,201,-156
110000106,763,712,51
110000107,115,370,-255
110000108,244,115,129
110000109,198,312,-114
110000110,2185,4910,-2725
110000111,3932,3985,-53
110000112,275,1353,-1078
110000113,86,3340,-3254
110000114,459,873,-414
110000115,550,373,177
110000116,143,80,63
110000117,541,285,256
110000118,1141,146,995
110000119,550,261,289
110000120,689,192,497
110000121,91,434,-343
110000122,340,352,-12
110000123,849,758,91
110000124,2,671,-669
110000125,1404,8,1396
110000126,430,39,391
110000127,2026,84,1942
110000128,54,745,-691
110000129,2,284,-282
110000130,364,370,-6
110000131,62,288,-226
110000132,1,408,-407
110000133,50,447,-397
110000134,42,441,-399
110000135,269,57,212
110000136,182,253,-71
110000137,1010,380,630
110000138,1308,512,796
110000139,1835,485,1350
110000140,1247,1216,31
110000143,639,308,331
110000144,2748,3401,-653
110000145,1974,2702,-728
110000146,1982,2327,-345
110000147,693,1279,-586
110000148,1084,259,825
110000151,755,2179,-1424
110000152,699,591,108
110000153,447,22,425
110000154,105,48,57
110000155,1262,3838,-2576
110000156,983,2677,-1694
110000157,1679,3635,-1956
110000160,495,377,118
110000161,253,195,58
110000166,1187,67,1120
110000167,1703,720,983
110000168,1515,763,752
110000169,1332,354,978
110000170,275,59,216
110000171,955,102,853
110000172,300,577,-277
110000173,629,631,-2
110000174,234,528,-294
110000175,1715,115,1600
110000176,106,959,-853
110000177,325,1633,-1308
110000178,537,2873,-2336
110000179,1849,325,1524
110000180,377,240,137
110000181,1131,457,674
110000182,402,146,256
110000183,7931,11670,-3739
110000184,379,3997,-3618
110000185,728,1193,-465
110000186,817,789,28
110000191,1875,135,1740
110000192,935,17,918
110000193,1860,27,1833
110000194,10,483,-473
110000195,901,86,815
110000196,845,112,733
110000197,242,35,207
110000198,65,28,37
110000199,131,166,-35
110000200,683,286,397
110000201,1515,1685,-170
110000202,1510,665,845
110000203,358,407,-49
110000204,7,186,-179
110000205,313,78,235
110000206,434,505,-71
110000207,1916,542,1374
110000208,322,586,-264
110000209,69,3826,-3757
110000210,2120,465,1655
110000211,930,2654,-1724
110000212,730,1581,-851
110000213,498,70,428
110000214,709,58,651
110000215,248,147,101
110000216,137,138,-1
110000217,753,149,604
110000218,291,138,153
110000219,752,54,698
110000220,75,108,-33
110000221,820,13,807
110000222,102,269,-167
110000223,1,209,-208
110000224,8,4,4
110000225,302,933,-631
110000226,427,65,362
110000227,995,1665,-670
110000228,397,96,301
110000229,0,73,-73
110000230,554,2552,-1998
110000231,232,280,-48
110000232,235,209,26
110000233,174,354,-180
110000234,539,2225,-1686
110000235,1373,1254,119
110000236,1171,689,482
110000237,3098,4133,-1035
110000238,1199,1772,-573
110000239,2801,1062,1739
110000240,2,24,-22
110000242,0,34,-34
110000243,225,51,174
110000244,128,2151,-2023
110000245,15,608,-593
110000246,1291,434,857
110000247,1307,3882,-2575
110000248,1383,1406,-23
110000249,158,6,152
110000250,19,167,-148
110000251,654,256,398
110000252,727,254,473
110000253,2148,464,1684
110000254,868,581,287
110000255,230,674,-444
110000256,535,247,288
110000257,529,293,236
110000258,6,342,-336
110000259,361,16,345
110000260,48,96,-48
110000263,753,85,668
110000264,661,364,297
110000265,1857,2728,-871
110000266,1370,3443,-2073
110000267,50,183,-133
110000268,365,398,-33
110000269,4,96,-92
110000270,208,31,177
110000271,1593,318,1275
110000272,1495,1453,42
110000273,1850,1846,4
110000274,289,3424,-3135
110000275,1778,870,908
110000276,471,812,-341
110000277,417,302,115
110000278,660,570,90
110000279,1257,789,468
110000280,914,625,289
110000281,79,378,-299
110000282,259,20,239
110000283,24,128,-104
110000284,17,16,1
110000285,2,814,-812
110000286,3,0,3
110000287,156,4,152
110000288,5,91,-86
110000289,618,4030,-3412
110000290,517,791,-274
110000291,3692,900,2792
110000292,1222,9057,-7835
110000293,940,529,411
110000294,1797,1522,275
110000295,254,699,-445
110000296,941,322,619
110000297,3543,233,3310
110000298,178,380,-202
110000299,93,94,-1
110000301,567,40,527
110000302,479,605,-126
110000303,828,16,812
110000304,289,160,129
110000305,2377,39,2338
110000306,560,754,-194
110000307,3037,35,3002
110000308,912,5,907
110000309,4,531,-527
110000310,1435,29,1406
110000311,10,515,-505
110000312,701,92,609
110000313,2326,2152,174
110000314,2,181,-179
110000315,2251,2978,-727
110000316,647,1208,-561
110000317,231,2269,-2038
110000318,2,41,-39
110000319,13,38,-25
110000320,62,97,-35
110000321,15,48,-33
110000322,321,384,-63
110000323,915,229,686
110000324,2550,1536,1014
110000325,2208,5384,-3176
110000327,540,436,104
110000328,181,563,-382
110000333,1572,1474,98
110000334,585,1411,-826
110000335,938,617,321
110000336,680,1013,-333
110000337,2656,902,1754
110000338,789,230,559
110000339,708,341,367
110000340,34,195,-161
110000341,765,316,449
110000342,170,5,165
110000343,0,9,-9
110000344,199,247,-48
110000345,313,533,-220
110000346,2109,2124,-15
110000347,1879,824,1055
110000348,26,24,2
110000349,8,19,-11
110000350,194,6,188
110000351,2144,746,1398
110000352,1013,2180,-1167
110000353,6775,432,6343
110000354,1347,5025,-3678
110000355,219,71,148
110000356,1040,19,1021
110000357,859,14,845
110000361,52,18,34
110000362,139,22,117
110000363,1076,92,984
110000364,432,362,70
110000365,254,0,254
110000366,2,124,-122
110000367,698,265,433
110000368,44,146,-102
110000369,144,4,140
110000373,6,225,-219
110000374,139,41,98
110000375,102,1136,-1034
110000376,31,339,-308
110000377,116,571,-455
110000378,18,607,-589
110000379,4133,3031,1102
110000380,95,1,94
110000383,1,1301,-1300
110000384,704,440,264
110000385,1,326,-325
110000387,126,2,124
110000388,80,185,-105
110000389,1428,25,1403
110000391,1364,97,1267
110000396,356,58,298
110000397,266,44,222
110000398,4,24,-20
110000399,240,1,239
110000587,221,163,58
110000589,304,105,199
110000640,254,20,234
110000652,10,794,-784
110000653,298,276,22
110000654,16,720,-704
110000656,2,274,-272
110000674,86,48,38
110000675,32,94,-62
110000676,14,85,-71
110000679,98,1279,-1181
110000682,104,212,-108
110000683,321,494,-173
110000684,2,121,-119
110000685,14,17,-3
110000686,5,171,-166
110000687,41,25,16
110000688,98,1893,-1795
110000689,33,15,18
110000692,14,375,-361
110000693,24,668,-644
110000694,0,98,-98
110000695,161,805,-644
110000696,69,79,-10
110900001,468,18,450
110900002,455,609,-154
110900003,1607,228,1379
110900004,843,69,774
110900005,1521,5435,-3914
110900006,65,51,14
110900007,310,89,221
110900008,12,20,-8
110900009,568,284,284
110900010,11,45,-34
110900011,40,77,-37
110900012,10,32,-22
110900013,1666,126,1540
110900014,342,32,310
110900015,329,1067,-738
110900016,84,43,41
110900017,767,40,727
110900018,642,86,556
110900019,432,45,387
110900020,294,83,211
110900021,138,263,-125
110900022,77,87,-10
110900023,128,879,-751
110900024,24,171,-147
110900025,12,46,-34
110900027,58,165,-107
110900028,54,94,-40
110900029,18,134,-116
110900030,34,95,-61
110900031,0,133,-133
110900032,0,51,-51
110900033,30,192,-162
110900035,10,746,-736
110900036,169,4,165
110900037,182,42,140
110900038,1458,164,1294
110900039,16,367,-351
110900040,455,49,406
110900041,26,53,-27
110900042,217,68,149
110900043,3,49,-46
110900044,302,22,280
110900045,75,161,-86
110900046,29,96,-67
110900047,510,602,-92
110900049,219,164,55
110900050,24,3,21
110900051,45,93,-48
110900052,13,106,-93
110900053,226,25,201
110900054,67,194,-127
110900055,21,1,20
110900056,34,124,-90
110900057,16,48,-32
110900058,497,131,366
110900059,536,166,370
110900060,581,263,318
110900061,8,63,-55
110900062,309,98,211
110900063,91,98,-7
110900064,25,0,25
110900065,83,152,-69
110900066,12,41,-29
110900067,179,758,-579
110900068,367,124,243
110900069,10,13,-3
110900070,232,71,161
110900071,160,1302,-1142
110900073,0,42,-42
110900074,781,126,655
110900075,696,72,624
110900077,2000,520,1480
110900078,158,13,145
110900079,911,1876,-965
110900080,214,86,128
110900081,19,18,1
110900082,229,58,171
110900083,181,70,111
110900084,117,22,95
110900085,158,213,-55
110900086,132,422,-290
110900087,548,118,430
110900088,8,1,7
110900090,100,110,-10
110900091,3,34,-31
110900093,242,235,7
110900095,120,42,78
110900097,34,14,20
110900098,52,84,-32
110900099,83,445,-362
110900100,0,6,-6
110900102,113,14,99
110900105,3090,194,2896
110900108,26,31,-5
110900111,774,141,633
110900112,1011,14,997
110900113,325,83,242
110900115,17,78,-61
110900116,1634,703,931
110900118,82,5351,-5269
110900119,1357,138,1219
110900120,97,37,60
110900121,187,3,184
110900122,889,288,601
110900125,628,695,-67
110900127,494,1695,-1201
110900128,167,362,-195
110900129,205,1229,-1024
110900130,275,617,-342
110900131,458,273,185
110900132,764,149,615
110900133,93,369,-276
110900135,50,224,-174
110900136,561,16,545
110900137,23,1,22
110900138,457,2076,-1619
110900139,4,771,-767
110900140,25,2,23
110900141,5,487,-482
110900142,92,108,-16
110900143,335,82,253
110900144,0,194,-194
110900145,232,167,65
110900146,134,425,-291
110900147,74,1614,-1540
110900148,2,157,-155
110900149,6,54,-48
110900150,40,34,6
110900151,13,164,-151
110900152,41,71,-30
110900153,277,90,187
111000001,1036,669,367
111000002,336,367,-31
111000003,2347,1309,1038
111000004,861,919,-58
111000005,2095,2144,-49
111000006,1242,2336,-1094
111000007,7633,5279,2354
111000008,3290,3923,-633
111000009,344,759,-415
111000010,1663,420,1243
111000011,162,679,-517
111000012,225,471,-246
111000013,427,917,-490
111000014,1845,633,1212
111000017,69,880,-811
111000018,146,411,-265
111000020,501,1378,-877
111000021,87,106,-19
111000023,159,71,88
111000025,4198,4971,-773
111000029,69,126,-57
111000030,32,91,-59
111000031,2942,940,2002
111000032,997,370,627
111000033,600,201,399
111000034,69,280,-211
111000037,1264,490,774
111000038,2687,2225,462
111000039,1789,2380,-591
111000040,1875,1628,247
111000041,574,625,-51
111000042,2165,2333,-168
111000043,3007,6900,-3893
111000044,2744,1283,1461
111000045,4234,3459,775
111000046,3137,2484,653
111000047,4193,7917,-3724
111000049,485,475,10
111000050,1060,743,317
111000051,582,748,-166
111000052,607,1094,-487
111000053,340,689,-349
111000054,381,689,-308
111000055,1735,1260,475
111000056,302,298,4
111000057,211,337,-126
111000058,934,76,858
111000059,1215,310,905
111000060,6328,942,5386
111000061,1185,344,841
111000062,1549,526,1023
111000063,2032,1167,865
111000064,1562,559,1003
111000065,1881,963,918
111000066,1098,496,602
111000067,1244,400,844
111000068,693,660,33
111000069,1725,1705,20
111000070,608,552,56
111000071,323,293,30
111000072,1763,746,1017
111000073,353,1733,-1380
111000074,2437,1975,462
111000075,932,673,259
111000076,805,1497,-692
111000077,1623,1252,371
111000078,2358,1063,1295
111000079,1145,769,376
111000080,949,631,318
111000081,1914,6243,-4329
111000082,1311,502,809
111000084,1331,628,703
111000085,1351,1088,263
111000086,3984,880,3104
111000087,1034,414,620
111000088,12699,4291,8408
111000089,961,658,303
111000090,696,1058,-362
111000091,1075,349,726
111000092,2381,675,1706
111000093,1197,1229,-32
111000094,2488,1437,1051
111000095,985,3291,-2306
111000096,908,10296,-9388
111000097,3057,1204,1853
111000098,439,872,-433
111000099,566,1097,-531
111000100,623,764,-141
111000101,482,726,-244
111000102,476,673,-197
111000104,1220,219,1001
111000107,125,819,-694
111000109,1320,334,986
111000110,2345,701,1644
111000111,5115,561,4554
111000112,3520,584,2936
111000113,1045,2725,-1680
111000114,1934,5637,-3703
111000115,3704,1196,2508
111000116,1201,906,295
111000117,330,806,-476
111000118,919,628,291
111000119,1886,774,1112
111000120,832,626,206
111000121,475,693,-218
111000122,564,850,-286
111000123,1274,1583,-309
111000124,457,1610,-1153
111000125,437,637,-200
111000126,146,473,-327
111000127,1963,152,1811
111000128,4253,355,3898
111000129,4930,591,4339
111000130,4257,527,3730
111000131,4109,575,3534
111000132,3481,1956,1525
111000133,393,112,281
111000134,267,96,171
111000135,124,177,-53
111000136,514,436,78
111000138,38,8,30
111000140,1,3,-2
111000141,231,428,-197
111000142,24,255,-231
111000143,6,367,-361
111000144,59,2187,-2128
111000145,176,20,156
111000146,131,26,105
111000147,151,34,117
111000148,243,102,141
111000149,5,27,-22
111000150,49,4,45
111000151,1,17,-16
111000153,646,588,58
111000154,511,228,283
111000155,261,184,77
111000156,987,561,426
111000157,254,1016,-762
111000158,1416,1246,170
111000159,6325,1359,4966
111000160,771,561,210
111000161,22,792,-770
111000162,13,110,-97
111000163,1192,889,303
111000164,494,3500,-3006
111000165,703,232,471
111000166,700,187,513
111000167,154,274,-120
111000168,283,333,-50
111000169,463,373,90
111000170,349,323,26
111000171,583,623,-40
111000172,303,366,-63
111000173,302,719,-417
111000174,436,133,303
111000175,81,1379,-1298
111000176,604,60,544
111000177,1027,114,913
111000178,2517,209,2308
111000179,518,137,381
111000180,410,499,-89
111000181,3027,148,2879
111000182,343,124,219
111000183,454,262,192
111000184,405,188,217
111000185,644,286,358
111000186,474,212,262
111000187,210,120,90
111000188,579,263,316
111000189,399,474,-75
111000190,229,204,25
111000191,218,144,74
111000192,215,166,49
111000193,324,149,175
111000194,94,213,-119
111000195,105,204,-99
111000196,63,130,-67
111000197,781,103,678
111000198,838,62,776
111000199,470,163,307
111000200,1010,267,743
111000201,1291,125,1166
111000202,626,144,482
111000203,583,322,261
111000204,553,1580,-1027
111000213,345,560,-215
111000214,1774,862,912
111000215,1172,1046,126
111000217,2322,796,1526
111000218,1925,1148,777
111000219,267,200,67
111000220,988,1007,-19
111000221,288,232,56
111000224,1,167,-166
111000225,427,142,285
111000226,116,3,113
111000227,28,4,24
111000228,15,978,-963
111000229,42,1900,-1858
111000230,383,135,248
111000231,1598,261,1337
111000232,1161,470,691
111000233,2167,679,1488
111000234,233,1015,-782
111000239,77,78,-1
111000240,139,428,-289
111000241,69,128,-59
111000242,472,62,410
111000243,197,250,-53
111000244,1200,104,1096
111000245,1419,221,1198
111000246,922,155,767
111000247,920,317,603
111000248,1008,337,671
111000249,830,207,623
111000250,59,53,6
111000251,174,75,99
111000253,59,27,32
111000255,119,10,109
111000257,133,23,110
111000260,73,645,-572
111000261,2310,144,2166
111000271,24,308,-284
111000273,4069,1274,2795
111000274,2062,3545,-1483
111000275,229,53,176
111000276,352,829,-477
111000277,301,278,23
111000278,638,225,413
111000291,1616,15178,-13562
111000298,688,225,463
111000299,1009,242,767
111000300,66,483,-417
111000302,485,93,392
111000303,131,131,0
111000312,28,69,-41
111000315,1,58,-57
111000320,143,338,-195
111000321,699,254,445
111000322,574,190,384
111000323,525,38,487
111000324,559,175,384
111000325,113,84,29
111000326,303,209,94
111000327,532,336,196
111000328,467,630,-163
111000329,0,23,-23
111000330,143,7,136
111000331,19,3,16
111000332,621,1336,-715
111000334,302,760,-458
111000335,1995,265,1730
111000337,2625,166,2459
111000338,120,77,43
111000339,1450,125,1325
111000340,324,292,32
111000341,2497,988,1509
111000342,74,808,-734
111000344,1631,609,1022
111000345,147,88,59
111000346,23,335,-312
111000347,318,16,302
111000350,214,97,117
111000351,183,265,-82
111000352,324,158,166
111000353,252,176,76
111000354,688,258,430
111000355,401,736,-335
111000358,209,461,-252
111000360,329,159,170
111000361,250,75,175
111000546,1204,342,862
111000547,681,251,430
111000548,337,376,-39
111000549,440,200,240
111000550,53,1271,-1218
111000551,457,164,293
111000552,543,261,282
111000907,334,9,325
111000908,73,0,73
111000916,3029,186,2843
111000917,48,363,-315
111000918,391,262,129
111000920,896,12,884
111000921,8,90,-82
111000922,1121,204,917
111000924,50,317,-267
111000925,4830,2582,2248
111000926,1188,931,257
111000927,3488,6329,-2841
111000928,3405,1655,1750
111000929,2952,1810,1142
111000930,1038,1313,-275
111000931,3049,3093,-44
111000932,2737,1428,1309
111000933,4183,4457,-274
111000934,1540,2293,-753
111000935,3446,1413,2033
111000936,1360,1369,-9
111000937,1568,2043,-475
111000938,1383,850,533
111000939,1086,31,1055
111000940,992,45,947
111000941,583,233,350
111000943,1076,335,741
111000944,199,131,68
111000945,269,743,-474
111001109,802,1148,-346
111001110,280,433,-153
111001111,178,15,163
111001112,127,20,107
111001113,0,157,-157
111001114,768,158,610
111001115,30,1896,-1866
111001116,2246,7760,-5514
111001117,355,3251,-2896
111001120,148,379,-231
111001121,126,139,-13
111001122,110,122,-12
111001123,338,95,243
111900001,47,54,-7
111900002,97,182,-85
111900003,11,147,-136
111900004,25,29,-4
111900006,46,42,4
111900007,350,17,333
111900008,545,9,536
111900009,397,47,350
111900010,132,288,-156
111900012,46,66,-20
111900013,15,21,-6
111900014,2220,8922,-6702
111900015,0,23,-23
111900016,0,15,-15
111900017,0,24,-24
111900018,285,27,258
111900019,3,169,-166
111900020,8,30,-22
111900021,16,89,-73
111900022,3,18,-15
111900023,38,30,8
111900024,0,53,-53
111900025,0,35,-35
111900026,1,29,-28
111900027,1,58,-57
111900028,2,101,-99
111900029,6,34,-28
111900030,21,373,-352
111900031,130,79,51
111900032,0,83,-83
111900033,9,52,-43
111900034,70,351,-281
111900035,119,133,-14
111900036,0,54,-54
111900038,91,348,-257
111900039,51,169,-118
111900040,1,155,-154
111900042,19,89,-70
111900043,1,129,-128
111900044,72,197,-125
111900046,20,69,-49
111900048,702,246,456
111900049,32,151,-119
111900050,137,34,103
111900051,11,123,-112
111900052,108,249,-141
111900053,471,3603,-3132
111900054,195,3,192
111900055,10,218,-208
111900056,135,619,-484
111900057,211,9,202
111900058,1199,288,911
111900059,1869,1062,807
111900060,329,5,324
111900061,2,91,-89
111900062,49,126,-77
111900063,247,144,103
111900064,37,87,-50
111900065,263,33,230
111900066,257,175,82
111900067,601,380,221
111900068,58,81,-23
111900069,130,35,95
111900070,342,130,212
111900071,0,129,-129
111900072,81,47,34
111900073,1981,256,1725
111900074,7,134,-127
111900075,196,26,170
111900076,525,128,397
111900077,64,14,50
111900078,626,95,531
111900079,97,77,20
111900080,92,235,-143
111900081,474,295,179
111900082,361,74,287
111900083,316,59,257
111900084,363,26,337
111900085,54,155,-101
111900086,120,18,102
111900087,187,8,179
111900088,967,35,932
111900089,275,15,260
111900090,97,84,13
111900091,923,33,890
111900092,295,2,293
111900093,904,12,892
111900094,317,4,313
111900095,672,55,617
111900096,515,21,494
111900097,124,0,124
111900098,555,3,552
111900099,170,0,170
111900100,232,10,222
111900101,160,19,141
111900102,1024,295,729
111900103,73,157,-84
111900104,188,83,105
111900105,364,632,-268
111900106,441,29,412
111900107,48,103,-55
111900108,84,358,-274
111900109,136,743,-607
111900110,1185,274,911
111900111,401,39,362
111900112,369,7207,-6838
111900113,264,96,168
111900114,134,88,46
111900115,11,14,-3
111900118,423,144,279
111900119,535,227,308
111900122,81,134,-53
111900123,9,20,-11
111900124,42,22,20
111900125,1020,86,934
111900126,667,8,659
111900127,0,152,-152
111900128,8,167,-159
111900129,453,15,438
111900130,369,109,260
111900131,1070,10,1060
111900132,22,342,-320
111900133,7,146,-139
111900134,3,113,-110
111900135,13,79,-66
111900136,83,192,-109
111900137,36,50,-14
111900138,20,42,-22
111900139,28,40,-12
111900140,234,54,180
111900141,133,27,106
111900142,87,26,61
111900143,53,32,21
111900144,12,20,-8
111900145,2,106,-104
111900146,1,61,-60
111900147,20,203,-183
111900148,7,310,-303
111900149,7,165,-158
111900150,37,75,-38
111900151,0,32,-32
111900152,66,134,-68
111900153,467,1281,-814
111900154,44,1014,-970
111900155,134,201,-67
111900156,126,130,-4
111900157,428,28,400
111900158,1173,179,994
111900159,657,89,568
111900160,613,2,611
111900161,630,1,629
111900162,163,400,-237
111900163,27,138,-111
111900164,86,65,21
111901113,1078,34,1044
111901114,420,200,220
111901115,296,4,292
111901116,86,5,81
111901117,32,121,-89
111901118,45,748,-703
111901119,225,83,142
111901120,35,80,-45
111901121,38,59,-21
111901122,1,140,-139
111901123,599,85,514
111901124,565,8,557
111901125,1078,277,801
111901126,267,164,103
111901127,286,1729,-1443
111901128,37,71,-34
111901129,0,100,-100
111901130,7,71,-64
111901131,1,147,-146
111901132,165,48,117
111901133,131,1,130
111901134,265,9,256
111901135,82,37,45
111901136,51,83,-32
111901137,1,56,-55
111901138,55,29,26
111901139,3,24,-21
111901140,8,49,-41
111901141,5,76,-71
111901142,1,48,-47
111901143,1,166,-165
111901144,42,73,-31
112000001,3557,1064,2493
112000002,1002,1937,-935
112000003,4017,1392,2625
112000004,997,366,631
112000005,5884,5421,463
112000006,1169,807,362
112000007,7924,4791,3133
112000008,4692,6447,-1755
112000009,3253,1746,1507
112000010,5899,8129,-2230
112000011,1715,1416,299
112000012,6466,9794,-3328
112000013,2218,6158,-3940
112000014,1573,6015,-4442
112000015,1912,4942,-3030
112000016,3892,6831,-2939
112000017,706,9266,-8560
112000024,2374,544,1830
112000026,2321,1933,388
112000027,978,940,38
112000028,982,1137,-155
112000029,1294,1334,-40
112000030,206,26,180
112000031,2263,6595,-4332
112000032,173,37,136
112000033,1748,5830,-4082
112000034,156,54,102
112000035,61,1647,-1586
112000036,385,2732,-2347
112000037,1225,2735,-1510
112000038,1716,3849,-2133
112000039,154,75,79
112000040,38,161,-123
112000041,347,424,-77
112000042,1036,323,713
112000050,1808,1638,170
112000051,1748,3483,-1735
112000054,1622,1686,-64
112000057,1382,556,826
112000058,391,534,-143
112000059,602,797,-195
112000061,4860,1225,3635
112000062,869,2459,-1590
112000063,288,4559,-4271
112000064,3608,4462,-854
112000065,1340,2377,-1037
112000066,4223,2113,2110
112000067,607,589,18
112000068,4367,3829,538
112000069,681,2077,-1396
112000070,2497,1192,1305
112000071,1460,2054,-594
112000072,3755,1155,2600
112000073,1712,2714,-1002
112000074,1435,1551,-116
112000075,1577,1850,-273
112000076,3901,2692,1209
112000077,1532,522,1010
112000078,3398,1116,2282
112000079,3168,1562,1606
112000080,1499,1229,270
112000081,1332,2185,-853
112000082,1754,840,914
112000083,1084,1157,-73
112000084,1947,683,1264
112000085,2026,1624,402
112000086,2527,1558,969
112000087,857,314,543
112000088,1303,322,981
112000089,578,570,8
112000090,829,604,225
112000091,760,571,189
112000092,3642,1000,2642
112000093,1875,517,1358
112000094,1011,787,224
112000095,1142,536,606
112000096,965,594,371
112000097,2889,931,1958
112000098,698,462,236
112000099,1146,2622,-1476
112000100,3329,686,2643
112000101,762,350,412
112000102,2740,489,2251
112000103,501,495,6
112000105,477,604,-127
112000106,3220,394,2826
112000107,45,217,-172
112000108,537,1668,-1131
112000109,142,103,39
112000110,2650,660,1990
112000111,768,9299,-8531
112000112,3684,1092,2592
112000113,1474,3823,-2349
112000114,3637,1318,2319
112000115,575,392,183
112000116,788,797,-9
112000117,1408,723,685
112000118,1001,842,159
112000119,512,634,-122
112000120,87,206,-119
112000121,191,316,-125
112000122,512,135,377
112000123,1256,99,1157
112000124,944,86,858
112000125,432,412,20
112000126,627,219,408
112000127,2523,4574,-2051
112000128,724,1045,-321
112000129,152,92,60
112000130,464,172,292
112000131,74,135,-61
112000132,372,246,126
112000133,573,131,442
112000134,801,436,365
112000135,1838,1317,521
112000136,1154,4820,-3666
112000137,2210,13913,-11703
112000138,1199,5941,-4742
112000139,843,1095,-252
112000140,363,1056,-693
112000141,1755,688,1067
112000142,174,374,-200
112000143,1954,219,1735
112000144,257,744,-487
112000145,4121,537,3584
112000146,679,939,-260
112000147,3694,2055,1639
112000148,1127,1822,-695
112000149,806,562,244
112000150,491,254,237
112000151,458,186,272
112000152,1161,367,794
112000153,164,158,6
112000154,388,461,-73
112000155,180,215,-35
112000157,549,1392,-843
112000158,406,225,181
112000159,1513,249,1264
112000167,723,295,428
112000169,210,732,-522
112000173,1858,357,1501
112000175,773,449,324
112000176,1221,1709,-488
112000177,1710,530,1180
112000178,102,273,-171
112000179,498,135,363
112000180,509,230,279
112000181,1529,1139,390
112000182,2767,566,2201
112000183,35,16,19
112000184,759,222,537
112000185,1495,269,1226
112000187,8483,5583,2900
112000195,290,21,269
112000196,276,2,274
112000197,135,261,-126
112000198,33,451,-418
112000199,99,625,-526
112000202,863,3,860
112000216,77,180,-103
112000230,196,1,195
112000231,2,80,-78
112000256,123,438,-315
112000313,37,90,-53
112000314,122,81,41
112000337,251,688,-437
112000352,181,403,-222
112000392,3098,1165,1933
112000398,2757,855,1902
112000399,1564,8361,-6797
112000400,2781,1193,1588
112000401,1817,1190,627
112000402,6017,7673,-1656
112000403,1864,8140,-6276
112000404,2104,1903,201
112000405,4139,4280,-141
112000406,2571,1134,1437
112000407,13705,11095,2610
112000408,7866,3142,4724
112000409,1617,2080,-463
112000410,555,522,33
112000411,3195,2233,962
112000412,729,525,204
112000413,4532,11365,-6833
112000414,226,44,182
112000415,162,45,117
112000416,5431,1481,3950
112000417,514,109,405
112000421,102,46,56
112000422,546,138,408
112000424,1470,4970,-3500
112000425,584,307,277
112000426,316,340,-24
112000427,2,21,-19
112000428,535,127,408
112000429,3063,2566,497
112000430,3511,4908,-1397
112000431,206,227,-21
112000432,574,455,119
112000433,471,547,-76
112000437,94,131,-37
112900001,110,5,105
112900002,1047,413,634
112900003,129,130,-1
112900004,122,67,55
112900005,431,57,374
112900006,54,135,-81
112900007,61,107,-46
112900008,1,124,-123
112900009,796,244,552
112900010,962,284,678
112900011,48,159,-111
112900012,14,9,5
112900013,6,363,-357
112900014,11,130,-119
112900015,139,658,-519
112900016,8,104,-96
112900017,66,99,-33
112900018,1,63,-62
112900019,22,263,-241
112900020,290,960,-670
112900021,1,90,-89
112900022,30,28,2
112900023,0,41,-41
112900024,23,116,-93
112900025,69,134,-65
112900026,11,45,-34
112900027,7,224,-217
112900028,10,83,-73
112900029,9,83,-74
112900030,62,64,-2
112900031,5,162,-157
112900032,365,234,131
112900034,19,32,-13
112900035,2,129,-127
112900036,17,182,-165
112900037,302,254,48
112900038,1235,125,1110
112900039,9,163,-154
112900040,15,1763,-1748
112900041,603,1426,-823
112900042,205,261,-56
112900043,80,79,1
112900044,282,384,-102
112900045,161,206,-45
112900046,110,103,7
112900047,13,57,-44
112900049,546,76,470
112900050,19,671,-652
112900051,196,376,-180
112900052,7,274,-267
112900053,122,290,-168
112900054,343,62,281
112900055,127,85,42
112900056,646,339,307
112900057,21,174,-153
112900058,466,490,-24
112900059,228,511,-283
112900060,74,53,21
112900061,248,186,62
112900062,110,156,-46
112900063,36,19,17
112900064,39,231,-192
112900065,24,55,-31
112900066,352,442,-90
112900067,315,129,186
112900068,49,101,-52
112900069,2357,1673,684
112900071,65,15,50
112900072,638,6009,-5371
112900073,495,298,197
112900074,185,533,-348
112900075,1030,2121,-1091
112900076,65,47,18
112900078,456,852,-396
112900079,375,14,361
112900080,246,12,234
112900081,91,576,-485
112900082,901,84,817
112900083,361,213,148
112900084,524,410,114
112900085,0,5,-5
112900086,186,2,184
112900087,2431,304,2127
112900088,392,11,381
112900089,1526,46,1480
112900090,273,142,131
112900091,521,35,486
112900092,105,831,-726
112900093,1902,53,1849
112900094,189,3,186
112900095,131,5,126
112900096,1080,310,770
112900097,205,252,-47
112900098,185,1,184
112900099,1633,43,1590
112900100,200,2,198
112900101,649,9,640
112900102,162,25,137
112900103,305,21,284
112900104,27,0,27
112900105,57,0,57
112900106,552,189,363
112900107,9,1,8
112900108,14,0,14
112900109,378,1,377
112900110,2590,44,2546
112900111,1404,10,1394
112900112,480,1,479
112900113,0,8,-8
112900114,526,50,476
112900115,2894,16,2878
112900116,214,20,194
112900117,71,44,27
112900118,10,132,-122
112900119,341,6,335
112900120,607,369,238
112900121,36,119,-83
112900122,10,59,-49
112900123,293,51,242
112900124,16,45,-29
112900125,18,495,-477
112900126,143,137,6
112900127,626,210,416
112900128,94,724,-630
112900129,3,473,-470
112900130,284,204,80
112900131,39,1734,-1695
112900132,109,530,-421
112900133,20,1555,-1535
112900134,1,300,-299
112900135,110,67,43
112900136,0,6,-6
112900137,4,360,-356
112900138,9,135,-126
112900139,74,733,-659
112900140,1,28,-27
112900141,1236,67,1169
112900142,83,434,-351
112900143,9,275,-266
112900144,2,111,-109
112900145,14,362,-348
112900146,4,430,-426
112900147,1,441,-440
112900148,83,5,78
112900149,438,215,223
112900151,1,34,-33
112900152,4192,513,3679
112900153,471,4399,-3928
112900154,0,26,-26
112900155,207,16,191
112900156,896,445,451
112900157,556,12,544
112900158,160,2,158
112900159,265,277,-12
112900160,43,203,-160
112900161,261,96,165
112900162,21,42,-21
112900163,46,73,-27
112900164,101,204,-103
112900165,62,49,13
112900166,23,126,-103
112900167,5,202,-197
112900168,6,4,2
112900169,15,37,-22
112900170,101,289,-188
112900172,85,27,58
112900173,167,189,-22
112900174,562,108,454
112900175,121,341,-220
112900176,10,44,-34
112900177,270,88,182
112900178,739,4549,-3810
112900179,23,404,-381
112900180,3082,2311,771
112900181,1674,6,1668
112900182,83,317,-234
112900183,131,343,-212
112900184,588,692,-104
112900185,138,1073,-935
112900186,1105,1981,-876
112900187,105,797,-692
112900188,777,6509,-5732
112900189,12,5,7
112900190,12,23,-11
112900192,1075,847,228
112900193,1310,484,826
112900194,158,15,143
112900195,1108,45,1063
112900196,398,516,-118
112900197,138,326,-188
112900199,1305,366,939
112900200,1122,102,1020
112900201,244,166,78
112900202,838,441,397
112900203,571,140,431
112900204,489,511,-22
112900205,9,2,7
112900206,34,67,-33
112900207,27,0,27
112900208,89,498,-409
112900209,189,311,-122
112900210,0,14,-14
112900211,133,15,118
112900212,2,44,-42
112900213,82,7,75
112900214,16,15,1
112900215,32,41,-9
112900216,16,26,-10
112900217,21,38,-17
112900218,107,14,93
112900219,255,11,244
112900220,4,0,4
112900221,71,120,-49
112900222,2,111,-109
112900223,1554,21,1533
112900224,782,261,521
112900225,964,238,726
112900226,316,425,-109
112900227,1352,335,1017
112900228,164,68,96
112900229,684,11,673
112900230,12994,3841,9153
112900232,566,506,60
112900233,110,108,2
112900234,86,17,69
112900235,10,17,-7
112900236,811,21,790
112900237,442,79,363
112900238,19,7,12
113000001,7955,6633,1322
113000002,6235,4411,1824
113000003,2504,2352,152
113000004,2552,2591,-39
113000005,2685,1895,790
113000006,1531,1924,-393
113000007,3504,1730,1774
113000008,2484,2234,250
113000009,1980,802,1178
113000010,1914,1315,599
113000011,1919,1244,675
113000012,2419,1054,1365
113000013,977,715,262
113000014,1141,2135,-994
113000015,216,319,-103
113000016,318,1000,-682
113000017,121,487,-366
113000018,476,61,415
113000019,328,325,3
113000020,418,84,334
113000021,2099,1342,757
113000022,1149,3674,-2525
113000025,173,395,-222
113000026,848,1297,-449
113000027,646,2381,-1735
113000028,845,3809,-2964
113000029,1456,845,611
113000030,263,542,-279
113000031,189,225,-36
113000032,330,452,-122
113000033,340,528,-188
113000034,178,146,32
113000035,36,62,-26
113000036,27,102,-75
113000037,68,64,4
113000038,19,119,-100
113000039,59,308,-249
113000040,43,150,-107
113000042,930,749,181
113000051,1800,2740,-940
113000052,2873,742,2131
113000053,1048,559,489
113000054,818,773,45
113000055,2453,652,1801
113000056,2229,1226,1003
113000058,687,1002,-315
113000059,1246,406,840
113000060,608,582,26
113000061,624,796,-172
113000062,615,496,119
113000063,727,72,655
113000064,140,199,-59
113000065,265,507,-242
113000066,1488,121,1367
113000067,4362,1128,3234
113000068,739,543,196
113000069,895,517,378
113000070,4290,1030,3260
113000071,858,498,360
113000072,1702,427,1275
113000073,516,1773,-1257
113000074,1388,564,824
113000075,2278,974,1304
113000076,618,4116,-3498
113000077,905,1441,-536
113000078,625,2421,-1796
113000079,494,1272,-778
113000080,625,1519,-894
113000081,851,1155,-304
113000082,1187,1520,-333
113000083,816,922,-106
113000084,2366,1613,753
113000085,1202,652,550
113000086,1078,1284,-206
113000087,1018,1570,-552
113000088,2404,1886,518
113000089,952,1914,-962
113000090,248,957,-709
113000091,270,518,-248
113000094,1765,294,1471
113000095,303,1061,-758
113000096,204,1279,-1075
113000097,1611,726,885
113000098,227,65,162
113000099,1904,772,1132
113000100,191,791,-600
113000101,241,1256,-1015
113000102,970,889,81
113000103,3161,372,2789
113000104,1004,3663,-2659
113000105,1486,874,612
113000106,566,529,37
113000107,1514,1333,181
113000108,1076,1060,16
113000109,661,1852,-1191
113000110,6240,926,5314
113000111,209,761,-552
113000112,508,364,144
113000113,1701,387,1314
113000114,372,2063,-1691
113000116,707,437,270
113000117,1849,171,1678
113000118,45,1067,-1022
113000119,405,533,-128
113000120,84,431,-347
113000121,499,2038,-1539
113000124,378,150,228
113000125,87,1408,-1321
113000127,1791,278,1513
113000128,2202,292,1910
113000129,428,1134,-706
113000133,3465,1051,2414
113000134,12,1923,-1911
113000135,5827,6755,-928
113000137,1176,4636,-3460
113000139,376,519,-143
113000140,68,230,-162
113000141,172,376,-204
113000142,306,1824,-1518
113000143,432,201,231
113000144,353,478,-125
113000145,141,143,-2
113000146,189,43,146
113000147,304,86,218
113000148,344,186,158
113000149,218,274,-56
113000150,675,410,265
113000151,55,44,11
113000152,48,306,-258
113000153,1712,437,1275
113000154,750,2038,-1288
113000155,603,964,-361
113000156,231,396,-165
113000157,410,511,-101
113000158,802,260,542
113000159,1270,607,663
113000160,893,452,441
113000161,489,229,260
113000162,1468,269,1199
113000163,220,43,177
113000164,25,65,-40
113000166,347,75,272
113000167,99,94,5
113000168,218,137,81
113000169,332,34,298
113000170,141,63,78
113000171,89,97,-8
113000172,394,68,326
113000173,128,36,92
113000174,289,104,185
113000175,731,158,573
113000176,871,104,767
113000177,238,149,89
113000178,152,108,44
113000179,416,132,284
113000180,1309,2089,-780
113000181,1473,827,646
113000182,149,495,-346
113000183,197,726,-529
113000184,32,125,-93
113000189,294,1160,-866
113000190,234,288,-54
113000192,576,8377,-7801
113000193,2220,6016,-3796
113000194,1099,4945,-3846
113000195,1878,4786,-2908
113000196,391,101,290
113000197,2697,4226,-1529
113000198,138,427,-289
113000199,2376,557,1819
113000201,480,897,-417
113000202,17247,3105,14142
113000203,167,881,-714
113000204,574,9169,-8595
113000205,22,17,5
113000206,7,66,-59
113000207,91,10,81
113000208,41,46,-5
113000209,15,16,-1
113000210,11,25,-14
113000211,131,420,-289
113000212,41,79,-38
113000213,16,155,-139
113000214,185,439,-254
113000234,333,664,-331
113000410,53,319,-266
113000411,1921,4810,-2889
113000412,5224,1932,3292
113000413,988,3199,-2211
113000414,3724,14858,-11134
113000415,2726,1717,1009
113000416,3418,2757,661
113000417,1593,1972,-379
113000418,5638,5829,-191
113000419,1839,3230,-1391
113000420,3174,7541,-4367
113000421,6204,9766,-3562
113000422,16008,11645,4363
113000423,1672,7366,-5694
113000424,4936,14355,-9419
113000425,44,86,-42
113000428,97,82,15
113000430,14,476,-462
113000432,3587,227,3360
113000433,121,587,-466
113000434,15,76,-61
113000435,13,152,-139
113000436,19,679,-660
113000437,1939,32,1907
113000438,579,9,570
113000439,29,48,-19
113000440,187,70,117
113000441,349,174,175
113000442,309,38,271
113000443,503,164,339
113000444,527,48,479
113000445,112,75,37
113000446,45,114,-69
113000448,1285,451,834
113000449,183,1224,-1041
113000450,1829,3065,-1236
113000451,5317,490,4827
113000452,150,618,-468
113000453,64,1151,-1087
113000454,415,91,324
113000455,11,2886,-2875
113000456,4227,3128,1099
113000468,797,93,704
113000469,115,354,-239
113000470,699,24,675
113000471,10,387,-377
113000472,71,226,-155
113000474,1635,1016,619
113000475,1923,1578,345
113000476,3107,2284,823
113000477,6508,2061,4447
113000478,3963,3118,845
113000479,139,111,28
113000480,141,1049,-908
113000481,0,0,0
113000483,0,0,0
113000485,0,0,0
113000486,0,0,0
113000487,0,0,0
113000488,0,0,0
113000489,0,0,0
113000490,0,0,0
113000491,0,0,0
113000492,0,0,0
113000493,0,0,0
113000495,269,67,202
113000496,175,110,65
113000497,0,0,0
113000500,1,3,-2
113900001,30,3581,-3551
113900002,3,121,-118
113900003,5,321,-316
113900004,4,431,-427
113900005,8,898,-890
113900006,4,44,-40
113900007,98,65,33
113900008,49,0,49
113900009,64,1,63
113900010,96,0,96
113900011,243,2,241
113900012,119,1,118
113900013,125,6,119
113900014,1049,3,1046
113900015,0,27,-27
113900016,55,0,55
113900017,3,79,-76
113900018,250,331,-81
113900019,326,39,287
113900020,298,4,294
113900022,98,2,96
113900023,65,2,63
113900024,67,78,-11
113900025,307,15,292
113900026,124,0,124
113900027,18,135,-117
113900028,25,206,-181
113900029,152,181,-29
113900030,378,22,356
113900031,88,14,74
113900032,67,0,67
113900033,63,51,12
113900035,79,0,79
113900036,50,82,-32
113900037,303,184,119
113900038,15,203,-188
113900039,380,63,317
113900040,33,60,-27
113900041,42,12,30
113900042,113,37,76
113900043,261,36,225
113900044,115,431,-316
113900045,91,3,88
113900046,470,1649,-1179
113900047,152,76,76
113900048,108,129,-21
113900049,184,520,-336
113900050,467,545,-78
113900051,257,178,79
113900052,128,112,16
113900053,843,1244,-401
113900054,73,5,68
113900055,137,408,-271
113900056,115,77,38
113900057,17,40,-23
113900058,113,35,78
113900059,289,227,62
113900060,66,197,-131
113900061,562,170,392
113900062,181,24,157
113900063,209,86,123
113900064,37,61,-24
113900065,719,19,700
113900066,818,138,680
113900067,352,156,196
113900068,731,1157,-426
113900069,57,40,17
113900070,99,285,-186
113900071,187,25,162
113900072,41,78,-37
113900073,499,446,53
113900074,220,307,-87
113900075,1128,2765,-1637
113900076,214,21,193
113900077,94,212,-118
113900078,97,9,88
113900079,5,35,-30
113900080,918,252,666
113900081,94,103,-9
113900082,232,197,35
113900083,763,125,638
113900084,255,239,16
113900085,88,181,-93
113900086,81,12,69
113900087,148,142,6
113900088,88,120,-32
113900089,665,52,613
113900090,961,404,557
113900091,4,3,1
113900092,23,84,-61
113900093,95,1565,-1470
113900094,1061,308,753
113900095,280,270,10
113900096,478,116,362
113900097,28,41,-13
113900098,1196,305,891
113900099,0,6,-6
113900100,0,9,-9
113900101,3,96,-93
113900102,90,171,-81
113900103,281,550,-269
113900104,182,402,-220
113900105,289,51,238
113900106,0,32,-32
113900107,13,28,-15
113900108,100,300,-200
113900109,299,248,51
113900110,70,21,49
113900111,229,63,166
113900112,330,70,260
113900113,2335,448,1887
113900114,10,3,7
113900115,1,30,-29
113900116,31,220,-189
113900117,56,25,31
113900118,244,877,-633
113900119,118,386,-268
113900120,60,45,15
113900121,120,82,38
113900122,1150,4376,-3226
113900123,713,243,470
113900124,5,112,-107
113900125,1099,152,947
113900126,122,55,67
113900127,427,1018,-591
113900128,166,77,89
113900129,4,188,-184
113900130,10,722,-712
113900131,366,68,298
113900132,32,112,-80
113900133,14,34,-20
113900135,407,502,-95
113900136,138,83,55
113900137,458,462,-4
113900138,38,391,-353
113900139,280,277,3
113900140,34,409,-375
113900141,1077,252,825
113900142,179,56,123
113900143,29,98,-69
113900144,70,1021,-951
113900145,426,124,302
113900146,248,56,192
113900148,86,417,-331
113900149,197,74,123
113900150,323,283,40
113900151,590,173,417
113900152,88,67,21
113900153,112,686,-574
113900154,3,108,-105
113900155,105,309,-204
113900156,226,260,-34
113900157,66,502,-436
113900158,138,1540,-1402
113900159,12,219,-207
113900160,507,229,278
113900161,112,432,-320
113900162,253,2698,-2445
113900163,373,220,153
113900164,673,51,622
113900165,858,524,334
113900166,50,92,-42
113900167,526,60,466
113900168,61,53,8
113900169,272,530,-258
113900171,363,153,210
113900172,16,51,-35
113900173,51,235,-184
113900174,532,633,-101
113900175,372,233,139
113900176,455,274,181
113900177,273,244,29
113900178,372,230,142
113900179,38,170,-132
113900180,177,143,34
113900181,1724,268,1456
113900182,837,628,209
113900183,66,83,-17
113900184,10,284,-274
113900185,164,66,98
113900186,49,58,-9
113900187,26,95,-69
113900188,18,138,-120
113900189,432,270,162
113900190,188,100,88
113900191,102,151,-49
113900192,4,1226,-1222
113900193,17,99,-82
113900194,1283,462,821
113900195,247,441,-194
113900196,5,572,-567
113900197,0,97,-97
113900198,21,568,-547
113900199,87,465,-378
113900200,13,319,-306
113900201,0,48,-48
113900202,55,151,-96
113900203,0,34,-34
113900204,25,199,-174
113900205,9,36,-27
113900206,5,65,-60
113900207,1,41,-40
113900208,0,32,-32
113900209,1,30,-29
113900210,425,757,-332
113900211,270,93,177
113900212,377,261,116
113900214,328,716,-388
113900215,82,65,17
113900216,206,562,-356
113900217,194,87,107
113900218,141,90,51
113900219,187,1351,-1164
113900220,168,155,13
113900221,386,455,-69
113900222,135,728,-593
113900223,348,214,134
113900224,76,58,18
113900225,505,122,383
113900226,603,161,442
113900227,368,283,85
113900228,372,967,-595
113900229,49,1477,-1428
113900230,2050,3822,-1772
113900231,159,87,72
113900232,206,37,169
113900233,102,55,47
113900234,548,576,-28
113900235,178,34,144
113900236,547,119,428
113900237,379,13,366
113900238,366,963,-597
113900239,57,246,-189
113900240,6,259,-253
113900241,58,156,-98
113900242,39,371,-332
113900243,58,247,-189
113900244,132,196,-64
113900245,701,427,274
113900246,20,44,-24
113900247,91,902,-811
113900248,2442,2639,-197
113900249,988,757,231
113900250,49,622,-573
113900251,1580,71,1509
113900252,1274,33,1241
113900253,1125,79,1046
113900254,805,237,568
113900255,1124,28,1096
113900256,461,43,418
113900257,37,202,-165
113900258,27,294,-267
113900259,1113,113,1000
113900260,379,6,373
113900261,101,39,62
113900262,182,298,-116
113900263,32,337,-305
113900264,3,199,-196
113900265,175,337,-162
113900266,23,141,-118
113900267,94,1109,-1015
113900268,340,619,-279
113900269,99,146,-47
113900270,187,816,-629
113900271,834,489,345
113900273,33,15,18
113900274,58,23,35
113900275,19,153,-134
113900276,5,84,-79
113900277,307,13,294
113900278,310,226,84
113900279,61,64,-3
113900280,1978,694,1284
113900281,333,1632,-1299
113900282,467,490,-23
113900283,443,779,-336
113900284,1359,167,1192
113900285,143,54,89
113900286,119,105,14
113900287,171,38,133
113900288,2,133,-131
113900289,364,136,228
113900290,312,508,-196
113900291,116,122,-6
113900292,12,9,3
113900293,7,190,-183
113900294,788,8,780
113900295,417,499,-82
113900296,3053,377,2676
113900297,3336,84,3252
113900298,24,1299,-1275
113900299,166,11,155
113900300,5861,6095,-234
113900301,478,868,-390
113900302,1410,1168,242
113900303,220,979,-759
113900304,0,128,-128
113900305,201,1,200
113900306,172,2,170
113900307,9,0,9
113900308,78,143,-65
113900309,1,382,-381
113900310,1,10,-9
113900311,39,1,38
113900312,189,205,-16
113900313,17,8,9
114000001,1030,2536,-1506
114000002,552,316,236
114000003,128,204,-76
114000004,672,245,427
114000005,511,163,348
114000006,1434,1631,-197
114000007,921,1013,-92
114000008,1908,2428,-520
114000009,1566,426,1140
114000011,4724,2201,2523
114000012,5412,1349,4063
114000013,2998,986,2012
114000014,683,107,576
114000015,3247,159,3088
114000016,440,92,348
114000017,173,934,-761
114000018,156,15,141
114000026,4058,1318,2740
114000027,7077,3051,4026
114000028,2860,4615,-1755
114000038,448,143,305
114000039,104,29,75
114000040,248,457,-209
114000042,274,222,52
114000043,93,33,60
114000044,764,19,745
114000045,32,24,8
114000046,2359,4664,-2305
114000047,9,97,-88
114000048,172,57,115
114000049,2396,2022,374
114000050,2595,2210,385
114000051,4375,2608,1767
114000052,5126,3040,2086
114000053,108,872,-764
114000054,215,654,-439
114000055,354,72,282
114000056,170,1370,-1200
114000057,4434,2372,2062
114000058,84,1312,-1228
114000059,24,945,-921
114000060,756,781,-25
114000061,2804,4013,-1209
114000062,571,2088,-1517
114000063,1287,1366,-79
114000064,1858,4512,-2654
114000065,1061,2262,-1201
114000066,595,1026,-431
114000067,55,1252,-1197
114000068,534,964,-430
114000069,1442,620,822
114000070,2577,2234,343
114000071,1219,538,681
114000072,907,189,718
114000073,18,30,-12
114000074,142,26,116
114000075,74,54,20
114000076,40,42,-2
114000077,5,10,-5
114000078,362,356,6
114000079,493,25,468
114000080,124,103,21
114000081,129,83,46
114000082,49,249,-200
114000083,111,72,39
114000084,477,97,380
114000085,99,230,-131
114000086,381,138,243
114000087,416,63,353
114000088,65,23,42
114000089,487,255,232
114000090,1242,1720,-478
114000091,1433,1126,307
114000092,806,487,319
114000093,1792,667,1125
114000094,604,498,106
114000095,300,333,-33
114000096,85,234,-149
114000097,125,225,-100
114000098,988,193,795
114000099,1314,122,1192
114000100,2852,392,2460
114000101,551,291,260
114000102,1112,361,751
114000103,97,154,-57
114000104,22,101,-79
114000105,320,150,170
114000106,997,3365,-2368
114000107,1067,154,913
114000108,752,802,-50
114000109,1032,2131,-1099
114000110,623,787,-164
114000111,3152,1361,1791
114000112,361,1063,-702
114000113,1627,619,1008
114000114,568,629,-61
114000115,2680,1267,1413
114000116,1512,2157,-645
114000117,6616,824,5792
114000118,5138,605,4533
114000119,3844,671,3173
114000120,791,565,226
114000121,646,855,-209
114000122,627,431,196
114000123,3617,451,3166
114000124,1922,495,1427
114000125,1284,1071,213
114000126,2712,273,2439
114000127,228,116,112
114000128,1079,267,812
114000130,485,401,84
114000131,419,136,283
114000132,851,339,512
114000133,736,1502,-766
114000134,107,48,59
114000138,52,139,-87
114000139,485,619,-134
114000144,964,1012,-48
114000145,71,135,-64
114000146,155,94,61
114000147,1954,3847,-1893
114000148,930,2164,-1234
114000149,366,475,-109
114000150,317,636,-319
114000151,585,2508,-1923
114000152,110,58,52
114000153,591,2976,-2385
114000154,693,581,112
114000155,1294,3579,-2285
114000156,945,999,-54
114000157,413,1905,-1492
114000158,1008,671,337
114000159,146,426,-280
114000160,43,622,-579
114000161,1249,3831,-2582
114000162,1819,3840,-2021
114000163,40,34,6
114000165,631,658,-27
114000166,639,703,-64
114000167,2672,1508,1164
114000168,405,443,-38
114000169,1387,2162,-775
114000170,1198,1613,-415
114000171,2533,5745,-3212
114000174,178,363,-185
114000176,264,693,-429
114000177,771,442,329
114000178,43,89,-46
114000179,1152,760,392
114000180,297,350,-53
114000181,1771,7524,-5753
114000182,1344,2956,-1612
114000183,517,542,-25
114000184,656,535,121
114000185,1756,752,1004
114000189,2177,222,1955
114000190,5141,598,4543
114000191,131,430,-299
114000192,98,653,-555
114000193,224,1044,-820
114000194,1893,698,1195
114000195,421,224,197
114000196,1,62,-61
114000197,3043,8,3035
114000198,752,353,399
114000199,1627,1971,-344
114000200,641,909,-268
114000201,261,651,-390
114000202,1029,488,541
114000203,654,674,-20
114000204,204,447,-243
114000205,237,871,-634
114000206,1162,1142,20
114000207,462,812,-350
114000208,515,1184,-669
114000209,356,1246,-890
114000210,253,673,-420
114000211,1954,1243,711
114000212,1287,1029,258
114000213,2648,543,2105
114000214,98,83,15
114000215,329,80,249
114000216,2027,388,1639
114000217,587,197,390
114000218,423,60,363
114000219,2029,239,1790
114000220,41,458,-417
114000221,1713,206,1507
114000222,140,402,-262
114000223,871,185,686
114000224,38,336,-298
114000225,423,313,110
114000226,352,241,111
114000227,1267,599,668
114000228,1311,558,753
114000229,2059,1380,679
114000230,2117,1058,1059
114000231,1662,1738,-76
114000232,1514,213,1301
114000233,3394,107,3287
114000234,1549,674,875
114000235,1662,1202,460
114000236,1,273,-272
114000237,194,631,-437
114000238,151,280,-129
114000239,175,817,-642
114000240,1116,1121,-5
114000241,317,654,-337
114000242,771,626,145
114000243,2518,909,1609
114000244,555,295,260
114000245,553,809,-256
114000246,113,36,77
114000247,595,669,-74
114000248,1968,737,1231
114000249,847,416,431
114000250,974,356,618
114000251,454,179,275
114000252,74,19,55
114000253,48,134,-86
114000254,124,19,105
114000255,637,259,378
114000256,522,2534,-2012
114000257,498,758,-260
114000258,386,149,237
114000259,213,108,105
114000260,1,25,-24
114000261,37,24,13
114000262,494,124,370
114000263,12,2,10
114000264,2314,335,1979
114000265,7,5,2
114000267,5,2093,-2088
114000268,56,532,-476
114000270,300,3,297
114000271,332,73,259
114000283,2101,328,1773
114000285,18,70,-52
114000288,134,235,-101
114000289,3071,136,2935
114000293,351,574,-223
114000294,240,332,-92
114000395,1590,28,1562
114000396,776,1174,-398
114000402,1330,181,1149
114000403,585,201,384
114000405,361,161,200
114000423,641,225,416
114000424,708,128,580
114000425,1635,206,1429
114000426,451,934,-483
114000427,114,84,30
114000428,41,218,-177
114000429,21,99,-78
114000432,148,40,108
114000434,39,44,-5
114000435,7,41,-34
114000436,1283,434,849
114000437,537,10680,-10143
114900001,877,327,550
114900002,435,223,212
114900003,1210,490,720
114900004,285,635,-350
114900005,917,316,601
114900006,124,113,11
114900007,371,34,337
114900008,416,110,306
114900010,1129,2226,-1097
114900011,458,186,272
114900013,355,140,215
114900015,130,786,-656
114900018,1210,26,1184
114900020,209,129,80
114900022,1,636,-635
114900024,248,132,116
114900025,820,134,686
114900026,132,157,-25
114900027,269,141,128
114900029,29,17,12
114900030,474,216,258
114900031,792,28,764
114900032,712,32,680
114900033,688,2337,-1649
114900034,33,64,-31
114900035,128,341,-213
114900036,256,239,17
114900037,91,67,24
114900038,355,301,54
114900039,743,177,566
114900040,167,56,111
114900041,1746,176,1570
114900042,2103,230,1873
114900043,321,131,190
114900044,210,74,136
114900046,32,42,-10
114900047,241,5090,-4849
114900048,62,170,-108
114900049,9,69,-60
114900050,106,97,9
114900051,45,185,-140
114900052,32,212,-180
114900053,81,206,-125
114900054,48,40,8
114900057,227,16,211
114900058,0,37,-37
114900059,197,117,80
114900060,285,760,-475
114900061,96,49,47
114900062,164,325,-161
114900063,75,46,29
114900064,3628,191,3437
114900065,858,896,-38
114900067,105,409,-304
114900068,49,60,-11
114900069,159,86,73
114900070,820,283,537
114900072,1,204,-203
114900073,3,56,-53
114900074,1264,193,1071
114900075,451,13,438
114900076,10,249,-239
114900080,943,130,813
114900082,2360,3811,-1451
114900083,556,1124,-568
114900090,774,223,551
114900091,97,154,-57
114900095,210,58,152
114900096,333,551,-218
114900097,213,2,211
114900098,7,77,-70
114900099,385,25,360
115000001,4440,2184,2256
115000002,6352,7794,-1442
115000003,4793,1748,3045
115000004,7825,8993,-1168
115000005,2310,2423,-113
115000006,1638,2005,-367
115000007,329,365,-36
115000008,593,502,91
115000009,565,347,218
115000010,357,210,147
115000013,51,211,-160
115000015,57,279,-222
115000016,211,457,-246
115000019,48,553,-505
115000020,219,1577,-1358
115000021,348,355,-7
115000022,484,273,211
115000023,391,643,-252
115000024,1093,382,711
115000025,1175,826,349
115000026,313,291,22
115000027,566,376,190
115000028,434,677,-243
115000029,1024,72,952
115000030,883,1133,-250
115000031,1078,417,661
115000032,17,249,-232
115000033,167,53,114
115000034,96,1231,-1135
115000035,1317,93,1224
115000036,0,556,-556
115000037,704,22,682
115000038,70,187,-117
115000039,3295,4971,-1676
115000040,3929,2729,1200
115000041,2551,5944,-3393
115000042,665,734,-69
115000043,4807,3746,1061
115000044,3610,3654,-44
115000045,3183,1374,1809
115000046,4083,3662,421
115000047,4019,1932,2087
115000048,2555,2063,492
115000049,1525,3418,-1893
115000050,4655,1806,2849
115000051,2132,5005,-2873
115000052,1278,1527,-249
115000053,3321,3061,260
115000054,730,900,-170
115000055,147,818,-671
115000056,148,443,-295
115000057,564,1645,-1081
115000058,217,439,-222
115000059,351,478,-127
115000061,128,331,-203
115000062,297,526,-229
115000063,673,439,234
115000064,252,186,66
115000065,95,521,-426
115000067,306,56,250
115000069,244,314,-70
115000070,25,1498,-1473
115000071,138,22,116
115000072,10,40,-30
115000073,2233,81,2152
115000075,139,88,51
115000076,2892,2332,560
115000077,3113,1486,1627
115000078,2483,854,1629
115000079,2208,1216,992
115000080,4757,1465,3292
115000081,438,606,-168
115000082,7188,5971,1217
115000083,2862,1068,1794
115000084,4726,1249,3477
115000085,1573,778,795
115000086,1967,733,1234
115000087,541,1815,-1274
115000088,2356,940,1416
115000089,1559,1247,312
115000090,653,1097,-444
115000091,300,469,-169
115000092,1021,886,135
115000093,939,2,937
115000094,5686,9186,-3500
115000095,4602,9490,-4888
115000096,1335,862,473
115000097,2900,1516,1384
115000098,2365,656,1709
115000099,3762,1601,2161
115000100,2187,287,1900
115000101,793,846,-53
115000102,824,280,544
115000103,335,448,-113
115000105,105,93,12
115000106,1076,541,535
115000107,290,256,34
115000108,2261,1936,325
115000109,4076,7163,-3087
115000110,1656,3101,-1445
115000111,489,1404,-915
115000112,1041,1235,-194
115000113,755,1436,-681
115000114,1618,769,849
115000116,3162,2494,668
115000117,2318,2797,-479
115000118,2634,2186,448
115000119,1764,2242,-478
115000120,752,1655,-903
115000121,752,903,-151
115000122,915,2159,-1244
115000123,1223,2676,-1453
115000124,834,1237,-403
115000125,420,1566,-1146
115000126,166,634,-468
115000127,456,254,202
115000128,336,1143,-807
115000129,192,750,-558
115000130,570,452,118
115000131,1203,332,871
115000132,476,521,-45
115000133,972,187,785
115000134,385,511,-126
115000135,300,295,5
115000136,308,365,-57
115000137,118,258,-140
115000138,582,283,299
115000139,269,258,11
115000140,588,181,407
115000141,313,163,150
115000142,275,144,131
115000143,1440,737,703
115000144,637,72,565
115000145,363,178,185
115000146,752,572,180
115000147,410,408,2
115000148,444,502,-58
115000149,1096,354,742
115000150,910,462,448
115000151,2140,506,1634
115000152,1177,665,512
115000153,2271,578,1693
115000154,1506,330,1176
115000155,846,1025,-179
115000156,1054,1277,-223
115000157,624,1456,-832
115000158,514,478,36
115000159,512,818,-306
115000160,715,837,-122
115000161,1243,432,811
115000162,573,1358,-785
115000163,560,890,-330
115000164,536,1030,-494
115000165,363,908,-545
115000167,88,196,-108
115000168,559,809,-250
115000169,384,1138,-754
115000170,66,162,-96
115000171,216,465,-249
115000172,851,1086,-235
115000173,306,1397,-1091
115000174,72,646,-574
115000175,122,210,-88
115000176,82,174,-92
115000177,72,222,-150
115000178,39,196,-157
115000179,41,72,-31
115000180,167,283,-116
115000181,1362,198,1164
115000182,1710,243,1467
115000183,702,481,221
115000186,751,203,548
115000187,227,539,-312
115000188,474,796,-322
115000189,352,387,-35
115000190,812,666,146
115000191,365,585,-220
115000194,115,160,-45
115000195,236,500,-264
115000196,441,105,336
115000197,440,138,302
115000198,848,150,698
115000199,773,117,656
115000200,680,202,478
115000201,213,240,-27
115000206,547,37,510
115000207,389,221,168
115000208,329,809,-480
115000209,816,513,303
115000210,193,144,49
115000211,469,270,199
115000212,1081,450,631
115000218,21,84,-63
115000219,67,46,21
115000224,273,68,205
115000225,116,77,39
115000229,315,88,227
115000230,97,770,-673
115000231,344,875,-531
115000232,3239,376,2863
115000233,146,200,-54
115000234,29,269,-240
115000241,160,158,2
115000242,222,98,124
115000243,86,163,-77
115000244,4,188,-184
115000246,65,43,22
115000247,79,37,42
115000248,75,15,60
115000249,8,19,-11
115000250,404,28,376
115000251,438,69,369
115000252,107,218,-111
115000253,36,563,-527
115000258,526,63,463
115000259,364,115,249
115000261,26,10,16
115000262,21,36,-15
115000263,12,28,-16
115000264,26,23,3
115000267,91,83,8
115000268,68,118,-50
115000269,91,88,3
115000270,4,26,-22
115000272,71,106,-35
115000273,804,91,713
115000274,613,84,529
115000280,1881,262,1619
115000281,306,652,-346
115000282,1231,1171,60
115000284,120,211,-91
115000296,670,3,667
115000297,162,216,-54
115000298,55,507,-452
115000300,271,162,109
115000302,791,126,665
115000303,1378,85,1293
115000304,1627,94,1533
115000305,163,282,-119
115000306,267,103,164
115000307,209,172,37
115000308,22,36,-14
115000309,7,12,-5
115000310,2456,489,1967
115000311,2278,1310,968
115000313,169,187,-18
115000314,1123,216,907
115000315,929,1046,-117
115000316,164,183,-19
115000317,236,455,-219
115000318,1127,437,690
115000319,142,196,-54
115000320,49,489,-440
115000321,597,55,542
115000322,75,127,-52
115000449,266,189,77
115000557,13,2590,-2577
115000558,186,161,25
115000587,1038,344,694
115000588,2213,2864,-651
115000589,5119,3243,1876
115000590,839,1994,-1155
115000591,1927,1189,738
115000592,500,2281,-1781
115000593,1856,1269,587
115000594,381,3153,-2772
115000609,343,146,197
115000617,450,3371,-2921
115000624,489,29,460
115000633,376,1494,-1118
115000634,4245,1041,3204
115000635,899,139,760
115000638,294,377,-83
115000641,74,437,-363
115000642,254,181,73
115000643,171,326,-155
115000644,146,291,-145
115000646,956,1561,-605
115000647,274,571,-297
115000648,4112,1075,3037
115000893,2082,1587,495
115000894,180,764,-584
115000895,240,691,-451
115000896,1436,438,998
115000897,607,135,472
115000898,722,470,252
115000899,272,2017,-1745
115000900,70,513,-443
115000901,71,312,-241
115000912,624,149,475
115000913,6,14,-8
115000915,15,0,15
115000916,4,0,4
115000917,0,3,-3
115000918,56,1741,-1685
115000919,9,51,-42
115000920,9,59,-50
115000921,403,124,279
115000922,349,1084,-735
115000923,88,1830,-1742
115000925,157,167,-10
115000927,52,84,-32
115000933,43,530,-487
115000934,26,44,-18
115000935,21,4,17
115900001,199,7,192
115900002,85,81,4
115900003,354,51,303
115900004,4,15,-11
115900005,419,26,393
115900006,161,94,67
115900008,178,0,178
115900009,77,160,-83
115900010,748,53,695
115900011,595,428,167
115900012,358,4,354
115900013,371,128,243
115900014,175,212,-37
115900015,295,13,282
115900016,73,65,8
115900017,22,21,1
115900018,201,44,157
115900019,185,22,163
115900020,156,1,155
115900021,1063,1288,-225
115900022,472,25,447
115900023,5,18,-13
115900025,43,238,-195
115900026,831,95,736
115900027,0,150,-150
115900028,428,65,363
115900029,25,194,-169
115900030,58,41,17
115900031,47,340,-293
115900032,487,784,-297
115900033,0,98,-98
115900034,28,152,-124
115900035,94,91,3
115900036,28,3322,-3294
115900037,34,146,-112
115900038,48,43,5
115900039,202,87,115
115900041,147,1341,-1194
115900042,89,14,75
115900043,133,22,111
115900044,182,478,-296
115900046,830,163,667
115900047,159,365,-206
115900049,298,160,138
115900051,10,23,-13
115900052,20,108,-88
115900053,597,90,507
115900054,671,23,648
115900055,32,67,-35
115900056,447,145,302
115900057,19,15,4
115900058,6,52,-46
115900060,56,278,-222
115900061,498,2,496
115900062,117,100,17
115900063,37,4,33
115900064,135,297,-162
115900065,138,118,20
115900066,71,60,11
115900067,18,99,-81
115900068,1163,1671,-508
115900069,60,242,-182
115900070,281,68,213
115900071,0,118,-118
115900072,25,152,-127
115900073,207,214,-7
115900074,4,84,-80
115900075,35,172,-137
115900076,15,22,-7
115900077,5,75,-70
115900078,28,117,-89
115900079,648,12,636
115900080,157,102,55
115900081,30,12,18
115900082,122,162,-40
115900084,935,58,877
115900085,76,105,-29
115900086,967,508,459
115900088,6,113,-107
115900089,828,387,441
115900090,1025,5,1020
115900091,12,35,-23
115900092,52,61,-9
115900093,16,48,-32
115900094,2,95,-93
115900096,16,21,-5
115900097,24,129,-105
115900098,450,167,283
115900099,72,29,43
115900100,25,167,-142
115900101,363,164,199
115900102,164,66,98
115900103,549,125,424
115900104,177,78,99
115900105,473,293,180
115900106,179,12,167
115900107,141,44,97
115900108,293,23,270
115900109,43,238,-195
115900110,43,6,37
115900111,1,57,-56
115900112,78,595,-517
115900113,92,17,75
115900114,13,109,-96
115900115,144,172,-28
115900116,104,423,-319
115900117,136,22,114
115900118,5,88,-83
115900119,243,145,98
115900120,57,155,-98
115900121,373,145,228
115900124,446,1215,-769
115900125,674,56,618
115900126,1682,114,1568
115900127,1409,44,1365
115900128,16,233,-217
115900129,902,61,841
115900130,17,566,-549
115900131,523,45,478
115900132,1168,12,1156
115900134,515,4,511
115900135,684,1285,-601
115900137,52,7,45
115900139,50,400,-350
115900140,804,63,741
115900141,6,210,-204
115900142,31,107,-76
115900143,456,851,-395
115900144,322,380,-58
115900146,6,26,-20
115900147,303,383,-80
115900148,66,29,37
115900149,365,17,348
115900150,143,6,137
115900151,74,108,-34
115900152,322,207,115
115900153,186,164,22
115900154,378,599,-221
115900155,0,19,-19
115900156,1053,1252,-199
115900157,504,766,-262
115900158,11,4,7
115900159,269,111,158
115900160,6,8,-2
115900161,57,259,-202
115900163,566,265,301
115900164,1046,42,1004
115900165,4,226,-222
115900166,149,86,63
115900168,290,66,224
115900171,163,428,-265
115900172,61,138,-77
115900173,347,86,261
115900174,171,438,-267
115900175,279,210,69
115900178,12,158,-146
115900179,620,27,593
115900180,88,73,15
115900181,290,58,232
115900182,852,61,791
115900183,78,342,-264
115900184,440,9,431
115900187,10,315,-305
115900189,0,278,-278
115900190,360,1300,-940
115900191,22,171,-149
115900192,28,78,-50
115900193,187,132,55
115900194,1410,89,1321
115900195,424,4236,-3812
115900198,342,324,18
115900199,421,109,312
115900200,313,117,196
115900201,320,363,-43
115900202,2,87,-85
115900203,27,15,12
115900204,0,15,-15
115900205,18,8,10
115900206,498,54,444
115900207,117,10,107
115900208,156,64,92
115900209,6,101,-95
115900210,2,105,-103
115900211,1,158,-157
115900212,280,136,144
115900213,102,167,-65
115900214,790,125,665
115900215,24,332,-308
115900216,3,83,-80
115900217,2,28,-26
115900218,3,31,-28
115900219,241,1,240
115900220,501,8,493
115900221,235,29,206
115900222,168,83,85
115900223,11,957,-946
115900224,493,2763,-2270
115900225,49,52,-3
115900226,12,60,-48
115900227,6,59,-53
115900228,5,47,-42
115900229,4,40,-36
115900230,8,44,-36
115900231,192,5,187
115900232,121,0,121
115900233,233,4,229
115900234,132,35,97
115900235,23,50,-27
115900236,58,42,16
115900237,52,25,27
115900238,36,9,27
115900239,15,21,-6
115900240,11,29,-18
115900241,340,42,298
115900242,523,650,-127
115900243,36,10,26
115900244,36,5,31
115900245,13,34,-21
115900246,15,10,5
115900247,14,36,-22
115900248,19,4,15
115900249,18,8,10
115900250,35,11,24
115900251,2,8,-6
115900252,3,1,2
115900253,21,15,6
115900254,34,52,-18
115900255,1,25,-24
115900256,16,41,-25
115900257,14,19,-5
115900258,1,0,1
115900259,5,2,3
115900260,7,2,5
115900261,11,0,11
115900262,7,0,7
115900263,16,1,15
115900264,27,2,25
115900265,7,32,-25
115900266,2,13,-11
115900267,1,13,-12
115900268,0,13,-13
115900269,1007,128,879
115900270,565,90,475
115900271,58,0,58
115900272,18,1,17
115900273,3,10,-7
115900274,1,7,-6
115900275,0,3,-3
115900276,0,4,-4
115900277,0,8,-8
115900278,9,45,-36
115900279,6,105,-99
115900280,20,345,-325
115900281,17,87,-70
116000001,9527,2497,7030
116000002,5707,19903,-14196
116000003,1527,1607,-80
116000004,4292,7366,-3074
116000005,1472,4838,-3366
116000006,3648,6301,-2653
116000007,1883,7869,-5986
116000008,6291,6401,-110
116000009,1064,1307,-243
116000010,3916,2928,988
116000011,779,1574,-795
116000012,2805,1807,998
116000013,4856,5636,-780
116000014,10554,29516,-18962
116000015,165,2383,-2218
116000016,6561,7736,-1175
116000017,59,864,-805
116000018,653,743,-90
116000019,1783,530,1253
116000020,839,2338,-1499
116000021,1030,439,591
116000022,632,452,180
116000023,2286,1701,585
116000024,848,1275,-427
116000025,1776,1358,418
116000026,1668,4392,-2724
116000027,577,1088,-511
116000028,613,1265,-652
116000029,529,529,0
116000030,814,805,9
116000031,166,203,-37
116000032,293,167,126
116000033,734,424,310
116000034,982,850,132
116000035,512,489,23
116000036,722,5709,-4987
116000037,299,783,-484
116000038,240,1701,-1461
116000039,330,2424,-2094
116000040,734,1650,-916
116000041,169,1494,-1325
116000042,1351,1128,223
116000043,340,791,-451
116000044,0,19,-19
116000045,2317,2000,317
116000046,1239,2221,-982
116000047,1996,3492,-1496
116000048,3729,1638,2091
116000049,2344,3533,-1189
116000050,1822,1326,496
116000051,5684,3806,1878
116000052,5066,4975,91
116000053,3508,674,2834
116000054,1420,3080,-1660
116000055,1327,1035,292
116000056,2092,1297,795
116000057,3205,1865,1340
116000058,4636,4517,119
116000059,3805,6114,-2309
116000060,3303,1579,1724
116000061,325,2008,-1683
116000062,601,418,183
116000063,802,2761,-1959
116000066,371,886,-515
116000067,391,360,31
116000068,209,398,-189
116000069,373,284,89
116000078,700,1415,-715
116000080,2304,751,1553
116000082,11,24,-13
116000083,2549,564,1985
116000084,1306,2426,-1120
116000085,2359,2624,-265
116000086,813,489,324
116000087,3879,2394,1485
116000088,1192,1091,101
116000089,189,96,93
116000090,171,241,-70
116000091,278,616,-338
116000093,1251,631,620
116000094,1204,390,814
116000095,1254,849,405
116000096,2070,2511,-441
116000097,1458,733,725
116000098,48,12199,-12151
116000099,6140,193,5947
116000100,443,20,423
116000101,1769,518,1251
116000102,366,858,-492
116000103,557,544,13
116000104,245,939,-694
116000105,2154,254,1900
116000106,679,901,-222
116000107,3794,273,3521
116000108,79,262,-183
116000111,312,36,276
116000113,241,122,119
116000114,51,128,-77
116000115,596,125,471
116000116,317,215,102
116000117,2025,1649,376
116000118,2288,991,1297
116000119,5473,1958,3515
116000120,3326,2738,588
116000121,1379,693,686
116000122,1121,951,170
116000123,2087,631,1456
116000124,646,525,121
116000125,4990,972,4018
116000126,347,711,-364
116000127,1023,741,282
116000128,3457,1147,2310
116000129,2159,200,1959
116000130,1207,953,254
116000133,2396,843,1553
116000134,1726,1246,480
116000135,4502,1522,2980
116000136,784,1242,-458
116000137,1571,1563,8
116000138,2245,1176,1069
116000139,2450,4465,-2015
116000140,277,239,38
116000141,639,334,305
116000142,3843,2241,1602
116000143,2528,2376,152
116000144,2303,1858,445
116000145,3517,1293,2224
116000146,1288,107,1181
116000147,405,324,81
116000148,1198,1487,-289
116000149,1458,1153,305
116000151,648,737,-89
116000153,202,471,-269
116000155,261,504,-243
116000156,971,1078,-107
116000157,123,17,106
116000158,491,287,204
116000159,10,13,-3
116000160,38,89,-51
116000161,7,74,-67
116000162,78,306,-228
116000163,76,26,50
116000164,33,31,2
116000177,165,142,23
116000194,134,345,-211
116000195,1553,796,757
116000196,38,7,31
116000197,29,11,18
116000198,2822,1267,1555
116000200,861,1092,-231
116000201,902,670,232
116000202,9,131,-122
116000203,0,55,-55
116000204,7,48,-41
116000205,0,88,-88
116000206,0,68,-68
116000207,8,52,-44
116000233,277,514,-237
116000287,371,174,197
116000288,546,185,361
116000292,129,182,-53
116000296,8,91,-83
116000297,93,23,70
116000304,407,26,381
116000305,25,95,-70
116000346,319,182,137
116000352,265,127,138
116000354,37,29,8
116000357,22,17,5
116000358,636,193,443
116000361,66,4,62
116000372,3854,10660,-6806
116000381,186,1,185
116000388,2,31,-29
116000389,1336,569,767
116000445,1262,238,1024
116000446,963,246,717
116000447,41,738,-697
116000448,682,136,546
116000563,1027,1200,-173
116000565,34,259,-225
116000568,110,839,-729
116000579,31,106,-75
116000584,61,5,56
116000585,33,24,9
116000586,86,184,-98
116000587,325,401,-76
116000589,55,117,-62
116000590,180,87,93
116000591,299,227,72
116000592,8,48,-40
116000593,0,23,-23
116000594,1822,204,1618
116000595,1279,98,1181
116000596,266,5,261
116000597,1000,330,670
116000598,25,122,-97
116000602,30,791,-761
116000605,210,143,67
116000606,72,275,-203
116000607,3,236,-233
116000609,149,1744,-1595
116000611,360,178,182
116000612,1771,2723,-952
116000613,1202,377,825
116000614,564,182,382
116000615,43,677,-634
116000616,138,104,34
116000617,232,29,203
116000618,7,55,-48
116000619,74,113,-39
116000620,298,176,122
116000621,231,168,63
116000622,177,115,62
116000624,232,62,170
116000627,11,2,9
116000628,11,85,-74
116000629,7,106,-99
116000630,576,13,563
116000631,123,11,112
116000632,940,63,877
116000633,15,171,-156
116000634,778,5,773
116000635,982,1621,-639
116900001,555,198,357
116900002,369,2,367
116900003,86,26,60
116900004,64,141,-77
116900005,350,58,292
116900006,102,1100,-998
116900007,168,453,-285
116900008,949,121,828
116900009,20,15,5
116900010,5,550,-545
116900011,14,21,-7
116900012,370,500,-130
116900013,7,119,-112
116900014,388,53,335
116900015,947,40,907
116900016,322,5,317
116900017,0,474,-474
116900018,193,117,76
116900019,3,156,-153
116900020,448,2245,-1797
116900023,67,14,53
116900024,1172,28,1144
116900025,2284,485,1799
116900026,96,492,-396
116900027,96,68,28
116900028,2,68,-66
116900029,0,139,-139
116900031,0,0,0
116900032,15,101,-86
116900033,63,18,45
116900034,6,25,-19
116900035,147,132,15
116900036,15,127,-112
116900038,56,0,56
116900041,135,28,107
116900042,185,193,-8
116900043,29,36,-7
116900045,350,107,243
116900047,17,305,-288
116900049,21,209,-188
116900050,97,292,-195
116900051,312,36,276
116900052,356,76,280
116900055,0,23,-23
116900057,29,102,-73
116900058,15,307,-292
116900059,2,76,-74
116900060,202,363,-161
116900062,0,5,-5
116900064,94,217,-123
116900065,26,114,-88
116900067,224,68,156
116900068,162,167,-5
116900070,7,13,-6
116900072,52,144,-92
116900073,16,61,-45
116900074,16,52,-36
116900076,20,80,-60
116900077,13,47,-34
116900078,207,33,174
116900079,53,152,-99
116900080,5,14,-9
116900081,265,785,-520
116900082,236,999,-763
116900083,8,20,-12
116900084,41,42,-1
116900085,31,44,-13
116900086,89,193,-104
116900088,408,63,345
116900090,42,12,30
116900091,579,65,514
116900092,125,400,-275
116900093,4555,1820,2735
116900094,4041,8439,-4398
116900095,274,707,-433
116900096,128,666,-538
116900097,1780,5382,-3602
116900098,919,684,235
116900099,339,1234,-895
116900100,1699,191,1508
116900101,233,675,-442
116900103,14,3,11
116900104,54,192,-138
116900105,470,345,125
116900106,4475,121,4354
116900107,1532,4071,-2539
116900110,38,0,38
116900111,1332,259,1073
116900112,384,602,-218
116900113,1090,2506,-1416
116900116,47,1926,-1879
116900117,338,182,156
116900118,1522,1253,269
116900120,758,78,680
116900121,294,31,263
116900122,1844,303,1541
116900123,554,312,242
116900124,188,465,-277
116900125,930,116,814
116900126,119,884,-765
116900128,0,68,-68
116900129,3,257,-254
116900130,1489,7445,-5956
116900131,84,441,-357
116900132,108,104,4
116900133,239,151,88
116900134,385,304,81
116900136,318,155,163
116900137,296,196,100
116900138,198,117,81
116900139,103,321,-218
116900140,271,72,199
116900141,618,244,374
116900142,0,66,-66
116900143,536,246,290
116900144,80,95,-15
116900145,133,210,-77
116900147,232,2986,-2754
116900148,9,46,-37
116900149,62,314,-252
116900150,24,20,4
116900151,114,44,70
116900153,214,117,97
116900154,223,866,-643
116900155,149,118,31
116900157,1266,53,1213
116900158,106,455,-349
116900159,96,750,-654
116900160,1314,1409,-95
116900161,4944,14010,-9066
116900162,56,78,-22
116900163,461,37,424
116900164,141,100,41
116900165,927,657,270
116900166,85,38,47
116900167,726,73,653
116900168,680,61,619
116900169,279,2769,-2490
116900170,895,646,249
116900171,59,141,-82
116900172,95,610,-515
116900173,469,14,455
116900174,117,133,-16
116900175,427,800,-373
116900178,69,78,-9
116900179,84,548,-464
116900180,130,11,119
116900182,2120,492,1628
116900183,294,133,161
116900185,55,76,-21
116900186,194,118,76
116900187,45,104,-59
116900188,180,27,153
116900189,48,1,47
116900191,277,459,-182
116900192,478,159,319
116900194,151,2571,-2420
116900195,56,29,27
116900196,32,31,1
116900197,200,13,187
116900198,72,570,-498
116900200,208,7,201
116900201,336,5,331
116900202,92,14,78
116900203,227,29,198
116900204,65,255,-190
116900206,25,10,15
116900207,41,28,13
116900208,5,69,-64
116900209,19,47,-28
116900210,1101,481,620
116900211,395,16,379
116900212,153,17,136
116900213,363,132,231
116900214,370,225,145
116900215,123,49,74
116900216,493,254,239
116900218,11,296,-285
116900219,705,240,465
116900220,182,410,-228
116900221,343,439,-96
116900222,609,392,217
116900223,184,244,-60
116900226,300,57,243
116900227,324,35,289
116900228,548,196,352
116900230,121,197,-76
116900231,113,215,-102
116900232,22,171,-149
116900233,599,121,478
116900234,44,14,30
116900235,185,277,-92
116900238,757,321,436
116900239,35,1444,-1409
116900240,4020,5061,-1041
116900241,246,72,174
116900242,441,1488,-1047
116900243,7,53,-46
116900245,76,72,4
116900246,282,26,256
116900247,1478,68,1410
116900248,124,47,77
116900249,802,70,732
116900250,761,84,677
116900251,505,1618,-1113
116900252,268,541,-273
116900253,251,63,188
116900254,71,105,-34
116900255,253,209,44
116900256,942,178,764
116900257,24,149,-125
116900258,12,61,-49
116900259,501,20,481
116900260,2,54,-52
116900261,229,1,228
116900262,230,103,127
116900263,1,34,-33
116900264,1,17,-16
116900265,85,1,84
116900266,35,10,25
116900267,5,2,3
116900268,294,235,59
116900269,679,1367,-688
116900271,679,703,-24
116900272,648,333,315
116900273,57,511,-454
116900274,219,55,164
116900275,487,70,417
116900276,446,479,-33
116900277,215,43,172
116900278,1,6,-5
116900279,1,15,-14
116900280,54,22,32
116900281,3613,9216,-5603
116900282,12,38,-26
116900283,7,58,-51
116900284,15,123,-108
116900285,182,354,-172
116900286,171,25,146
116900287,5,10,-5
116900288,152,31,121
116900289,57,2,55
116900290,29,2,27
116900291,69,33,36
116900292,0,38,-38
116900293,98,12,86
116900294,10,113,-103
116900295,110,576,-466
116900296,18,319,-301
116900297,0,83,-83
116900298,65,233,-168
116900299,58,343,-285
116900300,3,254,-251
116900301,21,851,-830
116900302,118,539,-421
116900303,147,256,-109
116900304,0,347,-347
116900305,25,63,-38
116900306,469,21,448
117000001,4979,4128,851
117000002,2253,4192,-1939
117000003,7968,4672,3296
117000004,2523,5640,-3117
117000005,4868,2972,1896
117000006,1124,2196,-1072
117000007,8452,1547,6905
117000008,1074,2536,-1462
117000009,5698,2256,3442
117000010,2038,2852,-814
117000011,4101,1775,2326
117000012,2373,999,1374
117000013,3091,1151,1940
117000014,1721,2458,-737
117000015,4225,2122,2103
117000016,405,524,-119
117000017,163,1442,-1279
117000018,230,1893,-1663
117000019,89,3,86
117000020,881,4129,-3248
117000021,2250,664,1586
117000022,217,970,-753
117000023,118,753,-635
117000024,231,1335,-1104
117000025,206,4519,-4313
117000026,2080,4528,-2448
117000027,1096,4449,-3353
117000028,1305,4015,-2710
117000030,214,421,-207
117000031,262,277,-15
117000032,1421,1502,-81
117000033,2539,2681,-142
117000034,265,160,105
117000035,285,322,-37
117000036,385,207,178
117000037,183,199,-16
117000038,253,445,-192
117000039,320,301,19
117000040,229,756,-527
117000041,1860,165,1695
117000044,11,603,-592
117000045,1249,306,943
117000046,412,722,-310
117000047,979,1086,-107
117000048,1844,907,937
117000049,169,1060,-891
117000050,436,1348,-912
117000051,4527,89,4438
117000052,129,174,-45
117000053,1108,32,1076
117000054,2531,11,2520
117000055,2,1446,-1444
117000056,1027,28,999
117000057,468,1909,-1441
117000060,618,1282,-664
117000061,3737,1917,1820
117000062,289,891,-602
117000063,3011,1193,1818
117000064,480,641,-161
117000066,805,937,-132
117000067,152,1004,-852
117000074,44,185,-141
117000076,109,45,64
117000077,434,190,244
117000078,198,655,-457
117000079,605,318,287
117000080,1,572,-571
117000081,1358,205,1153
117000082,28,100,-72
117000083,172,10,162
117000084,317,38,279
117000085,538,1532,-994
117000086,1111,331,780
117000087,88,643,-555
117000088,367,183,184
117000089,3284,227,3057
117000090,474,811,-337
117000091,1902,256,1646
117000092,702,843,-141
117000093,2762,741,2021
117000094,1362,1324,38
117000095,5385,985,4400
117000096,1045,1757,-712
117000097,3277,1342,1935
117000098,1875,2855,-980
117000099,7515,1430,6085
117000100,355,564,-209
117000101,205,684,-479
117000102,3558,815,2743
117000103,635,950,-315
117000104,2896,826,2070
117000105,653,1073,-420
117000106,3111,657,2454
117000107,726,1130,-404
117000108,4093,1410,2683
117000109,1002,1726,-724
117000110,2991,2646,345
117000111,5478,4647,831
117000112,5632,1773,3859
117000113,182,114,68
117000114,425,145,280
117000115,98,53,45
117000116,306,225,81
117000117,2668,1849,819
117000118,616,280,336
117000119,212,1195,-983
117000120,108,3097,-2989
117000121,41,1861,-1820
117000122,946,2128,-1182
117000123,3859,204,3655
117000124,172,307,-135
117000125,147,1122,-975
117000126,35,50,-15
117000127,173,825,-652
117000128,97,2041,-1944
117000129,177,359,-182
117000130,34,2,32
117000131,0,86,-86
117000132,6066,112,5954
117000133,3997,46,3951
117000134,2,238,-236
117000135,2,429,-427
117000136,0,87,-87
117000137,301,253,48
117000138,3,1305,-1302
117000140,434,954,-520
117000141,3714,705,3009
117000181,480,168,312
117000182,3139,1775,1364
117000195,243,1193,-950
117000196,552,258,294
117000225,73,405,-332
117000226,2,339,-337
117000276,669,39,630
117000277,1,143,-142
117000310,1521,3093,-1572
117000315,342,1015,-673
117000320,72,0,72
117000906,832,20,812
117000907,13,147,-134
117000908,4,498,-494
117000909,69,149,-80
117000910,319,181,138
117000911,65,159,-94
117000915,12,234,-222
117000916,193,19,174
117000917,2774,77,2697
117000918,259,89,170
117000919,34,29,5
117000920,0,1000,-1000
117000921,0,400,-400
117000922,39,75,-36
117000924,1673,850,823
117000926,1122,644,478
117000927,315,1285,-970
117000928,0,147,-147
117000929,531,139,392
117000930,794,32,762
117000931,154,219,-65
117900002,115,1240,-1125
117900003,250,413,-163
117900005,9,261,-252
117900006,0,51,-51
117900007,254,108,146
117900008,0,19,-19
117900010,772,139,633
117900011,28,928,-900
117900012,127,76,51
117900013,0,96,-96
117900014,936,120,816
117900015,18,47,-29
117900016,1008,1647,-639
117900017,1418,353,1065
117900018,379,1658,-1279
117900019,1429,222,1207
117900020,115,503,-388
117900021,101,105,-4
117900022,33,11,22
117900023,3900,98,3802
117900024,80,69,11
117900025,35,2,33
117900026,955,177,778
117900028,87,9,78
117900029,751,601,150
117900030,761,480,281
117900031,269,963,-694
117900032,1353,816,537
117900033,712,548,164
117900034,86,27,59
117900035,339,129,210
117900036,689,260,429
117900037,338,62,276
117900038,55,91,-36
117900039,0,26,-26
117900040,211,132,79
117900041,1,29,-28
117900042,2981,648,2333
117900043,13,24,-11
117900044,114,6793,-6679
117900045,367,210,157
117900048,611,118,493
117900049,478,328,150
117900050,15,996,-981
117900051,37,13,24
117900052,151,823,-672
117900053,2670,214,2456
117900054,0,14,-14
117900055,2838,415,2423
117900056,53,105,-52
117900057,1112,1120,-8
117900058,58,597,-539
117900059,161,118,43
117900060,3999,2342,1657
117900061,18,697,-679
117900063,900,207,693
117900065,452,1224,-772
117900066,10,162,-152
117900067,1564,161,1403
117900069,1638,309,1329
117900070,65,384,-319
117900071,222,165,57
117900073,1089,258,831
117900074,55,840,-785
117900075,187,69,118
117900076,22,137,-115
117900077,1066,181,885
117900078,694,851,-157
117900080,342,51,291
117900081,299,248,51
117900082,994,481,513
117900083,963,397,566
117900086,294,38,256
117900087,235,35,200
117900088,1255,1460,-205
117900089,3710,901,2809
117900090,965,407,558
117900091,179,54,125
117900092,174,21,153
117900093,255,68,187
117900094,70,47,23
117900095,532,490,42
117900096,292,542,-250
117900097,330,59,271
117900098,98,14,84
117900099,363,663,-300
117900100,856,5,851
117900101,988,3662,-2674
117900102,176,36,140
117900103,117,4,113
117900104,8,281,-273
117900105,127,150,-23
117900106,238,62,176
117900107,138,2,136
117900109,1483,432,1051
117900110,290,0,290
117900111,893,49,844
117900112,125,14,111
117900113,1512,3365,-1853
117900114,52,0,52
117900115,114,427,-313
117900116,784,656,128
117900117,1251,188,1063
117900118,218,3,215
117900119,404,72,332
117900120,1003,67,936
117900121,167,53,114
117900122,1089,8671,-7582
117900123,1755,381,1374
117900124,482,559,-77
117900125,2153,1862,291
117900126,182,402,-220
117900127,977,478,499
117900128,552,292,260
117900129,167,0,167
117900130,957,494,463
117900131,2,89,-87
117900132,41,135,-94
117900133,47,63,-16
117900134,84,230,-146
117900135,35,89,-54
117900136,0,15,-15
117900137,89,268,-179
117900138,1,6,-5
117900139,126,111,15
117900140,4714,837,3877
117900141,115,465,-350
117900142,15,650,-635
117900144,40,1869,-1829
117900145,16,223,-207
117900146,85,490,-405
117900147,183,128,55
117900148,3910,3830,80
117900149,156,120,36
117900150,92,165,-73
117900151,42,178,-136
117900152,101,158,-57
117900153,15,243,-228
117900154,882,617,265
117900156,520,678,-158
117900157,150,502,-352
117900158,638,150,488
117900160,1278,1165,113
117900161,1285,1271,14
117900162,1200,570,630
117900163,22,891,-869
117900165,0,9,-9
117900166,70,663,-593
117900168,73,156,-83
117900169,3,61,-58
117900170,19,28,-9
117900171,5,6,-1
117900172,31,12,19
117900173,74,189,-115
117900174,18,69,-51
117900175,3,23,-20
117900176,39,16,23
117900177,45,19,26
117900178,101,43,58
117900180,319,67,252
117900181,72,709,-637
117900182,0,94,-94
117900183,112,241,-129
117900184,81,151,-70
117900185,118,35,83
117900186,101,8,93
117900187,34,19,15
117900188,234,57,177
117900189,157,37,120
117900190,42,4,38
117900191,126,1,125
117900192,337,2,335
117900193,61,110,-49
117900194,27,4,23
117900195,13,139,-126
117900196,38,31,7
117900207,94,147,-53
117900208,45,28,17
117900209,198,93,105
117900210,210,184,26
117900211,9,74,-65
117900212,198,216,-18
117900213,82,4,78
117900214,9,19,-10
117900215,9,11,-2
117900216,9,66,-57
117900217,81,469,-388
117900218,312,154,158
117900219,2,271,-269
117900220,21,615,-594
117900221,6,21,-15
118000001,922,2679,-1757
118000002,661,1704,-1043
118000003,2562,5773,-3211
118000004,1527,4886,-3359
118000005,4661,5240,-579
118000006,3405,7129,-3724
118000007,6332,11374,-5042
118000008,1449,6692,-5243
118000009,1979,4141,-2162
118000010,5412,5446,-34
118000011,2898,2112,786
118000012,1412,2029,-617
118000013,3144,2777,367
118000014,2311,1532,779
118000016,435,312,123
118000017,1435,624,811
118000018,486,435,51
118000019,1455,2653,-1198
118000020,767,3831,-3064
118000021,803,4140,-3337
118000022,1161,1146,15
118000023,583,475,108
118000024,720,1745,-1025
118000025,292,1297,-1005
118000027,9992,10105,-113
118000029,538,1196,-658
118000032,278,3489,-3211
118000033,2750,7821,-5071
118000034,4219,5103,-884
118000035,2519,3393,-874
118000036,1147,1562,-415
118000037,1026,1922,-896
118000038,948,169,779
118000039,140,151,-11
118000040,2228,1828,400
118000041,4430,1748,2682
118000045,335,294,41
118000046,1075,2259,-1184
118000047,716,4624,-3908
118000048,1750,4610,-2860
118000051,1087,5774,-4687
118000052,549,2436,-1887
118000053,495,1226,-731
118000054,3629,1199,2430
118000055,3011,2560,451
118000056,183,943,-760
118000057,247,567,-320
118000058,2561,6300,-3739
118000059,2021,3868,-1847
118000060,1834,854,980
118000061,1803,1404,399
118000062,564,435,129
118000063,575,1419,-844
118000064,918,1898,-980
118000065,2234,2172,62
118000066,1662,5149,-3487
118000067,659,775,-116
118000068,1162,11371,-10209
118000069,1499,1894,-395
118000070,6882,3329,3553
118000071,4674,12908,-8234
118000072,935,4129,-3194
118000073,625,2185,-1560
118000074,792,568,224
118000075,689,415,274
118000076,2312,7326,-5014
118000077,1258,2657,-1399
118000078,2223,4392,-2169
118000079,367,822,-455
118000080,689,1648,-959
118000081,1935,2842,-907
118000082,426,1837,-1411
118000083,1811,2763,-952
118000084,2678,3836,-1158
118000086,211,845,-634
118000087,4488,3409,1079
118000088,1322,2042,-720
118000089,5034,3936,1098
118000090,1459,4575,-3116
118000091,1370,6331,-4961
118000092,1090,789,301
118000093,88,865,-777
118000096,599,1043,-444
118000097,693,1038,-345
118000098,278,405,-127
118000099,1365,565,800
118000101,2898,494,2404
118000102,691,842,-151
118000107,3284,901,2383
118000108,919,5269,-4350
118000110,0,34,-34
118000111,0,143,-143
118000112,1235,6,1229
118000113,6,239,-233
118000114,1114,14,1100
118000115,9,5,4
118000116,27,0,27
118000117,726,1122,-396
118000118,1315,2598,-1283
118000119,1393,2441,-1048
118000120,1402,1748,-346
118000121,18,600,-582
118000122,702,344,358
118000123,55,328,-273
118000125,1219,1603,-384
118000126,810,2923,-2113
118000127,1730,1468,262
118000128,395,2462,-2067
118000129,2201,1070,1131
118000130,2399,3182,-783
118000131,367,739,-372
118000132,4573,3474,1099
118000133,1857,920,937
118000135,862,1601,-739
118000136,124,839,-715
118000137,732,113,619
118000138,485,377,108
118000139,741,89,652
118000140,5005,11784,-6779
118000141,4147,2241,1906
118000142,3567,2258,1309
118000143,4644,1919,2725
118000144,1104,632,472
118000145,1778,1232,546
118000146,1758,523,1235
118000147,1532,1055,477
118000148,1003,1617,-614
118000149,1433,661,772
118000150,979,215,764
118000151,1386,442,944
118000153,3007,1216,1791
118000154,2238,1604,634
118000155,4177,1692,2485
118000156,3325,4901,-1576
118000157,944,418,526
118000158,393,653,-260
118000159,145,99,46
118000160,1348,402,946
118000161,1172,396,776
118000162,1937,1312,625
118000163,1678,1371,307
118000164,2816,1907,909
118000168,607,1866,-1259
118000169,1085,965,120
118000170,3829,3173,656
118000171,550,485,65
118000172,114,175,-61
118000173,1166,2229,-1063
118000175,356,338,18
118000176,560,765,-205
118000177,580,981,-401
118000178,44,72,-28
118000179,1230,1451,-221
118000180,1155,808,347
118000181,893,286,607
118000182,359,216,143
118000183,428,290,138
118000184,1800,549,1251
118000185,1026,2834,-1808
118000186,676,1913,-1237
118000187,3279,533,2746
118000188,1266,113,1153
118000189,1386,423,963
118000190,7,10,-3
118000191,32,39,-7
118000192,20,197,-177
118000193,29,337,-308
118000194,2356,901,1455
118000195,264,5338,-5074
118000196,203,719,-516
118000197,90,231,-141
118000198,464,2070,-1606
118000199,416,1340,-924
118000200,88,743,-655
118000201,309,1130,-821
118000202,53,360,-307
118000203,389,1481,-1092
118000204,70,726,-656
118000205,108,440,-332
118000206,354,321,33
118000207,0,64,-64
118000208,1818,2127,-309
118000209,4033,1119,2914
118000210,228,52,176
118000211,175,79,96
118000213,400,5683,-5283
118000214,410,958,-548
118000215,560,144,416
118000216,7880,2132,5748
118000217,15,101,-86
118000218,231,57,174
118000219,314,323,-9
118000220,13,69,-56
118000221,770,695,75
118000222,78,14,64
118000223,152,62,90
118000224,164,61,103
118000225,116,1738,-1622
118000226,1565,253,1312
118000227,1035,618,417
118000228,70,597,-527
118000229,71,599,-528
118000230,225,205,20
118000231,86,305,-219
118000232,1487,418,1069
118000233,2086,864,1222
118000234,803,195,608
118000236,495,447,48
118000237,152,266,-114
118000238,348,184,164
118000239,510,347,163
118000240,196,105,91
118000241,292,226,66
118000242,866,244,622
118000243,385,215,170
118000244,63,84,-21
118000246,1,49,-48
118000255,56,301,-245
118000256,238,165,73
118000259,42,102,-60
118000260,324,93,231
118000261,92,26,66
118000263,173,246,-73
118000266,299,334,-35
118000267,1,385,-384
118000268,262,5,257
118000270,225,6,219
118000271,280,146,134
118000272,111,42,69
118000273,392,60,332
118000274,100,388,-288
118000276,778,384,394
118000295,38,116,-78
118000298,220,150,70
118000299,66,132,-66
118000301,1,108,-107
118000302,113,26,87
118000311,1589,103,1486
118000312,522,124,398
118000313,183,118,65
118000314,244,46,198
118000315,126,8,118
118000316,1554,436,1118
118000325,150,35,115
118000326,116,19,97
118000331,52,16,36
118000332,13,23,-10
118000333,44,46,-2
118000335,758,1,757
118000336,1,135,-134
118000407,514,34,480
118000457,4,144,-140
118000465,1032,3774,-2742
118000480,50,52,-2
118000489,18,1024,-1006
118000490,3,230,-227
118000492,548,186,362
118000510,27,33,-6
118000514,104,967,-863
118000515,720,1355,-635
118000517,788,132,656
118000524,168,579,-411
118000525,614,819,-205
118000530,82,296,-214
118000531,711,203,508
118000532,381,232,149
118000533,287,145,142
118000534,1083,353,730
118000535,449,159,290
118000536,111,879,-768
118000537,35,132,-97
118000538,22,110,-88
118000539,37,155,-118
118000540,240,283,-43
118000541,133,104,29
118000542,195,461,-266
118000543,318,370,-52
118000546,95,44,51
118000560,1390,3279,-1889
118000562,42,117,-75
118000563,1592,1108,484
118000576,263,46,217
118000577,208,170,38
118000578,86,60,26
118000579,799,2598,-1799
118000595,267,113,154
118000596,2,683,-681
118000597,90,61,29
118000598,17,0,17
118000599,113,52,61
118000600,0,33,-33
118000601,45,0,45
118000602,0,11,-11
118000603,0,10,-10
118900001,617,1653,-1036
118900002,719,1462,-743
118900003,931,15,916
118900004,91,33,58
118900005,101,10,91
118900006,357,8,349
118900007,3,0,3
118900008,1658,74,1584
118900009,100,118,-18
118900010,140,5,135
118900011,262,19,243
118900012,394,237,157
118900013,977,614,363
118900015,451,82,369
118900016,14,7,7
118900017,36,258,-222
118900018,1702,40,1662
118900019,17,15,2
118900020,73,223,-150
118900021,181,817,-636
118900022,203,43,160
118900023,101,192,-91
118900024,193,226,-33
118900025,59,42,17
118900026,83,31,52
118900027,469,221,248
118900028,235,225,10
118900029,343,710,-367
118900030,1037,73,964
118900031,227,46,181
118900032,556,116,440
118900033,351,902,-551
118900034,309,37,272
118900035,144,87,57
118900036,1701,558,1143
118900037,386,788,-402
118900038,735,82,653
118900039,1030,105,925
118900040,373,171,202
118900041,969,257,712
118900042,214,92,122
118900045,324,203,121
118900046,544,344,200
118900047,350,533,-183
118900048,96,845,-749
118900049,125,45,80
118900050,96,16,80
118900051,53,233,-180
118900052,399,660,-261
118900053,17,137,-120
118900054,347,20,327
118900055,255,22,233
118900056,26,480,-454
118900057,1430,779,651
118900058,512,619,-107
118900059,25,136,-111
118900060,97,60,37
118900062,576,188,388
118900064,219,918,-699
118900065,67,144,-77
118900066,125,97,28
118900067,2975,7089,-4114
118900068,17,365,-348
118900069,993,197,796
118900071,6,32,-26
118900072,739,488,251
118900073,447,139,308
118900074,299,75,224
118900075,174,40,134
118900076,224,191,33
118900077,507,204,303
118900078,17,1,16
118900079,86,152,-66
118900080,98,79,19
118900081,64,51,13
118900082,2344,220,2124
118900083,33,10,23
118900084,11,19,-8
118900085,736,438,298
118900086,58,174,-116
118900087,112,832,-720
118900088,0,0,0
118900089,31,28,3
118900090,712,249,463
118900091,127,354,-227
118900092,598,47,551
118900093,99,26,73
118900096,59,22,37
118900097,313,697,-384
118900099,135,237,-102
118900100,77,324,-247
118900101,341,201,140
118900102,50,120,-70
118900103,35,266,-231
118900104,579,123,456
118900105,324,118,206
118900107,161,54,107
118900108,178,115,63
118900109,251,659,-408
118900110,1237,1326,-89
118900111,1019,460,559
118900112,208,195,13
118900113,110,307,-197
118900114,28,277,-249
118900115,170,568,-398
118900116,98,232,-134
118900117,162,150,12
118900118,489,300,189
118900119,205,222,-17
118900120,138,420,-282
118900121,54,73,-19
118900122,11,1463,-1452
118900123,228,330,-102
118900124,162,124,38
118900126,63,600,-537
118900129,457,340,117
118900130,23,236,-213
118900131,482,214,268
118900132,428,227,201
118900133,10,188,-178
118900135,352,165,187
118900136,342,305,37
118900137,24,128,-104
118900139,327,206,121
118900140,826,452,374
118900141,163,89,74
118900144,194,262,-68
118900145,18,114,-96
118900146,617,547,70
118900147,115,511,-396
118900148,83,51,32
118900150,110,715,-605
118900152,812,557,255
118900157,52,268,-216
118900158,200,68,132
118900159,0,143,-143
118900161,67,31,36
118900163,107,107,0
118900164,1,38,-37
118900165,150,70,80
118900166,20,0,20
118900167,146,80,66
118900168,46,328,-282
118900169,199,180,19
118900170,441,27,414
118900171,106,52,54
118900174,162,34,128
118900175,965,607,358
118900176,341,381,-40
118900177,161,26,135
118900178,89,159,-70
118900179,6,20,-14
118900181,118,81,37
118900182,51,95,-44
118900183,25,283,-258
118900184,349,239,110
118900185,189,82,107
118900186,100,213,-113
118900187,248,443,-195
118900188,433,300,133
118900189,48,1018,-970
118900190,73,203,-130
118900191,446,21,425
118900192,586,13,573
118900193,1281,32,1249
118900195,315,529,-214
118900196,76,194,-118
118900197,490,27,463
118900198,38,4,34
118900199,148,11,137
118900200,42,40,2
118900201,62,129,-67
118900202,13,46,-33
118900203,42,2,40
118900204,20,12,8
118900205,4,11,-7
118900206,31,2,29
119000001,2329,3746,-1417
119000002,5101,6991,-1890
119000003,5471,1056,4415
119000004,3978,2802,1176
119000005,3151,3933,-782
119000006,5551,2293,3258
119000007,5656,4927,729
119000008,2678,1974,704
119000009,4069,8702,-4633
119000010,4816,5193,-377
119000011,3099,3977,-878
119000012,1362,4322,-2960
119000013,4663,2889,1774
119000014,1709,2979,-1270
119000019,488,198,290
119000020,4012,2661,1351
119000021,8923,5399,3524
119000022,1585,6167,-4582
119000023,286,369,-83
119000024,2973,26942,-23969
119000025,4750,1355,3395
119000026,56,953,-897
119000027,193,596,-403
119000028,2237,755,1482
119000029,87,368,-281
119000030,759,1064,-305
119000031,1216,610,606
119000032,4110,2654,1456
119000033,3223,1364,1859
119000034,2131,918,1213
119000035,41,308,-267
119000036,3868,480,3388
119000037,2386,1004,1382
119000038,302,415,-113
119000039,1003,608,395
119000040,1171,1362,-191
119000041,959,1934,-975
119000048,2753,2082,671
119000049,3929,1770,2159
119000050,1850,1530,320
119000051,2940,1250,1690
119000052,3758,3322,436
119000053,2867,1286,1581
119000054,5009,1880,3129
119000055,8556,2760,5796
119000056,5792,2368,3424
119000057,2597,1308,1289
119000058,2435,1541,894
119000059,1581,1637,-56
119000060,2469,1276,1193
119000061,1644,846,798
119000062,1599,1503,96
119000063,921,676,245
119000064,1113,1348,-235
119000065,1761,4971,-3210
119000066,3003,1607,1396
119000067,2391,1780,611
119000068,2698,1067,1631
119000069,2559,2141,418
119000070,5207,707,4500
119000071,677,730,-53
119000072,7319,4390,2929
119000073,5028,14292,-9264
119000074,2369,1751,618
119000075,5738,2898,2840
119000076,291,2251,-1960
119000077,692,1304,-612
119000078,722,464,258
119000079,232,1485,-1253
119000080,1087,334,753
119000081,480,1500,-1020
119000082,1381,416,965
119000083,1043,612,431
119000084,429,633,-204
119000085,1334,159,1175
119000086,453,969,-516
119000087,974,430,544
119000088,554,216,338
119000089,119,305,-186
119000090,219,91,128
119000091,138,348,-210
119000092,682,140,542
119000093,4829,2670,2159
119000094,6015,7331,-1316
119000095,3479,4454,-975
119000097,1991,1101,890
119000098,1863,6291,-4428
119000099,2959,1285,1674
119000100,7147,4027,3120
119000101,4927,2816,2111
119000102,730,2361,-1631
119000103,1311,1188,123
119000104,1555,959,596
119000105,1342,4008,-2666
119000106,527,698,-171
119000107,1948,855,1093
119000108,714,525,189
119000109,281,1884,-1603
119000110,435,1845,-1410
119000111,51,1478,-1427
119000112,145,388,-243
119000113,1438,704,734
119000114,2362,1765,597
119000115,177,259,-82
119000116,139,205,-66
119000117,218,536,-318
119000118,5,4,1
119000123,3419,5087,-1668
119000124,1505,204,1301
119000125,7507,520,6987
119000126,1547,394,1153
119000127,1426,425,1001
119000128,30,3,27
119000131,1743,272,1471
119000132,0,1,-1
119000133,1,19,-18
119000134,1761,753,1008
119000135,276,350,-74
119000136,616,112,504
119000137,520,152,368
119000138,1383,100,1283
119000139,354,108,246
119000140,635,448,187
119000284,1130,2307,-1177
119000285,2186,1504,682
119000286,4608,3805,803
119000287,1892,1716,176
119000288,2993,1054,1939
119000289,1541,3648,-2107
119000290,380,272,108
119000291,89,272,-183
119000293,220,235,-15
119000294,87,40,47
119000295,1648,277,1371
119000296,376,158,218
119000302,1829,1736,93
119000303,23,361,-338
119000314,1807,19125,-17318
119000315,0,133,-133
119000316,353,75,278
119000317,197,73,124
119900001,234,2635,-2401
119900002,253,306,-53
119900003,34,404,-370
119900004,181,3371,-3190
119900005,386,63,323
119900006,269,597,-328
119900007,1004,308,696
119900008,17,35,-18
119900009,644,388,256
119900010,947,2212,-1265
119900011,61,455,-394
119900012,26,230,-204
119900013,2759,2697,62
119900014,474,417,57
119900015,509,85,424
119900016,104,91,13
119900017,64,47,17
119900018,1308,2182,-874
119900019,89,11,78
119900020,137,203,-66
119900021,329,75,254
119900022,135,2113,-1978
119900023,414,4011,-3597
119900025,624,33,591
119900026,796,182,614
119900027,35,20,15
119900028,416,315,101
119900029,6,8,-2
119900030,858,364,494
119900031,98,1310,-1212
119900033,2256,437,1819
119900034,1241,53,1188
119900037,369,15,354
119900038,57,703,-646
119900039,56,72,-16
119900040,299,30,269
119900041,308,17,291
119900042,141,209,-68
119900043,220,162,58
119900044,195,1312,-1117
119900046,359,37,322
119900047,744,292,452
119900048,76,15,61
119900049,243,10,233
119900050,380,375,5
119900051,2159,16,2143
119900052,155,33,122
119900053,508,108,400
119900054,534,10,524
119900055,2348,553,1795
119900057,428,44,384
119900058,681,13,668
119900059,82,44,38
119900060,582,77,505
119900061,673,5,668
119900062,184,19,165
119900063,16,92,-76
119900064,1202,148,1054
119900065,366,9,357
119900066,2,0,2
119900067,193,52,141
119900068,1204,6,1198
119900069,247,10,237
119900070,2445,25,2420
119900071,1537,83,1454
119900072,539,190,349
119900073,1172,439,733
119900074,14,83,-69
119900075,1771,2451,-680
119900076,1569,305,1264
119900077,1658,368,1290
119900078,952,540,412
119900079,656,79,577
119900080,540,354,186
119900081,250,8,242
119900082,3183,373,2810
119900083,563,65,498
119900084,627,596,31
119900085,102,49,53
119900086,525,374,151
119900087,521,924,-403
119900088,55,20,35
119900089,68,167,-99
119900090,85,28,57
119900091,115,241,-126
119900092,67,311,-244
119900093,2519,385,2134
119900094,44,140,-96
119900095,164,125,39
119900096,24,96,-72
119900097,248,242,6
119900098,115,47,68
119900099,39,131,-92
119900100,771,3771,-3000
119900101,183,2885,-2702
119900102,63,140,-77
119900103,121,151,-30
119900104,52,158,-106
119900105,1030,9486,-8456
119900106,8,93,-85
119900107,260,1322,-1062
119900108,8373,741,7632
119900109,45,139,-94
119900110,1369,439,930
119900111,276,96,180
119900112,743,969,-226
119900113,92,191,-99
119900114,433,669,-236
119900115,762,337,425
119900116,176,568,-392
119900117,684,355,329
119900118,228,195,33
119900119,592,140,452
119900120,769,375,394
119900121,816,313,503
119900122,115,233,-118
119900123,250,448,-198
119900124,368,369,-1
119900125,42,243,-201
119900126,4527,262,4265
119900127,802,522,280
119900128,760,369,391
119900129,567,160,407
119900130,29,185,-156
119900131,70,79,-9
119900132,5,83,-78
119900133,190,96,94
119900134,592,115,477
119900135,1,215,-214
119900136,161,201,-40
119900138,224,451,-227
119900139,31,128,-97
119900140,1,108,-107
119900141,68,1373,-1305
119900142,22,42,-20
119900143,46,518,-472
119900144,1141,227,914
119900145,153,117,36
119900146,206,191,15
119900147,2,233,-231
119900148,581,60,521
119900149,531,8439,-7908
119900150,172,112,60
119900151,2507,1161,1346
119900152,316,157,159
119900153,349,106,243
119900154,32,89,-57
119900155,61,37,24
119900156,8,9,-1
119900157,321,132,189
119900158,398,67,331
119900159,0,371,-371
119900160,75,59,16
119900161,140,151,-11
119900162,1818,1138,680
119900163,69,167,-98
119900164,0,3,-3
119900165,318,70,248
119900166,122,59,63
119900167,9,68,-59
119900168,1973,418,1555
119900169,82,375,-293
119900170,225,308,-83
119900171,1166,403,763
119900172,74,51,23
119900173,32,143,-111
119900174,3,112,-109
119900175,2964,403,2561
119900177,28,123,-95
119900178,11,91,-80
119900179,330,1328,-998
119900180,1395,1094,301
119900181,38,159,-121
119900182,8,94,-86
119900183,169,589,-420
119900184,748,427,321
119900185,87,406,-319
119900186,33,2239,-2206
119900187,11,199,-188
119900188,241,329,-88
119900189,218,384,-166
119900190,120,525,-405
119900191,245,604,-359
119900192,155,204,-49
119900193,888,107,781
119900194,54,89,-35
119900195,372,175,197
119900196,370,173,197
119900197,619,217,402
119900198,239,282,-43
119900199,184,31,153
119900200,1037,662,375
119900201,259,171,88
119900202,69,348,-279
119900203,220,905,-685
119900204,490,327,163
119900205,1589,295,1294
119900206,446,134,312
119900208,189,215,-26
119900209,883,2665,-1782
119900210,76,18,58
119900211,156,12,144
119900212,569,301,268
119900213,12,109,-97
119900214,115,24,91
119900215,68,32,36
119900216,40,24,16
119900217,45,53,-8
119900218,21,126,-105
119900219,12,55,-43
119900220,6,18,-12
119900221,86,70,16
119900222,40,69,-29
119900223,15,32,-17
119900224,30,19,11
119900225,266,49,217
119900226,325,2632,-2307
119900227,379,362,17
119900228,36,207,-171
119900229,192,340,-148
119900230,1128,356,772
119900231,559,76,483
119900232,329,146,183
119900233,110,26,84
119900234,22,156,-134
119900235,15,41,-26
119900236,18,166,-148
119900237,107,807,-700
119900238,0,67,-67
119900240,144,94,50
119900241,243,127,116
119900242,2012,1876,136
119900244,843,1167,-324
119900245,276,255,21
119900246,242,715,-473
119900247,37,97,-60
119900248,51,680,-629
119900249,551,152,399
119900253,1246,502,744
119900254,105,1733,-1628
119900255,247,1773,-1526
119900256,1853,621,1232
119900257,215,7,208
119900258,445,27,418
119900259,9,49,-40
119900260,415,15,400
119900261,821,199,622
119900262,1,105,-104
119900263,2208,274,1934
119900264,235,62,173
119900265,1337,233,1104
119900266,784,237,547
119900267,284,334,-50
119900268,248,119,129
119900269,3046,509,2537
119900271,47,130,-83
119900272,350,628,-278
119900275,263,58,205
119900276,148,2,146
119900277,15,9,6
119900278,252,102,150
119900279,109,336,-227
119900280,532,123,409
119900281,1,483,-482
119900282,36,210,-174
119900283,32,92,-60
119900284,64,134,-70
119900285,4,165,-161
119900286,1,36,-35
119900288,7,1,6
119900289,1,0,1
119900290,10,1,9
119900291,0,85,-85
119900292,39,76,-37
119900293,46,67,-21
119900294,42,46,-4
119900295,32,9,23
119900296,105,49,56
119900297,0,11,-11
119900298,5,10,-5
119900299,127,94,33
119900300,343,209,134
119900301,82,254,-172
119900302,66,113,-47
119900303,594,150,444
119900304,322,12,310
119900305,12,75,-63
119900306,38,5,33
119900307,124,65,59
119900308,14,12,2
119900309,70,374,-304
119900310,405,303,102
119900311,282,37,245
119900312,288,79,209
119900313,298,277,21
119900314,369,599,-230
119900315,3614,1033,2581
119900318,28,110,-82
119900319,1,140,-139
119900320,420,350,70
119900321,290,30,260
120000001,11325,41244,-29919
120000002,3571,3224,347
120000003,2968,1644,1324
120000004,3295,1413,1882
120000005,2715,1937,778
120000006,1501,1142,359
120000007,3236,6269,-3033
120000008,1145,1252,-107
120000009,1785,1051,734
120000010,3129,2540,589
120000011,1242,1472,-230
120000012,2268,2501,-233
120000013,5034,3464,1570
120000014,1016,1726,-710
120000015,3778,1918,1860
120000016,6154,2653,3501
120000017,7031,5057,1974
120000018,4646,24893,-20247
120000019,1663,2430,-767
120000020,3523,5480,-1957
120000021,2583,3145,-562
120000022,3711,5277,-1566
120000023,2213,2136,77
120000024,1676,3090,-1414
120000025,4480,2129,2351
120000026,5007,2549,2458
120000027,3821,3119,702
120000028,1730,5691,-3961
120000029,1220,5227,-4007
120000030,248,1378,-1130
120000031,3080,8063,-4983
120000032,5884,3824,2060
120000033,5684,1890,3794
120000034,4838,1237,3601
120000035,5415,2607,2808
120000036,5669,7688,-2019
120000037,764,2658,-1894
120000038,8428,4434,3994
120000039,1291,1206,85
120000040,101,2131,-2030
120000041,637,1803,-1166
120000042,2976,1581,1395
120000043,7693,1202,6491
120000044,9979,1857,8122
120000045,12792,1050,11742
120000046,7925,5289,2636
120000047,545,15687,-15142
120000048,9630,5496,4134
120000049,5465,3956,1509
120000050,5136,5885,-749
120000051,3283,5869,-2586
120000052,9364,1465,7899
120000053,1972,1768,204
120000054,1801,2849,-1048
120000055,2174,4072,-1898
120000056,7321,4638,2683
120000057,6761,2219,4542
120000058,1924,3343,-1419
120000059,29,2198,-2169
120000061,144,747,-603
120000062,210,543,-333
120000063,1075,2155,-1080
120000064,520,682,-162
120000065,636,1055,-419
120000066,518,546,-28
120000067,20,390,-370
120000068,289,330,-41
120000069,1068,453,615
120000070,267,470,-203
120000071,1436,70,1366
120000072,1662,534,1128
120000073,1659,138,1521
120000074,198,203,-5
120000075,1944,715,1229
120000076,4127,513,3614
120000077,4058,961,3097
120000078,3899,1620,2279
120000079,420,222,198
120000080,179,271,-92
120000081,420,152,268
120000082,419,389,30
120000083,101,1067,-966
120000084,407,529,-122
120000085,335,551,-216
120000086,242,309,-67
120000087,381,289,92
120000088,1153,1064,89
120000089,1726,447,1279
120000090,1355,515,840
120000091,1845,764,1081
120000092,1877,541,1336
120000093,1497,809,688
120000094,519,1281,-762
120000095,1368,382,986
120000096,522,415,107
120000098,1540,428,1112
120000099,638,573,65
120000100,1195,825,370
120000101,1065,665,400
120000102,1227,1483,-256
120000103,2332,1427,905
120000104,3511,713,2798
120000105,4899,554,4345
120000106,4855,781,4074
120000107,9068,683,8385
120000108,3082,210,2872
120000109,2061,71,1990
120000110,82,735,-653
120000111,153,657,-504
120000112,839,1456,-617
120000113,641,1265,-624
120000114,619,1390,-771
120000115,358,1452,-1094
120000116,624,1458,-834
120000117,626,1135,-509
120000118,39,79,-40
120000119,30,37,-7
120000120,238,239,-1
120000121,21,45,-24
120000122,259,1117,-858
120000123,2654,14508,-11854
120000124,709,567,142
120000125,1637,598,1039
120000126,486,2283,-1797
120000127,1372,2750,-1378
120000128,2687,6798,-4111
120000129,224,304,-80
120000130,1182,571,611
120000131,650,757,-107
120000134,416,350,66
120000135,1635,773,862
120000137,488,388,100
120000138,3013,241,2772
120000139,427,178,249
120000140,2331,175,2156
120000141,426,305,121
120000142,1456,406,1050
120000143,1,45,-44
120000144,214,13,201
120000145,1078,2,1076
120000146,1340,2233,-893
120000149,763,680,83
120000150,2630,16685,-14055
120000151,680,394,286
120000152,1665,150,1515
120000153,1097,525,572
120000154,972,916,56
120000155,297,504,-207
120000156,398,3248,-2850
120000157,1541,612,929
120000158,1897,794,1103
120000159,2210,2054,156
120000160,3175,2482,693
120000161,5090,2930,2160
120000162,237,405,-168
120000163,1384,648,736
120000164,1312,193,1119
120000165,1354,468,886
120000166,2348,380,1968
120000167,667,699,-32
120000168,34,2244,-2210
120000169,94,5205,-5111
120000170,27,5181,-5154
120000171,34,1701,-1667
120000172,13,1019,-1006
120000173,284,5033,-4749
120000174,64,111,-47
120000175,60,161,-101
120000176,56,92,-36
120000177,911,164,747
120000178,15,52,-37
120000179,55,113,-58
120000180,96,160,-64
120000181,334,5110,-4776
120000182,195,2272,-2077
120000183,14,1648,-1634
120000184,341,3558,-3217
120000186,26,2462,-2436
120000187,20,1213,-1193
120000188,36,1897,-1861
120000190,55,167,-112
120000191,163,182,-19
120000192,134,49,85
120000193,64,5,59
120000195,19,4,15
120000196,49,14,35
120000197,17,29,-12
120000198,564,34,530
120000199,701,0,701
120000200,581,3,578
120000201,27,103,-76
120000202,6,56,-50
120000203,196,150,46
120000207,2,41,-39
120000208,28,71,-43
120000209,6,22,-16
120000210,75,22,53
120000211,456,11,445
120000212,428,2,426
120000213,416,116,300
120000214,0,124,-124
120000215,1,108,-107
120000216,403,36,367
120000217,349,1179,-830
120000218,63,523,-460
120000219,4,375,-371
120000220,5,778,-773
120000225,4240,6,4234
120000226,964,19,945
120000227,1741,286,1455
120000228,19096,6323,12773
120000230,827,26,801
120000231,3143,931,2212
120000233,999,17,982
120000235,520,372,148
120000236,2485,1,2484
120000237,1,734,-733
120000238,6,1722,-1716
120000241,1845,6656,-4811
120000412,291,3,288
120000413,762,142,620
120000414,396,4,392
120000415,2,19,-17
120000416,213,5,208
120000417,6,63,-57
120000418,397,42,355
120000419,14,71,-57
120000420,31,9,22
120000421,8847,5188,3659
120000422,230,3229,-2999
120000423,8,103,-95
120000424,311,79,232
120000436,119,1546,-1427
120000437,116,171,-55
120000438,1835,310,1525
120000439,416,976,-560
120000443,190,0,190
120000444,2747,397,2350
120000445,3155,1442,1713
120000446,1768,234,1534
120000447,576,3,573
120000449,423,8,415
120000450,14,104,-90
120000451,251,247,4
120000452,695,3,692
120000453,0,65,-65
120000454,68,116,-48
120000455,148,52,96
120000456,5696,7503,-1807
120000457,616,449,167
120000458,621,482,139
120000459,214,80,134
120000665,357,482,-125
120000668,192,8210,-8018
120000669,273,160,113
120000670,87,3886,-3799
120000671,3799,980,2819
120000672,105,433,-328
120900001,120,87,33
120900002,155,1054,-899
120900003,340,24,316
120900004,23,323,-300
120900005,2,386,-384
120900006,1326,372,954
120900007,539,73,466
120900008,747,564,183
120900009,276,14,262
120900010,1143,300,843
120900011,74,340,-266
120900012,71,2049,-1978
120900013,618,204,414
120900014,2,435,-433
120900015,1373,122,1251
120900016,2700,126,2574
120900017,2395,117,2278
120900018,408,268,140
120900019,885,696,189
120900020,741,1563,-822
120900021,1220,293,927
120900022,12,247,-235
120900023,550,32,518
120900024,2330,704,1626
120900025,1331,1326,5
120900026,196,196,0
120900027,804,40,764
120900028,1012,297,715
120900029,64,1417,-1353
120900030,4085,1116,2969
120900031,651,202,449
120900032,2413,63,2350
120900033,2429,143,2286
120900034,20,5572,-5552
120900035,129,123,6
120900037,548,27,521
120900038,215,822,-607
120900039,220,106,114
120900040,782,18,764
120900041,47,27,20
120900042,1171,37,1134
120900043,162,67,95
120900044,14,695,-681
120900045,131,49,82
120900046,1291,11,1280
120900047,353,358,-5
120900048,453,80,373
120900049,1139,9,1130
120900050,1256,3839,-2583
120900051,670,96,574
120900052,1521,14,1507
120900053,925,43,882
120900054,1023,346,677
120900055,988,3,985
120900056,1558,51,1507
120900057,601,33,568
120900058,1374,9,1365
120900059,343,9,334
120900060,143,37,106
120900061,285,150,135
120900062,604,7,597
120900063,2052,29,2023
120900064,1576,4,1572
120900065,1343,6,1337
120900066,960,133,827
120900067,440,122,318
120900068,826,1,825
120900069,775,27,748
120900071,60,1,59
120900072,1907,26,1881
120900073,1855,80,1775
120900074,1660,49,1611
120900076,707,0,707
120900077,1587,365,1222
120900078,1688,363,1325
120900079,2141,127,2014
120900080,2049,499,1550
120900081,2600,451,2149
120900082,321,618,-297
120900083,141,0,141
120900084,925,907,18
120900085,79,98,-19
120900086,72,897,-825
120900087,821,452,369
120900088,335,1264,-929
120900089,1761,6001,-4240
120900090,465,30,435
120900091,539,1238,-699
120900092,372,320,52
120900093,1115,177,938
120900094,221,182,39
120900095,532,34,498
120900096,137,222,-85
120900097,804,516,288
120900098,169,205,-36
120900099,120,56,64
120900100,82,342,-260
120900101,175,164,11
120900102,115,80,35
120900103,154,264,-110
120900104,17,41,-24
120900105,85,253,-168
120900106,492,218,274
120900107,157,122,35
120900108,20,178,-158
120900109,46,298,-252
120900110,19,206,-187
120900111,177,268,-91
120900112,114,302,-188
120900113,31,318,-287
120900114,89,140,-51
120900115,206,322,-116
120900116,946,241,705
120900117,18,169,-151
120900118,22,277,-255
120900119,19803,3058,16745
120900120,93,330,-237
120900121,71,288,-217
120900122,1562,194,1368
120900123,23,146,-123
120900124,4,158,-154
120900125,12,422,-410
120900126,618,575,43
120900127,15,163,-148
120900128,485,806,-321
120900129,10,147,-137
120900130,20,267,-247
120900131,254,203,51
120900132,2156,169,1987
120900133,32,367,-335
120900134,168,231,-63
120900135,2,332,-330
120900136,89,200,-111
120900137,772,113,659
120900138,12,198,-186
120900139,1,257,-256
120900140,4,508,-504
120900141,513,186,327
120900142,15,84,-69
120900143,0,259,-259
120900144,3,58,-55
120900145,208,327,-119
120900146,2,299,-297
120900147,2,274,-272
120900148,274,113,161
120900149,1,88,-87
120900150,130,288,-158
120900151,0,164,-164
120900152,0,8,-8
120900153,0,0,0
120900154,0,81,-81
120900155,385,393,-8
120900156,132,148,-16
120900157,5,5,0
120900158,150,205,-55
120900159,4,42,-38
120900160,53,376,-323
120900161,151,542,-391
120900162,91,1382,-1291
120900163,302,5134,-4832
120900164,0,87,-87
120900165,3,322,-319
120900166,52,1290,-1238
120900167,300,117,183
120900169,170,200,-30
120900170,306,6740,-6434
120900171,347,189,158
120900172,153,6545,-6392
120900173,0,40,-40
120900174,20,145,-125
120900175,226,115,111
120900176,54,594,-540
120900177,3,2965,-2962
120900178,1,1169,-1168
120900179,224,353,-129
120900180,75,447,-372
120900181,50,49,1
120900182,69,133,-64
120900183,1178,104,1074
120900184,344,89,255
120900185,1156,1965,-809
120900186,1,144,-143
120900187,965,1004,-39
120900188,398,17,381
120900189,118,5570,-5452
120900190,434,16,418
120900191,125,22,103
120900192,5431,21820,-16389
120900194,148,192,-44
120900195,155,263,-108
120900196,566,60,506
120900197,1160,242,918
120900198,191,356,-165
120900199,742,1404,-662
120900200,21,171,-150
120900201,303,109,194
120900202,1,73,-72
120900203,71,110,-39
120900204,78,194,-116
120900205,96,33,63
120900206,98,60,38
121000001,836,2625,-1789
121000002,3456,3146,310
121000003,6376,2825,3551
121000004,3406,4852,-1446
121000005,2342,3391,-1049
121000006,4915,4607,308
121000007,2886,8847,-5961
121000008,5838,8718,-2880
121000009,5138,12236,-7098
121000010,8604,10520,-1916
121000011,8705,14840,-6135
121000012,17168,9599,7569
121000013,8460,9106,-646
121000014,7827,6579,1248
121000015,7070,11899,-4829
121000016,5760,5856,-96
121000017,3374,2425,949
121000018,4983,2633,2350
121000019,10153,9894,259
121000020,13521,20761,-7240
121000021,2681,2190,491
121000022,4141,4648,-507
121000023,3629,1505,2124
121000024,6455,6469,-14
121000025,505,1892,-1387
121000026,426,238,188
121000027,2503,2093,410
121000028,1324,1160,164
121000029,1313,711,602
121000030,1107,626,481
121000031,619,1166,-547
121000032,270,284,-14
121000034,567,629,-62
121000035,331,311,20
121000036,1339,1724,-385
121000037,800,2488,-1688
121000038,530,1245,-715
121000039,292,557,-265
121000041,577,713,-136
121000042,316,640,-324
121000043,681,1030,-349
121000044,1877,1747,130
121000045,778,299,479
121000046,1390,1365,25
121000047,87,98,-11
121000049,1285,996,289
121000050,329,3167,-2838
121000051,973,451,522
121000052,676,1793,-1117
121000053,454,257,197
121000054,94,761,-667
121000055,1106,4809,-3703
121000056,1277,1893,-616
121000057,256,1010,-754
121000058,278,330,-52
121000059,4915,1949,2966
121000060,825,1716,-891
121000061,82,642,-560
121000062,262,1131,-869
121000063,1184,1614,-430
121000064,757,1003,-246
121000065,269,1421,-1152
121000066,368,1096,-728
121000067,526,1125,-599
121000068,660,786,-126
121000069,220,2278,-2058
121000070,2091,2014,77
121000071,2408,2816,-408
121000072,1884,1624,260
121000073,1595,2467,-872
121000074,174,433,-259
121000075,14,258,-244
121000076,466,522,-56
121000077,223,272,-49
121000078,101,282,-181
121000080,2831,900,1931
121000081,6278,6140,138
121000082,127,548,-421
121000083,117,206,-89
121000084,297,405,-108
121000085,416,653,-237
121000086,1618,805,813
121000087,124,357,-233
121000088,1047,786,261
121000089,307,1106,-799
121000090,291,604,-313
121000091,1670,1375,295
121000092,354,72,282
121000093,474,310,164
121000094,515,1313,-798
121000095,212,1715,-1503
121000096,8347,4033,4314
121000097,587,4506,-3919
121000098,782,504,278
121000099,1073,770,303
121000100,1393,186,1207
121000101,598,243,355
121000102,523,140,383
121000103,378,152,226
121000104,411,70,341
121000105,642,118,524
121000106,451,219,232
121000107,2528,3698,-1170
121000109,1531,1098,433
121000110,318,1145,-827
121000114,6789,3785,3004
121000115,6142,1143,4999
121000116,544,1920,-1376
121000117,345,403,-58
121000118,2507,423,2084
121000119,420,335,85
121000120,647,502,145
121000121,692,2394,-1702
121000123,1343,684,659
121000126,96,685,-589
121000127,262,179,83
121000128,1604,236,1368
121000129,1419,472,947
121000130,898,679,219
121000131,1464,1392,72
121000132,876,1838,-962
121000135,545,929,-384
121000136,1189,2080,-891
121000137,1151,537,614
121000138,856,2463,-1607
121000139,341,936,-595
121000141,367,514,-147
121000142,862,1001,-139
121000143,203,27,176
121000144,586,1403,-817
121000145,1003,1301,-298
121000146,1658,2331,-673
121000147,1555,1081,474
121000148,1242,1195,47
121000149,3135,4327,-1192
121000152,485,452,33
121000153,2195,637,1558
121000154,2448,885,1563
121000155,3660,1771,1889
121000156,531,1725,-1194
121000157,1040,2269,-1229
121000158,385,426,-41
121000159,362,516,-154
121000160,496,584,-88
121000161,388,517,-129
121000162,244,111,133
121000165,2082,3129,-1047
121000166,51,557,-506
121000168,742,329,413
121000169,163,191,-28
121000170,396,105,291
121000171,52,288,-236
121000172,1514,1596,-82
121000173,2896,2431,465
121000174,1014,1060,-46
121000175,2675,794,1881
121000176,696,409,287
121000177,1043,821,222
121000178,110,112,-2
121000179,54,114,-60
121000181,522,482,40
121000182,329,584,-255
121000183,112,339,-227
121000184,49,443,-394
121000185,66,674,-608
121000186,402,1236,-834
121000187,382,127,255
121000188,460,103,357
121000192,1255,711,544
121000193,1164,525,639
121000194,2503,2929,-426
121000195,326,2088,-1762
121000196,575,554,21
121000197,184,3318,-3134
121000198,207,414,-207
121000199,207,536,-329
121000200,915,332,583
121000201,5,355,-350
121000202,211,10,201
121000203,1010,2640,-1630
121000204,5180,1147,4033
121000205,117,501,-384
121000206,138,165,-27
121000207,3302,884,2418
121000208,12,244,-232
121000209,1098,96,1002
121000210,1246,298,948
121000211,702,193,509
121000212,692,508,184
121000213,25680,4772,20908
121000214,1438,3067,-1629
121000215,1173,3582,-2409
121000216,758,923,-165
121000217,5273,5337,-64
121000218,539,3312,-2773
121000219,2204,1257,947
121000220,213,177,36
121000221,298,875,-577
121000222,4829,4622,207
121000223,196,1526,-1330
121000224,153,1232,-1079
121000225,756,5179,-4423
121000226,1298,2443,-1145
121000227,37,254,-217
121000228,48,995,-947
121000229,765,797,-32
121000230,63,3587,-3524
121000231,2078,34,2044
121000232,769,461,308
121000233,786,473,313
121000234,53,129,-76
121000235,82,56,26
121000236,16,115,-99
121000237,37,37,0
121000238,15,126,-111
121000239,122,3,119
121000240,16,206,-190
121000241,138,26,112
121000242,100,794,-694
121000243,221,95,126
121000244,4,144,-140
121000245,26,32,-6
121000246,5,205,-200
121000247,190,8,182
121000248,779,2088,-1309
121000249,54,466,-412
121000250,774,590,184
121000251,31,289,-258
121000252,243,195,48
121000253,418,410,8
121000254,1047,214,833
121000255,270,344,-74
121000256,512,390,122
121000257,35,177,-142
121000258,100,334,-234
121000259,36,186,-150
121000260,94,209,-115
121000261,92,216,-124
121000262,2577,640,1937
121000263,711,662,49
121000271,1846,2917,-1071
121000273,55,7,48
121000274,30,116,-86
121000275,3,12,-9
121000276,30,56,-26
121000278,85,54,31
121000279,59,45,14
121000280,45,68,-23
121000289,730,36,694
121000290,2792,2366,426
121000294,347,56,291
121000297,546,1577,-1031
121000299,134,2234,-2100
121000300,2942,1440,1502
121000302,28,1059,-1031
121000303,745,263,482
121000304,734,142,592
121000305,371,129,242
121000306,330,359,-29
121000308,152,433,-281
121000309,326,656,-330
121000310,190,473,-283
121000311,93,505,-412
121000312,808,738,70
121000313,539,412,127
121000314,37,80,-43
121000315,11,68,-57
121000530,2895,2945,-50
121000531,2586,2098,488
121000532,8440,10080,-1640
121000533,4742,5371,-629
121000918,33,70,-37
121000919,27,98,-71
121000938,161,234,-73
121000939,37,306,-269
121000956,2468,1732,736
121000957,9,60,-51
121000958,10,262,-252
121000959,1930,422,1508
121000960,2532,1444,1088
121000961,470,113,357
121000962,1392,558,834
121000973,3,338,-335
121000976,9,156,-147
121000979,725,205,520
121000981,436,191,245
121000982,482,240,242
121000983,723,242,481
121000984,12,79,-67
121000985,1413,319,1094
121000986,925,103,822
121000987,421,684,-263
121000988,1811,178,1633
121001302,371,215,156
121001308,0,101,-101
121001309,37,395,-358
121001313,333,64,269
121001314,1694,2445,-751
121001315,8031,5368,2663
121900001,232,525,-293
121900002,26,50,-24
121900003,532,46,486
121900004,87,832,-745
121900005,57,29,28
121900006,73,7,66
121900007,2769,2812,-43
121900008,69,557,-488
121900009,2162,40,2122
121900010,410,3,407
121900011,446,331,115
121900012,6,2,4
121900013,292,91,201
121900014,3409,487,2922
121900015,224,234,-10
121900016,10,75,-65
121900017,886,1722,-836
121900018,792,11,781
121900019,935,359,576
121900020,65,4,61
121900021,1694,30,1664
121900022,301,402,-101
121900023,262,626,-364
121900024,759,63,696
121900025,922,770,152
121900026,508,85,423
121900027,733,522,211
121900028,377,24,353
121900029,191,381,-190
121900030,595,779,-184
121900031,1770,10042,-8272
121900032,193,120,73
121900033,170,488,-318
121900034,409,231,178
121900035,7092,5123,1969
121900036,196,573,-377
121900037,215,1710,-1495
121900038,96,173,-77
121900039,342,77,265
121900040,79,141,-62
121900041,103,478,-375
121900042,628,422,206
121900043,0,8,-8
121900044,56,61,-5
121900046,274,471,-197
121900047,261,128,133
121900048,141,116,25
121900050,44,187,-143
121900051,203,474,-271
121900052,234,68,166
121900053,728,490,238
121900054,432,2183,-1751
121900055,1,11,-10
121900058,767,790,-23
121900059,528,242,286
121900060,153,780,-627
121900061,277,210,67
121900062,175,166,9
121900063,2408,788,1620
121900064,549,929,-380
121900066,151,17,134
121900067,97,33,64
121900069,207,231,-24
121900070,152,501,-349
121900071,987,388,599
121900072,62,206,-144
121900073,228,406,-178
121900074,477,960,-483
121900075,457,1380,-923
121900076,739,1111,-372
121900077,49,18,31
121900078,294,50,244
121900079,0,1,-1
121900080,1355,452,903
121900082,89,195,-106
121900084,41,17,24
121900085,9,11,-2
121900086,47,57,-10
121900087,94,180,-86
121900088,1420,3478,-2058
121900089,464,193,271
121900090,49,26,23
121900091,142,41,101
121900092,220,166,54
121900093,160,77,83
121900094,28,30,-2
121900095,522,188,334
121900096,1768,1053,715
121900097,1291,235,1056
121900098,18,0,18
121900099,443,36,407
121900100,81,387,-306
121900101,179,231,-52
121900102,2,106,-104
121900103,790,468,322
121900104,2878,650,2228
121900105,389,286,103
121900106,9,18,-9
121900107,192,28,164
121900108,2,38,-36
121900109,355,283,72
121900110,1199,596,603
121900111,653,429,224
121900112,204,455,-251
121900113,90,635,-545
121900114,200,109,91
121900115,358,538,-180
121900117,224,266,-42
121900118,3677,1056,2621
121900119,217,56,161
121900120,132,1202,-1070
121900121,603,31,572
121900122,90,78,12
121900123,429,577,-148
121900124,436,238,198
121900125,3967,2195,1772
121900127,5,162,-157
121900128,115,98,17
121900129,213,261,-48
121900130,176,482,-306
121900131,521,159,362
121900132,110,119,-9
121900133,23,739,-716
121900134,26,752,-726
121900135,7018,800,6218
121900136,622,540,82
121900137,52,428,-376
121900138,96,379,-283
121900139,533,6294,-5761
121900140,67,194,-127
121900141,78,84,-6
121900142,216,55,161
121900143,18,309,-291
121900144,209,1428,-1219
121900145,302,501,-199
121900146,651,1151,-500
121900147,67,566,-499
121900148,450,540,-90
121900149,494,683,-189
121900150,119,290,-171
121900151,136,487,-351
121900152,221,109,112
121900153,40,363,-323
121900154,16,528,-512
121900155,8,306,-298
121900156,201,237,-36
121900157,7,620,-613
121900158,99,242,-143
121900159,4,261,-257
121900160,80,575,-495
121900161,375,978,-603
121900162,88,228,-140
121900163,714,211,503
121900164,318,507,-189
121900165,221,263,-42
121900166,236,324,-88
121900167,94,146,-52
121900168,142,150,-8
121900169,22,362,-340
121900170,13,205,-192
121900171,1330,1239,91
121900172,880,505,375
121900173,1060,434,626
121900174,80,97,-17
121900175,114,584,-470
121900176,742,2712,-1970
121900177,219,141,78
121900178,16,19,-3
121900179,625,514,111
121900180,2029,8679,-6650
121900182,1086,1195,-109
121900183,566,2779,-2213
121900184,53,2391,-2338
121900186,8,804,-796
121900187,18,235,-217
121900188,1378,290,1088
121900189,165,85,80
121900190,428,604,-176
121900191,83,579,-496
121900192,305,3634,-3329
121900193,18,109,-91
121900194,16,585,-569
121900195,19,87,-68
121900196,1154,1489,-335
121900197,549,1724,-1175
121900198,5637,3471,2166
121900199,1,69,-68
121900200,43,227,-184
121900201,1177,856,321
121900202,165,1328,-1163
121900203,101,2643,-2542
121900204,1832,1927,-95
121900205,36,108,-72
121900206,29,225,-196
121900207,52,84,-32
121900208,141,844,-703
121900209,93,69,24
121900210,3276,2110,1166
121900211,380,424,-44
121900212,62,178,-116
121900213,527,42,485
121900214,7,778,-771
121900215,49,245,-196
121900216,55,601,-546
121900217,518,345,173
121900218,270,1250,-980
121900219,410,70,340
121900220,158,28,130
121900221,588,686,-98
121900222,376,172,204
121900223,261,250,11
121900224,188,163,25
121900225,164,346,-182
121900226,358,50,308
121900227,565,2296,-1731
121900228,184,183,1
121900229,444,1010,-566
121900230,81,717,-636
121900231,134,2539,-2405
121900232,224,790,-566
121900233,518,276,242
121900234,623,350,273
121900235,989,293,696
121900236,490,283,207
121900237,274,928,-654
121900238,219,487,-268
121900239,253,66,187
121900240,270,232,38
121900241,86,56,30
121900242,16,0,16
121900243,35,0,35
121900244,47,2,45
121900245,477,104,373
121900246,11115,735,10380
121900247,571,253,318
121900248,2207,1102,1105
121900250,175,606,-431
121900251,844,38,806
121900252,661,403,258
121900253,57,1643,-1586
121900254,491,777,-286
121900255,757,235,522
121900258,7117,2448,4669
121900259,145,956,-811
121900260,292,200,92
121900261,191,1190,-999
121900262,1063,2031,-968
121900263,454,298,156
121900264,1194,1274,-80
121900265,575,161,414
121900266,925,112,813
121900267,100,63,37
121900269,309,1368,-1059
121900270,86,331,-245
121900271,30,237,-207
121900273,654,2764,-2110
121900274,555,357,198
121900276,736,350,386
121900277,437,2699,-2262
121900278,128,2300,-2172
121900279,285,468,-183
121900280,137,1432,-1295
121900281,161,694,-533
121900284,62,6,56
121900286,301,185,116
121900287,21,42,-21
121900290,299,2528,-2229
121900291,557,2062,-1505
121900292,267,219,48
121900293,1039,7332,-6293
121900294,570,17,553
121900295,275,177,98
121900296,99,468,-369
121900298,140,1744,-1604
121900299,1,12,-11
121900300,95,11,84
121900301,72,1,71
121900302,5,144,-139
121900303,314,1293,-979
121900304,2,41,-39
121900305,8,28,-20
121900306,463,3,460
121900307,219,0,219
121900308,8,95,-87
121900309,16,144,-128
121900310,15,186,-171
121900311,895,43,852
121900312,983,21,962
121900313,808,38,770
121900314,3,16,-13
121900315,76,1,75
121900316,0,2,-2
121900317,81,15,66
121900318,0,5,-5
121900319,91,631,-540
121900320,49,34,15
121900321,70,2,68
121900322,6,7,-1
121900323,20,59,-39
121900324,0,40,-40
121900325,53,39,14
121900326,6,3,3
121900327,8,42,-34
121900328,0,20,-20
121900329,1,41,-40
121900330,4,150,-146
121900331,34,60,-26
121900332,67,39,28
121900333,3,0,3
122000001,1934,7654,-5720
122000002,3366,1728,1638
122000003,1429,3707,-2278
122000004,1931,2069,-138
122000005,9069,3681,5388
122000006,972,2647,-1675
122000007,951,3408,-2457
122000008,1442,5399,-3957
122000009,889,798,91
122000010,4338,4924,-586
122000011,10814,4091,6723
122000012,1180,7995,-6815
122000013,758,3629,-2871
122000014,9261,2824,6437
122000015,1515,1502,13
122000016,692,973,-281
122000017,1966,2152,-186
122000018,3743,3203,540
122000019,1530,3695,-2165
122000020,260,608,-348
122000021,221,610,-389
122000022,2117,2965,-848
122000023,1874,3652,-1778
122000024,788,5601,-4813
122000025,694,6634,-5940
122000026,285,2143,-1858
122000027,708,1368,-660
122000028,2909,1100,1809
122000029,402,1521,-1119
122000030,238,254,-16
122000031,161,576,-415
122000032,12427,5315,7112
122000033,538,8609,-8071
122000034,414,1523,-1109
122000035,227,903,-676
122000036,702,774,-72
122000037,1827,620,1207
122000038,291,837,-546
122000039,695,1580,-885
122000040,260,417,-157
122000041,1281,1114,167
122000042,543,1282,-739
122000043,198,407,-209
122000044,129,208,-79
122000045,3588,1714,1874
122000046,1470,2472,-1002
122000047,131,355,-224
122000048,3206,5512,-2306
122000049,11005,4920,6085
122000050,1029,1876,-847
122000051,230,764,-534
122000052,425,759,-334
122000053,346,1336,-990
122000054,2371,3275,-904
122000055,1968,5610,-3642
122000056,3742,4211,-469
122000057,6074,6495,-421
122000058,905,3704,-2799
122000059,980,6549,-5569
122000060,340,2335,-1995
122000061,194,1459,-1265
122000062,749,283,466
122000063,438,2515,-2077
122000064,4388,10730,-6342
122000065,3229,4531,-1302
122000066,1039,2703,-1664
122000067,1613,2476,-863
122000068,4429,1777,2652
122000069,2210,1541,669
122000070,1836,2384,-548
122000071,6626,1859,4767
122000072,2834,1773,1061
122000073,293,3650,-3357
122000074,3687,2073,1614
122000075,1732,1482,250
122000076,15047,3338,11709
122000077,792,3778,-2986
122000078,695,7207,-6512
122000079,294,5248,-4954
122000080,632,1211,-579
122000081,120,306,-186
122000082,275,2096,-1821
122000083,10604,1667,8937
122000084,8115,2604,5511
122000085,523,1091,-568
122000086,4029,11773,-7744
122000087,321,873,-552
122000088,120,546,-426
122000089,7090,4055,3035
122000090,471,2369,-1898
122000091,124,860,-736
122000092,81,142,-61
122000093,2582,7788,-5206
122000094,9185,5345,3840
122000095,848,8015,-7167
122000096,511,4278,-3767
122000098,6901,6444,457
122000099,655,2910,-2255
122000100,1061,1777,-716
122000101,519,797,-278
122000102,4004,1485,2519
122000103,1842,2214,-372
122000104,2836,294,2542
122000105,630,1063,-433
122000106,705,3441,-2736
122000107,2041,827,1214
122000108,1012,1178,-166
122000109,853,492,361
122000110,1249,1169,80
122000111,5775,2625,3150
122000112,2862,2828,34
122000113,1252,1240,12
122000114,2118,5603,-3485
122000115,2425,2034,391
122000116,470,886,-416
122000117,1705,514,1191
122000118,950,708,242
122000119,2868,2140,728
122000120,1013,3470,-2457
122000121,752,2071,-1319
122000122,408,895,-487
122000123,1433,1952,-519
122000124,905,636,269
122000125,464,811,-347
122000126,409,755,-346
122000127,470,751,-281
122000128,340,540,-200
122000129,566,2338,-1772
122000130,3614,1608,2006
122000131,1240,1392,-152
122000132,267,470,-203
122000133,1139,1477,-338
122000134,1304,978,326
122000135,568,312,256
122000136,1184,687,497
122000137,3388,1517,1871
122000139,949,5674,-4725
122000140,323,2375,-2052
122000141,6032,3670,2362
122000142,175,3189,-3014
122000143,453,497,-44
122000144,2313,1642,671
122000145,1450,1793,-343
122000146,720,4923,-4203
122000147,852,1128,-276
122000148,435,2432,-1997
122000149,2118,1444,674
122000150,1972,1439,533
122000151,110,460,-350
122000152,403,448,-45
122000153,505,593,-88
122000154,244,290,-46
122000155,2156,3614,-1458
122000156,14227,7142,7085
122000157,786,14284,-13498
122000158,343,1529,-1186
122000159,918,1411,-493
122000160,2629,1863,766
122000161,1450,1296,154
122000162,1524,1975,-451
122000163,462,166,296
122000164,92,405,-313
122000165,2064,2360,-296
122000166,913,3875,-2962
122000167,302,909,-607
122000168,264,1836,-1572
122000169,598,406,192
122000170,445,529,-84
122000171,41,163,-122
122000172,2708,2158,550
122000173,2168,4618,-2450
122000174,1799,2635,-836
122000175,880,611,269
122000176,359,2019,-1660
122000177,1166,2422,-1256
122000178,8505,5218,3287
122000179,4483,6367,-1884
122000180,893,1611,-718
122000181,882,2904,-2022
122000182,2279,1882,397
122000183,4429,1679,2750
122000184,4768,5318,-550
122000185,1460,6060,-4600
122000186,827,3545,-2718
122000187,2594,1932,662
122000188,554,519,35
122000189,259,561,-302
122000190,962,3481,-2519
122000191,1045,1485,-440
122000192,1871,641,1230
122000193,583,1108,-525
122000194,717,369,348
122000195,162,1157,-995
122000196,1620,453,1167
122000197,700,950,-250
122000198,537,3780,-3243
122000199,347,605,-258
122000200,1407,1199,208
122000201,1441,4465,-3024
122000202,1222,4192,-2970
122000203,2693,1610,1083
122000204,1292,1615,-323
122000205,790,1178,-388
122000206,6423,1556,4867
122000207,2723,2505,218
122000208,3227,3119,108
122000209,3189,1036,2153
122000210,2442,3295,-853
122000211,1456,2459,-1003
122000212,1031,771,260
122000213,1348,2220,-872
122000214,2706,2590,116
122000215,3263,3019,244
122000217,2126,3885,-1759
122000218,1011,119,892
122000219,1519,1129,390
122000220,429,1012,-583
122000221,133,456,-323
122000222,760,243,517
122000223,1107,961,146
122000225,939,646,293
122000226,1708,1898,-190
122000227,227,2218,-1991
122000228,310,300,10
122000229,40,476,-436
122000230,42,367,-325
122000231,645,1010,-365
122000232,671,793,-122
122000233,1,80,-79
122000234,755,68,687
122000235,841,96,745
122000236,2294,54,2240
122000237,162,149,13
122000238,478,526,-48
122000239,1452,324,1128
122000240,1679,959,720
122000241,1741,641,1100
122000242,872,244,628
122000243,8,26,-18
122000244,11,374,-363
122000245,6,42,-36
122000246,52,195,-143
122000247,962,232,730
122000248,978,1049,-71
122000249,1646,1616,30
122000250,2603,1459,1144
122000251,161,493,-332
122000252,278,120,158
122000253,158,287,-129
122000254,657,111,546
122000255,705,788,-83
122000256,325,664,-339
122000257,286,89,197
122000258,395,449,-54
122000259,20,319,-299
122000260,8,40,-32
122000261,33,412,-379
122000262,0,57,-57
122000263,228,677,-449
122000264,2104,531,1573
122000265,4171,1712,2459
122000266,5265,1154,4111
122000267,114,185,-71
122000268,216,494,-278
122000269,1458,513,945
122000270,609,411,198
122000271,291,2843,-2552
122000272,646,1922,-1276
122000273,614,552,62
122000274,397,260,137
122000275,79,196,-117
122000276,1407,623,784
122000277,1390,1975,-585
122000278,3035,368,2667
122000279,365,228,137
122000280,791,650,141
122000281,963,790,173
122000282,225,552,-327
122000283,152,224,-72
122000284,192,74,118
122000285,302,105,197
122000286,60,221,-161
122000287,2354,1729,625
122000288,697,351,346
122000291,4446,1225,3221
122000293,164,144,20
122000294,241,460,-219
122000295,1958,236,1722
122000296,34,886,-852
122000297,2700,5677,-2977
122000299,804,749,55
122000300,440,549,-109
122000301,8175,4886,3289
122000302,525,4327,-3802
122000303,2401,1231,1170
122000304,70,316,-246
122000305,2047,454,1593
122000306,95,394,-299
122000307,229,184,45
122000309,136,28,108
122000310,61,147,-86
122000311,83,157,-74
122000312,90,392,-302
122000313,33,179,-146
122000314,154,537,-383
122000315,402,74,328
122000316,2025,498,1527
122000317,3442,367,3075
122000318,421,2068,-1647
122000319,97,515,-418
122000320,499,1229,-730
122000321,165,131,34
122000322,2135,3255,-1120
122000323,844,5626,-4782
122000324,2533,3742,-1209
122000325,1128,7925,-6797
122000326,242,94,148
122000327,401,1097,-696
122000328,639,439,200
122000330,3902,3077,825
122000332,301,457,-156
122000333,8,64,-56
122000337,1583,433,1150
122000338,657,400,257
122000340,187,4795,-4608
122000342,1806,972,834
122000343,463,314,149
122000344,159,11,148
122000345,71,26,45
122000346,309,187,122
122000348,1117,1250,-133
122000349,73,792,-719
122000351,314,287,27
122000352,301,218,83
122000353,303,77,226
122000355,139,325,-186
122000356,609,3169,-2560
122000357,92,27,65
122000358,0,19,-19
122000359,1,25,-24
122000360,0,39,-39
122000362,5,29,-24
122000364,391,275,116
122000365,1,60,-59
122000366,21,8,13
122000368,727,953,-226
122000370,31,19,12
122000371,34,0,34
122000372,18,3,15
122000381,275,590,-315
122000382,107,253,-146
122000384,1875,1803,72
122000385,156,0,156
122000386,264,3217,-2953
122000387,616,1683,-1067
122000388,1674,1770,-96
122000389,281,2328,-2047
122000390,447,659,-212
122000391,155,2822,-2667
122000392,277,148,129
122000393,53,114,-61
122000394,970,213,757
122000395,257,137,120
122000396,457,106,351
122000397,10,31,-21
122000398,14,123,-109
122000399,188,55,133
122000400,48,1752,-1704
122000401,191,57,134
122000402,710,202,508
122000403,654,336,318
122000404,394,255,139
122000408,796,1250,-454
122000503,9,86,-77
122000524,115,646,-531
122000544,146,3465,-3319
122000616,448,1,447
122000640,115,54,61
122000641,289,170,119
122000642,1728,619,1109
122000643,50,405,-355
122000644,120,46,74
122000645,58,223,-165
122000651,554,4474,-3920
122000664,167,90,77
122000665,1717,624,1093
122000666,884,1425,-541
122000673,109,250,-141
122000674,436,148,288
122000675,3176,726,2450
122000686,700,1770,-1070
122000687,2407,493,1914
122000688,415,436,-21
122000689,1650,224,1426
122000690,4551,218,4333
122000691,1468,583,885
122000692,2883,278,2605
122000693,445,1046,-601
122000695,746,325,421
122000696,1107,184,923
122000698,558,234,324
122000699,286,84,202
122000701,2742,412,2330
122000702,525,1294,-769
122000703,408,89,319
122000717,52,126,-74
122000718,287,1898,-1611
122000719,115,125,-10
122000720,1049,93,956
122900001,54,20,34
122900002,983,11299,-10316
122900003,595,42,553
122900004,2808,208,2600
122900005,114,172,-58
122900006,396,1155,-759
122900007,161,208,-47
122900008,246,246,0
122900009,1580,538,1042
122900010,388,178,210
122900012,268,464,-196
122900013,0,1,-1
122900014,97,191,-94
122900015,1023,1498,-475
122900016,260,235,25
122900017,308,1627,-1319
122900018,211,12,199
122900019,11,108,-97
122900020,172,629,-457
122900021,60,404,-344
122900022,1943,1105,838
122900023,1242,234,1008
122900024,191,155,36
122900025,3,488,-485
122900026,9,180,-171
122900027,42,580,-538
122900028,70,97,-27
122900029,9107,3682,5425
122900030,3175,769,2406
122900031,50,520,-470
122900032,942,583,359
122900033,344,243,101
122900034,5060,6225,-1165
122900035,36,29,7
122900036,91,64,27
122900037,568,293,275
122900038,115,5049,-4934
122900039,97,749,-652
122900040,258,1692,-1434
122900041,285,526,-241
122900042,252,419,-167
122900043,604,323,281
122900044,175,455,-280
122900045,242,389,-147
122900046,183,387,-204
122900047,167,314,-147
122900048,28,362,-334
122900049,3729,231,3498
122900051,58,714,-656
122900052,155,94,61
122900053,28,37,-9
122900055,547,46,501
122900057,524,73,451
122900061,626,101,525
122900062,857,1066,-209
122900063,397,175,222
122900064,855,611,244
122900065,881,390,491
122900066,936,464,472
122900067,932,525,407
122900068,137,323,-186
122900069,609,2163,-1554
122900070,578,84,494
122900071,126,191,-65
122900072,17,353,-336
122900073,19,84,-65
122900074,1736,185,1551
122900075,2,120,-118
122900076,3,362,-359
122900077,0,63,-63
122900078,463,27,436
122900080,43,90,-47
122900081,280,198,82
122900082,1716,202,1514
122900083,92,195,-103
122900084,11,81,-70
122900086,9,292,-283
122900087,676,491,185
122900088,38,1183,-1145
122900089,39,186,-147
122900090,3,388,-385
122900091,583,4,579
122900092,0,131,-131
122900093,1,115,-114
122900094,1,120,-119
122900095,282,25,257
122900096,739,83,656
122900097,42,55,-13
122900098,43,202,-159
122900099,151,69,82
122900100,103,1226,-1123
122900101,474,387,87
122900102,65,54,11
122900103,262,8,254
122900104,459,12,447
122900105,50,46,4
122900106,13,36,-23
122900107,5,48,-43
122900108,6,72,-66
123000001,1116,2291,-1175
123000002,4198,10763,-6565
123000003,7193,6812,381
123000004,3694,5444,-1750
123000005,5103,4343,760
123000006,3456,2831,625
123000007,5408,3527,1881
123000008,3958,3463,495
123000009,5146,4125,1021
123000010,4029,5380,-1351
123000011,2307,2058,249
123000012,1060,5487,-4427
123000013,7050,1741,5309
123000014,1148,5002,-3854
123000015,3109,1370,1739
123000016,3537,4911,-1374
123000017,4995,2537,2458
123000018,156,138,18
123000019,947,82,865
123000020,770,50,720
123000021,356,371,-15
123000022,528,2885,-2357
123000023,3121,3648,-527
123000024,2313,1199,1114
123000025,29,100,-71
123000026,24,279,-255
123000027,76,1283,-1207
123000028,789,1357,-568
123000029,430,1836,-1406
123000030,428,117,311
123000031,549,201,348
123000032,900,89,811
123000033,444,179,265
123000034,1508,904,604
123000035,834,819,15
123000036,405,1749,-1344
123000037,322,228,94
123000038,215,500,-285
123000039,740,2244,-1504
123000040,512,306,206
123000041,901,2208,-1307
123000042,510,1728,-1218
123000043,2596,21553,-18957
123000044,3256,3723,-467
123000045,5000,2540,2460
123000046,314,1827,-1513
123000047,1009,2064,-1055
123000048,192,2378,-2186
123000049,7177,15141,-7964
123000050,3586,2500,1086
123000051,101,334,-233
123000052,1221,5277,-4056
123000053,3563,4485,-922
123000054,3341,2676,665
123000055,3148,8166,-5018
123000056,1539,948,591
123000057,4426,7984,-3558
123000058,844,2039,-1195
123000059,323,577,-254
123000060,1706,500,1206
123000061,501,743,-242
123000063,2054,1583,471
123000064,2213,282,1931
123000065,4815,3902,913
123000066,575,831,-256
123000067,1482,525,957
123000068,2255,2725,-470
123000069,4875,1872,3003
123000070,343,767,-424
123000071,3614,1142,2472
123000072,1954,611,1343
123000073,3857,1664,2193
123000074,1441,1296,145
123000075,637,3193,-2556
123000076,1138,632,506
123000077,3053,1890,1163
123000078,4867,1794,3073
123000079,4315,2309,2006
123000080,4139,1245,2894
123000081,290,367,-77
123000082,394,1262,-868
123000083,1897,438,1459
123000084,1237,384,853
123000085,861,66,795
123000086,1305,115,1190
123000087,736,620,116
123000088,2075,870,1205
123000089,1651,1368,283
123000090,2434,1160,1274
123000091,2634,1782,852
123000092,1187,1893,-706
123000094,1432,222,1210
123000095,1593,967,626
123000096,2030,477,1553
123000097,1311,481,830
123000098,1269,541,728
123000099,1113,463,650
123000100,472,1321,-849
123000101,643,665,-22
123000102,655,1423,-768
123000104,712,927,-215
123000105,385,642,-257
123000106,767,713,54
123000107,469,352,117
123000108,639,1324,-685
123000111,1740,517,1223
123000112,2495,724,1771
123000113,873,740,133
123000114,642,935,-293
123000115,475,483,-8
123000116,77,85,-8
123000117,3167,1586,1581
123000118,861,620,241
123000119,417,532,-115
123000120,461,685,-224
123000121,918,1096,-178
123000122,496,378,118
123000123,761,842,-81
123000124,625,505,120
123000125,2289,1887,402
123000126,1843,7632,-5789
123000127,632,834,-202
123000128,401,369,32
123000129,1581,463,1118
123000130,1291,113,1178
123000131,2674,1413,1261
123000132,404,722,-318
123000133,130,290,-160
123000134,394,132,262
123000135,4730,1462,3268
123000136,298,552,-254
123000137,152,306,-154
123000138,175,282,-107
123000139,1054,222,832
123000140,120,508,-388
123000141,966,176,790
123000142,1364,1017,347
123000143,973,1896,-923
123000144,29,46,-17
123000145,268,397,-129
123000146,23,203,-180
123000147,137,196,-59
123000149,552,525,27
123000150,106,293,-187
123000151,182,777,-595
123000152,104,361,-257
123000153,165,1161,-996
123000154,1291,2376,-1085
123000155,2106,1766,340
123000156,48,138,-90
123000157,874,899,-25
123000158,708,1053,-345
123000159,4224,5810,-1586
123000160,1625,1732,-107
123000161,2342,1605,737
123000162,2391,2627,-236
123000163,1310,352,958
123000164,3533,284,3249
123000165,526,1139,-613
123000166,38,130,-92
123000167,149,216,-67
123000168,457,177,280
123000169,1639,199,1440
123000170,118,62,56
123000171,1940,33,1907
123000172,221,547,-326
123000173,982,443,539
123000174,1329,780,549
123000175,449,1112,-663
123000176,1544,446,1098
123000177,321,1376,-1055
123000178,1508,231,1277
123000179,76,413,-337
123000180,2612,472,2140
123000181,365,926,-561
123000182,436,257,179
123000183,213,749,-536
123000184,105,578,-473
123000185,1613,558,1055
123000186,11,357,-346
123000187,935,9,926
123000188,391,3,388
123000189,406,190,216
123000190,111,141,-30
123000192,16,393,-377
123000193,60,817,-757
123000194,328,275,53
123000195,560,56,504
123000196,717,38,679
123000197,127,118,9
123000198,75,834,-759
123000199,46,677,-631
123000200,1095,22,1073
123000201,2131,30,2101
123000202,44,546,-502
123000203,1783,56,1727
123000204,123,574,-451
123000205,212,891,-679
123000206,4321,343,3978
123000207,102,546,-444
123000208,1114,323,791
123000209,3196,975,2221
123000210,264,1402,-1138
123000211,490,1990,-1500
123000212,6505,672,5833
123000213,946,121,825
123000215,72,276,-204
123000216,305,1385,-1080
123000217,330,64,266
123000218,78,1036,-958
123000219,860,151,709
123000220,670,160,510
123000221,175,127,48
123000222,728,388,340
123000223,1077,158,919
123000224,613,343,270
123000225,392,103,289
123000226,170,433,-263
123000227,117,290,-173
123000228,431,88,343
123000229,973,1562,-589
123000232,145,518,-373
123000233,1272,228,1044
123000234,225,617,-392
123000235,2413,420,1993
123000236,484,530,-46
123000237,837,147,690
123000238,83,425,-342
123000239,496,802,-306
123000240,75,1629,-1554
123000241,338,50,288
123000242,453,218,235
123000243,1067,882,185
123000244,1109,578,531
123000245,44,194,-150
123000249,3545,805,2740
123000252,1515,466,1049
123000253,2664,811,1853
123000254,995,843,152
123000255,1699,1114,585
123000256,28,270,-242
123000257,2625,1395,1230
123000258,1361,601,760
123000259,879,591,288
123000260,919,388,531
123000261,647,171,476
123000262,85,96,-11
123000263,780,128,652
123000264,248,180,68
123000265,40,122,-82
123000266,645,733,-88
123000267,1291,587,704
123000268,36,49,-13
123000269,67,128,-61
123000270,69,128,-59
123000271,47,39,8
123000272,973,398,575
123000273,465,1665,-1200
123000274,1781,1439,342
123000275,224,863,-639
123000278,2063,4154,-2091
123000279,191,93,98
123000280,380,330,50
123000281,415,215,200
123000282,140,396,-256
123000283,307,114,193
123000284,63,55,8
123000286,196,682,-486
123000287,413,453,-40
123000288,1709,1938,-229
123000289,297,2390,-2093
123000291,252,1032,-780
123000294,144,279,-135
123000295,770,1689,-919
123000296,1098,748,350
123000297,869,295,574
123000298,1185,330,855
123000299,79,159,-80
123000300,2327,1431,896
123000301,241,764,-523
123000302,167,119,48
123000303,129,378,-249
123000305,1226,1127,99
123000306,410,62,348
123000309,33,94,-61
123000310,61,82,-21
123000311,0,135,-135
123000312,473,561,-88
123000313,1045,513,532
123000315,166,326,-160
123000316,1027,176,851
123000317,325,137,188
123000318,83,192,-109
123000329,21,28,-7
123000337,421,866,-445
123000338,172,210,-38
123000339,530,39,491
123000340,85,304,-219
123000342,3,42,-39
123000343,132,54,78
123000344,726,303,423
123000345,418,560,-142
123000346,854,42,812
123000352,1133,1068,65
123000353,88,112,-24
123000354,472,2,470
123000355,1,201,-200
123000356,721,25,696
123000357,3,157,-154
123000359,32,53,-21
123000360,366,183,183
123000361,364,337,27
123000362,908,192,716
123000363,177,217,-40
123000364,796,932,-136
123000365,42,601,-559
123000366,469,4600,-4131
123000367,327,741,-414
123000370,26,266,-240
123000371,787,103,684
123000372,659,62,597
123000373,13,461,-448
123000374,23,174,-151
123000375,686,120,566
123000376,1158,920,238
123000377,1055,37,1018
123000378,25,334,-309
123000379,6,436,-430
123000380,25,391,-366
123000381,66,165,-99
123000382,656,249,407
123000383,215,1270,-1055
123000384,700,158,542
123000385,271,661,-390
123000436,65,2532,-2467
123000507,94,153,-59
123000508,204,2203,-1999
123000517,310,27,283
123000518,74,173,-99
123000519,254,125,129
123000520,40,177,-137
123000521,916,129,787
123000522,181,287,-106
123000541,8,0,8
123000542,0,5,-5
123000565,1342,43,1299
123000566,543,128,415
123000567,143,89,54
123000573,45,613,-568
123000574,1530,95,1435
123000575,2840,807,2033
123000576,1396,922,474
123000577,93,1152,-1059
123000578,407,263,144
123000579,1143,11666,-10523
123000580,179,71,108
123000582,978,40,938
123000583,16,436,-420
123000584,229,386,-157
123000585,0,37,-37
123000586,180,0,180
123000596,75,66,9
123000597,104,269,-165
123000602,195,19,176
123000603,1830,362,1468
123000604,1041,330,711
123000605,1170,172,998
123000606,0,593,-593
123000609,42,464,-422
123000610,169,102,67
123000613,75,161,-86
123000614,525,60,465
123000615,83,44,39
123000616,1957,50,1907
123000617,197,135,62
123000618,60,551,-491
123000619,730,127,603
123000620,30,299,-269
123000622,894,24,870
123000624,288,32,256
123000630,2469,544,1925
123000631,241,450,-209
123000632,784,713,71
123000633,2,288,-286
123000634,25,478,-453
123000635,47,133,-86
123000636,67,382,-315
123000637,565,35,530
123000638,859,30,829
123000639,915,9628,-8713
123000640,11,340,-329
123900001,1510,79,1431
123900002,35,1965,-1930
123900003,201,392,-191
123900005,511,384,127
123900006,593,100,493
124000001,2519,268,2251
124000002,50,1392,-1342
124000003,2221,285,1936
124000004,108,483,-375
124000005,1952,1708,244
124000006,156,561,-405
124000007,660,116,544
124000008,13,538,-525
124000009,1233,372,861
124000010,361,336,25
124000011,1644,463,1181
124000012,353,309,44
124000017,350,146,204
124000018,139,96,43
124000019,302,222,80
124000020,49,149,-100
124000021,225,177,48
124000022,91,166,-75
124000023,1628,2004,-376
124000024,1413,371,1042
124000025,1519,2064,-545
124000026,1197,1009,188
124000027,4687,5436,-749
124000028,1407,3875,-2468
124000030,1508,1675,-167
124000031,2083,7969,-5886
124000032,1283,520,763
124000033,241,376,-135
124000034,725,453,272
124000035,28,417,-389
124000036,31,172,-141
124000037,465,1479,-1014
124000038,51,193,-142
124000039,480,373,107
124000040,190,1595,-1405
124000041,768,215,553
124000042,204,469,-265
124000043,136,136,0
124000044,36,154,-118
124000045,1969,403,1566
124000046,342,771,-429
124000047,3498,674,2824
124000048,1350,629,721
124000049,3586,484,3102
124000050,1260,980,280
124000051,2026,463,1563
124000052,1009,690,319
124000053,693,3179,-2486
124000054,921,346,575
124000055,1585,7296,-5711
124000056,1591,910,681
124000057,1816,543,1273
124000058,724,860,-136
124000059,1430,1884,-454
124000060,507,371,136
124000061,1844,8854,-7010
124000062,1598,1351,247
124000063,1198,1202,-4
124000064,1680,1069,611
124000065,8,763,-755
124000066,50,42,8
124000067,353,170,183
124000068,14,32,-18
124000069,277,6,271
124000070,96,51,45
124000071,158,106,52
124000072,242,255,-13
124000073,1692,269,1423
124000074,286,601,-315
124000075,729,34,695
124000076,33,46,-13
124000077,342,1115,-773
124000078,1841,1324,517
124000079,243,1628,-1385
124000080,1145,196,949
124000081,359,418,-59
124000082,107,217,-110
124000083,60,66,-6
124000084,57,630,-573
124000085,72,47,25
124000086,24,296,-272
124000087,175,179,-4
124000088,183,873,-690
124000089,838,335,503
124000090,171,166,5
124000091,593,75,518
124000092,99,228,-129
124000093,147,197,-50
124000094,176,792,-616
124000095,179,91,88
124000096,241,307,-66
124000097,161,151,10
124000098,52,119,-67
124000099,308,153,155
124000100,80,97,-17
124000101,145,119,26
124000102,131,33,98
124000103,259,138,121
124000104,141,41,100
124000105,232,178,54
124000106,137,50,87
124000107,42,298,-256
124000108,84,23,61
124000109,249,120,129
124000110,123,68,55
124000111,390,115,275
124000112,1357,419,938
124000113,189,134,55
124000114,507,379,128
124000115,311,889,-578
124000116,116,302,-186
124000117,42,143,-101
124000118,51,70,-19
124000119,1045,1199,-154
124000120,934,770,164
124000121,1278,916,362
124000122,482,1597,-1115
124000123,1362,528,834
124000124,489,875,-386
124000125,607,518,89
124000126,338,609,-271
124000127,1449,319,1130
124000128,750,827,-77
124000129,2349,2016,333
124000130,493,503,-10
124000131,949,943,6
124000132,660,811,-151
124000133,1793,1377,416
124000134,1136,586,550
124000135,2181,2971,-790
124000136,665,1069,-404
124000137,1082,1759,-677
124000138,1303,1482,-179
124000139,467,45,422
124000140,10,356,-346
124000141,62,20,42
124000142,2,183,-181
124000143,120,18,102
124000144,12,72,-60
124000145,178,54,124
124000146,36,23,13
124000148,41,120,-79
124000149,1418,322,1096
124000150,281,676,-395
124000151,1375,489,886
124000152,805,1018,-213
124000153,1315,1421,-106
124000154,563,879,-316
124000155,1349,1148,201
124000156,847,1108,-261
124000169,269,766,-497
124000170,812,567,245
124000171,503,373,130
124000172,419,687,-268
124000173,962,267,695
124000174,569,667,-98
124000175,12,52,-40
124000176,85,60,25
124000177,11,16,-5
124000178,79,92,-13
124000190,18,64,-46
124000191,31,147,-116
124000192,1280,781,499
124000193,183,2526,-2343
124000194,271,404,-133
124000195,612,766,-154
124000196,683,751,-68
124000197,51,48,3
124000198,66,66,0
124000201,175,779,-604
124000202,755,295,460
124000203,1035,193,842
124000204,1998,139,1859
124000205,132,214,-82
124000206,1557,229,1328
124000207,0,46,-46
124000209,244,143,101
124000210,1319,230,1089
124000211,1303,0,1303
124000212,1,157,-156
124000213,1174,76,1098
124000214,767,270,497
124000215,795,26,769
124000216,1,151,-150
124000329,151,517,-366
124000338,121,316,-195
124000339,2353,88,2265
124000341,2991,91,2900
124000344,36,3,33
124000357,1535,3785,-2250
124000358,850,2376,-1526
124000359,2055,1385,670
124000360,1912,779,1133
124000361,2431,1322,1109
124000362,1386,2028,-642
124000363,457,322,135
124000364,650,914,-264
124000365,643,995,-352
124000366,1793,773,1020
124000367,89,268,-179
124000368,611,1195,-584
124000369,79,192,-113
124000370,40,537,-497
124000402,59,32,27
124000403,212,21,191
124000404,29,61,-32
124000405,1282,823,459
124000406,639,761,-122
124000407,6,27,-21
124000411,13,137,-124
124000412,534,10,524
124000413,60,77,-17
124000414,212,150,62
124000415,77,61,16
124000416,201,138,63
124000417,290,106,184
124000418,518,55,463
124000419,200,50,150
124000420,220,36,184
124000421,69,36,33
124000422,17,39,-22
124000423,189,53,136
124000424,3,21,-18
124000425,45,21,24
124000426,27,51,-24
124000427,64,7,57
124000428,21,116,-95
124000429,138,40,98
124000430,1492,634,858
124000431,491,489,2
124000432,481,672,-191
124000439,6,1,5
124000442,16,30,-14
124000443,0,6,-6
124000445,40,1364,-1324
124000446,309,115,194
124900001,1232,429,803
124900002,343,230,113
124900003,1734,491,1243
124900004,1450,297,1153
124900005,399,113,286
124900006,1360,283,1077
124900008,1044,765,279
124900009,117,679,-562
124900010,400,246,154
124900011,1209,482,727
124900012,676,168,508
124900013,1067,156,911
124900014,605,63,542
124900015,285,726,-441
124900016,148,282,-134
124900017,658,4246,-3588
124900018,194,11,183
124900020,172,117,55
124900021,548,63,485
124900022,47,8,39
124900024,571,11,560
124900026,84,36,48
124900027,219,798,-579
124900028,480,186,294
124900029,25,720,-695
124900030,7,111,-104
124900031,80,402,-322
124900032,505,248,257
124900033,180,263,-83
124900034,21,112,-91
124900035,280,429,-149
124900036,2,112,-110
124900037,237,169,68
124900038,237,197,40
124900039,0,289,-289
124900040,208,175,33
124900041,321,518,-197
124900042,101,10,91
124900043,740,394,346
124900044,176,5,171
124900045,491,1183,-692
124900046,572,227,345
124900047,70,232,-162
124900048,399,131,268
124900050,184,131,53
124900052,143,348,-205
124900053,289,259,30
124900054,640,680,-40
124900055,2,259,-257
124900057,10,36,-26
124900060,114,177,-63
124900061,179,8,171
124900062,289,11,278
124900066,0,13,-13
124900067,27,70,-43
124900068,192,1127,-935
124900070,95,32,63
124900072,306,36,270
124900074,695,150,545
124900075,638,177,461
124900076,14,2651,-2637
124900077,34,105,-71
124900078,89,24,65
124900079,283,237,46
124900080,553,297,256
124900081,1791,256,1535
124900082,364,353,11
124900083,344,396,-52
124900084,937,138,799
124900085,531,699,-168
124900086,96,1659,-1563
124900087,163,152,11
124900088,168,101,67
124900089,697,20,677
124900090,1072,364,708
124900091,509,233,276
124900092,492,217,275
124900093,748,206,542
124900094,1229,393,836
124900095,232,989,-757
124900096,455,226,229
124900097,837,84,753
124900098,247,343,-96
124900099,318,874,-556
124900100,556,83,473
124900101,65,266,-201
124900102,334,40,294
124900103,203,119,84
124900104,66,130,-64
124900105,179,131,48
124900106,546,46,500
124900107,261,64,197
124900108,242,160,82
124900109,154,151,3
124900110,626,190,436
124900111,1,172,-171
124900112,186,203,-17
124900113,80,289,-209
124900114,70,178,-108
124900115,79,53,26
124900116,280,296,-16
124900117,154,176,-22
124900118,66,459,-393
124900119,480,219,261
124900120,60,259,-199
124900121,104,443,-339
124900122,110,145,-35
124900123,80,102,-22
124900124,59,228,-169
129000186,205,109,96
204000001,88,5,83
204000002,7,7,0
204000003,37,9,28
204000004,3,1,2
204000005,706,386,320
204000006,1333,1036,297
204000008,718,311,407
204000011,14,24,-10
204000012,146,76,70
204000013,4,48,-44
204000019,1675,351,1324
204000020,1188,1797,-609
204000021,4923,1762,3161
204000022,1479,742,737
204000023,856,387,469
204000031,18,7,11
204000032,467,39,428
204000034,34,169,-135
204000035,1,4,-3
204000036,4,28,-24
204000037,0,14,-14
204000038,1,13,-12
204000039,9,7,2
204000040,17,26,-9
204000041,18,31,-13
204000042,62,24,38
204000043,57,7,50
204000044,59,8,51
204000045,83,4,79
204000046,18,22,-4
204000057,11,11,0
204000062,3,14,-11
204000068,16,495,-479
204000069,41,487,-446
204000070,79,62,17
204000080,91,56,35
204000085,1487,1101,386
204000086,1833,1308,525
204000087,51,4,47
204000088,6,75,-69
204000090,52,234,-182
204000093,823,73,750
204000096,1759,747,1012
204000097,822,14,808
204000099,1487,2173,-686
204000100,2681,1465,1216
204000105,1526,829,697
204000110,392,2098,-1706
204000111,700,1031,-331
204000112,574,7685,-7111
204000113,409,2514,-2105
204000114,1125,1220,-95
204000115,1149,613,536
204000116,707,5029,-4322
204000119,3113,1749,1364
204000132,643,382,261
204000133,675,168,507
204000134,258,175,83
204000135,560,382,178
204000136,444,288,156
204000138,328,520,-192
204000140,239,89,150
204000141,173,55,118
204000144,11,24,-13
204000145,586,56,530
204000146,21,306,-285
204000147,11,220,-209
204000148,389,38,351
204000154,24,1,23
204000155,12,3,9
204000177,43,65,-22
204000179,71,9,62
204000180,0,19,-19
204000222,11,5,6
204000235,36,34,2
204000236,48,187,-139
204000238,32,33,-1
204000240,375,69,306
204000263,268,863,-595
204000308,189,19,170
204000317,12,156,-144
204000322,11,69,-58
204000323,14,16,-2
204000328,255,67,188
204000329,37,146,-109
204000330,170,35,135
204000331,78,113,-35
204010341,13,219,-206
205000001,681,951,-270
205000013,12,70,-58
205000014,45,66,-21
205000015,45,84,-39
205000016,21,87,-66
205000017,23,103,-80
205000022,255,554,-299
205000025,1194,773,421
205000029,462,25,437
205000045,133,749,-616
205000047,74,1279,-1205
205000048,515,481,34
205000049,180,529,-349
205000050,1994,272,1722
205000059,1,233,-232
205000060,0,250,-250
205000061,10,391,-381
205000062,4,608,-604
205000063,28,550,-522
205000064,13,85,-72
205000065,156,647,-491
205000066,125,356,-231
205000067,64,397,-333
205000069,232,24,208
205000082,198,284,-86
205000110,66,152,-86
205000111,211,155,56
205000112,224,176,48
205000113,101,177,-76
205000121,173,62,111
205000123,66,154,-88
205000126,678,98,580
205000127,828,122,706
205000128,525,51,474
205000129,959,71,888
205000130,108,12,96
205000131,44,11,33
205000132,47,20,27
205000133,33,3,30
205000134,341,0,341
205000137,97,104,-7
205000138,135,316,-181
205000139,51,105,-54
205000144,137,85,52
205000145,322,273,49
205000151,204,42,162
205000152,175,21,154
205000153,298,21,277
205000154,136,57,79
205000155,162,12,150
205000207,4,118,-114
205000233,10,1,9
205000234,0,2,-2
205000243,1,0,1
205000244,1,4,-3
205000245,6,211,-205
205000249,0,22,-22
205000250,20,2,18
205000251,219,849,-630
205000264,10,69,-59
206000027,4,10,-6
206000028,1,5,-4
206000043,0,63,-63
206000053,1,1,0
206000054,1,22,-21
206000055,0,9,-9
206000075,41,32,9
206000076,38,6,32
206000077,38,5,33
206000078,27,40,-13
206000079,37,14,23
206000082,327,135,192
206000100,21,601,-580
206000103,1,5,-4
206000104,8,14,-6
206000105,15,8,7
206000106,2,17,-15
206000108,814,94,720
206000125,122,0,122
206000157,45,434,-389
206000170,0,126,-126
206000171,6,199,-193
206000172,42,133,-91
206000173,0,101,-101
206000174,12,31,-19
206000175,0,36,-36
206000176,18,62,-44
206000177,3,36,-33
206000178,2,165,-163
206000179,2,179,-177
206000180,4,101,-97
206000181,7,44,-37
206000182,5,47,-42
206000183,4,98,-94
206000184,3,94,-91
206000185,8,39,-31
206000186,52,290,-238
206000223,7,251,-244
206000226,44,1,43
206000227,47,6,41
206000237,27,137,-110
206000238,41,251,-210
206000239,168,1378,-1210
206000240,0,47,-47
206000241,0,64,-64
206000242,10,101,-91
206000243,12,53,-41
206000244,56,123,-67
206000245,2134,85,2049
206000246,719,10,709
206000247,722,26,696
206000248,835,50,785
206000252,64,44,20
206000258,9,42,-33
206000315,64,18,46
206000317,977,232,745
206000318,1220,131,1089
206000319,3898,144,3754
206000320,870,47,823
206000321,826,20,806
206000322,1212,25,1187
206000323,343,10,333
206000324,496,13,483
206000325,348,21,327
206000326,337,52,285
206000327,52,21,31
206000328,372,6,366
206000329,659,7,652
206000330,82,10,72
206000331,482,4,478
206000332,128,2,126
206000333,1639,4,1635
206000334,707,4,703
206000335,1,23,-22
206000361,3,148,-145
206000392,1,11,-10
206000405,203,20,183
206000441,123,31,92
206000498,59,1,58
206000515,79,95,-16
206000530,737,111,626
206000531,357,615,-258
206000532,1938,981,957
206000535,132,5193,-5061
206000536,16,83,-67
206000537,14,152,-138
206000613,1723,394,1329
207000001,145,473,-328
207000002,100,385,-285
207000003,170,163,7
207000007,1937,301,1636
207000008,278,12,266
207000009,120,61,59
207000010,281,243,38
207000012,709,258,451
207000015,249,494,-245
207000019,281,82,199
207000021,506,221,285
207000022,248,185,63
207000023,352,87,265
207000024,3,27,-24
207000025,28,169,-141
207000026,87,39,48
207000027,22,56,-34
207000028,88,123,-35
207000029,152,297,-145
207000033,334,550,-216
207000034,461,186,275
207000039,827,84,743
207000040,725,30,695
207000041,248,43,205
207000042,374,79,295
207000043,277,196,81
207000051,165,218,-53
207000052,14,123,-109
207000053,374,256,118
207000054,69,47,22
207000055,173,89,84
207000056,242,174,68
207000057,153,552,-399
207000058,193,241,-48
207000059,82,211,-129
207000060,92,188,-96
207000061,219,979,-760
207000062,679,35,644
207000063,699,54,645
207000064,492,212,280
207000065,396,247,149
207000066,483,210,273
207000067,103,71,32
207000068,159,42,117
207000069,908,378,530
207000082,9,114,-105
207000083,102,138,-36
207000084,657,314,343
207000085,347,28,319
207000086,474,3,471
207000106,65,25,40
207000107,117,12,105
207000108,116,3,113
207000109,101,11,90
207000110,79,93,-14
207000111,131,148,-17
207000112,89,1543,-1454
207000114,23,25,-2
207000115,51,50,1
207000116,33,507,-474
207000117,10,108,-98
207000118,1,46,-45
207000119,35,43,-8
207000123,299,16,283
207000124,179,28,151
207000125,60,23,37
207000126,71,35,36
207000134,156,112,44
207000135,33,128,-95
207000148,116,449,-333
207000149,42,32,10
207000152,119,385,-266
207000153,230,947,-717
207000154,410,259,151
207000159,183,98,85
207000160,199,173,26
207000238,0,165,-165
207000242,2,66,-64
207000248,56,30,26
207000249,135,26,109
207000250,462,129,333
207000251,100,128,-28
207000252,48,43,5
207000278,232,132,100
207000279,39,75,-36
207000280,1334,135,1199
207000281,195,285,-90
207000282,102,310,-208
207000283,27,198,-171
207000284,27,844,-817
207000285,59,103,-44
207000291,6,101,-95
207000304,85,101,-16
207000306,67,273,-206
207000310,154,74,80
207000353,143,1,142
207000356,18,107,-89
207000357,7,11,-4
207000358,4,29,-25
207000415,18,132,-114
207000417,79,5,74
207000418,0,16,-16
207000437,0,2,-2
207000439,548,552,-4
207000446,228,4,224
207000460,87,10,77
207000466,217,132,85
207000467,228,79,149
207000468,23,135,-112
207000476,8,17,-9
207000477,1078,29,1049
207000523,0,15,-15
207000524,28,1,27
207000527,230,179,51
207000530,967,16,951
207000531,415,5,410
207000532,183,46,137
207000534,180,34,146
207000535,36,471,-435
207000537,13,65,-52
207000540,8,96,-88
207000541,4,189,-185
207000548,9,131,-122
207000549,453,26,427
207000561,302,246,56
207000562,22,100,-78
207000567,73,246,-173
207000568,437,15,422
207000569,1091,184,907
207000584,68,184,-116
207000585,55,248,-193
207000616,0,45,-45
207000617,197,1,196
207900008,427,77,350
208000001,562,1562,-1000
208000002,769,879,-110
208000003,920,495,425
208000004,901,948,-47
208000005,1,22,-21
208000019,1202,591,611
208000020,347,311,36
208000021,380,307,73
208000022,1257,486,771
208000028,1162,3549,-2387
208000033,720,390,330
208000034,1199,2240,-1041
208000040,257,83,174
208000041,1194,743,451
208000042,1464,530,934
208000047,266,177,89
208000064,2206,2059,147
208000066,1468,2635,-1167
208000070,593,376,217
208000071,948,459,489
208000072,725,880,-155
208000080,368,586,-218
208000081,511,102,409
208000082,462,133,329
208000083,217,169,48
208000084,18,26,-8
208000085,805,415,390
208000086,533,1033,-500
208000087,343,877,-534
208000089,1120,400,720
208000090,1187,447,740
208000093,75,137,-62
208000094,599,390,209
208000095,1040,465,575
208000104,1763,560,1203
208000105,1015,821,194
208000114,114,459,-345
208000115,652,429,223
208000116,1251,1318,-67
208000117,58,99,-41
208000118,180,267,-87
208000155,645,1485,-840
208000158,1976,4040,-2064
208000186,1325,3397,-2072
208000204,1140,1550,-410
208000205,1908,810,1098
208000282,1532,2477,-945
209000004,851,248,603
209000005,87,49,38
209000006,488,255,233
209000007,446,714,-268
209000010,387,255,132
209000011,164,331,-167
209000012,126,110,16
209000013,434,208,226
209000014,541,527,14
209000025,668,109,559
209000026,1124,129,995
209000027,353,343,10
209000028,310,265,45
209000029,356,1075,-719
209000030,356,1386,-1030
209000031,2451,1808,643
209000034,342,376,-34
209000035,250,367,-117
209000036,449,190,259
209000037,487,315,172
209000038,207,158,49
209000039,108,136,-28
209000040,446,593,-147
209000041,241,296,-55
209000042,382,271,111
209000043,833,652,181
209000044,354,875,-521
209000045,714,442,272
209000046,561,498,63
209000047,401,327,74
209000048,707,689,18
209000049,98,42,56
209000050,171,69,102
209000051,283,119,164
209000052,179,144,35
209000062,67,52,15
209000063,55,44,11
209000064,49,32,17
209000065,282,42,240
209000066,197,25,172
209000067,317,43,274
209000080,50,204,-154
209000082,127,49,78
209000091,20,91,-71
209000093,39,15,24
209000094,27,111,-84
209000110,73,221,-148
209000111,927,2839,-1912
209000112,2144,796,1348
209000113,2939,956,1983
209000114,1459,923,536
209000115,47,51,-4
209000116,378,252,126
209000118,19,82,-63
209000119,9,25,-16
209000121,111,404,-293
209000135,57,230,-173
209000142,617,3573,-2956
209000143,56,88,-32
209000144,90,275,-185
209000229,238,167,71
209000240,38,209,-171
209000259,64,43,21
209000260,93,1421,-1328
209000261,7,975,-968
209000262,4,308,-304
209000263,0,344,-344
209000264,1,403,-402
209000265,541,0,541
209000266,161,1,160
209000267,2484,13,2471
209000268,543,128,415
210000037,220,49,171
210000047,160,39,121
210000048,271,25,246
210000049,75,9,66
210000052,213,76,137
210000053,104,35,69
210000054,36,77,-41
210000070,258,7,251
210000071,226,1,225
210000072,37,0,37
210000073,0,31,-31
210000074,1,171,-170
210000075,0,217,-217
210000076,18,244,-226
210000077,4,185,-181
210000078,68,158,-90
210000079,10,31,-21
210000080,56,175,-119
210000081,254,25,229
210000082,55,0,55
210000083,100,1,99
210000084,105,0,105
210000085,2,61,-59
210000086,1,96,-95
210000099,70,213,-143
210000100,112,143,-31
210000101,123,229,-106
210000105,32,389,-357
210000159,0,423,-423
210000163,71,400,-329
210000164,223,333,-110
210000168,218,52,166
210000187,0,70,-70
210000188,2,32,-30
210000214,6,0,6
210000219,107,67,40
210000220,197,21,176
210000232,4,19,-15
210000233,71,42,29
210000234,81,113,-32
210000235,152,68,84
210000245,0,123,-123
210000246,9,1,8
210000258,14,94,-80
210000259,313,57,256
210000282,102,235,-133
210000285,2,201,-199
210000286,18,255,-237
210000290,0,2,-2
210000295,54,275,-221
210000296,69,63,6
210000320,374,50,324
210000321,227,32,195
210000338,79,87,-8
210000339,170,1241,-1071
210000340,171,453,-282
210000341,228,408,-180
210000342,315,210,105
210000343,199,197,2
210000344,105,238,-133
210000345,146,342,-196
210000346,62,161,-99
210000347,80,74,6
210000348,138,54,84
210000349,42,30,12
210000350,204,56,148
210000351,198,35,163
210000352,77,38,39
210000353,50,60,-10
210000354,63,39,24
210000355,41,97,-56
210000356,37,111,-74
210000357,64,109,-45
210000358,256,303,-47
210000359,65,242,-177
210000360,225,294,-69
210000361,227,239,-12
210000362,218,252,-34
210000363,406,333,73
210000364,176,280,-104
210000365,160,113,47
210000366,204,95,109
210000367,130,37,93
210000368,181,33,148
210000369,26,81,-55
210000370,64,125,-61
210000372,23,20,3
210000373,13,47,-34
210000374,66,57,9
210000375,48,29,19
210000376,80,150,-70
210000404,35,186,-151
210000439,60,14,46
210000472,40,3,37
210000482,40,182,-142
210000564,174,413,-239
210000567,0,3,-3
210000568,244,2,242
211000092,55,15,40
211000094,79,11,68
211000169,239,28,211
211000172,18,102,-84
211000209,2,132,-130
211000226,0,0,0
211000270,4,0,4
211000275,54,16,38
211000276,222,32,190
211000279,30,33,-3
211000281,182,11,171
211507980,1,56,-55
211977296,57,2,55
212000003,170,37,133
212000004,9,54,-45
212000005,14,58,-44
212000006,35,73,-38
212000008,341,115,226
212000009,50,77,-27
212000012,132,35,97
212000013,51,20,31
212000014,439,138,301
212000015,386,138,248
212000016,724,497,227
212000027,543,335,208
212000028,395,260,135
212000029,243,193,50
212000030,83,14,69
212000031,88,28,60
212000048,47,562,-515
212000049,40,321,-281
212000050,32,13,19
212000051,385,125,260
212000052,306,120,186
212000053,366,267,99
212000054,609,86,523
212000055,393,102,291
212000056,17,51,-34
212000057,12,27,-15
212000058,169,46,123
212000070,170,198,-28
212000077,143,317,-174
212000099,494,242,252
212000108,348,140,208
212000111,406,99,307
212000120,214,67,147
212000138,198,27,171
212000156,2,67,-65
212000158,9,24,-15
212000159,811,43,768
212000160,1018,152,866
212000161,81,10,71
212000310,76,24,52
212000311,31,53,-22
212000374,42,26,16
213000001,45,411,-366
213000005,874,175,699
213000006,828,371,457
213000007,48,28,20
213000009,376,281,95
213000010,347,231,116
213000011,197,126,71
213000012,276,238,38
213000014,91,10,81
213000015,390,17,373
213000016,400,5,395
213000017,111,0,111
213000018,2,21,-19
213000019,3,49,-46
213000020,162,161,1
213000021,9,74,-65
213000023,460,280,180
213000033,465,1373,-908
213000034,598,187,411
213000035,182,290,-108
213000045,334,346,-12
213000046,200,182,18
213000047,456,889,-433
213000056,225,46,179
213000069,145,6,139
213000073,2,82,-80
213000074,296,760,-464
213000075,747,7,740
213000085,2,42,-40
213000086,33,142,-109
213000091,502,18,484
213000092,59,23,36
213000099,258,1652,-1394
213000100,881,249,632
213000101,831,84,747
213000102,813,132,681
213000103,978,610,368
213000104,74,263,-189
213000105,120,2187,-2067
213000106,24,75,-51
213000107,155,228,-73
213000108,64,241,-177
213000109,11,117,-106
213000110,16,93,-77
213000111,16,73,-57
213000112,44,136,-92
213000115,63,10,53
213000116,89,469,-380
213000117,14,537,-523
213000118,1218,328,890
213000119,34,495,-461
213000120,82,218,-136
213000122,229,264,-35
213000123,176,484,-308
213000124,352,997,-645
213000125,280,53,227
213000126,43,174,-131
213000127,16,334,-318
213000128,136,1420,-1284
213000129,170,1198,-1028
213000130,1569,549,1020
213000132,859,229,630
213000133,1326,147,1179
213000134,1977,15,1962
213000136,776,31,745
213000137,937,70,867
213000139,131,20,111
213000147,52,16,36
213000148,13,8,5
213000149,51,17,34
213000150,3,476,-473
213000151,5,220,-215
213000152,2,217,-215
213000153,4,241,-237
213000154,94,341,-247
213000155,43,193,-150
213000156,140,294,-154
213000157,1074,343,731
213000158,622,689,-67
213000159,1249,307,942
213000163,1983,169,1814
213000165,1225,474,751
213000171,1,40,-39
213000172,2,77,-75
213000173,3,77,-74
213000174,8,85,-77
213000175,20,54,-34
213000176,373,66,307
213000177,314,15,299
213000178,412,9,403
213000179,461,2,459
213000180,354,1,353
213000184,73,577,-504
213000188,837,81,756
213000189,1008,35,973
213000190,857,519,338
213000191,779,199,580
213000192,389,131,258
213000193,561,286,275
213000194,2,160,-158
213000195,44,245,-201
213000196,229,1690,-1461
213000197,776,842,-66
213000198,58,3,55
213000200,113,534,-421
213000201,37,93,-56
213000202,31,618,-587
213000203,2228,431,1797
213000204,1174,46,1128
213000205,884,76,808
213000206,696,57,639
213000207,146,16,130
213000208,61,6,55
213000209,130,2,128
213000210,261,0,261
213000211,16,25,-9
213000212,29,65,-36
213000213,25,67,-42
213000218,418,400,18
213000219,1462,22,1440
213000220,1200,8,1192
213000223,203,234,-31
213000224,23,57,-34
213000225,108,20,88
213000226,94,23,71
213000227,1570,190,1380
213000228,818,112,706
213000229,106,30,76
213000230,637,18,619
213000232,66,117,-51
213000233,19,350,-331
213000234,3,112,-109
213000293,28,56,-28
213000294,75,39,36
213000295,44,102,-58
213000296,88,24,64
213000297,5,82,-77
213000298,16,77,-61
213000299,70,17,53
213000300,7,8,-1
213000303,3,14,-11
213000304,2,14,-12
213000305,5,44,-39
213000306,60,250,-190
213000307,87,250,-163
213000308,94,178,-84
213000309,186,62,124
213000310,484,304,180
213000311,170,1140,-970
213000315,110,192,-82
213000316,274,87,187
213000322,175,58,117
213000323,216,97,119
213000324,214,33,181
213000325,188,68,120
213000326,184,26,158
213000327,175,53,122
213000328,120,109,11
213000329,275,46,229
213000340,156,263,-107
213000341,1058,137,921
213000347,309,839,-530
213000348,16,574,-558
213000349,14,17,-3
213000350,290,985,-695
213000366,69,207,-138
213000367,480,9,471
213000379,55,364,-309
213000386,63,77,-14
213000406,234,136,98
213000417,2156,597,1559
213000425,463,118,345
213000426,309,42,267
213000427,137,77,60
213000428,84,74,10
213000429,10,5,5
213000430,133,327,-194
213000431,11,4,7
213000432,1,68,-67
213000433,38,93,-55
213000434,216,171,45
213000435,193,129,64
213000436,72,35,37
213000437,16,11,5
213000438,219,44,175
213000439,82,21,61
213000440,40,190,-150
213000441,1,2,-1
213000442,14,18,-4
213000443,528,476,52
213000444,81,33,48
213000445,0,63,-63
213000446,1,83,-82
213000447,1,92,-91
213000448,29,269,-240
213000449,1227,11,1216
213000450,49,42,7
213000451,494,86,408
213000452,27,35,-8
213000453,23,248,-225
213000455,129,8,121
213000456,1,261,-260
213000481,4,3,1
213000484,45,0,45
213000489,176,92,84
213900002,4,268,-264
213900003,74,7,67
213900013,3,88,-85
213900015,0,29,-29
213900016,17,3,14
213900020,41,36,5
213900030,0,36,-36
213900032,224,212,12
213900033,282,48,234
213900034,1047,64,983
213900035,350,192,158
213900036,157,107,50
213900037,64,214,-150
213900038,776,144,632
213900039,1,13,-12
213900041,11,268,-257
213900042,190,372,-182
213900043,382,133,249
213900244,107,0,107
213900245,0,9,-9
218000003,46,27,19
218000004,51,52,-1
218000005,30,42,-12
218000006,95,43,52
218000007,30,22,8
218000012,260,189,71
218000013,307,260,47
218000014,542,329,213
218000019,467,519,-52
218000020,248,311,-63
218000021,54,72,-18
218000022,30,7,23
218000023,5,10,-5
218000024,2,4,-2
218000025,4,20,-16
218000026,9,27,-18
218000027,0,10,-10
218000028,3,1,2
218000029,1,4,-3
218000030,15,11,4
218000031,3,12,-9
218000032,2,14,-12
218000040,9,6,3
218000046,93,85,8
218000047,16,61,-45
218000048,105,49,56
218000049,82,66,16
218000050,298,191,107
218000051,72,165,-93
218000052,0,42,-42
218000053,4,10,-6
218000054,3,81,-78
218000055,9,35,-26
218000056,20,42,-22
218000057,1,29,-28
218000064,1,47,-46
218000065,105,92,13
218000066,9,38,-29
218000067,125,63,62
218000068,145,83,62
218000069,332,91,241
218000070,218,156,62
218000071,181,160,21
218000072,159,329,-170
218000078,1631,369,1262
218000079,390,84,306
218000080,349,64,285
218000081,1056,145,911
218000082,166,61,105
218000083,121,47,74
218000084,244,81,163
218000085,261,172,89
218000086,111,125,-14
218000087,304,86,218
218000090,20,162,-142
218000091,1434,605,829
218000092,182,124,58
218000093,119,54,65
218000094,504,350,154
218000099,321,708,-387
218000100,627,363,264
218000101,421,159,262
218000102,740,140,600
218000103,103,104,-1
218000104,174,37,137
218000105,29,34,-5
218000106,36,19,17
218000107,92,46,46
218000108,5,30,-25
218000112,141,45,96
218000117,53,88,-35
218000134,945,279,666
218000135,21,75,-54
218000136,187,134,53
218000137,323,143,180
218000138,99,136,-37
218000139,283,332,-49
218000140,812,387,425
218000141,129,97,32
218000142,284,177,107
218000143,76,655,-579
218000144,22,248,-226
218000145,723,370,353
218000146,267,170,97
218000151,5,31,-26
218000152,127,56,71
218000153,5,6,-1
218000154,13,0,13
218000155,69,6,63
218000156,92,29,63
218000157,65,20,45
218000158,33,22,11
218000159,1,7,-6
218000160,7,6,1
218000161,110,2,108
218000162,86,8,78
218000163,40,3,37
218000164,104,13,91
218000165,170,38,132
218000170,3,32,-29
218000171,65,9,56
218000172,15,17,-2
218000173,27,30,-3
218000174,36,35,1
218000176,362,119,243
218000177,604,281,323
218000178,106,322,-216
218000179,247,85,162
218000180,185,26,159
218000181,426,80,346
218000187,26,97,-71
218000188,19,55,-36
218000189,41,106,-65
218000190,37,38,-1
218000191,287,50,237
218000192,394,179,215
218000193,694,320,374
218000194,243,258,-15
218000195,211,47,164
218000196,453,249,204
218000197,824,170,654
218000198,79,74,5
218000199,51,19,32
218000200,63,20,43
218000201,19,11,8
218000202,57,484,-427
218000207,3,16,-13
218000208,45,28,17
218000211,40,49,-9
218000212,1,5,-4
218000213,155,86,69
218000214,3,31,-28
218000215,89,23,66
218000217,2,70,-68
218000218,186,65,121
218000219,7,102,-95
218000220,52,859,-807
218000221,527,243,284
218000222,3,92,-89
218000223,89,735,-646
218000224,29,305,-276
218000225,310,43,267
218000226,350,132,218
218000230,0,2,-2
218000232,46,55,-9
218000239,169,12,157
218000240,8,3,5
218000241,26,1,25
218000242,14,3,11
218000243,20,12,8
218000244,22,12,10
218000245,74,4,70
218000246,0,2,-2
218000247,5,2,3
218000248,0,32,-32
218000249,0,4,-4
218000250,4,54,-50
218000251,7,56,-49
218000252,3,286,-283
218000253,0,163,-163
218000254,0,42,-42
218000255,0,19,-19
218000256,13,62,-49
218000267,290,899,-609
218000268,5,42,-37
218000269,2,10,-8
218000270,63,63,0
218000271,7,12,-5
218000273,30,4,26
218000274,14,3,11
218000275,40,55,-15
218000276,30,10,20
218000278,4,111,-107
218000279,62,56,6
218000280,1,51,-50
218000281,12,32,-20
218000282,592,883,-291
218000284,91,13,78
218000301,114,223,-109
218000302,137,65,72
218000303,9,45,-36
218000316,1469,730,739
218000317,2336,676,1660
218000318,1802,478,1324
218000319,2097,681,1416
218000320,1764,659,1105
218000338,24,120,-96
218000345,67,90,-23
218000346,35,307,-272
218000459,20,163,-143
218000490,18,87,-69
218000501,138,105,33
218000502,93,39,54
218000503,174,12,162
218000504,171,13,158
218000505,62,82,-20
218000506,31,139,-108
218000508,44,4,40
218000510,125,16,109
218000520,151,88,63
218000521,2,23,-21
218000522,0,275,-275
218000523,172,1,171
218000524,7,934,-927
218000525,92,22,70
218000526,24,527,-503
218000529,39,51,-12
218000530,38,1,37
218000531,13,16,-3
218000532,91,42,49
218000534,274,13,261
218000537,18,132,-114
218000538,110,778,-668
218000540,101,213,-112
218000543,249,83,166
218000544,63,35,28
218000545,155,108,47
218000546,87,32,55
218000547,197,243,-46
218000548,114,126,-12
218000549,969,491,478
218000550,181,189,-8
218000551,132,528,-396
218000552,323,195,128
218000553,31,99,-68
218000554,26,81,-55
218000555,41,41,0
218000556,202,155,47
218000557,577,156,421
218000558,112,2,110
218000559,1,114,-113
218000560,0,34,-34
218000561,8,1,7
218000562,45,188,-143
218000563,238,26,212
218000564,9,199,-190
218000565,103,149,-46
218000566,110,37,73
218000567,1,136,-135
218000568,14,3,11
218000569,6,435,-429
218000570,21,18,3
218000571,0,128,-128
218000572,146,7,139
218000573,5,292,-287
218000574,43,46,-3
218000575,102,2,100
218000576,0,101,-101
218000577,111,4,107
218000578,0,274,-274
218000579,22,58,-36
218000581,11,49,-38
218000582,83,18,65
218000583,9,0,9
218000584,1,108,-107
218000585,74,14,60
218000586,26,67,-41
218000587,3,7,-4
218000588,4,4,0
218000589,1,16,-15
218000590,0,1,-1
218000591,0,4,-4
218000592,18,1,17
218000593,0,1,-1
218000594,2,0,2
218000595,0,0,0
218000596,0,0,0
218000597,0,0,0
218000598,0,1,-1
218000599,0,0,0
218000600,1,3,-2
218000601,0,0,0
218000602,0,5,-5
218000603,0,3,-3
218000604,24,1,23
218000605,0,33,-33
218000606,152,1,151
218000607,15,59,-44
218000608,117,45,72
218000609,9,38,-29
218000610,145,8,137
218000611,53,2,51
218000612,24,40,-16
218000613,79,1,78
218000614,1,105,-104
218000615,217,3,214
218000616,1,183,-182
218000617,12,0,12
218000618,0,32,-32
218000619,69,24,45
218000620,10,47,-37
218000621,1,12,-11
218000622,0,46,-46
218000623,60,5,55
218000624,4,121,-117
218000625,0,17,-17
218000626,0,27,-27
218000628,336,78,258
218000631,30,15,15
218000632,3,201,-198
218000633,95,5,90
218000634,9,32,-23
218000635,10,12,-2
218000636,1194,537,657
218000637,1394,291,1103
218000638,328,46,282
218000639,29,54,-25
218000640,701,32,669
218000641,131,124,7
218000652,81,26,55
218000653,346,87,259
218000663,8,27,-19
218000675,29,77,-48
218000676,5,2,3
218000677,38,6,32
218000680,162,132,30
218000681,498,110,388
218000691,165,77,88
218000693,590,104,486
218000703,8,14,-6
218000718,41,232,-191
218000719,106,362,-256
218000720,4,342,-338
218000721,29,42,-13
218000725,13,3,10
218001214,18,309,-291
218001329,87,92,-5
218001330,58,43,15
218001351,17,10,7
218001352,6,20,-14
218001353,2,3,-1
218001354,3,24,-21
219000001,7,49,-42
219000002,30,59,-29
219000003,78,69,9
219000004,69,87,-18
219000017,73,121,-48
219000020,202,56,146
219000022,115,10,105
219000023,154,1,153
219000029,7,77,-70
219000034,38,34,4
219000039,43,292,-249
219000040,50,130,-80
219000041,147,37,110
219000051,0,85,-85
219000052,0,65,-65
219000053,0,68,-68
219000054,340,547,-207
219000055,353,0,353
219000056,6,0,6
219000057,62,0,62
219000062,13,98,-85
219000063,141,20,121
219000064,0,61,-61
219000110,289,166,123
219000111,75,72,3
219000112,277,37,240
219000113,199,27,172
219000114,172,57,115
219000116,173,44,129
219000117,258,98,160
219000118,203,105,98
219000123,208,76,132
219000124,56,100,-44
219000125,24,17,7
219000126,53,173,-120
219000127,1,9,-8
219000128,23,134,-111
219000129,14,163,-149
219000130,232,721,-489
219000131,799,1393,-594
219000133,45,61,-16
219000134,18,44,-26
219000135,35,120,-85
219000136,94,230,-136
219000138,88,39,49
219000139,136,31,105
219000140,138,1,137
219000141,45,31,14
219000142,23,37,-14
219000143,10,30,-20
219000145,18,46,-28
219000146,8,12,-4
219000147,7,48,-41
219000148,9,18,-9
219000149,7,43,-36
219000150,2,61,-59
219000151,0,16,-16
219000157,348,85,263
219000158,190,176,14
219000161,232,8,224
219000163,1341,474,867
219000166,174,203,-29
219000167,175,132,43
219000168,266,67,199
219000174,632,202,430
219000175,195,9,186
219000176,298,17,281
219000177,135,3,132
219000178,132,1,131
219000179,76,5,71
219000180,62,18,44
219000182,247,9,238
219000183,106,25,81
219000184,131,9,122
219000185,5,20,-15
219000186,116,45,71
219000187,17,55,-38
219000189,51,246,-195
219000190,37,262,-225
219000191,150,2432,-2282
219000192,197,208,-11
219000193,117,145,-28
219000195,4,63,-59
219000196,5,105,-100
219000198,17,86,-69
219000199,35,162,-127
219000200,64,103,-39
219000201,39,153,-114
219000203,28,209,-181
219000204,86,599,-513
219000205,32,271,-239
219000207,67,260,-193
219000209,35,22,13
219000210,10,171,-161
219000213,26,188,-162
219000239,284,277,7
219000240,233,543,-310
219000241,210,145,65
219000242,81,203,-122
219000243,92,211,-119
219000244,30,51,-21
219000245,28,47,-19
219000246,43,63,-20
219000247,311,37,274
219000248,479,647,-168
219000249,183,166,17
219000250,231,138,93
219000251,662,282,380
219000252,364,138,226
219000253,397,111,286
219000255,190,169,21
219000256,446,62,384
219000257,188,0,188
219000262,78,62,16
219000263,75,55,20
219000267,18,58,-40
219000268,0,20,-20
219000269,4,3,1
219000270,24,1,23
219000271,313,9,304
219000278,0,17,-17
219000279,0,12,-12
219000283,0,24,-24
219000295,20,80,-60
219000296,89,238,-149
219000297,17,42,-25
219000298,43,33,10
219000299,431,82,349
219000300,30,88,-58
219000301,76,305,-229
219000302,15,170,-155
219000307,30,12,18
219000308,85,65,20
219000311,284,101,183
219000312,490,115,375
219000313,677,53,624
219000314,32,131,-99
219000315,415,51,364
219000316,821,72,749
219000317,205,21,184
219000320,1,82,-81
219000321,2,39,-37
219000323,6,46,-40
219000325,10,12,-2
219000326,65,32,33
219000327,87,15,72
219000328,17,25,-8
219000329,320,130,190
219000330,34,36,-2
219000331,66,71,-5
219000332,188,87,101
219000333,58,5,53
219000335,118,0,118
219000337,19,0,19
219000338,37,0,37
219000344,51,82,-31
219000345,126,31,95
219000346,50,34,16
219000348,230,85,145
219000349,44,129,-85
219000350,83,516,-433
219000351,2,11,-9
219000352,276,91,185
219000353,149,38,111
219000354,306,90,216
219000355,303,57,246
219000356,427,2202,-1775
219000363,159,116,43
219000364,183,100,83
219000365,128,31,97
219000366,202,675,-473
219000368,443,653,-210
219000370,833,1027,-194
219000371,4,23,-19
219000382,12,27,-15
219000383,202,1983,-1781
219000385,400,784,-384
219000386,797,2146,-1349
219000387,3,23,-20
219000390,16,1,15
219000391,4,3,1
219000397,44,20,24
219000398,52,40,12
219000401,18,79,-61
219000402,20,72,-52
219000403,62,323,-261
219000404,13,118,-105
219000407,10,60,-50
219000409,160,54,106
219000410,157,23,134
219000411,85,21,64
219000446,74,458,-384
219000447,0,6,-6
219000448,4,12,-8
219000452,99,89,10
219000453,28,277,-249
219000454,221,473,-252
219000556,389,86,303
219000558,96,102,-6
219000590,32,243,-211
219000591,165,124,41
219000592,88,280,-192
219000595,9,18,-9
219000635,249,79,170
219000636,46,27,19
219000657,19,18,1
219000658,12,181,-169
219000673,0,104,-104
219000676,6,16,-10
219000679,25,7,18
219000684,170,9,161
219000685,0,47,-47
219000686,90,14,76
219000688,0,49,-49
219000689,19,199,-180
219000690,160,23,137
219000691,21,157,-136
219000692,142,25,117
219000693,3,15,-12
219000694,77,0,77
219000695,59,1,58
219000698,44,0,44
219000699,0,82,-82
219000727,0,84,-84
219000728,95,3,92
219000770,50,7,43
219000771,1,42,-41
219001150,0,42,-42
219001151,2,5,-3
219001166,7,44,-37
219001167,0,39,-39
220000001,38,178,-140
220000002,8,101,-93
220000003,298,155,143
220000004,398,296,102
220000005,651,1574,-923
220000006,114,715,-601
220000007,466,254,212
220000008,351,472,-121
220000009,327,419,-92
220000010,95,77,18
220000011,448,4860,-4412
220000012,71,557,-486
220000014,167,91,76
220000015,70,286,-216
220000017,25,478,-453
220000018,8062,3650,4412
220000019,156,674,-518
220000020,670,230,440
220000021,1195,276,919
220000022,1673,332,1341
220000023,494,205,289
220000024,1395,666,729
220000025,1067,2409,-1342
220000026,463,802,-339
220000027,16,209,-193
220000028,57,77,-20
220000029,23,89,-66
220000030,60,123,-63
220000031,901,476,425
220000064,32,1427,-1395
221000046,4,0,4
221000047,0,0,0
221000048,0,0,0
221000049,0,8,-8
221000050,14,1,13
221000055,61,63,-2
221000057,120,13,107
221000068,352,140,212
221000069,374,56,318
221000070,293,33,260
221000071,152,5,147
221000072,396,4,392
221000073,258,25,233
221000074,1,8,-7
221000075,15,48,-33
221000076,6,19,-13
221000077,9,81,-72
221000081,7,8,-1
221000082,84,4,80
221000083,16,11,5
221000084,31,23,8
221000085,22,47,-25
221000086,13,133,-120
221000087,9,97,-88
221000088,4,87,-83
221000089,35,206,-171
221000090,81,483,-402
221000098,142,15,127
221000099,238,15,223
221000100,147,9,138
221000101,165,9,156
221000102,229,12,217
221000109,3,100,-97
221000110,10,40,-30
221000111,14,76,-62
221000112,8,91,-83
221000113,24,110,-86
221000114,11,98,-87
221000120,54,55,-1
221000121,8,91,-83
221000122,47,78,-31
221000123,2,18,-16
221000124,15,105,-90
221000155,221,29,192
221000156,17,105,-88
221000175,1,7,-6
221000176,0,2,-2
221000182,63,19,44
221000241,314,350,-36
221000242,132,326,-194
221000243,387,288,99
221000244,207,326,-119
221000245,95,73,22
221000246,49,178,-129
221000247,120,67,53
221000248,148,76,72
221000267,48,1087,-1039
221000325,16,166,-150
221000331,9,48,-39
221000338,22,75,-53
221000378,346,34,312
221000381,52,36,16
222000282,6,4,2
222000296,2,20,-18
222000568,611,28,583
222000569,292,60,232
222000570,274,42,232
222000571,732,24,708
222000577,11,79,-68
222000578,22,95,-73
222000579,19,121,-102
222000580,43,665,-622
222000599,0,68,-68
222000600,1,156,-155
222000601,11,555,-544
222000603,15,75,-60
222000604,2,105,-103
222000605,22,77,-55
222000606,1,46,-45
222000607,11,14,-3
222000608,36,28,8
222000609,91,83,8
222000616,802,40,762
222000617,15,42,-27
222000618,1,6,-5
222000620,25,36,-11
222000621,54,49,5
222000623,869,13,856
222000624,802,3,799
222000625,1662,110,1552
222000636,63,3,60
222000686,51,20,31
222000687,42,37,5
222001066,585,3,582
222001067,91,5,86
222001068,189,26,163
222001069,183,13,170
222001082,55,16,39
222001083,120,24,96
222001084,2,27,-25
222001085,0,335,-335
222001111,101,41,60
222001112,362,16,346
222001313,25,18,7
222001314,3,86,-83
222001464,65,43,22
222001465,9,41,-32
222001484,221,68,153
222001485,21,85,-64
222001494,1280,132,1148
222001495,145,61,84
222001496,600,110,490
222001497,108,157,-49
222001502,10,45,-35
222001503,201,20,181
222001504,39,183,-144
222001505,592,23,569
222001506,52,311,-259
222001507,304,28,276
222001510,1059,55,1004
222001511,69,158,-89
222001514,1399,232,1167
222001515,163,336,-173
222001518,830,80,750
222001519,92,77,15
222001527,217,92,125
222001528,19,143,-124
222001529,730,41,689
222001530,121,170,-49
222001533,130,144,-14
222001534,820,49,771
222001535,466,370,96
222001536,73,86,-13
222001537,696,68,628
222001538,45,356,-311
222001563,1426,242,1184
222001564,118,160,-42
222001568,228,293,-65
222001576,0,6,-6
222001579,1,17,-16
222001583,11,67,-56
222001584,207,9,198
222001596,772,2463,-1691
222001597,2235,1470,765
222001626,0,61,-61
222001650,26,256,-230
222001651,40,508,-468
222001914,355,59,296
222001915,30,197,-167
222900004,564,245,319
222900009,204,437,-233
222900019,225,404,-179
222900024,80,16,64
222900025,12,9,3
225000001,541,157,384
225000002,893,149,744
225000003,1079,73,1006
225000004,644,277,367
225000005,121,94,27
225000006,0,174,-174
225000007,1177,1049,128
225000010,299,19,280
225000011,416,1693,-1277
225000012,426,931,-505
225000013,150,103,47
225000014,685,128,557
225000015,136,144,-8
225000021,902,135,767
225000027,197,413,-216
225000032,829,125,704
225000042,46,510,-464
225000049,48,65,-17
225000050,196,19,177
225000053,6,301,-295
225000058,699,240,459
225000067,226,177,49
225000068,117,166,-49
225000069,70,290,-220
225000070,113,202,-89
225000071,60,51,9
225000075,22,792,-770
225000076,37,106,-69
225000078,65,47,18
225000085,157,65,92
225000086,405,87,318
225000087,215,18,197
225000088,10,211,-201
225000089,59,909,-850
225000090,51,492,-441
225000091,150,73,77
225000092,52,80,-28
225000093,256,206,50
225000094,29,124,-95
225000095,244,222,22
225000096,128,346,-218
225000098,1196,284,912
225000099,630,166,464
225000100,660,166,494
225000104,92,338,-246
225000110,11,380,-369
225000111,238,644,-406
225000112,250,909,-659
225000113,215,523,-308
225000114,180,327,-147
225000115,972,587,385
225000116,388,216,172
225000117,795,397,398
225000118,1507,333,1174
225000119,392,98,294
225000120,1068,48,1020
225000121,201,12,189
225000123,619,9,610
225000125,749,122,627
225000126,889,206,683
225000127,548,2539,-1991
225000128,513,1280,-767
225000132,704,37,667
225000133,364,47,317
225000134,790,145,645
225000135,127,15,112
225000136,628,30,598
225000137,370,69,301
225000138,598,121,477
225000143,61,204,-143
225000144,8,367,-359
225000145,48,50,-2
225000146,110,37,73
225000147,56,115,-59
225000148,21,111,-90
225000149,47,214,-167
225000151,33,145,-112
225000155,268,309,-41
225000156,273,948,-675
225000157,458,293,165
225000158,84,148,-64
225000171,3,111,-108
225000180,11,0,11
225000181,0,42,-42
225000182,94,5,89
225000185,2,280,-278
225000187,53,300,-247
225000191,82,1,81
225000194,0,8,-8
225000208,0,56,-56
225000209,149,5,144
225000210,6,296,-290
225000217,0,13,-13
225000218,14,0,14
225000223,0,79,-79
225000224,47,5,42
225000225,0,22,-22
225000226,24,1,23
225000227,87,87,0
225000228,11,9,2
225000229,0,35,-35
225000230,4,2,2
225000231,0,34,-34
225000232,103,1,102
225000241,57,0,57
225000242,0,52,-52
225000249,1,0,1
225000250,74,442,-368
225000251,673,75,598
225000254,2,12,-10
225000256,1,139,-138
225000257,0,16,-16
226000042,150,347,-197
226000043,34,235,-201
226000044,118,466,-348
226000045,74,223,-149
226000046,796,86,710
226000047,497,138,359
226000048,479,109,370
226000049,402,284,118
226000070,1,20,-19
226000071,0,45,-45
226000072,0,8,-8
226000073,0,8,-8
226000074,0,18,-18
226000084,1,22,-21
226000085,2,11,-9
226000086,1,14,-13
226000087,0,37,-37
226000088,11,84,-73
226000090,117,236,-119
226000091,14,112,-98
226000092,3,46,-43
226000093,26,4,22
226000094,12,4,8
226000095,12,4,8
226000105,26,0,26
226000106,41,1,40
226000107,16,1,15
226000108,28,0,28
226000109,151,0,151
226000124,258,79,179
226000134,1455,732,723
226000135,2503,733,1770
226000136,1022,613,409
226000137,9,139,-130
226000138,1,118,-117
226000139,0,71,-71
226000156,342,3,339
226000157,387,15,372
226000163,86,267,-181
226000202,16,130,-114
226000231,530,3,527
226000232,58,12,46
227000033,471,44,427
227000036,648,30,618
227000037,566,28,538
227000038,105,25,80
227000084,1,116,-115
227000085,1,81,-80
227000088,64,6,58
227000089,140,3,137
227000090,37,0,37
227000091,24,2,22
227000092,28,0,28
227000093,135,2,133
227000094,6,0,6
227000130,30,173,-143
227000131,33,114,-81
227000132,10,85,-75
227000133,10,91,-81
227000134,29,156,-127
227000152,0,9,-9
227000153,1,86,-85
227000154,0,36,-36
227000155,1,27,-26
227000156,1,36,-35
227000165,8,116,-108
227000196,697,107,590
227000199,773,166,607
227000230,6,122,-116
227000232,868,10,858
227000242,36,449,-413
227000243,449,76,373
227000245,6,247,-241
227000246,99,200,-101
227000247,546,42,504
227000248,153,30,123
227000249,15,43,-28
227000250,337,268,69
227000251,55,260,-205
227000252,43,103,-60
227000253,241,11,230
227000262,825,38,787
227000266,2183,36,2147
227000267,14,600,-586
227000282,8,54,-46
227000284,1040,37,1003
227000286,1,43,-42
227000291,8,250,-242
227000296,207,364,-157
227000484,228,14,214
227000485,12,739,-727
227000655,338,3,335
227000656,862,32,830
227000657,128,7,121
227000704,275,16,259
229000265,23,10,13
229000266,4,2,2
229000267,15,0,15
229000268,39,1,38
229000269,50,5,45
229000274,1,71,-70
229000275,0,29,-29
229000276,2,48,-46
229000277,0,12,-12
229000278,1,14,-13
229000295,59,11,48
229000296,14,16,-2
229000297,2,22,-20
229000298,10,154,-144
229000320,24,20,4
229000321,14,11,3
229000412,20,31,-11
229000414,26,43,-17
229000415,7,7,0
229000416,0,8,-8
229000417,1,5,-4
229000419,75,338,-263
229000440,373,117,256
229000442,24,54,-30
229000443,14,6,8
229000444,1,35,-34
229000445,81,11,70
229000446,140,42,98
229000491,3,13,-10
229000492,16,44,-28
229000493,10,52,-42
229000494,76,4,72
229000495,179,1,178
229000496,141,2,139
229000507,0,30,-30
229000508,1,41,-40
229000509,2,105,-103
229000510,4,47,-43
229000511,2,46,-44
229000512,2,19,-17
229000513,1,6,-5
229000514,3,0,3
229000517,13,9,4
229000518,16,12,4
229000519,1,2,-1
229000520,12,10,2
229000521,83,20,63
229000522,9,3,6
229000523,7,2,5
229000524,5,6,-1
229000527,2,0,2
229000528,0,0,0
229000529,13,0,13
229000530,68,1,67
229000531,52,1,51
229000532,9,0,9
229000533,76,1,75
229000534,54,0,54
229000564,132,0,132
229000565,61,1,60
229000566,0,3,-3
229000567,0,28,-28
229000582,109,4,105
229000583,5,1,4
229000584,0,5,-5
229000585,2,70,-68
229000718,0,8,-8
229000719,0,1,-1
229000720,0,6,-6
229000721,0,7,-7
229000722,0,1,-1
229000723,0,2,-2
229000724,0,13,-13
229000725,0,5,-5
229000738,1,0,1
229000739,2,0,2
229000740,3,0,3
229000741,63,0,63
229000742,12,0,12
229000743,19,0,19
229000744,3,0,3
229000745,2,0,2
229000746,17,0,17
229000847,110,0,110
229000848,35,0,35
229000849,187,2,185
229000851,132,1,131
229000854,0,10,-10
229000856,0,21,-21
229000857,0,12,-12
229000858,0,11,-11
229000919,9,52,-43
229000930,1,185,-184
229000937,101,17,84
229000966,64,53,11
229000981,14,21,-7
229000985,51,13,38
229000986,0,5,-5
229000987,0,5,-5
229000988,6,10,-4
229000989,12,15,-3
229000990,8,3,5
229000991,0,5,-5
229000992,24,20,4
229000993,264,19,245
229000998,32,55,-23
229000999,112,21,91
229001034,1,13,-12
229001035,5,1,4
229001036,10,71,-61
229001037,98,2,96
229001038,0,10,-10
229001039,0,0,0
229001040,0,56,-56
229001041,158,0,158
229001042,34,27,7
229001047,9,40,-31
229001050,46,23,23
229001168,1,19,-18
229001200,15,31,-16
229001338,2,22,-20
229001394,200,0,200
229001422,208,24,184
229001423,28,68,-40
229001431,75,55,20
229001432,27,65,-38
229001444,281,52,229
229001445,51,113,-62
229001479,44,2,42
229001503,360,104,256
229001504,149,85,64
229001505,117,26,91
229001506,59,64,-5
229001509,65,10,55
229001510,8,22,-14
229001545,98,3,95
229001546,6,35,-29
229001553,194,22,172
229001554,11,63,-52
229001630,119,15,104
229001631,21,22,-1
229001635,0,38,-38
229001636,8,4,4
229001658,0,110,-110
229001659,39,2,37
229001660,4,10,-6
229001661,6,45,-39
229001662,39,3,36
229001663,0,8,-8
229002584,230,256,-26
229002831,139,111,28
229002841,4,31,-27
229002842,58,27,31
229002843,143,44,99
229002844,35,88,-53
229002845,13,104,-91
229002846,44,26,18
229002847,0,14,-14
229002848,13,10,3
229002849,1,72,-71
229002850,27,6,21
229002851,64,183,-119
229002852,170,52,118
229002853,180,33,147
229002854,60,59,1
229002855,8,33,-25
229002856,50,12,38
229002857,15,123,-108
229002858,28,3,25
229002859,30,61,-31
229002860,114,24,90
229002861,96,24,72
229002862,39,35,4
229002863,49,46,3
229002864,19,30,-11
229002865,17,14,3
229002866,37,32,5
229002867,1,24,-23
229002868,14,30,-16
229002869,12,87,-75
229002870,82,23,59
235000066,208,44,164
235000067,76,52,24
235000072,31,61,-30
235000073,89,475,-386
235000074,96,39,57
235000080,19,58,-39
235000081,127,109,18
235000082,256,16,240
235000083,371,39,332
235000084,99,66,33
235000085,285,35,250
235000089,34,17,17
235000092,71,156,-85
235000093,17,12,5
235000097,3,6,-3
235000098,102,0,102
235000099,27,46,-19
235000116,18,12,6
235000117,466,7,459
235000133,12,652,-640
235000134,19,252,-233
235000206,9,6,3
235000207,9,16,-7
235000208,6,2,4
235000209,1,2,-1
235000210,13,4,9
235000212,4,12,-8
235000213,1,16,-15
235000220,1,5,-4
235000221,30,27,3
235000238,9,208,-199
235000239,1,66,-65
235000242,412,1323,-911
235000245,305,177,128
235000246,47,63,-16
235000284,12,107,-95
235000295,93,16,77
235000305,346,28,318
235000306,551,10,541
235000307,18,0,18
235000308,24,0,24
235000309,68,2,66
235000310,61,1,60
235000311,242,17,225
235000322,0,49,-49
235000323,1,40,-39
235000324,0,49,-49
235000325,0,25,-25
235000326,5,65,-60
235000351,2,37,-35
235000352,19,33,-14
235000353,7,17,-10
235000354,11,50,-39
235000355,10,59,-49
235000356,99,8,91
235000357,44,8,36
235000358,47,4,43
235000359,16,4,12
235000360,72,8,64
235000361,78,11,67
235000381,230,53,177
235000382,319,61,258
235000390,4,9,-5
235000391,251,27,224
235000392,332,343,-11
235000393,203,177,26
235000395,173,75,98
235000396,733,97,636
235000400,318,164,154
235000401,8,104,-96
235000405,155,125,30
235000406,47,113,-66
235000407,47,63,-16
235000409,116,45,71
235000410,35,125,-90
235000411,0,40,-40
235000485,0,8,-8
235000486,15,0,15
235000549,141,102,39
235000550,169,186,-17
235000599,204,35,169
235000600,9,19,-10
235000601,18,15,3
235000602,85,23,62
235000614,2,14,-12
235000648,0,11,-11
235000649,41,6,35
235000685,1,7,-6
235000815,27,116,-89
235000834,0,3,-3
235000855,40,35,5
235000862,111,69,42
235000891,0,23,-23
235000892,14,1,13
235000901,85,66,19
235000907,5,11,-6
235001010,164,24,140
235001029,204,148,56
235001030,290,197,93
235001078,136,123,13
235001079,53,71,-18
235001147,1,163,-162
235001166,8,39,-31
235001167,71,29,42
235001169,22,283,-261
235001188,1,24,-23
235001189,4,3,1
235001197,2,22,-20
235001200,57,55,2
235001208,22,46,-24
235001209,12,75,-63
235001210,14,134,-120
235001239,3,22,-19
235001244,0,8,-8
235016267,0,59,-59
241900007,82,2,80
277101746,0,0,0
277102712,1,0,1
277103813,0,0,0
277103814,0,0,0
277103898,0,1,-1
277104249,0,1,-1
277104250,0,3,-3
277104251,0,0,0
277104252,0,1,-1
990011530,0,259,-259
990014944,5,244,-239
990015176,84,1,83
990015618,0,133,-133
990016032,2,307,-305
990032570,14,904,-890
990070001,52,0,52
990070103,0,3,-3
990070601,0,67,-67
990070751,2808,4,2804
990070766,0,203,-203
990071180,604,232,372
990071343,26,1,25
990071387,0,7,-7
990071823,410,1,409
990072600,1,1324,-1323
990072964,0,220,-220
990073285,0,1,-1
990074393,0,407,-407
990074870,2207,23,2184
990075106,828,2,826
990075746,928,12,916
990076437,3893,3,3890
990076458,0,245,-245
997000007,406,13,393
997000041,2,292,-290
997000058,64,1,63
997000062,22,0,22
997000069,0,9,-9
997000070,0,17,-17
997000100,116,0,116
997000141,7,1035,-1028
997000198,1,531,-530
998000475,0,2,-2
998000736,2,87,-85
998000965,0,32,-32
998001031,0,51,-51
998001700,0,32,-32
998001899,0,1,-1
998001900,22,1,21
998003073,1446,1,1445
998101900,0,0,0
998102850,6,313,-307
998501927,496,1407,-911
998501929,94,23,71
998501930,67,1,66
998501931,179,1,178
998501932,9,0,9
998501933,95,0,95
998501937,12,1,11
998501944,12,1,11
998501950,0,0,0
998501970,139,4,135
998501971,0,78,-78
998501972,265,7,258
998501973,2,20,-18
998501974,0,120,-120
998501975,94,0,94
998501976,130,36,94
998501977,7,25,-18
998501978,14,0,14
998501979,1,10,-9
998501980,100,1,99
998501981,40,1,39
998501982,0,187,-187
998502006,0,0,0
998502024,0,6,-6
998502032,0,3,-3
998502062,6,2,4
998502063,0,0,0
998502173,6,0,6
998502269,0,3,-3
998601159,6,43,-37
998601292,0,39,-39
999033574,0,143,-143
999800001,68,7,61
999800002,0,7,-7
999800003,1,3,-2
999800004,0,13,-13
999800005,0,7,-7
