ID,insum,outsum,diff
100000001,383,190,193
100000002,1417,3392,-1975
100000003,2283,3170,-887
100000004,150,798,-648
100000005,1802,2371,-569
100000006,333,299,34
100000007,993,1220,-227
100000008,50,211,-161
100000009,120,808,-688
100000010,18,147,-129
100000011,165,43,122
100000012,46,181,-135
100000013,0,51,-51
100000014,46,210,-164
100000015,576,979,-403
100000016,167,812,-645
100000017,91,1100,-1009
100000018,343,226,117
100000019,1041,1229,-188
100000020,580,2544,-1964
100000021,2384,533,1851
100000022,239,1458,-1219
100000023,1486,712,774
100000025,229,989,-760
100000028,345,932,-587
100000029,14,461,-447
100000030,64,25,39
100000031,1051,3953,-2902
100000032,884,2382,-1498
100000033,497,1653,-1156
100000034,37,760,-723
100000035,171,603,-432
100000036,208,756,-548
100000037,446,247,199
100000038,1665,766,899
100000039,183,155,28
100000040,229,153,76
100000041,983,381,602
100000042,725,233,492
100000043,343,173,170
100000044,53,81,-28
100000045,104,256,-152
100000046,122,257,-135
100000047,74,346,-272
100000048,120,293,-173
100000049,636,738,-102
100000051,271,222,49
100000053,60,0,60
100000054,190,9,181
100000055,278,172,106
100000056,211,252,-41
100000057,1504,253,1251
100000058,405,273,132
100000059,20,104,-84
100000060,447,245,202
100000061,1668,396,1272
100000062,934,407,527
100000063,726,281,445
100000064,910,296,614
100000065,233,327,-94
100000066,70,219,-149
100000067,159,173,-14
100000068,176,526,-350
100000069,118,514,-396
100000072,73,175,-102
100000073,500,433,67
100000075,427,99,328
100000076,506,3105,-2599
100000077,44,325,-281
100000078,6,24,-18
100000079,5,48,-43
100000080,2,49,-47
100000081,2,44,-42
100000102,1294,2513,-1219
100000103,828,1605,-777
100000104,1625,1342,283
100000105,547,749,-202
100000106,437,1683,-1246
100000107,39,671,-632
100000108,133,320,-187
100000109,322,661,-339
100000116,165,270,-105
100000117,7,100,-93
100000118,512,496,16
100000119,439,471,-32
100000121,68,336,-268
100000122,250,1011,-761
100000123,720,1013,-293
100000124,918,1443,-525
100000125,2310,1549,761
100000126,193,243,-50
100000127,500,425,75
100000128,119,1911,-1792
100000129,74,448,-374
100000130,457,131,326
100000131,422,751,-329
100000132,350,817,-467
100000133,774,414,360
100000135,403,783,-380
100000139,123,372,-249
100000140,82,77,5
100000142,385,307,78
100000143,552,143,409
100000144,839,233,606
100000147,801,3061,-2260
100000150,41,236,-195
100000151,71,904,-833
100000153,39,260,-221
100000154,7,489,-482
100000155,0,7,-7
100000156,34,157,-123
100000157,192,199,-7
100000158,96,70,26
100000159,54,600,-546
100000165,526,192,334
100000169,30,710,-680
100000174,202,507,-305
100000179,18,361,-343
100000180,343,854,-511
100000181,72,139,-67
100000188,15,50,-35
100000189,416,211,205
100000190,210,612,-402
100000191,404,211,193
100000192,8,80,-72
100000193,159,53,106
100000330,238,446,-208
100000355,109,318,-209
100000362,1189,549,640
100000363,4501,4406,95
100000364,92,104,-12
100000365,3820,4660,-840
100000366,1040,625,415
100000367,3424,3536,-112
100000368,561,523,38
100000369,206,1299,-1093
100000370,39,688,-649
100000376,30,320,-290
100000379,331,2015,-1684
100000380,1318,4107,-2789
100000384,2532,3457,-925
100000385,487,2713,-2226
100000386,732,2906,-2174
100000387,1318,3754,-2436
100000388,1204,2167,-963
100000389,2045,3241,-1196
100000390,1434,1267,167
100000391,1658,3811,-2153
100000392,279,975,-696
100000393,262,2010,-1748
100000394,742,2343,-1601
100000395,416,1966,-1550
100000396,538,954,-416
100000397,736,3167,-2431
100000398,4477,2121,2356
100900002,12,5,7
100900003,390,238,152
100900004,4,197,-193
100900005,114,3,111
100900006,21,17,4
100900007,78,2,76
100900008,0,57,-57
100900009,22,26,-4
100900010,38,14,24
100900011,176,110,66
100900012,0,21,-21
100900013,753,13,740
100900014,0,0,0
100900015,42,27,15
100900016,0,22,-22
100900017,625,42,583
100900018,0,4,-4
100900019,5,13,-8
100900020,212,3,209
100900021,369,6,363
100900022,0,7,-7
100900023,1,4,-3
100900024,219,1,218
100900025,1,0,1
100900026,154,18,136
100900027,131,1369,-1238
100900028,31,139,-108
100900029,45,0,45
100900030,0,28,-28
100900031,628,21,607
100900032,206,0,206
100900033,50,252,-202
100900034,747,1,746
100900035,101,1,100
100900036,4,1,3
100900037,92,57,35
100900038,4,2,2
100900039,201,55,146
100900040,525,143,382
100900041,1004,85,919
100900042,107,1188,-1081
100900043,0,11,-11
100900044,383,350,33
100900045,0,0,0
100900046,647,4,643
100900047,545,136,409
100900048,50,3,47
100900049,25,36,-11
100900050,1,7,-6
100900051,51,35,16
100900052,121,0,121
100900053,750,20,730
100900054,17,11,6
100900055,90,705,-615
100900056,28,36,-8
100900057,827,114,713
100900058,154,62,92
100900059,104,0,104
100900060,217,1,216
100900061,53,43,10
100900062,1,0,1
100900063,195,468,-273
100900064,271,5,266
100900065,34,138,-104
100900066,60,15,45
100900067,2,0,2
100900068,70,47,23
100900069,9,0,9
100900070,410,10,400
100900071,106,36,70
100900072,0,3,-3
100900073,93,134,-41
100900074,1,18,-17
100900075,678,54,624
100900076,20,14,6
100900077,34,5,29
100900078,29,78,-49
100900079,1,0,1
100900080,70,102,-32
100900081,4,88,-84
100900082,230,55,175
100900083,1,6,-5
100900085,1,196,-195
100900086,11,281,-270
100900088,118,87,31
100900089,2,36,-34
100900090,30,233,-203
100900091,0,6,-6
100900092,34,113,-79
100900093,230,226,4
100900094,106,65,41
100900095,1,8,-7
100900096,23,40,-17
100900097,3,0,3
100900098,32,1,31
100900099,2,53,-51
100900100,0,45,-45
100900101,89,7,82
100900102,0,47,-47
100900103,0,0,0
100900104,1,47,-46
100900105,0,57,-57
100900106,9,0,9
100900107,666,308,358
100900108,1,13,-12
100900109,23,5,18
100900110,1,9,-8
100900111,4,32,-28
100900112,0,4,-4
100900113,4,21,-17
100900114,5,14,-9
100900115,4,3,1
100900116,303,186,117
100900117,146,783,-637
100900118,0,24,-24
100900119,3,31,-28
100900120,7,2,5
100900121,182,152,30
100900122,8,29,-21
100900123,130,11,119
100900124,0,1,-1
100900125,0,14,-14
100900126,225,40,185
100900127,1,0,1
100900128,22,110,-88
100900129,0,90,-90
100900131,4,53,-49
100900133,25,9,16
100900134,0,0,0
100900135,0,123,-123
100900137,69,33,36
100900138,104,105,-1
100900139,0,0,0
100900140,0,24,-24
100900141,0,141,-141
100900142,0,6,-6
100900143,136,131,5
100900144,5,2,3
100900145,7,101,-94
100900146,17,49,-32
100900147,8,563,-555
100900148,8,76,-68
100900149,0,254,-254
100900150,0,34,-34
100900151,13,149,-136
100900152,44,6,38
100900153,1,151,-150
100900154,14,34,-20
100900155,20,9,11
100900156,2,0,2
100900157,13,133,-120
100900158,58,4,54
100900159,1,2,-1
100900160,23,0,23
100900161,23,1,22
100900162,1,107,-106
100900163,11,19,-8
100900164,74,5,69
100900165,69,28,41
100900166,0,2,-2
100900167,3,9,-6
100900168,3,43,-40
100900169,14,297,-283
100900170,1,1,0
100900171,3,194,-191
100900172,1,111,-110
100900173,0,29,-29
100900174,20,14,6
100900176,363,28,335
100900177,87,9,78
100900178,103,211,-108
100900179,66,57,9
100900180,4,2,2
100900181,16,13,3
100900182,14,7,7
100900184,19,53,-34
100900186,232,106,126
100900187,2,41,-39
100900188,60,11,49
100900189,971,173,798
100900191,113,618,-505
100900192,53,184,-131
100900195,45,64,-19
100900197,8,80,-72
100900198,4,10,-6
100900199,2,6,-4
100900200,466,93,373
100900201,4,405,-401
100900202,20,0,20
100900203,1,23,-22
100900204,20,115,-95
100900205,34,422,-388
100900206,130,118,12
100900207,145,93,52
100900210,16,38,-22
100900211,72,32,40
100900213,54,7,47
100900214,161,18,143
100900215,0,4,-4
100900217,21,49,-28
101000001,783,1711,-928
101000002,2641,3309,-668
101000003,86,809,-723
101000004,2789,5480,-2691
101000005,2672,4342,-1670
101000006,2269,7092,-4823
101000007,1040,3167,-2127
101000008,1096,1541,-445
101000009,1286,413,873
101000010,598,435,163
101000011,278,206,72
101000012,185,276,-91
101000013,296,824,-528
101000014,237,295,-58
101000015,2087,732,1355
101000016,136,393,-257
101000017,159,195,-36
101000018,764,1923,-1159
101000020,511,601,-90
101000021,203,196,7
101000022,91,329,-238
101000023,393,411,-18
101000025,209,375,-166
101000026,163,9,154
101000027,877,2134,-1257
101000028,466,228,238
101000029,7,595,-588
101000030,449,195,254
101000031,25,394,-369
101000032,1084,2317,-1233
101000033,383,2236,-1853
101000034,279,1517,-1238
101000035,163,205,-42
101000036,131,1065,-934
101000037,255,1489,-1234
101000039,677,1326,-649
101000040,1163,2548,-1385
101000041,931,3293,-2362
101000042,30,565,-535
101000043,1455,2883,-1428
101000045,109,502,-393
101000046,502,1741,-1239
101000047,691,3484,-2793
101000048,158,253,-95
101000049,204,532,-328
101000050,224,834,-610
101000051,397,1574,-1177
101000052,493,1208,-715
101000053,121,458,-337
101000054,305,223,82
101000055,577,789,-212
101000056,16,108,-92
101000057,283,1352,-1069
101000058,224,1021,-797
101000059,722,1999,-1277
101000060,651,506,145
101000061,116,1391,-1275
101000062,80,287,-207
101000063,52,804,-752
101000064,150,498,-348
101000065,48,506,-458
101000066,192,792,-600
101000067,176,377,-201
101000068,87,258,-171
101000069,91,25,66
101000070,292,308,-16
101000071,1851,650,1201
101000072,358,1193,-835
101000073,261,918,-657
101000074,1175,1748,-573
101000075,1689,1175,514
101000077,1262,1151,111
101000078,587,647,-60
101000079,663,583,80
101000080,579,343,236
101000081,719,986,-267
101000082,978,758,220
101000083,1873,1086,787
101000084,542,284,258
101000085,1102,778,324
101000086,463,386,77
101000087,458,521,-63
101000088,892,648,244
101000089,468,760,-292
101000090,720,377,343
101000091,276,202,74
101000092,1213,370,843
101000093,775,262,513
101000094,310,271,39
101000095,460,312,148
101000096,420,199,221
101000097,171,217,-46
101000098,241,330,-89
101000099,316,485,-169
101000100,536,855,-319
101000101,102,382,-280
101000102,208,457,-249
101000103,198,262,-64
101000104,103,440,-337
101000105,426,366,60
101000106,65,1133,-1068
101000107,149,216,-67
101000108,205,62,143
101000109,373,43,330
101000110,9,111,-102
101000111,17,86,-69
101000113,37,443,-406
101000114,1004,3051,-2047
101000115,0,0,0
101000116,0,0,0
101000117,0,0,0
101000119,26,61,-35
101000120,12,40,-28
101000121,11,24,-13
101000122,37,121,-84
101000123,9,63,-54
101000124,751,332,419
101000125,42,77,-35
101000128,76,853,-777
101000130,141,119,22
101000131,980,251,729
101000132,461,250,211
101000135,4,20,-16
101000136,28,79,-51
101000137,20,306,-286
101000141,313,2417,-2104
101000147,528,182,346
101000148,372,4,368
101000149,0,0,0
101000150,67,151,-84
101000151,366,19,347
101000152,183,107,76
101000153,160,101,59
101000154,450,249,201
101000155,452,58,394
101000156,17,162,-145
101000157,29,48,-19
101000160,0,0,0
101000163,40,481,-441
101000164,116,59,57
101000165,141,162,-21
101000166,81,143,-62
101000168,569,89,480
101000252,1544,456,1088
101000254,29,5,24
101000258,72,1,71
101000261,158,26,132
101000262,683,3029,-2346
101000263,107,926,-819
101000265,51,460,-409
101000266,179,178,1
101000269,1,18,-17
101000290,90,1801,-1711
101000293,0,0,0
101000294,131,202,-71
101000295,78,122,-44
101000301,143,515,-372
101000304,1035,1821,-786
101000305,1227,766,461
101900001,8,49,-41
101900002,0,0,0
101900003,42,24,18
101900004,0,53,-53
101900005,695,1991,-1296
101900006,465,31,434
101900007,106,163,-57
101900008,11,108,-97
101900009,2,211,-209
101900010,251,326,-75
101900011,46,491,-445
101900012,87,54,33
101900013,100,45,55
101900017,8,65,-57
101900018,330,103,227
101900019,18,20,-2
101900020,37,12,25
101900021,0,8,-8
101900022,68,258,-190
101900023,43,30,13
101900026,33,18,15
101900027,5,52,-47
102000001,1792,4520,-2728
102000002,1471,703,768
102000003,961,4478,-3517
102000004,1392,1814,-422
102000005,500,2568,-2068
102000006,288,828,-540
102000007,762,3228,-2466
102000008,2666,1002,1664
102000009,4253,4787,-534
102000010,2021,1231,790
102000011,2675,2895,-220
102000012,1770,1484,286
102000018,1182,1694,-512
102000019,1018,870,148
102000026,155,270,-115
102000029,164,98,66
102000030,69,263,-194
102000031,43,79,-36
102000032,507,215,292
102000033,188,188,0
102000034,237,136,101
102000035,335,171,164
102000036,7,172,-165
102000037,56,15,41
102000038,62,69,-7
102000039,26,40,-14
102000040,47,116,-69
102000041,18,203,-185
102000042,37,118,-81
102000043,8,163,-155
102000044,165,403,-238
102000045,177,280,-103
102000046,842,177,665
102000047,283,244,39
102000048,396,318,78
102000049,522,390,132
102000050,385,528,-143
102000051,114,221,-107
102000052,593,417,176
102000053,553,513,40
102000054,584,276,308
102000055,505,106,399
102000056,741,118,623
102000057,789,279,510
102000058,358,278,80
102000059,397,679,-282
102000060,514,787,-273
102000061,1075,749,326
102000062,1337,554,783
102000063,713,756,-43
102000064,470,496,-26
102000065,31,116,-85
102000066,275,207,68
102000067,2240,3256,-1016
102000068,3519,2727,792
102000069,43,1081,-1038
102000070,956,17,939
102000071,3308,9769,-6461
102000072,1268,2079,-811
102000073,212,236,-24
102000074,342,320,22
102000075,84,69,15
102000076,221,125,96
102000077,387,211,176
102000078,886,240,646
102000079,110,40,70
102000080,255,88,167
102000081,151,444,-293
102000082,277,395,-118
102000083,363,110,253
102000084,634,39,595
102000085,604,317,287
102000086,1169,353,816
102000087,226,531,-305
102000088,264,142,122
102000089,918,155,763
102000090,204,669,-465
102000091,858,418,440
102000092,128,363,-235
102000093,408,603,-195
102000094,366,135,231
102000095,360,448,-88
102000096,783,194,589
102000097,582,229,353
102000098,293,284,9
102000099,640,349,291
102000100,110,355,-245
102000101,155,278,-123
102000102,64,533,-469
102000103,1450,415,1035
102000104,279,126,153
102000105,162,169,-7
102000106,418,136,282
102000107,1162,84,1078
102000108,349,193,156
102000109,301,190,111
102000110,938,286,652
102000111,8,203,-195
102000112,102,99,3
102000113,2,10,-8
102000114,356,236,120
102000115,112,149,-37
102000116,176,579,-403
102000117,30,350,-320
102000118,474,1543,-1069
102000119,343,726,-383
102000120,163,408,-245
102000121,570,259,311
102000122,370,644,-274
102000123,434,416,18
102000124,862,606,256
102000125,277,316,-39
102000126,292,278,14
102000127,706,209,497
102000128,406,398,8
102000129,571,191,380
102000130,352,616,-264
102000131,672,667,5
102000132,316,1255,-939
102000133,2552,609,1943
102000134,783,364,419
102000135,178,402,-224
102000136,357,231,126
102000137,173,162,11
102000138,93,37,56
102000139,31,103,-72
102000140,39,111,-72
102000141,80,191,-111
102000142,191,135,56
102000143,119,124,-5
102000144,178,54,124
102000145,210,65,145
102000146,317,120,197
102000147,204,198,6
102000148,26,173,-147
102000149,193,36,157
102000150,486,45,441
102000151,34,28,6
102000152,169,59,110
102000153,399,230,169
102000154,83,163,-80
102000155,13,233,-220
102000156,102,87,15
102000157,13,118,-105
102000158,105,390,-285
102000159,362,557,-195
102000161,797,1089,-292
102000162,48,87,-39
102000163,31,221,-190
102000164,184,417,-233
102000165,63,74,-11
102000166,5,76,-71
102000167,74,61,13
102000168,68,89,-21
102000169,34,386,-352
102000170,160,18,142
102000171,3,50,-47
102000172,2,156,-154
102000173,264,201,63
102000174,85,34,51
102000175,75,26,49
102000176,17,18,-1
102000178,118,190,-72
102000179,180,121,59
102000180,532,169,363
102000181,961,173,788
102000182,450,260,190
102000183,1244,433,811
102000184,877,364,513
102000185,1849,304,1545
102000186,868,454,414
102000187,460,295,165
102000188,842,490,352
102000189,1135,168,967
102000190,425,1432,-1007
102000191,487,184,303
102000192,611,952,-341
102000193,82,77,5
102000194,61,74,-13
102000195,374,208,166
102000196,220,169,51
102000197,829,117,712
102000198,161,163,-2
102000199,1001,55,946
102000200,135,272,-137
102000201,1135,210,925
102000202,3,17,-14
102000203,252,90,162
102000204,577,183,394
102000205,854,144,710
102000206,287,109,178
102000207,423,276,147
102000208,202,195,7
102000209,47,38,9
102000210,307,56,251
102000211,411,50,361
102000212,396,3,393
102000213,17,37,-20
102000214,365,2,363
102000215,6,93,-87
102000216,110,84,26
102000217,3,47,-44
102000218,186,78,108
102000219,58,21,37
102000225,166,544,-378
102000226,64,1,63
102000227,55,0,55
102000228,0,22,-22
102000229,49,59,-10
102000230,196,176,20
102000231,210,284,-74
102000232,13,160,-147
102000233,314,146,168
102000234,54,870,-816
102000236,61,14,47
102000237,252,98,154
102000238,54,97,-43
102000240,45,214,-169
102000241,86,14,72
102000243,4,21,-17
102000245,0,37,-37
102000246,23,63,-40
102000247,54,217,-163
102000248,108,634,-526
102000249,79,21,58
102000250,46,92,-46
102000254,315,31,284
102000266,0,83,-83
102000271,23,0,23
102000286,125,277,-152
102000297,979,214,765
102000299,0,0,0
102000301,0,0,0
102000305,0,0,0
102000307,0,3,-3
102000308,0,0,0
102900001,629,232,397
102900002,186,15,171
102900003,86,52,34
102900005,303,107,196
102900006,332,36,296
102900007,392,3,389
102900008,111,11,100
102900009,107,116,-9
102900010,157,496,-339
102900011,333,148,185
102900012,254,30,224
102900013,24,7,17
102900015,539,190,349
102900016,49,3,46
102900017,201,42,159
102900018,30,27,3
102900019,91,131,-40
102900020,85,6,79
102900021,37,12,25
102900022,14,5,9
102900023,5,7,-2
102900024,9,21,-12
102900025,19,13,6
102900026,79,1341,-1262
102900027,48,18,30
102900028,63,558,-495
102900029,13,92,-79
102900030,173,235,-62
102900031,230,19,211
102900032,63,23,40
102900033,41,22,19
102900034,501,11,490
102900035,98,67,31
102900036,170,75,95
102900037,66,82,-16
102900038,142,69,73
102900039,78,293,-215
102900040,71,105,-34
102900041,24,36,-12
102900042,117,38,79
102900043,148,43,105
102900044,143,370,-227
102900045,94,89,5
102900046,179,55,124
102900047,42,94,-52
102900048,234,77,157
102900049,37,92,-55
102900050,47,65,-18
102900051,54,34,20
102900052,11,33,-22
102900053,138,86,52
102900054,92,374,-282
102900055,17,177,-160
102900056,55,53,2
102900057,6,30,-24
102900058,235,54,181
102900059,8,13,-5
102900060,14,106,-92
102900061,104,78,26
102900062,174,137,37
102900063,1191,65,1126
102900064,15,198,-183
102900065,325,99,226
102900066,135,0,135
102900068,10,44,-34
102900070,77,107,-30
102900072,1,6,-5
102900073,9,0,9
102900075,1,11,-10
102900076,4,19,-15
102900077,5,1,4
102900078,6,3,3
102900079,119,0,119
102900080,299,1,298
102900081,5,54,-49
102900082,8,23,-15
102900083,25,10,15
102900084,2,1,1
102900085,32,14,18
102900086,2,1,1
102900087,141,39,102
102900088,10,17,-7
102900089,71,30,41
102900090,0,13,-13
102900091,161,0,161
102900092,239,35,204
102900093,85,126,-41
102900094,0,26,-26
102900095,52,0,52
102900096,16,6,10
102900097,1,10,-9
103000001,1472,1094,378
103000002,1714,1528,186
103000003,1922,1441,481
103000004,360,244,116
103000005,933,1759,-826
103000006,766,786,-20
103000007,311,238,73
103000008,580,327,253
103000009,969,815,154
103000010,79,22,57
103000011,653,313,340
103000012,730,861,-131
103000013,1366,860,506
103000014,848,1741,-893
103000015,682,334,348
103000016,342,658,-316
103000017,138,508,-370
103000018,284,123,161
103000019,156,382,-226
103000020,981,744,237
103000021,1594,2172,-578
103000022,334,637,-303
103000023,707,1572,-865
103000024,45,76,-31
103000025,48,754,-706
103000026,116,96,20
103000027,26,414,-388
103000028,196,152,44
103000029,57,122,-65
103000030,957,770,187
103000031,487,1451,-964
103000032,1170,548,622
103000033,2422,2198,224
103000034,708,395,313
103000035,104,652,-548
103000036,122,155,-33
103000037,337,305,32
103000038,258,505,-247
103000039,307,139,168
103000040,689,282,407
103000041,1119,838,281
103000042,885,118,767
103000043,530,232,298
103000044,302,76,226
103000046,161,227,-66
103000047,413,152,261
103000048,242,62,180
103000049,96,63,33
103000050,397,114,283
103000051,488,198,290
103000052,424,76,348
103000053,133,104,29
103000054,910,253,657
103000055,1233,620,613
103000056,365,489,-124
103000057,913,84,829
103000058,425,159,266
103000059,433,209,224
103000060,403,126,277
103000061,480,421,59
103000062,350,70,280
103000063,687,351,336
103000064,58,42,16
103000065,3,90,-87
103000066,78,5,73
103000069,208,141,67
103000070,344,138,206
103000071,767,346,421
103000072,74,247,-173
103000073,660,24,636
103000074,700,33,667
103000075,70,167,-97
103000076,208,552,-344
103000077,12,162,-150
103000078,356,701,-345
103000079,242,524,-282
103000080,228,193,35
103000081,152,1018,-866
103000082,292,59,233
103000083,40,209,-169
103000084,41,6,35
103000085,0,84,-84
103000086,402,311,91
103000087,107,484,-377
103000088,188,194,-6
103000089,146,486,-340
103000090,2727,1120,1607
103000091,496,454,42
103000092,215,101,114
103000093,216,238,-22
103000094,260,48,212
103000095,60,191,-131
103000096,330,18,312
103000097,8,282,-274
103000098,328,12,316
103000099,42,222,-180
103000100,128,160,-32
103000101,921,34,887
103000102,164,128,36
103000103,568,37,531
103000104,99,58,41
103000105,157,47,110
103000106,10,62,-52
103000107,137,13,124
103000108,827,763,64
103000109,281,435,-154
103000110,294,583,-289
103000111,190,439,-249
103000112,164,230,-66
103000113,102,674,-572
103000114,729,302,427
103000115,493,602,-109
103000116,689,283,406
103000117,440,308,132
103000118,229,260,-31
103000119,478,146,332
103000120,67,160,-93
103000121,23,167,-144
103000122,419,785,-366
103000125,4,53,-49
103000126,337,3,334
103000127,1,72,-71
103000128,97,1,96
103000129,0,88,-88
103000130,34,14,20
103000131,65,67,-2
103000132,22,31,-9
103000133,23,168,-145
103000134,163,443,-280
103000135,300,134,166
103000136,172,113,59
103000137,138,310,-172
103000138,239,411,-172
103000139,1,25,-24
103000140,23,3,20
103000141,14,35,-21
103000142,26,9,17
103000143,18,90,-72
103000144,152,9,143
103000145,2,152,-150
103000150,71,30,41
103000152,78,152,-74
103000153,121,213,-92
103000156,1,104,-103
103000157,386,1,385
103000159,156,31,125
103000162,23,15,8
103000163,3,33,-30
103000164,9,16,-7
103000165,23,128,-105
103000166,154,358,-204
103000167,144,85,59
103000168,126,47,79
103000169,207,396,-189
103000170,1211,207,1004
103000171,45,47,-2
103000172,566,86,480
103000173,541,126,415
103000174,326,173,153
103000175,207,87,120
103000176,502,569,-67
103000177,94,253,-159
103000178,83,169,-86
103000179,30,3,27
103000183,222,5,217
103000185,110,41,69
103000186,235,49,186
103000187,710,89,621
103000188,17,69,-52
103000189,396,532,-136
103000191,232,160,72
103000292,277,1027,-750
103000293,362,1875,-1513
103000295,49,18,31
103000296,70,1,69
103000297,3,51,-48
103000504,52,5,47
103000505,3,8,-5
103000506,2,36,-34
103000507,120,0,120
103000508,33,42,-9
103000509,121,174,-53
103900001,1,19,-18
103900002,173,28,145
103900003,220,47,173
103900004,43,0,43
103900005,0,9,-9
103900006,0,1,-1
103900007,46,0,46
103900008,5,0,5
103900009,324,51,273
103900010,145,19,126
103900011,338,21,317
103900012,3,50,-47
103900013,15,2,13
103900014,29,13,16
103900015,48,2,46
103900016,38,45,-7
103900017,39,26,13
103900018,108,38,70
103900019,6,245,-239
103900020,159,311,-152
103900021,112,11,101
103900022,319,101,218
103900023,189,0,189
103900024,16,85,-69
103900025,2,1,1
103900026,1,0,1
103900027,202,43,159
103900028,33,155,-122
103900029,827,90,737
103900030,106,50,56
103900031,52,0,52
103900032,76,106,-30
103900033,44,9,35
103900034,13,19,-6
103900035,48,24,24
103900036,18,17,1
103900037,30,4,26
103900038,16,174,-158
103900039,95,73,22
103900040,1,98,-97
103900041,59,6,53
103900042,101,49,52
103900043,247,7,240
103900044,17,182,-165
103900045,167,131,36
103900047,99,4,95
103900048,2,5,-3
103900049,63,404,-341
103900050,9,101,-92
103900051,0,26,-26
103900052,71,95,-24
103900053,321,95,226
103900054,124,54,70
103900055,204,81,123
103900056,4,4,0
103900057,102,44,58
103900058,328,72,256
103900059,0,37,-37
103900060,44,20,24
103900061,211,3,208
103900062,303,137,166
103900063,2,0,2
103900064,168,2,166
103900065,143,76,67
103900066,156,44,112
103900067,237,1,236
103900068,0,0,0
103900069,8,1,7
103900070,84,47,37
103900071,10,14,-4
103900072,3,58,-55
103900073,18,21,-3
103900074,76,7,69
103900075,171,22,149
103900076,444,194,250
103900077,2,81,-79
103900078,158,40,118
103900079,46,16,30
103900080,1,10,-9
103900081,1,7,-6
103900082,31,28,3
103900083,1082,906,176
103900084,14,24,-10
103900085,18,31,-13
103900086,825,150,675
103900087,8,24,-16
103900088,101,223,-122
103900089,17,52,-35
103900090,0,12,-12
103900091,299,24,275
103900092,418,181,237
103900093,20,90,-70
103900094,12,27,-15
103900095,35,142,-107
103900096,45,11,34
103900097,6,70,-64
103900098,129,55,74
103900099,159,22,137
103900100,279,24,255
103900101,184,201,-17
103900102,0,16,-16
103900104,1,3,-2
103900105,43,14,29
103900106,0,135,-135
103900107,161,48,113
103900108,10,45,-35
103900109,124,5,119
103900110,93,9,84
103900111,180,110,70
103900112,9,18,-9
103900113,30,78,-48
103900114,205,108,97
103900115,103,94,9
103900116,333,723,-390
103900117,20,5,15
103900119,40,159,-119
103900120,46,37,9
103900122,111,39,72
103900123,131,266,-135
103900124,19,57,-38
103900125,64,12,52
103900126,385,21,364
103900127,79,38,41
103900128,91,37,54
103900131,6,21,-15
103900133,450,8,442
103900134,0,15,-15
103900135,3,2,1
103900137,1,17,-16
103900138,260,43,217
103900139,111,2014,-1903
103900140,1,293,-292
103900141,96,42,54
103900142,401,22,379
103900143,162,0,162
103900144,0,1,-1
103900145,69,51,18
103900146,218,17,201
103900147,331,16,315
103900148,213,22,191
103900149,179,105,74
103900150,1295,2672,-1377
103900151,1,23,-22
103900152,528,103,425
103900153,20,0,20
103900154,107,1168,-1061
103900155,10,40,-30
103900156,3,14,-11
103900157,62,18,44
103900158,158,12,146
103900159,160,3,157
103900160,6,3,3
103900161,21,58,-37
103900162,37,8,29
103900163,6,121,-115
103900167,9,30,-21
103900168,29,8,21
103900169,12,55,-43
103900170,0,14,-14
103900171,0,0,0
103900172,0,1,-1
103900173,11,5,6
103900174,202,3,199
103900175,5,137,-132
103900176,2,8,-6
103900177,5,4,1
103900178,28,2,26
103900179,40,3,37
103900180,1,5,-4
103900181,8,5,3
103900182,5,1,4
103900184,33,12,21
103900185,11,253,-242
103900187,9,105,-96
103900188,64,53,11
103900189,86,4,82
103900190,61,4,57
103900191,3,8,-5
103900192,23,23,0
103900193,17,8,9
103900194,5,15,-10
103900195,2,61,-59
103900196,5,0,5
103900197,4,7,-3
103900198,0,4,-4
103900199,96,6,90
103900200,227,23,204
103900201,18,20,-2
103900202,2,14,-12
103900203,44,35,9
103900204,0,6,-6
103900207,0,4,-4
103900208,78,0,78
103900209,1,23,-22
103900210,34,25,9
103900211,553,38,515
103900212,46,7,39
103900213,1,77,-76
103900214,74,163,-89
103900215,45,97,-52
103900216,3,37,-34
103900217,74,16,58
103900218,0,96,-96
103900219,129,15,114
103900233,46,2,44
103900235,16,18,-2
103900236,6,15,-9
103900242,0,0,0
103900243,0,6,-6
103900244,105,18,87
103900245,60,32,28
103900246,7,31,-24
103900247,1,15,-14
103900248,0,18,-18
103900249,0,31,-31
103900250,2,1,1
103900251,0,9,-9
103900253,1,22,-21
103900254,0,20,-20
103900255,0,8,-8
103900256,4,29,-25
103900257,31,36,-5
103900258,0,0,0
103900259,1,0,1
103900261,6,0,6
103900262,11,2,9
103900263,13,5,8
103900264,4,6,-2
103900265,1,1,0
103900266,0,43,-43
103900267,1,19,-18
103900268,0,6,-6
103900269,110,2,108
103900270,33,14,19
103900271,2,5,-3
104000001,1551,902,649
104000002,1458,1179,279
104000003,1239,899,340
104000004,1767,1281,486
104000005,1102,1003,99
104000006,1464,1134,330
104000007,3183,2271,912
104000008,148,184,-36
104000009,285,150,135
104000010,124,282,-158
104000011,118,90,28
104000012,88,134,-46
104000013,178,388,-210
104000014,117,160,-43
104000015,335,91,244
104000016,102,95,7
104000018,627,69,558
104000019,615,125,490
104000020,52,180,-128
104000021,224,151,73
104000022,118,193,-75
104000023,1016,169,847
104000024,108,102,6
104000026,30,42,-12
104000027,180,83,97
104000028,532,158,374
104000029,187,156,31
104000030,433,268,165
104000031,841,108,733
104000032,60,118,-58
104000033,716,161,555
104000034,231,113,118
104000035,987,113,874
104000036,629,169,460
104000037,127,63,64
104000038,344,154,190
104000039,166,92,74
104000040,37,327,-290
104000041,432,205,227
104000042,226,174,52
104000043,79,124,-45
104000044,165,251,-86
104000045,317,255,62
104000046,369,411,-42
104000047,291,341,-50
104000048,429,481,-52
104000049,355,156,199
104000050,55,259,-204
104000051,98,295,-197
104000052,1284,860,424
104000053,636,170,466
104000054,360,58,302
104000055,1386,792,594
104000056,387,81,306
104000057,113,63,50
104000058,517,482,35
104000059,346,481,-135
104000060,860,725,135
104000061,638,439,199
104000062,268,65,203
104000064,326,100,226
104000065,43,316,-273
104000069,287,1032,-745
104000070,12,295,-283
104000071,73,44,29
104000072,390,89,301
104000075,3,118,-115
104000076,187,30,157
104000082,1359,1750,-391
104000083,279,72,207
104000084,36,127,-91
104000085,251,96,155
104000086,143,161,-18
104000087,181,385,-204
104000090,491,273,218
104000092,987,449,538
104000094,349,351,-2
104000095,1447,796,651
104000096,1622,11,1611
104000097,1536,197,1339
104000098,2608,167,2441
104000100,2032,294,1738
104000101,765,706,59
104000106,51,370,-319
104000107,372,160,212
104000108,83,107,-24
104000109,152,62,90
104000110,391,680,-289
104000111,1029,1851,-822
104000112,235,185,50
104000116,0,353,-353
104000117,262,188,74
104000118,684,68,616
104000119,483,100,383
104000120,250,188,62
104000121,85,203,-118
104000122,429,329,100
104000123,525,359,166
104000124,170,574,-404
104000125,765,1813,-1048
104000126,290,382,-92
104000127,987,855,132
104000128,394,116,278
104000129,128,9,119
104000130,1,324,-323
104000131,227,185,42
104000132,265,168,97
104000133,846,577,269
104000134,535,1142,-607
104000135,218,812,-594
104000136,361,1365,-1004
104000137,1043,188,855
104000138,572,260,312
104000139,1299,1190,109
104000141,336,270,66
104000142,371,232,139
104000143,537,139,398
104000144,64,113,-49
104000145,178,122,56
104000146,67,225,-158
104000147,122,175,-53
104000148,229,92,137
104000149,94,70,24
104000150,676,226,450
104000151,254,182,72
104000152,333,185,148
104000153,559,368,191
104000154,394,176,218
104000155,357,523,-166
104000157,811,503,308
104000158,70,209,-139
104000159,463,212,251
104000160,1139,1550,-411
104000161,77,80,-3
104000162,96,30,66
104000165,423,293,130
104000167,390,1023,-633
104000168,625,2,623
104000169,179,33,146
104000170,73,209,-136
104000248,249,234,15
104000251,18,45,-27
104000272,0,0,0
104000273,0,0,0
104000274,0,0,0
104000275,0,0,0
104000279,418,404,14
104000290,24,260,-236
104000291,366,638,-272
104000293,608,495,113
104000294,72,0,72
104000295,701,923,-222
104000296,301,334,-33
104000297,695,1588,-893
104000298,1213,474,739
104000299,629,538,91
104900001,17,23,-6
104900002,63,139,-76
104900003,19,65,-46
104900004,18,31,-13
104900005,167,109,58
104900006,335,14,321
104900007,225,87,138
104900009,93,49,44
104900010,38,21,17
104900011,0,6,-6
104900012,103,5,98
104900013,30,3,27
104900014,654,113,541
104900015,49,3,46
104900016,113,40,73
104900017,57,51,6
104900018,0,33,-33
104900019,89,3130,-3041
104900020,20,42,-22
104900021,0,7,-7
104900022,8,335,-327
104900023,0,3,-3
104900024,10,375,-365
104900025,50,36,14
104900026,1,31,-30
104900027,563,223,340
104900028,4,127,-123
104900029,8,40,-32
104900030,322,125,197
104900031,10,34,-24
104900032,17,10,7
104900033,175,72,103
104900034,277,95,182
104900035,365,138,227
104900036,385,9,376
104900037,75,47,28
104900038,29,679,-650
104900039,132,820,-688
104900040,657,80,577
104900041,302,77,225
104900042,104,82,22
104900043,21,287,-266
104900044,840,46,794
104900045,155,40,115
104900046,369,19,350
104900047,433,41,392
104900048,333,50,283
104900049,89,61,28
104900050,330,11,319
104900051,243,30,213
104900052,155,2,153
104900053,313,26,287
104900054,198,25,173
104900055,301,1,300
104900056,257,2,255
104900057,8,0,8
104900058,218,103,115
104900059,86,6,80
104900060,0,94,-94
104900061,67,61,6
104900063,0,50,-50
104900064,0,60,-60
104900065,0,58,-58
104900066,0,25,-25
104900067,2,71,-69
104900068,7,58,-51
104900070,21,39,-18
104900071,0,51,-51
104900072,2,53,-51
104900073,49,16,33
104900074,19,19,0
104900075,26,5,21
104900076,47,42,5
104900077,72,39,33
104900078,80,72,8
104900079,84,481,-397
104900080,29,62,-33
104900082,3,51,-48
104900085,0,49,-49
104900087,243,2,241
104900089,592,0,592
104900090,900,444,456
104900091,148,119,29
104900093,65,87,-22
104900097,510,1629,-1119
104900098,96,2,94
104900099,18,307,-289
104900100,71,39,32
104900102,24,18,6
104900103,59,30,29
104900104,613,1353,-740
104900106,65,27,38
104900107,51,61,-10
104900108,1,25,-24
104900109,37,97,-60
104900110,0,17,-17
104900111,165,58,107
104900112,266,96,170
104900113,361,50,311
104900114,364,87,277
104900115,488,29,459
104900116,281,17,264
104900118,0,7,-7
104900119,0,15,-15
104900120,19,261,-242
104900121,0,20,-20
104900122,0,15,-15
104900123,158,4,154
104900124,85,1,84
104900125,160,0,160
104900126,14,19,-5
104900127,2,6,-4
104900128,61,39,22
104900129,342,1824,-1482
105000001,1635,614,1021
105000002,1198,768,430
105000003,1289,1700,-411
105000004,673,456,217
105000005,953,784,169
105000006,579,1083,-504
105000007,713,1061,-348
105000008,404,1213,-809
105000009,2369,2012,357
105000010,1290,576,714
105000011,1968,1860,108
105000012,1070,932,138
105000013,539,625,-86
105000014,2015,1746,269
105000015,4503,8347,-3844
105000016,550,639,-89
105000017,993,695,298
105000018,367,609,-242
105000019,561,524,37
105000020,20,297,-277
105000021,130,81,49
105000022,49,81,-32
105000023,548,121,427
105000028,4,60,-56
105000029,350,625,-275
105000030,1791,1173,618
105000033,444,624,-180
105000034,69,727,-658
105000037,370,77,293
105000038,503,755,-252
105000039,357,523,-166
105000040,629,656,-27
105000041,185,359,-174
105000042,1084,765,319
105000043,404,427,-23
105000044,368,174,194
105000045,75,158,-83
105000046,531,121,410
105000047,189,221,-32
105000048,785,144,641
105000049,126,151,-25
105000050,721,271,450
105000051,126,136,-10
105000052,358,448,-90
105000053,50,33,17
105000054,275,340,-65
105000055,359,99,260
105000056,1376,948,428
105000057,930,326,604
105000058,619,492,127
105000059,855,414,441
105000060,360,216,144
105000061,1028,271,757
105000062,384,300,84
105000063,229,227,2
105000064,1973,288,1685
105000065,280,167,113
105000066,537,385,152
105000067,1350,442,908
105000068,206,317,-111
105000069,704,1693,-989
105000070,316,748,-432
105000071,167,1424,-1257
105000072,743,2958,-2215
105000073,790,480,310
105000074,196,217,-21
105000075,300,275,25
105000076,590,425,165
105000077,1102,283,819
105000078,391,489,-98
105000079,495,1224,-729
105000080,1293,1299,-6
105000081,754,619,135
105000082,510,1206,-696
105000083,1569,2120,-551
105000084,319,488,-169
105000085,1762,1493,269
105000086,339,421,-82
105000087,636,792,-156
105000088,1097,1385,-288
105000089,1033,671,362
105000090,171,271,-100
105000091,314,280,34
105000092,313,244,69
105000093,140,214,-74
105000094,76,81,-5
105000095,82,255,-173
105000096,589,1009,-420
105000097,224,309,-85
105000098,848,867,-19
105000099,395,424,-29
105000100,1317,426,891
105000101,1219,595,624
105000102,1214,660,554
105000103,603,651,-48
105000104,1482,606,876
105000105,643,548,95
105000106,966,296,670
105000107,1177,309,868
105000108,1099,360,739
105000109,1535,288,1247
105000110,720,119,601
105000111,1115,179,936
105000112,524,222,302
105000113,524,374,150
105000114,532,938,-406
105000115,194,1076,-882
105000116,1005,313,692
105000117,480,274,206
105000118,717,214,503
105000119,341,238,103
105000120,1428,263,1165
105000121,590,192,398
105000122,310,286,24
105000123,247,365,-118
105000124,1575,327,1248
105000125,788,367,421
105000126,1542,563,979
105000127,1733,490,1243
105000128,353,660,-307
105000129,802,108,694
105000130,115,2226,-2111
105000131,205,103,102
105000132,997,612,385
105000133,204,364,-160
105000134,1120,234,886
105000135,172,137,35
105000136,28,26,2
105000137,437,39,398
105000138,44,34,10
105000139,439,163,276
105000140,672,89,583
105000141,211,120,91
105000142,268,143,125
105000143,110,230,-120
105000144,191,156,35
105000145,564,161,403
105000146,235,215,20
105000147,601,160,441
105000148,373,397,-24
105000149,2075,944,1131
105000150,621,266,355
105000151,414,175,239
105000152,118,206,-88
105000153,744,254,490
105000154,347,176,171
105000155,199,255,-56
105000156,173,144,29
105000157,374,390,-16
105000158,1483,271,1212
105000159,203,373,-170
105000160,2079,304,1775
105000161,385,364,21
105000162,449,1535,-1086
105000163,474,261,213
105000164,36,95,-59
105000165,226,5085,-4859
105000166,1699,1080,619
105000167,592,2180,-1588
105000168,232,104,128
105000169,570,72,498
105000170,310,643,-333
105000171,645,113,532
105000172,236,2,234
105000173,474,4,470
105000174,65,14,51
105000175,71,70,1
105000176,436,52,384
105000177,245,141,104
105000178,254,117,137
105000179,1145,35,1110
105000180,258,24,234
105000181,101,78,23
105000182,73,11,62
105000183,926,1709,-783
105000184,111,156,-45
105000185,114,642,-528
105000186,292,307,-15
105000187,350,327,23
105000188,94,169,-75
105000189,50,205,-155
105000190,194,105,89
105000191,164,139,25
105000192,243,30,213
105000193,70,72,-2
105000194,361,23,338
105000195,212,191,21
105000196,36,151,-115
105000197,52,180,-128
105000198,74,58,16
105000199,82,224,-142
105000200,95,360,-265
105000201,83,16,67
105000203,4,81,-77
105000204,36,25,11
105000205,29,96,-67
105000207,73,42,31
105000208,127,209,-82
105000209,47,33,14
105000212,656,351,305
105000213,13,60,-47
105000214,119,82,37
105000215,135,72,63
105000216,107,35,72
105000217,62,58,4
105000218,2005,465,1540
105000221,124,78,46
105000222,174,40,134
105000223,267,41,226
105000226,58,86,-28
105000227,26,66,-40
105000228,25,756,-731
105000229,119,299,-180
105000231,282,91,191
105000233,461,412,49
105000234,280,408,-128
105000235,393,266,127
105000237,789,58,731
105000243,59,69,-10
105000248,10,12,-2
105000262,297,151,146
105000269,122,70,52
105000270,560,10,550
105000271,0,101,-101
105000282,25,15,10
105000287,117,61,56
105000288,794,293,501
105000289,731,1034,-303
105000290,21,5,16
105000402,791,1912,-1121
105000426,123,222,-99
105000438,759,761,-2
105000446,2591,2389,202
105000447,1151,881,270
105000454,515,133,382
105000455,103,48,55
105000474,38,2,36
105000477,836,327,509
105000478,1383,3045,-1662
105000479,44,41,3
105000480,3426,4262,-836
105000481,2482,1848,634
105000482,1214,2088,-874
105000483,837,1025,-188
105000484,691,952,-261
105000485,816,1406,-590
105000486,635,793,-158
105000488,1463,1309,154
105000489,942,254,688
105000549,118,54,64
105000550,138,386,-248
105000551,9,46,-37
105000552,753,377,376
105900001,3,444,-441
105900002,693,536,157
105900003,2,48,-46
105900004,33,21,12
105900005,1,49,-48
105900006,14,52,-38
105900007,16,17,-1
105900008,51,90,-39
105900009,55,18,37
105900011,84,19,65
105900012,320,65,255
105900013,2,8,-6
105900014,2,12,-10
105900015,45,122,-77
105900016,351,142,209
105900017,1247,15,1232
105900018,37,76,-39
105900019,37,81,-44
105900020,23,51,-28
105900021,30,194,-164
105900022,112,77,35
105900023,14,84,-70
105900024,1,101,-100
105900025,167,2,165
105900026,109,7,102
105900027,3236,1327,1909
105900028,95,40,55
105900029,673,145,528
105900030,118,73,45
105900031,184,35,149
105900032,43,20,23
105900033,32,33,-1
105900034,102,45,57
105900035,118,57,61
105900036,79,27,52
105900037,99,22,77
105900038,69,79,-10
105900039,45,15,30
105900040,57,9,48
105900041,62,72,-10
105900042,36,24,12
105900043,399,19,380
105900044,0,118,-118
105900045,0,432,-432
105900046,0,38,-38
105900047,0,4,-4
105900048,127,86,41
105900050,304,1207,-903
105900051,13,209,-196
105900052,252,23,229
105900053,744,2195,-1451
105900054,60,71,-11
105900056,256,238,18
105900057,17,56,-39
105900058,10,5,5
105900059,0,73,-73
106000001,1231,998,233
106000002,366,1276,-910
106000003,1860,1872,-12
106000004,1136,1665,-529
106000005,2951,2268,683
106000006,2371,1033,1338
106000007,461,59,402
106000008,160,191,-31
106000009,377,64,313
106000010,191,301,-110
106000011,1020,447,573
106000012,482,395,87
106000013,1517,828,689
106000014,705,546,159
106000015,1933,617,1316
106000016,770,849,-79
106000017,849,342,507
106000018,276,312,-36
106000019,521,183,338
106000020,178,108,70
106000021,356,124,232
106000022,220,126,94
106000023,824,197,627
106000024,330,245,85
106000025,154,126,28
106000026,47,83,-36
106000027,1787,668,1119
106000028,348,102,246
106000029,370,286,84
106000030,70,254,-184
106000034,22,131,-109
106000035,651,1040,-389
106000036,18,291,-273
106000037,311,346,-35
106000038,35,55,-20
106000039,18,106,-88
106000040,38,735,-697
106000041,473,344,129
106000043,248,132,116
106000046,197,34,163
106000047,47,350,-303
106000049,780,57,723
106000050,71,181,-110
106000051,800,403,397
106000052,0,0,0
106000053,482,74,408
106000054,0,0,0
106000055,758,204,554
106000056,0,0,0
106000057,450,81,369
106000058,0,0,0
106000059,452,142,310
106000060,6,49,-43
106000061,164,561,-397
106000062,48,95,-47
106000063,521,548,-27
106000064,0,0,0
106000065,483,149,334
106000066,29,20,9
106000067,406,38,368
106000068,69,40,29
106000069,402,16,386
106000070,164,37,127
106000071,632,131,501
106000072,909,577,332
106000073,812,2910,-2098
106000074,463,376,87
106000075,255,462,-207
106000076,665,426,239
106000077,1067,299,768
106000078,894,188,706
106000079,670,245,425
106000080,804,227,577
106000081,738,264,474
106000082,1020,259,761
106000083,295,542,-247
106000084,430,266,164
106000085,827,505,322
106000086,268,120,148
106000087,581,223,358
106000088,344,196,148
106000089,697,95,602
106000090,329,218,111
106000091,234,284,-50
106000092,501,143,358
106000093,378,36,342
106000094,74,111,-37
106000095,1120,314,806
106000096,1341,153,1188
106000097,1176,365,811
106000098,914,126,788
106000099,77,155,-78
106000100,1126,72,1054
106000101,716,62,654
106000102,64,180,-116
106000103,198,185,13
106000104,778,242,536
106000105,309,363,-54
106000106,666,185,481
106000107,68,206,-138
106000108,445,87,358
106000109,125,102,23
106000110,386,70,316
106000111,146,70,76
106000112,226,492,-266
106000113,189,291,-102
106000114,252,480,-228
106000115,136,227,-91
106000116,316,59,257
106000117,455,233,222
106000118,750,737,13
106000119,398,248,150
106000120,560,966,-406
106000121,235,54,181
106000122,184,143,41
106000123,797,39,758
106000124,71,68,3
106000125,18,107,-89
106000126,461,21,440
106000127,852,283,569
106000128,784,103,681
106000129,347,210,137
106000130,909,175,734
106000131,22,442,-420
106000132,411,100,311
106000133,636,975,-339
106000134,213,1929,-1716
106000135,129,300,-171
106000136,699,1032,-333
106000137,77,313,-236
106000138,1591,39,1552
106000139,86,97,-11
106000140,3,5,-2
106000141,6,3,3
106000142,150,108,42
106000143,0,2,-2
106000144,53,144,-91
106000145,135,42,93
106000146,481,48,433
106000147,230,330,-100
106000148,231,435,-204
106000149,638,305,333
106000150,719,1242,-523
106000151,1615,375,1240
106000152,624,943,-319
106000153,27,748,-721
106000154,552,122,430
106000155,131,178,-47
106000156,1259,78,1181
106000157,279,785,-506
106000158,802,461,341
106000159,1003,1079,-76
106000160,399,2088,-1689
106000161,345,71,274
106000162,427,1089,-662
106000163,255,98,157
106000164,630,63,567
106000165,148,168,-20
106000166,786,71,715
106000167,382,254,128
106000168,603,61,542
106000169,117,155,-38
106000170,799,84,715
106000171,175,386,-211
106000172,1429,368,1061
106000173,567,675,-108
106000174,987,80,907
106000175,152,96,56
106000176,1507,255,1252
106000177,514,435,79
106000178,2167,393,1774
106000179,355,284,71
106000180,588,282,306
106000181,1284,734,550
106000182,1585,116,1469
106000183,1272,160,1112
106000184,827,264,563
106000185,938,925,13
106000186,189,37,152
106000187,29,480,-451
106000188,1,0,1
106000189,10,11,-1
106000190,34,0,34
106000191,328,42,286
106000192,0,1,-1
106000193,121,88,33
106000194,25,184,-159
106000195,125,80,45
106000196,50,383,-333
106000197,391,143,248
106000198,124,98,26
106000199,413,860,-447
106000200,136,159,-23
106000201,152,4277,-4125
106000202,1243,337,906
106000203,5,88,-83
106000204,58,0,58
106000205,16,98,-82
106000206,62,14,48
106000207,12,107,-95
106000208,1446,46,1400
106000209,1907,135,1772
106000210,197,288,-91
106000211,149,394,-245
106000212,1093,222,871
106000213,85,785,-700
106000214,682,230,452
106000215,308,222,86
106000216,429,129,300
106000217,134,205,-71
106000218,298,80,218
106000219,100,119,-19
106000220,594,89,505
106000221,167,68,99
106000222,75,18,57
106000223,323,23,300
106000224,164,62,102
106000225,79,95,-16
106000226,42,81,-39
106000228,2,9,-7
106000229,122,153,-31
106000231,837,32,805
106000232,36,83,-47
106000233,412,38,374
106000234,13,125,-112
106000235,128,137,-9
106000236,52,127,-75
106000237,0,53,-53
106000238,15,40,-25
106000239,0,53,-53
106000240,5,7,-2
106000241,4,339,-335
106000242,165,15,150
106000249,113,52,61
106000250,41,314,-273
106000251,91,8,83
106000252,6,7,-1
106000253,80,24,56
106000254,31,4,27
106000255,53,45,8
106000256,8,3,5
106000257,30,153,-123
106000258,39,62,-23
106000259,2,42,-40
106000260,2,1,1
106000261,3,37,-34
106000262,68,1,67
106000263,16,46,-30
106000264,79,2,77
106000265,12,18,-6
106000266,151,10,141
106000267,8,44,-36
106000268,202,8,194
106000269,19,16,3
106000270,56,86,-30
106000271,55,29,26
106000272,85,12,73
106000273,0,57,-57
106000274,98,5,93
106000275,138,61,77
106000276,23,4,19
106000277,104,79,25
106000278,51,0,51
106000279,14,7,7
106000280,62,9,53
106000281,42,16,26
106000282,56,11,45
106000283,34,11,23
106000284,169,21,148
106000285,49,22,27
106000286,69,26,43
106000287,22,15,7
106000288,73,9,64
106000289,61,40,21
106000290,104,10,94
106000291,40,21,19
106000292,20,7,13
106000293,40,13,27
106000294,48,8,40
106000295,44,12,32
106000296,27,4,23
106000297,11,58,-47
106000298,11,34,-23
106000299,31,8,23
106000300,36,38,-2
106000301,34,46,-12
106000303,43,15,28
106000304,22,1,21
106000305,47,16,31
106000306,12,14,-2
106000307,122,3,119
106000308,11,36,-25
106000309,11,35,-24
106000310,231,134,97
106000311,396,66,330
106000312,108,59,49
106000313,143,72,71
106000318,13,174,-161
106000319,619,219,400
106000320,0,150,-150
106000321,51,267,-216
106000322,168,46,122
106000324,73,171,-98
106000325,1614,343,1271
106000326,341,538,-197
106000327,197,49,148
106000328,14,27,-13
106000329,33,92,-59
106000330,11,65,-54
106000428,47,170,-123
106000429,101,168,-67
106000430,254,456,-202
106000431,1631,185,1446
106000432,386,819,-433
106000433,1712,717,995
106000434,2418,851,1567
106000435,499,782,-283
106000436,0,74,-74
106000437,543,47,496
106000438,146,329,-183
106000439,13,292,-279
106000440,171,193,-22
106000441,11,0,11
106000442,182,5,177
106000443,171,83,88
106000450,2,69,-67
106000451,15,85,-70
106000454,2,46,-44
106000455,0,100,-100
106000456,61,54,7
106000457,10,101,-91
106000458,1130,105,1025
106000459,115,43,72
106000460,1810,42,1768
106000461,49,124,-75
106000462,2,23,-21
106000463,5,9,-4
106000464,0,272,-272
106000465,891,0,891
106000466,2,190,-188
106000467,18,106,-88
106000468,171,69,102
106000469,170,20,150
106000470,91,973,-882
106000471,0,122,-122
106000472,145,20,125
106000473,6,9,-3
106000474,184,280,-96
106000475,285,148,137
106000476,130,242,-112
106000477,1,3,-2
106900001,0,0,0
106900002,0,82,-82
106900003,30,332,-302
106900004,0,4,-4
106900006,0,5,-5
106900007,0,5,-5
106900008,429,16,413
106900009,326,66,260
106900010,303,60,243
106900012,294,1922,-1628
106900013,350,240,110
106900014,144,0,144
106900015,8,0,8
106900016,394,26,368
106900017,2,2,0
106900018,19,0,19
106900019,126,1,125
106900020,578,1207,-629
106900021,143,45,98
106900022,1524,8,1516
106900023,8,36,-28
106900024,583,25,558
106900025,1,146,-145
106900026,0,78,-78
106900027,821,14,807
107000001,2066,2088,-22
107000002,908,598,310
107000003,5667,5030,637
107000004,1926,793,1133
107000005,5879,3743,2136
107000006,1706,808,898
107000007,3182,3777,-595
107000008,2115,1305,810
107000009,6277,4701,1576
107000010,2878,2138,740
107000011,295,335,-40
107000012,1091,877,214
107000013,38,12,26
107000014,50,13,37
107000015,293,140,153
107000016,424,205,219
107000017,539,531,8
107000018,1,425,-424
107000020,480,577,-97
107000021,458,257,201
107000022,676,886,-210
107000023,1070,159,911
107000024,770,1112,-342
107000025,200,217,-17
107000026,390,265,125
107000027,1037,332,705
107000028,1011,441,570
107000029,2986,1919,1067
107000030,1276,955,321
107000031,3386,1354,2032
107000032,183,412,-229
107000033,1086,1637,-551
107000034,1515,353,1162
107000035,246,131,115
107000036,253,675,-422
107000037,59,448,-389
107000038,121,102,19
107000039,434,417,17
107000040,109,93,16
107000041,526,199,327
107000042,195,973,-778
107000043,621,278,343
107000044,252,105,147
107000045,29,81,-52
107000046,475,114,361
107000047,190,269,-79
107000048,333,109,224
107000049,193,253,-60
107000050,474,219,255
107000051,185,205,-20
107000052,487,1032,-545
107000053,279,255,24
107000054,19,112,-93
107000055,90,56,34
107000056,360,384,-24
107000057,710,137,573
107000058,1835,1373,462
107000059,870,1187,-317
107000060,4294,3080,1214
107000061,2054,1126,928
107000062,5023,1781,3242
107000063,1416,1194,222
107000064,4069,2368,1701
107000065,1650,1544,106
107000066,867,1776,-909
107000067,602,478,124
107000068,538,481,57
107000069,778,620,158
107000070,958,5,953
107000071,2898,22,2876
107000072,5,673,-668
107000073,746,439,307
107000074,76,204,-128
107000075,1567,79,1488
107000076,153,409,-256
107000077,2459,286,2173
107000078,255,471,-216
107000079,2645,543,2102
107000080,190,599,-409
107000081,3129,393,2736
107000082,273,330,-57
107000083,1213,481,732
107000084,101,263,-162
107000085,1447,1369,78
107000086,1296,927,369
107000087,1845,989,856
107000088,1185,1051,134
107000089,1058,908,150
107000090,612,270,342
107000091,1219,426,793
107000092,379,317,62
107000093,954,555,399
107000094,384,339,45
107000095,1292,543,749
107000096,300,410,-110
107000097,552,218,334
107000098,164,410,-246
107000099,336,268,68
107000100,76,212,-136
107000101,100,167,-67
107000102,126,305,-179
107000103,347,137,210
107000104,144,177,-33
107000105,410,70,340
107000106,83,100,-17
107000107,686,111,575
107000108,82,185,-103
107000109,773,129,644
107000110,30,170,-140
107000111,364,26,338
107000112,6,133,-127
107000113,857,28,829
107000114,27,321,-294
107000115,789,154,635
107000116,52,242,-190
107000117,113,930,-817
107000118,16,54,-38
107000119,653,1439,-786
107000120,606,424,182
107000121,647,230,417
107000122,397,272,125
107000123,423,235,188
107000124,412,206,206
107000125,956,169,787
107000126,852,238,614
107000129,371,145,226
107000130,1069,507,562
107000131,275,514,-239
107000132,358,183,175
107000133,255,63,192
107000134,148,1,147
107000135,0,163,-163
107000136,298,1,297
107000137,2,132,-130
107000138,32,15,17
107000139,0,223,-223
107000140,1057,35,1022
107000141,33,279,-246
107000142,330,38,292
107000143,11,325,-314
107000144,197,459,-262
107000145,62,150,-88
107000146,190,242,-52
107000147,1990,311,1679
107000150,81,3052,-2971
107000151,19,8,11
107000152,210,2048,-1838
107000153,41,126,-85
107000154,2,64,-62
107000155,876,2,874
107000156,1025,2,1023
107000157,6,252,-246
107000158,687,3,684
107000159,15,168,-153
107000160,1527,135,1392
107000161,8,290,-282
107000162,167,497,-330
107000163,166,4,162
107000164,867,4,863
107000165,1320,17,1303
107000166,0,164,-164
107000167,602,123,479
107000168,741,236,505
107000169,134,199,-65
107000170,2843,508,2335
107000171,301,238,63
107000172,1229,1463,-234
107000173,223,161,62
107000174,851,4286,-3435
107000175,1451,347,1104
107000176,0,0,0
107000177,1,0,1
107000178,11,2,9
107000179,292,596,-304
107000180,1717,92,1625
107000181,231,293,-62
107000182,1792,265,1527
107000183,91,282,-191
107000184,1265,236,1029
107000185,155,452,-297
107000186,701,63,638
107000187,776,660,116
107000188,454,171,283
107000189,608,258,350
107000190,526,259,267
107000191,631,263,368
107000192,1082,160,922
107000193,286,153,133
107000194,254,115,139
107000197,725,76,649
107000198,279,466,-187
107000199,220,227,-7
107000200,440,343,97
107000201,150,137,13
107000202,148,263,-115
107000203,174,377,-203
107000204,141,931,-790
107000205,352,166,186
107000206,93,486,-393
107000207,116,270,-154
107000208,130,160,-30
107000209,282,282,0
107000210,80,115,-35
107000211,12,32,-20
107000212,99,28,71
107000213,2,2,0
107000214,0,12,-12
107000215,324,68,256
107000216,318,95,223
107000217,120,41,79
107000219,22,113,-91
107000220,38,43,-5
107000222,110,116,-6
107000224,322,58,264
107000225,66,187,-121
107000226,498,49,449
107000227,60,90,-30
107000228,35,197,-162
107000229,33,60,-27
107000230,289,179,110
107000231,231,440,-209
107000232,32,4,28
107000233,68,315,-247
107000234,0,76,-76
107000235,16,8,8
107000236,0,105,-105
107000237,37,0,37
107000238,23,5,18
107000239,918,265,653
107000240,29,132,-103
107000241,7,7,0
107000242,40,7,33
107000243,1,24,-23
107000244,5,11,-6
107000246,1,214,-213
107000249,2,465,-463
107000251,3,32,-29
107000252,0,99,-99
107000255,115,107,8
107000257,0,435,-435
107000258,19,152,-133
107000259,1,49,-48
107000260,1661,7,1654
107000262,14,99,-85
107000263,450,3,447
107000266,1,15,-14
107000267,28,48,-20
107000268,98,31,67
107000269,13,3,10
107000270,247,64,183
107000271,1,0,1
107000272,77,0,77
107000273,0,98,-98
107000274,312,34,278
107000275,8,269,-261
107000280,1173,8,1165
107000281,3,100,-97
107000282,5,240,-235
107000290,17,14,3
107000291,15,9,6
107000292,0,76,-76
107000293,4,10,-6
107000294,1,50,-49
107000295,34,2,32
107000296,0,9,-9
107000444,163,1,162
107000496,4,6,-2
107000497,503,455,48
107000500,323,42,281
107000501,45,97,-52
107000502,158,147,11
107000505,95,320,-225
107000506,0,0,0
107000508,0,50,-50
107000509,76,335,-259
107000510,10,47,-37
107000514,54,491,-437
107000515,3,48,-45
107000516,569,151,418
107000518,1222,1564,-342
107000519,400,201,199
107000520,138,28,110
107900001,51,16,35
107900002,26,3,23
107900003,369,3,366
107900004,231,1,230
107900005,2156,18,2138
107900006,105,8,97
107900007,247,12,235
107900008,47,5,42
107900009,169,7,162
107900010,46,0,46
107900012,325,36,289
107900013,142,4,138
107900014,35,5,30
107900015,1623,22,1601
107900016,67,39,28
107900017,39,1,38
107900018,72,349,-277
107900019,27,12,15
107900020,6,52,-46
107900021,124,9,115
107900023,1,4,-3
107900024,1,1,0
107900025,123,44,79
107900026,29,13,16
107900027,4,218,-214
107900028,156,6,150
107900030,230,3,227
107900031,112,16,96
107900032,32,1,31
107900033,23,25,-2
107900034,178,9,169
107900035,1322,49,1273
107900036,47,28,19
107900037,0,12,-12
107900038,18,206,-188
107900039,8,16,-8
107900040,8,547,-539
107900041,2,2,0
107900043,87,43,44
107900044,3,9,-6
107900045,64,31,33
107900046,422,130,292
107900047,74,15,59
107900048,314,8,306
107900049,82,753,-671
107900050,14,56,-42
107900051,39,6,33
107900052,2,82,-80
107900053,86,36,50
107900055,262,141,121
107900056,59,91,-32
107900057,0,0,0
107900058,17,128,-111
107900060,2,16,-14
107900061,1,31,-30
107900063,100,69,31
107900064,87,324,-237
107900065,463,1,462
107900066,14,0,14
107900067,0,0,0
107900068,43,281,-238
107900069,4,2253,-2249
107900070,143,108,35
107900071,16,129,-113
107900072,174,20,154
107900073,61,23,38
107900074,93,131,-38
107900076,117,6,111
107900077,83,0,83
107900078,89,15,74
107900079,12,6,6
107900080,11,111,-100
107900081,20,13,7
107900082,0,4,-4
107900083,384,138,246
107900084,90,125,-35
107900086,5,157,-152
107900087,78,34,44
107900088,42,6,36
107900089,73,217,-144
107900090,160,1250,-1090
107900091,50,64,-14
107900092,543,71,472
107900093,46,30,16
107900095,560,787,-227
107900097,11,33,-22
107900098,70,162,-92
107900100,176,1030,-854
107900101,105,26,79
107900102,51,0,51
107900103,23,46,-23
107900104,376,0,376
107900105,5,36,-31
107900106,8,134,-126
107900107,303,173,130
107900108,26,7,19
107900109,1673,17,1656
107900110,56,22,34
107900111,0,99,-99
107900112,45,270,-225
107900113,168,8,160
107900114,326,35,291
107900115,0,10,-10
107900116,242,32,210
107900117,102,99,3
107900118,3,55,-52
107900119,67,110,-43
107900120,28,7,21
107900121,0,39,-39
107900122,0,24,-24
107900123,3,28,-25
107900124,7,29,-22
107900125,10,42,-32
107900126,9,21,-12
107900127,645,117,528
107900128,54,12,42
107900129,105,0,105
107900130,159,4,155
107900131,10,30,-20
107900132,5,56,-51
107900133,0,19,-19
107900134,3,24,-21
107900135,2,20,-18
107900136,9,18,-9
107900137,10,20,-10
107900138,64,7,57
107900139,71,10,61
107900140,80,30,50
107900141,16,7,9
107900142,2,122,-120
107900143,19,10,9
107900144,0,16,-16
107900145,2,11,-9
107900146,16,41,-25
107900147,20,4,16
107900148,157,58,99
107900149,208,23,185
107900150,1,87,-86
107900151,67,18,49
107900152,2,33,-31
107900153,34,102,-68
107900154,33,11,22
107900155,47,10,37
107900156,3,43,-40
107900157,11,13,-2
107900158,957,52,905
107900159,1,72,-71
107900160,109,47,62
107900161,58,32,26
107900162,0,18,-18
107900163,3,23,-20
107900164,13,14,-1
107900165,8,112,-104
107900166,36,35,1
107900167,0,108,-108
107900168,31,2,29
107900169,3,183,-180
107900171,0,131,-131
107900172,1,46,-45
107900173,79,8,71
107900174,122,5,117
107900175,2,45,-43
107900176,28,1,27
107900177,0,57,-57
107900178,14,56,-42
107900179,5,23,-18
107900180,107,895,-788
107900181,97,184,-87
107900182,0,93,-93
107900183,44,29,15
107900184,60,38,22
107900185,86,5,81
107900186,9,7,2
107900187,0,32,-32
107900188,184,25,159
107900189,0,13,-13
107900190,26,32,-6
107900191,10,15,-5
107900193,0,26,-26
107900194,86,5,81
107900195,365,95,270
107900196,29,19,10
107900197,68,75,-7
107900199,0,93,-93
107900201,52,32,20
107900203,35,16,19
107900204,117,91,26
107900205,84,78,6
107900206,38,314,-276
107900207,0,91,-91
107900208,0,115,-115
107900209,94,30,64
107900210,33,10,23
107900213,126,89,37
107900214,5,30,-25
107900215,62,151,-89
107900216,2,10,-8
107900217,32,20,12
107900218,1,313,-312
107900219,10,9,1
107900220,7,65,-58
107900221,21,81,-60
107900223,51,29,22
107900224,22,204,-182
107900225,0,81,-81
107900226,3,43,-40
107900227,46,96,-50
107900228,30,24,6
107900229,0,31,-31
107900230,33,22,11
107900231,34,22,12
107900232,134,14,120
107900233,0,39,-39
107900234,124,27,97
107900235,8,47,-39
107900236,180,20,160
107900237,13,223,-210
107900238,6,7,-1
107900239,95,251,-156
107900240,36,17,19
107900241,1,27,-26
107900242,2,36,-34
107900243,0,17,-17
107900244,238,3,235
107900245,771,52,719
107900246,167,21,146
107900248,431,79,352
107900249,910,86,824
107900250,0,73,-73
107900251,10,117,-107
107900252,468,46,422
107900253,134,17,117
107900254,5,103,-98
107900255,37,17,20
107900256,138,649,-511
107900257,290,79,211
107900258,73,28,45
107900259,10,1965,-1955
107900261,0,51,-51
107900262,28,34,-6
107900264,324,7,317
107900265,44,35,9
107900267,294,11,283
107900268,0,0,0
107900269,0,0,0
107900270,2,0,2
107900271,0,26,-26
107900272,25,45,-20
107900273,37,46,-9
107900274,113,0,113
107900275,14,0,14
107900276,1,7,-6
107900277,0,13,-13
107900278,363,104,259
107900279,27,59,-32
107900280,611,305,306
107900281,313,4756,-4443
107900282,21,744,-723
107900283,368,454,-86
107900284,590,191,399
107900285,113,28,85
107900286,16,30,-14
107900287,442,50,392
107900290,0,235,-235
107900291,452,5,447
107900292,77,43,34
107900293,30,166,-136
107900295,12,8,4
107900297,3,100,-97
107900298,256,314,-58
107900299,1183,2198,-1015
107900300,126,216,-90
107900301,268,351,-83
107900302,65,5,60
107900303,375,171,204
107900304,430,45,385
107900305,283,16,267
107900306,1,25,-24
107900307,10,73,-63
107900308,174,70,104
107900309,23,1,22
107900310,25,0,25
107900311,196,282,-86
107900312,23,0,23
107900313,0,88,-88
107900314,3,81,-78
107900315,1,56,-55
107900316,40,0,40
107900317,48,1,47
107900318,0,160,-160
107900319,0,38,-38
107900320,0,40,-40
107900321,130,0,130
107900322,0,9,-9
107900323,0,44,-44
107900324,63,0,63
107900325,127,1,126
107900326,460,64,396
107900327,7,42,-35
107900328,2,0,2
107900329,6,51,-45
107900330,27,41,-14
107900331,471,6,465
107900332,383,2,381
107900333,107,11,96
107900334,12,17,-5
107900335,31,7,24
107900336,22,14,8
107900337,210,723,-513
107900338,1,86,-85
107900339,0,15,-15
107900340,1,102,-101
107900341,42,0,42
107900342,154,207,-53
107900343,44,2,42
107900344,0,136,-136
107900345,28,8,20
107900346,5,0,5
107900347,20,2,18
107900348,0,1,-1
107900349,3,16,-13
107900350,4,76,-72
108000001,3200,1545,1655
108000002,506,795,-289
108000003,1938,1283,655
108000004,4188,4738,-550
108000005,6132,2734,3398
108000006,1668,1606,62
108000007,3895,1821,2074
108000008,1328,1543,-215
108000009,3950,2122,1828
108000010,1233,1481,-248
108000011,9188,5355,3833
108000012,3803,4087,-284
108000014,269,827,-558
108000015,499,131,368
108000016,152,220,-68
108000017,1000,135,865
108000018,1301,334,967
108000019,365,220,145
108000020,667,201,466
108000021,147,404,-257
108000022,298,334,-36
108000023,1060,123,937
108000024,275,160,115
108000025,342,50,292
108000026,624,69,555
108000027,630,77,553
108000028,801,89,712
108000029,438,100,338
108000030,308,117,191
108000031,98,242,-144
108000032,1943,318,1625
108000033,322,195,127
108000034,1901,283,1618
108000035,322,466,-144
108000036,172,352,-180
108000037,1759,131,1628
108000038,3022,143,2879
108000039,184,453,-269
108000040,1898,446,1452
108000041,277,568,-291
108000042,599,54,545
108000043,49,94,-45
108000044,854,51,803
108000045,47,105,-58
108000046,1421,136,1285
108000047,151,194,-43
108000048,38,77,-39
108000049,850,74,776
108000050,23,143,-120
108000051,307,116,191
108000052,65,190,-125
108000053,309,115,194
108000054,182,342,-160
108000055,617,191,426
108000056,168,421,-253
108000057,581,787,-206
108000058,1096,2535,-1439
108000059,1062,538,524
108000060,161,229,-68
108000061,36,112,-76
108000062,826,241,585
108000063,328,167,161
108000064,190,153,37
108000065,406,284,122
108000066,838,333,505
108000067,1556,531,1025
108000068,792,137,655
108000069,61,309,-248
108000070,1949,207,1742
108000071,317,393,-76
108000072,1365,265,1100
108000073,328,437,-109
108000074,687,184,503
108000075,175,150,25
108000076,753,168,585
108000077,275,138,137
108000078,2438,412,2026
108000079,153,292,-139
108000080,1603,198,1405
108000081,245,393,-148
108000082,246,349,-103
108000083,1296,350,946
108000084,114,231,-117
108000085,948,261,687
108000086,177,139,38
108000087,112,1489,-1377
108000088,206,7,199
108000089,153,155,-2
108000090,675,46,629
108000091,39,206,-167
108000092,395,22,373
108000093,250,238,12
108000094,1008,12,996
108000095,137,94,43
108000096,678,89,589
108000097,34,110,-76
108000098,1869,471,1398
108000099,275,25,250
108000100,126,140,-14
108000101,1031,515,516
108000102,1068,1951,-883
108000106,524,0,524
108000107,1,516,-515
108000108,558,34,524
108000109,2,217,-215
108000110,365,87,278
108000111,129,197,-68
108000112,16,123,-107
108000113,173,152,21
108000115,171,88,83
108000117,221,260,-39
108000118,23,167,-144
108000119,341,100,241
108000120,145,533,-388
108000121,270,176,94
108000122,661,204,457
108000123,558,92,466
108000124,172,122,50
108000125,443,142,301
108000126,130,113,17
108000127,482,136,346
108000128,628,47,581
108000129,133,127,6
108000130,469,116,353
108000131,657,85,572
108000132,127,171,-44
108000133,1289,108,1181
108000134,210,85,125
108000135,1310,302,1008
108000136,123,131,-8
108000137,463,117,346
108000138,306,206,100
108000139,494,143,351
108000140,469,4,465
108000141,19,20,-1
108000142,14,24,-10
108000143,7,10,-3
108000144,138,5,133
108000145,47,4,43
108000146,153,4,149
108000147,36,3,33
108000148,165,13,152
108000149,4,11,-7
108000150,102,13,89
108000151,6,4,2
108000152,30,55,-25
108000153,687,44,643
108000154,17,3,14
108000155,47,38,9
108000156,204,57,147
108000157,55,1218,-1163
108000158,13,506,-493
108000159,70,64,6
108000160,1112,874,238
108000161,868,2570,-1702
108000165,4,265,-261
108000172,8,143,-135
108000173,341,1243,-902
108000175,372,56,316
108000178,237,95,142
108000179,71,610,-539
108000181,71,12,59
108000182,76,3,73
108000183,1,10,-9
108000184,190,1966,-1776
108000185,164,106,58
108000186,431,23,408
108000187,74,104,-30
108000188,997,52,945
108000189,156,1334,-1178
108000190,2,26,-24
108000192,153,101,52
108000193,184,17,167
108000194,9,1,8
108000195,0,361,-361
108000196,148,117,31
108000198,299,40,259
108000199,1,45,-44
108000200,811,47,764
108000202,0,65,-65
108000203,148,112,36
108000204,212,42,170
108000205,58,100,-42
108000339,361,228,133
108000364,72,106,-34
108000365,34,152,-118
108000367,29,90,-61
108000368,12,34,-22
108000369,154,72,82
108000371,2,402,-400
108000372,537,8,529
108000373,170,57,113
108000376,77,24,53
108000377,641,76,565
108000378,6565,8156,-1591
108000379,12,34,-22
108000381,160,7,153
108000382,45,1,44
108000383,0,67,-67
108900001,10,146,-136
108900002,107,23,84
108900003,42,154,-112
108900004,7,283,-276
108900005,36,163,-127
108900006,503,97,406
108900007,375,41,334
108900008,178,26,152
108900009,114,88,26
108900010,491,55,436
108900011,922,53,869
108900012,493,102,391
108900013,123,50,73
108900014,31,50,-19
108900015,0,183,-183
108900016,6,137,-131
108900017,25,136,-111
108900018,163,174,-11
108900019,5,78,-73
108900020,16,31,-15
108900021,61,73,-12
108900022,107,42,65
108900023,6,48,-42
108900024,38,26,12
108900025,203,11,192
108900026,27,54,-27
108900027,1,37,-36
108900028,81,72,9
108900029,33,69,-36
108900030,0,20,-20
108900031,56,71,-15
108900032,0,24,-24
108900033,0,22,-22
108900034,0,42,-42
108900035,149,348,-199
108900036,82,78,4
108900037,58,90,-32
108900038,0,68,-68
108900039,0,86,-86
108900040,0,60,-60
108900041,1686,1574,112
108900042,2,217,-215
108900043,39,311,-272
108900044,0,150,-150
108900045,115,86,29
108900046,11,150,-139
108900047,0,92,-92
108900048,38,124,-86
108900049,484,1415,-931
108900050,0,77,-77
108900051,1,56,-55
108900052,22,65,-43
108900053,29,202,-173
108900054,42,50,-8
108900055,15,90,-75
108900056,0,48,-48
108900057,0,30,-30
108900058,48,109,-61
108900059,580,62,518
108900060,53,73,-20
108900061,24,5,19
108900062,1,65,-64
108900063,47,56,-9
108900064,315,11,304
108900065,12,55,-43
108900066,318,33,285
108900067,4,65,-61
108900068,0,29,-29
108900069,106,23,83
108900070,7,22,-15
108900071,188,21,167
108900072,856,149,707
108900073,3,129,-126
108900074,391,72,319
108900075,4,13,-9
108900076,456,12,444
108900077,33,322,-289
108900078,36,28,8
108900079,110,40,70
108900080,3,618,-615
108900081,28,120,-92
108900082,89,35,54
108900083,21,179,-158
108900084,114,64,50
108900085,513,42,471
108900086,106,45,61
108900087,67,40,27
108900088,260,132,128
108900089,21,36,-15
108900090,94,63,31
108900091,56,19,37
108900092,292,89,203
108900093,73,31,42
108900094,178,43,135
108900095,10,69,-59
108900096,72,3,69
108900097,115,88,27
108900098,527,898,-371
108900099,231,66,165
108900100,44,17,27
108900101,134,109,25
108900102,2,930,-928
108900103,123,71,52
108900104,42,87,-45
108900105,2,1505,-1503
108900106,346,47,299
108900108,204,11,193
108900109,78,10,68
108900110,70,45,25
108900111,252,115,137
108900112,168,7,161
108900113,65,31,34
108900114,1,2,-1
108900115,233,68,165
108900116,47,6,41
108900117,219,3,216
108900118,636,23,613
108900119,426,14,412
108900120,185,94,91
108900121,268,37,231
108900122,298,2,296
108900123,302,39,263
108900124,595,34,561
108900125,711,2,709
108900126,87,17,70
108900127,247,47,200
108900128,173,17,156
108900129,905,27,878
108900130,415,5,410
108900131,584,3,581
108900132,374,21,353
108900133,312,7,305
108900134,561,28,533
108900135,251,3,248
108900136,28,1,27
108900137,230,1,229
108900138,560,10,550
108900139,602,23,579
108900140,556,34,522
108900141,485,21,464
108900142,45,1,44
108900143,150,0,150
108900144,81,0,81
108900145,223,7,216
108900146,115,1,114
108900147,272,1,271
108900148,43,4,39
108900149,190,126,64
108900150,173,1,172
108900151,29,10,19
108900152,106,2,104
108900153,163,32,131
108900154,3621,136,3485
108900155,105,18,87
108900156,87,2,85
108900157,1,67,-66
108900158,406,13,393
108900159,7,76,-69
108900160,5,116,-111
108900161,11,124,-113
108900162,177,17,160
108900163,5,317,-312
108900164,18,5,13
108900165,45,18,27
108900167,292,7305,-7013
108900168,2392,1450,942
108900169,26,21,5
108900171,1334,2860,-1526
108900172,128,57,71
108900173,76,90,-14
108900174,895,115,780
108900176,46,146,-100
108900177,1175,5652,-4477
108900178,1152,3403,-2251
108900179,70,948,-878
108900180,85,133,-48
108900182,55,184,-129
108900183,74,56,18
108900184,225,145,80
108900185,32,119,-87
108900186,21,84,-63
108900187,556,10,546
108900188,746,13,733
108900189,143,15,128
108900190,7,467,-460
108900191,52,177,-125
108900192,46,94,-48
108900193,25,13,12
108900194,2,67,-65
108900195,36,37,-1
108900196,9,87,-78
108900198,0,94,-94
108900199,84,58,26
108900200,659,235,424
108900201,131,257,-126
108900203,382,45,337
108900204,296,4,292
108900205,214,23,191
108900206,282,51,231
108900207,252,159,93
108900208,8,104,-96
108900209,122,124,-2
108900210,159,72,87
108900211,69,300,-231
108900212,65,901,-836
108900215,39,109,-70
108900216,120,151,-31
108900217,60,0,60
108900218,21,16,5
108900219,24,5,19
108900220,6,9,-3
108900221,41,50,-9
108900222,138,6,132
108900223,4,77,-73
108900224,46,116,-70
108900225,0,88,-88
108900226,404,22,382
108900227,83,151,-68
108900230,89,74,15
108900231,8,56,-48
108900232,4,78,-74
108900233,322,57,265
108900234,160,58,102
108900235,103,139,-36
108900236,11,136,-125
108900237,9,31,-22
108900240,98,40,58
108900241,60,41,19
108900245,5,1139,-1134
108900249,54,14,40
108900250,281,52,229
108900257,166,46,120
108900258,4,17,-13
108900259,1,22,-21
108900260,7,9,-2
108900261,4,14,-10
108900262,41,29,12
108900263,7,22,-15
108900264,50,45,5
108900265,169,261,-92
108900266,79,643,-564
108900267,3,187,-184
108900268,11,12,-1
108900269,33,7,26
108900270,75,1,74
108900271,10,1,9
108900272,141,0,141
108900273,156,322,-166
108900274,40,16,24
109000001,2346,2207,139
109000002,252,999,-747
109000003,2264,316,1948
109000004,213,722,-509
109000005,1483,285,1198
109000006,250,478,-228
109000007,1588,209,1379
109000008,247,532,-285
109000009,2818,415,2403
109000010,274,696,-422
109000011,3750,1150,2600
109000012,648,763,-115
109000013,4200,3008,1192
109000014,718,647,71
109000015,2511,7436,-4925
109000016,1003,667,336
109000017,2889,550,2339
109000018,406,752,-346
109000019,1877,544,1333
109000020,447,502,-55
109000023,80,13,67
109000024,12,108,-96
109000025,201,353,-152
109000026,209,87,122
109000027,77,306,-229
109000028,36,28,8
109000029,84,259,-175
109000030,34,70,-36
109000031,385,33,352
109000032,21,79,-58
109000033,559,73,486
109000034,33,15,18
109000035,1,3,-2
109000036,13,270,-257
109000037,240,2499,-2259
109000038,191,164,27
109000039,733,516,217
109000040,1513,11961,-10448
109000041,729,1961,-1232
109000042,337,1339,-1002
109000044,398,19,379
109000045,46,39,7
109000046,466,15,451
109000047,33,50,-17
109000048,258,86,172
109000049,46,37,9
109000050,334,116,218
109000051,68,4,64
109000052,325,394,-69
109000053,312,73,239
109000054,28,219,-191
109000055,113,170,-57
109000056,87,105,-18
109000057,827,284,543
109000058,170,49,121
109000059,33,574,-541
109000060,46,366,-320
109000061,132,1129,-997
109000062,39,214,-175
109000063,146,28,118
109000064,425,60,365
109000065,201,44,157
109000066,416,38,378
109000067,47,45,2
109000068,354,1,353
109000069,356,3,353
109000070,0,342,-342
109000071,164,28,136
109000072,48,132,-84
109000073,36,75,-39
109000074,5,92,-87
109000075,27,47,-20
109000076,90,127,-37
109000077,167,132,35
109000078,46,80,-34
109000079,64,92,-28
109000080,159,37,122
109000081,141,123,18
109000082,655,85,570
109000083,248,199,49
109000088,159,100,59
109000089,451,51,400
109000090,67,138,-71
109000091,553,41,512
109000092,91,71,20
109000093,388,45,343
109000094,883,3,880
109000095,128,152,-24
109000096,957,48,909
109000097,18,48,-30
109000098,34,78,-44
109000099,551,92,459
109000100,193,186,7
109000101,1536,267,1269
109000102,275,198,77
109000103,475,106,369
109000104,2365,174,2191
109000105,267,281,-14
109000106,1533,169,1364
109000107,325,322,3
109000108,2113,196,1917
109000109,262,188,74
109000110,969,222,747
109000111,435,324,111
109000112,89,44,45
109000113,159,59,100
109000114,92,113,-21
109000115,355,14,341
109000116,5,161,-156
109000117,141,15,126
109000118,4,144,-140
109000119,1664,49,1615
109000120,190,173,17
109000121,819,8,811
109000122,114,172,-58
109000123,11,38,-27
109000124,646,91,555
109000125,1002,126,876
109000126,275,220,55
109000127,1273,44,1229
109000128,361,328,33
109000129,2941,132,2809
109000130,199,296,-97
109000131,547,548,-1
109000132,184,538,-354
109000133,89,249,-160
109000134,259,373,-114
109000135,192,285,-93
109000136,110,101,9
109000137,227,155,72
109000138,182,92,90
109000139,410,126,284
109000140,128,145,-17
109000141,378,189,189
109000142,49,133,-84
109000143,47,26,21
109000145,64,53,11
109000146,15,19,-4
109000148,806,1141,-335
109000149,3,34,-31
109000150,17,48,-31
109000155,636,539,97
109000156,484,87,397
109000158,12,144,-132
109000159,40,138,-98
109000160,1232,76,1156
109000161,545,272,273
109000162,1658,131,1527
109000163,867,298,569
109000164,831,766,65
109000165,1155,213,942
109000166,838,73,765
109000167,78,113,-35
109000170,5,28,-23
109000171,53,7,46
109000172,13,28,-15
109000173,0,83,-83
109000174,252,19,233
109000175,30,36,-6
109000176,191,70,121
109000177,9,33,-24
109000178,777,49,728
109000179,1411,3780,-2369
109000180,1522,1832,-310
109000181,26,3,23
109000182,39,1,38
109000183,77,8,69
109000184,71,5,66
109000185,12,11,1
109000188,195,455,-260
109000189,2318,414,1904
109000190,385,231,154
109000191,214,231,-17
109000192,488,40,448
109000193,320,69,251
109000194,225,15,210
109000195,181,51,130
109000196,187,14,173
109000197,170,108,62
109000198,331,14,317
109000199,47,61,-14
109000206,144,11,133
109000207,105,10,95
109000208,137,75,62
109000209,144,48,96
109000210,19,118,-99
109000211,1093,185,908
109000214,174,117,57
109000215,140,33,107
109000216,285,382,-97
109000217,50,56,-6
109000218,126,122,4
109000221,125,293,-168
109000222,429,36,393
109000223,352,312,40
109000224,103,53,50
109000225,192,13,179
109000226,25,36,-11
109000227,1726,149,1577
109000228,0,178,-178
109000231,1,63,-62
109000232,548,62,486
109000236,120,225,-105
109000241,1092,318,774
109000242,894,288,606
109000293,38,39,-1
109000361,52,74,-22
109000364,36,97,-61
109000396,5,107,-102
109000397,650,5,645
109000399,56,141,-85
109000400,71,74,-3
109000403,3,755,-752
109000406,457,1,456
109000407,16,40,-24
109000408,0,2,-2
109000410,519,29,490
109000411,136,39,97
109900001,43,0,43
109900002,607,4,603
109900003,507,0,507
109900004,80,94,-14
109900005,21,3,18
109900006,447,35,412
109900007,1215,113,1102
109900008,0,11,-11
109900009,73,138,-65
109900010,567,10,557
109900011,35,34,1
109900012,259,65,194
109900013,262,53,209
109900014,128,37,91
109900015,91,18,73
109900016,80,11,69
109900017,164,59,105
109900018,117,8,109
109900019,122,8,114
109900020,54,12,42
109900021,20,3,17
109900022,63,85,-22
109900023,32,1,31
109900024,15,0,15
109900025,1,4,-3
109900026,0,63,-63
109900027,20,11,9
109900028,209,1491,-1282
109900029,3,32,-29
109900030,10,3,7
109900031,1,374,-373
109900032,18,87,-69
109900033,1,129,-128
109900034,5,5,0
109900035,54,70,-16
109900036,4,17,-13
109900037,14,124,-110
109900038,62,57,5
109900039,0,0,0
109900040,3,142,-139
109900041,27,59,-32
109900042,17,100,-83
109900044,23,67,-44
109900045,63,22,41
109900046,75,22,53
109900047,50,93,-43
109900048,1,29,-28
109900049,13,39,-26
109900050,0,20,-20
109900051,0,2,-2
109900052,11,67,-56
109900053,0,44,-44
109900054,1231,56,1175
109900055,113,91,22
109900056,13,207,-194
109900057,0,35,-35
109900058,0,16,-16
109900059,1327,60,1267
109900060,710,21,689
109900061,46,45,1
109900062,0,36,-36
109900063,10,249,-239
109900064,390,48,342
109900065,53,53,0
109900066,54,108,-54
109900067,1,65,-64
109900068,68,9,59
109900069,0,6,-6
109900070,5,40,-35
109900071,2,5,-3
109900072,4,21,-17
109900073,558,77,481
109900074,3,3,0
109900075,16,1,15
109900076,3,28,-25
109900077,8,19,-11
109900078,47,36,11
109900080,67,40,27
109900081,0,99,-99
109900082,24,45,-21
109900083,1,14,-13
109900084,23,70,-47
109900085,37,104,-67
109900086,80,649,-569
109900087,36,91,-55
109900089,546,40,506
109900090,165,204,-39
109900091,634,41,593
109900092,157,24,133
109900093,973,74,899
109900094,8,27,-19
109900095,41,72,-31
109900096,37,9,28
109900097,84,1,83
109900098,603,12,591
109900099,344,0,344
109900100,26,0,26
109900101,1478,6,1472
109900102,249,18,231
109900103,3,27,-24
109900104,1150,129,1021
109900105,555,25,530
109900106,345,35,310
109900107,614,22,592
109900108,43,99,-56
109900109,27,24,3
109900110,10,56,-46
109900111,36,116,-80
109900112,100,86,14
109900113,712,226,486
109900114,99,819,-720
109900115,87,62,25
109900117,1138,44,1094
109900118,105,58,47
109900119,82,74,8
109900120,27,9,18
109900121,131,65,66
109900122,662,1,661
109900123,1,26,-25
109900124,27,51,-24
109900125,0,89,-89
109900126,442,14,428
109900128,360,11,349
109900130,1469,2312,-843
109900131,0,45,-45
109900132,6,53,-47
109900133,90,85,5
109900134,8,20,-12
109900135,48,9,39
109900136,14,19,-5
109900137,162,45,117
109900138,135,18,117
109900140,44,24,20
109900142,1871,128,1743
109900145,15,429,-414
109900146,46,39,7
109900148,5,22,-17
109900149,7,11,-4
109900150,5,16,-11
109900151,7,4,3
109900152,0,5,-5
109900153,0,13,-13
109900154,7,0,7
109900155,8,4,4
109900157,31,67,-36
109900158,43,18,25
109900159,73,5,68
109900160,68,15,53
109900161,240,31,209
109900162,152,24,128
109900163,170,65,105
109900164,85,126,-41
109900165,21,1,20
109900166,0,31,-31
109900167,59,120,-61
109900168,46,146,-100
109900169,176,33,143
109900170,68,947,-879
109900171,268,60,208
109900172,143,138,5
109900173,709,1597,-888
109900174,11,35,-24
109900175,35,21,14
109900176,64,38,26
109900177,9,22,-13
109900178,1,26,-25
109900179,6,37,-31
109900180,1,4,-3
110000001,219,158,61
110000002,457,265,192
110000003,252,381,-129
110000004,364,313,51
110000005,189,1796,-1607
110000006,171,179,-8
110000007,63,19,44
110000008,6,122,-116
110000009,10,6,4
110000010,22,64,-42
110000011,26,8,18
110000012,255,105,150
110000013,49,348,-299
110000014,453,277,176
110000015,96,386,-290
110000016,231,809,-578
110000017,1543,209,1334
110000018,1275,216,1059
110000019,6,30,-24
110000020,119,91,28
110000021,91,106,-15
110000022,903,25,878
110000023,1,21,-20
110000024,269,184,85
110000025,790,2,788
110000026,1,51,-50
110000027,246,294,-48
110000028,708,122,586
110000029,260,148,112
110000030,200,311,-111
110000031,146,111,35
110000032,888,109,779
110000033,76,93,-17
110000034,666,179,487
110000035,322,204,118
110000036,1162,271,891
110000037,75,188,-113
110000038,194,587,-393
110000039,508,3768,-3260
110000040,269,151,118
110000041,377,2126,-1749
110000042,37,181,-144
110000043,709,282,427
110000044,54,152,-98
110000045,73,73,0
110000046,1,39,-38
110000047,17,33,-16
110000048,1,91,-90
110000049,2,7,-5
110000050,4,62,-58
110000051,9,3,6
110000052,36,31,5
110000053,10,3,7
110000054,62,309,-247
110000055,63,42,21
110000056,36,56,-20
110000057,210,178,32
110000058,476,207,269
110000059,347,225,122
110000060,807,381,426
110000061,281,278,3
110000062,501,302,199
110000063,33,134,-101
110000064,62,15,47
110000065,188,104,84
110000066,76,2,74
110000067,52,38,14
110000068,210,32,178
110000069,575,14,561
110000071,559,2,557
110000073,4,10,-6
110000075,41,14,27
110000076,343,318,25
110000077,120,757,-637
110000078,66,5,61
110000080,85,116,-31
110000081,13,93,-80
110000082,4,144,-140
110000083,172,124,48
110000084,903,729,174
110000085,475,392,83
110000086,483,1403,-920
110000087,16,2,14
110000088,183,66,117
110000089,276,26,250
110000090,94,129,-35
110000091,168,88,80
110000092,2,34,-32
110000093,30,16,14
110000094,164,70,94
110000095,79,641,-562
110000096,582,1601,-1019
110000097,522,1189,-667
110000098,1012,219,793
110000099,570,856,-286
110000100,1602,61,1541
110000101,74,45,29
110000102,51,42,9
110000104,271,114,157
110000105,82,93,-11
110000106,210,334,-124
110000107,84,162,-78
110000108,54,107,-53
110000109,63,79,-16
110000110,771,2010,-1239
110000111,1381,1908,-527
110000112,123,404,-281
110000113,39,1660,-1621
110000114,258,458,-200
110000115,504,110,394
110000116,29,37,-8
110000117,468,57,411
110000118,797,67,730
110000119,565,77,488
110000120,287,41,246
110000121,43,338,-295
110000122,185,160,25
110000123,400,189,211
110000124,0,336,-336
110000125,383,10,373
110000126,120,4,116
110000127,559,9,550
110000128,2,369,-367
110000129,2,107,-105
110000130,178,101,77
110000131,90,80,10
110000132,0,141,-141
110000133,20,132,-112
110000134,41,161,-120
110000135,138,15,123
110000136,45,60,-15
110000137,603,135,468
110000138,675,105,570
110000139,859,140,719
110000140,398,261,137
110000143,159,196,-37
110000144,892,889,3
110000145,701,496,205
110000146,539,237,302
110000147,193,477,-284
110000148,586,106,480
110000151,233,631,-398
110000152,245,308,-63
110000153,401,5,396
110000154,31,47,-16
110000155,374,912,-538
110000156,361,537,-176
110000157,284,1177,-893
110000160,127,127,0
110000161,92,77,15
110000166,835,20,815
110000167,1443,336,1107
110000168,460,393,67
110000169,522,261,261
110000170,140,37,103
110000171,258,77,181
110000172,179,161,18
110000173,177,197,-20
110000174,40,89,-49
110000175,1204,44,1160
110000176,34,555,-521
110000177,154,995,-841
110000178,171,1912,-1741
110000179,516,126,390
110000180,223,103,120
110000181,744,163,581
110000182,106,78,28
110000183,2983,5633,-2650
110000184,160,2267,-2107
110000185,208,311,-103
110000186,280,397,-117
110000191,1264,201,1063
110000192,689,10,679
110000193,1205,2,1203
110000194,14,160,-146
110000195,477,42,435
110000196,561,43,518
110000197,95,15,80
110000198,48,17,31
110000199,38,53,-15
110000200,271,245,26
110000201,577,844,-267
110000202,677,331,346
110000203,120,159,-39
110000204,1,52,-51
110000205,312,36,276
110000206,139,237,-98
110000207,1401,87,1314
110000208,100,219,-119
110000209,64,153,-89
110000210,1368,204,1164
110000211,535,413,122
110000212,274,1057,-783
110000213,246,21,225
110000214,442,21,421
110000215,53,65,-12
110000216,49,65,-16
110000217,464,15,449
110000218,48,33,15
110000219,373,8,365
110000220,7,24,-17
110000221,421,1,420
110000222,31,44,-13
110000223,7,18,-11
110000224,4,0,4
110000225,140,272,-132
110000226,316,22,294
110000227,174,344,-170
110000228,278,11,267
110000229,0,62,-62
110000230,263,367,-104
110000231,132,197,-65
110000232,73,76,-3
110000233,70,149,-79
110000234,300,217,83
110000235,437,449,-12
110000236,283,186,97
110000237,1251,597,654
110000238,724,306,418
110000239,994,291,703
110000240,0,7,-7
110000242,0,23,-23
110000243,143,51,92
110000244,43,95,-52
110000245,18,154,-136
110000246,929,157,772
110000247,704,604,100
110000248,748,215,533
110000249,101,15,86
110000250,3,58,-55
110000251,346,66,280
110000252,530,88,442
110000253,1487,163,1324
110000254,727,164,563
110000255,98,170,-72
110000256,338,97,241
110000257,144,113,31
110000258,3,134,-131
110000259,191,25,166
110000260,94,29,65
110000263,543,20,523
110000264,475,77,398
110000265,772,654,118
110000266,772,841,-69
110000267,29,15,14
110000268,196,36,160
110000269,0,24,-24
110000270,79,0,79
110000271,702,82,620
110000272,588,455,133
110000273,530,471,59
110000274,183,2032,-1849
110000275,527,464,63
110000276,139,427,-288
110000277,350,133,217
110000278,210,254,-44
110000279,721,169,552
110000280,628,133,495
110000281,55,30,25
110000282,79,2,77
110000283,7,31,-24
110000284,0,3,-3
110000285,1,100,-99
110000286,14,0,14
110000287,104,0,104
110000288,0,57,-57
110000289,153,1813,-1660
110000290,251,566,-315
110000291,1072,406,666
110000292,327,5053,-4726
110000293,430,192,238
110000294,1293,1402,-109
110000295,72,200,-128
110000296,619,139,480
110000297,1906,79,1827
110000298,26,168,-142
110000299,148,25,123
110000301,423,16,407
110000302,311,236,75
110000303,588,15,573
110000304,153,72,81
110000305,1525,14,1511
110000306,348,279,69
110000307,2047,0,2047
110000308,515,6,509
110000309,1,200,-199
110000310,1020,18,1002
110000311,1,169,-168
110000312,475,32,443
110000313,1365,480,885
110000314,0,41,-41
110000315,681,902,-221
110000316,102,444,-342
110000317,113,230,-117
110000318,0,14,-14
110000319,0,7,-7
110000320,3,30,-27
110000321,16,24,-8
110000322,103,140,-37
110000323,698,98,600
110000324,748,597,151
110000325,1031,2919,-1888
110000327,247,120,127
110000328,53,133,-80
110000333,791,577,214
110000334,139,377,-238
110000335,557,168,389
110000336,200,371,-171
110000337,1441,219,1222
110000338,305,135,170
110000339,488,68,420
110000340,50,55,-5
110000341,420,114,306
110000342,28,0,28
110000343,0,1,-1
110000344,23,204,-181
110000345,63,163,-100
110000346,701,896,-195
110000347,739,259,480
110000348,66,4,62
110000349,9,4,5
110000350,52,0,52
110000351,1360,196,1164
110000352,366,993,-627
110000353,1406,178,1228
110000354,443,2014,-1571
110000355,194,24,170
110000356,202,6,196
110000357,502,6,496
110000361,49,7,42
110000362,135,28,107
110000363,600,18,582
110000364,259,194,65
110000365,40,1,39
110000366,2,88,-86
110000367,280,86,194
110000368,2,68,-66
110000369,87,4,83
110000373,0,126,-126
110000374,69,18,51
110000375,35,336,-301
110000376,14,44,-30
110000377,55,240,-185
110000378,4,391,-387
110000379,977,1904,-927
110000380,96,15,81
110000383,0,143,-143
110000384,442,23,419
110000385,1,61,-60
110000387,168,0,168
110000388,18,77,-59
110000389,320,19,301
110000391,835,128,707
110000396,217,16,201
110000397,65,25,40
110000398,5,14,-9
110000399,113,0,113
110000587,194,128,66
110000589,250,21,229
110000640,111,24,87
110000652,3,223,-220
110000653,286,127,159
110000654,1,180,-179
110000656,0,107,-107
110000674,92,30,62
110000675,20,18,2
110000676,0,15,-15
110000679,26,339,-313
110000682,65,102,-37
110000683,142,88,54
110000684,0,28,-28
110000685,5,24,-19
110000686,1,42,-41
110000687,7,0,7
110000688,11,935,-924
110000689,31,9,22
110000692,8,47,-39
110000693,8,142,-134
110000694,0,32,-32
110000695,55,148,-93
110000696,41,16,25
110900001,275,14,261
110900002,214,110,104
110900003,1414,78,1336
110900004,536,36,500
110900005,829,3261,-2432
110900006,66,37,29
110900007,211,95,116
110900008,2,24,-22
110900009,232,460,-228
110900010,0,25,-25
110900011,4,5,-1
110900012,2,44,-42
110900013,960,42,918
110900014,214,24,190
110900015,86,350,-264
110900016,42,82,-40
110900017,500,5,495
110900018,446,26,420
110900019,365,9,356
110900020,265,55,210
110900021,65,127,-62
110900022,111,78,33
110900023,15,97,-82
110900024,43,63,-20
110900025,5,9,-4
110900027,18,33,-15
110900028,1,11,-10
110900029,2,72,-70
110900030,7,19,-12
110900031,1,39,-38
110900032,0,18,-18
110900033,19,63,-44
110900035,5,278,-273
110900036,74,5,69
110900037,115,4,111
110900038,124,34,90
110900039,1,135,-134
110900040,157,5,152
110900041,11,7,4
110900042,35,20,15
110900043,16,4,12
110900044,36,2,34
110900045,58,64,-6
110900046,1,35,-34
110900047,62,310,-248
110900049,108,78,30
110900050,33,0,33
110900051,3,43,-40
110900052,0,138,-138
110900053,97,9,88
110900054,23,77,-54
110900055,3,0,3
110900056,13,59,-46
110900057,0,103,-103
110900058,281,24,257
110900059,219,157,62
110900060,259,30,229
110900061,2,20,-18
110900062,109,69,40
110900063,10,37,-27
110900064,3,0,3
110900065,55,37,18
110900066,23,15,8
110900067,110,442,-332
110900068,107,40,67
110900069,1,3,-2
110900070,89,16,73
110900071,43,957,-914
110900073,0,1,-1
110900074,468,38,430
110900075,551,35,516
110900077,1296,93,1203
110900078,100,7,93
110900079,421,281,140
110900080,114,16,98
110900081,4,11,-7
110900082,162,38,124
110900083,90,48,42
110900084,63,20,43
110900085,26,91,-65
110900086,19,161,-142
110900087,333,33,300
110900088,2,0,2
110900090,25,81,-56
110900091,0,9,-9
110900093,101,48,53
110900095,70,5,65
110900097,14,4,10
110900098,0,8,-8
110900099,13,58,-45
110900100,0,7,-7
110900102,44,65,-21
110900105,302,57,245
110900108,25,56,-31
110900111,186,29,157
110900112,514,3,511
110900113,114,57,57
110900115,1,23,-22
110900116,1200,312,888
110900118,24,3302,-3278
110900119,966,51,915
110900120,127,27,100
110900121,72,0,72
110900122,364,53,311
110900125,192,512,-320
110900127,108,478,-370
110900128,21,90,-69
110900129,28,521,-493
110900130,68,167,-99
110900131,211,24,187
110900132,518,15,503
110900133,52,39,13
110900135,21,56,-35
110900136,369,27,342
110900137,6,0,6
110900138,117,221,-104
110900139,0,31,-31
110900140,3,1,2
110900141,5,57,-52
110900142,15,16,-1
110900143,277,29,248
110900144,0,103,-103
110900145,152,83,69
110900146,146,217,-71
110900147,10,57,-47
110900148,0,25,-25
110900149,1,10,-9
110900150,36,11,25
110900151,2,11,-9
110900152,18,31,-13
110900153,164,21,143
111000001,582,415,167
111000002,324,466,-142
111000003,1685,876,809
111000004,401,736,-335
111000005,556,876,-320
111000006,564,1178,-614
111000007,2481,2054,427
111000008,1653,2656,-1003
111000009,252,571,-319
111000010,1207,369,838
111000011,120,486,-366
111000012,244,335,-91
111000013,249,643,-394
111000014,1521,314,1207
111000017,6,470,-464
111000018,46,253,-207
111000020,166,596,-430
111000021,18,61,-43
111000023,49,41,8
111000025,1505,1864,-359
111000029,45,17,28
111000030,17,21,-4
111000031,1112,615,497
111000032,431,223,208
111000033,155,53,102
111000034,143,80,63
111000037,464,382,82
111000038,906,605,301
111000039,802,529,273
111000040,748,498,250
111000041,121,149,-28
111000042,1149,1084,65
111000043,1378,2612,-1234
111000044,1263,251,1012
111000045,2463,996,1467
111000046,1557,826,731
111000047,2275,4844,-2569
111000049,66,138,-72
111000050,369,260,109
111000051,285,226,59
111000052,197,350,-153
111000053,78,199,-121
111000054,149,211,-62
111000055,425,539,-114
111000056,98,330,-232
111000057,50,203,-153
111000058,691,69,622
111000059,555,207,348
111000060,3427,424,3003
111000061,671,100,571
111000062,1024,209,815
111000063,1060,518,542
111000064,1043,193,850
111000065,1202,322,880
111000066,685,161,524
111000067,1048,143,905
111000068,686,147,539
111000069,684,781,-97
111000070,263,242,21
111000071,170,98,72
111000072,1135,522,613
111000073,152,894,-742
111000074,1161,668,493
111000075,493,186,307
111000076,576,225,351
111000077,893,400,493
111000078,1105,239,866
111000079,598,176,422
111000080,371,221,150
111000081,1016,3754,-2738
111000082,609,209,400
111000084,646,271,375
111000085,617,526,91
111000086,888,341,547
111000087,471,186,285
111000088,1968,2325,-357
111000089,548,354,194
111000090,392,433,-41
111000091,552,185,367
111000092,1641,370,1271
111000093,872,520,352
111000094,945,432,513
111000095,641,1829,-1188
111000096,545,5413,-4868
111000097,1183,486,697
111000098,181,263,-82
111000099,214,497,-283
111000100,345,411,-66
111000101,175,383,-208
111000102,86,108,-22
111000104,990,47,943
111000107,42,136,-94
111000109,756,46,710
111000110,1202,375,827
111000111,3161,108,3053
111000112,2078,101,1977
111000113,731,1733,-1002
111000114,709,2832,-2123
111000115,1853,484,1369
111000116,473,248,225
111000117,234,286,-52
111000118,529,278,251
111000119,1062,279,783
111000120,586,281,305
111000121,279,248,31
111000122,236,219,17
111000123,619,658,-39
111000124,290,854,-564
111000125,216,366,-150
111000126,82,150,-68
111000127,877,35,842
111000128,2491,134,2357
111000129,2731,168,2563
111000130,2603,146,2457
111000131,2295,158,2137
111000132,1933,1239,694
111000133,45,20,25
111000134,53,20,33
111000135,75,119,-44
111000136,346,63,283
111000138,36,5,31
111000140,1,24,-23
111000141,115,192,-77
111000142,4,65,-61
111000143,5,121,-116
111000144,2,207,-205
111000145,18,1,17
111000146,112,5,107
111000147,15,5,10
111000148,93,60,33
111000149,2,44,-42
111000150,57,6,51
111000151,1,6,-5
111000153,246,87,159
111000154,192,55,137
111000155,157,40,117
111000156,454,114,340
111000157,179,285,-106
111000158,693,314,379
111000159,1453,415,1038
111000160,410,88,322
111000161,2,205,-203
111000162,2,35,-33
111000163,576,370,206
111000164,199,1296,-1097
111000165,350,135,215
111000166,104,75,29
111000167,76,113,-37
111000168,142,115,27
111000169,176,82,94
111000170,103,87,16
111000171,183,155,28
111000172,68,145,-77
111000173,167,307,-140
111000174,290,58,232
111000175,57,55,2
111000176,510,37,473
111000177,1004,78,926
111000178,2083,117,1966
111000179,368,28,340
111000180,384,174,210
111000181,1648,123,1525
111000182,229,84,145
111000183,93,345,-252
111000184,264,64,200
111000185,139,92,47
111000186,122,160,-38
111000187,66,52,14
111000188,262,75,187
111000189,96,136,-40
111000190,141,70,71
111000191,122,69,53
111000192,105,144,-39
111000193,153,41,112
111000194,50,52,-2
111000195,37,81,-44
111000196,40,46,-6
111000197,596,18,578
111000198,385,25,360
111000199,357,125,232
111000200,663,172,491
111000201,728,44,684
111000202,419,35,384
111000203,312,71,241
111000204,196,986,-790
111000213,121,186,-65
111000214,657,472,185
111000215,596,343,253
111000217,1271,270,1001
111000218,1475,377,1098
111000219,186,77,109
111000220,453,353,100
111000221,76,75,1
111000224,1,92,-91
111000225,386,405,-19
111000226,14,0,14
111000227,17,1,16
111000228,2,713,-711
111000229,1,1688,-1687
111000230,67,88,-21
111000231,592,87,505
111000232,602,202,400
111000233,1467,157,1310
111000234,177,259,-82
111000239,22,31,-9
111000240,46,245,-199
111000241,32,64,-32
111000242,217,39,178
111000243,109,75,34
111000244,755,35,720
111000245,547,83,464
111000246,811,68,743
111000247,394,94,300
111000248,542,76,466
111000249,356,86,270
111000250,46,41,5
111000251,104,38,66
111000253,41,7,34
111000255,35,0,35
111000257,55,15,40
111000260,33,361,-328
111000261,1360,12,1348
111000271,31,122,-91
111000273,1155,470,685
111000274,1047,1396,-349
111000275,51,8,43
111000276,114,350,-236
111000277,188,122,66
111000278,265,63,202
111000291,823,8231,-7408
111000298,325,67,258
111000299,502,85,417
111000300,25,74,-49
111000302,288,33,255
111000303,196,40,156
111000312,81,36,45
111000315,0,82,-82
111000320,75,73,2
111000321,378,88,290
111000322,342,119,223
111000323,271,37,234
111000324,256,59,197
111000325,61,21,40
111000326,160,91,69
111000327,274,114,160
111000328,322,286,36
111000329,0,17,-17
111000330,16,11,5
111000331,10,5,5
111000332,297,260,37
111000334,123,297,-174
111000335,897,71,826
111000337,1799,80,1719
111000338,51,19,32
111000339,717,54,663
111000340,51,236,-185
111000341,1420,651,769
111000342,11,413,-402
111000344,776,221,555
111000345,62,131,-69
111000346,9,89,-80
111000347,94,2,92
111000350,56,105,-49
111000351,66,204,-138
111000352,139,44,95
111000353,76,102,-26
111000354,329,16,313
111000355,168,119,49
111000358,96,217,-121
111000360,104,189,-85
111000361,210,104,106
111000546,508,64,444
111000547,495,48,447
111000548,68,37,31
111000549,195,33,162
111000550,4,420,-416
111000551,83,23,60
111000552,226,87,139
111000907,505,25,480
111000908,41,2,39
111000916,2394,65,2329
111000917,34,209,-175
111000918,89,163,-74
111000920,480,6,474
111000921,1,32,-31
111000922,574,41,533
111000924,2,144,-142
111000925,3131,1213,1918
111000926,885,584,301
111000927,1887,2671,-784
111000928,2166,679,1487
111000929,1838,523,1315
111000930,700,826,-126
111000931,1844,718,1126
111000932,1680,677,1003
111000933,2091,1737,354
111000934,545,657,-112
111000935,2189,643,1546
111000936,576,497,79
111000937,1216,740,476
111000938,549,458,91
111000939,740,5,735
111000940,1170,14,1156
111000941,392,51,341
111000943,1041,107,934
111000944,114,62,52
111000945,117,318,-201
111001109,338,582,-244
111001110,69,118,-49
111001111,109,2,107
111001112,149,6,143
111001113,0,151,-151
111001114,250,67,183
111001115,3,192,-189
111001116,765,4335,-3570
111001117,73,1587,-1514
111001120,78,46,32
111001121,96,71,25
111001122,161,59,102
111001123,489,44,445
111001124,88,30,58
111900001,25,13,12
111900002,67,38,29
111900003,0,48,-48
111900004,3,11,-8
111900006,32,33,-1
111900007,227,0,227
111900008,301,3,298
111900009,265,4,261
111900010,37,130,-93
111900012,38,31,7
111900013,56,6,50
111900014,1106,4729,-3623
111900015,1,39,-38
111900016,0,18,-18
111900017,0,6,-6
111900018,217,3,214
111900019,1,87,-86
111900020,3,12,-9
111900021,4,5,-1
111900022,9,0,9
111900023,117,18,99
111900024,24,34,-10
111900025,0,21,-21
111900026,0,32,-32
111900027,0,4,-4
111900028,0,36,-36
111900029,0,15,-15
111900030,7,138,-131
111900031,16,18,-2
111900032,1,50,-49
111900033,15,13,2
111900034,11,138,-127
111900035,57,606,-549
111900036,0,55,-55
111900038,40,135,-95
111900039,10,100,-90
111900040,0,103,-103
111900042,15,36,-21
111900043,0,56,-56
111900044,22,47,-25
111900046,7,27,-20
111900048,345,165,180
111900049,6,76,-70
111900050,241,5,236
111900051,12,49,-37
111900052,88,87,1
111900053,299,1951,-1652
111900054,339,1,338
111900055,2,67,-65
111900056,28,300,-272
111900057,189,1,188
111900058,537,185,352
111900059,577,561,16
111900060,325,1,324
111900061,4,29,-25
111900062,30,79,-49
111900063,154,41,113
111900064,31,84,-53
111900065,216,28,188
111900066,202,76,126
111900067,1,73,-72
111900068,17,37,-20
111900069,61,5,56
111900070,216,18,198
111900071,0,29,-29
111900072,38,22,16
111900073,1068,124,944
111900074,0,24,-24
111900075,30,1,29
111900076,208,29,179
111900077,69,2,67
111900078,388,37,351
111900079,14,29,-15
111900080,39,63,-24
111900081,53,32,21
111900082,181,26,155
111900083,161,30,131
111900084,81,5,76
111900085,39,36,3
111900086,146,10,136
111900087,160,1,159
111900088,581,11,570
111900089,74,3,71
111900090,15,26,-11
111900091,757,7,750
111900092,207,0,207
111900093,549,5,544
111900094,92,9,83
111900095,333,9,324
111900096,311,3,308
111900097,135,1,134
111900098,420,8,412
111900099,68,0,68
111900100,92,2,90
111900101,183,6,177
111900102,738,190,548
111900103,26,32,-6
111900104,58,13,45
111900105,68,164,-96
111900106,120,4,116
111900107,0,16,-16
111900108,78,126,-48
111900109,80,201,-121
111900110,1024,120,904
111900111,322,21,301
111900112,151,3608,-3457
111900113,166,40,126
111900114,23,9,14
111900115,2,2,0
111900118,293,23,270
111900119,69,37,32
111900122,8,33,-25
111900123,34,28,6
111900124,19,12,7
111900125,481,72,409
111900126,341,1,340
111900127,0,49,-49
111900128,0,67,-67
111900129,378,45,333
111900130,123,65,58
111900131,481,1,480
111900132,3,148,-145
111900133,2,60,-58
111900134,3,41,-38
111900135,0,17,-17
111900136,6,35,-29
111900137,48,4,44
111900138,45,41,4
111900139,11,38,-27
111900140,62,9,53
111900141,81,1,80
111900142,56,8,48
111900143,92,22,70
111900144,3,20,-17
111900145,0,74,-74
111900146,0,23,-23
111900147,9,93,-84
111900148,3,98,-95
111900149,3,48,-45
111900150,0,15,-15
111900151,0,10,-10
111900152,17,17,0
111900153,195,532,-337
111900154,20,593,-573
111900155,40,89,-49
111900156,66,47,19
111900157,181,25,156
111900158,539,48,491
111900159,485,36,449
111900160,316,2,314
111900161,387,0,387
111900162,44,205,-161
111900163,3,42,-39
111900164,64,13,51
111901113,661,14,647
111901114,253,267,-14
111901115,246,4,242
111901116,44,1,43
111901117,11,64,-53
111901118,2,375,-373
111901119,158,7,151
111901120,9,20,-11
111901121,14,32,-18
111901122,5,84,-79
111901123,358,60,298
111901124,439,1,438
111901125,1097,141,956
111901126,59,39,20
111901127,403,1326,-923
111901128,13,16,-3
111901129,0,29,-29
111901130,2,32,-30
111901131,0,288,-288
111901132,56,28,28
111901133,80,0,80
111901134,202,0,202
111901135,51,4,47
111901136,85,39,46
111901137,1,12,-11
111901138,16,5,11
111901139,1,33,-32
111901140,11,37,-26
111901141,0,40,-40
111901142,1,47,-46
111901143,0,49,-49
111901144,26,2,24
111901145,29,166,-137
111901146,6,0,6
112000001,2501,614,1887
112000002,774,1634,-860
112000003,3161,461,2700
112000004,669,182,487
112000005,2934,2759,175
112000006,359,222,137
112000007,3694,2434,1260
112000008,2310,2929,-619
112000009,1774,761,1013
112000010,2199,3049,-850
112000011,885,644,241
112000012,2551,2877,-326
112000013,1074,1077,-3
112000014,604,2029,-1425
112000015,861,1677,-816
112000016,1174,2141,-967
112000017,261,1735,-1474
112000024,705,134,571
112000026,1529,1084,445
112000027,445,316,129
112000028,521,450,71
112000029,434,494,-60
112000030,127,17,110
112000031,511,1947,-1436
112000032,127,8,119
112000033,715,1834,-1119
112000034,132,25,107
112000035,54,317,-263
112000036,137,564,-427
112000037,317,423,-106
112000038,498,543,-45
112000039,112,46,66
112000040,8,86,-78
112000041,123,234,-111
112000042,203,49,154
112000050,867,391,476
112000051,712,1165,-453
112000054,532,466,66
112000057,180,72,108
112000058,149,156,-7
112000059,279,235,44
112000061,1198,293,905
112000062,273,429,-156
112000063,197,1016,-819
112000064,1232,1210,22
112000065,589,650,-61
112000066,1554,816,738
112000067,233,204,29
112000068,1810,1183,627
112000069,263,683,-420
112000070,690,487,203
112000071,432,634,-202
112000072,1850,563,1287
112000073,513,807,-294
112000074,658,400,258
112000075,819,744,75
112000076,1620,979,641
112000077,771,267,504
112000078,1534,475,1059
112000079,1317,751,566
112000080,594,423,171
112000081,455,800,-345
112000082,892,210,682
112000083,408,668,-260
112000084,1138,271,867
112000085,1115,820,295
112000086,1604,523,1081
112000087,747,107,640
112000088,634,222,412
112000089,113,122,-9
112000090,84,143,-59
112000091,349,203,146
112000092,2259,296,1963
112000093,859,241,618
112000094,493,331,162
112000095,666,135,531
112000096,656,192,464
112000097,1682,210,1472
112000098,189,260,-71
112000099,564,1411,-847
112000100,1921,261,1660
112000101,409,164,245
112000102,1589,212,1377
112000103,270,207,63
112000105,270,213,57
112000106,1944,255,1689
112000107,62,87,-25
112000108,269,702,-433
112000109,78,55,23
112000110,1684,293,1391
112000111,262,762,-500
112000112,1650,195,1455
112000113,376,488,-112
112000114,1648,274,1374
112000115,277,75,202
112000116,505,185,320
112000117,519,237,282
112000118,186,284,-98
112000119,184,225,-41
112000120,42,114,-72
112000121,93,121,-28
112000122,420,26,394
112000123,645,39,606
112000124,554,43,511
112000125,126,109,17
112000126,458,159,299
112000127,1021,1430,-409
112000128,374,266,108
112000129,88,31,57
112000130,197,75,122
112000131,14,24,-10
112000132,145,79,66
112000133,362,23,339
112000134,395,139,256
112000135,873,242,631
112000136,479,552,-73
112000137,1126,631,495
112000138,661,331,330
112000139,274,322,-48
112000140,88,274,-186
112000141,780,126,654
112000142,61,206,-145
112000143,1084,116,968
112000144,249,374,-125
112000145,2672,240,2432
112000146,452,711,-259
112000147,1765,698,1067
112000148,483,1086,-603
112000149,361,228,133
112000150,221,101,120
112000151,316,111,205
112000152,618,88,530
112000153,71,52,19
112000154,55,148,-93
112000155,49,43,6
112000157,195,403,-208
112000158,213,98,115
112000159,860,129,731
112000167,144,136,8
112000169,65,567,-502
112000173,1332,128,1204
112000175,392,116,276
112000176,660,434,226
112000177,952,184,768
112000178,32,125,-93
112000179,264,98,166
112000180,300,99,201
112000181,561,285,276
112000182,1823,271,1552
112000183,54,7,47
112000184,528,142,386
112000185,713,86,627
112000187,2249,1474,775
112000195,111,7,104
112000196,55,0,55
112000197,24,95,-71
112000198,15,59,-44
112000199,217,206,11
112000202,416,3,413
112000216,17,65,-48
112000230,150,2,148
112000231,0,65,-65
112000256,45,144,-99
112000313,33,20,13
112000314,13,40,-27
112000337,90,371,-281
112000352,54,92,-38
112000392,666,304,362
112000398,1455,238,1217
112000399,445,2874,-2429
112000400,580,396,184
112000401,667,486,181
112000402,2889,3013,-124
112000403,664,3267,-2603
112000404,994,473,521
112000405,2424,2007,417
112000406,1024,638,386
112000407,6963,5133,1830
112000408,2796,917,1879
112000409,750,762,-12
112000410,88,210,-122
112000411,1834,1118,716
112000412,239,138,101
112000413,1623,4771,-3148
112000414,88,53,35
112000415,86,7,79
112000416,2752,354,2398
112000417,214,55,159
112000421,71,52,19
112000422,206,78,128
112000424,320,1458,-1138
112000425,277,1016,-739
112000426,233,217,16
112000427,0,17,-17
112000428,289,101,188
112000429,1042,872,170
112000430,1447,1563,-116
112000431,71,87,-16
112000432,213,862,-649
112000433,172,246,-74
112000437,32,78,-46
112900001,111,0,111
112900002,795,140,655
112900003,112,30,82
112900004,67,135,-68
112900005,288,7,281
112900006,21,33,-12
112900007,77,10,67
112900008,0,28,-28
112900009,292,123,169
112900010,227,102,125
112900011,39,17,22
112900012,0,10,-10
112900013,1,186,-185
112900014,0,26,-26
112900015,82,143,-61
112900016,6,24,-18
112900017,31,74,-43
112900018,0,72,-72
112900019,5,32,-27
112900020,137,173,-36
112900021,1,88,-87
112900022,24,13,11
112900023,0,29,-29
112900024,0,21,-21
112900025,39,97,-58
112900026,0,32,-32
112900027,9,165,-156
112900028,13,30,-17
112900029,6,59,-53
112900030,54,26,28
112900031,1,81,-80
112900032,60,45,15
112900034,0,23,-23
112900035,1,39,-38
112900036,18,21,-3
112900037,49,160,-111
112900038,673,23,650
112900039,2,77,-75
112900040,1,113,-112
112900041,105,511,-406
112900042,139,254,-115
112900043,20,25,-5
112900044,57,63,-6
112900045,58,60,-2
112900046,43,16,27
112900047,4,21,-17
112900049,179,11,168
112900050,21,227,-206
112900051,63,125,-62
112900052,8,861,-853
112900053,38,80,-42
112900054,60,56,4
112900055,55,2,53
112900056,120,108,12
112900057,5,237,-232
112900058,237,146,91
112900059,81,46,35
112900060,18,29,-11
112900061,50,31,19
112900062,44,61,-17
112900063,12,15,-3
112900064,37,10,27
112900065,17,4,13
112900066,244,273,-29
112900067,282,16,266
112900068,16,61,-45
112900069,444,597,-153
112900071,7,5,2
112900072,11,2669,-2658
112900073,254,131,123
112900074,49,370,-321
112900075,251,706,-455
112900076,7,6,1
112900078,160,504,-344
112900079,262,2,260
112900080,113,0,113
112900081,67,281,-214
112900082,484,10,474
112900083,113,112,1
112900084,173,228,-55
112900085,2,1,1
112900086,103,2,101
112900087,1203,67,1136
112900088,179,1,178
112900089,751,15,736
112900090,63,48,15
112900091,242,6,236
112900092,29,385,-356
112900093,987,11,976
112900094,52,1,51
112900095,89,0,89
112900096,527,91,436
112900097,16,31,-15
112900098,41,1,40
112900099,978,7,971
112900100,120,7,113
112900101,263,2,261
112900102,44,33,11
112900103,246,2,244
112900104,150,0,150
112900105,10,0,10
112900106,222,62,160
112900107,15,0,15
112900108,0,11,-11
112900109,190,0,190
112900110,1407,5,1402
112900111,613,4,609
112900112,357,0,357
112900113,0,1,-1
112900114,324,16,308
112900115,1973,2,1971
112900116,82,2,80
112900117,95,5,90
112900118,1,5,-4
112900119,107,1,106
112900120,218,126,92
112900121,351,8,343
112900122,13,10,3
112900123,140,16,124
112900124,1,16,-15
112900125,13,87,-74
112900126,32,56,-24
112900127,246,32,214
112900128,23,157,-134
112900129,0,227,-227
112900130,89,20,69
112900131,14,275,-261
112900132,22,233,-211
112900133,7,669,-662
112900134,0,85,-85
112900135,41,27,14
112900136,0,75,-75
112900137,1,233,-232
112900138,1,28,-27
112900139,18,279,-261
112900140,1,144,-143
112900141,473,18,455
112900142,25,85,-60
112900143,5,264,-259
112900144,10,1021,-1011
112900145,2,97,-95
112900146,4,32,-28
112900147,0,151,-151
112900148,23,1,22
112900149,49,144,-95
112900151,0,12,-12
112900152,3231,146,3085
112900153,168,1316,-1148
112900154,0,19,-19
112900155,52,3,49
112900156,379,224,155
112900157,369,2,367
112900158,63,1,62
112900159,90,107,-17
112900160,19,66,-47
112900161,78,9,69
112900162,3,20,-17
112900163,3,30,-27
112900164,2,69,-67
112900165,13,20,-7
112900166,5,53,-48
112900167,4,47,-43
112900168,15,0,15
112900169,16,3,13
112900170,116,5,111
112900172,28,18,10
112900173,57,22,35
112900174,236,35,201
112900175,48,103,-55
112900176,24,58,-34
112900177,218,46,172
112900178,206,2243,-2037
112900179,3,408,-405
112900180,1467,1425,42
112900181,777,3,774
112900182,27,168,-141
112900183,45,53,-8
112900184,96,191,-95
112900185,34,147,-113
112900186,471,362,109
112900187,12,323,-311
112900188,354,569,-215
112900189,7,0,7
112900190,1,0,1
112900192,343,153,190
112900193,473,65,408
112900194,43,0,43
112900195,305,12,293
112900196,140,100,40
112900197,28,160,-132
112900199,473,37,436
112900200,345,31,314
112900201,215,21,194
112900202,324,126,198
112900203,159,70,89
112900204,150,68,82
112900205,6,0,6
112900206,15,11,4
112900207,43,0,43
112900208,29,98,-69
112900209,23,69,-46
112900210,0,4,-4
112900211,15,7,8
112900212,0,0,0
112900213,23,0,23
112900214,4,6,-2
112900215,34,10,24
112900216,24,3,21
112900217,0,2,-2
112900218,54,1,53
112900219,77,0,77
112900220,0,0,0
112900221,28,13,15
112900222,0,34,-34
112900223,439,0,439
112900224,609,64,545
112900225,368,95,273
112900226,54,62,-8
112900227,839,253,586
112900228,149,46,103
112900229,369,31,338
112900230,2530,1105,1425
112900232,291,266,25
112900233,16,18,-2
112900234,66,2,64
112900235,5,4,1
112900236,603,2,601
112900237,276,125,151
112900238,24,0,24
112900239,67,409,-342
113000001,2730,1917,813
113000002,2521,1729,792
113000003,713,738,-25
113000004,844,912,-68
113000005,906,416,490
113000006,631,611,20
113000007,1311,409,902
113000008,935,423,512
113000009,725,263,462
113000010,746,381,365
113000011,317,521,-204
113000012,679,297,382
113000013,294,325,-31
113000014,328,503,-175
113000015,54,108,-54
113000016,112,318,-206
113000017,132,163,-31
113000018,404,60,344
113000019,131,82,49
113000020,188,31,157
113000021,976,330,646
113000022,680,772,-92
113000025,15,50,-35
113000026,439,418,21
113000027,449,601,-152
113000028,394,392,2
113000029,265,304,-39
113000030,62,172,-110
113000031,59,91,-32
113000032,126,65,61
113000033,181,87,94
113000034,46,63,-17
113000035,12,4,8
113000036,37,27,10
113000037,12,6,6
113000038,2,30,-28
113000039,7,139,-132
113000040,30,10,20
113000042,242,205,37
113000051,580,1319,-739
113000052,947,200,747
113000053,359,161,198
113000054,279,423,-144
113000055,1165,152,1013
113000056,1407,342,1065
113000058,207,316,-109
113000059,657,80,577
113000060,180,249,-69
113000061,228,362,-134
113000062,185,140,45
113000063,312,31,281
113000064,137,78,59
113000065,148,179,-31
113000066,795,45,750
113000067,2179,265,1914
113000068,326,198,128
113000069,297,210,87
113000070,2273,153,2120
113000071,269,155,114
113000072,674,126,548
113000073,223,356,-133
113000074,438,158,280
113000075,1159,345,814
113000076,122,859,-737
113000077,365,300,65
113000078,261,571,-310
113000079,148,250,-102
113000080,207,360,-153
113000081,525,593,-68
113000082,433,185,248
113000083,369,333,36
113000084,565,316,249
113000085,656,267,389
113000086,335,394,-59
113000087,566,610,-44
113000088,598,561,37
113000089,452,679,-227
113000090,86,298,-212
113000091,97,119,-22
113000094,772,108,664
113000095,135,116,19
113000096,40,171,-131
113000097,491,137,354
113000098,15,6,9
113000099,508,139,369
113000100,96,82,14
113000101,54,151,-97
113000102,347,159,188
113000103,1765,223,1542
113000104,469,1235,-766
113000105,589,116,473
113000106,208,81,127
113000107,652,433,219
113000108,471,299,172
113000109,206,652,-446
113000110,1793,390,1403
113000111,143,189,-46
113000112,383,136,247
113000113,909,212,697
113000114,97,425,-328
113000116,162,156,6
113000117,325,206,119
113000118,22,319,-297
113000119,181,281,-100
113000120,26,301,-275
113000121,206,328,-122
113000124,150,49,101
113000125,2,840,-838
113000127,608,69,539
113000128,739,161,578
113000129,111,383,-272
113000133,663,105,558
113000134,5,733,-728
113000135,2266,2014,252
113000137,503,1689,-1186
113000139,82,46,36
113000140,50,29,21
113000141,138,41,97
113000142,158,70,88
113000143,211,64,147
113000144,57,63,-6
113000145,127,73,54
113000146,20,10,10
113000147,103,10,93
113000148,223,54,169
113000149,97,75,22
113000150,136,133,3
113000151,12,10,2
113000152,28,120,-92
113000153,351,108,243
113000154,260,829,-569
113000155,213,375,-162
113000156,67,78,-11
113000157,127,160,-33
113000158,203,21,182
113000159,528,74,454
113000160,157,217,-60
113000161,175,149,26
113000162,441,39,402
113000163,61,12,49
113000164,4,15,-11
113000166,174,16,158
113000167,50,35,15
113000168,117,25,92
113000169,128,5,123
113000170,51,10,41
113000171,9,25,-16
113000172,231,11,220
113000173,38,29,9
113000174,54,63,-9
113000175,340,21,319
113000176,497,13,484
113000177,76,71,5
113000178,52,46,6
113000179,194,38,156
113000180,753,1042,-289
113000181,1182,546,636
113000182,68,151,-83
113000183,174,382,-208
113000184,4,9,-5
113000189,87,172,-85
113000190,216,106,110
113000192,436,1674,-1238
113000193,884,978,-94
113000194,431,946,-515
113000195,894,779,115
113000196,411,86,325
113000197,893,1063,-170
113000198,19,136,-117
113000199,676,199,477
113000201,159,258,-99
113000202,2714,754,1960
113000203,56,430,-374
113000204,148,1383,-1235
113000205,2,2,0
113000206,10,5,5
113000207,11,22,-11
113000208,28,12,16
113000209,5,19,-14
113000210,2,9,-7
113000211,31,42,-11
113000212,9,3,6
113000213,15,27,-12
113000214,46,81,-35
113000234,82,185,-103
113000410,43,119,-76
113000411,617,1019,-402
113000412,2338,762,1576
113000413,1160,1075,85
113000414,1745,5531,-3786
113000415,721,512,209
113000416,1142,869,273
113000417,306,492,-186
113000418,2197,1947,250
113000419,761,909,-148
113000420,1545,2417,-872
113000421,2330,3570,-1240
113000422,5249,4046,1203
113000423,673,1690,-1017
113000424,961,4509,-3548
113000425,0,37,-37
113000428,95,18,77
113000430,2,65,-63
113000432,2144,135,2009
113000433,119,288,-169
113000434,7,64,-57
113000435,10,81,-71
113000436,14,376,-362
113000437,1142,29,1113
113000438,182,12,170
113000439,10,15,-5
113000440,121,17,104
113000441,165,97,68
113000442,76,15,61
113000443,365,36,329
113000444,187,7,180
113000445,146,31,115
113000446,18,39,-21
113000448,99,129,-30
113000449,36,771,-735
113000450,172,1700,-1528
113000451,794,153,641
113000452,61,370,-309
113000453,2,169,-167
113000454,68,158,-90
113000455,2,275,-273
113000456,403,794,-391
113000468,442,71,371
113000469,37,194,-157
113000470,128,16,112
113000471,2,195,-193
113000472,30,50,-20
113000474,984,441,543
113000475,737,606,131
113000476,1363,1141,222
113000477,3591,1002,2589
113000478,1277,1454,-177
113000479,49,55,-6
113000480,71,75,-4
113000483,0,0,0
113000485,0,0,0
113000486,0,0,0
113000487,0,0,0
113000488,0,0,0
113000489,0,0,0
113000490,0,0,0
113000491,0,0,0
113000492,0,0,0
113000493,0,0,0
113000495,74,30,44
113000496,61,57,4
113000499,0,0,0
113000500,0,0,0
113900001,2,208,-206
113900002,0,29,-29
113900003,0,18,-18
113900004,0,35,-35
113900005,0,42,-42
113900006,0,13,-13
113900007,5,69,-64
113900008,27,0,27
113900009,10,0,10
113900010,7,0,7
113900011,80,0,80
113900012,21,0,21
113900013,8,0,8
113900014,357,2,355
113900015,0,10,-10
113900016,17,0,17
113900017,0,11,-11
113900018,35,85,-50
113900019,181,1,180
113900020,158,0,158
113900022,14,0,14
113900023,15,0,15
113900024,28,1,27
113900025,115,15,100
113900026,35,1,34
113900027,0,17,-17
113900028,5,105,-100
113900029,31,33,-2
113900030,292,0,292
113900031,14,0,14
113900032,24,0,24
113900033,18,5,13
113900035,9,2,7
113900036,5,11,-6
113900037,111,266,-155
113900038,21,90,-69
113900039,254,8,246
113900040,2,3,-1
113900041,4,1,3
113900042,39,3,36
113900043,56,7,49
113900044,8,149,-141
113900045,66,7,59
113900046,48,214,-166
113900047,92,2,90
113900048,21,32,-11
113900049,69,346,-277
113900050,73,67,6
113900051,74,25,49
113900052,26,42,-16
113900053,209,420,-211
113900054,9,0,9
113900055,22,116,-94
113900056,37,14,23
113900057,7,6,1
113900058,43,5,38
113900059,65,25,40
113900060,31,185,-154
113900061,170,44,126
113900062,67,0,67
113900063,32,5,27
113900064,8,6,2
113900065,355,4,351
113900066,305,20,285
113900067,175,35,140
113900068,189,492,-303
113900069,2,4,-2
113900070,68,79,-11
113900071,60,2,58
113900072,6,10,-4
113900073,199,120,79
113900074,146,112,34
113900075,195,996,-801
113900076,109,0,109
113900077,10,51,-41
113900078,36,34,2
113900079,1,10,-9
113900080,181,57,124
113900081,9,6,3
113900082,41,74,-33
113900083,383,57,326
113900084,54,10,44
113900085,9,55,-46
113900086,52,6,46
113900087,32,71,-39
113900088,86,126,-40
113900089,211,15,196
113900090,166,94,72
113900091,0,0,0
113900092,2,2,0
113900093,5,420,-415
113900094,294,84,210
113900095,90,14,76
113900096,180,40,140
113900097,9,16,-7
113900098,527,84,443
113900099,0,3,-3
113900100,0,0,0
113900101,6,18,-12
113900102,4,38,-34
113900103,82,245,-163
113900104,70,24,46
113900105,151,22,129
113900106,0,2,-2
113900107,0,1,-1
113900108,7,55,-48
113900109,26,46,-20
113900110,4,7,-3
113900111,66,17,49
113900112,74,8,66
113900113,337,67,270
113900114,0,1,-1
113900115,0,4,-4
113900116,1,53,-52
113900117,14,2,12
113900118,47,314,-267
113900119,44,113,-69
113900120,67,15,52
113900121,71,15,56
113900122,113,2214,-2101
113900123,238,30,208
113900124,1,17,-16
113900125,245,37,208
113900126,5,8,-3
113900127,60,279,-219
113900128,88,10,78
113900129,0,68,-68
113900130,1,9,-8
113900131,57,9,48
113900132,11,19,-8
113900133,5,8,-3
113900135,206,60,146
113900136,18,2,16
113900137,171,74,97
113900138,0,95,-95
113900139,60,86,-26
113900140,32,98,-66
113900141,324,100,224
113900142,39,11,28
113900143,2,45,-43
113900144,57,59,-2
113900145,137,5,132
113900146,146,7,139
113900148,23,66,-43
113900149,60,38,22
113900150,381,102,279
113900151,250,39,211
113900152,15,44,-29
113900153,80,94,-14
113900154,0,38,-38
113900155,13,32,-19
113900156,15,65,-50
113900157,37,197,-160
113900158,77,81,-4
113900159,0,54,-54
113900160,137,70,67
113900161,25,116,-91
113900162,71,73,-2
113900163,168,38,130
113900164,244,8,236
113900165,110,71,39
113900166,10,11,-1
113900167,222,23,199
113900168,7,13,-6
113900169,42,75,-33
113900171,103,20,83
113900172,1,14,-13
113900173,14,81,-67
113900174,46,123,-77
113900175,79,85,-6
113900176,61,88,-27
113900177,53,54,-1
113900178,128,59,69
113900179,3,132,-129
113900180,32,14,18
113900181,557,60,497
113900182,167,75,92
113900183,14,7,7
113900184,2,212,-210
113900185,11,12,-1
113900186,7,5,2
113900187,2,17,-15
113900188,0,31,-31
113900189,147,71,76
113900190,50,14,36
113900191,11,48,-37
113900192,2,207,-205
113900193,0,83,-83
113900194,378,69,309
113900195,75,51,24
113900196,1,35,-34
113900197,1,28,-27
113900198,1,41,-40
113900199,18,39,-21
113900200,0,15,-15
113900201,1,28,-27
113900202,7,29,-22
113900203,0,30,-30
113900204,4,47,-43
113900205,1,14,-13
113900206,1,35,-34
113900207,0,18,-18
113900208,0,3,-3
113900209,0,10,-10
113900210,84,168,-84
113900211,123,7,116
113900212,257,94,163
113900214,66,84,-18
113900215,136,22,114
113900216,51,74,-23
113900217,39,81,-42
113900218,31,33,-2
113900219,43,128,-85
113900220,55,41,14
113900221,76,182,-106
113900222,10,200,-190
113900223,167,88,79
113900224,2,10,-8
113900225,190,26,164
113900226,104,28,76
113900227,85,75,10
113900228,127,172,-45
113900229,9,345,-336
113900230,682,987,-305
113900231,11,13,-2
113900232,28,11,17
113900233,50,24,26
113900234,105,125,-20
113900235,62,11,51
113900236,406,29,377
113900237,95,11,84
113900238,82,186,-104
113900239,21,32,-11
113900240,1,46,-45
113900241,10,8,2
113900242,4,17,-13
113900243,3,21,-18
113900244,133,62,71
113900245,151,56,95
113900246,1,14,-13
113900247,18,227,-209
113900248,419,704,-285
113900249,87,296,-209
113900250,17,86,-69
113900251,667,19,648
113900252,424,7,417
113900253,301,21,280
113900254,186,40,146
113900255,544,5,539
113900256,343,18,325
113900257,8,114,-106
113900258,3,193,-190
113900259,414,72,342
113900260,95,4,91
113900261,37,4,33
113900262,162,85,77
113900263,0,53,-53
113900264,1,58,-57
113900265,37,78,-41
113900266,29,43,-14
113900267,18,127,-109
113900268,84,118,-34
113900269,21,68,-47
113900270,43,114,-71
113900271,158,86,72
113900273,3,11,-8
113900274,61,35,26
113900275,0,14,-14
113900276,0,55,-55
113900277,203,0,203
113900278,46,20,26
113900279,31,7,24
113900280,262,129,133
113900281,83,484,-401
113900282,87,83,4
113900283,96,169,-73
113900284,575,66,509
113900285,41,6,35
113900286,17,34,-17
113900287,62,4,58
113900288,0,32,-32
113900289,96,88,8
113900290,58,209,-151
113900291,26,52,-26
113900292,5,0,5
113900293,1,54,-53
113900294,490,27,463
113900295,102,52,50
113900296,607,191,416
113900297,1175,9,1166
113900298,1,236,-235
113900299,119,40,79
113900300,1647,2027,-380
113900301,77,299,-222
113900302,839,258,581
113900303,50,458,-408
113900304,0,29,-29
113900305,168,2,166
113900306,29,0,29
113900307,3,0,3
113900308,6,8,-2
113900309,0,214,-214
113900310,0,4,-4
113900311,15,0,15
113900312,32,31,1
113900313,0,0,0
114000001,487,582,-95
114000002,218,164,54
114000003,82,41,41
114000004,444,101,343
114000005,424,59,365
114000006,541,274,267
114000007,398,389,9
114000008,822,639,183
114000009,1090,105,985
114000011,2040,807,1233
114000012,3146,670,2476
114000013,1609,470,1139
114000014,179,38,141
114000015,1522,94,1428
114000016,168,25,143
114000017,72,675,-603
114000018,62,11,51
114000026,2367,538,1829
114000027,3576,1154,2422
114000028,1208,1769,-561
114000038,233,80,153
114000039,46,11,35
114000040,122,315,-193
114000042,70,148,-78
114000043,19,57,-38
114000044,431,7,424
114000045,6,9,-3
114000046,611,1432,-821
114000047,5,74,-69
114000048,82,12,70
114000049,1451,591,860
114000050,1162,382,780
114000051,1787,947,840
114000052,1800,1475,325
114000053,16,349,-333
114000054,147,255,-108
114000055,217,21,196
114000056,42,175,-133
114000057,1412,863,549
114000058,20,286,-266
114000059,26,421,-395
114000060,178,209,-31
114000061,797,929,-132
114000062,142,387,-245
114000063,467,336,131
114000064,884,1583,-699
114000065,519,617,-98
114000066,447,369,78
114000067,7,669,-662
114000068,197,371,-174
114000069,807,223,584
114000070,1093,747,346
114000071,648,155,493
114000072,688,109,579
114000073,22,37,-15
114000074,57,5,52
114000075,89,27,62
114000076,12,41,-29
114000077,2,9,-7
114000078,203,121,82
114000079,315,52,263
114000080,45,45,0
114000081,63,58,5
114000082,18,82,-64
114000083,42,17,25
114000084,125,94,31
114000085,58,151,-93
114000086,183,101,82
114000087,170,12,158
114000088,75,4,71
114000089,222,122,100
114000090,611,493,118
114000091,444,391,53
114000092,189,136,53
114000093,859,175,684
114000094,449,155,294
114000095,256,159,97
114000096,46,107,-61
114000097,65,148,-83
114000098,841,86,755
114000099,518,72,446
114000100,1726,144,1582
114000101,227,205,22
114000102,775,116,659
114000103,65,126,-61
114000104,4,55,-51
114000105,186,58,128
114000106,366,1188,-822
114000107,345,44,301
114000108,626,363,263
114000109,523,1015,-492
114000110,418,371,47
114000111,1587,621,966
114000112,201,838,-637
114000113,1211,401,810
114000114,174,635,-461
114000115,1268,793,475
114000116,881,633,248
114000117,3667,271,3396
114000118,2972,223,2749
114000119,2517,226,2291
114000120,781,445,336
114000121,261,248,13
114000122,285,90,195
114000123,2014,148,1866
114000124,1085,147,938
114000125,712,597,115
114000126,1128,143,985
114000127,88,46,42
114000128,697,147,550
114000130,374,349,25
114000131,427,16,411
114000132,420,74,346
114000133,395,228,167
114000134,26,2,24
114000138,0,1,-1
114000139,270,55,215
114000144,439,218,221
114000145,11,2,9
114000146,43,14,29
114000147,574,1368,-794
114000148,597,821,-224
114000149,145,110,35
114000150,70,58,12
114000151,126,1399,-1273
114000152,20,9,11
114000153,191,467,-276
114000154,286,114,172
114000155,478,1815,-1337
114000156,484,309,175
114000157,157,690,-533
114000158,296,221,75
114000159,105,67,38
114000160,75,148,-73
114000161,468,769,-301
114000162,718,1219,-501
114000163,17,2,15
114000165,151,111,40
114000166,119,172,-53
114000167,1221,875,346
114000168,211,95,116
114000169,469,631,-162
114000170,509,477,32
114000171,1387,3775,-2388
114000174,103,120,-17
114000176,154,113,41
114000177,327,199,128
114000178,32,43,-11
114000179,533,296,237
114000180,205,163,42
114000181,797,3070,-2273
114000182,656,907,-251
114000183,297,211,86
114000184,222,278,-56
114000185,956,506,450
114000189,1570,95,1475
114000190,2842,375,2467
114000191,51,357,-306
114000192,92,299,-207
114000193,166,502,-336
114000194,1515,665,850
114000195,392,192,200
114000196,3,88,-85
114000197,1957,8,1949
114000198,198,165,33
114000199,467,768,-301
114000200,379,366,13
114000201,119,279,-160
114000202,592,405,187
114000203,560,702,-142
114000204,41,105,-64
114000205,298,543,-245
114000206,400,559,-159
114000207,303,450,-147
114000208,442,417,25
114000209,309,386,-77
114000210,167,426,-259
114000211,1583,509,1074
114000212,1156,918,238
114000213,1919,360,1559
114000214,77,32,45
114000215,95,33,62
114000216,1377,436,941
114000217,389,205,184
114000218,275,113,162
114000219,1263,95,1168
114000220,12,233,-221
114000221,1279,108,1171
114000222,156,296,-140
114000223,612,91,521
114000224,64,216,-152
114000225,263,166,97
114000226,331,115,216
114000227,1147,420,727
114000228,932,303,629
114000229,1327,745,582
114000230,1412,451,961
114000231,827,834,-7
114000232,936,125,811
114000233,1921,50,1871
114000234,1220,375,845
114000235,1483,760,723
114000236,0,224,-224
114000237,100,295,-195
114000238,39,269,-230
114000239,67,412,-345
114000240,609,1405,-796
114000241,306,341,-35
114000242,545,377,168
114000243,1548,953,595
114000244,355,171,184
114000245,438,886,-448
114000246,51,49,2
114000247,398,319,79
114000248,1199,369,830
114000249,974,268,706
114000250,900,188,712
114000251,142,91,51
114000252,36,10,26
114000253,35,41,-6
114000254,15,2,13
114000255,189,174,15
114000256,155,284,-129
114000257,483,474,9
114000258,311,78,233
114000259,166,135,31
114000260,0,1,-1
114000261,81,22,59
114000262,298,29,269
114000263,1,0,1
114000264,1341,81,1260
114000265,0,3,-3
114000267,1,1716,-1715
114000268,1,464,-463
114000270,164,2,162
114000271,146,134,12
114000283,1483,195,1288
114000285,4,80,-76
114000288,105,50,55
114000289,1482,55,1427
114000293,282,100,182
114000294,183,312,-129
114000395,1530,45,1485
114000396,364,149,215
114000402,783,132,651
114000403,426,87,339
114000405,319,122,197
114000423,468,96,372
114000424,566,99,467
114000425,1334,81,1253
114000426,358,584,-226
114000427,70,12,58
114000428,25,47,-22
114000429,22,36,-14
114000432,56,7,49
114000434,33,13,20
114000435,0,21,-21
114000436,1055,211,844
114000437,519,5830,-5311
114900001,493,103,390
114900002,165,55,110
114900003,570,166,404
114900004,135,338,-203
114900005,283,127,156
114900006,32,94,-62
114900007,94,3,91
114900008,439,26,413
114900010,359,881,-522
114900011,315,37,278
114900013,246,35,211
114900015,44,355,-311
114900018,503,15,488
114900020,52,35,17
114900022,0,259,-259
114900024,83,90,-7
114900025,609,51,558
114900026,48,92,-44
114900027,160,79,81
114900029,22,16,6
114900030,254,51,203
114900031,377,5,372
114900032,519,7,512
114900033,191,1359,-1168
114900034,13,23,-10
114900035,24,93,-69
114900036,120,76,44
114900037,42,13,29
114900038,145,147,-2
114900039,495,57,438
114900040,134,29,105
114900041,915,21,894
114900042,813,78,735
114900043,388,36,352
114900044,90,34,56
114900046,6,37,-31
114900047,32,2086,-2054
114900048,29,150,-121
114900049,0,22,-22
114900050,19,65,-46
114900051,5,48,-43
114900052,8,97,-89
114900053,33,105,-72
114900054,5,29,-24
114900057,66,7,59
114900058,0,23,-23
114900059,148,48,100
114900060,84,186,-102
114900061,11,6,5
114900062,48,77,-29
114900063,51,10,41
114900064,1382,76,1306
114900065,247,428,-181
114900067,29,23,6
114900068,5,49,-44
114900069,87,38,49
114900070,504,77,427
114900072,5,33,-28
114900073,1,14,-13
114900074,1025,55,970
114900075,231,1,230
114900076,11,39,-28
114900080,270,60,210
114900082,956,1157,-201
114900083,45,139,-94
114900090,509,54,455
114900091,41,62,-21
114900095,32,27,5
114900096,12,84,-72
114900097,102,0,102
114900098,1,42,-41
114900099,245,39,206
115000001,1556,1110,446
115000002,2465,4371,-1906
115000003,1845,739,1106
115000004,3051,3848,-797
115000005,840,1137,-297
115000006,1092,626,466
115000007,39,180,-141
115000008,210,247,-37
115000009,138,97,41
115000010,136,131,5
115000013,1,58,-57
115000015,7,57,-50
115000016,47,196,-149
115000019,33,426,-393
115000020,38,652,-614
115000021,54,225,-171
115000022,161,109,52
115000023,312,323,-11
115000024,240,76,164
115000025,701,280,421
115000026,190,94,96
115000027,329,168,161
115000028,158,98,60
115000029,636,37,599
115000030,271,234,37
115000031,455,79,376
115000032,5,47,-42
115000033,57,14,43
115000034,48,237,-189
115000035,511,86,425
115000036,0,97,-97
115000037,614,77,537
115000038,43,119,-76
115000039,947,1869,-922
115000040,1581,1257,324
115000041,564,2433,-1869
115000042,273,308,-35
115000043,1928,1223,705
115000044,1629,1343,286
115000045,1465,465,1000
115000046,2402,1181,1221
115000047,2035,858,1177
115000048,1283,872,411
115000049,957,1154,-197
115000050,2016,659,1357
115000051,846,2620,-1774
115000052,500,806,-306
115000053,1682,1857,-175
115000054,465,490,-25
115000055,99,459,-360
115000056,226,156,70
115000057,398,793,-395
115000058,49,288,-239
115000059,97,256,-159
115000061,150,190,-40
115000062,210,319,-109
115000063,403,183,220
115000064,185,58,127
115000065,55,418,-363
115000067,142,15,127
115000069,91,191,-100
115000070,27,771,-744
115000071,73,20,53
115000072,13,26,-13
115000073,1141,59,1082
115000075,58,61,-3
115000076,1161,744,417
115000077,1242,550,692
115000078,1109,344,765
115000079,925,506,419
115000080,2415,657,1758
115000081,166,222,-56
115000082,3167,2211,956
115000083,1791,517,1274
115000084,2832,315,2517
115000085,719,259,460
115000086,832,246,586
115000087,400,816,-416
115000088,1073,285,788
115000089,1020,611,409
115000090,276,542,-266
115000091,162,266,-104
115000092,677,365,312
115000093,619,1,618
115000094,2489,5045,-2556
115000095,1504,4309,-2805
115000096,728,344,384
115000097,1510,951,559
115000098,1287,222,1065
115000099,1807,629,1178
115000100,1535,236,1299
115000101,359,344,15
115000102,421,122,299
115000103,204,331,-127
115000105,78,39,39
115000106,739,205,534
115000107,92,152,-60
115000108,826,659,167
115000109,1679,4020,-2341
115000110,626,1322,-696
115000111,167,342,-175
115000112,395,275,120
115000113,192,286,-94
115000114,326,160,166
115000116,1000,945,55
115000117,834,839,-5
115000118,828,766,62
115000119,590,835,-245
115000120,280,674,-394
115000121,310,298,12
115000122,356,899,-543
115000123,282,752,-470
115000124,382,584,-202
115000125,227,461,-234
115000126,77,315,-238
115000127,254,112,142
115000128,209,486,-277
115000129,151,389,-238
115000130,266,206,60
115000131,552,121,431
115000132,279,124,155
115000133,592,100,492
115000134,244,62,182
115000135,123,66,57
115000136,93,50,43
115000137,64,47,17
115000138,172,106,66
115000139,120,29,91
115000140,483,72,411
115000141,100,56,44
115000142,75,49,26
115000143,645,233,412
115000144,204,43,161
115000145,148,95,53
115000146,317,109,208
115000147,193,122,71
115000148,147,241,-94
115000149,445,176,269
115000150,318,120,198
115000151,849,182,667
115000152,448,211,237
115000153,960,224,736
115000154,775,147,628
115000155,397,228,169
115000156,331,323,8
115000157,138,181,-43
115000158,119,87,32
115000159,123,169,-46
115000160,233,307,-74
115000161,420,232,188
115000162,326,655,-329
115000163,176,207,-31
115000164,177,246,-69
115000165,120,288,-168
115000167,43,10,33
115000168,381,129,252
115000169,146,297,-151
115000170,28,185,-157
115000171,199,234,-35
115000172,510,586,-76
115000173,186,725,-539
115000174,39,253,-214
115000175,98,133,-35
115000176,12,92,-80
115000177,23,214,-191
115000178,2,181,-179
115000179,21,91,-70
115000180,77,192,-115
115000181,626,79,547
115000182,950,152,798
115000183,428,182,246
115000186,266,67,199
115000187,219,101,118
115000188,227,163,64
115000189,227,265,-38
115000190,380,312,68
115000191,146,327,-181
115000194,53,18,35
115000195,58,59,-1
115000196,207,28,179
115000197,149,77,72
115000198,515,23,492
115000199,451,56,395
115000200,351,35,316
115000201,157,83,74
115000206,565,21,544
115000207,117,51,66
115000208,95,263,-168
115000209,446,338,108
115000210,196,89,107
115000211,62,92,-30
115000212,511,285,226
115000224,220,7,213
115000225,66,14,52
115000229,118,66,52
115000230,38,150,-112
115000231,320,263,57
115000232,1906,234,1672
115000233,88,74,14
115000234,25,93,-68
115000241,44,56,-12
115000242,194,56,138
115000243,34,19,15
115000244,2,61,-59
115000246,25,11,14
115000247,2,4,-2
115000248,31,1,30
115000249,5,1,4
115000250,251,8,243
115000251,238,19,219
115000252,50,77,-27
115000253,3,274,-271
115000258,157,21,136
115000259,61,17,44
115000261,10,8,2
115000262,4,8,-4
115000263,2,10,-8
115000264,8,34,-26
115000267,25,14,11
115000268,13,45,-32
115000269,21,33,-12
115000270,3,19,-16
115000272,51,20,31
115000273,326,16,310
115000280,545,386,159
115000281,101,904,-803
115000282,389,1762,-1373
115000284,33,119,-86
115000296,159,3,156
115000297,34,446,-412
115000298,21,479,-458
115000300,104,108,-4
115000302,279,15,264
115000303,847,37,810
115000304,795,41,754
115000305,63,85,-22
115000306,286,49,237
115000307,174,109,65
115000308,7,6,1
115000309,6,65,-59
115000310,1328,231,1097
115000311,1053,393,660
115000313,48,99,-51
115000314,361,128,233
115000315,210,484,-274
115000316,18,99,-81
115000317,70,189,-119
115000318,869,179,690
115000319,73,78,-5
115000320,5,356,-351
115000321,378,25,353
115000322,51,83,-32
115000449,120,111,9
115000557,2,1761,-1759
115000558,46,51,-5
115000587,611,176,435
115000588,1054,1068,-14
115000589,2206,1433,773
115000590,326,679,-353
115000591,853,390,463
115000592,337,579,-242
115000593,1239,262,977
115000594,347,1181,-834
115000609,184,41,143
115000617,233,1778,-1545
115000624,346,9,337
115000633,355,827,-472
115000634,1772,365,1407
115000635,353,36,317
115000638,151,204,-53
115000641,36,121,-85
115000642,194,92,102
115000643,44,144,-100
115000644,85,116,-31
115000646,309,502,-193
115000647,80,179,-99
115000648,1741,370,1371
115000893,707,320,387
115000894,72,442,-370
115000895,116,390,-274
115000896,452,175,277
115000897,175,20,155
115000898,157,135,22
115000899,63,695,-632
115000900,8,111,-103
115000901,23,191,-168
115000912,251,55,196
115000913,0,2,-2
115000915,7,0,7
115000916,0,0,0
115000917,0,15,-15
115000918,15,621,-606
115000919,1,12,-11
115000920,1,19,-18
115000921,86,27,59
115000922,179,316,-137
115000923,30,741,-711
115000925,109,89,20
115000927,22,26,-4
115000933,24,198,-174
115000934,59,132,-73
115000935,108,18,90
115000936,5,564,-559
115000937,114,112,2
115000938,1,21,-20
115000939,6,40,-34
115900001,289,7,282
115900002,26,31,-5
115900003,207,18,189
115900004,0,8,-8
115900005,278,16,262
115900006,68,46,22
115900008,202,1,201
115900009,49,48,1
115900010,508,13,495
115900011,169,42,127
115900012,333,1,332
115900013,265,23,242
115900014,78,27,51
115900015,226,3,223
115900016,34,10,24
115900017,44,33,11
115900018,99,6,93
115900019,39,9,30
115900020,145,0,145
115900021,277,132,145
115900022,271,9,262
115900023,3,18,-15
115900025,14,50,-36
115900026,410,41,369
115900027,0,52,-52
115900028,89,23,66
115900029,10,70,-60
115900030,20,9,11
115900031,20,183,-163
115900032,92,171,-79
115900033,0,20,-20
115900034,16,51,-35
115900035,30,4,26
115900036,3,1088,-1085
115900037,3,67,-64
115900038,30,4,26
115900039,144,52,92
115900041,36,522,-486
115900042,68,3,65
115900043,102,23,79
115900044,49,265,-216
115900046,342,45,297
115900047,39,153,-114
115900049,137,83,54
115900051,2,15,-13
115900052,4,79,-75
115900053,191,19,172
115900054,339,15,324
115900055,21,32,-11
115900056,109,22,87
115900057,5,25,-20
115900058,13,28,-15
115900060,7,28,-21
115900061,267,0,267
115900062,33,47,-14
115900063,16,1,15
115900064,65,109,-44
115900065,98,16,82
115900066,31,27,4
115900067,23,69,-46
115900068,962,1413,-451
115900069,12,102,-90
115900070,105,14,91
115900071,1,149,-148
115900072,9,49,-40
115900073,148,94,54
115900074,0,63,-63
115900075,9,68,-59
115900076,0,23,-23
115900077,2,31,-29
115900078,12,89,-77
115900079,431,6,425
115900080,69,16,53
115900081,21,15,6
115900082,73,85,-12
115900084,629,8,621
115900085,7,18,-11
115900086,430,100,330
115900088,0,65,-65
115900089,370,129,241
115900090,567,4,563
115900091,0,3,-3
115900092,68,23,45
115900093,4,1,3
115900094,4,49,-45
115900096,0,3,-3
115900097,4,111,-107
115900098,249,55,194
115900099,81,97,-16
115900100,4,163,-159
115900101,150,40,110
115900102,114,42,72
115900103,218,30,188
115900104,70,39,31
115900105,199,90,109
115900106,68,1,67
115900107,67,20,47
115900108,148,1,147
115900109,4,149,-145
115900110,13,0,13
115900111,0,19,-19
115900112,29,182,-153
115900113,52,2,50
115900114,0,27,-27
115900115,90,25,65
115900116,41,168,-127
115900117,59,0,59
115900118,8,92,-84
115900119,135,41,94
115900120,18,56,-38
115900121,196,83,113
115900124,136,674,-538
115900125,359,55,304
115900126,798,12,786
115900127,730,15,715
115900128,0,112,-112
115900129,235,10,225
115900130,1,309,-308
115900131,368,5,363
115900132,443,0,443
115900134,273,3,270
115900135,252,349,-97
115900137,25,1,24
115900139,3,46,-43
115900140,483,25,458
115900141,0,5,-5
115900142,1,13,-12
115900143,183,74,109
115900144,107,61,46
115900146,4,33,-29
115900147,56,198,-142
115900148,9,6,3
115900149,93,5,88
115900150,128,8,120
115900151,27,30,-3
115900152,56,59,-3
115900153,90,47,43
115900154,72,128,-56
115900155,0,14,-14
115900156,255,280,-25
115900157,268,214,54
115900158,4,0,4
115900159,195,38,157
115900160,0,0,0
115900161,8,78,-70
115900163,204,75,129
115900164,732,11,721
115900165,2,155,-153
115900166,21,21,0
115900168,304,21,283
115900171,44,85,-41
115900172,44,27,17
115900173,115,52,63
115900174,73,79,-6
115900175,155,32,123
115900178,19,90,-71
115900179,344,14,330
115900180,28,54,-26
115900181,119,37,82
115900182,609,62,547
115900183,6,90,-84
115900184,87,3,84
115900187,3,165,-162
115900189,0,67,-67
115900190,109,317,-208
115900191,9,57,-48
115900192,13,54,-41
115900193,55,35,20
115900194,672,12,660
115900195,130,1866,-1736
115900198,145,83,62
115900199,224,43,181
115900200,95,44,51
115900201,113,165,-52
115900202,19,151,-132
115900203,1,2,-1
115900204,0,41,-41
115900205,2,1,1
115900206,412,18,394
115900207,34,2,32
115900208,120,15,105
115900209,16,31,-15
115900210,0,102,-102
115900211,0,10,-10
115900212,116,29,87
115900213,30,189,-159
115900214,381,40,341
115900215,16,164,-148
115900216,1,39,-38
115900217,22,7,15
115900218,0,5,-5
115900219,209,0,209
115900220,356,10,346
115900221,247,6,241
115900222,108,9,99
115900223,1,295,-294
115900224,260,1441,-1181
115900225,78,40,38
115900226,1,5,-4
115900227,8,7,1
115900228,1,2,-1
115900229,0,2,-2
115900230,39,21,18
115900231,125,1,124
115900232,25,0,25
115900233,121,3,118
115900234,31,36,-5
115900235,7,16,-9
115900236,6,93,-87
115900237,14,9,5
115900238,8,10,-2
115900239,15,17,-2
115900240,12,7,5
115900241,236,8,228
115900242,150,237,-87
115900243,2,4,-2
115900244,6,5,1
115900245,81,2,79
115900246,0,0,0
115900247,1,0,1
115900248,2,0,2
115900249,0,2,-2
115900250,35,19,16
115900251,7,0,7
115900252,1,0,1
115900253,5,1,4
115900254,7,8,-1
115900255,0,10,-10
115900256,22,21,1
115900257,1,10,-9
115900258,0,0,0
115900259,33,0,33
115900260,0,2,-2
115900261,2,7,-5
115900262,6,0,6
115900263,1,0,1
115900264,2,4,-2
115900265,7,0,7
115900266,26,7,19
115900267,0,0,0
115900268,0,2,-2
115900269,883,50,833
115900270,298,70,228
115900271,164,0,164
115900272,52,1,51
115900273,27,14,13
115900274,0,0,0
115900275,1,0,1
115900276,0,2,-2
115900277,0,13,-13
115900278,44,5,39
115900279,13,128,-115
115900280,10,484,-474
115900281,47,146,-99
115900282,9,27,-18
115900283,4,1,3
115900284,0,0,0
116000001,2289,878,1411
116000002,2483,10545,-8062
116000003,541,397,144
116000004,2843,4545,-1702
116000005,424,1240,-816
116000006,1272,2386,-1114
116000007,736,857,-121
116000008,2667,1476,1191
116000009,395,701,-306
116000010,2329,925,1404
116000011,333,608,-275
116000012,1274,567,707
116000013,2514,1306,1208
116000014,4866,12365,-7499
116000015,24,424,-400
116000016,1560,4376,-2816
116000017,34,282,-248
116000018,112,108,4
116000019,693,156,537
116000020,226,272,-46
116000021,486,106,380
116000022,340,134,206
116000023,832,679,153
116000024,401,246,155
116000025,477,340,137
116000026,649,1075,-426
116000027,206,340,-134
116000028,350,577,-227
116000029,295,182,113
116000030,413,444,-31
116000031,8,18,-10
116000032,219,25,194
116000033,633,129,504
116000034,492,370,122
116000035,139,88,51
116000036,67,349,-282
116000037,118,183,-65
116000038,51,277,-226
116000039,107,226,-119
116000040,259,374,-115
116000041,19,228,-209
116000042,446,259,187
116000043,47,194,-147
116000044,2,21,-19
116000045,818,634,184
116000046,650,538,112
116000047,984,1245,-261
116000048,1718,668,1050
116000049,1499,950,549
116000050,833,531,302
116000051,1905,840,1065
116000052,1600,1127,473
116000053,2097,275,1822
116000054,681,880,-199
116000055,395,281,114
116000056,1274,542,732
116000057,1131,211,920
116000058,1433,1558,-125
116000059,1217,3467,-2250
116000060,1083,584,499
116000061,121,1156,-1035
116000062,265,205,60
116000063,318,1044,-726
116000066,184,536,-352
116000067,116,185,-69
116000068,103,270,-167
116000069,164,115,49
116000078,335,677,-342
116000080,805,270,535
116000082,8,9,-1
116000083,1244,185,1059
116000084,744,868,-124
116000085,1070,1335,-265
116000086,502,228,274
116000087,2434,1221,1213
116000088,692,473,219
116000089,118,58,60
116000090,152,136,16
116000091,185,354,-169
116000093,640,144,496
116000094,795,267,528
116000095,560,218,342
116000096,1048,1431,-383
116000097,731,315,416
116000098,106,6019,-5913
116000099,3409,152,3257
116000100,178,10,168
116000101,1175,144,1031
116000102,250,264,-14
116000103,333,208,125
116000104,196,455,-259
116000105,1068,56,1012
116000106,350,769,-419
116000107,1832,192,1640
116000108,19,943,-924
116000111,152,33,119
116000113,131,10,121
116000114,5,52,-47
116000115,228,51,177
116000116,150,126,24
116000117,1257,673,584
116000118,852,415,437
116000119,3111,978,2133
116000120,1186,1238,-52
116000121,1027,257,770
116000122,498,327,171
116000123,1826,179,1647
116000124,295,222,73
116000125,2555,180,2375
116000126,140,229,-89
116000127,345,326,19
116000128,1881,246,1635
116000129,973,70,903
116000130,514,283,231
116000133,1475,99,1376
116000134,831,413,418
116000135,2451,498,1953
116000136,335,580,-245
116000137,951,368,583
116000138,362,131,231
116000139,1187,2058,-871
116000140,265,181,84
116000141,314,448,-134
116000142,3085,1502,1583
116000143,1860,1331,529
116000144,1646,1155,491
116000145,2266,813,1453
116000146,739,78,661
116000147,132,128,4
116000148,619,451,168
116000149,216,179,37
116000151,502,287,215
116000153,92,299,-207
116000155,142,281,-139
116000156,442,280,162
116000157,83,2,81
116000158,228,59,169
116000159,3,7,-4
116000160,35,26,9
116000161,10,44,-34
116000162,16,214,-198
116000163,37,3,34
116000164,7,1,6
116000177,48,675,-627
116000194,56,160,-104
116000195,1096,191,905
116000196,65,6,59
116000197,34,28,6
116000198,970,587,383
116000200,254,541,-287
116000201,475,149,326
116000202,7,105,-98
116000203,0,13,-13
116000204,0,7,-7
116000205,0,58,-58
116000206,0,86,-86
116000207,11,57,-46
116000233,40,130,-90
116000287,180,69,111
116000288,264,130,134
116000292,63,42,21
116000296,5,102,-97
116000297,110,6,104
116000304,326,9,317
116000305,2,42,-40
116000346,324,70,254
116000352,153,30,123
116000354,32,11,21
116000357,4,5,-1
116000358,406,174,232
116000361,22,0,22
116000372,1643,3853,-2210
116000381,186,11,175
116000388,4,11,-7
116000389,555,153,402
116000445,894,97,797
116000446,636,54,582
116000447,11,342,-331
116000448,247,53,194
116000563,423,555,-132
116000565,60,100,-40
116000566,1,7,-6
116000568,39,376,-337
116000579,33,104,-71
116000584,22,2,20
116000585,29,23,6
116000586,28,55,-27
116000587,347,214,133
116000589,54,85,-31
116000590,120,40,80
116000591,232,60,172
116000592,6,10,-4
116000593,0,22,-22
116000594,1033,137,896
116000595,671,19,652
116000596,203,3,200
116000597,693,186,507
116000598,57,93,-36
116000602,11,491,-480
116000605,146,64,82
116000606,80,251,-171
116000607,3,49,-46
116000609,36,979,-943
116000611,261,92,169
116000612,1463,2185,-722
116000613,611,198,413
116000614,420,121,299
116000615,0,0,0
116000616,82,34,48
116000617,133,12,121
116000618,0,31,-31
116000619,17,63,-46
116000620,290,127,163
116000621,81,79,2
116000622,119,49,70
116000624,88,167,-79
116000627,140,15,125
116000628,76,124,-48
116000629,46,197,-151
116000630,660,8,652
116000631,249,9,240
116000632,991,48,943
116000633,25,146,-121
116000634,1007,0,1007
116000635,951,918,33
116000636,94,581,-487
116000637,520,2,518
116000638,8,436,-428
116900001,77,44,33
116900002,118,1,117
116900003,50,10,40
116900004,32,76,-44
116900005,285,9,276
116900006,60,147,-87
116900007,29,32,-3
116900008,529,50,479
116900009,2,24,-22
116900010,0,214,-214
116900011,1,31,-30
116900012,40,57,-17
116900013,5,34,-29
116900014,213,28,185
116900015,564,30,534
116900016,273,5,268
116900017,1,232,-231
116900018,82,36,46
116900019,1,53,-52
116900020,804,1649,-845
116900023,34,3,31
116900024,677,15,662
116900025,1385,215,1170
116900026,42,190,-148
116900027,28,18,10
116900028,0,6,-6
116900029,0,157,-157
116900031,0,0,0
116900032,0,82,-82
116900033,4,3,1
116900034,22,6,16
116900035,108,64,44
116900036,5,32,-27
116900038,32,0,32
116900041,123,1,122
116900042,54,76,-22
116900043,20,28,-8
116900047,9,255,-246
116900049,6,42,-36
116900050,57,37,20
116900051,386,5,381
116900052,73,34,39
116900055,0,6,-6
116900057,31,18,13
116900058,12,82,-70
116900059,0,5,-5
116900060,48,111,-63
116900062,3,34,-31
116900064,6,72,-66
116900065,0,39,-39
116900067,26,7,19
116900068,109,129,-20
116900070,7,0,7
116900072,13,61,-48
116900073,3,33,-30
116900074,2,8,-6
116900076,19,23,-4
116900077,4,41,-37
116900078,71,36,35
116900079,6,94,-88
116900080,1,2,-1
116900081,69,238,-169
116900082,61,449,-388
116900083,11,3,8
116900084,18,5,13
116900085,0,51,-51
116900086,13,194,-181
116900088,45,2,43
116900090,3,5,-2
116900091,368,20,348
116900092,45,118,-73
116900093,722,737,-15
116900094,1802,3694,-1892
116900095,218,35,183
116900096,227,216,11
116900097,662,2245,-1583
116900098,123,56,67
116900099,83,318,-235
116900100,890,48,842
116900101,91,155,-64
116900103,0,0,0
116900104,6,269,-263
116900105,350,185,165
116900106,2801,27,2774
116900107,828,2828,-2000
116900110,0,0,0
116900111,634,235,399
116900112,298,192,106
116900113,538,1651,-1113
116900116,6,114,-108
116900117,150,28,122
116900118,294,652,-358
116900120,421,21,400
116900121,125,23,102
116900122,1242,126,1116
116900123,233,161,72
116900124,52,159,-107
116900125,389,75,314
116900126,29,402,-373
116900128,0,4,-4
116900129,0,67,-67
116900130,213,3415,-3202
116900131,21,98,-77
116900132,60,51,9
116900133,62,52,10
116900134,153,127,26
116900136,165,40,125
116900137,118,13,105
116900138,98,16,82
116900139,9,52,-43
116900140,69,43,26
116900141,244,38,206
116900142,1,8,-7
116900143,180,68,112
116900144,17,1,16
116900145,23,57,-34
116900147,25,225,-200
116900148,0,0,0
116900149,70,126,-56
116900150,2,0,2
116900151,4,1,3
116900153,110,40,70
116900154,67,249,-182
116900155,42,46,-4
116900157,950,21,929
116900158,154,240,-86
116900159,31,178,-147
116900160,565,343,222
116900161,1477,6217,-4740
116900162,6,35,-29
116900163,329,12,317
116900164,91,15,76
116900165,509,183,326
116900166,131,29,102
116900167,444,5,439
116900168,395,5,390
116900169,50,166,-116
116900170,547,178,369
116900171,92,104,-12
116900172,56,367,-311
116900173,474,16,458
116900174,60,140,-80
116900175,221,86,135
116900178,41,44,-3
116900179,16,358,-342
116900180,78,5,73
116900182,352,85,267
116900183,194,26,168
116900185,24,15,9
116900186,81,95,-14
116900187,38,35,3
116900188,110,13,97
116900189,148,4,144
116900191,103,89,14
116900192,266,68,198
116900194,14,622,-608
116900195,52,2,50
116900196,7,46,-39
116900197,140,1,139
116900198,28,391,-363
116900200,120,2,118
116900201,305,6,299
116900202,46,11,35
116900203,105,0,105
116900204,66,210,-144
116900206,1,1,0
116900207,17,9,8
116900208,8,29,-21
116900209,25,25,0
116900210,131,53,78
116900211,246,4,242
116900212,96,3,93
116900213,99,12,87
116900214,192,77,115
116900215,23,12,11
116900216,104,42,62
116900218,0,103,-103
116900219,202,102,100
116900220,44,128,-84
116900221,115,226,-111
116900222,152,101,51
116900223,27,45,-18
116900226,194,5,189
116900227,273,14,259
116900228,270,38,232
116900230,42,84,-42
116900231,88,103,-15
116900232,35,91,-56
116900233,248,43,205
116900234,43,3,40
116900235,45,47,-2
116900238,276,49,227
116900239,39,1325,-1286
116900240,1945,2689,-744
116900241,102,73,29
116900242,332,600,-268
116900243,1,16,-15
116900245,26,37,-11
116900246,107,10,97
116900247,987,13,974
116900248,101,4,97
116900249,537,64,473
116900250,330,15,315
116900251,172,697,-525
116900252,141,183,-42
116900253,79,45,34
116900254,41,40,1
116900255,114,121,-7
116900256,424,105,319
116900257,36,46,-10
116900258,2,12,-10
116900259,233,7,226
116900260,4,16,-12
116900261,64,1,63
116900262,81,90,-9
116900263,1,0,1
116900264,0,1,-1
116900265,19,0,19
116900266,5,2,3
116900267,0,0,0
116900268,3,99,-96
116900269,182,408,-226
116900271,262,439,-177
116900272,205,115,90
116900273,27,38,-11
116900274,123,38,85
116900275,136,46,90
116900276,310,207,103
116900277,97,5,92
116900278,1,1,0
116900279,3,1,2
116900280,2,2,0
116900281,1457,4384,-2927
116900282,0,13,-13
116900283,11,13,-2
116900284,29,60,-31
116900285,25,248,-223
116900286,38,2,36
116900287,3,3,0
116900288,241,41,200
116900289,17,0,17
116900290,18,0,18
116900291,20,2,18
116900292,0,37,-37
116900293,62,1,61
116900294,7,18,-11
116900295,36,69,-33
116900296,27,39,-12
116900297,0,10,-10
116900298,22,79,-57
116900299,3,199,-196
116900300,1,31,-30
116900301,37,23,14
116900302,6,39,-33
116900303,52,33,19
116900304,0,64,-64
116900305,1,4,-3
116900306,231,197,34
117000001,2357,1480,877
117000002,1162,1537,-375
117000003,3674,1423,2251
117000004,1413,1677,-264
117000005,2348,852,1496
117000006,701,1373,-672
117000007,4209,886,3323
117000008,674,1426,-752
117000009,2557,963,1594
117000010,765,909,-144
117000011,2369,611,1758
117000012,1270,421,849
117000013,1754,439,1315
117000014,1094,1626,-532
117000015,1668,1072,596
117000016,138,197,-59
117000017,63,332,-269
117000018,34,1094,-1060
117000019,22,16,6
117000020,182,2608,-2426
117000021,950,170,780
117000022,98,243,-145
117000023,88,84,4
117000024,86,182,-96
117000025,141,1448,-1307
117000026,793,1457,-664
117000027,299,1053,-754
117000028,278,492,-214
117000030,168,249,-81
117000031,268,96,172
117000032,747,1141,-394
117000033,1041,463,578
117000034,155,201,-46
117000035,246,155,91
117000036,212,182,30
117000037,199,102,97
117000038,84,260,-176
117000039,106,153,-47
117000040,51,322,-271
117000041,1176,26,1150
117000044,2,194,-192
117000045,494,198,296
117000046,207,552,-345
117000047,410,631,-221
117000048,626,443,183
117000049,27,180,-153
117000050,216,644,-428
117000051,2562,43,2519
117000052,85,158,-73
117000053,1207,13,1194
117000054,1270,8,1262
117000055,1,565,-564
117000056,516,27,489
117000057,343,716,-373
117000060,268,710,-442
117000061,1778,813,965
117000062,156,400,-244
117000063,906,574,332
117000064,219,197,22
117000066,263,412,-149
117000067,61,432,-371
117000074,13,101,-88
117000076,7,9,-2
117000077,49,40,9
117000078,170,196,-26
117000079,134,40,94
117000080,1,234,-233
117000081,326,40,286
117000082,23,36,-13
117000083,48,5,43
117000084,120,24,96
117000085,322,354,-32
117000086,432,135,297
117000087,64,298,-234
117000088,301,82,219
117000089,2097,149,1948
117000090,277,424,-147
117000091,1309,69,1240
117000092,357,366,-9
117000093,1813,131,1682
117000094,446,670,-224
117000095,2784,156,2628
117000096,360,646,-286
117000097,1631,438,1193
117000098,875,1147,-272
117000099,4613,433,4180
117000100,238,203,35
117000101,77,288,-211
117000102,1788,235,1553
117000103,259,450,-191
117000104,1638,176,1462
117000105,256,576,-320
117000106,1837,168,1669
117000107,251,523,-272
117000108,2309,629,1680
117000109,520,1026,-506
117000110,1624,1308,316
117000111,2711,2676,35
117000112,2887,869,2018
117000113,53,65,-12
117000114,272,68,204
117000115,44,22,22
117000116,220,67,153
117000117,850,482,368
117000118,225,297,-72
117000119,55,275,-220
117000120,8,266,-258
117000121,6,348,-342
117000122,216,622,-406
117000123,424,88,336
117000124,37,36,1
117000125,17,111,-94
117000126,21,5,16
117000127,158,114,44
117000128,39,168,-129
117000129,86,418,-332
117000130,74,0,74
117000131,0,30,-30
117000132,2546,64,2482
117000133,3108,22,3086
117000134,0,0,0
117000135,0,34,-34
117000136,0,5,-5
117000137,264,44,220
117000138,0,0,0
117000140,247,399,-152
117000141,1970,158,1812
117000181,77,29,48
117000182,817,1096,-279
117000195,99,250,-151
117000196,461,118,343
117000225,6,48,-42
117000226,1,53,-52
117000276,436,26,410
117000277,0,144,-144
117000310,622,2044,-1422
117000315,5,328,-323
117000320,25,0,25
117000906,759,27,732
117000907,4,68,-64
117000908,5,124,-119
117000909,13,46,-33
117000910,221,117,104
117000911,22,75,-53
117000915,2,161,-159
117000916,34,3,31
117000917,1403,14,1389
117000918,97,51,46
117000919,1,16,-15
117000920,1,401,-400
117000921,0,383,-383
117000922,6,17,-11
117000924,796,559,237
117000926,380,180,200
117000927,218,310,-92
117000928,0,9,-9
117000929,338,62,276
117000930,502,2,500
117000931,89,72,17
117900002,46,382,-336
117900003,48,16,32
117900005,0,39,-39
117900006,0,43,-43
117900007,73,50,23
117900008,0,7,-7
117900010,331,130,201
117900011,1,141,-140
117900012,49,21,28
117900013,0,72,-72
117900014,405,89,316
117900015,7,97,-90
117900016,418,1047,-629
117900017,517,389,128
117900018,149,148,1
117900019,671,216,455
117900020,48,114,-66
117900021,17,30,-13
117900022,9,4,5
117900023,522,25,497
117900024,46,44,2
117900025,8,1,7
117900026,475,105,370
117900028,4,1,3
117900029,203,242,-39
117900030,165,246,-81
117900031,109,89,20
117900032,996,250,746
117900033,403,240,163
117900034,26,17,9
117900035,231,64,167
117900036,284,158,126
117900037,257,29,228
117900038,75,63,12
117900039,0,10,-10
117900040,78,48,30
117900041,0,25,-25
117900042,999,238,761
117900043,1,19,-18
117900044,28,2656,-2628
117900045,171,59,112
117900048,251,74,177
117900049,258,182,76
117900050,1,127,-126
117900051,12,11,1
117900052,20,703,-683
117900053,1757,98,1659
117900054,0,16,-16
117900055,245,73,172
117900056,30,30,0
117900057,379,482,-103
117900058,16,25,-9
117900059,38,69,-31
117900060,1967,862,1105
117900061,1,198,-197
117900063,358,186,172
117900065,198,416,-218
117900066,8,156,-148
117900067,561,80,481
117900069,608,98,510
117900070,27,229,-202
117900071,139,71,68
117900073,601,82,519
117900074,20,145,-125
117900075,136,21,115
117900076,8,34,-26
117900077,580,36,544
117900078,414,255,159
117900080,147,20,127
117900081,188,94,94
117900082,647,227,420
117900083,749,108,641
117900086,135,60,75
117900087,176,10,166
117900088,335,307,28
117900089,2099,310,1789
117900090,290,983,-693
117900091,283,28,255
117900092,139,33,106
117900093,171,2,169
117900094,42,47,-5
117900095,298,1232,-934
117900096,122,220,-98
117900097,199,49,150
117900098,136,5,131
117900099,210,768,-558
117900100,520,3,517
117900101,720,2054,-1334
117900102,97,19,78
117900103,69,2,67
117900104,7,231,-224
117900105,65,65,0
117900106,68,12,56
117900107,64,0,64
117900109,928,515,413
117900110,157,1,156
117900111,765,69,696
117900112,40,0,40
117900113,577,1937,-1360
117900114,55,0,55
117900115,26,55,-29
117900116,485,246,239
117900117,628,198,430
117900118,153,0,153
117900119,346,14,332
117900120,334,2,332
117900121,106,19,87
117900122,262,4553,-4291
117900123,592,320,272
117900124,157,226,-69
117900125,1098,537,561
117900126,65,137,-72
117900127,341,85,256
117900128,314,172,142
117900129,75,0,75
117900130,497,150,347
117900131,2,9,-7
117900132,0,3,-3
117900133,16,18,-2
117900134,31,239,-208
117900135,21,48,-27
117900136,0,5,-5
117900137,5,40,-35
117900138,0,4,-4
117900139,37,15,22
117900140,3907,450,3457
117900141,24,107,-83
117900142,17,167,-150
117900144,8,102,-94
117900145,0,50,-50
117900146,27,210,-183
117900147,82,79,3
117900148,953,1576,-623
117900149,46,28,18
117900150,58,46,12
117900151,19,42,-23
117900152,10,47,-37
117900153,20,95,-75
117900154,370,239,131
117900156,296,246,50
117900157,102,136,-34
117900158,282,29,253
117900160,880,390,490
117900161,560,404,156
117900162,469,249,220
117900163,18,292,-274
117900165,7,7,0
117900166,3,81,-78
117900168,111,62,49
117900169,0,24,-24
117900170,0,16,-16
117900171,0,1,-1
117900172,2,13,-11
117900173,60,23,37
117900174,8,22,-14
117900175,3,11,-8
117900176,10,16,-6
117900177,5,2,3
117900178,38,5,33
117900180,100,27,73
117900181,9,618,-609
117900182,0,83,-83
117900183,157,107,50
117900184,52,10,42
117900185,74,1,73
117900186,64,2,62
117900187,21,1,20
117900188,115,2,113
117900189,44,13,31
117900190,33,0,33
117900191,115,1,114
117900192,128,0,128
117900193,19,39,-20
117900194,19,0,19
117900195,8,18,-10
117900196,4,15,-11
117900207,31,99,-68
117900208,24,23,1
117900209,124,75,49
117900210,41,42,-1
117900211,0,53,-53
117900212,67,78,-11
117900213,23,0,23
117900214,2,1,1
117900215,38,45,-7
117900216,5,11,-6
117900217,22,28,-6
117900218,22,44,-22
117900219,0,86,-86
117900220,0,42,-42
117900222,80,44,36
117900223,44,222,-178
118000001,420,856,-436
118000002,402,926,-524
118000003,1003,2093,-1090
118000004,831,1113,-282
118000005,1820,2010,-190
118000006,882,2299,-1417
118000007,3180,5836,-2656
118000008,732,3719,-2987
118000009,917,1939,-1022
118000010,1489,2055,-566
118000011,1484,629,855
118000012,516,690,-174
118000013,919,1097,-178
118000014,790,778,12
118000016,122,132,-10
118000017,386,245,141
118000018,147,109,38
118000019,619,1227,-608
118000020,270,1376,-1106
118000021,228,1604,-1376
118000022,672,398,274
118000023,238,200,38
118000024,421,461,-40
118000027,3783,4379,-596
118000029,397,801,-404
118000032,119,1208,-1089
118000033,1115,2312,-1197
118000034,1281,1322,-41
118000035,1027,1064,-37
118000036,478,377,101
118000037,335,683,-348
118000038,297,30,267
118000039,41,65,-24
118000040,1085,689,396
118000041,1360,823,537
118000045,53,190,-137
118000046,222,604,-382
118000047,235,761,-526
118000048,495,1232,-737
118000051,1088,1874,-786
118000052,550,1030,-480
118000053,152,833,-681
118000054,1621,848,773
118000055,981,879,102
118000056,61,249,-188
118000057,98,273,-175
118000058,832,2343,-1511
118000059,380,1838,-1458
118000060,719,256,463
118000061,742,682,60
118000062,245,113,132
118000063,187,703,-516
118000064,272,651,-379
118000065,1028,635,393
118000066,576,1528,-952
118000067,276,428,-152
118000068,378,5500,-5122
118000069,559,724,-165
118000070,1717,1368,349
118000071,1469,5813,-4344
118000072,399,2449,-2050
118000073,293,1279,-986
118000074,328,683,-355
118000075,460,846,-386
118000076,880,3354,-2474
118000077,587,541,46
118000078,1324,1457,-133
118000079,53,289,-236
118000080,206,235,-29
118000081,750,698,52
118000082,135,582,-447
118000083,570,871,-301
118000084,617,1055,-438
118000086,230,324,-94
118000087,1707,1397,310
118000088,772,734,38
118000089,1766,1797,-31
118000090,634,1717,-1083
118000091,540,2444,-1904
118000092,310,259,51
118000093,45,420,-375
118000096,327,385,-58
118000097,213,244,-31
118000098,164,56,108
118000099,368,122,246
118000101,1227,171,1056
118000102,283,363,-80
118000107,523,133,390
118000108,175,2448,-2273
118000110,0,7,-7
118000111,0,53,-53
118000112,799,1,798
118000113,2,101,-99
118000114,600,6,594
118000115,2,7,-5
118000116,6,2,4
118000117,329,341,-12
118000118,703,707,-4
118000119,675,812,-137
118000120,586,438,148
118000121,4,91,-87
118000122,159,84,75
118000123,50,138,-88
118000125,379,580,-201
118000126,392,1146,-754
118000127,520,504,16
118000128,156,978,-822
118000129,586,391,195
118000130,931,1591,-660
118000131,193,289,-96
118000132,2049,1704,345
118000133,892,424,468
118000135,356,408,-52
118000136,49,221,-172
118000137,151,57,94
118000138,311,142,169
118000139,286,64,222
118000140,1805,5782,-3977
118000141,2273,1080,1193
118000142,1813,1049,764
118000143,2504,858,1646
118000144,459,193,266
118000145,626,419,207
118000146,809,209,600
118000147,582,521,61
118000148,629,1164,-535
118000149,529,215,314
118000150,633,97,536
118000151,753,109,644
118000153,1468,411,1057
118000154,1044,727,317
118000155,1826,557,1269
118000156,1047,2191,-1144
118000157,353,145,208
118000158,104,396,-292
118000159,94,147,-53
118000160,526,243,283
118000161,433,215,218
118000162,906,753,153
118000163,794,778,16
118000164,1345,1331,14
118000168,337,596,-259
118000169,438,459,-21
118000170,1359,1466,-107
118000171,275,267,8
118000172,72,146,-74
118000173,401,962,-561
118000175,150,123,27
118000176,280,211,69
118000177,231,280,-49
118000178,8,28,-20
118000179,587,397,190
118000180,397,280,117
118000181,370,111,259
118000182,205,78,127
118000183,163,110,53
118000184,1058,279,779
118000185,317,886,-569
118000186,130,708,-578
118000187,1463,187,1276
118000188,781,16,765
118000189,739,64,675
118000190,0,4,-4
118000191,5,3,2
118000192,4,73,-69
118000193,7,184,-177
118000194,735,697,38
118000195,120,806,-686
118000196,27,171,-144
118000197,27,586,-559
118000198,188,1359,-1171
118000199,165,1085,-920
118000200,31,173,-142
118000201,90,309,-219
118000202,16,73,-57
118000203,62,882,-820
118000204,10,220,-210
118000205,34,83,-49
118000206,189,86,103
118000207,0,44,-44
118000208,1032,988,44
118000209,1627,514,1113
118000210,180,14,166
118000211,102,43,59
118000213,243,1623,-1380
118000214,106,205,-99
118000215,304,33,271
118000216,3397,752,2645
118000217,11,24,-13
118000218,75,16,59
118000219,191,124,67
118000220,2,12,-10
118000221,549,433,116
118000222,54,1,53
118000223,23,9,14
118000224,86,26,60
118000225,67,240,-173
118000226,743,43,700
118000227,172,133,39
118000228,14,99,-85
118000229,12,90,-78
118000230,69,41,28
118000231,42,54,-12
118000232,462,116,346
118000233,840,275,565
118000234,302,46,256
118000236,184,95,89
118000237,122,114,8
118000238,241,46,195
118000239,291,88,203
118000240,45,95,-50
118000241,126,44,82
118000242,364,60,304
118000243,156,64,92
118000244,42,16,26
118000246,0,4,-4
118000255,25,140,-115
118000256,85,143,-58
118000259,5,83,-78
118000260,162,46,116
118000261,23,6,17
118000263,85,88,-3
118000266,60,87,-27
118000267,0,86,-86
118000268,116,35,81
118000270,90,4,86
118000271,172,44,128
118000272,83,1,82
118000273,192,17,175
118000274,34,66,-32
118000276,266,78,188
118000295,19,54,-35
118000298,123,73,50
118000299,43,80,-37
118000301,0,27,-27
118000302,29,17,12
118000311,916,24,892
118000312,363,40,323
118000313,57,27,30
118000314,170,11,159
118000315,53,6,47
118000316,852,126,726
118000325,81,4,77
118000326,18,21,-3
118000331,55,1,54
118000332,29,2,27
118000333,56,3,53
118000335,617,1,616
118000336,1,57,-56
118000407,291,49,242
118000457,0,26,-26
118000465,382,1478,-1096
118000480,29,24,5
118000489,1,378,-377
118000490,4,91,-87
118000492,488,30,458
118000510,16,2,14
118000514,4,114,-110
118000515,387,648,-261
118000517,143,101,42
118000524,121,212,-91
118000525,174,266,-92
118000530,32,87,-55
118000531,376,101,275
118000532,79,130,-51
118000533,121,44,77
118000534,280,141,139
118000535,348,19,329
118000536,52,248,-196
118000537,44,26,18
118000538,14,26,-12
118000539,4,52,-48
118000540,145,43,102
118000541,36,49,-13
118000542,50,141,-91
118000543,152,115,37
118000546,14,6,8
118000560,315,1335,-1020
118000562,59,16,43
118000563,972,642,330
118000576,100,25,75
118000577,71,48,23
118000578,56,12,44
118000579,207,910,-703
118000595,205,41,164
118000596,0,39,-39
118000597,61,45,16
118000598,4,0,4
118000599,194,28,166
118000600,0,38,-38
118000601,4,0,4
118000602,1,8,-7
118000603,0,2,-2
118900001,219,298,-79
118900002,293,384,-91
118900003,423,4,419
118900004,79,11,68
118900005,27,2,25
118900006,77,1,76
118900007,2,0,2
118900008,363,17,346
118900009,79,97,-18
118900010,80,5,75
118900011,75,4,71
118900012,169,60,109
118900013,197,234,-37
118900015,264,10,254
118900016,3,4,-1
118900017,5,51,-46
118900018,489,47,442
118900019,1,5,-4
118900020,10,26,-16
118900021,72,158,-86
118900022,77,9,68
118900023,14,39,-25
118900024,50,33,17
118900025,6,38,-32
118900026,10,7,3
118900027,234,71,163
118900028,123,29,94
118900029,135,66,69
118900030,643,12,631
118900031,57,12,45
118900032,97,14,83
118900033,233,263,-30
118900034,150,18,132
118900035,47,32,15
118900036,913,177,736
118900037,144,225,-81
118900038,402,32,370
118900039,470,58,412
118900040,151,39,112
118900041,372,123,249
118900042,58,28,30
118900045,89,119,-30
118900046,240,244,-4
118900047,190,275,-85
118900048,24,169,-145
118900049,11,6,5
118900050,22,3,19
118900051,26,52,-26
118900052,60,280,-220
118900053,4,37,-33
118900054,123,43,80
118900055,153,27,126
118900056,11,69,-58
118900057,556,244,312
118900058,170,181,-11
118900059,1,18,-17
118900060,87,44,43
118900062,99,41,58
118900064,77,296,-219
118900065,20,80,-60
118900066,41,6,35
118900067,1325,3431,-2106
118900068,1,92,-91
118900069,595,30,565
118900071,0,5,-5
118900072,147,170,-23
118900073,183,32,151
118900074,85,10,75
118900075,19,17,2
118900076,119,9,110
118900077,207,76,131
118900078,9,0,9
118900079,25,21,4
118900080,45,12,33
118900081,13,9,4
118900082,1079,92,987
118900083,5,2,3
118900084,3,3,0
118900085,282,107,175
118900086,20,29,-9
118900087,47,439,-392
118900088,0,0,0
118900089,3,13,-10
118900090,131,30,101
118900091,174,48,126
118900092,195,5,190
118900093,7,4,3
118900096,2,3,-1
118900097,143,188,-45
118900099,31,80,-49
118900100,26,29,-3
118900101,173,157,16
118900102,19,20,-1
118900103,8,72,-64
118900104,188,53,135
118900105,96,20,76
118900107,72,31,41
118900108,39,57,-18
118900110,381,599,-218
118900111,234,114,120
118900112,95,67,28
118900113,42,76,-34
118900114,0,25,-25
118900115,38,127,-89
118900116,70,40,30
118900117,87,34,53
118900118,228,133,95
118900119,51,106,-55
118900120,14,88,-74
118900121,4,227,-223
118900122,2,379,-377
118900123,25,40,-15
118900124,48,48,0
118900126,6,103,-97
118900129,156,43,113
118900130,1,32,-31
118900131,164,77,87
118900132,135,31,104
118900133,1,36,-35
118900135,106,66,40
118900136,197,84,113
118900137,2,12,-10
118900139,86,78,8
118900140,287,189,98
118900141,37,25,12
118900144,68,135,-67
118900145,0,34,-34
118900146,165,162,3
118900147,18,92,-74
118900148,36,22,14
118900150,35,262,-227
118900152,247,204,43
118900157,10,23,-13
118900158,47,7,40
118900159,1,53,-52
118900161,25,36,-11
118900163,6,17,-11
118900164,0,8,-8
118900165,39,33,6
118900166,12,3,9
118900167,26,61,-35
118900168,22,18,4
118900169,112,81,31
118900170,293,17,276
118900171,39,4,35
118900174,32,3,29
118900175,406,112,294
118900176,127,105,22
118900177,133,6,127
118900178,28,32,-4
118900179,0,11,-11
118900181,49,2,47
118900182,21,26,-5
118900183,0,77,-77
118900184,94,1,93
118900185,68,22,46
118900186,71,48,23
118900187,86,128,-42
118900188,118,98,20
118900189,6,298,-292
118900190,12,48,-36
118900191,259,3,256
118900192,291,3,288
118900193,1038,2,1036
118900195,91,124,-33
118900196,7,32,-25
118900197,290,1,289
118900198,18,13,5
118900199,82,10,72
118900200,27,23,4
118900201,6,21,-15
118900202,0,7,-7
118900203,18,1,17
118900204,5,1,4
118900205,0,4,-4
118900206,1,9,-8
119000001,1172,717,455
119000002,2471,1574,897
119000003,2560,422,2138
119000004,1966,1064,902
119000005,1575,1437,138
119000006,2240,908,1332
119000007,3083,2522,561
119000008,971,729,242
119000009,1937,4065,-2128
119000010,2618,2823,-205
119000011,1947,1683,264
119000012,764,1763,-999
119000013,2831,1827,1004
119000014,929,1529,-600
119000019,141,109,32
119000020,1949,1221,728
119000021,3723,2599,1124
119000022,674,2116,-1442
119000023,159,161,-2
119000024,1241,11428,-10187
119000025,1779,593,1186
119000026,9,588,-579
119000027,56,255,-199
119000028,1137,297,840
119000029,75,136,-61
119000030,335,404,-69
119000031,591,403,188
119000032,746,882,-136
119000033,1446,548,898
119000034,806,276,530
119000035,16,78,-62
119000036,1761,184,1577
119000037,1096,386,710
119000038,145,271,-126
119000039,558,277,281
119000040,200,506,-306
119000041,525,1050,-525
119000048,1225,789,436
119000049,1373,807,566
119000050,533,765,-232
119000051,1219,549,670
119000052,942,930,12
119000053,1267,466,801
119000054,1955,594,1361
119000055,3848,777,3071
119000056,3045,792,2253
119000057,963,463,500
119000058,739,456,283
119000059,575,363,212
119000060,1139,322,817
119000061,369,267,102
119000062,778,349,429
119000063,517,272,245
119000064,232,320,-88
119000065,548,1092,-544
119000066,1396,571,825
119000067,966,589,377
119000068,1142,309,833
119000069,1259,544,715
119000070,2125,260,1865
119000071,270,147,123
119000072,1956,1099,857
119000073,2808,5033,-2225
119000074,1306,538,768
119000075,3473,945,2528
119000076,113,270,-157
119000077,442,193,249
119000078,273,112,161
119000079,123,421,-298
119000080,376,74,302
119000081,203,210,-7
119000082,469,71,398
119000083,362,122,240
119000084,212,124,88
119000085,444,50,394
119000086,292,136,156
119000087,327,166,161
119000088,253,31,222
119000089,77,82,-5
119000090,36,51,-15
119000091,38,185,-147
119000092,90,120,-30
119000093,1636,1071,565
119000094,3156,2278,878
119000095,1731,1393,338
119000097,550,510,40
119000098,632,3117,-2485
119000099,950,478,472
119000100,3293,1537,1756
119000101,1981,949,1032
119000102,124,1002,-878
119000103,560,261,299
119000104,478,285,193
119000105,586,1708,-1122
119000106,271,259,12
119000107,1041,347,694
119000108,432,371,61
119000109,70,190,-120
119000110,125,130,-5
119000111,37,220,-183
119000112,127,36,91
119000113,410,104,306
119000114,472,742,-270
119000115,26,88,-62
119000116,36,65,-29
119000117,34,154,-120
119000118,20,0,20
119000123,770,1372,-602
119000124,655,121,534
119000125,3571,279,3292
119000126,908,213,695
119000127,703,88,615
119000128,29,0,29
119000131,914,135,779
119000132,1,1,0
119000133,0,15,-15
119000134,496,339,157
119000135,195,74,121
119000136,258,49,209
119000137,310,80,230
119000138,723,34,689
119000139,84,34,50
119000140,170,148,22
119000284,401,978,-577
119000285,686,489,197
119000286,1822,1257,565
119000287,907,720,187
119000288,1156,300,856
119000289,604,556,48
119000290,182,144,38
119000291,3,167,-164
119000293,95,152,-57
119000294,9,43,-34
119000295,629,188,441
119000296,248,85,163
119000302,738,774,-36
119000303,15,67,-52
119000314,897,8523,-7626
119000315,1,77,-76
119000316,104,22,82
119000317,75,66,9
119900001,65,424,-359
119900002,127,38,89
119900003,2,128,-126
119900004,34,1497,-1463
119900005,168,17,151
119900006,81,159,-78
119900007,290,147,143
119900008,33,47,-14
119900009,178,79,99
119900010,394,238,156
119900011,15,327,-312
119900012,3,108,-105
119900013,1057,801,256
119900014,311,69,242
119900015,238,13,225
119900016,23,11,12
119900017,35,21,14
119900018,529,1047,-518
119900019,38,4,34
119900020,72,53,19
119900021,31,4,27
119900022,52,834,-782
119900023,165,1579,-1414
119900025,323,3,320
119900026,148,64,84
119900027,3,20,-17
119900028,135,143,-8
119900029,0,1,-1
119900030,293,123,170
119900031,42,436,-394
119900033,303,188,115
119900034,470,26,444
119900037,135,8,127
119900038,41,185,-144
119900039,64,11,53
119900040,84,16,68
119900041,82,6,76
119900042,37,59,-22
119900043,125,17,108
119900044,98,510,-412
119900046,144,12,132
119900047,227,134,93
119900048,39,11,28
119900049,98,1,97
119900050,127,78,49
119900051,988,4,984
119900052,91,14,77
119900053,206,62,144
119900054,333,7,326
119900055,940,148,792
119900057,461,35,426
119900058,281,2,279
119900059,21,19,2
119900060,461,15,446
119900062,87,2,85
119900063,11,32,-21
119900064,583,58,525
119900065,307,0,307
119900066,0,0,0
119900067,35,17,18
119900068,699,2,697
119900069,141,4,137
119900070,721,1,720
119900071,848,29,819
119900073,559,61,498
119900074,23,28,-5
119900075,798,979,-181
119900076,563,129,434
119900077,932,116,816
119900078,463,196,267
119900079,485,23,462
119900080,1436,232,1204
119900081,443,11,432
119900082,1494,126,1368
119900083,185,17,168
119900084,156,27,129
119900085,21,19,2
119900087,59,152,-93
119900088,40,33,7
119900089,5,122,-117
119900090,68,8,60
119900091,3,197,-194
119900092,22,206,-184
119900093,508,95,413
119900094,0,64,-64
119900095,64,17,47
119900096,49,34,15
119900097,6,121,-115
119900098,29,1,28
119900099,19,44,-25
119900100,449,1557,-1108
119900101,44,368,-324
119900102,39,24,15
119900103,59,55,4
119900104,27,37,-10
119900105,308,765,-457
119900106,1,47,-46
119900107,109,639,-530
119900108,1307,290,1017
119900109,15,99,-84
119900110,354,101,253
119900111,153,76,77
119900112,515,551,-36
119900113,10,87,-77
119900114,217,173,44
119900115,373,144,229
119900116,73,203,-130
119900117,161,141,20
119900118,120,150,-30
119900119,173,48,125
119900120,185,166,19
119900121,418,133,285
119900122,14,67,-53
119900123,43,110,-67
119900124,143,177,-34
119900125,9,34,-25
119900126,973,111,862
119900127,331,214,117
119900128,213,122,91
119900129,226,70,156
119900130,9,20,-11
119900131,18,49,-31
119900132,0,15,-15
119900133,71,22,49
119900134,222,39,183
119900135,0,45,-45
119900136,57,31,26
119900138,45,67,-22
119900139,4,70,-66
119900140,0,11,-11
119900141,12,432,-420
119900142,4,8,-4
119900143,4,151,-147
119900144,424,61,363
119900145,21,43,-22
119900146,87,39,48
119900147,0,106,-106
119900148,474,4,470
119900149,174,3462,-3288
119900150,78,34,44
119900151,556,473,83
119900152,109,44,65
119900153,211,19,192
119900154,21,94,-73
119900155,38,6,32
119900156,4,6,-2
119900157,154,48,106
119900158,125,29,96
119900159,0,190,-190
119900160,18,24,-6
119900161,90,38,52
119900162,838,464,374
119900163,24,52,-28
119900164,0,0,0
119900165,138,34,104
119900166,98,6,92
119900167,8,6,2
119900168,847,149,698
119900169,37,148,-111
119900170,141,72,69
119900171,293,183,110
119900172,33,3,30
119900173,0,63,-63
119900174,1,19,-18
119900175,1430,81,1349
119900177,7,30,-23
119900178,2,28,-26
119900179,169,993,-824
119900180,741,252,489
119900181,20,35,-15
119900182,0,63,-63
119900183,18,189,-171
119900184,331,169,162
119900185,35,232,-197
119900186,11,808,-797
119900187,15,74,-59
119900188,70,90,-20
119900189,54,68,-14
119900190,33,188,-155
119900191,72,85,-13
119900192,16,67,-51
119900193,524,68,456
119900194,21,16,5
119900195,5,63,-58
119900196,125,86,39
119900197,295,48,247
119900198,66,78,-12
119900199,133,10,123
119900200,490,234,256
119900201,82,48,34
119900202,10,146,-136
119900203,46,265,-219
119900204,161,75,86
119900205,812,136,676
119900206,214,73,141
119900208,90,35,55
119900209,427,852,-425
119900210,42,4,38
119900211,34,0,34
119900212,306,157,149
119900213,8,40,-32
119900214,36,12,24
119900215,62,14,48
119900216,2,10,-8
119900217,2,12,-10
119900218,8,9,-1
119900219,4,11,-7
119900220,5,25,-20
119900221,26,37,-11
119900222,1,31,-30
119900223,2,10,-8
119900224,1,6,-5
119900225,142,11,131
119900226,98,1152,-1054
119900227,185,88,97
119900228,11,288,-277
119900229,37,89,-52
119900230,425,136,289
119900231,270,26,244
119900232,94,14,80
119900233,161,0,161
119900234,3,49,-46
119900235,8,14,-6
119900236,3,20,-17
119900237,19,145,-126
119900238,1,40,-39
119900240,59,41,18
119900241,134,87,47
119900242,785,418,367
119900244,228,402,-174
119900245,91,79,12
119900246,95,135,-40
119900247,8,18,-10
119900248,18,233,-215
119900249,224,28,196
119900253,551,299,252
119900254,58,636,-578
119900255,46,177,-131
119900256,937,203,734
119900257,175,4,171
119900258,263,17,246
119900259,3,33,-30
119900260,235,4,231
119900261,214,18,196
119900262,1,49,-48
119900263,585,83,502
119900264,139,47,92
119900265,335,135,200
119900266,370,44,326
119900267,94,126,-32
119900268,63,37,26
119900269,716,240,476
119900271,8,29,-21
119900272,57,43,14
119900275,42,0,42
119900276,115,1,114
119900277,20,1,19
119900278,225,48,177
119900279,53,141,-88
119900280,228,25,203
119900281,1,202,-201
119900282,13,53,-40
119900283,6,35,-29
119900284,16,58,-42
119900285,3,67,-64
119900286,0,12,-12
119900288,0,1,-1
119900289,7,0,7
119900290,4,0,4
119900291,1,10,-9
119900292,11,57,-46
119900293,16,5,11
119900294,17,3,14
119900295,2,0,2
119900296,9,2,7
119900299,31,47,-16
119900300,287,65,222
119900301,17,135,-118
119900302,6,74,-68
119900303,316,171,145
119900304,152,2,150
119900305,0,17,-17
119900306,2,1,1
119900307,78,21,57
119900308,2,3,-1
119900309,36,175,-139
119900310,86,56,30
119900311,141,20,121
119900312,139,5,134
119900313,58,69,-11
119900314,161,189,-28
119900315,2089,507,1582
119900318,10,57,-47
119900319,2,100,-98
119900320,209,153,56
119900321,122,1,121
119900322,0,37,-37
119900323,0,43,-43
119900324,0,23,-23
119900325,127,54,73
119900326,24,20,4
120000001,4911,15885,-10974
120000002,1933,970,963
120000003,1211,583,628
120000004,1380,625,755
120000005,1495,546,949
120000006,693,363,330
120000007,1296,2288,-992
120000008,491,472,19
120000009,888,461,427
120000010,1371,1102,269
120000011,593,616,-23
120000012,1196,845,351
120000013,2400,1287,1113
120000014,489,615,-126
120000015,1808,791,1017
120000016,2790,1519,1271
120000017,2778,2231,547
120000018,1966,10878,-8912
120000019,714,675,39
120000020,1398,1869,-471
120000021,1243,878,365
120000022,2436,3132,-696
120000023,1053,868,185
120000024,795,977,-182
120000025,2239,788,1451
120000026,2728,1220,1508
120000027,1724,1404,320
120000028,520,585,-65
120000029,566,750,-184
120000030,111,478,-367
120000031,1103,2780,-1677
120000032,2344,1148,1196
120000033,2606,485,2121
120000034,2450,456,1994
120000035,2487,501,1986
120000036,1854,2393,-539
120000037,424,1350,-926
120000038,1570,1268,302
120000039,241,907,-666
120000040,37,2112,-2075
120000041,427,619,-192
120000042,1287,668,619
120000043,3312,534,2778
120000044,5326,1120,4206
120000045,6089,417,5672
120000046,4467,2925,1542
120000047,254,3793,-3539
120000048,3904,1855,2049
120000049,2766,1259,1507
120000050,1859,1557,302
120000051,1305,2303,-998
120000052,3799,563,3236
120000053,737,1045,-308
120000054,761,1699,-938
120000055,938,1202,-264
120000056,2411,1669,742
120000057,2329,581,1748
120000058,875,566,309
120000059,12,1384,-1372
120000061,25,243,-218
120000062,66,181,-115
120000063,356,821,-465
120000064,230,504,-274
120000065,240,507,-267
120000066,139,185,-46
120000067,19,220,-201
120000068,157,192,-35
120000069,458,175,283
120000070,155,253,-98
120000071,852,64,788
120000072,1064,250,814
120000073,954,29,925
120000074,104,26,78
120000075,1014,103,911
120000076,2341,209,2132
120000077,2028,181,1847
120000078,1747,424,1323
120000079,335,103,232
120000080,143,111,32
120000081,349,32,317
120000082,377,117,260
120000083,68,689,-621
120000084,191,158,33
120000085,110,212,-102
120000086,160,212,-52
120000087,148,168,-20
120000088,596,405,191
120000089,653,152,501
120000090,429,187,242
120000091,1172,310,862
120000092,867,183,684
120000093,717,268,449
120000094,326,389,-63
120000095,387,128,259
120000096,186,210,-24
120000098,462,281,181
120000099,160,281,-121
120000100,441,263,178
120000101,358,112,246
120000102,494,826,-332
120000103,948,480,468
120000104,1794,169,1625
120000105,2214,117,2097
120000106,3003,149,2854
120000107,4748,162,4586
120000108,1876,55,1821
120000109,787,30,757
120000110,21,292,-271
120000111,50,344,-294
120000112,283,862,-579
120000113,129,608,-479
120000114,182,393,-211
120000115,147,457,-310
120000116,157,525,-368
120000117,268,402,-134
120000118,40,8,32
120000119,2,20,-18
120000120,130,69,61
120000121,4,7,-3
120000122,103,479,-376
120000123,1334,7392,-6058
120000124,425,216,209
120000125,558,296,262
120000126,210,407,-197
120000127,327,225,102
120000128,1085,1455,-370
120000129,109,110,-1
120000130,456,184,272
120000131,442,212,230
120000134,152,137,15
120000135,859,414,445
120000137,245,131,114
120000138,1372,99,1273
120000139,203,101,102
120000140,1620,79,1541
120000141,307,214,93
120000142,760,275,485
120000143,0,44,-44
120000144,64,6,58
120000145,522,2,520
120000146,462,692,-230
120000149,240,211,29
120000150,749,7621,-6872
120000151,441,162,279
120000152,1021,78,943
120000153,590,129,461
120000154,326,330,-4
120000155,145,159,-14
120000156,194,1413,-1219
120000157,726,161,565
120000158,539,190,349
120000159,956,734,222
120000160,1328,1348,-20
120000161,2672,1580,1092
120000162,152,313,-161
120000163,521,185,336
120000164,547,56,491
120000165,943,148,795
120000166,1587,173,1414
120000167,31,88,-57
120000168,4,183,-179
120000169,4,439,-435
120000170,12,389,-377
120000171,11,185,-174
120000172,4,149,-145
120000173,124,174,-50
120000174,32,47,-15
120000175,24,33,-9
120000176,29,16,13
120000177,232,42,190
120000178,42,13,29
120000179,46,29,17
120000180,56,56,0
120000181,16,336,-320
120000182,29,307,-278
120000183,0,173,-173
120000184,29,446,-417
120000186,6,228,-222
120000187,23,70,-47
120000188,28,48,-20
120000190,134,25,109
120000191,139,17,122
120000192,101,3,98
120000193,42,0,42
120000195,3,0,3
120000196,60,2,58
120000197,5,36,-31
120000198,216,5,211
120000199,340,0,340
120000200,223,1,222
120000201,36,50,-14
120000202,2,16,-14
120000203,63,27,36
120000207,1,17,-16
120000208,6,18,-12
120000209,3,8,-5
120000210,13,16,-3
120000211,214,2,212
120000212,307,1,306
120000213,155,44,111
120000214,1,28,-27
120000215,0,15,-15
120000216,154,17,137
120000217,219,202,17
120000218,20,230,-210
120000219,3,196,-193
120000220,0,530,-530
120000225,2686,5,2681
120000226,416,6,410
120000227,921,73,848
120000228,4559,2805,1754
120000230,387,16,371
120000231,1205,380,825
120000233,522,1,521
120000235,89,128,-39
120000236,1427,4,1423
120000237,0,326,-326
120000238,0,164,-164
120000241,1028,2450,-1422
120000412,211,17,194
120000413,474,31,443
120000414,218,9,209
120000415,1,13,-12
120000416,148,0,148
120000417,1,78,-77
120000418,404,4,400
120000419,7,26,-19
120000420,10,6,4
120000421,4064,2499,1565
120000422,70,1389,-1319
120000423,1,44,-43
120000424,68,4,64
120000436,86,1038,-952
120000437,45,41,4
120000438,729,149,580
120000439,144,404,-260
120000443,194,2,192
120000444,1512,199,1313
120000445,1357,849,508
120000446,241,85,156
120000447,489,5,484
120000449,159,0,159
120000450,1,50,-49
120000451,91,84,7
120000452,170,0,170
120000453,0,19,-19
120000454,23,27,-4
120000455,63,26,37
120000456,668,2296,-1628
120000457,380,209,171
120000458,218,143,75
120000459,135,12,123
120000665,105,269,-164
120000668,41,610,-569
120000669,133,92,41
120000670,43,254,-211
120000671,1150,469,681
120000672,18,157,-139
120900001,175,25,150
120900002,79,128,-49
120900003,97,1,96
120900004,3,69,-66
120900005,349,167,182
120900006,605,55,550
120900007,34,48,-14
120900008,489,264,225
120900009,164,24,140
120900010,648,79,569
120900011,13,134,-121
120900012,23,1039,-1016
120900013,372,67,305
120900014,0,60,-60
120900015,1131,47,1084
120900016,1509,36,1473
120900017,763,59,704
120900018,164,117,47
120900019,253,201,52
120900020,295,363,-68
120900021,470,49,421
120900022,6,45,-39
120900023,635,48,587
120900024,730,158,572
120900025,451,313,138
120900026,26,74,-48
120900027,204,17,187
120900028,625,111,514
120900029,12,912,-900
120900030,1824,241,1583
120900031,537,117,420
120900032,1540,75,1465
120900033,1162,45,1117
120900034,9,1738,-1729
120900035,41,55,-14
120900037,278,1,277
120900038,78,615,-537
120900039,126,39,87
120900040,494,1,493
120900041,5,9,-4
120900042,436,31,405
120900043,69,21,48
120900044,2,222,-220
120900045,53,28,25
120900046,797,6,791
120900047,120,203,-83
120900048,126,17,109
120900049,746,5,741
120900050,395,2069,-1674
120900051,266,80,186
120900052,1127,3,1124
120900053,497,28,469
120900054,425,59,366
120900055,723,5,718
120900056,773,11,762
120900057,192,14,178
120900058,825,1,824
120900059,117,3,114
120900060,60,18,42
120900061,108,31,77
120900062,292,2,290
120900063,815,7,808
120900064,829,2,827
120900065,1031,2,1029
120900066,657,120,537
120900067,172,45,127
120900068,488,0,488
120900069,377,3,374
120900071,20,2,18
120900072,1079,7,1072
120900073,875,38,837
120900074,1085,41,1044
120900076,472,0,472
120900077,687,217,470
120900078,795,176,619
120900079,974,52,922
120900080,1256,286,970
120900081,1281,190,1091
120900082,316,253,63
120900083,151,2,149
120900084,358,384,-26
120900085,19,38,-19
120900086,22,481,-459
120900087,448,142,306
120900088,113,701,-588
120900089,1006,3206,-2200
120900090,227,23,204
120900091,108,656,-548
120900092,47,125,-78
120900093,705,70,635
120900094,100,48,52
120900095,139,4,135
120900096,39,148,-109
120900097,307,244,63
120900098,131,47,84
120900099,19,18,1
120900100,27,32,-5
120900101,46,49,-3
120900102,10,19,-9
120900103,65,77,-12
120900104,0,17,-17
120900105,0,85,-85
120900106,207,92,115
120900107,141,58,83
120900108,2,145,-143
120900109,25,118,-93
120900110,2,98,-96
120900111,63,87,-24
120900112,7,258,-251
120900113,4,146,-142
120900114,20,66,-46
120900115,62,144,-82
120900116,539,85,454
120900117,0,117,-117
120900118,16,203,-187
120900119,2613,1255,1358
120900120,24,171,-147
120900121,24,142,-118
120900122,811,156,655
120900123,1,82,-81
120900124,13,157,-144
120900125,6,186,-180
120900126,196,182,14
120900127,5,112,-107
120900128,105,288,-183
120900129,0,83,-83
120900130,20,135,-115
120900131,25,46,-21
120900132,1146,53,1093
120900133,25,200,-175
120900134,24,157,-133
120900135,0,173,-173
120900136,15,74,-59
120900137,426,21,405
120900138,0,108,-108
120900139,0,196,-196
120900140,2,77,-75
120900141,329,41,288
120900142,0,100,-100
120900143,0,173,-173
120900144,1,43,-42
120900145,84,244,-160
120900146,6,165,-159
120900147,14,4,10
120900148,93,50,43
120900149,0,68,-68
120900150,43,71,-28
120900151,1,89,-88
120900152,4,2,2
120900153,20,1,19
120900154,0,38,-38
120900155,161,178,-17
120900156,109,70,39
120900157,0,0,0
120900158,14,106,-92
120900159,0,40,-40
120900160,4,201,-197
120900161,7,389,-382
120900162,1,268,-267
120900163,13,221,-208
120900164,0,27,-27
120900165,0,71,-71
120900166,25,301,-276
120900167,45,37,8
120900169,125,169,-44
120900170,215,3981,-3766
120900171,262,66,196
120900172,60,357,-297
120900173,0,17,-17
120900174,2,58,-56
120900175,57,46,11
120900176,3,325,-322
120900177,1,1283,-1282
120900178,0,748,-748
120900179,71,72,-1
120900180,41,108,-67
120900181,18,2,16
120900182,19,47,-28
120900183,229,44,185
120900184,80,50,30
120900185,113,534,-421
120900186,0,97,-97
120900187,521,190,331
120900188,335,21,314
120900189,32,2157,-2125
120900190,190,33,157
120900191,43,2,41
120900192,3151,9444,-6293
120900194,65,16,49
120900195,57,65,-8
120900196,132,11,121
120900197,750,42,708
120900198,74,250,-176
120900199,154,315,-161
120900200,17,101,-84
120900201,188,33,155
120900202,1,51,-50
120900203,50,12,38
120900204,51,65,-14
120900205,39,4,35
120900206,34,11,23
120900207,9,317,-308
121000001,521,582,-61
121000002,885,1049,-164
121000003,2621,1321,1300
121000004,986,1911,-925
121000005,1661,2325,-664
121000006,1166,1846,-680
121000007,1365,2181,-816
121000008,1818,2607,-789
121000009,2666,3732,-1066
121000010,2550,2298,252
121000011,2926,3588,-662
121000012,5520,2420,3100
121000013,3054,2811,243
121000014,3012,1749,1263
121000015,2576,3885,-1309
121000016,2162,1454,708
121000017,1386,1576,-190
121000018,1804,966,838
121000019,3412,4466,-1054
121000020,4694,9106,-4412
121000021,868,867,1
121000022,1079,2044,-965
121000023,1116,461,655
121000024,2519,2658,-139
121000025,99,557,-458
121000026,63,56,7
121000027,802,751,51
121000028,395,457,-62
121000029,406,400,6
121000030,253,281,-28
121000031,248,299,-51
121000032,75,84,-9
121000034,147,172,-25
121000035,62,125,-63
121000036,579,429,150
121000037,244,678,-434
121000038,191,520,-329
121000039,58,158,-100
121000041,175,324,-149
121000042,111,203,-92
121000043,258,522,-264
121000044,387,361,26
121000045,218,219,-1
121000046,375,512,-137
121000047,49,177,-128
121000049,501,663,-162
121000050,72,1177,-1105
121000051,395,147,248
121000052,265,1010,-745
121000053,90,94,-4
121000054,18,215,-197
121000055,432,701,-269
121000056,520,781,-261
121000057,50,106,-56
121000058,67,43,24
121000059,2482,568,1914
121000060,474,675,-201
121000061,16,378,-362
121000062,48,217,-169
121000063,548,893,-345
121000064,476,458,18
121000065,114,230,-116
121000066,282,315,-33
121000067,195,211,-16
121000068,192,383,-191
121000069,95,903,-808
121000070,484,545,-61
121000071,813,1083,-270
121000072,381,299,82
121000073,510,732,-222
121000074,50,102,-52
121000075,15,42,-27
121000076,236,103,133
121000077,51,78,-27
121000078,62,172,-110
121000080,590,287,303
121000081,826,2025,-1199
121000082,79,138,-59
121000083,63,46,17
121000084,87,125,-38
121000085,160,200,-40
121000086,284,277,7
121000087,22,166,-144
121000088,254,206,48
121000089,84,231,-147
121000090,84,245,-161
121000091,495,453,42
121000092,100,17,83
121000093,164,83,81
121000094,181,357,-176
121000095,112,442,-330
121000096,2550,581,1969
121000097,208,707,-499
121000098,128,226,-98
121000099,437,180,257
121000100,626,140,486
121000101,215,41,174
121000102,187,61,126
121000103,88,98,-10
121000104,172,46,126
121000105,164,42,122
121000106,102,101,1
121000107,915,1330,-415
121000109,564,771,-207
121000110,83,367,-284
121000114,1508,1004,504
121000115,375,227,148
121000116,142,159,-17
121000117,237,80,157
121000118,1117,65,1052
121000119,250,198,52
121000120,154,418,-264
121000121,435,1659,-1224
121000123,214,99,115
121000126,16,285,-269
121000127,73,120,-47
121000128,696,129,567
121000129,689,165,524
121000130,279,941,-662
121000131,604,545,59
121000132,140,550,-410
121000135,146,494,-348
121000136,339,1072,-733
121000137,157,195,-38
121000138,210,2450,-2240
121000139,36,411,-375
121000141,176,131,45
121000142,209,344,-135
121000143,14,14,0
121000144,205,753,-548
121000145,259,349,-90
121000146,582,550,32
121000147,728,296,432
121000148,328,249,79
121000149,1131,689,442
121000152,141,147,-6
121000153,1040,186,854
121000154,696,257,439
121000155,1129,411,718
121000156,234,367,-133
121000157,366,498,-132
121000158,121,202,-81
121000159,90,164,-74
121000160,276,167,109
121000161,190,217,-27
121000162,105,50,55
121000165,454,1449,-995
121000166,12,290,-278
121000168,276,227,49
121000169,11,83,-72
121000170,106,31,75
121000171,50,44,6
121000172,518,452,66
121000173,1058,865,193
121000174,446,473,-27
121000175,997,191,806
121000176,246,181,65
121000177,364,332,32
121000178,83,34,49
121000179,64,39,25
121000181,143,246,-103
121000182,190,395,-205
121000183,18,385,-367
121000184,22,360,-338
121000185,34,369,-335
121000186,178,446,-268
121000187,174,57,117
121000188,260,32,228
121000192,340,261,79
121000193,324,88,236
121000194,814,1150,-336
121000195,201,532,-331
121000196,283,154,129
121000197,58,258,-200
121000198,69,129,-60
121000199,168,176,-8
121000200,476,100,376
121000201,5,186,-181
121000202,522,69,453
121000203,410,497,-87
121000204,2426,292,2134
121000205,190,327,-137
121000206,33,142,-109
121000207,1604,681,923
121000208,1,252,-251
121000209,902,70,832
121000210,704,200,504
121000211,247,44,203
121000212,279,281,-2
121000213,5188,1496,3692
121000214,379,1182,-803
121000215,555,562,-7
121000216,198,435,-237
121000217,1720,2292,-572
121000218,358,729,-371
121000219,753,327,426
121000220,176,38,138
121000221,269,389,-120
121000222,3197,2071,1126
121000223,158,432,-274
121000224,85,272,-187
121000225,241,4553,-4312
121000226,551,1428,-877
121000227,24,114,-90
121000228,41,208,-167
121000229,86,199,-113
121000230,70,687,-617
121000231,1274,36,1238
121000232,161,113,48
121000233,501,206,295
121000234,2,51,-49
121000235,34,131,-97
121000236,5,26,-21
121000237,7,26,-19
121000238,3,42,-39
121000239,56,13,43
121000240,1,80,-79
121000241,63,2,61
121000242,1,138,-137
121000243,101,21,80
121000244,1,38,-37
121000245,13,7,6
121000246,0,48,-48
121000247,120,1,119
121000248,207,292,-85
121000249,74,152,-78
121000250,502,611,-109
121000251,2,160,-158
121000252,78,99,-21
121000253,179,390,-211
121000254,753,217,536
121000255,73,351,-278
121000256,215,319,-104
121000257,31,205,-174
121000258,22,239,-217
121000259,4,81,-77
121000260,6,88,-82
121000261,35,251,-216
121000262,451,279,172
121000263,241,238,3
121000271,183,569,-386
121000273,18,8,10
121000274,6,206,-200
121000275,1,1,0
121000276,1,120,-119
121000278,50,9,41
121000279,4,64,-60
121000280,17,165,-148
121000289,147,40,107
121000290,389,557,-168
121000294,193,51,142
121000297,153,608,-455
121000299,95,1010,-915
121000300,680,327,353
121000302,9,282,-273
121000303,229,86,143
121000304,308,30,278
121000305,176,34,142
121000306,130,81,49
121000308,39,71,-32
121000309,157,116,41
121000310,60,62,-2
121000311,15,91,-76
121000312,308,183,125
121000313,59,90,-31
121000314,0,2,-2
121000315,0,36,-36
121000530,1308,643,665
121000531,1311,784,527
121000532,2661,3843,-1182
121000533,2255,1384,871
121000918,44,108,-64
121000919,12,68,-56
121000938,41,105,-64
121000939,21,143,-122
121000956,1435,747,688
121000957,8,24,-16
121000958,16,82,-66
121000959,890,266,624
121000960,1053,524,529
121000961,314,11,303
121000962,165,158,7
121000973,1,133,-132
121000976,0,30,-30
121000979,166,173,-7
121000981,297,33,264
121000982,384,184,200
121000983,288,79,209
121000984,2,37,-35
121000985,756,262,494
121000986,564,114,450
121000987,92,243,-151
121000988,820,62,758
121001302,66,41,25
121001308,0,14,-14
121001309,18,260,-242
121001313,142,175,-33
121001314,524,1238,-714
121001315,3194,1931,1263
121900001,82,214,-132
121900002,44,1,43
121900003,180,1,179
121900004,17,207,-190
121900005,13,3,10
121900006,71,3,68
121900007,1862,653,1209
121900008,45,63,-18
121900009,567,65,502
121900010,95,0,95
121900011,189,118,71
121900012,4,0,4
121900013,9,25,-16
121900014,611,133,478
121900015,57,57,0
121900016,2,2,0
121900017,214,261,-47
121900018,221,0,221
121900019,221,57,164
121900020,20,0,20
121900021,708,14,694
121900022,80,33,47
121900023,107,275,-168
121900024,119,51,68
121900025,267,73,194
121900026,72,23,49
121900027,164,180,-16
121900028,99,1,98
121900029,41,345,-304
121900030,113,215,-102
121900031,213,3475,-3262
121900032,41,11,30
121900033,68,69,-1
121900034,179,80,99
121900035,1304,791,513
121900036,62,157,-95
121900037,75,1162,-1087
121900038,11,6,5
121900039,107,2,105
121900040,12,18,-6
121900041,26,241,-215
121900042,285,66,219
121900043,0,0,0
121900044,20,40,-20
121900046,64,66,-2
121900047,81,40,41
121900048,30,34,-4
121900050,29,7,22
121900051,93,197,-104
121900052,46,23,23
121900053,303,203,100
121900054,112,403,-291
121900055,5,17,-12
121900058,171,15,156
121900059,83,51,32
121900060,82,196,-114
121900061,81,1385,-1304
121900062,87,71,16
121900063,1012,174,838
121900064,177,165,12
121900066,20,20,0
121900067,1,0,1
121900069,67,75,-8
121900070,50,165,-115
121900071,392,88,304
121900072,22,22,0
121900073,31,95,-64
121900074,181,284,-103
121900075,134,434,-300
121900076,188,174,14
121900077,2,6,-4
121900078,44,38,6
121900079,0,0,0
121900080,189,101,88
121900082,58,27,31
121900084,21,7,14
121900085,2,2,0
121900086,1,24,-23
121900087,17,48,-31
121900088,439,521,-82
121900089,115,61,54
121900090,15,20,-5
121900091,11,6,5
121900092,168,66,102
121900093,59,30,29
121900094,2,2,0
121900095,129,81,48
121900096,379,323,56
121900097,228,40,188
121900098,0,0,0
121900099,135,22,113
121900100,5,58,-53
121900101,63,24,39
121900102,0,36,-36
121900103,191,179,12
121900104,954,163,791
121900105,71,42,29
121900106,3,3,0
121900107,49,13,36
121900108,0,0,0
121900109,101,28,73
121900110,381,148,233
121900111,86,101,-15
121900112,31,23,8
121900113,17,113,-96
121900114,23,0,23
121900117,13,19,-6
121900118,321,84,237
121900119,132,13,119
121900120,14,173,-159
121900121,33,4,29
121900122,54,54,0
121900123,123,74,49
121900124,31,55,-24
121900125,955,281,674
121900127,8,78,-70
121900128,30,10,20
121900129,106,48,58
121900130,30,1153,-1123
121900131,84,19,65
121900132,5,16,-11
121900133,1,238,-237
121900134,2,212,-210
121900135,3822,290,3532
121900136,68,61,7
121900137,2,68,-66
121900138,33,59,-26
121900139,180,601,-421
121900140,1,1,0
121900141,52,7,45
121900142,33,10,23
121900143,2,34,-32
121900144,55,86,-31
121900145,71,122,-51
121900146,47,55,-8
121900147,13,44,-31
121900148,6,34,-28
121900149,46,43,3
121900150,34,16,18
121900151,11,43,-32
121900152,34,3,31
121900153,8,100,-92
121900154,0,20,-20
121900155,0,21,-21
121900156,11,12,-1
121900157,1,7,-6
121900158,3,13,-10
121900159,0,13,-13
121900160,0,45,-45
121900161,30,61,-31
121900162,3,35,-32
121900163,233,83,150
121900164,75,116,-41
121900165,63,37,26
121900166,110,34,76
121900167,53,11,42
121900168,35,18,17
121900169,0,0,0
121900170,0,26,-26
121900171,458,103,355
121900172,112,57,55
121900173,206,93,113
121900174,86,15,71
121900175,13,75,-62
121900176,202,532,-330
121900177,15,12,3
121900178,7,2,5
121900179,100,205,-105
121900180,695,3958,-3263
121900182,306,198,108
121900183,115,1079,-964
121900184,31,731,-700
121900186,1,219,-218
121900187,7,47,-40
121900188,334,27,307
121900189,7,19,-12
121900190,59,266,-207
121900191,194,106,88
121900192,105,421,-316
121900193,0,72,-72
121900194,4,101,-97
121900195,4,26,-22
121900196,92,549,-457
121900197,145,365,-220
121900198,2302,566,1736
121900199,0,15,-15
121900200,6,36,-30
121900201,271,280,-9
121900202,28,289,-261
121900203,34,338,-304
121900204,187,390,-203
121900205,3,42,-39
121900206,0,25,-25
121900207,2,11,-9
121900208,19,267,-248
121900209,30,48,-18
121900210,683,421,262
121900211,16,20,-4
121900212,10,50,-40
121900213,197,9,188
121900214,0,241,-241
121900215,9,83,-74
121900216,12,142,-130
121900217,77,145,-68
121900218,32,202,-170
121900220,36,3,33
121900221,238,138,100
121900222,123,20,103
121900223,37,15,22
121900224,22,18,4
121900225,26,88,-62
121900226,71,18,53
121900227,115,302,-187
121900228,34,23,11
121900230,22,116,-94
121900231,44,148,-104
121900232,47,136,-89
121900233,28,28,0
121900234,105,37,68
121900235,281,43,238
121900236,130,19,111
121900237,22,125,-103
121900238,40,82,-42
121900239,57,14,43
121900240,95,52,43
121900241,1,22,-21
121900242,0,0,0
121900243,0,0,0
121900244,2,0,2
121900245,68,19,49
121900246,1638,103,1535
121900247,129,55,74
121900248,306,241,65
121900250,77,211,-134
121900251,196,31,165
121900252,112,55,57
121900253,21,250,-229
121900254,45,149,-104
121900255,300,35,265
121900258,2184,754,1430
121900259,76,121,-45
121900260,91,21,70
121900261,23,161,-138
121900262,87,162,-75
121900263,58,71,-13
121900264,251,163,88
121900265,144,37,107
121900266,250,67,183
121900267,28,23,5
121900269,102,317,-215
121900270,53,97,-44
121900271,6,147,-141
121900273,173,1061,-888
121900274,251,66,185
121900277,68,293,-225
121900278,90,285,-195
121900279,45,83,-38
121900280,21,92,-71
121900281,37,121,-84
121900284,12,0,12
121900286,119,48,71
121900287,2,18,-16
121900288,1,1,0
121900290,25,197,-172
121900291,270,198,72
121900292,41,54,-13
121900293,388,1135,-747
121900294,92,0,92
121900295,33,12,21
121900296,78,97,-19
121900298,34,426,-392
121900299,2,68,-66
121900300,7,9,-2
121900301,6,0,6
121900302,2,78,-76
121900303,31,74,-43
121900304,0,8,-8
121900305,0,4,-4
121900306,188,1,187
121900307,177,2,175
121900308,4,21,-17
121900309,0,22,-22
121900310,15,93,-78
121900311,290,5,285
121900312,222,4,218
121900313,291,5,286
121900314,3,12,-9
121900315,10,0,10
121900316,0,0,0
121900317,9,4,5
121900318,0,0,0
121900319,60,98,-38
121900320,0,0,0
121900321,29,0,29
121900322,0,0,0
121900323,21,19,2
121900324,0,3,-3
121900325,21,0,21
121900326,0,0,0
121900327,0,8,-8
121900328,0,0,0
121900329,1,6,-5
121900330,0,61,-61
121900331,6,29,-23
121900332,34,21,13
121900333,25,0,25
122000001,454,1153,-699
122000002,1085,282,803
122000003,363,754,-391
122000004,601,449,152
122000005,1671,1567,104
122000006,343,559,-216
122000007,248,721,-473
122000008,455,963,-508
122000009,116,149,-33
122000010,1225,1251,-26
122000011,1009,620,389
122000012,371,744,-373
122000013,142,691,-549
122000014,1635,520,1115
122000015,543,408,135
122000016,343,344,-1
122000017,411,796,-385
122000018,822,726,96
122000019,458,941,-483
122000020,139,246,-107
122000021,77,145,-68
122000022,304,526,-222
122000023,178,546,-368
122000024,203,593,-390
122000025,346,543,-197
122000026,191,431,-240
122000027,228,361,-133
122000028,476,376,100
122000029,118,232,-114
122000030,85,20,65
122000031,63,495,-432
122000032,883,686,197
122000033,147,565,-418
122000034,128,387,-259
122000035,99,206,-107
122000036,189,140,49
122000037,136,133,3
122000038,115,202,-87
122000039,255,167,88
122000040,200,83,117
122000041,263,595,-332
122000042,333,398,-65
122000043,77,47,30
122000044,73,70,3
122000045,433,362,71
122000046,454,330,124
122000047,60,61,-1
122000048,1184,1902,-718
122000049,2470,1360,1110
122000050,278,454,-176
122000051,83,524,-441
122000052,228,420,-192
122000053,143,1226,-1083
122000054,1110,921,189
122000055,1203,1902,-699
122000056,1455,1080,375
122000057,1051,1669,-618
122000058,286,808,-522
122000059,353,948,-595
122000060,156,265,-109
122000061,154,144,10
122000062,397,185,212
122000063,159,457,-298
122000064,1503,2597,-1094
122000065,1182,1333,-151
122000066,281,460,-179
122000067,426,1080,-654
122000068,816,797,19
122000069,430,283,147
122000070,359,755,-396
122000071,1438,632,806
122000072,154,179,-25
122000073,58,341,-283
122000074,971,710,261
122000075,452,392,60
122000076,1545,564,981
122000077,368,687,-319
122000078,354,1036,-682
122000079,173,913,-740
122000080,152,181,-29
122000081,29,97,-68
122000082,172,513,-341
122000083,1742,662,1080
122000084,1267,528,739
122000085,84,216,-132
122000086,988,3263,-2275
122000087,149,220,-71
122000088,55,235,-180
122000089,1888,1292,596
122000090,135,579,-444
122000091,66,326,-260
122000092,32,33,-1
122000093,672,1714,-1042
122000094,2626,1400,1226
122000095,426,1603,-1177
122000096,283,883,-600
122000098,1270,2138,-868
122000099,192,808,-616
122000100,375,258,117
122000101,180,205,-25
122000102,776,525,251
122000103,431,729,-298
122000104,270,171,99
122000105,158,154,4
122000106,228,468,-240
122000107,596,302,294
122000108,207,263,-56
122000109,203,139,64
122000110,200,268,-68
122000111,1057,636,421
122000112,500,810,-310
122000113,234,185,49
122000114,612,1621,-1009
122000115,914,1068,-154
122000116,91,246,-155
122000117,261,161,100
122000118,508,125,383
122000119,672,493,179
122000120,339,744,-405
122000121,476,543,-67
122000122,159,350,-191
122000123,384,759,-375
122000124,184,172,12
122000125,44,294,-250
122000126,95,266,-171
122000127,156,196,-40
122000128,155,181,-26
122000129,128,882,-754
122000130,897,296,601
122000131,358,128,230
122000132,154,70,84
122000133,442,306,136
122000134,539,536,3
122000135,310,163,147
122000136,336,212,124
122000137,907,248,659
122000139,343,1267,-924
122000140,76,417,-341
122000141,1839,535,1304
122000142,79,443,-364
122000143,206,154,52
122000144,951,172,779
122000145,325,308,17
122000146,195,922,-727
122000147,164,210,-46
122000148,227,448,-221
122000149,731,258,473
122000150,802,336,466
122000151,19,39,-20
122000152,107,55,52
122000153,201,101,100
122000154,64,54,10
122000155,529,874,-345
122000156,2036,1691,345
122000157,352,2167,-1815
122000158,132,261,-129
122000159,472,395,77
122000160,1004,416,588
122000161,528,374,154
122000162,257,460,-203
122000163,86,55,31
122000164,10,50,-40
122000165,225,581,-356
122000166,191,1199,-1008
122000167,105,227,-122
122000168,70,789,-719
122000169,150,61,89
122000170,134,98,36
122000171,10,26,-16
122000172,961,661,300
122000173,892,1185,-293
122000174,472,1229,-757
122000175,257,101,156
122000176,112,1186,-1074
122000177,497,1002,-505
122000178,2195,1469,726
122000179,1292,1501,-209
122000180,350,566,-216
122000181,353,998,-645
122000182,357,620,-263
122000183,675,339,336
122000184,1289,1106,183
122000185,383,972,-589
122000186,162,462,-300
122000187,1166,377,789
122000188,99,73,26
122000189,92,120,-28
122000190,382,768,-386
122000191,223,290,-67
122000192,444,174,270
122000193,473,363,110
122000194,207,72,135
122000195,83,501,-418
122000196,615,137,478
122000197,320,383,-63
122000198,163,787,-624
122000199,228,96,132
122000200,408,254,154
122000201,514,1281,-767
122000202,386,1201,-815
122000203,1000,442,558
122000204,605,482,123
122000205,245,307,-62
122000206,1550,569,981
122000207,1281,717,564
122000208,1248,642,606
122000209,739,110,629
122000210,772,710,62
122000211,347,579,-232
122000212,377,352,25
122000213,344,729,-385
122000214,888,1009,-121
122000215,1371,1467,-96
122000217,663,637,26
122000218,282,54,228
122000219,1108,374,734
122000220,137,426,-289
122000221,151,293,-142
122000222,225,86,139
122000223,201,421,-220
122000225,394,191,203
122000226,676,602,74
122000227,29,408,-379
122000228,83,161,-78
122000229,5,207,-202
122000230,16,288,-272
122000231,152,594,-442
122000232,215,493,-278
122000233,0,38,-38
122000234,386,141,245
122000235,228,70,158
122000236,908,33,875
122000237,50,33,17
122000238,120,369,-249
122000239,480,70,410
122000240,618,117,501
122000241,1038,108,930
122000242,224,35,189
122000243,51,42,9
122000244,12,207,-195
122000245,9,126,-117
122000246,42,101,-59
122000247,230,211,19
122000248,844,293,551
122000249,671,471,200
122000250,729,307,422
122000251,20,25,-5
122000252,97,59,38
122000253,22,16,6
122000254,237,65,172
122000255,281,407,-126
122000256,187,248,-61
122000257,170,166,4
122000258,115,268,-153
122000259,43,329,-286
122000260,14,239,-225
122000261,5,133,-128
122000262,0,37,-37
122000263,73,153,-80
122000264,923,153,770
122000265,1143,392,751
122000266,1956,230,1726
122000267,35,250,-215
122000268,143,31,112
122000269,590,90,500
122000270,288,54,234
122000271,113,375,-262
122000272,85,181,-96
122000273,200,67,133
122000274,124,161,-37
122000275,14,291,-277
122000276,811,380,431
122000277,411,1042,-631
122000278,1052,103,949
122000279,109,104,5
122000280,271,239,32
122000281,369,235,134
122000282,28,607,-579
122000283,32,152,-120
122000284,67,35,32
122000285,314,78,236
122000286,35,146,-111
122000287,1039,1365,-326
122000288,140,150,-10
122000291,1216,407,809
122000293,103,50,53
122000294,41,267,-226
122000295,936,214,722
122000296,22,694,-672
122000297,964,3357,-2393
122000299,311,249,62
122000300,133,284,-151
122000301,2820,2704,116
122000302,186,1855,-1669
122000303,790,522,268
122000304,12,210,-198
122000305,1329,157,1172
122000306,44,261,-217
122000307,44,44,0
122000309,33,29,4
122000310,5,92,-87
122000311,50,66,-16
122000312,76,189,-113
122000313,2,160,-158
122000314,90,345,-255
122000315,237,37,200
122000316,997,152,845
122000317,1854,128,1726
122000318,255,1554,-1299
122000319,46,170,-124
122000320,105,253,-148
122000321,71,88,-17
122000322,627,609,18
122000323,273,679,-406
122000324,535,1071,-536
122000325,390,836,-446
122000326,110,36,74
122000327,88,278,-190
122000328,253,185,68
122000330,839,591,248
122000332,86,1616,-1530
122000333,32,44,-12
122000337,713,229,484
122000338,296,148,148
122000340,15,574,-559
122000342,911,462,449
122000343,325,249,76
122000344,103,3,100
122000345,52,94,-42
122000346,59,13,46
122000348,276,443,-167
122000349,7,90,-83
122000351,150,160,-10
122000352,127,53,74
122000353,54,13,41
122000355,109,325,-216
122000356,158,544,-386
122000357,46,4,42
122000358,0,4,-4
122000359,0,0,0
122000360,0,3,-3
122000362,1,3,-2
122000364,273,107,166
122000365,2,10,-8
122000366,7,0,7
122000368,296,189,107
122000370,4,4,0
122000371,71,0,71
122000372,17,0,17
122000381,152,138,14
122000382,15,191,-176
122000384,511,510,1
122000385,32,1,31
122000386,83,803,-720
122000387,125,561,-436
122000388,540,303,237
122000389,51,325,-274
122000390,107,366,-259
122000391,15,481,-466
122000392,92,55,37
122000393,7,484,-477
122000394,381,146,235
122000395,84,42,42
122000396,159,20,139
122000397,11,36,-25
122000398,6,117,-111
122000399,65,22,43
122000400,14,296,-282
122000401,41,11,30
122000402,330,80,250
122000403,145,226,-81
122000404,263,51,212
122000408,181,656,-475
122000503,4,84,-80
122000524,33,118,-85
122000544,39,1187,-1148
122000616,83,2,81
122000640,89,53,36
122000641,159,146,13
122000642,825,227,598
122000643,42,107,-65
122000644,41,17,24
122000645,44,95,-51
122000651,177,685,-508
122000664,107,19,88
122000665,289,168,121
122000666,144,190,-46
122000673,18,125,-107
122000674,397,184,213
122000675,1421,441,980
122000686,237,483,-246
122000687,1540,170,1370
122000688,338,224,114
122000689,1078,117,961
122000690,2409,125,2284
122000691,857,344,513
122000692,1102,107,995
122000693,345,449,-104
122000695,341,161,180
122000696,522,115,407
122000698,201,105,96
122000699,270,89,181
122000701,1136,208,928
122000702,245,489,-244
122000703,36,27,9
122000717,3,102,-99
122000718,19,884,-865
122000719,6,56,-50
122000720,562,61,501
122000724,48,43,5
122900001,29,16,13
122900002,296,4453,-4157
122900003,282,1,281
122900004,2470,141,2329
122900005,40,185,-145
122900006,53,1255,-1202
122900007,18,71,-53
122900008,102,323,-221
122900009,75,84,-9
122900010,216,89,127
122900012,183,210,-27
122900014,64,29,35
122900015,676,288,388
122900016,30,76,-46
122900017,123,286,-163
122900018,65,2,63
122900019,36,132,-96
122900020,56,564,-508
122900021,13,186,-173
122900022,843,569,274
122900023,412,87,325
122900024,67,44,23
122900025,2,73,-71
122900026,2,12,-10
122900027,9,393,-384
122900028,45,42,3
122900029,2343,976,1367
122900030,387,84,303
122900031,11,207,-196
122900032,143,131,12
122900033,108,75,33
122900034,1282,2009,-727
122900035,17,27,-10
122900036,48,17,31
122900037,130,59,71
122900038,37,1031,-994
122900039,24,238,-214
122900040,133,323,-190
122900041,50,240,-190
122900042,132,103,29
122900043,159,124,35
122900044,52,224,-172
122900045,22,89,-67
122900046,42,237,-195
122900047,71,33,38
122900048,8,197,-189
122900049,1323,83,1240
122900051,15,139,-124
122900052,94,36,58
122900053,5,6,-1
122900055,109,14,95
122900057,184,1,183
122900061,288,9,279
122900062,190,429,-239
122900063,171,72,99
122900064,555,332,223
122900065,150,108,42
122900066,227,74,153
122900067,306,104,202
122900068,19,53,-34
122900069,151,807,-656
122900070,256,36,220
122900071,27,80,-53
122900072,31,101,-70
122900073,74,21,53
122900074,1118,116,1002
122900075,1,13,-12
122900076,0,32,-32
122900077,0,14,-14
122900078,227,7,220
122900080,2,29,-27
122900081,131,36,95
122900082,1016,38,978
122900083,26,39,-13
122900084,0,83,-83
122900086,3,96,-93
122900087,278,521,-243
122900088,9,154,-145
122900089,5,230,-225
122900090,4,36,-32
122900091,312,2,310
122900092,0,55,-55
122900093,0,33,-33
122900094,0,52,-52
122900095,136,4,132
122900096,467,9,458
122900097,16,12,4
122900098,11,63,-52
122900099,83,42,41
122900100,6,442,-436
122900101,129,110,19
122900102,34,32,2
122900103,309,5,304
122900104,167,2,165
122900105,22,4,18
122900106,1,4,-3
122900107,3,7,-4
122900108,0,9,-9
123000001,459,330,129
123000002,1420,4062,-2642
123000003,2418,1841,577
123000004,1347,2326,-979
123000005,2260,1313,947
123000006,1227,1089,138
123000007,2206,1269,937
123000008,1238,1854,-616
123000009,2302,2208,94
123000010,1545,2048,-503
123000011,895,637,258
123000012,204,1052,-848
123000013,2372,521,1851
123000014,216,1538,-1322
123000015,1407,570,837
123000016,1503,1709,-206
123000017,4101,1839,2262
123000018,92,46,46
123000019,537,15,522
123000020,348,14,334
123000021,285,305,-20
123000022,740,1232,-492
123000023,1773,1489,284
123000024,982,541,441
123000025,4,39,-35
123000026,2,214,-212
123000027,6,519,-513
123000028,104,2859,-2755
123000029,71,1118,-1047
123000030,217,80,137
123000031,434,121,313
123000032,659,127,532
123000033,218,65,153
123000034,566,387,179
123000035,176,266,-90
123000036,67,500,-433
123000037,117,118,-1
123000038,40,212,-172
123000039,380,1144,-764
123000040,260,61,199
123000041,254,521,-267
123000042,245,344,-99
123000043,776,7249,-6473
123000044,2210,1032,1178
123000045,2115,827,1288
123000046,129,489,-360
123000047,195,545,-350
123000048,38,1167,-1129
123000049,2696,4638,-1942
123000050,1231,772,459
123000051,19,84,-65
123000052,439,1159,-720
123000053,1096,1186,-90
123000054,936,1345,-409
123000055,1250,2837,-1587
123000056,416,419,-3
123000057,2185,2393,-208
123000058,280,814,-534
123000059,90,217,-127
123000060,638,203,435
123000061,162,305,-143
123000063,692,398,294
123000064,873,70,803
123000065,1553,1535,18
123000066,195,201,-6
123000067,404,262,142
123000068,760,651,109
123000069,1539,513,1026
123000070,121,152,-31
123000071,1289,323,966
123000072,600,179,421
123000073,1288,395,893
123000074,471,339,132
123000075,138,818,-680
123000076,385,156,229
123000077,888,643,245
123000078,1265,452,813
123000079,1549,719,830
123000080,1405,317,1088
123000081,121,135,-14
123000082,58,356,-298
123000083,609,86,523
123000084,579,179,400
123000085,285,28,257
123000086,628,31,597
123000087,210,88,122
123000088,625,211,414
123000089,492,365,127
123000090,680,369,311
123000091,726,692,34
123000092,458,474,-16
123000094,403,35,368
123000095,546,258,288
123000096,733,92,641
123000097,263,127,136
123000098,571,115,456
123000099,501,152,349
123000100,141,513,-372
123000101,201,136,65
123000102,284,652,-368
123000104,181,158,23
123000105,163,73,90
123000106,308,116,192
123000107,240,65,175
123000108,266,483,-217
123000111,555,112,443
123000112,797,123,674
123000113,354,284,70
123000114,210,321,-111
123000115,144,216,-72
123000116,39,53,-14
123000117,1389,559,830
123000118,379,193,186
123000119,88,159,-71
123000120,103,233,-130
123000121,383,212,171
123000122,201,65,136
123000123,281,173,108
123000124,199,74,125
123000125,732,625,107
123000126,671,2272,-1601
123000127,266,260,6
123000128,190,100,90
123000129,865,16,849
123000130,599,9,590
123000131,1144,310,834
123000132,115,164,-49
123000133,110,55,55
123000134,171,33,138
123000135,1429,238,1191
123000136,123,222,-99
123000137,65,88,-23
123000138,54,116,-62
123000139,520,57,463
123000140,29,145,-116
123000141,231,34,197
123000142,604,332,272
123000143,443,719,-276
123000144,4,23,-19
123000145,100,395,-295
123000146,10,177,-167
123000147,20,265,-245
123000149,128,235,-107
123000150,36,113,-77
123000151,95,219,-124
123000152,5,192,-187
123000153,25,585,-560
123000154,609,1345,-736
123000155,1083,1025,58
123000156,12,13,-1
123000157,305,580,-275
123000158,228,403,-175
123000159,1071,2290,-1219
123000160,477,586,-109
123000161,805,822,-17
123000162,916,1106,-190
123000163,726,98,628
123000164,1871,91,1780
123000165,138,441,-303
123000166,4,50,-46
123000167,93,36,57
123000168,204,86,118
123000169,655,33,622
123000170,74,48,26
123000171,932,10,922
123000172,50,176,-126
123000173,427,114,313
123000174,427,216,211
123000175,136,260,-124
123000176,623,150,473
123000177,91,374,-283
123000178,719,116,603
123000179,5,319,-314
123000180,1113,120,993
123000181,250,384,-134
123000182,218,118,100
123000183,83,248,-165
123000184,43,226,-183
123000185,856,288,568
123000186,63,212,-149
123000187,379,3,376
123000188,387,1,386
123000189,432,113,319
123000190,52,108,-56
123000192,15,182,-167
123000193,5,166,-161
123000194,157,109,48
123000195,238,6,232
123000196,410,15,395
123000197,61,86,-25
123000198,54,452,-398
123000199,12,223,-211
123000200,579,14,565
123000201,1147,35,1112
123000202,9,206,-197
123000203,877,24,853
123000204,58,299,-241
123000205,72,377,-305
123000206,2568,138,2430
123000207,33,392,-359
123000208,618,60,558
123000209,1266,247,1019
123000210,97,468,-371
123000211,172,614,-442
123000212,3241,253,2988
123000213,322,53,269
123000215,53,131,-78
123000216,189,604,-415
123000217,128,18,110
123000218,73,144,-71
123000219,384,77,307
123000220,233,56,177
123000221,90,48,42
123000222,306,161,145
123000223,553,129,424
123000224,370,155,215
123000225,202,23,179
123000226,135,102,33
123000227,62,52,10
123000228,327,27,300
123000229,321,265,56
123000232,30,128,-98
123000233,721,50,671
123000234,85,187,-102
123000235,881,156,725
123000236,170,211,-41
123000237,435,70,365
123000238,31,113,-82
123000239,226,217,9
123000240,43,443,-400
123000241,215,12,203
123000242,200,74,126
123000243,418,567,-149
123000244,487,193,294
123000245,0,35,-35
123000249,177,312,-135
123000252,549,100,449
123000253,1273,280,993
123000254,415,271,144
123000255,425,377,48
123000256,17,59,-42
123000257,655,530,125
123000258,434,250,184
123000259,367,269,98
123000260,484,76,408
123000261,337,86,251
123000262,43,28,15
123000263,324,14,310
123000264,180,44,136
123000265,2,30,-28
123000266,249,223,26
123000267,555,159,396
123000268,17,18,-1
123000269,25,49,-24
123000270,35,46,-11
123000271,17,13,4
123000272,430,172,258
123000273,176,842,-666
123000274,950,431,519
123000275,69,254,-185
123000278,784,1712,-928
123000279,121,27,94
123000280,169,136,33
123000281,229,40,189
123000282,41,128,-87
123000283,288,22,266
123000284,18,9,9
123000286,42,274,-232
123000287,101,120,-19
123000288,497,824,-327
123000289,119,993,-874
123000291,40,207,-167
123000294,125,142,-17
123000295,583,1235,-652
123000296,689,672,17
123000297,553,185,368
123000298,963,112,851
123000299,86,77,9
123000300,711,267,444
123000301,92,212,-120
123000302,221,49,172
123000303,21,579,-558
123000305,274,325,-51
123000306,219,29,190
123000309,25,21,4
123000310,78,2,76
123000311,1,185,-184
123000312,214,200,14
123000313,433,363,70
123000315,285,73,212
123000316,671,44,627
123000317,157,114,43
123000318,16,126,-110
123000329,8,9,-1
123000337,189,443,-254
123000338,67,379,-312
123000339,327,42,285
123000340,46,121,-75
123000342,2,241,-239
123000343,106,14,92
123000344,239,103,136
123000345,102,188,-86
123000346,319,38,281
123000352,379,241,138
123000353,48,144,-96
123000354,437,4,433
123000355,3,734,-731
123000356,320,2,318
123000357,0,61,-61
123000359,0,23,-23
123000360,73,143,-70
123000361,554,81,473
123000362,271,56,215
123000363,123,61,62
123000364,280,230,50
123000365,18,143,-125
123000366,143,1202,-1059
123000367,97,182,-85
123000370,19,68,-49
123000371,537,24,513
123000372,231,9,222
123000373,4,63,-59
123000374,2,19,-17
123000375,413,50,363
123000376,755,369,386
123000377,756,6,750
123000378,4,111,-107
123000379,0,163,-163
123000380,1,61,-60
123000381,68,190,-122
123000382,617,83,534
123000383,36,216,-180
123000384,531,180,351
123000385,51,118,-67
123000436,62,1131,-1069
123000507,59,115,-56
123000508,59,1009,-950
123000517,113,8,105
123000518,27,49,-22
123000519,60,16,44
123000520,12,52,-40
123000521,281,62,219
123000522,68,129,-61
123000541,23,0,23
123000542,0,0,0
123000565,0,0,0
123000566,878,253,625
123000567,211,127,84
123000573,2,16,-14
123000574,734,24,710
123000575,1932,54,1878
123000576,734,279,455
123000577,20,195,-175
123000578,333,157,176
123000579,678,3438,-2760
123000580,127,28,99
123000582,344,10,334
123000583,4,152,-148
123000584,119,103,16
123000585,0,9,-9
123000586,115,29,86
123000596,15,12,3
123000597,67,93,-26
123000602,96,17,79
123000603,1325,132,1193
123000604,516,122,394
123000605,359,81,278
123000606,1,130,-129
123000609,10,187,-177
123000610,41,33,8
123000613,8,52,-44
123000614,326,37,289
123000615,21,24,-3
123000616,894,37,857
123000617,50,75,-25
123000618,3,318,-315
123000619,425,17,408
123000620,4,129,-125
123000622,566,17,549
123000624,228,5,223
123000630,1400,340,1060
123000631,94,279,-185
123000632,277,273,4
123000633,0,186,-186
123000634,3,174,-171
123000635,11,55,-44
123000636,22,261,-239
123000637,111,35,76
123000638,465,116,349
123000639,635,4184,-3549
123000640,10,203,-193
123900001,678,52,626
123900002,32,687,-655
123900003,26,145,-119
123900005,188,134,54
123900006,286,21,265
124000001,1479,127,1352
124000002,2,493,-491
124000003,1166,170,996
124000004,5,134,-129
124000005,935,974,-39
124000006,109,126,-17
124000007,741,81,660
124000008,107,305,-198
124000009,727,441,286
124000010,161,389,-228
124000011,815,482,333
124000012,97,563,-466
124000017,122,97,25
124000018,20,7,13
124000019,178,34,144
124000020,6,12,-6
124000021,70,42,28
124000022,28,32,-4
124000023,535,844,-309
124000024,541,208,333
124000025,640,867,-227
124000026,891,951,-60
124000027,2322,1383,939
124000028,1136,3252,-2116
124000030,955,496,459
124000031,663,6772,-6109
124000032,966,234,732
124000033,1,147,-146
124000034,1440,643,797
124000035,12,206,-194
124000036,2,310,-308
124000037,115,442,-327
124000038,2,10,-8
124000039,236,66,170
124000040,100,291,-191
124000041,444,27,417
124000042,148,69,79
124000043,126,39,87
124000044,48,29,19
124000045,939,115,824
124000046,138,194,-56
124000047,1752,145,1607
124000048,540,163,377
124000049,1492,199,1293
124000050,382,424,-42
124000051,1138,159,979
124000052,294,319,-25
124000053,485,1390,-905
124000054,353,112,241
124000055,674,2574,-1900
124000056,698,248,450
124000057,1111,275,836
124000058,275,317,-42
124000059,783,708,75
124000060,262,328,-66
124000061,747,3703,-2956
124000062,1039,586,453
124000063,726,389,337
124000064,855,406,449
124000065,4,208,-204
124000066,509,1096,-587
124000067,116,265,-149
124000068,0,0,0
124000069,166,48,118
124000070,0,0,0
124000071,66,69,-3
124000072,60,196,-136
124000073,718,68,650
124000074,77,119,-42
124000075,439,39,400
124000076,0,0,0
124000077,152,607,-455
124000078,617,545,72
124000079,59,603,-544
124000080,778,54,724
124000081,106,109,-3
124000082,60,95,-35
124000083,20,35,-15
124000084,37,573,-536
124000085,22,22,0
124000086,12,230,-218
124000087,23,155,-132
124000088,82,210,-128
124000089,444,30,414
124000090,77,134,-57
124000091,440,27,413
124000092,193,220,-27
124000093,90,116,-26
124000094,88,212,-124
124000095,146,62,84
124000096,76,53,23
124000097,113,35,78
124000098,163,92,71
124000099,122,36,86
124000100,49,78,-29
124000101,93,117,-24
124000102,84,34,50
124000103,120,34,86
124000104,65,53,12
124000105,74,49,25
124000106,79,39,40
124000107,16,162,-146
124000108,14,8,6
124000109,141,59,82
124000110,102,42,60
124000111,147,40,107
124000112,697,273,424
124000113,129,104,25
124000114,321,182,139
124000115,229,520,-291
124000116,62,159,-97
124000117,30,33,-3
124000118,5,37,-32
124000119,534,233,301
124000120,325,119,206
124000121,565,341,224
124000122,345,956,-611
124000123,330,151,179
124000124,379,224,155
124000125,260,124,136
124000126,231,123,108
124000127,745,141,604
124000128,422,244,178
124000129,824,528,296
124000130,121,94,27
124000131,425,269,156
124000132,181,222,-41
124000133,854,428,426
124000134,351,201,150
124000135,1026,1074,-48
124000136,161,277,-116
124000137,421,514,-93
124000138,231,453,-222
124000139,159,45,114
124000140,5,288,-283
124000141,21,26,-5
124000142,12,953,-941
124000143,64,8,56
124000144,2,187,-185
124000145,154,18,136
124000146,10,56,-46
124000148,5,41,-36
124000149,655,175,480
124000150,228,327,-99
124000151,788,292,496
124000152,298,424,-126
124000153,1131,725,406
124000154,856,392,464
124000155,614,322,292
124000156,447,407,40
124000169,54,207,-153
124000170,210,164,46
124000171,189,177,12
124000172,132,212,-80
124000173,438,126,312
124000174,314,221,93
124000175,0,0,0
124000176,78,24,54
124000177,0,0,0
124000178,53,84,-31
124000190,18,83,-65
124000191,71,212,-141
124000192,680,397,283
124000193,47,1389,-1342
124000194,142,163,-21
124000195,336,200,136
124000196,261,329,-68
124000197,59,10,49
124000198,73,41,32
124000201,12,596,-584
124000202,554,19,535
124000203,493,98,395
124000204,1372,46,1326
124000205,85,19,66
124000206,1190,131,1059
124000207,1,53,-52
124000209,228,27,201
124000210,1131,207,924
124000211,1034,2,1032
124000212,0,105,-105
124000213,620,107,513
124000214,616,38,578
124000215,692,39,653
124000216,14,773,-759
124000329,10,399,-389
124000338,2,223,-221
124000339,2210,7,2203
124000341,2388,18,2370
124000344,109,18,91
124000357,865,1684,-819
124000358,648,1444,-796
124000359,1115,348,767
124000360,1135,291,844
124000361,1688,985,703
124000362,795,1655,-860
124000363,243,132,111
124000364,263,301,-38
124000365,369,548,-179
124000366,965,592,373
124000367,11,109,-98
124000368,264,779,-515
124000369,67,52,15
124000370,18,507,-489
124000402,20,9,11
124000403,88,23,65
124000404,9,28,-19
124000405,462,216,246
124000406,266,112,154
124000407,3,17,-14
124000411,2,112,-110
124000412,390,1,389
124000413,19,41,-22
124000414,129,46,83
124000415,50,47,3
124000416,158,82,76
124000417,195,31,164
124000418,261,15,246
124000419,140,26,114
124000420,158,10,148
124000421,49,60,-11
124000422,23,20,3
124000423,84,13,71
124000424,2,93,-91
124000425,20,26,-6
124000426,6,332,-326
124000427,7,1,6
124000428,3,210,-207
124000429,126,29,97
124000430,622,272,350
124000431,255,151,104
124000432,166,662,-496
124000439,20,26,-6
124000443,0,0,0
124000445,10,1068,-1058
124000446,508,204,304
124900001,605,91,514
124900002,85,58,27
124900003,548,108,440
124900004,446,138,308
124900005,96,24,72
124900006,458,85,373
124900008,161,210,-49
124900009,6,270,-264
124900010,194,64,130
124900011,715,97,618
124900012,173,40,133
124900013,456,42,414
124900014,281,50,231
124900015,82,356,-274
124900016,59,159,-100
124900017,195,2313,-2118
124900018,103,1,102
124900020,118,6,112
124900021,379,10,369
124900022,65,0,65
124900024,373,2,371
124900026,24,0,24
124900027,65,89,-24
124900028,156,19,137
124900029,14,272,-258
124900030,1,20,-19
124900031,5,64,-59
124900032,78,36,42
124900033,35,37,-2
124900034,20,47,-27
124900035,45,23,22
124900036,0,59,-59
124900037,79,44,35
124900038,117,55,62
124900039,0,73,-73
124900040,21,15,6
124900041,225,121,104
124900042,10,0,10
124900043,243,114,129
124900044,41,0,41
124900045,142,232,-90
124900046,136,40,96
124900047,29,54,-25
124900048,257,23,234
124900050,100,43,57
124900052,27,50,-23
124900053,90,64,26
124900054,300,67,233
124900055,0,9,-9
124900057,0,0,0
124900060,2,39,-37
124900061,155,1,154
124900062,145,1,144
124900066,0,1,-1
124900067,0,2,-2
124900068,80,555,-475
124900070,8,5,3
124900072,193,8,185
124900074,367,197,170
124900075,227,25,202
124900076,41,651,-610
124900077,6,44,-38
124900078,62,3,59
124900079,75,36,39
124900080,179,60,119
124900081,770,55,715
124900082,226,84,142
124900083,181,108,73
124900084,408,25,383
124900085,168,145,23
124900086,6,305,-299
124900087,62,21,41
124900088,51,9,42
124900089,225,1,224
124900090,519,63,456
124900091,83,72,11
124900092,130,33,97
124900093,452,39,413
124900094,599,60,539
124900095,85,395,-310
124900096,139,54,85
124900097,418,11,407
124900098,91,87,4
124900099,64,117,-53
124900100,188,5,183
124900101,110,27,83
124900102,289,5,284
124900103,49,50,-1
124900104,19,50,-31
124900105,38,16,22
124900106,179,28,151
124900107,177,3,174
124900108,58,37,21
124900109,29,69,-40
124900110,218,78,140
124900111,0,0,0
124900112,46,75,-29
124900113,1,39,-38
124900114,4,16,-12
124900115,1,16,-15
124900116,201,205,-4
124900117,105,103,2
124900118,12,421,-409
124900119,134,143,-9
124900120,1,46,-45
124900121,13,283,-270
124900122,70,48,22
124900123,39,45,-6
124900124,13,28,-15
129000186,82,145,-63
204000001,133,4,129
204000002,9,17,-8
204000003,34,4,30
204000004,6,1,5
204000005,335,164,171
204000006,918,817,101
204000011,0,0,0
204000012,6,8,-2
204000013,0,0,0
204000019,982,180,802
204000020,546,180,366
204000021,522,491,31
204000022,971,315,656
204000023,137,373,-236
204000031,25,16,9
204000032,124,29,95
204000034,2,19,-17
204000035,0,11,-11
204000036,0,0,0
204000037,0,24,-24
204000038,0,31,-31
204000039,17,27,-10
204000040,3,7,-4
204000041,18,15,3
204000042,14,10,4
204000043,10,10,0
204000044,38,5,33
204000045,63,1,62
204000046,29,4,25
204000057,2,34,-32
204000062,5,109,-104
204000068,1,49,-48
204000069,5,62,-57
204000070,89,24,65
204000080,19,15,4
204000085,364,201,163
204000086,383,537,-154
204000087,28,4,24
204000088,0,0,0
204000090,2,20,-18
204000093,500,17,483
204000096,825,279,546
204000097,405,3,402
204000099,707,1290,-583
204000100,1367,467,900
204000105,310,112,198
204000110,132,345,-213
204000111,122,215,-93
204000112,102,124,-22
204000113,107,199,-92
204000114,907,746,161
204000115,509,173,336
204000116,332,93,239
204000119,1922,600,1322
204000132,462,385,77
204000133,569,63,506
204000134,111,48,63
204000135,423,31,392
204000136,480,128,352
204000138,204,590,-386
204000140,230,94,136
204000141,110,32,78
204000144,1,42,-41
204000145,327,7,320
204000146,3,5,-2
204000147,4,37,-33
204000148,59,22,37
204000154,11,2,9
204000155,0,40,-40
204000177,59,33,26
204000179,22,23,-1
204000180,0,10,-10
204000222,9,27,-18
204000235,10,10,0
204000236,28,17,11
204000238,12,15,-3
204000240,170,24,146
204000263,94,140,-46
204000268,410,122,288
204000308,23,3,20
204000317,2,22,-20
204000322,2,28,-26
204000323,3,18,-15
204000328,252,7,245
204000329,34,38,-4
204000330,124,21,103
204000331,1,3,-2
204010341,24,135,-111
205000001,106,230,-124
205000013,2,4,-2
205000014,2,3,-1
205000015,3,10,-7
205000016,4,21,-17
205000017,10,6,4
205000022,85,152,-67
205000025,206,114,92
205000029,514,2,512
205000045,88,56,32
205000046,31,40,-9
205000047,55,30,25
205000048,168,68,100
205000049,39,61,-22
205000050,68,21,47
205000059,0,15,-15
205000060,0,27,-27
205000061,0,72,-72
205000062,0,43,-43
205000063,13,86,-73
205000064,4,54,-50
205000065,12,173,-161
205000066,37,81,-44
205000067,26,126,-100
205000069,81,15,66
205000082,74,81,-7
205000110,10,22,-12
205000111,25,14,11
205000112,63,92,-29
205000113,17,44,-27
205000121,67,88,-21
205000123,17,18,-1
205000126,534,100,434
205000127,435,28,407
205000128,272,50,222
205000129,510,71,439
205000130,203,37,166
205000131,9,23,-14
205000132,41,16,25
205000133,59,1,58
205000134,280,0,280
205000137,9,8,1
205000138,30,32,-2
205000139,2,28,-26
205000144,37,27,10
205000145,165,28,137
205000151,55,42,13
205000152,68,30,38
205000153,118,52,66
205000154,36,37,-1
205000155,37,25,12
205000207,0,0,0
205000233,10,0,10
205000234,0,0,0
205000243,0,0,0
205000244,0,1,-1
205000245,2,12,-10
205000249,0,15,-15
205000250,0,1,-1
205000264,0,20,-20
206000027,17,12,5
206000028,11,1,10
206000043,6,25,-19
206000053,1,2,-1
206000054,0,2,-2
206000055,0,1,-1
206000075,8,13,-5
206000076,60,3,57
206000077,34,1,33
206000078,3,2,1
206000079,24,9,15
206000082,300,89,211
206000100,1,152,-151
206000103,0,0,0
206000104,0,0,0
206000105,0,0,0
206000106,0,0,0
206000108,496,74,422
206000125,139,1,138
206000157,1,57,-56
206000170,0,104,-104
206000171,4,106,-102
206000172,19,56,-37
206000173,0,37,-37
206000174,4,18,-14
206000175,2,28,-26
206000176,16,35,-19
206000177,0,24,-24
206000178,0,141,-141
206000179,0,24,-24
206000180,5,19,-14
206000181,0,30,-30
206000182,6,30,-24
206000183,5,62,-57
206000184,1,27,-26
206000185,0,17,-17
206000186,16,145,-129
206000223,1,93,-92
206000226,43,2,41
206000227,33,3,30
206000237,7,41,-34
206000238,3,117,-114
206000239,62,458,-396
206000240,0,0,0
206000241,0,83,-83
206000242,0,46,-46
206000243,11,33,-22
206000244,8,80,-72
206000245,2327,33,2294
206000246,744,13,731
206000247,920,2,918
206000248,892,7,885
206000252,22,55,-33
206000258,0,0,0
206000315,22,8,14
206000317,722,171,551
206000318,702,87,615
206000319,3495,68,3427
206000320,1229,33,1196
206000321,1382,9,1373
206000322,1501,11,1490
206000323,499,0,499
206000324,660,0,660
206000325,422,10,412
206000326,438,14,424
206000327,33,9,24
206000328,451,2,449
206000329,943,2,941
206000330,172,3,169
206000331,495,1,494
206000332,146,0,146
206000333,1735,3,1732
206000334,1114,0,1114
206000335,0,14,-14
206000361,0,20,-20
206000392,0,2,-2
206000405,202,0,202
206000441,152,36,116
206000498,58,2,56
206000515,43,36,7
206000530,499,30,469
206000531,267,208,59
206000532,820,157,663
206000535,27,613,-586
206000536,5,58,-53
206000537,1,84,-83
206000613,1009,352,657
207000001,8,138,-130
207000002,30,83,-53
207000003,27,85,-58
207000007,1636,129,1507
207000008,454,1,453
207000009,54,5,49
207000010,47,115,-68
207000012,464,83,381
207000015,42,260,-218
207000019,313,10,303
207000021,264,188,76
207000022,141,101,40
207000023,241,32,209
207000024,0,5,-5
207000025,13,16,-3
207000026,0,0,0
207000027,0,1,-1
207000028,2,29,-27
207000029,11,77,-66
207000033,179,225,-46
207000034,177,21,156
207000039,827,29,798
207000040,939,12,927
207000041,182,8,174
207000042,481,10,471
207000043,354,119,235
207000051,5,12,-7
207000052,0,14,-14
207000053,115,232,-117
207000054,9,41,-32
207000055,13,36,-23
207000056,78,107,-29
207000057,43,68,-25
207000058,43,78,-35
207000059,34,95,-61
207000060,24,221,-197
207000061,63,966,-903
207000062,602,37,565
207000063,542,28,514
207000064,398,30,368
207000065,234,80,154
207000066,544,111,433
207000067,95,25,70
207000068,137,30,107
207000069,649,129,520
207000082,3,83,-80
207000083,25,111,-86
207000084,517,130,387
207000085,341,37,304
207000086,620,6,614
207000106,117,7,110
207000107,177,13,164
207000108,136,1,135
207000109,95,2,93
207000110,29,15,14
207000111,61,21,40
207000112,34,242,-208
207000114,0,0,0
207000115,0,0,0
207000116,0,1,-1
207000117,0,1,-1
207000118,0,1,-1
207000119,0,1,-1
207000123,247,2,245
207000124,113,7,106
207000125,63,2,61
207000126,89,2,87
207000134,289,50,239
207000135,77,111,-34
207000148,88,202,-114
207000149,0,0,0
207000152,3,196,-193
207000153,20,294,-274
207000154,269,47,222
207000159,6,6,0
207000160,7,16,-9
207000238,0,0,0
207000242,0,0,0
207000248,0,0,0
207000249,0,0,0
207000250,0,0,0
207000251,0,0,0
207000252,0,0,0
207000278,188,94,94
207000279,0,13,-13
207000280,1143,34,1109
207000281,36,265,-229
207000282,27,474,-447
207000283,18,98,-80
207000284,33,1327,-1294
207000285,26,66,-40
207000291,0,1,-1
207000304,42,5,37
207000306,20,211,-191
207000310,191,76,115
207000353,56,0,56
207000356,0,30,-30
207000357,0,19,-19
207000358,0,23,-23
207000415,0,0,0
207000417,33,1,32
207000418,57,54,3
207000438,0,0,0
207000439,221,93,128
207000446,79,1,78
207000460,127,7,120
207000466,3,1,2
207000467,716,43,673
207000468,2,23,-21
207000476,3,37,-34
207000477,303,28,275
207000478,0,17,-17
207000523,0,0,0
207000524,32,0,32
207000527,222,49,173
207000530,288,3,285
207000531,100,4,96
207000532,31,33,-2
207000534,127,21,106
207000535,0,0,0
207000537,0,0,0
207000540,0,0,0
207000541,0,0,0
207000548,0,0,0
207000549,159,6,153
207000561,124,38,86
207000562,0,0,0
207000567,18,91,-73
207000568,270,45,225
207000569,820,88,732
207000584,0,0,0
207000585,13,72,-59
207000616,0,18,-18
207000617,183,0,183
207900008,625,113,512
208000001,390,544,-154
208000002,470,499,-29
208000003,466,258,208
208000004,556,292,264
208000005,0,0,0
208000019,885,205,680
208000020,231,104,127
208000021,162,185,-23
208000022,323,136,187
208000028,441,1041,-600
208000033,161,100,61
208000034,285,515,-230
208000037,191,15,176
208000040,242,40,202
208000041,416,285,131
208000042,909,250,659
208000047,101,90,11
208000064,1258,1053,205
208000066,752,613,139
208000070,541,330,211
208000071,519,164,355
208000072,794,269,525
208000080,153,210,-57
208000081,297,59,238
208000082,61,40,21
208000083,59,64,-5
208000084,3,60,-57
208000085,234,60,174
208000086,247,159,88
208000087,199,225,-26
208000089,631,99,532
208000090,348,217,131
208000093,17,64,-47
208000094,114,174,-60
208000095,352,328,24
208000104,1083,209,874
208000105,544,334,210
208000114,42,288,-246
208000115,369,194,175
208000116,1034,876,158
208000117,16,45,-29
208000118,73,192,-119
208000155,305,364,-59
208000158,625,1321,-696
208000186,518,946,-428
208000204,401,599,-198
208000205,935,393,542
208000282,476,387,89
209000004,585,96,489
209000005,38,15,23
209000006,342,104,238
209000007,235,298,-63
209000010,0,0,0
209000011,0,0,0
209000012,16,14,2
209000013,38,21,17
209000014,12,45,-33
209000025,572,46,526
209000026,1216,90,1126
209000027,51,28,23
209000028,28,45,-17
209000029,73,47,26
209000030,53,61,-8
209000031,276,158,118
209000034,225,166,59
209000035,188,158,30
209000036,308,85,223
209000037,536,101,435
209000038,314,72,242
209000039,76,82,-6
209000040,203,138,65
209000041,183,112,71
209000042,209,92,117
209000043,284,343,-59
209000044,309,377,-68
209000045,406,158,248
209000046,357,137,220
209000047,273,92,181
209000048,325,346,-21
209000049,17,26,-9
209000050,89,43,46
209000051,45,14,31
209000052,24,27,-3
209000062,0,0,0
209000063,0,0,0
209000064,0,1,-1
209000065,273,19,254
209000066,243,23,220
209000067,243,39,204
209000080,7,19,-12
209000082,88,31,57
209000091,0,0,0
209000093,0,0,0
209000094,0,0,0
209000110,78,67,11
209000111,470,1710,-1240
209000112,1258,301,957
209000113,2064,257,1807
209000114,1079,304,775
209000115,7,20,-13
209000116,46,70,-24
209000118,20,57,-37
209000119,0,0,0
209000121,8,82,-74
209000135,66,35,31
209000142,776,1708,-932
209000143,0,0,0
209000144,46,225,-179
209000229,117,40,77
209000240,4,22,-18
209000259,7,20,-13
209000260,7,133,-126
209000261,5,77,-72
209000262,0,74,-74
209000263,0,68,-68
209000264,0,68,-68
209000265,232,1,231
209000266,76,0,76
209000267,928,0,928
209000268,263,68,195
210000037,148,11,137
210000047,57,5,52
210000048,81,18,63
210000049,65,4,61
210000052,32,4,28
210000053,9,6,3
210000054,6,15,-9
210000070,106,6,100
210000071,178,5,173
210000072,39,0,39
210000073,0,0,0
210000074,0,0,0
210000075,0,0,0
210000076,1,9,-8
210000077,1,18,-17
210000078,2,46,-44
210000079,18,13,5
210000080,36,133,-97
210000081,74,7,67
210000082,26,0,26
210000083,16,0,16
210000084,55,0,55
210000085,0,3,-3
210000086,0,3,-3
210000099,0,7,-7
210000100,9,24,-15
210000101,0,12,-12
210000105,4,27,-23
210000159,0,1,-1
210000163,15,15,0
210000164,237,95,142
210000168,177,23,154
210000187,0,1,-1
210000188,0,1,-1
210000214,16,1,15
210000219,161,58,103
210000220,151,15,136
210000232,1,0,1
210000233,4,3,1
210000234,3,1,2
210000235,2,4,-2
210000245,0,0,0
210000246,4,0,4
210000258,3,7,-4
210000259,179,38,141
210000282,1,8,-7
210000285,0,1,-1
210000286,0,4,-4
210000290,0,0,0
210000295,8,29,-21
210000296,7,0,7
210000320,260,15,245
210000321,129,17,112
210000338,18,5,13
210000339,11,55,-44
210000340,10,17,-7
210000341,33,27,6
210000342,57,29,28
210000343,32,57,-25
210000344,19,37,-18
210000345,10,71,-61
210000346,7,18,-11
210000347,3,20,-17
210000348,25,22,3
210000349,4,6,-2
210000350,29,22,7
210000351,86,5,81
210000352,42,17,25
210000353,47,21,26
210000354,13,24,-11
210000355,20,70,-50
210000356,39,61,-22
210000357,12,75,-63
210000358,103,143,-40
210000359,83,154,-71
210000360,121,128,-7
210000361,249,81,168
210000362,269,74,195
210000363,372,94,278
210000364,159,70,89
210000365,154,12,142
210000366,217,46,171
210000367,85,15,70
210000368,101,15,86
210000369,38,12,26
210000370,94,16,78
210000372,31,13,18
210000373,5,12,-7
210000374,73,22,51
210000375,34,21,13
210000376,10,69,-59
210000404,4,7,-3
210000439,47,12,35
210000472,20,0,20
210000482,128,72,56
210000564,212,103,109
210000567,0,65,-65
210000568,200,0,200
211000092,24,37,-13
211000094,25,5,20
211000169,309,13,296
211000172,47,126,-79
211000209,1,64,-63
211000226,2,3,-1
211000270,42,18,24
211000275,58,11,47
211000276,126,33,93
211000279,24,16,8
211000281,86,13,73
211507980,1,45,-44
211977296,26,2,24
212000003,260,46,214
212000004,1,13,-12
212000005,1,40,-39
212000006,4,47,-43
212000008,69,73,-4
212000009,12,41,-29
212000012,38,19,19
212000013,3,5,-2
212000014,94,29,65
212000015,72,69,3
212000016,110,164,-54
212000027,443,139,304
212000028,347,136,211
212000029,188,200,-12
212000030,33,13,20
212000031,33,18,15
212000048,5,116,-111
212000049,2,77,-75
212000050,5,3,2
212000051,116,35,81
212000052,94,39,55
212000053,68,106,-38
212000054,534,25,509
212000055,453,63,390
212000056,32,36,-4
212000057,20,35,-15
212000058,143,23,120
212000070,72,52,20
212000077,73,88,-15
212000099,498,86,412
212000108,280,119,161
212000111,393,18,375
212000120,30,46,-16
212000138,39,8,31
212000156,4,52,-48
212000158,3,84,-81
212000159,567,58,509
212000160,559,54,505
212000161,114,1,113
212000310,18,8,10
212000311,6,50,-44
212000374,4,6,-2
213000001,10,217,-207
213000005,577,26,551
213000006,553,91,462
213000007,58,3,55
213000009,90,93,-3
213000010,300,43,257
213000011,176,11,165
213000012,189,146,43
213000014,57,13,44
213000015,202,7,195
213000016,202,0,202
213000017,27,0,27
213000018,0,7,-7
213000019,3,19,-16
213000020,108,76,32
213000021,0,48,-48
213000023,393,131,262
213000033,238,450,-212
213000034,357,88,269
213000035,135,243,-108
213000045,96,119,-23
213000046,66,69,-3
213000047,93,463,-370
213000056,133,11,122
213000069,56,1,55
213000073,0,67,-67
213000074,111,239,-128
213000075,462,0,462
213000076,12,0,12
213000085,0,1,-1
213000086,0,15,-15
213000091,227,1,226
213000092,53,1,52
213000099,108,568,-460
213000100,537,113,424
213000101,521,67,454
213000102,521,119,402
213000103,237,197,40
213000104,14,157,-143
213000105,23,609,-586
213000106,18,101,-83
213000107,113,174,-61
213000108,18,178,-160
213000109,5,106,-101
213000110,6,46,-40
213000111,1,40,-39
213000112,37,212,-175
213000115,23,3,20
213000116,26,179,-153
213000117,1,167,-166
213000118,890,233,657
213000119,10,199,-189
213000120,13,93,-80
213000122,79,192,-113
213000123,16,243,-227
213000124,75,362,-287
213000125,168,41,127
213000126,14,33,-19
213000127,3,59,-56
213000128,51,294,-243
213000129,218,851,-633
213000130,929,319,610
213000132,795,82,713
213000133,758,82,676
213000134,721,5,716
213000136,546,20,526
213000137,493,51,442
213000139,118,13,105
213000147,4,6,-2
213000148,19,31,-12
213000149,7,4,3
213000150,0,199,-199
213000151,0,139,-139
213000152,0,187,-187
213000153,0,119,-119
213000154,31,187,-156
213000155,61,81,-20
213000156,81,235,-154
213000157,813,133,680
213000158,269,232,37
213000159,766,154,612
213000163,1832,172,1660
213000165,514,131,383
213000171,0,6,-6
213000172,0,18,-18
213000173,0,7,-7
213000174,0,14,-14
213000175,1,8,-7
213000176,83,33,50
213000177,157,0,157
213000178,314,1,313
213000179,295,0,295
213000180,365,0,365
213000184,37,173,-136
213000188,582,77,505
213000189,715,20,695
213000190,575,86,489
213000191,620,59,561
213000192,213,59,154
213000193,190,123,67
213000194,0,111,-111
213000195,15,191,-176
213000196,250,526,-276
213000197,506,338,168
213000198,10,1,9
213000200,72,291,-219
213000201,2,79,-77
213000202,10,212,-202
213000203,889,166,723
213000204,806,11,795
213000205,405,14,391
213000206,412,36,376
213000207,26,3,23
213000208,28,0,28
213000209,54,1,53
213000210,142,0,142
213000211,1,22,-21
213000212,1,46,-45
213000213,4,40,-36
213000218,264,317,-53
213000219,983,11,972
213000220,948,18,930
213000223,247,113,134
213000224,14,45,-31
213000225,39,15,24
213000226,38,12,26
213000227,1132,68,1064
213000228,611,21,590
213000229,106,18,88
213000230,366,4,362
213000232,27,889,-862
213000233,2,47,-45
213000234,0,4,-4
213000293,8,208,-200
213000294,101,9,92
213000295,9,153,-144
213000296,141,24,117
213000297,4,12,-8
213000298,3,40,-37
213000299,26,37,-11
213000300,1,18,-17
213000303,0,14,-14
213000304,0,18,-18
213000305,1,19,-18
213000306,12,41,-29
213000307,34,78,-44
213000308,24,24,0
213000309,115,26,89
213000310,143,41,102
213000311,22,357,-335
213000315,37,40,-3
213000316,235,72,163
213000322,94,23,71
213000323,152,19,133
213000324,93,8,85
213000325,87,19,68
213000326,83,21,62
213000327,85,18,67
213000328,41,61,-20
213000329,22,14,8
213000340,37,257,-220
213000341,1010,16,994
213000346,60,234,-174
213000347,141,356,-215
213000348,2,80,-78
213000349,0,23,-23
213000350,179,249,-70
213000366,21,142,-121
213000367,306,4,302
213000379,38,29,9
213000386,6,133,-127
213000406,78,214,-136
213000417,1167,310,857
213000425,307,22,285
213000426,167,18,149
213000427,110,95,15
213000428,49,31,18
213000429,1,1,0
213000430,31,52,-21
213000431,10,2,8
213000432,0,293,-293
213000433,16,49,-33
213000434,172,38,134
213000435,99,20,79
213000436,73,24,49
213000437,0,12,-12
213000438,112,30,82
213000439,69,9,60
213000440,13,113,-100
213000441,0,3,-3
213000442,1,9,-8
213000443,240,338,-98
213000444,84,9,75
213000445,0,80,-80
213000446,1,270,-269
213000447,1,75,-74
213000448,15,87,-72
213000449,861,8,853
213000450,27,6,21
213000451,330,24,306
213000452,2,4,-2
213000453,1,43,-42
213000455,90,20,70
213000456,0,129,-129
213000481,1,3,-2
213000482,19,2,17
213000489,73,19,54
213000491,2,264,-262
213000492,39,6,33
213000493,0,346,-346
213000494,352,55,297
213000495,0,5,-5
213000496,466,75,391
213000497,15,189,-174
213000498,56,95,-39
213000499,106,185,-79
213000500,609,41,568
213000501,135,14,121
213000502,63,54,9
213000503,0,48,-48
213000504,3,73,-70
213000505,36,0,36
213000506,0,0,0
213000507,0,31,-31
213900016,0,2,-2
213900244,102,0,102
213900245,0,5,-5
218000003,58,8,50
218000004,30,11,19
218000005,15,48,-33
218000006,53,17,36
218000007,6,9,-3
218000012,54,131,-77
218000013,56,66,-10
218000014,78,32,46
218000019,345,192,153
218000020,166,165,1
218000021,9,13,-4
218000022,5,3,2
218000023,0,11,-11
218000024,1,7,-6
218000025,1,17,-16
218000026,12,8,4
218000027,15,3,12
218000028,2,3,-1
218000029,2,1,1
218000030,4,1,3
218000031,14,5,9
218000032,0,2,-2
218000040,2,5,-3
218000046,111,89,22
218000047,17,69,-52
218000048,153,72,81
218000049,69,127,-58
218000050,380,105,275
218000051,71,121,-50
218000052,0,41,-41
218000053,0,8,-8
218000054,13,22,-9
218000055,1,26,-25
218000056,15,38,-23
218000057,9,52,-43
218000064,0,2,-2
218000065,57,5,52
218000066,7,40,-33
218000067,104,33,71
218000068,102,76,26
218000069,403,28,375
218000070,273,159,114
218000071,166,132,34
218000072,98,71,27
218000078,572,198,374
218000079,315,10,305
218000080,228,20,208
218000081,662,43,619
218000082,190,8,182
218000083,18,10,8
218000084,43,44,-1
218000085,62,30,32
218000086,23,43,-20
218000087,43,27,16
218000090,35,135,-100
218000091,1082,361,721
218000092,117,77,40
218000093,46,31,15
218000094,314,144,170
218000099,112,76,36
218000100,157,36,121
218000101,87,42,45
218000102,128,30,98
218000103,26,46,-20
218000104,24,12,12
218000105,21,3,18
218000106,35,9,26
218000107,60,39,21
218000108,0,34,-34
218000112,15,2,13
218000117,58,47,11
218000134,271,167,104
218000135,11,68,-57
218000136,99,106,-7
218000137,78,78,0
218000138,64,35,29
218000139,131,163,-32
218000140,321,149,172
218000141,80,52,28
218000142,136,63,73
218000143,20,81,-61
218000144,9,130,-121
218000145,483,130,353
218000146,78,23,55
218000151,1,39,-38
218000152,46,26,20
218000153,2,8,-6
218000154,14,1,13
218000155,73,2,71
218000156,157,2,155
218000157,72,1,71
218000158,22,2,20
218000159,14,7,7
218000160,4,3,1
218000161,84,2,82
218000162,97,2,95
218000163,75,0,75
218000164,135,3,132
218000165,207,30,177
218000170,2,40,-38
218000171,45,4,41
218000172,7,4,3
218000173,11,9,2
218000174,10,9,1
218000176,253,16,237
218000177,355,61,294
218000178,129,37,92
218000179,170,40,130
218000180,56,10,46
218000181,221,18,203
218000187,8,8,0
218000188,1,4,-3
218000189,2,33,-31
218000190,26,8,18
218000191,26,4,22
218000192,66,28,38
218000193,79,59,20
218000194,48,77,-29
218000195,106,43,63
218000196,269,71,198
218000197,661,71,590
218000198,77,19,58
218000199,38,4,34
218000200,49,8,41
218000201,12,5,7
218000202,1,185,-184
218000207,33,14,19
218000208,10,47,-37
218000211,20,7,13
218000212,0,5,-5
218000213,217,165,52
218000214,7,58,-51
218000215,92,59,33
218000217,3,33,-30
218000218,381,66,315
218000219,13,26,-13
218000220,84,333,-249
218000221,523,267,256
218000222,0,45,-45
218000223,40,219,-179
218000224,6,164,-158
218000225,156,23,133
218000226,317,26,291
218000230,0,11,-11
218000232,61,37,24
218000239,69,1,68
218000240,1,0,1
218000241,3,0,3
218000242,2,0,2
218000243,2,0,2
218000244,14,0,14
218000245,0,7,-7
218000246,0,4,-4
218000247,1,0,1
218000248,0,21,-21
218000249,0,2,-2
218000250,0,5,-5
218000251,1,19,-18
218000252,1,31,-30
218000253,0,13,-13
218000254,0,5,-5
218000255,1,14,-13
218000256,31,36,-5
218000267,426,443,-17
218000268,0,10,-10
218000269,1,8,-7
218000270,37,6,31
218000271,2,8,-6
218000273,49,0,49
218000274,8,0,8
218000275,73,80,-7
218000276,27,16,11
218000278,6,38,-32
218000279,87,7,80
218000280,0,7,-7
218000281,7,1,6
218000282,394,640,-246
218000284,21,3,18
218000301,9,42,-33
218000302,29,15,14
218000303,3,36,-33
218000316,1131,336,795
218000317,2267,163,2104
218000318,1285,142,1143
218000319,460,233,227
218000320,307,156,151
218000338,12,35,-23
218000345,160,35,125
218000346,15,86,-71
218000459,39,125,-86
218000490,2,25,-23
218000501,92,17,75
218000502,52,9,43
218000503,126,0,126
218000504,65,5,60
218000505,12,32,-20
218000506,9,48,-39
218000508,0,2,-2
218000510,35,14,21
218000520,105,70,35
218000521,0,6,-6
218000522,9,167,-158
218000523,91,0,91
218000524,10,128,-118
218000525,41,19,22
218000526,3,123,-120
218000529,14,28,-14
218000530,41,3,38
218000531,2,16,-14
218000532,82,12,70
218000534,383,10,373
218000537,4,81,-77
218000538,43,117,-74
218000540,57,86,-29
218000543,129,11,118
218000544,10,15,-5
218000545,224,51,173
218000546,4,9,-5
218000547,88,160,-72
218000548,57,84,-27
218000549,918,89,829
218000550,74,144,-70
218000551,51,191,-140
218000552,332,44,288
218000553,38,51,-13
218000554,20,2,18
218000555,10,31,-21
218000556,95,28,67
218000557,607,87,520
218000558,12,0,12
218000559,0,42,-42
218000560,0,31,-31
218000561,1,0,1
218000562,0,64,-64
218000563,50,24,26
218000564,1,90,-89
218000565,64,19,45
218000566,49,11,38
218000567,1,75,-74
218000568,2,0,2
218000569,0,115,-115
218000570,41,21,20
218000571,1,83,-82
218000572,24,2,22
218000573,1,126,-125
218000574,26,11,15
218000575,56,0,56
218000576,0,95,-95
218000577,27,0,27
218000578,0,54,-54
218000579,2,14,-12
218000581,7,29,-22
218000582,131,0,131
218000583,3,0,3
218000584,0,60,-60
218000585,26,8,18
218000586,3,11,-8
218000587,11,0,11
218000588,0,29,-29
218000589,1,52,-51
218000590,1,1,0
218000591,2,69,-67
218000592,3,62,-59
218000593,0,0,0
218000594,0,26,-26
218000595,0,18,-18
218000596,0,0,0
218000597,0,10,-10
218000598,0,4,-4
218000599,1,83,-82
218000600,2,10,-8
218000601,0,28,-28
218000602,0,2,-2
218000603,0,7,-7
218000604,38,0,38
218000605,1,256,-255
218000606,261,0,261
218000607,3,39,-36
218000608,3,13,-10
218000609,1,26,-25
218000610,72,0,72
218000611,2,0,2
218000612,1,23,-22
218000613,21,0,21
218000614,0,9,-9
218000615,179,0,179
218000616,17,186,-169
218000617,2,0,2
218000618,1,7,-6
218000619,16,11,5
218000620,3,37,-34
218000621,0,1,-1
218000622,0,100,-100
218000623,12,0,12
218000624,0,76,-76
218000625,7,0,7
218000626,0,34,-34
218000628,141,93,48
218000631,101,5,96
218000632,0,92,-92
218000633,62,1,61
218000634,0,8,-8
218000635,3,2,1
218000636,303,159,144
218000637,954,87,867
218000638,376,4,372
218000639,35,27,8
218000640,598,11,587
218000641,84,54,30
218000652,30,39,-9
218000653,208,16,192
218000663,0,31,-31
218000675,8,44,-36
218000676,0,5,-5
218000677,56,3,53
218000680,151,61,90
218000681,695,20,675
218000691,201,112,89
218000693,737,22,715
218000703,4,2,2
218000718,9,92,-83
218000719,15,40,-25
218000720,0,82,-82
218000721,6,3,3
218000725,14,2,12
218001214,30,30,0
218001258,73,20,53
218001329,49,68,-19
218001330,14,78,-64
218001351,4,24,-20
218001352,2,6,-4
218001353,1,2,-1
218001354,1,19,-18
218001356,630,24,606
218001358,475,2,473
218001361,575,24,551
219000001,0,0,0
219000002,0,0,0
219000003,35,19,16
219000004,26,43,-17
219000017,73,26,47
219000020,163,19,144
219000022,183,1,182
219000023,41,4,37
219000029,0,0,0
219000034,70,42,28
219000039,0,0,0
219000040,9,38,-29
219000041,100,51,49
219000051,0,0,0
219000052,0,0,0
219000053,0,3,-3
219000054,0,0,0
219000055,335,2,333
219000056,2,0,2
219000057,48,0,48
219000062,15,36,-21
219000063,293,0,293
219000064,0,7,-7
219000110,96,165,-69
219000111,103,38,65
219000112,144,12,132
219000113,152,23,129
219000114,191,7,184
219000116,125,52,73
219000117,62,29,33
219000118,43,5,38
219000123,59,13,46
219000124,17,0,17
219000125,0,0,0
219000126,0,0,0
219000127,0,0,0
219000128,2,7,-5
219000129,1,6,-5
219000130,41,49,-8
219000131,548,680,-132
219000133,24,50,-26
219000134,4,26,-22
219000135,2,39,-37
219000136,37,144,-107
219000138,76,8,68
219000139,55,0,55
219000140,115,2,113
219000141,61,2,59
219000142,7,2,5
219000143,13,2,11
219000145,2,3,-1
219000146,0,0,0
219000147,0,0,0
219000148,0,0,0
219000149,0,0,0
219000150,0,0,0
219000151,0,0,0
219000157,273,42,231
219000158,190,28,162
219000161,237,5,232
219000163,588,203,385
219000166,85,43,42
219000167,51,32,19
219000168,201,31,170
219000174,567,50,517
219000175,131,5,126
219000176,228,9,219
219000177,107,1,106
219000178,101,0,101
219000179,51,39,12
219000180,36,2,34
219000182,44,15,29
219000183,49,3,46
219000184,43,1,42
219000185,0,0,0
219000186,18,14,4
219000187,28,12,16
219000189,17,3,14
219000190,0,4,-4
219000191,39,119,-80
219000192,245,131,114
219000193,11,4,7
219000195,0,0,0
219000196,0,0,0
219000198,0,0,0
219000199,0,0,0
219000200,0,0,0
219000201,0,1,-1
219000203,0,4,-4
219000204,0,24,-24
219000205,19,20,-1
219000207,4,29,-25
219000209,0,1,-1
219000210,0,2,-2
219000213,1,39,-38
219000239,47,125,-78
219000240,30,198,-168
219000241,80,51,29
219000242,37,88,-51
219000243,78,324,-246
219000244,5,135,-130
219000245,1,40,-39
219000246,6,20,-14
219000247,237,36,201
219000248,322,314,8
219000249,220,113,107
219000250,139,82,57
219000251,498,111,387
219000252,232,52,180
219000253,210,6,204
219000255,157,117,40
219000256,322,24,298
219000257,93,0,93
219000262,11,14,-3
219000263,25,10,15
219000267,0,1,-1
219000268,0,0,0
219000269,1,0,1
219000270,15,0,15
219000271,139,8,131
219000278,0,0,0
219000279,0,0,0
219000283,0,1,-1
219000295,4,23,-19
219000296,14,50,-36
219000297,2,9,-7
219000298,0,7,-7
219000299,186,28,158
219000300,12,7,5
219000301,3,47,-44
219000302,1,11,-10
219000307,0,0,0
219000308,57,32,25
219000311,55,13,42
219000312,220,63,157
219000313,281,41,240
219000314,4,18,-14
219000315,308,15,293
219000316,450,23,427
219000317,104,11,93
219000320,0,0,0
219000321,0,0,0
219000323,0,0,0
219000325,0,0,0
219000326,2,12,-10
219000327,0,0,0
219000328,0,0,0
219000329,211,89,122
219000330,20,1,19
219000331,46,4,42
219000332,185,18,167
219000333,20,14,6
219000335,73,1,72
219000337,2,0,2
219000338,20,0,20
219000344,0,0,0
219000345,0,0,0
219000346,0,0,0
219000348,5,9,-4
219000349,1,7,-6
219000350,0,1,-1
219000351,1,0,1
219000352,24,30,-6
219000353,150,40,110
219000354,637,34,603
219000355,87,8,79
219000356,246,572,-326
219000363,116,24,92
219000364,124,13,111
219000365,60,7,53
219000366,141,708,-567
219000368,177,278,-101
219000370,398,286,112
219000371,0,0,0
219000382,0,4,-4
219000383,65,214,-149
219000385,36,138,-102
219000386,97,350,-253
219000387,0,1,-1
219000390,0,0,0
219000391,0,0,0
219000397,0,0,0
219000398,18,23,-5
219000401,3,25,-22
219000402,4,18,-14
219000403,56,74,-18
219000404,8,30,-22
219000407,6,3,3
219000409,88,15,73
219000410,87,6,81
219000411,83,5,78
219000446,2,42,-40
219000447,0,0,0
219000448,2,3,-1
219000452,59,78,-19
219000453,8,89,-81
219000454,190,282,-92
219000556,490,31,459
219000558,22,63,-41
219000590,0,127,-127
219000591,255,29,226
219000592,5,55,-50
219000595,0,0,0
219000635,34,44,-10
219000636,2,0,2
219000657,4,0,4
219000658,0,7,-7
219000673,0,0,0
219000676,7,0,7
219000679,16,1,15
219000684,105,0,105
219000685,0,7,-7
219000686,0,3,-3
219000688,0,4,-4
219000689,11,46,-35
219000690,80,2,78
219000691,7,19,-12
219000692,70,1,69
219000693,0,0,0
219000694,30,0,30
219000695,143,0,143
219000698,4,0,4
219000699,0,0,0
219000727,0,3,-3
219000728,34,1,33
219000770,3,2,1
219000771,0,0,0
219000788,63,215,-152
219001150,0,99,-99
219001151,0,2,-2
219001166,12,12,0
219001167,2,16,-14
219001178,63,0,63
220000001,9,55,-46
220000002,2,25,-23
220000003,27,51,-24
220000004,40,102,-62
220000005,70,352,-282
220000006,30,184,-154
220000007,115,82,33
220000008,68,145,-77
220000009,37,37,0
220000010,22,93,-71
220000011,230,2372,-2142
220000012,23,334,-311
220000014,108,41,67
220000015,43,305,-262
220000017,22,146,-124
220000018,4033,912,3121
220000019,119,420,-301
220000020,268,137,131
220000021,588,110,478
220000022,979,152,827
220000023,145,91,54
220000024,527,314,213
220000025,447,1178,-731
220000026,239,471,-232
220000027,5,211,-206
220000028,34,405,-371
220000029,4,15,-11
220000030,3,35,-32
220000031,541,285,256
220000064,36,352,-316
221000046,6,0,6
221000047,0,0,0
221000048,0,3,-3
221000049,0,3,-3
221000050,3,0,3
221000055,7,29,-22
221000057,143,0,143
221000068,209,68,141
221000069,239,12,227
221000070,207,6,201
221000071,65,2,63
221000072,287,1,286
221000073,222,6,216
221000074,0,0,0
221000075,0,4,-4
221000076,0,4,-4
221000077,2,9,-7
221000081,9,0,9
221000082,57,1,56
221000083,6,2,4
221000084,0,5,-5
221000085,5,48,-43
221000086,2,68,-66
221000087,0,86,-86
221000088,10,71,-61
221000089,10,77,-67
221000090,21,132,-111
221000098,126,11,115
221000099,170,11,159
221000100,135,4,131
221000101,156,2,154
221000102,129,10,119
221000109,1,6,-5
221000110,5,19,-14
221000111,0,45,-45
221000112,1,10,-9
221000113,1,15,-14
221000114,1,44,-43
221000120,3,70,-67
221000121,1,30,-29
221000122,7,50,-43
221000123,4,34,-30
221000124,20,144,-124
221000155,153,4,149
221000156,62,5,57
221000175,11,5,6
221000176,2,12,-10
221000182,67,0,67
221000241,292,291,1
221000242,24,133,-109
221000243,278,118,160
221000244,39,185,-146
221000245,44,32,12
221000246,8,170,-162
221000247,92,55,37
221000248,71,56,15
221000267,37,213,-176
221000325,36,98,-62
221000331,2,54,-52
221000338,7,31,-24
221000378,321,9,312
221000381,43,76,-33
222000282,10,0,10
222000296,5,22,-17
222000568,328,22,306
222000569,120,30,90
222000570,164,6,158
222000571,362,4,358
222000577,5,32,-27
222000578,0,59,-59
222000579,16,95,-79
222000580,3,677,-674
222000599,0,53,-53
222000600,0,55,-55
222000601,0,162,-162
222000603,13,13,0
222000604,0,32,-32
222000605,5,53,-48
222000606,0,33,-33
222000607,0,12,-12
222000608,1,17,-16
222000609,36,21,15
222000616,633,32,601
222000617,2,8,-6
222000618,1,14,-13
222000620,29,17,12
222000621,9,16,-7
222000623,497,5,492
222000624,376,17,359
222000625,776,5,771
222000636,54,3,51
222000686,8,62,-54
222000687,13,6,7
222001066,530,3,527
222001067,80,0,80
222001068,275,3,272
222001069,102,21,81
222001082,27,12,15
222001083,119,5,114
222001084,1,16,-15
222001085,7,268,-261
222001111,113,16,97
222001112,334,10,324
222001313,2,3,-1
222001314,0,38,-38
222001464,52,17,35
222001465,1,136,-135
222001484,189,27,162
222001485,6,25,-19
222001494,932,119,813
222001495,27,73,-46
222001496,449,48,401
222001497,35,153,-118
222001502,0,16,-16
222001503,171,13,158
222001504,2,25,-23
222001505,415,22,393
222001506,1,7,-6
222001507,225,7,218
222001510,654,21,633
222001511,2,51,-49
222001514,686,26,660
222001515,8,77,-69
222001518,671,20,651
222001519,52,45,7
222001527,147,7,140
222001528,1,19,-18
222001529,599,19,580
222001530,6,35,-29
222001533,5,90,-85
222001534,725,6,719
222001535,319,75,244
222001536,22,154,-132
222001537,327,9,318
222001538,4,84,-80
222001563,1126,25,1101
222001564,21,91,-70
222001568,140,26,114
222001576,1,1,0
222001579,3,24,-21
222001583,9,46,-37
222001584,259,16,243
222001596,92,294,-202
222001597,1205,77,1128
222001626,0,31,-31
222001650,24,18,6
222001651,27,132,-105
222001914,309,10,299
222001915,0,31,-31
222001968,440,65,375
222001969,108,229,-121
222001970,63,174,-111
222001971,107,5,102
222001972,12,1,11
225000001,330,70,260
225000002,555,57,498
225000003,812,43,769
225000004,429,56,373
225000005,43,23,20
225000006,0,0,0
225000007,100,276,-176
225000010,177,31,146
225000011,110,806,-696
225000012,150,504,-354
225000013,68,43,25
225000014,477,54,423
225000015,41,59,-18
225000021,348,51,297
225000027,66,52,14
225000032,509,26,483
225000042,35,65,-30
225000049,15,16,-1
225000050,94,10,84
225000053,0,0,0
225000058,319,57,262
225000067,26,14,12
225000068,17,22,-5
225000069,5,31,-26
225000070,4,31,-27
225000071,1,41,-40
225000075,26,194,-168
225000076,0,0,0
225000078,18,23,-5
225000085,77,10,67
225000086,208,23,185
225000087,102,2,100
225000088,0,14,-14
225000089,0,0,0
225000090,0,0,0
225000091,0,0,0
225000092,4,26,-22
225000093,44,11,33
225000094,0,16,-16
225000095,25,43,-18
225000096,8,36,-28
225000098,672,42,630
225000099,385,22,363
225000100,432,48,384
225000104,26,160,-134
225000110,0,29,-29
225000111,88,82,6
225000112,155,204,-49
225000113,39,369,-330
225000114,58,203,-145
225000115,612,321,291
225000116,174,45,129
225000117,357,282,75
225000118,643,184,459
225000119,204,40,164
225000120,480,17,463
225000121,85,17,68
225000123,694,7,687
225000125,419,96,323
225000126,362,103,259
225000127,281,1468,-1187
225000128,325,968,-643
225000132,484,14,470
225000133,80,8,72
225000134,515,54,461
225000135,107,14,93
225000136,372,5,367
225000137,335,37,298
225000138,354,57,297
225000143,1,2,-1
225000144,0,0,0
225000145,41,18,23
225000146,0,0,0
225000147,0,0,0
225000148,0,0,0
225000149,0,0,0
225000151,0,0,0
225000155,6,22,-16
225000156,75,395,-320
225000157,115,101,14
225000158,7,7,0
225000171,1,41,-40
225000180,4,0,4
225000181,0,6,-6
225000182,22,2,20
225000185,0,84,-84
225000187,5,74,-69
225000191,9,0,9
225000194,0,1,-1
225000208,1,13,-12
225000209,54,10,44
225000210,0,0,0
225000217,0,2,-2
225000218,5,1,4
225000223,0,39,-39
225000224,4,0,4
225000225,0,13,-13
225000226,88,13,75
225000227,10,24,-14
225000228,7,18,-11
225000229,0,5,-5
225000230,4,0,4
225000231,0,3,-3
225000232,130,0,130
225000241,40,0,40
225000242,0,8,-8
225000249,1,0,1
225000250,0,0,0
225000251,527,23,504
225000254,0,39,-39
225000256,3,189,-186
225000257,3,134,-131
226000042,1,21,-20
226000043,0,17,-17
226000044,3,40,-37
226000045,2,45,-43
226000046,755,24,731
226000047,378,25,353
226000048,393,59,334
226000049,307,185,122
226000070,0,0,0
226000071,0,0,0
226000072,0,0,0
226000073,0,0,0
226000074,0,0,0
226000084,0,0,0
226000085,0,0,0
226000086,0,0,0
226000087,0,1,-1
226000088,0,1,-1
226000090,18,52,-34
226000091,3,16,-13
226000092,2,21,-19
226000093,5,11,-6
226000094,7,8,-1
226000095,16,10,6
226000105,0,0,0
226000106,7,0,7
226000107,38,1,37
226000108,6,0,6
226000109,140,0,140
226000124,246,39,207
226000134,1185,213,972
226000135,1971,266,1705
226000136,819,164,655
226000137,0,1,-1
226000138,0,0,0
226000139,0,0,0
226000156,280,3,277
226000157,329,3,326
226000163,1,0,1
226000202,0,1,-1
226000231,417,4,413
226000232,38,0,38
227000033,426,8,418
227000036,649,9,640
227000037,619,4,615
227000038,127,11,116
227000084,0,0,0
227000085,0,0,0
227000088,62,1,61
227000089,52,0,52
227000090,43,0,43
227000091,149,0,149
227000092,25,1,24
227000093,90,1,89
227000094,8,0,8
227000130,0,0,0
227000131,0,0,0
227000132,0,0,0
227000133,0,0,0
227000134,0,1,-1
227000152,0,0,0
227000153,0,0,0
227000154,0,0,0
227000155,0,0,0
227000156,0,0,0
227000165,0,0,0
227000196,838,55,783
227000199,696,62,634
227000230,1,100,-99
227000232,1207,65,1142
227000242,0,3,-3
227000243,337,27,310
227000245,2,5,-3
227000246,0,10,-10
227000247,583,14,569
227000248,153,75,78
227000249,0,20,-20
227000250,248,176,72
227000251,1,75,-74
227000252,3,6,-3
227000253,337,49,288
227000262,730,14,716
227000266,1764,16,1748
227000267,0,171,-171
227000282,0,0,0
227000284,861,11,850
227000286,0,0,0
227000287,0,0,0
227000291,0,0,0
227000296,104,128,-24
227000484,232,19,213
227000485,0,5,-5
227000655,531,22,509
227000656,821,16,805
227000657,279,8,271
227000661,554,33,521
229000265,57,22,35
229000296,0,27,-27
229000297,0,22,-22
229000298,2,188,-186
229000320,18,0,18
229000321,51,5,46
229000412,14,18,-4
229000414,18,18,0
229000415,5,0,5
229000416,3,4,-1
229000417,5,1,4
229000419,121,116,5
229000440,222,55,167
229000442,27,6,21
229000443,6,0,6
229000444,0,31,-31
229000445,47,1,46
229000446,58,10,48
229000491,0,1,-1
229000492,0,6,-6
229000493,0,1,-1
229000494,94,1,93
229000495,172,0,172
229000496,241,4,237
229000507,0,0,0
229000508,0,0,0
229000509,0,0,0
229000510,0,0,0
229000511,0,1,-1
229000512,0,0,0
229000513,0,0,0
229000514,0,1,-1
229000517,7,0,7
229000518,0,1,-1
229000519,1,1,0
229000520,2,9,-7
229000521,101,6,95
229000522,7,0,7
229000523,11,0,11
229000524,7,1,6
229000527,1,0,1
229000528,0,0,0
229000529,10,0,10
229000530,174,0,174
229000531,23,3,20
229000532,22,0,22
229000533,60,0,60
229000534,29,1,28
229000564,143,1,142
229000565,83,0,83
229000566,0,0,0
229000567,0,1,-1
229000582,59,0,59
229000583,22,1,21
229000584,0,2,-2
229000585,1,1,0
229000718,0,0,0
229000719,0,0,0
229000720,0,0,0
229000721,0,0,0
229000722,0,0,0
229000723,0,0,0
229000724,0,0,0
229000725,0,0,0
229000738,0,0,0
229000739,4,0,4
229000740,1,1,0
229000741,53,0,53
229000742,12,0,12
229000743,51,0,51
229000744,0,0,0
229000745,0,0,0
229000746,21,0,21
229000847,105,0,105
229000848,125,0,125
229000849,231,0,231
229000851,238,0,238
229000854,0,0,0
229000856,0,0,0
229000857,0,0,0
229000858,0,0,0
229000919,0,0,0
229000930,0,0,0
229000937,71,19,52
229000966,19,12,7
229000981,0,0,0
229000985,4,17,-13
229000986,0,5,-5
229000987,0,2,-2
229000988,3,15,-12
229000989,0,3,-3
229000990,2,7,-5
229000991,0,1,-1
229000992,31,1,30
229000993,184,11,173
229000998,23,49,-26
229000999,78,13,65
229001034,0,14,-14
229001035,5,6,-1
229001037,63,4,59
229001042,7,0,7
229001047,0,47,-47
229001050,70,27,43
229001168,0,0,0
229001200,35,0,35
229001338,0,3,-3
229001394,176,0,176
229001422,97,7,90
229001423,0,0,0
229001431,7,11,-4
229001432,0,0,0
229001444,210,26,184
229001445,122,40,82
229001479,45,1,44
229001503,197,18,179
229001504,0,0,0
229001505,71,4,67
229001506,0,0,0
229001509,69,0,69
229001545,59,14,45
229001546,0,0,0
229001553,46,7,39
229001554,0,0,0
229001630,132,1,131
229001631,2,14,-12
229001635,0,4,-4
229001636,0,0,0
229001658,0,0,0
229001659,51,5,46
229001660,0,2,-2
229001661,0,4,-4
229001662,16,0,16
229001663,0,0,0
229002584,261,154,107
229002831,83,40,43
229002841,1,47,-46
229002842,22,7,15
229002843,99,9,90
229002844,7,64,-57
229002845,0,84,-84
229002846,1,23,-22
229002847,0,3,-3
229002848,4,15,-11
229002849,1,68,-67
229002850,3,23,-20
229002851,28,145,-117
229002852,83,75,8
229002853,26,1,25
229002854,14,24,-10
229002855,1,39,-38
229002856,25,5,20
229002857,42,39,3
229002858,37,2,35
229002859,8,37,-29
229002860,26,32,-6
229002861,40,46,-6
229002862,1,6,-5
229002863,2,38,-36
229002864,58,19,39
229002865,2,23,-21
229002866,11,22,-11
229002867,0,21,-21
229002868,4,4,0
229002869,4,47,-43
229002870,39,0,39
235000066,109,14,95
235000067,82,33,49
235000072,0,0,0
235000073,0,0,0
235000074,0,0,0
235000080,0,0,0
235000081,0,0,0
235000082,279,50,229
235000083,188,76,112
235000084,13,32,-19
235000085,176,52,124
235000089,37,10,27
235000092,0,0,0
235000093,0,0,0
235000097,0,2,-2
235000098,97,5,92
235000099,2,8,-6
235000116,10,11,-1
235000117,346,18,328
235000133,0,0,0
235000134,0,0,0
235000206,0,2,-2
235000207,1,5,-4
235000208,0,0,0
235000209,1,3,-2
235000210,8,3,5
235000212,0,0,0
235000213,0,0,0
235000220,0,0,0
235000221,0,0,0
235000238,3,351,-348
235000239,0,38,-38
235000242,162,1114,-952
235000245,0,0,0
235000246,0,0,0
235000284,0,75,-75
235000295,37,5,32
235000305,189,17,172
235000306,475,1,474
235000307,9,2,7
235000308,5,0,5
235000309,45,0,45
235000310,62,0,62
235000311,31,23,8
235000322,0,13,-13
235000323,0,33,-33
235000324,0,5,-5
235000325,0,7,-7
235000326,14,29,-15
235000351,14,73,-59
235000352,3,35,-32
235000353,8,19,-11
235000354,1,25,-24
235000355,2,84,-82
235000356,43,0,43
235000357,41,0,41
235000358,22,3,19
235000359,1,3,-2
235000360,26,3,23
235000361,22,1,21
235000381,0,0,0
235000382,285,19,266
235000390,0,2,-2
235000391,134,24,110
235000392,141,87,54
235000393,113,89,24
235000395,115,25,90
235000396,663,21,642
235000400,33,47,-14
235000401,0,0,0
235000405,0,0,0
235000406,0,0,0
235000407,0,0,0
235000409,0,0,0
235000410,0,0,0
235000411,0,0,0
235000485,0,0,0
235000486,21,0,21
235000549,74,94,-20
235000550,0,0,0
235000599,0,0,0
235000600,0,0,0
235000601,31,5,26
235000602,111,10,101
235000614,0,0,0
235000648,0,0,0
235000649,16,16,0
235000685,0,0,0
235000815,20,8,12
235000834,0,18,-18
235000855,30,26,4
235000862,0,0,0
235000891,0,0,0
235000892,1,0,1
235000901,0,0,0
235000907,0,0,0
235001010,54,42,12
235001029,0,0,0
235001030,196,25,171
235001078,138,43,95
235001079,0,0,0
235001147,1,41,-40
235001166,4,26,-22
235001167,0,0,0
235001169,4,128,-124
235001188,0,0,0
235001189,2,4,-2
235001197,0,0,0
235001200,0,0,0
235001207,210,37,173
235001210,0,0,0
235001215,0,0,0
235001239,0,0,0
235001244,0,0,0
235016267,0,67,-67
277101746,0,6,-6
277102712,5,0,5
277103813,0,0,0
277103814,0,0,0
277103898,0,0,0
277104249,0,0,0
277104250,0,8,-8
277104251,0,2,-2
277104252,0,0,0
990011530,0,112,-112
990014944,0,59,-59
990015176,5,39,-34
990015618,0,51,-51
990016032,0,98,-98
990032570,15,251,-236
990070001,49,0,49
990070103,0,3,-3
990070601,0,7,-7
990070751,1630,4,1626
990070766,0,54,-54
990071180,364,36,328
990071343,12,0,12
990071387,0,0,0
990071823,441,44,397
990072600,0,452,-452
990072964,1,148,-147
990073285,0,0,0
990074393,1,247,-246
990074870,1251,5,1246
990075106,222,2,220
990075746,521,3,518
990076437,2935,3,2932
990076458,1,261,-260
997000007,214,1,213
997000041,0,277,-277
997000058,45,0,45
997000062,73,1,72
997000069,0,0,0
997000070,0,12,-12
997000100,57,1,56
997000141,0,0,0
997000198,0,0,0
998000475,0,0,0
998000736,0,50,-50
998000965,0,53,-53
998001031,1,69,-68
998001700,0,19,-19
998001899,0,0,0
998001900,8,8,0
998003073,1805,10,1795
998101900,0,0,0
998102850,1,86,-85
998501927,172,86,86
998501929,194,1,193
998501930,56,0,56
998501931,109,37,72
998501932,6,1,5
998501933,41,1,40
998501937,9,2,7
998501944,1,0,1
998501970,99,22,77
998501971,0,11,-11
998501973,0,4,-4
998501974,0,52,-52
998501975,102,2,100
998501976,38,13,25
998501977,0,34,-34
998501978,3,0,3
998501979,0,0,0
998501980,109,7,102
998501981,36,2,34
998501982,0,69,-69
998502006,0,1,-1
998502024,0,0,0
998502032,0,0,0
998502062,53,37,16
998502063,0,0,0
998502173,0,0,0
998502269,0,0,0
998601159,0,15,-15
998601292,0,11,-11
999033574,0,346,-346
999800001,41,4,37
999800002,0,0,0
999800003,3,7,-4
999800004,0,3,-3
999800005,0,0,0
