ID,insum,outsum,diff
100000001,674,1041,-367
100000002,3513,2859,654
100000003,5986,5521,465
100000004,962,1160,-198
100000005,2705,5376,-2671
100000006,509,244,265
100000007,2158,825,1333
100000008,149,601,-452
100000009,643,298,345
100000010,120,93,27
100000011,1051,123,928
100000012,71,893,-822
100000013,148,230,-82
100000014,264,390,-126
100000015,1759,2476,-717
100000016,771,1697,-926
100000017,532,1027,-495
100000018,1329,815,514
100000019,4064,2520,1544
100000020,1920,7117,-5197
100000021,5600,2721,2879
100000022,1305,3105,-1800
100000023,6329,2189,4140
100000025,872,1644,-772
100000028,1394,1271,123
100000029,142,408,-266
100000030,167,64,103
100000031,3706,6809,-3103
100000032,2153,4208,-2055
100000033,1028,3081,-2053
100000034,278,691,-413
100000035,1428,2008,-580
100000036,1703,1695,8
100000037,697,431,266
100000038,2189,1169,1020
100000039,640,962,-322
100000040,240,231,9
100000041,1429,538,891
100000042,1166,535,631
100000043,815,525,290
100000044,292,815,-523
100000045,399,1200,-801
100000046,626,883,-257
100000047,411,663,-252
100000048,636,679,-43
100000049,1403,1396,7
100000051,461,787,-326
100000053,243,10,233
100000054,453,48,405
100000055,915,292,623
100000056,581,618,-37
100000057,2162,806,1356
100000058,1012,1032,-20
100000059,14,161,-147
100000060,482,304,178
100000061,2473,711,1762
100000062,2193,672,1521
100000063,1047,301,746
100000064,1603,321,1282
100000065,353,707,-354
100000066,165,549,-384
100000067,450,608,-158
100000068,529,1237,-708
100000069,310,1055,-745
100000072,200,713,-513
100000073,1110,1079,31
100000075,807,348,459
100000076,2102,3441,-1339
100000077,162,334,-172
100000078,50,55,-5
100000079,39,49,-10
100000080,25,51,-26
100000081,180,236,-56
100000102,2674,3149,-475
100000103,2253,2216,37
100000104,3433,3283,150
100000105,1928,2204,-276
100000106,2256,2861,-605
100000107,530,1402,-872
100000108,644,1198,-554
100000109,1697,1426,271
100000116,1035,1131,-96
100000117,65,130,-65
100000118,1135,1561,-426
100000119,621,957,-336
100000121,519,435,84
100000122,811,1234,-423
100000123,1901,3858,-1957
100000124,3605,5662,-2057
100000125,3656,1961,1695
100000126,656,562,94
100000127,1403,498,905
100000128,1654,2555,-901
100000129,411,659,-248
100000130,597,439,158
100000131,2665,2771,-106
100000132,1203,3068,-1865
100000133,3489,2086,1403
100000135,775,1387,-612
100000139,333,381,-48
100000140,405,486,-81
100000142,592,510,82
100000143,1550,613,937
100000144,3519,751,2768
100000147,1300,3743,-2443
100000150,54,362,-308
100000151,1052,1410,-358
100000153,325,429,-104
100000154,44,375,-331
100000155,27,47,-20
100000156,382,515,-133
100000157,361,169,192
100000158,317,126,191
100000159,213,655,-442
100000165,1341,955,386
100000169,157,1077,-920
100000174,476,991,-515
100000179,84,687,-603
100000180,3632,9490,-5858
100000181,621,424,197
100000188,71,556,-485
100000189,1395,674,721
100000190,736,1191,-455
100000191,863,774,89
100000192,62,151,-89
100000193,362,228,134
100000330,1126,1100,26
100000355,212,1115,-903
100000362,3563,2432,1131
100000363,5030,4726,304
100000364,178,298,-120
100000365,6320,8279,-1959
100000366,4512,3021,1491
100000367,5502,7685,-2183
100000368,2438,1286,1152
100000369,1046,2461,-1415
100000370,248,1198,-950
100000376,73,171,-98
100000379,2010,1963,47
100000380,4395,5125,-730
100000384,5313,6426,-1113
100000385,2952,4747,-1795
100000386,5623,5806,-183
100000387,4211,6464,-2253
100000388,5192,7634,-2442
100000389,6268,7091,-823
100000390,7294,7399,-105
100000391,5665,9074,-3409
100000392,2758,5093,-2335
100000393,2853,5595,-2742
100000394,6555,10275,-3720
100000395,5394,5366,28
100000396,5697,3957,1740
100000397,4347,7750,-3403
100000398,10305,8014,2291
100900002,15,33,-18
100900003,414,251,163
100900004,27,1241,-1214
100900005,123,15,108
100900006,30,118,-88
100900007,387,13,374
100900008,3,388,-385
100900009,116,183,-67
100900010,109,101,8
100900011,149,189,-40
100900012,3,153,-150
100900013,1204,8,1196
100900014,1,16,-15
100900015,103,81,22
100900016,2,17,-15
100900017,1224,91,1133
100900018,1,17,-16
100900019,28,150,-122
100900020,403,15,388
100900021,617,2,615
100900022,8,43,-35
100900023,1,48,-47
100900024,658,7,651
100900025,18,14,4
100900026,131,97,34
100900027,729,3381,-2652
100900028,141,283,-142
100900029,39,8,31
100900030,4,88,-84
100900031,700,64,636
100900032,357,0,357
100900033,317,288,29
100900034,716,6,710
100900035,479,3,476
100900036,23,0,23
100900037,129,155,-26
100900038,97,60,37
100900039,295,399,-104
100900040,486,565,-79
100900041,1040,530,510
100900042,1394,1479,-85
100900043,0,12,-12
100900044,1558,625,933
100900045,12,6,6
100900046,1494,19,1475
100900047,996,237,759
100900048,189,80,109
100900049,67,117,-50
100900050,5,10,-5
100900051,21,127,-106
100900052,516,56,460
100900053,559,27,532
100900054,16,45,-29
100900055,302,879,-577
100900056,129,186,-57
100900057,1519,1208,311
100900058,661,73,588
100900059,173,12,161
100900060,238,5,233
100900061,331,234,97
100900062,11,31,-20
100900063,279,822,-543
100900064,892,20,872
100900065,92,154,-62
100900066,169,190,-21
100900067,25,15,10
100900068,133,107,26
100900069,507,26,481
100900070,505,11,494
100900071,653,219,434
100900072,7,30,-23
100900073,212,266,-54
100900074,3,7,-4
100900075,1865,369,1496
100900076,16,28,-12
100900077,53,52,1
100900078,103,376,-273
100900079,17,12,5
100900080,60,224,-164
100900081,63,203,-140
100900082,152,357,-205
100900083,16,17,-1
100900085,24,294,-270
100900086,123,943,-820
100900088,158,396,-238
100900089,1,22,-21
100900090,146,566,-420
100900091,6,26,-20
100900092,225,233,-8
100900093,288,471,-183
100900094,147,356,-209
100900095,8,25,-17
100900096,105,107,-2
100900097,1,2,-1
100900098,15,33,-18
100900099,25,570,-545
100900100,23,826,-803
100900101,287,51,236
100900102,112,182,-70
100900103,9,10,-1
100900104,7,170,-163
100900105,75,871,-796
100900106,33,10,23
100900107,1875,801,1074
100900108,27,49,-22
100900109,17,26,-9
100900110,8,45,-37
100900111,40,162,-122
100900112,6,19,-13
100900113,23,24,-1
100900114,32,9,23
100900115,14,19,-5
100900116,1089,882,207
100900117,412,1176,-764
100900118,26,28,-2
100900119,22,9,13
100900120,11,11,0
100900121,592,632,-40
100900122,159,172,-13
100900123,152,166,-14
100900124,8,11,-3
100900125,20,66,-46
100900126,223,139,84
100900127,5,8,-3
100900128,152,192,-40
100900129,1,206,-205
100900131,130,254,-124
100900133,73,40,33
100900134,5,9,-4
100900135,1,250,-249
100900137,427,212,215
100900138,421,457,-36
100900139,1,3,-2
100900140,1,354,-353
100900141,4,730,-726
100900142,7,28,-21
100900143,618,614,4
100900144,10,17,-7
100900145,78,234,-156
100900146,12,82,-70
100900147,11,701,-690
100900148,24,405,-381
100900149,36,346,-310
100900150,12,40,-28
100900151,136,515,-379
100900152,968,14,954
100900153,4,225,-221
100900154,34,64,-30
100900155,7,4,3
100900156,99,6,93
100900157,12,247,-235
100900158,231,35,196
100900159,5,28,-23
100900160,28,9,19
100900161,136,6,130
100900162,51,435,-384
100900163,170,169,1
100900164,61,21,40
100900165,52,13,39
100900166,175,10,165
100900167,31,62,-31
100900168,80,155,-75
100900169,146,1132,-986
100900170,47,7,40
100900171,16,473,-457
100900172,1,57,-56
100900173,20,310,-290
100900174,446,54,392
100900176,2028,245,1783
100900177,613,372,241
100900178,304,152,152
100900179,277,401,-124
100900180,7,1,6
100900181,115,127,-12
100900182,164,28,136
100900184,18,194,-176
100900186,561,427,134
100900187,9,54,-45
100900188,26,14,12
100900189,1823,262,1561
100900191,958,1226,-268
100900192,247,457,-210
100900195,134,185,-51
100900197,27,70,-43
100900198,52,179,-127
100900199,18,10,8
100900200,947,482,465
100900201,143,751,-608
100900202,74,1,73
100900203,0,151,-151
100900204,495,1752,-1257
100900205,212,558,-346
100900206,241,153,88
100900207,326,182,144
100900210,144,564,-420
100900211,701,235,466
100900213,229,79,150
100900214,600,158,442
100900215,18,52,-34
100900217,126,126,0
101000001,3116,2408,708
101000002,6902,7313,-411
101000003,518,1541,-1023
101000004,7534,6645,889
101000005,4753,5338,-585
101000006,6639,7375,-736
101000007,3778,4609,-831
101000008,2181,2238,-57
101000009,2077,869,1208
101000010,860,850,10
101000011,1456,572,884
101000012,1010,829,181
101000013,776,1323,-547
101000014,558,551,7
101000015,1486,754,732
101000016,387,572,-185
101000017,521,465,56
101000018,1967,2407,-440
101000020,2013,964,1049
101000021,626,399,227
101000022,281,158,123
101000023,1292,673,619
101000025,393,508,-115
101000026,229,53,176
101000027,2219,3266,-1047
101000028,1066,274,792
101000029,222,2252,-2030
101000030,1847,207,1640
101000031,1032,1447,-415
101000032,6508,5226,1282
101000033,2427,4466,-2039
101000034,1667,1893,-226
101000035,842,548,294
101000036,1190,1062,128
101000037,1714,1885,-171
101000039,2629,3296,-667
101000040,2663,4544,-1881
101000041,7302,10177,-2875
101000042,442,1599,-1157
101000043,6382,10425,-4043
101000045,1323,1301,22
101000046,2817,2252,565
101000047,2319,5615,-3296
101000048,735,628,107
101000049,776,2627,-1851
101000050,2118,3419,-1301
101000051,1532,3458,-1926
101000052,1371,1420,-49
101000053,1245,1784,-539
101000054,2277,1247,1030
101000055,1269,1631,-362
101000056,28,114,-86
101000057,1595,1346,249
101000058,1127,1474,-347
101000059,2071,2704,-633
101000060,1686,740,946
101000061,760,1556,-796
101000062,593,783,-190
101000063,475,1059,-584
101000064,872,1115,-243
101000065,336,514,-178
101000066,966,976,-10
101000067,1092,1111,-19
101000068,246,566,-320
101000069,225,82,143
101000070,1263,1251,12
101000071,1927,1069,858
101000072,917,3488,-2571
101000073,985,1366,-381
101000074,5079,4595,484
101000075,3927,5876,-1949
101000077,1713,1460,253
101000078,1031,1733,-702
101000079,1558,458,1100
101000080,1530,668,862
101000081,1768,1669,99
101000082,2867,2740,127
101000083,2805,2414,391
101000084,1231,782,449
101000085,1526,1171,355
101000086,962,1221,-259
101000087,891,907,-16
101000088,1347,1304,43
101000089,1205,1585,-380
101000090,1773,1090,683
101000091,523,646,-123
101000092,1218,831,387
101000093,1532,686,846
101000094,1162,964,198
101000095,589,532,57
101000096,446,426,20
101000097,490,539,-49
101000098,486,610,-124
101000099,1018,1459,-441
101000100,1048,1170,-122
101000101,313,466,-153
101000102,891,677,214
101000103,686,611,75
101000104,429,675,-246
101000105,429,556,-127
101000106,957,1342,-385
101000107,357,434,-77
101000108,687,241,446
101000109,464,74,390
101000110,52,317,-265
101000111,98,318,-220
101000113,285,844,-559
101000114,8169,10255,-2086
101000115,299,175,124
101000116,156,162,-6
101000117,1427,376,1051
101000119,71,69,2
101000120,140,61,79
101000121,58,82,-24
101000122,130,160,-30
101000123,79,141,-62
101000124,1416,346,1070
101000125,206,400,-194
101000128,422,813,-391
101000130,232,296,-64
101000131,922,495,427
101000132,878,875,3
101000135,39,49,-10
101000136,357,196,161
101000137,33,417,-384
101000141,1049,3820,-2771
101000147,1055,438,617
101000148,716,40,676
101000149,388,494,-106
101000150,166,488,-322
101000151,350,69,281
101000152,302,258,44
101000153,454,265,189
101000154,363,833,-470
101000155,452,199,253
101000156,23,348,-325
101000157,77,38,39
101000160,103,52,51
101000163,262,368,-106
101000164,355,271,84
101000165,363,352,11
101000166,293,339,-46
101000168,926,514,412
101000252,2373,986,1387
101000254,256,171,85
101000258,98,6,92
101000261,190,69,121
101000262,1436,2758,-1322
101000263,515,1552,-1037
101000265,123,1030,-907
101000266,433,495,-62
101000269,30,15,15
101000290,1045,2978,-1933
101000293,73,70,3
101000294,717,473,244
101000295,173,374,-201
101000301,572,614,-42
101000304,2205,2494,-289
101000305,2738,1307,1431
101900001,36,44,-8
101900002,0,9,-9
101900003,61,129,-68
101900004,3,69,-66
101900005,2736,2879,-143
101900006,1351,99,1252
101900007,988,229,759
101900008,82,372,-290
101900009,50,399,-349
101900010,663,632,31
101900011,259,1146,-887
101900012,460,219,241
101900013,844,231,613
101900017,16,136,-120
101900018,1105,335,770
101900019,243,149,94
101900020,62,51,11
101900021,3,75,-72
101900022,155,901,-746
101900023,161,171,-10
101900026,96,31,65
101900027,23,70,-47
102000001,2654,4865,-2211
102000002,2257,1048,1209
102000003,2841,7284,-4443
102000004,5110,2772,2338
102000005,1225,2523,-1298
102000006,1113,1739,-626
102000007,1870,5066,-3196
102000008,4144,1560,2584
102000009,7591,8879,-1288
102000010,4977,3339,1638
102000011,3637,3303,334
102000012,2955,2773,182
102000018,2428,2670,-242
102000019,2834,1661,1173
102000026,236,581,-345
102000029,251,215,36
102000030,165,405,-240
102000031,53,132,-79
102000032,534,293,241
102000033,306,389,-83
102000034,613,399,214
102000035,2009,829,1180
102000036,24,293,-269
102000037,157,55,102
102000038,220,329,-109
102000039,217,90,127
102000040,395,280,115
102000041,191,376,-185
102000042,244,287,-43
102000043,229,213,16
102000044,350,411,-61
102000045,644,744,-100
102000046,1239,606,633
102000047,985,747,238
102000048,578,769,-191
102000049,1115,821,294
102000050,1034,1050,-16
102000051,466,636,-170
102000052,1238,774,464
102000053,916,891,25
102000054,805,1156,-351
102000055,1579,445,1134
102000056,1200,849,351
102000057,1479,562,917
102000058,1269,1090,179
102000059,1598,1332,266
102000060,1102,908,194
102000061,1762,1577,185
102000062,1845,1084,761
102000063,1040,1389,-349
102000064,614,735,-121
102000065,73,201,-128
102000066,824,754,70
102000067,1907,2716,-809
102000068,10019,2551,7468
102000069,113,2338,-2225
102000070,1402,55,1347
102000071,5797,7803,-2006
102000072,2821,3316,-495
102000073,2211,1322,889
102000074,926,1623,-697
102000075,163,390,-227
102000076,306,371,-65
102000077,752,573,179
102000078,913,553,360
102000079,211,195,16
102000080,327,285,42
102000081,314,904,-590
102000082,641,490,151
102000083,624,274,350
102000084,413,231,182
102000085,2771,864,1907
102000086,1275,1037,238
102000087,1022,1436,-414
102000088,399,327,72
102000089,1459,390,1069
102000090,580,1157,-577
102000091,1303,735,568
102000092,361,674,-313
102000093,512,608,-96
102000094,998,714,284
102000095,1190,1335,-145
102000096,684,892,-208
102000097,810,915,-105
102000098,604,775,-171
102000099,840,864,-24
102000100,459,1231,-772
102000101,834,797,37
102000102,272,1345,-1073
102000103,1607,413,1194
102000104,590,318,272
102000105,243,434,-191
102000106,823,425,398
102000107,1684,410,1274
102000108,789,175,614
102000109,636,509,127
102000110,1382,854,528
102000111,23,242,-219
102000112,152,138,14
102000113,29,23,6
102000114,660,328,332
102000115,263,322,-59
102000116,297,487,-190
102000117,172,619,-447
102000118,1119,1294,-175
102000119,1301,884,417
102000120,224,445,-221
102000121,1164,657,507
102000122,911,1026,-115
102000123,1325,1132,193
102000124,1474,1246,228
102000125,938,983,-45
102000126,823,656,167
102000127,1491,682,809
102000128,911,851,60
102000129,1497,707,790
102000130,955,756,199
102000131,2437,683,1754
102000132,836,1196,-360
102000133,2329,1386,943
102000134,1029,727,302
102000135,1242,839,403
102000136,1446,628,818
102000137,822,1691,-869
102000138,293,647,-354
102000139,165,923,-758
102000140,302,1239,-937
102000141,405,1813,-1408
102000142,364,361,3
102000143,198,271,-73
102000144,379,250,129
102000145,428,399,29
102000146,470,350,120
102000147,548,469,79
102000148,202,416,-214
102000149,205,272,-67
102000150,535,99,436
102000151,121,203,-82
102000152,231,143,88
102000153,1095,574,521
102000154,222,541,-319
102000155,86,307,-221
102000156,317,125,192
102000157,88,393,-305
102000158,550,525,25
102000159,682,606,76
102000161,2589,2098,491
102000162,172,149,23
102000163,89,574,-485
102000164,869,1126,-257
102000165,217,135,82
102000166,51,156,-105
102000167,270,163,107
102000168,349,173,176
102000169,162,540,-378
102000170,424,260,164
102000171,303,331,-28
102000172,262,575,-313
102000173,437,317,120
102000174,115,65,50
102000175,152,93,59
102000176,81,27,54
102000178,267,308,-41
102000179,453,239,214
102000180,968,350,618
102000181,864,476,388
102000182,565,467,98
102000183,1862,1353,509
102000184,1942,704,1238
102000185,3000,1069,1931
102000186,1322,1373,-51
102000187,1208,1279,-71
102000188,1596,1389,207
102000189,2053,677,1376
102000190,603,2919,-2316
102000191,1484,492,992
102000192,1213,1540,-327
102000193,76,132,-56
102000194,63,90,-27
102000195,414,405,9
102000196,209,272,-63
102000197,818,288,530
102000198,270,580,-310
102000199,1180,265,915
102000200,325,845,-520
102000201,1239,386,853
102000202,11,79,-68
102000203,430,152,278
102000204,496,510,-14
102000205,1091,346,745
102000206,645,415,230
102000207,710,538,172
102000208,386,412,-26
102000209,48,76,-28
102000210,487,356,131
102000211,460,240,220
102000212,393,13,380
102000213,6,229,-223
102000214,347,9,338
102000215,16,272,-256
102000216,48,76,-28
102000217,16,72,-56
102000218,348,221,127
102000219,358,181,177
102000225,454,620,-166
102000226,3414,1912,1502
102000227,157,1,156
102000228,0,71,-71
102000229,48,90,-42
102000230,315,324,-9
102000231,277,332,-55
102000232,48,175,-127
102000233,427,548,-121
102000234,138,1067,-929
102000236,306,80,226
102000237,386,198,188
102000238,186,278,-92
102000240,474,657,-183
102000241,313,157,156
102000243,20,57,-37
102000245,20,169,-149
102000246,21,41,-20
102000247,477,586,-109
102000248,400,823,-423
102000249,123,114,9
102000250,91,261,-170
102000254,156,221,-65
102000266,33,614,-581
102000271,24,0,24
102000286,440,437,3
102000297,2197,935,1262
102000299,0,0,0
102000301,0,0,0
102000305,0,0,0
102000307,0,6,-6
102000308,0,0,0
102900001,1289,649,640
102900002,464,47,417
102900003,72,184,-112
102900005,438,244,194
102900006,569,105,464
102900007,481,30,451
102900008,288,45,243
102900009,630,398,232
102900010,415,1063,-648
102900011,1436,402,1034
102900012,453,121,332
102900013,46,73,-27
102900015,686,492,194
102900016,106,114,-8
102900017,260,525,-265
102900018,55,86,-31
102900019,393,441,-48
102900020,141,43,98
102900021,41,114,-73
102900022,562,199,363
102900023,35,54,-19
102900024,31,55,-24
102900025,218,119,99
102900026,445,2059,-1614
102900027,60,54,6
102900028,153,862,-709
102900029,178,237,-59
102900030,483,338,145
102900031,271,125,146
102900032,114,79,35
102900033,114,167,-53
102900034,666,93,573
102900035,189,275,-86
102900036,356,339,17
102900037,278,354,-76
102900038,469,380,89
102900039,17,640,-623
102900040,213,299,-86
102900041,97,175,-78
102900042,250,240,10
102900043,225,158,67
102900044,646,1600,-954
102900045,154,480,-326
102900046,193,232,-39
102900047,125,540,-415
102900048,606,405,201
102900049,193,368,-175
102900050,243,293,-50
102900051,236,190,46
102900052,60,96,-36
102900053,363,520,-157
102900054,577,1220,-643
102900055,127,285,-158
102900056,126,348,-222
102900057,11,61,-50
102900058,374,96,278
102900059,32,82,-50
102900060,162,413,-251
102900061,187,334,-147
102900062,357,728,-371
102900063,1372,400,972
102900064,128,404,-276
102900065,989,420,569
102900066,405,21,384
102900068,118,88,30
102900070,217,660,-443
102900072,9,55,-46
102900073,137,5,132
102900075,36,75,-39
102900076,131,215,-84
102900077,70,36,34
102900078,39,58,-19
102900079,213,19,194
102900080,464,33,431
102900081,123,279,-156
102900082,11,194,-183
102900083,186,17,169
102900084,18,43,-25
102900085,451,158,293
102900086,29,54,-25
102900087,239,117,122
102900088,49,25,24
102900089,195,105,90
102900090,7,270,-263
102900091,196,6,190
102900092,538,642,-104
102900093,335,187,148
102900094,3,165,-162
102900095,121,3,118
102900096,41,14,27
102900097,93,192,-99
103000001,2387,2022,365
103000002,1994,2324,-330
103000003,3177,2969,208
103000004,866,749,117
103000005,1832,3141,-1309
103000006,860,1359,-499
103000007,477,644,-167
103000008,996,536,460
103000009,1512,1117,395
103000010,162,86,76
103000011,1638,1204,434
103000012,1705,1479,226
103000013,3228,1766,1462
103000014,1587,2855,-1268
103000015,1445,543,902
103000016,506,1429,-923
103000017,260,440,-180
103000018,727,303,424
103000019,388,317,71
103000020,2075,1293,782
103000021,1927,2004,-77
103000022,631,928,-297
103000023,679,1739,-1060
103000024,107,130,-23
103000025,125,705,-580
103000026,751,110,641
103000027,349,687,-338
103000028,379,343,36
103000029,191,372,-181
103000030,1539,1520,19
103000031,1356,2113,-757
103000032,2228,1454,774
103000033,2995,2895,100
103000034,1393,1191,202
103000035,422,1284,-862
103000036,339,516,-177
103000037,524,703,-179
103000038,521,950,-429
103000039,477,276,201
103000040,481,690,-209
103000041,1561,1506,55
103000042,1328,372,956
103000043,620,830,-210
103000044,266,161,105
103000046,467,468,-1
103000047,685,445,240
103000048,257,212,45
103000049,124,99,25
103000050,791,335,456
103000051,619,457,162
103000052,829,314,515
103000053,222,744,-522
103000054,2708,1152,1556
103000055,1961,1966,-5
103000056,820,1124,-304
103000057,769,234,535
103000058,609,728,-119
103000059,537,699,-162
103000060,805,583,222
103000061,400,802,-402
103000062,1340,428,912
103000063,839,871,-32
103000064,177,162,15
103000065,3,285,-282
103000066,268,8,260
103000069,469,290,179
103000070,1089,649,440
103000071,1246,488,758
103000072,139,543,-404
103000073,731,131,600
103000074,895,92,803
103000075,149,461,-312
103000076,349,466,-117
103000077,23,323,-300
103000078,798,814,-16
103000079,496,602,-106
103000080,932,378,554
103000081,482,1276,-794
103000082,492,234,258
103000083,133,275,-142
103000084,93,10,83
103000085,3,117,-114
103000086,526,353,173
103000087,153,608,-455
103000088,243,226,17
103000089,245,451,-206
103000090,2127,821,1306
103000091,566,428,138
103000092,243,223,20
103000093,291,300,-9
103000094,223,84,139
103000095,79,292,-213
103000096,540,62,478
103000097,77,661,-584
103000098,756,193,563
103000099,265,668,-403
103000100,131,541,-410
103000101,1076,122,954
103000102,133,450,-317
103000103,744,141,603
103000104,74,84,-10
103000105,182,75,107
103000106,7,127,-120
103000107,233,69,164
103000108,795,545,250
103000109,368,373,-5
103000110,397,486,-89
103000111,428,444,-16
103000112,309,192,117
103000113,445,597,-152
103000114,1134,419,715
103000115,673,435,238
103000116,638,359,279
103000117,504,432,72
103000118,472,460,12
103000119,914,419,495
103000120,71,94,-23
103000121,203,532,-329
103000122,403,601,-198
103000125,49,277,-228
103000126,806,6,800
103000127,5,163,-158
103000128,234,4,230
103000129,5,133,-128
103000130,95,56,39
103000131,293,97,196
103000132,86,323,-237
103000133,34,149,-115
103000134,324,925,-601
103000135,561,288,273
103000136,496,462,34
103000137,384,550,-166
103000138,703,668,35
103000139,2,57,-55
103000140,99,26,73
103000141,63,106,-43
103000142,134,73,61
103000143,55,141,-86
103000144,179,56,123
103000145,60,259,-199
103000150,106,45,61
103000152,160,246,-86
103000153,183,130,53
103000156,30,307,-277
103000157,592,3,589
103000159,174,59,115
103000162,95,20,75
103000163,13,69,-56
103000164,23,15,8
103000165,61,175,-114
103000166,295,306,-11
103000167,176,76,100
103000168,123,143,-20
103000169,227,519,-292
103000170,978,358,620
103000171,32,113,-81
103000172,604,236,368
103000173,751,415,336
103000174,256,309,-53
103000175,399,189,210
103000176,814,660,154
103000177,484,326,158
103000178,239,277,-38
103000179,252,33,219
103000183,152,19,133
103000185,124,48,76
103000186,147,147,0
103000187,797,248,549
103000188,25,69,-44
103000189,691,605,86
103000191,596,574,22
103000292,1027,1926,-899
103000293,1142,2743,-1601
103000295,76,80,-4
103000296,491,7,484
103000297,95,213,-118
103000504,87,9,78
103000505,9,50,-41
103000506,0,178,-178
103000507,226,2,224
103000508,44,83,-39
103000509,230,513,-283
103900001,11,161,-150
103900002,931,136,795
103900003,1211,208,1003
103900004,144,10,134
103900005,8,133,-125
103900006,3,1,2
103900007,75,2,73
103900008,20,2,18
103900009,387,517,-130
103900010,184,337,-153
103900011,452,115,337
103900012,41,35,6
103900013,76,56,20
103900014,83,13,70
103900015,69,12,57
103900016,242,193,49
103900017,45,45,0
103900018,669,182,487
103900019,110,397,-287
103900020,203,520,-317
103900021,383,68,315
103900022,1257,688,569
103900023,194,1,193
103900024,70,347,-277
103900025,14,45,-31
103900026,38,0,38
103900027,810,241,569
103900028,31,299,-268
103900029,1170,174,996
103900030,314,117,197
103900031,37,0,37
103900032,100,81,19
103900033,92,19,73
103900034,26,101,-75
103900035,80,34,46
103900036,42,42,0
103900037,81,75,6
103900038,150,251,-101
103900039,117,221,-104
103900040,8,143,-135
103900041,50,64,-14
103900042,73,227,-154
103900043,207,47,160
103900044,105,250,-145
103900045,436,189,247
103900047,108,13,95
103900048,27,24,3
103900049,217,984,-767
103900050,17,168,-151
103900051,1,48,-47
103900052,251,356,-105
103900053,296,391,-95
103900054,151,265,-114
103900055,541,223,318
103900056,69,47,22
103900057,35,134,-99
103900058,349,488,-139
103900059,0,36,-36
103900060,62,147,-85
103900061,218,25,193
103900062,438,114,324
103900063,4,0,4
103900064,135,12,123
103900065,803,372,431
103900066,232,37,195
103900067,221,5,216
103900068,7,1,6
103900069,60,12,48
103900070,163,214,-51
103900071,16,104,-88
103900072,27,173,-146
103900073,40,28,12
103900074,61,63,-2
103900075,301,67,234
103900076,616,393,223
103900077,34,115,-81
103900078,474,137,337
103900079,166,223,-57
103900080,14,23,-9
103900081,59,37,22
103900082,13,121,-108
103900083,998,1252,-254
103900084,100,149,-49
103900085,87,123,-36
103900086,936,371,565
103900087,22,66,-44
103900088,347,560,-213
103900089,46,121,-75
103900090,5,119,-114
103900091,1162,219,943
103900092,849,439,410
103900093,84,238,-154
103900094,12,93,-81
103900095,259,207,52
103900096,30,131,-101
103900097,15,414,-399
103900098,363,127,236
103900099,90,105,-15
103900100,358,207,151
103900101,128,991,-863
103900102,4,21,-17
103900104,7,23,-16
103900105,100,183,-83
103900106,3,119,-116
103900107,164,163,1
103900108,45,265,-220
103900109,159,102,57
103900110,247,53,194
103900111,132,358,-226
103900112,67,119,-52
103900113,142,268,-126
103900114,367,249,118
103900115,303,232,71
103900116,3576,3071,505
103900117,95,63,32
103900119,31,85,-54
103900120,62,118,-56
103900122,131,148,-17
103900123,1046,608,438
103900124,93,382,-289
103900125,138,66,72
103900126,659,323,336
103900127,189,365,-176
103900128,148,93,55
103900131,16,82,-66
103900133,899,30,869
103900134,0,10,-10
103900135,2,4,-2
103900137,1,26,-25
103900138,222,150,72
103900139,182,2243,-2061
103900140,7,253,-246
103900141,291,41,250
103900142,315,102,213
103900143,136,0,136
103900144,0,41,-41
103900145,245,207,38
103900146,346,213,133
103900147,421,173,248
103900148,262,239,23
103900149,401,478,-77
103900150,4493,4386,107
103900151,49,162,-113
103900152,676,304,372
103900153,14,0,14
103900154,606,2177,-1571
103900155,53,202,-149
103900156,84,155,-71
103900157,73,115,-42
103900158,148,93,55
103900159,165,44,121
103900160,56,39,17
103900161,122,144,-22
103900162,87,169,-82
103900163,13,413,-400
103900167,26,111,-85
103900168,148,81,67
103900169,81,46,35
103900170,3,89,-86
103900171,1,56,-55
103900172,3,9,-6
103900173,15,13,2
103900174,222,73,149
103900175,67,107,-40
103900176,17,49,-32
103900177,12,119,-107
103900178,74,54,20
103900179,68,81,-13
103900180,16,60,-44
103900181,55,27,28
103900182,42,21,21
103900184,510,124,386
103900185,109,438,-329
103900187,26,79,-53
103900188,53,34,19
103900189,134,8,126
103900190,106,53,53
103900191,45,48,-3
103900192,99,62,37
103900193,132,177,-45
103900194,82,217,-135
103900195,3,110,-107
103900196,25,39,-14
103900197,25,24,1
103900198,17,28,-11
103900199,178,60,118
103900200,155,70,85
103900201,132,179,-47
103900202,21,44,-23
103900203,30,30,0
103900204,1,57,-56
103900207,0,54,-54
103900208,106,0,106
103900209,15,81,-66
103900210,50,27,23
103900211,567,268,299
103900212,118,288,-170
103900213,77,208,-131
103900214,167,153,14
103900215,220,292,-72
103900216,3,311,-308
103900217,379,74,305
103900218,7,224,-217
103900219,176,184,-8
103900233,94,9,85
103900235,11,26,-15
103900236,11,10,1
103900242,3,4,-1
103900243,6,1,5
103900244,137,152,-15
103900245,110,195,-85
103900246,57,32,25
103900247,20,83,-63
103900248,6,77,-71
103900249,34,69,-35
103900250,14,21,-7
103900251,2,30,-28
103900253,13,134,-121
103900254,6,22,-16
103900255,8,13,-5
103900256,17,26,-9
103900257,59,79,-20
103900258,16,10,6
103900259,62,8,54
103900261,14,5,9
103900262,14,4,10
103900263,19,26,-7
103900264,39,35,4
103900265,45,12,33
103900266,2,83,-81
103900267,9,62,-53
103900268,9,35,-26
103900269,135,12,123
103900270,66,96,-30
103900271,66,79,-13
104000001,2312,2026,286
104000002,1719,1884,-165
104000003,2298,1824,474
104000004,2485,2369,116
104000005,1727,1710,17
104000006,2906,2306,600
104000007,3811,3822,-11
104000008,185,190,-5
104000009,202,108,94
104000010,198,292,-94
104000011,255,225,30
104000012,125,239,-114
104000013,253,163,90
104000014,248,415,-167
104000015,358,134,224
104000016,577,285,292
104000018,879,153,726
104000019,628,218,410
104000020,144,339,-195
104000021,296,329,-33
104000022,158,233,-75
104000023,821,325,496
104000024,236,246,-10
104000026,42,270,-228
104000027,262,176,86
104000028,403,232,171
104000029,352,220,132
104000030,315,197,118
104000031,1426,324,1102
104000032,209,212,-3
104000033,739,495,244
104000034,398,188,210
104000035,1080,388,692
104000036,883,482,401
104000037,279,190,89
104000038,513,291,222
104000039,284,144,140
104000040,185,362,-177
104000041,572,254,318
104000042,278,288,-10
104000043,216,268,-52
104000044,250,405,-155
104000045,926,724,202
104000046,841,1175,-334
104000047,747,926,-179
104000048,1059,985,74
104000049,528,340,188
104000050,217,715,-498
104000051,157,456,-299
104000052,1522,1432,90
104000053,928,385,543
104000054,587,237,350
104000055,3061,2060,1001
104000056,835,213,622
104000057,139,380,-241
104000058,798,632,166
104000059,488,866,-378
104000060,1323,1143,180
104000061,1262,841,421
104000062,423,108,315
104000064,461,276,185
104000065,207,605,-398
104000069,698,1036,-338
104000070,84,519,-435
104000071,146,279,-133
104000072,584,181,403
104000075,119,245,-126
104000076,442,152,290
104000082,2271,3045,-774
104000083,758,266,492
104000084,121,420,-299
104000085,285,338,-53
104000086,188,312,-124
104000087,377,1977,-1600
104000090,782,1036,-254
104000092,1414,1456,-42
104000094,940,1110,-170
104000095,1891,1223,668
104000096,1719,151,1568
104000097,1907,622,1285
104000098,2528,712,1816
104000100,1975,569,1406
104000101,1162,1274,-112
104000106,43,590,-547
104000107,604,320,284
104000108,258,385,-127
104000109,386,114,272
104000110,872,1066,-194
104000111,2727,2479,248
104000112,1360,507,853
104000116,2,744,-742
104000117,174,462,-288
104000118,684,168,516
104000119,750,286,464
104000120,244,524,-280
104000121,265,670,-405
104000122,620,663,-43
104000123,697,624,73
104000124,675,1514,-839
104000125,2577,4711,-2134
104000126,507,411,96
104000127,1199,1657,-458
104000128,645,374,271
104000129,398,28,370
104000130,10,289,-279
104000131,316,299,17
104000132,370,348,22
104000133,1288,765,523
104000134,1061,1656,-595
104000135,430,1918,-1488
104000136,787,4057,-3270
104000137,1478,409,1069
104000138,921,379,542
104000139,3910,2531,1379
104000141,897,1074,-177
104000142,622,458,164
104000143,543,386,157
104000144,160,196,-36
104000145,349,197,152
104000146,207,465,-258
104000147,150,276,-126
104000148,411,168,243
104000149,123,182,-59
104000150,1141,596,545
104000151,361,301,60
104000152,668,508,160
104000153,732,606,126
104000154,802,496,306
104000155,572,517,55
104000157,1117,1024,93
104000158,465,808,-343
104000159,974,659,315
104000160,1862,1933,-71
104000161,150,146,4
104000162,99,131,-32
104000165,753,832,-79
104000167,826,1104,-278
104000168,593,8,585
104000169,149,33,116
104000170,373,532,-159
104000248,327,413,-86
104000251,102,172,-70
104000272,0,0,0
104000273,0,0,0
104000274,0,0,0
104000275,0,0,0
104000279,702,456,246
104000290,88,224,-136
104000291,458,938,-480
104000293,871,595,276
104000294,46,1,45
104000295,506,671,-165
104000296,387,587,-200
104000297,676,1834,-1158
104000298,1861,760,1101
104000299,668,1173,-505
104900001,212,237,-25
104900002,89,195,-106
104900003,78,285,-207
104900004,74,182,-108
104900005,374,272,102
104900006,523,85,438
104900007,328,174,154
104900009,125,222,-97
104900010,77,39,38
104900011,46,34,12
104900012,259,35,224
104900013,124,8,116
104900014,2015,320,1695
104900015,76,8,68
104900016,210,174,36
104900017,170,165,5
104900018,14,144,-130
104900019,263,3506,-3243
104900020,41,224,-183
104900021,0,107,-107
104900022,10,78,-68
104900023,0,55,-55
104900024,31,65,-34
104900025,54,166,-112
104900026,0,66,-66
104900027,657,290,367
104900028,37,77,-40
104900029,44,76,-32
104900030,520,223,297
104900031,68,155,-87
104900032,55,114,-59
104900033,196,237,-41
104900034,385,160,225
104900035,389,225,164
104900036,244,88,156
104900037,147,202,-55
104900038,385,801,-416
104900039,426,427,-1
104900040,532,133,399
104900041,295,168,127
104900042,185,174,11
104900043,22,162,-140
104900044,733,230,503
104900045,473,53,420
104900046,261,113,148
104900047,438,143,295
104900048,382,86,296
104900049,54,40,14
104900050,267,108,159
104900051,345,44,301
104900052,96,9,87
104900053,443,103,340
104900054,156,41,115
104900055,127,3,124
104900056,209,22,187
104900057,55,2,53
104900058,933,620,313
104900059,205,69,136
104900060,0,343,-343
104900061,182,381,-199
104900063,1,126,-125
104900064,1,52,-51
104900065,0,207,-207
104900066,1,97,-96
104900067,5,277,-272
104900068,30,142,-112
104900070,145,220,-75
104900071,0,421,-421
104900072,58,223,-165
104900073,86,158,-72
104900074,67,156,-89
104900075,57,36,21
104900076,133,214,-81
104900077,683,253,430
104900078,197,334,-137
104900079,133,701,-568
104900080,123,368,-245
104900082,19,312,-293
104900085,0,144,-144
104900087,412,8,404
104900089,265,1,264
104900090,1011,671,340
104900091,495,488,7
104900093,160,342,-182
104900097,2201,2280,-79
104900098,183,37,146
104900099,111,574,-463
104900100,312,244,68
104900102,39,107,-68
104900103,429,54,375
104900104,2305,2136,169
104900106,122,123,-1
104900107,173,186,-13
104900108,64,159,-95
104900109,117,242,-125
104900110,7,54,-47
104900111,233,99,134
104900112,318,428,-110
104900113,780,354,426
104900114,388,335,53
104900115,856,335,521
104900116,269,171,98
104900118,24,34,-10
104900119,13,41,-28
104900120,26,216,-190
104900121,0,57,-57
104900122,5,34,-29
104900123,96,12,84
104900124,58,1,57
104900125,494,4,490
104900126,58,45,13
104900127,42,58,-16
104900128,94,189,-95
104900129,1182,2324,-1142
105000001,2639,1261,1378
105000002,2152,1299,853
105000003,2893,3726,-833
105000004,748,761,-13
105000005,1006,1070,-64
105000006,1560,1744,-184
105000007,1192,1580,-388
105000008,1442,3624,-2182
105000009,2844,3165,-321
105000010,2618,1474,1144
105000011,3937,2919,1018
105000012,3533,2426,1107
105000013,1006,1128,-122
105000014,2609,2874,-265
105000015,10042,16827,-6785
105000016,2159,2139,20
105000017,1607,904,703
105000018,1161,1595,-434
105000019,1018,868,150
105000020,155,445,-290
105000021,278,113,165
105000022,298,161,137
105000023,581,347,234
105000028,80,79,1
105000029,765,1465,-700
105000030,4199,2223,1976
105000033,891,1533,-642
105000034,171,938,-767
105000037,604,202,402
105000038,1985,1816,169
105000039,2116,1635,481
105000040,1163,1187,-24
105000041,652,1425,-773
105000042,4011,2072,1939
105000043,1617,2936,-1319
105000044,776,601,175
105000045,436,575,-139
105000046,1450,430,1020
105000047,595,994,-399
105000048,693,239,454
105000049,301,402,-101
105000050,723,349,374
105000051,114,347,-233
105000052,594,807,-213
105000053,136,139,-3
105000054,446,772,-326
105000055,657,305,352
105000056,1458,1578,-120
105000057,1165,635,530
105000058,1312,956,356
105000059,820,606,214
105000060,491,571,-80
105000061,833,446,387
105000062,536,560,-24
105000063,276,327,-51
105000064,1625,715,910
105000065,343,421,-78
105000066,931,1017,-86
105000067,1539,681,858
105000068,388,702,-314
105000069,1460,2194,-734
105000070,447,836,-389
105000071,243,868,-625
105000072,928,2595,-1667
105000073,902,637,265
105000074,1045,673,372
105000075,488,815,-327
105000076,1006,782,224
105000077,2061,1099,962
105000078,1145,1400,-255
105000079,1204,3450,-2246
105000080,2158,1770,388
105000081,3691,1435,2256
105000082,1281,2328,-1047
105000083,5165,4476,689
105000084,549,717,-168
105000085,2063,2511,-448
105000086,624,844,-220
105000087,1334,1784,-450
105000088,1368,1545,-177
105000089,3031,2000,1031
105000090,1063,787,276
105000091,1113,1268,-155
105000092,666,770,-104
105000093,371,308,63
105000094,358,327,31
105000095,135,445,-310
105000096,1208,1014,194
105000097,884,732,152
105000098,902,650,252
105000099,712,603,109
105000100,1550,1038,512
105000101,1919,2323,-404
105000102,2832,1691,1141
105000103,1884,2982,-1098
105000104,2596,1039,1557
105000105,1135,1595,-460
105000106,1469,1332,137
105000107,1604,746,858
105000108,1925,1086,839
105000109,1920,1258,662
105000110,1034,486,548
105000111,1067,606,461
105000112,1319,615,704
105000113,478,700,-222
105000114,2043,1146,897
105000115,309,1296,-987
105000116,916,538,378
105000117,782,666,116
105000118,688,421,267
105000119,668,553,115
105000120,1190,513,677
105000121,798,647,151
105000122,477,597,-120
105000123,1002,1006,-4
105000124,2112,844,1268
105000125,849,1441,-592
105000126,2128,1221,907
105000127,2596,1517,1079
105000128,603,837,-234
105000129,862,309,553
105000130,457,3490,-3033
105000131,699,318,381
105000132,1058,818,240
105000133,529,831,-302
105000134,1076,591,485
105000135,490,429,61
105000136,143,238,-95
105000137,626,198,428
105000138,193,273,-80
105000139,1065,786,279
105000140,472,494,-22
105000141,356,505,-149
105000142,243,444,-201
105000143,260,539,-279
105000144,247,652,-405
105000145,741,315,426
105000146,383,704,-321
105000147,740,311,429
105000148,1286,493,793
105000149,2851,2230,621
105000150,1856,1240,616
105000151,599,341,258
105000152,202,381,-179
105000153,576,569,7
105000154,594,431,163
105000155,324,969,-645
105000156,670,595,75
105000157,743,1173,-430
105000158,1851,597,1254
105000159,385,767,-382
105000160,1978,545,1433
105000161,678,713,-35
105000162,473,1652,-1179
105000163,909,674,235
105000164,205,203,2
105000165,619,5020,-4401
105000166,3714,1079,2635
105000167,1399,2135,-736
105000168,435,465,-30
105000169,700,216,484
105000170,303,1110,-807
105000171,1005,203,802
105000172,172,34,138
105000173,261,71,190
105000174,120,51,69
105000175,104,115,-11
105000176,579,131,448
105000177,367,199,168
105000178,188,364,-176
105000179,756,164,592
105000180,216,81,135
105000181,238,244,-6
105000182,77,48,29
105000183,1743,1882,-139
105000184,968,1204,-236
105000185,1559,984,575
105000186,419,656,-237
105000187,957,253,704
105000188,360,204,156
105000189,181,570,-389
105000190,327,427,-100
105000191,425,336,89
105000192,424,62,362
105000193,54,164,-110
105000194,465,80,385
105000195,451,667,-216
105000196,78,233,-155
105000197,306,511,-205
105000198,504,339,165
105000199,235,577,-342
105000200,136,395,-259
105000201,140,36,104
105000203,8,148,-140
105000204,73,74,-1
105000205,119,203,-84
105000207,461,170,291
105000208,252,875,-623
105000209,231,276,-45
105000212,1287,945,342
105000213,109,203,-94
105000214,184,221,-37
105000215,376,134,242
105000216,168,242,-74
105000217,158,276,-118
105000218,1644,942,702
105000221,206,162,44
105000222,602,178,424
105000223,311,211,100
105000226,77,226,-149
105000227,76,135,-59
105000228,233,2261,-2028
105000229,217,524,-307
105000231,365,366,-1
105000233,832,681,151
105000234,492,982,-490
105000235,383,514,-131
105000237,789,69,720
105000243,30,102,-72
105000248,65,71,-6
105000262,345,937,-592
105000269,286,191,95
105000270,491,38,453
105000271,2,148,-146
105000282,77,28,49
105000287,395,107,288
105000288,748,330,418
105000289,2566,2119,447
105000290,36,9,27
105000402,2888,4329,-1441
105000426,427,595,-168
105000438,4228,1827,2401
105000446,10068,5338,4730
105000447,5058,2427,2631
105000454,647,532,115
105000455,229,141,88
105000474,33,0,33
105000477,561,518,43
105000478,2102,5286,-3184
105000479,101,132,-31
105000480,9470,7518,1952
105000481,4707,3685,1022
105000482,4451,7226,-2775
105000483,1778,2268,-490
105000484,2119,2818,-699
105000485,1569,3660,-2091
105000486,2868,2206,662
105000488,9065,4469,4596
105000489,961,776,185
105000549,108,170,-62
105000550,414,1358,-944
105000551,29,112,-83
105000552,2072,1341,731
105900001,16,2276,-2260
105900002,1040,817,223
105900003,23,101,-78
105900004,288,137,151
105900005,5,198,-193
105900006,20,127,-107
105900007,137,35,102
105900008,77,434,-357
105900009,32,22,10
105900011,291,50,241
105900012,697,120,577
105900013,6,38,-32
105900014,20,86,-66
105900015,228,444,-216
105900016,554,593,-39
105900017,1526,43,1483
105900018,152,137,15
105900019,93,495,-402
105900020,60,49,11
105900021,46,728,-682
105900022,224,199,25
105900023,7,168,-161
105900024,15,363,-348
105900025,275,37,238
105900026,239,19,220
105900027,12072,7835,4237
105900028,688,529,159
105900029,1521,363,1158
105900030,227,257,-30
105900031,414,174,240
105900032,88,119,-31
105900033,104,125,-21
105900034,250,225,25
105900035,185,186,-1
105900036,117,158,-41
105900037,62,63,-1
105900038,228,262,-34
105900039,171,95,76
105900040,91,123,-32
105900041,197,233,-36
105900042,85,163,-78
105900043,1317,94,1223
105900044,2,274,-272
105900045,5,785,-780
105900046,9,257,-248
105900047,45,53,-8
105900048,104,498,-394
105900050,5539,5293,246
105900051,76,1165,-1089
105900052,659,261,398
105900053,2408,3423,-1015
105900054,413,243,170
105900056,832,485,347
105900057,51,211,-160
105900058,25,14,11
105900059,0,43,-43
106000001,4075,2534,1541
106000002,1656,4871,-3215
106000003,3061,3408,-347
106000004,1300,2389,-1089
106000005,3637,4725,-1088
106000006,4641,2879,1762
106000007,581,544,37
106000008,445,313,132
106000009,632,347,285
106000010,607,522,85
106000011,1289,1073,216
106000012,910,1104,-194
106000013,1891,1885,6
106000014,1764,1217,547
106000015,2045,1181,864
106000016,1254,1639,-385
106000017,538,660,-122
106000018,570,401,169
106000019,416,387,29
106000020,363,268,95
106000021,297,428,-131
106000022,363,163,200
106000023,590,239,351
106000024,701,324,377
106000025,124,196,-72
106000026,55,154,-99
106000027,1720,1231,489
106000028,644,308,336
106000029,687,819,-132
106000030,457,493,-36
106000034,212,442,-230
106000035,972,1884,-912
106000036,195,436,-241
106000037,1765,1139,626
106000038,273,147,126
106000039,148,107,41
106000040,115,850,-735
106000041,651,616,35
106000043,619,241,378
106000046,388,80,308
106000047,46,423,-377
106000049,1043,196,847
106000050,318,465,-147
106000051,795,470,325
106000052,86,430,-344
106000053,484,113,371
106000054,351,327,24
106000055,1195,935,260
106000056,314,310,4
106000057,379,246,133
106000058,111,117,-6
106000059,405,258,147
106000060,314,438,-124
106000061,283,494,-211
106000062,156,498,-342
106000063,755,512,243
106000064,30,354,-324
106000065,419,350,69
106000066,113,304,-191
106000067,432,143,289
106000068,51,467,-416
106000069,312,76,236
106000070,491,629,-138
106000071,1218,327,891
106000072,2239,1461,778
106000073,1353,2969,-1616
106000074,523,643,-120
106000075,286,1185,-899
106000076,1685,1934,-249
106000077,3285,1236,2049
106000078,1224,874,350
106000079,757,706,51
106000080,1363,599,764
106000081,700,910,-210
106000082,2282,712,1570
106000083,449,1189,-740
106000084,1208,630,578
106000085,1349,1373,-24
106000086,642,778,-136
106000087,960,491,469
106000088,392,658,-266
106000089,1118,287,831
106000090,276,607,-331
106000091,275,419,-144
106000092,663,240,423
106000093,267,107,160
106000094,73,214,-141
106000095,919,562,357
106000096,889,636,253
106000097,1173,710,463
106000098,763,863,-100
106000099,237,1202,-965
106000100,1700,252,1448
106000101,1886,573,1313
106000102,285,1156,-871
106000103,313,625,-312
106000104,914,376,538
106000105,470,594,-124
106000106,776,410,366
106000107,173,206,-33
106000108,223,234,-11
106000109,175,145,30
106000110,259,273,-14
106000111,245,271,-26
106000112,242,483,-241
106000113,697,463,234
106000114,373,634,-261
106000115,239,365,-126
106000116,250,183,67
106000117,1072,582,490
106000118,1140,1210,-70
106000119,1145,830,315
106000120,1027,1170,-143
106000121,192,140,52
106000122,117,111,6
106000123,543,128,415
106000124,65,134,-69
106000125,13,169,-156
106000126,359,78,281
106000127,1004,591,413
106000128,994,153,841
106000129,523,366,157
106000130,892,257,635
106000131,134,590,-456
106000132,546,167,379
106000133,1885,1064,821
106000134,506,2224,-1718
106000135,158,448,-290
106000136,662,1006,-344
106000137,73,590,-517
106000138,1107,103,1004
106000139,67,104,-37
106000140,41,32,9
106000141,120,51,69
106000142,106,86,20
106000143,53,55,-2
106000144,19,61,-42
106000145,294,195,99
106000146,450,138,312
106000147,398,375,23
106000148,515,759,-244
106000149,564,315,249
106000150,542,1744,-1202
106000151,3017,826,2191
106000152,1364,1904,-540
106000153,84,1711,-1627
106000154,1197,161,1036
106000155,135,277,-142
106000156,1084,239,845
106000157,661,1282,-621
106000158,1971,954,1017
106000159,2435,1968,467
106000160,499,2794,-2295
106000161,1357,279,1078
106000162,363,1052,-689
106000163,381,241,140
106000164,491,254,237
106000165,228,370,-142
106000166,920,288,632
106000167,441,646,-205
106000168,638,251,387
106000169,311,449,-138
106000170,778,193,585
106000171,201,915,-714
106000172,2719,1226,1493
106000173,983,2129,-1146
106000174,1274,331,943
106000175,323,684,-361
106000176,1921,757,1164
106000177,803,1840,-1037
106000178,3347,1348,1999
106000179,972,1622,-650
106000180,769,994,-225
106000181,1094,1432,-338
106000182,1521,597,924
106000183,1738,451,1287
106000184,1935,554,1381
106000185,1328,1250,78
106000186,747,145,602
106000187,216,1072,-856
106000188,2,3,-1
106000189,14,50,-36
106000190,30,1,29
106000191,655,202,453
106000192,0,18,-18
106000193,429,208,221
106000194,161,418,-257
106000195,873,225,648
106000196,304,678,-374
106000197,572,271,301
106000198,185,244,-59
106000199,670,811,-141
106000200,169,243,-74
106000201,394,3253,-2859
106000202,2593,588,2005
106000203,47,129,-82
106000204,81,7,74
106000205,17,108,-91
106000206,109,15,94
106000207,53,534,-481
106000208,1463,162,1301
106000209,1652,331,1321
106000210,408,731,-323
106000211,308,971,-663
106000212,1078,408,670
106000213,669,2156,-1487
106000214,2405,852,1553
106000215,233,407,-174
106000216,380,337,43
106000217,286,329,-43
106000218,384,412,-28
106000219,136,229,-93
106000220,499,265,234
106000221,233,224,9
106000222,66,70,-4
106000223,369,106,263
106000224,207,156,51
106000225,113,93,20
106000226,110,216,-106
106000228,56,70,-14
106000229,67,511,-444
106000231,891,93,798
106000232,94,256,-162
106000233,520,89,431
106000234,58,192,-134
106000235,530,80,450
106000236,131,113,18
106000237,2,11,-9
106000238,23,12,11
106000239,3,70,-67
106000240,80,2,78
106000241,13,513,-500
106000242,260,24,236
106000249,91,62,29
106000250,86,654,-568
106000251,103,36,67
106000252,30,61,-31
106000253,94,62,32
106000254,47,34,13
106000255,39,136,-97
106000256,42,35,7
106000257,160,240,-80
106000258,200,30,170
106000259,0,60,-60
106000260,43,8,35
106000261,2,43,-41
106000262,82,16,66
106000263,12,37,-25
106000264,282,15,267
106000265,11,113,-102
106000266,105,33,72
106000267,11,74,-63
106000268,444,52,392
106000269,48,49,-1
106000270,129,412,-283
106000271,72,188,-116
106000272,201,60,141
106000273,10,225,-215
106000274,158,56,102
106000275,147,230,-83
106000276,174,43,131
106000277,123,229,-106
106000278,190,29,161
106000279,12,41,-29
106000280,96,46,50
106000281,82,36,46
106000282,61,65,-4
106000283,115,42,73
106000284,89,87,2
106000285,154,79,75
106000286,128,129,-1
106000287,118,37,81
106000288,100,168,-68
106000289,111,58,53
106000290,49,79,-30
106000291,119,87,32
106000292,72,60,12
106000293,138,94,44
106000294,150,88,62
106000295,49,64,-15
106000296,42,68,-26
106000297,76,206,-130
106000298,126,67,59
106000299,76,129,-53
106000300,62,89,-27
106000301,79,112,-33
106000303,34,103,-69
106000304,26,14,12
106000305,47,62,-15
106000306,44,52,-8
106000307,62,11,51
106000308,47,97,-50
106000309,29,47,-18
106000310,319,460,-141
106000311,350,193,157
106000312,85,125,-40
106000313,183,166,17
106000318,75,499,-424
106000319,971,288,683
106000320,3,89,-86
106000321,399,153,246
106000322,167,115,52
106000324,80,117,-37
106000325,1852,915,937
106000326,1049,1346,-297
106000327,222,83,139
106000328,23,152,-129
106000329,90,214,-124
106000330,38,84,-46
106000428,111,139,-28
106000429,141,265,-124
106000430,331,999,-668
106000431,2269,366,1903
106000432,1462,2044,-582
106000433,2525,1269,1256
106000434,3302,1657,1645
106000435,1136,1977,-841
106000436,7,117,-110
106000437,306,60,246
106000438,419,202,217
106000439,88,468,-380
106000440,379,595,-216
106000441,4,2,2
106000442,150,5,145
106000443,158,231,-73
106000450,2,111,-109
106000451,19,53,-34
106000454,2,112,-110
106000455,6,127,-121
106000456,89,33,56
106000457,13,615,-602
106000458,912,80,832
106000459,129,216,-87
106000460,1587,18,1569
106000461,89,717,-628
106000462,3,30,-27
106000463,5,12,-7
106000464,8,307,-299
106000465,802,1,801
106000466,1,384,-383
106000467,250,346,-96
106000468,91,162,-71
106000469,118,8,110
106000470,337,1887,-1550
106000471,18,354,-336
106000472,155,10,145
106000473,48,17,31
106000474,298,317,-19
106000475,259,197,62
106000476,120,235,-115
106000477,14,20,-6
106900001,0,14,-14
106900002,1,293,-292
106900003,245,2160,-1915
106900004,1,20,-19
106900006,0,11,-11
106900007,0,11,-11
106900008,405,153,252
106900009,355,248,107
106900010,231,232,-1
106900012,1251,2783,-1532
106900013,853,211,642
106900014,18,3,15
106900015,22,2,20
106900016,363,22,341
106900017,20,2,18
106900018,7,0,7
106900019,91,1,90
106900020,3752,1644,2108
106900021,178,146,32
106900022,991,10,981
106900023,70,197,-127
106900024,927,60,867
106900025,64,975,-911
106900026,4,345,-341
106900027,860,9,851
107000001,4130,4969,-839
107000002,2558,4072,-1514
107000003,6791,6907,-116
107000004,4172,3421,751
107000005,5640,5663,-23
107000006,3758,2911,847
107000007,6424,10725,-4301
107000008,8706,5979,2727
107000009,8823,8138,685
107000010,8241,7071,1170
107000011,838,966,-128
107000012,3636,2314,1322
107000013,58,71,-13
107000014,61,115,-54
107000015,504,624,-120
107000016,864,613,251
107000017,3827,4379,-552
107000018,58,3370,-3312
107000020,2792,3828,-1036
107000021,1585,473,1112
107000022,1178,2464,-1286
107000023,2237,271,1966
107000024,785,1510,-725
107000025,371,392,-21
107000026,380,431,-51
107000027,1503,1064,439
107000028,1498,953,545
107000029,3981,3210,771
107000030,3084,2477,607
107000031,4822,2837,1985
107000032,527,857,-330
107000033,2600,4430,-1830
107000034,5304,1465,3839
107000035,423,249,174
107000036,700,1270,-570
107000037,123,807,-684
107000038,250,225,25
107000039,748,729,19
107000040,247,314,-67
107000041,1345,719,626
107000042,759,2084,-1325
107000043,2490,1126,1364
107000044,515,503,12
107000045,92,344,-252
107000046,915,525,390
107000047,499,875,-376
107000048,744,394,350
107000049,638,797,-159
107000050,1034,529,505
107000051,286,349,-63
107000052,1098,1109,-11
107000053,375,243,132
107000054,74,235,-161
107000055,180,132,48
107000056,393,751,-358
107000057,1395,218,1177
107000058,2298,2559,-261
107000059,1905,2941,-1036
107000060,5057,5227,-170
107000061,5032,3105,1927
107000062,5349,3010,2339
107000063,4388,3929,459
107000064,5405,2728,2677
107000065,4174,3879,295
107000066,2116,3472,-1356
107000067,1425,1231,194
107000068,1458,802,656
107000069,1092,568,524
107000070,1215,1,1214
107000071,3658,48,3610
107000072,38,2072,-2034
107000073,1012,450,562
107000074,168,739,-571
107000075,2196,586,1610
107000076,750,1162,-412
107000077,4389,1317,3072
107000078,2458,2707,-249
107000079,3216,1075,2141
107000080,1106,2614,-1508
107000081,2162,674,1488
107000082,564,1357,-793
107000083,1565,535,1030
107000084,289,1310,-1021
107000085,3010,3018,-8
107000086,3536,3118,418
107000087,3123,1968,1155
107000088,3276,3364,-88
107000089,1688,1695,-7
107000090,1353,964,389
107000091,1613,831,782
107000092,887,792,95
107000093,1340,849,491
107000094,1032,945,87
107000095,971,618,353
107000096,582,715,-133
107000097,484,257,227
107000098,294,440,-146
107000099,536,263,273
107000100,241,299,-58
107000101,64,171,-107
107000102,191,333,-142
107000103,314,190,124
107000104,200,288,-88
107000105,428,125,303
107000106,184,207,-23
107000107,692,148,544
107000108,147,376,-229
107000109,767,186,581
107000110,50,334,-284
107000111,427,50,377
107000112,43,211,-168
107000113,791,150,641
107000114,107,392,-285
107000115,753,165,588
107000116,109,507,-398
107000117,184,715,-531
107000118,126,144,-18
107000119,1375,1740,-365
107000120,910,637,273
107000121,1025,609,416
107000122,1281,811,470
107000123,583,537,46
107000124,622,776,-154
107000125,1185,525,660
107000126,1083,544,539
107000129,502,263,239
107000130,885,393,492
107000131,513,398,115
107000132,690,367,323
107000133,574,127,447
107000134,321,6,315
107000135,6,334,-328
107000136,851,8,843
107000137,18,506,-488
107000138,263,19,244
107000139,28,564,-536
107000140,1681,221,1460
107000141,172,702,-530
107000142,505,133,372
107000143,78,578,-500
107000144,563,591,-28
107000145,185,412,-227
107000146,287,372,-85
107000147,3249,820,2429
107000150,663,3680,-3017
107000151,35,127,-92
107000152,380,1701,-1321
107000153,117,395,-278
107000154,215,261,-46
107000155,1070,47,1023
107000156,1437,47,1390
107000157,134,1077,-943
107000158,683,33,650
107000159,31,683,-652
107000160,1395,186,1209
107000161,86,932,-846
107000162,315,659,-344
107000163,229,2,227
107000164,904,5,899
107000165,1304,15,1289
107000166,53,844,-791
107000167,739,236,503
107000168,1077,569,508
107000169,787,703,84
107000170,2924,852,2072
107000171,837,1373,-536
107000172,1185,1536,-351
107000173,647,744,-97
107000174,1363,6502,-5139
107000175,5689,1364,4325
107000176,2,2,0
107000177,10,4,6
107000178,23,36,-13
107000179,329,1478,-1149
107000180,1616,250,1366
107000181,423,752,-329
107000182,2213,852,1361
107000183,163,645,-482
107000184,1201,570,631
107000185,609,1177,-568
107000186,1470,434,1036
107000187,1424,1193,231
107000188,765,544,221
107000189,738,1029,-291
107000190,711,591,120
107000191,735,833,-98
107000192,1767,645,1122
107000193,454,592,-138
107000194,739,637,102
107000197,1065,275,790
107000198,310,603,-293
107000199,782,631,151
107000200,676,719,-43
107000201,595,328,267
107000202,365,486,-121
107000203,1036,1025,11
107000204,1226,1149,77
107000205,2212,1133,1079
107000206,946,1784,-838
107000207,621,1077,-456
107000208,1031,669,362
107000209,1951,1500,451
107000210,580,310,270
107000211,6,70,-64
107000212,38,374,-336
107000213,8,54,-46
107000214,21,146,-125
107000215,591,303,288
107000216,566,448,118
107000217,189,160,29
107000219,132,201,-69
107000220,234,206,28
107000222,323,659,-336
107000224,804,109,695
107000225,201,350,-149
107000226,738,112,626
107000227,137,194,-57
107000228,240,282,-42
107000229,97,166,-69
107000230,957,493,464
107000231,1281,1870,-589
107000232,115,38,77
107000233,1042,979,63
107000234,2,77,-75
107000235,97,28,69
107000236,14,531,-517
107000237,39,1,38
107000238,37,2,35
107000239,2952,494,2458
107000240,70,724,-654
107000241,101,10,91
107000242,365,50,315
107000243,0,38,-38
107000244,7,49,-42
107000246,6,1030,-1024
107000249,3,1025,-1022
107000251,1,268,-267
107000252,1,704,-703
107000255,399,161,238
107000257,0,283,-283
107000258,1,107,-106
107000259,3,142,-139
107000260,787,8,779
107000262,7,315,-308
107000263,341,18,323
107000266,7,7,0
107000267,60,93,-33
107000268,119,127,-8
107000269,844,77,767
107000270,25,23,2
107000271,48,414,-366
107000272,54,84,-30
107000273,14,338,-324
107000274,2826,751,2075
107000275,310,2870,-2560
107000280,1042,24,1018
107000281,49,576,-527
107000282,96,608,-512
107000290,31,32,-1
107000291,28,14,14
107000292,4,271,-267
107000293,121,8,113
107000294,0,48,-48
107000295,46,3,43
107000296,1,23,-22
107000444,298,2,296
107000496,11,16,-5
107000497,1440,1754,-314
107000500,378,243,135
107000501,110,101,9
107000502,189,213,-24
107000505,286,630,-344
107000506,3,44,-41
107000508,4,411,-407
107000509,260,831,-571
107000510,35,48,-13
107000514,62,332,-270
107000515,10,133,-123
107000516,437,297,140
107000518,1201,1729,-528
107000519,1198,732,466
107000520,84,24,60
107900001,106,85,21
107900002,89,10,79
107900003,281,9,272
107900004,124,6,118
107900005,1367,11,1356
107900006,308,11,297
107900007,445,50,395
107900008,105,17,88
107900009,231,8,223
107900010,85,3,82
107900012,322,54,268
107900013,246,42,204
107900014,47,10,37
107900015,1015,6,1009
107900016,415,104,311
107900017,41,6,35
107900018,70,249,-179
107900019,35,42,-7
107900020,108,21,87
107900021,124,87,37
107900023,5,0,5
107900024,1,48,-47
107900025,289,274,15
107900026,105,50,55
107900027,38,60,-22
107900028,142,62,80
107900030,190,22,168
107900031,58,90,-32
107900032,32,9,23
107900033,31,13,18
107900034,439,28,411
107900035,1091,50,1041
107900036,84,49,35
107900037,1,25,-24
107900038,86,240,-154
107900039,38,48,-10
107900040,23,197,-174
107900041,6,1,5
107900043,66,92,-26
107900044,20,1,19
107900045,126,57,69
107900046,151,205,-54
107900047,79,54,25
107900048,222,13,209
107900049,400,1686,-1286
107900050,87,301,-214
107900051,104,52,52
107900052,113,50,63
107900053,63,62,1
107900055,1026,404,622
107900056,163,82,81
107900057,6,0,6
107900058,13,495,-482
107900060,47,80,-33
107900061,17,9,8
107900063,131,161,-30
107900064,301,207,94
107900065,289,10,279
107900066,34,15,19
107900067,0,0,0
107900068,99,566,-467
107900069,33,2353,-2320
107900070,124,102,22
107900071,41,599,-558
107900072,179,147,32
107900073,121,90,31
107900074,571,450,121
107900076,141,50,91
107900077,95,3,92
107900078,261,48,213
107900079,20,20,0
107900080,198,594,-396
107900081,85,135,-50
107900082,10,15,-5
107900083,377,187,190
107900084,136,163,-27
107900086,26,173,-147
107900087,616,180,436
107900088,61,5,56
107900089,309,1114,-805
107900090,1111,3291,-2180
107900091,164,230,-66
107900092,1644,416,1228
107900093,61,103,-42
107900095,3055,2406,649
107900097,26,77,-51
107900098,83,234,-151
107900100,876,1390,-514
107900101,846,170,676
107900102,55,9,46
107900103,37,165,-128
107900104,258,4,254
107900105,0,237,-237
107900106,4,837,-833
107900107,1507,535,972
107900108,193,138,55
107900109,1712,33,1679
107900110,78,80,-2
107900111,8,475,-467
107900112,99,395,-296
107900113,288,84,204
107900114,198,99,99
107900115,3,35,-32
107900116,247,123,124
107900117,346,188,158
107900118,66,146,-80
107900119,88,257,-169
107900120,44,32,12
107900121,7,181,-174
107900122,1,102,-101
107900123,8,62,-54
107900124,20,40,-20
107900125,67,228,-161
107900126,15,80,-65
107900127,575,318,257
107900128,87,87,0
107900129,110,36,74
107900130,85,20,65
107900131,497,375,122
107900132,78,296,-218
107900133,0,73,-73
107900134,41,97,-56
107900135,7,148,-141
107900136,42,42,0
107900137,124,134,-10
107900138,70,29,41
107900139,64,59,5
107900140,114,50,64
107900141,41,39,2
107900142,53,650,-597
107900143,96,19,77
107900144,4,116,-112
107900145,30,93,-63
107900146,44,137,-93
107900147,64,27,37
107900148,162,83,79
107900149,830,191,639
107900150,59,443,-384
107900151,35,92,-57
107900152,32,157,-125
107900153,171,364,-193
107900154,53,23,30
107900155,117,46,71
107900156,7,247,-240
107900157,62,46,16
107900158,960,26,934
107900159,14,605,-591
107900160,151,142,9
107900161,47,132,-85
107900162,1,129,-128
107900163,61,65,-4
107900164,15,54,-39
107900165,26,158,-132
107900166,21,130,-109
107900167,68,42,26
107900168,68,45,23
107900169,2,154,-152
107900171,10,898,-888
107900172,7,259,-252
107900173,33,126,-93
107900174,161,3,158
107900175,64,30,34
107900176,44,39,5
107900177,4,317,-313
107900178,0,111,-111
107900179,21,129,-108
107900180,466,875,-409
107900181,393,250,143
107900182,5,668,-663
107900183,75,148,-73
107900184,84,242,-158
107900185,153,6,147
107900186,91,40,51
107900187,0,109,-109
107900188,485,147,338
107900189,12,89,-77
107900190,55,158,-103
107900191,95,80,15
107900193,7,58,-51
107900194,373,13,360
107900195,1541,344,1197
107900196,74,85,-11
107900197,646,411,235
107900199,2,667,-665
107900201,100,81,19
107900203,35,46,-11
107900204,140,281,-141
107900205,236,321,-85
107900206,972,299,673
107900207,4,387,-383
107900208,14,314,-300
107900209,330,140,190
107900210,58,102,-44
107900213,866,670,196
107900214,25,97,-72
107900215,136,374,-238
107900216,171,65,106
107900217,38,137,-99
107900218,15,2064,-2049
107900219,31,77,-46
107900220,217,280,-63
107900221,196,184,12
107900223,151,414,-263
107900224,137,397,-260
107900225,6,624,-618
107900226,106,71,35
107900227,100,277,-177
107900228,34,65,-31
107900229,1,176,-175
107900230,17,73,-56
107900231,28,183,-155
107900232,94,82,12
107900233,6,115,-109
107900234,139,52,87
107900235,39,122,-83
107900236,136,32,104
107900237,41,367,-326
107900238,29,97,-68
107900239,559,573,-14
107900240,34,91,-57
107900241,12,64,-52
107900242,33,145,-112
107900243,3,56,-53
107900244,374,11,363
107900245,971,39,932
107900246,392,31,361
107900248,567,356,211
107900249,923,56,867
107900250,1,346,-345
107900251,51,862,-811
107900252,1004,33,971
107900253,205,10,195
107900254,72,403,-331
107900255,227,85,142
107900256,1617,2114,-497
107900257,261,138,123
107900258,122,243,-121
107900259,93,2600,-2507
107900261,5,311,-306
107900262,37,105,-68
107900264,440,11,429
107900265,167,149,18
107900267,242,14,228
107900268,34,4,30
107900269,1,14,-13
107900270,0,0,0
107900271,2,33,-31
107900272,102,56,46
107900273,70,100,-30
107900274,106,1,105
107900275,28,11,17
107900276,1,110,-109
107900277,0,197,-197
107900278,292,270,22
107900279,89,218,-129
107900280,1873,1897,-24
107900281,870,3036,-2166
107900282,44,517,-473
107900283,772,650,122
107900284,581,491,90
107900285,144,53,91
107900286,159,123,36
107900287,351,173,178
107900290,0,169,-169
107900291,574,30,544
107900292,123,107,16
107900293,62,296,-234
107900295,44,35,9
107900297,2,284,-282
107900298,687,661,26
107900299,2200,2784,-584
107900300,103,334,-231
107900301,767,720,47
107900302,145,43,102
107900303,239,264,-25
107900304,389,313,76
107900305,365,12,353
107900306,20,29,-9
107900307,53,216,-163
107900308,178,189,-11
107900309,97,5,92
107900310,1061,14,1047
107900311,22,1056,-1034
107900312,86,3,83
107900313,0,258,-258
107900314,0,61,-61
107900315,4,46,-42
107900316,121,18,103
107900317,120,30,90
107900318,15,146,-131
107900319,10,118,-108
107900320,0,107,-107
107900321,134,6,128
107900322,3,86,-83
107900323,8,119,-111
107900324,141,3,138
107900325,86,0,86
107900326,636,174,462
107900327,1,68,-67
107900328,99,0,99
107900329,222,208,14
107900330,8,181,-173
107900331,220,15,205
107900332,326,21,305
107900333,89,18,71
107900334,11,117,-106
107900335,102,49,53
107900336,65,72,-7
107900337,715,1186,-471
107900338,8,107,-99
107900339,2,21,-19
107900340,0,44,-44
107900341,71,5,66
107900342,110,120,-10
107900343,96,4,92
107900344,7,103,-96
107900345,116,23,93
107900346,22,3,19
107900347,33,3,30
107900348,2,1,1
107900349,29,13,16
107900350,24,158,-134
108000001,3277,3642,-365
108000002,1570,1855,-285
108000003,3792,3694,98
108000004,10335,11673,-1338
108000005,9449,7007,2442
108000006,7459,6498,961
108000007,5728,3922,1806
108000008,3756,5022,-1266
108000009,4069,4610,-541
108000010,2576,3668,-1092
108000011,12828,12469,359
108000012,13220,12359,861
108000014,771,1090,-319
108000015,846,239,607
108000016,324,682,-358
108000017,1188,365,823
108000018,1957,712,1245
108000019,2308,1035,1273
108000020,1335,512,823
108000021,370,1718,-1348
108000022,437,1251,-814
108000023,1435,280,1155
108000024,270,402,-132
108000025,361,277,84
108000026,779,300,479
108000027,854,435,419
108000028,691,225,466
108000029,521,389,132
108000030,674,219,455
108000031,300,548,-248
108000032,1900,687,1213
108000033,790,776,14
108000034,1815,560,1255
108000035,785,1671,-886
108000036,383,823,-440
108000037,1944,457,1487
108000038,3019,536,2483
108000039,545,1534,-989
108000040,2110,938,1172
108000041,657,1784,-1127
108000042,324,168,156
108000043,231,252,-21
108000044,615,144,471
108000045,375,456,-81
108000046,1699,347,1352
108000047,463,753,-290
108000048,196,249,-53
108000049,1271,246,1025
108000050,105,354,-249
108000051,359,141,218
108000052,247,466,-219
108000053,482,266,216
108000054,542,974,-432
108000055,1384,678,706
108000056,799,1098,-299
108000057,733,1245,-512
108000058,2237,3857,-1620
108000059,2763,1714,1049
108000060,197,373,-176
108000061,134,238,-104
108000062,990,643,347
108000063,712,414,298
108000064,280,229,51
108000065,556,402,154
108000066,1524,689,835
108000067,2130,763,1367
108000068,819,391,428
108000069,219,740,-521
108000070,2265,725,1540
108000071,637,1092,-455
108000072,1911,1120,791
108000073,1313,1309,4
108000074,705,404,301
108000075,394,655,-261
108000076,957,551,406
108000077,621,471,150
108000078,2798,1094,1704
108000079,789,1085,-296
108000080,1405,492,913
108000081,467,1154,-687
108000082,861,1356,-495
108000083,2131,951,1180
108000084,336,927,-591
108000085,947,492,455
108000086,723,563,160
108000087,226,2334,-2108
108000088,263,13,250
108000089,379,369,10
108000090,491,134,357
108000091,191,396,-205
108000092,182,81,101
108000093,210,324,-114
108000094,570,113,457
108000095,195,259,-64
108000096,411,200,211
108000097,166,275,-109
108000098,2078,1229,849
108000099,288,113,175
108000100,75,217,-142
108000101,1533,1459,74
108000102,1632,3347,-1715
108000106,1092,4,1088
108000107,4,798,-794
108000108,824,55,769
108000109,11,852,-841
108000110,230,270,-40
108000111,170,466,-296
108000112,51,167,-116
108000113,476,191,285
108000115,415,280,135
108000117,797,340,457
108000118,81,184,-103
108000119,529,364,165
108000120,213,773,-560
108000121,241,369,-128
108000122,584,304,280
108000123,830,221,609
108000124,323,373,-50
108000125,503,204,299
108000126,177,287,-110
108000127,491,238,253
108000128,614,343,271
108000129,329,696,-367
108000130,574,182,392
108000131,995,533,462
108000132,1913,970,943
108000133,1140,477,663
108000134,579,426,153
108000135,1228,472,756
108000136,311,708,-397
108000137,504,282,222
108000138,552,753,-201
108000139,571,234,337
108000140,152,26,126
108000141,45,46,-1
108000142,43,46,-3
108000143,30,17,13
108000144,71,9,62
108000145,56,8,48
108000146,103,17,86
108000147,53,35,18
108000148,137,25,112
108000149,26,16,10
108000150,54,20,34
108000151,22,17,5
108000152,92,335,-243
108000153,565,129,436
108000154,38,6,32
108000155,24,27,-3
108000156,313,106,207
108000157,216,1247,-1031
108000158,67,877,-810
108000159,364,226,138
108000160,2094,1186,908
108000161,1940,3036,-1096
108000165,14,248,-234
108000172,3,246,-243
108000173,1231,1970,-739
108000175,307,125,182
108000178,412,288,124
108000179,144,995,-851
108000181,64,26,38
108000182,113,6,107
108000183,15,13,2
108000184,768,2472,-1704
108000185,309,317,-8
108000186,219,42,177
108000187,148,389,-241
108000188,695,168,527
108000189,538,1468,-930
108000190,56,117,-61
108000192,178,449,-271
108000193,711,43,668
108000194,42,9,33
108000195,2,745,-743
108000196,360,142,218
108000198,428,192,236
108000199,0,256,-256
108000200,460,312,148
108000202,2,405,-403
108000203,174,422,-248
108000204,183,45,138
108000205,189,311,-122
108000339,1117,346,771
108000364,115,266,-151
108000365,107,251,-144
108000367,155,243,-88
108000368,8,41,-33
108000369,549,222,327
108000371,5,600,-595
108000372,689,3,686
108000373,263,152,111
108000376,112,35,77
108000377,650,217,433
108000378,9369,10510,-1141
108000379,30,273,-243
108000381,95,8,87
108000382,137,2,135
108000383,1,170,-169
108900001,92,801,-709
108900002,197,61,136
108900003,328,509,-181
108900004,132,465,-333
108900005,84,431,-347
108900006,713,224,489
108900007,351,269,82
108900008,187,155,32
108900009,103,129,-26
108900010,394,191,203
108900011,815,378,437
108900012,452,494,-42
108900013,239,289,-50
108900014,27,91,-64
108900015,0,140,-140
108900016,10,237,-227
108900017,281,354,-73
108900018,167,377,-210
108900019,56,581,-525
108900020,98,158,-60
108900021,212,222,-10
108900022,234,13,221
108900023,1,25,-24
108900024,33,85,-52
108900025,141,113,28
108900026,28,141,-113
108900027,1,78,-77
108900028,97,211,-114
108900029,78,211,-133
108900030,1,56,-55
108900031,165,243,-78
108900032,17,195,-178
108900033,1,96,-95
108900034,1,134,-133
108900035,333,915,-582
108900036,231,239,-8
108900037,111,270,-159
108900038,1,257,-256
108900039,0,268,-268
108900040,3,68,-65
108900041,4166,3784,382
108900042,10,400,-390
108900043,102,399,-297
108900044,3,309,-306
108900045,81,295,-214
108900046,31,513,-482
108900047,0,158,-158
108900048,105,624,-519
108900049,1793,1644,149
108900050,2,158,-156
108900051,0,104,-104
108900052,41,150,-109
108900053,70,220,-150
108900054,100,192,-92
108900055,65,366,-301
108900056,0,104,-104
108900057,2,115,-113
108900058,38,251,-213
108900059,549,66,483
108900060,108,129,-21
108900061,117,41,76
108900062,10,167,-157
108900063,45,176,-131
108900064,276,43,233
108900065,13,141,-128
108900066,627,122,505
108900067,11,165,-154
108900068,1,76,-75
108900069,90,66,24
108900070,23,74,-51
108900071,139,90,49
108900072,1877,667,1210
108900073,4,61,-57
108900074,336,210,126
108900075,62,53,9
108900076,405,76,329
108900077,70,108,-38
108900078,47,119,-72
108900079,598,192,406
108900080,42,932,-890
108900081,71,217,-146
108900082,131,88,43
108900083,23,295,-272
108900084,393,169,224
108900085,1612,169,1443
108900086,180,165,15
108900087,101,153,-52
108900088,1035,422,613
108900089,53,146,-93
108900090,98,208,-110
108900091,119,53,66
108900092,558,281,277
108900093,159,75,84
108900094,298,78,220
108900095,23,270,-247
108900096,221,14,207
108900097,325,197,128
108900098,1648,962,686
108900099,481,192,289
108900100,98,136,-38
108900101,258,276,-18
108900102,104,1290,-1186
108900103,78,123,-45
108900104,120,307,-187
108900105,12,1412,-1400
108900106,462,205,257
108900108,372,67,305
108900109,49,38,11
108900110,278,342,-64
108900111,521,379,142
108900112,311,39,272
108900113,43,67,-24
108900114,1,3,-2
108900115,113,67,46
108900116,101,19,82
108900117,244,4,240
108900118,703,32,671
108900119,314,25,289
108900120,184,190,-6
108900121,359,107,252
108900122,149,30,119
108900123,176,179,-3
108900124,575,199,376
108900125,694,10,684
108900126,131,41,90
108900127,248,31,217
108900128,157,41,116
108900129,955,121,834
108900130,575,3,572
108900131,473,12,461
108900132,541,93,448
108900133,259,67,192
108900134,498,238,260
108900135,179,11,168
108900136,143,2,141
108900137,210,3,207
108900138,1037,81,956
108900139,793,96,697
108900140,456,166,290
108900141,428,56,372
108900142,120,6,114
108900143,84,1,83
108900144,151,0,151
108900145,246,19,227
108900146,115,0,115
108900147,256,1,255
108900148,72,34,38
108900149,488,239,249
108900150,244,15,229
108900151,153,10,143
108900152,320,16,304
108900153,232,275,-43
108900154,5494,500,4994
108900155,289,107,182
108900156,99,14,85
108900157,30,452,-422
108900158,459,21,438
108900159,4,179,-175
108900160,12,154,-142
108900161,25,252,-227
108900162,155,0,155
108900163,8,280,-272
108900164,43,63,-20
108900165,145,63,82
108900167,1163,8348,-7185
108900168,5280,2724,2556
108900169,83,107,-24
108900171,4754,3341,1413
108900172,290,41,249
108900173,209,280,-71
108900174,1052,627,425
108900176,197,369,-172
108900177,4545,6817,-2272
108900178,2949,4005,-1056
108900179,602,1991,-1389
108900180,200,261,-61
108900182,60,357,-297
108900183,375,178,197
108900184,624,237,387
108900185,99,342,-243
108900186,144,356,-212
108900187,487,55,432
108900188,764,77,687
108900189,433,123,310
108900190,65,1814,-1749
108900191,163,53,110
108900192,123,210,-87
108900193,223,136,87
108900194,21,344,-323
108900195,118,178,-60
108900196,46,264,-218
108900198,3,314,-311
108900199,305,337,-32
108900200,647,396,251
108900201,508,1252,-744
108900203,527,178,349
108900204,405,19,386
108900205,182,31,151
108900206,670,134,536
108900207,227,150,77
108900208,48,271,-223
108900209,205,457,-252
108900210,348,202,146
108900211,221,607,-386
108900212,530,1696,-1166
108900215,88,326,-238
108900216,442,295,147
108900217,147,0,147
108900218,181,31,150
108900219,93,10,83
108900220,47,16,31
108900221,38,315,-277
108900222,383,29,354
108900223,13,173,-160
108900224,47,253,-206
108900225,1,196,-195
108900226,339,33,306
108900227,137,379,-242
108900230,209,230,-21
108900231,23,212,-189
108900232,0,196,-196
108900233,507,110,397
108900234,325,200,125
108900235,198,549,-351
108900236,80,333,-253
108900237,115,174,-59
108900240,156,91,65
108900241,37,30,7
108900245,28,1515,-1487
108900249,146,44,102
108900250,286,139,147
108900257,292,316,-24
108900258,22,151,-129
108900259,37,54,-17
108900260,11,82,-71
108900261,53,102,-49
108900262,144,122,22
108900263,49,135,-86
108900264,545,241,304
108900265,1106,584,522
108900266,539,867,-328
108900267,14,160,-146
108900268,20,12,8
108900269,130,21,109
108900270,114,21,93
108900271,94,23,71
108900272,267,16,251
108900273,687,1233,-546
108900274,69,39,30
109000001,2706,1785,921
109000002,1019,2003,-984
109000003,2661,418,2243
109000004,542,1728,-1186
109000005,2120,549,1571
109000006,574,1603,-1029
109000007,1755,570,1185
109000008,631,1365,-734
109000009,4077,1209,2868
109000010,1182,2812,-1630
109000011,3652,1903,1749
109000012,1760,2375,-615
109000013,4152,3274,878
109000014,1974,2386,-412
109000015,3759,8148,-4389
109000016,4673,2736,1937
109000017,2826,1129,1697
109000018,947,2173,-1226
109000019,2731,1292,1439
109000020,971,1459,-488
109000023,288,43,245
109000024,13,158,-145
109000025,333,506,-173
109000026,485,243,242
109000027,79,326,-247
109000028,153,88,65
109000029,126,244,-118
109000030,80,467,-387
109000031,296,176,120
109000032,142,455,-313
109000033,318,166,152
109000034,61,52,9
109000035,16,80,-64
109000036,84,257,-173
109000037,302,1790,-1488
109000038,494,293,201
109000039,1185,820,365
109000040,3627,10733,-7106
109000041,1875,1701,174
109000042,559,1279,-720
109000044,459,55,404
109000045,110,305,-195
109000046,392,62,330
109000047,61,457,-396
109000048,884,220,664
109000049,233,530,-297
109000050,423,306,117
109000051,306,229,77
109000052,606,627,-21
109000053,219,131,88
109000054,443,374,69
109000055,317,385,-68
109000056,443,372,71
109000057,989,515,474
109000058,982,237,745
109000059,731,1528,-797
109000060,370,319,51
109000061,675,1343,-668
109000062,159,360,-201
109000063,246,145,101
109000064,384,152,232
109000065,198,203,-5
109000066,457,97,360
109000067,117,190,-73
109000068,1770,7,1763
109000069,679,28,651
109000070,16,1650,-1634
109000071,315,92,223
109000072,97,273,-176
109000073,48,99,-51
109000074,30,128,-98
109000075,72,325,-253
109000076,156,278,-122
109000077,419,217,202
109000078,98,182,-84
109000079,167,134,33
109000080,176,99,77
109000081,159,367,-208
109000082,768,177,591
109000083,293,482,-189
109000088,140,444,-304
109000089,305,72,233
109000090,138,362,-224
109000091,364,233,131
109000092,411,431,-20
109000093,261,245,16
109000094,653,1,652
109000095,126,313,-187
109000096,837,283,554
109000097,85,146,-61
109000098,45,133,-88
109000099,938,356,582
109000100,335,586,-251
109000101,1923,633,1290
109000102,447,759,-312
109000103,558,602,-44
109000104,1947,512,1435
109000105,456,963,-507
109000106,2101,755,1346
109000107,629,1443,-814
109000108,1911,604,1307
109000109,543,1326,-783
109000110,1352,488,864
109000111,822,1634,-812
109000112,337,121,216
109000113,278,157,121
109000114,166,262,-96
109000115,1050,32,1018
109000116,11,256,-245
109000117,255,51,204
109000118,12,281,-269
109000119,1393,191,1202
109000120,201,552,-351
109000121,613,41,572
109000122,188,525,-337
109000123,30,50,-20
109000124,706,350,356
109000125,831,256,575
109000126,400,601,-201
109000127,1021,190,831
109000128,572,933,-361
109000129,3007,717,2290
109000130,647,1172,-525
109000131,1128,597,531
109000132,783,1280,-497
109000133,382,730,-348
109000134,842,1163,-321
109000135,1131,1744,-613
109000136,267,276,-9
109000137,374,376,-2
109000138,559,291,268
109000139,639,409,230
109000140,228,320,-92
109000141,594,476,118
109000142,179,437,-258
109000143,140,65,75
109000145,168,209,-41
109000146,50,112,-62
109000148,2685,2045,640
109000149,29,51,-22
109000150,88,311,-223
109000155,1033,727,306
109000156,1007,622,385
109000158,271,312,-41
109000159,248,502,-254
109000160,1046,186,860
109000161,358,809,-451
109000162,2252,689,1563
109000163,1169,1469,-300
109000164,1253,1946,-693
109000165,1382,435,947
109000166,765,99,666
109000167,112,410,-298
109000170,61,52,9
109000171,75,60,15
109000172,46,72,-26
109000173,25,102,-77
109000174,94,43,51
109000175,56,79,-23
109000176,320,179,141
109000177,41,103,-62
109000178,847,312,535
109000179,3746,5689,-1943
109000180,4585,3995,590
109000181,23,14,9
109000182,32,27,5
109000183,72,18,54
109000184,47,19,28
109000185,34,28,6
109000188,494,1420,-926
109000189,2563,827,1736
109000190,906,439,467
109000191,422,375,47
109000192,484,168,316
109000193,211,219,-8
109000194,309,96,213
109000195,138,222,-84
109000196,358,112,246
109000197,213,275,-62
109000198,504,86,418
109000199,156,352,-196
109000206,285,47,238
109000207,125,44,81
109000208,85,85,0
109000209,148,108,40
109000210,169,455,-286
109000211,706,357,349
109000214,414,268,146
109000215,159,74,85
109000216,315,270,45
109000217,248,152,96
109000218,338,268,70
109000221,504,891,-387
109000222,973,238,735
109000223,404,389,15
109000224,49,81,-32
109000225,88,21,67
109000226,67,149,-82
109000227,1353,795,558
109000228,10,1599,-1589
109000231,0,231,-231
109000232,422,234,188
109000236,281,670,-389
109000241,2277,1685,592
109000242,2005,1087,918
109000293,37,60,-23
109000361,116,146,-30
109000364,166,472,-306
109000396,3,378,-375
109000397,730,9,721
109000399,118,343,-225
109000400,73,207,-134
109000403,101,966,-865
109000406,345,3,342
109000407,277,152,125
109000408,2,363,-361
109000410,1194,261,933
109000411,210,24,186
109900001,155,1,154
109900002,971,27,944
109900003,315,1,314
109900004,795,161,634
109900005,36,5,31
109900006,543,146,397
109900007,1012,326,686
109900008,0,25,-25
109900009,181,462,-281
109900010,526,27,499
109900011,81,59,22
109900012,315,215,100
109900013,374,154,220
109900014,413,63,350
109900015,533,184,349
109900016,155,34,121
109900017,237,151,86
109900018,279,45,234
109900019,224,42,182
109900020,59,51,8
109900021,77,49,28
109900022,131,204,-73
109900023,25,3,22
109900024,29,4,25
109900025,12,33,-21
109900026,5,160,-155
109900027,48,34,14
109900028,914,1169,-255
109900029,4,164,-160
109900030,38,22,16
109900031,3,310,-307
109900032,16,281,-265
109900033,2,473,-471
109900034,68,4,64
109900035,12,47,-35
109900036,27,56,-29
109900037,59,382,-323
109900038,80,268,-188
109900039,11,0,11
109900040,36,410,-374
109900041,80,282,-202
109900042,44,1573,-1529
109900044,113,210,-97
109900045,211,137,74
109900046,30,72,-42
109900047,302,337,-35
109900048,3,86,-83
109900049,30,36,-6
109900050,0,76,-76
109900051,0,35,-35
109900052,114,315,-201
109900053,1,184,-183
109900054,826,225,601
109900055,102,278,-176
109900056,25,218,-193
109900057,6,87,-81
109900058,0,53,-53
109900059,933,103,830
109900060,561,106,455
109900061,56,259,-203
109900062,0,105,-105
109900063,9,474,-465
109900064,606,202,404
109900065,51,135,-84
109900066,305,568,-263
109900067,2,140,-138
109900068,85,7,78
109900069,4,33,-29
109900070,40,215,-175
109900071,14,28,-14
109900072,18,142,-124
109900073,443,417,26
109900074,9,25,-16
109900075,23,37,-14
109900076,7,104,-97
109900077,35,46,-11
109900078,111,183,-72
109900080,120,242,-122
109900081,25,244,-219
109900082,45,254,-209
109900083,20,66,-46
109900084,76,111,-35
109900085,181,472,-291
109900086,163,508,-345
109900087,268,508,-240
109900089,822,258,564
109900090,479,941,-462
109900091,407,87,320
109900092,1304,48,1256
109900093,1168,186,982
109900094,85,83,2
109900095,127,178,-51
109900096,59,6,53
109900097,155,2,153
109900098,505,37,468
109900099,221,1,220
109900100,43,0,43
109900101,695,20,675
109900102,584,27,557
109900103,41,38,3
109900104,680,393,287
109900105,668,17,651
109900106,457,70,387
109900107,1083,116,967
109900108,161,361,-200
109900109,30,204,-174
109900110,69,280,-211
109900111,420,691,-271
109900112,317,457,-140
109900113,1044,562,482
109900114,1039,982,57
109900115,184,99,85
109900117,1143,142,1001
109900118,167,348,-181
109900119,573,335,238
109900120,96,41,55
109900121,355,433,-78
109900122,671,9,662
109900123,12,124,-112
109900124,56,353,-297
109900125,1,157,-156
109900126,337,73,264
109900128,389,55,334
109900130,4847,2980,1867
109900131,46,105,-59
109900132,36,135,-99
109900133,110,229,-119
109900134,90,105,-15
109900135,309,61,248
109900136,60,153,-93
109900137,176,244,-68
109900138,104,72,32
109900140,267,123,144
109900142,1473,330,1143
109900145,5,630,-625
109900146,436,39,397
109900148,43,73,-30
109900149,43,73,-30
109900150,15,74,-59
109900151,16,52,-36
109900152,2,30,-28
109900153,0,58,-58
109900154,46,0,46
109900155,74,18,56
109900157,89,163,-74
109900158,74,124,-50
109900159,119,65,54
109900160,188,52,136
109900161,258,69,189
109900162,189,96,93
109900163,640,275,365
109900164,77,194,-117
109900165,387,4,383
109900166,0,117,-117
109900167,224,419,-195
109900168,211,550,-339
109900169,238,173,65
109900170,239,1083,-844
109900171,210,99,111
109900172,320,304,16
109900173,1872,2555,-683
109900174,66,109,-43
109900175,62,95,-33
109900176,164,157,7
109900177,65,159,-94
109900178,6,276,-270
109900179,76,12,64
109900180,3,13,-10
110000001,860,450,410
110000002,666,781,-115
110000003,760,709,51
110000004,516,667,-151
110000005,391,1935,-1544
110000006,283,331,-48
110000007,132,84,48
110000008,27,75,-48
110000009,37,22,15
110000010,47,54,-7
110000011,51,57,-6
110000012,642,302,340
110000013,47,510,-463
110000014,568,401,167
110000015,218,622,-404
110000016,259,1579,-1320
110000017,2782,301,2481
110000018,2645,385,2260
110000019,13,87,-74
110000020,472,218,254
110000021,514,491,23
110000022,1218,245,973
110000023,10,171,-161
110000024,536,452,84
110000025,474,5,469
110000026,21,242,-221
110000027,848,802,46
110000028,910,566,344
110000029,515,531,-16
110000030,238,362,-124
110000031,235,334,-99
110000032,797,324,473
110000033,271,170,101
110000034,588,594,-6
110000035,875,450,425
110000036,1264,638,626
110000037,193,426,-233
110000038,309,632,-323
110000039,724,3755,-3031
110000040,333,325,8
110000041,351,1757,-1406
110000042,104,521,-417
110000043,1055,309,746
110000044,199,842,-643
110000045,1002,151,851
110000046,5,48,-43
110000047,39,79,-40
110000048,20,79,-59
110000049,65,8,57
110000050,8,54,-46
110000051,21,6,15
110000052,38,26,12
110000053,131,2,129
110000054,256,712,-456
110000055,553,123,430
110000056,142,108,34
110000057,429,562,-133
110000058,1102,445,657
110000059,1023,430,593
110000060,918,1036,-118
110000061,857,695,162
110000062,679,945,-266
110000063,51,145,-94
110000064,71,53,18
110000065,85,87,-2
110000066,96,27,69
110000067,128,112,16
110000068,258,104,154
110000069,424,74,350
110000071,218,78,140
110000073,16,17,-1
110000075,43,116,-73
110000076,326,485,-159
110000077,394,1400,-1006
110000078,40,33,7
110000080,230,587,-357
110000081,87,257,-170
110000082,41,341,-300
110000083,185,487,-302
110000084,1371,872,499
110000085,1297,1471,-174
110000086,1053,2223,-1170
110000087,19,54,-35
110000088,114,191,-77
110000089,302,105,197
110000090,92,184,-92
110000091,755,183,572
110000092,22,67,-45
110000093,50,19,31
110000094,494,199,295
110000095,222,652,-430
110000096,1736,1794,-58
110000097,1067,1341,-274
110000098,1963,656,1307
110000099,762,1555,-793
110000100,1232,372,860
110000101,28,229,-201
110000102,83,17,66
110000104,361,138,223
110000105,60,220,-160
110000106,685,422,263
110000107,254,306,-52
110000108,137,107,30
110000109,364,261,103
110000110,2262,4902,-2640
110000111,4775,3130,1645
110000112,891,1421,-530
110000113,279,2392,-2113
110000114,292,624,-332
110000115,418,313,105
110000116,67,59,8
110000117,250,257,-7
110000118,552,116,436
110000119,305,262,43
110000120,391,115,276
110000121,87,410,-323
110000122,477,524,-47
110000123,590,718,-128
110000124,1,708,-707
110000125,1144,6,1138
110000126,301,20,281
110000127,1219,69,1150
110000128,33,1105,-1072
110000129,3,518,-515
110000130,309,205,104
110000131,123,243,-120
110000132,2,516,-514
110000133,38,331,-293
110000134,17,306,-289
110000135,181,39,142
110000136,76,245,-169
110000137,668,512,156
110000138,828,533,295
110000139,1103,883,220
110000140,759,636,123
110000143,579,379,200
110000144,4656,1722,2934
110000145,1885,1021,864
110000146,2334,825,1509
110000147,662,795,-133
110000148,799,207,592
110000151,881,1068,-187
110000152,734,398,336
110000153,212,17,195
110000154,63,22,41
110000155,1476,3766,-2290
110000156,1002,2379,-1377
110000157,1861,2009,-148
110000160,597,251,346
110000161,251,213,38
110000166,664,131,533
110000167,1067,464,603
110000168,1269,551,718
110000169,982,387,595
110000170,143,65,78
110000171,663,113,550
110000172,154,698,-544
110000173,844,923,-79
110000174,166,745,-579
110000175,867,54,813
110000176,107,385,-278
110000177,208,991,-783
110000178,416,1549,-1133
110000179,1174,334,840
110000180,210,202,8
110000181,554,433,121
110000182,253,122,131
110000183,7707,7673,34
110000184,319,2799,-2480
110000185,1103,857,246
110000186,737,651,86
110000191,1354,251,1103
110000192,709,13,696
110000193,1282,13,1269
110000194,20,761,-741
110000195,466,265,201
110000196,460,218,242
110000197,118,136,-18
110000198,88,62,26
110000199,110,133,-23
110000200,1030,364,666
110000201,1020,1092,-72
110000202,1532,575,957
110000203,597,593,4
110000204,4,174,-170
110000205,229,44,185
110000206,696,1061,-365
110000207,1440,418,1022
110000208,352,228,124
110000209,139,1020,-881
110000210,1446,479,967
110000211,1038,856,182
110000212,492,1205,-713
110000213,312,63,249
110000214,514,111,403
110000215,213,241,-28
110000216,117,236,-119
110000217,414,136,278
110000218,181,270,-89
110000219,447,79,368
110000220,74,210,-136
110000221,477,48,429
110000222,57,185,-128
110000223,4,175,-171
110000224,32,8,24
110000225,250,735,-485
110000226,312,55,257
110000227,1014,1026,-12
110000228,277,143,134
110000229,1,160,-159
110000230,794,618,176
110000231,158,209,-51
110000232,338,271,67
110000233,251,253,-2
110000234,731,1647,-916
110000235,976,1152,-176
110000236,696,531,165
110000237,2460,1462,998
110000238,1376,1394,-18
110000239,2012,1098,914
110000240,0,62,-62
110000242,0,18,-18
110000243,135,121,14
110000244,144,551,-407
110000245,27,364,-337
110000246,903,461,442
110000247,1237,3815,-2578
110000248,1870,1276,594
110000249,79,14,65
110000250,46,130,-84
110000251,416,425,-9
110000252,292,129,163
110000253,1489,678,811
110000254,572,816,-244
110000255,224,774,-550
110000256,576,370,206
110000257,614,433,181
110000258,6,472,-466
110000259,190,12,178
110000260,44,207,-163
110000263,617,91,526
110000264,385,289,96
110000265,1341,2126,-785
110000266,2030,3100,-1070
110000267,32,187,-155
110000268,273,410,-137
110000269,11,79,-68
110000270,83,9,74
110000271,1136,301,835
110000272,1120,926,194
110000273,3219,1834,1385
110000274,188,1829,-1641
110000275,2047,707,1340
110000276,321,473,-152
110000277,365,350,15
110000278,391,706,-315
110000279,892,930,-38
110000280,572,472,100
110000281,71,463,-392
110000282,264,49,215
110000283,48,165,-117
110000284,59,71,-12
110000285,3,818,-815
110000286,18,0,18
110000287,109,0,109
110000288,5,99,-94
110000289,431,2088,-1657
110000290,647,551,96
110000291,3683,1170,2513
110000292,1360,5301,-3941
110000293,686,558,128
110000294,1185,1216,-31
110000295,165,640,-475
110000296,578,360,218
110000297,2492,248,2244
110000298,175,386,-211
110000299,189,90,99
110000301,488,15,473
110000302,544,619,-75
110000303,517,11,506
110000304,205,170,35
110000305,1599,22,1577
110000306,218,912,-694
110000307,2053,13,2040
110000308,707,11,696
110000309,4,631,-627
110000310,848,59,789
110000311,19,557,-538
110000312,587,110,477
110000313,2462,2358,104
110000314,1,214,-213
110000315,2778,3090,-312
110000316,473,1385,-912
110000317,376,1068,-692
110000318,11,59,-48
110000319,21,23,-2
110000320,39,67,-28
110000321,4,37,-33
110000322,292,339,-47
110000323,593,165,428
110000324,2974,1565,1409
110000325,2552,3447,-895
110000327,553,331,222
110000328,197,466,-269
110000333,1366,824,542
110000334,877,1353,-476
110000335,1241,611,630
110000336,938,911,27
110000337,1773,717,1056
110000338,511,209,302
110000339,395,211,184
110000340,52,197,-145
110000341,490,546,-56
110000342,420,7,413
110000343,2,18,-16
110000344,183,259,-76
110000345,258,302,-44
110000346,2140,1898,242
110000347,1213,854,359
110000348,11,10,1
110000349,7,19,-12
110000350,57,14,43
110000351,1291,749,542
110000352,713,1432,-719
110000353,2816,642,2174
110000354,987,3199,-2212
110000355,155,77,78
110000356,966,13,953
110000357,589,14,575
110000361,64,29,35
110000362,70,55,15
110000363,591,103,488
110000364,316,287,29
110000365,163,2,161
110000366,1,119,-118
110000367,344,173,171
110000368,6,49,-43
110000369,88,3,85
110000373,5,242,-237
110000374,175,16,159
110000375,132,880,-748
110000376,35,96,-61
110000377,117,551,-434
110000378,32,387,-355
110000379,2351,2125,226
110000380,73,16,57
110000383,4,1343,-1339
110000384,1676,1202,474
110000385,0,196,-196
110000387,103,17,86
110000388,43,181,-138
110000389,840,44,796
110000391,823,241,582
110000396,207,121,86
110000397,135,115,20
110000398,2,20,-18
110000399,159,4,155
110000587,134,107,27
110000589,206,158,48
110000640,151,36,115
110000652,16,301,-285
110000653,352,403,-51
110000654,57,393,-336
110000656,0,416,-416
110000674,58,27,31
110000675,25,14,11
110000676,8,28,-20
110000679,212,1237,-1025
110000682,190,251,-61
110000683,347,431,-84
110000684,9,30,-21
110000685,3,13,-10
110000686,7,52,-45
110000687,41,5,36
110000688,69,1133,-1064
110000689,18,32,-14
110000692,75,193,-118
110000693,78,323,-245
110000694,1,141,-140
110000695,271,745,-474
110000696,53,83,-30
110900001,353,11,342
110900002,472,235,237
110900003,968,346,622
110900004,593,121,472
110900005,1939,2641,-702
110900006,35,23,12
110900007,162,46,116
110900008,29,48,-19
110900009,476,174,302
110900010,17,70,-53
110900011,34,76,-42
110900012,20,98,-78
110900013,1031,125,906
110900014,232,20,212
110900015,471,671,-200
110900016,97,144,-47
110900017,518,43,475
110900018,599,76,523
110900019,251,32,219
110900020,155,168,-13
110900021,90,378,-288
110900022,99,195,-96
110900023,179,605,-426
110900024,23,246,-223
110900025,19,63,-44
110900027,40,212,-172
110900028,39,141,-102
110900029,21,208,-187
110900030,46,208,-162
110900031,1,173,-172
110900032,0,78,-78
110900033,29,196,-167
110900035,32,458,-426
110900036,118,28,90
110900037,107,25,82
110900038,824,201,623
110900039,19,264,-245
110900040,247,48,199
110900041,39,71,-32
110900042,152,53,99
110900043,5,77,-72
110900044,235,23,212
110900045,56,283,-227
110900046,21,138,-117
110900047,451,331,120
110900049,134,94,40
110900050,31,3,28
110900051,48,188,-140
110900052,4,144,-140
110900053,142,32,110
110900054,44,138,-94
110900055,43,2,41
110900056,112,131,-19
110900057,9,96,-87
110900058,308,196,112
110900059,509,407,102
110900060,488,122,366
110900061,18,57,-39
110900062,205,257,-52
110900063,55,147,-92
110900064,24,0,24
110900065,213,157,56
110900066,13,91,-78
110900067,319,717,-398
110900068,240,217,23
110900069,11,17,-6
110900070,102,39,63
110900071,247,877,-630
110900073,0,23,-23
110900074,524,74,450
110900075,449,84,365
110900077,1008,494,514
110900078,58,25,33
110900079,1427,1368,59
110900080,170,90,80
110900081,11,30,-19
110900082,127,84,43
110900083,185,74,111
110900084,54,51,3
110900085,113,230,-117
110900086,108,398,-290
110900087,433,69,364
110900088,14,3,11
110900090,62,61,1
110900091,2,66,-64
110900093,370,123,247
110900095,77,62,15
110900097,34,18,16
110900098,42,79,-37
110900099,103,397,-294
110900100,0,18,-18
110900102,67,15,52
110900105,1697,249,1448
110900108,17,43,-26
110900111,564,165,399
110900112,873,11,862
110900113,427,66,361
110900115,9,40,-31
110900116,861,1150,-289
110900118,130,3333,-3203
110900119,2439,237,2202
110900120,33,73,-40
110900121,145,0,145
110900122,593,240,353
110900125,525,454,71
110900127,486,1444,-958
110900128,250,271,-21
110900129,428,945,-517
110900130,841,629,212
110900131,274,46,228
110900132,437,54,383
110900133,71,154,-83
110900135,97,273,-176
110900136,382,17,365
110900137,76,0,76
110900138,1117,943,174
110900139,13,347,-334
110900140,73,7,66
110900141,5,261,-256
110900142,98,108,-10
110900143,221,109,112
110900144,1,510,-509
110900145,221,52,169
110900146,355,239,116
110900147,95,404,-309
110900148,5,226,-221
110900149,7,56,-49
110900150,135,37,98
110900151,19,98,-79
110900152,21,148,-127
110900153,188,69,119
111000001,633,318,315
111000002,481,439,42
111000003,1282,691,591
111000004,385,783,-398
111000005,1359,1154,205
111000006,991,1358,-367
111000007,4549,2970,1579
111000008,1640,2821,-1181
111000009,412,779,-367
111000010,890,243,647
111000011,417,1067,-650
111000012,541,376,165
111000013,433,978,-545
111000014,1393,411,982
111000017,139,988,-849
111000018,233,332,-99
111000020,774,1879,-1105
111000021,95,102,-7
111000023,175,105,70
111000025,3742,3810,-68
111000029,113,98,15
111000030,44,93,-49
111000031,2194,1263,931
111000032,593,287,306
111000033,361,265,96
111000034,132,275,-143
111000037,1182,605,577
111000038,2917,1880,1037
111000039,1753,1599,154
111000040,1789,1781,8
111000041,1517,1358,159
111000042,2307,1987,320
111000043,1910,3890,-1980
111000044,2131,1205,926
111000045,2705,2179,526
111000046,1768,1635,133
111000047,2826,4429,-1603
111000049,478,447,31
111000050,1130,967,163
111000051,527,753,-226
111000052,557,1401,-844
111000053,343,687,-344
111000054,397,561,-164
111000055,993,1315,-322
111000056,173,362,-189
111000057,115,389,-274
111000058,562,70,492
111000059,615,317,298
111000060,4285,874,3411
111000061,704,316,388
111000062,1033,324,709
111000063,1848,923,925
111000064,796,556,240
111000065,1254,929,325
111000066,587,462,125
111000067,636,451,185
111000068,813,872,-59
111000069,1658,1736,-78
111000070,1047,811,236
111000071,211,516,-305
111000072,1445,518,927
111000073,308,916,-608
111000074,1663,1511,152
111000075,1110,598,512
111000076,523,528,-5
111000077,1769,1660,109
111000078,3040,1261,1779
111000079,1286,776,510
111000080,598,675,-77
111000081,1493,4399,-2906
111000082,757,548,209
111000084,730,505,225
111000085,793,934,-141
111000086,2666,809,1857
111000087,772,451,321
111000088,4829,2628,2201
111000089,747,775,-28
111000090,764,1252,-488
111000091,845,370,475
111000092,1568,702,866
111000093,826,939,-113
111000094,1740,1054,686
111000095,716,2129,-1413
111000096,1504,7520,-6016
111000097,4073,1556,2517
111000098,919,926,-7
111000099,607,1407,-800
111000100,416,1032,-616
111000101,502,694,-192
111000102,281,607,-326
111000104,801,173,628
111000107,264,867,-603
111000109,1250,304,946
111000110,1624,720,904
111000111,2872,540,2332
111000112,1887,710,1177
111000113,1061,1738,-677
111000114,2090,3695,-1605
111000115,4562,1180,3382
111000116,960,848,112
111000117,344,814,-470
111000118,1261,739,522
111000119,1293,883,410
111000120,535,565,-30
111000121,379,695,-316
111000122,580,937,-357
111000123,1120,2012,-892
111000124,578,1874,-1296
111000125,285,1136,-851
111000126,132,634,-502
111000127,1035,171,864
111000128,2345,264,2081
111000129,3069,467,2602
111000130,2669,555,2114
111000131,2207,481,1726
111000132,1993,1007,986
111000133,223,129,94
111000134,152,90,62
111000135,75,126,-51
111000136,400,272,128
111000138,17,3,14
111000140,4,6,-2
111000141,198,352,-154
111000142,16,186,-170
111000143,2,236,-234
111000144,18,1010,-992
111000145,464,12,452
111000146,100,12,88
111000147,156,23,133
111000148,127,93,34
111000149,5,27,-22
111000150,32,4,28
111000151,3,19,-16
111000153,612,801,-189
111000154,662,231,431
111000155,164,165,-1
111000156,592,670,-78
111000157,259,1055,-796
111000158,1120,809,311
111000159,3288,757,2531
111000160,501,323,178
111000161,8,361,-353
111000162,51,119,-68
111000163,810,724,86
111000164,581,2825,-2244
111000165,826,461,365
111000166,1546,284,1262
111000167,181,361,-180
111000168,195,397,-202
111000169,297,633,-336
111000170,390,346,44
111000171,453,449,4
111000172,151,240,-89
111000173,372,564,-192
111000174,277,226,51
111000175,49,320,-271
111000176,418,100,318
111000177,426,178,248
111000178,1588,243,1345
111000179,252,100,152
111000180,341,366,-25
111000181,1456,213,1243
111000182,268,162,106
111000183,355,234,121
111000184,449,194,255
111000185,314,319,-5
111000186,370,162,208
111000187,134,122,12
111000188,290,307,-17
111000189,763,477,286
111000190,207,234,-27
111000191,208,199,9
111000192,152,323,-171
111000193,309,202,107
111000194,60,229,-169
111000195,155,278,-123
111000196,66,121,-55
111000197,448,113,335
111000198,663,99,564
111000199,286,133,153
111000200,490,286,204
111000201,709,209,500
111000202,397,192,205
111000203,435,280,155
111000204,441,1344,-903
111000213,193,305,-112
111000214,1424,1081,343
111000215,1010,986,24
111000217,1599,772,827
111000218,1227,916,311
111000219,360,196,164
111000220,1121,672,449
111000221,527,133,394
111000224,1,191,-190
111000225,340,362,-22
111000226,137,2,135
111000227,28,6,22
111000228,27,355,-328
111000229,50,951,-901
111000230,287,286,1
111000231,1131,570,561
111000232,808,782,26
111000233,964,475,489
111000234,163,473,-310
111000239,86,141,-55
111000240,81,220,-139
111000241,40,227,-187
111000242,280,80,200
111000243,182,450,-268
111000244,603,88,515
111000245,1111,270,841
111000246,670,254,416
111000247,508,664,-156
111000248,766,339,427
111000249,455,466,-11
111000250,42,85,-43
111000251,46,132,-86
111000253,19,25,-6
111000255,34,9,25
111000257,44,22,22
111000260,90,917,-827
111000261,1536,119,1417
111000271,43,218,-175
111000273,2492,1030,1462
111000274,1272,2279,-1007
111000275,160,57,103
111000276,309,1294,-985
111000277,176,279,-103
111000278,637,242,395
111000291,850,7082,-6232
111000298,605,162,443
111000299,804,141,663
111000300,144,573,-429
111000302,390,71,319
111000303,105,135,-30
111000312,39,66,-27
111000315,0,77,-77
111000320,268,580,-312
111000321,407,139,268
111000322,437,352,85
111000323,287,25,262
111000324,359,186,173
111000325,35,58,-23
111000326,205,230,-25
111000327,459,279,180
111000328,282,518,-236
111000329,1,13,-12
111000330,43,8,35
111000331,36,6,30
111000332,621,1133,-512
111000334,345,905,-560
111000335,1129,296,833
111000337,1526,379,1147
111000338,59,94,-35
111000339,667,222,445
111000340,187,389,-202
111000341,1295,611,684
111000342,186,1092,-906
111000344,1116,581,535
111000345,143,95,48
111000346,14,174,-160
111000347,143,13,130
111000350,194,115,79
111000351,127,312,-185
111000352,205,105,100
111000353,185,249,-64
111000354,612,123,489
111000355,321,519,-198
111000358,200,754,-554
111000360,225,418,-193
111000361,179,155,24
111000546,808,538,270
111000547,385,385,0
111000548,176,272,-96
111000549,381,177,204
111000550,52,864,-812
111000551,766,136,630
111000552,1135,232,903
111000907,408,41,367
111000908,29,1,28
111000916,1850,268,1582
111000917,16,410,-394
111000918,236,528,-292
111000920,577,21,556
111000921,9,146,-137
111000922,635,229,406
111000924,66,499,-433
111000925,2807,1791,1016
111000926,1090,1165,-75
111000927,3079,4099,-1020
111000928,4010,2229,1781
111000929,1622,1138,484
111000930,857,1597,-740
111000931,2241,2541,-300
111000932,3501,1734,1767
111000933,3479,2567,912
111000934,1635,2727,-1092
111000935,1760,955,805
111000936,1098,1614,-516
111000937,1192,1198,-6
111000938,1260,1173,87
111000939,724,49,675
111000940,551,114,437
111000941,391,347,44
111000943,563,175,388
111000944,159,213,-54
111000945,122,999,-877
111001109,640,582,58
111001110,182,381,-199
111001111,86,5,81
111001112,105,10,95
111001113,0,150,-150
111001114,667,176,491
111001115,36,522,-486
111001116,3584,3821,-237
111001117,560,2382,-1822
111001120,104,188,-84
111001121,199,145,54
111001122,186,308,-122
111001123,317,38,279
111001124,79,79,0
111900001,9,101,-92
111900002,27,468,-441
111900003,5,233,-228
111900004,25,90,-65
111900006,19,56,-37
111900007,207,10,197
111900008,346,6,340
111900009,281,129,152
111900010,377,414,-37
111900012,309,111,198
111900013,17,57,-40
111900014,3429,4758,-1329
111900015,1,48,-47
111900016,0,69,-69
111900017,0,80,-80
111900018,220,7,213
111900019,4,140,-136
111900020,2,50,-48
111900021,38,70,-32
111900022,5,27,-22
111900023,94,47,47
111900024,14,52,-38
111900025,0,51,-51
111900026,1,48,-47
111900027,1,102,-101
111900028,0,225,-225
111900029,6,75,-69
111900030,20,309,-289
111900031,4,26,-22
111900032,1,221,-220
111900033,8,64,-56
111900034,231,405,-174
111900035,82,168,-86
111900036,2,200,-198
111900038,238,469,-231
111900039,49,372,-323
111900040,2,322,-320
111900042,28,119,-91
111900043,2,210,-208
111900044,315,176,139
111900046,40,148,-108
111900048,222,333,-111
111900049,30,153,-123
111900050,112,50,62
111900051,13,144,-131
111900052,371,366,5
111900053,683,1703,-1020
111900054,213,2,211
111900055,16,250,-234
111900056,133,312,-179
111900057,124,31,93
111900058,484,440,44
111900059,1321,772,549
111900060,491,3,488
111900061,6,141,-135
111900062,33,75,-42
111900063,336,222,114
111900064,95,128,-33
111900065,115,23,92
111900066,137,145,-8
111900067,1,296,-295
111900068,46,58,-12
111900069,90,30,60
111900070,169,86,83
111900071,0,162,-162
111900072,62,38,24
111900073,1301,168,1133
111900074,12,190,-178
111900075,104,12,92
111900076,232,55,177
111900077,43,5,38
111900078,379,27,352
111900079,66,37,29
111900080,232,283,-51
111900081,284,113,171
111900082,147,39,108
111900083,194,24,170
111900084,139,7,132
111900085,59,122,-63
111900086,50,6,44
111900087,84,1,83
111900088,623,13,610
111900089,152,5,147
111900090,55,40,15
111900091,284,0,284
111900092,172,0,172
111900093,495,14,481
111900094,167,1,166
111900095,326,62,264
111900096,186,1,185
111900097,112,0,112
111900098,331,21,310
111900099,116,0,116
111900100,221,8,213
111900101,116,30,86
111900102,765,333,432
111900103,95,137,-42
111900104,281,144,137
111900105,293,217,76
111900106,797,52,745
111900107,65,79,-14
111900108,56,124,-68
111900109,226,253,-27
111900110,1392,419,973
111900111,215,93,122
111900112,476,3665,-3189
111900113,215,109,106
111900114,64,52,12
111900115,10,12,-2
111900118,377,98,279
111900119,386,155,231
111900122,88,62,26
111900123,32,35,-3
111900124,32,50,-18
111900125,691,61,630
111900126,278,6,272
111900127,1,594,-593
111900128,1,335,-334
111900129,341,12,329
111900130,313,58,255
111900131,540,3,537
111900132,29,727,-698
111900133,13,237,-224
111900134,12,187,-175
111900135,26,47,-21
111900136,87,143,-56
111900137,47,33,14
111900138,11,67,-56
111900139,12,71,-59
111900140,169,19,150
111900141,75,14,61
111900142,129,35,94
111900143,131,129,2
111900144,28,100,-72
111900145,1,242,-241
111900146,2,178,-176
111900147,115,257,-142
111900148,25,452,-427
111900149,11,193,-182
111900150,13,122,-109
111900151,4,35,-31
111900152,82,69,13
111900153,935,606,329
111900154,27,430,-403
111900155,59,118,-59
111900156,103,86,17
111900157,146,20,126
111900158,584,99,485
111900159,356,34,322
111900160,398,1,397
111900161,231,3,228
111900162,95,178,-83
111900163,36,160,-124
111900164,95,49,46
111901113,509,101,408
111901114,384,255,129
111901115,135,6,129
111901116,46,3,43
111901117,59,57,2
111901118,53,357,-304
111901119,578,65,513
111901120,50,54,-4
111901121,150,157,-7
111901122,4,351,-347
111901123,312,259,53
111901124,278,5,273
111901125,588,198,390
111901126,112,61,51
111901127,473,852,-379
111901128,13,82,-69
111901129,8,125,-117
111901130,3,115,-112
111901131,1,177,-176
111901132,97,25,72
111901133,61,6,55
111901134,116,7,109
111901135,41,17,24
111901136,50,105,-55
111901137,1,43,-42
111901138,209,31,178
111901139,45,20,25
111901140,14,93,-79
111901141,3,132,-129
111901142,2,78,-76
111901143,5,89,-84
111901144,48,53,-5
111901145,122,265,-143
111901146,330,27,303
112000001,1924,761,1163
112000002,588,1789,-1201
112000003,1920,1026,894
112000004,635,660,-25
112000005,3878,3802,76
112000006,1831,1404,427
112000007,4212,2488,1724
112000008,2759,3848,-1089
112000009,2743,2226,517
112000010,3481,4213,-732
112000011,1367,1313,54
112000012,4766,5932,-1166
112000013,3367,3866,-499
112000014,2314,2842,-528
112000015,2813,3850,-1037
112000016,5203,2823,2380
112000017,1988,5075,-3087
112000024,2108,770,1338
112000026,2618,2878,-260
112000027,893,638,255
112000028,954,1159,-205
112000029,784,874,-90
112000030,138,64,74
112000031,1482,5690,-4208
112000032,275,39,236
112000033,1961,2888,-927
112000034,198,70,128
112000035,95,780,-685
112000036,582,1403,-821
112000037,1069,1682,-613
112000038,1508,1861,-353
112000039,114,68,46
112000040,69,188,-119
112000041,406,395,11
112000042,851,464,387
112000050,1325,1588,-263
112000051,1140,1483,-343
112000054,1356,1244,112
112000057,964,412,552
112000058,437,575,-138
112000059,593,654,-61
112000061,2982,1549,1433
112000062,1391,1330,61
112000063,751,1882,-1131
112000064,2971,4165,-1194
112000065,1553,1962,-409
112000066,3965,1505,2460
112000067,665,620,45
112000068,3346,2588,758
112000069,641,1565,-924
112000070,2376,1041,1335
112000071,1195,2069,-874
112000072,2811,839,1972
112000073,1785,2217,-432
112000074,1670,1171,499
112000075,1492,1189,303
112000076,3725,2302,1423
112000077,720,534,186
112000078,1768,705,1063
112000079,1651,1372,279
112000080,923,807,116
112000081,1410,2339,-929
112000082,1542,759,783
112000083,685,996,-311
112000084,1519,676,843
112000085,1427,856,571
112000086,2214,879,1335
112000087,612,378,234
112000088,813,406,407
112000089,540,395,145
112000090,289,280,9
112000091,565,713,-148
112000092,2198,1027,1171
112000093,1575,713,862
112000094,801,778,23
112000095,846,694,152
112000096,658,536,122
112000097,1521,675,846
112000098,943,851,92
112000099,917,1778,-861
112000100,2206,752,1454
112000101,521,689,-168
112000102,1693,485,1208
112000103,435,769,-334
112000105,470,985,-515
112000106,1901,372,1529
112000107,21,215,-194
112000108,257,1367,-1110
112000109,72,48,24
112000110,2133,613,1520
112000111,1030,5207,-4177
112000112,4594,827,3767
112000113,1001,1543,-542
112000114,2873,991,1882
112000115,418,445,-27
112000116,770,913,-143
112000117,1061,775,286
112000118,915,679,236
112000119,437,515,-78
112000120,94,295,-201
112000121,195,352,-157
112000122,372,142,230
112000123,885,173,712
112000124,454,68,386
112000125,353,270,83
112000126,358,305,53
112000127,2236,2659,-423
112000128,934,994,-60
112000129,158,109,49
112000130,210,106,104
112000131,35,250,-215
112000132,203,214,-11
112000133,494,181,313
112000134,534,263,271
112000135,1466,584,882
112000136,1038,1397,-359
112000137,2068,2255,-187
112000138,1767,1575,192
112000139,866,663,203
112000140,706,943,-237
112000141,1024,377,647
112000142,146,393,-247
112000143,1380,234,1146
112000144,301,725,-424
112000145,2884,490,2394
112000146,593,1313,-720
112000147,2849,1799,1050
112000148,1582,1907,-325
112000149,553,550,3
112000150,276,485,-209
112000151,318,248,70
112000152,450,340,110
112000153,132,197,-65
112000154,132,248,-116
112000155,116,121,-5
112000157,608,641,-33
112000158,342,343,-1
112000159,646,361,285
112000167,478,110,368
112000169,272,430,-158
112000173,943,266,677
112000175,415,318,97
112000176,2036,2013,23
112000177,887,254,633
112000178,121,270,-149
112000179,358,94,264
112000180,308,290,18
112000181,1251,1359,-108
112000182,1564,1116,448
112000183,32,37,-5
112000184,408,295,113
112000185,702,355,347
112000187,4426,2849,1577
112000195,210,17,193
112000196,343,5,338
112000197,367,224,143
112000198,47,295,-248
112000199,1071,782,289
112000202,536,4,532
112000216,53,202,-149
112000230,147,10,137
112000231,5,213,-208
112000256,83,237,-154
112000313,56,168,-112
112000314,57,40,17
112000337,230,737,-507
112000352,219,393,-174
112000392,1513,1308,205
112000398,1592,813,779
112000399,1591,2414,-823
112000400,1611,1955,-344
112000401,2458,1788,670
112000402,4095,3855,240
112000403,1893,2985,-1092
112000404,1173,909,264
112000405,2293,3002,-709
112000406,2544,1629,915
112000407,8671,8405,266
112000408,6692,4148,2544
112000409,1456,2953,-1497
112000410,480,390,90
112000411,3619,2149,1470
112000412,1568,677,891
112000413,6386,7149,-763
112000414,90,59,31
112000415,140,50,90
112000416,3114,1427,1687
112000417,290,89,201
112000421,99,92,7
112000422,389,294,95
112000424,1614,2921,-1307
112000425,473,461,12
112000426,181,317,-136
112000427,4,16,-12
112000428,253,227,26
112000429,2034,1887,147
112000430,2576,2609,-33
112000431,90,152,-62
112000432,595,837,-242
112000433,427,789,-362
112000437,67,125,-58
112900001,104,0,104
112900002,598,687,-89
112900003,112,270,-158
112900004,43,240,-197
112900005,287,169,118
112900006,31,266,-235
112900007,92,180,-88
112900008,0,62,-62
112900009,495,171,324
112900010,515,812,-297
112900011,109,212,-103
112900012,0,50,-50
112900013,15,300,-285
112900014,3,279,-276
112900015,437,608,-171
112900016,6,243,-237
112900017,32,201,-169
112900018,3,172,-169
112900019,43,170,-127
112900020,439,893,-454
112900021,0,211,-211
112900022,29,71,-42
112900023,2,124,-122
112900024,14,204,-190
112900025,116,270,-154
112900026,3,179,-176
112900027,3,638,-635
112900028,30,112,-82
112900029,26,456,-430
112900030,75,108,-33
112900031,1,337,-336
112900032,244,207,37
112900034,2,57,-55
112900035,4,304,-300
112900036,35,171,-136
112900037,182,224,-42
112900038,853,161,692
112900039,13,263,-250
112900040,11,959,-948
112900041,691,1174,-483
112900042,184,213,-29
112900043,65,43,22
112900044,561,452,109
112900045,224,297,-73
112900046,201,64,137
112900047,13,45,-32
112900049,347,80,267
112900050,44,630,-586
112900051,324,460,-136
112900052,1,595,-594
112900053,233,177,56
112900054,264,74,190
112900055,130,98,32
112900056,467,215,252
112900057,41,325,-284
112900058,385,362,23
112900059,136,140,-4
112900060,40,161,-121
112900061,85,124,-39
112900062,88,107,-19
112900063,92,18,74
112900064,204,230,-26
112900065,55,47,8
112900066,373,269,104
112900067,307,157,150
112900068,73,62,11
112900069,1831,938,893
112900071,81,11,70
112900072,416,2576,-2160
112900073,548,118,430
112900074,113,303,-190
112900075,1147,1154,-7
112900076,68,55,13
112900078,380,471,-91
112900079,281,22,259
112900080,109,3,106
112900081,78,219,-141
112900082,680,22,658
112900083,123,125,-2
112900084,302,138,164
112900085,1,6,-5
112900086,175,1,174
112900087,1005,201,804
112900088,158,26,132
112900089,1121,67,1054
112900090,69,42,27
112900091,354,4,350
112900092,127,397,-270
112900093,1813,31,1782
112900094,49,1,48
112900095,71,1,70
112900096,685,202,483
112900097,71,304,-233
112900098,555,3,552
112900099,1021,36,985
112900100,83,1,82
112900101,462,6,456
112900102,258,17,241
112900103,222,5,217
112900104,108,2,106
112900105,27,0,27
112900106,457,167,290
112900107,11,4,7
112900108,28,1,27
112900109,168,0,168
112900110,1429,23,1406
112900111,698,3,695
112900112,357,0,357
112900113,0,9,-9
112900114,219,38,181
112900115,1621,4,1617
112900116,117,34,83
112900117,89,51,38
112900118,34,57,-23
112900119,179,4,175
112900120,850,295,555
112900121,93,157,-64
112900122,13,86,-73
112900123,112,21,91
112900124,16,80,-64
112900125,86,500,-414
112900126,193,158,35
112900127,434,111,323
112900128,217,631,-414
112900129,2,537,-535
112900130,246,125,121
112900131,52,334,-282
112900132,88,510,-422
112900133,26,1494,-1468
112900134,0,213,-213
112900135,65,62,3
112900136,0,12,-12
112900137,4,420,-416
112900138,9,186,-177
112900139,198,970,-772
112900140,1,56,-55
112900141,1001,40,961
112900142,93,184,-91
112900143,36,339,-303
112900144,1,136,-135
112900145,47,349,-302
112900146,4,835,-831
112900147,2,1085,-1083
112900148,73,1,72
112900149,268,582,-314
112900151,50,74,-24
112900152,4102,700,3402
112900153,1769,2741,-972
112900154,1,118,-117
112900155,247,71,176
112900156,578,852,-274
112900157,344,18,326
112900158,96,23,73
112900159,294,144,150
112900160,71,286,-215
112900161,140,58,82
112900162,32,31,1
112900163,91,67,24
112900164,36,233,-197
112900165,196,42,154
112900166,30,105,-75
112900167,13,50,-37
112900168,13,4,9
112900169,9,30,-21
112900170,319,167,152
112900172,50,21,29
112900173,380,147,233
112900174,260,55,205
112900175,156,161,-5
112900176,10,101,-91
112900177,292,55,237
112900178,880,2877,-1997
112900179,36,487,-451
112900180,2530,1638,892
112900181,897,13,884
112900182,70,718,-648
112900183,158,355,-197
112900184,453,432,21
112900185,297,776,-479
112900186,1241,1280,-39
112900187,86,616,-530
112900188,732,2174,-1442
112900189,13,35,-22
112900190,21,67,-46
112900192,782,852,-70
112900193,1485,455,1030
112900194,65,61,4
112900195,1108,65,1043
112900196,232,287,-55
112900197,225,418,-193
112900199,858,396,462
112900200,672,210,462
112900201,163,75,88
112900202,480,643,-163
112900203,333,238,95
112900204,844,594,250
112900205,9,2,7
112900206,33,57,-24
112900207,11,0,11
112900208,117,357,-240
112900209,448,309,139
112900210,5,21,-16
112900211,73,56,17
112900212,1,145,-144
112900213,74,20,54
112900214,15,9,6
112900215,9,104,-95
112900216,17,65,-48
112900217,1,47,-46
112900218,99,29,70
112900219,114,0,114
112900220,7,0,7
112900221,97,72,25
112900222,0,34,-34
112900223,1245,30,1215
112900224,439,451,-12
112900225,623,332,291
112900226,320,370,-50
112900227,866,744,122
112900228,77,38,39
112900229,248,43,205
112900230,7812,4556,3256
112900232,346,324,22
112900233,73,148,-75
112900234,22,43,-21
112900235,135,35,100
112900236,373,20,353
112900237,242,141,101
112900238,6,17,-11
112900239,508,555,-47
113000001,6420,4297,2123
113000002,4000,3229,771
113000003,1807,1429,378
113000004,1550,1972,-422
113000005,1808,831,977
113000006,1021,1143,-122
113000007,2077,914,1163
113000008,1619,1394,225
113000009,1336,749,587
113000010,1210,1099,111
113000011,884,1287,-403
113000012,2178,795,1383
113000013,1584,840,744
113000014,1391,1704,-313
113000015,404,298,106
113000016,437,1078,-641
113000017,97,363,-266
113000018,381,63,318
113000019,230,304,-74
113000020,431,83,348
113000021,1080,438,642
113000022,720,965,-245
113000025,144,542,-398
113000026,424,587,-163
113000027,650,675,-25
113000028,824,727,97
113000029,1047,651,396
113000030,329,619,-290
113000031,198,245,-47
113000032,292,309,-17
113000033,308,425,-117
113000034,352,341,11
113000035,42,41,1
113000036,26,66,-40
113000037,48,28,20
113000038,20,54,-34
113000039,95,419,-324
113000040,81,68,13
113000042,739,501,238
113000051,938,2058,-1120
113000052,1969,765,1204
113000053,562,316,246
113000054,399,663,-264
113000055,1328,518,810
113000056,1191,834,357
113000058,721,800,-79
113000059,1204,471,733
113000060,252,485,-233
113000061,519,853,-334
113000062,698,358,340
113000063,311,88,223
113000064,73,199,-126
113000065,190,537,-347
113000066,902,121,781
113000067,2474,947,1527
113000068,404,872,-468
113000069,547,752,-205
113000070,2723,850,1873
113000071,544,543,1
113000072,1063,431,632
113000073,425,1206,-781
113000074,1004,358,646
113000075,1778,579,1199
113000076,501,1933,-1432
113000077,1060,656,404
113000078,691,2374,-1683
113000079,738,929,-191
113000080,636,879,-243
113000081,1000,934,66
113000082,1205,878,327
113000083,533,795,-262
113000084,1511,1144,367
113000085,852,718,134
113000086,1522,1054,468
113000087,1124,956,168
113000088,2043,1282,761
113000089,913,1491,-578
113000090,311,667,-356
113000091,418,384,34
113000094,1430,207,1223
113000095,232,640,-408
113000096,146,654,-508
113000097,1175,376,799
113000098,186,31,155
113000099,1710,372,1338
113000100,114,305,-191
113000101,358,564,-206
113000102,702,544,158
113000103,1601,327,1274
113000104,615,2160,-1545
113000105,948,472,476
113000106,282,342,-60
113000107,1025,758,267
113000108,823,914,-91
113000109,672,1633,-961
113000110,2173,486,1687
113000111,124,685,-561
113000112,290,231,59
113000113,1398,295,1103
113000114,364,1672,-1308
113000116,761,344,417
113000117,978,211,767
113000118,81,595,-514
113000119,570,470,100
113000120,88,263,-175
113000121,733,1254,-521
113000124,255,118,137
113000125,88,896,-808
113000127,1858,308,1550
113000128,618,487,131
113000129,557,785,-228
113000133,1702,1502,200
113000134,4,1089,-1085
113000135,4042,4587,-545
113000137,1656,3593,-1937
113000139,426,304,122
113000140,115,267,-152
113000141,346,342,4
113000142,631,1471,-840
113000143,332,216,116
113000144,276,676,-400
113000145,110,111,-1
113000146,124,49,75
113000147,213,50,163
113000148,223,156,67
113000149,159,93,66
113000150,578,259,319
113000151,61,55,6
113000152,42,114,-72
113000153,1222,602,620
113000154,849,1694,-845
113000155,378,702,-324
113000156,171,407,-236
113000157,284,696,-412
113000158,764,272,492
113000159,1207,704,503
113000160,727,930,-203
113000161,309,337,-28
113000162,970,394,576
113000163,133,47,86
113000164,36,70,-34
113000166,202,102,100
113000167,47,62,-15
113000168,82,108,-26
113000169,211,67,144
113000170,131,128,3
113000171,55,101,-46
113000172,317,78,239
113000173,106,26,80
113000174,96,345,-249
113000175,418,129,289
113000176,526,183,343
113000177,191,353,-162
113000178,173,246,-73
113000179,306,165,141
113000180,780,1196,-416
113000181,962,687,275
113000182,193,403,-210
113000183,121,520,-399
113000184,9,98,-89
113000189,416,1127,-711
113000190,709,541,168
113000192,814,2658,-1844
113000193,2604,1833,771
113000194,1014,1131,-117
113000195,1597,1382,215
113000196,205,66,139
113000197,1733,1489,244
113000198,86,303,-217
113000199,1778,487,1291
113000201,293,263,30
113000202,3676,1149,2527
113000203,140,85,55
113000204,817,2158,-1341
113000205,19,19,0
113000206,21,32,-11
113000207,65,13,52
113000208,52,56,-4
113000209,17,33,-16
113000210,6,19,-13
113000211,98,226,-128
113000212,47,29,18
113000213,56,203,-147
113000214,162,218,-56
113000234,224,613,-389
113000410,334,257,77
113000411,2445,4489,-2044
113000412,4905,2300,2605
113000413,1786,2922,-1136
113000414,4653,13977,-9324
113000415,2211,2622,-411
113000416,6600,3918,2682
113000417,2480,2651,-171
113000418,4760,3726,1034
113000419,1976,2074,-98
113000420,4413,6433,-2020
113000421,4351,7204,-2853
113000422,11164,11136,28
113000423,1972,5514,-3542
113000424,3136,9423,-6287
113000425,6,137,-131
113000428,129,95,34
113000430,20,496,-476
113000432,1852,133,1719
113000433,114,482,-368
113000434,33,131,-98
113000435,25,355,-330
113000436,36,723,-687
113000437,1082,38,1044
113000438,296,12,284
113000439,23,101,-78
113000440,157,34,123
113000441,221,165,56
113000442,144,111,33
113000443,350,168,182
113000444,214,120,94
113000445,140,98,42
113000446,33,84,-51
113000448,184,167,17
113000449,145,737,-592
113000450,639,2096,-1457
113000451,1038,212,826
113000452,202,396,-194
113000453,45,298,-253
113000454,452,140,312
113000455,19,336,-317
113000456,3801,2648,1153
113000468,1288,211,1077
113000469,115,200,-85
113000470,362,19,343
113000471,11,355,-344
113000472,140,255,-115
113000474,834,561,273
113000475,1411,1567,-156
113000476,1628,1659,-31
113000477,3829,1775,2054
113000478,3456,3969,-513
113000479,96,123,-27
113000480,116,287,-171
113000483,0,0,0
113000485,0,0,0
113000486,3,0,3
113000487,0,0,0
113000488,0,2,-2
113000489,2,2,0
113000490,0,22,-22
113000491,14,18,-4
113000492,3,0,3
113000493,3,0,3
113000495,141,125,16
113000496,138,89,49
113000499,0,0,0
113000500,0,2,-2
113900001,0,201,-201
113900002,0,47,-47
113900003,0,35,-35
113900004,1,43,-42
113900005,2,60,-58
113900006,0,19,-19
113900007,61,53,8
113900008,36,0,36
113900009,72,0,72
113900010,53,2,51
113900011,59,0,59
113900012,55,0,55
113900013,172,5,167
113900014,617,5,612
113900015,0,72,-72
113900016,37,0,37
113900017,1,42,-41
113900018,339,259,80
113900019,215,48,167
113900020,197,2,195
113900022,47,1,46
113900023,22,0,22
113900024,56,38,18
113900025,300,36,264
113900026,79,1,78
113900027,10,37,-27
113900028,27,353,-326
113900029,82,158,-76
113900030,252,0,252
113900031,23,0,23
113900032,27,0,27
113900033,51,53,-2
113900035,48,3,45
113900036,17,55,-38
113900037,200,320,-120
113900038,33,129,-96
113900039,217,17,200
113900040,19,29,-10
113900041,7,13,-6
113900042,56,28,28
113900043,136,95,41
113900044,311,293,18
113900045,63,4,59
113900046,520,557,-37
113900047,45,101,-56
113900048,154,141,13
113900049,430,350,80
113900050,254,313,-59
113900051,245,231,14
113900052,125,151,-26
113900053,666,605,61
113900054,15,4,11
113900055,112,387,-275
113900056,63,153,-90
113900057,15,113,-98
113900058,85,95,-10
113900059,245,223,22
113900060,116,300,-184
113900061,707,183,524
113900062,107,15,92
113900063,107,96,11
113900064,41,142,-101
113900065,494,29,465
113900066,467,210,257
113900067,264,398,-134
113900068,516,518,-2
113900069,51,35,16
113900070,163,446,-283
113900071,67,59,8
113900072,64,139,-75
113900073,326,272,54
113900074,376,1109,-733
113900075,1229,1340,-111
113900076,195,23,172
113900077,49,154,-105
113900078,40,38,2
113900079,3,35,-32
113900080,549,181,368
113900081,63,118,-55
113900082,167,181,-14
113900083,492,223,269
113900084,246,156,90
113900085,66,209,-143
113900086,58,13,45
113900087,82,148,-66
113900088,101,93,8
113900089,424,47,377
113900090,689,347,342
113900091,22,17,5
113900092,43,99,-56
113900093,60,898,-838
113900094,526,280,246
113900095,145,110,35
113900096,293,76,217
113900097,31,91,-60
113900098,772,122,650
113900099,3,40,-37
113900100,1,4,-3
113900101,16,97,-81
113900102,110,158,-48
113900103,314,304,10
113900104,144,183,-39
113900105,132,123,9
113900106,0,49,-49
113900107,0,22,-22
113900108,169,232,-63
113900109,314,222,92
113900110,69,23,46
113900111,182,93,89
113900112,157,60,97
113900113,1310,394,916
113900114,2,47,-45
113900115,0,87,-87
113900116,110,149,-39
113900117,94,35,59
113900118,194,567,-373
113900119,143,447,-304
113900120,63,36,27
113900121,64,83,-19
113900122,595,2486,-1891
113900123,500,169,331
113900124,1,76,-75
113900125,678,137,541
113900126,103,49,54
113900127,310,698,-388
113900128,132,94,38
113900129,21,156,-135
113900130,7,244,-237
113900131,282,72,210
113900132,49,47,2
113900133,31,69,-38
113900135,321,280,41
113900136,107,81,26
113900137,363,287,76
113900138,51,164,-113
113900139,266,182,84
113900140,203,445,-242
113900141,556,216,340
113900142,162,59,103
113900143,13,49,-36
113900144,228,488,-260
113900145,433,126,307
113900146,167,35,132
113900148,143,316,-173
113900149,223,96,127
113900150,397,491,-94
113900151,499,204,295
113900152,56,66,-10
113900153,178,631,-453
113900154,2,111,-109
113900155,160,219,-59
113900156,228,302,-74
113900157,50,288,-238
113900158,368,866,-498
113900159,14,230,-216
113900160,619,429,190
113900161,75,253,-178
113900162,539,1347,-808
113900163,305,245,60
113900164,320,59,261
113900165,811,349,462
113900166,176,175,1
113900167,340,52,288
113900168,114,78,36
113900169,228,308,-80
113900171,227,78,149
113900172,16,124,-108
113900173,17,336,-319
113900174,704,647,57
113900175,406,195,211
113900176,474,387,87
113900177,355,185,170
113900178,382,129,253
113900179,27,319,-292
113900180,182,91,91
113900181,1117,131,986
113900182,697,1041,-344
113900183,54,72,-18
113900184,22,310,-288
113900185,175,62,113
113900186,72,50,22
113900187,30,96,-66
113900188,62,204,-142
113900189,259,138,121
113900190,233,99,134
113900191,85,222,-137
113900192,16,844,-828
113900193,22,176,-154
113900194,1379,827,552
113900195,218,314,-96
113900196,8,262,-254
113900197,1,121,-120
113900198,26,234,-208
113900199,152,652,-500
113900200,44,279,-235
113900201,1,116,-115
113900202,38,287,-249
113900203,0,59,-59
113900204,48,432,-384
113900205,10,137,-127
113900206,13,129,-116
113900207,1,61,-60
113900208,1,44,-43
113900209,0,52,-52
113900210,514,756,-242
113900211,209,70,139
113900212,192,314,-122
113900214,354,453,-99
113900215,59,90,-31
113900216,176,502,-326
113900217,112,147,-35
113900218,181,82,99
113900219,128,302,-174
113900220,143,135,8
113900221,383,371,12
113900222,263,545,-282
113900223,184,489,-305
113900224,78,58,20
113900225,1080,248,832
113900226,408,149,259
113900227,554,236,318
113900228,404,579,-175
113900229,72,941,-869
113900230,3574,3807,-233
113900231,158,137,21
113900232,88,90,-2
113900233,122,46,76
113900234,387,418,-31
113900235,106,42,64
113900236,252,179,73
113900237,258,16,242
113900238,291,618,-327
113900239,82,126,-44
113900240,5,200,-195
113900241,135,42,93
113900242,39,130,-91
113900243,107,351,-244
113900244,265,210,55
113900245,888,308,580
113900246,20,47,-27
113900247,138,487,-349
113900248,1856,1986,-130
113900249,742,461,281
113900250,95,190,-95
113900251,779,123,656
113900252,589,19,570
113900253,619,91,528
113900254,869,200,669
113900255,537,22,515
113900256,441,35,406
113900257,28,378,-350
113900258,25,288,-263
113900259,582,123,459
113900260,282,29,253
113900261,29,70,-41
113900262,145,365,-220
113900263,155,566,-411
113900264,2,314,-312
113900265,140,253,-113
113900266,31,143,-112
113900267,102,428,-326
113900268,425,374,51
113900269,67,99,-32
113900270,262,749,-487
113900271,607,806,-199
113900273,29,22,7
113900274,59,46,13
113900275,26,69,-43
113900276,4,92,-88
113900277,217,13,204
113900278,290,180,110
113900279,73,102,-29
113900280,1545,525,1020
113900281,724,1442,-718
113900282,1076,832,244
113900283,412,443,-31
113900284,850,218,632
113900285,192,41,151
113900286,56,90,-34
113900287,70,66,4
113900288,4,145,-141
113900289,647,124,523
113900290,202,301,-99
113900291,84,165,-81
113900292,90,11,79
113900293,2,191,-189
113900294,593,32,561
113900295,482,470,12
113900296,1818,434,1384
113900297,2148,44,2104
113900298,24,1500,-1476
113900299,116,79,37
113900300,3902,4291,-389
113900301,650,406,244
113900302,1896,990,906
113900303,471,525,-54
113900304,1,89,-88
113900305,137,1,136
113900306,93,8,85
113900307,46,0,46
113900308,105,112,-7
113900309,5,473,-468
113900310,0,15,-15
113900311,11,4,7
113900312,261,245,16
113900313,19,5,14
114000001,996,1991,-995
114000002,366,320,46
114000003,48,296,-248
114000004,355,311,44
114000005,381,185,196
114000006,2186,1802,384
114000007,732,1171,-439
114000008,1238,1925,-687
114000009,827,242,585
114000011,2944,1924,1020
114000012,2884,1386,1498
114000013,1753,1225,528
114000014,466,229,237
114000015,1978,283,1695
114000016,250,219,31
114000017,141,436,-295
114000018,222,27,195
114000026,2125,1008,1117
114000027,3660,1809,1851
114000028,2779,2516,263
114000038,311,142,169
114000039,76,44,32
114000040,139,221,-82
114000042,192,142,50
114000043,34,57,-23
114000044,348,43,305
114000045,35,54,-19
114000046,2508,3938,-1430
114000047,10,75,-65
114000048,100,44,56
114000049,1676,1468,208
114000050,1730,1728,2
114000051,3208,1904,1304
114000052,3766,1795,1971
114000053,106,665,-559
114000054,243,741,-498
114000055,298,24,274
114000056,632,1058,-426
114000057,4008,1849,2159
114000058,320,1582,-1262
114000059,172,348,-176
114000060,485,715,-230
114000061,2335,2797,-462
114000062,1377,1809,-432
114000063,1807,1285,522
114000064,3753,3581,172
114000065,1360,1872,-512
114000066,467,525,-58
114000067,29,830,-801
114000068,495,649,-154
114000069,1070,581,489
114000070,2206,1561,645
114000071,769,495,274
114000072,530,215,315
114000073,20,53,-33
114000074,61,16,45
114000075,45,48,-3
114000076,34,61,-27
114000077,9,26,-17
114000078,385,448,-63
114000079,210,12,198
114000080,82,88,-6
114000081,74,108,-34
114000082,29,314,-285
114000083,55,175,-120
114000084,353,113,240
114000085,86,409,-323
114000086,263,252,11
114000087,172,106,66
114000088,42,37,5
114000089,577,303,274
114000090,1002,916,86
114000091,1425,813,612
114000092,1138,456,682
114000093,1603,617,986
114000094,539,311,228
114000095,352,138,214
114000096,130,286,-156
114000097,131,395,-264
114000098,657,90,567
114000099,758,343,415
114000100,1970,513,1457
114000101,504,452,52
114000102,683,321,362
114000103,163,268,-105
114000104,17,183,-166
114000105,240,115,125
114000106,730,1453,-723
114000107,482,156,326
114000108,1023,880,143
114000109,657,1077,-420
114000110,683,1068,-385
114000111,2192,907,1285
114000112,617,1286,-669
114000113,1215,520,695
114000114,1262,984,278
114000115,2101,1122,979
114000116,1210,803,407
114000117,3650,508,3142
114000118,3023,538,2485
114000119,2041,471,1570
114000120,855,586,269
114000121,479,681,-202
114000122,409,328,81
114000123,2299,316,1983
114000124,1187,248,939
114000125,746,945,-199
114000126,1825,232,1593
114000127,397,167,230
114000128,866,297,569
114000130,659,504,155
114000131,350,106,244
114000132,764,366,398
114000133,914,956,-42
114000134,67,106,-39
114000138,52,165,-113
114000139,551,264,287
114000144,1068,546,522
114000145,100,119,-19
114000146,140,215,-75
114000147,1491,2019,-528
114000148,1661,1827,-166
114000149,369,300,69
114000150,350,668,-318
114000151,656,1484,-828
114000152,115,38,77
114000153,664,1891,-1227
114000154,542,578,-36
114000155,1284,2411,-1127
114000156,686,640,46
114000157,217,993,-776
114000158,1100,612,488
114000159,95,402,-307
114000160,111,417,-306
114000161,1190,3176,-1986
114000162,1187,2712,-1525
114000163,18,70,-52
114000165,488,301,187
114000166,590,477,113
114000167,2381,1380,1001
114000168,743,577,166
114000169,1452,1409,43
114000170,1047,919,128
114000171,1412,2530,-1118
114000174,203,442,-239
114000176,341,404,-63
114000177,1365,672,693
114000178,66,47,19
114000179,1181,634,547
114000180,358,507,-149
114000181,1637,3726,-2089
114000182,2074,2026,48
114000183,694,513,181
114000184,424,693,-269
114000185,1296,790,506
114000189,1402,135,1267
114000190,3234,489,2745
114000191,56,137,-81
114000192,178,846,-668
114000193,498,1658,-1160
114000194,1389,644,745
114000195,180,78,102
114000196,0,121,-121
114000197,1529,25,1504
114000198,737,323,414
114000199,1819,1665,154
114000200,504,1157,-653
114000201,143,629,-486
114000202,895,385,510
114000203,403,477,-74
114000204,149,355,-206
114000205,211,972,-761
114000206,807,1110,-303
114000207,481,1209,-728
114000208,479,1731,-1252
114000209,590,1485,-895
114000210,249,836,-587
114000211,1133,1108,25
114000212,948,767,181
114000213,1492,548,944
114000214,105,153,-48
114000215,216,94,122
114000216,1243,344,899
114000217,406,205,201
114000218,227,176,51
114000219,1449,173,1276
114000220,19,605,-586
114000221,956,162,794
114000222,151,760,-609
114000223,575,131,444
114000224,80,505,-425
114000225,255,433,-178
114000226,213,223,-10
114000227,882,400,482
114000228,989,591,398
114000229,1485,1079,406
114000230,1609,893,716
114000231,1101,1196,-95
114000232,869,183,686
114000233,2388,167,2221
114000234,1045,677,368
114000235,1167,1202,-35
114000236,0,282,-282
114000237,113,647,-534
114000238,169,169,0
114000239,169,787,-618
114000240,864,655,209
114000241,309,588,-279
114000242,800,589,211
114000243,1650,803,847
114000244,617,214,403
114000245,392,675,-283
114000246,99,36,63
114000247,508,439,69
114000248,1206,488,718
114000249,704,364,340
114000250,642,585,57
114000251,543,194,349
114000252,40,52,-12
114000253,72,116,-44
114000254,69,53,16
114000255,646,209,437
114000256,932,2458,-1526
114000257,331,895,-564
114000258,293,324,-31
114000259,101,158,-57
114000260,0,28,-28
114000261,65,56,9
114000262,301,118,183
114000263,5,2,3
114000264,1222,385,837
114000265,0,0,0
114000267,5,1323,-1318
114000268,2,979,-977
114000270,208,18,190
114000271,331,86,245
114000283,1420,356,1064
114000285,28,169,-141
114000288,125,289,-164
114000289,1547,120,1427
114000293,317,479,-162
114000294,236,239,-3
114000395,1241,74,1167
114000396,761,578,183
114000402,652,254,398
114000403,349,232,117
114000405,180,254,-74
114000423,330,263,67
114000424,595,115,480
114000425,944,289,655
114000426,395,846,-451
114000427,59,77,-18
114000428,131,170,-39
114000429,3,147,-144
114000432,119,84,35
114000434,15,62,-47
114000435,18,99,-81
114000436,1734,645,1089
114000437,517,4082,-3565
114900001,727,566,161
114900002,550,151,399
114900003,901,819,82
114900004,226,406,-180
114900005,544,588,-44
114900006,79,97,-18
114900007,312,23,289
114900008,219,83,136
114900010,1462,1610,-148
114900011,240,186,54
114900013,262,170,92
114900015,119,447,-328
114900018,979,36,943
114900020,192,68,124
114900022,23,539,-516
114900024,288,139,149
114900025,576,151,425
114900026,50,142,-92
114900027,322,176,146
114900029,18,13,5
114900030,321,135,186
114900031,441,21,420
114900032,424,20,404
114900033,641,1070,-429
114900034,31,147,-116
114900035,148,235,-87
114900036,137,400,-263
114900037,141,99,42
114900038,164,416,-252
114900039,577,288,289
114900040,83,114,-31
114900041,837,301,536
114900042,1073,433,640
114900043,397,211,186
114900044,161,43,118
114900046,33,88,-55
114900047,233,2239,-2006
114900048,126,218,-92
114900049,6,98,-92
114900050,66,255,-189
114900051,18,278,-260
114900052,79,224,-145
114900053,88,260,-172
114900054,38,87,-49
114900057,191,10,181
114900058,1,73,-72
114900059,109,74,35
114900060,675,731,-56
114900061,135,109,26
114900062,188,262,-74
114900063,82,83,-1
114900064,1781,354,1427
114900065,517,715,-198
114900067,157,385,-228
114900068,39,107,-68
114900069,232,103,129
114900070,594,247,347
114900072,4,203,-199
114900073,0,136,-136
114900074,739,423,316
114900075,436,14,422
114900076,13,305,-292
114900080,1360,315,1045
114900082,2564,2294,270
114900083,995,993,2
114900090,464,216,248
114900091,139,156,-17
114900095,253,117,136
114900096,360,559,-199
114900097,196,1,195
114900098,6,165,-159
114900099,199,11,188
115000001,4146,2439,1707
115000002,4338,4605,-267
115000003,3907,2066,1841
115000004,5102,5934,-832
115000005,1533,1716,-183
115000006,1219,1361,-142
115000007,110,217,-107
115000008,436,584,-148
115000009,243,180,63
115000010,245,184,61
115000013,95,199,-104
115000015,56,259,-203
115000016,213,352,-139
115000019,48,491,-443
115000020,131,853,-722
115000021,253,426,-173
115000022,544,316,228
115000023,411,740,-329
115000024,1061,366,695
115000025,1031,790,241
115000026,226,346,-120
115000027,342,340,2
115000028,290,797,-507
115000029,789,144,645
115000030,1163,1001,162
115000031,1443,394,1049
115000032,8,215,-207
115000033,159,45,114
115000034,84,1078,-994
115000035,1248,118,1130
115000036,0,399,-399
115000037,855,22,833
115000038,48,136,-88
115000039,3035,3319,-284
115000040,4294,2432,1862
115000041,1319,3558,-2239
115000042,832,496,336
115000043,3829,2200,1629
115000044,3299,2827,472
115000045,2460,1137,1323
115000046,2789,2327,462
115000047,2455,1288,1167
115000048,1756,1659,97
115000049,1542,2408,-866
115000050,3276,1616,1660
115000051,1594,3103,-1509
115000052,1395,1489,-94
115000053,2008,1866,142
115000054,549,892,-343
115000055,195,945,-750
115000056,219,509,-290
115000057,611,1232,-621
115000058,276,384,-108
115000059,252,182,70
115000061,188,212,-24
115000062,229,225,4
115000063,571,199,372
115000064,190,104,86
115000065,85,530,-445
115000067,162,17,145
115000069,87,357,-270
115000070,29,934,-905
115000071,114,22,92
115000072,17,51,-34
115000073,1540,75,1465
115000075,135,56,79
115000076,2542,2282,260
115000077,2169,1624,545
115000078,1396,1000,396
115000079,1305,1136,169
115000080,2606,1729,877
115000081,423,705,-282
115000082,4548,3328,1220
115000083,1956,1438,518
115000084,2970,943,2027
115000085,884,680,204
115000086,1249,714,535
115000087,392,1296,-904
115000088,1833,675,1158
115000089,1314,1114,200
115000090,609,859,-250
115000091,211,715,-504
115000092,735,391,344
115000093,525,0,525
115000094,5433,6053,-620
115000095,4070,6218,-2148
115000096,877,1057,-180
115000097,1221,915,306
115000098,1335,588,747
115000099,2777,1940,837
115000100,1288,350,938
115000101,435,1092,-657
115000102,547,212,335
115000103,260,545,-285
115000105,68,112,-44
115000106,739,317,422
115000107,205,306,-101
115000108,2421,1809,612
115000109,3734,4773,-1039
115000110,1386,1647,-261
115000111,673,1260,-587
115000112,790,709,81
115000113,798,754,44
115000114,1617,666,951
115000116,3635,2242,1393
115000117,3395,3071,324
115000118,2154,1543,611
115000119,1733,2088,-355
115000120,567,1369,-802
115000121,903,804,99
115000122,2610,2284,326
115000123,1280,2986,-1706
115000124,782,1079,-297
115000125,500,706,-206
115000126,176,282,-106
115000127,349,161,188
115000128,388,708,-320
115000129,332,353,-21
115000130,394,514,-120
115000131,832,223,609
115000132,388,268,120
115000133,720,209,511
115000134,448,277,171
115000135,322,167,155
115000136,273,304,-31
115000137,87,157,-70
115000138,405,267,138
115000139,251,179,72
115000140,489,249,240
115000141,232,195,37
115000142,203,170,33
115000143,891,513,378
115000144,446,61,385
115000145,261,228,33
115000146,509,349,160
115000147,371,391,-20
115000148,304,605,-301
115000149,667,215,452
115000150,687,546,141
115000151,1420,478,942
115000152,795,612,183
115000153,1384,492,892
115000154,912,253,659
115000155,647,635,12
115000156,1240,694,546
115000157,705,617,88
115000158,581,408,173
115000159,609,659,-50
115000160,582,640,-58
115000161,556,429,127
115000162,567,872,-305
115000163,429,530,-101
115000164,672,514,158
115000165,354,427,-73
115000167,150,65,85
115000168,496,302,194
115000169,452,333,119
115000170,98,142,-44
115000171,249,224,25
115000172,948,630,318
115000173,380,680,-300
115000174,123,355,-232
115000175,154,173,-19
115000176,234,169,65
115000177,255,207,48
115000178,26,207,-181
115000179,49,37,12
115000180,149,445,-296
115000181,888,139,749
115000182,1111,292,819
115000183,497,654,-157
115000186,738,254,484
115000187,271,594,-323
115000188,382,428,-46
115000189,261,406,-145
115000190,653,465,188
115000191,170,589,-419
115000194,125,239,-114
115000195,328,297,31
115000196,291,77,214
115000197,238,209,29
115000198,465,159,306
115000199,412,157,255
115000200,395,92,303
115000201,139,315,-176
115000206,478,85,393
115000207,220,328,-108
115000208,324,491,-167
115000209,744,327,417
115000210,227,112,115
115000211,256,235,21
115000212,1138,330,808
115000224,438,69,369
115000225,75,91,-16
115000229,161,147,14
115000230,94,325,-231
115000231,269,1043,-774
115000232,1810,264,1546
115000233,127,178,-51
115000234,17,233,-216
115000241,104,211,-107
115000242,108,179,-71
115000243,60,160,-100
115000244,22,123,-101
115000246,43,27,16
115000247,26,22,4
115000248,35,22,13
115000249,32,22,10
115000250,288,28,260
115000251,283,102,181
115000252,112,207,-95
115000253,18,426,-408
115000258,339,170,169
115000259,273,114,159
115000261,32,13,19
115000262,28,19,9
115000263,26,37,-11
115000264,36,27,9
115000267,66,80,-14
115000268,35,128,-93
115000269,123,66,57
115000270,3,33,-30
115000272,92,139,-47
115000273,495,40,455
115000280,1760,660,1100
115000281,472,1308,-836
115000282,902,1160,-258
115000284,231,143,88
115000296,1053,10,1043
115000297,136,353,-217
115000298,41,643,-602
115000300,242,169,73
115000302,537,119,418
115000303,907,125,782
115000304,970,39,931
115000305,108,497,-389
115000306,270,256,14
115000307,118,204,-86
115000308,33,16,17
115000309,13,61,-48
115000310,1088,585,503
115000311,1149,941,208
115000313,112,391,-279
115000314,551,116,435
115000315,601,434,167
115000316,82,154,-72
115000317,227,380,-153
115000318,876,313,563
115000319,83,254,-171
115000320,17,378,-361
115000321,412,61,351
115000322,49,159,-110
115000449,255,198,57
115000557,2,1648,-1646
115000558,273,118,155
115000587,631,324,307
115000588,1793,2111,-318
115000589,3373,2012,1361
115000590,1200,1128,72
115000591,1876,646,1230
115000592,602,1705,-1103
115000593,1526,532,994
115000594,591,2255,-1664
115000609,127,115,12
115000617,1157,3522,-2365
115000624,350,41,309
115000633,610,1823,-1213
115000634,2545,851,1694
115000635,553,109,444
115000638,589,543,46
115000641,38,121,-83
115000642,405,313,92
115000643,132,391,-259
115000644,141,293,-152
115000646,923,1482,-559
115000647,158,478,-320
115000648,2169,1429,740
115000893,1910,1208,702
115000894,141,816,-675
115000895,301,608,-307
115000896,876,297,579
115000897,452,130,322
115000898,525,245,280
115000899,349,915,-566
115000900,55,255,-200
115000901,55,107,-52
115000912,421,88,333
115000913,2,18,-16
115000915,13,0,13
115000916,7,0,7
115000917,0,7,-7
115000918,55,423,-368
115000919,1,38,-37
115000920,27,56,-29
115000921,460,72,388
115000922,578,675,-97
115000923,188,791,-603
115000925,95,81,14
115000927,22,63,-41
115000933,139,171,-32
115000934,169,212,-43
115000935,142,63,79
115000936,37,700,-663
115000937,456,122,334
115000938,55,170,-115
115000939,42,163,-121
115900001,164,25,139
115900002,89,90,-1
115900003,208,77,131
115900004,3,55,-52
115900005,242,16,226
115900006,171,169,2
115900008,108,12,96
115900009,123,200,-77
115900010,424,128,296
115900011,659,474,185
115900012,201,34,167
115900013,425,150,275
115900014,126,164,-38
115900015,160,64,96
115900016,106,28,78
115900017,53,13,40
115900018,135,62,73
115900019,210,15,195
115900020,112,0,112
115900021,1187,246,941
115900022,996,10,986
115900023,73,18,55
115900025,35,308,-273
115900026,770,213,557
115900027,0,168,-168
115900028,584,63,521
115900029,28,322,-294
115900030,36,31,5
115900031,246,385,-139
115900032,439,523,-84
115900033,0,48,-48
115900034,18,275,-257
115900035,74,16,58
115900036,48,866,-818
115900037,31,269,-238
115900038,71,13,58
115900039,201,138,63
115900041,340,709,-369
115900042,38,6,32
115900043,97,65,32
115900044,240,350,-110
115900046,337,161,176
115900047,181,188,-7
115900049,174,139,35
115900051,8,31,-23
115900052,8,135,-127
115900053,227,169,58
115900054,326,35,291
115900055,19,86,-67
115900056,260,159,101
115900057,47,9,38
115900058,30,58,-28
115900060,203,121,82
115900061,295,7,288
115900062,68,194,-126
115900063,97,9,88
115900064,165,199,-34
115900065,131,96,35
115900066,125,95,30
115900067,10,328,-318
115900068,2315,1095,1220
115900069,49,170,-121
115900070,155,123,32
115900071,0,257,-257
115900072,55,133,-78
115900073,92,88,4
115900074,4,205,-201
115900075,27,187,-160
115900076,1,27,-26
115900077,8,178,-170
115900078,37,96,-59
115900079,241,11,230
115900080,300,150,150
115900081,16,48,-32
115900082,183,135,48
115900084,630,21,609
115900085,34,60,-26
115900086,1423,499,924
115900088,37,61,-24
115900089,441,539,-98
115900090,408,12,396
115900091,21,34,-13
115900092,28,102,-74
115900093,13,14,-1
115900094,9,153,-144
115900096,7,5,2
115900097,7,227,-220
115900098,253,244,9
115900099,92,74,18
115900100,19,367,-348
115900101,148,220,-72
115900102,120,91,29
115900103,297,148,149
115900104,85,98,-13
115900105,337,444,-107
115900106,108,21,87
115900107,111,73,38
115900108,245,26,219
115900109,40,304,-264
115900110,0,11,-11
115900111,3,66,-63
115900112,54,699,-645
115900113,77,14,63
115900114,3,92,-89
115900115,128,187,-59
115900116,78,772,-694
115900117,128,16,112
115900118,7,217,-210
115900119,165,122,43
115900120,29,248,-219
115900121,193,175,18
115900124,265,561,-296
115900125,367,50,317
115900126,753,75,678
115900127,792,75,717
115900128,12,84,-72
115900129,709,52,657
115900130,30,188,-158
115900131,334,21,313
115900132,610,10,600
115900134,308,25,283
115900135,339,1211,-872
115900137,31,11,20
115900139,24,75,-51
115900140,326,30,296
115900141,13,45,-32
115900142,7,23,-16
115900143,281,720,-439
115900144,127,224,-97
115900146,8,47,-39
115900147,196,304,-108
115900148,70,6,64
115900149,155,17,138
115900150,108,25,83
115900151,18,123,-105
115900152,147,255,-108
115900153,168,217,-49
115900154,412,300,112
115900155,0,35,-35
115900156,720,787,-67
115900157,178,385,-207
115900158,19,9,10
115900159,147,161,-14
115900160,3,4,-1
115900161,202,176,26
115900163,241,117,124
115900164,636,38,598
115900165,3,116,-113
115900166,204,123,81
115900168,147,126,21
115900171,112,313,-201
115900172,60,114,-54
115900173,263,101,162
115900174,211,170,41
115900175,174,185,-11
115900178,6,357,-351
115900179,309,10,299
115900180,30,69,-39
115900181,204,142,62
115900182,463,131,332
115900183,38,54,-16
115900184,1134,11,1123
115900187,10,104,-94
115900189,1,301,-300
115900190,248,1310,-1062
115900191,42,261,-219
115900192,10,130,-120
115900193,149,80,69
115900194,693,59,634
115900195,525,2193,-1668
115900198,189,216,-27
115900199,185,176,9
115900200,217,264,-47
115900201,527,371,156
115900202,1,92,-91
115900203,5,32,-27
115900204,0,12,-12
115900205,53,12,41
115900206,284,149,135
115900207,44,13,31
115900208,125,117,8
115900209,6,114,-108
115900210,4,102,-98
115900211,1,208,-207
115900212,206,185,21
115900213,116,122,-6
115900214,522,164,358
115900215,36,207,-171
115900216,1,99,-98
115900217,4,38,-34
115900218,8,29,-21
115900219,121,2,119
115900220,226,5,221
115900221,112,8,104
115900222,84,39,45
115900223,13,477,-464
115900224,713,1397,-684
115900225,61,75,-14
115900226,19,44,-25
115900227,16,38,-22
115900228,7,51,-44
115900229,8,43,-35
115900230,32,103,-71
115900231,112,1,111
115900232,30,1,29
115900233,79,11,68
115900234,59,33,26
115900235,34,32,2
115900236,23,41,-18
115900237,24,33,-9
115900238,21,20,1
115900239,10,38,-28
115900240,18,77,-59
115900241,267,77,190
115900242,244,253,-9
115900243,9,5,4
115900244,16,18,-2
115900245,69,6,63
115900246,17,14,3
115900247,26,17,9
115900248,23,2,21
115900249,11,14,-3
115900250,9,45,-36
115900251,5,9,-4
115900252,11,2,9
115900253,9,24,-15
115900254,9,23,-14
115900255,2,16,-14
115900256,11,22,-11
115900257,7,10,-3
115900258,1,3,-2
115900259,7,5,2
115900260,6,7,-1
115900261,3,1,2
115900262,6,0,6
115900263,11,2,9
115900264,22,3,19
115900265,3,9,-6
115900266,3,18,-15
115900267,9,13,-4
115900268,12,8,4
115900269,553,264,289
115900270,422,207,215
115900271,130,0,130
115900272,34,1,33
115900273,10,43,-33
115900274,1,10,-9
115900275,0,13,-13
115900276,0,24,-24
115900277,2,27,-25
115900278,54,89,-35
115900279,17,175,-158
115900280,18,483,-465
115900281,276,217,59
115900282,12,12,0
115900283,0,2,-2
115900284,0,0,0
116000001,7621,3551,4070
116000002,4769,12777,-8008
116000003,1543,1229,314
116000004,3053,4299,-1246
116000005,1584,2728,-1144
116000006,2576,2780,-204
116000007,2669,3356,-687
116000008,4882,2781,2101
116000009,1342,1639,-297
116000010,2439,1744,695
116000011,819,1664,-845
116000012,1745,1170,575
116000013,5773,3277,2496
116000014,7849,13133,-5284
116000015,298,1526,-1228
116000016,5079,4370,709
116000017,33,798,-765
116000018,672,283,389
116000019,1012,301,711
116000020,748,880,-132
116000021,587,325,262
116000022,369,297,72
116000023,1391,810,581
116000024,617,741,-124
116000025,1005,793,212
116000026,1715,2420,-705
116000027,835,635,200
116000028,602,1112,-510
116000029,718,675,43
116000030,967,571,396
116000031,235,370,-135
116000032,428,201,227
116000033,391,481,-90
116000034,845,810,35
116000035,293,702,-409
116000036,1412,1248,164
116000037,521,497,24
116000038,345,548,-203
116000039,503,444,59
116000040,697,395,302
116000041,150,451,-301
116000042,637,356,281
116000043,124,703,-579
116000044,8,69,-61
116000045,2023,1628,395
116000046,1163,1751,-588
116000047,1708,2353,-645
116000048,2015,1923,92
116000049,1555,3004,-1449
116000050,1750,1247,503
116000051,6687,2531,4156
116000052,6070,4955,1115
116000053,2294,794,1500
116000054,855,2346,-1491
116000055,939,797,142
116000056,1134,1096,38
116000057,2973,1430,1543
116000058,3127,2652,475
116000059,2888,4650,-1762
116000060,2002,1056,946
116000061,601,1211,-610
116000062,609,210,399
116000063,658,1165,-507
116000066,274,731,-457
116000067,167,419,-252
116000068,234,276,-42
116000069,267,283,-16
116000078,548,1145,-597
116000080,1955,745,1210
116000082,9,36,-27
116000083,2023,424,1599
116000084,2078,3023,-945
116000085,2331,2117,214
116000086,1434,728,706
116000087,2265,1662,603
116000088,790,898,-108
116000089,147,96,51
116000090,101,155,-54
116000091,301,353,-52
116000093,1394,680,714
116000094,845,556,289
116000095,1056,583,473
116000096,920,1534,-614
116000097,964,598,366
116000098,68,7411,-7343
116000099,5173,232,4941
116000100,300,35,265
116000101,1139,681,458
116000102,257,866,-609
116000103,514,300,214
116000104,223,992,-769
116000105,1386,186,1200
116000106,539,787,-248
116000107,2911,291,2620
116000108,434,142,292
116000111,135,33,102
116000113,220,101,119
116000114,35,110,-75
116000115,425,124,301
116000116,283,367,-84
116000117,1711,1715,-4
116000118,1575,1014,561
116000119,3915,1765,2150
116000120,2765,2964,-199
116000121,1104,511,593
116000122,1198,1183,15
116000123,1391,470,921
116000124,454,847,-393
116000125,3422,949,2473
116000126,430,1113,-683
116000127,1104,965,139
116000128,2039,887,1152
116000129,2067,308,1759
116000130,701,615,86
116000133,1359,694,665
116000134,1741,1360,381
116000135,2920,1401,1519
116000136,942,1570,-628
116000137,1381,853,528
116000138,987,658,329
116000139,1776,2161,-385
116000140,173,217,-44
116000141,335,531,-196
116000142,2632,2001,631
116000143,1852,1696,156
116000144,1582,1669,-87
116000145,1881,1068,813
116000146,611,137,474
116000147,162,122,40
116000148,576,536,40
116000149,691,768,-77
116000151,447,427,20
116000153,111,383,-272
116000155,187,228,-41
116000156,959,1002,-43
116000157,104,18,86
116000158,404,401,3
116000159,38,13,25
116000160,19,36,-17
116000161,7,79,-72
116000162,102,94,8
116000163,35,14,21
116000164,13,23,-10
116000177,277,100,177
116000194,92,428,-336
116000195,1198,670,528
116000196,23,2,21
116000197,12,12,0
116000198,2474,1110,1364
116000200,678,642,36
116000201,610,661,-51
116000202,10,232,-222
116000203,3,89,-86
116000204,44,52,-8
116000205,0,118,-118
116000206,12,119,-107
116000207,13,35,-22
116000233,214,323,-109
116000287,210,346,-136
116000288,319,190,129
116000292,87,117,-30
116000296,8,215,-207
116000297,131,16,115
116000304,159,26,133
116000305,15,59,-44
116000346,206,79,127
116000352,158,35,123
116000354,42,22,20
116000357,25,51,-26
116000358,404,75,329
116000361,58,3,55
116000372,3377,4825,-1448
116000381,142,1,141
116000388,3,73,-70
116000389,922,515,407
116000445,555,385,170
116000446,686,442,244
116000447,17,527,-510
116000448,561,155,406
116000563,820,1012,-192
116000565,37,321,-284
116000566,0,7,-7
116000568,61,311,-250
116000579,31,90,-59
116000584,23,4,19
116000585,26,22,4
116000586,64,105,-41
116000587,634,682,-48
116000589,36,42,-6
116000590,111,62,49
116000591,294,214,80
116000592,15,88,-73
116000593,0,37,-37
116000594,732,328,404
116000595,682,235,447
116000596,116,2,114
116000597,462,114,348
116000598,25,116,-91
116000602,53,502,-449
116000605,258,108,150
116000606,80,252,-172
116000607,8,49,-41
116000609,170,993,-823
116000611,203,363,-160
116000612,1049,1929,-880
116000613,721,319,402
116000614,444,410,34
116000615,1,407,-406
116000616,50,62,-12
116000617,113,28,85
116000618,3,56,-53
116000619,63,86,-23
116000620,130,95,35
116000621,57,155,-98
116000622,71,174,-103
116000624,227,85,142
116000627,55,9,46
116000628,59,199,-140
116000629,19,164,-145
116000630,464,26,438
116000631,162,22,140
116000632,601,182,419
116000633,74,187,-113
116000634,600,35,565
116000635,2102,2386,-284
116000636,432,1090,-658
116000637,323,16,307
116000638,46,252,-206
116900001,271,180,91
116900002,237,0,237
116900003,55,22,33
116900004,44,75,-31
116900005,324,47,277
116900006,82,394,-312
116900007,139,188,-49
116900008,448,189,259
116900009,18,6,12
116900010,2,813,-811
116900011,9,48,-39
116900012,203,202,1
116900013,0,175,-175
116900014,202,153,49
116900015,550,52,498
116900016,261,5,256
116900017,1,387,-386
116900018,110,76,34
116900019,9,238,-229
116900020,838,1314,-476
116900023,84,17,67
116900024,692,48,644
116900025,1311,683,628
116900026,133,482,-349
116900027,31,59,-28
116900028,4,126,-122
116900029,1,72,-71
116900031,1,3,-2
116900032,10,268,-258
116900033,36,10,26
116900034,12,77,-65
116900035,175,128,47
116900036,4,100,-96
116900038,13,0,13
116900041,64,18,46
116900042,434,261,173
116900043,43,40,3
116900047,34,228,-194
116900049,37,241,-204
116900050,175,359,-184
116900051,202,169,33
116900052,274,121,153
116900055,1,10,-9
116900057,25,170,-145
116900058,28,324,-296
116900059,2,117,-115
116900060,179,157,22
116900062,1,5,-4
116900064,83,452,-369
116900065,38,114,-76
116900067,82,60,22
116900068,151,195,-44
116900070,3,4,-1
116900072,31,293,-262
116900073,14,75,-61
116900074,12,44,-32
116900076,6,22,-16
116900077,15,138,-123
116900078,208,104,104
116900079,40,162,-122
116900080,12,17,-5
116900081,465,767,-302
116900082,424,842,-418
116900083,55,48,7
116900084,133,73,60
116900085,64,148,-84
116900086,54,154,-100
116900088,385,79,306
116900090,105,45,60
116900091,491,18,473
116900092,89,601,-512
116900093,1537,1613,-76
116900094,3225,4342,-1117
116900095,278,125,153
116900096,175,374,-199
116900097,2234,3696,-1462
116900098,760,338,422
116900099,606,826,-220
116900100,1137,65,1072
116900101,333,363,-30
116900103,2,0,2
116900104,58,77,-19
116900105,307,248,59
116900106,2446,241,2205
116900107,2552,3008,-456
116900110,11,4,7
116900111,663,486,177
116900112,297,743,-446
116900113,1673,1653,20
116900116,131,576,-445
116900117,190,121,69
116900118,581,817,-236
116900120,469,58,411
116900121,165,27,138
116900122,981,512,469
116900123,261,502,-241
116900124,245,905,-660
116900125,491,189,302
116900126,130,649,-519
116900128,3,37,-34
116900129,1,295,-294
116900130,455,3942,-3487
116900131,99,328,-229
116900132,60,119,-59
116900133,154,164,-10
116900134,236,288,-52
116900136,317,182,135
116900137,273,158,115
116900138,244,175,69
116900139,166,423,-257
116900140,208,200,8
116900141,872,402,470
116900142,5,66,-61
116900143,331,260,71
116900144,41,68,-27
116900145,59,139,-80
116900147,351,499,-148
116900148,11,60,-49
116900149,71,256,-185
116900150,17,18,-1
116900151,32,18,14
116900153,180,92,88
116900154,421,627,-206
116900155,69,62,7
116900157,822,161,661
116900158,128,316,-188
116900159,63,243,-180
116900160,1137,721,416
116900161,4594,7726,-3132
116900162,17,93,-76
116900163,207,119,88
116900164,106,68,38
116900165,254,259,-5
116900166,51,48,3
116900167,490,54,436
116900168,399,70,329
116900169,415,603,-188
116900170,427,558,-131
116900171,58,136,-78
116900172,156,419,-263
116900173,228,39,189
116900174,88,63,25
116900175,175,245,-70
116900178,35,103,-68
116900179,140,400,-260
116900180,122,41,81
116900182,449,236,213
116900183,171,141,30
116900185,24,58,-34
116900186,79,172,-93
116900187,56,57,-1
116900188,179,42,137
116900189,126,1,125
116900191,445,628,-183
116900192,351,112,239
116900194,200,1538,-1338
116900195,63,31,32
116900196,15,65,-50
116900197,116,5,111
116900198,162,288,-126
116900200,86,20,66
116900201,186,14,172
116900202,140,35,105
116900203,239,11,228
116900204,41,138,-97
116900206,9,4,5
116900207,36,39,-3
116900208,6,82,-76
116900209,28,89,-61
116900210,532,332,200
116900211,198,9,189
116900212,115,46,69
116900213,246,127,119
116900214,222,167,55
116900215,107,77,30
116900216,369,181,188
116900218,9,193,-184
116900219,1204,384,820
116900220,132,253,-121
116900221,123,303,-180
116900222,487,442,45
116900223,124,323,-199
116900226,136,57,79
116900227,191,72,119
116900228,347,148,199
116900230,87,206,-119
116900231,22,253,-231
116900232,19,359,-340
116900233,319,94,225
116900234,48,16,32
116900235,166,216,-50
116900238,1346,315,1031
116900239,34,1419,-1385
116900240,4530,3369,1161
116900241,95,95,0
116900242,228,726,-498
116900243,17,76,-59
116900245,39,37,2
116900246,146,19,127
116900247,833,23,810
116900248,103,42,61
116900249,437,90,347
116900250,383,33,350
116900251,391,660,-269
116900252,155,701,-546
116900253,132,58,74
116900254,25,91,-66
116900255,138,78,60
116900256,365,82,283
116900257,16,321,-305
116900258,9,133,-124
116900259,264,15,249
116900260,4,69,-65
116900261,91,3,88
116900262,302,155,147
116900263,1,6,-5
116900264,1,1,0
116900265,46,1,45
116900266,32,35,-3
116900267,9,1,8
116900268,246,281,-35
116900269,335,564,-229
116900271,1067,364,703
116900272,257,217,40
116900273,103,77,26
116900274,178,64,114
116900275,167,98,69
116900276,547,208,339
116900277,451,36,415
116900278,8,7,1
116900279,6,16,-10
116900280,32,13,19
116900281,4337,5250,-913
116900282,9,68,-59
116900283,13,87,-74
116900284,24,208,-184
116900285,187,243,-56
116900286,185,32,153
116900287,10,31,-21
116900288,116,124,-8
116900289,10,12,-2
116900290,5,21,-16
116900291,24,17,7
116900292,0,33,-33
116900293,65,33,32
116900294,57,154,-97
116900295,135,52,83
116900296,65,53,12
116900297,20,79,-59
116900298,64,55,9
116900299,17,29,-12
116900300,7,65,-58
116900301,42,76,-34
116900302,17,55,-38
116900303,104,66,38
116900304,0,125,-125
116900305,8,35,-27
116900306,152,34,118
117000001,2275,1550,725
117000002,1932,3530,-1598
117000003,6597,3246,3351
117000004,3018,4408,-1390
117000005,2356,1786,570
117000006,1111,2434,-1323
117000007,4252,1149,3103
117000008,995,2542,-1547
117000009,4933,1785,3148
117000010,2468,3085,-617
117000011,2298,1448,850
117000012,1385,946,439
117000013,1842,776,1066
117000014,1140,1868,-728
117000015,2276,1307,969
117000016,229,99,130
117000017,171,100,71
117000018,124,578,-454
117000019,68,1,67
117000020,489,1774,-1285
117000021,1104,329,775
117000022,283,185,98
117000023,135,201,-66
117000024,198,264,-66
117000025,418,1087,-669
117000026,1843,1609,234
117000027,1557,5075,-3518
117000028,2387,2400,-13
117000030,367,460,-93
117000031,384,313,71
117000032,1551,1145,406
117000033,1320,665,655
117000034,341,305,36
117000035,595,354,241
117000036,491,306,185
117000037,327,218,109
117000038,174,502,-328
117000039,435,245,190
117000040,251,840,-589
117000041,1154,154,1000
117000044,13,581,-568
117000045,489,135,354
117000046,412,766,-354
117000047,1118,690,428
117000048,1736,868,868
117000049,131,535,-404
117000050,136,1331,-1195
117000051,2405,106,2299
117000052,65,241,-176
117000053,666,38,628
117000054,2113,19,2094
117000055,17,2187,-2170
117000056,778,37,741
117000057,532,2135,-1603
117000060,446,1060,-614
117000061,1878,860,1018
117000062,338,573,-235
117000063,2139,959,1180
117000064,623,573,50
117000066,883,946,-63
117000067,112,660,-548
117000074,149,223,-74
117000076,68,53,15
117000077,166,186,-20
117000078,116,660,-544
117000079,540,248,292
117000080,0,238,-238
117000081,1004,118,886
117000082,12,93,-81
117000083,171,8,163
117000084,228,1,227
117000085,376,865,-489
117000086,826,392,434
117000087,78,489,-411
117000088,341,179,162
117000089,1800,263,1537
117000090,289,951,-662
117000091,921,266,655
117000092,459,1103,-644
117000093,1481,770,711
117000094,1297,2221,-924
117000095,4222,910,3312
117000096,768,1901,-1133
117000097,1989,1121,868
117000098,2315,3301,-986
117000099,4297,1296,3001
117000100,293,393,-100
117000101,237,830,-593
117000102,2129,625,1504
117000103,766,1204,-438
117000104,1891,641,1250
117000105,846,1223,-377
117000106,1479,730,749
117000107,548,1430,-882
117000108,2185,1013,1172
117000109,1348,1944,-596
117000110,1942,1304,638
117000111,3565,3777,-212
117000112,3812,1579,2233
117000113,141,191,-50
117000114,274,117,157
117000115,80,76,4
117000116,250,244,6
117000117,1694,1166,528
117000118,248,100,148
117000119,183,199,-16
117000120,138,641,-503
117000121,57,1226,-1169
117000122,365,735,-370
117000123,1613,40,1573
117000124,376,115,261
117000125,181,159,22
117000126,40,18,22
117000127,163,383,-220
117000128,335,942,-607
117000129,229,570,-341
117000130,128,0,128
117000131,0,73,-73
117000132,3476,40,3436
117000133,2115,71,2044
117000134,0,85,-85
117000135,3,46,-43
117000136,0,11,-11
117000137,155,117,38
117000138,1,671,-670
117000140,536,1202,-666
117000141,2098,551,1547
117000181,502,238,264
117000182,454,897,-443
117000195,189,884,-695
117000196,364,159,205
117000225,104,51,53
117000226,7,121,-114
117000276,419,27,392
117000277,3,285,-282
117000310,1371,2138,-767
117000315,44,759,-715
117000320,58,0,58
117000906,453,27,426
117000907,30,241,-211
117000908,8,61,-53
117000909,42,40,2
117000910,230,213,17
117000911,107,158,-51
117000915,14,373,-359
117000916,49,7,42
117000917,1440,65,1375
117000918,101,69,32
117000919,3,62,-59
117000920,1,1015,-1014
117000921,1,866,-865
117000922,26,62,-36
117000924,371,795,-424
117000926,513,102,411
117000927,968,1340,-372
117000928,0,117,-117
117000929,238,274,-36
117000930,254,9,245
117000931,167,176,-9
117900002,101,462,-361
117900003,693,457,236
117900005,31,35,-4
117900006,0,101,-101
117900007,106,79,27
117900008,0,30,-30
117900010,298,60,238
117900011,39,114,-75
117900012,73,83,-10
117900013,2,149,-147
117900014,532,84,448
117900015,19,96,-77
117900016,1018,1044,-26
117900017,558,188,370
117900018,103,173,-70
117900019,579,201,378
117900020,95,442,-347
117900021,39,61,-22
117900022,58,11,47
117900023,760,129,631
117900024,53,42,11
117900025,67,11,56
117900026,478,194,284
117900028,59,6,53
117900029,299,411,-112
117900030,536,206,330
117900031,178,117,61
117900032,1186,874,312
117900033,341,373,-32
117900034,52,22,30
117900035,232,159,73
117900036,251,275,-24
117900037,196,107,89
117900038,21,263,-242
117900039,6,56,-50
117900040,193,288,-95
117900041,6,46,-40
117900042,3235,325,2910
117900043,29,44,-15
117900044,42,2964,-2922
117900045,175,153,22
117900048,354,241,113
117900049,230,325,-95
117900050,5,84,-79
117900051,39,2,37
117900052,108,431,-323
117900053,1989,578,1411
117900054,0,40,-40
117900055,375,188,187
117900056,146,85,61
117900057,1149,1084,65
117900058,29,26,3
117900059,267,116,151
117900060,3029,4195,-1166
117900061,18,228,-210
117900063,432,186,246
117900065,741,1089,-348
117900066,17,82,-65
117900067,575,169,406
117900069,941,232,709
117900070,200,48,152
117900071,100,101,-1
117900073,553,238,315
117900074,106,88,18
117900075,83,64,19
117900076,17,50,-33
117900077,543,184,359
117900078,500,828,-328
117900080,126,40,86
117900081,536,378,158
117900082,511,388,123
117900083,435,341,94
117900086,177,31,146
117900087,142,40,102
117900088,2793,1745,1048
117900089,2694,860,1834
117900090,433,358,75
117900091,113,188,-75
117900092,98,11,87
117900093,95,56,39
117900094,53,39,14
117900095,324,264,60
117900096,128,274,-146
117900097,541,80,461
117900098,47,17,30
117900099,133,167,-34
117900100,405,0,405
117900101,533,2131,-1598
117900102,138,37,101
117900103,82,5,77
117900104,12,87,-75
117900105,147,194,-47
117900106,97,29,68
117900107,80,2,78
117900109,761,466,295
117900110,186,4,182
117900111,493,47,446
117900112,76,8,68
117900113,2102,2040,62
117900114,49,0,49
117900115,171,75,96
117900116,875,718,157
117900117,721,320,401
117900118,118,0,118
117900119,301,150,151
117900120,268,40,228
117900121,327,138,189
117900122,1228,4787,-3559
117900123,761,311,450
117900124,749,690,59
117900125,2078,1904,174
117900126,214,516,-302
117900127,446,301,145
117900128,423,516,-93
117900129,131,1,130
117900130,994,497,497
117900131,9,125,-116
117900132,28,103,-75
117900133,16,96,-80
117900134,110,345,-235
117900135,28,175,-147
117900136,0,45,-45
117900137,51,271,-220
117900138,0,42,-42
117900139,205,130,75
117900140,2503,342,2161
117900141,106,170,-64
117900142,60,34,26
117900144,55,273,-218
117900145,51,36,15
117900146,123,197,-74
117900147,69,68,1
117900148,2489,1820,669
117900149,196,207,-11
117900150,48,51,-3
117900151,26,51,-25
117900152,71,54,17
117900153,14,112,-98
117900154,422,449,-27
117900156,992,626,366
117900157,72,537,-465
117900158,419,152,267
117900160,771,818,-47
117900161,2600,1800,800
117900162,504,351,153
117900163,31,157,-126
117900165,0,7,-7
117900166,160,499,-339
117900168,59,241,-182
117900169,2,119,-117
117900170,2,39,-37
117900171,1,14,-13
117900172,10,24,-14
117900173,206,91,115
117900174,37,62,-25
117900175,12,24,-12
117900176,13,25,-12
117900177,28,35,-7
117900178,124,47,77
117900180,261,64,197
117900181,67,469,-402
117900182,1,47,-46
117900183,67,190,-123
117900184,27,59,-32
117900185,60,60,0
117900186,67,22,45
117900187,19,19,0
117900188,253,54,199
117900189,84,46,38
117900190,21,3,18
117900191,91,2,89
117900192,253,2,251
117900193,11,71,-60
117900194,12,6,6
117900195,41,99,-58
117900196,32,45,-13
117900207,265,160,105
117900208,36,34,2
117900209,160,173,-13
117900210,145,222,-77
117900211,17,203,-186
117900212,180,135,45
117900213,31,5,26
117900214,3,30,-27
117900215,18,51,-33
117900216,18,23,-5
117900217,69,303,-234
117900218,61,138,-77
117900219,2,125,-123
117900220,113,117,-4
117900222,172,266,-94
117900223,100,283,-183
118000001,860,930,-70
118000002,671,1660,-989
118000003,1942,3285,-1343
118000004,1521,1753,-232
118000005,4022,6005,-1983
118000006,3685,8586,-4901
118000007,4683,4356,327
118000008,2885,3798,-913
118000009,1663,3255,-1592
118000010,6106,3604,2502
118000011,1701,1756,-55
118000012,1077,1589,-512
118000013,1993,1930,63
118000014,2119,1946,173
118000016,213,292,-79
118000017,556,352,204
118000018,395,357,38
118000019,1762,1535,227
118000020,1039,3600,-2561
118000021,652,3363,-2711
118000022,1458,831,627
118000023,741,247,494
118000024,1148,1515,-367
118000027,10424,13352,-2928
118000029,837,850,-13
118000032,734,3868,-3134
118000033,2612,6230,-3618
118000034,4084,2410,1674
118000035,2038,3211,-1173
118000036,931,1288,-357
118000037,765,832,-67
118000038,291,89,202
118000039,64,219,-155
118000040,1736,1170,566
118000041,2742,1231,1511
118000045,273,233,40
118000046,1192,828,364
118000047,745,1038,-293
118000048,1864,1948,-84
118000051,3734,2303,1431
118000052,2871,1561,1310
118000053,379,872,-493
118000054,1218,1505,-287
118000055,1472,1683,-211
118000056,299,484,-185
118000057,456,458,-2
118000058,2492,1846,646
118000059,1709,1129,580
118000060,1257,505,752
118000061,1385,1171,214
118000062,754,329,425
118000063,569,658,-89
118000064,868,1004,-136
118000065,2702,1637,1065
118000066,889,1600,-711
118000067,601,742,-141
118000068,1212,4332,-3120
118000069,1749,921,828
118000070,4098,1771,2327
118000071,2876,6398,-3522
118000072,1020,1386,-366
118000073,851,673,178
118000074,513,463,50
118000075,639,273,366
118000076,1213,2773,-1560
118000077,996,1145,-149
118000078,1790,2263,-473
118000079,316,523,-207
118000080,747,732,15
118000081,1590,1126,464
118000082,253,1082,-829
118000083,1530,1527,3
118000084,2425,1623,802
118000086,214,509,-295
118000087,3479,2410,1069
118000088,1674,1590,84
118000089,3600,2166,1434
118000090,1537,2687,-1150
118000091,969,2710,-1741
118000092,879,439,440
118000093,95,669,-574
118000096,461,508,-47
118000097,734,654,80
118000098,245,168,77
118000099,738,642,96
118000101,1382,381,1001
118000102,394,838,-444
118000107,1200,427,773
118000108,632,2574,-1942
118000110,0,27,-27
118000111,2,176,-174
118000112,565,3,562
118000113,3,293,-290
118000114,713,14,699
118000115,14,4,10
118000116,30,0,30
118000117,791,548,243
118000118,993,976,17
118000119,968,1104,-136
118000120,1531,1044,487
118000121,51,546,-495
118000122,1189,351,838
118000123,63,265,-202
118000125,1295,767,528
118000126,763,1622,-859
118000127,1581,563,1018
118000128,387,965,-578
118000129,968,449,519
118000130,1871,2473,-602
118000131,363,541,-178
118000132,2970,2291,679
118000133,935,366,569
118000135,591,473,118
118000136,122,384,-262
118000137,591,99,492
118000138,414,455,-41
118000139,435,82,353
118000140,2623,5076,-2453
118000141,2468,1668,800
118000142,2092,1245,847
118000143,2595,1314,1281
118000144,1199,620,579
118000145,1857,1328,529
118000146,1273,689,584
118000147,945,1083,-138
118000148,533,1011,-478
118000149,1094,806,288
118000150,588,288,300
118000151,658,460,198
118000153,1503,1136,367
118000154,1443,1302,141
118000155,1646,1396,250
118000156,1783,2650,-867
118000157,761,468,293
118000158,213,426,-213
118000159,42,113,-71
118000160,616,388,228
118000161,543,613,-70
118000162,1728,767,961
118000163,1120,815,305
118000164,1890,1290,600
118000168,754,887,-133
118000169,827,799,28
118000170,3154,3885,-731
118000171,362,697,-335
118000172,96,272,-176
118000173,943,1040,-97
118000175,326,463,-137
118000176,360,554,-194
118000177,291,684,-393
118000178,39,38,1
118000179,1197,1780,-583
118000180,954,766,188
118000181,819,322,497
118000182,314,301,13
118000183,209,294,-85
118000184,1219,647,572
118000185,1314,1473,-159
118000186,955,1240,-285
118000187,1554,490,1064
118000188,785,151,634
118000189,898,472,426
118000190,14,14,0
118000191,46,18,28
118000192,193,233,-40
118000193,105,365,-260
118000194,1250,849,401
118000195,458,1297,-839
118000196,255,233,22
118000197,67,166,-99
118000198,377,884,-507
118000199,373,425,-52
118000200,110,216,-106
118000201,361,477,-116
118000202,77,103,-26
118000203,415,658,-243
118000204,77,423,-346
118000205,151,266,-115
118000206,307,218,89
118000207,0,53,-53
118000208,1488,1461,27
118000209,2084,1155,929
118000210,96,46,50
118000211,30,45,-15
118000213,1672,2348,-676
118000214,442,648,-206
118000215,333,95,238
118000216,2304,2047,257
118000217,26,81,-55
118000218,100,76,24
118000219,358,290,68
118000220,1,32,-31
118000221,341,404,-63
118000222,71,3,68
118000223,41,45,-4
118000224,140,77,63
118000225,111,457,-346
118000226,989,182,807
118000227,740,461,279
118000228,120,258,-138
118000229,162,84,78
118000230,130,157,-27
118000231,115,193,-78
118000232,699,523,176
118000233,1292,685,607
118000234,507,204,303
118000236,455,293,162
118000237,61,302,-241
118000238,340,132,208
118000239,376,289,87
118000240,326,197,129
118000241,230,194,36
118000242,527,370,157
118000243,315,190,125
118000244,102,117,-15
118000246,1,26,-25
118000255,72,265,-193
118000256,150,154,-4
118000259,4,70,-66
118000260,204,57,147
118000261,48,34,14
118000263,153,187,-34
118000266,148,232,-84
118000267,0,116,-116
118000268,237,13,224
118000270,111,23,88
118000271,164,221,-57
118000272,84,42,42
118000273,199,65,134
118000274,71,200,-129
118000276,564,345,219
118000295,15,137,-122
118000298,189,287,-98
118000299,56,140,-84
118000301,0,39,-39
118000302,152,46,106
118000311,744,97,647
118000312,312,186,126
118000313,71,103,-32
118000314,124,57,67
118000315,71,34,37
118000316,833,391,442
118000325,73,43,30
118000326,66,42,24
118000331,42,52,-10
118000332,24,51,-27
118000333,42,58,-16
118000335,405,3,402
118000336,1,185,-184
118000407,240,71,169
118000457,6,24,-18
118000465,2044,3983,-1939
118000480,41,83,-42
118000489,18,476,-458
118000490,25,191,-166
118000492,348,179,169
118000510,55,21,34
118000514,132,212,-80
118000515,722,716,6
118000517,373,155,218
118000524,284,370,-86
118000525,678,631,47
118000530,23,148,-125
118000531,351,230,121
118000532,296,220,76
118000533,377,138,239
118000534,513,393,120
118000535,367,156,211
118000536,438,1692,-1254
118000537,23,180,-157
118000538,29,73,-44
118000539,46,131,-85
118000540,342,156,186
118000541,217,91,126
118000542,128,281,-153
118000543,260,194,66
118000546,68,22,46
118000560,1786,2500,-714
118000562,21,74,-53
118000563,1271,1049,222
118000576,179,78,101
118000577,162,126,36
118000578,119,68,51
118000579,477,1209,-732
118000595,241,100,141
118000596,0,67,-67
118000597,135,69,66
118000598,28,0,28
118000599,62,44,18
118000600,1,36,-35
118000601,14,0,14
118000602,0,32,-32
118000603,0,19,-19
118900001,552,1296,-744
118900002,739,940,-201
118900003,561,8,553
118900004,53,49,4
118900005,90,3,87
118900006,166,7,159
118900007,14,2,12
118900008,1457,69,1388
118900009,87,89,-2
118900010,61,7,54
118900011,223,32,191
118900012,479,196,283
118900013,522,236,286
118900015,304,74,230
118900016,9,7,2
118900017,232,275,-43
118900018,902,39,863
118900019,45,28,17
118900020,251,152,99
118900021,172,385,-213
118900022,130,112,18
118900023,208,87,121
118900024,131,138,-7
118900025,56,22,34
118900026,99,81,18
118900027,455,205,250
118900028,208,137,71
118900029,311,434,-123
118900030,480,63,417
118900031,228,87,141
118900032,134,93,41
118900033,376,356,20
118900034,209,33,176
118900035,160,162,-2
118900036,1489,691,798
118900037,465,281,184
118900038,405,148,257
118900039,695,212,483
118900040,197,200,-3
118900041,734,160,574
118900042,241,126,115
118900045,366,139,227
118900046,878,450,428
118900047,388,256,132
118900048,161,246,-85
118900049,44,37,7
118900050,52,72,-20
118900051,91,84,7
118900052,300,213,87
118900053,36,89,-53
118900054,115,44,71
118900055,129,83,46
118900056,26,361,-335
118900057,819,468,351
118900058,460,294,166
118900059,13,82,-69
118900060,109,123,-14
118900062,324,180,144
118900064,435,630,-195
118900065,61,143,-82
118900066,82,75,7
118900067,3347,4122,-775
118900068,11,175,-164
118900069,526,223,303
118900071,9,67,-58
118900072,455,374,81
118900073,200,93,107
118900074,129,112,17
118900075,85,71,14
118900076,249,89,160
118900077,301,189,112
118900078,27,7,20
118900079,48,148,-100
118900080,44,114,-70
118900081,59,38,21
118900082,1023,166,857
118900083,33,12,21
118900084,25,11,14
118900085,650,599,51
118900086,28,94,-66
118900087,63,308,-245
118900088,1,7,-6
118900089,29,19,10
118900090,506,291,215
118900091,273,231,42
118900092,261,77,184
118900093,79,29,50
118900096,44,25,19
118900097,274,460,-186
118900099,173,240,-67
118900100,136,189,-53
118900101,158,313,-155
118900102,69,130,-61
118900103,86,117,-31
118900104,263,119,144
118900105,220,115,105
118900107,142,54,88
118900108,115,139,-24
118900110,1125,792,333
118900111,428,379,49
118900112,105,131,-26
118900113,108,378,-270
118900114,47,75,-28
118900115,139,376,-237
118900116,100,237,-137
118900117,114,186,-72
118900118,316,253,63
118900119,146,192,-46
118900120,116,280,-164
118900121,31,86,-55
118900122,16,1204,-1188
118900123,136,187,-51
118900124,93,153,-60
118900126,31,401,-370
118900129,315,215,100
118900130,57,217,-160
118900131,174,222,-48
118900132,367,189,178
118900133,18,91,-73
118900135,259,178,81
118900136,190,384,-194
118900137,5,49,-44
118900139,215,204,11
118900140,409,404,5
118900141,60,131,-71
118900144,164,338,-174
118900145,15,136,-121
118900146,350,528,-178
118900147,214,135,79
118900148,63,55,8
118900150,185,656,-471
118900152,588,629,-41
118900157,66,166,-100
118900158,68,43,25
118900159,3,133,-130
118900161,62,11,51
118900163,79,96,-17
118900164,2,104,-102
118900165,70,116,-46
118900166,58,3,55
118900167,120,118,2
118900168,20,222,-202
118900169,163,192,-29
118900170,251,109,142
118900171,51,68,-17
118900174,57,58,-1
118900175,462,504,-42
118900176,179,226,-47
118900177,83,52,31
118900178,66,167,-101
118900179,10,18,-8
118900181,93,123,-30
118900182,161,54,107
118900183,40,156,-116
118900184,315,120,195
118900185,130,75,55
118900186,125,97,28
118900187,279,285,-6
118900188,318,244,74
118900189,49,921,-872
118900190,32,258,-226
118900191,246,49,197
118900192,296,14,282
118900193,650,4,646
118900195,270,484,-214
118900196,34,121,-87
118900197,159,39,120
118900198,49,12,37
118900199,86,33,53
118900200,47,16,31
118900201,46,41,5
118900202,13,55,-42
118900203,25,23,2
118900204,27,15,12
118900205,2,12,-10
118900206,5,11,-6
119000001,1345,1667,-322
119000002,4674,2815,1859
119000003,3095,881,2214
119000004,2660,1357,1303
119000005,1737,1939,-202
119000006,3003,1480,1523
119000007,3705,3369,336
119000008,1741,1626,115
119000009,3886,5476,-1590
119000010,5568,4526,1042
119000011,3466,3290,176
119000012,2448,3576,-1128
119000013,2942,1855,1087
119000014,1745,2456,-711
119000019,372,177,195
119000020,2539,1786,753
119000021,5124,2559,2565
119000022,2200,3451,-1251
119000023,278,230,48
119000024,2165,13180,-11015
119000025,4925,1283,3642
119000026,128,510,-382
119000027,230,387,-157
119000028,1501,668,833
119000029,142,346,-204
119000030,557,897,-340
119000031,880,581,299
119000032,2905,2455,450
119000033,2211,1291,920
119000034,1082,801,281
119000035,42,249,-207
119000036,2045,689,1356
119000037,1344,1208,136
119000038,159,511,-352
119000039,332,324,8
119000040,856,801,55
119000041,817,1356,-539
119000048,2437,2153,284
119000049,2018,1489,529
119000050,1469,1570,-101
119000051,2061,903,1158
119000052,1718,2600,-882
119000053,1909,995,914
119000054,3276,2084,1192
119000055,5232,2892,2340
119000056,3147,1745,1402
119000057,1568,1401,167
119000058,1912,1356,556
119000059,1252,1273,-21
119000060,1778,1122,656
119000061,1251,653,598
119000062,1264,1164,100
119000063,742,419,323
119000064,945,1118,-173
119000065,1814,3436,-1622
119000066,2733,1110,1623
119000067,1925,1720,205
119000068,1816,901,915
119000069,1690,2025,-335
119000070,3089,811,2278
119000071,673,713,-40
119000072,4898,3137,1761
119000073,5110,7729,-2619
119000074,1506,1748,-242
119000075,2722,1978,744
119000076,470,1435,-965
119000077,849,802,47
119000078,487,365,122
119000079,166,980,-814
119000080,434,231,203
119000081,490,992,-502
119000082,1294,290,1004
119000083,658,438,220
119000084,361,708,-347
119000085,1130,215,915
119000086,404,516,-112
119000087,1449,707,742
119000088,482,234,248
119000089,112,180,-68
119000090,171,151,20
119000091,106,416,-310
119000092,593,197,396
119000093,3255,2036,1219
119000094,3592,4603,-1011
119000095,2192,2398,-206
119000097,1779,1087,692
119000098,1012,3388,-2376
119000099,2320,1213,1107
119000100,4515,3044,1471
119000101,4877,2085,2792
119000102,776,1153,-377
119000103,1504,660,844
119000104,2143,1046,1097
119000105,1231,2273,-1042
119000106,352,1035,-683
119000107,1248,501,747
119000108,432,801,-369
119000109,131,1099,-968
119000110,573,1068,-495
119000111,64,975,-911
119000112,216,210,6
119000113,2788,396,2392
119000114,1126,1177,-51
119000115,159,131,28
119000116,99,124,-25
119000117,222,393,-171
119000118,6,0,6
119000123,3961,1895,2066
119000124,966,211,755
119000125,4128,518,3610
119000126,786,459,327
119000127,613,348,265
119000128,38,1,37
119000131,1063,447,616
119000132,4,0,4
119000133,8,11,-3
119000134,1616,556,1060
119000135,162,208,-46
119000136,251,185,66
119000137,344,229,115
119000138,603,284,319
119000139,366,153,213
119000140,306,361,-55
119000284,1088,2381,-1293
119000285,1930,1659,271
119000286,6006,4396,1610
119000287,1235,1624,-389
119000288,1964,989,975
119000289,1406,2033,-627
119000290,217,332,-115
119000291,7,174,-167
119000293,196,184,12
119000294,52,20,32
119000295,1243,303,940
119000296,325,177,148
119000302,1526,1277,249
119000303,52,137,-85
119000314,1426,10686,-9260
119000315,12,191,-179
119000316,147,85,62
119000317,130,196,-66
119900001,243,1208,-965
119900002,149,223,-74
119900003,61,683,-622
119900004,306,1446,-1140
119900005,224,112,112
119900006,255,369,-114
119900007,1346,337,1009
119900008,98,45,53
119900009,697,630,67
119900010,1741,2039,-298
119900011,30,124,-94
119900012,28,129,-101
119900013,2443,1553,890
119900014,578,313,265
119900015,150,38,112
119900016,57,81,-24
119900017,48,37,11
119900018,1799,1018,781
119900019,73,13,60
119900020,210,194,16
119900021,243,142,101
119900022,109,940,-831
119900023,495,1641,-1146
119900025,270,30,240
119900026,758,144,614
119900027,57,17,40
119900028,211,139,72
119900029,10,7,3
119900030,798,426,372
119900031,51,460,-409
119900033,2154,312,1842
119900034,466,95,371
119900037,203,35,168
119900038,57,389,-332
119900039,60,8,52
119900040,129,12,117
119900041,178,32,146
119900042,327,194,133
119900043,64,119,-55
119900044,238,911,-673
119900046,183,51,132
119900047,391,114,277
119900048,28,20,8
119900049,119,7,112
119900050,194,132,62
119900051,734,12,722
119900052,58,42,16
119900053,248,142,106
119900054,191,12,179
119900055,1480,425,1055
119900057,262,96,166
119900058,344,6,338
119900059,130,52,78
119900060,318,31,287
119900062,150,27,123
119900063,11,69,-58
119900064,719,90,629
119900065,287,12,275
119900066,0,0,0
119900067,125,26,99
119900068,616,7,609
119900069,128,32,96
119900070,1081,10,1071
119900071,873,43,830
119900073,1613,546,1067
119900074,50,40,10
119900075,3489,2396,1093
119900076,855,287,568
119900077,960,721,239
119900078,643,888,-245
119900079,387,187,200
119900080,1473,970,503
119900081,299,27,272
119900082,2018,374,1644
119900083,473,133,340
119900084,770,379,391
119900085,44,49,-5
119900087,614,424,190
119900088,42,44,-2
119900089,69,381,-312
119900090,135,70,65
119900091,37,689,-652
119900092,51,398,-347
119900093,1367,236,1131
119900094,31,206,-175
119900095,219,83,136
119900096,47,133,-86
119900097,561,239,322
119900098,53,46,7
119900099,21,232,-211
119900100,1611,2823,-1212
119900101,125,1989,-1864
119900102,58,246,-188
119900103,57,293,-236
119900104,54,190,-136
119900105,1400,6408,-5008
119900106,12,138,-126
119900107,322,1819,-1497
119900108,5698,723,4975
119900109,37,149,-112
119900110,1060,447,613
119900111,151,235,-84
119900112,1016,498,518
119900113,58,198,-140
119900114,312,962,-650
119900115,471,721,-250
119900116,158,482,-324
119900117,384,515,-131
119900118,163,611,-448
119900119,243,129,114
119900120,965,599,366
119900121,431,665,-234
119900122,460,308,152
119900123,257,213,44
119900124,251,591,-340
119900125,47,273,-226
119900126,4346,329,4017
119900127,1752,920,832
119900128,443,446,-3
119900129,212,402,-190
119900130,16,205,-189
119900131,45,210,-165
119900132,1,178,-177
119900133,74,98,-24
119900134,1221,248,973
119900135,0,278,-278
119900136,202,311,-109
119900138,331,486,-155
119900139,41,108,-67
119900140,5,157,-152
119900141,75,768,-693
119900142,18,46,-28
119900143,19,209,-190
119900144,1236,241,995
119900145,91,141,-50
119900146,226,202,24
119900147,5,172,-167
119900148,303,85,218
119900149,806,5266,-4460
119900150,162,142,20
119900151,1918,802,1116
119900152,182,199,-17
119900153,217,59,158
119900154,6,158,-152
119900155,54,32,22
119900156,24,8,16
119900157,203,186,17
119900158,266,94,172
119900159,2,839,-837
119900160,34,129,-95
119900161,162,157,5
119900162,1226,1370,-144
119900163,84,138,-54
119900164,1,4,-3
119900165,175,138,37
119900166,151,108,43
119900167,93,83,10
119900168,1054,536,518
119900169,73,298,-225
119900170,238,313,-75
119900171,901,393,508
119900172,190,45,145
119900173,19,298,-279
119900174,8,208,-200
119900175,1639,623,1016
119900177,15,178,-163
119900178,8,115,-107
119900179,146,678,-532
119900180,1142,1007,135
119900181,76,134,-58
119900182,2,273,-271
119900183,158,491,-333
119900184,1583,487,1096
119900185,79,239,-160
119900186,78,1137,-1059
119900187,6,354,-348
119900188,127,321,-194
119900189,516,504,12
119900190,113,367,-254
119900191,225,210,15
119900192,104,139,-35
119900193,563,173,390
119900194,46,102,-56
119900195,54,164,-110
119900196,1048,426,622
119900197,304,210,94
119900198,181,263,-82
119900199,163,19,144
119900200,738,667,71
119900201,397,201,196
119900202,109,315,-206
119900203,212,666,-454
119900204,346,233,113
119900205,853,447,406
119900206,223,123,100
119900208,282,165,117
119900209,589,1466,-877
119900210,69,28,41
119900211,74,11,63
119900212,232,233,-1
119900213,10,85,-75
119900214,45,67,-22
119900215,59,52,7
119900216,14,41,-27
119900217,17,34,-17
119900218,10,44,-34
119900219,8,73,-65
119900220,13,88,-75
119900221,42,154,-112
119900222,8,148,-140
119900223,27,66,-39
119900224,10,17,-7
119900225,724,51,673
119900226,483,2200,-1717
119900227,972,371,601
119900228,73,270,-197
119900229,405,403,2
119900230,1113,476,637
119900231,375,151,224
119900232,307,149,158
119900233,88,5,83
119900234,38,83,-45
119900235,19,83,-64
119900236,20,149,-129
119900237,72,377,-305
119900238,17,83,-66
119900240,101,120,-19
119900241,175,223,-48
119900242,1256,1737,-481
119900244,686,1421,-735
119900245,109,178,-69
119900246,380,753,-373
119900247,35,117,-82
119900248,116,270,-154
119900249,354,157,197
119900253,1860,378,1482
119900254,108,803,-695
119900255,153,811,-658
119900256,817,686,131
119900257,107,2,105
119900258,255,21,234
119900259,9,107,-98
119900260,197,9,188
119900261,438,206,232
119900262,1,141,-140
119900263,1015,353,662
119900264,151,153,-2
119900265,1023,368,655
119900266,451,252,199
119900267,252,345,-93
119900268,226,110,116
119900269,1716,1138,578
119900271,42,107,-65
119900272,414,268,146
119900275,164,27,137
119900276,63,2,61
119900277,11,8,3
119900278,264,121,143
119900279,191,368,-177
119900280,557,130,427
119900281,2,300,-298
119900282,87,130,-43
119900283,25,134,-109
119900284,54,216,-162
119900285,33,96,-63
119900286,14,22,-8
119900288,2,23,-21
119900289,0,16,-16
119900290,0,21,-21
119900291,0,96,-96
119900292,41,39,2
119900293,28,4,24
119900294,20,0,20
119900295,5,0,5
119900296,13,1,12
119900299,54,120,-66
119900300,349,204,145
119900301,87,245,-158
119900302,175,104,71
119900303,409,154,255
119900304,239,50,189
119900305,14,112,-98
119900306,21,6,15
119900307,121,96,25
119900308,15,31,-16
119900309,73,112,-39
119900310,270,192,78
119900311,148,84,64
119900312,108,73,35
119900313,273,273,0
119900314,224,450,-226
119900315,1698,1373,325
119900318,23,61,-38
119900319,64,263,-199
119900320,359,428,-69
119900321,114,17,97
119900322,36,80,-44
119900323,0,94,-94
119900324,0,39,-39
119900325,132,216,-84
119900326,35,79,-44
120000001,5531,16230,-10699
120000002,2545,2176,369
120000003,2755,1436,1319
120000004,2492,1505,987
120000005,3124,1827,1297
120000006,1187,1017,170
120000007,3018,3007,11
120000008,850,1118,-268
120000009,2076,1023,1053
120000010,1922,2102,-180
120000011,1090,1219,-129
120000012,1663,2009,-346
120000013,3299,2614,685
120000014,802,1380,-578
120000015,2608,1496,1112
120000016,4016,2121,1895
120000017,3530,2697,833
120000018,3350,12946,-9596
120000019,1207,1483,-276
120000020,3168,3397,-229
120000021,1952,2030,-78
120000022,2782,3958,-1176
120000023,1014,1688,-674
120000024,1533,2360,-827
120000025,2568,1678,890
120000026,2347,1640,707
120000027,2415,2128,287
120000028,1030,1904,-874
120000029,3241,1926,1315
120000030,615,1185,-570
120000031,2223,7079,-4856
120000032,6810,3613,3197
120000033,5314,1585,3729
120000034,2437,1461,976
120000035,2327,1781,546
120000036,3254,4854,-1600
120000037,714,1540,-826
120000038,5324,3816,1508
120000039,873,1000,-127
120000040,218,635,-417
120000041,1281,1303,-22
120000042,2154,2070,84
120000043,5286,1388,3898
120000044,5718,1630,4088
120000045,6772,924,5848
120000046,4200,2993,1207
120000047,861,6980,-6119
120000048,6511,4077,2434
120000049,3442,2599,843
120000050,4095,3523,572
120000051,2981,4096,-1115
120000052,6872,2285,4587
120000053,1477,1787,-310
120000054,1399,2908,-1509
120000055,1951,3810,-1859
120000056,5305,3783,1522
120000057,4227,1208,3019
120000058,3030,1494,1536
120000059,14,1692,-1678
120000061,104,551,-447
120000062,228,376,-148
120000063,1346,2101,-755
120000064,277,879,-602
120000065,590,1189,-599
120000066,333,469,-136
120000067,104,397,-293
120000068,236,605,-369
120000069,619,781,-162
120000070,120,539,-419
120000071,602,95,507
120000072,952,372,580
120000073,1051,94,957
120000074,457,90,367
120000075,1300,269,1031
120000076,2657,411,2246
120000077,2316,747,1569
120000078,3917,1306,2611
120000079,297,135,162
120000080,196,183,13
120000081,416,150,266
120000082,318,239,79
120000083,81,655,-574
120000084,443,354,89
120000085,312,331,-19
120000086,307,412,-105
120000087,219,496,-277
120000088,877,1090,-213
120000089,1212,581,631
120000090,733,477,256
120000091,976,907,69
120000092,1463,604,859
120000093,677,455,222
120000094,221,704,-483
120000095,1114,341,773
120000096,338,652,-314
120000098,950,745,205
120000099,393,714,-321
120000100,973,704,269
120000101,738,413,325
120000102,690,1008,-318
120000103,1676,859,817
120000104,2264,516,1748
120000105,3570,737,2833
120000106,2880,679,2201
120000107,5247,655,4592
120000108,1694,142,1552
120000109,1380,83,1297
120000110,94,899,-805
120000111,167,852,-685
120000112,807,2064,-1257
120000113,578,1544,-966
120000114,937,1790,-853
120000115,319,1613,-1294
120000116,684,1569,-885
120000117,895,1171,-276
120000118,63,41,22
120000119,26,74,-48
120000120,123,98,25
120000121,29,82,-53
120000122,261,548,-287
120000123,3308,7158,-3850
120000124,454,356,98
120000125,594,607,-13
120000126,377,913,-536
120000127,2189,1121,1068
120000128,2931,4664,-1733
120000129,362,228,134
120000130,845,504,341
120000131,376,704,-328
120000134,370,778,-408
120000135,741,629,112
120000137,281,807,-526
120000138,1310,437,873
120000139,334,429,-95
120000140,1044,409,635
120000141,643,373,270
120000142,1050,595,455
120000143,0,91,-91
120000144,185,5,180
120000145,402,0,402
120000146,948,810,138
120000149,770,989,-219
120000150,2743,12057,-9314
120000151,481,380,101
120000152,728,146,582
120000153,427,539,-112
120000154,528,488,40
120000155,159,293,-134
120000156,632,1296,-664
120000157,1084,581,503
120000158,920,726,194
120000159,2105,1918,187
120000160,2547,1629,918
120000161,2621,2138,483
120000162,102,249,-147
120000163,832,1094,-262
120000164,669,382,287
120000165,639,618,21
120000166,1549,515,1034
120000167,239,312,-73
120000168,31,1123,-1092
120000169,72,2654,-2582
120000170,69,1915,-1846
120000171,39,667,-628
120000172,30,321,-291
120000173,2019,1780,239
120000174,504,59,445
120000175,223,27,196
120000176,259,74,185
120000177,1524,176,1348
120000178,165,28,137
120000179,274,62,212
120000180,963,165,798
120000181,406,2574,-2168
120000182,124,1074,-950
120000183,47,871,-824
120000184,245,2237,-1992
120000186,57,746,-689
120000187,33,333,-300
120000188,75,701,-626
120000190,667,87,580
120000191,964,158,806
120000192,762,63,699
120000193,316,15,301
120000195,59,15,44
120000196,544,60,484
120000197,127,106,21
120000198,300,68,232
120000199,132,4,128
120000200,138,1,137
120000201,17,31,-14
120000202,3,51,-48
120000203,70,184,-114
120000207,2,42,-40
120000208,10,226,-216
120000209,6,64,-58
120000210,59,76,-17
120000211,247,6,241
120000212,263,0,263
120000213,249,250,-1
120000214,1,202,-201
120000215,8,150,-142
120000216,122,37,85
120000217,608,1133,-525
120000218,114,599,-485
120000219,12,361,-349
120000220,1,1102,-1101
120000225,2154,9,2145
120000226,552,7,545
120000227,1086,93,993
120000228,12762,3786,8976
120000230,511,41,470
120000231,1544,1875,-331
120000233,485,9,476
120000235,275,505,-230
120000236,1421,2,1419
120000237,1,968,-967
120000238,7,1140,-1133
120000241,1290,3880,-2590
120000412,568,11,557
120000413,303,160,143
120000414,179,6,173
120000415,3,72,-69
120000416,128,5,123
120000417,16,49,-33
120000418,220,27,193
120000419,10,157,-147
120000420,42,23,19
120000421,7799,4940,2859
120000422,97,1655,-1558
120000423,2,85,-83
120000424,153,108,45
120000436,110,723,-613
120000437,132,117,15
120000438,1989,278,1711
120000439,254,603,-349
120000443,239,3,236
120000444,1646,346,1300
120000445,1840,958,882
120000446,660,227,433
120000447,281,2,279
120000449,140,13,127
120000450,6,116,-110
120000451,148,328,-180
120000452,438,1,437
120000453,1,278,-277
120000454,64,66,-2
120000455,81,47,34
120000456,2764,3901,-1137
120000457,1073,406,667
120000458,714,595,119
120000459,125,65,60
120000665,1279,295,984
120000668,132,1723,-1591
120000669,143,172,-29
120000670,246,1223,-977
120000671,1588,500,1088
120000672,92,497,-405
120900001,103,125,-22
120900002,356,750,-394
120900003,232,37,195
120900004,38,108,-70
120900005,151,705,-554
120900006,533,273,260
120900007,194,99,95
120900008,437,1050,-613
120900009,820,63,757
120900010,600,160,440
120900011,200,173,27
120900012,211,1558,-1347
120900013,457,118,339
120900014,6,509,-503
120900015,944,85,859
120900016,1129,71,1058
120900017,2096,95,2001
120900018,170,388,-218
120900019,745,423,322
120900020,819,1656,-837
120900021,927,225,702
120900022,25,231,-206
120900023,378,53,325
120900024,1929,495,1434
120900025,1367,893,474
120900026,168,257,-89
120900027,1177,41,1136
120900028,496,133,363
120900029,125,543,-418
120900030,1633,922,711
120900031,322,124,198
120900032,1390,124,1266
120900033,1374,131,1243
120900034,22,2476,-2454
120900035,58,153,-95
120900037,314,10,304
120900038,86,409,-323
120900039,158,79,79
120900040,393,8,385
120900041,129,28,101
120900042,646,34,612
120900043,146,52,94
120900044,11,336,-325
120900045,187,131,56
120900046,610,4,606
120900047,174,180,-6
120900048,161,45,116
120900049,635,1,634
120900050,1538,1916,-378
120900051,374,86,288
120900052,697,2,695
120900053,399,59,340
120900054,1859,547,1312
120900055,536,3,533
120900056,637,25,612
120900057,217,21,196
120900058,625,0,625
120900059,154,3,151
120900060,142,35,107
120900061,244,203,41
120900062,326,1,325
120900063,759,5,754
120900064,771,6,765
120900065,600,1,599
120900066,532,254,278
120900067,237,57,180
120900068,373,0,373
120900069,326,52,274
120900071,131,7,124
120900072,910,5,905
120900073,754,138,616
120900074,698,15,683
120900076,637,2,635
120900077,2348,313,2035
120900078,867,460,407
120900079,869,89,780
120900080,1048,1197,-149
120900081,1252,479,773
120900082,440,383,57
120900083,137,5,132
120900084,440,523,-83
120900085,70,115,-45
120900086,81,348,-267
120900087,547,418,129
120900088,278,563,-285
120900089,2312,3431,-1119
120900090,328,107,221
120900091,833,973,-140
120900092,1152,391,761
120900093,1639,180,1459
120900094,484,196,288
120900095,473,26,447
120900096,66,201,-135
120900097,659,573,86
120900098,228,132,96
120900099,68,74,-6
120900100,94,187,-93
120900101,521,183,338
120900102,74,107,-33
120900103,62,216,-154
120900104,19,57,-38
120900105,51,323,-272
120900106,970,430,540
120900107,263,149,114
120900108,9,365,-356
120900109,44,444,-400
120900110,23,709,-686
120900111,251,279,-28
120900112,18,669,-651
120900113,12,664,-652
120900114,37,113,-76
120900115,189,286,-97
120900116,504,319,185
120900117,3,364,-361
120900118,25,519,-494
120900119,8748,5045,3703
120900120,81,369,-288
120900121,110,416,-306
120900122,670,355,315
120900123,2,277,-275
120900124,2,389,-387
120900125,3,485,-482
120900126,1505,737,768
120900127,86,316,-230
120900128,1168,1196,-28
120900129,56,202,-146
120900130,6,416,-410
120900131,145,97,48
120900132,1365,210,1155
120900133,180,611,-431
120900134,707,375,332
120900135,5,402,-397
120900136,56,267,-211
120900137,330,122,208
120900138,26,183,-157
120900139,4,489,-485
120900140,17,118,-101
120900141,239,217,22
120900142,18,316,-298
120900143,4,644,-640
120900144,2,146,-144
120900145,207,690,-483
120900146,0,719,-719
120900147,4,464,-460
120900148,169,195,-26
120900149,2,227,-225
120900150,48,426,-378
120900151,2,433,-431
120900152,12,26,-14
120900153,99,165,-66
120900154,1,161,-160
120900155,210,777,-567
120900156,73,283,-210
120900157,115,331,-216
120900158,89,537,-448
120900159,408,589,-181
120900160,29,591,-562
120900161,95,503,-408
120900162,115,930,-815
120900163,172,2090,-1918
120900164,3,54,-51
120900165,15,148,-133
120900166,231,578,-347
120900167,407,169,238
120900169,92,292,-200
120900170,786,3279,-2493
120900171,824,294,530
120900172,899,2442,-1543
120900173,0,43,-43
120900174,24,115,-91
120900175,315,150,165
120900176,23,467,-444
120900177,1,1442,-1441
120900178,2,604,-602
120900179,785,418,367
120900180,72,182,-110
120900181,268,63,205
120900182,45,375,-330
120900183,769,68,701
120900184,419,83,336
120900185,26,691,-665
120900186,1,266,-265
120900187,628,1014,-386
120900188,288,13,275
120900189,92,1759,-1667
120900190,139,15,124
120900191,34,13,21
120900192,6971,9230,-2259
120900194,73,118,-45
120900195,127,338,-211
120900196,950,67,883
120900197,937,178,759
120900198,314,470,-156
120900199,523,476,47
120900200,86,125,-39
120900201,424,186,238
120900202,6,114,-108
120900203,46,69,-23
120900204,161,245,-84
120900205,53,33,20
120900206,26,38,-12
120900207,104,1046,-942
121000001,791,960,-169
121000002,2316,1305,1011
121000003,3049,1835,1214
121000004,2282,3507,-1225
121000005,1575,2549,-974
121000006,2867,1838,1029
121000007,2434,2890,-456
121000008,5013,3900,1113
121000009,4900,5342,-442
121000010,7117,5747,1370
121000011,7470,10734,-3264
121000012,13984,9457,4527
121000013,4464,5984,-1520
121000014,5711,4796,915
121000015,3534,6219,-2685
121000016,3692,2962,730
121000017,2211,3670,-1459
121000018,2683,1663,1020
121000019,13579,11799,1780
121000020,12708,17820,-5112
121000021,2532,2292,240
121000022,2749,3085,-336
121000023,2897,2155,742
121000024,4542,4573,-31
121000025,601,1345,-744
121000026,453,159,294
121000027,1414,1218,196
121000028,956,440,516
121000029,1067,609,458
121000030,715,459,256
121000031,627,602,25
121000032,214,112,102
121000034,349,255,94
121000035,146,167,-21
121000036,874,797,77
121000037,491,522,-31
121000038,383,921,-538
121000039,222,386,-164
121000041,520,462,58
121000042,235,356,-121
121000043,549,561,-12
121000044,1278,901,377
121000045,447,313,134
121000046,744,912,-168
121000047,40,105,-65
121000049,1088,548,540
121000050,348,1147,-799
121000051,550,296,254
121000052,376,624,-248
121000053,322,141,181
121000054,65,349,-284
121000055,1100,1144,-44
121000056,734,991,-257
121000057,234,504,-270
121000058,351,179,172
121000059,2224,1163,1061
121000060,561,944,-383
121000061,98,416,-318
121000062,191,330,-139
121000063,793,747,46
121000064,823,817,6
121000065,272,348,-76
121000066,614,566,48
121000067,399,562,-163
121000068,641,430,211
121000069,458,912,-454
121000070,1897,1031,866
121000071,1598,1279,319
121000072,1169,665,504
121000073,1108,951,157
121000074,116,139,-23
121000075,70,281,-211
121000076,605,448,157
121000077,135,192,-57
121000078,79,140,-61
121000080,1898,595,1303
121000081,3974,3197,777
121000082,92,268,-176
121000083,153,109,44
121000084,177,131,46
121000085,307,423,-116
121000086,345,657,-312
121000087,73,289,-216
121000088,519,497,22
121000089,320,416,-96
121000090,434,396,38
121000091,1170,890,280
121000092,201,59,142
121000093,246,210,36
121000094,554,865,-311
121000095,342,646,-304
121000096,2304,2243,61
121000097,733,2167,-1434
121000098,583,879,-296
121000099,754,618,136
121000100,1014,367,647
121000101,427,260,167
121000102,340,221,119
121000103,235,286,-51
121000104,308,147,161
121000105,569,212,357
121000106,350,394,-44
121000107,2034,2826,-792
121000109,1157,916,241
121000110,340,531,-191
121000114,2580,1854,726
121000115,1170,555,615
121000116,245,795,-550
121000117,553,203,350
121000118,1564,226,1338
121000119,367,432,-65
121000120,284,418,-134
121000121,651,1202,-551
121000123,1365,792,573
121000126,87,302,-215
121000127,187,98,89
121000128,1029,323,706
121000129,1289,524,765
121000130,718,698,20
121000131,2080,2051,29
121000132,1477,2355,-878
121000135,414,1099,-685
121000136,1372,1185,187
121000137,464,404,60
121000138,1036,1330,-294
121000139,546,493,53
121000141,235,141,94
121000142,707,706,1
121000143,147,36,111
121000144,837,1897,-1060
121000145,460,767,-307
121000146,1453,1003,450
121000147,1079,430,649
121000148,899,840,59
121000149,2155,1189,966
121000152,366,386,-20
121000153,1645,566,1079
121000154,1099,533,566
121000155,1430,864,566
121000156,433,849,-416
121000157,836,1565,-729
121000158,395,440,-45
121000159,189,332,-143
121000160,242,293,-51
121000161,206,297,-91
121000162,119,131,-12
121000165,1395,2080,-685
121000166,18,415,-397
121000168,511,282,229
121000169,79,102,-23
121000170,394,96,298
121000171,75,151,-76
121000172,762,510,252
121000173,1388,1268,120
121000174,458,482,-24
121000175,1057,342,715
121000176,324,243,81
121000177,889,583,306
121000178,143,48,95
121000179,138,53,85
121000181,493,340,153
121000182,185,207,-22
121000183,101,122,-21
121000184,124,153,-29
121000185,54,277,-223
121000186,253,653,-400
121000187,201,136,65
121000188,183,133,50
121000192,963,427,536
121000193,608,446,162
121000194,1823,1803,20
121000195,242,684,-442
121000196,548,221,327
121000197,200,684,-484
121000198,201,135,66
121000199,147,312,-165
121000200,632,76,556
121000201,14,154,-140
121000202,1015,123,892
121000203,920,1509,-589
121000204,3041,612,2429
121000205,147,274,-127
121000206,191,62,129
121000207,2176,387,1789
121000208,4,242,-238
121000209,472,204,268
121000210,734,267,467
121000211,409,101,308
121000212,592,476,116
121000213,9770,2734,7036
121000214,787,1996,-1209
121000215,974,991,-17
121000216,592,597,-5
121000217,3975,2451,1524
121000218,466,1378,-912
121000219,1285,511,774
121000220,148,116,32
121000221,136,277,-141
121000222,2259,2691,-432
121000223,289,373,-84
121000224,270,282,-12
121000225,942,2650,-1708
121000226,2053,1274,779
121000227,10,109,-99
121000228,29,462,-433
121000229,331,310,21
121000230,71,1192,-1121
121000231,1136,45,1091
121000232,367,280,87
121000233,570,290,280
121000234,15,48,-33
121000235,66,95,-29
121000236,8,57,-49
121000237,51,23,28
121000238,11,84,-73
121000239,74,5,69
121000240,5,163,-158
121000241,98,24,74
121000242,83,471,-388
121000243,429,100,329
121000244,38,132,-94
121000245,78,24,54
121000246,10,105,-95
121000247,108,7,101
121000248,632,771,-139
121000249,100,307,-207
121000250,687,232,455
121000251,25,321,-296
121000252,106,83,23
121000253,289,388,-99
121000254,781,227,554
121000255,141,278,-137
121000256,326,204,122
121000257,31,103,-72
121000258,119,67,52
121000259,33,65,-32
121000260,59,103,-44
121000261,78,86,-8
121000262,803,602,201
121000263,389,329,60
121000271,307,1214,-907
121000273,29,6,23
121000274,12,60,-48
121000275,6,17,-11
121000276,9,31,-22
121000278,58,33,25
121000279,23,38,-15
121000280,41,74,-33
121000289,278,19,259
121000290,959,889,70
121000294,175,108,67
121000297,634,1099,-465
121000299,88,623,-535
121000300,681,521,160
121000302,31,1054,-1023
121000303,471,319,152
121000304,399,67,332
121000305,164,61,103
121000306,136,116,20
121000308,145,289,-144
121000309,371,419,-48
121000310,121,273,-152
121000311,64,584,-520
121000312,415,280,135
121000313,299,442,-143
121000314,125,153,-28
121000315,36,98,-62
121000530,1755,1183,572
121000531,1612,1261,351
121000532,6377,7983,-1606
121000533,3227,3358,-131
121000918,45,110,-65
121000919,40,64,-24
121000938,159,248,-89
121000939,120,252,-132
121000956,1476,894,582
121000957,6,17,-11
121000958,44,58,-14
121000959,976,539,437
121000960,1479,1479,0
121000961,290,48,242
121000962,470,415,55
121000973,1,178,-177
121000976,27,227,-200
121000979,516,148,368
121000981,376,135,241
121000982,335,122,213
121000983,475,292,183
121000984,28,70,-42
121000985,638,364,274
121000986,416,134,282
121000987,212,605,-393
121000988,903,109,794
121001302,243,133,110
121001308,2,23,-21
121001309,54,130,-76
121001313,217,132,85
121001314,1463,2466,-1003
121001315,5043,2729,2314
121900001,103,145,-42
121900002,49,48,1
121900003,392,7,385
121900004,86,380,-294
121900005,45,7,38
121900006,175,19,156
121900007,1793,1861,-68
121900008,1061,533,528
121900009,603,23,580
121900010,228,11,217
121900011,392,330,62
121900012,10,3,7
121900013,992,80,912
121900014,1310,349,961
121900015,229,180,49
121900016,2,32,-30
121900017,652,434,218
121900018,368,4,364
121900019,510,210,300
121900020,23,5,18
121900021,856,18,838
121900022,283,241,42
121900023,168,326,-158
121900024,290,72,218
121900025,708,426,282
121900026,413,50,363
121900027,533,226,307
121900028,225,16,209
121900029,138,204,-66
121900030,469,456,13
121900031,878,6393,-5515
121900032,92,69,23
121900033,208,245,-37
121900034,309,91,218
121900035,2978,2367,611
121900036,77,213,-136
121900037,201,1011,-810
121900038,31,119,-88
121900039,351,67,284
121900040,96,128,-32
121900041,172,230,-58
121900042,388,159,229
121900043,0,8,-8
121900044,144,78,66
121900046,290,310,-20
121900047,246,70,176
121900048,82,88,-6
121900050,45,58,-13
121900051,198,260,-62
121900052,164,51,113
121900053,462,319,143
121900054,444,863,-419
121900055,22,22,0
121900058,286,119,167
121900059,460,196,264
121900060,170,390,-220
121900061,182,194,-12
121900062,131,140,-9
121900063,1691,376,1315
121900064,300,525,-225
121900066,57,19,38
121900067,41,58,-17
121900069,213,159,54
121900070,234,191,43
121900071,448,230,218
121900072,46,95,-49
121900073,322,228,94
121900074,683,1157,-474
121900075,463,522,-59
121900076,480,636,-156
121900077,22,19,3
121900078,153,42,111
121900079,1,2,-1
121900080,788,426,362
121900082,63,84,-21
121900084,27,91,-64
121900085,3,12,-9
121900086,18,67,-49
121900087,157,152,5
121900088,1696,2921,-1225
121900089,226,225,1
121900090,43,76,-33
121900091,116,75,41
121900092,115,166,-51
121900093,74,63,11
121900094,7,6,1
121900095,312,176,136
121900096,1318,802,516
121900097,700,239,461
121900098,11,6,5
121900099,203,49,154
121900100,203,575,-372
121900101,275,169,106
121900102,9,153,-144
121900103,407,225,182
121900104,1542,279,1263
121900105,394,226,168
121900106,6,15,-9
121900107,61,31,30
121900108,2,23,-21
121900109,228,135,93
121900110,612,588,24
121900111,726,355,371
121900112,145,147,-2
121900113,90,451,-361
121900114,86,72,14
121900117,226,204,22
121900118,1571,537,1034
121900119,186,88,98
121900120,77,1228,-1151
121900121,430,42,388
121900122,37,88,-51
121900123,218,376,-158
121900124,195,131,64
121900125,1572,880,692
121900127,32,94,-62
121900128,78,69,9
121900129,428,153,275
121900130,112,204,-92
121900131,205,94,111
121900132,65,60,5
121900133,83,1145,-1062
121900134,30,139,-109
121900135,3252,469,2783
121900136,386,287,99
121900137,35,278,-243
121900138,107,200,-93
121900139,339,621,-282
121900140,64,112,-48
121900141,106,48,58
121900142,173,88,85
121900143,35,157,-122
121900144,152,267,-115
121900145,243,412,-169
121900146,649,648,1
121900147,64,192,-128
121900148,151,285,-134
121900149,395,482,-87
121900150,52,154,-102
121900151,76,227,-151
121900152,107,106,1
121900153,80,791,-711
121900154,18,224,-206
121900155,10,179,-169
121900156,203,190,13
121900157,0,298,-298
121900158,77,124,-47
121900159,1,181,-180
121900160,13,249,-236
121900161,268,327,-59
121900162,80,176,-96
121900163,343,375,-32
121900164,437,207,230
121900165,287,128,159
121900166,182,134,48
121900167,154,125,29
121900168,149,219,-70
121900169,11,157,-146
121900170,11,159,-148
121900171,892,628,264
121900172,559,229,330
121900173,774,227,547
121900174,65,72,-7
121900175,286,363,-77
121900176,501,1236,-735
121900177,179,86,93
121900178,37,41,-4
121900179,469,264,205
121900180,2610,4939,-2329
121900182,684,326,358
121900183,586,1284,-698
121900184,86,548,-462
121900186,9,433,-424
121900187,32,176,-144
121900188,678,321,357
121900189,15,108,-93
121900190,194,371,-177
121900191,139,220,-81
121900192,340,708,-368
121900193,63,190,-127
121900194,17,407,-390
121900195,65,90,-25
121900196,736,866,-130
121900197,465,1114,-649
121900198,1113,1028,85
121900199,4,50,-46
121900200,89,219,-130
121900201,736,837,-101
121900202,114,690,-576
121900203,201,903,-702
121900204,637,1382,-745
121900205,17,95,-78
121900206,23,49,-26
121900207,101,28,73
121900208,149,275,-126
121900209,91,58,33
121900210,1134,1008,126
121900211,32,59,-27
121900212,144,88,56
121900213,254,69,185
121900214,11,542,-531
121900215,37,153,-116
121900216,34,330,-296
121900217,313,141,172
121900218,200,420,-220
121900220,129,16,113
121900221,268,571,-303
121900222,169,116,53
121900223,193,68,125
121900224,93,64,29
121900225,94,131,-37
121900226,302,449,-147
121900227,274,581,-307
121900228,158,242,-84
121900230,71,296,-225
121900231,321,1593,-1272
121900232,199,401,-202
121900233,174,194,-20
121900234,396,258,138
121900235,549,126,423
121900236,375,229,146
121900237,153,279,-126
121900238,122,297,-175
121900239,176,38,138
121900240,294,115,179
121900241,66,53,13
121900242,4,0,4
121900243,11,0,11
121900244,15,7,8
121900245,214,67,147
121900246,2694,367,2327
121900247,288,223,65
121900248,1207,1289,-82
121900250,247,310,-63
121900251,508,40,468
121900252,524,143,381
121900253,61,575,-514
121900254,446,250,196
121900255,395,109,286
121900258,3738,2090,1648
121900259,399,611,-212
121900260,175,120,55
121900261,164,539,-375
121900262,360,933,-573
121900263,305,206,99
121900264,1479,1168,311
121900265,383,244,139
121900266,550,115,435
121900267,96,61,35
121900269,269,772,-503
121900270,60,216,-156
121900271,53,137,-84
121900273,490,1896,-1406
121900274,281,197,84
121900277,403,1233,-830
121900278,120,874,-754
121900279,141,243,-102
121900280,139,430,-291
121900281,345,539,-194
121900284,79,9,70
121900286,142,137,5
121900287,28,27,1
121900288,1,1,0
121900290,264,438,-174
121900291,339,698,-359
121900292,126,124,2
121900293,919,2334,-1415
121900294,223,4,219
121900295,159,180,-21
121900296,94,314,-220
121900298,314,887,-573
121900299,6,24,-18
121900300,115,9,106
121900301,101,4,97
121900302,7,36,-29
121900303,332,496,-164
121900304,4,15,-11
121900305,3,2,1
121900306,215,0,215
121900307,108,11,97
121900308,14,240,-226
121900309,11,178,-167
121900310,18,332,-314
121900311,460,22,438
121900312,259,15,244
121900313,411,50,361
121900314,3,54,-51
121900315,12,2,10
121900316,0,10,-10
121900317,12,0,12
121900318,2,13,-11
121900319,21,80,-59
121900320,47,53,-6
121900321,16,1,15
121900322,2,11,-9
121900323,36,24,12
121900324,5,33,-28
121900325,11,9,2
121900326,6,14,-8
121900327,9,28,-19
121900328,0,16,-16
121900329,1,116,-115
121900330,0,59,-59
121900331,49,56,-7
121900332,69,23,46
121900333,18,3,15
122000001,1614,4491,-2877
122000002,3044,1339,1705
122000003,1839,2441,-602
122000004,2614,1401,1213
122000005,2236,1903,333
122000006,1313,918,395
122000007,802,1401,-599
122000008,2139,4000,-1861
122000009,354,377,-23
122000010,1810,2584,-774
122000011,2685,1408,1277
122000012,915,1514,-599
122000013,977,1000,-23
122000014,1709,1069,640
122000015,1223,1037,186
122000016,615,782,-167
122000017,1056,939,117
122000018,1398,1270,128
122000019,807,1057,-250
122000020,216,273,-57
122000021,222,444,-222
122000022,990,915,75
122000023,741,1490,-749
122000024,565,1236,-671
122000025,760,1846,-1086
122000026,631,1169,-538
122000027,580,1571,-991
122000028,847,496,351
122000029,458,438,20
122000030,241,127,114
122000031,144,268,-124
122000032,1799,1846,-47
122000033,591,1424,-833
122000034,540,599,-59
122000035,302,665,-363
122000036,502,444,58
122000037,356,191,165
122000038,210,298,-88
122000039,485,433,52
122000040,207,281,-74
122000041,505,556,-51
122000042,351,409,-58
122000043,130,105,25
122000044,133,132,1
122000045,1291,538,753
122000046,909,699,210
122000047,215,200,15
122000048,3275,4184,-909
122000049,5319,3169,2150
122000050,1185,707,478
122000051,203,372,-169
122000052,475,503,-28
122000053,163,919,-756
122000054,1993,1751,242
122000055,1825,3056,-1231
122000056,3807,3292,515
122000057,2716,3435,-719
122000058,1560,1521,39
122000059,1778,1931,-153
122000060,467,778,-311
122000061,376,568,-192
122000062,637,312,325
122000063,926,680,246
122000064,2988,3057,-69
122000065,2964,2145,819
122000066,994,962,32
122000067,1388,1066,322
122000068,1567,919,648
122000069,720,640,80
122000070,928,1181,-253
122000071,1871,930,941
122000072,387,390,-3
122000073,299,819,-520
122000074,2692,1384,1308
122000075,790,1132,-342
122000076,2951,1263,1688
122000077,943,1074,-131
122000078,1444,2599,-1155
122000079,709,1302,-593
122000080,637,366,271
122000081,185,211,-26
122000082,550,1012,-462
122000083,1837,1390,447
122000084,1692,912,780
122000085,285,832,-547
122000086,2126,5269,-3143
122000087,384,292,92
122000088,481,525,-44
122000089,4027,2239,1788
122000090,215,537,-322
122000091,128,81,47
122000092,82,28,54
122000093,1449,2071,-622
122000094,4132,2779,1353
122000095,1518,3721,-2203
122000096,1332,1586,-254
122000098,2485,2779,-294
122000099,1228,693,535
122000100,714,523,191
122000101,424,578,-154
122000102,1822,1105,717
122000103,1864,1443,421
122000104,443,194,249
122000105,618,253,365
122000106,386,628,-242
122000107,1011,433,578
122000108,442,657,-215
122000109,401,302,99
122000110,567,563,4
122000111,2619,1359,1260
122000112,982,1301,-319
122000113,679,573,106
122000114,2372,1328,1044
122000115,1958,1169,789
122000116,530,580,-50
122000117,1345,420,925
122000118,551,811,-260
122000119,3065,2533,532
122000120,1896,4437,-2541
122000121,1851,3230,-1379
122000122,683,1615,-932
122000123,1790,1765,25
122000124,839,541,298
122000125,550,746,-196
122000126,392,993,-601
122000127,937,1090,-153
122000128,417,642,-225
122000129,476,1562,-1086
122000130,3256,1358,1898
122000131,1583,1074,509
122000132,595,436,159
122000133,945,1217,-272
122000134,916,772,144
122000135,535,549,-14
122000136,821,624,197
122000137,1896,791,1105
122000139,977,3320,-2343
122000140,596,563,33
122000141,3265,1032,2233
122000142,282,828,-546
122000143,491,463,28
122000144,1477,1014,463
122000145,1098,760,338
122000146,730,1125,-395
122000147,622,506,116
122000148,1269,2100,-831
122000149,2178,1595,583
122000150,1260,1045,215
122000151,153,340,-187
122000152,326,349,-23
122000153,411,253,158
122000154,200,235,-35
122000155,1295,2583,-1288
122000156,2330,2557,-227
122000157,1136,2221,-1085
122000158,331,522,-191
122000159,736,1428,-692
122000160,4430,2223,2207
122000161,1400,1176,224
122000162,1947,1948,-1
122000163,266,89,177
122000164,43,93,-50
122000165,781,609,172
122000166,890,940,-50
122000167,261,264,-3
122000168,222,484,-262
122000169,305,188,117
122000170,361,209,152
122000171,56,105,-49
122000172,1881,1313,568
122000173,1465,2132,-667
122000174,2061,1017,1044
122000175,843,277,566
122000176,305,807,-502
122000177,1416,1411,5
122000178,2583,2224,359
122000179,1389,2214,-825
122000180,1453,1230,223
122000181,1288,2840,-1552
122000182,1473,1634,-161
122000183,2052,977,1075
122000184,2625,2403,222
122000185,1244,1618,-374
122000186,410,825,-415
122000187,1719,902,817
122000188,434,220,214
122000189,254,326,-72
122000190,798,1107,-309
122000191,766,777,-11
122000192,1221,380,841
122000193,472,757,-285
122000194,552,167,385
122000195,139,463,-324
122000196,1244,649,595
122000197,506,806,-300
122000198,468,843,-375
122000199,299,290,9
122000200,859,644,215
122000201,1265,1424,-159
122000202,1246,1426,-180
122000203,2761,1483,1278
122000204,1241,1798,-557
122000205,1242,1463,-221
122000206,2216,960,1256
122000207,2040,1298,742
122000208,2185,1255,930
122000209,1886,384,1502
122000210,1917,1460,457
122000211,1441,1148,293
122000212,826,526,300
122000213,1071,1303,-232
122000214,2061,1651,410
122000215,1968,1616,352
122000217,1700,1334,366
122000218,741,89,652
122000219,927,794,133
122000220,329,689,-360
122000221,60,377,-317
122000222,506,128,378
122000223,1276,540,736
122000225,758,274,484
122000226,1617,1615,2
122000227,298,2228,-1930
122000228,319,323,-4
122000229,21,470,-449
122000230,119,389,-270
122000231,329,685,-356
122000232,679,747,-68
122000233,0,96,-96
122000234,411,65,346
122000235,446,118,328
122000236,1302,93,1209
122000237,122,109,13
122000238,462,368,94
122000239,763,212,551
122000240,1222,575,647
122000241,1836,477,1359
122000242,912,122,790
122000243,172,30,142
122000244,41,301,-260
122000245,46,89,-43
122000246,97,127,-30
122000247,605,287,318
122000248,922,1301,-379
122000249,1210,963,247
122000250,2350,1111,1239
122000251,252,400,-148
122000252,545,154,391
122000253,58,209,-151
122000254,286,118,168
122000255,746,1142,-396
122000256,325,679,-354
122000257,196,213,-17
122000258,332,274,58
122000259,19,327,-308
122000260,7,60,-53
122000261,11,232,-221
122000262,0,28,-28
122000263,580,269,311
122000264,1467,263,1204
122000265,2254,864,1390
122000266,3758,656,3102
122000267,133,116,17
122000268,154,297,-143
122000269,917,280,637
122000270,527,156,371
122000271,281,797,-516
122000272,305,750,-445
122000273,394,333,61
122000274,235,149,86
122000275,86,175,-89
122000276,894,586,308
122000277,1367,1764,-397
122000278,1858,623,1235
122000279,238,415,-177
122000280,977,640,337
122000281,1201,705,496
122000282,284,402,-118
122000283,277,119,158
122000284,312,77,235
122000285,321,79,242
122000286,55,163,-108
122000287,1354,1385,-31
122000288,521,197,324
122000291,2137,757,1380
122000293,225,233,-8
122000294,125,255,-130
122000295,1247,211,1036
122000296,31,475,-444
122000297,2294,3391,-1097
122000299,689,344,345
122000300,522,704,-182
122000301,7734,3358,4376
122000302,631,1894,-1263
122000303,2719,1242,1477
122000304,112,196,-84
122000305,1187,268,919
122000306,42,423,-381
122000307,128,105,23
122000309,25,56,-31
122000310,25,105,-80
122000311,187,111,76
122000312,141,168,-27
122000313,119,84,35
122000314,127,231,-104
122000315,315,61,254
122000316,896,226,670
122000317,1533,241,1292
122000318,260,997,-737
122000319,220,358,-138
122000320,308,858,-550
122000321,128,132,-4
122000322,1857,2079,-222
122000323,1018,2195,-1177
122000324,964,1096,-132
122000325,939,1844,-905
122000326,175,86,89
122000327,343,736,-393
122000328,796,523,273
122000330,1711,789,922
122000332,229,382,-153
122000333,14,76,-62
122000337,1189,886,303
122000338,667,356,311
122000340,282,460,-178
122000342,1239,900,339
122000343,442,632,-190
122000344,87,17,70
122000345,24,12,12
122000346,381,323,58
122000348,1130,594,536
122000349,160,709,-549
122000351,164,213,-49
122000352,351,145,206
122000353,127,64,63
122000355,151,348,-197
122000356,937,1214,-277
122000357,95,31,64
122000358,0,48,-48
122000359,0,12,-12
122000360,1,28,-27
122000362,10,44,-34
122000364,231,291,-60
122000365,1,50,-49
122000366,16,11,5
122000368,475,538,-63
122000370,30,46,-16
122000371,21,0,21
122000372,15,1,14
122000381,142,295,-153
122000382,83,240,-157
122000384,1983,1094,889
122000385,87,0,87
122000386,333,1417,-1084
122000387,550,686,-136
122000388,1430,636,794
122000389,142,678,-536
122000390,312,222,90
122000391,298,306,-8
122000392,161,172,-11
122000393,26,125,-99
122000394,583,195,388
122000395,127,113,14
122000396,323,76,247
122000397,26,52,-26
122000398,15,48,-33
122000399,149,62,87
122000400,104,594,-490
122000401,151,43,108
122000402,379,92,287
122000403,472,573,-101
122000404,137,156,-19
122000408,746,1035,-289
122000503,20,103,-83
122000524,180,159,21
122000544,87,2083,-1996
122000616,267,4,263
122000640,77,107,-30
122000641,116,224,-108
122000642,1050,764,286
122000643,73,244,-171
122000644,148,40,108
122000645,109,158,-49
122000651,866,892,-26
122000664,134,44,90
122000665,1235,528,707
122000666,673,983,-310
122000673,46,174,-128
122000674,141,57,84
122000675,1931,662,1269
122000686,462,812,-350
122000687,1663,258,1405
122000688,224,348,-124
122000689,984,312,672
122000690,2519,342,2177
122000691,719,1157,-438
122000692,1854,364,1490
122000693,463,1553,-1090
122000695,366,322,44
122000696,453,163,290
122000698,456,456,0
122000699,205,105,100
122000701,1563,296,1267
122000702,506,926,-420
122000703,255,62,193
122000717,125,59,66
122000718,401,903,-502
122000719,114,89,25
122000720,475,142,333
122000724,114,25,89
122900001,52,12,40
122900002,1185,5824,-4639
122900003,476,24,452
122900004,1799,94,1705
122900005,153,96,57
122900006,669,801,-132
122900007,158,64,94
122900008,547,324,223
122900009,630,536,94
122900010,234,117,117
122900012,195,511,-316
122900014,131,256,-125
122900015,1323,1283,40
122900016,129,233,-104
122900017,337,746,-409
122900018,162,24,138
122900019,12,114,-102
122900020,213,409,-196
122900021,25,370,-345
122900022,1098,715,383
122900023,572,169,403
122900024,148,105,43
122900025,20,358,-338
122900026,47,272,-225
122900027,42,559,-517
122900028,101,165,-64
122900029,3881,2709,1172
122900030,932,545,387
122900031,61,280,-219
122900032,96,378,-282
122900033,222,173,49
122900034,3878,4465,-587
122900035,40,20,20
122900036,80,83,-3
122900037,391,116,275
122900038,119,2838,-2719
122900039,126,523,-397
122900040,250,439,-189
122900041,340,334,6
122900042,187,274,-87
122900043,376,260,116
122900044,98,352,-254
122900045,95,106,-11
122900046,207,270,-63
122900047,117,230,-113
122900048,53,220,-167
122900049,1156,173,983
122900051,80,133,-53
122900052,118,133,-15
122900053,41,33,8
122900055,347,75,272
122900057,267,56,211
122900061,495,241,254
122900062,630,708,-78
122900063,186,211,-25
122900064,815,403,412
122900065,548,266,282
122900066,686,337,349
122900067,1010,554,456
122900068,165,288,-123
122900069,348,1501,-1153
122900070,306,63,243
122900071,137,311,-174
122900072,10,382,-372
122900073,25,157,-132
122900074,1013,502,511
122900075,0,71,-71
122900076,12,147,-135
122900077,1,117,-116
122900078,207,46,161
122900080,30,54,-24
122900081,253,146,107
122900082,920,160,760
122900083,132,119,13
122900084,13,192,-179
122900086,14,139,-125
122900087,290,418,-128
122900088,37,221,-184
122900089,50,244,-194
122900090,2,306,-304
122900091,294,0,294
122900092,2,174,-172
122900093,0,168,-168
122900094,3,151,-148
122900095,245,25,220
122900096,394,84,310
122900097,28,45,-17
122900098,69,107,-38
122900099,116,21,95
122900100,253,381,-128
122900101,506,308,198
122900102,33,44,-11
122900103,170,7,163
122900104,262,12,250
122900105,32,13,19
122900106,9,56,-47
122900107,10,120,-110
122900108,2,92,-90
123000001,1102,472,630
123000002,2896,5480,-2584
123000003,3635,4058,-423
123000004,2793,3538,-745
123000005,2835,2626,209
123000006,2109,2024,85
123000007,4091,2263,1828
123000008,2492,2755,-263
123000009,4117,2749,1368
123000010,3229,3101,128
123000011,1912,771,1141
123000012,791,1834,-1043
123000013,3380,837,2543
123000014,804,3053,-2249
123000015,2739,1321,1418
123000016,3460,4255,-795
123000017,3141,1636,1505
123000018,113,90,23
123000019,460,163,297
123000020,288,52,236
123000021,225,195,30
123000022,369,1584,-1215
123000023,1739,1679,60
123000024,1454,626,828
123000025,104,115,-11
123000026,9,101,-92
123000027,113,639,-526
123000028,1227,785,442
123000029,571,1344,-773
123000030,260,210,50
123000031,271,187,84
123000032,480,133,347
123000033,277,87,190
123000034,1034,758,276
123000035,349,422,-73
123000036,299,860,-561
123000037,223,229,-6
123000038,81,183,-102
123000039,382,1511,-1129
123000040,699,247,452
123000041,1027,1057,-30
123000042,674,580,94
123000043,2415,10724,-8309
123000044,3409,2357,1052
123000045,4864,2934,1930
123000046,527,1512,-985
123000047,1395,969,426
123000048,83,1106,-1023
123000049,5454,10473,-5019
123000050,1625,1493,132
123000051,83,167,-84
123000052,783,3241,-2458
123000053,2567,2638,-71
123000054,1583,1626,-43
123000055,1486,3124,-1638
123000056,1210,1520,-310
123000057,7380,7251,129
123000058,649,1204,-555
123000059,360,534,-174
123000060,1023,460,563
123000061,237,629,-392
123000063,892,897,-5
123000064,1141,237,904
123000065,3764,2495,1269
123000066,627,514,113
123000067,975,530,445
123000068,2196,2221,-25
123000069,5631,2525,3106
123000070,220,560,-340
123000071,1317,798,519
123000072,1127,602,525
123000073,1537,693,844
123000074,1256,836,420
123000075,382,1274,-892
123000076,855,587,268
123000077,1853,1806,47
123000078,1839,1286,553
123000079,1802,1454,348
123000080,2526,1300,1226
123000081,267,294,-27
123000082,318,830,-512
123000083,1045,295,750
123000084,697,396,301
123000085,439,67,372
123000086,697,118,579
123000087,506,252,254
123000088,1320,621,699
123000089,625,932,-307
123000090,1182,747,435
123000091,1303,1193,110
123000092,925,1025,-100
123000094,642,208,434
123000095,692,637,55
123000096,818,326,492
123000097,633,473,160
123000098,916,428,488
123000099,781,518,263
123000100,471,742,-271
123000101,523,632,-109
123000102,487,751,-264
123000104,418,394,24
123000105,630,448,182
123000106,424,458,-34
123000107,367,414,-47
123000108,524,965,-441
123000111,920,278,642
123000112,1454,447,1007
123000113,547,861,-314
123000114,336,535,-199
123000115,332,235,97
123000116,54,87,-33
123000117,1790,1383,407
123000118,430,598,-168
123000119,220,651,-431
123000120,365,562,-197
123000121,407,474,-67
123000122,321,305,16
123000123,440,412,28
123000124,385,392,-7
123000125,1191,1312,-121
123000126,1220,3995,-2775
123000127,574,597,-23
123000128,301,252,49
123000129,900,218,682
123000130,795,96,699
123000131,1092,786,306
123000132,322,674,-352
123000133,213,294,-81
123000134,334,138,196
123000135,2637,972,1665
123000136,232,585,-353
123000137,92,226,-134
123000138,90,359,-269
123000139,614,92,522
123000140,145,527,-382
123000141,897,132,765
123000142,920,878,42
123000143,814,1321,-507
123000144,39,27,12
123000145,167,160,7
123000146,23,73,-50
123000147,84,80,4
123000149,367,401,-34
123000150,183,251,-68
123000151,277,501,-224
123000152,91,412,-321
123000153,223,816,-593
123000154,1503,2005,-502
123000155,1982,1293,689
123000156,42,102,-60
123000157,559,825,-266
123000158,554,748,-194
123000159,2882,2648,234
123000160,1008,929,79
123000161,1843,1130,713
123000162,1075,1509,-434
123000163,662,156,506
123000164,1709,331,1378
123000165,425,1145,-720
123000166,53,148,-95
123000167,185,235,-50
123000168,354,201,153
123000169,932,171,761
123000170,98,113,-15
123000171,846,24,822
123000172,212,408,-196
123000173,571,295,276
123000174,1189,436,753
123000175,534,872,-338
123000176,1272,266,1006
123000177,319,884,-565
123000178,834,189,645
123000179,41,452,-411
123000180,1692,372,1320
123000181,244,920,-676
123000182,326,293,33
123000183,175,500,-325
123000184,135,361,-226
123000185,930,350,580
123000186,0,345,-345
123000187,702,6,696
123000188,186,1,185
123000189,255,189,66
123000190,78,69,9
123000192,25,321,-296
123000193,68,705,-637
123000194,371,260,111
123000195,322,53,269
123000196,320,23,297
123000197,55,114,-59
123000198,40,654,-614
123000199,18,541,-523
123000200,676,16,660
123000201,1097,29,1068
123000202,31,688,-657
123000203,1175,80,1095
123000204,68,815,-747
123000205,477,1252,-775
123000206,2510,243,2267
123000207,95,713,-618
123000208,608,218,390
123000209,2228,617,1611
123000210,459,1550,-1091
123000211,599,1966,-1367
123000212,3379,534,2845
123000213,793,120,673
123000215,63,241,-178
123000216,212,1064,-852
123000217,198,38,160
123000218,65,708,-643
123000219,689,105,584
123000220,520,117,403
123000221,157,66,91
123000222,489,357,132
123000223,462,260,202
123000224,399,335,64
123000225,288,50,238
123000226,82,353,-271
123000227,80,285,-205
123000228,325,65,260
123000229,1016,1218,-202
123000232,135,505,-370
123000233,760,163,597
123000234,151,529,-378
123000235,1374,291,1083
123000236,305,531,-226
123000237,321,135,186
123000238,97,417,-320
123000239,445,935,-490
123000240,32,524,-492
123000241,360,85,275
123000242,267,184,83
123000243,688,841,-153
123000244,925,708,217
123000245,51,159,-108
123000249,957,570,387
123000252,914,266,648
123000253,1466,520,946
123000254,776,847,-71
123000255,1300,857,443
123000256,35,219,-184
123000257,2237,1542,695
123000258,920,596,324
123000259,456,464,-8
123000260,496,360,136
123000261,347,140,207
123000262,111,136,-25
123000263,495,86,409
123000264,246,96,150
123000265,63,125,-62
123000266,596,616,-20
123000267,934,465,469
123000268,40,77,-37
123000269,37,99,-62
123000270,31,39,-8
123000271,84,71,13
123000272,757,287,470
123000273,274,784,-510
123000274,1200,504,696
123000275,340,695,-355
123000278,2141,2313,-172
123000279,146,78,68
123000280,299,249,50
123000281,340,86,254
123000282,137,248,-111
123000283,173,42,131
123000284,65,67,-2
123000286,177,360,-183
123000287,400,274,126
123000288,1205,1051,154
123000289,357,1309,-952
123000291,273,786,-513
123000294,203,232,-29
123000295,959,995,-36
123000296,710,422,288
123000297,837,469,368
123000298,822,375,447
123000299,64,121,-57
123000300,1083,781,302
123000301,181,252,-71
123000302,87,113,-26
123000303,146,233,-87
123000305,894,981,-87
123000306,155,112,43
123000309,47,48,-1
123000310,50,33,17
123000311,0,65,-65
123000312,464,516,-52
123000313,598,343,255
123000315,210,246,-36
123000316,889,93,796
123000317,166,80,86
123000318,69,192,-123
123000329,8,18,-10
123000337,995,364,631
123000338,384,89,295
123000339,324,57,267
123000340,99,305,-206
123000342,7,23,-16
123000343,56,9,47
123000344,1072,345,727
123000345,290,491,-201
123000346,386,31,355
123000352,1127,835,292
123000353,33,44,-11
123000354,315,7,308
123000355,0,231,-231
123000356,455,8,447
123000357,4,136,-132
123000359,3,143,-140
123000360,216,72,144
123000361,199,317,-118
123000362,616,73,543
123000363,158,156,2
123000364,538,474,64
123000365,20,386,-366
123000366,336,1907,-1571
123000367,323,836,-513
123000370,19,231,-212
123000371,940,41,899
123000372,376,61,315
123000373,20,314,-294
123000374,6,185,-179
123000375,437,35,402
123000376,849,587,262
123000377,618,13,605
123000378,15,267,-252
123000379,22,171,-149
123000380,53,386,-333
123000381,125,140,-15
123000382,806,142,664
123000383,173,1249,-1076
123000384,509,124,385
123000385,185,562,-377
123000436,37,1252,-1215
123000507,95,184,-89
123000508,186,1049,-863
123000517,240,26,214
123000518,36,191,-155
123000519,171,64,107
123000520,48,169,-121
123000521,327,89,238
123000522,134,300,-166
123000541,7,2,5
123000542,0,13,-13
123000565,0,0,0
123000566,936,394,542
123000567,94,145,-51
123000573,46,417,-371
123000574,1043,74,969
123000575,1567,773,794
123000576,982,909,73
123000577,85,566,-481
123000578,392,74,318
123000579,1449,6234,-4785
123000580,85,33,52
123000582,500,30,470
123000583,19,297,-278
123000584,137,323,-186
123000585,0,59,-59
123000586,64,0,64
123000596,72,87,-15
123000597,81,121,-40
123000602,53,11,42
123000603,930,433,497
123000604,509,460,49
123000605,826,168,658
123000606,1,416,-415
123000609,14,332,-318
123000610,154,119,35
123000613,24,158,-134
123000614,216,63,153
123000615,38,86,-48
123000616,964,77,887
123000617,119,227,-108
123000618,74,583,-509
123000619,599,38,561
123000620,27,393,-366
123000622,530,26,504
123000624,170,41,129
123000630,1154,464,690
123000631,253,674,-421
123000632,614,582,32
123000633,0,151,-151
123000634,53,208,-155
123000635,80,121,-41
123000636,37,444,-407
123000637,303,38,265
123000638,524,35,489
123000639,854,4791,-3937
123000640,37,442,-405
123900001,1021,51,970
123900002,43,1185,-1142
123900003,228,306,-78
123900005,279,174,105
123900006,307,44,263
124000001,1930,169,1761
124000002,96,1279,-1183
124000003,1092,145,947
124000004,72,410,-338
124000005,1208,546,662
124000006,193,839,-646
124000007,380,122,258
124000008,12,406,-394
124000009,638,236,402
124000010,174,303,-129
124000011,1097,332,765
124000012,279,403,-124
124000017,187,143,44
124000018,125,78,47
124000019,186,98,88
124000020,44,138,-94
124000021,138,93,45
124000022,108,201,-93
124000023,1313,1481,-168
124000024,1040,358,682
124000025,1158,1919,-761
124000026,847,866,-19
124000027,4766,4678,88
124000028,1560,3610,-2050
124000030,2189,1152,1037
124000031,1281,3989,-2708
124000032,1656,699,957
124000033,8,187,-179
124000034,858,535,323
124000035,67,284,-217
124000036,81,181,-100
124000037,682,1059,-377
124000038,42,122,-80
124000039,947,412,535
124000040,505,1029,-524
124000041,580,127,453
124000042,167,314,-147
124000043,155,117,38
124000044,72,201,-129
124000045,1060,529,531
124000046,296,594,-298
124000047,1971,747,1224
124000048,1013,1016,-3
124000049,2004,557,1447
124000050,763,1212,-449
124000051,1170,471,699
124000052,576,730,-154
124000053,618,1733,-1115
124000054,943,381,562
124000055,1379,3091,-1712
124000056,1878,1133,745
124000057,1144,574,570
124000058,448,985,-537
124000059,790,1352,-562
124000060,956,537,419
124000061,1325,5726,-4401
124000062,2722,1458,1264
124000063,1011,1324,-313
124000064,1665,1051,614
124000065,11,382,-371
124000066,159,565,-406
124000067,243,159,84
124000068,13,15,-2
124000069,159,19,140
124000070,55,89,-34
124000071,261,96,165
124000072,162,384,-222
124000073,1100,140,960
124000074,178,616,-438
124000075,353,26,327
124000076,10,170,-160
124000077,1191,783,408
124000078,2544,1015,1529
124000079,237,1226,-989
124000080,644,206,438
124000081,208,428,-220
124000082,84,176,-92
124000083,66,88,-22
124000084,58,533,-475
124000085,101,57,44
124000086,32,113,-81
124000087,156,100,56
124000088,391,499,-108
124000089,938,306,632
124000090,115,319,-204
124000091,575,98,477
124000092,118,560,-442
124000093,201,91,110
124000094,320,460,-140
124000095,97,61,36
124000096,189,184,5
124000097,138,124,14
124000098,54,80,-26
124000099,328,130,198
124000100,90,104,-14
124000101,118,86,32
124000102,130,55,75
124000103,143,98,45
124000104,74,34,40
124000105,145,95,50
124000106,124,47,77
124000107,21,178,-157
124000108,49,21,28
124000109,153,81,72
124000110,214,105,109
124000111,182,152,30
124000112,807,513,294
124000113,87,60,27
124000114,350,288,62
124000115,388,471,-83
124000116,101,154,-53
124000117,46,77,-31
124000118,33,105,-72
124000119,1021,514,507
124000120,691,530,161
124000121,1345,708,637
124000122,561,1246,-685
124000123,1070,444,626
124000124,461,978,-517
124000125,484,470,14
124000126,338,538,-200
124000127,1082,360,722
124000128,529,804,-275
124000129,2207,1497,710
124000130,869,566,303
124000131,936,629,307
124000132,886,705,181
124000133,987,871,116
124000134,1201,534,667
124000135,1624,1738,-114
124000136,855,759,96
124000137,1307,833,474
124000138,1522,1081,441
124000139,563,26,537
124000140,39,392,-353
124000141,261,11,250
124000142,59,147,-88
124000143,60,18,42
124000144,13,32,-19
124000145,125,40,85
124000146,54,68,-14
124000148,15,72,-57
124000149,1042,432,610
124000150,281,572,-291
124000151,944,407,537
124000152,744,1125,-381
124000153,1352,891,461
124000154,838,669,169
124000155,1602,924,678
124000156,1528,1106,422
124000169,252,489,-237
124000170,425,392,33
124000171,352,258,94
124000172,309,425,-116
124000173,546,185,361
124000174,388,449,-61
124000175,11,84,-73
124000176,109,30,79
124000177,11,26,-15
124000178,41,91,-50
124000190,110,88,22
124000191,131,176,-45
124000192,1572,374,1198
124000193,307,918,-611
124000194,381,349,32
124000195,370,531,-161
124000196,875,707,168
124000197,53,46,7
124000198,34,52,-18
124000201,268,622,-354
124000202,673,254,419
124000203,629,367,262
124000204,1029,272,757
124000205,152,281,-129
124000206,849,316,533
124000207,0,41,-41
124000209,201,301,-100
124000210,677,167,510
124000211,778,6,772
124000212,2,232,-230
124000213,593,212,381
124000214,459,354,105
124000215,503,31,472
124000216,2,271,-269
124000329,139,965,-826
124000338,94,514,-420
124000339,1214,120,1094
124000341,1623,74,1549
124000344,113,64,49
124000357,1154,2189,-1035
124000358,835,1243,-408
124000359,1165,547,618
124000360,974,401,573
124000361,1975,1046,929
124000362,956,1190,-234
124000363,208,243,-35
124000364,449,542,-93
124000365,463,771,-308
124000366,1055,677,378
124000367,83,392,-309
124000368,432,431,1
124000369,168,119,49
124000370,99,438,-339
124000402,34,18,16
124000403,141,15,126
124000404,25,128,-103
124000405,1296,856,440
124000406,730,704,26
124000407,2,33,-31
124000411,9,238,-229
124000412,506,14,492
124000413,172,40,132
124000414,62,82,-20
124000415,73,66,7
124000416,122,154,-32
124000417,180,83,97
124000418,239,92,147
124000419,91,105,-14
124000420,136,64,72
124000421,43,100,-57
124000422,14,12,2
124000423,106,33,73
124000424,5,68,-63
124000425,41,33,8
124000426,4,27,-23
124000427,47,8,39
124000428,13,41,-28
124000429,115,53,62
124000430,827,456,371
124000431,260,499,-239
124000432,318,672,-354
124000439,2,2,0
124000443,1,11,-10
124000445,179,1077,-898
124000446,766,145,621
124900001,676,335,341
124900002,170,188,-18
124900003,1087,568,519
124900004,711,338,373
124900005,236,112,124
124900006,785,345,440
124900008,1152,569,583
124900009,232,368,-136
124900010,258,120,138
124900011,825,317,508
124900012,412,109,303
124900013,522,95,427
124900014,338,69,269
124900015,179,425,-246
124900016,100,106,-6
124900017,519,1830,-1311
124900018,69,14,55
124900020,91,68,23
124900021,359,47,312
124900022,81,10,71
124900024,356,17,339
124900026,140,21,119
124900027,151,492,-341
124900028,479,98,381
124900029,38,571,-533
124900030,9,103,-94
124900031,63,262,-199
124900032,204,242,-38
124900033,124,282,-158
124900034,13,103,-90
124900035,189,357,-168
124900036,7,36,-29
124900037,238,235,3
124900038,271,205,66
124900039,2,104,-102
124900040,146,103,43
124900041,306,625,-319
124900042,230,4,226
124900043,518,693,-175
124900044,103,5,98
124900045,670,1016,-346
124900046,781,274,507
124900047,138,214,-76
124900048,192,89,103
124900050,145,192,-47
124900052,94,414,-320
124900053,193,320,-127
124900054,1142,527,615
124900055,0,149,-149
124900057,3,64,-61
124900060,80,141,-61
124900061,101,14,87
124900062,151,41,110
124900066,1,9,-8
124900067,2,114,-112
124900068,190,569,-379
124900070,87,20,67
124900072,158,21,137
124900074,528,171,357
124900075,279,209,70
124900076,12,1359,-1347
124900077,43,93,-50
124900078,124,37,87
124900079,417,277,140
124900080,309,398,-89
124900081,1038,255,783
124900082,353,503,-150
124900083,330,370,-40
124900084,1190,161,1029
124900085,790,572,218
124900086,81,1341,-1260
124900087,527,112,415
124900088,436,83,353
124900089,996,34,962
124900090,495,219,276
124900091,317,259,58
124900092,227,173,54
124900093,470,207,263
124900094,498,229,269
124900095,135,516,-381
124900096,518,333,185
124900097,406,75,331
124900098,124,248,-124
124900099,534,379,155
124900100,402,36,366
124900101,116,500,-384
124900102,268,32,236
124900103,169,139,30
124900104,59,121,-62
124900105,91,87,4
124900106,407,68,339
124900107,157,13,144
124900108,170,118,52
124900109,75,104,-29
124900110,270,288,-18
124900111,1,90,-89
124900112,65,407,-342
124900113,108,282,-174
124900114,165,143,22
124900115,73,55,18
124900116,337,251,86
124900117,300,227,73
124900118,218,436,-218
124900119,430,196,234
124900120,44,274,-230
124900121,95,408,-313
124900122,219,221,-2
124900123,274,120,154
124900124,171,258,-87
129000186,129,59,70
204000001,68,5,63
204000002,11,2,9
204000003,22,0,22
204000004,11,0,11
204000005,508,365,143
204000006,1327,1081,246
204000011,4,23,-19
204000012,81,84,-3
204000013,0,8,-8
204000019,730,379,351
204000020,704,646,58
204000021,1895,1195,700
204000022,655,463,192
204000023,559,606,-47
204000031,48,9,39
204000032,340,25,315
204000034,25,161,-136
204000035,0,0,0
204000036,5,12,-7
204000037,0,15,-15
204000038,1,8,-7
204000039,0,21,-21
204000040,7,13,-6
204000041,11,18,-7
204000042,36,15,21
204000043,51,6,45
204000044,37,3,34
204000045,62,2,60
204000046,8,2,6
204000057,8,15,-7
204000062,16,31,-15
204000068,37,203,-166
204000069,80,303,-223
204000070,85,76,9
204000080,70,71,-1
204000085,1991,1315,676
204000086,1808,1401,407
204000087,53,9,44
204000088,13,72,-59
204000090,34,212,-178
204000093,500,66,434
204000096,993,850,143
204000097,578,9,569
204000099,1271,1360,-89
204000100,1524,1664,-140
204000105,1707,1124,583
204000110,859,1387,-528
204000111,422,812,-390
204000112,1235,1477,-242
204000113,711,958,-247
204000114,1235,872,363
204000115,670,392,278
204000116,2065,948,1117
204000119,1997,2277,-280
204000132,795,345,450
204000133,913,167,746
204000134,326,91,235
204000135,587,109,478
204000136,645,175,470
204000138,359,659,-300
204000140,233,129,104
204000141,187,50,137
204000144,7,24,-17
204000145,566,32,534
204000146,21,323,-302
204000147,13,183,-170
204000148,200,17,183
204000154,12,3,9
204000155,6,1,5
204000177,82,75,7
204000179,22,4,18
204000180,0,22,-22
204000222,1,19,-18
204000235,34,7,27
204000236,76,192,-116
204000238,24,27,-3
204000240,300,75,225
204000263,445,738,-293
204000268,885,554,331
204000308,169,9,160
204000317,9,81,-72
204000322,6,51,-45
204000323,11,7,4
204000328,279,39,240
204000329,45,139,-94
204000330,200,18,182
204000331,30,89,-59
204010341,11,174,-163
205000001,695,1246,-551
205000013,27,54,-27
205000014,14,96,-82
205000015,33,151,-118
205000016,13,168,-155
205000017,23,113,-90
205000022,181,699,-518
205000025,1022,951,71
205000029,274,10,264
205000045,160,572,-412
205000046,153,492,-339
205000047,86,504,-418
205000048,308,603,-295
205000049,155,536,-381
205000050,710,201,509
205000059,1,179,-178
205000060,0,73,-73
205000061,2,172,-170
205000062,3,140,-137
205000063,31,129,-98
205000064,25,79,-54
205000065,73,402,-329
205000066,132,470,-338
205000067,51,666,-615
205000069,197,12,185
205000082,153,163,-10
205000110,83,197,-114
205000111,168,158,10
205000112,188,207,-19
205000113,173,370,-197
205000121,260,53,207
205000123,32,209,-177
205000126,475,89,386
205000127,746,108,638
205000128,358,50,308
205000129,629,58,571
205000130,134,32,102
205000131,86,8,78
205000132,104,3,101
205000133,86,1,85
205000134,242,0,242
205000137,56,164,-108
205000138,207,270,-63
205000139,34,115,-81
205000144,149,88,61
205000145,479,148,331
205000151,173,19,154
205000152,206,16,190
205000153,211,19,192
205000154,173,29,144
205000155,121,8,113
205000207,5,125,-120
205000233,24,0,24
205000234,0,1,-1
205000243,0,0,0
205000244,0,3,-3
205000245,13,112,-99
205000249,0,10,-10
205000250,4,1,3
205000264,3,90,-87
206000027,7,3,4
206000028,6,4,2
206000043,11,43,-32
206000053,2,10,-8
206000054,3,29,-26
206000055,1,20,-19
206000075,6,22,-16
206000076,31,9,22
206000077,31,5,26
206000078,21,15,6
206000079,20,8,12
206000082,423,74,349
206000100,30,311,-281
206000103,0,5,-5
206000104,12,19,-7
206000105,9,8,1
206000106,5,24,-19
206000108,591,51,540
206000125,74,0,74
206000157,40,416,-376
206000170,0,103,-103
206000171,8,143,-135
206000172,7,215,-208
206000173,4,120,-116
206000174,18,66,-48
206000175,2,61,-59
206000176,15,98,-83
206000177,0,82,-82
206000178,3,116,-113
206000179,3,75,-72
206000180,10,95,-85
206000181,8,81,-73
206000182,5,74,-69
206000183,20,247,-227
206000184,1,173,-172
206000185,6,79,-73
206000186,89,460,-371
206000223,8,127,-119
206000226,23,5,18
206000227,24,4,20
206000237,50,163,-113
206000238,26,288,-262
206000239,172,1263,-1091
206000240,1,41,-40
206000241,0,67,-67
206000242,5,125,-120
206000243,4,81,-77
206000244,51,243,-192
206000245,1040,49,991
206000246,302,15,287
206000247,358,2,356
206000248,497,13,484
206000252,71,31,40
206000258,31,30,1
206000315,62,5,57
206000317,726,91,635
206000318,690,78,612
206000319,2036,76,1960
206000320,340,53,287
206000321,312,15,297
206000322,677,12,665
206000323,204,14,190
206000324,261,3,258
206000325,218,17,201
206000326,219,14,205
206000327,157,12,145
206000328,205,8,197
206000329,354,6,348
206000330,47,8,39
206000331,238,1,237
206000332,44,3,41
206000333,736,8,728
206000334,372,2,370
206000335,0,22,-22
206000361,5,141,-136
206000392,1,18,-17
206000405,159,1,158
206000441,42,22,20
206000498,40,3,37
206000515,94,37,57
206000530,424,89,335
206000531,253,255,-2
206000532,1653,272,1381
206000535,126,1287,-1161
206000536,7,95,-88
206000537,24,111,-87
206000613,1790,242,1548
207000001,149,498,-349
207000002,121,281,-160
207000003,111,106,5
207000007,1301,220,1081
207000008,145,4,141
207000009,70,51,19
207000010,312,204,108
207000012,495,236,259
207000015,159,732,-573
207000019,253,51,202
207000021,503,160,343
207000022,164,99,65
207000023,234,45,189
207000024,7,10,-3
207000025,33,57,-24
207000026,87,30,57
207000027,9,53,-44
207000028,51,108,-57
207000029,173,296,-123
207000033,166,396,-230
207000034,338,93,245
207000039,538,84,454
207000040,495,49,446
207000041,194,48,146
207000042,327,43,284
207000043,245,205,40
207000051,124,173,-49
207000052,11,133,-122
207000053,381,351,30
207000054,33,69,-36
207000055,156,102,54
207000056,286,206,80
207000057,127,211,-84
207000058,122,212,-90
207000059,87,277,-190
207000060,50,139,-89
207000061,235,646,-411
207000062,340,39,301
207000063,361,61,300
207000064,435,82,353
207000065,361,196,165
207000066,203,148,55
207000067,56,54,2
207000068,138,49,89
207000069,726,297,429
207000082,4,148,-144
207000083,88,175,-87
207000084,331,214,117
207000085,284,21,263
207000086,227,9,218
207000106,50,25,25
207000107,93,23,70
207000108,102,10,92
207000109,60,18,42
207000110,70,47,23
207000111,97,105,-8
207000112,144,705,-561
207000114,18,29,-11
207000115,15,56,-41
207000116,15,261,-246
207000117,8,77,-69
207000118,1,38,-37
207000119,38,46,-8
207000123,181,23,158
207000124,86,23,63
207000125,67,34,33
207000126,90,41,49
207000134,112,97,15
207000135,26,134,-108
207000148,105,279,-174
207000149,72,32,40
207000152,110,333,-223
207000153,682,1166,-484
207000154,286,155,131
207000159,103,126,-23
207000160,121,274,-153
207000238,1,151,-150
207000242,8,136,-128
207000248,21,23,-2
207000249,114,32,82
207000250,495,63,432
207000251,92,78,14
207000252,64,52,12
207000278,153,56,97
207000279,16,77,-61
207000280,708,50,658
207000281,113,543,-430
207000282,138,132,6
207000283,50,205,-155
207000284,42,388,-346
207000285,83,68,15
207000291,16,79,-63
207000304,88,50,38
207000306,72,246,-174
207000310,87,93,-6
207000353,317,5,312
207000356,8,53,-45
207000357,10,12,-2
207000358,9,16,-7
207000415,6,112,-106
207000417,36,7,29
207000418,121,86,35
207000438,0,1,-1
207000439,706,669,37
207000446,197,5,192
207000460,47,3,44
207000466,125,106,19
207000467,296,72,224
207000468,39,210,-171
207000476,24,48,-24
207000477,702,64,638
207000478,0,80,-80
207000523,0,8,-8
207000524,36,0,36
207000527,119,106,13
207000530,569,11,558
207000531,320,21,299
207000532,127,47,80
207000534,302,53,249
207000535,42,268,-226
207000537,32,75,-43
207000540,8,162,-154
207000541,0,237,-237
207000548,11,179,-168
207000549,389,16,373
207000561,145,234,-89
207000562,40,144,-104
207000567,192,171,21
207000568,246,36,210
207000569,539,431,108
207000584,230,170,60
207000585,56,330,-274
207000616,1,80,-79
207000617,165,0,165
207900008,339,72,267
208000001,628,1010,-382
208000002,612,370,242
208000003,1022,295,727
208000004,905,555,350
208000005,7,10,-3
208000019,613,776,-163
208000020,186,424,-238
208000021,190,209,-19
208000022,796,395,401
208000028,1251,1387,-136
208000033,572,518,54
208000034,1049,1084,-35
208000037,198,10,188
208000040,224,141,83
208000041,720,527,193
208000042,982,551,431
208000047,128,170,-42
208000064,2188,1301,887
208000066,1787,2583,-796
208000070,393,301,92
208000071,443,491,-48
208000072,415,977,-562
208000080,268,307,-39
208000081,323,112,211
208000082,342,190,152
208000083,147,304,-157
208000084,8,12,-4
208000085,648,442,206
208000086,386,779,-393
208000087,464,610,-146
208000089,957,298,659
208000090,900,436,464
208000093,127,143,-16
208000094,463,390,73
208000095,516,344,172
208000104,1110,718,392
208000105,734,830,-96
208000114,112,348,-236
208000115,505,270,235
208000116,633,1008,-375
208000117,109,148,-39
208000118,112,153,-41
208000155,660,837,-177
208000158,1154,3474,-2320
208000186,2958,3498,-540
208000204,619,835,-216
208000205,1099,730,369
208000282,4135,2828,1307
209000004,404,155,249
209000005,44,48,-4
209000006,392,135,257
209000007,255,223,32
209000010,324,111,213
209000011,144,203,-59
209000012,90,104,-14
209000013,250,212,38
209000014,412,716,-304
209000025,372,44,328
209000026,717,99,618
209000027,321,540,-219
209000028,513,417,96
209000029,422,482,-60
209000030,339,799,-460
209000031,1578,1267,311
209000034,171,184,-13
209000035,124,152,-28
209000036,198,95,103
209000037,284,139,145
209000038,116,95,21
209000039,56,110,-54
209000040,247,375,-128
209000041,159,282,-123
209000042,221,299,-78
209000043,568,676,-108
209000044,195,686,-491
209000045,1146,312,834
209000046,508,347,161
209000047,440,206,234
209000048,604,307,297
209000049,75,48,27
209000050,169,101,68
209000051,177,146,31
209000052,146,144,2
209000062,48,65,-17
209000063,72,64,8
209000064,26,59,-33
209000065,78,20,58
209000066,92,7,85
209000067,94,44,50
209000080,25,136,-111
209000082,88,24,64
209000091,24,90,-66
209000093,60,21,39
209000094,100,161,-61
209000110,57,120,-63
209000111,572,1532,-960
209000112,1159,382,777
209000113,1930,382,1548
209000114,866,392,474
209000115,68,70,-2
209000116,327,251,76
209000118,17,29,-12
209000119,20,10,10
209000121,118,346,-228
209000135,76,210,-134
209000142,673,1887,-1214
209000143,40,55,-15
209000144,42,89,-47
209000229,232,125,107
209000240,37,182,-145
209000259,58,60,-2
209000260,39,700,-661
209000261,12,440,-428
209000262,5,286,-281
209000263,0,167,-167
209000264,0,217,-217
209000265,444,4,440
209000266,130,0,130
209000267,1101,6,1095
209000268,597,73,524
210000037,52,43,9
210000047,95,14,81
210000048,129,13,116
210000049,64,6,58
210000052,95,62,33
210000053,34,30,4
210000054,40,47,-7
210000070,113,2,111
210000071,71,0,71
210000072,42,0,42
210000073,0,12,-12
210000074,0,72,-72
210000075,4,70,-66
210000076,8,103,-95
210000077,11,36,-25
210000078,17,46,-29
210000079,17,23,-6
210000080,66,77,-11
210000081,152,16,136
210000082,85,4,81
210000083,92,3,89
210000084,67,1,66
210000085,1,47,-46
210000086,4,70,-66
210000099,42,145,-103
210000100,42,119,-77
210000101,52,131,-79
210000105,31,192,-161
210000159,1,195,-194
210000163,105,167,-62
210000164,219,162,57
210000168,96,32,64
210000187,3,27,-24
210000188,3,11,-8
210000214,23,2,21
210000219,66,72,-6
210000220,90,29,61
210000232,9,27,-18
210000233,30,54,-24
210000234,36,89,-53
210000235,61,56,5
210000245,2,44,-42
210000246,33,2,31
210000258,13,107,-94
210000259,294,72,222
210000282,86,153,-67
210000285,1,111,-110
210000286,38,113,-75
210000290,2,5,-3
210000295,36,98,-62
210000296,53,25,28
210000320,206,51,155
210000321,129,44,85
210000338,36,50,-14
210000339,202,966,-764
210000340,96,334,-238
210000341,195,232,-37
210000342,215,142,73
210000343,156,146,10
210000344,134,84,50
210000345,152,233,-81
210000346,78,108,-30
210000347,47,35,12
210000348,111,20,91
210000349,41,34,7
210000350,137,51,86
210000351,174,88,86
210000352,75,54,21
210000353,41,70,-29
210000354,56,44,12
210000355,62,71,-9
210000356,21,59,-38
210000357,46,55,-9
210000358,232,130,102
210000359,77,80,-3
210000360,126,132,-6
210000361,173,138,35
210000362,247,133,114
210000363,450,190,260
210000364,114,154,-40
210000365,118,82,36
210000366,149,63,86
210000367,99,33,66
210000368,147,30,117
210000369,11,20,-9
210000370,30,39,-9
210000372,13,23,-10
210000373,20,21,-1
210000374,43,11,32
210000375,35,63,-28
210000376,60,83,-23
210000404,46,86,-40
210000439,27,27,0
210000472,47,4,43
210000482,62,95,-33
210000564,252,272,-20
210000567,0,35,-35
210000568,242,2,240
211000092,52,74,-22
211000094,29,2,27
211000169,224,20,204
211000172,15,174,-159
211000209,11,14,-3
211000226,12,21,-9
211000270,16,5,11
211000275,24,13,11
211000276,111,21,90
211000279,35,24,11
211000281,119,59,60
211507980,4,51,-47
211977296,35,4,31
212000003,140,39,101
212000004,30,34,-4
212000005,12,32,-20
212000006,33,38,-5
212000008,133,77,56
212000009,28,70,-42
212000012,106,73,33
212000013,31,53,-22
212000014,243,117,126
212000015,265,186,79
212000016,410,402,8
212000027,513,275,238
212000028,299,264,35
212000029,211,152,59
212000030,48,16,32
212000031,37,37,0
212000048,37,145,-108
212000049,11,101,-90
212000050,18,11,7
212000051,148,137,11
212000052,166,199,-33
212000053,341,384,-43
212000054,301,64,237
212000055,281,119,162
212000056,32,34,-2
212000057,18,8,10
212000058,164,40,124
212000070,97,154,-57
212000077,120,395,-275
212000099,329,190,139
212000108,187,125,62
212000111,227,73,154
212000120,97,46,51
212000138,166,24,142
212000156,7,66,-59
212000158,15,15,0
212000159,470,27,443
212000160,784,182,602
212000161,78,9,69
212000310,37,9,28
212000311,19,42,-23
212000374,30,10,20
213000001,27,362,-335
213000005,499,116,383
213000006,1037,281,756
213000007,126,6,120
213000009,660,423,237
213000010,212,313,-101
213000011,243,95,148
213000012,149,269,-120
213000014,75,10,65
213000015,233,4,229
213000016,374,0,374
213000017,88,0,88
213000018,1,95,-94
213000019,4,102,-98
213000020,99,319,-220
213000021,4,118,-114
213000023,506,178,328
213000033,371,1730,-1359
213000034,810,213,597
213000035,134,169,-35
213000045,202,226,-24
213000046,195,132,63
213000047,551,1222,-671
213000056,118,21,97
213000069,77,5,72
213000073,3,60,-57
213000074,71,324,-253
213000075,617,13,604
213000076,35,1,34
213000085,15,52,-37
213000086,29,123,-94
213000091,235,23,212
213000092,105,10,95
213000099,172,982,-810
213000100,1110,214,896
213000101,496,122,374
213000102,603,208,395
213000103,985,733,252
213000104,67,392,-325
213000105,3,172,-169
213000106,27,69,-42
213000107,129,330,-201
213000108,46,297,-251
213000109,20,153,-133
213000110,49,55,-6
213000111,8,79,-71
213000112,110,105,5
213000115,90,19,71
213000116,59,304,-245
213000117,4,470,-466
213000118,485,219,266
213000119,46,522,-476
213000120,86,363,-277
213000122,116,376,-260
213000123,328,956,-628
213000124,132,1091,-959
213000125,163,26,137
213000126,89,151,-62
213000127,113,249,-136
213000128,315,1084,-769
213000129,347,764,-417
213000130,754,285,469
213000132,576,93,483
213000133,806,121,685
213000134,896,22,874
213000136,532,26,506
213000137,758,57,701
213000139,204,36,168
213000147,89,6,83
213000148,25,9,16
213000149,44,10,34
213000150,1,144,-143
213000151,2,117,-115
213000152,2,93,-91
213000153,2,97,-95
213000154,32,381,-349
213000155,56,201,-145
213000156,184,322,-138
213000157,681,296,385
213000158,404,941,-537
213000159,701,389,312
213000163,1057,136,921
213000165,1079,276,803
213000171,1,38,-37
213000172,6,171,-165
213000173,4,168,-164
213000174,2,93,-91
213000175,18,49,-31
213000176,70,37,33
213000177,116,7,109
213000178,235,8,227
213000179,286,2,284
213000180,238,0,238
213000184,79,399,-320
213000188,455,117,338
213000189,464,49,415
213000190,797,615,182
213000191,436,291,145
213000192,275,252,23
213000193,593,285,308
213000194,1,75,-74
213000195,25,288,-263
213000196,254,1052,-798
213000197,455,400,55
213000198,58,1,57
213000200,125,619,-494
213000201,45,47,-2
213000202,30,393,-363
213000203,2873,533,2340
213000204,743,65,678
213000205,411,63,348
213000206,429,67,362
213000207,122,22,100
213000208,71,2,69
213000209,149,4,145
213000210,294,3,291
213000211,9,13,-4
213000212,13,56,-43
213000213,18,51,-33
213000218,289,379,-90
213000219,610,21,589
213000220,545,13,532
213000223,209,199,10
213000224,55,56,-1
213000225,155,9,146
213000226,79,6,73
213000227,929,166,763
213000228,434,80,354
213000229,157,20,137
213000230,343,29,314
213000232,51,809,-758
213000233,5,618,-613
213000234,2,48,-46
213000293,13,68,-55
213000294,150,30,120
213000295,15,89,-74
213000296,43,25,18
213000297,14,73,-59
213000298,35,81,-46
213000299,43,34,9
213000300,9,3,6
213000303,3,28,-25
213000304,2,17,-15
213000305,4,14,-10
213000306,50,30,20
213000307,100,37,63
213000308,98,163,-65
213000309,160,51,109
213000310,495,176,319
213000311,183,709,-526
213000315,75,75,0
213000316,175,48,127
213000322,105,90,15
213000323,126,69,57
213000324,76,25,51
213000325,71,52,19
213000326,55,26,29
213000327,80,36,44
213000328,49,123,-74
213000329,140,25,115
213000340,100,320,-220
213000341,591,87,504
213000346,275,276,-1
213000347,588,437,151
213000348,3,141,-138
213000349,32,8,24
213000350,305,682,-377
213000366,58,222,-164
213000367,277,31,246
213000379,78,53,25
213000386,26,288,-262
213000406,93,393,-300
213000417,1425,450,975
213000425,306,33,273
213000426,163,61,102
213000427,62,156,-94
213000428,57,148,-91
213000429,8,7,1
213000430,130,489,-359
213000431,53,1,52
213000432,3,35,-32
213000433,27,99,-72
213000434,118,82,36
213000435,153,70,83
213000436,56,67,-11
213000437,1,9,-8
213000438,172,82,90
213000439,62,18,44
213000440,5,293,-288
213000441,10,0,10
213000442,0,31,-31
213000443,380,257,123
213000444,51,33,18
213000445,0,83,-83
213000446,0,28,-28
213000447,3,28,-25
213000448,15,124,-109
213000449,582,13,569
213000450,23,28,-5
213000451,312,81,231
213000452,14,17,-3
213000453,41,240,-199
213000455,331,4,327
213000456,0,450,-450
213000481,1,8,-7
213000482,39,5,34
213000489,292,69,223
213000491,1,151,-150
213000492,156,5,151
213000493,1,154,-153
213000494,291,103,188
213000495,0,36,-36
213000496,475,164,311
213000497,43,222,-179
213000498,143,132,11
213000499,267,364,-97
213000500,618,58,560
213000501,143,28,115
213000502,148,138,10
213000503,1,62,-61
213000504,20,63,-43
213000505,29,4,25
213000506,0,17,-17
213000507,6,80,-74
213900016,0,10,-10
213900244,48,0,48
213900245,0,26,-26
218000003,19,31,-12
218000004,27,23,4
218000005,29,43,-14
218000006,55,29,26
218000007,21,5,16
218000012,111,100,11
218000013,130,107,23
218000014,373,341,32
218000019,608,433,175
218000020,259,337,-78
218000021,30,42,-12
218000022,9,20,-11
218000023,2,7,-5
218000024,0,5,-5
218000025,10,7,3
218000026,7,14,-7
218000027,0,8,-8
218000028,6,1,5
218000029,3,1,2
218000030,16,18,-2
218000031,11,11,0
218000032,3,31,-28
218000040,8,1,7
218000046,70,54,16
218000047,20,88,-68
218000048,72,62,10
218000049,95,80,15
218000050,366,233,133
218000051,96,189,-93
218000052,3,55,-52
218000053,4,15,-11
218000054,13,55,-42
218000055,5,32,-27
218000056,15,33,-18
218000057,7,30,-23
218000064,3,4,-1
218000065,77,31,46
218000066,16,35,-19
218000067,71,74,-3
218000068,128,86,42
218000069,282,107,175
218000070,249,164,85
218000071,246,106,140
218000072,212,154,58
218000078,750,513,237
218000079,108,74,34
218000080,168,46,122
218000081,561,162,399
218000082,66,77,-11
218000083,53,34,19
218000084,165,65,100
218000085,131,255,-124
218000086,102,104,-2
218000087,158,117,41
218000090,10,100,-90
218000091,928,416,512
218000092,95,144,-49
218000093,84,38,46
218000094,394,328,66
218000099,285,517,-232
218000100,268,231,37
218000101,295,115,180
218000102,358,174,184
218000103,121,99,22
218000104,85,37,48
218000105,19,29,-10
218000106,11,9,2
218000107,65,32,33
218000108,1,15,-14
218000112,42,35,7
218000117,52,32,20
218000134,470,411,59
218000135,20,78,-58
218000136,173,107,66
218000137,142,111,31
218000138,36,65,-29
218000139,176,268,-92
218000140,459,191,268
218000141,88,62,26
218000142,196,164,32
218000143,113,308,-195
218000144,65,98,-33
218000145,427,246,181
218000146,100,139,-39
218000151,15,12,3
218000152,157,59,98
218000153,20,3,17
218000154,17,7,10
218000155,21,2,19
218000156,93,11,82
218000157,43,16,27
218000158,8,7,1
218000159,3,6,-3
218000160,4,3,1
218000161,34,3,31
218000162,40,8,32
218000163,10,2,8
218000164,56,14,42
218000165,82,25,57
218000170,3,39,-36
218000171,37,7,30
218000172,11,10,1
218000173,24,18,6
218000174,14,9,5
218000176,115,18,97
218000177,203,141,62
218000178,40,138,-98
218000179,44,57,-13
218000180,56,24,32
218000181,126,43,83
218000187,11,21,-10
218000188,25,50,-25
218000189,28,43,-15
218000190,24,30,-6
218000191,136,35,101
218000192,222,152,70
218000193,379,181,198
218000194,97,194,-97
218000195,152,55,97
218000196,398,203,195
218000197,517,201,316
218000198,13,76,-63
218000199,49,19,30
218000200,67,19,48
218000201,18,6,12
218000202,59,283,-224
218000207,6,18,-12
218000208,23,25,-2
218000211,50,29,21
218000212,2,14,-12
218000213,121,190,-69
218000214,3,49,-46
218000215,39,35,4
218000217,6,67,-61
218000218,278,66,212
218000219,24,17,7
218000220,54,368,-314
218000221,554,126,428
218000222,2,30,-28
218000223,24,354,-330
218000224,11,172,-161
218000225,114,17,97
218000226,124,63,61
218000230,0,8,-8
218000232,43,34,9
218000239,93,8,85
218000240,9,4,5
218000241,29,1,28
218000242,28,2,26
218000243,34,4,30
218000244,31,5,26
218000245,48,3,45
218000246,1,0,1
218000247,0,1,-1
218000248,0,20,-20
218000249,0,5,-5
218000250,2,28,-26
218000251,2,34,-32
218000252,3,71,-68
218000253,7,91,-84
218000254,1,46,-45
218000255,3,36,-33
218000256,7,77,-70
218000267,341,746,-405
218000268,3,41,-38
218000269,0,11,-11
218000270,92,37,55
218000271,6,40,-34
218000273,26,4,22
218000274,17,4,13
218000275,37,28,9
218000276,14,30,-16
218000278,12,33,-21
218000279,92,50,42
218000280,10,27,-17
218000281,11,9,2
218000282,415,545,-130
218000284,62,5,57
218000301,75,127,-52
218000302,132,47,85
218000303,25,37,-12
218000316,733,756,-23
218000317,1287,641,646
218000318,875,478,397
218000319,999,566,433
218000320,692,403,289
218000338,25,31,-6
218000345,62,35,27
218000346,29,160,-131
218000459,29,168,-139
218000490,25,51,-26
218000501,108,16,92
218000502,49,52,-3
218000503,112,22,90
218000504,159,30,129
218000505,49,90,-41
218000506,42,193,-151
218000508,6,12,-6
218000510,132,12,120
218000520,80,95,-15
218000521,5,30,-25
218000522,0,119,-119
218000523,130,3,127
218000524,23,376,-353
218000525,114,18,96
218000526,23,200,-177
218000529,25,82,-57
218000530,16,1,15
218000531,19,18,1
218000532,15,13,2
218000534,176,17,159
218000537,26,72,-46
218000538,99,320,-221
218000540,308,98,210
218000543,233,53,180
218000544,32,63,-31
218000545,91,68,23
218000546,42,52,-10
218000547,88,174,-86
218000548,112,83,29
218000549,486,524,-38
218000550,167,190,-23
218000551,71,925,-854
218000552,238,75,163
218000553,22,103,-81
218000554,26,30,-4
218000555,37,54,-17
218000556,107,151,-44
218000557,294,68,226
218000558,62,0,62
218000559,0,29,-29
218000560,0,34,-34
218000561,7,0,7
218000562,24,139,-115
218000563,228,22,206
218000564,7,138,-131
218000565,131,46,85
218000566,244,41,203
218000567,5,115,-110
218000568,88,8,80
218000569,10,216,-206
218000570,131,9,122
218000571,2,82,-80
218000572,126,3,123
218000573,21,180,-159
218000574,124,31,93
218000575,101,4,97
218000576,1,76,-75
218000577,108,0,108
218000578,1,84,-83
218000579,59,11,48
218000581,4,41,-37
218000582,41,2,39
218000583,17,0,17
218000584,1,24,-23
218000585,31,3,28
218000586,11,49,-38
218000587,1,0,1
218000588,3,4,-1
218000589,0,4,-4
218000590,2,1,1
218000591,2,3,-1
218000592,24,1,23
218000593,0,0,0
218000594,1,1,0
218000595,0,0,0
218000596,0,0,0
218000597,0,0,0
218000598,0,0,0
218000599,2,0,2
218000600,0,2,-2
218000601,0,0,0
218000602,1,4,-3
218000603,0,6,-6
218000604,3,0,3
218000605,0,25,-25
218000606,50,0,50
218000607,6,58,-52
218000608,59,16,43
218000609,14,36,-22
218000610,80,8,72
218000611,19,7,12
218000612,3,27,-24
218000613,40,5,35
218000614,2,38,-36
218000615,118,1,117
218000616,7,103,-96
218000617,27,3,24
218000618,2,19,-17
218000619,18,40,-22
218000620,11,30,-19
218000621,2,12,-10
218000622,1,21,-20
218000623,99,4,95
218000624,3,13,-10
218000625,5,5,0
218000626,4,10,-6
218000628,183,46,137
218000631,15,7,8
218000632,5,104,-99
218000633,192,1,191
218000634,3,11,-8
218000635,5,8,-3
218000636,729,706,23
218000637,1089,350,739
218000638,174,26,148
218000639,27,73,-46
218000640,269,18,251
218000641,35,162,-127
218000652,35,50,-15
218000653,141,39,102
218000663,9,66,-57
218000675,54,54,0
218000676,4,20,-16
218000677,5,1,4
218000680,144,246,-102
218000681,288,88,200
218000691,161,115,46
218000693,327,71,256
218000703,6,23,-17
218000718,187,1013,-826
218000719,423,698,-275
218000720,6,289,-283
218000721,136,22,114
218000725,11,9,2
218001214,7,114,-107
218001258,88,0,88
218001329,87,69,18
218001330,75,60,15
218001351,38,4,34
218001352,3,13,-10
218001353,11,4,7
218001354,3,28,-25
218001356,456,19,437
218001358,298,2,296
218001361,336,16,320
219000001,47,43,4
219000002,37,26,11
219000003,78,52,26
219000004,43,38,5
219000017,75,47,28
219000020,128,32,96
219000022,126,4,122
219000023,89,0,89
219000029,12,61,-49
219000034,37,23,14
219000039,80,132,-52
219000040,49,54,-5
219000041,151,29,122
219000051,0,46,-46
219000052,0,26,-26
219000053,1,80,-79
219000054,27,69,-42
219000055,234,5,229
219000056,11,0,11
219000057,97,1,96
219000062,26,55,-29
219000063,64,4,60
219000064,0,54,-54
219000110,383,89,294
219000111,117,27,90
219000112,195,42,153
219000113,135,37,98
219000114,161,63,98
219000116,86,43,43
219000117,136,57,79
219000118,121,46,75
219000123,164,60,104
219000124,60,43,17
219000125,7,6,1
219000126,62,117,-55
219000127,0,5,-5
219000128,10,103,-93
219000129,23,92,-69
219000130,219,312,-93
219000131,467,726,-259
219000133,44,42,2
219000134,14,22,-8
219000135,24,57,-33
219000136,91,185,-94
219000138,62,11,51
219000139,22,25,-3
219000140,74,2,72
219000141,33,52,-19
219000142,11,49,-38
219000143,14,53,-39
219000145,22,30,-8
219000146,5,20,-15
219000147,8,27,-19
219000148,8,14,-6
219000149,11,40,-29
219000150,4,39,-35
219000151,5,26,-21
219000157,151,106,45
219000158,124,159,-35
219000161,120,19,101
219000163,1000,421,579
219000166,105,149,-44
219000167,69,139,-70
219000168,297,104,193
219000174,403,138,265
219000175,95,5,90
219000176,163,3,160
219000177,68,5,63
219000178,68,1,67
219000179,29,11,18
219000180,33,52,-19
219000182,122,9,113
219000183,59,19,40
219000184,74,29,45
219000185,0,36,-36
219000186,73,16,57
219000187,41,52,-11
219000189,49,141,-92
219000190,69,167,-98
219000191,376,1085,-709
219000192,136,125,11
219000193,166,130,36
219000195,0,32,-32
219000196,6,77,-71
219000198,18,60,-42
219000199,41,137,-96
219000200,32,112,-80
219000201,56,106,-50
219000203,28,85,-57
219000204,65,219,-154
219000205,57,171,-114
219000207,110,156,-46
219000209,26,51,-25
219000210,15,67,-52
219000213,4,95,-91
219000239,197,148,49
219000240,242,239,3
219000241,144,97,47
219000242,65,98,-33
219000243,88,162,-74
219000244,9,47,-38
219000245,18,59,-41
219000246,31,26,5
219000247,192,20,172
219000248,501,438,63
219000249,178,92,86
219000250,150,92,58
219000251,578,229,349
219000252,207,149,58
219000253,503,109,394
219000255,152,91,61
219000256,221,88,133
219000257,112,0,112
219000262,100,72,28
219000263,71,84,-13
219000267,1,63,-62
219000268,3,7,-4
219000269,3,3,0
219000270,9,0,9
219000271,112,7,105
219000278,0,4,-4
219000279,3,5,-2
219000283,0,9,-9
219000295,17,82,-65
219000296,72,308,-236
219000297,14,69,-55
219000298,14,93,-79
219000299,426,52,374
219000300,36,119,-83
219000301,192,314,-122
219000302,38,231,-193
219000307,31,36,-5
219000308,41,53,-12
219000311,196,45,151
219000312,614,139,475
219000313,371,67,304
219000314,55,232,-177
219000315,307,22,285
219000316,563,76,487
219000317,128,9,119
219000320,2,42,-40
219000321,0,17,-17
219000323,6,41,-35
219000325,4,8,-4
219000326,71,45,26
219000327,49,14,35
219000328,21,56,-35
219000329,259,113,146
219000330,53,24,29
219000331,60,34,26
219000332,144,80,64
219000333,26,2,24
219000335,76,2,74
219000337,25,0,25
219000338,44,2,42
219000344,17,76,-59
219000345,51,58,-7
219000346,46,72,-26
219000348,146,79,67
219000349,28,91,-63
219000350,72,244,-172
219000351,5,7,-2
219000352,331,82,249
219000353,112,43,69
219000354,216,79,137
219000355,147,43,104
219000356,744,1100,-356
219000363,156,47,109
219000364,112,32,80
219000365,91,16,75
219000366,170,383,-213
219000368,289,488,-199
219000370,750,586,164
219000371,9,18,-9
219000382,11,32,-21
219000383,397,1080,-683
219000385,347,331,16
219000386,514,1351,-837
219000387,9,15,-6
219000390,5,3,2
219000391,2,7,-5
219000397,52,24,28
219000398,71,40,31
219000401,14,82,-68
219000402,19,64,-45
219000403,178,308,-130
219000404,12,105,-93
219000407,6,31,-25
219000409,65,53,12
219000410,122,50,72
219000411,63,12,51
219000446,98,357,-259
219000447,2,21,-19
219000448,12,7,5
219000452,88,63,25
219000453,61,174,-113
219000454,182,287,-105
219000556,251,88,163
219000558,108,99,9
219000590,28,135,-107
219000591,115,88,27
219000592,118,225,-107
219000595,0,15,-15
219000635,201,41,160
219000636,19,43,-24
219000657,45,29,16
219000658,50,123,-73
219000673,1,26,-25
219000676,25,8,17
219000679,40,6,34
219000684,114,8,106
219000685,0,51,-51
219000686,2,4,-2
219000688,1,45,-44
219000689,35,169,-134
219000690,141,12,129
219000691,61,171,-110
219000692,127,20,107
219000693,0,7,-7
219000694,14,0,14
219000695,39,4,35
219000698,12,0,12
219000699,0,28,-28
219000727,0,69,-69
219000728,126,5,121
219000770,50,0,50
219000771,0,28,-28
219000788,198,175,23
219001150,5,33,-28
219001151,1,4,-3
219001166,17,25,-8
219001167,5,64,-59
219001178,43,1,42
220000001,39,68,-29
220000002,10,59,-49
220000003,311,152,159
220000004,448,306,142
220000005,772,1205,-433
220000006,142,597,-455
220000007,401,279,122
220000008,268,480,-212
220000009,226,250,-24
220000010,126,102,24
220000011,328,2642,-2314
220000012,67,290,-223
220000014,86,40,46
220000015,42,251,-209
220000017,63,202,-139
220000018,3375,1737,1638
220000019,83,297,-214
220000020,292,197,95
220000021,581,154,427
220000022,850,300,550
220000023,317,176,141
220000024,1607,368,1239
220000025,838,1112,-274
220000026,286,346,-60
220000027,25,104,-79
220000028,33,46,-13
220000029,37,79,-42
220000030,51,58,-7
220000031,519,323,196
220000064,20,775,-755
221000046,10,0,10
221000047,0,1,-1
221000048,0,2,-2
221000049,0,12,-12
221000050,38,2,36
221000055,25,39,-14
221000057,61,11,50
221000068,327,128,199
221000069,366,54,312
221000070,268,21,247
221000071,123,3,120
221000072,272,7,265
221000073,143,34,109
221000074,2,16,-14
221000075,21,11,10
221000076,8,13,-5
221000077,21,78,-57
221000081,14,15,-1
221000082,77,3,74
221000083,21,3,18
221000084,4,6,-2
221000085,14,44,-30
221000086,14,74,-60
221000087,5,91,-86
221000088,21,101,-80
221000089,26,197,-171
221000090,99,462,-363
221000098,126,14,112
221000099,189,9,180
221000100,96,10,86
221000101,191,25,166
221000102,121,24,97
221000109,7,66,-59
221000110,11,50,-39
221000111,7,117,-110
221000112,13,103,-90
221000113,15,98,-83
221000114,10,94,-84
221000120,23,29,-6
221000121,7,33,-26
221000122,52,43,9
221000123,9,9,0
221000124,15,93,-78
221000155,122,12,110
221000156,54,32,22
221000175,0,3,-3
221000176,2,3,-1
221000182,36,4,32
221000241,488,290,198
221000242,134,299,-165
221000243,408,181,227
221000244,261,319,-58
221000245,67,93,-26
221000246,32,172,-140
221000247,92,102,-10
221000248,121,84,37
221000267,70,595,-525
221000325,62,54,8
221000331,10,44,-34
221000338,11,36,-25
221000378,217,38,179
221000381,63,25,38
222000282,7,2,5
222000296,5,15,-10
222000568,341,25,316
222000569,249,54,195
222000570,145,30,115
222000571,362,23,339
222000577,18,112,-94
222000578,31,122,-91
222000579,27,138,-111
222000580,84,641,-557
222000599,2,91,-89
222000600,2,176,-174
222000601,8,724,-716
222000603,12,42,-30
222000604,3,62,-59
222000605,29,37,-8
222000606,2,13,-11
222000607,5,7,-2
222000608,25,38,-13
222000609,35,100,-65
222000616,427,29,398
222000617,22,30,-8
222000618,5,7,-2
222000620,26,15,11
222000621,38,29,9
222000623,591,13,578
222000624,359,7,352
222000625,731,15,716
222000636,52,5,47
222000686,89,36,53
222000687,54,30,24
222001066,383,0,383
222001067,44,5,39
222001068,101,18,83
222001069,40,35,5
222001082,20,21,-1
222001083,34,29,5
222001084,0,17,-17
222001085,1,220,-219
222001111,80,93,-13
222001112,176,39,137
222001313,31,5,26
222001314,10,85,-75
222001464,103,34,69
222001465,14,54,-40
222001484,160,38,122
222001485,19,44,-25
222001494,580,117,463
222001495,129,120,9
222001496,369,61,308
222001497,48,231,-183
222001502,18,58,-40
222001503,139,31,108
222001504,55,238,-183
222001505,352,12,340
222001506,60,287,-227
222001507,297,32,265
222001510,583,37,546
222001511,27,234,-207
222001514,828,160,668
222001515,202,394,-192
222001518,366,78,288
222001519,61,147,-86
222001527,239,44,195
222001528,49,87,-38
222001529,340,42,298
222001530,74,129,-55
222001533,115,205,-90
222001534,450,40,410
222001535,244,210,34
222001536,85,119,-34
222001537,463,52,411
222001538,49,351,-302
222001563,872,108,764
222001564,61,293,-232
222001568,252,199,53
222001576,1,1,0
222001579,2,23,-21
222001583,10,91,-81
222001584,126,16,110
222001596,745,1450,-705
222001597,2225,557,1668
222001626,1,77,-76
222001650,60,239,-179
222001651,80,606,-526
222001914,219,46,173
222001915,54,112,-58
222001968,500,236,264
222001969,333,397,-64
222001970,150,141,9
222001971,60,15,45
222001972,7,21,-14
225000001,389,107,282
225000002,531,129,402
225000003,551,69,482
225000004,310,145,165
225000005,57,59,-2
225000006,0,127,-127
225000007,979,1029,-50
225000010,324,28,296
225000011,319,941,-622
225000012,198,504,-306
225000013,68,95,-27
225000014,610,74,536
225000015,58,115,-57
225000021,709,140,569
225000027,174,310,-136
225000032,663,123,540
225000042,46,461,-415
225000049,34,39,-5
225000050,93,9,84
225000053,2,222,-220
225000058,553,167,386
225000067,210,111,99
225000068,88,187,-99
225000069,102,305,-203
225000070,89,264,-175
225000071,44,111,-67
225000075,25,479,-454
225000076,66,102,-36
225000078,69,25,44
225000085,76,108,-32
225000086,334,61,273
225000087,154,14,140
225000088,10,134,-124
225000089,173,896,-723
225000090,70,396,-326
225000091,150,127,23
225000092,37,53,-16
225000093,135,143,-8
225000094,8,136,-128
225000095,211,216,-5
225000096,246,269,-23
225000098,750,225,525
225000099,372,92,280
225000100,366,85,281
225000104,79,292,-213
225000110,4,255,-251
225000111,178,597,-419
225000112,228,778,-550
225000113,155,457,-302
225000114,55,206,-151
225000115,839,464,375
225000116,674,189,485
225000117,660,259,401
225000118,965,252,713
225000119,248,79,169
225000120,621,38,583
225000121,204,23,181
225000123,486,13,473
225000125,425,103,322
225000126,439,141,298
225000127,484,1112,-628
225000128,416,749,-333
225000132,275,20,255
225000133,219,20,199
225000134,592,135,457
225000135,61,20,41
225000136,318,17,301
225000137,221,35,186
225000138,382,96,286
225000143,37,138,-101
225000144,4,212,-208
225000145,39,23,16
225000146,44,48,-4
225000147,23,148,-125
225000148,5,140,-135
225000149,34,363,-329
225000151,37,117,-80
225000155,326,262,64
225000156,128,653,-525
225000157,201,236,-35
225000158,44,151,-107
225000171,6,117,-111
225000180,36,3,33
225000181,1,42,-41
225000182,53,1,52
225000185,6,335,-329
225000187,38,270,-232
225000191,60,3,57
225000194,0,8,-8
225000208,1,48,-47
225000209,74,6,68
225000210,4,179,-175
225000217,1,8,-7
225000218,7,0,7
225000223,0,27,-27
225000224,45,1,44
225000225,1,17,-16
225000226,23,2,21
225000227,38,58,-20
225000228,10,3,7
225000229,0,42,-42
225000230,33,0,33
225000231,3,36,-33
225000232,161,0,161
225000241,58,2,56
225000242,0,39,-39
225000249,6,0,6
225000250,28,392,-364
225000251,372,28,344
225000254,2,4,-2
225000256,2,32,-30
225000257,1,34,-33
226000042,219,280,-61
226000043,51,164,-113
226000044,122,258,-136
226000045,44,167,-123
226000046,382,74,308
226000047,319,76,243
226000048,330,79,251
226000049,283,135,148
226000070,0,24,-24
226000071,0,38,-38
226000072,0,15,-15
226000073,0,9,-9
226000074,0,7,-7
226000084,0,56,-56
226000085,0,10,-10
226000086,5,19,-14
226000087,0,19,-19
226000088,24,44,-20
226000090,253,95,158
226000091,11,41,-30
226000092,16,16,0
226000093,15,2,13
226000094,5,2,3
226000095,9,1,8
226000105,17,2,15
226000106,6,0,6
226000107,12,0,12
226000108,11,0,11
226000109,110,1,109
226000124,142,49,93
226000134,772,420,352
226000135,1538,520,1018
226000136,604,423,181
226000137,6,172,-166
226000138,9,96,-87
226000139,7,24,-17
226000156,135,3,132
226000157,186,20,166
226000163,113,177,-64
226000202,8,172,-164
226000231,348,14,334
226000232,33,6,27
227000033,304,38,266
227000036,360,33,327
227000037,278,28,250
227000038,121,32,89
227000084,3,57,-54
227000085,3,50,-47
227000088,46,3,43
227000089,115,3,112
227000090,34,1,33
227000091,28,1,27
227000092,41,0,41
227000093,113,0,113
227000094,11,0,11
227000130,11,56,-45
227000131,24,108,-84
227000132,5,110,-105
227000133,17,105,-88
227000134,15,147,-132
227000152,0,9,-9
227000153,0,53,-53
227000154,1,22,-21
227000155,1,18,-17
227000156,2,12,-10
227000165,6,27,-21
227000196,398,164,234
227000199,399,243,156
227000230,4,269,-265
227000232,578,33,545
227000242,54,260,-206
227000243,440,68,372
227000245,16,194,-178
227000246,66,174,-108
227000247,399,73,326
227000248,119,20,99
227000249,7,74,-67
227000250,239,102,137
227000251,46,127,-81
227000252,22,104,-82
227000253,163,12,151
227000262,345,37,308
227000266,1282,12,1270
227000267,23,854,-831
227000282,0,92,-92
227000284,540,10,530
227000286,3,37,-34
227000287,17,65,-48
227000291,15,315,-300
227000296,202,255,-53
227000484,222,19,203
227000485,24,598,-574
227000655,218,6,212
227000656,619,50,569
227000657,110,4,106
227000661,262,16,246
229000265,11,43,-32
229000296,3,22,-19
229000297,2,39,-37
229000298,5,124,-119
229000320,14,3,11
229000321,18,3,15
229000412,17,47,-30
229000414,18,41,-23
229000415,22,1,21
229000416,0,13,-13
229000417,1,6,-5
229000419,79,333,-254
229000440,319,47,272
229000442,27,11,16
229000443,6,4,2
229000444,2,39,-37
229000445,47,4,43
229000446,57,19,38
229000491,1,10,-9
229000492,8,52,-44
229000493,7,51,-44
229000494,36,3,33
229000495,128,11,117
229000496,48,6,42
229000507,0,49,-49
229000508,0,20,-20
229000509,0,40,-40
229000510,5,27,-22
229000511,9,38,-29
229000512,0,25,-25
229000513,0,6,-6
229000514,0,1,-1
229000517,1,7,-6
229000518,8,13,-5
229000519,4,6,-2
229000520,6,46,-40
229000521,49,17,32
229000522,14,3,11
229000523,8,2,6
229000524,5,0,5
229000527,0,0,0
229000528,1,0,1
229000529,4,0,4
229000530,76,5,71
229000531,36,7,29
229000532,17,0,17
229000533,53,0,53
229000534,83,1,82
229000564,84,3,81
229000565,26,1,25
229000566,0,7,-7
229000567,0,25,-25
229000582,83,4,79
229000583,7,9,-2
229000584,0,42,-42
229000585,0,51,-51
229000718,0,0,0
229000719,0,3,-3
229000720,0,6,-6
229000721,0,0,0
229000722,0,9,-9
229000723,0,11,-11
229000724,0,1,-1
229000725,0,5,-5
229000738,2,0,2
229000739,2,0,2
229000740,1,0,1
229000741,20,0,20
229000742,13,0,13
229000743,19,0,19
229000744,1,0,1
229000745,0,0,0
229000746,11,0,11
229000847,38,0,38
229000848,41,0,41
229000849,112,3,109
229000851,43,0,43
229000854,0,2,-2
229000856,1,31,-30
229000857,0,12,-12
229000858,0,14,-14
229000919,13,38,-25
229000930,4,201,-197
229000937,62,14,48
229000966,58,26,32
229000981,31,22,9
229000985,17,37,-20
229000986,1,6,-5
229000987,0,2,-2
229000988,6,4,2
229000989,13,7,6
229000990,0,4,-4
229000991,2,3,-1
229000992,6,8,-2
229000993,113,5,108
229000998,5,41,-36
229000999,64,7,57
229001034,0,18,-18
229001035,4,0,4
229001037,31,8,23
229001042,22,8,14
229001047,12,39,-27
229001050,33,31,2
229001168,0,16,-16
229001200,11,0,11
229001338,0,28,-28
229001394,168,2,166
229001422,108,18,90
229001423,44,87,-43
229001431,67,41,26
229001432,31,71,-40
229001444,181,59,122
229001445,27,133,-106
229001479,20,5,15
229001503,210,42,168
229001504,125,84,41
229001505,102,25,77
229001506,59,84,-25
229001509,50,9,41
229001545,73,8,65
229001546,4,77,-73
229001553,88,19,69
229001554,38,61,-23
229001630,46,4,42
229001631,9,29,-20
229001635,0,21,-21
229001636,20,1,19
229001658,1,97,-96
229001659,40,2,38
229001660,16,8,8
229001661,7,29,-22
229001662,17,0,17
229001663,0,15,-15
229002584,186,126,60
229002831,124,183,-59
229002841,12,19,-7
229002842,17,21,-4
229002843,62,17,45
229002844,55,72,-17
229002845,20,99,-79
229002846,50,12,38
229002847,3,10,-7
229002848,10,14,-4
229002849,1,115,-114
229002850,15,2,13
229002851,83,294,-211
229002852,286,32,254
229002853,173,23,150
229002854,46,74,-28
229002855,8,44,-36
229002856,36,15,21
229002857,14,328,-314
229002858,17,10,7
229002859,64,346,-282
229002860,452,31,421
229002861,80,19,61
229002862,48,41,7
229002863,33,13,20
229002864,39,40,-1
229002865,12,17,-5
229002866,18,16,2
229002867,4,12,-8
229002868,19,8,11
229002869,27,86,-59
229002870,82,10,72
235000066,329,44,285
235000067,97,66,31
235000072,29,55,-26
235000073,79,313,-234
235000074,63,54,9
235000080,25,81,-56
235000081,146,76,70
235000082,164,29,135
235000083,276,72,204
235000084,40,44,-4
235000085,188,43,145
235000089,26,32,-6
235000092,36,114,-78
235000093,11,9,2
235000097,6,4,2
235000098,74,8,66
235000099,38,20,18
235000116,52,13,39
235000117,432,10,422
235000133,21,527,-506
235000134,14,167,-153
235000206,14,14,0
235000207,3,4,-1
235000208,1,2,-1
235000209,4,2,2
235000210,5,2,3
235000212,8,13,-5
235000213,1,3,-2
235000220,0,6,-6
235000221,40,19,21
235000238,11,103,-92
235000239,2,18,-16
235000242,316,788,-472
235000245,480,206,274
235000246,10,62,-52
235000284,15,102,-87
235000295,116,9,107
235000305,207,25,182
235000306,295,5,290
235000307,22,1,21
235000308,26,2,24
235000309,48,0,48
235000310,39,0,39
235000311,114,37,77
235000322,0,26,-26
235000323,1,45,-44
235000324,4,26,-22
235000325,3,22,-19
235000326,2,107,-105
235000351,9,63,-54
235000352,13,48,-35
235000353,3,33,-30
235000354,28,30,-2
235000355,17,62,-45
235000356,76,9,67
235000357,36,13,23
235000358,100,7,93
235000359,17,8,9
235000360,42,10,32
235000361,50,16,34
235000381,92,75,17
235000382,252,19,233
235000390,8,6,2
235000391,148,8,140
235000392,194,250,-56
235000393,138,144,-6
235000395,143,32,111
235000396,488,74,414
235000400,111,40,71
235000401,6,88,-82
235000405,85,147,-62
235000406,23,176,-153
235000407,36,81,-45
235000409,115,82,33
235000410,32,195,-163
235000411,11,50,-39
235000485,0,10,-10
235000486,11,1,10
235000549,97,87,10
235000550,108,138,-30
235000599,153,48,105
235000600,7,24,-17
235000601,20,27,-7
235000602,125,53,72
235000614,0,2,-2
235000648,2,21,-19
235000649,31,3,28
235000685,1,5,-4
235000815,34,62,-28
235000834,0,13,-13
235000855,57,23,34
235000862,26,71,-45
235000891,0,24,-24
235000892,9,2,7
235000901,90,88,2
235000907,20,18,2
235001010,79,43,36
235001029,421,283,138
235001030,330,218,112
235001078,91,88,3
235001079,65,63,2
235001147,3,34,-31
235001166,16,43,-27
235001167,52,43,9
235001169,47,238,-191
235001188,2,11,-9
235001189,7,0,7
235001197,5,22,-17
235001200,77,36,41
235001207,203,50,153
235001210,15,47,-32
235001215,15,84,-69
235001239,3,18,-15
235001244,2,9,-7
235016267,0,53,-53
277101746,0,0,0
277102712,5,0,5
277103813,0,1,-1
277103814,0,0,0
277103898,0,3,-3
277104249,0,1,-1
277104250,0,2,-2
277104251,0,2,-2
277104252,0,2,-2
990011530,1,120,-119
990014944,2,304,-302
990015176,33,0,33
990015618,0,113,-113
990016032,0,212,-212
990032570,0,253,-253
990070001,49,1,48
990070103,0,5,-5
990070601,7,35,-28
990070751,1188,3,1185
990070766,0,319,-319
990071180,514,172,342
990071343,23,2,21
990071387,0,9,-9
990071823,532,4,528
990072600,2,958,-956
990072964,2,400,-398
990073285,0,1,-1
990074393,1,557,-556
990074870,1427,6,1421
990075106,1188,11,1177
990075746,597,44,553
990076437,1574,2,1572
990076458,2,392,-390
997000007,607,5,602
997000041,0,230,-230
997000058,93,3,90
997000062,20,0,20
997000069,0,3,-3
997000070,0,34,-34
997000100,47,0,47
997000141,5,2247,-2242
997000198,5,914,-909
998000475,5,44,-39
998000736,1,112,-111
998000965,0,9,-9
998001031,0,60,-60
998001700,0,0,0
998001899,0,1,-1
998001900,4,1,3
998003073,1532,6,1526
998101900,0,0,0
998102850,1,258,-257
998501927,793,800,-7
998501929,157,32,125
998501930,47,0,47
998501931,125,10,115
998501932,4,1,3
998501933,84,17,67
998501937,87,43,44
998501944,18,1,17
998501970,50,4,46
998501971,0,66,-66
998501973,0,42,-42
998501974,0,181,-181
998501975,89,1,88
998501976,81,26,55
998501977,0,22,-22
998501978,24,0,24
998501979,1,14,-13
998501980,62,0,62
998501981,26,1,25
998501982,0,139,-139
998502006,0,0,0
998502024,0,4,-4
998502032,0,6,-6
998502062,16,8,8
998502063,0,0,0
998502173,14,2,12
998502269,0,1,-1
998601159,5,90,-85
998601292,0,25,-25
999033574,0,289,-289
999800001,129,24,105
999800002,0,1,-1
999800003,1,1,0
999800004,0,4,-4
999800005,0,5,-5
