ID,insum,outsum,diff
100000001,0,0,0
100000002,1493,2754,-1261
100000003,2752,3921,-1169
100000004,241,907,-666
100000005,1539,2339,-800
100000006,104,112,-8
100000007,438,391,47
100000008,8,34,-26
100000009,38,286,-248
100000010,2,67,-65
100000011,90,54,36
100000012,37,67,-30
100000013,0,8,-8
100000014,25,39,-14
100000015,523,774,-251
100000016,114,213,-99
100000017,71,102,-31
100000018,291,168,123
100000019,451,936,-485
100000020,263,1513,-1250
100000021,392,254,138
100000022,316,956,-640
100000023,819,580,239
100000025,233,975,-742
100000028,454,547,-93
100000029,11,50,-39
100000030,97,31,66
100000031,790,2592,-1802
100000032,359,1265,-906
100000033,154,1121,-967
100000034,16,225,-209
100000035,240,582,-342
100000036,177,377,-200
100000037,412,145,267
100000038,1101,436,665
100000039,154,71,83
100000040,10,122,-112
100000041,356,123,233
100000042,342,89,253
100000043,199,78,121
100000044,43,19,24
100000045,32,87,-55
100000046,123,103,20
100000047,100,48,52
100000048,105,172,-67
100000049,286,256,30
100000051,192,119,73
100000053,36,0,36
100000054,100,3,97
100000055,83,33,50
100000056,94,109,-15
100000057,672,150,522
100000058,84,188,-104
100000059,1,77,-76
100000060,142,208,-66
100000061,627,170,457
100000062,439,238,201
100000063,257,122,135
100000064,270,137,133
100000065,125,160,-35
100000066,97,82,15
100000067,55,162,-107
100000068,92,184,-92
100000069,38,170,-132
100000072,17,80,-63
100000073,219,266,-47
100000075,249,51,198
100000076,564,1901,-1337
100000077,64,260,-196
100000078,9,102,-93
100000079,6,59,-53
100000080,0,54,-54
100000081,2,42,-40
100000102,1023,2150,-1127
100000103,518,689,-171
100000104,450,379,71
100000105,203,390,-187
100000106,374,1781,-1407
100000107,27,624,-597
100000108,62,138,-76
100000109,733,363,370
100000116,460,585,-125
100000117,1,110,-109
100000118,1943,432,1511
100000119,507,468,39
100000121,19,363,-344
100000122,129,501,-372
100000123,2350,2485,-135
100000124,789,1179,-390
100000125,352,892,-540
100000126,180,291,-111
100000127,365,359,6
100000128,44,490,-446
100000129,66,120,-54
100000130,359,488,-129
100000131,143,278,-135
100000132,222,992,-770
100000133,942,395,547
100000135,221,417,-196
100000139,192,292,-100
100000140,0,0,0
100000142,235,145,90
100000143,125,112,13
100000144,734,35,699
100000147,1276,4285,-3009
100000150,57,149,-92
100000151,107,859,-752
100000153,1,101,-100
100000154,1,154,-153
100000155,0,40,-40
100000156,65,147,-82
100000157,643,84,559
100000158,30,121,-91
100000159,24,357,-333
100000165,561,242,319
100000169,16,171,-155
100000174,76,111,-35
100000179,16,706,-690
100000180,133,104,29
100000181,29,93,-64
100000188,13,62,-49
100000189,479,138,341
100000190,187,507,-320
100000191,68,228,-160
100000192,1,163,-162
100000193,33,77,-44
100000330,388,393,-5
100000355,34,89,-55
100000362,953,457,496
100000363,3273,3820,-547
100000364,211,53,158
100000365,5601,4867,734
100000366,992,967,25
100000367,3943,4224,-281
100000368,89,79,10
100000369,155,1204,-1049
100000370,31,646,-615
100000376,13,282,-269
100000379,374,1599,-1225
100000380,2113,3315,-1202
100000384,1997,3155,-1158
100000385,427,2773,-2346
100000386,1293,2423,-1130
100000387,834,4504,-3670
100000388,1574,1452,122
100000389,1897,3534,-1637
100000390,900,841,59
100000391,2468,4675,-2207
100000392,287,770,-483
100000393,224,2344,-2120
100000394,855,1432,-577
100000395,478,1130,-652
100000396,1131,735,396
100000397,641,1781,-1140
100000398,7867,2308,5559
100900002,0,0,0
100900003,35,23,12
100900004,1,2,-1
100900005,0,0,0
100900006,0,0,0
100900007,0,0,0
100900008,0,1,-1
100900009,1,6,-5
100900010,0,0,0
100900011,0,0,0
100900012,0,0,0
100900013,0,0,0
100900014,0,0,0
100900015,0,0,0
100900016,0,0,0
100900017,63,20,43
100900018,0,0,0
100900019,0,0,0
100900020,0,0,0
100900021,47,0,47
100900022,0,0,0
100900023,0,0,0
100900024,0,0,0
100900025,0,0,0
100900026,0,0,0
100900027,10,205,-195
100900028,19,15,4
100900029,0,0,0
100900030,0,0,0
100900031,111,21,90
100900032,58,0,58
100900033,0,0,0
100900034,0,0,0
100900035,0,0,0
100900036,0,0,0
100900037,0,0,0
100900038,0,0,0
100900039,27,0,27
100900040,135,1,134
100900041,152,1,151
100900042,13,12,1
100900043,0,3,-3
100900044,38,0,38
100900045,0,0,0
100900046,93,0,93
100900047,105,11,94
100900048,0,1,-1
100900049,0,0,0
100900050,0,0,0
100900051,0,5,-5
100900052,0,0,0
100900053,0,0,0
100900054,0,0,0
100900055,0,0,0
100900056,0,0,0
100900057,43,4,39
100900058,0,0,0
100900059,0,0,0
100900060,0,0,0
100900061,0,0,0
100900062,0,0,0
100900063,4,99,-95
100900064,21,1,20
100900065,0,0,0
100900066,16,2,14
100900067,0,0,0
100900068,0,0,0
100900069,0,0,0
100900070,0,0,0
100900071,0,0,0
100900072,0,0,0
100900073,0,0,0
100900074,0,0,0
100900075,4,0,4
100900076,0,2,-2
100900077,17,0,17
100900078,9,1,8
100900079,0,0,0
100900080,3,18,-15
100900081,0,0,0
100900082,0,0,0
100900083,0,0,0
100900085,0,1,-1
100900086,0,0,0
100900088,0,0,0
100900089,0,0,0
100900090,0,10,-10
100900091,0,2,-2
100900092,42,2,40
100900093,0,0,0
100900094,0,0,0
100900095,0,0,0
100900096,0,0,0
100900097,0,0,0
100900098,0,0,0
100900099,0,0,0
100900100,0,0,0
100900101,1,0,1
100900102,0,0,0
100900103,0,0,0
100900104,0,0,0
100900105,0,0,0
100900106,0,0,0
100900107,0,0,0
100900108,0,0,0
100900109,0,0,0
100900110,2,10,-8
100900111,0,0,0
100900112,0,0,0
100900113,0,0,0
100900114,0,0,0
100900115,2,0,2
100900116,12,0,12
100900117,0,0,0
100900118,0,0,0
100900119,0,0,0
100900120,2,0,2
100900121,10,0,10
100900122,0,0,0
100900123,0,0,0
100900124,0,0,0
100900125,0,0,0
100900126,0,0,0
100900127,0,0,0
100900128,0,0,0
100900129,0,0,0
100900131,3,0,3
100900133,0,0,0
100900134,0,0,0
100900135,0,0,0
100900137,0,0,0
100900138,0,0,0
100900139,0,0,0
100900140,0,0,0
100900141,0,0,0
100900142,0,0,0
100900143,0,0,0
100900144,0,0,0
100900145,0,0,0
100900146,0,0,0
100900147,0,0,0
100900148,0,0,0
100900149,0,0,0
100900150,0,0,0
100900151,0,0,0
100900152,0,0,0
100900153,0,0,0
100900154,3,0,3
100900155,0,0,0
100900156,0,0,0
100900157,0,0,0
100900159,0,0,0
100900160,0,0,0
100900161,0,0,0
100900162,0,0,0
100900163,0,0,0
100900164,0,0,0
100900165,0,0,0
100900166,0,0,0
100900167,0,0,0
100900168,0,0,0
100900169,0,1,-1
100900170,0,0,0
100900171,0,0,0
100900172,0,0,0
100900173,0,0,0
100900174,0,0,0
100900176,0,0,0
100900177,0,0,0
100900178,51,4,47
100900179,0,0,0
100900180,0,0,0
100900181,0,0,0
100900182,0,2,-2
100900184,3,17,-14
100900186,0,0,0
100900187,0,0,0
100900188,0,0,0
100900189,0,0,0
100900191,0,0,0
100900192,0,0,0
100900195,2,1,1
100900197,257,262,-5
100900198,0,0,0
100900199,5,0,5
100900200,1,0,1
100900201,0,0,0
100900202,1,0,1
100900203,0,0,0
100900204,1,0,1
100900205,0,0,0
100900206,0,0,0
100900207,0,0,0
100900210,0,0,0
100900211,0,0,0
100900213,0,0,0
100900214,0,0,0
100900215,0,0,0
100900217,1,11,-10
101000001,656,1137,-481
101000002,272,878,-606
101000003,28,488,-460
101000004,3678,6121,-2443
101000005,2312,4305,-1993
101000006,2718,4521,-1803
101000007,616,3353,-2737
101000008,1128,2766,-1638
101000009,987,336,651
101000010,274,354,-80
101000011,134,229,-95
101000012,27,17,10
101000013,210,583,-373
101000014,249,626,-377
101000015,731,597,134
101000016,17,383,-366
101000017,73,270,-197
101000018,581,680,-99
101000020,786,273,513
101000021,66,342,-276
101000022,2,5,-3
101000023,153,362,-209
101000025,152,160,-8
101000026,119,2,117
101000027,1035,1724,-689
101000028,452,148,304
101000029,20,735,-715
101000030,142,45,97
101000031,78,786,-708
101000032,1476,2241,-765
101000033,274,1478,-1204
101000034,184,1216,-1032
101000035,42,208,-166
101000036,244,710,-466
101000037,380,1557,-1177
101000039,305,973,-668
101000040,434,1493,-1059
101000041,2329,4166,-1837
101000042,18,454,-436
101000043,1294,2193,-899
101000045,170,332,-162
101000046,883,1521,-638
101000047,902,1954,-1052
101000048,111,126,-15
101000049,47,359,-312
101000050,243,1155,-912
101000051,152,1756,-1604
101000052,558,1646,-1088
101000053,139,491,-352
101000054,325,204,121
101000055,680,1490,-810
101000056,15,137,-122
101000057,160,544,-384
101000058,283,1688,-1405
101000059,1023,2503,-1480
101000060,92,134,-42
101000061,119,2316,-2197
101000062,61,188,-127
101000063,172,1411,-1239
101000064,120,529,-409
101000065,47,788,-741
101000066,147,876,-729
101000067,82,133,-51
101000068,302,434,-132
101000069,145,48,97
101000070,251,185,66
101000071,743,648,95
101000072,2745,1197,1548
101000073,1515,1060,455
101000074,3647,1940,1707
101000075,6374,1209,5165
101000077,2251,693,1558
101000078,978,909,69
101000079,1266,600,666
101000080,597,77,520
101000081,785,841,-56
101000082,1048,751,297
101000083,1335,970,365
101000084,307,217,90
101000085,1385,813,572
101000086,79,163,-84
101000087,125,192,-67
101000088,652,701,-49
101000089,281,715,-434
101000090,293,209,84
101000091,326,211,115
101000092,706,351,355
101000093,687,293,394
101000094,97,95,2
101000095,62,74,-12
101000096,316,281,35
101000097,37,176,-139
101000098,96,324,-228
101000099,434,769,-335
101000100,270,626,-356
101000101,217,283,-66
101000102,101,408,-307
101000103,373,287,86
101000104,48,416,-368
101000105,24,123,-99
101000106,9,52,-43
101000107,5,61,-56
101000108,134,77,57
101000109,92,7,85
101000110,30,80,-50
101000111,9,64,-55
101000113,50,280,-230
101000114,1072,1483,-411
101000115,0,0,0
101000116,0,0,0
101000117,0,0,0
101000119,6,80,-74
101000120,1,7,-6
101000121,0,6,-6
101000122,1,31,-30
101000123,2,13,-11
101000124,449,93,356
101000125,89,38,51
101000128,35,130,-95
101000130,606,117,489
101000131,452,268,184
101000132,43,111,-68
101000135,1,8,-7
101000136,5,13,-8
101000137,19,403,-384
101000141,332,2968,-2636
101000147,183,90,93
101000148,127,2,125
101000149,0,0,0
101000150,32,103,-71
101000151,22,7,15
101000152,108,20,88
101000153,187,40,147
101000154,93,132,-39
101000155,2,1,1
101000156,0,0,0
101000157,1,9,-8
101000160,0,0,0
101000163,22,286,-264
101000164,68,36,32
101000165,142,126,16
101000166,149,260,-111
101000168,8,1,7
101000252,1027,251,776
101000254,0,0,0
101000258,371,4,367
101000261,405,29,376
101000262,283,2346,-2063
101000263,75,1132,-1057
101000265,10,333,-323
101000266,69,63,6
101000269,0,0,0
101000290,66,1544,-1478
101000293,0,0,0
101000294,252,145,107
101000295,73,60,13
101000301,20,339,-319
101000304,589,1499,-910
101000305,1125,929,196
101000328,1,28,-27
101900001,1,0,1
101900002,0,0,0
101900003,0,0,0
101900004,0,0,0
101900005,0,0,0
101900006,0,0,0
101900007,0,0,0
101900008,0,0,0
101900009,0,0,0
101900010,0,0,0
101900011,0,0,0
101900012,0,0,0
101900013,0,0,0
101900017,0,0,0
101900018,8,0,8
101900019,0,0,0
101900020,7,4,3
101900021,2,0,2
101900022,12,5,7
101900023,0,0,0
101900026,0,0,0
101900027,0,0,0
102000001,660,2603,-1943
102000002,926,379,547
102000003,551,2636,-2085
102000004,569,1651,-1082
102000005,260,1583,-1323
102000006,254,1386,-1132
102000007,244,2080,-1836
102000008,2067,1092,975
102000009,2604,3597,-993
102000010,980,1124,-144
102000011,1613,3097,-1484
102000012,1569,1526,43
102000018,426,478,-52
102000019,75,402,-327
102000026,11,127,-116
102000029,129,27,102
102000030,21,87,-66
102000031,3,54,-51
102000032,115,115,0
102000033,125,144,-19
102000034,58,45,13
102000035,78,73,5
102000036,12,93,-81
102000037,21,17,4
102000038,30,22,8
102000039,16,22,-6
102000040,13,45,-32
102000041,3,114,-111
102000042,2,111,-109
102000043,4,18,-14
102000044,168,256,-88
102000045,135,395,-260
102000046,231,149,82
102000047,226,260,-34
102000048,120,229,-109
102000049,344,305,39
102000050,193,328,-135
102000051,83,197,-114
102000052,434,350,84
102000053,453,610,-157
102000054,115,187,-72
102000055,185,39,146
102000056,522,108,414
102000057,267,110,157
102000058,71,104,-33
102000059,104,128,-24
102000060,583,597,-14
102000061,196,189,7
102000062,679,499,180
102000063,106,301,-195
102000064,491,524,-33
102000065,16,76,-60
102000066,310,225,85
102000067,572,1671,-1099
102000068,1546,871,675
102000069,33,515,-482
102000070,590,6,584
102000071,3063,4042,-979
102000072,834,978,-144
102000073,81,90,-9
102000074,191,96,95
102000075,104,70,34
102000076,124,76,48
102000077,733,178,555
102000078,538,113,425
102000079,65,23,42
102000080,109,52,57
102000081,94,356,-262
102000082,101,207,-106
102000083,117,65,52
102000084,368,113,255
102000085,345,218,127
102000086,694,230,464
102000087,148,404,-256
102000088,142,73,69
102000089,587,114,473
102000090,152,503,-351
102000091,816,282,534
102000092,246,326,-80
102000093,242,281,-39
102000094,496,126,370
102000095,159,258,-99
102000096,1903,244,1659
102000097,577,318,259
102000098,476,409,67
102000099,656,290,366
102000100,113,247,-134
102000101,133,255,-122
102000102,77,287,-210
102000103,96,426,-330
102000104,58,161,-103
102000105,91,99,-8
102000106,209,76,133
102000107,555,29,526
102000108,206,42,164
102000109,180,79,101
102000110,660,100,560
102000111,1,36,-35
102000112,46,30,16
102000113,7,19,-12
102000114,103,143,-40
102000115,47,81,-34
102000116,32,271,-239
102000117,9,79,-70
102000118,317,683,-366
102000119,142,176,-34
102000120,52,323,-271
102000121,116,206,-90
102000122,106,502,-396
102000123,98,149,-51
102000124,79,378,-299
102000125,76,88,-12
102000126,141,253,-112
102000127,253,83,170
102000128,57,204,-147
102000129,209,126,83
102000130,166,427,-261
102000131,207,240,-33
102000132,72,506,-434
102000133,1352,420,932
102000134,212,302,-90
102000135,79,291,-212
102000136,19,125,-106
102000137,27,26,1
102000138,49,18,31
102000139,35,58,-23
102000140,3,19,-16
102000141,16,46,-30
102000142,63,43,20
102000143,79,37,42
102000144,135,32,103
102000145,62,35,27
102000146,153,36,117
102000147,35,25,10
102000148,12,111,-99
102000149,80,48,32
102000150,168,14,154
102000151,27,78,-51
102000152,87,75,12
102000153,197,104,93
102000154,75,65,10
102000155,50,80,-30
102000156,53,18,35
102000157,5,97,-92
102000158,5,128,-123
102000159,28,21,7
102000161,46,372,-326
102000162,3,22,-19
102000163,9,287,-278
102000164,124,471,-347
102000165,0,1,-1
102000166,0,48,-48
102000167,0,0,0
102000168,31,47,-16
102000169,22,157,-135
102000170,0,0,0
102000171,0,0,0
102000172,14,86,-72
102000173,106,144,-38
102000174,6,2,4
102000175,81,12,69
102000176,13,5,8
102000178,34,23,11
102000179,161,87,74
102000180,250,77,173
102000181,334,114,220
102000182,166,122,44
102000183,759,241,518
102000184,220,109,111
102000185,1225,208,1017
102000186,339,125,214
102000187,181,117,64
102000188,458,418,40
102000189,634,91,543
102000190,534,854,-320
102000191,245,100,145
102000192,85,337,-252
102000193,28,3,25
102000194,3,24,-21
102000195,104,68,36
102000196,93,41,52
102000197,347,25,322
102000198,46,74,-28
102000199,441,27,414
102000200,80,154,-74
102000201,339,41,298
102000202,1,8,-7
102000203,60,13,47
102000204,112,151,-39
102000205,312,86,226
102000206,113,34,79
102000207,204,132,72
102000208,31,112,-81
102000209,10,23,-13
102000210,83,9,74
102000211,66,0,66
102000212,210,13,197
102000213,0,0,0
102000214,143,0,143
102000215,0,2,-2
102000216,62,55,7
102000217,0,9,-9
102000218,80,62,18
102000219,1,1,0
102000225,331,319,12
102000226,0,0,0
102000227,68,0,68
102000228,0,0,0
102000229,0,6,-6
102000230,68,174,-106
102000231,87,147,-60
102000232,0,173,-173
102000233,65,162,-97
102000234,35,1041,-1006
102000236,22,7,15
102000237,99,14,85
102000238,5,10,-5
102000240,0,0,0
102000241,11,0,11
102000243,1,25,-24
102000245,0,0,0
102000246,0,59,-59
102000247,19,167,-148
102000248,86,387,-301
102000249,17,13,4
102000250,43,65,-22
102000254,36,58,-22
102000266,2,23,-21
102000271,4,3,1
102000286,49,144,-95
102000297,235,100,135
102000299,0,0,0
102000301,0,0,0
102000305,0,0,0
102000307,0,0,0
102000308,0,0,0
102900001,138,26,112
102900002,63,0,63
102900003,0,0,0
102900005,102,13,89
102900006,58,1,57
102900007,149,1,148
102900008,16,0,16
102900009,36,0,36
102900010,123,3,120
102900011,0,0,0
102900012,0,0,0
102900013,0,0,0
102900015,0,0,0
102900016,0,0,0
102900017,0,0,0
102900018,0,0,0
102900019,0,0,0
102900020,0,0,0
102900021,0,0,0
102900022,0,0,0
102900023,0,0,0
102900024,0,0,0
102900025,0,0,0
102900026,2,128,-126
102900027,0,0,0
102900028,5,90,-85
102900029,0,0,0
102900030,12,38,-26
102900031,52,22,30
102900032,0,0,0
102900033,0,0,0
102900034,156,0,156
102900035,0,0,0
102900036,145,28,117
102900037,54,12,42
102900038,52,11,41
102900039,0,0,0
102900040,0,0,0
102900041,0,0,0
102900042,0,0,0
102900043,0,0,0
102900044,0,0,0
102900045,0,0,0
102900046,0,0,0
102900047,0,0,0
102900048,0,0,0
102900049,0,0,0
102900050,0,0,0
102900051,0,0,0
102900052,0,0,0
102900053,0,0,0
102900054,1,0,1
102900055,0,0,0
102900056,0,0,0
102900057,0,0,0
102900058,0,0,0
102900059,0,0,0
102900060,2,43,-41
102900061,3,18,-15
102900062,78,19,59
102900063,43,8,35
102900064,2,71,-69
102900065,82,2,80
102900066,10,1,9
102900068,0,0,0
102900070,0,0,0
102900072,0,0,0
102900073,0,0,0
102900075,0,0,0
102900076,0,0,0
102900077,0,0,0
102900078,0,0,0
102900079,93,0,93
102900080,50,3,47
102900081,0,0,0
102900082,0,0,0
102900083,0,0,0
102900084,0,0,0
102900085,0,0,0
102900086,0,0,0
102900087,0,0,0
102900088,0,0,0
102900089,0,0,0
102900090,0,0,0
102900091,0,0,0
102900092,0,0,0
102900093,0,0,0
102900094,0,0,0
102900095,9,0,9
102900096,0,0,0
102900097,0,0,0
103000001,2633,1596,1037
103000002,1347,1394,-47
103000003,1189,1162,27
103000004,247,419,-172
103000005,1251,1430,-179
103000006,540,824,-284
103000007,345,329,16
103000008,157,100,57
103000009,482,653,-171
103000010,128,36,92
103000011,445,639,-194
103000012,674,1111,-437
103000013,456,525,-69
103000014,915,2258,-1343
103000015,220,42,178
103000016,325,573,-248
103000017,133,257,-124
103000018,157,165,-8
103000019,152,199,-47
103000020,343,509,-166
103000021,2172,1614,558
103000022,137,287,-150
103000023,422,1783,-1361
103000024,26,59,-33
103000025,63,407,-344
103000026,97,97,0
103000027,49,227,-178
103000028,251,237,14
103000029,77,100,-23
103000030,368,489,-121
103000031,434,1175,-741
103000032,598,498,100
103000033,2815,2480,335
103000034,570,461,109
103000035,157,524,-367
103000036,103,238,-135
103000037,175,222,-47
103000038,271,658,-387
103000039,165,73,92
103000040,101,380,-279
103000041,752,643,109
103000042,691,97,594
103000043,484,309,175
103000044,62,0,62
103000046,21,78,-57
103000047,143,127,16
103000048,21,32,-11
103000049,9,60,-51
103000050,63,8,55
103000051,24,53,-29
103000052,81,6,75
103000053,3,27,-24
103000054,860,164,696
103000055,1103,508,595
103000056,484,379,105
103000057,463,161,302
103000058,318,147,171
103000059,352,283,69
103000060,316,131,185
103000061,321,353,-32
103000062,262,59,203
103000063,376,439,-63
103000064,24,33,-9
103000065,0,20,-20
103000066,38,0,38
103000069,109,52,57
103000070,106,81,25
103000071,239,186,53
103000072,53,44,9
103000073,455,52,403
103000074,257,33,224
103000075,7,81,-74
103000076,106,312,-206
103000077,1,61,-60
103000078,290,383,-93
103000079,126,316,-190
103000080,371,156,215
103000081,80,547,-467
103000082,229,12,217
103000083,3,78,-75
103000084,47,9,38
103000085,0,24,-24
103000086,471,216,255
103000087,59,283,-224
103000088,174,172,2
103000089,96,365,-269
103000090,3598,2695,903
103000091,621,723,-102
103000092,544,210,334
103000093,87,110,-23
103000094,153,69,84
103000095,15,65,-50
103000096,242,16,226
103000097,30,85,-55
103000098,359,13,346
103000099,28,54,-26
103000100,28,130,-102
103000101,506,56,450
103000102,13,82,-69
103000103,391,49,342
103000104,52,30,22
103000105,155,14,141
103000106,4,40,-36
103000107,195,23,172
103000108,911,973,-62
103000109,186,625,-439
103000110,633,578,55
103000111,93,183,-90
103000112,120,167,-47
103000113,58,426,-368
103000114,635,383,252
103000115,665,591,74
103000116,431,237,194
103000117,504,146,358
103000118,56,93,-37
103000119,87,60,27
103000120,1,10,-9
103000121,50,104,-54
103000122,653,952,-299
103000125,10,21,-11
103000126,395,2,393
103000127,1,64,-63
103000128,59,0,59
103000129,0,34,-34
103000130,45,8,37
103000131,44,73,-29
103000132,12,48,-36
103000133,2,67,-65
103000134,98,162,-64
103000135,159,124,35
103000136,101,32,69
103000137,49,249,-200
103000138,244,385,-141
103000139,0,21,-21
103000140,24,8,16
103000141,0,42,-42
103000142,77,24,53
103000143,10,21,-11
103000144,47,24,23
103000145,0,23,-23
103000150,6,39,-33
103000152,71,172,-101
103000153,70,229,-159
103000156,0,96,-96
103000157,153,1,152
103000159,52,45,7
103000162,13,0,13
103000163,2,9,-7
103000164,1,2,-1
103000165,26,77,-51
103000166,74,279,-205
103000167,128,52,76
103000168,78,43,35
103000169,68,153,-85
103000170,695,240,455
103000171,4,30,-26
103000172,510,139,371
103000173,12,4,8
103000174,629,177,452
103000175,61,30,31
103000176,174,284,-110
103000177,25,12,13
103000178,34,14,20
103000179,42,7,35
103000183,185,18,167
103000185,105,8,97
103000186,208,67,141
103000187,0,2,-2
103000188,10,27,-17
103000189,277,378,-101
103000191,210,187,23
103000292,9,275,-266
103000293,147,796,-649
103000295,25,39,-14
103000296,26,1,25
103000297,10,2,8
103000504,1,1,0
103000505,1,10,-9
103000506,0,12,-12
103000507,112,0,112
103000508,71,35,36
103000509,144,116,28
103900001,0,0,0
103900002,0,0,0
103900003,45,15,30
103900004,2,0,2
103900005,0,0,0
103900006,0,0,0
103900007,0,0,0
103900008,5,0,5
103900009,104,5,99
103900010,32,0,32
103900011,0,0,0
103900012,0,16,-16
103900013,0,0,0
103900014,5,4,1
103900015,23,0,23
103900016,0,0,0
103900017,0,0,0
103900018,0,0,0
103900019,1,78,-77
103900020,0,0,0
103900021,8,0,8
103900022,117,2,115
103900023,36,0,36
103900024,6,14,-8
103900025,0,0,0
103900026,0,0,0
103900027,49,0,49
103900028,16,30,-14
103900029,174,8,166
103900030,30,2,28
103900031,25,0,25
103900032,2,4,-2
103900033,2,3,-1
103900034,0,0,0
103900035,0,0,0
103900036,5,5,0
103900037,0,2,-2
103900038,2,31,-29
103900039,0,0,0
103900040,0,0,0
103900041,1,6,-5
103900042,0,0,0
103900043,0,0,0
103900044,1,76,-75
103900045,5,4,1
103900047,0,0,0
103900048,0,0,0
103900049,0,0,0
103900050,0,0,0
103900051,0,0,0
103900052,0,0,0
103900053,1,0,1
103900054,0,0,0
103900055,0,0,0
103900056,0,0,0
103900057,42,0,42
103900058,0,0,0
103900059,0,0,0
103900060,61,8,53
103900061,48,0,48
103900062,0,0,0
103900063,0,0,0
103900064,15,0,15
103900065,4,2,2
103900066,39,1,38
103900067,12,0,12
103900068,0,0,0
103900069,0,0,0
103900070,5,0,5
103900071,1,1,0
103900072,1,0,1
103900073,0,18,-18
103900074,0,3,-3
103900075,15,0,15
103900076,0,0,0
103900077,3,29,-26
103900078,3,3,0
103900079,0,0,0
103900080,0,0,0
103900081,0,0,0
103900082,0,0,0
103900083,74,235,-161
103900084,0,0,0
103900085,1,1,0
103900086,44,6,38
103900087,0,0,0
103900088,10,12,-2
103900089,0,1,-1
103900090,0,0,0
103900091,0,0,0
103900092,0,0,0
103900093,46,0,46
103900094,0,0,0
103900095,2,0,2
103900096,64,0,64
103900097,0,0,0
103900098,0,0,0
103900099,9,0,9
103900100,0,0,0
103900101,0,0,0
103900102,0,0,0
103900104,0,1,-1
103900105,0,0,0
103900106,0,0,0
103900107,64,4,60
103900108,9,6,3
103900109,22,0,22
103900110,0,0,0
103900111,0,0,0
103900112,0,0,0
103900113,0,0,0
103900114,0,0,0
103900115,0,0,0
103900116,0,30,-30
103900117,9,0,9
103900119,1,47,-46
103900120,3,6,-3
103900122,0,0,0
103900123,0,0,0
103900124,0,0,0
103900125,0,0,0
103900126,52,4,48
103900127,0,2,-2
103900128,0,0,0
103900131,0,0,0
103900133,50,0,50
103900134,0,0,0
103900135,0,0,0
103900137,0,0,0
103900138,0,0,0
103900139,14,99,-85
103900140,0,0,0
103900141,6,1,5
103900142,17,0,17
103900143,1,0,1
103900144,0,0,0
103900145,1,10,-9
103900146,53,3,50
103900147,0,0,0
103900148,0,0,0
103900149,15,0,15
103900150,144,27,117
103900151,0,0,0
103900152,202,1,201
103900153,0,0,0
103900154,0,2,-2
103900155,7,0,7
103900156,0,0,0
103900157,0,0,0
103900158,1,0,1
103900159,0,0,0
103900160,0,0,0
103900161,5,2,3
103900162,0,0,0
103900163,0,0,0
103900167,0,15,-15
103900168,13,0,13
103900169,0,19,-19
103900170,0,0,0
103900171,0,0,0
103900172,0,0,0
103900173,0,3,-3
103900174,23,1,22
103900175,0,30,-30
103900176,0,0,0
103900177,0,0,0
103900178,0,0,0
103900179,0,0,0
103900180,0,0,0
103900181,0,0,0
103900182,0,0,0
103900184,0,0,0
103900185,0,0,0
103900187,0,2,-2
103900188,7,0,7
103900189,3,0,3
103900190,5,2,3
103900191,0,0,0
103900192,0,0,0
103900193,0,0,0
103900194,0,0,0
103900195,0,0,0
103900196,0,0,0
103900197,0,0,0
103900198,0,0,0
103900199,0,0,0
103900200,0,0,0
103900201,0,0,0
103900202,0,0,0
103900203,0,0,0
103900204,0,0,0
103900207,0,0,0
103900208,25,0,25
103900209,0,0,0
103900210,0,0,0
103900211,89,2,87
103900212,0,0,0
103900213,0,0,0
103900214,154,193,-39
103900215,0,0,0
103900216,1,0,1
103900217,36,0,36
103900218,0,0,0
103900219,0,0,0
103900233,0,0,0
103900235,0,0,0
103900236,0,0,0
103900242,0,0,0
103900243,0,0,0
103900244,14,0,14
103900245,0,0,0
103900246,1,0,1
103900247,0,0,0
103900248,0,0,0
103900249,0,0,0
103900250,0,0,0
103900251,0,0,0
103900253,0,0,0
103900254,0,0,0
103900255,0,0,0
103900256,0,0,0
103900257,0,0,0
103900258,0,0,0
103900259,0,0,0
103900261,0,0,0
103900262,0,0,0
103900263,0,0,0
103900264,0,0,0
103900265,0,0,0
103900266,0,1,-1
103900267,0,0,0
103900268,0,0,0
103900269,10,0,10
103900270,0,0,0
103900271,2,0,2
103900272,15,0,15
103900273,1,0,1
103900274,0,0,0
103900275,0,0,0
103900276,0,0,0
103900277,0,0,0
103900278,0,0,0
103900279,0,0,0
104000001,1073,781,292
104000002,1194,1697,-503
104000003,1114,1235,-121
104000004,1457,1604,-147
104000005,1010,1336,-326
104000006,1375,996,379
104000007,2740,1676,1064
104000008,84,24,60
104000009,373,181,192
104000010,95,248,-153
104000011,24,13,11
104000012,7,38,-31
104000013,82,249,-167
104000014,36,29,7
104000015,212,65,147
104000016,27,23,4
104000018,549,113,436
104000019,652,195,457
104000020,44,217,-173
104000021,128,267,-139
104000022,52,213,-161
104000023,590,123,467
104000024,48,34,14
104000026,7,2,5
104000027,20,14,6
104000028,501,158,343
104000029,21,20,1
104000030,598,392,206
104000031,810,77,733
104000032,59,46,13
104000033,588,99,489
104000034,84,23,61
104000035,844,115,729
104000036,734,295,439
104000037,14,15,-1
104000038,452,152,300
104000039,192,184,8
104000040,54,247,-193
104000041,266,152,114
104000042,220,202,18
104000043,32,149,-117
104000044,94,94,0
104000045,333,120,213
104000046,303,279,24
104000047,149,459,-310
104000048,575,891,-316
104000049,296,75,221
104000050,49,221,-172
104000051,22,64,-42
104000052,634,669,-35
104000053,469,93,376
104000054,210,27,183
104000055,1201,310,891
104000056,205,4,201
104000057,0,0,0
104000058,541,429,112
104000059,303,592,-289
104000060,336,321,15
104000061,297,153,144
104000062,136,22,114
104000064,256,54,202
104000065,3,88,-85
104000069,386,683,-297
104000070,27,183,-156
104000071,0,0,0
104000072,89,9,80
104000075,0,0,0
104000076,0,0,0
104000082,526,951,-425
104000083,386,124,262
104000084,49,299,-250
104000085,176,50,126
104000086,122,121,1
104000087,40,145,-105
104000090,80,72,8
104000092,69,123,-54
104000094,167,80,87
104000095,391,635,-244
104000096,930,4,926
104000097,1081,98,983
104000098,1653,97,1556
104000100,1431,137,1294
104000101,713,544,169
104000106,40,148,-108
104000107,582,102,480
104000108,76,44,32
104000109,53,19,34
104000110,143,270,-127
104000111,267,537,-270
104000112,111,70,41
104000116,0,79,-79
104000117,154,81,73
104000118,303,59,244
104000119,80,77,3
104000120,67,83,-16
104000121,63,185,-122
104000122,422,245,177
104000123,248,284,-36
104000124,274,698,-424
104000125,248,374,-126
104000126,212,335,-123
104000127,435,618,-183
104000128,564,59,505
104000129,90,4,86
104000130,3,90,-87
104000131,6,1,5
104000132,4,2,2
104000133,323,227,96
104000134,365,829,-464
104000135,127,943,-816
104000136,484,1533,-1049
104000137,944,336,608
104000138,151,142,9
104000139,1131,1597,-466
104000141,376,385,-9
104000142,209,89,120
104000143,137,22,115
104000144,43,91,-48
104000145,172,76,96
104000146,21,104,-83
104000147,20,70,-50
104000148,182,118,64
104000149,23,42,-19
104000150,498,115,383
104000151,75,61,14
104000152,169,81,88
104000153,460,355,105
104000154,215,320,-105
104000155,369,507,-138
104000157,518,383,135
104000158,52,180,-128
104000159,270,175,95
104000160,1167,1416,-249
104000161,36,65,-29
104000162,50,34,16
104000165,366,181,185
104000167,372,651,-279
104000168,362,4,358
104000169,97,12,85
104000170,5,2,3
104000248,0,67,-67
104000251,0,0,0
104000272,0,0,0
104000273,0,0,0
104000274,0,0,0
104000275,0,0,0
104000279,241,652,-411
104000290,2,128,-126
104000291,467,539,-72
104000293,396,332,64
104000294,0,0,0
104000295,225,858,-633
104000296,124,219,-95
104000297,217,1359,-1142
104000298,429,345,84
104000299,415,857,-442
104900001,0,0,0
104900002,0,0,0
104900003,0,0,0
104900004,0,0,0
104900005,0,0,0
104900006,0,0,0
104900007,0,0,0
104900009,0,0,0
104900010,0,0,0
104900011,0,0,0
104900012,0,0,0
104900013,0,0,0
104900014,0,0,0
104900015,0,0,0
104900016,0,0,0
104900017,0,0,0
104900018,0,0,0
104900019,0,0,0
104900020,0,0,0
104900021,0,0,0
104900022,1,0,1
104900023,0,0,0
104900024,0,0,0
104900025,0,0,0
104900026,0,0,0
104900027,0,0,0
104900028,3,1,2
104900029,0,0,0
104900030,0,0,0
104900031,0,0,0
104900032,0,0,0
104900033,0,0,0
104900034,0,0,0
104900035,0,0,0
104900036,0,0,0
104900037,0,0,0
104900038,0,0,0
104900039,0,0,0
104900040,1,0,1
104900041,0,0,0
104900042,0,0,0
104900043,0,0,0
104900044,48,3,45
104900045,0,0,0
104900046,0,0,0
104900047,78,6,72
104900048,67,1,66
104900049,0,0,0
104900050,0,0,0
104900051,10,0,10
104900052,0,0,0
104900053,67,0,67
104900054,1,0,1
104900055,0,0,0
104900056,20,0,20
104900057,0,0,0
104900058,20,0,20
104900059,58,24,34
104900060,0,0,0
104900061,0,0,0
104900063,0,0,0
104900064,0,0,0
104900065,2,0,2
104900066,0,0,0
104900067,0,0,0
104900068,0,0,0
104900070,0,0,0
104900071,0,0,0
104900072,0,0,0
104900073,0,0,0
104900074,0,0,0
104900075,0,0,0
104900076,0,0,0
104900077,0,0,0
104900078,0,0,0
104900079,0,0,0
104900080,0,0,0
104900082,0,0,0
104900085,0,0,0
104900087,79,1,78
104900089,0,0,0
104900090,0,0,0
104900091,0,0,0
104900093,0,0,0
104900097,0,0,0
104900098,0,0,0
104900099,0,0,0
104900100,0,0,0
104900102,0,0,0
104900103,0,0,0
104900104,0,0,0
104900106,0,0,0
104900107,0,0,0
104900108,0,0,0
104900109,0,0,0
104900110,0,0,0
104900111,0,0,0
104900112,0,0,0
104900113,0,0,0
104900114,0,0,0
104900115,0,0,0
104900116,0,0,0
104900118,0,0,0
104900119,0,0,0
104900120,0,0,0
104900121,0,0,0
104900122,0,0,0
104900123,0,0,0
104900124,0,0,0
104900125,101,0,101
104900126,0,0,0
104900127,0,0,0
104900128,15,0,15
104900129,0,0,0
105000001,934,564,370
105000002,702,825,-123
105000003,805,1194,-389
105000004,297,622,-325
105000005,410,638,-228
105000006,572,1249,-677
105000007,408,921,-513
105000008,603,1607,-1004
105000009,1990,1654,336
105000010,1072,548,524
105000011,1646,1979,-333
105000012,505,715,-210
105000013,572,615,-43
105000014,2127,1436,691
105000015,4005,6452,-2447
105000016,1157,988,169
105000017,1275,638,637
105000018,1751,753,998
105000019,1060,1055,5
105000020,131,203,-72
105000021,92,31,61
105000022,24,31,-7
105000023,203,166,37
105000028,6,102,-96
105000029,94,332,-238
105000030,1842,1290,552
105000033,436,593,-157
105000034,26,402,-376
105000037,176,8,168
105000038,571,633,-62
105000039,284,601,-317
105000040,377,1024,-647
105000041,78,318,-240
105000042,1145,936,209
105000043,266,239,27
105000044,264,152,112
105000045,56,138,-82
105000046,503,96,407
105000047,167,125,42
105000048,629,148,481
105000049,149,86,63
105000050,495,212,283
105000051,68,72,-4
105000052,163,235,-72
105000053,161,6,155
105000054,156,223,-67
105000055,343,47,296
105000056,638,325,313
105000057,1291,164,1127
105000058,428,433,-5
105000059,537,196,341
105000060,305,87,218
105000061,525,106,419
105000062,244,113,131
105000063,66,49,17
105000064,855,142,713
105000065,17,77,-60
105000066,248,90,158
105000067,708,334,374
105000068,39,110,-71
105000069,453,516,-63
105000070,371,542,-171
105000071,223,1001,-778
105000072,744,1251,-507
105000073,507,422,85
105000074,31,123,-92
105000075,155,242,-87
105000076,510,296,214
105000077,937,241,696
105000078,340,621,-281
105000079,98,287,-189
105000080,1350,1242,108
105000081,264,112,152
105000082,436,877,-441
105000083,1621,1366,255
105000084,55,107,-52
105000085,2099,1383,716
105000086,109,109,0
105000087,85,193,-108
105000088,1042,939,103
105000089,618,735,-117
105000090,185,272,-87
105000091,212,146,66
105000092,173,114,59
105000093,155,126,29
105000094,367,102,265
105000095,31,143,-112
105000096,505,651,-146
105000097,223,39,184
105000098,465,408,57
105000099,111,57,54
105000100,406,347,59
105000101,1322,570,752
105000102,663,298,365
105000103,597,388,209
105000104,706,185,521
105000105,476,317,159
105000106,678,285,393
105000107,579,162,417
105000108,598,241,357
105000109,774,308,466
105000110,421,140,281
105000111,541,177,364
105000112,476,206,270
105000113,234,420,-186
105000114,942,924,18
105000115,246,768,-522
105000116,603,243,360
105000117,156,117,39
105000118,199,153,46
105000119,108,79,29
105000120,742,234,508
105000121,214,86,128
105000122,179,177,2
105000123,308,190,118
105000124,1000,203,797
105000125,366,283,83
105000126,724,354,370
105000127,1129,269,860
105000128,150,157,-7
105000129,301,103,198
105000130,98,1852,-1754
105000131,121,65,56
105000132,627,483,144
105000133,102,137,-35
105000134,418,205,213
105000135,57,45,12
105000136,0,0,0
105000137,295,31,264
105000138,0,0,0
105000139,169,151,18
105000140,467,70,397
105000141,102,90,12
105000142,305,115,190
105000143,106,145,-39
105000144,107,79,28
105000145,380,104,276
105000146,0,0,0
105000147,498,73,425
105000148,316,164,152
105000149,905,546,359
105000150,61,43,18
105000151,263,59,204
105000152,64,76,-12
105000153,315,71,244
105000154,156,61,95
105000155,101,107,-6
105000156,64,82,-18
105000157,334,158,176
105000158,820,175,645
105000159,80,71,9
105000160,1071,185,886
105000161,215,150,65
105000162,186,769,-583
105000163,310,155,155
105000164,30,73,-43
105000165,51,2174,-2123
105000166,220,379,-159
105000167,361,1065,-704
105000168,173,147,26
105000169,216,16,200
105000170,51,531,-480
105000171,468,38,430
105000172,65,6,59
105000173,127,29,98
105000174,24,30,-6
105000175,0,0,0
105000176,168,18,150
105000177,155,58,97
105000178,65,34,31
105000179,298,6,292
105000180,0,0,0
105000181,18,35,-17
105000182,0,0,0
105000183,484,1514,-1030
105000184,3,2,1
105000185,129,402,-273
105000186,5,4,1
105000187,216,271,-55
105000188,31,125,-94
105000189,0,5,-5
105000190,95,147,-52
105000191,3,17,-14
105000192,200,18,182
105000193,28,8,20
105000194,191,13,178
105000195,66,117,-51
105000196,49,91,-42
105000197,5,132,-127
105000198,20,34,-14
105000199,21,169,-148
105000200,87,230,-143
105000201,14,8,6
105000203,4,175,-171
105000204,34,50,-16
105000205,35,193,-158
105000207,0,0,0
105000208,97,120,-23
105000209,0,0,0
105000212,381,126,255
105000213,55,18,37
105000214,48,25,23
105000215,103,69,34
105000216,13,0,13
105000217,0,0,0
105000218,826,157,669
105000221,107,21,86
105000222,57,41,16
105000223,56,21,35
105000226,34,30,4
105000227,26,42,-16
105000228,32,568,-536
105000229,98,287,-189
105000231,293,40,253
105000233,374,333,41
105000234,264,421,-157
105000235,276,195,81
105000237,372,29,343
105000243,88,63,25
105000248,5,46,-41
105000262,185,50,135
105000269,26,31,-5
105000270,279,7,272
105000271,0,6,-6
105000282,12,11,1
105000287,119,15,104
105000288,214,131,83
105000289,600,727,-127
105000290,24,81,-57
105000402,388,1231,-843
105000426,28,331,-303
105000438,535,569,-34
105000446,2098,3645,-1547
105000447,2496,531,1965
105000454,0,0,0
105000455,96,55,41
105000474,86,1,85
105000477,145,220,-75
105000478,897,2529,-1632
105000479,70,50,20
105000480,2734,3386,-652
105000481,1526,999,527
105000482,844,1527,-683
105000483,495,1041,-546
105000484,670,1462,-792
105000485,1343,1721,-378
105000486,710,2368,-1658
105000488,838,1824,-986
105000489,671,195,476
105000549,30,24,6
105000550,0,0,0
105000551,6,39,-33
105000552,637,373,264
105000555,57,333,-276
105900001,1,21,-20
105900002,144,63,81
105900003,0,0,0
105900004,0,0,0
105900005,0,0,0
105900006,7,2,5
105900007,0,0,0
105900008,0,0,0
105900009,0,0,0
105900011,4,0,4
105900012,25,4,21
105900013,0,2,-2
105900014,5,0,5
105900015,0,0,0
105900016,27,27,0
105900017,0,0,0
105900018,0,0,0
105900019,0,0,0
105900020,0,0,0
105900021,1,12,-11
105900022,0,0,0
105900023,0,10,-10
105900024,0,22,-22
105900025,19,0,19
105900026,0,0,0
105900027,539,63,476
105900028,6,0,6
105900029,313,36,277
105900030,39,29,10
105900031,0,0,0
105900032,0,0,0
105900033,0,0,0
105900034,0,0,0
105900035,0,0,0
105900036,0,0,0
105900037,0,0,0
105900038,0,0,0
105900039,0,0,0
105900040,0,0,0
105900041,0,0,0
105900042,0,0,0
105900043,29,1,28
105900044,0,0,0
105900045,0,0,0
105900046,0,0,0
105900047,0,0,0
105900048,28,17,11
105900050,45,132,-87
105900051,0,28,-28
105900052,31,0,31
105900053,0,0,0
105900054,0,0,0
105900056,31,13,18
105900057,6,7,-1
105900058,0,0,0
105900059,0,0,0
106000001,1077,725,352
106000002,89,732,-643
106000003,1339,2004,-665
106000004,600,2080,-1480
106000005,2426,2544,-118
106000006,1237,1344,-107
106000007,518,192,326
106000008,40,96,-56
106000009,375,158,217
106000010,46,78,-32
106000011,1005,481,524
106000012,193,240,-47
106000013,1466,852,614
106000014,280,295,-15
106000015,1637,707,930
106000016,233,412,-179
106000017,738,211,527
106000018,65,152,-87
106000019,384,238,146
106000020,21,43,-22
106000021,461,205,256
106000022,29,35,-6
106000023,815,117,698
106000024,82,46,36
106000025,283,274,9
106000026,3,32,-29
106000027,1650,703,947
106000028,4,38,-34
106000029,15,44,-29
106000030,0,0,0
106000034,0,0,0
106000035,528,627,-99
106000036,0,0,0
106000037,147,42,105
106000038,13,8,5
106000039,0,27,-27
106000040,2,44,-42
106000041,397,119,278
106000043,229,46,183
106000046,66,12,54
106000047,0,0,0
106000049,435,10,425
106000050,42,103,-61
106000051,588,273,315
106000052,0,0,0
106000053,302,73,229
106000054,0,0,0
106000055,359,53,306
106000056,0,0,0
106000057,207,35,172
106000058,0,0,0
106000059,372,64,308
106000060,0,0,0
106000061,127,428,-301
106000062,0,0,0
106000063,576,667,-91
106000064,0,0,0
106000065,423,77,346
106000066,40,9,31
106000067,396,93,303
106000068,30,20,10
106000069,128,27,101
106000070,76,14,62
106000071,516,127,389
106000072,515,852,-337
106000073,592,1406,-814
106000074,322,465,-143
106000075,174,290,-116
106000076,604,282,322
106000077,1018,418,600
106000078,616,167,449
106000079,546,162,384
106000080,694,93,601
106000081,525,206,319
106000082,700,105,595
106000083,207,353,-146
106000084,860,173,687
106000085,431,332,99
106000086,312,198,114
106000087,313,128,185
106000088,231,177,54
106000089,698,58,640
106000090,265,241,24
106000091,86,112,-26
106000092,201,105,96
106000093,353,62,291
106000094,0,0,0
106000095,440,122,318
106000096,775,75,700
106000097,476,92,384
106000098,701,93,608
106000099,83,76,7
106000100,728,41,687
106000101,606,19,587
106000102,9,84,-75
106000103,61,171,-110
106000104,449,107,342
106000105,66,155,-89
106000106,399,127,272
106000107,48,107,-59
106000108,186,72,114
106000109,26,52,-26
106000110,149,40,109
106000111,58,85,-27
106000112,164,181,-17
106000113,89,234,-145
106000114,205,135,70
106000115,85,249,-164
106000116,234,151,83
106000117,50,93,-43
106000118,534,396,138
106000119,12,206,-194
106000120,396,595,-199
106000121,128,83,45
106000122,119,55,64
106000123,271,40,231
106000124,149,30,119
106000125,47,101,-54
106000126,337,36,301
106000127,323,105,218
106000128,355,67,288
106000129,240,145,95
106000130,703,151,552
106000131,11,326,-315
106000132,402,63,339
106000133,102,514,-412
106000134,173,1160,-987
106000135,0,113,-113
106000136,534,610,-76
106000137,1,118,-117
106000138,982,21,961
106000139,87,44,43
106000140,0,0,0
106000141,0,0,0
106000142,96,19,77
106000143,0,0,0
106000144,56,60,-4
106000145,0,0,0
106000146,328,95,233
106000147,204,124,80
106000148,226,300,-74
106000149,627,132,495
106000150,207,614,-407
106000151,667,231,436
106000152,541,872,-331
106000153,13,389,-376
106000154,382,74,308
106000155,43,108,-65
106000156,763,45,718
106000157,86,446,-360
106000158,553,368,185
106000159,294,644,-350
106000160,207,954,-747
106000161,192,55,137
106000162,231,432,-201
106000163,99,47,52
106000164,356,42,314
106000165,63,90,-27
106000166,454,28,426
106000167,225,210,15
106000168,273,49,224
106000169,131,85,46
106000170,347,22,325
106000171,121,409,-288
106000172,815,117,698
106000173,500,644,-144
106000174,728,15,713
106000175,78,1,77
106000176,884,222,662
106000177,112,79,33
106000178,1027,218,809
106000179,72,74,-2
106000180,314,258,56
106000181,434,438,-4
106000182,1079,134,945
106000183,708,87,621
106000184,445,107,338
106000185,266,269,-3
106000186,62,5,57
106000187,11,301,-290
106000188,0,0,0
106000189,1,35,-34
106000190,3,9,-6
106000191,177,19,158
106000192,0,0,0
106000193,39,98,-59
106000194,11,86,-75
106000195,17,47,-30
106000196,4,121,-117
106000197,194,30,164
106000198,32,16,16
106000199,210,186,24
106000200,28,105,-77
106000201,64,1179,-1115
106000202,231,142,89
106000203,0,0,0
106000204,26,1,25
106000205,0,0,0
106000206,29,4,25
106000207,0,5,-5
106000208,724,39,685
106000209,1000,122,878
106000210,14,4,10
106000211,2,33,-31
106000212,785,112,673
106000213,5,66,-61
106000214,646,77,569
106000215,93,169,-76
106000216,386,65,321
106000217,33,188,-155
106000218,234,29,205
106000219,7,73,-66
106000220,359,44,315
106000221,49,41,8
106000222,66,26,40
106000223,101,87,14
106000224,62,74,-12
106000225,24,141,-117
106000226,27,129,-102
106000228,0,0,0
106000229,0,0,0
106000231,396,10,386
106000232,0,0,0
106000233,113,9,104
106000234,0,0,0
106000235,44,26,18
106000236,0,0,0
106000237,0,0,0
106000238,2,28,-26
106000239,0,0,0
106000240,1,0,1
106000241,0,129,-129
106000242,54,10,44
106000249,56,10,46
106000250,9,153,-144
106000251,60,6,54
106000252,0,0,0
106000253,28,5,23
106000254,0,0,0
106000255,35,11,24
106000256,0,0,0
106000257,11,47,-36
106000258,4,6,-2
106000259,0,0,0
106000260,1,0,1
106000261,0,0,0
106000262,9,1,8
106000263,0,0,0
106000264,56,0,56
106000265,0,0,0
106000266,82,2,80
106000267,0,0,0
106000268,100,1,99
106000269,0,0,0
106000270,22,17,5
106000271,2,25,-23
106000272,0,0,0
106000273,2,16,-14
106000274,0,0,0
106000275,4,15,-11
106000276,0,0,0
106000277,14,25,-11
106000278,0,0,0
106000279,0,0,0
106000280,0,0,0
106000281,0,0,0
106000282,0,0,0
106000283,0,0,0
106000284,0,0,0
106000285,0,0,0
106000286,0,0,0
106000287,0,0,0
106000288,0,0,0
106000289,0,0,0
106000290,0,0,0
106000291,0,0,0
106000292,0,0,0
106000293,0,0,0
106000294,0,0,0
106000295,0,0,0
106000296,0,0,0
106000297,0,0,0
106000298,0,0,0
106000299,0,0,0
106000300,0,0,0
106000301,0,0,0
106000303,11,1,10
106000304,0,0,0
106000305,23,9,14
106000306,0,0,0
106000307,41,4,37
106000308,0,0,0
106000309,0,0,0
106000310,187,73,114
106000311,104,17,87
106000312,42,32,10
106000313,17,6,11
106000318,0,0,0
106000319,438,102,336
106000320,0,72,-72
106000321,6,247,-241
106000322,145,44,101
106000324,6,34,-28
106000325,1492,387,1105
106000326,110,368,-258
106000327,174,14,160
106000328,3,0,3
106000329,4,24,-20
106000330,5,35,-30
106000428,66,159,-93
106000429,22,138,-116
106000430,41,337,-296
106000431,1143,168,975
106000432,52,529,-477
106000433,1491,657,834
106000434,2074,788,1286
106000435,117,566,-449
106000436,1,35,-34
106000437,139,43,96
106000438,62,219,-157
106000439,2,58,-56
106000440,56,160,-104
106000441,4,0,4
106000442,34,4,30
106000443,226,260,-34
106000450,0,0,0
106000451,27,86,-59
106000454,0,0,0
106000455,0,5,-5
106000456,66,4,62
106000457,0,0,0
106000458,542,37,505
106000459,0,0,0
106000460,658,10,648
106000461,0,0,0
106000462,0,0,0
106000463,1,13,-12
106000464,0,0,0
106000465,467,1,466
106000466,0,0,0
106000467,0,96,-96
106000468,39,92,-53
106000469,74,1,73
106000470,0,20,-20
106000471,0,0,0
106000472,46,11,35
106000473,0,0,0
106000474,141,71,70
106000475,231,126,105
106000476,96,268,-172
106000477,0,0,0
106000480,0,0,0
106900001,0,0,0
106900002,0,0,0
106900003,0,0,0
106900004,0,0,0
106900006,0,0,0
106900007,0,0,0
106900008,0,0,0
106900009,0,0,0
106900010,0,0,0
106900012,0,0,0
106900013,0,0,0
106900014,0,0,0
106900015,0,0,0
106900016,0,0,0
106900017,0,0,0
106900018,0,0,0
106900019,38,0,38
106900020,0,0,0
106900021,18,0,18
106900022,0,0,0
106900023,0,0,0
106900024,0,0,0
106900025,0,0,0
106900026,0,0,0
106900027,236,4,232
107000001,1664,2300,-636
107000002,529,754,-225
107000003,4772,4688,84
107000004,1171,835,336
107000005,3959,3501,458
107000006,1244,693,551
107000007,3120,3612,-492
107000008,1546,1197,349
107000009,6709,6330,379
107000010,1859,1279,580
107000011,91,112,-21
107000012,679,238,441
107000013,0,0,0
107000014,0,0,0
107000015,0,0,0
107000016,0,0,0
107000017,210,146,64
107000018,0,130,-130
107000020,206,345,-139
107000021,192,118,74
107000022,282,563,-281
107000023,567,82,485
107000024,197,864,-667
107000025,116,110,6
107000026,88,169,-81
107000027,522,146,376
107000028,362,234,128
107000029,1676,957,719
107000030,712,623,89
107000031,1894,891,1003
107000032,152,328,-176
107000033,851,1133,-282
107000034,516,196,320
107000035,141,123,18
107000036,120,424,-304
107000037,51,509,-458
107000038,28,83,-55
107000039,345,621,-276
107000040,102,47,55
107000041,436,311,125
107000042,118,788,-670
107000043,306,273,33
107000044,121,248,-127
107000045,48,228,-180
107000046,432,150,282
107000047,151,275,-124
107000048,301,171,130
107000049,214,354,-140
107000050,448,337,111
107000051,272,421,-149
107000052,371,519,-148
107000053,267,199,68
107000054,18,235,-217
107000055,122,78,44
107000056,402,692,-290
107000057,564,199,365
107000058,1475,2030,-555
107000059,181,357,-176
107000060,3768,3292,476
107000061,977,685,292
107000062,3191,1390,1801
107000063,640,618,22
107000064,2562,1645,917
107000065,562,865,-303
107000066,1313,1718,-405
107000067,525,317,208
107000068,428,471,-43
107000069,369,584,-215
107000070,348,0,348
107000071,1753,9,1744
107000072,0,138,-138
107000073,366,83,283
107000074,67,98,-31
107000075,1597,95,1502
107000076,16,109,-93
107000077,1614,184,1430
107000078,23,180,-157
107000079,1549,284,1265
107000080,69,223,-154
107000081,1514,328,1186
107000082,247,278,-31
107000083,774,423,351
107000084,179,449,-270
107000085,1288,1079,209
107000086,558,867,-309
107000087,1053,919,134
107000088,557,793,-236
107000089,712,694,18
107000090,217,194,23
107000091,888,256,632
107000092,151,247,-96
107000093,545,691,-146
107000094,157,286,-129
107000095,878,390,488
107000096,85,135,-50
107000097,453,216,237
107000098,93,229,-136
107000099,249,303,-54
107000100,65,140,-75
107000101,104,173,-69
107000102,184,259,-75
107000103,259,132,127
107000104,65,114,-49
107000105,442,80,362
107000106,56,78,-22
107000107,400,108,292
107000108,58,128,-70
107000109,407,70,337
107000110,0,0,0
107000111,299,14,285
107000112,0,0,0
107000113,591,46,545
107000114,0,0,0
107000115,507,74,433
107000116,0,0,0
107000117,76,451,-375
107000118,0,0,0
107000119,407,963,-556
107000120,0,0,0
107000121,648,222,426
107000122,278,212,66
107000123,456,232,224
107000124,105,158,-53
107000125,721,142,579
107000126,274,138,136
107000129,67,48,19
107000130,389,256,133
107000131,85,213,-128
107000132,224,121,103
107000133,118,5,113
107000134,190,2,188
107000135,2,98,-96
107000136,389,1,388
107000137,2,104,-102
107000138,22,1,21
107000139,0,97,-97
107000140,435,6,429
107000141,13,153,-140
107000142,104,3,101
107000143,0,135,-135
107000144,198,202,-4
107000145,14,137,-123
107000146,17,42,-25
107000147,230,227,3
107000150,309,1181,-872
107000151,14,4,10
107000152,142,637,-495
107000153,27,26,1
107000154,0,57,-57
107000155,469,13,456
107000156,565,10,555
107000157,2,192,-190
107000158,214,2,212
107000159,0,121,-121
107000160,810,47,763
107000161,34,150,-116
107000162,132,267,-135
107000163,69,0,69
107000164,371,0,371
107000165,809,12,797
107000166,0,54,-54
107000167,276,37,239
107000168,639,86,553
107000169,66,212,-146
107000170,1213,313,900
107000171,135,268,-133
107000172,572,558,14
107000173,149,82,67
107000174,304,1517,-1213
107000175,843,177,666
107000176,9,0,9
107000177,0,0,0
107000178,0,0,0
107000179,122,281,-159
107000180,1073,96,977
107000181,105,79,26
107000182,1443,53,1390
107000183,52,43,9
107000184,691,73,618
107000185,120,101,19
107000186,463,96,367
107000187,442,458,-16
107000188,70,59,11
107000189,332,198,134
107000190,142,84,58
107000191,396,334,62
107000192,287,51,236
107000193,160,243,-83
107000194,136,76,60
107000197,557,53,504
107000198,94,200,-106
107000199,231,79,152
107000200,147,239,-92
107000201,116,120,-4
107000202,86,278,-192
107000203,107,484,-377
107000204,145,1206,-1061
107000205,260,104,156
107000206,142,779,-637
107000207,93,232,-139
107000208,92,127,-35
107000209,122,229,-107
107000210,35,112,-77
107000211,0,16,-16
107000212,0,44,-44
107000213,0,6,-6
107000214,10,30,-20
107000215,169,68,101
107000216,122,116,6
107000217,24,14,10
107000219,15,73,-58
107000220,19,22,-3
107000222,15,65,-50
107000224,159,4,155
107000225,50,156,-106
107000226,259,20,239
107000227,1,43,-42
107000228,6,105,-99
107000229,44,24,20
107000230,89,152,-63
107000231,310,378,-68
107000232,39,0,39
107000233,15,181,-166
107000234,2,115,-113
107000235,64,8,56
107000236,0,0,0
107000237,45,0,45
107000238,21,5,16
107000239,460,194,266
107000240,24,27,-3
107000241,4,4,0
107000242,21,7,14
107000243,1,95,-94
107000244,3,0,3
107000246,0,40,-40
107000249,0,41,-41
107000251,0,7,-7
107000252,0,66,-66
107000255,42,2,40
107000257,1,136,-135
107000258,1,68,-67
107000259,0,41,-41
107000260,984,10,974
107000262,2,60,-58
107000263,315,4,311
107000266,22,4,18
107000267,0,19,-19
107000268,44,18,26
107000269,4,2,2
107000270,60,32,28
107000271,0,0,0
107000272,44,0,44
107000273,0,43,-43
107000274,121,51,70
107000275,5,53,-48
107000280,600,7,593
107000281,0,59,-59
107000282,0,168,-168
107000290,4,16,-12
107000291,1,3,-2
107000292,0,29,-29
107000293,7,0,7
107000294,0,4,-4
107000295,9,0,9
107000296,0,1,-1
107000444,104,0,104
107000496,0,1,-1
107000497,181,195,-14
107000500,267,80,187
107000501,7,63,-56
107000502,117,41,76
107000505,39,349,-310
107000506,0,0,0
107000508,0,51,-51
107000509,62,393,-331
107000510,5,53,-48
107000514,17,81,-64
107000515,2,32,-30
107000516,303,59,244
107000518,667,542,125
107000519,80,31,49
107000520,23,2,21
107000521,120,13,107
107000522,292,178,114
107900001,5,0,5
107900002,4,1,3
107900003,25,0,25
107900004,13,0,13
107900005,631,2,629
107900006,33,2,31
107900007,98,7,91
107900008,24,2,22
107900009,3,0,3
107900010,0,0,0
107900012,67,3,64
107900013,26,2,24
107900014,2,0,2
107900015,289,0,289
107900016,62,6,56
107900017,3,0,3
107900018,10,56,-46
107900019,4,1,3
107900020,0,0,0
107900021,2,1,1
107900023,9,0,9
107900024,0,0,0
107900025,37,36,1
107900026,16,0,16
107900027,0,0,0
107900028,8,0,8
107900030,44,10,34
107900031,34,12,22
107900032,6,0,6
107900033,2,0,2
107900034,29,2,27
107900035,371,4,367
107900036,6,12,-6
107900037,0,0,0
107900038,2,36,-34
107900039,4,0,4
107900040,0,0,0
107900041,0,0,0
107900043,13,8,5
107900044,6,1,5
107900045,24,31,-7
107900046,37,40,-3
107900047,0,0,0
107900048,31,1,30
107900049,10,89,-79
107900050,0,6,-6
107900051,20,0,20
107900052,0,0,0
107900053,3,6,-3
107900055,62,8,54
107900056,6,24,-18
107900057,0,0,0
107900058,3,39,-36
107900060,0,0,0
107900061,0,0,0
107900063,4,28,-24
107900064,67,116,-49
107900065,134,0,134
107900066,14,0,14
107900067,0,0,0
107900068,16,124,-108
107900069,3,547,-544
107900070,8,23,-15
107900071,1,25,-24
107900072,67,3,64
107900073,0,0,0
107900074,0,0,0
107900076,30,3,27
107900077,2,0,2
107900078,33,17,16
107900079,4,4,0
107900080,9,48,-39
107900081,0,0,0
107900082,0,0,0
107900083,95,49,46
107900084,3,30,-27
107900086,1,29,-28
107900087,20,2,18
107900088,0,0,0
107900089,14,46,-32
107900090,2,154,-152
107900091,60,82,-22
107900092,171,12,159
107900093,0,0,0
107900095,188,230,-42
107900097,14,5,9
107900098,9,6,3
107900100,67,390,-323
107900101,12,2,10
107900102,3,0,3
107900103,3,12,-9
107900104,0,0,0
107900105,10,153,-143
107900106,0,85,-85
107900107,0,0,0
107900108,14,4,10
107900109,544,2,542
107900110,54,2,52
107900111,0,23,-23
107900112,1,78,-77
107900113,0,0,0
107900114,91,8,83
107900115,0,0,0
107900116,79,19,60
107900117,47,69,-22
107900118,1,8,-7
107900119,25,19,6
107900120,9,0,9
107900121,0,0,0
107900122,0,0,0
107900123,0,3,-3
107900124,0,0,0
107900125,1,12,-11
107900126,3,0,3
107900127,0,0,0
107900128,20,27,-7
107900129,16,0,16
107900130,0,0,0
107900131,0,12,-12
107900132,1,32,-31
107900133,0,0,0
107900134,1,3,-2
107900135,0,0,0
107900136,0,0,0
107900137,42,14,28
107900138,3,2,1
107900139,0,0,0
107900140,0,0,0
107900141,2,1,1
107900142,1,26,-25
107900143,5,0,5
107900144,0,4,-4
107900145,0,0,0
107900146,1,19,-18
107900147,5,1,4
107900148,5,1,4
107900149,38,7,31
107900150,0,2,-2
107900151,0,0,0
107900152,0,0,0
107900153,0,80,-80
107900154,9,3,6
107900155,0,0,0
107900156,0,0,0
107900157,18,24,-6
107900158,224,2,222
107900159,0,15,-15
107900160,51,14,37
107900161,4,5,-1
107900162,0,0,0
107900163,0,0,0
107900164,0,0,0
107900165,8,82,-74
107900166,1,14,-13
107900167,0,0,0
107900168,0,0,0
107900169,0,19,-19
107900171,0,58,-58
107900172,0,0,0
107900173,3,3,0
107900174,0,0,0
107900175,0,0,0
107900176,0,1,-1
107900177,0,0,0
107900178,0,7,-7
107900179,0,0,0
107900180,14,230,-216
107900181,0,0,0
107900182,0,17,-17
107900183,0,1,-1
107900184,0,0,0
107900185,0,0,0
107900186,0,0,0
107900187,0,4,-4
107900188,272,67,205
107900189,0,0,0
107900190,7,23,-16
107900191,0,0,0
107900193,0,0,0
107900194,0,0,0
107900195,87,7,80
107900196,0,0,0
107900197,2,15,-13
107900199,0,0,0
107900201,0,0,0
107900203,2,1,1
107900204,0,0,0
107900205,21,11,10
107900206,13,117,-104
107900207,2,29,-27
107900208,0,16,-16
107900209,0,0,0
107900210,3,4,-1
107900213,0,0,0
107900214,0,26,-26
107900215,6,36,-30
107900216,0,0,0
107900217,0,0,0
107900218,0,0,0
107900219,0,1,-1
107900220,0,0,0
107900221,3,2,1
107900223,0,0,0
107900224,63,60,3
107900225,0,0,0
107900226,0,0,0
107900227,13,16,-3
107900228,1,1,0
107900229,0,0,0
107900230,0,2,-2
107900231,0,0,0
107900232,71,1,70
107900233,0,0,0
107900234,0,0,0
107900235,0,9,-9
107900236,0,0,0
107900237,0,0,0
107900238,0,0,0
107900239,21,42,-21
107900240,7,4,3
107900241,0,0,0
107900242,0,7,-7
107900243,0,0,0
107900244,0,0,0
107900245,135,21,114
107900246,77,4,73
107900248,199,2,197
107900249,129,11,118
107900250,0,15,-15
107900251,1,36,-35
107900252,56,2,54
107900253,53,2,51
107900254,0,8,-8
107900255,11,4,7
107900256,5,0,5
107900257,72,40,32
107900258,15,7,8
107900259,1,439,-438
107900261,1,70,-69
107900262,0,0,0
107900264,96,1,95
107900265,20,41,-21
107900267,84,0,84
107900268,0,0,0
107900269,0,0,0
107900270,0,0,0
107900271,0,0,0
107900272,20,0,20
107900273,17,0,17
107900274,66,0,66
107900275,2,0,2
107900276,0,0,0
107900277,0,0,0
107900278,107,0,107
107900279,0,0,0
107900280,405,121,284
107900281,113,990,-877
107900282,8,256,-248
107900283,225,54,171
107900284,271,43,228
107900285,26,4,22
107900286,4,4,0
107900287,88,19,69
107900290,0,1,-1
107900291,98,1,97
107900292,99,57,42
107900293,57,63,-6
107900295,5,0,5
107900297,0,1,-1
107900298,112,106,6
107900299,328,335,-7
107900300,140,104,36
107900301,46,134,-88
107900302,26,13,13
107900303,193,18,175
107900304,110,0,110
107900305,145,2,143
107900306,0,0,0
107900307,0,0,0
107900308,33,16,17
107900309,2,1,1
107900310,0,0,0
107900311,0,0,0
107900312,0,0,0
107900313,0,0,0
107900314,0,0,0
107900315,0,0,0
107900316,0,0,0
107900317,0,0,0
107900318,0,0,0
107900319,0,4,-4
107900320,1,3,-2
107900321,66,0,66
107900322,0,7,-7
107900323,0,4,-4
107900324,44,0,44
107900325,45,0,45
107900326,103,17,86
107900327,0,0,0
107900328,0,0,0
107900329,0,0,0
107900330,0,5,-5
107900331,103,16,87
107900332,85,1,84
107900333,36,2,34
107900334,1,8,-7
107900335,1,0,1
107900336,7,0,7
107900337,97,292,-195
107900338,0,2,-2
107900339,0,0,0
107900340,0,0,0
107900341,0,0,0
107900342,45,107,-62
107900343,4,0,4
107900344,0,14,-14
107900345,46,3,43
107900346,1,0,1
107900347,6,0,6
107900348,0,0,0
107900349,23,1,22
107900350,0,34,-34
108000001,2258,1145,1113
108000002,91,171,-80
108000003,2116,1205,911
108000004,1248,3045,-1797
108000005,5774,2549,3225
108000006,1023,1177,-154
108000007,4141,1623,2518
108000008,897,850,47
108000009,3300,1897,1403
108000010,575,841,-266
108000011,8815,4544,4271
108000012,2717,2201,516
108000014,192,439,-247
108000015,586,79,507
108000016,19,88,-69
108000017,778,153,625
108000018,1424,146,1278
108000019,306,173,133
108000020,673,226,447
108000021,70,27,43
108000022,184,289,-105
108000023,750,110,640
108000024,131,101,30
108000025,212,27,185
108000026,488,47,441
108000027,351,13,338
108000028,500,60,440
108000029,261,13,248
108000030,278,23,255
108000031,88,13,75
108000032,1130,197,933
108000033,127,153,-26
108000034,1474,89,1385
108000035,120,439,-319
108000036,68,129,-61
108000037,970,101,869
108000038,1876,193,1683
108000039,54,122,-68
108000040,1247,305,942
108000041,47,133,-86
108000042,218,49,169
108000043,65,17,48
108000044,827,18,809
108000045,33,1,32
108000046,1188,128,1060
108000047,129,170,-41
108000048,0,0,0
108000049,583,93,490
108000050,8,32,-24
108000051,173,59,114
108000052,12,34,-22
108000053,270,130,140
108000054,78,263,-185
108000055,491,229,262
108000056,177,158,19
108000057,393,670,-277
108000058,930,1664,-734
108000059,351,784,-433
108000060,106,177,-71
108000061,76,98,-22
108000062,452,214,238
108000063,265,115,150
108000064,194,156,38
108000065,352,170,182
108000066,525,77,448
108000067,1012,158,854
108000068,696,163,533
108000069,60,407,-347
108000070,2001,181,1820
108000071,77,358,-281
108000072,1193,295,898
108000073,218,329,-111
108000074,676,222,454
108000075,154,149,5
108000076,1139,138,1001
108000077,103,89,14
108000078,1651,328,1323
108000079,128,310,-182
108000080,1074,240,834
108000081,140,377,-237
108000082,173,116,57
108000083,887,307,580
108000084,67,82,-15
108000085,539,195,344
108000086,121,39,82
108000087,91,1291,-1200
108000088,108,0,108
108000089,94,75,19
108000090,402,58,344
108000091,31,122,-91
108000092,219,14,205
108000093,47,121,-74
108000094,597,16,581
108000095,38,41,-3
108000096,528,113,415
108000097,36,47,-11
108000098,1158,236,922
108000099,109,61,48
108000100,108,96,12
108000101,822,456,366
108000102,755,1125,-370
108000106,362,0,362
108000107,0,162,-162
108000108,393,9,384
108000109,2,80,-78
108000110,276,40,236
108000111,28,159,-131
108000112,16,128,-112
108000113,153,139,14
108000115,113,56,57
108000117,348,82,266
108000118,49,42,7
108000119,265,33,232
108000120,85,229,-144
108000121,119,38,81
108000122,326,64,262
108000123,353,27,326
108000124,90,35,55
108000125,402,44,358
108000126,130,56,74
108000127,432,56,376
108000128,383,22,361
108000129,73,60,13
108000130,199,50,149
108000131,350,73,277
108000132,65,90,-25
108000133,1282,96,1186
108000134,195,89,106
108000135,1020,84,936
108000136,29,82,-53
108000137,326,36,290
108000138,111,275,-164
108000139,448,92,356
108000140,413,2,411
108000141,5,34,-29
108000142,4,19,-15
108000143,24,6,18
108000144,392,2,390
108000145,34,11,23
108000146,365,4,361
108000147,6,9,-3
108000148,117,19,98
108000149,3,2,1
108000150,40,23,17
108000151,4,16,-12
108000152,28,45,-17
108000153,280,56,224
108000154,60,14,46
108000155,32,23,9
108000156,228,80,148
108000157,33,689,-656
108000158,14,196,-182
108000159,102,33,69
108000160,802,445,357
108000161,713,863,-150
108000165,35,145,-110
108000172,3,55,-52
108000173,838,529,309
108000175,334,22,312
108000178,148,299,-151
108000179,112,569,-457
108000181,79,6,73
108000182,96,3,93
108000183,0,2,-2
108000184,93,1470,-1377
108000185,0,8,-8
108000186,114,1,113
108000187,1,45,-44
108000188,171,2,169
108000189,97,898,-801
108000190,0,0,0
108000192,104,104,0
108000193,49,35,14
108000194,10,2,8
108000195,0,8,-8
108000196,143,31,112
108000198,207,53,154
108000199,0,0,0
108000200,190,4,186
108000202,2,157,-155
108000203,0,30,-30
108000204,44,38,6
108000205,37,10,27
108000339,621,444,177
108000364,55,123,-68
108000365,12,60,-48
108000367,51,6,45
108000368,0,1,-1
108000369,113,5,108
108000371,2,189,-187
108000372,279,0,279
108000373,84,29,55
108000376,66,14,52
108000377,391,172,219
108000378,7025,5830,1195
108000379,0,0,0
108000381,69,9,60
108000382,58,0,58
108000383,0,23,-23
108900001,1,14,-13
108900002,87,3,84
108900003,0,16,-16
108900004,124,123,1
108900005,13,186,-173
108900006,176,132,44
108900007,137,105,32
108900008,65,30,35
108900009,49,27,22
108900010,112,27,85
108900011,580,46,534
108900012,347,85,262
108900013,91,53,38
108900014,2,10,-8
108900015,0,0,0
108900016,0,0,0
108900017,20,23,-3
108900018,24,77,-53
108900019,0,10,-10
108900020,20,25,-5
108900021,20,67,-47
108900022,69,16,53
108900023,0,1,-1
108900024,2,6,-4
108900025,102,10,92
108900026,0,0,0
108900027,0,2,-2
108900028,32,34,-2
108900029,5,56,-51
108900030,0,0,0
108900031,1,24,-23
108900032,0,0,0
108900033,0,20,-20
108900034,0,9,-9
108900035,23,66,-43
108900036,98,61,37
108900037,0,0,0
108900038,0,21,-21
108900039,0,25,-25
108900040,3,28,-25
108900041,1020,875,145
108900042,0,21,-21
108900043,0,0,0
108900044,0,13,-13
108900045,56,57,-1
108900046,2,37,-35
108900047,0,17,-17
108900048,45,37,8
108900049,132,254,-122
108900050,3,48,-45
108900051,0,2,-2
108900052,16,17,-1
108900053,2,62,-60
108900054,2,5,-3
108900055,8,16,-8
108900056,0,6,-6
108900057,0,28,-28
108900058,9,41,-32
108900059,164,15,149
108900060,22,60,-38
108900061,4,0,4
108900062,1,18,-17
108900063,0,7,-7
108900064,20,14,6
108900065,2,10,-8
108900066,176,12,164
108900067,1,17,-16
108900068,1,27,-26
108900069,46,2,44
108900070,34,4,30
108900071,58,4,54
108900072,188,181,7
108900073,21,22,-1
108900074,62,11,51
108900075,14,17,-3
108900076,201,30,171
108900077,15,11,4
108900078,14,20,-6
108900079,73,2,71
108900080,27,199,-172
108900081,4,41,-37
108900082,33,15,18
108900083,1,25,-24
108900084,38,8,30
108900085,121,8,113
108900086,15,7,8
108900087,61,18,43
108900088,147,53,94
108900089,1,62,-61
108900090,33,3,30
108900091,7,17,-10
108900092,145,45,100
108900093,28,39,-11
108900094,77,7,70
108900095,4,16,-12
108900096,30,4,26
108900097,71,18,53
108900098,231,365,-134
108900099,152,24,128
108900100,6,31,-25
108900101,33,26,7
108900102,4,362,-358
108900103,63,35,28
108900104,8,30,-22
108900105,2,619,-617
108900106,122,22,100
108900108,70,0,70
108900109,84,16,68
108900110,48,27,21
108900111,157,39,118
108900112,76,7,69
108900113,34,31,3
108900114,9,0,9
108900115,91,13,78
108900116,5,0,5
108900117,65,11,54
108900118,152,3,149
108900119,116,3,113
108900120,62,28,34
108900121,35,24,11
108900122,90,3,87
108900123,28,30,-2
108900124,43,6,37
108900125,164,0,164
108900126,73,10,63
108900127,140,1,139
108900128,150,1,149
108900129,46,2,44
108900130,110,0,110
108900131,220,8,212
108900132,95,0,95
108900133,127,17,110
108900134,322,15,307
108900135,118,0,118
108900136,10,1,9
108900137,79,3,76
108900138,312,10,302
108900139,251,20,231
108900140,304,31,273
108900141,205,1,204
108900142,13,0,13
108900143,30,0,30
108900144,82,0,82
108900145,151,6,145
108900146,17,0,17
108900147,218,0,218
108900148,17,3,14
108900149,88,12,76
108900150,49,16,33
108900151,2,0,2
108900152,123,10,113
108900153,149,8,141
108900154,1982,111,1871
108900155,74,3,71
108900156,19,16,3
108900157,0,19,-19
108900158,195,20,175
108900159,1,14,-13
108900160,4,54,-50
108900161,1,54,-53
108900162,38,0,38
108900163,3,150,-147
108900164,31,6,25
108900165,63,12,51
108900167,84,2941,-2857
108900168,755,928,-173
108900169,6,18,-12
108900171,503,1149,-646
108900172,62,16,46
108900173,43,18,25
108900174,629,38,591
108900176,11,60,-49
108900177,153,709,-556
108900178,313,1125,-812
108900179,52,533,-481
108900180,32,128,-96
108900182,8,141,-133
108900183,13,38,-25
108900184,220,95,125
108900185,3,77,-74
108900186,32,59,-27
108900187,447,9,438
108900188,391,7,384
108900189,102,9,93
108900190,0,90,-90
108900191,54,2,52
108900192,8,52,-44
108900193,5,15,-10
108900194,0,33,-33
108900195,23,20,3
108900196,0,11,-11
108900198,0,13,-13
108900199,58,34,24
108900200,176,128,48
108900201,113,231,-118
108900203,237,16,221
108900204,180,3,177
108900205,125,4,121
108900206,67,35,32
108900207,30,21,9
108900208,0,74,-74
108900209,22,52,-30
108900210,30,8,22
108900211,3,49,-46
108900212,4,156,-152
108900215,0,6,-6
108900216,52,52,0
108900217,5,0,5
108900218,10,0,10
108900219,17,1,16
108900220,5,0,5
108900221,0,0,0
108900222,71,3,68
108900223,0,0,0
108900224,0,0,0
108900225,0,0,0
108900226,74,11,63
108900227,34,65,-31
108900230,10,38,-28
108900231,0,16,-16
108900232,0,16,-16
108900233,161,7,154
108900234,161,12,149
108900235,0,0,0
108900236,0,0,0
108900237,0,0,0
108900240,2,7,-5
108900241,0,24,-24
108900245,1,131,-130
108900249,9,0,9
108900250,60,1,59
108900257,36,0,36
108900258,0,5,-5
108900259,0,0,0
108900260,0,0,0
108900261,1,6,-5
108900262,15,22,-7
108900263,1,17,-16
108900264,9,2,7
108900265,42,199,-157
108900266,10,270,-260
108900267,0,92,-92
108900268,28,3,25
108900269,32,1,31
108900270,47,0,47
108900271,15,5,10
108900272,58,0,58
108900273,41,194,-153
108900274,1,1,0
109000001,694,2304,-1610
109000002,0,310,-310
109000003,1375,256,1119
109000004,5,142,-137
109000005,1106,332,774
109000006,3,105,-102
109000007,1221,284,937
109000008,8,71,-63
109000009,1843,538,1305
109000010,11,106,-95
109000011,2360,742,1618
109000012,23,131,-108
109000013,3103,1930,1173
109000014,55,121,-66
109000015,2882,4548,-1666
109000016,66,207,-141
109000017,1850,455,1395
109000018,17,152,-135
109000019,1327,755,572
109000020,22,33,-11
109000023,50,2,48
109000024,0,26,-26
109000025,96,143,-47
109000026,247,271,-24
109000027,16,142,-126
109000028,72,26,46
109000029,31,99,-68
109000030,0,0,0
109000031,225,43,182
109000032,0,16,-16
109000033,293,72,221
109000034,1,1,0
109000035,1,2,-1
109000036,3,65,-62
109000037,99,1037,-938
109000038,66,58,8
109000039,296,481,-185
109000040,406,4019,-3613
109000041,197,807,-610
109000042,156,446,-290
109000044,184,11,173
109000045,29,1,28
109000046,246,15,231
109000047,5,0,5
109000048,353,42,311
109000049,21,1,20
109000050,160,67,93
109000051,6,27,-21
109000052,92,41,51
109000053,303,67,236
109000054,15,25,-10
109000055,22,77,-55
109000056,90,14,76
109000057,71,235,-164
109000058,107,7,100
109000059,8,198,-190
109000060,77,127,-50
109000061,24,1067,-1043
109000062,37,116,-79
109000063,3,19,-16
109000064,159,37,122
109000065,11,34,-23
109000066,160,2,158
109000067,3,23,-20
109000068,151,3,148
109000069,133,6,127
109000070,0,11,-11
109000071,106,23,83
109000072,59,364,-305
109000073,11,54,-43
109000074,8,139,-131
109000075,44,2,42
109000076,13,119,-106
109000077,94,95,-1
109000078,29,46,-17
109000079,21,20,1
109000080,106,14,92
109000081,65,66,-1
109000082,288,14,274
109000083,84,84,0
109000088,60,41,19
109000089,172,35,137
109000090,169,66,103
109000091,231,53,178
109000092,146,183,-37
109000093,235,43,192
109000094,424,0,424
109000095,16,41,-25
109000096,609,49,560
109000097,3,23,-20
109000098,31,72,-41
109000099,436,20,416
109000100,53,168,-115
109000101,908,184,724
109000102,210,146,64
109000103,192,133,59
109000104,1116,143,973
109000105,85,205,-120
109000106,852,208,644
109000107,199,156,43
109000108,1205,262,943
109000109,134,106,28
109000110,401,367,34
109000111,239,289,-50
109000112,29,11,18
109000113,83,24,59
109000114,207,162,45
109000115,338,9,329
109000116,0,54,-54
109000117,152,3,149
109000118,1,52,-51
109000119,805,9,796
109000120,16,72,-56
109000121,460,4,456
109000122,8,37,-29
109000123,33,17,16
109000124,301,42,259
109000125,682,61,621
109000126,14,27,-13
109000127,1045,46,999
109000128,51,18,33
109000129,1478,109,1369
109000130,36,33,3
109000131,506,429,77
109000132,104,106,-2
109000133,33,62,-29
109000134,53,37,16
109000135,51,30,21
109000136,97,149,-52
109000137,378,42,336
109000138,136,76,60
109000139,338,17,321
109000140,78,116,-38
109000141,119,43,76
109000142,13,45,-32
109000143,15,38,-23
109000145,38,82,-44
109000146,47,242,-195
109000148,54,103,-49
109000149,16,117,-101
109000150,46,109,-63
109000155,201,349,-148
109000156,289,17,272
109000158,44,249,-205
109000159,21,124,-103
109000160,590,31,559
109000161,275,105,170
109000162,775,156,619
109000163,592,88,504
109000164,720,514,206
109000165,701,280,421
109000166,411,21,390
109000167,89,139,-50
109000170,3,6,-3
109000171,65,3,62
109000172,1,0,1
109000173,0,31,-31
109000174,33,1,32
109000175,47,19,28
109000176,138,96,42
109000177,3,14,-11
109000178,199,41,158
109000179,403,892,-489
109000180,876,483,393
109000181,13,4,9
109000182,49,29,20
109000183,15,6,9
109000184,56,64,-8
109000185,30,15,15
109000188,182,164,18
109000189,646,64,582
109000190,174,134,40
109000191,234,62,172
109000192,278,25,253
109000193,150,21,129
109000194,78,6,72
109000195,24,10,14
109000196,47,10,37
109000197,116,19,97
109000198,100,9,91
109000199,29,1,28
109000206,94,3,91
109000207,67,10,57
109000208,63,26,37
109000209,55,22,33
109000210,13,35,-22
109000211,282,294,-12
109000214,179,156,23
109000215,74,32,42
109000216,103,160,-57
109000217,3,3,0
109000218,15,10,5
109000221,24,92,-68
109000222,337,41,296
109000223,161,141,20
109000224,132,30,102
109000225,59,18,41
109000226,70,63,7
109000227,569,157,412
109000228,0,0,0
109000231,0,27,-27
109000232,338,30,308
109000236,5,20,-15
109000241,535,208,327
109000242,478,103,375
109000293,11,36,-25
109000361,31,13,18
109000364,5,20,-15
109000396,1,42,-41
109000397,607,0,607
109000399,65,137,-72
109000400,40,30,10
109000403,0,679,-679
109000406,93,3,90
109000407,17,33,-16
109000408,0,45,-45
109000410,0,0,0
109000411,174,7,167
109900001,1,0,1
109900002,171,1,170
109900003,136,0,136
109900004,32,0,32
109900005,5,0,5
109900006,207,15,192
109900007,316,0,316
109900008,0,0,0
109900009,0,15,-15
109900010,0,0,0
109900011,25,16,9
109900012,58,8,50
109900013,63,19,44
109900014,20,6,14
109900015,30,5,25
109900016,44,0,44
109900017,48,28,20
109900018,8,0,8
109900019,7,5,2
109900020,6,2,4
109900021,6,0,6
109900022,75,7,68
109900023,10,0,10
109900024,2,0,2
109900025,0,1,-1
109900026,0,20,-20
109900027,5,3,2
109900028,53,141,-88
109900029,0,3,-3
109900030,7,1,6
109900031,1,32,-31
109900032,0,0,0
109900033,0,22,-22
109900034,8,1,7
109900035,3,4,-1
109900036,0,0,0
109900037,0,0,0
109900038,1,16,-15
109900039,20,6,14
109900040,0,0,0
109900041,1,5,-4
109900042,0,0,0
109900044,15,7,8
109900045,26,8,18
109900046,13,2,11
109900047,6,36,-30
109900048,1,5,-4
109900049,3,0,3
109900050,0,3,-3
109900051,0,0,0
109900052,1,59,-58
109900053,1,7,-6
109900054,408,7,401
109900055,18,41,-23
109900056,0,0,0
109900057,0,7,-7
109900058,0,0,0
109900059,572,8,564
109900060,151,6,145
109900061,2,3,-1
109900062,0,0,0
109900063,0,42,-42
109900064,79,8,71
109900065,9,7,2
109900066,0,6,-6
109900067,0,0,0
109900068,87,1,86
109900069,0,0,0
109900070,2,3,-1
109900071,0,1,-1
109900072,0,11,-11
109900073,114,19,95
109900074,0,2,-2
109900075,0,0,0
109900076,1,2,-1
109900077,0,24,-24
109900078,5,12,-7
109900080,31,18,13
109900081,0,5,-5
109900082,3,7,-4
109900083,0,5,-5
109900084,0,0,0
109900085,26,13,13
109900086,20,109,-89
109900087,14,24,-10
109900089,100,3,97
109900090,17,63,-46
109900091,200,6,194
109900092,0,0,0
109900093,108,0,108
109900094,0,0,0
109900095,9,16,-7
109900096,44,0,44
109900097,6,0,6
109900098,123,3,120
109900099,182,0,182
109900100,14,0,14
109900101,294,1,293
109900102,0,0,0
109900103,20,8,12
109900104,426,41,385
109900105,0,0,0
109900106,0,0,0
109900107,0,0,0
109900108,0,0,0
109900109,0,0,0
109900110,2,0,2
109900111,71,30,41
109900112,11,6,5
109900113,276,138,138
109900114,188,38,150
109900115,41,5,36
109900117,432,3,429
109900118,17,9,8
109900119,36,23,13
109900120,9,2,7
109900121,38,14,24
109900122,275,2,273
109900123,0,4,-4
109900124,1,0,1
109900125,0,26,-26
109900126,85,3,82
109900128,131,1,130
109900130,221,312,-91
109900131,0,28,-28
109900132,2,22,-20
109900133,13,24,-11
109900134,0,0,0
109900135,0,0,0
109900136,0,0,0
109900137,27,25,2
109900140,33,0,33
109900142,209,19,190
109900145,7,50,-43
109900146,0,1,-1
109900148,25,17,8
109900149,2,11,-9
109900150,2,2,0
109900151,0,0,0
109900152,0,5,-5
109900153,0,21,-21
109900154,3,4,-1
109900155,9,2,7
109900157,30,23,7
109900158,1,7,-6
109900159,35,2,33
109900160,9,0,9
109900161,58,26,32
109900162,95,31,64
109900163,83,40,43
109900164,48,132,-84
109900165,16,0,16
109900166,0,19,-19
109900167,12,35,-23
109900168,41,42,-1
109900169,0,0,0
109900170,2,189,-187
109900171,19,35,-16
109900172,6,59,-53
109900173,42,330,-288
109900174,1,4,-3
109900175,0,0,0
109900176,0,0,0
109900177,0,0,0
109900178,0,0,0
109900179,0,0,0
109900180,0,0,0
110000001,89,66,23
110000002,447,828,-381
110000003,112,192,-80
110000004,305,790,-485
110000005,213,1047,-834
110000006,54,500,-446
110000007,30,5,25
110000008,2,32,-30
110000009,2,9,-7
110000010,18,56,-38
110000011,1,4,-3
110000012,83,209,-126
110000013,50,242,-192
110000014,252,108,144
110000015,45,238,-193
110000016,205,762,-557
110000017,752,292,460
110000018,150,168,-18
110000019,6,8,-2
110000020,192,74,118
110000021,86,33,53
110000022,231,13,218
110000023,1,37,-36
110000024,48,34,14
110000025,432,1,431
110000026,1,74,-73
110000027,164,266,-102
110000028,483,199,284
110000029,57,80,-23
110000030,185,226,-41
110000031,31,54,-23
110000032,331,100,231
110000033,27,23,4
110000034,179,252,-73
110000035,213,107,106
110000036,479,197,282
110000037,22,100,-78
110000038,64,188,-124
110000039,370,1157,-787
110000040,115,35,80
110000041,247,1087,-840
110000042,32,127,-95
110000043,399,222,177
110000044,14,60,-46
110000045,128,65,63
110000046,1,3,-2
110000047,1,37,-36
110000048,2,6,-4
110000049,3,8,-5
110000050,0,11,-11
110000051,2,4,-2
110000052,45,59,-14
110000053,1,0,1
110000054,25,73,-48
110000055,125,68,57
110000056,84,67,17
110000057,60,86,-26
110000058,429,323,106
110000059,67,123,-56
110000060,854,334,520
110000061,121,129,-8
110000062,521,345,176
110000063,52,26,26
110000064,50,17,33
110000065,36,30,6
110000066,59,3,56
110000067,22,10,12
110000068,14,10,4
110000069,305,5,300
110000071,157,1,156
110000073,0,0,0
110000075,4,3,1
110000076,200,91,109
110000077,93,203,-110
110000078,100,2,98
110000080,48,135,-87
110000081,13,42,-29
110000082,0,86,-86
110000083,72,111,-39
110000084,434,462,-28
110000085,651,342,309
110000086,446,784,-338
110000087,17,12,5
110000088,33,40,-7
110000089,152,17,135
110000090,6,16,-10
110000091,52,33,19
110000092,2,14,-12
110000093,44,30,14
110000094,239,41,198
110000095,77,280,-203
110000096,241,264,-23
110000097,519,697,-178
110000098,657,137,520
110000099,201,270,-69
110000100,499,6,493
110000101,0,31,-31
110000102,15,20,-5
110000104,144,50,94
110000105,47,39,8
110000106,115,213,-98
110000107,31,55,-24
110000108,31,157,-126
110000109,7,36,-29
110000110,1061,1642,-581
110000111,1016,1005,11
110000112,90,232,-142
110000113,70,701,-631
110000114,109,288,-179
110000115,154,77,77
110000116,20,6,14
110000117,122,26,96
110000118,243,30,213
110000119,54,35,19
110000120,135,44,91
110000121,7,84,-77
110000122,121,173,-52
110000123,290,207,83
110000124,0,186,-186
110000125,384,1,383
110000126,92,2,90
110000127,360,15,345
110000128,0,108,-108
110000129,1,29,-28
110000130,83,39,44
110000131,5,35,-30
110000132,0,67,-67
110000133,0,81,-81
110000134,1,40,-39
110000135,87,18,69
110000136,9,24,-15
110000137,288,15,273
110000138,113,56,57
110000139,528,67,461
110000140,500,111,389
110000143,208,53,155
110000144,931,361,570
110000145,349,228,121
110000146,554,140,414
110000147,32,371,-339
110000148,190,40,150
110000151,81,195,-114
110000152,116,518,-402
110000153,0,0,0
110000154,10,60,-50
110000155,583,469,114
110000156,106,304,-198
110000157,168,561,-393
110000160,173,75,98
110000161,64,90,-26
110000166,337,4,333
110000167,650,311,339
110000168,564,299,265
110000169,374,116,258
110000170,46,65,-19
110000171,280,31,249
110000172,128,172,-44
110000173,196,193,3
110000174,35,74,-39
110000175,346,40,306
110000176,51,339,-288
110000177,85,397,-312
110000178,209,932,-723
110000179,279,99,180
110000180,54,77,-23
110000181,145,76,69
110000182,106,33,73
110000183,2069,2925,-856
110000184,91,1323,-1232
110000185,138,268,-130
110000186,90,203,-113
110000191,731,141,590
110000192,369,1,368
110000193,694,4,690
110000194,0,116,-116
110000195,243,15,228
110000196,294,12,282
110000197,21,17,4
110000198,44,10,34
110000199,18,38,-20
110000200,152,40,112
110000201,270,361,-91
110000202,477,181,296
110000203,33,25,8
110000204,0,56,-56
110000205,177,8,169
110000206,75,51,24
110000207,741,63,678
110000208,24,87,-63
110000209,35,53,-18
110000210,951,152,799
110000211,577,210,367
110000212,136,491,-355
110000213,85,6,79
110000214,90,32,58
110000215,3,54,-51
110000216,31,70,-39
110000217,287,22,265
110000218,50,25,25
110000219,172,11,161
110000220,0,14,-14
110000221,214,7,207
110000222,10,75,-65
110000223,3,26,-23
110000224,0,0,0
110000225,46,132,-86
110000226,161,20,141
110000227,37,147,-110
110000228,98,23,75
110000229,0,17,-17
110000230,292,264,28
110000231,122,82,40
110000232,38,76,-38
110000233,96,53,43
110000234,274,131,143
110000235,302,349,-47
110000236,0,0,0
110000237,386,91,295
110000238,488,204,284
110000239,396,172,224
110000240,0,3,-3
110000242,0,2,-2
110000243,68,3,65
110000244,1,36,-35
110000245,0,71,-71
110000246,341,94,247
110000247,295,332,-37
110000248,222,113,109
110000249,45,0,45
110000250,0,64,-64
110000251,171,80,91
110000252,165,18,147
110000253,575,204,371
110000254,248,54,194
110000255,53,104,-51
110000256,106,94,12
110000257,55,2,53
110000258,1,46,-45
110000259,60,2,58
110000260,27,20,7
110000263,152,14,138
110000264,272,101,171
110000265,978,355,623
110000266,646,491,155
110000267,0,0,0
110000268,50,1,49
110000269,0,0,0
110000270,32,0,32
110000271,256,19,237
110000272,173,181,-8
110000273,127,256,-129
110000274,120,748,-628
110000275,154,98,56
110000276,82,258,-176
110000277,207,39,168
110000278,113,140,-27
110000279,510,117,393
110000280,357,82,275
110000281,20,3,17
110000282,67,0,67
110000283,4,40,-36
110000284,0,0,0
110000285,0,7,-7
110000286,6,0,6
110000287,48,0,48
110000288,0,0,0
110000289,103,1050,-947
110000290,66,95,-29
110000291,253,310,-57
110000292,287,1766,-1479
110000293,366,136,230
110000294,818,381,437
110000295,37,96,-59
110000296,242,59,183
110000297,745,41,704
110000298,14,40,-26
110000299,41,9,32
110000301,325,5,320
110000302,90,80,10
110000303,238,4,234
110000304,21,13,8
110000305,622,7,615
110000306,1,72,-71
110000307,725,0,725
110000308,260,8,252
110000309,0,69,-69
110000310,474,11,463
110000311,1,144,-143
110000312,272,10,262
110000313,461,100,361
110000314,0,48,-48
110000315,403,590,-187
110000316,11,257,-246
110000317,15,23,-8
110000318,0,14,-14
110000319,2,17,-15
110000320,2,12,-10
110000321,11,2,9
110000322,30,138,-108
110000323,248,94,154
110000324,148,39,109
110000325,902,1132,-230
110000327,182,44,138
110000328,11,31,-20
110000333,329,380,-51
110000334,80,140,-60
110000335,216,77,139
110000336,57,95,-38
110000337,983,112,871
110000338,200,99,101
110000339,261,18,243
110000340,6,12,-6
110000341,240,10,230
110000342,29,0,29
110000343,0,0,0
110000344,1,22,-21
110000345,29,31,-2
110000346,922,394,528
110000347,931,214,717
110000348,0,0,0
110000349,2,0,2
110000350,5,0,5
110000351,748,181,567
110000352,158,454,-296
110000353,946,144,802
110000354,112,835,-723
110000355,29,1,28
110000356,255,2,253
110000357,280,7,273
110000361,0,0,0
110000362,115,9,106
110000363,200,23,177
110000364,149,53,96
110000365,60,0,60
110000366,0,37,-37
110000367,94,37,57
110000368,0,11,-11
110000369,35,0,35
110000373,0,30,-30
110000374,14,18,-4
110000375,46,104,-58
110000376,57,42,15
110000377,22,251,-229
110000378,0,125,-125
110000379,1047,1406,-359
110000380,108,7,101
110000383,0,119,-119
110000384,337,16,321
110000385,0,13,-13
110000387,14,0,14
110000388,2,26,-24
110000389,637,65,572
110000391,409,35,374
110000396,55,5,50
110000397,49,8,41
110000398,0,27,-27
110000399,107,0,107
110000587,90,15,75
110000589,92,5,87
110000640,88,6,82
110000652,2,23,-21
110000653,42,36,6
110000654,0,0,0
110000656,0,0,0
110000674,1,0,1
110000675,0,0,0
110000676,0,0,0
110000679,0,0,0
110000682,65,98,-33
110000683,139,154,-15
110000684,0,0,0
110000685,3,2,1
110000686,0,0,0
110000687,5,0,5
110000688,2,170,-168
110000689,2,0,2
110000692,4,20,-16
110000693,6,109,-103
110000694,0,0,0
110000695,4,43,-39
110000696,53,18,35
110900001,21,0,21
110900002,58,2,56
110900003,301,2,299
110900004,196,2,194
110900005,0,0,0
110900006,3,0,3
110900007,24,23,1
110900008,0,0,0
110900009,9,76,-67
110900010,0,0,0
110900011,0,0,0
110900012,0,0,0
110900013,227,27,200
110900014,5,0,5
110900015,12,195,-183
110900016,0,0,0
110900017,90,15,75
110900018,49,3,46
110900019,0,0,0
110900020,0,0,0
110900021,0,0,0
110900022,0,0,0
110900023,0,34,-34
110900024,0,0,0
110900025,0,0,0
110900027,0,0,0
110900028,0,0,0
110900029,0,1,-1
110900030,0,0,0
110900031,0,0,0
110900032,0,0,0
110900033,0,0,0
110900035,0,0,0
110900036,1,0,1
110900037,16,0,16
110900038,0,0,0
110900039,0,0,0
110900040,49,0,49
110900041,1,0,1
110900042,0,0,0
110900043,0,0,0
110900044,0,0,0
110900045,0,0,0
110900046,0,0,0
110900047,0,0,0
110900049,15,7,8
110900050,2,0,2
110900051,0,0,0
110900052,0,0,0
110900053,0,0,0
110900054,0,0,0
110900055,12,2,10
110900056,0,0,0
110900057,0,0,0
110900058,0,0,0
110900059,0,0,0
110900060,53,7,46
110900061,0,0,0
110900062,0,0,0
110900063,1,3,-2
110900064,0,0,0
110900065,15,22,-7
110900066,1,9,-8
110900067,4,0,4
110900068,0,0,0
110900069,0,5,-5
110900071,0,0,0
110900073,1,0,1
110900074,120,1,119
110900075,78,1,77
110900077,229,27,202
110900078,0,0,0
110900079,96,125,-29
110900080,42,18,24
110900081,0,0,0
110900082,18,0,18
110900083,0,2,-2
110900084,0,0,0
110900085,24,11,13
110900086,0,44,-44
110900087,26,33,-7
110900088,2,0,2
110900090,0,0,0
110900091,0,0,0
110900093,0,0,0
110900095,2,1,1
110900097,0,1,-1
110900098,0,5,-5
110900099,3,42,-39
110900100,0,1,-1
110900102,30,25,5
110900105,13,12,1
110900108,9,4,5
110900111,15,2,13
110900112,186,0,186
110900113,28,1,27
110900115,0,0,0
110900116,200,58,142
110900118,2,467,-465
110900119,36,0,36
110900120,0,0,0
110900121,16,0,16
110900122,34,3,31
110900125,73,109,-36
110900127,0,0,0
110900128,5,7,-2
110900129,1,155,-154
110900130,4,89,-85
110900131,17,3,14
110900132,113,3,110
110900133,0,1,-1
110900135,1,1,0
110900136,28,0,28
110900137,0,0,0
110900138,45,10,35
110900139,0,16,-16
110900140,1,0,1
110900141,0,2,-2
110900142,0,0,0
110900143,38,9,29
110900144,0,0,0
110900145,19,6,13
110900146,64,31,33
110900147,0,0,0
110900148,0,0,0
110900149,0,0,0
110900150,6,15,-9
110900151,0,15,-15
110900152,1,8,-7
110900153,67,3,64
111000001,649,262,387
111000002,96,10,86
111000003,791,531,260
111000004,8,16,-8
111000005,477,753,-276
111000006,12,35,-23
111000007,1139,1348,-209
111000008,102,127,-25
111000009,19,132,-113
111000010,550,330,220
111000011,52,205,-153
111000012,79,258,-179
111000013,90,380,-290
111000014,649,199,450
111000017,2,70,-68
111000018,10,31,-21
111000020,47,177,-130
111000021,16,29,-13
111000023,32,44,-12
111000025,243,407,-164
111000029,0,12,-12
111000030,2,3,-1
111000031,949,450,499
111000032,275,107,168
111000033,62,41,21
111000034,17,85,-68
111000037,251,536,-285
111000038,561,306,255
111000039,611,435,176
111000040,488,385,103
111000041,101,158,-57
111000042,338,687,-349
111000043,1142,1204,-62
111000044,974,123,851
111000045,1482,680,802
111000046,709,760,-51
111000047,1197,2466,-1269
111000049,41,31,10
111000050,113,140,-27
111000051,63,75,-12
111000052,45,95,-50
111000053,48,61,-13
111000054,52,60,-8
111000055,248,270,-22
111000056,26,80,-54
111000057,15,31,-16
111000058,335,27,308
111000059,294,96,198
111000060,2815,307,2508
111000061,386,142,244
111000062,731,91,640
111000063,774,323,451
111000064,662,222,440
111000065,975,208,767
111000066,479,69,410
111000067,160,63,97
111000068,56,50,6
111000069,174,247,-73
111000070,82,60,22
111000071,2,6,-4
111000072,672,409,263
111000073,141,552,-411
111000074,959,414,545
111000075,320,81,239
111000076,652,115,537
111000077,623,320,303
111000078,403,157,246
111000079,386,60,326
111000080,144,103,41
111000081,261,1077,-816
111000082,298,133,165
111000084,240,197,43
111000085,529,432,97
111000086,605,293,312
111000087,414,158,256
111000088,584,428,156
111000089,264,285,-21
111000090,226,326,-100
111000091,182,99,83
111000092,725,250,475
111000093,338,256,82
111000094,563,236,327
111000095,293,862,-569
111000096,423,3154,-2731
111000097,231,174,57
111000098,82,89,-7
111000099,42,221,-179
111000100,37,135,-98
111000101,76,106,-30
111000102,8,61,-53
111000104,346,36,310
111000107,0,61,-61
111000109,242,19,223
111000110,383,136,247
111000111,1488,54,1434
111000112,1105,67,1038
111000113,439,761,-322
111000114,375,1111,-736
111000115,1140,269,871
111000116,200,112,88
111000117,74,74,0
111000118,308,70,238
111000119,699,71,628
111000120,290,109,181
111000121,143,131,12
111000122,151,172,-21
111000123,308,277,31
111000124,88,252,-164
111000125,48,68,-20
111000126,19,38,-19
111000127,399,21,378
111000128,1187,73,1114
111000129,1591,178,1413
111000130,1713,209,1504
111000131,1472,101,1371
111000132,1213,509,704
111000133,96,15,81
111000134,100,3,97
111000135,3,90,-87
111000136,242,63,179
111000138,1,4,-3
111000140,0,0,0
111000141,29,22,7
111000142,0,6,-6
111000143,0,6,-6
111000144,0,15,-15
111000145,32,0,32
111000146,47,3,44
111000147,25,3,22
111000148,28,24,4
111000149,1,99,-98
111000150,10,0,10
111000151,4,2,2
111000153,173,11,162
111000154,25,27,-2
111000155,69,39,30
111000156,262,104,158
111000157,90,198,-108
111000158,330,329,1
111000159,652,405,247
111000160,223,94,129
111000161,2,56,-54
111000162,0,8,-8
111000163,90,112,-22
111000164,33,250,-217
111000165,198,57,141
111000166,29,23,6
111000167,1,47,-46
111000168,65,47,18
111000169,101,30,71
111000170,100,23,77
111000171,71,24,47
111000172,37,43,-6
111000173,91,102,-11
111000174,14,14,0
111000175,23,44,-21
111000176,180,25,155
111000177,304,19,285
111000178,891,37,854
111000179,278,26,252
111000180,84,154,-70
111000181,265,70,195
111000182,99,40,59
111000183,58,39,19
111000184,182,31,151
111000185,95,28,67
111000186,126,8,118
111000187,94,11,83
111000188,277,53,224
111000189,18,81,-63
111000190,64,14,50
111000191,41,12,29
111000192,37,37,0
111000193,17,43,-26
111000194,26,7,19
111000195,11,44,-33
111000196,3,17,-14
111000197,260,20,240
111000198,260,7,253
111000199,162,37,125
111000200,511,163,348
111000201,318,26,292
111000202,156,22,134
111000203,235,54,181
111000204,164,469,-305
111000213,176,125,51
111000214,482,148,334
111000215,406,168,238
111000217,844,155,689
111000218,587,224,363
111000219,45,19,26
111000220,293,30,263
111000221,72,42,30
111000224,0,1,-1
111000225,347,509,-162
111000226,19,1,18
111000227,1,2,-1
111000228,0,381,-381
111000229,4,635,-631
111000230,41,36,5
111000231,428,58,370
111000232,282,154,128
111000233,431,38,393
111000234,45,93,-48
111000239,0,0,0
111000240,14,106,-92
111000241,0,0,0
111000242,54,34,20
111000243,0,0,0
111000244,359,16,343
111000245,331,43,288
111000246,297,77,220
111000247,184,88,96
111000248,368,101,267
111000249,223,54,169
111000250,37,5,32
111000251,65,4,61
111000253,2,3,-1
111000255,17,11,6
111000257,25,1,24
111000260,0,51,-51
111000261,515,12,503
111000271,3,49,-46
111000273,377,361,16
111000274,490,332,158
111000275,40,4,36
111000276,53,246,-193
111000277,71,60,11
111000278,240,26,214
111000291,514,3772,-3258
111000298,200,113,87
111000299,60,13,47
111000300,9,32,-23
111000302,128,32,96
111000303,133,28,105
111000312,41,6,35
111000315,0,11,-11
111000320,52,84,-32
111000321,255,31,224
111000322,218,38,180
111000323,143,10,133
111000324,125,40,85
111000325,3,18,-15
111000326,88,42,46
111000327,180,114,66
111000328,94,96,-2
111000329,1,29,-28
111000330,31,4,27
111000331,5,21,-16
111000332,142,183,-41
111000334,41,143,-102
111000335,487,23,464
111000337,585,1,584
111000338,17,3,14
111000339,243,1,242
111000340,1,57,-56
111000341,746,133,613
111000342,0,52,-52
111000344,557,133,424
111000345,4,10,-6
111000346,1,5,-4
111000347,92,0,92
111000350,46,127,-81
111000351,5,169,-164
111000352,64,16,48
111000353,10,82,-72
111000354,77,10,67
111000355,12,126,-114
111000358,58,48,10
111000360,100,16,84
111000361,49,10,39
111000546,104,0,104
111000547,163,20,143
111000548,22,12,10
111000549,134,12,122
111000550,1,84,-83
111000551,20,17,3
111000552,80,19,61
111000907,351,5,346
111000908,11,3,8
111000916,565,6,559
111000917,0,5,-5
111000918,36,34,2
111000920,153,2,151
111000921,0,17,-17
111000922,102,17,85
111000924,4,92,-88
111000925,2481,838,1643
111000926,454,350,104
111000927,1756,1885,-129
111000928,839,489,350
111000929,1328,425,903
111000930,357,554,-197
111000931,1512,518,994
111000932,684,488,196
111000933,1869,1195,674
111000934,387,549,-162
111000935,1231,365,866
111000936,280,431,-151
111000937,793,489,304
111000938,536,352,184
111000939,533,8,525
111000940,392,11,381
111000941,152,9,143
111000943,385,66,319
111000944,50,39,11
111000945,214,12,202
111001109,174,203,-29
111001110,48,1,47
111001111,19,1,18
111001112,213,0,213
111001113,0,61,-61
111001114,135,52,83
111001115,0,0,0
111001116,424,2362,-1938
111001117,20,144,-124
111001120,14,20,-6
111001121,5,27,-22
111001122,98,25,73
111001123,113,36,77
111001124,17,7,10
111001125,0,125,-125
111900001,8,0,8
111900002,5,7,-2
111900003,0,17,-17
111900004,1,17,-16
111900006,0,0,0
111900007,0,0,0
111900008,0,0,0
111900009,71,8,63
111900010,1,2,-1
111900012,6,4,2
111900013,15,10,5
111900014,344,1521,-1177
111900015,0,2,-2
111900016,0,4,-4
111900017,2,2,0
111900018,38,12,26
111900019,0,76,-76
111900020,0,19,-19
111900021,0,10,-10
111900022,1,1,0
111900023,50,3,47
111900024,21,0,21
111900025,0,7,-7
111900026,0,1,-1
111900027,0,2,-2
111900028,0,0,0
111900029,0,1,-1
111900030,0,0,0
111900031,29,0,29
111900032,0,0,0
111900033,0,0,0
111900034,0,0,0
111900035,1,0,1
111900036,0,0,0
111900038,1,0,1
111900039,0,0,0
111900040,0,0,0
111900042,0,0,0
111900043,0,0,0
111900044,0,0,0
111900046,0,0,0
111900048,118,41,77
111900049,0,0,0
111900050,0,0,0
111900051,0,5,-5
111900052,1,2,-1
111900053,78,544,-466
111900054,0,0,0
111900055,0,63,-63
111900056,23,47,-24
111900057,63,8,55
111900058,275,16,259
111900059,93,45,48
111900060,0,0,0
111900061,0,15,-15
111900062,31,21,10
111900063,5,0,5
111900064,22,28,-6
111900065,49,6,43
111900066,5,0,5
111900067,0,0,0
111900068,4,10,-6
111900069,66,13,53
111900070,24,0,24
111900071,0,0,0
111900072,30,4,26
111900073,62,15,47
111900074,0,0,0
111900075,72,0,72
111900076,24,7,17
111900077,23,0,23
111900078,77,1,76
111900079,2,16,-14
111900080,0,0,0
111900082,289,25,264
111900083,39,3,36
111900084,118,12,106
111900085,0,0,0
111900086,168,28,140
111900087,51,0,51
111900088,94,0,94
111900089,57,1,56
111900090,0,0,0
111900091,560,7,553
111900092,59,0,59
111900093,109,1,108
111900094,32,0,32
111900095,0,0,0
111900096,201,1,200
111900097,41,0,41
111900098,94,0,94
111900099,59,0,59
111900100,0,0,0
111900101,11,0,11
111900102,191,0,191
111900103,0,0,0
111900104,1,0,1
111900105,13,0,13
111900106,31,5,26
111900110,0,0,0
111900111,122,38,84
111900112,0,0,0
111900113,72,19,53
111900118,50,2,48
111900119,0,0,0
111900122,28,25,3
111900123,6,3,3
111900124,28,16,12
111900125,32,5,27
111900126,61,0,61
111900127,0,0,0
111900128,0,0,0
111900129,56,2,54
111900130,16,10,6
111900131,33,0,33
111900132,0,1,-1
111900133,0,0,0
111900134,0,0,0
111900135,0,0,0
111900136,0,0,0
111900137,23,15,8
111900138,1,25,-24
111900139,1,10,-9
111900140,54,16,38
111900141,56,14,42
111900142,32,7,25
111900143,0,0,0
111900144,0,0,0
111900145,0,0,0
111900146,0,0,0
111900147,0,0,0
111900148,0,0,0
111900149,0,0,0
111900150,0,0,0
111900151,0,0,0
111900152,0,0,0
111900153,0,0,0
111900154,0,0,0
111900155,0,0,0
111900156,0,0,0
111900157,0,0,0
111900158,0,0,0
111900159,0,0,0
111900160,0,0,0
111900161,0,0,0
111900162,0,0,0
111900163,0,0,0
111900164,0,0,0
111901113,136,0,136
111901114,85,17,68
111901115,0,0,0
111901116,0,0,0
111901117,0,0,0
111901118,0,0,0
111901119,4,1,3
111901121,0,0,0
111901122,3,1,2
111901123,35,0,35
111901124,0,0,0
111901125,246,53,193
111901127,4,2,2
111901128,0,0,0
111901129,0,0,0
111901130,0,0,0
111901131,1,88,-87
111901132,0,0,0
111901133,0,0,0
111901134,0,0,0
111901135,0,0,0
111901136,0,0,0
111901137,0,0,0
111901138,0,0,0
111901139,0,0,0
111901140,0,0,0
111901141,0,0,0
111901142,0,0,0
111901143,0,0,0
111901144,0,0,0
111901145,0,0,0
111901146,1,0,1
112000001,1626,827,799
112000002,127,225,-98
112000003,769,422,347
112000004,86,58,28
112000005,2886,1966,920
112000006,160,66,94
112000007,2574,1594,980
112000008,1845,2620,-775
112000009,1742,569,1173
112000010,1130,2797,-1667
112000011,651,478,173
112000012,2468,4708,-2240
112000013,928,596,332
112000014,337,2839,-2502
112000015,253,819,-566
112000016,520,1336,-816
112000017,113,568,-455
112000024,70,84,-14
112000026,474,466,8
112000027,327,541,-214
112000028,283,55,228
112000029,177,436,-259
112000030,3,3,0
112000031,359,1860,-1501
112000032,22,4,18
112000033,359,1402,-1043
112000034,2,4,-2
112000035,1,31,-30
112000036,38,464,-426
112000037,43,159,-116
112000038,171,359,-188
112000039,38,30,8
112000040,28,67,-39
112000041,100,220,-120
112000042,424,67,357
112000050,733,824,-91
112000051,690,988,-298
112000054,385,540,-155
112000057,34,33,1
112000058,28,240,-212
112000059,179,236,-57
112000061,760,341,419
112000062,304,470,-166
112000063,440,502,-62
112000064,639,632,7
112000065,425,248,177
112000066,862,637,225
112000067,90,90,0
112000068,1223,1131,92
112000069,74,312,-238
112000070,301,248,53
112000071,198,202,-4
112000072,1104,227,877
112000073,153,223,-70
112000074,576,321,255
112000075,750,587,163
112000076,830,322,508
112000077,913,226,687
112000078,981,295,686
112000079,1262,547,715
112000080,296,289,7
112000081,336,555,-219
112000082,614,632,-18
112000083,283,356,-73
112000084,535,386,149
112000085,827,350,477
112000086,1512,382,1130
112000087,229,88,141
112000088,450,170,280
112000089,142,71,71
112000090,144,92,52
112000091,228,109,119
112000092,1267,113,1154
112000093,338,96,242
112000094,555,178,377
112000095,377,82,295
112000096,637,132,505
112000097,1065,262,803
112000098,36,26,10
112000099,271,1176,-905
112000100,1298,164,1134
112000101,44,55,-11
112000102,601,109,492
112000103,56,51,5
112000105,11,39,-28
112000106,1054,34,1020
112000107,2,35,-33
112000108,136,226,-90
112000109,32,50,-18
112000110,674,154,520
112000111,129,265,-136
112000112,1069,50,1019
112000113,109,169,-60
112000114,874,188,686
112000115,117,33,84
112000116,11,41,-30
112000117,38,49,-11
112000118,136,115,21
112000119,121,104,17
112000120,7,21,-14
112000121,64,79,-15
112000122,232,49,183
112000123,497,27,470
112000124,299,6,293
112000125,147,62,85
112000126,284,126,158
112000127,776,936,-160
112000128,101,398,-297
112000129,100,31,69
112000130,30,16,14
112000131,39,6,33
112000132,9,12,-3
112000133,178,14,164
112000134,182,46,136
112000135,526,94,432
112000136,222,212,10
112000137,594,215,379
112000138,346,237,109
112000139,120,238,-118
112000140,37,65,-28
112000141,376,82,294
112000142,27,69,-42
112000143,666,67,599
112000144,47,119,-72
112000145,1652,101,1551
112000146,123,213,-90
112000147,1077,432,645
112000148,156,158,-2
112000149,158,52,106
112000150,1,16,-15
112000151,179,32,147
112000152,64,15,49
112000153,44,31,13
112000154,79,1,78
112000155,77,26,51
112000157,22,299,-277
112000158,116,41,75
112000159,173,70,103
112000167,4,4,0
112000169,51,413,-362
112000173,317,3,314
112000175,127,59,68
112000176,561,403,158
112000177,87,44,43
112000178,16,44,-28
112000179,114,10,104
112000180,26,13,13
112000181,330,110,220
112000182,900,84,816
112000183,70,27,43
112000184,216,42,174
112000185,38,13,25
112000187,942,266,676
112000195,92,3,89
112000196,37,1,36
112000197,8,17,-9
112000198,2,9,-7
112000199,8,82,-74
112000202,186,0,186
112000216,8,7,1
112000230,59,0,59
112000231,0,2,-2
112000256,89,68,21
112000313,15,6,9
112000314,2,3,-1
112000337,13,93,-80
112000352,2,31,-29
112000392,796,795,1
112000398,800,322,478
112000399,284,2781,-2497
112000400,246,405,-159
112000401,480,438,42
112000402,2019,3410,-1391
112000403,422,2490,-2068
112000404,441,877,-436
112000405,2026,1754,272
112000406,662,502,160
112000407,4067,2419,1648
112000408,1429,869,560
112000409,397,689,-292
112000410,6,3,3
112000411,229,62,167
112000412,0,0,0
112000413,87,225,-138
112000414,67,4,63
112000415,10,6,4
112000416,1719,529,1190
112000417,137,64,73
112000421,3,6,-3
112000422,89,22,67
112000424,100,718,-618
112000425,34,42,-8
112000426,31,32,-1
112000427,0,1,-1
112000428,32,44,-12
112000429,895,871,24
112000430,1068,1615,-547
112000431,64,86,-22
112000432,85,63,22
112000433,130,321,-191
112000437,73,106,-33
112900001,19,0,19
112900002,113,8,105
112900003,4,0,4
112900004,42,0,42
112900005,95,0,95
112900006,0,0,0
112900007,127,2,125
112900008,0,0,0
112900009,49,0,49
112900010,29,0,29
112900011,0,0,0
112900012,0,0,0
112900013,0,27,-27
112900014,0,0,0
112900015,4,11,-7
112900016,0,0,0
112900017,0,3,-3
112900018,0,0,0
112900019,0,0,0
112900020,40,24,16
112900021,0,0,0
112900022,0,1,-1
112900023,0,0,0
112900024,2,0,2
112900025,1,6,-5
112900026,0,0,0
112900027,0,0,0
112900028,0,0,0
112900029,31,12,19
112900030,0,0,0
112900031,0,0,0
112900032,0,0,0
112900034,2,9,-7
112900035,0,0,0
112900036,0,0,0
112900037,0,0,0
112900038,98,0,98
112900039,0,0,0
112900040,0,0,0
112900041,7,79,-72
112900042,0,0,0
112900043,2,0,2
112900044,11,0,11
112900045,0,0,0
112900046,0,0,0
112900047,0,0,0
112900049,0,0,0
112900050,23,0,23
112900051,0,0,0
112900052,2,0,2
112900053,0,0,0
112900054,11,1,10
112900055,0,0,0
112900056,0,0,0
112900057,0,0,0
112900058,10,16,-6
112900059,0,0,0
112900060,0,0,0
112900061,0,0,0
112900062,0,0,0
112900063,0,0,0
112900064,0,0,0
112900065,0,0,0
112900066,50,21,29
112900067,0,0,0
112900068,0,0,0
112900069,1,0,1
112900071,0,0,0
112900072,0,47,-47
112900073,42,12,30
112900074,0,0,0
112900075,39,4,35
112900076,0,0,0
112900078,0,0,0
112900079,0,0,0
112900080,1,0,1
112900081,6,16,-10
112900082,58,19,39
112900083,0,0,0
112900084,0,0,0
112900086,1,0,1
112900087,86,0,86
112900088,38,0,38
112900089,184,1,183
112900090,0,0,0
112900091,0,0,0
112900092,0,0,0
112900093,0,0,0
112900095,0,0,0
112900096,59,15,44
112900097,0,0,0
112900098,1,0,1
112900099,208,4,204
112900100,0,0,0
112900101,0,0,0
112900102,0,0,0
112900103,0,0,0
112900104,0,0,0
112900105,0,0,0
112900106,18,6,12
112900107,6,0,6
112900108,0,0,0
112900109,0,0,0
112900110,0,0,0
112900111,0,0,0
112900112,2,0,2
112900113,0,0,0
112900114,1,0,1
112900115,563,2,561
112900116,1,0,1
112900117,0,0,0
112900118,0,0,0
112900119,0,0,0
112900120,0,0,0
112900121,0,0,0
112900122,0,0,0
112900123,0,0,0
112900124,0,0,0
112900125,0,1,-1
112900126,7,5,2
112900127,0,0,0
112900128,0,0,0
112900129,0,53,-53
112900130,0,0,0
112900131,0,0,0
112900132,0,0,0
112900133,1,49,-48
112900134,0,13,-13
112900135,0,0,0
112900137,0,22,-22
112900138,2,5,-3
112900139,0,0,0
112900141,226,1,225
112900142,0,0,0
112900143,0,0,0
112900144,0,0,0
112900145,0,0,0
112900146,0,0,0
112900147,0,0,0
112900148,0,0,0
112900149,0,0,0
112900151,0,0,0
112900152,327,21,306
112900153,2,66,-64
112900154,0,0,0
112900155,12,0,12
112900156,7,0,7
112900157,171,2,169
112900158,1,0,1
112900159,22,4,18
112900160,0,0,0
112900161,0,0,0
112900162,0,0,0
112900163,0,0,0
112900164,0,0,0
112900165,0,0,0
112900166,0,0,0
112900167,0,0,0
112900168,0,0,0
112900169,0,0,0
112900170,0,0,0
112900172,0,0,0
112900173,0,0,0
112900174,0,0,0
112900175,0,0,0
112900176,0,0,0
112900177,0,0,0
112900178,0,0,0
112900179,0,31,-31
112900180,348,124,224
112900181,0,0,0
112900182,0,0,0
112900183,0,0,0
112900184,18,59,-41
112900185,0,32,-32
112900186,43,72,-29
112900187,0,0,0
112900188,33,51,-18
112900189,0,0,0
112900190,0,0,0
112900192,70,34,36
112900193,65,18,47
112900194,0,0,0
112900195,113,2,111
112900196,19,23,-4
112900197,3,15,-12
112900199,75,0,75
112900200,4,0,4
112900201,9,0,9
112900202,8,12,-4
112900203,3,0,3
112900204,7,11,-4
112900205,4,0,4
112900206,5,0,5
112900207,0,0,0
112900208,1,9,-8
112900209,0,0,0
112900210,0,0,0
112900211,0,0,0
112900212,0,0,0
112900213,0,0,0
112900214,0,0,0
112900215,0,0,0
112900216,0,0,0
112900217,0,0,0
112900218,35,1,34
112900219,20,0,20
112900220,0,0,0
112900221,4,0,4
112900222,0,0,0
112900223,132,1,131
112900224,75,0,75
112900225,0,0,0
112900226,0,0,0
112900227,152,2,150
112900228,29,0,29
112900229,1,0,1
112900230,325,127,198
112900232,10,9,1
112900233,0,0,0
112900234,0,0,0
112900235,0,0,0
112900236,2,0,2
112900237,54,1,53
112900238,0,0,0
112900239,0,0,0
113000001,1531,1439,92
113000002,1568,1953,-385
113000003,363,861,-498
113000004,381,999,-618
113000005,263,266,-3
113000006,247,753,-506
113000007,417,246,171
113000008,443,526,-83
113000009,305,264,41
113000010,559,336,223
113000011,313,178,135
113000012,561,127,434
113000013,87,107,-20
113000014,166,423,-257
113000015,29,115,-86
113000016,25,38,-13
113000017,48,37,11
113000018,74,12,62
113000019,78,25,53
113000020,255,39,216
113000021,524,120,404
113000022,249,265,-16
113000025,2,10,-8
113000026,195,322,-127
113000027,169,299,-130
113000028,81,196,-115
113000029,335,322,13
113000030,0,0,0
113000031,0,0,0
113000032,133,95,38
113000033,229,111,118
113000034,0,0,0
113000035,0,0,0
113000036,6,38,-32
113000037,0,0,0
113000038,8,36,-28
113000039,0,30,-30
113000040,1,0,1
113000042,230,204,26
113000051,388,1113,-725
113000052,318,141,177
113000053,124,48,76
113000054,106,394,-288
113000055,625,156,469
113000056,644,194,450
113000058,129,403,-274
113000059,362,194,168
113000060,143,254,-111
113000061,169,200,-31
113000062,166,58,108
113000063,155,44,111
113000064,38,47,-9
113000065,87,126,-39
113000066,486,91,395
113000067,840,84,756
113000068,195,197,-2
113000069,193,240,-47
113000070,630,80,550
113000071,77,126,-49
113000072,274,56,218
113000073,135,217,-82
113000074,217,83,134
113000075,628,113,515
113000076,141,586,-445
113000077,230,271,-41
113000078,166,394,-228
113000079,49,91,-42
113000080,104,141,-37
113000081,277,239,38
113000082,139,50,89
113000083,341,411,-70
113000084,369,290,79
113000085,418,232,186
113000086,256,295,-39
113000087,451,611,-160
113000088,342,343,-1
113000089,410,970,-560
113000090,42,218,-176
113000091,96,3,93
113000094,511,31,480
113000095,78,69,9
113000096,60,12,48
113000097,191,38,153
113000098,8,43,-35
113000099,308,55,253
113000100,98,47,51
113000101,19,12,7
113000102,132,40,92
113000103,551,119,432
113000104,487,1145,-658
113000105,424,100,324
113000106,185,62,123
113000107,479,452,27
113000108,515,300,215
113000109,116,321,-205
113000110,485,284,201
113000111,21,124,-103
113000112,97,232,-135
113000113,617,266,351
113000114,6,242,-236
113000116,40,63,-23
113000117,76,162,-86
113000118,22,238,-216
113000119,63,128,-65
113000120,22,465,-443
113000121,64,60,4
113000124,174,70,104
113000125,0,412,-412
113000127,117,12,105
113000128,54,222,-168
113000129,0,0,0
113000133,282,2,280
113000134,1,444,-443
113000135,1617,1674,-57
113000137,555,994,-439
113000139,258,73,185
113000140,0,0,0
113000141,195,61,134
113000142,160,135,25
113000143,130,203,-73
113000144,15,74,-59
113000145,104,88,16
113000146,0,0,0
113000147,0,0,0
113000148,210,47,163
113000149,70,98,-28
113000150,0,0,0
113000151,0,0,0
113000152,6,140,-134
113000153,143,77,66
113000154,117,413,-296
113000155,173,225,-52
113000156,66,56,10
113000157,74,129,-55
113000158,123,1,122
113000159,404,12,392
113000160,247,92,155
113000161,64,98,-34
113000162,0,0,0
113000163,49,33,16
113000164,0,0,0
113000166,118,22,96
113000167,0,0,0
113000168,0,0,0
113000169,171,3,168
113000170,75,14,61
113000171,0,0,0
113000172,205,15,190
113000173,47,10,37
113000174,0,0,0
113000175,251,22,229
113000176,311,20,291
113000177,0,0,0
113000178,0,0,0
113000179,130,14,116
113000180,434,646,-212
113000181,450,309,141
113000182,23,54,-31
113000183,52,264,-212
113000184,0,0,0
113000189,11,117,-106
113000190,179,61,118
113000192,258,966,-708
113000193,641,575,66
113000194,139,519,-380
113000195,429,718,-289
113000196,167,88,79
113000197,424,849,-425
113000198,6,120,-114
113000199,311,195,116
113000201,18,38,-20
113000202,674,221,453
113000203,34,6,28
113000204,72,982,-910
113000205,0,0,0
113000206,2,10,-8
113000207,0,0,0
113000208,19,34,-15
113000209,0,0,0
113000210,1,9,-8
113000211,70,23,47
113000212,29,2,27
113000213,26,56,-30
113000214,0,0,0
113000234,15,52,-37
113000410,1,89,-88
113000411,732,1309,-577
113000412,850,477,373
113000413,920,861,59
113000414,1244,3504,-2260
113000415,312,515,-203
113000416,637,624,13
113000417,234,577,-343
113000418,1494,1655,-161
113000419,503,848,-345
113000420,1435,1804,-369
113000421,2276,3388,-1112
113000422,2803,2681,122
113000423,645,1414,-769
113000424,994,2804,-1810
113000425,2,62,-60
113000428,7,2,5
113000430,0,0,0
113000432,729,18,711
113000433,23,128,-105
113000434,0,1,-1
113000435,0,3,-3
113000436,2,42,-40
113000437,413,1,412
113000438,61,5,56
113000439,0,0,0
113000440,10,5,5
113000441,125,19,106
113000442,0,0,0
113000443,46,7,39
113000444,0,0,0
113000445,46,21,25
113000446,0,0,0
113000448,0,0,0
113000449,8,462,-454
113000450,48,727,-679
113000451,3,0,3
113000452,56,124,-68
113000453,0,0,0
113000454,40,67,-27
113000455,0,0,0
113000456,108,56,52
113000468,146,33,113
113000469,12,119,-107
113000470,113,33,80
113000471,1,167,-166
113000472,16,14,2
113000474,533,591,-58
113000475,466,468,-2
113000476,666,887,-221
113000477,2072,920,1152
113000478,1429,1128,301
113000479,2,23,-21
113000480,84,148,-64
113000484,0,0,0
113000485,0,0,0
113000486,0,0,0
113000487,0,0,0
113000488,0,0,0
113000489,0,0,0
113000490,0,0,0
113000491,0,0,0
113000492,0,0,0
113000493,0,0,0
113000495,0,0,0
113000496,9,46,-37
113000497,0,0,0
113000499,0,1,-1
113000500,0,0,0
113900001,0,0,0
113900002,0,0,0
113900003,0,0,0
113900004,0,0,0
113900005,0,0,0
113900006,0,0,0
113900007,0,0,0
113900008,0,0,0
113900009,0,0,0
113900010,0,0,0
113900011,0,0,0
113900012,0,0,0
113900013,0,0,0
113900014,203,9,194
113900015,0,0,0
113900016,0,0,0
113900017,2,0,2
113900018,0,0,0
113900019,6,0,6
113900020,85,0,85
113900022,16,0,16
113900023,0,0,0
113900024,0,0,0
113900025,34,7,27
113900026,0,0,0
113900027,3,0,3
113900028,0,0,0
113900029,0,0,0
113900030,82,1,81
113900031,4,0,4
113900032,0,0,0
113900033,0,0,0
113900035,0,0,0
113900036,3,0,3
113900037,0,0,0
113900038,0,0,0
113900039,71,6,65
113900040,1,1,0
113900041,0,0,0
113900042,0,0,0
113900043,0,0,0
113900044,1,33,-32
113900045,0,0,0
113900046,0,0,0
113900047,0,0,0
113900048,0,0,0
113900049,0,0,0
113900050,5,25,-20
113900051,0,0,0
113900052,0,2,-2
113900053,36,128,-92
113900054,0,0,0
113900055,0,0,0
113900056,0,0,0
113900057,0,0,0
113900058,0,0,0
113900059,0,0,0
113900060,3,3,0
113900061,3,25,-22
113900062,0,0,0
113900063,0,0,0
113900064,0,0,0
113900065,218,7,211
113900066,0,0,0
113900067,15,1,14
113900068,163,131,32
113900069,0,0,0
113900070,0,0,0
113900071,0,0,0
113900072,0,0,0
113900073,65,58,7
113900074,45,15,30
113900075,101,205,-104
113900076,0,0,0
113900077,0,0,0
113900078,0,0,0
113900079,0,0,0
113900080,7,2,5
113900081,0,0,0
113900082,0,0,0
113900083,49,14,35
113900084,8,12,-4
113900085,0,0,0
113900086,0,0,0
113900087,0,0,0
113900088,0,0,0
113900089,136,3,133
113900090,6,0,6
113900091,0,0,0
113900092,0,0,0
113900093,0,0,0
113900094,18,11,7
113900095,15,7,8
113900096,0,0,0
113900097,0,0,0
113900098,238,31,207
113900099,0,0,0
113900100,0,0,0
113900101,0,0,0
113900102,0,0,0
113900103,21,13,8
113900104,37,37,0
113900105,2,0,2
113900106,0,0,0
113900107,0,0,0
113900108,0,0,0
113900109,1,0,1
113900110,0,0,0
113900111,0,0,0
113900112,11,0,11
113900113,22,2,20
113900114,0,0,0
113900115,0,0,0
113900116,0,0,0
113900117,3,0,3
113900118,0,17,-17
113900119,33,60,-27
113900120,0,0,0
113900121,0,0,0
113900122,14,946,-932
113900123,2,0,2
113900124,0,0,0
113900125,15,0,15
113900126,0,0,0
113900127,0,0,0
113900128,0,0,0
113900129,1,41,-40
113900130,0,0,0
113900131,0,0,0
113900132,0,0,0
113900133,0,0,0
113900135,0,0,0
113900136,0,0,0
113900137,1,0,1
113900138,0,0,0
113900139,0,0,0
113900140,18,37,-19
113900141,0,0,0
113900142,0,0,0
113900143,0,0,0
113900144,26,15,11
113900145,0,0,0
113900146,0,0,0
113900148,0,0,0
113900149,0,0,0
113900150,130,35,95
113900151,0,0,0
113900152,0,4,-4
113900153,0,0,0
113900154,0,0,0
113900155,0,0,0
113900156,0,0,0
113900157,2,17,-15
113900158,0,0,0
113900159,0,0,0
113900160,0,0,0
113900161,0,0,0
113900162,4,24,-20
113900163,0,0,0
113900164,0,0,0
113900165,0,0,0
113900166,8,0,8
113900167,11,2,9
113900168,0,0,0
113900169,0,0,0
113900171,0,0,0
113900172,0,0,0
113900173,1,37,-36
113900174,0,0,0
113900175,116,20,96
113900176,0,0,0
113900177,1,1,0
113900178,0,0,0
113900179,0,42,-42
113900180,6,4,2
113900181,100,0,100
113900182,0,0,0
113900183,0,5,-5
113900184,0,34,-34
113900185,0,1,-1
113900186,0,0,0
113900187,0,5,-5
113900188,0,0,0
113900189,0,0,0
113900190,0,0,0
113900191,0,0,0
113900192,0,0,0
113900193,0,4,-4
113900194,53,15,38
113900195,0,0,0
113900196,0,0,0
113900197,0,15,-15
113900198,0,0,0
113900199,1,19,-18
113900200,0,0,0
113900201,0,7,-7
113900202,0,0,0
113900203,0,3,-3
113900204,0,10,-10
113900205,0,0,0
113900206,0,0,0
113900207,0,0,0
113900208,0,0,0
113900209,0,0,0
113900210,0,0,0
113900211,0,0,0
113900212,82,7,75
113900214,8,19,-11
113900215,134,0,134
113900216,0,0,0
113900217,0,0,0
113900218,0,0,0
113900219,0,0,0
113900220,0,0,0
113900221,4,22,-18
113900222,0,0,0
113900223,0,0,0
113900224,0,0,0
113900225,10,5,5
113900226,16,6,10
113900227,6,6,0
113900228,0,0,0
113900229,8,28,-20
113900230,92,14,78
113900231,0,0,0
113900232,0,0,0
113900233,0,0,0
113900234,0,0,0
113900235,0,0,0
113900236,138,4,134
113900237,0,0,0
113900238,3,46,-43
113900239,0,0,0
113900240,0,0,0
113900241,0,0,0
113900242,0,0,0
113900243,0,6,-6
113900244,15,8,7
113900245,3,0,3
113900246,0,11,-11
113900247,34,156,-122
113900248,0,0,0
113900249,4,63,-59
113900250,5,31,-26
113900251,171,4,167
113900252,146,1,145
113900253,96,29,67
113900254,134,12,122
113900255,298,14,284
113900256,160,7,153
113900257,3,35,-32
113900258,0,37,-37
113900259,71,11,60
113900260,163,1,162
113900261,11,8,3
113900262,84,23,61
113900263,0,5,-5
113900264,0,6,-6
113900265,20,0,20
113900266,13,0,13
113900267,0,0,0
113900268,2,9,-7
113900269,0,0,0
113900270,0,0,0
113900271,0,0,0
113900273,0,2,-2
113900274,15,3,12
113900275,0,0,0
113900276,1,5,-4
113900277,48,1,47
113900278,0,0,0
113900279,0,0,0
113900280,6,11,-5
113900281,6,140,-134
113900282,0,1,-1
113900283,0,0,0
113900284,311,90,221
113900285,10,0,10
113900286,0,0,0
113900287,0,0,0
113900288,0,0,0
113900289,0,0,0
113900290,0,0,0
113900291,0,0,0
113900292,1,1,0
113900293,6,0,6
113900294,199,2,197
113900295,66,32,34
113900296,107,21,86
113900297,302,6,296
113900298,0,0,0
113900299,5,1,4
113900300,379,41,338
113900301,35,0,35
113900302,68,2,66
113900303,0,0,0
113900304,0,0,0
113900305,36,0,36
113900306,2,0,2
113900307,0,0,0
113900308,0,0,0
113900309,0,7,-7
113900310,0,0,0
113900311,1,0,1
113900312,0,0,0
113900313,0,0,0
114000001,311,385,-74
114000002,81,77,4
114000003,11,23,-12
114000004,56,25,31
114000005,50,6,44
114000006,203,250,-47
114000007,170,123,47
114000008,204,285,-81
114000009,194,80,114
114000011,1513,390,1123
114000012,1801,255,1546
114000013,938,341,597
114000014,62,19,43
114000015,247,38,209
114000016,5,32,-27
114000017,24,155,-131
114000018,2,19,-17
114000026,1083,249,834
114000027,1454,680,774
114000028,732,1257,-525
114000038,16,2,14
114000039,0,0,0
114000040,46,121,-75
114000042,3,63,-60
114000043,65,7,58
114000044,74,17,57
114000045,6,6,0
114000046,301,446,-145
114000047,29,79,-50
114000048,21,56,-35
114000049,497,328,169
114000050,333,320,13
114000051,674,781,-107
114000052,606,791,-185
114000053,127,222,-95
114000054,28,305,-277
114000055,17,0,17
114000056,3,54,-51
114000057,585,578,7
114000058,2,19,-17
114000059,3,30,-27
114000060,31,138,-107
114000061,620,1201,-581
114000062,145,367,-222
114000063,92,155,-63
114000064,253,404,-151
114000065,221,420,-199
114000066,220,418,-198
114000067,30,241,-211
114000068,55,141,-86
114000069,229,66,163
114000070,1083,663,420
114000071,59,34,25
114000072,138,10,128
114000073,27,39,-12
114000074,35,0,35
114000075,35,7,28
114000076,7,27,-20
114000077,9,2,7
114000078,14,45,-31
114000079,30,0,30
114000080,7,55,-48
114000081,8,74,-66
114000082,9,92,-83
114000083,0,0,0
114000084,59,53,6
114000085,40,37,3
114000086,14,9,5
114000087,0,0,0
114000088,41,10,31
114000089,62,13,49
114000090,198,343,-145
114000091,231,318,-87
114000092,91,43,48
114000093,399,164,235
114000094,120,163,-43
114000095,69,150,-81
114000096,18,47,-29
114000097,40,74,-34
114000098,254,61,193
114000099,211,26,185
114000100,1412,80,1332
114000101,153,47,106
114000102,190,48,142
114000103,59,54,5
114000104,2,23,-21
114000105,9,6,3
114000106,139,264,-125
114000107,176,16,160
114000108,119,44,75
114000109,479,614,-135
114000110,7,9,-2
114000111,1048,379,669
114000112,4,6,-2
114000113,665,137,528
114000114,2,7,-5
114000115,904,255,649
114000116,583,1627,-1044
114000117,2106,226,1880
114000118,1935,167,1768
114000119,1669,276,1393
114000120,245,144,101
114000121,0,0,0
114000122,136,5,131
114000123,906,86,820
114000124,425,88,337
114000125,237,319,-82
114000126,716,66,650
114000127,95,53,42
114000128,336,95,241
114000130,138,336,-198
114000131,136,27,109
114000132,128,84,44
114000133,65,112,-47
114000134,0,0,0
114000138,0,0,0
114000139,128,153,-25
114000144,251,183,68
114000145,0,0,0
114000146,0,0,0
114000147,788,1258,-470
114000148,290,798,-508
114000149,95,49,46
114000150,16,7,9
114000151,90,845,-755
114000152,7,1,6
114000153,75,416,-341
114000154,119,61,58
114000155,308,741,-433
114000156,239,372,-133
114000157,60,286,-226
114000158,120,95,25
114000159,56,40,16
114000160,11,47,-36
114000161,309,757,-448
114000162,776,1126,-350
114000163,0,0,0
114000165,89,220,-131
114000166,94,114,-20
114000167,770,340,430
114000168,15,3,12
114000169,401,506,-105
114000170,543,388,155
114000171,806,3307,-2501
114000174,4,14,-10
114000176,11,1,10
114000177,33,11,22
114000178,102,27,75
114000179,592,418,174
114000180,35,6,29
114000181,393,1718,-1325
114000182,328,290,38
114000183,230,59,171
114000184,146,87,59
114000185,817,474,343
114000189,922,53,869
114000190,2344,404,1940
114000191,35,180,-145
114000192,0,1,-1
114000193,0,0,0
114000194,824,396,428
114000195,131,92,39
114000196,0,0,0
114000197,1382,3,1379
114000198,0,0,0
114000199,3,97,-94
114000200,193,122,71
114000201,78,88,-10
114000202,561,256,305
114000203,227,248,-21
114000204,0,0,0
114000205,4,143,-139
114000206,54,124,-70
114000207,76,195,-119
114000208,104,52,52
114000209,24,66,-42
114000210,63,170,-107
114000211,1296,573,723
114000212,537,434,103
114000213,1392,401,991
114000214,26,0,26
114000215,28,2,26
114000216,513,177,336
114000217,292,110,182
114000218,64,9,55
114000219,591,74,517
114000220,0,2,-2
114000221,485,48,437
114000222,11,75,-64
114000223,479,68,411
114000224,9,76,-67
114000225,74,38,36
114000226,133,49,84
114000227,734,290,444
114000228,639,122,517
114000229,570,338,232
114000230,1430,344,1086
114000231,546,530,16
114000232,642,137,505
114000233,1425,17,1408
114000234,901,383,518
114000235,696,432,264
114000236,0,0,0
114000237,85,138,-53
114000238,31,388,-357
114000239,63,194,-131
114000240,438,452,-14
114000241,81,170,-89
114000242,344,143,201
114000243,1173,818,355
114000244,346,111,235
114000245,90,94,-4
114000246,0,0,0
114000247,460,213,247
114000248,1042,401,641
114000249,655,217,438
114000250,205,30,175
114000251,184,21,163
114000252,6,9,-3
114000253,30,13,17
114000254,0,0,0
114000255,16,75,-59
114000256,58,224,-166
114000257,15,231,-216
114000258,150,35,115
114000259,0,3,-3
114000260,0,0,0
114000261,43,27,16
114000262,0,0,0
114000263,8,0,8
114000264,249,48,201
114000265,0,0,0
114000267,0,412,-412
114000268,0,0,0
114000270,83,0,83
114000271,116,33,83
114000283,591,69,522
114000285,0,0,0
114000288,6,3,3
114000289,370,30,340
114000293,112,7,105
114000294,75,275,-200
114000395,414,4,410
114000396,215,84,131
114000402,305,86,219
114000403,195,48,147
114000405,162,68,94
114000423,258,81,177
114000424,178,107,71
114000425,418,80,338
114000426,302,854,-552
114000427,21,9,12
114000428,23,103,-80
114000429,30,5,25
114000432,132,11,121
114000434,2,26,-24
114000435,0,0,0
114900001,214,34,180
114900002,72,8,64
114900003,132,65,67
114900004,69,83,-14
114900005,40,48,-8
114900006,23,6,17
114900007,38,2,36
114900008,24,6,18
114900010,0,0,0
114900011,69,15,54
114900013,36,7,29
114900015,7,20,-13
114900018,13,7,6
114900020,2,5,-3
114900022,3,15,-12
114900024,20,12,8
114900025,144,8,136
114900026,28,14,14
114900027,32,9,23
114900029,1,2,-1
114900030,55,10,45
114900031,57,6,51
114900032,141,0,141
114900033,36,139,-103
114900034,0,0,0
114900035,3,11,-8
114900036,61,25,36
114900037,0,0,0
114900038,0,0,0
114900039,0,0,0
114900040,0,0,0
114900041,0,0,0
114900042,0,0,0
114900043,0,0,0
114900044,9,5,4
114900046,0,0,0
114900047,0,0,0
114900048,0,0,0
114900049,0,0,0
114900050,0,0,0
114900051,0,0,0
114900052,0,0,0
114900053,0,0,0
114900054,0,0,0
114900057,15,4,11
114900058,0,0,0
114900059,0,2,-2
114900060,4,16,-12
114900061,0,0,0
114900062,5,6,-1
114900063,0,0,0
114900064,0,0,0
114900065,0,0,0
114900067,0,0,0
114900068,0,0,0
114900069,0,0,0
114900070,107,8,99
114900072,1,0,1
114900073,0,0,0
114900074,258,5,253
114900075,59,1,58
114900076,0,0,0
114900080,123,13,110
114900082,347,24,323
114900083,8,2,6
114900090,74,25,49
114900091,0,0,0
114900095,0,0,0
114900096,0,7,-7
114900097,13,0,13
114900098,0,3,-3
114900099,17,1,16
115000001,604,640,-36
115000002,2160,2924,-764
115000003,486,296,190
115000004,2124,3404,-1280
115000005,115,126,-11
115000006,450,905,-455
115000007,52,237,-185
115000008,140,174,-34
115000009,118,271,-153
115000010,100,206,-106
115000013,0,0,0
115000015,0,0,0
115000016,10,306,-296
115000019,64,202,-138
115000020,25,182,-157
115000021,1,45,-44
115000022,11,45,-34
115000023,322,424,-102
115000024,52,15,37
115000025,694,302,392
115000026,8,3,5
115000027,237,130,107
115000028,9,24,-15
115000029,720,13,707
115000030,33,38,-5
115000031,502,50,452
115000032,0,0,0
115000033,135,17,118
115000034,0,0,0
115000035,510,15,495
115000036,0,0,0
115000037,293,9,284
115000038,19,256,-237
115000039,575,1015,-440
115000040,840,612,228
115000041,505,1548,-1043
115000042,287,121,166
115000043,1459,967,492
115000044,939,245,694
115000045,593,146,447
115000046,1802,909,893
115000047,1679,541,1138
115000048,447,225,222
115000049,414,623,-209
115000050,1840,647,1193
115000051,817,2475,-1658
115000052,326,490,-164
115000053,1075,2117,-1042
115000054,158,181,-23
115000055,2,101,-99
115000056,75,45,30
115000057,71,337,-266
115000058,38,89,-51
115000059,7,177,-170
115000061,33,95,-62
115000062,34,3,31
115000063,9,8,1
115000064,139,39,100
115000065,1,3,-2
115000067,81,12,69
115000069,44,1,43
115000070,2,63,-61
115000071,61,20,41
115000072,0,0,0
115000073,747,75,672
115000075,46,30,16
115000076,573,436,137
115000077,604,306,298
115000078,565,160,405
115000079,322,292,30
115000080,1427,326,1101
115000081,15,27,-12
115000082,2207,1603,604
115000083,675,212,463
115000084,2072,210,1862
115000085,174,119,55
115000086,685,202,483
115000087,111,385,-274
115000088,840,286,554
115000089,184,141,43
115000090,236,222,14
115000091,240,112,128
115000092,420,188,232
115000093,373,1,372
115000094,1687,3162,-1475
115000095,884,2701,-1817
115000096,308,263,45
115000097,784,617,167
115000098,811,66,745
115000099,1262,391,871
115000100,1157,276,881
115000101,46,42,4
115000102,390,121,269
115000103,190,111,79
115000105,42,64,-22
115000106,256,226,30
115000107,52,27,25
115000108,348,215,133
115000109,1159,2310,-1151
115000110,664,766,-102
115000111,78,494,-416
115000112,216,137,79
115000113,144,335,-191
115000114,264,181,83
115000116,488,467,21
115000117,382,328,54
115000118,365,607,-242
115000119,467,274,193
115000120,98,963,-865
115000121,234,197,37
115000122,241,302,-61
115000123,108,1474,-1366
115000124,169,278,-109
115000125,118,311,-193
115000126,80,274,-194
115000127,115,42,73
115000128,50,307,-257
115000129,118,116,2
115000130,217,65,152
115000131,226,38,188
115000132,190,16,174
115000133,195,44,151
115000134,91,14,77
115000135,17,4,13
115000136,72,44,28
115000137,2,6,-4
115000138,225,85,140
115000139,21,3,18
115000140,314,43,271
115000141,41,9,32
115000142,22,3,19
115000143,714,247,467
115000144,203,34,169
115000145,21,21,0
115000146,191,93,98
115000147,80,42,38
115000148,97,138,-41
115000149,137,243,-106
115000150,166,79,87
115000151,511,223,288
115000152,266,117,149
115000153,632,205,427
115000154,399,141,258
115000155,154,107,47
115000156,170,303,-133
115000157,60,128,-68
115000158,55,102,-47
115000159,63,67,-4
115000160,188,209,-21
115000161,346,226,120
115000162,502,460,42
115000163,92,48,44
115000164,38,83,-45
115000165,159,322,-163
115000167,74,8,66
115000168,173,165,8
115000169,18,0,18
115000170,0,1,-1
115000171,164,212,-48
115000172,17,26,-9
115000173,60,145,-85
115000174,36,144,-108
115000175,1,15,-14
115000176,24,61,-37
115000177,0,12,-12
115000178,0,3,-3
115000179,2,61,-59
115000180,1,10,-9
115000181,414,41,373
115000182,574,70,504
115000183,0,7,-7
115000186,225,21,204
115000187,81,9,72
115000188,342,122,220
115000189,69,13,56
115000190,300,117,183
115000191,7,22,-15
115000194,0,0,0
115000195,38,55,-17
115000196,113,9,104
115000197,80,70,10
115000198,342,22,320
115000199,75,46,29
115000200,186,14,172
115000201,11,10,1
115000206,453,5,448
115000207,0,0,0
115000208,18,30,-12
115000209,523,92,431
115000210,96,51,45
115000211,22,52,-30
115000212,194,57,137
115000224,71,4,67
115000225,30,17,13
115000229,90,22,68
115000230,20,240,-220
115000231,208,122,86
115000232,1271,169,1102
115000233,11,12,-1
115000234,4,11,-7
115000241,13,16,-3
115000242,62,7,55
115000243,22,32,-10
115000244,15,7,8
115000246,2,6,-4
115000247,0,1,-1
115000248,0,0,0
115000249,0,0,0
115000250,129,3,126
115000251,98,4,94
115000252,18,28,-10
115000253,1,139,-138
115000258,80,12,68
115000259,46,6,40
115000261,26,0,26
115000262,0,6,-6
115000263,2,15,-13
115000264,0,13,-13
115000267,2,15,-13
115000268,0,0,0
115000269,107,5,102
115000270,4,22,-18
115000272,10,15,-5
115000273,162,7,155
115000280,255,715,-460
115000281,0,0,0
115000282,133,1030,-897
115000284,11,29,-18
115000296,142,3,139
115000297,8,487,-479
115000298,0,0,0
115000300,129,13,116
115000302,208,60,148
115000303,483,23,460
115000304,386,32,354
115000305,40,11,29
115000306,20,21,-1
115000307,28,7,21
115000308,0,0,0
115000309,2,14,-12
115000310,471,114,357
115000311,909,282,627
115000313,5,14,-9
115000314,127,51,76
115000315,1,47,-46
115000316,13,20,-7
115000317,57,54,3
115000318,622,44,578
115000319,0,17,-17
115000320,0,49,-49
115000321,77,2,75
115000322,0,12,-12
115000449,14,49,-35
115000557,0,0,0
115000558,137,25,112
115000587,211,135,76
115000588,81,92,-11
115000589,1542,1033,509
115000590,34,52,-18
115000591,382,275,107
115000592,30,24,6
115000593,782,363,419
115000594,23,52,-29
115000609,55,89,-34
115000617,41,503,-462
115000624,49,2,47
115000633,378,363,15
115000634,1577,357,1220
115000635,343,104,239
115000638,8,43,-35
115000641,0,3,-3
115000642,212,36,176
115000643,2,1,1
115000644,21,4,17
115000646,192,337,-145
115000647,44,42,2
115000648,1005,84,921
115000893,813,444,369
115000894,0,22,-22
115000895,1,3,-2
115000896,445,248,197
115000897,132,7,125
115000898,101,103,-2
115000899,0,11,-11
115000900,1,84,-83
115000901,0,0,0
115000912,135,45,90
115000913,0,3,-3
115000915,16,0,16
115000916,2,3,-1
115000917,0,25,-25
115000918,1,278,-277
115000919,0,8,-8
115000920,0,0,0
115000921,0,0,0
115000922,115,396,-281
115000923,0,13,-13
115000925,12,10,2
115000927,2,5,-3
115000933,1,20,-19
115000934,22,17,5
115000935,27,3,24
115000936,1,287,-286
115000937,69,91,-22
115000938,10,32,-22
115000939,0,15,-15
115900001,70,5,65
115900002,1,1,0
115900003,17,26,-9
115900004,0,0,0
115900005,14,0,14
115900006,0,5,-5
115900008,7,0,7
115900009,3,5,-2
115900010,231,8,223
115900011,14,5,9
115900012,49,1,48
115900013,122,2,120
115900014,37,7,30
115900015,19,1,18
115900016,20,0,20
115900017,1,4,-3
115900018,18,3,15
115900019,5,0,5
115900020,89,21,68
115900021,26,0,26
115900022,89,0,89
115900023,0,0,0
115900025,0,9,-9
115900026,141,25,116
115900027,0,0,0
115900028,59,20,39
115900029,1,30,-29
115900030,0,0,0
115900031,2,27,-25
115900032,72,36,36
115900033,0,0,0
115900034,0,24,-24
115900035,0,0,0
115900036,0,189,-189
115900037,0,9,-9
115900038,0,0,0
115900039,19,1,18
115900041,16,113,-97
115900042,0,0,0
115900043,5,0,5
115900044,30,76,-46
115900046,133,15,118
115900047,1,17,-16
115900049,34,19,15
115900051,0,0,0
115900052,0,0,0
115900053,158,7,151
115900054,149,0,149
115900055,0,0,0
115900056,17,6,11
115900057,0,1,-1
115900058,0,0,0
115900060,4,35,-31
115900061,37,0,37
115900062,15,9,6
115900063,0,0,0
115900064,1,4,-3
115900065,40,3,37
115900066,4,2,2
115900067,0,4,-4
115900068,0,0,0
115900069,3,10,-7
115900070,71,3,68
115900071,0,0,0
115900072,2,8,-6
115900073,9,19,-10
115900074,0,0,0
115900075,7,12,-5
115900076,0,0,0
115900077,0,0,0
115900078,1,6,-5
115900079,169,0,169
115900080,10,3,7
115900081,32,1,31
115900082,18,21,-3
115900084,123,0,123
115900085,0,0,0
115900086,159,23,136
115900088,0,0,0
115900089,222,0,222
115900090,102,1,101
115900091,0,0,0
115900092,0,0,0
115900093,0,0,0
115900094,0,0,0
115900096,0,0,0
115900097,0,0,0
115900098,1,0,1
115900099,3,6,-3
115900100,0,15,-15
115900101,0,0,0
115900102,7,1,6
115900103,2,0,2
115900104,38,13,25
115900105,58,4,54
115900106,0,0,0
115900107,36,4,32
115900108,0,0,0
115900109,0,89,-89
115900110,0,0,0
115900111,0,0,0
115900112,0,144,-144
115900113,0,0,0
115900114,0,0,0
115900115,0,0,0
115900116,9,108,-99
115900117,0,0,0
115900118,0,0,0
115900119,0,0,0
115900120,2,14,-12
115900121,27,23,4
115900124,60,260,-200
115900125,142,3,139
115900126,195,3,192
115900127,330,5,325
115900128,0,0,0
115900129,81,14,67
115900130,0,12,-12
115900131,102,3,99
115900132,242,0,242
115900134,78,0,78
115900135,163,69,94
115900137,2,3,-1
115900139,0,0,0
115900140,43,0,43
115900141,0,0,0
115900142,0,0,0
115900143,0,0,0
115900144,0,0,0
115900146,27,9,18
115900147,108,130,-22
115900148,2,0,2
115900149,20,0,20
115900150,36,1,35
115900151,0,2,-2
115900152,5,6,-1
115900153,30,5,25
115900154,12,81,-69
115900155,0,0,0
115900156,107,113,-6
115900157,84,42,42
115900158,0,0,0
115900159,86,9,77
115900160,0,0,0
115900161,2,24,-22
115900163,48,2,46
115900164,211,4,207
115900165,0,0,0
115900166,4,15,-11
115900168,0,0,0
115900171,1,28,-27
115900172,4,9,-5
115900173,42,37,5
115900174,4,53,-49
115900175,81,3,78
115900178,1,11,-10
115900179,40,0,40
115900180,0,0,0
115900181,88,12,76
115900182,119,10,109
115900183,0,0,0
115900184,72,0,72
115900187,0,14,-14
115900189,0,9,-9
115900190,5,37,-32
115900191,1,50,-49
115900192,0,13,-13
115900193,17,26,-9
115900194,243,1,242
115900195,24,576,-552
115900198,20,31,-11
115900199,32,14,18
115900200,29,4,25
115900201,136,74,62
115900202,0,39,-39
115900203,12,12,0
115900204,0,0,0
115900205,41,2,39
115900206,0,0,0
115900207,0,0,0
115900208,15,12,3
115900209,0,14,-14
115900210,0,22,-22
115900211,0,16,-16
115900212,0,0,0
115900213,4,57,-53
115900214,167,26,141
115900215,1,7,-6
115900216,0,0,0
115900217,0,0,0
115900218,0,0,0
115900219,30,0,30
115900220,90,0,90
115900221,28,2,26
115900222,59,11,48
115900223,0,89,-89
115900224,64,331,-267
115900225,27,26,1
115900226,0,0,0
115900227,2,2,0
115900228,0,0,0
115900229,2,6,-4
115900230,5,28,-23
115900231,0,0,0
115900232,0,0,0
115900233,0,0,0
115900234,0,0,0
115900235,0,0,0
115900236,0,0,0
115900237,0,0,0
115900238,0,0,0
115900239,0,0,0
115900240,0,0,0
115900241,0,0,0
115900242,64,110,-46
115900243,0,0,0
115900244,3,0,3
115900245,12,0,12
115900246,0,0,0
115900247,0,0,0
115900248,3,0,3
115900249,0,0,0
115900250,6,12,-6
115900251,2,0,2
115900252,0,0,0
115900253,2,3,-1
115900254,1,11,-10
115900255,0,0,0
115900256,2,1,1
115900257,0,0,0
115900258,0,0,0
115900259,0,0,0
115900260,0,0,0
115900261,0,0,0
115900262,0,0,0
115900263,0,0,0
115900264,0,0,0
115900265,0,0,0
115900266,0,0,0
115900267,0,0,0
115900268,0,0,0
115900269,0,0,0
115900270,28,14,14
115900271,62,0,62
115900272,4,0,4
115900273,2,20,-18
115900274,0,0,0
115900275,0,0,0
115900276,0,0,0
115900277,0,0,0
115900278,0,0,0
115900279,0,0,0
115900280,42,3,39
115900281,0,0,0
115900282,0,5,-5
115900283,9,0,9
115900284,0,0,0
116000001,1005,697,308
116000002,3424,11413,-7989
116000003,258,267,-9
116000004,1184,4307,-3123
116000005,223,844,-621
116000006,428,873,-445
116000007,585,886,-301
116000008,1514,825,689
116000009,269,902,-633
116000010,1060,727,333
116000011,380,788,-408
116000012,940,375,565
116000013,1007,1098,-91
116000014,1863,8638,-6775
116000015,63,239,-176
116000016,696,3721,-3025
116000017,12,494,-482
116000018,96,46,50
116000019,575,129,446
116000020,391,165,226
116000021,300,152,148
116000022,168,132,36
116000023,238,290,-52
116000024,240,76,164
116000025,143,279,-136
116000026,588,304,284
116000027,386,616,-230
116000028,793,2442,-1649
116000029,202,129,73
116000030,489,1247,-758
116000031,0,0,0
116000032,256,6,250
116000033,580,229,351
116000034,2694,1109,1585
116000035,401,99,302
116000036,46,106,-60
116000037,35,246,-211
116000038,136,289,-153
116000039,44,36,8
116000040,276,333,-57
116000041,23,55,-32
116000042,693,390,303
116000043,125,125,0
116000044,0,2,-2
116000045,3384,2478,906
116000046,779,475,304
116000047,842,1179,-337
116000048,5095,1370,3725
116000049,2922,1148,1774
116000050,832,377,455
116000051,4038,1027,3011
116000052,1563,605,958
116000053,3811,655,3156
116000054,563,412,151
116000055,415,227,188
116000056,1901,2038,-137
116000057,416,100,316
116000058,358,626,-268
116000059,920,6086,-5166
116000060,205,292,-87
116000061,100,927,-827
116000062,131,140,-9
116000063,252,885,-633
116000066,74,987,-913
116000067,26,42,-16
116000068,77,325,-248
116000069,158,56,102
116000078,279,768,-489
116000080,690,105,585
116000082,0,22,-22
116000083,607,135,472
116000084,444,1117,-673
116000085,565,343,222
116000086,263,230,33
116000087,1143,748,395
116000088,221,225,-4
116000089,57,27,30
116000090,27,68,-41
116000091,31,103,-72
116000093,311,100,211
116000094,202,83,119
116000095,486,70,416
116000096,460,669,-209
116000097,414,70,344
116000098,15,2631,-2616
116000099,930,58,872
116000100,138,7,131
116000101,402,23,379
116000102,119,174,-55
116000103,248,73,175
116000104,135,136,-1
116000105,630,15,615
116000106,335,108,227
116000107,1143,27,1116
116000108,1,11,-10
116000111,18,48,-30
116000113,41,8,33
116000114,6,45,-39
116000115,263,31,232
116000116,34,78,-44
116000117,877,529,348
116000118,475,103,372
116000119,1896,755,1141
116000120,505,231,274
116000121,534,194,340
116000122,90,43,47
116000123,1139,154,985
116000124,58,82,-24
116000125,1530,76,1454
116000126,9,26,-17
116000127,164,43,121
116000128,1138,138,1000
116000129,322,14,308
116000130,333,122,211
116000133,382,18,364
116000134,447,189,258
116000135,1416,248,1168
116000136,439,385,54
116000137,570,255,315
116000138,133,200,-67
116000139,1491,2031,-540
116000140,58,190,-132
116000141,103,110,-7
116000142,1567,1722,-155
116000143,1200,1256,-56
116000144,937,754,183
116000145,2223,639,1584
116000146,266,32,234
116000147,135,194,-59
116000148,148,263,-115
116000149,155,92,63
116000151,259,288,-29
116000153,201,614,-413
116000155,289,419,-130
116000156,167,135,32
116000157,63,1,62
116000158,250,24,226
116000159,6,0,6
116000160,3,10,-7
116000161,0,107,-107
116000162,5,107,-102
116000163,25,5,20
116000164,1,2,-1
116000177,13,15,-2
116000194,19,46,-27
116000195,467,148,319
116000196,0,0,0
116000197,0,0,0
116000198,1539,1296,243
116000200,79,441,-362
116000201,380,81,299
116000202,6,31,-25
116000203,0,17,-17
116000204,0,6,-6
116000205,0,7,-7
116000206,0,0,0
116000207,3,0,3
116000233,0,0,0
116000287,25,34,-9
116000288,205,78,127
116000292,0,0,0
116000296,0,37,-37
116000297,76,1,75
116000304,63,1,62
116000305,0,15,-15
116000346,0,0,0
116000352,0,0,0
116000354,0,0,0
116000357,0,0,0
116000358,11,6,5
116000361,3,0,3
116000372,2025,3929,-1904
116000381,12,1,11
116000388,0,0,0
116000389,67,27,40
116000445,55,22,33
116000446,570,53,517
116000447,0,21,-21
116000448,239,58,181
116000563,331,1765,-1434
116000565,4,78,-74
116000568,16,100,-84
116000579,1,19,-18
116000584,11,5,6
116000585,2,37,-35
116000586,5,54,-49
116000587,528,135,393
116000589,49,3,46
116000590,47,12,35
116000591,128,38,90
116000592,0,20,-20
116000593,0,0,0
116000594,291,61,230
116000595,152,14,138
116000596,154,16,138
116000597,279,81,198
116000598,2,15,-13
116000602,0,0,0
116000605,15,15,0
116000606,38,123,-85
116000607,0,0,0
116000609,2,297,-295
116000611,5,30,-25
116000612,1416,1703,-287
116000613,476,196,280
116000614,31,29,2
116000615,0,0,0
116000616,104,6,98
116000617,111,0,111
116000618,3,2,1
116000619,19,53,-34
116000620,150,96,54
116000621,61,108,-47
116000622,248,87,161
116000624,77,22,55
116000627,60,7,53
116000628,44,2,42
116000629,26,5,21
116000630,455,4,451
116000631,118,2,116
116000632,0,0,0
116000633,0,80,-80
116000634,268,0,268
116000635,1700,1460,240
116000636,222,594,-372
116000637,85,0,85
116000638,0,56,-56
116900001,1,1,0
116900002,38,0,38
116900003,0,0,0
116900004,86,26,60
116900005,72,0,72
116900006,24,49,-25
116900007,22,4,18
116900008,111,18,93
116900009,25,1,24
116900010,0,57,-57
116900011,0,4,-4
116900012,4,3,1
116900013,0,18,-18
116900014,0,0,0
116900015,173,3,170
116900016,61,1,60
116900017,0,88,-88
116900018,0,0,0
116900019,0,0,0
116900020,40,74,-34
116900023,0,0,0
116900024,297,2,295
116900025,295,27,268
116900026,0,54,-54
116900027,0,0,0
116900028,0,0,0
116900029,0,3,-3
116900031,0,0,0
116900032,0,15,-15
116900033,0,0,0
116900034,0,0,0
116900035,34,19,15
116900036,0,10,-10
116900038,3,0,3
116900041,2,0,2
116900042,0,0,0
116900043,8,10,-2
116900047,0,38,-38
116900049,0,0,0
116900050,24,7,17
116900051,19,1,18
116900052,9,3,6
116900055,0,0,0
116900057,0,0,0
116900058,1,2,-1
116900059,0,0,0
116900060,18,47,-29
116900062,1,4,-3
116900064,0,0,0
116900065,0,0,0
116900067,2,2,0
116900068,52,29,23
116900070,0,0,0
116900072,0,0,0
116900073,0,3,-3
116900074,0,11,-11
116900076,2,2,0
116900077,1,1,0
116900078,0,0,0
116900079,1,17,-16
116900080,0,0,0
116900081,25,27,-2
116900082,35,44,-9
116900083,1,1,0
116900084,0,0,0
116900085,16,1,15
116900086,1,19,-18
116900088,16,1,15
116900090,3,1,2
116900091,33,0,33
116900092,4,17,-13
116900093,100,64,36
116900094,682,839,-157
116900095,7,0,7
116900096,42,0,42
116900097,210,682,-472
116900098,11,14,-3
116900099,14,29,-15
116900100,361,9,352
116900101,13,4,9
116900103,12,0,12
116900104,1,28,-27
116900105,53,28,25
116900106,1168,21,1147
116900107,635,942,-307
116900110,3,0,3
116900111,376,61,315
116900112,154,49,105
116900113,111,719,-608
116900116,0,3,-3
116900117,19,10,9
116900118,63,23,40
116900120,85,10,75
116900121,66,3,63
116900122,268,35,233
116900123,82,26,56
116900124,4,16,-12
116900125,41,0,41
116900126,3,141,-138
116900128,0,0,0
116900129,0,1,-1
116900130,4,540,-536
116900131,0,0,0
116900132,1,0,1
116900133,0,0,0
116900134,0,0,0
116900136,0,0,0
116900137,0,0,0
116900138,0,0,0
116900139,0,0,0
116900140,0,0,0
116900141,0,0,0
116900142,2,1,1
116900143,0,0,0
116900144,0,0,0
116900145,0,0,0
116900147,0,0,0
116900148,0,0,0
116900149,0,6,-6
116900150,0,0,0
116900151,0,0,0
116900153,3,1,2
116900154,3,29,-26
116900155,0,0,0
116900157,87,0,87
116900158,8,6,2
116900159,2,15,-13
116900160,169,157,12
116900161,321,29,292
116900162,0,0,0
116900163,21,0,21
116900164,0,2,-2
116900165,243,57,186
116900166,18,0,18
116900167,90,0,90
116900168,117,7,110
116900169,1,30,-29
116900170,259,65,194
116900171,2,9,-7
116900172,0,13,-13
116900173,20,2,18
116900174,2,23,-21
116900175,5,8,-3
116900178,2,7,-5
116900179,9,43,-34
116900180,3,1,2
116900182,40,7,33
116900183,60,6,54
116900185,68,2,66
116900186,2,1,1
116900187,16,3,13
116900188,18,3,15
116900189,0,0,0
116900191,5,14,-9
116900192,136,19,117
116900194,3,368,-365
116900195,1,0,1
116900196,0,1,-1
116900197,16,0,16
116900198,4,13,-9
116900200,0,0,0
116900201,33,1,32
116900202,3,0,3
116900203,19,1,18
116900204,5,13,-8
116900206,0,0,0
116900207,0,0,0
116900208,0,6,-6
116900209,6,2,4
116900210,21,3,18
116900211,21,0,21
116900212,0,0,0
116900213,25,8,17
116900214,0,0,0
116900215,0,3,-3
116900216,3,4,-1
116900218,0,1,-1
116900219,225,33,192
116900220,23,2,21
116900221,0,0,0
116900222,279,90,189
116900223,31,12,19
116900226,151,3,148
116900227,25,1,24
116900228,85,5,80
116900230,0,23,-23
116900231,0,23,-23
116900232,1,21,-20
116900233,106,1,105
116900234,10,0,10
116900235,0,0,0
116900238,135,11,124
116900239,0,64,-64
116900240,463,86,377
116900241,0,1,-1
116900242,6,242,-236
116900243,0,1,-1
116900245,7,8,-1
116900246,6,2,4
116900247,163,4,159
116900248,43,0,43
116900249,107,3,104
116900250,77,10,67
116900251,12,59,-47
116900252,41,36,5
116900253,10,2,8
116900254,0,1,-1
116900255,0,0,0
116900256,0,0,0
116900257,0,0,0
116900258,0,0,0
116900259,22,0,22
116900260,0,0,0
116900261,5,0,5
116900262,46,1,45
116900263,0,0,0
116900264,0,0,0
116900265,0,0,0
116900266,0,0,0
116900267,3,0,3
116900268,0,0,0
116900269,404,167,237
116900271,0,0,0
116900272,105,46,59
116900273,0,0,0
116900274,53,0,53
116900275,1,1,0
116900276,157,133,24
116900277,41,11,30
116900278,0,0,0
116900279,0,0,0
116900280,1,0,1
116900281,522,1015,-493
116900282,0,0,0
116900283,0,0,0
116900284,1,5,-4
116900285,13,29,-16
116900286,7,0,7
116900287,0,0,0
116900288,12,1,11
116900289,2,0,2
116900290,1,0,1
116900291,0,0,0
116900292,0,0,0
116900293,0,0,0
116900294,0,0,0
116900295,0,0,0
116900296,0,0,0
116900297,0,0,0
116900298,0,0,0
116900299,0,0,0
116900300,0,0,0
116900301,0,0,0
116900302,0,0,0
116900303,18,0,18
116900304,0,0,0
116900305,0,1,-1
116900306,131,17,114
117000001,3379,1840,1539
117000002,1542,890,652
117000003,4702,1755,2947
117000004,1510,1272,238
117000005,2809,857,1952
117000006,507,737,-230
117000007,3634,684,2950
117000008,348,933,-585
117000009,2601,662,1939
117000010,598,724,-126
117000011,1669,484,1185
117000012,776,244,532
117000013,1593,323,1270
117000014,584,1363,-779
117000015,657,1229,-572
117000016,46,120,-74
117000017,112,143,-31
117000018,13,656,-643
117000019,13,7,6
117000020,259,1403,-1144
117000021,1103,60,1043
117000022,102,202,-100
117000023,26,122,-96
117000024,135,238,-103
117000025,12,238,-226
117000026,1281,1356,-75
117000027,154,202,-48
117000028,192,353,-161
117000030,225,275,-50
117000031,275,158,117
117000032,1116,753,363
117000033,578,307,271
117000034,613,181,432
117000035,421,106,315
117000036,159,266,-107
117000037,425,78,347
117000038,318,478,-160
117000039,188,137,51
117000040,19,186,-167
117000041,819,20,799
117000044,3,135,-132
117000045,269,103,166
117000046,246,151,95
117000047,464,401,63
117000048,278,149,129
117000049,15,199,-184
117000050,43,339,-296
117000051,1769,19,1750
117000052,31,82,-51
117000053,367,2,365
117000054,1467,2,1465
117000055,2,210,-208
117000056,415,26,389
117000057,135,173,-38
117000060,157,105,52
117000061,2028,892,1136
117000062,84,63,21
117000063,1700,398,1302
117000064,521,186,335
117000066,151,80,71
117000067,183,384,-201
117000074,3,95,-92
117000076,11,28,-17
117000077,85,15,70
117000078,112,38,74
117000079,106,21,85
117000080,0,0,0
117000081,293,46,247
117000082,9,9,0
117000083,47,0,47
117000084,37,0,37
117000085,179,136,43
117000086,201,81,120
117000087,2,297,-295
117000088,267,105,162
117000089,1610,113,1497
117000090,109,213,-104
117000091,855,52,803
117000092,104,168,-64
117000093,1665,145,1520
117000094,191,161,30
117000095,3387,145,3242
117000096,245,234,11
117000097,2394,232,2162
117000098,521,436,85
117000099,3481,381,3100
117000100,100,80,20
117000101,116,72,44
117000102,2042,175,1867
117000103,146,259,-113
117000104,1688,188,1500
117000105,71,227,-156
117000106,2030,156,1874
117000107,146,155,-9
117000108,1830,739,1091
117000109,495,257,238
117000110,2086,1593,493
117000111,2432,2238,194
117000112,1675,791,884
117000113,47,40,7
117000114,184,37,147
117000115,19,23,-4
117000116,85,36,49
117000117,394,167,227
117000118,117,54,63
117000119,38,80,-42
117000120,2,171,-169
117000121,5,289,-284
117000122,18,573,-555
117000123,256,110,146
117000124,5,20,-15
117000125,8,16,-8
117000126,2,9,-7
117000127,22,14,8
117000128,28,2,26
117000129,285,554,-269
117000130,39,3,36
117000131,0,0,0
117000132,2358,123,2235
117000133,2177,25,2152
117000134,0,0,0
117000135,0,0,0
117000136,0,0,0
117000137,188,132,56
117000138,8,1,7
117000140,61,133,-72
117000141,1888,243,1645
117000181,8,11,-3
117000182,365,455,-90
117000195,1,54,-53
117000196,168,144,24
117000225,8,7,1
117000226,0,16,-16
117000276,236,5,231
117000277,0,36,-36
117000310,189,1967,-1778
117000315,51,297,-246
117000320,27,0,27
117000906,307,19,288
117000907,5,47,-42
117000908,36,95,-59
117000909,74,69,5
117000910,385,51,334
117000911,19,71,-52
117000915,16,94,-78
117000916,26,0,26
117000917,1242,21,1221
117000918,74,142,-68
117000919,0,16,-16
117000920,1,156,-155
117000921,0,41,-41
117000922,6,15,-9
117000924,124,316,-192
117000926,246,119,127
117000927,137,449,-312
117000928,0,0,0
117000929,31,17,14
117000930,9,0,9
117000931,56,95,-39
117900002,22,385,-363
117900003,0,0,0
117900005,0,5,-5
117900006,0,0,0
117900007,71,10,61
117900008,0,0,0
117900010,103,10,93
117900011,0,68,-68
117900012,12,5,7
117900013,0,7,-7
117900014,349,10,339
117900015,2,33,-31
117900016,122,511,-389
117900017,393,48,345
117900018,79,14,65
117900019,256,59,197
117900020,8,58,-50
117900021,6,4,2
117900022,0,0,0
117900023,56,5,51
117900024,67,3,64
117900025,1,0,1
117900026,153,23,130
117900028,3,2,1
117900029,109,64,45
117900030,32,129,-97
117900031,32,34,-2
117900032,220,65,155
117900033,332,38,294
117900034,0,0,0
117900035,52,4,48
117900036,203,33,170
117900037,50,5,45
117900038,0,0,0
117900039,0,0,0
117900040,0,0,0
117900041,0,0,0
117900042,203,105,98
117900043,0,0,0
117900044,10,1466,-1456
117900045,107,33,74
117900048,204,9,195
117900049,126,37,89
117900050,0,88,-88
117900051,0,0,0
117900052,0,0,0
117900053,599,44,555
117900054,0,12,-12
117900055,138,82,56
117900056,0,0,0
117900057,232,278,-46
117900058,1,0,1
117900059,0,0,0
117900060,895,564,331
117900061,0,130,-130
117900063,243,40,203
117900065,73,156,-83
117900066,0,73,-73
117900067,432,37,395
117900069,368,20,348
117900070,74,53,21
117900071,169,40,129
117900073,310,14,296
117900074,1,35,-34
117900075,60,18,42
117900076,0,0,0
117900077,35,5,30
117900078,161,202,-41
117900080,101,41,60
117900081,80,22,58
117900082,227,161,66
117900083,251,31,220
117900086,66,12,54
117900087,23,4,19
117900088,253,59,194
117900089,916,95,821
117900090,164,70,94
117900091,141,21,120
117900092,20,19,1
117900093,70,2,68
117900094,56,13,43
117900095,111,50,61
117900096,118,43,75
117900097,29,20,9
117900098,87,0,87
117900099,131,114,17
117900100,175,1,174
117900101,289,700,-411
117900102,25,40,-15
117900103,74,0,74
117900104,0,31,-31
117900105,80,20,60
117900106,17,13,4
117900107,70,0,70
117900109,390,223,167
117900110,87,3,84
117900111,360,16,344
117900112,51,0,51
117900113,206,41,165
117900114,22,0,22
117900115,6,31,-25
117900116,269,86,183
117900117,138,54,84
117900118,85,1,84
117900119,175,0,175
117900120,338,0,338
117900121,114,23,91
117900122,96,1179,-1083
117900123,322,53,269
117900124,145,113,32
117900125,334,179,155
117900126,63,28,35
117900127,172,15,157
117900128,220,42,178
117900129,61,0,61
117900130,298,1,297
117900131,0,0,0
117900132,0,0,0
117900133,0,0,0
117900134,0,0,0
117900135,0,0,0
117900136,0,0,0
117900137,0,0,0
117900138,0,0,0
117900139,10,2,8
117900140,812,286,526
117900141,43,55,-12
117900142,3,90,-87
117900144,1,86,-85
117900145,0,29,-29
117900146,2,70,-68
117900147,84,14,70
117900148,193,814,-621
117900149,1,9,-8
117900150,24,23,1
117900151,33,5,28
117900152,0,0,0
117900153,2,89,-87
117900154,311,53,258
117900156,149,25,124
117900157,68,41,27
117900158,69,10,59
117900160,232,137,95
117900161,218,44,174
117900162,306,121,185
117900163,11,20,-9
117900165,0,0,0
117900166,15,45,-30
117900168,137,0,137
117900169,0,3,-3
117900170,0,7,-7
117900171,0,0,0
117900172,0,12,-12
117900173,8,4,4
117900174,9,6,3
117900175,0,0,0
117900176,4,0,4
117900177,0,4,-4
117900178,10,0,10
117900180,25,3,22
117900181,1,322,-321
117900182,1,35,-34
117900183,18,104,-86
117900184,5,24,-19
117900185,78,6,72
117900186,36,0,36
117900187,31,0,31
117900188,38,7,31
117900189,70,3,67
117900190,6,0,6
117900191,29,0,29
117900192,62,0,62
117900193,104,12,92
117900194,2,1,1
117900195,6,7,-1
117900196,19,2,17
117900207,60,48,12
117900208,18,10,8
117900209,96,28,68
117900210,0,0,0
117900211,0,0,0
117900212,107,22,85
117900213,32,0,32
117900214,0,0,0
117900215,0,0,0
117900216,0,0,0
117900217,0,0,0
117900218,0,0,0
117900219,0,0,0
117900220,0,63,-63
117900222,23,28,-5
117900223,10,148,-138
118000001,295,973,-678
118000002,87,460,-373
118000003,1843,3484,-1641
118000004,606,465,141
118000005,1428,2346,-918
118000006,1624,2170,-546
118000007,3086,5646,-2560
118000008,2591,2241,350
118000009,452,1043,-591
118000010,1169,1260,-91
118000011,477,247,230
118000012,289,280,9
118000013,305,539,-234
118000014,449,384,65
118000016,135,25,110
118000017,742,723,19
118000018,95,35,60
118000019,576,903,-327
118000020,143,1088,-945
118000021,90,1028,-938
118000022,809,482,327
118000023,334,373,-39
118000024,435,588,-153
118000027,3347,5474,-2127
118000029,138,947,-809
118000032,217,1566,-1349
118000033,1641,2380,-739
118000034,1845,1494,351
118000035,305,727,-422
118000036,221,392,-171
118000037,190,537,-347
118000038,147,208,-61
118000039,59,47,12
118000040,608,561,47
118000041,227,462,-235
118000045,53,187,-134
118000046,59,1154,-1095
118000047,31,417,-386
118000048,691,1772,-1081
118000051,1059,1280,-221
118000052,579,1303,-724
118000053,278,743,-465
118000054,736,655,81
118000055,223,799,-576
118000056,17,181,-164
118000057,37,167,-130
118000058,438,430,8
118000059,169,1089,-920
118000060,359,301,58
118000061,262,243,19
118000062,81,59,22
118000063,60,553,-493
118000064,286,950,-664
118000065,735,295,440
118000066,492,2082,-1590
118000067,111,784,-673
118000068,303,2593,-2290
118000069,372,634,-262
118000070,704,1445,-741
118000071,319,2331,-2012
118000072,387,3232,-2845
118000073,285,1327,-1042
118000074,74,434,-360
118000075,151,427,-276
118000076,3119,6037,-2918
118000077,609,692,-83
118000078,1315,1481,-166
118000079,42,261,-219
118000080,171,335,-164
118000081,1086,963,123
118000082,159,772,-613
118000083,250,1151,-901
118000084,314,307,7
118000086,26,67,-41
118000087,1194,1694,-500
118000088,294,1065,-771
118000089,890,955,-65
118000090,175,1317,-1142
118000091,192,1674,-1482
118000092,261,103,158
118000093,25,595,-570
118000096,75,273,-198
118000097,123,271,-148
118000098,110,237,-127
118000099,0,0,0
118000101,771,236,535
118000102,332,204,128
118000107,25,5,20
118000108,37,429,-392
118000110,0,0,0
118000111,0,0,0
118000112,209,0,209
118000113,0,0,0
118000114,490,3,487
118000115,0,16,-16
118000116,15,1,14
118000117,275,327,-52
118000118,533,613,-80
118000119,557,638,-81
118000120,388,321,67
118000121,23,124,-101
118000122,67,51,16
118000123,36,221,-185
118000125,18,288,-270
118000126,144,472,-328
118000127,554,582,-28
118000128,3,381,-378
118000129,167,255,-88
118000130,451,994,-543
118000131,106,146,-40
118000132,1760,1558,202
118000133,505,229,276
118000135,198,371,-173
118000136,23,309,-286
118000137,88,64,24
118000138,62,90,-28
118000139,95,20,75
118000140,1023,5922,-4899
118000141,3010,1278,1732
118000142,776,1008,-232
118000143,3318,1631,1687
118000144,463,193,270
118000145,765,208,557
118000146,945,113,832
118000147,731,208,523
118000148,131,972,-841
118000149,329,133,196
118000150,803,112,691
118000151,522,83,439
118000153,2553,1375,1178
118000154,928,735,193
118000155,2968,942,2026
118000156,417,1138,-721
118000157,220,97,123
118000158,91,110,-19
118000159,69,181,-112
118000160,793,228,565
118000161,315,147,168
118000162,466,422,44
118000163,830,1004,-174
118000164,968,1094,-126
118000168,139,0,139
118000169,150,358,-208
118000170,996,1183,-187
118000171,136,186,-50
118000172,48,68,-20
118000173,469,319,150
118000175,183,225,-42
118000176,305,320,-15
118000177,264,457,-193
118000178,10,26,-16
118000179,756,874,-118
118000180,670,319,351
118000181,148,31,117
118000182,102,124,-22
118000183,75,83,-8
118000184,1088,298,790
118000185,196,680,-484
118000186,135,607,-472
118000187,1071,155,916
118000188,207,8,199
118000189,75,13,62
118000190,3,17,-14
118000191,26,7,19
118000192,0,60,-60
118000193,1,187,-186
118000194,745,1284,-539
118000195,90,877,-787
118000196,3,67,-64
118000197,112,352,-240
118000198,439,972,-533
118000199,423,725,-302
118000200,0,0,0
118000201,104,284,-180
118000202,0,0,0
118000203,30,208,-178
118000204,0,19,-19
118000205,15,50,-35
118000206,316,108,208
118000207,0,55,-55
118000208,680,898,-218
118000209,1273,441,832
118000210,131,14,117
118000211,63,29,34
118000213,148,1055,-907
118000214,125,32,93
118000215,89,8,81
118000216,508,5,503
118000217,0,17,-17
118000218,19,2,17
118000219,201,53,148
118000220,33,18,15
118000221,24,476,-452
118000222,17,1,16
118000223,70,20,50
118000224,107,9,98
118000225,0,0,0
118000226,174,15,159
118000227,37,169,-132
118000228,1,21,-20
118000229,0,0,0
118000230,0,0,0
118000231,0,0,0
118000232,0,0,0
118000233,506,125,381
118000234,0,0,0
118000236,125,8,117
118000237,0,0,0
118000238,259,3,256
118000239,315,170,145
118000240,46,15,31
118000241,45,10,35
118000242,0,0,0
118000243,0,0,0
118000244,0,17,-17
118000246,0,0,0
118000255,33,244,-211
118000256,93,143,-50
118000259,1,7,-6
118000260,58,3,55
118000261,2,2,0
118000263,2,20,-18
118000266,7,12,-5
118000267,0,0,0
118000268,42,3,39
118000270,0,0,0
118000271,88,18,70
118000272,33,3,30
118000273,7,0,7
118000274,0,0,0
118000276,78,11,67
118000295,0,1,-1
118000298,6,4,2
118000299,0,1,-1
118000301,0,0,0
118000302,41,4,37
118000311,159,29,130
118000312,13,0,13
118000313,11,5,6
118000314,8,6,2
118000315,6,1,5
118000316,9,4,5
118000325,146,1,145
118000326,15,2,13
118000331,197,26,171
118000332,133,0,133
118000333,215,4,211
118000335,139,0,139
118000336,0,0,0
118000407,140,6,134
118000457,0,1,-1
118000465,257,430,-173
118000480,5,8,-3
118000489,2,232,-230
118000490,1,29,-28
118000492,474,43,431
118000510,0,0,0
118000514,28,29,-1
118000515,42,179,-137
118000517,183,73,110
118000524,12,30,-18
118000525,24,89,-65
118000530,20,86,-66
118000531,209,101,108
118000532,0,2,-2
118000533,0,0,0
118000534,0,1,-1
118000535,129,22,107
118000536,3,19,-16
118000537,0,20,-20
118000538,0,22,-22
118000539,1,107,-106
118000540,57,20,37
118000541,13,1,12
118000542,32,101,-69
118000543,58,16,42
118000546,1,3,-2
118000553,0,0,0
118000560,1,3,-2
118000562,0,0,0
118000563,956,894,62
118000576,113,9,104
118000577,39,57,-18
118000578,32,7,25
118000579,118,335,-217
118000583,0,0,0
118000595,155,81,74
118000596,0,0,0
118000597,9,19,-10
118000598,14,0,14
118000599,335,3,332
118000600,0,1,-1
118000601,0,0,0
118000602,0,0,0
118000603,0,2,-2
118900001,0,0,0
118900002,67,2,65
118900003,80,2,78
118900004,5,0,5
118900005,0,0,0
118900006,0,0,0
118900007,0,0,0
118900008,188,2,186
118900009,0,0,0
118900010,0,0,0
118900011,0,0,0
118900012,144,51,93
118900013,0,0,0
118900015,0,0,0
118900016,0,0,0
118900017,0,0,0
118900018,0,0,0
118900019,0,0,0
118900020,0,0,0
118900021,23,23,0
118900022,15,1,14
118900023,0,0,0
118900024,0,0,0
118900025,0,0,0
118900026,10,0,10
118900027,0,0,0
118900028,87,21,66
118900029,0,0,0
118900030,0,0,0
118900031,4,3,1
118900032,0,0,0
118900033,0,0,0
118900034,0,0,0
118900035,16,0,16
118900036,166,15,151
118900037,0,0,0
118900038,66,5,61
118900039,0,0,0
118900040,71,16,55
118900041,0,0,0
118900042,4,0,4
118900045,3,8,-5
118900046,4,4,0
118900047,6,24,-18
118900048,0,0,0
118900049,0,0,0
118900050,0,0,0
118900051,0,0,0
118900052,0,0,0
118900053,0,0,0
118900054,10,4,6
118900055,0,0,0
118900056,0,0,0
118900057,116,79,37
118900058,0,0,0
118900059,0,0,0
118900060,46,2,44
118900062,0,0,0
118900064,0,0,0
118900065,0,0,0
118900066,0,0,0
118900067,53,68,-15
118900068,0,0,0
118900069,8,2,6
118900071,0,0,0
118900072,0,0,0
118900073,3,0,3
118900074,0,0,0
118900075,0,0,0
118900076,0,0,0
118900077,0,0,0
118900078,0,0,0
118900079,0,0,0
118900080,0,0,0
118900081,0,0,0
118900082,0,0,0
118900083,0,0,0
118900084,0,0,0
118900085,0,0,0
118900086,0,0,0
118900087,0,0,0
118900088,0,0,0
118900089,0,0,0
118900090,0,0,0
118900091,0,0,0
118900092,0,0,0
118900093,0,0,0
118900096,0,0,0
118900097,15,16,-1
118900099,15,2,13
118900100,0,0,0
118900101,0,0,0
118900102,0,0,0
118900103,0,0,0
118900104,20,0,20
118900105,0,0,0
118900107,0,0,0
118900108,0,0,0
118900110,33,0,33
118900111,0,0,0
118900112,1,0,1
118900113,0,0,0
118900114,0,0,0
118900115,0,35,-35
118900116,11,1,10
118900117,0,19,-19
118900118,15,2,13
118900119,48,3,45
118900120,4,14,-10
118900121,0,0,0
118900122,0,0,0
118900123,36,14,22
118900124,0,0,0
118900126,0,0,0
118900129,0,0,0
118900130,0,0,0
118900131,51,18,33
118900132,0,0,0
118900133,0,0,0
118900135,0,0,0
118900136,77,15,62
118900137,0,0,0
118900139,0,0,0
118900140,138,33,105
118900141,0,0,0
118900144,23,22,1
118900145,0,0,0
118900146,34,30,4
118900147,0,0,0
118900148,0,0,0
118900150,0,1,-1
118900152,0,0,0
118900157,0,0,0
118900158,0,0,0
118900159,0,0,0
118900161,0,0,0
118900163,0,0,0
118900164,0,0,0
118900165,0,0,0
118900166,0,0,0
118900167,0,0,0
118900168,0,0,0
118900169,0,0,0
118900170,0,0,0
118900171,0,0,0
118900174,0,0,0
118900175,87,37,50
118900176,10,14,-4
118900177,0,0,0
118900178,0,0,0
118900179,0,0,0
118900181,47,8,39
118900182,0,0,0
118900183,0,0,0
118900184,0,0,0
118900185,19,0,19
118900186,9,13,-4
118900187,13,3,10
118900188,51,1,50
118900189,0,0,0
118900190,0,0,0
118900191,0,0,0
118900192,0,0,0
118900193,5,0,5
118900195,24,0,24
118900196,0,0,0
118900197,0,0,0
118900198,0,0,0
118900199,0,0,0
118900200,0,0,0
118900201,0,0,0
118900202,0,0,0
118900203,0,0,0
118900204,0,0,0
118900205,0,0,0
118900206,0,0,0
119000001,1020,792,228
119000002,2127,876,1251
119000003,1058,330,728
119000004,784,1165,-381
119000005,1012,1423,-411
119000006,1044,534,510
119000007,1776,2070,-294
119000008,493,476,17
119000009,880,2632,-1752
119000010,979,1245,-266
119000011,1154,1137,17
119000012,551,1081,-530
119000013,2990,1581,1409
119000014,881,1663,-782
119000019,67,75,-8
119000020,887,1161,-274
119000021,1539,1787,-248
119000022,89,606,-517
119000023,54,158,-104
119000024,497,8180,-7683
119000025,1164,554,610
119000026,8,152,-144
119000027,40,214,-174
119000028,1380,273,1107
119000029,53,57,-4
119000030,294,695,-401
119000031,288,461,-173
119000032,206,755,-549
119000033,929,611,318
119000034,475,315,160
119000035,10,110,-100
119000036,1210,154,1056
119000037,614,406,208
119000038,35,156,-121
119000039,451,222,229
119000040,210,519,-309
119000041,275,840,-565
119000048,1842,498,1344
119000049,615,264,351
119000050,336,579,-243
119000051,293,193,100
119000052,418,518,-100
119000053,521,408,113
119000054,1499,563,936
119000055,3036,579,2457
119000056,2013,583,1430
119000057,819,528,291
119000058,664,488,176
119000059,694,483,211
119000060,524,131,393
119000061,224,309,-85
119000062,300,196,104
119000063,314,252,62
119000064,131,140,-9
119000065,207,335,-128
119000066,730,573,157
119000067,715,593,122
119000068,666,326,340
119000069,581,458,123
119000070,771,249,522
119000071,12,140,-128
119000072,735,494,241
119000073,1223,2496,-1273
119000074,1374,472,902
119000075,1498,830,668
119000076,66,274,-208
119000077,189,207,-18
119000078,55,21,34
119000079,12,174,-162
119000080,242,31,211
119000081,143,96,47
119000082,163,18,145
119000083,130,48,82
119000084,101,82,19
119000085,162,39,123
119000086,79,33,46
119000087,466,157,309
119000088,136,7,129
119000089,17,21,-4
119000090,39,68,-29
119000091,44,45,-1
119000092,117,79,38
119000093,1076,787,289
119000094,1639,1245,394
119000095,646,525,121
119000097,524,452,72
119000098,568,2509,-1941
119000099,1152,348,804
119000100,2185,893,1292
119000101,1039,921,118
119000102,62,266,-204
119000103,598,239,359
119000104,114,56,58
119000105,230,691,-461
119000106,63,56,7
119000107,568,294,274
119000108,139,103,36
119000109,13,43,-30
119000110,0,0,0
119000111,5,23,-18
119000112,0,0,0
119000113,174,21,153
119000114,86,142,-56
119000115,91,87,4
119000116,19,106,-87
119000117,4,39,-35
119000118,1,2,-1
119000123,227,613,-386
119000124,308,129,179
119000125,2147,215,1932
119000126,865,184,681
119000127,122,32,90
119000128,9,1,8
119000131,243,40,203
119000132,0,1,-1
119000133,0,7,-7
119000134,253,453,-200
119000135,52,13,39
119000136,0,0,0
119000137,21,8,13
119000138,0,0,0
119000139,12,21,-9
119000140,0,0,0
119000284,205,595,-390
119000285,380,261,119
119000286,1082,909,173
119000287,469,470,-1
119000288,389,188,201
119000289,263,686,-423
119000290,210,314,-104
119000291,1,50,-49
119000293,97,186,-89
119000294,99,58,41
119000295,218,139,79
119000296,42,32,10
119000299,0,0,0
119000302,1066,871,195
119000303,2,33,-31
119000314,240,2741,-2501
119000315,0,7,-7
119000316,0,0,0
119000317,36,14,22
119900001,72,269,-197
119900002,35,37,-2
119900003,0,14,-14
119900004,0,0,0
119900005,0,0,0
119900006,29,41,-12
119900007,19,0,19
119900008,0,0,0
119900009,50,79,-29
119900010,245,281,-36
119900011,7,0,7
119900012,0,0,0
119900013,197,121,76
119900014,145,97,48
119900015,0,0,0
119900016,0,0,0
119900017,6,16,-10
119900018,183,199,-16
119900019,0,0,0
119900020,0,0,0
119900021,0,0,0
119900022,8,145,-137
119900023,55,809,-754
119900025,0,0,0
119900026,0,0,0
119900027,0,6,-6
119900028,55,35,20
119900029,0,0,0
119900030,0,0,0
119900031,18,304,-286
119900033,359,147,212
119900034,0,0,0
119900037,113,1,112
119900038,49,41,8
119900039,0,0,0
119900040,110,2,108
119900041,0,0,0
119900042,0,0,0
119900043,62,10,52
119900044,11,189,-178
119900046,0,0,0
119900047,0,0,0
119900048,10,3,7
119900049,60,0,60
119900050,83,14,69
119900051,383,2,381
119900052,0,0,0
119900053,0,0,0
119900054,123,2,121
119900055,348,40,308
119900057,0,0,0
119900058,0,0,0
119900059,22,12,10
119900060,134,30,104
119900062,0,0,0
119900063,0,0,0
119900065,62,0,62
119900066,0,0,0
119900067,0,0,0
119900068,0,0,0
119900069,44,1,43
119900070,384,1,383
119900071,304,17,287
119900073,75,2,73
119900074,0,0,0
119900075,254,396,-142
119900076,0,0,0
119900077,207,56,151
119900078,119,7,112
119900079,40,0,40
119900080,333,79,254
119900081,78,12,66
119900082,1042,216,826
119900083,83,51,32
119900084,0,0,0
119900085,0,0,0
119900087,0,0,0
119900088,0,0,0
119900089,0,0,0
119900090,0,0,0
119900091,0,0,0
119900092,0,0,0
119900093,0,0,0
119900094,0,0,0
119900095,0,0,0
119900096,0,0,0
119900097,0,0,0
119900098,0,0,0
119900099,0,0,0
119900100,12,144,-132
119900101,21,69,-48
119900102,0,0,0
119900103,0,0,0
119900104,0,0,0
119900105,48,43,5
119900106,0,0,0
119900107,0,0,0
119900108,395,132,263
119900109,0,0,0
119900110,24,11,13
119900111,29,4,25
119900112,0,0,0
119900113,0,0,0
119900114,37,41,-4
119900115,33,19,14
119900116,0,0,0
119900117,16,20,-4
119900118,33,22,11
119900119,3,4,-1
119900120,19,36,-17
119900121,0,0,0
119900122,3,1,2
119900123,3,6,-3
119900124,0,12,-12
119900125,0,0,0
119900126,216,31,185
119900127,66,0,66
119900128,0,1,-1
119900129,6,5,1
119900130,0,0,0
119900131,1,3,-2
119900132,0,0,0
119900133,0,0,0
119900134,55,7,48
119900135,0,0,0
119900136,0,0,0
119900138,0,0,0
119900139,0,0,0
119900140,0,4,-4
119900141,0,0,0
119900142,6,6,0
119900143,2,30,-28
119900144,0,0,0
119900145,0,0,0
119900146,0,0,0
119900147,0,0,0
119900148,59,7,52
119900149,1,855,-854
119900150,0,0,0
119900151,234,221,13
119900152,0,0,0
119900153,29,1,28
119900154,1,2,-1
119900155,0,0,0
119900156,27,17,10
119900157,0,0,0
119900158,27,15,12
119900159,1,46,-45
119900160,1,1,0
119900161,55,6,49
119900162,123,97,26
119900163,0,0,0
119900164,0,1,-1
119900165,0,0,0
119900166,59,21,38
119900167,0,0,0
119900168,201,44,157
119900169,0,0,0
119900170,0,0,0
119900171,22,1,21
119900172,6,23,-17
119900173,0,14,-14
119900174,0,0,0
119900175,327,15,312
119900177,9,5,4
119900178,0,0,0
119900179,47,265,-218
119900180,202,44,158
119900181,3,17,-14
119900182,5,33,-28
119900183,14,58,-44
119900184,41,58,-17
119900185,5,67,-62
119900186,0,0,0
119900187,4,18,-14
119900188,48,62,-14
119900189,0,0,0
119900190,1,0,1
119900191,3,6,-3
119900192,0,21,-21
119900193,125,8,117
119900194,20,9,11
119900195,3,2,1
119900196,0,0,0
119900197,1,0,1
119900198,9,14,-5
119900199,109,2,107
119900200,0,0,0
119900201,35,6,29
119900202,16,65,-49
119900203,3,0,3
119900204,26,13,13
119900205,306,15,291
119900206,0,0,0
119900208,0,0,0
119900209,176,246,-70
119900210,0,0,0
119900211,0,0,0
119900212,498,2,496
119900213,0,0,0
119900214,0,0,0
119900215,0,0,0
119900216,0,0,0
119900217,0,0,0
119900218,0,0,0
119900219,0,0,0
119900220,0,0,0
119900221,0,0,0
119900222,0,0,0
119900223,0,0,0
119900224,0,0,0
119900225,0,0,0
119900226,18,200,-182
119900227,32,29,3
119900228,0,2,-2
119900229,0,0,0
119900230,13,0,13
119900231,84,1,83
119900232,0,0,0
119900233,0,0,0
119900234,0,0,0
119900235,0,0,0
119900236,0,0,0
119900237,5,0,5
119900238,0,0,0
119900240,0,0,0
119900241,0,0,0
119900242,82,0,82
119900244,73,167,-94
119900245,0,0,0
119900246,0,0,0
119900247,3,31,-28
119900248,0,0,0
119900249,7,0,7
119900253,162,150,12
119900254,2,325,-323
119900255,11,25,-14
119900256,203,23,180
119900257,0,0,0
119900258,0,0,0
119900259,1,0,1
119900260,4,2,2
119900261,162,19,143
119900262,1,10,-9
119900263,423,35,388
119900264,0,0,0
119900265,15,0,15
119900266,0,0,0
119900267,0,0,0
119900268,0,0,0
119900269,33,6,27
119900271,1,1,0
119900272,6,26,-20
119900275,56,0,56
119900276,21,1,20
119900277,3,1,2
119900278,0,1,-1
119900279,0,0,0
119900280,73,22,51
119900281,0,0,0
119900282,0,0,0
119900283,0,13,-13
119900284,218,89,129
119900285,5,0,5
119900286,1,0,1
119900288,4,6,-2
119900289,0,1,-1
119900290,0,0,0
119900291,0,0,0
119900292,45,10,35
119900293,10,4,6
119900294,4,0,4
119900295,5,0,5
119900296,123,11,112
119900299,1,0,1
119900300,12,0,12
119900301,0,0,0
119900302,0,0,0
119900303,0,0,0
119900304,0,0,0
119900305,0,0,0
119900306,0,0,0
119900307,0,0,0
119900308,0,0,0
119900309,0,10,-10
119900310,28,12,16
119900311,0,0,0
119900312,73,7,66
119900313,16,4,12
119900314,0,0,0
119900315,632,184,448
119900318,0,0,0
119900319,29,33,-4
119900320,51,49,2
119900321,3,0,3
119900322,1,25,-24
119900323,1,9,-8
119900324,0,4,-4
119900325,57,30,27
119900326,13,34,-21
120000001,5093,14251,-9158
120000002,1076,573,503
120000003,665,539,126
120000004,915,978,-63
120000005,1203,826,377
120000006,419,351,68
120000007,823,545,278
120000008,349,346,3
120000009,583,324,259
120000010,637,516,121
120000011,209,295,-86
120000012,327,452,-125
120000013,1271,577,694
120000014,354,571,-217
120000015,1451,912,539
120000016,3380,2131,1249
120000017,2204,1705,499
120000018,2117,6746,-4629
120000019,550,807,-257
120000020,1945,1895,50
120000021,1030,1933,-903
120000022,3879,4091,-212
120000023,792,795,-3
120000024,841,1004,-163
120000025,2132,727,1405
120000026,1682,1795,-113
120000027,2250,2119,131
120000028,475,202,273
120000029,217,721,-504
120000030,30,294,-264
120000031,704,1550,-846
120000032,1833,1272,561
120000033,1439,351,1088
120000034,1653,247,1406
120000035,1311,313,998
120000036,1655,2374,-719
120000037,519,1677,-1158
120000038,1283,2684,-1401
120000039,46,205,-159
120000040,8,175,-167
120000041,83,197,-114
120000042,629,479,150
120000043,2195,674,1521
120000044,3944,704,3240
120000045,3875,326,3549
120000046,2139,1788,351
120000047,267,3049,-2782
120000048,2873,2293,580
120000049,1890,635,1255
120000050,1139,1161,-22
120000051,987,1864,-877
120000052,1228,821,407
120000053,532,668,-136
120000054,567,626,-59
120000055,1093,824,269
120000056,2115,1117,998
120000057,1046,224,822
120000058,298,358,-60
120000059,200,1350,-1150
120000061,21,188,-167
120000062,110,105,5
120000063,285,396,-111
120000064,167,251,-84
120000065,233,232,1
120000066,107,91,16
120000067,12,103,-91
120000068,75,217,-142
120000069,343,196,147
120000070,56,224,-168
120000071,347,51,296
120000072,656,175,481
120000073,454,80,374
120000074,145,28,117
120000075,916,109,807
120000076,1483,122,1361
120000077,1159,194,965
120000078,729,204,525
120000079,323,101,222
120000080,28,49,-21
120000081,220,92,128
120000082,136,215,-79
120000083,7,898,-891
120000084,74,53,21
120000085,41,50,-9
120000086,54,42,12
120000087,75,62,13
120000088,545,381,164
120000089,1188,130,1058
120000090,386,151,235
120000091,635,304,331
120000092,836,192,644
120000093,403,210,193
120000094,202,398,-196
120000095,360,111,249
120000096,161,137,24
120000098,411,114,297
120000099,97,160,-63
120000100,315,152,163
120000101,281,104,177
120000102,398,1074,-676
120000103,1008,581,427
120000104,1969,203,1766
120000105,3565,158,3407
120000106,2918,90,2828
120000107,4287,240,4047
120000108,1526,90,1436
120000109,842,44,798
120000110,0,158,-158
120000111,6,107,-101
120000112,30,366,-336
120000113,55,261,-206
120000114,84,196,-112
120000115,63,217,-154
120000116,78,297,-219
120000117,373,265,108
120000118,4,21,-17
120000119,2,81,-79
120000120,24,66,-42
120000121,26,42,-16
120000122,91,349,-258
120000123,610,3274,-2664
120000124,331,187,144
120000125,268,110,158
120000126,156,283,-127
120000127,188,240,-52
120000128,546,1000,-454
120000129,108,123,-15
120000130,538,226,312
120000131,220,208,12
120000134,67,22,45
120000135,82,244,-162
120000137,55,32,23
120000138,310,79,231
120000139,168,42,126
120000140,232,17,215
120000141,335,79,256
120000142,464,130,334
120000143,0,2,-2
120000144,39,0,39
120000145,56,0,56
120000146,401,744,-343
120000149,136,209,-73
120000150,241,3665,-3424
120000151,335,83,252
120000152,570,86,484
120000153,70,103,-33
120000154,105,67,38
120000155,113,98,15
120000156,147,287,-140
120000157,619,171,448
120000158,139,52,87
120000159,528,781,-253
120000160,1344,964,380
120000161,985,878,107
120000162,74,186,-112
120000163,305,125,180
120000164,274,58,216
120000165,307,31,276
120000166,1159,38,1121
120000167,0,0,0
120000168,0,0,0
120000169,0,0,0
120000170,0,0,0
120000171,0,0,0
120000172,0,0,0
120000173,60,1,59
120000174,7,1,6
120000175,3,0,3
120000176,1,3,-2
120000177,90,7,83
120000178,16,0,16
120000179,10,0,10
120000180,14,3,11
120000181,20,91,-71
120000182,8,155,-147
120000183,15,157,-142
120000184,24,303,-279
120000186,10,32,-22
120000187,12,52,-40
120000188,11,28,-17
120000190,43,112,-69
120000191,73,78,-5
120000192,49,3,46
120000193,64,0,64
120000195,1,0,1
120000196,10,4,6
120000197,6,11,-5
120000198,23,0,23
120000199,0,0,0
120000200,0,0,0
120000201,0,0,0
120000202,0,0,0
120000203,0,0,0
120000207,0,0,0
120000208,0,0,0
120000209,0,0,0
120000210,0,0,0
120000211,0,0,0
120000212,0,0,0
120000213,0,0,0
120000214,0,0,0
120000215,0,0,0
120000216,0,0,0
120000217,0,0,0
120000218,0,0,0
120000219,0,0,0
120000220,0,0,0
120000225,1051,2,1049
120000226,194,3,191
120000227,283,46,237
120000228,0,0,0
120000230,53,2,51
120000231,285,50,235
120000233,386,0,386
120000235,0,62,-62
120000236,932,0,932
120000237,1,36,-35
120000238,0,0,0
120000241,1030,1953,-923
120000412,69,3,66
120000413,83,20,63
120000414,121,0,121
120000415,0,3,-3
120000416,63,0,63
120000417,0,4,-4
120000418,105,0,105
120000419,0,2,-2
120000420,17,21,-4
120000421,1873,1402,471
120000422,7,387,-380
120000423,0,0,0
120000424,0,0,0
120000436,74,996,-922
120000437,9,36,-27
120000438,162,119,43
120000439,223,310,-87
120000443,173,0,173
120000444,1202,138,1064
120000445,778,659,119
120000446,232,46,186
120000447,212,0,212
120000449,46,0,46
120000450,0,4,-4
120000451,18,73,-55
120000452,371,11,360
120000453,0,0,0
120000454,51,23,28
120000455,6,15,-9
120000456,73,728,-655
120000457,241,208,33
120000458,216,77,139
120000459,94,25,69
120000665,33,95,-62
120000668,10,274,-264
120000669,99,104,-5
120000670,11,162,-151
120000671,570,222,348
120000672,11,109,-98
120900001,78,12,66
120900002,13,22,-9
120900003,0,0,0
120900004,2,37,-35
120900005,12,87,-75
120900006,291,14,277
120900007,22,12,10
120900008,219,117,102
120900009,0,0,0
120900010,224,28,196
120900011,0,0,0
120900012,16,398,-382
120900013,0,0,0
120900014,0,42,-42
120900015,545,20,525
120900016,691,6,685
120900017,193,12,181
120900018,60,32,28
120900019,125,177,-52
120900020,52,161,-109
120900021,0,0,0
120900022,0,15,-15
120900023,362,7,355
120900024,288,34,254
120900025,247,68,179
120900026,9,26,-17
120900027,0,0,0
120900028,363,69,294
120900029,0,0,0
120900030,764,68,696
120900031,38,0,38
120900032,821,37,784
120900033,435,45,390
120900034,2,1061,-1059
120900035,100,18,82
120900037,125,4,121
120900038,0,0,0
120900039,0,0,0
120900040,0,0,0
120900041,2,2,0
120900042,324,27,297
120900043,32,2,30
120900044,1,178,-177
120900045,5,2,3
120900046,316,3,313
120900047,0,0,0
120900048,0,0,0
120900049,0,0,0
120900050,235,616,-381
120900051,185,46,139
120900052,333,0,333
120900053,187,5,182
120900054,239,8,231
120900055,423,1,422
120900056,0,0,0
120900057,0,0,0
120900058,293,0,293
120900059,91,1,90
120900060,55,18,37
120900061,47,5,42
120900062,157,2,155
120900063,0,0,0
120900064,0,0,0
120900065,1,0,1
120900066,373,0,373
120900067,109,11,98
120900068,185,0,185
120900069,0,0,0
120900071,25,0,25
120900072,0,0,0
120900073,0,0,0
120900074,258,4,254
120900076,259,0,259
120900077,417,194,223
120900078,692,70,622
120900079,127,10,117
120900080,142,3,139
120900081,581,36,545
120900082,128,5,123
120900083,209,2,207
120900084,7,0,7
120900085,0,0,0
120900086,9,230,-221
120900087,300,54,246
120900088,2,0,2
120900089,356,1328,-972
120900090,39,3,36
120900091,75,286,-211
120900092,5,17,-12
120900093,0,0,0
120900094,21,38,-17
120900095,0,0,0
120900096,0,2,-2
120900097,72,27,45
120900098,0,0,0
120900099,0,0,0
120900100,0,0,0
120900101,0,0,0
120900102,0,0,0
120900103,59,19,40
120900104,0,0,0
120900105,0,0,0
120900106,91,52,39
120900107,0,0,0
120900108,0,0,0
120900109,8,59,-51
120900110,0,0,0
120900111,8,5,3
120900112,0,0,0
120900113,0,34,-34
120900114,3,9,-6
120900115,71,62,9
120900116,76,10,66
120900117,0,0,0
120900118,5,54,-49
120900119,826,383,443
120900120,17,30,-13
120900121,0,0,0
120900122,89,15,74
120900123,0,0,0
120900124,0,23,-23
120900125,0,38,-38
120900126,4,0,4
120900127,0,0,0
120900128,20,21,-1
120900129,168,4,164
120900130,4,31,-27
120900131,0,0,0
120900132,804,36,768
120900133,0,55,-55
120900134,1,4,-3
120900135,23,0,23
120900136,0,0,0
120900137,170,11,159
120900138,0,4,-4
120900139,0,0,0
120900140,0,0,0
120900141,138,41,97
120900142,0,23,-23
120900143,0,1,-1
120900144,0,25,-25
120900145,20,26,-6
120900146,0,0,0
120900147,0,3,-3
120900148,11,19,-8
120900149,0,32,-32
120900150,0,10,-10
120900151,0,0,0
120900152,0,1,-1
120900153,0,0,0
120900154,0,8,-8
120900155,5,4,1
120900156,38,0,38
120900157,0,0,0
120900158,0,6,-6
120900159,0,0,0
120900160,1,1,0
120900161,0,0,0
120900162,1,0,1
120900163,0,1,-1
120900164,0,0,0
120900165,0,0,0
120900166,0,0,0
120900167,0,0,0
120900169,0,0,0
120900170,22,1182,-1160
120900171,87,8,79
120900172,0,1,-1
120900173,0,0,0
120900174,0,0,0
120900175,28,1,27
120900176,1,259,-258
120900177,3,750,-747
120900178,0,139,-139
120900179,31,24,7
120900180,1,0,1
120900181,0,0,0
120900182,0,0,0
120900183,29,14,15
120900184,0,0,0
120900185,0,0,0
120900186,0,27,-27
120900187,172,112,60
120900188,3,0,3
120900189,0,0,0
120900190,56,4,52
120900191,7,4,3
120900192,705,2596,-1891
120900194,19,1,18
120900195,0,0,0
120900196,0,0,0
120900197,400,59,341
120900198,1,39,-38
120900199,3,0,3
120900200,0,0,0
120900201,0,0,0
120900202,0,19,-19
120900203,11,19,-8
120900204,25,30,-5
120900205,7,0,7
120900206,1,2,-1
120900207,1,45,-44
121000001,210,465,-255
121000002,502,1123,-621
121000003,360,1096,-736
121000004,356,1492,-1136
121000005,1468,2863,-1395
121000006,868,1566,-698
121000007,298,1830,-1532
121000008,841,1500,-659
121000009,1041,3018,-1977
121000010,1013,1607,-594
121000011,1841,3727,-1886
121000012,2916,1756,1160
121000013,1926,3657,-1731
121000014,2575,1616,959
121000015,2776,4722,-1946
121000016,871,689,182
121000017,704,2146,-1442
121000018,868,1092,-224
121000019,2057,3327,-1270
121000020,3980,7757,-3777
121000021,350,552,-202
121000022,374,2374,-2000
121000023,751,335,416
121000024,1660,2157,-497
121000025,70,396,-326
121000026,80,145,-65
121000027,273,783,-510
121000028,129,224,-95
121000029,50,215,-165
121000030,0,0,0
121000031,82,204,-122
121000032,0,0,0
121000034,6,31,-25
121000035,1,21,-20
121000036,157,267,-110
121000037,112,477,-365
121000038,713,554,159
121000039,106,36,70
121000041,97,87,10
121000042,13,296,-283
121000043,341,431,-90
121000044,99,309,-210
121000045,75,184,-109
121000046,0,0,0
121000047,5,6,-1
121000049,480,342,138
121000050,88,1610,-1522
121000051,125,115,10
121000052,76,1015,-939
121000053,40,86,-46
121000054,1,62,-61
121000055,347,643,-296
121000056,679,520,159
121000057,2,7,-5
121000058,27,59,-32
121000059,240,1094,-854
121000060,552,726,-174
121000061,4,568,-564
121000062,318,230,88
121000063,147,812,-665
121000064,220,566,-346
121000065,64,158,-94
121000066,32,56,-24
121000067,72,23,49
121000068,141,642,-501
121000069,18,784,-766
121000070,277,207,70
121000071,375,976,-601
121000072,151,87,64
121000073,110,594,-484
121000074,8,75,-67
121000075,2,7,-5
121000076,61,51,10
121000077,26,81,-55
121000078,5,63,-58
121000080,223,129,94
121000081,382,1386,-1004
121000082,2,22,-20
121000083,62,93,-31
121000084,0,2,-2
121000085,24,40,-16
121000086,28,276,-248
121000087,7,220,-213
121000088,133,116,17
121000089,6,357,-351
121000090,35,148,-113
121000091,447,856,-409
121000092,18,42,-24
121000093,55,75,-20
121000094,64,96,-32
121000095,30,153,-123
121000096,494,252,242
121000097,212,626,-414
121000098,137,138,-1
121000099,140,144,-4
121000100,311,150,161
121000101,71,81,-10
121000102,7,1,6
121000103,52,51,1
121000104,15,6,9
121000105,13,11,2
121000106,79,122,-43
121000107,804,1749,-945
121000109,522,1005,-483
121000110,18,640,-622
121000114,880,1366,-486
121000115,170,110,60
121000116,120,121,-1
121000117,213,43,170
121000118,201,30,171
121000119,21,75,-54
121000120,43,395,-352
121000121,39,69,-30
121000123,78,55,23
121000126,28,157,-129
121000127,1,38,-37
121000128,234,75,159
121000129,210,112,98
121000130,77,188,-111
121000131,43,244,-201
121000132,76,307,-231
121000135,224,846,-622
121000136,321,526,-205
121000137,30,106,-76
121000138,110,1229,-1119
121000139,0,0,0
121000141,24,12,12
121000142,9,51,-42
121000143,7,29,-22
121000144,552,997,-445
121000145,110,222,-112
121000146,186,46,140
121000147,196,42,154
121000148,196,180,16
121000149,536,582,-46
121000152,90,67,23
121000153,264,118,146
121000154,208,122,86
121000155,333,418,-85
121000156,138,179,-41
121000157,281,259,22
121000158,452,265,187
121000159,228,170,58
121000160,376,102,274
121000161,137,244,-107
121000162,53,66,-13
121000165,764,2364,-1600
121000166,24,322,-298
121000168,68,111,-43
121000169,1,53,-52
121000170,66,14,52
121000171,40,61,-21
121000172,179,364,-185
121000173,768,646,122
121000174,302,593,-291
121000175,456,175,281
121000176,219,201,18
121000177,191,137,54
121000178,122,23,99
121000179,7,50,-43
121000181,178,81,97
121000182,212,299,-87
121000183,11,131,-120
121000184,21,327,-306
121000185,4,743,-739
121000186,202,837,-635
121000187,140,106,34
121000188,50,46,4
121000192,185,64,121
121000193,61,85,-24
121000194,506,1028,-522
121000195,226,568,-342
121000196,147,126,21
121000197,39,102,-63
121000198,20,162,-142
121000199,20,132,-112
121000200,290,156,134
121000201,1,106,-105
121000202,56,1,55
121000203,34,78,-44
121000204,673,30,643
121000205,148,146,2
121000206,199,164,35
121000207,584,235,349
121000208,2,108,-106
121000209,371,29,342
121000210,456,129,327
121000211,40,15,25
121000212,93,102,-9
121000213,460,504,-44
121000214,201,1070,-869
121000215,405,135,270
121000216,109,615,-506
121000217,1283,1723,-440
121000218,46,421,-375
121000219,376,363,13
121000220,12,3,9
121000221,4,148,-144
121000222,554,923,-369
121000223,0,0,0
121000224,209,220,-11
121000225,47,993,-946
121000226,218,790,-572
121000227,18,114,-96
121000228,15,60,-45
121000229,19,31,-12
121000230,9,150,-141
121000231,746,1,745
121000232,65,39,26
121000233,204,69,135
121000234,4,37,-33
121000235,23,40,-17
121000236,0,17,-17
121000237,2,0,2
121000238,0,13,-13
121000239,12,1,11
121000240,0,24,-24
121000241,46,0,46
121000242,0,16,-16
121000243,75,0,75
121000244,0,8,-8
121000245,61,0,61
121000246,0,40,-40
121000247,22,0,22
121000248,44,33,11
121000249,4,29,-25
121000250,101,368,-267
121000251,1,55,-54
121000252,48,73,-25
121000253,122,114,8
121000254,337,75,262
121000255,13,62,-49
121000256,54,136,-82
121000257,0,61,-61
121000258,63,107,-44
121000259,6,3,3
121000260,12,31,-19
121000261,15,127,-112
121000262,165,106,59
121000263,319,88,231
121000271,69,1153,-1084
121000273,10,0,10
121000274,4,80,-76
121000275,4,5,-1
121000276,0,40,-40
121000278,28,5,23
121000279,2,22,-20
121000280,6,22,-16
121000289,76,8,68
121000290,91,537,-446
121000294,148,36,112
121000297,176,412,-236
121000299,57,229,-172
121000300,177,163,14
121000302,0,307,-307
121000303,72,22,50
121000304,479,91,388
121000305,78,78,0
121000306,111,122,-11
121000308,1,2,-1
121000309,0,2,-2
121000310,2,0,2
121000311,0,1,-1
121000312,98,145,-47
121000313,1,8,-7
121000314,0,1,-1
121000315,0,7,-7
121000530,645,435,210
121000531,758,516,242
121000532,1745,2000,-255
121000533,3064,1817,1247
121000918,0,0,0
121000919,23,154,-131
121000938,2,1,1
121000939,13,88,-75
121000956,643,268,375
121000957,0,0,0
121000958,14,22,-8
121000959,235,91,144
121000960,324,163,161
121000961,218,3,215
121000962,57,63,-6
121000963,0,0,0
121000973,0,0,0
121000976,0,0,0
121000979,0,0,0
121000981,88,12,76
121000982,392,103,289
121000983,70,21,49
121000984,0,22,-22
121000985,224,101,123
121000986,96,78,18
121000987,10,113,-103
121000988,350,43,307
121001302,18,4,14
121001308,0,21,-21
121001309,0,202,-202
121001313,0,0,0
121001314,686,487,199
121001315,2069,152,1917
121900001,73,308,-235
121900002,1,0,1
121900003,0,0,0
121900004,0,0,0
121900005,15,6,9
121900006,0,0,0
121900007,226,6,220
121900008,2,0,2
121900009,0,0,0
121900010,0,0,0
121900011,14,0,14
121900012,1,2,-1
121900013,34,0,34
121900014,0,0,0
121900015,165,0,165
121900016,0,0,0
121900017,0,0,0
121900018,0,0,0
121900019,0,0,0
121900020,5,3,2
121900021,190,0,190
121900022,0,0,0
121900023,0,0,0
121900024,0,0,0
121900025,0,0,0
121900026,0,0,0
121900027,0,0,0
121900028,0,0,0
121900029,0,0,0
121900030,0,0,0
121900031,0,52,-52
121900032,0,0,0
121900033,0,0,0
121900034,0,0,0
121900035,0,0,0
121900036,0,0,0
121900037,0,0,0
121900038,0,0,0
121900039,0,0,0
121900040,0,0,0
121900041,0,0,0
121900042,0,0,0
121900043,0,0,0
121900044,0,0,0
121900046,0,0,0
121900047,0,0,0
121900048,0,0,0
121900050,0,0,0
121900051,0,0,0
121900052,0,0,0
121900053,3,15,-12
121900054,1,0,1
121900055,0,0,0
121900058,0,0,0
121900059,0,0,0
121900060,0,0,0
121900061,0,0,0
121900062,0,0,0
121900063,10,6,4
121900064,0,0,0
121900066,0,0,0
121900067,0,0,0
121900069,0,0,0
121900070,7,2,5
121900071,0,0,0
121900072,0,0,0
121900073,0,0,0
121900074,9,0,9
121900075,0,17,-17
121900076,0,0,0
121900077,0,0,0
121900078,0,0,0
121900079,0,0,0
121900080,0,0,0
121900082,0,0,0
121900084,0,0,0
121900085,0,0,0
121900086,0,0,0
121900087,0,0,0
121900088,0,0,0
121900089,0,0,0
121900090,0,0,0
121900091,0,0,0
121900092,0,0,0
121900093,0,0,0
121900094,0,0,0
121900095,0,0,0
121900096,0,0,0
121900097,0,0,0
121900098,0,0,0
121900099,0,0,0
121900100,0,0,0
121900101,0,0,0
121900102,0,0,0
121900103,0,0,0
121900104,97,86,11
121900105,0,0,0
121900106,0,0,0
121900107,0,0,0
121900108,0,0,0
121900109,0,0,0
121900110,0,0,0
121900111,0,0,0
121900112,0,0,0
121900113,0,0,0
121900114,0,0,0
121900117,0,0,0
121900118,0,0,0
121900119,0,0,0
121900120,0,0,0
121900121,0,0,0
121900122,0,0,0
121900123,0,0,0
121900124,0,0,0
121900125,27,1,26
121900127,0,0,0
121900128,0,0,0
121900129,0,0,0
121900130,0,0,0
121900131,0,0,0
121900132,0,0,0
121900133,0,0,0
121900134,0,0,0
121900135,171,27,144
121900136,0,0,0
121900137,0,0,0
121900138,0,0,0
121900139,0,0,0
121900140,0,0,0
121900141,4,0,4
121900142,0,0,0
121900143,0,0,0
121900144,0,0,0
121900145,0,0,0
121900146,0,0,0
121900147,0,0,0
121900148,0,0,0
121900149,1,0,1
121900150,0,0,0
121900151,0,0,0
121900152,0,0,0
121900153,0,0,0
121900154,0,1,-1
121900155,0,0,0
121900156,0,0,0
121900157,0,0,0
121900158,0,0,0
121900159,0,0,0
121900160,0,0,0
121900161,0,0,0
121900162,0,0,0
121900163,0,0,0
121900164,0,0,0
121900165,0,0,0
121900166,0,0,0
121900167,0,0,0
121900168,0,0,0
121900169,0,0,0
121900170,0,0,0
121900171,0,0,0
121900172,0,0,0
121900173,0,0,0
121900174,0,0,0
121900175,0,0,0
121900176,0,0,0
121900177,0,0,0
121900178,0,0,0
121900179,0,0,0
121900180,186,804,-618
121900182,0,0,0
121900183,0,0,0
121900184,0,0,0
121900186,0,0,0
121900187,0,0,0
121900188,0,0,0
121900189,0,0,0
121900190,1,0,1
121900191,1,0,1
121900192,0,0,0
121900193,0,0,0
121900194,0,0,0
121900195,0,0,0
121900196,0,0,0
121900197,0,0,0
121900198,603,6,597
121900199,0,0,0
121900200,0,0,0
121900201,0,0,0
121900202,0,0,0
121900203,0,0,0
121900204,0,0,0
121900205,0,0,0
121900206,0,0,0
121900207,0,0,0
121900208,0,0,0
121900209,0,0,0
121900210,0,0,0
121900211,0,0,0
121900212,0,0,0
121900213,0,0,0
121900214,0,0,0
121900215,0,0,0
121900216,0,0,0
121900217,0,0,0
121900218,0,0,0
121900220,0,0,0
121900221,0,0,0
121900222,0,0,0
121900223,0,0,0
121900224,0,0,0
121900225,0,0,0
121900226,2,1,1
121900227,0,0,0
121900228,0,0,0
121900230,0,12,-12
121900231,0,2,-2
121900232,0,0,0
121900233,0,0,0
121900234,0,0,0
121900235,0,0,0
121900236,0,0,0
121900237,0,0,0
121900238,0,0,0
121900239,0,0,0
121900240,0,0,0
121900241,0,0,0
121900242,0,0,0
121900243,0,0,0
121900244,0,0,0
121900245,0,0,0
121900246,64,24,40
121900247,0,0,0
121900248,0,0,0
121900250,0,0,0
121900251,0,0,0
121900252,0,0,0
121900253,0,0,0
121900254,0,0,0
121900255,0,0,0
121900258,610,378,232
121900259,0,0,0
121900260,0,0,0
121900261,0,0,0
121900262,0,0,0
121900263,0,0,0
121900264,0,0,0
121900265,0,0,0
121900266,0,0,0
121900267,5,3,2
121900269,0,0,0
121900270,0,0,0
121900271,0,0,0
121900273,29,20,9
121900274,93,1,92
121900277,0,0,0
121900278,0,0,0
121900279,0,0,0
121900280,0,0,0
121900281,0,0,0
121900284,0,0,0
121900286,21,5,16
121900287,1,0,1
121900288,0,0,0
121900290,0,0,0
121900291,0,0,0
121900292,1,23,-22
121900293,0,0,0
121900294,0,0,0
121900295,0,0,0
121900296,0,0,0
121900298,0,5,-5
121900299,0,0,0
121900300,1,0,1
121900301,0,0,0
121900302,0,0,0
121900303,0,0,0
121900304,0,0,0
121900305,0,0,0
121900306,0,0,0
121900307,34,0,34
121900308,0,0,0
121900309,0,0,0
121900310,0,0,0
121900311,129,0,129
121900312,47,1,46
121900313,72,0,72
121900314,0,0,0
121900315,0,0,0
121900316,0,0,0
121900317,0,0,0
121900318,0,0,0
121900319,0,0,0
121900320,0,0,0
121900321,0,0,0
121900322,0,0,0
121900323,0,0,0
121900324,0,0,0
121900325,0,0,0
121900326,0,0,0
121900327,0,0,0
121900328,0,0,0
121900329,0,0,0
121900330,0,0,0
121900331,0,0,0
121900332,0,0,0
121900333,1,0,1
122000001,353,929,-576
122000002,580,331,249
122000003,328,737,-409
122000004,362,391,-29
122000005,1206,2635,-1429
122000006,261,746,-485
122000007,188,773,-585
122000008,648,1218,-570
122000009,165,197,-32
122000010,1610,1382,228
122000011,357,497,-140
122000012,187,464,-277
122000013,269,856,-587
122000014,556,863,-307
122000015,421,605,-184
122000016,144,454,-310
122000017,351,767,-416
122000018,357,869,-512
122000019,217,722,-505
122000020,47,121,-74
122000021,30,115,-85
122000022,132,104,28
122000023,53,104,-51
122000024,383,506,-123
122000025,215,605,-390
122000026,436,350,86
122000027,158,321,-163
122000028,179,410,-231
122000029,95,124,-29
122000030,64,3,61
122000031,19,690,-671
122000032,207,315,-108
122000033,186,167,19
122000034,15,76,-61
122000035,16,58,-42
122000036,112,131,-19
122000037,39,90,-51
122000038,82,192,-110
122000039,83,46,37
122000040,77,40,37
122000041,346,1166,-820
122000042,274,753,-479
122000043,48,170,-122
122000044,64,208,-144
122000045,322,124,198
122000046,337,271,66
122000047,16,6,10
122000048,1081,2285,-1204
122000049,1877,1210,667
122000050,171,396,-225
122000051,191,839,-648
122000052,156,498,-342
122000053,184,1622,-1438
122000054,603,855,-252
122000055,2448,2573,-125
122000056,939,1127,-188
122000057,957,1307,-350
122000058,388,605,-217
122000059,515,1068,-553
122000060,28,98,-70
122000061,44,75,-31
122000062,279,40,239
122000063,58,409,-351
122000064,1627,2458,-831
122000065,1130,1035,95
122000066,225,225,0
122000067,672,2018,-1346
122000068,310,1826,-1516
122000069,175,228,-53
122000070,769,582,187
122000071,221,442,-221
122000072,4,99,-95
122000073,26,117,-91
122000074,383,742,-359
122000075,191,656,-465
122000076,294,355,-61
122000077,74,344,-270
122000078,452,495,-43
122000079,100,484,-384
122000080,79,330,-251
122000081,5,110,-105
122000082,187,277,-90
122000083,164,253,-89
122000084,61,114,-53
122000085,21,199,-178
122000086,678,2734,-2056
122000087,315,185,130
122000088,74,20,54
122000089,924,844,80
122000090,67,180,-113
122000091,43,53,-10
122000092,7,5,2
122000093,1065,2499,-1434
122000094,1591,1561,30
122000095,570,1564,-994
122000096,100,934,-834
122000098,1320,3371,-2051
122000099,183,355,-172
122000100,137,130,7
122000101,60,69,-9
122000102,38,220,-182
122000103,76,78,-2
122000104,20,138,-118
122000105,73,118,-45
122000106,124,117,7
122000107,256,303,-47
122000108,29,33,-4
122000109,67,168,-101
122000110,46,84,-38
122000111,499,210,289
122000112,115,154,-39
122000113,139,113,26
122000114,516,2205,-1689
122000115,673,1748,-1075
122000116,38,196,-158
122000117,58,32,26
122000118,233,59,174
122000119,135,112,23
122000120,60,184,-124
122000121,359,524,-165
122000122,77,329,-252
122000123,274,515,-241
122000124,112,318,-206
122000125,70,219,-149
122000126,36,204,-168
122000127,70,252,-182
122000128,140,75,65
122000129,56,226,-170
122000130,447,327,120
122000131,92,103,-11
122000132,6,3,3
122000133,82,44,38
122000134,180,328,-148
122000135,198,116,82
122000136,70,153,-83
122000137,253,277,-24
122000139,129,543,-414
122000140,82,357,-275
122000141,273,321,-48
122000142,52,411,-359
122000143,41,57,-16
122000144,271,108,163
122000145,107,76,31
122000146,107,288,-181
122000147,108,167,-59
122000148,181,204,-23
122000149,263,128,135
122000150,252,124,128
122000151,5,2,3
122000152,6,0,6
122000153,108,82,26
122000154,77,60,17
122000155,341,235,106
122000156,1189,1589,-400
122000157,298,940,-642
122000158,52,96,-44
122000159,203,261,-58
122000160,412,305,107
122000161,191,254,-63
122000162,266,285,-19
122000163,35,1,34
122000164,4,10,-6
122000165,83,681,-598
122000166,199,275,-76
122000167,1,6,-5
122000168,32,727,-695
122000169,47,43,4
122000170,50,271,-221
122000171,0,0,0
122000172,221,757,-536
122000173,226,877,-651
122000174,522,1271,-749
122000175,144,30,114
122000176,155,883,-728
122000177,792,1914,-1122
122000178,630,433,197
122000179,266,1396,-1130
122000180,393,1487,-1094
122000181,418,1680,-1262
122000182,219,224,-5
122000183,121,74,47
122000184,1107,1175,-68
122000185,325,768,-443
122000186,143,389,-246
122000187,541,251,290
122000188,0,0,0
122000189,58,97,-39
122000190,262,314,-52
122000191,79,170,-91
122000192,113,16,97
122000193,93,321,-228
122000194,77,44,33
122000195,32,340,-308
122000196,48,99,-51
122000197,30,57,-27
122000198,64,328,-264
122000199,55,85,-30
122000200,188,144,44
122000201,712,809,-97
122000202,230,656,-426
122000203,307,290,17
122000204,346,433,-87
122000205,142,242,-100
122000206,388,682,-294
122000207,332,758,-426
122000208,602,399,203
122000209,456,76,380
122000210,211,362,-151
122000211,72,292,-220
122000212,149,130,19
122000213,128,308,-180
122000214,438,795,-357
122000215,1448,684,764
122000217,277,392,-115
122000218,156,106,50
122000219,161,179,-18
122000220,29,307,-278
122000221,64,372,-308
122000222,34,58,-24
122000223,89,166,-77
122000225,128,105,23
122000226,63,233,-170
122000227,33,166,-133
122000228,23,102,-79
122000229,1,198,-197
122000230,1,126,-125
122000231,31,116,-85
122000232,90,111,-21
122000233,0,21,-21
122000234,150,68,82
122000235,114,35,79
122000236,369,22,347
122000237,5,2,3
122000238,67,114,-47
122000239,114,18,96
122000240,241,113,128
122000241,333,54,279
122000242,60,1,59
122000243,16,0,16
122000244,29,91,-62
122000245,6,1,5
122000246,63,149,-86
122000247,174,11,163
122000248,118,84,34
122000249,255,238,17
122000250,181,208,-27
122000251,0,0,0
122000252,44,4,40
122000253,0,0,0
122000254,61,15,46
122000255,122,274,-152
122000256,6,16,-10
122000257,4,10,-6
122000258,38,165,-127
122000259,6,189,-183
122000260,5,45,-40
122000261,4,63,-59
122000262,0,3,-3
122000263,45,2,43
122000264,463,55,408
122000265,581,115,466
122000266,737,63,674
122000267,1,28,-27
122000268,51,10,41
122000269,24,52,-28
122000270,9,19,-10
122000271,0,0,0
122000272,0,0,0
122000273,34,2,32
122000274,6,2,4
122000275,0,8,-8
122000276,189,228,-39
122000277,249,545,-296
122000278,326,107,219
122000279,82,37,45
122000280,160,36,124
122000281,102,83,19
122000282,13,264,-251
122000283,11,28,-17
122000284,11,11,0
122000285,0,0,0
122000286,0,0,0
122000287,1002,365,637
122000288,74,47,27
122000291,987,368,619
122000293,19,68,-49
122000294,15,189,-174
122000295,351,60,291
122000296,37,371,-334
122000297,700,2253,-1553
122000299,261,148,113
122000300,33,72,-39
122000301,477,1287,-810
122000302,225,992,-767
122000303,386,67,319
122000304,0,68,-68
122000305,621,102,519
122000306,20,176,-156
122000307,20,15,5
122000309,0,0,0
122000310,0,32,-32
122000311,16,45,-29
122000312,32,87,-55
122000313,23,114,-91
122000314,89,248,-159
122000315,99,3,96
122000316,357,121,236
122000317,537,88,449
122000318,216,597,-381
122000319,14,132,-118
122000320,5,30,-25
122000321,8,70,-62
122000322,524,445,79
122000323,199,293,-94
122000324,407,859,-452
122000325,182,372,-190
122000326,12,0,12
122000327,57,225,-168
122000328,63,169,-106
122000330,199,637,-438
122000332,18,245,-227
122000333,8,11,-3
122000337,116,114,2
122000338,77,45,32
122000340,31,90,-59
122000342,181,309,-128
122000343,45,94,-49
122000344,46,0,46
122000345,68,61,7
122000346,47,1,46
122000348,181,296,-115
122000349,1,69,-68
122000351,61,17,44
122000352,11,17,-6
122000353,4,0,4
122000355,51,380,-329
122000356,57,119,-62
122000357,7,23,-16
122000358,0,0,0
122000359,0,0,0
122000360,0,0,0
122000362,0,2,-2
122000364,42,34,8
122000365,0,18,-18
122000366,4,2,2
122000368,50,68,-18
122000370,0,1,-1
122000371,0,0,0
122000372,0,0,0
122000381,11,72,-61
122000382,8,35,-27
122000384,251,483,-232
122000385,23,0,23
122000386,18,529,-511
122000387,117,108,9
122000388,109,373,-264
122000389,31,22,9
122000390,44,215,-171
122000391,4,119,-115
122000392,12,17,-5
122000393,0,31,-31
122000394,54,26,28
122000395,19,3,16
122000396,84,2,82
122000397,0,0,0
122000398,5,53,-48
122000399,9,2,7
122000400,11,88,-77
122000401,21,0,21
122000402,56,28,28
122000403,48,30,18
122000404,179,32,147
122000408,144,251,-107
122000503,0,4,-4
122000524,0,0,0
122000544,15,21,-6
122000616,0,0,0
122000640,14,49,-35
122000641,33,67,-34
122000642,256,99,157
122000643,15,155,-140
122000644,0,0,0
122000645,3,13,-10
122000651,210,547,-337
122000664,46,8,38
122000665,78,226,-148
122000666,107,168,-61
122000673,4,46,-42
122000674,94,62,32
122000675,1050,437,613
122000686,135,80,55
122000687,459,63,396
122000688,167,71,96
122000689,379,51,328
122000690,1075,40,1035
122000691,448,137,311
122000692,275,22,253
122000693,118,175,-57
122000695,41,29,12
122000696,186,50,136
122000698,49,11,38
122000699,70,65,5
122000701,299,99,200
122000702,89,217,-128
122000703,13,30,-17
122000717,2,80,-78
122000718,17,684,-667
122000719,5,8,-3
122000720,243,22,221
122000724,50,6,44
122900001,0,0,0
122900002,32,507,-475
122900003,16,0,16
122900004,0,0,0
122900005,0,0,0
122900006,0,0,0
122900007,0,0,0
122900008,0,0,0
122900009,0,0,0
122900010,25,14,11
122900012,10,7,3
122900014,0,0,0
122900015,51,33,18
122900016,0,0,0
122900017,0,0,0
122900018,0,0,0
122900019,0,0,0
122900020,0,0,0
122900021,0,0,0
122900022,0,0,0
122900023,0,0,0
122900024,0,0,0
122900025,0,0,0
122900026,0,0,0
122900027,0,84,-84
122900028,0,0,0
122900029,0,0,0
122900030,0,0,0
122900031,19,30,-11
122900032,0,0,0
122900033,13,44,-31
122900034,41,53,-12
122900035,8,0,8
122900036,0,0,0
122900037,0,0,0
122900038,23,82,-59
122900039,0,4,-4
122900040,2,14,-12
122900041,5,51,-46
122900042,9,22,-13
122900043,11,34,-23
122900044,3,19,-16
122900045,0,51,-51
122900046,2,4,-2
122900047,3,0,3
122900048,0,2,-2
122900049,0,0,0
122900051,1,2,-1
122900052,36,0,36
122900053,1,1,0
122900055,1,0,1
122900057,7,0,7
122900061,0,0,0
122900062,0,0,0
122900063,0,0,0
122900064,0,0,0
122900065,0,0,0
122900066,0,0,0
122900067,0,0,0
122900068,0,0,0
122900069,0,0,0
122900070,108,1,107
122900071,0,0,0
122900072,12,0,12
122900073,0,0,0
122900074,373,1,372
122900075,0,0,0
122900076,0,0,0
122900077,0,0,0
122900078,166,0,166
122900080,0,0,0
122900081,25,0,25
122900082,350,3,347
122900083,0,0,0
122900084,0,0,0
122900086,0,0,0
122900087,34,0,34
122900088,0,1,-1
122900089,0,0,0
122900090,0,0,0
122900091,1,0,1
122900092,0,0,0
122900093,0,0,0
122900094,0,0,0
122900095,0,0,0
122900096,48,0,48
122900097,0,0,0
122900098,0,0,0
122900099,0,0,0
122900100,0,0,0
122900101,0,0,0
122900102,0,0,0
122900103,0,0,0
122900104,0,0,0
122900105,0,0,0
122900106,0,0,0
122900107,0,0,0
122900108,0,0,0
123000001,554,154,400
123000002,607,2423,-1816
123000003,1322,1231,91
123000004,965,1235,-270
123000005,1461,1007,454
123000006,877,1128,-251
123000007,1193,793,400
123000008,332,454,-122
123000009,1681,1792,-111
123000010,502,453,49
123000011,960,999,-39
123000012,9,146,-137
123000013,1015,318,697
123000014,6,214,-208
123000015,1015,433,582
123000016,83,321,-238
123000017,3809,2042,1767
123000018,98,61,37
123000019,214,5,209
123000020,145,2,143
123000021,108,55,53
123000022,791,215,576
123000023,1574,1196,378
123000024,571,329,242
123000025,2,74,-72
123000026,0,43,-43
123000027,2,164,-162
123000028,83,1994,-1911
123000029,10,430,-420
123000030,12,48,-36
123000031,287,68,219
123000032,447,104,343
123000033,46,39,7
123000034,448,407,41
123000035,75,284,-209
123000036,63,571,-508
123000037,12,25,-13
123000038,3,132,-129
123000039,413,1016,-603
123000040,27,16,11
123000041,131,706,-575
123000042,36,96,-60
123000043,761,3910,-3149
123000044,784,513,271
123000045,317,194,123
123000046,92,449,-357
123000047,160,101,59
123000048,9,998,-989
123000049,3083,3028,55
123000050,395,449,-54
123000051,13,46,-33
123000052,313,643,-330
123000053,1003,1058,-55
123000054,419,1344,-925
123000055,1245,2217,-972
123000056,95,272,-177
123000057,620,831,-211
123000058,66,289,-223
123000059,27,106,-79
123000060,207,130,77
123000061,55,120,-65
123000063,175,215,-40
123000064,291,37,254
123000065,517,628,-111
123000066,120,130,-10
123000067,266,179,87
123000068,490,443,47
123000069,1202,291,911
123000070,141,59,82
123000071,507,297,210
123000072,102,36,66
123000073,566,354,212
123000074,217,37,180
123000075,133,470,-337
123000076,101,148,-47
123000077,443,166,277
123000078,945,476,469
123000079,1284,633,651
123000080,501,99,402
123000081,26,32,-6
123000082,87,138,-51
123000083,193,57,136
123000084,231,18,213
123000085,98,19,79
123000086,193,58,135
123000087,78,103,-25
123000088,507,113,394
123000089,418,265,153
123000090,0,0,0
123000091,432,380,52
123000092,0,0,0
123000094,167,8,159
123000095,252,153,99
123000096,368,77,291
123000097,298,76,222
123000098,254,79,175
123000099,249,146,103
123000100,81,499,-418
123000101,116,68,48
123000102,394,645,-251
123000104,122,88,34
123000105,14,15,-1
123000106,146,111,35
123000107,14,5,9
123000108,253,39,214
123000111,272,61,211
123000112,213,84,129
123000113,250,37,213
123000114,69,204,-135
123000115,48,140,-92
123000116,13,39,-26
123000117,596,397,199
123000118,161,168,-7
123000119,68,118,-50
123000120,62,126,-64
123000121,272,234,38
123000122,0,0,0
123000123,336,148,188
123000124,0,0,0
123000125,412,514,-102
123000126,479,1392,-913
123000127,50,179,-129
123000128,0,0,0
123000129,387,10,377
123000130,365,5,360
123000131,538,181,357
123000132,0,0,0
123000133,0,0,0
123000134,41,17,24
123000135,397,274,123
123000136,1,2,-1
123000137,1,0,1
123000138,0,0,0
123000139,250,23,227
123000140,0,0,0
123000141,149,36,113
123000142,208,60,148
123000143,101,183,-82
123000144,6,9,-3
123000145,13,275,-262
123000146,6,78,-72
123000147,9,26,-17
123000149,62,99,-37
123000150,17,17,0
123000151,33,267,-234
123000152,9,7,2
123000153,16,498,-482
123000154,296,680,-384
123000155,215,509,-294
123000156,4,18,-14
123000157,45,155,-110
123000158,161,274,-113
123000159,512,1470,-958
123000160,194,404,-210
123000161,488,253,235
123000162,478,562,-84
123000163,347,65,282
123000164,1023,26,997
123000165,27,200,-173
123000166,1,9,-8
123000167,73,5,68
123000168,78,22,56
123000169,310,20,290
123000170,28,0,28
123000171,289,8,281
123000172,2,17,-15
123000173,138,62,76
123000174,189,80,109
123000175,21,47,-26
123000176,377,57,320
123000177,53,62,-9
123000178,260,86,174
123000179,0,44,-44
123000180,588,150,438
123000181,71,188,-117
123000182,126,101,25
123000183,79,96,-17
123000184,11,14,-3
123000185,429,236,193
123000186,0,0,0
123000187,332,3,329
123000188,208,0,208
123000189,181,121,60
123000190,53,43,10
123000192,0,63,-63
123000193,22,142,-120
123000194,70,61,9
123000195,194,2,192
123000196,287,1,286
123000197,34,7,27
123000198,0,219,-219
123000199,1,60,-59
123000200,496,10,486
123000201,670,12,658
123000202,8,61,-53
123000203,765,19,746
123000204,4,133,-129
123000205,11,181,-170
123000206,1685,100,1585
123000207,14,158,-144
123000208,328,46,282
123000209,1121,149,972
123000210,28,218,-190
123000211,50,339,-289
123000212,2190,102,2088
123000213,313,21,292
123000215,55,119,-64
123000216,54,476,-422
123000217,153,14,139
123000218,7,21,-14
123000219,156,95,61
123000220,199,30,169
123000221,14,37,-23
123000222,212,76,136
123000223,263,79,184
123000224,205,75,130
123000225,149,11,138
123000226,61,6,55
123000227,38,7,31
123000228,119,23,96
123000229,176,78,98
123000232,2,15,-13
123000233,368,52,316
123000234,3,14,-11
123000235,240,84,156
123000236,28,57,-29
123000237,259,23,236
123000238,0,5,-5
123000239,102,132,-30
123000240,24,177,-153
123000241,76,27,49
123000242,48,45,3
123000243,62,128,-66
123000244,75,73,2
123000245,0,0,0
123000249,0,0,0
123000252,377,100,277
123000253,412,235,177
123000254,138,165,-27
123000255,154,265,-111
123000256,2,0,2
123000257,401,278,123
123000258,186,92,94
123000259,189,196,-7
123000260,272,122,150
123000261,106,20,86
123000262,17,20,-3
123000263,209,31,178
123000264,125,3,122
123000265,1,18,-17
123000266,153,167,-14
123000267,175,117,58
123000268,21,9,12
123000269,16,71,-55
123000270,48,44,4
123000271,8,7,1
123000272,360,104,256
123000273,106,645,-539
123000274,557,263,294
123000275,59,125,-66
123000278,199,716,-517
123000279,58,36,22
123000280,164,115,49
123000281,81,48,33
123000282,55,171,-116
123000283,71,28,43
123000284,27,19,8
123000286,87,355,-268
123000287,52,115,-63
123000288,351,449,-98
123000289,139,414,-275
123000291,3,14,-11
123000294,62,278,-216
123000295,287,1076,-789
123000296,650,936,-286
123000297,106,44,62
123000298,157,50,107
123000299,39,201,-162
123000300,372,158,214
123000301,30,97,-67
123000302,95,31,64
123000303,11,547,-536
123000305,108,451,-343
123000306,37,27,10
123000309,14,21,-7
123000310,16,2,14
123000311,0,0,0
123000312,68,200,-132
123000313,208,104,104
123000315,270,29,241
123000316,463,1,462
123000317,94,64,30
123000318,4,28,-24
123000329,2,3,-1
123000337,117,177,-60
123000338,339,199,140
123000339,45,9,36
123000340,15,59,-44
123000342,0,6,-6
123000343,15,0,15
123000344,261,107,154
123000345,87,127,-40
123000346,387,25,362
123000352,109,142,-33
123000353,13,11,2
123000354,559,4,555
123000355,0,94,-94
123000356,168,1,167
123000357,0,15,-15
123000359,1,1,0
123000360,100,139,-39
123000361,80,10,70
123000362,136,8,128
123000363,24,0,24
123000364,163,111,52
123000365,2,16,-14
123000366,42,539,-497
123000367,20,213,-193
123000370,0,3,-3
123000371,201,5,196
123000372,69,4,65
123000373,0,14,-14
123000374,0,0,0
123000375,276,27,249
123000376,386,411,-25
123000377,323,3,320
123000378,4,17,-13
123000379,0,37,-37
123000380,0,0,0
123000381,8,47,-39
123000382,180,37,143
123000383,0,0,0
123000384,156,9,147
123000385,0,0,0
123000436,21,392,-371
123000507,17,107,-90
123000508,103,867,-764
123000517,50,0,50
123000518,7,64,-57
123000519,30,3,27
123000520,5,87,-82
123000521,92,40,52
123000522,69,120,-51
123000541,30,5,25
123000542,0,0,0
123000565,296,3,293
123000566,118,113,5
123000567,14,71,-57
123000573,0,0,0
123000574,293,21,272
123000575,646,6,640
123000576,185,11,174
123000577,9,32,-23
123000578,124,23,101
123000579,708,2201,-1493
123000580,35,15,20
123000582,206,4,202
123000583,41,10,31
123000584,101,70,31
123000585,0,0,0
123000586,37,0,37
123000596,32,25,7
123000597,115,82,33
123000602,23,11,12
123000603,370,55,315
123000604,208,46,162
123000605,223,72,151
123000606,0,0,0
123000609,0,57,-57
123000610,27,67,-40
123000613,0,0,0
123000614,162,8,154
123000615,0,0,0
123000616,181,24,157
123000617,0,0,0
123000618,0,0,0
123000619,59,5,54
123000620,0,0,0
123000622,107,1,106
123000624,43,20,23
123000630,972,180,792
123000631,79,127,-48
123000632,246,40,206
123000633,0,92,-92
123000634,0,82,-82
123000635,0,0,0
123000636,42,156,-114
123000637,35,13,22
123000638,105,111,-6
123000639,370,1366,-996
123000640,7,0,7
123000648,64,13,51
123000649,0,18,-18
123900001,0,0,0
123900002,0,0,0
123900003,0,0,0
123900005,2,1,1
123900006,0,0,0
124000001,689,159,530
124000002,7,456,-449
124000003,514,92,422
124000004,3,80,-77
124000005,684,343,341
124000006,21,49,-28
124000007,64,29,35
124000008,3,28,-25
124000009,456,51,405
124000010,22,84,-62
124000011,416,127,289
124000012,8,57,-49
124000017,64,33,31
124000018,0,0,0
124000019,91,24,67
124000020,0,0,0
124000021,83,51,32
124000022,0,0,0
124000023,486,1230,-744
124000024,314,103,211
124000025,492,772,-280
124000026,553,1084,-531
124000027,2542,1386,1156
124000028,83,2939,-2856
124000030,529,115,414
124000031,409,2368,-1959
124000032,3,25,-22
124000033,250,216,34
124000034,30,81,-51
124000035,64,112,-48
124000036,0,63,-63
124000037,79,302,-223
124000038,0,7,-7
124000039,80,7,73
124000040,78,146,-68
124000041,240,13,227
124000042,11,12,-1
124000043,74,12,62
124000044,0,19,-19
124000045,504,59,445
124000046,0,0,0
124000047,481,93,388
124000048,0,0,0
124000049,890,118,772
124000050,0,0,0
124000051,661,95,566
124000052,0,0,0
124000053,433,748,-315
124000054,0,0,0
124000055,831,1071,-240
124000056,3,1,2
124000057,947,264,683
124000058,6,4,2
124000059,607,738,-131
124000060,185,28,157
124000061,690,1517,-827
124000062,134,65,69
124000063,433,81,352
124000064,247,86,161
124000065,0,0,0
124000066,26,9,17
124000067,16,17,-1
124000068,0,0,0
124000069,178,10,168
124000070,0,0,0
124000071,55,20,35
124000072,0,0,0
124000073,291,12,279
124000074,0,0,0
124000075,275,45,230
124000076,0,0,0
124000077,69,144,-75
124000078,297,261,36
124000079,3,117,-114
124000080,214,66,148
124000081,0,0,0
124000082,36,57,-21
124000083,0,0,0
124000084,0,229,-229
124000085,2,3,-1
124000086,33,146,-113
124000087,35,77,-42
124000088,34,110,-76
124000089,266,17,249
124000090,13,27,-14
124000091,268,16,252
124000092,120,89,31
124000093,46,100,-54
124000094,39,236,-197
124000095,72,32,40
124000096,1,70,-69
124000097,180,8,172
124000098,94,22,72
124000099,99,12,87
124000100,1,47,-46
124000101,155,48,107
124000102,102,16,86
124000103,308,66,242
124000104,38,20,18
124000105,182,77,105
124000106,116,23,93
124000107,19,261,-242
124000108,35,2,33
124000109,82,19,63
124000110,75,10,65
124000111,113,33,80
124000112,298,145,153
124000113,91,38,53
124000114,157,138,19
124000115,273,305,-32
124000116,30,55,-25
124000117,31,18,13
124000118,5,23,-18
124000119,222,110,112
124000120,216,76,140
124000121,607,197,410
124000122,71,275,-204
124000123,304,77,227
124000124,202,157,45
124000125,278,113,165
124000126,91,115,-24
124000127,809,66,743
124000128,312,115,197
124000129,967,610,357
124000130,121,21,100
124000131,352,279,73
124000132,204,31,173
124000133,540,246,294
124000134,264,286,-22
124000135,548,521,27
124000136,69,162,-93
124000137,178,147,31
124000138,66,186,-120
124000139,158,35,123
124000140,17,217,-200
124000141,3,7,-4
124000142,3,116,-113
124000143,44,2,42
124000144,0,33,-33
124000145,105,16,89
124000146,1,11,-10
124000148,2,9,-7
124000149,292,91,201
124000150,49,61,-12
124000151,271,214,57
124000152,73,78,-5
124000153,246,483,-237
124000154,40,115,-75
124000155,409,143,266
124000156,84,59,25
124000169,80,124,-44
124000170,92,102,-10
124000171,91,121,-30
124000172,42,41,1
124000173,220,51,169
124000174,188,76,112
124000175,0,0,0
124000176,21,36,-15
124000177,0,0,0
124000178,4,77,-73
124000190,1,41,-40
124000191,21,28,-7
124000192,397,233,164
124000193,4,200,-196
124000194,84,39,45
124000195,206,297,-91
124000196,190,69,121
124000197,55,24,31
124000198,97,15,82
124000201,2,0,2
124000202,273,31,242
124000203,50,0,50
124000204,564,11,553
124000205,60,3,57
124000206,745,188,557
124000207,0,0,0
124000209,227,15,212
124000210,521,91,430
124000211,654,5,649
124000212,0,0,0
124000213,66,0,66
124000214,270,13,257
124000215,335,9,326
124000216,0,0,0
124000329,1,163,-162
124000338,5,117,-112
124000339,685,25,660
124000341,582,6,576
124000344,77,6,71
124000357,1028,1082,-54
124000358,916,1140,-224
124000359,972,305,667
124000360,449,255,194
124000361,1003,650,353
124000362,229,273,-44
124000363,0,0,0
124000364,0,0,0
124000365,13,58,-45
124000366,8,143,-135
124000367,11,12,-1
124000368,145,221,-76
124000369,25,51,-26
124000370,20,79,-59
124000402,2,16,-14
124000403,164,12,152
124000404,0,28,-28
124000405,601,163,438
124000406,116,121,-5
124000407,1,23,-22
124000411,0,28,-28
124000412,159,0,159
124000413,0,19,-19
124000414,89,35,54
124000415,241,21,220
124000416,150,75,75
124000417,127,64,63
124000418,142,42,100
124000419,73,44,29
124000420,143,16,127
124000421,86,16,70
124000422,3,5,-2
124000423,41,22,19
124000424,0,24,-24
124000425,28,4,24
124000426,2,21,-19
124000427,35,1,34
124000428,0,25,-25
124000429,89,23,66
124000430,130,130,0
124000431,27,67,-40
124000432,121,297,-176
124000439,5,1,4
124000443,0,0,0
124000445,7,397,-390
124000446,19,13,6
124900001,0,0,0
124900002,0,0,0
124900003,0,0,0
124900004,0,0,0
124900005,0,0,0
124900006,0,0,0
124900008,0,0,0
124900009,0,0,0
124900010,0,0,0
124900011,0,0,0
124900012,0,0,0
124900013,0,0,0
124900014,0,0,0
124900015,18,19,-1
124900016,37,6,31
124900017,2,34,-32
124900018,4,0,4
124900020,41,1,40
124900021,66,6,60
124900022,1,0,1
124900024,68,0,68
124900026,3,0,3
124900027,0,0,0
124900028,0,0,0
124900029,0,0,0
124900030,0,0,0
124900031,0,0,0
124900032,0,0,0
124900033,0,0,0
124900034,0,0,0
124900035,0,0,0
124900036,0,0,0
124900037,0,0,0
124900038,0,0,0
124900039,0,0,0
124900040,0,0,0
124900041,0,0,0
124900042,0,0,0
124900043,0,0,0
124900044,0,0,0
124900045,0,0,0
124900046,0,0,0
124900047,0,0,0
124900048,0,0,0
124900050,0,0,0
124900052,0,0,0
124900053,0,0,0
124900054,0,0,0
124900055,0,0,0
124900057,0,0,0
124900060,0,0,0
124900061,9,0,9
124900062,10,0,10
124900066,0,0,0
124900067,0,0,0
124900068,0,0,0
124900070,0,0,0
124900072,0,0,0
124900075,0,0,0
124900076,0,0,0
124900077,0,0,0
124900078,0,0,0
124900079,0,0,0
124900080,0,0,0
124900081,0,0,0
124900082,0,0,0
124900083,0,0,0
124900084,0,0,0
124900085,0,0,0
124900086,0,0,0
124900087,0,0,0
124900088,0,0,0
124900089,0,0,0
124900090,22,2,20
124900091,0,0,0
124900092,0,0,0
124900093,37,15,22
124900094,43,11,32
124900095,9,17,-8
124900096,16,2,14
124900097,49,2,47
124900098,0,0,0
124900099,0,0,0
124900100,39,0,39
124900101,8,0,8
124900102,74,1,73
124900103,0,0,0
124900104,0,0,0
124900105,0,0,0
124900106,19,1,18
124900107,9,6,3
124900108,0,0,0
124900111,0,0,0
124900112,0,0,0
124900113,0,0,0
124900114,0,0,0
124900115,0,0,0
124900116,35,45,-10
124900117,0,0,0
124900118,6,103,-97
124900119,0,0,0
124900120,0,0,0
124900121,0,0,0
124900122,0,0,0
124900123,0,0,0
124900124,0,0,0
204000001,67,13,54
204000002,4,18,-14
204000003,17,3,14
204000004,9,14,-5
204000005,500,555,-55
204000006,981,1535,-554
204000011,0,0,0
204000012,0,0,0
204000019,1173,331,842
204000020,363,275,88
204000021,384,367,17
204000022,858,249,609
204000023,0,0,0
204000031,36,5,31
204000032,138,10,128
204000034,0,0,0
204000035,0,0,0
204000036,0,0,0
204000037,0,0,0
204000038,0,0,0
204000039,0,0,0
204000040,0,0,0
204000041,0,0,0
204000042,5,14,-9
204000043,19,9,10
204000044,30,0,30
204000045,27,5,22
204000046,0,0,0
204000057,0,0,0
204000062,0,0,0
204000068,0,0,0
204000069,0,0,0
204000070,75,99,-24
204000080,0,0,0
204000085,0,0,0
204000086,0,0,0
204000087,16,21,-5
204000088,0,0,0
204000090,0,0,0
204000093,787,9,778
204000096,749,370,379
204000097,145,4,141
204000099,1255,1606,-351
204000100,1114,746,368
204000105,0,0,0
204000110,0,0,0
204000111,0,0,0
204000112,0,0,0
204000113,0,0,0
204000114,432,590,-158
204000115,289,139,150
204000116,169,313,-144
204000119,1570,676,894
204000132,639,346,293
204000133,926,82,844
204000134,160,50,110
204000135,651,37,614
204000136,344,140,204
204000138,158,536,-378
204000140,135,225,-90
204000141,178,49,129
204000144,0,11,-11
204000145,97,8,89
204000146,0,0,0
204000147,0,0,0
204000148,129,8,121
204000154,8,3,5
204000155,0,0,0
204000177,66,12,54
204000179,23,1,22
204000180,0,0,0
204000222,0,0,0
204000235,0,0,0
204000236,16,29,-13
204000238,16,5,11
204000240,106,3,103
204000263,0,0,0
204000268,674,223,451
204000308,16,6,10
204000317,0,0,0
204000322,0,0,0
204000323,1,2,-1
204000328,324,31,293
204000329,0,0,0
204000330,62,15,47
204000331,0,0,0
204010341,12,60,-48
205000001,0,0,0
205000013,0,0,0
205000014,0,0,0
205000015,0,0,0
205000016,0,0,0
205000017,0,0,0
205000022,0,0,0
205000025,0,0,0
205000029,167,30,137
205000045,0,0,0
205000046,0,0,0
205000047,0,0,0
205000048,0,0,0
205000049,0,0,0
205000050,0,0,0
205000059,0,0,0
205000060,0,0,0
205000061,0,0,0
205000062,0,0,0
205000063,0,0,0
205000064,0,0,0
205000065,0,0,0
205000066,0,0,0
205000067,0,0,0
205000069,54,45,9
205000082,126,94,32
205000110,0,0,0
205000111,0,0,0
205000112,73,127,-54
205000113,0,0,0
205000121,95,30,65
205000123,0,0,0
205000126,676,80,596
205000127,1060,55,1005
205000128,304,38,266
205000129,452,37,415
205000130,410,29,381
205000131,24,6,18
205000132,27,0,27
205000133,12,0,12
205000134,156,0,156
205000137,0,0,0
205000138,0,0,0
205000139,0,0,0
205000144,27,37,-10
205000145,186,34,152
205000151,41,33,8
205000152,33,17,16
205000153,109,43,66
205000154,69,28,41
205000155,86,4,82
205000207,0,0,0
205000233,13,0,13
205000234,0,0,0
205000243,0,0,0
205000244,0,0,0
205000245,0,0,0
205000249,0,0,0
205000250,5,2,3
205000264,0,0,0
206000027,1,19,-18
206000028,2,3,-1
206000043,2,37,-35
206000053,0,0,0
206000054,0,0,0
206000055,0,0,0
206000075,0,27,-27
206000076,20,4,16
206000077,8,3,5
206000078,8,2,6
206000079,2,2,0
206000082,163,60,103
206000100,2,180,-178
206000103,0,0,0
206000104,0,0,0
206000105,0,0,0
206000106,0,0,0
206000108,350,111,239
206000125,137,0,137
206000157,0,0,0
206000170,0,0,0
206000171,1,29,-28
206000172,0,18,-18
206000173,0,5,-5
206000174,7,3,4
206000175,0,4,-4
206000176,0,17,-17
206000177,0,5,-5
206000178,0,7,-7
206000179,0,10,-10
206000180,5,48,-43
206000181,2,16,-14
206000182,9,33,-24
206000183,15,86,-71
206000184,0,2,-2
206000185,0,3,-3
206000186,0,31,-31
206000223,0,0,0
206000226,25,1,24
206000227,5,2,3
206000237,1,7,-6
206000238,2,17,-15
206000239,1,91,-90
206000240,0,0,0
206000241,1,117,-116
206000242,0,1,-1
206000243,0,1,-1
206000244,0,3,-3
206000245,683,27,656
206000246,194,14,180
206000247,226,18,208
206000248,248,5,243
206000252,2,56,-54
206000258,0,0,0
206000315,12,1,11
206000317,377,110,267
206000318,192,28,164
206000319,941,22,919
206000320,252,12,240
206000321,281,2,279
206000322,302,9,293
206000323,98,11,87
206000324,196,4,192
206000325,101,0,101
206000326,112,14,98
206000327,8,60,-52
206000328,105,4,101
206000329,273,1,272
206000330,31,3,28
206000331,254,0,254
206000332,23,0,23
206000333,537,0,537
206000334,294,1,293
206000335,0,0,0
206000361,0,0,0
206000392,0,0,0
206000405,109,0,109
206000441,51,61,-10
206000498,49,6,43
206000515,75,38,37
206000530,165,55,110
206000531,156,104,52
206000532,353,79,274
206000535,3,100,-97
206000536,1,22,-21
206000537,1,12,-11
206000613,512,128,384
207000001,0,0,0
207000002,0,0,0
207000003,0,0,0
207000007,950,171,779
207000008,130,1,129
207000009,40,2,38
207000010,80,210,-130
207000012,365,82,283
207000015,57,183,-126
207000019,149,31,118
207000021,212,211,1
207000022,131,110,21
207000023,128,22,106
207000024,7,7,0
207000025,11,34,-23
207000026,0,0,0
207000027,0,0,0
207000028,0,0,0
207000029,0,0,0
207000033,126,258,-132
207000034,103,50,53
207000039,510,54,456
207000040,385,23,362
207000041,227,17,210
207000042,276,15,261
207000043,154,114,40
207000051,0,0,0
207000052,0,0,0
207000053,0,0,0
207000054,0,0,0
207000055,0,0,0
207000056,0,0,0
207000057,0,0,0
207000058,0,0,0
207000059,0,0,0
207000060,0,0,0
207000061,44,1143,-1099
207000062,417,54,363
207000063,310,36,274
207000064,241,32,209
207000065,173,40,133
207000066,226,87,139
207000067,110,46,64
207000068,153,8,145
207000069,492,143,349
207000082,2,155,-153
207000083,28,170,-142
207000084,398,116,282
207000085,186,49,137
207000086,341,5,336
207000106,55,2,53
207000107,157,18,139
207000108,62,13,49
207000109,64,2,62
207000110,49,6,43
207000111,87,52,35
207000112,98,202,-104
207000114,0,0,0
207000115,0,0,0
207000116,0,0,0
207000117,0,0,0
207000118,0,0,0
207000119,0,0,0
207000123,166,11,155
207000124,112,18,94
207000125,31,2,29
207000126,43,1,42
207000134,134,71,63
207000135,23,348,-325
207000148,92,147,-55
207000149,0,0,0
207000152,0,0,0
207000153,0,0,0
207000154,191,74,117
207000159,0,0,0
207000160,0,0,0
207000238,0,0,0
207000242,0,0,0
207000248,0,0,0
207000249,0,0,0
207000250,0,0,0
207000251,0,0,0
207000252,0,0,0
207000278,109,71,38
207000279,0,0,0
207000280,851,38,813
207000281,57,145,-88
207000282,13,187,-174
207000283,1,13,-12
207000284,4,372,-368
207000285,1,81,-80
207000291,0,0,0
207000304,79,29,50
207000306,0,0,0
207000310,79,53,26
207000353,51,0,51
207000356,0,0,0
207000357,0,83,-83
207000358,1,19,-18
207000415,0,0,0
207000417,28,1,27
207000418,60,26,34
207000438,0,0,0
207000439,286,146,140
207000446,68,0,68
207000460,75,1,74
207000466,0,0,0
207000467,176,26,150
207000468,0,0,0
207000476,22,3,19
207000477,220,14,206
207000478,0,0,0
207000523,0,0,0
207000524,13,0,13
207000527,110,43,67
207000530,173,0,173
207000531,114,1,113
207000532,15,12,3
207000534,91,72,19
207000535,0,0,0
207000537,0,0,0
207000540,0,0,0
207000541,0,0,0
207000548,0,0,0
207000549,90,5,85
207000561,128,42,86
207000562,0,0,0
207000567,0,0,0
207000568,30,4,26
207000569,189,33,156
207000584,0,0,0
207000585,9,22,-13
207000616,0,0,0
207000617,115,2,113
207900008,369,54,315
208000001,362,503,-141
208000002,450,366,84
208000003,719,396,323
208000004,455,282,173
208000005,0,0,0
208000019,571,166,405
208000020,212,136,76
208000021,16,80,-64
208000022,165,54,111
208000028,76,699,-623
208000033,57,43,14
208000034,58,340,-282
208000037,84,2,82
208000040,101,24,77
208000041,201,318,-117
208000042,472,298,174
208000047,0,0,0
208000064,977,1054,-77
208000066,568,1282,-714
208000070,240,261,-21
208000071,540,170,370
208000072,532,325,207
208000080,153,173,-20
208000081,175,44,131
208000082,2,1,1
208000083,5,0,5
208000084,6,58,-52
208000085,7,1,6
208000086,34,4,30
208000087,31,136,-105
208000089,0,0,0
208000090,0,0,0
208000093,0,0,0
208000094,40,248,-208
208000095,296,39,257
208000104,1139,269,870
208000105,613,410,203
208000114,50,424,-374
208000115,250,316,-66
208000116,427,854,-427
208000117,2,62,-60
208000118,98,168,-70
208000155,49,143,-94
208000158,52,187,-135
208000186,665,1185,-520
208000204,50,65,-15
208000205,110,125,-15
208000282,56,53,3
209000004,260,41,219
209000005,20,33,-13
209000006,308,53,255
209000007,227,152,75
209000010,0,0,0
209000011,0,0,0
209000012,0,0,0
209000013,0,0,0
209000014,0,0,0
209000025,257,16,241
209000026,567,28,539
209000027,0,0,0
209000028,0,0,0
209000029,0,0,0
209000030,0,0,0
209000031,0,0,0
209000034,139,220,-81
209000035,265,188,77
209000036,437,50,387
209000037,464,109,355
209000038,326,64,262
209000039,103,49,54
209000040,201,31,170
209000041,147,38,109
209000042,88,49,39
209000043,170,50,120
209000044,178,150,28
209000045,419,116,303
209000046,346,121,225
209000047,303,35,268
209000048,989,262,727
209000049,0,0,0
209000050,0,0,0
209000051,0,0,0
209000052,0,0,0
209000062,0,0,0
209000063,0,0,0
209000064,0,0,0
209000065,193,38,155
209000066,90,38,52
209000067,173,24,149
209000080,0,0,0
209000082,26,5,21
209000091,0,0,0
209000093,0,0,0
209000094,0,0,0
209000110,21,63,-42
209000111,266,644,-378
209000112,624,138,486
209000113,709,163,546
209000114,322,187,135
209000115,0,0,0
209000116,0,0,0
209000118,3,56,-53
209000119,0,0,0
209000121,0,0,0
209000135,41,31,10
209000142,469,441,28
209000143,0,0,0
209000144,11,83,-72
209000229,217,18,199
209000240,0,0,0
209000259,0,0,0
209000260,0,0,0
209000261,0,0,0
209000262,0,0,0
209000263,0,0,0
209000264,0,0,0
209000265,130,0,130
209000266,18,0,18
209000267,884,1,883
209000268,495,64,431
210000037,150,3,147
210000047,32,3,29
210000048,31,10,21
210000049,19,1,18
210000052,0,0,0
210000053,0,0,0
210000054,0,0,0
210000070,100,3,97
210000071,72,0,72
210000072,36,2,34
210000073,0,0,0
210000074,0,0,0
210000075,0,0,0
210000076,0,0,0
210000077,0,0,0
210000078,0,0,0
210000079,22,3,19
210000080,18,97,-79
210000081,75,2,73
210000082,4,3,1
210000083,10,0,10
210000084,65,0,65
210000085,0,0,0
210000086,0,0,0
210000099,0,0,0
210000100,0,0,0
210000101,0,0,0
210000105,0,0,0
210000159,0,0,0
210000163,0,0,0
210000164,138,63,75
210000168,52,7,45
210000187,0,0,0
210000188,0,0,0
210000214,5,0,5
210000219,58,12,46
210000220,87,25,62
210000232,0,0,0
210000233,0,0,0
210000234,0,0,0
210000235,0,0,0
210000245,0,0,0
210000246,7,0,7
210000258,0,0,0
210000259,79,8,71
210000282,0,0,0
210000285,0,0,0
210000286,0,0,0
210000290,0,0,0
210000295,0,0,0
210000296,0,0,0
210000320,121,21,100
210000321,44,17,27
210000338,0,0,0
210000339,0,0,0
210000340,0,0,0
210000341,0,0,0
210000342,0,0,0
210000343,0,0,0
210000344,0,0,0
210000345,0,0,0
210000346,0,0,0
210000347,0,0,0
210000348,0,0,0
210000349,0,0,0
210000350,0,0,0
210000351,0,0,0
210000352,47,11,36
210000353,40,28,12
210000354,48,20,28
210000355,3,47,-44
210000356,13,66,-53
210000357,93,105,-12
210000358,80,97,-17
210000359,66,75,-9
210000360,175,62,113
210000361,118,54,64
210000362,223,74,149
210000363,385,76,309
210000364,183,58,125
210000365,163,15,148
210000366,186,25,161
210000367,88,8,80
210000368,86,7,79
210000369,74,47,27
210000370,49,9,40
210000372,4,3,1
210000373,5,12,-7
210000374,44,12,32
210000375,52,12,40
210000376,38,50,-12
210000404,0,0,0
210000439,51,12,39
210000472,28,1,27
210000482,49,39,10
210000564,290,89,201
210000567,0,37,-37
210000568,120,0,120
211000092,39,6,33
211000094,15,1,14
211000169,79,5,74
211000172,2,164,-162
211000209,0,4,-4
211000226,24,1,23
211000270,8,22,-14
211000275,7,19,-12
211000276,71,7,64
211000279,11,25,-14
211000281,9,9,0
211507980,0,23,-23
211977296,3,0,3
212000003,191,17,174
212000004,0,0,0
212000005,0,0,0
212000006,0,0,0
212000008,0,0,0
212000009,0,0,0
212000012,0,0,0
212000013,0,0,0
212000014,0,0,0
212000015,0,0,0
212000016,0,0,0
212000027,648,100,548
212000028,251,198,53
212000029,124,258,-134
212000030,32,37,-5
212000031,33,21,12
212000048,0,0,0
212000049,0,0,0
212000050,0,0,0
212000051,0,0,0
212000052,0,0,0
212000053,0,0,0
212000054,384,24,360
212000055,364,45,319
212000056,5,30,-25
212000057,3,15,-12
212000058,14,11,3
212000070,0,0,0
212000077,0,0,0
212000099,488,75,413
212000108,306,91,215
212000111,455,41,414
212000120,0,0,0
212000138,0,0,0
212000156,0,0,0
212000158,1,70,-69
212000159,788,44,744
212000160,760,103,657
212000161,233,79,154
212000310,0,0,0
212000311,11,48,-37
212000374,0,0,0
213000001,2,333,-331
213000005,257,8,249
213000006,283,42,241
213000007,44,1,43
213000009,133,111,22
213000010,409,45,364
213000011,142,48,94
213000012,0,0,0
213000014,60,7,53
213000015,286,1,285
213000016,210,1,209
213000017,89,0,89
213000018,0,4,-4
213000019,0,16,-16
213000020,7,8,-1
213000021,0,3,-3
213000023,564,148,416
213000033,44,221,-177
213000034,545,122,423
213000035,291,247,44
213000045,25,110,-85
213000046,20,35,-15
213000047,82,825,-743
213000056,64,9,55
213000069,2,0,2
213000073,0,0,0
213000074,2,57,-55
213000075,399,0,399
213000076,2,0,2
213000085,0,0,0
213000086,0,0,0
213000091,105,0,105
213000092,7,2,5
213000099,4,224,-220
213000100,537,183,354
213000101,339,68,271
213000102,360,67,293
213000103,261,148,113
213000104,4,72,-68
213000105,0,44,-44
213000106,1,4,-3
213000107,60,12,48
213000108,4,49,-45
213000109,0,35,-35
213000110,0,5,-5
213000111,0,14,-14
213000112,4,56,-52
213000115,18,0,18
213000116,0,67,-67
213000117,0,87,-87
213000118,558,238,320
213000119,1,16,-15
213000120,0,10,-10
213000122,0,54,-54
213000123,7,167,-160
213000124,7,43,-36
213000125,143,32,111
213000126,1,9,-8
213000127,1,36,-35
213000128,26,139,-113
213000129,147,698,-551
213000130,688,448,240
213000132,387,141,246
213000133,717,62,655
213000134,795,5,790
213000136,473,6,467
213000137,409,31,378
213000139,127,2,125
213000147,36,0,36
213000148,18,0,18
213000149,2,0,2
213000150,0,0,0
213000151,0,0,0
213000152,0,0,0
213000153,0,0,0
213000154,0,0,0
213000155,0,0,0
213000156,0,0,0
213000157,0,0,0
213000158,45,105,-60
213000159,1057,142,915
213000163,733,116,617
213000165,347,98,249
213000171,0,0,0
213000172,0,0,0
213000173,0,0,0
213000174,0,0,0
213000175,0,0,0
213000176,118,33,85
213000177,182,5,177
213000178,238,0,238
213000179,159,0,159
213000180,141,0,141
213000184,6,65,-59
213000188,317,24,293
213000189,305,12,293
213000190,223,6,217
213000191,378,4,374
213000192,234,0,234
213000193,0,0,0
213000194,0,0,0
213000195,0,0,0
213000196,0,0,0
213000197,647,261,386
213000198,4,1,3
213000200,30,36,-6
213000201,8,15,-7
213000202,0,61,-61
213000203,913,314,599
213000204,851,13,838
213000205,443,14,429
213000206,567,5,562
213000207,6,9,-3
213000208,4,0,4
213000209,45,0,45
213000210,42,0,42
213000211,0,0,0
213000212,0,0,0
213000213,0,0,0
213000218,167,384,-217
213000219,241,45,196
213000220,387,0,387
213000223,85,104,-19
213000224,1,27,-26
213000225,32,16,16
213000226,63,16,47
213000227,771,120,651
213000228,411,44,367
213000229,52,6,46
213000230,136,2,134
213000232,10,324,-314
213000233,0,0,0
213000234,0,0,0
213000293,0,4,-4
213000294,107,7,100
213000295,0,4,-4
213000296,25,13,12
213000297,0,0,0
213000298,0,0,0
213000299,21,14,7
213000300,0,4,-4
213000303,0,0,0
213000304,0,0,0
213000305,1,8,-7
213000306,0,0,0
213000307,32,16,16
213000308,0,0,0
213000309,93,14,79
213000310,98,36,62
213000311,4,158,-154
213000315,0,0,0
213000316,161,14,147
213000322,42,14,28
213000323,72,10,62
213000324,29,4,25
213000325,5,13,-8
213000326,37,8,29
213000327,22,4,18
213000328,3,29,-26
213000329,5,1,4
213000340,0,11,-11
213000341,516,50,466
213000346,33,209,-176
213000347,95,272,-177
213000348,0,5,-5
213000349,1,0,1
213000350,41,107,-66
213000366,0,5,-5
213000367,257,26,231
213000379,4,5,-1
213000386,0,23,-23
213000406,7,12,-5
213000417,856,176,680
213000425,66,2,64
213000426,58,1,57
213000427,38,51,-13
213000428,33,10,23
213000429,0,3,-3
213000430,22,11,11
213000431,5,0,5
213000432,0,260,-260
213000433,1,20,-19
213000434,23,20,3
213000435,62,7,55
213000436,19,2,17
213000437,0,1,-1
213000438,92,8,84
213000439,2,3,-1
213000440,0,43,-43
213000441,0,1,-1
213000442,0,15,-15
213000443,353,262,91
213000444,18,0,18
213000445,0,14,-14
213000446,0,92,-92
213000447,0,19,-19
213000448,5,8,-3
213000449,502,5,497
213000450,0,0,0
213000451,36,10,26
213000452,3,3,0
213000453,0,0,0
213000455,16,0,16
213000456,0,3,-3
213000481,4,1,3
213000482,4,0,4
213000489,27,16,11
213000491,0,0,0
213000492,25,1,24
213000493,0,0,0
213000494,149,39,110
213000495,0,0,0
213000496,453,69,384
213000497,0,12,-12
213000498,0,25,-25
213000499,9,19,-10
213000500,381,11,370
213000501,106,25,81
213000502,76,37,39
213000503,0,8,-8
213000504,0,6,-6
213000505,22,8,14
213000506,0,0,0
213000507,0,11,-11
213900016,0,0,0
213900244,38,0,38
213900245,0,0,0
218000003,0,0,0
218000004,0,0,0
218000005,33,24,9
218000006,52,6,46
218000007,25,11,14
218000012,17,94,-77
218000013,9,73,-64
218000014,39,71,-32
218000019,130,38,92
218000020,163,37,126
218000021,0,0,0
218000022,0,0,0
218000023,0,0,0
218000024,0,0,0
218000025,0,0,0
218000026,0,0,0
218000027,0,0,0
218000028,0,0,0
218000029,0,0,0
218000030,0,0,0
218000031,0,0,0
218000032,0,0,0
218000040,0,0,0
218000046,76,33,43
218000047,4,48,-44
218000048,33,30,3
218000049,17,41,-24
218000050,122,68,54
218000051,29,94,-65
218000052,0,30,-30
218000053,0,0,0
218000054,0,27,-27
218000055,1,17,-16
218000056,5,37,-32
218000057,0,19,-19
218000064,0,14,-14
218000065,75,10,65
218000066,19,29,-10
218000067,6,67,-61
218000068,39,28,11
218000069,142,22,120
218000070,56,56,0
218000071,103,38,65
218000072,60,19,41
218000078,29,43,-14
218000079,164,24,140
218000080,148,32,116
218000081,500,57,443
218000082,93,52,41
218000083,0,0,0
218000084,0,0,0
218000085,0,0,0
218000086,0,0,0
218000087,0,0,0
218000090,1,76,-75
218000091,540,291,249
218000092,102,54,48
218000093,33,23,10
218000094,0,0,0
218000099,99,160,-61
218000100,68,112,-44
218000101,76,50,26
218000102,185,30,155
218000103,6,38,-32
218000104,46,12,34
218000105,0,0,0
218000106,0,0,0
218000107,0,0,0
218000108,0,0,0
218000112,0,0,0
218000117,13,55,-42
218000134,35,53,-18
218000135,23,8,15
218000136,44,31,13
218000137,19,4,15
218000138,0,0,0
218000139,43,1,42
218000140,312,170,142
218000141,9,4,5
218000142,165,50,115
218000143,33,94,-61
218000144,14,47,-33
218000145,304,83,221
218000146,77,84,-7
218000151,6,5,1
218000152,106,24,82
218000153,2,7,-5
218000154,1,1,0
218000155,35,1,34
218000156,139,6,133
218000157,107,7,100
218000158,5,5,0
218000159,0,5,-5
218000160,9,7,2
218000161,23,1,22
218000162,96,2,94
218000163,39,1,38
218000164,143,0,143
218000165,166,9,157
218000170,1,45,-44
218000171,19,5,14
218000172,1,8,-7
218000173,4,15,-11
218000174,15,2,13
218000176,242,9,233
218000177,346,46,300
218000178,215,35,180
218000179,286,27,259
218000180,60,1,59
218000181,190,17,173
218000187,0,0,0
218000188,0,0,0
218000189,0,0,0
218000190,0,0,0
218000191,0,0,0
218000192,0,0,0
218000193,0,0,0
218000194,0,0,0
218000195,182,56,126
218000196,376,70,306
218000197,510,54,456
218000198,67,35,32
218000199,24,20,4
218000200,31,4,27
218000201,4,1,3
218000202,0,0,0
218000207,0,0,0
218000208,0,0,0
218000211,5,1,4
218000212,0,0,0
218000213,94,47,47
218000214,6,18,-12
218000215,13,29,-16
218000217,7,51,-44
218000218,131,231,-100
218000219,1,44,-43
218000220,31,171,-140
218000221,200,172,28
218000222,0,55,-55
218000223,33,352,-319
218000224,19,279,-260
218000225,173,84,89
218000226,190,20,170
218000230,0,0,0
218000232,1,1,0
218000239,56,0,56
218000240,5,2,3
218000241,2,0,2
218000242,0,0,0
218000243,1,0,1
218000244,20,0,20
218000245,1,0,1
218000246,0,1,-1
218000247,0,0,0
218000248,0,0,0
218000249,0,0,0
218000250,0,0,0
218000251,0,0,0
218000252,0,0,0
218000253,0,0,0
218000254,0,0,0
218000255,0,0,0
218000256,0,2,-2
218000267,0,0,0
218000268,0,0,0
218000269,0,0,0
218000270,0,0,0
218000271,0,0,0
218000273,57,5,52
218000274,44,2,42
218000275,19,32,-13
218000276,9,17,-8
218000278,3,2,1
218000279,30,6,24
218000280,0,25,-25
218000281,0,3,-3
218000282,71,352,-281
218000284,34,9,25
218000301,0,0,0
218000302,53,12,41
218000303,0,0,0
218000316,901,351,550
218000317,1286,331,955
218000318,789,143,646
218000319,8,14,-6
218000320,0,0,0
218000338,18,3,15
218000345,0,0,0
218000346,45,130,-85
218000459,30,79,-49
218000490,0,0,0
218000501,52,21,31
218000502,0,0,0
218000503,55,2,53
218000504,88,13,75
218000505,0,0,0
218000506,0,0,0
218000508,0,0,0
218000510,79,21,58
218000520,145,105,40
218000521,1,1,0
218000522,0,3,-3
218000523,14,0,14
218000524,0,87,-87
218000525,52,2,50
218000526,0,70,-70
218000529,2,10,-8
218000530,6,0,6
218000531,14,8,6
218000532,0,0,0
218000534,89,8,81
218000537,8,64,-56
218000538,23,90,-67
218000540,0,0,0
218000543,52,10,42
218000544,0,0,0
218000545,15,26,-11
218000546,0,0,0
218000547,41,47,-6
218000548,0,0,0
218000549,405,33,372
218000550,8,53,-45
218000551,0,61,-61
218000552,206,15,191
218000553,0,0,0
218000554,0,0,0
218000555,34,29,5
218000556,0,0,0
218000557,159,39,120
218000558,27,0,27
218000559,0,7,-7
218000560,0,2,-2
218000561,3,0,3
218000562,0,21,-21
218000563,101,7,94
218000564,0,41,-41
218000565,62,1,61
218000566,59,1,58
218000567,0,44,-44
218000568,1,0,1
218000569,0,63,-63
218000570,7,1,6
218000571,0,55,-55
218000572,21,1,20
218000573,0,80,-80
218000574,4,6,-2
218000575,72,0,72
218000576,0,58,-58
218000577,16,1,15
218000578,0,41,-41
218000579,1,5,-4
218000581,0,0,0
218000582,36,0,36
218000583,0,0,0
218000584,0,0,0
218000585,32,0,32
218000586,42,7,35
218000587,0,0,0
218000588,0,0,0
218000589,0,0,0
218000590,4,0,4
218000591,0,0,0
218000592,0,0,0
218000593,0,0,0
218000594,0,0,0
218000595,0,0,0
218000596,0,0,0
218000597,0,0,0
218000598,0,0,0
218000599,0,23,-23
218000600,0,0,0
218000601,0,20,-20
218000602,0,0,0
218000603,0,15,-15
218000604,0,1,-1
218000605,0,4,-4
218000606,47,0,47
218000607,0,10,-10
218000608,16,0,16
218000609,1,9,-8
218000610,42,4,38
218000611,21,0,21
218000612,2,4,-2
218000613,20,0,20
218000614,0,1,-1
218000615,31,2,29
218000616,4,10,-6
218000617,1,2,-1
218000618,0,0,0
218000619,33,3,30
218000620,0,4,-4
218000621,0,0,0
218000622,0,21,-21
218000623,21,0,21
218000624,0,14,-14
218000625,0,0,0
218000626,0,10,-10
218000628,109,22,87
218000631,62,1,61
218000632,0,36,-36
218000633,7,0,7
218000634,0,0,0
218000635,1,2,-1
218000636,40,30,10
218000637,600,92,508
218000638,449,15,434
218000639,7,16,-9
218000640,302,16,286
218000641,36,56,-20
218000652,28,26,2
218000653,160,51,109
218000663,1,2,-1
218000675,3,18,-15
218000676,0,0,0
218000677,7,0,7
218000680,31,12,19
218000681,224,15,209
218000691,20,13,7
218000693,198,15,183
218000703,0,0,0
218000718,0,46,-46
218000719,27,41,-14
218000720,0,12,-12
218000721,3,2,1
218000725,0,0,0
218001147,0,0,0
218001214,0,0,0
218001258,165,0,165
218001329,31,42,-11
218001330,0,1,-1
218001351,1,21,-20
218001352,1,3,-2
218001353,1,5,-4
218001354,0,3,-3
218001355,0,0,0
218001356,228,23,205
218001357,0,0,0
218001358,332,0,332
218001361,639,19,620
218001362,0,0,0
219000001,0,0,0
219000002,0,0,0
219000003,47,33,14
219000004,14,85,-71
219000017,9,63,-54
219000020,119,23,96
219000022,67,1,66
219000023,54,1,53
219000029,0,0,0
219000034,82,28,54
219000039,0,0,0
219000040,17,30,-13
219000041,79,74,5
219000051,0,0,0
219000052,0,0,0
219000053,0,0,0
219000054,0,0,0
219000055,206,0,206
219000056,1,1,0
219000057,82,0,82
219000062,0,0,0
219000063,26,3,23
219000064,0,0,0
219000110,210,72,138
219000111,74,61,13
219000112,161,30,131
219000113,95,16,79
219000114,150,14,136
219000116,67,23,44
219000117,108,15,93
219000118,40,48,-8
219000123,126,0,126
219000124,13,0,13
219000125,0,0,0
219000126,0,0,0
219000127,0,0,0
219000128,0,0,0
219000129,0,0,0
219000130,0,0,0
219000131,758,1056,-298
219000133,21,84,-63
219000134,15,49,-34
219000135,25,23,2
219000136,56,121,-65
219000138,72,1,71
219000139,35,0,35
219000140,121,0,121
219000141,18,0,18
219000142,13,12,1
219000143,0,0,0
219000145,21,16,5
219000146,0,0,0
219000147,0,0,0
219000148,0,0,0
219000149,0,0,0
219000150,0,0,0
219000151,0,0,0
219000157,157,74,83
219000158,54,22,32
219000161,47,4,43
219000163,277,323,-46
219000166,46,36,10
219000167,11,11,0
219000168,147,42,105
219000174,236,67,169
219000175,121,5,116
219000176,133,12,121
219000177,36,11,25
219000178,109,3,106
219000179,39,65,-26
219000180,13,2,11
219000182,86,3,83
219000183,21,4,17
219000184,22,1,21
219000185,0,0,0
219000186,101,1,100
219000187,28,2,26
219000189,0,0,0
219000190,0,0,0
219000191,0,0,0
219000192,246,206,40
219000193,0,0,0
219000195,0,0,0
219000196,0,0,0
219000198,0,0,0
219000199,0,0,0
219000200,0,0,0
219000201,0,0,0
219000203,0,0,0
219000204,0,0,0
219000205,0,0,0
219000207,0,0,0
219000209,0,0,0
219000210,0,0,0
219000213,0,0,0
219000239,0,0,0
219000240,0,0,0
219000241,0,0,0
219000242,0,0,0
219000243,0,0,0
219000244,0,0,0
219000245,0,0,0
219000246,12,37,-25
219000247,264,15,249
219000248,345,277,68
219000249,55,55,0
219000250,65,51,14
219000251,281,127,154
219000252,385,107,278
219000253,163,40,123
219000255,94,100,-6
219000256,200,47,153
219000257,162,0,162
219000262,0,0,0
219000263,0,0,0
219000267,0,0,0
219000268,0,0,0
219000269,1,2,-1
219000270,34,0,34
219000271,194,1,193
219000278,0,0,0
219000279,0,0,0
219000283,0,0,0
219000295,0,0,0
219000296,0,0,0
219000297,0,0,0
219000298,0,0,0
219000299,234,40,194
219000300,0,0,0
219000301,0,0,0
219000302,0,0,0
219000307,0,0,0
219000308,7,48,-41
219000311,163,6,157
219000312,311,39,272
219000313,327,10,317
219000314,0,0,0
219000315,277,3,274
219000316,305,25,280
219000317,71,10,61
219000320,0,0,0
219000321,0,0,0
219000323,0,0,0
219000325,0,0,0
219000326,0,0,0
219000327,0,0,0
219000328,0,0,0
219000329,112,89,23
219000330,5,26,-21
219000331,25,2,23
219000332,92,57,35
219000333,39,1,38
219000335,52,1,51
219000337,7,0,7
219000338,38,0,38
219000344,0,0,0
219000345,0,0,0
219000346,0,0,0
219000348,0,0,0
219000349,0,0,0
219000350,0,0,0
219000351,0,0,0
219000352,30,118,-88
219000353,135,69,66
219000354,188,57,131
219000355,130,49,81
219000356,288,922,-634
219000363,143,27,116
219000364,231,13,218
219000365,130,8,122
219000366,224,307,-83
219000368,90,597,-507
219000370,298,711,-413
219000371,0,0,0
219000382,1,7,-6
219000383,0,0,0
219000385,0,0,0
219000386,0,0,0
219000387,0,1,-1
219000390,1,7,-6
219000391,1,9,-8
219000397,0,0,0
219000398,31,7,24
219000401,0,0,0
219000402,0,0,0
219000403,0,0,0
219000404,0,0,0
219000407,0,0,0
219000409,61,27,34
219000410,23,10,13
219000411,28,5,23
219000446,0,0,0
219000447,0,0,0
219000448,9,14,-5
219000452,56,23,33
219000453,0,0,0
219000454,121,330,-209
219000556,199,9,190
219000558,0,0,0
219000590,0,0,0
219000591,89,22,67
219000592,0,0,0
219000595,0,0,0
219000635,153,21,132
219000636,0,0,0
219000657,2,3,-1
219000658,0,0,0
219000673,0,0,0
219000676,20,1,19
219000679,7,0,7
219000684,83,0,83
219000685,0,0,0
219000686,0,0,0
219000688,0,0,0
219000689,0,0,0
219000690,151,7,144
219000691,28,0,28
219000692,47,6,41
219000693,0,0,0
219000694,4,0,4
219000695,62,2,60
219000698,2,0,2
219000699,0,0,0
219000727,0,0,0
219000728,58,0,58
219000770,12,2,10
219000771,0,0,0
219000788,0,0,0
219001150,0,23,-23
219001151,0,0,0
219001166,3,14,-11
219001167,0,0,0
219001178,43,0,43
220000001,0,8,-8
220000002,2,35,-33
220000003,0,0,0
220000004,0,0,0
220000005,0,0,0
220000006,0,0,0
220000007,0,0,0
220000008,0,0,0
220000009,11,95,-84
220000010,19,7,12
220000011,21,391,-370
220000012,3,62,-59
220000014,0,0,0
220000015,48,244,-196
220000017,49,60,-11
220000018,778,165,613
220000019,266,470,-204
220000020,83,81,2
220000021,261,83,178
220000022,422,82,340
220000023,103,58,45
220000024,226,239,-13
220000025,352,1081,-729
220000026,85,697,-612
220000027,16,128,-112
220000028,92,136,-44
220000029,0,0,0
220000030,0,0,0
220000031,157,246,-89
220000064,0,0,0
221000046,2,0,2
221000047,0,0,0
221000048,0,0,0
221000049,0,0,0
221000050,3,0,3
221000055,5,0,5
221000057,138,2,136
221000068,187,128,59
221000069,149,68,81
221000070,190,28,162
221000071,117,6,111
221000072,208,7,201
221000073,174,10,164
221000074,0,0,0
221000075,0,0,0
221000076,0,0,0
221000077,0,0,0
221000081,2,6,-4
221000082,49,1,48
221000083,11,6,5
221000084,3,1,2
221000085,10,0,10
221000086,0,0,0
221000087,0,0,0
221000088,0,0,0
221000089,0,0,0
221000090,0,0,0
221000098,89,4,85
221000099,130,2,128
221000100,101,5,96
221000101,88,4,84
221000102,89,8,81
221000109,0,0,0
221000110,0,0,0
221000111,0,0,0
221000112,0,0,0
221000113,0,0,0
221000114,0,0,0
221000120,33,31,2
221000121,1,20,-19
221000122,19,10,9
221000123,4,22,-18
221000124,16,34,-18
221000155,112,8,104
221000156,18,9,9
221000175,2,13,-11
221000176,0,15,-15
221000182,24,3,21
221000241,383,296,87
221000242,0,0,0
221000243,382,83,299
221000244,0,0,0
221000245,77,36,41
221000246,0,0,0
221000247,204,28,176
221000248,0,0,0
221000267,6,107,-101
221000325,32,43,-11
221000331,8,32,-24
221000338,7,37,-30
221000378,311,29,282
221000381,25,4,21
222000282,0,1,-1
222000296,0,5,-5
222000568,413,21,392
222000569,60,26,34
222000570,78,4,74
222000571,413,7,406
222000577,0,16,-16
222000578,0,41,-41
222000579,1,28,-27
222000580,7,232,-225
222000599,0,17,-17
222000600,0,30,-30
222000601,1,116,-115
222000603,8,6,2
222000604,2,12,-10
222000605,0,34,-34
222000606,0,6,-6
222000607,0,11,-11
222000608,1,2,-1
222000609,4,10,-6
222000616,262,4,258
222000617,2,3,-1
222000618,0,1,-1
222000620,0,0,0
222000621,7,11,-4
222000623,260,2,258
222000624,234,1,233
222000625,330,3,327
222000636,79,1,78
222000686,3,0,3
222000687,8,0,8
222001066,157,2,155
222001067,42,0,42
222001068,87,1,86
222001069,55,31,24
222001082,2,4,-2
222001083,5,21,-16
222001084,0,12,-12
222001085,0,43,-43
222001111,58,32,26
222001112,94,5,89
222001313,4,18,-14
222001314,0,21,-21
222001464,13,4,9
222001465,0,4,-4
222001484,75,15,60
222001485,7,0,7
222001494,489,29,460
222001495,16,11,5
222001496,329,24,305
222001497,24,80,-56
222001502,0,0,0
222001503,26,4,22
222001504,0,0,0
222001505,295,10,285
222001506,0,0,0
222001507,41,4,37
222001510,494,11,483
222001511,0,0,0
222001514,248,51,197
222001515,0,0,0
222001518,271,15,256
222001519,0,0,0
222001527,37,30,7
222001528,0,0,0
222001529,261,13,248
222001530,0,0,0
222001533,0,0,0
222001534,392,15,377
222001535,112,17,95
222001536,5,37,-32
222001537,138,7,131
222001538,0,0,0
222001563,682,5,677
222001564,0,0,0
222001568,88,8,80
222001576,0,22,-22
222001579,0,2,-2
222001583,0,20,-20
222001584,26,6,20
222001596,87,103,-16
222001597,630,71,559
222001626,0,20,-20
222001650,0,12,-12
222001651,46,43,3
222001914,67,49,18
222001915,0,0,0
222001968,269,33,236
222001969,30,68,-38
222001970,45,26,19
222001971,57,0,57
222001972,0,11,-11
225000001,262,71,191
225000002,487,61,426
225000003,534,17,517
225000004,339,53,286
225000005,25,23,2
225000006,0,0,0
225000007,0,0,0
225000010,76,4,72
225000011,78,925,-847
225000012,145,673,-528
225000013,117,69,48
225000014,426,47,379
225000015,2,3,-1
225000021,215,45,170
225000027,0,0,0
225000032,257,61,196
225000042,0,2,-2
225000049,0,0,0
225000050,53,0,53
225000053,0,0,0
225000058,324,66,258
225000067,0,0,0
225000068,0,0,0
225000069,0,0,0
225000070,0,0,0
225000071,0,0,0
225000075,0,0,0
225000076,0,0,0
225000078,17,22,-5
225000085,70,21,49
225000086,216,8,208
225000087,31,0,31
225000088,0,0,0
225000089,0,0,0
225000090,0,0,0
225000091,0,0,0
225000092,0,0,0
225000093,0,0,0
225000094,0,0,0
225000095,0,0,0
225000096,0,0,0
225000098,339,128,211
225000099,454,53,401
225000100,535,36,499
225000104,0,1,-1
225000110,0,0,0
225000111,0,0,0
225000112,2,1,1
225000113,1,1,0
225000114,0,8,-8
225000115,16,21,-5
225000116,230,71,159
225000117,521,329,192
225000118,772,185,587
225000119,39,5,34
225000120,230,8,222
225000121,111,7,104
225000123,970,6,964
225000125,234,58,176
225000126,567,145,422
225000127,509,1217,-708
225000128,297,897,-600
225000132,354,48,306
225000133,129,1,128
225000134,290,128,162
225000135,39,4,35
225000136,215,2,213
225000137,230,18,212
225000138,413,31,382
225000143,0,0,0
225000144,0,0,0
225000145,34,22,12
225000146,0,0,0
225000147,0,0,0
225000148,0,0,0
225000149,0,0,0
225000151,0,0,0
225000155,0,0,0
225000156,5,9,-4
225000157,2,4,-2
225000158,0,0,0
225000171,0,0,0
225000180,16,0,16
225000181,0,0,0
225000182,34,10,24
225000185,0,0,0
225000187,0,0,0
225000191,5,0,5
225000194,0,0,0
225000208,0,0,0
225000209,71,3,68
225000210,0,0,0
225000217,0,0,0
225000218,5,0,5
225000223,0,0,0
225000224,9,0,9
225000225,0,0,0
225000226,191,4,187
225000227,0,0,0
225000228,2,11,-9
225000229,0,0,0
225000230,5,0,5
225000231,0,0,0
225000232,44,0,44
225000241,71,0,71
225000242,0,0,0
225000249,29,0,29
225000250,0,0,0
225000251,405,17,388
225000254,0,0,0
225000256,0,0,0
225000257,0,0,0
226000042,0,0,0
226000043,0,0,0
226000044,0,0,0
226000045,0,0,0
226000046,430,15,415
226000047,181,18,163
226000048,276,14,262
226000049,183,71,112
226000070,0,0,0
226000071,0,0,0
226000072,0,0,0
226000073,0,0,0
226000074,0,0,0
226000084,0,0,0
226000085,0,0,0
226000086,0,0,0
226000087,0,0,0
226000088,0,0,0
226000090,14,11,3
226000091,5,32,-27
226000092,1,14,-13
226000093,0,0,0
226000094,0,0,0
226000095,2,17,-15
226000105,2,0,2
226000106,16,0,16
226000107,14,0,14
226000108,17,0,17
226000109,21,0,21
226000124,93,30,63
226000134,323,284,39
226000135,840,275,565
226000136,163,107,56
226000137,0,0,0
226000138,0,0,0
226000139,0,0,0
226000156,117,0,117
226000157,133,0,133
226000163,0,0,0
226000202,0,0,0
226000231,185,0,185
226000232,1,0,1
227000033,344,32,312
227000036,438,8,430
227000037,390,13,377
227000038,88,6,82
227000084,0,0,0
227000085,0,0,0
227000088,21,0,21
227000089,12,3,9
227000090,40,1,39
227000091,15,0,15
227000092,5,0,5
227000093,23,0,23
227000094,1,0,1
227000130,0,0,0
227000131,0,0,0
227000132,0,0,0
227000133,0,0,0
227000134,0,0,0
227000152,0,0,0
227000153,0,0,0
227000154,0,0,0
227000155,0,0,0
227000156,0,0,0
227000165,0,0,0
227000196,349,2,347
227000199,311,34,277
227000230,0,0,0
227000232,217,37,180
227000242,0,0,0
227000243,314,22,292
227000245,0,0,0
227000246,0,0,0
227000247,519,38,481
227000248,53,38,15
227000249,0,0,0
227000250,175,165,10
227000251,0,0,0
227000252,0,0,0
227000253,381,7,374
227000262,579,11,568
227000266,665,20,645
227000267,0,0,0
227000282,0,0,0
227000284,292,8,284
227000286,0,0,0
227000287,0,0,0
227000291,0,0,0
227000296,19,12,7
227000484,314,12,302
227000485,0,0,0
227000655,159,0,159
227000656,532,9,523
227000657,32,2,30
227000661,135,28,107
227000680,18,70,-52
229000265,8,4,4
229000296,0,5,-5
229000297,0,17,-17
229000298,1,23,-22
229000320,1,0,1
229000321,1,2,-1
229000412,0,4,-4
229000414,1,8,-7
229000415,2,1,1
229000416,4,0,4
229000417,0,0,0
229000419,24,49,-25
229000440,93,7,86
229000442,34,7,27
229000443,1,0,1
229000444,0,1,-1
229000445,26,1,25
229000446,18,2,16
229000491,0,0,0
229000492,0,0,0
229000493,0,0,0
229000494,33,0,33
229000495,121,0,121
229000496,171,2,169
229000507,0,0,0
229000508,0,0,0
229000509,0,0,0
229000510,0,0,0
229000511,0,0,0
229000512,0,0,0
229000513,0,0,0
229000514,0,0,0
229000517,0,0,0
229000518,0,0,0
229000519,0,0,0
229000520,0,0,0
229000521,65,8,57
229000522,49,1,48
229000523,3,0,3
229000524,10,1,9
229000527,0,2,-2
229000528,1,3,-2
229000529,44,1,43
229000530,169,6,163
229000531,39,29,10
229000532,25,2,23
229000533,73,2,71
229000534,27,3,24
229000564,123,3,120
229000565,68,0,68
229000566,0,0,0
229000567,0,0,0
229000582,49,5,44
229000583,16,1,15
229000584,0,0,0
229000585,0,0,0
229000718,0,0,0
229000719,0,0,0
229000720,0,0,0
229000721,0,0,0
229000722,0,0,0
229000723,0,0,0
229000724,0,0,0
229000725,0,0,0
229000738,1,0,1
229000739,0,0,0
229000740,1,0,1
229000741,42,0,42
229000742,6,0,6
229000743,37,0,37
229000744,0,0,0
229000745,0,0,0
229000746,1,0,1
229000847,54,0,54
229000848,66,0,66
229000849,84,0,84
229000851,136,0,136
229000854,0,0,0
229000856,0,0,0
229000857,0,0,0
229000858,0,0,0
229000919,0,0,0
229000930,0,0,0
229000937,100,1,99
229000966,43,15,28
229000981,0,0,0
229000985,0,0,0
229000986,0,0,0
229000987,0,1,-1
229000988,2,1,1
229000989,0,0,0
229000990,0,0,0
229000991,0,0,0
229000992,2,0,2
229000993,71,14,57
229000998,0,15,-15
229000999,29,1,28
229001034,0,2,-2
229001035,9,0,9
229001037,31,1,30
229001042,6,2,4
229001047,2,24,-22
229001050,39,1,38
229001168,0,0,0
229001200,29,0,29
229001338,1,0,1
229001394,117,0,117
229001422,183,7,176
229001423,0,0,0
229001431,36,16,20
229001432,0,0,0
229001444,103,0,103
229001445,15,9,6
229001479,44,0,44
229001503,155,17,138
229001504,0,0,0
229001505,65,7,58
229001506,0,0,0
229001509,6,0,6
229001545,20,3,17
229001546,0,0,0
229001553,38,2,36
229001554,0,0,0
229001559,0,1,-1
229001560,0,4,-4
229001630,55,0,55
229001631,0,24,-24
229001635,1,1,0
229001636,0,0,0
229001658,0,0,0
229001659,30,2,28
229001660,0,1,-1
229001661,0,17,-17
229001662,18,0,18
229001663,0,0,0
229002584,85,41,44
229002831,38,47,-9
229002841,0,7,-7
229002842,0,0,0
229002843,14,14,0
229002844,2,3,-1
229002845,0,10,-10
229002846,0,0,0
229002847,0,1,-1
229002848,9,23,-14
229002849,0,5,-5
229002850,0,0,0
229002851,2,24,-22
229002852,66,13,53
229002853,21,0,21
229002854,6,4,2
229002855,1,4,-3
229002856,1,1,0
229002857,2,2,0
229002858,6,0,6
229002859,1,0,1
229002860,2,2,0
229002861,17,12,5
229002862,4,6,-2
229002863,1,0,1
229002864,8,25,-17
229002865,12,2,10
229002866,29,0,29
229002867,0,1,-1
229002868,0,0,0
229002869,0,2,-2
229002870,7,1,6
235000066,52,0,52
235000067,47,5,42
235000072,0,0,0
235000073,0,0,0
235000074,0,0,0
235000080,0,0,0
235000081,0,0,0
235000082,67,0,67
235000083,73,7,66
235000084,30,7,23
235000085,138,11,127
235000089,22,7,15
235000092,0,0,0
235000093,0,0,0
235000097,1,0,1
235000098,35,3,32
235000099,2,2,0
235000116,4,1,3
235000117,49,2,47
235000133,0,0,0
235000134,0,0,0
235000206,2,1,1
235000207,0,0,0
235000208,0,1,-1
235000209,3,1,2
235000210,18,1,17
235000212,0,0,0
235000213,0,0,0
235000220,0,0,0
235000221,0,0,0
235000238,1,194,-193
235000239,1,27,-26
235000242,120,826,-706
235000245,0,0,0
235000246,0,0,0
235000284,0,1,-1
235000295,3,4,-1
235000305,123,7,116
235000306,179,5,174
235000307,2,0,2
235000308,10,0,10
235000309,51,0,51
235000310,33,0,33
235000311,2,0,2
235000322,0,0,0
235000323,0,0,0
235000324,0,0,0
235000325,0,0,0
235000326,0,0,0
235000351,0,0,0
235000352,1,0,1
235000353,0,0,0
235000354,0,0,0
235000355,0,0,0
235000356,7,0,7
235000357,12,1,11
235000358,6,0,6
235000359,1,1,0
235000360,1,0,1
235000361,36,2,34
235000381,0,0,0
235000382,65,2,63
235000390,13,0,13
235000391,162,2,160
235000392,183,28,155
235000393,154,52,102
235000395,112,4,108
235000396,352,15,337
235000400,23,2,21
235000401,0,0,0
235000405,0,0,0
235000406,0,0,0
235000407,0,0,0
235000409,0,0,0
235000410,0,0,0
235000411,0,0,0
235000485,0,0,0
235000486,1,0,1
235000549,53,40,13
235000550,0,0,0
235000599,0,0,0
235000600,0,0,0
235000601,5,1,4
235000602,40,7,33
235000614,0,0,0
235000648,0,0,0
235000649,24,1,23
235000685,0,0,0
235000815,0,0,0
235000834,0,0,0
235000855,47,16,31
235000862,0,0,0
235000891,0,0,0
235000892,2,0,2
235000901,0,0,0
235000907,0,0,0
235001010,37,7,30
235001029,0,0,0
235001030,210,11,199
235001078,97,30,67
235001079,0,0,0
235001147,13,8,5
235001166,6,3,3
235001167,0,0,0
235001169,0,0,0
235001188,0,0,0
235001189,1,4,-3
235001197,0,0,0
235001200,0,0,0
235001207,72,4,68
235001210,0,0,0
235001215,0,0,0
235001239,0,0,0
235001244,0,0,0
235016267,0,0,0
277101746,0,1,-1
277102712,0,0,0
277103813,0,0,0
277103898,0,0,0
277104249,0,0,0
277104250,0,10,-10
277104251,0,0,0
277104252,0,21,-21
990011530,0,0,0
990014944,0,26,-26
990015176,22,19,3
990015618,0,8,-8
990016032,0,0,0
990032570,0,27,-27
990070001,47,5,42
990070103,0,0,0
990070601,0,11,-11
990070751,902,1,901
990070766,0,0,0
990071180,723,0,723
990071343,8,1,7
990071387,0,0,0
990071823,109,17,92
990072600,0,34,-34
990072964,0,1,-1
990073285,0,0,0
990074393,0,119,-119
990074870,783,6,777
990075106,262,2,260
990075746,429,7,422
990076437,1535,4,1531
990076458,0,0,0
997000007,68,2,66
997000041,1,32,-31
997000058,45,0,45
997000062,93,1,92
997000069,0,0,0
997000070,0,0,0
997000100,78,0,78
997000141,0,0,0
997000198,0,0,0
998000475,0,0,0
998000736,0,11,-11
998000965,0,23,-23
998001031,0,2,-2
998001700,0,0,0
998001899,0,0,0
998001900,40,91,-51
998003073,487,23,464
998101900,0,8,-8
998102850,0,0,0
998501927,278,2,276
998501929,78,1,77
998501930,45,0,45
998501931,43,7,36
998501932,1,0,1
998501933,122,2,120
998501937,4,0,4
998501944,2,0,2
998501950,0,0,0
998501970,137,86,51
998501971,0,33,-33
998501973,0,1,-1
998501974,0,34,-34
998501975,97,1,96
998501976,60,0,60
998501977,0,7,-7
998501978,4,0,4
998501979,0,0,0
998501980,41,16,25
998501981,68,1,67
998501982,0,0,0
998502006,0,0,0
998502024,0,12,-12
998502032,0,1,-1
998502062,6,2,4
998502063,0,0,0
998502173,13,4,9
998502269,0,0,0
998601159,0,5,-5
998601292,0,0,0
999033574,0,2,-2
999800001,18,0,18
999800002,0,0,0
999800003,0,1,-1
999800004,0,4,-4
999800005,0,0,0
