ID,insum,outsum,diff
100000001,669,1157,-488
100000002,3020,2694,326
100000003,5919,5355,564
100000004,1320,1314,6
100000005,2467,5660,-3193
100000006,636,156,480
100000007,1873,801,1072
100000008,224,609,-385
100000009,483,304,179
100000010,73,114,-41
100000011,1014,132,882
100000012,86,786,-700
100000013,32,248,-216
100000014,306,378,-72
100000015,2031,2546,-515
100000016,910,1482,-572
100000017,530,908,-378
100000018,1358,676,682
100000019,3846,2051,1795
100000020,2209,6591,-4382
100000021,5217,2412,2805
100000022,1337,3046,-1709
100000023,4724,2208,2516
100000025,1038,1732,-694
100000028,1290,1512,-222
100000029,223,443,-220
100000030,179,74,105
100000031,4359,6927,-2568
100000032,1988,4033,-2045
100000033,1003,2864,-1861
100000034,353,745,-392
100000035,1195,1835,-640
100000036,1679,1525,154
100000037,748,469,279
100000038,2348,1034,1314
100000039,528,329,199
100000040,226,142,84
100000041,1622,564,1058
100000042,1374,515,859
100000043,980,447,533
100000044,350,893,-543
100000045,563,1314,-751
100000046,753,840,-87
100000047,295,533,-238
100000048,380,522,-142
100000049,1369,1382,-13
100000051,473,811,-338
100000053,254,15,239
100000054,590,37,553
100000055,1304,277,1027
100000056,662,453,209
100000057,2117,596,1521
100000058,960,1043,-83
100000059,21,137,-116
100000060,500,329,171
100000061,2843,546,2297
100000062,2282,611,1671
100000063,860,282,578
100000064,1359,301,1058
100000065,354,623,-269
100000066,185,516,-331
100000067,476,619,-143
100000068,520,1459,-939
100000069,346,1097,-751
100000072,229,1010,-781
100000073,1092,1098,-6
100000075,657,318,339
100000076,1846,3407,-1561
100000077,192,253,-61
100000078,36,57,-21
100000079,24,56,-32
100000080,34,64,-30
100000081,160,176,-16
100000102,2433,2799,-366
100000103,2159,1747,412
100000104,3753,2852,901
100000105,2277,2025,252
100000106,2446,2945,-499
100000107,530,1369,-839
100000108,617,997,-380
100000109,1877,1571,306
100000116,1203,1174,29
100000117,99,151,-52
100000118,1032,1578,-546
100000119,599,829,-230
100000121,290,428,-138
100000122,848,1279,-431
100000123,2454,4579,-2125
100000124,3827,7014,-3187
100000125,3711,2030,1681
100000126,712,465,247
100000127,1392,404,988
100000128,1141,2743,-1602
100000129,542,536,6
100000130,472,432,40
100000131,1970,2795,-825
100000132,1249,3460,-2211
100000133,3910,2337,1573
100000135,646,1304,-658
100000139,362,413,-51
100000140,345,417,-72
100000142,552,552,0
100000143,908,417,491
100000144,2908,750,2158
100000147,1300,3513,-2213
100000150,59,378,-319
100000151,1186,1486,-300
100000153,247,476,-229
100000154,52,362,-310
100000155,24,55,-31
100000156,419,444,-25
100000157,140,157,-17
100000158,295,131,164
100000159,161,764,-603
100000165,1301,884,417
100000169,236,830,-594
100000174,659,908,-249
100000179,75,687,-612
100000180,1260,2380,-1120
100000181,721,270,451
100000188,77,236,-159
100000189,1003,461,542
100000190,710,1119,-409
100000191,724,713,11
100000192,78,106,-28
100000193,304,195,109
100000330,1167,1063,104
100000355,210,746,-536
100000362,3798,2500,1298
100000363,5091,5047,44
100000364,193,333,-140
100000365,6133,7886,-1753
100000366,5068,3452,1616
100000367,5657,7699,-2042
100000368,2013,1272,741
100000369,1102,2361,-1259
100000370,249,916,-667
100000376,62,208,-146
100000379,1980,2018,-38
100000380,4149,5566,-1417
100000384,5564,6290,-726
100000385,3718,5292,-1574
100000386,6653,6018,635
100000387,4577,6567,-1990
100000388,6776,7867,-1091
100000389,7886,8174,-288
100000390,9143,7785,1358
100000391,6449,11438,-4989
100000392,2903,4508,-1605
100000393,2757,5953,-3196
100000394,6995,9663,-2668
100000395,5555,4756,799
100000396,6462,3906,2556
100000397,4517,7382,-2865
100000398,9659,8036,1623
100900002,4,27,-23
100900003,450,212,238
100900004,19,849,-830
100900005,127,32,95
100900006,27,63,-36
100900007,378,17,361
100900008,0,365,-365
100900009,80,122,-42
100900010,95,76,19
100900011,159,148,11
100900012,0,170,-170
100900013,893,12,881
100900014,5,18,-13
100900015,128,102,26
100900016,3,15,-12
100900017,993,100,893
100900018,2,12,-10
100900019,40,100,-60
100900020,316,11,305
100900021,480,0,480
100900022,19,37,-18
100900023,0,45,-45
100900024,633,9,624
100900025,16,17,-1
100900026,121,92,29
100900027,595,2770,-2175
100900028,113,242,-129
100900029,42,7,35
100900030,1,119,-118
100900031,638,85,553
100900032,311,0,311
100900033,275,250,25
100900034,607,3,604
100900035,458,2,456
100900036,21,0,21
100900037,136,178,-42
100900038,77,39,38
100900039,235,429,-194
100900040,502,503,-1
100900041,1084,477,607
100900042,1180,1719,-539
100900043,0,22,-22
100900044,1674,659,1015
100900045,2,2,0
100900046,1210,17,1193
100900047,624,284,340
100900048,190,64,126
100900049,103,154,-51
100900050,1,13,-12
100900051,119,102,17
100900052,401,52,349
100900053,461,22,439
100900054,6,44,-38
100900055,283,818,-535
100900056,118,183,-65
100900057,1774,995,779
100900058,311,72,239
100900059,105,1,104
100900060,224,8,216
100900061,328,185,143
100900062,6,28,-22
100900063,265,644,-379
100900064,756,22,734
100900065,100,143,-43
100900066,128,113,15
100900067,22,15,7
100900068,144,113,31
100900069,290,7,283
100900070,478,10,468
100900071,721,232,489
100900072,2,18,-16
100900073,188,349,-161
100900074,1,6,-5
100900075,1674,398,1276
100900076,14,34,-20
100900077,22,70,-48
100900078,105,331,-226
100900079,13,20,-7
100900080,67,144,-77
100900081,28,154,-126
100900082,200,352,-152
100900083,9,25,-16
100900085,17,376,-359
100900086,158,483,-325
100900088,148,393,-245
100900089,4,13,-9
100900090,138,579,-441
100900091,3,15,-12
100900092,261,147,114
100900093,315,270,45
100900094,185,368,-183
100900095,2,21,-19
100900096,62,116,-54
100900097,3,5,-2
100900098,19,11,8
100900099,35,525,-490
100900100,15,649,-634
100900101,316,77,239
100900102,228,162,66
100900103,12,6,6
100900104,5,235,-230
100900105,42,562,-520
100900106,46,9,37
100900107,1881,815,1066
100900108,7,60,-53
100900109,13,31,-18
100900110,1,13,-12
100900111,41,176,-135
100900112,7,18,-11
100900113,17,26,-9
100900114,11,14,-3
100900115,12,40,-28
100900116,926,627,299
100900117,372,974,-602
100900118,222,186,36
100900119,28,9,19
100900120,8,8,0
100900121,372,535,-163
100900122,140,159,-19
100900123,196,204,-8
100900124,23,12,11
100900125,15,98,-83
100900126,219,399,-180
100900127,8,8,0
100900128,73,150,-77
100900129,1,136,-135
100900131,85,263,-178
100900133,59,78,-19
100900134,2,3,-1
100900135,2,213,-211
100900137,388,195,193
100900138,558,564,-6
100900139,5,2,3
100900140,6,493,-487
100900141,3,626,-623
100900142,4,18,-14
100900143,621,529,92
100900144,16,15,1
100900145,209,272,-63
100900146,9,68,-59
100900147,13,750,-737
100900148,43,416,-373
100900149,32,406,-374
100900150,3,37,-34
100900151,156,451,-295
100900152,211,6,205
100900153,8,256,-248
100900154,5,82,-77
100900155,18,17,1
100900156,43,12,31
100900157,13,206,-193
100900158,568,146,422
100900159,0,38,-38
100900160,42,6,36
100900161,56,15,41
100900162,26,473,-447
100900163,132,150,-18
100900164,60,63,-3
100900165,17,22,-5
100900166,28,2,26
100900167,16,100,-84
100900168,55,141,-86
100900169,111,828,-717
100900170,21,6,15
100900171,28,475,-447
100900172,0,29,-29
100900173,8,265,-257
100900174,383,59,324
100900176,1772,250,1522
100900177,615,311,304
100900178,253,106,147
100900179,257,429,-172
100900180,17,5,12
100900181,139,121,18
100900182,78,76,2
100900184,24,119,-95
100900186,616,426,190
100900187,17,81,-64
100900188,37,9,28
100900189,1546,236,1310
100900191,885,1187,-302
100900192,226,407,-181
100900195,116,154,-38
100900197,13,48,-35
100900198,57,149,-92
100900199,6,10,-4
100900200,686,412,274
100900201,88,653,-565
100900202,76,0,76
100900203,1,150,-149
100900204,285,914,-629
100900205,158,601,-443
100900206,208,84,124
100900207,338,180,158
100900210,86,398,-312
100900211,620,163,457
100900213,182,55,127
100900214,731,85,646
100900215,29,56,-27
101000001,3358,2176,1182
101000002,6087,6458,-371
101000003,485,1296,-811
101000004,7639,6329,1310
101000005,4821,5173,-352
101000006,6752,7108,-356
101000007,3803,4714,-911
101000008,2449,2331,118
101000009,2044,1153,891
101000010,881,875,6
101000011,1234,450,784
101000012,1178,781,397
101000013,690,1151,-461
101000014,391,588,-197
101000015,1430,916,514
101000016,350,569,-219
101000017,528,514,14
101000018,2013,2378,-365
101000020,1936,1178,758
101000021,771,394,377
101000022,316,203,113
101000023,1085,633,452
101000025,271,440,-169
101000026,204,57,147
101000027,2363,2863,-500
101000028,40,58,-18
101000029,242,2018,-1776
101000030,1991,199,1792
101000031,1098,1396,-298
101000032,7645,4832,2813
101000033,1965,3901,-1936
101000034,1813,1879,-66
101000035,930,443,487
101000036,1422,906,516
101000037,2077,1803,274
101000039,2011,3301,-1290
101000040,2827,4104,-1277
101000041,8268,9428,-1160
101000042,492,1384,-892
101000043,6567,10075,-3508
101000045,1539,1143,396
101000046,3761,2132,1629
101000047,2338,5007,-2669
101000048,797,629,168
101000049,664,2198,-1534
101000050,2241,3056,-815
101000051,1751,3177,-1426
101000052,1368,1275,93
101000053,1139,1481,-342
101000054,2143,1210,933
101000055,1369,1423,-54
101000056,36,102,-66
101000057,1660,1308,352
101000058,1048,1402,-354
101000059,1807,2148,-341
101000060,1659,773,886
101000061,831,1284,-453
101000062,701,813,-112
101000063,438,991,-553
101000064,792,1021,-229
101000065,367,530,-163
101000066,940,916,24
101000067,1024,1034,-10
101000068,286,594,-308
101000069,260,73,187
101000070,848,1067,-219
101000071,1928,918,1010
101000072,834,3597,-2763
101000073,756,1233,-477
101000074,5153,4983,170
101000075,4192,6187,-1995
101000077,1666,1461,205
101000078,888,1704,-816
101000079,672,423,249
101000080,533,687,-154
101000081,1910,1651,259
101000082,2877,2589,288
101000083,2726,2092,634
101000084,1289,687,602
101000085,1482,1159,323
101000086,1005,1063,-58
101000087,866,942,-76
101000088,1478,1161,317
101000089,1188,1505,-317
101000090,1924,1133,791
101000091,480,692,-212
101000092,1220,845,375
101000093,1436,739,697
101000094,1029,931,98
101000095,510,574,-64
101000096,426,470,-44
101000097,570,492,78
101000098,377,525,-148
101000099,942,1074,-132
101000100,930,1032,-102
101000101,334,464,-130
101000102,783,500,283
101000103,788,588,200
101000104,369,663,-294
101000105,247,426,-179
101000106,691,904,-213
101000107,267,325,-58
101000108,621,235,386
101000109,426,93,333
101000110,44,308,-264
101000111,76,161,-85
101000113,211,765,-554
101000114,8671,8740,-69
101000115,107,116,-9
101000116,111,118,-7
101000117,1368,217,1151
101000119,72,95,-23
101000120,160,61,99
101000121,66,79,-13
101000122,122,138,-16
101000123,38,129,-91
101000124,514,268,246
101000125,182,429,-247
101000128,497,707,-210
101000130,200,333,-133
101000131,877,445,432
101000132,780,817,-37
101000135,35,45,-10
101000136,377,193,184
101000137,36,393,-357
101000141,1111,3430,-2319
101000147,590,344,246
101000148,857,52,805
101000149,96,209,-113
101000150,83,469,-386
101000151,339,49,290
101000152,297,324,-27
101000153,453,222,231
101000154,303,766,-463
101000155,436,190,246
101000156,11,294,-283
101000157,64,44,20
101000160,38,58,-20
101000163,231,361,-130
101000164,346,240,106
101000165,239,376,-137
101000166,281,336,-55
101000168,894,431,463
101000252,2226,929,1297
101000254,339,160,179
101000258,20,15,5
101000261,111,49,62
101000262,1357,3015,-1658
101000263,577,1512,-935
101000265,78,789,-711
101000266,332,313,19
101000269,39,29,10
101000290,1079,2516,-1437
101000293,27,43,-16
101000294,802,477,325
101000295,175,390,-215
101000301,520,600,-80
101000304,1992,2654,-662
101000305,2717,1310,1407
101900001,12,40,-28
101900002,0,5,-5
101900003,36,80,-44
101900004,7,74,-67
101900005,2649,2868,-219
101900006,1291,79,1212
101900007,863,237,626
101900008,68,311,-243
101900009,88,400,-312
101900010,772,779,-7
101900011,249,1097,-848
101900012,348,268,80
101900013,837,222,615
101900017,8,132,-124
101900018,645,210,435
101900019,182,124,58
101900020,444,137,307
101900021,3,66,-63
101900022,189,870,-681
101900023,152,193,-41
102000001,2551,4841,-2290
102000002,2424,986,1438
102000003,3176,7911,-4735
102000004,5636,3119,2517
102000005,1331,2432,-1101
102000006,1052,1942,-890
102000007,1953,4764,-2811
102000008,3769,1492,2277
102000009,6991,8213,-1222
102000010,5054,3044,2010
102000011,3507,3300,207
102000012,3021,2784,237
102000018,2810,2758,52
102000019,1953,1605,348
102000026,188,485,-297
102000029,243,203,40
102000030,103,389,-286
102000031,97,142,-45
102000032,510,270,240
102000033,240,319,-79
102000034,590,520,70
102000035,1051,749,302
102000036,14,246,-232
102000037,148,54,94
102000038,192,365,-173
102000039,224,96,128
102000040,394,304,90
102000041,195,423,-228
102000042,225,363,-138
102000043,251,231,20
102000044,298,424,-126
102000045,846,743,103
102000046,1214,673,541
102000047,833,813,20
102000048,473,706,-233
102000049,1034,825,209
102000050,1152,1184,-32
102000051,512,660,-148
102000052,1219,829,390
102000053,934,919,15
102000054,624,1079,-455
102000055,1328,496,832
102000056,1117,913,204
102000057,1562,589,973
102000058,1232,1300,-68
102000059,1341,1393,-52
102000060,1221,1040,181
102000061,1819,1654,165
102000062,2112,1005,1107
102000063,1039,1327,-288
102000064,459,610,-151
102000065,47,124,-77
102000066,741,1057,-316
102000067,2087,2878,-791
102000068,8341,2743,5598
102000069,104,1959,-1855
102000070,1215,36,1179
102000071,5746,7603,-1857
102000072,2981,4094,-1113
102000073,1346,1101,245
102000074,722,1363,-641
102000075,172,350,-178
102000076,215,392,-177
102000077,693,594,99
102000078,898,659,239
102000079,183,238,-55
102000080,272,213,59
102000081,328,667,-339
102000082,695,319,376
102000083,951,202,749
102000084,346,229,117
102000085,1924,811,1113
102000086,1295,942,353
102000087,964,1418,-454
102000088,313,311,2
102000089,1290,416,874
102000090,564,1207,-643
102000091,1374,697,677
102000092,330,706,-376
102000093,475,666,-191
102000094,937,729,208
102000095,915,1255,-340
102000096,828,964,-136
102000097,890,896,-6
102000098,506,845,-339
102000099,825,815,10
102000100,475,1277,-802
102000101,853,776,77
102000102,291,1265,-974
102000103,1410,435,975
102000104,480,321,159
102000105,297,412,-115
102000106,917,430,487
102000107,1552,455,1097
102000108,566,166,400
102000109,579,480,99
102000110,1254,832,422
102000111,16,215,-199
102000112,157,92,65
102000113,15,30,-15
102000114,545,365,180
102000115,230,312,-82
102000116,664,630,34
102000117,183,903,-720
102000118,1126,1293,-167
102000119,1180,1075,105
102000120,211,399,-188
102000121,1239,572,667
102000122,854,900,-46
102000123,1286,1274,12
102000124,1451,1084,367
102000125,954,979,-25
102000126,827,697,130
102000127,1283,749,534
102000128,830,942,-112
102000129,1430,704,726
102000130,744,815,-71
102000131,2393,997,1396
102000132,1091,1317,-226
102000133,2164,1431,733
102000134,751,789,-38
102000135,614,870,-256
102000136,1114,674,440
102000137,876,985,-109
102000138,293,519,-226
102000139,116,591,-475
102000140,223,470,-247
102000141,271,612,-341
102000142,396,350,46
102000143,183,300,-117
102000144,351,298,53
102000145,383,417,-34
102000146,448,354,94
102000147,699,434,265
102000148,198,450,-252
102000149,180,337,-157
102000150,525,128,397
102000151,112,204,-92
102000152,221,139,82
102000153,1126,489,637
102000154,193,484,-291
102000155,85,275,-190
102000156,311,148,163
102000157,90,367,-277
102000158,274,281,-7
102000159,889,538,351
102000161,3273,2370,903
102000162,203,134,69
102000163,105,662,-557
102000164,894,1172,-278
102000165,220,129,91
102000166,69,191,-122
102000167,264,205,59
102000168,331,127,204
102000169,130,496,-366
102000170,464,331,133
102000171,264,435,-171
102000172,273,642,-369
102000173,417,354,63
102000174,89,65,24
102000175,148,95,53
102000176,106,39,67
102000178,252,430,-178
102000179,363,290,73
102000180,1141,412,729
102000181,957,468,489
102000182,691,473,218
102000183,1870,1293,577
102000184,2146,609,1537
102000185,2939,977,1962
102000186,1368,1375,-7
102000187,861,1093,-232
102000188,1024,1197,-173
102000189,1975,678,1297
102000190,629,2712,-2083
102000191,1178,445,733
102000192,1298,1490,-192
102000193,69,99,-30
102000194,59,100,-41
102000195,425,462,-37
102000196,303,324,-21
102000197,786,287,499
102000198,231,598,-367
102000199,1030,248,782
102000200,340,824,-484
102000201,1183,361,822
102000202,5,98,-93
102000203,471,171,300
102000204,552,562,-10
102000205,1213,384,829
102000206,790,592,198
102000207,692,455,237
102000208,402,466,-64
102000209,65,56,9
102000210,386,315,71
102000211,516,284,232
102000212,358,5,353
102000213,11,217,-206
102000214,352,12,340
102000215,7,265,-258
102000216,70,76,-6
102000217,8,83,-75
102000218,272,153,119
102000219,279,235,44
102000225,404,716,-312
102000226,3253,1565,1688
102000227,179,0,179
102000228,0,69,-69
102000229,39,48,-9
102000230,223,324,-101
102000231,269,391,-122
102000232,27,141,-114
102000233,442,634,-192
102000234,136,1004,-868
102000236,289,75,214
102000237,422,130,292
102000238,177,276,-99
102000240,391,669,-278
102000241,190,153,37
102000243,20,47,-27
102000245,18,99,-81
102000246,4,35,-31
102000247,213,484,-271
102000248,276,553,-277
102000249,120,152,-32
102000250,96,286,-190
102000254,127,228,-101
102000266,26,330,-304
102000271,18,0,18
102000286,446,368,78
102000297,1798,979,819
102000299,0,0,0
102000302,0,0,0
102000305,0,1,-1
102000306,0,0,0
102000307,0,0,0
102000308,0,2,-2
102900001,1324,674,650
102900002,444,34,410
102900003,78,146,-68
102900005,447,274,173
102900006,598,149,449
102900007,593,10,583
102900008,234,46,188
102900009,500,393,107
102900010,309,733,-424
102900011,1315,369,946
102900012,450,72,378
102900013,33,53,-20
102900015,642,654,-12
102900016,60,90,-30
102900017,227,454,-227
102900018,39,91,-52
102900019,407,484,-77
102900020,173,47,126
102900021,30,89,-59
102900022,464,182,282
102900023,23,32,-9
102900024,48,57,-9
102900025,191,82,109
102900026,398,1953,-1555
102900027,80,73,7
102900028,201,783,-582
102900029,202,182,20
102900030,377,291,86
102900031,198,146,52
102900032,117,112,5
102900033,176,152,24
102900034,592,73,519
102900035,149,331,-182
102900036,314,321,-7
102900037,280,402,-122
102900038,382,373,9
102900039,15,512,-497
102900040,188,284,-96
102900041,93,147,-54
102900042,224,242,-18
102900043,180,192,-12
102900044,484,1425,-941
102900045,166,363,-197
102900046,192,200,-8
102900047,131,550,-419
102900048,539,381,158
102900049,123,335,-212
102900050,205,282,-77
102900051,229,146,83
102900052,52,60,-8
102900053,351,574,-223
102900054,517,1170,-653
102900055,149,209,-60
102900056,124,326,-202
102900057,6,67,-61
102900058,301,92,209
102900059,22,48,-26
102900060,141,308,-167
102900061,218,300,-82
102900062,307,648,-341
102900063,1277,328,949
102900064,163,441,-278
102900065,1202,411,791
102900066,347,39,308
102900068,122,71,51
102900070,254,522,-268
102900072,13,54,-41
102900073,102,10,92
102900074,248,274,-26
102900075,22,60,-38
102900076,128,138,-10
102900077,33,40,-7
102900078,40,48,-8
102900079,179,6,173
102900080,450,30,420
102900081,101,258,-157
102900082,12,221,-209
102900083,168,15,153
102900084,13,39,-26
102900085,383,109,274
102900086,30,48,-18
102900087,121,108,13
102900088,65,36,29
102900089,225,101,124
102900090,3,266,-263
102900091,174,5,169
102900092,465,583,-118
102900093,250,254,-4
102900094,8,106,-98
102900095,175,1,174
102900096,69,18,51
102900097,26,129,-103
103000001,2441,2237,204
103000002,1889,2203,-314
103000003,3285,2780,505
103000004,794,584,210
103000005,1688,2563,-875
103000006,725,1199,-474
103000007,329,588,-259
103000008,1021,639,382
103000009,1318,1142,176
103000010,137,92,45
103000011,1375,1169,206
103000012,1598,1379,219
103000013,3403,1945,1458
103000014,1591,2846,-1255
103000015,1476,602,874
103000016,414,1335,-921
103000017,214,365,-151
103000018,729,269,460
103000019,364,317,47
103000020,1994,1316,678
103000021,1811,1750,61
103000022,766,1003,-237
103000023,675,1796,-1121
103000024,91,128,-37
103000025,94,698,-604
103000026,748,130,618
103000027,216,657,-441
103000028,293,353,-60
103000029,209,253,-44
103000030,1239,1020,219
103000031,1089,2059,-970
103000032,2166,1574,592
103000033,3051,2687,364
103000034,1536,1151,385
103000035,522,1445,-923
103000036,386,504,-118
103000037,495,558,-63
103000038,648,1090,-442
103000039,500,298,202
103000040,448,721,-273
103000041,1525,1797,-272
103000042,1337,414,923
103000043,669,683,-14
103000044,316,161,155
103000046,427,404,23
103000047,601,502,99
103000048,188,191,-3
103000049,137,111,26
103000050,696,427,269
103000051,580,463,117
103000052,756,296,460
103000053,197,577,-380
103000054,2766,1199,1567
103000055,1855,1942,-87
103000056,885,1104,-219
103000057,968,235,733
103000058,701,750,-49
103000059,570,684,-114
103000060,752,502,250
103000061,451,850,-399
103000062,1230,417,813
103000063,961,922,39
103000064,145,176,-31
103000065,3,290,-287
103000066,290,15,275
103000069,460,293,167
103000070,941,655,286
103000071,1316,543,773
103000072,154,605,-451
103000073,800,122,678
103000074,862,126,736
103000075,113,584,-471
103000076,400,438,-38
103000077,41,288,-247
103000078,803,745,58
103000079,673,536,137
103000080,874,407,467
103000081,433,923,-490
103000082,541,193,348
103000083,120,223,-103
103000084,100,10,90
103000085,1,72,-71
103000086,634,382,252
103000087,186,477,-291
103000088,201,260,-59
103000089,253,457,-204
103000090,2222,773,1449
103000091,644,396,248
103000092,320,259,61
103000093,235,317,-82
103000094,228,117,111
103000095,83,294,-211
103000096,656,108,548
103000097,83,579,-496
103000098,688,199,489
103000099,228,619,-391
103000100,153,636,-483
103000101,1023,133,890
103000102,155,401,-246
103000103,714,140,574
103000104,67,68,-1
103000105,184,56,128
103000106,13,99,-86
103000107,208,47,161
103000108,760,500,260
103000109,377,366,11
103000110,483,413,70
103000111,422,358,64
103000112,378,145,233
103000113,451,495,-44
103000114,1206,423,783
103000115,748,366,382
103000116,671,369,302
103000117,374,399,-25
103000118,548,537,11
103000119,1030,447,583
103000120,52,119,-67
103000121,130,371,-241
103000122,388,409,-21
103000125,40,208,-168
103000126,699,5,694
103000127,1,147,-146
103000128,173,0,173
103000129,1,95,-94
103000130,74,35,39
103000131,141,111,30
103000132,74,127,-53
103000133,16,126,-110
103000134,369,950,-581
103000135,567,208,359
103000136,631,401,230
103000137,390,492,-102
103000138,678,617,61
103000139,3,42,-39
103000140,90,47,43
103000141,61,137,-76
103000142,128,92,36
103000143,44,160,-116
103000144,242,54,188
103000145,53,180,-127
103000150,89,50,39
103000152,185,203,-18
103000153,210,145,65
103000156,11,244,-233
103000157,425,2,423
103000159,158,72,86
103000162,49,8,41
103000163,10,36,-26
103000164,6,7,-1
103000165,112,198,-86
103000166,248,258,-10
103000167,187,85,102
103000168,137,159,-22
103000169,172,385,-213
103000170,995,384,611
103000171,32,134,-102
103000172,841,698,143
103000173,738,344,394
103000174,229,264,-35
103000175,387,203,184
103000176,921,566,355
103000177,472,371,101
103000178,216,322,-106
103000179,167,22,145
103000183,164,20,144
103000185,148,34,114
103000186,191,135,56
103000187,739,301,438
103000188,17,93,-76
103000189,728,561,167
103000191,582,535,47
103000292,1169,1716,-547
103000293,911,2786,-1875
103000295,89,110,-21
103000296,171,3,168
103000297,44,95,-51
103000504,71,16,55
103000505,6,27,-21
103000506,3,151,-148
103000507,262,1,261
103000508,64,105,-41
103000509,223,436,-213
103900001,0,179,-179
103900002,984,198,786
103900003,1284,193,1091
103900004,165,1,164
103900005,1,178,-177
103900006,2,1,1
103900007,34,8,26
103900008,15,2,13
103900009,280,428,-148
103900010,170,313,-143
103900011,417,178,239
103900012,23,17,6
103900013,83,63,20
103900014,74,11,63
103900015,79,11,68
103900016,286,171,115
103900017,42,83,-41
103900018,482,184,298
103900019,79,331,-252
103900020,201,546,-345
103900021,444,37,407
103900022,995,491,504
103900023,204,2,202
103900024,105,496,-391
103900025,18,62,-44
103900026,40,0,40
103900027,724,220,504
103900028,41,284,-243
103900029,1013,99,914
103900030,292,100,192
103900031,37,1,36
103900032,97,54,43
103900033,108,23,85
103900034,39,84,-45
103900035,82,48,34
103900036,29,26,3
103900037,98,96,2
103900038,119,183,-64
103900039,107,229,-122
103900040,13,134,-121
103900041,63,79,-16
103900042,121,224,-103
103900043,201,40,161
103900044,93,247,-154
103900045,354,171,183
103900047,82,34,48
103900048,45,65,-20
103900049,187,1140,-953
103900050,15,130,-115
103900051,2,57,-55
103900052,232,297,-65
103900053,167,450,-283
103900054,145,262,-117
103900055,431,219,212
103900056,43,30,13
103900057,44,139,-95
103900058,360,452,-92
103900059,0,22,-22
103900060,58,133,-75
103900061,176,20,156
103900062,389,96,293
103900063,2,0,2
103900064,110,1,109
103900065,703,430,273
103900066,160,35,125
103900067,207,19,188
103900068,16,0,16
103900069,90,20,70
103900070,202,212,-10
103900071,22,86,-64
103900072,29,189,-160
103900073,20,23,-3
103900074,85,42,43
103900075,143,39,104
103900076,567,507,60
103900077,64,112,-48
103900078,413,102,311
103900079,179,238,-59
103900080,14,36,-22
103900081,60,21,39
103900082,15,116,-101
103900083,1038,1137,-99
103900084,93,185,-92
103900085,110,158,-48
103900086,875,451,424
103900087,32,70,-38
103900088,365,529,-164
103900089,59,148,-89
103900090,2,106,-104
103900091,988,249,739
103900092,609,493,116
103900093,68,254,-186
103900094,7,78,-71
103900095,333,232,101
103900096,45,119,-74
103900097,21,355,-334
103900098,252,123,129
103900099,119,104,15
103900100,292,284,8
103900101,76,895,-819
103900102,0,21,-21
103900104,2,25,-23
103900105,80,171,-91
103900106,1,71,-70
103900107,162,143,19
103900108,43,185,-142
103900109,141,59,82
103900110,334,57,277
103900111,116,443,-327
103900112,96,235,-139
103900113,129,283,-154
103900114,415,244,171
103900115,283,186,97
103900116,3818,2866,952
103900117,104,66,38
103900119,45,73,-28
103900120,46,85,-39
103900122,121,165,-44
103900123,854,601,253
103900124,27,18,9
103900125,71,40,31
103900126,700,266,434
103900127,156,365,-209
103900128,140,103,37
103900131,24,76,-52
103900133,1001,48,953
103900134,1,9,-8
103900135,3,4,-1
103900137,2,32,-30
103900138,87,183,-96
103900139,229,2232,-2003
103900140,3,154,-151
103900141,252,53,199
103900142,178,103,75
103900143,66,5,61
103900144,0,22,-22
103900145,196,232,-36
103900146,374,196,178
103900147,378,128,250
103900148,260,186,74
103900149,414,495,-81
103900150,5369,4405,964
103900151,41,160,-119
103900152,646,356,290
103900153,7,4,3
103900154,564,1569,-1005
103900155,45,157,-112
103900156,53,122,-69
103900157,60,110,-50
103900158,90,117,-27
103900159,249,47,202
103900160,52,46,6
103900161,135,143,-8
103900162,48,156,-108
103900163,10,423,-413
103900164,275,36,239
103900167,25,105,-80
103900168,126,93,33
103900169,57,37,20
103900170,1,76,-75
103900171,0,33,-33
103900172,4,21,-17
103900173,18,16,2
103900174,279,52,227
103900175,47,62,-15
103900176,8,27,-19
103900177,8,64,-56
103900178,43,31,12
103900179,51,70,-19
103900180,23,67,-44
103900181,45,39,6
103900182,22,15,7
103900184,324,77,247
103900185,113,481,-368
103900187,14,89,-75
103900188,57,31,26
103900189,119,20,99
103900190,79,40,39
103900191,27,77,-50
103900192,19,71,-52
103900193,122,168,-46
103900194,96,184,-88
103900195,1,92,-91
103900196,76,47,29
103900197,22,33,-11
103900198,15,42,-27
103900199,144,33,111
103900200,157,90,67
103900201,113,180,-67
103900202,15,70,-55
103900203,36,28,8
103900204,1,70,-69
103900207,0,77,-77
103900208,123,2,121
103900209,6,124,-118
103900210,31,23,8
103900211,720,284,436
103900212,122,292,-170
103900213,40,195,-155
103900214,226,183,43
103900215,247,255,-8
103900216,20,544,-524
103900217,385,41,344
103900218,0,245,-245
103900219,171,202,-31
103900233,88,6,82
103900235,27,26,1
103900236,16,4,12
103900242,4,4,0
103900243,4,5,-1
103900244,138,128,10
103900245,109,132,-23
103900246,52,30,22
103900247,16,66,-50
103900248,7,71,-64
103900249,24,60,-36
103900250,27,20,7
103900251,0,27,-27
103900253,9,90,-81
103900254,3,29,-26
103900255,5,9,-4
103900256,12,22,-10
103900257,11,111,-100
103900258,23,4,19
103900259,58,4,54
103900261,8,3,5
103900262,12,2,10
103900263,19,28,-9
103900264,34,20,14
103900265,28,5,23
103900266,1,89,-88
103900267,6,45,-39
104000001,2435,1988,447
104000002,1849,1987,-138
104000003,2371,1869,502
104000004,2422,2234,188
104000005,1716,1731,-15
104000006,3334,2402,932
104000007,4094,3536,558
104000008,160,195,-35
104000009,231,88,143
104000010,169,322,-153
104000011,367,225,142
104000012,119,220,-101
104000013,332,225,107
104000014,177,479,-302
104000015,374,139,235
104000016,529,268,261
104000018,943,134,809
104000019,664,226,438
104000020,116,385,-269
104000021,203,329,-126
104000022,111,225,-114
104000023,853,306,547
104000024,218,229,-11
104000026,32,275,-243
104000027,290,167,123
104000028,362,234,128
104000029,376,280,96
104000030,294,233,61
104000031,1433,320,1113
104000032,246,233,13
104000033,753,475,278
104000034,357,225,132
104000035,902,324,578
104000036,854,415,439
104000037,295,190,105
104000038,503,300,203
104000039,232,196,36
104000040,214,289,-75
104000041,673,287,386
104000042,195,259,-64
104000043,228,278,-50
104000044,271,417,-146
104000045,826,627,199
104000046,847,1043,-196
104000047,711,866,-155
104000048,1044,1001,43
104000049,467,305,162
104000050,189,658,-469
104000051,117,456,-339
104000052,1476,1633,-157
104000053,765,378,387
104000054,535,310,225
104000055,3368,2109,1259
104000056,1009,232,777
104000057,186,315,-129
104000058,801,615,186
104000059,535,864,-329
104000060,1014,1151,-137
104000061,1239,893,346
104000062,413,109,304
104000064,489,304,185
104000065,209,733,-524
104000069,758,1128,-370
104000070,78,506,-428
104000071,113,377,-264
104000072,617,177,440
104000075,110,272,-162
104000076,544,118,426
104000082,2370,3661,-1291
104000083,763,222,541
104000084,100,479,-379
104000085,268,311,-43
104000086,184,377,-193
104000087,372,2184,-1812
104000090,796,846,-50
104000092,1447,1423,24
104000094,836,1089,-253
104000095,1725,1134,591
104000096,1775,175,1600
104000097,1933,613,1320
104000098,2517,738,1779
104000100,1905,544,1361
104000101,1034,1254,-220
104000106,49,547,-498
104000107,552,296,256
104000108,199,431,-232
104000109,353,109,244
104000110,771,1190,-419
104000111,3098,2824,274
104000112,1637,520,1117
104000116,6,760,-754
104000117,159,484,-325
104000118,730,214,516
104000119,664,262,402
104000120,275,610,-335
104000121,191,608,-417
104000122,626,760,-134
104000123,605,654,-49
104000124,652,1669,-1017
104000125,2952,4727,-1775
104000126,528,406,122
104000127,1040,1637,-597
104000128,626,366,260
104000129,69,5,64
104000130,0,285,-285
104000131,301,298,3
104000132,315,417,-102
104000133,1245,715,530
104000134,845,1478,-633
104000135,408,1972,-1564
104000136,780,4525,-3745
104000137,1586,534,1052
104000138,867,294,573
104000139,4375,2761,1614
104000141,973,1006,-33
104000142,622,446,176
104000143,575,420,155
104000144,155,215,-60
104000145,315,186,129
104000146,276,392,-116
104000147,132,249,-117
104000148,396,168,228
104000149,163,204,-41
104000150,1074,512,562
104000151,284,322,-38
104000152,598,382,216
104000153,843,513,330
104000154,729,400,329
104000155,478,460,18
104000157,902,980,-78
104000158,392,605,-213
104000159,932,454,478
104000160,1816,1865,-49
104000161,160,217,-57
104000162,94,136,-42
104000165,689,828,-139
104000167,695,1029,-334
104000168,600,5,595
104000169,173,43,130
104000170,379,765,-386
104000248,372,499,-127
104000251,58,147,-89
104000272,0,0,0
104000273,0,0,0
104000274,0,0,0
104000275,0,0,0
104000279,672,437,235
104000290,98,241,-143
104000291,403,916,-513
104000293,708,644,64
104000294,53,0,53
104000295,586,701,-115
104000296,432,597,-165
104000297,613,1769,-1156
104000298,1777,821,956
104000299,590,1216,-626
104900001,172,276,-104
104900002,105,200,-95
104900003,51,226,-175
104900004,81,189,-108
104900005,410,251,159
104900006,371,94,277
104900007,313,202,111
104900009,150,257,-107
104900010,62,40,22
104900011,24,11,13
104900012,258,60,198
104900013,177,17,160
104900014,1920,311,1609
104900015,114,13,101
104900016,298,167,131
104900017,233,154,79
104900018,4,157,-153
104900019,235,3139,-2904
104900020,36,211,-175
104900021,1,133,-132
104900022,8,96,-88
104900023,0,60,-60
104900024,23,56,-33
104900025,58,189,-131
104900026,0,32,-32
104900027,562,336,226
104900028,39,79,-40
104900029,38,62,-24
104900030,539,202,337
104900031,68,170,-102
104900032,48,105,-57
104900033,182,239,-57
104900034,460,200,260
104900035,448,181,267
104900036,280,63,217
104900037,158,173,-15
104900038,353,934,-581
104900039,464,514,-50
104900040,552,87,465
104900041,343,155,188
104900042,171,181,-10
104900043,16,223,-207
104900044,831,186,645
104900045,454,60,394
104900046,266,131,135
104900047,420,122,298
104900048,384,64,320
104900049,49,46,3
104900050,243,106,137
104900051,324,63,261
104900052,88,1,87
104900053,467,133,334
104900054,259,41,218
104900055,132,1,131
104900056,210,37,173
104900057,67,1,66
104900058,813,660,153
104900059,164,34,130
104900060,1,436,-435
104900061,208,431,-223
104900063,1,79,-78
104900064,0,43,-43
104900065,0,160,-160
104900066,3,134,-131
104900067,6,264,-258
104900068,25,160,-135
104900070,174,229,-55
104900071,1,416,-415
104900072,52,243,-191
104900073,90,162,-72
104900074,67,168,-101
104900075,77,36,41
104900076,104,202,-98
104900077,843,322,521
104900078,174,310,-136
104900079,135,540,-405
104900080,81,424,-343
104900082,16,330,-314
104900085,1,152,-151
104900087,348,5,343
104900089,273,1,272
104900090,1012,950,62
104900091,545,569,-24
104900093,214,422,-208
104900097,1923,2133,-210
104900098,206,66,140
104900099,176,686,-510
104900100,355,261,94
104900102,33,148,-115
104900103,478,86,392
104900104,2650,2600,50
104900106,102,150,-48
104900107,128,163,-35
104900108,83,194,-111
104900109,164,204,-40
104900110,4,38,-34
104900111,201,114,87
104900112,304,494,-190
104900113,865,281,584
104900114,387,409,-22
104900115,880,343,537
104900116,313,179,134
104900118,26,50,-24
104900119,1,32,-31
104900120,16,181,-165
104900121,1,72,-71
104900122,2,45,-43
104900123,83,12,71
104900124,64,2,62
104900125,553,7,546
104900126,56,36,20
104900127,28,99,-71
104900128,111,180,-69
104900129,1582,2417,-835
105000001,2694,1349,1345
105000002,2388,1552,836
105000003,3093,3682,-589
105000004,736,808,-72
105000005,1062,1211,-149
105000006,1682,1781,-99
105000007,1313,1715,-402
105000008,1506,3703,-2197
105000009,2531,3271,-740
105000010,2566,1694,872
105000011,3700,3097,603
105000012,3171,2452,719
105000013,1115,1016,99
105000014,2125,2782,-657
105000015,10038,17359,-7321
105000016,2493,2252,241
105000017,1638,894,744
105000018,1039,1419,-380
105000019,1097,872,225
105000020,162,425,-263
105000021,249,90,159
105000022,306,96,210
105000023,466,367,99
105000028,46,97,-51
105000029,582,1633,-1051
105000030,3540,2257,1283
105000033,836,1588,-752
105000034,151,961,-810
105000037,563,295,268
105000038,1920,1986,-66
105000039,2302,1568,734
105000040,1169,1433,-264
105000041,728,1246,-518
105000042,3500,1671,1829
105000043,1490,2160,-670
105000044,1177,582,595
105000045,501,764,-263
105000046,1436,369,1067
105000047,540,934,-394
105000048,625,197,428
105000049,222,361,-139
105000050,730,337,393
105000051,121,294,-173
105000052,543,684,-141
105000053,74,149,-75
105000054,380,769,-389
105000055,800,292,508
105000056,1510,1623,-113
105000057,1246,731,515
105000058,1155,937,218
105000059,805,544,261
105000060,532,495,37
105000061,753,478,275
105000062,544,636,-92
105000063,298,410,-112
105000064,1801,786,1015
105000065,368,533,-165
105000066,1003,1157,-154
105000067,1633,776,857
105000068,421,696,-275
105000069,1541,1753,-212
105000070,516,872,-356
105000071,260,1033,-773
105000072,685,2085,-1400
105000073,989,690,299
105000074,1029,599,430
105000075,451,789,-338
105000076,1064,878,186
105000077,2261,1149,1112
105000078,1108,1367,-259
105000079,1323,3067,-1744
105000080,2219,1629,590
105000081,3063,1298,1765
105000082,993,1975,-982
105000083,4248,3987,261
105000084,544,635,-91
105000085,1817,2360,-543
105000086,619,738,-119
105000087,1298,1661,-363
105000088,1366,1631,-265
105000089,2573,1866,707
105000090,833,733,100
105000091,1152,1257,-105
105000092,633,740,-107
105000093,284,265,19
105000094,290,336,-46
105000095,141,424,-283
105000096,1012,1193,-181
105000097,740,765,-25
105000098,986,727,259
105000099,849,648,201
105000100,1490,1034,456
105000101,1695,1570,125
105000102,1979,1276,703
105000103,1315,2075,-760
105000104,2388,981,1407
105000105,1114,1549,-435
105000106,1811,1593,218
105000107,1879,975,904
105000108,2130,1422,708
105000109,1850,1470,380
105000110,1033,462,571
105000111,791,481,310
105000112,1215,546,669
105000113,424,670,-246
105000114,2078,1040,1038
105000115,318,1178,-860
105000116,831,512,319
105000117,687,617,70
105000118,829,487,342
105000119,699,820,-121
105000120,1387,601,786
105000121,869,862,7
105000122,372,669,-297
105000123,900,1080,-180
105000124,2309,658,1651
105000125,863,1427,-564
105000126,2487,1397,1090
105000127,2465,1475,990
105000128,618,803,-185
105000129,824,237,587
105000130,355,3312,-2957
105000131,826,281,545
105000132,1053,856,197
105000133,458,747,-289
105000134,989,585,404
105000135,430,403,27
105000136,63,83,-20
105000137,365,257,108
105000138,66,87,-21
105000139,1060,672,388
105000140,421,455,-34
105000141,357,428,-71
105000142,256,331,-75
105000143,220,559,-339
105000144,315,636,-321
105000145,739,413,326
105000146,368,730,-362
105000147,681,359,322
105000148,1084,547,537
105000149,2750,2347,403
105000150,1729,1385,344
105000151,459,331,128
105000152,159,405,-246
105000153,573,556,17
105000154,659,473,186
105000155,319,925,-606
105000156,729,566,163
105000157,818,1566,-748
105000158,1870,665,1205
105000159,249,844,-595
105000160,1807,538,1269
105000161,665,791,-126
105000162,578,1639,-1061
105000163,1025,631,394
105000164,185,248,-63
105000165,745,5007,-4262
105000166,4304,1071,3233
105000167,1408,1814,-406
105000168,526,458,68
105000169,570,285,285
105000170,302,1135,-833
105000171,958,214,744
105000172,139,27,112
105000173,227,27,200
105000174,70,38,32
105000175,93,94,-1
105000176,526,102,424
105000177,343,154,189
105000178,206,435,-229
105000179,746,152,594
105000180,191,94,97
105000181,185,225,-40
105000182,63,49,14
105000183,1861,2047,-186
105000184,948,1075,-127
105000185,1235,1154,81
105000186,623,747,-124
105000187,951,208,743
105000188,281,133,148
105000189,181,503,-322
105000190,343,325,18
105000191,387,295,92
105000192,348,70,278
105000193,95,134,-39
105000194,355,93,262
105000195,342,692,-350
105000196,65,254,-189
105000197,246,476,-230
105000198,477,284,193
105000199,187,581,-394
105000200,151,322,-171
105000201,106,34,72
105000203,14,129,-115
105000204,77,51,26
105000205,71,154,-83
105000207,507,217,290
105000208,269,687,-418
105000209,177,280,-103
105000212,1141,1039,102
105000213,155,180,-25
105000214,182,247,-65
105000215,355,167,188
105000216,158,310,-152
105000217,179,278,-99
105000218,1599,994,605
105000221,203,137,66
105000222,250,109,141
105000223,266,143,123
105000226,98,219,-121
105000227,105,163,-58
105000228,173,2155,-1982
105000229,185,613,-428
105000231,361,314,47
105000233,884,665,219
105000234,460,1071,-611
105000235,440,542,-102
105000237,722,68,654
105000243,31,103,-72
105000248,83,86,-3
105000262,388,862,-474
105000269,140,195,-55
105000270,511,32,479
105000271,0,203,-203
105000282,54,27,27
105000287,337,93,244
105000288,559,386,173
105000289,2175,2064,111
105000290,28,7,21
105000402,2784,4517,-1733
105000426,425,539,-114
105000438,3291,1458,1833
105000446,9275,5472,3803
105000447,5596,2662,2934
105000454,600,257,343
105000455,276,155,121
105000474,90,1,89
105000477,524,649,-125
105000478,1982,5453,-3471
105000479,152,143,9
105000480,8093,6989,1104
105000481,4911,3766,1145
105000482,4136,6990,-2854
105000483,1768,2224,-456
105000484,1902,2829,-927
105000485,1801,3531,-1730
105000486,3196,2312,884
105000488,7676,4736,2940
105000489,1041,740,301
105000549,67,105,-38
105000550,359,1461,-1102
105000551,30,118,-88
105000552,1879,1185,694
105900001,14,2030,-2016
105900002,899,578,321
105900003,14,143,-129
105900004,222,118,104
105900005,13,144,-131
105900006,13,129,-116
105900007,83,41,42
105900008,60,403,-343
105900009,25,20,5
105900011,211,31,180
105900012,565,98,467
105900013,5,41,-36
105900014,13,66,-53
105900015,177,333,-156
105900016,614,472,142
105900017,1632,55,1577
105900018,194,159,35
105900019,64,484,-420
105900020,55,60,-5
105900021,37,349,-312
105900022,339,202,137
105900023,8,113,-105
105900024,12,216,-204
105900025,217,32,185
105900026,243,15,228
105900027,10535,6035,4500
105900028,342,379,-37
105900029,1483,348,1135
105900030,182,203,-21
105900031,356,182,174
105900032,91,120,-29
105900033,94,110,-16
105900034,177,206,-29
105900035,266,157,109
105900036,112,110,2
105900037,73,51,22
105900038,181,267,-86
105900039,121,73,48
105900040,61,86,-25
105900041,180,184,-4
105900042,84,97,-13
105900043,1219,93,1126
105900044,14,244,-230
105900045,6,695,-689
105900046,12,211,-199
105900047,6,37,-31
105900048,109,442,-333
105900050,4302,5722,-1420
105900051,56,1072,-1016
105900052,546,166,380
105900053,2396,3086,-690
105900054,290,202,88
105900056,538,363,175
105900057,40,135,-95
105900058,12,9,3
105900059,0,41,-41
106000001,4211,2858,1353
106000002,2229,5237,-3008
106000003,3191,3685,-494
106000004,1553,2521,-968
106000005,3936,5428,-1492
106000006,5525,2989,2536
106000007,467,513,-46
106000008,547,314,233
106000009,632,357,275
106000010,701,501,200
106000011,1282,1039,243
106000012,840,1093,-253
106000013,2078,1912,166
106000014,1852,1247,605
106000015,1891,1325,566
106000016,1308,1418,-110
106000017,564,591,-27
106000018,533,387,146
106000019,398,368,30
106000020,409,322,87
106000021,281,351,-70
106000022,342,214,128
106000023,606,276,330
106000024,561,327,234
106000025,117,197,-80
106000026,61,146,-85
106000027,1553,1251,302
106000028,535,342,193
106000029,598,746,-148
106000030,440,670,-230
106000034,240,475,-235
106000035,966,2015,-1049
106000036,195,494,-299
106000037,1667,1186,481
106000038,346,154,192
106000039,124,130,-6
106000040,117,896,-779
106000041,634,723,-89
106000043,548,264,284
106000046,397,69,328
106000047,67,472,-405
106000049,913,186,727
106000050,258,480,-222
106000051,803,477,326
106000052,117,460,-343
106000053,487,133,354
106000054,379,349,30
106000055,1211,895,316
106000056,242,272,-30
106000057,434,256,178
106000058,142,162,-20
106000059,472,269,203
106000060,250,398,-148
106000061,252,460,-208
106000062,153,443,-290
106000063,715,553,162
106000064,35,337,-302
106000065,387,358,29
106000066,111,291,-180
106000067,343,123,220
106000068,46,454,-408
106000069,338,51,287
106000070,426,618,-192
106000071,1185,349,836
106000072,2477,1409,1068
106000073,1379,2874,-1495
106000074,619,610,9
106000075,306,1237,-931
106000076,1613,1870,-257
106000077,3159,1152,2007
106000078,1308,819,489
106000079,754,899,-145
106000080,1368,563,805
106000081,754,1021,-267
106000082,2433,834,1599
106000083,409,1398,-989
106000084,1102,607,495
106000085,1303,1350,-47
106000086,583,749,-166
106000087,992,476,516
106000088,418,657,-239
106000089,1093,270,823
106000090,332,582,-250
106000091,232,405,-173
106000092,630,269,361
106000093,262,132,130
106000094,81,229,-148
106000095,926,587,339
106000096,943,556,387
106000097,1337,628,709
106000098,848,714,134
106000099,252,556,-304
106000100,1454,205,1249
106000101,974,262,712
106000102,237,443,-206
106000103,280,378,-98
106000104,707,354,353
106000105,501,515,-14
106000106,681,387,294
106000107,128,169,-41
106000108,257,200,57
106000109,149,156,-7
106000110,246,188,58
106000111,168,278,-110
106000112,251,434,-183
106000113,456,449,7
106000114,395,556,-161
106000115,192,283,-91
106000116,251,170,81
106000117,1062,530,532
106000118,1309,1308,1
106000119,1234,794,440
106000120,1049,1255,-206
106000121,229,139,90
106000122,93,117,-24
106000123,482,102,380
106000124,91,153,-62
106000125,25,182,-157
106000126,308,87,221
106000127,952,584,368
106000128,744,168,576
106000129,438,412,26
106000130,815,289,526
106000131,142,558,-416
106000132,515,150,365
106000133,1191,932,259
106000134,498,1727,-1229
106000135,159,395,-236
106000136,675,962,-287
106000137,93,563,-470
106000138,1200,85,1115
106000139,57,66,-9
106000140,62,43,19
106000141,109,62,47
106000142,104,48,56
106000143,53,43,10
106000144,25,62,-37
106000145,252,200,52
106000146,457,122,335
106000147,381,350,31
106000148,382,634,-252
106000149,626,277,349
106000150,473,1621,-1148
106000151,3035,776,2259
106000152,1042,1504,-462
106000153,86,1469,-1383
106000154,1003,150,853
106000155,120,213,-93
106000156,1118,245,873
106000157,609,1330,-721
106000158,1865,814,1051
106000159,2504,1636,868
106000160,461,2686,-2225
106000161,1416,278,1138
106000162,323,941,-618
106000163,491,246,245
106000164,466,280,186
106000165,277,391,-114
106000166,873,263,610
106000167,422,747,-325
106000168,639,239,400
106000169,301,474,-173
106000170,806,203,603
106000171,214,1112,-898
106000172,2900,1353,1547
106000173,1035,2397,-1362
106000174,1321,445,876
106000175,246,708,-462
106000176,1831,812,1019
106000177,800,2169,-1369
106000178,3370,1586,1784
106000179,1062,1906,-844
106000180,832,1029,-197
106000181,958,1768,-810
106000182,1510,745,765
106000183,1527,472,1055
106000184,1640,693,947
106000185,1154,1496,-342
106000186,956,120,836
106000187,220,932,-712
106000188,0,3,-3
106000189,20,38,-18
106000190,32,0,32
106000191,658,189,469
106000192,9,22,-13
106000193,448,202,246
106000194,169,472,-303
106000195,1065,333,732
106000196,310,766,-456
106000197,674,355,319
106000198,200,245,-45
106000199,714,693,21
106000200,238,239,-1
106000201,455,2700,-2245
106000202,2888,529,2359
106000203,36,127,-91
106000204,70,7,63
106000205,22,91,-69
106000206,102,20,82
106000207,38,534,-496
106000208,1611,214,1397
106000209,1709,353,1356
106000210,416,750,-334
106000211,313,922,-609
106000212,940,469,471
106000213,552,1937,-1385
106000214,1898,775,1123
106000215,286,433,-147
106000216,318,274,44
106000217,295,304,-9
106000218,374,288,86
106000219,137,194,-57
106000220,378,184,194
106000221,140,172,-32
106000222,78,84,-6
106000223,341,115,226
106000224,240,131,109
106000225,97,128,-31
106000226,90,223,-133
106000228,60,93,-33
106000229,68,612,-544
106000231,1019,91,928
106000232,72,385,-313
106000233,529,129,400
106000234,45,279,-234
106000235,676,136,540
106000236,177,69,108
106000237,1,13,-12
106000238,20,18,2
106000239,5,81,-76
106000240,63,5,58
106000241,14,470,-456
106000242,261,51,210
106000249,48,63,-15
106000250,69,507,-438
106000251,88,32,56
106000252,16,55,-39
106000253,81,63,18
106000254,69,37,32
106000255,28,155,-127
106000256,78,41,37
106000257,181,279,-98
106000258,289,23,266
106000259,6,48,-42
106000260,36,5,31
106000261,4,69,-65
106000262,112,16,96
106000263,8,67,-59
106000264,326,14,312
106000265,10,118,-108
106000266,139,27,112
106000267,13,84,-71
106000268,410,42,368
106000269,42,48,-6
106000270,150,430,-280
106000271,88,178,-90
106000272,202,34,168
106000273,7,200,-193
106000274,171,31,140
106000275,178,293,-115
106000276,172,43,129
106000277,114,256,-142
106000278,157,22,135
106000279,28,19,9
106000280,130,44,86
106000281,87,45,42
106000282,62,53,9
106000283,134,49,85
106000284,104,75,29
106000285,149,74,75
106000286,131,89,42
106000287,129,48,81
106000288,95,108,-13
106000289,100,51,49
106000290,52,73,-21
106000291,137,76,61
106000292,71,74,-3
106000293,203,77,126
106000294,142,78,64
106000295,61,64,-3
106000296,61,77,-16
106000297,58,245,-187
106000298,90,62,28
106000299,73,142,-69
106000300,75,77,-2
106000301,61,126,-65
106000303,53,78,-25
106000304,32,20,12
106000305,64,48,16
106000306,39,26,13
106000307,72,20,52
106000308,40,73,-33
106000309,13,49,-36
106000310,387,388,-1
106000311,352,203,149
106000312,116,126,-10
106000313,174,182,-8
106000318,86,606,-520
106000319,1118,257,861
106000320,2,103,-101
106000321,274,136,138
106000322,175,92,83
106000324,16,125,-109
106000325,1845,863,982
106000326,908,1402,-494
106000327,190,59,131
106000328,58,121,-63
106000329,94,283,-189
106000330,34,89,-55
106000428,109,144,-35
106000429,125,322,-197
106000430,413,955,-542
106000431,2857,369,2488
106000432,1463,2292,-829
106000433,2681,1328,1353
106000434,3311,1824,1487
106000435,1308,2222,-914
106000436,11,149,-138
106000437,273,65,208
106000438,248,214,34
106000439,60,570,-510
106000440,273,329,-56
106000441,5,0,5
106000442,127,5,122
106000443,175,214,-39
106000450,4,115,-111
106000451,30,54,-24
106000454,3,85,-82
106000455,5,122,-117
106000456,81,30,51
106000457,24,665,-641
106000458,973,70,903
106000459,171,232,-61
106000460,1761,22,1739
106000461,146,719,-573
106000462,0,30,-30
106000463,7,18,-11
106000464,4,324,-320
106000465,834,1,833
106000466,5,372,-367
106000467,215,404,-189
106000468,117,148,-31
106000469,126,0,126
106000470,279,1648,-1369
106000471,17,435,-418
106000472,206,12,194
106000473,53,10,43
106000474,246,295,-49
106000475,209,135,74
106000476,124,211,-87
106000477,10,23,-13
106900001,0,22,-22
106900002,2,291,-289
106900003,185,780,-595
106900004,1,23,-22
106900006,0,10,-10
106900007,0,11,-11
106900008,375,154,221
106900009,425,207,218
106900010,202,234,-32
106900012,1242,2204,-962
106900013,501,149,352
106900014,27,8,19
106900015,14,2,12
106900016,349,12,337
106900017,9,2,7
106900018,4,0,4
106900019,55,1,54
106900020,1616,1611,5
106900021,109,80,29
106900022,992,8,984
106900023,64,220,-156
106900024,714,43,671
106900025,38,506,-468
106900026,0,336,-336
106900027,891,4,887
107000001,3819,4751,-932
107000002,2425,3988,-1563
107000003,6913,7278,-365
107000004,4468,4085,383
107000005,5694,6109,-415
107000006,3749,3148,601
107000007,6445,11407,-4962
107000008,9385,6712,2673
107000009,8596,8088,508
107000010,8393,7250,1143
107000011,906,1194,-288
107000012,3131,2360,771
107000013,50,82,-32
107000014,47,139,-92
107000015,385,549,-164
107000016,716,641,75
107000017,2457,1814,643
107000018,16,1260,-1244
107000020,1637,1766,-129
107000021,1237,398,839
107000022,768,1565,-797
107000023,1868,196,1672
107000024,564,1313,-749
107000025,272,347,-75
107000026,309,457,-148
107000027,1470,956,514
107000028,1373,1014,359
107000029,3469,2748,721
107000030,2649,2566,83
107000031,4577,2822,1755
107000032,457,913,-456
107000033,2905,3965,-1060
107000034,3381,1513,1868
107000035,420,249,171
107000036,439,1267,-828
107000037,87,843,-756
107000038,240,224,16
107000039,788,736,52
107000040,158,295,-137
107000041,1724,969,755
107000042,800,2041,-1241
107000043,2300,1155,1145
107000044,555,307,248
107000045,63,317,-254
107000046,765,398,367
107000047,495,753,-258
107000048,621,273,348
107000049,716,820,-104
107000050,1124,493,631
107000051,267,308,-41
107000052,1207,844,363
107000053,378,184,194
107000054,52,224,-172
107000055,146,79,67
107000056,453,735,-282
107000057,1088,200,888
107000058,2394,2554,-160
107000059,1894,2921,-1027
107000060,5178,5282,-104
107000061,4796,3137,1659
107000062,5503,2992,2511
107000063,4074,3810,264
107000064,4876,2898,1978
107000065,3325,3637,-312
107000066,2294,3193,-899
107000067,1455,1361,94
107000068,1446,772,674
107000069,1045,589,456
107000070,1294,9,1285
107000071,4030,56,3974
107000072,35,2174,-2139
107000073,1005,445,560
107000074,156,708,-552
107000075,2121,573,1548
107000076,624,1209,-585
107000077,4342,1467,2875
107000078,2098,2406,-308
107000079,3150,1294,1856
107000080,958,2432,-1474
107000081,2362,593,1769
107000082,604,1388,-784
107000083,1559,627,932
107000084,282,1552,-1270
107000085,2891,2961,-70
107000086,3038,2830,208
107000087,3204,2012,1192
107000088,2988,3160,-172
107000089,1666,1609,57
107000090,1076,909,167
107000091,1679,825,854
107000092,1028,794,234
107000093,1234,858,376
107000094,879,924,-45
107000095,975,596,379
107000096,509,640,-131
107000097,451,253,198
107000098,283,325,-42
107000099,404,391,13
107000100,311,221,90
107000101,101,180,-79
107000102,215,315,-100
107000103,262,196,66
107000104,193,208,-15
107000105,365,185,180
107000106,159,189,-30
107000107,531,153,378
107000108,149,383,-234
107000109,681,91,590
107000110,60,359,-299
107000111,358,62,296
107000112,45,230,-185
107000113,641,139,502
107000114,86,352,-266
107000115,663,178,485
107000116,123,536,-413
107000117,224,551,-327
107000118,136,127,9
107000119,1341,1384,-43
107000120,774,471,303
107000121,1157,608,549
107000122,1141,756,385
107000123,584,400,184
107000124,532,684,-152
107000125,795,406,389
107000126,567,452,115
107000127,25,290,-265
107000129,179,140,39
107000130,270,246,24
107000131,474,299,175
107000132,655,397,258
107000133,468,99,369
107000134,395,0,395
107000135,33,340,-307
107000136,788,10,778
107000137,13,421,-408
107000138,331,35,296
107000139,20,475,-455
107000140,1605,119,1486
107000141,101,713,-612
107000142,427,120,307
107000143,59,566,-507
107000144,522,470,52
107000145,142,408,-266
107000146,186,408,-222
107000147,2651,696,1955
107000150,717,3549,-2832
107000151,33,156,-123
107000152,449,1632,-1183
107000153,161,417,-256
107000154,220,317,-97
107000155,1150,22,1128
107000156,1543,14,1529
107000157,55,1169,-1114
107000158,490,25,465
107000159,22,555,-533
107000160,1479,179,1300
107000161,96,1004,-908
107000162,333,534,-201
107000163,234,0,234
107000164,1013,4,1009
107000165,1407,12,1395
107000166,48,910,-862
107000167,803,193,610
107000168,1039,563,476
107000169,556,726,-170
107000170,3002,965,2037
107000171,784,1588,-804
107000172,1247,1643,-396
107000173,673,813,-140
107000174,1127,5833,-4706
107000175,5736,1393,4343
107000176,0,1,-1
107000177,14,1,13
107000178,45,40,5
107000179,335,1542,-1207
107000180,1677,244,1433
107000181,485,861,-376
107000182,2126,884,1242
107000183,152,670,-518
107000184,1300,593,707
107000185,569,1271,-702
107000186,1540,430,1110
107000187,1391,1256,135
107000188,704,544,160
107000189,554,972,-418
107000190,740,628,112
107000191,845,847,-2
107000192,1925,624,1301
107000193,470,535,-65
107000194,845,538,307
107000197,1144,316,828
107000198,338,512,-174
107000199,857,676,181
107000200,705,736,-31
107000201,416,381,35
107000202,410,456,-46
107000203,801,1154,-353
107000204,968,1341,-373
107000205,1593,1021,572
107000206,932,1610,-678
107000207,756,900,-144
107000208,1025,596,429
107000209,1891,1540,351
107000210,678,350,328
107000211,2,39,-37
107000212,11,258,-247
107000213,4,25,-21
107000214,27,122,-95
107000215,425,305,120
107000216,477,349,128
107000217,137,108,29
107000219,95,234,-139
107000220,164,168,-4
107000222,276,596,-320
107000224,531,91,440
107000225,338,345,-7
107000226,534,98,436
107000227,88,212,-124
107000228,116,270,-154
107000229,115,88,27
107000230,1067,432,635
107000231,1216,1978,-762
107000232,116,36,80
107000233,1083,908,175
107000234,1,61,-60
107000235,75,6,69
107000236,19,457,-438
107000237,67,0,67
107000238,19,2,17
107000239,2678,581,2097
107000240,87,696,-609
107000241,95,21,74
107000242,295,42,253
107000243,0,41,-41
107000244,3,57,-54
107000246,5,871,-866
107000249,0,808,-808
107000251,0,258,-258
107000252,2,744,-742
107000255,293,144,149
107000257,2,329,-327
107000258,0,102,-102
107000259,3,173,-170
107000260,932,10,922
107000262,14,350,-336
107000263,425,14,411
107000266,7,7,0
107000267,68,119,-51
107000268,148,116,32
107000269,768,91,677
107000270,2,45,-43
107000271,44,460,-416
107000272,47,116,-69
107000273,1,359,-358
107000274,1354,400,954
107000275,61,1503,-1442
107000280,1046,48,998
107000281,27,576,-549
107000282,42,648,-606
107000290,7,36,-29
107000291,19,2,17
107000292,2,83,-81
107000293,34,1,33
107000294,0,34,-34
107000295,35,1,34
107000296,1,25,-24
107000444,344,8,336
107000496,2,9,-7
107000497,1146,1824,-678
107000500,427,287,140
107000501,106,150,-44
107000502,166,283,-117
107000505,256,747,-491
107000506,5,143,-138
107000508,2,480,-478
107000509,204,660,-456
107000510,25,43,-18
107000514,97,330,-233
107000515,14,171,-157
107000516,384,313,71
107000518,1129,1708,-579
107000519,1337,667,670
107000520,55,46,9
107900001,96,110,-14
107900002,78,10,68
107900003,284,14,270
107900004,128,2,126
107900005,1573,7,1566
107900006,189,2,187
107900007,367,43,324
107900008,130,15,115
107900009,168,16,152
107900010,58,6,52
107900012,359,53,306
107900013,255,28,227
107900014,38,10,28
107900015,1190,15,1175
107900016,478,80,398
107900017,55,3,52
107900018,53,172,-119
107900019,15,38,-23
107900020,44,5,39
107900021,102,103,-1
107900023,1,4,-3
107900024,1,12,-11
107900025,246,218,28
107900026,65,35,30
107900027,32,30,2
107900028,126,68,58
107900030,239,38,201
107900031,88,75,13
107900032,21,7,14
107900033,30,13,17
107900034,471,23,448
107900035,1025,53,972
107900036,95,42,53
107900037,0,19,-19
107900038,136,352,-216
107900039,54,36,18
107900040,14,197,-183
107900041,0,8,-8
107900043,32,92,-60
107900044,12,19,-7
107900045,148,47,101
107900046,140,209,-69
107900047,41,28,13
107900048,256,13,243
107900049,271,1081,-810
107900050,129,320,-191
107900051,93,90,3
107900052,31,25,6
107900053,44,100,-56
107900055,916,391,525
107900056,130,68,62
107900057,1,0,1
107900058,22,472,-450
107900060,23,39,-16
107900061,15,16,-1
107900063,98,124,-26
107900064,323,169,154
107900065,348,19,329
107900066,42,4,38
107900067,0,0,0
107900068,110,683,-573
107900069,27,2303,-2276
107900070,139,84,55
107900071,28,544,-516
107900072,155,129,26
107900073,162,58,104
107900074,489,313,176
107900076,152,57,95
107900077,96,0,96
107900078,259,62,197
107900079,24,13,11
107900080,192,716,-524
107900081,59,77,-18
107900082,16,11,5
107900083,338,245,93
107900084,128,153,-25
107900086,13,205,-192
107900087,529,218,311
107900088,61,5,56
107900089,205,814,-609
107900090,637,2611,-1974
107900091,156,303,-147
107900092,2043,429,1614
107900093,118,55,63
107900095,2685,2065,620
107900097,54,81,-27
107900098,58,234,-176
107900100,894,1512,-618
107900101,796,193,603
107900102,34,9,25
107900103,59,167,-108
107900104,240,9,231
107900105,1,257,-256
107900106,2,768,-766
107900107,1533,547,986
107900108,205,105,100
107900109,1668,16,1652
107900110,80,76,4
107900111,7,673,-666
107900112,84,348,-264
107900113,223,75,148
107900114,174,117,57
107900115,3,35,-32
107900116,187,111,76
107900117,327,264,63
107900118,91,124,-33
107900119,92,290,-198
107900120,38,34,4
107900121,3,149,-146
107900122,0,97,-97
107900123,8,57,-49
107900124,9,37,-28
107900125,21,163,-142
107900126,13,71,-58
107900127,494,342,152
107900128,84,80,4
107900129,97,32,65
107900130,110,22,88
107900131,636,399,237
107900132,113,338,-225
107900133,1,84,-83
107900134,32,114,-82
107900135,18,89,-71
107900136,43,56,-13
107900137,119,106,13
107900138,73,46,27
107900139,35,41,-6
107900140,74,54,20
107900141,53,47,6
107900142,57,702,-645
107900143,179,39,140
107900144,0,101,-101
107900145,82,177,-95
107900146,84,121,-37
107900147,42,47,-5
107900148,204,121,83
107900149,989,273,716
107900150,79,444,-365
107900151,34,83,-49
107900152,16,171,-155
107900153,119,315,-196
107900154,55,38,17
107900155,80,65,15
107900156,10,174,-164
107900157,60,38,22
107900158,1070,34,1036
107900159,29,651,-622
107900160,141,149,-8
107900161,39,136,-97
107900162,3,132,-129
107900163,48,46,2
107900164,12,38,-26
107900165,35,121,-86
107900166,22,148,-126
107900167,31,40,-9
107900168,31,47,-16
107900169,2,240,-238
107900171,7,940,-933
107900172,1,254,-253
107900173,28,89,-61
107900174,156,4,152
107900175,16,76,-60
107900176,41,34,7
107900177,4,229,-225
107900178,0,167,-167
107900179,34,106,-72
107900180,514,744,-230
107900181,367,251,116
107900182,4,907,-903
107900183,84,155,-71
107900184,88,226,-138
107900185,187,3,184
107900186,32,49,-17
107900187,0,128,-128
107900188,529,121,408
107900189,13,86,-73
107900190,62,134,-72
107900191,104,123,-19
107900193,6,47,-41
107900194,259,22,237
107900195,1744,317,1427
107900196,48,82,-34
107900197,676,462,214
107900199,2,644,-642
107900201,95,83,12
107900203,31,59,-28
107900204,174,245,-71
107900205,242,333,-91
107900206,631,348,283
107900207,0,398,-398
107900208,7,505,-498
107900209,282,119,163
107900210,63,92,-29
107900213,932,684,248
107900214,36,88,-52
107900215,134,330,-196
107900216,157,67,90
107900217,47,128,-81
107900218,4,1218,-1214
107900219,30,58,-28
107900220,209,263,-54
107900221,145,166,-21
107900223,114,417,-303
107900224,143,420,-277
107900225,8,578,-570
107900226,64,105,-41
107900227,134,346,-212
107900228,16,72,-56
107900229,1,220,-219
107900230,12,56,-44
107900231,14,178,-164
107900232,121,105,16
107900233,4,94,-90
107900234,114,63,51
107900235,47,122,-75
107900236,138,43,95
107900237,54,393,-339
107900238,34,105,-71
107900239,538,531,7
107900240,40,86,-46
107900241,22,44,-22
107900242,57,150,-93
107900243,2,59,-57
107900244,299,2,297
107900245,727,41,686
107900246,407,14,393
107900248,712,306,406
107900249,939,37,902
107900250,1,363,-362
107900251,52,1202,-1150
107900252,1048,26,1022
107900253,210,12,198
107900254,69,244,-175
107900255,264,75,189
107900256,788,1263,-475
107900257,290,141,149
107900258,146,171,-25
107900259,76,2255,-2179
107900261,1,253,-252
107900262,97,119,-22
107900264,261,3,258
107900265,124,108,16
107900267,270,16,254
107900268,16,4,12
107900269,1,9,-8
107900270,0,0,0
107900271,0,18,-18
107900272,60,23,37
107900273,65,109,-44
107900274,147,1,146
107900275,34,0,34
107900276,0,58,-58
107900277,0,147,-147
107900278,356,290,66
107900279,74,161,-87
107900280,2112,1820,292
107900281,1023,3118,-2095
107900282,37,615,-578
107900283,921,758,163
107900284,583,516,67
107900285,119,59,60
107900286,94,106,-12
107900287,259,191,68
107900290,0,154,-154
107900291,551,23,528
107900292,129,112,17
107900293,76,322,-246
107900295,60,28,32
107900297,0,324,-324
107900298,714,598,116
107900299,2250,2412,-162
107900300,109,301,-192
107900301,507,705,-198
107900302,144,36,108
107900303,220,292,-72
107900304,472,358,114
107900305,428,19,409
107900306,7,38,-31
107900307,33,194,-161
107900308,141,181,-40
107900309,84,0,84
107900310,555,6,549
107900311,9,384,-375
107900312,90,2,88
107900313,1,121,-120
107900314,1,47,-46
107900315,1,37,-36
107900316,45,2,43
107900317,97,14,83
107900318,9,126,-117
107900319,7,155,-148
107900320,0,114,-114
107900321,129,14,115
107900322,2,83,-81
107900323,8,111,-103
107900324,160,2,158
107900325,102,0,102
107900326,396,206,190
107900327,2,110,-108
107900328,95,0,95
107900329,115,90,25
107900330,16,278,-262
107900331,314,17,297
107900332,256,22,234
107900333,60,17,43
107900334,3,86,-83
107900335,55,33,22
107900336,34,62,-28
107900337,684,823,-139
107900338,2,114,-112
107900339,1,19,-18
107900340,3,51,-48
107900341,67,0,67
107900342,74,44,30
107900343,65,6,59
107900344,3,65,-62
107900345,130,36,94
107900346,19,2,17
107900347,26,4,22
107900348,8,3,5
107900349,45,6,39
107900350,15,167,-152
108000001,3140,3805,-665
108000002,1679,2018,-339
108000003,3901,3796,105
108000004,10219,12228,-2009
108000005,8632,6497,2135
108000006,7124,6669,455
108000007,5872,3946,1926
108000008,3968,5314,-1346
108000009,4250,4890,-640
108000010,2900,3771,-871
108000011,12832,12665,167
108000012,14214,12932,1282
108000014,743,764,-21
108000015,947,270,677
108000016,318,513,-195
108000017,1248,371,877
108000018,2063,721,1342
108000019,1968,887,1081
108000020,1288,543,745
108000021,390,1493,-1103
108000022,385,1066,-681
108000023,1328,219,1109
108000024,369,389,-20
108000025,320,269,51
108000026,766,413,353
108000027,775,354,421
108000028,675,225,450
108000029,560,456,104
108000030,776,238,538
108000031,268,598,-330
108000032,1925,674,1251
108000033,690,782,-92
108000034,1937,543,1394
108000035,655,1702,-1047
108000036,386,773,-387
108000037,2032,446,1586
108000038,2882,582,2300
108000039,517,1447,-930
108000040,2146,988,1158
108000041,569,1752,-1183
108000042,351,201,150
108000043,218,273,-55
108000044,670,150,520
108000045,401,335,66
108000046,1712,322,1390
108000047,457,769,-312
108000048,179,291,-112
108000049,1241,288,953
108000050,91,251,-160
108000051,388,132,256
108000052,179,463,-284
108000053,485,245,240
108000054,543,913,-370
108000055,1215,599,616
108000056,650,1122,-472
108000057,591,1384,-793
108000058,1713,3911,-2198
108000059,2472,1656,816
108000060,258,425,-167
108000061,133,229,-96
108000062,974,612,362
108000063,454,371,83
108000064,235,224,11
108000065,526,482,44
108000066,1476,737,739
108000067,1932,578,1354
108000068,813,436,377
108000069,212,831,-619
108000070,2193,846,1347
108000071,673,1202,-529
108000072,2009,1135,874
108000073,1215,1412,-197
108000074,740,386,354
108000075,331,700,-369
108000076,984,594,390
108000077,620,552,68
108000078,2725,1342,1383
108000079,772,1165,-393
108000080,1495,468,1027
108000081,523,1207,-684
108000082,874,1570,-696
108000083,2219,944,1275
108000084,405,957,-552
108000085,865,433,432
108000086,717,632,85
108000087,163,2303,-2140
108000088,207,11,196
108000089,352,318,34
108000090,538,195,343
108000091,298,407,-109
108000092,176,72,104
108000093,204,398,-194
108000094,698,88,610
108000095,178,270,-92
108000096,347,137,210
108000097,120,314,-194
108000098,2193,1140,1053
108000099,311,90,221
108000100,82,235,-153
108000101,1535,1468,67
108000102,1741,3224,-1483
108000106,766,4,762
108000107,1,757,-756
108000108,833,56,777
108000109,14,617,-603
108000110,266,230,36
108000111,230,482,-252
108000112,51,149,-98
108000113,480,218,262
108000115,388,230,158
108000117,631,339,292
108000118,62,233,-171
108000119,535,269,266
108000120,150,661,-511
108000121,193,333,-140
108000122,571,334,237
108000123,861,172,689
108000124,306,454,-148
108000125,454,227,227
108000126,197,296,-99
108000127,638,283,355
108000128,658,360,298
108000129,295,740,-445
108000130,500,257,243
108000131,943,426,517
108000132,1528,1014,514
108000133,1131,494,637
108000134,439,419,20
108000135,1206,439,767
108000136,339,728,-389
108000137,535,228,307
108000138,311,373,-62
108000139,640,256,384
108000140,153,27,126
108000141,40,44,-4
108000142,52,52,0
108000143,36,15,21
108000144,57,7,50
108000145,31,12,19
108000146,95,16,79
108000147,45,23,22
108000148,89,19,70
108000149,22,14,8
108000150,51,7,44
108000151,8,17,-9
108000152,81,324,-243
108000153,589,121,468
108000154,28,9,19
108000155,32,13,19
108000156,258,75,183
108000157,214,1188,-974
108000158,73,826,-753
108000159,351,219,132
108000160,1924,1183,741
108000161,1984,3164,-1180
108000165,7,215,-208
108000172,4,282,-278
108000173,1366,2122,-756
108000175,327,125,202
108000178,377,313,64
108000179,177,891,-714
108000181,52,18,34
108000182,78,15,63
108000183,15,15,0
108000184,751,2431,-1680
108000185,257,374,-117
108000186,260,39,221
108000187,91,348,-257
108000188,764,220,544
108000189,570,1704,-1134
108000190,37,109,-72
108000192,226,367,-141
108000193,805,43,762
108000194,32,4,28
108000195,2,713,-711
108000196,193,203,-10
108000197,120,294,-174
108000198,478,242,236
108000199,0,189,-189
108000200,545,390,155
108000202,1,249,-248
108000203,105,445,-340
108000204,164,76,88
108000205,189,338,-149
108000339,1178,372,806
108000364,107,301,-194
108000365,85,227,-142
108000367,130,296,-166
108000368,10,43,-33
108000369,657,231,426
108000371,3,472,-469
108000372,730,6,724
108000373,292,113,179
108000376,107,38,69
108000377,506,231,275
108000378,9357,10661,-1304
108000379,30,177,-147
108000381,72,16,56
108000382,102,0,102
108000383,0,88,-88
108900001,62,669,-607
108900002,158,58,100
108900003,247,480,-233
108900004,224,542,-318
108900005,79,442,-363
108900006,745,184,561
108900007,358,213,145
108900008,205,145,60
108900009,113,109,4
108900010,334,147,187
108900011,686,337,349
108900012,436,358,78
108900013,205,256,-51
108900014,23,121,-98
108900015,0,87,-87
108900016,0,215,-215
108900017,214,497,-283
108900018,219,378,-159
108900019,57,620,-563
108900020,50,136,-86
108900021,178,200,-22
108900022,243,17,226
108900023,1,35,-34
108900024,39,74,-35
108900025,144,90,54
108900026,13,120,-107
108900027,0,46,-46
108900028,141,232,-91
108900029,63,175,-112
108900030,2,58,-56
108900031,134,284,-150
108900032,15,190,-175
108900033,2,110,-108
108900034,1,130,-129
108900035,338,896,-558
108900036,187,221,-34
108900037,41,295,-254
108900038,3,300,-297
108900039,1,243,-242
108900040,18,104,-86
108900041,4427,3726,701
108900042,9,333,-324
108900043,95,390,-295
108900044,0,316,-316
108900045,105,329,-224
108900046,33,526,-493
108900047,0,75,-75
108900048,103,669,-566
108900049,2041,1370,671
108900050,1,166,-165
108900051,1,113,-112
108900052,40,141,-101
108900053,65,190,-125
108900054,76,161,-85
108900055,31,295,-264
108900056,1,124,-123
108900057,1,138,-137
108900058,58,248,-190
108900059,521,80,441
108900060,89,146,-57
108900061,71,32,39
108900062,6,176,-170
108900063,13,238,-225
108900064,299,53,246
108900065,16,166,-150
108900066,486,154,332
108900067,30,133,-103
108900068,1,69,-68
108900069,95,88,7
108900070,36,86,-50
108900071,132,71,61
108900072,1783,711,1072
108900073,14,41,-27
108900074,201,213,-12
108900075,48,34,14
108900076,482,70,412
108900077,75,96,-21
108900078,54,112,-58
108900079,652,167,485
108900080,66,1029,-963
108900081,30,204,-174
108900082,129,58,71
108900083,31,330,-299
108900084,357,161,196
108900085,1628,204,1424
108900086,188,176,12
108900087,81,135,-54
108900088,1046,368,678
108900089,52,132,-80
108900090,66,212,-146
108900091,116,61,55
108900092,502,311,191
108900093,183,93,90
108900094,261,70,191
108900095,43,245,-202
108900096,244,7,237
108900097,344,182,162
108900098,1564,997,567
108900099,489,195,294
108900100,89,86,3
108900101,248,232,16
108900102,90,1274,-1184
108900103,80,149,-69
108900104,122,303,-181
108900105,5,1228,-1223
108900106,580,258,322
108900108,389,62,327
108900109,39,32,7
108900110,260,299,-39
108900111,547,383,164
108900112,336,27,309
108900113,44,72,-28
108900114,3,7,-4
108900115,89,74,15
108900116,104,13,91
108900117,231,25,206
108900118,735,31,704
108900119,374,21,353
108900120,204,146,58
108900121,377,105,272
108900122,155,23,132
108900123,157,125,32
108900124,503,178,325
108900125,613,11,602
108900126,103,59,44
108900127,230,31,199
108900128,161,30,131
108900129,901,157,744
108900130,500,3,497
108900131,474,11,463
108900132,587,67,520
108900133,301,53,248
108900134,492,201,291
108900135,175,9,166
108900136,64,4,60
108900137,212,1,211
108900138,860,65,795
108900139,715,102,613
108900140,379,172,207
108900141,430,16,414
108900142,162,6,156
108900143,78,2,76
108900144,105,4,101
108900145,214,13,201
108900146,90,0,90
108900147,298,3,295
108900148,68,26,42
108900149,488,215,273
108900150,373,7,366
108900151,127,20,107
108900152,360,64,296
108900153,202,238,-36
108900154,4974,317,4657
108900155,259,52,207
108900156,93,6,87
108900157,31,410,-379
108900158,435,47,388
108900159,3,157,-154
108900160,14,221,-207
108900161,7,297,-290
108900162,130,0,130
108900163,4,286,-282
108900164,46,76,-30
108900165,111,66,45
108900167,1238,7526,-6288
108900168,5468,2742,2726
108900169,58,105,-47
108900171,5441,3180,2261
108900172,200,50,150
108900173,197,289,-92
108900174,996,492,504
108900176,93,277,-184
108900177,3644,5805,-2161
108900178,3009,4067,-1058
108900179,433,1818,-1385
108900180,117,295,-178
108900182,55,371,-316
108900183,212,214,-2
108900184,496,286,210
108900185,88,460,-372
108900186,106,326,-220
108900187,539,63,476
108900188,721,81,640
108900189,604,201,403
108900190,41,1953,-1912
108900191,198,49,149
108900192,79,205,-126
108900193,102,55,47
108900194,29,271,-242
108900195,96,218,-122
108900196,38,299,-261
108900198,6,277,-271
108900199,276,347,-71
108900200,619,322,297
108900201,430,1213,-783
108900203,565,125,440
108900204,409,21,388
108900205,189,26,163
108900206,632,85,547
108900207,226,119,107
108900208,23,291,-268
108900209,177,480,-303
108900210,187,144,43
108900211,170,575,-405
108900212,421,1445,-1024
108900215,78,312,-234
108900216,442,200,242
108900217,98,0,98
108900218,113,11,102
108900219,116,8,108
108900220,64,27,37
108900221,32,157,-125
108900222,357,18,339
108900223,8,131,-123
108900224,44,163,-119
108900225,0,150,-150
108900226,318,38,280
108900227,117,419,-302
108900230,183,190,-7
108900231,29,171,-142
108900232,0,207,-207
108900233,586,115,471
108900234,400,165,235
108900235,221,525,-304
108900236,64,388,-324
108900237,69,157,-88
108900240,191,144,47
108900241,71,52,19
108900245,13,1744,-1731
108900249,133,35,98
108900250,267,91,176
108900257,368,425,-57
108900258,4,149,-145
108900259,72,50,22
108900260,9,76,-67
108900261,86,109,-23
108900262,130,139,-9
108900263,46,147,-101
108900264,488,280,208
108900265,784,418,366
108900266,515,669,-154
108900267,6,134,-128
108900268,7,3,4
108900269,120,26,94
108900270,99,8,91
108900271,45,11,34
108900272,236,12,224
108900273,631,876,-245
108900274,48,43,5
109000001,2304,1507,797
109000002,1122,1415,-293
109000003,2703,485,2218
109000004,461,1662,-1201
109000005,2476,524,1952
109000006,540,1605,-1065
109000007,1736,566,1170
109000008,476,1399,-923
109000009,3949,1251,2698
109000010,1121,2854,-1733
109000011,3556,2242,1314
109000012,1613,2534,-921
109000013,4319,3338,981
109000014,1799,2830,-1031
109000015,4072,7813,-3741
109000016,4760,2941,1819
109000017,2706,1210,1496
109000018,805,2328,-1523
109000019,2567,1118,1449
109000020,762,1403,-641
109000023,318,34,284
109000024,9,165,-156
109000025,316,503,-187
109000026,577,314,263
109000027,98,285,-187
109000028,140,97,43
109000029,135,226,-91
109000030,87,461,-374
109000031,236,127,109
109000032,104,467,-363
109000033,361,154,207
109000034,53,76,-23
109000035,4,78,-74
109000036,92,298,-206
109000037,296,1582,-1286
109000038,455,343,112
109000039,1034,974,60
109000040,3732,9730,-5998
109000041,2203,1923,280
109000042,521,1187,-666
109000044,404,60,344
109000045,91,278,-187
109000046,381,100,281
109000047,77,367,-290
109000048,894,275,619
109000049,283,598,-315
109000050,455,323,132
109000051,337,244,93
109000052,612,784,-172
109000053,309,104,205
109000054,599,359,240
109000055,389,364,25
109000056,455,362,93
109000057,917,552,365
109000058,906,335,571
109000059,684,1651,-967
109000060,434,364,70
109000061,701,1514,-813
109000062,129,422,-293
109000063,277,177,100
109000064,308,204,104
109000065,125,189,-64
109000066,488,84,404
109000067,96,232,-136
109000068,2014,15,1999
109000069,735,32,703
109000070,9,1297,-1288
109000071,369,77,292
109000072,98,255,-157
109000073,73,97,-24
109000074,20,163,-143
109000075,57,346,-289
109000076,119,187,-68
109000077,240,183,57
109000078,68,133,-65
109000079,145,129,16
109000080,190,63,127
109000081,163,306,-143
109000082,576,175,401
109000083,336,436,-100
109000088,114,373,-259
109000089,338,75,263
109000090,134,374,-240
109000091,367,245,122
109000092,334,386,-52
109000093,254,231,23
109000094,696,10,686
109000095,115,328,-213
109000096,828,228,600
109000097,104,115,-11
109000098,69,183,-114
109000099,1020,266,754
109000100,278,449,-171
109000101,2112,663,1449
109000102,339,719,-380
109000103,487,607,-120
109000104,2115,549,1566
109000105,489,1072,-583
109000106,2327,820,1507
109000107,586,1690,-1104
109000108,2180,604,1576
109000109,496,1452,-956
109000110,1582,604,978
109000111,897,1645,-748
109000112,451,108,343
109000113,297,177,120
109000114,181,241,-60
109000115,1228,26,1202
109000116,3,247,-244
109000117,237,66,171
109000118,16,268,-252
109000119,1762,202,1560
109000120,233,552,-319
109000121,639,48,591
109000122,143,578,-435
109000123,22,39,-17
109000124,669,398,271
109000125,931,293,638
109000126,440,667,-227
109000127,1163,197,966
109000128,485,1045,-560
109000129,2700,901,1799
109000130,511,1310,-799
109000131,1011,694,317
109000132,709,1362,-653
109000133,287,834,-547
109000134,686,1177,-491
109000135,1204,1420,-216
109000136,368,264,104
109000137,395,360,35
109000138,431,288,143
109000139,678,397,281
109000140,209,334,-125
109000141,639,441,198
109000142,161,495,-334
109000143,134,78,56
109000145,121,237,-116
109000146,37,86,-49
109000148,2849,2100,749
109000149,20,56,-36
109000150,50,299,-249
109000155,845,663,182
109000156,803,542,261
109000158,170,295,-125
109000159,170,486,-316
109000160,1090,238,852
109000161,408,779,-371
109000162,2216,591,1625
109000163,1203,1366,-163
109000164,1404,1927,-523
109000165,1443,486,957
109000166,865,100,765
109000167,120,473,-353
109000170,46,59,-13
109000171,85,49,36
109000172,41,51,-10
109000173,27,61,-34
109000174,103,36,67
109000175,59,66,-7
109000176,258,221,37
109000177,32,84,-52
109000178,493,75,418
109000179,4083,5666,-1583
109000180,4883,3933,950
109000181,17,21,-4
109000182,46,28,18
109000183,46,27,19
109000184,43,10,33
109000185,25,47,-22
109000188,575,1428,-853
109000189,2559,874,1685
109000190,805,410,395
109000191,372,385,-13
109000192,496,194,302
109000193,242,216,26
109000194,333,102,231
109000195,186,291,-105
109000196,382,105,277
109000197,223,289,-66
109000198,473,71,402
109000199,103,409,-306
109000206,235,26,209
109000207,176,35,141
109000208,90,77,13
109000209,169,114,55
109000210,181,446,-265
109000211,245,198,47
109000214,380,288,92
109000215,155,78,77
109000216,300,309,-9
109000217,228,144,84
109000218,361,245,116
109000221,374,848,-474
109000222,994,248,746
109000223,383,369,14
109000224,36,74,-38
109000225,81,24,57
109000226,51,159,-108
109000227,1293,794,499
109000228,3,1182,-1179
109000231,3,203,-200
109000232,435,185,250
109000236,301,565,-264
109000241,2074,1573,501
109000242,1828,1100,728
109000293,36,50,-14
109000361,81,210,-129
109000364,252,474,-222
109000396,6,424,-418
109000397,734,19,715
109000399,117,337,-220
109000400,86,123,-37
109000403,166,975,-809
109000406,272,49,223
109000407,309,179,130
109000408,1,155,-154
109000410,1186,252,934
109000411,132,19,113
109900001,92,1,91
109900002,801,14,787
109900003,271,1,270
109900004,914,115,799
109900005,38,2,36
109900006,576,161,415
109900007,1084,370,714
109900008,0,25,-25
109900009,147,387,-240
109900010,708,11,697
109900011,72,50,22
109900012,348,274,74
109900013,410,170,240
109900014,550,78,472
109900015,506,197,309
109900016,175,25,150
109900017,209,264,-55
109900018,313,51,262
109900019,335,58,277
109900020,75,45,30
109900021,46,8,38
109900022,51,167,-116
109900023,26,10,16
109900024,25,11,14
109900025,32,39,-7
109900026,1,127,-126
109900027,51,31,20
109900028,845,985,-140
109900029,8,200,-192
109900030,58,14,44
109900031,0,303,-303
109900032,10,258,-248
109900033,5,427,-422
109900034,22,0,22
109900035,28,48,-20
109900036,37,40,-3
109900037,29,327,-298
109900038,134,224,-90
109900039,8,1,7
109900040,39,405,-366
109900041,52,251,-199
109900042,21,449,-428
109900044,170,215,-45
109900045,121,60,61
109900046,57,98,-41
109900047,290,276,14
109900048,12,71,-59
109900049,21,25,-4
109900050,0,74,-74
109900051,0,31,-31
109900052,153,229,-76
109900053,0,180,-180
109900054,840,241,599
109900055,77,281,-204
109900056,12,195,-183
109900057,7,117,-110
109900058,0,76,-76
109900059,824,139,685
109900060,444,82,362
109900061,37,200,-163
109900062,1,135,-134
109900063,22,451,-429
109900064,543,207,336
109900065,44,156,-112
109900066,298,608,-310
109900067,0,167,-167
109900068,105,5,100
109900069,1,44,-43
109900070,30,283,-253
109900071,3,29,-26
109900072,16,135,-119
109900073,533,357,176
109900074,10,28,-18
109900075,31,68,-37
109900076,12,131,-119
109900077,35,42,-7
109900078,92,199,-107
109900080,125,263,-138
109900081,31,228,-197
109900082,39,349,-310
109900083,17,41,-24
109900084,63,122,-59
109900085,155,543,-388
109900086,147,458,-311
109900087,224,469,-245
109900089,788,244,544
109900090,481,874,-393
109900091,383,81,302
109900092,476,14,462
109900093,1183,166,1017
109900094,87,88,-1
109900095,186,205,-19
109900096,54,6,48
109900097,118,5,113
109900098,587,45,542
109900099,209,3,206
109900100,49,1,48
109900101,593,8,585
109900102,509,23,486
109900103,53,50,3
109900104,721,462,259
109900105,588,19,569
109900106,446,53,393
109900107,553,74,479
109900108,97,287,-190
109900109,27,159,-132
109900110,90,338,-248
109900111,249,670,-421
109900112,286,409,-123
109900113,915,680,235
109900114,865,1416,-551
109900115,186,115,71
109900117,1144,161,983
109900118,224,391,-167
109900119,566,348,218
109900120,74,24,50
109900121,420,483,-63
109900122,469,5,464
109900123,28,116,-88
109900124,42,319,-277
109900125,0,137,-137
109900126,345,81,264
109900128,353,44,309
109900130,5046,2202,2844
109900131,45,155,-110
109900132,35,126,-91
109900133,111,228,-117
109900134,84,86,-2
109900135,319,67,252
109900136,57,106,-49
109900137,214,250,-36
109900138,323,234,89
109900140,183,156,27
109900141,565,196,369
109900142,1623,290,1333
109900145,7,613,-606
109900146,468,66,402
109900148,24,98,-74
109900149,28,66,-38
109900150,4,91,-87
109900151,13,55,-42
109900152,1,20,-19
109900153,0,49,-49
109900154,81,0,81
109900155,87,31,56
109900157,63,172,-109
109900158,60,131,-71
109900159,144,38,106
109900160,154,56,98
109900161,240,81,159
109900162,221,120,101
109900163,647,253,394
109900164,111,158,-47
109900165,421,5,416
109900166,5,126,-121
109900167,151,390,-239
109900168,192,495,-303
109900169,300,120,180
109900170,252,1073,-821
109900171,189,76,113
109900172,253,287,-34
109900173,2136,2434,-298
109900174,88,122,-34
109900175,77,84,-7
109900176,140,127,13
109900177,41,157,-116
109900178,8,146,-138
109900179,21,11,10
109900180,7,11,-4
110000001,873,462,411
110000002,578,738,-160
110000003,790,664,126
110000004,480,714,-234
110000005,322,1938,-1616
110000006,320,272,48
110000007,166,107,59
110000008,8,69,-61
110000009,54,25,29
110000010,27,59,-32
110000011,35,55,-20
110000012,553,303,250
110000013,43,561,-518
110000014,457,360,97
110000015,284,504,-220
110000016,219,1705,-1486
110000017,2506,194,2312
110000018,2330,374,1956
110000019,8,82,-74
110000020,557,177,380
110000021,424,402,22
110000022,978,186,792
110000023,6,128,-122
110000024,700,368,332
110000025,373,6,367
110000026,9,226,-217
110000027,691,1030,-339
110000028,911,602,309
110000029,622,591,31
110000030,281,333,-52
110000031,362,406,-44
110000032,864,359,505
110000033,304,118,186
110000034,527,710,-183
110000035,1079,502,577
110000036,987,611,376
110000037,297,379,-82
110000038,232,685,-453
110000039,745,3583,-2838
110000040,278,292,-14
110000041,348,1668,-1320
110000042,79,528,-449
110000043,854,330,524
110000044,94,522,-428
110000045,1035,99,936
110000046,4,47,-43
110000047,77,50,27
110000048,10,46,-36
110000049,24,9,15
110000050,18,113,-95
110000051,33,26,7
110000052,35,23,12
110000053,152,25,127
110000054,122,450,-328
110000055,747,87,660
110000056,154,88,66
110000057,465,559,-94
110000058,1416,467,949
110000059,1080,525,555
110000060,826,1010,-184
110000061,954,626,328
110000062,658,823,-165
110000063,23,89,-66
110000064,96,69,27
110000065,103,111,-8
110000066,62,42,20
110000067,80,126,-46
110000068,410,139,271
110000069,366,112,254
110000071,229,89,140
110000073,16,14,2
110000075,12,72,-60
110000076,299,342,-43
110000077,411,895,-484
110000078,27,55,-28
110000080,228,580,-352
110000081,15,251,-236
110000082,22,316,-294
110000083,202,552,-350
110000084,1314,972,342
110000085,1533,1604,-71
110000086,1433,2406,-973
110000087,20,80,-60
110000088,87,220,-133
110000089,259,114,145
110000090,162,256,-94
110000091,972,238,734
110000092,14,64,-50
110000093,45,10,35
110000094,434,224,210
110000095,235,583,-348
110000096,1826,1882,-56
110000097,1206,1366,-160
110000098,2241,676,1565
110000099,730,1483,-753
110000100,1091,324,767
110000101,21,278,-257
110000102,100,26,74
110000104,351,136,215
110000105,39,253,-214
110000106,799,490,309
110000107,251,296,-45
110000108,143,110,33
110000109,254,222,32
110000110,2747,6203,-3456
110000111,5777,3434,2343
110000112,1023,1341,-318
110000113,295,2466,-2171
110000114,162,592,-430
110000115,418,316,102
110000116,42,33,9
110000117,240,283,-43
110000118,526,113,413
110000119,250,219,31
110000120,378,139,239
110000121,83,367,-284
110000122,397,538,-141
110000123,694,803,-109
110000124,1,658,-657
110000125,1182,9,1173
110000126,369,23,346
110000127,1365,46,1319
110000128,39,1175,-1136
110000129,4,404,-400
110000130,299,251,48
110000131,138,197,-59
110000132,4,555,-551
110000133,26,409,-383
110000134,25,332,-307
110000135,216,22,194
110000136,82,253,-171
110000137,587,483,104
110000138,858,528,330
110000139,917,851,66
110000140,1029,656,373
110000143,661,413,248
110000144,4834,2257,2577
110000145,1767,1389,378
110000146,2332,853,1479
110000147,561,731,-170
110000148,704,240,464
110000151,936,1357,-421
110000152,917,426,491
110000153,162,27,135
110000154,48,43,5
110000155,1722,4519,-2797
110000156,1056,2792,-1736
110000157,1845,2427,-582
110000160,436,260,176
110000161,189,240,-51
110000166,763,136,627
110000167,1079,593,486
110000168,1268,494,774
110000169,974,377,597
110000170,116,68,48
110000171,587,119,468
110000172,154,632,-478
110000173,811,922,-111
110000174,182,700,-518
110000175,804,74,730
110000176,76,341,-265
110000177,183,860,-677
110000178,410,1628,-1218
110000179,963,301,662
110000180,196,188,8
110000181,569,411,158
110000182,309,120,189
110000183,6797,7617,-820
110000184,333,2478,-2145
110000185,937,646,291
110000186,753,575,178
110000191,1162,257,905
110000192,724,16,708
110000193,1399,14,1385
110000194,11,849,-838
110000195,580,246,334
110000196,487,216,271
110000197,130,119,11
110000198,128,83,45
110000199,94,137,-43
110000200,1030,496,534
110000201,988,1132,-144
110000202,1316,571,745
110000203,641,592,49
110000204,4,194,-190
110000205,163,39,124
110000206,540,911,-371
110000207,1128,348,780
110000208,188,203,-15
110000209,108,623,-515
110000210,1370,464,906
110000211,872,570,302
110000212,508,974,-466
110000213,293,68,225
110000214,340,92,248
110000215,202,269,-67
110000216,102,258,-156
110000217,411,111,300
110000218,190,255,-65
110000219,355,77,278
110000220,81,202,-121
110000221,341,64,277
110000222,96,148,-52
110000223,2,146,-144
110000224,41,5,36
110000225,298,660,-362
110000226,273,54,219
110000227,607,755,-148
110000228,236,128,108
110000229,0,177,-177
110000230,468,500,-32
110000231,141,174,-33
110000232,307,223,84
110000233,205,241,-36
110000234,619,761,-142
110000235,804,1027,-223
110000236,609,527,82
110000237,1891,1040,851
110000238,1118,1180,-62
110000239,1913,1050,863
110000240,0,65,-65
110000242,0,18,-18
110000243,148,109,39
110000244,141,291,-150
110000245,37,254,-217
110000246,958,437,521
110000247,1445,5620,-4175
110000248,2277,1716,561
110000249,105,9,96
110000250,56,216,-160
110000251,397,557,-160
110000252,354,181,173
110000253,1605,660,945
110000254,794,1165,-371
110000255,203,905,-702
110000256,470,306,164
110000257,644,404,240
110000258,13,544,-531
110000259,132,24,108
110000260,24,234,-210
110000263,524,135,389
110000264,290,466,-176
110000265,1153,2104,-951
110000266,2060,3428,-1368
110000267,24,290,-266
110000268,349,540,-191
110000269,7,106,-99
110000270,107,16,91
110000271,1272,265,1007
110000272,1345,1069,276
110000273,3709,1850,1859
110000274,193,1724,-1531
110000275,1864,568,1296
110000276,295,407,-112
110000277,328,348,-20
110000278,305,588,-283
110000279,906,705,201
110000280,547,423,124
110000281,47,417,-370
110000282,329,20,309
110000283,64,173,-109
110000284,49,50,-1
110000285,8,863,-855
110000286,26,1,25
110000287,90,4,86
110000288,1,115,-114
110000289,444,1797,-1353
110000290,678,495,183
110000291,5005,1254,3751
110000292,1396,4904,-3508
110000293,695,763,-68
110000294,1106,1144,-38
110000295,168,1060,-892
110000296,485,446,39
110000297,2857,514,2343
110000298,148,399,-251
110000299,296,113,183
110000301,388,25,363
110000302,149,596,-447
110000303,402,7,395
110000304,86,190,-104
110000305,1459,15,1444
110000306,184,847,-663
110000307,1910,9,1901
110000308,741,12,729
110000309,3,684,-681
110000310,757,61,696
110000311,24,665,-641
110000312,453,112,341
110000313,2913,3602,-689
110000314,2,254,-252
110000315,2913,3031,-118
110000316,570,1401,-831
110000317,398,425,-27
110000318,1,69,-68
110000319,31,24,7
110000320,53,41,12
110000321,22,44,-22
110000322,303,321,-18
110000323,440,161,279
110000324,2782,1691,1091
110000325,2332,3232,-900
110000327,598,308,290
110000328,208,443,-235
110000333,980,766,214
110000334,858,1337,-479
110000335,907,559,348
110000336,824,913,-89
110000337,1492,664,828
110000338,556,188,368
110000339,397,197,200
110000340,187,176,11
110000341,506,478,28
110000342,453,3,450
110000343,0,24,-24
110000344,98,129,-31
110000345,134,119,15
110000346,2106,2027,79
110000347,1113,671,442
110000348,33,16,17
110000349,11,18,-7
110000350,77,11,66
110000351,1193,686,507
110000352,774,1287,-513
110000353,2171,622,1549
110000354,1204,2602,-1398
110000355,116,71,45
110000356,671,9,662
110000357,443,17,426
110000361,50,41,9
110000362,70,61,9
110000363,525,100,425
110000364,275,238,37
110000365,171,2,169
110000366,0,75,-75
110000367,460,208,252
110000368,5,47,-42
110000369,65,4,61
110000373,2,253,-251
110000374,123,15,108
110000375,112,886,-774
110000376,30,85,-55
110000377,62,481,-419
110000378,16,362,-346
110000379,2049,1876,173
110000380,60,14,46
110000383,1,993,-992
110000384,1252,754,498
110000385,2,248,-246
110000387,98,15,83
110000388,55,194,-139
110000389,858,8,850
110000391,788,305,483
110000396,193,140,53
110000397,179,117,62
110000398,4,33,-29
110000399,138,1,137
110000587,115,60,55
110000589,198,96,102
110000640,196,57,139
110000652,24,351,-327
110000653,361,403,-42
110000654,52,286,-234
110000656,1,411,-410
110000674,41,41,0
110000675,20,23,-3
110000676,3,48,-45
110000679,225,1545,-1320
110000682,107,203,-96
110000683,298,556,-258
110000684,18,58,-40
110000685,9,15,-6
110000686,3,45,-42
110000687,118,5,113
110000688,49,902,-853
110000689,24,40,-16
110000692,31,149,-118
110000693,46,310,-264
110000694,1,165,-164
110000695,207,573,-366
110000696,88,61,27
110900001,338,25,313
110900002,326,229,97
110900003,1084,443,641
110900004,685,137,548
110900005,1901,2378,-477
110900006,52,23,29
110900007,157,38,119
110900008,11,18,-7
110900009,537,186,351
110900010,9,49,-40
110900011,28,60,-32
110900012,20,73,-53
110900013,1105,108,997
110900014,199,31,168
110900015,380,781,-401
110900016,59,118,-59
110900017,590,43,547
110900018,528,59,469
110900019,215,30,185
110900020,133,163,-30
110900021,79,370,-291
110900022,78,223,-145
110900023,102,455,-353
110900024,22,299,-277
110900025,8,34,-26
110900027,73,257,-184
110900028,39,159,-120
110900029,22,264,-242
110900030,44,145,-101
110900031,1,129,-128
110900032,2,56,-54
110900033,24,168,-144
110900035,17,413,-396
110900036,107,23,84
110900037,110,20,90
110900038,827,169,658
110900039,19,243,-224
110900040,275,41,234
110900041,35,72,-37
110900042,168,43,125
110900043,5,85,-80
110900044,234,18,216
110900045,41,272,-231
110900046,32,210,-178
110900047,418,297,121
110900049,128,95,33
110900050,21,2,19
110900051,30,163,-133
110900052,2,123,-121
110900053,125,28,97
110900054,36,146,-110
110900055,37,5,32
110900056,54,89,-35
110900057,6,110,-104
110900058,274,165,109
110900059,551,445,106
110900060,589,173,416
110900061,24,49,-25
110900062,160,189,-29
110900063,43,119,-76
110900064,10,0,10
110900065,238,126,112
110900066,3,42,-39
110900067,270,616,-346
110900068,186,206,-20
110900069,7,12,-5
110900070,117,66,51
110900071,222,783,-561
110900073,6,24,-18
110900074,474,157,317
110900075,418,90,328
110900077,959,580,379
110900078,41,30,11
110900079,1691,1738,-47
110900080,206,112,94
110900081,5,40,-35
110900082,186,93,93
110900083,120,64,56
110900084,55,66,-11
110900085,56,231,-175
110900086,91,379,-288
110900087,405,87,318
110900088,12,2,10
110900090,44,43,1
110900091,6,42,-36
110900093,196,88,108
110900095,103,72,31
110900097,17,21,-4
110900098,39,53,-14
110900099,32,374,-342
110900100,0,18,-18
110900102,51,15,36
110900105,852,209,643
110900108,12,48,-36
110900111,333,118,215
110900112,1031,6,1025
110900113,378,63,315
110900115,12,55,-43
110900116,790,1175,-385
110900118,81,3281,-3200
110900119,2819,277,2542
110900120,32,43,-11
110900121,210,0,210
110900122,469,174,295
110900125,494,464,30
110900127,551,1641,-1090
110900128,190,278,-88
110900129,381,946,-565
110900130,778,552,226
110900131,311,63,248
110900132,439,80,359
110900133,65,132,-67
110900135,89,242,-153
110900136,359,25,334
110900137,32,0,32
110900138,541,367,174
110900139,1,97,-96
110900140,34,3,31
110900141,2,141,-139
110900142,67,126,-59
110900143,235,77,158
110900144,4,480,-476
110900145,213,65,148
110900146,286,207,79
110900147,94,334,-240
110900148,4,260,-256
110900149,3,49,-46
110900150,65,15,50
110900151,13,68,-55
110900152,31,161,-130
110900153,166,62,104
111000001,339,232,107
111000002,243,431,-188
111000003,1123,674,449
111000004,376,784,-408
111000005,1626,1164,462
111000006,904,1636,-732
111000007,4629,3019,1610
111000008,1772,2911,-1139
111000009,447,854,-407
111000010,880,255,625
111000011,238,887,-649
111000012,294,382,-88
111000013,330,779,-449
111000014,982,467,515
111000017,112,1048,-936
111000018,212,357,-145
111000020,741,2243,-1502
111000021,87,87,0
111000023,108,126,-18
111000025,3343,3878,-535
111000029,102,76,26
111000030,57,90,-33
111000031,2011,1225,786
111000032,506,352,154
111000033,293,351,-58
111000034,134,258,-124
111000037,1221,724,497
111000038,3087,2030,1057
111000039,1703,1938,-235
111000040,1685,1805,-120
111000041,1426,1324,102
111000042,2403,1974,429
111000043,2014,3335,-1321
111000044,1941,1072,869
111000045,2608,2413,195
111000046,1999,1906,93
111000047,2586,4455,-1869
111000049,484,484,0
111000050,1207,986,221
111000051,464,797,-333
111000052,596,1469,-873
111000053,371,744,-373
111000054,431,664,-233
111000055,902,1323,-421
111000056,132,466,-334
111000057,105,448,-343
111000058,448,57,391
111000059,498,301,197
111000060,4212,839,3373
111000061,689,322,367
111000062,816,381,435
111000063,1921,947,974
111000064,791,492,299
111000065,1237,821,416
111000066,601,531,70
111000067,583,560,23
111000068,619,858,-239
111000069,1428,1634,-206
111000070,641,637,4
111000071,155,378,-223
111000072,1035,391,644
111000073,283,626,-343
111000074,1624,1511,113
111000075,1025,558,467
111000076,592,625,-33
111000077,1788,1438,350
111000078,2655,1223,1432
111000079,1223,712,511
111000080,536,597,-61
111000081,1441,3329,-1888
111000082,823,510,313
111000084,839,508,331
111000085,848,962,-114
111000086,2037,836,1201
111000087,681,543,138
111000088,4371,2333,2038
111000089,753,672,81
111000090,881,1262,-381
111000091,865,404,461
111000092,1495,812,683
111000093,850,1186,-336
111000094,1916,1014,902
111000095,763,2315,-1552
111000096,1620,7721,-6101
111000097,3439,1260,2179
111000098,656,985,-329
111000099,636,1485,-849
111000100,452,1099,-647
111000101,415,702,-287
111000102,254,627,-373
111000104,791,184,607
111000107,122,705,-583
111000109,798,243,555
111000110,1444,618,826
111000111,2725,513,2212
111000112,2027,588,1439
111000113,939,1512,-573
111000114,1513,3475,-1962
111000115,5158,1180,3978
111000116,893,872,21
111000117,373,906,-533
111000118,1278,722,556
111000119,1322,917,405
111000120,492,600,-108
111000121,290,632,-342
111000122,570,885,-315
111000123,1190,1924,-734
111000124,416,1919,-1503
111000125,240,1016,-776
111000126,71,637,-566
111000127,1099,144,955
111000128,2049,259,1790
111000129,2982,462,2520
111000130,2563,638,1925
111000131,2112,537,1575
111000132,1795,937,858
111000133,252,146,106
111000134,182,108,74
111000135,43,120,-77
111000136,338,229,109
111000138,19,9,10
111000140,0,4,-4
111000141,249,303,-54
111000142,17,108,-91
111000143,4,162,-158
111000144,26,444,-418
111000145,718,19,699
111000146,110,8,102
111000147,331,17,314
111000148,186,54,132
111000149,12,23,-11
111000150,25,10,15
111000151,7,22,-15
111000153,595,732,-137
111000154,631,195,436
111000155,98,176,-78
111000156,489,659,-170
111000157,272,1248,-976
111000158,934,705,229
111000159,2398,711,1687
111000160,559,320,239
111000161,14,328,-314
111000162,77,134,-57
111000163,719,747,-28
111000164,619,2875,-2256
111000165,886,476,410
111000166,1701,357,1344
111000167,157,388,-231
111000168,188,417,-229
111000169,264,626,-362
111000170,372,386,-14
111000171,474,436,38
111000172,205,295,-90
111000173,257,616,-359
111000174,239,199,40
111000175,56,305,-249
111000176,393,105,288
111000177,398,151,247
111000178,1081,227,854
111000179,254,135,119
111000180,271,443,-172
111000181,1519,210,1309
111000182,243,179,64
111000183,309,341,-32
111000184,354,204,150
111000185,431,330,101
111000186,313,229,84
111000187,178,132,46
111000188,335,284,51
111000189,779,498,281
111000190,224,223,1
111000191,160,215,-55
111000192,194,330,-136
111000193,248,225,23
111000194,48,236,-188
111000195,116,282,-166
111000196,88,152,-64
111000197,463,101,362
111000198,527,76,451
111000199,217,141,76
111000200,457,343,114
111000201,761,186,575
111000202,271,146,125
111000203,300,256,44
111000204,443,903,-460
111000213,204,382,-178
111000214,1623,1113,510
111000215,962,1018,-56
111000217,1509,838,671
111000218,1235,1070,165
111000219,412,161,251
111000220,1348,698,650
111000221,460,109,351
111000224,2,148,-146
111000225,261,65,196
111000226,115,1,114
111000227,38,7,31
111000228,21,470,-449
111000229,41,959,-918
111000230,379,320,59
111000231,1174,575,599
111000232,676,751,-75
111000233,1162,717,445
111000234,223,532,-309
111000239,76,105,-29
111000240,79,250,-171
111000241,37,232,-195
111000242,233,87,146
111000243,113,384,-271
111000244,619,129,490
111000245,1101,339,762
111000246,630,259,371
111000247,419,653,-234
111000248,825,348,477
111000249,516,492,24
111000250,39,70,-31
111000251,78,111,-33
111000253,28,20,8
111000255,38,13,25
111000257,48,17,31
111000260,95,802,-707
111000261,1548,110,1438
111000271,61,175,-114
111000273,2727,1117,1610
111000274,1331,2134,-803
111000275,130,57,73
111000276,247,1243,-996
111000277,182,301,-119
111000278,664,227,437
111000291,769,6338,-5569
111000298,571,186,385
111000299,711,166,545
111000300,118,421,-303
111000302,339,43,296
111000303,84,171,-87
111000312,39,45,-6
111000315,0,34,-34
111000320,230,582,-352
111000321,495,155,340
111000322,379,344,35
111000323,275,41,234
111000324,334,194,140
111000325,49,47,2
111000326,196,224,-28
111000327,415,240,175
111000328,268,386,-118
111000329,2,21,-19
111000330,77,9,68
111000331,24,2,22
111000332,611,1190,-579
111000334,356,1003,-647
111000335,835,280,555
111000337,1516,369,1147
111000338,148,98,50
111000339,772,262,510
111000340,117,412,-295
111000341,1391,635,756
111000342,119,530,-411
111000344,1154,581,573
111000345,179,64,115
111000346,8,129,-121
111000347,147,10,137
111000350,154,103,51
111000351,117,216,-99
111000352,220,114,106
111000353,149,220,-71
111000354,655,143,512
111000355,355,679,-324
111000358,160,782,-622
111000360,227,439,-212
111000361,190,174,16
111000546,801,534,267
111000547,452,362,90
111000548,205,273,-68
111000549,329,236,93
111000550,39,804,-765
111000551,557,141,416
111000552,1072,139,933
111000907,202,24,178
111000908,14,1,13
111000916,1996,262,1734
111000917,29,375,-346
111000918,234,566,-332
111000920,537,20,517
111000921,8,129,-121
111000922,517,239,278
111000924,69,498,-429
111000925,2436,1832,604
111000926,908,1118,-210
111000927,2887,4320,-1433
111000928,4046,2407,1639
111000929,1658,1230,428
111000930,798,1748,-950
111000931,2669,2710,-41
111000932,3788,1945,1843
111000933,3675,2530,1145
111000934,1611,2911,-1300
111000935,1647,942,705
111000936,1062,1528,-466
111000937,1022,1311,-289
111000938,1307,1030,277
111000939,608,32,576
111000940,578,84,494
111000941,354,357,-3
111000943,543,232,311
111000944,179,259,-80
111000945,124,1071,-947
111001109,472,420,52
111001110,118,394,-276
111001111,98,11,87
111001112,82,2,80
111001113,3,157,-154
111001114,643,92,551
111001115,13,563,-550
111001116,3647,4058,-411
111001117,529,2437,-1908
111001120,97,186,-89
111001121,143,162,-19
111001122,31,181,-150
111900001,18,106,-88
111900002,36,502,-466
111900003,15,241,-226
111900004,42,79,-37
111900006,10,29,-19
111900007,137,13,124
111900008,287,3,284
111900009,243,134,109
111900010,305,391,-86
111900012,71,85,-14
111900013,10,41,-31
111900014,4019,4555,-536
111900015,0,57,-57
111900016,0,69,-69
111900017,0,109,-109
111900018,199,2,197
111900019,3,122,-119
111900020,2,53,-51
111900021,12,75,-63
111900022,25,53,-28
111900023,136,97,39
111900024,0,45,-45
111900025,0,29,-29
111900026,0,43,-43
111900027,1,85,-84
111900028,1,270,-269
111900029,6,56,-50
111900030,33,348,-315
111900031,28,52,-24
111900032,2,265,-263
111900033,8,63,-55
111900034,198,290,-92
111900035,71,175,-104
111900036,1,186,-185
111900038,236,437,-201
111900039,46,338,-292
111900040,5,364,-359
111900042,35,124,-89
111900043,1,246,-245
111900044,279,182,97
111900046,32,127,-95
111900048,277,502,-225
111900049,35,190,-155
111900050,183,31,152
111900051,7,209,-202
111900052,269,375,-106
111900053,910,2041,-1131
111900054,221,5,216
111900055,20,303,-283
111900056,178,320,-142
111900057,229,24,205
111900058,511,442,69
111900059,1218,613,605
111900060,392,5,387
111900061,11,152,-141
111900062,29,79,-50
111900063,334,239,95
111900064,83,169,-86
111900065,126,40,86
111900066,187,140,47
111900067,6,230,-224
111900068,61,47,14
111900069,83,32,51
111900070,178,113,65
111900071,1,150,-149
111900072,54,22,32
111900073,1074,200,874
111900074,15,156,-141
111900075,120,8,112
111900076,203,93,110
111900077,57,4,53
111900078,405,19,386
111900079,65,47,18
111900080,230,268,-38
111900081,456,217,239
111900082,180,34,146
111900083,179,11,168
111900084,128,9,119
111900085,72,133,-61
111900086,38,5,33
111900087,77,0,77
111900088,585,12,573
111900089,111,5,106
111900090,65,50,15
111900091,286,9,277
111900092,133,0,133
111900093,511,5,506
111900094,141,0,141
111900095,318,63,255
111900096,294,2,292
111900097,96,0,96
111900098,291,1,290
111900099,66,0,66
111900100,142,10,132
111900101,99,21,78
111900102,649,375,274
111900103,70,109,-39
111900104,122,101,21
111900105,435,396,39
111900106,1006,48,958
111900107,74,92,-18
111900108,174,217,-43
111900109,365,474,-109
111900110,1469,435,1034
111900111,250,115,135
111900112,502,3191,-2689
111900113,232,85,147
111900114,138,117,21
111900115,14,25,-11
111900118,246,136,110
111900119,375,183,192
111900122,125,63,62
111900123,25,22,3
111900124,51,71,-20
111900125,691,46,645
111900126,326,1,325
111900127,1,358,-357
111900128,1,383,-382
111900129,424,8,416
111900130,215,49,166
111900131,578,1,577
111900132,23,714,-691
111900133,21,211,-190
111900134,6,203,-197
111900135,17,52,-35
111900136,81,159,-78
111900137,48,51,-3
111900138,25,86,-61
111900139,32,89,-57
111900140,160,28,132
111900141,78,14,64
111900142,107,38,69
111900143,11,136,-125
111900144,0,78,-78
111900145,0,292,-292
111900146,2,174,-172
111900147,126,315,-189
111900148,21,484,-463
111900149,5,232,-227
111900150,42,150,-108
111900151,4,27,-23
111900152,58,91,-33
111900153,1130,794,336
111900154,20,344,-324
111900155,74,85,-11
111900156,67,82,-15
111900157,189,18,171
111900158,604,75,529
111900159,415,29,386
111900160,330,1,329
111900161,192,6,186
111900162,61,164,-103
111900163,48,134,-86
111900164,70,88,-18
111901113,621,177,444
111901114,287,207,80
111901115,89,3,86
111901116,47,6,41
111901117,14,40,-26
111901118,53,261,-208
111901119,455,71,384
111901120,76,165,-89
111901121,124,127,-3
111901122,4,270,-266
111901123,268,238,30
111901124,252,3,249
111901125,318,98,220
111901126,120,87,33
111901127,450,736,-286
111901128,14,81,-67
111901129,9,122,-113
111901130,6,118,-112
111901131,2,219,-217
111901132,51,16,35
111901133,55,6,49
111901134,103,4,99
111901135,31,12,19
111901136,27,53,-26
111901137,4,41,-37
111901138,164,33,131
111901139,22,32,-10
111901140,12,70,-58
111901141,10,94,-84
111901142,5,65,-60
111901143,1,98,-97
111901144,25,45,-20
112000001,2031,668,1363
112000002,640,1782,-1142
112000003,1813,1103,710
112000004,758,716,42
112000005,3641,3761,-120
112000006,1832,1514,318
112000007,4107,2435,1672
112000008,2658,3576,-918
112000009,2682,2175,507
112000010,3224,3914,-690
112000011,1394,1460,-66
112000012,4536,5742,-1206
112000013,3023,3136,-113
112000014,2276,3338,-1062
112000015,2355,3931,-1576
112000016,4355,2172,2183
112000017,2030,3860,-1830
112000024,1921,775,1146
112000026,2447,3002,-555
112000027,947,614,333
112000028,980,1353,-373
112000029,672,899,-227
112000030,124,100,24
112000031,1325,5319,-3994
112000032,183,53,130
112000033,1578,2846,-1268
112000034,150,71,79
112000035,138,491,-353
112000036,687,1395,-708
112000037,1622,881,741
112000038,1772,1217,555
112000039,104,86,18
112000040,87,173,-86
112000041,426,436,-10
112000042,1054,384,670
112000050,1343,1370,-27
112000051,1232,1561,-329
112000054,1444,1420,24
112000057,621,416,205
112000058,312,601,-289
112000059,573,969,-396
112000061,2538,1810,728
112000062,1565,1146,419
112000063,1048,2391,-1343
112000064,3704,4516,-812
112000065,1409,1985,-576
112000066,3759,1513,2246
112000067,667,616,51
112000068,3402,2654,748
112000069,601,1673,-1072
112000070,2088,964,1124
112000071,1147,2295,-1148
112000072,3146,961,2185
112000073,1726,2470,-744
112000074,1873,1322,551
112000075,1274,1225,49
112000076,3177,2249,928
112000077,632,490,142
112000078,1863,594,1269
112000079,1442,1212,230
112000080,750,640,110
112000081,1171,2059,-888
112000082,1660,717,943
112000083,568,1090,-522
112000084,1623,729,894
112000085,1256,872,384
112000086,2040,1106,934
112000087,588,332,256
112000088,981,431,550
112000089,299,294,5
112000090,217,276,-59
112000091,580,729,-149
112000092,2392,1039,1353
112000093,1513,709,804
112000094,815,823,-8
112000095,729,702,27
112000096,727,572,155
112000097,1631,852,779
112000098,936,798,138
112000099,951,1889,-938
112000100,2389,754,1635
112000101,566,654,-88
112000102,1679,452,1227
112000103,382,805,-423
112000105,471,964,-493
112000106,1898,328,1570
112000107,35,238,-203
112000108,220,1118,-898
112000109,92,64,28
112000110,1565,479,1086
112000111,889,3305,-2416
112000112,4411,587,3824
112000113,839,1523,-684
112000114,2705,955,1750
112000115,349,340,9
112000116,834,940,-106
112000117,1019,825,194
112000118,861,711,150
112000119,465,586,-121
112000120,79,262,-183
112000121,152,283,-131
112000122,326,163,163
112000123,836,139,697
112000124,418,68,350
112000125,225,219,6
112000126,317,332,-15
112000127,2153,2761,-608
112000128,760,781,-21
112000129,129,78,51
112000130,248,76,172
112000131,55,222,-167
112000132,128,263,-135
112000133,412,171,241
112000134,506,316,190
112000135,1477,699,778
112000136,947,1227,-280
112000137,1739,1851,-112
112000138,1334,1135,199
112000139,893,665,228
112000140,745,979,-234
112000141,1015,346,669
112000142,161,447,-286
112000143,1126,182,944
112000144,308,841,-533
112000145,2901,521,2380
112000146,581,1296,-715
112000147,2456,1628,828
112000148,1351,1593,-242
112000149,621,401,220
112000150,241,577,-336
112000151,361,321,40
112000152,405,359,46
112000153,165,226,-61
112000154,142,228,-86
112000155,144,139,5
112000157,641,579,62
112000158,336,333,3
112000159,646,272,374
112000167,478,91,387
112000169,243,383,-140
112000173,873,234,639
112000175,393,352,41
112000176,2232,2024,208
112000177,976,286,690
112000178,94,264,-170
112000179,290,92,198
112000180,305,333,-28
112000181,1330,1458,-128
112000182,1643,1018,625
112000183,47,29,18
112000184,443,266,177
112000185,692,404,288
112000187,5490,3332,2158
112000195,194,20,174
112000196,295,3,292
112000197,294,241,53
112000198,33,341,-308
112000199,131,785,-654
112000202,536,1,535
112000216,52,188,-136
112000230,130,13,117
112000231,0,194,-194
112000256,85,299,-214
112000313,72,187,-115
112000314,75,35,40
112000337,463,563,-100
112000352,332,470,-138
112000392,1670,1483,187
112000398,1626,784,842
112000399,1377,2339,-962
112000400,1569,2169,-600
112000401,2167,1723,444
112000402,3617,4083,-466
112000403,1632,3138,-1506
112000404,1011,1114,-103
112000405,2226,2925,-699
112000406,2771,1760,1011
112000407,8447,8710,-263
112000408,6812,4433,2379
112000409,1483,3159,-1676
112000410,586,396,190
112000411,2680,1661,1019
112000412,1265,552,713
112000413,6182,6534,-352
112000414,57,73,-16
112000415,102,48,54
112000416,2877,1337,1540
112000417,342,95,247
112000421,59,84,-25
112000422,370,237,133
112000424,1608,2818,-1210
112000425,503,475,28
112000426,151,298,-147
112000427,1,11,-10
112000428,252,270,-18
112000429,1987,2090,-103
112000430,2386,2715,-329
112000431,81,141,-60
112000432,705,852,-147
112000433,375,940,-565
112000437,78,135,-57
112900001,74,3,71
112900002,576,653,-77
112900003,69,211,-142
112900004,120,233,-113
112900005,229,181,48
112900006,9,210,-201
112900007,79,148,-69
112900008,0,25,-25
112900009,428,136,292
112900010,404,720,-316
112900011,118,182,-64
112900012,2,46,-44
112900013,13,419,-406
112900014,4,253,-249
112900015,421,700,-279
112900016,9,180,-171
112900017,51,193,-142
112900018,1,172,-171
112900019,36,181,-145
112900020,359,1007,-648
112900021,0,124,-124
112900022,21,114,-93
112900023,1,87,-86
112900024,15,203,-188
112900025,142,301,-159
112900026,3,141,-138
112900027,1,747,-746
112900028,17,128,-111
112900029,26,375,-349
112900030,84,120,-36
112900031,4,349,-345
112900032,303,190,113
112900034,2,43,-41
112900035,4,297,-293
112900036,41,96,-55
112900037,155,238,-83
112900038,863,223,640
112900039,12,255,-243
112900040,5,418,-413
112900041,809,1410,-601
112900042,73,250,-177
112900043,43,83,-40
112900044,489,517,-28
112900045,226,274,-48
112900046,162,68,94
112900047,14,19,-5
112900049,237,73,164
112900050,39,555,-516
112900051,255,480,-225
112900052,5,538,-533
112900053,224,138,86
112900054,162,53,109
112900055,116,37,79
112900056,415,279,136
112900057,12,368,-356
112900058,373,488,-115
112900059,123,144,-21
112900060,36,142,-106
112900061,106,112,-6
112900062,57,83,-26
112900063,74,18,56
112900064,177,198,-21
112900065,44,33,11
112900066,393,237,156
112900067,345,147,198
112900068,70,45,25
112900069,1366,850,516
112900071,46,13,33
112900072,113,2197,-2084
112900073,365,146,219
112900074,96,294,-198
112900075,1038,1039,-1
112900076,64,39,25
112900078,372,417,-45
112900079,432,37,395
112900080,95,2,93
112900081,66,191,-125
112900082,696,25,671
112900083,124,98,26
112900084,274,159,115
112900085,0,13,-13
112900086,89,2,87
112900087,896,149,747
112900088,217,53,164
112900089,1402,52,1350
112900090,75,42,33
112900091,300,15,285
112900092,215,335,-120
112900093,1658,34,1624
112900094,123,2,121
112900095,58,2,56
112900096,613,187,426
112900097,94,342,-248
112900098,264,13,251
112900099,1088,23,1065
112900100,65,1,64
112900101,401,5,396
112900102,213,17,196
112900103,298,2,296
112900104,19,0,19
112900105,23,0,23
112900106,374,148,226
112900107,11,2,9
112900108,27,1,26
112900109,149,0,149
112900110,1573,19,1554
112900111,862,4,858
112900112,382,2,380
112900113,1,9,-8
112900114,193,15,178
112900115,1538,7,1531
112900116,212,37,175
112900117,70,71,-1
112900118,26,76,-50
112900119,174,3,171
112900120,593,265,328
112900121,107,177,-70
112900122,7,94,-87
112900123,86,29,57
112900124,23,64,-41
112900125,86,719,-633
112900126,154,175,-21
112900127,390,92,298
112900128,214,638,-424
112900129,2,616,-614
112900130,289,94,195
112900131,25,252,-227
112900132,221,386,-165
112900133,14,1140,-1126
112900134,0,292,-292
112900135,109,47,62
112900136,0,29,-29
112900137,2,367,-365
112900138,15,241,-226
112900139,220,1137,-917
112900140,0,54,-54
112900141,1102,75,1027
112900142,91,227,-136
112900143,30,389,-359
112900144,0,135,-135
112900145,27,357,-330
112900146,6,841,-835
112900147,0,1097,-1097
112900148,51,0,51
112900149,328,315,13
112900151,12,45,-33
112900152,3042,744,2298
112900153,1536,2745,-1209
112900154,1,78,-77
112900155,249,103,146
112900156,336,801,-465
112900157,510,30,480
112900158,89,38,51
112900159,252,147,105
112900160,78,202,-124
112900161,122,48,74
112900162,32,25,7
112900163,80,42,38
112900164,33,196,-163
112900165,129,32,97
112900166,34,63,-29
112900167,7,111,-104
112900168,2,3,-1
112900169,15,5,10
112900170,118,98,20
112900172,33,27,6
112900173,190,94,96
112900174,306,66,240
112900175,131,175,-44
112900176,10,34,-24
112900177,253,67,186
112900178,890,2575,-1685
112900179,37,375,-338
112900180,1970,1205,765
112900181,677,21,656
112900182,43,661,-618
112900183,139,391,-252
112900184,386,516,-130
112900185,271,788,-517
112900186,1337,1324,13
112900187,112,736,-624
112900188,661,914,-253
112900189,21,49,-28
112900190,17,98,-81
112900192,818,786,32
112900193,1672,389,1283
112900194,95,63,32
112900195,1269,62,1207
112900196,306,355,-49
112900197,210,430,-220
112900199,689,433,256
112900200,608,191,417
112900201,171,102,69
112900202,428,704,-276
112900203,354,224,130
112900204,862,582,280
112900205,21,3,18
112900206,40,69,-29
112900207,36,0,36
112900208,84,307,-223
112900209,424,305,119
112900210,1,8,-7
112900211,75,21,54
112900212,2,44,-42
112900213,41,3,38
112900214,14,19,-5
112900215,21,146,-125
112900216,23,52,-29
112900217,5,51,-46
112900218,296,10,286
112900219,89,24,65
112900220,10,0,10
112900221,144,101,43
112900222,0,59,-59
112900223,1354,37,1317
112900224,449,430,19
112900225,528,315,213
112900226,284,513,-229
112900227,789,755,34
112900228,69,35,34
112900229,303,40,263
112900230,6676,4513,2163
112900232,333,330,3
112900233,79,170,-91
112900234,27,59,-32
112900235,109,38,71
112900236,374,21,353
112900237,246,172,74
112900238,10,24,-14
113000001,6512,3923,2589
113000002,3872,3206,666
113000003,1917,1304,613
113000004,1591,2125,-534
113000005,2082,1107,975
113000006,1059,1277,-218
113000007,2348,1084,1264
113000008,1697,1470,227
113000009,1238,723,515
113000010,1234,1206,28
113000011,695,1254,-559
113000012,2002,665,1337
113000013,1260,681,579
113000014,1215,1369,-154
113000015,293,203,90
113000016,346,966,-620
113000017,84,320,-236
113000018,368,28,340
113000019,274,393,-119
113000020,383,64,319
113000021,1127,425,702
113000022,690,1131,-441
113000025,95,317,-222
113000026,522,520,2
113000027,644,675,-31
113000028,886,704,182
113000029,891,596,295
113000030,382,658,-276
113000031,210,278,-68
113000032,271,245,26
113000033,342,446,-104
113000034,354,395,-41
113000035,41,44,-3
113000036,27,70,-43
113000037,90,46,44
113000038,24,68,-44
113000039,123,316,-193
113000040,74,75,-1
113000042,847,609,238
113000051,901,2055,-1154
113000052,2014,733,1281
113000053,499,364,135
113000054,400,649,-249
113000055,1268,498,770
113000056,1118,801,317
113000058,731,870,-139
113000059,1157,560,597
113000060,272,443,-171
113000061,452,819,-367
113000062,658,303,355
113000063,269,105,164
113000064,44,231,-187
113000065,119,579,-460
113000066,972,100,872
113000067,2768,1030,1738
113000068,396,974,-578
113000069,537,832,-295
113000070,3097,995,2102
113000071,509,580,-71
113000072,1069,496,573
113000073,418,1179,-761
113000074,1074,507,567
113000075,1930,745,1185
113000076,575,1785,-1210
113000077,1254,692,562
113000078,692,2515,-1823
113000079,749,792,-43
113000080,590,756,-166
113000081,1025,940,85
113000082,1375,956,419
113000083,587,873,-286
113000084,1657,1194,463
113000085,886,686,200
113000086,1127,1222,-95
113000087,949,871,78
113000088,2251,1288,963
113000089,933,1495,-562
113000090,303,671,-368
113000091,438,385,53
113000094,1350,211,1139
113000095,258,701,-443
113000096,144,669,-525
113000097,1043,469,574
113000098,189,71,118
113000099,1230,412,818
113000100,132,384,-252
113000101,357,559,-202
113000102,749,446,303
113000103,1820,450,1370
113000104,602,1873,-1271
113000105,1020,528,492
113000106,364,489,-125
113000107,961,680,281
113000108,706,905,-199
113000109,530,1456,-926
113000110,1905,468,1437
113000111,84,502,-418
113000112,228,260,-32
113000113,1244,326,918
113000114,259,1493,-1234
113000116,643,394,249
113000117,1003,144,859
113000118,136,535,-399
113000119,385,401,-16
113000120,74,273,-199
113000121,530,956,-426
113000124,299,135,164
113000125,68,931,-863
113000127,1880,282,1598
113000128,557,595,-38
113000129,637,804,-167
113000133,2080,2016,64
113000134,10,1153,-1143
113000135,4563,4798,-235
113000137,1821,3995,-2174
113000139,448,241,207
113000140,126,249,-123
113000141,266,240,26
113000142,481,1375,-894
113000143,320,224,96
113000144,276,632,-356
113000145,101,159,-58
113000146,136,67,69
113000147,219,139,80
113000148,314,169,145
113000149,171,220,-49
113000150,767,288,479
113000151,91,69,22
113000152,45,121,-76
113000153,1310,551,759
113000154,1004,1628,-624
113000155,417,642,-225
113000156,149,378,-229
113000157,205,793,-588
113000158,753,232,521
113000159,1177,590,587
113000160,527,920,-393
113000161,300,396,-96
113000162,933,314,619
113000163,142,77,65
113000164,20,98,-78
113000166,222,93,129
113000167,25,75,-50
113000168,106,112,-6
113000169,274,46,228
113000170,89,69,20
113000171,46,108,-62
113000172,321,53,268
113000173,77,26,51
113000174,132,339,-207
113000175,498,100,398
113000176,544,153,391
113000177,197,453,-256
113000178,175,222,-47
113000179,364,211,153
113000180,691,1066,-375
113000181,947,712,235
113000182,128,461,-333
113000183,113,538,-425
113000184,35,110,-75
113000189,360,880,-520
113000190,735,605,130
113000192,860,2718,-1858
113000193,3265,1775,1490
113000194,1034,1196,-162
113000195,1936,1493,443
113000196,176,61,115
113000197,1422,1365,57
113000198,76,228,-152
113000199,1716,471,1245
113000201,174,358,-184
113000202,3906,1213,2693
113000203,198,135,63
113000204,890,2537,-1647
113000205,20,26,-6
113000206,19,77,-58
113000207,87,38,49
113000208,54,86,-32
113000209,22,34,-12
113000210,13,15,-2
113000211,117,169,-52
113000212,83,23,60
113000213,27,120,-93
113000214,134,205,-71
113000234,177,693,-516
113000410,148,247,-99
113000411,2468,4364,-1896
113000412,5153,2398,2755
113000413,2088,3095,-1007
113000414,5335,14898,-9563
113000415,2188,2953,-765
113000416,7354,4047,3307
113000417,2909,3173,-264
113000418,4840,3657,1183
113000419,2087,2750,-663
113000420,4595,7346,-2751
113000421,4062,7449,-3387
113000422,11722,12864,-1142
113000423,2057,5858,-3801
113000424,2718,9224,-6506
113000425,4,79,-75
113000428,30,7,23
113000430,7,51,-44
113000432,2251,140,2111
113000433,99,606,-507
113000434,14,113,-99
113000435,15,420,-405
113000436,13,934,-921
113000437,1318,15,1303
113000438,248,8,240
113000439,16,75,-59
113000440,113,28,85
113000441,213,129,84
113000442,124,166,-42
113000443,288,232,56
113000444,234,129,105
113000445,128,123,5
113000446,22,80,-58
113000448,123,182,-59
113000449,217,401,-184
113000450,525,1521,-996
113000451,1108,178,930
113000452,244,300,-56
113000453,29,340,-311
113000454,376,44,332
113000455,2,337,-335
113000456,3710,3114,596
113000468,1251,196,1055
113000469,74,188,-114
113000470,388,27,361
113000471,16,295,-279
113000472,131,311,-180
113000474,704,554,150
113000475,1506,1690,-184
113000476,1578,1915,-337
113000477,3642,1890,1752
113000478,3532,4045,-513
113000479,87,132,-45
113000480,129,265,-136
113000482,0,0,0
113000484,0,0,0
113000485,0,0,0
113000486,0,0,0
113000487,0,1,-1
113000489,0,1,-1
113000490,0,0,0
113000491,0,0,0
113000492,1,1,0
113000493,0,0,0
113000495,109,132,-23
113000496,71,70,1
113000498,0,0,0
113000499,0,0,0
113000500,0,5,-5
113900001,3,264,-261
113900002,3,65,-62
113900003,0,50,-50
113900004,1,53,-52
113900005,2,71,-69
113900006,5,13,-8
113900007,32,17,15
113900008,8,0,8
113900009,75,0,75
113900010,57,2,55
113900011,60,0,60
113900012,34,0,34
113900013,170,2,168
113900014,666,1,665
113900015,0,58,-58
113900016,31,0,31
113900017,3,36,-33
113900018,353,254,99
113900019,187,37,150
113900020,179,7,172
113900022,54,0,54
113900023,23,0,23
113900024,65,75,-10
113900025,330,35,295
113900026,79,0,79
113900027,5,33,-28
113900028,23,317,-294
113900029,108,141,-33
113900030,293,3,290
113900031,17,2,15
113900032,54,0,54
113900033,46,52,-6
113900035,84,0,84
113900036,17,78,-61
113900037,245,287,-42
113900038,27,91,-64
113900039,247,36,211
113900040,8,14,-6
113900041,21,2,19
113900042,72,38,34
113900043,192,110,82
113900044,257,297,-40
113900045,88,1,87
113900046,407,599,-192
113900047,53,106,-53
113900048,177,127,50
113900049,453,265,188
113900050,285,259,26
113900051,235,394,-159
113900052,187,161,26
113900053,739,496,243
113900054,41,3,38
113900055,106,432,-326
113900056,71,170,-99
113900057,14,61,-47
113900058,64,119,-55
113900059,247,354,-107
113900060,143,238,-95
113900061,885,189,696
113900062,97,22,75
113900063,101,128,-27
113900064,16,98,-82
113900065,397,19,378
113900066,405,229,176
113900067,223,320,-97
113900068,637,518,119
113900069,53,31,22
113900070,159,418,-259
113900071,62,67,-5
113900072,63,135,-72
113900073,204,223,-19
113900074,247,683,-436
113900075,1291,1200,91
113900076,168,16,152
113900077,62,157,-95
113900078,50,73,-23
113900079,1,29,-28
113900080,640,245,395
113900081,70,217,-147
113900082,112,208,-96
113900083,433,282,151
113900084,253,115,138
113900085,51,216,-165
113900086,41,18,23
113900087,109,188,-79
113900088,57,61,-4
113900089,512,41,471
113900090,657,371,286
113900091,10,14,-4
113900092,33,103,-70
113900093,82,853,-771
113900094,613,398,215
113900095,166,155,11
113900096,338,73,265
113900097,44,82,-38
113900098,785,100,685
113900099,0,32,-32
113900100,0,3,-3
113900101,21,88,-67
113900102,143,183,-40
113900103,262,361,-99
113900104,126,210,-84
113900105,148,113,35
113900106,0,45,-45
113900107,1,22,-21
113900108,240,274,-34
113900109,392,176,216
113900110,81,12,69
113900111,151,87,64
113900112,127,45,82
113900113,1020,420,600
113900114,0,68,-68
113900115,0,74,-74
113900116,134,157,-23
113900117,117,30,87
113900118,280,435,-155
113900119,135,587,-452
113900120,73,48,25
113900121,90,86,4
113900122,452,2137,-1685
113900123,505,167,338
113900124,1,87,-86
113900125,779,100,679
113900126,189,44,145
113900127,291,669,-378
113900128,146,83,63
113900129,24,168,-144
113900130,1,72,-71
113900131,362,79,283
113900132,50,83,-33
113900133,22,48,-26
113900135,229,224,5
113900136,117,73,44
113900137,294,233,61
113900138,54,270,-216
113900139,246,148,98
113900140,245,479,-234
113900141,738,253,485
113900142,168,78,90
113900143,4,59,-55
113900144,177,298,-121
113900145,431,162,269
113900146,173,69,104
113900148,110,331,-221
113900149,185,105,80
113900150,535,547,-12
113900151,473,178,295
113900152,47,71,-24
113900153,272,646,-374
113900154,7,110,-103
113900155,169,240,-71
113900156,267,336,-69
113900157,56,291,-235
113900158,328,475,-147
113900159,17,279,-262
113900160,499,440,59
113900161,77,266,-189
113900162,450,1088,-638
113900163,276,204,72
113900164,281,36,245
113900165,761,462,299
113900166,182,198,-16
113900167,272,37,235
113900168,89,82,7
113900169,238,330,-92
113900171,246,90,156
113900172,8,116,-108
113900173,44,386,-342
113900174,509,545,-36
113900175,310,118,192
113900176,366,531,-165
113900177,308,167,141
113900178,344,147,197
113900179,26,283,-257
113900180,143,93,50
113900181,1007,157,850
113900182,706,848,-142
113900183,68,70,-2
113900184,6,306,-300
113900185,132,79,53
113900186,46,29,17
113900187,34,137,-103
113900188,42,175,-133
113900189,257,129,128
113900190,264,105,159
113900191,104,274,-170
113900192,8,668,-660
113900193,16,140,-124
113900194,1157,840,317
113900195,217,284,-67
113900196,19,136,-117
113900197,2,127,-125
113900198,32,174,-142
113900199,133,634,-501
113900200,23,205,-182
113900201,1,122,-121
113900202,37,280,-243
113900203,0,58,-58
113900204,48,477,-429
113900205,12,157,-145
113900206,11,134,-123
113900207,1,41,-40
113900208,0,41,-41
113900209,0,78,-78
113900210,482,827,-345
113900211,266,62,204
113900212,256,335,-79
113900214,387,346,41
113900215,266,114,152
113900216,147,559,-412
113900217,82,145,-63
113900218,167,80,87
113900219,110,507,-397
113900220,172,150,22
113900221,501,330,171
113900222,216,677,-461
113900223,228,595,-367
113900224,70,64,6
113900225,720,247,473
113900226,455,121,334
113900227,508,254,254
113900228,300,448,-148
113900229,70,850,-780
113900230,3805,4102,-297
113900231,179,158,21
113900232,87,85,2
113900233,117,94,23
113900234,386,467,-81
113900235,89,26,63
113900236,207,250,-43
113900237,212,11,201
113900238,239,603,-364
113900239,52,127,-75
113900240,5,199,-194
113900241,102,59,43
113900242,57,158,-101
113900243,98,368,-270
113900244,279,146,133
113900245,1093,257,836
113900246,14,25,-11
113900247,123,416,-293
113900248,2306,2140,166
113900249,716,390,326
113900250,75,194,-119
113900251,851,145,706
113900252,613,31,582
113900253,698,67,631
113900254,950,186,764
113900255,609,16,593
113900256,359,33,326
113900257,33,331,-298
113900258,17,362,-345
113900259,635,122,513
113900260,261,14,247
113900261,39,68,-29
113900262,153,378,-225
113900263,133,577,-444
113900264,1,319,-318
113900265,180,305,-125
113900266,53,164,-111
113900267,116,475,-359
113900268,337,428,-91
113900269,76,127,-51
113900270,239,733,-494
113900271,646,863,-217
113900273,27,19,8
113900274,77,18,59
113900275,25,39,-14
113900276,2,109,-107
113900277,183,11,172
113900278,249,152,97
113900279,70,80,-10
113900280,1207,522,685
113900281,465,1439,-974
113900282,786,729,57
113900283,402,488,-86
113900284,873,156,717
113900285,136,29,107
113900286,88,126,-38
113900287,61,62,-1
113900288,1,106,-105
113900289,633,98,535
113900290,233,291,-58
113900291,106,139,-33
113900292,12,10,2
113900293,1,211,-210
113900294,469,25,444
113900295,413,421,-8
113900296,1789,405,1384
113900297,2226,56,2170
113900298,13,1408,-1395
113900299,96,105,-9
113900300,4085,3965,120
113900301,773,404,369
113900302,1736,941,795
113900303,444,552,-108
113900304,1,106,-105
113900305,134,0,134
113900306,46,1,45
113900307,19,0,19
113900308,106,137,-31
113900309,2,447,-445
113900310,0,5,-5
113900311,5,0,5
113900312,161,155,6
113900313,13,14,-1
114000001,1024,2147,-1123
114000002,321,301,20
114000003,47,270,-223
114000004,104,175,-71
114000005,262,240,22
114000006,3043,2558,485
114000007,813,1241,-428
114000008,1392,1981,-589
114000009,939,301,638
114000011,3015,1984,1031
114000012,3004,1495,1509
114000013,1785,1183,602
114000014,538,298,240
114000015,2323,332,1991
114000016,248,230,18
114000017,114,371,-257
114000018,219,21,198
114000026,2083,1159,924
114000027,3653,2008,1645
114000028,2734,2674,60
114000038,363,181,182
114000039,106,52,54
114000040,141,195,-54
114000042,188,151,37
114000043,45,72,-27
114000044,288,41,247
114000045,53,66,-13
114000046,3049,5231,-2182
114000047,8,75,-67
114000048,83,45,38
114000049,1580,1971,-391
114000050,1993,2658,-665
114000051,3533,2554,979
114000052,4064,2224,1840
114000053,132,889,-757
114000054,197,781,-584
114000055,197,37,160
114000056,907,1077,-170
114000057,4102,2127,1975
114000058,426,1770,-1344
114000059,247,385,-138
114000060,644,847,-203
114000061,3119,3159,-40
114000062,2059,1878,181
114000063,2173,1548,625
114000064,4728,3838,890
114000065,1306,2065,-759
114000066,419,637,-218
114000067,57,1008,-951
114000068,660,780,-120
114000069,1214,716,498
114000070,2172,1919,253
114000071,827,550,277
114000072,469,208,261
114000073,28,54,-26
114000074,71,31,40
114000075,61,57,4
114000076,34,88,-54
114000077,19,22,-3
114000078,337,504,-167
114000079,150,29,121
114000080,73,86,-13
114000081,89,107,-18
114000082,62,348,-286
114000083,72,175,-103
114000084,353,85,268
114000085,120,500,-380
114000086,217,305,-88
114000087,114,153,-39
114000088,54,35,19
114000089,647,295,352
114000090,901,1065,-164
114000091,1709,1052,657
114000092,1118,616,502
114000093,1705,772,933
114000094,351,334,17
114000095,225,175,50
114000096,102,315,-213
114000097,109,388,-279
114000098,619,114,505
114000099,854,380,474
114000100,1976,598,1378
114000101,463,511,-48
114000102,633,277,356
114000103,156,283,-127
114000104,53,199,-146
114000105,163,94,69
114000106,807,1366,-559
114000107,489,123,366
114000108,922,860,62
114000109,670,1113,-443
114000110,601,1055,-454
114000111,2132,815,1317
114000112,281,1149,-868
114000113,991,398,593
114000114,1259,1049,210
114000115,2244,1181,1063
114000116,980,1930,-950
114000117,3858,500,3358
114000118,3055,485,2570
114000119,1968,493,1475
114000120,585,594,-9
114000121,379,649,-270
114000122,436,281,155
114000123,2641,356,2285
114000124,1138,303,835
114000125,724,916,-192
114000126,1883,205,1678
114000127,215,178,37
114000128,842,295,547
114000130,445,498,-53
114000131,387,115,272
114000132,755,487,268
114000133,979,1611,-632
114000134,88,113,-25
114000138,45,161,-116
114000139,497,296,201
114000144,1077,561,516
114000145,94,128,-34
114000146,165,224,-59
114000147,1578,2092,-514
114000148,1697,1828,-131
114000149,469,349,120
114000150,488,700,-212
114000151,730,1489,-759
114000152,131,35,96
114000153,720,2844,-2124
114000154,729,895,-166
114000155,1331,2283,-952
114000156,722,689,33
114000157,233,1087,-854
114000158,1392,812,580
114000159,184,479,-295
114000160,95,506,-411
114000161,1391,3534,-2143
114000162,1286,3037,-1751
114000163,36,74,-38
114000165,566,339,227
114000166,627,516,111
114000167,2579,1559,1020
114000168,670,542,128
114000169,1356,1329,27
114000170,1213,1342,-129
114000171,1289,3967,-2678
114000174,210,429,-219
114000176,325,488,-163
114000177,1397,644,753
114000178,74,43,31
114000179,985,629,356
114000180,402,591,-189
114000181,1612,4113,-2501
114000182,1726,2122,-396
114000183,850,786,64
114000184,2815,811,2004
114000185,1117,699,418
114000189,1320,216,1104
114000190,3333,499,2834
114000191,77,115,-38
114000192,209,1008,-799
114000193,492,1850,-1358
114000194,1523,651,872
114000195,176,36,140
114000196,1,122,-121
114000197,1570,36,1534
114000198,692,268,424
114000199,1685,1564,121
114000200,478,1230,-752
114000201,150,661,-511
114000202,1081,417,664
114000203,448,504,-56
114000204,172,350,-178
114000205,238,1282,-1044
114000206,580,1034,-454
114000207,562,1240,-678
114000208,472,1826,-1354
114000209,594,1654,-1060
114000210,283,902,-619
114000211,1028,1195,-167
114000212,941,803,138
114000213,1387,576,811
114000214,111,169,-58
114000215,263,90,173
114000216,1624,350,1274
114000217,392,204,188
114000218,177,196,-19
114000219,1177,190,987
114000220,30,645,-615
114000221,961,140,821
114000222,155,798,-643
114000223,567,153,414
114000224,69,446,-377
114000225,309,474,-165
114000226,282,220,62
114000227,705,466,239
114000228,859,534,325
114000229,1282,1286,-4
114000230,1784,1030,754
114000231,1196,1379,-183
114000232,898,135,763
114000233,2439,136,2303
114000234,1099,661,438
114000235,1035,1010,25
114000236,0,308,-308
114000237,121,728,-607
114000238,105,182,-77
114000239,169,879,-710
114000240,728,721,7
114000241,248,810,-562
114000242,812,707,105
114000243,1598,773,825
114000244,562,328,234
114000245,392,638,-246
114000246,136,26,110
114000247,448,517,-69
114000248,1223,460,763
114000249,531,398,133
114000250,545,587,-42
114000251,450,209,241
114000252,73,61,12
114000253,56,104,-48
114000254,55,54,1
114000255,684,333,351
114000256,1173,2555,-1382
114000257,358,1024,-666
114000258,325,386,-61
114000259,84,199,-115
114000260,1,37,-36
114000261,60,30,30
114000262,300,121,179
114000263,9,4,5
114000264,1375,486,889
114000265,0,0,0
114000267,9,1579,-1570
114000268,2,1012,-1010
114000270,130,2,128
114000271,383,63,320
114000283,1325,402,923
114000285,28,120,-92
114000288,84,287,-203
114000289,1488,87,1401
114000293,213,409,-196
114000294,164,261,-97
114000395,1332,35,1297
114000396,667,550,117
114000402,626,253,373
114000403,305,216,89
114000405,203,354,-151
114000423,467,267,200
114000424,522,207,315
114000425,1084,277,807
114000426,304,782,-478
114000427,89,84,5
114000428,110,176,-66
114000429,9,160,-151
114000432,90,46,44
114000434,44,89,-45
114000435,0,19,-19
114900001,891,592,299
114900002,645,110,535
114900003,994,909,85
114900004,235,524,-289
114900005,750,629,121
114900006,110,140,-30
114900007,349,27,322
114900008,205,85,120
114900010,1625,2042,-417
114900011,246,143,103
114900013,260,135,125
114900015,100,427,-327
114900018,1030,27,1003
114900020,274,103,171
114900021,311,197,114
114900022,2,674,-672
114900024,404,154,250
114900025,571,228,343
114900026,82,161,-79
114900027,269,271,-2
114900029,26,16,10
114900030,406,261,145
114900031,486,26,460
114900032,476,20,456
114900033,774,998,-224
114900034,57,159,-102
114900035,162,355,-193
114900036,234,535,-301
114900037,123,163,-40
114900038,203,438,-235
114900039,520,455,65
114900040,79,88,-9
114900041,863,349,514
114900042,907,512,395
114900043,420,217,203
114900044,143,50,93
114900045,161,285,-124
114900046,41,115,-74
114900047,243,1957,-1714
114900048,113,243,-130
114900049,10,126,-116
114900050,49,284,-235
114900051,30,310,-280
114900052,99,233,-134
114900053,87,236,-149
114900054,34,117,-83
114900057,236,8,228
114900058,1,133,-132
114900059,106,59,47
114900060,907,849,58
114900061,131,106,25
114900062,248,416,-168
114900063,64,154,-90
114900064,1680,426,1254
114900065,451,720,-269
114900067,71,373,-302
114900068,56,115,-59
114900069,185,105,80
114900070,759,347,412
114900072,7,291,-284
114900073,1,130,-129
114900074,779,414,365
114900075,386,7,379
114900076,10,326,-316
114900080,1445,324,1121
114900082,3062,2179,883
114900083,1113,1169,-56
114900084,291,177,114
114900090,516,172,344
114900091,102,182,-80
114900095,263,109,154
114900096,469,744,-275
114900097,209,24,185
114900098,13,137,-124
114900099,227,13,214
115000001,4941,2897,2044
115000002,4272,4317,-45
115000003,4340,2250,2090
115000004,5019,6434,-1415
115000005,1413,1662,-249
115000006,990,1542,-552
115000007,80,212,-132
115000008,361,404,-43
115000009,213,261,-48
115000010,256,203,53
115000013,118,167,-49
115000015,59,247,-188
115000016,268,413,-145
115000019,42,462,-420
115000020,126,769,-643
115000021,253,400,-147
115000022,473,361,112
115000023,390,629,-239
115000024,906,404,502
115000025,980,644,336
115000026,188,334,-146
115000027,327,350,-23
115000028,238,663,-425
115000029,676,103,573
115000030,894,937,-43
115000031,1378,382,996
115000032,8,201,-193
115000033,159,28,131
115000034,64,1087,-1023
115000035,1227,76,1151
115000036,0,410,-410
115000037,627,22,605
115000038,81,143,-62
115000039,3015,3755,-740
115000040,4359,2411,1948
115000041,1212,3755,-2543
115000042,766,598,168
115000043,3884,2490,1394
115000044,3332,3165,167
115000045,2491,1316,1175
115000046,2689,2302,387
115000047,2614,1420,1194
115000048,1531,1660,-129
115000049,1416,2665,-1249
115000050,3504,1587,1917
115000051,1554,2858,-1304
115000052,1674,1436,238
115000053,1962,1832,130
115000054,633,1002,-369
115000055,142,682,-540
115000056,157,415,-258
115000057,477,1157,-680
115000058,381,333,48
115000059,214,139,75
115000061,116,136,-20
115000062,181,240,-59
115000063,414,259,155
115000064,176,122,54
115000065,83,531,-448
115000067,159,4,155
115000069,76,257,-181
115000070,27,812,-785
115000071,103,20,83
115000072,8,79,-71
115000073,1323,60,1263
115000075,94,46,48
115000076,2791,2292,499
115000077,2153,1656,497
115000078,1398,987,411
115000079,1443,1303,140
115000080,2686,1664,1022
115000081,361,724,-363
115000082,4346,3566,780
115000083,1951,1567,384
115000084,2751,1028,1723
115000085,756,782,-26
115000086,1357,710,647
115000087,365,1189,-824
115000088,2070,705,1365
115000089,1227,1062,165
115000090,490,796,-306
115000091,183,601,-418
115000092,612,325,287
115000093,534,9,525
115000094,5824,5185,639
115000095,3964,5691,-1727
115000096,905,1016,-111
115000097,1199,816,383
115000098,1282,603,679
115000099,2663,1994,669
115000100,1263,350,913
115000101,451,1088,-637
115000102,517,220,297
115000103,280,595,-315
115000105,74,109,-35
115000106,614,287,327
115000107,229,318,-89
115000108,2567,1832,735
115000109,3637,4736,-1099
115000110,1516,1709,-193
115000111,606,1465,-859
115000112,823,737,86
115000113,853,851,2
115000114,1645,678,967
115000116,4130,2520,1610
115000117,3373,3173,200
115000118,2837,1870,967
115000119,2307,2405,-98
115000120,527,1540,-1013
115000121,1019,960,59
115000122,2873,2109,764
115000123,1218,2657,-1439
115000124,582,823,-241
115000125,401,586,-185
115000126,152,302,-150
115000127,361,118,243
115000128,388,719,-331
115000129,262,358,-96
115000130,502,663,-161
115000131,949,229,720
115000132,294,297,-3
115000133,495,204,291
115000134,282,208,74
115000135,203,147,56
115000136,246,256,-10
115000137,118,144,-26
115000138,438,264,174
115000139,217,202,15
115000140,400,219,181
115000141,200,204,-4
115000142,162,207,-45
115000143,929,553,376
115000144,462,65,397
115000145,234,241,-7
115000146,509,343,166
115000147,350,397,-47
115000148,304,761,-457
115000149,720,298,422
115000150,690,675,15
115000151,1273,483,790
115000152,850,891,-41
115000153,1342,541,801
115000154,1007,292,715
115000155,669,745,-76
115000156,1284,651,633
115000157,743,727,16
115000158,576,415,161
115000159,667,681,-14
115000160,654,661,-7
115000161,562,481,81
115000162,606,838,-232
115000163,503,674,-171
115000164,651,527,124
115000165,354,551,-197
115000167,126,79,47
115000168,462,292,170
115000169,512,360,152
115000170,94,187,-93
115000171,244,226,18
115000172,987,718,269
115000173,295,623,-328
115000174,301,556,-255
115000175,271,408,-137
115000176,199,226,-27
115000177,176,238,-62
115000178,7,200,-193
115000179,16,35,-19
115000180,123,416,-293
115000181,760,121,639
115000182,952,325,627
115000183,441,579,-138
115000186,642,256,386
115000187,228,621,-393
115000188,347,453,-106
115000189,206,426,-220
115000190,687,455,232
115000191,157,508,-351
115000194,155,240,-85
115000195,384,304,80
115000196,209,93,116
115000197,197,201,-4
115000198,436,151,285
115000199,412,141,271
115000200,403,92,311
115000201,144,290,-146
115000206,474,66,408
115000207,204,229,-25
115000208,321,528,-207
115000209,656,304,352
115000210,199,134,65
115000211,238,223,15
115000212,1102,361,741
115000218,86,123,-37
115000219,20,42,-22
115000224,378,49,329
115000225,55,65,-10
115000229,167,134,33
115000230,97,312,-215
115000231,207,1065,-858
115000232,1765,211,1554
115000233,137,163,-26
115000234,16,242,-226
115000241,94,186,-92
115000242,168,228,-60
115000243,68,165,-97
115000244,12,110,-98
115000246,42,10,32
115000247,41,19,22
115000248,41,39,2
115000249,43,23,20
115000250,237,30,207
115000251,257,104,153
115000252,122,181,-59
115000253,29,414,-385
115000258,397,112,285
115000259,351,128,223
115000261,23,16,7
115000262,23,20,3
115000263,27,25,2
115000264,28,18,10
115000267,42,49,-7
115000268,44,86,-42
115000269,132,40,92
115000270,5,19,-14
115000272,60,141,-81
115000273,382,42,340
115000274,388,146,242
115000280,2362,337,2025
115000281,715,810,-95
115000282,1049,1026,23
115000284,192,173,19
115000296,738,5,733
115000297,110,317,-207
115000298,46,593,-547
115000300,221,148,73
115000302,400,136,264
115000303,661,120,541
115000304,879,73,806
115000305,134,527,-393
115000306,232,213,19
115000307,101,134,-33
115000308,13,9,4
115000310,977,620,357
115000311,1106,1135,-29
115000313,119,415,-296
115000314,507,116,391
115000315,635,460,175
115000316,61,125,-64
115000317,180,485,-305
115000318,886,379,507
115000319,62,266,-204
115000320,25,327,-302
115000321,302,8,294
115000322,38,176,-138
115000449,203,161,42
115000557,35,1296,-1261
115000558,303,79,224
115000587,600,374,226
115000588,1636,2288,-652
115000589,3360,2111,1249
115000590,1205,1425,-220
115000591,1871,767,1104
115000592,805,1734,-929
115000593,1488,641,847
115000594,670,2121,-1451
115000609,113,116,-3
115000617,1378,3669,-2291
115000624,187,14,173
115000633,499,1837,-1338
115000634,2800,899,1901
115000635,629,127,502
115000638,524,481,43
115000641,36,109,-73
115000642,376,209,167
115000643,149,409,-260
115000644,144,374,-230
115000646,908,1670,-762
115000647,198,503,-305
115000648,2032,1311,721
115000893,2062,1386,676
115000894,159,796,-637
115000895,289,575,-286
115000896,950,281,669
115000897,498,132,366
115000898,653,197,456
115000899,279,934,-655
115000900,82,282,-200
115000901,26,116,-90
115000912,417,87,330
115000913,8,6,2
115000915,12,0,12
115000916,59,46,13
115000917,0,1,-1
115000918,226,722,-496
115000919,5,20,-15
115000920,7,33,-26
115000921,525,111,414
115000922,496,659,-163
115000923,208,745,-537
115000925,90,80,10
115000927,22,33,-11
115000933,93,136,-43
115900001,112,37,75
115900002,112,109,3
115900003,191,85,106
115900004,0,39,-39
115900005,173,6,167
115900006,148,208,-60
115900008,89,10,79
115900009,85,204,-119
115900010,407,114,293
115900011,503,173,330
115900012,158,28,130
115900013,433,142,291
115900014,126,103,23
115900015,146,45,101
115900016,152,27,125
115900017,16,1,15
115900018,130,57,73
115900019,438,21,417
115900020,84,1,83
115900021,849,706,143
115900022,878,18,860
115900023,9,6,3
115900025,27,259,-232
115900026,926,161,765
115900027,0,217,-217
115900028,524,44,480
115900029,10,285,-275
115900030,46,25,21
115900031,201,331,-130
115900032,526,625,-99
115900033,0,65,-65
115900034,19,246,-227
115900035,60,12,48
115900036,41,792,-751
115900037,44,256,-212
115900038,38,13,25
115900039,221,142,79
115900041,261,656,-395
115900042,24,1,23
115900043,100,65,35
115900044,171,269,-98
115900046,331,193,138
115900047,161,160,1
115900049,185,224,-39
115900051,1,30,-29
115900052,10,166,-156
115900053,327,173,154
115900054,325,55,270
115900055,24,103,-79
115900056,279,202,77
115900057,63,18,45
115900058,26,52,-26
115900060,75,123,-48
115900061,280,3,277
115900062,33,204,-171
115900063,58,5,53
115900064,191,189,2
115900065,139,62,77
115900066,138,119,19
115900067,13,337,-324
115900068,1915,977,938
115900069,40,153,-113
115900070,195,115,80
115900071,1,269,-268
115900072,33,153,-120
115900073,101,92,9
115900074,1,225,-224
115900075,42,219,-177
115900076,3,45,-42
115900077,3,166,-163
115900078,56,111,-55
115900079,272,13,259
115900080,312,160,152
115900081,21,72,-51
115900082,142,144,-2
115900084,514,23,491
115900085,33,46,-13
115900086,1347,530,817
115900088,8,43,-35
115900089,358,441,-83
115900090,457,11,446
115900091,15,27,-12
115900092,18,128,-110
115900093,10,16,-6
115900094,4,189,-185
115900096,3,14,-11
115900097,10,263,-253
115900098,155,247,-92
115900099,95,32,63
115900100,7,311,-304
115900101,137,189,-52
115900102,83,50,33
115900103,364,139,225
115900104,89,75,14
115900105,289,426,-137
115900106,95,24,71
115900107,91,59,32
115900108,179,39,140
115900109,70,374,-304
115900110,4,18,-14
115900111,3,67,-64
115900112,29,698,-669
115900113,68,17,51
115900114,2,104,-102
115900115,70,167,-97
115900116,129,771,-642
115900117,99,14,85
115900118,1,191,-190
115900119,132,118,14
115900120,27,260,-233
115900121,274,201,73
115900124,259,660,-401
115900125,373,45,328
115900126,920,92,828
115900127,799,64,735
115900128,9,317,-308
115900129,1025,55,970
115900130,28,204,-176
115900131,345,40,305
115900132,715,9,706
115900134,403,12,391
115900135,366,1092,-726
115900137,16,0,16
115900139,132,192,-60
115900140,299,50,249
115900141,26,120,-94
115900142,52,86,-34
115900143,213,327,-114
115900144,97,214,-117
115900146,6,54,-48
115900147,191,229,-38
115900148,34,8,26
115900149,152,25,127
115900150,92,33,59
115900151,14,111,-97
115900152,154,297,-143
115900153,113,155,-42
115900154,392,335,57
115900155,0,42,-42
115900156,729,976,-247
115900157,191,517,-326
115900158,10,5,5
115900159,148,212,-64
115900160,23,12,11
115900161,45,160,-115
115900163,212,120,92
115900164,815,79,736
115900165,2,167,-165
115900166,146,135,11
115900168,93,139,-46
115900171,115,430,-315
115900172,71,114,-43
115900173,234,146,88
115900174,262,198,64
115900175,164,207,-43
115900178,5,371,-366
115900179,300,12,288
115900180,20,94,-74
115900181,184,124,60
115900182,409,144,265
115900183,122,184,-62
115900184,1457,15,1442
115900187,16,141,-125
115900189,0,291,-291
115900190,1,1239,-1238
115900191,24,288,-264
115900192,12,109,-97
115900193,239,99,140
115900194,957,101,856
115900195,633,2536,-1903
115900198,232,300,-68
115900199,265,237,28
115900200,235,322,-87
115900201,391,342,49
115900202,0,59,-59
115900203,6,9,-3
115900204,1,2,-1
115900205,61,15,46
115900206,184,131,53
115900207,38,11,27
115900208,161,128,33
115900209,5,148,-143
115900210,8,134,-126
115900211,1,188,-187
115900212,172,161,11
115900213,136,109,27
115900214,578,167,411
115900215,20,149,-129
115900216,6,76,-70
115900217,4,25,-21
115900218,5,33,-28
115900219,95,9,86
115900220,203,12,191
115900221,112,18,94
115900222,101,34,67
115900223,12,447,-435
115900224,647,1286,-639
115900225,55,78,-23
115900226,15,43,-28
115900227,8,32,-24
115900228,16,69,-53
115900229,3,34,-31
115900230,40,87,-47
115900231,123,5,118
115900232,52,3,49
115900233,90,17,73
115900234,50,27,23
115900235,31,25,6
115900236,76,41,35
115900237,18,30,-12
115900238,23,12,11
115900239,16,27,-11
115900240,15,38,-23
115900241,260,100,160
115900242,270,339,-69
115900243,4,8,-4
115900244,22,8,14
115900245,1,10,-9
115900246,7,7,0
115900247,23,9,14
115900248,9,5,4
115900249,4,9,-5
115900250,35,30,5
115900251,2,10,-8
115900252,0,5,-5
115900253,17,17,0
115900254,26,29,-3
115900255,2,20,-18
115900256,9,35,-26
115900257,4,7,-3
115900258,0,1,-1
115900259,4,3,1
115900260,5,2,3
115900261,6,2,4
115900262,2,0,2
115900263,17,1,16
115900264,28,7,21
115900265,2,7,-5
115900266,3,17,-14
115900267,5,18,-13
115900268,4,11,-7
115900269,476,318,158
115900270,427,256,171
116000001,8419,3825,4594
116000002,4788,11950,-7162
116000003,1426,1368,58
116000004,2750,4033,-1283
116000005,2029,2741,-712
116000006,2500,2856,-356
116000007,2063,2645,-582
116000008,4198,2576,1622
116000009,1344,1677,-333
116000010,2599,1787,812
116000011,750,1543,-793
116000012,1932,1183,749
116000013,6470,3691,2779
116000014,8559,12204,-3645
116000015,269,1461,-1192
116000016,6326,4164,2162
116000017,26,666,-640
116000018,775,480,295
116000019,1039,355,684
116000020,636,1471,-835
116000021,529,357,172
116000022,343,319,24
116000023,1280,830,450
116000024,624,744,-120
116000025,820,808,12
116000026,1550,2646,-1096
116000027,680,647,33
116000028,411,814,-403
116000029,603,687,-84
116000030,851,383,468
116000031,215,302,-87
116000032,198,224,-26
116000033,294,192,102
116000034,795,422,373
116000035,280,753,-473
116000036,2023,2030,-7
116000037,599,602,-3
116000038,423,478,-55
116000039,542,504,38
116000040,850,344,506
116000041,229,563,-334
116000042,716,409,307
116000043,143,1202,-1059
116000044,2,17,-15
116000045,1869,1680,189
116000046,1075,1851,-776
116000047,1642,2000,-358
116000048,1953,1701,252
116000049,1382,3021,-1639
116000050,1425,1146,279
116000051,5723,2723,3000
116000052,4803,4825,-22
116000053,2290,727,1563
116000054,832,2550,-1718
116000055,714,880,-166
116000056,867,933,-66
116000057,3068,1596,1472
116000058,3440,3195,245
116000059,3406,5411,-2005
116000060,1952,882,1070
116000061,239,952,-713
116000062,595,216,379
116000063,578,1105,-527
116000066,266,634,-368
116000067,183,368,-185
116000068,250,317,-67
116000069,255,330,-75
116000078,514,1144,-630
116000080,1868,873,995
116000082,4,57,-53
116000083,1794,408,1386
116000084,1778,2699,-921
116000085,2207,1863,344
116000086,1187,690,497
116000087,2243,1614,629
116000088,668,834,-166
116000089,141,94,47
116000090,109,156,-47
116000091,312,196,116
116000093,1263,500,763
116000094,774,553,221
116000095,889,600,289
116000096,902,1526,-624
116000097,1154,729,425
116000098,23,6566,-6543
116000099,5353,164,5189
116000100,227,23,204
116000101,952,695,257
116000102,239,964,-725
116000103,521,323,198
116000104,284,1136,-852
116000105,1295,171,1124
116000106,543,864,-321
116000107,2898,276,2622
116000108,325,211,114
116000111,137,31,106
116000113,173,98,75
116000114,44,134,-90
116000115,404,100,304
116000116,282,383,-101
116000117,1670,1753,-83
116000118,1553,1031,522
116000119,3792,1870,1922
116000120,2991,3149,-158
116000121,1048,545,503
116000122,1113,1323,-210
116000123,1284,393,891
116000124,394,779,-385
116000125,3258,846,2412
116000126,316,1194,-878
116000127,811,947,-136
116000128,2075,917,1158
116000129,1577,219,1358
116000130,637,495,142
116000133,1354,689,665
116000134,1695,1599,96
116000135,3024,1344,1680
116000136,1036,1606,-570
116000137,1227,757,470
116000138,1166,721,445
116000139,1829,2454,-625
116000140,177,228,-51
116000141,283,451,-168
116000142,2887,2094,793
116000143,1839,1733,106
116000144,1610,1502,108
116000145,1885,1077,808
116000146,588,134,454
116000147,179,122,57
116000148,555,555,0
116000149,786,848,-62
116000151,509,416,93
116000153,101,352,-251
116000155,173,290,-117
116000156,835,848,-13
116000157,97,13,84
116000158,304,315,-11
116000159,10,9,1
116000160,16,65,-49
116000161,6,72,-66
116000162,83,119,-36
116000163,31,13,18
116000164,9,17,-8
116000177,297,167,130
116000194,74,388,-314
116000195,1451,535,916
116000196,22,4,18
116000197,19,16,3
116000198,2430,1161,1269
116000200,691,536,155
116000201,670,571,99
116000202,6,207,-201
116000203,2,83,-81
116000204,12,49,-37
116000205,1,116,-115
116000206,0,77,-77
116000207,15,41,-26
116000233,203,424,-221
116000287,149,287,-138
116000288,326,230,96
116000292,75,126,-51
116000296,12,115,-103
116000297,84,10,74
116000304,264,3,261
116000305,4,158,-154
116000346,195,106,89
116000352,98,31,67
116000354,31,3,28
116000357,12,24,-12
116000358,485,65,420
116000361,76,0,76
116000372,3863,4688,-825
116000381,147,4,143
116000388,2,29,-27
116000389,1068,578,490
116000445,546,412,134
116000446,723,460,263
116000447,22,517,-495
116000448,560,158,402
116000563,1095,938,157
116000565,39,336,-297
116000568,62,400,-338
116000579,40,92,-52
116000584,23,5,18
116000585,27,16,11
116000586,92,115,-23
116000587,283,520,-237
116000589,56,74,-18
116000590,101,98,3
116000591,284,144,140
116000592,4,96,-92
116000593,1,30,-29
116000594,763,355,408
116000595,650,130,520
116000596,107,5,102
116000597,503,117,386
116000598,25,150,-125
116000602,56,407,-351
116000605,198,128,70
116000606,86,181,-95
116000607,6,46,-40
116000609,247,917,-670
116000611,192,414,-222
116000612,762,1853,-1091
116000613,723,339,384
116000614,432,487,-55
116000615,44,449,-405
116000616,52,64,-12
116000617,91,29,62
116000618,11,79,-68
116000619,74,65,9
116000620,166,107,59
116000621,53,154,-101
116000622,56,135,-79
116000624,160,74,86
116900001,261,193,68
116900002,269,3,266
116900003,28,34,-6
116900004,32,101,-69
116900005,344,67,277
116900006,101,159,-58
116900007,144,197,-53
116900008,639,268,371
116900009,14,9,5
116900010,0,992,-992
116900011,14,29,-15
116900012,189,203,-14
116900013,6,154,-148
116900014,160,137,23
116900015,489,46,443
116900016,259,1,258
116900017,4,366,-362
116900018,67,41,26
116900019,4,236,-232
116900020,388,611,-223
116900023,84,12,72
116900024,601,45,556
116900025,1300,797,503
116900026,122,571,-449
116900027,33,44,-11
116900028,4,117,-113
116900029,1,42,-41
116900031,1,4,-3
116900032,4,233,-229
116900033,25,17,8
116900034,31,72,-41
116900035,175,122,53
116900036,4,84,-80
116900038,40,2,38
116900041,72,29,43
116900042,446,232,214
116900043,32,54,-22
116900045,230,92,138
116900047,27,112,-85
116900049,22,279,-257
116900050,129,352,-223
116900051,132,135,-3
116900052,178,82,96
116900055,2,8,-6
116900057,17,186,-169
116900058,37,292,-255
116900059,1,131,-130
116900060,257,135,122
116900062,1,11,-10
116900064,92,474,-382
116900065,34,114,-80
116900067,219,81,138
116900068,159,162,-3
116900070,0,1,-1
116900072,34,289,-255
116900073,16,115,-99
116900074,6,47,-41
116900076,12,29,-17
116900077,5,128,-123
116900078,169,96,73
116900079,37,182,-145
116900080,11,23,-12
116900081,331,879,-548
116900082,258,944,-686
116900083,46,24,22
116900084,93,62,31
116900085,27,135,-108
116900086,53,149,-96
116900088,370,108,262
116900090,54,52,2
116900091,340,54,286
116900092,113,565,-452
116900093,1590,1800,-210
116900094,3592,3978,-386
116900095,251,118,133
116900096,171,383,-212
116900097,1983,2967,-984
116900098,809,383,426
116900099,772,617,155
116900100,976,69,907
116900101,268,408,-140
116900103,8,1,7
116900104,43,64,-21
116900105,349,159,190
116900106,2114,140,1974
116900107,2614,2715,-101
116900110,10,2,8
116900111,759,545,214
116900112,322,833,-511
116900113,1744,1028,716
116900116,91,682,-591
116900117,181,112,69
116900118,596,906,-310
116900120,477,84,393
116900121,144,27,117
116900122,1054,583,471
116900123,240,623,-383
116900124,177,736,-559
116900125,474,178,296
116900126,117,595,-478
116900128,0,28,-28
116900129,1,342,-341
116900130,627,3850,-3223
116900131,100,375,-275
116900132,63,120,-57
116900133,184,117,67
116900134,272,261,11
116900136,202,193,9
116900137,257,179,78
116900138,229,189,40
116900139,138,386,-248
116900140,224,143,81
116900141,844,446,398
116900142,4,57,-53
116900143,478,515,-37
116900144,40,89,-49
116900145,121,192,-71
116900147,451,442,9
116900148,6,45,-39
116900149,60,294,-234
116900150,14,22,-8
116900151,26,8,18
116900153,133,89,44
116900154,493,701,-208
116900155,67,73,-6
116900157,663,220,443
116900158,93,291,-198
116900159,59,351,-292
116900160,830,891,-61
116900161,4676,6974,-2298
116900162,17,93,-76
116900163,242,114,128
116900164,122,69,53
116900165,249,343,-94
116900166,29,62,-33
116900167,451,65,386
116900168,378,63,315
116900169,440,538,-98
116900170,391,603,-212
116900171,84,114,-30
116900172,195,379,-184
116900173,237,38,199
116900174,59,39,20
116900175,182,205,-23
116900178,45,99,-54
116900179,71,320,-249
116900180,101,35,66
116900182,743,247,496
116900183,226,95,131
116900185,40,50,-10
116900186,120,179,-59
116900187,86,72,14
116900188,153,36,117
116900189,45,0,45
116900191,483,659,-176
116900192,306,148,158
116900194,144,1416,-1272
116900195,62,32,30
116900196,23,58,-35
116900197,127,17,110
116900198,115,226,-111
116900200,81,23,58
116900201,154,15,139
116900202,91,44,47
116900203,184,9,175
116900204,51,139,-88
116900206,20,13,7
116900207,12,25,-13
116900208,8,85,-77
116900209,35,79,-44
116900210,545,283,262
116900211,298,10,288
116900212,83,34,49
116900213,258,104,154
116900214,206,134,72
116900215,84,50,34
116900216,358,206,152
116900218,3,237,-234
116900219,1110,316,794
116900220,118,270,-152
116900221,91,379,-288
116900222,350,303,47
116900223,128,320,-192
116900226,126,74,52
116900227,155,83,72
116900228,318,148,170
116900230,94,203,-109
116900231,36,271,-235
116900232,18,265,-247
116900233,334,104,230
116900234,33,9,24
116900235,125,246,-121
116900238,1178,276,902
116900239,34,1408,-1374
116900240,4119,3123,996
116900241,137,133,4
116900242,349,689,-340
116900243,0,73,-73
116900245,38,27,11
116900246,119,6,113
116900247,930,26,904
116900248,75,34,41
116900249,510,101,409
116900250,469,41,428
116900251,356,632,-276
116900252,177,670,-493
116900253,110,53,57
116900254,23,78,-55
116900255,101,90,11
116900256,535,119,416
116900257,24,342,-318
116900258,4,155,-151
116900259,346,13,333
116900260,5,88,-83
116900261,58,0,58
116900262,177,111,66
116900263,0,12,-12
116900264,2,1,1
116900265,46,1,45
116900266,32,37,-5
116900267,7,0,7
116900268,277,248,29
116900269,255,553,-298
116900271,1221,271,950
116900272,294,238,56
116900273,141,85,56
116900274,110,39,71
116900275,151,83,68
116900276,320,172,148
116900277,464,27,437
116900278,1,2,-1
116900279,2,24,-22
116900280,32,18,14
116900281,4617,4933,-316
116900282,5,62,-57
116900283,12,71,-59
116900284,14,154,-140
116900285,216,184,32
116900286,198,27,171
116900287,9,25,-16
116900288,67,84,-17
116900289,10,4,6
116900290,4,31,-27
116900291,15,6,9
116900292,0,19,-19
116900293,78,32,46
116900294,18,119,-101
116900295,51,42,9
116900296,21,25,-4
116900297,3,45,-42
116900298,36,37,-1
116900299,19,53,-34
116900300,0,42,-42
116900301,20,37,-17
116900302,888,1059,-171
116900303,140,97,43
116900304,1,118,-117
116900305,5,34,-29
116900306,187,104,83
117000001,2475,1880,595
117000002,1926,3567,-1641
117000003,6987,3514,3473
117000004,3766,4250,-484
117000005,2329,2132,197
117000006,1145,2529,-1384
117000007,4085,1198,2887
117000008,1039,2900,-1861
117000009,5155,1981,3174
117000010,2440,3332,-892
117000011,2426,1748,678
117000012,1331,1062,269
117000013,1887,787,1100
117000014,1109,1776,-667
117000015,2557,1167,1390
117000016,266,111,155
117000017,153,109,44
117000018,142,783,-641
117000019,91,1,90
117000020,413,1670,-1257
117000021,1220,274,946
117000022,291,120,171
117000023,138,143,-5
117000024,172,232,-60
117000025,418,927,-509
117000026,1725,1447,278
117000027,1181,2841,-1660
117000028,1834,1108,726
117000030,123,112,11
117000032,1194,1194,0
117000033,1409,1238,171
117000034,141,81,60
117000036,184,83,101
117000038,100,195,-95
117000039,29,52,-23
117000040,269,735,-466
117000041,1277,168,1109
117000044,10,656,-646
117000045,404,99,305
117000046,431,694,-263
117000047,916,618,298
117000048,1687,880,807
117000049,148,788,-640
117000050,147,1382,-1235
117000051,2510,93,2417
117000052,41,242,-201
117000053,579,42,537
117000054,2206,13,2193
117000055,11,2325,-2314
117000056,780,37,743
117000057,507,2123,-1616
117000060,520,1115,-595
117000061,1848,953,895
117000062,276,606,-330
117000063,1879,968,911
117000064,647,533,114
117000066,1112,854,258
117000067,134,763,-629
117000074,128,176,-48
117000076,87,52,35
117000077,153,223,-70
117000078,180,619,-439
117000079,511,219,292
117000080,2,269,-267
117000081,1125,98,1027
117000082,11,99,-88
117000083,143,6,137
117000084,198,0,198
117000085,349,851,-502
117000086,891,485,406
117000087,84,492,-408
117000088,301,153,148
117000089,1886,279,1607
117000090,279,968,-689
117000091,1008,327,681
117000092,402,1095,-693
117000093,1457,802,655
117000094,1290,2256,-966
117000095,3899,1002,2897
117000096,744,1823,-1079
117000097,1956,1068,888
117000098,2276,3395,-1119
117000099,4299,1325,2974
117000100,261,418,-157
117000101,204,898,-694
117000102,2221,733,1488
117000103,678,1255,-577
117000104,1495,657,838
117000105,845,1183,-338
117000106,1602,798,804
117000107,515,1349,-834
117000108,2014,925,1089
117000109,1297,2033,-736
117000110,1774,1279,495
117000111,3569,3701,-132
117000112,3999,1700,2299
117000113,137,176,-39
117000114,294,183,111
117000115,77,79,-2
117000116,167,253,-86
117000117,1890,1375,515
117000118,259,111,148
117000119,159,188,-29
117000120,183,650,-467
117000121,101,1220,-1119
117000122,182,609,-427
117000123,1235,48,1187
117000124,429,141,288
117000125,194,161,33
117000126,41,41,0
117000127,144,348,-204
117000128,333,759,-426
117000129,143,127,16
117000130,50,0,50
117000131,2,54,-52
117000132,3625,15,3610
117000133,1817,86,1731
117000134,0,65,-65
117000135,3,77,-74
117000136,4,28,-24
117000137,113,177,-64
117000138,3,660,-657
117000140,473,1116,-643
117000141,2016,619,1397
117000181,514,131,383
117000182,337,801,-464
117000195,217,768,-551
117000196,401,162,239
117000225,74,25,49
117000226,5,75,-70
117000276,352,20,332
117000277,0,214,-214
117000310,1404,1907,-503
117000315,27,453,-426
117000320,41,0,41
117000906,437,21,416
117000907,22,240,-218
117000908,7,46,-39
117000909,47,35,12
117000910,234,196,38
117000911,89,140,-51
117000915,5,416,-411
117000916,35,7,28
117000917,1494,63,1431
117000918,83,70,13
117000919,4,56,-52
117000920,3,1143,-1140
117000921,0,883,-883
117000922,33,81,-48
117000924,665,886,-221
117000926,562,94,468
117000927,1239,1514,-275
117000928,0,101,-101
117000929,271,175,96
117000930,250,13,237
117000931,338,176,162
117900002,115,398,-283
117900003,639,424,215
117900005,2,24,-22
117900006,0,43,-43
117900007,152,101,51
117900008,0,15,-15
117900010,286,67,219
117900011,10,104,-94
117900012,99,80,19
117900013,1,127,-126
117900014,323,56,267
117900015,10,75,-65
117900016,1032,1183,-151
117900017,551,171,380
117900018,87,131,-44
117900019,537,225,312
117900020,72,581,-509
117900021,55,58,-3
117900022,60,23,37
117900023,614,96,518
117900024,59,41,18
117900025,44,7,37
117900026,479,189,290
117900028,44,6,38
117900029,326,463,-137
117900030,574,243,331
117900031,130,102,28
117900032,1070,596,474
117900033,300,452,-152
117900034,23,26,-3
117900035,205,115,90
117900036,255,246,9
117900037,203,94,109
117900038,38,234,-196
117900039,4,45,-41
117900040,153,276,-123
117900041,4,37,-33
117900042,3320,424,2896
117900043,23,33,-10
117900044,23,3014,-2991
117900045,188,110,78
117900048,421,203,218
117900049,247,333,-86
117900050,6,79,-73
117900051,38,7,31
117900052,51,433,-382
117900053,2002,511,1491
117900054,2,29,-27
117900055,221,99,122
117900056,180,13,167
117900057,1115,957,158
117900058,428,1327,-899
117900059,302,78,224
117900060,2603,4239,-1636
117900061,14,179,-165
117900063,418,187,231
117900065,715,1106,-391
117900066,3,100,-97
117900067,571,150,421
117900069,775,262,513
117900070,156,35,121
117900071,75,122,-47
117900073,554,269,285
117900074,86,44,42
117900075,75,82,-7
117900076,7,29,-22
117900077,566,132,434
117900078,385,935,-550
117900080,124,38,86
117900081,426,341,85
117900082,480,388,92
117900083,408,311,97
117900086,138,36,102
117900087,141,71,70
117900088,2733,1775,958
117900089,2703,838,1865
117900090,426,396,30
117900091,123,140,-17
117900092,79,24,55
117900093,118,51,67
117900094,29,33,-4
117900095,263,173,90
117900096,129,208,-79
117900097,270,47,223
117900098,39,28,11
117900099,153,169,-16
117900100,357,1,356
117900101,409,1969,-1560
117900102,93,36,57
117900103,55,0,55
117900104,13,65,-52
117900105,148,218,-70
117900106,109,38,71
117900107,59,1,58
117900109,797,426,371
117900110,127,0,127
117900111,387,23,364
117900112,98,13,85
117900113,2184,1720,464
117900114,52,0,52
117900115,168,75,93
117900116,779,798,-19
117900117,829,390,439
117900118,79,0,79
117900119,260,131,129
117900120,244,35,209
117900121,109,64,45
117900122,1287,4739,-3452
117900123,686,334,352
117900124,917,637,280
117900125,1994,2089,-95
117900126,225,509,-284
117900127,514,417,97
117900128,381,500,-119
117900129,65,0,65
117900130,919,412,507
117900131,5,104,-99
117900132,17,71,-54
117900133,11,99,-88
117900134,46,245,-199
117900135,38,142,-104
117900136,0,27,-27
117900137,56,262,-206
117900138,1,20,-19
117900139,179,127,52
117900140,2620,228,2392
117900141,152,176,-24
117900142,62,45,17
117900144,58,179,-121
117900145,23,41,-18
117900146,129,192,-63
117900147,75,61,14
117900148,1986,1693,293
117900149,145,199,-54
117900150,48,33,15
117900151,39,79,-40
117900152,50,65,-15
117900153,22,118,-96
117900154,428,459,-31
117900156,741,659,82
117900157,60,448,-388
117900158,381,115,266
117900160,894,932,-38
117900161,2152,1837,315
117900162,458,415,43
117900163,35,118,-83
117900165,1,15,-14
117900166,115,574,-459
117900168,43,168,-125
117900169,0,97,-97
117900170,3,12,-9
117900171,5,16,-11
117900172,21,25,-4
117900173,156,84,72
117900174,25,45,-20
117900175,13,40,-27
117900176,22,25,-3
117900177,29,51,-22
117900178,112,30,82
117900180,218,25,193
117900181,82,402,-320
117900182,0,59,-59
117900183,69,145,-76
117900184,19,61,-42
117900185,62,44,18
117900186,67,9,58
117900187,38,8,30
117900188,179,37,142
117900189,65,17,48
117900190,40,2,38
117900191,75,1,74
117900192,256,2,254
117900193,35,57,-22
117900194,4,9,-5
117900195,20,85,-65
117900196,35,28,7
117900207,163,188,-25
117900208,58,36,22
117900209,175,155,20
117900210,113,196,-83
117900211,20,177,-157
117900212,116,119,-3
117900213,22,13,9
117900214,17,36,-19
117900216,10,53,-43
117900217,37,512,-475
117900218,122,140,-18
117900219,13,182,-169
117900220,65,62,3
117900221,19,14,5
118000001,998,949,49
118000002,751,1519,-768
118000003,1803,3176,-1373
118000004,1597,1642,-45
118000005,4172,6517,-2345
118000006,4415,8687,-4272
118000007,4676,3709,967
118000008,2542,3722,-1180
118000009,1596,3208,-1612
118000010,5754,3819,1935
118000011,1604,1801,-197
118000012,997,1784,-787
118000013,2329,2134,195
118000014,1613,1720,-107
118000016,257,224,33
118000017,445,400,45
118000018,359,385,-26
118000019,1795,1555,240
118000020,1083,4215,-3132
118000021,548,3608,-3060
118000022,1530,869,661
118000023,745,289,456
118000024,1149,1579,-430
118000025,767,2449,-1682
118000027,10540,12135,-1595
118000029,863,882,-19
118000032,978,4006,-3028
118000033,2396,7320,-4924
118000034,4431,2932,1499
118000035,1654,3509,-1855
118000036,895,1440,-545
118000037,753,968,-215
118000038,211,100,111
118000039,83,162,-79
118000040,1722,1259,463
118000041,2499,1179,1320
118000045,281,193,88
118000046,1014,648,366
118000047,816,1259,-443
118000048,1943,1832,111
118000051,2052,1631,421
118000052,1239,886,353
118000053,315,724,-409
118000054,1425,1075,350
118000055,1230,1317,-87
118000056,190,473,-283
118000057,198,314,-116
118000058,2305,2309,-4
118000059,1694,1463,231
118000060,1113,587,526
118000061,1335,1134,201
118000062,512,315,197
118000063,323,793,-470
118000064,804,1183,-379
118000065,2899,1607,1292
118000066,794,1520,-726
118000067,522,715,-193
118000068,1341,4310,-2969
118000069,1999,984,1015
118000070,4489,1720,2769
118000071,2893,6290,-3397
118000072,1039,1226,-187
118000073,923,703,220
118000074,467,332,135
118000075,562,306,256
118000076,1125,2582,-1457
118000077,1271,1194,77
118000078,1694,2472,-778
118000079,228,495,-267
118000080,801,774,27
118000081,1676,1259,417
118000082,358,1107,-749
118000083,1641,1738,-97
118000084,3001,1749,1252
118000086,245,606,-361
118000087,3518,2317,1201
118000088,1500,1389,111
118000089,3503,2111,1392
118000090,1253,2808,-1555
118000091,1212,2271,-1059
118000092,889,455,434
118000093,82,671,-589
118000096,439,624,-185
118000097,847,622,225
118000098,295,198,97
118000099,654,672,-18
118000101,1083,304,779
118000102,423,865,-442
118000107,1527,457,1070
118000108,793,2317,-1524
118000110,1,20,-19
118000111,1,192,-191
118000112,599,0,599
118000113,4,334,-330
118000114,426,7,419
118000115,14,6,8
118000116,27,1,26
118000117,869,607,262
118000118,1045,939,106
118000119,964,1221,-257
118000120,1645,1087,558
118000121,85,580,-495
118000122,1212,315,897
118000123,28,244,-216
118000125,1607,758,849
118000126,594,1511,-917
118000127,1665,666,999
118000128,517,881,-364
118000129,896,378,518
118000130,1921,2569,-648
118000131,356,530,-174
118000132,2473,1841,632
118000133,1046,375,671
118000135,709,373,336
118000136,110,338,-228
118000137,505,72,433
118000138,488,498,-10
118000139,499,75,424
118000140,3086,5151,-2065
118000141,2354,1715,639
118000142,1937,1477,460
118000143,2296,1238,1058
118000144,1096,682,414
118000145,1586,1334,252
118000146,1292,593,699
118000147,830,1189,-359
118000148,434,1018,-584
118000149,1017,687,330
118000150,391,198,193
118000151,612,425,187
118000153,1727,973,754
118000154,1417,1334,83
118000155,1570,1156,414
118000156,1816,2316,-500
118000157,533,334,199
118000158,215,361,-146
118000159,23,92,-69
118000160,555,320,235
118000161,531,582,-51
118000162,1910,909,1001
118000163,1034,799,235
118000164,1972,1252,720
118000168,872,771,101
118000169,1043,1136,-93
118000170,3129,3923,-794
118000171,374,611,-237
118000172,68,261,-193
118000173,781,1272,-491
118000175,286,352,-66
118000176,303,446,-143
118000177,253,604,-351
118000178,51,43,8
118000179,1235,1358,-123
118000180,828,544,284
118000181,691,298,393
118000182,286,209,77
118000183,216,235,-19
118000184,967,596,371
118000185,1192,1268,-76
118000186,798,1158,-360
118000187,1475,531,944
118000188,661,108,553
118000189,742,547,195
118000190,9,15,-6
118000191,42,14,28
118000192,45,123,-78
118000193,71,324,-253
118000194,1094,779,315
118000195,449,1030,-581
118000196,312,225,87
118000197,101,168,-67
118000198,308,703,-395
118000199,333,339,-6
118000200,97,252,-155
118000201,423,445,-22
118000202,52,66,-14
118000203,494,646,-152
118000204,115,348,-233
118000205,114,303,-189
118000206,242,180,62
118000207,0,63,-63
118000208,1485,1641,-156
118000209,2149,1280,869
118000210,68,38,30
118000211,38,29,9
118000213,942,1650,-708
118000214,557,542,15
118000215,333,128,205
118000216,2369,1797,572
118000217,35,78,-43
118000218,70,59,11
118000219,381,182,199
118000220,3,26,-23
118000221,277,295,-18
118000222,84,15,69
118000223,28,40,-12
118000224,144,73,71
118000225,135,593,-458
118000226,980,197,783
118000227,637,454,183
118000228,121,209,-88
118000229,166,101,65
118000230,139,165,-26
118000231,90,180,-90
118000232,818,637,181
118000233,1274,729,545
118000234,478,259,219
118000236,392,246,146
118000237,96,345,-249
118000238,336,128,208
118000239,337,224,113
118000240,269,158,111
118000241,166,183,-17
118000242,452,389,63
118000243,323,209,114
118000244,57,88,-31
118000246,2,25,-23
118000255,56,194,-138
118000256,126,163,-37
118000259,11,47,-36
118000260,199,67,132
118000261,41,63,-22
118000263,70,166,-96
118000266,118,245,-127
118000267,1,102,-101
118000268,242,4,238
118000270,75,28,47
118000271,165,225,-60
118000272,78,30,48
118000273,179,68,111
118000274,105,261,-156
118000276,541,430,111
118000295,9,118,-109
118000298,168,154,14
118000299,25,76,-51
118000301,2,62,-60
118000302,116,34,82
118000311,533,69,464
118000312,335,151,184
118000313,57,110,-53
118000314,117,45,72
118000315,52,34,18
118000316,725,351,374
118000325,75,62,13
118000326,41,21,20
118000331,36,58,-22
118000332,17,18,-1
118000333,42,65,-23
118000335,389,1,388
118000336,0,155,-155
118000407,243,43,200
118000457,9,22,-13
118000465,2535,4011,-1476
118000480,27,49,-22
118000489,23,355,-332
118000490,10,147,-137
118000492,179,172,7
118000510,61,27,34
118000514,116,262,-146
118000515,792,648,144
118000517,304,163,141
118000524,264,329,-65
118000525,757,781,-24
118000530,23,124,-101
118000531,395,284,111
118000532,228,226,2
118000533,235,110,125
118000534,657,402,255
118000535,277,114,163
118000536,650,2026,-1376
118000537,11,225,-214
118000538,28,79,-51
118000539,29,111,-82
118000540,327,146,181
118000541,244,105,139
118000542,115,243,-128
118000543,277,206,71
118000546,83,30,53
118000560,1951,2499,-548
118000562,17,119,-102
118000563,1340,1053,287
118000576,144,100,44
118000577,125,113,12
118000578,105,100,5
118000579,415,1134,-719
118000595,266,87,179
118000596,0,71,-71
118000597,137,70,67
118000598,18,1,17
118000599,75,57,18
118000600,1,18,-17
118000601,21,0,21
118000602,0,16,-16
118000603,0,5,-5
118900001,568,1353,-785
118900002,781,938,-157
118900003,515,28,487
118900004,79,48,31
118900005,78,6,72
118900006,175,13,162
118900007,17,3,14
118900008,1727,71,1656
118900009,85,47,38
118900010,97,7,90
118900011,204,33,171
118900012,495,170,325
118900013,525,173,352
118900015,254,78,176
118900016,21,10,11
118900017,191,314,-123
118900018,941,37,904
118900019,36,17,19
118900020,184,139,45
118900021,179,408,-229
118900022,162,99,63
118900023,184,70,114
118900024,91,170,-79
118900025,44,29,15
118900026,61,86,-25
118900027,417,171,246
118900028,221,165,56
118900029,274,415,-141
118900030,411,74,337
118900031,177,85,92
118900032,230,139,91
118900033,348,456,-108
118900034,167,47,120
118900035,143,106,37
118900036,1216,642,574
118900037,372,329,43
118900038,440,113,327
118900039,562,140,422
118900040,257,173,84
118900041,591,128,463
118900042,181,129,52
118900045,318,176,142
118900046,743,372,371
118900047,432,181,251
118900048,142,226,-84
118900049,42,59,-17
118900050,33,62,-29
118900051,61,80,-19
118900052,334,272,62
118900053,50,102,-52
118900054,132,49,83
118900055,110,70,40
118900056,14,389,-375
118900057,1000,503,497
118900058,386,357,29
118900059,15,69,-54
118900060,47,89,-42
118900062,524,195,329
118900064,491,505,-14
118900065,59,162,-103
118900066,94,92,2
118900067,3972,3954,18
118900068,5,175,-170
118900069,467,191,276
118900071,8,78,-70
118900072,495,333,162
118900073,166,104,62
118900074,158,103,55
118900075,74,92,-18
118900076,225,123,102
118900077,236,174,62
118900078,23,7,16
118900079,70,181,-111
118900080,42,99,-57
118900081,69,42,27
118900082,860,143,717
118900083,53,7,46
118900084,10,25,-15
118900085,619,741,-122
118900086,38,124,-86
118900087,40,247,-207
118900088,0,8,-8
118900089,16,23,-7
118900090,601,300,301
118900091,180,203,-23
118900092,171,58,113
118900093,99,26,73
118900096,58,23,35
118900097,256,381,-125
118900099,89,189,-100
118900100,124,183,-59
118900101,140,356,-216
118900102,80,113,-33
118900103,62,127,-65
118900104,347,101,246
118900105,264,75,189
118900107,123,61,62
118900108,105,113,-8
118900109,765,580,185
118900110,1213,808,405
118900111,470,445,25
118900112,95,127,-32
118900113,94,389,-295
118900114,17,79,-62
118900115,144,387,-243
118900116,132,232,-100
118900117,118,190,-72
118900118,341,269,72
118900119,180,180,0
118900120,102,262,-160
118900121,7,104,-97
118900122,25,1066,-1041
118900123,165,242,-77
118900124,93,146,-53
118900126,28,420,-392
118900129,252,182,70
118900130,30,207,-177
118900131,158,189,-31
118900132,363,136,227
118900133,10,93,-83
118900135,219,169,50
118900136,171,397,-226
118900137,8,48,-40
118900139,178,324,-146
118900140,396,502,-106
118900141,75,126,-51
118900144,143,344,-201
118900145,33,85,-52
118900146,291,573,-282
118900147,144,110,34
118900148,89,70,19
118900150,154,529,-375
118900152,650,621,29
118900157,80,167,-87
118900158,118,46,72
118900159,1,104,-103
118900161,65,5,60
118900163,87,101,-14
118900164,1,92,-91
118900165,61,154,-93
118900166,39,3,36
118900167,101,72,29
118900168,16,247,-231
118900169,135,221,-86
118900170,225,74,151
118900171,41,49,-8
118900174,60,55,5
118900175,507,505,2
118900176,214,272,-58
118900177,59,41,18
118900178,59,161,-102
118900179,2,17,-15
118900181,98,51,47
118900182,79,28,51
118900183,46,152,-106
118900184,338,95,243
118900185,95,90,5
118900186,142,95,47
118900187,277,278,-1
118900188,388,300,88
118900189,25,855,-830
118900190,13,255,-242
118900191,191,41,150
118900192,252,23,229
118900193,633,7,626
118900195,300,512,-212
118900196,41,101,-60
118900197,185,41,144
118900198,29,13,16
118900199,88,28,60
118900200,30,22,8
118900201,24,54,-30
118900202,10,55,-45
118900203,14,21,-7
118900204,12,22,-10
118900205,2,5,-3
118900206,7,12,-5
119000001,1609,2061,-452
119000002,4333,3685,648
119000003,3003,1027,1976
119000004,2665,1362,1303
119000005,1890,1995,-105
119000006,2766,1667,1099
119000007,3484,3206,278
119000008,2036,1698,338
119000009,3285,4980,-1695
119000010,5497,4168,1329
119000011,4394,3329,1065
119000012,3497,4080,-583
119000013,2909,1763,1146
119000014,1746,2869,-1123
119000019,318,158,160
119000020,1893,1597,296
119000021,4847,2626,2221
119000022,2445,2848,-403
119000023,220,263,-43
119000024,1904,12960,-11056
119000025,5994,1401,4593
119000026,111,523,-412
119000027,284,459,-175
119000028,1653,711,942
119000029,110,349,-239
119000030,565,834,-269
119000031,656,566,90
119000032,2306,2315,-9
119000033,2234,1325,909
119000034,1083,832,251
119000035,27,268,-241
119000036,2081,633,1448
119000037,1347,1408,-61
119000038,152,694,-542
119000039,357,262,95
119000040,734,523,211
119000041,711,1132,-421
119000048,2850,2093,757
119000049,1782,1582,200
119000050,1521,1733,-212
119000051,1906,1072,834
119000052,1728,2451,-723
119000053,1934,1224,710
119000054,3383,2411,972
119000055,5029,2779,2250
119000056,3021,1893,1128
119000057,1842,1621,221
119000058,1999,1456,543
119000059,1348,1484,-136
119000060,1861,1176,685
119000061,1044,683,361
119000062,1293,1380,-87
119000063,648,333,315
119000064,783,894,-111
119000065,1472,2916,-1444
119000066,2189,1208,981
119000067,1697,1727,-30
119000068,1877,1045,832
119000069,1646,2062,-416
119000070,2803,779,2024
119000071,489,689,-200
119000072,4830,2715,2115
119000073,4695,6970,-2275
119000074,1414,1825,-411
119000075,2736,1894,842
119000076,404,1012,-608
119000077,751,516,235
119000078,428,175,253
119000079,116,575,-459
119000080,436,213,223
119000081,370,402,-32
119000082,1014,223,791
119000083,551,370,181
119000084,279,420,-141
119000085,561,146,415
119000086,339,407,-68
119000087,1476,749,727
119000088,487,215,272
119000089,66,171,-105
119000090,141,129,12
119000091,133,460,-327
119000092,352,145,207
119000093,3314,2214,1100
119000094,3422,4436,-1014
119000095,2093,2672,-579
119000097,1871,1169,702
119000098,1081,3421,-2340
119000099,2269,1446,823
119000100,4539,3136,1403
119000101,4046,2239,1807
119000102,583,1273,-690
119000103,1284,833,451
119000104,1843,1104,739
119000105,1226,2146,-920
119000106,397,864,-467
119000107,1085,556,529
119000108,343,645,-302
119000109,103,595,-492
119000110,472,669,-197
119000111,44,725,-681
119000112,123,197,-74
119000113,1920,370,1550
119000114,1260,1094,166
119000115,167,200,-33
119000116,126,95,31
119000117,163,417,-254
119000118,3,2,1
119000123,2902,2162,740
119000124,714,169,545
119000125,4104,612,3492
119000126,780,525,255
119000127,557,411,146
119000128,36,3,33
119000131,1018,501,517
119000132,7,1,6
119000133,3,14,-11
119000134,1681,552,1129
119000135,131,185,-54
119000136,294,122,172
119000137,302,247,55
119000138,529,182,347
119000139,235,150,85
119000140,301,279,22
119000284,1029,2203,-1174
119000285,1883,1751,132
119000286,5893,4941,952
119000287,1218,1738,-520
119000288,1844,1099,745
119000289,1278,2208,-930
119000290,215,354,-139
119000291,4,233,-229
119000293,154,193,-39
119000294,57,37,20
119000295,1229,356,873
119000296,304,137,167
119000302,1490,1105,385
119000303,38,118,-80
119000314,1681,10325,-8644
119000315,1,263,-262
119000316,119,62,57
119000317,84,141,-57
119900001,283,1275,-992
119900002,183,221,-38
119900003,43,718,-675
119900004,265,1436,-1171
119900005,231,95,136
119900006,278,432,-154
119900007,1170,289,881
119900008,51,75,-24
119900009,623,522,101
119900010,1053,1521,-468
119900011,28,129,-101
119900012,30,79,-49
119900013,2124,1496,628
119900014,491,372,119
119900015,150,46,104
119900016,37,69,-32
119900017,46,24,22
119900018,1772,1164,608
119900019,53,5,48
119900020,187,193,-6
119900021,245,92,153
119900022,133,984,-851
119900023,413,1540,-1127
119900025,247,37,210
119900026,777,173,604
119900027,8,20,-12
119900028,171,144,27
119900029,4,12,-8
119900030,637,385,252
119900031,54,429,-375
119900033,2021,440,1581
119900034,524,120,404
119900037,187,25,162
119900038,69,377,-308
119900039,47,16,31
119900040,215,33,182
119900041,141,30,111
119900042,131,142,-11
119900043,107,109,-2
119900044,220,978,-758
119900046,131,61,70
119900047,420,105,315
119900048,51,28,23
119900049,110,2,108
119900050,175,148,27
119900051,1229,16,1213
119900052,97,43,54
119900053,252,139,113
119900054,152,12,140
119900055,1459,489,970
119900057,304,92,212
119900058,262,1,261
119900059,143,48,95
119900060,322,24,298
119900061,434,9,425
119900062,89,35,54
119900063,15,68,-53
119900064,600,86,514
119900065,274,5,269
119900066,1,0,1
119900067,118,32,86
119900068,633,3,630
119900069,124,19,105
119900070,1431,40,1391
119900071,787,20,767
119900072,449,386,63
119900073,1416,520,896
119900074,39,50,-11
119900075,3659,2482,1177
119900076,969,342,627
119900077,1023,755,268
119900078,537,703,-166
119900079,398,209,189
119900080,348,248,100
119900081,59,33,26
119900082,1700,193,1507
119900083,499,148,351
119900084,718,327,391
119900085,38,45,-7
119900086,193,532,-339
119900087,404,413,-9
119900088,27,36,-9
119900089,39,416,-377
119900090,115,65,50
119900091,78,628,-550
119900092,151,410,-259
119900093,1307,235,1072
119900094,32,169,-137
119900095,161,96,65
119900096,44,131,-87
119900097,516,193,323
119900098,56,67,-11
119900099,37,173,-136
119900100,1677,3263,-1586
119900101,192,1638,-1446
119900102,42,215,-173
119900103,55,234,-179
119900104,69,213,-144
119900105,990,3345,-2355
119900106,14,141,-127
119900107,306,1830,-1524
119900108,3879,720,3159
119900109,21,130,-109
119900110,836,487,349
119900111,167,240,-73
119900112,1091,519,572
119900113,69,217,-148
119900114,332,1009,-677
119900115,446,680,-234
119900116,172,445,-273
119900117,349,588,-239
119900118,140,624,-484
119900119,229,191,38
119900120,733,526,207
119900121,380,718,-338
119900122,372,328,44
119900123,238,299,-61
119900124,206,660,-454
119900125,62,217,-155
119900126,4100,419,3681
119900127,1618,884,734
119900128,524,663,-139
119900129,245,434,-189
119900130,31,190,-159
119900131,57,193,-136
119900132,0,206,-206
119900133,76,82,-6
119900134,1285,230,1055
119900135,1,251,-250
119900136,197,290,-93
119900138,336,513,-177
119900139,31,155,-124
119900140,1,101,-100
119900141,95,697,-602
119900142,11,37,-26
119900143,15,164,-149
119900144,1176,227,949
119900145,109,167,-58
119900146,187,184,3
119900147,4,168,-164
119900148,302,54,248
119900149,915,4802,-3887
119900150,154,154,0
119900151,1967,1108,859
119900152,156,264,-108
119900153,155,48,107
119900154,17,181,-164
119900155,58,31,27
119900156,24,2,22
119900157,122,219,-97
119900158,247,67,180
119900159,2,1024,-1022
119900160,29,123,-94
119900161,136,152,-16
119900162,1123,1177,-54
119900163,122,148,-26
119900164,0,2,-2
119900165,145,168,-23
119900166,128,39,89
119900167,62,76,-14
119900168,1135,458,677
119900169,130,333,-203
119900170,212,329,-117
119900171,989,392,597
119900172,134,32,102
119900173,19,303,-284
119900174,11,138,-127
119900175,1630,582,1048
119900177,27,151,-124
119900178,7,103,-96
119900179,136,522,-386
119900180,1021,957,64
119900181,80,101,-21
119900182,14,339,-325
119900183,124,581,-457
119900184,1868,546,1322
119900185,74,224,-150
119900186,66,1161,-1095
119900187,25,348,-323
119900188,118,230,-112
119900189,425,422,3
119900190,92,315,-223
119900191,313,379,-66
119900192,87,137,-50
119900193,509,167,342
119900194,54,91,-37
119900195,123,202,-79
119900196,1162,394,768
119900197,343,163,180
119900198,162,257,-95
119900199,171,24,147
119900200,797,609,188
119900201,309,226,83
119900202,76,279,-203
119900203,264,546,-282
119900204,373,239,134
119900205,1001,367,634
119900206,223,139,84
119900208,262,147,115
119900209,463,1408,-945
119900210,52,32,20
119900211,93,5,88
119900212,171,168,3
119900213,10,63,-53
119900214,43,58,-15
119900215,41,38,3
119900216,10,70,-60
119900217,12,78,-66
119900218,7,59,-52
119900219,7,83,-76
119900220,2,70,-68
119900221,26,163,-137
119900222,11,143,-132
119900223,19,70,-51
119900224,12,19,-7
119900225,716,43,673
119900226,578,2300,-1722
119900227,1150,339,811
119900228,31,357,-326
119900229,294,342,-48
119900230,1333,514,819
119900231,327,147,180
119900232,285,117,168
119900233,107,8,99
119900234,10,57,-47
119900235,17,59,-42
119900236,26,173,-147
119900237,80,489,-409
119900238,0,61,-61
119900240,67,94,-27
119900241,169,217,-48
119900242,1404,1473,-69
119900244,805,1274,-469
119900245,131,191,-60
119900246,343,594,-251
119900247,36,161,-125
119900248,88,274,-186
119900249,257,105,152
119900253,2112,481,1631
119900254,114,908,-794
119900255,129,754,-625
119900256,931,888,43
119900257,67,4,63
119900258,182,6,176
119900259,10,90,-80
119900260,147,2,145
119900261,273,119,154
119900262,0,160,-160
119900263,1218,319,899
119900264,111,126,-15
119900265,436,299,137
119900266,436,236,200
119900267,233,442,-209
119900268,167,134,33
119900269,1084,892,192
119900271,36,133,-97
119900272,306,326,-20
119900275,205,127,78
119900276,50,3,47
119900277,2,1,1
119900278,199,121,78
119900279,126,265,-139
119900280,622,136,486
119900281,1,309,-308
119900282,75,150,-75
119900283,26,188,-162
119900284,68,128,-60
119900285,24,132,-108
119900286,5,29,-24
119900288,3,10,-7
119900289,9,26,-17
119900290,5,5,0
119900291,6,104,-98
119900292,43,68,-25
119900293,28,70,-42
119900294,25,51,-26
119900295,17,17,0
119900296,34,118,-84
119900297,3,19,-16
119900298,7,13,-6
119900299,55,126,-71
119900300,265,197,68
119900301,90,147,-57
119900302,165,90,75
119900303,341,128,213
119900304,208,28,180
119900305,10,88,-78
119900306,20,0,20
119900307,65,97,-32
119900308,12,20,-8
119900309,56,113,-57
119900310,313,275,38
119900311,103,102,1
119900312,133,74,59
119900313,253,288,-35
119900314,240,403,-163
119900315,2186,1831,355
119900318,22,46,-24
119900319,2,213,-211
119900320,257,434,-177
119900321,98,11,87
120000001,6400,16573,-10173
120000002,2674,2261,413
120000003,2888,1365,1523
120000004,2607,1767,840
120000005,3754,1845,1909
120000006,1113,1109,4
120000007,3243,2889,354
120000008,992,1178,-186
120000009,2281,1206,1075
120000010,1952,2189,-237
120000011,1123,1510,-387
120000012,1666,2317,-651
120000013,3395,2905,490
120000014,778,1372,-594
120000015,2577,1595,982
120000016,3929,2296,1633
120000017,3267,2719,548
120000018,3452,12906,-9454
120000019,1073,1447,-374
120000020,2961,3254,-293
120000021,1699,2447,-748
120000022,2967,3873,-906
120000023,1212,1378,-166
120000024,1365,2275,-910
120000025,2565,1700,865
120000026,2240,1622,618
120000027,2477,2104,373
120000028,666,1381,-715
120000029,3429,1442,1987
120000030,976,1242,-266
120000031,2589,7031,-4442
120000032,7383,3636,3747
120000033,4257,1722,2535
120000034,2156,1488,668
120000035,2463,1740,723
120000036,2916,4837,-1921
120000037,651,1805,-1154
120000038,6150,4516,1634
120000039,730,963,-233
120000040,180,660,-480
120000041,1163,1561,-398
120000042,2025,2495,-470
120000043,5416,1677,3739
120000044,5915,1388,4527
120000045,6407,1025,5382
120000046,3694,2782,912
120000047,1049,6505,-5456
120000048,6902,4304,2598
120000049,3560,2937,623
120000050,3393,3497,-104
120000051,2622,4511,-1889
120000052,7672,2309,5363
120000053,1237,1838,-601
120000054,1260,3188,-1928
120000055,1584,4088,-2504
120000056,5020,4172,848
120000057,3898,1115,2783
120000058,3179,1058,2121
120000059,14,1599,-1585
120000061,93,473,-380
120000062,208,331,-123
120000063,1342,2384,-1042
120000064,236,861,-625
120000065,555,1310,-755
120000066,315,518,-203
120000067,76,491,-415
120000068,198,624,-426
120000069,535,742,-207
120000070,101,519,-418
120000071,654,109,545
120000072,1042,398,644
120000073,1140,120,1020
120000074,213,154,59
120000075,1144,322,822
120000076,2611,489,2122
120000077,2291,742,1549
120000078,4208,1350,2858
120000079,265,126,139
120000080,142,201,-59
120000081,323,139,184
120000082,210,255,-45
120000083,82,747,-665
120000084,444,419,25
120000085,397,394,3
120000086,273,383,-110
120000087,227,468,-241
120000088,761,1034,-273
120000089,1228,560,668
120000090,835,553,282
120000091,1156,941,215
120000092,1446,557,889
120000093,597,378,219
120000094,211,730,-519
120000095,1143,421,722
120000096,360,654,-294
120000098,1111,729,382
120000099,517,751,-234
120000100,1027,785,242
120000101,756,497,259
120000102,679,928,-249
120000103,1731,923,808
120000104,2250,520,1730
120000105,3620,652,2968
120000106,2678,644,2034
120000107,4486,606,3880
120000108,1558,171,1387
120000109,1240,105,1135
120000110,67,779,-712
120000111,195,885,-690
120000112,747,1823,-1076
120000113,588,1502,-914
120000114,777,1937,-1160
120000115,343,1649,-1306
120000116,670,1618,-948
120000117,778,1221,-443
120000118,31,67,-36
120000119,23,47,-24
120000120,82,90,-8
120000121,25,59,-34
120000122,279,378,-99
120000123,3351,6179,-2828
120000124,458,397,61
120000125,588,607,-19
120000126,338,993,-655
120000127,2167,1174,993
120000128,2963,4364,-1401
120000129,279,263,16
120000130,770,439,331
120000131,326,668,-342
120000134,412,806,-394
120000135,697,534,163
120000137,363,1011,-648
120000138,1288,399,889
120000139,295,514,-219
120000140,1037,530,507
120000141,316,331,-15
120000142,597,624,-27
120000143,1,85,-84
120000144,141,6,135
120000145,470,1,469
120000146,937,924,13
120000149,723,945,-222
120000150,2908,11109,-8201
120000151,484,368,116
120000152,731,230,501
120000153,355,472,-117
120000154,523,478,45
120000155,141,261,-120
120000156,662,1156,-494
120000157,1051,604,447
120000158,912,729,183
120000159,1629,2185,-556
120000160,2298,1518,780
120000161,2270,1990,280
120000162,90,272,-182
120000163,915,1111,-196
120000164,693,384,309
120000165,700,588,112
120000166,1642,506,1136
120000167,215,264,-49
120000168,38,960,-922
120000169,58,2300,-2242
120000170,83,1283,-1200
120000171,31,407,-376
120000172,28,263,-235
120000173,1430,1170,260
120000174,231,31,200
120000175,209,54,155
120000176,176,58,118
120000177,1259,129,1130
120000178,73,21,52
120000179,207,79,128
120000180,670,142,528
120000181,166,1597,-1431
120000182,62,625,-563
120000183,13,355,-342
120000184,164,1306,-1142
120000186,76,732,-656
120000187,35,288,-253
120000188,82,476,-394
120000190,511,84,427
120000191,755,120,635
120000192,890,61,829
120000193,459,8,451
120000195,90,10,80
120000196,269,58,211
120000197,163,119,44
120000198,222,74,148
120000199,109,1,108
120000200,107,3,104
120000201,9,49,-40
120000202,1,52,-51
120000203,69,171,-102
120000207,1,60,-59
120000208,12,139,-127
120000209,3,45,-42
120000210,49,64,-15
120000211,237,4,233
120000212,228,0,228
120000213,276,206,70
120000214,0,214,-214
120000215,4,81,-77
120000216,112,21,91
120000217,589,1473,-884
120000218,123,657,-534
120000219,5,384,-379
120000220,8,1132,-1124
120000225,1831,5,1826
120000226,397,6,391
120000227,995,92,903
120000228,10978,3783,7195
120000230,480,34,446
120000231,1580,1769,-189
120000233,571,18,553
120000235,278,454,-176
120000236,1286,1,1285
120000237,3,1224,-1221
120000238,4,820,-816
120000241,1207,3879,-2672
120000412,672,15,657
120000413,266,202,64
120000414,142,3,139
120000415,1,72,-71
120000416,129,7,122
120000417,9,67,-58
120000418,247,16,231
120000419,14,198,-184
120000420,45,15,30
120000421,9261,5402,3859
120000422,119,1512,-1393
120000423,4,83,-79
120000424,140,125,15
120000436,144,705,-561
120000437,141,144,-3
120000438,1780,313,1467
120000439,271,595,-324
120000443,191,1,190
120000444,1678,368,1310
120000445,1944,1103,841
120000446,636,212,424
120000447,279,0,279
120000449,174,8,166
120000450,4,143,-139
120000451,148,310,-162
120000452,216,1,215
120000453,0,214,-214
120000454,36,78,-42
120000455,89,58,31
120000456,2175,4177,-2002
120000457,1164,439,725
120000458,474,626,-152
120000459,114,61,53
120000665,712,275,437
120000668,92,1418,-1326
120000669,126,223,-97
120000670,136,1059,-923
120000671,1268,411,857
120000672,69,457,-388
120900001,90,129,-39
120900002,391,606,-215
120900003,223,26,197
120900004,9,99,-90
120900005,6,743,-737
120900006,428,235,193
120900007,197,75,122
120900008,441,923,-482
120900009,317,28,289
120900010,556,120,436
120900011,261,186,75
120900012,279,1564,-1285
120900013,437,203,234
120900014,2,421,-419
120900015,926,117,809
120900016,995,95,900
120900017,1832,92,1740
120900018,205,335,-130
120900019,817,411,406
120900020,627,1462,-835
120900021,928,293,635
120900022,17,237,-220
120900023,404,54,350
120900024,1994,500,1494
120900025,1549,1114,435
120900026,346,167,179
120900027,826,16,810
120900028,503,132,371
120900029,144,585,-441
120900030,1465,784,681
120900031,298,140,158
120900032,1431,117,1314
120900033,1238,123,1115
120900034,45,2760,-2715
120900035,82,126,-44
120900037,296,15,281
120900038,56,352,-296
120900039,129,54,75
120900040,377,10,367
120900041,135,28,107
120900042,745,70,675
120900043,91,58,33
120900044,17,406,-389
120900045,166,82,84
120900046,539,6,533
120900047,137,119,18
120900048,132,25,107
120900049,517,4,513
120900050,1698,1589,109
120900051,402,69,333
120900052,812,82,730
120900053,435,46,389
120900054,1403,519,884
120900055,526,4,522
120900056,536,33,503
120900057,159,16,143
120900058,675,3,672
120900059,127,1,126
120900060,115,18,97
120900061,247,231,16
120900062,264,1,263
120900063,735,6,729
120900064,780,1,779
120900065,591,8,583
120900066,519,193,326
120900067,162,63,99
120900068,336,3,333
120900069,269,42,227
120900071,40,3,37
120900072,852,11,841
120900073,612,176,436
120900074,761,14,747
120900076,416,1,415
120900077,2409,309,2100
120900078,1073,647,426
120900079,904,94,810
120900080,971,1117,-146
120900081,1113,593,520
120900082,552,385,167
120900083,149,7,142
120900084,328,534,-206
120900085,87,118,-31
120900086,79,381,-302
120900087,519,410,109
120900088,182,517,-335
120900089,2568,3407,-839
120900090,347,88,259
120900091,683,908,-225
120900092,1081,351,730
120900093,1552,154,1398
120900094,455,209,246
120900095,424,17,407
120900096,48,202,-154
120900097,665,531,134
120900098,191,137,54
120900099,87,71,16
120900100,56,171,-115
120900101,530,237,293
120900102,46,91,-45
120900103,52,234,-182
120900104,22,64,-42
120900105,40,411,-371
120900106,1029,435,594
120900107,200,141,59
120900108,7,435,-428
120900109,41,448,-407
120900110,10,415,-405
120900111,196,299,-103
120900112,14,526,-512
120900113,12,580,-568
120900114,62,121,-59
120900115,173,258,-85
120900116,459,347,112
120900117,3,340,-337
120900118,7,590,-583
120900119,5503,3564,1939
120900120,59,434,-375
120900121,258,450,-192
120900122,605,353,252
120900123,4,269,-265
120900124,0,378,-378
120900125,13,649,-636
120900126,1401,776,625
120900127,9,350,-341
120900128,869,1198,-329
120900129,57,213,-156
120900130,7,387,-380
120900131,63,56,7
120900132,1180,281,899
120900133,95,655,-560
120900134,637,442,195
120900135,13,393,-380
120900136,24,67,-43
120900137,308,114,194
120900138,7,167,-160
120900139,2,465,-463
120900140,4,115,-111
120900141,263,219,44
120900142,10,343,-333
120900143,2,630,-628
120900144,0,111,-111
120900145,188,582,-394
120900146,1,733,-732
120900147,13,446,-433
120900148,172,158,14
120900149,8,194,-186
120900150,53,384,-331
120900151,2,543,-541
120900152,0,32,-32
120900153,45,111,-66
120900154,0,174,-174
120900155,210,745,-535
120900156,102,269,-167
120900157,83,320,-237
120900158,60,501,-441
120900159,110,321,-211
120900160,24,555,-531
120900161,51,489,-438
120900162,46,708,-662
120900163,69,918,-849
120900164,0,32,-32
120900165,7,74,-67
120900166,163,661,-498
120900167,453,165,288
120900169,89,221,-132
120900170,766,2929,-2163
120900171,920,189,731
120900172,641,1563,-922
120900173,0,121,-121
120900174,15,106,-91
120900175,291,165,126
120900176,12,414,-402
120900177,6,1303,-1297
120900178,0,650,-650
120900179,696,436,260
120900180,74,119,-45
120900181,59,26,33
120900182,26,238,-212
120900183,471,57,414
120900184,297,82,215
120900185,6,360,-354
120900186,1,307,-306
120900187,570,973,-403
120900188,211,10,201
120900189,95,1399,-1304
120900190,114,9,105
120900191,12,19,-7
120900192,6987,8390,-1403
120900194,63,66,-3
120900195,148,330,-182
120900196,715,26,689
120900197,823,157,666
120900198,275,460,-185
120900199,479,1380,-901
120900200,79,110,-31
120900201,364,138,226
120900202,1,127,-126
120900203,33,102,-69
120900204,128,219,-91
120900205,48,44,4
120900206,30,34,-4
121000001,730,1020,-290
121000002,2658,1350,1308
121000003,2796,1951,845
121000004,2741,3331,-590
121000005,1482,2469,-987
121000006,3622,1853,1769
121000007,2302,2727,-425
121000008,4923,3832,1091
121000009,5245,5650,-405
121000010,8174,6706,1468
121000011,9346,13137,-3791
121000012,17440,11921,5519
121000013,4879,7177,-2298
121000014,5768,5414,354
121000015,4088,6548,-2460
121000016,4222,3359,863
121000017,2373,3649,-1276
121000018,3107,1845,1262
121000019,15647,11571,4076
121000020,14226,18933,-4707
121000021,2897,2824,73
121000022,3109,3553,-444
121000023,4000,2971,1029
121000024,6057,6045,12
121000025,616,1272,-656
121000026,313,163,150
121000027,1584,1164,420
121000028,988,561,427
121000029,820,629,191
121000030,294,206,88
121000031,685,630,55
121000032,229,99,130
121000034,320,215,105
121000035,135,161,-26
121000036,1065,874,191
121000037,620,558,62
121000038,431,1031,-600
121000039,327,568,-241
121000041,690,564,126
121000042,258,410,-152
121000043,625,539,86
121000044,1266,855,411
121000045,468,287,181
121000046,824,969,-145
121000047,34,131,-97
121000049,1186,551,635
121000050,305,1114,-809
121000051,613,331,282
121000052,483,665,-182
121000053,406,113,293
121000054,46,435,-389
121000055,1026,1137,-111
121000056,729,974,-245
121000057,265,490,-225
121000058,363,223,140
121000059,2411,1183,1228
121000060,547,906,-359
121000061,83,455,-372
121000062,140,390,-250
121000063,829,806,23
121000064,621,524,97
121000065,288,488,-200
121000066,344,356,-12
121000067,508,745,-237
121000068,803,414,389
121000069,749,1259,-510
121000070,1783,1273,510
121000071,1486,1457,29
121000072,1882,832,1050
121000073,1271,1083,188
121000074,198,160,38
121000075,41,649,-608
121000076,625,621,4
121000077,130,280,-150
121000078,96,152,-56
121000080,1989,732,1257
121000081,5300,3302,1998
121000082,92,223,-131
121000083,147,154,-7
121000084,173,156,17
121000085,261,386,-125
121000086,264,704,-440
121000087,62,382,-320
121000088,519,477,42
121000089,510,520,-10
121000090,513,423,90
121000091,1507,1030,477
121000092,221,83,138
121000093,181,193,-12
121000094,563,724,-161
121000095,388,680,-292
121000096,2399,2309,90
121000097,1030,2582,-1552
121000098,672,891,-219
121000099,640,774,-134
121000100,932,340,592
121000101,524,351,173
121000102,355,288,67
121000103,313,258,55
121000104,308,153,155
121000105,514,217,297
121000106,458,397,61
121000107,1880,2793,-913
121000109,1122,1021,101
121000110,278,671,-393
121000114,2992,1956,1036
121000115,985,556,429
121000116,203,765,-562
121000117,628,192,436
121000118,1414,238,1176
121000119,221,409,-188
121000120,362,455,-93
121000121,718,1438,-720
121000123,1712,775,937
121000126,95,331,-236
121000127,184,92,92
121000128,1043,371,672
121000129,960,573,387
121000130,661,735,-74
121000131,2155,1948,207
121000132,1607,1963,-356
121000135,492,991,-499
121000136,1171,1214,-43
121000137,589,336,253
121000138,825,1520,-695
121000139,407,631,-224
121000141,191,175,16
121000142,646,1036,-390
121000143,146,48,98
121000144,1083,2004,-921
121000145,585,958,-373
121000146,1499,1044,455
121000147,1257,514,743
121000148,924,1001,-77
121000149,2374,1431,943
121000152,428,452,-24
121000153,1935,593,1342
121000154,1119,524,595
121000155,1637,999,638
121000156,409,966,-557
121000157,889,1671,-782
121000158,325,432,-107
121000159,208,384,-176
121000160,271,333,-62
121000161,259,292,-33
121000162,179,196,-17
121000165,1733,2103,-370
121000166,20,365,-345
121000168,438,185,253
121000169,75,116,-41
121000170,368,90,278
121000171,121,144,-23
121000172,716,543,173
121000173,1464,1214,250
121000174,392,476,-84
121000175,1104,355,749
121000176,372,296,76
121000177,837,513,324
121000178,103,49,54
121000179,64,57,7
121000181,438,401,37
121000182,202,285,-83
121000183,90,213,-123
121000184,213,216,-3
121000185,37,247,-210
121000186,201,687,-486
121000187,239,155,84
121000188,226,167,59
121000192,1093,419,674
121000193,662,477,185
121000194,2023,2019,4
121000195,243,819,-576
121000196,321,219,102
121000197,289,724,-435
121000198,210,162,48
121000199,125,273,-148
121000200,640,98,542
121000201,3,188,-185
121000202,187,11,176
121000203,844,1604,-760
121000204,3085,764,2321
121000205,152,196,-44
121000206,237,55,182
121000207,2264,362,1902
121000208,5,231,-226
121000209,459,208,251
121000210,866,272,594
121000211,315,127,188
121000212,497,475,22
121000213,8642,2654,5988
121000214,993,1951,-958
121000215,947,1024,-77
121000216,599,588,11
121000217,4224,2331,1893
121000218,330,1404,-1074
121000219,1381,408,973
121000220,159,95,64
121000221,122,242,-120
121000222,2157,2361,-204
121000223,367,436,-69
121000224,270,338,-68
121000225,712,1938,-1226
121000226,1874,1126,748
121000227,24,130,-106
121000228,19,479,-460
121000229,346,276,70
121000230,51,1248,-1197
121000231,1137,27,1110
121000232,373,327,46
121000233,551,334,217
121000234,18,44,-26
121000235,57,62,-5
121000236,7,62,-55
121000237,35,14,21
121000238,10,45,-35
121000239,44,2,42
121000240,7,133,-126
121000241,98,11,87
121000242,56,315,-259
121000243,464,140,324
121000244,9,62,-53
121000245,58,27,31
121000246,6,72,-66
121000247,122,7,115
121000248,963,482,481
121000249,108,320,-212
121000250,568,277,291
121000251,30,280,-250
121000252,136,90,46
121000253,275,240,35
121000254,679,206,473
121000255,115,239,-124
121000256,317,211,106
121000257,37,96,-59
121000258,102,65,37
121000259,39,79,-40
121000260,75,118,-43
121000261,133,47,86
121000262,1070,814,256
121000263,519,459,60
121000271,324,1251,-927
121000273,16,7,9
121000274,9,41,-32
121000275,2,3,-1
121000276,6,18,-12
121000278,34,36,-2
121000279,16,24,-8
121000280,30,37,-7
121000289,269,23,246
121000290,1145,834,311
121000294,192,84,108
121000297,657,1076,-419
121000299,88,649,-561
121000300,984,537,447
121000302,40,1068,-1028
121000303,429,333,96
121000304,567,85,482
121000305,196,42,154
121000306,153,135,18
121000308,142,310,-168
121000309,282,509,-227
121000310,127,312,-185
121000311,76,818,-742
121000312,475,314,161
121000313,390,450,-60
121000314,61,102,-41
121000315,27,83,-56
121000530,1908,1338,570
121000531,1937,1400,537
121000532,7504,7862,-358
121000533,3400,3370,30
121000918,54,120,-66
121000919,66,73,-7
121000938,73,87,-14
121000939,69,139,-70
121000956,1750,914,836
121000957,8,30,-22
121000958,40,66,-26
121000959,915,629,286
121000960,1357,1515,-158
121000961,290,86,204
121000962,236,317,-81
121000973,3,162,-159
121000976,21,268,-247
121000979,545,192,353
121000981,382,181,201
121000982,397,151,246
121000983,396,319,77
121000984,30,97,-67
121000985,902,436,466
121000986,431,123,308
121000987,225,687,-462
121000988,1003,119,884
121001302,264,122,142
121001308,2,22,-20
121001309,89,175,-86
121001313,182,149,33
121001314,1620,2393,-773
121001315,4554,2450,2104
121900001,101,211,-110
121900002,37,46,-9
121900003,416,68,348
121900004,134,414,-280
121900005,48,14,34
121900006,51,37,14
121900007,1991,2050,-59
121900008,1457,1252,205
121900009,824,21,803
121900010,253,5,248
121900011,305,418,-113
121900012,11,0,11
121900013,1036,78,958
121900014,1246,321,925
121900015,227,210,17
121900016,4,26,-22
121900017,642,506,136
121900018,411,10,401
121900019,533,246,287
121900020,14,6,8
121900021,1079,22,1057
121900022,208,232,-24
121900023,182,345,-163
121900024,316,73,243
121900025,700,539,161
121900026,403,61,342
121900027,489,212,277
121900028,360,15,345
121900029,125,206,-81
121900030,472,509,-37
121900031,1006,6421,-5415
121900032,139,83,56
121900033,207,293,-86
121900034,373,85,288
121900035,3153,2383,770
121900036,92,310,-218
121900037,210,1132,-922
121900038,65,119,-54
121900039,355,70,285
121900040,100,142,-42
121900041,110,176,-66
121900042,461,151,310
121900043,0,6,-6
121900044,123,55,68
121900045,441,253,188
121900046,294,332,-38
121900047,273,66,207
121900048,119,98,21
121900050,31,62,-31
121900051,192,160,32
121900052,225,59,166
121900053,648,320,328
121900054,451,952,-501
121900055,2,12,-10
121900058,284,165,119
121900059,423,164,259
121900060,138,381,-243
121900061,233,183,50
121900062,226,169,57
121900063,1634,439,1195
121900064,323,567,-244
121900066,60,15,45
121900067,50,49,1
121900069,135,152,-17
121900070,288,161,127
121900071,354,306,48
121900072,49,144,-95
121900073,232,257,-25
121900074,892,1167,-275
121900075,471,588,-117
121900076,435,562,-127
121900077,31,33,-2
121900078,104,39,65
121900079,0,0,0
121900080,907,420,487
121900082,65,111,-46
121900084,51,93,-42
121900085,2,15,-13
121900086,15,64,-49
121900087,200,96,104
121900088,2052,3802,-1750
121900089,250,230,20
121900090,40,79,-39
121900091,91,75,16
121900092,87,138,-51
121900093,96,94,2
121900094,9,2,7
121900095,275,177,98
121900096,1415,1055,360
121900097,670,193,477
121900098,9,2,7
121900099,237,84,153
121900100,197,522,-325
121900101,130,136,-6
121900102,2,161,-159
121900103,572,277,295
121900104,1681,299,1382
121900105,267,221,46
121900106,15,10,5
121900107,56,27,29
121900108,0,17,-17
121900109,295,134,161
121900110,555,693,-138
121900111,524,252,272
121900112,162,195,-33
121900113,75,413,-338
121900114,90,59,31
121900115,194,324,-130
121900117,214,173,41
121900118,1719,680,1039
121900119,224,147,77
121900120,68,1132,-1064
121900121,421,43,378
121900122,54,60,-6
121900123,281,449,-168
121900124,117,178,-61
121900125,2483,987,1496
121900127,21,93,-72
121900128,97,120,-23
121900129,617,203,414
121900130,108,191,-83
121900131,231,90,141
121900132,71,97,-26
121900133,50,1034,-984
121900134,28,169,-141
121900135,3266,461,2805
121900136,456,400,56
121900137,92,364,-272
121900138,102,233,-131
121900139,314,595,-281
121900140,62,194,-132
121900141,74,58,16
121900142,174,123,51
121900143,33,155,-122
121900144,147,211,-64
121900145,289,290,-1
121900146,623,697,-74
121900147,59,183,-124
121900148,155,349,-194
121900149,361,516,-155
121900150,57,129,-72
121900151,68,208,-140
121900152,112,150,-38
121900153,120,867,-747
121900154,20,223,-203
121900155,2,284,-282
121900156,253,110,143
121900157,3,260,-257
121900158,87,121,-34
121900159,1,181,-180
121900160,50,170,-120
121900161,345,346,-1
121900162,94,187,-93
121900163,309,373,-64
121900164,327,217,110
121900165,238,135,103
121900166,148,148,0
121900167,68,121,-53
121900168,129,203,-74
121900169,6,168,-162
121900170,12,176,-164
121900171,890,663,227
121900172,639,197,442
121900173,825,281,544
121900174,48,51,-3
121900175,215,304,-89
121900176,573,1280,-707
121900177,241,91,150
121900179,437,203,234
121900180,3176,4780,-1604
121900182,641,267,374
121900183,478,1331,-853
121900184,82,666,-584
121900185,143,93,50
121900186,9,364,-355
121900187,25,175,-150
121900188,683,307,376
121900189,78,125,-47
121900190,247,412,-165
121900191,128,185,-57
121900192,303,666,-363
121900194,5,250,-245
121900195,96,129,-33
121900196,863,914,-51
121900197,314,1283,-969
121900198,1150,808,342
121900199,1,25,-24
121900200,67,198,-131
121900201,955,930,25
121900202,140,764,-624
121900203,261,1084,-823
121900204,761,1181,-420
121900205,232,190,42
121900206,19,71,-52
121900207,154,53,101
121900208,152,280,-128
121900209,89,42,47
121900210,1215,963,252
121900211,5,111,-106
121900212,145,130,15
121900213,199,62,137
121900214,5,529,-524
121900215,31,128,-97
121900216,30,343,-313
121900217,394,188,206
121900218,168,378,-210
121900219,262,101,161
121900220,162,10,152
121900221,256,494,-238
121900222,167,149,18
121900223,216,66,150
121900224,172,52,120
121900225,91,92,-1
121900226,478,774,-296
121900227,236,598,-362
121900228,157,226,-69
121900229,357,310,47
121900230,77,488,-411
121900231,317,3270,-2953
121900232,208,320,-112
121900233,242,243,-1
121900234,427,196,231
121900235,634,133,501
121900236,421,142,279
121900237,203,278,-75
121900238,140,262,-122
121900239,219,62,157
121900240,289,141,148
121900241,49,44,5
121900242,3,0,3
121900243,21,0,21
121900244,27,4,23
121900245,190,76,114
121900246,2539,357,2182
121900247,315,258,57
121900248,1286,1378,-92
121900250,229,288,-59
121900251,538,62,476
121900252,602,132,470
121900253,97,665,-568
121900254,406,266,140
121900255,402,95,307
121900258,3807,1904,1903
121900259,326,591,-265
121900260,171,153,18
121900261,157,518,-361
121900262,341,913,-572
121900263,340,253,87
121900264,1637,1245,392
121900265,405,258,147
121900266,563,161,402
121900267,76,43,33
121900269,242,858,-616
121900270,39,212,-173
121900271,45,151,-106
121900273,470,1887,-1417
121900274,336,244,92
121900276,795,127,668
121900277,493,1110,-617
121900278,152,937,-785
121900279,151,162,-11
121900280,142,347,-205
121900281,422,807,-385
121900284,250,16,234
121900286,207,110,97
121900287,13,21,-8
121900290,330,409,-79
121900291,322,606,-284
121900292,156,137,19
121900293,881,2557,-1676
121900294,292,1,291
121900295,174,212,-38
121900296,49,237,-188
121900298,234,810,-576
121900299,4,6,-2
121900300,144,9,135
121900301,97,6,91
121900302,7,21,-14
121900303,226,353,-127
121900304,1,16,-15
121900305,5,6,-1
121900306,285,5,280
121900307,87,26,61
121900308,40,207,-167
121900309,22,184,-162
121900310,14,311,-297
121900311,602,23,579
121900312,485,33,452
121900313,402,13,389
121900314,4,40,-36
121900315,12,0,12
121900316,0,8,-8
121900317,32,2,30
121900318,2,10,-8
121900319,43,120,-77
121900320,33,41,-8
121900321,23,1,22
121900322,1,16,-15
121900323,13,13,0
121900324,1,36,-35
121900325,17,4,13
121900326,1,10,-9
121900327,8,39,-31
121900328,0,16,-16
121900329,2,88,-86
121900330,1,29,-28
121900331,69,62,7
121900332,107,34,73
122000001,1997,4816,-2819
122000002,3507,1550,1957
122000003,1870,2906,-1036
122000004,2879,1638,1241
122000005,2315,2176,139
122000006,1540,1004,536
122000007,938,1408,-470
122000008,2727,4306,-1579
122000009,376,455,-79
122000010,1982,2909,-927
122000011,2899,1457,1442
122000012,879,1522,-643
122000013,926,853,73
122000014,1733,962,771
122000015,1379,1073,306
122000016,528,717,-189
122000017,1124,1016,108
122000018,1384,1370,14
122000019,749,1028,-279
122000020,170,207,-37
122000021,268,440,-172
122000022,1172,1028,144
122000023,694,1663,-969
122000024,571,1234,-663
122000025,739,1806,-1067
122000026,696,1150,-454
122000027,629,1452,-823
122000028,883,465,418
122000029,458,568,-110
122000030,275,141,134
122000031,168,306,-138
122000032,1512,1565,-53
122000033,563,1260,-697
122000034,619,684,-65
122000035,343,665,-322
122000036,628,509,119
122000037,380,246,134
122000038,243,316,-73
122000039,541,351,190
122000040,227,298,-71
122000041,425,553,-128
122000042,301,397,-96
122000043,81,120,-39
122000044,104,141,-37
122000045,1057,468,589
122000046,725,618,107
122000047,211,254,-43
122000048,3545,4590,-1045
122000049,5443,3536,1907
122000050,1186,737,449
122000051,271,367,-96
122000052,425,391,34
122000053,141,850,-709
122000054,2271,1986,285
122000055,1840,2880,-1040
122000056,4060,2971,1089
122000057,2783,3358,-575
122000058,1850,1569,281
122000059,2274,1835,439
122000060,426,670,-244
122000061,331,483,-152
122000062,691,294,397
122000063,936,694,242
122000064,2941,2840,101
122000065,2924,2138,786
122000066,803,860,-57
122000067,1369,1066,303
122000068,1521,954,567
122000069,689,705,-16
122000070,838,1260,-422
122000071,1957,1221,736
122000072,347,354,-7
122000073,272,673,-401
122000074,2816,1597,1219
122000075,858,1114,-256
122000076,2616,1153,1463
122000077,937,891,46
122000078,1464,2494,-1030
122000079,691,1155,-464
122000080,500,357,143
122000081,141,189,-48
122000082,410,948,-538
122000083,2000,1433,567
122000084,1498,914,584
122000085,238,1048,-810
122000086,2327,5104,-2777
122000087,359,357,2
122000088,379,493,-114
122000089,4389,2461,1928
122000090,212,526,-314
122000091,187,117,70
122000092,104,42,62
122000093,1589,2491,-902
122000094,4899,3307,1592
122000095,1900,4036,-2136
122000096,1680,1835,-155
122000098,2789,2651,138
122000099,1330,769,561
122000100,849,612,237
122000101,379,691,-312
122000102,1978,1087,891
122000103,1999,1545,454
122000104,557,172,385
122000105,667,241,426
122000106,531,541,-10
122000107,1085,451,634
122000108,461,718,-257
122000109,426,258,168
122000110,415,492,-77
122000111,2347,1329,1018
122000112,965,1246,-281
122000113,646,600,46
122000114,2416,1574,842
122000115,1670,1168,502
122000116,572,695,-123
122000117,1625,484,1141
122000118,658,842,-184
122000119,4043,3109,934
122000120,2621,6119,-3498
122000121,2580,3945,-1365
122000122,720,1880,-1160
122000123,2023,1887,136
122000124,1088,593,495
122000125,650,774,-124
122000126,644,1186,-542
122000127,1218,1328,-110
122000128,513,824,-311
122000129,458,1121,-663
122000130,4240,1795,2445
122000131,2033,1914,119
122000132,793,797,-4
122000133,1100,1398,-298
122000134,1162,971,191
122000135,617,638,-21
122000136,1052,700,352
122000137,2094,952,1142
122000139,1060,4002,-2942
122000140,667,628,39
122000141,3830,1153,2677
122000142,344,1000,-656
122000143,612,970,-358
122000144,1967,1886,81
122000145,1539,955,584
122000146,737,1647,-910
122000147,700,604,96
122000148,1170,2176,-1006
122000149,2260,1673,587
122000150,1234,1252,-18
122000151,177,425,-248
122000152,427,414,13
122000153,467,403,64
122000154,257,271,-14
122000155,1468,2547,-1079
122000156,2345,2655,-310
122000157,1093,2360,-1267
122000158,322,917,-595
122000159,1052,2430,-1378
122000160,5062,3927,1135
122000161,1623,1449,174
122000162,2329,2095,234
122000163,253,101,152
122000164,51,81,-30
122000165,693,666,27
122000166,729,1022,-293
122000167,314,272,42
122000168,200,532,-332
122000169,287,174,113
122000170,396,267,129
122000171,57,92,-35
122000172,1749,1264,485
122000173,1452,2171,-719
122000174,2111,953,1158
122000175,739,274,465
122000176,317,726,-409
122000177,1343,1363,-20
122000178,2643,2447,196
122000179,1499,2179,-680
122000180,1688,1361,327
122000181,1575,2926,-1351
122000182,2104,2047,57
122000183,2159,970,1189
122000184,3092,2635,457
122000185,1359,1963,-604
122000186,449,694,-245
122000187,1982,995,987
122000188,485,222,263
122000189,259,253,6
122000190,825,1097,-272
122000191,800,792,8
122000192,1164,340,824
122000193,429,707,-278
122000194,494,190,304
122000195,168,414,-246
122000196,1288,668,620
122000197,551,705,-154
122000198,452,819,-367
122000199,291,325,-34
122000200,789,548,241
122000201,1073,1570,-497
122000202,1179,1537,-358
122000203,2525,1401,1124
122000204,1451,1819,-368
122000205,1141,1369,-228
122000206,2665,1171,1494
122000207,1843,1725,118
122000208,2293,1475,818
122000209,1655,362,1293
122000210,2607,1579,1028
122000211,1501,1286,215
122000212,776,557,219
122000213,1092,1308,-216
122000214,2195,1662,533
122000215,2114,1403,711
122000217,1793,1323,470
122000218,762,76,686
122000219,1158,845,313
122000220,431,693,-262
122000221,81,342,-261
122000222,518,124,394
122000223,1335,522,813
122000225,713,335,378
122000226,1862,1736,126
122000227,350,2316,-1966
122000228,390,356,34
122000229,17,459,-442
122000230,71,431,-360
122000231,261,676,-415
122000232,643,491,152
122000233,0,61,-61
122000234,416,37,379
122000235,647,96,551
122000236,1386,100,1286
122000237,152,104,48
122000238,383,275,108
122000239,687,138,549
122000240,1111,663,448
122000241,227,295,-68
122000242,828,118,710
122000243,64,42,22
122000244,12,279,-267
122000245,9,73,-64
122000246,38,106,-68
122000247,683,255,428
122000248,1025,1402,-377
122000249,1301,838,463
122000250,3032,976,2056
122000251,235,529,-294
122000252,600,151,449
122000253,54,250,-196
122000254,321,123,198
122000255,759,1437,-678
122000256,280,756,-476
122000257,211,254,-43
122000258,415,288,127
122000259,16,393,-377
122000260,6,60,-54
122000261,13,186,-173
122000262,1,32,-31
122000263,484,182,302
122000264,1711,294,1417
122000265,2555,921,1634
122000266,4290,685,3605
122000267,153,100,53
122000268,167,337,-170
122000269,1042,339,703
122000270,506,159,347
122000271,276,968,-692
122000272,393,776,-383
122000273,457,386,71
122000274,261,225,36
122000275,100,218,-118
122000276,1022,611,411
122000277,1364,1679,-315
122000278,2374,736,1638
122000279,280,461,-181
122000280,826,781,45
122000281,956,679,277
122000282,188,479,-291
122000283,247,184,63
122000284,192,73,119
122000285,308,75,233
122000286,69,204,-135
122000287,1421,1471,-50
122000288,534,241,293
122000291,2449,712,1737
122000293,248,243,5
122000294,153,232,-79
122000295,1473,207,1266
122000296,20,370,-350
122000297,2509,3168,-659
122000299,675,353,322
122000300,535,711,-176
122000301,7386,2848,4538
122000302,527,1576,-1049
122000303,2735,1191,1544
122000304,66,194,-128
122000305,1475,244,1231
122000306,35,482,-447
122000307,111,105,6
122000309,48,30,18
122000310,21,83,-62
122000311,108,109,-1
122000312,100,135,-35
122000313,66,70,-4
122000314,158,184,-26
122000315,283,60,223
122000316,1147,249,898
122000317,1755,309,1446
122000318,322,1017,-695
122000319,142,261,-119
122000320,363,972,-609
122000321,93,135,-42
122000322,1684,1852,-168
122000323,1152,2239,-1087
122000324,1019,1189,-170
122000325,815,1630,-815
122000326,106,78,28
122000327,797,1160,-363
122000328,1000,625,375
122000330,2407,1033,1374
122000332,178,350,-172
122000333,3,78,-75
122000337,1314,1260,54
122000338,537,402,135
122000340,319,592,-273
122000342,1053,811,242
122000343,241,304,-63
122000344,48,24,24
122000345,48,22,26
122000346,321,137,184
122000348,886,672,214
122000349,128,588,-460
122000351,149,177,-28
122000352,195,173,22
122000353,90,49,41
122000355,118,299,-181
122000356,1029,1150,-121
122000357,99,16,83
122000358,0,40,-40
122000359,0,36,-36
122000360,0,43,-43
122000362,6,71,-65
122000364,169,276,-107
122000365,1,24,-23
122000366,4,6,-2
122000368,424,592,-168
122000370,21,50,-29
122000371,30,0,30
122000372,11,2,9
122000381,117,289,-172
122000382,81,213,-132
122000384,1929,1040,889
122000385,77,1,76
122000386,334,1472,-1138
122000387,461,611,-150
122000388,1500,673,827
122000389,186,646,-460
122000390,298,226,72
122000391,281,212,69
122000392,187,201,-14
122000393,35,105,-70
122000394,586,225,361
122000395,131,128,3
122000396,298,94,204
122000397,25,49,-24
122000398,13,60,-47
122000399,180,88,92
122000400,62,557,-495
122000401,158,64,94
122000402,438,121,317
122000403,560,614,-54
122000404,260,174,86
122000408,682,1039,-357
122000503,18,98,-80
122000524,214,152,62
122000544,112,1967,-1855
122000616,313,2,311
122000640,91,141,-50
122000641,130,226,-96
122000642,1168,777,391
122000643,44,190,-146
122000644,154,65,89
122000645,67,137,-70
122000651,994,859,135
122000664,113,33,80
122000665,1256,530,726
122000666,711,1076,-365
122000673,35,172,-137
122000674,222,64,158
122000675,1984,766,1218
122000686,601,853,-252
122000687,1661,270,1391
122000688,324,503,-179
122000689,1019,385,634
122000690,2258,423,1835
122000691,808,1321,-513
122000692,1516,375,1141
122000693,497,1225,-728
122000695,400,349,51
122000696,597,248,349
122000698,489,462,27
122000699,202,128,74
122000701,1406,277,1129
122000702,414,835,-421
122000703,193,44,149
122000717,111,61,50
122000718,310,802,-492
122000719,113,119,-6
122000720,553,182,371
122900001,62,13,49
122900002,976,5457,-4481
122900003,456,41,415
122900004,1766,100,1666
122900005,107,159,-52
122900006,508,1019,-511
122900007,101,93,8
122900008,425,160,265
122900009,860,536,324
122900010,216,114,102
122900012,239,446,-207
122900014,120,219,-99
122900015,1594,1438,156
122900016,152,249,-97
122900017,371,923,-552
122900018,211,19,192
122900019,5,116,-111
122900020,174,410,-236
122900021,46,422,-376
122900022,978,646,332
122900023,623,244,379
122900024,169,94,75
122900025,14,363,-349
122900026,49,223,-174
122900027,84,573,-489
122900028,247,384,-137
122900029,4065,3011,1054
122900030,937,618,319
122900031,55,358,-303
122900032,166,426,-260
122900033,144,160,-16
122900034,3950,4619,-669
122900035,40,28,12
122900036,51,80,-29
122900037,368,156,212
122900038,106,3000,-2894
122900039,90,507,-417
122900040,214,421,-207
122900041,239,370,-131
122900042,190,247,-57
122900043,327,222,105
122900044,113,288,-175
122900045,86,114,-28
122900046,133,304,-171
122900047,145,194,-49
122900048,50,249,-199
122900049,1153,129,1024
122900051,85,138,-53
122900052,106,113,-7
122900053,24,24,0
122900055,325,105,220
122900057,265,48,217
122900061,476,172,304
122900062,635,552,83
122900063,211,233,-22
122900064,783,420,363
122900065,584,217,367
122900066,814,314,500
122900067,865,565,300
122900068,244,326,-82
122900069,349,1246,-897
122900070,382,52,330
122900071,91,297,-206
122900072,15,468,-453
122900073,19,199,-180
122900074,977,471,506
122900075,0,63,-63
122900076,5,153,-148
122900077,0,116,-116
122900078,297,74,223
122900080,42,28,14
122900081,171,160,11
122900082,1050,238,812
122900083,183,175,8
122900084,12,182,-170
122900086,19,110,-91
122900087,285,417,-132
122900088,31,147,-116
122900089,76,186,-110
122900090,4,343,-339
122900091,336,0,336
122900092,0,152,-152
122900093,0,175,-175
122900094,4,143,-139
122900095,168,21,147
122900096,461,128,333
122900097,27,55,-28
122900098,58,106,-48
122900099,45,23,22
122900100,166,385,-219
122900101,502,224,278
123000001,1058,409,649
123000002,2929,5457,-2528
123000003,4115,4164,-49
123000004,2857,3449,-592
123000005,2854,2692,162
123000006,2208,2172,36
123000007,3284,2504,780
123000008,2372,2547,-175
123000009,4306,2922,1384
123000010,2823,3169,-346
123000011,2090,751,1339
123000012,564,1872,-1308
123000013,3587,849,2738
123000014,654,3282,-2628
123000015,3188,1068,2120
123000016,3633,4444,-811
123000017,3443,1782,1661
123000018,98,92,6
123000019,431,136,295
123000020,275,54,221
123000021,133,160,-27
123000022,324,1411,-1087
123000023,1978,1904,74
123000024,1740,799,941
123000025,89,105,-16
123000026,3,116,-113
123000027,81,695,-614
123000028,1241,1124,117
123000029,493,1620,-1127
123000030,267,218,49
123000031,396,228,168
123000032,547,111,436
123000033,253,54,199
123000034,1071,727,344
123000035,588,478,110
123000036,357,902,-545
123000037,394,364,30
123000038,132,240,-108
123000039,606,1779,-1173
123000040,639,363,276
123000041,1081,1197,-116
123000042,615,550,65
123000043,2714,11825,-9111
123000044,3994,2628,1366
123000045,6303,3223,3080
123000046,738,1952,-1214
123000047,1713,1046,667
123000048,136,1143,-1007
123000049,6397,11425,-5028
123000050,1807,1724,83
123000051,98,204,-106
123000052,900,3738,-2838
123000053,2909,3138,-229
123000054,1704,1650,54
123000055,1456,2680,-1224
123000056,1110,1648,-538
123000057,9102,7700,1402
123000058,624,1116,-492
123000059,420,524,-104
123000060,1060,378,682
123000061,333,645,-312
123000063,928,1052,-124
123000064,1198,255,943
123000065,3946,2631,1315
123000066,751,570,181
123000067,1195,601,594
123000068,2426,2784,-358
123000069,6479,3043,3436
123000070,274,593,-319
123000071,1525,889,636
123000072,1194,756,438
123000073,1533,768,765
123000074,1134,899,235
123000075,432,1250,-818
123000076,872,668,204
123000077,1870,2040,-170
123000078,1953,1223,730
123000079,1888,1711,177
123000080,2442,1480,962
123000081,174,327,-153
123000082,341,945,-604
123000083,1087,282,805
123000084,742,415,327
123000085,385,67,318
123000086,719,146,573
123000087,427,338,89
123000088,1455,777,678
123000089,644,914,-270
123000090,1093,772,321
123000091,1397,1040,357
123000092,734,1047,-313
123000094,693,160,533
123000095,699,605,94
123000096,697,470,227
123000097,526,539,-13
123000098,677,528,149
123000099,602,521,81
123000100,473,760,-287
123000101,536,578,-42
123000102,410,673,-263
123000104,446,518,-72
123000105,590,502,88
123000106,480,523,-43
123000107,413,435,-22
123000108,592,1068,-476
123000111,1086,370,716
123000112,1430,585,845
123000113,519,1100,-581
123000114,397,569,-172
123000115,340,258,82
123000116,38,92,-54
123000117,1747,1490,257
123000118,503,713,-210
123000119,287,708,-421
123000120,354,662,-308
123000121,487,485,2
123000122,331,228,103
123000123,491,453,38
123000124,370,434,-64
123000125,1312,1358,-46
123000126,1172,5008,-3836
123000127,574,547,27
123000128,353,316,37
123000129,980,241,739
123000130,828,78,750
123000131,1115,758,357
123000132,292,666,-374
123000133,251,455,-204
123000134,374,139,235
123000135,2906,1435,1471
123000136,229,624,-395
123000137,115,254,-139
123000138,80,305,-225
123000139,710,101,609
123000140,123,668,-545
123000141,982,150,832
123000142,958,885,73
123000143,777,1501,-724
123000144,50,32,18
123000145,220,233,-13
123000146,44,92,-48
123000147,69,112,-43
123000149,402,525,-123
123000150,156,261,-105
123000151,225,503,-278
123000152,82,424,-342
123000153,278,760,-482
123000154,1410,1879,-469
123000155,1781,1126,655
123000156,31,148,-117
123000157,615,831,-216
123000158,581,825,-244
123000159,3381,3013,368
123000160,1123,848,275
123000161,1935,1199,736
123000162,1245,1515,-270
123000163,576,165,411
123000164,1811,324,1487
123000165,433,1167,-734
123000166,47,117,-70
123000167,189,236,-47
123000168,300,206,94
123000169,1032,157,875
123000170,112,142,-30
123000171,923,19,904
123000172,154,534,-380
123000173,674,303,371
123000174,1220,435,785
123000175,523,1161,-638
123000176,1202,318,884
123000177,305,942,-637
123000178,899,170,729
123000179,45,511,-466
123000180,1915,311,1604
123000181,311,910,-599
123000182,230,357,-127
123000183,173,443,-270
123000184,195,468,-273
123000185,1015,252,763
123000186,4,477,-473
123000187,757,8,749
123000188,191,2,189
123000189,170,143,27
123000190,120,65,55
123000192,17,387,-370
123000193,61,714,-653
123000194,309,289,20
123000195,418,52,366
123000196,419,21,398
123000197,66,76,-10
123000198,24,519,-495
123000199,13,644,-631
123000200,611,9,602
123000201,1266,20,1246
123000202,14,837,-823
123000203,1248,70,1178
123000204,87,826,-739
123000205,511,1188,-677
123000206,2500,255,2245
123000207,52,678,-626
123000208,593,243,350
123000209,2439,728,1711
123000210,419,1487,-1068
123000211,519,1997,-1478
123000212,3635,559,3076
123000213,610,89,521
123000215,82,209,-127
123000216,175,594,-419
123000217,241,46,195
123000218,51,705,-654
123000219,776,89,687
123000220,566,110,456
123000221,146,106,40
123000222,505,405,100
123000223,529,238,291
123000224,405,308,97
123000225,353,90,263
123000226,87,319,-232
123000227,84,288,-204
123000228,303,46,257
123000229,831,1218,-387
123000232,85,522,-437
123000233,830,193,637
123000234,180,514,-334
123000235,1326,327,999
123000236,349,622,-273
123000237,313,86,227
123000238,74,342,-268
123000239,391,1170,-779
123000240,42,503,-461
123000241,404,116,288
123000242,239,172,67
123000243,640,809,-169
123000244,806,721,85
123000245,41,124,-83
123000249,347,434,-87
123000252,1014,317,697
123000253,1502,545,957
123000254,772,846,-74
123000255,1131,877,254
123000256,30,240,-210
123000257,2377,1750,627
123000258,1000,759,241
123000259,406,390,16
123000260,515,380,135
123000261,285,149,136
123000262,103,140,-37
123000263,514,98,416
123000264,214,107,107
123000265,48,127,-79
123000266,597,671,-74
123000267,843,349,494
123000268,73,54,19
123000269,53,72,-19
123000270,34,56,-22
123000271,57,59,-2
123000272,740,249,491
123000273,280,667,-387
123000274,1162,574,588
123000275,284,706,-422
123000278,2304,2524,-220
123000279,111,110,1
123000280,308,307,1
123000281,308,103,205
123000282,121,259,-138
123000283,126,65,61
123000284,50,64,-14
123000286,216,377,-161
123000287,383,266,117
123000288,1410,1092,318
123000289,370,1245,-875
123000291,243,849,-606
123000294,160,241,-81
123000295,914,875,39
123000296,637,413,224
123000297,228,253,-25
123000298,263,191,72
123000299,24,99,-75
123000300,1073,825,248
123000301,122,255,-133
123000302,155,131,24
123000303,100,240,-140
123000305,889,834,55
123000306,163,89,74
123000309,41,40,1
123000310,38,47,-9
123000311,0,64,-64
123000312,305,650,-345
123000313,736,256,480
123000315,301,272,29
123000316,699,63,636
123000317,224,46,178
123000318,32,175,-143
123000329,33,19,14
123000337,927,333,594
123000338,270,111,159
123000339,279,73,206
123000340,77,278,-201
123000342,16,32,-16
123000343,21,2,19
123000344,1015,427,588
123000345,316,643,-327
123000346,398,48,350
123000352,1021,807,214
123000353,35,73,-38
123000354,266,2,264
123000355,0,214,-214
123000356,428,7,421
123000357,1,136,-135
123000359,4,131,-127
123000360,266,62,204
123000361,221,267,-46
123000362,513,104,409
123000363,134,159,-25
123000364,551,547,4
123000365,19,346,-327
123000366,459,2211,-1752
123000367,298,885,-587
123000370,19,235,-216
123000371,569,59,510
123000372,401,31,370
123000373,5,331,-326
123000374,9,196,-187
123000375,370,35,335
123000376,976,655,321
123000377,578,15,563
123000378,13,220,-207
123000379,1,199,-198
123000380,61,507,-446
123000381,125,68,57
123000382,986,122,864
123000383,167,1409,-1242
123000384,472,119,353
123000385,177,527,-350
123000436,48,981,-933
123000507,67,165,-98
123000508,126,1072,-946
123000517,277,35,242
123000518,16,181,-165
123000519,207,62,145
123000520,55,192,-137
123000521,390,73,317
123000522,105,294,-189
123000541,12,1,11
123000542,0,13,-13
123000565,752,45,707
123000566,311,324,-13
123000567,120,153,-33
123000573,24,605,-581
123000574,775,77,698
123000575,1473,886,587
123000576,1292,1099,193
123000577,54,693,-639
123000578,494,99,395
123000579,1654,5414,-3760
123000580,117,32,85
123000582,493,23,470
123000583,32,260,-228
123000584,178,324,-146
123000585,0,88,-88
123000586,130,1,129
123000596,80,72,8
123000597,62,127,-65
123000602,51,7,44
123000603,899,375,524
123000604,510,555,-45
123000605,645,116,529
123000606,0,244,-244
123000609,7,348,-341
123000610,208,164,44
123000613,26,179,-153
123000614,305,65,240
123000615,34,96,-62
123000616,867,80,787
123000617,130,326,-196
123000618,97,605,-508
123000619,571,29,542
123000620,29,384,-355
123000622,533,16,517
123000624,182,26,156
123000630,1220,399,821
123000631,239,750,-511
123000632,685,730,-45
123000633,0,118,-118
123000634,63,147,-84
123000635,69,90,-21
123000636,30,381,-351
123000637,116,54,62
123000638,418,32,386
123000639,1058,4342,-3284
123000640,16,504,-488
123900001,918,33,885
123900002,26,1239,-1213
123900003,235,371,-136
123900005,279,197,82
123900006,254,48,206
124000001,2157,191,1966
124000002,70,1480,-1410
124000003,1059,130,929
124000004,53,461,-408
124000005,1275,645,630
124000006,223,847,-624
124000007,350,96,254
124000008,8,408,-400
124000009,542,175,367
124000010,265,323,-58
124000011,967,280,687
124000012,377,373,4
124000017,202,121,81
124000018,164,48,116
124000019,182,150,32
124000020,80,109,-29
124000021,109,93,16
124000022,106,162,-56
124000023,1156,1538,-382
124000024,907,364,543
124000025,999,1687,-688
124000026,897,870,27
124000027,4856,5504,-648
124000028,1711,3812,-2101
124000030,2090,1222,868
124000031,1229,3598,-2369
124000032,1843,709,1134
124000033,180,204,-24
124000034,680,481,199
124000035,43,215,-172
124000036,42,147,-105
124000037,447,1302,-855
124000038,38,78,-40
124000039,1001,584,417
124000040,515,1406,-891
124000041,565,103,462
124000042,111,488,-377
124000043,88,79,9
124000044,55,226,-171
124000045,919,553,366
124000046,341,562,-221
124000047,1928,757,1171
124000048,1030,1063,-33
124000049,1938,646,1292
124000050,921,1265,-344
124000051,1083,511,572
124000052,705,792,-87
124000053,596,1668,-1072
124000054,896,409,487
124000055,1447,2939,-1492
124000056,1977,1084,893
124000057,1033,550,483
124000058,416,922,-506
124000059,760,1237,-477
124000060,980,514,466
124000061,1246,5520,-4274
124000062,2830,1510,1320
124000063,1067,1288,-221
124000064,1934,1165,769
124000065,7,408,-401
124000066,71,36,35
124000067,213,167,46
124000068,24,21,3
124000069,188,13,175
124000070,89,99,-10
124000071,245,93,152
124000072,189,294,-105
124000073,971,108,863
124000074,165,568,-403
124000075,517,28,489
124000076,8,128,-120
124000077,1224,1112,112
124000078,2517,1557,960
124000079,344,1748,-1404
124000080,561,166,395
124000081,270,504,-234
124000082,59,136,-77
124000083,60,76,-16
124000084,45,336,-291
124000085,70,15,55
124000086,93,134,-41
124000087,250,122,128
124000088,370,443,-73
124000089,997,509,488
124000090,130,256,-126
124000091,356,82,274
124000092,76,310,-234
124000093,115,106,9
124000094,236,512,-276
124000095,105,56,49
124000096,133,246,-113
124000097,132,116,16
124000098,58,60,-2
124000099,151,73,78
124000100,57,71,-14
124000101,116,108,8
124000102,60,50,10
124000103,90,106,-16
124000104,73,42,31
124000105,91,78,13
124000106,100,36,64
124000107,26,160,-134
124000108,65,14,51
124000109,116,112,4
124000110,129,62,67
124000111,226,136,90
124000112,708,503,205
124000113,109,110,-1
124000114,315,320,-5
124000115,343,564,-221
124000116,138,134,4
124000117,51,85,-34
124000118,31,106,-75
124000119,835,561,274
124000120,704,361,343
124000121,1136,632,504
124000122,563,1188,-625
124000123,1171,508,663
124000124,457,921,-464
124000125,479,474,5
124000126,355,575,-220
124000127,989,384,605
124000128,563,796,-233
124000129,2271,1484,787
124000130,740,433,307
124000131,854,589,265
124000132,746,642,104
124000133,935,824,111
124000134,997,561,436
124000135,1978,1798,180
124000136,884,968,-84
124000137,1515,1004,511
124000138,1739,1389,350
124000139,600,47,553
124000140,21,341,-320
124000141,103,7,96
124000142,11,168,-157
124000143,64,10,54
124000144,11,41,-30
124000145,163,55,108
124000146,52,74,-22
124000148,12,119,-107
124000149,1266,498,768
124000150,367,813,-446
124000151,632,180,452
124000152,579,997,-418
124000153,763,662,101
124000154,452,569,-117
124000155,1223,711,512
124000156,1156,828,328
124000169,235,452,-217
124000170,479,424,55
124000171,312,234,78
124000172,376,419,-43
124000173,591,187,404
124000174,325,505,-180
124000175,12,117,-105
124000176,71,24,47
124000177,12,49,-37
124000178,101,134,-33
124000190,23,36,-13
124000191,38,71,-33
124000192,1404,357,1047
124000193,310,783,-473
124000194,416,378,38
124000195,285,476,-191
124000196,825,829,-4
124000197,47,51,-4
124000198,40,78,-38
124000201,334,773,-439
124000202,625,369,256
124000203,432,430,2
124000204,1063,269,794
124000205,113,344,-231
124000206,809,255,554
124000207,0,55,-55
124000209,183,361,-178
124000210,742,201,541
124000211,904,2,902
124000212,0,331,-331
124000213,519,222,297
124000214,468,394,74
124000215,458,27,431
124000216,13,275,-262
124000329,213,1123,-910
124000338,145,507,-362
124000339,1316,116,1200
124000341,1794,81,1713
124000344,27,1,26
124000357,1134,2253,-1119
124000358,903,1300,-397
124000359,1569,766,803
124000360,1153,548,605
124000361,1785,773,1012
124000362,932,1168,-236
124000363,255,342,-87
124000364,573,971,-398
124000365,515,908,-393
124000366,1120,710,410
124000367,77,411,-334
124000368,420,460,-40
124000369,131,106,25
124000370,43,363,-320
124000402,38,8,30
124000403,185,11,174
124000404,20,102,-82
124000405,1160,739,421
124000406,800,759,41
124000407,2,21,-19
124000411,12,308,-296
124000412,515,12,503
124000413,119,45,74
124000414,62,89,-27
124000415,58,85,-27
124000416,141,170,-29
124000417,196,102,94
124000418,207,75,132
124000419,84,106,-22
124000420,102,50,52
124000421,74,104,-30
124000422,29,13,16
124000423,172,44,128
124000424,4,54,-50
124000425,56,17,39
124000426,8,26,-18
124000427,64,6,58
124000428,15,53,-38
124000429,90,62,28
124000430,679,417,262
124000431,283,586,-303
124000432,289,578,-289
124000439,3,4,-1
124000442,15,75,-60
124000443,1,11,-10
124000445,59,469,-410
124000446,455,77,378
124900001,499,367,132
124900002,187,315,-128
124900003,1034,392,642
124900004,728,239,489
124900005,351,149,202
124900006,670,209,461
124900008,1066,451,615
124900009,287,631,-344
124900010,306,173,133
124900011,1057,284,773
124900012,908,132,776
124900013,487,99,388
124900014,255,47,208
124900015,216,502,-286
124900016,85,148,-63
124900017,479,1652,-1173
124900018,54,9,45
124900019,539,40,499
124900020,157,102,55
124900021,381,97,284
124900022,52,5,47
124900024,316,14,302
124900026,102,16,86
124900027,100,586,-486
124900028,465,103,362
124900029,16,441,-425
124900030,9,154,-145
124900031,68,334,-266
124900032,227,202,25
124900033,124,314,-190
124900034,8,79,-71
124900035,197,429,-232
124900036,0,77,-77
124900037,181,285,-104
124900038,278,185,93
124900039,0,91,-91
124900040,144,126,18
124900041,201,633,-432
124900042,105,1,104
124900043,395,532,-137
124900044,57,2,55
124900045,615,948,-333
124900046,1326,320,1006
124900047,106,202,-96
124900048,168,98,70
124900050,116,152,-36
124900052,108,601,-493
124900053,125,234,-109
124900054,1097,486,611
124900055,1,168,-167
124900057,15,42,-27
124900060,63,144,-81
124900061,111,3,108
124900062,175,25,150
124900066,0,11,-11
124900067,6,74,-68
124900068,311,1058,-747
124900069,134,200,-66
124900070,83,33,50
124900072,160,20,140
124900074,484,170,314
124900075,242,178,64
124900076,24,1151,-1127
124900077,28,93,-65
124900078,102,17,85
124900079,424,176,248
124900080,251,381,-130
124900081,940,272,668
124900082,301,454,-153
124900083,163,413,-250
124900084,1086,115,971
124900085,671,547,124
124900086,88,1454,-1366
124900087,459,87,372
124900088,472,108,364
124900089,956,30,926
124900090,453,273,180
124900091,349,227,122
124900092,232,217,15
124900093,446,250,196
124900094,442,255,187
124900095,146,554,-408
124900096,554,335,219
124900097,411,80,331
124900098,201,357,-156
124900099,677,464,213
124900100,323,60,263
124900101,63,360,-297
124900102,220,27,193
124900103,126,178,-52
124900104,64,102,-38
124900105,112,118,-6
124900106,606,90,516
124900107,113,26,87
124900108,153,76,77
124900109,80,82,-2
124900110,354,208,146
124900111,3,50,-47
124900112,80,564,-484
129000186,157,46,111
204000001,28,1,27
204000002,16,0,16
204000003,31,2,29
204000004,6,1,5
204000005,634,458,176
204000006,1227,1156,71
204000008,861,660,201
204000011,6,35,-29
204000012,55,62,-7
204000013,3,15,-12
204000019,652,395,257
204000020,620,494,126
204000021,1110,689,421
204000022,581,431,150
204000023,570,583,-13
204000031,12,3,9
204000032,288,16,272
204000034,20,196,-176
204000035,0,2,-2
204000036,7,15,-8
204000037,2,15,-13
204000038,0,8,-8
204000039,7,22,-15
204000040,2,18,-16
204000041,8,25,-17
204000042,51,12,39
204000043,38,3,35
204000044,39,3,36
204000045,64,8,56
204000046,10,5,5
204000057,4,24,-20
204000062,12,11,1
204000068,37,147,-110
204000069,10,265,-255
204000070,76,67,9
204000080,31,55,-24
204000085,1937,1681,256
204000086,1781,1511,270
204000087,44,8,36
204000088,3,73,-70
204000090,12,220,-208
204000093,410,58,352
204000096,835,897,-62
204000097,535,8,527
204000099,1027,1215,-188
204000100,1374,1675,-301
204000105,2006,1293,713
204000110,377,770,-393
204000111,501,492,9
204000112,649,470,179
204000113,423,532,-109
204000114,744,637,107
204000115,582,302,280
204000116,824,448,376
204000119,1849,2554,-705
204000132,734,297,437
204000133,933,169,764
204000134,295,52,243
204000135,479,46,433
204000136,653,151,502
204000138,438,455,-17
204000140,258,124,134
204000141,172,61,111
204000144,6,47,-41
204000145,468,38,430
204000146,22,292,-270
204000147,11,82,-71
204000148,187,21,166
204000154,17,3,14
204000155,4,5,-1
204000177,68,26,42
204000179,17,7,10
204000180,0,23,-23
204000222,3,14,-11
204000235,7,15,-8
204000236,55,201,-146
204000238,40,13,27
204000240,391,60,331
204000308,137,12,125
204000317,2,56,-54
204000322,3,40,-37
204000323,6,3,3
204000328,277,40,237
204000329,36,217,-181
204000330,153,12,141
204000331,25,69,-44
204010341,7,171,-164
205000001,555,1432,-877
205000013,5,52,-47
205000014,17,89,-72
205000015,24,133,-109
205000016,25,101,-76
205000017,15,96,-81
205000022,169,649,-480
205000025,900,834,66
205000029,253,14,239
205000045,114,362,-248
205000047,66,281,-215
205000048,219,545,-326
205000049,124,584,-460
205000050,378,238,140
205000059,1,161,-160
205000060,0,95,-95
205000061,0,81,-81
205000062,2,72,-70
205000063,23,106,-83
205000064,22,76,-54
205000065,60,412,-352
205000066,96,419,-323
205000067,46,611,-565
205000069,211,18,193
205000082,166,152,14
205000110,52,152,-100
205000111,165,159,6
205000112,141,220,-79
205000113,156,347,-191
205000121,279,42,237
205000123,26,207,-181
205000126,506,62,444
205000127,760,115,645
205000128,484,58,426
205000129,607,69,538
205000130,118,21,97
205000131,54,12,42
205000132,118,3,115
205000133,63,5,58
205000134,325,0,325
205000137,64,141,-77
205000138,141,278,-137
205000139,31,114,-83
205000144,53,88,-35
205000145,361,175,186
205000151,154,29,125
205000152,195,18,177
205000153,293,14,279
205000154,172,27,145
205000155,118,4,114
205000207,13,124,-111
205000233,6,1,5
205000234,0,0,0
205000243,0,4,-4
205000244,0,4,-4
205000245,7,115,-108
205000249,0,21,-21
205000250,3,5,-2
205000251,96,291,-195
205000264,12,85,-73
206000027,2,8,-6
206000028,10,4,6
206000043,3,36,-33
206000053,2,10,-8
206000054,4,21,-17
206000055,0,14,-14
206000075,21,39,-18
206000076,20,13,7
206000077,30,11,19
206000078,15,6,9
206000079,17,10,7
206000082,425,54,371
206000100,15,371,-356
206000103,3,9,-6
206000104,14,11,3
206000105,3,15,-12
206000106,4,11,-7
206000108,650,34,616
206000125,66,0,66
206000157,50,462,-412
206000170,1,135,-134
206000171,2,140,-138
206000172,10,344,-334
206000173,5,130,-125
206000174,9,57,-48
206000175,2,59,-57
206000176,21,109,-88
206000177,2,94,-92
206000178,6,125,-119
206000179,6,117,-111
206000180,18,108,-90
206000181,2,79,-77
206000182,8,77,-69
206000183,14,274,-260
206000184,1,210,-209
206000185,2,96,-94
206000186,95,523,-428
206000223,10,192,-182
206000226,17,7,10
206000227,21,0,21
206000237,17,160,-143
206000238,32,338,-306
206000239,185,1264,-1079
206000240,1,61,-60
206000241,0,60,-60
206000242,7,135,-128
206000243,5,87,-82
206000244,43,314,-271
206000245,884,90,794
206000246,230,8,222
206000247,281,5,276
206000248,432,15,417
206000252,69,40,29
206000258,21,51,-30
206000315,39,3,36
206000317,494,148,346
206000318,449,62,387
206000319,1709,153,1556
206000320,219,48,171
206000321,299,13,286
206000322,733,23,710
206000323,201,11,190
206000324,200,6,194
206000325,237,23,214
206000326,248,11,237
206000327,63,10,53
206000328,181,1,180
206000329,289,9,280
206000330,63,11,52
206000331,235,5,230
206000332,74,3,71
206000333,788,5,783
206000334,329,2,327
206000335,0,18,-18
206000361,4,134,-130
206000392,4,8,-4
206000405,130,2,128
206000441,52,29,23
206000498,27,0,27
206000515,94,29,65
206000530,259,75,184
206000531,199,270,-71
206000532,1492,346,1146
206000535,198,1292,-1094
206000536,17,112,-95
206000537,17,138,-121
206000613,1505,261,1244
207000001,122,543,-421
207000002,107,275,-168
207000003,129,118,11
207000007,1051,237,814
207000008,136,10,126
207000009,57,35,22
207000010,337,331,6
207000012,418,164,254
207000015,215,858,-643
207000019,221,65,156
207000021,513,153,360
207000022,182,139,43
207000023,252,39,213
207000024,3,12,-9
207000025,34,52,-18
207000026,67,30,37
207000027,12,53,-41
207000028,37,155,-118
207000029,123,334,-211
207000033,176,461,-285
207000034,244,104,140
207000039,480,140,340
207000040,512,92,420
207000041,128,39,89
207000042,227,62,165
207000043,208,159,49
207000051,158,184,-26
207000052,17,90,-73
207000053,422,403,19
207000054,39,80,-41
207000055,213,81,132
207000056,314,240,74
207000057,148,183,-35
207000058,159,185,-26
207000059,87,289,-202
207000060,54,84,-30
207000061,122,537,-415
207000062,303,34,269
207000063,381,61,320
207000064,464,185,279
207000065,431,272,159
207000066,213,157,56
207000067,62,61,1
207000068,144,50,94
207000069,708,298,410
207000082,11,171,-160
207000083,95,198,-103
207000084,322,216,106
207000085,235,17,218
207000086,202,4,198
207000106,41,42,-1
207000107,80,11,69
207000108,66,18,48
207000109,60,10,50
207000110,52,75,-23
207000111,76,102,-26
207000112,150,640,-490
207000114,10,36,-26
207000115,16,60,-44
207000116,22,337,-315
207000117,18,74,-56
207000118,4,62,-58
207000119,36,49,-13
207000123,176,23,153
207000124,61,27,34
207000125,57,41,16
207000126,61,61,0
207000134,91,145,-54
207000135,22,175,-153
207000148,58,308,-250
207000149,48,40,8
207000152,94,343,-249
207000153,676,1345,-669
207000154,314,149,165
207000159,130,235,-105
207000160,173,292,-119
207000238,0,120,-120
207000242,6,101,-95
207000248,19,26,-7
207000249,87,23,64
207000250,392,58,334
207000251,79,67,12
207000252,42,45,-3
207000278,113,82,31
207000279,34,112,-78
207000280,580,47,533
207000281,121,598,-477
207000282,107,115,-8
207000283,87,134,-47
207000284,47,211,-164
207000285,87,65,22
207000291,6,87,-81
207000304,121,45,76
207000306,60,330,-270
207000310,94,79,15
207000353,217,3,214
207000356,10,80,-70
207000357,19,20,-1
207000415,4,115,-111
207000417,38,3,35
207000437,1,1,0
207000439,771,871,-100
207000446,184,10,174
207000460,63,4,59
207000466,160,90,70
207000467,0,2,-2
207000468,0,7,-7
207000476,8,53,-45
207000477,818,47,771
207000523,0,10,-10
207000524,37,1,36
207000527,136,142,-6
207000530,580,9,571
207000531,374,13,361
207000532,147,22,125
207000534,292,54,238
207000535,30,294,-264
207000537,6,81,-75
207000540,6,128,-122
207000541,0,188,-188
207000548,3,129,-126
207000549,301,10,291
207000561,177,213,-36
207000562,33,116,-83
207000567,137,193,-56
207000568,269,60,209
207000569,485,489,-4
207000584,223,172,51
207000585,72,385,-313
207000616,0,75,-75
207000617,151,0,151
207000628,0,0,0
207900008,315,93,222
208000001,489,899,-410
208000002,559,479,80
208000003,1080,343,737
208000004,1156,731,425
208000005,4,8,-4
208000019,713,781,-68
208000020,158,424,-266
208000021,293,355,-62
208000022,1291,438,853
208000028,1080,1206,-126
208000033,700,425,275
208000034,1254,1052,202
208000040,276,129,147
208000041,793,505,288
208000042,1354,587,767
208000047,144,153,-9
208000064,2136,1358,778
208000066,1415,2639,-1224
208000070,403,278,125
208000071,475,606,-131
208000072,331,812,-481
208000080,295,368,-73
208000081,336,85,251
208000082,330,175,155
208000083,136,256,-120
208000084,12,17,-5
208000085,691,467,224
208000086,339,877,-538
208000087,294,613,-319
208000089,1005,326,679
208000090,984,478,506
208000093,153,174,-21
208000094,505,300,205
208000095,595,358,237
208000104,1040,639,401
208000105,683,735,-52
208000114,100,374,-274
208000115,549,301,248
208000116,616,968,-352
208000117,101,130,-29
208000118,86,137,-51
208000155,495,870,-375
208000158,1295,3800,-2505
208000186,3046,4463,-1417
208000204,625,1017,-392
208000205,1188,834,354
208000282,4162,3231,931
209000004,331,156,175
209000005,44,32,12
209000006,378,161,217
209000007,222,292,-70
209000010,348,120,228
209000011,155,194,-39
209000012,111,124,-13
209000013,238,283,-45
209000014,378,795,-417
209000025,294,27,267
209000026,621,73,548
209000027,310,585,-275
209000028,312,492,-180
209000029,540,562,-22
209000030,395,879,-484
209000031,1866,1454,412
209000034,178,188,-10
209000035,141,118,23
209000036,185,74,111
209000037,260,152,108
209000038,128,116,12
209000039,58,133,-75
209000040,216,474,-258
209000041,166,356,-190
209000042,237,283,-46
209000043,662,682,-20
209000044,220,781,-561
209000045,1146,443,703
209000046,670,436,234
209000047,369,198,171
209000048,601,354,247
209000049,89,67,22
209000050,160,82,78
209000051,265,138,127
209000052,125,125,0
209000062,50,67,-17
209000063,48,57,-9
209000064,54,62,-8
209000065,129,23,106
209000066,88,33,55
209000067,119,26,93
209000080,16,177,-161
209000082,112,29,83
209000091,24,94,-70
209000093,35,21,14
209000094,108,163,-55
209000110,33,119,-86
209000111,729,1382,-653
209000112,1012,482,530
209000113,1698,494,1204
209000114,786,427,359
209000115,48,66,-18
209000116,274,261,13
209000118,17,25,-8
209000119,12,14,-2
209000121,108,314,-206
209000135,106,215,-109
209000142,623,1634,-1011
209000143,70,66,4
209000144,45,140,-95
209000229,292,129,163
209000240,25,196,-171
209000259,37,63,-26
209000260,25,884,-859
209000261,8,622,-614
209000262,2,360,-358
209000263,0,109,-109
209000264,0,135,-135
209000265,418,3,415
209000266,99,3,96
209000267,2060,10,2050
209000268,761,67,694
210000037,71,22,49
210000047,113,19,94
210000048,124,17,107
210000049,60,9,51
210000052,68,56,12
210000053,42,66,-24
210000054,26,73,-47
210000070,204,5,199
210000071,96,0,96
210000072,29,0,29
210000073,0,28,-28
210000074,0,129,-129
210000075,2,80,-78
210000076,26,144,-118
210000077,9,42,-33
210000078,30,37,-7
210000079,30,18,12
210000080,129,63,66
210000081,191,19,172
210000082,88,1,87
210000083,77,0,77
210000084,37,0,37
210000085,0,50,-50
210000086,5,103,-98
210000099,32,194,-162
210000100,60,148,-88
210000101,84,145,-61
210000105,45,188,-143
210000159,0,189,-189
210000163,96,204,-108
210000164,248,224,24
210000168,174,35,139
210000187,0,34,-34
210000188,1,11,-10
210000214,22,1,21
210000219,42,50,-8
210000220,77,34,43
210000232,5,22,-17
210000233,31,41,-10
210000234,41,85,-44
210000235,67,44,23
210000245,1,60,-59
210000246,23,2,21
210000258,6,90,-84
210000259,358,60,298
210000282,94,205,-111
210000285,2,105,-103
210000286,22,178,-156
210000295,53,115,-62
210000296,29,35,-6
210000320,216,66,150
210000321,113,41,72
210000338,61,70,-9
210000339,320,1258,-938
210000340,100,407,-307
210000341,238,242,-4
210000342,220,168,52
210000343,167,156,11
210000344,133,112,21
210000345,137,155,-18
210000346,84,80,4
210000347,46,37,9
210000348,117,45,72
210000349,40,29,11
210000350,152,55,97
210000351,185,84,101
210000352,90,74,16
210000353,41,66,-25
210000354,70,85,-15
210000355,63,65,-2
210000356,52,94,-42
210000357,47,74,-27
210000358,207,138,69
210000359,114,100,14
210000360,180,141,39
210000361,195,126,69
210000362,279,230,49
210000363,663,232,431
210000364,93,177,-84
210000365,185,61,124
210000366,158,62,96
210000367,99,28,71
210000368,176,32,144
210000369,26,63,-37
210000370,47,27,20
210000372,25,27,-2
210000373,34,13,21
210000374,71,48,23
210000375,49,53,-4
210000376,67,81,-14
210000404,71,91,-20
210000439,20,25,-5
210000472,91,3,88
210000482,50,102,-52
210000564,286,347,-61
210000568,284,1,283
211000092,47,31,16
211000094,34,4,30
211000169,194,12,182
211000172,14,91,-77
211000209,0,14,-14
211000275,27,14,13
211000276,100,15,85
211000279,17,24,-7
211000281,87,26,61
211507980,1,32,-31
211977296,48,1,47
212000003,104,29,75
212000004,12,35,-23
212000005,8,28,-20
212000006,25,47,-22
212000008,198,145,53
212000009,37,89,-52
212000012,101,102,-1
212000013,36,44,-8
212000014,251,163,88
212000015,295,220,75
212000016,546,490,56
212000027,686,488,198
212000028,358,356,2
212000029,271,227,44
212000030,76,18,58
212000031,93,34,59
212000048,27,182,-155
212000049,32,136,-104
212000050,34,7,27
212000051,266,179,87
212000052,244,216,28
212000053,422,389,33
212000054,333,107,226
212000055,316,185,131
212000056,21,34,-13
212000057,22,19,3
212000058,241,24,217
212000070,127,148,-21
212000077,118,392,-274
212000099,303,253,50
212000108,168,144,24
212000111,222,93,129
212000120,89,42,47
212000138,133,26,107
212000156,6,82,-76
212000158,6,23,-17
212000159,513,41,472
212000160,754,248,506
212000161,61,11,50
212000310,68,23,45
212000311,36,79,-43
212000374,50,14,36
213000001,23,391,-368
213000005,573,145,428
213000006,1114,304,810
213000007,74,8,66
213000009,728,442,286
213000010,232,246,-14
213000011,219,118,101
213000012,120,214,-94
213000014,73,26,47
213000015,338,6,332
213000016,500,1,499
213000017,66,0,66
213000018,1,96,-95
213000019,0,125,-125
213000020,111,240,-129
213000021,6,102,-96
213000023,505,184,321
213000033,292,1595,-1303
213000034,847,229,618
213000035,136,169,-33
213000045,175,240,-65
213000046,198,164,34
213000047,522,1249,-727
213000056,85,32,53
213000069,89,2,87
213000073,1,41,-40
213000074,41,260,-219
213000075,582,9,573
213000085,10,35,-25
213000086,13,119,-106
213000091,286,12,274
213000092,74,9,65
213000099,115,989,-874
213000100,933,305,628
213000101,496,108,388
213000102,640,256,384
213000103,910,775,135
213000104,57,376,-319
213000105,2,197,-195
213000106,21,108,-87
213000107,150,418,-268
213000108,35,383,-348
213000109,8,176,-168
213000110,12,51,-39
213000111,11,62,-51
213000112,143,107,36
213000115,64,10,54
213000116,31,285,-254
213000117,11,567,-556
213000118,494,195,299
213000119,30,486,-456
213000120,107,410,-303
213000122,104,442,-338
213000123,316,885,-569
213000124,144,1143,-999
213000125,156,36,120
213000126,49,132,-83
213000127,104,243,-139
213000128,331,1070,-739
213000129,354,758,-404
213000130,794,260,534
213000132,582,95,487
213000133,608,101,507
213000134,887,27,860
213000136,645,29,616
213000137,783,67,716
213000139,129,29,100
213000147,55,14,41
213000148,39,6,33
213000149,23,0,23
213000150,0,111,-111
213000151,2,88,-86
213000152,0,72,-72
213000153,5,107,-102
213000154,20,380,-360
213000155,60,278,-218
213000156,138,372,-234
213000157,640,308,332
213000158,469,936,-467
213000159,777,436,341
213000163,1297,110,1187
213000165,1095,387,708
213000171,1,66,-65
213000172,5,201,-196
213000173,3,146,-143
213000174,5,131,-126
213000175,20,105,-85
213000176,235,55,180
213000177,203,10,193
213000178,214,16,198
213000179,272,2,270
213000180,231,1,230
213000184,113,413,-300
213000188,478,107,371
213000189,382,39,343
213000190,791,620,171
213000191,372,305,67
213000192,259,242,17
213000193,531,248,283
213000194,2,69,-67
213000195,24,271,-247
213000196,290,1022,-732
213000197,500,390,110
213000198,79,3,76
213000200,139,701,-562
213000201,48,34,14
213000202,14,352,-338
213000203,2829,535,2294
213000204,750,45,705
213000205,524,67,457
213000206,479,75,404
213000207,87,10,77
213000208,60,3,57
213000209,138,6,132
213000210,296,1,295
213000211,8,20,-12
213000212,4,30,-26
213000213,11,28,-17
213000218,213,432,-219
213000219,612,13,599
213000220,467,11,456
213000223,161,234,-73
213000224,41,74,-33
213000225,99,11,88
213000226,87,4,83
213000227,1035,181,854
213000228,434,56,378
213000229,146,26,120
213000230,444,13,431
213000232,36,974,-938
213000233,8,606,-598
213000234,2,42,-40
213000293,15,69,-54
213000294,120,22,98
213000295,8,83,-75
213000296,77,29,48
213000297,3,84,-81
213000298,13,50,-37
213000299,53,22,31
213000300,11,3,8
213000303,3,36,-33
213000304,2,6,-4
213000305,2,13,-11
213000306,46,42,4
213000307,101,74,27
213000308,109,191,-82
213000309,169,52,117
213000310,470,214,256
213000311,255,675,-420
213000315,78,80,-2
213000316,211,61,150
213000322,87,130,-43
213000323,116,53,63
213000324,191,110,81
213000325,125,124,1
213000326,154,72,82
213000327,162,101,61
213000328,111,147,-36
213000329,170,92,78
213000340,164,406,-242
213000341,661,91,570
213000347,528,517,11
213000348,7,96,-89
213000349,22,4,18
213000350,267,831,-564
213000366,66,273,-207
213000367,262,26,236
213000379,79,53,26
213000386,12,303,-291
213000406,71,392,-321
213000417,1465,533,932
213000425,309,41,268
213000426,173,60,113
213000427,41,201,-160
213000428,47,118,-71
213000429,13,5,8
213000430,147,558,-411
213000431,51,3,48
213000432,3,37,-34
213000433,29,104,-75
213000434,161,88,73
213000435,191,72,119
213000436,40,54,-14
213000437,9,40,-31
213000438,180,98,82
213000439,42,9,33
213000440,16,236,-220
213000441,7,1,6
213000442,3,45,-42
213000443,449,329,120
213000444,42,68,-26
213000445,0,73,-73
213000446,2,57,-55
213000447,7,39,-32
213000448,18,133,-115
213000449,458,6,452
213000450,22,39,-17
213000451,282,96,186
213000452,32,26,6
213000453,19,196,-177
213000455,374,8,366
213000456,0,241,-241
213000481,9,3,6
213000484,39,3,36
213000489,303,67,236
213900002,0,82,-82
213900003,172,2,170
213900013,0,119,-119
213900015,1,4,-3
213900016,22,10,12
213900020,9,71,-62
213900030,1,69,-68
213900032,187,194,-7
213900033,140,49,91
213900034,720,69,651
213900035,269,304,-35
213900036,121,125,-4
213900037,61,218,-157
213900038,478,125,353
213900039,1,61,-60
213900041,0,125,-125
213900042,313,281,32
213900043,289,101,188
213900244,44,0,44
213900245,0,7,-7
218000003,15,11,4
218000004,24,21,3
218000005,23,21,2
218000006,40,32,8
218000007,10,8,2
218000012,129,123,6
218000013,171,154,17
218000014,440,491,-51
218000019,946,696,250
218000020,385,403,-18
218000021,49,48,1
218000022,18,16,2
218000023,9,11,-2
218000024,0,9,-9
218000025,9,11,-2
218000026,18,18,0
218000027,4,8,-4
218000028,5,5,0
218000029,3,4,-1
218000030,18,22,-4
218000031,5,9,-4
218000032,3,14,-11
218000039,23,32,-9
218000040,1,6,-5
218000046,45,72,-27
218000047,11,98,-87
218000048,74,95,-21
218000049,70,88,-18
218000050,338,217,121
218000051,70,212,-142
218000052,1,72,-71
218000053,1,11,-10
218000054,24,28,-4
218000055,7,14,-7
218000056,16,62,-46
218000057,0,33,-33
218000064,4,10,-6
218000065,176,24,152
218000066,17,74,-57
218000067,78,83,-5
218000068,184,139,45
218000069,316,143,173
218000070,250,236,14
218000071,232,243,-11
218000072,331,195,136
218000078,915,507,408
218000079,189,76,113
218000080,166,76,90
218000081,663,227,436
218000082,47,79,-32
218000083,90,54,36
218000084,223,120,103
218000085,210,353,-143
218000086,95,160,-65
218000087,299,180,119
218000090,14,101,-87
218000091,705,252,453
218000092,127,117,10
218000093,82,51,31
218000094,272,289,-17
218000099,353,1069,-716
218000100,315,322,-7
218000101,341,187,154
218000102,563,272,291
218000103,180,224,-44
218000104,115,47,68
218000105,68,49,19
218000106,8,5,3
218000107,102,58,44
218000108,16,57,-41
218000112,111,91,20
218000117,143,136,7
218000134,607,443,164
218000135,32,78,-46
218000136,221,81,140
218000137,248,95,153
218000138,33,76,-43
218000139,196,227,-31
218000140,526,186,340
218000141,74,78,-4
218000142,149,114,35
218000143,100,226,-126
218000144,40,82,-42
218000145,437,308,129
218000146,147,226,-79
218000151,9,22,-13
218000152,249,58,191
218000153,35,6,29
218000154,14,1,13
218000155,40,2,38
218000156,70,16,54
218000157,48,16,32
218000158,9,7,2
218000159,2,11,-9
218000160,3,7,-4
218000161,39,7,32
218000162,48,6,42
218000163,8,4,4
218000164,57,8,49
218000165,69,30,39
218000170,10,39,-29
218000171,69,10,59
218000172,11,13,-2
218000173,32,3,29
218000174,26,6,20
218000176,216,56,160
218000177,437,225,212
218000178,98,266,-168
218000179,176,58,118
218000180,175,28,147
218000181,262,48,214
218000187,15,28,-13
218000188,29,21,8
218000189,19,52,-33
218000190,16,17,-1
218000191,147,29,118
218000192,305,205,100
218000193,510,241,269
218000194,119,270,-151
218000195,128,64,64
218000196,425,232,193
218000197,483,316,167
218000198,14,95,-81
218000199,47,21,26
218000200,98,21,77
218000201,13,5,8
218000202,48,230,-182
218000207,1,12,-11
218000208,19,27,-8
218000211,18,9,9
218000212,0,12,-12
218000213,90,180,-90
218000214,9,47,-38
218000215,34,61,-27
218000217,2,56,-54
218000218,240,45,195
218000219,23,36,-13
218000220,61,426,-365
218000221,583,146,437
218000222,15,45,-30
218000223,41,637,-596
218000224,20,280,-260
218000225,202,24,178
218000226,151,86,65
218000230,0,8,-8
218000232,58,71,-13
218000234,29,6,23
218000239,148,7,141
218000240,19,5,14
218000241,44,0,44
218000242,41,2,39
218000243,21,1,20
218000244,32,4,28
218000245,52,2,50
218000246,0,0,0
218000247,13,2,11
218000248,0,21,-21
218000249,1,6,-5
218000250,5,7,-2
218000251,3,7,-4
218000252,2,19,-17
218000253,3,39,-36
218000254,0,17,-17
218000255,2,7,-5
218000256,7,57,-50
218000267,173,506,-333
218000268,23,47,-24
218000269,1,10,-9
218000270,27,20,7
218000271,13,13,0
218000273,44,4,40
218000274,15,3,12
218000275,40,51,-11
218000276,18,32,-14
218000278,11,33,-22
218000279,18,24,-6
218000280,1,6,-5
218000281,24,7,17
218000282,266,237,29
218000284,56,2,54
218000301,125,102,23
218000302,152,46,106
218000303,23,40,-17
218000316,660,654,6
218000317,1300,740,560
218000318,813,525,288
218000319,1091,724,367
218000320,857,572,285
218000338,31,21,10
218000339,10,3,7
218000342,35,49,-14
218000343,105,22,83
218000345,27,35,-8
218000346,15,133,-118
218000353,25,19,6
218000354,31,37,-6
218000459,29,201,-172
218000490,18,48,-30
218000501,168,24,144
218000502,57,48,9
218000503,136,33,103
218000504,187,54,133
218000505,88,129,-41
218000506,62,308,-246
218000508,9,8,1
218000510,203,20,183
218000520,169,117,52
218000521,0,22,-22
218000522,6,114,-108
218000523,122,2,120
218000524,37,170,-133
218000525,132,6,126
218000526,46,116,-70
218000529,8,25,-17
218000530,17,2,15
218000531,38,39,-1
218000532,34,33,1
218000534,64,3,61
218000537,18,14,4
218000538,108,177,-69
218000539,49,9,40
218000540,174,90,84
218000543,140,35,105
218000544,29,76,-47
218000545,73,81,-8
218000546,48,71,-23
218000547,91,174,-83
218000548,131,88,43
218000549,596,692,-96
218000550,223,226,-3
218000551,100,1047,-947
218000552,323,50,273
218000553,11,52,-41
218000554,17,12,5
218000555,24,26,-2
218000556,74,170,-96
218000557,264,49,215
218000558,35,0,35
218000559,0,31,-31
218000560,0,18,-18
218000561,13,0,13
218000562,33,144,-111
218000563,185,25,160
218000564,4,82,-78
218000565,157,36,121
218000566,327,43,284
218000567,4,53,-49
218000568,59,5,54
218000569,14,145,-131
218000570,44,7,37
218000571,4,73,-69
218000572,125,8,117
218000573,12,134,-122
218000574,127,26,101
218000575,111,0,111
218000576,0,50,-50
218000577,154,1,153
218000578,1,75,-74
218000579,19,14,5
218000581,3,37,-34
218000582,40,2,38
218000583,6,0,6
218000584,0,12,-12
218000585,58,5,53
218000586,11,45,-34
218000587,1,0,1
218000588,7,5,2
218000589,0,4,-4
218000590,2,2,0
218000591,2,7,-5
218000592,8,0,8
218000593,0,0,0
218000594,2,0,2
218000595,0,0,0
218000596,0,0,0
218000597,0,1,-1
218000598,0,0,0
218000599,0,0,0
218000600,2,0,2
218000601,0,0,0
218000602,0,7,-7
218000603,0,7,-7
218000604,13,0,13
218000605,0,25,-25
218000606,70,0,70
218000607,10,36,-26
218000608,42,24,18
218000609,8,22,-14
218000610,48,1,47
218000611,24,0,24
218000612,1,22,-21
218000613,48,0,48
218000614,2,47,-45
218000615,186,1,185
218000616,6,78,-72
218000617,14,0,14
218000618,0,11,-11
218000619,42,20,22
218000620,21,18,3
218000621,0,8,-8
218000622,0,7,-7
218000623,118,6,112
218000624,8,9,-1
218000625,1,1,0
218000626,0,10,-10
218000628,151,39,112
218000631,9,3,6
218000632,1,81,-80
218000633,163,2,161
218000634,3,12,-9
218000635,8,9,-1
218000636,857,833,24
218000637,911,381,530
218000638,250,31,219
218000639,37,124,-87
218000640,377,16,361
218000641,48,238,-190
218000652,53,43,10
218000653,191,63,128
218000663,1,36,-35
218000675,20,15,5
218000676,4,13,-9
218000677,8,4,4
218000680,45,83,-38
218000681,131,22,109
218000691,49,32,17
218000693,94,23,71
218000703,3,23,-20
218000718,280,1321,-1041
218000719,580,846,-266
218000720,0,126,-126
218000721,135,8,127
218000725,14,9,5
218001214,4,37,-33
218001329,19,11,8
218001330,14,12,2
219000001,57,43,14
219000002,47,62,-15
219000003,120,34,86
219000004,66,51,15
219000017,73,38,35
219000020,124,77,47
219000022,151,8,143
219000023,142,1,141
219000029,0,74,-74
219000034,49,27,22
219000039,48,134,-86
219000040,50,89,-39
219000041,134,29,105
219000051,1,39,-38
219000052,0,18,-18
219000053,1,58,-57
219000054,408,290,118
219000055,193,0,193
219000056,12,1,11
219000057,75,1,74
219000062,14,70,-56
219000063,71,8,63
219000064,0,6,-6
219000110,291,122,169
219000111,85,51,34
219000112,202,47,155
219000113,161,48,113
219000114,245,122,123
219000116,101,60,41
219000117,144,66,78
219000118,205,43,162
219000123,165,62,103
219000124,97,69,28
219000125,15,21,-6
219000126,56,86,-30
219000127,0,10,-10
219000128,8,88,-80
219000129,15,94,-79
219000130,333,438,-105
219000131,500,890,-390
219000133,55,43,12
219000134,24,22,2
219000135,41,112,-71
219000136,87,194,-107
219000138,66,29,37
219000139,46,27,19
219000140,83,0,83
219000141,34,86,-52
219000142,20,82,-62
219000143,16,72,-56
219000145,27,36,-9
219000146,4,29,-25
219000147,2,20,-18
219000148,4,19,-15
219000149,11,62,-51
219000150,0,42,-42
219000151,2,33,-31
219000157,212,135,77
219000158,135,174,-39
219000161,100,4,96
219000163,1165,470,695
219000166,116,180,-64
219000167,129,164,-35
219000168,265,94,171
219000174,442,134,308
219000175,130,7,123
219000176,116,11,105
219000177,50,2,48
219000178,55,3,52
219000179,25,4,21
219000180,32,42,-10
219000182,150,12,138
219000183,95,34,61
219000184,103,6,97
219000185,5,53,-48
219000186,53,35,18
219000187,33,75,-42
219000189,59,160,-101
219000190,66,187,-121
219000191,607,1342,-735
219000192,193,119,74
219000193,173,142,31
219000195,1,74,-73
219000196,0,90,-90
219000198,15,97,-82
219000199,57,209,-152
219000200,24,143,-119
219000201,57,162,-105
219000203,27,114,-87
219000204,119,242,-123
219000205,65,176,-111
219000207,111,237,-126
219000209,36,53,-17
219000210,39,65,-26
219000213,3,111,-108
219000239,200,247,-47
219000240,210,342,-132
219000241,178,102,76
219000242,51,69,-18
219000243,76,160,-84
219000244,32,53,-21
219000245,22,35,-13
219000246,50,25,25
219000247,139,36,103
219000248,479,410,69
219000249,127,106,21
219000250,139,77,62
219000251,560,257,303
219000252,202,195,7
219000253,439,103,336
219000255,98,123,-25
219000256,202,51,151
219000257,95,1,94
219000262,71,98,-27
219000263,64,110,-46
219000267,4,34,-30
219000268,0,7,-7
219000269,4,4,0
219000270,6,0,6
219000271,134,3,131
219000278,0,12,-12
219000279,0,4,-4
219000283,0,9,-9
219000295,31,59,-28
219000296,87,299,-212
219000297,25,93,-68
219000298,21,87,-66
219000299,489,82,407
219000300,26,133,-107
219000301,205,320,-115
219000302,33,242,-209
219000307,29,35,-6
219000308,61,43,18
219000311,200,59,141
219000312,555,129,426
219000313,339,37,302
219000314,56,290,-234
219000315,301,29,272
219000316,628,53,575
219000317,118,19,99
219000320,1,40,-39
219000321,0,32,-32
219000323,2,40,-38
219000325,2,8,-6
219000326,96,64,32
219000327,53,27,26
219000328,44,48,-4
219000329,214,113,101
219000330,49,21,28
219000331,84,43,41
219000332,123,70,53
219000333,27,5,22
219000335,64,0,64
219000337,23,0,23
219000338,64,0,64
219000344,31,56,-25
219000345,37,61,-24
219000346,44,73,-29
219000348,163,82,81
219000349,51,110,-59
219000350,69,309,-240
219000351,6,8,-2
219000352,218,107,111
219000353,87,51,36
219000354,228,72,156
219000355,123,43,80
219000356,819,1553,-734
219000363,166,66,100
219000364,65,44,21
219000365,107,21,86
219000366,221,307,-86
219000368,291,583,-292
219000370,875,543,332
219000371,7,34,-27
219000382,13,27,-14
219000383,449,1142,-693
219000385,458,441,17
219000386,571,1457,-886
219000387,3,6,-3
219000390,1,0,1
219000391,3,2,1
219000397,61,43,18
219000398,67,50,17
219000401,9,95,-86
219000402,31,66,-35
219000403,137,307,-170
219000404,23,138,-115
219000407,2,8,-6
219000409,60,56,4
219000410,77,53,24
219000411,96,8,88
219000446,115,383,-268
219000447,5,19,-14
219000448,47,16,31
219000452,88,82,6
219000453,69,165,-96
219000454,144,280,-136
219000556,275,67,208
219000558,138,91,47
219000590,40,161,-121
219000591,111,93,18
219000592,82,286,-204
219000595,1,16,-15
219000635,206,48,158
219000636,25,57,-32
219000657,27,20,7
219000658,51,161,-110
219000673,0,48,-48
219000676,45,9,36
219000679,44,7,37
219000684,109,2,107
219000685,2,40,-38
219000686,1,3,-2
219000688,0,58,-58
219000689,22,249,-227
219000690,244,24,220
219000691,5,45,-40
219000692,57,4,53
219000693,1,18,-17
219000694,44,5,39
219000695,35,0,35
219000698,25,0,25
219000699,0,12,-12
219000727,0,48,-48
219000728,104,0,104
219000770,35,1,34
219000771,1,24,-23
219001150,0,32,-32
219001151,0,1,-1
219001166,44,17,27
219001167,3,39,-36
220000001,45,67,-22
220000002,15,63,-48
220000003,313,162,151
220000004,420,366,54
220000005,993,1500,-507
220000006,167,665,-498
220000007,397,339,58
220000008,267,542,-275
220000009,255,248,7
220000010,136,72,64
220000011,409,2882,-2473
220000012,107,245,-138
220000014,84,50,34
220000015,27,162,-135
220000017,79,218,-139
220000018,3528,1354,2174
220000019,70,266,-196
220000020,300,187,113
220000021,632,145,487
220000022,855,407,448
220000023,315,160,155
220000024,1678,356,1322
220000025,955,1073,-118
220000026,294,450,-156
220000027,19,103,-84
220000028,44,37,7
220000029,33,88,-55
220000030,39,46,-7
220000031,493,322,171
220000064,16,787,-771
221000046,6,0,6
221000047,0,4,-4
221000048,0,5,-5
221000049,0,3,-3
221000050,10,0,10
221000055,37,42,-5
221000057,62,6,56
221000068,323,166,157
221000069,370,72,298
221000070,252,20,232
221000071,113,0,113
221000072,236,17,219
221000073,178,33,145
221000074,2,12,-10
221000075,9,11,-2
221000076,14,36,-22
221000077,15,80,-65
221000081,15,6,9
221000082,62,11,51
221000083,28,0,28
221000084,3,9,-6
221000085,8,53,-45
221000086,22,81,-59
221000087,1,96,-95
221000088,18,139,-121
221000089,20,217,-197
221000090,98,399,-301
221000098,142,14,128
221000099,181,4,177
221000100,105,9,96
221000101,147,12,135
221000102,139,18,121
221000109,4,91,-87
221000110,8,57,-49
221000111,22,100,-78
221000112,5,98,-93
221000113,12,86,-74
221000114,8,79,-71
221000120,46,24,22
221000121,12,38,-26
221000122,66,37,29
221000123,8,6,2
221000124,30,130,-100
221000155,120,11,109
221000156,14,33,-19
221000175,0,2,-2
221000176,0,1,-1
221000182,33,6,27
221000241,464,293,171
221000242,135,361,-226
221000243,377,198,179
221000244,170,343,-173
221000245,83,72,11
221000246,29,189,-160
221000247,64,67,-3
221000248,140,101,39
221000267,52,514,-462
221000325,66,49,17
221000331,16,57,-41
221000338,11,23,-12
221000378,196,28,168
221000381,43,27,16
222000282,3,1,2
222000296,2,12,-10
222000568,367,34,333
222000569,230,69,161
222000570,118,38,80
222000571,349,14,335
222000577,20,87,-67
222000578,26,119,-93
222000579,28,124,-96
222000580,60,555,-495
222000599,0,112,-112
222000600,1,191,-190
222000601,4,726,-722
222000603,12,36,-24
222000604,4,16,-12
222000605,13,23,-10
222000606,1,13,-12
222000607,3,4,-1
222000608,20,16,4
222000609,57,87,-30
222000616,372,44,328
222000617,7,13,-6
222000618,10,3,7
222000620,20,16,4
222000621,22,7,15
222000623,709,15,694
222000624,378,4,374
222000625,547,19,528
222000636,61,2,59
222000686,21,7,14
222000687,39,26,13
222001066,297,3,294
222001067,16,4,12
222001068,63,20,43
222001069,43,39,4
222001082,22,23,-1
222001083,36,24,12
222001084,0,20,-20
222001085,1,199,-198
222001111,52,76,-24
222001112,110,13,97
222001313,23,21,2
222001314,7,111,-104
222001464,27,57,-30
222001465,9,44,-35
222001484,134,51,83
222001485,29,41,-12
222001494,592,111,481
222001495,118,178,-60
222001496,352,84,268
222001497,99,267,-168
222001502,24,87,-63
222001503,128,43,85
222001504,24,208,-184
222001505,371,16,355
222001506,42,343,-301
222001507,334,33,301
222001510,541,40,501
222001511,54,256,-202
222001514,699,201,498
222001515,239,450,-211
222001518,354,75,279
222001519,63,160,-97
222001527,173,62,111
222001528,46,179,-133
222001529,301,38,263
222001530,71,160,-89
222001533,157,257,-100
222001534,353,62,291
222001535,232,260,-28
222001536,81,157,-76
222001537,325,51,274
222001538,67,363,-296
222001563,809,85,724
222001564,69,328,-259
222001568,320,115,205
222001576,0,1,-1
222001579,0,5,-5
222001583,14,110,-96
222001584,88,13,75
222001596,556,1083,-527
222001597,2319,399,1920
222001626,0,89,-89
222001650,114,149,-35
222001651,115,300,-185
222001914,189,76,113
222001915,36,191,-155
222900004,506,266,240
222900009,396,444,-48
222900019,129,172,-43
222900024,37,17,20
222900025,5,13,-8
225000001,357,141,216
225000002,541,162,379
225000003,606,81,525
225000004,379,164,215
225000005,49,70,-21
225000006,0,169,-169
225000007,890,912,-22
225000010,294,12,282
225000011,263,852,-589
225000012,221,477,-256
225000013,67,94,-27
225000014,663,90,573
225000015,83,123,-40
225000021,698,149,549
225000027,193,351,-158
225000032,649,100,549
225000042,62,448,-386
225000049,27,41,-14
225000050,96,17,79
225000053,4,272,-268
225000058,577,148,429
225000067,156,131,25
225000068,86,204,-118
225000069,103,308,-205
225000070,81,262,-181
225000071,36,103,-67
225000075,15,470,-455
225000076,41,85,-44
225000078,51,54,-3
225000085,63,118,-55
225000086,262,57,205
225000087,149,14,135
225000088,7,130,-123
225000089,129,789,-660
225000090,54,316,-262
225000091,155,104,51
225000092,37,69,-32
225000093,191,196,-5
225000094,16,165,-149
225000095,231,281,-50
225000096,193,294,-101
225000098,672,261,411
225000099,359,121,238
225000100,390,108,282
225000104,92,239,-147
225000110,13,300,-287
225000111,159,698,-539
225000112,170,741,-571
225000113,143,502,-359
225000114,48,225,-177
225000115,1010,489,521
225000116,684,152,532
225000117,671,196,475
225000118,1099,163,936
225000119,263,72,191
225000120,627,32,595
225000121,181,14,167
225000123,545,6,539
225000125,438,106,332
225000126,573,96,477
225000127,531,1072,-541
225000128,421,661,-240
225000132,333,30,303
225000133,201,15,186
225000134,622,145,477
225000135,43,12,31
225000136,291,7,284
225000137,201,46,155
225000138,398,79,319
225000143,46,149,-103
225000144,4,195,-191
225000145,21,38,-17
225000146,33,53,-20
225000147,18,138,-120
225000148,6,98,-92
225000149,33,325,-292
225000151,17,149,-132
225000155,258,254,4
225000156,121,683,-562
225000157,218,249,-31
225000158,77,206,-129
225000171,9,150,-141
225000180,32,1,31
225000181,0,52,-52
225000182,74,3,71
225000185,5,246,-241
225000187,46,233,-187
225000191,90,1,89
225000194,0,11,-11
225000208,1,34,-33
225000209,121,11,110
225000210,7,247,-240
225000217,0,10,-10
225000218,13,2,11
225000223,0,24,-24
225000224,49,2,47
225000225,1,14,-13
225000226,22,3,19
225000227,24,54,-30
225000228,8,5,3
225000229,0,56,-56
225000230,19,1,18
225000231,0,32,-32
225000232,150,3,147
225000241,80,0,80
225000242,0,25,-25
225000249,3,0,3
225000250,39,466,-427
225000251,333,23,310
225000254,6,11,-5
225000256,0,23,-23
225000257,0,20,-20
226000042,256,294,-38
226000043,56,225,-169
226000044,116,295,-179
226000045,36,255,-219
226000046,429,76,353
226000047,335,72,263
226000048,319,52,267
226000049,233,139,94
226000070,0,30,-30
226000071,0,44,-44
226000072,0,3,-3
226000073,0,4,-4
226000074,0,9,-9
226000084,8,37,-29
226000085,4,15,-11
226000086,1,8,-7
226000087,2,8,-6
226000088,30,46,-16
226000090,159,69,90
226000091,9,42,-33
226000092,4,20,-16
226000093,7,1,6
226000094,7,0,7
226000095,13,1,12
226000105,9,1,8
226000106,11,0,11
226000107,7,1,6
226000108,11,0,11
226000109,87,0,87
226000124,159,52,107
226000134,722,450,272
226000135,1434,478,956
226000136,732,308,424
226000137,3,231,-228
226000138,8,109,-101
226000139,1,29,-28
226000156,183,2,181
226000157,207,7,200
226000163,97,195,-98
226000202,4,202,-198
226000231,267,6,261
226000232,47,11,36
227000033,391,64,327
227000036,376,36,340
227000037,343,17,326
227000038,149,26,123
227000084,0,40,-40
227000085,2,33,-31
227000088,49,2,47
227000089,118,4,114
227000090,38,1,37
227000091,21,0,21
227000092,24,1,23
227000093,125,0,125
227000094,5,0,5
227000130,22,58,-36
227000131,15,128,-113
227000132,12,168,-156
227000133,11,131,-120
227000134,5,168,-163
227000152,0,4,-4
227000153,0,46,-46
227000154,0,18,-18
227000155,0,10,-10
227000156,0,7,-7
227000165,5,36,-31
227000196,447,190,257
227000199,337,323,14
227000230,7,269,-262
227000232,556,23,533
227000242,51,246,-195
227000243,433,86,347
227000245,9,280,-271
227000246,116,306,-190
227000247,439,57,382
227000248,135,31,104
227000249,20,84,-64
227000250,277,129,148
227000251,55,127,-72
227000252,31,209,-178
227000253,167,16,151
227000262,344,55,289
227000266,1291,30,1261
227000267,33,766,-733
227000282,4,85,-81
227000284,481,16,465
227000286,3,47,-44
227000291,13,342,-329
227000296,147,325,-178
227000484,149,10,139
227000485,6,633,-627
227000655,200,6,194
227000656,600,33,567
227000657,68,4,64
227000704,24,9,15
229000265,8,15,-7
229000266,1,1,0
229000267,7,0,7
229000268,22,0,22
229000269,81,0,81
229000274,0,20,-20
229000275,0,21,-21
229000276,0,15,-15
229000277,2,3,-1
229000278,0,6,-6
229000295,11,32,-21
229000296,26,5,21
229000297,17,26,-9
229000298,11,125,-114
229000320,10,9,1
229000321,28,2,26
229000412,11,37,-26
229000414,9,47,-38
229000415,12,4,8
229000416,5,4,1
229000417,4,8,-4
229000419,73,254,-181
229000440,425,83,342
229000442,33,12,21
229000443,5,7,-2
229000444,3,21,-18
229000445,76,12,64
229000446,103,15,88
229000491,2,16,-14
229000492,8,68,-60
229000493,9,58,-49
229000494,57,2,55
229000495,136,11,125
229000496,72,4,68
229000507,1,66,-65
229000508,0,33,-33
229000509,0,54,-54
229000510,2,28,-26
229000511,5,44,-39
229000512,0,33,-33
229000513,0,13,-13
229000514,0,4,-4
229000517,4,3,1
229000518,12,17,-5
229000519,2,7,-5
229000520,14,52,-38
229000521,47,9,38
229000522,16,2,14
229000523,11,6,5
229000524,5,5,0
229000527,6,0,6
229000528,0,0,0
229000529,15,0,15
229000530,63,3,60
229000531,39,1,38
229000532,23,1,22
229000533,69,0,69
229000534,44,0,44
229000564,85,0,85
229000565,19,1,18
229000566,0,9,-9
229000567,0,25,-25
229000582,75,6,69
229000583,7,5,2
229000584,0,10,-10
229000585,0,54,-54
229000718,0,3,-3
229000719,0,3,-3
229000720,0,2,-2
229000721,0,3,-3
229000722,0,6,-6
229000723,0,5,-5
229000724,0,0,0
229000725,0,3,-3
229000738,1,0,1
229000739,0,0,0
229000740,1,0,1
229000741,23,0,23
229000742,9,0,9
229000743,9,0,9
229000744,6,0,6
229000745,3,0,3
229000746,42,0,42
229000847,59,1,58
229000848,24,0,24
229000849,83,0,83
229000851,38,0,38
229000854,0,21,-21
229000856,3,96,-93
229000857,0,21,-21
229000858,0,30,-30
229000919,15,50,-35
229000930,1,234,-233
229000937,82,18,64
229000966,46,20,26
229000981,20,19,1
229000985,28,39,-11
229000986,0,9,-9
229000987,0,1,-1
229000988,2,4,-2
229000989,9,10,-1
229000990,3,3,0
229000991,0,0,0
229000992,11,11,0
229000993,118,27,91
229000998,16,60,-44
229000999,81,18,63
229001034,3,17,-14
229001035,5,0,5
229001036,1,53,-52
229001037,29,2,27
229001038,0,5,-5
229001039,5,0,5
229001040,1,63,-62
229001041,55,0,55
229001042,19,16,3
229001047,14,45,-31
229001050,45,26,19
229001168,0,12,-12
229001200,33,0,33
229001338,3,8,-5
229001394,192,1,191
229001422,155,31,124
229001423,40,140,-100
229001431,54,49,5
229001432,85,54,31
229001444,187,30,157
229001445,51,129,-78
229001479,17,6,11
229001503,228,64,164
229001504,150,131,19
229001505,132,32,100
229001506,112,127,-15
229001509,42,16,26
229001510,2,37,-35
229001545,102,6,96
229001546,14,84,-70
229001553,108,16,92
229001554,57,80,-23
229001630,60,27,33
229001631,25,23,2
229001635,1,16,-15
229001636,4,0,4
229001658,2,130,-128
229001659,69,1,68
229001660,59,8,51
229001661,7,17,-10
229001662,27,0,27
229001663,0,6,-6
229002584,252,262,-10
229002831,161,154,7
229002841,10,4,6
229002842,14,21,-7
229002843,75,27,48
229002844,50,46,4
229002845,22,87,-65
229002846,30,26,4
229002847,1,13,-12
229002848,33,12,21
229002849,4,78,-74
229002850,18,3,15
229002851,40,173,-133
229002852,275,57,218
229002853,153,17,136
229002854,62,52,10
229002855,5,28,-23
229002856,43,26,17
229002857,15,158,-143
229002858,22,10,12
229002859,40,155,-115
229002860,397,30,367
229002861,109,21,88
229002862,28,26,2
229002863,25,19,6
229002864,31,30,1
229002865,14,17,-3
229002866,20,15,5
229002867,1,17,-16
229002868,13,11,2
229002869,22,120,-98
229002870,47,22,25
235000066,78,13,65
235000067,224,72,152
235000072,71,234,-163
235000073,12,73,-61
235000074,9,11,-2
235000080,16,64,-48
235000081,87,137,-50
235000082,175,43,132
235000083,265,50,215
235000084,53,35,18
235000085,186,44,142
235000089,4,3,1
235000092,11,34,-23
235000093,7,3,4
235000097,5,5,0
235000098,70,11,59
235000099,5,7,-2
235000115,103,58,45
235000116,56,16,40
235000117,483,11,472
235000133,7,410,-403
235000134,9,103,-94
235000206,7,7,0
235000207,2,3,-1
235000208,2,0,2
235000209,2,0,2
235000210,3,1,2
235000212,5,13,-8
235000213,0,1,-1
235000220,6,4,2
235000221,75,18,57
235000238,12,91,-79
235000239,0,25,-25
235000242,336,673,-337
235000245,492,124,368
235000246,9,57,-48
235000284,18,109,-91
235000295,94,11,83
235000305,221,19,202
235000306,232,10,222
235000307,23,5,18
235000308,19,1,18
235000309,63,1,62
235000310,29,0,29
235000311,102,19,83
235000322,0,29,-29
235000323,1,49,-48
235000324,0,19,-19
235000325,1,6,-5
235000326,4,110,-106
235000351,5,50,-45
235000352,22,20,2
235000353,5,14,-9
235000354,7,38,-31
235000355,19,58,-39
235000356,73,6,67
235000357,30,5,25
235000358,95,3,92
235000359,14,6,8
235000360,43,11,32
235000361,57,6,51
235000381,58,165,-107
235000382,200,37,163
235000390,17,5,12
235000391,143,13,130
235000392,185,380,-195
235000393,150,172,-22
235000395,132,44,88
235000396,588,55,533
235000399,101,12,89
235000400,123,28,95
235000401,16,175,-159
235000402,31,61,-30
235000405,83,262,-179
235000406,58,211,-153
235000407,161,81,80
235000409,146,73,73
235000410,9,42,-33
235000411,3,60,-57
235000485,1,7,-6
235000486,13,1,12
235000549,63,120,-57
235000550,94,160,-66
235000599,88,26,62
235000600,9,16,-7
235000601,22,21,1
235000602,67,32,35
235000614,5,3,2
235000648,0,9,-9
235000649,39,4,35
235000685,0,1,-1
235000815,19,34,-15
235000834,0,13,-13
235000855,44,53,-9
235000862,57,141,-84
235000891,0,5,-5
235000892,22,4,18
235000901,66,45,21
235000907,6,6,0
235001010,90,69,21
235001029,110,81,29
235001030,381,315,66
235001078,88,78,10
235001079,72,59,13
235001147,2,43,-41
235001166,26,56,-30
235001167,52,18,34
235001169,20,202,-182
235001188,1,2,-1
235001189,2,0,2
235001197,7,8,-1
235001200,45,34,11
235001208,7,7,0
235001209,14,26,-12
235001210,9,14,-5
235001239,4,34,-30
235001244,0,1,-1
235016267,0,32,-32
235900013,2,5,-3
235900014,2,1,1
241900007,36,0,36
277101746,0,1,-1
277102712,0,0,0
277103813,0,0,0
277103814,0,0,0
277103898,0,0,0
990010990,31,139,-108
990011530,0,167,-167
990014944,1,386,-385
990015176,47,3,44
990015618,0,87,-87
990015888,18,51,-33
990016032,0,265,-265
990032570,5,333,-328
990070001,143,46,97
990070103,0,2,-2
990070601,0,60,-60
990070751,1127,10,1117
990070766,0,328,-328
990071180,494,184,310
990071343,20,3,17
990071387,0,12,-12
990071823,560,2,558
990072600,1,893,-892
990072964,0,270,-270
990073285,0,3,-3
990074393,3,651,-648
990074714,18,16,2
990074870,1612,10,1602
990075106,1504,12,1492
990075746,622,5,617
990076437,1495,7,1488
990076458,2,461,-459
997000007,542,7,535
997000041,0,239,-239
997000058,46,1,45
997000062,22,2,20
997000069,0,3,-3
997000070,0,21,-21
997000100,39,1,38
997000141,9,1976,-1967
997000198,1,933,-932
998000475,11,48,-37
998000736,1,163,-162
998000965,1,16,-15
998001031,0,65,-65
998001072,366,234,132
998001091,2,3,-1
998001093,5,0,5
998001103,3,3,0
998001105,3,16,-13
998001700,0,13,-13
998001899,0,4,-4
998001900,6,0,6
998003073,1246,56,1190
998003124,27,15,12
998003125,26,87,-61
998101900,0,0,0
998102850,8,326,-318
998501819,1,0,1
998501820,0,4,-4
998501832,67,64,3
998501927,930,766,164
998501929,72,4,68
998501930,45,3,42
998501931,125,6,119
998501932,1,0,1
998501933,64,0,64
998501937,23,3,20
998501944,34,26,8
998501950,0,0,0
998501970,71,2,69
998501971,1,98,-97
998501972,321,5,316
998501973,0,34,-34
998501974,0,162,-162
998501975,96,3,93
998501976,102,24,78
998501977,0,34,-34
998501978,13,0,13
998501979,0,11,-11
998501980,59,1,58
998501981,30,1,29
998501982,0,114,-114
998502006,0,0,0
998502024,0,5,-5
998502032,0,5,-5
998502062,16,1,15
998502063,0,0,0
998502173,13,0,13
998502269,0,3,-3
998601159,11,98,-87
998601292,0,19,-19
999033574,1,94,-93
999800001,35,5,30
999800002,0,0,0
999800003,3,0,3
999800004,0,1,-1
999800005,0,5,-5
