ID,insum,outsum,diff
100000001,758,1177,-419
100000002,3626,3112,514
100000003,7698,6038,1660
100000004,1362,1384,-22
100000005,2912,6037,-3125
100000006,775,175,600
100000007,2402,1005,1397
100000008,423,870,-447
100000009,978,397,581
100000010,202,85,117
100000011,1059,142,917
100000012,107,1024,-917
100000013,529,305,224
100000014,1122,420,702
100000015,2179,2793,-614
100000016,1169,1813,-644
100000017,998,1100,-102
100000018,1814,741,1073
100000019,5313,2434,2879
100000020,2964,8622,-5658
100000021,7496,3195,4301
100000022,2089,3410,-1321
100000023,6197,2186,4011
100000025,1819,1730,89
100000028,2227,1500,727
100000029,427,437,-10
100000030,315,94,221
100000031,5275,8127,-2852
100000032,2943,4641,-1698
100000033,1116,2643,-1527
100000034,494,860,-366
100000035,2391,2165,226
100000036,2759,1895,864
100000037,957,508,449
100000038,2819,1325,1494
100000039,1140,654,486
100000040,273,210,63
100000041,1736,684,1052
100000042,1860,679,1181
100000043,1527,536,991
100000044,493,1247,-754
100000045,652,2235,-1583
100000046,1313,1211,102
100000047,476,689,-213
100000048,1100,725,375
100000049,2040,2070,-30
100000051,646,1098,-452
100000053,248,13,235
100000054,604,60,544
100000055,1744,274,1470
100000056,678,576,102
100000057,2315,914,1401
100000058,1373,1564,-191
100000059,46,196,-150
100000060,472,423,49
100000061,2690,670,2020
100000062,2489,758,1731
100000063,903,328,575
100000064,1698,393,1305
100000065,577,1046,-469
100000066,220,750,-530
100000067,522,880,-358
100000068,608,2042,-1434
100000069,330,1530,-1200
100000072,313,1017,-704
100000073,1170,1271,-101
100000075,862,311,551
100000076,2485,3324,-839
100000077,315,260,55
100000078,36,48,-12
100000079,75,67,8
100000080,44,69,-25
100000081,208,209,-1
100000102,3376,2624,752
100000103,3331,2151,1180
100000104,5489,3677,1812
100000105,3264,2221,1043
100000106,3303,2959,344
100000107,954,1313,-359
100000108,910,1258,-348
100000109,2728,1633,1095
100000116,1677,1403,274
100000117,131,139,-8
100000118,1669,1748,-79
100000119,661,1082,-421
100000121,450,532,-82
100000122,974,1165,-191
100000123,4420,5374,-954
100000124,5697,8703,-3006
100000125,4871,2409,2462
100000126,868,562,306
100000127,1952,459,1493
100000128,1857,3302,-1445
100000129,651,512,139
100000130,509,630,-121
100000131,2931,3656,-725
100000132,1701,4129,-2428
100000133,5878,2952,2926
100000135,761,1430,-669
100000139,582,525,57
100000140,500,388,112
100000142,589,605,-16
100000143,1720,632,1088
100000144,3751,983,2768
100000147,1409,3435,-2026
100000150,67,455,-388
100000151,1649,1491,158
100000153,300,551,-251
100000154,62,321,-259
100000155,31,66,-35
100000156,536,528,8
100000157,189,172,17
100000158,357,136,221
100000159,307,681,-374
100000165,1718,1061,657
100000169,433,919,-486
100000174,939,823,116
100000179,117,660,-543
100000180,5328,5862,-534
100000181,1011,338,673
100000188,139,452,-313
100000189,1598,533,1065
100000190,918,1200,-282
100000191,918,810,108
100000192,65,156,-91
100000193,406,263,143
100000330,1415,1129,286
100000355,307,910,-603
100000362,5006,3387,1619
100000363,4874,5184,-310
100000364,326,374,-48
100000365,7256,8949,-1693
100000366,7098,3723,3375
100000367,6431,8044,-1613
100000368,2994,1796,1198
100000369,1824,2644,-820
100000370,387,1012,-625
100000376,127,227,-100
100000379,2704,2079,625
100000380,5299,5352,-53
100000384,7364,6835,529
100000385,5269,5827,-558
100000386,9380,6155,3225
100000387,6492,7621,-1129
100000388,8047,8008,39
100000389,9254,8176,1078
100000390,9679,8284,1395
100000391,7765,10552,-2787
100000392,4376,4835,-459
100000393,3639,6242,-2603
100000394,9756,11114,-1358
100000395,7453,5317,2136
100000396,9668,5066,4602
100000397,6772,8572,-1800
100000398,13058,9778,3280
100900002,12,28,-16
100900003,520,185,335
100900004,37,1381,-1344
100900005,185,22,163
100900006,30,101,-71
100900007,618,32,586
100900008,1,401,-400
100900009,140,152,-12
100900010,129,121,8
100900011,154,179,-25
100900012,0,178,-178
100900013,1499,11,1488
100900014,1,27,-26
100900015,109,85,24
100900016,0,47,-47
100900017,990,76,914
100900018,0,23,-23
100900019,40,233,-193
100900020,435,9,426
100900021,479,0,479
100900022,42,55,-13
100900023,0,43,-43
100900024,977,7,970
100900025,63,25,38
100900026,141,107,34
100900027,814,3270,-2456
100900028,139,277,-138
100900029,60,12,48
100900030,4,145,-141
100900031,770,84,686
100900032,287,1,286
100900033,408,312,96
100900034,660,4,656
100900035,692,2,690
100900036,17,4,13
100900037,113,185,-72
100900038,128,69,59
100900039,311,595,-284
100900040,505,700,-195
100900041,830,604,226
100900042,1754,1810,-56
100900043,0,35,-35
100900044,2169,544,1625
100900045,43,1,42
100900046,1683,11,1672
100900047,1079,332,747
100900048,238,70,168
100900049,160,186,-26
100900050,8,23,-15
100900051,69,148,-79
100900052,626,72,554
100900053,469,21,448
100900054,13,59,-46
100900055,372,763,-391
100900056,200,300,-100
100900057,1756,1341,415
100900058,372,70,302
100900059,191,10,181
100900060,266,11,255
100900061,380,291,89
100900062,2,44,-42
100900063,275,792,-517
100900064,923,29,894
100900065,97,124,-27
100900066,199,215,-16
100900067,14,8,6
100900068,145,127,18
100900069,616,7,609
100900070,462,4,458
100900071,848,323,525
100900072,3,32,-29
100900073,151,395,-244
100900074,0,12,-12
100900075,2151,461,1690
100900076,35,49,-14
100900077,45,97,-52
100900078,119,433,-314
100900079,8,37,-29
100900080,49,257,-208
100900081,40,154,-114
100900082,162,513,-351
100900083,16,46,-30
100900085,21,493,-472
100900086,185,1009,-824
100900088,160,558,-398
100900089,2,21,-19
100900090,203,701,-498
100900091,2,30,-28
100900092,373,263,110
100900093,260,503,-243
100900094,160,476,-316
100900095,3,33,-30
100900096,84,151,-67
100900097,1,1,0
100900098,15,34,-19
100900099,21,617,-596
100900100,24,731,-707
100900101,314,62,252
100900102,81,172,-91
100900103,10,21,-11
100900104,6,226,-220
100900105,46,740,-694
100900106,50,5,45
100900107,2299,944,1355
100900108,8,77,-69
100900109,25,47,-22
100900110,5,26,-21
100900111,58,183,-125
100900112,25,24,1
100900113,19,20,-1
100900114,25,19,6
100900115,6,29,-23
100900116,1096,856,240
100900117,357,1066,-709
100900118,142,95,47
100900119,26,17,9
100900120,8,7,1
100900121,464,755,-291
100900122,269,182,87
100900123,80,193,-113
100900124,6,8,-2
100900125,23,60,-37
100900126,182,271,-89
100900127,9,3,6
100900128,112,205,-93
100900129,0,209,-209
100900131,96,320,-224
100900133,55,67,-12
100900134,2,5,-3
100900135,0,241,-241
100900137,345,221,124
100900138,542,671,-129
100900139,21,3,18
100900140,15,549,-534
100900141,7,666,-659
100900142,3,21,-18
100900143,1155,570,585
100900144,19,6,13
100900145,264,198,66
100900146,11,67,-56
100900147,21,676,-655
100900148,31,596,-565
100900149,27,177,-150
100900150,1,44,-43
100900151,173,640,-467
100900152,603,21,582
100900153,8,283,-275
100900154,42,189,-147
100900155,22,28,-6
100900156,74,8,66
100900157,9,300,-291
100900159,21,88,-67
100900160,25,6,19
100900161,108,7,101
100900162,23,624,-601
100900163,160,161,-1
100900164,54,68,-14
100900165,6,26,-20
100900166,49,10,39
100900167,26,92,-66
100900168,58,226,-168
100900169,165,1186,-1021
100900170,107,11,96
100900171,23,625,-602
100900172,0,17,-17
100900173,7,385,-378
100900174,536,72,464
100900176,1783,328,1455
100900177,790,394,396
100900178,298,183,115
100900179,392,620,-228
100900180,3,8,-5
100900181,115,95,20
100900182,112,34,78
100900184,16,218,-202
100900186,787,528,259
100900187,10,90,-80
100900188,33,10,23
100900189,1992,296,1696
100900191,1359,1318,41
100900192,270,473,-203
100900195,143,212,-69
100900197,89,73,16
100900198,40,209,-169
100900199,10,7,3
100900200,879,549,330
100900201,124,920,-796
100900202,64,0,64
100900203,1,117,-116
100900204,974,1765,-791
100900205,218,700,-482
100900206,195,177,18
100900207,307,175,132
100900210,118,545,-427
100900211,836,245,591
100900213,238,66,172
100900214,768,179,589
100900215,23,51,-28
100900217,149,133,16
101000001,4885,2900,1985
101000002,7024,7769,-745
101000003,584,2205,-1621
101000004,8447,7495,952
101000005,4696,5614,-918
101000006,6934,7687,-753
101000007,3319,4955,-1636
101000008,3256,2971,285
101000009,2217,1409,808
101000010,995,1160,-165
101000011,1727,762,965
101000012,1436,875,561
101000013,780,1340,-560
101000014,588,725,-137
101000015,1386,943,443
101000016,525,580,-55
101000017,759,650,109
101000018,3621,3033,588
101000020,3067,1368,1699
101000021,940,476,464
101000022,262,111,151
101000023,1803,859,944
101000025,289,454,-165
101000026,343,53,290
101000027,2409,3133,-724
101000028,1115,329,786
101000029,442,2268,-1826
101000030,2312,182,2130
101000031,1490,1244,246
101000032,10910,6580,4330
101000033,3131,4132,-1001
101000034,2711,2190,521
101000035,1158,711,447
101000036,2020,1155,865
101000037,3359,2134,1225
101000039,3540,3403,137
101000040,3922,4598,-676
101000041,13278,11361,1917
101000042,844,2031,-1187
101000043,9670,10726,-1056
101000045,2592,1413,1179
101000046,5416,2430,2986
101000047,3290,5956,-2666
101000048,1100,871,229
101000049,976,2635,-1659
101000050,3294,3809,-515
101000051,2708,4040,-1332
101000052,1935,1564,371
101000053,1418,1858,-440
101000054,2601,1424,1177
101000055,1756,1672,84
101000056,84,158,-74
101000057,2589,1552,1037
101000058,1552,1641,-89
101000059,2557,2754,-197
101000060,2172,784,1388
101000061,1011,1787,-776
101000062,941,890,51
101000063,709,1171,-462
101000064,1266,1325,-59
101000065,572,573,-1
101000066,1398,1081,317
101000067,1552,1268,284
101000068,422,634,-212
101000069,473,138,335
101000070,1472,1455,17
101000071,2236,1106,1130
101000072,1080,3909,-2829
101000073,1178,1454,-276
101000074,7439,5165,2274
101000075,5950,7021,-1071
101000077,1988,1597,391
101000078,1354,2344,-990
101000079,827,552,275
101000080,655,699,-44
101000081,2262,1962,300
101000082,3736,3388,348
101000083,3252,2587,665
101000084,1473,1017,456
101000085,1791,1400,391
101000086,1270,1220,50
101000087,1097,1076,21
101000088,1654,1350,304
101000089,1358,1795,-437
101000090,2299,1301,998
101000091,493,860,-367
101000092,1165,1117,48
101000093,1729,968,761
101000094,1194,1229,-35
101000095,506,697,-191
101000096,434,679,-245
101000097,689,591,98
101000098,571,676,-105
101000099,1334,1459,-125
101000100,1167,1195,-28
101000101,476,550,-74
101000102,1007,630,377
101000103,1161,646,515
101000104,472,775,-303
101000105,579,518,61
101000106,721,1154,-433
101000107,342,433,-91
101000108,954,341,613
101000109,487,91,396
101000110,49,486,-437
101000111,153,288,-135
101000113,251,855,-604
101000114,10960,9701,1259
101000115,151,108,43
101000116,194,138,56
101000117,1860,467,1393
101000119,84,89,-5
101000120,170,34,136
101000121,87,71,16
101000122,168,156,12
101000123,64,138,-74
101000124,747,341,406
101000125,254,496,-242
101000128,617,584,33
101000130,300,431,-131
101000131,928,621,307
101000132,804,1136,-332
101000135,61,59,2
101000136,566,266,300
101000137,41,420,-379
101000141,1661,4084,-2423
101000147,974,463,511
101000148,1432,56,1376
101000149,120,309,-189
101000150,113,771,-658
101000151,300,64,236
101000152,384,302,82
101000153,614,338,276
101000154,316,1029,-713
101000155,335,142,193
101000156,27,334,-307
101000157,73,38,35
101000160,85,36,49
101000163,377,457,-80
101000164,388,403,-15
101000165,332,422,-90
101000166,329,441,-112
101000168,1118,601,517
101000252,2269,1051,1218
101000254,592,149,443
101000258,46,6,40
101000261,182,50,132
101000262,1577,2802,-1225
101000263,520,1818,-1298
101000265,148,925,-777
101000266,452,484,-32
101000269,64,15,49
101000290,1622,3618,-1996
101000293,61,84,-23
101000294,962,557,405
101000295,184,584,-400
101000301,962,688,274
101000304,2263,3169,-906
101000305,3351,1632,1719
101000328,51,344,-293
101900001,31,68,-37
101900002,0,16,-16
101900003,42,106,-64
101900004,9,66,-57
101900005,3577,2664,913
101900006,1626,115,1511
101900007,1071,317,754
101900008,82,431,-349
101900009,97,476,-379
101900010,1029,890,139
101900011,321,1465,-1144
101900012,371,342,29
101900013,982,207,775
101900017,16,167,-151
101900018,1487,399,1088
101900019,274,148,126
101900020,139,128,11
101900021,1,74,-73
101900022,184,1130,-946
101900023,189,199,-10
101900026,144,45,99
101900027,25,149,-124
102000001,3046,5426,-2380
102000002,3086,1383,1703
102000003,4023,9471,-5448
102000004,7753,4069,3684
102000005,1630,2461,-831
102000006,1423,2272,-849
102000007,2109,5409,-3300
102000008,5228,1831,3397
102000009,7874,9241,-1367
102000010,7147,4010,3137
102000011,3802,3338,464
102000012,3710,3784,-74
102000018,3527,3290,237
102000019,2714,1909,805
102000026,286,702,-416
102000029,450,313,137
102000030,157,460,-303
102000031,93,138,-45
102000032,554,375,179
102000033,279,413,-134
102000034,759,482,277
102000035,1710,764,946
102000036,13,338,-325
102000037,217,68,149
102000038,271,392,-121
102000039,254,104,150
102000040,532,406,126
102000041,348,461,-113
102000042,391,445,-54
102000043,407,345,62
102000044,387,463,-76
102000045,1075,977,98
102000046,1323,636,687
102000047,957,1167,-210
102000048,445,782,-337
102000049,1172,855,317
102000050,1359,1442,-83
102000051,530,772,-242
102000052,1442,1052,390
102000053,1106,1105,1
102000054,793,1569,-776
102000055,1542,591,951
102000056,1180,1268,-88
102000057,1914,648,1266
102000058,1426,1552,-126
102000059,1737,1701,36
102000060,1586,1263,323
102000061,1884,2258,-374
102000062,2196,1387,809
102000063,1223,1573,-350
102000064,713,834,-121
102000065,49,181,-132
102000066,933,946,-13
102000067,2301,3246,-945
102000068,10071,2833,7238
102000069,100,2090,-1990
102000070,1739,47,1692
102000071,7468,9730,-2262
102000072,3328,4047,-719
102000073,1507,1238,269
102000074,840,1447,-607
102000075,186,368,-182
102000076,239,487,-248
102000077,817,833,-16
102000078,1105,804,301
102000079,245,262,-17
102000080,283,309,-26
102000081,498,872,-374
102000082,742,539,203
102000083,614,358,256
102000084,337,328,9
102000085,2719,1109,1610
102000086,1384,1834,-450
102000087,1036,1722,-686
102000088,435,388,47
102000089,1339,448,891
102000090,603,1317,-714
102000091,1618,685,933
102000092,409,810,-401
102000093,587,763,-176
102000094,1231,787,444
102000095,1396,1597,-201
102000096,1136,941,195
102000097,1216,1193,23
102000098,756,924,-168
102000099,1280,1062,218
102000100,990,1608,-618
102000101,1454,1018,436
102000102,323,1560,-1237
102000103,1723,544,1179
102000104,737,378,359
102000105,303,565,-262
102000106,1038,655,383
102000107,1446,594,852
102000108,968,199,769
102000109,590,567,23
102000110,1264,1281,-17
102000111,20,304,-284
102000112,281,131,150
102000113,21,44,-23
102000114,841,378,463
102000115,263,349,-86
102000116,374,406,-32
102000117,227,538,-311
102000118,1278,1282,-4
102000119,1668,765,903
102000120,232,584,-352
102000121,1207,730,477
102000122,846,1171,-325
102000123,1559,1480,79
102000124,1775,1334,441
102000125,1348,1186,162
102000126,1379,900,479
102000127,1539,885,654
102000128,930,1161,-231
102000129,1690,856,834
102000130,785,1103,-318
102000131,2092,1047,1045
102000132,808,1679,-871
102000133,2162,1857,305
102000134,863,910,-47
102000135,1099,1145,-46
102000136,1470,715,755
102000137,1399,1343,56
102000138,459,542,-83
102000139,320,703,-383
102000140,583,840,-257
102000141,1068,1608,-540
102000142,477,434,43
102000143,195,514,-319
102000144,352,421,-69
102000145,524,503,21
102000146,555,429,126
102000147,737,524,213
102000148,305,516,-211
102000149,195,449,-254
102000150,461,135,326
102000151,125,327,-202
102000152,230,164,66
102000153,1360,580,780
102000154,324,700,-376
102000155,116,380,-264
102000156,430,158,272
102000157,127,487,-360
102000158,657,643,14
102000159,1090,565,525
102000161,4265,2674,1591
102000162,230,219,11
102000163,131,684,-553
102000164,1369,1406,-37
102000165,351,180,171
102000166,92,209,-117
102000167,323,305,18
102000168,407,190,217
102000169,150,536,-386
102000170,579,323,256
102000171,303,436,-133
102000172,271,549,-278
102000173,523,343,180
102000174,82,93,-11
102000175,274,123,151
102000176,115,35,80
102000178,240,454,-214
102000179,427,266,161
102000180,918,474,444
102000181,846,535,311
102000182,613,597,16
102000183,1996,1765,231
102000184,2009,800,1209
102000185,2929,1374,1555
102000186,1414,1801,-387
102000187,1101,1543,-442
102000188,1346,1507,-161
102000189,2551,784,1767
102000190,911,2994,-2083
102000191,1342,546,796
102000192,1232,1624,-392
102000193,84,139,-55
102000194,63,158,-95
102000195,538,522,16
102000196,304,466,-162
102000197,758,485,273
102000198,241,1020,-779
102000199,1218,430,788
102000200,361,1248,-887
102000201,1128,471,657
102000202,5,121,-116
102000203,405,223,182
102000204,483,746,-263
102000205,1246,446,800
102000206,758,743,15
102000207,909,569,340
102000208,491,509,-18
102000209,99,82,17
102000210,470,446,24
102000211,637,332,305
102000212,365,9,356
102000213,7,302,-295
102000214,284,14,270
102000215,6,395,-389
102000216,65,63,2
102000217,5,162,-157
102000218,284,216,68
102000219,429,258,171
102000225,733,713,20
102000226,4315,1509,2806
102000227,223,0,223
102000228,0,96,-96
102000229,52,69,-17
102000230,327,450,-123
102000231,377,468,-91
102000232,34,195,-161
102000233,523,861,-338
102000234,137,1146,-1009
102000236,477,107,370
102000237,464,160,304
102000238,175,281,-106
102000240,614,674,-60
102000241,387,168,219
102000243,57,85,-28
102000245,52,198,-146
102000246,11,40,-29
102000247,844,1056,-212
102000248,648,1075,-427
102000249,137,151,-14
102000250,92,364,-272
102000254,123,314,-191
102000266,111,555,-444
102000271,41,0,41
102000286,480,412,68
102000297,2142,1175,967
102000299,0,0,0
102000301,0,0,0
102000303,0,0,0
102000305,0,0,0
102000307,0,8,-8
102900001,1502,736,766
102900002,454,51,403
102900003,96,207,-111
102900005,444,330,114
102900006,639,196,443
102900007,622,29,593
102900008,270,87,183
102900009,606,462,144
102900010,484,1077,-593
102900011,1941,431,1510
102900012,417,74,343
102900013,30,62,-32
102900015,832,628,204
102900016,84,126,-42
102900017,227,538,-311
102900018,57,110,-53
102900019,508,587,-79
102900020,179,32,147
102900021,22,79,-57
102900022,644,216,428
102900023,31,74,-43
102900024,43,38,5
102900025,254,138,116
102900026,503,2399,-1896
102900027,105,55,50
102900028,206,944,-738
102900029,256,259,-3
102900030,651,342,309
102900031,232,164,68
102900032,111,125,-14
102900033,150,198,-48
102900034,727,92,635
102900035,157,309,-152
102900036,397,531,-134
102900037,320,522,-202
102900038,511,545,-34
102900039,37,695,-658
102900040,190,341,-151
102900041,109,187,-78
102900042,231,362,-131
102900043,189,274,-85
102900044,750,2111,-1361
102900045,182,614,-432
102900046,153,258,-105
102900047,122,632,-510
102900048,713,599,114
102900049,175,395,-220
102900050,405,346,59
102900051,277,213,64
102900052,69,92,-23
102900053,539,651,-112
102900054,791,1326,-535
102900055,162,243,-81
102900056,142,411,-269
102900057,9,72,-63
102900058,411,76,335
102900059,28,62,-34
102900060,156,598,-442
102900061,178,425,-247
102900062,361,969,-608
102900063,1385,462,923
102900064,182,419,-237
102900065,1293,513,780
102900066,399,38,361
102900068,115,81,34
102900070,406,659,-253
102900072,12,52,-40
102900073,153,13,140
102900075,27,61,-34
102900076,194,179,15
102900077,87,50,37
102900078,52,94,-42
102900079,265,18,247
102900080,427,51,376
102900081,99,373,-274
102900082,11,262,-251
102900083,198,36,162
102900084,13,53,-40
102900085,415,150,265
102900086,29,65,-36
102900087,126,171,-45
102900088,40,34,6
102900089,280,125,155
102900090,2,354,-352
102900091,159,3,156
102900092,350,768,-418
102900093,464,379,85
102900094,2,180,-178
102900095,132,5,127
102900096,62,14,48
102900097,3,135,-132
103000001,2693,2567,126
103000002,2387,2790,-403
103000003,3989,3255,734
103000004,972,881,91
103000005,1967,3216,-1249
103000006,886,1574,-688
103000007,493,777,-284
103000008,1040,769,271
103000009,1335,1205,130
103000010,157,115,42
103000011,1790,1584,206
103000012,1750,1744,6
103000013,4504,2308,2196
103000014,1665,3156,-1491
103000015,1843,771,1072
103000016,543,1607,-1064
103000017,245,401,-156
103000018,901,352,549
103000019,356,408,-52
103000020,2788,1620,1168
103000021,2180,2124,56
103000022,891,1143,-252
103000023,675,1904,-1229
103000024,123,143,-20
103000025,131,709,-578
103000026,1178,183,995
103000027,397,807,-410
103000028,472,439,33
103000029,332,323,9
103000030,1869,1271,598
103000031,1716,2180,-464
103000032,2611,1993,618
103000033,3254,2894,360
103000034,1632,1294,338
103000035,529,1509,-980
103000036,434,649,-215
103000037,813,614,199
103000038,684,1187,-503
103000039,513,360,153
103000040,494,935,-441
103000041,1722,2246,-524
103000042,1338,505,833
103000043,804,1003,-199
103000044,358,194,164
103000046,412,461,-49
103000047,768,842,-74
103000048,200,229,-29
103000049,136,191,-55
103000050,735,526,209
103000051,600,594,6
103000052,891,393,498
103000053,220,630,-410
103000054,2979,1648,1331
103000055,2063,2489,-426
103000056,847,1422,-575
103000057,765,257,508
103000058,802,1104,-302
103000059,535,941,-406
103000060,950,685,265
103000061,424,1099,-675
103000062,1266,532,734
103000063,891,1052,-161
103000064,211,215,-4
103000065,5,447,-442
103000066,234,13,221
103000069,512,360,152
103000070,1395,786,609
103000071,1307,496,811
103000072,148,723,-575
103000073,768,120,648
103000074,870,120,750
103000075,169,713,-544
103000076,342,373,-31
103000077,46,320,-274
103000078,1115,742,373
103000079,775,696,79
103000080,1215,412,803
103000081,531,1102,-571
103000082,636,228,408
103000083,134,350,-216
103000084,176,21,155
103000085,2,116,-114
103000086,740,464,276
103000087,201,575,-374
103000088,286,318,-32
103000089,345,529,-184
103000090,2058,865,1193
103000091,724,461,263
103000092,293,294,-1
103000093,345,344,1
103000094,237,112,125
103000095,99,360,-261
103000096,754,109,645
103000097,127,793,-666
103000098,935,204,731
103000099,355,811,-456
103000100,127,719,-592
103000101,944,123,821
103000102,116,557,-441
103000103,732,182,550
103000104,66,114,-48
103000105,170,64,106
103000106,14,159,-145
103000107,218,55,163
103000108,807,638,169
103000109,463,429,34
103000110,523,445,78
103000111,615,529,86
103000112,406,244,162
103000113,806,686,120
103000114,1434,507,927
103000115,687,475,212
103000116,662,412,250
103000117,451,500,-49
103000118,768,692,76
103000119,1227,522,705
103000120,65,115,-50
103000121,370,619,-249
103000122,514,490,24
103000125,29,285,-256
103000126,772,3,769
103000127,4,159,-155
103000128,219,4,215
103000129,5,115,-110
103000130,84,50,34
103000131,202,111,91
103000132,97,269,-172
103000133,19,166,-147
103000134,645,944,-299
103000135,655,344,311
103000136,828,559,269
103000137,608,689,-81
103000138,986,862,124
103000139,8,87,-79
103000140,136,39,97
103000141,82,144,-62
103000142,183,91,92
103000143,91,200,-109
103000144,234,87,147
103000145,74,247,-173
103000150,83,50,33
103000152,259,305,-46
103000153,216,158,58
103000156,11,302,-291
103000157,557,2,555
103000159,205,67,138
103000162,103,17,86
103000163,18,37,-19
103000164,17,20,-3
103000165,105,335,-230
103000166,212,312,-100
103000167,253,108,145
103000168,100,186,-86
103000169,271,504,-233
103000170,838,424,414
103000171,59,105,-46
103000172,674,298,376
103000173,698,600,98
103000174,214,329,-115
103000175,367,324,43
103000176,970,728,242
103000177,618,422,196
103000178,311,331,-20
103000179,580,44,536
103000183,169,37,132
103000185,121,25,96
103000186,133,167,-34
103000187,634,319,315
103000188,22,92,-70
103000189,799,857,-58
103000191,708,748,-40
103000292,1571,1977,-406
103000293,1176,2641,-1465
103000295,77,133,-56
103000296,434,0,434
103000297,181,176,5
103000504,123,38,85
103000505,7,46,-39
103000506,2,264,-262
103000507,238,3,235
103000508,95,112,-17
103000509,233,608,-375
103900001,7,191,-184
103900002,1270,212,1058
103900003,1532,159,1373
103900004,133,0,133
103900005,4,216,-212
103900006,4,0,4
103900007,60,1,59
103900008,17,0,17
103900009,298,629,-331
103900010,159,534,-375
103900011,347,195,152
103900012,22,13,9
103900013,113,96,17
103900014,65,19,46
103900015,47,18,29
103900016,607,238,369
103900017,46,97,-51
103900018,777,259,518
103900019,137,382,-245
103900020,242,520,-278
103900021,526,63,463
103900022,1359,719,640
103900023,161,0,161
103900024,96,477,-381
103900025,17,41,-24
103900026,361,0,361
103900027,785,278,507
103900028,19,370,-351
103900029,1208,188,1020
103900030,316,82,234
103900031,37,16,21
103900032,107,75,32
103900033,144,19,125
103900034,37,127,-90
103900035,62,75,-13
103900036,43,33,10
103900037,137,79,58
103900038,154,221,-67
103900039,96,307,-211
103900040,4,168,-164
103900041,49,65,-16
103900042,65,291,-226
103900043,187,97,90
103900044,133,258,-125
103900045,443,210,233
103900047,118,17,101
103900048,186,42,144
103900049,304,1540,-1236
103900050,21,140,-119
103900051,2,30,-28
103900052,267,414,-147
103900053,262,588,-326
103900054,139,388,-249
103900055,491,225,266
103900056,57,88,-31
103900057,34,161,-127
103900058,322,601,-279
103900059,0,49,-49
103900060,54,146,-92
103900061,180,52,128
103900062,345,110,235
103900063,33,0,33
103900064,157,7,150
103900065,1034,459,575
103900066,204,43,161
103900067,189,11,178
103900068,39,3,36
103900069,79,15,64
103900070,198,258,-60
103900071,27,142,-115
103900072,20,194,-174
103900073,28,33,-5
103900074,84,86,-2
103900075,326,97,229
103900076,553,488,65
103900077,78,114,-36
103900078,603,152,451
103900079,187,206,-19
103900080,14,51,-37
103900081,79,25,54
103900082,25,166,-141
103900083,1422,1180,242
103900084,112,188,-76
103900085,118,159,-41
103900086,737,484,253
103900088,422,602,-180
103900089,72,194,-122
103900090,3,173,-170
103900091,1309,303,1006
103900092,828,558,270
103900093,98,307,-209
103900094,17,145,-128
103900095,396,259,137
103900096,32,180,-148
103900097,13,447,-434
103900098,288,143,145
103900099,71,153,-82
103900100,227,358,-131
103900101,118,1096,-978
103900102,2,65,-63
103900104,0,19,-19
103900105,144,294,-150
103900106,0,94,-94
103900107,146,136,10
103900108,53,311,-258
103900109,120,82,38
103900110,264,82,182
103900111,118,579,-461
103900112,107,183,-76
103900113,154,292,-138
103900114,457,343,114
103900115,333,291,42
103900116,6212,3566,2646
103900117,141,87,54
103900119,39,64,-25
103900120,123,111,12
103900122,114,298,-184
103900123,1500,804,696
103900124,53,510,-457
103900125,138,106,32
103900126,559,347,212
103900127,218,454,-236
103900128,307,157,150
103900131,37,140,-103
103900133,1146,142,1004
103900134,0,5,-5
103900135,4,11,-7
103900137,0,41,-41
103900138,137,227,-90
103900139,284,2218,-1934
103900140,7,183,-176
103900141,346,66,280
103900142,279,177,102
103900143,77,4,73
103900144,2,61,-59
103900145,179,318,-139
103900146,370,247,123
103900147,362,191,171
103900148,260,505,-245
103900149,373,782,-409
103900150,6826,4187,2639
103900151,49,201,-152
103900152,621,494,127
103900153,4,0,4
103900154,901,2030,-1129
103900155,55,213,-158
103900156,78,162,-84
103900157,68,232,-164
103900158,120,224,-104
103900159,182,95,87
103900160,44,55,-11
103900161,115,184,-69
103900162,89,205,-116
103900163,21,498,-477
103900167,24,122,-98
103900168,103,103,0
103900169,98,52,46
103900170,5,78,-73
103900171,0,63,-63
103900172,2,19,-17
103900173,18,12,6
103900174,229,58,171
103900175,61,69,-8
103900176,3,19,-16
103900177,21,52,-31
103900178,44,76,-32
103900179,60,172,-112
103900180,15,92,-77
103900181,55,43,12
103900182,47,28,19
103900184,429,120,309
103900185,154,413,-259
103900187,22,92,-70
103900188,49,31,18
103900189,146,18,128
103900190,83,85,-2
103900191,39,64,-25
103900192,32,121,-89
103900193,132,261,-129
103900194,95,263,-168
103900195,5,100,-95
103900196,176,53,123
103900197,21,24,-3
103900198,17,59,-42
103900199,171,78,93
103900200,179,116,63
103900201,158,258,-100
103900202,24,80,-56
103900203,30,24,6
103900204,3,87,-84
103900207,1,92,-91
103900208,110,2,108
103900209,12,105,-93
103900210,48,30,18
103900211,744,495,249
103900212,158,420,-262
103900213,101,280,-179
103900214,324,243,81
103900215,428,337,91
103900216,8,451,-443
103900217,488,61,427
103900218,1,265,-264
103900219,151,286,-135
103900233,83,2,81
103900235,49,31,18
103900236,32,2,30
103900242,5,17,-12
103900243,8,3,5
103900244,107,172,-65
103900245,121,247,-126
103900246,58,68,-10
103900247,52,97,-45
103900248,6,60,-54
103900249,54,64,-10
103900250,41,40,1
103900251,11,34,-23
103900253,23,93,-70
103900254,8,18,-10
103900255,5,17,-12
103900256,17,34,-17
103900257,127,164,-37
103900258,40,5,35
103900259,67,7,60
103900261,7,6,1
103900262,38,5,33
103900263,35,82,-47
103900264,70,95,-25
103900265,72,14,58
103900266,3,115,-112
103900267,15,96,-81
103900268,14,69,-55
103900269,130,44,86
103900270,78,140,-62
103900271,38,103,-65
103900272,86,79,7
103900273,30,83,-53
103900274,115,19,96
103900275,78,14,64
103900276,11,103,-92
103900277,4,133,-129
103900278,5,48,-43
103900279,0,22,-22
104000001,2493,2352,141
104000002,1764,2538,-774
104000003,2577,2455,122
104000004,2924,2986,-62
104000005,1701,2163,-462
104000006,3340,2882,458
104000007,4526,4093,433
104000008,241,271,-30
104000009,203,130,73
104000010,182,298,-116
104000011,409,298,111
104000012,163,301,-138
104000013,246,212,34
104000014,185,562,-377
104000015,397,147,250
104000016,614,379,235
104000018,885,163,722
104000019,704,247,457
104000020,146,544,-398
104000021,294,545,-251
104000022,156,287,-131
104000023,831,328,503
104000024,290,384,-94
104000026,61,343,-282
104000027,242,264,-22
104000028,442,279,163
104000029,375,340,35
104000030,275,218,57
104000031,1593,405,1188
104000032,236,278,-42
104000033,715,509,206
104000034,393,317,76
104000035,1021,430,591
104000036,844,575,269
104000037,363,257,106
104000038,535,290,245
104000039,234,205,29
104000040,279,457,-178
104000041,726,391,335
104000042,284,359,-75
104000043,286,431,-145
104000044,279,519,-240
104000045,1042,1060,-18
104000046,1218,1508,-290
104000047,972,1273,-301
104000048,1223,1558,-335
104000049,624,317,307
104000050,293,747,-454
104000051,131,599,-468
104000052,1706,1738,-32
104000053,1104,508,596
104000054,756,434,322
104000055,4227,2794,1433
104000056,1235,217,1018
104000057,125,491,-366
104000058,864,687,177
104000059,572,999,-427
104000060,1110,1250,-140
104000061,1417,1033,384
104000062,462,116,346
104000064,467,349,118
104000065,288,825,-537
104000069,1213,1301,-88
104000070,69,622,-553
104000071,134,444,-310
104000072,640,210,430
104000075,119,329,-210
104000076,623,138,485
104000082,2583,3672,-1089
104000083,970,202,768
104000084,145,594,-449
104000085,310,454,-144
104000086,307,508,-201
104000087,507,2426,-1919
104000090,928,1157,-229
104000092,1483,2063,-580
104000094,1010,1472,-462
104000095,1894,1310,584
104000096,1809,207,1602
104000097,1991,855,1136
104000098,2560,1051,1509
104000100,1944,796,1148
104000101,1324,1667,-343
104000106,74,700,-626
104000107,703,429,274
104000108,284,578,-294
104000109,358,123,235
104000110,915,1153,-238
104000111,4219,2899,1320
104000112,2407,638,1769
104000116,3,888,-885
104000117,175,682,-507
104000118,694,184,510
104000119,716,310,406
104000120,304,734,-430
104000121,169,708,-539
104000122,732,791,-59
104000123,817,1118,-301
104000124,871,2066,-1195
104000125,3514,4953,-1439
104000126,406,431,-25
104000127,1327,2415,-1088
104000128,711,443,268
104000129,401,20,381
104000130,7,203,-196
104000131,671,466,205
104000132,489,526,-37
104000133,1663,997,666
104000134,1230,1774,-544
104000135,534,2423,-1889
104000136,1006,5156,-4150
104000137,1710,538,1172
104000138,1097,387,710
104000139,6562,3360,3202
104000141,1101,1298,-197
104000142,725,770,-45
104000143,656,557,99
104000144,105,248,-143
104000145,397,247,150
104000146,280,532,-252
104000147,120,302,-182
104000148,371,208,163
104000149,178,260,-82
104000150,1284,561,723
104000151,408,427,-19
104000152,664,652,12
104000153,834,588,246
104000154,1065,642,423
104000155,568,606,-38
104000157,1281,1552,-271
104000158,549,750,-201
104000159,1091,663,428
104000160,2068,2085,-17
104000161,215,246,-31
104000162,82,138,-56
104000165,1047,1076,-29
104000167,744,1017,-273
104000168,665,9,656
104000169,127,43,84
104000170,581,755,-174
104000248,222,589,-367
104000251,51,254,-203
104000272,0,0,0
104000273,0,0,0
104000274,0,0,0
104000275,0,0,0
104000279,663,530,133
104000290,139,314,-175
104000291,626,1171,-545
104000293,886,782,104
104000294,52,0,52
104000295,691,818,-127
104000296,330,752,-422
104000297,856,1952,-1096
104000298,2596,910,1686
104000299,819,1360,-541
104900001,234,401,-167
104900002,69,181,-112
104900003,55,288,-233
104900004,91,304,-213
104900005,316,344,-28
104900006,385,132,253
104900007,343,223,120
104900009,162,391,-229
104900010,147,84,63
104900011,120,23,97
104900012,357,46,311
104900013,179,15,164
104900014,2739,354,2385
104900015,100,7,93
104900016,324,230,94
104900017,248,237,11
104900018,13,188,-175
104900019,340,3047,-2707
104900020,82,335,-253
104900021,0,135,-135
104900022,9,144,-135
104900023,0,63,-63
104900024,29,124,-95
104900025,85,278,-193
104900026,2,66,-64
104900027,615,355,260
104900028,40,88,-48
104900029,55,64,-9
104900030,547,259,288
104900031,91,256,-165
104900032,53,136,-83
104900033,204,259,-55
104900034,434,203,231
104900035,381,264,117
104900036,203,76,127
104900037,211,253,-42
104900038,573,1000,-427
104900039,533,376,157
104900040,426,85,341
104900041,262,156,106
104900042,167,316,-149
104900043,17,180,-163
104900044,723,204,519
104900045,426,57,369
104900046,244,171,73
104900047,403,128,275
104900048,352,91,261
104900049,38,42,-4
104900050,327,133,194
104900051,402,58,344
104900052,66,1,65
104900053,480,129,351
104900054,203,67,136
104900055,110,4,106
104900056,167,24,143
104900057,50,4,46
104900058,1033,785,248
104900059,196,63,133
104900060,3,423,-420
104900061,264,589,-325
104900063,0,129,-129
104900064,1,68,-67
104900065,5,203,-198
104900066,3,194,-191
104900067,9,307,-298
104900068,16,208,-192
104900070,188,273,-85
104900071,1,472,-471
104900072,50,304,-254
104900073,134,190,-56
104900074,69,248,-179
104900075,92,56,36
104900076,104,316,-212
104900077,1170,348,822
104900078,180,523,-343
104900079,159,619,-460
104900080,124,529,-405
104900082,19,425,-406
104900085,6,149,-143
104900087,475,8,467
104900089,245,2,243
104900090,1085,831,254
104900091,1116,677,439
104900093,330,594,-264
104900097,2520,2696,-176
104900098,131,33,98
104900099,79,716,-637
104900100,545,271,274
104900102,32,198,-166
104900103,521,77,444
104900104,3205,2511,694
104900106,117,168,-51
104900107,225,189,36
104900108,60,261,-201
104900109,131,308,-177
104900110,13,80,-67
104900111,237,154,83
104900112,324,725,-401
104900113,845,366,479
104900114,411,489,-78
104900115,839,401,438
104900116,268,199,69
104900118,21,85,-64
104900119,25,47,-22
104900120,29,223,-194
104900121,2,65,-63
104900122,4,60,-56
104900123,78,19,59
104900124,54,0,54
104900125,552,16,536
104900126,65,68,-3
104900127,35,98,-63
104900128,114,191,-77
104900129,1901,2350,-449
105000001,2785,1565,1220
105000002,2514,1698,816
105000003,3681,4101,-420
105000004,776,952,-176
105000005,916,1248,-332
105000006,1640,1956,-316
105000007,1486,1658,-172
105000008,1993,3401,-1408
105000009,2637,3698,-1061
105000010,3243,2351,892
105000011,3903,3242,661
105000012,4253,3182,1071
105000013,1208,1204,4
105000014,2355,2975,-620
105000015,11750,17770,-6020
105000016,3452,2797,655
105000017,1999,1013,986
105000018,1363,1744,-381
105000019,1249,951,298
105000020,219,468,-249
105000021,288,114,174
105000022,331,115,216
105000023,635,439,196
105000028,110,135,-25
105000029,719,1562,-843
105000030,4486,2898,1588
105000033,1225,2084,-859
105000034,156,1068,-912
105000037,709,371,338
105000038,2333,2060,273
105000039,3350,1993,1357
105000040,1203,1432,-229
105000041,743,1640,-897
105000042,4878,2336,2542
105000043,2253,3052,-799
105000044,723,604,119
105000045,364,808,-444
105000046,1520,407,1113
105000047,606,1494,-888
105000048,626,181,445
105000049,282,521,-239
105000050,705,356,349
105000051,156,387,-231
105000052,731,878,-147
105000053,136,132,4
105000054,494,885,-391
105000055,1040,357,683
105000056,1457,2201,-744
105000057,1253,890,363
105000058,1423,1283,140
105000059,842,684,158
105000060,484,657,-173
105000061,742,574,168
105000062,694,763,-69
105000063,341,495,-154
105000064,1706,950,756
105000065,419,565,-146
105000066,1158,1522,-364
105000067,1642,880,762
105000068,515,929,-414
105000069,1946,1979,-33
105000070,670,1056,-386
105000071,264,897,-633
105000072,1108,2534,-1426
105000073,969,689,280
105000074,1369,771,598
105000075,586,1085,-499
105000076,1328,1148,180
105000077,2998,1355,1643
105000078,1520,1624,-104
105000079,1471,3598,-2127
105000080,2227,1459,768
105000081,4032,1598,2434
105000082,1280,2077,-797
105000083,5330,4128,1202
105000084,880,863,17
105000085,2005,2438,-433
105000086,687,909,-222
105000087,1566,1894,-328
105000088,1477,1620,-143
105000089,3417,2254,1163
105000090,1203,925,278
105000091,1475,1770,-295
105000092,835,976,-141
105000093,369,290,79
105000094,340,277,63
105000095,145,523,-378
105000096,1185,1162,23
105000097,1053,877,176
105000098,1056,828,228
105000099,903,816,87
105000100,1517,1080,437
105000101,2129,2208,-79
105000102,2865,1632,1233
105000103,1895,2921,-1026
105000104,2898,1175,1723
105000105,1420,2055,-635
105000106,1805,1726,79
105000107,1591,1014,577
105000108,1914,1526,388
105000109,1708,1698,10
105000110,977,613,364
105000111,850,759,91
105000112,1530,712,818
105000113,506,834,-328
105000114,2682,1237,1445
105000115,391,1348,-957
105000116,963,579,384
105000117,962,979,-17
105000118,613,481,132
105000119,700,843,-143
105000120,1049,556,493
105000121,894,1051,-157
105000122,410,766,-356
105000123,1289,1347,-58
105000124,2141,875,1266
105000125,909,1912,-1003
105000126,2347,1888,459
105000127,2605,2026,579
105000128,798,1001,-203
105000129,933,364,569
105000130,507,3483,-2976
105000131,841,431,410
105000132,986,846,140
105000133,471,895,-424
105000134,839,685,154
105000135,471,608,-137
105000136,171,351,-180
105000137,571,255,316
105000138,227,342,-115
105000139,1165,1038,127
105000140,540,566,-26
105000141,351,618,-267
105000142,236,546,-310
105000143,290,783,-493
105000144,353,880,-527
105000145,804,399,405
105000146,466,977,-511
105000147,744,378,366
105000148,1570,745,825
105000149,2837,2613,224
105000150,2182,1725,457
105000151,530,454,76
105000152,202,505,-303
105000153,617,715,-98
105000154,854,540,314
105000155,411,949,-538
105000156,1053,764,289
105000157,919,1861,-942
105000158,2284,852,1432
105000159,259,1023,-764
105000160,2001,675,1326
105000161,647,1078,-431
105000162,698,1728,-1030
105000163,1091,925,166
105000164,240,292,-52
105000165,1007,5725,-4718
105000166,5489,1086,4403
105000167,1862,1692,170
105000168,438,623,-185
105000169,677,344,333
105000170,245,1544,-1299
105000171,1167,269,898
105000172,203,110,93
105000173,238,246,-8
105000174,85,122,-37
105000175,95,179,-84
105000176,460,115,345
105000177,338,218,120
105000178,174,535,-361
105000179,681,186,495
105000180,214,149,65
105000181,148,332,-184
105000182,122,74,48
105000183,2629,2288,341
105000184,1408,1386,22
105000185,1811,1269,542
105000186,734,871,-137
105000187,1001,270,731
105000188,456,189,267
105000189,278,571,-293
105000190,295,355,-60
105000191,460,302,158
105000192,435,73,362
105000193,72,146,-74
105000194,427,154,273
105000195,428,794,-366
105000196,85,292,-207
105000197,337,605,-268
105000198,603,338,265
105000199,309,711,-402
105000200,224,337,-113
105000201,163,40,123
105000203,15,174,-159
105000204,89,85,4
105000205,115,222,-107
105000207,630,262,368
105000208,309,873,-564
105000209,249,410,-161
105000212,1335,1253,82
105000213,230,275,-45
105000214,166,253,-87
105000215,312,201,111
105000216,165,376,-211
105000217,167,335,-168
105000218,1617,1292,325
105000221,213,197,16
105000222,879,110,769
105000223,400,154,246
105000226,131,269,-138
105000227,97,197,-100
105000228,284,2461,-2177
105000229,187,631,-444
105000231,423,352,71
105000233,1054,780,274
105000234,782,1296,-514
105000235,439,622,-183
105000237,852,92,760
105000243,47,156,-109
105000248,72,87,-15
105000262,337,1182,-845
105000269,188,217,-29
105000270,471,64,407
105000271,0,223,-223
105000282,88,47,41
105000287,458,137,321
105000288,726,452,274
105000289,3184,2440,744
105000290,61,13,48
105000402,3609,4954,-1345
105000426,550,755,-205
105000438,4103,1953,2150
105000446,12641,6389,6252
105000447,7604,3296,4308
105000454,593,750,-157
105000455,355,221,134
105000474,77,0,77
105000477,425,606,-181
105000478,1984,5276,-3292
105000479,143,139,4
105000480,10189,8117,2072
105000481,5780,4177,1603
105000482,5755,8440,-2685
105000483,1786,2148,-362
105000484,2354,3251,-897
105000485,1816,3762,-1946
105000486,3807,2628,1179
105000488,10346,6057,4289
105000489,995,870,125
105000549,155,122,33
105000550,626,1667,-1041
105000551,46,110,-64
105000552,2736,1656,1080
105000555,714,858,-144
105900001,11,2013,-2002
105900002,1576,812,764
105900003,17,112,-95
105900004,333,117,216
105900005,16,212,-196
105900006,40,144,-104
105900007,145,39,106
105900008,85,566,-481
105900009,37,25,12
105900011,387,87,300
105900012,787,191,596
105900013,2,36,-34
105900014,15,78,-63
105900015,224,405,-181
105900016,518,714,-196
105900017,1313,69,1244
105900018,251,191,60
105900019,69,554,-485
105900020,41,70,-29
105900021,84,932,-848
105900022,387,224,163
105900023,11,220,-209
105900024,18,349,-331
105900025,227,56,171
105900026,263,26,237
105900027,12875,9736,3139
105900028,698,273,425
105900029,1760,375,1385
105900030,201,264,-63
105900031,393,208,185
105900032,86,157,-71
105900033,107,152,-45
105900034,329,252,77
105900035,226,194,32
105900036,140,171,-31
105900037,102,46,56
105900038,215,298,-83
105900039,131,136,-5
105900040,71,92,-21
105900041,213,244,-31
105900042,74,165,-91
105900043,1443,129,1314
105900044,2,235,-233
105900045,3,758,-755
105900046,9,320,-311
105900047,14,46,-32
105900048,91,570,-479
105900050,8673,6643,2030
105900051,52,1277,-1225
105900052,722,340,382
105900053,3039,2738,301
105900054,357,251,106
105900056,976,421,555
105900057,90,156,-66
105900058,17,17,0
105900059,0,36,-36
106000001,5116,3146,1970
106000002,2795,6383,-3588
106000003,3281,4315,-1034
106000004,1855,3165,-1310
106000005,3758,6726,-2968
106000006,6020,4100,1920
106000007,583,692,-109
106000008,537,343,194
106000009,649,467,182
106000010,755,636,119
106000011,1278,1250,28
106000012,928,1409,-481
106000013,1994,2033,-39
106000014,2012,1695,317
106000015,2101,1462,639
106000016,1297,2000,-703
106000017,520,714,-194
106000018,653,538,115
106000019,454,490,-36
106000020,371,389,-18
106000021,365,450,-85
106000022,364,233,131
106000023,634,313,321
106000024,593,498,95
106000025,162,271,-109
106000026,117,208,-91
106000027,1522,1558,-36
106000028,626,481,145
106000029,803,1123,-320
106000030,619,619,0
106000034,264,611,-347
106000035,1036,2082,-1046
106000036,255,577,-322
106000037,2001,1524,477
106000038,452,138,314
106000039,147,109,38
106000040,140,975,-835
106000041,730,667,63
106000043,598,290,308
106000046,446,94,352
106000047,87,565,-478
106000049,1112,270,842
106000050,288,709,-421
106000051,921,651,270
106000052,128,631,-503
106000053,468,161,307
106000054,435,501,-66
106000055,1126,1089,37
106000056,375,392,-17
106000057,454,306,148
106000058,129,184,-55
106000059,322,370,-48
106000060,400,542,-142
106000061,244,543,-299
106000062,175,566,-391
106000063,735,621,114
106000064,44,501,-457
106000065,404,407,-3
106000066,102,347,-245
106000067,479,141,338
106000068,106,672,-566
106000069,264,87,177
106000070,497,868,-371
106000071,1192,487,705
106000072,2813,1758,1055
106000073,1755,3316,-1561
106000074,748,743,5
106000075,383,1538,-1155
106000076,2016,2284,-268
106000077,3885,1408,2477
106000078,1264,983,281
106000079,758,1035,-277
106000080,1457,666,791
106000081,813,1273,-460
106000082,2656,921,1735
106000083,411,1745,-1334
106000084,1384,714,670
106000085,1430,1757,-327
106000086,700,881,-181
106000087,1080,586,494
106000088,451,784,-333
106000089,1256,355,901
106000090,303,627,-324
106000091,310,536,-226
106000092,729,267,462
106000093,307,161,146
106000094,87,269,-182
106000095,875,793,82
106000096,844,776,68
106000097,1336,775,561
106000098,913,1037,-124
106000099,259,885,-626
106000100,1780,237,1543
106000101,2240,340,1900
106000102,301,832,-531
106000103,407,506,-99
106000104,976,455,521
106000105,524,620,-96
106000106,628,487,141
106000107,165,295,-130
106000108,256,277,-21
106000109,167,270,-103
106000110,261,258,3
106000111,222,342,-120
106000112,207,579,-372
106000113,727,526,201
106000114,511,628,-117
106000115,242,386,-144
106000116,282,201,81
106000117,1183,643,540
106000118,1283,1490,-207
106000119,1429,936,493
106000120,1069,1261,-192
106000121,254,173,81
106000122,130,217,-87
106000123,566,165,401
106000124,51,180,-129
106000125,33,240,-207
106000126,289,144,145
106000127,878,820,58
106000128,802,225,577
106000129,522,579,-57
106000130,763,348,415
106000131,137,695,-558
106000132,604,174,430
106000133,1957,1218,739
106000134,658,2500,-1842
106000135,241,519,-278
106000136,687,1131,-444
106000137,83,660,-577
106000138,1129,127,1002
106000139,78,114,-36
106000140,34,31,3
106000141,111,45,66
106000142,97,83,14
106000143,28,47,-19
106000144,25,98,-73
106000145,234,265,-31
106000146,409,184,225
106000147,424,458,-34
106000148,519,805,-286
106000149,604,392,212
106000150,548,1874,-1326
106000151,3663,849,2814
106000152,1238,1980,-742
106000153,93,1446,-1353
106000154,1420,207,1213
106000155,107,256,-149
106000156,869,285,584
106000157,682,1579,-897
106000158,2319,1005,1314
106000159,3234,2107,1127
106000160,481,2814,-2333
106000161,1507,390,1117
106000162,290,993,-703
106000163,488,346,142
106000164,478,333,145
106000165,244,487,-243
106000166,724,369,355
106000167,427,920,-493
106000168,551,266,285
106000169,275,584,-309
106000170,956,303,653
106000171,301,1226,-925
106000172,3395,1517,1878
106000173,1467,2932,-1465
106000174,1257,472,785
106000175,367,846,-479
106000176,1619,1025,594
106000177,813,2405,-1592
106000178,3906,1973,1933
106000179,1242,2512,-1270
106000180,1016,1329,-313
106000181,917,2105,-1188
106000182,1441,882,559
106000183,1428,624,804
106000184,2292,773,1519
106000185,1192,1557,-365
106000186,984,259,725
106000187,261,1125,-864
106000188,2,4,-2
106000189,39,53,-14
106000190,43,1,42
106000191,777,265,512
106000192,2,28,-26
106000193,460,227,233
106000194,179,460,-281
106000195,993,269,724
106000196,288,671,-383
106000197,862,451,411
106000198,236,285,-49
106000199,1187,802,385
106000200,256,293,-37
106000201,512,2894,-2382
106000202,4026,714,3312
106000203,69,201,-132
106000204,115,12,103
106000205,24,156,-132
106000206,92,23,69
106000207,49,875,-826
106000208,1442,196,1246
106000209,1768,397,1371
106000210,688,1027,-339
106000211,458,1137,-679
106000212,1081,480,601
106000213,793,2290,-1497
106000214,2846,906,1940
106000215,322,519,-197
106000216,366,344,22
106000217,285,457,-172
106000218,464,444,20
106000219,136,240,-104
106000220,500,243,257
106000221,227,239,-12
106000222,65,91,-26
106000223,252,153,99
106000224,228,197,31
106000225,87,126,-39
106000226,123,231,-108
106000228,51,73,-22
106000229,90,747,-657
106000231,1061,142,919
106000232,157,427,-270
106000233,992,105,887
106000234,449,261,188
106000235,1691,135,1556
106000236,794,84,710
106000237,6,15,-9
106000238,374,22,352
106000239,4,192,-188
106000240,70,2,68
106000241,33,626,-593
106000242,340,73,267
106000249,61,82,-21
106000250,98,589,-491
106000251,151,31,120
106000252,44,81,-37
106000253,41,101,-60
106000254,83,46,37
106000255,30,187,-157
106000256,45,61,-16
106000257,174,279,-105
106000258,521,22,499
106000259,19,60,-41
106000260,36,6,30
106000261,3,47,-44
106000262,106,8,98
106000263,26,57,-31
106000264,234,9,225
106000265,14,156,-142
106000266,150,22,128
106000267,1,86,-85
106000268,585,72,513
106000269,48,40,8
106000270,163,546,-383
106000271,88,285,-197
106000272,295,53,242
106000273,16,312,-296
106000274,233,51,182
106000275,147,345,-198
106000276,191,38,153
106000277,126,353,-227
106000278,205,39,166
106000279,24,32,-8
106000280,96,96,0
106000281,94,69,25
106000282,101,79,22
106000283,153,82,71
106000284,84,104,-20
106000285,91,106,-15
106000286,87,124,-37
106000287,145,79,66
106000288,91,146,-55
106000289,103,52,51
106000290,51,103,-52
106000291,122,104,18
106000292,93,91,2
106000293,186,70,116
106000294,117,123,-6
106000295,80,68,12
106000296,28,98,-70
106000297,83,244,-161
106000298,122,55,67
106000299,106,139,-33
106000300,60,99,-39
106000301,50,139,-89
106000303,31,127,-96
106000304,41,27,14
106000305,60,65,-5
106000306,46,74,-28
106000307,94,27,67
106000308,46,100,-54
106000309,15,79,-64
106000310,348,448,-100
106000311,400,238,162
106000312,106,171,-65
106000313,240,215,25
106000318,98,573,-475
106000319,1121,325,796
106000320,4,74,-70
106000321,550,168,382
106000322,168,164,4
106000324,29,132,-103
106000325,1837,1066,771
106000326,1036,1710,-674
106000327,187,117,70
106000328,78,148,-70
106000329,206,307,-101
106000330,157,88,69
106000428,96,210,-114
106000429,176,488,-312
106000430,415,1297,-882
106000431,2976,514,2462
106000432,1894,2900,-1006
106000433,2666,1579,1087
106000434,3291,2001,1290
106000435,1651,2612,-961
106000436,14,237,-223
106000437,332,62,270
106000438,550,218,332
106000439,80,542,-462
106000440,354,441,-87
106000441,0,0,0
106000442,181,14,167
106000443,198,310,-112
106000450,2,161,-159
106000451,29,78,-49
106000454,2,402,-400
106000455,7,230,-223
106000456,109,51,58
106000457,10,907,-897
106000458,850,168,682
106000459,140,436,-296
106000460,1811,27,1784
106000461,123,1330,-1207
106000462,1,32,-31
106000463,4,22,-18
106000464,8,466,-458
106000465,833,9,824
106000466,3,601,-598
106000467,430,671,-241
106000468,74,161,-87
106000469,230,0,230
106000470,374,1831,-1457
106000471,26,598,-572
106000472,167,14,153
106000473,31,28,3
106000474,243,453,-210
106000475,224,155,69
106000476,161,276,-115
106000477,24,61,-37
106000480,0,254,-254
106900001,0,8,-8
106900002,3,370,-367
106900003,226,1091,-865
106900004,0,20,-20
106900006,0,7,-7
106900007,0,9,-9
106900008,345,197,148
106900009,406,277,129
106900010,297,238,59
106900012,1424,2558,-1134
106900013,983,184,799
106900014,20,6,14
106900015,19,5,14
106900016,282,22,260
106900017,5,1,4
106900018,1,1,0
106900019,68,3,65
106900020,2285,1602,683
106900021,164,75,89
106900022,838,2,836
106900023,52,236,-184
106900024,864,74,790
106900025,66,700,-634
106900026,2,417,-415
106900027,832,8,824
107000001,4919,5077,-158
107000002,3745,5234,-1489
107000003,6640,7826,-1186
107000004,4841,4989,-148
107000005,5228,6204,-976
107000006,4782,4439,343
107000007,7122,12140,-5018
107000008,13040,8752,4288
107000009,9010,8843,167
107000010,10749,10117,632
107000011,1365,1482,-117
107000012,4183,3297,886
107000013,95,96,-1
107000014,62,180,-118
107000015,609,728,-119
107000016,838,849,-11
107000017,6063,3524,2539
107000018,74,2691,-2617
107000020,4069,3664,405
107000021,2166,554,1612
107000022,1439,2400,-961
107000023,2683,307,2376
107000024,835,1547,-712
107000025,284,522,-238
107000026,450,507,-57
107000027,1605,1429,176
107000028,1751,1446,305
107000029,4057,3614,443
107000030,3777,3287,490
107000031,4788,3326,1462
107000032,549,1139,-590
107000033,3231,5876,-2645
107000034,5111,1944,3167
107000035,417,309,108
107000036,755,1505,-750
107000037,78,957,-879
107000038,282,341,-59
107000039,1088,1000,88
107000040,190,429,-239
107000041,1870,1122,748
107000042,899,2277,-1378
107000043,3311,1518,1793
107000044,770,476,294
107000045,128,305,-177
107000046,1087,553,534
107000047,553,986,-433
107000048,840,349,491
107000049,743,894,-151
107000050,1424,643,781
107000051,388,430,-42
107000052,1379,1161,218
107000053,386,244,142
107000054,70,332,-262
107000055,252,121,131
107000056,545,831,-286
107000057,1318,249,1069
107000058,2631,2947,-316
107000059,2439,3712,-1273
107000060,5168,6188,-1020
107000061,5704,4142,1562
107000062,5428,3442,1986
107000063,4555,5271,-716
107000064,5346,2784,2562
107000065,5143,4864,279
107000066,2543,3636,-1093
107000067,1448,1471,-23
107000068,1817,916,901
107000069,1018,619,399
107000070,1301,47,1254
107000071,3896,48,3848
107000072,69,2715,-2646
107000073,875,372,503
107000074,165,893,-728
107000075,1996,600,1396
107000076,689,1533,-844
107000077,4665,1747,2918
107000078,2708,3403,-695
107000079,3284,1303,1981
107000080,1253,3364,-2111
107000081,2289,646,1643
107000082,774,1935,-1161
107000083,1648,512,1136
107000084,341,1899,-1558
107000085,3382,3425,-43
107000086,4059,3800,259
107000087,3448,2304,1144
107000088,3858,4119,-261
107000089,1652,1871,-219
107000090,1291,1186,105
107000091,1658,926,732
107000092,928,962,-34
107000093,1329,980,349
107000094,1224,1246,-22
107000095,849,797,52
107000096,749,946,-197
107000097,835,418,417
107000098,792,623,169
107000099,506,308,198
107000100,304,412,-108
107000101,82,161,-79
107000102,302,388,-86
107000103,297,190,107
107000104,187,247,-60
107000105,422,144,278
107000106,305,231,74
107000107,646,250,396
107000108,221,548,-327
107000109,634,193,441
107000110,64,402,-338
107000111,386,82,304
107000112,59,297,-238
107000113,625,133,492
107000114,131,487,-356
107000115,717,179,538
107000116,159,713,-554
107000117,147,671,-524
107000118,116,168,-52
107000119,1725,1647,78
107000120,1316,559,757
107000121,1164,789,375
107000122,1329,1042,287
107000123,554,748,-194
107000124,546,877,-331
107000125,1211,728,483
107000126,1031,865,166
107000129,296,769,-473
107000130,776,261,515
107000131,482,561,-79
107000132,593,337,256
107000133,684,129,555
107000134,386,8,378
107000135,5,284,-279
107000136,951,13,938
107000137,20,460,-440
107000138,451,37,414
107000139,22,445,-423
107000140,1784,139,1645
107000141,149,805,-656
107000142,538,164,374
107000143,64,741,-677
107000144,726,583,143
107000145,182,551,-369
107000146,295,431,-136
107000147,2989,930,2059
107000150,686,4478,-3792
107000151,54,160,-106
107000152,596,1664,-1068
107000153,170,493,-323
107000154,264,308,-44
107000155,1039,30,1009
107000156,1505,26,1479
107000157,151,1577,-1426
107000158,812,18,794
107000159,45,943,-898
107000160,1435,243,1192
107000161,111,1476,-1365
107000162,372,806,-434
107000163,258,47,211
107000164,999,4,995
107000165,1041,18,1023
107000166,46,1179,-1133
107000167,683,290,393
107000168,1252,635,617
107000169,836,1037,-201
107000170,2615,1062,1553
107000171,899,2229,-1330
107000172,1331,1620,-289
107000173,849,1085,-236
107000174,1316,6847,-5531
107000175,7645,2020,5625
107000176,1,1,0
107000177,4,0,4
107000178,17,30,-13
107000179,318,2034,-1716
107000180,1641,427,1214
107000181,448,1141,-693
107000182,2141,1115,1026
107000183,182,840,-658
107000184,1237,771,466
107000185,569,1415,-846
107000186,1533,509,1024
107000187,1580,1357,223
107000188,717,651,66
107000189,660,1166,-506
107000190,792,772,20
107000191,793,1052,-259
107000192,1947,870,1077
107000193,542,604,-62
107000194,993,767,226
107000197,1224,310,914
107000198,361,714,-353
107000199,943,790,153
107000200,767,737,30
107000201,466,454,12
107000202,440,582,-142
107000203,1319,1199,120
107000204,1421,1592,-171
107000205,2604,1196,1408
107000206,1211,1859,-648
107000207,887,1309,-422
107000208,1316,851,465
107000209,2280,1486,794
107000210,1036,426,610
107000211,6,78,-72
107000212,25,385,-360
107000213,11,24,-13
107000214,16,147,-131
107000215,561,391,170
107000216,505,559,-54
107000217,238,172,66
107000219,107,211,-104
107000220,260,213,47
107000222,354,776,-422
107000224,956,112,844
107000225,597,488,109
107000226,692,120,572
107000227,114,359,-245
107000228,196,319,-123
107000229,157,210,-53
107000230,1290,474,816
107000231,1877,2253,-376
107000232,185,74,111
107000233,1570,1166,404
107000234,3,40,-37
107000235,109,14,95
107000236,16,725,-709
107000237,33,1,32
107000238,74,1,73
107000239,4370,702,3668
107000240,111,1009,-898
107000241,133,13,120
107000242,406,32,374
107000243,0,40,-40
107000244,1,68,-67
107000246,0,953,-953
107000249,3,1141,-1138
107000251,1,260,-259
107000252,2,1049,-1047
107000255,505,153,352
107000257,4,355,-351
107000258,0,100,-100
107000259,8,162,-154
107000260,687,4,683
107000262,9,503,-494
107000263,306,9,297
107000266,10,8,2
107000267,173,149,24
107000268,145,145,0
107000269,726,81,645
107000270,5,47,-42
107000271,13,691,-678
107000272,19,160,-141
107000273,11,338,-327
107000274,4596,718,3878
107000275,294,3385,-3091
107000280,1057,67,990
107000281,60,830,-770
107000282,155,941,-786
107000290,17,38,-21
107000291,43,12,31
107000292,3,228,-225
107000293,177,5,172
107000294,0,29,-29
107000295,156,2,154
107000296,0,14,-14
107000444,386,14,372
107000496,7,7,0
107000497,1604,2347,-743
107000500,462,408,54
107000501,248,185,63
107000502,237,345,-108
107000505,452,844,-392
107000506,8,141,-133
107000508,10,589,-579
107000509,307,895,-588
107000510,57,56,1
107000514,70,390,-320
107000515,14,242,-228
107000516,442,347,95
107000518,1182,1526,-344
107000519,1925,1039,886
107000520,169,50,119
107000521,719,445,274
107000522,1014,579,435
107900001,81,174,-93
107900002,81,7,74
107900003,545,24,521
107900004,98,1,97
107900005,1712,9,1703
107900006,197,2,195
107900007,291,43,248
107900008,356,30,326
107900009,225,10,215
107900010,43,1,42
107900012,328,65,263
107900013,213,29,184
107900014,26,12,14
107900015,1104,13,1091
107900016,632,105,527
107900017,36,3,33
107900018,60,186,-126
107900019,35,49,-14
107900020,107,37,70
107900021,86,114,-28
107900023,10,1,9
107900024,1,19,-18
107900025,240,269,-29
107900026,82,66,16
107900027,33,91,-58
107900028,136,96,40
107900030,203,48,155
107900031,51,105,-54
107900032,30,8,22
107900033,31,7,24
107900034,409,19,390
107900035,995,57,938
107900036,50,17,33
107900037,0,32,-32
107900038,135,326,-191
107900039,47,63,-16
107900040,57,554,-497
107900041,4,6,-2
107900043,27,140,-113
107900044,13,13,0
107900045,144,56,88
107900046,152,200,-48
107900047,42,42,0
107900048,226,15,211
107900049,391,2196,-1805
107900050,139,333,-194
107900051,106,107,-1
107900052,22,51,-29
107900053,47,95,-48
107900055,751,332,419
107900056,205,65,140
107900057,2,0,2
107900058,66,607,-541
107900060,125,68,57
107900061,16,16,0
107900063,84,156,-72
107900064,382,166,216
107900065,246,6,240
107900066,29,6,23
107900067,3,0,3
107900068,156,742,-586
107900069,37,1888,-1851
107900070,141,61,80
107900071,33,636,-603
107900072,119,148,-29
107900073,334,71,263
107900074,643,329,314
107900076,166,52,114
107900077,101,2,99
107900078,241,62,179
107900079,4,26,-22
107900080,261,829,-568
107900081,47,110,-63
107900082,28,14,14
107900083,416,221,195
107900084,123,166,-43
107900086,132,247,-115
107900087,650,238,412
107900088,45,5,40
107900089,311,1126,-815
107900090,1310,2732,-1422
107900091,217,419,-202
107900092,2120,485,1635
107900093,80,71,9
107900095,3168,2195,973
107900097,28,71,-43
107900098,81,213,-132
107900100,1078,1428,-350
107900101,893,217,676
107900102,47,12,35
107900103,62,189,-127
107900104,270,9,261
107900105,1,383,-382
107900106,3,1040,-1037
107900107,2132,608,1524
107900108,269,159,110
107900109,1381,18,1363
107900110,89,139,-50
107900111,8,773,-765
107900112,109,400,-291
107900113,249,99,150
107900114,186,167,19
107900115,6,30,-24
107900116,195,210,-15
107900117,357,355,2
107900118,78,186,-108
107900119,96,380,-284
107900120,23,28,-5
107900121,4,138,-134
107900122,4,95,-91
107900123,8,42,-34
107900124,11,47,-36
107900125,47,197,-150
107900126,10,74,-64
107900127,690,386,304
107900128,94,89,5
107900129,95,41,54
107900130,58,35,23
107900131,826,362,464
107900132,127,365,-238
107900133,1,109,-108
107900134,46,91,-45
107900135,11,168,-157
107900136,41,48,-7
107900137,137,126,11
107900138,89,93,-4
107900139,37,86,-49
107900140,119,61,58
107900141,57,44,13
107900142,48,845,-797
107900143,155,46,109
107900144,9,155,-146
107900145,15,98,-83
107900146,86,123,-37
107900147,70,54,16
107900148,187,131,56
107900149,955,226,729
107900150,77,693,-616
107900151,77,110,-33
107900152,14,173,-159
107900153,133,311,-178
107900154,93,23,70
107900155,122,57,65
107900156,10,256,-246
107900157,42,66,-24
107900158,1058,42,1016
107900159,28,808,-780
107900160,125,178,-53
107900161,25,160,-135
107900162,6,126,-120
107900163,117,324,-207
107900164,21,49,-28
107900165,28,108,-80
107900166,12,172,-160
107900167,27,67,-40
107900168,43,42,1
107900169,1,214,-213
107900171,3,1272,-1269
107900172,1,360,-359
107900173,12,149,-137
107900174,141,10,131
107900175,47,49,-2
107900176,33,43,-10
107900177,6,295,-289
107900178,1,165,-164
107900179,13,123,-110
107900180,638,738,-100
107900181,649,308,341
107900182,2,1029,-1027
107900183,78,204,-126
107900184,144,267,-123
107900185,107,3,104
107900186,24,51,-27
107900187,0,189,-189
107900188,641,143,498
107900189,18,121,-103
107900190,77,187,-110
107900191,67,115,-48
107900193,5,55,-50
107900194,247,15,232
107900195,2447,450,1997
107900196,115,132,-17
107900197,920,521,399
107900199,5,840,-835
107900201,82,98,-16
107900203,50,112,-62
107900204,196,241,-45
107900205,206,419,-213
107900206,1021,381,640
107900207,2,566,-564
107900208,7,563,-556
107900209,361,127,234
107900210,65,138,-73
107900213,834,671,163
107900214,47,106,-59
107900215,123,413,-290
107900216,179,85,94
107900217,68,123,-55
107900218,20,2080,-2060
107900219,33,113,-80
107900220,239,255,-16
107900221,215,211,4
107900223,106,641,-535
107900224,139,572,-433
107900225,7,660,-653
107900226,84,86,-2
107900227,124,399,-275
107900228,12,100,-88
107900229,0,243,-243
107900230,14,99,-85
107900231,17,224,-207
107900232,90,94,-4
107900233,7,131,-124
107900234,82,115,-33
107900235,34,131,-97
107900236,102,67,35
107900237,70,507,-437
107900238,36,90,-54
107900239,741,628,113
107900240,83,105,-22
107900241,14,75,-61
107900242,37,208,-171
107900243,4,69,-65
107900244,388,16,372
107900245,624,57,567
107900246,358,18,340
107900248,396,355,41
107900249,757,24,733
107900250,3,463,-460
107900251,134,1454,-1320
107900252,1161,41,1120
107900253,184,4,180
107900254,53,523,-470
107900255,388,102,286
107900256,2390,2513,-123
107900257,281,151,130
107900258,129,207,-78
107900259,100,2231,-2131
107900261,4,301,-297
107900262,256,123,133
107900264,344,9,335
107900265,192,173,19
107900267,285,18,267
107900268,21,5,16
107900269,0,7,-7
107900270,0,0,0
107900271,4,17,-13
107900272,112,30,82
107900273,57,38,19
107900274,65,0,65
107900275,19,0,19
107900276,2,86,-84
107900277,2,189,-187
107900278,355,434,-79
107900279,87,195,-108
107900280,2381,2171,210
107900281,1575,3040,-1465
107900282,71,584,-513
107900283,1104,709,395
107900284,568,514,54
107900285,126,89,37
107900286,132,73,59
107900287,239,207,32
107900290,2,145,-143
107900291,507,31,476
107900292,118,200,-82
107900293,68,387,-319
107900295,66,46,20
107900297,0,338,-338
107900298,709,826,-117
107900299,3092,2600,492
107900300,80,326,-246
107900301,718,880,-162
107900302,144,79,65
107900303,251,294,-43
107900304,341,470,-129
107900305,353,13,340
107900306,15,34,-19
107900307,45,287,-242
107900308,185,146,39
107900309,68,1,67
107900310,510,7,503
107900311,1,396,-395
107900312,82,0,82
107900313,1,142,-141
107900314,0,51,-51
107900315,0,73,-73
107900316,65,2,63
107900317,110,13,97
107900318,15,161,-146
107900319,3,163,-160
107900320,1,156,-155
107900321,189,4,185
107900322,0,136,-136
107900323,10,177,-167
107900324,204,5,199
107900325,146,0,146
107900326,363,246,117
107900327,1,70,-69
107900328,113,1,112
107900329,123,118,5
107900330,17,308,-291
107900331,243,27,216
107900332,318,29,289
107900333,75,22,53
107900334,29,173,-144
107900335,118,39,79
107900336,79,87,-8
107900337,1089,1000,89
107900338,5,162,-157
107900339,2,30,-28
107900340,1,66,-65
107900341,81,0,81
107900342,167,155,12
107900343,75,2,73
107900344,14,60,-46
107900345,146,33,113
107900346,27,0,27
107900347,39,4,35
107900348,12,5,7
107900349,9,15,-6
107900350,32,230,-198
107900351,0,44,-44
108000001,3270,4260,-990
108000002,2177,2798,-621
108000003,4247,3949,298
108000004,13067,15779,-2712
108000005,9984,7350,2634
108000006,8681,8232,449
108000007,5996,4630,1366
108000008,4892,6534,-1642
108000009,4376,5159,-783
108000010,3280,4445,-1165
108000011,14214,14211,3
108000012,18039,16875,1164
108000014,1105,796,309
108000015,760,336,424
108000016,330,565,-235
108000017,1217,482,735
108000018,2311,768,1543
108000019,2853,947,1906
108000020,1570,635,935
108000021,389,1801,-1412
108000022,476,1319,-843
108000023,1519,255,1264
108000024,368,510,-142
108000025,304,255,49
108000026,700,466,234
108000027,916,473,443
108000028,646,319,327
108000029,702,551,151
108000030,732,277,455
108000031,265,700,-435
108000032,1758,824,934
108000033,831,1155,-324
108000034,1849,649,1200
108000035,807,2339,-1532
108000036,397,1016,-619
108000037,1882,668,1214
108000038,2863,777,2086
108000039,513,1897,-1384
108000040,2172,1160,1012
108000041,722,2455,-1733
108000042,368,269,99
108000043,284,337,-53
108000044,624,206,418
108000045,289,517,-228
108000046,1652,369,1283
108000047,565,998,-433
108000048,228,368,-140
108000049,1271,287,984
108000050,103,412,-309
108000051,417,176,241
108000052,246,613,-367
108000053,398,267,131
108000054,565,1134,-569
108000055,1234,665,569
108000056,1054,1414,-360
108000057,706,1532,-826
108000058,2289,4322,-2033
108000059,3320,2135,1185
108000060,255,473,-218
108000061,158,274,-116
108000062,938,663,275
108000063,653,524,129
108000064,283,337,-54
108000065,586,520,66
108000066,1577,847,730
108000067,1924,697,1227
108000068,889,402,487
108000069,207,900,-693
108000070,2230,911,1319
108000071,772,1503,-731
108000072,1870,1501,369
108000073,1378,1761,-383
108000074,813,451,362
108000075,444,878,-434
108000076,922,769,153
108000077,599,776,-177
108000078,2635,1562,1073
108000079,896,1609,-713
108000080,1512,616,896
108000081,668,1591,-923
108000082,1030,1899,-869
108000083,2002,1172,830
108000084,378,1218,-840
108000085,931,534,397
108000086,916,755,161
108000087,213,2252,-2039
108000088,220,14,206
108000089,420,447,-27
108000090,471,241,230
108000091,418,525,-107
108000092,157,72,85
108000093,210,525,-315
108000094,548,111,437
108000095,163,319,-156
108000096,377,177,200
108000097,182,398,-216
108000098,2047,1452,595
108000099,306,86,220
108000100,89,250,-161
108000101,1584,1808,-224
108000102,1964,3829,-1865
108000106,1214,1,1213
108000107,2,820,-818
108000108,853,56,797
108000109,6,712,-706
108000110,198,293,-95
108000111,216,616,-400
108000112,76,158,-82
108000113,468,281,187
108000115,355,327,28
108000117,765,445,320
108000118,119,259,-140
108000119,700,382,318
108000120,172,854,-682
108000121,225,434,-209
108000122,721,342,379
108000123,1573,211,1362
108000124,693,499,194
108000125,561,347,214
108000126,240,416,-176
108000127,638,470,168
108000128,676,499,177
108000129,540,988,-448
108000130,700,293,407
108000131,966,665,301
108000132,1852,1441,411
108000133,948,655,293
108000134,508,557,-49
108000135,1219,542,677
108000136,390,855,-465
108000137,503,352,151
108000138,511,880,-369
108000139,630,343,287
108000140,153,31,122
108000141,63,106,-43
108000142,68,109,-41
108000143,25,34,-9
108000144,45,12,33
108000145,59,24,35
108000146,57,12,45
108000147,37,17,20
108000148,57,25,32
108000149,26,15,11
108000150,30,9,21
108000151,22,11,11
108000152,138,497,-359
108000153,550,176,374
108000154,47,13,34
108000155,31,24,7
108000156,353,116,237
108000157,490,1119,-629
108000158,103,988,-885
108000159,541,255,286
108000160,3053,1308,1745
108000161,2819,3097,-278
108000165,9,275,-266
108000172,18,322,-304
108000173,1888,2331,-443
108000175,333,125,208
108000178,384,346,38
108000179,183,1036,-853
108000181,104,54,50
108000182,104,25,79
108000183,43,16,27
108000184,1008,2562,-1554
108000185,363,552,-189
108000186,216,51,165
108000187,154,538,-384
108000188,714,260,454
108000189,688,1511,-823
108000190,36,142,-106
108000192,195,559,-364
108000193,1023,49,974
108000194,48,9,39
108000195,3,977,-974
108000196,813,201,612
108000198,541,281,260
108000199,1,208,-207
108000200,518,473,45
108000202,0,278,-278
108000203,146,753,-607
108000204,183,87,96
108000205,336,422,-86
108000339,1641,440,1201
108000364,137,313,-176
108000365,75,304,-229
108000367,181,368,-187
108000368,4,46,-42
108000369,999,253,746
108000371,3,593,-590
108000372,768,1,767
108000373,307,164,143
108000376,117,34,83
108000377,458,258,200
108000378,10373,11728,-1355
108000379,46,214,-168
108000381,64,18,46
108000382,120,9,111
108000383,1,175,-174
108900001,94,1071,-977
108900002,196,58,138
108900003,335,686,-351
108900004,534,453,81
108900005,103,478,-375
108900006,861,234,627
108900007,335,264,71
108900008,138,159,-21
108900009,96,145,-49
108900010,283,175,108
108900011,658,402,256
108900012,423,415,8
108900013,231,279,-48
108900014,14,127,-113
108900015,0,44,-44
108900016,0,212,-212
108900017,377,528,-151
108900018,186,452,-266
108900019,42,664,-622
108900020,61,262,-201
108900021,124,260,-136
108900022,175,26,149
108900023,1,46,-45
108900024,34,122,-88
108900025,117,173,-56
108900026,18,119,-101
108900027,0,71,-71
108900028,83,345,-262
108900029,102,223,-121
108900030,0,94,-94
108900031,123,344,-221
108900032,19,203,-184
108900033,0,75,-75
108900034,2,154,-152
108900035,444,1239,-795
108900036,225,302,-77
108900037,84,335,-251
108900038,3,299,-296
108900039,4,417,-413
108900040,8,82,-74
108900041,5504,3505,1999
108900042,1,377,-376
108900043,98,518,-420
108900044,3,464,-461
108900045,87,404,-317
108900046,68,635,-567
108900047,2,134,-132
108900048,133,844,-711
108900049,2932,1457,1475
108900050,1,214,-213
108900051,1,162,-161
108900052,37,213,-176
108900053,80,218,-138
108900054,100,229,-129
108900055,43,373,-330
108900056,1,123,-122
108900057,4,135,-131
108900058,42,345,-303
108900059,513,42,471
108900060,108,142,-34
108900061,64,41,23
108900062,6,252,-246
108900063,15,252,-237
108900064,253,90,163
108900065,17,167,-150
108900066,439,130,309
108900067,19,188,-169
108900068,10,126,-116
108900069,101,113,-12
108900070,40,90,-50
108900071,132,68,64
108900072,2236,746,1490
108900073,40,332,-292
108900074,236,381,-145
108900075,51,53,-2
108900076,388,86,302
108900077,136,428,-292
108900078,36,136,-100
108900079,808,196,612
108900080,37,944,-907
108900081,77,223,-146
108900082,83,102,-19
108900083,31,311,-280
108900084,421,137,284
108900085,2286,215,2071
108900086,152,207,-55
108900087,118,198,-80
108900088,1065,484,581
108900089,20,183,-163
108900090,45,287,-242
108900091,130,96,34
108900092,561,390,171
108900093,148,139,9
108900094,249,78,171
108900095,43,331,-288
108900096,355,19,336
108900097,361,216,145
108900098,2006,859,1147
108900099,455,244,211
108900100,119,135,-16
108900101,225,223,2
108900102,133,1244,-1111
108900103,142,139,3
108900104,157,394,-237
108900105,6,1275,-1269
108900106,521,343,178
108900108,453,59,394
108900109,466,82,384
108900110,324,370,-46
108900111,535,516,19
108900112,343,37,306
108900113,41,75,-34
108900114,72,16,56
108900115,103,107,-4
108900116,144,28,116
108900117,185,27,158
108900118,657,30,627
108900119,280,23,257
108900120,262,183,79
108900121,326,221,105
108900122,161,27,134
108900123,150,126,24
108900124,551,285,266
108900125,459,13,446
108900126,140,38,102
108900127,229,32,197
108900128,138,34,104
108900129,840,168,672
108900130,410,4,406
108900131,459,8,451
108900132,527,47,480
108900133,250,97,153
108900134,382,292,90
108900135,167,15,152
108900136,56,0,56
108900137,177,2,175
108900138,839,48,791
108900139,547,106,441
108900140,363,312,51
108900141,426,12,414
108900142,118,8,110
108900143,80,1,79
108900144,101,0,101
108900145,189,6,183
108900146,107,0,107
108900147,252,0,252
108900148,54,27,27
108900149,732,387,345
108900150,336,11,325
108900151,229,1,228
108900152,218,7,211
108900153,198,327,-129
108900154,5528,518,5010
108900155,307,150,157
108900156,88,9,79
108900157,49,432,-383
108900158,522,48,474
108900159,3,192,-189
108900160,17,276,-259
108900161,12,365,-353
108900162,114,3,111
108900163,9,300,-291
108900164,45,112,-67
108900165,139,135,4
108900167,1674,7445,-5771
108900168,7511,2931,4580
108900169,82,115,-33
108900171,6910,3423,3487
108900172,247,85,162
108900173,216,390,-174
108900174,1034,793,241
108900176,136,487,-351
108900177,5848,6861,-1013
108900178,3829,3753,76
108900179,689,1924,-1235
108900180,161,304,-143
108900182,57,341,-284
108900183,233,252,-19
108900184,512,288,224
108900185,175,490,-315
108900186,90,427,-337
108900187,458,63,395
108900188,695,64,631
108900189,505,213,292
108900190,55,2667,-2612
108900191,248,70,178
108900192,107,234,-127
108900193,191,59,132
108900194,18,382,-364
108900195,208,288,-80
108900196,33,332,-299
108900198,7,388,-381
108900199,294,359,-65
108900200,746,449,297
108900201,543,1516,-973
108900203,604,107,497
108900204,545,24,521
108900205,212,32,180
108900206,553,85,468
108900207,171,88,83
108900208,14,337,-323
108900209,256,610,-354
108900210,189,229,-40
108900211,229,662,-433
108900212,687,1742,-1055
108900215,98,389,-291
108900216,567,184,383
108900217,141,5,136
108900218,166,19,147
108900219,123,9,114
108900220,69,30,39
108900221,41,154,-113
108900222,324,34,290
108900223,4,149,-145
108900224,41,200,-159
108900225,5,166,-161
108900226,332,30,302
108900227,147,448,-301
108900230,251,310,-59
108900231,29,212,-183
108900232,2,215,-213
108900233,421,116,305
108900234,437,217,220
108900235,182,689,-507
108900236,58,361,-303
108900237,92,215,-123
108900240,173,141,32
108900241,40,77,-37
108900245,12,1557,-1545
108900249,129,48,81
108900250,381,211,170
108900257,292,442,-150
108900258,14,225,-211
108900259,325,84,241
108900260,20,102,-82
108900261,77,146,-69
108900262,168,159,9
108900263,45,156,-111
108900264,532,314,218
108900265,1309,514,795
108900266,722,714,8
108900267,6,145,-139
108900268,8,14,-6
108900269,108,14,94
108900270,122,16,106
108900271,84,14,70
108900272,272,14,258
108900273,857,1146,-289
108900274,59,58,1
109000001,3145,1752,1393
109000002,1684,1608,76
109000003,2898,503,2395
109000004,541,2127,-1586
109000005,2721,720,2001
109000006,734,2111,-1377
109000007,1790,703,1087
109000008,554,1749,-1195
109000009,4357,1587,2770
109000010,1514,3728,-2214
109000011,3731,2508,1223
109000012,2151,3314,-1163
109000013,4085,3503,582
109000014,2035,3128,-1093
109000015,4253,8045,-3792
109000016,6448,3602,2846
109000017,2654,1333,1321
109000018,966,2959,-1993
109000019,2952,1538,1414
109000020,1024,2158,-1134
109000023,323,33,290
109000024,6,194,-188
109000025,357,441,-84
109000026,667,329,338
109000027,108,327,-219
109000028,118,107,11
109000029,117,163,-46
109000030,77,578,-501
109000031,280,267,13
109000032,159,532,-373
109000033,357,217,140
109000034,75,63,12
109000035,16,78,-62
109000036,152,379,-227
109000037,287,1377,-1090
109000038,594,515,79
109000039,1095,886,209
109000040,4882,9865,-4983
109000041,3203,2107,1096
109000042,590,1354,-764
109000044,465,84,381
109000045,162,373,-211
109000046,414,86,328
109000047,77,515,-438
109000048,984,356,628
109000049,343,715,-372
109000050,455,320,135
109000051,301,299,2
109000052,532,942,-410
109000053,276,82,194
109000054,610,586,24
109000055,360,355,5
109000056,425,666,-241
109000057,882,566,316
109000058,991,356,635
109000059,925,1537,-612
109000060,407,352,55
109000061,898,1372,-474
109000062,221,399,-178
109000063,253,212,41
109000064,488,222,266
109000065,167,207,-40
109000066,496,114,382
109000067,109,319,-210
109000068,2480,30,2450
109000069,1269,41,1228
109000070,14,1245,-1231
109000071,503,90,413
109000072,138,327,-189
109000073,66,112,-46
109000074,21,224,-203
109000075,102,388,-286
109000076,135,269,-134
109000077,379,257,122
109000078,89,179,-90
109000079,172,172,0
109000080,229,98,131
109000081,118,482,-364
109000082,685,216,469
109000083,306,719,-413
109000088,140,564,-424
109000089,335,73,262
109000090,145,399,-254
109000091,368,244,124
109000092,372,500,-128
109000093,240,263,-23
109000094,610,3,607
109000095,90,341,-251
109000096,764,358,406
109000097,108,163,-55
109000098,45,142,-97
109000099,1123,358,765
109000100,256,590,-334
109000101,1927,789,1138
109000102,428,819,-391
109000103,519,642,-123
109000104,1969,577,1392
109000105,508,1284,-776
109000106,2346,1012,1334
109000107,705,2186,-1481
109000108,1955,692,1263
109000109,510,1821,-1311
109000110,1586,725,861
109000111,1124,2170,-1046
109000112,552,165,387
109000113,490,239,251
109000114,244,419,-175
109000115,1409,42,1367
109000116,10,281,-271
109000117,243,79,164
109000118,12,338,-326
109000119,1825,275,1550
109000120,226,908,-682
109000121,607,64,543
109000122,115,819,-704
109000123,35,62,-27
109000124,657,483,174
109000125,863,408,455
109000126,475,860,-385
109000127,974,271,703
109000128,493,1416,-923
109000129,2702,1020,1682
109000130,714,1779,-1065
109000131,1086,681,405
109000132,812,1823,-1011
109000133,420,983,-563
109000134,908,1406,-498
109000135,1432,1846,-414
109000136,336,319,17
109000137,336,432,-96
109000138,605,331,274
109000139,688,501,187
109000140,204,436,-232
109000141,620,488,132
109000142,151,542,-391
109000143,146,113,33
109000145,167,243,-76
109000146,84,183,-99
109000148,3580,2155,1425
109000149,26,53,-27
109000150,84,358,-274
109000155,949,689,260
109000156,1080,727,353
109000158,203,300,-97
109000159,194,609,-415
109000160,1091,266,825
109000161,391,1130,-739
109000162,2156,797,1359
109000163,1221,1891,-670
109000164,1429,2600,-1171
109000165,1333,617,716
109000166,817,131,686
109000167,127,589,-462
109000170,50,76,-26
109000171,75,54,21
109000172,50,70,-20
109000173,49,116,-67
109000174,131,65,66
109000175,57,114,-57
109000176,383,292,91
109000177,39,129,-90
109000178,917,478,439
109000179,5142,5977,-835
109000180,5400,4163,1237
109000181,13,19,-6
109000182,44,26,18
109000183,49,21,28
109000184,46,13,33
109000185,29,60,-31
109000188,530,1884,-1354
109000189,2579,1131,1448
109000190,748,480,268
109000191,451,521,-70
109000192,502,305,197
109000193,219,300,-81
109000194,300,157,143
109000195,210,339,-129
109000196,397,135,262
109000197,243,434,-191
109000198,457,91,366
109000199,173,473,-300
109000206,216,44,172
109000207,110,53,57
109000208,87,86,1
109000209,213,132,81
109000210,193,608,-415
109000211,768,473,295
109000214,465,372,93
109000215,180,77,103
109000216,319,313,6
109000217,326,150,176
109000218,382,232,150
109000221,479,1057,-578
109000222,1017,346,671
109000223,399,369,30
109000224,50,140,-90
109000225,86,27,59
109000226,79,237,-158
109000227,1326,1143,183
109000228,1,938,-937
109000231,15,292,-277
109000232,374,260,114
109000236,310,715,-405
109000241,2405,2144,261
109000242,2199,1421,778
109000293,33,100,-67
109000361,157,352,-195
109000364,576,601,-25
109000396,6,487,-481
109000397,653,11,642
109000399,123,469,-346
109000400,88,207,-119
109000403,137,1051,-914
109000406,299,3,296
109000407,294,220,74
109000408,1,368,-367
109000410,1223,308,915
109000411,242,23,219
109900001,123,1,122
109900002,891,29,862
109900003,304,0,304
109900004,939,178,761
109900005,42,10,32
109900006,592,261,331
109900007,949,529,420
109900008,0,77,-77
109900009,148,618,-470
109900010,693,42,651
109900011,126,63,63
109900012,386,270,116
109900013,390,238,152
109900014,517,85,432
109900015,519,257,262
109900016,199,31,168
109900017,259,354,-95
109900018,299,64,235
109900019,540,59,481
109900020,36,46,-10
109900021,25,23,2
109900022,182,218,-36
109900023,38,10,28
109900024,39,9,30
109900025,30,54,-24
109900026,2,184,-182
109900027,78,59,19
109900028,1368,1092,276
109900029,3,283,-280
109900030,50,26,24
109900031,2,92,-90
109900032,9,376,-367
109900033,1,487,-486
109900034,39,7,32
109900035,16,21,-5
109900036,21,67,-46
109900037,22,488,-466
109900038,172,273,-101
109900039,24,0,24
109900040,26,485,-459
109900041,73,381,-308
109900042,116,1180,-1064
109900044,164,271,-107
109900045,135,74,61
109900046,47,94,-47
109900047,405,413,-8
109900048,3,90,-87
109900049,21,35,-14
109900050,2,167,-165
109900051,1,56,-55
109900052,156,342,-186
109900053,2,262,-260
109900054,747,291,456
109900055,68,263,-195
109900056,28,281,-253
109900057,4,150,-146
109900058,0,90,-90
109900059,826,163,663
109900060,443,146,297
109900061,81,318,-237
109900062,1,185,-184
109900063,17,567,-550
109900064,530,255,275
109900065,118,136,-18
109900066,420,860,-440
109900067,2,212,-210
109900068,92,6,86
109900069,5,43,-38
109900070,33,387,-354
109900071,3,69,-66
109900072,20,165,-145
109900073,495,478,17
109900074,3,40,-37
109900075,33,39,-6
109900076,46,214,-168
109900077,50,61,-11
109900078,92,251,-159
109900080,104,379,-275
109900081,52,282,-230
109900082,47,341,-294
109900083,27,112,-85
109900084,73,223,-150
109900085,207,654,-447
109900086,137,473,-336
109900087,356,739,-383
109900089,813,275,538
109900090,618,1091,-473
109900091,391,107,284
109900092,1580,40,1540
109900093,1249,206,1043
109900094,99,116,-17
109900095,205,250,-45
109900096,26,10,16
109900097,97,0,97
109900098,494,48,446
109900099,231,2,229
109900100,46,0,46
109900101,502,13,489
109900102,596,17,579
109900103,22,49,-27
109900104,680,715,-35
109900105,550,35,515
109900106,623,111,512
109900107,924,126,798
109900108,196,372,-176
109900109,65,172,-107
109900110,89,402,-313
109900111,406,849,-443
109900112,391,570,-179
109900113,905,716,189
109900114,1387,1430,-43
109900115,184,116,68
109900117,1275,208,1067
109900118,364,591,-227
109900119,735,538,197
109900120,119,25,94
109900121,534,599,-65
109900122,489,15,474
109900123,33,153,-120
109900124,52,415,-363
109900125,1,166,-165
109900126,279,116,163
109900128,368,58,310
109900130,6808,2595,4213
109900131,52,149,-97
109900132,35,141,-106
109900133,89,296,-207
109900134,102,112,-10
109900135,332,81,251
109900136,79,160,-81
109900137,170,315,-145
109900140,344,186,158
109900142,1542,309,1233
109900145,6,583,-577
109900146,521,59,462
109900148,32,92,-60
109900149,33,76,-43
109900150,8,82,-74
109900151,10,60,-50
109900152,0,38,-38
109900153,1,63,-62
109900154,171,1,170
109900155,85,34,51
109900157,73,301,-228
109900158,44,178,-134
109900159,213,61,152
109900160,213,86,127
109900161,267,119,148
109900162,267,154,113
109900163,770,393,377
109900164,83,139,-56
109900165,317,7,310
109900166,4,158,-154
109900167,189,595,-406
109900168,206,680,-474
109900169,289,187,102
109900170,247,971,-724
109900171,206,115,91
109900172,337,318,19
109900173,2873,2698,175
109900174,70,124,-54
109900175,79,90,-11
109900176,160,161,-1
109900177,76,230,-154
109900178,14,237,-223
109900179,116,30,86
109900180,7,15,-8
110000001,974,436,538
110000002,721,828,-107
110000003,1059,694,365
110000004,547,807,-260
110000005,528,1837,-1309
110000006,332,383,-51
110000007,112,152,-40
110000008,22,66,-44
110000009,36,34,2
110000010,45,73,-28
110000011,59,66,-7
110000012,581,377,204
110000013,43,554,-511
110000014,612,442,170
110000015,335,791,-456
110000016,230,1830,-1600
110000017,3443,336,3107
110000018,2717,423,2294
110000019,11,124,-113
110000020,584,254,330
110000021,594,545,49
110000022,1127,300,827
110000023,11,167,-156
110000024,635,415,220
110000025,439,14,425
110000026,6,380,-374
110000027,1392,1168,224
110000028,914,722,192
110000029,665,629,36
110000030,289,458,-169
110000031,300,473,-173
110000032,853,469,384
110000033,398,178,220
110000034,542,895,-353
110000035,1092,712,380
110000036,1023,1033,-10
110000037,312,660,-348
110000038,300,753,-453
110000039,685,3395,-2710
110000040,293,359,-66
110000041,316,1583,-1267
110000042,145,707,-562
110000043,1036,309,727
110000044,312,1069,-757
110000045,1883,176,1707
110000046,11,33,-22
110000047,29,84,-55
110000048,12,46,-34
110000049,53,18,35
110000050,5,80,-75
110000051,42,7,35
110000052,26,32,-6
110000053,233,32,201
110000054,223,318,-95
110000055,563,80,483
110000056,255,108,147
110000057,390,524,-134
110000058,1300,682,618
110000059,1121,545,576
110000060,1008,1199,-191
110000061,1071,790,281
110000062,746,957,-211
110000063,41,124,-83
110000064,78,82,-4
110000065,81,87,-6
110000066,83,33,50
110000067,111,227,-116
110000068,392,247,145
110000069,320,127,193
110000071,198,153,45
110000073,9,19,-10
110000075,16,96,-80
110000076,321,470,-149
110000077,474,1622,-1148
110000078,69,59,10
110000080,292,764,-472
110000081,50,333,-283
110000082,41,467,-426
110000083,273,688,-415
110000084,1430,978,452
110000085,2077,1976,101
110000086,1584,2855,-1271
110000087,17,50,-33
110000088,113,257,-144
110000089,320,132,188
110000090,303,253,50
110000091,1083,275,808
110000092,25,68,-43
110000093,95,19,76
110000094,613,305,308
110000095,275,648,-373
110000096,2231,2156,75
110000097,1246,1344,-98
110000098,2479,724,1755
110000099,852,1621,-769
110000100,1150,528,622
110000101,22,330,-308
110000102,80,34,46
110000104,526,130,396
110000105,79,306,-227
110000106,682,541,141
110000107,302,457,-155
110000108,132,86,46
110000109,367,277,90
110000110,3450,5547,-2097
110000111,7297,3492,3805
110000112,1550,1785,-235
110000113,421,2795,-2374
110000114,224,696,-472
110000115,435,376,59
110000116,48,55,-7
110000117,215,324,-109
110000118,407,196,211
110000119,287,339,-52
110000120,431,181,250
110000121,98,489,-391
110000122,429,707,-278
110000123,664,885,-221
110000124,2,942,-940
110000125,1106,18,1088
110000126,331,25,306
110000127,1443,94,1349
110000128,57,1352,-1295
110000129,5,484,-479
110000130,287,256,31
110000131,218,305,-87
110000132,1,601,-600
110000133,48,539,-491
110000134,29,372,-343
110000135,199,34,165
110000136,104,276,-172
110000137,563,652,-89
110000138,897,659,238
110000139,912,1155,-243
110000140,1091,853,238
110000143,698,497,201
110000144,5952,2328,3624
110000145,2447,1418,1029
110000146,3179,1093,2086
110000147,587,775,-188
110000148,665,328,337
110000151,1311,1376,-65
110000152,915,424,491
110000153,140,47,93
110000154,57,65,-8
110000155,2054,5250,-3196
110000156,1119,3080,-1961
110000157,2727,2719,8
110000160,580,283,297
110000161,281,372,-91
110000166,742,133,609
110000167,1141,591,550
110000168,1202,596,606
110000169,1048,402,646
110000170,122,97,25
110000171,677,190,487
110000172,179,778,-599
110000173,999,1103,-104
110000174,204,799,-595
110000175,692,66,626
110000176,270,333,-63
110000177,214,914,-700
110000178,526,1657,-1131
110000179,1300,383,917
110000180,201,264,-63
110000181,535,562,-27
110000182,368,166,202
110000183,9495,7732,1763
110000184,339,2599,-2260
110000185,1733,980,753
110000186,962,969,-7
110000191,1052,349,703
110000192,803,20,783
110000193,1428,12,1416
110000194,12,1101,-1089
110000195,524,341,183
110000196,481,392,89
110000197,154,203,-49
110000198,322,71,251
110000199,185,133,52
110000200,1612,638,974
110000201,1171,1165,6
110000202,1531,674,857
110000203,691,740,-49
110000204,9,217,-208
110000205,162,98,64
110000206,626,1204,-578
110000207,1095,430,665
110000208,335,276,59
110000209,157,1196,-1039
110000210,1324,532,792
110000211,1191,925,266
110000212,557,1261,-704
110000213,220,159,61
110000214,298,162,136
110000215,229,365,-136
110000216,109,353,-244
110000217,288,177,111
110000218,182,324,-142
110000219,341,104,237
110000220,83,312,-229
110000221,358,106,252
110000222,87,236,-149
110000223,7,188,-181
110000224,63,13,50
110000225,370,814,-444
110000226,257,59,198
110000227,982,923,59
110000228,285,198,87
110000229,1,227,-226
110000230,867,866,1
110000231,248,254,-6
110000232,346,260,86
110000233,352,269,83
110000234,1058,1420,-362
110000235,1248,1369,-121
110000236,775,754,21
110000237,2960,1635,1325
110000238,1600,1747,-147
110000239,2312,1351,961
110000240,0,104,-104
110000242,0,25,-25
110000243,132,121,11
110000244,198,594,-396
110000245,54,475,-421
110000246,1058,636,422
110000247,1314,5293,-3979
110000248,2241,1801,440
110000249,61,12,49
110000250,87,234,-147
110000251,423,581,-158
110000252,353,242,111
110000253,1645,724,921
110000254,766,1676,-910
110000255,339,1240,-901
110000256,598,329,269
110000257,887,554,333
110000258,8,420,-412
110000259,126,27,99
110000260,23,285,-262
110000263,556,101,455
110000264,384,488,-104
110000265,1228,2163,-935
110000266,2484,3465,-981
110000267,31,209,-178
110000268,361,533,-172
110000269,6,105,-99
110000270,101,9,92
110000271,1456,294,1162
110000272,1292,1260,32
110000273,4299,2060,2239
110000274,234,1571,-1337
110000275,2076,660,1416
110000276,509,377,132
110000277,325,398,-73
110000278,513,875,-362
110000279,1051,870,181
110000280,563,555,8
110000281,58,451,-393
110000282,328,42,286
110000283,60,133,-73
110000284,52,47,5
110000285,4,912,-908
110000286,21,0,21
110000287,69,1,68
110000288,2,142,-140
110000289,571,2201,-1630
110000290,897,588,309
110000291,5134,1410,3724
110000292,1546,4965,-3419
110000293,647,673,-26
110000294,1041,1381,-340
110000295,184,870,-686
110000296,479,327,152
110000297,2796,297,2499
110000298,255,582,-327
110000299,261,128,133
110000301,501,40,461
110000302,667,999,-332
110000303,633,7,626
110000304,228,280,-52
110000305,1527,33,1494
110000306,195,1275,-1080
110000307,1827,9,1818
110000308,718,16,702
110000309,11,840,-829
110000310,805,63,742
110000311,12,683,-671
110000312,561,135,426
110000313,2948,3393,-445
110000314,7,246,-239
110000315,3535,3303,232
110000316,607,1538,-931
110000317,537,726,-189
110000318,5,68,-63
110000319,42,22,20
110000320,44,58,-14
110000321,30,59,-29
110000322,347,360,-13
110000323,430,226,204
110000324,3826,2041,1785
110000325,3033,3634,-601
110000327,605,384,221
110000328,246,511,-265
110000333,1188,816,372
110000334,1128,1527,-399
110000335,1444,660,784
110000336,896,1117,-221
110000337,1672,770,902
110000338,621,270,351
110000339,375,262,113
110000340,278,228,50
110000341,566,588,-22
110000342,611,10,601
110000343,0,30,-30
110000344,630,209,421
110000345,587,265,322
110000346,2737,2119,618
110000347,1278,805,473
110000348,18,16,2
110000349,5,13,-8
110000350,49,6,43
110000351,1130,864,266
110000352,772,1699,-927
110000353,3044,786,2258
110000354,1206,3645,-2439
110000355,137,87,50
110000356,1085,10,1075
110000357,388,15,373
110000361,57,59,-2
110000362,97,99,-2
110000363,451,171,280
110000364,263,412,-149
110000365,199,3,196
110000366,1,92,-91
110000367,511,194,317
110000368,4,62,-58
110000369,137,2,135
110000373,13,276,-263
110000374,240,17,223
110000375,95,1174,-1079
110000376,29,109,-80
110000377,110,501,-391
110000378,17,401,-384
110000379,2831,2110,721
110000380,85,22,63
110000383,2,1272,-1270
110000384,2298,1285,1013
110000385,4,239,-235
110000387,94,11,83
110000388,65,242,-177
110000389,842,5,837
110000391,864,433,431
110000396,241,161,80
110000397,182,227,-45
110000398,5,46,-41
110000399,178,1,177
110000587,179,84,95
110000589,264,203,61
110000640,163,82,81
110000652,34,338,-304
110000653,352,419,-67
110000654,74,208,-134
110000656,0,661,-661
110000674,38,30,8
110000675,42,41,1
110000676,14,45,-31
110000679,384,1456,-1072
110000682,147,267,-120
110000683,426,524,-98
110000684,9,59,-50
110000685,12,8,4
110000686,2,43,-41
110000687,85,8,77
110000688,74,1070,-996
110000689,32,31,1
110000692,69,202,-133
110000693,104,403,-299
110000694,0,162,-162
110000695,236,697,-461
110000696,87,80,7
110900001,324,24,300
110900002,533,243,290
110900003,857,634,223
110900004,512,221,291
110900005,2424,2453,-29
110900006,47,22,25
110900007,165,40,125
110900008,9,32,-23
110900009,501,138,363
110900010,16,73,-57
110900011,23,84,-61
110900012,16,73,-57
110900013,1376,166,1210
110900014,285,13,272
110900015,622,892,-270
110900016,77,146,-69
110900017,575,30,545
110900018,588,69,519
110900019,225,28,197
110900020,161,224,-63
110900021,131,642,-511
110900022,121,315,-194
110900023,128,522,-394
110900024,35,378,-343
110900025,4,61,-57
110900027,72,292,-220
110900028,52,167,-115
110900029,16,349,-333
110900030,55,245,-190
110900031,0,164,-164
110900032,1,67,-66
110900033,50,237,-187
110900035,36,503,-467
110900036,104,16,88
110900037,70,31,39
110900038,1084,253,831
110900039,17,279,-262
110900040,259,44,215
110900041,21,103,-82
110900042,138,57,81
110900043,4,146,-142
110900044,246,27,219
110900045,69,370,-301
110900046,49,291,-242
110900047,609,337,272
110900049,138,101,37
110900050,47,3,44
110900051,47,210,-163
110900052,3,172,-169
110900053,188,47,141
110900054,58,229,-171
110900055,28,6,22
110900056,94,134,-40
110900057,17,126,-109
110900058,322,251,71
110900059,663,557,106
110900060,653,197,456
110900061,27,63,-36
110900062,157,263,-106
110900063,45,207,-162
110900064,18,0,18
110900065,422,154,268
110900066,16,92,-76
110900067,364,686,-322
110900068,206,223,-17
110900069,9,24,-15
110900070,45,38,7
110900071,337,697,-360
110900073,0,27,-27
110900074,361,108,253
110900075,491,65,426
110900077,935,669,266
110900078,64,61,3
110900079,2261,1721,540
110900080,129,84,45
110900081,10,49,-39
110900082,155,149,6
110900083,150,77,73
110900084,65,89,-24
110900085,86,297,-211
110900086,119,396,-277
110900087,452,136,316
110900088,20,5,15
110900090,52,46,6
110900091,3,46,-43
110900093,373,141,232
110900095,65,58,7
110900097,10,18,-8
110900098,31,92,-61
110900099,84,399,-315
110900100,0,24,-24
110900102,48,23,25
110900105,1104,292,812
110900108,10,74,-64
110900111,540,242,298
110900112,1079,8,1071
110900113,599,56,543
110900115,13,104,-91
110900116,767,1753,-986
110900118,144,3427,-3283
110900119,4065,425,3640
110900120,22,64,-42
110900121,157,2,155
110900122,610,213,397
110900125,499,537,-38
110900127,814,1727,-913
110900128,307,356,-49
110900129,504,1070,-566
110900130,1224,849,375
110900131,450,80,370
110900132,426,79,347
110900133,255,200,55
110900135,121,375,-254
110900136,397,23,374
110900137,92,4,88
110900138,1401,715,686
110900139,36,175,-139
110900140,60,11,49
110900141,5,188,-183
110900142,70,184,-114
110900143,200,100,100
110900144,0,644,-644
110900145,265,63,202
110900146,648,196,452
110900147,127,458,-331
110900148,3,304,-301
110900149,5,110,-105
110900150,109,20,89
110900151,22,142,-120
110900152,33,278,-245
110900153,185,60,125
111000001,565,517,48
111000002,668,607,61
111000003,1171,704,467
111000004,438,900,-462
111000005,1377,1250,127
111000006,1004,1742,-738
111000007,4901,3037,1864
111000008,2204,3403,-1199
111000009,406,882,-476
111000010,781,339,442
111000011,436,1341,-905
111000012,764,464,300
111000013,477,1245,-768
111000014,1539,527,1012
111000017,145,1123,-978
111000018,309,492,-183
111000020,1049,2616,-1567
111000021,97,145,-48
111000023,122,101,21
111000025,4696,4735,-39
111000029,108,157,-49
111000030,28,159,-131
111000031,2520,1551,969
111000032,520,417,103
111000033,285,360,-75
111000034,228,244,-16
111000037,1575,908,667
111000038,4080,2685,1395
111000039,2162,2371,-209
111000040,2030,2613,-583
111000041,1831,1758,73
111000042,3522,2569,953
111000043,2182,3690,-1508
111000044,2131,1377,754
111000045,2628,2622,6
111000046,1850,1954,-104
111000047,2844,4427,-1583
111000049,595,565,30
111000050,1624,1434,190
111000051,630,1028,-398
111000052,635,1730,-1095
111000053,420,1002,-582
111000054,386,756,-370
111000055,955,1562,-607
111000056,158,430,-272
111000057,71,438,-367
111000058,473,60,413
111000059,644,280,364
111000060,4140,998,3142
111000061,628,344,284
111000062,874,355,519
111000063,2032,1069,963
111000064,742,634,108
111000065,1196,1017,179
111000066,583,524,59
111000067,692,747,-55
111000068,757,1166,-409
111000069,2008,2298,-290
111000070,1232,943,289
111000071,220,605,-385
111000072,1351,547,804
111000073,453,876,-423
111000074,1721,1788,-67
111000075,1095,718,377
111000076,626,624,2
111000077,1882,1929,-47
111000078,2874,1582,1292
111000079,1339,794,545
111000080,564,688,-124
111000081,1727,5003,-3276
111000082,785,638,147
111000084,968,588,380
111000085,1134,1296,-162
111000086,2854,1185,1669
111000087,805,645,160
111000088,5493,2610,2883
111000089,888,962,-74
111000090,950,1556,-606
111000091,952,577,375
111000092,1398,887,511
111000093,918,1158,-240
111000094,2185,1020,1165
111000095,738,2309,-1571
111000096,1961,7780,-5819
111000097,4943,1752,3191
111000098,939,1322,-383
111000099,689,1732,-1043
111000100,494,1408,-914
111000101,485,880,-395
111000102,276,667,-391
111000104,772,277,495
111000107,184,726,-542
111000109,1033,287,746
111000110,1593,682,911
111000111,2855,559,2296
111000112,2108,616,1492
111000113,1105,1653,-548
111000114,2272,3937,-1665
111000115,5901,1346,4555
111000116,1078,1030,48
111000117,448,872,-424
111000118,1535,858,677
111000119,1118,1072,46
111000120,518,711,-193
111000121,302,705,-403
111000122,581,1181,-600
111000123,1055,2680,-1625
111000124,491,2661,-2170
111000125,254,1369,-1115
111000126,92,760,-668
111000127,1072,175,897
111000128,2301,338,1963
111000129,2929,508,2421
111000130,2557,715,1842
111000131,1904,635,1269
111000132,1733,1027,706
111000133,202,167,35
111000134,225,151,74
111000135,57,151,-94
111000136,388,359,29
111000138,14,5,9
111000140,5,8,-3
111000141,236,341,-105
111000142,16,121,-105
111000143,3,122,-119
111000144,12,250,-238
111000145,1204,24,1180
111000146,108,17,91
111000147,377,48,329
111000148,153,80,73
111000149,0,30,-30
111000150,13,8,5
111000151,9,13,-4
111000153,659,882,-223
111000154,934,229,705
111000155,115,184,-69
111000156,541,755,-214
111000157,285,1297,-1012
111000158,1139,842,297
111000159,3077,766,2311
111000160,477,309,168
111000161,19,353,-334
111000162,86,169,-83
111000163,745,919,-174
111000164,722,4182,-3460
111000165,990,657,333
111000166,2255,483,1772
111000167,204,443,-239
111000168,257,508,-251
111000169,406,732,-326
111000170,491,525,-34
111000171,587,660,-73
111000172,180,452,-272
111000173,378,874,-496
111000174,251,383,-132
111000175,39,351,-312
111000176,644,114,530
111000177,341,247,94
111000178,1420,357,1063
111000179,249,188,61
111000180,293,510,-217
111000181,1219,245,974
111000182,236,181,55
111000183,329,324,5
111000184,376,264,112
111000185,454,462,-8
111000186,386,231,155
111000187,148,207,-59
111000188,267,423,-156
111000189,1058,628,430
111000190,202,343,-141
111000191,190,343,-153
111000192,250,457,-207
111000193,337,268,69
111000194,60,325,-265
111000195,126,287,-161
111000196,96,204,-108
111000197,480,143,337
111000198,708,131,577
111000199,279,114,165
111000200,480,299,181
111000201,658,287,371
111000202,341,217,124
111000203,352,344,8
111000204,523,1394,-871
111000213,235,441,-206
111000214,1490,1385,105
111000215,1141,1360,-219
111000217,1615,1101,514
111000218,1322,1295,27
111000219,424,205,219
111000220,1624,909,715
111000221,819,127,692
111000224,45,349,-304
111000225,380,326,54
111000226,88,4,84
111000227,38,5,33
111000228,28,423,-395
111000229,66,999,-933
111000230,248,345,-97
111000231,994,683,311
111000232,736,941,-205
111000233,974,749,225
111000234,136,448,-312
111000239,120,158,-38
111000240,56,203,-147
111000241,55,316,-261
111000242,178,58,120
111000243,247,574,-327
111000244,733,79,654
111000245,1723,415,1308
111000246,687,404,283
111000247,429,763,-334
111000248,745,502,243
111000249,522,578,-56
111000250,45,97,-52
111000251,57,126,-69
111000253,40,20,20
111000255,51,9,42
111000257,74,34,40
111000260,72,1088,-1016
111000261,1398,131,1267
111000271,55,324,-269
111000273,3830,1397,2433
111000274,1287,2565,-1278
111000275,220,49,171
111000276,275,1718,-1443
111000277,225,464,-239
111000278,708,294,414
111000291,786,6692,-5906
111000298,591,267,324
111000299,755,207,548
111000300,154,523,-369
111000302,302,83,219
111000303,70,215,-145
111000312,52,69,-17
111000315,9,138,-129
111000320,371,722,-351
111000321,435,159,276
111000322,347,433,-86
111000323,236,30,206
111000324,452,279,173
111000325,51,67,-16
111000326,194,298,-104
111000327,678,417,261
111000328,311,517,-206
111000329,2,23,-21
111000330,55,12,43
111000331,33,1,32
111000332,663,1423,-760
111000334,337,1274,-937
111000335,1402,354,1048
111000337,1483,436,1047
111000338,127,139,-12
111000339,801,387,414
111000340,376,640,-264
111000341,1327,770,557
111000342,193,966,-773
111000344,1197,800,397
111000345,250,62,188
111000346,17,99,-82
111000347,150,17,133
111000350,203,124,79
111000351,114,415,-301
111000352,181,154,27
111000353,211,309,-98
111000354,539,139,400
111000355,449,695,-246
111000358,180,1156,-976
111000360,183,651,-468
111000361,137,300,-163
111000546,1318,663,655
111000547,411,480,-69
111000548,161,456,-295
111000549,329,339,-10
111000550,101,1167,-1066
111000551,800,177,623
111000552,1506,174,1332
111000907,485,13,472
111000908,37,0,37
111000916,1804,326,1478
111000917,34,469,-435
111000918,224,810,-586
111000920,598,16,582
111000921,1,187,-186
111000922,731,331,400
111000924,72,717,-645
111000925,2747,2008,739
111000926,1160,1561,-401
111000927,3522,4423,-901
111000928,4689,3356,1333
111000929,1325,1328,-3
111000930,810,2162,-1352
111000931,2186,2967,-781
111000932,4499,2492,2007
111000933,4077,2621,1456
111000934,2100,3650,-1550
111000935,1637,1011,626
111000936,1206,2096,-890
111000937,1162,1506,-344
111000938,1638,1512,126
111000939,537,65,472
111000940,572,165,407
111000941,444,526,-82
111000943,490,309,181
111000944,170,368,-198
111000945,81,1324,-1243
111001109,502,436,66
111001110,162,514,-352
111001111,88,7,81
111001112,100,1,99
111001113,4,167,-163
111001114,1022,191,831
111001115,79,582,-503
111001116,5075,4421,654
111001117,718,2537,-1819
111001120,154,289,-135
111001121,221,238,-17
111001122,203,550,-347
111001123,293,116,177
111001124,110,192,-82
111001125,0,99,-99
111900001,10,92,-82
111900002,15,717,-702
111900003,2,281,-279
111900004,53,115,-62
111900006,28,57,-29
111900007,173,8,165
111900008,313,7,306
111900009,273,237,36
111900010,296,473,-177
111900012,68,104,-36
111900013,31,111,-80
111900014,4730,4241,489
111900015,0,84,-84
111900016,0,132,-132
111900017,0,122,-122
111900018,270,15,255
111900019,5,188,-183
111900020,1,58,-57
111900021,41,103,-62
111900022,9,58,-49
111900023,126,99,27
111900024,1,66,-65
111900025,0,30,-30
111900026,0,92,-92
111900027,3,129,-126
111900028,2,337,-335
111900029,3,92,-89
111900030,35,376,-341
111900031,14,36,-22
111900032,4,281,-277
111900033,7,107,-100
111900034,251,612,-361
111900035,71,174,-103
111900036,1,224,-223
111900038,299,635,-336
111900039,68,375,-307
111900040,6,443,-437
111900042,65,151,-86
111900043,4,240,-236
111900044,360,215,145
111900046,37,157,-120
111900048,242,506,-264
111900049,31,273,-242
111900050,131,50,81
111900051,2,212,-210
111900052,396,408,-12
111900053,1115,1810,-695
111900054,205,5,200
111900055,19,365,-346
111900056,179,264,-85
111900057,185,42,143
111900058,469,542,-73
111900059,1675,687,988
111900060,449,4,445
111900061,10,166,-156
111900062,26,51,-25
111900063,374,224,150
111900064,102,173,-71
111900065,79,15,64
111900066,151,188,-37
111900067,2,339,-337
111900068,69,84,-15
111900069,79,20,59
111900070,196,139,57
111900071,3,194,-191
111900072,79,41,38
111900073,935,170,765
111900074,21,183,-162
111900075,122,20,102
111900076,179,51,128
111900077,65,12,53
111900078,325,27,298
111900079,50,73,-23
111900080,251,318,-67
111900082,154,38,116
111900083,146,11,135
111900084,143,23,120
111900085,47,138,-91
111900086,54,7,47
111900087,67,4,63
111900088,574,21,553
111900089,162,7,155
111900090,54,53,1
111900091,285,1,284
111900092,103,4,99
111900093,454,7,447
111900094,175,1,174
111900095,232,38,194
111900096,208,7,201
111900097,58,0,58
111900098,265,7,258
111900099,91,2,89
111900100,128,6,122
111900101,151,38,113
111900102,677,541,136
111900103,90,88,2
111900104,281,61,220
111900105,356,239,117
111900106,1120,78,1042
111900110,1876,429,1447
111900111,310,160,150
111900112,581,3078,-2497
111900113,303,153,150
111900118,437,94,343
111900119,362,210,152
111900122,162,88,74
111900123,26,24,2
111900124,44,85,-41
111900125,614,42,572
111900126,331,6,325
111900127,4,669,-665
111900128,5,452,-447
111900129,315,5,310
111900130,243,47,196
111900131,549,7,542
111900132,34,919,-885
111900133,11,335,-324
111900134,16,200,-184
111900135,14,52,-38
111900136,110,178,-68
111900137,51,47,4
111900138,15,47,-32
111900139,19,91,-72
111900140,117,29,88
111900141,64,9,55
111900142,91,25,66
111900143,36,191,-155
111900144,0,87,-87
111900145,1,363,-362
111900146,2,242,-240
111900147,125,424,-299
111900148,38,608,-570
111900149,9,296,-287
111900150,17,158,-141
111900151,2,32,-30
111900152,79,110,-31
111900153,1386,642,744
111900154,37,335,-298
111900155,57,93,-36
111900156,64,74,-10
111900157,148,24,124
111900158,654,76,578
111900159,328,25,303
111900160,318,2,316
111900161,173,0,173
111900162,79,147,-68
111900163,34,218,-184
111900164,146,68,78
111901113,634,224,410
111901114,488,262,226
111901115,66,2,64
111901116,50,2,48
111901117,38,45,-7
111901118,77,300,-223
111901119,743,117,626
111901121,118,177,-59
111901122,3,394,-391
111901123,243,236,7
111901124,211,4,207
111901125,437,192,245
111901127,577,643,-66
111901128,18,100,-82
111901129,1,116,-115
111901130,2,174,-172
111901131,11,244,-233
111901132,81,23,58
111901133,49,3,46
111901134,80,6,74
111901135,34,11,23
111901136,68,69,-1
111901137,0,29,-29
111901138,260,57,203
111901139,28,47,-19
111901140,18,79,-61
111901141,4,157,-153
111901142,10,106,-96
111901143,3,66,-63
111901144,67,55,12
111901145,196,358,-162
111901146,443,37,406
112000001,2116,818,1298
112000002,751,2184,-1433
112000003,1644,1224,420
112000004,738,968,-230
112000005,3903,3821,82
112000006,2259,2015,244
112000007,3485,2456,1029
112000008,2903,4112,-1209
112000009,3318,2959,359
112000010,3310,3989,-679
112000011,1872,1761,111
112000012,5526,5796,-270
112000013,4755,3775,980
112000014,3113,3145,-32
112000015,3870,4214,-344
112000016,6237,2179,4058
112000017,2555,3962,-1407
112000024,2485,1207,1278
112000026,3378,4342,-964
112000027,1037,699,338
112000028,1369,1694,-325
112000029,657,884,-227
112000030,188,90,98
112000031,1546,6109,-4563
112000032,543,58,485
112000033,2129,2332,-203
112000034,331,97,234
112000035,153,661,-508
112000036,882,1459,-577
112000037,1401,1156,245
112000038,1587,1536,51
112000039,109,97,12
112000040,96,319,-223
112000041,515,511,4
112000042,1277,508,769
112000050,1349,1518,-169
112000051,1177,1573,-396
112000054,1904,1918,-14
112000057,718,530,188
112000058,601,924,-323
112000059,599,976,-377
112000061,3496,2414,1082
112000062,1416,846,570
112000063,959,1462,-503
112000064,4624,5673,-1049
112000065,1964,2707,-743
112000066,4265,1738,2527
112000067,976,756,220
112000068,3871,2733,1138
112000069,873,1943,-1070
112000070,2350,1046,1304
112000071,1374,3059,-1685
112000072,2962,1013,1949
112000073,2034,2651,-617
112000074,1902,1428,474
112000075,1653,1407,246
112000076,4165,2863,1302
112000077,811,595,216
112000078,2140,915,1225
112000079,1676,1544,132
112000080,875,876,-1
112000081,1485,2580,-1095
112000082,1676,981,695
112000083,647,1224,-577
112000084,1338,982,356
112000085,1369,1039,330
112000086,1903,1421,482
112000087,615,430,185
112000088,980,627,353
112000089,570,406,164
112000090,338,338,0
112000091,678,965,-287
112000092,2175,1143,1032
112000093,1657,865,792
112000094,744,816,-72
112000095,644,962,-318
112000096,718,559,159
112000097,1645,940,705
112000098,1049,1165,-116
112000099,954,2067,-1113
112000100,2118,928,1190
112000101,570,1084,-514
112000102,1557,564,993
112000103,403,995,-592
112000105,577,1459,-882
112000106,1787,408,1379
112000107,19,251,-232
112000108,269,1761,-1492
112000109,85,73,12
112000110,2295,710,1585
112000111,1361,5039,-3678
112000112,6664,914,5750
112000113,1117,1814,-697
112000114,3853,1140,2713
112000115,502,521,-19
112000116,721,1178,-457
112000117,1223,926,297
112000118,1280,927,353
112000119,547,772,-225
112000120,102,390,-288
112000121,143,415,-272
112000122,360,182,178
112000123,760,189,571
112000124,417,97,320
112000125,288,279,9
112000126,263,471,-208
112000127,3034,2708,326
112000128,1133,990,143
112000129,152,110,42
112000130,196,92,104
112000131,51,311,-260
112000132,127,251,-124
112000133,437,224,213
112000134,503,431,72
112000135,1883,785,1098
112000136,1382,1420,-38
112000137,3414,2445,969
112000138,3713,1544,2169
112000139,1128,687,441
112000140,1323,1353,-30
112000141,949,410,539
112000142,180,726,-546
112000143,1226,222,1004
112000144,338,1337,-999
112000145,2908,686,2222
112000146,628,1914,-1286
112000147,2885,2186,699
112000148,1747,2340,-593
112000149,668,655,13
112000150,298,606,-308
112000151,315,373,-58
112000152,441,461,-20
112000153,209,237,-28
112000154,132,288,-156
112000155,141,122,19
112000157,1143,696,447
112000158,330,443,-113
112000159,616,357,259
112000167,505,132,373
112000169,395,520,-125
112000173,893,261,632
112000175,523,436,87
112000176,3347,2465,882
112000177,824,277,547
112000178,132,383,-251
112000179,335,134,201
112000180,333,357,-24
112000181,1663,1927,-264
112000182,1453,1554,-101
112000183,49,48,1
112000184,417,376,41
112000185,591,438,153
112000187,4632,2898,1734
112000195,143,16,127
112000196,226,7,219
112000197,218,323,-105
112000198,59,317,-258
112000199,1122,938,184
112000202,462,1,461
112000216,86,305,-219
112000230,121,6,115
112000231,0,321,-321
112000256,86,280,-194
112000313,63,140,-77
112000314,95,28,67
112000337,879,612,267
112000352,536,550,-14
112000392,1230,1168,62
112000398,1620,1039,581
112000399,1878,2484,-606
112000400,1908,3006,-1098
112000401,2933,2513,420
112000402,3726,3721,5
112000403,2121,3460,-1339
112000404,1113,946,167
112000405,2191,3024,-833
112000406,3488,2315,1173
112000407,8289,9123,-834
112000408,7938,6515,1423
112000409,1543,4231,-2688
112000410,586,352,234
112000411,4359,2306,2053
112000412,1482,680,802
112000413,8028,6718,1310
112000414,73,73,0
112000415,96,44,52
112000416,2978,1453,1525
112000417,327,82,245
112000421,57,129,-72
112000422,387,380,7
112000424,2312,3140,-828
112000425,574,740,-166
112000426,151,345,-194
112000427,0,13,-13
112000428,314,307,7
112000429,2557,2772,-215
112000430,2854,3331,-477
112000431,76,178,-102
112000432,750,1205,-455
112000433,462,1057,-595
112000437,58,144,-86
112900001,78,0,78
112900002,562,829,-267
112900003,86,341,-255
112900004,61,288,-227
112900005,280,207,73
112900006,23,334,-311
112900007,27,148,-121
112900008,1,21,-20
112900009,421,109,312
112900010,426,1021,-595
112900011,207,257,-50
112900012,0,54,-54
112900013,23,283,-260
112900014,4,340,-336
112900015,481,855,-374
112900016,8,285,-277
112900017,64,208,-144
112900018,1,280,-279
112900019,79,209,-130
112900020,421,1158,-737
112900021,3,252,-249
112900022,14,95,-81
112900023,5,185,-180
112900024,23,234,-211
112900025,99,286,-187
112900026,1,251,-250
112900027,11,1027,-1016
112900028,14,135,-121
112900029,16,452,-436
112900030,139,153,-14
112900031,15,446,-431
112900032,535,249,286
112900034,1,42,-41
112900035,8,379,-371
112900036,134,161,-27
112900037,184,215,-31
112900038,801,193,608
112900039,14,274,-260
112900040,12,1475,-1463
112900041,820,1394,-574
112900042,157,317,-160
112900043,39,60,-21
112900044,582,580,2
112900045,354,343,11
112900046,252,114,138
112900047,10,59,-49
112900049,271,112,159
112900050,47,544,-497
112900051,340,551,-211
112900052,49,789,-740
112900053,636,228,408
112900054,342,68,274
112900055,128,52,76
112900056,467,216,251
112900057,10,509,-499
112900058,455,382,73
112900059,187,159,28
112900060,33,183,-150
112900061,113,131,-18
112900062,112,136,-24
112900063,143,22,121
112900064,175,234,-59
112900065,68,45,23
112900066,368,199,169
112900067,452,171,281
112900068,77,40,37
112900069,2515,1025,1490
112900071,36,13,23
112900072,284,2430,-2146
112900073,532,106,426
112900074,127,360,-233
112900075,1729,1111,618
112900076,87,48,39
112900078,404,444,-40
112900079,289,59,230
112900080,82,2,80
112900081,61,208,-147
112900082,614,32,582
112900083,116,114,2
112900084,244,147,97
112900086,74,1,73
112900087,876,224,652
112900088,329,25,304
112900089,1143,49,1094
112900090,79,44,35
112900091,311,13,298
112900092,385,429,-44
112900093,1700,41,1659
112900095,59,2,57
112900096,551,180,371
112900097,100,325,-225
112900098,314,3,311
112900099,835,21,814
112900100,137,2,135
112900101,469,8,461
112900102,354,9,345
112900103,198,6,192
112900104,193,9,184
112900105,17,0,17
112900106,511,154,357
112900107,11,2,9
112900108,36,0,36
112900109,118,2,116
112900110,1472,19,1453
112900111,758,10,748
112900112,373,2,371
112900113,1,8,-7
112900114,185,62,123
112900115,1289,5,1284
112900116,152,23,129
112900117,78,97,-19
112900118,41,97,-56
112900119,203,3,200
112900120,904,312,592
112900121,79,200,-121
112900122,40,131,-91
112900123,165,14,151
112900124,24,119,-95
112900125,79,814,-735
112900126,237,265,-28
112900127,404,124,280
112900128,403,716,-313
112900129,3,928,-925
112900130,318,116,202
112900131,56,390,-334
112900132,263,613,-350
112900133,27,1460,-1433
112900134,1,356,-355
112900135,143,64,79
112900137,4,499,-495
112900138,4,289,-285
112900139,255,1162,-907
112900141,972,62,910
112900142,84,228,-144
112900143,27,503,-476
112900144,2,309,-307
112900145,33,463,-430
112900146,6,1083,-1077
112900147,5,1543,-1538
112900148,73,2,71
112900149,275,652,-377
112900151,12,73,-61
112900152,4207,915,3292
112900153,2039,2791,-752
112900154,0,155,-155
112900155,239,41,198
112900156,419,1289,-870
112900157,394,113,281
112900158,85,15,70
112900159,298,173,125
112900160,90,330,-240
112900161,144,32,112
112900162,52,18,34
112900163,91,62,29
112900164,41,212,-171
112900165,194,49,145
112900166,24,77,-53
112900167,12,85,-73
112900168,8,9,-1
112900169,12,16,-4
112900170,197,126,71
112900172,55,15,40
112900173,209,130,79
112900174,271,62,209
112900175,167,183,-16
112900176,12,88,-76
112900177,242,73,169
112900178,883,2767,-1884
112900179,47,502,-455
112900180,2546,1973,573
112900181,794,9,785
112900182,55,963,-908
112900183,209,419,-210
112900184,567,630,-63
112900185,327,1042,-715
112900186,1641,1402,239
112900187,117,682,-565
112900188,599,960,-361
112900189,4,26,-22
112900190,33,34,-1
112900192,893,829,64
112900193,1550,497,1053
112900194,70,81,-11
112900195,1207,92,1115
112900196,181,291,-110
112900197,284,476,-192
112900199,688,546,142
112900200,670,213,457
112900201,153,104,49
112900202,400,838,-438
112900203,306,222,84
112900204,1086,732,354
112900205,3,13,-10
112900206,67,96,-29
112900207,21,1,20
112900208,127,338,-211
112900209,448,377,71
112900210,0,11,-11
112900211,145,95,50
112900212,0,91,-91
112900213,48,18,30
112900214,22,7,15
112900215,16,187,-171
112900216,45,69,-24
112900217,5,52,-47
112900218,80,13,67
112900219,126,19,107
112900220,10,0,10
112900221,44,124,-80
112900222,1,51,-50
112900223,1364,53,1311
112900224,429,541,-112
112900225,557,370,187
112900226,260,482,-222
112900227,769,1160,-391
112900228,67,51,16
112900229,338,67,271
112900230,8248,5164,3084
112900232,374,323,51
112900233,48,180,-132
112900234,28,55,-27
112900235,110,36,74
112900236,338,21,317
112900237,189,185,4
112900238,5,26,-21
112900239,668,530,138
113000001,6732,5191,1541
113000002,4364,3986,378
113000003,2206,1628,578
113000004,1947,2623,-676
113000005,2091,1148,943
113000006,1361,1453,-92
113000007,2614,1260,1354
113000008,2033,2059,-26
113000009,1339,953,386
113000010,1403,1579,-176
113000011,864,1975,-1111
113000012,2342,918,1424
113000013,1476,840,636
113000014,1767,1779,-12
113000015,564,274,290
113000016,418,1086,-668
113000017,91,434,-343
113000018,463,60,403
113000019,422,369,53
113000020,537,89,448
113000021,1508,588,920
113000022,755,1195,-440
113000025,179,422,-243
113000026,610,623,-13
113000027,650,758,-108
113000028,1112,781,331
113000029,1025,786,239
113000030,430,772,-342
113000031,294,397,-103
113000032,383,342,41
113000033,354,572,-218
113000034,497,417,80
113000035,47,39,8
113000036,29,64,-35
113000037,48,40,8
113000038,20,55,-35
113000039,157,497,-340
113000040,79,96,-17
113000042,873,677,196
113000051,1088,2399,-1311
113000052,2197,935,1262
113000053,497,507,-10
113000054,420,862,-442
113000055,1192,650,542
113000056,1124,943,181
113000058,844,916,-72
113000059,1222,772,450
113000060,261,657,-396
113000061,502,1034,-532
113000062,1045,314,731
113000063,217,109,108
113000064,64,287,-223
113000065,138,811,-673
113000066,838,125,713
113000067,2502,1392,1110
113000068,382,1282,-900
113000069,598,1241,-643
113000070,3113,1274,1839
113000071,560,598,-38
113000072,989,578,411
113000073,397,1481,-1084
113000074,1157,479,678
113000075,2424,845,1579
113000076,750,2135,-1385
113000077,1478,832,646
113000078,1018,2988,-1970
113000079,1015,1124,-109
113000080,819,987,-168
113000081,1090,1048,42
113000082,1609,1132,477
113000083,666,945,-279
113000084,1930,1368,562
113000085,976,782,194
113000086,1729,1231,498
113000087,1496,942,554
113000088,2722,1478,1244
113000089,947,1781,-834
113000090,321,767,-446
113000091,709,456,253
113000094,1462,237,1225
113000095,215,874,-659
113000096,147,771,-624
113000097,1345,467,878
113000098,130,40,90
113000099,1248,415,833
113000100,156,467,-311
113000101,440,649,-209
113000102,764,531,233
113000103,1858,454,1404
113000104,573,2280,-1707
113000105,904,521,383
113000106,367,537,-170
113000107,920,792,128
113000108,687,1276,-589
113000109,572,1767,-1195
113000110,2209,575,1634
113000111,143,646,-503
113000112,337,435,-98
113000113,1591,500,1091
113000114,301,1696,-1395
113000116,917,374,543
113000117,1051,153,898
113000118,141,656,-515
113000119,362,496,-134
113000120,96,294,-198
113000121,932,1337,-405
113000124,233,142,91
113000125,60,823,-763
113000127,2755,401,2354
113000128,605,679,-74
113000129,799,930,-131
113000133,2400,2151,249
113000134,14,1354,-1340
113000135,5242,5175,67
113000137,2304,4145,-1841
113000139,537,332,205
113000140,196,332,-136
113000141,499,324,175
113000142,906,1667,-761
113000143,404,314,90
113000144,391,898,-507
113000145,86,178,-92
113000146,145,77,68
113000147,165,116,49
113000148,249,135,114
113000149,125,159,-34
113000150,644,359,285
113000151,73,63,10
113000152,53,112,-59
113000153,1780,722,1058
113000154,1140,2019,-879
113000155,519,769,-250
113000156,184,460,-276
113000157,353,1046,-693
113000158,916,309,607
113000159,1258,842,416
113000160,752,1308,-556
113000161,337,526,-189
113000162,1131,522,609
113000163,105,86,19
113000164,24,77,-53
113000166,211,118,93
113000167,63,99,-36
113000168,116,135,-19
113000169,256,45,211
113000170,119,95,24
113000171,56,139,-83
113000172,303,65,238
113000173,61,23,38
113000174,151,484,-333
113000175,577,142,435
113000176,635,163,472
113000177,199,525,-326
113000178,322,387,-65
113000179,402,210,192
113000180,886,1310,-424
113000181,1194,1039,155
113000182,190,527,-337
113000183,153,584,-431
113000184,14,110,-96
113000189,657,1142,-485
113000190,1198,729,469
113000192,1393,2661,-1268
113000193,4470,1654,2816
113000194,1610,1367,243
113000195,2622,1347,1275
113000196,203,125,78
113000197,1953,1319,634
113000198,75,350,-275
113000199,2175,505,1670
113000201,264,365,-101
113000202,4149,1437,2712
113000203,255,140,115
113000204,1463,2744,-1281
113000205,23,29,-6
113000206,18,45,-27
113000207,121,30,91
113000208,77,66,11
113000209,17,24,-7
113000210,11,28,-17
113000211,238,223,15
113000212,86,12,74
113000213,50,144,-94
113000214,211,288,-77
113000234,249,892,-643
113000410,253,306,-53
113000411,3154,5486,-2332
113000412,6803,2598,4205
113000413,2907,3649,-742
113000414,7284,17217,-9933
113000415,2610,3455,-845
113000416,9663,5019,4644
113000417,2821,3831,-1010
113000418,5579,4058,1521
113000419,2209,2704,-495
113000420,5410,7550,-2140
113000421,5038,7870,-2832
113000422,14353,13873,480
113000423,2736,6748,-4012
113000424,3800,10039,-6239
113000425,17,88,-71
113000428,59,49,10
113000430,8,74,-66
113000432,2250,217,2033
113000433,146,826,-680
113000434,16,140,-124
113000435,59,625,-566
113000436,51,1081,-1030
113000437,1263,26,1237
113000438,420,18,402
113000439,19,106,-87
113000440,138,46,92
113000441,269,277,-8
113000442,127,152,-25
113000443,291,241,50
113000444,178,195,-17
113000445,154,147,7
113000446,45,73,-28
113000448,234,175,59
113000449,227,1004,-777
113000450,712,2481,-1769
113000451,1348,210,1138
113000452,510,470,40
113000453,121,354,-233
113000454,836,94,742
113000455,35,377,-342
113000456,4292,3395,897
113000468,1648,292,1356
113000469,241,189,52
113000470,392,41,351
113000471,15,402,-387
113000472,111,378,-267
113000474,741,689,52
113000475,1692,1845,-153
113000476,1614,2173,-559
113000477,3734,2247,1487
113000478,4245,5875,-1630
113000479,86,168,-82
113000480,164,221,-57
113000484,0,0,0
113000485,0,0,0
113000486,0,0,0
113000487,0,0,0
113000488,0,0,0
113000489,0,1,-1
113000490,0,3,-3
113000491,5,1,4
113000492,2,2,0
113000493,0,0,0
113000495,204,160,44
113000496,139,129,10
113000499,0,0,0
113900001,4,180,-176
113900002,2,77,-75
113900003,0,53,-53
113900004,4,53,-49
113900005,2,72,-70
113900006,1,11,-10
113900007,74,34,40
113900008,30,0,30
113900009,181,0,181
113900010,88,2,86
113900011,43,1,42
113900012,41,0,41
113900013,340,4,336
113900014,606,0,606
113900015,0,111,-111
113900016,61,0,61
113900017,4,70,-66
113900018,539,324,215
113900019,181,59,122
113900020,190,0,190
113900022,35,3,32
113900023,29,0,29
113900024,71,84,-13
113900025,295,29,266
113900026,81,0,81
113900027,7,73,-66
113900028,28,438,-410
113900029,86,173,-87
113900030,282,2,280
113900031,9,1,8
113900032,25,0,25
113900033,84,80,4
113900035,68,0,68
113900036,24,106,-82
113900037,163,385,-222
113900038,56,127,-71
113900039,168,22,146
113900040,6,16,-10
113900041,5,3,2
113900042,73,54,19
113900043,171,156,15
113900044,337,369,-32
113900045,86,0,86
113900046,309,746,-437
113900047,37,164,-127
113900048,208,113,95
113900049,563,316,247
113900050,325,348,-23
113900051,233,383,-150
113900052,151,164,-13
113900053,795,591,204
113900054,44,1,43
113900055,74,480,-406
113900056,57,302,-245
113900057,21,100,-79
113900058,56,140,-84
113900059,258,369,-111
113900060,184,241,-57
113900061,992,322,670
113900062,135,15,120
113900063,138,149,-11
113900064,29,149,-120
113900065,466,18,448
113900066,406,303,103
113900067,199,287,-88
113900068,689,554,135
113900069,117,37,80
113900070,242,575,-333
113900071,86,80,6
113900072,69,196,-127
113900073,261,397,-136
113900074,211,509,-298
113900075,1455,1290,165
113900076,187,9,178
113900077,76,224,-148
113900078,91,69,22
113900079,1,36,-35
113900080,573,253,320
113900081,57,171,-114
113900082,136,217,-81
113900083,400,434,-34
113900084,360,126,234
113900085,38,326,-288
113900086,53,27,26
113900087,103,157,-54
113900088,88,102,-14
113900089,444,41,403
113900090,804,465,339
113900091,23,21,2
113900092,52,93,-41
113900093,97,829,-732
113900094,542,449,93
113900095,179,156,23
113900096,447,96,351
113900097,65,103,-38
113900098,678,104,574
113900099,2,43,-41
113900100,0,0,0
113900101,19,81,-62
113900102,168,181,-13
113900103,341,352,-11
113900104,152,265,-113
113900105,158,190,-32
113900106,0,51,-51
113900107,1,30,-29
113900108,251,274,-23
113900109,474,246,228
113900110,77,49,28
113900111,163,129,34
113900112,141,75,66
113900113,1207,526,681
113900114,2,76,-74
113900115,0,77,-77
113900116,151,157,-6
113900117,139,27,112
113900118,298,429,-131
113900119,245,609,-364
113900120,65,141,-76
113900121,95,118,-23
113900122,537,2190,-1653
113900123,583,190,393
113900124,0,77,-77
113900125,1030,128,902
113900126,218,75,143
113900127,397,958,-561
113900128,183,86,97
113900129,16,161,-145
113900130,3,122,-119
113900131,319,87,232
113900132,75,76,-1
113900133,25,69,-44
113900135,378,337,41
113900136,146,95,51
113900137,425,269,156
113900138,86,283,-197
113900139,345,183,162
113900140,348,396,-48
113900141,702,337,365
113900142,190,75,115
113900143,14,43,-29
113900144,305,377,-72
113900145,495,194,301
113900146,208,86,122
113900148,214,367,-153
113900149,220,110,110
113900150,764,643,121
113900151,512,229,283
113900152,66,65,1
113900153,361,674,-313
113900154,6,166,-160
113900155,202,193,9
113900156,253,438,-185
113900157,81,301,-220
113900158,496,653,-157
113900159,22,300,-278
113900160,717,602,115
113900161,94,336,-242
113900162,730,1175,-445
113900163,361,409,-48
113900164,342,44,298
113900165,753,491,262
113900166,319,236,83
113900167,340,58,282
113900168,129,125,4
113900169,235,437,-202
113900171,227,103,124
113900172,16,208,-192
113900173,41,569,-528
113900174,581,701,-120
113900175,412,198,214
113900176,415,545,-130
113900177,423,265,158
113900178,450,153,297
113900179,28,428,-400
113900180,131,121,10
113900181,728,165,563
113900182,944,1074,-130
113900183,79,96,-17
113900184,10,377,-367
113900185,225,86,139
113900186,38,33,5
113900187,35,140,-105
113900188,52,185,-133
113900189,364,157,207
113900190,278,174,104
113900191,121,237,-116
113900192,8,674,-666
113900193,14,235,-221
113900194,1512,1131,381
113900195,289,418,-129
113900196,89,226,-137
113900197,1,186,-185
113900198,62,274,-212
113900199,180,800,-620
113900200,32,327,-295
113900201,1,164,-163
113900202,50,341,-291
113900203,0,117,-117
113900204,70,543,-473
113900205,23,226,-203
113900206,16,190,-174
113900207,0,71,-71
113900208,2,71,-69
113900209,2,105,-103
113900210,658,851,-193
113900211,217,101,116
113900212,205,462,-257
113900214,531,439,92
113900215,152,131,21
113900216,123,888,-765
113900217,116,191,-75
113900218,217,94,123
113900219,157,397,-240
113900220,206,144,62
113900221,511,318,193
113900222,250,676,-426
113900223,213,882,-669
113900224,107,58,49
113900225,639,239,400
113900226,479,181,298
113900227,728,266,462
113900228,374,606,-232
113900229,70,1023,-953
113900230,4405,4363,42
113900231,137,194,-57
113900232,122,90,32
113900233,107,77,30
113900234,432,527,-95
113900235,202,36,166
113900236,196,304,-108
113900237,271,16,255
113900238,336,697,-361
113900239,55,106,-51
113900240,7,232,-225
113900241,167,61,106
113900242,51,170,-119
113900243,167,443,-276
113900244,409,255,154
113900245,1403,360,1043
113900246,14,23,-9
113900247,213,559,-346
113900248,2923,2256,667
113900249,868,465,403
113900250,68,168,-100
113900251,769,183,586
113900252,703,22,681
113900253,877,85,792
113900254,1104,204,900
113900255,631,23,608
113900256,393,33,360
113900257,37,533,-496
113900258,33,461,-428
113900259,599,161,438
113900260,227,9,218
113900261,29,78,-49
113900262,185,538,-353
113900263,154,683,-529
113900264,9,430,-421
113900265,200,374,-174
113900266,61,201,-140
113900267,139,608,-469
113900268,378,454,-76
113900269,87,167,-80
113900270,330,788,-458
113900271,696,1185,-489
113900273,30,6,24
113900274,64,42,22
113900275,45,55,-10
113900276,2,191,-189
113900277,149,3,146
113900278,329,217,112
113900279,78,92,-14
113900280,1803,698,1105
113900281,707,1715,-1008
113900282,998,766,232
113900283,502,572,-70
113900284,987,363,624
113900285,217,98,119
113900286,22,97,-75
113900287,46,30,16
113900288,1,144,-143
113900289,926,117,809
113900290,284,266,18
113900291,90,174,-84
113900292,10,7,3
113900293,0,249,-249
113900294,494,35,459
113900295,544,529,15
113900296,1997,485,1512
113900297,2876,54,2822
113900298,14,1835,-1821
113900299,123,134,-11
113900300,5313,3881,1432
113900301,1143,499,644
113900302,2395,1201,1194
113900303,510,514,-4
113900304,2,104,-102
113900305,140,1,139
113900306,79,0,79
113900307,36,0,36
113900308,116,127,-11
113900309,0,580,-580
113900310,0,8,-8
113900311,13,0,13
113900312,257,282,-25
113900313,16,20,-4
114000001,984,2599,-1615
114000002,388,369,19
114000003,34,283,-249
114000004,355,521,-166
114000005,267,280,-13
114000006,2574,2535,39
114000007,913,1567,-654
114000008,1723,2441,-718
114000009,984,344,640
114000011,3066,2670,396
114000012,2757,1925,832
114000013,1903,1519,384
114000014,558,330,228
114000015,2315,441,1874
114000016,253,337,-84
114000017,113,352,-239
114000018,207,36,171
114000026,2065,1361,704
114000027,3520,2286,1234
114000028,2819,2804,15
114000038,336,158,178
114000039,95,36,59
114000040,137,287,-150
114000042,153,183,-30
114000043,54,99,-45
114000044,264,58,206
114000045,83,89,-6
114000046,4003,5573,-1570
114000047,13,74,-61
114000048,96,64,32
114000049,1958,1892,66
114000050,1744,2280,-536
114000051,3468,2558,910
114000052,4642,2352,2290
114000053,134,755,-621
114000054,223,1056,-833
114000055,284,54,230
114000056,1206,1150,56
114000057,5289,2440,2849
114000058,639,2029,-1390
114000059,410,394,16
114000060,740,1043,-303
114000061,3434,3719,-285
114000062,2914,2140,774
114000063,2723,1812,911
114000064,6760,4650,2110
114000065,1669,2820,-1151
114000066,565,706,-141
114000067,38,1039,-1001
114000068,588,949,-361
114000069,1145,684,461
114000070,2654,2091,563
114000071,935,580,355
114000072,676,253,423
114000073,18,67,-49
114000074,42,13,29
114000075,56,111,-55
114000076,26,105,-79
114000077,12,41,-29
114000078,657,822,-165
114000079,176,27,149
114000080,92,93,-1
114000081,103,107,-4
114000082,49,436,-387
114000083,87,347,-260
114000084,406,108,298
114000085,152,583,-431
114000086,321,475,-154
114000087,172,199,-27
114000088,38,37,1
114000089,926,462,464
114000090,954,1000,-46
114000091,1820,968,852
114000092,1154,695,459
114000093,1706,782,924
114000094,437,420,17
114000095,301,186,115
114000096,141,429,-288
114000097,124,565,-441
114000098,669,88,581
114000099,747,536,211
114000100,1671,676,995
114000101,491,764,-273
114000102,721,326,395
114000103,221,375,-154
114000104,128,234,-106
114000105,200,99,101
114000106,893,1205,-312
114000107,479,153,326
114000108,1506,994,512
114000109,597,1321,-724
114000110,746,1385,-639
114000111,2086,991,1095
114000112,497,1704,-1207
114000113,1433,675,758
114000114,1450,1396,54
114000115,2307,1337,970
114000116,1171,1691,-520
114000117,3387,447,2940
114000118,2912,514,2398
114000119,1881,528,1353
114000120,650,809,-159
114000121,485,725,-240
114000122,435,334,101
114000123,2555,413,2142
114000124,935,330,605
114000125,880,1218,-338
114000126,2122,233,1889
114000127,347,161,186
114000128,895,377,518
114000130,521,619,-98
114000131,397,128,269
114000132,749,617,132
114000133,1042,1662,-620
114000134,93,185,-92
114000138,35,259,-224
114000139,577,319,258
114000144,1050,638,412
114000145,86,191,-105
114000146,104,309,-205
114000147,1731,2123,-392
114000148,1969,2079,-110
114000149,390,296,94
114000150,661,744,-83
114000151,840,1572,-732
114000152,187,54,133
114000153,825,2692,-1867
114000154,976,870,106
114000155,1742,2340,-598
114000156,837,640,197
114000157,343,1112,-769
114000158,1769,974,795
114000159,215,505,-290
114000160,126,473,-347
114000161,1513,3548,-2035
114000162,1342,3300,-1958
114000163,22,144,-122
114000165,734,309,425
114000166,901,488,413
114000167,3119,1518,1601
114000168,848,708,140
114000169,1661,1605,56
114000170,1273,1491,-218
114000171,1211,4025,-2814
114000174,218,500,-282
114000176,529,524,5
114000177,1837,958,879
114000178,32,52,-20
114000179,1362,852,510
114000180,465,715,-250
114000181,1949,4335,-2386
114000182,2682,2563,119
114000183,939,929,10
114000184,3415,1056,2359
114000185,1279,860,419
114000189,1122,149,973
114000190,3031,388,2643
114000191,63,86,-23
114000192,232,1362,-1130
114000193,684,2534,-1850
114000194,1396,913,483
114000195,180,38,142
114000196,0,189,-189
114000197,1318,19,1299
114000198,930,381,549
114000199,2134,1832,302
114000200,678,1915,-1237
114000201,150,888,-738
114000202,1240,604,636
114000203,503,653,-150
114000204,224,496,-272
114000205,229,1431,-1202
114000206,708,1160,-452
114000207,625,1619,-994
114000208,532,2533,-2001
114000209,688,2217,-1529
114000210,236,1201,-965
114000211,1036,1652,-616
114000212,855,858,-3
114000213,1437,664,773
114000214,124,208,-84
114000215,277,96,181
114000216,1505,493,1012
114000217,396,336,60
114000218,198,264,-66
114000219,1425,280,1145
114000220,37,871,-834
114000221,963,189,774
114000222,189,929,-740
114000223,593,147,446
114000224,130,549,-419
114000225,243,670,-427
114000226,221,231,-10
114000227,925,525,400
114000228,888,806,82
114000229,1233,1195,38
114000230,1804,1092,712
114000231,1023,1415,-392
114000232,785,166,619
114000233,2291,150,2141
114000234,1145,869,276
114000235,1132,1218,-86
114000236,0,338,-338
114000237,110,743,-633
114000238,229,193,36
114000239,196,1117,-921
114000240,896,889,7
114000241,322,1005,-683
114000242,1009,816,193
114000243,1727,826,901
114000244,748,453,295
114000245,429,741,-312
114000246,109,45,64
114000247,785,707,78
114000248,1396,546,850
114000249,509,453,56
114000250,544,795,-251
114000251,452,201,251
114000252,105,60,45
114000253,138,191,-53
114000254,62,93,-31
114000255,650,251,399
114000256,2051,2737,-686
114000257,407,1342,-935
114000258,386,460,-74
114000259,168,240,-72
114000260,0,22,-22
114000261,46,49,-3
114000262,358,170,188
114000263,15,1,14
114000264,1392,514,878
114000265,0,0,0
114000267,1,2119,-2118
114000268,5,1246,-1241
114000270,141,1,140
114000271,504,75,429
114000283,1438,470,968
114000285,23,196,-173
114000288,102,344,-242
114000289,1438,130,1308
114000293,210,435,-225
114000294,199,322,-123
114000395,1846,53,1793
114000396,643,575,68
114000402,562,326,236
114000403,318,385,-67
114000405,166,435,-269
114000423,315,357,-42
114000424,597,222,375
114000425,752,425,327
114000426,363,918,-555
114000427,86,72,14
114000428,237,262,-25
114000429,14,222,-208
114000432,111,92,19
114000434,40,86,-46
114000435,3,218,-215
114900001,835,948,-113
114900002,763,142,621
114900003,789,1235,-446
114900004,269,490,-221
114900005,711,732,-21
114900006,82,68,14
114900007,521,21,500
114900008,198,91,107
114900010,2102,2202,-100
114900011,272,144,128
114900013,393,176,217
114900015,95,577,-482
114900018,865,26,839
114900020,236,104,132
114900022,82,765,-683
114900024,351,175,176
114900025,633,223,410
114900026,67,177,-110
114900027,276,263,13
114900029,28,26,2
114900030,444,282,162
114900031,476,28,448
114900032,495,33,462
114900033,1118,992,126
114900034,74,251,-177
114900035,174,336,-162
114900036,262,758,-496
114900037,169,214,-45
114900038,242,754,-512
114900039,608,653,-45
114900040,80,136,-56
114900041,838,592,246
114900042,1034,748,286
114900043,695,263,432
114900044,213,45,168
114900046,66,152,-86
114900047,311,2240,-1929
114900048,144,259,-115
114900049,10,155,-145
114900050,47,441,-394
114900051,43,397,-354
114900052,135,283,-148
114900053,125,311,-186
114900054,54,140,-86
114900057,244,12,232
114900058,0,62,-62
114900059,153,59,94
114900060,1230,980,250
114900061,167,195,-28
114900062,283,402,-119
114900063,87,233,-146
114900064,1656,467,1189
114900065,428,817,-389
114900067,158,483,-325
114900068,67,155,-88
114900069,205,129,76
114900070,641,452,189
114900072,12,371,-359
114900073,0,150,-150
114900074,795,616,179
114900075,358,4,354
114900076,29,406,-377
114900080,2032,363,1669
114900082,3467,2283,1184
114900083,1221,1366,-145
114900090,438,207,231
114900091,186,188,-2
114900095,345,125,220
114900096,524,866,-342
114900097,144,3,141
114900098,10,218,-208
114900099,313,11,302
115000001,6021,4080,1941
115000002,4139,4459,-320
115000003,5140,3287,1853
115000004,4755,6513,-1758
115000005,1638,2230,-592
115000006,1004,1894,-890
115000007,132,215,-83
115000008,580,573,7
115000009,172,247,-75
115000010,297,205,92
115000013,90,214,-124
115000015,85,339,-254
115000016,274,388,-114
115000019,69,491,-422
115000020,144,885,-741
115000021,298,463,-165
115000022,534,462,72
115000023,413,741,-328
115000024,1209,570,639
115000025,1025,864,161
115000026,239,432,-193
115000027,294,369,-75
115000028,289,882,-593
115000029,714,121,593
115000030,1037,1327,-290
115000031,1414,549,865
115000032,11,230,-219
115000033,213,46,167
115000034,103,1259,-1156
115000035,1278,77,1201
115000036,1,439,-438
115000037,706,15,691
115000038,65,199,-134
115000039,3643,3993,-350
115000040,6658,3376,3282
115000041,1331,3840,-2509
115000042,923,792,131
115000043,4276,2610,1666
115000044,3672,3803,-131
115000045,2863,1732,1131
115000046,2647,2637,10
115000047,2447,1616,831
115000048,1565,2162,-597
115000049,1676,3261,-1585
115000050,3386,1847,1539
115000051,1881,3123,-1242
115000052,2448,1831,617
115000053,1983,2024,-41
115000054,702,1246,-544
115000055,203,945,-742
115000056,272,661,-389
115000057,754,1499,-745
115000058,622,405,217
115000059,308,179,129
115000061,217,221,-4
115000062,234,320,-86
115000063,459,293,166
115000064,321,158,163
115000065,50,526,-476
115000067,253,18,235
115000069,116,341,-225
115000070,47,881,-834
115000071,95,26,69
115000072,11,104,-93
115000073,1313,72,1241
115000075,114,67,47
115000076,3300,2798,502
115000077,3181,2252,929
115000078,1645,1412,233
115000079,1305,1867,-562
115000080,2619,2414,205
115000081,523,1042,-519
115000082,4581,4117,464
115000083,2351,2269,82
115000084,2752,1302,1450
115000085,885,942,-57
115000086,1408,924,484
115000087,493,1538,-1045
115000088,2168,785,1383
115000089,1513,1295,218
115000090,618,982,-364
115000091,236,875,-639
115000092,659,402,257
115000093,611,4,607
115000094,6590,5934,656
115000095,4932,6312,-1380
115000096,909,1391,-482
115000097,1097,936,161
115000098,1337,775,562
115000099,2804,2567,237
115000100,1081,374,707
115000101,418,1416,-998
115000102,478,244,234
115000103,313,648,-335
115000105,75,153,-78
115000106,645,362,283
115000107,213,406,-193
115000108,3146,2366,780
115000109,4410,5009,-599
115000110,1723,1741,-18
115000111,778,1791,-1013
115000112,1133,869,264
115000113,1049,928,121
115000114,1769,857,912
115000116,4436,2806,1630
115000117,4086,3744,342
115000118,2761,2114,647
115000119,2226,2881,-655
115000120,717,1628,-911
115000121,1450,1152,298
115000122,4594,2374,2220
115000123,2014,3002,-988
115000124,962,1167,-205
115000125,464,742,-278
115000126,238,360,-122
115000127,420,182,238
115000128,565,791,-226
115000129,283,335,-52
115000130,594,864,-270
115000131,889,295,594
115000132,382,407,-25
115000133,507,287,220
115000134,477,316,161
115000135,380,231,149
115000136,351,300,51
115000137,193,180,13
115000138,367,331,36
115000139,246,245,1
115000140,468,238,230
115000141,199,251,-52
115000142,274,254,20
115000143,927,763,164
115000144,548,78,470
115000145,326,337,-11
115000146,529,410,119
115000147,361,435,-74
115000148,401,1082,-681
115000149,793,260,533
115000150,847,972,-125
115000151,1336,567,769
115000152,840,1205,-365
115000153,1227,629,598
115000154,985,345,640
115000155,675,985,-310
115000156,1186,839,347
115000157,852,879,-27
115000158,642,554,88
115000159,836,675,161
115000160,756,682,74
115000161,512,519,-7
115000162,845,876,-31
115000163,618,692,-74
115000164,695,652,43
115000165,369,649,-280
115000167,125,80,45
115000168,663,297,366
115000169,656,346,310
115000170,153,160,-7
115000171,378,247,131
115000172,1491,749,742
115000173,421,757,-336
115000174,219,379,-160
115000175,214,166,48
115000176,146,215,-69
115000177,163,230,-67
115000178,19,247,-228
115000179,41,59,-18
115000180,157,509,-352
115000181,751,161,590
115000182,959,393,566
115000183,407,818,-411
115000186,774,312,462
115000187,282,797,-515
115000188,492,513,-21
115000189,244,464,-220
115000190,829,390,439
115000191,228,537,-309
115000194,149,263,-114
115000195,345,340,5
115000196,261,111,150
115000197,366,247,119
115000198,470,208,262
115000199,379,170,209
115000200,508,136,372
115000201,225,397,-172
115000206,442,93,349
115000207,217,338,-121
115000208,504,705,-201
115000209,885,346,539
115000210,221,132,89
115000211,392,286,106
115000212,1555,399,1156
115000224,474,58,416
115000225,63,98,-35
115000229,179,180,-1
115000230,109,482,-373
115000231,285,1509,-1224
115000232,1751,329,1422
115000233,156,195,-39
115000234,28,294,-266
115000241,113,260,-147
115000242,141,275,-134
115000243,61,202,-141
115000244,5,86,-81
115000246,33,36,-3
115000247,23,28,-5
115000248,26,42,-16
115000249,45,14,31
115000250,317,37,280
115000251,343,153,190
115000252,108,261,-153
115000253,21,508,-487
115000258,345,186,159
115000259,385,182,203
115000261,27,22,5
115000262,19,27,-8
115000263,14,65,-51
115000264,24,35,-11
115000267,90,88,2
115000268,48,139,-91
115000269,127,51,76
115000270,4,37,-33
115000272,99,157,-58
115000273,541,31,510
115000280,3062,340,2722
115000281,843,862,-19
115000282,1636,945,691
115000284,338,206,132
115000296,1333,12,1321
115000297,206,161,45
115000298,87,556,-469
115000300,263,196,67
115000302,809,186,623
115000303,870,170,700
115000304,938,113,825
115000305,138,724,-586
115000306,269,338,-69
115000307,143,251,-108
115000308,43,7,36
115000309,27,86,-59
115000310,1105,898,207
115000311,1100,1317,-217
115000313,148,563,-415
115000314,567,160,407
115000315,924,555,369
115000316,61,123,-62
115000317,230,505,-275
115000318,936,351,585
115000319,48,305,-257
115000320,8,388,-380
115000321,355,9,346
115000322,53,274,-221
115000449,289,208,81
115000557,3,1436,-1433
115000558,612,151,461
115000587,512,348,164
115000588,2188,2979,-791
115000589,3955,2729,1226
115000590,1248,1629,-381
115000591,1899,963,936
115000592,783,1886,-1103
115000593,1724,857,867
115000594,1015,2653,-1638
115000609,207,128,79
115000617,2208,4090,-1882
115000624,370,66,304
115000633,533,2092,-1559
115000634,2840,942,1898
115000635,649,167,482
115000638,907,726,181
115000641,86,154,-68
115000642,405,345,60
115000643,128,510,-382
115000644,164,441,-277
115000646,1010,1797,-787
115000647,269,616,-347
115000648,2295,1932,363
115000893,3235,1543,1692
115000894,161,1111,-950
115000895,389,745,-356
115000896,1244,451,793
115000897,620,178,442
115000898,701,226,475
115000899,458,1133,-675
115000900,99,316,-217
115000901,56,154,-98
115000912,488,124,364
115000913,0,20,-20
115000915,29,2,27
115000916,8,0,8
115000917,0,11,-11
115000918,82,389,-307
115000919,9,24,-15
115000920,27,60,-33
115000921,628,108,520
115000922,876,961,-85
115000923,414,1035,-621
115000925,112,82,30
115000927,46,75,-29
115000933,244,200,44
115000934,164,208,-44
115000935,141,83,58
115000936,77,717,-640
115000937,785,143,642
115000938,122,274,-152
115000939,85,238,-153
115900001,129,51,78
115900002,115,138,-23
115900003,256,113,143
115900004,3,58,-55
115900005,189,15,174
115900006,230,300,-70
115900008,68,10,58
115900009,95,262,-167
115900010,403,138,265
115900011,558,301,257
115900012,208,78,130
115900013,445,155,290
115900014,267,187,80
115900015,158,67,91
115900016,116,32,84
115900017,16,9,7
115900018,168,85,83
115900019,453,11,442
115900020,73,1,72
115900021,1258,211,1047
115900022,1585,15,1570
115900023,12,10,2
115900025,76,385,-309
115900026,979,237,742
115900027,3,342,-339
115900028,590,59,531
115900029,18,304,-286
115900030,39,34,5
115900031,314,397,-83
115900032,619,830,-211
115900033,0,57,-57
115900034,48,350,-302
115900035,51,50,1
115900036,71,782,-711
115900037,66,345,-279
115900038,71,26,45
115900039,197,255,-58
115900041,441,694,-253
115900042,38,9,29
115900043,147,106,41
115900044,311,296,15
115900046,316,269,47
115900047,215,186,29
115900049,177,235,-58
115900051,0,32,-32
115900052,10,211,-201
115900053,279,212,67
115900054,268,31,237
115900055,15,114,-99
115900056,243,312,-69
115900057,35,5,30
115900058,33,72,-39
115900060,131,191,-60
115900061,224,2,222
115900062,14,267,-253
115900063,66,13,53
115900064,199,219,-20
115900065,130,154,-24
115900066,178,151,27
115900067,14,537,-523
115900068,2979,961,2018
115900069,80,219,-139
115900070,265,190,75
115900071,1,554,-553
115900072,44,162,-118
115900073,92,110,-18
115900074,3,225,-222
115900075,50,287,-237
115900076,3,63,-60
115900077,6,228,-222
115900078,63,108,-45
115900079,204,27,177
115900080,470,233,237
115900081,16,76,-60
115900082,182,123,59
115900084,504,25,479
115900085,63,80,-17
115900086,1584,632,952
115900088,25,83,-58
115900089,394,700,-306
115900090,372,14,358
115900091,9,24,-15
115900092,17,150,-133
115900093,11,13,-2
115900094,4,316,-312
115900096,2,4,-2
115900097,9,357,-348
115900098,180,316,-136
115900099,133,82,51
115900100,8,476,-468
115900101,183,277,-94
115900102,105,70,35
115900103,443,159,284
115900104,109,116,-7
115900105,320,638,-318
115900106,65,22,43
115900107,133,98,35
115900108,181,67,114
115900109,64,438,-374
115900110,12,36,-24
115900111,4,76,-72
115900112,33,842,-809
115900113,61,95,-34
115900114,7,126,-119
115900115,72,245,-173
115900116,95,859,-764
115900117,95,35,60
115900118,2,275,-273
115900119,134,172,-38
115900120,47,344,-297
115900121,214,242,-28
115900124,313,771,-458
115900125,365,62,303
115900126,750,104,646
115900127,774,81,693
115900128,9,139,-130
115900129,917,69,848
115900130,22,263,-241
115900131,620,32,588
115900132,677,20,657
115900134,357,11,346
115900135,543,1342,-799
115900137,35,17,18
115900139,59,108,-49
115900140,298,29,269
115900141,10,59,-49
115900142,11,46,-35
115900143,335,469,-134
115900144,139,226,-87
115900146,6,108,-102
115900147,308,271,37
115900148,76,5,71
115900149,121,20,101
115900150,93,26,67
115900151,28,125,-97
115900152,116,325,-209
115900153,165,233,-68
115900154,504,387,117
115900155,1,46,-45
115900156,773,978,-205
115900157,178,500,-322
115900158,22,12,10
115900159,142,245,-103
115900160,9,10,-1
115900161,70,389,-319
115900163,251,191,60
115900164,619,63,556
115900165,5,160,-155
115900166,221,201,20
115900168,117,154,-37
115900171,124,444,-320
115900172,68,122,-54
115900173,275,167,108
115900174,286,212,74
115900175,198,263,-65
115900178,6,499,-493
115900179,310,11,299
115900180,58,151,-93
115900181,218,171,47
115900182,453,232,221
115900183,95,105,-10
115900184,1738,8,1730
115900187,17,134,-117
115900189,0,299,-299
115900190,367,1520,-1153
115900191,27,387,-360
115900192,10,163,-153
115900193,261,133,128
115900194,933,76,857
115900195,820,2464,-1644
115900198,230,348,-118
115900199,181,245,-64
115900200,333,344,-11
115900201,652,373,279
115900202,11,33,-22
115900203,11,12,-1
115900204,1,8,-7
115900205,107,18,89
115900206,257,170,87
115900207,38,26,12
115900208,196,166,30
115900209,5,188,-183
115900210,11,132,-121
115900211,4,184,-180
115900212,197,263,-66
115900213,94,106,-12
115900214,557,232,325
115900215,18,185,-167
115900216,5,113,-108
115900217,30,38,-8
115900218,7,46,-39
115900219,114,4,110
115900220,193,30,163
115900221,106,14,92
115900222,82,46,36
115900223,6,429,-423
115900224,1048,1182,-134
115900225,75,80,-5
115900226,18,73,-55
115900227,13,60,-47
115900228,12,48,-36
115900229,9,55,-46
115900230,40,113,-73
115900231,131,8,123
115900232,57,1,56
115900233,93,12,81
115900234,41,34,7
115900235,32,25,7
115900236,136,40,96
115900237,70,32,38
115900238,88,15,73
115900239,31,35,-4
115900240,32,64,-32
115900241,270,128,142
115900242,276,317,-41
115900243,9,18,-9
115900244,9,15,-6
115900245,58,12,46
115900246,37,8,29
115900247,40,8,32
115900248,10,4,6
115900249,12,13,-1
115900250,8,30,-22
115900251,2,30,-28
115900252,1,4,-3
115900253,13,18,-5
115900254,13,31,-18
115900255,8,12,-4
115900256,23,25,-2
115900257,2,10,-8
115900258,0,2,-2
115900259,12,2,10
115900260,7,1,6
115900261,11,2,9
115900262,4,2,2
115900263,11,2,9
115900264,6,7,-1
115900265,14,8,6
115900266,4,12,-8
115900267,7,22,-15
115900268,5,8,-3
115900269,559,415,144
115900270,448,426,22
115900271,196,1,195
115900272,42,10,32
115900273,12,41,-29
115900274,2,13,-11
115900275,2,10,-8
115900276,0,31,-31
115900277,0,74,-74
115900278,47,131,-84
115900279,31,200,-169
115900280,26,508,-482
115900281,384,260,124
115900282,15,18,-3
115900283,5,42,-37
115900284,18,9,9
116000001,12808,5027,7781
116000002,5886,12653,-6767
116000003,1715,1911,-196
116000004,2835,4466,-1631
116000005,2680,3662,-982
116000006,3133,2899,234
116000007,3544,4494,-950
116000008,5864,2920,2944
116000009,2084,2525,-441
116000010,2655,1859,796
116000011,894,2081,-1187
116000012,1814,1137,677
116000013,8943,4482,4461
116000014,11771,12335,-564
116000015,396,1535,-1139
116000016,6745,4146,2599
116000017,27,857,-830
116000018,943,417,526
116000019,828,359,469
116000020,767,1049,-282
116000021,466,321,145
116000022,405,408,-3
116000023,1326,755,571
116000024,796,934,-138
116000025,1045,893,152
116000026,2041,3051,-1010
116000027,829,659,170
116000028,471,943,-472
116000029,623,768,-145
116000030,997,564,433
116000031,216,320,-104
116000032,413,168,245
116000033,406,513,-107
116000034,813,910,-97
116000035,374,692,-318
116000036,1973,1374,599
116000037,746,622,124
116000038,505,545,-40
116000039,649,382,267
116000040,876,343,533
116000041,177,509,-332
116000042,703,287,416
116000043,87,854,-767
116000044,13,59,-46
116000045,2086,1397,689
116000046,1244,1813,-569
116000047,1760,2262,-502
116000048,2091,1889,202
116000049,1313,3500,-2187
116000050,1519,1366,153
116000051,6630,3359,3271
116000052,6317,5488,829
116000053,2134,1017,1117
116000054,906,3006,-2100
116000055,778,1024,-246
116000056,1139,1097,42
116000057,2879,1625,1254
116000058,3294,2965,329
116000059,3368,4747,-1379
116000060,2359,985,1374
116000061,810,1082,-272
116000062,582,284,298
116000063,687,1195,-508
116000066,386,770,-384
116000067,245,492,-247
116000068,237,332,-95
116000069,454,391,63
116000078,691,1247,-556
116000080,1876,1034,842
116000082,4,63,-59
116000083,1725,419,1306
116000084,2444,4255,-1811
116000085,2316,2114,202
116000086,1830,1080,750
116000087,2246,1780,466
116000088,885,1212,-327
116000089,180,143,37
116000090,102,186,-84
116000091,633,301,332
116000093,1270,582,688
116000094,758,686,72
116000095,928,779,149
116000096,834,1596,-762
116000097,1129,801,328
116000098,241,7752,-7511
116000099,7113,280,6833
116000100,271,16,255
116000101,1000,981,19
116000102,316,1581,-1265
116000103,536,327,209
116000104,204,1453,-1249
116000105,1187,204,983
116000106,622,1081,-459
116000107,2536,326,2210
116000108,1230,229,1001
116000111,158,43,115
116000113,152,143,9
116000114,95,172,-77
116000115,461,174,287
116000116,295,599,-304
116000117,1794,2241,-447
116000118,1831,1340,491
116000119,3746,2180,1566
116000120,3372,4160,-788
116000121,1042,618,424
116000122,1393,1862,-469
116000123,1328,532,796
116000124,404,1135,-731
116000125,3336,876,2460
116000126,306,1563,-1257
116000127,1062,1271,-209
116000128,2011,994,1017
116000129,1415,290,1125
116000130,620,559,61
116000133,1225,915,310
116000134,1943,2260,-317
116000135,3033,1562,1471
116000136,1324,2153,-829
116000137,1292,925,367
116000138,1049,834,215
116000139,1707,2527,-820
116000140,163,202,-39
116000141,341,627,-286
116000142,3017,2563,454
116000143,1813,1755,58
116000144,1613,2044,-431
116000145,1822,1340,482
116000146,535,239,296
116000147,240,137,103
116000148,620,649,-29
116000149,963,799,164
116000151,527,611,-84
116000153,150,407,-257
116000155,245,280,-35
116000156,1214,1231,-17
116000157,88,22,66
116000158,390,356,34
116000159,16,20,-4
116000160,44,91,-47
116000161,5,120,-115
116000162,103,112,-9
116000163,29,12,17
116000164,30,28,2
116000177,1246,181,1065
116000194,82,431,-349
116000195,1533,771,762
116000196,20,6,14
116000197,9,10,-1
116000198,2610,1251,1359
116000200,707,542,165
116000201,674,722,-48
116000202,8,262,-254
116000203,6,92,-86
116000204,14,85,-71
116000205,0,167,-167
116000206,2,126,-124
116000207,6,47,-41
116000233,259,575,-316
116000287,147,409,-262
116000288,325,188,137
116000292,101,155,-54
116000296,7,226,-219
116000297,140,14,126
116000304,159,59,100
116000305,49,95,-46
116000346,205,130,75
116000352,108,52,56
116000354,38,24,14
116000357,21,61,-40
116000358,544,70,474
116000361,76,3,73
116000372,5360,4834,526
116000381,114,0,114
116000388,3,73,-70
116000389,1153,674,479
116000445,559,516,43
116000446,659,650,9
116000447,13,576,-563
116000448,593,208,385
116000563,990,965,25
116000565,58,390,-332
116000568,87,359,-272
116000579,36,114,-78
116000584,17,12,5
116000585,22,19,3
116000586,92,143,-51
116000587,681,812,-131
116000589,74,77,-3
116000590,118,82,36
116000591,267,243,24
116000592,8,111,-103
116000593,0,35,-35
116000594,671,532,139
116000595,754,176,578
116000596,92,12,80
116000597,595,114,481
116000598,34,229,-195
116000602,80,448,-368
116000605,419,169,250
116000606,115,281,-166
116000607,11,74,-63
116000609,193,857,-664
116000611,143,435,-292
116000612,771,1913,-1142
116000613,785,359,426
116000614,461,575,-114
116000615,3,403,-400
116000616,84,77,7
116000617,109,40,69
116000618,2,91,-89
116000619,68,85,-17
116000620,155,108,47
116000621,80,120,-40
116000622,83,138,-55
116000624,324,120,204
116000627,68,45,23
116000628,102,402,-300
116000629,57,335,-278
116000630,528,61,467
116000631,251,86,165
116000632,606,253,353
116000633,106,336,-230
116000634,558,49,509
116000635,2727,2405,322
116000636,860,1305,-445
116000637,386,34,352
116000638,36,370,-334
116900001,235,206,29
116900002,304,1,303
116900003,29,54,-25
116900004,52,44,8
116900005,318,75,243
116900006,260,318,-58
116900007,147,197,-50
116900008,513,314,199
116900009,17,5,12
116900010,3,1053,-1050
116900011,42,58,-16
116900012,251,199,52
116900013,7,171,-164
116900014,117,179,-62
116900015,390,56,334
116900016,247,5,242
116900017,1,527,-526
116900018,90,45,45
116900019,7,308,-301
116900020,1040,1201,-161
116900023,75,18,57
116900024,694,71,623
116900025,1220,973,247
116900026,145,576,-431
116900027,28,58,-30
116900028,3,85,-82
116900029,0,56,-56
116900031,6,5,1
116900032,11,326,-315
116900033,31,9,22
116900034,36,70,-34
116900035,198,187,11
116900036,5,127,-122
116900038,35,4,31
116900041,35,9,26
116900042,536,220,316
116900043,22,66,-44
116900047,35,170,-135
116900049,27,379,-352
116900050,144,514,-370
116900051,158,177,-19
116900052,201,106,95
116900055,0,8,-8
116900057,24,257,-233
116900058,84,381,-297
116900059,5,140,-135
116900060,174,199,-25
116900062,0,14,-14
116900064,95,625,-530
116900065,40,124,-84
116900067,122,106,16
116900068,113,225,-112
116900070,2,7,-5
116900072,44,365,-321
116900073,18,133,-115
116900074,6,37,-31
116900076,11,80,-69
116900077,9,116,-107
116900078,192,103,89
116900079,86,222,-136
116900080,16,24,-8
116900081,444,1150,-706
116900082,412,1078,-666
116900083,45,54,-9
116900084,134,71,63
116900085,47,171,-124
116900086,71,233,-162
116900088,415,161,254
116900090,113,48,65
116900091,403,48,355
116900092,133,712,-579
116900093,1723,2203,-480
116900094,4283,3881,402
116900095,266,168,98
116900096,132,468,-336
116900097,2915,3085,-170
116900098,1009,414,595
116900099,859,865,-6
116900100,902,29,873
116900101,382,559,-177
116900103,3,0,3
116900104,91,80,11
116900105,350,155,195
116900106,2001,548,1453
116900107,3702,2813,889
116900110,20,2,18
116900111,522,689,-167
116900112,322,950,-628
116900113,2024,1652,372
116900116,180,672,-492
116900117,114,115,-1
116900118,805,993,-188
116900120,421,95,326
116900121,196,31,165
116900122,876,737,139
116900123,292,692,-400
116900124,203,1041,-838
116900125,467,275,192
116900126,165,529,-364
116900128,0,31,-31
116900129,3,381,-378
116900130,719,3979,-3260
116900131,122,415,-293
116900132,76,143,-67
116900133,197,172,25
116900134,283,266,17
116900136,304,261,43
116900137,335,157,178
116900138,279,146,133
116900139,210,484,-274
116900140,222,171,51
116900141,873,536,337
116900142,4,122,-118
116900143,306,383,-77
116900144,55,101,-46
116900145,101,229,-128
116900147,583,536,47
116900148,11,51,-40
116900149,62,273,-211
116900150,26,20,6
116900151,74,17,57
116900153,127,83,44
116900154,655,633,22
116900155,108,73,35
116900157,625,279,346
116900158,133,284,-151
116900159,70,312,-242
116900160,913,1052,-139
116900161,6142,7057,-915
116900162,9,130,-121
116900163,210,161,49
116900164,109,72,37
116900165,233,377,-144
116900166,46,64,-18
116900167,463,89,374
116900168,412,91,321
116900169,634,586,48
116900170,346,661,-315
116900171,54,180,-126
116900172,219,393,-174
116900173,240,46,194
116900174,67,53,14
116900175,196,183,13
116900178,50,134,-84
116900179,145,364,-219
116900180,90,31,59
116900182,560,219,341
116900183,215,125,90
116900185,31,85,-54
116900186,84,239,-155
116900187,113,53,60
116900188,197,33,164
116900189,88,0,88
116900191,543,693,-150
116900192,334,129,205
116900194,176,1321,-1145
116900195,77,38,39
116900196,34,104,-70
116900197,119,22,97
116900198,243,309,-66
116900200,73,28,45
116900201,196,16,180
116900202,140,58,82
116900203,144,22,122
116900204,37,117,-80
116900206,17,17,0
116900207,22,33,-11
116900208,15,121,-106
116900209,31,123,-92
116900210,590,302,288
116900211,317,5,312
116900212,67,44,23
116900213,294,147,147
116900214,203,200,3
116900215,80,80,0
116900216,226,258,-32
116900218,16,260,-244
116900219,1420,424,996
116900220,148,269,-121
116900221,142,372,-230
116900222,441,388,53
116900223,139,346,-207
116900226,88,74,14
116900227,202,112,90
116900228,324,242,82
116900230,55,232,-177
116900231,26,356,-330
116900232,8,363,-355
116900233,235,111,124
116900234,24,16,8
116900235,184,288,-104
116900238,1667,429,1238
116900239,13,1451,-1438
116900240,5743,3411,2332
116900241,100,276,-176
116900242,422,602,-180
116900243,0,26,-26
116900245,26,31,-5
116900246,128,20,108
116900247,778,43,735
116900248,107,44,63
116900249,453,157,296
116900250,616,54,562
116900251,490,599,-109
116900252,151,878,-727
116900253,157,101,56
116900254,35,94,-59
116900255,127,104,23
116900256,445,123,322
116900257,25,433,-408
116900258,0,228,-228
116900259,308,29,279
116900260,2,95,-93
116900261,69,1,68
116900262,288,154,134
116900263,0,9,-9
116900264,1,8,-7
116900265,44,2,42
116900266,11,69,-58
116900267,2,6,-4
116900268,222,194,28
116900269,270,537,-267
116900271,1838,282,1556
116900272,377,341,36
116900273,222,141,81
116900274,128,108,20
116900275,198,148,50
116900276,835,161,674
116900277,546,21,525
116900278,5,23,-18
116900279,1,20,-19
116900280,23,28,-5
116900281,5937,4513,1424
116900282,1,105,-104
116900283,26,101,-75
116900284,22,241,-219
116900285,291,238,53
116900286,223,18,205
116900287,9,44,-35
116900288,80,160,-80
116900289,5,13,-8
116900290,10,16,-6
116900291,17,17,0
116900292,0,10,-10
116900293,79,63,16
116900294,19,168,-149
116900295,185,79,106
116900296,83,67,16
116900297,7,116,-109
116900298,122,79,43
116900299,35,86,-51
116900300,21,71,-50
116900301,43,136,-93
116900302,85,73,12
116900303,259,91,168
116900304,0,176,-176
116900305,18,50,-32
116900306,166,105,61
117000001,2128,1795,333
117000002,1938,4116,-2178
117000003,7482,3904,3578
117000004,4184,5631,-1447
117000005,2367,2024,343
117000006,1312,3147,-1835
117000007,4441,1409,3032
117000008,1142,3704,-2562
117000009,5870,2491,3379
117000010,3040,3990,-950
117000011,2629,1777,852
117000012,1409,1406,3
117000013,2085,886,1199
117000014,1351,2343,-992
117000015,2801,1514,1287
117000016,487,107,380
117000017,240,115,125
117000018,157,635,-478
117000019,103,3,100
117000020,548,1577,-1029
117000021,1753,476,1277
117000022,390,130,260
117000023,219,146,73
117000024,268,243,25
117000025,503,1001,-498
117000026,2140,1381,759
117000027,2827,5704,-2877
117000028,4289,2341,1948
117000030,682,445,237
117000031,430,357,73
117000032,1801,1078,723
117000033,1285,695,590
117000034,370,316,54
117000035,398,346,52
117000036,338,330,8
117000037,285,239,46
117000038,241,637,-396
117000039,516,267,249
117000040,263,972,-709
117000041,1011,189,822
117000044,15,761,-746
117000045,456,93,363
117000046,444,917,-473
117000047,1006,690,316
117000048,2104,1040,1064
117000049,100,584,-484
117000050,141,1773,-1632
117000051,2438,104,2334
117000052,60,328,-268
117000053,596,43,553
117000054,1902,11,1891
117000055,12,2705,-2693
117000056,729,18,711
117000057,542,2337,-1795
117000060,480,1507,-1027
117000061,1807,988,819
117000062,368,735,-367
117000063,2058,1036,1022
117000064,809,882,-73
117000066,1078,1009,69
117000067,153,664,-511
117000074,184,226,-42
117000076,112,42,70
117000077,214,233,-19
117000078,164,770,-606
117000079,525,263,262
117000080,0,346,-346
117000081,1456,157,1299
117000082,24,101,-77
117000083,135,14,121
117000084,268,3,265
117000085,394,756,-362
117000086,945,498,447
117000087,97,449,-352
117000088,241,227,14
117000089,1700,249,1451
117000090,377,1161,-784
117000091,990,337,653
117000092,423,1204,-781
117000093,1285,906,379
117000094,1417,2838,-1421
117000095,3895,1158,2737
117000096,817,2213,-1396
117000097,1640,1265,375
117000098,2583,4369,-1786
117000099,3946,1351,2595
117000100,271,434,-163
117000101,241,1078,-837
117000102,1917,684,1233
117000103,757,1628,-871
117000104,1492,761,731
117000105,845,1417,-572
117000106,1371,812,559
117000107,543,1722,-1179
117000108,1935,876,1059
117000109,1556,2350,-794
117000110,1786,1157,629
117000111,4239,4840,-601
117000112,3798,1944,1854
117000113,185,295,-110
117000114,297,153,144
117000115,110,116,-6
117000116,153,228,-75
117000117,1871,1298,573
117000118,275,159,116
117000119,233,201,32
117000120,180,639,-459
117000121,193,1286,-1093
117000122,368,698,-330
117000123,1884,54,1830
117000124,735,114,621
117000125,352,168,184
117000126,59,15,44
117000127,208,370,-162
117000128,453,834,-381
117000129,374,617,-243
117000130,123,4,119
117000131,2,102,-100
117000132,3729,29,3700
117000133,1702,56,1646
117000134,0,73,-73
117000135,4,62,-58
117000136,2,48,-46
117000137,186,158,28
117000138,0,753,-753
117000140,535,1549,-1014
117000141,1889,600,1289
117000181,683,342,341
117000182,489,683,-194
117000195,222,1073,-851
117000196,283,162,121
117000225,131,25,106
117000226,7,115,-108
117000276,421,16,405
117000277,0,329,-329
117000310,1833,2352,-519
117000315,70,674,-604
117000320,74,0,74
117000906,330,9,321
117000907,24,310,-286
117000908,21,36,-15
117000909,46,48,-2
117000910,219,189,30
117000911,97,169,-72
117000915,10,483,-473
117000916,41,4,37
117000917,1328,47,1281
117000918,90,68,22
117000919,7,100,-93
117000920,6,1405,-1399
117000921,1,1189,-1188
117000922,30,132,-102
117000924,401,883,-482
117000926,880,102,778
117000927,1968,1320,648
117000928,1,175,-174
117000929,204,291,-87
117000930,213,19,194
117000931,513,235,278
117900002,97,435,-338
117900003,914,628,286
117900005,7,46,-39
117900006,0,87,-87
117900007,177,116,61
117900008,0,44,-44
117900010,229,121,108
117900011,34,108,-74
117900012,73,116,-43
117900013,3,209,-206
117900014,452,121,331
117900015,26,143,-117
117900016,1471,1064,407
117900017,536,253,283
117900018,223,130,93
117900019,502,250,252
117900020,99,546,-447
117900021,43,72,-29
117900022,51,14,37
117900023,718,181,537
117900024,87,61,26
117900025,40,15,25
117900026,435,308,127
117900028,71,3,68
117900029,236,547,-311
117900030,620,350,270
117900031,167,102,65
117900032,1184,538,646
117900033,286,537,-251
117900034,29,32,-3
117900035,342,85,257
117900036,252,420,-168
117900037,168,126,42
117900038,32,303,-271
117900039,5,82,-77
117900040,130,405,-275
117900041,5,46,-41
117900042,3989,372,3617
117900043,28,54,-26
117900044,89,2952,-2863
117900045,180,127,53
117900048,360,258,102
117900049,251,469,-218
117900050,7,74,-67
117900051,24,6,18
117900052,71,402,-331
117900053,1740,733,1007
117900054,1,25,-24
117900055,262,120,142
117900056,279,43,236
117900057,1019,1426,-407
117900058,84,29,55
117900059,351,97,254
117900060,2697,5222,-2525
117900061,24,227,-203
117900063,402,186,216
117900065,1005,1350,-345
117900066,10,91,-81
117900067,482,169,313
117900069,731,281,450
117900070,249,46,203
117900071,103,147,-44
117900073,434,267,167
117900074,164,83,81
117900075,117,111,6
117900076,18,47,-29
117900077,575,157,418
117900078,399,929,-530
117900080,121,33,88
117900081,577,368,209
117900082,482,343,139
117900083,390,443,-53
117900086,97,27,70
117900087,148,41,107
117900088,3623,2081,1542
117900089,2598,808,1790
117900090,418,466,-48
117900091,315,187,128
117900092,84,33,51
117900093,80,55,25
117900094,49,22,27
117900095,265,344,-79
117900096,105,294,-189
117900097,340,131,209
117900098,25,12,13
117900099,178,209,-31
117900100,232,1,231
117900101,501,1972,-1471
117900102,72,64,8
117900103,103,5,98
117900104,21,175,-154
117900105,206,235,-29
117900106,127,54,73
117900107,61,0,61
117900109,605,394,211
117900110,134,0,134
117900111,438,45,393
117900112,75,25,50
117900113,3307,1983,1324
117900114,23,0,23
117900115,311,72,239
117900116,1054,1005,49
117900117,663,312,351
117900118,93,0,93
117900119,211,161,50
117900120,237,70,167
117900121,298,95,203
117900122,1753,4258,-2505
117900123,784,451,333
117900124,1235,852,383
117900125,2013,2200,-187
117900126,268,573,-305
117900127,465,500,-35
117900128,366,760,-394
117900129,83,1,82
117900130,1209,552,657
117900131,3,136,-133
117900132,31,115,-84
117900133,15,128,-113
117900134,204,305,-101
117900135,28,213,-185
117900136,0,27,-27
117900137,36,339,-303
117900138,9,48,-39
117900139,144,154,-10
117900140,3144,256,2888
117900141,236,200,36
117900142,102,60,42
117900144,109,216,-107
117900145,49,54,-5
117900146,232,204,28
117900147,114,87,27
117900148,2709,1657,1052
117900149,135,204,-69
117900150,57,35,22
117900151,26,92,-66
117900152,67,80,-13
117900153,38,120,-82
117900154,453,564,-111
117900156,1022,924,98
117900157,147,624,-477
117900158,337,140,197
117900160,692,797,-105
117900161,2666,2424,242
117900162,502,415,87
117900163,79,111,-32
117900165,0,20,-20
117900166,153,651,-498
117900168,37,155,-118
117900169,0,96,-96
117900170,1,23,-22
117900171,1,36,-35
117900172,19,45,-26
117900173,137,117,20
117900174,29,101,-72
117900175,5,41,-36
117900176,12,25,-13
117900177,44,53,-9
117900178,130,42,88
117900180,258,48,210
117900181,87,394,-307
117900182,8,40,-32
117900183,77,205,-128
117900184,54,69,-15
117900185,36,57,-21
117900186,61,13,48
117900187,13,11,2
117900188,180,46,134
117900189,101,39,62
117900190,37,0,37
117900191,77,2,75
117900192,254,2,252
117900193,21,76,-55
117900194,10,10,0
117900195,40,58,-18
117900196,18,51,-33
117900207,211,131,80
117900208,40,25,15
117900209,232,203,29
117900210,151,274,-123
117900211,13,223,-210
117900212,148,178,-30
117900213,27,18,9
117900214,7,40,-33
117900215,23,51,-28
117900216,30,18,12
117900217,120,410,-290
117900218,146,144,2
117900219,5,143,-138
117900220,117,96,21
117900222,224,285,-61
117900223,130,344,-214
118000001,935,1096,-161
118000002,1007,2156,-1149
118000003,2512,3744,-1232
118000004,2922,2634,288
118000005,5774,7054,-1280
118000006,6680,11992,-5312
118000007,5923,4419,1504
118000008,5260,4219,1041
118000009,1947,4529,-2582
118000010,8212,5064,3148
118000011,1677,2500,-823
118000012,1285,2392,-1107
118000013,3040,2693,347
118000014,2144,2732,-588
118000016,235,406,-171
118000017,501,513,-12
118000018,411,482,-71
118000019,2374,1669,705
118000020,1568,4895,-3327
118000021,782,4046,-3264
118000022,1839,1042,797
118000023,944,321,623
118000024,1932,1898,34
118000027,16966,16891,75
118000029,1160,822,338
118000032,1454,4582,-3128
118000033,3323,8139,-4816
118000034,5996,3014,2982
118000035,2004,4060,-2056
118000036,1058,1594,-536
118000037,690,1000,-310
118000038,224,135,89
118000039,92,318,-226
118000040,1852,1474,378
118000041,2722,1397,1325
118000045,591,188,403
118000046,1217,638,579
118000047,719,713,6
118000048,3149,1997,1152
118000051,4377,2350,2027
118000052,2955,1543,1412
118000053,469,734,-265
118000054,2028,1659,369
118000055,1705,1659,46
118000056,720,540,180
118000057,376,397,-21
118000058,3763,2636,1127
118000059,2369,1608,761
118000060,1251,629,622
118000061,1596,1653,-57
118000062,723,409,314
118000063,409,847,-438
118000064,973,1356,-383
118000065,4394,2035,2359
118000066,1124,1768,-644
118000067,1205,1052,153
118000068,2016,4746,-2730
118000069,4144,1384,2760
118000070,5891,2270,3621
118000071,4096,7839,-3743
118000072,1873,1498,375
118000073,2500,748,1752
118000074,506,408,98
118000075,773,323,450
118000076,1789,2766,-977
118000077,1361,1366,-5
118000078,2005,2765,-760
118000079,350,517,-167
118000080,1051,1001,50
118000081,2010,1396,614
118000082,363,1490,-1127
118000083,2130,2042,88
118000084,3954,1960,1994
118000086,320,606,-286
118000087,5209,2848,2361
118000088,2063,1692,371
118000089,4077,2389,1688
118000090,1460,3110,-1650
118000091,1355,2621,-1266
118000092,1086,590,496
118000093,115,808,-693
118000096,540,656,-116
118000097,963,644,319
118000098,338,228,110
118000099,689,784,-95
118000101,1288,390,898
118000102,385,1280,-895
118000107,1940,555,1385
118000108,976,2203,-1227
118000110,5,35,-30
118000111,0,306,-306
118000112,516,1,515
118000113,5,542,-537
118000114,487,4,483
118000115,26,6,20
118000116,41,0,41
118000117,1316,784,532
118000118,1074,1006,68
118000119,1038,1188,-150
118000120,1827,1305,522
118000121,151,800,-649
118000122,1542,422,1120
118000123,63,315,-252
118000125,1807,1083,724
118000126,723,1674,-951
118000127,2162,708,1454
118000128,732,1136,-404
118000129,911,351,560
118000130,2349,3278,-929
118000131,513,814,-301
118000132,2721,2025,696
118000133,1006,395,611
118000135,674,366,308
118000136,160,496,-336
118000137,671,96,575
118000138,472,578,-106
118000139,497,109,388
118000140,2972,4873,-1901
118000141,2425,1942,483
118000142,2097,1615,482
118000143,2353,1323,1030
118000144,1419,921,498
118000145,1646,1723,-77
118000146,1296,771,525
118000147,909,1476,-567
118000148,553,1307,-754
118000149,1140,1113,27
118000150,625,267,358
118000151,516,410,106
118000153,1672,1456,216
118000154,1565,1658,-93
118000155,1403,1435,-32
118000156,2182,2520,-338
118000157,668,424,244
118000158,226,496,-270
118000159,21,105,-84
118000160,554,451,103
118000161,493,747,-254
118000162,1984,883,1101
118000163,1040,861,179
118000164,2304,1574,730
118000168,1214,757,457
118000169,1184,1337,-153
118000170,4325,6431,-2106
118000171,388,869,-481
118000172,83,361,-278
118000173,922,1327,-405
118000175,359,358,1
118000176,324,466,-142
118000177,242,617,-375
118000178,52,45,7
118000179,1333,1452,-119
118000180,958,819,139
118000181,804,323,481
118000182,349,240,109
118000183,214,342,-128
118000184,912,721,191
118000185,1418,1223,195
118000186,933,1251,-318
118000187,1473,841,632
118000188,659,233,426
118000189,683,772,-89
118000190,9,19,-10
118000191,40,33,7
118000192,103,200,-97
118000193,85,344,-259
118000194,1325,949,376
118000195,1014,1413,-399
118000196,326,239,87
118000197,220,180,40
118000198,496,751,-255
118000199,485,364,121
118000200,172,335,-163
118000201,467,523,-56
118000202,58,69,-11
118000203,1045,632,413
118000204,207,364,-157
118000205,246,315,-69
118000206,292,175,117
118000207,0,72,-72
118000208,1462,1583,-121
118000209,2121,1708,413
118000210,66,34,32
118000211,28,30,-2
118000213,1904,2084,-180
118000214,632,690,-58
118000215,349,168,181
118000216,2310,2994,-684
118000217,20,116,-96
118000218,118,105,13
118000219,480,249,231
118000220,3,36,-33
118000221,277,355,-78
118000222,75,14,61
118000223,35,44,-9
118000224,178,152,26
118000225,144,641,-497
118000226,1028,209,819
118000227,887,426,461
118000228,199,308,-109
118000229,238,76,162
118000230,188,238,-50
118000231,124,263,-139
118000232,970,854,116
118000233,1383,872,511
118000234,593,272,321
118000236,474,391,83
118000237,124,410,-286
118000238,298,200,98
118000239,307,323,-16
118000240,401,196,205
118000241,166,242,-76
118000242,450,627,-177
118000243,381,243,138
118000244,60,98,-38
118000246,0,37,-37
118000255,53,254,-201
118000256,118,228,-110
118000259,13,52,-39
118000260,183,94,89
118000261,43,54,-11
118000263,92,197,-105
118000266,144,256,-112
118000267,1,163,-162
118000268,433,22,411
118000270,108,54,54
118000271,148,269,-121
118000272,147,50,97
118000273,169,86,83
118000274,110,270,-160
118000276,636,408,228
118000295,13,153,-140
118000298,191,308,-117
118000299,60,153,-93
118000301,1,40,-39
118000302,130,66,64
118000311,548,133,415
118000312,323,225,98
118000313,67,140,-73
118000314,78,69,9
118000315,60,42,18
118000316,891,549,342
118000325,97,54,43
118000326,48,36,12
118000331,30,46,-16
118000332,22,38,-16
118000333,32,85,-53
118000335,384,2,382
118000336,0,239,-239
118000407,221,91,130
118000457,7,24,-17
118000465,3777,4771,-994
118000480,31,114,-83
118000489,29,343,-314
118000490,24,203,-179
118000492,382,218,164
118000510,83,29,54
118000514,183,318,-135
118000515,765,658,107
118000517,349,218,131
118000524,361,338,23
118000525,862,864,-2
118000530,20,101,-81
118000531,348,328,20
118000532,250,286,-36
118000533,322,130,192
118000534,522,443,79
118000535,286,165,121
118000536,1122,2398,-1276
118000537,18,303,-285
118000538,27,57,-30
118000539,15,92,-77
118000540,420,151,269
118000541,210,72,138
118000542,162,188,-26
118000543,278,260,18
118000546,53,49,4
118000553,0,0,0
118000557,0,0,0
118000560,2762,2587,175
118000562,41,168,-127
118000563,1573,1324,249
118000576,162,134,28
118000577,167,141,26
118000578,175,74,101
118000579,625,1280,-655
118000583,0,0,0
118000595,296,95,201
118000596,0,80,-80
118000597,129,101,28
118000598,8,0,8
118000599,55,53,2
118000600,1,19,-18
118000601,2,0,2
118000602,0,7,-7
118000603,0,32,-32
118900001,747,1588,-841
118900002,983,922,61
118900003,503,9,494
118900004,26,62,-36
118900005,82,4,78
118900006,183,14,169
118900007,17,3,14
118900008,1897,87,1810
118900009,95,56,39
118900010,85,5,80
118900011,197,39,158
118900012,494,256,238
118900013,652,189,463
118900015,238,65,173
118900016,27,12,15
118900017,267,332,-65
118900018,990,44,946
118900019,72,42,30
118900020,280,124,156
118900021,209,349,-140
118900022,191,127,64
118900023,201,89,112
118900024,143,176,-33
118900025,69,21,48
118900026,79,106,-27
118900027,470,174,296
118900028,224,210,14
118900029,378,438,-60
118900030,426,76,350
118900031,197,114,83
118900032,234,195,39
118900033,573,558,15
118900034,165,40,125
118900035,181,167,14
118900036,1452,832,620
118900037,374,304,70
118900038,541,195,346
118900039,562,173,389
118900040,278,199,79
118900041,613,169,444
118900042,221,133,88
118900045,320,217,103
118900046,886,506,380
118900047,579,328,251
118900048,159,196,-37
118900049,79,67,12
118900050,54,124,-70
118900051,66,129,-63
118900052,364,265,99
118900053,85,104,-19
118900054,132,63,69
118900055,114,103,11
118900056,30,494,-464
118900057,1007,555,452
118900058,476,442,34
118900059,22,101,-79
118900060,272,160,112
118900062,576,224,352
118900064,665,583,82
118900065,62,149,-87
118900066,101,102,-1
118900067,5326,4030,1296
118900068,7,219,-212
118900069,449,254,195
118900071,6,107,-101
118900072,452,378,74
118900073,114,85,29
118900074,116,192,-76
118900075,47,72,-25
118900076,227,130,97
118900077,294,238,56
118900078,70,7,63
118900079,82,197,-115
118900080,47,146,-99
118900081,85,47,38
118900082,941,210,731
118900083,76,12,64
118900084,20,18,2
118900085,685,826,-141
118900086,59,119,-60
118900087,49,261,-212
118900088,0,13,-13
118900089,41,29,12
118900090,527,380,147
118900091,195,218,-23
118900092,183,99,84
118900093,168,47,121
118900096,48,21,27
118900097,317,491,-174
118900099,114,256,-142
118900100,164,308,-144
118900101,129,528,-399
118900102,55,119,-64
118900103,79,156,-77
118900104,277,136,141
118900105,225,114,111
118900107,171,103,68
118900108,90,100,-10
118900110,1353,1040,313
118900111,616,542,74
118900112,90,184,-94
118900113,86,425,-339
118900114,28,119,-91
118900115,154,566,-412
118900116,170,245,-75
118900117,103,250,-147
118900118,340,396,-56
118900119,184,239,-55
118900120,127,348,-221
118900121,21,197,-176
118900122,23,999,-976
118900123,176,246,-70
118900124,105,238,-133
118900126,23,379,-356
118900129,241,209,32
118900130,71,270,-199
118900131,289,227,62
118900132,333,212,121
118900133,7,125,-118
118900135,222,266,-44
118900136,208,506,-298
118900137,46,49,-3
118900139,211,382,-171
118900140,439,609,-170
118900141,118,170,-52
118900144,168,369,-201
118900145,225,161,64
118900146,410,710,-300
118900147,302,142,160
118900148,115,82,33
118900150,150,626,-476
118900152,600,833,-233
118900157,86,169,-83
118900158,88,81,7
118900159,0,243,-243
118900161,64,5,59
118900163,141,119,22
118900164,2,160,-158
118900165,65,221,-156
118900166,48,4,44
118900167,97,108,-11
118900168,22,202,-180
118900169,131,326,-195
118900170,195,137,58
118900171,34,38,-4
118900174,85,79,6
118900175,438,553,-115
118900176,177,314,-137
118900177,74,52,22
118900178,66,169,-103
118900179,3,27,-24
118900181,92,106,-14
118900182,137,61,76
118900183,40,108,-68
118900184,368,148,220
118900185,126,107,19
118900186,132,121,11
118900187,264,308,-44
118900188,345,294,51
118900189,50,842,-792
118900190,12,294,-282
118900191,201,62,139
118900192,204,23,181
118900193,514,2,512
118900195,316,668,-352
118900196,65,129,-64
118900197,128,52,76
118900198,39,29,10
118900199,108,48,60
118900200,31,22,9
118900201,51,42,9
118900202,23,74,-51
118900203,10,39,-29
118900204,32,31,1
118900205,6,18,-12
118900206,4,36,-32
119000001,1570,2254,-684
119000002,5487,4178,1309
119000003,3203,1212,1991
119000004,2590,1538,1052
119000005,1926,2338,-412
119000006,2855,1733,1122
119000007,3804,3572,232
119000008,2047,2018,29
119000009,4387,5318,-931
119000010,7069,4814,2255
119000011,4687,3287,1400
119000012,3790,4115,-325
119000013,2759,1751,1008
119000014,2045,3203,-1158
119000019,369,224,145
119000020,2339,1526,813
119000021,4949,2808,2141
119000022,2921,3148,-227
119000023,335,275,60
119000024,2168,12293,-10125
119000025,7365,1564,5801
119000026,174,556,-382
119000027,278,455,-177
119000028,1919,1053,866
119000029,102,340,-238
119000030,608,1185,-577
119000031,1010,763,247
119000032,3082,3007,75
119000033,2569,1549,1020
119000034,1252,1063,189
119000035,38,387,-349
119000036,1958,854,1104
119000037,1415,1650,-235
119000038,180,812,-632
119000039,313,342,-29
119000040,847,528,319
119000041,804,1144,-340
119000048,3464,3202,262
119000049,1861,2436,-575
119000050,1906,2097,-191
119000051,2531,1124,1407
119000052,2166,3075,-909
119000053,2200,1410,790
119000054,3619,3289,330
119000055,5063,3605,1458
119000056,2977,2348,629
119000057,1891,1948,-57
119000058,2275,1846,429
119000059,1517,1869,-352
119000060,1966,1340,626
119000061,1250,914,336
119000062,1541,1485,56
119000063,601,461,140
119000064,1128,1643,-515
119000065,2266,4273,-2007
119000066,3065,1235,1830
119000067,2013,2221,-208
119000068,1956,1248,708
119000069,1656,2611,-955
119000070,2814,1124,1690
119000071,696,839,-143
119000072,5691,4064,1627
119000073,6605,7551,-946
119000074,1423,2309,-886
119000075,2623,2439,184
119000076,507,1540,-1033
119000077,1250,759,491
119000078,490,253,237
119000079,289,947,-658
119000080,391,222,169
119000081,400,564,-164
119000082,1263,308,955
119000083,793,428,365
119000084,371,494,-123
119000085,718,243,475
119000086,367,404,-37
119000087,1646,1033,613
119000088,452,279,173
119000089,90,170,-80
119000090,151,138,13
119000091,98,460,-362
119000092,599,188,411
119000093,3729,2965,764
119000094,3410,5500,-2090
119000095,1985,3345,-1360
119000097,2319,1461,858
119000098,981,3084,-2103
119000099,2541,1817,724
119000100,4496,3389,1107
119000101,5983,2502,3481
119000102,1050,1271,-221
119000103,1966,680,1286
119000104,2551,1392,1159
119000105,1381,2361,-980
119000106,397,1522,-1125
119000107,1028,511,517
119000108,446,957,-511
119000109,239,1108,-869
119000110,970,1022,-52
119000111,88,845,-757
119000112,253,211,42
119000113,3233,416,2817
119000114,1282,1050,232
119000115,131,135,-4
119000116,136,113,23
119000117,171,460,-289
119000118,1,2,-1
119000123,4862,2614,2248
119000124,875,234,641
119000125,4141,856,3285
119000126,1358,784,574
119000127,572,586,-14
119000128,28,5,23
119000131,1085,655,430
119000132,2,6,-4
119000133,2,9,-7
119000134,2266,617,1649
119000135,134,252,-118
119000136,236,241,-5
119000137,264,387,-123
119000138,582,383,199
119000139,404,255,149
119000140,277,484,-207
119000284,1520,2778,-1258
119000285,2401,2291,110
119000286,7966,6232,1734
119000287,1242,2312,-1070
119000288,2126,1549,577
119000289,1908,3073,-1165
119000290,224,447,-223
119000291,14,253,-239
119000293,113,155,-42
119000294,48,26,22
119000295,1644,423,1221
119000296,238,168,70
119000302,2747,1512,1235
119000303,48,164,-116
119000304,0,0,0
119000310,0,1,-1
119000314,1842,10872,-9030
119000315,2,410,-408
119000316,164,162,2
119000317,129,334,-205
119900001,326,1279,-953
119900002,206,295,-89
119900003,52,1158,-1106
119900004,372,1211,-839
119900005,239,108,131
119900006,230,422,-192
119900007,1295,272,1023
119900008,73,56,17
119900009,816,720,96
119900010,2132,2010,122
119900011,16,91,-75
119900012,26,109,-83
119900013,2387,1545,842
119900014,756,410,346
119900015,121,39,82
119900016,48,96,-48
119900017,57,61,-4
119900018,2124,997,1127
119900019,39,15,24
119900020,223,239,-16
119900021,240,129,111
119900022,164,847,-683
119900023,572,1627,-1055
119900025,202,36,166
119900026,774,195,579
119900027,59,33,26
119900028,342,174,168
119900029,3,11,-8
119900030,628,550,78
119900031,83,475,-392
119900033,2774,420,2354
119900034,424,118,306
119900037,202,66,136
119900038,65,381,-316
119900039,144,21,123
119900040,216,26,190
119900041,118,60,58
119900042,398,225,173
119900043,111,193,-82
119900044,232,1069,-837
119900046,135,97,38
119900047,365,119,246
119900048,30,33,-3
119900049,160,9,151
119900050,296,158,138
119900051,707,15,692
119900052,102,55,47
119900053,228,159,69
119900054,129,9,120
119900055,1587,459,1128
119900057,245,109,136
119900058,247,5,242
119900059,181,61,120
119900060,302,26,276
119900062,71,24,47
119900063,23,56,-33
119900065,291,14,277
119900066,0,1,-1
119900067,149,28,121
119900068,480,3,477
119900069,137,86,51
119900070,994,42,952
119900071,831,37,794
119900073,1966,779,1187
119900074,89,70,19
119900075,5337,3116,2221
119900076,754,362,392
119900077,1008,1184,-176
119900078,694,932,-238
119900079,487,218,269
119900080,1857,1708,149
119900081,350,96,254
119900082,1367,201,1166
119900083,539,191,348
119900084,999,425,574
119900085,66,50,16
119900087,797,466,331
119900088,50,55,-5
119900089,77,552,-475
119900090,123,83,40
119900091,55,865,-810
119900092,481,442,39
119900093,1506,318,1188
119900094,96,202,-106
119900095,207,136,71
119900096,37,162,-125
119900097,530,219,311
119900098,61,54,7
119900099,42,283,-241
119900100,2092,3172,-1080
119900101,268,1619,-1351
119900102,41,288,-247
119900103,80,382,-302
119900104,60,245,-185
119900105,1585,5528,-3943
119900106,14,164,-150
119900107,318,2543,-2225
119900108,4728,867,3861
119900109,29,221,-192
119900110,839,572,267
119900111,145,330,-185
119900112,1604,634,970
119900113,74,323,-249
119900114,269,1233,-964
119900115,348,1053,-705
119900116,234,501,-267
119900117,372,726,-354
119900118,113,723,-610
119900119,261,215,46
119900120,932,681,251
119900121,454,1051,-597
119900122,444,390,54
119900123,290,356,-66
119900124,281,855,-574
119900125,64,267,-203
119900126,5256,498,4758
119900127,2302,1131,1171
119900128,496,885,-389
119900129,282,562,-280
119900130,35,283,-248
119900131,59,282,-223
119900132,6,219,-213
119900133,91,110,-19
119900134,1756,290,1466
119900135,3,413,-410
119900136,240,415,-175
119900138,438,650,-212
119900139,41,152,-111
119900140,8,142,-134
119900141,110,744,-634
119900142,15,53,-38
119900143,26,327,-301
119900144,1663,299,1364
119900145,138,226,-88
119900146,161,310,-149
119900147,5,176,-171
119900148,278,86,192
119900149,1244,5294,-4050
119900150,188,193,-5
119900151,2286,997,1289
119900152,152,415,-263
119900153,162,58,104
119900154,21,232,-211
119900155,75,47,28
119900156,36,6,30
119900157,163,328,-165
119900158,237,95,142
119900159,11,1318,-1307
119900160,51,196,-145
119900161,199,219,-20
119900162,1102,1167,-65
119900163,139,216,-77
119900164,3,7,-4
119900165,210,194,16
119900166,84,68,16
119900167,93,156,-63
119900168,1113,540,573
119900169,259,352,-93
119900170,259,345,-86
119900171,1637,488,1149
119900172,177,31,146
119900173,12,385,-373
119900174,17,204,-187
119900175,1575,718,857
119900177,21,231,-210
119900178,22,193,-171
119900179,148,605,-457
119900180,1012,1001,11
119900181,83,135,-52
119900182,8,464,-456
119900183,180,709,-529
119900184,2547,654,1893
119900185,51,211,-160
119900186,79,1108,-1029
119900187,62,515,-453
119900188,126,366,-240
119900189,700,570,130
119900190,94,370,-276
119900191,550,402,148
119900192,54,193,-139
119900193,475,208,267
119900194,46,121,-75
119900195,465,371,94
119900196,1641,621,1020
119900197,217,208,9
119900198,412,290,122
119900199,231,38,193
119900200,867,742,125
119900201,415,231,184
119900202,149,363,-214
119900203,250,690,-440
119900204,422,352,70
119900205,914,549,365
119900206,206,160,46
119900208,166,222,-56
119900209,573,1457,-884
119900210,42,60,-18
119900211,84,15,69
119900212,229,304,-75
119900213,9,66,-57
119900214,42,75,-33
119900215,36,76,-40
119900216,7,60,-53
119900217,11,56,-45
119900218,40,68,-28
119900219,21,146,-125
119900220,17,115,-98
119900221,23,317,-294
119900222,11,238,-227
119900223,17,75,-58
119900224,13,37,-24
119900225,975,49,926
119900226,707,2172,-1465
119900227,1277,463,814
119900228,43,296,-253
119900229,387,505,-118
119900230,1557,720,837
119900231,335,177,158
119900232,316,135,181
119900233,118,11,107
119900234,35,120,-85
119900235,27,79,-52
119900236,31,235,-204
119900237,103,693,-590
119900238,6,65,-59
119900240,153,163,-10
119900241,207,266,-59
119900242,1978,1952,26
119900244,731,1831,-1100
119900245,206,255,-49
119900246,374,615,-241
119900247,41,163,-122
119900248,95,222,-127
119900249,293,94,199
119900253,2768,452,2316
119900254,99,856,-757
119900255,157,736,-579
119900256,787,1200,-413
119900257,96,4,92
119900258,163,6,157
119900259,10,142,-132
119900260,143,11,132
119900261,421,178,243
119900262,4,216,-212
119900263,1264,430,834
119900264,124,186,-62
119900265,833,452,381
119900266,405,247,158
119900267,287,602,-315
119900268,285,174,111
119900269,1482,1478,4
119900271,56,137,-81
119900272,472,347,125
119900275,173,72,101
119900276,77,1,76
119900277,6,8,-2
119900278,347,144,203
119900279,171,405,-234
119900280,704,204,500
119900281,4,229,-225
119900282,52,120,-68
119900283,26,222,-196
119900284,62,259,-197
119900285,18,95,-77
119900286,6,50,-44
119900288,5,42,-37
119900289,1,46,-45
119900290,11,44,-33
119900291,0,124,-124
119900292,36,44,-8
119900293,47,4,43
119900294,25,0,25
119900295,0,0,0
119900296,2,0,2
119900299,62,235,-173
119900300,255,234,21
119900301,141,164,-23
119900302,194,127,67
119900303,285,279,6
119900304,232,68,164
119900305,14,118,-104
119900306,30,8,22
119900307,90,107,-17
119900308,6,30,-24
119900309,46,143,-97
119900310,291,364,-73
119900311,117,120,-3
119900312,108,109,-1
119900313,315,348,-33
119900314,218,434,-216
119900315,2194,2590,-396
119900318,8,43,-35
119900319,3,299,-296
119900320,357,726,-369
119900321,95,1,94
119900322,16,77,-61
119900323,5,125,-120
119900324,0,36,-36
119900325,219,294,-75
119900326,74,77,-3
120000001,7156,17006,-9850
120000002,2852,3038,-186
120000003,4001,1885,2116
120000004,2963,2080,883
120000005,4434,2177,2257
120000006,1467,1393,74
120000007,3987,3242,745
120000008,1192,1627,-435
120000009,3165,1014,2151
120000010,2169,2578,-409
120000011,1171,1843,-672
120000012,1799,2920,-1121
120000013,3500,3106,394
120000014,827,1765,-938
120000015,2964,1809,1155
120000016,4252,2458,1794
120000017,3212,2799,413
120000018,4120,13170,-9050
120000019,1280,1646,-366
120000020,3373,3407,-34
120000021,2110,2733,-623
120000022,3203,4263,-1060
120000023,1285,1736,-451
120000024,1690,2776,-1086
120000025,2777,2224,553
120000026,2149,1865,284
120000027,2492,2406,86
120000028,812,1153,-341
120000029,4046,1334,2712
120000030,633,1221,-588
120000031,2868,7683,-4815
120000032,9242,4503,4739
120000033,5406,2096,3310
120000034,2235,1771,464
120000035,2294,2261,33
120000036,3198,5819,-2621
120000037,820,2071,-1251
120000038,6887,4753,2134
120000039,656,965,-309
120000040,172,523,-351
120000041,1633,1564,69
120000042,2456,2549,-93
120000043,5658,1827,3831
120000044,6012,1778,4234
120000045,6623,1203,5420
120000046,3258,2994,264
120000047,1371,5716,-4345
120000048,8130,4909,3221
120000049,3915,3329,586
120000050,4551,4173,378
120000051,3117,5031,-1914
120000052,9087,2625,6462
120000053,1201,2481,-1280
120000054,1464,4048,-2584
120000055,1845,4855,-3010
120000056,5079,4096,983
120000057,3591,1029,2562
120000058,3177,917,2260
120000059,35,1920,-1885
120000061,172,637,-465
120000062,240,375,-135
120000063,1596,2614,-1018
120000064,202,1291,-1089
120000065,615,1610,-995
120000066,901,630,271
120000067,102,641,-539
120000068,232,927,-695
120000069,667,1379,-712
120000070,78,674,-596
120000071,575,161,414
120000072,1015,477,538
120000073,992,133,859
120000074,255,239,16
120000075,1326,416,910
120000076,2265,519,1746
120000077,1958,757,1201
120000078,3759,1411,2348
120000079,308,209,99
120000080,192,206,-14
120000081,392,122,270
120000082,193,248,-55
120000083,82,707,-625
120000084,404,440,-36
120000085,312,398,-86
120000086,237,474,-237
120000087,152,576,-424
120000088,960,1253,-293
120000089,1306,777,529
120000090,973,688,285
120000091,1108,1265,-157
120000092,1405,689,716
120000093,553,528,25
120000094,188,872,-684
120000095,1126,548,578
120000096,313,814,-501
120000098,1067,1004,63
120000099,677,918,-241
120000100,1043,975,68
120000101,676,541,135
120000102,724,933,-209
120000103,1662,990,672
120000104,2157,597,1560
120000105,3621,825,2796
120000106,2707,868,1839
120000107,4265,736,3529
120000108,1456,142,1314
120000109,1293,97,1196
120000110,133,1014,-881
120000111,262,1084,-822
120000112,815,2553,-1738
120000113,725,1906,-1181
120000114,1004,2613,-1609
120000115,395,2223,-1828
120000116,809,1947,-1138
120000117,1026,1525,-499
120000118,72,36,36
120000119,44,82,-38
120000120,110,87,23
120000121,49,88,-39
120000122,302,389,-87
120000123,4841,6193,-1352
120000124,471,423,48
120000125,595,712,-117
120000126,354,1196,-842
120000127,3213,1332,1881
120000128,3854,4740,-886
120000129,215,300,-85
120000130,869,584,285
120000131,424,859,-435
120000134,452,1156,-704
120000135,694,829,-135
120000137,337,1480,-1143
120000138,1168,661,507
120000139,373,751,-378
120000140,1155,730,425
120000141,1240,525,715
120000142,1243,725,518
120000143,1,144,-143
120000144,152,8,144
120000145,432,3,429
120000146,1362,1181,181
120000149,751,1206,-455
120000150,3945,11987,-8042
120000151,517,443,74
120000152,681,225,456
120000153,350,652,-302
120000154,641,481,160
120000155,145,262,-117
120000156,896,1224,-328
120000157,1123,848,275
120000158,932,979,-47
120000159,2306,2861,-555
120000160,3151,1724,1427
120000161,2398,2480,-82
120000162,90,368,-278
120000163,842,1315,-473
120000164,641,463,178
120000165,679,905,-226
120000166,1699,687,1012
120000167,154,216,-62
120000168,13,759,-746
120000169,62,1748,-1686
120000170,58,1181,-1123
120000171,22,486,-464
120000172,40,235,-195
120000173,2374,1446,928
120000174,394,42,352
120000175,293,30,263
120000176,414,36,378
120000177,1718,178,1540
120000178,186,21,165
120000179,297,57,240
120000180,1173,103,1070
120000181,221,1652,-1431
120000182,82,748,-666
120000183,25,696,-671
120000184,225,1459,-1234
120000186,78,473,-395
120000187,28,246,-218
120000188,163,590,-427
120000190,1009,63,946
120000191,1070,70,1000
120000192,1200,39,1161
120000193,601,11,590
120000195,127,7,120
120000196,439,59,380
120000197,173,127,46
120000198,213,93,120
120000199,129,1,128
120000200,128,1,127
120000201,18,22,-4
120000202,2,47,-45
120000203,41,201,-160
120000207,2,78,-76
120000208,10,211,-201
120000209,4,80,-76
120000210,70,96,-26
120000211,148,0,148
120000212,186,2,184
120000213,132,292,-160
120000214,0,251,-251
120000215,1,104,-103
120000216,67,16,51
120000217,692,1254,-562
120000218,219,765,-546
120000219,4,407,-403
120000220,32,1518,-1486
120000225,1820,4,1816
120000226,331,3,328
120000227,941,62,879
120000228,10560,3921,6639
120000230,451,20,431
120000231,1497,2230,-733
120000233,371,4,367
120000235,272,670,-398
120000236,1167,4,1163
120000237,3,1214,-1211
120000238,0,816,-816
120000241,1447,4092,-2645
120000412,1015,16,999
120000413,288,302,-14
120000414,180,7,173
120000415,0,109,-109
120000416,144,4,140
120000417,10,89,-79
120000418,207,21,186
120000419,15,280,-265
120000420,66,22,44
120000421,11152,6459,4693
120000422,179,1418,-1239
120000423,4,46,-42
120000424,64,152,-88
120000436,193,678,-485
120000437,143,123,20
120000438,2357,324,2033
120000439,299,614,-315
120000443,320,0,320
120000444,1708,593,1115
120000445,1804,1108,696
120000446,779,223,556
120000447,261,3,258
120000449,141,1,140
120000450,13,275,-262
120000451,141,229,-88
120000452,188,0,188
120000453,0,336,-336
120000454,80,64,16
120000455,77,46,31
120000456,2589,4205,-1616
120000457,1113,536,577
120000458,639,675,-36
120000459,120,39,81
120000665,1270,288,982
120000668,108,1056,-948
120000669,52,178,-126
120000670,197,675,-478
120000671,1509,561,948
120000672,105,578,-473
120900001,91,124,-33
120900002,511,793,-282
120900003,308,39,269
120900004,19,96,-77
120900005,9,920,-911
120900006,420,237,183
120900007,186,134,52
120900008,286,1222,-936
120900009,764,49,715
120900010,555,135,420
120900011,513,250,263
120900012,423,1436,-1013
120900013,415,120,295
120900014,1,600,-599
120900015,885,106,779
120900016,887,45,842
120900017,2536,151,2385
120900018,158,492,-334
120900019,806,403,403
120900020,906,1566,-660
120900021,920,244,676
120900022,27,348,-321
120900023,331,42,289
120900024,2397,592,1805
120900025,1884,1180,704
120900026,429,270,159
120900027,986,22,964
120900028,407,135,272
120900029,171,521,-350
120900030,1342,987,355
120900031,319,155,164
120900032,1256,144,1112
120900033,1235,78,1157
120900034,57,2522,-2465
120900035,61,117,-56
120900037,281,12,269
120900038,70,299,-229
120900039,142,43,99
120900040,374,8,366
120900041,172,35,137
120900042,607,54,553
120900043,100,31,69
120900044,53,415,-362
120900045,204,125,79
120900046,599,9,590
120900047,197,138,59
120900048,166,37,129
120900049,583,5,578
120900050,2323,1704,619
120900051,417,164,253
120900052,716,3,713
120900053,330,133,197
120900054,2045,833,1212
120900055,481,1,480
120900056,621,18,603
120900057,201,24,177
120900058,611,2,609
120900059,92,1,91
120900060,86,62,24
120900061,303,316,-13
120900062,331,72,259
120900063,633,5,628
120900064,691,2,689
120900065,581,0,581
120900066,411,235,176
120900067,199,49,150
120900068,283,1,282
120900069,260,50,210
120900071,23,0,23
120900072,799,5,794
120900073,575,154,421
120900074,775,14,761
120900076,408,0,408
120900077,3235,416,2819
120900078,881,905,-24
120900079,806,109,697
120900080,853,1705,-852
120900081,1119,850,269
120900082,654,489,165
120900083,109,2,107
120900084,339,531,-192
120900085,99,141,-42
120900086,131,353,-222
120900087,536,387,149
120900088,240,480,-240
120900089,3271,3302,-31
120900090,276,139,137
120900091,739,971,-232
120900092,1381,566,815
120900093,2267,167,2100
120900094,501,199,302
120900095,660,28,632
120900096,53,256,-203
120900097,922,728,194
120900098,306,177,129
120900099,145,95,50
120900100,119,284,-165
120900101,698,334,364
120900102,73,113,-40
120900103,72,270,-198
120900104,26,46,-20
120900105,40,571,-531
120900106,1338,543,795
120900107,280,180,100
120900108,9,603,-594
120900109,44,552,-508
120900110,11,708,-697
120900111,216,395,-179
120900112,14,885,-871
120900113,16,767,-751
120900114,36,148,-112
120900115,212,267,-55
120900116,512,432,80
120900117,4,493,-489
120900118,10,779,-769
120900119,6404,5711,693
120900120,93,561,-468
120900121,522,559,-37
120900122,578,497,81
120900123,5,407,-402
120900124,2,543,-541
120900125,4,712,-708
120900126,1544,1121,423
120900127,15,535,-520
120900128,1355,1667,-312
120900129,37,311,-274
120900130,4,310,-306
120900131,70,151,-81
120900132,1083,305,778
120900133,291,929,-638
120900134,747,465,282
120900135,5,573,-568
120900136,37,128,-91
120900137,232,150,82
120900138,27,213,-186
120900139,5,623,-618
120900140,5,106,-101
120900141,213,287,-74
120900142,10,536,-526
120900143,0,787,-787
120900144,0,199,-199
120900145,173,783,-610
120900146,3,1074,-1071
120900147,0,538,-538
120900148,174,144,30
120900149,0,304,-304
120900150,57,541,-484
120900151,6,721,-715
120900152,13,45,-32
120900153,68,117,-49
120900154,2,240,-238
120900155,163,1048,-885
120900156,80,342,-262
120900157,100,253,-153
120900158,83,680,-597
120900159,288,563,-275
120900160,32,684,-652
120900161,74,518,-444
120900162,61,880,-819
120900163,89,1137,-1048
120900164,0,22,-22
120900165,0,69,-69
120900166,230,746,-516
120900167,535,207,328
120900169,96,357,-261
120900170,1316,3187,-1871
120900171,1296,280,1016
120900172,1365,1554,-189
120900173,0,39,-39
120900174,11,150,-139
120900175,338,174,164
120900176,22,439,-417
120900177,2,1289,-1287
120900178,1,490,-489
120900179,867,505,362
120900180,114,167,-53
120900181,179,46,133
120900182,38,319,-281
120900183,660,90,570
120900184,363,137,226
120900185,27,593,-566
120900186,2,361,-359
120900187,668,1548,-880
120900188,227,21,206
120900189,99,1369,-1270
120900190,99,4,95
120900191,10,28,-18
120900192,10269,8233,2036
120900194,53,93,-40
120900195,152,393,-241
120900196,928,48,880
120900197,799,187,612
120900198,290,581,-291
120900199,477,516,-39
120900200,104,138,-34
120900201,478,201,277
120900202,4,160,-156
120900203,50,101,-51
120900204,163,249,-86
120900205,69,49,20
120900206,21,57,-36
120900207,90,1451,-1361
121000001,808,1214,-406
121000002,2626,1408,1218
121000003,3424,2279,1145
121000004,3266,3877,-611
121000005,1917,3180,-1263
121000006,4163,1999,2164
121000007,2808,3163,-355
121000008,5756,4003,1753
121000009,5887,6338,-451
121000010,9494,7062,2432
121000011,10913,14580,-3667
121000012,19398,12877,6521
121000013,5520,8298,-2778
121000014,6828,6486,342
121000015,4879,7948,-3069
121000016,4563,3734,829
121000017,2557,4453,-1896
121000018,3356,2217,1139
121000019,20971,14181,6790
121000020,17276,20782,-3506
121000021,3734,3465,269
121000022,3628,3885,-257
121000023,5429,3346,2083
121000024,6274,5586,688
121000025,913,1546,-633
121000026,363,224,139
121000027,1884,1404,480
121000028,1042,639,403
121000029,1218,903,315
121000030,841,660,181
121000031,888,781,107
121000032,390,131,259
121000034,502,284,218
121000035,145,219,-74
121000036,1223,921,302
121000037,724,798,-74
121000038,629,1184,-555
121000039,351,525,-174
121000041,701,546,155
121000042,400,519,-119
121000043,781,632,149
121000044,1603,1079,524
121000045,523,347,176
121000046,966,1219,-253
121000047,81,96,-15
121000049,1659,637,1022
121000050,350,1197,-847
121000051,679,352,327
121000052,518,703,-185
121000053,494,157,337
121000054,60,497,-437
121000055,1208,1403,-195
121000056,839,1130,-291
121000057,443,635,-192
121000058,434,266,168
121000059,2874,1537,1337
121000060,871,1228,-357
121000061,177,455,-278
121000062,252,437,-185
121000063,946,887,59
121000064,959,1107,-148
121000065,546,582,-36
121000066,828,688,140
121000067,643,719,-76
121000068,905,432,473
121000069,595,839,-244
121000070,2443,1538,905
121000071,1952,1566,386
121000072,1645,885,760
121000073,1218,1122,96
121000074,193,197,-4
121000075,65,312,-247
121000076,1036,446,590
121000077,156,206,-50
121000078,120,221,-101
121000080,2511,779,1732
121000081,4184,3500,684
121000082,134,338,-204
121000083,264,174,90
121000084,208,205,3
121000085,399,532,-133
121000086,311,905,-594
121000087,81,434,-353
121000088,557,726,-169
121000089,556,533,23
121000090,544,511,33
121000091,1605,1158,447
121000092,230,94,136
121000093,198,270,-72
121000094,638,853,-215
121000095,479,967,-488
121000096,2779,2900,-121
121000097,1277,2736,-1459
121000098,780,1352,-572
121000099,741,955,-214
121000100,1090,463,627
121000101,389,445,-56
121000102,324,348,-24
121000103,233,370,-137
121000104,311,162,149
121000105,618,313,305
121000106,525,548,-23
121000107,2223,3417,-1194
121000109,1491,1261,230
121000110,466,808,-342
121000114,3235,2358,877
121000115,1237,776,461
121000116,296,1106,-810
121000117,787,251,536
121000118,1799,253,1546
121000119,294,586,-292
121000120,327,577,-250
121000121,739,1616,-877
121000123,1983,962,1021
121000126,130,394,-264
121000127,200,103,97
121000128,1163,524,639
121000129,1019,693,326
121000130,766,1041,-275
121000131,3141,2443,698
121000132,2320,2262,58
121000135,727,1222,-495
121000136,1517,1461,56
121000137,627,438,189
121000138,1129,1887,-758
121000139,663,699,-36
121000141,233,209,24
121000142,856,1203,-347
121000143,216,42,174
121000144,1346,2189,-843
121000145,867,1326,-459
121000146,1668,1226,442
121000147,1139,654,485
121000148,1128,1320,-192
121000149,2603,1577,1026
121000152,644,602,42
121000153,2292,763,1529
121000154,1207,663,544
121000155,1673,1240,433
121000156,591,1287,-696
121000157,1361,2061,-700
121000158,491,591,-100
121000159,285,438,-153
121000160,364,486,-122
121000161,252,377,-125
121000162,132,268,-136
121000165,2104,2184,-80
121000166,23,481,-458
121000168,420,265,155
121000169,88,228,-140
121000170,396,118,278
121000171,120,216,-96
121000172,791,585,206
121000173,1724,1331,393
121000174,417,457,-40
121000175,1144,407,737
121000176,488,329,159
121000177,1097,789,308
121000178,132,73,59
121000179,98,78,20
121000181,492,492,0
121000182,202,308,-106
121000183,123,122,1
121000184,131,140,-9
121000185,59,206,-147
121000186,280,633,-353
121000187,232,185,47
121000188,249,248,1
121000192,1112,558,554
121000193,783,660,123
121000194,2610,2493,117
121000195,346,971,-625
121000196,741,306,435
121000197,291,806,-515
121000198,230,186,44
121000199,204,363,-159
121000200,695,123,572
121000201,5,251,-246
121000202,1022,143,879
121000203,923,2215,-1292
121000204,3080,914,2166
121000205,250,425,-175
121000206,257,85,172
121000207,2597,499,2098
121000208,5,330,-325
121000209,489,358,131
121000210,803,461,342
121000211,331,165,166
121000212,534,695,-161
121000213,10778,3337,7441
121000214,985,2425,-1440
121000215,1095,1275,-180
121000216,635,706,-71
121000217,4837,2668,2169
121000218,421,1673,-1252
121000219,1777,468,1309
121000220,224,84,140
121000221,128,230,-102
121000222,2874,2617,257
121000223,713,442,271
121000224,351,313,38
121000225,1117,1983,-866
121000226,2623,1128,1495
121000227,15,144,-129
121000228,26,506,-480
121000229,359,373,-14
121000230,81,1547,-1466
121000231,954,25,929
121000232,482,373,109
121000233,645,440,205
121000234,32,28,4
121000235,81,80,1
121000236,7,40,-33
121000237,36,28,8
121000238,15,68,-53
121000239,51,5,46
121000240,7,159,-152
121000241,100,10,90
121000242,67,303,-236
121000243,561,197,364
121000244,7,77,-70
121000245,72,43,29
121000246,4,125,-121
121000247,102,8,94
121000248,2022,583,1439
121000249,144,329,-185
121000250,668,223,445
121000251,17,359,-342
121000252,105,76,29
121000253,378,457,-79
121000254,654,282,372
121000255,209,221,-12
121000256,331,195,136
121000257,45,91,-46
121000258,146,75,71
121000259,68,55,13
121000260,92,112,-20
121000261,103,55,48
121000262,1072,854,218
121000263,650,478,172
121000271,367,1585,-1218
121000273,38,10,28
121000274,13,45,-32
121000275,4,8,-4
121000276,5,10,-5
121000278,58,34,24
121000279,32,14,18
121000280,51,41,10
121000289,211,30,181
121000290,1303,1080,223
121000294,215,158,57
121000297,925,1271,-346
121000299,223,544,-321
121000300,1089,612,477
121000302,68,1391,-1323
121000303,493,380,113
121000304,465,64,401
121000305,155,62,93
121000306,107,136,-29
121000308,203,394,-191
121000309,488,503,-15
121000310,100,414,-314
121000311,93,881,-788
121000312,527,368,159
121000313,402,528,-126
121000314,110,115,-5
121000315,57,146,-89
121000530,1594,1405,189
121000531,1675,1668,7
121000532,7526,8992,-1466
121000533,3843,4202,-359
121000918,75,189,-114
121000919,45,83,-38
121000938,144,123,21
121000939,123,172,-49
121000956,1547,1467,80
121000957,3,20,-17
121000958,81,91,-10
121000959,840,835,5
121000960,1961,2147,-186
121000961,283,260,23
121000962,414,541,-127
121000973,1,172,-171
121000976,26,289,-263
121000979,706,263,443
121000981,430,439,-9
121000982,429,223,206
121000983,488,479,9
121000984,39,77,-38
121000985,852,641,211
121000986,423,276,147
121000987,258,886,-628
121000988,935,123,812
121001302,256,137,119
121001308,2,19,-17
121001309,84,97,-13
121001311,0,0,0
121001313,315,332,-17
121001314,2448,3059,-611
121001315,5364,3475,1889
121001318,0,0,0
121900001,137,234,-97
121900002,30,35,-5
121900003,482,20,462
121900004,155,464,-309
121900005,34,8,26
121900006,146,17,129
121900007,2767,2254,513
121900008,979,534,445
121900009,741,23,718
121900010,289,4,285
121900011,446,525,-79
121900012,26,0,26
121900013,1589,119,1470
121900014,1469,471,998
121900015,285,296,-11
121900016,5,40,-35
121900017,912,548,364
121900018,381,5,376
121900019,677,300,377
121900020,17,3,14
121900021,1067,25,1042
121900022,434,295,139
121900023,198,474,-276
121900024,432,98,334
121900025,869,526,343
121900026,438,50,388
121900027,456,293,163
121900028,280,19,261
121900029,166,460,-294
121900030,526,710,-184
121900031,1180,7114,-5934
121900032,182,97,85
121900033,233,229,4
121900034,272,100,172
121900035,3583,2584,999
121900036,80,381,-301
121900037,206,1224,-1018
121900038,53,158,-105
121900039,500,68,432
121900040,212,138,74
121900041,158,264,-106
121900042,446,214,232
121900043,5,9,-4
121900044,218,51,167
121900046,446,482,-36
121900047,233,92,141
121900048,63,136,-73
121900050,57,63,-6
121900051,218,233,-15
121900052,229,27,202
121900053,742,304,438
121900054,530,1168,-638
121900055,3,38,-35
121900058,321,170,151
121900059,537,272,265
121900060,227,432,-205
121900061,234,240,-6
121900062,204,138,66
121900063,1892,559,1333
121900064,286,724,-438
121900066,71,52,19
121900067,98,102,-4
121900069,205,203,2
121900070,299,214,85
121900071,410,327,83
121900072,63,204,-141
121900073,353,268,85
121900074,1070,1338,-268
121900075,611,577,34
121900076,470,689,-219
121900077,23,19,4
121900078,98,45,53
121900079,2,0,2
121900080,1204,539,665
121900082,68,116,-48
121900084,41,146,-105
121900085,3,13,-10
121900086,14,84,-70
121900087,275,135,140
121900088,2698,4054,-1356
121900089,210,396,-186
121900090,27,134,-107
121900091,77,112,-35
121900092,102,163,-61
121900093,108,76,32
121900094,13,9,4
121900095,313,227,86
121900096,1446,1260,186
121900097,654,361,293
121900098,9,12,-3
121900099,276,109,167
121900100,333,656,-323
121900101,273,159,114
121900102,11,232,-221
121900103,540,387,153
121900104,1742,314,1428
121900105,343,227,116
121900106,5,17,-12
121900107,40,53,-13
121900108,1,20,-19
121900109,343,187,156
121900110,589,869,-280
121900111,802,233,569
121900112,184,181,3
121900113,98,418,-320
121900114,115,125,-10
121900117,353,143,210
121900118,2220,789,1431
121900119,218,132,86
121900120,64,1413,-1349
121900121,620,69,551
121900122,39,97,-58
121900123,366,486,-120
121900124,353,188,165
121900125,1915,1140,775
121900127,11,108,-97
121900128,102,132,-30
121900129,769,289,480
121900130,139,272,-133
121900131,441,119,322
121900132,75,154,-79
121900133,132,1260,-1128
121900134,35,211,-176
121900135,3647,516,3131
121900136,788,358,430
121900137,67,415,-348
121900138,106,288,-182
121900139,406,717,-311
121900140,98,232,-134
121900141,70,60,10
121900142,279,170,109
121900143,48,208,-160
121900144,187,328,-141
121900145,381,404,-23
121900146,753,1103,-350
121900147,50,203,-153
121900148,247,346,-99
121900149,417,802,-385
121900150,69,198,-129
121900151,116,265,-149
121900152,99,170,-71
121900153,136,870,-734
121900154,22,292,-270
121900155,2,205,-203
121900156,308,199,109
121900157,9,427,-418
121900158,94,166,-72
121900159,0,237,-237
121900160,39,270,-231
121900161,481,473,8
121900162,79,233,-154
121900163,264,751,-487
121900164,573,335,238
121900165,614,255,359
121900166,202,227,-25
121900167,135,174,-39
121900168,201,312,-111
121900169,8,290,-282
121900170,14,280,-266
121900171,953,718,235
121900172,678,284,394
121900173,1025,340,685
121900174,40,102,-62
121900175,184,253,-69
121900176,674,1533,-859
121900177,283,118,165
121900178,36,50,-14
121900179,439,245,194
121900180,4171,4784,-613
121900182,818,402,416
121900183,696,1799,-1103
121900184,86,814,-728
121900186,16,557,-541
121900187,32,233,-201
121900188,630,510,120
121900189,33,138,-105
121900190,330,486,-156
121900191,196,183,13
121900192,419,879,-460
121900193,50,170,-120
121900194,3,360,-357
121900195,105,96,9
121900196,956,1119,-163
121900197,437,1529,-1092
121900198,1493,1208,285
121900199,9,38,-29
121900200,88,388,-300
121900201,1324,969,355
121900202,193,783,-590
121900203,313,1152,-839
121900204,972,1318,-346
121900205,29,83,-54
121900206,25,60,-35
121900207,169,61,108
121900208,209,472,-263
121900209,121,55,66
121900210,1675,1275,400
121900211,52,105,-53
121900212,368,134,234
121900213,270,80,190
121900214,12,550,-538
121900215,58,139,-81
121900216,59,315,-256
121900217,319,188,131
121900218,280,437,-157
121900220,182,18,164
121900221,397,665,-268
121900222,181,248,-67
121900223,256,73,183
121900224,128,38,90
121900225,126,177,-51
121900226,366,527,-161
121900227,343,661,-318
121900228,193,401,-208
121900230,187,314,-127
121900231,372,1572,-1200
121900232,283,474,-191
121900233,280,268,12
121900234,360,366,-6
121900235,656,229,427
121900236,346,201,145
121900237,217,323,-106
121900238,193,341,-148
121900239,352,58,294
121900240,305,147,158
121900241,68,67,1
121900242,13,0,13
121900243,19,0,19
121900244,44,2,42
121900245,205,123,82
121900246,2468,311,2157
121900247,367,323,44
121900248,1750,1624,126
121900250,327,345,-18
121900251,538,63,475
121900252,733,208,525
121900253,138,879,-741
121900254,595,367,228
121900255,445,128,317
121900258,4174,2495,1679
121900259,464,613,-149
121900260,161,233,-72
121900261,248,725,-477
121900262,401,1046,-645
121900263,327,278,49
121900264,2020,1504,516
121900265,306,323,-17
121900266,604,149,455
121900267,94,49,45
121900269,321,901,-580
121900270,45,206,-161
121900271,42,217,-175
121900273,615,2111,-1496
121900274,360,315,45
121900277,908,1362,-454
121900278,152,990,-838
121900279,160,268,-108
121900280,228,540,-312
121900281,402,373,29
121900284,194,42,152
121900286,136,116,20
121900287,15,27,-12
121900288,3,6,-3
121900290,289,471,-182
121900291,423,880,-457
121900292,204,153,51
121900293,1245,3282,-2037
121900294,308,4,304
121900295,147,200,-53
121900296,72,316,-244
121900298,358,810,-452
121900299,0,15,-15
121900300,110,9,101
121900301,46,7,39
121900302,4,31,-27
121900303,355,548,-193
121900304,8,11,-3
121900305,7,7,0
121900306,166,4,162
121900307,149,22,127
121900308,62,308,-246
121900309,31,286,-255
121900310,26,455,-429
121900311,513,23,490
121900312,435,20,415
121900313,458,48,410
121900314,11,62,-51
121900315,12,0,12
121900316,0,23,-23
121900317,12,11,1
121900318,4,16,-12
121900319,42,98,-56
121900320,52,75,-23
121900321,18,2,16
121900322,0,19,-19
121900323,30,22,8
121900324,3,51,-48
121900325,17,3,14
121900326,10,32,-22
121900327,2,44,-42
121900328,2,20,-18
121900329,2,150,-148
121900330,0,14,-14
121900331,64,42,22
121900332,163,24,139
121900333,42,1,41
121900334,2,3,-1
122000001,2731,5653,-2922
122000002,4521,1929,2592
122000003,2476,3237,-761
122000004,3443,1870,1573
122000005,3154,2029,1125
122000006,2091,1196,895
122000007,1236,2042,-806
122000008,3966,5430,-1464
122000009,498,459,39
122000010,2571,3312,-741
122000011,3981,1839,2142
122000012,1444,1947,-503
122000013,1594,1101,493
122000014,1735,1351,384
122000015,1462,1276,186
122000016,645,964,-319
122000017,1574,1155,419
122000018,1566,1442,124
122000019,878,1302,-424
122000020,280,266,14
122000021,277,555,-278
122000022,1441,1143,298
122000023,770,1959,-1189
122000024,890,1617,-727
122000025,1289,2061,-772
122000026,1194,1237,-43
122000027,680,2171,-1491
122000028,1144,617,527
122000029,597,599,-2
122000030,322,182,140
122000031,275,356,-81
122000032,2057,2102,-45
122000033,898,1554,-656
122000034,855,834,21
122000035,387,868,-481
122000036,648,696,-48
122000037,472,298,174
122000038,278,389,-111
122000039,814,570,244
122000040,351,357,-6
122000041,647,647,0
122000042,375,582,-207
122000043,136,127,9
122000044,152,196,-44
122000045,1402,552,850
122000046,925,847,78
122000047,357,298,59
122000048,4213,5009,-796
122000049,7071,3755,3316
122000050,1583,885,698
122000051,462,430,32
122000052,657,504,153
122000053,254,914,-660
122000054,2779,2422,357
122000055,2623,3685,-1062
122000056,5555,4074,1481
122000057,4130,4232,-102
122000058,2704,1591,1113
122000059,3438,2252,1186
122000060,752,849,-97
122000061,644,628,16
122000062,1013,396,617
122000063,1457,860,597
122000064,3658,3248,410
122000065,4679,2898,1781
122000066,1304,1256,48
122000067,1828,1450,378
122000068,1758,1362,396
122000069,815,778,37
122000070,915,1670,-755
122000071,1851,1460,391
122000072,463,604,-141
122000073,510,949,-439
122000074,3133,1909,1224
122000075,951,1390,-439
122000076,2959,1363,1596
122000077,1291,989,302
122000078,2234,2945,-711
122000079,1636,1573,63
122000080,878,506,372
122000081,303,406,-103
122000082,846,1118,-272
122000083,2023,1757,266
122000084,2074,1172,902
122000085,355,1325,-970
122000086,2671,7069,-4398
122000087,553,361,192
122000088,417,758,-341
122000089,6462,2839,3623
122000090,345,554,-209
122000091,253,97,156
122000092,191,30,161
122000093,1906,2539,-633
122000094,7076,4043,3033
122000095,3777,6114,-2337
122000096,3545,2424,1121
122000098,4397,3229,1168
122000099,1938,780,1158
122000100,1127,637,490
122000101,403,749,-346
122000102,2475,1452,1023
122000103,2404,2172,232
122000104,446,241,205
122000105,587,328,259
122000106,522,794,-272
122000107,1181,522,659
122000108,600,943,-343
122000109,570,318,252
122000110,705,601,104
122000111,3024,1520,1504
122000112,1186,1598,-412
122000113,768,786,-18
122000114,3271,1572,1699
122000115,1992,1448,544
122000116,691,661,30
122000117,2229,555,1674
122000118,696,1126,-430
122000119,3886,2851,1035
122000120,2209,5051,-2842
122000121,2163,3614,-1451
122000122,912,2247,-1335
122000123,2059,2171,-112
122000124,1242,782,460
122000125,945,880,65
122000126,856,1435,-579
122000127,1284,1732,-448
122000128,622,958,-336
122000129,579,1751,-1172
122000130,3779,1655,2124
122000131,1806,1511,295
122000132,659,696,-37
122000133,1109,1976,-867
122000134,1099,988,111
122000135,898,1050,-152
122000136,911,792,119
122000137,2319,1207,1112
122000139,1445,4420,-2975
122000140,1026,846,180
122000141,5136,1336,3800
122000142,498,1047,-549
122000143,572,573,-1
122000144,1560,1588,-28
122000145,1711,968,743
122000146,1475,1794,-319
122000147,737,626,111
122000148,2109,2871,-762
122000149,2502,1925,577
122000150,1312,1235,77
122000151,225,466,-241
122000152,434,540,-106
122000153,437,409,28
122000154,361,307,54
122000155,1999,2704,-705
122000156,2769,2984,-215
122000157,1481,2858,-1377
122000158,435,719,-284
122000159,933,2129,-1196
122000160,3888,2816,1072
122000161,1349,1245,104
122000162,2746,2139,607
122000163,330,116,214
122000164,51,123,-72
122000165,840,744,96
122000166,1012,1173,-161
122000167,319,267,52
122000168,265,624,-359
122000169,454,225,229
122000170,448,292,156
122000171,66,113,-47
122000172,2084,1638,446
122000173,1745,2562,-817
122000174,2483,1118,1365
122000175,1191,295,896
122000176,437,965,-528
122000177,1614,1745,-131
122000178,3143,2541,602
122000179,1885,2593,-708
122000180,1995,1597,398
122000181,1917,3479,-1562
122000182,2121,2044,77
122000183,2475,1229,1246
122000184,3374,2679,695
122000185,1816,1960,-144
122000186,608,884,-276
122000187,2035,1110,925
122000188,549,263,286
122000189,344,380,-36
122000190,1266,1261,5
122000191,1107,928,179
122000192,1213,442,771
122000193,506,1004,-498
122000194,555,232,323
122000195,188,629,-441
122000196,1349,771,578
122000197,578,925,-347
122000198,565,1075,-510
122000199,420,392,28
122000200,1148,747,401
122000201,1629,1899,-270
122000202,1540,1692,-152
122000203,4001,1567,2434
122000204,1820,2366,-546
122000205,1518,1769,-251
122000206,2522,1142,1380
122000207,2128,1722,406
122000208,2405,1588,817
122000209,2210,449,1761
122000210,2328,1996,332
122000211,1554,1522,32
122000212,911,542,369
122000213,1421,1514,-93
122000214,2514,2066,448
122000215,2551,1829,722
122000217,2178,1557,621
122000218,894,72,822
122000219,1512,992,520
122000220,513,848,-335
122000221,111,409,-298
122000222,625,130,495
122000223,1781,666,1115
122000225,1072,368,704
122000226,2273,2107,166
122000227,404,2573,-2169
122000228,470,480,-10
122000229,109,552,-443
122000230,518,623,-105
122000231,803,957,-154
122000232,656,1215,-559
122000233,0,139,-139
122000234,452,98,354
122000235,638,153,485
122000236,1264,143,1121
122000237,176,108,68
122000238,875,367,508
122000239,1185,199,986
122000240,1480,820,660
122000241,2048,660,1388
122000242,1061,217,844
122000243,366,78,288
122000244,62,507,-445
122000245,182,275,-93
122000246,376,241,135
122000247,928,845,83
122000248,1356,1794,-438
122000249,1724,1026,698
122000250,2549,1326,1223
122000251,284,511,-227
122000252,587,156,431
122000253,114,308,-194
122000254,406,118,288
122000255,935,1854,-919
122000256,479,1119,-640
122000257,259,354,-95
122000258,452,292,160
122000259,15,539,-524
122000260,5,82,-77
122000261,21,281,-260
122000262,3,50,-47
122000263,507,199,308
122000264,1584,408,1176
122000265,2883,1079,1804
122000266,5189,897,4292
122000267,269,154,115
122000268,185,521,-336
122000269,969,405,564
122000270,818,199,619
122000271,371,1246,-875
122000272,402,1080,-678
122000273,516,477,39
122000274,282,217,65
122000275,245,255,-10
122000276,849,716,133
122000277,1647,1992,-345
122000278,1854,982,872
122000279,307,625,-318
122000280,1219,839,380
122000281,1116,985,131
122000282,305,668,-363
122000283,346,252,94
122000284,316,129,187
122000285,413,131,282
122000286,68,195,-127
122000287,1318,1705,-387
122000288,582,319,263
122000291,2465,890,1575
122000293,374,328,46
122000294,145,275,-130
122000295,1721,233,1488
122000296,59,531,-472
122000297,2805,3143,-338
122000299,647,460,187
122000300,651,636,15
122000301,11034,3565,7469
122000302,674,1940,-1266
122000303,3260,1476,1784
122000304,111,242,-131
122000305,1271,346,925
122000306,59,712,-653
122000307,310,150,160
122000309,167,64,103
122000310,36,116,-80
122000311,252,165,87
122000312,106,170,-64
122000313,157,70,87
122000314,138,264,-126
122000315,295,49,246
122000316,923,213,710
122000317,1799,299,1500
122000318,374,968,-594
122000319,242,387,-145
122000320,333,1363,-1030
122000321,112,201,-89
122000322,2845,2540,305
122000323,1663,2646,-983
122000324,1347,1384,-37
122000325,1141,1886,-745
122000326,110,99,11
122000327,482,839,-357
122000328,940,771,169
122000330,2771,1115,1656
122000332,264,439,-175
122000333,5,115,-110
122000337,1211,1557,-346
122000338,581,552,29
122000340,410,539,-129
122000342,2220,1021,1199
122000343,554,1564,-1010
122000344,71,25,46
122000345,24,36,-12
122000346,438,544,-106
122000348,912,858,54
122000349,165,924,-759
122000351,166,221,-55
122000352,417,192,225
122000353,120,88,32
122000355,198,351,-153
122000356,1539,1405,134
122000357,97,32,65
122000358,1,66,-65
122000359,0,44,-44
122000360,0,74,-74
122000362,11,91,-80
122000364,180,405,-225
122000365,5,58,-53
122000366,17,12,5
122000368,558,795,-237
122000370,41,45,-4
122000371,24,0,24
122000372,12,1,11
122000381,112,367,-255
122000382,131,263,-132
122000384,2989,1297,1692
122000385,83,5,78
122000386,399,1608,-1209
122000387,627,809,-182
122000388,1666,830,836
122000389,205,704,-499
122000390,414,279,135
122000391,399,310,89
122000392,372,268,104
122000393,56,200,-144
122000394,796,354,442
122000395,190,191,-1
122000396,375,174,201
122000397,36,78,-42
122000398,67,63,4
122000399,146,82,64
122000400,149,734,-585
122000401,190,108,82
122000402,311,147,164
122000403,584,869,-285
122000404,229,235,-6
122000408,985,1211,-226
122000503,23,185,-162
122000524,559,179,380
122000544,138,2538,-2400
122000616,262,1,261
122000640,89,102,-13
122000641,150,295,-145
122000642,1219,1055,164
122000643,70,215,-145
122000644,217,79,138
122000645,160,173,-13
122000651,1810,1152,658
122000664,172,70,102
122000665,1561,647,914
122000666,869,1306,-437
122000673,27,315,-288
122000674,196,91,105
122000675,1853,911,942
122000686,595,1237,-642
122000687,1791,420,1371
122000688,383,631,-248
122000689,998,441,557
122000690,2585,522,2063
122000691,1526,1729,-203
122000692,1722,578,1144
122000693,585,2238,-1653
122000695,367,467,-100
122000696,480,325,155
122000698,434,798,-364
122000699,262,165,97
122000701,1592,326,1266
122000702,574,1246,-672
122000703,174,65,109
122000717,60,51,9
122000718,207,807,-600
122000719,128,105,23
122000720,486,234,252
122000724,270,36,234
122900001,34,7,27
122900002,1381,5558,-4177
122900003,487,46,441
122900004,1705,73,1632
122900005,135,115,20
122900006,758,876,-118
122900007,234,90,144
122900008,540,189,351
122900009,950,658,292
122900010,351,174,177
122900012,250,575,-325
122900014,168,323,-155
122900015,2536,1637,899
122900016,164,297,-133
122900017,455,1186,-731
122900018,249,27,222
122900019,9,130,-121
122900020,241,435,-194
122900021,46,496,-450
122900022,1059,977,82
122900023,542,243,299
122900024,162,157,5
122900025,8,491,-483
122900026,96,421,-325
122900027,70,747,-677
122900028,137,200,-63
122900029,4931,3517,1414
122900030,1242,621,621
122900031,91,340,-249
122900032,152,520,-368
122900033,221,166,55
122900034,4950,5801,-851
122900035,48,24,24
122900036,95,152,-57
122900037,492,198,294
122900038,144,3180,-3036
122900039,146,639,-493
122900040,296,597,-301
122900041,417,414,3
122900042,244,363,-119
122900043,455,288,167
122900044,148,365,-217
122900045,136,105,31
122900046,243,326,-83
122900047,194,223,-29
122900048,64,254,-190
122900049,1670,170,1500
122900051,102,192,-90
122900052,120,164,-44
122900053,44,54,-10
122900055,503,131,372
122900057,267,117,150
122900061,586,235,351
122900062,699,720,-21
122900063,230,299,-69
122900064,893,500,393
122900065,732,327,405
122900066,933,454,479
122900067,1516,893,623
122900068,293,448,-155
122900069,573,1385,-812
122900070,400,68,332
122900071,134,396,-262
122900072,13,549,-536
122900073,54,205,-151
122900074,951,738,213
122900075,0,64,-64
122900076,10,198,-188
122900077,1,146,-145
122900078,340,116,224
122900080,47,52,-5
122900081,208,225,-17
122900082,981,565,416
122900083,172,408,-236
122900084,12,242,-230
122900086,17,127,-110
122900087,295,620,-325
122900088,55,265,-210
122900089,59,335,-276
122900090,15,447,-432
122900091,301,1,300
122900092,1,217,-216
122900093,0,292,-292
122900094,7,217,-210
122900095,195,8,187
122900096,315,184,131
122900097,28,43,-15
122900098,135,112,23
122900099,74,22,52
122900100,241,347,-106
122900101,690,364,326
122900102,15,32,-17
122900103,134,4,130
122900104,183,4,179
122900105,15,15,0
122900106,11,67,-56
122900107,9,177,-168
122900108,23,186,-163
123000001,1478,508,970
123000002,4276,5995,-1719
123000003,4186,4487,-301
123000004,3107,4236,-1129
123000005,2943,2932,11
123000006,2499,2678,-179
123000007,4244,2940,1304
123000008,2828,3393,-565
123000009,5193,3467,1726
123000010,3509,3503,6
123000011,2641,947,1694
123000012,865,2325,-1460
123000013,4021,1051,2970
123000014,1047,3668,-2621
123000015,4283,1495,2788
123000016,5225,5211,14
123000017,3741,1967,1774
123000018,71,109,-38
123000019,400,222,178
123000020,223,109,114
123000021,145,257,-112
123000022,428,2040,-1612
123000023,1839,1845,-6
123000024,1903,750,1153
123000025,265,167,98
123000026,173,102,71
123000027,312,820,-508
123000028,1789,1053,736
123000029,1307,1740,-433
123000030,265,436,-171
123000031,331,275,56
123000032,483,166,317
123000033,292,92,200
123000034,1116,889,227
123000035,454,447,7
123000036,317,1065,-748
123000037,279,394,-115
123000038,95,222,-127
123000039,418,1801,-1383
123000040,873,372,501
123000041,1336,1440,-104
123000042,1284,685,599
123000043,3504,11257,-7753
123000044,5590,3159,2431
123000045,9255,3869,5386
123000046,947,2042,-1095
123000047,2386,1370,1016
123000048,116,918,-802
123000049,8074,11635,-3561
123000050,1666,1738,-72
123000051,157,236,-79
123000052,969,3778,-2809
123000053,2755,3904,-1149
123000054,1745,1975,-230
123000055,1698,2625,-927
123000056,1228,2258,-1030
123000057,13921,9007,4914
123000058,811,1295,-484
123000059,502,651,-149
123000060,955,505,450
123000061,295,839,-544
123000063,952,1011,-59
123000064,1164,353,811
123000065,6856,3151,3705
123000066,838,687,151
123000067,950,637,313
123000068,3201,3269,-68
123000069,7408,3809,3599
123000070,292,766,-474
123000071,1278,1037,241
123000072,1235,1147,88
123000073,1393,831,562
123000074,1316,1304,12
123000075,400,1324,-924
123000076,1284,755,529
123000077,2237,2861,-624
123000078,1803,1763,40
123000079,1691,2086,-395
123000080,2609,1889,720
123000081,186,382,-196
123000082,388,1164,-776
123000083,1268,317,951
123000084,883,597,286
123000085,373,126,247
123000086,606,233,373
123000087,531,409,122
123000088,1482,879,603
123000089,584,1181,-597
123000090,1236,924,312
123000091,1764,1489,275
123000092,1039,1093,-54
123000094,616,309,307
123000095,608,660,-52
123000096,775,379,396
123000097,475,819,-344
123000098,963,624,339
123000099,732,871,-139
123000100,567,844,-277
123000101,691,866,-175
123000102,569,775,-206
123000104,463,497,-34
123000105,712,560,152
123000106,563,417,146
123000107,427,589,-162
123000108,779,1258,-479
123000111,1039,364,675
123000112,1473,586,887
123000113,627,1564,-937
123000114,388,657,-269
123000115,351,311,40
123000116,59,122,-63
123000117,1939,2017,-78
123000118,487,946,-459
123000119,269,858,-589
123000120,358,919,-561
123000121,492,635,-143
123000122,386,242,144
123000123,522,584,-62
123000124,543,512,31
123000125,1313,1391,-78
123000126,1563,5347,-3784
123000127,854,684,170
123000128,308,326,-18
123000129,811,229,582
123000130,834,98,736
123000131,1100,775,325
123000132,394,664,-270
123000133,246,430,-184
123000134,355,179,176
123000135,2841,1290,1551
123000136,215,771,-556
123000137,129,294,-165
123000138,113,462,-349
123000139,688,115,573
123000140,162,887,-725
123000141,1113,168,945
123000142,1148,1158,-10
123000143,1191,2013,-822
123000144,57,25,32
123000145,249,307,-58
123000146,102,86,16
123000147,110,124,-14
123000149,362,380,-18
123000150,129,275,-146
123000151,312,473,-161
123000152,204,548,-344
123000153,321,785,-464
123000154,1942,2385,-443
123000155,2604,1582,1022
123000156,45,109,-64
123000157,614,919,-305
123000158,701,892,-191
123000159,3685,3011,674
123000160,1191,847,344
123000161,2126,1334,792
123000162,1263,1837,-574
123000163,545,134,411
123000164,1754,389,1365
123000165,564,1634,-1070
123000166,60,151,-91
123000167,187,305,-118
123000168,316,231,85
123000169,939,170,769
123000170,144,199,-55
123000171,814,28,786
123000172,339,557,-218
123000173,767,353,414
123000174,1205,531,674
123000175,897,1435,-538
123000176,1253,397,856
123000177,392,1072,-680
123000178,871,205,666
123000179,66,621,-555
123000180,1985,378,1607
123000181,313,1265,-952
123000182,303,507,-204
123000183,221,523,-302
123000184,156,593,-437
123000185,873,404,469
123000186,1,626,-625
123000187,782,14,768
123000188,225,2,223
123000189,184,159,25
123000190,75,78,-3
123000192,29,424,-395
123000193,90,894,-804
123000194,505,377,128
123000195,354,44,310
123000196,399,42,357
123000197,81,117,-36
123000198,64,439,-375
123000199,12,792,-780
123000200,630,9,621
123000201,1221,28,1193
123000202,20,1167,-1147
123000203,1262,97,1165
123000204,115,1050,-935
123000205,672,1636,-964
123000206,2668,295,2373
123000207,86,872,-786
123000208,577,276,301
123000209,2459,851,1608
123000210,596,2082,-1486
123000211,528,2521,-1993
123000212,3452,636,2816
123000213,841,100,741
123000215,144,357,-213
123000216,182,1242,-1060
123000217,246,52,194
123000218,97,876,-779
123000219,1084,101,983
123000220,644,115,529
123000221,241,131,110
123000222,465,435,30
123000223,433,362,71
123000224,494,521,-27
123000225,364,77,287
123000226,67,374,-307
123000227,74,325,-251
123000228,353,71,282
123000229,1113,1546,-433
123000232,176,597,-421
123000233,848,197,651
123000234,182,635,-453
123000235,1212,345,867
123000236,329,698,-369
123000237,301,108,193
123000238,99,487,-388
123000239,557,1440,-883
123000240,71,523,-452
123000241,492,112,380
123000242,211,256,-45
123000243,736,928,-192
123000244,1018,801,217
123000245,65,182,-117
123000249,490,661,-171
123000252,963,298,665
123000253,1447,627,820
123000254,802,1152,-350
123000255,1517,1106,411
123000256,34,280,-246
123000257,3071,2077,994
123000258,1247,877,370
123000259,497,437,60
123000260,613,460,153
123000261,271,179,92
123000262,118,187,-69
123000263,510,110,400
123000264,218,120,98
123000265,68,135,-67
123000266,741,896,-155
123000267,788,397,391
123000268,55,63,-8
123000269,91,76,15
123000270,37,71,-34
123000271,81,72,9
123000272,925,325,600
123000273,324,712,-388
123000274,1389,612,777
123000275,365,975,-610
123000278,3016,2844,172
123000279,158,104,54
123000280,502,364,138
123000281,348,121,227
123000282,191,305,-114
123000283,178,50,128
123000284,77,76,1
123000286,271,440,-169
123000287,663,324,339
123000288,1679,951,728
123000289,492,1134,-642
123000291,371,919,-548
123000294,204,286,-82
123000295,1096,939,157
123000296,687,390,297
123000297,754,641,113
123000298,819,575,244
123000299,76,193,-117
123000300,1142,930,212
123000301,142,246,-104
123000302,111,189,-78
123000303,109,238,-129
123000305,892,828,64
123000306,208,181,27
123000309,64,68,-4
123000310,62,38,24
123000311,0,92,-92
123000312,704,807,-103
123000313,666,415,251
123000315,183,327,-144
123000316,1274,93,1181
123000317,184,76,108
123000318,66,232,-166
123000329,15,12,3
123000337,873,341,532
123000338,446,81,365
123000339,287,259,28
123000340,128,372,-244
123000342,183,96,87
123000343,52,9,43
123000344,1201,522,679
123000345,388,750,-362
123000346,369,66,303
123000352,1580,965,615
123000353,68,152,-84
123000354,329,16,313
123000355,2,379,-377
123000356,437,13,424
123000357,0,163,-163
123000359,1,158,-157
123000360,277,86,191
123000361,310,374,-64
123000362,431,137,294
123000363,79,195,-116
123000364,579,577,2
123000365,16,394,-378
123000366,413,2138,-1725
123000367,331,1195,-864
123000370,53,341,-288
123000371,550,63,487
123000372,376,24,352
123000373,18,365,-347
123000374,102,178,-76
123000375,416,71,345
123000376,997,809,188
123000377,405,31,374
123000378,11,333,-322
123000379,18,250,-232
123000380,65,556,-491
123000381,180,122,58
123000382,1483,123,1360
123000383,202,1484,-1282
123000384,583,152,431
123000385,206,702,-496
123000436,73,1311,-1238
123000507,128,217,-89
123000508,145,1240,-1095
123000517,339,34,305
123000518,41,254,-213
123000519,267,67,200
123000520,71,255,-184
123000521,434,95,339
123000522,159,419,-260
123000541,5,6,-1
123000542,0,16,-16
123000565,835,50,785
123000566,266,582,-316
123000567,113,225,-112
123000573,46,748,-702
123000574,789,95,694
123000575,1552,1252,300
123000576,1000,1470,-470
123000577,77,759,-682
123000578,610,94,516
123000579,2812,6482,-3670
123000580,202,53,149
123000582,469,37,432
123000583,23,391,-368
123000584,171,323,-152
123000585,0,190,-190
123000586,114,0,114
123000596,96,86,10
123000597,84,164,-80
123000602,41,9,32
123000603,844,658,186
123000604,494,763,-269
123000605,910,134,776
123000606,0,402,-402
123000609,34,321,-287
123000610,251,133,118
123000613,23,197,-174
123000614,228,54,174
123000615,44,106,-62
123000616,911,66,845
123000617,145,441,-296
123000618,113,747,-634
123000619,630,70,560
123000620,27,503,-476
123000622,517,46,471
123000624,156,49,107
123000630,1135,485,650
123000631,315,1235,-920
123000632,834,931,-97
123000633,0,190,-190
123000634,73,116,-43
123000635,156,119,37
123000636,56,704,-648
123000637,233,119,114
123000638,590,65,525
123000639,1189,4699,-3510
123000640,35,723,-688
123000648,359,77,282
123000649,36,492,-456
123900001,1385,62,1323
123900002,37,1318,-1281
123900003,380,407,-27
123900005,308,188,120
123900006,379,44,335
124000001,2153,198,1955
124000002,81,1753,-1672
124000003,953,169,784
124000004,112,603,-491
124000005,1222,462,760
124000006,274,1181,-907
124000007,533,143,390
124000008,11,595,-584
124000009,667,270,397
124000010,223,442,-219
124000011,1168,372,796
124000012,428,555,-127
124000017,161,140,21
124000018,126,98,28
124000019,125,132,-7
124000020,55,174,-119
124000021,122,94,28
124000022,89,201,-112
124000023,1497,1730,-233
124000024,1183,512,671
124000025,1362,2191,-829
124000026,1195,1201,-6
124000027,5480,6304,-824
124000028,2284,4779,-2495
124000030,3098,1563,1535
124000031,1345,3215,-1870
124000032,2385,888,1497
124000033,617,465,152
124000034,981,759,222
124000035,382,288,94
124000036,131,547,-416
124000037,794,1321,-527
124000038,42,171,-129
124000039,1105,575,530
124000040,626,1379,-753
124000041,465,125,340
124000042,134,560,-426
124000043,128,112,16
124000044,87,240,-153
124000045,1025,644,381
124000046,381,765,-384
124000047,1887,851,1036
124000048,1086,1423,-337
124000049,1997,650,1347
124000050,964,1716,-752
124000051,1148,557,591
124000052,850,1047,-197
124000053,660,1606,-946
124000054,1100,543,557
124000055,1592,2953,-1361
124000056,2474,1437,1037
124000057,966,653,313
124000058,473,1085,-612
124000059,666,1368,-702
124000060,1179,674,505
124000061,1482,5933,-4451
124000062,6132,2244,3888
124000063,1194,1783,-589
124000064,2312,1453,859
124000065,88,443,-355
124000066,167,64,103
124000067,297,167,130
124000068,107,172,-65
124000069,840,198,642
124000070,353,529,-176
124000071,313,124,189
124000072,205,485,-280
124000073,1142,240,902
124000074,327,862,-535
124000075,391,30,361
124000076,13,214,-201
124000077,1562,1248,314
124000078,3072,1425,1647
124000079,454,1696,-1242
124000080,603,210,393
124000081,279,614,-335
124000082,45,182,-137
124000083,46,100,-54
124000084,64,470,-406
124000085,103,43,60
124000086,132,102,30
124000087,275,156,119
124000088,286,598,-312
124000089,1094,386,708
124000090,155,415,-260
124000091,598,162,436
124000092,152,678,-526
124000093,151,120,31
124000094,264,534,-270
124000095,131,72,59
124000096,184,332,-148
124000097,117,104,13
124000098,69,87,-18
124000099,345,112,233
124000100,75,156,-81
124000101,75,123,-48
124000102,129,64,65
124000103,127,120,7
124000104,77,39,38
124000105,96,116,-20
124000106,168,56,112
124000107,29,180,-151
124000108,54,35,19
124000109,154,90,64
124000110,198,116,82
124000111,221,148,73
124000112,745,660,85
124000113,104,111,-7
124000114,327,444,-117
124000115,401,739,-338
124000116,149,183,-34
124000117,66,109,-43
124000118,53,74,-21
124000119,1226,659,567
124000120,671,584,87
124000121,1479,770,709
124000122,622,1320,-698
124000123,1033,521,512
124000124,398,1147,-749
124000125,508,626,-118
124000126,368,719,-351
124000127,927,369,558
124000128,622,1046,-424
124000129,2363,1681,682
124000130,864,711,153
124000131,992,652,340
124000132,971,880,91
124000133,888,873,15
124000134,1102,760,342
124000135,1977,1900,77
124000136,1091,1087,4
124000137,1617,1032,585
124000138,2701,1586,1115
124000139,756,49,707
124000140,58,582,-524
124000141,135,14,121
124000142,25,209,-184
124000143,59,21,38
124000144,20,50,-30
124000145,122,63,59
124000146,70,71,-1
124000148,29,132,-103
124000149,1283,556,727
124000150,420,696,-276
124000151,1034,515,519
124000152,949,1360,-411
124000153,1112,838,274
124000154,790,748,42
124000155,1835,1229,606
124000156,1755,1110,645
124000169,271,534,-263
124000170,579,535,44
124000171,376,303,73
124000172,439,604,-165
124000173,578,273,305
124000174,456,613,-157
124000175,6,110,-104
124000176,37,24,13
124000177,5,54,-49
124000178,35,63,-28
124000190,121,83,38
124000191,187,227,-40
124000192,1972,392,1580
124000193,591,992,-401
124000194,493,528,-35
124000195,250,684,-434
124000196,1055,1037,18
124000197,41,56,-15
124000198,34,33,1
124000201,381,859,-478
124000202,698,530,168
124000203,745,602,143
124000204,969,368,601
124000205,178,412,-234
124000206,873,391,482
124000207,0,48,-48
124000209,269,371,-102
124000210,491,215,276
124000211,785,1,784
124000212,1,384,-383
124000213,517,338,179
124000214,462,608,-146
124000215,368,29,339
124000216,3,304,-301
124000329,216,1472,-1256
124000338,361,757,-396
124000339,1154,182,972
124000341,1508,169,1339
124000344,34,2,32
124000357,1220,2449,-1229
124000358,956,1513,-557
124000359,1156,722,434
124000360,901,488,413
124000361,1956,964,992
124000362,1310,1868,-558
124000363,363,356,7
124000364,560,839,-279
124000365,646,1220,-574
124000366,1552,1071,481
124000367,146,512,-366
124000368,491,475,16
124000369,268,156,112
124000370,97,629,-532
124000402,34,20,14
124000403,141,39,102
124000404,14,116,-102
124000405,1297,973,324
124000406,910,924,-14
124000407,5,40,-35
124000411,16,292,-276
124000412,584,19,565
124000413,183,53,130
124000414,59,108,-49
124000415,67,109,-42
124000416,180,181,-1
124000417,197,106,91
124000418,209,103,106
124000419,115,120,-5
124000420,82,75,7
124000421,63,155,-92
124000422,39,12,27
124000423,125,34,91
124000424,2,93,-91
124000425,89,36,53
124000426,6,62,-56
124000427,60,17,43
124000428,26,74,-48
124000429,79,62,17
124000430,740,564,176
124000431,280,577,-297
124000432,348,789,-441
124000439,3,11,-8
124000443,1,7,-6
124000445,259,1188,-929
124000446,1492,200,1292
124900001,626,417,209
124900002,226,368,-142
124900003,1286,686,600
124900004,831,368,463
124900005,280,206,74
124900006,820,293,527
124900008,1307,626,681
124900009,227,418,-191
124900010,281,162,119
124900011,690,230,460
124900012,516,95,421
124900013,540,147,393
124900014,359,66,293
124900015,184,378,-194
124900016,93,107,-14
124900017,560,1664,-1104
124900018,67,15,52
124900020,96,57,39
124900021,416,51,365
124900022,38,6,32
124900024,300,8,292
124900026,153,61,92
124900027,130,564,-434
124900028,501,74,427
124900029,10,514,-504
124900030,8,93,-85
124900031,58,308,-250
124900032,259,247,12
124900033,153,328,-175
124900034,18,118,-100
124900035,163,449,-286
124900036,7,63,-56
124900037,250,338,-88
124900038,341,386,-45
124900039,2,48,-46
124900040,235,164,71
124900041,289,1238,-949
124900042,92,6,86
124900043,540,1029,-489
124900044,95,3,92
124900045,793,1288,-495
124900046,1059,393,666
124900047,176,236,-60
124900048,202,125,77
124900050,217,189,28
124900052,102,477,-375
124900053,121,377,-256
124900054,1869,497,1372
124900055,1,214,-213
124900057,14,47,-33
124900060,120,232,-112
124900061,137,14,123
124900062,372,31,341
124900066,0,14,-14
124900067,11,138,-127
124900068,242,670,-428
124900070,72,32,40
124900072,149,58,91
124900075,269,229,40
124900076,24,1311,-1287
124900077,43,121,-78
124900078,159,23,136
124900079,535,195,340
124900080,341,618,-277
124900081,1137,319,818
124900082,390,798,-408
124900083,244,494,-250
124900085,1245,645,600
124900086,110,1779,-1669
124900087,905,149,756
124900088,727,148,579
124900089,1143,44,1099
124900090,352,326,26
124900091,381,400,-19
124900092,237,262,-25
124900093,374,246,128
124900094,516,302,214
124900095,140,569,-429
124900096,669,275,394
124900097,405,71,334
124900098,173,359,-186
124900099,721,564,157
124900100,396,41,355
124900101,77,630,-553
124900102,274,26,248
124900103,188,232,-44
124900104,77,141,-64
124900105,142,118,24
124900106,444,64,380
124900107,166,17,149
124900108,197,91,106
124900111,0,123,-123
124900112,48,624,-576
124900113,123,397,-274
124900114,226,216,10
124900115,89,41,48
124900116,306,202,104
124900117,435,214,221
124900118,248,370,-122
124900119,493,241,252
124900120,81,384,-303
124900121,153,474,-321
124900122,348,294,54
124900123,361,156,205
124900124,199,416,-217
204000001,91,10,81
204000002,20,9,11
204000003,25,7,18
204000004,6,1,5
204000005,698,494,204
204000006,1314,1051,263
204000011,8,54,-46
204000012,61,84,-23
204000019,718,496,222
204000020,812,590,222
204000021,1853,874,979
204000022,601,534,67
204000023,556,718,-162
204000031,91,16,75
204000032,344,47,297
204000034,20,202,-182
204000035,3,3,0
204000036,4,31,-27
204000037,2,20,-18
204000038,1,12,-11
204000039,24,28,-4
204000040,4,25,-21
204000041,10,37,-27
204000042,42,11,31
204000043,41,13,28
204000044,46,8,38
204000045,46,4,42
204000046,16,3,13
204000057,2,21,-19
204000062,24,40,-16
204000068,33,223,-190
204000069,82,325,-243
204000070,86,63,23
204000080,47,70,-23
204000085,1952,1633,319
204000086,2582,1748,834
204000087,59,18,41
204000088,7,75,-68
204000090,25,346,-321
204000093,367,60,307
204000096,980,1028,-48
204000097,537,13,524
204000099,1229,1537,-308
204000100,1579,1955,-376
204000105,2206,1373,833
204000110,751,1248,-497
204000111,544,597,-53
204000112,1036,782,254
204000113,759,764,-5
204000114,1378,781,597
204000115,695,345,350
204000116,2051,664,1387
204000119,2093,2890,-797
204000132,803,446,357
204000133,1027,215,812
204000134,502,90,412
204000135,849,85,764
204000136,648,192,456
204000138,425,838,-413
204000140,229,171,58
204000141,160,82,78
204000144,10,29,-19
204000145,648,46,602
204000146,23,366,-343
204000147,14,127,-113
204000148,298,33,265
204000154,10,1,9
204000155,8,8,0
204000177,108,32,76
204000179,38,6,32
204000180,0,17,-17
204000222,8,13,-5
204000235,20,24,-4
204000236,74,275,-201
204000238,13,32,-19
204000240,413,75,338
204000263,676,996,-320
204000268,1107,767,340
204000308,192,27,165
204000317,11,60,-49
204000322,14,39,-25
204000323,19,9,10
204000328,267,68,199
204000329,50,176,-126
204000330,211,14,197
204000331,22,100,-78
204010341,18,185,-167
205000001,949,1848,-899
205000013,5,66,-61
205000014,14,81,-67
205000015,23,192,-169
205000016,29,152,-123
205000017,15,94,-79
205000022,253,811,-558
205000025,1062,1123,-61
205000029,247,9,238
205000045,132,435,-303
205000046,132,510,-378
205000047,116,562,-446
205000048,340,1003,-663
205000049,188,839,-651
205000050,764,292,472
205000059,0,204,-204
205000060,1,87,-86
205000061,3,67,-64
205000062,0,64,-64
205000063,18,103,-85
205000064,11,94,-83
205000065,73,484,-411
205000066,93,584,-491
205000067,18,671,-653
205000069,192,10,182
205000082,237,163,74
205000110,99,245,-146
205000111,186,212,-26
205000112,178,237,-59
205000113,200,351,-151
205000121,350,64,286
205000123,44,226,-182
205000126,477,82,395
205000127,802,137,665
205000128,401,50,351
205000129,574,72,502
205000130,208,24,184
205000131,156,7,149
205000132,189,2,187
205000133,100,0,100
205000134,258,0,258
205000137,88,187,-99
205000138,172,369,-197
205000139,28,161,-133
205000144,79,96,-17
205000145,507,164,343
205000151,187,29,158
205000152,233,28,205
205000153,240,24,216
205000154,118,41,77
205000155,102,15,87
205000207,19,185,-166
205000233,25,1,24
205000234,0,1,-1
205000243,1,0,1
205000244,0,2,-2
205000245,17,222,-205
205000249,1,23,-22
205000250,17,1,16
205000264,5,84,-79
206000027,6,1,5
206000028,8,2,6
206000043,12,53,-41
206000053,6,10,-4
206000054,3,20,-17
206000055,0,39,-39
206000075,12,21,-9
206000076,19,10,9
206000077,32,4,28
206000078,18,6,12
206000079,20,19,1
206000082,460,41,419
206000100,48,516,-468
206000103,3,24,-21
206000104,11,34,-23
206000105,5,10,-5
206000106,16,22,-6
206000108,652,64,588
206000125,74,0,74
206000157,49,544,-495
206000170,2,177,-175
206000171,3,174,-171
206000172,12,389,-377
206000173,4,209,-205
206000174,8,65,-57
206000175,0,111,-111
206000176,25,188,-163
206000177,1,146,-145
206000178,2,181,-179
206000179,8,108,-100
206000180,14,154,-140
206000181,2,105,-103
206000182,16,132,-116
206000183,15,498,-483
206000184,2,316,-314
206000185,5,138,-133
206000186,93,828,-735
206000223,16,218,-202
206000226,31,6,25
206000227,15,0,15
206000237,52,252,-200
206000238,22,398,-376
206000239,233,1635,-1402
206000240,2,55,-53
206000241,1,87,-86
206000242,2,232,-230
206000243,13,157,-144
206000244,55,498,-443
206000245,882,81,801
206000246,267,28,239
206000247,247,8,239
206000248,421,16,405
206000252,84,44,40
206000258,33,36,-3
206000315,31,9,22
206000317,659,101,558
206000318,492,74,418
206000319,1536,75,1461
206000320,234,38,196
206000321,248,13,235
206000322,551,18,533
206000323,138,7,131
206000324,147,3,144
206000325,191,6,185
206000326,179,12,167
206000327,191,7,184
206000328,198,4,194
206000329,326,5,321
206000330,62,9,53
206000331,213,3,210
206000332,62,3,59
206000333,631,2,629
206000334,311,3,308
206000335,0,33,-33
206000361,5,218,-213
206000392,1,35,-34
206000405,148,0,148
206000441,33,22,11
206000498,37,6,31
206000515,94,39,55
206000530,321,54,267
206000531,202,244,-42
206000532,1914,343,1571
206000535,223,1617,-1394
206000536,13,146,-133
206000537,21,154,-133
206000613,1722,211,1511
207000001,178,700,-522
207000002,132,372,-240
207000003,151,183,-32
207000007,1021,259,762
207000008,110,11,99
207000009,74,39,35
207000010,432,405,27
207000012,405,267,138
207000015,278,1130,-852
207000019,268,99,169
207000021,672,185,487
207000022,155,118,37
207000023,215,51,164
207000024,5,27,-22
207000025,35,64,-29
207000026,85,35,50
207000027,21,95,-74
207000028,96,203,-107
207000029,326,422,-96
207000033,184,476,-292
207000034,301,88,213
207000039,463,147,316
207000040,440,98,342
207000041,190,45,145
207000042,263,69,194
207000043,275,208,67
207000051,147,231,-84
207000052,39,102,-63
207000053,466,585,-119
207000054,49,140,-91
207000055,209,127,82
207000056,454,302,152
207000057,129,293,-164
207000058,265,248,17
207000059,147,433,-286
207000060,80,178,-98
207000061,218,502,-284
207000062,304,33,271
207000063,314,101,213
207000064,388,122,266
207000065,374,234,140
207000066,260,174,86
207000067,64,103,-39
207000068,141,72,69
207000069,749,404,345
207000082,10,203,-193
207000083,86,234,-148
207000084,284,262,22
207000085,264,21,243
207000086,228,8,220
207000106,47,43,4
207000107,82,25,57
207000108,58,12,46
207000109,44,18,26
207000110,70,96,-26
207000111,90,76,14
207000112,181,703,-522
207000114,23,28,-5
207000115,20,79,-59
207000116,22,434,-412
207000117,8,103,-95
207000118,4,79,-75
207000119,43,107,-64
207000123,203,22,181
207000124,113,32,81
207000125,56,27,29
207000126,91,78,13
207000134,90,129,-39
207000135,34,220,-186
207000148,71,351,-280
207000149,51,47,4
207000152,139,332,-193
207000153,1013,1337,-324
207000154,367,209,158
207000159,107,184,-77
207000160,162,438,-276
207000238,0,162,-162
207000242,6,171,-165
207000248,45,33,12
207000249,171,28,143
207000250,732,72,660
207000251,119,85,34
207000252,89,66,23
207000278,129,64,65
207000279,27,143,-116
207000280,578,85,493
207000281,125,725,-600
207000282,172,110,62
207000283,107,190,-83
207000284,59,268,-209
207000285,91,62,29
207000291,16,86,-70
207000304,124,72,52
207000306,103,371,-268
207000310,101,98,3
207000353,391,2,389
207000356,16,45,-29
207000357,8,14,-6
207000358,21,46,-25
207000415,4,164,-160
207000417,41,4,37
207000418,132,152,-20
207000438,1,2,-1
207000439,944,894,50
207000446,191,4,187
207000460,38,11,27
207000466,214,149,65
207000467,280,96,184
207000468,52,287,-235
207000476,6,49,-43
207000477,738,78,660
207000478,7,66,-59
207000523,0,5,-5
207000524,63,0,63
207000527,148,204,-56
207000530,541,10,531
207000531,404,6,398
207000532,117,44,73
207000534,513,62,451
207000535,50,391,-341
207000537,25,133,-108
207000540,6,162,-156
207000541,2,313,-311
207000548,9,251,-242
207000549,373,20,353
207000561,209,259,-50
207000562,43,187,-144
207000567,217,257,-40
207000568,213,79,134
207000569,483,744,-261
207000584,331,253,78
207000585,70,511,-441
207000587,2,11,-9
207000616,0,149,-149
207000617,195,2,193
207900008,260,112,148
208000001,638,1189,-551
208000002,761,577,184
208000003,1452,477,975
208000004,1465,702,763
208000005,5,22,-17
208000019,647,949,-302
208000020,201,510,-309
208000021,248,370,-122
208000022,1213,536,677
208000028,1539,1063,476
208000033,693,560,133
208000034,1351,1370,-19
208000037,317,27,290
208000040,242,188,54
208000041,1086,609,477
208000042,1469,711,758
208000047,164,240,-76
208000064,2565,1522,1043
208000066,1835,2731,-896
208000070,354,386,-32
208000071,474,825,-351
208000072,474,1278,-804
208000080,380,317,63
208000081,503,167,336
208000082,312,264,48
208000083,127,404,-277
208000084,14,27,-13
208000085,896,678,218
208000086,474,1124,-650
208000087,487,849,-362
208000089,1248,397,851
208000090,1057,652,405
208000093,150,163,-13
208000094,664,351,313
208000095,731,509,222
208000104,1053,930,123
208000105,790,1049,-259
208000114,145,343,-198
208000115,543,349,194
208000116,584,1230,-646
208000117,112,162,-50
208000118,131,177,-46
208000155,886,1277,-391
208000158,1540,4257,-2717
208000186,3833,4848,-1015
208000204,669,1163,-494
208000205,1247,1028,219
208000282,5999,3507,2492
209000004,361,148,213
209000005,58,23,35
209000006,446,175,271
209000007,249,306,-57
209000010,436,147,289
209000011,207,275,-68
209000012,255,134,121
209000013,218,293,-75
209000014,531,1063,-532
209000025,358,52,306
209000026,667,117,550
209000027,400,684,-284
209000028,459,671,-212
209000029,533,729,-196
209000030,415,1274,-859
209000031,2423,2194,229
209000034,232,316,-84
209000035,162,208,-46
209000036,271,135,136
209000037,393,241,152
209000038,160,189,-29
209000039,77,178,-101
209000040,274,585,-311
209000041,171,498,-327
209000042,282,423,-141
209000043,712,946,-234
209000044,246,933,-687
209000045,1356,531,825
209000046,544,593,-49
209000047,430,242,188
209000048,583,307,276
209000049,110,106,4
209000050,241,164,77
209000051,281,319,-38
209000052,162,283,-121
209000062,40,89,-49
209000063,54,65,-11
209000064,34,84,-50
209000065,78,30,48
209000066,80,47,33
209000067,106,51,55
209000080,24,201,-177
209000082,74,34,40
209000091,24,125,-101
209000093,48,27,21
209000094,201,192,9
209000110,43,141,-98
209000111,573,1591,-1018
209000112,1034,511,523
209000113,1728,495,1233
209000114,822,505,317
209000115,70,116,-46
209000116,557,411,146
209000118,13,59,-46
209000119,17,14,3
209000121,110,447,-337
209000135,96,249,-153
209000142,756,1775,-1019
209000143,58,97,-39
209000144,58,152,-94
209000229,292,155,137
209000240,30,288,-258
209000259,92,97,-5
209000260,45,1011,-966
209000261,0,513,-513
209000262,3,372,-369
209000263,1,133,-132
209000264,0,127,-127
209000265,621,2,619
209000266,187,1,186
209000267,1050,8,1042
209000268,880,55,825
210000037,70,27,43
210000047,89,25,64
210000048,86,22,64
210000049,68,13,55
210000052,57,75,-18
210000053,32,51,-19
210000054,60,61,-1
210000070,150,3,147
210000071,79,1,78
210000072,63,0,63
210000073,0,21,-21
210000074,1,131,-130
210000075,5,121,-116
210000076,14,162,-148
210000077,9,52,-43
210000078,18,36,-18
210000079,29,8,21
210000080,76,54,22
210000081,202,25,177
210000082,164,0,164
210000083,81,1,80
210000084,35,0,35
210000085,0,74,-74
210000086,1,170,-169
210000099,49,188,-139
210000100,57,173,-116
210000101,80,141,-61
210000105,27,183,-156
210000159,1,173,-172
210000163,142,267,-125
210000164,301,192,109
210000168,169,57,112
210000187,0,29,-29
210000188,0,11,-11
210000214,24,0,24
210000219,29,51,-22
210000220,115,51,64
210000232,11,24,-13
210000233,41,76,-35
210000234,38,104,-66
210000235,83,80,3
210000245,0,50,-50
210000246,49,20,29
210000258,12,107,-95
210000259,299,43,256
210000282,78,216,-138
210000285,2,131,-129
210000286,20,226,-206
210000290,6,31,-25
210000295,40,116,-76
210000296,64,60,4
210000320,179,74,105
210000321,131,75,56
210000338,108,61,47
210000339,371,1274,-903
210000340,130,381,-251
210000341,266,279,-13
210000342,223,172,51
210000343,211,184,27
210000344,172,110,62
210000345,194,162,32
210000346,67,125,-58
210000347,91,32,59
210000348,124,18,106
210000349,45,22,23
210000350,136,45,91
210000351,172,81,91
210000352,77,65,12
210000353,61,110,-49
210000354,77,72,5
210000355,44,84,-40
210000356,53,50,3
210000357,52,32,20
210000358,187,120,67
210000359,86,84,2
210000360,166,146,20
210000361,206,132,74
210000362,325,243,82
210000363,788,243,545
210000364,100,155,-55
210000365,116,88,28
210000366,121,47,74
210000367,96,39,57
210000368,148,47,101
210000369,25,27,-2
210000370,68,38,30
210000372,19,42,-23
210000373,34,16,18
210000374,57,30,27
210000375,46,55,-9
210000376,67,111,-44
210000404,68,102,-34
210000439,20,44,-24
210000472,115,4,111
210000482,69,104,-35
210000564,437,277,160
210000567,4,43,-39
210000568,338,0,338
211000092,57,79,-22
211000094,18,11,7
211000169,222,13,209
211000172,18,250,-232
211000209,4,24,-20
211000226,12,44,-32
211000270,25,10,15
211000275,24,9,15
211000276,102,24,78
211000279,18,31,-13
211000281,45,51,-6
211507980,2,45,-43
211977296,35,5,30
212000003,128,54,74
212000004,18,30,-12
212000005,10,19,-9
212000006,25,47,-22
212000008,182,154,28
212000009,38,130,-92
212000012,65,68,-3
212000013,31,57,-26
212000014,249,167,82
212000015,248,267,-19
212000016,481,545,-64
212000027,563,455,108
212000028,351,404,-53
212000029,249,269,-20
212000030,63,21,42
212000031,83,39,44
212000048,37,146,-109
212000049,14,115,-101
212000050,19,6,13
212000051,183,246,-63
212000052,207,270,-63
212000053,414,500,-86
212000054,293,117,176
212000055,279,199,80
212000056,22,34,-12
212000057,9,23,-14
212000058,265,39,226
212000070,112,199,-87
212000077,169,547,-378
212000099,244,274,-30
212000108,146,212,-66
212000111,239,116,123
212000120,101,60,41
212000138,126,22,104
212000156,13,83,-70
212000158,7,19,-12
212000159,427,52,375
212000160,729,277,452
212000161,73,10,63
212000310,44,13,31
212000311,27,68,-41
212000374,47,12,35
213000001,30,405,-375
213000005,476,138,338
213000006,1271,324,947
213000007,123,12,111
213000009,954,533,421
213000010,187,293,-106
213000011,234,111,123
213000012,186,347,-161
213000014,76,15,61
213000015,281,3,278
213000016,513,1,512
213000017,96,0,96
213000018,1,134,-133
213000019,2,169,-167
213000020,133,361,-228
213000021,1,120,-119
213000023,429,204,225
213000033,448,1764,-1316
213000034,985,324,661
213000035,136,223,-87
213000045,223,298,-75
213000046,247,185,62
213000047,683,1381,-698
213000056,157,39,118
213000069,87,5,82
213000073,1,58,-57
213000074,60,323,-263
213000075,547,7,540
213000076,37,1,36
213000085,4,33,-29
213000086,16,168,-152
213000091,239,14,225
213000092,101,17,84
213000099,164,1300,-1136
213000100,1351,290,1061
213000101,480,128,352
213000102,592,277,315
213000103,1151,889,262
213000104,60,395,-335
213000105,3,204,-201
213000106,48,115,-67
213000107,138,580,-442
213000108,47,414,-367
213000109,8,196,-188
213000110,19,70,-51
213000111,14,93,-79
213000112,144,133,11
213000115,58,14,44
213000116,49,381,-332
213000117,7,629,-622
213000118,435,256,179
213000119,60,625,-565
213000120,141,522,-381
213000122,151,537,-386
213000123,486,1217,-731
213000124,133,1628,-1495
213000125,204,26,178
213000126,123,157,-34
213000127,125,280,-155
213000128,461,1242,-781
213000129,429,727,-298
213000130,683,403,280
213000132,577,143,434
213000133,625,127,498
213000134,927,25,902
213000136,656,30,626
213000137,749,68,681
213000139,274,32,242
213000147,57,5,52
213000148,19,6,13
213000149,25,7,18
213000150,1,139,-138
213000151,6,99,-93
213000152,6,93,-87
213000153,4,101,-97
213000154,35,392,-357
213000155,53,237,-184
213000156,158,473,-315
213000157,647,459,188
213000158,372,982,-610
213000159,801,614,187
213000163,1081,104,977
213000165,1018,355,663
213000171,2,83,-81
213000172,5,265,-260
213000173,4,207,-203
213000174,2,154,-152
213000175,9,81,-72
213000176,43,47,-4
213000177,93,7,86
213000178,192,3,189
213000179,243,1,242
213000180,230,0,230
213000184,124,472,-348
213000188,516,105,411
213000189,423,46,377
213000190,1052,892,160
213000191,347,421,-74
213000192,284,388,-104
213000193,917,346,571
213000194,2,63,-61
213000195,22,394,-372
213000196,273,1289,-1016
213000197,578,518,60
213000198,92,4,88
213000200,136,819,-683
213000201,80,37,43
213000202,7,558,-551
213000203,3583,722,2861
213000204,738,60,678
213000205,353,69,284
213000206,485,60,425
213000207,119,15,104
213000208,101,4,97
213000209,127,2,125
213000210,357,1,356
213000211,14,40,-26
213000212,19,19,0
213000213,20,56,-36
213000218,234,508,-274
213000219,562,18,544
213000220,503,10,493
213000223,175,284,-109
213000224,48,86,-38
213000225,75,13,62
213000226,92,25,67
213000227,978,196,782
213000228,445,84,361
213000229,302,28,274
213000230,453,32,421
213000232,76,1048,-972
213000233,5,402,-397
213000234,4,47,-43
213000293,24,80,-56
213000294,131,18,113
213000295,9,90,-81
213000296,80,19,61
213000297,5,76,-71
213000298,35,74,-39
213000299,87,42,45
213000300,28,10,18
213000303,6,16,-10
213000304,0,18,-18
213000305,6,17,-11
213000306,43,52,-9
213000307,191,51,140
213000308,130,198,-68
213000309,166,68,98
213000310,600,243,357
213000311,324,850,-526
213000315,96,100,-4
213000316,174,71,103
213000322,89,135,-46
213000323,127,68,59
213000324,69,51,18
213000325,68,82,-14
213000326,44,45,-1
213000327,41,62,-21
213000328,37,146,-109
213000329,130,27,103
213000340,181,556,-375
213000341,596,139,457
213000346,289,337,-48
213000347,877,564,313
213000348,22,117,-95
213000349,18,14,4
213000350,339,983,-644
213000366,78,340,-262
213000367,286,30,256
213000379,147,38,109
213000386,18,371,-353
213000406,89,455,-366
213000417,1252,498,754
213000425,220,51,169
213000426,170,66,104
213000427,46,221,-175
213000428,58,175,-117
213000429,28,2,26
213000430,148,734,-586
213000431,181,2,179
213000432,4,130,-126
213000433,24,144,-120
213000434,97,129,-32
213000435,176,71,105
213000436,37,91,-54
213000437,2,11,-9
213000438,203,91,112
213000439,39,17,22
213000440,13,287,-274
213000441,1,2,-1
213000442,0,24,-24
213000443,520,482,38
213000444,45,49,-4
213000445,1,81,-80
213000446,1,193,-192
213000447,2,76,-74
213000448,11,161,-150
213000449,376,11,365
213000450,26,45,-19
213000451,263,80,183
213000452,13,28,-15
213000453,36,271,-235
213000455,623,4,619
213000456,0,277,-277
213000481,12,7,5
213000482,25,3,22
213000489,307,55,252
213000491,0,126,-126
213000492,183,1,182
213000493,1,83,-82
213000494,295,134,161
213000495,0,70,-70
213000496,445,142,303
213000497,43,287,-244
213000498,162,156,6
213000499,180,485,-305
213000500,606,74,532
213000501,194,37,157
213000502,192,137,55
213000503,0,63,-63
213000504,21,118,-97
213000505,12,3,9
213000506,0,7,-7
213000507,0,111,-111
213900016,0,8,-8
213900244,40,0,40
213900245,1,34,-33
218000003,29,29,0
218000004,30,29,1
218000005,62,47,15
218000006,53,20,33
218000007,16,15,1
218000012,197,149,48
218000013,128,173,-45
218000014,558,454,104
218000019,877,754,123
218000020,346,427,-81
218000021,34,50,-16
218000022,20,29,-9
218000023,7,34,-27
218000024,5,5,0
218000025,17,15,2
218000026,9,22,-13
218000027,2,7,-5
218000028,3,8,-5
218000029,3,10,-7
218000030,8,26,-18
218000031,3,21,-18
218000032,1,27,-26
218000040,2,3,-1
218000046,45,80,-35
218000047,15,106,-91
218000048,42,109,-67
218000049,93,107,-14
218000050,395,282,113
218000051,93,242,-149
218000052,2,117,-115
218000053,9,14,-5
218000054,17,44,-27
218000055,8,26,-18
218000056,16,30,-14
218000057,3,14,-11
218000064,6,12,-6
218000065,113,51,62
218000066,10,57,-47
218000067,52,70,-18
218000068,179,133,46
218000069,214,139,75
218000070,240,233,7
218000071,163,196,-33
218000072,330,231,99
218000078,1010,891,119
218000079,111,88,23
218000080,152,65,87
218000081,470,246,224
218000082,61,98,-37
218000083,72,65,7
218000084,166,166,0
218000085,170,348,-178
218000086,78,152,-74
218000087,226,149,77
218000090,12,103,-91
218000091,1094,552,542
218000092,95,162,-67
218000093,86,51,35
218000094,484,627,-143
218000099,410,700,-290
218000100,296,325,-29
218000101,300,155,145
218000102,525,231,294
218000103,121,212,-91
218000104,107,47,60
218000105,37,19,18
218000106,8,11,-3
218000107,80,62,18
218000108,3,46,-43
218000112,54,45,9
218000117,84,66,18
218000134,586,560,26
218000135,16,91,-75
218000136,339,64,275
218000137,315,171,144
218000138,41,107,-66
218000139,240,317,-77
218000140,559,293,266
218000141,78,51,27
218000142,279,187,92
218000143,141,287,-146
218000144,49,124,-75
218000145,385,346,39
218000146,80,186,-106
218000151,8,24,-16
218000152,79,39,40
218000153,8,7,1
218000154,25,0,25
218000155,20,4,16
218000156,105,15,90
218000157,24,11,13
218000158,7,11,-4
218000159,3,12,-9
218000160,4,5,-1
218000161,36,5,31
218000162,42,5,37
218000163,25,0,25
218000164,53,5,48
218000165,75,26,49
218000170,8,36,-28
218000171,41,13,28
218000172,12,5,7
218000173,79,9,70
218000174,12,3,9
218000176,119,40,79
218000177,170,209,-39
218000178,42,209,-167
218000179,47,53,-6
218000180,51,35,16
218000181,119,44,75
218000187,11,26,-15
218000188,29,41,-12
218000189,30,71,-41
218000190,16,21,-5
218000191,136,48,88
218000192,184,217,-33
218000193,407,301,106
218000194,109,263,-154
218000195,109,86,23
218000196,317,226,91
218000197,395,284,111
218000198,22,108,-86
218000199,55,26,29
218000200,83,32,51
218000201,19,10,9
218000202,92,218,-126
218000207,2,21,-19
218000208,29,25,4
218000211,62,5,57
218000212,0,15,-15
218000213,79,86,-7
218000214,10,22,-12
218000215,37,46,-9
218000217,3,64,-61
218000218,161,51,110
218000219,19,17,2
218000220,99,454,-355
218000221,534,157,377
218000222,8,38,-30
218000223,29,304,-275
218000224,11,196,-185
218000225,96,30,66
218000226,112,55,57
218000230,0,13,-13
218000232,33,59,-26
218000239,155,21,134
218000240,10,4,6
218000241,50,2,48
218000242,98,8,90
218000243,54,3,51
218000244,47,1,46
218000245,73,0,73
218000246,0,0,0
218000247,0,0,0
218000248,0,12,-12
218000249,2,1,1
218000250,0,8,-8
218000251,8,14,-6
218000252,4,22,-18
218000253,2,23,-21
218000254,0,21,-21
218000255,0,18,-18
218000256,10,41,-31
218000267,599,1057,-458
218000268,14,51,-37
218000269,3,9,-6
218000270,116,35,81
218000271,24,44,-20
218000273,28,8,20
218000274,24,11,13
218000275,25,43,-18
218000276,12,50,-38
218000278,12,25,-13
218000279,100,67,33
218000280,4,25,-21
218000281,18,24,-6
218000282,526,540,-14
218000284,107,10,97
218000301,123,134,-11
218000302,158,52,106
218000303,53,33,20
218000316,733,923,-190
218000317,1160,886,274
218000318,749,686,63
218000319,1125,988,137
218000320,789,556,233
218000338,49,26,23
218000345,88,72,16
218000346,29,162,-133
218000459,49,199,-150
218000490,28,34,-6
218000501,116,52,64
218000502,37,77,-40
218000503,99,21,78
218000504,174,12,162
218000505,62,154,-92
218000506,40,296,-256
218000508,1,8,-7
218000510,156,15,141
218000520,110,80,30
218000521,6,41,-35
218000522,0,140,-140
218000523,128,2,126
218000524,57,182,-125
218000525,174,10,164
218000526,53,140,-87
218000529,42,140,-98
218000530,22,3,19
218000531,4,16,-12
218000532,28,25,3
218000534,132,20,112
218000537,27,50,-23
218000538,161,320,-159
218000540,500,97,403
218000543,151,54,97
218000544,42,101,-59
218000545,46,99,-53
218000546,40,65,-25
218000547,82,212,-130
218000548,133,122,11
218000549,494,655,-161
218000550,281,319,-38
218000551,127,1075,-948
218000552,462,49,413
218000553,62,100,-38
218000554,23,21,2
218000555,40,39,1
218000556,161,205,-44
218000557,241,114,127
218000558,84,3,81
218000559,1,33,-32
218000560,0,45,-45
218000561,17,0,17
218000562,24,222,-198
218000563,180,12,168
218000564,10,126,-116
218000565,204,33,171
218000566,509,26,483
218000567,1,64,-63
218000568,24,3,21
218000569,22,115,-93
218000570,166,12,154
218000571,14,121,-107
218000572,161,1,160
218000573,21,98,-77
218000574,169,28,141
218000575,98,0,98
218000576,2,99,-97
218000577,89,1,88
218000578,0,104,-104
218000579,81,29,52
218000581,2,62,-60
218000582,30,1,29
218000583,17,0,17
218000584,1,15,-14
218000585,39,5,34
218000586,8,39,-31
218000587,7,0,7
218000588,5,2,3
218000589,0,8,-8
218000590,7,0,7
218000591,6,3,3
218000592,23,0,23
218000593,2,1,1
218000594,0,0,0
218000597,0,0,0
218000598,0,0,0
218000599,4,0,4
218000600,0,0,0
218000601,0,1,-1
218000602,0,2,-2
218000603,0,5,-5
218000604,21,1,20
218000605,0,35,-35
218000606,91,0,91
218000607,17,38,-21
218000608,79,24,55
218000609,3,35,-32
218000610,49,7,42
218000611,35,2,33
218000612,2,20,-18
218000613,22,3,19
218000614,1,43,-42
218000615,206,2,204
218000616,9,101,-92
218000617,18,1,17
218000618,1,11,-10
218000619,33,45,-12
218000620,42,40,2
218000621,0,7,-7
218000622,1,20,-19
218000623,279,1,278
218000624,1,21,-20
218000625,10,0,10
218000626,0,2,-2
218000628,172,53,119
218000631,35,32,3
218000632,4,120,-116
218000633,127,3,124
218000634,6,12,-6
218000635,7,5,2
218000636,893,1149,-256
218000637,1083,503,580
218000638,175,43,132
218000639,24,179,-155
218000640,269,29,240
218000641,61,228,-167
218000652,51,50,1
218000653,104,49,55
218000663,11,192,-181
218000675,76,47,29
218000676,10,18,-8
218000677,22,5,17
218000680,193,371,-178
218000681,398,146,252
218000691,198,218,-20
218000693,214,168,46
218000703,15,33,-18
218000718,527,1398,-871
218000719,1006,960,46
218000720,14,130,-116
218000721,211,17,194
218000725,7,13,-6
218001147,2,91,-89
218001214,18,86,-68
218001258,123,3,120
218001329,118,128,-10
218001330,133,56,77
218001351,19,15,4
218001352,25,21,4
218001353,16,12,4
218001354,21,23,-2
218001355,9,253,-244
218001356,444,28,416
218001357,6,101,-95
218001358,366,10,356
218001361,263,6,257
218001362,1,81,-80
219000001,46,58,-12
219000002,41,51,-10
219000003,62,34,28
219000004,70,45,25
219000017,141,43,98
219000020,148,91,57
219000022,179,14,165
219000023,186,3,183
219000029,1,53,-52
219000034,57,20,37
219000039,95,177,-82
219000040,87,80,7
219000041,165,52,113
219000051,0,35,-35
219000052,0,15,-15
219000053,1,88,-87
219000054,35,94,-59
219000055,242,1,241
219000056,13,0,13
219000057,66,0,66
219000062,11,89,-78
219000063,73,6,67
219000064,3,73,-70
219000110,521,62,459
219000111,116,35,81
219000112,230,56,174
219000113,117,94,23
219000114,192,151,41
219000116,152,84,68
219000117,174,77,97
219000118,306,41,265
219000123,232,60,172
219000124,133,42,91
219000125,37,14,23
219000126,61,116,-55
219000127,1,10,-9
219000128,13,131,-118
219000129,25,145,-120
219000130,394,471,-77
219000131,610,1015,-405
219000133,68,44,24
219000134,6,21,-15
219000135,46,97,-51
219000136,95,210,-115
219000138,61,22,39
219000139,40,55,-15
219000140,58,7,51
219000141,29,101,-72
219000142,27,66,-39
219000143,17,82,-65
219000145,26,40,-14
219000146,6,30,-24
219000147,6,29,-23
219000148,0,31,-31
219000149,16,66,-50
219000150,5,56,-51
219000151,4,24,-20
219000157,259,153,106
219000158,235,231,4
219000161,97,15,82
219000163,1359,536,823
219000166,164,200,-36
219000167,129,179,-50
219000168,288,114,174
219000174,501,139,362
219000175,87,4,83
219000176,108,12,96
219000177,49,1,48
219000178,47,0,47
219000179,12,5,7
219000180,41,38,3
219000182,162,25,137
219000183,133,43,90
219000184,122,9,113
219000185,2,51,-49
219000186,56,31,25
219000187,29,77,-48
219000189,54,178,-124
219000190,106,224,-118
219000191,871,1516,-645
219000192,171,122,49
219000193,179,190,-11
219000195,1,51,-50
219000196,10,122,-112
219000198,17,104,-87
219000199,70,279,-209
219000200,37,212,-175
219000201,80,177,-97
219000203,40,153,-113
219000204,160,215,-55
219000205,79,207,-128
219000207,131,288,-157
219000209,20,68,-48
219000210,32,71,-39
219000213,9,121,-112
219000239,253,250,3
219000240,326,408,-82
219000241,170,144,26
219000242,71,154,-83
219000243,121,243,-122
219000244,16,93,-77
219000245,34,49,-15
219000246,24,23,1
219000247,168,41,127
219000248,645,450,195
219000249,150,138,12
219000250,166,87,79
219000251,572,218,354
219000252,216,180,36
219000253,486,107,379
219000255,160,135,25
219000256,222,85,137
219000257,91,0,91
219000262,133,111,22
219000263,76,111,-35
219000267,2,53,-51
219000268,0,5,-5
219000269,8,1,7
219000270,12,0,12
219000271,159,4,155
219000278,3,7,-4
219000279,13,1,12
219000283,0,13,-13
219000295,19,84,-65
219000296,68,436,-368
219000297,9,102,-93
219000298,17,91,-74
219000299,403,61,342
219000300,44,170,-126
219000301,229,386,-157
219000302,42,217,-175
219000307,40,46,-6
219000308,50,39,11
219000311,222,51,171
219000312,716,132,584
219000313,391,75,316
219000314,52,406,-354
219000315,327,39,288
219000316,536,59,477
219000317,132,21,111
219000320,0,52,-52
219000321,0,19,-19
219000323,3,50,-47
219000325,2,5,-3
219000326,67,85,-18
219000327,85,50,35
219000328,27,61,-34
219000329,287,135,152
219000330,62,62,0
219000331,68,60,8
219000332,128,90,38
219000333,20,7,13
219000335,72,5,67
219000337,33,2,31
219000338,49,1,48
219000344,23,61,-38
219000345,43,74,-31
219000346,23,93,-70
219000348,158,74,84
219000349,50,146,-96
219000350,117,319,-202
219000351,8,8,0
219000352,414,125,289
219000353,89,68,21
219000354,217,86,131
219000355,165,50,115
219000356,1205,1677,-472
219000363,249,80,169
219000364,100,57,43
219000365,120,17,103
219000366,249,371,-122
219000368,348,692,-344
219000370,1022,590,432
219000371,10,32,-22
219000382,12,28,-16
219000383,655,1085,-430
219000385,661,527,134
219000386,732,1785,-1053
219000387,0,10,-10
219000390,2,1,1
219000391,0,2,-2
219000397,80,91,-11
219000398,55,53,2
219000401,25,104,-79
219000402,54,111,-57
219000403,194,424,-230
219000404,28,168,-140
219000407,3,35,-32
219000409,45,50,-5
219000410,112,46,66
219000411,73,26,47
219000446,176,394,-218
219000447,2,33,-31
219000448,16,5,11
219000452,101,81,20
219000453,88,194,-106
219000454,164,371,-207
219000556,251,72,179
219000558,177,163,14
219000590,33,161,-128
219000591,87,103,-16
219000592,116,373,-257
219000595,6,20,-14
219000635,225,51,174
219000636,27,73,-46
219000657,40,38,2
219000658,70,114,-44
219000673,0,47,-47
219000676,59,20,39
219000679,54,12,42
219000684,105,0,105
219000685,0,51,-51
219000686,0,2,-2
219000688,0,65,-65
219000689,19,227,-208
219000690,183,21,162
219000691,66,228,-162
219000692,196,58,138
219000693,1,14,-13
219000694,11,0,11
219000695,20,7,13
219000698,38,0,38
219000699,0,16,-16
219000727,4,64,-60
219000728,95,4,91
219000770,57,3,54
219000771,2,30,-28
219000788,455,220,235
219001150,3,36,-33
219001151,1,1,0
219001166,52,24,28
219001167,4,77,-73
219001178,62,1,61
220000001,47,98,-51
220000002,21,139,-118
220000003,410,241,169
220000004,741,487,254
220000005,1676,2104,-428
220000006,137,899,-762
220000007,440,519,-79
220000008,351,823,-472
220000009,350,355,-5
220000010,255,89,166
220000011,588,2923,-2335
220000012,196,287,-91
220000014,126,61,65
220000015,68,310,-242
220000017,86,300,-214
220000018,4800,2028,2772
220000019,95,325,-230
220000020,441,262,179
220000021,838,231,607
220000022,841,500,341
220000023,345,191,154
220000024,2457,407,2050
220000025,1570,1367,203
220000026,304,439,-135
220000027,30,103,-73
220000028,50,42,8
220000029,55,129,-74
220000030,97,99,-2
220000031,549,368,181
220000064,19,1220,-1201
221000046,11,1,10
221000047,0,3,-3
221000048,0,2,-2
221000049,0,19,-19
221000050,41,0,41
221000055,31,56,-25
221000057,65,10,55
221000068,369,153,216
221000069,386,81,305
221000070,250,25,225
221000071,125,10,115
221000072,249,14,235
221000073,149,63,86
221000074,3,24,-21
221000075,35,18,17
221000076,13,27,-14
221000077,36,113,-77
221000081,18,5,13
221000082,93,11,82
221000083,20,3,17
221000084,2,0,2
221000085,25,64,-39
221000086,14,127,-113
221000087,4,143,-139
221000088,8,163,-155
221000089,33,225,-192
221000090,121,510,-389
221000098,126,18,108
221000099,191,18,173
221000100,79,6,73
221000101,176,29,147
221000102,148,19,129
221000109,6,81,-75
221000110,8,90,-82
221000111,25,185,-160
221000112,2,141,-139
221000113,16,149,-133
221000114,15,137,-122
221000120,25,31,-6
221000121,9,39,-30
221000122,67,19,48
221000123,6,13,-7
221000124,43,175,-132
221000155,112,15,97
221000156,59,44,15
221000175,1,8,-7
221000176,2,3,-1
221000182,67,6,61
221000241,654,327,327
221000242,148,419,-271
221000243,522,201,321
221000244,281,511,-230
221000245,112,100,12
221000246,42,217,-175
221000247,92,114,-22
221000248,133,123,10
221000267,44,490,-446
221000325,91,64,27
221000331,11,69,-58
221000338,17,19,-2
221000378,220,26,194
221000381,49,54,-5
222000282,7,1,6
222000296,3,14,-11
222000568,321,19,302
222000569,199,45,154
222000570,159,26,133
222000571,325,39,286
222000577,13,129,-116
222000578,25,162,-137
222000579,34,130,-96
222000580,76,709,-633
222000599,0,127,-127
222000600,1,307,-306
222000601,5,864,-859
222000603,33,29,4
222000604,5,43,-38
222000605,9,24,-15
222000606,3,6,-3
222000607,6,4,2
222000608,32,13,19
222000609,67,188,-121
222000616,304,27,277
222000617,2,38,-36
222000618,10,4,6
222000620,29,13,16
222000621,93,14,79
222000623,538,13,525
222000624,375,7,368
222000625,564,14,550
222000636,55,1,54
222000686,21,14,7
222000687,27,39,-12
222001066,369,4,365
222001067,22,1,21
222001068,50,22,28
222001069,50,42,8
222001082,16,32,-16
222001083,22,57,-35
222001084,0,30,-30
222001085,0,144,-144
222001111,40,136,-96
222001112,119,41,78
222001313,46,9,37
222001314,8,91,-83
222001464,62,34,28
222001465,18,60,-42
222001484,105,46,59
222001485,18,52,-34
222001494,500,129,371
222001495,151,204,-53
222001496,311,141,170
222001497,78,385,-307
222001502,17,90,-73
222001503,107,39,68
222001504,19,338,-319
222001505,322,11,311
222001506,25,432,-407
222001507,349,28,321
222001510,436,40,396
222001511,69,349,-280
222001514,668,221,447
222001515,252,537,-285
222001518,285,86,199
222001519,66,251,-185
222001527,279,80,199
222001528,85,148,-63
222001529,315,54,261
222001530,89,230,-141
222001533,144,259,-115
222001534,283,60,223
222001535,281,259,22
222001536,106,222,-116
222001537,422,59,363
222001538,66,415,-349
222001563,690,91,599
222001564,123,471,-348
222001568,416,122,294
222001576,0,3,-3
222001579,1,9,-8
222001583,5,96,-91
222001584,89,11,78
222001596,667,1068,-401
222001597,1980,380,1600
222001626,1,124,-123
222001650,130,106,24
222001651,167,120,47
222001914,219,81,138
222001915,119,236,-117
222001968,593,280,313
222001969,467,652,-185
222001970,185,181,4
222001971,36,20,16
222001972,2,14,-12
225000001,485,153,332
225000002,575,165,410
225000003,579,76,503
225000004,319,182,137
225000005,63,47,16
225000006,0,154,-154
225000007,1515,1276,239
225000010,294,6,288
225000011,394,868,-474
225000012,224,472,-248
225000013,89,98,-9
225000014,708,91,617
225000015,117,159,-42
225000021,715,159,556
225000027,206,420,-214
225000032,705,114,591
225000042,63,539,-476
225000049,67,60,7
225000050,81,6,75
225000053,3,336,-333
225000058,628,176,452
225000067,215,125,90
225000068,67,313,-246
225000069,90,484,-394
225000070,53,358,-305
225000071,21,132,-111
225000075,22,577,-555
225000076,50,126,-76
225000078,86,61,25
225000085,67,146,-79
225000086,299,105,194
225000087,143,10,133
225000088,12,146,-134
225000089,187,928,-741
225000090,88,446,-358
225000091,195,176,19
225000092,43,69,-26
225000093,255,257,-2
225000094,23,269,-246
225000095,272,354,-82
225000096,269,498,-229
225000098,750,243,507
225000099,352,166,186
225000100,356,132,224
225000104,103,374,-271
225000110,18,298,-280
225000111,208,882,-674
225000112,301,915,-614
225000113,157,519,-362
225000114,51,219,-168
225000115,1264,622,642
225000116,1119,201,918
225000117,812,193,619
225000118,987,211,776
225000119,244,65,179
225000120,632,31,601
225000121,207,17,190
225000123,479,18,461
225000125,372,187,185
225000126,722,131,591
225000127,630,1066,-436
225000128,434,762,-328
225000132,308,26,282
225000133,220,21,199
225000134,588,158,430
225000135,44,12,32
225000136,321,10,311
225000137,235,49,186
225000138,434,93,341
225000143,46,169,-123
225000144,2,267,-265
225000145,77,24,53
225000146,50,101,-51
225000147,38,184,-146
225000148,2,137,-135
225000149,56,365,-309
225000151,29,164,-135
225000155,300,346,-46
225000156,173,745,-572
225000157,229,321,-92
225000158,55,260,-205
225000171,21,203,-182
225000180,31,5,26
225000181,0,67,-67
225000182,65,5,60
225000185,7,413,-406
225000187,63,345,-282
225000191,117,0,117
225000194,0,8,-8
225000208,1,36,-35
225000209,44,16,28
225000210,4,262,-258
225000217,0,19,-19
225000218,23,7,16
225000223,0,42,-42
225000224,39,1,38
225000225,0,9,-9
225000226,31,0,31
225000227,17,74,-57
225000228,8,8,0
225000229,0,54,-54
225000230,13,0,13
225000231,0,42,-42
225000232,143,0,143
225000241,73,0,73
225000242,0,34,-34
225000249,24,0,24
225000250,30,625,-595
225000251,345,19,326
225000254,5,15,-10
225000256,2,34,-32
225000257,0,55,-55
226000042,215,467,-252
226000043,51,241,-190
226000044,143,486,-343
226000045,59,309,-250
226000046,388,59,329
226000047,388,99,289
226000048,358,85,273
226000049,269,165,104
226000070,0,30,-30
226000071,0,25,-25
226000072,0,14,-14
226000073,1,5,-4
226000074,0,14,-14
226000084,0,40,-40
226000085,2,5,-3
226000086,0,21,-21
226000087,3,11,-8
226000088,42,44,-2
226000090,259,75,184
226000091,35,57,-22
226000092,5,16,-11
226000093,29,5,24
226000094,8,2,6
226000095,13,11,2
226000105,9,0,9
226000106,10,1,9
226000107,10,0,10
226000108,38,0,38
226000109,71,0,71
226000124,126,74,52
226000134,710,526,184
226000135,1563,525,1038
226000136,513,304,209
226000137,13,277,-264
226000138,5,113,-108
226000139,0,17,-17
226000156,152,3,149
226000157,211,7,204
226000163,74,125,-51
226000202,7,211,-204
226000231,342,3,339
226000232,43,3,40
227000033,392,63,329
227000036,347,35,312
227000037,319,42,277
227000038,234,29,205
227000084,0,59,-59
227000085,0,45,-45
227000088,30,3,27
227000089,105,2,103
227000090,40,0,40
227000091,9,0,9
227000092,75,1,74
227000093,143,2,141
227000094,21,1,20
227000130,33,55,-22
227000131,11,172,-161
227000132,17,193,-176
227000133,11,191,-180
227000134,20,318,-298
227000152,0,10,-10
227000153,0,43,-43
227000154,0,30,-30
227000155,1,17,-16
227000156,2,13,-11
227000165,14,23,-9
227000196,364,198,166
227000199,346,426,-80
227000230,22,339,-317
227000232,564,28,536
227000242,51,456,-405
227000243,495,84,411
227000245,9,300,-291
227000246,103,405,-302
227000247,452,85,367
227000248,143,50,93
227000249,22,129,-107
227000250,555,158,397
227000251,114,211,-97
227000252,28,251,-223
227000253,154,16,138
227000262,361,48,313
227000266,1181,18,1163
227000267,16,1306,-1290
227000282,3,163,-160
227000284,391,29,362
227000286,2,62,-60
227000287,12,114,-102
227000291,24,412,-388
227000296,186,219,-33
227000484,289,25,264
227000485,16,675,-659
227000655,195,10,185
227000656,546,48,498
227000657,81,18,63
227000661,285,16,269
227000680,154,61,93
229000265,15,57,-42
229000296,2,34,-32
229000297,10,30,-20
229000298,9,136,-127
229000320,23,5,18
229000321,18,6,12
229000412,21,60,-39
229000414,3,48,-45
229000415,19,0,19
229000416,1,5,-4
229000417,2,29,-27
229000419,120,254,-134
229000440,394,94,300
229000442,24,5,19
229000443,13,3,10
229000444,1,28,-27
229000445,39,4,35
229000446,88,14,74
229000491,3,9,-6
229000492,5,53,-48
229000493,4,71,-67
229000494,24,3,21
229000495,104,3,101
229000496,42,2,40
229000507,1,72,-71
229000508,0,45,-45
229000509,0,58,-58
229000510,3,24,-21
229000511,1,44,-43
229000512,0,17,-17
229000513,0,10,-10
229000514,0,0,0
229000517,3,8,-5
229000518,14,16,-2
229000519,2,5,-3
229000520,15,28,-13
229000521,55,9,46
229000522,5,6,-1
229000523,8,6,2
229000524,8,1,7
229000527,0,0,0
229000528,2,0,2
229000529,9,0,9
229000530,55,1,54
229000531,37,1,36
229000532,22,0,22
229000533,55,0,55
229000534,46,1,45
229000564,42,0,42
229000565,18,1,17
229000566,0,13,-13
229000567,0,44,-44
229000582,102,1,101
229000583,6,3,3
229000584,0,21,-21
229000585,3,49,-46
229000718,0,3,-3
229000719,0,4,-4
229000720,0,5,-5
229000721,0,8,-8
229000722,0,10,-10
229000723,0,7,-7
229000724,0,1,-1
229000725,0,4,-4
229000738,1,0,1
229000739,0,0,0
229000740,1,0,1
229000741,25,0,25
229000742,7,0,7
229000743,10,0,10
229000744,6,0,6
229000745,3,0,3
229000746,23,2,21
229000847,45,0,45
229000848,23,0,23
229000849,170,0,170
229000851,58,0,58
229000854,0,16,-16
229000856,1,50,-49
229000857,0,22,-22
229000858,0,21,-21
229000919,20,110,-90
229000930,2,262,-260
229000937,81,23,58
229000966,60,27,33
229000981,30,30,0
229000985,6,28,-22
229000986,2,4,-2
229000987,0,3,-3
229000988,4,3,1
229000989,6,4,2
229000990,1,0,1
229000991,1,0,1
229000992,20,10,10
229000993,142,19,123
229000998,12,70,-58
229000999,68,15,53
229001034,0,11,-11
229001035,6,0,6
229001037,48,18,30
229001042,13,20,-7
229001047,6,36,-30
229001050,36,51,-15
229001168,0,14,-14
229001200,24,1,23
229001338,15,31,-16
229001394,160,3,157
229001422,99,22,77
229001423,41,169,-128
229001431,52,58,-6
229001432,50,80,-30
229001444,167,24,143
229001445,57,129,-72
229001479,18,4,14
229001503,199,83,116
229001504,138,163,-25
229001505,131,40,91
229001506,69,95,-26
229001509,35,17,18
229001545,85,7,78
229001546,4,93,-89
229001553,80,13,67
229001554,40,85,-45
229001559,3,5,-2
229001560,6,19,-13
229001630,57,6,51
229001631,9,31,-22
229001635,0,8,-8
229001636,1,0,1
229001658,2,130,-128
229001659,53,3,50
229001660,15,6,9
229001661,14,27,-13
229001662,17,0,17
229001663,0,15,-15
229002584,174,149,25
229002831,153,113,40
229002841,9,19,-10
229002842,31,13,18
229002843,55,10,45
229002844,25,55,-30
229002845,13,69,-56
229002846,14,10,4
229002847,3,12,-9
229002848,14,24,-10
229002849,6,52,-46
229002850,10,1,9
229002851,34,111,-77
229002852,178,33,145
229002853,143,14,129
229002854,46,38,8
229002855,3,20,-17
229002856,24,15,9
229002857,7,80,-73
229002858,21,14,7
229002859,22,39,-17
229002860,180,20,160
229002861,59,25,34
229002862,51,32,19
229002863,17,16,1
229002864,34,33,1
229002865,16,8,8
229002866,26,33,-7
229002867,3,19,-16
229002868,19,4,15
229002869,28,102,-74
229002870,55,18,37
235000066,465,73,392
235000067,113,90,23
235000072,25,109,-84
235000073,91,371,-280
235000074,37,91,-54
235000080,21,104,-83
235000081,125,144,-19
235000082,78,68,10
235000083,170,65,105
235000084,38,55,-17
235000085,120,79,41
235000089,30,28,2
235000092,27,166,-139
235000093,2,5,-3
235000097,9,8,1
235000098,100,2,98
235000099,26,18,8
235000116,65,17,48
235000117,657,16,641
235000133,14,467,-453
235000134,12,164,-152
235000206,9,2,7
235000207,2,2,0
235000208,5,5,0
235000209,24,14,10
235000210,17,4,13
235000212,3,14,-11
235000213,2,11,-9
235000220,0,4,-4
235000221,67,10,57
235000238,7,120,-113
235000239,4,30,-26
235000242,348,590,-242
235000245,655,164,491
235000246,11,54,-43
235000284,42,65,-23
235000295,282,14,268
235000305,274,16,258
235000306,234,7,227
235000307,14,1,13
235000308,12,0,12
235000309,55,2,53
235000310,26,0,26
235000311,137,32,105
235000322,0,39,-39
235000323,1,47,-46
235000324,2,37,-35
235000325,0,7,-7
235000326,3,157,-154
235000351,4,44,-40
235000352,34,24,10
235000353,2,20,-18
235000354,10,28,-18
235000355,4,37,-33
235000356,103,3,100
235000357,22,16,6
235000358,88,4,84
235000359,10,15,-5
235000360,42,44,-2
235000361,67,47,20
235000381,84,218,-134
235000382,174,51,123
235000390,17,5,12
235000391,161,19,142
235000392,164,298,-134
235000393,137,124,13
235000395,146,54,92
235000396,488,84,404
235000400,83,47,36
235000401,24,137,-113
235000405,74,300,-226
235000406,39,326,-287
235000407,209,123,86
235000409,183,147,36
235000410,47,246,-199
235000411,0,75,-75
235000485,0,5,-5
235000486,7,0,7
235000549,127,119,8
235000550,115,171,-56
235000599,195,60,135
235000600,4,17,-13
235000601,48,51,-3
235000602,146,116,30
235000614,2,5,-3
235000648,1,16,-15
235000649,72,39,33
235000685,0,5,-5
235000815,16,31,-15
235000834,0,9,-9
235000855,56,63,-7
235000862,25,176,-151
235000891,0,10,-10
235000892,86,84,2
235000901,256,100,156
235000907,6,22,-16
235001010,109,88,21
235001029,586,414,172
235001030,453,302,151
235001078,129,111,18
235001079,66,111,-45
235001147,4,45,-41
235001166,26,80,-54
235001167,33,58,-25
235001169,12,232,-220
235001188,3,7,-4
235001189,0,1,-1
235001197,24,18,6
235001200,53,59,-6
235001207,135,50,85
235001210,18,57,-39
235001215,49,104,-55
235001239,1,43,-42
235001244,1,7,-6
235016267,0,57,-57
277101746,0,0,0
277102712,3,1,2
277103813,0,0,0
277103814,0,0,0
277103898,0,3,-3
277104249,0,2,-2
277104250,0,6,-6
277104251,0,6,-6
277104252,0,0,0
990011530,0,187,-187
990014944,1,418,-417
990015176,56,12,44
990015618,0,156,-156
990016032,1,264,-263
990032570,5,51,-46
990070001,35,2,33
990070103,0,8,-8
990070601,0,39,-39
990070751,847,8,839
990070766,1,418,-417
990071180,505,264,241
990071343,25,0,25
990071387,0,14,-14
990071823,537,3,534
990072600,2,949,-947
990072964,1,390,-389
990073285,0,0,0
990074393,1,675,-674
990074870,1474,54,1420
990075106,1646,11,1635
990075746,589,7,582
990076437,1273,6,1267
990076458,0,601,-601
997000007,490,17,473
997000041,0,204,-204
997000058,59,0,59
997000062,41,1,40
997000069,0,4,-4
997000070,0,28,-28
997000100,34,0,34
997000141,8,2387,-2379
997000198,131,1201,-1070
998000475,7,46,-39
998000736,0,158,-158
998000965,0,15,-15
998001031,0,74,-74
998001700,0,5,-5
998001899,0,3,-3
998001900,14,2,12
998003073,1703,59,1644
998101900,0,0,0
998102850,3,264,-261
998501927,1174,717,457
998501929,153,3,150
998501930,63,2,61
998501931,171,35,136
998501932,0,2,-2
998501933,51,2,49
998501937,30,3,27
998501944,3,0,3
998501950,0,0,0
998501970,82,4,78
998501971,1,102,-101
998501973,0,44,-44
998501974,1,225,-224
998501975,115,1,114
998501976,120,0,120
998501977,0,34,-34
998501978,35,0,35
998501979,0,9,-9
998501980,68,38,30
998501981,38,1,37
998501982,0,97,-97
998501983,0,0,0
998502006,0,0,0
998502024,0,5,-5
998502032,0,4,-4
998502062,4,2,2
998502063,0,0,0
998502173,12,0,12
998502269,0,4,-4
998502546,0,187,-187
998601159,3,180,-177
998601292,0,25,-25
999033574,2,365,-363
999800001,50,6,44
999800002,0,6,-6
999800003,1,1,0
999800004,0,3,-3
999800005,0,11,-11
