ID,insum,outsum,diff
100000001,889,1344,-455
100000002,3833,3761,72
100000003,7759,6311,1448
100000004,1401,1396,5
100000005,3092,6334,-3242
100000006,761,199,562
100000007,2248,1010,1238
100000008,278,699,-421
100000009,575,334,241
100000010,325,89,236
100000011,1810,162,1648
100000012,126,1377,-1251
100000013,226,415,-189
100000014,338,485,-147
100000015,2426,3412,-986
100000016,1081,1774,-693
100000017,622,1288,-666
100000018,1754,922,832
100000019,5395,2878,2517
100000020,2935,9389,-6454
100000021,6924,3426,3498
100000022,1909,3837,-1928
100000023,6985,2725,4260
100000025,1334,1948,-614
100000028,1713,1698,15
100000029,353,588,-235
100000030,208,65,143
100000031,5043,8493,-3450
100000032,2920,5201,-2281
100000033,1161,3707,-2546
100000034,391,795,-404
100000035,1772,2395,-623
100000036,2352,1979,373
100000037,862,453,409
100000038,2751,1254,1497
100000039,918,710,208
100000040,332,196,136
100000041,1785,629,1156
100000042,1451,525,926
100000043,1263,602,661
100000044,419,1098,-679
100000045,581,1304,-723
100000046,893,955,-62
100000047,522,728,-206
100000048,861,724,137
100000049,1815,1853,-38
100000051,553,948,-395
100000053,389,8,381
100000054,591,79,512
100000055,1350,288,1062
100000056,752,595,157
100000057,2522,805,1717
100000058,1263,1128,135
100000059,25,188,-163
100000060,529,383,146
100000061,2860,656,2204
100000062,2643,658,1985
100000063,956,284,672
100000064,1719,404,1315
100000065,448,914,-466
100000066,239,788,-549
100000067,596,740,-144
100000068,605,1684,-1079
100000069,426,1371,-945
100000072,258,1015,-757
100000073,1291,1127,164
100000075,913,325,588
100000076,2615,4345,-1730
100000077,222,280,-58
100000078,62,60,2
100000079,69,75,-6
100000080,37,52,-15
100000081,206,210,-4
100000102,3019,3260,-241
100000103,2791,2383,408
100000104,4903,3659,1244
100000105,2719,2486,233
100000106,3095,3311,-216
100000107,853,1737,-884
100000108,925,1396,-471
100000109,2151,1836,315
100000116,1575,1330,245
100000117,107,159,-52
100000118,1463,2029,-566
100000119,774,1178,-404
100000121,523,610,-87
100000122,942,1671,-729
100000123,3355,5583,-2228
100000124,4611,7830,-3219
100000125,4627,2415,2212
100000126,1029,718,311
100000127,1917,527,1390
100000128,1449,3721,-2272
100000129,766,663,103
100000130,718,603,115
100000131,2627,3352,-725
100000132,1603,4152,-2549
100000133,5139,2661,2478
100000135,761,1423,-662
100000139,515,487,28
100000140,490,489,1
100000142,621,671,-50
100000143,901,512,389
100000144,4170,1013,3157
100000147,1556,4011,-2455
100000150,44,464,-420
100000151,1440,1676,-236
100000153,396,616,-220
100000154,48,379,-331
100000155,29,73,-44
100000156,522,584,-62
100000157,211,205,6
100000158,377,152,225
100000159,197,878,-681
100000165,1733,1057,676
100000169,287,792,-505
100000174,656,754,-98
100000179,98,831,-733
100000180,4551,6220,-1669
100000181,978,445,533
100000188,130,377,-247
100000189,1700,510,1190
100000190,1015,1588,-573
100000191,947,790,157
100000192,59,146,-87
100000193,408,231,177
100000330,1349,1211,138
100000355,282,1419,-1137
100000362,4421,2999,1422
100000363,5388,5753,-365
100000364,291,323,-32
100000365,7174,9010,-1836
100000366,6343,3553,2790
100000367,6546,8893,-2347
100000368,2560,1756,804
100000369,1483,2928,-1445
100000370,345,1208,-863
100000376,72,196,-124
100000379,2635,2520,115
100000380,5204,6345,-1141
100000384,6468,7029,-561
100000385,4164,5937,-1773
100000386,7967,6932,1035
100000387,5697,7553,-1856
100000388,7211,8174,-963
100000389,8986,8189,797
100000390,9482,8330,1152
100000391,7396,10977,-3581
100000392,3690,4960,-1270
100000393,3628,6401,-2773
100000394,8220,10956,-2736
100000395,6588,5180,1408
100000396,8571,4997,3574
100000397,6199,8549,-2350
100000398,12651,9581,3070
100900002,16,21,-5
100900003,441,200,241
100900004,33,1374,-1341
100900005,174,26,148
100900006,22,67,-45
100900007,644,30,614
100900008,6,446,-440
100900009,111,170,-59
100900010,122,46,76
100900011,157,225,-68
100900012,0,188,-188
100900013,1284,14,1270
100900014,10,17,-7
100900015,113,76,37
100900016,2,36,-34
100900017,1086,90,996
100900018,0,30,-30
100900019,50,218,-168
100900020,369,12,357
100900021,614,4,610
100900022,26,68,-42
100900023,0,48,-48
100900024,810,8,802
100900025,23,27,-4
100900026,175,177,-2
100900027,802,3524,-2722
100900028,164,334,-170
100900029,41,6,35
100900030,3,139,-136
100900031,747,44,703
100900032,328,0,328
100900033,321,321,0
100900034,680,1,679
100900035,574,4,570
100900036,10,1,9
100900037,176,187,-11
100900038,69,44,25
100900039,306,477,-171
100900040,528,575,-47
100900041,1115,583,532
100900042,1374,2083,-709
100900043,2,16,-14
100900044,1792,665,1127
100900045,14,1,13
100900046,1708,28,1680
100900047,893,308,585
100900048,214,80,134
100900049,91,181,-90
100900050,13,21,-8
100900051,112,168,-56
100900052,519,68,451
100900053,496,22,474
100900054,11,43,-32
100900055,483,956,-473
100900056,93,268,-175
100900057,2067,1262,805
100900058,443,86,357
100900059,162,16,146
100900060,226,7,219
100900061,389,227,162
100900062,7,42,-35
100900063,345,832,-487
100900064,902,26,876
100900065,146,153,-7
100900066,194,149,45
100900067,20,18,2
100900068,108,72,36
100900069,550,44,506
100900070,429,11,418
100900071,697,248,449
100900072,2,48,-46
100900073,151,311,-160
100900074,4,11,-7
100900075,2165,510,1655
100900076,6,39,-33
100900077,25,88,-63
100900078,166,397,-231
100900079,7,24,-17
100900080,60,272,-212
100900081,49,176,-127
100900082,197,399,-202
100900083,12,31,-19
100900085,14,467,-453
100900086,230,1088,-858
100900088,153,429,-276
100900089,5,18,-13
100900090,165,733,-568
100900091,4,22,-18
100900092,265,245,20
100900093,245,453,-208
100900094,152,388,-236
100900095,7,24,-17
100900096,107,166,-59
100900097,3,5,-2
100900098,29,11,18
100900099,27,572,-545
100900100,22,786,-764
100900101,322,79,243
100900102,154,164,-10
100900103,11,12,-1
100900104,9,263,-254
100900105,68,759,-691
100900106,64,15,49
100900107,2208,952,1256
100900108,16,74,-58
100900109,29,39,-10
100900110,2,35,-33
100900111,99,291,-192
100900112,14,43,-29
100900113,32,33,-1
100900114,18,17,1
100900115,14,28,-14
100900116,1129,828,301
100900117,366,1131,-765
100900118,10,52,-42
100900119,24,10,14
100900120,15,8,7
100900121,519,688,-169
100900122,168,229,-61
100900123,219,198,21
100900124,15,12,3
100900125,34,94,-60
100900126,202,246,-44
100900127,9,4,5
100900128,133,252,-119
100900129,2,378,-376
100900131,179,298,-119
100900133,65,52,13
100900134,6,10,-4
100900135,2,295,-293
100900137,369,199,170
100900138,636,510,126
100900139,4,8,-4
100900140,35,532,-497
100900141,8,801,-793
100900142,2,25,-23
100900143,926,575,351
100900144,12,8,4
100900145,221,244,-23
100900146,13,81,-68
100900147,19,1181,-1162
100900148,50,520,-470
100900149,28,478,-450
100900150,11,64,-53
100900151,191,549,-358
100900152,517,10,507
100900153,20,295,-275
100900154,9,115,-106
100900155,9,15,-6
100900156,64,5,59
100900157,18,272,-254
100900158,1382,198,1184
100900159,5,38,-33
100900160,44,10,34
100900161,75,9,66
100900162,63,557,-494
100900163,200,188,12
100900164,66,66,0
100900165,28,22,6
100900166,35,14,21
100900167,24,111,-87
100900168,96,181,-85
100900169,122,1078,-956
100900170,43,6,37
100900171,18,544,-526
100900172,0,46,-46
100900173,17,389,-372
100900174,479,49,430
100900176,2171,328,1843
100900177,717,453,264
100900178,329,197,132
100900179,345,579,-234
100900180,7,1,6
100900181,171,146,25
100900182,107,39,68
100900184,18,206,-188
100900186,682,475,207
100900187,15,98,-83
100900188,50,13,37
100900189,2376,279,2097
100900191,1060,1294,-234
100900192,320,451,-131
100900195,142,201,-59
100900197,9,48,-39
100900198,55,218,-163
100900199,7,19,-12
100900200,781,424,357
100900201,151,843,-692
100900202,84,1,83
100900203,2,173,-171
100900204,772,2230,-1458
100900205,210,625,-415
100900206,197,138,59
100900207,324,134,190
100900210,127,407,-280
100900211,762,203,559
100900213,267,85,182
100900214,666,104,562
100900215,43,70,-27
101000001,4595,2923,1672
101000002,7931,8940,-1009
101000003,561,1756,-1195
101000004,8906,7513,1393
101000005,4923,5875,-952
101000006,7767,8116,-349
101000007,4208,5289,-1081
101000008,2986,2953,33
101000009,2253,1218,1035
101000010,925,1021,-96
101000011,1559,640,919
101000012,1286,909,377
101000013,924,1463,-539
101000014,611,701,-90
101000015,1671,1109,562
101000016,398,588,-190
101000017,607,667,-60
101000018,2489,3086,-597
101000020,2472,1440,1032
101000021,975,582,393
101000022,267,149,118
101000023,1478,804,674
101000025,363,457,-94
101000026,348,37,311
101000027,2895,3764,-869
101000028,519,155,364
101000029,468,2710,-2242
101000030,2651,199,2452
101000031,1667,1869,-202
101000032,10527,6488,4039
101000033,2973,5341,-2368
101000034,2510,2379,131
101000035,1313,776,537
101000036,2006,1372,634
101000037,2868,2618,250
101000039,2723,3931,-1208
101000040,3468,4617,-1149
101000041,11106,10856,250
101000042,701,1773,-1072
101000043,8534,11498,-2964
101000045,2346,1432,914
101000046,5334,3079,2255
101000047,3340,6560,-3220
101000048,1099,836,263
101000049,902,2930,-2028
101000050,2820,3490,-670
101000051,2151,4107,-1956
101000052,1874,1472,402
101000053,1473,1855,-382
101000054,2719,1572,1147
101000055,1692,1643,49
101000056,53,171,-118
101000057,2270,1755,515
101000058,1370,1856,-486
101000059,2611,2844,-233
101000060,2139,883,1256
101000061,1030,1802,-772
101000062,832,932,-100
101000063,592,1171,-579
101000064,1002,1220,-218
101000065,504,523,-19
101000066,1226,1062,164
101000067,1361,1190,171
101000068,338,641,-303
101000069,317,125,192
101000070,1048,1462,-414
101000071,2554,1304,1250
101000072,1021,4493,-3472
101000073,1057,1539,-482
101000074,7319,5620,1699
101000075,5602,8108,-2506
101000077,2197,1562,635
101000078,1164,2239,-1075
101000079,1031,502,529
101000080,668,794,-126
101000081,2161,1980,181
101000082,3420,3252,168
101000083,3215,2386,829
101000084,1401,915,486
101000085,1817,1370,447
101000086,1235,1245,-10
101000087,1029,1127,-98
101000088,1779,1329,450
101000089,1561,1755,-194
101000090,2129,1245,884
101000091,607,884,-277
101000092,1450,957,493
101000093,1710,838,872
101000094,1324,1162,162
101000095,556,650,-94
101000096,543,582,-39
101000097,620,612,8
101000098,557,660,-103
101000099,1592,1650,-58
101000100,1329,1395,-66
101000101,391,593,-202
101000102,973,787,186
101000103,1061,646,415
101000104,488,801,-313
101000105,426,645,-219
101000106,964,1255,-291
101000107,298,435,-137
101000108,744,305,439
101000109,551,81,470
101000110,54,387,-333
101000111,193,284,-91
101000113,326,844,-518
101000114,11987,11390,597
101000115,172,146,26
101000116,168,178,-10
101000117,1856,419,1437
101000119,92,122,-30
101000120,228,84,144
101000121,89,84,5
101000122,148,154,-6
101000123,73,203,-130
101000124,845,376,469
101000125,205,480,-275
101000128,697,846,-149
101000130,309,394,-85
101000131,1108,570,538
101000132,867,1181,-314
101000135,85,55,30
101000136,516,286,230
101000137,54,464,-410
101000141,1487,3839,-2352
101000147,829,440,389
101000148,1125,50,1075
101000149,320,457,-137
101000150,123,649,-526
101000151,453,39,414
101000152,371,288,83
101000153,431,282,149
101000154,279,933,-654
101000155,474,167,307
101000156,13,354,-341
101000157,62,65,-3
101000160,78,65,13
101000163,278,371,-93
101000164,414,349,65
101000165,362,437,-75
101000166,344,461,-117
101000168,1059,471,588
101000252,2318,986,1332
101000254,409,205,204
101000258,45,14,31
101000261,221,76,145
101000262,1536,3457,-1921
101000263,605,1889,-1284
101000265,95,1027,-932
101000266,448,457,-9
101000269,30,28,2
101000290,1612,3889,-2277
101000293,40,83,-43
101000294,987,509,478
101000295,226,516,-290
101000301,803,710,93
101000304,2193,3562,-1369
101000305,3203,1518,1685
101900001,69,58,11
101900002,0,15,-15
101900003,50,135,-85
101900004,1,65,-64
101900005,3299,3115,184
101900006,1693,103,1590
101900007,1052,347,705
101900008,94,464,-370
101900009,102,567,-465
101900010,958,782,176
101900011,285,1497,-1212
101900012,398,287,111
101900013,940,254,686
101900017,21,139,-118
101900018,1007,270,737
101900019,272,197,75
101900020,320,100,220
101900021,0,44,-44
101900022,183,999,-816
101900023,157,158,-1
102000001,3165,5842,-2677
102000002,2830,1103,1727
102000003,3945,9236,-5291
102000004,6713,3514,3199
102000005,1613,2752,-1139
102000006,1273,2196,-923
102000007,2168,6401,-4233
102000008,4991,1816,3175
102000009,8748,10123,-1375
102000010,5941,4056,1885
102000011,4180,3810,370
102000012,3555,3612,-57
102000018,3142,3224,-82
102000019,2626,1720,906
102000026,307,626,-319
102000029,332,253,79
102000030,142,488,-346
102000031,83,174,-91
102000032,584,351,233
102000033,277,492,-215
102000034,771,498,273
102000035,2388,975,1413
102000036,21,301,-280
102000037,172,67,105
102000038,182,458,-276
102000039,241,101,140
102000040,464,358,106
102000041,227,410,-183
102000042,298,381,-83
102000043,290,266,24
102000044,358,515,-157
102000045,867,954,-87
102000046,1433,701,732
102000047,975,1107,-132
102000048,546,877,-331
102000049,1316,1040,276
102000050,1335,1330,5
102000051,551,725,-174
102000052,1394,908,486
102000053,1011,1075,-64
102000054,805,1281,-476
102000055,1654,626,1028
102000056,1307,979,328
102000057,1983,783,1200
102000058,1461,1500,-39
102000059,1671,1656,15
102000060,1578,1258,320
102000061,2138,2059,79
102000062,2181,1332,849
102000063,1435,1737,-302
102000064,671,867,-196
102000065,82,244,-162
102000066,820,1082,-262
102000067,2554,3640,-1086
102000068,11150,3269,7881
102000069,111,2730,-2619
102000070,1649,75,1574
102000071,7482,9943,-2461
102000072,3495,4795,-1300
102000073,1747,1410,337
102000074,953,1620,-667
102000075,186,383,-197
102000076,235,482,-247
102000077,845,634,211
102000078,1118,746,372
102000079,248,260,-12
102000080,354,365,-11
102000081,448,924,-476
102000082,890,492,398
102000083,689,335,354
102000084,489,297,192
102000085,3609,1057,2552
102000086,1515,1668,-153
102000087,1210,2013,-803
102000088,449,452,-3
102000089,1858,585,1273
102000090,775,1564,-789
102000091,1813,937,876
102000092,419,848,-429
102000093,678,809,-131
102000094,1112,778,334
102000095,1108,1608,-500
102000096,918,1025,-107
102000097,1044,1185,-141
102000098,750,1061,-311
102000099,1097,1155,-58
102000100,726,1437,-711
102000101,1103,957,146
102000102,316,1745,-1429
102000103,1931,553,1378
102000104,669,394,275
102000105,317,480,-163
102000106,919,532,387
102000107,1557,499,1058
102000108,728,199,529
102000109,549,569,-20
102000110,1157,1065,92
102000111,12,260,-248
102000112,149,130,19
102000113,47,36,11
102000114,759,382,377
102000115,340,395,-55
102000116,822,752,70
102000117,323,1186,-863
102000118,1427,1567,-140
102000119,1453,1385,68
102000120,243,597,-354
102000121,1473,658,815
102000122,942,1046,-104
102000123,1443,1588,-145
102000124,1658,1416,242
102000125,1143,1120,23
102000126,924,801,123
102000127,1541,825,716
102000128,804,1044,-240
102000129,1617,872,745
102000130,818,1048,-230
102000131,2920,1219,1701
102000132,1354,1686,-332
102000133,2455,1643,812
102000134,1026,1024,2
102000135,1364,1123,241
102000136,1767,677,1090
102000137,1247,1749,-502
102000138,497,737,-240
102000139,337,1531,-1194
102000140,502,1481,-979
102000141,830,2623,-1793
102000142,441,541,-100
102000143,204,345,-141
102000144,395,456,-61
102000145,529,491,38
102000146,537,524,13
102000147,727,472,255
102000148,273,431,-158
102000149,136,367,-231
102000150,620,144,476
102000151,115,248,-133
102000152,245,159,86
102000153,1322,663,659
102000154,228,603,-375
102000155,125,344,-219
102000156,387,163,224
102000157,96,457,-361
102000158,330,295,35
102000159,975,551,424
102000161,3921,2592,1329
102000162,222,175,47
102000163,114,717,-603
102000164,1115,1313,-198
102000165,378,249,129
102000166,98,230,-132
102000167,409,391,18
102000168,487,260,227
102000169,182,699,-517
102000170,582,391,191
102000171,413,619,-206
102000172,517,846,-329
102000173,634,510,124
102000174,129,108,21
102000175,233,117,116
102000176,97,41,56
102000178,216,491,-275
102000179,440,325,115
102000180,953,456,497
102000181,917,549,368
102000182,770,583,187
102000183,1988,1521,467
102000184,2155,744,1411
102000185,3361,1282,2079
102000186,1624,1476,148
102000187,1352,1399,-47
102000188,1451,1523,-72
102000189,2462,946,1516
102000190,815,3159,-2344
102000191,1527,655,872
102000192,1346,1635,-289
102000193,77,131,-54
102000194,75,141,-66
102000195,469,470,-1
102000196,271,351,-80
102000197,832,398,434
102000198,286,644,-358
102000199,1161,293,868
102000200,355,979,-624
102000201,1332,404,928
102000202,4,119,-115
102000203,438,186,252
102000204,606,659,-53
102000205,1217,389,828
102000206,787,571,216
102000207,718,537,181
102000208,419,485,-66
102000209,67,75,-8
102000210,417,359,58
102000211,588,324,264
102000212,450,7,443
102000213,6,296,-290
102000214,392,8,384
102000215,8,332,-324
102000216,79,78,1
102000217,9,110,-101
102000218,355,223,132
102000219,386,264,122
102000225,495,815,-320
102000226,3994,2073,1921
102000227,163,3,160
102000228,5,105,-100
102000229,61,76,-15
102000230,362,443,-81
102000231,395,450,-55
102000232,36,136,-100
102000233,537,923,-386
102000234,200,1214,-1014
102000236,508,125,383
102000237,498,176,322
102000238,181,276,-95
102000240,529,674,-145
102000241,535,227,308
102000243,40,77,-37
102000245,16,112,-96
102000246,27,48,-21
102000247,307,546,-239
102000248,377,783,-406
102000249,182,168,14
102000250,93,293,-200
102000254,152,285,-133
102000266,64,691,-627
102000271,29,2,27
102000286,583,418,165
102000297,2107,1077,1030
102000299,0,1,-1
102000301,0,0,0
102000303,0,4,-4
102000305,0,0,0
102000307,0,2,-2
102000308,0,6,-6
102900001,1540,811,729
102900002,574,52,522
102900003,93,175,-82
102900005,436,250,186
102900006,631,121,510
102900007,659,29,630
102900008,264,55,209
102900009,534,453,81
102900010,393,1020,-627
102900011,1706,440,1266
102900012,470,96,374
102900013,51,69,-18
102900015,787,714,73
102900016,79,117,-38
102900017,239,486,-247
102900018,34,87,-53
102900019,492,542,-50
102900020,241,44,197
102900021,44,90,-46
102900022,538,211,327
102900023,16,49,-33
102900024,69,78,-9
102900025,239,103,136
102900026,448,2087,-1639
102900027,111,92,19
102900028,231,899,-668
102900029,222,231,-9
102900030,446,324,122
102900031,219,153,66
102900032,94,134,-40
102900033,174,197,-23
102900034,616,82,534
102900035,140,365,-225
102900036,323,458,-135
102900037,320,400,-80
102900038,523,429,94
102900039,28,691,-663
102900040,252,337,-85
102900041,110,170,-60
102900042,255,231,24
102900043,226,256,-30
102900044,694,1797,-1103
102900045,162,548,-386
102900046,198,263,-65
102900047,153,586,-433
102900048,799,508,291
102900049,160,358,-198
102900050,284,318,-34
102900051,247,179,68
102900052,76,63,13
102900053,355,632,-277
102900054,667,1374,-707
102900055,167,239,-72
102900056,139,353,-214
102900057,9,58,-49
102900058,409,111,298
102900059,21,64,-43
102900060,136,496,-360
102900061,247,375,-128
102900062,393,796,-403
102900063,1340,378,962
102900064,188,484,-296
102900065,1227,600,627
102900066,399,32,367
102900068,132,82,50
102900070,322,939,-617
102900072,9,61,-52
102900073,126,7,119
102900074,243,323,-80
102900075,16,90,-74
102900076,146,171,-25
102900077,54,41,13
102900078,48,88,-40
102900079,257,10,247
102900080,473,55,418
102900081,123,294,-171
102900082,29,282,-253
102900083,223,12,211
102900084,19,45,-26
102900085,403,162,241
102900086,28,84,-56
102900087,141,146,-5
102900088,62,45,17
102900089,293,110,183
102900090,3,345,-342
102900091,223,3,220
102900092,389,708,-319
102900093,343,285,58
102900094,6,219,-213
102900095,262,4,258
102900096,96,12,84
102900097,12,109,-97
103000001,2604,2633,-29
103000002,2263,2625,-362
103000003,3851,3157,694
103000004,940,790,150
103000005,2026,3250,-1224
103000006,817,1355,-538
103000007,531,787,-256
103000008,1258,776,482
103000009,1579,1233,346
103000010,152,129,23
103000011,1809,1410,399
103000012,1746,1562,184
103000013,4116,2220,1896
103000014,1909,3211,-1302
103000015,1628,692,936
103000016,553,1523,-970
103000017,244,430,-186
103000018,977,332,645
103000019,368,325,43
103000020,2134,1386,748
103000021,1944,1976,-32
103000022,860,1119,-259
103000023,720,2002,-1282
103000024,83,154,-71
103000025,108,813,-705
103000026,962,130,832
103000027,334,750,-416
103000028,516,406,110
103000029,287,431,-144
103000030,1903,1395,508
103000031,1586,2531,-945
103000032,2545,1833,712
103000033,3352,3043,309
103000034,1970,1404,566
103000035,624,1541,-917
103000036,433,609,-176
103000037,688,661,27
103000038,631,1190,-559
103000039,536,340,196
103000040,506,815,-309
103000041,1676,1878,-202
103000042,1406,410,996
103000043,661,828,-167
103000044,418,207,211
103000046,430,539,-109
103000047,656,665,-9
103000048,231,244,-13
103000049,143,166,-23
103000050,819,495,324
103000051,691,563,128
103000052,860,387,473
103000053,211,592,-381
103000054,3009,1241,1768
103000055,2090,2163,-73
103000056,1076,1526,-450
103000057,998,306,692
103000058,774,882,-108
103000059,589,817,-228
103000060,869,478,391
103000061,521,782,-261
103000062,1294,523,771
103000063,1143,990,153
103000064,174,197,-23
103000065,6,364,-358
103000066,282,24,258
103000069,472,321,151
103000070,1219,786,433
103000071,1562,639,923
103000072,155,656,-501
103000073,730,114,616
103000074,790,106,684
103000075,140,662,-522
103000076,444,468,-24
103000077,59,443,-384
103000078,1204,810,394
103000079,788,888,-100
103000080,1177,491,686
103000081,548,1457,-909
103000082,618,198,420
103000083,157,323,-166
103000084,112,18,94
103000085,2,104,-102
103000086,726,565,161
103000087,186,668,-482
103000088,266,285,-19
103000089,278,616,-338
103000090,2515,903,1612
103000091,780,501,279
103000092,277,280,-3
103000093,321,395,-74
103000094,231,119,112
103000095,100,302,-202
103000096,635,76,559
103000097,86,702,-616
103000098,824,196,628
103000099,312,674,-362
103000100,188,705,-517
103000101,1041,127,914
103000102,128,485,-357
103000103,762,137,625
103000104,88,102,-14
103000105,150,96,54
103000106,12,143,-131
103000107,218,62,156
103000108,1005,566,439
103000109,440,399,41
103000110,538,585,-47
103000111,511,672,-161
103000112,461,205,256
103000113,842,780,62
103000114,1602,785,817
103000115,737,434,303
103000116,703,440,263
103000117,469,516,-47
103000118,678,622,56
103000119,1181,541,640
103000120,77,171,-94
103000121,388,838,-450
103000122,740,904,-164
103000125,46,239,-193
103000126,845,8,837
103000127,4,161,-157
103000128,240,10,230
103000129,8,135,-127
103000130,96,63,33
103000131,343,149,194
103000132,95,285,-190
103000133,11,181,-170
103000134,568,1167,-599
103000135,730,394,336
103000136,708,518,190
103000137,590,674,-84
103000138,806,772,34
103000139,4,77,-73
103000140,149,26,123
103000141,89,149,-60
103000142,159,104,55
103000143,67,155,-88
103000144,232,64,168
103000145,59,356,-297
103000150,132,57,75
103000152,179,242,-63
103000153,225,131,94
103000156,18,315,-297
103000157,598,4,594
103000159,239,55,184
103000162,125,38,87
103000163,26,128,-102
103000164,63,22,41
103000165,130,262,-132
103000166,301,326,-25
103000167,229,101,128
103000168,179,164,15
103000169,223,558,-335
103000170,977,436,541
103000171,40,121,-81
103000172,932,783,149
103000173,848,362,486
103000174,256,353,-97
103000175,447,288,159
103000176,976,588,388
103000177,548,418,130
103000178,299,246,53
103000179,259,44,215
103000183,190,53,137
103000185,166,50,116
103000186,183,139,44
103000187,755,345,410
103000188,25,117,-92
103000189,830,727,103
103000191,662,697,-35
103000292,1346,2316,-970
103000293,1148,3075,-1927
103000295,83,128,-45
103000296,614,10,604
103000297,118,211,-93
103000504,9,18,-9
103000505,15,42,-27
103000506,0,208,-208
103000507,273,4,269
103000508,53,93,-40
103000509,238,483,-245
103900001,16,196,-180
103900002,1255,226,1029
103900003,1449,104,1345
103900004,142,1,141
103900005,0,199,-199
103900006,2,0,2
103900007,76,1,75
103900008,11,1,10
103900009,328,500,-172
103900010,159,357,-198
103900011,454,176,278
103900012,19,27,-8
103900013,58,62,-4
103900014,62,12,50
103900015,78,10,68
103900016,273,187,86
103900017,30,91,-61
103900018,502,191,311
103900019,108,368,-260
103900020,231,563,-332
103900021,435,46,389
103900022,1136,646,490
103900023,161,1,160
103900024,109,484,-375
103900025,22,71,-49
103900026,75,1,74
103900027,823,208,615
103900028,24,297,-273
103900029,1050,104,946
103900030,344,116,228
103900031,66,2,64
103900032,121,71,50
103900033,145,29,116
103900034,36,122,-86
103900035,73,47,26
103900036,58,53,5
103900037,95,81,14
103900038,127,219,-92
103900039,108,277,-169
103900040,9,157,-148
103900041,73,76,-3
103900042,91,226,-135
103900043,181,53,128
103900044,106,251,-145
103900045,369,150,219
103900047,99,42,57
103900048,73,41,32
103900049,203,1375,-1172
103900050,16,129,-113
103900051,0,44,-44
103900052,262,390,-128
103900053,219,485,-266
103900054,136,319,-183
103900055,442,212,230
103900056,62,51,11
103900057,54,145,-91
103900058,303,534,-231
103900059,1,50,-49
103900060,84,154,-70
103900061,206,41,165
103900062,433,145,288
103900063,13,0,13
103900064,142,2,140
103900065,824,420,404
103900066,191,33,158
103900067,226,14,212
103900068,12,1,11
103900069,82,19,63
103900070,245,231,14
103900071,20,98,-78
103900072,22,144,-122
103900073,34,31,3
103900074,71,76,-5
103900075,185,56,129
103900076,601,567,34
103900077,65,95,-30
103900078,370,100,270
103900079,192,193,-1
103900080,15,54,-39
103900081,49,21,28
103900082,15,122,-107
103900083,1161,1180,-19
103900084,129,175,-46
103900085,127,151,-24
103900086,920,373,547
103900087,36,89,-53
103900088,342,621,-279
103900089,73,150,-77
103900090,60,153,-93
103900091,1202,281,921
103900092,801,624,177
103900093,103,339,-236
103900094,18,94,-76
103900095,296,245,51
103900096,61,131,-70
103900097,14,478,-464
103900098,290,112,178
103900099,105,134,-29
103900100,328,284,44
103900101,170,1011,-841
103900102,4,34,-30
103900104,5,28,-23
103900105,90,167,-77
103900106,1,137,-136
103900107,178,196,-18
103900108,76,239,-163
103900109,129,78,51
103900110,310,61,249
103900111,125,524,-399
103900112,106,182,-76
103900113,131,255,-124
103900114,500,287,213
103900115,385,270,115
103900116,4087,2849,1238
103900117,128,95,33
103900119,51,60,-9
103900120,70,97,-27
103900122,117,230,-113
103900123,973,593,380
103900124,37,19,18
103900125,113,48,65
103900126,637,317,320
103900127,217,458,-241
103900128,165,141,24
103900131,29,70,-41
103900133,936,56,880
103900134,0,9,-9
103900135,12,6,6
103900137,1,37,-36
103900138,162,200,-38
103900139,162,2400,-2238
103900140,8,194,-186
103900141,278,46,232
103900142,182,127,55
103900143,69,1,68
103900144,0,39,-39
103900145,209,254,-45
103900146,393,255,138
103900147,441,141,300
103900148,291,235,56
103900149,409,524,-115
103900150,6129,4936,1193
103900151,51,173,-122
103900152,584,391,193
103900153,6,1,5
103900154,854,1791,-937
103900155,67,192,-125
103900156,62,145,-83
103900157,49,152,-103
103900158,129,157,-28
103900159,226,73,153
103900160,80,40,40
103900161,137,169,-32
103900162,51,211,-160
103900163,19,481,-462
103900164,282,38,244
103900167,25,107,-82
103900168,172,103,69
103900169,68,43,25
103900170,3,98,-95
103900171,0,46,-46
103900172,2,20,-18
103900173,19,11,8
103900174,280,64,216
103900175,46,90,-44
103900176,12,22,-10
103900177,9,55,-46
103900178,55,45,10
103900179,63,111,-48
103900180,4,47,-43
103900181,53,43,10
103900182,20,15,5
103900184,367,120,247
103900185,151,427,-276
103900187,12,81,-69
103900188,66,26,40
103900189,99,17,82
103900190,118,60,58
103900191,38,71,-33
103900192,19,109,-90
103900193,103,205,-102
103900194,84,230,-146
103900195,9,90,-81
103900196,60,69,-9
103900197,17,53,-36
103900198,17,51,-34
103900199,187,54,133
103900200,167,109,58
103900201,121,223,-102
103900202,35,75,-40
103900203,52,29,23
103900204,1,55,-54
103900207,0,71,-71
103900208,165,2,163
103900209,11,96,-85
103900210,50,46,4
103900211,646,301,345
103900212,132,359,-227
103900213,69,265,-196
103900214,267,213,54
103900215,311,336,-25
103900216,17,656,-639
103900217,582,39,543
103900218,2,363,-361
103900219,222,282,-60
103900233,100,9,91
103900235,32,22,10
103900236,9,2,7
103900242,13,31,-18
103900243,16,10,6
103900244,116,191,-75
103900245,108,153,-45
103900246,60,35,25
103900247,14,66,-52
103900248,18,155,-137
103900249,30,113,-83
103900250,34,29,5
103900251,3,43,-40
103900253,13,76,-63
103900254,4,24,-20
103900255,1,16,-15
103900256,17,25,-8
103900257,70,144,-74
103900258,41,2,39
103900259,70,7,63
103900261,7,3,4
103900262,28,3,25
103900263,32,41,-9
103900264,66,26,40
103900265,89,26,63
103900266,4,159,-155
103900267,9,62,-53
104000001,2601,2238,363
104000002,2287,2472,-185
104000003,2674,2108,566
104000004,2820,2687,133
104000005,1844,2029,-185
104000006,3598,2831,767
104000007,4599,4907,-308
104000008,180,263,-83
104000009,229,112,117
104000010,206,334,-128
104000011,390,222,168
104000012,125,241,-116
104000013,306,218,88
104000014,205,486,-281
104000015,401,175,226
104000016,547,330,217
104000018,980,184,796
104000019,673,230,443
104000020,151,419,-268
104000021,216,383,-167
104000022,133,207,-74
104000023,1059,343,716
104000024,222,330,-108
104000026,59,295,-236
104000027,272,214,58
104000028,450,238,212
104000029,311,297,14
104000030,356,209,147
104000031,1542,353,1189
104000032,221,252,-31
104000033,880,436,444
104000034,391,248,143
104000035,1065,409,656
104000036,890,501,389
104000037,311,218,93
104000038,558,279,279
104000039,277,197,80
104000040,225,266,-41
104000041,737,383,354
104000042,228,269,-41
104000043,227,303,-76
104000044,294,490,-196
104000045,975,819,156
104000046,1066,1248,-182
104000047,1249,1207,42
104000048,1131,1221,-90
104000049,557,484,73
104000050,273,886,-613
104000051,135,585,-450
104000052,1812,1709,103
104000053,978,444,534
104000054,732,359,373
104000055,3980,2573,1407
104000056,1113,256,857
104000057,223,368,-145
104000058,829,678,151
104000059,630,1128,-498
104000060,1196,1264,-68
104000061,1352,1079,273
104000062,425,109,316
104000064,508,406,102
104000065,264,812,-548
104000069,922,1228,-306
104000070,59,571,-512
104000071,149,379,-230
104000072,632,220,412
104000075,129,310,-181
104000076,517,119,398
104000082,2592,3580,-988
104000083,887,276,611
104000084,161,482,-321
104000085,344,414,-70
104000086,185,423,-238
104000087,501,2426,-1925
104000090,841,1008,-167
104000092,1508,1612,-104
104000094,989,1333,-344
104000095,1916,1395,521
104000096,1952,225,1727
104000097,2172,752,1420
104000098,2714,862,1852
104000100,1979,581,1398
104000101,1308,1492,-184
104000106,46,627,-581
104000107,702,458,244
104000108,273,495,-222
104000109,405,119,286
104000110,889,1121,-232
104000111,3553,2915,638
104000112,2006,555,1451
104000116,1,1027,-1026
104000117,186,509,-323
104000118,748,196,552
104000119,805,318,487
104000120,273,676,-403
104000121,188,718,-530
104000122,716,744,-28
104000123,706,816,-110
104000124,791,1762,-971
104000125,3275,5071,-1796
104000126,580,476,104
104000127,1302,2014,-712
104000128,710,429,281
104000129,519,39,480
104000130,8,411,-403
104000131,422,405,17
104000132,431,400,31
104000133,1451,903,548
104000134,1166,1776,-610
104000135,504,2273,-1769
104000136,983,4433,-3450
104000137,1901,523,1378
104000138,1268,490,778
104000139,5344,3228,2116
104000141,1233,1534,-301
104000142,702,586,116
104000143,678,481,197
104000144,124,211,-87
104000145,453,239,214
104000146,313,492,-179
104000147,148,300,-152
104000148,497,257,240
104000149,145,219,-74
104000150,1382,694,688
104000151,478,414,64
104000152,633,605,28
104000153,746,670,76
104000154,903,549,354
104000155,596,571,25
104000157,1265,1323,-58
104000158,752,1119,-367
104000159,998,816,182
104000160,2046,2135,-89
104000161,257,223,34
104000162,102,153,-51
104000165,917,990,-73
104000167,844,1154,-310
104000168,634,14,620
104000169,180,32,148
104000170,413,731,-318
104000248,428,578,-150
104000251,76,166,-90
104000272,0,0,0
104000273,0,0,0
104000274,0,0,0
104000275,0,0,0
104000279,856,471,385
104000290,111,316,-205
104000291,507,1087,-580
104000293,918,929,-11
104000294,47,0,47
104000295,753,785,-32
104000296,492,776,-284
104000297,845,2040,-1195
104000298,2110,895,1215
104000299,618,1335,-717
104900001,154,287,-133
104900002,106,179,-73
104900003,73,316,-243
104900004,120,274,-154
104900005,395,300,95
104900006,371,127,244
104900007,371,214,157
104900009,143,249,-106
104900010,95,46,49
104900011,33,28,5
104900012,293,49,244
104900013,191,29,162
104900014,2338,370,1968
104900015,131,15,116
104900016,271,194,77
104900017,207,192,15
104900018,4,163,-159
104900019,267,3389,-3122
104900020,50,233,-183
104900021,2,146,-144
104900022,17,98,-81
104900023,0,65,-65
104900024,22,70,-48
104900025,64,256,-192
104900026,3,82,-79
104900027,604,310,294
104900028,31,84,-53
104900029,44,79,-35
104900030,630,242,388
104900031,109,199,-90
104900032,57,99,-42
104900033,237,299,-62
104900034,487,209,278
104900035,403,225,178
104900036,228,79,149
104900037,173,167,6
104900038,366,1052,-686
104900039,565,551,14
104900040,643,118,525
104900041,374,204,170
104900042,158,245,-87
104900043,25,227,-202
104900044,799,208,591
104900045,517,60,457
104900046,292,131,161
104900047,454,148,306
104900048,369,102,267
104900049,45,55,-10
104900050,400,101,299
104900051,286,54,232
104900052,109,3,106
104900053,518,128,390
104900054,265,30,235
104900055,150,1,149
104900056,218,22,196
104900057,87,2,85
104900058,807,721,86
104900059,221,69,152
104900060,0,479,-479
104900061,216,490,-274
104900063,2,140,-138
104900064,1,81,-80
104900065,0,220,-220
104900066,5,120,-115
104900067,10,299,-289
104900068,44,171,-127
104900070,164,201,-37
104900071,2,418,-416
104900072,68,238,-170
104900073,98,220,-122
104900074,61,180,-119
104900075,67,63,4
104900076,122,231,-109
104900077,926,370,556
104900078,197,440,-243
104900079,196,565,-369
104900080,88,521,-433
104900082,27,345,-318
104900085,1,187,-186
104900087,413,8,405
104900089,237,5,232
104900090,1223,970,253
104900091,612,650,-38
104900093,270,513,-243
104900097,2172,2536,-364
104900098,174,54,120
104900099,95,552,-457
104900100,464,271,193
104900102,39,153,-114
104900103,539,80,459
104900104,3102,2760,342
104900106,121,91,30
104900107,121,211,-90
104900108,90,212,-122
104900109,141,206,-65
104900110,5,37,-32
104900111,277,148,129
104900112,320,571,-251
104900113,783,245,538
104900114,477,439,38
104900115,886,414,472
104900116,305,169,136
104900118,27,64,-37
104900119,13,55,-42
104900120,17,212,-195
104900121,0,69,-69
104900122,1,61,-60
104900123,84,23,61
104900124,86,1,85
104900125,551,9,542
104900126,61,44,17
104900127,28,50,-22
104900128,122,190,-68
104900129,1863,2626,-763
105000001,3005,1571,1434
105000002,2760,1847,913
105000003,3415,4138,-723
105000004,792,909,-117
105000005,1241,1249,-8
105000006,1722,1989,-267
105000007,1329,1907,-578
105000008,1859,4004,-2145
105000009,2852,3837,-985
105000010,2793,1820,973
105000011,4491,3745,746
105000012,3814,2787,1027
105000013,1286,1280,6
105000014,2390,3506,-1116
105000015,11385,18213,-6828
105000016,2719,2785,-66
105000017,1764,1025,739
105000018,1299,1750,-451
105000019,1363,1061,302
105000020,262,485,-223
105000021,292,143,149
105000022,316,155,161
105000023,657,442,215
105000028,84,111,-27
105000029,726,1974,-1248
105000030,4546,2880,1666
105000033,1094,1861,-767
105000034,211,1230,-1019
105000037,633,263,370
105000038,2580,2269,311
105000039,2371,2025,346
105000040,1221,1660,-439
105000041,884,1579,-695
105000042,4879,2206,2673
105000043,1918,2763,-845
105000044,900,631,269
105000045,461,699,-238
105000046,1431,423,1008
105000047,524,1172,-648
105000048,616,220,396
105000049,324,461,-137
105000050,813,427,386
105000051,206,395,-189
105000052,610,823,-213
105000053,118,134,-16
105000054,409,913,-504
105000055,818,358,460
105000056,1580,1923,-343
105000057,1399,909,490
105000058,1285,1026,259
105000059,907,637,270
105000060,553,569,-16
105000061,901,545,356
105000062,608,676,-68
105000063,295,468,-173
105000064,1804,838,966
105000065,409,555,-146
105000066,1115,1420,-305
105000067,1761,876,885
105000068,401,857,-456
105000069,1777,1946,-169
105000070,635,1048,-413
105000071,250,1055,-805
105000072,839,2626,-1787
105000073,1064,705,359
105000074,1212,754,458
105000075,597,1026,-429
105000076,1368,1041,327
105000077,2780,1215,1565
105000078,1523,1590,-67
105000079,1236,3332,-2096
105000080,2404,1925,479
105000081,3323,1412,1911
105000082,1073,1977,-904
105000083,4703,4411,292
105000084,639,857,-218
105000085,2131,2575,-444
105000086,663,960,-297
105000087,1488,2055,-567
105000088,1764,1879,-115
105000089,3810,2604,1206
105000090,1072,1051,21
105000091,1374,1717,-343
105000092,791,895,-104
105000093,379,333,46
105000094,454,349,105
105000095,113,548,-435
105000096,1207,1344,-137
105000097,932,836,96
105000098,1157,916,241
105000099,912,828,84
105000100,1631,1124,507
105000101,2268,2877,-609
105000102,3053,2173,880
105000103,2142,4062,-1920
105000104,2684,1303,1381
105000105,1351,1838,-487
105000106,1913,1953,-40
105000107,1944,1061,883
105000108,2319,1654,665
105000109,2066,1779,287
105000110,1093,553,540
105000111,984,599,385
105000112,1389,723,666
105000113,510,711,-201
105000114,2391,1244,1147
105000115,288,1139,-851
105000116,927,567,360
105000117,787,816,-29
105000118,904,549,355
105000119,842,1008,-166
105000120,1442,682,760
105000121,923,998,-75
105000122,431,700,-269
105000123,961,1098,-137
105000124,2360,816,1544
105000125,871,1581,-710
105000126,2507,1570,937
105000127,2755,1783,972
105000128,743,967,-224
105000129,929,360,569
105000130,389,3094,-2705
105000131,818,354,464
105000132,1222,748,474
105000133,490,977,-487
105000134,1032,580,452
105000135,401,519,-118
105000136,78,100,-22
105000137,485,374,111
105000138,56,99,-43
105000139,1046,830,216
105000140,370,467,-97
105000141,392,603,-211
105000142,293,446,-153
105000143,360,731,-371
105000144,297,730,-433
105000145,899,407,492
105000146,441,877,-436
105000147,747,375,372
105000148,1374,703,671
105000149,2889,2491,398
105000150,2016,1679,337
105000151,577,412,165
105000152,222,500,-278
105000153,616,710,-94
105000154,750,565,185
105000155,376,938,-562
105000156,843,735,108
105000157,897,1787,-890
105000158,2294,712,1582
105000159,338,1048,-710
105000160,2139,541,1598
105000161,750,811,-61
105000162,726,1863,-1137
105000163,1025,794,231
105000164,280,251,29
105000165,886,6160,-5274
105000166,5392,1354,4038
105000167,1666,2013,-347
105000168,509,582,-73
105000169,599,354,245
105000170,267,1272,-1005
105000171,1060,184,876
105000172,219,45,174
105000173,265,49,216
105000174,84,63,21
105000175,113,130,-17
105000176,586,145,441
105000177,415,196,219
105000178,200,496,-296
105000179,779,150,629
105000180,211,188,23
105000181,149,289,-140
105000182,106,72,34
105000183,2012,2314,-302
105000184,1068,1614,-546
105000185,1881,1500,381
105000186,529,1069,-540
105000187,1104,310,794
105000188,367,253,114
105000189,185,681,-496
105000190,460,454,6
105000191,463,436,27
105000192,484,86,398
105000193,90,223,-133
105000194,388,104,284
105000195,385,926,-541
105000196,82,244,-162
105000197,330,657,-327
105000198,618,369,249
105000199,214,625,-411
105000200,201,375,-174
105000201,132,49,83
105000203,19,156,-137
105000204,74,94,-20
105000205,113,265,-152
105000207,654,207,447
105000208,376,806,-430
105000209,240,259,-19
105000212,1209,1121,88
105000213,168,225,-57
105000214,190,337,-147
105000215,397,185,212
105000216,163,366,-203
105000217,150,298,-148
105000218,1575,1068,507
105000221,224,193,31
105000222,434,193,241
105000223,399,190,209
105000226,94,283,-189
105000227,117,206,-89
105000228,271,2395,-2124
105000229,220,687,-467
105000231,320,338,-18
105000233,993,758,235
105000234,552,1294,-742
105000235,512,584,-72
105000237,893,91,802
105000243,37,106,-69
105000248,60,81,-21
105000262,389,1090,-701
105000269,206,185,21
105000270,500,48,452
105000271,1,196,-195
105000282,60,50,10
105000287,450,110,340
105000288,688,402,286
105000289,2456,2223,233
105000290,40,23,17
105000402,3472,4893,-1421
105000426,600,787,-187
105000438,3858,1693,2165
105000446,13352,6484,6868
105000447,6706,3013,3693
105000454,626,270,356
105000455,258,202,56
105000474,94,2,92
105000477,597,682,-85
105000478,2482,5849,-3367
105000479,106,164,-58
105000480,9035,7597,1438
105000481,5345,4505,840
105000482,5177,7633,-2456
105000483,2026,2511,-485
105000484,2578,3264,-686
105000485,2108,3890,-1782
105000486,3638,2634,1004
105000488,8469,4891,3578
105000489,1129,867,262
105000549,89,133,-44
105000550,444,1739,-1295
105000551,43,134,-91
105000552,2448,1490,958
105900001,15,2867,-2852
105900002,1163,722,441
105900003,33,138,-105
105900004,352,141,211
105900005,9,200,-191
105900006,26,174,-148
105900007,191,44,147
105900008,81,497,-416
105900009,44,12,32
105900011,544,105,439
105900012,762,208,554
105900013,4,46,-42
105900014,18,60,-42
105900015,249,595,-346
105900016,699,646,53
105900017,1738,52,1686
105900018,193,183,10
105900019,83,781,-698
105900020,68,55,13
105900021,56,1673,-1617
105900022,325,215,110
105900023,10,258,-248
105900024,14,479,-465
105900025,284,35,249
105900026,305,31,274
105900027,17178,8807,8371
105900028,586,599,-13
105900029,2113,401,1712
105900030,231,275,-44
105900031,386,192,194
105900032,138,166,-28
105900033,102,144,-42
105900034,215,290,-75
105900035,240,179,61
105900036,123,159,-36
105900037,72,74,-2
105900038,218,280,-62
105900039,140,92,48
105900040,71,145,-74
105900041,202,237,-35
105900042,70,120,-50
105900043,1710,85,1625
105900044,9,290,-281
105900045,4,864,-860
105900046,8,254,-246
105900047,19,50,-31
105900048,105,436,-331
105900050,6312,9655,-3343
105900051,99,1405,-1306
105900052,693,216,477
105900053,2782,3496,-714
105900054,393,242,151
105900056,824,511,313
105900057,70,204,-134
105900058,14,13,1
105900059,0,43,-43
106000001,4344,2805,1539
106000002,2413,5525,-3112
106000003,3365,4052,-687
106000004,1707,2775,-1068
106000005,3977,6058,-2081
106000006,6128,3475,2653
106000007,646,688,-42
106000008,678,484,194
106000009,765,482,283
106000010,764,664,100
106000011,1364,1189,175
106000012,959,1244,-285
106000013,2290,2041,249
106000014,1856,1469,387
106000015,2162,1449,713
106000016,1412,1674,-262
106000017,612,734,-122
106000018,586,480,106
106000019,424,389,35
106000020,502,330,172
106000021,331,440,-109
106000022,398,217,181
106000023,679,322,357
106000024,606,422,184
106000025,122,222,-100
106000026,78,193,-115
106000027,1735,1431,304
106000028,686,401,285
106000029,770,955,-185
106000030,552,675,-123
106000034,261,565,-304
106000035,1035,2074,-1039
106000036,249,528,-279
106000037,1967,1415,552
106000038,342,151,191
106000039,101,124,-23
106000040,140,1147,-1007
106000041,705,674,31
106000043,629,280,349
106000046,428,82,346
106000047,37,512,-475
106000049,1096,261,835
106000050,403,642,-239
106000051,903,738,165
106000052,107,528,-421
106000053,509,201,308
106000054,386,367,19
106000055,1323,1082,241
106000056,281,338,-57
106000057,461,249,212
106000058,162,163,-1
106000059,430,287,143
106000060,328,435,-107
106000061,274,548,-274
106000062,172,565,-393
106000063,794,515,279
106000064,47,373,-326
106000065,415,366,49
106000066,135,326,-191
106000067,402,123,279
106000068,87,558,-471
106000069,330,83,247
106000070,528,717,-189
106000071,1371,353,1018
106000072,2900,1665,1235
106000073,1497,3095,-1598
106000074,653,632,21
106000075,332,1306,-974
106000076,1854,2087,-233
106000077,3513,1362,2151
106000078,1358,903,455
106000079,786,941,-155
106000080,1448,625,823
106000081,729,1084,-355
106000082,2734,941,1793
106000083,505,1502,-997
106000084,1455,650,805
106000085,1558,1629,-71
106000086,662,824,-162
106000087,1171,509,662
106000088,436,809,-373
106000089,1180,335,845
106000090,319,607,-288
106000091,319,545,-226
106000092,651,282,369
106000093,309,108,201
106000094,107,291,-184
106000095,934,726,208
106000096,957,588,369
106000097,1409,741,668
106000098,737,941,-204
106000099,237,1262,-1025
106000100,1720,203,1517
106000101,1454,673,781
106000102,266,1408,-1142
106000103,379,699,-320
106000104,921,439,482
106000105,593,661,-68
106000106,739,373,366
106000107,142,233,-91
106000108,289,243,46
106000109,233,167,66
106000110,234,296,-62
106000111,364,314,50
106000112,218,648,-430
106000113,728,529,199
106000114,438,558,-120
106000115,213,348,-135
106000116,309,195,114
106000117,1349,641,708
106000118,1317,1418,-101
106000119,1309,850,459
106000120,1081,1413,-332
106000121,226,179,47
106000122,140,197,-57
106000123,546,157,389
106000124,91,161,-70
106000125,14,203,-189
106000126,381,112,269
106000127,1031,746,285
106000128,818,174,644
106000129,492,474,18
106000130,914,267,647
106000131,168,625,-457
106000132,572,177,395
106000133,2111,1200,911
106000134,560,2091,-1531
106000135,179,489,-310
106000136,676,1027,-351
106000137,67,743,-676
106000138,1110,89,1021
106000139,68,106,-38
106000140,57,58,-1
106000141,113,55,58
106000142,108,66,42
106000143,54,42,12
106000144,29,71,-42
106000145,256,204,52
106000146,406,147,259
106000147,425,386,39
106000148,487,695,-208
106000149,654,338,316
106000150,572,1794,-1222
106000151,3750,835,2915
106000152,1389,1751,-362
106000153,84,1866,-1782
106000154,1419,177,1242
106000155,149,250,-101
106000156,1178,372,806
106000157,861,1526,-665
106000158,2267,1004,1263
106000159,2948,1994,954
106000160,580,2903,-2323
106000161,1616,364,1252
106000162,378,947,-569
106000163,480,302,178
106000164,580,298,282
106000165,245,401,-156
106000166,938,253,685
106000167,472,835,-363
106000168,660,266,394
106000169,344,459,-115
106000170,963,233,730
106000171,266,1310,-1044
106000172,3325,1378,1947
106000173,1121,2799,-1678
106000174,1289,423,866
106000175,349,834,-485
106000176,1796,806,990
106000177,842,2337,-1495
106000178,3472,1585,1887
106000179,1104,2033,-929
106000180,827,1100,-273
106000181,1087,2001,-914
106000182,1728,713,1015
106000183,1536,573,963
106000184,1712,704,1008
106000185,1117,1760,-643
106000186,938,166,772
106000187,272,1085,-813
106000188,1,8,-7
106000189,32,40,-8
106000190,40,3,37
106000191,694,215,479
106000192,9,30,-21
106000193,543,207,336
106000194,178,522,-344
106000195,996,326,670
106000196,307,814,-507
106000197,671,421,250
106000198,206,269,-63
106000199,808,828,-20
106000200,327,252,75
106000201,438,3189,-2751
106000202,3536,650,2886
106000203,46,172,-126
106000204,85,12,73
106000205,15,159,-144
106000206,69,26,43
106000207,46,660,-614
106000208,1530,176,1354
106000209,1761,405,1356
106000210,540,906,-366
106000211,358,1171,-813
106000212,1059,470,589
106000213,665,2279,-1614
106000214,2422,822,1600
106000215,305,525,-220
106000216,329,262,67
106000217,329,336,-7
106000218,440,416,24
106000219,179,249,-70
106000220,511,325,186
106000221,185,262,-77
106000222,68,81,-13
106000223,330,139,191
106000224,248,164,84
106000225,101,181,-80
106000226,171,228,-57
106000228,63,85,-22
106000229,64,725,-661
106000231,969,129,840
106000232,84,367,-283
106000233,728,128,600
106000234,64,302,-238
106000235,846,122,724
106000236,270,98,172
106000237,3,16,-13
106000238,45,18,27
106000239,6,88,-82
106000240,75,5,70
106000241,26,523,-497
106000242,278,37,241
106000249,94,64,30
106000250,62,536,-474
106000251,84,14,70
106000252,22,87,-65
106000253,106,67,39
106000254,120,32,88
106000255,32,152,-120
106000256,79,34,45
106000257,164,299,-135
106000258,286,23,263
106000259,11,96,-85
106000260,34,5,29
106000261,8,90,-82
106000262,91,9,82
106000263,22,44,-22
106000264,353,7,346
106000265,16,215,-199
106000266,169,20,149
106000267,5,161,-156
106000268,498,42,456
106000269,57,48,9
106000270,118,399,-281
106000271,126,198,-72
106000272,170,64,106
106000273,9,291,-282
106000274,182,53,129
106000275,167,331,-164
106000276,216,62,154
106000277,148,364,-216
106000278,270,48,222
106000279,28,26,2
106000280,74,53,21
106000281,101,39,62
106000282,94,129,-35
106000283,169,58,111
106000284,68,113,-45
106000285,134,93,41
106000286,112,102,10
106000287,155,53,102
106000288,95,153,-58
106000289,104,44,60
106000290,67,90,-23
106000291,139,99,40
106000292,109,97,12
106000293,212,84,128
106000294,188,98,90
106000295,85,47,38
106000296,34,87,-53
106000297,76,254,-178
106000298,125,77,48
106000299,64,128,-64
106000300,48,116,-68
106000301,41,114,-73
106000303,65,103,-38
106000304,59,34,25
106000305,54,46,8
106000306,33,55,-22
106000307,85,23,62
106000308,40,128,-88
106000309,27,79,-52
106000310,341,434,-93
106000311,461,204,257
106000312,112,136,-24
106000313,243,193,50
106000318,128,544,-416
106000319,1085,282,803
106000320,7,161,-154
106000321,405,189,216
106000322,203,152,51
106000324,21,179,-158
106000325,1912,1062,850
106000326,1088,1531,-443
106000327,245,144,101
106000328,33,98,-65
106000329,91,303,-212
106000330,55,98,-43
106000428,85,131,-46
106000429,139,389,-250
106000430,393,1135,-742
106000431,2788,412,2376
106000432,1581,2630,-1049
106000433,2688,1382,1306
106000434,3751,1903,1848
106000435,1424,2428,-1004
106000436,17,191,-174
106000437,301,95,206
106000438,315,224,91
106000439,70,710,-640
106000440,303,767,-464
106000441,1,0,1
106000442,123,8,115
106000443,194,256,-62
106000450,3,128,-125
106000451,13,53,-40
106000454,3,122,-119
106000455,16,173,-157
106000456,89,28,61
106000457,28,833,-805
106000458,977,103,874
106000459,163,306,-143
106000460,1855,23,1832
106000461,121,954,-833
106000462,1,25,-24
106000463,5,14,-9
106000464,3,402,-399
106000465,793,1,792
106000466,5,394,-389
106000467,304,370,-66
106000468,119,156,-37
106000469,140,0,140
106000470,349,1992,-1643
106000471,14,471,-457
106000472,216,20,196
106000473,46,24,22
106000474,298,379,-81
106000475,233,173,60
106000476,153,218,-65
106000477,9,27,-18
106900001,1,13,-12
106900002,6,314,-308
106900003,219,2460,-2241
106900004,1,24,-23
106900006,0,7,-7
106900007,0,6,-6
106900008,442,177,265
106900009,366,248,118
106900010,226,237,-11
106900012,1384,2830,-1446
106900013,719,161,558
106900014,19,0,19
106900015,11,0,11
106900016,347,12,335
106900017,9,1,8
106900018,2,0,2
106900019,49,3,46
106900020,3995,1736,2259
106900021,128,139,-11
106900022,942,4,938
106900023,47,279,-232
106900024,1031,40,991
106900025,88,1147,-1059
106900026,1,354,-353
106900027,953,5,948
107000001,5137,5682,-545
107000002,3366,5151,-1785
107000003,7350,8329,-979
107000004,5152,4761,391
107000005,5708,6529,-821
107000006,4164,3742,422
107000007,7448,12380,-4932
107000008,11308,7619,3689
107000009,10121,9795,326
107000010,10281,8815,1466
107000011,1245,1438,-193
107000012,4019,2824,1195
107000013,71,112,-41
107000014,42,243,-201
107000015,682,807,-125
107000016,977,714,263
107000017,6614,6722,-108
107000018,86,4951,-4865
107000020,4716,6697,-1981
107000021,1973,606,1367
107000022,1644,3704,-2060
107000023,2283,353,1930
107000024,1142,1758,-616
107000025,353,441,-88
107000026,560,508,52
107000027,1596,1298,298
107000028,1978,1259,719
107000029,4102,3496,606
107000030,3593,3093,500
107000031,4865,3354,1511
107000032,588,1019,-431
107000033,3152,5905,-2753
107000034,6847,1752,5095
107000035,486,292,194
107000036,865,1372,-507
107000037,89,965,-876
107000038,259,296,-37
107000039,903,970,-67
107000040,203,334,-131
107000041,1948,998,950
107000042,877,2441,-1564
107000043,3118,1248,1870
107000044,631,532,99
107000045,118,357,-239
107000046,1048,454,594
107000047,617,825,-208
107000048,760,339,421
107000049,695,805,-110
107000050,1279,612,667
107000051,359,357,2
107000052,1450,1134,316
107000053,438,252,186
107000054,72,245,-173
107000055,166,120,46
107000056,521,900,-379
107000057,1761,252,1509
107000058,2631,2805,-174
107000059,2054,3121,-1067
107000060,5754,6118,-364
107000061,5417,3404,2013
107000062,6258,3632,2626
107000063,4300,4553,-253
107000064,6073,3351,2722
107000065,4418,4291,127
107000066,3041,4516,-1475
107000067,1597,1510,87
107000068,1649,946,703
107000069,1059,759,300
107000070,1483,30,1453
107000071,3904,62,3842
107000072,41,2423,-2382
107000073,1188,457,731
107000074,160,877,-717
107000075,2241,604,1637
107000076,790,1403,-613
107000077,4663,1482,3181
107000078,2480,3012,-532
107000079,3557,1281,2276
107000080,1176,3007,-1831
107000081,2430,794,1636
107000082,594,1795,-1201
107000083,1696,512,1184
107000084,349,1686,-1337
107000085,3430,3549,-119
107000086,3694,3416,278
107000087,3515,2468,1047
107000088,3847,3694,153
107000089,1847,2021,-174
107000090,1403,1136,267
107000091,1486,821,665
107000092,1060,956,104
107000093,1351,977,374
107000094,1161,1099,62
107000095,1093,709,384
107000096,659,854,-195
107000097,561,331,230
107000098,349,399,-50
107000099,472,347,125
107000100,312,450,-138
107000101,113,170,-57
107000102,227,350,-123
107000103,303,191,112
107000104,189,296,-107
107000105,384,146,238
107000106,169,229,-60
107000107,605,184,421
107000108,163,446,-283
107000109,761,231,530
107000110,109,586,-477
107000111,395,82,313
107000112,42,270,-228
107000113,719,143,576
107000114,126,509,-383
107000115,711,158,553
107000116,151,647,-496
107000117,296,623,-327
107000118,167,217,-50
107000119,1789,1665,124
107000120,996,572,424
107000121,1141,645,496
107000122,1318,879,439
107000123,572,589,-17
107000124,630,739,-109
107000125,1216,709,507
107000126,1037,598,439
107000127,19,372,-353
107000129,228,180,48
107000130,361,303,58
107000131,537,387,150
107000132,803,538,265
107000133,735,150,585
107000134,514,4,510
107000135,9,452,-443
107000136,969,20,949
107000137,12,567,-555
107000138,479,40,439
107000139,25,659,-634
107000140,1857,240,1617
107000141,169,827,-658
107000142,558,157,401
107000143,118,714,-596
107000144,593,588,5
107000145,195,591,-396
107000146,325,508,-183
107000147,3993,1038,2955
107000150,839,4974,-4135
107000151,48,149,-101
107000152,543,1876,-1333
107000153,187,453,-266
107000154,278,304,-26
107000155,1280,32,1248
107000156,1635,42,1593
107000157,140,1383,-1243
107000158,719,25,694
107000159,47,698,-651
107000160,1525,251,1274
107000161,79,1164,-1085
107000162,373,774,-401
107000163,313,5,308
107000164,1045,2,1043
107000165,1332,21,1311
107000166,52,1041,-989
107000167,764,246,518
107000168,1161,651,510
107000169,877,885,-8
107000170,2724,1027,1697
107000171,825,1883,-1058
107000172,1146,1463,-317
107000173,747,963,-216
107000174,1322,6601,-5279
107000175,7154,1715,5439
107000176,1,1,0
107000177,7,3,4
107000178,26,92,-66
107000179,372,1777,-1405
107000180,1927,303,1624
107000181,550,909,-359
107000182,2278,948,1330
107000183,232,820,-588
107000184,1199,637,562
107000185,701,1435,-734
107000186,1688,487,1201
107000187,1638,1469,169
107000188,758,592,166
107000189,667,1059,-392
107000190,678,656,22
107000191,965,932,33
107000192,1912,737,1175
107000193,541,610,-69
107000194,884,729,155
107000197,1165,368,797
107000198,432,654,-222
107000199,1115,766,349
107000200,807,872,-65
107000201,576,490,86
107000202,385,546,-161
107000203,1019,1659,-640
107000204,1147,1855,-708
107000205,2335,1365,970
107000206,1374,2196,-822
107000207,770,1397,-627
107000208,1424,786,638
107000209,2196,1550,646
107000210,775,337,438
107000211,5,61,-56
107000212,23,344,-321
107000213,7,17,-10
107000214,34,154,-120
107000215,573,375,198
107000216,470,437,33
107000217,190,136,54
107000219,132,308,-176
107000220,169,229,-60
107000222,324,644,-320
107000224,1236,74,1162
107000225,429,498,-69
107000226,846,97,749
107000227,117,300,-183
107000228,294,283,11
107000229,140,192,-52
107000230,1332,587,745
107000231,1668,2228,-560
107000232,121,37,84
107000233,1435,1171,264
107000234,2,63,-61
107000235,136,10,126
107000236,15,684,-669
107000237,43,1,42
107000238,29,2,27
107000239,4789,636,4153
107000240,90,985,-895
107000241,130,20,110
107000242,423,53,370
107000243,0,36,-36
107000244,11,77,-66
107000246,6,982,-976
107000249,2,1045,-1043
107000251,7,329,-322
107000252,9,1066,-1057
107000255,407,152,255
107000257,1,366,-365
107000258,0,127,-127
107000259,10,219,-209
107000260,909,14,895
107000262,18,441,-423
107000263,382,4,378
107000266,8,13,-5
107000267,111,109,2
107000268,176,129,47
107000269,800,106,694
107000270,3,60,-57
107000271,30,483,-453
107000272,31,100,-69
107000273,34,467,-433
107000274,3861,1004,2857
107000275,231,4255,-4024
107000280,983,45,938
107000281,52,651,-599
107000282,138,802,-664
107000290,23,57,-34
107000291,25,8,17
107000292,4,395,-391
107000293,170,10,160
107000294,0,46,-46
107000295,56,7,49
107000296,0,17,-17
107000444,425,14,411
107000496,4,10,-6
107000497,1512,2028,-516
107000500,450,301,149
107000501,145,165,-20
107000502,264,283,-19
107000505,289,875,-586
107000506,6,167,-161
107000508,16,518,-502
107000509,332,1026,-694
107000510,32,33,-1
107000514,51,431,-380
107000515,20,149,-129
107000516,414,298,116
107000518,1348,1705,-357
107000519,1648,921,727
107000520,88,28,60
107900001,112,146,-34
107900002,79,11,68
107900003,484,46,438
107900004,124,3,121
107900005,1444,4,1440
107900006,216,2,214
107900007,405,40,365
107900008,115,18,97
107900009,400,16,384
107900010,56,11,45
107900012,394,84,310
107900013,314,34,280
107900014,70,12,58
107900015,1152,20,1132
107900016,763,101,662
107900017,50,5,45
107900018,80,225,-145
107900019,40,40,0
107900020,297,31,266
107900021,95,107,-12
107900023,11,1,10
107900024,0,24,-24
107900025,362,244,118
107900026,79,41,38
107900027,54,75,-21
107900028,129,93,36
107900030,223,35,188
107900031,66,84,-18
107900032,27,9,18
107900033,39,10,29
107900034,463,30,433
107900035,1027,41,986
107900036,83,35,48
107900037,0,24,-24
107900038,134,276,-142
107900039,53,38,15
107900040,32,357,-325
107900041,2,1,1
107900043,35,125,-90
107900044,14,5,9
107900045,143,52,91
107900046,140,170,-30
107900047,36,50,-14
107900048,246,26,220
107900049,527,1930,-1403
107900050,101,352,-251
107900051,76,77,-1
107900052,44,38,6
107900053,59,78,-19
107900055,1026,340,686
107900056,184,50,134
107900057,0,0,0
107900058,43,555,-512
107900060,37,323,-286
107900061,18,7,11
107900063,101,179,-78
107900064,328,209,119
107900065,282,15,267
107900066,46,12,34
107900067,0,0,0
107900068,127,1084,-957
107900069,41,2333,-2292
107900070,247,72,175
107900071,56,590,-534
107900072,182,141,41
107900073,153,98,55
107900074,608,399,209
107900076,143,77,66
107900077,154,37,117
107900078,260,44,216
107900079,16,22,-6
107900080,191,956,-765
107900081,48,83,-35
107900082,31,15,16
107900083,367,234,133
107900084,131,187,-56
107900086,44,146,-102
107900087,679,190,489
107900088,67,7,60
107900089,324,1195,-871
107900090,1854,3472,-1618
107900091,196,370,-174
107900092,2243,558,1685
107900093,66,52,14
107900095,3072,2220,852
107900097,44,87,-43
107900098,50,237,-187
107900100,1098,1493,-395
107900101,963,250,713
107900102,43,11,32
107900103,65,204,-139
107900104,293,6,287
107900105,2,229,-227
107900106,1,833,-832
107900107,2882,609,2273
107900108,244,127,117
107900109,1488,19,1469
107900110,55,65,-10
107900111,8,825,-817
107900112,75,377,-302
107900113,225,89,136
107900114,186,141,45
107900115,0,36,-36
107900116,254,134,120
107900117,290,355,-65
107900118,101,181,-80
107900119,149,343,-194
107900120,35,34,1
107900121,5,249,-244
107900122,3,152,-149
107900123,4,56,-52
107900124,16,58,-42
107900125,65,215,-150
107900126,13,94,-81
107900127,684,369,315
107900128,85,124,-39
107900129,106,27,79
107900130,79,20,59
107900131,831,431,400
107900132,145,364,-219
107900133,4,96,-92
107900134,55,130,-75
107900135,10,118,-108
107900136,52,99,-47
107900137,154,128,26
107900138,97,35,62
107900139,42,20,22
107900140,104,49,55
107900141,87,42,45
107900142,50,851,-801
107900143,75,44,31
107900144,5,140,-135
107900145,18,144,-126
107900146,89,126,-37
107900147,40,33,7
107900148,205,121,84
107900149,1066,310,756
107900150,62,561,-499
107900151,50,98,-48
107900152,26,214,-188
107900153,121,294,-173
107900154,57,28,29
107900155,113,51,62
107900156,10,199,-189
107900157,69,59,10
107900158,980,33,947
107900159,28,783,-755
107900160,181,175,6
107900161,43,162,-119
107900162,2,143,-141
107900163,78,140,-62
107900164,12,48,-36
107900165,20,137,-117
107900166,18,152,-134
107900167,101,66,35
107900168,41,58,-17
107900169,6,240,-234
107900171,16,1166,-1150
107900172,1,361,-360
107900173,29,134,-105
107900174,163,2,161
107900175,22,51,-29
107900176,33,37,-4
107900177,5,461,-456
107900178,5,156,-151
107900179,20,160,-140
107900180,554,854,-300
107900181,427,252,175
107900182,127,1124,-997
107900183,57,196,-139
107900184,148,234,-86
107900185,161,7,154
107900186,29,47,-18
107900187,4,172,-168
107900188,564,149,415
107900189,30,120,-90
107900190,72,209,-137
107900191,134,91,43
107900193,1,39,-38
107900194,291,18,273
107900195,2149,394,1755
107900196,92,123,-31
107900197,910,535,375
107900199,3,749,-746
107900201,106,81,25
107900203,46,81,-35
107900204,192,281,-89
107900205,250,346,-96
107900206,842,511,331
107900207,0,536,-536
107900208,10,532,-522
107900209,386,131,255
107900210,79,117,-38
107900213,891,683,208
107900214,68,129,-61
107900215,166,364,-198
107900216,186,75,111
107900217,71,102,-31
107900218,26,3295,-3269
107900219,41,76,-35
107900220,271,279,-8
107900221,175,201,-26
107900223,102,487,-385
107900224,103,444,-341
107900225,12,790,-778
107900226,109,108,1
107900227,137,343,-206
107900228,15,108,-93
107900229,0,211,-211
107900230,25,98,-73
107900231,37,222,-185
107900232,126,119,7
107900233,16,161,-145
107900234,124,94,30
107900235,31,168,-137
107900236,143,39,104
107900237,76,391,-315
107900238,36,140,-104
107900239,626,716,-90
107900240,30,95,-65
107900241,38,71,-33
107900242,39,167,-128
107900243,5,84,-79
107900244,335,8,327
107900245,844,70,774
107900246,290,38,252
107900248,390,430,-40
107900249,948,30,918
107900250,1,442,-441
107900251,79,1256,-1177
107900252,1207,27,1180
107900253,239,12,227
107900254,91,416,-325
107900255,280,89,191
107900256,2000,3435,-1435
107900257,250,156,94
107900258,161,252,-91
107900259,78,2471,-2393
107900261,2,309,-307
107900262,51,140,-89
107900264,387,9,378
107900265,206,150,56
107900267,284,28,256
107900268,18,5,13
107900269,0,22,-22
107900270,0,0,0
107900271,0,14,-14
107900272,115,23,92
107900273,68,121,-53
107900274,140,0,140
107900275,47,0,47
107900276,2,77,-75
107900277,2,141,-139
107900278,353,326,27
107900279,95,257,-162
107900280,2817,2032,785
107900281,1236,3296,-2060
107900282,36,507,-471
107900283,1062,783,279
107900284,584,524,60
107900285,130,61,69
107900286,155,68,87
107900287,259,244,15
107900290,0,179,-179
107900291,595,20,575
107900292,122,162,-40
107900293,117,367,-250
107900295,73,44,29
107900297,5,256,-251
107900298,902,904,-2
107900299,2369,2669,-300
107900300,113,337,-224
107900301,629,799,-170
107900302,143,36,107
107900303,266,305,-39
107900304,444,397,47
107900305,427,13,414
107900306,18,35,-17
107900307,34,240,-206
107900308,190,148,42
107900309,101,2,99
107900310,1270,10,1260
107900311,95,1118,-1023
107900312,132,1,131
107900313,3,255,-252
107900314,1,70,-69
107900315,4,55,-51
107900316,82,8,74
107900317,121,57,64
107900318,20,224,-204
107900319,4,184,-180
107900320,9,147,-138
107900321,124,5,119
107900322,4,109,-105
107900323,49,141,-92
107900324,197,4,193
107900325,87,1,86
107900326,354,244,110
107900327,2,106,-104
107900328,111,1,110
107900329,171,220,-49
107900330,10,345,-335
107900331,220,31,189
107900332,266,18,248
107900333,61,21,40
107900334,37,120,-83
107900335,207,47,160
107900336,69,60,9
107900337,933,999,-66
107900338,3,238,-235
107900339,4,18,-14
107900340,0,88,-88
107900341,65,3,62
107900342,104,56,48
107900343,84,2,82
107900344,10,96,-86
107900345,195,29,166
107900346,48,1,47
107900347,22,5,17
107900348,12,5,7
107900349,54,22,32
107900350,22,201,-179
108000001,3468,4172,-704
108000002,2048,2180,-132
108000003,4204,3781,423
108000004,12045,13925,-1880
108000005,9749,7129,2620
108000006,8043,7163,880
108000007,6237,4872,1365
108000008,4384,5688,-1304
108000009,5116,5839,-723
108000010,3914,4537,-623
108000011,14733,13989,744
108000012,15975,14788,1187
108000014,1166,1078,88
108000015,833,315,518
108000016,366,743,-377
108000017,1293,431,862
108000018,2172,813,1359
108000019,2803,1263,1540
108000020,1581,550,1031
108000021,388,1950,-1562
108000022,525,1374,-849
108000023,1442,268,1174
108000024,454,523,-69
108000025,339,383,-44
108000026,811,360,451
108000027,777,431,346
108000028,789,228,561
108000029,659,472,187
108000030,890,244,646
108000031,278,664,-386
108000032,2002,774,1228
108000033,759,939,-180
108000034,1976,629,1347
108000035,727,1950,-1223
108000036,467,969,-502
108000037,2041,522,1519
108000038,2886,629,2257
108000039,482,1727,-1245
108000040,2247,1073,1174
108000041,725,1965,-1240
108000042,502,244,258
108000043,254,377,-123
108000044,1832,205,1627
108000045,403,838,-435
108000046,1877,331,1546
108000047,524,890,-366
108000048,288,400,-112
108000049,1577,329,1248
108000050,116,388,-272
108000051,397,195,202
108000052,253,586,-333
108000053,546,283,263
108000054,596,1084,-488
108000055,1347,670,677
108000056,895,1155,-260
108000057,757,1364,-607
108000058,2263,4235,-1972
108000059,3111,1989,1122
108000060,281,485,-204
108000061,187,266,-79
108000062,1036,676,360
108000063,628,509,119
108000064,340,271,69
108000065,593,521,72
108000066,1760,815,945
108000067,1984,719,1265
108000068,847,483,364
108000069,239,880,-641
108000070,2313,968,1345
108000071,729,1341,-612
108000072,2024,1243,781
108000073,1417,1565,-148
108000074,791,431,360
108000075,380,704,-324
108000076,957,582,375
108000077,605,612,-7
108000078,2964,1429,1535
108000079,861,1288,-427
108000080,1600,603,997
108000081,596,1453,-857
108000082,962,1806,-844
108000083,2371,1079,1292
108000084,486,1025,-539
108000085,962,492,470
108000086,903,648,255
108000087,183,2292,-2109
108000088,235,17,218
108000089,350,427,-77
108000090,631,244,387
108000091,359,380,-21
108000092,144,86,58
108000093,234,462,-228
108000094,735,97,638
108000095,171,316,-145
108000096,331,195,136
108000097,125,382,-257
108000098,2173,1463,710
108000099,343,250,93
108000100,94,237,-143
108000101,1707,1450,257
108000102,1777,3704,-1927
108000106,1006,1,1005
108000107,2,1193,-1191
108000108,1280,75,1205
108000109,16,965,-949
108000110,263,300,-37
108000111,215,533,-318
108000112,69,129,-60
108000113,444,262,182
108000115,470,295,175
108000117,821,425,396
108000118,70,292,-222
108000119,705,367,338
108000120,211,745,-534
108000121,268,375,-107
108000122,649,335,314
108000123,1028,209,819
108000124,329,478,-149
108000125,523,362,161
108000126,152,363,-211
108000127,569,326,243
108000128,597,421,176
108000129,447,793,-346
108000130,640,231,409
108000131,1010,493,517
108000132,1923,1222,701
108000133,1010,459,551
108000134,457,458,-1
108000135,1227,475,752
108000136,343,836,-493
108000137,508,353,155
108000138,514,802,-288
108000139,581,339,242
108000140,192,41,151
108000141,40,51,-11
108000142,65,58,7
108000143,58,28,30
108000144,79,6,73
108000145,54,12,42
108000146,80,24,56
108000147,70,30,40
108000148,108,53,55
108000149,19,9,10
108000150,49,16,33
108000151,40,20,20
108000152,100,509,-409
108000153,646,104,542
108000154,51,3,48
108000155,24,25,-1
108000156,309,142,167
108000157,243,1358,-1115
108000158,92,896,-804
108000159,418,266,152
108000160,2445,1124,1321
108000161,2528,3186,-658
108000165,8,274,-266
108000172,2,301,-299
108000173,1609,2153,-544
108000175,402,163,239
108000178,505,353,152
108000179,199,973,-774
108000181,82,31,51
108000182,107,20,87
108000183,72,28,44
108000184,945,2479,-1534
108000185,285,473,-188
108000186,211,68,143
108000187,119,469,-350
108000188,841,251,590
108000189,617,1830,-1213
108000190,54,126,-72
108000192,244,495,-251
108000193,1081,55,1026
108000194,58,10,48
108000195,4,869,-865
108000196,229,213,16
108000198,539,244,295
108000199,1,222,-221
108000200,644,447,197
108000202,2,325,-323
108000203,105,493,-388
108000204,166,89,77
108000205,233,375,-142
108000339,1462,403,1059
108000364,136,298,-162
108000365,125,277,-152
108000367,184,374,-190
108000368,11,48,-37
108000369,770,272,498
108000371,5,664,-659
108000372,763,2,761
108000373,276,330,-54
108000376,115,52,63
108000377,596,289,307
108000378,10407,11667,-1260
108000379,37,282,-245
108000381,63,6,57
108000382,110,1,109
108000383,0,113,-113
108900001,86,788,-702
108900002,284,74,210
108900003,281,571,-290
108900004,361,604,-243
108900005,83,516,-433
108900006,914,281,633
108900007,436,240,196
108900008,189,180,9
108900009,135,115,20
108900010,327,175,152
108900011,744,402,342
108900012,411,405,6
108900013,202,268,-66
108900014,23,131,-108
108900015,3,132,-129
108900016,0,271,-271
108900017,293,501,-208
108900018,193,449,-256
108900019,79,759,-680
108900020,87,182,-95
108900021,175,216,-41
108900022,62,210,-148
108900023,455,72,383
108900024,33,75,-42
108900025,129,92,37
108900026,37,146,-109
108900028,85,258,-173
108900029,50,202,-152
108900031,164,297,-133
108900032,17,205,-188
108900034,0,161,-161
108900035,330,1109,-779
108900036,277,267,10
108900037,70,319,-249
108900039,0,311,-311
108900040,13,87,-74
108900041,5166,3871,1295
108900042,8,370,-362
108900043,126,454,-328
108900045,98,392,-294
108900046,4,93,-89
108900047,0,63,-63
108900048,113,680,-567
108900049,2404,1374,1030
108900050,1,167,-166
108900051,2,169,-167
108900052,54,142,-88
108900053,72,173,-101
108900054,125,185,-60
108900055,55,464,-409
108900056,0,135,-135
108900057,1,154,-153
108900058,49,284,-235
108900059,486,54,432
108900060,117,153,-36
108900061,107,45,62
108900062,4,192,-188
108900063,20,234,-214
108900064,292,55,237
108900065,23,193,-170
108900066,511,139,372
108900067,33,147,-114
108900068,0,53,-53
108900069,83,71,12
108900070,35,94,-59
108900071,130,69,61
108900072,2077,837,1240
108900073,9,62,-53
108900074,253,265,-12
108900075,49,38,11
108900076,414,79,335
108900077,80,90,-10
108900078,17,135,-118
108900079,634,217,417
108900080,56,1008,-952
108900081,69,272,-203
108900082,106,97,9
108900083,35,372,-337
108900084,331,164,167
108900085,2149,197,1952
108900086,161,174,-13
108900087,69,162,-93
108900088,1058,451,607
108900089,29,131,-102
108900090,75,209,-134
108900091,124,89,35
108900092,629,392,237
108900093,175,94,81
108900094,326,102,224
108900095,64,320,-256
108900096,296,13,283
108900097,267,199,68
108900098,2000,971,1029
108900099,449,193,256
108900100,77,112,-35
108900101,232,178,54
108900102,95,1223,-1128
108900103,77,166,-89
108900104,150,374,-224
108900105,9,1403,-1394
108900106,605,242,363
108900108,434,77,357
108900109,49,30,19
108900110,290,291,-1
108900111,509,391,118
108900112,315,37,278
108900113,72,103,-31
108900114,0,8,-8
108900115,116,74,42
108900116,141,18,123
108900117,184,19,165
108900119,401,38,363
108900120,183,199,-16
108900121,387,139,248
108900122,206,38,168
108900123,189,126,63
108900124,542,226,316
108900126,137,61,76
108900127,222,51,171
108900128,141,41,100
108900129,989,176,813
108900131,420,13,407
108900132,533,67,466
108900133,326,94,232
108900134,518,219,299
108900135,155,9,146
108900137,184,3,181
108900138,875,61,814
108900139,773,139,634
108900140,348,220,128
108900141,455,18,437
108900142,166,10,156
108900143,0,0,0
108900144,165,3,162
108900145,182,12,170
108900146,110,5,105
108900147,286,1,285
108900148,64,31,33
108900149,694,263,431
108900150,361,13,348
108900151,219,35,184
108900152,508,132,376
108900153,213,295,-82
108900154,5539,424,5115
108900155,241,109,132
108900156,101,14,87
108900157,34,407,-373
108900158,442,31,411
108900159,6,194,-188
108900160,13,208,-195
108900161,5,333,-328
108900162,112,4,108
108900163,6,268,-262
108900164,44,62,-18
108900165,133,64,69
108900167,1346,8072,-6726
108900168,6056,2893,3163
108900169,46,115,-69
108900171,6398,3620,2778
108900172,260,35,225
108900173,193,407,-214
108900174,985,575,410
108900176,122,320,-198
108900177,5126,7573,-2447
108900178,3414,4306,-892
108900179,613,1989,-1376
108900180,134,343,-209
108900182,47,399,-352
108900183,220,245,-25
108900184,585,254,331
108900185,111,492,-381
108900186,158,391,-233
108900187,563,76,487
108900188,693,83,610
108900189,516,166,350
108900190,58,2130,-2072
108900191,217,56,161
108900192,84,189,-105
108900193,370,103,267
108900194,50,690,-640
108900195,206,248,-42
108900196,37,398,-361
108900198,2,294,-292
108900199,304,379,-75
108900200,752,479,273
108900201,486,1428,-942
108900203,523,153,370
108900204,458,15,443
108900205,234,37,197
108900206,836,100,736
108900207,198,97,101
108900208,35,366,-331
108900209,215,559,-344
108900210,237,216,21
108900211,202,686,-484
108900212,544,1723,-1179
108900215,71,365,-294
108900216,609,294,315
108900217,154,1,153
108900218,160,11,149
108900219,145,7,138
108900220,84,40,44
108900221,62,265,-203
108900222,285,21,264
108900223,36,197,-161
108900224,57,225,-168
108900225,4,270,-266
108900226,475,42,433
108900227,137,407,-270
108900230,155,218,-63
108900231,36,203,-167
108900232,4,448,-444
108900233,649,133,516
108900234,369,168,201
108900235,224,612,-388
108900236,103,380,-277
108900237,94,221,-127
108900240,198,136,62
108900241,68,60,8
108900245,11,1820,-1809
108900249,206,46,160
108900250,303,94,209
108900257,347,510,-163
108900258,16,165,-149
108900259,117,60,57
108900260,14,105,-91
108900261,71,121,-50
108900262,143,163,-20
108900263,46,193,-147
108900264,479,302,177
108900265,1137,509,628
108900266,635,725,-90
108900267,5,139,-134
108900268,13,12,1
108900269,130,25,105
108900270,85,7,78
108900271,73,17,56
108900272,246,15,231
108900273,706,1005,-299
108900274,66,67,-1
108900275,71,20,51
108900276,4,110,-106
109000001,3177,1854,1323
109000002,1429,1990,-561
109000003,2936,486,2450
109000004,493,1973,-1480
109000005,2563,657,1906
109000006,623,1921,-1298
109000007,1903,635,1268
109000008,639,1722,-1083
109000009,4192,1352,2840
109000010,1354,3237,-1883
109000011,3998,2639,1359
109000012,1892,2934,-1042
109000013,4345,3799,546
109000014,2139,3080,-941
109000015,4404,8515,-4111
109000016,5845,3371,2474
109000017,3048,1419,1629
109000018,1022,2642,-1620
109000019,2838,1333,1505
109000020,961,1724,-763
109000023,300,24,276
109000024,17,202,-185
109000025,380,564,-184
109000026,669,317,352
109000027,107,365,-258
109000028,135,70,65
109000029,145,338,-193
109000030,84,558,-474
109000031,287,193,94
109000032,135,524,-389
109000033,412,245,167
109000034,54,61,-7
109000035,17,56,-39
109000036,123,314,-191
109000037,302,1729,-1427
109000038,506,401,105
109000039,1173,1048,125
109000040,4573,10820,-6247
109000041,2362,1869,493
109000042,517,1337,-820
109000044,410,84,326
109000045,139,357,-218
109000046,438,55,383
109000047,85,476,-391
109000048,1075,380,695
109000049,333,767,-434
109000050,485,321,164
109000051,289,300,-11
109000052,667,838,-171
109000053,299,108,191
109000054,433,446,-13
109000055,357,453,-96
109000056,433,436,-3
109000057,848,598,250
109000058,1142,354,788
109000059,754,1735,-981
109000060,502,437,65
109000061,839,1504,-665
109000062,173,449,-276
109000063,299,197,102
109000064,356,193,163
109000065,177,176,1
109000066,471,125,346
109000067,97,234,-137
109000068,2947,7,2940
109000069,978,36,942
109000070,8,1390,-1382
109000071,411,71,340
109000072,114,310,-196
109000073,59,120,-61
109000074,21,143,-122
109000075,91,401,-310
109000076,99,263,-164
109000077,357,214,143
109000078,63,153,-90
109000079,159,99,60
109000080,212,87,125
109000081,158,332,-174
109000082,716,187,529
109000083,271,504,-233
109000088,125,401,-276
109000089,367,83,284
109000090,153,353,-200
109000091,353,239,114
109000092,404,407,-3
109000093,348,243,105
109000094,694,6,688
109000095,137,336,-199
109000096,927,252,675
109000097,113,104,9
109000098,63,148,-85
109000099,1252,384,868
109000100,364,649,-285
109000101,2272,777,1495
109000102,502,790,-288
109000103,613,628,-15
109000104,2302,652,1650
109000105,661,1311,-650
109000106,2443,876,1567
109000107,610,1879,-1269
109000108,2106,806,1300
109000109,545,1618,-1073
109000110,1730,705,1025
109000111,1130,2049,-919
109000112,454,145,309
109000113,362,166,196
109000114,258,313,-55
109000115,1357,40,1317
109000116,5,256,-251
109000117,335,56,279
109000118,16,301,-285
109000119,1723,238,1485
109000120,254,766,-512
109000121,588,54,534
109000122,136,615,-479
109000123,27,45,-18
109000124,749,411,338
109000125,928,329,599
109000126,536,703,-167
109000127,1201,194,1007
109000128,537,1110,-573
109000129,3005,809,2196
109000130,507,1420,-913
109000131,1099,740,359
109000132,808,1569,-761
109000133,327,817,-490
109000134,772,1168,-396
109000135,1505,2022,-517
109000136,375,312,63
109000137,349,453,-104
109000138,491,285,206
109000139,604,432,172
109000140,230,382,-152
109000141,623,521,102
109000142,180,546,-366
109000143,117,88,29
109000145,150,285,-135
109000146,43,107,-64
109000148,3238,2336,902
109000149,28,61,-33
109000150,87,353,-266
109000155,944,680,264
109000156,1052,635,417
109000158,195,325,-130
109000159,191,578,-387
109000160,1236,276,960
109000161,430,1005,-575
109000162,2504,664,1840
109000163,1250,1589,-339
109000164,1405,2090,-685
109000165,1483,585,898
109000166,760,138,622
109000167,136,465,-329
109000170,68,46,22
109000171,71,33,38
109000172,47,76,-29
109000173,31,81,-50
109000174,115,49,66
109000175,65,76,-11
109000176,370,227,143
109000177,67,99,-32
109000178,492,152,340
109000179,4475,5861,-1386
109000180,5652,4213,1439
109000181,24,39,-15
109000182,52,21,31
109000183,50,18,32
109000184,34,17,17
109000185,32,36,-4
109000188,569,1540,-971
109000189,2566,859,1707
109000190,633,524,109
109000191,321,438,-117
109000192,472,180,292
109000193,208,215,-7
109000194,307,90,217
109000195,199,290,-91
109000196,382,125,257
109000197,224,321,-97
109000198,504,97,407
109000199,196,484,-288
109000206,291,30,261
109000207,207,37,170
109000208,132,114,18
109000209,186,120,66
109000210,193,557,-364
109000211,237,231,6
109000214,401,326,75
109000215,183,96,87
109000216,302,369,-67
109000217,337,143,194
109000218,514,272,242
109000221,475,968,-493
109000222,1043,281,762
109000223,402,400,2
109000224,44,81,-37
109000225,89,37,52
109000226,50,162,-112
109000227,1278,1095,183
109000228,3,1721,-1718
109000231,2,217,-215
109000232,395,231,164
109000236,345,624,-279
109000241,2485,1871,614
109000242,2156,1203,953
109000293,25,68,-43
109000361,81,212,-131
109000364,340,617,-277
109000396,2,467,-465
109000397,729,13,716
109000399,108,368,-260
109000400,75,212,-137
109000403,169,1136,-967
109000406,416,3,413
109000407,275,158,117
109000408,0,404,-404
109000410,1223,323,900
109000411,172,16,156
109900001,117,0,117
109900002,827,19,808
109900003,318,2,316
109900004,958,120,838
109900005,46,5,41
109900006,773,164,609
109900007,1001,427,574
109900008,0,29,-29
109900009,189,450,-261
109900010,681,32,649
109900011,94,59,35
109900012,384,240,144
109900013,459,185,274
109900014,468,82,386
109900015,471,182,289
109900016,171,17,154
109900017,229,275,-46
109900018,318,71,247
109900019,332,56,276
109900020,59,63,-4
109900021,29,27,2
109900022,102,199,-97
109900023,11,19,-8
109900024,25,13,12
109900025,32,78,-46
109900026,6,204,-198
109900027,57,78,-21
109900028,1160,1153,7
109900029,6,214,-208
109900030,49,22,27
109900031,3,295,-292
109900032,15,286,-271
109900033,7,497,-490
109900034,33,8,25
109900035,22,24,-2
109900036,34,47,-13
109900037,31,406,-375
109900038,164,279,-115
109900039,17,2,15
109900040,28,461,-433
109900041,67,323,-256
109900042,55,1626,-1571
109900044,145,219,-74
109900045,334,144,190
109900046,39,86,-47
109900047,340,287,53
109900048,0,83,-83
109900049,30,38,-8
109900050,2,115,-113
109900051,1,39,-38
109900052,101,265,-164
109900053,2,152,-150
109900054,927,288,639
109900055,73,285,-212
109900056,16,229,-213
109900057,8,86,-78
109900058,0,80,-80
109900059,912,170,742
109900060,531,116,415
109900061,73,257,-184
109900062,1,150,-149
109900063,33,486,-453
109900064,571,253,318
109900065,48,147,-99
109900066,314,778,-464
109900067,1,163,-162
109900068,123,7,116
109900069,2,28,-26
109900070,36,245,-209
109900071,2,30,-28
109900072,26,174,-148
109900073,562,494,68
109900074,10,19,-9
109900075,46,127,-81
109900076,9,124,-115
109900077,23,47,-24
109900078,93,209,-116
109900080,147,283,-136
109900081,44,336,-292
109900082,35,300,-265
109900083,22,72,-50
109900084,76,141,-65
109900085,163,495,-332
109900086,201,540,-339
109900087,288,581,-293
109900089,892,246,646
109900090,497,1103,-606
109900091,464,85,379
109900092,1737,59,1678
109900093,1147,170,977
109900094,94,117,-23
109900095,197,205,-8
109900096,43,3,40
109900097,120,2,118
109900098,517,47,470
109900099,266,1,265
109900100,54,0,54
109900101,632,20,612
109900102,599,32,567
109900103,29,34,-5
109900104,648,564,84
109900105,669,27,642
109900106,627,84,543
109900107,1179,130,1049
109900108,169,341,-172
109900109,37,203,-166
109900110,95,352,-257
109900111,267,829,-562
109900112,327,486,-159
109900113,1019,716,303
109900114,1039,1694,-655
109900115,176,105,71
109900117,1123,189,934
109900118,236,465,-229
109900119,523,458,65
109900120,80,27,53
109900121,487,471,16
109900122,547,12,535
109900123,24,156,-132
109900124,56,315,-259
109900125,2,156,-154
109900126,330,76,254
109900128,378,56,322
109900130,5937,2656,3281
109900131,56,150,-94
109900132,45,176,-131
109900133,111,231,-120
109900134,117,106,11
109900135,308,64,244
109900136,60,133,-73
109900137,190,251,-61
109900138,480,379,101
109900140,228,143,85
109900141,496,251,245
109900142,1673,325,1348
109900145,6,648,-642
109900146,569,75,494
109900148,60,92,-32
109900149,63,59,4
109900150,12,86,-74
109900151,35,50,-15
109900152,1,55,-54
109900153,0,69,-69
109900154,103,0,103
109900155,97,37,60
109900157,65,150,-85
109900158,47,177,-130
109900159,171,30,141
109900160,156,50,106
109900161,272,66,206
109900162,236,137,99
109900163,732,340,392
109900164,128,252,-124
109900165,329,4,325
109900166,3,194,-191
109900167,215,449,-234
109900168,211,578,-367
109900169,292,206,86
109900170,234,1162,-928
109900171,215,115,100
109900172,271,294,-23
109900173,2461,2539,-78
109900174,84,131,-47
109900175,93,85,8
109900176,140,164,-24
109900177,63,179,-116
109900178,13,317,-304
109900179,150,17,133
109900180,5,15,-10
110000001,1020,516,504
110000002,629,901,-272
110000003,983,762,221
110000004,515,932,-417
110000005,492,2317,-1825
110000006,337,413,-76
110000007,178,134,44
110000008,28,69,-41
110000009,39,20,19
110000010,45,71,-26
110000011,53,58,-5
110000012,868,328,540
110000013,55,608,-553
110000014,626,505,121
110000015,334,743,-409
110000016,320,1957,-1637
110000017,3402,288,3114
110000018,3052,499,2553
110000019,18,131,-113
110000020,829,256,573
110000021,729,615,114
110000022,1384,279,1105
110000023,18,196,-178
110000024,741,618,123
110000025,424,6,418
110000026,8,323,-315
110000027,1087,1344,-257
110000028,1100,651,449
110000029,616,647,-31
110000030,297,452,-155
110000031,362,429,-67
110000032,910,399,511
110000033,346,274,72
110000034,528,690,-162
110000035,1125,616,509
110000036,1097,758,339
110000037,326,509,-183
110000038,307,715,-408
110000039,760,4307,-3547
110000040,330,355,-25
110000041,298,1838,-1540
110000042,142,772,-630
110000043,1001,434,567
110000044,226,1292,-1066
110000045,1429,257,1172
110000046,4,92,-88
110000047,57,116,-59
110000048,36,134,-98
110000049,176,26,150
110000050,14,60,-46
110000051,32,28,4
110000052,44,23,21
110000053,111,20,91
110000054,222,689,-467
110000055,922,83,839
110000056,264,162,102
110000057,621,707,-86
110000058,1588,512,1076
110000059,1214,557,657
110000060,950,1078,-128
110000061,948,764,184
110000062,792,957,-165
110000063,37,161,-124
110000064,95,51,44
110000065,112,87,25
110000066,70,24,46
110000067,108,147,-39
110000068,359,159,200
110000069,420,88,332
110000071,230,78,152
110000073,17,22,-5
110000075,22,59,-37
110000076,357,513,-156
110000077,466,1828,-1362
110000078,29,32,-3
110000080,209,602,-393
110000081,51,263,-212
110000082,41,415,-374
110000083,204,588,-384
110000084,1419,993,426
110000085,1659,1722,-63
110000086,1517,2686,-1169
110000087,21,74,-53
110000088,101,229,-128
110000089,346,121,225
110000090,192,210,-18
110000091,1072,265,807
110000092,25,73,-48
110000093,33,12,21
110000094,535,291,244
110000095,318,637,-319
110000096,1932,1924,8
110000097,1235,1621,-386
110000098,2353,713,1640
110000099,869,1581,-712
110000100,1076,435,641
110000101,16,294,-278
110000102,60,23,37
110000104,418,149,269
110000105,46,277,-231
110000106,769,387,382
110000107,264,325,-61
110000108,152,108,44
110000109,277,270,7
110000110,3250,5928,-2678
110000111,6412,3538,2874
110000112,1158,1264,-106
110000113,276,2258,-1982
110000114,264,741,-477
110000115,400,394,6
110000116,66,39,27
110000117,317,349,-32
110000118,551,158,393
110000119,285,315,-30
110000120,429,185,244
110000121,91,426,-335
110000122,434,589,-155
110000123,785,870,-85
110000124,1,826,-825
110000125,1154,13,1141
110000126,340,20,320
110000127,1256,61,1195
110000128,47,1272,-1225
110000129,1,497,-496
110000130,303,183,120
110000131,126,268,-142
110000132,3,687,-684
110000133,39,433,-394
110000134,27,377,-350
110000135,207,32,175
110000136,88,270,-182
110000137,608,609,-1
110000138,913,592,321
110000139,1094,1058,36
110000140,957,683,274
110000143,625,427,198
110000144,5698,2298,3400
110000145,2020,1556,464
110000146,2632,1068,1564
110000147,591,825,-234
110000148,742,326,416
110000151,1043,1474,-431
110000152,993,440,553
110000153,149,32,117
110000154,58,30,28
110000155,1876,4663,-2787
110000156,1131,2819,-1688
110000157,2021,2750,-729
110000160,535,255,280
110000161,278,250,28
110000166,787,143,644
110000167,1082,482,600
110000168,1156,491,665
110000169,1080,457,623
110000170,172,83,89
110000171,759,146,613
110000172,188,798,-610
110000173,908,1117,-209
110000174,152,883,-731
110000175,947,64,883
110000176,220,369,-149
110000177,259,887,-628
110000178,468,1642,-1174
110000179,1387,386,1001
110000180,230,302,-72
110000181,541,438,103
110000182,329,161,168
110000183,9164,8918,246
110000184,364,2902,-2538
110000185,1638,1012,626
110000186,987,782,205
110000191,1179,280,899
110000192,684,11,673
110000193,1329,14,1315
110000194,15,914,-899
110000195,513,313,200
110000196,465,242,223
110000197,133,134,-1
110000198,128,107,21
110000199,133,145,-12
110000200,1149,537,612
110000201,1104,1041,63
110000202,1506,606,900
110000203,623,680,-57
110000204,9,197,-188
110000205,169,40,129
110000206,677,1213,-536
110000207,1361,479,882
110000208,330,295,35
110000209,136,1688,-1552
110000210,1537,539,998
110000211,1193,1287,-94
110000212,538,1236,-698
110000213,214,101,113
110000214,312,143,169
110000215,202,368,-166
110000216,127,233,-106
110000217,378,189,189
110000218,240,256,-16
110000219,317,84,233
110000220,63,225,-162
110000221,352,62,290
110000222,76,213,-137
110000223,0,222,-222
110000224,52,12,40
110000225,359,679,-320
110000226,256,70,186
110000227,895,1070,-175
110000228,375,159,216
110000229,1,208,-207
110000230,764,1019,-255
110000231,138,236,-98
110000232,413,291,122
110000233,324,302,22
110000234,979,2390,-1411
110000235,1346,1500,-154
110000236,711,701,10
110000237,2730,1998,732
110000238,1302,1627,-325
110000239,2125,1120,1005
110000240,0,67,-67
110000242,0,17,-17
110000243,126,138,-12
110000244,198,989,-791
110000245,31,462,-431
110000246,992,565,427
110000247,1315,5069,-3754
110000248,2220,1858,362
110000249,90,31,59
110000250,50,199,-149
110000251,359,473,-114
110000252,324,229,95
110000253,1465,673,792
110000254,741,1177,-436
110000255,225,1019,-794
110000256,495,328,167
110000257,827,486,341
110000258,5,650,-645
110000259,164,25,139
110000260,40,278,-238
110000263,560,86,474
110000264,375,475,-100
110000265,1540,2523,-983
110000266,2524,3797,-1273
110000267,32,217,-185
110000268,372,487,-115
110000269,13,104,-91
110000270,103,16,87
110000271,1555,351,1204
110000272,1456,1197,259
110000273,3975,2238,1737
110000274,210,1900,-1690
110000275,2146,653,1493
110000276,308,417,-109
110000277,336,425,-89
110000278,488,706,-218
110000279,997,854,143
110000280,562,450,112
110000281,63,422,-359
110000282,346,34,312
110000283,71,198,-127
110000284,53,55,-2
110000285,8,931,-923
110000286,36,0,36
110000287,101,3,98
110000288,6,122,-116
110000289,476,2167,-1691
110000290,818,651,167
110000291,5066,1411,3655
110000292,1499,5228,-3729
110000293,625,754,-129
110000294,1346,1119,227
110000295,215,921,-706
110000296,551,382,169
110000297,2719,383,2336
110000298,150,440,-290
110000299,247,97,150
110000301,492,25,467
110000302,297,801,-504
110000303,651,6,645
110000304,185,232,-47
110000305,1551,20,1531
110000306,249,1104,-855
110000307,1886,14,1872
110000308,833,12,821
110000309,4,817,-813
110000310,919,46,873
110000311,20,640,-620
110000312,478,104,374
110000313,2849,2940,-91
110000314,3,189,-186
110000315,3446,3639,-193
110000316,631,1601,-970
110000317,594,1677,-1083
110000318,11,73,-62
110000319,14,37,-23
110000320,34,67,-33
110000321,42,56,-14
110000322,358,399,-41
110000323,519,263,256
110000324,3074,2019,1055
110000325,2993,3446,-453
110000327,691,437,254
110000328,214,483,-269
110000333,1130,891,239
110000334,814,1444,-630
110000335,1111,638,473
110000336,812,1088,-276
110000337,1641,672,969
110000338,557,275,282
110000339,422,297,125
110000340,111,219,-108
110000341,523,438,85
110000342,644,7,637
110000343,0,19,-19
110000344,487,182,305
110000345,518,296,222
110000346,2799,2324,475
110000347,1311,852,459
110000348,17,18,-1
110000349,14,22,-8
110000350,79,7,72
110000351,1424,786,638
110000352,752,1710,-958
110000353,4124,675,3449
110000354,1128,3806,-2678
110000355,172,70,102
110000356,1464,10,1454
110000357,579,17,562
110000361,59,37,22
110000362,77,84,-7
110000363,509,130,379
110000364,386,501,-115
110000365,190,4,186
110000366,0,105,-105
110000367,573,284,289
110000368,5,69,-64
110000369,102,6,96
110000373,3,257,-254
110000374,242,10,232
110000375,140,945,-805
110000376,32,167,-135
110000377,108,721,-613
110000378,27,407,-380
110000379,3047,2352,695
110000380,73,9,64
110000383,8,1346,-1338
110000384,1923,1321,602
110000385,2,274,-272
110000387,169,14,155
110000388,66,223,-157
110000389,900,8,892
110000391,843,288,555
110000396,212,167,45
110000397,143,158,-15
110000398,4,45,-41
110000399,182,2,180
110000587,121,94,27
110000589,171,130,41
110000640,181,54,127
110000652,20,318,-298
110000653,275,462,-187
110000654,118,420,-302
110000656,0,533,-533
110000674,43,34,9
110000675,25,57,-32
110000676,1,72,-71
110000679,328,1514,-1186
110000682,128,245,-117
110000683,418,561,-143
110000684,17,72,-55
110000685,17,23,-6
110000686,3,68,-65
110000687,150,7,143
110000688,73,1068,-995
110000689,25,31,-6
110000692,55,284,-229
110000693,106,467,-361
110000694,2,205,-203
110000695,197,752,-555
110000696,84,68,16
110900001,391,29,362
110900002,409,287,122
110900003,1021,488,533
110900004,622,178,444
110900005,2196,2641,-445
110900006,46,20,26
110900007,198,47,151
110900008,13,21,-8
110900009,597,167,430
110900010,7,79,-72
110900011,21,82,-61
110900012,20,71,-51
110900013,1140,117,1023
110900014,301,24,277
110900015,479,664,-185
110900016,53,145,-92
110900017,576,28,548
110900018,539,74,465
110900019,287,27,260
110900020,157,210,-53
110900021,96,461,-365
110900022,90,302,-212
110900023,217,709,-492
110900024,29,313,-284
110900025,11,40,-29
110900027,75,252,-177
110900028,44,140,-96
110900029,35,348,-313
110900030,32,212,-180
110900031,1,152,-151
110900032,0,62,-62
110900033,59,192,-133
110900035,17,469,-452
110900036,120,24,96
110900037,115,23,92
110900038,1323,203,1120
110900039,12,230,-218
110900040,273,56,217
110900041,23,93,-70
110900042,155,66,89
110900043,8,96,-88
110900044,251,11,240
110900045,63,347,-284
110900046,31,204,-173
110900047,527,365,162
110900049,123,115,8
110900050,23,7,16
110900051,36,180,-144
110900052,4,150,-146
110900053,137,47,90
110900054,34,189,-155
110900055,57,1,56
110900056,51,115,-64
110900057,13,152,-139
110900058,313,260,53
110900059,588,536,52
110900060,577,127,450
110900061,18,39,-21
110900062,156,245,-89
110900063,44,225,-181
110900064,11,1,10
110900065,310,146,164
110900066,8,80,-72
110900067,400,661,-261
110900068,219,217,2
110900069,13,24,-11
110900070,125,55,70
110900071,197,882,-685
110900073,0,25,-25
110900074,437,91,346
110900075,462,76,386
110900077,989,633,356
110900078,38,54,-16
110900079,2057,1871,186
110900080,181,90,91
110900081,0,43,-43
110900082,215,105,110
110900083,146,76,70
110900084,74,75,-1
110900085,191,270,-79
110900086,96,368,-272
110900087,440,87,353
110900088,5,1,4
110900090,64,56,8
110900091,1,54,-53
110900093,331,131,200
110900095,82,90,-8
110900097,15,21,-6
110900098,36,70,-34
110900099,119,441,-322
110900100,2,23,-21
110900102,36,14,22
110900105,2269,244,2025
110900108,25,58,-33
110900111,585,282,303
110900112,927,11,916
110900113,451,92,359
110900115,35,66,-31
110900116,817,1333,-516
110900118,109,3466,-3357
110900119,3315,329,2986
110900120,35,48,-13
110900121,182,3,179
110900122,547,188,359
110900125,483,499,-16
110900127,703,1698,-995
110900128,276,307,-31
110900129,483,984,-501
110900130,895,597,298
110900131,346,113,233
110900132,513,85,428
110900133,116,195,-79
110900135,74,279,-205
110900136,362,17,345
110900137,82,1,81
110900138,1701,1510,191
110900139,31,463,-432
110900140,63,3,60
110900141,5,347,-342
110900142,66,176,-110
110900143,267,113,154
110900144,2,536,-534
110900145,161,74,87
110900146,426,254,172
110900147,112,669,-557
110900148,7,292,-285
110900149,2,88,-86
110900150,87,30,57
110900151,7,104,-97
110900152,36,231,-195
110900153,166,108,58
111000001,457,339,118
111000002,395,455,-60
111000003,1048,704,344
111000004,400,874,-474
111000005,1403,1225,178
111000006,941,1685,-744
111000007,5083,3028,2055
111000008,2026,3231,-1205
111000009,450,828,-378
111000010,1006,304,702
111000011,289,1351,-1062
111000012,541,521,20
111000013,388,1207,-819
111000014,1300,550,750
111000017,120,1166,-1046
111000018,234,382,-148
111000020,952,2374,-1422
111000021,105,92,13
111000023,120,136,-16
111000025,4195,4361,-166
111000029,109,90,19
111000030,43,109,-66
111000031,2384,1400,984
111000032,629,352,277
111000033,370,385,-15
111000034,162,305,-143
111000037,1380,757,623
111000038,3508,2389,1119
111000039,2209,2394,-185
111000040,2116,2060,56
111000041,1530,1656,-126
111000042,2699,2375,324
111000043,2329,3781,-1452
111000044,2523,1223,1300
111000045,2971,2958,13
111000046,2195,2186,9
111000047,3244,4731,-1487
111000049,627,580,47
111000050,1415,1213,202
111000051,626,956,-330
111000052,638,1512,-874
111000053,382,834,-452
111000054,476,732,-256
111000055,1088,1466,-378
111000056,170,470,-300
111000057,144,481,-337
111000058,463,118,345
111000059,673,318,355
111000060,4589,1201,3388
111000061,670,359,311
111000062,994,366,628
111000063,1980,1014,966
111000064,861,652,209
111000065,1393,922,471
111000066,602,516,86
111000067,603,610,-7
111000068,642,920,-278
111000069,1786,2073,-287
111000070,1090,894,196
111000071,120,411,-291
111000072,1182,412,770
111000073,347,962,-615
111000074,1946,1838,108
111000075,1233,680,553
111000076,719,797,-78
111000077,1944,1631,313
111000078,3040,1403,1637
111000079,1367,825,542
111000080,638,716,-78
111000081,1779,4803,-3024
111000082,931,610,321
111000084,909,678,231
111000085,1075,1086,-11
111000086,3312,971,2341
111000087,759,664,95
111000088,7569,2750,4819
111000089,792,824,-32
111000090,943,1376,-433
111000091,888,466,422
111000092,1554,896,658
111000093,951,1116,-165
111000094,1854,1029,825
111000095,782,2312,-1530
111000096,1754,7935,-6181
111000097,4148,1447,2701
111000098,807,1024,-217
111000099,651,1545,-894
111000100,555,1289,-734
111000101,522,1070,-548
111000102,341,781,-440
111000104,882,245,637
111000107,147,843,-696
111000109,978,269,709
111000110,1721,781,940
111000111,2649,557,2092
111000112,2205,656,1549
111000113,950,1643,-693
111000114,1805,3672,-1867
111000115,5438,1168,4270
111000116,1012,850,162
111000117,479,890,-411
111000118,1338,769,569
111000119,1425,1024,401
111000120,539,667,-128
111000121,380,755,-375
111000122,584,978,-394
111000123,1083,2361,-1278
111000124,453,2229,-1776
111000125,265,1227,-962
111000126,81,681,-600
111000127,1120,193,927
111000128,2246,311,1935
111000129,3117,517,2600
111000130,2725,659,2066
111000131,2180,560,1620
111000132,1916,945,971
111000133,257,147,110
111000134,215,144,71
111000135,64,195,-131
111000136,390,303,87
111000138,21,9,12
111000140,2,8,-6
111000141,271,447,-176
111000142,35,163,-128
111000143,12,215,-203
111000144,32,673,-641
111000145,1073,24,1049
111000146,159,10,149
111000147,352,32,320
111000148,166,93,73
111000149,7,34,-27
111000150,10,13,-3
111000151,1,34,-33
111000153,664,696,-32
111000154,802,219,583
111000155,130,182,-52
111000156,556,751,-195
111000157,305,1266,-961
111000158,1151,832,319
111000159,3524,952,2572
111000160,544,328,216
111000161,18,347,-329
111000162,95,128,-33
111000163,792,929,-137
111000164,778,4020,-3242
111000165,1034,565,469
111000166,1863,327,1536
111000167,167,422,-255
111000168,237,477,-240
111000169,335,676,-341
111000170,425,367,58
111000171,597,585,12
111000172,196,386,-190
111000173,399,690,-291
111000174,212,314,-102
111000175,71,541,-470
111000176,560,85,475
111000177,476,177,299
111000178,1431,358,1073
111000179,221,157,64
111000180,358,532,-174
111000181,1422,204,1218
111000182,295,211,84
111000183,319,351,-32
111000184,353,214,139
111000185,464,427,37
111000186,382,237,145
111000187,159,146,13
111000188,320,316,4
111000189,925,590,335
111000190,213,304,-91
111000191,190,268,-78
111000192,159,409,-250
111000193,360,262,98
111000194,68,301,-233
111000195,208,321,-113
111000196,52,183,-131
111000197,497,114,383
111000198,882,156,726
111000199,260,178,82
111000200,563,318,245
111000201,705,210,495
111000202,370,171,199
111000203,341,237,104
111000204,489,1063,-574
111000213,272,449,-177
111000214,1623,1175,448
111000215,1079,1142,-63
111000217,1696,1004,692
111000218,1522,1235,287
111000219,510,178,332
111000220,1382,815,567
111000221,547,105,442
111000224,3,177,-174
111000225,299,70,229
111000226,144,2,142
111000227,36,6,30
111000228,27,432,-405
111000229,93,895,-802
111000230,326,348,-22
111000231,1062,639,423
111000232,751,926,-175
111000233,1127,589,538
111000234,159,476,-317
111000239,87,158,-71
111000240,70,232,-162
111000241,40,279,-239
111000242,252,90,162
111000243,137,413,-276
111000244,711,84,627
111000245,1097,300,797
111000246,586,270,316
111000247,437,653,-216
111000248,796,363,433
111000249,539,551,-12
111000250,42,97,-55
111000251,78,128,-50
111000253,20,18,2
111000255,48,10,38
111000257,70,34,36
111000260,85,1088,-1003
111000261,1517,130,1387
111000271,51,292,-241
111000273,3431,1223,2208
111000274,1483,2820,-1337
111000275,155,68,87
111000276,253,1420,-1167
111000277,213,337,-124
111000278,676,237,439
111000291,736,7176,-6440
111000298,583,233,350
111000299,761,149,612
111000300,145,530,-385
111000302,352,76,276
111000303,74,163,-89
111000312,42,93,-51
111000315,0,65,-65
111000320,286,589,-303
111000321,516,133,383
111000322,371,388,-17
111000323,269,24,245
111000324,437,214,223
111000325,38,59,-21
111000326,213,297,-84
111000327,455,366,89
111000328,281,525,-244
111000329,0,25,-25
111000330,67,24,43
111000331,20,2,18
111000332,739,1372,-633
111000334,385,1080,-695
111000335,834,247,587
111000337,1474,393,1081
111000338,127,131,-4
111000339,770,278,492
111000340,96,478,-382
111000341,1437,695,742
111000342,301,1042,-741
111000344,1135,578,557
111000345,299,97,202
111000346,34,159,-125
111000347,170,25,145
111000350,168,107,61
111000351,128,335,-207
111000352,273,134,139
111000353,186,265,-79
111000354,603,185,418
111000355,303,747,-444
111000358,181,986,-805
111000360,252,519,-267
111000361,243,213,30
111000546,964,648,316
111000547,473,440,33
111000548,169,262,-93
111000549,387,281,106
111000550,68,977,-909
111000551,722,153,569
111000552,1650,213,1437
111000907,367,9,358
111000908,29,1,28
111000916,1856,325,1531
111000917,40,462,-422
111000918,296,756,-460
111000920,587,23,564
111000921,18,126,-108
111000922,576,300,276
111000924,55,645,-590
111000925,2868,1931,937
111000926,1139,1306,-167
111000927,3333,4535,-1202
111000928,4244,2683,1561
111000929,1508,1281,227
111000930,818,2010,-1192
111000931,2591,2961,-370
111000932,4099,2078,2021
111000933,4203,3048,1155
111000934,2053,3411,-1358
111000935,1990,1077,913
111000936,1097,1921,-824
111000937,1285,1451,-166
111000938,1547,1432,115
111000939,771,64,707
111000940,632,109,523
111000941,467,433,34
111000943,500,273,227
111000944,179,240,-61
111000945,126,1199,-1073
111001109,562,480,82
111001110,181,437,-256
111001111,74,12,62
111001112,111,2,109
111001113,6,183,-177
111001114,756,76,680
111001115,8,719,-711
111001116,4557,4058,499
111001117,619,2966,-2347
111001120,120,330,-210
111001121,172,174,-2
111001122,249,322,-73
111001123,197,63,134
111900001,64,157,-93
111900002,38,619,-581
111900003,6,294,-288
111900004,50,121,-71
111900006,16,34,-18
111900007,147,9,138
111900008,298,3,295
111900009,226,109,117
111900010,349,392,-43
111900012,78,73,5
111900013,11,52,-41
111900014,4097,4617,-520
111900015,0,67,-67
111900016,4,120,-116
111900017,2,88,-86
111900018,201,10,191
111900019,7,151,-144
111900020,3,69,-66
111900021,38,103,-65
111900022,20,61,-41
111900023,130,94,36
111900024,0,123,-123
111900025,0,28,-28
111900026,2,58,-56
111900027,3,110,-107
111900028,37,260,-223
111900029,15,88,-73
111900030,40,393,-353
111900031,120,97,23
111900032,0,247,-247
111900033,18,71,-53
111900034,226,442,-216
111900035,74,192,-118
111900036,2,169,-167
111900038,223,562,-339
111900039,67,315,-248
111900040,30,408,-378
111900042,33,126,-93
111900043,1,257,-256
111900044,329,199,130
111900046,49,139,-90
111900048,309,533,-224
111900049,34,216,-182
111900050,145,45,100
111900051,15,253,-238
111900052,261,358,-97
111900053,1080,2205,-1125
111900054,171,5,166
111900055,26,307,-281
111900056,178,301,-123
111900057,226,52,174
111900058,621,588,33
111900059,1464,725,739
111900060,486,1,485
111900061,6,132,-126
111900062,31,90,-59
111900063,464,277,187
111900064,71,181,-110
111900065,132,64,68
111900066,192,187,5
111900067,0,257,-257
111900068,66,39,27
111900069,131,40,91
111900070,201,97,104
111900071,2,207,-205
111900072,59,17,42
111900073,1100,174,926
111900074,15,176,-161
111900075,102,12,90
111900076,245,76,169
111900077,108,1,107
111900078,378,22,356
111900079,38,39,-1
111900080,263,373,-110
111900081,573,214,359
111900082,175,39,136
111900083,191,22,169
111900084,139,3,136
111900085,73,170,-97
111900086,45,11,34
111900087,74,2,72
111900088,537,17,520
111900089,103,4,99
111900090,57,50,7
111900091,344,5,339
111900092,127,0,127
111900093,444,11,433
111900094,119,1,118
111900095,316,44,272
111900096,256,4,252
111900097,71,0,71
111900098,314,5,309
111900099,60,0,60
111900100,185,5,180
111900101,264,35,229
111900102,624,374,250
111900103,84,141,-57
111900104,200,139,61
111900105,413,291,122
111900106,1316,80,1236
111900107,123,128,-5
111900108,166,219,-53
111900109,440,561,-121
111900110,1593,530,1063
111900111,255,109,146
111900112,557,3145,-2588
111900113,232,62,170
111900114,166,115,51
111900115,14,29,-15
111900118,364,100,264
111900119,386,222,164
111900122,148,78,70
111900123,34,30,4
111900124,36,92,-56
111900125,747,43,704
111900126,328,5,323
111900127,1,508,-507
111900128,7,451,-444
111900129,430,15,415
111900130,282,52,230
111900131,597,4,593
111900132,22,851,-829
111900133,30,267,-237
111900134,11,183,-172
111900135,27,51,-24
111900136,81,197,-116
111900137,93,57,36
111900138,14,81,-67
111900139,23,105,-82
111900140,166,30,136
111900141,105,13,92
111900142,114,33,81
111900143,22,217,-195
111900144,0,72,-72
111900145,2,328,-326
111900146,4,205,-201
111900147,147,440,-293
111900148,22,480,-458
111900149,2,266,-264
111900150,20,152,-132
111900151,6,17,-11
111900152,98,96,2
111900153,1189,783,406
111900154,18,300,-282
111900155,79,77,2
111900156,73,76,-3
111900157,170,35,135
111900158,625,70,555
111900159,402,29,373
111900160,392,3,389
111900161,169,1,168
111900162,90,173,-83
111900163,73,187,-114
111900164,146,95,51
111901113,603,132,471
111901114,319,221,98
111901115,134,3,131
111901116,74,1,73
111901117,23,35,-12
111901118,50,432,-382
111901119,609,62,547
111901120,116,138,-22
111901121,149,167,-18
111901122,5,384,-379
111901123,276,250,26
111901124,267,10,257
111901125,380,171,209
111901126,152,79,73
111901127,552,790,-238
111901128,13,92,-79
111901129,9,156,-147
111901130,8,157,-149
111901131,6,305,-299
111901132,69,26,43
111901133,56,3,53
111901134,160,4,156
111901135,19,11,8
111901136,42,71,-29
111901137,1,43,-42
111901138,225,53,172
111901139,24,45,-21
111901140,7,89,-82
111901141,15,134,-119
111901142,4,92,-88
111901143,1,106,-105
111901144,61,54,7
111901145,144,313,-169
112000001,2109,800,1309
112000002,673,1908,-1235
112000003,2012,1180,832
112000004,754,840,-86
112000005,4151,4163,-12
112000006,2029,1729,300
112000007,4469,2898,1571
112000008,2943,4181,-1238
112000009,3190,2644,546
112000010,3944,4781,-837
112000011,1779,1591,188
112000012,6378,7006,-628
112000013,4029,4284,-255
112000014,2716,4144,-1428
112000015,2733,4532,-1799
112000016,6254,3342,2912
112000017,2511,5334,-2823
112000024,2430,1000,1430
112000026,3014,3737,-723
112000027,1029,692,337
112000028,1196,1636,-440
112000029,722,975,-253
112000030,196,85,111
112000031,1713,6157,-4444
112000032,316,68,248
112000033,2115,3494,-1379
112000034,200,101,99
112000035,127,819,-692
112000036,865,1825,-960
112000037,1481,1368,113
112000038,1712,1954,-242
112000039,130,105,25
112000040,110,243,-133
112000041,522,510,12
112000042,1111,452,659
112000050,1440,1704,-264
112000051,1526,1992,-466
112000054,1834,1922,-88
112000057,872,583,289
112000058,522,825,-303
112000059,731,969,-238
112000061,3111,1984,1127
112000062,1800,1471,329
112000063,1185,2174,-989
112000064,4236,5084,-848
112000065,1831,2235,-404
112000066,4223,1728,2495
112000067,825,796,29
112000068,3806,2853,953
112000069,724,1889,-1165
112000070,2644,1164,1480
112000071,1241,2746,-1505
112000072,3266,1011,2255
112000073,2231,2747,-516
112000074,2050,1479,571
112000075,1619,1509,110
112000076,3907,2851,1056
112000077,700,516,184
112000078,2139,861,1278
112000079,1678,1443,235
112000080,1079,976,103
112000081,1532,2408,-876
112000082,1850,1019,831
112000083,690,1238,-548
112000084,1737,828,909
112000085,1461,983,478
112000086,2132,1159,973
112000087,595,421,174
112000088,1017,470,547
112000089,488,469,19
112000090,423,424,-1
112000091,681,834,-153
112000092,2432,1123,1309
112000093,1662,804,858
112000094,874,844,30
112000095,826,748,78
112000096,786,655,131
112000097,1513,910,603
112000098,1017,1048,-31
112000099,957,2041,-1084
112000100,2428,842,1586
112000101,689,754,-65
112000102,1659,497,1162
112000103,361,910,-549
112000105,483,1206,-723
112000106,2057,377,1680
112000107,25,296,-271
112000108,349,1775,-1426
112000109,93,102,-9
112000110,2099,580,1519
112000111,1424,7964,-6540
112000112,6787,1047,5740
112000113,1260,2412,-1152
112000114,3810,1303,2507
112000115,464,515,-51
112000116,790,1071,-281
112000117,1195,911,284
112000118,986,888,98
112000119,452,646,-194
112000120,103,313,-210
112000121,166,412,-246
112000122,375,142,233
112000123,1013,183,830
112000124,513,88,425
112000125,350,330,20
112000126,332,408,-76
112000127,2809,3218,-409
112000128,1214,1160,54
112000129,127,107,20
112000130,264,103,161
112000131,41,265,-224
112000132,179,277,-98
112000133,454,208,246
112000134,584,456,128
112000135,1992,979,1013
112000136,1213,1886,-673
112000137,2903,4998,-2095
112000138,2606,2648,-42
112000139,1119,703,416
112000140,796,1087,-291
112000141,1101,403,698
112000142,161,491,-330
112000143,1299,191,1108
112000144,292,910,-618
112000145,3092,593,2499
112000146,630,1477,-847
112000147,3053,1840,1213
112000148,1515,2122,-607
112000149,725,575,150
112000150,408,607,-199
112000151,445,370,75
112000152,471,394,77
112000153,198,303,-105
112000154,186,256,-70
112000155,141,184,-43
112000157,725,704,21
112000158,361,373,-12
112000159,636,407,229
112000167,610,89,521
112000169,315,461,-146
112000173,998,237,761
112000175,480,456,24
112000176,2733,2273,460
112000177,925,272,653
112000178,100,367,-267
112000179,321,104,217
112000180,287,377,-90
112000181,1501,1573,-72
112000182,1677,1323,354
112000183,56,34,22
112000184,434,405,29
112000185,649,401,248
112000187,5359,3537,1822
112000195,175,26,149
112000196,381,9,372
112000197,251,210,41
112000198,156,395,-239
112000199,643,822,-179
112000202,561,2,559
112000216,91,240,-149
112000230,119,4,115
112000231,7,218,-211
112000256,92,343,-251
112000313,117,130,-13
112000314,99,60,39
112000337,597,713,-116
112000352,397,473,-76
112000392,1818,1530,288
112000398,1716,1000,716
112000399,1680,2690,-1010
112000400,1872,2445,-573
112000401,2508,2285,223
112000402,4055,4564,-509
112000403,1971,3886,-1915
112000404,1115,1217,-102
112000405,2450,3319,-869
112000406,3102,1978,1124
112000407,9398,9546,-148
112000408,7948,5524,2424
112000409,1618,3663,-2045
112000410,590,447,143
112000411,3578,2297,1281
112000412,1644,688,956
112000413,7543,7306,237
112000414,131,63,68
112000415,134,64,70
112000416,3211,1435,1776
112000417,340,118,222
112000421,67,95,-28
112000422,414,346,68
112000424,2072,3324,-1252
112000425,547,619,-72
112000426,206,331,-125
112000427,0,16,-16
112000428,290,338,-48
112000429,2363,2489,-126
112000430,2700,3345,-645
112000431,105,210,-105
112000432,668,952,-284
112000433,404,1016,-612
112000437,68,187,-119
112900001,115,5,110
112900002,644,806,-162
112900003,118,336,-218
112900004,55,205,-150
112900005,226,179,47
112900006,24,291,-267
112900007,100,230,-130
112900008,0,99,-99
112900009,448,138,310
112900010,464,764,-300
112900011,124,242,-118
112900012,2,45,-43
112900013,7,453,-446
112900014,3,260,-257
112900015,443,708,-265
112900016,10,210,-200
112900017,77,231,-154
112900018,0,218,-218
112900019,43,161,-118
112900020,444,1129,-685
112900021,3,187,-184
112900022,20,92,-72
112900023,0,114,-114
112900024,17,226,-209
112900025,207,370,-163
112900026,6,211,-205
112900027,8,856,-848
112900028,30,156,-126
112900029,20,439,-419
112900030,99,121,-22
112900031,14,364,-350
112900032,239,286,-47
112900034,2,52,-50
112900035,4,336,-332
112900036,75,141,-66
112900037,166,265,-99
112900038,847,196,651
112900039,14,253,-239
112900040,14,934,-920
112900041,818,1338,-520
112900042,128,267,-139
112900043,59,67,-8
112900044,572,580,-8
112900045,330,306,24
112900046,198,54,144
112900047,16,42,-26
112900049,296,75,221
112900050,53,702,-649
112900051,335,502,-167
112900052,20,637,-617
112900053,320,180,140
112900054,254,70,184
112900055,197,53,144
112900056,463,290,173
112900057,31,487,-456
112900058,378,440,-62
112900059,123,174,-51
112900060,43,156,-113
112900061,126,140,-14
112900062,66,112,-46
112900063,67,24,43
112900064,179,222,-43
112900065,56,29,27
112900066,407,246,161
112900067,339,193,146
112900068,101,63,38
112900069,1943,1010,933
112900071,44,21,23
112900072,207,2530,-2323
112900073,597,161,436
112900074,98,333,-235
112900075,1428,1220,208
112900076,97,53,44
112900078,409,501,-92
112900079,444,32,412
112900080,115,9,106
112900081,65,261,-196
112900082,624,21,603
112900083,161,147,14
112900084,262,143,119
112900085,0,8,-8
112900086,127,3,124
112900087,966,167,799
112900088,210,67,143
112900089,1269,32,1237
112900090,90,46,44
112900091,329,11,318
112900092,177,386,-209
112900093,1951,35,1916
112900094,82,1,81
112900095,82,0,82
112900096,623,232,391
112900097,114,356,-242
112900098,324,15,309
112900099,1081,31,1050
112900100,75,2,73
112900101,438,5,433
112900102,328,21,307
112900103,275,5,270
112900104,23,1,22
112900105,38,0,38
112900106,536,164,372
112900107,9,0,9
112900108,23,1,22
112900109,160,1,159
112900110,1517,30,1487
112900111,864,6,858
112900112,371,1,370
112900113,1,11,-10
112900114,202,44,158
112900115,1537,3,1534
112900116,187,25,162
112900117,84,101,-17
112900118,25,100,-75
112900119,215,5,210
112900120,796,358,438
112900121,94,219,-125
112900122,16,105,-89
112900123,134,29,105
112900124,22,90,-68
112900125,102,631,-529
112900126,184,195,-11
112900127,370,82,288
112900128,239,709,-470
112900129,2,800,-798
112900130,303,105,198
112900131,63,457,-394
112900132,185,511,-326
112900133,41,1686,-1645
112900134,1,380,-379
112900135,119,62,57
112900136,1,20,-19
112900137,4,430,-426
112900138,13,212,-199
112900139,220,1184,-964
112900140,1,52,-51
112900141,1142,60,1082
112900142,77,238,-161
112900143,32,455,-423
112900144,0,153,-153
112900145,25,423,-398
112900146,7,938,-931
112900147,5,1255,-1250
112900148,42,2,40
112900149,294,525,-231
112900151,30,68,-38
112900152,4260,924,3336
112900153,1664,2794,-1130
112900154,1,110,-109
112900155,224,87,137
112900156,381,951,-570
112900157,558,30,528
112900158,112,38,74
112900159,261,155,106
112900160,67,237,-170
112900161,117,47,70
112900162,54,38,16
112900163,103,56,47
112900164,37,184,-147
112900165,192,35,157
112900166,38,96,-58
112900167,10,104,-94
112900168,11,9,2
112900169,15,30,-15
112900170,211,125,86
112900172,56,27,29
112900173,233,104,129
112900174,293,51,242
112900175,151,167,-16
112900176,6,67,-61
112900177,266,68,198
112900178,907,3305,-2398
112900179,43,497,-454
112900180,2541,1881,660
112900181,787,9,778
112900182,59,809,-750
112900183,222,384,-162
112900184,586,620,-34
112900185,370,960,-590
112900186,1618,1532,86
112900187,94,751,-657
112900188,727,1583,-856
112900189,9,45,-36
112900190,7,97,-90
112900192,892,948,-56
112900193,1750,453,1297
112900194,82,72,10
112900195,1422,72,1350
112900196,326,414,-88
112900197,204,445,-241
112900199,742,503,239
112900200,746,216,530
112900201,183,100,83
112900202,404,743,-339
112900203,344,229,115
112900204,891,629,262
112900205,31,17,14
112900206,54,76,-22
112900207,43,0,43
112900208,121,362,-241
112900209,482,318,164
112900210,1,20,-19
112900211,96,66,30
112900212,2,100,-98
112900213,57,35,22
112900214,20,10,10
112900215,17,147,-130
112900216,33,46,-13
112900217,10,66,-56
112900218,199,30,169
112900219,49,0,49
112900220,12,0,12
112900221,240,170,70
112900222,2,70,-68
112900223,1433,45,1388
112900224,474,452,22
112900225,486,309,177
112900226,320,481,-161
112900227,891,819,72
112900228,79,39,40
112900229,353,70,283
112900230,8414,5082,3332
112900232,470,418,52
112900233,77,189,-112
112900234,24,81,-57
112900235,145,35,110
112900236,401,14,387
112900237,215,137,78
112900238,20,30,-10
112900239,255,381,-126
113000001,7512,5265,2247
113000002,4585,3957,628
113000003,2354,1784,570
113000004,1842,2587,-745
113000005,2359,1186,1173
113000006,1377,1483,-106
113000007,2739,1330,1409
113000008,1942,1789,153
113000009,1533,793,740
113000010,1358,1489,-131
113000011,963,1778,-815
113000012,2452,918,1534
113000013,1843,834,1009
113000014,2041,2136,-95
113000015,638,514,124
113000016,488,1440,-952
113000017,129,461,-332
113000018,483,83,400
113000019,248,318,-70
113000020,411,78,333
113000021,1171,519,652
113000022,767,1290,-523
113000025,223,660,-437
113000026,524,740,-216
113000027,627,924,-297
113000028,1037,890,147
113000029,1229,741,488
113000030,375,779,-404
113000031,267,360,-93
113000032,393,342,51
113000033,363,575,-212
113000034,393,424,-31
113000035,55,46,9
113000036,48,103,-55
113000037,108,48,60
113000038,38,103,-65
113000039,108,336,-228
113000040,85,90,-5
113000042,991,691,300
113000051,1000,2418,-1418
113000052,2384,887,1497
113000053,611,438,173
113000054,440,783,-343
113000055,1440,644,796
113000056,1215,929,286
113000058,874,920,-46
113000059,1525,619,906
113000060,313,518,-205
113000061,558,870,-312
113000062,777,343,434
113000063,222,100,122
113000064,81,266,-185
113000065,183,727,-544
113000066,1061,100,961
113000067,2625,1173,1452
113000068,342,1069,-727
113000069,553,985,-432
113000070,3177,1009,2168
113000071,571,704,-133
113000072,1001,491,510
113000073,443,1461,-1018
113000074,1193,407,786
113000075,2096,770,1326
113000076,698,2258,-1560
113000077,1509,1006,503
113000078,862,2713,-1851
113000079,1192,1231,-39
113000080,878,1270,-392
113000081,1312,1411,-99
113000082,1665,1564,101
113000083,730,1123,-393
113000084,2013,1591,422
113000085,1128,863,265
113000086,1188,1256,-68
113000087,1017,1024,-7
113000088,2719,1525,1194
113000089,1271,1765,-494
113000090,391,668,-277
113000091,628,477,151
113000094,1509,253,1256
113000095,299,917,-618
113000096,180,839,-659
113000097,1143,428,715
113000098,218,91,127
113000099,1572,487,1085
113000100,156,508,-352
113000101,410,648,-238
113000102,778,456,322
113000103,2073,523,1550
113000104,822,2396,-1574
113000105,1178,706,472
113000106,410,682,-272
113000107,1124,726,398
113000108,803,1092,-289
113000109,754,1955,-1201
113000110,2148,616,1532
113000111,125,656,-531
113000112,346,336,10
113000113,1838,398,1440
113000114,370,1842,-1472
113000116,957,414,543
113000117,2172,190,1982
113000118,146,887,-741
113000119,529,725,-196
113000120,83,347,-264
113000121,1033,2397,-1364
113000124,318,155,163
113000125,110,915,-805
113000127,2194,312,1882
113000128,796,691,105
113000129,640,934,-294
113000133,2452,2115,337
113000134,14,1093,-1079
113000135,4992,5145,-153
113000137,2294,4178,-1884
113000139,509,381,128
113000140,136,311,-175
113000141,477,336,141
113000142,824,1999,-1175
113000143,390,260,130
113000144,342,727,-385
113000145,118,175,-57
113000146,194,93,101
113000147,240,162,78
113000148,290,179,111
113000149,166,176,-10
113000150,884,371,513
113000151,120,87,33
113000152,61,165,-104
113000153,1669,688,981
113000154,1015,1829,-814
113000155,467,776,-309
113000156,243,389,-146
113000157,326,913,-587
113000158,885,240,645
113000159,1229,660,569
113000160,719,1082,-363
113000161,315,450,-135
113000162,1178,423,755
113000163,199,56,143
113000164,37,119,-82
113000166,219,101,118
113000167,55,68,-13
113000168,124,112,12
113000169,251,59,192
113000170,128,74,54
113000171,67,129,-62
113000172,361,80,281
113000173,91,24,67
113000174,128,405,-277
113000175,597,115,482
113000176,579,126,453
113000177,239,441,-202
113000178,227,277,-50
113000179,338,206,132
113000180,773,1247,-474
113000181,1093,841,252
113000182,243,406,-163
113000183,166,730,-564
113000184,37,147,-110
113000189,443,1214,-771
113000190,874,621,253
113000192,1022,3378,-2356
113000193,3778,2248,1530
113000194,1228,1520,-292
113000195,2107,1690,417
113000196,203,101,102
113000197,1463,1593,-130
113000198,76,336,-260
113000199,2495,735,1760
113000201,261,382,-121
113000202,4771,1461,3310
113000203,159,175,-16
113000204,1049,3175,-2126
113000205,11,33,-22
113000206,19,68,-49
113000207,74,28,46
113000208,67,78,-11
113000209,27,42,-15
113000210,12,28,-16
113000211,140,237,-97
113000212,72,21,51
113000213,56,209,-153
113000214,155,273,-118
113000234,241,813,-572
113000410,344,332,12
113000411,3224,5649,-2425
113000412,6720,2961,3759
113000413,2592,3527,-935
113000414,6442,17397,-10955
113000415,2671,3440,-769
113000416,8853,4778,4075
113000417,2819,3262,-443
113000418,6039,4516,1523
113000419,2370,2855,-485
113000420,5308,7531,-2223
113000421,5343,8330,-2987
113000422,14524,13372,1152
113000423,2565,6683,-4118
113000424,3554,10979,-7425
113000425,16,93,-77
113000428,154,217,-63
113000430,21,1084,-1063
113000432,2209,207,2002
113000433,105,662,-557
113000434,14,151,-137
113000435,37,435,-398
113000436,19,1071,-1052
113000437,1165,30,1135
113000438,274,17,257
113000439,17,92,-75
113000440,152,23,129
113000441,228,145,83
113000442,110,159,-49
113000443,253,211,42
113000444,176,117,59
113000445,112,100,12
113000446,24,73,-49
113000448,238,230,8
113000449,195,533,-338
113000450,654,1839,-1185
113000451,1292,219,1073
113000452,340,292,48
113000453,50,418,-368
113000454,433,35,398
113000455,6,426,-420
113000456,4458,3183,1275
113000468,1562,189,1373
113000469,140,256,-116
113000470,398,17,381
113000471,9,315,-306
113000472,132,319,-187
113000474,751,653,98
113000475,1663,2098,-435
113000476,1748,2162,-414
113000477,4108,2166,1942
113000478,4216,5018,-802
113000479,69,180,-111
113000480,129,336,-207
113000482,0,0,0
113000485,0,0,0
113000486,2,0,2
113000487,0,2,-2
113000488,3,3,0
113000489,0,9,-9
113000490,0,38,-38
113000491,24,10,14
113000492,10,2,8
113000493,0,0,0
113000495,141,148,-7
113000496,92,59,33
113000497,0,0,0
113000499,0,0,0
113000500,0,6,-6
113900001,3,285,-282
113900002,0,69,-69
113900003,1,62,-61
113900004,3,50,-47
113900005,1,106,-105
113900006,17,23,-6
113900007,50,23,27
113900008,17,0,17
113900009,69,0,69
113900010,68,0,68
113900011,54,0,54
113900012,31,0,31
113900013,232,5,227
113900014,677,6,671
113900015,0,77,-77
113900016,41,0,41
113900017,0,31,-31
113900018,377,215,162
113900019,144,61,83
113900020,159,2,157
113900022,46,1,45
113900023,22,0,22
113900024,44,37,7
113900025,436,43,393
113900026,100,9,91
113900027,7,46,-39
113900028,30,418,-388
113900029,56,178,-122
113900030,231,2,229
113900031,8,1,7
113900032,40,2,38
113900033,65,75,-10
113900035,85,1,84
113900036,41,82,-41
113900037,243,438,-195
113900038,29,132,-103
113900039,208,28,180
113900040,8,22,-14
113900041,7,2,5
113900042,91,53,38
113900043,139,136,3
113900044,358,302,56
113900045,93,3,90
113900046,443,617,-174
113900047,57,90,-33
113900048,183,137,46
113900049,520,332,188
113900050,287,334,-47
113900051,215,352,-137
113900052,172,157,15
113900053,805,509,296
113900054,53,1,52
113900055,130,383,-253
113900056,60,208,-148
113900057,21,88,-67
113900058,87,135,-48
113900059,263,287,-24
113900060,138,277,-139
113900061,1070,229,841
113900062,119,23,96
113900063,132,119,13
113900064,39,121,-82
113900065,428,31,397
113900066,438,241,197
113900067,193,457,-264
113900068,602,568,34
113900069,61,31,30
113900070,201,462,-261
113900071,103,58,45
113900072,99,147,-48
113900073,301,353,-52
113900074,349,1148,-799
113900075,1307,1324,-17
113900076,259,23,236
113900077,69,171,-102
113900078,44,59,-15
113900079,2,37,-35
113900080,542,236,306
113900081,78,216,-138
113900082,119,230,-111
113900083,452,287,165
113900084,279,140,139
113900085,34,280,-246
113900086,47,19,28
113900087,117,188,-71
113900088,111,106,5
113900089,488,44,444
113900090,791,414,377
113900091,16,11,5
113900092,31,90,-59
113900093,76,933,-857
113900094,579,467,112
113900095,167,133,34
113900096,372,98,274
113900097,27,108,-81
113900098,792,99,693
113900099,0,40,-40
113900100,0,3,-3
113900101,10,92,-82
113900102,191,166,25
113900103,379,390,-11
113900104,153,211,-58
113900105,158,153,5
113900106,1,50,-49
113900107,5,33,-28
113900108,259,327,-68
113900109,470,208,262
113900110,77,18,59
113900111,162,103,59
113900112,139,69,70
113900113,1291,452,839
113900114,0,60,-60
113900115,2,87,-85
113900116,159,187,-28
113900117,124,24,100
113900118,261,471,-210
113900119,178,610,-432
113900120,52,44,8
113900121,103,84,19
113900122,695,2202,-1507
113900123,562,195,367
113900124,0,98,-98
113900125,1032,130,902
113900126,150,53,97
113900127,324,836,-512
113900128,165,65,100
113900129,14,160,-146
113900130,34,218,-184
113900131,321,72,249
113900132,43,75,-32
113900133,9,70,-61
113900135,357,387,-30
113900136,115,82,33
113900137,370,258,112
113900138,73,278,-205
113900139,332,164,168
113900140,233,603,-370
113900141,679,295,384
113900142,204,94,110
113900143,16,52,-36
113900144,234,470,-236
113900145,478,201,277
113900146,207,67,140
113900148,157,357,-200
113900149,232,111,121
113900150,577,498,79
113900151,498,239,259
113900152,62,74,-12
113900153,285,790,-505
113900154,5,166,-161
113900155,192,211,-19
113900156,251,423,-172
113900157,80,348,-268
113900158,506,914,-408
113900159,19,299,-280
113900160,554,546,8
113900161,74,318,-244
113900162,630,1568,-938
113900163,313,270,43
113900164,310,55,255
113900165,834,530,304
113900166,186,231,-45
113900167,289,62,227
113900168,118,76,42
113900169,279,380,-101
113900171,203,70,133
113900172,12,160,-148
113900173,42,424,-382
113900174,569,666,-97
113900175,377,177,200
113900176,385,507,-122
113900177,384,196,188
113900178,310,152,158
113900179,14,365,-351
113900180,134,92,42
113900181,1019,150,869
113900182,726,922,-196
113900183,61,75,-14
113900184,20,584,-564
113900185,191,106,85
113900186,56,32,24
113900187,53,120,-67
113900188,87,221,-134
113900189,316,136,180
113900190,308,133,175
113900191,127,307,-180
113900192,5,692,-687
113900193,26,174,-148
113900194,1613,928,685
113900195,309,368,-59
113900196,28,292,-264
113900197,111,157,-46
113900198,31,239,-208
113900199,157,647,-490
113900200,22,290,-268
113900201,1,126,-125
113900202,59,272,-213
113900203,0,75,-75
113900204,57,479,-422
113900205,15,201,-186
113900206,11,108,-97
113900207,0,87,-87
113900208,2,86,-84
113900209,0,90,-90
113900210,695,920,-225
113900211,213,76,137
113900212,255,415,-160
113900214,393,517,-124
113900215,372,131,241
113900216,151,656,-505
113900217,81,141,-60
113900218,204,92,112
113900219,166,565,-399
113900220,202,146,56
113900221,513,304,209
113900222,239,581,-342
113900223,263,713,-450
113900224,66,62,4
113900225,1053,315,738
113900226,519,198,321
113900227,474,264,210
113900228,344,613,-269
113900229,96,1116,-1020
113900230,4438,4379,59
113900231,170,177,-7
113900232,124,130,-6
113900233,145,104,41
113900234,421,526,-105
113900235,152,42,110
113900236,198,239,-41
113900237,294,29,265
113900238,263,616,-353
113900239,72,103,-31
113900240,8,198,-190
113900241,89,68,21
113900242,69,159,-90
113900243,128,393,-265
113900244,339,208,131
113900245,1081,279,802
113900246,15,28,-13
113900247,140,508,-368
113900248,2598,2072,526
113900249,836,403,433
113900250,71,192,-121
113900251,814,116,698
113900252,730,28,702
113900253,763,59,704
113900254,1040,167,873
113900255,572,14,558
113900256,426,38,388
113900257,32,374,-342
113900258,19,388,-369
113900259,590,116,474
113900260,223,20,203
113900261,58,92,-34
113900262,117,459,-342
113900263,247,559,-312
113900264,5,347,-342
113900265,231,288,-57
113900266,54,181,-127
113900267,121,554,-433
113900268,362,443,-81
113900269,76,167,-91
113900270,339,715,-376
113900271,652,885,-233
113900273,72,5,67
113900274,69,23,46
113900275,33,47,-14
113900276,7,131,-124
113900277,173,5,168
113900278,351,200,151
113900279,61,58,3
113900280,1530,612,918
113900281,663,1575,-912
113900282,856,698,158
113900283,454,598,-144
113900284,927,380,547
113900285,175,64,111
113900286,103,97,6
113900287,61,80,-19
113900288,12,256,-244
113900289,848,108,740
113900290,236,270,-34
113900291,133,161,-28
113900292,5,19,-14
113900293,2,301,-299
113900294,423,20,403
113900295,571,478,93
113900296,2424,409,2015
113900297,1919,51,1868
113900298,28,1664,-1636
113900299,100,95,5
113900300,4490,4182,308
113900301,774,501,273
113900302,2069,1122,947
113900303,544,558,-14
113900304,0,134,-134
113900305,97,0,97
113900306,60,0,60
113900307,48,0,48
113900308,97,143,-46
113900309,4,926,-922
113900310,0,10,-10
113900311,15,0,15
113900312,182,217,-35
113900313,14,12,2
114000001,1086,2412,-1326
114000002,394,355,39
114000003,80,347,-267
114000004,397,474,-77
114000005,312,331,-19
114000006,2525,2275,250
114000007,840,1339,-499
114000008,1614,2161,-547
114000009,866,320,546
114000011,3147,2341,806
114000012,3134,1758,1376
114000013,2135,1561,574
114000014,506,253,253
114000015,2137,362,1775
114000016,265,236,29
114000017,134,458,-324
114000018,275,39,236
114000026,2167,1328,839
114000027,3900,2095,1805
114000028,3008,2799,209
114000038,325,189,136
114000039,166,49,117
114000040,179,302,-123
114000042,274,236,38
114000043,52,108,-56
114000044,317,54,263
114000045,43,96,-53
114000046,2927,5326,-2399
114000047,9,119,-110
114000048,99,49,50
114000049,1847,1886,-39
114000050,2011,2360,-349
114000051,3353,2227,1126
114000052,4098,2340,1758
114000053,111,867,-756
114000054,193,998,-805
114000055,313,49,264
114000056,1010,1152,-142
114000057,4959,2359,2600
114000058,519,1719,-1200
114000059,307,380,-73
114000060,635,849,-214
114000061,3170,3596,-426
114000062,2113,2300,-187
114000063,2220,1651,569
114000064,5137,4167,970
114000065,1421,2423,-1002
114000066,533,727,-194
114000067,29,989,-960
114000068,650,783,-133
114000069,1351,687,664
114000070,2366,2089,277
114000071,938,585,353
114000072,597,249,348
114000073,20,76,-56
114000074,99,10,89
114000075,68,89,-21
114000076,47,117,-70
114000077,3,40,-37
114000078,403,706,-303
114000079,191,40,151
114000080,84,100,-16
114000081,86,134,-48
114000082,53,419,-366
114000083,99,197,-98
114000084,448,100,348
114000085,90,611,-521
114000086,222,347,-125
114000087,132,170,-38
114000088,71,45,26
114000089,850,375,475
114000090,1102,1075,27
114000091,1626,929,697
114000092,1053,494,559
114000093,1646,743,903
114000094,406,457,-51
114000095,332,234,98
114000096,167,472,-305
114000097,140,514,-374
114000098,719,122,597
114000099,819,443,376
114000100,1902,624,1278
114000101,509,653,-144
114000102,769,342,427
114000103,205,304,-99
114000104,72,227,-155
114000105,207,122,85
114000106,936,1373,-437
114000107,544,153,391
114000108,1212,993,219
114000109,625,1149,-524
114000110,647,1324,-677
114000111,2415,870,1545
114000112,557,1633,-1076
114000113,1258,626,632
114000114,1322,1330,-8
114000115,2276,1088,1188
114000116,1237,937,300
114000117,4107,567,3540
114000118,3167,537,2630
114000119,2152,506,1646
114000120,686,688,-2
114000121,626,824,-198
114000122,446,420,26
114000123,2443,437,2006
114000124,1251,318,933
114000125,845,1220,-375
114000126,2069,293,1776
114000127,283,175,108
114000128,917,368,549
114000130,512,521,-9
114000131,360,113,247
114000132,777,534,243
114000133,962,1512,-550
114000134,78,147,-69
114000138,49,180,-131
114000139,533,387,146
114000144,1180,619,561
114000145,101,215,-114
114000146,120,234,-114
114000147,1862,2156,-294
114000148,1915,1887,28
114000149,453,363,90
114000150,541,712,-171
114000151,837,1634,-797
114000152,143,58,85
114000153,711,2783,-2072
114000154,865,770,95
114000155,1637,2532,-895
114000156,781,824,-43
114000157,324,1262,-938
114000158,1478,825,653
114000159,170,472,-302
114000160,126,548,-422
114000161,1518,3712,-2194
114000162,1436,3227,-1791
114000163,17,92,-75
114000165,670,400,270
114000166,922,667,255
114000167,3064,1712,1352
114000168,665,619,46
114000169,1569,1697,-128
114000170,1156,1219,-63
114000171,1762,2657,-895
114000174,199,480,-281
114000176,419,508,-89
114000177,1663,732,931
114000178,76,57,19
114000179,1222,693,529
114000180,396,625,-229
114000181,1828,4322,-2494
114000182,2923,2547,376
114000183,972,714,258
114000184,642,1011,-369
114000185,1392,922,470
114000189,1421,191,1230
114000190,3607,462,3145
114000191,74,99,-25
114000192,226,1169,-943
114000193,527,1961,-1434
114000194,1699,803,896
114000195,217,39,178
114000196,2,159,-157
114000197,1529,14,1515
114000198,870,366,504
114000199,2068,1790,278
114000200,623,1634,-1011
114000201,144,714,-570
114000202,1258,516,742
114000203,423,554,-131
114000204,179,446,-267
114000205,275,1378,-1103
114000206,907,1346,-439
114000207,795,1551,-756
114000208,512,2229,-1717
114000209,647,1955,-1308
114000210,270,1071,-801
114000211,1100,1218,-118
114000212,1088,1002,86
114000213,1552,622,930
114000214,87,229,-142
114000215,276,70,206
114000216,1667,444,1223
114000217,421,210,211
114000218,169,222,-53
114000219,1319,229,1090
114000220,29,834,-805
114000221,1002,151,851
114000222,195,998,-803
114000223,591,145,446
114000224,114,537,-423
114000225,291,532,-241
114000226,232,242,-10
114000227,777,541,236
114000228,1005,741,264
114000229,1354,1415,-61
114000230,2365,1216,1149
114000231,1402,1464,-62
114000232,986,141,845
114000233,2733,153,2580
114000234,1250,943,307
114000235,1263,1395,-132
114000236,1,422,-421
114000237,123,825,-702
114000238,116,178,-62
114000239,205,1026,-821
114000240,905,828,77
114000241,309,822,-513
114000242,888,735,153
114000243,1678,900,778
114000244,525,371,154
114000245,398,690,-292
114000246,115,45,70
114000247,586,696,-110
114000248,1271,547,724
114000249,463,391,72
114000250,615,619,-4
114000251,507,221,286
114000252,87,76,11
114000253,92,151,-59
114000254,104,71,33
114000255,789,315,474
114000256,1320,2700,-1380
114000257,398,1263,-865
114000258,310,392,-82
114000259,92,217,-125
114000260,0,17,-17
114000261,49,46,3
114000262,318,129,189
114000263,5,3,2
114000264,1478,596,882
114000265,0,0,0
114000267,4,1736,-1732
114000268,3,1152,-1149
114000270,145,3,142
114000271,432,66,366
114000283,1454,474,980
114000285,36,147,-111
114000288,110,308,-198
114000289,1668,112,1556
114000293,279,555,-276
114000294,249,312,-63
114000395,1373,33,1340
114000396,768,638,130
114000402,690,277,413
114000403,325,317,8
114000405,207,390,-183
114000423,391,323,68
114000424,563,284,279
114000425,1060,315,745
114000426,373,869,-496
114000427,91,101,-10
114000428,162,225,-63
114000429,10,201,-191
114000432,142,87,55
114000434,58,82,-24
114000435,10,126,-116
114000436,2374,826,1548
114000437,458,3760,-3302
114900001,820,726,94
114900002,746,113,633
114900003,843,1117,-274
114900004,255,522,-267
114900005,814,647,167
114900006,117,109,8
114900007,433,25,408
114900008,252,80,172
114900010,1642,1844,-202
114900011,246,160,86
114900013,272,137,135
114900015,111,471,-360
114900018,1079,37,1042
114900020,218,75,143
114900022,3,731,-728
114900024,349,162,187
114900025,618,237,381
114900026,72,140,-68
114900027,279,284,-5
114900029,25,17,8
114900030,347,293,54
114900031,488,25,463
114900032,498,27,471
114900033,967,1199,-232
114900034,53,178,-125
114900035,174,340,-166
114900036,271,565,-294
114900037,143,143,0
114900038,205,574,-369
114900039,566,501,65
114900040,69,138,-69
114900041,865,418,447
114900042,1018,505,513
114900043,600,250,350
114900044,170,36,134
114900046,41,114,-73
114900047,233,2151,-1918
114900048,121,286,-165
114900049,12,158,-146
114900050,67,325,-258
114900051,44,428,-384
114900052,123,248,-125
114900053,113,290,-177
114900054,57,134,-77
114900057,214,12,202
114900058,0,71,-71
114900059,133,50,83
114900060,907,906,1
114900061,105,114,-9
114900062,346,435,-89
114900063,80,156,-76
114900064,1713,442,1271
114900065,474,747,-273
114900067,120,407,-287
114900068,76,154,-78
114900069,222,126,96
114900070,621,396,225
114900072,8,365,-357
114900073,0,179,-179
114900074,762,494,268
114900075,370,15,355
114900076,8,404,-396
114900080,1656,336,1320
114900082,3505,2364,1141
114900083,1265,1132,133
114900090,527,254,273
114900091,142,187,-45
114900095,362,127,235
114900096,518,766,-248
114900097,163,15,148
114900098,2,213,-211
114900099,260,16,244
115000001,5333,3462,1871
115000002,4600,4859,-259
115000003,4903,2796,2107
115000004,5216,6463,-1247
115000005,1681,2052,-371
115000006,1156,1765,-609
115000007,142,218,-76
115000008,434,497,-63
115000009,306,220,86
115000010,312,214,98
115000013,91,184,-93
115000015,50,305,-255
115000016,296,402,-106
115000019,60,497,-437
115000020,166,855,-689
115000021,249,418,-169
115000022,535,408,127
115000023,612,824,-212
115000024,1147,416,731
115000025,1117,840,277
115000026,208,365,-157
115000027,319,334,-15
115000028,310,843,-533
115000029,712,145,567
115000030,1095,1212,-117
115000031,1599,459,1140
115000032,8,262,-254
115000033,150,36,114
115000034,88,1216,-1128
115000035,1352,67,1285
115000036,0,626,-626
115000037,763,11,752
115000038,79,192,-113
115000039,3628,4147,-519
115000040,5256,3067,2189
115000041,1386,3909,-2523
115000042,962,641,321
115000043,4169,2518,1651
115000044,3791,3460,331
115000045,3066,1579,1487
115000046,3028,2582,446
115000047,2730,1552,1178
115000048,1785,1970,-185
115000049,1720,3015,-1295
115000050,3545,1706,1839
115000051,1796,3166,-1370
115000052,1931,1704,227
115000053,2084,1878,206
115000054,700,1142,-442
115000055,192,707,-515
115000056,170,452,-282
115000057,577,1106,-529
115000058,376,315,61
115000059,184,123,61
115000061,121,222,-101
115000062,188,260,-72
115000063,474,269,205
115000064,188,150,38
115000065,45,524,-479
115000067,182,17,165
115000069,145,354,-209
115000070,35,980,-945
115000071,147,13,134
115000072,7,77,-70
115000073,1517,75,1442
115000075,112,61,51
115000076,3167,2826,341
115000077,2246,2086,160
115000078,1644,1256,388
115000079,1616,1516,100
115000080,2820,1999,821
115000081,487,880,-393
115000082,4841,3919,922
115000083,2350,1715,635
115000084,3033,1178,1855
115000085,816,834,-18
115000086,1544,908,636
115000087,534,1340,-806
115000088,2387,936,1451
115000089,1443,1280,163
115000090,606,908,-302
115000091,259,809,-550
115000092,787,411,376
115000093,605,5,600
115000094,6324,6001,323
115000095,4606,6629,-2023
115000096,934,1179,-245
115000097,1419,953,466
115000098,1515,724,791
115000099,2962,2201,761
115000100,1253,408,845
115000101,484,1401,-917
115000102,579,229,350
115000103,329,559,-230
115000105,62,144,-82
115000106,760,316,444
115000107,275,429,-154
115000108,3089,2120,969
115000109,4086,5378,-1292
115000110,1685,1855,-170
115000111,773,1580,-807
115000112,1009,852,157
115000113,1008,1024,-16
115000114,1903,799,1104
115000116,4318,2748,1570
115000117,3764,3425,339
115000118,2659,1946,713
115000119,1786,2432,-646
115000120,693,1681,-988
115000121,1308,1094,214
115000122,3698,2279,1419
115000123,1689,3260,-1571
115000124,848,990,-142
115000125,593,741,-148
115000126,218,355,-137
115000127,377,155,222
115000128,467,857,-390
115000129,320,419,-99
115000130,535,732,-197
115000131,979,287,692
115000132,345,327,18
115000133,630,249,381
115000134,416,293,123
115000135,427,239,188
115000136,299,291,8
115000137,143,204,-61
115000138,436,271,165
115000139,241,204,37
115000140,543,272,271
115000141,178,229,-51
115000142,177,243,-66
115000143,957,561,396
115000144,503,69,434
115000145,344,302,42
115000146,578,374,204
115000147,451,373,78
115000148,350,954,-604
115000149,698,274,424
115000150,710,762,-52
115000151,1374,532,842
115000152,796,1058,-262
115000153,1411,640,771
115000154,1093,302,791
115000155,652,853,-201
115000156,1229,766,463
115000157,785,893,-108
115000158,640,464,176
115000159,805,717,88
115000160,784,759,25
115000161,630,456,174
115000162,759,967,-208
115000163,592,680,-88
115000164,743,637,106
115000165,382,621,-239
115000167,170,68,102
115000168,583,346,237
115000169,598,372,226
115000170,131,173,-42
115000171,313,275,38
115000172,1279,823,456
115000173,336,714,-378
115000174,250,424,-174
115000175,247,404,-157
115000176,202,269,-67
115000177,201,310,-109
115000178,23,237,-214
115000179,40,58,-18
115000180,137,432,-295
115000181,875,135,740
115000182,1005,338,667
115000183,462,650,-188
115000186,812,339,473
115000187,216,747,-531
115000188,438,470,-32
115000189,270,461,-191
115000190,825,504,321
115000191,219,591,-372
115000194,144,185,-41
115000195,333,325,8
115000196,186,83,103
115000197,189,248,-59
115000198,450,187,263
115000199,381,166,215
115000200,368,112,256
115000201,132,305,-173
115000206,458,74,384
115000207,187,296,-109
115000208,447,668,-221
115000209,795,350,445
115000210,234,140,94
115000211,308,296,12
115000212,1411,351,1060
115000224,422,66,356
115000225,75,75,0
115000229,176,182,-6
115000230,117,394,-277
115000231,312,1229,-917
115000232,2104,284,1820
115000233,157,187,-30
115000234,29,379,-350
115000241,102,199,-97
115000242,175,267,-92
115000243,54,207,-153
115000244,24,121,-97
115000246,60,30,30
115000247,51,30,21
115000248,69,31,38
115000249,22,16,6
115000250,304,41,263
115000251,251,147,104
115000252,120,189,-69
115000253,24,410,-386
115000258,484,168,316
115000259,351,129,222
115000261,27,17,10
115000262,29,25,4
115000263,26,45,-19
115000264,27,35,-8
115000267,83,64,19
115000268,50,113,-63
115000269,129,61,68
115000270,5,24,-19
115000272,71,174,-103
115000273,427,30,397
115000280,2898,400,2498
115000281,822,1067,-245
115000282,1277,1163,114
115000284,254,211,43
115000296,797,11,786
115000297,158,378,-220
115000298,58,766,-708
115000300,247,201,46
115000302,602,139,463
115000303,839,137,702
115000304,986,56,930
115000305,146,644,-498
115000306,264,290,-26
115000307,133,185,-52
115000308,17,35,-18
115000309,18,31,-13
115000310,1159,712,447
115000311,1230,1154,76
115000313,114,548,-434
115000314,518,127,391
115000315,720,418,302
115000316,69,115,-46
115000317,193,488,-295
115000318,977,346,631
115000319,110,291,-181
115000320,19,382,-363
115000321,354,10,344
115000322,59,204,-145
115000449,249,188,61
115000557,35,1494,-1459
115000558,377,122,255
115000587,643,392,251
115000588,2094,2513,-419
115000589,3869,2349,1520
115000590,1263,1461,-198
115000591,1885,863,1022
115000592,731,1885,-1154
115000593,1577,681,896
115000594,824,2622,-1798
115000609,149,108,41
115000617,1772,4187,-2415
115000624,400,77,323
115000633,583,2119,-1536
115000634,3214,1042,2172
115000635,605,163,442
115000638,647,552,95
115000641,53,124,-71
115000642,385,263,122
115000643,130,414,-284
115000644,135,406,-271
115000646,1014,1851,-837
115000647,171,546,-375
115000648,2390,1671,719
115000893,2666,1555,1111
115000894,174,1062,-888
115000895,351,781,-430
115000896,1006,389,617
115000897,578,188,390
115000898,828,308,520
115000899,360,998,-638
115000900,84,324,-240
115000901,56,123,-67
115000912,378,95,283
115000913,4,20,-16
115000915,29,0,29
115000916,8,0,8
115000917,0,6,-6
115000918,154,940,-786
115000919,19,26,-7
115000920,25,49,-24
115000921,652,163,489
115000922,628,781,-153
115000923,227,957,-730
115000925,94,100,-6
115000927,40,44,-4
115000933,121,166,-45
115000934,128,157,-29
115000935,187,99,88
115900001,89,18,71
115900002,111,153,-42
115900003,180,85,95
115900004,0,46,-46
115900005,229,8,221
115900006,166,271,-105
115900008,97,8,89
115900009,100,262,-162
115900010,381,146,235
115900011,875,272,603
115900012,201,55,146
115900013,410,132,278
115900014,182,134,48
115900015,129,54,75
115900016,184,22,162
115900017,30,12,18
115900018,192,59,133
115900019,869,43,826
115900020,92,1,91
115900021,1086,236,850
115900022,784,21,763
115900023,27,19,8
115900025,49,276,-227
115900026,911,220,691
115900027,2,282,-280
115900028,674,73,601
115900029,42,324,-282
115900030,33,34,-1
115900031,265,406,-141
115900032,576,646,-70
115900033,4,126,-122
115900034,30,309,-279
115900035,57,23,34
115900036,43,917,-874
115900037,52,332,-280
115900038,40,6,34
115900039,183,179,4
115900041,308,687,-379
115900042,34,9,25
115900043,102,77,25
115900044,174,317,-143
115900046,323,205,118
115900047,219,209,10
115900049,184,235,-51
115900051,4,54,-50
115900052,15,191,-176
115900053,283,172,111
115900054,304,72,232
115900055,23,111,-88
115900056,269,219,50
115900057,81,7,74
115900058,30,52,-22
115900060,120,255,-135
115900061,250,1,249
115900062,43,266,-223
115900063,83,13,70
115900064,235,233,2
115900065,167,146,21
115900066,228,127,101
115900067,11,403,-392
115900068,2487,1067,1420
115900069,70,174,-104
115900070,218,141,77
115900071,1,374,-373
115900072,54,216,-162
115900073,112,89,23
115900074,5,234,-229
115900075,24,183,-159
115900076,4,58,-54
115900077,12,208,-196
115900078,54,172,-118
115900079,281,20,261
115900080,452,225,227
115900081,22,107,-85
115900082,176,183,-7
115900084,546,28,518
115900085,54,50,4
115900086,1470,560,910
115900088,14,49,-35
115900089,473,747,-274
115900090,425,11,414
115900091,17,42,-25
115900092,13,134,-121
115900093,8,33,-25
115900094,8,246,-238
115900096,5,13,-8
115900097,10,288,-278
115900098,220,257,-37
115900099,116,57,59
115900100,8,360,-352
115900101,120,191,-71
115900102,94,62,32
115900103,376,135,241
115900104,90,96,-6
115900105,357,549,-192
115900106,120,36,84
115900107,111,83,28
115900108,181,46,135
115900109,47,352,-305
115900110,5,23,-18
115900111,4,84,-80
115900112,38,842,-804
115900113,99,25,74
115900114,2,117,-115
115900115,91,200,-109
115900116,76,785,-709
115900117,103,15,88
115900118,0,226,-226
115900119,144,119,25
115900120,34,244,-210
115900121,252,218,34
115900124,446,624,-178
115900125,381,54,327
115900126,983,89,894
115900127,753,47,706
115900128,9,348,-339
115900129,866,49,817
115900130,27,226,-199
115900131,330,25,305
115900132,626,9,617
115900134,323,13,310
115900135,450,1256,-806
115900137,27,2,25
115900139,43,75,-32
115900140,333,38,295
115900141,3,23,-20
115900142,12,37,-25
115900143,365,543,-178
115900144,116,239,-123
115900146,16,57,-41
115900147,250,300,-50
115900148,51,19,32
115900149,136,28,108
115900150,95,35,60
115900151,25,130,-105
115900152,147,325,-178
115900153,131,212,-81
115900154,492,390,102
115900155,0,36,-36
115900156,838,910,-72
115900157,241,502,-261
115900158,16,7,9
115900159,178,230,-52
115900160,13,11,2
115900161,113,326,-213
115900163,268,201,67
115900164,720,53,667
115900165,1,144,-143
115900166,221,196,25
115900168,132,123,9
115900171,113,416,-303
115900172,77,152,-75
115900173,261,128,133
115900174,318,238,80
115900175,127,189,-62
115900178,8,415,-407
115900179,330,30,300
115900180,58,138,-80
115900181,230,131,99
115900182,452,142,310
115900183,37,61,-24
115900184,1618,24,1594
115900187,12,130,-118
115900189,4,321,-317
115900190,161,1543,-1382
115900191,26,276,-250
115900192,27,97,-70
115900193,342,105,237
115900194,877,58,819
115900195,713,2342,-1629
115900198,170,311,-141
115900199,228,205,23
115900200,261,336,-75
115900201,418,297,121
115900202,1,68,-67
115900203,7,12,-5
115900204,2,6,-4
115900205,57,10,47
115900206,182,176,6
115900207,66,29,37
115900208,148,167,-19
115900209,4,154,-150
115900210,3,141,-138
115900211,3,195,-192
115900212,148,239,-91
115900213,116,102,14
115900214,562,156,406
115900215,34,153,-119
115900216,2,85,-83
115900217,3,35,-32
115900218,16,39,-23
115900219,122,6,116
115900220,195,5,190
115900221,102,9,93
115900222,72,24,48
115900223,11,446,-435
115900224,795,1193,-398
115900225,91,80,11
115900226,16,37,-21
115900227,13,57,-44
115900228,5,91,-86
115900229,7,66,-59
115900230,39,84,-45
115900231,139,4,135
115900232,42,9,33
115900233,72,16,56
115900234,51,31,20
115900235,49,42,7
115900236,66,34,32
115900237,27,38,-11
115900238,15,21,-6
115900239,22,57,-35
115900240,22,70,-48
115900241,236,109,127
115900242,233,418,-185
115900243,8,10,-2
115900244,30,21,9
115900245,37,2,35
115900246,8,14,-6
115900247,43,15,28
115900248,22,2,20
115900249,7,12,-5
115900250,10,39,-29
115900251,1,15,-14
115900252,2,3,-1
115900253,18,28,-10
115900254,8,38,-30
115900255,2,10,-8
115900256,14,38,-24
115900257,9,12,-3
115900258,2,3,-1
115900259,5,4,1
115900260,18,2,16
115900261,14,8,6
115900262,4,0,4
115900263,7,1,6
115900264,20,1,19
115900265,5,8,-3
115900266,1,19,-18
115900267,14,16,-2
115900268,6,18,-12
115900269,600,399,201
115900270,370,326,44
115900271,79,1,78
115900272,39,2,37
115900273,10,32,-22
115900274,2,18,-16
115900275,0,20,-20
115900276,0,22,-22
115900277,0,22,-22
115900278,43,73,-30
115900279,10,181,-171
115900280,12,599,-587
115900281,178,194,-16
116000001,10981,4329,6652
116000002,5978,13168,-7190
116000003,1730,1547,183
116000004,2864,4451,-1587
116000005,2329,3286,-957
116000006,2780,3256,-476
116000007,2593,4487,-1894
116000008,5079,3468,1611
116000009,1509,1793,-284
116000010,2831,1984,847
116000011,921,1775,-854
116000012,1916,1241,675
116000013,7347,3943,3404
116000014,10355,13271,-2916
116000015,367,1690,-1323
116000016,6814,4467,2347
116000017,51,846,-795
116000018,839,419,420
116000019,1065,387,678
116000020,762,1182,-420
116000021,629,383,246
116000022,452,349,103
116000023,1487,937,550
116000024,725,846,-121
116000025,947,904,43
116000026,1625,3091,-1466
116000027,715,738,-23
116000028,544,1091,-547
116000029,774,730,44
116000030,987,530,457
116000031,255,387,-132
116000032,414,194,220
116000033,451,430,21
116000034,800,752,48
116000035,439,760,-321
116000036,1722,1381,341
116000037,608,504,104
116000038,453,593,-140
116000039,664,565,99
116000040,977,439,538
116000041,233,646,-413
116000042,648,367,281
116000043,131,838,-707
116000044,9,43,-34
116000045,2040,1485,555
116000046,1110,1866,-756
116000047,1917,2275,-358
116000048,2216,1829,387
116000049,1645,3285,-1640
116000050,1617,1357,260
116000051,6196,3135,3061
116000052,5616,5411,205
116000053,2286,853,1433
116000054,789,3023,-2234
116000055,790,957,-167
116000056,950,1007,-57
116000057,3263,1736,1527
116000058,3965,3438,527
116000059,4070,5758,-1688
116000060,2610,1029,1581
116000061,327,1027,-700
116000062,631,247,384
116000063,595,1291,-696
116000066,282,665,-383
116000067,237,427,-190
116000068,259,325,-66
116000069,283,349,-66
116000078,584,1284,-700
116000080,2070,899,1171
116000082,15,45,-30
116000083,1964,438,1526
116000084,1982,3360,-1378
116000085,2620,2247,373
116000086,1554,955,599
116000087,2346,1757,589
116000088,772,989,-217
116000089,163,112,51
116000090,155,214,-59
116000091,417,312,105
116000093,1170,657,513
116000094,817,631,186
116000095,1025,722,303
116000096,930,1607,-677
116000097,1193,795,398
116000098,66,6774,-6708
116000099,6634,254,6380
116000100,277,21,256
116000101,951,778,173
116000102,281,1135,-854
116000103,537,321,216
116000104,223,1150,-927
116000105,1244,184,1060
116000106,429,852,-423
116000107,2820,351,2469
116000108,508,188,320
116000111,160,35,125
116000113,224,86,138
116000114,53,176,-123
116000115,471,105,366
116000116,345,501,-156
116000117,1857,1937,-80
116000118,1776,1333,443
116000119,4374,1967,2407
116000120,2917,3728,-811
116000121,947,612,335
116000122,1314,1685,-371
116000123,1526,552,974
116000124,453,991,-538
116000125,3549,919,2630
116000126,322,1219,-897
116000127,1043,1172,-129
116000128,2289,1015,1274
116000129,1916,248,1668
116000130,662,577,85
116000133,1415,812,603
116000134,1852,1948,-96
116000135,3171,1411,1760
116000136,1153,2004,-851
116000137,1415,906,509
116000138,1241,723,518
116000139,1722,2722,-1000
116000140,183,259,-76
116000141,347,586,-239
116000142,2986,2335,651
116000143,1894,1853,41
116000144,1533,1788,-255
116000145,2175,1282,893
116000146,648,193,455
116000147,198,119,79
116000148,604,554,50
116000149,880,977,-97
116000151,544,479,65
116000153,138,389,-251
116000155,268,255,13
116000156,773,1032,-259
116000157,127,8,119
116000158,454,368,86
116000159,12,14,-2
116000160,16,55,-39
116000161,4,106,-102
116000162,100,140,-40
116000163,42,11,31
116000164,20,27,-7
116000177,526,144,382
116000194,92,444,-352
116000195,1391,562,829
116000196,21,7,14
116000197,10,7,3
116000198,2889,1262,1627
116000200,835,590,245
116000201,715,663,52
116000202,8,275,-267
116000203,0,87,-87
116000204,20,60,-40
116000205,0,125,-125
116000206,3,81,-78
116000207,6,50,-44
116000233,233,421,-188
116000287,147,400,-253
116000288,383,214,169
116000292,79,118,-39
116000296,23,247,-224
116000297,111,23,88
116000304,268,10,258
116000305,30,76,-46
116000346,202,112,90
116000352,100,49,51
116000354,45,8,37
116000357,10,20,-10
116000358,513,76,437
116000361,81,6,75
116000372,4690,5139,-449
116000381,152,2,150
116000388,0,38,-38
116000389,1169,594,575
116000445,549,491,58
116000446,605,507,98
116000447,18,599,-581
116000448,520,213,307
116000563,1264,1046,218
116000565,32,401,-369
116000568,73,394,-321
116000579,20,107,-87
116000584,21,7,14
116000585,48,18,30
116000586,107,125,-18
116000587,607,756,-149
116000589,45,49,-4
116000590,92,65,27
116000591,305,199,106
116000592,28,114,-86
116000593,0,33,-33
116000594,718,361,357
116000595,646,132,514
116000596,147,4,143
116000597,461,111,350
116000598,12,165,-153
116000602,90,445,-355
116000605,229,121,108
116000606,108,244,-136
116000607,17,64,-47
116000609,206,908,-702
116000611,195,445,-250
116000612,861,1981,-1120
116000613,807,375,432
116000614,482,564,-82
116000615,5,405,-400
116000616,70,92,-22
116000617,103,50,53
116000618,5,64,-59
116000619,37,81,-44
116000620,171,106,65
116000621,66,138,-72
116000622,76,165,-89
116000624,275,94,181
116000627,29,23,6
116000628,34,209,-175
116000629,8,260,-252
116000630,335,23,312
116000631,137,19,118
116000632,584,228,356
116000633,32,326,-294
116000634,628,21,607
116000635,1893,1993,-100
116900001,287,197,90
116900002,305,7,298
116900003,58,46,12
116900004,82,70,12
116900005,331,80,251
116900006,136,514,-378
116900007,142,216,-74
116900008,569,243,326
116900009,48,42,6
116900010,2,1059,-1057
116900011,31,42,-11
116900012,272,259,13
116900013,5,162,-157
116900014,180,202,-22
116900015,480,62,418
116900016,250,2,248
116900017,3,431,-428
116900018,116,59,57
116900019,6,281,-275
116900020,877,1132,-255
116900023,56,10,46
116900024,797,63,734
116900025,1384,764,620
116900026,137,590,-453
116900027,30,54,-24
116900028,5,134,-129
116900029,0,44,-44
116900031,0,4,-4
116900032,11,261,-250
116900033,15,23,-8
116900034,9,67,-58
116900035,196,186,10
116900036,4,111,-107
116900038,48,2,46
116900041,58,24,34
116900042,482,277,205
116900043,37,78,-41
116900045,227,97,130
116900047,37,154,-117
116900049,20,282,-262
116900050,140,446,-306
116900051,184,188,-4
116900052,184,74,110
116900055,0,4,-4
116900057,16,191,-175
116900058,78,308,-230
116900059,2,161,-159
116900060,215,201,14
116900062,0,18,-18
116900064,65,543,-478
116900065,27,129,-102
116900067,156,69,87
116900068,154,220,-66
116900070,3,6,-3
116900072,27,373,-346
116900073,21,133,-112
116900074,12,70,-58
116900076,9,35,-26
116900077,20,154,-134
116900078,233,91,142
116900079,39,225,-186
116900080,13,37,-24
116900081,332,1058,-726
116900082,352,1112,-760
116900083,39,32,7
116900084,119,69,50
116900085,75,173,-98
116900086,67,165,-98
116900088,355,120,235
116900090,104,34,70
116900091,433,59,374
116900092,101,583,-482
116900093,1815,2047,-232
116900094,4507,4369,138
116900095,262,119,143
116900096,237,441,-204
116900097,2399,3461,-1062
116900098,810,395,415
116900099,808,839,-31
116900100,928,53,875
116900101,354,562,-208
116900103,10,1,9
116900104,77,72,5
116900105,308,204,104
116900106,2160,220,1940
116900107,3031,3015,16
116900110,10,0,10
116900111,767,556,211
116900112,329,885,-556
116900113,1884,1435,449
116900116,110,718,-608
116900117,133,132,1
116900118,721,917,-196
116900120,439,88,351
116900121,142,29,113
116900122,1172,698,474
116900123,273,731,-458
116900124,220,879,-659
116900125,478,223,255
116900126,139,663,-524
116900128,0,50,-50
116900129,2,319,-317
116900130,668,4509,-3841
116900131,104,418,-314
116900132,80,132,-52
116900133,201,179,22
116900134,215,321,-106
116900136,273,227,46
116900137,338,177,161
116900138,260,183,77
116900139,171,445,-274
116900140,262,135,127
116900141,977,429,548
116900142,4,47,-43
116900143,409,365,44
116900144,38,69,-31
116900145,132,223,-91
116900147,528,604,-76
116900148,3,32,-29
116900149,68,291,-223
116900150,20,22,-2
116900151,25,12,13
116900153,157,97,60
116900154,552,697,-145
116900155,85,109,-24
116900157,683,192,491
116900158,126,315,-189
116900159,81,317,-236
116900160,913,955,-42
116900161,5350,7374,-2024
116900162,14,60,-46
116900163,239,115,124
116900164,141,88,53
116900165,312,409,-97
116900166,39,54,-15
116900167,521,65,456
116900168,386,92,294
116900169,655,689,-34
116900170,377,625,-248
116900171,43,184,-141
116900172,186,367,-181
116900173,256,32,224
116900174,56,48,8
116900175,242,232,10
116900178,49,127,-78
116900179,101,330,-229
116900180,124,18,106
116900182,542,314,228
116900183,209,109,100
116900185,39,52,-13
116900186,71,212,-141
116900187,82,46,36
116900188,164,31,133
116900189,100,2,98
116900191,524,659,-135
116900192,354,145,209
116900194,190,1659,-1469
116900195,55,36,19
116900196,18,75,-57
116900197,143,15,128
116900198,141,284,-143
116900200,70,32,38
116900201,170,9,161
116900202,115,62,53
116900203,189,7,182
116900204,43,111,-68
116900206,15,10,5
116900207,37,24,13
116900208,4,121,-117
116900209,21,100,-79
116900210,600,323,277
116900211,256,10,246
116900212,63,42,21
116900213,252,120,132
116900214,255,167,88
116900215,118,51,67
116900216,254,191,63
116900218,11,251,-240
116900219,1286,394,892
116900220,121,256,-135
116900221,99,455,-356
116900222,392,410,-18
116900223,137,310,-173
116900226,125,88,37
116900227,159,80,79
116900228,358,208,150
116900230,80,227,-147
116900231,32,254,-222
116900232,9,329,-320
116900233,419,101,318
116900234,64,11,53
116900235,147,236,-89
116900238,1345,351,994
116900239,93,1694,-1601
116900240,4905,3102,1803
116900241,126,133,-7
116900242,317,647,-330
116900243,4,81,-77
116900245,41,25,16
116900246,141,12,129
116900247,892,33,859
116900248,83,47,36
116900249,503,159,344
116900250,423,46,377
116900251,439,651,-212
116900252,154,774,-620
116900253,112,59,53
116900254,28,84,-56
116900255,109,99,10
116900256,512,125,387
116900257,13,390,-377
116900258,4,162,-158
116900259,276,15,261
116900260,3,85,-82
116900261,83,11,72
116900262,221,124,97
116900263,0,10,-10
116900264,1,3,-2
116900265,57,0,57
116900266,17,17,0
116900267,7,2,5
116900268,368,306,62
116900269,326,666,-340
116900271,1513,314,1199
116900272,310,247,63
116900273,215,109,106
116900274,118,72,46
116900275,142,93,49
116900276,517,167,350
116900277,575,40,535
116900278,3,5,-2
116900279,4,21,-17
116900280,44,28,16
116900281,5183,5007,176
116900282,6,112,-106
116900283,30,109,-79
116900284,44,181,-137
116900285,247,229,18
116900286,214,23,191
116900287,7,45,-38
116900288,86,130,-44
116900289,27,12,15
116900290,5,51,-46
116900291,17,10,7
116900292,0,22,-22
116900293,93,30,63
116900294,38,144,-106
116900295,70,68,2
116900296,47,43,4
116900297,3,74,-71
116900298,62,49,13
116900299,25,56,-31
116900300,6,74,-68
116900301,42,71,-29
116900302,15,43,-28
116900303,182,94,88
116900304,1,134,-133
116900305,18,25,-7
116900306,164,61,103
117000001,2444,1888,556
117000002,2020,3935,-1915
117000003,7786,3861,3925
117000004,4102,4758,-656
117000005,2560,2159,401
117000006,1215,2973,-1758
117000007,4655,1247,3408
117000008,1126,3441,-2315
117000009,5812,2235,3577
117000010,2804,3684,-880
117000011,2435,1946,489
117000012,1439,1140,299
117000013,2006,879,1127
117000014,1233,2054,-821
117000015,2940,1403,1537
117000016,270,192,78
117000017,201,148,53
117000018,137,706,-569
117000019,75,4,71
117000020,421,1763,-1342
117000021,1560,340,1220
117000022,307,126,181
117000023,193,181,12
117000024,223,263,-40
117000025,388,1180,-792
117000026,1898,1420,478
117000027,2415,5927,-3512
117000028,3636,2379,1257
117000030,446,612,-166
117000031,341,354,-13
117000032,1368,1217,151
117000033,1623,1365,258
117000034,328,259,69
117000035,402,278,124
117000036,368,286,82
117000037,283,184,99
117000038,216,473,-257
117000039,440,255,185
117000040,264,797,-533
117000041,1318,163,1155
117000044,17,721,-704
117000045,502,103,399
117000046,416,690,-274
117000047,870,621,249
117000048,1919,985,934
117000049,160,842,-682
117000050,175,1675,-1500
117000051,2788,143,2645
117000052,67,266,-199
117000053,723,75,648
117000054,2178,18,2160
117000055,13,2695,-2682
117000056,978,39,939
117000057,575,2379,-1804
117000060,673,1354,-681
117000061,1998,1139,859
117000062,302,708,-406
117000063,2100,1244,856
117000064,736,633,103
117000066,1153,883,270
117000067,177,844,-667
117000074,158,190,-32
117000076,170,55,115
117000077,162,216,-54
117000078,181,724,-543
117000079,524,243,281
117000080,0,324,-324
117000081,1153,126,1027
117000082,18,92,-74
117000083,126,6,120
117000084,206,1,205
117000085,365,944,-579
117000086,1143,525,618
117000087,99,546,-447
117000088,290,182,108
117000089,1932,307,1625
117000090,311,1074,-763
117000091,1029,326,703
117000092,452,1173,-721
117000093,1509,857,652
117000094,1404,2463,-1059
117000095,4208,1093,3115
117000096,924,2042,-1118
117000097,2158,1228,930
117000098,2697,4161,-1464
117000099,4474,1336,3138
117000100,246,378,-132
117000101,215,1122,-907
117000102,2204,752,1452
117000103,740,1442,-702
117000104,1759,710,1049
117000105,796,1362,-566
117000106,1623,775,848
117000107,588,1645,-1057
117000108,2403,997,1406
117000109,1480,2422,-942
117000110,2134,1379,755
117000111,4122,4247,-125
117000112,4230,1899,2331
117000113,157,229,-72
117000114,453,158,295
117000115,97,99,-2
117000116,259,268,-9
117000117,1834,1444,390
117000118,266,148,118
117000119,220,229,-9
117000120,167,719,-552
117000121,113,1418,-1305
117000122,337,765,-428
117000123,1598,62,1536
117000124,561,95,466
117000125,282,168,114
117000126,32,11,21
117000127,126,295,-169
117000128,410,795,-385
117000129,209,160,49
117000130,64,2,62
117000131,0,51,-51
117000132,3521,16,3505
117000133,1988,74,1914
117000134,1,107,-106
117000135,3,72,-69
117000136,1,29,-28
117000137,188,206,-18
117000138,3,762,-759
117000140,559,1338,-779
117000141,2124,647,1477
117000181,581,198,383
117000182,442,854,-412
117000195,250,1165,-915
117000196,510,184,326
117000225,101,21,80
117000226,6,89,-83
117000276,441,26,415
117000277,0,328,-328
117000310,1609,2160,-551
117000315,44,527,-483
117000320,51,0,51
117000906,396,21,375
117000907,29,330,-301
117000908,17,48,-31
117000909,33,45,-12
117000910,255,233,22
117000911,164,170,-6
117000915,9,521,-512
117000916,50,9,41
117000917,1560,33,1527
117000918,68,84,-16
117000919,11,77,-66
117000920,4,1279,-1275
117000921,4,1055,-1051
117000922,60,116,-56
117000924,698,871,-173
117000926,818,127,691
117000927,1541,1576,-35
117000928,2,165,-163
117000929,307,238,69
117000930,260,24,236
117000931,371,177,194
117900002,103,482,-379
117900003,816,550,266
117900005,2,35,-33
117900006,0,135,-135
117900007,153,123,30
117900008,0,52,-52
117900010,285,82,203
117900011,29,156,-127
117900012,83,100,-17
117900013,4,173,-169
117900014,445,100,345
117900015,11,82,-71
117900016,1404,1226,178
117900017,522,244,278
117900018,154,128,26
117900019,591,211,380
117900020,108,516,-408
117900021,53,83,-30
117900022,50,17,33
117900023,756,102,654
117900024,69,51,18
117900025,37,15,22
117900026,496,221,275
117900028,39,4,35
117900029,280,477,-197
117900030,559,230,329
117900031,125,125,0
117900032,1013,642,371
117900033,249,395,-146
117900034,25,22,3
117900035,239,104,135
117900036,250,309,-59
117900037,194,85,109
117900038,29,318,-289
117900039,3,68,-65
117900040,146,364,-218
117900041,6,50,-44
117900042,4001,437,3564
117900043,24,46,-22
117900044,61,3150,-3089
117900045,234,118,116
117900048,424,239,185
117900049,255,397,-142
117900050,7,134,-127
117900051,14,3,11
117900052,83,441,-358
117900053,1942,665,1277
117900054,2,28,-26
117900055,331,129,202
117900056,254,49,205
117900057,1396,1323,73
117900058,70,22,48
117900059,383,83,300
117900060,2893,4713,-1820
117900061,14,166,-152
117900063,465,166,299
117900065,783,1301,-518
117900066,11,92,-81
117900067,566,176,390
117900069,724,273,451
117900070,160,41,119
117900071,92,120,-28
117900073,639,285,354
117900074,106,67,39
117900075,106,77,29
117900076,9,82,-73
117900077,609,155,454
117900078,430,915,-485
117900080,126,59,67
117900081,525,412,113
117900082,478,446,32
117900083,464,384,80
117900086,180,32,148
117900087,263,59,204
117900088,3192,1931,1261
117900089,2773,854,1919
117900090,431,362,69
117900091,152,173,-21
117900092,80,27,53
117900093,105,70,35
117900094,54,34,20
117900095,298,232,66
117900096,109,247,-138
117900097,294,84,210
117900098,55,14,41
117900099,145,197,-52
117900100,400,1,399
117900101,466,2174,-1708
117900102,114,47,67
117900103,96,0,96
117900104,10,109,-99
117900105,158,233,-75
117900106,148,32,116
117900107,48,1,47
117900109,785,476,309
117900110,124,1,123
117900111,453,40,413
117900112,111,16,95
117900113,2431,1997,434
117900114,38,0,38
117900115,237,83,154
117900116,898,807,91
117900117,876,444,432
117900118,152,3,149
117900119,300,152,148
117900120,291,50,241
117900121,221,98,123
117900122,1632,5248,-3616
117900123,772,389,383
117900124,840,698,142
117900125,2198,2239,-41
117900126,302,587,-285
117900127,487,508,-21
117900128,368,669,-301
117900129,79,0,79
117900130,1032,393,639
117900131,0,147,-147
117900132,21,100,-79
117900133,22,124,-102
117900134,42,300,-258
117900135,42,170,-128
117900136,0,30,-30
117900137,69,436,-367
117900138,0,30,-30
117900139,138,100,38
117900140,2876,284,2592
117900141,136,228,-92
117900142,55,50,5
117900144,55,271,-216
117900145,22,42,-20
117900146,193,200,-7
117900147,81,54,27
117900148,2637,1948,689
117900149,136,226,-90
117900150,70,56,14
117900151,29,107,-78
117900152,73,55,18
117900153,9,138,-129
117900154,451,549,-98
117900156,1100,769,331
117900157,97,624,-527
117900158,503,164,339
117900160,884,918,-34
117900161,2616,2070,546
117900162,608,484,124
117900163,39,148,-109
117900165,0,24,-24
117900166,142,668,-526
117900168,39,162,-123
117900169,1,128,-127
117900170,5,42,-37
117900171,10,29,-19
117900172,20,32,-12
117900173,183,76,107
117900174,30,57,-27
117900175,17,37,-20
117900176,13,34,-21
117900177,26,46,-20
117900178,84,41,43
117900180,250,51,199
117900181,122,546,-424
117900182,7,43,-36
117900183,72,194,-122
117900184,22,72,-50
117900185,47,53,-6
117900186,73,18,55
117900187,25,24,1
117900188,221,54,167
117900189,108,28,80
117900190,71,2,69
117900191,97,4,93
117900192,338,4,334
117900193,24,104,-80
117900194,21,31,-10
117900195,24,89,-65
117900196,17,35,-18
117900207,210,207,3
117900208,52,42,10
117900209,201,170,31
117900210,159,238,-79
117900211,9,241,-232
117900212,135,141,-6
117900213,40,16,24
117900214,33,53,-20
117900215,9,36,-27
117900216,9,8,1
117900217,63,375,-312
117900218,73,78,-5
117900219,3,194,-191
117900220,65,66,-1
118000001,975,1360,-385
118000002,850,1866,-1016
118000003,2284,4109,-1825
118000004,2703,2363,340
118000005,5332,6565,-1233
118000006,5198,10114,-4916
118000007,6485,4739,1746
118000008,3542,4758,-1216
118000009,1664,3425,-1761
118000010,6015,4097,1918
118000011,1663,1965,-302
118000012,1304,2099,-795
118000013,2632,2640,-8
118000014,1873,2051,-178
118000016,234,273,-39
118000017,496,507,-11
118000018,417,485,-68
118000019,2359,2076,283
118000020,1311,4650,-3339
118000021,677,4171,-3494
118000022,1843,992,851
118000023,888,283,605
118000024,1530,1856,-326
118000025,63,202,-139
118000027,13602,15118,-1516
118000029,1155,950,205
118000032,1130,4049,-2919
118000033,3059,7902,-4843
118000034,5190,3178,2012
118000035,2034,3711,-1677
118000036,1131,1617,-486
118000037,828,1084,-256
118000038,254,154,100
118000039,96,208,-112
118000040,1854,1453,401
118000041,2733,1512,1221
118000045,387,294,93
118000046,1569,887,682
118000047,907,1223,-316
118000048,2522,2895,-373
118000051,2857,2266,591
118000052,1779,1066,713
118000053,513,1176,-663
118000054,1699,2418,-719
118000055,1727,2835,-1108
118000056,288,587,-299
118000057,336,613,-277
118000058,2551,2584,-33
118000059,2004,1672,332
118000060,1410,691,719
118000061,1370,1523,-153
118000062,746,352,394
118000063,526,975,-449
118000064,1024,1255,-231
118000065,3199,1752,1447
118000066,922,1628,-706
118000067,829,888,-59
118000068,1677,5095,-3418
118000069,2577,1137,1440
118000070,5071,2231,2840
118000071,3600,7528,-3928
118000072,1414,1613,-199
118000073,1267,918,349
118000074,577,622,-45
118000075,735,423,312
118000076,1503,3396,-1893
118000077,1371,1352,19
118000078,1924,2745,-821
118000079,267,512,-245
118000080,905,962,-57
118000081,1950,1518,432
118000082,371,1245,-874
118000083,1887,1943,-56
118000084,3370,2021,1349
118000086,348,563,-215
118000087,4658,2760,1898
118000088,1794,1715,79
118000089,3792,2611,1181
118000090,2193,3132,-939
118000091,1352,2818,-1466
118000092,990,520,470
118000093,116,727,-611
118000096,496,676,-180
118000097,799,671,128
118000098,315,285,30
118000099,628,669,-41
118000101,1317,368,949
118000102,476,1024,-548
118000107,1730,612,1118
118000108,871,2651,-1780
118000110,1,18,-17
118000111,2,236,-234
118000112,610,3,607
118000113,3,385,-382
118000114,627,12,615
118000115,18,8,10
118000116,25,0,25
118000117,846,756,90
118000118,1106,1089,17
118000119,1066,1155,-89
118000120,1706,1214,492
118000121,91,742,-651
118000122,1500,390,1110
118000123,62,284,-222
118000125,1693,983,710
118000126,700,1659,-959
118000127,1813,728,1085
118000128,599,1064,-465
118000129,1131,599,532
118000130,2233,3210,-977
118000131,684,890,-206
118000132,3040,2217,823
118000133,1038,521,517
118000135,662,419,243
118000136,171,452,-281
118000137,601,113,488
118000138,428,574,-146
118000139,466,102,364
118000140,3023,5605,-2582
118000141,2620,1850,770
118000142,2172,1604,568
118000143,2398,1214,1184
118000144,1231,734,497
118000145,1498,1482,16
118000146,1434,708,726
118000147,888,1177,-289
118000148,531,1130,-599
118000149,1012,843,169
118000150,625,259,366
118000151,619,430,189
118000153,1748,1322,426
118000154,1568,1524,44
118000155,1598,1456,142
118000156,2147,2626,-479
118000157,860,457,403
118000158,241,390,-149
118000159,56,96,-40
118000160,606,413,193
118000161,477,666,-189
118000162,2135,979,1156
118000163,1120,911,209
118000164,2332,1326,1006
118000168,1022,930,92
118000169,1242,1223,19
118000170,3554,4526,-972
118000171,373,721,-348
118000172,98,299,-201
118000173,836,1391,-555
118000175,308,390,-82
118000176,365,557,-192
118000177,306,688,-382
118000178,50,46,4
118000179,1412,1622,-210
118000180,1071,756,315
118000181,797,311,486
118000182,379,264,115
118000183,234,369,-135
118000184,1105,637,468
118000185,1509,1423,86
118000186,942,1366,-424
118000187,1589,607,982
118000188,739,156,583
118000189,891,655,236
118000190,22,10,12
118000191,47,36,11
118000192,472,619,-147
118000193,444,674,-230
118000194,1400,1013,387
118000195,615,1333,-718
118000196,372,272,100
118000197,160,222,-62
118000198,436,914,-478
118000199,449,532,-83
118000200,117,280,-163
118000201,538,549,-11
118000202,99,110,-11
118000203,663,750,-87
118000204,110,467,-357
118000205,130,359,-229
118000206,349,192,157
118000207,0,66,-66
118000208,1584,1807,-223
118000209,2252,1423,829
118000210,94,25,69
118000211,35,31,4
118000213,1223,2216,-993
118000214,659,622,37
118000215,459,143,316
118000216,2748,2230,518
118000217,31,79,-48
118000218,126,61,65
118000219,541,249,292
118000220,10,53,-43
118000221,270,386,-116
118000222,87,17,70
118000223,51,42,9
118000224,143,106,37
118000225,147,635,-488
118000226,1070,203,867
118000227,715,494,221
118000228,134,268,-134
118000229,186,124,62
118000230,164,200,-36
118000231,125,226,-101
118000232,925,643,282
118000233,1280,766,514
118000234,551,252,299
118000236,465,269,196
118000237,107,430,-323
118000238,318,131,187
118000239,307,271,36
118000240,349,193,156
118000241,176,261,-85
118000242,448,464,-16
118000243,350,208,142
118000244,53,106,-53
118000246,0,24,-24
118000255,81,244,-163
118000256,148,188,-40
118000259,16,67,-51
118000260,244,83,161
118000261,35,51,-16
118000263,96,243,-147
118000266,153,278,-125
118000267,0,103,-103
118000268,305,0,305
118000270,80,32,48
118000271,193,231,-38
118000272,97,46,51
118000273,162,88,74
118000274,121,275,-154
118000276,686,429,257
118000295,11,160,-149
118000298,189,190,-1
118000299,44,114,-70
118000301,1,44,-43
118000302,81,40,41
118000311,539,105,434
118000312,380,157,223
118000313,85,155,-70
118000314,123,53,70
118000315,51,48,3
118000316,775,407,368
118000325,83,59,24
118000326,47,47,0
118000331,55,49,6
118000332,12,54,-42
118000333,37,48,-11
118000335,349,0,349
118000336,0,175,-175
118000407,232,63,169
118000457,7,54,-47
118000465,2929,4302,-1373
118000480,28,54,-26
118000489,76,508,-432
118000490,34,236,-202
118000492,341,164,177
118000510,54,19,35
118000514,172,308,-136
118000515,834,676,158
118000517,343,192,151
118000524,365,284,81
118000525,972,904,68
118000530,38,133,-95
118000531,382,329,53
118000532,238,264,-26
118000533,323,131,192
118000534,598,442,156
118000535,297,130,167
118000536,727,2068,-1341
118000537,10,236,-226
118000538,25,55,-30
118000539,30,113,-83
118000540,363,165,198
118000541,244,102,142
118000542,137,216,-79
118000543,261,233,28
118000546,53,39,14
118000560,2368,2833,-465
118000562,55,166,-111
118000563,1469,1157,312
118000576,206,124,82
118000577,161,135,26
118000578,145,63,82
118000579,583,1297,-714
118000595,276,113,163
118000596,0,77,-77
118000597,77,98,-21
118000598,23,0,23
118000599,69,53,16
118000600,0,29,-29
118000601,33,0,33
118000602,0,22,-22
118000603,0,23,-23
118900001,647,1629,-982
118900002,866,1036,-170
118900003,539,15,524
118900004,66,41,25
118900005,121,8,113
118900006,194,9,185
118900007,13,1,12
118900008,1741,68,1673
118900009,101,74,27
118900010,94,5,89
118900011,186,29,157
118900012,535,196,339
118900013,587,227,360
118900015,294,97,197
118900016,22,5,17
118900017,257,356,-99
118900018,1178,37,1141
118900019,27,29,-2
118900020,283,167,116
118900021,245,404,-159
118900022,211,128,83
118900023,208,86,122
118900024,128,187,-59
118900025,74,30,44
118900026,49,86,-37
118900027,473,210,263
118900028,198,144,54
118900029,404,544,-140
118900030,483,64,419
118900031,192,82,110
118900032,237,136,101
118900033,390,491,-101
118900034,185,31,154
118900035,153,147,6
118900036,1477,712,765
118900037,421,349,72
118900038,497,145,352
118900039,649,164,485
118900040,241,198,43
118900041,718,156,562
118900042,205,124,81
118900045,334,187,147
118900046,907,500,407
118900047,451,261,190
118900048,154,244,-90
118900049,59,62,-3
118900050,44,77,-33
118900051,84,102,-18
118900052,321,300,21
118900053,48,109,-61
118900054,166,49,117
118900055,122,69,53
118900056,30,409,-379
118900057,927,545,382
118900058,458,363,95
118900059,25,93,-68
118900060,140,107,33
118900062,666,232,434
118900064,598,699,-101
118900065,68,132,-64
118900066,73,102,-29
118900067,4675,4347,328
118900068,5,238,-233
118900069,525,289,236
118900071,10,76,-66
118900072,507,377,130
118900073,147,118,29
118900074,148,159,-11
118900075,63,69,-6
118900076,242,136,106
118900077,325,177,148
118900078,49,18,31
118900079,64,184,-120
118900080,40,151,-111
118900081,76,42,34
118900082,866,152,714
118900083,45,4,41
118900084,17,18,-1
118900085,578,726,-148
118900086,45,87,-42
118900087,31,269,-238
118900088,0,7,-7
118900089,24,19,5
118900090,563,374,189
118900091,247,200,47
118900092,245,78,167
118900093,140,31,109
118900096,51,34,17
118900097,269,457,-188
118900099,124,243,-119
118900100,179,281,-102
118900101,155,391,-236
118900102,76,96,-20
118900103,50,113,-63
118900104,320,145,175
118900105,239,113,126
118900107,147,99,48
118900108,82,123,-41
118900109,80,146,-66
118900110,1330,892,438
118900111,495,450,45
118900112,65,165,-100
118900113,128,376,-248
118900114,13,85,-72
118900115,175,440,-265
118900116,122,222,-100
118900117,116,181,-65
118900118,353,314,39
118900119,168,202,-34
118900120,148,322,-174
118900121,7,142,-135
118900122,18,1009,-991
118900123,155,293,-138
118900124,102,229,-127
118900126,34,410,-376
118900129,294,226,68
118900130,53,228,-175
118900131,192,209,-17
118900132,441,188,253
118900133,19,126,-107
118900135,225,231,-6
118900136,219,523,-304
118900137,5,59,-54
118900139,225,330,-105
118900140,421,570,-149
118900141,56,151,-95
118900144,142,397,-255
118900145,42,133,-91
118900146,347,620,-273
118900147,163,214,-51
118900148,86,78,8
118900150,187,618,-431
118900152,548,699,-151
118900157,79,188,-109
118900158,135,79,56
118900159,0,99,-99
118900161,91,17,74
118900163,80,82,-2
118900164,2,105,-103
118900165,79,184,-105
118900166,54,3,51
118900167,112,87,25
118900168,19,197,-178
118900169,190,267,-77
118900170,280,106,174
118900171,36,46,-10
118900174,58,57,1
118900175,551,528,23
118900176,193,278,-85
118900177,72,34,38
118900178,47,122,-75
118900179,3,24,-21
118900181,166,98,68
118900182,133,56,77
118900183,42,140,-98
118900184,338,127,211
118900185,96,112,-16
118900186,101,85,16
118900187,240,330,-90
118900188,377,329,48
118900189,50,826,-776
118900190,14,265,-251
118900191,164,53,111
118900192,298,12,286
118900193,658,7,651
118900195,277,645,-368
118900196,41,139,-98
118900197,183,73,110
118900198,44,16,28
118900199,124,43,81
118900200,31,22,9
118900201,24,58,-34
118900202,14,49,-35
118900203,15,24,-9
118900204,18,34,-16
118900205,2,21,-19
118900206,3,16,-13
119000001,1624,2043,-419
119000002,4675,4132,543
119000003,3418,1213,2205
119000004,2733,1554,1179
119000005,2224,2201,23
119000006,3173,1661,1512
119000007,4106,3484,622
119000008,2249,1923,326
119000009,3813,5442,-1629
119000010,6035,4384,1651
119000011,4986,3792,1194
119000012,3751,4122,-371
119000013,3606,2302,1304
119000014,1992,3036,-1044
119000019,358,189,169
119000020,2283,1624,659
119000021,5445,2919,2526
119000022,2761,3480,-719
119000023,269,297,-28
119000024,2538,14395,-11857
119000025,6762,1503,5259
119000026,204,660,-456
119000027,295,511,-216
119000028,1831,914,917
119000029,141,390,-249
119000030,603,941,-338
119000031,851,623,228
119000032,3253,2723,530
119000033,2571,1509,1062
119000034,1209,1036,173
119000035,30,326,-296
119000036,2071,715,1356
119000037,1468,1564,-96
119000038,212,729,-517
119000039,463,355,108
119000040,986,1161,-175
119000041,981,1852,-871
119000048,3094,2522,572
119000049,2037,1992,45
119000050,1841,1829,12
119000051,2336,1085,1251
119000052,2014,2892,-878
119000053,2086,1317,769
119000054,3707,2713,994
119000055,5386,3248,2138
119000056,3285,2202,1083
119000057,1978,1727,251
119000058,2405,1640,765
119000059,1474,1664,-190
119000060,1873,1177,696
119000061,1352,791,561
119000062,1370,1388,-18
119000063,762,464,298
119000064,1155,1247,-92
119000065,2056,4229,-2173
119000066,2817,1291,1526
119000067,2198,2151,47
119000068,2130,1069,1061
119000069,1808,2745,-937
119000070,3033,903,2130
119000071,582,854,-272
119000072,6091,4345,1746
119000073,6578,8555,-1977
119000074,1657,2051,-394
119000075,2998,2529,469
119000076,670,2096,-1426
119000077,1068,1149,-81
119000078,670,396,274
119000079,156,1303,-1147
119000080,528,347,181
119000081,623,1577,-954
119000082,1492,401,1091
119000083,732,432,300
119000084,425,849,-424
119000085,1457,243,1214
119000086,410,577,-167
119000087,1550,785,765
119000088,477,252,225
119000089,77,253,-176
119000090,195,148,47
119000091,145,622,-477
119000092,682,193,489
119000093,3648,2477,1171
119000094,3617,5531,-1914
119000095,2043,3236,-1193
119000097,2271,1319,952
119000098,1223,3254,-2031
119000099,2470,1533,937
119000100,4897,3394,1503
119000101,5554,2905,2649
119000102,811,1531,-720
119000103,1712,946,766
119000104,2318,1334,984
119000105,1555,2312,-757
119000106,430,1157,-727
119000107,1119,549,570
119000108,334,787,-453
119000109,150,1147,-997
119000110,699,1106,-407
119000111,83,1051,-968
119000112,267,283,-16
119000113,3065,453,2612
119000114,1416,1187,229
119000115,157,178,-21
119000116,133,150,-17
119000117,195,455,-260
119000118,5,0,5
119000123,3658,2667,991
119000124,836,227,609
119000125,4448,762,3686
119000126,830,574,256
119000127,614,557,57
119000128,24,7,17
119000131,1020,550,470
119000132,2,5,-3
119000133,0,11,-11
119000134,2005,636,1369
119000135,154,254,-100
119000136,334,180,154
119000137,292,258,34
119000138,636,247,389
119000139,342,250,92
119000140,319,460,-141
119000284,1152,2512,-1360
119000285,2103,1919,184
119000286,7052,5332,1720
119000287,1309,1855,-546
119000288,2044,1213,831
119000289,1495,2587,-1092
119000290,248,444,-196
119000291,11,268,-257
119000293,179,178,1
119000294,48,32,16
119000295,1489,378,1111
119000296,283,227,56
119000302,1992,1324,668
119000303,54,128,-74
119000314,1796,11490,-9694
119000315,0,314,-314
119000316,142,85,57
119000317,84,244,-160
119900001,305,1351,-1046
119900002,173,292,-119
119900003,48,879,-831
119900004,277,1286,-1009
119900005,272,98,174
119900006,250,447,-197
119900007,1265,273,992
119900008,192,59,133
119900009,616,618,-2
119900010,1790,2259,-469
119900011,24,129,-105
119900012,39,104,-65
119900013,2686,1803,883
119900014,698,456,242
119900015,146,40,106
119900016,42,90,-48
119900017,54,35,19
119900018,1930,950,980
119900019,72,5,67
119900020,213,236,-23
119900021,234,95,139
119900022,159,944,-785
119900023,515,1807,-1292
119900025,186,25,161
119900026,784,174,610
119900027,36,16,20
119900028,200,149,51
119900029,2,7,-5
119900030,655,451,204
119900031,88,441,-353
119900033,2331,362,1969
119900034,437,131,306
119900037,202,40,162
119900038,102,345,-243
119900039,57,31,26
119900040,130,19,111
119900041,150,46,104
119900042,166,306,-140
119900043,110,145,-35
119900044,270,1044,-774
119900046,149,61,88
119900047,420,125,295
119900048,61,19,42
119900049,110,3,107
119900050,248,167,81
119900051,652,9,643
119900052,81,55,26
119900053,216,163,53
119900054,259,8,251
119900055,1468,458,1010
119900057,305,96,209
119900058,313,3,310
119900059,200,39,161
119900060,353,49,304
119900061,10,0,10
119900062,118,27,91
119900063,23,54,-31
119900064,618,92,526
119900065,293,11,282
119900066,0,0,0
119900067,146,35,111
119900068,659,4,655
119900069,149,21,128
119900070,1324,62,1262
119900071,798,32,766
119900072,24,18,6
119900073,1881,622,1259
119900074,85,56,29
119900075,4480,2790,1690
119900076,697,301,396
119900077,1067,879,188
119900078,626,849,-223
119900079,291,188,103
119900080,1579,1083,496
119900081,110,23,87
119900082,1631,151,1480
119900083,570,183,387
119900084,826,371,455
119900085,58,58,0
119900086,140,188,-48
119900087,533,500,33
119900088,28,63,-35
119900089,56,409,-353
119900090,132,63,69
119900091,59,734,-675
119900092,186,465,-279
119900093,1550,272,1278
119900094,41,230,-189
119900095,213,110,103
119900096,57,159,-102
119900097,551,246,305
119900098,44,79,-35
119900099,45,272,-227
119900100,1859,3662,-1803
119900101,239,2204,-1965
119900102,54,259,-205
119900103,52,296,-244
119900104,70,232,-162
119900105,1179,7316,-6137
119900106,17,155,-138
119900107,344,2263,-1919
119900108,6067,796,5271
119900109,22,182,-160
119900110,1111,504,607
119900111,150,243,-93
119900112,1271,582,689
119900113,70,281,-211
119900114,361,966,-605
119900115,488,860,-372
119900116,140,461,-321
119900117,384,732,-348
119900118,148,682,-534
119900119,289,198,91
119900120,936,637,299
119900121,406,804,-398
119900122,457,318,139
119900123,263,308,-45
119900124,228,681,-453
119900125,82,313,-231
119900126,4853,438,4415
119900127,1924,986,938
119900128,517,515,2
119900129,247,497,-250
119900130,16,207,-191
119900131,56,203,-147
119900132,3,186,-183
119900133,82,102,-20
119900134,1428,207,1221
119900135,1,337,-336
119900136,205,360,-155
119900138,361,580,-219
119900139,79,100,-21
119900140,1,108,-107
119900141,107,829,-722
119900142,15,53,-38
119900143,21,319,-298
119900144,1434,279,1155
119900145,96,180,-84
119900146,213,196,17
119900147,4,191,-187
119900148,318,77,241
119900149,1040,5307,-4267
119900150,190,162,28
119900151,2260,1168,1092
119900152,177,319,-142
119900153,186,68,118
119900154,18,212,-194
119900155,69,34,35
119900156,18,3,15
119900157,135,258,-123
119900158,287,92,195
119900159,2,1218,-1216
119900160,22,126,-104
119900161,163,176,-13
119900162,1087,1249,-162
119900163,111,176,-65
119900164,0,1,-1
119900165,152,170,-18
119900166,132,74,58
119900167,68,79,-11
119900168,1173,530,643
119900169,159,353,-194
119900170,241,351,-110
119900171,1163,496,667
119900172,184,40,144
119900173,6,351,-345
119900174,6,195,-189
119900175,1598,683,915
119900177,19,193,-174
119900178,9,167,-158
119900179,152,723,-571
119900180,1059,1076,-17
119900181,81,118,-37
119900182,24,367,-343
119900183,204,726,-522
119900184,2180,630,1550
119900185,53,193,-140
119900186,94,1371,-1277
119900187,30,430,-400
119900188,134,345,-211
119900189,511,548,-37
119900190,88,350,-262
119900191,414,370,44
119900192,68,191,-123
119900193,400,136,264
119900194,47,84,-37
119900195,155,316,-161
119900196,1369,562,807
119900197,301,176,125
119900198,176,320,-144
119900199,185,26,159
119900200,944,642,302
119900201,356,229,127
119900202,103,332,-229
119900203,246,674,-428
119900204,417,339,78
119900205,925,464,461
119900206,248,159,89
119900208,185,185,0
119900209,546,1532,-986
119900210,55,19,36
119900211,84,4,80
119900212,282,294,-12
119900213,18,79,-61
119900214,29,76,-47
119900215,67,75,-8
119900216,17,71,-54
119900217,11,85,-74
119900218,49,45,4
119900219,13,80,-67
119900220,9,81,-72
119900221,41,191,-150
119900222,10,169,-159
119900223,15,95,-80
119900224,15,14,1
119900225,774,51,723
119900226,692,2362,-1670
119900227,1186,387,799
119900228,162,277,-115
119900229,323,420,-97
119900230,1435,574,861
119900231,375,164,211
119900232,350,160,190
119900233,141,6,135
119900234,21,120,-99
119900235,29,66,-37
119900236,38,225,-187
119900237,98,593,-495
119900238,3,76,-73
119900240,118,148,-30
119900241,151,243,-92
119900242,1754,1696,58
119900244,816,1624,-808
119900245,187,215,-28
119900246,394,690,-296
119900247,40,126,-86
119900248,104,352,-248
119900249,382,136,246
119900253,2392,478,1914
119900254,110,836,-726
119900255,162,992,-830
119900256,888,873,15
119900257,78,4,74
119900258,198,9,189
119900259,17,152,-135
119900260,187,11,176
119900261,394,183,211
119900262,7,176,-169
119900263,1338,439,899
119900264,101,156,-55
119900265,812,385,427
119900266,514,284,230
119900267,267,449,-182
119900268,204,148,56
119900269,1502,1130,372
119900271,43,136,-93
119900272,401,384,17
119900275,202,74,128
119900276,73,5,68
119900277,9,6,3
119900278,275,134,141
119900279,159,292,-133
119900280,767,198,569
119900281,1,308,-307
119900282,68,138,-70
119900283,16,184,-168
119900284,63,232,-169
119900285,28,152,-124
119900286,5,33,-28
119900288,2,22,-20
119900289,1,43,-42
119900290,4,21,-17
119900291,0,118,-118
119900292,43,71,-28
119900293,25,75,-50
119900294,31,72,-41
119900295,18,39,-21
119900296,96,178,-82
119900297,2,29,-27
119900298,9,13,-4
119900299,37,158,-121
119900300,206,277,-71
119900301,101,203,-102
119900302,240,108,132
119900303,282,144,138
119900304,190,45,145
119900305,11,110,-99
119900306,32,5,27
119900307,103,98,5
119900308,17,30,-13
119900309,66,179,-113
119900310,318,284,34
119900311,138,95,43
119900312,169,92,77
119900313,263,327,-64
119900314,249,369,-120
119900315,2148,2066,82
119900318,22,39,-17
119900319,32,279,-247
119900320,370,515,-145
119900321,101,5,96
120000001,7018,17476,-10458
120000002,3146,2475,671
120000003,3332,1645,1687
120000004,2795,1860,935
120000005,4344,2205,2139
120000006,1278,1216,62
120000007,3870,3295,575
120000008,1263,1399,-136
120000009,2573,1394,1179
120000010,2154,2938,-784
120000011,1150,1580,-430
120000012,1894,2673,-779
120000013,3944,3406,538
120000014,907,1531,-624
120000015,2967,1743,1224
120000016,4472,2468,2004
120000017,3683,2810,873
120000018,3960,13898,-9938
120000019,1248,1611,-363
120000020,3739,3652,87
120000021,2218,2499,-281
120000022,3311,4334,-1023
120000023,1309,1730,-421
120000024,1725,2747,-1022
120000025,3221,2134,1087
120000026,2442,1946,496
120000027,2643,2426,217
120000028,1102,2141,-1039
120000029,4457,2389,2068
120000030,891,1346,-455
120000031,2857,8564,-5707
120000032,8615,4186,4429
120000033,5068,1884,3184
120000034,2470,1782,688
120000035,2676,2066,610
120000036,3448,5037,-1589
120000037,737,1762,-1025
120000038,7345,5010,2335
120000039,1021,1103,-82
120000040,205,847,-642
120000041,1689,2220,-531
120000042,2743,2522,221
120000043,6172,1841,4331
120000044,6382,1671,4711
120000045,6977,1085,5892
120000046,3944,3151,793
120000047,1149,7244,-6095
120000048,7755,4982,2773
120000049,4099,3410,689
120000050,4258,3981,277
120000051,3438,4792,-1354
120000052,8765,2456,6309
120000053,1538,2239,-701
120000054,1514,3562,-2048
120000055,1980,4524,-2544
120000056,5724,4336,1388
120000057,4661,1463,3198
120000058,4264,2026,2238
120000059,9,2085,-2076
120000061,123,517,-394
120000062,317,489,-172
120000063,1519,2626,-1107
120000064,278,961,-683
120000065,538,1481,-943
120000066,470,697,-227
120000067,113,679,-566
120000068,215,736,-521
120000069,690,1009,-319
120000070,108,641,-533
120000071,706,155,551
120000072,959,516,443
120000073,1077,140,937
120000074,281,152,129
120000075,1151,414,737
120000076,2587,414,2173
120000077,2563,699,1864
120000078,4540,1296,3244
120000079,352,165,187
120000080,140,241,-101
120000081,421,165,256
120000082,226,266,-40
120000083,84,737,-653
120000084,535,424,111
120000085,633,447,186
120000086,311,464,-153
120000087,258,506,-248
120000088,793,1045,-252
120000089,1388,739,649
120000090,1145,638,507
120000091,1187,1094,93
120000092,1471,712,759
120000093,603,472,131
120000094,232,794,-562
120000095,1216,470,746
120000096,370,689,-319
120000098,1130,856,274
120000099,629,812,-183
120000100,1019,799,220
120000101,824,565,259
120000102,733,1099,-366
120000103,1970,1067,903
120000104,2463,542,1921
120000105,3780,714,3066
120000106,2914,637,2277
120000107,5080,583,4497
120000108,1848,144,1704
120000109,1402,105,1297
120000110,87,869,-782
120000111,162,959,-797
120000112,832,2357,-1525
120000113,554,1719,-1165
120000114,914,2233,-1319
120000115,358,1937,-1579
120000116,732,1898,-1166
120000117,882,1459,-577
120000118,52,69,-17
120000119,22,73,-51
120000120,118,84,34
120000121,56,74,-18
120000122,275,410,-135
120000123,4034,7055,-3021
120000124,544,463,81
120000125,656,649,7
120000126,459,1201,-742
120000127,2787,1298,1489
120000128,3555,5383,-1828
120000129,366,310,56
120000130,967,544,423
120000131,365,844,-479
120000134,434,946,-512
120000135,782,617,165
120000137,344,1159,-815
120000138,1340,413,927
120000139,311,615,-304
120000140,1162,583,579
120000141,462,468,-6
120000142,663,644,19
120000143,3,150,-147
120000144,182,9,173
120000145,465,2,463
120000146,980,933,47
120000149,767,1101,-334
120000150,3529,13272,-9743
120000151,535,479,56
120000152,736,187,549
120000153,531,585,-54
120000154,632,458,174
120000155,139,309,-170
120000156,890,1334,-444
120000157,1059,716,343
120000158,1055,771,284
120000159,1968,2450,-482
120000160,2630,1818,812
120000161,2684,2383,301
120000162,92,251,-159
120000163,839,1124,-285
120000164,794,337,457
120000165,645,669,-24
120000166,1773,573,1200
120000167,363,396,-33
120000168,32,1237,-1205
120000169,100,2566,-2466
120000170,106,1853,-1747
120000171,43,612,-569
120000172,42,314,-272
120000173,2349,2752,-403
120000174,369,49,320
120000175,265,41,224
120000176,216,63,153
120000177,1813,175,1638
120000178,173,38,135
120000179,309,71,238
120000180,882,183,699
120000181,336,2889,-2553
120000182,138,1051,-913
120000183,24,1022,-998
120000184,252,2055,-1803
120000186,45,736,-691
120000187,48,396,-348
120000188,133,787,-654
120000190,879,91,788
120000191,1102,158,944
120000192,1094,60,1034
120000193,463,12,451
120000195,142,13,129
120000196,404,59,345
120000197,181,147,34
120000198,193,62,131
120000199,161,1,160
120000200,186,0,186
120000201,14,34,-20
120000202,1,43,-42
120000203,51,163,-112
120000207,1,62,-61
120000208,13,168,-155
120000209,5,44,-39
120000210,78,120,-42
120000211,205,7,198
120000212,205,2,203
120000213,195,239,-44
120000214,0,223,-223
120000215,1,112,-111
120000216,109,24,85
120000217,724,1447,-723
120000218,138,757,-619
120000219,6,428,-422
120000220,8,1320,-1312
120000225,2194,7,2187
120000226,455,9,446
120000227,1139,90,1049
120000228,14101,4053,10048
120000230,529,28,501
120000231,1640,2120,-480
120000233,528,14,514
120000235,333,547,-214
120000236,1529,4,1525
120000237,1,1264,-1263
120000238,19,1596,-1577
120000241,1538,4301,-2763
120000412,734,27,707
120000413,281,291,-10
120000414,177,7,170
120000415,7,80,-73
120000416,186,8,178
120000417,14,73,-59
120000418,254,21,233
120000419,23,187,-164
120000420,58,32,26
120000421,10509,6344,4165
120000422,113,1735,-1622
120000423,4,86,-82
120000424,93,106,-13
120000436,169,833,-664
120000437,183,167,16
120000438,2236,299,1937
120000439,273,611,-338
120000443,206,1,205
120000444,1650,504,1146
120000445,2020,1152,868
120000446,764,263,501
120000447,319,5,314
120000449,214,9,205
120000450,17,166,-149
120000451,158,311,-153
120000452,372,4,368
120000453,0,326,-326
120000454,83,70,13
120000455,71,27,44
120000456,3272,4095,-823
120000457,1453,484,969
120000458,607,708,-101
120000459,153,42,111
120000665,1339,351,988
120000668,137,2110,-1973
120000669,126,251,-125
120000670,278,1683,-1405
120000671,1479,515,964
120000672,99,481,-382
120900001,108,109,-1
120900002,510,667,-157
120900003,259,48,211
120900004,26,87,-61
120900005,11,579,-568
120900006,718,359,359
120900007,280,99,181
120900008,448,1160,-712
120900009,315,36,279
120900010,595,133,462
120900011,433,208,225
120900012,286,1597,-1311
120900013,536,166,370
120900014,8,540,-532
120900015,1194,91,1103
120900016,1107,121,986
120900017,2475,99,2376
120900018,213,425,-212
120900019,828,369,459
120900020,758,1551,-793
120900021,1016,310,706
120900022,27,291,-264
120900023,397,57,340
120900024,2375,624,1751
120900025,1667,1230,437
120900026,365,220,145
120900027,988,23,965
120900028,476,126,350
120900029,125,581,-456
120900030,1605,851,754
120900031,361,119,242
120900032,1437,119,1318
120900033,1400,99,1301
120900034,31,3245,-3214
120900035,85,148,-63
120900037,279,12,267
120900038,65,342,-277
120900039,124,69,55
120900040,352,3,349
120900041,113,31,82
120900042,682,51,631
120900043,130,48,82
120900044,14,461,-447
120900045,148,150,-2
120900046,550,11,539
120900047,134,124,10
120900048,144,36,108
120900049,567,3,564
120900050,1997,1850,147
120900051,381,101,280
120900052,869,8,861
120900053,416,79,337
120900054,1731,628,1103
120900055,507,3,504
120900056,621,23,598
120900057,191,15,176
120900058,652,2,650
120900059,127,0,127
120900060,108,39,69
120900061,304,287,17
120900062,272,3,269
120900063,711,7,704
120900064,800,4,796
120900065,629,14,615
120900066,547,244,303
120900067,245,59,186
120900068,367,1,366
120900069,272,32,240
120900071,38,3,35
120900072,849,6,843
120900073,637,113,524
120900074,934,17,917
120900076,426,3,423
120900077,3169,286,2883
120900078,1044,676,368
120900079,987,87,900
120900080,919,1405,-486
120900081,1137,974,163
120900082,466,449,17
120900083,134,4,130
120900084,358,536,-178
120900085,92,134,-42
120900086,109,395,-286
120900087,558,415,143
120900088,217,571,-354
120900089,2845,3364,-519
120900090,431,124,307
120900091,735,1050,-315
120900092,1253,419,834
120900093,1828,150,1678
120900094,559,243,316
120900095,553,37,516
120900096,71,297,-226
120900097,897,762,135
120900098,229,153,76
120900099,113,71,42
120900100,98,190,-92
120900101,578,237,341
120900102,67,119,-52
120900103,49,329,-280
120900104,32,45,-13
120900105,54,389,-335
120900106,987,540,447
120900107,336,182,154
120900108,8,481,-473
120900109,60,570,-510
120900110,19,635,-616
120900111,199,336,-137
120900112,14,672,-658
120900113,22,625,-603
120900114,39,240,-201
120900115,220,277,-57
120900116,517,391,126
120900117,9,347,-338
120900118,15,561,-546
120900119,9616,5166,4450
120900120,190,845,-655
120900121,335,582,-247
120900122,562,377,185
120900123,6,289,-283
120900124,4,462,-458
120900125,2,705,-703
120900126,1521,919,602
120900127,14,460,-446
120900128,1079,1485,-406
120900129,61,225,-164
120900130,4,436,-432
120900131,159,192,-33
120900132,1309,273,1036
120900133,200,824,-624
120900134,751,478,273
120900135,9,510,-501
120900136,90,482,-392
120900137,314,117,197
120900138,14,210,-196
120900139,5,570,-565
120900140,13,311,-298
120900141,239,263,-24
120900142,12,445,-433
120900143,3,667,-664
120900144,0,133,-133
120900145,192,749,-557
120900146,3,838,-835
120900147,6,492,-486
120900148,216,142,74
120900149,1,284,-283
120900150,47,440,-393
120900151,1,528,-527
120900152,1,27,-26
120900153,103,145,-42
120900154,1,214,-213
120900155,224,846,-622
120900156,60,346,-286
120900157,140,282,-142
120900158,96,572,-476
120900159,126,406,-280
120900160,38,696,-658
120900161,219,564,-345
120900162,132,1031,-899
120900163,199,2156,-1957
120900164,2,44,-42
120900165,6,97,-91
120900166,165,806,-641
120900167,539,195,344
120900169,79,307,-228
120900170,952,3473,-2521
120900171,1149,218,931
120900172,1948,2803,-855
120900173,1,68,-67
120900174,22,121,-99
120900175,324,199,125
120900176,23,420,-397
120900177,2,1399,-1397
120900178,1,717,-716
120900179,774,521,253
120900180,86,220,-134
120900181,303,49,254
120900182,51,373,-322
120900183,822,108,714
120900184,491,86,405
120900185,14,473,-459
120900186,2,236,-234
120900187,662,1118,-456
120900188,241,9,232
120900189,118,1583,-1465
120900190,161,5,156
120900191,14,22,-8
120900192,8806,9201,-395
120900194,99,107,-8
120900195,153,380,-227
120900196,897,43,854
120900197,941,143,798
120900198,346,585,-239
120900199,664,1859,-1195
120900200,85,154,-69
120900201,464,204,260
120900202,0,157,-157
120900203,27,84,-57
120900204,179,259,-80
120900205,70,56,14
120900206,28,45,-17
121000001,836,1293,-457
121000002,2954,1542,1412
121000003,3250,2482,768
121000004,3073,3668,-595
121000005,1855,3176,-1321
121000006,3997,2107,1890
121000007,2622,3518,-896
121000008,5745,4414,1331
121000009,6355,6505,-150
121000010,9467,6896,2571
121000011,10425,13654,-3229
121000012,19419,11934,7485
121000013,5510,7849,-2339
121000014,6831,5796,1035
121000015,4621,8107,-3486
121000016,4961,4044,917
121000017,2438,4272,-1834
121000018,3330,2162,1168
121000019,17873,13645,4228
121000020,15950,20125,-4175
121000021,3422,3516,-94
121000022,3434,3931,-497
121000023,3936,3031,905
121000024,5463,5628,-165
121000025,829,1650,-821
121000026,483,189,294
121000027,1877,1461,416
121000028,1125,723,402
121000029,1154,795,359
121000030,813,572,241
121000031,832,825,7
121000032,293,141,152
121000034,397,293,104
121000035,150,206,-56
121000036,1139,933,206
121000037,638,572,66
121000038,563,1141,-578
121000039,306,497,-191
121000041,598,663,-65
121000042,301,489,-188
121000043,714,697,17
121000044,1539,1027,512
121000045,587,378,209
121000046,789,1128,-339
121000047,45,180,-135
121000049,1420,685,735
121000050,350,1364,-1014
121000051,694,351,343
121000052,439,685,-246
121000053,529,145,384
121000054,77,480,-403
121000055,1288,1319,-31
121000056,1026,1166,-140
121000057,357,606,-249
121000058,538,238,300
121000059,3132,1479,1653
121000060,785,1095,-310
121000061,123,551,-428
121000062,221,479,-258
121000063,969,855,114
121000064,742,616,126
121000065,435,520,-85
121000066,370,412,-42
121000067,646,681,-35
121000068,830,490,340
121000069,572,963,-391
121000070,1864,1419,445
121000071,1549,1631,-82
121000072,1422,830,592
121000073,1211,1124,87
121000074,149,129,20
121000075,82,388,-306
121000076,755,574,181
121000077,150,221,-71
121000078,147,271,-124
121000080,2126,706,1420
121000081,4634,3509,1125
121000082,82,288,-206
121000083,187,135,52
121000084,203,154,49
121000085,359,486,-127
121000086,315,852,-537
121000087,72,379,-307
121000088,535,588,-53
121000089,581,561,20
121000090,528,476,52
121000091,1802,1196,606
121000092,243,96,147
121000093,245,246,-1
121000094,655,866,-211
121000095,411,965,-554
121000096,2795,2582,213
121000097,1162,2730,-1568
121000098,775,1169,-394
121000099,573,835,-262
121000100,948,391,557
121000101,460,348,112
121000102,426,311,115
121000103,275,334,-59
121000104,357,168,189
121000105,590,298,292
121000106,439,475,-36
121000107,2219,3349,-1130
121000109,1443,1222,221
121000110,343,754,-411
121000114,3622,2197,1425
121000115,1083,727,356
121000116,272,933,-661
121000117,693,224,469
121000118,1666,235,1431
121000119,278,471,-193
121000120,406,579,-173
121000121,659,1686,-1027
121000123,1540,885,655
121000126,107,425,-318
121000127,189,100,89
121000128,1055,449,606
121000129,1147,729,418
121000130,687,1010,-323
121000131,2840,2292,548
121000132,1890,2413,-523
121000135,558,1095,-537
121000136,1509,1512,-3
121000137,582,403,179
121000138,1115,1853,-738
121000139,517,741,-224
121000141,219,222,-3
121000142,783,994,-211
121000143,168,38,130
121000144,1184,2062,-878
121000145,650,1181,-531
121000146,1545,1252,293
121000147,1146,614,532
121000148,974,1194,-220
121000149,2608,1531,1077
121000152,483,455,28
121000153,2296,610,1686
121000154,1330,624,706
121000155,1853,1126,727
121000156,419,985,-566
121000157,941,1716,-775
121000158,394,486,-92
121000159,212,363,-151
121000160,337,337,0
121000161,257,363,-106
121000162,171,197,-26
121000165,1909,2435,-526
121000166,27,493,-466
121000168,474,274,200
121000169,90,183,-93
121000170,433,87,346
121000171,85,213,-128
121000172,817,603,214
121000173,1730,1332,398
121000174,401,531,-130
121000175,1008,390,618
121000176,459,307,152
121000177,1020,691,329
121000178,152,66,86
121000179,65,81,-16
121000181,443,472,-29
121000182,259,362,-103
121000183,111,255,-144
121000184,131,401,-270
121000185,67,246,-179
121000186,263,846,-583
121000187,238,182,56
121000188,200,186,14
121000192,1272,494,778
121000193,782,644,138
121000194,2379,2509,-130
121000195,299,988,-689
121000196,676,358,318
121000197,288,884,-596
121000198,287,195,92
121000199,205,407,-202
121000200,912,147,765
121000201,10,234,-224
121000202,1130,158,972
121000203,957,1979,-1022
121000204,3537,767,2770
121000205,192,250,-58
121000206,249,71,178
121000207,2429,417,2012
121000208,16,304,-288
121000209,462,272,190
121000210,674,391,283
121000211,485,162,323
121000212,595,652,-57
121000213,11343,3371,7972
121000214,943,2475,-1532
121000215,1157,1168,-11
121000216,651,739,-88
121000217,4929,2611,2318
121000218,481,1810,-1329
121000219,1781,546,1235
121000220,243,91,152
121000221,176,332,-156
121000222,2480,3037,-557
121000223,452,433,19
121000224,331,343,-12
121000225,920,2188,-1268
121000226,1934,1215,719
121000227,16,175,-159
121000228,23,526,-503
121000229,354,353,1
121000230,62,1504,-1442
121000231,1176,26,1150
121000232,488,361,127
121000233,625,377,248
121000234,31,83,-52
121000235,104,101,3
121000236,23,61,-38
121000237,73,28,45
121000238,10,76,-66
121000239,105,7,98
121000240,9,178,-169
121000241,124,25,99
121000242,113,484,-371
121000243,739,197,542
121000244,31,97,-66
121000245,129,39,90
121000246,2,120,-118
121000247,130,16,114
121000248,1444,835,609
121000249,115,366,-251
121000250,695,293,402
121000251,41,317,-276
121000252,164,116,48
121000253,303,364,-61
121000254,686,215,471
121000255,157,292,-135
121000256,384,216,168
121000257,41,106,-65
121000258,143,74,69
121000259,56,102,-46
121000260,72,180,-108
121000261,94,104,-10
121000262,1081,768,313
121000263,522,472,50
121000271,371,1527,-1156
121000273,26,8,18
121000274,14,55,-41
121000275,4,10,-6
121000276,12,22,-10
121000278,38,60,-22
121000279,25,31,-6
121000280,35,53,-18
121000289,281,22,259
121000290,1301,1015,286
121000294,215,147,68
121000297,772,1170,-398
121000299,166,862,-696
121000300,979,710,269
121000302,82,1347,-1265
121000303,521,463,58
121000304,640,73,567
121000305,181,43,138
121000306,131,155,-24
121000308,186,398,-212
121000309,424,617,-193
121000310,120,388,-268
121000311,87,786,-699
121000312,511,336,175
121000313,413,543,-130
121000314,96,158,-62
121000315,73,140,-67
121000530,2023,1418,605
121000531,2004,1557,447
121000532,7549,8450,-901
121000533,3865,3882,-17
121000918,76,135,-59
121000919,61,109,-48
121000938,212,520,-308
121000939,262,425,-163
121000956,1675,1078,597
121000957,12,26,-14
121000958,40,84,-44
121000959,940,705,235
121000960,1565,1821,-256
121000961,299,149,150
121000962,332,474,-142
121000973,3,206,-203
121000976,23,293,-270
121000979,656,203,453
121000981,463,271,192
121000982,377,187,190
121000983,488,323,165
121000984,39,104,-65
121000985,741,498,243
121000986,509,205,304
121000987,296,860,-564
121000988,904,138,766
121001302,337,144,193
121001308,21,22,-1
121001309,69,110,-41
121001313,218,181,37
121001314,1830,2736,-906
121001315,5407,2939,2468
121900001,111,203,-92
121900002,31,35,-4
121900003,443,50,393
121900004,172,531,-359
121900005,45,12,33
121900006,162,47,115
121900007,2598,2234,364
121900008,1089,715,374
121900009,782,26,756
121900010,280,5,275
121900011,352,430,-78
121900012,13,1,12
121900013,1258,116,1142
121900014,1652,318,1334
121900015,256,318,-62
121900016,1,30,-29
121900017,671,544,127
121900018,392,14,378
121900019,553,247,306
121900020,24,4,20
121900021,1113,17,1096
121900022,312,252,60
121900023,206,458,-252
121900024,391,102,289
121900025,721,452,269
121900026,508,57,451
121900027,534,260,274
121900028,308,22,286
121900029,146,270,-124
121900030,597,578,19
121900031,1031,7121,-6090
121900032,143,89,54
121900033,224,283,-59
121900034,397,101,296
121900035,3143,2739,404
121900036,95,336,-241
121900037,255,1231,-976
121900038,40,168,-128
121900039,422,69,353
121900040,103,161,-58
121900041,142,234,-92
121900042,481,193,288
121900043,15,7,8
121900044,177,79,98
121900046,341,417,-76
121900047,297,62,235
121900048,69,131,-62
121900050,40,69,-29
121900051,201,152,49
121900052,198,47,151
121900053,581,368,213
121900054,488,921,-433
121900055,1,36,-35
121900058,268,160,108
121900059,561,234,327
121900060,152,412,-260
121900061,303,218,85
121900062,163,173,-10
121900063,2006,500,1506
121900064,342,644,-302
121900066,85,45,40
121900067,65,84,-19
121900069,192,207,-15
121900070,307,178,129
121900071,487,289,198
121900072,65,128,-63
121900073,241,231,10
121900074,1083,1310,-227
121900075,521,655,-134
121900076,490,759,-269
121900077,22,24,-2
121900078,98,74,24
121900079,2,1,1
121900080,1105,432,673
121900082,64,123,-59
121900084,32,132,-100
121900085,3,12,-9
121900086,31,129,-98
121900087,218,106,112
121900088,2586,3808,-1222
121900089,193,309,-116
121900090,34,120,-86
121900091,80,97,-17
121900092,98,195,-97
121900093,87,98,-11
121900094,24,16,8
121900095,327,176,151
121900096,1454,944,510
121900097,701,236,465
121900098,8,7,1
121900099,230,71,159
121900100,299,638,-339
121900101,178,150,28
121900102,5,144,-139
121900103,527,350,177
121900104,1804,323,1481
121900105,360,180,180
121900106,9,7,2
121900107,77,33,44
121900108,3,22,-19
121900109,304,177,127
121900110,623,754,-131
121900111,762,313,449
121900112,210,247,-37
121900113,93,464,-371
121900114,87,77,10
121900115,293,362,-69
121900117,298,241,57
121900118,1930,550,1380
121900119,222,140,82
121900120,67,1377,-1310
121900121,486,36,450
121900122,39,49,-10
121900123,355,416,-61
121900124,152,165,-13
121900125,2079,1118,961
121900127,19,131,-112
121900128,108,104,4
121900129,710,196,514
121900130,109,233,-124
121900131,247,99,148
121900132,60,123,-63
121900133,108,1156,-1048
121900134,35,232,-197
121900135,4193,557,3636
121900136,525,320,205
121900137,95,338,-243
121900138,136,249,-113
121900139,391,704,-313
121900140,80,220,-140
121900141,82,70,12
121900142,220,165,55
121900143,38,202,-164
121900144,181,325,-144
121900145,280,373,-93
121900146,657,751,-94
121900147,60,203,-143
121900148,217,379,-162
121900149,400,564,-164
121900150,92,163,-71
121900151,89,215,-126
121900152,135,129,6
121900153,115,987,-872
121900154,8,254,-246
121900155,6,184,-178
121900156,231,143,88
121900157,3,354,-351
121900158,77,115,-38
121900159,1,210,-209
121900160,67,273,-206
121900161,355,372,-17
121900162,93,180,-87
121900163,295,411,-116
121900164,364,212,152
121900165,308,167,141
121900166,160,224,-64
121900167,98,154,-56
121900168,149,218,-69
121900169,12,208,-196
121900170,20,233,-213
121900171,907,664,243
121900172,587,240,347
121900173,1099,299,800
121900174,62,72,-10
121900175,201,423,-222
121900176,603,1561,-958
121900177,224,108,116
121900178,47,41,6
121900179,448,186,262
121900180,3708,5287,-1579
121900182,738,364,374
121900183,619,1752,-1133
121900184,97,823,-726
121900186,9,425,-416
121900187,46,205,-159
121900188,835,343,492
121900189,56,100,-44
121900190,251,477,-226
121900191,152,209,-57
121900192,400,860,-460
121900193,72,117,-45
121900194,14,311,-297
121900195,77,122,-45
121900196,972,1072,-100
121900197,265,1395,-1130
121900198,1360,1044,316
121900199,3,49,-46
121900200,50,253,-203
121900201,1100,877,223
121900202,166,810,-644
121900203,311,1137,-826
121900204,929,1456,-527
121900205,16,90,-74
121900206,28,69,-41
121900207,187,68,119
121900208,170,328,-158
121900209,101,40,61
121900210,1517,998,519
121900211,11,93,-82
121900212,154,136,18
121900213,213,99,114
121900214,23,533,-510
121900215,70,115,-45
121900216,49,379,-330
121900217,273,254,19
121900218,208,345,-137
121900220,177,17,160
121900221,300,630,-330
121900222,175,179,-4
121900223,218,76,142
121900224,161,74,87
121900225,121,136,-15
121900226,402,564,-162
121900227,279,578,-299
121900228,195,295,-100
121900229,384,348,36
121900230,93,429,-336
121900231,339,2006,-1667
121900232,284,473,-189
121900233,269,277,-8
121900234,446,255,191
121900235,640,176,464
121900236,398,242,156
121900237,238,350,-112
121900238,171,339,-168
121900239,256,67,189
121900240,309,202,107
121900241,55,68,-13
121900242,13,1,12
121900243,20,0,20
121900244,29,6,23
121900245,248,84,164
121900246,2668,472,2196
121900247,474,293,181
121900248,1500,1514,-14
121900250,318,341,-23
121900251,614,66,548
121900252,705,145,560
121900253,119,793,-674
121900254,456,308,148
121900255,442,112,330
121900258,4001,2139,1862
121900259,374,574,-200
121900260,184,143,41
121900261,150,615,-465
121900262,439,1078,-639
121900263,383,296,87
121900264,1923,1502,421
121900265,353,262,91
121900266,529,153,376
121900267,92,56,36
121900269,308,796,-488
121900270,36,205,-169
121900271,58,172,-114
121900273,551,2003,-1452
121900274,349,252,97
121900276,56,10,46
121900277,638,1611,-973
121900278,153,1063,-910
121900279,170,238,-68
121900280,154,459,-305
121900281,372,463,-91
121900284,158,11,147
121900286,152,85,67
121900287,26,14,12
121900290,395,489,-94
121900291,356,780,-424
121900292,202,144,58
121900293,1032,2901,-1869
121900294,246,3,243
121900295,164,229,-65
121900296,75,314,-239
121900298,318,868,-550
121900299,0,5,-5
121900300,169,6,163
121900301,62,10,52
121900302,10,35,-25
121900303,314,630,-316
121900304,0,9,-9
121900305,2,10,-8
121900306,219,0,219
121900307,58,19,39
121900308,31,293,-262
121900309,9,237,-228
121900310,13,387,-374
121900311,577,16,561
121900312,550,19,531
121900313,400,19,381
121900314,7,65,-58
121900315,20,1,19
121900316,0,10,-10
121900317,22,6,16
121900318,2,12,-10
121900319,71,168,-97
121900320,37,53,-16
121900321,27,1,26
121900322,1,18,-17
121900323,20,25,-5
121900324,10,48,-38
121900325,5,11,-6
121900326,4,21,-17
121900327,5,58,-53
121900328,0,23,-23
121900329,6,127,-121
121900330,0,42,-42
121900331,65,39,26
121900332,125,40,85
121900333,12,0,12
122000001,2266,5591,-3325
122000002,4151,1890,2261
122000003,2265,2898,-633
122000004,3034,1964,1070
122000005,2844,2148,696
122000006,1799,1205,594
122000007,1071,1812,-741
122000008,3212,5119,-1907
122000009,506,493,13
122000010,2353,3209,-856
122000011,3706,1936,1770
122000012,1086,1876,-790
122000013,1255,1206,49
122000014,2142,1261,881
122000015,1535,1268,267
122000016,685,932,-247
122000017,1379,1306,73
122000018,1764,1630,134
122000019,912,1199,-287
122000020,200,254,-54
122000021,328,493,-165
122000022,1275,1122,153
122000023,750,1938,-1188
122000024,730,1464,-734
122000025,879,2206,-1327
122000026,862,1308,-446
122000027,717,1869,-1152
122000028,1129,606,523
122000029,645,643,2
122000030,280,184,96
122000031,202,385,-183
122000032,1993,2046,-53
122000033,731,1549,-818
122000034,827,927,-100
122000035,406,786,-380
122000036,727,555,172
122000037,452,268,184
122000038,249,386,-137
122000039,653,416,237
122000040,300,344,-44
122000041,606,665,-59
122000042,419,430,-11
122000043,156,128,28
122000044,168,145,23
122000045,1286,580,706
122000046,920,791,129
122000047,354,293,61
122000048,4100,5041,-941
122000049,6873,3995,2878
122000050,1426,959,467
122000051,309,426,-117
122000052,605,534,71
122000053,175,945,-770
122000054,2592,2303,289
122000055,2180,3524,-1344
122000056,4967,3758,1209
122000057,3492,4127,-635
122000058,2133,1826,307
122000059,2579,2096,483
122000060,636,825,-189
122000061,521,722,-201
122000062,830,402,428
122000063,1112,869,243
122000064,3489,3436,53
122000065,3484,2719,765
122000066,1128,1146,-18
122000067,1588,1415,173
122000068,1778,1239,539
122000069,829,794,35
122000070,964,1497,-533
122000071,2128,1309,819
122000072,449,528,-79
122000073,332,849,-517
122000074,3504,1974,1530
122000075,1131,1387,-256
122000076,3201,1444,1757
122000077,1114,1156,-42
122000078,1808,3058,-1250
122000079,1064,1609,-545
122000080,677,435,242
122000081,169,279,-110
122000082,555,1134,-579
122000083,2348,1726,622
122000084,1946,1138,808
122000085,372,1137,-765
122000086,2586,6401,-3815
122000087,537,479,58
122000088,506,697,-191
122000089,5370,2805,2565
122000090,271,640,-369
122000091,176,119,57
122000092,163,37,126
122000093,1817,2666,-849
122000094,6090,3884,2206
122000095,2911,5448,-2537
122000096,2383,2195,188
122000098,4004,3405,599
122000099,1708,873,835
122000100,1058,658,400
122000101,428,708,-280
122000102,2381,1459,922
122000103,2390,1948,442
122000104,569,222,347
122000105,544,286,258
122000106,541,733,-192
122000107,1264,599,665
122000108,600,854,-254
122000109,562,331,231
122000110,585,616,-31
122000111,3206,1594,1612
122000112,1230,1466,-236
122000113,749,690,59
122000114,3167,1953,1214
122000115,2201,1371,830
122000116,653,633,20
122000117,1522,517,1005
122000118,684,943,-259
122000119,3778,3120,658
122000120,2341,5061,-2720
122000121,2259,3649,-1390
122000122,752,1714,-962
122000123,1857,1890,-33
122000124,1140,612,528
122000125,800,960,-160
122000126,667,1218,-551
122000127,1086,1231,-145
122000128,498,850,-352
122000129,657,1630,-973
122000130,3756,1592,2164
122000131,1845,1272,573
122000132,695,598,97
122000133,1069,1528,-459
122000134,1152,901,251
122000135,693,780,-87
122000136,985,645,340
122000137,2468,1037,1431
122000139,1389,4268,-2879
122000140,739,719,20
122000141,4774,1345,3429
122000142,361,1088,-727
122000143,549,702,-153
122000144,1797,1226,571
122000145,1571,996,575
122000146,918,1604,-686
122000147,632,539,93
122000148,1849,2604,-755
122000149,2472,1776,696
122000150,1446,1173,273
122000151,196,371,-175
122000152,404,429,-25
122000153,424,340,84
122000154,300,253,47
122000155,1855,2547,-692
122000156,2825,3282,-457
122000157,1337,3064,-1727
122000158,353,760,-407
122000159,870,2008,-1138
122000160,4117,2975,1142
122000161,1473,1415,58
122000162,2592,2163,429
122000163,318,104,214
122000164,49,116,-67
122000165,863,762,101
122000166,810,1286,-476
122000167,331,350,-19
122000168,263,608,-345
122000169,375,232,143
122000170,456,322,134
122000171,70,122,-52
122000172,2123,1527,596
122000173,1833,2762,-929
122000174,2567,1170,1397
122000175,901,297,604
122000176,350,850,-500
122000177,1529,1637,-108
122000178,3292,2715,577
122000179,1797,2627,-830
122000180,1866,1735,131
122000181,1837,3607,-1770
122000182,2332,2251,81
122000183,2489,1158,1331
122000184,3900,3083,817
122000185,1885,2162,-277
122000186,537,804,-267
122000187,2110,1036,1074
122000188,517,263,254
122000189,337,320,17
122000190,1123,1378,-255
122000191,1012,1005,7
122000192,1309,416,893
122000193,540,915,-375
122000194,485,203,282
122000195,209,504,-295
122000196,1319,756,563
122000197,530,870,-340
122000198,530,1018,-488
122000199,379,418,-39
122000200,1046,633,413
122000201,1483,1829,-346
122000202,1474,1947,-473
122000203,3300,1603,1697
122000204,1476,2084,-608
122000205,1401,1529,-128
122000206,2679,1185,1494
122000207,1960,1657,303
122000208,2717,1640,1077
122000209,2077,403,1674
122000210,2362,1863,499
122000211,1548,1604,-56
122000212,870,556,314
122000213,1243,1425,-182
122000214,2309,1884,425
122000215,2652,1910,742
122000217,2104,1731,373
122000218,875,84,791
122000219,1294,1039,255
122000220,472,864,-392
122000221,119,516,-397
122000222,609,150,459
122000223,1484,682,802
122000225,917,308,609
122000226,1700,2031,-331
122000227,302,2456,-2154
122000228,372,458,-86
122000229,20,564,-544
122000230,173,580,-407
122000231,523,791,-268
122000232,695,985,-290
122000233,2,138,-136
122000234,474,68,406
122000235,563,123,440
122000236,1420,107,1313
122000237,161,115,46
122000238,655,371,284
122000239,995,223,772
122000240,1347,670,677
122000241,1630,581,1049
122000242,869,154,715
122000243,45,48,-3
122000244,12,338,-326
122000245,11,65,-54
122000246,28,120,-92
122000247,720,295,425
122000248,1100,1621,-521
122000249,1285,1013,272
122000250,2585,1047,1538
122000251,272,459,-187
122000252,535,143,392
122000253,89,248,-159
122000254,305,104,201
122000255,831,1561,-730
122000256,367,862,-495
122000257,194,261,-67
122000258,391,311,80
122000259,20,511,-491
122000260,3,51,-48
122000261,23,296,-273
122000262,0,34,-34
122000263,662,224,438
122000264,1942,305,1637
122000265,2589,900,1689
122000266,4739,719,4020
122000267,188,156,32
122000268,222,389,-167
122000269,1107,380,727
122000270,617,219,398
122000271,360,1120,-760
122000272,351,847,-496
122000273,428,458,-30
122000274,276,210,66
122000275,99,198,-99
122000276,866,660,206
122000277,1451,1675,-224
122000278,1954,756,1198
122000279,326,495,-169
122000280,1096,781,315
122000281,1101,814,287
122000282,206,560,-354
122000283,275,201,74
122000284,224,90,134
122000285,318,111,207
122000286,88,211,-123
122000287,1576,1517,59
122000288,541,268,273
122000291,2282,805,1477
122000293,242,278,-36
122000294,182,308,-126
122000295,1558,249,1309
122000296,30,500,-470
122000297,2661,3453,-792
122000299,744,455,289
122000300,632,650,-18
122000301,9383,3438,5945
122000302,641,1609,-968
122000303,2990,1407,1583
122000304,85,314,-229
122000305,1397,309,1088
122000306,52,470,-418
122000307,145,137,8
122000309,62,49,13
122000310,18,103,-85
122000311,123,152,-29
122000312,127,175,-48
122000313,77,67,10
122000314,133,278,-145
122000315,324,71,253
122000316,980,233,747
122000317,1934,351,1583
122000318,381,943,-562
122000319,272,434,-162
122000320,322,1439,-1117
122000321,90,180,-90
122000322,1985,2251,-266
122000323,1473,2388,-915
122000324,1170,1468,-298
122000325,1073,1983,-910
122000326,112,117,-5
122000327,672,1025,-353
122000328,882,669,213
122000330,2478,1199,1279
122000332,217,397,-180
122000333,10,78,-68
122000337,1316,1276,40
122000338,608,474,134
122000340,375,742,-367
122000342,1824,1018,806
122000343,452,905,-453
122000344,101,12,89
122000345,66,34,32
122000346,490,475,15
122000348,914,776,138
122000349,134,819,-685
122000351,146,200,-54
122000352,279,221,58
122000353,140,60,80
122000355,141,423,-282
122000356,1166,1568,-402
122000357,133,24,109
122000358,1,51,-50
122000359,0,21,-21
122000360,0,51,-51
122000362,20,89,-69
122000364,178,335,-157
122000365,15,59,-44
122000366,13,16,-3
122000368,507,785,-278
122000370,35,73,-38
122000371,19,0,19
122000372,14,0,14
122000381,127,362,-235
122000382,107,207,-100
122000384,2464,1210,1254
122000385,76,0,76
122000386,346,1568,-1222
122000387,607,727,-120
122000388,1450,714,736
122000389,216,711,-495
122000390,334,288,46
122000391,429,412,17
122000392,264,217,47
122000393,34,137,-103
122000394,656,251,405
122000395,136,152,-16
122000396,265,89,176
122000397,28,60,-32
122000398,22,77,-55
122000399,174,82,92
122000400,100,626,-526
122000401,156,77,79
122000402,371,115,256
122000403,553,715,-162
122000404,233,267,-34
122000408,1003,1483,-480
122000503,13,122,-109
122000524,233,197,36
122000544,130,2202,-2072
122000616,433,7,426
122000640,73,114,-41
122000641,137,315,-178
122000642,1188,939,249
122000643,68,244,-176
122000644,193,76,117
122000645,111,186,-75
122000651,1302,1130,172
122000664,157,56,101
122000665,1429,570,859
122000666,868,1246,-378
122000673,38,206,-168
122000674,226,111,115
122000675,1851,701,1150
122000686,409,941,-532
122000687,1483,287,1196
122000688,425,528,-103
122000689,1039,433,606
122000690,2395,457,1938
122000691,989,1541,-552
122000692,1892,374,1518
122000693,414,1635,-1221
122000695,363,381,-18
122000696,517,275,242
122000698,465,472,-7
122000699,233,148,85
122000701,1723,312,1411
122000702,512,1059,-547
122000703,223,56,167
122000717,105,85,20
122000718,423,907,-484
122000719,146,88,58
122000720,528,217,311
122000724,26,9,17
122900001,49,10,39
122900002,1259,6325,-5066
122900003,474,53,421
122900004,1910,100,1810
122900005,116,169,-53
122900006,729,1155,-426
122900007,250,124,126
122900008,464,217,247
122900009,976,537,439
122900010,289,156,133
122900012,258,557,-299
122900014,155,211,-56
122900015,1755,1586,169
122900016,183,249,-66
122900017,368,1124,-756
122900018,214,33,181
122900019,11,150,-139
122900020,163,532,-369
122900021,55,459,-404
122900022,1088,817,271
122900023,626,254,372
122900024,154,118,36
122900025,14,471,-457
122900026,71,267,-196
122900027,71,644,-573
122900028,94,160,-66
122900029,4774,3276,1498
122900030,1130,768,362
122900031,52,404,-352
122900032,176,618,-442
122900033,173,151,22
122900034,4291,5288,-997
122900035,115,89,26
122900036,85,93,-8
122900037,466,170,296
122900038,151,3327,-3176
122900039,93,627,-534
122900040,264,630,-366
122900041,277,474,-197
122900042,250,349,-99
122900043,388,256,132
122900044,128,359,-231
122900045,151,126,25
122900046,181,386,-205
122900047,123,229,-106
122900048,67,236,-169
122900049,1312,184,1128
122900051,104,155,-51
122900052,113,151,-38
122900053,34,48,-14
122900055,376,123,253
122900057,258,45,213
122900061,538,181,357
122900062,660,626,34
122900063,150,226,-76
122900064,844,540,304
122900065,652,238,414
122900066,827,350,477
122900067,1183,736,447
122900068,165,342,-177
122900069,507,1521,-1014
122900070,371,55,316
122900071,117,324,-207
122900072,20,438,-418
122900073,22,201,-179
122900074,1163,607,556
122900075,2,82,-80
122900076,5,216,-211
122900077,0,98,-98
122900078,257,74,183
122900080,34,48,-14
122900081,242,201,41
122900082,943,282,661
122900083,157,183,-26
122900084,16,197,-181
122900086,12,165,-153
122900087,288,471,-183
122900088,21,250,-229
122900089,104,301,-197
122900090,16,379,-363
122900091,314,1,313
122900092,1,193,-192
122900093,1,181,-180
122900094,4,160,-156
122900095,204,15,189
122900096,430,121,309
122900097,56,57,-1
122900098,76,171,-95
122900099,69,19,50
122900100,242,390,-148
122900101,670,329,341
122900102,25,42,-17
122900103,131,20,111
122900104,277,12,265
122900105,23,12,11
122900106,3,63,-60
122900107,11,156,-145
122900108,14,152,-138
123000001,1374,484,890
123000002,3758,6101,-2343
123000003,4847,4654,193
123000004,3506,4369,-863
123000005,3051,2981,70
123000006,2538,2584,-46
123000007,4701,2774,1927
123000008,3192,3227,-35
123000009,4725,3116,1609
123000010,3394,3559,-165
123000011,2269,847,1422
123000012,777,2386,-1609
123000013,3906,939,2967
123000014,848,3623,-2775
123000015,3950,1347,2603
123000016,4462,5152,-690
123000017,4056,1901,2155
123000018,145,111,34
123000019,473,167,306
123000020,272,82,190
123000021,133,169,-36
123000022,385,1505,-1120
123000023,1946,1987,-41
123000024,1953,899,1054
123000025,169,128,41
123000026,35,136,-101
123000027,86,776,-690
123000028,1324,1248,76
123000029,523,1866,-1343
123000030,320,277,43
123000031,446,266,180
123000032,545,124,421
123000033,245,86,159
123000034,1174,852,322
123000035,518,491,27
123000036,365,1012,-647
123000037,323,415,-92
123000038,250,249,1
123000039,634,1802,-1168
123000040,769,392,377
123000041,1228,1314,-86
123000042,855,669,186
123000043,3225,11791,-8566
123000044,4623,2970,1653
123000045,7335,3717,3618
123000046,821,1900,-1079
123000047,2003,1165,838
123000048,138,1114,-976
123000049,7500,12063,-4563
123000050,1869,1809,60
123000051,88,202,-114
123000052,977,4032,-3055
123000053,3256,3573,-317
123000054,1882,2339,-457
123000055,1840,4051,-2211
123000056,1237,1864,-627
123000057,10566,8263,2303
123000058,753,1285,-532
123000059,427,619,-192
123000060,1193,399,794
123000061,302,705,-403
123000063,1010,1012,-2
123000064,1214,277,937
123000065,4863,3796,1067
123000066,803,637,166
123000067,1065,587,478
123000068,2886,3028,-142
123000069,6898,3229,3669
123000070,309,552,-243
123000071,1604,997,607
123000072,1380,887,493
123000073,1710,824,886
123000074,1230,972,258
123000075,525,1356,-831
123000076,873,700,173
123000077,2050,2269,-219
123000078,2081,1516,565
123000079,2054,1944,110
123000080,2693,1704,989
123000081,210,410,-200
123000082,445,1057,-612
123000083,1062,277,785
123000084,712,428,284
123000085,423,82,341
123000086,783,140,643
123000087,417,316,101
123000088,1384,786,598
123000089,603,1105,-502
123000090,1135,860,275
123000091,1551,1362,189
123000092,1003,1208,-205
123000094,689,253,436
123000095,732,651,81
123000096,891,437,454
123000097,608,686,-78
123000098,837,610,227
123000099,710,668,42
123000100,621,832,-211
123000101,621,700,-79
123000102,625,795,-170
123000104,551,579,-28
123000105,687,566,121
123000106,590,599,-9
123000107,514,450,64
123000108,812,1050,-238
123000111,1128,378,750
123000112,1576,533,1043
123000113,579,1254,-675
123000114,442,583,-141
123000115,271,370,-99
123000116,60,112,-52
123000117,1970,1787,183
123000118,481,812,-331
123000119,289,747,-458
123000120,452,747,-295
123000121,612,527,85
123000122,365,303,62
123000123,499,555,-56
123000124,502,477,25
123000125,1423,1469,-46
123000126,1467,5102,-3635
123000127,800,637,163
123000128,410,362,48
123000129,976,237,739
123000130,862,104,758
123000131,1187,764,423
123000132,387,711,-324
123000133,276,416,-140
123000134,414,155,259
123000135,2975,1226,1749
123000136,226,699,-473
123000137,112,304,-192
123000138,96,397,-301
123000139,781,110,671
123000140,112,751,-639
123000141,991,141,850
123000142,1250,1135,115
123000143,994,2007,-1013
123000144,44,39,5
123000145,226,220,6
123000146,53,100,-47
123000147,67,134,-67
123000149,455,511,-56
123000150,194,309,-115
123000151,317,595,-278
123000152,130,436,-306
123000153,200,944,-744
123000154,1995,2483,-488
123000155,2612,1558,1054
123000156,53,120,-67
123000157,689,1067,-378
123000158,696,770,-74
123000159,3656,3036,620
123000160,1196,930,266
123000161,2041,1317,724
123000162,1257,1808,-551
123000163,692,178,514
123000164,1916,374,1542
123000165,475,1364,-889
123000166,39,166,-127
123000167,228,271,-43
123000168,269,286,-17
123000169,934,144,790
123000170,105,145,-40
123000171,855,29,826
123000172,240,586,-346
123000173,689,313,376
123000174,1321,438,883
123000175,603,1253,-650
123000176,1281,289,992
123000177,337,1074,-737
123000178,944,185,759
123000179,42,580,-538
123000180,1879,320,1559
123000181,320,1104,-784
123000182,293,423,-130
123000183,208,548,-340
123000184,139,521,-382
123000185,1191,300,891
123000186,2,470,-468
123000187,650,3,647
123000188,247,2,245
123000189,187,163,24
123000190,106,102,4
123000192,17,379,-362
123000193,92,756,-664
123000194,419,249,170
123000195,451,45,406
123000196,364,31,333
123000197,62,88,-26
123000198,52,709,-657
123000199,21,783,-762
123000200,585,5,580
123000201,1274,19,1255
123000202,21,913,-892
123000203,1068,105,963
123000204,83,924,-841
123000205,518,1405,-887
123000206,2557,323,2234
123000207,80,722,-642
123000208,641,195,446
123000209,2671,662,2009
123000210,483,1695,-1212
123000211,579,2241,-1662
123000212,3854,599,3255
123000213,811,91,720
123000215,131,257,-126
123000216,178,1195,-1017
123000217,237,34,203
123000218,64,908,-844
123000219,884,85,799
123000220,636,118,518
123000221,224,121,103
123000222,476,418,58
123000223,540,326,214
123000224,505,432,73
123000225,274,80,194
123000226,130,379,-249
123000227,93,332,-239
123000228,300,64,236
123000229,988,1532,-544
123000232,125,518,-393
123000233,967,171,796
123000234,189,509,-320
123000235,1417,380,1037
123000236,419,755,-336
123000237,392,104,288
123000238,50,542,-492
123000239,514,1324,-810
123000240,65,572,-507
123000241,466,130,336
123000242,314,202,112
123000243,745,910,-165
123000244,932,697,235
123000245,62,208,-146
123000249,1317,526,791
123000252,1043,331,712
123000253,1519,625,894
123000254,763,1015,-252
123000255,1339,1000,339
123000256,17,266,-249
123000257,2561,1926,635
123000258,1014,808,206
123000259,406,386,20
123000260,622,399,223
123000261,348,181,167
123000262,91,144,-53
123000263,508,107,401
123000264,236,101,135
123000265,72,131,-59
123000266,627,725,-98
123000267,907,402,505
123000268,54,99,-45
123000269,50,113,-63
123000270,29,58,-29
123000271,72,78,-6
123000272,798,298,500
123000273,351,828,-477
123000274,1362,659,703
123000275,337,856,-519
123000278,2392,2654,-262
123000279,128,82,46
123000280,330,369,-39
123000281,348,138,210
123000282,106,313,-207
123000283,135,53,82
123000284,72,67,5
123000286,211,421,-210
123000287,515,327,188
123000288,1550,1009,541
123000289,507,1215,-708
123000291,291,907,-616
123000294,157,258,-101
123000295,1091,1098,-7
123000296,671,480,191
123000297,560,449,111
123000298,676,387,289
123000299,58,158,-100
123000300,1154,940,214
123000301,170,335,-165
123000302,150,126,24
123000303,164,220,-56
123000305,1184,970,214
123000306,200,102,98
123000309,42,49,-7
123000310,48,54,-6
123000311,0,72,-72
123000312,483,687,-204
123000313,681,269,412
123000315,333,313,20
123000316,1040,96,944
123000317,202,62,140
123000318,63,182,-119
123000329,13,13,0
123000337,1268,444,824
123000338,428,104,324
123000339,308,85,223
123000340,116,355,-239
123000342,22,50,-28
123000343,54,13,41
123000344,1183,413,770
123000345,414,574,-160
123000346,477,34,443
123000352,1265,1049,216
123000353,54,232,-178
123000354,324,4,320
123000355,1,270,-269
123000356,477,23,454
123000357,7,122,-115
123000359,4,140,-136
123000360,228,103,125
123000361,239,296,-57
123000362,501,121,380
123000363,105,185,-80
123000364,625,592,33
123000365,19,422,-403
123000366,534,2361,-1827
123000367,329,1116,-787
123000370,31,392,-361
123000371,660,66,594
123000372,425,39,386
123000373,12,403,-391
123000374,19,147,-128
123000375,375,49,326
123000376,1090,776,314
123000377,530,13,517
123000378,23,244,-221
123000379,4,224,-220
123000380,52,556,-504
123000381,145,50,95
123000382,1170,164,1006
123000383,182,1463,-1281
123000384,534,130,404
123000385,154,585,-431
123000436,60,1099,-1039
123000507,124,268,-144
123000508,193,1062,-869
123000517,305,53,252
123000518,32,221,-189
123000519,201,78,123
123000520,66,189,-123
123000521,466,112,354
123000522,147,386,-239
123000541,15,5,10
123000542,0,30,-30
123000565,689,46,643
123000566,297,338,-41
123000567,108,174,-66
123000573,47,823,-776
123000574,926,82,844
123000575,1636,1115,521
123000576,1094,1368,-274
123000577,68,789,-721
123000578,566,83,483
123000579,2057,6612,-4555
123000580,137,26,111
123000582,540,45,495
123000583,17,315,-298
123000584,201,484,-283
123000585,0,97,-97
123000586,153,25,128
123000596,62,94,-32
123000597,72,124,-52
123000602,62,3,59
123000603,973,518,455
123000604,407,593,-186
123000605,849,200,649
123000606,2,333,-331
123000609,8,352,-344
123000610,238,140,98
123000613,33,176,-143
123000614,357,74,283
123000615,62,88,-26
123000616,1007,54,953
123000617,158,369,-211
123000618,84,634,-550
123000619,583,55,528
123000620,26,384,-358
123000622,499,21,478
123000624,195,44,151
123000630,1322,482,840
123000631,263,893,-630
123000632,749,747,2
123000633,1,153,-152
123000634,75,165,-90
123000635,76,111,-35
123000636,20,533,-513
123000637,214,95,119
123000638,428,42,386
123000639,1124,4999,-3875
123000640,43,501,-458
123900001,1275,67,1208
123900002,39,1319,-1280
123900003,236,477,-241
123900005,304,226,78
123900006,322,74,248
124000001,2161,172,1989
124000002,76,1717,-1641
124000003,1066,149,917
124000004,59,503,-444
124000005,1309,594,715
124000006,239,842,-603
124000007,408,99,309
124000008,16,478,-462
124000009,656,211,445
124000010,210,365,-155
124000011,961,284,677
124000012,254,503,-249
124000017,250,116,134
124000018,136,89,47
124000019,178,107,71
124000020,80,140,-60
124000021,118,96,22
124000022,92,179,-87
124000023,1445,1696,-251
124000024,1119,493,626
124000025,1121,1873,-752
124000026,1114,1002,112
124000027,5306,5767,-461
124000028,2100,4290,-2190
124000030,2690,1506,1184
124000031,1377,3681,-2304
124000032,2075,893,1182
124000033,138,224,-86
124000034,871,560,311
124000035,37,284,-247
124000036,67,181,-114
124000037,615,1214,-599
124000038,44,123,-79
124000039,945,539,406
124000040,544,1174,-630
124000041,508,87,421
124000042,95,422,-327
124000043,97,95,2
124000044,28,222,-194
124000045,940,537,403
124000046,326,697,-371
124000047,2159,853,1306
124000048,1078,1334,-256
124000049,2022,570,1452
124000050,980,1521,-541
124000051,1149,546,603
124000052,715,805,-90
124000053,702,1690,-988
124000054,915,490,425
124000055,1612,3055,-1443
124000056,2138,1313,825
124000057,1212,664,548
124000058,473,1063,-590
124000059,851,1424,-573
124000060,1282,567,715
124000061,1626,6207,-4581
124000062,3422,1838,1584
124000063,1231,1573,-342
124000064,1949,1369,580
124000065,18,428,-410
124000066,51,37,14
124000067,242,174,68
124000068,16,14,2
124000069,183,11,172
124000070,55,96,-41
124000071,184,86,98
124000072,217,426,-209
124000073,1111,174,937
124000074,218,781,-563
124000075,430,31,399
124000076,8,211,-203
124000077,1275,1132,143
124000078,2568,1257,1311
124000079,376,1766,-1390
124000080,729,231,498
124000081,320,623,-303
124000082,132,220,-88
124000083,131,121,10
124000084,70,413,-343
124000085,139,52,87
124000086,63,120,-57
124000087,160,142,18
124000088,424,554,-130
124000089,834,350,484
124000090,124,314,-190
124000091,443,79,364
124000092,112,353,-241
124000093,159,103,56
124000094,278,556,-278
124000095,133,67,66
124000096,158,276,-118
124000097,161,123,38
124000098,49,90,-41
124000099,237,130,107
124000100,77,109,-32
124000101,119,148,-29
124000102,74,57,17
124000103,133,125,8
124000104,83,32,51
124000105,107,107,0
124000106,119,38,81
124000107,20,208,-188
124000108,48,29,19
124000109,168,106,62
124000110,188,70,118
124000111,319,147,172
124000112,808,615,193
124000113,117,122,-5
124000114,377,387,-10
124000115,403,745,-342
124000116,139,195,-56
124000117,59,88,-29
124000118,41,103,-62
124000119,1015,620,395
124000120,728,531,197
124000121,1484,822,662
124000122,580,1546,-966
124000123,1309,510,799
124000124,511,1202,-691
124000125,498,482,16
124000126,370,650,-280
124000127,1091,401,690
124000128,656,903,-247
124000129,2663,1744,919
124000130,887,657,230
124000131,1130,737,393
124000132,914,716,198
124000133,1070,1011,59
124000134,1190,649,541
124000135,1978,1898,80
124000136,1109,1110,-1
124000137,1550,1031,519
124000138,1541,1343,198
124000139,679,29,650
124000140,37,439,-402
124000141,136,25,111
124000142,5,198,-193
124000143,62,21,41
124000144,5,55,-50
124000145,150,43,107
124000146,23,61,-38
124000148,14,101,-87
124000149,1357,454,903
124000150,335,634,-299
124000151,940,377,563
124000152,826,1100,-274
124000153,1027,778,249
124000154,711,766,-55
124000155,1562,892,670
124000156,1735,1114,621
124000169,275,562,-287
124000170,528,576,-48
124000171,396,231,165
124000172,455,547,-92
124000173,582,214,368
124000174,397,603,-206
124000175,13,173,-160
124000176,74,18,56
124000177,15,43,-28
124000178,60,71,-11
124000190,59,46,13
124000191,62,108,-46
124000192,1528,369,1159
124000193,372,987,-615
124000194,522,466,56
124000195,383,584,-201
124000196,1041,996,45
124000197,65,46,19
124000198,42,77,-35
124000201,276,915,-639
124000202,650,421,229
124000203,549,494,55
124000204,977,348,629
124000205,73,416,-343
124000206,881,358,523
124000207,0,54,-54
124000209,205,375,-170
124000210,647,182,465
124000211,894,1,893
124000212,1,326,-325
124000213,547,227,320
124000214,507,577,-70
124000215,482,31,451
124000216,10,378,-368
124000329,147,1295,-1148
124000338,137,695,-558
124000339,1281,98,1183
124000341,1716,104,1612
124000344,20,6,14
124000357,1195,2369,-1174
124000358,1000,1431,-431
124000359,1553,777,776
124000360,1173,517,656
124000361,1725,915,810
124000362,1003,1429,-426
124000363,305,417,-112
124000364,552,1106,-554
124000365,516,1065,-549
124000366,1241,873,368
124000367,105,471,-366
124000368,409,404,5
124000369,208,107,101
124000370,109,444,-335
124000402,29,14,15
124000403,146,17,129
124000404,22,122,-100
124000405,1290,835,455
124000406,841,881,-40
124000407,1,27,-26
124000411,8,350,-342
124000412,445,22,423
124000413,113,29,84
124000414,67,109,-42
124000415,67,110,-43
124000416,160,190,-30
124000417,194,103,91
124000418,223,91,132
124000419,124,109,15
124000420,117,52,65
124000421,64,130,-66
124000422,25,25,0
124000423,162,34,128
124000424,1,63,-62
124000425,57,24,33
124000426,8,37,-29
124000427,50,8,42
124000428,10,74,-64
124000429,108,75,33
124000430,812,560,252
124000431,284,639,-355
124000432,305,697,-392
124000439,3,13,-10
124000442,10,80,-70
124000443,0,9,-9
124000445,115,600,-485
124000446,656,98,558
124900001,563,453,110
124900002,153,273,-120
124900003,1241,542,699
124900004,752,326,426
124900005,283,145,138
124900006,787,283,504
124900008,1156,606,550
124900009,181,396,-215
124900010,310,133,177
124900011,859,261,598
124900012,539,96,443
124900013,529,129,400
124900014,366,61,305
124900015,192,432,-240
124900016,80,108,-28
124900017,591,1979,-1388
124900018,71,11,60
124900020,156,84,72
124900021,400,73,327
124900022,51,12,39
124900024,304,27,277
124900026,154,46,108
124900027,129,612,-483
124900028,565,146,419
124900029,25,536,-511
124900030,10,134,-124
124900031,68,276,-208
124900032,368,256,112
124900033,156,313,-157
124900034,15,161,-146
124900035,192,386,-194
124900036,0,115,-115
124900037,202,280,-78
124900038,357,227,130
124900039,8,215,-207
124900040,135,99,36
124900041,274,791,-517
124900042,205,8,197
124900043,494,758,-264
124900044,137,3,134
124900045,804,1146,-342
124900046,1226,296,930
124900047,112,219,-107
124900048,193,89,104
124900050,156,224,-68
124900052,60,485,-425
124900053,140,305,-165
124900054,1468,531,937
124900055,1,233,-232
124900057,6,85,-79
124900060,87,201,-114
124900061,131,15,116
124900062,224,21,203
124900066,0,16,-16
124900067,17,156,-139
124900068,233,715,-482
124900070,102,29,73
124900072,148,26,122
124900074,644,198,446
124900075,277,206,71
124900076,38,1264,-1226
124900077,37,193,-156
124900078,91,26,65
124900079,444,274,170
124900080,347,443,-96
124900081,1087,262,825
124900082,346,570,-224
124900083,262,415,-153
124900084,1532,147,1385
124900085,866,581,285
124900086,112,1590,-1478
124900087,659,128,531
124900088,666,117,549
124900089,1088,28,1060
124900090,447,276,171
124900091,374,306,68
124900092,297,211,86
124900093,501,249,252
124900094,459,292,167
124900095,108,556,-448
124900096,596,371,225
124900097,412,93,319
124900098,230,317,-87
124900099,699,604,95
124900100,380,63,317
124900101,114,559,-445
124900102,306,43,263
124900103,139,191,-52
124900104,74,160,-86
124900105,135,106,29
124900106,532,88,444
124900107,209,20,189
124900108,145,85,60
124900109,113,123,-10
124900110,363,334,29
124900111,0,173,-173
124900112,84,597,-513
124900113,181,305,-124
124900114,155,166,-11
124900115,59,42,17
124900116,239,244,-5
124900117,200,252,-52
124900118,190,314,-124
124900119,410,148,262
124900120,36,345,-309
124900121,99,353,-254
124900122,198,249,-51
124900123,284,125,159
124900124,147,277,-130
129000186,171,72,99
204000001,39,0,39
204000002,6,3,3
204000003,26,4,22
204000004,7,0,7
204000005,600,463,137
204000006,1399,1176,223
204000011,13,31,-18
204000012,75,55,20
204000013,2,41,-39
204000019,618,478,140
204000020,790,755,35
204000021,2220,995,1225
204000022,624,476,148
204000023,586,586,0
204000031,45,19,26
204000032,459,46,413
204000034,26,207,-181
204000035,12,3,9
204000036,7,25,-18
204000037,1,10,-9
204000038,0,3,-3
204000039,21,36,-15
204000040,5,15,-10
204000041,3,21,-18
204000042,61,13,48
204000043,49,6,43
204000044,74,4,70
204000045,68,1,67
204000046,15,3,12
204000057,13,21,-8
204000062,11,10,1
204000068,26,248,-222
204000069,17,309,-292
204000070,76,131,-55
204000080,63,53,10
204000085,2000,1398,602
204000086,2158,1696,462
204000087,39,9,30
204000088,8,86,-78
204000090,28,292,-264
204000093,514,54,460
204000096,907,945,-38
204000097,501,6,495
204000099,1169,1550,-381
204000100,1620,1756,-136
204000105,2110,1222,888
204000110,723,1396,-673
204000111,561,739,-178
204000112,1142,1891,-749
204000113,440,1173,-733
204000114,988,881,107
204000115,718,353,365
204000116,2077,1292,785
204000119,1993,2701,-708
204000132,737,383,354
204000133,931,252,679
204000134,337,123,214
204000135,693,118,575
204000136,922,279,643
204000138,527,623,-96
204000140,240,158,82
204000141,177,83,94
204000144,10,28,-18
204000145,637,37,600
204000146,28,371,-343
204000147,20,158,-138
204000148,358,19,339
204000154,8,0,8
204000155,7,5,2
204000177,72,74,-2
204000179,16,4,12
204000180,0,34,-34
204000222,11,15,-4
204000235,16,20,-4
204000236,76,220,-144
204000238,33,23,10
204000240,407,64,343
204000263,401,806,-405
204000268,1041,675,366
204000308,176,9,167
204000317,11,109,-98
204000322,7,57,-50
204000323,7,8,-1
204000328,262,45,217
204000329,36,179,-143
204000330,187,17,170
204000331,26,148,-122
204010341,14,222,-208
205000001,745,1534,-789
205000013,4,72,-68
205000014,24,109,-85
205000015,25,184,-159
205000016,17,149,-132
205000017,18,90,-72
205000022,212,768,-556
205000025,1093,1054,39
205000029,227,19,208
205000045,118,472,-354
205000046,139,533,-394
205000047,83,701,-618
205000048,334,768,-434
205000049,186,672,-486
205000050,804,326,478
205000059,0,191,-191
205000060,0,87,-87
205000061,7,108,-101
205000062,2,74,-72
205000063,31,134,-103
205000064,26,58,-32
205000065,54,468,-414
205000066,95,520,-425
205000067,42,651,-609
205000069,252,25,227
205000082,181,144,37
205000110,77,226,-149
205000111,165,187,-22
205000112,169,247,-78
205000113,181,370,-189
205000121,267,31,236
205000123,41,241,-200
205000126,446,63,383
205000127,710,120,590
205000128,457,56,401
205000129,596,38,558
205000130,159,14,145
205000131,75,3,72
205000132,104,4,100
205000133,69,1,68
205000134,299,2,297
205000137,75,162,-87
205000138,243,290,-47
205000139,14,108,-94
205000144,87,81,6
205000145,471,163,308
205000151,216,25,191
205000152,241,11,230
205000153,237,22,215
205000154,134,26,108
205000155,130,12,118
205000207,8,132,-124
205000233,21,3,18
205000234,0,0,0
205000243,0,1,-1
205000244,4,4,0
205000245,9,150,-141
205000249,0,21,-21
205000250,6,2,4
205000264,8,83,-75
206000027,4,4,0
206000028,3,4,-1
206000043,24,46,-22
206000053,0,6,-6
206000054,3,22,-19
206000055,3,33,-30
206000075,15,39,-24
206000076,30,22,8
206000077,34,7,27
206000078,16,3,13
206000079,17,3,14
206000082,481,47,434
206000100,31,520,-489
206000103,5,11,-6
206000104,9,11,-2
206000105,2,17,-15
206000106,3,15,-12
206000108,600,43,557
206000125,62,0,62
206000157,37,568,-531
206000170,1,140,-139
206000171,2,136,-134
206000172,7,325,-318
206000173,3,185,-182
206000174,21,45,-24
206000175,4,78,-74
206000176,18,94,-76
206000177,2,117,-115
206000178,4,180,-176
206000179,5,145,-140
206000180,13,114,-101
206000181,3,96,-93
206000182,8,101,-93
206000183,14,436,-422
206000184,4,291,-287
206000185,10,142,-132
206000186,61,570,-509
206000223,8,190,-182
206000226,26,4,22
206000227,18,2,16
206000237,28,255,-227
206000238,26,391,-365
206000239,232,1491,-1259
206000240,0,41,-41
206000241,0,85,-85
206000242,8,178,-170
206000243,2,121,-119
206000244,61,405,-344
206000245,954,76,878
206000246,287,6,281
206000247,287,8,279
206000248,545,16,529
206000252,56,57,-1
206000258,27,51,-24
206000315,25,10,15
206000317,703,121,582
206000318,610,76,534
206000319,1920,112,1808
206000320,284,33,251
206000321,293,15,278
206000322,691,14,677
206000323,223,11,212
206000324,241,4,237
206000325,287,8,279
206000326,230,7,223
206000327,128,10,118
206000328,215,3,212
206000329,432,5,427
206000330,64,6,58
206000331,251,4,247
206000332,67,2,65
206000333,748,7,741
206000334,327,0,327
206000335,0,13,-13
206000361,7,138,-131
206000392,1,37,-36
206000405,136,0,136
206000441,34,20,14
206000498,38,4,34
206000515,77,46,31
206000530,446,68,378
206000531,304,241,63
206000532,2009,408,1601
206000535,258,1591,-1333
206000536,11,127,-116
206000537,16,123,-107
206000613,1901,279,1622
207000001,106,542,-436
207000002,108,279,-171
207000003,124,151,-27
207000007,1098,247,851
207000008,119,11,108
207000009,59,37,22
207000010,369,334,35
207000012,481,209,272
207000015,203,996,-793
207000019,279,55,224
207000021,482,164,318
207000022,171,117,54
207000023,244,47,197
207000024,5,17,-12
207000025,22,71,-49
207000026,98,40,58
207000027,14,69,-55
207000028,64,150,-86
207000029,156,411,-255
207000033,216,415,-199
207000034,281,100,181
207000039,511,95,416
207000040,546,78,468
207000041,228,38,190
207000042,303,57,246
207000043,287,183,104
207000051,131,245,-114
207000052,53,143,-90
207000053,443,396,47
207000054,53,82,-29
207000055,139,66,73
207000056,298,256,42
207000057,135,335,-200
207000058,141,266,-125
207000059,69,308,-239
207000060,58,181,-123
207000061,251,578,-327
207000062,346,27,319
207000063,363,71,292
207000064,542,144,398
207000065,380,207,173
207000066,258,187,71
207000067,89,77,12
207000068,109,51,58
207000069,751,295,456
207000082,8,206,-198
207000083,61,236,-175
207000084,298,255,43
207000085,269,31,238
207000086,197,3,194
207000106,48,30,18
207000107,78,19,59
207000108,79,20,59
207000109,57,15,42
207000110,92,70,22
207000111,103,125,-22
207000112,203,824,-621
207000114,10,32,-22
207000115,19,62,-43
207000116,26,454,-428
207000117,13,96,-83
207000118,5,87,-82
207000119,46,61,-15
207000123,236,20,216
207000124,102,42,60
207000125,79,59,20
207000126,86,52,34
207000134,71,133,-62
207000135,20,180,-160
207000148,117,353,-236
207000149,62,53,9
207000152,114,341,-227
207000153,783,1230,-447
207000154,372,174,198
207000159,112,117,-5
207000160,126,317,-191
207000238,0,176,-176
207000242,4,138,-134
207000248,22,30,-8
207000249,121,30,91
207000250,616,65,551
207000251,83,70,13
207000252,89,45,44
207000278,126,101,25
207000279,18,122,-104
207000280,676,62,614
207000281,82,698,-616
207000282,173,97,76
207000283,107,175,-68
207000284,58,239,-181
207000285,116,71,45
207000291,14,114,-100
207000304,113,41,72
207000306,77,342,-265
207000310,150,78,72
207000353,264,3,261
207000356,23,48,-25
207000357,16,11,5
207000358,12,29,-17
207000415,6,141,-135
207000417,40,3,37
207000418,40,117,-77
207000438,0,3,-3
207000439,861,851,10
207000446,209,10,199
207000460,39,11,28
207000466,237,124,113
207000467,276,111,165
207000468,40,181,-141
207000476,3,57,-54
207000477,693,73,620
207000478,1,23,-22
207000523,0,10,-10
207000524,33,5,28
207000527,164,109,55
207000530,611,8,603
207000531,410,14,396
207000532,118,31,87
207000534,349,68,281
207000535,38,423,-385
207000537,9,102,-93
207000540,7,139,-132
207000541,2,265,-263
207000548,11,201,-190
207000549,593,29,564
207000561,155,284,-129
207000562,49,136,-87
207000567,170,202,-32
207000568,194,49,145
207000569,461,492,-31
207000584,229,232,-3
207000585,87,430,-343
207000616,0,102,-102
207000617,208,0,208
207900008,252,78,174
208000001,587,1229,-642
208000002,673,612,61
208000003,1199,487,712
208000004,1329,784,545
208000005,5,10,-5
208000019,756,926,-170
208000020,203,450,-247
208000021,311,341,-30
208000022,1228,474,754
208000028,1834,1596,238
208000033,767,620,147
208000034,1382,1344,38
208000040,315,166,149
208000041,949,606,343
208000042,1534,691,843
208000047,130,200,-70
208000064,2444,1514,930
208000066,1739,3056,-1317
208000070,411,319,92
208000071,465,662,-197
208000072,374,964,-590
208000080,302,402,-100
208000081,334,117,217
208000082,270,233,37
208000083,154,353,-199
208000084,9,29,-20
208000085,944,544,400
208000086,431,1024,-593
208000087,370,705,-335
208000089,1099,336,763
208000090,1072,565,507
208000093,125,194,-69
208000094,753,389,364
208000095,690,509,181
208000104,1042,816,226
208000105,734,879,-145
208000114,112,462,-350
208000115,629,411,218
208000116,675,1040,-365
208000117,100,179,-79
208000118,107,167,-60
208000155,516,1115,-599
208000158,1552,4004,-2452
208000186,3459,4641,-1182
208000204,733,1089,-356
208000205,1328,865,463
208000282,4867,3395,1472
209000004,404,168,236
209000005,48,36,12
209000006,493,163,330
209000007,279,342,-63
209000010,379,113,266
209000011,204,253,-49
209000012,244,146,98
209000013,270,239,31
209000014,478,905,-427
209000025,377,63,314
209000026,705,110,595
209000027,332,674,-342
209000028,411,600,-189
209000029,515,622,-107
209000030,419,1141,-722
209000031,2291,1763,528
209000034,235,268,-33
209000035,164,162,2
209000036,206,103,103
209000037,275,175,100
209000038,132,121,11
209000039,89,129,-40
209000040,279,483,-204
209000041,186,338,-152
209000042,229,368,-139
209000043,667,810,-143
209000044,208,868,-660
209000045,1291,509,782
209000046,608,442,166
209000047,440,236,204
209000048,655,431,224
209000049,78,64,14
209000050,169,85,84
209000051,275,166,109
209000052,144,122,22
209000062,43,74,-31
209000063,29,47,-18
209000064,52,63,-11
209000065,113,25,88
209000066,100,29,71
209000067,122,51,71
209000080,20,178,-158
209000082,85,32,53
209000091,25,79,-54
209000093,28,26,2
209000094,136,177,-41
209000110,53,146,-93
209000111,708,1749,-1041
209000112,1278,479,799
209000113,1999,452,1547
209000114,869,474,395
209000115,46,68,-22
209000116,340,273,67
209000118,38,61,-23
209000119,27,16,11
209000121,103,426,-323
209000135,110,222,-112
209000142,773,2046,-1273
209000143,72,75,-3
209000144,55,128,-73
209000229,275,163,112
209000240,41,250,-209
209000259,46,64,-18
209000260,47,924,-877
209000261,8,643,-635
209000262,6,389,-383
209000263,0,154,-154
209000264,2,214,-212
209000265,640,7,633
209000266,119,3,116
209000267,2340,8,2332
209000268,788,72,716
210000037,102,23,79
210000047,75,12,63
210000048,102,26,76
210000049,45,13,32
210000052,52,75,-23
210000053,36,39,-3
210000054,39,65,-26
210000070,210,5,205
210000071,108,1,107
210000072,40,2,38
210000073,0,30,-30
210000074,2,117,-115
210000075,2,153,-151
210000076,30,145,-115
210000077,22,54,-32
210000078,33,32,1
210000079,13,20,-7
210000080,105,89,16
210000081,220,24,196
210000082,144,4,140
210000083,112,1,111
210000084,72,0,72
210000085,0,78,-78
210000086,2,127,-125
210000099,37,178,-141
210000100,56,126,-70
210000101,91,128,-37
210000105,37,176,-139
210000159,1,180,-179
210000163,151,236,-85
210000164,262,201,61
210000168,175,57,118
210000187,0,22,-22
210000188,1,15,-14
210000214,37,4,33
210000219,55,32,23
210000220,96,43,53
210000232,3,17,-14
210000233,25,55,-30
210000234,22,102,-80
210000235,61,74,-13
210000245,1,24,-23
210000246,30,2,28
210000258,12,95,-83
210000259,389,78,311
210000282,79,208,-129
210000285,2,98,-96
210000286,31,191,-160
210000290,3,5,-2
210000295,66,122,-56
210000296,63,33,30
210000320,176,61,115
210000321,159,44,115
210000338,21,68,-47
210000339,414,1115,-701
210000340,96,385,-289
210000341,188,214,-26
210000342,163,187,-24
210000343,154,147,7
210000344,157,87,70
210000345,149,221,-72
210000346,74,107,-33
210000347,55,45,10
210000348,109,42,67
210000349,41,19,22
210000350,189,83,106
210000351,178,106,72
210000352,91,58,33
210000353,83,112,-29
210000354,124,129,-5
210000355,45,82,-37
210000356,22,88,-66
210000357,55,73,-18
210000358,299,172,127
210000359,119,103,16
210000360,164,137,27
210000361,201,179,22
210000362,315,205,110
210000363,758,280,478
210000364,121,151,-30
210000365,189,83,106
210000366,154,81,73
210000367,105,33,72
210000368,157,41,116
210000369,19,59,-40
210000370,51,34,17
210000372,23,21,2
210000373,23,14,9
210000374,48,68,-20
210000375,42,77,-35
210000376,52,89,-37
210000404,55,102,-47
210000439,27,34,-7
210000472,84,0,84
210000482,56,108,-52
210000564,338,330,8
210000567,0,17,-17
210000568,348,4,344
211000092,35,34,1
211000094,36,5,31
211000169,216,16,200
211000172,9,165,-156
211000209,0,21,-21
211000226,14,8,6
211000270,6,6,0
211000275,19,14,5
211000276,96,31,65
211000279,12,33,-21
211000281,102,23,79
211507980,1,57,-56
211977296,49,3,46
212000003,124,49,75
212000004,23,31,-8
212000005,20,40,-20
212000006,37,52,-15
212000008,193,121,72
212000009,36,94,-58
212000012,94,78,16
212000013,27,66,-39
212000014,234,135,99
212000015,287,245,42
212000016,551,503,48
212000027,621,485,136
212000028,328,344,-16
212000029,263,278,-15
212000030,54,22,32
212000031,102,49,53
212000048,55,176,-121
212000049,26,100,-74
212000050,22,12,10
212000051,223,172,51
212000052,187,231,-44
212000053,363,426,-63
212000054,379,85,294
212000055,297,195,102
212000056,21,49,-28
212000057,22,17,5
212000058,248,52,196
212000070,145,203,-58
212000077,166,452,-286
212000099,364,237,127
212000108,175,146,29
212000111,228,67,161
212000120,127,63,64
212000138,123,26,97
212000156,7,74,-67
212000158,14,21,-7
212000159,597,47,550
212000160,796,221,575
212000161,66,10,56
212000310,49,16,33
212000311,20,68,-48
212000374,47,19,28
213000001,31,413,-382
213000005,610,168,442
213000006,1128,261,867
213000007,85,21,64
213000009,739,498,241
213000010,237,283,-46
213000011,169,94,75
213000012,163,292,-129
213000014,93,11,82
213000015,331,12,319
213000016,520,6,514
213000017,113,20,93
213000018,2,143,-141
213000019,4,127,-123
213000020,163,306,-143
213000021,5,106,-101
213000023,501,215,286
213000033,373,1540,-1167
213000034,894,257,637
213000035,157,190,-33
213000045,187,246,-59
213000046,248,166,82
213000047,585,1387,-802
213000056,94,32,62
213000069,117,2,115
213000073,4,65,-61
213000074,82,409,-327
213000075,544,8,536
213000076,13,6,7
213000085,25,55,-30
213000086,21,114,-93
213000091,320,14,306
213000092,99,9,90
213000099,97,1183,-1086
213000100,1153,307,846
213000101,517,118,399
213000102,623,271,352
213000103,1042,897,145
213000104,58,447,-389
213000105,3,208,-205
213000106,22,145,-123
213000107,148,489,-341
213000108,60,377,-317
213000109,25,196,-171
213000110,23,90,-67
213000111,11,116,-105
213000112,151,149,2
213000115,100,8,92
213000116,43,364,-321
213000117,7,590,-583
213000118,473,248,225
213000119,44,551,-507
213000120,113,471,-358
213000122,110,542,-432
213000123,329,1081,-752
213000124,167,1382,-1215
213000125,145,35,110
213000126,75,139,-64
213000127,108,272,-164
213000128,401,1207,-806
213000129,402,706,-304
213000130,809,319,490
213000132,510,133,377
213000133,692,110,582
213000134,930,26,904
213000136,611,37,574
213000137,830,87,743
213000139,150,21,129
213000147,83,9,74
213000148,29,14,15
213000149,46,7,39
213000150,0,148,-148
213000151,3,114,-111
213000152,4,99,-95
213000153,15,120,-105
213000154,64,424,-360
213000155,58,276,-218
213000156,138,396,-258
213000157,740,403,337
213000158,423,872,-449
213000159,834,430,404
213000163,1125,113,1012
213000165,1208,366,842
213000171,0,69,-69
213000172,2,208,-206
213000173,5,179,-174
213000174,3,122,-119
213000175,14,98,-84
213000176,131,39,92
213000177,166,7,159
213000178,226,9,217
213000179,287,1,286
213000180,246,1,245
213000184,143,483,-340
213000188,465,110,355
213000189,469,60,409
213000190,931,728,203
213000191,462,349,113
213000192,306,307,-1
213000193,670,292,378
213000194,0,90,-90
213000195,29,299,-270
213000196,257,1238,-981
213000197,542,551,-9
213000198,86,5,81
213000200,125,832,-707
213000201,60,48,12
213000202,38,444,-406
213000203,3262,593,2669
213000204,823,54,769
213000205,482,97,385
213000206,534,70,464
213000207,131,18,113
213000208,89,5,84
213000209,201,20,181
213000210,435,44,391
213000211,3,38,-35
213000212,11,35,-24
213000213,16,54,-38
213000218,256,465,-209
213000219,673,22,651
213000220,554,16,538
213000223,198,193,5
213000224,105,54,51
213000225,117,17,100
213000226,138,11,127
213000227,1077,199,878
213000228,490,79,411
213000229,207,14,193
213000230,373,24,349
213000232,56,866,-810
213000233,20,548,-528
213000234,5,63,-58
213000293,13,74,-61
213000294,134,22,112
213000295,5,76,-71
213000296,52,25,27
213000297,10,82,-72
213000298,30,73,-43
213000299,67,36,31
213000300,18,2,16
213000303,6,19,-13
213000304,8,20,-12
213000305,1,12,-11
213000306,83,42,41
213000307,133,61,72
213000308,123,187,-64
213000309,167,59,108
213000310,466,254,212
213000311,214,814,-600
213000315,79,111,-32
213000316,209,46,163
213000322,125,115,10
213000323,129,72,57
213000324,128,73,55
213000325,98,88,10
213000326,86,62,24
213000327,110,57,53
213000328,79,181,-102
213000329,167,39,128
213000340,110,460,-350
213000341,565,109,456
213000347,666,526,140
213000348,12,142,-130
213000349,41,10,31
213000350,283,880,-597
213000366,48,268,-220
213000367,293,10,283
213000379,115,59,56
213000386,18,324,-306
213000406,88,490,-402
213000417,1424,483,941
213000425,292,33,259
213000426,188,74,114
213000427,49,258,-209
213000428,60,126,-66
213000429,9,4,5
213000430,130,581,-451
213000431,45,5,40
213000432,8,65,-57
213000433,25,148,-123
213000434,133,94,39
213000435,174,108,66
213000436,62,55,7
213000437,2,30,-28
213000438,191,86,105
213000439,50,17,33
213000440,20,242,-222
213000441,3,3,0
213000442,6,42,-36
213000443,463,383,80
213000444,68,43,25
213000445,1,71,-70
213000446,1,67,-66
213000447,3,59,-56
213000448,15,147,-132
213000449,443,10,433
213000450,30,30,0
213000451,318,126,192
213000452,16,26,-10
213000453,28,255,-227
213000455,653,38,615
213000456,1,425,-424
213000481,2,4,-2
213000484,26,7,19
213000489,309,48,261
213900002,0,111,-111
213900003,286,28,258
213900013,3,129,-126
213900015,0,6,-6
213900016,14,19,-5
213900020,14,78,-64
213900030,0,88,-88
213900032,197,163,34
213900033,169,39,130
213900034,732,85,647
213900035,266,354,-88
213900036,144,143,1
213900037,44,245,-201
213900038,538,148,390
213900039,1,94,-93
213900041,2,233,-231
213900042,360,290,70
213900043,350,166,184
213900244,42,0,42
213900245,0,12,-12
218000003,21,19,2
218000004,36,30,6
218000005,59,36,23
218000006,75,25,50
218000007,20,10,10
218000012,164,150,14
218000013,133,179,-46
218000014,452,352,100
218000019,733,533,200
218000020,283,408,-125
218000021,36,35,1
218000022,12,18,-6
218000023,8,21,-13
218000024,1,3,-2
218000025,3,8,-5
218000026,9,18,-9
218000027,3,11,-8
218000028,7,3,4
218000029,4,5,-1
218000030,15,21,-6
218000031,8,20,-12
218000032,3,17,-14
218000040,6,8,-2
218000046,44,76,-32
218000047,14,102,-88
218000048,47,104,-57
218000049,105,105,0
218000050,364,253,111
218000051,61,215,-154
218000052,5,83,-78
218000053,4,15,-11
218000054,17,89,-72
218000055,15,18,-3
218000056,14,52,-38
218000057,8,18,-10
218000064,7,9,-2
218000065,78,37,41
218000066,18,40,-22
218000067,56,45,11
218000068,165,67,98
218000069,233,101,132
218000070,203,209,-6
218000071,180,179,1
218000072,259,197,62
218000078,1044,663,381
218000079,136,77,59
218000080,188,68,120
218000081,510,213,297
218000082,72,121,-49
218000083,124,45,79
218000084,186,94,92
218000085,177,301,-124
218000086,96,152,-56
218000087,181,144,37
218000090,12,115,-103
218000091,984,382,602
218000092,95,94,1
218000093,81,82,-1
218000094,447,394,53
218000099,364,776,-412
218000100,361,283,78
218000101,310,121,189
218000102,482,262,220
218000103,117,146,-29
218000104,88,37,51
218000105,11,38,-27
218000106,9,11,-2
218000107,66,49,17
218000108,20,41,-21
218000112,56,36,20
218000117,74,58,16
218000134,606,519,87
218000135,36,91,-55
218000136,275,136,139
218000137,228,144,84
218000138,57,84,-27
218000139,203,290,-87
218000140,567,231,336
218000141,86,81,5
218000142,228,165,63
218000143,187,354,-167
218000144,73,113,-40
218000145,467,279,188
218000146,118,174,-56
218000151,10,18,-8
218000152,223,62,161
218000153,24,2,22
218000154,22,5,17
218000155,32,2,30
218000156,102,8,94
218000157,61,19,42
218000158,13,12,1
218000159,4,8,-4
218000160,7,4,3
218000161,36,3,33
218000162,40,6,34
218000163,12,2,10
218000164,49,7,42
218000165,57,44,13
218000170,8,39,-31
218000171,95,29,66
218000172,27,15,12
218000173,69,20,49
218000174,34,8,26
218000176,269,41,228
218000177,489,281,208
218000178,118,249,-131
218000179,163,81,82
218000180,127,43,84
218000181,233,56,177
218000187,11,36,-25
218000188,35,28,7
218000189,17,78,-61
218000190,19,12,7
218000191,206,53,153
218000192,299,218,81
218000193,521,285,236
218000194,146,237,-91
218000195,142,55,87
218000196,461,222,239
218000197,506,262,244
218000198,32,95,-63
218000199,49,25,24
218000200,116,15,101
218000201,24,7,17
218000202,79,253,-174
218000207,3,28,-25
218000208,35,26,9
218000211,58,35,23
218000212,1,15,-14
218000213,98,138,-40
218000214,8,33,-25
218000215,28,48,-20
218000217,8,84,-76
218000218,258,76,182
218000219,25,26,-1
218000220,79,369,-290
218000221,594,190,404
218000222,6,65,-59
218000223,56,572,-516
218000224,19,243,-224
218000225,213,34,179
218000226,143,80,63
218000230,0,7,-7
218000232,41,61,-20
218000239,170,19,151
218000240,55,4,51
218000241,49,1,48
218000242,86,4,82
218000243,70,9,61
218000244,56,10,46
218000245,31,4,27
218000246,1,1,0
218000247,2,0,2
218000248,0,29,-29
218000249,0,3,-3
218000250,3,6,-3
218000251,3,17,-14
218000252,10,31,-21
218000253,11,63,-52
218000254,2,45,-43
218000255,3,22,-19
218000256,10,74,-64
218000267,430,823,-393
218000268,5,36,-31
218000269,8,11,-3
218000270,50,23,27
218000271,13,23,-10
218000273,38,5,33
218000274,35,1,34
218000275,20,45,-25
218000276,15,45,-30
218000278,20,25,-5
218000279,49,20,29
218000280,6,20,-14
218000281,26,6,20
218000282,383,434,-51
218000284,67,4,63
218000301,94,132,-38
218000302,168,63,105
218000303,33,39,-6
218000316,724,924,-200
218000317,1316,804,512
218000318,909,634,275
218000319,1186,817,369
218000320,1002,570,432
218000338,80,25,55
218000345,107,45,62
218000346,37,163,-126
218000459,37,253,-216
218000490,26,54,-28
218000501,130,39,91
218000502,72,51,21
218000503,106,12,94
218000504,153,31,122
218000505,43,109,-66
218000506,36,180,-144
218000508,5,9,-4
218000510,132,12,120
218000520,135,92,43
218000521,1,38,-37
218000522,4,83,-79
218000523,94,3,91
218000524,69,289,-220
218000525,156,12,144
218000526,37,185,-148
218000529,22,106,-84
218000530,17,0,17
218000531,9,32,-23
218000532,32,22,10
218000534,157,11,146
218000537,17,62,-45
218000538,225,433,-208
218000540,416,124,292
218000543,140,45,95
218000544,41,61,-20
218000545,73,50,23
218000546,53,67,-14
218000547,85,180,-95
218000548,159,119,40
218000549,558,568,-10
218000550,254,266,-12
218000551,105,946,-841
218000552,344,43,301
218000553,38,112,-74
218000554,22,38,-16
218000555,27,30,-3
218000556,113,170,-57
218000557,295,134,161
218000558,122,64,58
218000559,0,41,-41
218000560,0,26,-26
218000561,16,0,16
218000562,25,186,-161
218000563,275,24,251
218000564,6,149,-143
218000565,233,34,199
218000566,635,58,577
218000567,7,114,-107
218000568,89,5,84
218000569,21,185,-164
218000570,198,16,182
218000571,4,93,-89
218000572,130,1,129
218000573,22,212,-190
218000574,208,48,160
218000575,152,2,150
218000576,1,86,-85
218000577,161,2,159
218000578,1,75,-74
218000579,98,21,77
218000581,3,30,-27
218000582,33,2,31
218000583,15,0,15
218000584,3,23,-20
218000585,58,10,48
218000586,18,34,-16
218000587,9,0,9
218000588,6,0,6
218000589,1,5,-4
218000590,7,1,6
218000591,6,5,1
218000592,30,2,28
218000593,0,0,0
218000594,0,0,0
218000595,0,0,0
218000596,0,0,0
218000597,0,0,0
218000598,0,2,-2
218000599,1,1,0
218000600,2,2,0
218000601,1,0,1
218000602,0,9,-9
218000603,0,4,-4
218000604,2,1,1
218000605,0,35,-35
218000606,72,0,72
218000607,15,43,-28
218000608,39,17,22
218000609,5,43,-38
218000610,74,9,65
218000611,23,1,22
218000612,1,25,-24
218000613,38,2,36
218000614,1,54,-53
218000615,152,6,146
218000616,2,90,-88
218000617,19,0,19
218000618,0,14,-14
218000619,44,26,18
218000620,12,29,-17
218000621,1,5,-4
218000622,0,11,-11
218000623,76,7,69
218000624,2,23,-21
218000625,10,2,8
218000626,0,4,-4
218000628,174,46,128
218000631,11,12,-1
218000632,4,75,-71
218000633,192,1,191
218000634,4,11,-7
218000635,6,12,-6
218000636,884,862,22
218000637,1210,491,719
218000638,261,39,222
218000639,28,165,-137
218000640,383,58,325
218000641,82,314,-232
218000652,39,61,-22
218000653,208,83,125
218000663,3,79,-76
218000675,64,42,22
218000676,12,19,-7
218000677,22,7,15
218000680,128,305,-177
218000681,375,91,284
218000691,108,184,-76
218000693,221,61,160
218000703,6,23,-17
218000718,320,1218,-898
218000719,627,656,-29
218000720,27,361,-334
218000721,272,33,239
218000725,9,5,4
218001214,24,177,-153
218001329,53,65,-12
218001330,65,62,3
218001351,40,7,33
218001352,10,14,-4
218001353,10,2,8
218001354,3,9,-6
219000001,65,32,33
219000002,39,58,-19
219000003,102,52,50
219000004,65,57,8
219000017,80,66,14
219000020,137,41,96
219000022,135,4,131
219000023,83,0,83
219000029,0,54,-54
219000034,40,22,18
219000039,40,155,-115
219000040,44,111,-67
219000041,111,25,86
219000051,0,52,-52
219000052,0,20,-20
219000053,1,87,-86
219000054,430,382,48
219000055,197,2,195
219000056,12,1,11
219000057,94,8,86
219000062,8,74,-66
219000063,61,5,56
219000064,2,54,-52
219000110,328,144,184
219000111,115,47,68
219000112,226,39,187
219000113,164,31,133
219000114,226,70,156
219000116,117,52,65
219000117,139,59,80
219000118,159,33,126
219000123,160,86,74
219000124,71,78,-7
219000125,17,12,5
219000126,60,113,-53
219000127,0,18,-18
219000128,9,107,-98
219000129,8,127,-119
219000130,372,473,-101
219000131,544,944,-400
219000133,40,59,-19
219000134,22,25,-3
219000135,34,82,-48
219000136,125,178,-53
219000138,99,9,90
219000139,58,40,18
219000140,88,4,84
219000141,30,79,-49
219000142,20,69,-49
219000143,5,72,-67
219000145,31,50,-19
219000146,4,23,-19
219000147,32,37,-5
219000148,5,21,-16
219000149,21,61,-40
219000150,5,44,-39
219000151,1,27,-26
219000157,301,151,150
219000158,213,207,6
219000161,134,5,129
219000163,1218,475,743
219000166,146,190,-44
219000167,144,165,-21
219000168,257,101,156
219000174,449,164,285
219000175,113,11,102
219000176,116,5,111
219000177,76,5,71
219000178,59,1,58
219000179,28,6,22
219000180,28,33,-5
219000182,147,19,128
219000183,97,23,74
219000184,110,13,97
219000185,3,56,-53
219000186,78,41,37
219000187,29,106,-77
219000189,72,176,-104
219000190,65,215,-150
219000191,623,1697,-1074
219000192,229,165,64
219000193,195,166,29
219000195,1,39,-38
219000196,3,89,-86
219000198,19,91,-72
219000199,59,198,-139
219000200,24,151,-127
219000201,42,170,-128
219000203,34,113,-79
219000204,69,297,-228
219000205,54,198,-144
219000207,102,226,-124
219000209,35,42,-7
219000210,20,87,-67
219000213,15,129,-114
219000239,163,159,4
219000240,180,320,-140
219000241,147,110,37
219000242,60,109,-49
219000243,52,229,-177
219000244,16,78,-62
219000245,19,42,-23
219000246,55,30,25
219000247,168,32,136
219000248,457,505,-48
219000249,123,112,11
219000250,152,107,45
219000251,522,265,257
219000252,180,161,19
219000253,460,87,373
219000255,103,122,-19
219000256,230,86,144
219000257,134,1,133
219000262,86,89,-3
219000263,65,160,-95
219000267,2,53,-51
219000268,5,8,-3
219000269,2,1,1
219000270,7,0,7
219000271,128,14,114
219000278,0,3,-3
219000279,0,6,-6
219000283,0,3,-3
219000295,24,78,-54
219000296,71,349,-278
219000297,19,88,-69
219000298,20,108,-88
219000299,504,72,432
219000300,25,152,-127
219000301,233,346,-113
219000302,29,265,-236
219000307,45,31,14
219000308,74,36,38
219000311,227,59,168
219000312,673,146,527
219000313,388,73,315
219000314,48,317,-269
219000315,321,31,290
219000316,612,36,576
219000317,111,10,101
219000320,1,54,-53
219000321,1,18,-17
219000323,5,44,-39
219000325,3,6,-3
219000326,109,62,47
219000327,66,21,45
219000328,51,45,6
219000329,351,112,239
219000330,47,27,20
219000331,69,37,32
219000332,115,73,42
219000333,30,4,26
219000335,79,1,78
219000337,29,0,29
219000338,55,2,53
219000344,10,71,-61
219000345,60,77,-17
219000346,34,88,-54
219000348,174,78,96
219000349,38,126,-88
219000350,81,409,-328
219000351,4,10,-6
219000352,255,138,117
219000353,97,58,39
219000354,264,98,166
219000355,144,43,101
219000356,1151,1438,-287
219000363,200,54,146
219000364,100,58,42
219000365,92,19,73
219000366,255,330,-75
219000368,366,622,-256
219000370,1072,519,553
219000371,13,37,-24
219000382,12,33,-21
219000383,462,1396,-934
219000385,440,456,-16
219000386,630,1647,-1017
219000387,9,9,0
219000390,4,5,-1
219000391,4,2,2
219000397,64,35,29
219000398,71,57,14
219000401,14,51,-37
219000402,12,63,-51
219000403,167,282,-115
219000404,26,113,-87
219000407,4,34,-30
219000409,66,48,18
219000410,106,45,61
219000411,68,18,50
219000446,124,356,-232
219000447,0,21,-21
219000448,32,14,18
219000452,175,85,90
219000453,75,218,-143
219000454,218,322,-104
219000556,223,64,159
219000558,176,117,59
219000590,25,162,-137
219000591,77,77,0
219000592,101,278,-177
219000595,4,12,-8
219000635,168,61,107
219000636,22,70,-48
219000657,39,45,-6
219000658,52,162,-110
219000673,1,92,-91
219000676,74,20,54
219000679,54,16,38
219000684,109,1,108
219000685,2,36,-34
219000686,3,7,-4
219000688,0,64,-64
219000689,13,172,-159
219000690,135,10,125
219000691,41,222,-181
219000692,215,29,186
219000693,0,27,-27
219000694,12,0,12
219000695,30,1,29
219000698,17,1,16
219000699,0,16,-16
219000727,1,74,-73
219000728,142,3,139
219000770,110,1,109
219000771,4,39,-35
219001150,2,24,-22
219001151,0,6,-6
219001166,12,24,-12
219001167,0,56,-56
220000001,45,68,-23
220000002,9,90,-81
220000003,333,187,146
220000004,408,452,-44
220000005,1015,1412,-397
220000006,167,628,-461
220000007,350,333,17
220000008,260,635,-375
220000009,289,309,-20
220000010,145,81,64
220000011,379,2805,-2426
220000012,131,319,-188
220000014,123,50,73
220000015,62,224,-162
220000017,89,288,-199
220000018,4596,2082,2514
220000019,134,302,-168
220000020,473,240,233
220000021,777,173,604
220000022,950,384,566
220000023,381,163,218
220000024,1846,437,1409
220000025,1106,1201,-95
220000026,287,434,-147
220000027,18,128,-110
220000028,38,48,-10
220000029,53,92,-39
220000030,62,55,7
220000031,527,414,113
220000064,27,888,-861
221000046,7,0,7
221000047,0,3,-3
221000048,0,1,-1
221000049,0,16,-16
221000050,33,1,32
221000055,31,57,-26
221000057,68,11,57
221000068,316,138,178
221000069,435,52,383
221000070,225,23,202
221000071,136,3,133
221000072,268,10,258
221000073,220,45,175
221000074,3,18,-15
221000075,19,14,5
221000076,14,33,-19
221000077,25,88,-63
221000081,17,4,13
221000082,79,7,72
221000083,21,4,17
221000084,6,1,5
221000085,22,54,-32
221000086,9,93,-84
221000087,1,151,-150
221000088,21,160,-139
221000089,40,246,-206
221000090,113,499,-386
221000098,128,14,114
221000099,180,21,159
221000100,54,8,46
221000101,171,14,157
221000102,129,10,119
221000109,3,84,-81
221000110,7,71,-64
221000111,31,118,-87
221000112,3,122,-119
221000113,20,142,-122
221000114,15,147,-132
221000120,73,40,33
221000121,10,34,-24
221000122,87,38,49
221000123,8,6,2
221000124,30,156,-126
221000155,148,14,134
221000156,17,21,-4
221000175,0,8,-8
221000176,1,7,-6
221000182,41,14,27
221000241,538,324,214
221000242,234,394,-160
221000243,421,218,203
221000244,252,390,-138
221000245,73,82,-9
221000246,30,188,-158
221000247,70,109,-39
221000248,123,109,14
221000267,66,537,-471
221000325,96,100,-4
221000331,18,76,-58
221000338,4,27,-23
221000378,212,27,185
221000381,39,53,-14
222000282,12,0,12
222000296,3,13,-10
222000568,397,28,369
222000569,241,64,177
222000570,170,39,131
222000571,415,26,389
222000577,16,114,-98
222000578,26,129,-103
222000579,30,110,-80
222000580,84,770,-686
222000599,2,116,-114
222000600,0,232,-232
222000601,6,884,-878
222000603,26,47,-21
222000604,8,40,-32
222000605,15,24,-9
222000606,3,10,-7
222000607,6,10,-4
222000608,25,11,14
222000609,56,110,-54
222000616,393,71,322
222000617,5,16,-11
222000618,11,3,8
222000620,28,12,16
222000621,59,16,43
222000623,752,9,743
222000624,394,7,387
222000625,673,22,651
222000636,60,6,54
222000686,25,8,17
222000687,44,23,21
222001066,318,1,317
222001067,19,4,15
222001068,73,18,55
222001069,34,31,3
222001082,12,30,-18
222001083,37,46,-9
222001084,1,26,-25
222001085,6,217,-211
222001111,73,85,-12
222001112,192,26,166
222001313,29,5,24
222001314,10,106,-96
222001464,40,39,1
222001465,20,62,-42
222001484,142,108,34
222001485,28,54,-26
222001494,565,118,447
222001495,181,192,-11
222001496,338,81,257
222001497,64,262,-198
222001502,15,101,-86
222001503,134,47,87
222001504,47,275,-228
222001505,361,24,337
222001506,54,348,-294
222001507,284,27,257
222001510,535,36,499
222001511,58,277,-219
222001514,747,229,518
222001515,220,489,-269
222001518,390,74,316
222001519,62,190,-128
222001527,199,61,138
222001528,71,162,-91
222001529,327,51,276
222001530,84,186,-102
222001533,144,243,-99
222001534,376,43,333
222001535,233,201,32
222001536,54,147,-93
222001537,291,57,234
222001538,68,437,-369
222001563,836,104,732
222001564,91,405,-314
222001568,414,170,244
222001576,1,6,-5
222001579,3,11,-8
222001583,22,131,-109
222001584,98,10,88
222001596,855,1282,-427
222001597,2831,577,2254
222001626,0,111,-111
222001650,170,188,-18
222001651,187,386,-199
222001914,214,79,135
222001915,53,214,-161
222900004,514,250,264
222900009,306,452,-146
222900019,217,212,5
222900024,37,9,28
222900025,7,20,-13
225000001,411,104,307
225000002,558,145,413
225000003,619,74,545
225000004,440,200,240
225000005,182,82,100
225000006,1,209,-208
225000007,1120,1051,69
225000010,306,10,296
225000011,343,872,-529
225000012,237,470,-233
225000013,100,124,-24
225000014,646,92,554
225000015,101,136,-35
225000021,862,155,707
225000027,187,369,-182
225000032,700,122,578
225000042,68,491,-423
225000049,33,68,-35
225000050,91,10,81
225000053,13,289,-276
225000058,604,156,448
225000067,174,236,-62
225000068,96,220,-124
225000069,114,396,-282
225000070,76,323,-247
225000071,34,131,-97
225000075,14,449,-435
225000076,68,108,-40
225000078,76,45,31
225000085,67,126,-59
225000086,340,58,282
225000087,167,16,151
225000088,13,166,-153
225000089,169,861,-692
225000090,79,393,-314
225000091,141,116,25
225000092,49,104,-55
225000093,217,180,37
225000094,10,181,-171
225000095,217,304,-87
225000096,234,365,-131
225000098,828,261,567
225000099,347,151,196
225000100,381,103,278
225000104,96,311,-215
225000110,17,351,-334
225000111,167,826,-659
225000112,191,873,-682
225000113,152,511,-359
225000114,47,235,-188
225000115,1137,526,611
225000116,932,193,739
225000117,727,234,493
225000118,1025,238,787
225000119,236,76,160
225000120,792,54,738
225000121,197,31,166
225000123,500,28,472
225000125,484,132,352
225000126,670,129,541
225000127,623,1218,-595
225000128,490,743,-253
225000132,313,21,292
225000133,276,18,258
225000134,687,139,548
225000135,69,18,51
225000136,308,15,293
225000137,204,52,152
225000138,437,95,342
225000143,44,155,-111
225000144,3,233,-230
225000145,45,42,3
225000146,45,78,-33
225000147,28,180,-152
225000148,16,164,-148
225000149,53,381,-328
225000151,41,151,-110
225000155,238,257,-19
225000156,113,688,-575
225000157,253,276,-23
225000158,73,206,-133
225000171,7,132,-125
225000180,55,22,33
225000181,0,51,-51
225000182,52,8,44
225000185,6,287,-281
225000187,54,280,-226
225000191,150,5,145
225000194,0,4,-4
225000208,3,48,-45
225000209,69,15,54
225000210,6,279,-273
225000217,0,12,-12
225000218,15,0,15
225000223,0,23,-23
225000224,53,0,53
225000225,3,11,-8
225000226,30,1,29
225000227,22,49,-27
225000228,13,12,1
225000229,0,51,-51
225000230,40,1,39
225000231,0,33,-33
225000232,163,1,162
225000241,91,1,90
225000242,0,28,-28
225000249,13,0,13
225000250,45,499,-454
225000251,369,20,349
225000254,3,7,-4
225000256,0,23,-23
225000257,2,26,-24
226000042,231,344,-113
226000043,46,271,-225
226000044,93,337,-244
226000045,57,241,-184
226000046,474,78,396
226000047,371,87,284
226000048,389,61,328
226000049,241,150,91
226000070,0,42,-42
226000071,0,49,-49
226000072,0,13,-13
226000073,1,10,-9
226000074,0,10,-10
226000084,9,46,-37
226000085,1,11,-10
226000086,3,29,-26
226000087,1,19,-18
226000088,31,43,-12
226000090,174,99,75
226000091,10,48,-38
226000092,4,24,-20
226000093,32,2,30
226000094,10,5,5
226000095,11,4,7
226000105,11,1,10
226000106,13,0,13
226000107,11,0,11
226000108,28,1,27
226000109,106,25,81
226000124,133,55,78
226000134,714,427,287
226000135,1692,517,1175
226000136,578,375,203
226000137,10,222,-212
226000138,17,116,-99
226000139,1,36,-35
226000156,167,2,165
226000157,192,13,179
226000163,99,155,-56
226000202,6,181,-175
226000231,362,16,346
226000232,91,13,78
227000033,282,63,219
227000036,348,36,312
227000037,271,29,242
227000038,216,44,172
227000084,1,64,-63
227000085,0,33,-33
227000088,65,2,63
227000089,172,2,170
227000090,36,0,36
227000091,21,1,20
227000092,35,0,35
227000093,140,2,138
227000094,5,0,5
227000130,23,74,-51
227000131,33,128,-95
227000132,8,148,-140
227000133,5,90,-85
227000134,19,162,-143
227000152,0,2,-2
227000153,0,44,-44
227000154,1,28,-27
227000155,1,16,-15
227000156,0,3,-3
227000165,4,36,-32
227000196,446,180,266
227000199,389,318,71
227000230,10,288,-278
227000232,383,22,361
227000242,53,355,-302
227000243,417,66,351
227000245,16,244,-228
227000246,85,262,-177
227000247,447,64,383
227000248,109,33,76
227000249,19,111,-92
227000250,352,143,209
227000251,65,106,-41
227000252,19,174,-155
227000253,170,18,152
227000262,377,58,319
227000266,1176,14,1162
227000267,37,1047,-1010
227000282,7,117,-110
227000284,448,14,434
227000286,3,44,-41
227000291,17,438,-421
227000296,143,250,-107
227000484,195,18,177
227000485,11,718,-707
227000655,190,4,186
227000656,646,27,619
227000657,100,13,87
227000704,144,17,127
229000265,11,7,4
229000266,4,3,1
229000267,6,1,5
229000268,13,0,13
229000269,39,0,39
229000274,1,41,-40
229000275,0,47,-47
229000276,1,15,-14
229000277,0,1,-1
229000278,0,15,-15
229000295,17,20,-3
229000296,4,10,-6
229000297,5,33,-28
229000298,8,113,-105
229000320,20,16,4
229000321,14,7,7
229000412,23,60,-37
229000414,11,45,-34
229000415,28,6,22
229000416,2,7,-5
229000417,2,9,-7
229000419,112,326,-214
229000440,470,81,389
229000442,30,16,14
229000443,4,1,3
229000444,2,26,-24
229000445,77,6,71
229000446,94,24,70
229000491,5,11,-6
229000492,4,64,-60
229000493,8,72,-64
229000494,41,2,39
229000495,132,6,126
229000496,50,4,46
229000507,0,66,-66
229000508,0,33,-33
229000509,1,72,-71
229000510,3,27,-24
229000511,5,46,-41
229000512,1,28,-27
229000513,0,18,-18
229000514,0,3,-3
229000517,2,5,-3
229000518,10,19,-9
229000519,2,8,-6
229000520,10,26,-16
229000521,62,27,35
229000522,16,16,0
229000523,23,6,17
229000524,5,4,1
229000527,20,0,20
229000528,1,0,1
229000529,4,0,4
229000530,71,2,69
229000531,43,2,41
229000532,23,0,23
229000533,58,4,54
229000534,48,2,46
229000564,88,1,87
229000565,20,1,19
229000566,0,6,-6
229000567,0,27,-27
229000582,96,8,88
229000583,3,6,-3
229000584,0,20,-20
229000585,1,55,-54
229000718,0,5,-5
229000719,0,2,-2
229000720,1,8,-7
229000721,0,3,-3
229000722,0,9,-9
229000723,0,5,-5
229000724,0,1,-1
229000725,1,2,-1
229000738,4,0,4
229000739,21,1,20
229000740,1,0,1
229000741,17,0,17
229000742,10,0,10
229000743,9,0,9
229000744,6,0,6
229000745,2,0,2
229000746,18,2,16
229000847,38,2,36
229000848,15,0,15
229000849,79,0,79
229000851,25,0,25
229000854,0,22,-22
229000856,1,66,-65
229000857,0,33,-33
229000858,1,43,-42
229000919,10,50,-40
229000930,2,213,-211
229000937,104,11,93
229000966,60,20,40
229000981,18,35,-17
229000985,25,35,-10
229000986,0,10,-10
229000987,1,2,-1
229000988,2,3,-1
229000989,4,8,-4
229000990,5,5,0
229000991,1,0,1
229000992,11,12,-1
229000993,133,11,122
229000998,24,63,-39
229000999,78,18,60
229001034,0,23,-23
229001035,1,2,-1
229001036,8,45,-37
229001037,44,0,44
229001038,0,6,-6
229001039,7,0,7
229001040,0,76,-76
229001041,72,0,72
229001042,17,9,8
229001047,5,50,-45
229001050,32,15,17
229001168,0,22,-22
229001200,32,8,24
229001338,3,14,-11
229001394,168,2,166
229001422,131,29,102
229001423,40,89,-49
229001431,60,39,21
229001432,60,84,-24
229001444,225,45,180
229001445,42,140,-98
229001479,19,2,17
229001503,218,82,136
229001504,133,120,13
229001505,128,28,100
229001506,82,103,-21
229001509,42,10,32
229001510,6,34,-28
229001545,119,2,117
229001546,14,74,-60
229001553,124,20,104
229001554,41,81,-40
229001630,49,14,35
229001631,8,37,-29
229001635,0,12,-12
229001636,16,0,16
229001658,0,113,-113
229001659,75,0,75
229001660,72,5,67
229001661,37,27,10
229001662,14,1,13
229001663,0,9,-9
229002584,237,236,1
229002831,175,149,26
229002841,20,18,2
229002842,32,22,10
229002843,112,21,91
229002844,61,52,9
229002845,10,74,-64
229002846,29,20,9
229002847,4,12,-8
229002848,30,12,18
229002849,2,70,-68
229002850,16,1,15
229002851,54,142,-88
229002852,251,42,209
229002853,173,21,152
229002854,44,63,-19
229002855,6,31,-25
229002856,26,19,7
229002857,16,155,-139
229002858,16,13,3
229002859,38,108,-70
229002860,319,27,292
229002861,99,16,83
229002862,41,52,-11
229002863,28,16,12
229002864,31,45,-14
229002865,23,17,6
229002866,17,21,-4
229002867,1,21,-20
229002868,7,17,-10
229002869,31,119,-88
229002870,69,19,50
235000066,370,88,282
235000067,93,87,6
235000072,15,60,-45
235000073,93,394,-301
235000074,54,50,4
235000080,33,77,-44
235000081,116,110,6
235000082,175,62,113
235000083,201,82,119
235000084,44,53,-9
235000085,185,91,94
235000089,49,19,30
235000092,49,138,-89
235000093,8,9,-1
235000097,6,14,-8
235000098,92,9,83
235000099,28,24,4
235000116,84,26,58
235000117,628,27,601
235000133,9,453,-444
235000134,5,177,-172
235000206,11,7,4
235000207,1,7,-6
235000208,9,2,7
235000209,17,0,17
235000210,8,1,7
235000212,4,9,-5
235000213,0,10,-10
235000220,3,2,1
235000221,53,25,28
235000238,16,87,-71
235000239,4,34,-30
235000242,375,692,-317
235000245,549,126,423
235000246,26,53,-27
235000284,17,134,-117
235000295,172,20,152
235000305,277,31,246
235000306,244,10,234
235000307,23,2,21
235000308,28,1,27
235000309,50,1,49
235000310,44,0,44
235000311,91,32,59
235000322,0,23,-23
235000323,0,46,-46
235000324,1,26,-25
235000325,0,17,-17
235000326,4,112,-108
235000351,9,75,-66
235000352,13,28,-15
235000353,5,27,-22
235000354,8,36,-28
235000355,11,73,-62
235000356,110,10,100
235000357,45,6,39
235000358,240,5,235
235000359,2,12,-10
235000360,37,22,15
235000361,62,13,49
235000381,106,92,14
235000382,207,35,172
235000390,15,8,7
235000391,127,13,114
235000392,188,288,-100
235000393,118,162,-44
235000395,145,38,107
235000396,534,72,462
235000400,203,51,152
235000401,14,121,-107
235000405,106,185,-79
235000406,40,227,-187
235000407,69,75,-6
235000409,216,97,119
235000410,29,189,-160
235000411,1,53,-52
235000485,0,8,-8
235000486,30,0,30
235000549,221,121,100
235000550,148,212,-64
235000599,108,50,58
235000600,5,10,-5
235000601,22,37,-15
235000602,125,60,65
235000614,1,8,-7
235000648,3,15,-12
235000649,34,12,22
235000685,7,8,-1
235000815,29,53,-24
235000834,0,12,-12
235000855,113,80,33
235000862,26,123,-97
235000891,0,8,-8
235000892,30,1,29
235000901,173,93,80
235000907,8,16,-8
235001010,105,103,2
235001029,485,372,113
235001030,330,295,35
235001078,75,107,-32
235001079,64,67,-3
235001147,2,40,-38
235001166,27,75,-48
235001167,45,27,18
235001169,27,243,-216
235001188,1,5,-4
235001189,7,1,6
235001197,4,23,-19
235001200,32,44,-12
235001208,34,20,14
235001209,32,45,-13
235001210,19,85,-66
235001239,0,48,-48
235001244,2,8,-6
235016267,0,60,-60
241900007,77,30,47
277101746,0,1,-1
277102712,2,0,2
277103813,0,1,-1
277103814,0,0,0
277103898,0,1,-1
277104249,0,0,0
277104250,0,6,-6
277104251,0,9,-9
277104252,0,2,-2
990011530,1,189,-188
990014944,3,372,-369
990015176,89,3,86
990015618,0,111,-111
990016032,0,305,-305
990032570,17,342,-325
990070001,57,12,45
990070103,0,4,-4
990070601,1,63,-62
990070751,999,7,992
990070766,3,367,-364
990071180,545,181,364
990071343,38,2,36
990071387,0,17,-17
990071823,647,7,640
990072600,2,1188,-1186
990072964,1,376,-375
990073285,0,2,-2
990074393,2,719,-717
990074870,1929,58,1871
990075106,1808,58,1750
990075746,618,34,584
990076437,1519,0,1519
990076458,0,504,-504
997000007,671,12,659
997000041,1,317,-316
997000058,56,2,54
997000062,37,19,18
997000069,0,8,-8
997000070,0,19,-19
997000100,39,0,39
997000141,12,2479,-2467
997000198,0,1333,-1333
998000475,5,50,-45
998000736,0,212,-212
998000965,0,3,-3
998001031,0,77,-77
998001700,0,0,0
998001899,0,4,-4
998001900,7,2,5
998003073,1776,5,1771
998101900,0,0,0
998102850,1,303,-302
998501927,1247,935,312
998501929,106,15,91
998501930,57,0,57
998501931,186,74,112
998501932,4,0,4
998501933,75,27,48
998501937,12,5,7
998501944,65,47,18
998501950,0,0,0
998501970,82,24,58
998501971,0,78,-78
998501973,0,42,-42
998501974,0,189,-189
998501975,102,1,101
998501976,102,0,102
998501977,0,42,-42
998501978,43,1,42
998501979,0,6,-6
998501980,100,2,98
998501981,29,1,28
998501982,1,101,-100
998502006,0,0,0
998502024,0,7,-7
998502032,0,6,-6
998502062,16,0,16
998502063,0,0,0
998502173,21,0,21
998502269,0,3,-3
998601159,22,107,-85
998601292,0,21,-21
999033574,1,151,-150
999800001,61,13,48
999800002,0,6,-6
999800003,4,0,4
999800004,0,2,-2
999800005,0,8,-8
