ID,insum,outsum,diff
100000001,671,1116,-445
100000002,6429,2337,4092
100000003,9033,4726,4307
100000004,1768,1570,198
100000005,3227,5801,-2574
100000006,1816,243,1573
100000007,4077,1224,2853
100000008,1162,636,526
100000009,2215,1322,893
100000010,521,281,240
100000011,2065,242,1823
100000012,193,1076,-883
100000013,1875,420,1455
100000014,1782,427,1355
100000015,2071,4310,-2239
100000016,1573,1820,-247
100000017,2080,1173,907
100000018,3219,926,2293
100000019,7516,2763,4753
100000020,3665,13405,-9740
100000021,7398,2989,4409
100000022,3216,2996,220
100000023,6836,2226,4610
100000025,2676,1178,1498
100000028,2761,1252,1509
100000029,334,357,-23
100000030,321,72,249
100000031,6242,9843,-3601
100000032,4860,5490,-630
100000033,1403,3595,-2192
100000034,656,519,137
100000035,2969,1640,1329
100000036,3898,1693,2205
100000037,957,671,286
100000038,3597,1489,2108
100000039,2605,370,2235
100000040,377,235,142
100000041,1373,897,476
100000042,1927,768,1159
100000043,1960,649,1311
100000044,508,984,-476
100000045,888,1526,-638
100000046,991,1553,-562
100000047,730,1146,-416
100000048,2551,980,1571
100000049,2894,3437,-543
100000051,871,1625,-754
100000053,432,14,418
100000054,887,90,797
100000055,2321,373,1948
100000056,849,641,208
100000057,2952,1029,1923
100000058,1931,2114,-183
100000059,28,200,-172
100000060,457,581,-124
100000061,2858,727,2131
100000062,3229,842,2387
100000063,949,373,576
100000064,1836,537,1299
100000065,580,1504,-924
100000066,297,1118,-821
100000067,632,1213,-581
100000068,781,2898,-2117
100000069,596,2455,-1859
100000072,667,1738,-1071
100000073,1894,1641,253
100000075,844,394,450
100000076,4887,3220,1667
100000077,372,297,75
100000078,85,54,31
100000079,83,114,-31
100000080,52,75,-23
100000081,190,254,-64
100000102,3812,2451,1361
100000103,7778,1930,5848
100000104,8322,3622,4700
100000105,3838,2022,1816
100000106,3723,2752,971
100000107,1388,1228,160
100000108,1238,1691,-453
100000109,4639,1799,2840
100000116,2145,1409,736
100000117,142,146,-4
100000118,2481,1505,976
100000119,759,1080,-321
100000121,416,620,-204
100000122,1033,1421,-388
100000123,5930,6054,-124
100000124,8987,8474,513
100000125,4662,1760,2902
100000126,1224,555,669
100000127,2331,638,1693
100000128,3017,2879,138
100000129,694,767,-73
100000130,618,829,-211
100000131,4009,4829,-820
100000132,2047,3940,-1893
100000133,8805,3452,5353
100000135,816,1627,-811
100000139,815,350,465
100000140,730,428,302
100000142,655,959,-304
100000143,2587,1096,1491
100000144,5260,1481,3779
100000147,1370,3233,-1863
100000150,47,641,-594
100000151,1653,1284,369
100000153,325,598,-273
100000154,140,216,-76
100000155,48,79,-31
100000156,681,448,233
100000157,171,126,45
100000158,342,102,240
100000159,485,878,-393
100000165,2443,1089,1354
100000169,631,455,176
100000174,1285,464,821
100000179,104,758,-654
100000180,11124,2791,8333
100000181,1034,344,690
100000188,124,547,-423
100000189,3415,619,2796
100000190,1200,989,211
100000191,941,680,261
100000192,90,209,-119
100000193,316,213,103
100000330,1756,1282,474
100000355,389,875,-486
100000362,8395,4643,3752
100000363,5010,7024,-2014
100000364,481,255,226
100000365,7204,7221,-17
100000366,9664,4304,5360
100000367,6972,6445,527
100000368,4121,2304,1817
100000369,2573,2423,150
100000370,669,901,-232
100000376,173,197,-24
100000379,4275,1850,2425
100000380,7778,4115,3663
100000384,7625,5761,1864
100000385,6381,5040,1341
100000386,11019,5892,5127
100000387,6982,7140,-158
100000388,10426,7830,2596
100000389,10503,8116,2387
100000390,11991,7040,4951
100000391,9613,9314,299
100000392,6018,4480,1538
100000393,4395,5417,-1022
100000394,11729,9488,2241
100000395,7631,4226,3405
100000396,11711,4521,7190
100000397,8185,6381,1804
100000398,16273,11039,5234
100900002,15,98,-83
100900003,458,212,246
100900004,43,1065,-1022
100900005,244,49,195
100900006,26,219,-193
100900007,791,15,776
100900008,3,390,-387
100900009,107,177,-70
100900010,207,190,17
100900011,204,312,-108
100900012,4,224,-220
100900013,2288,18,2270
100900014,2,29,-27
100900015,181,129,52
100900016,3,89,-86
100900017,1538,140,1398
100900018,0,41,-41
100900019,49,399,-350
100900020,472,23,449
100900021,582,2,580
100900022,57,160,-103
100900023,0,216,-216
100900024,1331,6,1325
100900025,43,22,21
100900026,167,185,-18
100900027,980,3970,-2990
100900028,170,325,-155
100900029,110,27,83
100900030,10,60,-50
100900031,1084,113,971
100900032,237,0,237
100900033,539,285,254
100900034,520,7,513
100900035,1135,5,1130
100900036,36,0,36
100900037,129,260,-131
100900038,179,43,136
100900039,519,956,-437
100900040,425,1062,-637
100900041,918,822,96
100900042,1916,643,1273
100900043,1,13,-12
100900044,3288,1023,2265
100900045,132,16,116
100900046,1741,19,1722
100900047,1342,847,495
100900048,331,109,222
100900049,167,258,-91
100900050,8,19,-11
100900051,105,112,-7
100900052,884,88,796
100900053,406,72,334
100900054,19,120,-101
100900055,578,766,-188
100900056,265,650,-385
100900057,869,1705,-836
100900058,398,122,276
100900059,280,22,258
100900060,192,46,146
100900061,517,379,138
100900062,7,83,-76
100900063,282,900,-618
100900064,964,26,938
100900065,123,143,-20
100900066,146,280,-134
100900067,14,17,-3
100900068,534,144,390
100900069,1127,15,1112
100900070,531,12,519
100900071,1141,492,649
100900072,11,70,-59
100900073,195,585,-390
100900074,12,21,-9
100900075,2164,483,1681
100900076,42,56,-14
100900077,35,199,-164
100900078,179,745,-566
100900079,11,56,-45
100900080,37,301,-264
100900081,69,306,-237
100900082,127,741,-614
100900083,18,50,-32
100900085,41,198,-157
100900086,314,1934,-1620
100900088,146,873,-727
100900089,7,30,-23
100900090,234,838,-604
100900091,3,38,-35
100900092,596,435,161
100900093,287,917,-630
100900094,144,737,-593
100900095,10,25,-15
100900096,65,162,-97
100900097,3,6,-3
100900098,56,28,28
100900099,59,667,-608
100900100,27,520,-493
100900101,543,70,473
100900102,677,201,476
100900103,32,23,9
100900104,8,164,-156
100900105,59,486,-427
100900106,65,10,55
100900107,2384,1010,1374
100900108,31,47,-16
100900109,13,64,-51
100900110,6,78,-72
100900111,58,166,-108
100900112,22,14,8
100900113,21,36,-15
100900114,11,23,-12
100900115,2,46,-44
100900116,1147,1615,-468
100900117,432,1191,-759
100900118,69,62,7
100900119,45,59,-14
100900120,8,25,-17
100900121,397,1134,-737
100900122,260,354,-94
100900123,70,463,-393
100900124,21,10,11
100900125,28,131,-103
100900126,281,935,-654
100900127,8,7,1
100900128,191,198,-7
100900129,1,197,-196
100900131,142,380,-238
100900133,127,129,-2
100900134,12,11,1
100900135,1,217,-216
100900137,458,284,174
100900138,994,599,395
100900139,6,16,-10
100900140,11,578,-567
100900141,3,527,-524
100900142,6,19,-13
100900143,2270,562,1708
100900144,44,13,31
100900145,667,295,372
100900146,7,138,-131
100900147,34,452,-418
100900148,78,902,-824
100900149,68,272,-204
100900150,4,61,-57
100900151,194,754,-560
100900152,485,30,455
100900153,5,295,-290
100900154,11,61,-50
100900155,15,32,-17
100900156,68,7,61
100900157,8,258,-250
100900159,1,54,-53
100900160,23,11,12
100900161,213,19,194
100900162,37,637,-600
100900163,295,375,-80
100900164,42,166,-124
100900165,13,86,-73
100900166,64,21,43
100900167,36,113,-77
100900168,82,219,-137
100900169,174,1208,-1034
100900170,134,23,111
100900171,27,794,-767
100900172,0,25,-25
100900173,15,630,-615
100900174,969,104,865
100900176,1640,291,1349
100900177,840,387,453
100900178,501,222,279
100900179,280,311,-31
100900180,5,6,-1
100900181,192,186,6
100900182,87,56,31
100900184,26,268,-242
100900186,1047,753,294
100900187,21,168,-147
100900188,43,21,22
100900189,1563,322,1241
100900191,1649,1512,137
100900192,471,422,49
100900195,181,196,-15
100900197,20,150,-130
100900198,25,269,-244
100900199,22,55,-33
100900200,887,609,278
100900201,219,1119,-900
100900202,107,3,104
100900203,0,122,-122
100900204,1611,979,632
100900205,272,721,-449
100900206,187,184,3
100900207,310,249,61
100900210,129,852,-723
100900211,593,295,298
100900213,177,55,122
100900214,1385,332,1053
100900215,23,139,-116
100900217,185,118,67
101000001,5896,3371,2525
101000002,6505,6931,-426
101000003,865,3150,-2285
101000004,13663,10185,3478
101000005,6079,6522,-443
101000006,9822,10317,-495
101000007,3859,4859,-1000
101000008,5246,4112,1134
101000009,3899,1892,2007
101000010,1255,1607,-352
101000011,2964,1207,1757
101000012,2030,1139,891
101000013,1035,1639,-604
101000014,881,966,-85
101000015,1277,1165,112
101000016,562,582,-20
101000017,881,702,179
101000018,4702,3700,1002
101000020,7116,1657,5459
101000021,1200,591,609
101000022,382,118,264
101000023,2116,1002,1114
101000025,318,651,-333
101000026,494,43,451
101000027,2641,3146,-505
101000028,1376,280,1096
101000029,669,2430,-1761
101000030,2876,160,2716
101000031,1778,1242,536
101000032,14710,5776,8934
101000033,3292,4010,-718
101000034,3647,2014,1633
101000035,1315,861,454
101000036,1983,1011,972
101000037,4413,1989,2424
101000039,3521,2901,620
101000040,4449,3871,578
101000041,17423,10166,7257
101000042,1119,1905,-786
101000043,12671,9856,2815
101000045,3162,1204,1958
101000046,6772,1844,4928
101000047,4573,4051,522
101000048,1519,1243,276
101000049,1435,2582,-1147
101000050,5339,4550,789
101000051,4035,3564,471
101000052,2239,1287,952
101000053,2181,3442,-1261
101000054,3470,2492,978
101000055,2167,1865,302
101000056,56,149,-93
101000057,2911,1364,1547
101000058,1951,1567,384
101000059,3614,2545,1069
101000060,2056,712,1344
101000061,1286,1915,-629
101000062,995,893,102
101000063,903,1255,-352
101000064,1562,1185,377
101000065,564,557,7
101000066,1333,927,406
101000067,1645,1041,604
101000068,658,610,48
101000069,613,144,469
101000070,1936,1432,504
101000071,2659,1197,1462
101000072,1274,4323,-3049
101000073,1452,1028,424
101000074,10548,4620,5928
101000075,9016,5698,3318
101000077,2807,1433,1374
101000078,2317,2855,-538
101000079,1501,568,933
101000080,1355,555,800
101000081,2134,1809,325
101000082,4755,4432,323
101000083,3448,2806,642
101000084,2114,1325,789
101000085,2365,1800,565
101000086,1475,1592,-117
101000087,1193,1733,-540
101000088,1603,1735,-132
101000089,1336,2267,-931
101000090,2853,1830,1023
101000091,519,1281,-762
101000092,1024,1498,-474
101000093,2062,1198,864
101000094,1158,1694,-536
101000095,581,938,-357
101000096,447,895,-448
101000097,623,537,86
101000098,736,761,-25
101000099,1788,1667,121
101000100,1726,1248,478
101000101,394,580,-186
101000102,1209,584,625
101000103,1636,781,855
101000104,474,739,-265
101000105,1424,557,867
101000106,1924,1199,725
101000107,264,475,-211
101000108,1412,511,901
101000109,335,113,222
101000110,60,797,-737
101000111,335,532,-197
101000113,266,1380,-1114
101000114,12745,6042,6703
101000115,763,376,387
101000116,523,325,198
101000117,2600,518,2082
101000119,158,74,84
101000120,155,46,109
101000121,128,35,93
101000122,200,122,78
101000123,129,124,5
101000124,961,246,715
101000125,340,598,-258
101000128,970,575,395
101000130,432,449,-17
101000131,935,814,121
101000132,795,1480,-685
101000135,97,34,63
101000136,805,209,596
101000137,66,503,-437
101000141,2101,3851,-1750
101000147,1335,655,680
101000148,1975,53,1922
101000149,525,461,64
101000150,140,1131,-991
101000151,348,98,250
101000152,449,488,-39
101000153,1665,600,1065
101000154,396,1682,-1286
101000155,407,202,205
101000156,105,459,-354
101000157,104,46,58
101000160,222,80,142
101000163,429,354,75
101000164,611,497,114
101000165,437,511,-74
101000166,370,616,-246
101000168,1004,444,560
101000252,1956,1138,818
101000254,798,124,674
101000258,87,18,69
101000261,253,52,201
101000262,1862,2206,-344
101000263,556,2017,-1461
101000265,196,1249,-1053
101000266,667,560,107
101000269,80,13,67
101000290,2118,4183,-2065
101000293,88,140,-52
101000294,936,650,286
101000295,166,806,-640
101000301,1025,585,440
101000304,2837,3643,-806
101000305,4700,2091,2609
101900001,78,103,-25
101900002,0,19,-19
101900003,74,120,-46
101900004,7,92,-85
101900005,5817,2144,3673
101900006,1144,66,1078
101900007,909,229,680
101900008,107,458,-351
101900009,113,814,-701
101900010,1342,1042,300
101900011,424,1989,-1565
101900012,328,633,-305
101900013,1528,212,1316
101900017,21,291,-270
101900018,2105,494,1611
101900019,430,221,209
101900020,75,128,-53
101900021,2,89,-87
101900022,271,1734,-1463
101900023,339,396,-57
101900026,165,66,99
101900027,21,191,-170
102000001,4249,5936,-1687
102000002,5296,2291,3005
102000003,5793,10193,-4400
102000004,12939,4717,8222
102000005,1789,3034,-1245
102000006,1852,2778,-926
102000007,2197,6789,-4592
102000008,7880,2502,5378
102000009,9137,9957,-820
102000010,11203,5055,6148
102000011,3833,3657,176
102000012,4823,4683,140
102000018,4871,3916,955
102000019,3627,2067,1560
102000026,373,774,-401
102000029,460,303,157
102000030,160,538,-378
102000031,143,251,-108
102000032,510,499,11
102000033,305,573,-268
102000034,1035,611,424
102000035,1929,935,994
102000036,29,361,-332
102000037,434,85,349
102000038,270,375,-105
102000039,348,89,259
102000040,720,350,370
102000041,262,367,-105
102000042,278,289,-11
102000043,492,334,158
102000044,511,526,-15
102000045,1720,1325,395
102000046,1240,876,364
102000047,1303,1576,-273
102000048,811,1244,-433
102000049,1148,949,199
102000050,1745,1937,-192
102000051,577,743,-166
102000052,2155,1385,770
102000053,1186,1233,-47
102000054,870,1401,-531
102000055,1372,953,419
102000056,1210,1864,-654
102000057,2364,996,1368
102000058,1706,2312,-606
102000059,2981,2220,761
102000060,2258,1644,614
102000061,2096,2945,-849
102000062,2090,2041,49
102000063,1640,2184,-544
102000064,914,1228,-314
102000065,76,240,-164
102000066,1907,1303,604
102000067,3821,5048,-1227
102000068,13492,3387,10105
102000069,93,1738,-1645
102000070,2524,102,2422
102000071,11168,12920,-1752
102000072,4975,5332,-357
102000073,2778,1867,911
102000074,1526,1526,0
102000075,305,626,-321
102000076,322,953,-631
102000077,985,1219,-234
102000078,2231,1302,929
102000079,303,395,-92
102000080,452,408,44
102000081,654,1154,-500
102000082,1238,569,669
102000083,634,507,127
102000084,321,411,-90
102000085,2489,1537,952
102000086,1607,2820,-1213
102000087,1566,2430,-864
102000088,550,510,40
102000089,1669,626,1043
102000090,1030,1843,-813
102000091,2381,941,1440
102000092,734,1328,-594
102000093,998,1177,-179
102000094,1712,946,766
102000095,1734,2051,-317
102000096,1183,1093,90
102000097,1484,1508,-24
102000098,805,1300,-495
102000099,1394,1039,355
102000100,953,1389,-436
102000101,1439,901,538
102000102,673,2354,-1681
102000103,2040,636,1404
102000104,934,406,528
102000105,330,748,-418
102000106,1006,942,64
102000107,1195,861,334
102000108,1591,297,1294
102000109,897,794,103
102000110,1240,1801,-561
102000111,26,354,-328
102000112,656,142,514
102000113,25,48,-23
102000114,1098,489,609
102000115,331,457,-126
102000116,955,483,472
102000117,530,656,-126
102000118,2028,1520,508
102000119,2869,970,1899
102000120,322,670,-348
102000121,1118,810,308
102000122,741,1228,-487
102000123,2019,1624,395
102000124,2115,1631,484
102000125,1524,1444,80
102000126,2000,1036,964
102000127,2040,1063,977
102000128,1080,1395,-315
102000129,1708,1105,603
102000130,830,1169,-339
102000131,2179,1224,955
102000132,766,1856,-1090
102000133,2683,2359,324
102000134,787,1181,-394
102000135,1199,1128,71
102000136,1530,718,812
102000137,1622,1218,404
102000138,679,576,103
102000139,718,686,32
102000140,1026,527,499
102000141,1717,963,754
102000142,560,591,-31
102000143,177,668,-491
102000144,344,590,-246
102000145,840,898,-58
102000146,564,476,88
102000147,659,900,-241
102000148,311,1177,-866
102000149,222,803,-581
102000150,438,220,218
102000151,149,474,-325
102000152,195,174,21
102000153,1327,657,670
102000154,488,996,-508
102000155,155,437,-282
102000156,430,179,251
102000157,153,406,-253
102000158,1045,1009,36
102000159,1636,559,1077
102000161,5024,3028,1996
102000162,421,213,208
102000163,211,780,-569
102000164,1642,1466,176
102000165,718,198,520
102000166,243,295,-52
102000167,499,322,177
102000168,380,177,203
102000169,225,763,-538
102000170,805,322,483
102000171,771,378,393
102000172,899,635,264
102000173,831,535,296
102000174,157,162,-5
102000175,536,175,361
102000176,108,65,43
102000178,522,692,-170
102000179,416,343,73
102000180,1392,776,616
102000181,791,795,-4
102000182,840,765,75
102000183,2550,2545,5
102000184,2784,1368,1416
102000185,2821,2006,815
102000186,1473,2676,-1203
102000187,1786,2302,-516
102000188,1762,2201,-439
102000189,3071,1135,1936
102000190,999,3666,-2667
102000191,1975,864,1111
102000192,1363,2068,-705
102000193,45,257,-212
102000194,68,190,-122
102000195,539,734,-195
102000196,215,596,-381
102000197,732,685,47
102000198,273,1217,-944
102000199,1188,587,601
102000200,424,1589,-1165
102000201,973,697,276
102000202,18,159,-141
102000203,502,446,56
102000204,456,1107,-651
102000205,1227,713,514
102000206,821,1168,-347
102000207,1706,663,1043
102000208,1049,772,277
102000209,310,118,192
102000210,775,552,223
102000211,998,517,481
102000212,556,14,542
102000213,12,414,-402
102000214,277,20,257
102000215,19,624,-605
102000216,70,64,6
102000217,17,182,-165
102000218,290,208,82
102000219,621,457,164
102000225,847,771,76
102000226,10029,2223,7806
102000227,170,6,164
102000228,0,133,-133
102000229,32,60,-28
102000230,347,655,-308
102000231,420,749,-329
102000232,30,240,-210
102000233,705,1052,-347
102000234,157,1914,-1757
102000236,911,138,773
102000237,795,244,551
102000238,232,437,-205
102000240,808,999,-191
102000241,458,183,275
102000243,85,120,-35
102000245,66,227,-161
102000246,33,105,-72
102000247,2154,2101,53
102000248,1184,1621,-437
102000249,227,216,11
102000250,151,567,-416
102000254,97,599,-502
102000266,222,496,-274
102000271,48,0,48
102000286,689,665,24
102000297,2701,1765,936
102000299,0,0,0
102000301,0,0,0
102000303,0,0,0
102000305,0,0,0
102000307,0,3,-3
102000308,0,3,-3
102900001,2775,1291,1484
102900002,550,64,486
102900003,87,358,-271
102900005,603,511,92
102900006,667,231,436
102900007,812,44,768
102900008,297,111,186
102900009,760,377,383
102900010,1058,763,295
102900011,2899,487,2412
102900012,562,99,463
102900013,32,111,-79
102900015,1033,556,477
102900016,84,198,-114
102900017,181,905,-724
102900018,37,199,-162
102900019,602,790,-188
102900020,218,45,173
102900021,32,161,-129
102900022,914,220,694
102900023,47,65,-18
102900024,65,59,6
102900025,403,170,233
102900026,869,2931,-2062
102900027,107,81,26
102900028,256,1277,-1021
102900029,211,247,-36
102900030,1040,494,546
102900031,225,233,-8
102900032,168,163,5
102900033,163,334,-171
102900034,907,149,758
102900035,213,478,-265
102900036,469,692,-223
102900037,829,783,46
102900038,1337,801,536
102900039,37,992,-955
102900040,292,452,-160
102900041,99,260,-161
102900042,241,432,-191
102900043,301,375,-74
102900044,1889,2854,-965
102900045,260,876,-616
102900046,192,391,-199
102900047,101,744,-643
102900048,1108,928,180
102900049,164,541,-377
102900050,628,519,109
102900051,313,319,-6
102900052,112,56,56
102900053,502,984,-482
102900054,1557,2595,-1038
102900055,161,242,-81
102900056,137,642,-505
102900057,17,78,-61
102900058,425,105,320
102900059,28,105,-77
102900060,124,794,-670
102900061,234,786,-552
102900062,326,1521,-1195
102900063,1316,624,692
102900064,300,670,-370
102900065,2015,1016,999
102900066,557,51,506
102900068,193,119,74
102900070,538,749,-211
102900072,140,43,97
102900073,481,21,460
102900075,43,81,-38
102900076,251,287,-36
102900077,63,69,-6
102900078,49,139,-90
102900079,304,8,296
102900080,377,55,322
102900081,101,392,-291
102900082,5,332,-327
102900083,400,21,379
102900084,16,39,-23
102900085,631,198,433
102900086,27,100,-73
102900087,187,112,75
102900088,52,37,15
102900089,406,213,193
102900090,6,596,-590
102900091,255,11,244
102900092,350,1600,-1250
102900093,368,430,-62
102900094,3,109,-106
102900095,183,2,181
102900096,134,42,92
102900097,19,246,-227
103000001,2689,3271,-582
103000002,2856,3314,-458
103000003,4995,3622,1373
103000004,1264,1172,92
103000005,2262,3980,-1718
103000006,807,1944,-1137
103000007,540,1072,-532
103000008,1381,1065,316
103000009,1438,1634,-196
103000010,190,125,65
103000011,2174,2201,-27
103000012,1656,2037,-381
103000013,6574,2923,3651
103000014,1939,3430,-1491
103000015,2368,934,1434
103000016,674,1808,-1134
103000017,260,619,-359
103000018,1080,704,376
103000019,335,379,-44
103000020,3161,1939,1222
103000021,2164,1978,186
103000022,863,1368,-505
103000023,731,2000,-1269
103000024,147,318,-171
103000025,276,824,-548
103000026,2083,262,1821
103000027,709,741,-32
103000028,827,645,182
103000029,503,393,110
103000030,3409,1434,1975
103000031,3100,2321,779
103000032,2968,2806,162
103000033,4459,3851,608
103000034,2236,1733,503
103000035,535,1814,-1279
103000036,501,823,-322
103000037,747,783,-36
103000038,687,1380,-693
103000039,503,678,-175
103000040,651,1508,-857
103000041,2078,3189,-1111
103000042,1447,933,514
103000043,1050,1424,-374
103000044,430,253,177
103000046,399,702,-303
103000047,763,1054,-291
103000048,292,386,-94
103000049,312,246,66
103000050,851,829,22
103000051,673,781,-108
103000052,1059,613,446
103000053,192,941,-749
103000054,3367,2260,1107
103000055,2685,3040,-355
103000056,794,2033,-1239
103000057,570,406,164
103000058,832,1491,-659
103000059,656,1525,-869
103000060,1043,1173,-130
103000061,630,1367,-737
103000062,1427,896,531
103000063,894,1368,-474
103000064,247,427,-180
103000065,6,580,-574
103000066,282,32,250
103000069,817,538,279
103000070,1708,1266,442
103000071,1292,767,525
103000072,165,968,-803
103000073,637,150,487
103000074,742,117,625
103000075,211,1033,-822
103000076,512,376,136
103000077,81,643,-562
103000078,1704,787,917
103000079,1379,1073,306
103000080,1934,469,1465
103000081,936,1583,-647
103000082,820,266,554
103000083,193,427,-234
103000084,216,15,201
103000085,2,167,-165
103000086,1374,535,839
103000087,208,891,-683
103000088,451,522,-71
103000089,282,605,-323
103000090,2261,1021,1240
103000091,846,503,343
103000092,364,481,-117
103000093,386,513,-127
103000094,266,180,86
103000095,116,529,-413
103000096,667,140,527
103000097,96,897,-801
103000098,1195,284,911
103000099,498,857,-359
103000100,147,986,-839
103000101,996,182,814
103000102,135,918,-783
103000103,772,329,443
103000104,65,168,-103
103000105,166,131,35
103000106,8,176,-168
103000107,278,80,198
103000108,816,665,151
103000109,383,361,22
103000110,534,491,43
103000111,611,579,32
103000112,392,297,95
103000113,1015,874,141
103000114,1700,543,1157
103000115,710,505,205
103000116,675,563,112
103000117,364,619,-255
103000118,1215,1081,134
103000119,1729,879,850
103000120,145,260,-115
103000121,1440,1055,385
103000122,951,926,25
103000125,32,526,-494
103000126,823,13,810
103000127,6,259,-253
103000128,220,4,216
103000129,3,164,-161
103000130,96,58,38
103000131,314,124,190
103000132,172,239,-67
103000133,25,180,-155
103000134,1010,1049,-39
103000135,1121,445,676
103000136,1086,603,483
103000137,812,804,8
103000138,1125,992,133
103000139,7,92,-85
103000140,188,75,113
103000141,115,188,-73
103000142,358,108,250
103000143,93,265,-172
103000144,355,102,253
103000145,112,151,-39
103000150,182,92,90
103000152,259,361,-102
103000153,225,215,10
103000156,11,503,-492
103000157,524,8,516
103000159,206,95,111
103000162,182,54,128
103000163,40,77,-37
103000164,119,13,106
103000165,156,539,-383
103000166,236,362,-126
103000167,226,117,109
103000168,105,316,-211
103000169,300,682,-382
103000170,893,723,170
103000171,214,132,82
103000172,776,523,253
103000173,540,1052,-512
103000174,185,598,-413
103000175,297,538,-241
103000176,992,1010,-18
103000177,892,686,206
103000178,650,460,190
103000179,704,77,627
103000183,178,22,156
103000185,124,70,54
103000186,161,277,-116
103000187,597,602,-5
103000188,21,105,-84
103000189,1011,1176,-165
103000191,877,990,-113
103000292,2518,2387,131
103000293,1603,2344,-741
103000295,253,176,77
103000296,854,8,846
103000297,333,127,206
103000504,233,22,211
103000505,15,46,-31
103000506,0,362,-362
103000507,318,13,305
103000508,98,135,-37
103000509,243,797,-554
103900001,5,358,-353
103900002,2044,323,1721
103900003,2153,190,1963
103900004,119,0,119
103900005,2,412,-410
103900006,0,2,-2
103900007,55,26,29
103900008,23,3,20
103900009,293,820,-527
103900010,187,593,-406
103900011,287,333,-46
103900012,9,23,-14
103900013,90,117,-27
103900014,63,28,35
103900015,63,24,39
103900016,720,350,370
103900017,103,123,-20
103900018,1097,353,744
103900019,141,455,-314
103900020,302,666,-364
103900021,939,73,866
103900022,1647,1129,518
103900023,170,3,167
103900024,202,520,-318
103900025,24,80,-56
103900026,680,5,675
103900027,871,418,453
103900028,24,485,-461
103900029,1398,218,1180
103900030,418,119,299
103900031,44,13,31
103900032,122,92,30
103900033,156,26,130
103900034,44,237,-193
103900035,100,78,22
103900036,45,58,-13
103900037,140,92,48
103900038,131,245,-114
103900039,90,574,-484
103900040,6,259,-253
103900041,88,62,26
103900042,73,472,-399
103900043,185,142,43
103900044,205,268,-63
103900045,550,260,290
103900047,84,59,25
103900048,272,44,228
103900049,491,1805,-1314
103900050,24,135,-111
103900051,3,33,-30
103900052,249,702,-453
103900053,261,1016,-755
103900054,134,677,-543
103900055,516,283,233
103900056,220,80,140
103900057,38,305,-267
103900058,349,968,-619
103900059,3,38,-35
103900060,75,274,-199
103900061,138,72,66
103900062,367,151,216
103900063,136,1,135
103900064,117,8,109
103900065,1470,559,911
103900066,248,37,211
103900067,253,4,249
103900068,18,2,16
103900069,107,13,94
103900070,226,303,-77
103900071,24,171,-147
103900072,13,358,-345
103900073,49,32,17
103900074,130,123,7
103900075,350,143,207
103900076,426,853,-427
103900077,50,106,-56
103900078,547,208,339
103900079,265,361,-96
103900080,16,66,-50
103900081,142,25,117
103900082,8,191,-183
103900083,2118,1196,922
103900084,134,278,-144
103900085,118,147,-29
103900086,637,523,114
103900087,22,127,-105
103900088,682,702,-20
103900089,84,153,-69
103900090,13,197,-184
103900091,1597,379,1218
103900092,1196,715,481
103900093,160,448,-288
103900094,13,199,-186
103900095,616,288,328
103900096,36,321,-285
103900097,17,716,-699
103900098,267,174,93
103900099,98,270,-172
103900100,203,742,-539
103900101,96,1255,-1159
103900102,2,43,-41
103900104,6,56,-50
103900105,136,341,-205
103900106,0,56,-56
103900107,128,347,-219
103900108,38,578,-540
103900109,110,114,-4
103900110,305,82,223
103900111,118,919,-801
103900112,101,135,-34
103900113,196,308,-112
103900114,493,471,22
103900115,406,421,-15
103900116,8936,3263,5673
103900117,253,135,118
103900119,42,109,-67
103900120,87,141,-54
103900122,90,394,-304
103900123,2231,1115,1116
103900124,59,675,-616
103900125,156,162,-6
103900126,503,570,-67
103900127,266,682,-416
103900128,362,243,119
103900131,92,182,-90
103900133,1383,440,943
103900134,0,4,-4
103900135,5,6,-1
103900137,1,73,-72
103900138,84,404,-320
103900139,301,2267,-1966
103900140,19,118,-99
103900141,372,107,265
103900142,131,285,-154
103900143,51,4,47
103900144,2,52,-50
103900145,259,290,-31
103900146,355,359,-4
103900147,442,199,243
103900148,272,561,-289
103900149,306,1102,-796
103900150,9252,4863,4389
103900151,79,217,-138
103900152,563,854,-291
103900153,6,1,5
103900154,1704,2200,-496
103900155,61,353,-292
103900156,48,272,-224
103900157,60,366,-306
103900158,90,259,-169
103900159,176,111,65
103900160,96,52,44
103900161,129,274,-145
103900162,81,317,-236
103900163,21,543,-522
103900167,37,153,-116
103900168,178,166,12
103900169,51,58,-7
103900170,2,152,-150
103900171,1,103,-102
103900172,8,30,-22
103900173,9,19,-10
103900174,136,83,53
103900175,88,85,3
103900176,15,52,-37
103900177,24,120,-96
103900178,55,96,-41
103900179,84,165,-81
103900180,20,114,-94
103900181,49,74,-25
103900182,91,27,64
103900184,605,125,480
103900185,322,432,-110
103900187,29,59,-30
103900188,50,28,22
103900189,148,8,140
103900190,72,97,-25
103900191,46,99,-53
103900192,53,157,-104
103900193,228,313,-85
103900194,85,382,-297
103900195,19,91,-72
103900196,103,55,48
103900197,39,86,-47
103900198,20,104,-84
103900199,186,99,87
103900200,176,284,-108
103900201,208,447,-239
103900202,47,117,-70
103900203,49,36,13
103900204,2,156,-154
103900207,1,185,-184
103900208,125,1,124
103900209,14,151,-137
103900210,51,37,14
103900211,600,608,-8
103900212,134,525,-391
103900213,93,367,-274
103900214,292,191,101
103900215,570,453,117
103900216,13,552,-539
103900217,483,85,398
103900218,9,520,-511
103900219,184,466,-282
103900233,63,4,59
103900235,15,22,-7
103900236,19,3,16
103900242,51,51,0
103900243,48,17,31
103900244,149,359,-210
103900245,146,388,-242
103900246,72,54,18
103900247,78,160,-82
103900248,32,113,-81
103900249,27,54,-27
103900250,56,26,30
103900251,9,35,-26
103900253,42,101,-59
103900254,7,31,-24
103900255,10,36,-26
103900256,10,38,-28
103900257,161,181,-20
103900258,82,2,80
103900259,107,6,101
103900261,6,3,3
103900262,29,11,18
103900263,76,64,12
103900264,145,66,79
103900265,136,40,96
103900266,3,142,-139
103900267,15,91,-76
103900268,5,96,-91
103900269,198,80,118
103900270,82,241,-159
103900271,20,211,-191
103900272,79,83,-4
103900273,23,89,-66
103900274,84,29,55
103900275,41,37,4
103900276,12,152,-140
103900277,12,157,-145
104000001,2553,2647,-94
104000002,1933,3302,-1369
104000003,3079,3350,-271
104000004,3771,3600,171
104000005,1999,3001,-1002
104000006,3883,4241,-358
104000007,5780,5550,230
104000008,339,412,-73
104000009,144,152,-8
104000010,179,311,-132
104000011,627,501,126
104000012,163,572,-409
104000013,200,196,4
104000014,238,948,-710
104000015,348,198,150
104000016,694,659,35
104000018,844,254,590
104000019,688,232,456
104000020,199,824,-625
104000021,348,766,-418
104000022,187,363,-176
104000023,1242,442,800
104000024,302,537,-235
104000026,75,657,-582
104000027,348,464,-116
104000028,423,336,87
104000029,464,561,-97
104000030,304,281,23
104000031,1605,460,1145
104000032,240,426,-186
104000033,647,681,-34
104000034,380,414,-34
104000035,917,590,327
104000036,747,728,19
104000037,255,303,-48
104000038,527,358,169
104000039,186,354,-168
104000040,387,593,-206
104000041,2029,481,1548
104000042,333,536,-203
104000043,552,533,19
104000044,342,924,-582
104000045,1242,1609,-367
104000046,1671,2550,-879
104000047,1719,1789,-70
104000048,1248,2209,-961
104000049,1258,387,871
104000050,405,975,-570
104000051,193,724,-531
104000052,2970,2066,904
104000053,2888,785,2103
104000054,1446,617,829
104000055,5310,3235,2075
104000056,1815,255,1560
104000057,158,634,-476
104000058,1166,956,210
104000059,720,1702,-982
104000060,1305,1526,-221
104000061,1879,1510,369
104000062,405,190,215
104000064,483,415,68
104000065,426,898,-472
104000069,1459,1129,330
104000070,92,787,-695
104000071,174,789,-615
104000072,687,293,394
104000075,132,440,-308
104000076,758,215,543
104000082,2960,4218,-1258
104000083,978,258,720
104000084,186,694,-508
104000085,359,450,-91
104000086,263,543,-280
104000087,755,2356,-1601
104000090,841,2107,-1266
104000092,1246,3153,-1907
104000094,1686,2345,-659
104000095,2313,1892,421
104000096,1855,413,1442
104000097,1950,1174,776
104000098,2173,1423,750
104000100,2139,903,1236
104000101,1594,2396,-802
104000106,178,866,-688
104000107,792,697,95
104000108,459,708,-249
104000109,408,157,251
104000110,1116,1398,-282
104000111,5512,2900,2612
104000112,3145,741,2404
104000116,3,1566,-1563
104000117,210,996,-786
104000118,701,313,388
104000119,841,405,436
104000120,350,1101,-751
104000121,288,1058,-770
104000122,763,876,-113
104000123,973,1320,-347
104000124,1252,2781,-1529
104000125,5020,4857,163
104000126,518,614,-96
104000127,1705,3506,-1801
104000128,914,617,297
104000129,544,56,488
104000130,26,362,-336
104000131,868,638,230
104000132,689,726,-37
104000133,1595,1158,437
104000134,1418,1852,-434
104000135,574,2180,-1606
104000136,1182,4485,-3303
104000137,1798,429,1369
104000138,1518,416,1102
104000139,8771,3552,5219
104000141,1449,1717,-268
104000142,710,1003,-293
104000143,587,800,-213
104000144,101,249,-148
104000145,410,263,147
104000146,390,822,-432
104000147,208,501,-293
104000148,366,168,198
104000149,182,455,-273
104000150,1523,739,784
104000151,636,718,-82
104000152,832,951,-119
104000153,821,705,116
104000154,1298,994,304
104000155,565,633,-68
104000157,1412,2109,-697
104000158,1052,671,381
104000159,894,612,282
104000160,2073,2141,-68
104000161,249,336,-87
104000162,100,291,-191
104000165,1527,1670,-143
104000167,753,1364,-611
104000168,673,12,661
104000169,77,40,37
104000170,716,647,69
104000248,405,907,-502
104000251,77,401,-324
104000272,0,0,0
104000273,0,0,0
104000274,0,0,0
104000275,0,0,0
104000279,900,556,344
104000290,162,384,-222
104000291,748,1405,-657
104000293,802,884,-82
104000294,25,0,25
104000295,721,1164,-443
104000296,490,1227,-737
104000297,1182,2636,-1454
104000298,4034,1308,2726
104000299,992,2024,-1032
104900001,202,749,-547
104900002,90,272,-182
104900003,42,582,-540
104900004,158,531,-373
104900005,328,282,46
104900006,372,164,208
104900007,294,403,-109
104900009,200,482,-282
104900010,103,129,-26
104900011,145,23,122
104900012,444,42,402
104900013,209,20,189
104900014,3808,453,3355
104900015,120,19,101
104900016,358,346,12
104900017,237,342,-105
104900018,20,255,-235
104900019,436,3142,-2706
104900020,109,450,-341
104900021,8,310,-302
104900022,9,151,-142
104900023,1,82,-81
104900024,37,89,-52
104900025,114,401,-287
104900026,2,107,-105
104900027,694,430,264
104900028,38,112,-74
104900029,78,85,-7
104900030,644,329,315
104900031,127,257,-130
104900032,61,190,-129
104900033,185,300,-115
104900034,424,337,87
104900035,382,332,50
104900036,189,170,19
104900037,277,377,-100
104900038,863,1167,-304
104900039,881,433,448
104900040,480,220,260
104900041,323,217,106
104900042,218,328,-110
104900043,39,118,-79
104900044,642,396,246
104900045,565,88,477
104900046,250,267,-17
104900047,368,206,162
104900048,271,121,150
104900049,41,23,18
104900050,734,165,569
104900051,348,80,268
104900052,67,1,66
104900053,581,139,442
104900054,152,65,87
104900055,93,2,91
104900056,526,37,489
104900057,51,2,49
104900058,1527,584,943
104900059,229,49,180
104900060,1,622,-621
104900061,348,919,-571
104900063,0,171,-171
104900064,0,106,-106
104900065,0,229,-229
104900066,5,274,-269
104900067,9,418,-409
104900068,40,314,-274
104900070,327,427,-100
104900071,4,762,-758
104900072,64,455,-391
104900073,107,300,-193
104900074,121,377,-256
104900075,88,87,1
104900076,131,530,-399
104900077,1376,358,1018
104900078,219,867,-648
104900079,175,613,-438
104900080,119,700,-581
104900082,16,719,-703
104900085,5,322,-317
104900087,1352,29,1323
104900089,220,1,219
104900090,1919,810,1109
104900091,3171,861,2310
104900093,308,774,-466
104900097,3736,2940,796
104900098,241,82,159
104900099,93,731,-638
104900100,693,373,320
104900102,121,272,-151
104900103,555,97,458
104900104,4095,3250,845
104900106,126,178,-52
104900107,246,291,-45
104900108,112,331,-219
104900109,142,375,-233
104900110,16,78,-62
104900111,193,216,-23
104900112,372,951,-579
104900113,712,520,192
104900114,456,707,-251
104900115,867,593,274
104900116,328,295,33
104900118,47,160,-113
104900119,31,73,-42
104900120,68,281,-213
104900121,0,107,-107
104900122,3,67,-64
104900123,47,14,33
104900124,32,1,31
104900125,562,11,551
104900126,110,136,-26
104900127,75,125,-50
104900128,105,220,-115
104900129,3024,2289,735
105000001,2758,1964,794
105000002,2487,2152,335
105000003,3992,4350,-358
105000004,853,1503,-650
105000005,1024,1272,-248
105000006,1771,1922,-151
105000007,1321,1601,-280
105000008,2345,3308,-963
105000009,2512,4132,-1620
105000010,4524,3460,1064
105000011,4152,3149,1003
105000012,6803,4575,2228
105000013,1329,1428,-99
105000014,3469,3477,-8
105000015,12862,17530,-4668
105000016,4951,2965,1986
105000017,2506,1212,1294
105000018,1761,1908,-147
105000019,2678,1072,1606
105000020,186,547,-361
105000021,355,140,215
105000022,395,119,276
105000023,790,578,212
105000028,136,142,-6
105000029,662,1581,-919
105000030,5692,3981,1711
105000033,1795,2934,-1139
105000034,254,1293,-1039
105000037,820,589,231
105000038,3360,1904,1456
105000039,4599,2482,2117
105000040,1610,1365,245
105000041,1929,2012,-83
105000042,5897,2002,3895
105000043,3345,3387,-42
105000044,694,588,106
105000045,491,1567,-1076
105000046,1149,484,665
105000047,647,2655,-2008
105000048,866,300,566
105000049,333,1011,-678
105000050,701,493,208
105000051,274,731,-457
105000052,1053,1156,-103
105000053,208,252,-44
105000054,933,1290,-357
105000055,1664,489,1175
105000056,3667,3371,296
105000057,3319,1270,2049
105000058,1728,1782,-54
105000059,794,929,-135
105000060,582,855,-273
105000061,631,780,-149
105000062,789,1078,-289
105000063,368,733,-365
105000064,1278,1339,-61
105000065,390,776,-386
105000066,1414,2129,-715
105000067,1431,1301,130
105000068,711,1285,-574
105000069,2662,2036,626
105000070,985,907,78
105000071,369,918,-549
105000072,1005,2425,-1420
105000073,1061,833,228
105000074,1923,1194,729
105000075,830,1117,-287
105000076,1568,1516,52
105000077,3439,1385,2054
105000078,1864,1740,124
105000079,2025,3564,-1539
105000080,2640,2050,590
105000081,4864,1585,3279
105000082,1631,1976,-345
105000083,6175,3808,2367
105000084,1554,1286,268
105000085,2859,2152,707
105000086,686,1364,-678
105000087,2141,2598,-457
105000088,2010,2135,-125
105000089,5321,3579,1742
105000090,1716,1188,528
105000091,2141,2148,-7
105000092,1084,1251,-167
105000093,503,321,182
105000094,351,356,-5
105000095,155,586,-431
105000096,1462,1169,293
105000097,1308,898,410
105000098,1106,998,108
105000099,1283,925,358
105000100,1671,1545,126
105000101,3582,2529,1053
105000102,5616,2106,3510
105000103,3480,3098,382
105000104,5022,1342,3680
105000105,3215,3119,96
105000106,2770,2665,105
105000107,1476,1281,195
105000108,1699,1991,-292
105000109,1535,2617,-1082
105000110,814,963,-149
105000111,692,1228,-536
105000112,1403,1000,403
105000113,469,1068,-599
105000114,3751,1439,2312
105000115,390,1505,-1115
105000116,936,791,145
105000117,1108,1616,-508
105000118,854,771,83
105000119,917,1498,-581
105000120,1144,916,228
105000121,1044,1683,-639
105000122,646,1042,-396
105000123,2660,2134,526
105000124,2216,1283,933
105000125,939,2806,-1867
105000126,2450,2448,2
105000127,2907,3110,-203
105000128,2176,1602,574
105000129,1721,543,1178
105000130,553,2925,-2372
105000131,1107,608,499
105000132,1000,794,206
105000133,710,1505,-795
105000134,809,820,-11
105000135,747,1033,-286
105000136,236,490,-254
105000137,475,384,91
105000138,225,547,-322
105000139,1216,1517,-301
105000140,398,782,-384
105000141,357,956,-599
105000142,279,707,-428
105000143,445,1263,-818
105000144,384,1278,-894
105000145,817,613,204
105000146,504,1271,-767
105000147,667,403,264
105000148,1599,703,896
105000149,2995,2417,578
105000150,2637,2426,211
105000151,611,591,20
105000152,220,665,-445
105000153,650,1031,-381
105000154,794,800,-6
105000155,373,1620,-1247
105000156,1197,972,225
105000157,975,2102,-1127
105000158,2247,1292,955
105000159,329,1214,-885
105000160,2184,839,1345
105000161,911,1511,-600
105000162,630,2108,-1478
105000163,1251,1106,145
105000164,243,389,-146
105000165,1600,5745,-4145
105000166,7354,1174,6180
105000167,3093,1728,1365
105000168,367,1020,-653
105000169,608,885,-277
105000170,263,2228,-1965
105000171,1489,461,1028
105000172,344,155,189
105000173,194,496,-302
105000174,95,344,-249
105000175,95,261,-166
105000176,666,212,454
105000177,322,286,36
105000178,153,647,-494
105000179,454,517,-63
105000180,150,197,-47
105000181,148,394,-246
105000182,119,75,44
105000183,4050,2239,1811
105000184,2202,1375,827
105000185,2558,909,1649
105000186,1557,1070,487
105000187,1538,272,1266
105000188,735,251,484
105000189,519,729,-210
105000190,405,652,-247
105000191,460,506,-46
105000192,404,118,286
105000193,151,233,-82
105000194,361,150,211
105000195,615,1148,-533
105000196,75,271,-196
105000197,331,831,-500
105000198,790,495,295
105000199,421,662,-241
105000200,288,335,-47
105000201,238,40,198
105000203,32,219,-187
105000204,95,119,-24
105000205,122,252,-130
105000207,848,483,365
105000208,357,720,-363
105000209,283,627,-344
105000212,1613,2053,-440
105000213,347,368,-21
105000214,200,614,-414
105000215,271,306,-35
105000216,176,955,-779
105000217,233,705,-472
105000218,1503,1690,-187
105000221,156,301,-145
105000222,1174,128,1046
105000223,795,262,533
105000226,111,381,-270
105000227,129,225,-96
105000228,456,2275,-1819
105000229,291,581,-290
105000231,350,392,-42
105000233,1080,1013,67
105000234,1317,1584,-267
105000235,538,906,-368
105000237,799,86,713
105000243,30,342,-312
105000248,111,99,12
105000262,436,1881,-1445
105000269,148,275,-127
105000270,452,75,377
105000271,0,262,-262
105000282,84,76,8
105000287,440,212,228
105000288,1435,701,734
105000289,4066,2733,1333
105000290,127,14,113
105000402,4965,4824,141
105000426,741,955,-214
105000438,5136,1929,3207
105000446,17050,7834,9216
105000447,10212,4176,6036
105000454,506,1196,-690
105000455,462,308,154
105000474,38,13,25
105000477,430,840,-410
105000478,2145,5021,-2876
105000479,281,168,113
105000480,10570,6617,3953
105000481,5621,4013,1608
105000482,8485,9077,-592
105000483,1722,2160,-438
105000484,3089,4151,-1062
105000485,2193,3292,-1099
105000486,6515,3854,2661
105000488,13035,7144,5891
105000489,1185,1302,-117
105000549,349,231,118
105000550,594,2272,-1678
105000551,48,219,-171
105000552,3899,2657,1242
105900001,10,1593,-1583
105900002,1960,1015,945
105900003,21,164,-143
105900004,679,193,486
105900005,16,494,-478
105900006,23,159,-136
105900007,315,38,277
105900008,67,661,-594
105900009,46,30,16
105900011,878,47,831
105900012,874,249,625
105900013,6,65,-59
105900014,19,99,-80
105900015,373,408,-35
105900016,626,928,-302
105900017,2332,86,2246
105900018,205,270,-65
105900019,87,1070,-983
105900020,61,73,-12
105900021,106,549,-443
105900022,607,254,353
105900023,7,175,-168
105900024,60,245,-185
105900025,174,114,60
105900026,279,32,247
105900027,9189,13690,-4501
105900028,1188,379,809
105900029,2118,501,1617
105900030,277,350,-73
105900031,435,357,78
105900032,103,220,-117
105900033,125,187,-62
105900034,634,345,289
105900035,380,275,105
105900036,69,235,-166
105900037,137,75,62
105900038,172,441,-269
105900039,88,187,-99
105900040,91,119,-28
105900041,224,301,-77
105900042,81,158,-77
105900043,1663,82,1581
105900044,4,379,-375
105900045,6,1197,-1191
105900046,27,412,-385
105900047,21,79,-58
105900048,150,884,-734
105900050,11059,3601,7458
105900051,29,1381,-1352
105900052,761,583,178
105900053,5150,4052,1098
105900054,492,347,145
105900056,1129,612,517
105900057,137,170,-33
105900058,19,21,-2
105900059,2,30,-28
106000001,5959,3639,2320
106000002,3463,6859,-3396
106000003,3495,5208,-1713
106000004,2370,3610,-1240
106000005,3510,7630,-4120
106000006,7218,5788,1430
106000007,613,745,-132
106000008,496,388,108
106000009,618,476,142
106000010,829,820,9
106000011,1073,1414,-341
106000012,1027,1908,-881
106000013,2236,2886,-650
106000014,2499,2334,165
106000015,1739,1874,-135
106000016,1571,3037,-1466
106000017,753,1158,-405
106000018,992,714,278
106000019,575,664,-89
106000020,341,505,-164
106000021,327,631,-304
106000022,393,295,98
106000023,698,532,166
106000024,695,764,-69
106000025,127,255,-128
106000026,196,358,-162
106000027,1387,1858,-471
106000028,682,662,20
106000029,949,1581,-632
106000030,864,573,291
106000034,297,789,-492
106000035,1221,2278,-1057
106000036,287,567,-280
106000037,2580,2124,456
106000038,617,157,460
106000039,249,150,99
106000040,202,1295,-1093
106000041,1061,682,379
106000043,846,265,581
106000046,505,129,376
106000047,89,523,-434
106000049,1014,383,631
106000050,354,1081,-727
106000051,707,614,93
106000052,96,916,-820
106000053,387,198,189
106000054,447,741,-294
106000055,1322,1674,-352
106000056,438,541,-103
106000057,384,581,-197
106000058,143,251,-108
106000059,316,625,-309
106000060,485,724,-239
106000061,235,750,-515
106000062,182,667,-485
106000063,659,675,-16
106000064,65,534,-469
106000065,438,410,28
106000066,179,472,-293
106000067,1316,178,1138
106000068,83,923,-840
106000069,281,111,170
106000070,591,1171,-580
106000071,1175,495,680
106000072,4016,1933,2083
106000073,1987,3766,-1779
106000074,657,880,-223
106000075,364,1984,-1620
106000076,2049,3005,-956
106000077,4550,1778,2772
106000078,1075,1265,-190
106000079,780,1401,-621
106000080,1523,859,664
106000081,707,1432,-725
106000082,2721,1062,1659
106000083,434,2010,-1576
106000084,1314,802,512
106000085,1864,1951,-87
106000086,811,1196,-385
106000087,989,641,348
106000088,453,1023,-570
106000089,1038,498,540
106000090,275,963,-688
106000091,327,756,-429
106000092,830,385,445
106000093,391,281,110
106000094,141,403,-262
106000095,800,1164,-364
106000096,1002,1078,-76
106000097,1289,1198,91
106000098,1209,1668,-459
106000099,344,1419,-1075
106000100,2569,382,2187
106000101,4726,504,4222
106000102,788,1047,-259
106000103,738,745,-7
106000104,2057,724,1333
106000105,635,973,-338
106000106,795,727,68
106000107,187,448,-261
106000108,326,530,-204
106000109,214,404,-190
106000110,243,739,-496
106000111,414,586,-172
106000112,225,902,-677
106000113,1005,746,259
106000114,639,1074,-435
106000115,312,626,-314
106000116,360,299,61
106000117,1279,941,338
106000118,1510,1964,-454
106000119,2049,1526,523
106000120,961,1551,-590
106000121,175,182,-7
106000122,133,384,-251
106000123,457,263,194
106000124,82,444,-362
106000125,40,453,-413
106000126,291,289,2
106000127,974,1361,-387
106000128,769,445,324
106000129,548,1073,-525
106000130,827,628,199
106000131,181,1074,-893
106000132,699,331,368
106000133,3067,1686,1381
106000134,871,4236,-3365
106000135,316,869,-553
106000136,848,1411,-563
106000137,99,1274,-1175
106000138,1434,173,1261
106000139,51,185,-134
106000140,39,84,-45
106000141,108,106,2
106000142,93,94,-1
106000143,134,128,6
106000144,39,68,-29
106000145,224,397,-173
106000146,394,276,118
106000147,537,598,-61
106000148,970,1197,-227
106000149,672,584,88
106000150,671,2562,-1891
106000151,4672,1173,3499
106000152,2078,2644,-566
106000153,110,2435,-2325
106000154,1889,301,1588
106000155,122,380,-258
106000156,827,412,415
106000157,838,2275,-1437
106000158,2970,1382,1588
106000159,4584,2351,2233
106000160,486,3365,-2879
106000161,2089,651,1438
106000162,248,1083,-835
106000163,671,650,21
106000164,399,494,-95
106000165,236,783,-547
106000166,774,526,248
106000167,494,1583,-1089
106000168,514,459,55
106000169,325,999,-674
106000170,1472,394,1078
106000171,641,1554,-913
106000172,3375,2288,1087
106000173,1820,3782,-1962
106000174,1214,479,735
106000175,330,1248,-918
106000176,1909,1101,808
106000177,1129,3435,-2306
106000178,4308,2297,2011
106000179,1571,3523,-1952
106000180,1158,1963,-805
106000181,905,2581,-1676
106000182,1274,1255,19
106000183,1341,1069,272
106000184,2724,1143,1581
106000185,1587,1763,-176
106000186,1265,353,912
106000187,355,1577,-1222
106000188,3,1,2
106000189,13,81,-68
106000190,56,1,55
106000191,758,350,408
106000192,2,34,-32
106000193,624,328,296
106000194,286,650,-364
106000195,1611,361,1250
106000196,310,829,-519
106000197,1042,500,542
106000198,301,418,-117
106000199,2573,1179,1394
106000200,391,377,14
106000201,652,3436,-2784
106000202,5720,1006,4714
106000203,98,269,-171
106000204,108,11,97
106000205,17,212,-195
106000206,77,27,50
106000207,46,1091,-1045
106000208,1464,210,1254
106000209,1814,479,1335
106000210,544,1497,-953
106000211,579,1593,-1014
106000212,1162,442,720
106000213,1105,2478,-1373
106000214,4010,949,3061
106000215,801,653,148
106000216,910,460,450
106000217,351,557,-206
106000218,616,553,63
106000219,169,345,-176
106000220,793,362,431
106000221,218,399,-181
106000222,66,162,-96
106000223,220,153,67
106000224,217,310,-93
106000225,89,181,-92
106000226,127,382,-255
106000228,60,137,-77
106000229,124,888,-764
106000231,1011,264,747
106000232,203,496,-293
106000233,1200,130,1070
106000234,728,287,441
106000235,3866,129,3737
106000236,1691,106,1585
106000237,37,24,13
106000238,1060,9,1051
106000239,4,310,-306
106000240,105,6,99
106000241,34,1030,-996
106000242,285,41,244
106000249,45,96,-51
106000250,81,761,-680
106000251,187,66,121
106000252,61,139,-78
106000253,49,104,-55
106000254,94,69,25
106000255,46,174,-128
106000256,60,96,-36
106000257,207,387,-180
106000258,1480,19,1461
106000259,117,60,57
106000260,61,3,58
106000261,2,69,-67
106000262,219,20,199
106000263,23,134,-111
106000264,225,32,193
106000265,20,202,-182
106000266,198,62,136
106000267,8,127,-119
106000268,703,145,558
106000269,113,85,28
106000270,218,750,-532
106000271,108,373,-265
106000272,401,91,310
106000273,13,345,-332
106000274,253,58,195
106000275,198,371,-173
106000276,235,54,181
106000277,196,316,-120
106000278,207,47,160
106000279,23,75,-52
106000280,83,132,-49
106000281,112,121,-9
106000282,96,94,2
106000283,167,100,67
106000284,69,157,-88
106000285,183,146,37
106000286,126,220,-94
106000287,210,97,113
106000288,152,251,-99
106000289,103,89,14
106000290,106,133,-27
106000291,145,162,-17
106000292,135,145,-10
106000293,157,113,44
106000294,162,186,-24
106000295,95,90,5
106000296,82,134,-52
106000297,109,319,-210
106000298,193,82,111
106000299,82,208,-126
106000300,61,164,-103
106000301,109,137,-28
106000303,53,150,-97
106000304,41,45,-4
106000305,88,101,-13
106000306,31,109,-78
106000307,100,39,61
106000308,43,202,-159
106000309,34,125,-91
106000310,339,661,-322
106000311,409,261,148
106000312,119,204,-85
106000313,176,327,-151
106000318,206,670,-464
106000319,1084,232,852
106000320,3,95,-92
106000321,1213,153,1060
106000322,154,254,-100
106000324,13,167,-154
106000325,1784,1199,585
106000326,1162,2363,-1201
106000327,127,202,-75
106000328,52,147,-95
106000329,431,423,8
106000330,317,110,207
106000428,121,251,-130
106000429,208,631,-423
106000430,515,1675,-1160
106000431,3107,656,2451
106000432,2361,3769,-1408
106000433,2408,1812,596
106000434,3807,2205,1602
106000435,2369,3481,-1112
106000436,11,387,-376
106000437,503,33,470
106000438,550,233,317
106000439,115,614,-499
106000440,601,679,-78
106000441,1,4,-3
106000442,135,12,123
106000443,157,346,-189
106000450,11,269,-258
106000451,33,63,-30
106000454,9,925,-916
106000455,22,343,-321
106000456,160,82,78
106000457,18,1484,-1466
106000458,737,252,485
106000459,146,808,-662
106000460,1813,77,1736
106000461,116,2432,-2316
106000462,1,18,-17
106000463,3,33,-30
106000464,4,762,-758
106000465,784,7,777
106000466,10,899,-889
106000467,762,1195,-433
106000468,73,293,-220
106000469,392,4,388
106000470,352,2327,-1975
106000471,37,974,-937
106000472,198,29,169
106000473,26,23,3
106000474,333,642,-309
106000475,279,194,85
106000476,172,284,-112
106000477,27,41,-14
106900001,0,36,-36
106900002,3,645,-642
106900003,353,1702,-1349
106900004,0,60,-60
106900006,0,12,-12
106900007,0,15,-15
106900008,340,378,-38
106900009,356,562,-206
106900010,374,418,-44
106900012,2342,4568,-2226
106900013,2012,200,1812
106900014,32,1,31
106900015,24,1,23
106900016,413,6,407
106900017,6,0,6
106900018,3,0,3
106900019,26,4,22
106900020,3953,1639,2314
106900021,175,117,58
106900022,700,6,694
106900023,97,300,-203
106900024,1925,53,1872
106900025,84,995,-911
106900026,5,803,-798
106900027,1344,8,1336
107000001,5527,4840,687
107000002,5448,8073,-2625
107000003,6624,8663,-2039
107000004,7434,8284,-850
107000005,5168,7579,-2411
107000006,8606,7836,770
107000007,7075,14233,-7158
107000008,17722,12938,4784
107000009,8561,9598,-1037
107000010,18384,15730,2654
107000011,1784,1966,-182
107000012,6712,4955,1757
107000013,84,138,-54
107000014,61,305,-244
107000015,680,1018,-338
107000016,825,1264,-439
107000017,14236,2456,11780
107000018,223,1684,-1461
107000020,8575,2248,6327
107000021,3478,830,2648
107000022,3169,2344,825
107000023,4014,507,3507
107000024,1039,2174,-1135
107000025,201,804,-603
107000026,446,820,-374
107000027,1365,2094,-729
107000028,1716,2143,-427
107000029,4406,4544,-138
107000030,4997,5040,-43
107000031,4420,4620,-200
107000032,788,1468,-680
107000033,4822,10981,-6159
107000034,5841,3017,2824
107000035,449,333,116
107000036,727,1671,-944
107000037,109,1223,-1114
107000038,402,477,-75
107000039,1033,1193,-160
107000040,234,651,-417
107000041,2274,1253,1021
107000042,1084,2717,-1633
107000043,4224,1579,2645
107000044,801,560,241
107000045,217,403,-186
107000046,1297,574,723
107000047,696,1111,-415
107000048,811,440,371
107000049,673,1039,-366
107000050,1180,771,409
107000051,689,592,97
107000052,1396,1428,-32
107000053,511,332,179
107000054,73,415,-342
107000055,239,163,76
107000056,544,1158,-614
107000057,1678,367,1311
107000058,2784,2975,-191
107000059,2972,4751,-1779
107000060,5195,7637,-2442
107000061,6973,6031,942
107000062,4428,4119,309
107000063,4920,7753,-2833
107000064,5741,3350,2391
107000065,8246,7046,1200
107000066,2906,4015,-1109
107000067,1617,1632,-15
107000068,2104,953,1151
107000069,868,643,225
107000070,1633,48,1585
107000071,3704,74,3630
107000072,120,4374,-4254
107000073,905,410,495
107000074,225,1435,-1210
107000075,1939,631,1308
107000076,1038,2275,-1237
107000077,4383,1594,2789
107000078,3814,4995,-1181
107000079,3288,1189,2099
107000080,1763,4890,-3127
107000081,1961,999,962
107000082,767,3247,-2480
107000083,1535,637,898
107000084,715,3225,-2510
107000085,3830,4950,-1120
107000086,5058,4940,118
107000087,3367,2953,414
107000088,5083,5232,-149
107000089,1725,2555,-830
107000090,1514,1500,14
107000091,1356,1206,150
107000092,897,1520,-623
107000093,1348,1203,145
107000094,1370,1642,-272
107000095,1238,1022,216
107000096,885,1669,-784
107000097,1331,411,920
107000098,1534,1013,521
107000099,865,355,510
107000100,401,541,-140
107000101,112,287,-175
107000102,343,494,-151
107000103,453,286,167
107000104,239,420,-181
107000105,530,242,288
107000106,768,373,395
107000107,690,265,425
107000108,396,971,-575
107000109,931,227,704
107000110,97,720,-623
107000111,501,83,418
107000112,52,421,-369
107000113,732,188,544
107000114,113,728,-615
107000115,635,210,425
107000116,137,983,-846
107000117,139,765,-626
107000118,142,300,-158
107000119,1928,2041,-113
107000120,2031,688,1343
107000121,1014,977,37
107000122,1691,1391,300
107000123,483,938,-455
107000124,566,1306,-740
107000125,988,932,56
107000126,1127,1294,-167
107000129,588,810,-222
107000130,954,381,573
107000131,610,696,-86
107000132,655,491,164
107000133,1722,130,1592
107000134,429,10,419
107000135,7,416,-409
107000136,1166,15,1151
107000137,19,500,-481
107000138,747,43,704
107000139,46,646,-600
107000140,3160,227,2933
107000141,244,1158,-914
107000142,1101,185,916
107000143,96,963,-867
107000144,1192,800,392
107000145,311,725,-414
107000146,281,707,-426
107000147,3644,1116,2528
107000150,1198,4745,-3547
107000151,72,149,-77
107000152,657,1619,-962
107000153,291,563,-272
107000154,337,293,44
107000155,1105,45,1060
107000156,1542,57,1485
107000157,79,2426,-2347
107000158,667,37,630
107000159,39,1357,-1318
107000160,884,317,567
107000161,134,2208,-2074
107000162,341,974,-633
107000163,369,3,366
107000164,876,10,866
107000165,1034,15,1019
107000166,101,1855,-1754
107000167,715,391,324
107000168,1081,786,295
107000169,1117,1327,-210
107000170,2125,1284,841
107000171,940,3004,-2064
107000172,1177,1694,-517
107000173,807,1615,-808
107000174,1266,6743,-5477
107000175,10157,2872,7285
107000176,2,5,-3
107000177,17,1,16
107000178,24,95,-71
107000179,365,3263,-2898
107000180,1511,599,912
107000181,433,1594,-1161
107000182,1774,1439,335
107000183,163,1315,-1152
107000184,1184,1063,121
107000185,682,2243,-1561
107000186,1579,733,846
107000187,1997,1784,213
107000188,876,846,30
107000189,513,1468,-955
107000190,915,1057,-142
107000191,778,1431,-653
107000192,1993,1275,718
107000193,479,731,-252
107000194,921,1024,-103
107000197,1129,483,646
107000198,397,1011,-614
107000199,887,1170,-283
107000200,988,963,25
107000201,1042,440,602
107000202,534,787,-253
107000203,2704,1047,1657
107000204,2682,1106,1576
107000205,3209,1459,1750
107000206,1488,1703,-215
107000207,998,1486,-488
107000208,1719,636,1083
107000209,3343,1441,1902
107000210,1220,553,667
107000211,5,58,-53
107000212,25,565,-540
107000213,5,30,-25
107000214,23,220,-197
107000215,555,584,-29
107000216,435,486,-51
107000217,710,337,373
107000219,139,216,-77
107000220,830,276,554
107000222,314,1274,-960
107000224,922,127,795
107000225,1086,897,189
107000226,597,127,470
107000227,238,490,-252
107000228,124,298,-174
107000229,244,289,-45
107000230,1208,592,616
107000231,2447,1880,567
107000232,139,171,-32
107000233,2300,1148,1152
107000234,6,67,-61
107000235,83,12,71
107000236,19,1035,-1016
107000237,37,4,33
107000238,146,3,143
107000239,4958,824,4134
107000240,137,1588,-1451
107000241,124,21,103
107000242,498,70,428
107000243,0,79,-79
107000244,10,103,-93
107000246,7,1428,-1421
107000249,8,1505,-1497
107000251,3,561,-558
107000252,7,1715,-1708
107000255,806,163,643
107000257,8,549,-541
107000258,2,167,-165
107000259,4,248,-244
107000260,707,29,678
107000262,17,675,-658
107000263,265,51,214
107000266,7,33,-26
107000267,118,212,-94
107000268,191,255,-64
107000269,809,60,749
107000270,3,40,-37
107000271,34,1093,-1059
107000272,21,240,-219
107000273,12,318,-306
107000274,6011,519,5492
107000275,158,1578,-1420
107000280,887,67,820
107000281,73,1416,-1343
107000282,78,1266,-1188
107000290,17,46,-29
107000291,60,40,20
107000292,0,101,-101
107000293,394,4,390
107000294,0,39,-39
107000295,485,6,479
107000296,0,32,-32
107000444,443,8,435
107000496,10,26,-16
107000497,2113,3761,-1648
107000500,375,457,-82
107000501,155,216,-61
107000502,252,455,-203
107000505,523,1195,-672
107000506,5,88,-83
107000508,15,1050,-1035
107000509,387,1670,-1283
107000510,155,35,120
107000514,105,442,-337
107000515,37,287,-250
107000516,364,369,-5
107000518,1244,1420,-176
107000519,3025,1484,1541
107000520,104,48,56
107000521,464,445,19
107000522,654,522,132
107900001,57,268,-211
107900002,100,5,95
107900003,538,29,509
107900004,78,16,62
107900005,1421,7,1414
107900006,302,7,295
107900007,384,40,344
107900008,273,50,223
107900009,272,10,262
107900010,39,1,38
107900012,423,33,390
107900013,327,66,261
107900014,39,32,7
107900015,1073,31,1042
107900016,635,179,456
107900017,42,6,36
107900018,62,190,-128
107900019,20,91,-71
107900020,207,10,197
107900021,77,210,-133
107900023,3,2,1
107900024,0,12,-12
107900025,275,406,-131
107900026,99,138,-39
107900027,145,88,57
107900028,104,131,-27
107900030,164,23,141
107900031,73,152,-79
107900032,43,9,34
107900033,25,18,7
107900034,404,36,368
107900035,944,107,837
107900036,43,16,27
107900037,0,13,-13
107900038,188,268,-80
107900039,16,76,-60
107900040,186,165,21
107900041,1,6,-5
107900043,52,169,-117
107900044,54,23,31
107900045,166,52,114
107900046,204,253,-49
107900047,11,51,-40
107900048,184,14,170
107900049,515,2700,-2185
107900050,169,514,-345
107900051,85,118,-33
107900052,43,28,15
107900053,34,136,-102
107900055,1013,489,524
107900056,317,66,251
107900057,0,0,0
107900058,56,840,-784
107900060,187,70,117
107900061,29,12,17
107900063,81,183,-102
107900064,345,159,186
107900065,219,28,191
107900066,61,14,47
107900067,0,0,0
107900068,328,482,-154
107900069,50,2007,-1957
107900070,173,68,105
107900071,41,976,-935
107900072,88,255,-167
107900073,559,197,362
107900074,1189,312,877
107900076,106,56,50
107900077,85,2,83
107900078,223,91,132
107900079,11,53,-42
107900080,406,595,-189
107900081,40,196,-156
107900082,32,24,8
107900083,576,203,373
107900084,84,156,-72
107900086,271,249,22
107900087,1006,181,825
107900088,50,13,37
107900089,400,1772,-1372
107900090,1407,4028,-2621
107900091,313,776,-463
107900092,3006,718,2288
107900093,208,204,4
107900094,0,0,0
107900095,5194,3545,1649
107900097,64,123,-59
107900098,54,224,-170
107900100,1495,1389,106
107900101,1382,338,1044
107900102,27,6,21
107900103,63,392,-329
107900104,341,20,321
107900105,3,756,-753
107900106,3,1501,-1498
107900107,2406,738,1668
107900108,475,222,253
107900109,1469,14,1455
107900110,69,196,-127
107900111,7,1304,-1297
107900112,206,535,-329
107900113,235,278,-43
107900114,160,240,-80
107900115,5,55,-50
107900116,183,335,-152
107900117,482,793,-311
107900118,98,291,-193
107900119,119,492,-373
107900120,42,26,16
107900121,3,466,-463
107900122,7,146,-139
107900123,3,45,-42
107900124,43,52,-9
107900125,29,272,-243
107900126,7,87,-80
107900127,814,490,324
107900128,227,133,94
107900129,72,74,-2
107900130,95,83,12
107900131,1121,394,727
107900132,162,679,-517
107900133,3,89,-86
107900134,48,69,-21
107900135,16,206,-190
107900136,45,74,-29
107900137,371,142,229
107900138,66,155,-89
107900139,51,178,-127
107900140,151,73,78
107900141,71,58,13
107900142,250,1288,-1038
107900143,342,50,292
107900144,1,188,-187
107900145,48,179,-131
107900146,107,191,-84
107900147,67,58,9
107900148,209,187,22
107900149,1477,341,1136
107900150,143,1055,-912
107900151,61,164,-103
107900152,21,322,-301
107900153,211,458,-247
107900154,74,57,17
107900155,86,130,-44
107900156,6,497,-491
107900157,62,55,7
107900158,953,44,909
107900159,66,1233,-1167
107900160,137,262,-125
107900161,16,269,-253
107900162,5,203,-198
107900163,259,93,166
107900164,17,48,-31
107900165,50,129,-79
107900166,31,288,-257
107900167,36,38,-2
107900168,31,54,-23
107900169,1,288,-287
107900171,34,1974,-1940
107900172,6,514,-508
107900173,8,197,-189
107900174,129,5,124
107900175,116,41,75
107900176,33,66,-33
107900177,10,434,-424
107900178,2,257,-255
107900179,28,218,-190
107900180,949,507,442
107900181,955,431,524
107900182,9,1974,-1965
107900183,41,457,-416
107900184,419,345,74
107900185,130,8,122
107900186,37,52,-15
107900187,2,268,-266
107900188,1055,227,828
107900189,48,179,-131
107900190,126,132,-6
107900191,87,199,-112
107900193,12,70,-58
107900194,274,21,253
107900195,4123,734,3389
107900196,94,143,-49
107900197,1250,453,797
107900199,4,1291,-1287
107900201,113,179,-66
107900203,40,121,-81
107900204,299,432,-133
107900205,248,555,-307
107900206,1285,242,1043
107900207,9,815,-806
107900208,23,881,-858
107900209,524,238,286
107900210,102,135,-33
107900213,1303,1002,301
107900214,47,216,-169
107900215,208,418,-210
107900216,196,87,109
107900217,58,129,-71
107900218,36,2662,-2626
107900219,29,167,-138
107900220,377,448,-71
107900221,341,291,50
107900223,95,774,-679
107900224,158,509,-351
107900225,28,991,-963
107900226,105,175,-70
107900227,159,614,-455
107900228,13,215,-202
107900229,3,469,-466
107900230,17,207,-190
107900231,15,311,-296
107900232,58,228,-170
107900233,2,226,-224
107900234,115,311,-196
107900235,59,156,-97
107900236,117,154,-37
107900237,108,768,-660
107900238,37,117,-80
107900239,1261,600,661
107900240,34,197,-163
107900241,20,148,-128
107900242,39,383,-344
107900243,20,115,-95
107900244,388,2,386
107900245,675,51,624
107900246,1348,34,1314
107900248,264,685,-421
107900249,637,55,582
107900250,3,746,-743
107900251,165,2171,-2006
107900252,890,33,857
107900253,166,8,158
107900254,100,1081,-981
107900255,448,173,275
107900256,3737,2607,1130
107900257,313,222,91
107900258,157,278,-121
107900259,151,2242,-2091
107900261,1,492,-491
107900262,87,182,-95
107900264,380,19,361
107900265,592,249,343
107900267,231,36,195
107900268,20,4,16
107900269,0,6,-6
107900270,0,0,0
107900271,0,2,-2
107900272,91,15,76
107900273,31,144,-113
107900274,80,1,79
107900275,44,1,43
107900276,1,114,-113
107900277,0,258,-258
107900278,315,525,-210
107900279,206,237,-31
107900280,2764,3500,-736
107900281,3016,2717,299
107900282,83,548,-465
107900283,1654,706,948
107900284,1043,945,98
107900285,123,125,-2
107900286,210,108,102
107900287,179,235,-56
107900290,1,151,-150
107900291,507,24,483
107900292,243,365,-122
107900293,117,691,-574
107900295,71,91,-20
107900297,3,648,-645
107900298,1027,1465,-438
107900299,5017,2825,2192
107900300,77,357,-280
107900301,1970,701,1269
107900302,148,84,64
107900303,438,498,-60
107900304,243,817,-574
107900305,426,18,408
107900306,31,26,5
107900307,59,347,-288
107900308,177,135,42
107900309,295,2,293
107900310,1158,10,1148
107900311,10,482,-472
107900312,125,4,121
107900313,2,186,-184
107900314,3,70,-67
107900315,1,80,-79
107900316,61,3,58
107900317,190,41,149
107900318,23,221,-198
107900319,4,277,-273
107900320,7,212,-205
107900321,162,9,153
107900322,4,218,-214
107900323,20,245,-225
107900324,205,2,203
107900325,105,0,105
107900326,394,376,18
107900327,98,199,-101
107900328,299,2,297
107900329,262,183,79
107900330,9,606,-597
107900331,178,34,144
107900332,221,47,174
107900333,55,24,31
107900334,33,229,-196
107900335,142,72,70
107900336,196,64,132
107900337,1693,1125,568
107900338,5,240,-235
107900339,4,34,-30
107900340,0,63,-63
107900341,91,1,90
107900342,227,268,-41
107900343,136,5,131
107900344,6,110,-104
107900345,172,37,135
107900346,25,5,20
107900347,26,6,20
107900348,36,7,29
107900349,29,7,22
107900350,35,391,-356
108000001,3496,4623,-1127
108000002,2624,3864,-1240
108000003,4296,3834,462
108000004,17054,21734,-4680
108000005,10191,7345,2846
108000006,11623,11317,306
108000007,6342,5138,1204
108000008,5770,9652,-3882
108000009,4327,5418,-1091
108000010,4449,6716,-2267
108000011,15927,14600,1327
108000012,25710,23578,2132
108000014,1427,892,535
108000015,798,420,378
108000016,327,800,-473
108000017,1191,557,634
108000018,2654,878,1776
108000019,4951,1090,3861
108000020,1647,755,892
108000021,498,2305,-1807
108000022,599,1798,-1199
108000023,1476,382,1094
108000024,353,817,-464
108000025,399,376,23
108000026,695,600,95
108000027,930,724,206
108000028,734,367,367
108000029,775,895,-120
108000030,859,423,436
108000031,309,1021,-712
108000032,1657,937,720
108000033,947,1728,-781
108000034,1909,815,1094
108000035,1102,3502,-2400
108000036,370,1397,-1027
108000037,1793,814,979
108000038,2665,881,1784
108000039,754,2988,-2234
108000040,2005,1241,764
108000041,863,3488,-2625
108000042,321,371,-50
108000043,258,417,-159
108000044,481,314,167
108000045,307,837,-530
108000046,1527,528,999
108000047,618,1560,-942
108000048,470,558,-88
108000049,2053,426,1627
108000050,142,631,-489
108000051,328,156,172
108000052,332,889,-557
108000053,497,304,193
108000054,632,1381,-749
108000055,1287,632,655
108000056,1201,1598,-397
108000057,719,1569,-850
108000058,2430,4692,-2262
108000059,4318,2888,1430
108000060,166,523,-357
108000061,118,404,-286
108000062,856,782,74
108000063,625,735,-110
108000064,292,416,-124
108000065,637,895,-258
108000066,1958,1014,944
108000067,1950,806,1144
108000068,859,514,345
108000069,343,1392,-1049
108000070,2260,1000,1260
108000071,892,2357,-1465
108000072,1946,1763,183
108000073,1811,2941,-1130
108000074,693,587,106
108000075,606,1406,-800
108000076,996,825,171
108000077,956,1152,-196
108000078,2631,2082,549
108000079,1206,2296,-1090
108000080,1975,933,1042
108000081,1130,2584,-1454
108000082,1270,2484,-1214
108000083,2144,1305,839
108000084,761,1569,-808
108000085,1019,728,291
108000086,1245,1145,100
108000087,193,2434,-2241
108000088,272,15,257
108000089,513,649,-136
108000090,589,244,345
108000091,346,760,-414
108000092,185,156,29
108000093,193,970,-777
108000094,707,146,561
108000095,194,585,-391
108000096,416,232,184
108000097,176,713,-537
108000098,1871,2177,-306
108000099,526,150,376
108000100,66,314,-248
108000101,2388,1825,563
108000102,2072,3783,-1711
108000106,1300,2,1298
108000107,3,1145,-1142
108000108,1055,70,985
108000109,16,998,-982
108000110,223,435,-212
108000111,238,1055,-817
108000112,71,165,-94
108000113,656,338,318
108000115,513,481,32
108000117,974,502,472
108000118,96,289,-193
108000119,833,580,253
108000120,173,864,-691
108000121,356,761,-405
108000122,857,460,397
108000123,2845,311,2534
108000124,1063,1152,-89
108000125,591,496,95
108000126,211,601,-390
108000127,587,725,-138
108000128,823,845,-22
108000129,1345,1598,-253
108000130,1485,471,1014
108000131,1030,934,96
108000132,2562,2263,299
108000133,1020,857,163
108000134,635,891,-256
108000135,1366,974,392
108000136,681,1442,-761
108000137,407,704,-297
108000138,452,1472,-1020
108000139,605,553,52
108000140,139,41,98
108000141,48,105,-57
108000142,74,145,-71
108000143,29,39,-10
108000144,42,10,32
108000145,58,42,16
108000146,64,21,43
108000147,41,59,-18
108000148,72,10,62
108000149,21,34,-13
108000150,33,15,18
108000151,64,28,36
108000152,168,745,-577
108000153,512,253,259
108000154,85,17,68
108000155,43,32,11
108000156,433,128,305
108000157,297,1100,-803
108000158,105,974,-869
108000159,681,249,432
108000160,4517,1720,2797
108000161,3848,3503,345
108000165,10,239,-229
108000172,6,311,-305
108000173,2664,2632,32
108000175,298,161,137
108000178,537,448,89
108000179,256,1015,-759
108000181,84,46,38
108000182,166,19,147
108000183,151,48,103
108000184,1295,2641,-1346
108000185,324,889,-565
108000186,195,134,61
108000187,278,922,-644
108000188,735,361,374
108000189,1012,1749,-737
108000190,46,156,-110
108000192,265,731,-466
108000193,1250,68,1182
108000194,60,24,36
108000195,2,1386,-1384
108000196,1264,230,1034
108000198,570,450,120
108000199,0,153,-153
108000200,699,897,-198
108000202,1,390,-389
108000203,173,1142,-969
108000204,232,137,95
108000205,552,672,-120
108000339,2072,456,1616
108000364,185,450,-265
108000365,107,399,-292
108000367,229,500,-271
108000368,12,95,-83
108000369,1601,396,1205
108000371,4,756,-752
108000372,659,1,658
108000373,272,248,24
108000376,142,28,114
108000377,413,485,-72
108000378,11191,12801,-1610
108000379,24,286,-262
108000381,51,35,16
108000382,183,0,183
108000383,2,174,-172
108900001,169,1435,-1266
108900002,245,100,145
108900003,391,1042,-651
108900004,144,472,-328
108900005,94,426,-332
108900006,993,232,761
108900007,348,305,43
108900008,120,236,-116
108900009,119,163,-44
108900010,250,239,11
108900011,526,535,-9
108900012,340,646,-306
108900013,153,322,-169
108900014,20,139,-119
108900015,0,75,-75
108900016,0,355,-355
108900017,557,509,48
108900018,190,644,-454
108900019,37,1193,-1156
108900020,40,335,-295
108900021,115,322,-207
108900022,115,3,112
108900023,1,52,-51
108900024,49,182,-133
108900025,105,184,-79
108900026,23,140,-117
108900027,0,123,-123
108900028,80,438,-358
108900029,106,371,-265
108900030,0,152,-152
108900031,143,582,-439
108900032,41,288,-247
108900033,0,85,-85
108900034,0,337,-337
108900035,510,1839,-1329
108900036,209,405,-196
108900037,97,483,-386
108900038,1,408,-407
108900039,0,581,-581
108900040,12,157,-145
108900041,7058,3413,3645
108900042,8,437,-429
108900043,109,565,-456
108900044,5,691,-686
108900045,85,702,-617
108900046,69,1191,-1122
108900047,1,129,-128
108900048,150,1275,-1125
108900049,5321,2145,3176
108900050,1,346,-345
108900051,1,228,-227
108900052,33,298,-265
108900053,144,281,-137
108900054,95,308,-213
108900055,182,500,-318
108900056,1,176,-175
108900057,2,197,-195
108900058,32,472,-440
108900059,441,32,409
108900060,99,170,-71
108900061,119,40,79
108900062,8,330,-322
108900063,14,460,-446
108900064,172,79,93
108900065,9,286,-277
108900066,372,164,208
108900067,26,221,-195
108900068,3,175,-172
108900069,54,125,-71
108900070,55,163,-108
108900071,72,126,-54
108900072,2867,947,1920
108900073,49,246,-197
108900074,191,522,-331
108900075,96,71,25
108900076,266,106,160
108900077,172,374,-202
108900078,19,212,-193
108900079,1227,310,917
108900080,35,1070,-1035
108900081,58,321,-263
108900082,67,128,-61
108900083,35,388,-353
108900084,536,197,339
108900085,2892,270,2622
108900086,79,350,-271
108900087,180,301,-121
108900088,1132,556,576
108900089,66,212,-146
108900090,40,386,-346
108900091,159,151,8
108900092,534,474,60
108900093,128,133,-5
108900094,222,122,100
108900095,353,641,-288
108900096,436,39,397
108900097,301,321,-20
108900098,3471,866,2605
108900099,384,416,-32
108900100,89,170,-81
108900101,199,155,44
108900102,153,1012,-859
108900103,159,148,11
108900104,211,489,-278
108900105,6,1243,-1237
108900106,382,568,-186
108900108,627,58,569
108900109,268,72,196
108900110,252,656,-404
108900111,433,768,-335
108900112,320,51,269
108900113,51,70,-19
108900114,20,10,10
108900115,74,136,-62
108900116,195,22,173
108900117,231,32,199
108900118,561,18,543
108900119,204,37,167
108900120,246,225,21
108900121,364,215,149
108900122,127,45,82
108900123,120,233,-113
108900124,548,332,216
108900125,417,8,409
108900126,130,29,101
108900127,182,34,148
108900128,116,82,34
108900129,770,262,508
108900130,317,1,316
108900131,486,2,484
108900132,560,129,431
108900133,204,95,109
108900134,394,355,39
108900135,176,14,162
108900136,80,0,80
108900137,122,2,120
108900138,753,64,689
108900139,449,157,292
108900140,299,409,-110
108900141,300,25,275
108900142,134,10,124
108900143,66,0,66
108900144,89,0,89
108900145,144,11,133
108900146,64,2,62
108900147,196,1,195
108900148,91,47,44
108900149,794,553,241
108900150,316,5,311
108900151,508,9,499
108900152,237,39,198
108900153,189,539,-350
108900154,6203,699,5504
108900155,378,165,213
108900156,82,5,77
108900157,51,681,-630
108900158,820,73,747
108900159,5,400,-395
108900160,34,354,-320
108900161,38,592,-554
108900162,90,2,88
108900163,12,359,-347
108900164,82,144,-62
108900165,221,145,76
108900167,2553,6711,-4158
108900168,10553,3348,7205
108900169,73,164,-91
108900171,11221,3429,7792
108900172,252,113,139
108900173,300,508,-208
108900174,828,929,-101
108900176,164,647,-483
108900177,7953,8536,-583
108900178,5301,3826,1475
108900179,797,1915,-1118
108900180,105,279,-174
108900182,65,287,-222
108900183,234,304,-70
108900184,727,385,342
108900185,324,488,-164
108900186,101,548,-447
108900187,403,100,303
108900188,551,92,459
108900189,598,247,351
108900190,63,4266,-4203
108900191,344,57,287
108900192,102,259,-157
108900193,693,121,572
108900194,85,543,-458
108900195,163,473,-310
108900196,26,523,-497
108900198,2,691,-689
108900199,292,575,-283
108900200,687,415,272
108900201,670,1852,-1182
108900203,639,88,551
108900204,402,8,394
108900205,156,36,120
108900206,911,46,865
108900207,224,91,133
108900208,22,462,-440
108900209,341,800,-459
108900210,223,323,-100
108900211,198,623,-425
108900212,878,1924,-1046
108900215,115,591,-476
108900216,719,197,522
108900217,207,1,206
108900218,162,103,59
108900219,121,11,110
108900220,52,59,-7
108900221,56,219,-163
108900222,314,13,301
108900223,19,164,-145
108900224,41,264,-223
108900225,0,212,-212
108900226,263,13,250
108900227,124,264,-140
108900230,373,295,78
108900231,55,258,-203
108900232,4,394,-390
108900233,695,153,542
108900234,323,309,14
108900235,362,820,-458
108900236,60,468,-408
108900237,134,327,-193
108900240,211,155,56
108900241,46,65,-19
108900245,26,1709,-1683
108900249,131,51,80
108900250,267,174,93
108900257,246,738,-492
108900258,10,300,-290
108900259,204,137,67
108900260,13,152,-139
108900261,130,204,-74
108900262,215,181,34
108900263,50,240,-190
108900264,672,343,329
108900265,1375,400,975
108900266,1290,559,731
108900267,4,127,-123
108900268,32,9,23
108900269,87,11,76
108900270,72,12,60
108900271,45,30,15
108900272,194,13,181
108900273,1396,831,565
108900274,69,61,8
109000001,5067,1729,3338
109000002,2493,2097,396
109000003,3114,716,2398
109000004,665,2941,-2276
109000005,2925,920,2005
109000006,962,2433,-1471
109000007,1621,866,755
109000008,622,2280,-1658
109000009,4473,1848,2625
109000010,1864,5142,-3278
109000011,3304,2754,550
109000012,2364,4590,-2226
109000013,4017,3927,90
109000014,2988,4328,-1340
109000015,4249,8082,-3833
109000016,9390,5139,4251
109000017,2411,1702,709
109000018,1233,4075,-2842
109000019,2957,1900,1057
109000020,1421,2492,-1071
109000023,388,53,335
109000024,14,290,-276
109000025,450,566,-116
109000026,1015,513,502
109000027,121,404,-283
109000028,150,181,-31
109000029,130,243,-113
109000030,93,694,-601
109000031,254,318,-64
109000032,128,675,-547
109000033,522,262,260
109000034,57,73,-16
109000035,30,96,-66
109000036,318,475,-157
109000037,308,1344,-1036
109000038,879,582,297
109000039,1208,760,448
109000040,6346,8981,-2635
109000041,5203,2068,3135
109000042,873,1657,-784
109000044,521,85,436
109000045,116,463,-347
109000046,324,126,198
109000047,92,605,-513
109000048,1131,367,764
109000049,525,784,-259
109000050,577,436,141
109000051,458,403,55
109000052,708,1631,-923
109000053,331,155,176
109000054,2145,870,1275
109000055,941,517,424
109000056,779,982,-203
109000057,837,588,249
109000058,1242,471,771
109000059,1370,1592,-222
109000060,487,372,115
109000061,1543,1401,142
109000062,443,485,-42
109000063,348,363,-15
109000064,712,284,428
109000065,163,418,-255
109000066,580,177,403
109000067,103,452,-349
109000068,3802,17,3785
109000069,1982,52,1930
109000070,6,1465,-1459
109000071,485,117,368
109000072,112,506,-394
109000073,85,144,-59
109000074,69,337,-268
109000075,102,430,-328
109000076,165,306,-141
109000077,450,406,44
109000078,87,257,-170
109000079,154,308,-154
109000080,142,198,-56
109000081,131,814,-683
109000082,669,365,304
109000083,314,1337,-1023
109000088,157,652,-495
109000089,343,104,239
109000090,222,626,-404
109000091,412,204,208
109000092,460,770,-310
109000093,248,245,3
109000094,451,0,451
109000095,173,632,-459
109000096,710,365,345
109000097,133,220,-87
109000098,53,186,-133
109000099,1283,506,777
109000100,355,804,-449
109000101,1880,1102,778
109000102,487,1168,-681
109000103,555,1125,-570
109000104,1831,868,963
109000105,600,1978,-1378
109000106,2293,1163,1130
109000107,859,3296,-2437
109000108,1940,934,1006
109000109,553,2766,-2213
109000110,1467,821,646
109000111,1257,2851,-1594
109000112,789,269,520
109000113,836,294,542
109000114,447,644,-197
109000115,1679,48,1631
109000116,10,341,-331
109000117,272,94,178
109000118,14,468,-454
109000119,1559,418,1141
109000120,251,1281,-1030
109000121,495,69,426
109000122,135,1197,-1062
109000123,34,86,-52
109000124,628,717,-89
109000125,1378,460,918
109000126,547,1180,-633
109000127,947,336,611
109000128,560,2215,-1655
109000129,2265,1061,1204
109000130,745,2950,-2205
109000131,995,742,253
109000132,1046,2711,-1665
109000133,454,1341,-887
109000134,1191,2075,-884
109000135,2003,2296,-293
109000136,503,455,48
109000137,511,585,-74
109000138,716,583,133
109000139,574,623,-49
109000140,701,600,101
109000141,841,684,157
109000142,166,739,-573
109000143,142,115,27
109000145,176,366,-190
109000146,88,184,-96
109000148,4939,3330,1609
109000149,48,66,-18
109000150,132,248,-116
109000155,902,810,92
109000156,1564,873,691
109000158,292,414,-122
109000159,240,935,-695
109000160,1068,465,603
109000161,363,1655,-1292
109000162,2146,1228,918
109000163,1168,2653,-1485
109000164,1492,3216,-1724
109000165,1349,832,517
109000166,750,166,584
109000167,100,864,-764
109000170,67,97,-30
109000171,73,77,-4
109000172,62,105,-43
109000173,33,111,-78
109000174,119,86,33
109000175,64,151,-87
109000176,358,385,-27
109000177,32,204,-172
109000178,1163,775,388
109000179,7732,6693,1039
109000180,7267,4550,2717
109000181,21,47,-26
109000182,54,53,1
109000183,53,76,-23
109000184,45,34,11
109000185,39,73,-34
109000188,1193,3005,-1812
109000189,5501,1464,4037
109000190,1695,705,990
109000191,635,678,-43
109000192,407,617,-210
109000193,216,470,-254
109000194,261,293,-32
109000195,200,498,-298
109000196,365,291,74
109000197,279,541,-262
109000198,415,192,223
109000199,127,574,-447
109000206,253,40,213
109000207,155,42,113
109000208,105,125,-20
109000209,237,214,23
109000210,205,794,-589
109000211,663,778,-115
109000214,488,550,-62
109000215,187,126,61
109000216,237,330,-93
109000217,871,210,661
109000218,1929,359,1570
109000221,653,1449,-796
109000222,1161,367,794
109000223,266,410,-144
109000224,64,213,-149
109000225,101,81,20
109000226,73,352,-279
109000227,1011,1705,-694
109000228,7,896,-889
109000231,299,574,-275
109000232,331,392,-61
109000236,304,1091,-787
109000241,2566,2927,-361
109000242,2136,2214,-78
109000293,74,105,-31
109000361,180,440,-260
109000364,492,854,-362
109000396,5,782,-777
109000397,441,9,432
109000399,157,609,-452
109000400,105,431,-326
109000403,165,977,-812
109000406,741,6,735
109000407,418,316,102
109000408,2,800,-798
109000410,1157,382,775
109000411,226,36,190
109900001,121,13,108
109900002,1084,27,1057
109900003,241,2,239
109900004,1250,236,1014
109900005,30,14,16
109900006,692,444,248
109900007,750,808,-58
109900008,0,125,-125
109900009,154,852,-698
109900010,763,20,743
109900011,85,77,8
109900012,714,290,424
109900013,467,344,123
109900014,465,148,317
109900015,603,299,304
109900016,194,38,156
109900017,213,315,-102
109900018,364,121,243
109900019,653,98,555
109900020,65,63,2
109900021,45,16,29
109900022,157,341,-184
109900023,21,12,9
109900024,32,11,21
109900025,30,109,-79
109900026,7,305,-298
109900027,23,58,-35
109900028,2370,1019,1351
109900029,4,539,-535
109900030,45,6,39
109900031,0,223,-223
109900032,10,563,-553
109900033,3,627,-624
109900034,33,6,27
109900035,45,30,15
109900036,55,150,-95
109900037,30,704,-674
109900038,86,311,-225
109900039,13,0,13
109900040,23,794,-771
109900041,68,525,-457
109900042,357,778,-421
109900044,861,402,459
109900045,287,116,171
109900046,13,79,-66
109900047,735,531,204
109900048,4,144,-140
109900049,15,79,-64
109900050,3,185,-182
109900051,0,78,-78
109900052,174,522,-348
109900053,8,473,-465
109900054,618,371,247
109900055,79,444,-365
109900056,78,404,-326
109900057,11,237,-226
109900058,0,132,-132
109900059,612,194,418
109900060,479,256,223
109900061,89,458,-369
109900062,1,244,-243
109900063,14,566,-552
109900064,586,393,193
109900065,171,202,-31
109900066,416,1185,-769
109900067,2,340,-338
109900068,45,14,31
109900069,6,49,-43
109900070,83,454,-371
109900071,6,61,-55
109900072,51,221,-170
109900073,405,778,-373
109900074,14,72,-58
109900075,97,92,5
109900076,37,235,-198
109900077,65,124,-59
109900078,147,271,-124
109900080,225,524,-299
109900081,19,245,-226
109900082,57,539,-482
109900083,31,120,-89
109900084,84,274,-190
109900085,280,986,-706
109900086,193,644,-451
109900087,360,702,-342
109900089,952,444,508
109900090,662,1326,-664
109900091,357,137,220
109900092,4928,51,4877
109900093,1032,259,773
109900094,94,156,-62
109900095,549,297,252
109900096,40,4,36
109900097,121,4,117
109900098,401,66,335
109900099,193,3,190
109900100,44,2,42
109900101,504,27,477
109900102,473,38,435
109900103,48,72,-24
109900104,592,1056,-464
109900105,535,45,490
109900106,889,113,776
109900107,875,169,706
109900108,165,608,-443
109900109,40,235,-195
109900110,184,574,-390
109900111,474,1207,-733
109900112,435,760,-325
109900113,741,553,188
109900114,1342,915,427
109900115,268,217,51
109900117,1158,165,993
109900118,354,724,-370
109900119,837,569,268
109900120,94,39,55
109900121,567,607,-40
109900122,493,12,481
109900123,19,213,-194
109900124,65,948,-883
109900125,6,242,-236
109900126,265,164,101
109900128,209,106,103
109900130,10078,2721,7357
109900131,72,293,-221
109900132,36,183,-147
109900133,96,452,-356
109900134,218,155,63
109900135,425,97,328
109900136,250,243,7
109900137,159,483,-324
109900140,316,320,-4
109900142,1525,428,1097
109900145,8,576,-568
109900146,573,57,516
109900148,55,178,-123
109900149,70,93,-23
109900150,7,144,-137
109900151,10,59,-49
109900152,0,45,-45
109900153,2,81,-79
109900154,112,0,112
109900155,71,31,40
109900157,94,358,-264
109900158,62,151,-89
109900159,219,71,148
109900160,188,98,90
109900161,261,146,115
109900162,199,214,-15
109900163,879,385,494
109900164,130,357,-227
109900165,1101,18,1083
109900166,2,196,-194
109900167,237,726,-489
109900168,235,1027,-792
109900169,247,242,5
109900170,575,881,-306
109900171,273,145,128
109900172,362,399,-37
109900173,4467,2847,1620
109900174,68,223,-155
109900175,333,96,237
109900176,211,326,-115
109900177,85,311,-226
109900178,36,213,-177
109900179,418,42,376
109900180,11,20,-9
110000001,1114,670,444
110000002,602,1070,-468
110000003,1126,858,268
110000004,593,877,-284
110000005,588,2474,-1886
110000006,497,403,94
110000007,139,151,-12
110000008,50,91,-41
110000009,78,48,30
110000010,33,115,-82
110000011,38,114,-76
110000012,740,608,132
110000013,48,893,-845
110000014,1064,560,504
110000015,346,1295,-949
110000016,286,1996,-1710
110000017,3691,357,3334
110000018,3659,664,2995
110000019,23,128,-105
110000020,550,233,317
110000021,1613,789,824
110000022,1659,393,1266
110000023,4,184,-180
110000024,858,498,360
110000025,373,10,363
110000026,5,414,-409
110000027,1574,681,893
110000028,1054,1349,-295
110000029,622,914,-292
110000030,262,752,-490
110000031,315,647,-332
110000032,834,724,110
110000033,436,163,273
110000034,706,1924,-1218
110000035,1663,852,811
110000036,1384,2233,-849
110000037,373,777,-404
110000038,354,1427,-1073
110000039,1063,5019,-3956
110000040,552,549,3
110000041,313,2010,-1697
110000042,225,479,-254
110000043,1102,578,524
110000044,492,313,179
110000045,2600,241,2359
110000046,16,41,-25
110000047,97,43,54
110000048,16,40,-24
110000049,196,23,173
110000050,13,83,-70
110000051,74,5,69
110000052,20,29,-9
110000053,366,29,337
110000054,1098,356,742
110000055,2154,92,2062
110000056,538,113,425
110000057,428,767,-339
110000058,1736,841,895
110000059,1594,688,906
110000060,1139,1530,-391
110000061,1140,1157,-17
110000062,763,1252,-489
110000063,39,166,-127
110000064,109,120,-11
110000065,74,168,-94
110000066,131,106,25
110000067,174,392,-218
110000068,400,345,55
110000069,291,203,88
110000071,185,256,-71
110000073,16,50,-34
110000075,17,259,-242
110000076,393,686,-293
110000077,602,2921,-2319
110000078,40,90,-50
110000080,390,925,-535
110000081,243,391,-148
110000082,68,618,-550
110000083,357,879,-522
110000084,1476,1066,410
110000085,3166,2269,897
110000086,2655,2855,-200
110000087,13,68,-55
110000088,89,347,-258
110000089,414,175,239
110000090,666,444,222
110000091,1886,486,1400
110000092,61,107,-46
110000093,56,18,38
110000094,856,420,436
110000095,348,885,-537
110000096,3025,2505,520
110000097,1234,1552,-318
110000098,2533,832,1701
110000099,1069,2177,-1108
110000100,825,766,59
110000101,19,579,-560
110000102,71,34,37
110000104,1334,170,1164
110000105,261,383,-122
110000106,828,427,401
110000107,395,549,-154
110000108,175,94,81
110000109,337,352,-15
110000110,3960,5475,-1515
110000111,8411,3763,4648
110000112,1738,1667,71
110000113,691,2916,-2225
110000114,437,1308,-871
110000115,430,658,-228
110000116,48,66,-18
110000117,270,574,-304
110000118,454,369,85
110000119,290,461,-171
110000120,501,316,185
110000121,158,625,-467
110000122,517,815,-298
110000123,601,858,-257
110000124,8,1756,-1748
110000125,1097,15,1082
110000126,357,49,308
110000127,1581,84,1497
110000128,46,2231,-2185
110000129,4,741,-737
110000130,407,206,201
110000131,317,461,-144
110000132,6,1198,-1192
110000133,65,816,-751
110000134,35,591,-556
110000135,215,78,137
110000136,105,446,-341
110000137,733,853,-120
110000138,833,1043,-210
110000139,871,1796,-925
110000140,1197,747,450
110000143,828,616,212
110000144,7425,2380,5045
110000145,2795,1375,1420
110000146,2977,1341,1636
110000147,702,1062,-360
110000148,1027,359,668
110000151,1403,1071,332
110000152,1453,541,912
110000153,131,95,36
110000154,215,47,168
110000155,2643,4954,-2311
110000156,1348,3040,-1692
110000157,2557,2676,-119
110000160,604,450,154
110000161,287,472,-185
110000166,737,240,497
110000167,1072,807,265
110000168,1318,657,661
110000169,984,486,498
110000170,445,133,312
110000171,979,259,720
110000172,202,1057,-855
110000173,1418,1750,-332
110000174,232,1576,-1344
110000175,766,106,660
110000176,510,464,46
110000177,258,1134,-876
110000178,704,2898,-2194
110000179,1580,445,1135
110000180,221,385,-164
110000181,599,1192,-593
110000182,365,238,127
110000183,13579,9697,3882
110000184,775,3645,-2870
110000185,2855,976,1879
110000186,1000,1450,-450
110000191,1143,567,576
110000192,1807,22,1785
110000193,2232,47,2185
110000194,31,1676,-1645
110000195,439,669,-230
110000196,441,531,-90
110000197,92,350,-258
110000198,414,151,263
110000199,436,215,221
110000200,2817,735,2082
110000201,2320,1223,1097
110000202,1566,642,924
110000203,1336,1129,207
110000204,8,331,-323
110000205,152,86,66
110000206,1047,1879,-832
110000207,1038,532,506
110000208,609,312,297
110000209,245,1416,-1171
110000210,1375,946,429
110000211,2054,1194,860
110000212,512,1637,-1125
110000213,151,226,-75
110000214,334,248,86
110000215,246,534,-288
110000216,108,564,-456
110000217,347,275,72
110000218,211,499,-288
110000219,291,136,155
110000220,87,461,-374
110000221,383,149,234
110000222,94,354,-260
110000223,6,173,-167
110000224,72,20,52
110000225,431,1065,-634
110000226,279,73,206
110000227,1057,1174,-117
110000228,547,391,156
110000229,4,370,-366
110000230,1710,931,779
110000231,325,377,-52
110000232,1028,310,718
110000233,918,364,554
110000234,1804,1167,637
110000235,1144,1558,-414
110000236,931,1058,-127
110000237,4881,1970,2911
110000238,2008,2019,-11
110000239,2497,1537,960
110000240,1,133,-132
110000242,0,6,-6
110000243,129,190,-61
110000244,283,500,-217
110000245,45,501,-456
110000246,1931,1130,801
110000247,2014,6550,-4536
110000248,3183,2075,1108
110000249,117,15,102
110000250,297,355,-58
110000251,477,830,-353
110000252,594,277,317
110000253,1867,1173,694
110000254,1125,1934,-809
110000255,449,1383,-934
110000256,736,544,192
110000257,760,619,141
110000258,16,644,-628
110000259,199,34,165
110000260,27,488,-461
110000263,862,186,676
110000264,453,710,-257
110000265,1744,3252,-1508
110000266,3150,4244,-1094
110000267,40,461,-421
110000268,399,653,-254
110000269,4,174,-170
110000270,76,8,68
110000271,2124,358,1766
110000272,1518,1419,99
110000273,5044,2343,2701
110000274,514,1880,-1366
110000275,3215,854,2361
110000276,1245,601,644
110000277,729,504,225
110000278,1288,1109,179
110000279,1234,912,322
110000280,937,596,341
110000281,46,409,-363
110000282,466,44,422
110000283,98,190,-92
110000284,98,67,31
110000285,1,727,-726
110000286,55,1,54
110000287,102,5,97
110000288,54,152,-98
110000289,516,2305,-1789
110000290,1544,915,629
110000291,6457,1788,4669
110000292,1775,5799,-4024
110000293,1154,912,242
110000294,1254,1509,-255
110000295,288,1135,-847
110000296,487,527,-40
110000297,3644,533,3111
110000298,391,908,-517
110000299,453,97,356
110000301,1236,39,1197
110000302,1447,1696,-249
110000303,1273,57,1216
110000304,485,393,92
110000305,2081,42,2039
110000306,243,1925,-1682
110000307,1879,12,1867
110000308,780,17,763
110000309,10,1109,-1099
110000310,1129,109,1020
110000311,33,874,-841
110000312,581,118,463
110000313,4023,4895,-872
110000314,3,401,-398
110000315,4811,3588,1223
110000316,797,1945,-1148
110000317,1328,545,783
110000318,7,130,-123
110000319,107,46,61
110000320,132,39,93
110000321,42,71,-29
110000322,444,604,-160
110000323,854,315,539
110000324,4683,2048,2635
110000325,4363,4456,-93
110000327,830,667,163
110000328,275,561,-286
110000333,1448,1029,419
110000334,1259,2039,-780
110000335,1375,834,541
110000336,2290,1505,785
110000337,3989,827,3162
110000338,644,308,336
110000339,635,331,304
110000340,771,259,512
110000341,641,628,13
110000342,843,7,836
110000343,1,28,-27
110000344,2514,229,2285
110000345,2668,234,2434
110000346,3801,2661,1140
110000347,1581,1422,159
110000348,48,64,-16
110000349,34,74,-40
110000350,74,12,62
110000351,1153,1169,-16
110000352,697,2285,-1588
110000353,3830,1185,2645
110000354,1709,5710,-4001
110000355,152,213,-61
110000356,935,15,920
110000357,540,19,521
110000361,75,136,-61
110000362,78,137,-59
110000363,360,190,170
110000364,313,472,-159
110000365,369,2,367
110000366,2,187,-185
110000367,740,278,462
110000368,15,70,-55
110000369,365,3,362
110000373,15,378,-363
110000374,942,42,900
110000375,174,2312,-2138
110000376,57,169,-112
110000377,92,736,-644
110000378,28,527,-499
110000379,4361,3158,1203
110000380,238,80,158
110000383,10,1180,-1170
110000384,3078,1123,1955
110000385,3,292,-289
110000387,187,15,172
110000388,43,316,-273
110000389,832,15,817
110000391,1448,561,887
110000396,249,178,71
110000397,203,296,-93
110000398,2,58,-56
110000399,221,0,221
110000587,368,95,273
110000589,274,317,-43
110000640,295,100,195
110000652,66,276,-210
110000653,463,673,-210
110000654,165,163,2
110000656,3,930,-927
110000674,36,33,3
110000675,56,18,38
110000676,33,43,-10
110000679,561,1238,-677
110000682,155,250,-95
110000683,751,1050,-299
110000684,7,84,-77
110000685,11,21,-10
110000686,3,61,-58
110000687,67,4,63
110000688,93,1036,-943
110000689,55,108,-53
110000692,285,278,7
110000693,306,527,-221
110000694,2,344,-342
110000695,581,856,-275
110000696,155,147,8
110900001,307,31,276
110900002,1615,310,1305
110900003,771,872,-101
110900004,503,275,228
110900005,4083,2814,1269
110900006,86,12,74
110900007,141,41,100
110900008,34,59,-25
110900009,503,112,391
110900010,15,117,-102
110900011,11,113,-102
110900012,11,136,-125
110900013,1424,265,1159
110900014,596,12,584
110900015,793,688,105
110900016,51,198,-147
110900017,454,63,391
110900018,535,110,425
110900019,276,26,250
110900020,131,502,-371
110900021,152,854,-702
110900022,134,405,-271
110900023,164,658,-494
110900024,25,564,-539
110900025,86,92,-6
110900027,36,267,-231
110900028,66,229,-163
110900029,23,490,-467
110900030,68,347,-279
110900031,11,219,-208
110900032,0,136,-136
110900033,109,280,-171
110900035,32,709,-677
110900036,125,36,89
110900037,68,53,15
110900038,1272,240,1032
110900039,15,348,-333
110900040,269,66,203
110900041,25,176,-151
110900042,143,73,70
110900043,7,180,-173
110900044,298,21,277
110900045,45,552,-507
110900046,59,355,-296
110900047,640,303,337
110900049,101,112,-11
110900050,16,11,5
110900051,55,259,-204
110900052,8,175,-167
110900053,109,76,33
110900054,52,322,-270
110900055,33,6,27
110900056,79,112,-33
110900057,20,198,-178
110900058,298,350,-52
110900059,773,740,33
110900060,512,214,298
110900061,32,64,-32
110900062,183,416,-233
110900063,43,628,-585
110900064,21,0,21
110900065,477,204,273
110900066,16,281,-265
110900067,445,942,-497
110900068,452,298,154
110900069,9,47,-38
110900071,373,818,-445
110900073,1,45,-44
110900074,375,152,223
110900075,422,136,286
110900077,901,993,-92
110900078,34,100,-66
110900079,2849,1633,1216
110900080,133,139,-6
110900081,12,93,-81
110900082,170,216,-46
110900083,171,79,92
110900084,42,160,-118
110900085,68,395,-327
110900086,61,318,-257
110900087,601,114,487
110900088,15,4,11
110900090,37,60,-23
110900091,1,81,-80
110900093,933,151,782
110900095,46,92,-46
110900097,13,23,-10
110900098,40,155,-115
110900099,79,538,-459
110900100,1,33,-32
110900102,172,39,133
110900105,1029,324,705
110900108,31,114,-83
110900111,610,699,-89
110900112,1012,8,1004
110900113,724,82,642
110900115,22,96,-74
110900116,895,2565,-1670
110900118,234,3317,-3083
110900119,5222,442,4780
110900120,16,134,-118
110900121,148,0,148
110900122,388,216,172
110900125,433,557,-124
110900127,1141,1446,-305
110900128,363,326,37
110900129,480,824,-344
110900130,1472,635,837
110900131,791,70,721
110900132,378,101,277
110900133,539,351,188
110900135,159,537,-378
110900136,392,12,380
110900137,194,4,190
110900138,2330,523,1807
110900139,129,103,26
110900140,169,5,164
110900141,14,159,-145
110900142,78,257,-179
110900143,164,124,40
110900144,6,932,-926
110900145,634,88,546
110900146,1222,346,876
110900147,193,493,-300
110900148,1,420,-419
110900149,3,98,-95
110900150,67,47,20
110900151,15,106,-91
110900152,34,358,-324
110900153,160,115,45
111000001,680,598,82
111000002,916,959,-43
111000003,1287,986,301
111000004,773,1620,-847
111000005,2002,1488,514
111000006,1383,2311,-928
111000007,5865,3983,1882
111000008,3683,5145,-1462
111000009,534,1563,-1029
111000010,941,375,566
111000011,580,1458,-878
111000012,987,462,525
111000013,933,1510,-577
111000014,2728,830,1898
111000017,181,1159,-978
111000018,301,505,-204
111000020,1815,3214,-1399
111000021,97,154,-57
111000023,140,152,-12
111000025,6989,6292,697
111000029,177,201,-24
111000030,35,123,-88
111000031,2931,2387,544
111000032,1217,671,546
111000033,376,568,-192
111000034,379,355,24
111000037,2693,1645,1048
111000038,5365,3737,1628
111000039,2462,3072,-610
111000040,2489,3605,-1116
111000041,2257,2382,-125
111000042,5190,3743,1447
111000043,2280,4177,-1897
111000044,2003,1438,565
111000045,2691,3351,-660
111000046,1840,2153,-313
111000047,2713,5142,-2429
111000049,722,745,-23
111000050,2188,2168,20
111000051,566,1576,-1010
111000052,894,2274,-1380
111000053,453,1189,-736
111000054,460,1149,-689
111000055,1396,2629,-1233
111000056,374,689,-315
111000057,96,886,-790
111000058,354,90,264
111000059,1951,396,1555
111000060,6954,1094,5860
111000061,753,522,231
111000062,986,480,506
111000063,3238,1421,1817
111000064,664,947,-283
111000065,1298,1594,-296
111000066,605,835,-230
111000067,1309,956,353
111000068,818,1676,-858
111000069,3059,4012,-953
111000070,2146,1595,551
111000071,381,1245,-864
111000072,1140,710,430
111000073,347,1045,-698
111000074,1903,2251,-348
111000075,1571,1066,505
111000076,577,878,-301
111000077,2128,2296,-168
111000078,3782,2169,1613
111000079,1763,1141,622
111000080,773,1017,-244
111000081,2660,8969,-6309
111000082,845,929,-84
111000084,1236,1082,154
111000085,1483,2261,-778
111000086,3948,1600,2348
111000087,939,1070,-131
111000088,8512,3243,5269
111000089,869,1499,-630
111000090,1198,2040,-842
111000091,940,837,103
111000092,1385,1357,28
111000093,1158,1500,-342
111000094,3053,1536,1517
111000095,761,2888,-2127
111000096,3283,9442,-6159
111000097,6982,2327,4655
111000098,1233,1864,-631
111000099,842,2597,-1755
111000100,615,2316,-1701
111000101,645,1218,-573
111000102,292,915,-623
111000104,1198,348,850
111000107,230,1020,-790
111000109,946,503,443
111000110,1844,1194,650
111000111,3581,956,2625
111000112,2729,949,1780
111000113,1233,2263,-1030
111000114,2907,5079,-2172
111000115,8797,1932,6865
111000116,1120,1458,-338
111000117,540,1127,-587
111000118,2664,1348,1316
111000119,1234,1828,-594
111000120,507,938,-431
111000121,335,968,-633
111000122,747,1910,-1163
111000123,1285,4097,-2812
111000124,580,4003,-3423
111000125,384,2001,-1617
111000126,183,1332,-1149
111000127,1185,314,871
111000128,3162,615,2547
111000129,3415,839,2576
111000130,2228,1441,787
111000131,1810,1072,738
111000132,1349,1170,179
111000133,212,316,-104
111000134,185,224,-39
111000135,92,297,-205
111000136,390,415,-25
111000138,36,13,23
111000140,4,23,-19
111000141,363,571,-208
111000142,24,173,-149
111000143,9,174,-165
111000144,97,361,-264
111000145,3496,42,3454
111000146,178,26,152
111000147,344,92,252
111000148,274,159,115
111000149,17,51,-34
111000150,129,10,119
111000151,11,53,-42
111000153,824,1003,-179
111000154,903,348,555
111000155,116,300,-184
111000156,558,776,-218
111000157,308,1298,-990
111000158,1197,1056,141
111000159,3735,972,2763
111000160,465,508,-43
111000161,26,347,-321
111000162,81,283,-202
111000163,922,1703,-781
111000164,1047,6674,-5627
111000165,1555,761,794
111000166,2877,587,2290
111000167,203,762,-559
111000168,342,673,-331
111000169,422,758,-336
111000170,616,659,-43
111000171,663,1084,-421
111000172,208,691,-483
111000173,635,1350,-715
111000174,242,570,-328
111000175,47,493,-446
111000176,1284,210,1074
111000177,375,482,-107
111000178,1799,589,1210
111000179,288,371,-83
111000180,355,812,-457
111000181,1354,391,963
111000182,451,295,156
111000183,1663,509,1154
111000184,598,303,295
111000185,997,790,207
111000186,1348,495,853
111000187,167,333,-166
111000188,265,619,-354
111000189,1627,891,736
111000190,227,511,-284
111000191,167,542,-375
111000192,278,787,-509
111000193,378,518,-140
111000194,63,463,-400
111000195,343,449,-106
111000196,65,280,-215
111000197,683,316,367
111000198,1451,182,1269
111000199,214,235,-21
111000200,377,518,-141
111000201,710,485,225
111000202,216,434,-218
111000203,299,635,-336
111000204,502,1415,-913
111000213,206,719,-513
111000214,2244,1948,296
111000215,1348,1866,-518
111000217,1678,1603,75
111000218,1771,1903,-132
111000219,495,304,191
111000220,2628,1850,778
111000221,1023,156,867
111000224,4,535,-531
111000225,451,485,-34
111000226,204,4,200
111000227,46,5,41
111000228,35,457,-422
111000229,210,1073,-863
111000230,543,598,-55
111000231,1020,1355,-335
111000232,1522,1361,161
111000233,898,1254,-356
111000234,156,490,-334
111000239,195,293,-98
111000240,35,268,-233
111000241,49,483,-434
111000242,186,89,97
111000243,623,905,-282
111000244,947,154,793
111000245,3127,744,2383
111000246,544,684,-140
111000247,352,1310,-958
111000248,695,892,-197
111000249,608,1109,-501
111000250,67,133,-66
111000251,65,185,-120
111000253,7,15,-8
111000255,40,25,15
111000257,56,50,6
111000260,88,1515,-1427
111000261,1463,219,1244
111000271,86,353,-267
111000273,6029,2225,3804
111000274,1606,3783,-2177
111000275,345,152,193
111000276,372,2811,-2439
111000277,275,693,-418
111000278,851,476,375
111000291,1013,7034,-6021
111000298,655,443,212
111000299,796,190,606
111000300,162,885,-723
111000302,317,191,126
111000303,95,382,-287
111000312,70,110,-40
111000315,1,228,-227
111000320,509,1099,-590
111000321,520,130,390
111000322,509,783,-274
111000323,250,28,222
111000324,537,367,170
111000325,53,109,-56
111000326,197,530,-333
111000327,1131,640,491
111000328,352,773,-421
111000329,1,51,-50
111000330,89,11,78
111000331,106,16,90
111000332,623,1907,-1284
111000334,579,2245,-1666
111000335,2463,419,2044
111000337,1250,626,624
111000338,212,172,40
111000339,604,619,-15
111000340,778,938,-160
111000341,1482,1084,398
111000342,589,809,-220
111000344,1500,1029,471
111000345,506,91,415
111000346,38,135,-97
111000347,150,18,132
111000350,653,152,501
111000351,139,379,-240
111000352,231,179,52
111000353,231,413,-182
111000354,1036,170,866
111000355,587,839,-252
111000358,356,1820,-1464
111000360,177,1036,-859
111000361,148,485,-337
111000546,2248,933,1315
111000547,857,791,66
111000548,121,578,-457
111000549,393,707,-314
111000550,109,1294,-1185
111000551,1021,262,759
111000552,4650,249,4401
111000907,661,128,533
111000908,38,0,38
111000916,2012,514,1498
111000917,87,568,-481
111000918,324,1290,-966
111000920,970,50,920
111000921,6,490,-484
111000922,707,536,171
111000924,61,1399,-1338
111000925,3886,3042,844
111000926,1554,2469,-915
111000927,4206,6716,-2510
111000928,6152,4961,1191
111000929,4084,2023,2061
111000930,1692,3092,-1400
111000931,2376,3649,-1273
111000932,5423,3285,2138
111000933,4724,3278,1446
111000934,2905,4631,-1726
111000935,1664,2063,-399
111000936,1322,3023,-1701
111000937,1022,2602,-1580
111000938,2115,2497,-382
111000939,840,60,780
111000940,547,231,316
111000941,781,745,36
111000943,488,554,-66
111000944,188,602,-414
111000945,188,2233,-2045
111001109,520,396,124
111001110,239,727,-488
111001111,87,17,70
111001112,241,8,233
111001113,0,233,-233
111001114,1453,121,1332
111001115,60,517,-457
111001116,7752,5616,2136
111001117,868,4468,-3600
111001120,128,440,-312
111001121,227,381,-154
111001122,309,740,-431
111001123,277,161,116
111001124,106,249,-143
111900001,12,157,-145
111900002,32,1122,-1090
111900003,7,546,-539
111900004,99,211,-112
111900006,19,53,-34
111900007,108,12,96
111900008,214,7,207
111900009,215,305,-90
111900010,456,737,-281
111900012,95,199,-104
111900013,39,156,-117
111900014,7652,3805,3847
111900015,0,106,-106
111900016,1,190,-189
111900017,1,211,-210
111900018,248,6,242
111900019,2,236,-234
111900020,12,119,-107
111900021,50,184,-134
111900022,25,120,-95
111900023,172,146,26
111900024,0,96,-96
111900025,0,58,-58
111900026,1,158,-157
111900027,6,227,-221
111900028,2,505,-503
111900029,6,147,-141
111900030,65,536,-471
111900031,63,54,9
111900032,1,432,-431
111900033,12,141,-129
111900034,388,696,-308
111900035,305,266,39
111900036,1,337,-336
111900038,393,704,-311
111900039,97,537,-440
111900040,4,741,-737
111900042,57,180,-123
111900043,4,529,-525
111900044,451,258,193
111900046,84,209,-125
111900048,168,817,-649
111900049,48,310,-262
111900050,153,38,115
111900051,19,354,-335
111900052,548,666,-118
111900053,1898,1588,310
111900054,212,3,209
111900055,19,451,-432
111900056,462,390,72
111900057,160,60,100
111900058,452,795,-343
111900059,2921,685,2236
111900060,575,7,568
111900061,19,314,-295
111900062,63,108,-45
111900063,508,339,169
111900064,182,330,-148
111900065,99,38,61
111900066,138,174,-36
111900067,1,500,-499
111900068,60,66,-6
111900069,61,65,-4
111900070,129,174,-45
111900071,0,296,-296
111900072,67,43,24
111900073,775,157,618
111900074,25,272,-247
111900075,100,18,82
111900076,158,70,88
111900077,76,2,74
111900078,291,24,267
111900079,68,43,25
111900080,273,302,-29
111900082,137,52,85
111900083,124,14,110
111900084,120,28,92
111900085,70,139,-69
111900086,42,4,38
111900087,76,1,75
111900088,487,3,484
111900089,132,3,129
111900090,77,97,-20
111900091,161,2,159
111900092,121,2,119
111900093,323,7,316
111900094,126,0,126
111900095,225,65,160
111900096,153,19,134
111900097,52,2,50
111900098,215,1,214
111900099,95,0,95
111900100,345,6,339
111900101,132,39,93
111900102,932,781,151
111900103,92,111,-19
111900104,288,91,197
111900105,456,257,199
111900106,1582,81,1501
111900110,2528,601,1927
111900111,314,244,70
111900112,1138,3456,-2318
111900113,378,192,186
111900118,345,132,213
111900119,359,201,158
111900122,206,108,98
111900123,19,50,-31
111900124,66,143,-77
111900125,578,33,545
111900126,315,5,310
111900127,4,925,-921
111900128,11,688,-677
111900129,323,6,317
111900130,345,39,306
111900131,577,1,576
111900132,50,1558,-1508
111900133,18,516,-498
111900134,25,304,-279
111900135,6,35,-29
111900136,109,151,-42
111900137,97,91,6
111900138,37,89,-52
111900139,19,140,-121
111900140,108,50,58
111900141,51,25,26
111900142,96,40,56
111900143,34,374,-340
111900144,0,119,-119
111900145,3,574,-571
111900146,3,334,-331
111900147,231,568,-337
111900148,28,808,-780
111900149,14,340,-326
111900150,17,198,-181
111900151,5,25,-20
111900152,100,123,-23
111900153,1839,467,1372
111900154,13,294,-281
111900155,60,92,-32
111900156,39,90,-51
111900157,130,22,108
111900158,629,49,580
111900159,322,18,304
111900160,299,0,299
111900161,168,0,168
111900162,66,184,-118
111900163,67,262,-195
111900164,118,108,10
111901113,574,232,342
111901114,1096,485,611
111901115,106,6,100
111901116,149,13,136
111901117,17,136,-119
111901118,118,1133,-1015
111901119,1215,208,1007
111901121,252,334,-82
111901122,4,619,-615
111901123,173,556,-383
111901124,181,2,179
111901125,391,258,133
111901127,955,547,408
111901128,22,124,-102
111901129,19,197,-178
111901130,22,267,-245
111901131,5,396,-391
111901132,99,20,79
111901133,55,9,46
111901134,92,6,86
111901135,21,9,12
111901136,55,56,-1
111901137,1,38,-37
111901138,248,64,184
111901139,41,48,-7
111901140,17,170,-153
111901141,10,243,-233
111901142,10,162,-152
111901143,2,119,-117
111901144,31,39,-8
111901145,206,290,-84
111901146,605,20,585
112000001,2086,1222,864
112000002,1021,3480,-2459
112000003,1518,1485,33
112000004,962,1620,-658
112000005,3554,4501,-947
112000006,3018,3055,-37
112000007,3308,2391,917
112000008,2983,4783,-1800
112000009,5201,5264,-63
112000010,3350,4071,-721
112000011,2793,2923,-130
112000012,7680,4466,3214
112000013,8820,4853,3967
112000014,5203,1948,3255
112000015,6991,5193,1798
112000016,11168,2000,9168
112000017,6056,3583,2473
112000024,3366,1645,1721
112000026,6228,7657,-1429
112000027,1050,751,299
112000028,2547,2070,477
112000029,557,966,-409
112000030,289,274,15
112000031,2273,5652,-3379
112000032,732,139,593
112000033,4233,2175,2058
112000034,448,137,311
112000035,590,515,75
112000036,1852,1262,590
112000037,4792,1168,3624
112000038,3158,1350,1808
112000039,66,133,-67
112000040,170,390,-220
112000041,748,782,-34
112000042,1720,682,1038
112000050,1369,2384,-1015
112000051,1293,1593,-300
112000054,2175,2516,-341
112000057,760,542,218
112000058,648,934,-286
112000059,820,1134,-314
112000061,4308,2763,1545
112000062,2404,1169,1235
112000063,1683,2225,-542
112000064,5340,7060,-1720
112000065,3082,3267,-185
112000066,4388,1920,2468
112000067,940,982,-42
112000068,3891,2827,1064
112000069,1695,2541,-846
112000070,4917,1135,3782
112000071,1493,3676,-2183
112000072,3390,1451,1939
112000073,2807,3049,-242
112000074,2346,1570,776
112000075,1888,1630,258
112000076,5241,4148,1093
112000077,972,831,141
112000078,2303,1019,1284
112000079,2032,2271,-239
112000080,895,1449,-554
112000081,2259,3418,-1159
112000082,1785,1384,401
112000083,742,1787,-1045
112000084,1350,1443,-93
112000085,1889,1567,322
112000086,3161,2356,805
112000087,434,590,-156
112000088,837,1045,-208
112000089,585,498,87
112000090,416,460,-44
112000091,783,1541,-758
112000092,1962,1676,286
112000093,2022,1458,564
112000094,811,1168,-357
112000095,756,1355,-599
112000096,623,930,-307
112000097,1675,1055,620
112000098,1537,1908,-371
112000099,908,2045,-1137
112000100,2245,1298,947
112000101,879,1686,-807
112000102,1399,807,592
112000103,422,1801,-1379
112000105,751,2384,-1633
112000106,2067,601,1466
112000107,63,543,-480
112000108,492,2274,-1782
112000109,187,136,51
112000110,2668,1027,1641
112000111,2428,5329,-2901
112000112,10179,973,9206
112000113,1649,2663,-1014
112000114,7470,1494,5976
112000115,513,730,-217
112000116,1171,1729,-558
112000117,1393,1084,309
112000118,1495,1406,89
112000119,664,1244,-580
112000120,60,592,-532
112000121,189,720,-531
112000122,282,269,13
112000123,579,232,347
112000124,405,123,282
112000125,187,365,-178
112000126,264,713,-449
112000127,4372,3051,1321
112000128,1917,1004,913
112000129,174,190,-16
112000130,282,146,136
112000131,90,462,-372
112000132,153,373,-220
112000133,469,333,136
112000134,766,535,231
112000135,4556,1088,3468
112000136,4202,1988,2214
112000137,6736,2487,4249
112000138,8561,2080,6481
112000139,1293,736,557
112000140,1818,1450,368
112000141,1016,482,534
112000142,274,927,-653
112000143,1346,432,914
112000144,370,1786,-1416
112000145,2746,909,1837
112000146,775,2781,-2006
112000147,3592,2751,841
112000148,2559,3196,-637
112000149,729,999,-270
112000150,569,1320,-751
112000151,334,653,-319
112000152,436,887,-451
112000153,227,472,-245
112000154,195,533,-338
112000155,191,164,27
112000157,1260,820,440
112000158,419,890,-471
112000159,747,671,76
112000167,515,153,362
112000169,464,581,-117
112000173,941,373,568
112000175,1136,622,514
112000176,4325,2821,1504
112000177,701,276,425
112000178,166,705,-539
112000179,304,167,137
112000180,326,609,-283
112000181,1848,2814,-966
112000182,1389,2763,-1374
112000183,80,158,-78
112000184,386,677,-291
112000185,714,979,-265
112000187,5404,3191,2213
112000195,240,27,213
112000196,286,6,280
112000197,243,188,55
112000198,70,361,-291
112000199,2110,1925,185
112000202,578,69,509
112000216,81,428,-347
112000230,95,10,85
112000231,7,360,-353
112000256,78,442,-364
112000313,140,396,-256
112000314,96,29,67
112000337,617,756,-139
112000352,494,578,-84
112000392,1731,1864,-133
112000398,1403,1321,82
112000399,2735,2934,-199
112000400,2277,5270,-2993
112000401,4380,4191,189
112000402,3974,3905,69
112000403,2997,3919,-922
112000404,937,1125,-188
112000405,2251,4270,-2019
112000406,4708,3673,1035
112000407,7773,11733,-3960
112000408,10751,11095,-344
112000409,2103,7548,-5445
112000410,726,308,418
112000411,6745,2845,3900
112000412,1957,957,1000
112000413,12452,6626,5826
112000414,119,156,-37
112000415,285,86,199
112000416,2774,2321,453
112000417,321,106,215
112000421,37,227,-190
112000422,515,674,-159
112000424,3369,3714,-345
112000425,663,1155,-492
112000426,193,534,-341
112000427,3,16,-13
112000428,362,550,-188
112000429,3079,3861,-782
112000430,2877,4033,-1156
112000431,96,231,-135
112000432,732,1908,-1176
112000433,819,1328,-509
112000437,61,222,-161
112900001,54,5,49
112900002,438,1608,-1170
112900003,95,528,-433
112900004,71,482,-411
112900005,299,427,-128
112900006,8,576,-568
112900007,73,310,-237
112900008,1,52,-51
112900009,535,195,340
112900010,509,1297,-788
112900011,259,343,-84
112900012,0,56,-56
112900013,17,262,-245
112900014,8,658,-650
112900015,551,1170,-619
112900016,8,460,-452
112900017,62,280,-218
112900018,3,382,-379
112900019,100,384,-284
112900020,552,1803,-1251
112900021,4,418,-414
112900022,18,117,-99
112900023,2,358,-356
112900024,35,302,-267
112900025,152,326,-174
112900026,5,326,-321
112900027,14,1515,-1501
112900028,44,177,-133
112900029,11,881,-870
112900030,273,305,-32
112900031,9,747,-738
112900032,331,446,-115
112900034,1,98,-97
112900035,20,603,-583
112900036,294,219,75
112900037,245,310,-65
112900038,811,269,542
112900039,23,441,-418
112900040,12,556,-544
112900041,1448,1730,-282
112900042,85,511,-426
112900043,245,101,144
112900044,832,650,182
112900045,577,470,107
112900046,306,94,212
112900047,28,54,-26
112900049,270,144,126
112900050,80,838,-758
112900051,456,977,-521
112900052,9,1539,-1530
112900053,878,198,680
112900054,252,77,175
112900055,245,61,184
112900056,645,365,280
112900057,25,903,-878
112900058,402,404,-2
112900059,135,182,-47
112900060,14,355,-341
112900061,79,195,-116
112900062,146,214,-68
112900063,158,19,139
112900064,294,318,-24
112900065,50,32,18
112900066,340,152,188
112900067,803,264,539
112900068,74,38,36
112900069,2875,1165,1710
112900071,29,5,24
112900072,390,3126,-2736
112900073,1434,126,1308
112900074,135,327,-192
112900075,2247,1197,1050
112900076,159,34,125
112900078,402,774,-372
112900079,778,83,695
112900080,92,3,89
112900081,60,323,-263
112900082,925,37,888
112900083,124,107,17
112900084,319,172,147
112900086,126,0,126
112900087,897,328,569
112900088,233,15,218
112900089,832,41,791
112900090,64,18,46
112900091,271,7,264
112900092,381,308,73
112900093,2875,35,2840
112900095,80,2,78
112900096,589,291,298
112900097,117,446,-329
112900098,407,10,397
112900099,967,27,940
112900100,52,2,50
112900101,750,3,747
112900102,449,10,439
112900103,405,14,391
112900104,742,22,720
112900105,30,0,30
112900106,715,266,449
112900107,5,2,3
112900108,16,0,16
112900109,106,4,102
112900110,1459,26,1433
112900111,1014,9,1005
112900112,426,2,424
112900113,0,17,-17
112900114,161,195,-34
112900115,1106,5,1101
112900116,173,46,127
112900117,135,125,10
112900118,48,99,-51
112900119,232,1,231
112900120,1151,416,735
112900121,208,272,-64
112900122,89,147,-58
112900123,206,35,171
112900124,17,197,-180
112900125,107,708,-601
112900126,305,336,-31
112900127,534,147,387
112900128,638,1041,-403
112900129,4,1342,-1338
112900130,368,124,244
112900131,66,290,-224
112900132,542,581,-39
112900133,54,1511,-1457
112900134,1,483,-482
112900135,276,77,199
112900137,8,728,-720
112900138,19,490,-471
112900139,370,1536,-1166
112900141,993,55,938
112900142,145,215,-70
112900143,56,739,-683
112900144,6,388,-382
112900145,40,581,-541
112900146,7,1719,-1712
112900147,4,2710,-2706
112900148,124,0,124
112900149,462,1360,-898
112900151,20,79,-59
112900152,4919,1373,3546
112900153,2920,2862,58
112900154,4,237,-233
112900155,321,40,281
112900156,437,2041,-1604
112900157,334,100,234
112900158,68,57,11
112900159,254,145,109
112900160,107,458,-351
112900161,155,55,100
112900162,57,30,27
112900163,166,41,125
112900164,44,469,-425
112900165,457,45,412
112900166,54,130,-76
112900167,23,93,-70
112900168,2,2,0
112900169,36,9,27
112900170,91,117,-26
112900172,84,13,71
112900173,334,160,174
112900174,345,75,270
112900175,279,198,81
112900176,14,37,-23
112900177,279,83,196
112900178,1377,3919,-2542
112900179,55,637,-582
112900180,3245,2529,716
112900181,595,4,591
112900182,49,1676,-1627
112900183,291,522,-231
112900184,514,591,-77
112900185,536,931,-395
112900186,2169,1371,798
112900187,122,1060,-938
112900188,1263,634,629
112900189,18,73,-55
112900190,12,80,-68
112900192,864,1012,-148
112900193,1459,554,905
112900194,95,159,-64
112900195,1363,75,1288
112900196,384,528,-144
112900197,292,551,-259
112900199,720,740,-20
112900200,673,344,329
112900201,143,187,-44
112900202,402,1224,-822
112900203,245,424,-179
112900204,1305,922,383
112900205,14,37,-23
112900206,29,84,-55
112900207,23,0,23
112900208,126,384,-258
112900209,638,568,70
112900210,2,72,-70
112900211,163,194,-31
112900212,0,151,-151
112900213,40,22,18
112900214,53,20,33
112900215,5,266,-261
112900216,59,109,-50
112900217,0,62,-62
112900218,95,46,49
112900219,165,40,125
112900220,10,0,10
112900221,67,114,-47
112900222,0,32,-32
112900223,1292,33,1259
112900224,459,743,-284
112900225,650,562,88
112900226,344,570,-226
112900227,574,1993,-1419
112900228,46,48,-2
112900229,201,84,117
112900230,9210,6532,2678
112900232,398,404,-6
112900233,238,246,-8
112900234,13,169,-156
112900235,180,45,135
112900236,248,30,218
112900237,403,333,70
112900238,8,71,-63
112900239,1835,495,1340
113000001,6736,7037,-301
113000002,4422,5609,-1187
113000003,2722,2237,485
113000004,2689,3180,-491
113000005,1889,1307,582
113000006,1406,1859,-453
113000007,2413,1643,770
113000008,2233,2454,-221
113000009,1410,1168,242
113000010,1935,2119,-184
113000011,1440,2659,-1219
113000012,2379,1668,711
113000013,5569,1319,4250
113000014,3294,4536,-1242
113000015,1979,1076,903
113000016,1620,2368,-748
113000017,313,943,-630
113000018,997,241,756
113000019,502,553,-51
113000020,1132,122,1010
113000021,1629,896,733
113000022,931,1629,-698
113000025,1615,4748,-3133
113000026,641,839,-198
113000027,1136,707,429
113000028,1709,890,819
113000029,1024,879,145
113000030,637,1033,-396
113000031,362,444,-82
113000032,380,410,-30
113000033,444,540,-96
113000034,581,433,148
113000035,46,55,-9
113000036,50,111,-61
113000037,107,66,41
113000038,34,131,-97
113000039,91,647,-556
113000040,76,91,-15
113000042,1181,1070,111
113000051,1033,3534,-2501
113000052,2456,1454,1002
113000053,490,704,-214
113000054,380,1242,-862
113000055,1409,880,529
113000056,1106,1338,-232
113000058,917,1198,-281
113000059,1385,1042,343
113000060,237,769,-532
113000061,802,1651,-849
113000062,1540,373,1167
113000063,169,179,-10
113000064,77,533,-456
113000065,212,1276,-1064
113000066,795,149,646
113000067,2112,2417,-305
113000068,388,2468,-2080
113000069,766,2021,-1255
113000070,3383,2000,1383
113000071,907,1192,-285
113000072,892,966,-74
113000073,645,2385,-1740
113000074,1401,854,547
113000075,2473,1074,1399
113000076,965,2775,-1810
113000077,1819,737,1082
113000078,1182,3330,-2148
113000079,1733,1230,503
113000080,1228,909,319
113000081,1919,1200,719
113000082,2600,1229,1371
113000083,789,1158,-369
113000084,2344,1978,366
113000085,1195,1182,13
113000086,3082,1936,1146
113000087,2591,1374,1217
113000088,3345,1838,1507
113000089,1167,2285,-1118
113000090,339,791,-452
113000091,819,550,269
113000094,1642,265,1377
113000095,331,1085,-754
113000096,260,981,-721
113000097,1522,565,957
113000098,212,49,163
113000099,1719,481,1238
113000100,284,521,-237
113000101,385,769,-384
113000102,775,502,273
113000103,3219,941,2278
113000104,533,2672,-2139
113000105,988,627,361
113000106,478,819,-341
113000107,948,967,-19
113000108,1121,1944,-823
113000109,698,3042,-2344
113000110,2191,618,1573
113000111,146,788,-642
113000112,428,485,-57
113000113,2372,424,1948
113000114,461,2054,-1593
113000116,1257,409,848
113000117,1104,182,922
113000118,191,1029,-838
113000119,721,468,253
113000120,170,441,-271
113000121,1774,1342,432
113000124,459,192,267
113000125,89,919,-830
113000127,3754,525,3229
113000128,1086,862,224
113000129,764,1729,-965
113000133,3625,2634,991
113000134,10,1590,-1580
113000135,4628,6225,-1597
113000137,2803,3723,-920
113000139,520,341,179
113000140,242,339,-97
113000141,698,296,402
113000142,1239,1822,-583
113000143,359,254,105
113000144,409,959,-550
113000145,94,271,-177
113000146,215,134,81
113000147,218,203,15
113000148,221,181,40
113000149,114,205,-91
113000150,633,491,142
113000151,117,94,23
113000152,29,193,-164
113000153,2277,801,1476
113000154,1065,2777,-1712
113000155,474,1061,-587
113000156,288,651,-363
113000157,528,1324,-796
113000158,859,517,342
113000159,1274,1326,-52
113000160,1052,1640,-588
113000161,359,724,-365
113000162,939,852,87
113000163,411,90,321
113000164,28,126,-98
113000166,168,180,-12
113000167,91,181,-90
113000168,161,178,-17
113000169,165,177,-12
113000170,120,222,-102
113000171,76,144,-68
113000172,255,134,121
113000173,84,29,55
113000174,216,664,-448
113000175,454,227,227
113000176,687,356,331
113000177,367,558,-191
113000178,405,466,-61
113000179,369,373,-4
113000180,1169,1799,-630
113000181,1548,1337,211
113000182,369,738,-369
113000183,311,880,-569
113000184,82,186,-104
113000189,651,1201,-550
113000190,1480,806,674
113000192,2484,2688,-204
113000193,5897,1400,4497
113000194,3139,1781,1358
113000195,3820,1188,2632
113000196,376,142,234
113000197,4955,1588,3367
113000198,126,997,-871
113000199,2759,537,2222
113000201,1106,410,696
113000202,5718,2458,3260
113000203,378,294,84
113000204,2631,2646,-15
113000205,38,34,4
113000206,14,57,-43
113000207,154,51,103
113000208,81,82,-1
113000209,29,37,-8
113000210,3,64,-61
113000211,224,259,-35
113000212,154,47,107
113000213,138,305,-167
113000214,157,311,-154
113000234,234,1250,-1016
113000410,5422,775,4647
113000411,4682,5906,-1224
113000412,10035,3393,6642
113000413,4313,3971,342
113000414,10502,22064,-11562
113000415,3527,4950,-1423
113000416,13189,6409,6780
113000417,3891,4616,-725
113000418,6269,4215,2054
113000419,2453,2712,-259
113000420,5520,7428,-1908
113000421,5501,8463,-2962
113000422,17745,14383,3362
113000423,2946,6590,-3644
113000424,4652,11048,-6396
113000425,25,142,-117
113000428,1520,352,1168
113000430,452,3357,-2905
113000432,2425,290,2135
113000433,239,1263,-1024
113000434,46,239,-193
113000435,114,1108,-994
113000436,73,1942,-1869
113000437,1226,47,1179
113000438,316,24,292
113000439,44,190,-146
113000440,169,33,136
113000441,229,332,-103
113000442,189,286,-97
113000443,248,426,-178
113000444,198,380,-182
113000445,123,203,-80
113000446,56,132,-76
113000448,186,225,-39
113000449,485,1336,-851
113000450,847,3971,-3124
113000451,1500,302,1198
113000452,589,700,-111
113000453,79,400,-321
113000454,1465,78,1387
113000455,45,287,-242
113000456,5475,3814,1661
113000468,2612,432,2180
113000469,296,296,0
113000470,535,39,496
113000471,9,518,-509
113000472,122,507,-385
113000474,705,836,-131
113000475,2279,2423,-144
113000476,1637,2609,-972
113000477,3886,3181,705
113000478,6789,7662,-873
113000479,119,302,-183
113000480,146,198,-52
113000483,0,0,0
113000484,0,0,0
113000485,10,0,10
113000486,44,4,40
113000487,4,6,-2
113000488,2,1,1
113000489,5,20,-15
113000490,0,35,-35
113000491,57,69,-12
113000492,27,9,18
113000493,23,0,23
113000495,260,276,-16
113000496,133,164,-31
113000497,0,0,0
113000500,0,6,-6
113900001,7,252,-245
113900002,0,205,-205
113900003,1,156,-155
113900004,4,65,-61
113900005,2,95,-93
113900006,2,23,-21
113900007,233,30,203
113900008,91,1,90
113900009,313,0,313
113900010,313,0,313
113900011,155,3,152
113900012,63,4,59
113900013,593,13,580
113900014,821,6,815
113900015,0,106,-106
113900016,46,0,46
113900017,0,51,-51
113900018,640,353,287
113900019,214,153,61
113900020,171,2,169
113900022,30,1,29
113900023,43,0,43
113900024,182,75,107
113900025,411,33,378
113900026,76,1,75
113900027,0,56,-56
113900028,46,612,-566
113900029,67,242,-175
113900030,227,2,225
113900031,12,1,11
113900032,19,0,19
113900033,74,114,-40
113900035,72,2,70
113900036,9,143,-134
113900037,176,629,-453
113900038,93,224,-131
113900039,176,13,163
113900040,9,15,-6
113900041,5,1,4
113900042,85,75,10
113900043,247,224,23
113900044,1133,466,667
113900045,129,6,123
113900046,515,700,-185
113900047,17,82,-65
113900048,326,115,211
113900049,999,556,443
113900050,324,449,-125
113900051,335,579,-244
113900052,271,230,41
113900053,1069,1066,3
113900054,20,2,18
113900055,121,555,-434
113900056,25,95,-70
113900057,17,168,-151
113900058,98,197,-99
113900059,272,494,-222
113900060,461,308,153
113900061,1546,498,1048
113900062,93,13,80
113900063,65,102,-37
113900064,62,240,-178
113900065,703,17,686
113900066,416,589,-173
113900067,347,329,18
113900068,534,612,-78
113900069,107,52,55
113900070,242,718,-476
113900071,64,46,18
113900072,83,224,-141
113900073,303,604,-301
113900074,120,449,-329
113900075,1502,1426,76
113900076,211,39,172
113900077,127,238,-111
113900078,29,44,-15
113900079,3,80,-77
113900080,591,400,191
113900081,103,265,-162
113900082,138,348,-210
113900083,329,683,-354
113900084,368,124,244
113900085,78,381,-303
113900086,11,14,-3
113900087,137,171,-34
113900088,55,127,-72
113900089,531,66,465
113900090,773,597,176
113900091,33,29,4
113900092,163,136,27
113900093,134,953,-819
113900094,496,733,-237
113900095,125,143,-18
113900096,286,73,213
113900097,186,171,15
113900098,662,121,541
113900099,3,86,-83
113900100,0,2,-2
113900101,92,106,-14
113900102,191,200,-9
113900103,397,510,-113
113900104,143,282,-139
113900105,119,364,-245
113900106,0,113,-113
113900107,2,36,-34
113900108,356,390,-34
113900109,455,211,244
113900110,94,27,67
113900111,160,153,7
113900112,146,146,0
113900113,1739,706,1033
113900114,3,154,-151
113900115,0,146,-146
113900116,150,239,-89
113900117,156,38,118
113900118,299,437,-138
113900119,356,591,-235
113900120,43,58,-15
113900121,69,160,-91
113900122,456,2117,-1661
113900123,521,304,217
113900124,0,111,-111
113900125,1327,168,1159
113900126,367,74,293
113900127,474,886,-412
113900128,125,96,29
113900129,17,115,-98
113900130,19,59,-40
113900131,261,120,141
113900132,71,79,-8
113900133,17,91,-74
113900135,306,531,-225
113900136,144,100,44
113900137,448,369,79
113900138,114,254,-140
113900139,563,174,389
113900140,495,465,30
113900141,719,506,213
113900142,146,108,38
113900143,10,52,-42
113900144,504,261,243
113900145,391,337,54
113900146,168,71,97
113900148,203,465,-262
113900149,221,121,100
113900150,1129,716,413
113900151,603,319,284
113900152,59,56,3
113900153,468,998,-530
113900154,4,170,-166
113900155,332,237,95
113900156,296,616,-320
113900157,71,354,-283
113900158,805,715,90
113900159,38,333,-295
113900160,2012,870,1142
113900161,88,322,-234
113900162,1149,1167,-18
113900163,343,419,-76
113900164,326,78,248
113900165,1414,592,822
113900166,362,230,132
113900167,291,64,227
113900168,161,203,-42
113900169,486,553,-67
113900171,314,116,198
113900172,15,317,-302
113900173,77,736,-659
113900174,791,874,-83
113900175,521,228,293
113900176,684,887,-203
113900177,399,275,124
113900178,1045,178,867
113900179,25,590,-565
113900180,194,134,60
113900181,629,195,434
113900182,1326,1716,-390
113900183,33,105,-72
113900184,34,875,-841
113900185,231,128,103
113900186,66,52,14
113900187,35,206,-171
113900188,89,241,-152
113900189,336,155,181
113900190,341,197,144
113900191,130,378,-248
113900192,27,769,-742
113900193,38,314,-276
113900194,2229,1487,742
113900195,320,511,-191
113900196,31,259,-228
113900197,1,248,-247
113900198,44,328,-284
113900199,337,990,-653
113900200,34,450,-416
113900201,1,273,-272
113900202,44,394,-350
113900203,0,141,-141
113900204,63,652,-589
113900205,24,227,-203
113900206,12,262,-250
113900207,2,104,-102
113900208,1,92,-91
113900209,1,108,-107
113900210,1162,1223,-61
113900211,259,106,153
113900212,205,673,-468
113900214,579,467,112
113900215,82,204,-122
113900216,156,1422,-1266
113900217,99,329,-230
113900218,288,118,170
113900219,104,443,-339
113900220,147,160,-13
113900221,468,386,82
113900222,412,1091,-679
113900223,175,1498,-1323
113900224,117,107,10
113900225,767,355,412
113900226,406,150,256
113900227,921,296,625
113900228,429,651,-222
113900229,90,1086,-996
113900230,6107,3743,2364
113900231,231,235,-4
113900232,130,150,-20
113900233,117,90,27
113900234,335,683,-348
113900235,105,66,39
113900236,152,508,-356
113900237,256,26,230
113900238,320,675,-355
113900239,94,87,7
113900240,9,190,-181
113900241,140,64,76
113900242,69,167,-98
113900243,186,571,-385
113900244,514,330,184
113900245,1546,390,1156
113900246,26,24,2
113900247,215,514,-299
113900248,3694,2571,1123
113900249,1235,470,765
113900250,59,188,-129
113900251,720,294,426
113900252,641,34,607
113900253,779,101,678
113900254,1005,199,806
113900255,479,47,432
113900256,397,43,354
113900257,39,691,-652
113900258,16,585,-569
113900259,484,274,210
113900260,210,11,199
113900261,56,147,-91
113900262,205,831,-626
113900263,260,798,-538
113900264,20,645,-625
113900265,437,403,34
113900266,45,279,-234
113900267,120,644,-524
113900268,486,667,-181
113900269,96,222,-126
113900270,599,1253,-654
113900271,891,1929,-1038
113900273,296,30,266
113900274,127,77,50
113900275,54,128,-74
113900276,4,241,-237
113900277,143,1,142
113900278,424,281,143
113900279,151,127,24
113900280,2161,718,1443
113900281,937,1842,-905
113900282,1186,833,353
113900283,539,683,-144
113900284,1305,216,1089
113900285,254,72,182
113900286,16,143,-127
113900287,60,70,-10
113900288,9,333,-324
113900289,1372,138,1234
113900290,473,262,211
113900291,190,301,-111
113900292,31,8,23
113900293,9,416,-407
113900294,525,44,481
113900295,637,474,163
113900296,2690,533,2157
113900297,3949,65,3884
113900298,15,2109,-2094
113900299,85,234,-149
113900300,6339,4607,1732
113900301,921,258,663
113900302,3491,1249,2242
113900303,808,696,112
113900304,1,219,-218
113900305,103,2,101
113900306,49,0,49
113900307,116,0,116
113900308,156,234,-78
113900309,4,1367,-1363
113900310,0,28,-28
113900311,13,0,13
113900312,311,243,68
113900313,12,14,-2
114000001,1214,3869,-2655
114000002,313,517,-204
114000003,54,562,-508
114000004,603,604,-1
114000005,375,494,-119
114000006,3325,3120,205
114000007,1063,2064,-1001
114000008,1970,2721,-751
114000009,764,417,347
114000011,3048,3626,-578
114000012,3370,2797,573
114000013,2257,2346,-89
114000014,740,509,231
114000015,3376,608,2768
114000016,298,451,-153
114000017,129,489,-360
114000018,334,103,231
114000026,1818,1817,1
114000027,3506,2661,845
114000028,3379,3184,195
114000038,315,290,25
114000039,189,74,115
114000040,112,380,-268
114000042,161,242,-81
114000043,106,183,-77
114000044,202,68,134
114000045,77,118,-41
114000046,6603,6926,-323
114000047,24,98,-74
114000048,66,42,24
114000049,2087,2628,-541
114000050,2108,3729,-1621
114000051,3928,2936,992
114000052,7490,2089,5401
114000053,300,691,-391
114000054,237,1334,-1097
114000055,868,73,795
114000056,1539,1184,355
114000057,8046,2870,5176
114000058,965,1768,-803
114000059,525,446,79
114000060,839,1435,-596
114000061,5107,3903,1204
114000062,2933,2069,864
114000063,3824,2525,1299
114000064,8386,5060,3326
114000065,2097,3470,-1373
114000066,868,882,-14
114000067,50,918,-868
114000068,581,1075,-494
114000069,1265,1104,161
114000070,2850,2410,440
114000071,904,984,-80
114000072,1085,468,617
114000073,11,117,-106
114000074,60,28,32
114000075,58,187,-129
114000076,21,164,-143
114000077,14,83,-69
114000078,1135,1118,17
114000079,244,73,171
114000080,136,115,21
114000081,118,135,-17
114000082,48,672,-624
114000083,91,449,-358
114000084,434,115,319
114000085,131,1082,-951
114000086,452,726,-274
114000087,261,235,26
114000088,67,66,1
114000089,1600,691,909
114000090,1251,1463,-212
114000091,1975,1264,711
114000092,1398,907,491
114000093,1867,1545,322
114000094,506,600,-94
114000095,473,187,286
114000096,305,695,-390
114000097,207,1042,-835
114000098,530,127,403
114000099,605,997,-392
114000100,1579,1175,404
114000101,595,1290,-695
114000102,969,444,525
114000103,306,542,-236
114000104,383,374,9
114000105,417,162,255
114000106,1319,1148,171
114000107,641,217,424
114000108,1997,1589,408
114000109,596,1568,-972
114000110,879,2174,-1295
114000111,2039,1705,334
114000112,810,2565,-1755
114000113,1664,934,730
114000114,1846,1840,6
114000115,2216,1478,738
114000116,1705,1356,349
114000117,3099,729,2370
114000118,2755,836,1919
114000119,1926,686,1240
114000120,619,1391,-772
114000121,547,983,-436
114000122,530,458,72
114000123,2055,792,1263
114000124,944,486,458
114000125,1245,1929,-684
114000126,5692,416,5276
114000127,604,261,343
114000128,985,636,349
114000130,803,853,-50
114000131,508,279,229
114000132,801,941,-140
114000133,1563,2265,-702
114000134,73,256,-183
114000138,65,317,-252
114000139,675,331,344
114000144,1010,747,263
114000145,105,286,-181
114000146,135,359,-224
114000147,1584,2123,-539
114000148,2748,2688,60
114000149,645,518,127
114000150,840,942,-102
114000151,1012,1453,-441
114000152,368,38,330
114000153,1047,2818,-1771
114000154,1201,1168,33
114000155,4153,2699,1454
114000156,1134,954,180
114000157,548,1352,-804
114000158,2426,1233,1193
114000159,232,690,-458
114000160,142,624,-482
114000161,1712,3587,-1875
114000162,1198,2922,-1724
114000163,18,195,-177
114000165,691,307,384
114000166,1200,569,631
114000167,4681,2158,2523
114000168,1042,1090,-48
114000169,2132,1640,492
114000170,1957,1568,389
114000171,1118,3313,-2195
114000174,291,744,-453
114000176,825,695,130
114000177,2537,1261,1276
114000178,108,62,46
114000179,1440,1055,385
114000180,625,1166,-541
114000181,2234,4554,-2320
114000182,5799,3296,2503
114000183,1564,1361,203
114000184,4120,1870,2250
114000185,2044,1439,605
114000189,890,152,738
114000190,2974,401,2573
114000191,41,98,-57
114000192,513,2123,-1610
114000193,1182,3977,-2795
114000194,1598,1746,-148
114000195,231,42,189
114000196,5,410,-405
114000197,1373,43,1330
114000198,1315,484,831
114000199,2778,2178,600
114000200,790,2455,-1665
114000201,171,1147,-976
114000202,2747,821,1926
114000203,539,975,-436
114000204,270,578,-308
114000205,479,1974,-1495
114000206,797,1906,-1109
114000207,834,2757,-1923
114000208,585,3990,-3405
114000209,853,3235,-2382
114000210,409,2006,-1597
114000211,1268,3476,-2208
114000212,1030,980,50
114000213,1940,921,1019
114000214,127,339,-212
114000215,244,124,120
114000216,3048,847,2201
114000217,292,568,-276
114000218,157,430,-273
114000219,1656,485,1171
114000220,38,1340,-1302
114000221,1168,253,915
114000222,253,1541,-1288
114000223,613,176,437
114000224,146,858,-712
114000225,349,882,-533
114000226,164,310,-146
114000227,1004,722,282
114000228,1096,1123,-27
114000229,1406,1836,-430
114000230,2178,1778,400
114000231,1123,1759,-636
114000232,649,157,492
114000233,2249,158,2091
114000234,1475,1475,0
114000235,1405,2213,-808
114000236,0,593,-593
114000237,147,1201,-1054
114000238,676,268,408
114000239,406,1600,-1194
114000240,1111,1054,57
114000241,415,1278,-863
114000242,1255,1250,5
114000243,2710,1133,1577
114000244,2701,609,2092
114000245,537,919,-382
114000246,266,68,198
114000247,2683,913,1770
114000248,3074,766,2308
114000249,617,988,-371
114000250,580,1120,-540
114000251,488,395,93
114000252,92,132,-40
114000253,199,208,-9
114000254,54,116,-62
114000255,851,421,430
114000256,2225,2174,51
114000257,687,2037,-1350
114000258,1227,712,515
114000259,870,323,547
114000260,1,53,-52
114000261,53,47,6
114000262,959,227,732
114000263,44,9,35
114000264,1422,773,649
114000265,0,4,-4
114000267,8,4378,-4370
114000268,4,2301,-2297
114000270,114,1,113
114000271,1066,155,911
114000283,2115,775,1340
114000285,33,373,-340
114000288,84,430,-346
114000289,1333,349,984
114000293,263,624,-361
114000294,306,461,-155
114000395,3705,75,3630
114000396,610,644,-34
114000402,531,456,75
114000403,328,548,-220
114000405,170,777,-607
114000423,367,692,-325
114000424,748,329,419
114000425,660,615,45
114000426,347,1278,-931
114000427,72,138,-66
114000428,318,198,120
114000429,8,352,-344
114000432,104,148,-44
114000434,32,160,-128
114000435,6,477,-471
114000436,1450,486,964
114000437,191,1117,-926
114900001,942,1599,-657
114900002,2439,220,2219
114900003,727,2214,-1487
114900004,469,569,-100
114900005,659,1155,-496
114900006,450,94,356
114900007,485,30,455
114900008,232,179,53
114900010,3321,2463,858
114900011,264,280,-16
114900013,310,251,59
114900015,108,691,-583
114900018,1116,42,1074
114900020,215,122,93
114900022,38,906,-868
114900024,313,382,-69
114900025,831,347,484
114900026,37,193,-156
114900027,498,375,123
114900029,47,54,-7
114900030,461,336,125
114900031,382,47,335
114900032,386,37,349
114900033,1551,813,738
114900034,78,285,-207
114900035,221,415,-194
114900036,237,1014,-777
114900037,151,302,-151
114900038,215,804,-589
114900039,745,769,-24
114900040,98,238,-140
114900041,748,691,57
114900042,836,994,-158
114900043,760,427,333
114900044,378,59,319
114900046,151,254,-103
114900047,285,1970,-1685
114900048,158,381,-223
114900049,5,247,-242
114900050,47,599,-552
114900051,49,522,-473
114900052,449,303,146
114900053,583,377,206
114900054,89,254,-165
114900057,364,14,350
114900058,0,127,-127
114900059,91,65,26
114900060,1721,1108,613
114900061,117,250,-133
114900062,406,523,-117
114900063,93,342,-249
114900064,1315,692,623
114900065,377,895,-518
114900067,492,581,-89
114900068,98,175,-77
114900069,269,199,70
114900070,717,624,93
114900072,4,521,-517
114900073,5,424,-419
114900074,734,995,-261
114900075,412,12,400
114900076,15,689,-674
114900080,2516,611,1905
114900082,4759,2322,2437
114900083,2651,1564,1087
114900090,449,409,40
114900091,194,263,-69
114900095,517,190,327
114900096,547,1150,-603
114900097,109,2,107
114900098,9,381,-372
114900099,439,23,416
115000001,8272,6339,1933
115000002,4077,5151,-1074
115000003,6276,5163,1113
115000004,4469,8363,-3894
115000005,2258,3185,-927
115000006,1222,2395,-1173
115000007,125,223,-98
115000008,1342,818,524
115000009,218,301,-83
115000010,373,204,169
115000013,113,245,-132
115000015,67,371,-304
115000016,354,392,-38
115000019,132,673,-541
115000020,173,828,-655
115000021,332,725,-393
115000022,720,519,201
115000023,542,766,-224
115000024,1652,726,926
115000025,1165,860,305
115000026,216,662,-446
115000027,322,419,-97
115000028,341,1306,-965
115000029,667,199,468
115000030,1097,1484,-387
115000031,1479,609,870
115000032,15,296,-281
115000033,388,47,341
115000034,125,1629,-1504
115000035,1469,87,1382
115000036,1,544,-543
115000037,785,7,778
115000038,72,262,-190
115000039,4798,4196,602
115000040,10762,4849,5913
115000041,2666,4336,-1670
115000042,2190,1024,1166
115000043,4816,2905,1911
115000044,5019,5389,-370
115000045,3258,2704,554
115000046,2479,3256,-777
115000047,2465,2126,339
115000048,1787,3922,-2135
115000049,2159,4851,-2692
115000050,3746,3198,548
115000051,2194,4244,-2050
115000052,3358,2579,779
115000053,1922,2258,-336
115000054,881,1858,-977
115000055,221,692,-471
115000056,304,659,-355
115000057,956,960,-4
115000058,731,378,353
115000059,269,203,66
115000061,475,182,293
115000062,338,419,-81
115000063,478,529,-51
115000064,413,182,231
115000065,46,472,-426
115000067,272,39,233
115000069,105,425,-320
115000070,49,1091,-1042
115000071,193,33,160
115000072,16,103,-87
115000073,1436,74,1362
115000075,108,101,7
115000076,5448,4417,1031
115000077,4126,3550,576
115000078,1759,2054,-295
115000079,3017,2882,135
115000080,4052,3780,272
115000081,594,1491,-897
115000082,4729,4700,29
115000083,2708,3514,-806
115000084,2322,1617,705
115000085,890,1579,-689
115000086,1249,1238,11
115000087,607,2150,-1543
115000088,1945,976,969
115000089,1829,1693,136
115000090,679,1212,-533
115000091,358,1402,-1044
115000092,527,392,135
115000093,496,6,490
115000094,9381,6694,2687
115000095,6782,7459,-677
115000096,771,2489,-1718
115000097,1013,1360,-347
115000098,1171,1181,-10
115000099,3017,4054,-1037
115000100,1078,568,510
115000101,585,2280,-1695
115000102,502,390,112
115000103,349,969,-620
115000105,94,246,-152
115000106,650,356,294
115000107,261,790,-529
115000108,4765,3666,1099
115000109,6437,5267,1170
115000110,1849,1738,111
115000111,997,2678,-1681
115000112,824,860,-36
115000113,901,1184,-283
115000114,3368,1124,2244
115000116,6225,3155,3070
115000117,6006,5030,976
115000118,3060,2449,611
115000119,2970,3554,-584
115000120,840,1559,-719
115000121,2227,1300,927
115000122,6293,2787,3506
115000123,2703,3168,-465
115000124,1536,1280,256
115000125,704,832,-128
115000126,246,344,-98
115000127,533,186,347
115000128,791,996,-205
115000129,314,491,-177
115000130,629,1281,-652
115000131,986,435,551
115000132,438,602,-164
115000133,922,475,447
115000134,1112,520,592
115000135,1228,331,897
115000136,662,412,250
115000137,336,376,-40
115000138,368,389,-21
115000139,332,364,-32
115000140,374,372,2
115000141,234,388,-154
115000142,250,364,-114
115000143,799,848,-49
115000144,553,120,433
115000145,239,467,-228
115000146,1176,445,731
115000147,1009,765,244
115000148,319,1575,-1256
115000149,690,357,333
115000150,863,1408,-545
115000151,1311,1192,119
115000152,949,1866,-917
115000153,1442,1483,-41
115000154,843,673,170
115000155,795,1390,-595
115000156,1296,1035,261
115000157,920,1059,-139
115000158,1024,514,510
115000159,1114,755,359
115000160,1113,969,144
115000161,638,712,-74
115000162,945,1119,-174
115000163,735,832,-97
115000164,870,724,146
115000165,532,572,-40
115000167,233,152,81
115000168,822,498,324
115000169,851,435,416
115000170,238,160,78
115000171,449,270,179
115000172,1863,967,896
115000173,465,624,-159
115000174,303,407,-104
115000175,295,161,134
115000176,285,159,126
115000177,170,225,-55
115000178,40,419,-379
115000179,89,55,34
115000180,151,935,-784
115000181,654,234,420
115000182,1091,510,581
115000183,385,1191,-806
115000186,872,410,462
115000187,243,1051,-808
115000188,609,617,-8
115000189,255,566,-311
115000190,965,490,475
115000191,352,729,-377
115000194,244,358,-114
115000195,489,442,47
115000196,384,146,238
115000197,597,370,227
115000198,419,252,167
115000199,441,302,139
115000200,630,142,488
115000201,253,492,-239
115000206,916,128,788
115000207,162,399,-237
115000208,714,952,-238
115000209,1998,586,1412
115000210,218,252,-34
115000211,524,323,201
115000212,1670,385,1285
115000224,547,83,464
115000225,68,138,-70
115000229,278,192,86
115000230,108,614,-506
115000231,324,2502,-2178
115000232,1653,383,1270
115000233,327,276,51
115000234,41,412,-371
115000241,120,372,-252
115000242,128,509,-381
115000243,54,339,-285
115000244,9,135,-126
115000246,40,58,-18
115000247,92,40,52
115000248,32,38,-6
115000249,61,47,14
115000250,279,69,210
115000251,339,256,83
115000252,148,401,-253
115000253,40,614,-574
115000258,349,407,-58
115000259,611,238,373
115000261,20,36,-16
115000262,27,28,-1
115000263,26,53,-27
115000264,35,58,-23
115000267,80,89,-9
115000268,38,152,-114
115000269,162,73,89
115000270,10,24,-14
115000272,86,214,-128
115000273,512,53,459
115000280,2241,217,2024
115000281,570,801,-231
115000282,1843,1214,629
115000284,437,191,246
115000296,1462,10,1452
115000297,223,151,72
115000298,87,546,-459
115000300,275,280,-5
115000302,860,245,615
115000303,883,216,667
115000304,931,115,816
115000305,120,1165,-1045
115000306,290,560,-270
115000307,235,255,-20
115000308,76,30,46
115000309,13,44,-31
115000310,1132,1455,-323
115000311,930,1681,-751
115000313,151,956,-805
115000314,525,166,359
115000315,1253,651,602
115000316,99,151,-52
115000317,297,624,-327
115000318,1010,522,488
115000319,116,422,-306
115000320,14,465,-451
115000321,584,21,563
115000322,80,288,-208
115000449,418,197,221
115000557,3,1433,-1430
115000558,595,131,464
115000587,616,907,-291
115000588,3083,3803,-720
115000589,4521,3108,1413
115000590,1679,1724,-45
115000591,2903,914,1989
115000592,876,2229,-1353
115000593,1687,804,883
115000594,1219,2774,-1555
115000609,145,321,-176
115000617,2982,4380,-1398
115000624,282,146,136
115000633,549,3068,-2519
115000634,3160,1086,2074
115000635,678,183,495
115000638,1264,1083,181
115000641,65,192,-127
115000642,482,537,-55
115000643,150,826,-676
115000644,162,748,-586
115000646,1310,2075,-765
115000647,249,679,-430
115000648,2080,2865,-785
115000893,4136,1700,2436
115000894,271,1475,-1204
115000895,533,996,-463
115000896,1615,428,1187
115000897,684,234,450
115000898,925,336,589
115000899,805,1415,-610
115000900,127,500,-373
115000901,116,201,-85
115000912,479,177,302
115000913,9,30,-21
115000915,37,3,34
115000916,15,0,15
115000917,0,10,-10
115000918,100,473,-373
115000919,7,24,-17
115000920,62,52,10
115000921,952,151,801
115000922,1328,853,475
115000923,674,1165,-491
115000925,134,89,45
115000927,48,121,-73
115000933,293,247,46
115000934,184,327,-143
115000935,119,163,-44
115000936,64,745,-681
115000937,1062,221,841
115000938,74,208,-134
115000939,99,210,-111
115900001,86,61,25
115900002,97,196,-99
115900003,239,166,73
115900004,2,78,-76
115900005,166,12,154
115900006,191,364,-173
115900008,47,24,23
115900009,83,371,-288
115900010,345,215,130
115900011,747,412,335
115900012,158,120,38
115900013,545,235,310
115900014,175,279,-104
115900015,227,96,131
115900016,194,39,155
115900017,28,25,3
115900018,271,135,136
115900019,403,16,387
115900020,51,1,50
115900021,1834,218,1616
115900022,2067,18,2049
115900023,99,23,76
115900025,88,341,-253
115900026,1027,384,643
115900027,3,403,-400
115900028,987,111,876
115900029,38,628,-590
115900030,30,46,-16
115900031,418,399,19
115900032,748,1039,-291
115900033,0,63,-63
115900034,57,682,-625
115900035,34,30,4
115900036,199,795,-596
115900037,81,540,-459
115900038,52,22,30
115900039,270,305,-35
115900041,718,738,-20
115900042,30,10,20
115900043,140,157,-17
115900044,597,365,232
115900046,311,454,-143
115900047,203,178,25
115900049,182,355,-173
115900051,3,65,-62
115900052,11,295,-284
115900053,247,388,-141
115900054,232,88,144
115900055,22,160,-138
115900056,311,502,-191
115900057,35,30,5
115900058,43,76,-33
115900060,290,294,-4
115900061,178,1,177
115900062,33,374,-341
115900063,116,13,103
115900064,227,272,-45
115900065,146,229,-83
115900066,290,248,42
115900067,13,983,-970
115900068,4215,1271,2944
115900069,168,203,-35
115900070,257,378,-121
115900071,0,580,-580
115900072,69,284,-215
115900073,86,92,-6
115900074,6,389,-383
115900075,94,309,-215
115900076,8,119,-111
115900077,5,377,-372
115900078,329,187,142
115900079,179,24,155
115900080,735,395,340
115900081,23,90,-67
115900082,234,245,-11
115900084,456,32,424
115900085,70,83,-13
115900086,2000,953,1047
115900088,12,62,-50
115900089,379,921,-542
115900090,340,42,298
115900091,33,54,-21
115900092,44,253,-209
115900093,17,60,-43
115900094,6,465,-459
115900096,15,17,-2
115900097,3,570,-567
115900098,158,526,-368
115900099,438,120,318
115900100,17,735,-718
115900101,141,349,-208
115900102,163,133,30
115900103,397,256,141
115900104,79,209,-130
115900105,312,811,-499
115900106,72,72,0
115900107,249,273,-24
115900108,153,154,-1
115900109,71,652,-581
115900110,2,57,-55
115900111,4,116,-112
115900112,48,1257,-1209
115900113,52,136,-84
115900114,10,233,-223
115900115,131,372,-241
115900116,147,1241,-1094
115900117,45,64,-19
115900118,7,390,-383
115900119,204,263,-59
115900120,28,466,-438
115900121,159,481,-322
115900124,653,893,-240
115900125,313,75,238
115900126,695,134,561
115900127,756,94,662
115900128,17,148,-131
115900129,986,77,909
115900130,34,284,-250
115900131,1030,43,987
115900132,754,8,746
115900134,456,13,443
115900135,574,1500,-926
115900137,46,1,45
115900139,72,59,13
115900140,320,50,270
115900141,14,50,-36
115900142,12,23,-11
115900143,351,336,15
115900144,88,261,-173
115900146,55,185,-130
115900147,513,302,211
115900148,99,6,93
115900149,105,30,75
115900150,89,45,44
115900151,28,126,-98
115900152,170,482,-312
115900153,125,281,-156
115900154,694,473,221
115900155,1,85,-84
115900156,816,1267,-451
115900157,231,739,-508
115900158,35,12,23
115900159,144,395,-251
115900160,25,11,14
115900161,282,288,-6
115900163,188,212,-24
115900164,580,117,463
115900165,4,191,-187
115900166,284,237,47
115900168,117,307,-190
115900171,131,552,-421
115900172,77,209,-132
115900173,274,243,31
115900174,326,302,24
115900175,155,375,-220
115900178,15,845,-830
115900179,276,23,253
115900180,81,297,-216
115900181,221,400,-179
115900182,463,409,54
115900183,83,37,46
115900184,2383,13,2370
115900187,13,128,-115
115900189,1,353,-352
115900190,542,1426,-884
115900191,93,580,-487
115900192,15,140,-125
115900193,890,211,679
115900194,864,102,762
115900195,1004,2440,-1436
115900198,238,531,-293
115900199,219,388,-169
115900200,333,751,-418
115900201,617,575,42
115900202,2,72,-70
115900203,12,10,2
115900204,5,11,-6
115900205,167,25,142
115900206,259,281,-22
115900207,54,71,-17
115900208,223,281,-58
115900209,8,212,-204
115900210,9,206,-197
115900211,8,292,-284
115900212,187,592,-405
115900213,265,92,173
115900214,449,469,-20
115900215,34,154,-120
115900216,74,157,-83
115900217,130,66,64
115900218,6,56,-50
115900219,91,7,84
115900220,166,37,129
115900221,73,24,49
115900222,56,55,1
115900223,12,360,-348
115900224,2069,1433,636
115900225,89,62,27
115900226,36,50,-14
115900227,19,47,-28
115900228,10,60,-50
115900229,7,73,-66
115900230,80,224,-144
115900231,132,9,123
115900232,87,6,81
115900233,137,37,100
115900234,93,30,63
115900235,53,39,14
115900236,311,38,273
115900237,147,50,97
115900238,299,41,258
115900239,26,42,-16
115900240,9,72,-63
115900241,261,265,-4
115900242,251,440,-189
115900243,13,10,3
115900244,19,7,12
115900245,117,22,95
115900246,64,5,59
115900247,81,6,75
115900248,15,3,12
115900249,5,23,-18
115900250,8,34,-26
115900251,1,31,-30
115900252,5,6,-1
115900253,17,42,-25
115900254,9,24,-15
115900255,5,34,-29
115900256,24,20,4
115900257,3,16,-13
115900258,0,2,-2
115900259,3,8,-5
115900260,11,0,11
115900261,23,1,22
115900262,5,1,4
115900263,6,3,3
115900264,12,10,2
115900265,4,8,-4
115900266,3,5,-2
115900267,13,18,-5
115900268,9,8,1
115900269,561,871,-310
115900270,470,594,-124
115900271,97,2,95
115900272,23,4,19
115900273,5,26,-21
115900274,0,14,-14
115900275,0,36,-36
115900276,0,51,-51
115900277,0,96,-96
115900278,54,137,-83
115900279,40,185,-145
115900280,28,440,-412
115900281,572,289,283
115900282,22,14,8
115900283,6,28,-22
115900284,19,14,5
116000001,18018,7008,11010
116000002,6187,13391,-7204
116000003,2224,2542,-318
116000004,2826,4403,-1577
116000005,5765,4630,1135
116000006,4076,2890,1186
116000007,6089,5866,223
116000008,8971,2825,6146
116000009,3025,3906,-881
116000010,2656,1963,693
116000011,1439,2670,-1231
116000012,2041,1460,581
116000013,13563,5958,7605
116000014,17625,12699,4926
116000015,662,1582,-920
116000016,9432,4478,4954
116000017,25,989,-964
116000018,1053,495,558
116000019,1131,365,766
116000020,668,1227,-559
116000021,585,357,228
116000022,461,492,-31
116000023,1269,939,330
116000024,989,1182,-193
116000025,1023,1041,-18
116000026,2480,3513,-1033
116000027,1055,699,356
116000028,474,1049,-575
116000029,1078,1016,62
116000030,1031,647,384
116000031,247,472,-225
116000032,558,273,285
116000033,411,638,-227
116000034,829,1228,-399
116000035,435,919,-484
116000036,2101,1214,887
116000037,852,640,212
116000038,696,481,215
116000039,719,417,302
116000040,1148,386,762
116000041,322,553,-231
116000042,814,292,522
116000043,142,771,-629
116000044,51,87,-36
116000045,2158,1569,589
116000046,1492,1766,-274
116000047,2331,2883,-552
116000048,2624,2240,384
116000049,1515,3205,-1690
116000050,1855,1933,-78
116000051,7111,2987,4124
116000052,7158,6553,605
116000053,2252,1271,981
116000054,843,3448,-2605
116000055,805,1525,-720
116000056,1175,1494,-319
116000057,3954,2463,1491
116000058,4128,3238,890
116000059,3631,5640,-2009
116000060,3345,1215,2130
116000061,873,1302,-429
116000062,993,328,665
116000063,796,1380,-584
116000066,352,674,-322
116000067,396,783,-387
116000068,257,381,-124
116000069,338,580,-242
116000078,635,1437,-802
116000080,2705,1752,953
116000082,12,134,-122
116000083,1840,668,1172
116000084,3374,5679,-2305
116000085,3167,2500,667
116000086,2712,1831,881
116000087,2308,2132,176
116000088,1004,1763,-759
116000089,271,169,102
116000090,172,217,-45
116000091,1018,434,584
116000093,1032,681,351
116000094,899,1062,-163
116000095,1107,788,319
116000096,992,2577,-1585
116000097,2839,1094,1745
116000098,221,10370,-10149
116000099,10042,458,9584
116000100,252,33,219
116000101,1455,1591,-136
116000102,358,2062,-1704
116000103,826,427,399
116000104,495,2064,-1569
116000105,1145,252,893
116000106,2456,1556,900
116000107,6515,595,5920
116000108,2412,298,2114
116000111,166,62,104
116000113,180,144,36
116000114,71,268,-197
116000115,445,188,257
116000116,473,1000,-527
116000117,1699,2515,-816
116000118,1868,2103,-235
116000119,3472,2497,975
116000120,3526,6736,-3210
116000121,1077,700,377
116000122,1691,2759,-1068
116000123,1158,723,435
116000124,527,1646,-1119
116000125,3757,1181,2576
116000126,597,2253,-1656
116000127,1371,1920,-549
116000128,1878,1276,602
116000129,2342,291,2051
116000130,566,638,-72
116000133,1073,1203,-130
116000134,2203,3584,-1381
116000135,2567,2015,552
116000136,1679,3142,-1463
116000137,1302,981,321
116000138,1201,783,418
116000139,2564,2668,-104
116000140,239,299,-60
116000141,424,1064,-640
116000142,4736,3954,782
116000143,2279,2230,49
116000144,2025,3441,-1416
116000145,2128,1828,300
116000146,686,311,375
116000147,316,162,154
116000148,557,727,-170
116000149,906,822,84
116000151,1150,856,294
116000153,124,594,-470
116000155,336,404,-68
116000156,865,1697,-832
116000157,82,44,38
116000158,440,511,-71
116000159,26,25,1
116000160,39,147,-108
116000161,14,122,-108
116000162,127,89,38
116000163,31,13,18
116000164,14,28,-14
116000177,2289,158,2131
116000194,130,701,-571
116000195,2049,1114,935
116000196,5,2,3
116000197,1,5,-4
116000198,3386,1402,1984
116000200,904,512,392
116000201,825,864,-39
116000202,20,456,-436
116000203,4,136,-132
116000204,18,81,-63
116000205,0,309,-309
116000206,1,159,-158
116000207,17,64,-47
116000233,293,729,-436
116000287,313,698,-385
116000288,272,344,-72
116000292,58,82,-24
116000296,28,463,-435
116000297,212,33,179
116000304,360,59,301
116000305,33,126,-93
116000346,138,139,-1
116000352,112,132,-20
116000354,58,56,2
116000357,37,127,-90
116000358,521,51,470
116000361,140,3,137
116000372,8184,4479,3705
116000381,106,2,104
116000388,1,80,-79
116000389,1222,704,518
116000445,354,899,-545
116000446,641,1057,-416
116000447,25,713,-688
116000448,812,312,500
116000563,1325,956,369
116000565,90,758,-668
116000568,94,341,-247
116000579,51,207,-156
116000584,23,22,1
116000585,39,20,19
116000586,139,167,-28
116000587,694,869,-175
116000589,41,100,-59
116000590,112,194,-82
116000591,242,364,-122
116000592,18,157,-139
116000593,0,29,-29
116000594,627,786,-159
116000595,876,297,579
116000596,137,10,127
116000597,465,187,278
116000598,22,385,-363
116000602,93,453,-360
116000605,775,198,577
116000606,160,513,-353
116000607,6,21,-15
116000609,281,959,-678
116000611,160,818,-658
116000612,915,2405,-1490
116000613,706,478,228
116000614,593,897,-304
116000615,6,395,-389
116000616,67,144,-77
116000617,78,97,-19
116000618,3,116,-113
116000619,193,133,60
116000620,110,95,15
116000621,62,145,-83
116000622,45,215,-170
116000624,461,181,280
116000627,79,58,21
116000628,129,665,-536
116000629,47,640,-593
116000630,565,83,482
116000631,324,102,222
116000632,640,482,158
116000633,100,534,-434
116000634,600,65,535
116000635,3734,2437,1297
116000636,1123,1368,-245
116000637,653,32,621
116000638,54,650,-596
116900001,295,246,49
116900002,483,7,476
116900003,23,112,-89
116900004,74,85,-11
116900005,310,89,221
116900006,254,273,-19
116900007,199,319,-120
116900008,505,477,28
116900009,15,11,4
116900010,6,2204,-2198
116900011,35,61,-26
116900012,611,292,319
116900013,13,242,-229
116900014,106,435,-329
116900015,366,85,281
116900016,265,4,261
116900017,4,969,-965
116900018,79,79,0
116900019,14,517,-503
116900020,1845,1474,371
116900023,316,25,291
116900024,818,85,733
116900025,1482,1349,133
116900026,277,893,-616
116900027,45,88,-43
116900028,14,168,-154
116900029,0,95,-95
116900031,6,14,-8
116900032,9,481,-472
116900033,15,16,-1
116900034,28,103,-75
116900035,218,274,-56
116900036,10,137,-127
116900038,160,6,154
116900041,60,29,31
116900042,973,351,622
116900043,34,103,-69
116900047,64,154,-90
116900049,58,531,-473
116900050,172,738,-566
116900051,139,295,-156
116900052,297,123,174
116900055,1,9,-8
116900057,26,409,-383
116900058,45,538,-493
116900059,6,235,-229
116900060,198,300,-102
116900062,2,28,-26
116900064,113,1088,-975
116900065,76,211,-135
116900067,150,203,-53
116900068,206,328,-122
116900070,2,17,-15
116900072,31,561,-530
116900073,23,220,-197
116900074,11,60,-49
116900076,19,51,-32
116900077,12,206,-194
116900078,336,201,135
116900079,58,405,-347
116900080,13,35,-22
116900081,564,1617,-1053
116900082,657,1209,-552
116900083,89,90,-1
116900084,201,49,152
116900085,62,202,-140
116900086,90,253,-163
116900088,682,204,478
116900090,252,108,144
116900091,501,59,442
116900092,88,950,-862
116900093,2207,2261,-54
116900094,6247,4087,2160
116900095,239,149,90
116900096,118,470,-352
116900097,4642,3560,1082
116900098,933,324,609
116900099,1257,833,424
116900100,971,57,914
116900101,460,723,-263
116900103,12,3,9
116900104,175,143,32
116900105,303,174,129
116900106,2309,418,1891
116900107,5439,3218,2221
116900110,14,0,14
116900111,536,1202,-666
116900112,331,1593,-1262
116900113,2925,2388,537
116900116,182,501,-319
116900117,364,179,185
116900118,910,848,62
116900120,414,149,265
116900121,500,45,455
116900122,1244,1126,118
116900123,176,996,-820
116900124,461,1300,-839
116900125,400,334,66
116900126,321,707,-386
116900128,0,70,-70
116900129,3,446,-443
116900130,984,4067,-3083
116900131,157,471,-314
116900132,78,167,-89
116900133,204,190,14
116900134,403,333,70
116900136,573,254,319
116900137,405,185,220
116900138,261,210,51
116900139,150,490,-340
116900140,205,208,-3
116900141,1024,583,441
116900142,5,83,-78
116900143,322,469,-147
116900144,22,115,-93
116900145,112,330,-218
116900147,636,487,149
116900148,17,52,-35
116900149,80,252,-172
116900150,20,17,3
116900151,64,13,51
116900153,128,113,15
116900154,811,842,-31
116900155,224,114,110
116900157,522,482,40
116900158,385,369,16
116900159,96,366,-270
116900160,1236,730,506
116900161,8783,6178,2605
116900162,16,181,-165
116900163,189,265,-76
116900164,345,101,244
116900165,302,256,46
116900166,36,102,-66
116900167,518,128,390
116900168,391,125,266
116900169,783,464,319
116900170,329,790,-461
116900171,71,256,-185
116900172,339,384,-45
116900173,208,64,144
116900174,127,59,68
116900175,206,230,-24
116900178,46,228,-182
116900179,168,389,-221
116900180,141,22,119
116900182,426,505,-79
116900183,243,180,63
116900185,52,70,-18
116900186,99,436,-337
116900187,113,82,31
116900188,194,48,146
116900189,299,8,291
116900191,453,1029,-576
116900192,332,208,124
116900194,196,1424,-1228
116900195,69,31,38
116900196,24,153,-129
116900197,115,41,74
116900198,278,299,-21
116900200,61,40,21
116900201,116,13,103
116900202,183,75,108
116900203,186,34,152
116900204,44,165,-121
116900206,21,37,-16
116900207,39,61,-22
116900208,25,250,-225
116900209,24,134,-110
116900210,543,374,169
116900211,400,6,394
116900212,81,132,-51
116900213,275,230,45
116900214,244,257,-13
116900215,96,94,2
116900216,562,386,176
116900218,67,353,-286
116900219,1934,591,1343
116900220,117,300,-183
116900221,101,524,-423
116900222,471,474,-3
116900223,134,418,-284
116900226,78,111,-33
116900227,201,104,97
116900228,469,362,107
116900230,71,384,-313
116900231,45,527,-482
116900232,7,614,-607
116900233,323,181,142
116900234,29,21,8
116900235,230,418,-188
116900238,1995,497,1498
116900239,55,1348,-1293
116900240,8532,4894,3638
116900241,112,302,-190
116900242,446,630,-184
116900243,6,151,-145
116900245,31,44,-13
116900246,167,21,146
116900247,1300,73,1227
116900248,113,50,63
116900249,364,161,203
116900250,773,113,660
116900251,727,628,99
116900252,297,1321,-1024
116900253,165,126,39
116900254,49,196,-147
116900255,114,98,16
116900256,482,101,381
116900257,49,665,-616
116900258,5,457,-452
116900259,479,24,455
116900260,4,175,-171
116900261,91,6,85
116900262,352,283,69
116900263,0,11,-11
116900264,1,3,-2
116900265,48,1,47
116900266,16,70,-54
116900267,4,3,1
116900268,281,95,186
116900269,414,845,-431
116900271,2515,251,2264
116900272,518,483,35
116900273,186,74,112
116900274,153,158,-5
116900275,232,210,22
116900276,1032,178,854
116900277,887,34,853
116900278,6,13,-7
116900279,4,31,-27
116900280,29,86,-57
116900281,9353,4862,4491
116900282,7,168,-161
116900283,30,152,-122
116900284,31,315,-284
116900285,468,212,256
116900286,319,45,274
116900287,7,110,-103
116900288,89,186,-97
116900289,18,37,-19
116900290,4,56,-52
116900291,22,12,10
116900292,0,16,-16
116900293,51,100,-49
116900294,47,213,-166
116900295,249,71,178
116900296,143,65,78
116900297,17,89,-72
116900298,121,43,78
116900299,112,37,75
116900300,8,121,-113
116900301,95,103,-8
116900302,105,55,50
116900303,457,117,340
116900304,0,162,-162
116900305,9,89,-80
116900306,237,134,103
117000001,2189,2160,29
117000002,2661,6293,-3632
117000003,8434,4532,3902
117000004,5228,6856,-1628
117000005,2493,2419,74
117000006,1692,4765,-3073
117000007,4534,1771,2763
117000008,1480,5415,-3935
117000009,7124,2654,4470
117000010,3855,5675,-1820
117000011,3435,2253,1182
117000012,1903,1873,30
117000013,2360,1271,1089
117000014,1774,3070,-1296
117000015,3872,1836,2036
117000016,348,95,253
117000017,497,135,362
117000018,252,787,-535
117000019,125,5,120
117000020,530,1746,-1216
117000021,2476,478,1998
117000022,499,109,390
117000023,391,176,215
117000024,538,219,319
117000025,629,1057,-428
117000026,3126,1194,1932
117000027,3961,4904,-943
117000028,6238,1927,4311
117000030,862,642,220
117000031,537,319,218
117000032,2334,1575,759
117000033,1835,1131,704
117000034,615,496,119
117000035,480,386,94
117000036,579,436,143
117000037,361,281,80
117000038,301,766,-465
117000039,516,355,161
117000040,282,1545,-1263
117000041,975,231,744
117000044,28,1103,-1075
117000045,474,113,361
117000046,565,940,-375
117000047,929,724,205
117000048,2824,1524,1300
117000049,222,653,-431
117000050,240,3105,-2865
117000051,3035,205,2830
117000052,64,525,-461
117000053,568,69,499
117000054,2300,35,2265
117000055,36,4396,-4360
117000056,872,55,817
117000057,889,3317,-2428
117000060,676,2230,-1554
117000061,1964,1304,660
117000062,375,947,-572
117000063,2434,1056,1378
117000064,1099,1126,-27
117000066,1730,1257,473
117000067,151,621,-470
117000074,359,264,95
117000076,253,62,191
117000077,294,231,63
117000078,152,1087,-935
117000079,877,256,621
117000080,2,424,-422
117000081,1779,132,1647
117000082,24,107,-83
117000083,156,20,136
117000084,449,2,447
117000085,523,1035,-512
117000086,1737,652,1085
117000087,141,688,-547
117000088,410,286,124
117000089,1773,440,1333
117000090,300,1803,-1503
117000091,990,492,498
117000092,583,1954,-1371
117000093,1204,1125,79
117000094,1739,3878,-2139
117000095,3978,1533,2445
117000096,854,3327,-2473
117000097,1695,1929,-234
117000098,3449,6745,-3296
117000099,3837,1811,2026
117000100,202,473,-271
117000101,286,1681,-1395
117000102,1702,984,718
117000103,901,2651,-1750
117000104,1514,956,558
117000105,1026,2518,-1492
117000106,1323,1354,-31
117000107,1123,2713,-1590
117000108,1865,1242,623
117000109,2267,3763,-1496
117000110,1640,1208,432
117000111,4964,6016,-1052
117000112,4454,2622,1832
117000113,712,438,274
117000114,384,287,97
117000115,263,213,50
117000116,281,463,-182
117000117,2313,1382,931
117000118,332,203,129
117000119,916,185,731
117000120,388,539,-151
117000121,222,1317,-1095
117000122,465,944,-479
117000123,2070,91,1979
117000124,1220,73,1147
117000125,477,129,348
117000126,65,24,41
117000127,178,405,-227
117000128,592,947,-355
117000129,505,631,-126
117000130,162,2,160
117000131,0,78,-78
117000132,6069,62,6007
117000133,1493,265,1228
117000134,0,63,-63
117000135,2,44,-42
117000136,4,49,-45
117000137,121,152,-31
117000138,6,832,-826
117000140,640,2083,-1443
117000141,1729,799,930
117000181,991,597,394
117000182,411,910,-499
117000195,331,1585,-1254
117000196,471,140,331
117000225,154,44,110
117000226,12,110,-98
117000276,303,28,275
117000277,3,592,-589
117000310,2360,3245,-885
117000315,73,1100,-1027
117000320,61,0,61
117000906,349,9,340
117000907,26,452,-426
117000908,42,30,12
117000909,56,53,3
117000910,314,226,88
117000911,142,287,-145
117000915,12,818,-806
117000916,16,8,8
117000917,1118,77,1041
117000918,93,142,-49
117000919,10,190,-180
117000920,6,2026,-2020
117000921,3,1919,-1916
117000922,82,144,-62
117000924,421,964,-543
117000926,1363,110,1253
117000927,2904,1061,1843
117000928,0,240,-240
117000929,252,593,-341
117000930,180,16,164
117000931,951,218,733
117900002,138,514,-376
117900003,1011,611,400
117900005,6,32,-26
117900006,1,44,-43
117900007,216,124,92
117900008,0,43,-43
117900010,330,128,202
117900011,63,59,4
117900012,99,140,-41
117900013,1,321,-320
117900014,480,200,280
117900015,11,106,-95
117900016,1972,1148,824
117900017,1669,453,1216
117900018,210,143,67
117900019,469,453,16
117900020,110,466,-356
117900021,41,94,-53
117900022,47,34,13
117900023,881,388,493
117900024,46,95,-49
117900025,72,25,47
117900026,554,374,180
117900028,64,5,59
117900029,331,888,-557
117900030,519,356,163
117900031,407,139,268
117900032,1725,656,1069
117900033,257,740,-483
117900034,66,57,9
117900035,988,133,855
117900036,346,547,-201
117900037,160,376,-216
117900038,45,507,-462
117900039,7,101,-94
117900040,181,679,-498
117900041,5,77,-72
117900042,5878,566,5312
117900043,43,85,-42
117900044,43,4518,-4475
117900045,254,217,37
117900048,272,437,-165
117900049,274,602,-328
117900050,6,42,-36
117900051,48,4,44
117900052,78,427,-349
117900053,1694,1047,647
117900054,1,47,-46
117900055,227,313,-86
117900056,560,84,476
117900057,1571,2366,-795
117900058,161,35,126
117900059,445,147,298
117900060,3086,8815,-5729
117900061,26,196,-170
117900063,457,270,187
117900065,2352,1981,371
117900066,19,75,-56
117900067,393,303,90
117900069,750,390,360
117900070,287,33,254
117900071,94,222,-128
117900073,472,424,48
117900074,250,36,214
117900075,76,140,-64
117900076,16,85,-69
117900077,476,412,64
117900078,478,1071,-593
117900080,142,100,42
117900081,804,603,201
117900082,570,500,70
117900083,342,596,-254
117900086,151,41,110
117900087,243,227,16
117900088,4548,2689,1859
117900089,2394,922,1472
117900090,652,772,-120
117900091,160,263,-103
117900092,81,89,-8
117900093,135,276,-141
117900094,81,25,56
117900095,307,467,-160
117900096,112,402,-290
117900097,315,345,-30
117900098,62,9,53
117900099,217,273,-56
117900100,244,15,229
117900101,621,2380,-1759
117900102,57,207,-150
117900103,172,2,170
117900104,34,140,-106
117900105,203,305,-102
117900106,117,111,6
117900107,59,0,59
117900109,645,561,84
117900110,471,17,454
117900111,669,28,641
117900112,91,43,48
117900113,5236,2330,2906
117900114,37,0,37
117900115,421,70,351
117900116,1309,1169,140
117900117,616,586,30
117900118,175,1,174
117900119,137,344,-207
117900120,261,118,143
117900121,231,41,190
117900122,2546,4865,-2319
117900123,820,527,293
117900124,2236,1166,1070
117900125,2329,2455,-126
117900126,329,824,-495
117900127,468,694,-226
117900128,424,1008,-584
117900129,232,2,230
117900130,3643,555,3088
117900131,4,214,-210
117900132,13,185,-172
117900133,16,221,-205
117900134,90,352,-262
117900135,36,338,-302
117900136,0,72,-72
117900137,99,496,-397
117900138,0,63,-63
117900139,113,194,-81
117900140,4565,431,4134
117900141,243,295,-52
117900142,246,19,227
117900144,120,163,-43
117900145,54,26,28
117900146,204,160,44
117900147,68,90,-22
117900148,3372,1952,1420
117900149,231,369,-138
117900150,90,73,17
117900151,51,126,-75
117900152,134,72,62
117900153,18,152,-134
117900154,527,854,-327
117900156,1277,1171,106
117900157,180,760,-580
117900158,308,376,-68
117900160,741,854,-113
117900161,3970,3226,744
117900162,422,484,-62
117900163,208,83,125
117900165,0,18,-18
117900166,169,581,-412
117900168,61,366,-305
117900169,1,219,-218
117900170,5,52,-47
117900171,3,37,-34
117900172,15,81,-66
117900173,243,127,116
117900174,84,115,-31
117900175,6,79,-73
117900176,18,57,-39
117900177,22,83,-61
117900178,323,74,249
117900180,385,164,221
117900181,247,575,-328
117900182,9,61,-52
117900183,90,298,-208
117900184,119,103,16
117900185,47,90,-43
117900186,65,27,38
117900187,31,16,15
117900188,382,103,279
117900189,165,76,89
117900190,51,7,44
117900191,129,1,128
117900192,439,2,437
117900193,21,216,-195
117900194,12,10,2
117900195,204,127,77
117900196,23,76,-53
117900207,288,208,80
117900208,49,60,-11
117900209,201,346,-145
117900210,179,296,-117
117900211,37,298,-261
117900212,159,286,-127
117900213,32,37,-5
117900214,4,53,-49
117900215,21,50,-29
117900216,44,25,19
117900217,184,390,-206
117900218,184,223,-39
117900219,12,131,-119
117900220,164,63,101
117900222,288,464,-176
117900223,172,373,-201
118000001,1279,891,388
118000002,1359,2931,-1572
118000003,2926,3062,-136
118000004,3834,3408,426
118000005,7684,6249,1435
118000006,10025,12288,-2263
118000007,8862,4884,3978
118000008,7860,5379,2481
118000009,3085,5256,-2171
118000010,8299,6628,1671
118000011,1952,3836,-1884
118000012,1898,3588,-1690
118000013,4630,3639,991
118000014,4200,4514,-314
118000016,233,587,-354
118000017,521,532,-11
118000018,714,744,-30
118000019,4172,2045,2127
118000020,2919,3935,-1016
118000021,1184,3712,-2528
118000022,2756,1074,1682
118000023,1537,319,1218
118000024,3242,1344,1898
118000027,23390,14382,9008
118000029,1616,834,782
118000032,1999,4080,-2081
118000033,4182,5738,-1556
118000034,8147,3494,4653
118000035,2421,3281,-860
118000036,1587,1366,221
118000037,983,1237,-254
118000038,200,157,43
118000039,95,453,-358
118000040,2229,1694,535
118000041,2835,2151,684
118000045,754,287,467
118000046,2253,733,1520
118000047,1655,880,775
118000048,4272,2123,2149
118000051,4189,2225,1964
118000052,3363,1005,2358
118000053,905,1539,-634
118000054,4122,3341,781
118000055,2759,3011,-252
118000056,1953,579,1374
118000057,689,574,115
118000058,4339,1934,2405
118000059,2855,1272,1583
118000060,1455,908,547
118000061,2946,2463,483
118000062,809,433,376
118000063,498,811,-313
118000064,962,1728,-766
118000065,5343,2495,2848
118000066,1033,1941,-908
118000067,1575,1272,303
118000068,2237,5846,-3609
118000069,5199,1682,3517
118000070,7449,2419,5030
118000071,4746,9393,-4647
118000072,2512,1652,860
118000073,3637,847,2790
118000074,972,762,210
118000075,2059,475,1584
118000076,1689,2975,-1286
118000077,1728,1782,-54
118000078,2320,2550,-230
118000079,513,633,-120
118000080,1521,1179,342
118000081,2066,1336,730
118000082,407,1510,-1103
118000083,2501,2136,365
118000084,4303,2292,2011
118000086,449,995,-546
118000087,6575,3380,3195
118000088,2536,2409,127
118000089,4432,3491,941
118000090,4327,3745,582
118000091,1854,2832,-978
118000092,1526,698,828
118000093,154,948,-794
118000096,611,905,-294
118000097,1113,829,284
118000098,378,261,117
118000099,697,1091,-394
118000101,1474,471,1003
118000102,448,1825,-1377
118000107,2814,783,2031
118000108,965,2609,-1644
118000110,0,27,-27
118000111,5,483,-478
118000112,539,3,536
118000113,4,883,-879
118000114,563,26,537
118000115,21,18,3
118000116,48,0,48
118000117,1415,1179,236
118000118,1172,1007,165
118000119,1398,1358,40
118000120,2229,1734,495
118000121,127,825,-698
118000122,1793,475,1318
118000123,108,276,-168
118000125,2444,1441,1003
118000126,1196,2100,-904
118000127,2624,851,1773
118000128,1182,1677,-495
118000129,1593,617,976
118000130,4179,6237,-2058
118000131,1216,1300,-84
118000132,3323,2309,1014
118000133,1014,586,428
118000135,935,548,387
118000136,186,606,-420
118000137,919,125,794
118000138,736,868,-132
118000139,452,127,325
118000140,5030,5425,-395
118000141,2685,2603,82
118000142,2158,2294,-136
118000143,2861,1615,1246
118000144,2764,1308,1456
118000145,2844,3226,-382
118000146,1515,1434,81
118000147,1386,2261,-875
118000148,962,1725,-763
118000149,1009,1268,-259
118000150,633,291,342
118000151,675,589,86
118000153,1687,1591,96
118000154,1756,2025,-269
118000155,1409,1701,-292
118000156,3376,3278,98
118000157,758,553,205
118000158,249,607,-358
118000159,39,127,-88
118000160,540,560,-20
118000161,644,1284,-640
118000162,2237,1167,1070
118000163,1218,1071,147
118000164,2666,2002,664
118000168,2021,729,1292
118000169,1565,1794,-229
118000170,6166,9344,-3178
118000171,422,1075,-653
118000172,156,415,-259
118000173,1322,1696,-374
118000175,424,406,18
118000176,337,528,-191
118000177,276,667,-391
118000178,60,83,-23
118000179,1849,1462,387
118000180,1181,936,245
118000181,1105,498,607
118000182,362,386,-24
118000183,322,361,-39
118000184,926,1049,-123
118000185,1685,1333,352
118000186,1074,1333,-259
118000187,1327,1019,308
118000188,703,371,332
118000189,857,1250,-393
118000190,26,19,7
118000191,63,44,19
118000192,871,636,235
118000193,591,776,-185
118000194,2238,1426,812
118000195,971,1188,-217
118000196,532,223,309
118000197,881,216,665
118000198,806,774,32
118000199,1263,586,677
118000200,145,363,-218
118000201,455,605,-150
118000202,109,121,-12
118000203,1537,730,807
118000204,267,392,-125
118000205,295,434,-139
118000206,288,239,49
118000207,0,73,-73
118000208,1600,2187,-587
118000209,2798,2538,260
118000210,102,50,52
118000211,35,50,-15
118000213,1789,1908,-119
118000214,856,751,105
118000215,355,308,47
118000216,2472,4026,-1554
118000217,45,230,-185
118000218,72,242,-170
118000219,740,436,304
118000220,17,44,-27
118000221,197,447,-250
118000222,90,19,71
118000223,35,40,-5
118000224,341,145,196
118000225,174,883,-709
118000226,1404,244,1160
118000227,1268,503,765
118000228,229,322,-93
118000229,234,56,178
118000230,230,322,-92
118000231,155,282,-127
118000232,907,1374,-467
118000233,1233,1110,123
118000234,498,304,194
118000236,462,444,18
118000237,171,573,-402
118000238,326,308,18
118000239,442,346,96
118000240,687,222,465
118000241,226,398,-172
118000242,466,943,-477
118000243,300,339,-39
118000244,78,210,-132
118000246,0,33,-33
118000255,72,286,-214
118000256,139,295,-156
118000259,11,86,-75
118000260,303,229,74
118000261,37,100,-63
118000263,99,319,-220
118000266,204,415,-211
118000267,0,136,-136
118000268,437,5,432
118000270,114,50,64
118000271,171,411,-240
118000272,313,64,249
118000273,197,145,52
118000274,143,409,-266
118000276,455,416,39
118000295,11,151,-140
118000298,289,446,-157
118000299,56,200,-144
118000301,0,67,-67
118000302,131,154,-23
118000311,418,195,223
118000312,326,267,59
118000313,143,266,-123
118000314,98,115,-17
118000315,78,100,-22
118000316,692,646,46
118000325,123,85,38
118000326,23,67,-44
118000331,47,101,-54
118000332,11,60,-49
118000333,38,109,-71
118000335,351,5,346
118000336,0,356,-356
118000407,175,122,53
118000457,7,71,-64
118000465,5057,5203,-146
118000480,51,174,-123
118000489,129,404,-275
118000490,129,514,-385
118000492,360,274,86
118000510,75,39,36
118000514,239,546,-307
118000515,816,838,-22
118000517,448,278,170
118000524,694,286,408
118000525,1202,1139,63
118000530,36,189,-153
118000531,266,348,-82
118000532,254,465,-211
118000533,460,194,266
118000534,799,619,180
118000535,329,161,168
118000536,1171,1777,-606
118000537,59,161,-102
118000538,48,123,-75
118000539,19,171,-152
118000540,411,211,200
118000541,377,119,258
118000542,202,262,-60
118000543,274,316,-42
118000546,67,23,44
118000560,4263,2339,1924
118000562,52,316,-264
118000563,2682,1964,718
118000576,188,212,-24
118000577,230,166,64
118000578,224,149,75
118000579,776,1337,-561
118000595,187,112,75
118000596,0,94,-94
118000597,111,140,-29
118000598,26,0,26
118000599,58,56,2
118000600,2,59,-57
118000601,19,1,18
118000602,1,67,-66
118000603,0,28,-28
118900001,1008,1832,-824
118900002,1210,1021,189
118900003,589,25,564
118900004,54,84,-30
118900005,86,21,65
118900006,243,18,225
118900007,26,14,12
118900008,1867,85,1782
118900009,85,65,20
118900010,129,13,116
118900011,252,93,159
118900012,511,303,208
118900013,702,190,512
118900015,231,166,65
118900016,4,53,-49
118900017,307,420,-113
118900018,985,46,939
118900019,99,52,47
118900020,315,216,99
118900021,160,375,-215
118900022,160,131,29
118900023,189,161,28
118900024,118,203,-85
118900025,41,57,-16
118900026,43,82,-39
118900027,576,343,233
118900028,127,208,-81
118900029,339,412,-73
118900030,322,167,155
118900031,144,149,-5
118900032,207,232,-25
118900033,644,571,73
118900034,314,36,278
118900035,143,223,-80
118900036,1249,909,340
118900037,583,307,276
118900038,392,227,165
118900039,745,298,447
118900040,231,206,25
118900041,682,284,398
118900042,236,104,132
118900045,487,187,300
118900046,1258,378,880
118900047,725,285,440
118900048,302,256,46
118900049,102,74,28
118900050,37,160,-123
118900051,88,157,-69
118900052,393,287,106
118900053,69,114,-45
118900054,190,86,104
118900055,51,161,-110
118900056,57,410,-353
118900057,781,577,204
118900058,478,437,41
118900059,25,112,-87
118900060,394,151,243
118900062,387,267,120
118900064,870,703,167
118900065,53,208,-155
118900066,121,129,-8
118900067,6965,4297,2668
118900068,15,269,-254
118900069,353,394,-41
118900071,4,129,-125
118900072,409,499,-90
118900073,152,142,10
118900074,181,236,-55
118900075,466,149,317
118900076,295,187,108
118900077,263,292,-29
118900078,69,15,54
118900079,101,293,-192
118900080,54,170,-116
118900081,97,49,48
118900082,713,289,424
118900083,38,21,17
118900084,34,22,12
118900085,762,1193,-431
118900086,48,85,-37
118900087,23,246,-223
118900088,2,23,-21
118900089,27,28,-1
118900090,518,549,-31
118900091,222,279,-57
118900092,136,168,-32
118900093,193,27,166
118900096,73,55,18
118900097,252,618,-366
118900099,114,356,-242
118900100,179,356,-177
118900101,150,1200,-1050
118900102,72,162,-90
118900103,76,124,-48
118900104,275,275,0
118900105,319,152,167
118900107,374,170,204
118900108,132,183,-51
118900110,2034,1134,900
118900111,967,832,135
118900112,99,254,-155
118900113,148,730,-582
118900114,30,93,-63
118900115,179,546,-367
118900116,147,273,-126
118900117,115,250,-135
118900118,251,511,-260
118900119,135,339,-204
118900120,135,336,-201
118900121,15,296,-281
118900122,11,1017,-1006
118900123,256,309,-53
118900124,78,324,-246
118900126,31,434,-403
118900129,323,293,30
118900130,88,216,-128
118900131,216,286,-70
118900132,387,231,156
118900133,19,175,-156
118900135,214,350,-136
118900136,158,644,-486
118900137,23,42,-19
118900139,404,561,-157
118900140,390,726,-336
118900141,140,226,-86
118900144,126,571,-445
118900145,357,160,197
118900146,339,883,-544
118900147,209,214,-5
118900148,119,108,11
118900150,204,807,-603
118900152,781,1108,-327
118900157,104,226,-122
118900158,99,100,-1
118900159,2,277,-275
118900161,107,9,98
118900163,208,201,7
118900164,10,242,-232
118900165,66,356,-290
118900166,89,7,82
118900167,129,216,-87
118900168,17,203,-186
118900169,134,662,-528
118900170,160,307,-147
118900171,30,69,-39
118900174,117,109,8
118900175,376,561,-185
118900176,174,354,-180
118900177,58,104,-46
118900178,105,186,-81
118900179,4,68,-64
118900181,131,156,-25
118900182,206,71,135
118900183,18,169,-151
118900184,458,256,202
118900185,128,155,-27
118900186,128,149,-21
118900187,246,336,-90
118900188,292,354,-62
118900189,30,902,-872
118900190,22,555,-533
118900191,121,56,65
118900192,208,28,180
118900193,471,11,460
118900195,376,1022,-646
118900196,37,236,-199
118900197,121,64,57
118900198,25,43,-18
118900199,99,102,-3
118900200,21,22,-1
118900201,63,38,25
118900202,29,116,-87
118900203,19,42,-23
118900204,35,48,-13
118900205,8,19,-11
118900206,5,31,-26
119000001,1782,2097,-315
119000002,5889,4284,1605
119000003,2979,1760,1219
119000004,4849,1813,3036
119000005,2175,2358,-183
119000006,3424,2145,1279
119000007,4827,4673,154
119000008,2543,2760,-217
119000009,5433,6048,-615
119000010,9583,6261,3322
119000011,6034,4477,1557
119000012,5107,4949,158
119000013,2963,2246,717
119000014,3480,4984,-1504
119000019,390,297,93
119000020,2710,1857,853
119000021,5333,3421,1912
119000022,4581,3699,882
119000023,349,320,29
119000024,2269,12513,-10244
119000025,10995,2252,8743
119000026,249,480,-231
119000027,456,794,-338
119000028,3005,1927,1078
119000029,189,476,-287
119000030,832,1712,-880
119000031,1329,1157,172
119000032,3159,3702,-543
119000033,2956,2200,756
119000034,1280,1578,-298
119000035,39,529,-490
119000036,1670,1244,426
119000037,1345,2649,-1304
119000038,207,1317,-1110
119000039,309,433,-124
119000040,1369,749,620
119000041,1378,1583,-205
119000048,4246,4336,-90
119000049,2014,3651,-1637
119000050,3104,2738,366
119000051,4171,1234,2937
119000052,2542,4210,-1668
119000053,2382,1607,775
119000054,3686,4803,-1117
119000055,4747,4794,-47
119000056,2588,3042,-454
119000057,1833,3203,-1370
119000058,2407,2678,-271
119000059,1681,2296,-615
119000060,1865,1723,142
119000061,1223,1213,10
119000062,1686,1895,-209
119000063,634,690,-56
119000064,1710,2496,-786
119000065,3143,4864,-1721
119000066,3690,1697,1993
119000067,2277,3172,-895
119000068,2009,1640,369
119000069,1648,3521,-1873
119000070,2888,1542,1346
119000071,722,1039,-317
119000072,8774,4882,3892
119000073,10337,9433,904
119000074,1575,4143,-2568
119000075,2522,3473,-951
119000076,1088,1447,-359
119000077,2297,823,1474
119000078,874,308,566
119000079,365,928,-563
119000080,546,310,236
119000081,711,618,93
119000082,1865,335,1530
119000083,929,635,294
119000084,495,665,-170
119000085,811,335,476
119000086,415,666,-251
119000087,2177,1373,804
119000088,361,332,29
119000089,91,306,-215
119000090,180,206,-26
119000091,186,715,-529
119000092,707,284,423
119000093,4631,3957,674
119000094,3455,7049,-3594
119000095,1909,3539,-1630
119000097,2997,2210,787
119000098,1109,3247,-2138
119000099,3079,2753,326
119000100,3873,3624,249
119000101,7188,2733,4455
119000102,1231,1465,-234
119000103,2780,725,2055
119000104,3802,2423,1379
119000105,1431,2127,-696
119000106,452,2374,-1922
119000107,998,622,376
119000108,642,1403,-761
119000109,401,645,-244
119000110,1507,702,805
119000111,176,984,-808
119000112,412,197,215
119000113,4767,458,4309
119000114,1148,1567,-419
119000115,214,162,52
119000116,181,124,57
119000117,166,542,-376
119000118,0,0,0
119000123,6129,1354,4775
119000124,956,281,675
119000125,3791,1314,2477
119000126,721,958,-237
119000127,580,922,-342
119000128,67,5,62
119000131,972,1179,-207
119000132,5,3,2
119000133,0,8,-8
119000134,2831,786,2045
119000135,109,299,-190
119000136,254,285,-31
119000137,221,535,-314
119000138,500,480,20
119000139,361,431,-70
119000140,209,622,-413
119000284,1745,3900,-2155
119000285,2994,3144,-150
119000286,10365,7983,2382
119000287,2266,3350,-1084
119000288,2442,2245,197
119000289,2601,5063,-2462
119000290,268,773,-505
119000291,14,442,-428
119000293,128,221,-93
119000294,70,45,25
119000295,2424,659,1765
119000296,233,220,13
119000302,3666,2227,1439
119000303,82,210,-128
119000314,1829,12012,-10183
119000315,5,611,-606
119000316,127,209,-82
119000317,83,545,-462
119900001,404,1630,-1226
119900002,348,453,-105
119900003,86,1600,-1514
119900004,465,1299,-834
119900005,171,175,-4
119900006,402,665,-263
119900007,1584,291,1293
119900008,825,84,741
119900009,1192,1309,-117
119900010,3363,1685,1678
119900011,32,131,-99
119900012,14,178,-164
119900013,2504,1287,1217
119900014,1004,366,638
119900015,120,34,86
119900016,64,137,-73
119900017,45,103,-58
119900018,2650,934,1716
119900019,34,22,12
119900020,296,287,9
119900021,219,320,-101
119900022,188,688,-500
119900023,971,1497,-526
119900025,193,42,151
119900026,1120,198,922
119900027,165,44,121
119900028,767,150,617
119900029,1,9,-8
119900030,833,1026,-193
119900031,106,414,-308
119900033,3045,387,2658
119900034,440,217,223
119900037,196,67,129
119900038,80,404,-324
119900039,95,19,76
119900040,540,23,517
119900041,175,49,126
119900042,945,291,654
119900043,120,222,-102
119900044,260,960,-700
119900046,125,107,18
119900047,342,80,262
119900048,230,89,141
119900049,220,15,205
119900050,242,168,74
119900051,602,25,577
119900052,53,58,-5
119900053,260,246,14
119900054,137,16,121
119900055,1466,596,870
119900057,279,119,160
119900058,260,5,255
119900059,422,114,308
119900060,376,46,330
119900062,63,35,28
119900063,39,114,-75
119900064,449,139,310
119900065,313,10,303
119900066,1,1,0
119900067,507,61,446
119900068,546,5,541
119900069,143,137,6
119900070,1075,17,1058
119900071,775,33,742
119900073,2610,1067,1543
119900074,203,74,129
119900075,7526,4297,3229
119900076,700,627,73
119900077,879,1799,-920
119900078,866,1175,-309
119900079,263,422,-159
119900080,2208,2337,-129
119900081,376,51,325
119900082,1369,177,1192
119900083,584,195,389
119900084,891,469,422
119900085,141,113,28
119900087,986,616,370
119900088,65,109,-44
119900089,68,827,-759
119900090,217,102,115
119900091,164,1443,-1279
119900092,356,599,-243
119900093,1510,412,1098
119900094,131,265,-134
119900095,273,164,109
119900096,128,186,-58
119900097,877,243,634
119900098,101,76,25
119900099,41,375,-334
119900100,3289,3933,-644
119900101,342,1618,-1276
119900102,73,480,-407
119900103,54,605,-551
119900104,89,411,-322
119900105,2390,2897,-507
119900106,27,290,-263
119900107,561,4309,-3748
119900108,3252,835,2417
119900109,63,338,-275
119900110,825,789,36
119900111,104,480,-376
119900112,2623,782,1841
119900113,141,426,-285
119900114,291,1807,-1516
119900115,324,1646,-1322
119900116,416,796,-380
119900117,336,1245,-909
119900118,101,1372,-1271
119900119,302,414,-112
119900120,810,912,-102
119900121,456,1683,-1227
119900122,726,531,195
119900123,439,581,-142
119900124,241,1301,-1060
119900125,67,404,-337
119900126,6125,454,5671
119900127,3329,1629,1700
119900128,735,1369,-634
119900129,323,984,-661
119900130,74,384,-310
119900131,42,428,-386
119900132,5,378,-373
119900133,61,263,-202
119900134,2664,425,2239
119900135,3,660,-657
119900136,277,629,-352
119900138,619,829,-210
119900139,364,274,90
119900140,9,230,-221
119900141,187,1038,-851
119900142,19,76,-57
119900143,33,446,-413
119900144,2349,347,2002
119900145,113,289,-176
119900146,307,550,-243
119900147,1,237,-236
119900148,234,159,75
119900149,2324,5248,-2924
119900150,231,263,-32
119900151,2417,1129,1288
119900152,152,604,-452
119900153,200,158,42
119900154,30,388,-358
119900155,64,67,-3
119900156,21,3,18
119900157,235,419,-184
119900158,174,145,29
119900159,12,2239,-2227
119900160,28,315,-287
119900161,276,349,-73
119900162,1056,1303,-247
119900163,251,265,-14
119900164,0,3,-3
119900165,234,339,-105
119900166,98,84,14
119900167,178,208,-30
119900168,849,839,10
119900169,233,471,-238
119900170,252,380,-128
119900171,2557,756,1801
119900172,259,45,214
119900173,13,629,-616
119900174,16,394,-378
119900175,1286,1306,-20
119900177,33,292,-259
119900178,24,241,-217
119900179,123,619,-496
119900180,1202,1413,-211
119900181,92,166,-74
119900182,22,687,-665
119900183,250,971,-721
119900184,3853,847,3006
119900185,49,213,-164
119900186,191,1100,-909
119900187,23,700,-677
119900188,125,671,-546
119900189,1020,682,338
119900190,90,411,-321
119900191,495,247,248
119900192,119,260,-141
119900193,357,384,-27
119900194,37,118,-81
119900195,124,407,-283
119900196,2121,662,1459
119900197,252,225,27
119900198,1207,464,743
119900199,223,15,208
119900200,1204,1068,136
119900201,539,325,214
119900202,314,290,24
119900203,295,833,-538
119900204,318,494,-176
119900205,744,932,-188
119900206,166,212,-46
119900208,271,312,-41
119900209,698,1523,-825
119900210,38,82,-44
119900211,131,31,100
119900212,248,493,-245
119900213,10,119,-109
119900214,23,129,-106
119900215,63,99,-36
119900216,9,102,-93
119900217,19,90,-71
119900218,139,122,17
119900219,78,198,-120
119900220,14,163,-149
119900221,48,458,-410
119900222,18,325,-307
119900223,29,112,-83
119900224,29,38,-9
119900225,1479,89,1390
119900226,890,2424,-1534
119900227,1465,514,951
119900228,910,507,403
119900229,482,591,-109
119900230,2367,1055,1312
119900231,262,384,-122
119900232,301,149,152
119900233,138,4,134
119900234,72,145,-73
119900235,39,140,-101
119900236,144,348,-204
119900237,110,798,-688
119900238,25,157,-132
119900240,238,264,-26
119900241,268,485,-217
119900242,2256,2249,7
119900244,1075,2503,-1428
119900245,230,247,-17
119900246,492,839,-347
119900247,48,172,-124
119900248,119,219,-100
119900249,305,180,125
119900253,4583,538,4045
119900254,122,755,-633
119900255,223,696,-473
119900256,628,1402,-774
119900257,82,14,68
119900258,167,24,143
119900259,8,235,-227
119900260,188,6,182
119900261,920,240,680
119900262,1,350,-349
119900263,1303,593,710
119900264,126,359,-233
119900265,899,741,158
119900266,370,468,-98
119900267,352,736,-384
119900268,555,339,216
119900269,1570,2350,-780
119900271,26,169,-143
119900272,556,173,383
119900275,155,29,126
119900276,58,3,55
119900277,14,18,-4
119900278,411,222,189
119900279,242,730,-488
119900280,1084,293,791
119900281,1,272,-271
119900282,112,122,-10
119900283,13,410,-397
119900284,73,376,-303
119900285,45,127,-82
119900286,2,78,-76
119900288,7,31,-24
119900289,0,41,-41
119900290,4,31,-27
119900291,0,115,-115
119900292,43,28,15
119900293,31,5,26
119900294,55,0,55
119900295,0,0,0
119900296,0,0,0
119900299,326,298,28
119900300,1134,337,797
119900301,193,75,118
119900302,218,164,54
119900303,722,619,103
119900304,474,117,357
119900305,38,240,-202
119900306,23,7,16
119900307,122,241,-119
119900308,13,45,-32
119900309,92,215,-123
119900310,421,478,-57
119900311,82,198,-116
119900312,136,109,27
119900313,438,494,-56
119900314,207,584,-377
119900315,1731,3448,-1717
119900318,23,41,-18
119900319,21,362,-341
119900320,273,861,-588
119900321,112,8,104
119900322,62,133,-71
119900323,0,245,-245
119900324,20,78,-58
119900325,142,478,-336
119900326,169,152,17
120000001,9028,16311,-7283
120000002,3226,3968,-742
120000003,5300,2315,2985
120000004,3666,3019,647
120000005,6257,3071,3186
120000006,1525,1965,-440
120000007,5163,4422,741
120000008,1334,2003,-669
120000009,4641,1341,3300
120000010,2404,3805,-1401
120000011,1817,2924,-1107
120000012,1944,4068,-2124
120000013,3509,3641,-132
120000014,1087,2046,-959
120000015,3565,2012,1553
120000016,4242,3113,1129
120000017,5550,3332,2218
120000018,5044,12337,-7293
120000019,1044,1890,-846
120000020,3944,4146,-202
120000021,2190,3233,-1043
120000022,3872,5132,-1260
120000023,1202,2297,-1095
120000024,2150,3473,-1323
120000025,3310,2967,343
120000026,1907,2367,-460
120000027,2301,2875,-574
120000028,1365,1036,329
120000029,8513,1061,7452
120000030,5573,1779,3794
120000031,3164,12815,-9651
120000032,11629,6213,5416
120000033,6656,3256,3400
120000034,2194,3079,-885
120000035,2120,3044,-924
120000036,3633,6821,-3188
120000037,904,1882,-978
120000038,9723,4896,4827
120000039,829,1302,-473
120000040,1086,449,637
120000041,3051,2170,881
120000042,4069,3466,603
120000043,6820,2821,3999
120000044,6023,2767,3256
120000045,6104,1749,4355
120000046,3212,4060,-848
120000047,1732,6326,-4594
120000048,10256,5471,4785
120000049,4130,3824,306
120000050,5217,5388,-171
120000051,4127,6016,-1889
120000052,12272,3278,8994
120000053,1441,3823,-2382
120000054,1756,6082,-4326
120000055,2507,7010,-4503
120000056,4831,5178,-347
120000057,4586,878,3708
120000058,5544,716,4828
120000059,73,2323,-2250
120000061,262,856,-594
120000062,310,533,-223
120000063,2295,3496,-1201
120000064,325,1827,-1502
120000065,2081,2387,-306
120000066,713,837,-124
120000067,215,755,-540
120000068,257,1458,-1201
120000069,1037,2187,-1150
120000070,88,1449,-1361
120000071,505,318,187
120000072,828,764,64
120000073,749,135,614
120000074,302,177,125
120000075,1801,519,1282
120000076,5389,628,4761
120000077,2879,786,2093
120000078,3980,1604,2376
120000079,276,309,-33
120000080,216,366,-150
120000081,531,339,192
120000082,236,290,-54
120000083,123,652,-529
120000084,463,518,-55
120000085,433,528,-95
120000086,444,685,-241
120000087,224,1018,-794
120000088,1355,1839,-484
120000089,1397,1196,201
120000090,999,837,162
120000091,1692,1821,-129
120000092,1560,968,592
120000093,555,856,-301
120000094,205,1060,-855
120000095,1684,851,833
120000096,302,1233,-931
120000098,1703,1553,150
120000099,905,1201,-296
120000100,908,1313,-405
120000101,656,730,-74
120000102,561,1046,-485
120000103,1890,1174,716
120000104,1953,717,1236
120000105,3099,997,2102
120000106,2817,977,1840
120000107,4256,1011,3245
120000108,1696,251,1445
120000109,1353,120,1233
120000110,103,1308,-1205
120000111,660,1676,-1016
120000112,1097,4532,-3435
120000113,1076,3402,-2326
120000114,1233,4071,-2838
120000115,498,3455,-2957
120000116,1096,2927,-1831
120000117,1779,2189,-410
120000118,73,28,45
120000119,22,110,-88
120000120,84,82,2
120000121,52,75,-23
120000122,350,482,-132
120000123,8004,6325,1679
120000124,552,545,7
120000125,642,971,-329
120000126,594,1042,-448
120000127,3974,1142,2832
120000128,4693,4527,166
120000129,359,378,-19
120000130,1348,893,455
120000131,400,921,-521
120000134,611,1815,-1204
120000135,572,890,-318
120000137,358,2390,-2032
120000138,895,875,20
120000139,500,1315,-815
120000140,911,853,58
120000141,1783,807,976
120000142,1619,958,661
120000143,1,164,-163
120000144,112,10,102
120000145,378,3,375
120000146,1884,1150,734
120000149,954,1913,-959
120000150,4915,15893,-10978
120000151,493,744,-251
120000152,731,370,361
120000153,326,995,-669
120000154,577,596,-19
120000155,120,409,-289
120000156,1456,1636,-180
120000157,1610,1232,378
120000158,1546,1410,136
120000159,2516,3443,-927
120000160,3004,2066,938
120000161,2485,3288,-803
120000162,212,309,-97
120000163,749,2594,-1845
120000164,578,969,-391
120000165,641,1723,-1082
120000166,1634,1108,526
120000167,121,187,-66
120000168,39,496,-457
120000169,87,1184,-1097
120000170,81,728,-647
120000171,48,297,-249
120000172,77,147,-70
120000173,4682,1131,3551
120000174,1357,46,1311
120000175,732,37,695
120000176,623,52,571
120000177,2554,180,2374
120000178,489,30,459
120000179,849,50,799
120000180,1690,168,1522
120000181,304,907,-603
120000182,138,422,-284
120000183,34,367,-333
120000184,185,1329,-1144
120000186,100,307,-207
120000187,72,170,-98
120000188,309,279,30
120000190,2327,43,2284
120000191,2505,49,2456
120000192,2004,26,1978
120000193,811,9,802
120000195,186,6,180
120000196,691,61,630
120000197,187,235,-48
120000198,182,122,60
120000199,149,1,148
120000200,155,1,154
120000201,20,27,-7
120000202,0,72,-72
120000203,54,354,-300
120000207,2,106,-104
120000208,13,329,-316
120000209,2,104,-102
120000210,138,119,19
120000211,113,3,110
120000212,146,2,144
120000213,177,523,-346
120000214,2,542,-540
120000215,5,213,-208
120000216,79,10,69
120000217,939,1382,-443
120000218,271,1001,-730
120000219,6,628,-622
120000220,9,2413,-2404
120000225,1871,4,1867
120000226,399,3,396
120000227,924,49,875
120000228,9577,4330,5247
120000230,393,23,370
120000231,1531,3251,-1720
120000233,381,5,376
120000235,303,1056,-753
120000236,1598,2,1596
120000237,7,1888,-1881
120000238,2,898,-896
120000241,1596,4564,-2968
120000412,1647,21,1626
120000413,638,260,378
120000414,131,9,122
120000415,2,187,-185
120000416,350,8,342
120000417,10,124,-114
120000418,153,10,143
120000419,7,415,-408
120000420,52,65,-13
120000421,15326,8108,7218
120000422,167,1447,-1280
120000423,3,65,-62
120000424,93,278,-185
120000436,189,799,-610
120000437,174,199,-25
120000438,4895,387,4508
120000439,257,583,-326
120000443,257,0,257
120000444,1899,1031,868
120000445,2839,1462,1377
120000446,1029,337,692
120000447,355,24,331
120000449,61,9,52
120000450,4,298,-294
120000451,246,382,-136
120000452,158,4,154
120000453,1,502,-501
120000454,82,54,28
120000455,142,66,76
120000456,3182,4819,-1637
120000457,1539,945,594
120000458,956,1133,-177
120000459,148,107,41
120000665,2348,369,1979
120000668,163,588,-425
120000669,62,256,-194
120000670,408,587,-179
120000671,2922,755,2167
120000672,128,839,-711
120900001,90,106,-16
120900002,593,677,-84
120900003,388,48,340
120900004,10,93,-83
120900005,19,1649,-1630
120900006,441,364,77
120900007,243,179,64
120900008,265,1648,-1383
120900009,1040,75,965
120900010,578,99,479
120900011,538,239,299
120900012,690,1632,-942
120900013,432,125,307
120900014,7,887,-880
120900015,2427,145,2282
120900016,800,114,686
120900017,3507,133,3374
120900018,159,843,-684
120900019,691,307,384
120900020,1036,1557,-521
120900021,794,257,537
120900022,43,521,-478
120900023,617,82,535
120900024,3006,789,2217
120900025,2754,1509,1245
120900026,428,327,101
120900027,1100,43,1057
120900028,422,96,326
120900029,269,466,-197
120900030,1320,1023,297
120900031,251,107,144
120900032,1056,205,851
120900033,1533,83,1450
120900034,41,3742,-3701
120900035,56,206,-150
120900037,409,15,394
120900038,68,304,-236
120900039,117,66,51
120900040,350,5,345
120900041,196,43,153
120900042,647,107,540
120900043,177,41,136
120900044,10,565,-555
120900045,272,259,13
120900046,897,7,890
120900047,252,112,140
120900048,107,31,76
120900049,452,10,442
120900050,3634,1513,2121
120900051,398,205,193
120900052,785,12,773
120900053,383,235,148
120900054,2457,987,1470
120900055,356,2,354
120900056,511,21,490
120900057,169,14,155
120900058,528,3,525
120900059,94,3,91
120900060,122,94,28
120900061,418,458,-40
120900062,244,2,242
120900063,557,1,556
120900064,559,1,558
120900065,454,5,449
120900066,324,447,-123
120900067,198,102,96
120900068,266,2,264
120900069,246,81,165
120900071,33,0,33
120900072,646,2,644
120900073,511,263,248
120900074,757,8,749
120900076,387,0,387
120900077,5030,581,4449
120900078,736,1383,-647
120900079,761,161,600
120900080,795,2674,-1879
120900081,980,1138,-158
120900082,997,927,70
120900083,72,2,70
120900084,310,403,-93
120900085,165,206,-41
120900086,197,401,-204
120900087,471,389,82
120900088,234,527,-293
120900089,5175,3289,1886
120900090,211,247,-36
120900091,734,1205,-471
120900092,1916,835,1081
120900093,3481,330,3151
120900094,777,283,494
120900095,857,62,795
120900096,95,287,-192
120900097,1025,1003,22
120900098,458,352,106
120900099,87,144,-57
120900100,205,398,-193
120900101,1178,525,653
120900102,77,121,-44
120900103,69,376,-307
120900104,13,66,-53
120900105,76,1003,-927
120900106,2058,854,1204
120900107,382,225,157
120900108,14,934,-920
120900109,49,972,-923
120900110,13,1259,-1246
120900111,252,563,-311
120900112,23,1316,-1293
120900113,33,1352,-1319
120900114,80,200,-120
120900115,238,338,-100
120900116,454,671,-217
120900117,5,713,-708
120900118,19,1151,-1132
120900119,5720,9062,-3342
120900120,75,786,-711
120900121,368,778,-410
120900122,544,929,-385
120900123,8,574,-566
120900124,1,910,-909
120900125,22,1294,-1272
120900126,2433,1804,629
120900127,20,613,-593
120900128,1821,2139,-318
120900129,75,558,-483
120900130,1,482,-481
120900131,59,195,-136
120900132,921,512,409
120900133,343,1438,-1095
120900134,1082,660,422
120900135,10,830,-820
120900136,106,324,-218
120900137,264,167,97
120900138,44,305,-261
120900139,6,1045,-1039
120900140,16,255,-239
120900141,334,336,-2
120900142,29,850,-821
120900143,7,1337,-1330
120900144,0,266,-266
120900145,1249,1186,63
120900146,5,1522,-1517
120900147,4,709,-705
120900148,140,225,-85
120900149,0,491,-491
120900150,129,798,-669
120900151,2,993,-991
120900152,10,77,-67
120900153,38,174,-136
120900154,2,459,-457
120900155,250,1489,-1239
120900156,30,455,-425
120900157,83,411,-328
120900158,82,927,-845
120900159,311,532,-221
120900160,58,1215,-1157
120900161,87,549,-462
120900162,39,700,-661
120900163,64,761,-697
120900164,7,9,-2
120900165,31,33,-2
120900166,204,452,-248
120900167,600,221,379
120900169,95,741,-646
120900170,2389,3266,-877
120900171,1654,450,1204
120900172,4639,2346,2293
120900173,1,83,-82
120900174,10,185,-175
120900175,375,276,99
120900176,27,482,-455
120900177,3,1340,-1337
120900178,0,581,-581
120900179,1485,688,797
120900180,174,215,-41
120900181,481,117,364
120900182,50,503,-453
120900183,428,101,327
120900184,229,120,109
120900185,24,736,-712
120900186,3,705,-702
120900187,601,1888,-1287
120900188,185,19,166
120900189,184,1270,-1086
120900190,82,17,65
120900191,8,31,-23
120900192,15054,7849,7205
120900194,50,114,-64
120900195,212,454,-242
120900196,1018,64,954
120900197,971,158,813
120900198,477,810,-333
120900199,660,478,182
120900200,126,162,-36
120900201,718,271,447
120900202,5,288,-283
120900203,51,139,-88
120900204,217,384,-167
120900205,52,74,-22
120900206,35,117,-82
120900207,152,1912,-1760
121000001,995,1470,-475
121000002,2989,1859,1130
121000003,4253,2509,1744
121000004,3837,5991,-2154
121000005,2704,3724,-1020
121000006,5091,2266,2825
121000007,3638,3803,-165
121000008,6826,4148,2678
121000009,7827,7667,160
121000010,10362,6727,3635
121000011,11967,16472,-4505
121000012,21235,13197,8038
121000013,6314,9983,-3669
121000014,8273,7612,661
121000015,5579,9679,-4100
121000016,5841,4276,1565
121000017,3382,5431,-2049
121000018,3303,2801,502
121000019,25940,16503,9437
121000020,18811,21925,-3114
121000021,7071,4867,2204
121000022,7330,4356,2974
121000023,7908,4766,3142
121000024,7547,7378,169
121000025,915,2052,-1137
121000026,466,188,278
121000027,1903,1441,462
121000028,994,662,332
121000029,1350,1009,341
121000030,794,722,72
121000031,920,974,-54
121000032,419,177,242
121000034,758,302,456
121000035,302,150,152
121000036,1337,1352,-15
121000037,753,979,-226
121000038,824,1071,-247
121000039,921,644,277
121000041,1027,652,375
121000042,684,511,173
121000043,878,739,139
121000044,1970,1237,733
121000045,799,459,340
121000046,943,1504,-561
121000047,998,130,868
121000049,2655,791,1864
121000050,508,1636,-1128
121000051,1061,444,617
121000052,776,1022,-246
121000053,680,104,576
121000054,68,456,-388
121000055,1920,1518,402
121000056,1145,1299,-154
121000057,494,921,-427
121000058,463,226,237
121000059,2686,1635,1051
121000060,751,1311,-560
121000061,220,290,-70
121000062,215,419,-204
121000063,996,992,4
121000064,875,1097,-222
121000065,579,564,15
121000066,793,819,-26
121000067,1128,642,486
121000068,887,550,337
121000069,886,826,60
121000070,3645,1951,1694
121000071,2944,1953,991
121000072,4256,1107,3149
121000073,3376,1365,2011
121000074,558,179,379
121000075,141,303,-162
121000076,1652,532,1120
121000077,188,217,-29
121000078,178,178,0
121000080,3184,922,2262
121000081,4777,4837,-60
121000082,121,353,-232
121000083,260,165,95
121000084,188,247,-59
121000085,416,620,-204
121000086,296,1126,-830
121000087,115,508,-393
121000088,644,809,-165
121000089,590,498,92
121000090,558,455,103
121000091,1886,1093,793
121000092,232,112,120
121000093,185,274,-89
121000094,564,1175,-611
121000095,454,1036,-582
121000096,2541,3099,-558
121000097,1548,2668,-1120
121000098,1038,1897,-859
121000099,969,1350,-381
121000100,1267,942,325
121000101,485,437,48
121000102,351,529,-178
121000103,278,423,-145
121000104,277,316,-39
121000105,595,576,19
121000106,689,568,121
121000107,2656,4332,-1676
121000109,1955,1350,605
121000110,530,985,-455
121000114,3159,2556,603
121000115,1148,1112,36
121000116,437,1180,-743
121000117,911,295,616
121000118,1636,299,1337
121000119,893,569,324
121000120,454,839,-385
121000121,677,1755,-1078
121000123,2696,854,1842
121000126,174,479,-305
121000127,298,134,164
121000128,1602,891,711
121000129,1187,954,233
121000130,657,1560,-903
121000131,4013,3039,974
121000132,2515,2672,-157
121000135,709,1225,-516
121000136,2768,1210,1558
121000137,718,318,400
121000138,1894,995,899
121000139,1120,371,749
121000141,371,319,52
121000142,1072,1323,-251
121000143,148,49,99
121000144,1505,2104,-599
121000145,899,1917,-1018
121000146,1619,1376,243
121000147,1343,1013,330
121000148,1251,1851,-600
121000149,2660,2164,496
121000152,969,875,94
121000153,3354,1183,2171
121000154,1186,926,260
121000155,1642,1602,40
121000156,552,1318,-766
121000157,1616,3025,-1409
121000158,858,785,73
121000159,221,655,-434
121000160,381,704,-323
121000161,244,465,-221
121000162,127,408,-281
121000165,2400,2342,58
121000166,34,977,-943
121000168,631,455,176
121000169,106,301,-195
121000170,622,187,435
121000171,119,282,-163
121000172,1530,820,710
121000173,2442,1606,836
121000174,452,543,-91
121000175,1103,553,550
121000176,553,299,254
121000177,1384,985,399
121000178,144,84,60
121000179,191,96,95
121000181,615,675,-60
121000182,213,281,-68
121000183,427,112,315
121000184,492,165,327
121000185,33,254,-221
121000186,272,684,-412
121000187,290,380,-90
121000188,282,352,-70
121000192,1077,594,483
121000193,812,781,31
121000194,3713,3061,652
121000195,388,1138,-750
121000196,1005,362,643
121000197,259,1056,-797
121000198,277,164,113
121000199,253,572,-319
121000200,937,115,822
121000201,13,367,-354
121000202,1124,199,925
121000203,1211,3260,-2049
121000204,2989,1209,1780
121000205,288,393,-105
121000206,325,64,261
121000207,3887,572,3315
121000208,19,543,-524
121000209,503,497,6
121000210,752,715,37
121000211,376,246,130
121000212,425,1048,-623
121000213,12926,3743,9183
121000214,1186,3491,-2305
121000215,1376,1207,169
121000216,628,1001,-373
121000217,6301,3535,2766
121000218,735,2074,-1339
121000219,2473,569,1904
121000220,412,87,325
121000221,190,335,-145
121000222,3880,2832,1048
121000223,893,484,409
121000224,396,167,229
121000225,2321,1739,582
121000226,6478,1666,4812
121000227,42,169,-127
121000228,33,738,-705
121000229,379,441,-62
121000230,65,1894,-1829
121000231,1220,44,1176
121000232,423,459,-36
121000233,794,483,311
121000234,57,38,19
121000235,98,118,-20
121000236,12,83,-71
121000237,73,19,54
121000238,8,110,-102
121000239,102,12,90
121000240,9,230,-221
121000241,170,32,138
121000242,78,367,-289
121000243,705,241,464
121000244,28,109,-81
121000245,180,50,130
121000246,4,172,-168
121000247,141,18,123
121000248,2194,656,1538
121000249,224,384,-160
121000250,1184,250,934
121000251,20,620,-600
121000252,142,99,43
121000253,732,618,114
121000254,847,396,451
121000255,1608,297,1311
121000256,1384,589,795
121000257,249,125,124
121000258,454,58,396
121000259,144,107,37
121000260,224,209,15
121000261,301,82,219
121000262,1354,1590,-236
121000263,1648,658,990
121000271,403,1958,-1555
121000273,141,7,134
121000274,23,42,-19
121000275,7,17,-10
121000276,11,20,-9
121000278,99,45,54
121000279,128,21,107
121000280,323,51,272
121000289,219,35,184
121000290,1555,1369,186
121000294,166,254,-88
121000297,1283,1589,-306
121000299,419,404,15
121000300,1062,817,245
121000302,188,2180,-1992
121000303,715,843,-128
121000304,716,83,633
121000305,203,76,127
121000306,100,171,-71
121000308,249,531,-282
121000309,520,799,-279
121000310,120,508,-388
121000311,105,1384,-1279
121000312,501,271,230
121000313,517,736,-219
121000314,209,246,-37
121000315,80,197,-117
121000530,1834,1812,22
121000531,4057,2271,1786
121000532,9127,10328,-1201
121000533,3883,4545,-662
121000918,160,270,-110
121000919,78,79,-1
121000938,407,617,-210
121000939,616,762,-146
121000956,1676,1857,-181
121000957,18,24,-6
121000958,176,55,121
121000959,960,1320,-360
121000960,4699,3038,1661
121000961,351,264,87
121000962,360,839,-479
121000973,1,210,-209
121000976,48,267,-219
121000979,593,285,308
121000981,485,399,86
121000982,316,217,99
121000983,610,772,-162
121000984,88,97,-9
121000985,844,811,33
121000986,365,330,35
121000987,254,1358,-1104
121000988,972,188,784
121001302,467,242,225
121001308,12,22,-10
121001309,163,144,19
121001313,257,306,-49
121001314,3519,4458,-939
121001315,5935,4012,1923
121900001,336,290,46
121900002,65,20,45
121900003,510,59,451
121900004,244,582,-338
121900005,43,13,30
121900006,149,26,123
121900007,2864,3617,-753
121900008,1801,471,1330
121900009,913,29,884
121900010,279,15,264
121900011,472,702,-230
121900012,16,0,16
121900013,2069,126,1943
121900014,1643,497,1146
121900015,223,309,-86
121900016,19,53,-34
121900017,2480,752,1728
121900018,417,10,407
121900019,499,465,34
121900020,46,5,41
121900021,859,42,817
121900022,377,310,67
121900023,212,569,-357
121900024,552,138,414
121900025,871,534,337
121900026,422,68,354
121900027,584,247,337
121900028,446,30,416
121900029,145,269,-124
121900030,610,718,-108
121900031,1540,8131,-6591
121900032,163,131,32
121900033,225,234,-9
121900034,593,97,496
121900035,3716,3495,221
121900036,100,474,-374
121900037,272,1161,-889
121900038,56,248,-192
121900039,569,69,500
121900040,157,113,44
121900041,125,245,-120
121900042,471,201,270
121900043,80,15,65
121900044,297,88,209
121900046,534,631,-97
121900047,282,85,197
121900048,56,183,-127
121900050,40,77,-37
121900051,227,263,-36
121900052,221,57,164
121900053,1711,531,1180
121900054,1055,1313,-258
121900055,5,30,-25
121900058,260,260,0
121900059,571,263,308
121900060,230,480,-250
121900061,1192,281,911
121900062,340,183,157
121900063,2584,507,2077
121900064,396,950,-554
121900066,135,59,76
121900067,178,91,87
121900069,240,188,52
121900070,507,152,355
121900071,436,644,-208
121900072,46,257,-211
121900073,417,350,67
121900074,1108,1259,-151
121900075,603,595,8
121900076,502,889,-387
121900077,20,63,-43
121900078,415,76,339
121900079,1,0,1
121900080,1591,780,811
121900082,95,167,-72
121900084,25,221,-196
121900085,3,32,-29
121900086,9,76,-67
121900087,241,152,89
121900088,2912,3827,-915
121900089,188,553,-365
121900090,318,163,155
121900091,71,227,-156
121900092,168,161,7
121900093,95,175,-80
121900094,27,14,13
121900095,272,257,15
121900096,1776,1563,213
121900097,672,525,147
121900098,9,9,0
121900099,236,95,141
121900100,468,725,-257
121900101,299,270,29
121900102,9,258,-249
121900103,1238,404,834
121900104,2134,465,1669
121900105,344,374,-30
121900106,12,9,3
121900107,44,72,-28
121900108,13,53,-40
121900109,341,179,162
121900110,582,1239,-657
121900111,1492,241,1251
121900112,225,208,17
121900113,91,433,-342
121900114,140,190,-50
121900117,599,96,503
121900118,3165,1034,2131
121900119,430,164,266
121900120,68,2037,-1969
121900121,720,71,649
121900122,35,135,-100
121900123,497,606,-109
121900124,412,226,186
121900125,1736,1531,205
121900127,20,126,-106
121900128,138,195,-57
121900129,948,252,696
121900130,200,292,-92
121900131,626,105,521
121900132,86,188,-102
121900133,135,780,-645
121900134,35,221,-186
121900135,3338,589,2749
121900136,1560,517,1043
121900137,78,509,-431
121900138,220,362,-142
121900139,402,575,-173
121900140,110,412,-302
121900141,114,51,63
121900142,267,404,-137
121900143,36,274,-238
121900144,177,367,-190
121900145,575,547,28
121900146,764,1363,-599
121900147,98,204,-106
121900148,295,520,-225
121900149,479,1068,-589
121900150,94,187,-93
121900151,148,374,-226
121900152,122,228,-106
121900153,191,999,-808
121900154,20,337,-317
121900155,9,173,-164
121900156,287,212,75
121900157,3,631,-628
121900158,157,164,-7
121900159,3,368,-365
121900160,46,536,-490
121900161,569,533,36
121900162,91,305,-214
121900163,488,1345,-857
121900164,651,330,321
121900165,554,258,296
121900166,363,210,153
121900167,168,155,13
121900168,186,361,-175
121900169,3,367,-364
121900170,13,284,-271
121900171,1193,827,366
121900172,1154,422,732
121900173,1694,338,1356
121900174,50,144,-94
121900175,226,322,-96
121900176,855,1919,-1064
121900177,416,99,317
121900178,76,94,-18
121900179,992,313,679
121900180,6280,5505,775
121900182,903,437,466
121900183,1054,1122,-68
121900184,96,1148,-1052
121900186,19,552,-533
121900187,72,265,-193
121900188,694,800,-106
121900189,104,158,-54
121900190,516,609,-93
121900191,272,280,-8
121900192,397,845,-448
121900193,51,270,-219
121900194,11,236,-225
121900195,144,145,-1
121900196,1408,1393,15
121900197,737,2108,-1371
121900198,1427,1255,172
121900199,7,34,-27
121900200,138,448,-310
121900201,1641,968,673
121900202,281,874,-593
121900203,324,1205,-881
121900204,1241,1999,-758
121900205,18,137,-119
121900206,23,37,-14
121900207,189,59,130
121900208,291,388,-97
121900209,105,47,58
121900210,1477,1366,111
121900211,50,130,-80
121900212,598,200,398
121900213,199,148,51
121900214,17,721,-704
121900215,108,150,-42
121900216,60,246,-186
121900217,309,210,99
121900218,278,516,-238
121900220,260,21,239
121900221,358,938,-580
121900222,225,258,-33
121900223,181,63,118
121900224,124,51,73
121900225,191,156,35
121900226,414,1022,-608
121900227,753,858,-105
121900228,362,530,-168
121900230,174,387,-213
121900231,525,1694,-1169
121900232,444,585,-141
121900233,304,382,-78
121900234,347,460,-113
121900235,669,347,322
121900236,816,308,508
121900237,194,330,-136
121900238,179,375,-196
121900239,727,60,667
121900240,376,220,156
121900241,76,106,-30
121900242,14,5,9
121900243,16,0,16
121900244,113,7,106
121900245,271,110,161
121900246,2425,415,2010
121900247,962,373,589
121900248,1991,2096,-105
121900250,386,381,5
121900251,484,66,418
121900252,725,215,510
121900253,193,897,-704
121900254,733,378,355
121900255,399,163,236
121900258,4400,2800,1600
121900259,615,743,-128
121900260,136,293,-157
121900261,279,902,-623
121900262,607,1360,-753
121900263,707,409,298
121900264,2731,2108,623
121900265,341,330,11
121900266,780,277,503
121900267,123,54,69
121900269,393,1315,-922
121900270,25,296,-271
121900271,77,275,-198
121900273,568,2348,-1780
121900274,350,412,-62
121900277,821,1879,-1058
121900278,147,1189,-1042
121900279,207,238,-31
121900280,286,431,-145
121900281,689,410,279
121900284,276,12,264
121900286,1472,208,1264
121900287,26,100,-74
121900288,8,0,8
121900290,239,480,-241
121900291,467,765,-298
121900292,188,161,27
121900293,1199,3293,-2094
121900294,339,5,334
121900295,187,337,-150
121900296,192,321,-129
121900298,331,868,-537
121900299,0,1,-1
121900300,301,4,297
121900301,59,10,49
121900302,0,38,-38
121900303,441,574,-133
121900304,2,15,-13
121900305,10,3,7
121900306,142,8,134
121900307,80,50,30
121900308,60,381,-321
121900309,35,358,-323
121900310,71,751,-680
121900311,497,35,462
121900312,377,16,361
121900313,425,41,384
121900314,6,108,-102
121900315,13,0,13
121900316,1,16,-15
121900317,21,5,16
121900318,5,37,-32
121900319,31,109,-78
121900320,63,146,-83
121900321,40,2,38
121900322,19,54,-35
121900323,27,18,9
121900324,7,94,-87
121900325,13,2,11
121900326,15,26,-11
121900327,14,148,-134
121900328,0,53,-53
121900329,5,321,-316
121900330,0,17,-17
121900331,151,46,105
121900332,129,35,94
121900333,29,1,28
122000001,3254,5786,-2532
122000002,7041,2407,4634
122000003,3977,3297,680
122000004,5302,2203,3099
122000005,3641,2289,1352
122000006,2246,1072,1174
122000007,1633,2320,-687
122000008,5910,6425,-515
122000009,514,413,101
122000010,2650,3296,-646
122000011,4140,1804,2336
122000012,1683,1762,-79
122000013,2015,1243,772
122000014,1967,1737,230
122000015,1954,1430,524
122000016,752,1134,-382
122000017,1278,1277,1
122000018,1827,1402,425
122000019,928,1576,-648
122000020,288,271,17
122000021,483,589,-106
122000022,1544,1305,239
122000023,837,2329,-1492
122000024,965,1513,-548
122000025,1594,1950,-356
122000026,1471,1196,275
122000027,761,3355,-2594
122000028,1074,594,480
122000029,630,658,-28
122000030,497,170,327
122000031,545,389,156
122000032,2230,2452,-222
122000033,1086,1453,-367
122000034,1198,787,411
122000035,412,926,-514
122000036,753,808,-55
122000037,464,288,176
122000038,339,502,-163
122000039,891,584,307
122000040,414,402,12
122000041,797,786,11
122000042,512,705,-193
122000043,171,173,-2
122000044,134,183,-49
122000045,1576,610,966
122000046,958,929,29
122000047,423,290,133
122000048,6831,6043,788
122000049,8321,4255,4066
122000050,2061,1055,1006
122000051,474,360,114
122000052,844,419,425
122000053,321,1092,-771
122000054,3239,2647,592
122000055,3169,3723,-554
122000056,7004,4534,2470
122000057,5550,4500,1050
122000058,3763,1589,2174
122000059,3743,1997,1746
122000060,970,748,222
122000061,767,565,202
122000062,1599,496,1103
122000063,2196,940,1256
122000064,4096,3320,776
122000065,5781,3427,2354
122000066,1354,1215,139
122000067,2328,1665,663
122000068,2585,1601,984
122000069,1097,823,274
122000070,2006,2490,-484
122000071,1959,1735,224
122000072,396,467,-71
122000073,520,829,-309
122000074,3464,1993,1471
122000075,997,1608,-611
122000076,2714,1517,1197
122000077,1722,889,833
122000078,3091,2917,174
122000079,3064,1666,1398
122000080,1177,538,639
122000081,277,505,-228
122000082,1268,1072,196
122000083,1983,2839,-856
122000084,2867,1240,1627
122000085,652,1627,-975
122000086,2858,6326,-3468
122000087,686,307,379
122000088,647,661,-14
122000089,7652,3126,4526
122000090,329,593,-264
122000091,303,103,200
122000092,195,36,159
122000093,2039,1826,213
122000094,8598,2899,5699
122000095,4544,4683,-139
122000096,3449,2241,1208
122000098,4598,2504,2094
122000099,2306,727,1579
122000100,1248,645,603
122000101,462,832,-370
122000102,2502,1669,833
122000103,2929,2244,685
122000104,848,286,562
122000105,2351,438,1913
122000106,782,782,0
122000107,1812,659,1153
122000108,712,1123,-411
122000109,535,468,67
122000110,638,663,-25
122000111,3648,1733,1915
122000112,1141,1893,-752
122000113,781,929,-148
122000114,3984,1649,2335
122000115,2416,1628,788
122000116,1464,753,711
122000117,4893,732,4161
122000118,972,1668,-696
122000119,5426,4346,1080
122000120,2785,9105,-6320
122000121,3175,6284,-3109
122000122,1274,3318,-2044
122000123,2388,3274,-886
122000124,1331,1071,260
122000125,1403,1147,256
122000126,974,2505,-1531
122000127,1458,3011,-1553
122000128,756,1260,-504
122000129,979,2070,-1091
122000130,4616,2522,2094
122000131,1797,2814,-1017
122000132,786,953,-167
122000133,1235,2587,-1352
122000134,1161,1256,-95
122000135,958,1517,-559
122000136,1282,1199,83
122000137,1902,1716,186
122000139,1801,3907,-2106
122000140,1243,811,432
122000141,6065,1312,4753
122000142,619,1236,-617
122000143,731,952,-221
122000144,1928,2698,-770
122000145,2736,1200,1536
122000146,2087,1964,123
122000147,983,740,243
122000148,2795,2352,443
122000149,2877,2834,43
122000150,1489,1566,-77
122000151,342,555,-213
122000152,487,739,-252
122000153,525,565,-40
122000154,372,338,34
122000155,2522,3337,-815
122000156,3365,2760,605
122000157,1997,2354,-357
122000158,513,1248,-735
122000159,1230,3101,-1871
122000160,4976,4556,420
122000161,1572,1631,-59
122000162,3277,2545,732
122000163,361,150,211
122000164,67,116,-49
122000165,1057,902,155
122000166,1222,1151,71
122000167,374,257,117
122000168,232,684,-452
122000169,545,274,271
122000170,435,370,65
122000171,70,129,-59
122000172,2233,1870,363
122000173,1984,3036,-1052
122000174,3041,1122,1919
122000175,1384,462,922
122000176,385,915,-530
122000177,1793,1782,11
122000178,3245,2798,447
122000179,2075,2815,-740
122000180,2318,1684,634
122000181,2295,3819,-1524
122000182,2266,2124,142
122000183,2316,1289,1027
122000184,3683,2519,1164
122000185,1797,1716,81
122000186,644,993,-349
122000187,2123,1478,645
122000188,609,264,345
122000189,311,400,-89
122000190,1301,1298,3
122000191,982,1030,-48
122000192,1385,503,882
122000193,506,1031,-525
122000194,883,250,633
122000195,225,752,-527
122000196,1540,838,702
122000197,759,1049,-290
122000198,580,1024,-444
122000199,435,434,1
122000200,1243,752,491
122000201,1734,1702,32
122000202,1595,1542,53
122000203,6996,2105,4891
122000204,2480,2917,-437
122000205,2177,2269,-92
122000206,2770,1390,1380
122000207,2594,1941,653
122000208,3136,1993,1143
122000209,2417,442,1975
122000210,2928,2332,596
122000211,2170,1491,679
122000212,936,693,243
122000213,1489,1893,-404
122000214,2885,2311,574
122000215,2471,1943,528
122000217,3750,1934,1816
122000218,790,87,703
122000219,1931,1318,613
122000220,526,1089,-563
122000221,117,569,-452
122000222,780,192,588
122000223,2671,823,1848
122000225,1302,455,847
122000226,3679,2563,1116
122000227,536,3294,-2758
122000228,879,723,156
122000229,300,746,-446
122000230,591,913,-322
122000231,1806,1119,687
122000232,1038,1543,-505
122000233,1,163,-162
122000234,480,210,270
122000235,1516,243,1273
122000236,1418,241,1177
122000237,359,140,219
122000238,1342,467,875
122000239,2876,283,2593
122000240,1611,907,704
122000241,2004,817,1187
122000242,1120,225,895
122000243,468,109,359
122000244,110,571,-461
122000245,116,240,-124
122000246,274,293,-19
122000247,2028,800,1228
122000248,1692,2256,-564
122000249,4525,1555,2970
122000250,3307,1727,1580
122000251,425,739,-314
122000252,736,384,352
122000253,111,463,-352
122000254,467,266,201
122000255,1222,2676,-1454
122000256,669,1465,-796
122000257,268,490,-222
122000258,454,444,10
122000259,26,753,-727
122000260,24,112,-88
122000261,24,302,-278
122000262,2,85,-83
122000263,458,146,312
122000264,1496,655,841
122000265,3056,1352,1704
122000266,5255,852,4403
122000267,341,252,89
122000268,298,747,-449
122000269,1134,583,551
122000270,883,209,674
122000271,383,1429,-1046
122000272,457,1453,-996
122000273,543,592,-49
122000274,296,289,7
122000275,278,305,-27
122000276,1204,909,295
122000277,2482,2316,166
122000278,3765,1665,2100
122000279,280,826,-546
122000280,1658,1179,479
122000281,1163,1401,-238
122000282,583,260,323
122000283,1012,155,857
122000284,462,161,301
122000285,714,122,592
122000286,188,180,8
122000287,1778,2141,-363
122000288,869,463,406
122000291,2542,1316,1226
122000293,651,395,256
122000294,223,298,-75
122000295,2820,271,2549
122000296,192,792,-600
122000297,4397,3847,550
122000299,592,591,1
122000300,695,794,-99
122000301,16456,4314,12142
122000302,1345,2417,-1072
122000303,5510,1894,3616
122000304,113,436,-323
122000305,1363,530,833
122000306,41,1274,-1233
122000307,461,306,155
122000309,314,75,239
122000310,112,106,6
122000311,357,266,91
122000312,207,147,60
122000313,100,92,8
122000314,188,311,-123
122000315,407,69,338
122000316,877,274,603
122000317,1611,284,1327
122000318,382,1058,-676
122000319,361,598,-237
122000320,595,2373,-1778
122000321,130,330,-200
122000322,3147,2737,410
122000323,1732,2628,-896
122000324,1314,1456,-142
122000325,1147,1910,-763
122000326,71,182,-111
122000327,752,1273,-521
122000328,1254,1014,240
122000330,2996,1078,1918
122000332,520,617,-97
122000333,6,139,-133
122000337,1413,2317,-904
122000338,672,728,-56
122000340,420,547,-127
122000342,3184,1436,1748
122000343,629,1770,-1141
122000344,94,47,47
122000345,281,56,225
122000346,628,748,-120
122000348,1008,1136,-128
122000349,181,1245,-1064
122000351,141,261,-120
122000352,619,218,401
122000353,109,116,-7
122000355,207,305,-98
122000356,1812,1431,381
122000357,203,50,153
122000358,1,80,-79
122000359,0,68,-68
122000360,2,107,-105
122000362,23,101,-78
122000364,217,547,-330
122000365,10,74,-64
122000366,42,19,23
122000368,562,966,-404
122000370,60,89,-29
122000371,33,0,33
122000372,19,7,12
122000381,123,467,-344
122000382,137,422,-285
122000384,3980,1927,2053
122000385,161,3,158
122000386,590,1611,-1021
122000387,701,679,22
122000388,1778,1037,741
122000389,238,820,-582
122000390,447,343,104
122000391,479,206,273
122000392,645,389,256
122000393,182,289,-107
122000394,887,629,258
122000395,252,272,-20
122000396,374,219,155
122000397,75,96,-21
122000398,49,88,-39
122000399,163,110,53
122000400,158,532,-374
122000401,159,137,22
122000402,358,134,224
122000403,758,1528,-770
122000404,205,414,-209
122000408,1376,1685,-309
122000503,13,133,-120
122000524,854,158,696
122000544,189,3459,-3270
122000616,460,2,458
122000640,119,166,-47
122000641,117,486,-369
122000642,2076,1618,458
122000643,71,206,-135
122000644,239,45,194
122000645,140,251,-111
122000651,2420,993,1427
122000664,151,83,68
122000665,1712,963,749
122000666,902,1544,-642
122000673,65,472,-407
122000674,199,87,112
122000675,2157,1911,246
122000686,1726,1745,-19
122000687,3813,572,3241
122000688,429,1263,-834
122000689,1371,767,604
122000690,2857,845,2012
122000691,1905,2776,-871
122000692,2230,719,1511
122000693,841,2982,-2141
122000695,324,792,-468
122000696,452,459,-7
122000698,426,1467,-1041
122000699,376,299,77
122000701,1544,537,1007
122000702,686,1743,-1057
122000703,154,82,72
122000717,230,83,147
122000718,507,1095,-588
122000719,101,131,-30
122000720,454,442,12
122000724,324,26,298
122900001,61,10,51
122900002,2183,5831,-3648
122900003,566,102,464
122900004,1000,70,930
122900005,258,68,190
122900006,1998,431,1567
122900007,523,98,425
122900008,1271,112,1159
122900009,1201,547,654
122900010,447,199,248
122900012,277,538,-261
122900014,284,510,-226
122900015,3025,1129,1896
122900016,151,421,-270
122900017,609,1243,-634
122900018,253,28,225
122900019,31,234,-203
122900020,574,545,29
122900021,154,853,-699
122900022,920,1029,-109
122900023,548,413,135
122900024,213,176,37
122900025,22,357,-335
122900026,105,627,-522
122900027,86,1305,-1219
122900028,187,365,-178
122900029,5664,3778,1886
122900030,1565,841,724
122900031,166,381,-215
122900032,159,510,-351
122900033,371,230,141
122900034,7012,6572,440
122900035,43,36,7
122900036,86,163,-77
122900037,404,193,211
122900038,184,3754,-3570
122900039,147,638,-491
122900040,409,578,-169
122900041,392,365,27
122900042,241,480,-239
122900043,559,301,258
122900044,100,392,-292
122900045,143,154,-11
122900046,418,223,195
122900047,242,284,-42
122900048,74,324,-250
122900049,2257,229,2028
122900051,107,192,-85
122900052,94,236,-142
122900053,92,67,25
122900055,582,249,333
122900057,316,97,219
122900061,656,362,294
122900062,802,1054,-252
122900063,256,500,-244
122900064,1651,613,1038
122900065,640,345,295
122900066,908,583,325
122900067,2187,1233,954
122900068,500,459,41
122900069,1267,2426,-1159
122900070,586,98,488
122900071,204,665,-461
122900072,26,978,-952
122900073,105,367,-262
122900074,999,1095,-96
122900075,2,106,-104
122900076,9,264,-255
122900077,1,246,-245
122900078,377,234,143
122900080,106,55,51
122900081,437,325,112
122900082,944,666,278
122900083,221,485,-264
122900084,13,364,-351
122900086,41,146,-105
122900087,650,1030,-380
122900088,69,175,-106
122900089,113,295,-182
122900090,30,758,-728
122900091,217,5,212
122900092,0,343,-343
122900093,2,455,-453
122900094,6,299,-293
122900095,198,8,190
122900096,488,353,135
122900097,46,30,16
122900098,289,190,99
122900099,38,23,15
122900100,933,281,652
122900101,725,343,382
122900102,33,44,-11
122900103,134,14,120
122900104,152,17,135
122900105,8,14,-6
122900106,14,165,-151
122900107,10,383,-373
122900108,8,278,-270
123000001,2025,666,1359
123000002,5635,6010,-375
123000003,4634,5041,-407
123000004,4117,5392,-1275
123000005,3515,3941,-426
123000006,3114,3580,-466
123000007,7430,3749,3681
123000008,6287,4821,1466
123000009,5967,4272,1695
123000010,4689,4777,-88
123000011,3257,1190,2067
123000012,1224,3189,-1965
123000013,4712,1285,3427
123000014,1691,4652,-2961
123000015,6613,1684,4929
123000016,8300,6002,2298
123000017,4111,2491,1620
123000018,89,189,-100
123000019,323,513,-190
123000020,206,268,-62
123000021,97,487,-390
123000022,451,3200,-2749
123000023,3080,2100,980
123000024,1718,818,900
123000025,324,320,4
123000026,437,87,350
123000027,1046,557,489
123000028,2791,424,2367
123000029,2494,899,1595
123000030,377,730,-353
123000031,276,483,-207
123000032,455,316,139
123000033,300,99,201
123000034,1786,1474,312
123000035,516,741,-225
123000036,467,1490,-1023
123000037,643,650,-7
123000038,229,261,-32
123000039,523,1747,-1224
123000040,1345,473,872
123000041,1680,1651,29
123000042,1533,901,632
123000043,4346,9549,-5203
123000044,6574,3239,3335
123000045,12307,4095,8212
123000046,1149,1954,-805
123000047,3189,1495,1694
123000048,107,691,-584
123000049,9699,11281,-1582
123000050,1658,1902,-244
123000051,196,328,-132
123000052,1245,4115,-2870
123000053,3939,4198,-259
123000054,1938,2293,-355
123000055,2434,3210,-776
123000056,2479,3191,-712
123000057,19703,9362,10341
123000058,1051,1286,-235
123000059,718,899,-181
123000060,1239,706,533
123000061,703,1081,-378
123000063,1057,1192,-135
123000064,1207,471,736
123000065,14824,4744,10080
123000066,1124,945,179
123000067,1554,1232,322
123000068,3968,4100,-132
123000069,9511,5308,4203
123000070,340,1042,-702
123000071,1264,1521,-257
123000072,1319,1932,-613
123000073,1420,1010,410
123000074,1253,1866,-613
123000075,392,1354,-962
123000076,1481,971,510
123000077,2457,4063,-1606
123000078,1837,2256,-419
123000079,1754,2563,-809
123000080,2807,3029,-222
123000081,283,595,-312
123000082,491,1713,-1222
123000083,1070,327,743
123000084,723,870,-147
123000085,307,143,164
123000086,518,376,142
123000087,493,639,-146
123000088,3234,1343,1891
123000089,641,1672,-1031
123000090,1638,1322,316
123000091,1895,2096,-201
123000092,1238,1450,-212
123000094,721,444,277
123000095,961,998,-37
123000096,872,627,245
123000097,736,1272,-536
123000098,902,904,-2
123000099,800,1084,-284
123000100,859,1062,-203
123000101,913,907,6
123000102,1063,955,108
123000104,540,574,-34
123000105,743,568,175
123000106,508,529,-21
123000107,452,602,-150
123000108,946,1470,-524
123000111,1142,456,686
123000112,1282,947,335
123000113,657,2054,-1397
123000114,877,918,-41
123000115,483,480,3
123000116,42,255,-213
123000117,4068,3123,945
123000118,564,1503,-939
123000119,435,1337,-902
123000120,1643,1261,382
123000121,651,793,-142
123000122,378,288,90
123000123,591,731,-140
123000124,568,587,-19
123000125,1316,1369,-53
123000126,1543,4298,-2755
123000127,1017,834,183
123000128,399,484,-85
123000129,806,320,486
123000130,769,120,649
123000131,939,822,117
123000132,487,945,-458
123000133,395,537,-142
123000134,629,374,255
123000135,2811,1772,1039
123000136,352,1102,-750
123000137,149,470,-321
123000138,116,547,-431
123000139,563,153,410
123000140,259,1100,-841
123000141,970,234,736
123000142,1567,1652,-85
123000143,1814,2611,-797
123000144,191,44,147
123000145,813,242,571
123000146,66,150,-84
123000147,236,187,49
123000149,621,715,-94
123000150,376,422,-46
123000151,570,638,-68
123000152,520,550,-30
123000153,815,951,-136
123000154,3217,2795,422
123000155,3512,1561,1951
123000156,76,229,-153
123000157,808,1275,-467
123000158,875,1033,-158
123000159,4546,3324,1222
123000160,1396,1020,376
123000161,2333,1507,826
123000162,1518,2455,-937
123000163,803,183,620
123000164,1960,500,1460
123000165,614,2640,-2026
123000166,54,211,-157
123000167,222,431,-209
123000168,395,405,-10
123000169,798,178,620
123000170,75,333,-258
123000171,791,90,701
123000172,494,869,-375
123000173,696,375,321
123000174,1115,519,596
123000175,1467,1884,-417
123000176,1707,381,1326
123000177,744,1698,-954
123000178,900,200,700
123000179,71,1013,-942
123000180,2187,534,1653
123000181,439,2359,-1920
123000182,417,880,-463
123000183,247,666,-419
123000184,327,1106,-779
123000185,988,658,330
123000186,5,1048,-1043
123000187,776,12,764
123000188,287,1,286
123000189,224,256,-32
123000190,75,103,-28
123000192,41,815,-774
123000193,92,1347,-1255
123000194,611,597,14
123000195,363,33,330
123000196,422,43,379
123000197,81,228,-147
123000198,145,429,-284
123000199,46,855,-809
123000200,728,19,709
123000201,1196,23,1173
123000202,28,1930,-1902
123000203,1196,113,1083
123000204,112,1920,-1808
123000205,832,3162,-2330
123000206,2376,311,2065
123000207,150,1477,-1327
123000208,918,242,676
123000209,2351,692,1659
123000210,695,3207,-2512
123000211,854,4437,-3583
123000212,3458,702,2756
123000213,800,119,681
123000215,214,375,-161
123000216,371,2148,-1777
123000217,332,70,262
123000218,119,888,-769
123000219,1500,232,1268
123000220,1105,170,935
123000221,672,191,481
123000222,638,804,-166
123000223,382,586,-204
123000224,599,755,-156
123000225,566,133,433
123000226,103,550,-447
123000227,145,484,-339
123000228,338,122,216
123000229,1681,2564,-883
123000232,299,911,-612
123000233,1127,346,781
123000234,220,1059,-839
123000235,1138,597,541
123000236,405,1249,-844
123000237,467,109,358
123000238,120,796,-676
123000239,671,2478,-1807
123000240,95,535,-440
123000241,794,167,627
123000242,261,305,-44
123000243,951,1225,-274
123000244,1535,1010,525
123000245,90,256,-166
123000249,530,990,-460
123000252,982,345,637
123000253,1321,797,524
123000254,1211,2030,-819
123000255,1765,1528,237
123000256,52,449,-397
123000257,4279,3243,1036
123000258,1907,1606,301
123000259,431,596,-165
123000260,425,661,-236
123000261,311,307,4
123000262,148,308,-160
123000263,488,165,323
123000264,300,131,169
123000265,101,258,-157
123000266,939,1333,-394
123000267,925,451,474
123000268,66,129,-63
123000269,95,90,5
123000270,31,62,-31
123000271,135,114,21
123000272,882,349,533
123000273,301,855,-554
123000274,1742,949,793
123000275,429,1290,-861
123000278,6895,3655,3240
123000279,130,165,-35
123000280,833,627,206
123000281,447,213,234
123000282,200,507,-307
123000283,91,84,7
123000284,68,163,-95
123000286,349,466,-117
123000287,762,448,314
123000288,1544,1035,509
123000289,616,1584,-968
123000291,363,1106,-743
123000294,187,364,-177
123000295,1341,1345,-4
123000296,748,538,210
123000297,746,1046,-300
123000298,814,754,60
123000299,52,251,-199
123000300,1239,1130,109
123000301,177,341,-164
123000302,85,338,-253
123000303,176,190,-14
123000305,1247,1273,-26
123000306,200,329,-129
123000309,57,97,-40
123000310,66,50,16
123000311,1,153,-152
123000312,859,1500,-641
123000313,634,554,80
123000315,86,511,-425
123000316,2169,129,2040
123000317,292,90,202
123000318,89,426,-337
123000329,10,19,-9
123000337,1173,375,798
123000338,1311,61,1250
123000339,299,318,-19
123000340,253,808,-555
123000342,173,18,155
123000343,66,10,56
123000344,1728,982,746
123000345,444,1449,-1005
123000346,372,74,298
123000352,2080,1138,942
123000353,41,143,-102
123000354,720,4,716
123000355,3,833,-830
123000356,673,22,651
123000357,3,296,-293
123000359,3,291,-288
123000360,206,184,22
123000361,489,530,-41
123000362,557,180,377
123000363,179,301,-122
123000364,901,586,315
123000365,34,590,-556
123000366,674,2360,-1686
123000367,420,1779,-1359
123000370,116,413,-297
123000371,1769,69,1700
123000372,703,40,663
123000373,16,556,-540
123000374,204,324,-120
123000375,802,57,745
123000376,994,795,199
123000377,595,56,539
123000378,28,428,-400
123000379,17,369,-352
123000380,85,555,-470
123000381,249,61,188
123000382,1855,208,1647
123000383,296,1844,-1548
123000384,520,107,413
123000385,520,695,-175
123000436,76,1533,-1457
123000507,200,428,-228
123000508,277,1323,-1046
123000517,366,42,324
123000518,28,311,-283
123000519,223,119,104
123000520,61,309,-248
123000521,457,127,330
123000522,182,506,-324
123000541,11,4,7
123000542,0,14,-14
123000565,884,100,784
123000566,346,1223,-877
123000567,113,387,-274
123000573,65,1251,-1186
123000574,1330,131,1199
123000575,1629,1815,-186
123000576,1106,2645,-1539
123000577,124,1039,-915
123000578,953,117,836
123000579,4337,6895,-2558
123000580,127,57,70
123000582,590,41,549
123000583,30,535,-505
123000584,288,458,-170
123000585,0,354,-354
123000586,100,0,100
123000596,120,165,-45
123000597,86,145,-59
123000602,40,19,21
123000603,839,945,-106
123000604,695,1427,-732
123000605,1426,218,1208
123000606,0,573,-573
123000609,26,546,-520
123000610,349,227,122
123000613,38,263,-225
123000614,286,96,190
123000615,45,188,-143
123000616,920,90,830
123000617,150,853,-703
123000618,141,1052,-911
123000619,770,52,718
123000620,24,730,-706
123000622,536,31,505
123000624,184,51,133
123000630,1068,677,391
123000631,372,2106,-1734
123000632,1173,1259,-86
123000633,1,347,-346
123000634,110,143,-33
123000635,219,158,61
123000636,112,1080,-968
123000637,229,258,-29
123000638,953,89,864
123000639,1535,4684,-3149
123000640,17,1077,-1060
123000648,23,21,2
123000649,7,102,-95
123900001,2031,106,1925
123900002,90,2014,-1924
123900003,563,615,-52
123900005,288,185,103
123900006,333,70,263
124000001,2484,218,2266
124000002,175,2311,-2136
124000003,959,223,736
124000004,107,900,-793
124000005,1665,719,946
124000006,348,1924,-1576
124000007,972,257,715
124000008,89,908,-819
124000009,1019,524,495
124000010,240,675,-435
124000011,2135,489,1646
124000012,499,836,-337
124000017,169,301,-132
124000018,101,160,-59
124000019,171,267,-96
124000020,70,313,-243
124000021,138,167,-29
124000022,120,326,-206
124000023,1876,1888,-12
124000024,1448,692,756
124000025,1675,2245,-570
124000026,1481,1437,44
124000027,6017,6097,-80
124000028,3251,5955,-2704
124000030,4361,1931,2430
124000031,1558,3733,-2175
124000032,4116,1402,2714
124000033,484,778,-294
124000034,1852,981,871
124000035,321,244,77
124000036,102,488,-386
124000037,1570,1513,57
124000038,83,167,-84
124000039,2042,690,1352
124000040,994,1476,-482
124000041,1009,134,875
124000042,245,664,-419
124000043,280,169,111
124000044,154,346,-192
124000045,1115,960,155
124000046,411,1053,-642
124000047,1534,1425,109
124000048,1462,1978,-516
124000049,2613,1090,1523
124000050,1492,2706,-1214
124000051,1093,1038,55
124000052,1022,1554,-532
124000053,777,1876,-1099
124000054,1299,985,314
124000055,1692,3307,-1615
124000056,3611,2528,1083
124000057,1236,982,254
124000058,696,1972,-1276
124000059,737,1438,-701
124000060,1665,1159,506
124000061,1963,5846,-3883
124000062,5702,2524,3178
124000063,1978,2383,-405
124000064,4078,1979,2099
124000065,117,604,-487
124000066,474,183,291
124000067,367,326,41
124000068,106,193,-87
124000069,905,276,629
124000070,298,556,-258
124000071,2609,164,2445
124000072,1183,673,510
124000073,1099,239,860
124000074,447,1176,-729
124000075,441,59,382
124000076,22,413,-391
124000077,2324,1177,1147
124000078,4289,1670,2619
124000079,667,1751,-1084
124000080,2183,349,1834
124000081,591,849,-258
124000082,55,282,-227
124000083,98,152,-54
124000084,84,649,-565
124000085,163,80,83
124000086,140,106,34
124000087,813,174,639
124000088,397,559,-162
124000089,1272,634,638
124000090,193,575,-382
124000091,654,244,410
124000092,138,934,-796
124000093,159,190,-31
124000094,355,726,-371
124000095,97,199,-102
124000096,210,491,-281
124000097,158,277,-119
124000098,85,138,-53
124000099,338,207,131
124000100,90,151,-61
124000101,90,163,-73
124000102,170,91,79
124000103,105,182,-77
124000104,137,103,34
124000105,82,125,-43
124000106,177,81,96
124000107,28,139,-111
124000108,93,30,63
124000109,118,197,-79
124000110,343,178,165
124000111,245,282,-37
124000112,865,987,-122
124000113,97,152,-55
124000114,337,679,-342
124000115,558,938,-380
124000116,147,248,-101
124000117,56,109,-53
124000118,57,112,-55
124000119,1214,846,368
124000120,671,597,74
124000121,1973,1097,876
124000122,800,1977,-1177
124000123,1916,765,1151
124000124,677,1567,-890
124000125,484,744,-260
124000126,355,862,-507
124000127,997,840,157
124000128,793,1493,-700
124000129,2660,2145,515
124000130,1025,1026,-1
124000131,1130,728,402
124000132,1177,1105,72
124000133,932,1261,-329
124000134,1246,971,275
124000135,2177,2284,-107
124000136,1460,1556,-96
124000137,1738,1024,714
124000138,2291,1851,440
124000139,1899,82,1817
124000140,98,778,-680
124000141,618,35,583
124000142,20,281,-261
124000143,137,50,87
124000144,27,75,-48
124000145,454,102,352
124000146,200,122,78
124000148,110,229,-119
124000149,2503,762,1741
124000150,715,841,-126
124000151,1344,724,620
124000152,1220,1775,-555
124000153,1307,1221,86
124000154,605,1139,-534
124000155,2010,1646,364
124000156,2493,1642,851
124000169,293,564,-271
124000170,920,618,302
124000171,316,332,-16
124000172,443,797,-354
124000173,517,358,159
124000174,478,883,-405
124000175,50,203,-153
124000176,171,47,124
124000177,24,84,-60
124000178,170,91,79
124000190,184,80,104
124000191,280,137,143
124000192,3490,594,2896
124000193,1493,1306,187
124000194,554,715,-161
124000195,327,911,-584
124000196,1377,1480,-103
124000197,129,83,46
124000198,51,72,-21
124000201,620,1500,-880
124000202,968,597,371
124000203,891,1041,-150
124000204,1125,679,446
124000205,372,639,-267
124000206,1474,658,816
124000207,1,57,-56
124000209,421,778,-357
124000210,594,348,246
124000211,680,6,674
124000212,2,675,-673
124000213,573,399,174
124000214,434,1045,-611
124000215,1421,42,1379
124000216,7,586,-579
124000329,227,2697,-2470
124000338,273,1479,-1206
124000339,1413,384,1029
124000341,1483,318,1165
124000344,42,13,29
124000357,1229,2582,-1353
124000358,800,1753,-953
124000359,1115,865,250
124000360,868,696,172
124000361,2830,1021,1809
124000362,2077,2555,-478
124000363,357,411,-54
124000364,810,1180,-370
124000365,796,1421,-625
124000366,2069,1187,882
124000367,183,720,-537
124000368,809,603,206
124000369,237,246,-9
124000370,123,861,-738
124000402,62,26,36
124000403,340,113,227
124000404,25,217,-192
124000405,1353,1348,5
124000406,1210,1413,-203
124000407,7,86,-79
124000411,10,564,-554
124000412,536,17,519
124000413,495,54,441
124000414,116,192,-76
124000415,66,179,-113
124000416,178,345,-167
124000417,194,185,9
124000418,176,235,-59
124000419,110,179,-69
124000420,90,165,-75
124000421,109,256,-147
124000422,20,23,-3
124000423,154,41,113
124000424,4,135,-131
124000425,97,125,-28
124000426,3,44,-41
124000427,66,25,41
124000428,47,74,-27
124000429,53,112,-59
124000430,1107,796,311
124000431,625,854,-229
124000432,364,1106,-742
124000439,7,12,-5
124000443,0,9,-9
124000445,502,1792,-1290
124000446,2096,130,1966
124900001,614,616,-2
124900002,230,623,-393
124900003,1203,1212,-9
124900004,691,642,49
124900005,657,317,340
124900006,820,646,174
124900008,2678,995,1683
124900009,232,486,-254
124900010,298,272,26
124900011,709,605,104
124900012,626,159,467
124900013,899,204,695
124900014,1245,128,1117
124900015,210,520,-310
124900016,140,166,-26
124900017,773,1830,-1057
124900018,50,29,21
124900020,149,133,16
124900021,711,129,582
124900022,556,13,543
124900024,432,143,289
124900026,542,56,486
124900027,132,558,-426
124900028,809,201,608
124900029,25,803,-778
124900030,16,187,-171
124900031,62,472,-410
124900032,321,425,-104
124900033,429,468,-39
124900034,192,466,-274
124900035,203,735,-532
124900036,2,59,-57
124900037,217,556,-339
124900038,517,510,7
124900039,2,71,-69
124900040,119,119,0
124900041,297,1410,-1113
124900042,323,8,315
124900043,631,1313,-682
124900044,79,5,74
124900045,1507,1605,-98
124900046,1461,435,1026
124900047,228,313,-85
124900048,276,179,97
124900050,204,309,-105
124900052,154,568,-414
124900053,479,599,-120
124900054,2744,922,1822
124900055,9,343,-334
124900057,16,83,-67
124900060,248,392,-144
124900061,212,21,191
124900062,387,42,345
124900066,1,33,-32
124900067,12,255,-243
124900068,285,769,-484
124900070,333,59,274
124900072,143,61,82
124900074,446,123,323
124900075,304,400,-96
124900076,55,1417,-1362
124900077,37,349,-312
124900078,112,29,83
124900079,817,324,493
124900080,421,850,-429
124900081,954,659,295
124900082,505,1154,-649
124900083,318,646,-328
124900084,2919,195,2724
124900085,1606,601,1005
124900086,155,1831,-1676
124900087,966,201,765
124900088,996,210,786
124900089,1545,45,1500
124900090,380,415,-35
124900091,351,631,-280
124900092,295,424,-129
124900093,410,344,66
124900094,469,500,-31
124900095,137,552,-415
124900096,707,391,316
124900097,398,133,265
124900098,197,697,-500
124900099,1005,809,196
124900100,350,292,58
124900101,158,644,-486
124900102,236,187,49
124900103,198,374,-176
124900104,75,270,-195
124900105,120,242,-122
124900106,531,186,345
124900107,172,34,138
124900108,201,120,81
124900109,40,57,-17
124900110,152,173,-21
124900111,3,98,-95
124900112,84,895,-811
124900113,174,325,-151
124900114,374,154,220
124900115,521,45,476
124900116,274,297,-23
124900117,876,198,678
124900118,330,345,-15
124900119,508,329,179
124900120,134,542,-408
124900121,214,582,-368
124900122,525,399,126
124900123,454,253,201
124900124,222,618,-396
129000186,240,43,197
204000001,104,9,95
204000002,28,3,25
204000003,37,9,28
204000004,45,4,41
204000005,716,486,230
204000006,1617,1282,335
204000011,31,63,-32
204000012,87,126,-39
204000019,761,633,128
204000020,1089,794,295
204000021,2766,983,1783
204000022,702,567,135
204000023,699,1137,-438
204000031,115,32,83
204000032,752,54,698
204000034,35,312,-277
204000035,4,6,-2
204000036,10,29,-19
204000037,3,22,-19
204000038,1,8,-7
204000039,177,47,130
204000040,12,32,-20
204000041,10,42,-32
204000042,93,19,74
204000043,35,11,24
204000044,99,3,96
204000045,93,9,84
204000046,35,7,28
204000057,12,21,-9
204000062,15,50,-35
204000068,41,371,-330
204000069,80,481,-401
204000070,199,239,-40
204000080,173,84,89
204000085,2437,2394,43
204000086,3127,2791,336
204000087,45,18,27
204000088,5,137,-132
204000090,56,500,-444
204000093,433,100,333
204000096,984,1256,-272
204000097,548,14,534
204000099,1344,1585,-241
204000100,1455,2208,-753
204000105,2494,2062,432
204000110,1924,2041,-117
204000111,512,1074,-562
204000112,2531,989,1542
204000113,672,861,-189
204000114,1211,1014,197
204000115,865,478,387
204000116,4794,744,4050
204000119,2018,3209,-1191
204000132,860,624,236
204000133,926,502,424
204000134,990,253,737
204000135,984,184,800
204000136,901,376,525
204000138,442,1356,-914
204000140,263,201,62
204000141,219,90,129
204000144,6,40,-34
204000145,757,44,713
204000146,32,469,-437
204000147,19,291,-272
204000148,1269,55,1214
204000154,21,5,16
204000155,11,7,4
204000177,115,69,46
204000179,38,25,13
204000180,0,28,-28
204000222,36,32,4
204000235,23,37,-14
204000236,84,371,-287
204000238,26,46,-20
204000240,507,97,410
204000263,673,1413,-740
204000268,1482,789,693
204000308,269,43,226
204000317,10,90,-80
204000322,29,60,-31
204000323,23,26,-3
204000328,255,70,185
204000329,46,223,-177
204000330,225,31,194
204000331,50,173,-123
204010341,20,261,-241
205000001,1369,2517,-1148
205000013,6,88,-82
205000014,39,139,-100
205000015,33,222,-189
205000016,57,182,-125
205000017,31,145,-114
205000022,334,1100,-766
205000025,1397,1574,-177
205000029,239,13,226
205000045,222,392,-170
205000046,220,606,-386
205000047,156,632,-476
205000048,441,1359,-918
205000049,212,963,-751
205000050,986,394,592
205000059,0,276,-276
205000060,1,101,-100
205000061,6,101,-95
205000062,4,74,-70
205000063,17,69,-52
205000064,16,104,-88
205000065,53,585,-532
205000066,116,913,-797
205000067,38,1044,-1006
205000069,238,25,213
205000082,226,208,18
205000110,102,281,-179
205000111,234,317,-83
205000112,257,313,-56
205000113,228,455,-227
205000121,315,85,230
205000123,42,325,-283
205000126,485,139,346
205000127,629,210,419
205000128,545,102,443
205000129,710,112,598
205000130,588,23,565
205000131,238,2,236
205000132,271,3,268
205000133,223,0,223
205000134,292,1,291
205000137,93,183,-90
205000138,264,424,-160
205000139,49,186,-137
205000144,233,113,120
205000145,852,219,633
205000151,189,56,133
205000152,372,37,335
205000153,313,52,261
205000154,125,56,69
205000155,128,20,108
205000207,19,267,-248
205000233,26,2,24
205000234,0,1,-1
205000243,5,0,5
205000244,0,4,-4
205000245,14,351,-337
205000249,0,61,-61
205000250,7,1,6
205000264,21,109,-88
206000027,9,10,-1
206000028,7,3,4
206000043,11,83,-72
206000053,6,15,-9
206000054,8,30,-22
206000055,2,44,-42
206000075,9,11,-2
206000076,45,17,28
206000077,43,9,34
206000078,26,4,22
206000079,30,4,26
206000082,478,36,442
206000100,39,781,-742
206000103,6,25,-19
206000104,12,26,-14
206000105,4,24,-20
206000106,17,60,-43
206000108,817,43,774
206000125,75,0,75
206000157,84,826,-742
206000170,2,289,-287
206000171,8,255,-247
206000172,8,672,-664
206000173,3,336,-333
206000174,21,137,-116
206000175,7,228,-221
206000176,15,295,-280
206000177,2,249,-247
206000178,1,187,-186
206000179,24,136,-112
206000180,15,221,-206
206000181,19,218,-199
206000182,6,204,-198
206000183,28,824,-796
206000184,7,499,-492
206000185,2,282,-280
206000186,108,1569,-1461
206000223,2,282,-280
206000226,40,3,37
206000227,42,3,39
206000237,35,390,-355
206000238,58,651,-593
206000239,353,2614,-2261
206000240,4,85,-81
206000241,2,124,-122
206000242,4,410,-406
206000243,24,275,-251
206000244,76,877,-801
206000245,831,71,760
206000246,211,7,204
206000247,206,21,185
206000248,383,12,371
206000252,113,33,80
206000258,32,43,-11
206000315,25,4,21
206000317,625,98,527
206000318,457,77,380
206000319,1306,144,1162
206000320,236,48,188
206000321,218,11,207
206000322,553,18,535
206000323,153,8,145
206000324,181,5,176
206000325,226,8,218
206000326,240,12,228
206000327,343,6,337
206000328,169,5,164
206000329,355,5,350
206000330,62,6,56
206000331,163,3,160
206000332,43,9,34
206000333,600,1,599
206000334,232,1,231
206000335,1,26,-25
206000361,6,280,-274
206000392,0,55,-55
206000405,153,0,153
206000441,37,16,21
206000498,50,5,45
206000515,129,38,91
206000530,213,62,151
206000531,199,183,16
206000532,2096,262,1834
206000535,372,2385,-2013
206000536,21,228,-207
206000537,17,265,-248
206000613,1497,193,1304
207000001,189,620,-431
207000002,172,389,-217
207000003,178,199,-21
207000007,952,284,668
207000008,102,10,92
207000009,99,28,71
207000010,528,550,-22
207000012,328,341,-13
207000015,307,1645,-1338
207000019,369,93,276
207000021,917,163,754
207000022,199,166,33
207000023,227,50,177
207000024,4,15,-11
207000025,62,75,-13
207000026,153,40,113
207000027,52,109,-57
207000028,98,268,-170
207000029,321,529,-208
207000033,264,385,-121
207000034,351,88,263
207000039,438,194,244
207000040,285,142,143
207000041,303,68,235
207000042,440,75,365
207000043,438,225,213
207000051,195,348,-153
207000052,144,186,-42
207000053,637,710,-73
207000054,42,179,-137
207000055,212,148,64
207000056,418,419,-1
207000057,168,355,-187
207000058,235,392,-157
207000059,103,747,-644
207000060,99,295,-196
207000061,247,516,-269
207000062,346,54,292
207000063,320,189,131
207000064,697,222,475
207000065,527,304,223
207000066,214,213,1
207000067,62,118,-56
207000068,187,72,115
207000069,844,482,362
207000082,6,271,-265
207000083,104,310,-206
207000084,285,283,2
207000085,176,11,165
207000086,141,5,136
207000106,63,40,23
207000107,100,33,67
207000108,70,33,37
207000109,94,15,79
207000110,142,104,38
207000111,106,74,32
207000112,260,692,-432
207000114,45,58,-13
207000115,38,108,-70
207000116,29,520,-491
207000117,16,147,-131
207000118,13,141,-128
207000119,29,135,-106
207000123,213,35,178
207000124,79,33,46
207000125,99,71,28
207000126,68,121,-53
207000134,79,173,-94
207000135,33,252,-219
207000148,91,387,-296
207000149,98,52,46
207000152,163,543,-380
207000153,1396,1558,-162
207000154,464,179,285
207000159,162,314,-152
207000160,181,595,-414
207000238,1,213,-212
207000242,6,275,-269
207000248,169,55,114
207000249,159,76,83
207000250,1014,91,923
207000251,157,97,60
207000252,163,86,77
207000278,120,100,20
207000279,34,236,-202
207000280,529,68,461
207000281,97,1193,-1096
207000282,363,97,266
207000283,166,274,-108
207000284,60,241,-181
207000285,118,54,64
207000291,17,177,-160
207000304,185,74,111
207000306,132,468,-336
207000310,97,86,11
207000353,310,3,307
207000356,28,38,-10
207000357,64,10,54
207000358,26,25,1
207000415,5,285,-280
207000417,64,4,60
207000418,185,194,-9
207000438,0,2,-2
207000439,1297,733,564
207000446,139,7,132
207000460,33,10,23
207000466,285,220,65
207000467,272,126,146
207000468,55,577,-522
207000476,12,108,-96
207000477,665,130,535
207000478,12,70,-58
207000523,0,19,-19
207000524,66,0,66
207000527,140,223,-83
207000530,489,9,480
207000531,368,13,355
207000532,211,43,168
207000534,585,96,489
207000535,64,423,-359
207000537,338,166,172
207000540,13,301,-288
207000541,7,522,-515
207000548,28,450,-422
207000549,786,23,763
207000561,211,235,-24
207000562,51,297,-246
207000567,281,286,-5
207000568,198,127,71
207000569,450,1136,-686
207000584,474,337,137
207000585,90,498,-408
207000616,0,186,-186
207000617,210,6,204
207900008,248,133,115
208000001,816,1117,-301
208000002,1341,634,707
208000003,1272,500,772
208000004,2128,755,1373
208000005,8,24,-16
208000019,813,1563,-750
208000020,198,683,-485
208000021,231,533,-302
208000022,1156,754,402
208000028,2218,1349,869
208000033,633,1374,-741
208000034,1565,1982,-417
208000037,383,34,349
208000040,242,242,0
208000041,1236,829,407
208000042,2040,978,1062
208000047,152,346,-194
208000064,3988,1882,2106
208000066,2764,2659,105
208000070,454,466,-12
208000071,415,1152,-737
208000072,440,1807,-1367
208000080,320,406,-86
208000081,324,195,129
208000082,347,419,-72
208000083,252,502,-250
208000084,49,25,24
208000085,1362,828,534
208000086,586,1230,-644
208000087,864,1005,-141
208000089,959,642,317
208000090,913,1057,-144
208000093,163,143,20
208000094,1998,612,1386
208000095,926,548,378
208000104,1343,1376,-33
208000105,1292,1477,-185
208000114,149,440,-291
208000115,630,668,-38
208000116,607,1392,-785
208000117,188,167,21
208000118,117,159,-42
208000155,1142,1266,-124
208000158,1843,3859,-2016
208000186,5013,4510,503
208000204,677,1099,-422
208000205,1343,1337,6
208000282,8002,3482,4520
209000004,938,220,718
209000005,72,47,25
209000006,468,160,308
209000007,338,362,-24
209000010,537,193,344
209000011,242,376,-134
209000012,818,295,523
209000013,499,536,-37
209000014,762,1707,-945
209000025,306,39,267
209000026,684,122,562
209000027,648,1227,-579
209000028,573,1060,-487
209000029,744,1038,-294
209000030,616,2101,-1485
209000031,4105,3166,939
209000034,226,216,10
209000035,148,194,-46
209000036,200,148,52
209000037,296,276,20
209000038,122,249,-127
209000039,68,159,-91
209000040,344,670,-326
209000041,216,525,-309
209000042,275,514,-239
209000043,934,1160,-226
209000044,250,999,-749
209000045,1844,854,990
209000046,682,1334,-652
209000047,662,376,286
209000048,723,524,199
209000049,129,207,-78
209000050,284,295,-11
209000051,430,539,-109
209000052,219,489,-270
209000062,46,138,-92
209000063,79,113,-34
209000064,53,143,-90
209000065,95,44,51
209000066,65,40,25
209000067,85,48,37
209000080,47,315,-268
209000082,100,52,48
209000091,49,149,-100
209000093,96,25,71
209000094,281,295,-14
209000110,31,130,-99
209000111,527,1729,-1202
209000112,1030,1265,-235
209000113,1913,1142,771
209000114,795,648,147
209000115,103,254,-151
209000116,924,683,241
209000118,41,47,-6
209000119,47,14,33
209000121,133,668,-535
209000135,101,185,-84
209000142,832,1575,-743
209000143,114,133,-19
209000144,101,144,-43
209000229,359,415,-56
209000240,27,470,-443
209000259,89,206,-117
209000260,67,1458,-1391
209000261,7,717,-710
209000262,2,590,-588
209000263,1,183,-182
209000264,0,114,-114
209000265,1308,10,1298
209000266,504,8,496
209000267,1228,14,1214
209000268,932,107,825
210000037,112,30,82
210000047,91,30,61
210000048,95,33,62
210000049,52,19,33
210000052,47,120,-73
210000053,39,79,-40
210000054,62,81,-19
210000070,186,3,183
210000071,106,3,103
210000072,50,0,50
210000073,1,41,-40
210000074,3,137,-134
210000075,3,86,-83
210000076,21,176,-155
210000077,16,45,-29
210000078,38,34,4
210000079,72,27,45
210000080,130,49,81
210000081,237,25,212
210000082,141,1,140
210000083,104,3,101
210000084,53,1,52
210000085,0,86,-86
210000086,1,135,-134
210000099,37,229,-192
210000100,45,182,-137
210000101,103,150,-47
210000105,68,211,-143
210000159,0,182,-182
210000163,223,241,-18
210000164,283,179,104
210000168,170,43,127
210000187,0,15,-15
210000188,0,19,-19
210000214,51,0,51
210000219,37,49,-12
210000220,98,76,22
210000232,5,35,-30
210000233,30,84,-54
210000234,36,131,-95
210000235,54,130,-76
210000245,9,51,-42
210000246,110,37,73
210000258,11,113,-102
210000259,590,68,522
210000282,149,251,-102
210000285,2,126,-124
210000286,15,195,-180
210000290,3,21,-18
210000295,34,131,-97
210000296,34,70,-36
210000320,216,131,85
210000321,157,107,50
210000338,90,105,-15
210000339,416,987,-571
210000340,135,351,-216
210000341,214,295,-81
210000342,203,204,-1
210000343,207,208,-1
210000344,164,113,51
210000345,208,213,-5
210000346,78,124,-46
210000347,131,29,102
210000348,148,18,130
210000349,89,26,63
210000350,134,92,42
210000351,165,184,-19
210000352,63,90,-27
210000353,59,127,-68
210000354,161,110,51
210000355,52,111,-59
210000356,61,88,-27
210000357,137,50,87
210000358,386,139,247
210000359,145,113,32
210000360,142,123,19
210000361,175,162,13
210000362,305,238,67
210000363,952,250,702
210000364,193,199,-6
210000365,161,104,57
210000366,144,70,74
210000367,171,39,132
210000368,220,49,171
210000369,21,15,6
210000370,64,34,30
210000372,45,35,10
210000373,54,15,39
210000374,51,15,36
210000375,40,79,-39
210000376,113,163,-50
210000404,79,139,-60
210000439,27,45,-18
210000472,127,8,119
210000482,105,104,1
210000564,569,301,268
210000567,1,47,-46
210000568,378,7,371
211000092,102,152,-50
211000094,26,12,14
211000169,371,27,344
211000172,30,324,-294
211000209,1,42,-41
211000226,28,43,-15
211000270,23,23,0
211000275,16,25,-9
211000276,152,58,94
211000279,65,44,21
211000281,62,59,3
211507980,5,74,-69
211977296,70,4,66
212000003,178,47,131
212000004,52,33,19
212000005,21,42,-21
212000006,54,87,-33
212000008,205,213,-8
212000009,49,192,-143
212000012,77,131,-54
212000013,28,69,-41
212000014,299,233,66
212000015,295,332,-37
212000016,445,755,-310
212000027,585,622,-37
212000028,361,580,-219
212000029,266,379,-113
212000030,67,41,26
212000031,70,66,4
212000048,57,150,-93
212000049,15,145,-130
212000050,14,14,0
212000051,203,298,-95
212000052,236,456,-220
212000053,455,896,-441
212000054,302,192,110
212000055,346,271,75
212000056,12,60,-48
212000057,15,36,-21
212000058,369,37,332
212000070,96,356,-260
212000077,191,1000,-809
212000099,331,333,-2
212000108,194,224,-30
212000111,230,129,101
212000120,122,105,17
212000138,152,32,120
212000156,21,224,-203
212000158,24,20,4
212000159,496,62,434
212000160,670,322,348
212000161,87,14,73
212000310,56,17,39
212000311,30,68,-38
212000374,48,8,40
213000001,43,658,-615
213000005,549,218,331
213000006,1293,482,811
213000007,304,28,276
213000009,1010,591,419
213000010,250,347,-97
213000011,308,195,113
213000012,183,508,-325
213000014,99,17,82
213000015,333,10,323
213000016,1232,4,1228
213000017,95,3,92
213000018,2,269,-267
213000019,4,314,-310
213000020,118,467,-349
213000021,2,158,-156
213000023,340,240,100
213000033,470,2025,-1555
213000034,934,450,484
213000035,163,399,-236
213000045,218,338,-120
213000046,301,268,33
213000047,840,1506,-666
213000056,317,67,250
213000069,132,5,127
213000073,3,48,-45
213000074,90,529,-439
213000075,562,8,554
213000076,72,1,71
213000085,16,48,-32
213000086,21,212,-191
213000091,157,23,134
213000092,120,16,104
213000099,275,1424,-1149
213000100,1470,298,1172
213000101,340,195,145
213000102,503,410,93
213000103,987,1158,-171
213000104,84,535,-451
213000105,2,141,-139
213000106,124,199,-75
213000107,208,818,-610
213000108,54,659,-605
213000109,20,325,-305
213000110,19,109,-90
213000111,3,78,-75
213000112,165,123,42
213000115,66,16,50
213000116,93,654,-561
213000117,27,1084,-1057
213000118,403,349,54
213000119,68,937,-869
213000120,181,852,-671
213000122,250,892,-642
213000123,629,1744,-1115
213000124,143,1797,-1654
213000125,221,21,200
213000126,175,213,-38
213000127,212,290,-78
213000128,774,1283,-509
213000129,530,674,-144
213000130,725,300,425
213000132,333,123,210
213000133,538,133,405
213000134,795,28,767
213000136,677,28,649
213000137,818,117,701
213000139,706,40,666
213000147,145,3,142
213000148,38,11,27
213000149,52,5,47
213000150,0,118,-118
213000151,7,116,-109
213000152,2,104,-102
213000153,2,92,-90
213000154,35,390,-355
213000155,76,409,-333
213000156,117,782,-665
213000157,756,567,189
213000158,395,1260,-865
213000159,650,831,-181
213000163,961,160,801
213000165,926,320,606
213000171,3,140,-137
213000172,4,447,-443
213000173,4,342,-338
213000174,2,215,-213
213000175,14,127,-113
213000176,52,54,-2
213000177,74,10,64
213000178,147,12,135
213000179,189,2,187
213000180,205,0,205
213000184,154,570,-416
213000188,450,107,343
213000189,383,63,320
213000190,1118,1239,-121
213000191,336,658,-322
213000192,283,538,-255
213000193,1308,389,919
213000194,1,83,-82
213000195,25,641,-616
213000196,337,1608,-1271
213000197,528,983,-455
213000198,117,6,111
213000200,173,1266,-1093
213000201,85,50,35
213000202,29,628,-599
213000203,4029,913,3116
213000204,846,141,705
213000205,512,144,368
213000206,960,87,873
213000207,289,18,271
213000208,203,2,201
213000209,226,3,223
213000210,680,1,679
213000211,6,13,-7
213000212,28,37,-9
213000213,24,67,-43
213000218,305,917,-612
213000219,572,24,548
213000220,521,15,506
213000223,256,301,-45
213000224,77,83,-6
213000225,91,20,71
213000226,116,18,98
213000227,1261,293,968
213000228,838,105,733
213000229,522,55,467
213000230,558,29,529
213000232,132,875,-743
213000233,12,195,-183
213000234,10,33,-23
213000293,18,84,-66
213000294,188,24,164
213000295,16,103,-87
213000296,69,22,47
213000297,7,110,-103
213000298,45,109,-64
213000299,103,54,49
213000300,16,3,13
213000303,4,35,-31
213000304,0,11,-11
213000305,9,10,-1
213000306,84,25,59
213000307,243,103,140
213000308,178,296,-118
213000309,225,91,134
213000310,613,174,439
213000311,359,871,-512
213000315,66,177,-111
213000316,188,86,102
213000322,169,168,1
213000323,83,106,-23
213000324,48,66,-18
213000325,36,158,-122
213000326,30,31,-1
213000327,31,83,-52
213000328,34,159,-125
213000329,99,63,36
213000340,251,848,-597
213000341,629,154,475
213000346,278,261,17
213000347,965,572,393
213000348,10,220,-210
213000349,46,14,32
213000350,355,1439,-1084
213000366,92,434,-342
213000367,233,40,193
213000379,118,128,-10
213000386,14,276,-262
213000406,118,590,-472
213000417,1292,542,750
213000425,198,36,162
213000426,214,73,141
213000427,73,344,-271
213000428,86,301,-215
213000429,36,1,35
213000430,120,1138,-1018
213000431,166,2,164
213000432,3,34,-31
213000433,28,204,-176
213000434,87,174,-87
213000435,103,112,-9
213000436,30,88,-58
213000437,3,31,-28
213000438,170,110,60
213000439,54,23,31
213000440,13,404,-391
213000441,4,1,3
213000442,0,45,-45
213000443,578,511,67
213000444,37,65,-28
213000445,0,93,-93
213000446,5,41,-36
213000447,1,47,-46
213000448,12,124,-112
213000449,352,14,338
213000450,22,64,-42
213000451,314,162,152
213000452,63,29,34
213000453,47,428,-381
213000455,648,6,642
213000456,0,326,-326
213000481,100,4,96
213000482,83,2,81
213000489,485,109,376
213000491,0,165,-165
213000492,463,78,385
213000493,0,105,-105
213000494,242,206,36
213000495,0,182,-182
213000496,433,222,211
213000497,72,351,-279
213000498,157,275,-118
213000499,263,798,-535
213000500,495,142,353
213000501,109,35,74
213000502,328,206,122
213000503,2,104,-102
213000504,17,184,-167
213000505,13,3,10
213000506,0,10,-10
213000507,2,175,-173
213900016,0,7,-7
213900244,69,0,69
213900245,0,37,-37
218000003,28,38,-10
218000004,67,25,42
218000005,358,58,300
218000006,70,33,37
218000007,40,18,22
218000012,309,233,76
218000013,138,166,-28
218000014,541,533,8
218000019,954,772,182
218000020,267,553,-286
218000021,31,74,-43
218000022,6,23,-17
218000023,4,44,-40
218000024,3,19,-16
218000025,14,25,-11
218000026,17,44,-27
218000027,0,26,-26
218000028,4,5,-1
218000029,9,4,5
218000030,28,40,-12
218000031,7,39,-32
218000032,6,44,-38
218000040,16,4,12
218000046,82,131,-49
218000047,21,180,-159
218000048,104,157,-53
218000049,136,173,-37
218000050,441,287,154
218000051,93,279,-186
218000052,1,131,-130
218000053,2,16,-14
218000054,8,60,-52
218000055,7,21,-14
218000056,12,25,-13
218000057,1,35,-34
218000064,4,35,-31
218000065,76,106,-30
218000066,19,92,-73
218000067,59,117,-58
218000068,138,164,-26
218000069,360,191,169
218000070,268,336,-68
218000071,221,211,10
218000072,360,264,96
218000078,796,1327,-531
218000079,149,129,20
218000080,129,155,-26
218000081,378,342,36
218000082,90,164,-74
218000083,61,79,-18
218000084,151,162,-11
218000085,151,473,-322
218000086,124,251,-127
218000087,209,249,-40
218000090,24,144,-120
218000091,1076,655,421
218000092,117,180,-63
218000093,76,117,-41
218000094,512,864,-352
218000099,391,747,-356
218000100,251,366,-115
218000101,380,164,216
218000102,374,343,31
218000103,99,223,-124
218000104,82,58,24
218000105,24,31,-7
218000106,15,23,-8
218000107,50,129,-79
218000108,7,48,-41
218000112,90,37,53
218000117,80,106,-26
218000134,565,1101,-536
218000135,61,147,-86
218000136,353,128,225
218000137,275,196,79
218000138,32,180,-148
218000139,246,422,-176
218000140,615,358,257
218000141,144,93,51
218000142,350,178,172
218000143,153,320,-167
218000144,84,82,2
218000145,432,456,-24
218000146,102,218,-116
218000151,11,44,-33
218000152,217,92,125
218000153,12,4,8
218000154,18,0,18
218000155,20,1,19
218000156,59,13,46
218000157,24,9,15
218000158,10,8,2
218000159,4,7,-3
218000160,3,7,-4
218000161,25,3,22
218000162,27,8,19
218000163,11,2,9
218000164,34,11,23
218000165,47,32,15
218000170,14,38,-24
218000171,103,17,86
218000172,19,17,2
218000173,138,7,131
218000174,59,11,48
218000176,281,49,232
218000177,398,476,-78
218000178,107,348,-241
218000179,60,124,-64
218000180,96,42,54
218000181,146,61,85
218000187,14,34,-20
218000188,14,61,-47
218000189,27,92,-65
218000190,25,31,-6
218000191,150,73,77
218000192,242,393,-151
218000193,404,576,-172
218000194,109,445,-336
218000195,157,100,57
218000196,387,366,21
218000197,368,362,6
218000198,61,169,-108
218000199,73,39,34
218000200,70,44,26
218000201,19,13,6
218000202,153,297,-144
218000207,5,55,-50
218000208,71,66,5
218000211,143,37,106
218000212,2,20,-18
218000213,153,107,46
218000214,4,27,-23
218000215,88,97,-9
218000217,7,126,-119
218000218,269,100,169
218000219,60,29,31
218000220,108,376,-268
218000221,937,255,682
218000222,59,51,8
218000223,50,388,-338
218000224,12,208,-196
218000225,186,61,125
218000226,122,119,3
218000230,2,18,-16
218000232,138,94,44
218000239,481,41,440
218000240,67,18,49
218000241,125,1,124
218000242,331,6,325
218000243,462,5,457
218000244,82,5,77
218000245,950,5,945
218000246,52,1,51
218000247,12,1,11
218000248,0,22,-22
218000249,0,1,-1
218000250,9,17,-8
218000251,3,16,-13
218000252,10,35,-25
218000253,9,36,-27
218000254,5,26,-21
218000255,2,32,-30
218000256,17,95,-78
218000267,860,1493,-633
218000268,12,65,-53
218000269,4,13,-9
218000270,96,68,28
218000271,20,56,-36
218000273,20,10,10
218000274,15,6,9
218000275,46,61,-15
218000276,15,52,-37
218000278,24,38,-14
218000279,86,65,21
218000280,44,35,9
218000281,17,20,-3
218000282,643,469,174
218000284,84,7,77
218000301,121,134,-13
218000302,164,83,81
218000303,90,109,-19
218000316,826,1375,-549
218000317,1322,1504,-182
218000318,638,1055,-417
218000319,1047,1440,-393
218000320,812,813,-1
218000338,75,29,46
218000345,211,85,126
218000346,50,283,-233
218000459,57,347,-290
218000490,59,53,6
218000501,184,132,52
218000502,40,94,-54
218000503,82,38,44
218000504,117,44,73
218000505,65,171,-106
218000506,34,275,-241
218000508,28,9,19
218000510,163,16,147
218000520,113,134,-21
218000521,8,89,-81
218000522,1,188,-187
218000523,140,2,138
218000524,79,212,-133
218000525,192,37,155
218000526,61,133,-72
218000529,78,265,-187
218000530,21,9,12
218000531,14,46,-32
218000532,50,35,15
218000534,164,26,138
218000537,37,101,-64
218000538,340,283,57
218000540,877,95,782
218000543,110,92,18
218000544,41,129,-88
218000545,43,80,-37
218000546,31,98,-67
218000547,129,153,-24
218000548,166,176,-10
218000549,470,419,51
218000550,204,424,-220
218000551,176,970,-794
218000552,504,58,446
218000553,49,99,-50
218000554,39,48,-9
218000555,41,48,-7
218000556,248,315,-67
218000557,270,164,106
218000558,129,1,128
218000559,0,34,-34
218000560,0,26,-26
218000561,33,0,33
218000562,32,246,-214
218000563,233,28,205
218000564,30,156,-126
218000565,210,37,173
218000566,553,37,516
218000567,2,111,-109
218000568,40,0,40
218000569,21,119,-98
218000570,189,15,174
218000571,3,178,-175
218000572,180,2,178
218000573,18,144,-126
218000574,154,57,97
218000575,129,1,128
218000576,0,89,-89
218000577,160,4,156
218000578,1,111,-110
218000579,203,18,185
218000581,14,107,-93
218000582,76,11,65
218000583,33,0,33
218000584,1,29,-28
218000585,65,15,50
218000586,13,63,-50
218000587,10,6,4
218000588,1,8,-7
218000589,2,6,-4
218000590,13,1,12
218000591,22,4,18
218000592,38,0,38
218000593,2,1,1
218000594,0,2,-2
218000595,0,0,0
218000596,0,1,-1
218000597,0,0,0
218000598,2,1,1
218000599,0,0,0
218000600,171,0,171
218000601,1,0,1
218000602,4,28,-24
218000603,0,10,-10
218000604,49,1,48
218000605,0,215,-215
218000606,298,0,298
218000607,31,48,-17
218000608,69,25,44
218000609,4,77,-73
218000610,66,5,61
218000611,48,0,48
218000612,3,35,-32
218000613,54,6,48
218000614,7,72,-65
218000615,188,3,185
218000616,34,223,-189
218000617,27,3,24
218000618,0,22,-22
218000619,87,51,36
218000620,30,34,-4
218000621,0,3,-3
218000622,0,26,-26
218000623,343,2,341
218000624,33,27,6
218000625,51,0,51
218000626,0,10,-10
218000628,164,49,115
218000631,46,38,8
218000632,2,139,-137
218000633,159,4,155
218000634,10,23,-13
218000635,11,19,-8
218000636,1074,1866,-792
218000637,1071,684,387
218000638,186,33,153
218000639,22,241,-219
218000640,345,21,324
218000641,107,427,-320
218000652,64,139,-75
218000653,183,93,90
218000663,9,152,-143
218000675,100,108,-8
218000676,1,20,-19
218000677,13,8,5
218000680,462,554,-92
218000681,461,173,288
218000691,269,327,-58
218000693,293,203,90
218000703,10,58,-48
218000718,1025,1201,-176
218000719,1531,653,878
218000720,42,180,-138
218000721,537,10,527
218000725,13,23,-10
218001214,30,102,-72
218001258,211,14,197
218001329,153,161,-8
218001330,141,113,28
218001351,44,19,25
218001352,27,14,13
218001353,33,17,16
218001354,7,19,-12
218001356,414,40,374
218001358,408,12,396
218001361,241,69,172
219000001,73,73,0
219000002,62,70,-8
219000003,47,27,20
219000004,29,44,-15
219000017,110,15,95
219000020,265,327,-62
219000022,166,39,127
219000023,881,10,871
219000029,0,117,-117
219000034,50,15,35
219000039,118,115,3
219000040,106,50,56
219000041,148,26,122
219000051,0,47,-47
219000052,0,27,-27
219000053,4,178,-174
219000054,71,93,-22
219000055,152,2,150
219000056,37,0,37
219000057,97,5,92
219000062,19,91,-72
219000063,102,9,93
219000064,2,96,-94
219000110,663,61,602
219000111,229,50,179
219000112,210,92,118
219000113,144,290,-146
219000114,269,927,-658
219000116,105,113,-8
219000117,223,103,120
219000118,1167,72,1095
219000123,320,127,193
219000124,153,67,86
219000125,10,12,-2
219000126,145,119,26
219000127,0,6,-6
219000128,8,137,-129
219000129,27,128,-101
219000130,535,561,-26
219000131,790,953,-163
219000133,161,56,105
219000134,20,17,3
219000135,54,62,-8
219000136,105,216,-111
219000138,117,33,84
219000139,43,51,-8
219000140,44,1,43
219000141,27,162,-135
219000142,19,109,-90
219000143,34,124,-90
219000145,34,53,-19
219000146,6,29,-23
219000147,0,45,-45
219000148,0,48,-48
219000149,8,115,-107
219000150,4,109,-105
219000151,2,53,-51
219000157,356,179,177
219000158,343,296,47
219000161,134,8,126
219000163,1765,687,1078
219000166,284,230,54
219000167,294,261,33
219000168,360,253,107
219000174,466,189,277
219000175,70,3,67
219000176,113,12,101
219000177,55,8,47
219000178,82,3,79
219000179,16,4,12
219000180,38,38,0
219000182,153,26,127
219000183,104,38,66
219000184,111,9,102
219000185,3,94,-91
219000186,49,62,-13
219000187,52,110,-58
219000189,125,172,-47
219000190,178,230,-52
219000191,1272,1306,-34
219000192,217,154,63
219000193,352,195,157
219000195,6,57,-51
219000196,11,142,-131
219000198,19,162,-143
219000199,74,384,-310
219000200,67,394,-327
219000201,96,357,-261
219000203,96,168,-72
219000204,538,261,277
219000205,300,210,90
219000207,193,343,-150
219000209,29,111,-82
219000210,51,118,-67
219000213,17,216,-199
219000239,238,330,-92
219000240,314,449,-135
219000241,136,264,-128
219000242,77,175,-98
219000243,140,296,-156
219000244,39,98,-59
219000245,17,55,-38
219000246,30,31,-1
219000247,210,46,164
219000248,879,424,455
219000249,165,132,33
219000250,169,177,-8
219000251,676,300,376
219000252,252,204,48
219000253,615,80,535
219000255,133,132,1
219000256,385,89,296
219000257,122,1,121
219000262,280,168,112
219000263,56,157,-101
219000267,6,158,-152
219000268,2,4,-2
219000269,6,5,1
219000270,5,0,5
219000271,89,10,79
219000278,8,11,-3
219000279,29,6,23
219000283,0,13,-13
219000295,8,139,-131
219000296,71,646,-575
219000297,12,144,-132
219000298,18,215,-197
219000299,467,102,365
219000300,31,203,-172
219000301,270,396,-126
219000302,42,312,-270
219000307,80,63,17
219000308,35,141,-106
219000311,187,81,106
219000312,701,134,567
219000313,443,59,384
219000314,61,565,-504
219000315,254,46,208
219000316,586,77,509
219000317,94,29,65
219000320,2,75,-73
219000321,0,20,-20
219000323,8,99,-91
219000325,3,19,-16
219000326,42,88,-46
219000327,56,35,21
219000328,36,62,-26
219000329,438,144,294
219000330,57,45,12
219000331,50,51,-1
219000332,148,109,39
219000333,29,20,9
219000335,85,4,81
219000337,17,1,16
219000338,100,2,98
219000344,126,73,53
219000345,59,110,-51
219000346,47,141,-94
219000348,124,141,-17
219000349,33,232,-199
219000350,123,226,-103
219000351,7,6,1
219000352,497,114,383
219000353,103,61,42
219000354,252,153,99
219000355,249,94,155
219000356,1657,1450,207
219000363,310,49,261
219000364,104,42,62
219000365,115,19,96
219000366,318,339,-21
219000368,502,696,-194
219000370,1422,520,902
219000371,14,23,-9
219000382,35,32,3
219000383,748,1095,-347
219000385,686,544,142
219000386,930,1578,-648
219000387,7,7,0
219000390,32,1,31
219000391,1,0,1
219000397,84,91,-7
219000398,84,118,-34
219000401,13,134,-121
219000402,92,187,-95
219000403,236,382,-146
219000404,33,165,-132
219000407,9,56,-47
219000409,64,66,-2
219000410,169,59,110
219000411,68,21,47
219000446,238,446,-208
219000447,1,15,-14
219000448,46,14,32
219000452,154,72,82
219000453,62,158,-96
219000454,343,300,43
219000556,274,101,173
219000558,365,253,112
219000590,61,209,-148
219000591,96,115,-19
219000592,135,396,-261
219000595,8,35,-27
219000635,229,63,166
219000636,26,98,-72
219000657,25,64,-39
219000658,33,92,-59
219000673,0,40,-40
219000676,201,27,174
219000679,39,14,25
219000684,104,1,103
219000685,1,85,-84
219000686,2,0,2
219000688,0,96,-96
219000689,32,288,-256
219000690,180,19,161
219000691,54,215,-161
219000692,167,56,111
219000693,1,26,-25
219000694,11,1,10
219000695,51,6,45
219000698,34,0,34
219000699,0,31,-31
219000727,5,95,-90
219000728,220,5,215
219000770,53,4,49
219000771,1,41,-40
219000788,623,170,453
219001150,15,23,-8
219001151,0,1,-1
219001166,42,20,22
219001167,2,139,-137
219001178,65,1,64
220000001,96,95,1
220000002,15,184,-169
220000003,1062,290,772
220000004,1267,708,559
220000005,2100,2326,-226
220000006,508,1189,-681
220000007,538,761,-223
220000008,520,1261,-741
220000009,388,609,-221
220000010,427,218,209
220000011,761,3879,-3118
220000012,142,422,-280
220000014,133,65,68
220000015,91,222,-131
220000017,51,367,-316
220000018,6206,2944,3262
220000019,160,378,-218
220000020,722,426,296
220000021,1080,277,803
220000022,877,575,302
220000023,469,227,242
220000024,2361,411,1950
220000025,1231,1157,74
220000026,334,306,28
220000027,67,133,-66
220000028,71,71,0
220000029,124,259,-135
220000030,154,93,61
220000031,493,353,140
220000064,26,1302,-1276
221000046,16,0,16
221000047,0,1,-1
221000048,0,2,-2
221000049,1,22,-21
221000050,43,0,43
221000055,41,56,-15
221000057,83,23,60
221000068,392,132,260
221000069,321,68,253
221000070,193,21,172
221000071,65,11,54
221000072,225,25,200
221000073,341,49,292
221000074,3,15,-12
221000075,14,24,-10
221000076,21,32,-11
221000077,30,144,-114
221000081,30,18,12
221000082,47,20,27
221000083,30,7,23
221000084,9,11,-2
221000085,80,80,0
221000086,41,154,-113
221000087,5,190,-185
221000088,10,188,-178
221000089,47,378,-331
221000090,128,614,-486
221000098,120,15,105
221000099,151,16,135
221000100,86,10,76
221000101,215,18,197
221000102,116,14,102
221000109,9,115,-106
221000110,13,136,-123
221000111,23,200,-177
221000112,2,180,-178
221000113,18,193,-175
221000114,7,162,-155
221000120,58,34,24
221000121,11,29,-18
221000122,63,27,36
221000123,12,33,-21
221000124,51,372,-321
221000155,95,13,82
221000156,75,27,48
221000175,4,2,2
221000176,0,5,-5
221000182,55,14,41
221000241,722,260,462
221000242,231,491,-260
221000243,715,201,514
221000244,346,641,-295
221000245,285,130,155
221000246,92,305,-213
221000247,100,154,-54
221000248,97,180,-83
221000267,87,798,-711
221000325,221,62,159
221000331,9,165,-156
221000338,19,28,-9
221000378,164,28,136
221000381,43,86,-43
222000282,11,3,8
222000296,4,52,-48
222000568,297,15,282
222000569,260,43,217
222000570,208,23,185
222000571,241,45,196
222000577,10,241,-231
222000578,48,245,-197
222000579,41,224,-183
222000580,126,1467,-1341
222000599,2,241,-239
222000600,3,527,-524
222000601,14,1700,-1686
222000603,68,52,16
222000604,7,63,-56
222000605,34,33,1
222000606,1,19,-18
222000607,15,7,8
222000608,39,22,17
222000609,98,352,-254
222000616,345,65,280
222000617,27,25,2
222000618,11,7,4
222000620,57,11,46
222000621,148,11,137
222000623,688,10,678
222000624,404,3,401
222000625,695,56,639
222000636,39,8,31
222000686,106,15,91
222000687,84,63,21
222001066,435,3,432
222001067,20,3,17
222001068,43,33,10
222001069,31,66,-35
222001082,15,81,-66
222001083,16,70,-54
222001084,0,93,-93
222001085,0,162,-162
222001111,51,240,-189
222001112,107,47,60
222001313,34,6,28
222001314,12,168,-156
222001464,46,64,-18
222001465,47,119,-72
222001484,121,86,35
222001485,30,64,-34
222001494,412,172,240
222001495,184,384,-200
222001496,325,123,202
222001497,223,748,-525
222001502,37,148,-111
222001503,188,75,113
222001504,33,394,-361
222001505,453,36,417
222001506,42,446,-404
222001507,345,24,321
222001510,383,36,347
222001511,43,529,-486
222001514,679,308,371
222001515,314,841,-527
222001518,314,91,223
222001519,60,409,-349
222001527,275,112,163
222001528,71,232,-161
222001529,321,62,259
222001530,53,308,-255
222001533,268,391,-123
222001534,376,135,241
222001535,313,325,-12
222001536,217,401,-184
222001537,376,48,328
222001538,76,717,-641
222001563,614,96,518
222001564,94,700,-606
222001568,540,150,390
222001576,7,0,7
222001579,2,15,-13
222001583,21,191,-170
222001584,110,11,99
222001596,1524,1515,9
222001597,3887,335,3552
222001626,2,342,-340
222001650,355,136,219
222001651,161,152,9
222001914,269,101,168
222001915,91,358,-267
222001968,556,352,204
222001969,625,1004,-379
222001970,268,261,7
222001971,13,19,-6
222001972,2,61,-59
225000001,637,238,399
225000002,1124,189,935
225000003,909,113,796
225000004,380,236,144
225000005,146,58,88
225000006,2,232,-230
225000007,2357,1567,790
225000010,322,19,303
225000011,504,888,-384
225000012,188,515,-327
225000013,90,117,-27
225000014,932,126,806
225000015,89,202,-113
225000021,796,188,608
225000027,297,794,-497
225000032,671,186,485
225000042,89,712,-623
225000049,74,78,-4
225000050,107,14,93
225000053,6,390,-384
225000058,679,204,475
225000067,428,205,223
225000068,152,433,-281
225000069,178,501,-323
225000070,66,517,-451
225000071,53,240,-187
225000075,28,1197,-1169
225000076,85,147,-62
225000078,87,58,29
225000085,64,138,-74
225000086,247,64,183
225000087,228,18,210
225000088,18,256,-238
225000089,378,1163,-785
225000090,82,513,-431
225000091,186,271,-85
225000092,193,87,106
225000093,529,317,212
225000094,51,368,-317
225000095,307,531,-224
225000096,413,655,-242
225000098,678,343,335
225000099,332,199,133
225000100,370,221,149
225000104,99,553,-454
225000110,18,538,-520
225000111,294,1256,-962
225000112,449,1340,-891
225000113,237,613,-376
225000114,78,331,-253
225000115,1912,770,1142
225000116,1169,214,955
225000117,812,264,548
225000118,971,288,683
225000119,245,93,152
225000120,1103,53,1050
225000121,363,34,329
225000123,620,27,593
225000125,434,235,199
225000126,880,182,698
225000127,818,1322,-504
225000128,503,815,-312
225000132,281,46,235
225000133,323,52,271
225000134,635,180,455
225000135,67,17,50
225000136,260,21,239
225000137,320,67,253
225000138,381,61,320
225000143,125,553,-428
225000144,3,601,-598
225000145,208,67,141
225000146,107,129,-22
225000147,47,384,-337
225000148,11,257,-246
225000149,115,594,-479
225000151,50,318,-268
225000155,410,634,-224
225000156,248,1000,-752
225000157,245,422,-177
225000158,55,387,-332
225000171,5,242,-237
225000180,124,64,60
225000181,0,88,-88
225000182,83,23,60
225000185,22,410,-388
225000187,134,423,-289
225000191,122,6,116
225000194,0,4,-4
225000208,4,46,-42
225000209,79,19,60
225000210,16,271,-255
225000217,0,14,-14
225000218,50,3,47
225000223,2,48,-46
225000224,107,1,106
225000225,0,14,-14
225000226,37,1,36
225000227,60,143,-83
225000228,15,15,0
225000229,0,97,-97
225000230,258,1,257
225000231,1,76,-75
225000232,206,0,206
225000241,91,0,91
225000242,0,61,-61
225000249,16,1,15
225000250,48,1020,-972
225000251,363,63,300
225000254,3,1,2
225000256,10,96,-86
225000257,1,90,-89
226000042,428,541,-113
226000043,69,309,-240
226000044,139,703,-564
226000045,85,567,-482
226000046,344,124,220
226000047,397,95,302
226000048,471,122,349
226000049,250,193,57
226000070,0,45,-45
226000071,1,67,-66
226000072,0,23,-23
226000073,0,13,-13
226000074,0,9,-9
226000084,2,68,-66
226000085,4,18,-14
226000086,3,14,-11
226000087,12,35,-23
226000088,54,47,7
226000090,237,71,166
226000091,21,48,-27
226000092,25,11,14
226000093,31,2,29
226000094,23,3,20
226000095,42,26,16
226000105,17,0,17
226000106,20,3,17
226000107,9,0,9
226000108,74,0,74
226000109,88,6,82
226000124,153,56,97
226000134,652,499,153
226000135,1571,594,977
226000136,1901,455,1446
226000137,15,420,-405
226000138,18,244,-226
226000139,4,26,-22
226000156,163,9,154
226000157,590,18,572
226000163,89,115,-26
226000202,17,423,-406
226000231,326,31,295
226000232,86,10,76
227000033,270,42,228
227000036,272,23,249
227000037,304,20,284
227000038,252,26,226
227000084,1,120,-119
227000085,0,73,-73
227000088,55,6,49
227000089,98,3,95
227000090,62,1,61
227000091,10,2,8
227000092,41,1,40
227000093,111,0,111
227000094,17,0,17
227000130,42,87,-45
227000131,82,285,-203
227000132,8,302,-294
227000133,21,320,-299
227000134,22,473,-451
227000152,0,7,-7
227000153,1,68,-67
227000154,0,22,-22
227000155,2,20,-18
227000156,1,26,-25
227000165,11,45,-34
227000196,333,294,39
227000199,342,628,-286
227000230,27,621,-594
227000232,651,21,630
227000242,84,658,-574
227000243,443,55,388
227000245,28,475,-447
227000246,135,640,-505
227000247,374,92,282
227000248,249,32,217
227000249,29,276,-247
227000250,599,137,462
227000251,200,234,-34
227000252,52,495,-443
227000253,128,16,112
227000262,297,36,261
227000266,1350,26,1324
227000267,45,1975,-1930
227000282,7,260,-253
227000284,582,30,552
227000286,3,105,-102
227000287,10,186,-176
227000291,20,739,-719
227000296,312,274,38
227000484,321,15,306
227000485,33,925,-892
227000655,168,25,143
227000656,747,40,707
227000657,122,19,103
227000661,326,20,306
229000265,15,36,-21
229000296,36,37,-1
229000297,5,36,-31
229000298,0,142,-142
229000320,36,11,25
229000321,87,7,80
229000412,13,76,-63
229000414,5,62,-57
229000415,37,3,34
229000416,6,10,-4
229000417,6,34,-28
229000419,235,368,-133
229000440,529,62,467
229000442,18,5,13
229000443,1,6,-5
229000444,4,35,-31
229000445,97,14,83
229000446,78,17,61
229000491,1,19,-18
229000492,14,128,-114
229000493,6,138,-132
229000494,36,7,29
229000495,95,12,83
229000496,47,3,44
229000507,0,60,-60
229000508,0,47,-47
229000509,0,70,-70
229000510,1,42,-41
229000511,3,45,-42
229000512,0,27,-27
229000513,0,4,-4
229000514,0,4,-4
229000517,4,14,-10
229000518,9,29,-20
229000519,0,15,-15
229000520,21,45,-24
229000521,51,14,37
229000522,8,7,1
229000523,16,9,7
229000524,1,5,-4
229000527,2,1,1
229000528,1,0,1
229000529,13,0,13
229000530,64,4,60
229000531,40,0,40
229000532,46,3,43
229000533,108,1,107
229000534,70,2,68
229000564,51,1,50
229000565,18,0,18
229000566,0,6,-6
229000567,0,39,-39
229000582,88,6,82
229000583,5,3,2
229000584,0,31,-31
229000585,1,83,-82
229000718,0,1,-1
229000719,0,4,-4
229000720,0,5,-5
229000721,0,12,-12
229000722,0,9,-9
229000723,0,11,-11
229000724,0,2,-2
229000725,0,1,-1
229000738,2,0,2
229000739,14,0,14
229000740,0,0,0
229000741,12,0,12
229000742,6,0,6
229000743,14,0,14
229000744,2,0,2
229000745,3,0,3
229000746,29,0,29
229000847,40,0,40
229000848,15,0,15
229000849,67,0,67
229000851,41,2,39
229000854,0,38,-38
229000856,1,102,-101
229000857,0,36,-36
229000858,0,60,-60
229000919,34,94,-60
229000930,8,319,-311
229000937,69,26,43
229000966,29,29,0
229000981,25,55,-30
229000985,11,43,-32
229000986,5,7,-2
229000987,1,1,0
229000988,2,12,-10
229000989,5,25,-20
229000990,15,7,8
229000991,0,2,-2
229000992,22,20,2
229000993,177,54,123
229000998,4,60,-56
229000999,62,9,53
229001034,0,18,-18
229001035,11,4,7
229001037,51,8,43
229001042,21,25,-4
229001047,5,50,-45
229001050,50,53,-3
229001168,0,21,-21
229001200,9,2,7
229001338,5,81,-76
229001394,149,2,147
229001422,98,27,71
229001423,44,193,-149
229001431,67,52,15
229001432,79,90,-11
229001444,217,55,162
229001445,32,211,-179
229001479,11,2,9
229001503,103,80,23
229001504,125,228,-103
229001505,106,44,62
229001506,108,193,-85
229001509,70,34,36
229001545,77,5,72
229001546,51,152,-101
229001553,101,13,88
229001554,107,142,-35
229001630,82,12,70
229001631,7,48,-41
229001635,1,6,-5
229001636,20,1,19
229001658,1,156,-155
229001659,78,3,75
229001660,13,13,0
229001661,18,11,7
229001662,14,0,14
229001663,0,64,-64
229002584,225,206,19
229002831,245,223,22
229002841,3,26,-23
229002842,36,38,-2
229002843,128,36,92
229002844,53,68,-15
229002845,15,77,-62
229002846,27,17,10
229002847,5,6,-1
229002848,17,34,-17
229002849,3,94,-91
229002850,25,0,25
229002851,35,124,-89
229002852,213,36,177
229002853,194,31,163
229002854,28,64,-36
229002855,9,32,-23
229002856,38,32,6
229002857,11,68,-57
229002858,29,24,5
229002859,31,45,-14
229002860,271,26,245
229002861,411,29,382
229002862,131,26,105
229002863,27,13,14
229002864,29,47,-18
229002865,9,19,-10
229002866,12,19,-7
229002867,6,28,-22
229002868,24,25,-1
229002869,15,168,-153
229002870,55,10,45
235000066,523,72,451
235000067,146,99,47
235000072,29,67,-38
235000073,71,384,-313
235000074,40,84,-44
235000080,46,119,-73
235000081,146,228,-82
235000082,124,106,18
235000083,158,140,18
235000084,62,92,-30
235000085,126,106,20
235000089,57,33,24
235000092,41,180,-139
235000093,14,13,1
235000097,3,6,-3
235000098,58,15,43
235000099,65,25,40
235000116,77,17,60
235000117,931,17,914
235000133,7,379,-372
235000134,16,140,-124
235000206,13,4,9
235000207,10,5,5
235000208,10,1,9
235000209,12,0,12
235000210,8,2,6
235000212,6,28,-22
235000213,2,15,-13
235000220,2,6,-4
235000221,89,11,78
235000238,18,74,-56
235000239,1,15,-14
235000242,439,536,-97
235000245,778,257,521
235000246,20,96,-76
235000284,20,147,-127
235000295,269,13,256
235000305,333,19,314
235000306,180,9,171
235000307,77,1,76
235000308,48,0,48
235000309,101,1,100
235000310,53,0,53
235000311,211,31,180
235000322,0,37,-37
235000323,2,60,-58
235000324,0,28,-28
235000325,2,12,-10
235000326,14,261,-247
235000351,5,73,-68
235000352,20,64,-44
235000353,2,39,-37
235000354,14,46,-32
235000355,15,64,-49
235000356,1139,18,1121
235000357,258,18,240
235000358,136,10,126
235000359,19,10,9
235000360,112,12,100
235000361,54,15,39
235000381,71,289,-218
235000382,116,110,6
235000390,19,4,15
235000391,109,27,82
235000392,204,246,-42
235000393,134,144,-10
235000395,118,43,75
235000396,403,108,295
235000400,95,54,41
235000401,34,199,-165
235000405,65,324,-259
235000406,47,358,-311
235000407,191,146,45
235000409,337,180,157
235000410,30,309,-279
235000411,1,89,-88
235000485,0,17,-17
235000486,19,0,19
235000549,189,151,38
235000550,99,242,-143
235000599,124,89,35
235000600,15,10,5
235000601,13,53,-40
235000602,160,118,42
235000614,0,3,-3
235000648,1,26,-25
235000649,30,1,29
235000685,0,4,-4
235000815,9,36,-27
235000834,0,18,-18
235000855,81,84,-3
235000862,32,173,-141
235000891,0,7,-7
235000892,16,9,7
235000901,296,139,157
235000907,7,13,-6
235001010,91,131,-40
235001029,608,581,27
235001030,357,324,33
235001078,102,127,-25
235001079,56,146,-90
235001147,7,60,-53
235001166,12,116,-104
235001167,21,55,-34
235001169,38,360,-322
235001188,1,10,-9
235001189,9,0,9
235001197,8,15,-7
235001200,36,31,5
235001207,244,24,220
235001210,28,114,-86
235001215,59,141,-82
235001239,1,59,-58
235001244,0,5,-5
235016267,0,116,-116
277101746,0,0,0
277102712,11,22,-11
277103813,0,0,0
277103814,0,0,0
277103898,0,1,-1
277104249,0,6,-6
277104250,0,5,-5
277104251,0,8,-8
277104252,0,1,-1
990011530,0,235,-235
990014944,3,818,-815
990015176,32,0,32
990015618,1,336,-335
990016032,3,611,-608
990032570,4,333,-329
990070001,91,3,88
990070103,0,2,-2
990070601,1,106,-105
990070751,926,7,919
990070766,1,639,-638
990071180,655,271,384
990071343,19,2,17
990071387,0,34,-34
990071823,762,7,755
990072600,1,976,-975
990072964,1,649,-648
990073285,0,4,-4
990074393,4,1112,-1108
990074870,1534,16,1518
990075106,2227,23,2204
990075746,491,3,488
990076437,1334,3,1331
990076458,1,1042,-1041
997000007,832,6,826
997000041,2,295,-293
997000058,74,0,74
997000062,66,2,64
997000069,0,7,-7
997000070,1,39,-38
997000100,77,37,40
997000141,24,4518,-4494
997000198,8,2796,-2788
998000475,15,48,-33
998000736,2,240,-238
998000965,1,15,-14
998001031,0,94,-94
998001700,0,39,-39
998001899,0,0,0
998001900,6,0,6
998003073,3802,86,3716
998101900,0,0,0
998102850,15,235,-220
998501927,1558,601,957
998501929,122,6,116
998501930,66,0,66
998501931,146,31,115
998501932,10,1,9
998501933,82,2,80
998501937,35,3,32
998501944,20,1,19
998501970,271,146,125
998501971,0,93,-93
998501973,0,61,-61
998501974,1,320,-319
998501975,252,1,251
998501976,124,0,124
998501977,0,33,-33
998501978,92,1,91
998501979,0,25,-25
998501980,229,11,218
998501981,42,2,40
998501982,1,127,-126
998501983,0,0,0
998502006,0,0,0
998502024,0,8,-8
998502032,1,4,-3
998502062,17,3,14
998502063,0,0,0
998502173,49,0,49
998502269,0,3,-3
998601159,7,222,-215
998601292,0,23,-23
999033574,3,918,-915
999800001,70,5,65
999800002,0,5,-5
999800003,12,12,0
999800004,0,3,-3
999800005,0,11,-11
