dong,insum,outsum,diff
강남구 개포1동,1200,1029,171
강남구 개포2동,14841,10765,4076
강남구 개포4동,10659,6353,4306
강남구 논현1동,27107,26856,251
강남구 논현2동,15122,19959,-4837
강남구 대치1동,12598,16152,-3554
강남구 대치2동,23924,29400,-5476
강남구 대치4동,20190,19562,628
강남구 도곡1동,17884,18167,-283
강남구 도곡2동,5830,6532,-702
강남구 삼성1동,27035,31355,-4320
강남구 삼성2동,15679,15038,641
강남구 세곡동,25494,14454,11040
강남구 수서동,14722,19505,-4783
강남구 신사동,15296,19158,-3862
강남구 압구정동,27134,33375,-6241
강남구 역삼1동,57498,54193,3305
강남구 역삼2동,22174,18337,3837
강남구 일원1동,8012,7342,670
강남구 일원2동,3512,2327,1185
강남구 일원본동,12921,8289,4632
강남구 청담동,24529,25495,-966
강동구 강일동,14523,8032,6491
강동구 고덕제1동,6542,4722,1820
강동구 고덕제2동,7363,10484,-3121
강동구 길동,13143,9649,3494
강동구 둔촌제1동,293,326,-33
강동구 둔촌제2동,6896,6481,415
강동구 명일제1동,11433,12830,-1397
강동구 명일제2동,10066,7336,2730
강동구 상일동,10563,8404,2159
강동구 성내제1동,7194,5320,1874
강동구 성내제2동,6417,8826,-2409
강동구 성내제3동,10929,10031,898
강동구 암사제1동,9588,5328,4260
강동구 암사제2동,2624,5648,-3024
강동구 암사제3동,2556,780,1776
강동구 천호제1동,4474,4204,270
강동구 천호제2동,11796,18080,-6284
강동구 천호제3동,7800,8756,-956
강북구 미아동,18006,18394,-388
강북구 번1동,27103,28682,-1579
강북구 번2동,9917,7965,1952
강북구 번3동,20320,11640,8680
강북구 삼각산동,6004,4160,1844
강북구 삼양동,15865,10569,5296
강북구 송중동,41206,41959,-753
강북구 송천동,29649,28139,1510
강북구 수유1동,21044,15395,5649
강북구 수유2동,13971,8784,5187
강북구 수유3동,31552,41351,-9799
강북구 우이동,15896,13345,2551
강북구 월곡제1동,2283,2230,53
강북구 인수동,14739,10446,4293
강서구 가양제1동,12540,11791,749
강서구 가양제2동,3364,2172,1192
강서구 가양제3동,3628,2368,1260
강서구 공항동,10959,10959,0
강서구 등촌제1동,14567,17541,-2974
강서구 등촌제2동,8690,5281,3409
강서구 등촌제3동,16315,21457,-5142
강서구 발산제1동,22188,18333,3855
강서구 방화제1동,10581,10362,219
강서구 방화제2동,8012,9576,-1564
강서구 방화제3동,2555,1719,836
강서구 염창동,10096,7019,3077
강서구 우장산동,16561,15274,1287
강서구 화곡본동,10159,6667,3492
강서구 화곡제1동,27233,28496,-1263
강서구 화곡제2동,8640,4982,3658
강서구 화곡제3동,8083,9484,-1401
강서구 화곡제4동,9093,6404,2689
강서구 화곡제6동,21373,14566,6807
강서구 화곡제8동,10933,11561,-628
관악구 낙성대동,26145,38352,-12207
관악구 난곡동,18441,7786,10655
관악구 난향동,9246,4641,4605
관악구 남현동,11222,10959,263
관악구 대학동,31779,38894,-7115
관악구 미성동,22091,17064,5027
관악구 보라매동,15821,14833,988
관악구 삼성동,19488,16515,2973
관악구 서림동,23071,8875,14196
관악구 서원동,28332,44146,-15814
관악구 성현동,17580,9871,7709
관악구 신림동,28906,38852,-9946
관악구 신사동,11594,9358,2236
관악구 신원동,4679,4206,473
관악구 은천동,17749,16853,896
관악구 인헌동,8651,7218,1433
관악구 조원동,20296,35829,-15533
관악구 중앙동,6080,4344,1736
관악구 청룡동,24623,18554,6069
관악구 청림동,5527,3079,2448
관악구 행운동,28626,25596,3030
광진구 광장동,6982,5514,1468
광진구 구의제1동,10564,9174,1390
광진구 구의제2동,11958,11204,754
광진구 구의제3동,7497,10831,-3334
광진구 군자동,12684,12295,389
광진구 능동,9232,9292,-60
광진구 자양제1동,4031,3009,1022
광진구 자양제2동,17283,12483,4800
광진구 자양제3동,5044,4339,705
광진구 자양제4동,14217,15316,-1099
광진구 중곡제1동,6563,4979,1584
광진구 중곡제2동,9736,8867,869
광진구 중곡제3동,8526,4279,4247
광진구 중곡제4동,6288,4659,1629
광진구 화양동,10240,14564,-4324
구로구 가리봉동,7871,10289,-2418
구로구 개봉제1동,26902,26188,714
구로구 개봉제2동,16246,16716,-470
구로구 개봉제3동,8125,5077,3048
구로구 고척제1동,20412,16149,4263
구로구 고척제2동,18835,11363,7472
구로구 구로제1동,9464,7228,2236
구로구 구로제2동,31492,30484,1008
구로구 구로제3동,27204,35906,-8702
구로구 구로제4동,20644,19796,848
구로구 구로제5동,21526,26719,-5193
구로구 수궁동,19600,18438,1162
구로구 신도림동,19683,30600,-10917
구로구 오류제1동,11735,9287,2448
구로구 오류제2동,9858,9344,514
구로구 항동,2119,1137,982
금천구 가산동,27289,34306,-7017
금천구 독산제1동,28127,29890,-1763
금천구 독산제2동,16645,10776,5869
금천구 독산제3동,21597,16022,5575
금천구 독산제4동,13245,7777,5468
금천구 미성동,98,153,-55
금천구 시흥제1동,27679,33218,-5539
금천구 시흥제2동,13067,8037,5030
금천구 시흥제3동,8729,7855,874
금천구 시흥제4동,10990,4165,6825
금천구 시흥제5동,21157,10404,10753
노원구 공릉1동,18613,15395,3218
노원구 공릉2동,21079,26261,-5182
노원구 상계10동,6633,6020,613
노원구 상계1동,12485,11039,1446
노원구 상계2동,11071,19920,-8849
노원구 상계3.4동,3623,2971,652
노원구 상계5동,9708,8525,1183
노원구 상계6.7동,21614,20880,734
노원구 상계8동,6623,3488,3135
노원구 상계9동,6891,4679,2212
노원구 월계1동,33284,35195,-1911
노원구 월계2동,13407,8427,4980
노원구 월계3동,10983,11164,-181
노원구 중계1동,9455,6885,2570
노원구 중계2.3동,12702,16113,-3411
노원구 중계4동,6604,9024,-2420
노원구 중계본동,11328,6518,4810
노원구 하계1동,17217,14758,2459
노원구 하계2동,11500,11046,454
도봉구 도봉제1동,14181,10166,4015
도봉구 도봉제2동,10494,13089,-2595
도봉구 방학제1동,16332,14687,1645
도봉구 방학제2동,7388,5289,2099
도봉구 방학제3동,14878,6565,8313
도봉구 쌍문제1동,13706,11979,1727
도봉구 쌍문제2동,16085,13325,2760
도봉구 쌍문제3동,11046,17323,-6277
도봉구 쌍문제4동,10113,4873,5240
도봉구 창제1동,17477,19872,-2395
도봉구 창제2동,8954,7482,1472
도봉구 창제3동,11017,6609,4408
도봉구 창제4동,15518,18767,-3249
도봉구 창제5동,11562,12678,-1116
동대문구 답십리제1동,14849,13660,1189
동대문구 답십리제2동,17187,11633,5554
동대문구 면목제5동,781,314,467
동대문구 용신동,47928,51102,-3174
동대문구 이문제1동,12210,15742,-3532
동대문구 이문제2동,5104,4728,376
동대문구 장안제1동,22218,24548,-2330
동대문구 장안제2동,18052,14646,3406
동대문구 전농제1동,20589,24364,-3775
동대문구 전농제2동,17187,9773,7414
동대문구 제기동,37987,38079,-92
동대문구 청량리동,32281,39206,-6925
동대문구 회기동,15156,20055,-4899
동대문구 휘경제1동,33796,25614,8182
동대문구 휘경제2동,14531,11066,3465
동작구 노량진제1동,34557,46050,-11493
동작구 노량진제2동,20109,16226,3883
동작구 대방동,41099,31032,10067
동작구 사당제1동,9569,11233,-1664
동작구 사당제2동,19988,16353,3635
동작구 사당제3동,10181,7733,2448
동작구 사당제4동,2103,1874,229
동작구 사당제5동,9826,5688,4138
동작구 상도제1동,49969,57846,-7877
동작구 상도제2동,20453,18694,1759
동작구 상도제3동,14958,10504,4454
동작구 상도제4동,14109,7033,7076
동작구 신대방제1동,9374,10260,-886
동작구 신대방제2동,25641,19177,6464
동작구 흑석동,32708,24449,8259
마포구 공덕동,15412,11610,3802
마포구 대흥동,22682,24095,-1413
마포구 도화동,5859,6702,-843
마포구 망원제1동,10675,6701,3974
마포구 망원제2동,6393,4835,1558
마포구 상암동,34480,34905,-425
마포구 서강동,9282,7813,1469
마포구 서교동,59067,87593,-28526
마포구 성산제1동,12826,8956,3870
마포구 성산제2동,24381,16619,7762
마포구 신수동,5282,3853,1429
마포구 아현동,22702,17279,5423
마포구 연남동,11437,9457,1980
마포구 염리동,3557,3118,439
마포구 용강동,15043,12401,2642
마포구 합정동,10533,15792,-5259
서대문구 남가좌제1동,14467,8885,5582
서대문구 남가좌제2동,20238,20408,-170
서대문구 북가좌제1동,5757,6032,-275
서대문구 북가좌제2동,17274,10078,7196
서대문구 북아현동,10947,11115,-168
서대문구 신촌동,64541,80842,-16301
서대문구 연희동,45904,42057,3847
서대문구 천연동,27115,22385,4730
서대문구 충현동,29292,30204,-912
서대문구 홍은제1동,18409,13731,4678
서대문구 홍은제2동,34281,28998,5283
서대문구 홍제제1동,26404,28615,-2211
서대문구 홍제제2동,13278,9241,4037
서대문구 홍제제3동,16464,13901,2563
서초구 내곡동,13306,10549,2757
서초구 반포1동,20714,15338,5376
서초구 반포2동,6294,5817,477
서초구 반포3동,17291,20346,-3055
서초구 반포4동,24275,33759,-9484
서초구 반포본동,12173,10321,1852
서초구 방배1동,13396,13672,-276
서초구 방배2동,14748,16878,-2130
서초구 방배3동,15573,10954,4619
서초구 방배4동,16889,16910,-21
서초구 방배본동,11973,8648,3325
서초구 서초1동,12771,13658,-887
서초구 서초2동,22376,28509,-6133
서초구 서초3동,28858,29174,-316
서초구 서초4동,21367,25257,-3890
서초구 양재1동,51459,47703,3756
서초구 양재2동,25135,23078,2057
서초구 잠원동,16396,17662,-1266
성동구 금호1가동,7950,5547,2403
성동구 금호2.3가동,12411,11522,889
성동구 금호4가동,7572,5067,2505
성동구 마장동,9480,9417,63
성동구 사근동,5739,5913,-174
성동구 성수1가제1동,6097,5864,233
성동구 성수1가제2동,3855,5490,-1635
성동구 성수2가제1동,5671,4330,1341
성동구 성수2가제3동,4881,5701,-820
성동구 송정동,5202,2722,2480
성동구 옥수동,12468,12189,279
성동구 왕십리도선동,10574,9273,1301
성동구 왕십리제2동,9285,8835,450
성동구 용답동,8809,8570,239
성동구 응봉동,7292,4190,3102
성동구 행당제1동,10529,15748,-5219
성동구 행당제2동,10437,7642,2795
성북구 길음제1동,22938,21638,1300
성북구 길음제2동,13292,20785,-7493
성북구 돈암제1동,24335,15098,9237
성북구 돈암제2동,10105,4615,5490
성북구 동선동,23639,30999,-7360
성북구 보문동,10662,7371,3291
성북구 삼선동,34359,33247,1112
성북구 석관동,10075,9149,926
성북구 성북동,25667,25105,562
성북구 안암동,16116,16819,-703
성북구 월곡제1동,16574,14384,2190
성북구 월곡제2동,9236,9882,-646
성북구 장위제1동,12968,9071,3897
성북구 장위제2동,11203,9079,2124
성북구 장위제3동,4633,4418,215
성북구 정릉제1동,15358,12846,2512
성북구 정릉제2동,21957,13312,8645
성북구 정릉제3동,13752,26342,-12590
성북구 정릉제4동,24243,21648,2595
성북구 종암동,33721,23746,9975
송파구 가락1동,3489,3045,444
송파구 가락2동,15604,11000,4604
송파구 가락본동,15737,14238,1499
송파구 거여1동,4553,2845,1708
송파구 거여2동,1169,692,477
송파구 마천1동,6070,3443,2627
송파구 마천2동,10033,7307,2726
송파구 문정1동,5331,4410,921
송파구 문정2동,14853,22666,-7813
송파구 방이1동,7722,4509,3213
송파구 방이2동,11996,15516,-3520
송파구 삼전동,14247,8207,6040
송파구 석촌동,16309,17035,-726
송파구 송파1동,11909,14302,-2393
송파구 송파2동,6253,4039,2214
송파구 오금동,15858,12626,3232
송파구 오륜동,6012,6635,-623
송파구 위례동,11310,6859,4451
송파구 잠실2동,3794,7570,-3776
송파구 잠실3동,23513,39885,-16372
송파구 잠실4동,1173,1048,125
송파구 잠실6동,9089,21444,-12355
송파구 잠실7동,5510,5721,-211
송파구 잠실본동,19493,15730,3763
송파구 장지동,12561,5857,6704
송파구 풍납1동,4938,3279,1659
송파구 풍납2동,9833,8532,1301
양천구 목1동,21234,30737,-9503
양천구 목2동,18494,15625,2869
양천구 목3동,20313,17502,2811
양천구 목4동,16621,8983,7638
양천구 목5동,20540,16326,4214
양천구 신월1동,7077,2836,4241
양천구 신월2동,8429,6289,2140
양천구 신월3동,6342,4278,2064
양천구 신월4동,7863,5561,2302
양천구 신월5동,6526,5326,1200
양천구 신월6동,5610,3573,2037
양천구 신월7동,13099,8126,4973
양천구 신정1동,8662,10540,-1878
양천구 신정2동,7022,3472,3550
양천구 신정3동,28134,17662,10472
양천구 신정4동,18839,22529,-3690
양천구 신정6동,6298,3792,2506
양천구 신정7동,8417,6839,1578
영등포구 당산제1동,10815,11964,-1149
영등포구 당산제2동,22039,25906,-3867
영등포구 대림제1동,13609,9389,4220
영등포구 대림제2동,4447,6290,-1843
영등포구 대림제3동,14296,12452,1844
영등포구 도림동,10037,6787,3250
영등포구 문래동,13091,16117,-3026
영등포구 신길제1동,9714,6662,3052
영등포구 신길제3동,14006,9122,4884
영등포구 신길제4동,5294,3260,2034
영등포구 신길제5동,8268,8267,1
영등포구 신길제6동,11291,8717,2574
영등포구 신길제7동,10797,8685,2112
영등포구 양평제1동,7901,6549,1352
영등포구 양평제2동,13502,11483,2019
영등포구 여의동,53640,70339,-16699
영등포구 영등포동,38864,61693,-22829
영등포구 영등포본동,14250,17503,-3253
용산구 남영동,31374,32642,-1268
용산구 보광동,9604,4540,5064
용산구 서빙고동,12186,9213,2973
용산구 용문동,4026,3109,917
용산구 용산2가동,11314,10307,1007
용산구 원효로제1동,12864,10788,2076
용산구 원효로제2동,9099,5167,3932
용산구 이촌제1동,11974,9621,2353
용산구 이촌제2동,4237,2111,2126
용산구 이태원제1동,10765,12176,-1411
용산구 이태원제2동,8162,5554,2608
용산구 청파동,19457,20493,-1036
용산구 필동,3053,2270,783
용산구 한강로동,31914,39113,-7199
용산구 한남동,37722,36705,1017
용산구 효창동,10318,6048,4270
용산구 후암동,10252,8568,1684
은평구 갈현제1동,10979,7211,3768
은평구 갈현제2동,13834,9854,3980
은평구 구산동,15791,5709,10082
은평구 녹번동,20491,16367,4124
은평구 대조동,23691,35264,-11573
은평구 불광제1동,21586,16181,5405
은평구 불광제2동,17248,16628,620
은평구 수색동,8046,7177,869
은평구 신사제1동,13819,14454,-635
은평구 신사제2동,16327,12444,3883
은평구 역촌동,20894,13426,7468
은평구 응암제1동,21047,26490,-5443
은평구 응암제2동,9719,5135,4584
은평구 응암제3동,14350,12633,1717
은평구 증산동,15568,13804,1764
은평구 진관동,30965,28989,1976
종로구 가회동,4818,4313,505
종로구 교남동,7220,4482,2738
종로구 무악동,3772,2709,1063
종로구 부암동,17687,26147,-8460
종로구 사직동,38311,52184,-13873
종로구 삼청동,4968,8005,-3037
종로구 숭인제1동,1414,1301,113
종로구 숭인제2동,11936,16749,-4813
종로구 이화동,15100,16836,-1736
종로구 종로1.2.3.4가동,88715,130911,-42196
종로구 종로5.6가동,18979,23641,-4662
종로구 창신제1동,14439,11079,3360
종로구 창신제2동,6482,11257,-4775
종로구 창신제3동,3729,5607,-1878
종로구 청운효자동,11589,10773,816
종로구 충현동,2771,1202,1569
종로구 평창동,18220,13229,4991
종로구 혜화동,24302,35850,-11548
중구 광희동,16435,24626,-8191
중구 다산동,7405,6248,1157
중구 동화동,1675,1474,201
중구 명동,30726,43494,-12768
중구 소공동,38844,61664,-22820
중구 신당동,9162,6510,2652
중구 신당제5동,7536,8244,-708
중구 약수동,5049,4171,878
중구 을지로동,5324,8879,-3555
중구 장충동,6989,9224,-2235
중구 중림동,7139,5676,1463
중구 청구동,3864,3082,782
중구 필동,6690,5426,1264
중구 황학동,7129,6304,825
중구 회현동,43016,56224,-13208
중랑구 망우본동,21508,16771,4737
중랑구 망우제3동,6380,4259,2121
중랑구 면목본동,18117,20289,-2172
중랑구 면목제2동,7452,5260,2192
중랑구 면목제3.8동,18075,15135,2940
중랑구 면목제4동,7092,5427,1665
중랑구 면목제5동,5798,3638,2160
중랑구 면목제7동,5160,5247,-87
중랑구 묵제1동,11070,11687,-617
중랑구 묵제2동,4651,2975,1676
중랑구 상봉제1동,10360,9025,1335
중랑구 상봉제2동,14776,18610,-3834
중랑구 신내1동,20468,13286,7182
중랑구 신내2동,17529,13289,4240
중랑구 중화제1동,5655,7146,-1491
중랑구 중화제2동,15395,13116,2279
NA,401286,342845,58441
