ID,insum,outsum,diff
100000001,108,68,40
100000002,1244,2011,-767
100000003,1334,2376,-1042
100000004,69,573,-504
100000005,1023,1708,-685
100000006,7,30,-23
100000007,101,127,-26
100000008,0,0,0
100000009,1,71,-70
100000010,1,15,-14
100000011,46,4,42
100000012,0,0,0
100000013,0,0,0
100000014,0,0,0
100000015,212,309,-97
100000016,0,5,-5
100000017,0,0,0
100000018,64,59,5
100000019,145,311,-166
100000020,123,407,-284
100000021,4,0,4
100000022,37,180,-143
100000023,73,1,72
100000025,1,28,-27
100000028,5,38,-33
100000029,0,0,0
100000030,0,0,0
100000031,209,840,-631
100000032,141,211,-70
100000033,96,142,-46
100000034,0,0,0
100000035,0,1,-1
100000036,46,164,-118
100000037,37,44,-7
100000038,223,101,122
100000039,79,5,74
100000040,2,8,-6
100000041,67,23,44
100000042,80,52,28
100000043,23,41,-18
100000044,0,0,0
100000045,0,0,0
100000046,0,0,0
100000047,0,0,0
100000048,0,0,0
100000049,0,0,0
100000051,0,0,0
100000053,5,0,5
100000054,16,2,14
100000055,0,0,0
100000056,7,38,-31
100000057,121,43,78
100000058,0,0,0
100000059,3,1,2
100000060,83,32,51
100000061,76,61,15
100000062,64,84,-20
100000063,122,46,76
100000064,182,21,161
100000065,27,4,23
100000066,3,2,1
100000067,5,13,-8
100000068,23,14,9
100000069,13,25,-12
100000072,0,0,0
100000073,0,0,0
100000075,0,0,0
100000076,180,1008,-828
100000077,21,102,-81
100000078,24,165,-141
100000079,2,123,-121
100000080,1,66,-65
100000081,0,31,-31
100000102,328,1257,-929
100000103,121,95,26
100000104,121,158,-37
100000105,0,0,0
100000106,102,1268,-1166
100000107,17,329,-312
100000108,2,24,-22
100000109,80,22,58
100000116,195,77,118
100000117,2,45,-43
100000118,516,52,464
100000119,156,48,108
100000121,20,20,0
100000122,189,105,84
100000123,326,130,196
100000124,121,144,-23
100000125,66,148,-82
100000126,24,46,-22
100000127,14,44,-30
100000128,0,23,-23
100000129,63,11,52
100000130,0,0,0
100000131,0,0,0
100000132,31,224,-193
100000133,246,102,144
100000135,202,57,145
100000139,87,157,-70
100000140,0,0,0
100000142,140,19,121
100000143,0,0,0
100000144,0,0,0
100000147,211,1015,-804
100000150,8,14,-6
100000151,108,515,-407
100000153,0,14,-14
100000154,0,0,0
100000155,1,56,-55
100000156,24,110,-86
100000157,428,108,320
100000158,52,90,-38
100000159,5,36,-31
100000165,41,23,18
100000169,0,0,0
100000174,0,0,0
100000179,2,12,-10
100000180,0,0,0
100000181,11,13,-2
100000188,0,0,0
100000189,154,65,89
100000190,58,232,-174
100000191,8,146,-138
100000192,1,241,-240
100000193,4,30,-26
100000330,0,0,0
100000355,5,2,3
100000362,158,105,53
100000363,1921,2390,-469
100000364,0,0,0
100000365,3073,1335,1738
100000366,440,305,135
100000367,2257,1920,337
100000368,71,60,11
100000369,138,761,-623
100000370,0,32,-32
100000376,0,3,-3
100000379,102,528,-426
100000380,939,2027,-1088
100000384,1242,2289,-1047
100000385,145,715,-570
100000386,501,1178,-677
100000387,293,1252,-959
100000388,1510,1219,291
100000389,1349,2021,-672
100000390,709,401,308
100000391,750,1968,-1218
100000392,146,223,-77
100000393,129,1067,-938
100000394,136,437,-301
100000395,77,177,-100
100000396,315,372,-57
100000397,409,628,-219
100000398,2164,826,1338
100900002,0,0,0
100900003,0,0,0
100900004,0,0,0
100900005,0,0,0
100900006,0,0,0
100900007,0,0,0
100900008,0,0,0
100900009,0,0,0
100900010,0,0,0
100900011,0,0,0
100900012,0,0,0
100900013,0,0,0
100900014,0,0,0
100900015,0,0,0
100900016,0,0,0
100900017,0,0,0
100900018,0,0,0
100900019,0,0,0
100900020,0,0,0
100900021,0,0,0
100900022,0,0,0
100900023,0,0,0
100900024,0,0,0
100900025,0,0,0
100900026,0,0,0
100900027,0,0,0
100900028,0,0,0
100900029,0,0,0
100900030,0,0,0
100900031,0,0,0
100900032,0,0,0
100900033,0,0,0
100900034,0,0,0
100900035,0,0,0
100900036,0,0,0
100900037,0,0,0
100900038,0,0,0
100900039,0,0,0
100900040,0,0,0
100900041,0,0,0
100900042,0,1,-1
100900043,0,0,0
100900044,0,0,0
100900045,0,0,0
100900046,0,0,0
100900047,0,0,0
100900048,0,0,0
100900049,0,0,0
100900050,0,0,0
100900051,0,0,0
100900052,0,0,0
100900053,0,0,0
100900054,0,0,0
100900055,0,0,0
100900056,0,0,0
100900057,0,0,0
100900058,0,0,0
100900059,0,0,0
100900060,0,0,0
100900061,0,0,0
100900062,0,0,0
100900063,0,0,0
100900064,0,0,0
100900065,0,0,0
100900066,0,0,0
100900067,0,0,0
100900068,0,0,0
100900069,0,0,0
100900070,0,0,0
100900071,0,0,0
100900072,0,0,0
100900073,0,0,0
100900074,0,0,0
100900075,0,0,0
100900076,0,0,0
100900077,0,0,0
100900078,0,0,0
100900079,0,0,0
100900080,0,0,0
100900081,0,0,0
100900082,0,0,0
100900083,0,0,0
100900085,0,0,0
100900086,0,0,0
100900088,0,0,0
100900089,0,0,0
100900090,0,0,0
100900091,0,0,0
100900092,0,0,0
100900093,0,0,0
100900094,0,0,0
100900095,0,0,0
100900096,0,0,0
100900097,0,0,0
100900098,0,0,0
100900099,0,0,0
100900100,0,0,0
100900101,0,0,0
100900102,0,0,0
100900103,0,0,0
100900104,0,0,0
100900105,0,0,0
100900106,0,0,0
100900107,0,0,0
100900108,0,0,0
100900109,0,0,0
100900110,0,0,0
100900111,0,0,0
100900112,0,0,0
100900113,0,0,0
100900114,0,0,0
100900115,0,0,0
100900116,0,0,0
100900117,0,0,0
100900118,0,0,0
100900119,0,0,0
100900120,0,0,0
100900121,0,0,0
100900122,0,0,0
100900123,0,0,0
100900124,0,0,0
100900125,0,0,0
100900126,0,0,0
100900127,0,0,0
100900128,0,0,0
100900129,0,0,0
100900131,0,0,0
100900133,0,0,0
100900134,0,0,0
100900135,0,0,0
100900137,0,0,0
100900138,0,0,0
100900139,0,0,0
100900140,0,0,0
100900141,0,0,0
100900142,0,0,0
100900143,0,0,0
100900144,0,0,0
100900145,0,0,0
100900146,0,0,0
100900147,0,0,0
100900148,0,0,0
100900149,0,0,0
100900150,0,0,0
100900151,0,0,0
100900152,0,0,0
100900153,0,0,0
100900154,0,0,0
100900155,0,0,0
100900156,0,0,0
100900157,0,0,0
100900158,0,0,0
100900159,0,0,0
100900160,0,0,0
100900161,0,0,0
100900162,0,0,0
100900163,0,0,0
100900164,0,0,0
100900165,0,0,0
100900166,0,0,0
100900167,0,0,0
100900168,0,0,0
100900169,0,0,0
100900170,0,0,0
100900171,0,0,0
100900172,0,0,0
100900173,0,0,0
100900174,0,0,0
100900176,0,0,0
100900177,0,0,0
100900178,0,0,0
100900179,0,0,0
100900180,0,0,0
100900181,0,0,0
100900182,0,0,0
100900184,0,0,0
100900186,0,0,0
100900187,0,0,0
100900188,0,0,0
100900189,0,0,0
100900191,0,0,0
100900192,0,0,0
100900195,0,0,0
100900197,0,0,0
100900198,0,0,0
100900199,0,0,0
100900200,0,0,0
100900201,0,0,0
100900202,0,0,0
100900203,0,0,0
100900204,0,0,0
100900205,0,0,0
100900206,0,0,0
100900207,0,0,0
100900210,0,0,0
100900211,0,0,0
100900213,0,0,0
100900214,0,0,0
100900215,0,0,0
101000001,169,477,-308
101000002,47,122,-75
101000003,2,101,-99
101000004,1093,1770,-677
101000005,912,1177,-265
101000006,419,51,368
101000007,55,436,-381
101000008,224,796,-572
101000009,270,98,172
101000010,96,50,46
101000011,13,47,-34
101000012,0,0,0
101000013,68,97,-29
101000014,50,133,-83
101000015,9,20,-11
101000016,0,0,0
101000017,0,0,0
101000018,82,26,56
101000020,84,23,61
101000021,17,181,-164
101000022,0,0,0
101000023,8,139,-131
101000025,0,0,0
101000026,0,0,0
101000027,170,185,-15
101000028,0,0,0
101000029,0,0,0
101000030,0,0,0
101000031,5,79,-74
101000032,855,1104,-249
101000033,22,9,13
101000034,51,132,-81
101000035,0,0,0
101000036,2,23,-21
101000037,89,364,-275
101000039,0,0,0
101000040,70,206,-136
101000041,923,1884,-961
101000042,9,227,-218
101000043,87,227,-140
101000045,77,209,-132
101000046,458,407,51
101000047,389,382,7
101000048,54,152,-98
101000049,0,0,0
101000050,77,238,-161
101000051,101,542,-441
101000052,131,688,-557
101000053,124,159,-35
101000054,268,53,215
101000055,348,637,-289
101000056,0,0,0
101000057,41,4,37
101000058,42,380,-338
101000059,347,1489,-1142
101000060,22,2,20
101000061,146,1467,-1321
101000062,11,0,11
101000063,49,686,-637
101000064,27,0,27
101000065,43,260,-217
101000066,98,223,-125
101000067,48,14,34
101000068,16,31,-15
101000069,113,3,110
101000070,193,18,175
101000071,95,80,15
101000072,933,500,433
101000073,240,177,63
101000074,1982,530,1452
101000075,1765,316,1449
101000077,425,120,305
101000078,86,46,40
101000079,433,209,224
101000080,24,2,22
101000081,371,167,204
101000082,28,18,10
101000083,463,232,231
101000084,19,9,10
101000085,448,283,165
101000086,0,0,0
101000087,0,0,0
101000088,369,98,271
101000089,183,162,21
101000090,0,0,0
101000091,10,5,5
101000092,310,103,207
101000093,119,48,71
101000094,30,45,-15
101000095,0,30,-30
101000096,94,30,64
101000097,0,3,-3
101000098,14,6,8
101000099,110,144,-34
101000100,7,7,0
101000101,73,51,22
101000102,115,128,-13
101000103,79,94,-15
101000104,14,142,-128
101000105,3,30,-27
101000106,0,0,0
101000107,0,0,0
101000108,0,0,0
101000109,0,0,0
101000110,0,0,0
101000111,0,0,0
101000113,0,0,0
101000114,340,129,211
101000115,0,0,0
101000116,0,0,0
101000117,0,0,0
101000119,0,12,-12
101000120,0,0,0
101000121,0,0,0
101000122,0,0,0
101000123,0,0,0
101000124,0,0,0
101000125,0,0,0
101000128,0,0,0
101000130,20,4,16
101000131,81,33,48
101000132,8,12,-4
101000135,0,0,0
101000136,0,0,0
101000137,1,6,-5
101000141,290,1952,-1662
101000147,6,10,-4
101000148,0,0,0
101000149,0,0,0
101000150,0,0,0
101000151,0,0,0
101000152,27,3,24
101000153,31,5,26
101000154,29,24,5
101000155,0,0,0
101000156,0,0,0
101000157,0,0,0
101000160,0,0,0
101000163,26,184,-158
101000164,0,0,0
101000165,158,69,89
101000166,23,22,1
101000168,0,0,0
101000252,352,82,270
101000254,0,0,0
101000258,0,0,0
101000261,0,0,0
101000262,276,2213,-1937
101000263,64,278,-214
101000265,0,0,0
101000266,0,0,0
101000269,0,0,0
101000290,87,287,-200
101000293,0,0,0
101000294,15,17,-2
101000295,3,12,-9
101000301,14,16,-2
101000304,190,553,-363
101000305,379,333,46
101900001,0,0,0
101900002,0,0,0
101900003,0,0,0
101900004,0,0,0
101900005,0,0,0
101900006,0,0,0
101900007,0,0,0
101900008,0,0,0
101900009,0,0,0
101900010,0,0,0
101900011,0,0,0
101900012,0,0,0
101900013,0,0,0
101900017,0,0,0
101900018,0,0,0
101900019,0,0,0
101900020,0,0,0
101900021,0,0,0
101900022,0,0,0
101900023,0,0,0
102000001,290,504,-214
102000002,190,38,152
102000003,174,345,-171
102000004,175,285,-110
102000005,51,296,-245
102000006,53,268,-215
102000007,33,396,-363
102000008,515,197,318
102000009,508,619,-111
102000010,280,330,-50
102000011,250,593,-343
102000012,315,354,-39
102000018,77,124,-47
102000019,0,0,0
102000026,0,0,0
102000029,0,0,0
102000030,0,0,0
102000031,0,0,0
102000032,0,0,0
102000033,0,0,0
102000034,0,0,0
102000035,0,0,0
102000036,0,0,0
102000037,0,0,0
102000038,0,0,0
102000039,0,0,0
102000040,0,0,0
102000041,0,0,0
102000042,0,0,0
102000043,0,0,0
102000044,1,0,1
102000045,28,69,-41
102000046,0,0,0
102000047,45,56,-11
102000048,0,0,0
102000049,0,0,0
102000050,115,62,53
102000051,0,0,0
102000052,197,63,134
102000053,0,0,0
102000054,38,2,36
102000055,30,2,28
102000056,418,70,348
102000057,75,175,-100
102000058,17,18,-1
102000059,26,28,-2
102000060,385,339,46
102000061,27,25,2
102000062,187,104,83
102000063,2,5,-3
102000064,9,42,-33
102000065,1,3,-2
102000066,48,35,13
102000067,34,89,-55
102000068,360,287,73
102000069,0,0,0
102000070,0,0,0
102000071,561,499,62
102000072,487,549,-62
102000073,0,0,0
102000074,0,0,0
102000075,0,0,0
102000076,0,0,0
102000077,25,0,25
102000078,0,0,0
102000079,2,0,2
102000080,0,0,0
102000081,6,6,0
102000082,0,0,0
102000083,0,0,0
102000084,206,41,165
102000085,0,0,0
102000086,243,57,186
102000087,3,1,2
102000088,7,28,-21
102000089,145,73,72
102000090,74,222,-148
102000091,196,231,-35
102000092,104,152,-48
102000093,160,197,-37
102000094,135,66,69
102000095,0,0,0
102000096,845,152,693
102000097,0,0,0
102000098,114,114,0
102000099,63,0,63
102000100,52,41,11
102000101,29,28,1
102000102,25,43,-18
102000103,2,55,-53
102000104,0,0,0
102000105,0,0,0
102000106,0,0,0
102000107,0,0,0
102000108,0,0,0
102000109,0,0,0
102000110,0,0,0
102000111,0,0,0
102000112,0,0,0
102000113,0,0,0
102000114,0,0,0
102000115,0,0,0
102000116,2,37,-35
102000117,0,0,0
102000118,21,278,-257
102000119,0,0,0
102000120,0,0,0
102000121,0,0,0
102000122,0,3,-3
102000123,0,0,0
102000124,0,1,-1
102000125,0,0,0
102000126,0,3,-3
102000127,0,0,0
102000128,0,0,0
102000129,0,0,0
102000130,0,0,0
102000131,0,0,0
102000132,0,0,0
102000133,217,59,158
102000134,92,68,24
102000135,0,0,0
102000136,0,0,0
102000137,0,0,0
102000138,0,0,0
102000139,0,0,0
102000140,0,0,0
102000141,0,0,0
102000142,0,0,0
102000143,0,0,0
102000144,0,0,0
102000145,0,0,0
102000146,0,0,0
102000147,0,0,0
102000148,0,0,0
102000149,0,0,0
102000150,0,0,0
102000151,0,0,0
102000152,0,0,0
102000153,0,0,0
102000154,0,0,0
102000155,0,0,0
102000156,0,0,0
102000157,0,0,0
102000158,0,0,0
102000159,0,0,0
102000161,0,0,0
102000162,0,0,0
102000163,0,1,-1
102000164,0,1,-1
102000165,0,0,0
102000166,0,4,-4
102000167,0,0,0
102000168,1,1,0
102000169,1,9,-8
102000170,0,0,0
102000171,0,0,0
102000172,0,0,0
102000173,0,6,-6
102000174,0,0,0
102000175,17,3,14
102000176,0,0,0
102000178,30,0,30
102000179,17,3,14
102000180,22,4,18
102000181,97,11,86
102000182,30,11,19
102000183,166,88,78
102000184,12,6,6
102000185,289,80,209
102000186,36,14,22
102000187,15,9,6
102000188,143,87,56
102000189,96,13,83
102000190,274,274,0
102000191,94,43,51
102000192,0,0,0
102000193,0,0,0
102000194,0,0,0
102000195,0,0,0
102000196,0,0,0
102000197,0,0,0
102000198,0,0,0
102000199,0,0,0
102000200,0,0,0
102000201,0,0,0
102000202,0,0,0
102000203,0,0,0
102000204,0,0,0
102000205,0,0,0
102000206,0,0,0
102000207,0,0,0
102000208,0,0,0
102000209,0,0,0
102000210,0,0,0
102000211,0,0,0
102000212,0,0,0
102000213,0,0,0
102000214,0,0,0
102000215,0,0,0
102000216,0,0,0
102000217,0,0,0
102000218,0,0,0
102000219,0,0,0
102000225,179,192,-13
102000226,0,0,0
102000227,0,0,0
102000228,0,0,0
102000229,0,0,0
102000230,10,28,-18
102000231,0,0,0
102000232,0,0,0
102000233,67,67,0
102000234,15,359,-344
102000236,0,0,0
102000237,0,0,0
102000238,0,0,0
102000240,0,0,0
102000241,0,0,0
102000243,0,2,-2
102000245,0,0,0
102000246,0,0,0
102000247,0,47,-47
102000248,26,159,-133
102000249,0,0,0
102000250,0,0,0
102000254,48,20,28
102000266,0,0,0
102000271,0,0,0
102000286,0,1,-1
102000297,0,0,0
102000300,0,0,0
102000301,0,0,0
102000305,0,0,0
102000306,0,0,0
102000307,0,0,0
102000308,0,0,0
102900001,0,0,0
102900002,0,0,0
102900003,0,0,0
102900005,0,0,0
102900006,0,0,0
102900007,0,0,0
102900008,0,0,0
102900009,0,0,0
102900010,0,0,0
102900011,0,0,0
102900012,0,0,0
102900013,0,0,0
102900015,0,0,0
102900016,0,0,0
102900017,0,0,0
102900018,0,0,0
102900019,0,0,0
102900020,0,0,0
102900021,0,0,0
102900022,0,0,0
102900023,0,0,0
102900024,0,0,0
102900025,0,0,0
102900026,0,0,0
102900027,0,0,0
102900028,0,0,0
102900029,0,0,0
102900030,0,0,0
102900031,0,0,0
102900032,0,0,0
102900033,0,0,0
102900034,0,0,0
102900035,0,0,0
102900036,0,0,0
102900037,0,0,0
102900038,0,0,0
102900039,0,0,0
102900040,0,0,0
102900041,0,0,0
102900042,0,0,0
102900043,0,0,0
102900044,0,0,0
102900045,0,0,0
102900046,0,0,0
102900047,0,0,0
102900048,0,0,0
102900049,0,0,0
102900050,0,0,0
102900051,0,0,0
102900052,0,0,0
102900053,0,0,0
102900054,0,0,0
102900055,0,0,0
102900056,0,0,0
102900057,0,0,0
102900058,0,0,0
102900059,0,0,0
102900060,0,0,0
102900061,0,0,0
102900062,0,0,0
102900063,0,0,0
102900064,0,0,0
102900065,0,0,0
102900066,0,0,0
102900068,0,0,0
102900070,0,0,0
102900072,0,0,0
102900073,0,0,0
102900074,0,0,0
102900075,0,0,0
102900076,0,0,0
102900077,0,0,0
102900078,0,0,0
102900079,0,0,0
102900080,0,0,0
102900081,0,0,0
102900082,0,0,0
102900083,0,0,0
102900084,0,0,0
102900085,0,0,0
102900086,0,0,0
102900087,0,0,0
102900088,0,0,0
102900089,0,0,0
102900090,0,0,0
102900091,0,0,0
102900092,0,0,0
102900093,0,0,0
102900094,0,0,0
102900095,0,0,0
102900096,0,0,0
102900097,0,0,0
103000001,141,104,37
103000002,63,30,33
103000003,54,88,-34
103000004,5,35,-30
103000005,452,259,193
103000006,176,233,-57
103000007,0,7,-7
103000008,0,0,0
103000009,111,128,-17
103000010,0,0,0
103000011,14,25,-11
103000012,505,415,90
103000013,93,35,58
103000014,350,642,-292
103000015,0,0,0
103000016,52,48,4
103000017,122,55,67
103000018,0,0,0
103000019,95,111,-16
103000020,10,45,-35
103000021,967,692,275
103000022,12,42,-30
103000023,219,519,-300
103000024,0,0,0
103000025,0,92,-92
103000026,0,0,0
103000027,55,82,-27
103000028,24,33,-9
103000029,46,77,-31
103000030,33,84,-51
103000031,191,365,-174
103000032,162,208,-46
103000033,1741,888,853
103000034,23,49,-26
103000035,80,260,-180
103000036,21,228,-207
103000037,18,23,-5
103000038,219,269,-50
103000039,19,52,-33
103000040,20,62,-42
103000041,201,279,-78
103000042,97,37,60
103000043,73,111,-38
103000044,0,0,0
103000046,0,0,0
103000047,0,0,0
103000048,0,0,0
103000049,0,0,0
103000050,0,0,0
103000051,0,0,0
103000052,0,0,0
103000053,0,0,0
103000054,300,40,260
103000055,444,81,363
103000056,45,32,13
103000057,403,149,254
103000058,164,37,127
103000059,63,66,-3
103000060,140,30,110
103000061,85,136,-51
103000062,0,0,0
103000063,76,45,31
103000064,0,0,0
103000065,0,0,0
103000066,0,0,0
103000069,0,0,0
103000070,0,0,0
103000071,69,23,46
103000072,0,0,0
103000073,125,3,122
103000074,160,8,152
103000075,0,0,0
103000076,18,24,-6
103000077,0,0,0
103000078,72,43,29
103000079,2,37,-35
103000080,189,42,147
103000081,24,100,-76
103000082,155,20,135
103000083,0,0,0
103000084,6,0,6
103000085,0,0,0
103000086,244,167,77
103000087,64,195,-131
103000088,0,0,0
103000089,21,113,-92
103000090,772,275,497
103000091,43,38,5
103000092,121,49,72
103000093,0,0,0
103000094,93,35,58
103000095,0,0,0
103000096,122,12,110
103000097,0,0,0
103000098,111,12,99
103000099,0,0,0
103000100,0,0,0
103000101,213,21,192
103000102,0,0,0
103000103,139,20,119
103000104,0,0,0
103000105,44,2,42
103000106,0,0,0
103000107,131,31,100
103000108,2,0,2
103000109,0,0,0
103000110,32,31,1
103000111,0,0,0
103000112,23,33,-10
103000113,0,0,0
103000114,263,107,156
103000115,1,1,0
103000116,13,1,12
103000117,32,3,29
103000118,0,0,0
103000119,0,0,0
103000120,0,0,0
103000121,0,26,-26
103000122,291,851,-560
103000125,2,15,-13
103000126,51,0,51
103000127,0,1,-1
103000128,11,0,11
103000129,0,5,-5
103000130,54,0,54
103000131,3,20,-17
103000132,1,2,-1
103000133,0,19,-19
103000134,166,73,93
103000135,6,24,-18
103000136,276,81,195
103000137,8,79,-71
103000138,97,174,-77
103000139,0,0,0
103000140,30,23,7
103000141,0,0,0
103000142,11,3,8
103000143,0,0,0
103000144,36,6,30
103000145,0,6,-6
103000150,0,0,0
103000152,0,0,0
103000153,79,26,53
103000156,0,10,-10
103000157,26,0,26
103000159,0,0,0
103000162,16,0,16
103000163,0,45,-45
103000164,0,0,0
103000165,0,0,0
103000166,40,64,-24
103000167,9,3,6
103000168,0,0,0
103000169,5,46,-41
103000170,613,259,354
103000171,0,1,-1
103000172,162,14,148
103000173,0,0,0
103000174,167,29,138
103000175,0,0,0
103000176,11,20,-9
103000177,0,0,0
103000178,0,0,0
103000179,0,0,0
103000183,43,0,43
103000185,11,0,11
103000186,24,5,19
103000187,0,0,0
103000188,0,0,0
103000189,0,0,0
103000191,1,4,-3
103000292,3,28,-25
103000293,23,135,-112
103000295,56,14,42
103000296,4,0,4
103000297,0,1,-1
103000504,0,0,0
103000505,0,0,0
103000506,0,0,0
103000507,0,0,0
103000508,0,0,0
103000509,0,0,0
103900001,0,0,0
103900002,0,0,0
103900003,0,0,0
103900004,0,0,0
103900005,0,0,0
103900006,0,0,0
103900007,0,0,0
103900008,0,0,0
103900009,0,0,0
103900010,0,0,0
103900011,0,0,0
103900012,0,0,0
103900013,0,0,0
103900014,0,0,0
103900015,0,0,0
103900016,0,0,0
103900017,0,0,0
103900018,0,0,0
103900019,0,0,0
103900020,0,0,0
103900021,0,0,0
103900022,0,0,0
103900023,0,0,0
103900024,0,0,0
103900025,0,0,0
103900026,0,0,0
103900027,0,0,0
103900028,0,0,0
103900029,0,0,0
103900030,0,0,0
103900031,0,0,0
103900032,0,0,0
103900033,0,0,0
103900034,0,0,0
103900035,0,0,0
103900036,0,0,0
103900037,0,0,0
103900038,0,0,0
103900039,0,0,0
103900040,0,0,0
103900041,0,0,0
103900042,0,0,0
103900043,0,0,0
103900044,0,0,0
103900045,0,0,0
103900047,0,0,0
103900048,0,0,0
103900049,0,0,0
103900050,0,0,0
103900051,0,0,0
103900052,0,0,0
103900053,0,0,0
103900054,0,0,0
103900055,0,0,0
103900056,0,0,0
103900057,0,0,0
103900058,0,0,0
103900059,0,0,0
103900060,0,0,0
103900061,0,0,0
103900062,0,0,0
103900063,0,0,0
103900064,0,0,0
103900065,0,0,0
103900066,0,0,0
103900067,0,0,0
103900068,0,0,0
103900069,0,0,0
103900070,0,0,0
103900071,0,0,0
103900072,0,0,0
103900073,0,0,0
103900074,0,0,0
103900075,0,0,0
103900076,0,0,0
103900077,0,0,0
103900078,0,0,0
103900079,0,0,0
103900080,0,0,0
103900081,0,0,0
103900082,0,0,0
103900083,0,0,0
103900084,0,0,0
103900085,0,0,0
103900086,0,0,0
103900087,0,0,0
103900088,0,0,0
103900089,0,0,0
103900090,0,0,0
103900091,0,0,0
103900092,0,0,0
103900093,0,0,0
103900094,0,0,0
103900095,0,0,0
103900096,0,0,0
103900097,0,0,0
103900098,0,0,0
103900099,0,0,0
103900100,0,0,0
103900101,0,0,0
103900102,0,0,0
103900104,0,0,0
103900105,0,0,0
103900106,0,0,0
103900107,0,0,0
103900108,0,0,0
103900109,0,0,0
103900110,0,0,0
103900111,0,0,0
103900112,0,0,0
103900113,0,0,0
103900114,0,0,0
103900115,0,0,0
103900116,0,0,0
103900117,0,0,0
103900119,0,0,0
103900120,0,0,0
103900122,0,0,0
103900123,0,0,0
103900124,0,0,0
103900125,0,0,0
103900126,0,0,0
103900127,0,0,0
103900128,0,0,0
103900131,0,0,0
103900133,0,0,0
103900134,0,0,0
103900135,0,0,0
103900137,0,0,0
103900138,0,0,0
103900139,0,0,0
103900140,0,0,0
103900141,0,0,0
103900142,0,0,0
103900143,0,0,0
103900144,0,0,0
103900145,0,0,0
103900146,0,0,0
103900147,0,0,0
103900148,0,0,0
103900149,0,0,0
103900150,0,0,0
103900151,0,0,0
103900152,0,0,0
103900153,0,0,0
103900154,1,0,1
103900155,0,0,0
103900156,0,0,0
103900157,0,0,0
103900158,0,0,0
103900159,0,0,0
103900160,0,0,0
103900161,0,0,0
103900162,0,0,0
103900163,0,0,0
103900164,0,0,0
103900167,0,0,0
103900168,0,0,0
103900169,0,0,0
103900170,0,0,0
103900171,0,0,0
103900172,0,0,0
103900173,0,0,0
103900174,0,0,0
103900175,0,0,0
103900176,0,0,0
103900177,0,0,0
103900178,0,0,0
103900179,0,0,0
103900180,0,0,0
103900181,0,0,0
103900182,0,0,0
103900184,0,0,0
103900185,0,0,0
103900187,0,0,0
103900188,0,0,0
103900189,0,0,0
103900190,0,0,0
103900191,0,0,0
103900192,0,0,0
103900193,0,0,0
103900194,0,0,0
103900195,0,0,0
103900196,0,0,0
103900197,0,0,0
103900198,0,0,0
103900199,0,0,0
103900200,0,0,0
103900201,0,0,0
103900202,0,0,0
103900203,0,0,0
103900204,0,0,0
103900207,0,0,0
103900208,0,0,0
103900209,0,0,0
103900210,0,0,0
103900211,0,0,0
103900212,0,0,0
103900213,2,109,-107
103900214,19,218,-199
103900215,17,72,-55
103900216,0,0,0
103900217,0,0,0
103900218,0,0,0
103900219,0,0,0
103900233,0,0,0
103900235,0,0,0
103900236,0,0,0
103900242,0,0,0
103900243,0,0,0
103900244,0,0,0
103900245,0,0,0
103900246,0,0,0
103900247,0,0,0
103900248,0,0,0
103900249,0,0,0
103900250,0,0,0
103900251,0,0,0
103900253,0,0,0
103900254,0,0,0
103900255,0,0,0
103900256,0,0,0
103900257,0,0,0
103900258,0,0,0
103900259,0,0,0
103900261,0,0,0
103900262,0,0,0
103900263,0,0,0
103900264,0,0,0
103900265,0,0,0
103900266,0,0,0
103900267,0,0,0
104000001,533,366,167
104000002,29,122,-93
104000003,791,404,387
104000004,645,285,360
104000005,509,632,-123
104000006,1257,427,830
104000007,895,151,744
104000008,151,101,50
104000009,86,92,-6
104000010,60,88,-28
104000011,0,0,0
104000012,0,0,0
104000013,118,32,86
104000014,0,0,0
104000015,209,35,174
104000016,0,0,0
104000018,160,73,87
104000019,239,185,54
104000020,104,136,-32
104000021,88,107,-19
104000022,41,63,-22
104000023,192,32,160
104000024,0,0,0
104000026,0,0,0
104000027,28,66,-38
104000028,267,68,199
104000029,41,115,-74
104000030,106,61,45
104000031,137,22,115
104000032,0,0,0
104000033,191,38,153
104000034,0,0,0
104000035,315,24,291
104000036,245,85,160
104000037,0,0,0
104000038,180,54,126
104000039,101,76,25
104000040,86,102,-16
104000041,84,26,58
104000042,79,40,39
104000043,54,39,15
104000044,59,18,41
104000045,139,35,104
104000046,103,58,45
104000047,39,329,-290
104000048,384,503,-119
104000049,2,6,-4
104000050,5,9,-4
104000051,0,0,0
104000052,189,115,74
104000053,194,72,122
104000054,8,0,8
104000055,361,144,217
104000056,0,0,0
104000057,0,0,0
104000058,360,55,305
104000059,135,219,-84
104000060,264,82,182
104000061,42,76,-34
104000062,34,0,34
104000064,0,0,0
104000065,5,0,5
104000069,0,0,0
104000070,0,0,0
104000071,0,0,0
104000072,25,3,22
104000075,0,0,0
104000076,0,0,0
104000082,105,241,-136
104000083,9,18,-9
104000084,0,19,-19
104000085,6,7,-1
104000086,2,12,-10
104000087,1,7,-6
104000090,0,0,0
104000092,0,0,0
104000094,0,0,0
104000095,49,305,-256
104000096,405,1,404
104000097,533,56,477
104000098,1007,62,945
104000100,1183,96,1087
104000101,147,206,-59
104000106,5,1,4
104000107,142,11,131
104000108,37,4,33
104000109,64,58,6
104000110,5,4,1
104000111,127,11,116
104000112,19,4,15
104000116,0,0,0
104000117,115,28,87
104000118,43,13,30
104000119,4,21,-17
104000120,14,10,4
104000121,10,43,-33
104000122,287,35,252
104000123,40,135,-95
104000124,293,506,-213
104000125,47,18,29
104000126,278,73,205
104000127,109,494,-385
104000128,248,26,222
104000129,28,0,28
104000130,0,0,0
104000131,0,0,0
104000132,0,0,0
104000133,40,25,15
104000134,164,99,65
104000135,54,198,-144
104000136,312,241,71
104000137,398,85,313
104000138,0,0,0
104000139,658,433,225
104000141,147,201,-54
104000142,0,0,0
104000143,0,0,0
104000144,0,0,0
104000145,306,69,237
104000146,0,0,0
104000147,0,0,0
104000148,109,38,71
104000149,0,0,0
104000150,274,169,105
104000151,0,0,0
104000152,0,0,0
104000153,187,126,61
104000154,0,0,0
104000155,177,98,79
104000157,82,7,75
104000158,21,11,10
104000159,19,29,-10
104000160,243,60,183
104000161,17,37,-20
104000162,28,27,1
104000165,159,400,-241
104000167,47,138,-91
104000168,112,1,111
104000169,53,6,47
104000170,0,0,0
104000248,0,0,0
104000251,0,0,0
104000272,0,0,0
104000273,0,0,0
104000274,0,0,0
104000275,0,0,0
104000279,0,0,0
104000290,0,0,0
104000291,98,129,-31
104000293,136,92,44
104000294,0,0,0
104000295,24,63,-39
104000296,221,126,95
104000297,47,141,-94
104000298,355,102,253
104000299,76,97,-21
104900001,0,0,0
104900002,0,0,0
104900003,0,0,0
104900004,0,0,0
104900005,0,0,0
104900006,0,0,0
104900007,0,0,0
104900009,0,0,0
104900010,0,0,0
104900011,0,0,0
104900012,0,0,0
104900013,0,0,0
104900014,0,0,0
104900015,0,0,0
104900016,0,0,0
104900017,0,0,0
104900018,0,0,0
104900019,0,0,0
104900020,0,0,0
104900021,0,0,0
104900022,0,0,0
104900023,0,0,0
104900024,0,0,0
104900025,0,0,0
104900026,0,0,0
104900027,0,0,0
104900028,0,0,0
104900029,0,0,0
104900030,0,0,0
104900031,0,0,0
104900032,0,0,0
104900033,0,0,0
104900034,0,0,0
104900035,0,0,0
104900036,0,0,0
104900037,0,0,0
104900038,0,0,0
104900039,0,0,0
104900040,0,0,0
104900041,0,0,0
104900042,0,0,0
104900043,0,0,0
104900044,0,0,0
104900045,0,0,0
104900046,0,0,0
104900047,0,0,0
104900048,0,0,0
104900049,0,0,0
104900050,0,0,0
104900051,0,0,0
104900052,0,0,0
104900053,0,0,0
104900054,0,0,0
104900055,0,0,0
104900056,0,0,0
104900057,0,0,0
104900058,0,0,0
104900059,0,0,0
104900060,0,0,0
104900061,0,0,0
104900063,0,0,0
104900064,0,0,0
104900065,0,0,0
104900066,0,0,0
104900067,0,0,0
104900068,0,0,0
104900070,0,0,0
104900071,0,0,0
104900072,0,0,0
104900073,0,0,0
104900074,0,0,0
104900075,0,0,0
104900076,0,0,0
104900077,0,0,0
104900078,0,0,0
104900079,0,0,0
104900080,0,0,0
104900082,0,0,0
104900085,0,0,0
104900087,0,0,0
104900089,0,0,0
104900090,0,0,0
104900091,0,0,0
104900093,0,0,0
104900097,0,0,0
104900098,0,0,0
104900099,0,0,0
104900100,0,0,0
104900102,0,0,0
104900103,0,0,0
104900104,0,0,0
104900106,0,0,0
104900107,0,0,0
104900108,0,0,0
104900109,0,0,0
104900110,0,0,0
104900111,0,0,0
104900112,0,0,0
104900113,0,0,0
104900114,0,0,0
104900115,0,0,0
104900116,0,0,0
104900118,0,0,0
104900119,0,0,0
104900120,0,0,0
104900121,0,0,0
104900122,0,0,0
104900123,0,0,0
104900124,0,0,0
104900125,0,0,0
104900126,0,0,0
104900127,0,0,0
104900128,0,0,0
104900129,0,0,0
105000001,868,186,682
105000002,367,298,69
105000003,409,249,160
105000004,9,31,-22
105000005,122,263,-141
105000006,171,353,-182
105000007,46,211,-165
105000008,17,418,-401
105000009,1708,982,726
105000010,43,122,-79
105000011,809,558,251
105000012,25,121,-96
105000013,343,752,-409
105000014,2633,1410,1223
105000015,1827,2609,-782
105000016,163,273,-110
105000017,31,12,19
105000018,149,144,5
105000019,0,0,0
105000020,0,0,0
105000021,0,0,0
105000022,28,14,14
105000023,0,0,0
105000028,0,3,-3
105000029,0,20,-20
105000030,263,250,13
105000033,42,146,-104
105000034,0,0,0
105000037,0,0,0
105000038,304,266,38
105000039,133,119,14
105000040,310,322,-12
105000041,18,123,-105
105000042,1100,427,673
105000043,67,87,-20
105000044,601,73,528
105000045,28,55,-27
105000046,421,57,364
105000047,25,59,-34
105000048,509,268,241
105000049,11,0,11
105000050,503,218,285
105000051,0,0,0
105000052,74,45,29
105000053,1,12,-11
105000054,94,71,23
105000055,0,2,-2
105000056,478,264,214
105000057,44,4,40
105000058,19,33,-14
105000059,360,155,205
105000060,3,0,3
105000061,437,159,278
105000062,0,2,-2
105000063,0,0,0
105000064,327,67,260
105000065,0,0,0
105000066,20,6,14
105000067,390,242,148
105000068,20,23,-3
105000069,53,110,-57
105000070,8,57,-49
105000071,194,220,-26
105000072,503,97,406
105000073,245,92,153
105000074,0,0,0
105000075,9,23,-14
105000076,54,21,33
105000077,81,22,59
105000078,24,45,-21
105000079,3,8,-5
105000080,538,757,-219
105000081,1,20,-19
105000082,205,521,-316
105000083,966,893,73
105000084,0,0,0
105000085,637,869,-232
105000086,0,0,0
105000087,0,0,0
105000088,293,508,-215
105000089,45,61,-16
105000090,32,12,20
105000091,0,0,0
105000092,0,0,0
105000093,1,0,1
105000094,22,10,12
105000095,0,3,-3
105000096,222,312,-90
105000097,0,0,0
105000098,220,121,99
105000099,0,0,0
105000100,0,0,0
105000101,88,19,69
105000102,0,0,0
105000103,189,82,107
105000104,0,0,0
105000105,258,65,193
105000106,5,6,-1
105000107,382,50,332
105000108,331,73,258
105000109,17,3,14
105000110,36,7,29
105000111,4,2,2
105000112,30,20,10
105000113,0,3,-3
105000114,50,89,-39
105000115,0,0,0
105000116,120,34,86
105000117,0,0,0
105000118,33,42,-9
105000119,0,0,0
105000120,408,95,313
105000121,0,0,0
105000122,17,59,-42
105000123,155,9,146
105000124,130,49,81
105000125,173,66,107
105000126,127,45,82
105000127,127,21,106
105000128,51,34,17
105000129,24,42,-18
105000130,27,461,-434
105000131,0,0,0
105000132,107,119,-12
105000133,0,0,0
105000134,183,27,156
105000135,0,0,0
105000136,0,0,0
105000137,0,0,0
105000138,0,0,0
105000139,0,1,-1
105000140,171,28,143
105000141,0,0,0
105000142,72,19,53
105000143,0,0,0
105000144,0,1,-1
105000145,219,46,173
105000146,0,0,0
105000147,451,43,408
105000148,243,117,126
105000149,632,142,490
105000150,0,0,0
105000151,0,0,0
105000152,0,1,-1
105000153,0,0,0
105000154,2,9,-7
105000155,0,0,0
105000156,3,2,1
105000157,18,15,3
105000158,36,9,27
105000159,7,20,-13
105000160,88,41,47
105000161,34,5,29
105000162,13,21,-8
105000163,53,1,52
105000164,4,4,0
105000165,10,44,-34
105000166,32,48,-16
105000167,8,290,-282
105000168,171,129,42
105000169,34,7,27
105000170,0,0,0
105000171,0,0,0
105000172,4,0,4
105000173,2,4,-2
105000174,0,3,-3
105000175,0,0,0
105000176,10,1,9
105000177,53,17,36
105000178,77,4,73
105000179,54,11,43
105000180,0,0,0
105000181,11,8,3
105000182,0,0,0
105000183,0,0,0
105000184,0,0,0
105000185,39,188,-149
105000186,0,0,0
105000187,95,25,70
105000188,6,54,-48
105000189,0,0,0
105000190,113,91,22
105000191,13,0,13
105000192,92,47,45
105000193,1,22,-21
105000194,175,10,165
105000195,6,2,4
105000196,7,41,-34
105000197,9,0,9
105000198,0,0,0
105000199,17,56,-39
105000200,31,110,-79
105000201,20,0,20
105000203,0,0,0
105000204,0,7,-7
105000205,0,0,0
105000207,0,0,0
105000208,48,217,-169
105000209,0,0,0
105000212,139,19,120
105000213,45,22,23
105000214,19,2,17
105000215,141,157,-16
105000216,9,2,7
105000217,0,0,0
105000218,130,39,91
105000221,14,0,14
105000222,104,0,104
105000223,17,2,15
105000226,0,1,-1
105000227,5,1,4
105000228,0,16,-16
105000229,20,278,-258
105000231,313,47,266
105000233,232,364,-132
105000234,50,142,-92
105000235,195,136,59
105000237,41,3,38
105000243,0,0,0
105000248,0,0,0
105000262,11,0,11
105000269,0,0,0
105000270,44,0,44
105000271,0,0,0
105000282,4,0,4
105000287,0,0,0
105000288,0,14,-14
105000289,182,399,-217
105000290,0,0,0
105000402,29,117,-88
105000426,0,0,0
105000438,29,113,-84
105000446,569,376,193
105000447,154,25,129
105000454,0,0,0
105000455,0,0,0
105000474,13,0,13
105000477,0,0,0
105000478,532,1389,-857
105000479,0,0,0
105000480,1917,1702,215
105000481,802,449,353
105000482,108,230,-122
105000483,269,949,-680
105000484,50,306,-256
105000485,211,1249,-1038
105000486,187,395,-208
105000488,66,260,-194
105000489,347,123,224
105000549,1,25,-24
105000550,0,0,0
105000551,36,8,28
105000552,139,71,68
105900001,0,0,0
105900002,0,0,0
105900003,0,0,0
105900004,0,0,0
105900005,0,0,0
105900006,0,0,0
105900007,0,0,0
105900008,0,0,0
105900009,0,0,0
105900011,0,0,0
105900012,0,0,0
105900013,0,0,0
105900014,0,0,0
105900015,0,0,0
105900016,0,0,0
105900017,0,0,0
105900018,0,0,0
105900019,0,0,0
105900020,0,0,0
105900021,0,0,0
105900022,0,0,0
105900023,0,0,0
105900024,0,0,0
105900025,0,0,0
105900026,0,0,0
105900027,0,0,0
105900028,0,0,0
105900029,0,0,0
105900030,0,0,0
105900031,0,0,0
105900032,0,0,0
105900033,0,0,0
105900034,0,0,0
105900035,0,0,0
105900036,0,0,0
105900037,0,0,0
105900038,0,0,0
105900039,0,0,0
105900040,0,0,0
105900041,0,0,0
105900042,0,0,0
105900043,0,0,0
105900044,0,0,0
105900045,0,0,0
105900046,0,0,0
105900047,0,0,0
105900048,48,4,44
105900050,0,0,0
105900051,0,0,0
105900052,0,0,0
105900053,0,0,0
105900054,0,0,0
105900056,0,0,0
105900057,0,0,0
105900058,0,0,0
105900059,0,0,0
106000001,817,439,378
106000002,5,138,-133
106000003,1188,697,491
106000004,80,327,-247
106000005,2367,1227,1140
106000006,49,317,-268
106000007,601,138,463
106000008,40,80,-40
106000009,567,219,348
106000010,31,53,-22
106000011,749,408,341
106000012,11,23,-12
106000013,1315,476,839
106000014,32,78,-46
106000015,1158,429,729
106000016,71,138,-67
106000017,619,123,496
106000018,111,215,-104
106000019,210,107,103
106000020,2,49,-47
106000021,311,137,174
106000022,42,32,10
106000023,460,65,395
106000024,36,71,-35
106000025,183,113,70
106000026,18,57,-39
106000027,877,415,462
106000028,28,78,-50
106000029,38,49,-11
106000030,0,0,0
106000034,0,0,0
106000035,155,267,-112
106000036,0,0,0
106000037,0,0,0
106000038,0,0,0
106000039,0,0,0
106000040,0,0,0
106000041,219,67,152
106000043,93,15,78
106000046,0,0,0
106000047,0,0,0
106000049,161,7,154
106000050,0,0,0
106000051,86,105,-19
106000052,0,0,0
106000053,286,45,241
106000054,0,0,0
106000055,117,9,108
106000056,0,0,0
106000057,249,33,216
106000058,0,0,0
106000059,238,74,164
106000060,0,0,0
106000061,31,99,-68
106000062,0,0,0
106000063,466,188,278
106000064,0,0,0
106000065,208,37,171
106000066,3,3,0
106000067,197,7,190
106000068,1,1,0
106000069,32,0,32
106000070,10,2,8
106000071,241,24,217
106000072,278,187,91
106000073,431,157,274
106000074,136,121,15
106000075,152,148,4
106000076,571,112,459
106000077,706,134,572
106000078,299,45,254
106000079,477,77,400
106000080,405,23,382
106000081,333,85,248
106000082,334,47,287
106000083,202,116,86
106000084,357,16,341
106000085,515,137,378
106000086,393,76,317
106000087,199,15,184
106000088,219,26,193
106000089,460,42,418
106000090,415,40,375
106000091,5,0,5
106000092,129,41,88
106000093,158,4,154
106000094,0,0,0
106000095,220,52,168
106000096,268,30,238
106000097,303,61,242
106000098,218,24,194
106000099,12,13,-1
106000100,538,18,520
106000101,343,2,341
106000102,4,31,-27
106000103,17,93,-76
106000104,74,43,31
106000105,31,84,-53
106000106,96,21,75
106000107,17,79,-62
106000108,66,2,64
106000109,16,31,-15
106000110,53,12,41
106000111,0,42,-42
106000112,157,35,122
106000113,3,44,-41
106000114,13,13,0
106000115,15,53,-38
106000116,88,45,43
106000117,0,0,0
106000118,509,120,389
106000119,0,0,0
106000120,263,205,58
106000121,3,19,-16
106000122,0,0,0
106000123,10,5,5
106000124,0,0,0
106000125,0,0,0
106000126,28,1,27
106000127,0,0,0
106000128,98,12,86
106000129,0,0,0
106000130,270,66,204
106000131,0,0,0
106000132,101,16,85
106000133,0,0,0
106000134,266,35,231
106000135,0,0,0
106000136,294,50,244
106000137,0,0,0
106000138,242,6,236
106000139,85,11,74
106000140,0,0,0
106000141,0,0,0
106000142,69,10,59
106000143,0,0,0
106000144,159,12,147
106000145,0,0,0
106000146,280,154,126
106000147,67,6,61
106000148,111,125,-14
106000149,371,78,293
106000150,45,66,-21
106000151,205,56,149
106000152,169,77,92
106000153,0,10,-10
106000154,21,5,16
106000155,34,14,20
106000156,476,26,450
106000157,93,97,-4
106000158,554,122,432
106000159,190,47,143
106000160,194,212,-18
106000161,63,3,60
106000162,213,43,170
106000163,66,10,56
106000164,138,10,128
106000165,64,12,52
106000166,316,31,285
106000167,94,40,54
106000168,206,28,178
106000169,26,32,-6
106000170,178,6,172
106000171,39,76,-37
106000172,518,37,481
106000173,69,137,-68
106000174,189,7,182
106000175,78,5,73
106000176,260,73,187
106000177,0,0,0
106000178,279,60,219
106000179,0,0,0
106000180,99,40,59
106000181,41,91,-50
106000182,703,59,644
106000183,681,59,622
106000184,331,69,262
106000185,27,14,13
106000186,89,6,83
106000187,1,13,-12
106000188,0,0,0
106000189,0,10,-10
106000190,9,0,9
106000191,118,16,102
106000192,0,0,0
106000193,94,34,60
106000194,1,27,-26
106000195,40,3,37
106000196,0,13,-13
106000197,181,7,174
106000198,1,3,-2
106000199,159,6,153
106000200,18,42,-24
106000201,42,35,7
106000202,8,17,-9
106000203,0,0,0
106000204,22,5,17
106000205,0,0,0
106000206,7,1,6
106000207,0,18,-18
106000208,365,36,329
106000209,746,72,674
106000210,2,23,-21
106000211,16,51,-35
106000212,658,108,550
106000213,0,0,0
106000214,331,35,296
106000215,0,55,-55
106000216,108,35,73
106000217,3,56,-53
106000218,79,20,59
106000219,22,69,-47
106000220,101,19,82
106000221,0,0,0
106000222,50,15,35
106000223,146,23,123
106000224,0,0,0
106000225,1,135,-134
106000226,0,0,0
106000228,0,0,0
106000229,0,0,0
106000231,243,2,241
106000232,0,0,0
106000233,22,35,-13
106000234,0,0,0
106000235,43,13,30
106000236,0,0,0
106000237,0,0,0
106000238,0,5,-5
106000239,0,0,0
106000240,0,1,-1
106000241,0,32,-32
106000242,94,31,63
106000249,49,14,35
106000250,2,77,-75
106000251,0,0,0
106000252,0,0,0
106000253,0,0,0
106000254,0,0,0
106000255,0,0,0
106000256,0,0,0
106000257,22,40,-18
106000258,0,0,0
106000259,0,0,0
106000260,0,0,0
106000261,0,0,0
106000262,0,0,0
106000263,0,0,0
106000264,0,0,0
106000265,0,0,0
106000266,0,0,0
106000267,0,0,0
106000268,0,0,0
106000269,0,0,0
106000270,25,0,25
106000271,0,0,0
106000272,0,0,0
106000273,0,0,0
106000274,0,0,0
106000275,0,0,0
106000276,0,0,0
106000277,0,0,0
106000278,0,0,0
106000279,0,0,0
106000280,0,0,0
106000281,0,0,0
106000282,0,0,0
106000283,0,0,0
106000284,0,0,0
106000285,0,0,0
106000286,0,0,0
106000287,0,0,0
106000288,0,0,0
106000289,0,0,0
106000290,0,0,0
106000291,0,0,0
106000292,0,0,0
106000293,0,0,0
106000294,0,0,0
106000295,0,0,0
106000296,0,0,0
106000297,0,0,0
106000298,0,0,0
106000299,0,0,0
106000300,0,0,0
106000301,0,0,0
106000303,0,0,0
106000304,0,0,0
106000305,0,0,0
106000306,0,0,0
106000307,0,0,0
106000308,0,0,0
106000309,0,0,0
106000310,19,1,18
106000311,80,15,65
106000312,0,15,-15
106000313,2,38,-36
106000318,0,0,0
106000319,462,61,401
106000320,0,0,0
106000321,0,0,0
106000322,0,0,0
106000324,0,0,0
106000325,1467,398,1069
106000326,36,85,-49
106000327,98,15,83
106000328,0,0,0
106000329,4,7,-3
106000330,0,7,-7
106000428,47,182,-135
106000429,0,0,0
106000430,0,0,0
106000431,317,179,138
106000432,6,96,-90
106000433,815,517,298
106000434,1008,454,554
106000435,7,105,-98
106000436,0,0,0
106000437,11,8,3
106000438,13,7,6
106000439,0,0,0
106000440,16,54,-38
106000441,1,0,1
106000442,51,0,51
106000443,60,64,-4
106000450,0,0,0
106000451,14,67,-53
106000454,0,0,0
106000455,0,30,-30
106000456,38,2,36
106000457,0,0,0
106000458,158,10,148
106000459,0,0,0
106000460,310,7,303
106000461,0,0,0
106000462,0,0,0
106000463,0,2,-2
106000464,0,0,0
106000465,179,1,178
106000466,0,0,0
106000467,1,61,-60
106000468,26,28,-2
106000469,22,2,20
106000470,0,0,0
106000471,0,0,0
106000472,5,0,5
106000473,0,0,0
106000474,23,71,-48
106000475,77,151,-74
106000476,8,7,1
106000477,0,0,0
106900001,0,0,0
106900002,0,0,0
106900003,0,0,0
106900004,0,0,0
106900006,0,0,0
106900007,0,0,0
106900008,0,0,0
106900009,0,0,0
106900010,0,0,0
106900012,0,0,0
106900013,0,0,0
106900014,0,0,0
106900015,0,0,0
106900016,0,0,0
106900017,0,0,0
106900018,0,0,0
106900019,0,0,0
106900020,0,0,0
106900021,0,0,0
106900022,0,0,0
106900023,0,0,0
106900024,0,0,0
106900025,0,0,0
106900026,0,0,0
106900027,162,0,162
107000001,1604,2398,-794
107000002,269,383,-114
107000003,4405,4137,268
107000004,424,342,82
107000005,4264,2898,1366
107000006,256,302,-46
107000007,1820,2546,-726
107000008,510,321,189
107000009,4473,3753,720
107000010,599,333,266
107000011,0,0,0
107000012,0,0,0
107000013,0,0,0
107000014,0,0,0
107000015,0,0,0
107000016,0,0,0
107000017,8,5,3
107000018,0,0,0
107000020,38,483,-445
107000021,11,7,4
107000022,65,351,-286
107000023,324,1,323
107000024,90,227,-137
107000025,30,11,19
107000026,68,75,-7
107000027,220,18,202
107000028,48,126,-78
107000029,891,116,775
107000030,57,114,-57
107000031,762,228,534
107000032,87,107,-20
107000033,182,81,101
107000034,0,0,0
107000035,57,23,34
107000036,0,0,0
107000037,6,96,-90
107000038,4,13,-9
107000039,138,290,-152
107000040,61,3,58
107000041,459,94,365
107000042,58,36,22
107000043,366,86,280
107000044,28,10,18
107000045,4,11,-7
107000046,524,81,443
107000047,35,63,-28
107000048,317,68,249
107000049,26,47,-21
107000050,276,85,191
107000051,10,148,-138
107000052,265,116,149
107000053,329,87,242
107000054,12,109,-97
107000055,207,96,111
107000056,73,59,14
107000057,51,231,-180
107000058,945,1045,-100
107000059,0,0,0
107000060,2088,1781,307
107000061,32,8,24
107000062,2087,1134,953
107000063,40,22,18
107000064,1157,1046,111
107000065,24,3,21
107000066,860,697,163
107000067,175,114,61
107000068,124,151,-27
107000069,105,284,-179
107000070,175,0,175
107000071,883,12,871
107000072,0,0,0
107000073,257,57,200
107000074,0,0,0
107000075,1201,52,1149
107000076,0,0,0
107000077,1378,47,1331
107000078,0,0,0
107000079,981,124,857
107000080,0,0,0
107000081,1017,213,804
107000082,0,0,0
107000083,438,467,-29
107000084,0,0,0
107000085,776,558,218
107000086,164,382,-218
107000087,570,224,346
107000088,127,133,-6
107000089,287,155,132
107000090,82,55,27
107000091,342,118,224
107000092,58,44,14
107000093,336,320,16
107000094,41,62,-21
107000095,1281,643,638
107000096,0,0,0
107000097,242,146,96
107000098,0,0,0
107000099,234,274,-40
107000100,0,0,0
107000101,183,165,18
107000102,0,1,-1
107000103,210,116,94
107000104,0,0,0
107000105,321,92,229
107000106,0,0,0
107000107,239,143,96
107000108,0,0,0
107000109,265,16,249
107000110,0,0,0
107000111,168,2,166
107000112,0,0,0
107000113,267,23,244
107000114,0,0,0
107000115,386,66,320
107000116,0,0,0
107000117,204,57,147
107000118,0,0,0
107000119,764,252,512
107000120,0,0,0
107000121,398,42,356
107000122,13,84,-71
107000123,439,34,405
107000124,1,25,-24
107000125,559,43,516
107000126,44,22,22
107000127,0,0,0
107000129,0,0,0
107000130,336,159,177
107000131,0,0,0
107000132,343,187,156
107000133,2,0,2
107000134,44,0,44
107000135,1,0,1
107000136,138,0,138
107000137,0,2,-2
107000138,1,0,1
107000139,0,0,0
107000140,72,1,71
107000141,3,0,3
107000142,61,7,54
107000143,0,0,0
107000144,52,7,45
107000145,1,12,-11
107000146,0,0,0
107000147,2,53,-51
107000150,0,0,0
107000151,0,0,0
107000152,34,108,-74
107000153,0,0,0
107000154,0,0,0
107000155,85,0,85
107000156,136,0,136
107000157,0,0,0
107000158,29,0,29
107000159,0,0,0
107000160,169,49,120
107000161,1,1,0
107000162,4,69,-65
107000163,39,0,39
107000164,0,0,0
107000165,0,0,0
107000166,0,0,0
107000167,0,0,0
107000168,431,50,381
107000169,4,15,-11
107000170,494,94,400
107000171,5,26,-21
107000172,303,174,129
107000173,3,3,0
107000174,87,251,-164
107000175,35,13,22
107000176,0,0,0
107000177,26,0,26
107000178,0,5,-5
107000179,0,0,0
107000180,517,24,493
107000181,0,0,0
107000182,479,61,418
107000183,0,0,0
107000184,396,52,344
107000185,0,0,0
107000186,390,60,330
107000187,60,52,8
107000188,0,0,0
107000189,22,11,11
107000190,0,0,0
107000191,132,106,26
107000192,0,0,0
107000193,66,36,30
107000194,0,0,0
107000197,249,72,177
107000198,0,0,0
107000199,120,81,39
107000200,4,36,-32
107000201,80,47,33
107000202,50,40,10
107000203,67,138,-71
107000204,62,542,-480
107000205,74,61,13
107000206,23,542,-519
107000207,13,38,-25
107000208,16,17,-1
107000209,0,0,0
107000210,0,0,0
107000211,0,0,0
107000212,0,0,0
107000213,0,0,0
107000214,0,0,0
107000215,0,0,0
107000216,0,0,0
107000217,0,0,0
107000219,0,0,0
107000220,0,0,0
107000222,3,38,-35
107000224,3,4,-1
107000225,0,0,0
107000226,40,5,35
107000227,0,0,0
107000228,0,0,0
107000229,0,0,0
107000230,32,14,18
107000231,77,150,-73
107000232,0,0,0
107000233,0,0,0
107000234,0,0,0
107000235,116,5,111
107000236,0,0,0
107000237,23,0,23
107000238,15,0,15
107000239,0,0,0
107000240,0,0,0
107000241,0,0,0
107000242,0,0,0
107000243,0,0,0
107000244,1,0,1
107000246,2,0,2
107000249,0,0,0
107000251,0,0,0
107000252,0,0,0
107000255,0,0,0
107000257,0,0,0
107000258,0,0,0
107000259,0,0,0
107000260,0,0,0
107000262,0,0,0
107000263,0,0,0
107000266,0,0,0
107000267,0,0,0
107000268,0,0,0
107000269,0,0,0
107000270,0,0,0
107000271,0,0,0
107000272,0,0,0
107000273,0,0,0
107000274,7,0,7
107000275,0,0,0
107000280,51,1,50
107000281,0,0,0
107000282,0,1,-1
107000290,0,0,0
107000291,0,0,0
107000292,0,0,0
107000293,0,0,0
107000294,0,0,0
107000295,0,0,0
107000296,0,3,-3
107000444,12,0,12
107000496,0,8,-8
107000497,0,0,0
107000500,0,0,0
107000501,0,0,0
107000502,0,0,0
107000505,3,26,-23
107000506,0,0,0
107000508,0,0,0
107000509,67,78,-11
107000510,0,0,0
107000514,0,0,0
107000515,0,0,0
107000516,133,111,22
107000518,310,53,257
107000519,0,0,0
107000520,0,0,0
107900001,0,0,0
107900002,0,0,0
107900003,0,0,0
107900004,0,0,0
107900005,0,0,0
107900006,0,0,0
107900007,0,0,0
107900008,0,0,0
107900009,0,0,0
107900010,0,0,0
107900012,0,0,0
107900013,0,0,0
107900014,0,0,0
107900015,0,0,0
107900016,0,0,0
107900017,0,0,0
107900018,0,0,0
107900019,0,0,0
107900020,0,0,0
107900021,0,0,0
107900023,0,0,0
107900024,0,0,0
107900025,0,0,0
107900026,0,0,0
107900027,0,0,0
107900028,0,0,0
107900030,0,0,0
107900031,0,0,0
107900032,0,0,0
107900033,0,0,0
107900034,0,0,0
107900035,0,0,0
107900036,0,0,0
107900037,0,0,0
107900038,0,0,0
107900039,0,0,0
107900040,0,0,0
107900041,0,0,0
107900043,0,0,0
107900044,0,0,0
107900045,0,0,0
107900046,0,0,0
107900047,0,0,0
107900048,0,0,0
107900049,0,0,0
107900050,0,0,0
107900051,0,0,0
107900052,0,0,0
107900053,0,0,0
107900055,0,0,0
107900056,0,0,0
107900057,0,0,0
107900058,0,0,0
107900060,0,0,0
107900061,0,0,0
107900063,0,0,0
107900064,0,0,0
107900065,0,0,0
107900066,0,0,0
107900067,0,0,0
107900068,0,0,0
107900069,0,0,0
107900070,0,0,0
107900071,0,0,0
107900072,0,0,0
107900073,0,0,0
107900074,0,0,0
107900076,0,0,0
107900077,0,0,0
107900078,0,0,0
107900079,0,0,0
107900080,0,0,0
107900081,0,0,0
107900082,0,0,0
107900083,0,0,0
107900084,0,0,0
107900086,0,0,0
107900087,0,0,0
107900088,0,0,0
107900089,0,0,0
107900090,0,0,0
107900091,0,0,0
107900092,0,0,0
107900093,0,0,0
107900095,0,0,0
107900097,0,0,0
107900098,0,0,0
107900100,0,0,0
107900101,0,0,0
107900102,0,0,0
107900103,0,0,0
107900104,0,0,0
107900105,0,0,0
107900106,0,0,0
107900107,0,0,0
107900108,0,0,0
107900109,0,0,0
107900110,0,0,0
107900111,0,0,0
107900112,0,0,0
107900113,0,0,0
107900114,0,0,0
107900115,0,0,0
107900116,0,0,0
107900117,0,0,0
107900118,0,0,0
107900119,0,0,0
107900120,0,0,0
107900121,0,0,0
107900122,0,0,0
107900123,0,0,0
107900124,0,0,0
107900125,0,0,0
107900126,0,0,0
107900127,0,0,0
107900128,0,0,0
107900129,0,0,0
107900130,0,0,0
107900131,0,0,0
107900132,0,0,0
107900133,0,0,0
107900134,0,0,0
107900135,0,0,0
107900136,0,0,0
107900137,0,0,0
107900138,0,0,0
107900139,0,0,0
107900140,0,0,0
107900141,0,0,0
107900142,0,0,0
107900143,0,0,0
107900144,0,0,0
107900145,0,0,0
107900146,0,0,0
107900147,0,0,0
107900148,0,0,0
107900149,0,0,0
107900150,0,0,0
107900151,0,0,0
107900152,0,0,0
107900153,0,0,0
107900154,0,0,0
107900155,0,0,0
107900156,0,0,0
107900157,0,0,0
107900158,0,0,0
107900159,0,0,0
107900160,0,0,0
107900161,0,0,0
107900162,0,0,0
107900163,0,0,0
107900164,0,0,0
107900165,0,0,0
107900166,0,0,0
107900167,0,0,0
107900168,0,0,0
107900169,0,0,0
107900171,0,0,0
107900172,0,0,0
107900173,0,0,0
107900174,0,0,0
107900175,0,0,0
107900176,0,0,0
107900177,0,0,0
107900178,0,0,0
107900179,0,0,0
107900180,0,0,0
107900181,0,0,0
107900182,0,0,0
107900183,0,0,0
107900184,0,0,0
107900185,0,0,0
107900186,0,0,0
107900187,0,0,0
107900188,0,0,0
107900189,0,0,0
107900190,0,0,0
107900191,0,0,0
107900193,0,0,0
107900194,0,0,0
107900195,0,0,0
107900196,0,0,0
107900197,0,0,0
107900199,0,0,0
107900201,0,0,0
107900203,0,0,0
107900204,0,0,0
107900205,0,0,0
107900206,0,0,0
107900207,0,0,0
107900208,0,0,0
107900209,0,0,0
107900210,0,0,0
107900213,0,0,0
107900214,0,0,0
107900215,0,0,0
107900216,0,0,0
107900217,0,0,0
107900218,0,0,0
107900219,0,0,0
107900220,0,0,0
107900221,0,0,0
107900223,0,0,0
107900224,0,0,0
107900225,0,0,0
107900226,0,0,0
107900227,0,0,0
107900228,0,0,0
107900229,0,0,0
107900230,0,0,0
107900231,0,0,0
107900232,0,0,0
107900233,0,0,0
107900234,0,0,0
107900235,0,0,0
107900236,0,0,0
107900237,0,0,0
107900238,0,0,0
107900239,0,0,0
107900240,0,0,0
107900241,0,0,0
107900242,0,0,0
107900243,0,0,0
107900244,0,0,0
107900245,0,0,0
107900246,0,0,0
107900248,0,0,0
107900249,0,0,0
107900250,0,0,0
107900251,0,0,0
107900252,0,0,0
107900253,0,0,0
107900254,0,0,0
107900255,0,0,0
107900256,0,0,0
107900257,0,0,0
107900258,0,0,0
107900259,0,0,0
107900261,0,0,0
107900262,0,0,0
107900264,0,0,0
107900265,0,0,0
107900267,0,0,0
107900268,0,0,0
107900269,0,0,0
107900270,0,0,0
107900271,0,0,0
107900272,0,0,0
107900273,0,0,0
107900274,0,0,0
107900275,0,0,0
107900276,0,0,0
107900277,0,0,0
107900278,0,0,0
107900279,0,0,0
107900280,0,0,0
107900281,0,0,0
107900282,0,0,0
107900283,0,0,0
107900284,0,0,0
107900285,0,0,0
107900286,0,0,0
107900287,0,0,0
107900290,0,0,0
107900291,0,0,0
107900292,0,0,0
107900293,0,0,0
107900295,0,0,0
107900297,0,0,0
107900298,0,0,0
107900299,0,0,0
107900300,1,9,-8
107900301,0,25,-25
107900302,0,0,0
107900303,0,0,0
107900304,0,0,0
107900305,0,0,0
107900306,0,0,0
107900307,0,0,0
107900308,0,0,0
107900309,0,0,0
107900310,0,0,0
107900311,0,0,0
107900312,0,0,0
107900313,0,0,0
107900314,0,0,0
107900315,0,0,0
107900316,0,0,0
107900317,0,0,0
107900318,0,0,0
107900319,0,0,0
107900320,0,0,0
107900321,0,0,0
107900322,0,0,0
107900323,0,0,0
107900324,0,0,0
107900325,0,0,0
107900326,0,0,0
107900327,0,0,0
107900328,0,0,0
107900329,0,0,0
107900330,0,0,0
107900331,0,0,0
107900332,0,0,0
107900333,0,0,0
107900334,0,0,0
107900335,0,0,0
107900336,0,0,0
107900337,0,0,0
107900338,0,0,0
107900339,0,0,0
107900340,0,0,0
107900341,0,0,0
107900342,0,0,0
107900343,0,0,0
107900344,0,0,0
107900345,0,0,0
107900346,0,0,0
107900347,0,0,0
107900348,0,0,0
107900349,0,0,0
107900350,0,0,0
108000001,2258,1094,1164
108000002,77,190,-113
108000003,1640,994,646
108000004,426,1391,-965
108000005,5126,1774,3352
108000006,114,608,-494
108000007,4302,1252,3050
108000008,289,346,-57
108000009,2656,1504,1152
108000010,172,313,-141
108000011,4710,1424,3286
108000012,608,542,66
108000014,164,1,163
108000015,498,10,488
108000016,0,5,-5
108000017,533,29,504
108000018,1362,71,1291
108000019,161,33,128
108000020,589,141,448
108000021,0,0,0
108000022,100,35,65
108000023,613,73,540
108000024,77,29,48
108000025,56,8,48
108000026,413,45,368
108000027,45,8,37
108000028,519,6,513
108000029,98,2,96
108000030,442,16,426
108000031,69,0,69
108000032,1222,108,1114
108000033,0,0,0
108000034,1136,61,1075
108000035,0,0,0
108000036,3,29,-26
108000037,430,99,331
108000038,632,96,536
108000039,4,30,-26
108000040,1149,132,1017
108000041,7,13,-6
108000042,378,14,364
108000043,30,0,30
108000044,579,10,569
108000045,57,0,57
108000046,1215,157,1058
108000047,0,0,0
108000048,0,0,0
108000049,336,26,310
108000050,0,7,-7
108000051,104,17,87
108000052,2,9,-7
108000053,164,54,110
108000054,18,37,-19
108000055,359,104,255
108000056,26,29,-3
108000057,281,521,-240
108000058,443,489,-46
108000059,3,118,-115
108000060,202,144,58
108000061,0,0,0
108000062,317,99,218
108000063,0,0,0
108000064,184,119,65
108000065,0,0,0
108000066,432,46,386
108000067,804,4,800
108000068,615,49,566
108000069,0,0,0
108000070,1603,91,1512
108000071,0,0,0
108000072,1762,168,1594
108000073,0,0,0
108000074,515,87,428
108000075,0,0,0
108000076,1019,199,820
108000077,0,0,0
108000078,1779,600,1179
108000079,0,0,0
108000080,1111,223,888
108000081,0,0,0
108000082,0,0,0
108000083,153,31,122
108000084,0,0,0
108000085,50,41,9
108000086,0,0,0
108000087,34,226,-192
108000088,180,1,179
108000089,0,0,0
108000090,348,29,319
108000091,0,0,0
108000092,605,23,582
108000093,0,0,0
108000094,735,73,662
108000095,0,0,0
108000096,510,219,291
108000097,0,0,0
108000098,1329,79,1250
108000099,96,24,72
108000100,187,61,126
108000101,1112,269,843
108000102,415,718,-303
108000106,132,0,132
108000107,0,0,0
108000108,85,7,78
108000109,0,0,0
108000110,6,3,3
108000111,0,0,0
108000112,0,22,-22
108000113,34,37,-3
108000115,133,29,104
108000117,110,11,99
108000118,0,0,0
108000119,42,1,41
108000120,262,128,134
108000121,50,16,34
108000122,514,29,485
108000123,401,33,368
108000124,0,0,0
108000125,632,70,562
108000126,0,0,0
108000127,452,39,413
108000128,0,0,0
108000129,0,0,0
108000130,401,17,384
108000131,184,101,83
108000132,0,0,0
108000133,851,59,792
108000134,0,0,0
108000135,1405,90,1315
108000136,0,0,0
108000137,48,25,23
108000138,4,22,-18
108000139,164,23,141
108000140,0,0,0
108000141,0,0,0
108000142,0,0,0
108000143,0,0,0
108000144,0,0,0
108000145,0,0,0
108000146,0,0,0
108000147,0,0,0
108000148,0,0,0
108000149,0,0,0
108000150,0,0,0
108000151,0,0,0
108000152,0,0,0
108000153,0,0,0
108000154,0,0,0
108000155,0,0,0
108000156,0,0,0
108000157,0,0,0
108000158,0,0,0
108000159,47,7,40
108000160,52,4,48
108000161,150,19,131
108000165,0,0,0
108000172,0,0,0
108000173,0,0,0
108000175,242,13,229
108000178,0,0,0
108000179,72,550,-478
108000181,0,0,0
108000182,0,0,0
108000183,0,0,0
108000184,22,223,-201
108000185,0,0,0
108000186,0,0,0
108000187,0,0,0
108000188,0,0,0
108000189,58,35,23
108000190,0,0,0
108000192,0,0,0
108000193,0,0,0
108000194,11,3,8
108000195,0,0,0
108000196,36,2,34
108000197,0,0,0
108000198,0,0,0
108000199,0,0,0
108000200,0,0,0
108000202,1,146,-145
108000203,0,0,0
108000204,0,0,0
108000205,0,0,0
108000339,179,34,145
108000364,22,33,-11
108000365,12,11,1
108000367,0,0,0
108000368,0,0,0
108000369,0,0,0
108000371,0,0,0
108000372,84,0,84
108000373,25,24,1
108000376,0,0,0
108000377,98,79,19
108000378,5925,2585,3340
108000379,0,0,0
108000381,0,0,0
108000382,39,0,39
108000383,0,0,0
108900001,0,0,0
108900002,0,0,0
108900003,0,0,0
108900004,65,52,13
108900005,0,9,-9
108900006,13,1,12
108900007,53,9,44
108900008,1,0,1
108900009,11,1,10
108900010,0,0,0
108900011,90,24,66
108900012,53,1,52
108900013,118,54,64
108900014,0,0,0
108900015,0,0,0
108900016,0,0,0
108900017,0,0,0
108900018,0,0,0
108900019,0,0,0
108900020,0,0,0
108900021,0,0,0
108900022,0,0,0
108900023,0,0,0
108900024,0,0,0
108900025,0,0,0
108900026,0,0,0
108900027,0,0,0
108900028,0,0,0
108900029,0,0,0
108900030,0,0,0
108900031,0,0,0
108900032,0,0,0
108900033,0,0,0
108900034,0,0,0
108900035,0,0,0
108900036,0,0,0
108900037,0,0,0
108900038,0,0,0
108900039,0,0,0
108900040,0,0,0
108900041,168,99,69
108900042,0,0,0
108900043,0,0,0
108900044,0,0,0
108900045,0,0,0
108900046,0,0,0
108900047,0,0,0
108900048,0,0,0
108900049,0,0,0
108900050,0,0,0
108900051,0,0,0
108900052,0,0,0
108900053,0,0,0
108900054,0,0,0
108900055,0,0,0
108900056,0,0,0
108900057,0,0,0
108900058,0,0,0
108900059,0,0,0
108900060,0,6,-6
108900061,0,0,0
108900062,0,0,0
108900063,0,0,0
108900064,0,0,0
108900065,0,0,0
108900066,34,10,24
108900067,0,0,0
108900068,0,0,0
108900069,0,0,0
108900070,0,0,0
108900071,0,7,-7
108900072,0,0,0
108900073,0,0,0
108900074,0,0,0
108900075,0,0,0
108900076,54,1,53
108900077,0,0,0
108900078,0,0,0
108900079,0,0,0
108900080,0,0,0
108900081,0,0,0
108900082,0,0,0
108900083,0,0,0
108900084,0,0,0
108900085,0,0,0
108900086,0,0,0
108900087,0,0,0
108900088,93,7,86
108900089,0,0,0
108900090,0,0,0
108900091,0,0,0
108900092,83,5,78
108900093,0,0,0
108900094,0,0,0
108900095,0,0,0
108900096,0,0,0
108900097,17,12,5
108900098,0,0,0
108900099,44,3,41
108900100,0,0,0
108900101,0,0,0
108900102,0,0,0
108900103,0,0,0
108900104,0,0,0
108900105,0,0,0
108900106,23,0,23
108900108,0,0,0
108900109,0,0,0
108900110,13,5,8
108900111,28,1,27
108900112,0,0,0
108900113,0,0,0
108900114,0,0,0
108900115,0,0,0
108900116,0,0,0
108900117,0,0,0
108900118,0,0,0
108900119,0,0,0
108900120,0,0,0
108900121,0,0,0
108900122,0,0,0
108900123,0,0,0
108900124,0,0,0
108900125,0,0,0
108900126,0,0,0
108900127,0,0,0
108900128,0,0,0
108900129,0,0,0
108900130,0,0,0
108900131,0,0,0
108900132,0,0,0
108900133,0,0,0
108900134,0,0,0
108900135,0,0,0
108900136,0,0,0
108900137,0,0,0
108900138,0,0,0
108900139,0,0,0
108900140,0,0,0
108900141,0,0,0
108900142,0,0,0
108900143,0,0,0
108900144,0,0,0
108900145,0,0,0
108900146,0,0,0
108900147,0,0,0
108900148,0,0,0
108900149,0,0,0
108900150,0,0,0
108900151,0,0,0
108900152,0,0,0
108900153,0,0,0
108900154,4,1,3
108900155,0,0,0
108900156,0,0,0
108900157,0,0,0
108900158,0,0,0
108900159,0,0,0
108900160,0,0,0
108900161,0,0,0
108900162,0,0,0
108900163,0,0,0
108900164,0,0,0
108900165,0,0,0
108900167,0,0,0
108900168,0,0,0
108900169,0,0,0
108900171,6,111,-105
108900172,0,0,0
108900173,0,0,0
108900174,0,0,0
108900176,0,0,0
108900177,0,0,0
108900178,0,0,0
108900179,0,138,-138
108900180,0,10,-10
108900182,0,38,-38
108900183,0,0,0
108900184,45,6,39
108900185,0,0,0
108900186,0,0,0
108900187,0,0,0
108900188,0,0,0
108900189,2,3,-1
108900190,0,0,0
108900191,0,0,0
108900192,0,0,0
108900193,0,0,0
108900194,0,0,0
108900195,8,0,8
108900196,0,0,0
108900198,0,0,0
108900199,0,0,0
108900200,2,0,2
108900201,0,0,0
108900203,0,0,0
108900204,0,0,0
108900205,0,0,0
108900206,0,0,0
108900207,0,0,0
108900208,0,0,0
108900209,0,0,0
108900210,0,0,0
108900211,0,0,0
108900212,0,0,0
108900215,0,0,0
108900216,0,0,0
108900217,0,0,0
108900218,0,0,0
108900219,0,0,0
108900220,0,0,0
108900221,0,0,0
108900222,0,0,0
108900223,0,0,0
108900224,0,0,0
108900225,0,0,0
108900226,0,0,0
108900227,0,0,0
108900230,0,0,0
108900231,0,0,0
108900232,0,0,0
108900233,0,0,0
108900234,0,0,0
108900235,0,0,0
108900236,0,0,0
108900237,0,0,0
108900240,0,0,0
108900241,0,0,0
108900245,0,0,0
108900249,0,0,0
108900250,0,0,0
108900257,0,0,0
108900258,0,0,0
108900259,0,0,0
108900260,0,0,0
108900261,0,0,0
108900262,0,0,0
108900263,0,0,0
108900264,0,0,0
108900265,0,0,0
108900266,0,0,0
108900267,0,0,0
108900268,0,0,0
108900269,0,0,0
108900270,0,0,0
108900271,0,0,0
108900272,0,0,0
108900273,0,0,0
108900274,0,0,0
109000001,1208,799,409
109000002,0,291,-291
109000003,2050,328,1722
109000004,0,141,-141
109000005,1321,306,1015
109000006,0,145,-145
109000007,1233,270,963
109000008,6,119,-113
109000009,2131,335,1796
109000010,23,254,-231
109000011,2458,582,1876
109000012,39,189,-150
109000013,2945,849,2096
109000014,14,243,-229
109000015,3732,703,3029
109000016,111,295,-184
109000017,2081,491,1590
109000018,30,284,-254
109000019,1643,386,1257
109000020,3,127,-124
109000023,8,1,7
109000024,0,0,0
109000025,0,0,0
109000026,41,41,0
109000027,0,0,0
109000028,11,5,6
109000029,0,0,0
109000030,0,0,0
109000031,156,37,119
109000032,0,0,0
109000033,231,51,180
109000034,0,0,0
109000035,0,0,0
109000036,0,4,-4
109000037,0,0,0
109000038,14,5,9
109000039,0,0,0
109000040,0,0,0
109000041,16,38,-22
109000042,5,32,-27
109000044,190,32,158
109000045,0,0,0
109000046,184,37,147
109000047,0,0,0
109000048,298,88,210
109000049,0,0,0
109000050,184,105,79
109000051,0,0,0
109000052,0,0,0
109000053,0,0,0
109000054,0,0,0
109000055,0,0,0
109000056,0,0,0
109000057,0,0,0
109000058,0,0,0
109000059,0,0,0
109000060,1,7,-6
109000061,0,0,0
109000062,11,16,-5
109000063,0,0,0
109000064,1,9,-8
109000065,0,0,0
109000066,24,0,24
109000067,0,0,0
109000068,197,2,195
109000069,357,16,341
109000070,0,0,0
109000071,0,0,0
109000072,0,25,-25
109000073,0,0,0
109000074,0,11,-11
109000075,0,0,0
109000076,4,16,-12
109000077,29,4,25
109000078,0,5,-5
109000079,5,0,5
109000080,0,4,-4
109000081,34,9,25
109000082,13,4,9
109000083,87,4,83
109000088,0,15,-15
109000089,0,0,0
109000090,0,2,-2
109000091,0,0,0
109000092,0,7,-7
109000093,0,0,0
109000094,0,0,0
109000095,0,8,-8
109000096,42,10,32
109000097,0,0,0
109000098,22,14,8
109000099,159,2,157
109000100,0,23,-23
109000101,385,11,374
109000102,2,60,-58
109000103,11,6,5
109000104,427,13,414
109000105,30,65,-35
109000106,434,9,425
109000107,9,35,-26
109000108,419,31,388
109000109,12,49,-37
109000110,125,94,31
109000111,28,178,-150
109000112,0,0,0
109000113,0,0,0
109000114,186,79,107
109000115,127,9,118
109000116,0,0,0
109000117,114,6,108
109000118,0,0,0
109000119,300,7,293
109000120,0,0,0
109000121,161,9,152
109000122,0,0,0
109000123,0,0,0
109000124,67,0,67
109000125,673,46,627
109000126,0,0,0
109000127,588,19,569
109000128,0,0,0
109000129,467,71,396
109000130,0,0,0
109000131,155,220,-65
109000132,1,26,-25
109000133,0,0,0
109000134,0,0,0
109000135,0,0,0
109000136,10,5,5
109000137,73,4,69
109000138,32,3,29
109000139,125,19,106
109000140,20,1,19
109000141,72,9,63
109000142,0,0,0
109000143,0,0,0
109000145,0,0,0
109000146,36,40,-4
109000148,0,0,0
109000149,0,0,0
109000150,8,79,-71
109000155,0,0,0
109000156,336,25,311
109000158,0,0,0
109000159,47,51,-4
109000160,0,0,0
109000161,430,56,374
109000162,40,0,40
109000163,569,59,510
109000164,62,16,46
109000165,454,123,331
109000166,57,5,52
109000167,2,38,-36
109000170,0,0,0
109000171,0,0,0
109000172,0,0,0
109000173,0,0,0
109000174,0,0,0
109000175,0,0,0
109000176,22,2,20
109000177,0,0,0
109000178,8,4,4
109000179,0,0,0
109000180,0,0,0
109000181,0,0,0
109000182,0,0,0
109000183,1,0,1
109000184,0,0,0
109000185,2,18,-16
109000188,0,20,-20
109000189,30,8,22
109000190,0,0,0
109000191,444,72,372
109000192,0,0,0
109000193,0,0,0
109000194,0,0,0
109000195,0,0,0
109000196,0,0,0
109000197,0,0,0
109000198,0,0,0
109000199,0,0,0
109000206,0,0,0
109000207,0,0,0
109000208,0,0,0
109000209,0,0,0
109000210,0,0,0
109000211,0,0,0
109000214,40,11,29
109000215,257,35,222
109000216,67,244,-177
109000217,0,0,0
109000218,0,0,0
109000221,3,18,-15
109000222,18,38,-20
109000223,2,58,-56
109000224,0,0,0
109000225,9,5,4
109000226,0,5,-5
109000227,29,9,20
109000228,0,0,0
109000231,0,0,0
109000232,36,4,32
109000236,0,0,0
109000241,64,9,55
109000242,415,56,359
109000293,0,0,0
109000361,0,0,0
109000364,0,0,0
109000396,1,12,-11
109000397,0,0,0
109000399,2,46,-44
109000400,0,0,0
109000403,0,0,0
109000406,209,26,183
109000407,0,0,0
109000408,2,93,-91
109000410,0,0,0
109000411,5,9,-4
109900001,0,0,0
109900002,0,0,0
109900003,0,0,0
109900004,0,0,0
109900005,0,0,0
109900006,0,0,0
109900007,0,0,0
109900008,0,0,0
109900009,0,0,0
109900010,0,0,0
109900011,0,0,0
109900012,0,0,0
109900013,0,0,0
109900014,0,0,0
109900015,0,0,0
109900016,0,0,0
109900017,0,0,0
109900018,0,0,0
109900019,0,0,0
109900020,0,0,0
109900021,0,0,0
109900022,7,1,6
109900023,0,0,0
109900024,0,0,0
109900025,0,0,0
109900026,0,0,0
109900027,0,0,0
109900028,0,0,0
109900029,0,0,0
109900030,0,0,0
109900031,0,0,0
109900032,0,0,0
109900033,0,0,0
109900034,0,0,0
109900035,0,0,0
109900036,0,0,0
109900037,0,0,0
109900038,0,0,0
109900039,0,0,0
109900040,0,0,0
109900041,0,0,0
109900042,0,0,0
109900044,0,0,0
109900045,0,0,0
109900046,0,0,0
109900047,0,0,0
109900048,0,0,0
109900049,0,0,0
109900050,0,0,0
109900051,0,0,0
109900052,0,0,0
109900053,0,0,0
109900054,0,0,0
109900055,0,0,0
109900056,0,0,0
109900057,0,0,0
109900058,0,0,0
109900059,0,0,0
109900060,0,0,0
109900061,0,0,0
109900062,0,0,0
109900063,0,0,0
109900064,11,2,9
109900065,0,0,0
109900066,0,0,0
109900067,0,0,0
109900068,0,0,0
109900069,0,0,0
109900070,0,0,0
109900071,0,0,0
109900072,0,0,0
109900073,2,0,2
109900074,0,0,0
109900075,0,0,0
109900076,0,0,0
109900077,0,0,0
109900078,0,0,0
109900080,0,0,0
109900081,0,0,0
109900082,0,0,0
109900083,0,0,0
109900084,0,0,0
109900085,0,0,0
109900086,0,0,0
109900087,0,0,0
109900089,0,0,0
109900090,0,0,0
109900091,0,0,0
109900092,0,0,0
109900093,0,0,0
109900094,0,0,0
109900095,0,0,0
109900096,0,0,0
109900097,0,0,0
109900098,0,0,0
109900099,0,0,0
109900100,0,0,0
109900101,0,0,0
109900102,0,0,0
109900103,0,0,0
109900104,0,0,0
109900105,0,0,0
109900106,0,0,0
109900107,0,0,0
109900108,0,0,0
109900109,0,0,0
109900110,0,0,0
109900111,0,0,0
109900112,0,0,0
109900113,0,0,0
109900114,3,0,3
109900115,0,0,0
109900117,0,0,0
109900118,0,0,0
109900119,0,0,0
109900120,0,0,0
109900121,0,0,0
109900122,0,0,0
109900123,0,0,0
109900124,0,0,0
109900125,0,0,0
109900126,0,0,0
109900128,0,0,0
109900130,0,0,0
109900131,0,0,0
109900132,0,0,0
109900133,0,0,0
109900134,0,0,0
109900135,0,0,0
109900136,0,0,0
109900137,0,0,0
109900138,0,0,0
109900140,0,0,0
109900141,0,0,0
109900142,0,0,0
109900145,0,0,0
109900146,0,0,0
109900148,0,0,0
109900149,0,0,0
109900150,0,0,0
109900151,0,0,0
109900152,0,0,0
109900153,0,0,0
109900154,0,0,0
109900155,0,0,0
109900157,0,0,0
109900158,0,0,0
109900159,0,0,0
109900160,0,0,0
109900161,0,0,0
109900162,0,0,0
109900163,0,0,0
109900164,0,0,0
109900165,0,0,0
109900166,0,0,0
109900167,0,0,0
109900168,0,0,0
109900169,0,0,0
109900170,0,0,0
109900171,0,0,0
109900172,0,0,0
109900173,0,0,0
109900174,0,0,0
109900175,0,0,0
109900176,0,0,0
109900177,0,0,0
109900178,0,0,0
109900179,0,0,0
109900180,0,0,0
110000001,42,84,-42
110000002,551,336,215
110000003,113,237,-124
110000004,638,177,461
110000005,34,80,-46
110000006,6,99,-93
110000007,13,4,9
110000008,0,0,0
110000009,0,0,0
110000010,0,0,0
110000011,12,1,11
110000012,0,0,0
110000013,7,29,-22
110000014,44,66,-22
110000015,10,9,1
110000016,26,64,-38
110000017,69,25,44
110000018,7,20,-13
110000019,0,0,0
110000020,0,0,0
110000021,25,18,7
110000022,0,0,0
110000023,0,0,0
110000024,0,0,0
110000025,0,0,0
110000026,0,0,0
110000027,8,11,-3
110000028,201,17,184
110000029,0,0,0
110000030,74,40,34
110000031,0,0,0
110000032,242,7,235
110000033,1,3,-2
110000034,23,2,21
110000035,25,33,-8
110000036,46,1,45
110000037,0,8,-8
110000038,28,8,20
110000039,161,42,119
110000040,0,0,0
110000041,195,128,67
110000042,0,0,0
110000043,114,120,-6
110000044,0,0,0
110000045,1,24,-23
110000046,0,0,0
110000047,0,16,-16
110000048,0,0,0
110000049,6,1,5
110000050,0,0,0
110000051,2,2,0
110000052,2,8,-6
110000053,2,6,-4
110000054,0,0,0
110000055,22,5,17
110000056,152,60,92
110000057,0,0,0
110000058,116,98,18
110000059,36,91,-55
110000060,725,203,522
110000061,82,154,-72
110000062,661,230,431
110000063,0,0,0
110000064,14,0,14
110000065,0,0,0
110000066,0,0,0
110000067,3,4,-1
110000068,0,0,0
110000069,0,0,0
110000071,0,0,0
110000073,0,0,0
110000075,0,0,0
110000076,0,0,0
110000077,0,0,0
110000078,0,0,0
110000080,29,13,16
110000081,0,0,0
110000082,0,0,0
110000083,45,106,-61
110000084,542,146,396
110000085,367,370,-3
110000086,376,222,154
110000087,1,32,-31
110000088,2,147,-145
110000089,430,1,429
110000090,0,0,0
110000091,0,0,0
110000092,0,0,0
110000093,174,8,166
110000094,57,6,51
110000095,451,117,334
110000096,104,45,59
110000097,734,92,642
110000098,480,52,428
110000099,80,74,6
110000100,28,0,28
110000101,0,0,0
110000102,0,0,0
110000104,0,0,0
110000105,16,11,5
110000106,0,0,0
110000107,3,45,-42
110000108,473,1,472
110000109,0,0,0
110000110,1049,188,861
110000111,0,0,0
110000112,0,0,0
110000113,0,0,0
110000114,1,1,0
110000115,3,21,-18
110000116,6,44,-38
110000117,0,0,0
110000118,129,42,87
110000119,0,0,0
110000120,107,44,63
110000121,0,0,0
110000122,5,15,-10
110000123,42,102,-60
110000124,0,0,0
110000125,288,26,262
110000126,139,13,126
110000127,349,3,346
110000128,0,0,0
110000129,0,0,0
110000130,73,21,52
110000131,0,0,0
110000132,0,0,0
110000133,0,0,0
110000134,0,0,0
110000135,28,0,28
110000136,0,0,0
110000137,75,0,75
110000138,0,0,0
110000139,122,4,118
110000140,719,34,685
110000143,125,16,109
110000144,1367,346,1021
110000145,289,127,162
110000146,766,90,676
110000147,0,0,0
110000148,110,34,76
110000151,42,68,-26
110000152,0,0,0
110000153,0,0,0
110000154,0,7,-7
110000155,98,374,-276
110000156,9,101,-92
110000157,57,211,-154
110000160,0,0,0
110000161,0,0,0
110000166,0,0,0
110000167,382,84,298
110000168,552,57,495
110000169,162,92,70
110000170,44,10,34
110000171,239,12,227
110000172,10,38,-28
110000173,68,33,35
110000174,0,0,0
110000175,28,1,27
110000176,15,19,-4
110000177,47,36,11
110000178,161,44,117
110000179,34,26,8
110000180,78,22,56
110000181,125,9,116
110000182,43,5,38
110000183,308,67,241
110000184,52,42,10
110000185,0,0,0
110000186,0,0,0
110000191,114,0,114
110000192,0,0,0
110000193,0,0,0
110000194,0,0,0
110000195,0,0,0
110000196,0,0,0
110000197,0,0,0
110000198,0,0,0
110000199,0,0,0
110000200,19,0,19
110000201,0,0,0
110000202,0,0,0
110000203,0,0,0
110000204,0,0,0
110000205,0,0,0
110000206,0,0,0
110000207,0,0,0
110000208,0,0,0
110000209,0,0,0
110000210,755,173,582
110000211,754,268,486
110000212,48,38,10
110000213,12,0,12
110000214,24,0,24
110000215,0,0,0
110000216,0,0,0
110000217,129,0,129
110000218,0,0,0
110000219,55,0,55
110000220,0,0,0
110000221,31,0,31
110000222,0,0,0
110000223,0,0,0
110000224,0,0,0
110000225,0,0,0
110000226,292,26,266
110000227,0,0,0
110000228,96,2,94
110000229,0,0,0
110000230,268,73,195
110000231,71,47,24
110000232,0,0,0
110000233,36,29,7
110000234,212,24,188
110000235,79,112,-33
110000236,0,0,0
110000237,0,0,0
110000238,514,99,415
110000239,0,0,0
110000240,0,0,0
110000242,0,0,0
110000243,0,0,0
110000244,0,0,0
110000245,0,0,0
110000246,41,15,26
110000247,42,182,-140
110000248,91,36,55
110000249,0,0,0
110000250,0,4,-4
110000251,3,17,-14
110000252,32,0,32
110000253,62,18,44
110000254,0,0,0
110000255,0,0,0
110000256,5,31,-26
110000257,9,1,8
110000258,0,2,-2
110000259,0,0,0
110000260,5,1,4
110000263,0,0,0
110000264,6,3,3
110000265,1307,219,1088
110000266,477,400,77
110000267,0,0,0
110000268,1,2,-1
110000269,0,0,0
110000270,60,0,60
110000271,117,22,95
110000272,208,175,33
110000273,88,129,-41
110000274,10,94,-84
110000275,228,136,92
110000276,6,121,-115
110000277,697,100,597
110000278,3,158,-155
110000279,557,206,351
110000280,269,56,213
110000281,0,0,0
110000282,44,0,44
110000283,0,0,0
110000284,0,0,0
110000285,0,0,0
110000286,29,9,20
110000287,0,0,0
110000288,0,0,0
110000289,0,0,0
110000290,0,0,0
110000291,182,19,163
110000292,0,0,0
110000293,246,9,237
110000294,0,0,0
110000295,75,14,61
110000296,0,0,0
110000297,0,0,0
110000298,0,0,0
110000299,0,0,0
110000301,0,0,0
110000302,0,0,0
110000303,0,0,0
110000304,0,0,0
110000305,104,1,103
110000306,0,0,0
110000307,140,0,140
110000308,222,1,221
110000309,0,0,0
110000310,74,3,71
110000311,0,0,0
110000312,28,0,28
110000313,0,0,0
110000314,0,0,0
110000315,31,274,-243
110000316,1,163,-162
110000317,0,0,0
110000318,0,0,0
110000319,0,0,0
110000320,0,0,0
110000321,0,0,0
110000322,0,8,-8
110000323,0,0,0
110000324,0,0,0
110000325,823,397,426
110000327,189,3,186
110000328,0,0,0
110000333,38,186,-148
110000334,1,7,-6
110000335,27,29,-2
110000336,1,15,-14
110000337,691,143,548
110000338,2,6,-4
110000339,23,65,-42
110000340,0,9,-9
110000341,45,0,45
110000342,9,0,9
110000343,0,0,0
110000344,0,0,0
110000345,2,0,2
110000346,328,261,67
110000347,748,251,497
110000348,0,0,0
110000349,0,0,0
110000350,0,0,0
110000351,346,88,258
110000352,0,0,0
110000353,1026,55,971
110000354,17,15,2
110000355,0,0,0
110000356,162,2,160
110000357,0,0,0
110000361,0,0,0
110000362,1,10,-9
110000363,63,0,63
110000364,113,57,56
110000365,5,0,5
110000366,0,0,0
110000367,0,0,0
110000368,0,0,0
110000369,7,0,7
110000373,0,0,0
110000374,0,0,0
110000375,133,19,114
110000376,0,0,0
110000377,91,153,-62
110000378,0,0,0
110000379,485,166,319
110000380,175,35,140
110000383,0,0,0
110000384,166,16,150
110000385,0,0,0
110000387,30,7,23
110000388,0,0,0
110000389,629,5,624
110000391,263,6,257
110000396,0,0,0
110000397,0,0,0
110000398,0,0,0
110000399,513,0,513
110000587,3,3,0
110000589,1,0,1
110000640,0,0,0
110000652,0,0,0
110000653,0,0,0
110000654,0,0,0
110000656,0,0,0
110000674,0,0,0
110000675,0,0,0
110000676,0,0,0
110000679,0,0,0
110000682,19,22,-3
110000683,68,75,-7
110000684,0,0,0
110000685,0,3,-3
110000686,0,0,0
110000687,7,0,7
110000688,44,1,43
110000689,0,0,0
110000692,0,4,-4
110000693,0,0,0
110000694,0,0,0
110000695,0,0,0
110000696,14,16,-2
110900001,0,0,0
110900002,0,0,0
110900003,0,0,0
110900004,0,0,0
110900005,0,0,0
110900006,0,0,0
110900007,0,0,0
110900008,0,0,0
110900009,0,0,0
110900010,0,0,0
110900011,0,0,0
110900012,0,0,0
110900013,0,0,0
110900014,0,0,0
110900015,0,0,0
110900016,0,0,0
110900017,0,0,0
110900018,0,0,0
110900019,0,0,0
110900020,0,0,0
110900021,0,0,0
110900022,0,0,0
110900023,0,0,0
110900024,0,0,0
110900025,0,0,0
110900027,0,0,0
110900028,0,0,0
110900029,0,0,0
110900030,0,0,0
110900031,0,0,0
110900032,0,0,0
110900033,0,0,0
110900035,0,0,0
110900036,0,0,0
110900037,0,0,0
110900038,0,0,0
110900039,0,0,0
110900040,0,0,0
110900041,0,0,0
110900042,0,0,0
110900043,0,0,0
110900044,0,0,0
110900045,0,0,0
110900046,0,0,0
110900047,0,0,0
110900049,0,0,0
110900050,0,0,0
110900051,0,0,0
110900052,0,0,0
110900053,0,0,0
110900054,0,0,0
110900055,0,0,0
110900056,0,0,0
110900057,0,0,0
110900058,0,0,0
110900059,0,0,0
110900060,0,0,0
110900061,0,0,0
110900062,0,0,0
110900063,0,0,0
110900064,0,0,0
110900065,0,0,0
110900066,0,0,0
110900067,0,0,0
110900068,0,0,0
110900069,0,0,0
110900070,0,0,0
110900071,0,0,0
110900073,0,0,0
110900074,0,0,0
110900075,0,0,0
110900077,0,0,0
110900078,0,0,0
110900079,0,0,0
110900080,0,0,0
110900081,0,0,0
110900082,0,0,0
110900083,0,0,0
110900084,0,0,0
110900085,0,0,0
110900086,0,0,0
110900087,0,0,0
110900088,0,0,0
110900090,0,0,0
110900091,0,0,0
110900093,0,0,0
110900095,0,0,0
110900097,0,0,0
110900098,0,0,0
110900099,0,0,0
110900100,0,0,0
110900102,0,0,0
110900105,0,0,0
110900108,0,0,0
110900111,0,0,0
110900112,0,0,0
110900113,0,0,0
110900115,0,0,0
110900116,0,0,0
110900118,0,0,0
110900119,0,0,0
110900120,0,0,0
110900121,0,0,0
110900122,0,0,0
110900125,0,0,0
110900127,0,0,0
110900128,0,0,0
110900129,0,0,0
110900130,0,0,0
110900131,0,0,0
110900132,0,0,0
110900133,0,0,0
110900135,0,0,0
110900136,0,0,0
110900137,0,0,0
110900138,0,0,0
110900139,0,0,0
110900140,0,0,0
110900141,0,0,0
110900142,0,0,0
110900143,0,0,0
110900144,0,0,0
110900145,0,0,0
110900146,0,0,0
110900147,0,0,0
110900148,0,0,0
110900149,0,0,0
110900150,0,0,0
110900151,0,0,0
110900152,0,0,0
110900153,0,0,0
111000001,56,6,50
111000002,0,0,0
111000003,429,25,404
111000004,0,0,0
111000005,695,56,639
111000006,0,0,0
111000007,678,77,601
111000008,0,0,0
111000009,0,76,-76
111000010,554,66,488
111000011,0,0,0
111000012,261,62,199
111000013,0,26,-26
111000014,531,99,432
111000017,0,0,0
111000018,0,0,0
111000020,0,0,0
111000021,58,15,43
111000023,53,18,35
111000025,142,222,-80
111000029,0,0,0
111000030,0,0,0
111000031,463,128,335
111000032,76,16,60
111000033,43,14,29
111000034,5,17,-12
111000037,0,0,0
111000038,16,8,8
111000039,2,3,-1
111000040,0,4,-4
111000041,0,0,0
111000042,0,0,0
111000043,1038,167,871
111000044,841,147,694
111000045,890,341,549
111000046,472,190,282
111000047,743,246,497
111000049,105,14,91
111000050,0,0,0
111000051,0,0,0
111000052,0,0,0
111000053,0,0,0
111000054,0,0,0
111000055,3,0,3
111000056,0,0,0
111000057,0,0,0
111000058,156,4,152
111000059,312,99,213
111000060,1871,136,1735
111000061,87,53,34
111000062,500,64,436
111000063,697,58,639
111000064,737,108,629
111000065,683,43,640
111000066,221,28,193
111000067,0,0,0
111000068,0,0,0
111000069,0,0,0
111000070,0,0,0
111000071,0,0,0
111000072,950,54,896
111000073,338,183,155
111000074,889,279,610
111000075,179,27,152
111000076,350,63,287
111000077,731,255,476
111000078,191,19,172
111000079,253,74,179
111000080,193,59,134
111000081,197,99,98
111000082,138,24,114
111000084,41,133,-92
111000085,60,36,24
111000086,140,29,111
111000087,141,15,126
111000088,161,46,115
111000089,72,54,18
111000090,24,73,-49
111000091,0,0,0
111000092,0,0,0
111000093,0,0,0
111000094,14,8,6
111000095,39,9,30
111000096,68,18,50
111000097,0,0,0
111000098,0,0,0
111000099,0,0,0
111000100,0,0,0
111000101,0,0,0
111000102,0,0,0
111000104,154,34,120
111000107,0,0,0
111000109,62,59,3
111000110,274,76,198
111000111,1143,44,1099
111000112,1068,30,1038
111000113,573,241,332
111000114,362,149,213
111000115,1439,124,1315
111000116,230,29,201
111000117,113,18,95
111000118,212,41,171
111000119,275,67,208
111000120,353,47,306
111000121,205,49,156
111000122,23,15,8
111000123,5,2,3
111000124,0,0,0
111000125,0,0,0
111000126,0,0,0
111000127,308,54,254
111000128,1042,22,1020
111000129,1248,37,1211
111000130,1363,54,1309
111000131,1066,52,1014
111000132,560,125,435
111000133,3,18,-15
111000134,57,15,42
111000135,0,0,0
111000136,345,8,337
111000138,5,0,5
111000140,0,0,0
111000141,3,4,-1
111000142,0,0,0
111000143,0,0,0
111000144,0,0,0
111000145,26,0,26
111000146,1,0,1
111000147,41,2,39
111000148,85,9,76
111000149,0,0,0
111000150,25,0,25
111000151,0,0,0
111000153,155,2,153
111000154,22,5,17
111000155,45,1,44
111000156,243,51,192
111000157,150,105,45
111000158,328,144,184
111000159,308,89,219
111000160,68,41,27
111000161,2,78,-76
111000162,0,0,0
111000163,0,0,0
111000164,0,0,0
111000165,57,3,54
111000166,0,0,0
111000167,0,0,0
111000168,18,3,15
111000169,60,7,53
111000170,78,1,77
111000171,68,7,61
111000172,1,9,-8
111000173,30,5,25
111000174,26,1,25
111000175,0,7,-7
111000176,0,0,0
111000177,0,0,0
111000178,0,0,0
111000179,0,0,0
111000180,0,0,0
111000181,73,0,73
111000182,45,1,44
111000183,40,0,40
111000184,96,6,90
111000185,6,15,-9
111000186,13,0,13
111000187,29,3,26
111000188,4,5,-1
111000189,0,0,0
111000190,0,0,0
111000191,0,0,0
111000192,0,0,0
111000193,0,0,0
111000194,0,0,0
111000195,0,0,0
111000196,0,0,0
111000197,48,7,41
111000198,113,3,110
111000199,35,3,32
111000200,264,22,242
111000201,170,14,156
111000202,117,15,102
111000203,146,9,137
111000204,60,114,-54
111000213,118,35,83
111000214,149,24,125
111000215,140,45,95
111000217,373,25,348
111000218,70,149,-79
111000219,0,0,0
111000220,146,57,89
111000221,41,57,-16
111000224,4,0,4
111000225,22,0,22
111000226,0,0,0
111000227,0,0,0
111000228,0,0,0
111000229,0,0,0
111000230,20,1,19
111000231,207,12,195
111000232,0,0,0
111000233,0,0,0
111000234,0,0,0
111000239,0,0,0
111000240,60,30,30
111000241,0,0,0
111000242,60,20,40
111000243,0,0,0
111000244,83,6,77
111000245,245,48,197
111000246,79,35,44
111000247,0,0,0
111000248,140,47,93
111000249,0,0,0
111000250,0,0,0
111000251,0,0,0
111000253,0,0,0
111000255,0,0,0
111000257,0,0,0
111000260,0,0,0
111000261,115,14,101
111000271,0,0,0
111000273,73,2,71
111000274,260,105,155
111000275,38,4,34
111000276,0,0,0
111000277,0,0,0
111000278,139,5,134
111000291,267,549,-282
111000298,2,1,1
111000299,79,0,79
111000300,0,0,0
111000302,0,0,0
111000303,0,0,0
111000312,0,0,0
111000315,0,0,0
111000320,6,18,-12
111000321,23,4,19
111000322,74,3,71
111000323,13,2,11
111000324,16,3,13
111000325,0,0,0
111000326,3,0,3
111000327,38,45,-7
111000328,64,47,17
111000329,0,0,0
111000330,19,0,19
111000331,24,0,24
111000332,117,59,58
111000334,25,22,3
111000335,100,1,99
111000337,113,1,112
111000338,2,0,2
111000339,0,0,0
111000340,9,8,1
111000341,129,13,116
111000342,0,0,0
111000344,190,15,175
111000345,32,30,2
111000346,0,0,0
111000347,0,0,0
111000350,13,8,5
111000351,0,0,0
111000352,18,5,13
111000353,0,0,0
111000354,34,2,32
111000355,0,0,0
111000358,49,15,34
111000360,33,27,6
111000361,82,6,76
111000546,0,0,0
111000547,161,9,152
111000548,0,0,0
111000549,157,1,156
111000550,0,0,0
111000551,132,1,131
111000552,3,14,-11
111000907,31,9,22
111000908,5,0,5
111000916,134,0,134
111000917,0,0,0
111000918,18,15,3
111000920,52,0,52
111000921,0,0,0
111000922,3,0,3
111000924,0,0,0
111000925,2165,293,1872
111000926,43,84,-41
111000927,2105,494,1611
111000928,88,364,-276
111000929,1655,275,1380
111000930,5,142,-137
111000931,2092,392,1700
111000932,59,108,-49
111000933,1641,592,1049
111000934,20,127,-107
111000935,996,179,817
111000936,4,45,-41
111000937,468,207,261
111000938,10,85,-75
111000939,224,8,216
111000940,0,0,0
111000941,33,7,26
111000943,0,0,0
111000944,1,4,-3
111000945,13,0,13
111001109,104,27,77
111001110,0,0,0
111001111,0,0,0
111001112,272,2,270
111001113,0,180,-180
111001114,7,0,7
111001115,0,0,0
111001116,443,86,357
111001117,2,0,2
111001120,34,11,23
111001121,0,0,0
111001122,0,0,0
111900001,0,0,0
111900002,0,0,0
111900003,0,0,0
111900004,0,0,0
111900006,0,0,0
111900007,0,0,0
111900008,0,0,0
111900009,0,0,0
111900010,0,0,0
111900012,0,0,0
111900013,0,0,0
111900014,15,1,14
111900015,0,0,0
111900016,0,0,0
111900017,0,0,0
111900018,0,0,0
111900019,0,0,0
111900020,0,0,0
111900021,0,0,0
111900022,0,0,0
111900023,0,0,0
111900024,0,0,0
111900025,0,0,0
111900026,0,0,0
111900027,0,0,0
111900028,0,0,0
111900029,0,0,0
111900030,0,0,0
111900031,0,0,0
111900032,0,0,0
111900033,0,0,0
111900034,0,0,0
111900035,0,0,0
111900036,0,0,0
111900038,0,0,0
111900039,0,0,0
111900040,0,0,0
111900042,0,0,0
111900043,0,0,0
111900044,0,0,0
111900046,0,0,0
111900048,0,0,0
111900049,0,0,0
111900050,0,0,0
111900051,0,0,0
111900052,0,0,0
111900053,0,0,0
111900054,0,0,0
111900055,0,0,0
111900056,0,0,0
111900057,26,0,26
111900058,0,0,0
111900059,34,12,22
111900060,0,0,0
111900061,0,0,0
111900062,0,0,0
111900063,0,0,0
111900064,0,0,0
111900065,0,0,0
111900066,0,0,0
111900067,0,0,0
111900068,0,0,0
111900069,0,0,0
111900070,0,0,0
111900071,0,0,0
111900072,0,0,0
111900073,0,0,0
111900074,0,0,0
111900075,0,0,0
111900076,0,0,0
111900077,0,0,0
111900078,0,0,0
111900079,0,0,0
111900080,0,0,0
111900081,0,0,0
111900082,0,0,0
111900083,0,0,0
111900084,0,0,0
111900085,0,0,0
111900086,0,0,0
111900087,0,0,0
111900088,0,0,0
111900089,0,0,0
111900090,0,0,0
111900091,0,0,0
111900092,0,0,0
111900093,0,0,0
111900094,0,0,0
111900095,0,0,0
111900096,0,0,0
111900097,0,0,0
111900098,0,0,0
111900099,0,0,0
111900100,0,0,0
111900101,0,0,0
111900102,0,0,0
111900103,0,0,0
111900104,0,0,0
111900105,0,0,0
111900106,0,0,0
111900107,0,0,0
111900108,0,0,0
111900109,0,0,0
111900110,0,0,0
111900111,4,0,4
111900112,0,0,0
111900113,0,0,0
111900114,0,0,0
111900115,0,0,0
111900118,0,0,0
111900119,0,0,0
111900122,0,0,0
111900123,0,0,0
111900124,0,0,0
111900125,0,0,0
111900126,0,0,0
111900127,0,0,0
111900128,0,0,0
111900129,0,0,0
111900130,0,0,0
111900131,0,0,0
111900132,0,0,0
111900133,0,0,0
111900134,0,0,0
111900135,0,0,0
111900136,0,0,0
111900137,0,0,0
111900138,0,0,0
111900139,0,0,0
111900140,0,0,0
111900141,0,0,0
111900142,0,0,0
111900143,0,0,0
111900144,0,0,0
111900145,0,0,0
111900146,0,0,0
111900147,0,0,0
111900148,0,0,0
111900149,0,0,0
111900150,0,0,0
111900151,0,0,0
111900152,0,0,0
111900153,0,0,0
111900154,0,0,0
111900155,0,0,0
111900156,0,0,0
111900157,0,0,0
111900158,0,0,0
111900159,0,0,0
111900160,0,0,0
111900161,0,0,0
111900162,0,0,0
111900163,0,0,0
111900164,0,0,0
111901113,0,0,0
111901114,0,0,0
111901115,0,0,0
111901116,0,0,0
111901117,0,0,0
111901118,0,0,0
111901119,0,0,0
111901120,0,0,0
111901121,0,0,0
111901122,0,0,0
111901123,0,0,0
111901124,0,0,0
111901125,0,0,0
111901126,0,0,0
111901127,0,0,0
111901128,0,0,0
111901129,0,0,0
111901130,0,0,0
111901131,0,0,0
111901132,0,0,0
111901133,0,0,0
111901134,0,0,0
111901135,0,0,0
111901136,0,0,0
111901137,0,0,0
111901138,0,0,0
111901139,0,0,0
111901140,0,0,0
111901141,0,0,0
111901142,0,0,0
111901143,0,0,0
111901144,0,0,0
112000001,1118,371,747
112000002,0,0,0
112000003,587,135,452
112000004,0,0,0
112000005,2934,1454,1480
112000006,0,0,0
112000007,1247,974,273
112000008,1753,1564,189
112000009,799,45,754
112000010,328,950,-622
112000011,202,40,162
112000012,562,1174,-612
112000013,31,70,-39
112000014,145,391,-246
112000015,0,0,0
112000016,92,250,-158
112000017,0,0,0
112000024,0,0,0
112000026,0,0,0
112000027,496,573,-77
112000028,0,0,0
112000029,0,0,0
112000030,0,0,0
112000031,1,81,-80
112000032,0,0,0
112000033,0,30,-30
112000034,0,0,0
112000035,0,0,0
112000036,0,0,0
112000037,0,0,0
112000038,0,0,0
112000039,16,21,-5
112000040,0,0,0
112000041,0,0,0
112000042,0,0,0
112000050,758,428,330
112000051,760,1035,-275
112000054,28,150,-122
112000057,0,0,0
112000058,0,0,0
112000059,0,1,-1
112000061,0,0,0
112000062,27,69,-42
112000063,0,0,0
112000064,0,0,0
112000065,0,0,0
112000066,105,312,-207
112000067,0,0,0
112000068,109,223,-114
112000069,0,0,0
112000070,37,69,-32
112000071,0,0,0
112000072,255,20,235
112000073,0,0,0
112000074,127,15,112
112000075,360,164,196
112000076,94,36,58
112000077,62,4,58
112000078,164,29,135
112000079,83,19,64
112000080,60,72,-12
112000081,48,80,-32
112000082,144,125,19
112000083,132,44,88
112000084,200,77,123
112000085,458,29,429
112000086,442,45,397
112000087,84,7,77
112000088,115,50,65
112000089,24,34,-10
112000090,7,5,2
112000091,41,42,-1
112000092,897,71,826
112000093,109,13,96
112000094,440,117,323
112000095,188,32,156
112000096,537,54,483
112000097,514,326,188
112000098,0,0,0
112000099,64,908,-844
112000100,502,108,394
112000101,0,0,0
112000102,432,40,392
112000103,0,0,0
112000105,0,0,0
112000106,526,23,503
112000107,1,9,-8
112000108,0,0,0
112000109,40,6,34
112000110,331,11,320
112000111,15,18,-3
112000112,320,12,308
112000113,4,21,-17
112000114,253,45,208
112000115,0,0,0
112000116,0,0,0
112000117,0,0,0
112000118,0,0,0
112000119,0,0,0
112000120,0,0,0
112000121,0,0,0
112000122,83,25,58
112000123,163,8,155
112000124,31,26,5
112000125,74,47,27
112000126,0,0,0
112000127,23,156,-133
112000128,0,0,0
112000129,174,0,174
112000130,1,0,1
112000131,0,0,0
112000132,0,0,0
112000133,117,0,117
112000134,66,3,63
112000135,174,22,152
112000136,0,1,-1
112000137,312,94,218
112000138,3,0,3
112000139,2,39,-37
112000140,0,0,0
112000141,23,5,18
112000142,0,0,0
112000143,222,3,219
112000144,0,0,0
112000145,332,36,296
112000146,0,0,0
112000147,154,23,131
112000148,0,0,0
112000149,5,3,2
112000150,0,0,0
112000151,4,2,2
112000152,0,0,0
112000153,13,1,12
112000154,68,0,68
112000155,0,0,0
112000157,7,355,-348
112000158,52,3,49
112000159,0,0,0
112000167,0,0,0
112000169,0,0,0
112000173,0,0,0
112000175,20,2,18
112000176,0,0,0
112000177,0,0,0
112000178,0,0,0
112000179,0,0,0
112000180,0,0,0
112000181,45,29,16
112000182,263,25,238
112000183,17,0,17
112000184,34,6,28
112000185,0,0,0
112000187,0,0,0
112000195,0,0,0
112000196,0,0,0
112000197,0,0,0
112000198,0,0,0
112000199,0,0,0
112000202,411,1,410
112000216,0,0,0
112000230,0,0,0
112000231,0,0,0
112000256,66,50,16
112000313,0,0,0
112000314,0,0,0
112000337,0,0,0
112000352,0,0,0
112000392,64,104,-40
112000398,346,94,252
112000399,73,1665,-1592
112000400,5,50,-45
112000401,28,78,-50
112000402,501,1864,-1363
112000403,124,1041,-917
112000404,178,359,-181
112000405,1170,773,397
112000406,24,71,-47
112000407,2873,467,2406
112000408,66,126,-60
112000409,9,107,-98
112000410,0,0,0
112000411,0,0,0
112000412,0,0,0
112000413,0,0,0
112000414,0,0,0
112000415,0,0,0
112000416,814,181,633
112000417,29,28,1
112000421,0,0,0
112000422,24,2,22
112000424,0,0,0
112000425,0,0,0
112000426,0,0,0
112000427,0,0,0
112000428,0,0,0
112000429,387,434,-47
112000430,424,743,-319
112000431,14,5,9
112000432,0,0,0
112000433,23,84,-61
112000437,0,36,-36
112900001,0,0,0
112900002,0,0,0
112900003,0,0,0
112900004,0,0,0
112900005,0,0,0
112900006,0,0,0
112900007,0,0,0
112900008,0,0,0
112900009,0,0,0
112900010,0,0,0
112900011,0,0,0
112900012,0,0,0
112900013,0,0,0
112900014,0,0,0
112900015,0,0,0
112900016,0,0,0
112900017,0,0,0
112900018,0,0,0
112900019,0,0,0
112900020,0,0,0
112900021,0,0,0
112900022,0,0,0
112900023,0,0,0
112900024,0,0,0
112900025,0,0,0
112900026,0,0,0
112900027,0,0,0
112900028,0,0,0
112900029,0,0,0
112900030,0,0,0
112900031,0,0,0
112900032,0,0,0
112900034,0,0,0
112900035,0,0,0
112900036,0,0,0
112900037,0,0,0
112900038,0,0,0
112900039,0,0,0
112900040,0,0,0
112900041,0,0,0
112900042,0,0,0
112900043,0,0,0
112900044,0,0,0
112900045,0,0,0
112900046,0,0,0
112900047,0,0,0
112900049,0,0,0
112900050,0,0,0
112900051,0,0,0
112900052,0,0,0
112900053,0,0,0
112900054,0,0,0
112900055,0,0,0
112900056,0,0,0
112900057,0,0,0
112900058,0,0,0
112900059,0,0,0
112900060,0,0,0
112900061,0,0,0
112900062,0,0,0
112900063,0,0,0
112900064,0,0,0
112900065,0,0,0
112900066,0,0,0
112900067,0,0,0
112900068,0,0,0
112900069,0,0,0
112900071,0,0,0
112900072,0,0,0
112900073,0,0,0
112900074,0,0,0
112900075,0,0,0
112900076,0,0,0
112900078,0,0,0
112900079,0,0,0
112900080,0,0,0
112900081,0,0,0
112900082,0,0,0
112900083,0,0,0
112900084,0,0,0
112900085,0,0,0
112900086,0,0,0
112900087,0,0,0
112900088,0,0,0
112900089,0,0,0
112900090,0,0,0
112900091,0,0,0
112900092,0,0,0
112900093,0,0,0
112900094,0,0,0
112900095,0,0,0
112900096,0,0,0
112900097,0,0,0
112900098,0,0,0
112900099,0,0,0
112900100,0,0,0
112900101,0,0,0
112900102,0,0,0
112900103,0,0,0
112900104,0,0,0
112900105,0,0,0
112900106,0,0,0
112900107,0,0,0
112900108,0,0,0
112900109,0,0,0
112900110,0,0,0
112900111,0,0,0
112900112,0,0,0
112900113,0,0,0
112900114,0,0,0
112900115,0,0,0
112900116,0,0,0
112900117,0,0,0
112900118,0,0,0
112900119,0,0,0
112900120,0,0,0
112900121,0,0,0
112900122,0,0,0
112900123,0,0,0
112900124,0,0,0
112900125,0,0,0
112900126,0,0,0
112900127,0,0,0
112900128,0,0,0
112900129,0,0,0
112900130,0,0,0
112900131,0,0,0
112900132,0,0,0
112900133,0,0,0
112900134,0,0,0
112900135,0,0,0
112900136,0,0,0
112900137,0,0,0
112900138,0,0,0
112900139,0,0,0
112900140,0,0,0
112900141,0,0,0
112900142,0,0,0
112900143,0,0,0
112900144,0,0,0
112900145,0,0,0
112900146,0,0,0
112900147,0,0,0
112900148,0,0,0
112900149,0,0,0
112900151,0,0,0
112900152,0,0,0
112900153,0,0,0
112900154,0,0,0
112900155,0,0,0
112900156,0,0,0
112900157,0,0,0
112900158,0,0,0
112900159,0,0,0
112900160,0,0,0
112900161,0,0,0
112900162,0,0,0
112900163,0,0,0
112900164,0,0,0
112900165,0,0,0
112900166,0,0,0
112900167,0,0,0
112900168,0,0,0
112900169,0,0,0
112900170,0,0,0
112900172,0,0,0
112900173,0,0,0
112900174,0,0,0
112900175,0,0,0
112900176,0,0,0
112900177,0,0,0
112900178,0,0,0
112900179,0,0,0
112900180,0,0,0
112900181,0,0,0
112900182,0,0,0
112900183,0,0,0
112900184,0,0,0
112900185,0,0,0
112900186,0,0,0
112900187,0,0,0
112900188,0,0,0
112900189,0,0,0
112900190,0,0,0
112900192,0,0,0
112900193,0,0,0
112900194,0,0,0
112900195,0,0,0
112900196,0,0,0
112900197,0,0,0
112900199,0,0,0
112900200,0,0,0
112900201,0,0,0
112900202,0,0,0
112900203,0,0,0
112900204,0,0,0
112900205,0,0,0
112900206,0,0,0
112900207,0,0,0
112900208,0,0,0
112900209,0,0,0
112900210,0,0,0
112900211,0,0,0
112900212,0,0,0
112900213,0,0,0
112900214,0,0,0
112900215,0,0,0
112900216,0,0,0
112900217,0,0,0
112900218,0,0,0
112900219,0,0,0
112900220,0,0,0
112900221,0,0,0
112900222,0,0,0
112900223,0,0,0
112900224,0,0,0
112900225,0,0,0
112900226,0,0,0
112900227,0,0,0
112900228,0,0,0
112900229,0,0,0
112900230,0,0,0
112900232,0,0,0
112900233,0,0,0
112900234,0,0,0
112900235,0,0,0
112900236,0,0,0
112900237,0,0,0
112900238,0,0,0
113000001,399,252,147
113000002,349,386,-37
113000003,158,135,23
113000004,109,146,-37
113000005,96,92,4
113000006,58,109,-51
113000007,133,67,66
113000008,90,71,19
113000009,58,36,22
113000010,180,45,135
113000011,0,0,0
113000012,583,94,489
113000013,3,48,-45
113000014,31,0,31
113000015,1,0,1
113000016,0,10,-10
113000017,0,0,0
113000018,24,13,11
113000019,0,0,0
113000020,232,9,223
113000021,315,13,302
113000022,117,2,115
113000025,0,0,0
113000026,23,14,9
113000027,59,0,59
113000028,4,0,4
113000029,38,15,23
113000030,0,0,0
113000031,0,0,0
113000032,40,5,35
113000033,49,4,45
113000034,0,0,0
113000035,0,0,0
113000036,0,0,0
113000037,0,0,0
113000038,0,0,0
113000039,0,0,0
113000040,0,0,0
113000042,0,0,0
113000051,171,153,18
113000052,136,77,59
113000053,7,31,-24
113000054,40,55,-15
113000055,145,37,108
113000056,87,51,36
113000058,0,0,0
113000059,165,85,80
113000060,0,0,0
113000061,134,108,26
113000062,0,0,0
113000063,0,0,0
113000064,0,0,0
113000065,22,12,10
113000066,121,1,120
113000067,99,3,96
113000068,37,43,-6
113000069,58,46,12
113000070,93,23,70
113000071,27,45,-18
113000072,52,5,47
113000073,7,94,-87
113000074,44,16,28
113000075,312,29,283
113000076,7,255,-248
113000077,79,77,2
113000078,0,0,0
113000079,0,0,0
113000080,39,61,-22
113000081,140,129,11
113000082,0,0,0
113000083,273,187,86
113000084,2,1,1
113000085,131,187,-56
113000086,6,9,-3
113000087,114,404,-290
113000088,18,9,9
113000089,155,457,-302
113000090,3,57,-54
113000091,10,1,9
113000094,91,13,78
113000095,1,0,1
113000096,1,0,1
113000097,74,29,45
113000098,4,0,4
113000099,38,14,24
113000100,0,0,0
113000101,1,0,1
113000102,7,57,-50
113000103,0,0,0
113000104,240,155,85
113000105,698,158,540
113000106,0,0,0
113000107,279,435,-156
113000108,102,21,81
113000109,0,0,0
113000110,79,112,-33
113000111,0,0,0
113000112,10,20,-10
113000113,51,72,-21
113000114,0,0,0
113000116,0,0,0
113000117,0,0,0
113000118,0,0,0
113000119,0,0,0
113000120,0,4,-4
113000121,0,0,0
113000124,47,15,32
113000125,0,0,0
113000127,0,0,0
113000128,0,0,0
113000129,0,0,0
113000133,42,0,42
113000134,2,58,-56
113000135,1316,934,382
113000137,422,391,31
113000139,61,37,24
113000140,0,0,0
113000141,35,41,-6
113000142,0,0,0
113000143,8,21,-13
113000144,0,0,0
113000145,0,0,0
113000146,0,0,0
113000147,0,0,0
113000148,0,0,0
113000149,0,0,0
113000150,0,0,0
113000151,0,0,0
113000152,0,0,0
113000153,0,0,0
113000154,15,21,-6
113000155,129,35,94
113000156,0,0,0
113000157,0,0,0
113000158,99,2,97
113000159,243,3,240
113000160,0,0,0
113000161,0,0,0
113000162,0,0,0
113000163,6,6,0
113000164,0,0,0
113000166,85,6,79
113000167,0,0,0
113000168,0,0,0
113000169,109,18,91
113000170,319,38,281
113000171,0,0,0
113000172,79,9,70
113000173,0,19,-19
113000174,0,0,0
113000175,56,4,52
113000176,292,11,281
113000177,0,0,0
113000178,0,0,0
113000179,178,15,163
113000180,104,39,65
113000181,82,26,56
113000182,16,10,6
113000183,1,50,-49
113000184,0,0,0
113000189,0,0,0
113000190,0,0,0
113000192,70,277,-207
113000193,120,8,112
113000194,21,26,-5
113000195,39,45,-6
113000196,81,13,68
113000197,36,61,-25
113000198,0,0,0
113000199,5,0,5
113000201,0,0,0
113000202,0,1,-1
113000203,7,0,7
113000204,51,84,-33
113000205,0,0,0
113000206,0,0,0
113000207,0,0,0
113000208,0,0,0
113000209,0,0,0
113000210,0,0,0
113000211,0,0,0
113000212,0,0,0
113000213,12,13,-1
113000214,0,0,0
113000234,0,0,0
113000410,3,0,3
113000411,97,102,-5
113000412,428,232,196
113000413,300,402,-102
113000414,328,428,-100
113000415,47,72,-25
113000416,113,90,23
113000417,25,63,-38
113000418,510,281,229
113000419,118,181,-63
113000420,569,238,331
113000421,2125,1425,700
113000422,478,607,-129
113000423,394,401,-7
113000424,978,495,483
113000425,0,0,0
113000428,0,0,0
113000430,0,0,0
113000432,277,10,267
113000433,0,0,0
113000434,0,0,0
113000435,0,0,0
113000436,0,0,0
113000437,73,1,72
113000438,8,0,8
113000439,0,0,0
113000440,0,0,0
113000441,0,0,0
113000442,0,0,0
113000443,0,0,0
113000444,0,0,0
113000445,0,0,0
113000446,0,0,0
113000448,0,0,0
113000449,0,0,0
113000450,1,0,1
113000451,0,0,0
113000452,22,0,22
113000453,0,0,0
113000454,0,0,0
113000455,0,0,0
113000456,0,0,0
113000468,0,0,0
113000469,0,0,0
113000470,0,0,0
113000471,0,0,0
113000472,0,0,0
113000474,4,114,-110
113000475,73,92,-19
113000476,219,328,-109
113000477,1155,340,815
113000478,390,130,260
113000479,0,0,0
113000480,2,2,0
113000482,0,0,0
113000483,0,0,0
113000485,0,0,0
113000486,0,0,0
113000487,0,0,0
113000488,0,0,0
113000489,0,0,0
113000490,0,0,0
113000491,0,0,0
113000492,0,0,0
113000493,0,0,0
113000495,0,0,0
113000496,0,0,0
113000497,0,0,0
113000500,0,0,0
113900001,0,0,0
113900002,0,0,0
113900003,0,0,0
113900004,0,0,0
113900005,0,0,0
113900006,0,0,0
113900007,0,0,0
113900008,0,0,0
113900009,0,0,0
113900010,0,0,0
113900011,0,0,0
113900012,0,0,0
113900013,0,0,0
113900014,0,0,0
113900015,0,0,0
113900016,0,0,0
113900017,0,0,0
113900018,0,0,0
113900019,0,0,0
113900020,0,0,0
113900022,0,0,0
113900023,0,0,0
113900024,0,0,0
113900025,0,0,0
113900026,0,0,0
113900027,0,0,0
113900028,0,0,0
113900029,0,0,0
113900030,0,0,0
113900031,0,0,0
113900032,0,0,0
113900033,0,0,0
113900035,0,0,0
113900036,0,0,0
113900037,0,0,0
113900038,0,0,0
113900039,0,0,0
113900040,0,0,0
113900041,0,0,0
113900042,0,0,0
113900043,0,0,0
113900044,0,0,0
113900045,0,0,0
113900046,0,0,0
113900047,0,0,0
113900048,0,0,0
113900049,0,0,0
113900050,0,0,0
113900051,0,0,0
113900052,0,0,0
113900053,0,0,0
113900054,0,0,0
113900055,0,0,0
113900056,0,0,0
113900057,0,0,0
113900058,0,0,0
113900059,0,0,0
113900060,0,0,0
113900061,0,0,0
113900062,0,0,0
113900063,0,0,0
113900064,0,0,0
113900065,0,0,0
113900066,0,0,0
113900067,0,0,0
113900068,0,0,0
113900069,0,0,0
113900070,0,0,0
113900071,0,0,0
113900072,0,0,0
113900073,0,0,0
113900074,0,0,0
113900075,0,0,0
113900076,0,0,0
113900077,0,0,0
113900078,0,0,0
113900079,0,0,0
113900080,0,0,0
113900081,0,0,0
113900082,0,0,0
113900083,0,0,0
113900084,0,0,0
113900085,0,0,0
113900086,0,0,0
113900087,0,0,0
113900088,0,0,0
113900089,0,0,0
113900090,0,0,0
113900091,0,0,0
113900092,0,0,0
113900093,0,0,0
113900094,0,0,0
113900095,0,0,0
113900096,0,0,0
113900097,0,0,0
113900098,0,0,0
113900099,0,0,0
113900100,0,0,0
113900101,0,0,0
113900102,0,0,0
113900103,0,0,0
113900104,0,0,0
113900105,0,0,0
113900106,0,0,0
113900107,0,0,0
113900108,0,0,0
113900109,0,0,0
113900110,0,0,0
113900111,0,0,0
113900112,0,0,0
113900113,0,0,0
113900114,0,0,0
113900115,0,0,0
113900116,0,0,0
113900117,0,0,0
113900118,0,0,0
113900119,0,0,0
113900120,0,0,0
113900121,0,0,0
113900122,0,0,0
113900123,0,0,0
113900124,0,0,0
113900125,0,0,0
113900126,0,0,0
113900127,0,0,0
113900128,0,0,0
113900129,0,0,0
113900130,0,0,0
113900131,0,0,0
113900132,0,0,0
113900133,0,0,0
113900135,0,0,0
113900136,0,0,0
113900137,0,0,0
113900138,0,0,0
113900139,0,0,0
113900140,0,0,0
113900141,0,0,0
113900142,0,0,0
113900143,0,0,0
113900144,0,0,0
113900145,0,0,0
113900146,0,0,0
113900148,0,0,0
113900149,0,0,0
113900150,0,0,0
113900151,0,0,0
113900152,0,0,0
113900153,0,0,0
113900154,0,0,0
113900155,0,0,0
113900156,0,0,0
113900157,0,0,0
113900158,0,0,0
113900159,0,0,0
113900160,0,0,0
113900161,0,0,0
113900162,0,0,0
113900163,0,0,0
113900164,0,0,0
113900165,0,0,0
113900166,0,0,0
113900167,0,0,0
113900168,0,0,0
113900169,0,0,0
113900171,0,0,0
113900172,0,0,0
113900173,0,0,0
113900174,0,0,0
113900175,0,0,0
113900176,0,0,0
113900177,0,0,0
113900178,0,0,0
113900179,0,0,0
113900180,0,0,0
113900181,0,0,0
113900182,0,0,0
113900183,0,0,0
113900184,0,0,0
113900185,0,0,0
113900186,0,0,0
113900187,0,0,0
113900188,0,0,0
113900189,0,0,0
113900190,0,0,0
113900191,0,0,0
113900192,0,0,0
113900193,0,0,0
113900194,0,0,0
113900195,0,0,0
113900196,0,0,0
113900197,0,0,0
113900198,0,0,0
113900199,0,0,0
113900200,0,0,0
113900201,0,0,0
113900202,0,0,0
113900203,0,0,0
113900204,0,0,0
113900205,0,0,0
113900206,0,0,0
113900207,0,0,0
113900208,0,0,0
113900209,0,0,0
113900210,0,0,0
113900211,0,0,0
113900212,0,0,0
113900214,0,0,0
113900215,0,0,0
113900216,0,0,0
113900217,0,0,0
113900218,0,0,0
113900219,0,0,0
113900220,0,0,0
113900221,0,0,0
113900222,0,0,0
113900223,0,0,0
113900224,0,0,0
113900225,0,0,0
113900226,0,0,0
113900227,0,0,0
113900228,0,0,0
113900229,0,0,0
113900230,0,0,0
113900231,0,0,0
113900232,0,0,0
113900233,0,0,0
113900234,0,0,0
113900235,0,0,0
113900236,0,0,0
113900237,0,0,0
113900238,0,0,0
113900239,0,0,0
113900240,0,0,0
113900241,0,0,0
113900242,0,0,0
113900243,0,0,0
113900244,0,0,0
113900245,0,0,0
113900246,0,0,0
113900247,0,0,0
113900248,0,0,0
113900249,0,0,0
113900250,0,0,0
113900251,0,0,0
113900252,0,0,0
113900253,0,0,0
113900254,0,0,0
113900255,0,0,0
113900256,0,0,0
113900257,0,0,0
113900258,0,0,0
113900259,0,0,0
113900260,0,0,0
113900261,0,0,0
113900262,0,0,0
113900263,0,0,0
113900264,0,0,0
113900265,0,0,0
113900266,0,0,0
113900267,0,0,0
113900268,0,0,0
113900269,0,0,0
113900270,0,0,0
113900271,0,0,0
113900273,0,0,0
113900274,0,0,0
113900275,0,0,0
113900276,0,0,0
113900277,0,0,0
113900278,0,0,0
113900279,0,0,0
113900280,0,0,0
113900281,0,0,0
113900282,0,0,0
113900283,0,0,0
113900284,0,0,0
113900285,0,0,0
113900286,0,0,0
113900287,0,0,0
113900288,0,0,0
113900289,0,0,0
113900290,0,0,0
113900291,0,0,0
113900292,0,0,0
113900293,0,0,0
113900294,0,0,0
113900295,1,32,-31
113900296,0,0,0
113900297,0,0,0
113900298,0,0,0
113900299,0,0,0
113900300,0,0,0
113900301,0,0,0
113900302,0,0,0
113900303,0,0,0
113900304,0,0,0
113900305,0,0,0
113900306,0,0,0
113900307,0,0,0
113900308,0,0,0
113900309,0,0,0
113900310,0,0,0
113900311,0,0,0
113900312,0,0,0
113900313,0,0,0
114000001,215,130,85
114000002,49,38,11
114000003,0,0,0
114000004,0,0,0
114000005,0,0,0
114000006,0,0,0
114000007,0,0,0
114000008,6,65,-59
114000009,7,33,-26
114000011,795,149,646
114000012,498,74,424
114000013,290,139,151
114000014,0,0,0
114000015,0,0,0
114000016,0,0,0
114000017,14,6,8
114000018,0,0,0
114000026,286,124,162
114000027,389,113,276
114000028,293,279,14
114000038,0,0,0
114000039,0,0,0
114000040,1,0,1
114000042,0,0,0
114000043,0,0,0
114000044,11,0,11
114000045,0,0,0
114000046,0,0,0
114000047,0,0,0
114000048,2,4,-2
114000049,17,76,-59
114000050,11,129,-118
114000051,26,273,-247
114000052,29,136,-107
114000053,0,0,0
114000054,0,0,0
114000055,0,0,0
114000056,0,0,0
114000057,343,154,189
114000058,0,0,0
114000059,0,0,0
114000060,0,0,0
114000061,68,165,-97
114000062,20,176,-156
114000063,5,1,4
114000064,3,0,3
114000065,37,50,-13
114000066,6,32,-26
114000067,13,8,5
114000068,8,3,5
114000069,56,1,55
114000070,775,408,367
114000071,0,0,0
114000072,0,0,0
114000073,0,0,0
114000074,0,0,0
114000075,32,1,31
114000076,26,1,25
114000077,24,1,23
114000078,1,0,1
114000079,0,0,0
114000080,0,3,-3
114000081,39,4,35
114000082,0,0,0
114000083,0,0,0
114000084,0,0,0
114000085,0,0,0
114000086,0,0,0
114000087,0,0,0
114000088,0,1,-1
114000089,9,5,4
114000090,141,85,56
114000091,33,60,-27
114000092,39,26,13
114000093,149,24,125
114000094,87,55,32
114000095,5,27,-22
114000096,0,0,0
114000097,0,0,0
114000098,75,4,71
114000099,0,0,0
114000100,926,8,918
114000101,0,0,0
114000102,137,19,118
114000103,0,0,0
114000104,0,0,0
114000105,0,0,0
114000106,0,0,0
114000107,0,0,0
114000108,0,0,0
114000109,271,304,-33
114000110,0,0,0
114000111,472,157,315
114000112,0,0,0
114000113,414,31,383
114000114,0,0,0
114000115,610,117,493
114000116,270,185,85
114000117,1265,75,1190
114000118,653,104,549
114000119,621,76,545
114000120,103,4,99
114000121,0,0,0
114000122,208,7,201
114000123,468,39,429
114000124,92,83,9
114000125,67,158,-91
114000126,359,18,341
114000127,41,13,28
114000128,23,7,16
114000130,2,15,-13
114000131,15,23,-8
114000132,0,0,0
114000133,0,0,0
114000134,0,0,0
114000138,0,0,0
114000139,7,74,-67
114000144,124,76,48
114000145,0,0,0
114000146,0,0,0
114000147,353,80,273
114000148,51,40,11
114000149,18,67,-49
114000150,0,0,0
114000151,74,101,-27
114000152,0,13,-13
114000153,0,0,0
114000154,40,7,33
114000155,274,119,155
114000156,35,64,-29
114000157,85,100,-15
114000158,0,0,0
114000159,0,0,0
114000160,0,0,0
114000161,126,421,-295
114000162,864,740,124
114000163,0,0,0
114000165,1,75,-74
114000166,18,8,10
114000167,164,78,86
114000168,0,0,0
114000169,287,315,-28
114000170,597,255,342
114000171,891,148,743
114000174,0,0,0
114000176,0,0,0
114000177,0,0,0
114000178,1,4,-3
114000179,213,78,135
114000180,0,0,0
114000181,266,656,-390
114000182,155,170,-15
114000183,107,65,42
114000184,53,115,-62
114000185,422,99,323
114000189,269,11,258
114000190,895,12,883
114000191,0,0,0
114000192,1,37,-36
114000193,0,0,0
114000194,255,32,223
114000195,0,0,0
114000196,0,0,0
114000197,296,0,296
114000198,0,0,0
114000199,0,0,0
114000200,7,4,3
114000201,0,0,0
114000202,215,109,106
114000203,44,37,7
114000204,0,0,0
114000205,0,0,0
114000206,0,0,0
114000207,7,134,-127
114000208,3,47,-44
114000209,6,65,-59
114000210,4,54,-50
114000211,642,303,339
114000212,65,294,-229
114000213,550,293,257
114000214,6,1,5
114000215,0,0,0
114000216,349,121,228
114000217,134,22,112
114000218,25,1,24
114000219,224,11,213
114000220,0,26,-26
114000221,319,19,300
114000222,29,32,-3
114000223,238,26,212
114000224,2,32,-30
114000225,50,26,24
114000226,126,44,82
114000227,307,132,175
114000228,295,93,202
114000229,143,25,118
114000230,654,105,549
114000231,77,41,36
114000232,367,99,268
114000233,919,101,818
114000234,547,141,406
114000235,174,18,156
114000236,0,0,0
114000237,9,0,9
114000238,0,164,-164
114000239,0,1,-1
114000240,157,85,72
114000241,34,64,-30
114000242,109,28,81
114000243,588,238,350
114000244,394,136,258
114000245,0,0,0
114000246,0,0,0
114000247,219,63,156
114000248,264,140,124
114000249,200,150,50
114000250,130,5,125
114000251,78,22,56
114000252,0,0,0
114000253,2,4,-2
114000254,0,0,0
114000255,0,0,0
114000256,47,37,10
114000257,1,196,-195
114000258,61,10,51
114000259,0,16,-16
114000260,0,0,0
114000261,109,19,90
114000262,0,0,0
114000263,23,0,23
114000264,0,0,0
114000265,0,0,0
114000267,1,303,-302
114000268,0,0,0
114000270,47,1,46
114000271,78,0,78
114000283,365,15,350
114000285,0,0,0
114000288,0,7,-7
114000289,0,0,0
114000293,71,4,67
114000294,0,0,0
114000395,470,50,420
114000396,106,50,56
114000402,0,0,0
114000403,47,2,45
114000405,51,9,42
114000423,119,21,98
114000424,51,9,42
114000425,116,15,101
114000426,55,59,-4
114000427,0,0,0
114000428,0,0,0
114000429,0,0,0
114000432,2,0,2
114000434,0,0,0
114900001,0,0,0
114900002,0,0,0
114900003,0,0,0
114900004,0,0,0
114900005,0,0,0
114900006,0,0,0
114900007,0,0,0
114900008,0,0,0
114900010,0,0,0
114900011,0,0,0
114900013,0,0,0
114900015,0,0,0
114900018,0,0,0
114900020,0,0,0
114900021,0,0,0
114900022,0,0,0
114900024,0,0,0
114900025,0,0,0
114900026,0,0,0
114900027,0,0,0
114900029,0,0,0
114900030,0,0,0
114900031,0,0,0
114900032,0,0,0
114900033,0,0,0
114900034,0,0,0
114900035,0,0,0
114900036,0,0,0
114900037,0,0,0
114900038,0,0,0
114900039,0,0,0
114900040,0,0,0
114900041,0,0,0
114900042,0,0,0
114900043,0,0,0
114900044,0,0,0
114900045,0,0,0
114900046,0,0,0
114900047,0,0,0
114900048,0,0,0
114900049,0,0,0
114900050,0,0,0
114900051,0,0,0
114900052,0,0,0
114900053,0,0,0
114900054,0,0,0
114900057,0,0,0
114900058,0,0,0
114900059,0,0,0
114900060,0,0,0
114900061,0,0,0
114900062,0,0,0
114900063,0,0,0
114900064,0,0,0
114900065,0,0,0
114900067,0,0,0
114900068,0,0,0
114900069,0,0,0
114900070,0,0,0
114900072,0,0,0
114900073,0,0,0
114900074,0,0,0
114900075,0,0,0
114900076,0,0,0
114900080,0,0,0
114900082,0,0,0
114900083,0,0,0
114900084,0,0,0
114900090,0,0,0
114900091,0,0,0
114900095,0,0,0
114900096,0,0,0
114900097,0,0,0
114900098,0,0,0
114900099,0,0,0
115000001,177,217,-40
115000002,1578,649,929
115000003,93,188,-95
115000004,1533,1058,475
115000005,15,114,-99
115000006,588,518,70
115000007,0,0,0
115000008,115,138,-23
115000009,0,0,0
115000010,186,253,-67
115000013,0,0,0
115000015,0,0,0
115000016,0,0,0
115000019,31,150,-119
115000020,0,0,0
115000021,5,323,-318
115000022,13,72,-59
115000023,427,197,230
115000024,13,78,-65
115000025,470,124,346
115000026,0,0,0
115000027,193,41,152
115000028,2,4,-2
115000029,515,11,504
115000030,4,71,-67
115000031,639,9,630
115000032,0,0,0
115000033,156,8,148
115000034,0,0,0
115000035,583,0,583
115000036,0,0,0
115000037,314,0,314
115000038,16,68,-52
115000039,20,122,-102
115000040,175,56,119
115000041,33,46,-13
115000042,81,35,46
115000043,980,516,464
115000044,662,123,539
115000045,298,14,284
115000046,654,293,361
115000047,1070,261,809
115000048,148,71,77
115000049,115,322,-207
115000050,1380,403,977
115000051,507,299,208
115000052,137,145,-8
115000053,345,264,81
115000054,85,38,47
115000055,0,0,0
115000056,21,49,-28
115000057,0,0,0
115000058,50,20,30
115000059,0,0,0
115000061,22,4,18
115000062,0,0,0
115000063,0,0,0
115000064,88,7,81
115000065,0,0,0
115000067,3,0,3
115000069,0,0,0
115000070,0,18,-18
115000071,60,7,53
115000072,0,0,0
115000073,390,2,388
115000075,0,0,0
115000076,597,272,325
115000077,183,164,19
115000078,283,118,165
115000079,245,216,29
115000080,468,295,173
115000081,0,0,0
115000082,1122,680,442
115000083,0,0,0
115000084,747,213,534
115000085,0,0,0
115000086,524,44,480
115000087,0,0,0
115000088,942,204,738
115000089,0,0,0
115000090,96,87,9
115000091,76,22,54
115000092,312,11,301
115000093,391,84,307
115000094,1596,379,1217
115000095,1071,293,778
115000096,246,46,200
115000097,343,31,312
115000098,272,19,253
115000099,850,260,590
115000100,642,79,563
115000101,2,14,-12
115000102,259,73,186
115000103,16,2,14
115000105,1,12,-11
115000106,267,68,199
115000107,1,46,-45
115000108,56,92,-36
115000109,1057,1039,18
115000110,72,157,-85
115000111,6,122,-116
115000112,112,29,83
115000113,36,57,-21
115000114,60,19,41
115000116,116,90,26
115000117,128,32,96
115000118,86,142,-56
115000119,77,63,14
115000120,27,197,-170
115000121,72,102,-30
115000122,273,64,209
115000123,165,384,-219
115000124,95,43,52
115000125,56,67,-11
115000126,16,17,-1
115000127,37,10,27
115000128,4,19,-15
115000129,36,25,11
115000130,36,12,24
115000131,65,4,61
115000132,123,2,121
115000133,76,8,68
115000134,73,2,71
115000135,40,1,39
115000136,126,6,120
115000137,0,0,0
115000138,146,25,121
115000139,0,0,0
115000140,131,46,85
115000141,0,0,0
115000142,0,0,0
115000143,220,53,167
115000144,0,0,0
115000145,0,0,0
115000146,140,110,30
115000147,0,0,0
115000148,13,27,-14
115000149,0,0,0
115000150,34,9,25
115000151,31,20,11
115000152,5,6,-1
115000153,8,7,1
115000154,5,6,-1
115000155,22,13,9
115000156,23,61,-38
115000157,7,11,-4
115000158,4,20,-16
115000159,0,0,0
115000160,0,0,0
115000161,239,102,137
115000162,274,40,234
115000163,0,0,0
115000164,0,0,0
115000165,49,56,-7
115000167,75,12,63
115000168,80,58,22
115000169,0,0,0
115000170,0,0,0
115000171,56,79,-23
115000172,0,0,0
115000173,5,2,3
115000174,25,12,13
115000175,0,0,0
115000176,2,0,2
115000177,0,0,0
115000178,0,0,0
115000179,7,0,7
115000180,0,0,0
115000181,196,4,192
115000182,199,16,183
115000183,0,0,0
115000186,110,11,99
115000187,34,23,11
115000188,179,22,157
115000189,4,39,-35
115000190,453,30,423
115000191,4,46,-42
115000194,0,0,0
115000195,2,13,-11
115000196,0,0,0
115000197,0,0,0
115000198,55,4,51
115000199,0,0,0
115000200,6,2,4
115000201,0,0,0
115000206,311,0,311
115000207,0,0,0
115000208,44,50,-6
115000209,460,3,457
115000210,58,100,-42
115000211,0,21,-21
115000212,13,4,9
115000218,0,0,0
115000219,0,0,0
115000224,0,0,0
115000225,0,0,0
115000229,4,2,2
115000230,8,0,8
115000231,67,3,64
115000232,339,2,337
115000233,0,0,0
115000234,0,0,0
115000241,0,0,0
115000242,0,0,0
115000243,0,0,0
115000244,0,0,0
115000246,0,0,0
115000247,0,0,0
115000248,0,0,0
115000249,0,0,0
115000250,0,0,0
115000251,0,0,0
115000252,0,0,0
115000253,0,0,0
115000258,0,0,0
115000259,0,0,0
115000261,0,0,0
115000262,0,0,0
115000263,0,0,0
115000264,0,0,0
115000267,0,0,0
115000268,0,0,0
115000269,0,0,0
115000270,0,0,0
115000272,0,4,-4
115000273,0,0,0
115000274,0,0,0
115000280,29,521,-492
115000281,0,0,0
115000282,217,433,-216
115000284,0,0,0
115000296,301,5,296
115000297,9,233,-224
115000298,0,0,0
115000300,0,0,0
115000302,86,0,86
115000303,184,7,177
115000304,112,34,78
115000305,0,0,0
115000306,0,0,0
115000307,0,0,0
115000308,0,0,0
115000310,0,0,0
115000311,397,68,329
115000313,0,0,0
115000314,70,28,42
115000315,6,39,-33
115000316,0,0,0
115000317,63,13,50
115000318,314,3,311
115000319,0,30,-30
115000320,0,54,-54
115000321,46,1,45
115000322,0,48,-48
115000449,0,0,0
115000557,0,0,0
115000558,15,2,13
115000587,1,4,-3
115000588,97,214,-117
115000589,1750,1072,678
115000590,54,65,-11
115000591,569,332,237
115000592,57,82,-25
115000593,757,240,517
115000594,132,99,33
115000609,0,10,-10
115000617,195,102,93
115000624,0,0,0
115000633,254,152,102
115000634,1189,169,1020
115000635,364,27,337
115000638,0,0,0
115000641,0,0,0
115000642,148,6,142
115000643,1,28,-27
115000644,0,17,-17
115000646,76,89,-13
115000647,36,26,10
115000648,315,25,290
115000893,1432,541,891
115000894,2,132,-130
115000895,20,82,-62
115000896,950,131,819
115000897,71,37,34
115000898,103,25,78
115000899,0,17,-17
115000900,3,58,-55
115000901,3,12,-9
115000912,139,3,136
115000913,0,0,0
115000915,0,0,0
115000916,8,0,8
115000917,0,0,0
115000918,0,0,0
115000919,0,0,0
115000920,0,0,0
115000921,0,0,0
115000922,68,225,-157
115000923,4,47,-43
115000925,0,0,0
115000927,0,0,0
115000933,0,12,-12
115900001,0,0,0
115900002,0,0,0
115900003,0,0,0
115900004,0,0,0
115900005,0,0,0
115900006,0,0,0
115900008,0,0,0
115900009,0,0,0
115900010,0,0,0
115900011,0,0,0
115900012,0,0,0
115900013,0,0,0
115900014,0,0,0
115900015,0,0,0
115900016,0,0,0
115900017,0,0,0
115900018,0,0,0
115900019,0,0,0
115900020,0,0,0
115900021,0,0,0
115900022,0,0,0
115900023,0,0,0
115900025,0,0,0
115900026,0,0,0
115900027,0,0,0
115900028,0,0,0
115900029,0,0,0
115900030,0,0,0
115900031,0,0,0
115900032,0,0,0
115900033,0,0,0
115900034,0,0,0
115900035,0,0,0
115900036,0,0,0
115900037,0,0,0
115900038,0,0,0
115900039,0,0,0
115900041,0,0,0
115900042,0,0,0
115900043,0,0,0
115900044,0,0,0
115900046,0,0,0
115900047,0,0,0
115900049,0,0,0
115900051,0,0,0
115900052,0,0,0
115900053,0,0,0
115900054,0,0,0
115900055,0,0,0
115900056,0,0,0
115900057,0,0,0
115900058,0,0,0
115900060,0,0,0
115900061,0,0,0
115900062,0,0,0
115900063,0,0,0
115900064,0,0,0
115900065,0,0,0
115900066,0,0,0
115900067,0,0,0
115900068,0,0,0
115900069,0,0,0
115900070,0,0,0
115900071,0,0,0
115900072,0,0,0
115900073,0,0,0
115900074,0,0,0
115900075,0,0,0
115900076,0,0,0
115900077,0,0,0
115900078,0,0,0
115900079,0,0,0
115900080,0,0,0
115900081,0,0,0
115900082,0,0,0
115900084,0,0,0
115900085,0,0,0
115900086,0,0,0
115900088,0,0,0
115900089,0,0,0
115900090,0,0,0
115900091,0,0,0
115900092,0,0,0
115900093,0,0,0
115900094,0,0,0
115900096,0,0,0
115900097,0,0,0
115900098,0,0,0
115900099,0,0,0
115900100,0,0,0
115900101,0,0,0
115900102,0,0,0
115900103,0,0,0
115900104,0,0,0
115900105,0,0,0
115900106,0,0,0
115900107,0,0,0
115900108,0,0,0
115900109,0,0,0
115900110,0,0,0
115900111,0,0,0
115900112,0,0,0
115900113,0,0,0
115900114,0,0,0
115900115,0,0,0
115900116,0,0,0
115900117,0,0,0
115900118,0,0,0
115900119,0,0,0
115900120,0,0,0
115900121,0,0,0
115900124,0,0,0
115900125,0,0,0
115900126,0,0,0
115900127,0,0,0
115900128,0,0,0
115900129,0,0,0
115900130,0,0,0
115900131,0,0,0
115900132,0,0,0
115900134,0,0,0
115900135,0,0,0
115900137,0,0,0
115900139,0,0,0
115900140,0,0,0
115900141,0,0,0
115900142,0,0,0
115900143,0,0,0
115900144,0,0,0
115900146,0,0,0
115900147,0,0,0
115900148,0,0,0
115900149,0,0,0
115900150,0,0,0
115900151,0,0,0
115900152,0,0,0
115900153,0,0,0
115900154,0,0,0
115900155,0,0,0
115900156,0,0,0
115900157,0,0,0
115900158,0,0,0
115900159,0,0,0
115900160,0,0,0
115900161,0,0,0
115900163,0,0,0
115900164,0,0,0
115900165,0,0,0
115900166,0,0,0
115900168,0,0,0
115900171,0,0,0
115900172,0,0,0
115900173,0,0,0
115900174,0,0,0
115900175,0,0,0
115900178,0,0,0
115900179,0,0,0
115900180,0,0,0
115900181,0,0,0
115900182,0,0,0
115900183,0,0,0
115900184,0,0,0
115900187,0,0,0
115900189,0,0,0
115900190,0,0,0
115900191,0,0,0
115900192,0,0,0
115900193,0,0,0
115900194,0,0,0
115900195,0,0,0
115900198,0,0,0
115900199,0,0,0
115900200,0,0,0
115900201,0,0,0
115900202,0,0,0
115900203,0,0,0
115900204,0,0,0
115900205,0,0,0
115900206,0,0,0
115900207,0,0,0
115900208,0,0,0
115900209,0,0,0
115900210,0,0,0
115900211,0,0,0
115900212,0,0,0
115900213,0,0,0
115900214,0,0,0
115900215,0,0,0
115900216,0,0,0
115900217,0,0,0
115900218,0,0,0
115900219,0,0,0
115900220,0,0,0
115900221,0,0,0
115900222,0,0,0
115900223,0,0,0
115900224,0,0,0
115900225,0,0,0
115900226,0,0,0
115900227,0,0,0
115900228,0,0,0
115900229,0,0,0
115900230,0,0,0
115900231,0,0,0
115900232,0,0,0
115900233,0,0,0
115900234,0,0,0
115900235,0,0,0
115900236,0,0,0
115900237,0,0,0
115900238,0,0,0
115900239,0,0,0
115900240,0,0,0
115900241,0,0,0
115900242,0,0,0
115900243,0,0,0
115900244,0,0,0
115900245,0,0,0
115900246,0,0,0
115900247,0,0,0
115900248,0,0,0
115900249,0,0,0
115900250,0,0,0
115900251,0,0,0
115900252,0,0,0
115900253,0,0,0
115900254,0,0,0
115900255,0,0,0
115900256,0,0,0
115900257,0,0,0
115900258,0,0,0
115900259,0,0,0
115900260,0,0,0
115900261,0,0,0
115900262,0,0,0
115900263,0,0,0
115900264,0,0,0
115900265,0,0,0
115900266,0,0,0
115900267,0,0,0
115900268,0,0,0
115900269,0,0,0
115900270,0,0,0
116000001,107,259,-152
116000002,1674,2460,-786
116000003,54,96,-42
116000004,673,2103,-1430
116000005,34,112,-78
116000006,272,732,-460
116000007,135,243,-108
116000008,713,552,161
116000009,8,207,-199
116000010,674,611,63
116000011,42,233,-191
116000012,906,389,517
116000013,190,360,-170
116000014,0,0,0
116000015,6,0,6
116000016,974,50,924
116000017,59,8,51
116000018,106,8,98
116000019,56,7,49
116000020,339,67,272
116000021,206,14,192
116000022,124,62,62
116000023,8,26,-18
116000024,287,14,273
116000025,14,45,-31
116000026,388,26,362
116000027,261,92,169
116000028,423,466,-43
116000029,0,0,0
116000030,583,321,262
116000031,0,0,0
116000032,139,1,138
116000033,323,60,263
116000034,1118,714,404
116000035,146,169,-23
116000036,39,329,-290
116000037,78,66,12
116000038,7,79,-72
116000039,0,0,0
116000040,62,142,-80
116000041,0,0,0
116000042,328,224,104
116000043,0,0,0
116000045,2047,1856,191
116000046,0,0,0
116000047,0,0,0
116000048,1674,877,797
116000049,999,564,435
116000050,579,204,375
116000051,1572,380,1192
116000052,948,163,785
116000053,740,340,400
116000054,0,0,0
116000055,0,0,0
116000056,247,649,-402
116000057,0,0,0
116000058,123,59,64
116000059,454,1233,-779
116000060,68,75,-7
116000061,61,224,-163
116000062,13,19,-6
116000063,176,348,-172
116000066,36,566,-530
116000067,0,0,0
116000068,42,164,-122
116000069,0,0,0
116000078,194,489,-295
116000080,0,0,0
116000082,0,0,0
116000083,299,128,171
116000084,22,415,-393
116000085,396,107,289
116000086,16,59,-43
116000087,940,299,641
116000088,64,59,5
116000089,0,0,0
116000090,0,0,0
116000091,0,0,0
116000093,429,202,227
116000094,3,16,-13
116000095,435,60,375
116000096,31,85,-54
116000097,624,39,585
116000098,0,244,-244
116000099,586,27,559
116000100,7,0,7
116000101,58,1,57
116000102,1,1,0
116000103,55,32,23
116000104,53,29,24
116000105,107,3,104
116000106,86,6,80
116000107,165,3,162
116000108,0,7,-7
116000111,27,0,27
116000113,22,10,12
116000114,0,0,0
116000115,123,17,106
116000116,0,0,0
116000117,261,306,-45
116000118,0,0,0
116000119,1186,380,806
116000120,0,0,0
116000121,288,259,29
116000122,0,0,0
116000123,905,94,811
116000124,0,0,0
116000125,876,99,777
116000126,0,0,0
116000127,0,0,0
116000128,835,87,748
116000129,0,0,0
116000130,0,0,0
116000133,418,4,414
116000134,183,23,160
116000135,738,153,585
116000136,91,50,41
116000137,432,145,287
116000138,0,0,0
116000139,1024,1049,-25
116000140,5,12,-7
116000141,34,13,21
116000142,295,785,-490
116000143,488,207,281
116000144,203,221,-18
116000145,1364,344,1020
116000146,186,3,183
116000147,124,230,-106
116000148,2,35,-33
116000149,0,0,0
116000151,41,83,-42
116000153,166,818,-652
116000155,112,446,-334
116000156,10,31,-21
116000157,0,0,0
116000158,407,48,359
116000159,1,0,1
116000160,0,0,0
116000161,0,0,0
116000162,0,0,0
116000163,0,0,0
116000164,0,0,0
116000177,8,2,6
116000194,0,0,0
116000195,949,197,752
116000196,0,0,0
116000197,0,0,0
116000198,262,365,-103
116000200,0,11,-11
116000201,0,0,0
116000202,32,5,27
116000203,0,0,0
116000204,0,0,0
116000205,0,0,0
116000206,0,0,0
116000207,0,0,0
116000233,0,0,0
116000287,0,0,0
116000288,190,107,83
116000292,0,0,0
116000296,0,0,0
116000297,0,0,0
116000304,0,0,0
116000305,0,0,0
116000346,0,0,0
116000352,0,0,0
116000354,0,0,0
116000357,0,0,0
116000358,0,0,0
116000361,0,0,0
116000372,0,0,0
116000381,0,0,0
116000388,0,0,0
116000389,66,15,51
116000445,0,0,0
116000446,421,31,390
116000447,0,0,0
116000448,551,163,388
116000563,95,558,-463
116000565,0,0,0
116000568,0,0,0
116000579,0,0,0
116000584,0,0,0
116000585,0,0,0
116000586,0,0,0
116000587,314,7,307
116000589,0,0,0
116000590,4,1,3
116000591,133,16,117
116000592,0,0,0
116000593,0,0,0
116000594,0,0,0
116000595,0,0,0
116000596,0,0,0
116000597,70,4,66
116000598,0,0,0
116000602,0,0,0
116000605,0,0,0
116000606,40,4,36
116000607,0,0,0
116000609,0,0,0
116000611,0,0,0
116000612,992,505,487
116000613,335,92,243
116000614,0,0,0
116000615,0,0,0
116000616,0,0,0
116000617,0,0,0
116000618,0,0,0
116000619,0,1,-1
116000620,415,67,348
116000621,46,54,-8
116000622,139,33,106
116000624,0,2,-2
116900001,0,0,0
116900002,0,0,0
116900003,0,0,0
116900004,0,0,0
116900005,0,0,0
116900006,0,0,0
116900007,0,0,0
116900008,0,0,0
116900009,0,0,0
116900010,0,0,0
116900011,0,0,0
116900012,0,0,0
116900013,0,0,0
116900014,0,0,0
116900015,0,0,0
116900016,0,0,0
116900017,0,0,0
116900018,0,0,0
116900019,0,0,0
116900020,0,0,0
116900023,0,0,0
116900024,0,0,0
116900025,0,0,0
116900026,0,0,0
116900027,0,0,0
116900028,0,0,0
116900029,0,0,0
116900031,0,0,0
116900032,0,0,0
116900033,0,0,0
116900034,0,0,0
116900035,0,0,0
116900036,0,0,0
116900038,0,0,0
116900041,0,0,0
116900042,0,0,0
116900043,0,0,0
116900045,0,0,0
116900047,0,0,0
116900049,0,0,0
116900050,0,0,0
116900051,0,0,0
116900052,0,0,0
116900055,0,0,0
116900057,0,0,0
116900058,0,0,0
116900059,0,0,0
116900060,0,0,0
116900062,0,0,0
116900064,0,0,0
116900065,0,0,0
116900067,0,0,0
116900068,0,0,0
116900070,0,0,0
116900072,0,0,0
116900073,0,0,0
116900074,0,0,0
116900076,0,0,0
116900077,0,0,0
116900078,0,0,0
116900079,0,0,0
116900080,0,0,0
116900081,0,0,0
116900082,0,0,0
116900083,0,0,0
116900084,0,0,0
116900085,0,0,0
116900086,0,0,0
116900088,0,0,0
116900090,0,0,0
116900091,0,0,0
116900092,0,0,0
116900093,0,0,0
116900094,0,0,0
116900095,0,0,0
116900096,0,0,0
116900097,0,0,0
116900098,0,0,0
116900099,0,0,0
116900100,0,0,0
116900101,0,0,0
116900103,0,0,0
116900104,0,0,0
116900105,0,0,0
116900106,0,0,0
116900107,0,0,0
116900110,0,0,0
116900111,336,4,332
116900112,82,3,79
116900113,76,16,60
116900116,0,0,0
116900117,0,0,0
116900118,0,0,0
116900120,0,0,0
116900121,0,0,0
116900122,0,0,0
116900123,0,0,0
116900124,0,0,0
116900125,0,0,0
116900126,0,0,0
116900128,0,0,0
116900129,0,0,0
116900130,0,0,0
116900131,0,0,0
116900132,0,0,0
116900133,0,0,0
116900134,0,0,0
116900136,0,0,0
116900137,0,0,0
116900138,0,0,0
116900139,0,0,0
116900140,0,0,0
116900141,0,0,0
116900142,0,0,0
116900143,2,365,-363
116900144,0,0,0
116900145,0,0,0
116900147,0,0,0
116900148,0,0,0
116900149,0,0,0
116900150,0,0,0
116900151,0,0,0
116900153,0,0,0
116900154,0,0,0
116900155,0,0,0
116900157,0,0,0
116900158,0,0,0
116900159,0,0,0
116900160,0,0,0
116900161,0,0,0
116900162,0,0,0
116900163,0,0,0
116900164,0,0,0
116900165,0,0,0
116900166,0,0,0
116900167,0,0,0
116900168,0,0,0
116900169,0,0,0
116900170,0,0,0
116900171,0,0,0
116900172,0,0,0
116900173,0,0,0
116900174,0,0,0
116900175,0,0,0
116900178,0,0,0
116900179,0,0,0
116900180,0,0,0
116900182,133,9,124
116900183,0,0,0
116900185,0,0,0
116900186,0,0,0
116900187,0,0,0
116900188,0,0,0
116900189,0,0,0
116900191,0,0,0
116900192,0,0,0
116900194,0,0,0
116900195,0,0,0
116900196,0,0,0
116900197,0,0,0
116900198,0,0,0
116900200,0,0,0
116900201,0,0,0
116900202,0,0,0
116900203,0,0,0
116900204,0,0,0
116900206,0,0,0
116900207,0,0,0
116900208,0,0,0
116900209,0,0,0
116900210,0,0,0
116900211,0,0,0
116900212,0,0,0
116900213,0,0,0
116900214,0,0,0
116900215,0,0,0
116900216,0,0,0
116900218,0,0,0
116900219,0,0,0
116900220,0,0,0
116900221,0,0,0
116900222,257,81,176
116900223,0,0,0
116900226,0,0,0
116900227,0,0,0
116900228,0,0,0
116900230,0,0,0
116900231,0,0,0
116900232,0,0,0
116900233,0,0,0
116900234,0,0,0
116900235,0,0,0
116900238,0,0,0
116900239,0,0,0
116900240,0,0,0
116900241,0,0,0
116900242,0,0,0
116900243,0,0,0
116900245,0,0,0
116900246,0,0,0
116900247,0,0,0
116900248,0,0,0
116900249,0,0,0
116900250,0,0,0
116900251,0,0,0
116900252,151,3,148
116900253,0,0,0
116900254,0,0,0
116900255,0,0,0
116900256,0,0,0
116900257,0,0,0
116900258,0,0,0
116900259,0,0,0
116900260,0,0,0
116900261,0,0,0
116900262,0,0,0
116900263,0,0,0
116900264,0,0,0
116900265,0,0,0
116900266,0,0,0
116900267,0,0,0
116900268,0,0,0
116900269,158,87,71
116900271,0,0,0
116900272,0,0,0
116900273,0,0,0
116900274,0,0,0
116900275,0,0,0
116900276,102,2,100
116900277,0,0,0
116900278,0,0,0
116900279,0,0,0
116900280,0,0,0
116900281,0,0,0
116900282,0,0,0
116900283,0,0,0
116900284,0,0,0
116900285,0,0,0
116900286,0,0,0
116900287,0,0,0
116900288,0,0,0
116900289,0,0,0
116900290,0,0,0
116900291,0,0,0
116900292,0,0,0
116900293,0,0,0
116900294,0,0,0
116900295,0,0,0
116900296,0,0,0
116900297,0,0,0
116900298,0,0,0
116900299,0,0,0
116900300,0,0,0
116900301,0,0,0
116900302,156,177,-21
116900303,0,0,0
116900304,0,0,0
116900305,0,0,0
116900306,12,0,12
117000001,1242,581,661
117000002,192,108,84
117000003,1820,1101,719
117000004,251,147,104
117000005,1481,714,767
117000006,100,155,-55
117000007,2473,706,1767
117000008,73,147,-74
117000009,1841,346,1495
117000010,145,101,44
117000011,1005,323,682
117000012,167,62,105
117000013,1057,137,920
117000014,21,240,-219
117000015,564,171,393
117000016,60,10,50
117000017,73,24,49
117000018,2,45,-43
117000019,9,0,9
117000020,21,74,-53
117000021,34,7,27
117000022,21,14,7
117000023,17,7,10
117000024,0,0,0
117000025,0,0,0
117000026,763,945,-182
117000027,0,0,0
117000028,165,30,135
117000030,38,1,37
117000032,190,235,-45
117000033,668,765,-97
117000034,5,10,-5
117000036,63,31,32
117000038,97,37,60
117000039,0,0,0
117000040,0,0,0
117000041,614,37,577
117000044,0,0,0
117000045,31,61,-30
117000046,0,0,0
117000047,713,272,441
117000048,0,0,0
117000049,2,112,-110
117000050,51,5,46
117000051,658,280,378
117000052,0,0,0
117000053,0,0,0
117000054,1254,97,1157
117000055,0,28,-28
117000056,451,87,364
117000057,0,12,-12
117000060,0,0,0
117000061,549,336,213
117000062,0,0,0
117000063,278,128,150
117000064,0,0,0
117000066,8,10,-2
117000067,24,114,-90
117000074,1,34,-33
117000076,0,4,-4
117000077,71,43,28
117000078,0,0,0
117000079,81,17,64
117000080,0,0,0
117000081,201,11,190
117000082,0,0,0
117000083,22,0,22
117000084,51,1,50
117000085,6,19,-13
117000086,195,156,39
117000087,21,73,-52
117000088,229,93,136
117000089,1144,239,905
117000090,0,63,-63
117000091,616,121,495
117000092,0,46,-46
117000093,1171,230,941
117000094,57,60,-3
117000095,1992,225,1767
117000096,8,74,-66
117000097,1223,214,1009
117000098,40,49,-9
117000099,1493,273,1220
117000100,0,0,0
117000101,0,0,0
117000102,762,323,439
117000103,35,56,-21
117000104,735,226,509
117000105,13,58,-45
117000106,905,206,699
117000107,27,9,18
117000108,877,537,340
117000109,183,26,157
117000110,885,877,8
117000111,2529,1892,637
117000112,840,527,313
117000113,0,0,0
117000114,2,2,0
117000115,0,0,0
117000116,0,2,-2
117000117,508,227,281
117000118,46,14,32
117000119,43,72,-29
117000120,4,48,-44
117000121,1,115,-114
117000122,4,175,-171
117000123,114,46,68
117000124,3,0,3
117000125,1,1,0
117000126,0,0,0
117000127,15,5,10
117000128,2,2,0
117000129,89,75,14
117000130,8,0,8
117000131,0,0,0
117000132,1580,42,1538
117000133,0,0,0
117000134,0,0,0
117000135,0,0,0
117000136,0,0,0
117000137,0,0,0
117000138,2,0,2
117000140,5,54,-49
117000141,863,164,699
117000181,0,0,0
117000182,0,0,0
117000195,0,0,0
117000196,0,0,0
117000225,0,0,0
117000226,0,0,0
117000276,0,0,0
117000277,0,0,0
117000310,0,237,-237
117000315,0,0,0
117000320,29,0,29
117000906,48,7,41
117000907,0,0,0
117000908,0,0,0
117000909,10,79,-69
117000910,0,0,0
117000911,2,31,-29
117000915,0,2,-2
117000916,45,26,19
117000917,331,39,292
117000918,48,45,3
117000919,0,1,-1
117000920,0,24,-24
117000921,0,0,0
117000922,5,12,-7
117000924,137,299,-162
117000926,49,2,47
117000927,123,428,-305
117000928,0,0,0
117000929,0,0,0
117000930,0,0,0
117000931,0,0,0
117900002,0,0,0
117900003,0,0,0
117900005,0,0,0
117900006,0,0,0
117900007,0,0,0
117900008,0,0,0
117900010,0,0,0
117900011,0,0,0
117900012,0,0,0
117900013,0,0,0
117900014,0,0,0
117900015,0,0,0
117900016,0,0,0
117900017,0,0,0
117900018,0,0,0
117900019,0,0,0
117900020,0,0,0
117900021,0,0,0
117900022,0,0,0
117900023,0,0,0
117900024,0,0,0
117900025,0,0,0
117900026,0,0,0
117900028,0,0,0
117900029,0,0,0
117900030,0,0,0
117900031,0,0,0
117900032,0,0,0
117900033,0,0,0
117900034,0,0,0
117900035,0,0,0
117900036,0,0,0
117900037,0,0,0
117900038,0,0,0
117900039,0,0,0
117900040,0,0,0
117900041,0,0,0
117900042,0,0,0
117900043,0,0,0
117900044,0,0,0
117900045,0,0,0
117900048,0,0,0
117900049,0,0,0
117900050,0,0,0
117900051,0,0,0
117900052,0,0,0
117900053,0,0,0
117900054,0,0,0
117900055,0,0,0
117900056,0,0,0
117900057,0,0,0
117900058,0,0,0
117900059,0,0,0
117900060,0,0,0
117900061,0,0,0
117900063,0,0,0
117900065,0,0,0
117900066,0,0,0
117900067,0,0,0
117900069,0,0,0
117900070,0,0,0
117900071,0,0,0
117900073,0,0,0
117900074,0,0,0
117900075,0,0,0
117900076,0,0,0
117900077,0,0,0
117900078,0,0,0
117900080,0,0,0
117900081,0,0,0
117900082,0,0,0
117900083,0,0,0
117900086,0,0,0
117900087,0,0,0
117900088,0,0,0
117900089,0,0,0
117900090,0,0,0
117900091,0,0,0
117900092,0,0,0
117900093,0,0,0
117900094,0,0,0
117900095,0,0,0
117900096,0,0,0
117900097,0,0,0
117900098,0,0,0
117900099,0,0,0
117900100,0,0,0
117900101,0,0,0
117900102,0,0,0
117900103,0,0,0
117900104,0,0,0
117900105,0,0,0
117900106,0,0,0
117900107,0,0,0
117900109,0,0,0
117900110,0,0,0
117900111,0,0,0
117900112,0,0,0
117900113,0,0,0
117900114,0,0,0
117900115,0,0,0
117900116,0,0,0
117900117,0,0,0
117900118,0,0,0
117900119,0,0,0
117900120,0,0,0
117900121,2,1,1
117900122,0,0,0
117900123,0,0,0
117900124,0,0,0
117900125,0,0,0
117900126,0,0,0
117900127,0,0,0
117900128,0,0,0
117900129,0,0,0
117900130,0,0,0
117900131,0,0,0
117900132,0,0,0
117900133,0,0,0
117900134,0,0,0
117900135,0,0,0
117900136,0,0,0
117900137,0,0,0
117900138,0,0,0
117900139,0,0,0
117900140,0,0,0
117900141,0,0,0
117900142,0,0,0
117900144,0,0,0
117900145,0,0,0
117900146,0,0,0
117900147,0,0,0
117900148,0,0,0
117900149,0,0,0
117900150,0,0,0
117900151,0,0,0
117900152,0,0,0
117900153,0,0,0
117900154,0,0,0
117900156,0,0,0
117900157,0,0,0
117900158,0,0,0
117900160,0,0,0
117900161,0,0,0
117900162,0,0,0
117900163,0,0,0
117900165,0,0,0
117900166,0,0,0
117900168,0,0,0
117900169,0,0,0
117900170,0,0,0
117900171,0,0,0
117900172,0,0,0
117900173,0,0,0
117900174,0,0,0
117900175,0,0,0
117900176,0,0,0
117900177,0,0,0
117900178,0,0,0
117900180,0,0,0
117900181,0,0,0
117900182,0,0,0
117900183,0,0,0
117900184,0,0,0
117900185,0,0,0
117900186,0,0,0
117900187,0,0,0
117900188,0,0,0
117900189,0,0,0
117900190,0,0,0
117900191,0,0,0
117900192,0,0,0
117900193,0,0,0
117900194,0,0,0
117900195,0,0,0
117900196,0,0,0
117900207,0,0,0
117900208,0,0,0
117900209,0,0,0
117900210,0,0,0
117900211,0,0,0
117900212,0,0,0
117900213,0,0,0
117900214,0,0,0
117900216,0,0,0
117900217,0,0,0
117900218,0,0,0
117900219,0,0,0
117900220,0,0,0
117900221,0,0,0
118000001,256,931,-675
118000002,6,122,-116
118000003,1218,2062,-844
118000004,45,64,-19
118000005,2298,2029,269
118000006,164,269,-105
118000007,129,898,-769
118000008,311,663,-352
118000009,60,206,-146
118000010,70,238,-168
118000011,0,0,0
118000012,0,0,0
118000013,0,0,0
118000014,0,0,0
118000016,0,0,0
118000017,88,86,2
118000018,0,0,0
118000019,5,11,-6
118000020,4,104,-100
118000021,6,82,-76
118000022,95,52,43
118000023,311,181,130
118000024,272,307,-35
118000025,8,35,-27
118000027,291,340,-49
118000029,40,378,-338
118000032,225,643,-418
118000033,905,1458,-553
118000034,51,422,-371
118000035,60,353,-293
118000036,64,225,-161
118000037,1,0,1
118000038,61,129,-68
118000039,0,0,0
118000040,266,232,34
118000041,0,0,0
118000045,1,65,-64
118000046,5,284,-279
118000047,5,80,-75
118000048,81,68,13
118000051,33,316,-283
118000052,28,124,-96
118000053,19,36,-17
118000054,43,148,-105
118000055,6,105,-99
118000056,0,4,-4
118000057,1,10,-9
118000058,4,2,2
118000059,8,85,-77
118000060,26,21,5
118000061,35,119,-84
118000062,0,0,0
118000063,0,46,-46
118000064,7,205,-198
118000065,238,111,127
118000066,4,300,-296
118000067,1,69,-68
118000068,6,209,-203
118000069,4,23,-19
118000070,25,49,-24
118000071,99,127,-28
118000072,188,455,-267
118000073,39,160,-121
118000074,8,48,-40
118000075,0,40,-40
118000076,716,2480,-1764
118000077,0,0,0
118000078,655,926,-271
118000079,2,114,-112
118000080,0,0,0
118000081,259,464,-205
118000082,0,0,0
118000083,0,0,0
118000084,0,0,0
118000086,0,0,0
118000087,150,182,-32
118000088,161,486,-325
118000089,436,240,196
118000090,5,179,-174
118000091,58,183,-125
118000092,0,0,0
118000093,0,0,0
118000096,0,0,0
118000097,0,0,0
118000098,0,0,0
118000099,0,0,0
118000101,529,260,269
118000102,99,30,69
118000107,47,4,43
118000108,69,14,55
118000110,0,0,0
118000111,0,0,0
118000112,144,0,144
118000113,0,0,0
118000114,99,0,99
118000115,6,0,6
118000116,0,0,0
118000117,46,20,26
118000118,225,308,-83
118000119,273,357,-84
118000120,48,6,42
118000121,0,0,0
118000122,0,0,0
118000123,0,0,0
118000125,0,0,0
118000126,21,16,5
118000127,97,295,-198
118000128,0,0,0
118000129,136,87,49
118000130,9,49,-40
118000131,18,103,-85
118000132,101,262,-161
118000133,158,104,54
118000135,179,178,1
118000136,0,5,-5
118000137,0,0,0
118000138,0,0,0
118000139,0,0,0
118000140,19,155,-136
118000141,1289,1069,220
118000142,138,67,71
118000143,403,502,-99
118000144,91,119,-28
118000145,296,153,143
118000146,278,38,240
118000147,315,54,261
118000148,45,142,-97
118000149,0,0,0
118000150,622,117,505
118000151,55,35,20
118000153,623,589,34
118000154,416,308,108
118000155,366,580,-214
118000156,172,148,24
118000157,222,58,164
118000158,0,0,0
118000159,76,208,-132
118000160,755,347,408
118000161,0,0,0
118000162,198,92,106
118000163,234,209,25
118000164,706,257,449
118000168,0,0,0
118000169,0,0,0
118000170,28,35,-7
118000171,35,7,28
118000172,0,3,-3
118000173,113,92,21
118000175,298,290,8
118000176,244,394,-150
118000177,228,409,-181
118000178,0,0,0
118000179,798,605,193
118000180,672,383,289
118000181,26,14,12
118000182,48,65,-17
118000183,19,95,-76
118000184,889,376,513
118000185,0,0,0
118000186,0,0,0
118000187,0,0,0
118000188,0,0,0
118000189,0,1,-1
118000190,0,0,0
118000191,0,0,0
118000192,0,13,-13
118000193,0,0,0
118000194,620,751,-131
118000195,22,44,-22
118000196,0,0,0
118000197,11,5,6
118000198,1,69,-68
118000199,214,143,71
118000200,0,0,0
118000201,0,0,0
118000202,0,0,0
118000203,0,0,0
118000204,3,13,-10
118000205,36,21,15
118000206,135,52,83
118000207,0,0,0
118000208,274,549,-275
118000209,204,40,164
118000210,45,12,33
118000211,28,16,12
118000213,10,113,-103
118000214,85,37,48
118000215,0,0,0
118000216,0,0,0
118000217,0,0,0
118000218,0,0,0
118000219,0,0,0
118000220,2,28,-26
118000221,0,0,0
118000222,0,0,0
118000223,7,11,-4
118000224,0,0,0
118000225,0,0,0
118000226,20,2,18
118000227,44,45,-1
118000228,1,17,-16
118000229,0,0,0
118000230,0,0,0
118000231,0,0,0
118000232,0,0,0
118000233,196,39,157
118000234,0,0,0
118000236,0,0,0
118000237,0,0,0
118000238,0,0,0
118000239,153,35,118
118000240,0,0,0
118000241,0,0,0
118000242,0,0,0
118000243,0,0,0
118000244,0,0,0
118000246,0,0,0
118000255,0,0,0
118000256,0,0,0
118000259,0,0,0
118000260,0,0,0
118000261,0,0,0
118000263,0,0,0
118000266,0,0,0
118000267,0,0,0
118000268,24,1,23
118000270,0,0,0
118000271,2,0,2
118000272,0,0,0
118000273,0,0,0
118000274,0,0,0
118000276,0,0,0
118000295,0,0,0
118000298,0,0,0
118000299,0,0,0
118000301,0,0,0
118000302,0,0,0
118000311,0,0,0
118000312,0,0,0
118000313,0,0,0
118000314,0,0,0
118000315,0,0,0
118000316,0,0,0
118000325,0,0,0
118000326,0,0,0
118000331,0,0,0
118000332,0,0,0
118000333,0,0,0
118000335,55,0,55
118000336,0,0,0
118000407,0,0,0
118000457,0,0,0
118000465,81,119,-38
118000480,0,0,0
118000489,7,152,-145
118000490,0,0,0
118000492,109,38,71
118000510,0,0,0
118000514,43,20,23
118000515,17,10,7
118000517,0,0,0
118000524,0,0,0
118000525,44,40,4
118000530,11,87,-76
118000531,77,42,35
118000532,0,0,0
118000533,0,0,0
118000534,0,0,0
118000535,136,44,92
118000536,0,0,0
118000537,0,0,0
118000538,0,0,0
118000539,1,68,-67
118000540,0,0,0
118000541,0,0,0
118000542,17,74,-57
118000543,8,31,-23
118000546,0,0,0
118000560,0,0,0
118000562,0,0,0
118000563,221,798,-577
118000576,0,0,0
118000577,0,0,0
118000578,0,0,0
118000579,4,9,-5
118000595,50,82,-32
118000596,0,0,0
118000597,0,0,0
118000598,0,0,0
118000599,0,0,0
118000600,0,0,0
118000601,0,0,0
118000602,0,0,0
118000603,0,0,0
118900001,0,0,0
118900002,0,0,0
118900003,0,0,0
118900004,0,0,0
118900005,0,0,0
118900006,0,0,0
118900007,0,0,0
118900008,0,0,0
118900009,0,0,0
118900010,0,0,0
118900011,0,0,0
118900012,0,0,0
118900013,0,0,0
118900015,0,0,0
118900016,0,0,0
118900017,0,0,0
118900018,0,0,0
118900019,0,0,0
118900020,0,0,0
118900021,0,0,0
118900022,0,0,0
118900023,0,0,0
118900024,0,0,0
118900025,0,0,0
118900026,0,0,0
118900027,0,0,0
118900028,0,0,0
118900029,0,0,0
118900030,0,0,0
118900031,0,0,0
118900032,0,0,0
118900033,0,0,0
118900034,0,0,0
118900035,0,0,0
118900036,0,0,0
118900037,0,0,0
118900038,0,0,0
118900039,0,0,0
118900040,0,0,0
118900041,0,0,0
118900042,0,0,0
118900045,0,0,0
118900046,0,0,0
118900047,0,0,0
118900048,0,0,0
118900049,0,0,0
118900050,0,0,0
118900051,0,0,0
118900052,0,0,0
118900053,0,0,0
118900054,0,0,0
118900055,0,0,0
118900056,0,0,0
118900057,0,0,0
118900058,0,0,0
118900059,0,0,0
118900060,0,0,0
118900062,0,0,0
118900064,0,0,0
118900065,0,0,0
118900066,0,0,0
118900067,0,0,0
118900068,0,0,0
118900069,0,0,0
118900071,0,0,0
118900072,0,0,0
118900073,0,0,0
118900074,0,0,0
118900075,0,0,0
118900076,0,0,0
118900077,0,0,0
118900078,0,0,0
118900079,0,0,0
118900080,0,0,0
118900081,0,0,0
118900082,0,0,0
118900083,0,0,0
118900084,0,0,0
118900085,0,0,0
118900086,0,0,0
118900087,0,0,0
118900088,0,0,0
118900089,0,0,0
118900090,0,0,0
118900091,0,0,0
118900092,0,0,0
118900093,0,0,0
118900096,0,0,0
118900097,0,0,0
118900099,0,0,0
118900100,0,0,0
118900101,0,0,0
118900102,0,0,0
118900103,0,0,0
118900104,2,0,2
118900105,0,0,0
118900107,0,0,0
118900108,0,0,0
118900109,0,0,0
118900110,0,0,0
118900111,0,0,0
118900112,0,0,0
118900113,0,0,0
118900114,0,0,0
118900115,0,0,0
118900116,0,0,0
118900117,0,0,0
118900118,0,0,0
118900119,0,0,0
118900120,0,0,0
118900121,0,0,0
118900122,0,0,0
118900123,0,0,0
118900124,0,0,0
118900126,0,0,0
118900129,0,0,0
118900130,0,0,0
118900131,0,0,0
118900132,0,0,0
118900133,0,0,0
118900135,0,0,0
118900136,0,0,0
118900137,0,0,0
118900139,0,0,0
118900140,0,0,0
118900141,0,0,0
118900144,0,0,0
118900145,0,0,0
118900146,0,0,0
118900147,0,0,0
118900148,0,0,0
118900150,0,0,0
118900152,0,0,0
118900157,0,0,0
118900158,0,0,0
118900159,0,0,0
118900161,0,0,0
118900163,0,0,0
118900164,0,0,0
118900165,0,0,0
118900166,0,0,0
118900167,0,0,0
118900168,0,0,0
118900169,0,0,0
118900170,0,0,0
118900171,0,0,0
118900174,0,0,0
118900175,0,0,0
118900176,0,0,0
118900177,0,0,0
118900178,0,0,0
118900179,0,0,0
118900181,0,0,0
118900182,0,0,0
118900183,0,0,0
118900184,0,0,0
118900185,0,0,0
118900186,0,0,0
118900187,0,0,0
118900188,0,0,0
118900189,0,0,0
118900190,0,0,0
118900191,0,0,0
118900192,0,0,0
118900193,0,0,0
118900195,0,0,0
118900196,0,0,0
118900197,0,0,0
118900198,0,0,0
118900199,0,0,0
118900200,0,0,0
118900201,0,0,0
118900202,0,0,0
118900203,0,0,0
118900204,0,0,0
118900205,0,0,0
118900206,0,0,0
119000001,434,293,141
119000002,595,265,330
119000003,102,122,-20
119000004,58,107,-49
119000005,154,94,60
119000006,98,28,70
119000007,877,578,299
119000008,0,0,0
119000009,381,430,-49
119000010,0,0,0
119000011,400,329,71
119000012,32,102,-70
119000013,1575,642,933
119000014,71,98,-27
119000019,38,46,-8
119000020,186,148,38
119000021,203,176,27
119000022,0,0,0
119000023,89,194,-105
119000024,206,1225,-1019
119000025,26,64,-38
119000026,0,0,0
119000027,2,16,-14
119000028,36,42,-6
119000029,0,0,0
119000030,10,163,-153
119000031,0,0,0
119000032,0,24,-24
119000033,302,143,159
119000034,5,3,2
119000035,2,31,-29
119000036,213,54,159
119000037,7,66,-59
119000038,0,22,-22
119000039,22,71,-49
119000040,5,221,-216
119000041,7,63,-56
119000048,405,166,239
119000049,48,44,4
119000050,22,5,17
119000051,65,47,18
119000052,1,6,-5
119000053,63,7,56
119000054,222,93,129
119000055,1107,194,913
119000056,540,217,323
119000057,43,82,-39
119000058,82,74,8
119000059,674,280,394
119000060,0,0,0
119000061,149,97,52
119000062,0,0,0
119000063,83,28,55
119000064,12,66,-54
119000065,59,69,-10
119000066,112,57,55
119000067,317,71,246
119000068,135,58,77
119000069,230,55,175
119000070,67,11,56
119000071,0,0,0
119000072,324,76,248
119000073,146,42,104
119000074,345,84,261
119000075,265,48,217
119000076,0,0,0
119000077,0,0,0
119000078,0,0,0
119000079,0,0,0
119000080,0,0,0
119000081,0,0,0
119000082,0,0,0
119000083,0,0,0
119000084,0,0,0
119000085,0,0,0
119000086,0,0,0
119000087,0,0,0
119000088,0,0,0
119000089,0,0,0
119000090,0,0,0
119000091,0,0,0
119000092,0,0,0
119000093,269,130,139
119000094,886,259,627
119000095,152,104,48
119000097,113,103,10
119000098,177,432,-255
119000099,565,170,395
119000100,403,259,144
119000101,0,0,0
119000102,0,0,0
119000103,54,37,17
119000104,0,0,0
119000105,40,95,-55
119000106,0,0,0
119000107,202,136,66
119000108,0,0,0
119000109,0,0,0
119000110,0,0,0
119000111,0,0,0
119000112,0,0,0
119000113,0,0,0
119000114,29,48,-19
119000115,0,0,0
119000116,6,92,-86
119000117,0,0,0
119000118,0,0,0
119000123,0,0,0
119000124,96,30,66
119000125,494,27,467
119000126,202,28,174
119000127,0,0,0
119000128,0,0,0
119000131,0,0,0
119000132,0,0,0
119000133,0,0,0
119000134,285,200,85
119000135,0,0,0
119000136,0,0,0
119000137,0,0,0
119000138,0,0,0
119000139,0,0,0
119000140,0,0,0
119000284,0,0,0
119000285,0,0,0
119000286,0,0,0
119000287,0,0,0
119000288,0,0,0
119000289,0,0,0
119000290,50,12,38
119000291,0,0,0
119000293,10,5,5
119000294,155,120,35
119000295,0,0,0
119000296,0,0,0
119000302,0,0,0
119000303,0,8,-8
119000314,0,0,0
119000315,0,0,0
119000316,0,0,0
119000317,0,0,0
119900001,0,0,0
119900002,0,0,0
119900003,0,0,0
119900004,0,0,0
119900005,0,0,0
119900006,0,0,0
119900007,0,0,0
119900008,0,0,0
119900009,0,0,0
119900010,0,0,0
119900011,0,0,0
119900012,0,0,0
119900013,0,0,0
119900014,0,0,0
119900015,0,0,0
119900016,0,0,0
119900017,0,0,0
119900018,0,0,0
119900019,0,0,0
119900020,0,0,0
119900021,0,0,0
119900022,0,0,0
119900023,0,0,0
119900025,0,0,0
119900026,0,0,0
119900027,0,0,0
119900028,0,0,0
119900029,0,0,0
119900030,0,0,0
119900031,0,0,0
119900033,0,0,0
119900034,0,0,0
119900037,0,0,0
119900038,0,0,0
119900039,0,0,0
119900040,0,0,0
119900041,0,0,0
119900042,0,0,0
119900043,0,0,0
119900044,0,0,0
119900046,0,0,0
119900047,0,0,0
119900048,0,0,0
119900049,0,0,0
119900050,0,0,0
119900051,0,0,0
119900052,0,0,0
119900053,0,0,0
119900054,0,0,0
119900055,0,0,0
119900057,0,0,0
119900058,0,0,0
119900059,0,0,0
119900060,0,0,0
119900061,0,0,0
119900062,0,0,0
119900063,0,0,0
119900064,0,0,0
119900065,0,0,0
119900066,0,0,0
119900067,0,0,0
119900068,0,0,0
119900069,0,0,0
119900070,0,0,0
119900071,0,0,0
119900072,0,0,0
119900073,0,0,0
119900074,0,0,0
119900075,0,0,0
119900076,0,0,0
119900077,0,0,0
119900078,0,0,0
119900079,0,0,0
119900080,0,0,0
119900081,0,0,0
119900082,1,0,1
119900083,0,0,0
119900084,0,0,0
119900085,0,0,0
119900086,0,0,0
119900087,0,0,0
119900088,0,0,0
119900089,0,0,0
119900090,0,0,0
119900091,0,0,0
119900092,0,0,0
119900093,0,0,0
119900094,0,0,0
119900095,0,0,0
119900096,0,0,0
119900097,0,0,0
119900098,0,0,0
119900099,0,0,0
119900100,0,0,0
119900101,0,0,0
119900102,0,0,0
119900103,0,0,0
119900104,0,0,0
119900105,0,0,0
119900106,0,0,0
119900107,0,0,0
119900108,0,0,0
119900109,0,0,0
119900110,0,0,0
119900111,0,0,0
119900112,0,0,0
119900113,0,0,0
119900114,0,0,0
119900115,0,0,0
119900116,0,0,0
119900117,0,0,0
119900118,0,0,0
119900119,0,0,0
119900120,0,0,0
119900121,0,0,0
119900122,0,0,0
119900123,0,0,0
119900124,0,0,0
119900125,0,0,0
119900126,0,0,0
119900127,0,0,0
119900128,0,0,0
119900129,0,0,0
119900130,0,0,0
119900131,0,0,0
119900132,0,0,0
119900133,0,0,0
119900134,0,0,0
119900135,0,0,0
119900136,0,0,0
119900138,0,0,0
119900139,0,0,0
119900140,0,0,0
119900141,0,0,0
119900142,0,0,0
119900143,0,0,0
119900144,0,0,0
119900145,0,0,0
119900146,0,0,0
119900147,0,0,0
119900148,0,0,0
119900149,0,0,0
119900150,0,0,0
119900151,0,0,0
119900152,0,0,0
119900153,0,0,0
119900154,0,0,0
119900155,0,0,0
119900156,0,0,0
119900157,0,0,0
119900158,0,0,0
119900159,0,0,0
119900160,0,0,0
119900161,0,0,0
119900162,0,0,0
119900163,0,0,0
119900164,0,0,0
119900165,0,0,0
119900166,0,0,0
119900167,0,0,0
119900168,0,0,0
119900169,0,0,0
119900170,0,0,0
119900171,0,0,0
119900172,0,0,0
119900173,0,0,0
119900174,0,0,0
119900175,0,0,0
119900177,0,0,0
119900178,0,0,0
119900179,0,0,0
119900180,0,0,0
119900181,0,0,0
119900182,0,0,0
119900183,0,0,0
119900184,0,0,0
119900185,0,0,0
119900186,0,0,0
119900187,0,0,0
119900188,0,0,0
119900189,0,0,0
119900190,0,0,0
119900191,0,0,0
119900192,0,0,0
119900193,0,0,0
119900194,0,0,0
119900195,0,0,0
119900196,0,0,0
119900197,0,0,0
119900198,0,0,0
119900199,0,0,0
119900200,0,0,0
119900201,0,0,0
119900202,0,0,0
119900203,0,0,0
119900204,0,0,0
119900205,0,0,0
119900206,0,0,0
119900208,0,0,0
119900209,0,0,0
119900210,0,0,0
119900211,0,0,0
119900212,0,0,0
119900213,0,0,0
119900214,0,0,0
119900215,0,0,0
119900216,0,0,0
119900217,0,0,0
119900218,0,0,0
119900219,0,0,0
119900220,0,0,0
119900221,0,0,0
119900222,0,0,0
119900223,0,0,0
119900224,0,0,0
119900225,0,0,0
119900226,0,0,0
119900227,0,0,0
119900228,0,0,0
119900229,0,0,0
119900230,0,0,0
119900231,0,0,0
119900232,0,0,0
119900233,0,0,0
119900234,0,0,0
119900235,0,0,0
119900236,0,0,0
119900237,0,0,0
119900238,0,0,0
119900240,0,0,0
119900241,0,0,0
119900242,0,0,0
119900244,0,0,0
119900245,0,0,0
119900246,0,0,0
119900247,0,0,0
119900248,0,0,0
119900249,0,0,0
119900253,0,0,0
119900254,0,0,0
119900255,0,0,0
119900256,0,0,0
119900257,0,0,0
119900258,0,0,0
119900259,0,0,0
119900260,0,0,0
119900261,0,0,0
119900262,0,0,0
119900263,0,0,0
119900264,0,0,0
119900265,0,0,0
119900266,0,0,0
119900267,0,0,0
119900268,0,0,0
119900269,0,0,0
119900271,0,0,0
119900272,0,0,0
119900275,0,0,0
119900276,0,0,0
119900277,0,0,0
119900278,0,0,0
119900279,0,0,0
119900280,0,0,0
119900281,0,0,0
119900282,0,0,0
119900283,0,0,0
119900284,0,0,0
119900285,0,0,0
119900286,0,0,0
119900288,0,0,0
119900289,0,0,0
119900290,0,0,0
119900291,0,0,0
119900292,0,0,0
119900293,0,0,0
119900294,0,0,0
119900295,0,0,0
119900296,0,0,0
119900297,0,0,0
119900298,0,0,0
119900299,0,0,0
119900300,0,0,0
119900301,0,0,0
119900302,0,0,0
119900303,0,0,0
119900304,0,0,0
119900305,0,0,0
119900306,0,0,0
119900307,0,0,0
119900308,0,0,0
119900309,0,0,0
119900310,0,0,0
119900311,0,0,0
119900312,0,0,0
119900313,0,0,0
119900314,0,0,0
119900315,0,0,0
119900318,0,0,0
119900319,0,0,0
119900320,0,0,0
119900321,0,0,0
120000001,1992,2032,-40
120000002,82,98,-16
120000003,51,92,-41
120000004,79,128,-49
120000005,135,204,-69
120000006,103,133,-30
120000007,59,88,-29
120000008,48,114,-66
120000009,63,41,22
120000010,4,70,-66
120000011,11,146,-135
120000012,28,254,-226
120000013,637,218,419
120000014,220,307,-87
120000015,859,558,301
120000016,2265,748,1517
120000017,742,390,352
120000018,1522,510,1012
120000019,348,151,197
120000020,898,442,456
120000021,330,766,-436
120000022,2046,1396,650
120000023,448,284,164
120000024,225,375,-150
120000025,1132,333,799
120000026,429,622,-193
120000027,757,828,-71
120000028,0,1,-1
120000029,36,233,-197
120000030,22,206,-184
120000031,693,478,215
120000032,512,105,407
120000033,237,56,181
120000034,284,58,226
120000035,591,74,517
120000036,1118,867,251
120000037,304,673,-369
120000038,305,909,-604
120000039,1,47,-46
120000040,1,21,-20
120000041,15,11,4
120000042,29,48,-19
120000043,201,76,125
120000044,55,9,46
120000045,13,0,13
120000046,119,28,91
120000047,38,36,2
120000048,885,273,612
120000049,617,322,295
120000050,27,218,-191
120000051,66,347,-281
120000052,0,0,0
120000053,303,41,262
120000054,137,89,48
120000055,187,113,74
120000056,547,250,297
120000057,294,135,159
120000058,32,116,-84
120000059,10,278,-268
120000061,0,1,-1
120000062,0,0,0
120000063,85,3,82
120000064,16,4,12
120000065,123,7,116
120000066,47,6,41
120000067,23,17,6
120000068,32,41,-9
120000069,86,23,63
120000070,0,4,-4
120000071,256,143,113
120000072,528,69,459
120000073,245,176,69
120000074,136,65,71
120000075,577,145,432
120000076,801,139,662
120000077,449,186,263
120000078,559,217,342
120000079,0,0,0
120000080,0,0,0
120000081,0,0,0
120000082,0,0,0
120000083,0,0,0
120000084,7,10,-3
120000085,11,4,7
120000086,35,2,33
120000087,3,7,-4
120000088,502,113,389
120000089,646,76,570
120000090,336,94,242
120000091,685,175,510
120000092,741,125,616
120000093,149,220,-71
120000094,72,241,-169
120000095,0,0,0
120000096,0,0,0
120000098,133,0,133
120000099,36,0,36
120000100,204,5,199
120000101,60,11,49
120000102,167,701,-534
120000103,632,766,-134
120000104,1478,136,1342
120000105,1513,68,1445
120000106,1799,65,1734
120000107,2085,22,2063
120000108,963,9,954
120000109,254,30,224
120000110,0,46,-46
120000111,0,18,-18
120000112,1,44,-43
120000113,11,23,-12
120000114,24,15,9
120000115,5,7,-2
120000116,40,30,10
120000117,0,1,-1
120000118,0,0,0
120000119,2,89,-87
120000120,0,0,0
120000121,4,95,-91
120000122,108,288,-180
120000123,363,335,28
120000124,226,182,44
120000125,9,15,-6
120000126,176,178,-2
120000127,214,108,106
120000128,223,74,149
120000129,130,88,42
120000130,565,121,444
120000131,101,79,22
120000134,0,0,0
120000135,0,0,0
120000137,0,0,0
120000138,0,0,0
120000139,0,0,0
120000140,0,0,0
120000141,0,0,0
120000142,0,0,0
120000143,0,0,0
120000144,0,0,0
120000145,0,0,0
120000146,426,492,-66
120000149,0,0,0
120000150,0,0,0
120000151,213,46,167
120000152,248,35,213
120000153,0,0,0
120000154,77,16,61
120000155,117,43,74
120000156,139,9,130
120000157,157,88,69
120000158,0,0,0
120000159,115,262,-147
120000160,624,271,353
120000161,319,190,129
120000162,29,176,-147
120000163,0,0,0
120000164,0,0,0
120000165,117,30,87
120000166,111,83,28
120000167,0,0,0
120000168,0,0,0
120000169,0,0,0
120000170,0,0,0
120000171,0,0,0
120000172,0,0,0
120000173,0,0,0
120000174,0,0,0
120000175,0,0,0
120000176,0,0,0
120000177,0,0,0
120000178,0,0,0
120000179,0,0,0
120000180,0,0,0
120000181,0,0,0
120000182,0,0,0
120000183,0,0,0
120000184,0,0,0
120000186,0,0,0
120000187,0,0,0
120000188,0,0,0
120000190,0,0,0
120000191,0,0,0
120000192,0,0,0
120000193,0,0,0
120000195,0,0,0
120000196,0,0,0
120000197,0,0,0
120000198,0,0,0
120000199,0,0,0
120000200,0,0,0
120000201,0,0,0
120000202,0,0,0
120000203,0,0,0
120000207,0,0,0
120000208,0,0,0
120000209,0,0,0
120000210,0,0,0
120000211,0,0,0
120000212,0,0,0
120000213,0,0,0
120000214,0,0,0
120000215,0,0,0
120000216,0,0,0
120000217,0,0,0
120000218,0,0,0
120000219,0,0,0
120000220,0,0,0
120000225,0,0,0
120000226,0,0,0
120000227,0,0,0
120000228,0,0,0
120000230,0,0,0
120000231,0,0,0
120000233,423,11,412
120000235,0,46,-46
120000236,855,44,811
120000237,0,0,0
120000238,0,0,0
120000241,724,535,189
120000412,0,0,0
120000413,0,0,0
120000414,0,0,0
120000415,0,0,0
120000416,0,0,0
120000417,0,0,0
120000418,0,0,0
120000419,0,0,0
120000420,41,2,39
120000421,669,338,331
120000422,0,0,0
120000423,0,0,0
120000424,0,0,0
120000436,89,66,23
120000437,0,0,0
120000438,0,0,0
120000439,392,204,188
120000443,0,0,0
120000444,532,85,447
120000445,212,347,-135
120000446,245,75,170
120000447,428,0,428
120000449,0,0,0
120000450,0,0,0
120000451,56,32,24
120000452,0,0,0
120000453,0,0,0
120000454,104,0,104
120000455,9,91,-82
120000456,13,185,-172
120000457,68,29,39
120000458,0,0,0
120000459,9,37,-28
120000665,3,110,-107
120000668,2,69,-67
120000669,43,23,20
120000670,1,39,-38
120000671,133,34,99
120000672,0,4,-4
120900001,0,0,0
120900002,0,0,0
120900003,0,0,0
120900004,0,0,0
120900005,0,0,0
120900006,0,0,0
120900007,0,0,0
120900008,0,0,0
120900009,0,0,0
120900010,0,0,0
120900011,0,0,0
120900012,0,0,0
120900013,0,0,0
120900014,0,0,0
120900015,0,0,0
120900016,0,0,0
120900017,0,0,0
120900018,0,0,0
120900019,0,0,0
120900020,0,0,0
120900021,0,0,0
120900022,0,0,0
120900023,0,0,0
120900024,0,0,0
120900025,0,0,0
120900026,0,0,0
120900027,0,0,0
120900028,0,0,0
120900029,0,0,0
120900030,0,0,0
120900031,0,0,0
120900032,0,0,0
120900033,0,0,0
120900034,0,0,0
120900035,0,0,0
120900037,0,0,0
120900038,0,0,0
120900039,0,0,0
120900040,0,0,0
120900041,0,0,0
120900042,0,0,0
120900043,0,0,0
120900044,0,0,0
120900045,0,0,0
120900046,0,0,0
120900047,0,0,0
120900048,0,0,0
120900049,0,0,0
120900050,0,0,0
120900051,0,0,0
120900052,0,0,0
120900053,0,0,0
120900054,0,0,0
120900055,0,0,0
120900056,0,0,0
120900057,0,0,0
120900058,0,0,0
120900059,0,0,0
120900060,0,0,0
120900061,0,0,0
120900062,0,0,0
120900063,0,0,0
120900064,0,0,0
120900065,0,0,0
120900066,0,0,0
120900067,0,0,0
120900068,0,0,0
120900069,0,0,0
120900071,0,0,0
120900072,0,0,0
120900073,0,0,0
120900074,0,0,0
120900076,0,0,0
120900077,0,0,0
120900078,0,0,0
120900079,0,0,0
120900080,0,0,0
120900081,0,0,0
120900082,0,0,0
120900083,0,0,0
120900084,0,0,0
120900085,0,0,0
120900086,0,0,0
120900087,0,0,0
120900088,0,0,0
120900089,0,0,0
120900090,0,0,0
120900091,0,0,0
120900092,0,0,0
120900093,0,0,0
120900094,0,0,0
120900095,0,0,0
120900096,0,0,0
120900097,0,0,0
120900098,0,0,0
120900099,0,0,0
120900100,0,0,0
120900101,0,0,0
120900102,0,0,0
120900103,0,0,0
120900104,0,0,0
120900105,0,0,0
120900106,0,0,0
120900107,0,0,0
120900108,0,0,0
120900109,0,0,0
120900110,0,0,0
120900111,0,0,0
120900112,0,0,0
120900113,0,0,0
120900114,0,0,0
120900115,62,37,25
120900116,0,0,0
120900117,0,0,0
120900118,0,0,0
120900119,0,0,0
120900120,0,0,0
120900121,0,0,0
120900122,0,0,0
120900123,0,0,0
120900124,0,0,0
120900125,0,0,0
120900126,0,0,0
120900127,0,0,0
120900128,0,0,0
120900129,0,0,0
120900130,0,0,0
120900131,0,0,0
120900132,0,0,0
120900133,0,0,0
120900134,0,0,0
120900135,0,0,0
120900136,0,0,0
120900137,0,0,0
120900138,0,0,0
120900139,0,0,0
120900140,0,0,0
120900141,0,0,0
120900142,0,0,0
120900143,0,0,0
120900144,0,0,0
120900145,0,0,0
120900146,0,0,0
120900147,0,0,0
120900148,0,0,0
120900149,0,0,0
120900150,0,0,0
120900151,0,0,0
120900152,0,0,0
120900153,0,0,0
120900154,0,0,0
120900155,0,0,0
120900156,0,0,0
120900157,0,0,0
120900158,0,0,0
120900159,0,0,0
120900160,0,0,0
120900161,0,0,0
120900162,0,0,0
120900163,0,0,0
120900164,0,0,0
120900165,0,0,0
120900166,0,0,0
120900167,0,0,0
120900169,0,0,0
120900170,0,0,0
120900171,0,0,0
120900172,0,0,0
120900173,0,0,0
120900174,0,0,0
120900175,0,0,0
120900176,0,0,0
120900177,0,0,0
120900178,0,0,0
120900179,0,0,0
120900180,0,0,0
120900181,0,0,0
120900182,0,0,0
120900183,0,0,0
120900184,0,0,0
120900185,0,0,0
120900186,0,0,0
120900187,0,0,0
120900188,0,0,0
120900189,0,0,0
120900190,0,0,0
120900191,0,0,0
120900192,0,0,0
120900194,0,0,0
120900195,0,0,0
120900196,0,0,0
120900197,0,0,0
120900198,0,0,0
120900199,0,0,0
120900200,0,0,0
120900201,0,0,0
120900202,0,0,0
120900203,0,0,0
120900204,0,0,0
120900205,0,0,0
120900206,0,0,0
121000001,0,0,0
121000002,297,233,64
121000003,0,0,0
121000004,362,171,191
121000005,5,30,-25
121000006,241,346,-105
121000007,6,26,-20
121000008,410,420,-10
121000009,43,72,-29
121000010,727,331,396
121000011,393,183,210
121000012,1814,733,1081
121000013,339,315,24
121000014,2335,886,1449
121000015,453,1034,-581
121000016,964,900,64
121000017,66,274,-208
121000018,167,333,-166
121000019,305,371,-66
121000020,778,1118,-340
121000021,24,37,-13
121000022,121,480,-359
121000023,44,33,11
121000024,861,849,12
121000025,36,84,-48
121000026,54,91,-37
121000027,111,185,-74
121000028,6,122,-116
121000029,145,38,107
121000030,0,0,0
121000031,36,14,22
121000032,0,0,0
121000034,6,31,-25
121000035,0,0,0
121000036,10,32,-22
121000037,42,34,8
121000038,98,241,-143
121000039,0,0,0
121000041,0,0,0
121000042,6,95,-89
121000043,87,12,75
121000044,9,58,-49
121000045,7,19,-12
121000046,0,0,0
121000047,0,0,0
121000049,81,59,22
121000050,20,289,-269
121000051,16,18,-2
121000052,38,72,-34
121000053,55,23,32
121000054,0,0,0
121000055,0,1,-1
121000056,263,301,-38
121000057,0,0,0
121000058,0,0,0
121000059,5,30,-25
121000060,59,19,40
121000061,0,12,-12
121000062,0,48,-48
121000063,10,18,-8
121000064,8,15,-7
121000065,3,24,-21
121000066,0,0,0
121000067,0,0,0
121000068,6,7,-1
121000069,0,9,-9
121000070,54,111,-57
121000071,32,132,-100
121000072,12,39,-27
121000073,43,126,-83
121000074,0,0,0
121000075,0,0,0
121000076,1,2,-1
121000077,4,4,0
121000078,0,0,0
121000080,108,34,74
121000081,253,199,54
121000082,28,36,-8
121000083,7,25,-18
121000084,0,0,0
121000085,112,33,79
121000086,0,61,-61
121000087,4,83,-79
121000088,0,0,0
121000089,2,169,-167
121000090,0,0,0
121000091,375,70,305
121000092,20,36,-16
121000093,4,43,-39
121000094,26,29,-3
121000095,0,1,-1
121000096,0,0,0
121000097,0,0,0
121000098,26,29,-3
121000099,15,9,6
121000100,0,0,0
121000101,8,25,-17
121000102,0,0,0
121000103,2,10,-8
121000104,0,0,0
121000105,0,0,0
121000106,15,5,10
121000107,281,285,-4
121000109,57,229,-172
121000110,0,0,0
121000114,330,374,-44
121000115,0,0,0
121000116,0,0,0
121000117,6,0,6
121000118,1,0,1
121000119,0,0,0
121000120,3,82,-79
121000121,1,2,-1
121000123,1,0,1
121000126,0,0,0
121000127,0,0,0
121000128,0,0,0
121000129,0,0,0
121000130,11,11,0
121000131,0,0,0
121000132,25,88,-63
121000135,0,0,0
121000136,7,67,-60
121000137,0,0,0
121000138,7,21,-14
121000139,0,0,0
121000141,0,0,0
121000142,0,0,0
121000143,0,0,0
121000144,0,0,0
121000145,1,3,-2
121000146,62,23,39
121000147,55,43,12
121000148,1,0,1
121000149,173,368,-195
121000152,25,12,13
121000153,146,25,121
121000154,120,23,97
121000155,69,57,12
121000156,79,25,54
121000157,58,19,39
121000158,48,35,13
121000159,1,21,-20
121000160,6,2,4
121000161,0,0,0
121000162,0,0,0
121000165,116,671,-555
121000166,0,18,-18
121000168,10,74,-64
121000169,0,8,-8
121000170,95,28,67
121000171,21,73,-52
121000172,22,54,-32
121000173,2,11,-9
121000174,10,25,-15
121000175,16,11,5
121000176,7,17,-10
121000177,2,22,-20
121000178,0,0,0
121000179,16,30,-14
121000181,47,108,-61
121000182,55,92,-37
121000183,7,30,-23
121000184,7,23,-16
121000185,0,33,-33
121000186,0,18,-18
121000187,0,0,0
121000188,0,0,0
121000192,6,7,-1
121000193,0,0,0
121000194,35,137,-102
121000195,0,0,0
121000196,0,0,0
121000197,3,9,-6
121000198,0,0,0
121000199,1,4,-3
121000200,0,0,0
121000201,0,0,0
121000202,0,0,0
121000203,0,0,0
121000204,0,0,0
121000205,13,10,3
121000206,0,0,0
121000207,0,0,0
121000208,0,0,0
121000209,45,3,42
121000210,0,0,0
121000211,0,1,-1
121000212,0,0,0
121000213,32,133,-101
121000214,7,88,-81
121000215,54,76,-22
121000216,76,55,21
121000217,520,209,311
121000218,3,47,-44
121000219,101,126,-25
121000220,0,0,0
121000221,3,108,-105
121000222,5,67,-62
121000223,0,0,0
121000224,0,0,0
121000225,1,54,-53
121000226,52,199,-147
121000227,0,0,0
121000228,0,0,0
121000229,0,0,0
121000230,0,0,0
121000231,154,0,154
121000232,0,0,0
121000233,249,28,221
121000234,0,1,-1
121000235,0,8,-8
121000236,0,0,0
121000237,13,0,13
121000238,0,0,0
121000239,10,0,10
121000240,1,15,-14
121000241,39,0,39
121000242,0,2,-2
121000243,64,0,64
121000244,0,0,0
121000245,2,0,2
121000246,0,1,-1
121000247,22,0,22
121000248,16,2,14
121000249,0,0,0
121000250,54,129,-75
121000251,0,0,0
121000252,0,29,-29
121000253,0,0,0
121000254,123,20,103
121000255,0,0,0
121000256,14,44,-30
121000257,0,0,0
121000258,40,50,-10
121000259,0,0,0
121000260,0,0,0
121000261,22,30,-8
121000262,0,0,0
121000263,6,52,-46
121000271,0,2,-2
121000273,0,0,0
121000274,3,40,-37
121000275,0,0,0
121000276,0,26,-26
121000278,15,2,13
121000279,0,0,0
121000280,1,5,-4
121000289,27,7,20
121000290,92,50,42
121000294,0,0,0
121000297,80,57,23
121000299,0,0,0
121000300,0,0,0
121000302,0,61,-61
121000303,14,6,8
121000304,176,169,7
121000305,9,47,-38
121000306,26,66,-40
121000308,0,0,0
121000309,0,0,0
121000310,0,0,0
121000311,0,0,0
121000312,31,29,2
121000313,0,0,0
121000314,0,0,0
121000315,0,0,0
121000530,269,199,70
121000531,560,283,277
121000532,1550,480,1070
121000533,4153,1662,2491
121000918,0,0,0
121000919,0,0,0
121000938,0,0,0
121000939,20,37,-17
121000956,0,0,0
121000957,0,0,0
121000958,1,5,-4
121000959,23,7,16
121000960,63,39,24
121000961,137,0,137
121000962,1,24,-23
121000973,0,0,0
121000976,0,0,0
121000979,0,0,0
121000981,49,0,49
121000982,0,0,0
121000983,3,1,2
121000984,0,0,0
121000985,0,0,0
121000986,0,0,0
121000987,0,0,0
121000988,223,10,213
121001302,0,0,0
121001308,0,0,0
121001309,0,0,0
121001313,0,0,0
121001314,0,0,0
121001315,1434,135,1299
121900001,2,76,-74
121900002,0,0,0
121900003,0,0,0
121900004,0,0,0
121900005,0,0,0
121900006,0,0,0
121900007,5,0,5
121900008,0,0,0
121900009,0,0,0
121900010,0,0,0
121900011,0,0,0
121900012,0,0,0
121900013,0,0,0
121900014,0,0,0
121900015,0,0,0
121900016,0,0,0
121900017,0,0,0
121900018,0,0,0
121900019,0,0,0
121900020,0,0,0
121900021,0,0,0
121900022,0,0,0
121900023,0,0,0
121900024,0,0,0
121900025,0,0,0
121900026,0,0,0
121900027,0,0,0
121900028,0,0,0
121900029,0,0,0
121900030,0,0,0
121900031,0,0,0
121900032,0,0,0
121900033,0,0,0
121900034,0,0,0
121900035,0,0,0
121900036,0,0,0
121900037,0,0,0
121900038,0,0,0
121900039,0,0,0
121900040,0,0,0
121900041,0,0,0
121900042,0,0,0
121900043,0,0,0
121900044,0,0,0
121900045,0,0,0
121900046,0,0,0
121900047,0,0,0
121900048,0,0,0
121900050,0,0,0
121900051,0,0,0
121900052,0,0,0
121900053,0,0,0
121900054,0,0,0
121900055,0,0,0
121900058,0,0,0
121900059,0,0,0
121900060,0,0,0
121900061,0,0,0
121900062,0,0,0
121900063,0,0,0
121900064,0,0,0
121900066,0,0,0
121900067,0,0,0
121900069,0,0,0
121900070,0,0,0
121900071,0,0,0
121900072,0,0,0
121900073,0,0,0
121900074,0,0,0
121900075,0,0,0
121900076,0,0,0
121900077,0,0,0
121900078,0,0,0
121900079,0,0,0
121900080,0,0,0
121900082,0,0,0
121900083,0,0,0
121900084,0,0,0
121900085,0,0,0
121900086,0,0,0
121900087,0,0,0
121900088,0,0,0
121900089,0,0,0
121900090,0,0,0
121900091,0,0,0
121900092,0,0,0
121900093,0,0,0
121900094,0,0,0
121900095,0,0,0
121900096,0,0,0
121900097,0,0,0
121900098,0,0,0
121900099,0,0,0
121900100,0,0,0
121900101,0,0,0
121900102,0,0,0
121900103,0,0,0
121900104,0,0,0
121900105,0,0,0
121900106,0,0,0
121900107,0,0,0
121900108,0,0,0
121900109,0,0,0
121900110,0,0,0
121900111,0,0,0
121900112,0,0,0
121900113,0,0,0
121900114,0,0,0
121900115,0,0,0
121900117,0,0,0
121900118,0,0,0
121900119,0,0,0
121900120,0,0,0
121900121,0,0,0
121900122,0,0,0
121900123,0,0,0
121900124,0,0,0
121900125,0,0,0
121900127,0,0,0
121900128,0,0,0
121900129,0,0,0
121900130,0,0,0
121900131,0,0,0
121900132,0,0,0
121900133,0,0,0
121900134,0,0,0
121900135,0,0,0
121900136,0,0,0
121900137,0,0,0
121900138,0,0,0
121900139,0,0,0
121900140,0,0,0
121900141,0,0,0
121900142,0,0,0
121900143,0,0,0
121900144,0,0,0
121900145,0,0,0
121900146,0,0,0
121900147,0,0,0
121900148,0,0,0
121900149,0,0,0
121900150,0,0,0
121900151,0,0,0
121900152,0,0,0
121900153,0,0,0
121900154,0,0,0
121900155,0,0,0
121900156,0,0,0
121900157,0,0,0
121900158,0,0,0
121900159,0,0,0
121900160,0,0,0
121900161,0,0,0
121900162,0,0,0
121900163,0,0,0
121900164,0,0,0
121900165,0,0,0
121900166,0,0,0
121900167,0,0,0
121900168,0,0,0
121900169,0,0,0
121900170,0,0,0
121900171,0,0,0
121900172,0,0,0
121900173,0,0,0
121900174,0,0,0
121900175,0,0,0
121900176,0,0,0
121900177,0,0,0
121900178,0,0,0
121900179,0,0,0
121900180,0,0,0
121900182,0,0,0
121900183,0,0,0
121900184,0,0,0
121900185,0,0,0
121900186,0,0,0
121900187,0,0,0
121900188,0,0,0
121900189,0,0,0
121900190,0,0,0
121900191,0,0,0
121900192,0,0,0
121900193,0,0,0
121900194,0,0,0
121900195,0,0,0
121900196,0,0,0
121900197,0,0,0
121900198,0,0,0
121900199,0,0,0
121900200,0,0,0
121900201,0,0,0
121900202,0,0,0
121900203,0,0,0
121900204,0,0,0
121900205,0,0,0
121900206,0,0,0
121900207,0,0,0
121900208,0,0,0
121900209,0,0,0
121900210,0,0,0
121900211,0,0,0
121900212,0,0,0
121900213,0,0,0
121900214,0,0,0
121900215,0,0,0
121900216,0,0,0
121900217,0,0,0
121900218,0,0,0
121900219,0,0,0
121900220,0,0,0
121900221,0,0,0
121900222,0,0,0
121900223,0,0,0
121900224,0,0,0
121900225,0,0,0
121900226,0,0,0
121900227,0,0,0
121900228,0,0,0
121900229,0,0,0
121900230,0,0,0
121900231,0,0,0
121900232,0,0,0
121900233,0,0,0
121900234,0,0,0
121900235,0,0,0
121900236,0,0,0
121900237,0,0,0
121900238,0,0,0
121900239,0,0,0
121900240,0,0,0
121900241,0,0,0
121900242,0,0,0
121900243,0,0,0
121900244,0,0,0
121900245,0,0,0
121900246,0,0,0
121900247,0,0,0
121900248,0,0,0
121900250,0,0,0
121900251,0,0,0
121900252,0,0,0
121900253,0,0,0
121900254,0,0,0
121900255,0,0,0
121900258,0,0,0
121900259,0,0,0
121900260,0,0,0
121900261,0,0,0
121900262,0,0,0
121900263,0,0,0
121900264,0,0,0
121900265,0,0,0
121900266,0,0,0
121900267,0,0,0
121900269,0,0,0
121900270,0,0,0
121900271,0,0,0
121900273,0,0,0
121900274,0,0,0
121900276,0,0,0
121900277,0,0,0
121900278,0,0,0
121900279,0,0,0
121900280,0,0,0
121900281,0,0,0
121900284,0,0,0
121900286,0,0,0
121900287,0,0,0
121900290,0,0,0
121900291,0,0,0
121900292,0,0,0
121900293,0,0,0
121900294,0,0,0
121900295,0,0,0
121900296,0,0,0
121900298,0,0,0
121900299,0,0,0
121900300,0,0,0
121900301,0,0,0
121900302,0,0,0
121900303,0,0,0
121900304,0,0,0
121900305,0,0,0
121900306,0,0,0
121900307,0,0,0
121900308,0,0,0
121900309,0,0,0
121900310,0,0,0
121900311,0,0,0
121900312,0,0,0
121900313,0,0,0
121900314,0,0,0
121900315,0,0,0
121900316,0,0,0
121900317,0,0,0
121900318,0,0,0
121900319,0,0,0
121900320,0,0,0
121900321,0,0,0
121900322,0,0,0
121900323,0,0,0
121900324,0,0,0
121900325,0,0,0
121900326,0,0,0
121900327,0,0,0
121900328,0,0,0
121900329,0,0,0
121900330,0,0,0
121900331,0,0,0
121900332,0,0,0
122000001,125,114,11
122000002,73,56,17
122000003,53,138,-85
122000004,96,211,-115
122000005,635,904,-269
122000006,70,315,-245
122000007,87,320,-233
122000008,116,266,-150
122000009,40,20,20
122000010,892,485,407
122000011,244,205,39
122000012,183,149,34
122000013,28,72,-44
122000014,3,80,-77
122000015,42,72,-30
122000016,3,68,-65
122000017,0,0,0
122000018,0,0,0
122000019,4,85,-81
122000020,0,0,0
122000021,0,0,0
122000022,83,8,75
122000023,12,9,3
122000024,188,178,10
122000025,88,160,-72
122000026,482,301,181
122000027,2,1,1
122000028,68,61,7
122000029,70,31,39
122000030,0,0,0
122000031,0,1,-1
122000032,66,77,-11
122000033,123,242,-119
122000034,0,0,0
122000035,0,0,0
122000036,0,0,0
122000037,1,2,-1
122000038,4,0,4
122000039,0,0,0
122000040,0,0,0
122000041,0,0,0
122000042,0,0,0
122000043,0,2,-2
122000044,0,1,-1
122000045,138,74,64
122000046,100,63,37
122000047,0,0,0
122000048,308,673,-365
122000049,451,217,234
122000050,52,37,15
122000051,3,5,-2
122000052,0,14,-14
122000053,8,468,-460
122000054,67,134,-67
122000055,433,642,-209
122000056,149,145,4
122000057,75,241,-166
122000058,92,70,22
122000059,123,64,59
122000060,0,0,0
122000061,0,0,0
122000062,52,6,46
122000063,1,2,-1
122000064,70,76,-6
122000065,221,291,-70
122000066,85,115,-30
122000067,148,518,-370
122000068,58,245,-187
122000069,33,35,-2
122000070,377,71,306
122000071,49,84,-35
122000072,0,0,0
122000073,0,0,0
122000074,54,112,-58
122000075,58,87,-29
122000076,93,102,-9
122000077,0,0,0
122000078,409,238,171
122000079,3,27,-24
122000080,0,0,0
122000081,0,0,0
122000082,124,119,5
122000083,0,0,0
122000084,0,0,0
122000085,2,14,-12
122000086,12,373,-361
122000087,54,57,-3
122000088,0,0,0
122000089,133,270,-137
122000090,0,0,0
122000091,0,0,0
122000092,0,0,0
122000093,144,616,-472
122000094,432,424,8
122000095,20,59,-39
122000096,26,258,-232
122000098,301,418,-117
122000099,3,23,-20
122000100,12,1,11
122000101,0,0,0
122000102,0,0,0
122000103,0,0,0
122000104,2,7,-5
122000105,2,5,-3
122000106,1,0,1
122000107,15,34,-19
122000108,0,0,0
122000109,3,3,0
122000110,0,0,0
122000111,262,53,209
122000112,68,71,-3
122000113,84,6,78
122000114,396,523,-127
122000115,403,367,36
122000116,6,104,-98
122000117,100,5,95
122000118,25,4,21
122000119,0,0,0
122000120,0,0,0
122000121,63,10,53
122000122,2,13,-11
122000123,93,112,-19
122000124,19,64,-45
122000125,12,75,-63
122000126,3,51,-48
122000127,15,50,-35
122000128,2,1,1
122000129,55,5,50
122000130,160,143,17
122000131,21,48,-27
122000132,0,0,0
122000133,0,0,0
122000134,56,61,-5
122000135,12,8,4
122000136,38,59,-21
122000137,50,45,5
122000139,14,141,-127
122000140,0,0,0
122000141,4,5,-1
122000142,0,0,0
122000143,0,0,0
122000144,27,7,20
122000145,2,0,2
122000146,52,59,-7
122000147,25,55,-30
122000148,191,162,29
122000149,141,35,106
122000150,103,47,56
122000151,0,0,0
122000152,0,0,0
122000153,44,43,1
122000154,90,16,74
122000155,171,78,93
122000156,417,367,50
122000157,188,228,-40
122000158,0,0,0
122000159,59,29,30
122000160,124,56,68
122000161,60,19,41
122000162,200,67,133
122000163,0,0,0
122000164,0,0,0
122000165,2,21,-19
122000166,67,78,-11
122000167,0,0,0
122000168,0,0,0
122000169,0,0,0
122000170,0,0,0
122000171,0,0,0
122000172,0,0,0
122000173,0,0,0
122000174,364,336,28
122000175,0,0,0
122000176,0,0,0
122000177,456,415,41
122000178,515,107,408
122000179,0,7,-7
122000180,174,410,-236
122000181,622,492,130
122000182,76,42,34
122000183,19,6,13
122000184,480,452,28
122000185,120,158,-38
122000186,0,0,0
122000187,108,75,33
122000188,0,0,0
122000189,33,20,13
122000190,267,52,215
122000191,30,2,28
122000192,0,0,0
122000193,0,0,0
122000194,0,0,0
122000195,0,0,0
122000196,0,0,0
122000197,8,5,3
122000198,0,0,0
122000199,26,86,-60
122000200,36,37,-1
122000201,183,420,-237
122000202,127,288,-161
122000203,0,0,0
122000204,0,0,0
122000205,0,0,0
122000206,127,32,95
122000207,61,48,13
122000208,79,19,60
122000209,196,68,128
122000210,15,1,14
122000211,1,7,-6
122000212,66,91,-25
122000213,47,224,-177
122000214,210,254,-44
122000215,60,105,-45
122000217,30,11,19
122000218,144,20,124
122000219,40,30,10
122000220,1,18,-17
122000221,0,0,0
122000222,1,0,1
122000223,64,57,7
122000225,83,8,75
122000226,0,2,-2
122000227,0,15,-15
122000228,0,13,-13
122000229,0,0,0
122000230,0,13,-13
122000231,0,31,-31
122000232,1,14,-13
122000233,0,0,0
122000234,45,9,36
122000235,59,1,58
122000236,22,1,21
122000237,0,0,0
122000238,1,10,-9
122000239,65,3,62
122000240,81,7,74
122000241,11,53,-42
122000242,0,0,0
122000243,0,0,0
122000244,0,0,0
122000245,0,0,0
122000246,65,87,-22
122000247,5,1,4
122000248,2,8,-6
122000249,88,46,42
122000250,114,51,63
122000251,0,0,0
122000252,12,1,11
122000253,0,0,0
122000254,2,1,1
122000255,0,0,0
122000256,23,25,-2
122000257,7,12,-5
122000258,57,46,11
122000259,0,0,0
122000260,0,0,0
122000261,0,5,-5
122000262,0,0,0
122000263,0,0,0
122000264,192,35,157
122000265,132,12,120
122000266,226,4,222
122000267,0,0,0
122000268,0,0,0
122000269,0,0,0
122000270,0,0,0
122000271,0,0,0
122000272,0,0,0
122000273,0,0,0
122000274,0,0,0
122000275,0,0,0
122000276,60,76,-16
122000277,151,155,-4
122000278,129,43,86
122000279,20,4,16
122000280,2,7,-5
122000281,1,23,-22
122000282,4,9,-5
122000283,0,0,0
122000284,0,0,0
122000285,0,0,0
122000286,0,0,0
122000287,484,50,434
122000288,26,8,18
122000291,1139,62,1077
122000293,0,0,0
122000294,91,29,62
122000295,131,1,130
122000296,21,182,-161
122000297,802,267,535
122000299,135,36,99
122000300,1,13,-12
122000301,55,37,18
122000302,0,2,-2
122000303,33,71,-38
122000304,0,0,0
122000305,402,29,373
122000306,0,28,-28
122000307,0,0,0
122000309,0,0,0
122000310,0,0,0
122000311,0,0,0
122000312,5,52,-47
122000313,16,39,-23
122000314,88,55,33
122000315,0,0,0
122000316,50,5,45
122000317,28,11,17
122000318,62,64,-2
122000319,8,2,6
122000320,0,0,0
122000321,0,1,-1
122000322,197,87,110
122000323,62,63,-1
122000324,11,51,-40
122000325,63,191,-128
122000326,22,0,22
122000327,1,16,-15
122000328,0,0,0
122000330,85,128,-43
122000332,0,0,0
122000333,0,0,0
122000337,10,34,-24
122000338,11,8,3
122000340,0,1,-1
122000342,6,21,-15
122000343,0,9,-9
122000344,19,0,19
122000345,1,1,0
122000346,0,0,0
122000348,25,15,10
122000349,0,0,0
122000351,7,0,7
122000352,0,0,0
122000353,0,0,0
122000355,0,0,0
122000356,20,15,5
122000357,0,0,0
122000358,0,0,0
122000359,0,0,0
122000360,0,0,0
122000362,0,0,0
122000364,0,0,0
122000365,0,0,0
122000366,0,0,0
122000368,0,0,0
122000370,0,0,0
122000371,0,0,0
122000372,0,0,0
122000381,0,0,0
122000382,0,0,0
122000384,0,2,-2
122000385,0,0,0
122000386,5,128,-123
122000387,0,0,0
122000388,14,61,-47
122000389,0,0,0
122000390,19,99,-80
122000391,0,0,0
122000392,0,0,0
122000393,0,0,0
122000394,0,0,0
122000395,0,0,0
122000396,0,0,0
122000397,0,0,0
122000398,21,55,-34
122000399,0,0,0
122000400,5,50,-45
122000401,0,0,0
122000402,8,37,-29
122000403,0,0,0
122000404,129,39,90
122000408,186,189,-3
122000503,0,0,0
122000524,0,0,0
122000544,0,0,0
122000616,0,0,0
122000640,0,0,0
122000641,0,0,0
122000642,0,0,0
122000643,2,11,-9
122000644,0,0,0
122000645,0,0,0
122000651,12,38,-26
122000664,5,8,-3
122000665,0,0,0
122000666,109,35,74
122000673,0,0,0
122000674,37,32,5
122000675,55,35,20
122000686,70,25,45
122000687,39,21,18
122000688,118,49,69
122000689,86,55,31
122000690,275,1,274
122000691,312,41,271
122000692,42,1,41
122000693,14,32,-18
122000695,0,0,0
122000696,82,23,59
122000698,0,0,0
122000699,0,29,-29
122000701,105,18,87
122000702,57,56,1
122000703,22,3,19
122000717,0,0,0
122000718,68,160,-92
122000719,0,0,0
122000720,80,23,57
122900001,0,0,0
122900002,0,0,0
122900003,0,0,0
122900004,0,0,0
122900005,0,0,0
122900006,0,0,0
122900007,0,0,0
122900008,0,0,0
122900009,0,0,0
122900010,0,0,0
122900012,0,0,0
122900014,0,0,0
122900015,0,0,0
122900016,0,0,0
122900017,0,0,0
122900018,0,0,0
122900019,0,0,0
122900020,0,0,0
122900021,0,0,0
122900022,0,0,0
122900023,0,0,0
122900024,0,0,0
122900025,0,0,0
122900026,0,0,0
122900027,0,0,0
122900028,0,0,0
122900029,0,0,0
122900030,0,0,0
122900031,0,0,0
122900032,0,0,0
122900033,0,0,0
122900034,0,0,0
122900035,0,0,0
122900036,0,0,0
122900037,0,0,0
122900038,0,0,0
122900039,0,0,0
122900040,0,0,0
122900041,0,0,0
122900042,0,0,0
122900043,0,0,0
122900044,0,0,0
122900045,0,0,0
122900046,0,0,0
122900047,0,0,0
122900048,0,0,0
122900049,0,0,0
122900051,0,0,0
122900052,0,0,0
122900053,0,8,-8
122900055,0,0,0
122900057,0,0,0
122900061,0,0,0
122900062,0,0,0
122900063,0,0,0
122900064,0,0,0
122900065,0,0,0
122900066,0,0,0
122900067,0,0,0
122900068,0,0,0
122900069,0,0,0
122900070,0,0,0
122900071,0,0,0
122900072,0,0,0
122900073,0,0,0
122900074,0,0,0
122900075,0,0,0
122900076,0,0,0
122900077,0,0,0
122900078,0,0,0
122900080,0,0,0
122900081,0,0,0
122900082,0,0,0
122900083,0,0,0
122900084,0,0,0
122900086,0,0,0
122900087,0,0,0
122900088,0,0,0
122900089,0,0,0
122900090,0,0,0
122900091,0,0,0
122900092,0,0,0
122900093,0,0,0
122900094,0,0,0
122900095,0,0,0
122900096,0,0,0
122900097,0,0,0
122900098,0,0,0
122900099,0,0,0
122900100,0,0,0
122900101,0,0,0
123000001,100,12,88
123000002,238,1211,-973
123000003,1017,402,615
123000004,207,479,-272
123000005,897,325,572
123000006,141,467,-326
123000007,643,414,229
123000008,27,98,-71
123000009,2251,1811,440
123000010,30,245,-215
123000011,771,695,76
123000012,3,212,-209
123000013,1158,318,840
123000014,6,191,-185
123000015,1209,380,829
123000016,27,169,-142
123000017,966,314,652
123000018,63,2,61
123000019,77,3,74
123000020,63,12,51
123000021,78,22,56
123000022,257,45,212
123000023,180,91,89
123000024,113,66,47
123000025,3,22,-19
123000026,0,0,0
123000027,0,0,0
123000028,30,126,-96
123000029,0,0,0
123000030,0,0,0
123000031,29,4,25
123000032,26,6,20
123000033,5,21,-16
123000034,346,45,301
123000035,93,58,35
123000036,27,332,-305
123000037,0,0,0
123000038,0,0,0
123000039,0,0,0
123000040,0,0,0
123000041,30,555,-525
123000042,0,0,0
123000043,176,251,-75
123000044,16,32,-16
123000045,0,0,0
123000046,0,0,0
123000047,0,0,0
123000048,5,69,-64
123000049,3265,1103,2162
123000050,198,156,42
123000051,0,0,0
123000052,145,442,-297
123000053,898,354,544
123000054,146,423,-277
123000055,701,797,-96
123000056,5,59,-54
123000057,53,98,-45
123000058,0,0,0
123000059,18,2,16
123000060,0,0,0
123000061,0,5,-5
123000063,30,22,8
123000064,2,0,2
123000065,13,57,-44
123000066,1,25,-24
123000067,2,13,-11
123000068,56,117,-61
123000069,115,93,22
123000070,12,2,10
123000071,107,14,93
123000072,0,0,0
123000073,228,32,196
123000074,0,0,0
123000075,76,157,-81
123000076,0,0,0
123000077,49,1,48
123000078,311,78,233
123000079,463,127,336
123000080,28,0,28
123000081,0,0,0
123000082,0,0,0
123000083,5,0,5
123000084,0,0,0
123000085,0,0,0
123000086,0,0,0
123000087,0,0,0
123000088,10,1,9
123000089,258,120,138
123000090,0,0,0
123000091,188,62,126
123000092,0,0,0
123000094,5,1,4
123000095,41,23,18
123000096,144,29,115
123000097,0,0,0
123000098,13,9,4
123000099,0,0,0
123000100,0,0,0
123000101,59,19,40
123000102,102,53,49
123000104,0,0,0
123000105,0,0,0
123000106,0,0,0
123000107,0,0,0
123000108,0,0,0
123000111,15,7,8
123000112,14,19,-5
123000113,0,0,0
123000114,5,12,-7
123000115,9,13,-4
123000116,0,0,0
123000117,1,19,-18
123000118,16,16,0
123000119,3,11,-8
123000120,8,19,-11
123000121,0,0,0
123000122,0,0,0
123000123,0,0,0
123000124,0,0,0
123000125,108,51,57
123000126,171,217,-46
123000127,0,0,0
123000128,0,0,0
123000129,205,14,191
123000130,120,8,112
123000131,106,15,91
123000132,0,0,0
123000133,0,0,0
123000134,0,0,0
123000135,56,26,30
123000136,0,0,0
123000137,0,0,0
123000138,0,0,0
123000139,111,5,106
123000140,0,0,0
123000141,80,7,73
123000142,0,0,0
123000143,0,0,0
123000144,0,0,0
123000145,0,0,0
123000146,0,0,0
123000147,0,0,0
123000149,15,45,-30
123000150,29,14,15
123000151,68,59,9
123000152,0,0,0
123000153,2,14,-12
123000154,70,72,-2
123000155,19,36,-17
123000156,0,0,0
123000157,12,9,3
123000158,53,52,1
123000159,201,183,18
123000160,68,100,-32
123000161,106,30,76
123000162,320,111,209
123000163,40,24,16
123000164,284,10,274
123000165,0,0,0
123000166,0,0,0
123000167,9,6,3
123000168,121,0,121
123000169,144,21,123
123000170,1,0,1
123000171,281,0,281
123000172,0,0,0
123000173,46,52,-6
123000174,145,11,134
123000175,0,0,0
123000176,70,13,57
123000177,0,0,0
123000178,170,13,157
123000179,0,0,0
123000180,448,17,431
123000181,0,0,0
123000182,0,0,0
123000183,56,21,35
123000184,0,0,0
123000185,214,11,203
123000186,0,0,0
123000187,457,2,455
123000188,238,1,237
123000189,250,2,248
123000190,45,0,45
123000192,0,0,0
123000193,0,0,0
123000194,0,0,0
123000195,199,6,193
123000196,209,1,208
123000197,69,0,69
123000198,0,0,0
123000199,0,0,0
123000200,252,19,233
123000201,408,25,383
123000202,0,0,0
123000203,482,5,477
123000204,0,0,0
123000205,0,0,0
123000206,523,44,479
123000207,0,0,0
123000208,139,13,126
123000209,217,18,199
123000210,0,0,0
123000211,0,0,0
123000212,604,21,583
123000213,251,2,249
123000215,67,178,-111
123000216,8,129,-121
123000217,67,5,62
123000218,0,0,0
123000219,47,19,28
123000220,163,1,162
123000221,4,6,-2
123000222,9,11,-2
123000223,61,16,45
123000224,12,45,-33
123000225,32,1,31
123000226,90,1,89
123000227,6,1,5
123000228,95,0,95
123000229,0,0,0
123000232,0,0,0
123000233,206,4,202
123000234,0,0,0
123000235,173,34,139
123000236,0,3,-3
123000237,53,15,38
123000238,0,0,0
123000239,0,0,0
123000240,0,0,0
123000241,15,15,0
123000242,0,0,0
123000243,8,68,-60
123000244,4,51,-47
123000245,0,0,0
123000249,0,0,0
123000252,229,110,119
123000253,399,188,211
123000254,4,7,-3
123000255,92,144,-52
123000256,0,0,0
123000257,0,0,0
123000258,0,0,0
123000259,1,3,-2
123000260,1,12,-11
123000261,0,0,0
123000262,0,0,0
123000263,54,7,47
123000264,2,2,0
123000265,0,0,0
123000266,29,12,17
123000267,34,238,-204
123000268,0,0,0
123000269,0,25,-25
123000270,18,3,15
123000271,0,0,0
123000272,281,114,167
123000273,65,396,-331
123000274,234,99,135
123000275,0,0,0
123000278,2,76,-74
123000279,0,18,-18
123000280,5,14,-9
123000281,54,3,51
123000282,0,0,0
123000283,1,1,0
123000284,0,0,0
123000286,0,1,-1
123000287,28,60,-32
123000288,247,138,109
123000289,63,69,-6
123000291,0,0,0
123000294,0,0,0
123000295,258,204,54
123000296,106,186,-80
123000297,0,0,0
123000298,19,8,11
123000299,1,124,-123
123000300,34,39,-5
123000301,0,0,0
123000302,158,15,143
123000303,1,66,-65
123000305,0,0,0
123000306,0,0,0
123000309,0,0,0
123000310,1,0,1
123000311,0,0,0
123000312,0,0,0
123000313,141,20,121
123000315,91,1,90
123000316,512,8,504
123000317,0,0,0
123000318,0,0,0
123000329,0,0,0
123000337,130,0,130
123000338,137,3,134
123000339,0,0,0
123000340,4,59,-55
123000342,0,0,0
123000343,2,0,2
123000344,31,6,25
123000345,1,2,-1
123000346,148,11,137
123000352,0,0,0
123000353,0,0,0
123000354,486,0,486
123000355,0,0,0
123000356,95,0,95
123000357,0,0,0
123000359,0,0,0
123000360,67,42,25
123000361,0,0,0
123000362,135,3,132
123000363,34,0,34
123000364,22,26,-4
123000365,0,0,0
123000366,11,86,-75
123000367,0,23,-23
123000370,0,0,0
123000371,60,4,56
123000372,115,2,113
123000373,0,0,0
123000374,0,0,0
123000375,111,3,108
123000376,83,66,17
123000377,252,3,249
123000378,0,0,0
123000379,0,0,0
123000380,0,0,0
123000381,0,24,-24
123000382,84,3,81
123000383,0,0,0
123000384,15,2,13
123000385,0,0,0
123000436,0,0,0
123000507,0,21,-21
123000508,101,634,-533
123000517,0,0,0
123000518,0,0,0
123000519,0,0,0
123000520,0,0,0
123000521,0,0,0
123000522,0,0,0
123000541,1,5,-4
123000542,0,0,0
123000565,40,1,39
123000566,14,0,14
123000567,64,0,64
123000573,0,0,0
123000574,80,6,74
123000575,226,3,223
123000576,135,3,132
123000577,0,0,0
123000578,30,50,-20
123000579,754,232,522
123000580,1,1,0
123000582,71,1,70
123000583,0,0,0
123000584,63,51,12
123000585,0,0,0
123000586,24,1,23
123000596,0,0,0
123000597,3,3,0
123000602,38,6,32
123000603,189,4,185
123000604,11,1,10
123000605,664,392,272
123000606,0,0,0
123000609,0,0,0
123000610,75,67,8
123000613,0,0,0
123000614,83,9,74
123000615,0,0,0
123000616,107,5,102
123000617,0,0,0
123000618,0,0,0
123000619,20,5,15
123000620,0,0,0
123000622,88,18,70
123000624,89,12,77
123000630,427,35,392
123000631,23,16,7
123000632,0,0,0
123000633,1,268,-267
123000634,5,1,4
123000635,0,0,0
123000636,0,0,0
123000637,5,2,3
123000638,8,3,5
123000639,407,367,40
123000640,0,0,0
123900001,0,0,0
123900002,0,0,0
123900003,0,0,0
123900005,0,0,0
123900006,0,0,0
124000001,588,157,431
124000002,0,137,-137
124000003,305,43,262
124000004,0,17,-17
124000005,133,48,85
124000006,2,23,-21
124000007,58,21,37
124000008,0,0,0
124000009,174,25,149
124000010,0,0,0
124000011,247,68,179
124000012,0,0,0
124000017,115,63,52
124000018,0,0,0
124000019,217,27,190
124000020,0,0,0
124000021,246,12,234
124000022,0,0,0
124000023,433,55,378
124000024,0,0,0
124000025,422,48,374
124000026,0,0,0
124000027,1411,308,1103
124000028,77,562,-485
124000030,0,0,0
124000031,438,143,295
124000032,0,29,-29
124000033,60,9,51
124000034,0,19,-19
124000035,2,5,-3
124000036,0,10,-10
124000037,33,78,-45
124000038,1,7,-6
124000039,46,5,41
124000040,72,101,-29
124000041,110,2,108
124000042,3,12,-9
124000043,17,1,16
124000044,3,9,-6
124000045,97,12,85
124000046,0,0,0
124000047,284,25,259
124000048,0,0,0
124000049,354,9,345
124000050,0,0,0
124000051,257,12,245
124000052,0,0,0
124000053,84,62,22
124000054,0,0,0
124000055,388,65,323
124000056,0,0,0
124000057,188,81,107
124000058,0,0,0
124000059,119,47,72
124000060,0,0,0
124000061,97,164,-67
124000062,0,0,0
124000063,0,0,0
124000064,0,0,0
124000065,0,0,0
124000066,0,2,-2
124000067,53,9,44
124000068,0,0,0
124000069,252,14,238
124000070,0,0,0
124000071,44,25,19
124000072,0,0,0
124000073,213,35,178
124000074,0,0,0
124000075,70,66,4
124000076,0,0,0
124000077,0,0,0
124000078,140,227,-87
124000079,0,0,0
124000080,221,91,130
124000081,0,0,0
124000082,18,136,-118
124000083,0,0,0
124000084,0,98,-98
124000085,0,0,0
124000086,0,0,0
124000087,0,0,0
124000088,4,33,-29
124000089,148,4,144
124000090,0,0,0
124000091,86,35,51
124000092,0,0,0
124000093,1,36,-35
124000094,0,0,0
124000095,60,3,57
124000096,0,0,0
124000097,32,1,31
124000098,0,0,0
124000099,13,4,9
124000100,0,0,0
124000101,18,6,12
124000102,0,0,0
124000103,17,8,9
124000104,0,0,0
124000105,20,7,13
124000106,0,0,0
124000107,2,24,-22
124000108,0,0,0
124000109,15,2,13
124000110,0,0,0
124000111,153,11,142
124000112,0,0,0
124000113,20,32,-12
124000114,0,0,0
124000115,0,0,0
124000116,5,19,-14
124000117,0,0,0
124000118,0,24,-24
124000119,0,0,0
124000120,68,13,55
124000121,186,38,148
124000122,0,0,0
124000123,134,34,100
124000124,29,43,-14
124000125,101,19,82
124000126,7,33,-26
124000127,230,5,225
124000128,10,59,-49
124000129,81,43,38
124000130,75,37,38
124000131,60,79,-19
124000132,48,87,-39
124000133,287,56,231
124000134,0,0,0
124000135,363,64,299
124000136,0,0,0
124000137,188,48,140
124000138,0,0,0
124000139,36,6,30
124000140,0,0,0
124000141,0,0,0
124000142,0,0,0
124000143,0,0,0
124000144,0,0,0
124000145,40,7,33
124000146,0,0,0
124000148,0,3,-3
124000149,48,21,27
124000150,0,0,0
124000151,39,28,11
124000152,0,0,0
124000153,45,98,-53
124000154,0,0,0
124000155,120,67,53
124000156,0,0,0
124000169,16,31,-15
124000170,0,0,0
124000171,50,8,42
124000172,0,0,0
124000173,23,26,-3
124000174,0,0,0
124000175,0,0,0
124000176,101,65,36
124000177,0,0,0
124000178,31,11,20
124000190,0,2,-2
124000191,0,0,0
124000192,126,112,14
124000193,0,0,0
124000194,9,48,-39
124000195,127,18,109
124000196,0,0,0
124000197,0,0,0
124000198,2,5,-3
124000201,0,0,0
124000202,223,7,216
124000203,0,0,0
124000204,264,1,263
124000205,68,0,68
124000206,373,0,373
124000207,0,0,0
124000209,62,0,62
124000210,97,42,55
124000211,404,0,404
124000212,0,0,0
124000213,0,0,0
124000214,306,4,302
124000215,75,3,72
124000216,0,0,0
124000329,0,0,0
124000338,0,0,0
124000339,206,0,206
124000341,226,0,226
124000344,40,5,35
124000357,425,173,252
124000358,780,266,514
124000359,399,133,266
124000360,167,140,27
124000361,543,162,381
124000362,0,0,0
124000363,0,0,0
124000364,0,0,0
124000365,22,176,-154
124000366,20,108,-88
124000367,0,0,0
124000368,13,35,-22
124000369,7,83,-76
124000370,0,0,0
124000402,0,1,-1
124000403,26,2,24
124000404,0,0,0
124000405,193,31,162
124000406,14,71,-57
124000407,0,0,0
124000411,0,0,0
124000412,19,0,19
124000413,0,0,0
124000414,17,11,6
124000415,0,0,0
124000416,0,0,0
124000417,12,7,5
124000418,7,5,2
124000419,0,0,0
124000420,69,8,61
124000421,0,0,0
124000422,0,0,0
124000423,0,0,0
124000424,0,0,0
124000425,2,0,2
124000426,0,0,0
124000427,0,0,0
124000428,0,0,0
124000429,19,0,19
124000430,7,1,6
124000431,1,0,1
124000432,0,0,0
124000439,1,1,0
124000442,0,0,0
124000443,0,0,0
124000445,3,80,-77
124000446,0,0,0
124900001,0,0,0
124900002,0,0,0
124900003,0,0,0
124900004,0,0,0
124900005,0,0,0
124900006,0,0,0
124900008,0,0,0
124900009,0,0,0
124900010,0,0,0
124900011,0,0,0
124900012,0,0,0
124900013,0,0,0
124900014,0,0,0
124900015,0,0,0
124900016,0,0,0
124900017,0,0,0
124900018,0,0,0
124900019,0,0,0
124900020,0,0,0
124900021,0,0,0
124900022,0,0,0
124900024,0,0,0
124900026,0,0,0
124900027,0,0,0
124900028,0,0,0
124900029,0,0,0
124900030,0,0,0
124900031,0,0,0
124900032,0,0,0
124900033,0,0,0
124900034,0,0,0
124900035,0,0,0
124900036,0,0,0
124900037,0,0,0
124900038,0,0,0
124900039,0,0,0
124900040,0,0,0
124900041,0,0,0
124900042,0,0,0
124900043,0,0,0
124900044,0,0,0
124900045,0,0,0
124900046,0,0,0
124900047,0,0,0
124900048,0,0,0
124900050,0,0,0
124900052,0,0,0
124900053,0,0,0
124900054,0,0,0
124900055,0,0,0
124900057,0,0,0
124900060,0,0,0
124900061,0,0,0
124900062,0,0,0
124900066,0,0,0
124900067,0,0,0
124900068,0,0,0
124900069,0,0,0
124900070,0,0,0
124900072,0,0,0
124900074,0,0,0
124900075,0,0,0
124900076,0,0,0
124900077,0,0,0
124900078,0,0,0
124900079,0,0,0
124900080,0,0,0
124900081,0,0,0
124900082,0,0,0
124900083,0,0,0
124900084,0,0,0
124900085,0,0,0
124900086,0,0,0
124900087,0,0,0
124900088,0,0,0
124900089,0,0,0
124900090,0,0,0
124900091,0,0,0
124900092,0,0,0
124900093,0,0,0
124900094,0,0,0
124900095,0,0,0
124900096,0,0,0
124900097,0,0,0
124900098,0,0,0
124900099,0,0,0
124900100,0,0,0
124900101,0,0,0
124900102,0,0,0
124900103,0,0,0
124900104,0,0,0
124900105,0,0,0
124900106,0,0,0
124900107,0,0,0
124900108,0,0,0
124900109,0,0,0
124900110,0,0,0
124900111,0,0,0
124900112,0,0,0
129000186,0,0,0
204000001,1,0,1
204000002,1,1,0
204000003,1,1,0
204000004,0,0,0
204000005,522,320,202
204000006,1521,1218,303
204000008,676,218,458
204000011,0,0,0
204000012,0,0,0
204000013,0,0,0
204000019,646,422,224
204000020,156,138,18
204000021,264,75,189
204000022,707,372,335
204000023,0,0,0
204000031,0,19,-19
204000032,211,18,193
204000034,0,0,0
204000035,0,0,0
204000036,0,0,0
204000037,0,0,0
204000038,0,0,0
204000039,0,0,0
204000040,0,0,0
204000041,0,0,0
204000042,1,4,-3
204000043,2,0,2
204000044,1,0,1
204000045,7,0,7
204000046,0,0,0
204000057,0,0,0
204000062,0,0,0
204000068,0,0,0
204000069,0,0,0
204000070,243,265,-22
204000080,0,0,0
204000085,0,0,0
204000086,0,0,0
204000087,0,0,0
204000088,0,0,0
204000090,0,0,0
204000093,385,11,374
204000096,445,175,270
204000097,124,7,117
204000099,758,484,274
204000100,876,325,551
204000105,0,0,0
204000110,0,0,0
204000111,0,0,0
204000112,0,0,0
204000113,0,0,0
204000114,87,221,-134
204000115,40,101,-61
204000116,82,92,-10
204000119,1592,557,1035
204000132,903,67,836
204000133,842,74,768
204000134,99,47,52
204000135,564,8,556
204000136,299,178,121
204000138,421,118,303
204000140,300,256,44
204000141,221,83,138
204000144,0,18,-18
204000145,67,3,64
204000146,0,0,0
204000147,0,0,0
204000148,252,9,243
204000154,1,0,1
204000155,0,0,0
204000177,56,15,41
204000179,2,1,1
204000180,0,0,0
204000222,0,0,0
204000235,0,0,0
204000236,5,11,-6
204000238,13,2,11
204000240,17,0,17
204000308,40,5,35
204000317,0,0,0
204000322,0,0,0
204000323,1,2,-1
204000328,142,22,120
204000329,0,0,0
204000330,86,7,79
204000331,0,0,0
204010341,9,2,7
205000001,0,0,0
205000013,0,0,0
205000014,0,0,0
205000015,0,0,0
205000016,0,0,0
205000017,0,0,0
205000022,0,0,0
205000025,0,0,0
205000029,48,1,47
205000045,0,0,0
205000047,0,0,0
205000048,0,0,0
205000049,0,0,0
205000050,0,0,0
205000059,0,0,0
205000060,0,0,0
205000061,0,0,0
205000062,0,0,0
205000063,0,0,0
205000064,0,0,0
205000065,0,0,0
205000066,0,0,0
205000067,0,0,0
205000069,0,0,0
205000082,132,63,69
205000110,0,0,0
205000111,0,0,0
205000112,160,59,101
205000113,0,0,0
205000121,178,66,112
205000123,0,0,0
205000126,868,154,714
205000127,964,62,902
205000128,368,35,333
205000129,480,43,437
205000130,49,11,38
205000131,5,0,5
205000132,6,7,-1
205000133,30,0,30
205000134,292,0,292
205000137,0,0,0
205000138,0,0,0
205000139,0,0,0
205000144,77,13,64
205000145,146,26,120
205000151,59,28,31
205000152,133,21,112
205000153,209,42,167
205000154,139,55,84
205000155,78,13,65
205000207,0,0,0
205000233,26,15,11
205000234,0,0,0
205000243,0,0,0
205000244,0,0,0
205000245,0,0,0
205000249,0,0,0
205000250,3,0,3
205000251,0,0,0
205000264,0,0,0
206000027,24,0,24
206000028,6,0,6
206000043,0,0,0
206000053,0,0,0
206000054,0,0,0
206000055,0,0,0
206000075,0,0,0
206000076,0,0,0
206000077,0,0,0
206000078,0,0,0
206000079,0,0,0
206000082,195,4,191
206000100,0,0,0
206000103,0,0,0
206000104,0,0,0
206000105,0,0,0
206000106,0,0,0
206000108,328,137,191
206000125,127,0,127
206000157,0,0,0
206000170,0,0,0
206000171,0,0,0
206000172,0,0,0
206000173,0,0,0
206000174,0,0,0
206000175,0,0,0
206000176,0,0,0
206000177,0,0,0
206000178,0,0,0
206000179,0,0,0
206000180,0,0,0
206000181,0,0,0
206000182,0,0,0
206000183,0,0,0
206000184,0,0,0
206000185,0,0,0
206000186,0,0,0
206000223,0,0,0
206000226,7,2,5
206000227,31,2,29
206000237,0,0,0
206000238,0,0,0
206000239,0,0,0
206000240,0,0,0
206000241,0,0,0
206000242,0,0,0
206000243,0,0,0
206000244,0,0,0
206000245,95,6,89
206000246,74,2,72
206000247,54,1,53
206000248,30,2,28
206000252,0,0,0
206000258,0,0,0
206000315,0,0,0
206000317,89,6,83
206000318,23,5,18
206000319,233,4,229
206000320,61,1,60
206000321,32,1,31
206000322,99,9,90
206000323,49,7,42
206000324,53,4,49
206000325,53,2,51
206000326,64,7,57
206000327,7,3,4
206000328,145,5,140
206000329,42,2,40
206000330,29,3,26
206000331,56,8,48
206000332,4,2,2
206000333,288,0,288
206000334,47,1,46
206000335,0,0,0
206000361,0,0,0
206000392,0,0,0
206000405,121,0,121
206000441,74,81,-7
206000498,25,0,25
206000515,0,0,0
206000530,18,1,17
206000531,27,1,26
206000532,90,1,89
206000535,0,0,0
206000536,0,0,0
206000537,0,0,0
206000613,95,13,82
207000001,0,0,0
207000002,0,0,0
207000003,0,0,0
207000007,243,71,172
207000008,0,0,0
207000009,0,0,0
207000010,13,28,-15
207000012,218,97,121
207000015,6,41,-35
207000019,255,14,241
207000021,436,87,349
207000022,264,27,237
207000023,255,15,240
207000024,2,5,-3
207000025,1,15,-14
207000026,0,0,0
207000027,0,0,0
207000028,0,0,0
207000029,0,0,0
207000033,326,256,70
207000034,77,35,42
207000039,219,23,196
207000040,261,33,228
207000041,102,5,97
207000042,304,23,281
207000043,199,86,113
207000051,0,0,0
207000052,0,0,0
207000053,0,0,0
207000054,0,0,0
207000055,0,0,0
207000056,0,0,0
207000057,0,0,0
207000058,0,0,0
207000059,0,0,0
207000060,0,0,0
207000061,32,367,-335
207000062,184,67,117
207000063,122,109,13
207000064,306,143,163
207000065,346,70,276
207000066,369,58,311
207000067,56,27,29
207000068,143,21,122
207000069,743,139,604
207000082,0,3,-3
207000083,10,18,-8
207000084,85,51,34
207000085,0,0,0
207000086,0,0,0
207000106,22,15,7
207000107,61,3,58
207000108,43,4,39
207000109,17,5,12
207000110,26,5,21
207000111,222,4,218
207000112,81,30,51
207000114,0,0,0
207000115,0,0,0
207000116,0,0,0
207000117,0,0,0
207000118,0,0,0
207000119,0,0,0
207000123,125,2,123
207000124,105,5,100
207000125,48,1,47
207000126,96,5,91
207000134,4,1,3
207000135,0,13,-13
207000148,207,65,142
207000149,0,0,0
207000152,0,0,0
207000153,0,0,0
207000154,296,39,257
207000159,0,0,0
207000160,0,0,0
207000238,0,0,0
207000242,0,0,0
207000248,0,0,0
207000249,0,0,0
207000250,0,0,0
207000251,0,0,0
207000252,0,0,0
207000278,75,64,11
207000279,0,0,0
207000280,196,19,177
207000281,2,73,-71
207000282,0,13,-13
207000283,0,5,-5
207000284,0,0,0
207000285,0,4,-4
207000291,0,0,0
207000304,28,16,12
207000306,0,0,0
207000310,193,119,74
207000353,32,0,32
207000356,0,0,0
207000357,0,53,-53
207000415,0,0,0
207000417,45,1,44
207000437,0,0,0
207000439,685,122,563
207000446,77,1,76
207000460,0,0,0
207000466,0,0,0
207000476,0,0,0
207000477,0,0,0
207000523,0,0,0
207000524,11,0,11
207000527,344,65,279
207000530,299,0,299
207000531,162,1,161
207000532,84,0,84
207000534,207,6,201
207000535,0,0,0
207000537,0,0,0
207000540,0,0,0
207000541,0,0,0
207000548,0,0,0
207000549,51,1,50
207000561,125,16,109
207000562,0,0,0
207000567,0,0,0
207000568,0,0,0
207000569,0,0,0
207000584,0,0,0
207000585,52,51,1
207000616,0,0,0
207000617,116,0,116
207900008,0,0,0
208000001,65,180,-115
208000002,134,141,-7
208000003,141,100,41
208000004,280,135,145
208000005,0,0,0
208000019,252,125,127
208000020,286,184,102
208000021,0,0,0
208000022,0,0,0
208000028,0,0,0
208000033,0,0,0
208000034,0,0,0
208000040,93,72,21
208000041,327,128,199
208000042,282,76,206
208000047,0,0,0
208000064,713,440,273
208000066,374,333,41
208000070,38,37,1
208000071,120,43,77
208000072,150,93,57
208000080,64,93,-29
208000081,103,27,76
208000082,0,0,0
208000083,0,0,0
208000084,3,3,0
208000085,0,0,0
208000086,0,0,0
208000087,0,0,0
208000089,0,0,0
208000090,0,0,0
208000093,0,0,0
208000094,0,0,0
208000095,0,0,0
208000104,456,117,339
208000105,447,119,328
208000114,116,187,-71
208000115,331,121,210
208000116,211,231,-20
208000117,0,6,-6
208000118,63,29,34
208000155,0,0,0
208000158,0,0,0
208000186,530,445,85
208000204,0,0,0
208000205,0,0,0
208000282,0,0,0
209000004,6,32,-26
209000005,2,4,-2
209000006,158,7,151
209000007,0,0,0
209000010,0,0,0
209000011,0,0,0
209000012,0,0,0
209000013,0,0,0
209000014,0,0,0
209000025,79,5,74
209000026,185,10,175
209000027,0,0,0
209000028,0,0,0
209000029,0,0,0
209000030,0,0,0
209000031,0,0,0
209000034,0,0,0
209000035,0,0,0
209000036,0,0,0
209000037,0,0,0
209000038,0,0,0
209000039,0,0,0
209000040,0,0,0
209000041,0,0,0
209000042,0,0,0
209000043,0,0,0
209000044,0,0,0
209000045,224,16,208
209000046,144,24,120
209000047,305,19,286
209000048,298,88,210
209000049,0,0,0
209000050,0,0,0
209000051,0,0,0
209000052,0,0,0
209000062,0,0,0
209000063,0,0,0
209000064,0,0,0
209000065,4,0,4
209000066,2,0,2
209000067,14,1,13
209000080,0,0,0
209000082,0,0,0
209000091,0,0,0
209000093,0,0,0
209000094,0,0,0
209000110,15,9,6
209000111,97,55,42
209000112,118,51,67
209000113,134,48,86
209000114,80,3,77
209000115,0,0,0
209000116,0,0,0
209000118,2,7,-5
209000119,0,0,0
209000121,0,0,0
209000135,2,7,-5
209000142,161,14,147
209000143,0,0,0
209000144,0,0,0
209000229,114,3,111
209000240,0,0,0
209000259,0,0,0
209000260,0,0,0
209000261,0,0,0
209000262,0,0,0
209000263,0,0,0
209000264,0,0,0
209000265,65,0,65
209000266,24,0,24
209000267,219,8,211
209000268,720,5,715
210000037,42,0,42
210000047,66,2,64
210000048,35,1,34
210000049,2,0,2
210000052,0,0,0
210000053,0,0,0
210000054,0,0,0
210000070,48,0,48
210000071,56,1,55
210000072,7,0,7
210000073,0,0,0
210000074,0,0,0
210000075,0,0,0
210000076,0,0,0
210000077,0,0,0
210000078,0,0,0
210000079,11,5,6
210000080,76,11,65
210000081,18,0,18
210000082,10,1,9
210000083,6,0,6
210000084,20,0,20
210000085,0,0,0
210000086,0,0,0
210000099,0,0,0
210000100,0,0,0
210000101,0,0,0
210000105,0,0,0
210000159,0,0,0
210000163,0,0,0
210000164,96,17,79
210000168,7,2,5
210000187,0,0,0
210000188,0,0,0
210000214,20,0,20
210000219,27,1,26
210000220,6,1,5
210000232,0,0,0
210000233,0,0,0
210000234,0,0,0
210000235,0,0,0
210000245,0,0,0
210000246,5,0,5
210000258,0,0,0
210000259,75,7,68
210000282,0,0,0
210000285,0,0,0
210000286,0,0,0
210000295,0,0,0
210000296,0,0,0
210000320,45,4,41
210000321,20,1,19
210000338,0,0,0
210000339,0,0,0
210000340,0,0,0
210000341,0,0,0
210000342,0,0,0
210000343,0,0,0
210000344,0,0,0
210000345,0,0,0
210000346,0,0,0
210000347,0,0,0
210000348,0,0,0
210000349,0,0,0
210000350,0,0,0
210000351,0,0,0
210000352,4,2,2
210000353,8,3,5
210000354,15,19,-4
210000355,2,22,-20
210000356,0,4,-4
210000357,12,16,-4
210000358,3,5,-2
210000359,11,12,-1
210000360,141,20,121
210000361,189,57,132
210000362,86,110,-24
210000363,265,59,206
210000364,120,18,102
210000365,68,1,67
210000366,120,2,118
210000367,65,4,61
210000368,60,2,58
210000369,2,10,-8
210000370,6,2,4
210000372,0,7,-7
210000373,0,6,-6
210000374,103,2,101
210000375,3,7,-4
210000376,26,14,12
210000404,0,0,0
210000439,20,0,20
210000472,18,0,18
210000482,53,5,48
210000564,248,22,226
210000568,35,0,35
211000092,0,0,0
211000094,0,0,0
211000169,0,0,0
211000172,0,0,0
211000209,0,0,0
211000275,0,0,0
211000276,0,0,0
211000279,0,0,0
211000281,0,0,0
211507980,0,0,0
211977296,0,0,0
212000003,72,28,44
212000004,0,0,0
212000005,0,0,0
212000006,0,0,0
212000008,0,0,0
212000009,0,0,0
212000012,0,0,0
212000013,0,0,0
212000014,0,0,0
212000015,0,0,0
212000016,0,0,0
212000027,444,92,352
212000028,149,132,17
212000029,184,196,-12
212000030,7,14,-7
212000031,14,7,7
212000048,0,0,0
212000049,0,0,0
212000050,0,0,0
212000051,0,0,0
212000052,0,0,0
212000053,0,0,0
212000054,191,14,177
212000055,154,43,111
212000056,25,30,-5
212000057,1,21,-20
212000058,23,14,9
212000070,0,0,0
212000077,0,0,0
212000099,138,28,110
212000108,68,14,54
212000111,52,1,51
212000120,0,0,0
212000138,0,0,0
212000156,0,0,0
212000158,0,24,-24
212000159,330,32,298
212000160,195,52,143
212000161,4,1,3
212000310,0,0,0
212000311,8,44,-36
212000374,0,0,0
213000001,0,0,0
213000005,174,23,151
213000006,128,67,61
213000007,3,0,3
213000009,254,36,218
213000010,257,19,238
213000011,188,13,175
213000012,0,0,0
213000014,13,64,-51
213000015,201,4,197
213000016,104,1,103
213000017,10,0,10
213000018,0,0,0
213000019,0,0,0
213000020,0,0,0
213000021,0,0,0
213000023,841,33,808
213000033,0,0,0
213000034,341,21,320
213000035,228,42,186
213000045,0,0,0
213000046,0,0,0
213000047,0,0,0
213000056,218,14,204
213000069,5,0,5
213000073,0,0,0
213000074,0,0,0
213000075,354,1,353
213000085,0,0,0
213000086,0,0,0
213000091,377,0,377
213000092,0,0,0
213000099,0,0,0
213000100,463,100,363
213000101,398,4,394
213000102,374,5,369
213000103,331,4,327
213000104,0,0,0
213000105,0,0,0
213000106,0,0,0
213000107,0,0,0
213000108,0,0,0
213000109,0,0,0
213000110,0,0,0
213000111,0,0,0
213000112,0,0,0
213000115,11,0,11
213000116,0,0,0
213000117,0,0,0
213000118,138,174,-36
213000119,0,0,0
213000120,0,0,0
213000122,0,0,0
213000123,0,0,0
213000124,0,0,0
213000125,88,133,-45
213000126,0,0,0
213000127,0,0,0
213000128,0,0,0
213000129,285,108,177
213000130,358,101,257
213000132,229,60,169
213000133,463,93,370
213000134,432,2,430
213000136,229,5,224
213000137,422,24,398
213000139,75,1,74
213000147,4,0,4
213000148,1,0,1
213000149,1,0,1
213000150,0,0,0
213000151,0,0,0
213000152,0,0,0
213000153,0,0,0
213000154,0,0,0
213000155,0,0,0
213000156,0,0,0
213000157,0,0,0
213000158,0,0,0
213000159,654,41,613
213000163,232,145,87
213000165,426,113,313
213000171,0,0,0
213000172,0,0,0
213000173,0,0,0
213000174,0,0,0
213000175,0,0,0
213000176,527,77,450
213000177,147,8,139
213000178,348,14,334
213000179,194,0,194
213000180,236,0,236
213000184,0,0,0
213000188,121,14,107
213000189,235,9,226
213000190,205,7,198
213000191,132,0,132
213000192,54,0,54
213000193,0,0,0
213000194,0,0,0
213000195,0,0,0
213000196,0,0,0
213000197,488,43,445
213000198,0,2,-2
213000200,0,0,0
213000201,0,0,0
213000202,0,0,0
213000203,662,115,547
213000204,626,27,599
213000205,436,28,408
213000206,421,1,420
213000207,7,1,6
213000208,0,0,0
213000209,13,1,12
213000210,23,0,23
213000211,0,0,0
213000212,0,0,0
213000213,0,0,0
213000218,44,150,-106
213000219,216,9,207
213000220,215,2,213
213000223,15,40,-25
213000224,1,4,-3
213000225,67,5,62
213000226,47,7,40
213000227,620,13,607
213000228,199,3,196
213000229,30,1,29
213000230,106,0,106
213000232,6,0,6
213000233,0,0,0
213000234,0,0,0
213000293,0,0,0
213000294,6,0,6
213000295,0,0,0
213000296,12,0,12
213000297,0,0,0
213000298,0,0,0
213000299,11,0,11
213000300,2,3,-1
213000303,0,0,0
213000304,0,0,0
213000305,0,10,-10
213000306,0,0,0
213000307,4,5,-1
213000308,0,0,0
213000309,82,5,77
213000310,85,30,55
213000311,0,0,0
213000315,0,0,0
213000316,58,2,56
213000322,0,0,0
213000323,0,0,0
213000324,0,0,0
213000325,0,0,0
213000326,0,0,0
213000327,0,0,0
213000328,0,0,0
213000329,0,0,0
213000340,0,0,0
213000341,254,23,231
213000347,119,25,94
213000348,0,0,0
213000349,0,0,0
213000350,0,0,0
213000366,0,0,0
213000367,131,1,130
213000379,0,0,0
213000386,0,0,0
213000406,0,0,0
213000417,383,82,301
213000425,0,0,0
213000426,0,0,0
213000427,0,0,0
213000428,0,0,0
213000429,0,0,0
213000430,0,0,0
213000431,0,0,0
213000432,0,0,0
213000433,0,0,0
213000434,0,0,0
213000435,0,0,0
213000436,0,0,0
213000437,0,0,0
213000438,0,0,0
213000439,0,0,0
213000440,0,0,0
213000441,0,0,0
213000442,0,0,0
213000443,0,0,0
213000444,0,0,0
213000445,0,0,0
213000446,0,0,0
213000447,0,0,0
213000448,0,0,0
213000449,0,0,0
213000450,0,0,0
213000451,0,0,0
213000452,0,0,0
213000453,0,0,0
213000455,50,0,50
213000456,0,0,0
213000481,1,0,1
213000484,1,0,1
213000489,31,2,29
213900002,0,0,0
213900003,71,0,71
213900013,0,0,0
213900015,0,0,0
213900016,111,1,110
213900020,0,0,0
213900030,0,0,0
213900032,19,6,13
213900033,31,10,21
213900034,231,8,223
213900035,0,0,0
213900036,0,0,0
213900037,0,0,0
213900038,632,96,536
213900039,0,0,0
213900041,0,0,0
213900042,5,12,-7
213900043,167,21,146
213900244,87,0,87
213900245,0,0,0
218000003,0,0,0
218000004,0,0,0
218000005,4,16,-12
218000006,0,0,0
218000007,0,0,0
218000012,0,1,-1
218000013,7,134,-127
218000014,144,205,-61
218000019,0,0,0
218000020,0,0,0
218000021,0,0,0
218000022,0,0,0
218000023,0,0,0
218000024,0,0,0
218000025,0,0,0
218000026,0,0,0
218000027,0,0,0
218000028,0,0,0
218000029,0,0,0
218000030,0,0,0
218000031,0,0,0
218000032,0,0,0
218000039,7,1,6
218000040,2,0,2
218000046,0,0,0
218000047,0,0,0
218000048,0,0,0
218000049,0,0,0
218000050,0,0,0
218000051,0,0,0
218000052,0,0,0
218000053,0,0,0
218000054,0,0,0
218000055,0,0,0
218000056,0,0,0
218000057,0,0,0
218000064,0,2,-2
218000065,107,4,103
218000066,13,52,-39
218000067,0,0,0
218000068,0,0,0
218000069,0,0,0
218000070,0,0,0
218000071,0,0,0
218000072,0,0,0
218000078,0,0,0
218000079,1,1,0
218000080,0,2,-2
218000081,34,5,29
218000082,17,8,9
218000083,0,0,0
218000084,0,0,0
218000085,0,0,0
218000086,0,0,0
218000087,0,0,0
218000090,0,0,0
218000091,0,0,0
218000092,0,0,0
218000093,25,4,21
218000094,0,0,0
218000099,45,134,-89
218000100,42,55,-13
218000101,14,38,-24
218000102,174,87,87
218000103,24,27,-3
218000104,51,18,33
218000105,0,0,0
218000107,0,0,0
218000108,0,0,0
218000112,0,0,0
218000117,154,30,124
218000134,0,0,0
218000135,0,0,0
218000136,0,0,0
218000137,0,0,0
218000138,0,0,0
218000139,0,0,0
218000140,0,0,0
218000141,0,0,0
218000142,0,0,0
218000143,0,0,0
218000144,0,2,-2
218000145,3,5,-2
218000146,48,5,43
218000151,0,7,-7
218000152,43,2,41
218000153,0,0,0
218000154,0,0,0
218000155,0,0,0
218000156,0,0,0
218000157,0,0,0
218000158,0,0,0
218000159,0,0,0
218000160,0,0,0
218000161,0,0,0
218000162,0,0,0
218000163,0,0,0
218000164,0,0,0
218000165,0,0,0
218000170,0,3,-3
218000171,50,4,46
218000172,3,18,-15
218000173,1,0,1
218000174,17,2,15
218000176,157,11,146
218000177,391,66,325
218000178,137,33,104
218000179,408,31,377
218000180,41,1,40
218000181,207,18,189
218000187,0,0,0
218000188,0,0,0
218000189,0,0,0
218000190,0,0,0
218000191,0,0,0
218000192,0,0,0
218000193,0,0,0
218000194,0,0,0
218000195,4,2,2
218000196,53,10,43
218000197,18,13,5
218000198,0,2,-2
218000199,3,0,3
218000200,3,0,3
218000201,0,0,0
218000202,0,0,0
218000207,0,0,0
218000208,0,0,0
218000211,0,0,0
218000212,0,0,0
218000213,0,0,0
218000214,0,0,0
218000215,0,0,0
218000217,0,0,0
218000218,0,0,0
218000219,0,0,0
218000220,7,0,7
218000221,228,95,133
218000222,1,26,-25
218000223,40,226,-186
218000224,20,62,-42
218000225,148,32,116
218000226,119,17,102
218000230,0,0,0
218000232,0,0,0
218000234,0,0,0
218000239,29,0,29
218000240,0,0,0
218000241,0,0,0
218000242,0,0,0
218000243,0,0,0
218000244,2,0,2
218000245,1,0,1
218000246,0,0,0
218000247,0,0,0
218000248,0,0,0
218000249,0,0,0
218000250,0,0,0
218000251,0,0,0
218000252,0,0,0
218000253,0,0,0
218000254,0,0,0
218000255,0,0,0
218000256,0,0,0
218000267,0,0,0
218000268,0,0,0
218000269,0,0,0
218000270,0,0,0
218000271,0,0,0
218000273,53,8,45
218000274,21,3,18
218000275,0,0,0
218000276,0,0,0
218000278,0,0,0
218000279,0,0,0
218000280,0,0,0
218000281,0,0,0
218000282,0,0,0
218000284,84,54,30
218000301,0,0,0
218000302,0,0,0
218000303,0,0,0
218000316,3,1,2
218000317,0,0,0
218000318,0,0,0
218000319,0,0,0
218000320,0,0,0
218000338,1,0,1
218000339,0,0,0
218000342,39,13,26
218000343,0,0,0
218000345,0,0,0
218000346,0,0,0
218000353,0,0,0
218000354,64,14,50
218000459,0,0,0
218000490,0,0,0
218000501,7,2,5
218000502,0,0,0
218000503,34,1,33
218000504,140,17,123
218000505,0,0,0
218000506,0,0,0
218000508,0,0,0
218000510,128,17,111
218000520,45,14,31
218000522,0,0,0
218000523,24,9,15
218000524,0,0,0
218000525,3,4,-1
218000526,0,0,0
218000530,0,0,0
218000531,62,7,55
218000532,0,0,0
218000537,0,0,0
218000538,0,0,0
218000539,0,0,0
218000540,0,0,0
218000543,0,0,0
218000544,0,0,0
218000545,0,0,0
218000546,0,0,0
218000547,0,0,0
218000548,0,0,0
218000549,149,4,145
218000550,0,0,0
218000551,0,0,0
218000552,57,0,57
218000553,0,0,0
218000554,0,0,0
218000555,0,0,0
218000556,0,0,0
218000557,0,0,0
218000558,66,3,63
218000559,0,0,0
218000560,0,0,0
218000561,0,0,0
218000562,0,0,0
218000563,102,11,91
218000564,0,0,0
218000565,6,5,1
218000566,20,3,17
218000567,0,0,0
218000568,1,0,1
218000569,0,0,0
218000570,3,1,2
218000571,0,0,0
218000572,3,0,3
218000573,0,0,0
218000574,3,0,3
218000575,41,0,41
218000576,0,0,0
218000577,25,0,25
218000578,0,0,0
218000579,0,0,0
218000581,0,0,0
218000582,0,0,0
218000583,0,0,0
218000584,0,0,0
218000585,0,0,0
218000586,0,0,0
218000587,0,0,0
218000588,0,0,0
218000589,0,0,0
218000590,0,0,0
218000591,0,0,0
218000592,0,0,0
218000593,0,0,0
218000594,0,0,0
218000595,0,0,0
218000596,0,0,0
218000597,0,0,0
218000598,0,0,0
218000599,0,0,0
218000600,0,0,0
218000601,0,0,0
218000602,0,0,0
218000603,0,0,0
218000604,0,0,0
218000605,0,0,0
218000606,1,0,1
218000607,0,0,0
218000608,0,0,0
218000609,0,0,0
218000610,0,0,0
218000611,0,0,0
218000612,0,0,0
218000613,0,0,0
218000614,0,0,0
218000615,0,0,0
218000616,0,0,0
218000617,0,0,0
218000618,0,0,0
218000619,2,2,0
218000620,0,0,0
218000621,0,1,-1
218000622,0,0,0
218000623,0,0,0
218000624,0,0,0
218000625,0,0,0
218000626,0,0,0
218000628,5,21,-16
218000632,0,0,0
218000633,1,0,1
218000634,0,0,0
218000635,0,0,0
218000636,0,0,0
218000637,0,0,0
218000638,332,61,271
218000639,0,0,0
218000640,95,7,88
218000641,0,0,0
218000652,0,0,0
218000653,209,59,150
218000675,0,0,0
218000676,0,0,0
218000677,0,0,0
218000703,0,0,0
218000718,0,0,0
218000719,36,23,13
218000720,0,0,0
218000721,0,0,0
218000725,0,0,0
218001214,0,0,0
219000001,0,0,0
219000002,0,0,0
219000003,28,7,21
219000004,21,35,-14
219000017,0,0,0
219000020,56,0,56
219000022,105,1,104
219000023,14,0,14
219000029,0,0,0
219000034,2,2,0
219000039,0,0,0
219000040,0,0,0
219000041,0,0,0
219000051,0,0,0
219000052,0,0,0
219000053,0,0,0
219000054,0,0,0
219000055,0,0,0
219000056,0,0,0
219000057,0,0,0
219000062,0,0,0
219000063,0,0,0
219000110,48,17,31
219000111,77,10,67
219000112,51,4,47
219000113,60,4,56
219000114,82,2,80
219000116,1,0,1
219000117,12,1,11
219000118,8,8,0
219000123,93,0,93
219000124,3,0,3
219000125,0,0,0
219000126,0,0,0
219000127,0,0,0
219000128,0,0,0
219000129,0,0,0
219000130,0,0,0
219000131,233,142,91
219000133,0,12,-12
219000134,4,34,-30
219000135,6,5,1
219000136,55,41,14
219000138,5,0,5
219000139,0,0,0
219000140,2,0,2
219000141,0,0,0
219000142,0,0,0
219000143,0,0,0
219000145,18,0,18
219000146,0,0,0
219000147,0,0,0
219000148,0,0,0
219000149,0,0,0
219000150,0,0,0
219000151,0,0,0
219000157,18,22,-4
219000158,21,2,19
219000161,0,0,0
219000163,13,4,9
219000166,1,23,-22
219000167,0,0,0
219000168,31,7,24
219000174,18,26,-8
219000175,0,0,0
219000176,0,0,0
219000177,0,0,0
219000178,0,0,0
219000179,0,0,0
219000180,0,0,0
219000182,25,0,25
219000183,61,1,60
219000184,3,0,3
219000185,0,0,0
219000186,7,12,-5
219000187,13,0,13
219000189,0,0,0
219000190,0,0,0
219000191,0,0,0
219000192,69,16,53
219000193,0,0,0
219000195,0,0,0
219000196,0,0,0
219000198,0,0,0
219000199,0,0,0
219000200,0,0,0
219000201,0,0,0
219000203,0,0,0
219000204,0,0,0
219000205,0,0,0
219000207,0,0,0
219000209,0,0,0
219000210,0,0,0
219000213,0,0,0
219000239,0,0,0
219000240,0,0,0
219000241,0,0,0
219000242,0,0,0
219000243,0,0,0
219000244,0,0,0
219000245,0,0,0
219000246,26,23,3
219000247,82,1,81
219000248,163,86,77
219000249,35,8,27
219000250,14,12,2
219000251,63,64,-1
219000252,92,84,8
219000253,68,4,64
219000255,5,19,-14
219000256,26,4,22
219000257,100,0,100
219000262,0,0,0
219000263,0,0,0
219000267,0,0,0
219000268,0,0,0
219000269,0,0,0
219000270,0,0,0
219000271,0,0,0
219000278,0,0,0
219000279,0,0,0
219000283,0,0,0
219000295,0,0,0
219000296,0,0,0
219000297,0,0,0
219000298,0,0,0
219000299,123,1,122
219000300,0,0,0
219000301,0,0,0
219000302,0,0,0
219000307,0,0,0
219000308,0,0,0
219000311,105,14,91
219000312,72,9,63
219000313,85,0,85
219000314,0,0,0
219000315,141,2,139
219000316,151,5,146
219000317,29,2,27
219000320,0,0,0
219000321,0,0,0
219000323,0,0,0
219000325,0,0,0
219000326,0,0,0
219000327,0,0,0
219000328,0,0,0
219000329,0,0,0
219000330,0,0,0
219000331,0,0,0
219000332,16,5,11
219000333,0,0,0
219000335,0,0,0
219000337,3,0,3
219000338,5,0,5
219000344,0,0,0
219000345,0,0,0
219000346,0,0,0
219000348,0,0,0
219000349,0,0,0
219000350,0,0,0
219000351,0,0,0
219000352,22,40,-18
219000353,4,29,-25
219000354,2,11,-9
219000355,24,16,8
219000356,44,48,-4
219000363,71,4,67
219000364,115,2,113
219000365,30,0,30
219000366,100,1,99
219000368,41,27,14
219000370,43,70,-27
219000371,0,0,0
219000382,0,0,0
219000383,0,0,0
219000385,0,0,0
219000386,0,0,0
219000387,0,0,0
219000390,0,0,0
219000391,0,0,0
219000397,0,0,0
219000398,0,0,0
219000401,0,0,0
219000402,0,0,0
219000403,0,0,0
219000404,0,0,0
219000409,16,32,-16
219000410,92,2,90
219000411,16,1,15
219000446,0,0,0
219000447,0,0,0
219000448,39,1,38
219000452,0,0,0
219000453,0,0,0
219000454,6,27,-21
219000556,17,17,0
219000558,0,0,0
219000590,0,0,0
219000591,20,10,10
219000592,0,0,0
219000595,0,0,0
219000635,54,1,53
219000636,0,0,0
219000657,1,0,1
219000658,0,0,0
219000673,0,0,0
219000676,0,0,0
219000679,2,0,2
219000684,0,0,0
219000685,0,0,0
219000686,0,0,0
219000688,0,0,0
219000689,0,0,0
219000690,317,3,314
219000693,0,0,0
219000694,0,0,0
219000695,0,0,0
219000698,22,0,22
219000699,0,0,0
219000727,0,0,0
219000728,0,0,0
219000770,2,0,2
219000771,0,0,0
219001150,0,0,0
219001151,0,0,0
220000001,0,16,-16
220000002,0,0,0
220000003,0,0,0
220000004,0,0,0
220000005,0,0,0
220000006,0,0,0
220000007,0,0,0
220000008,0,0,0
220000009,0,0,0
220000010,3,0,3
220000011,2,3,-1
220000012,0,0,0
220000014,0,0,0
220000015,0,0,0
220000017,0,0,0
220000018,0,0,0
220000019,0,0,0
220000020,4,2,2
220000021,0,0,0
220000022,0,0,0
220000023,0,0,0
220000024,7,0,7
220000025,3,13,-10
220000026,16,23,-7
220000027,0,19,-19
220000028,1,14,-13
220000029,0,0,0
220000030,0,0,0
220000031,36,49,-13
220000064,0,0,0
221000046,19,0,19
221000047,0,0,0
221000048,0,0,0
221000049,0,0,0
221000050,40,0,40
221000055,34,0,34
221000057,100,31,69
221000068,357,19,338
221000069,211,16,195
221000070,139,23,116
221000071,88,4,84
221000072,147,2,145
221000073,89,6,83
221000074,0,0,0
221000075,0,0,0
221000076,0,0,0
221000077,0,0,0
221000081,11,0,11
221000082,25,0,25
221000083,17,0,17
221000084,50,0,50
221000085,1,0,1
221000086,0,0,0
221000087,0,0,0
221000088,0,0,0
221000089,0,0,0
221000090,0,0,0
221000098,66,8,58
221000099,109,0,109
221000100,112,1,111
221000101,159,2,157
221000102,74,5,69
221000109,0,0,0
221000110,0,0,0
221000111,0,0,0
221000112,0,0,0
221000113,0,0,0
221000114,0,0,0
221000120,0,0,0
221000121,0,46,-46
221000122,8,12,-4
221000123,0,0,0
221000124,0,0,0
221000155,55,20,35
221000156,0,2,-2
221000175,0,0,0
221000176,0,0,0
221000182,19,0,19
221000241,638,101,537
221000242,0,0,0
221000243,388,28,360
221000244,0,0,0
221000245,152,14,138
221000246,0,0,0
221000247,171,52,119
221000248,0,0,0
221000267,0,0,0
221000325,0,0,0
221000331,0,0,0
221000338,0,16,-16
221000378,150,24,126
221000381,0,0,0
222000282,0,0,0
222000296,0,0,0
222000568,53,0,53
222000569,30,7,23
222000570,63,5,58
222000571,231,0,231
222000577,0,0,0
222000578,0,0,0
222000579,0,0,0
222000580,0,0,0
222000599,0,0,0
222000600,0,0,0
222000601,0,0,0
222000603,0,0,0
222000604,0,0,0
222000605,0,0,0
222000606,0,0,0
222000607,0,0,0
222000608,0,0,0
222000609,0,0,0
222000616,102,0,102
222000617,0,0,0
222000618,0,0,0
222000620,0,0,0
222000621,25,0,25
222000623,255,1,254
222000624,218,1,217
222000625,191,4,187
222000636,5,1,4
222000686,0,1,-1
222000687,6,1,5
222001066,156,0,156
222001067,37,0,37
222001068,45,0,45
222001069,8,1,7
222001082,0,0,0
222001083,0,0,0
222001084,0,0,0
222001085,0,0,0
222001111,0,0,0
222001112,95,11,84
222001313,0,1,-1
222001314,0,0,0
222001464,3,2,1
222001465,0,0,0
222001484,24,2,22
222001485,0,0,0
222001494,80,17,63
222001495,0,0,0
222001496,87,3,84
222001497,0,0,0
222001502,0,0,0
222001503,26,3,23
222001504,0,0,0
222001505,227,1,226
222001506,0,0,0
222001507,105,0,105
222001510,205,31,174
222001511,0,0,0
222001514,213,14,199
222001515,0,0,0
222001518,90,3,87
222001519,0,0,0
222001527,22,9,13
222001528,0,0,0
222001529,182,4,178
222001530,0,0,0
222001533,0,0,0
222001534,392,32,360
222001535,37,23,14
222001536,0,0,0
222001537,53,4,49
222001538,0,0,0
222001563,264,9,255
222001564,0,0,0
222001568,29,7,22
222001576,0,0,0
222001579,0,0,0
222001583,0,0,0
222001584,30,1,29
222001596,0,0,0
222001597,139,35,104
222001626,0,0,0
222001650,0,12,-12
222001651,3,0,3
222001914,22,6,16
222001915,0,0,0
222900004,60,22,38
222900009,0,0,0
222900019,21,1,20
222900024,12,0,12
222900025,0,0,0
225000001,147,17,130
225000002,134,40,94
225000003,99,6,93
225000004,124,25,99
225000005,58,7,51
225000006,0,0,0
225000007,0,0,0
225000010,7,0,7
225000011,95,283,-188
225000012,50,113,-63
225000013,79,20,59
225000014,57,12,45
225000015,0,0,0
225000021,178,28,150
225000027,0,0,0
225000032,181,48,133
225000042,0,0,0
225000049,0,0,0
225000050,5,0,5
225000053,0,0,0
225000058,134,9,125
225000067,0,0,0
225000068,0,0,0
225000069,0,0,0
225000070,0,0,0
225000071,0,0,0
225000075,0,0,0
225000076,0,0,0
225000078,1,10,-9
225000085,25,7,18
225000086,20,1,19
225000087,41,3,38
225000088,0,0,0
225000089,0,0,0
225000090,0,0,0
225000091,0,0,0
225000092,0,0,0
225000093,0,0,0
225000094,0,0,0
225000095,0,0,0
225000096,0,0,0
225000098,244,94,150
225000099,155,23,132
225000100,156,28,128
225000104,0,0,0
225000110,0,0,0
225000111,0,0,0
225000112,0,0,0
225000113,0,0,0
225000114,0,0,0
225000115,0,0,0
225000116,108,56,52
225000117,288,73,215
225000118,390,62,328
225000119,43,6,37
225000120,115,7,108
225000121,91,2,89
225000123,688,12,676
225000125,94,29,65
225000126,181,55,126
225000127,447,95,352
225000128,297,139,158
225000132,0,0,0
225000133,0,0,0
225000134,25,73,-48
225000135,20,0,20
225000136,41,0,41
225000137,25,0,25
225000138,230,1,229
225000143,0,0,0
225000144,0,0,0
225000145,84,34,50
225000146,0,0,0
225000147,0,0,0
225000148,0,0,0
225000149,0,0,0
225000151,0,0,0
225000155,0,0,0
225000156,0,0,0
225000157,0,0,0
225000158,0,0,0
225000171,0,0,0
225000180,3,0,3
225000181,0,0,0
225000182,15,2,13
225000185,0,0,0
225000187,0,0,0
225000191,37,0,37
225000194,0,0,0
225000208,0,0,0
225000209,21,14,7
225000210,0,0,0
225000217,0,0,0
225000218,21,0,21
225000223,0,0,0
225000224,0,0,0
225000225,0,0,0
225000226,314,16,298
225000227,0,0,0
225000228,2,9,-7
225000229,0,0,0
225000230,6,0,6
225000231,0,0,0
225000232,50,0,50
225000241,131,1,130
225000242,0,0,0
225000249,7,0,7
225000250,0,0,0
225000251,0,0,0
225000254,0,0,0
225000256,0,0,0
225000257,0,0,0
226000042,0,0,0
226000043,0,0,0
226000044,0,0,0
226000045,0,0,0
226000046,90,10,80
226000047,86,21,65
226000048,80,8,72
226000049,98,3,95
226000070,0,0,0
226000071,0,0,0
226000072,0,0,0
226000073,0,0,0
226000074,0,0,0
226000084,0,0,0
226000085,0,0,0
226000086,0,0,0
226000087,0,0,0
226000088,0,0,0
226000090,2,7,-5
226000091,0,1,-1
226000092,0,1,-1
226000093,0,0,0
226000094,1,2,-1
226000095,3,34,-31
226000105,0,0,0
226000106,2,0,2
226000107,0,0,0
226000108,5,0,5
226000109,12,0,12
226000124,51,15,36
226000134,106,64,42
226000135,162,42,120
226000136,34,24,10
226000137,0,0,0
226000138,0,0,0
226000139,0,0,0
226000156,73,1,72
226000157,147,1,146
226000163,0,0,0
226000202,0,0,0
226000231,75,0,75
226000232,1,0,1
227000033,132,0,132
227000036,170,0,170
227000037,58,1,57
227000038,74,2,72
227000084,0,0,0
227000085,0,0,0
227000088,16,0,16
227000089,2,0,2
227000090,0,0,0
227000091,8,0,8
227000092,10,0,10
227000093,1,0,1
227000094,0,0,0
227000130,0,0,0
227000131,0,0,0
227000132,0,0,0
227000133,0,0,0
227000134,0,0,0
227000152,0,0,0
227000153,0,0,0
227000154,0,0,0
227000155,0,0,0
227000156,0,0,0
227000165,0,0,0
227000196,100,1,99
227000199,150,4,146
227000230,0,0,0
227000232,58,0,58
227000242,0,0,0
227000243,78,2,76
227000245,0,0,0
227000246,0,0,0
227000247,137,3,134
227000248,12,2,10
227000249,0,0,0
227000250,8,63,-55
227000251,0,0,0
227000252,0,0,0
227000253,45,6,39
227000262,129,1,128
227000266,152,2,150
227000267,0,0,0
227000282,0,0,0
227000284,149,1,148
227000286,0,0,0
227000291,0,0,0
227000296,45,0,45
227000484,145,1,144
227000485,0,0,0
227000655,68,0,68
227000656,87,6,81
227000657,4,1,3
229000265,7,1,6
229000266,0,0,0
229000267,19,0,19
229000268,2,0,2
229000269,2,0,2
229000274,0,0,0
229000275,0,0,0
229000276,0,0,0
229000277,0,0,0
229000278,0,0,0
229000295,0,0,0
229000296,0,0,0
229000297,0,0,0
229000298,0,0,0
229000320,4,2,2
229000321,1,1,0
229000412,0,0,0
229000414,0,0,0
229000415,1,0,1
229000416,0,0,0
229000417,0,0,0
229000419,0,0,0
229000440,42,5,37
229000442,8,2,6
229000443,1,0,1
229000444,0,0,0
229000445,12,0,12
229000446,24,4,20
229000491,0,0,0
229000492,0,0,0
229000493,0,0,0
229000494,0,0,0
229000495,0,0,0
229000496,0,0,0
229000507,0,0,0
229000508,0,0,0
229000509,0,0,0
229000510,0,0,0
229000511,0,0,0
229000512,0,0,0
229000513,0,0,0
229000514,0,0,0
229000517,0,0,0
229000518,0,0,0
229000519,0,0,0
229000520,0,0,0
229000521,0,0,0
229000522,0,0,0
229000523,0,0,0
229000524,0,0,0
229000527,0,0,0
229000528,0,0,0
229000529,0,0,0
229000530,0,0,0
229000531,0,0,0
229000532,0,0,0
229000533,7,0,7
229000534,0,0,0
229000564,57,9,48
229000565,24,2,22
229000566,0,0,0
229000567,0,0,0
229000582,70,10,60
229000583,0,13,-13
229000584,0,0,0
229000585,0,0,0
229000718,0,0,0
229000719,0,0,0
229000720,0,0,0
229000721,0,0,0
229000722,0,0,0
229000723,0,0,0
229000724,0,0,0
229000725,0,0,0
229000738,1,0,1
229000739,0,0,0
229000740,1,0,1
229000741,42,0,42
229000742,33,0,33
229000743,21,0,21
229000744,3,0,3
229000745,1,0,1
229000746,16,0,16
229000847,0,0,0
229000848,0,0,0
229000849,0,0,0
229000851,0,0,0
229000854,0,0,0
229000856,0,0,0
229000857,0,0,0
229000858,0,0,0
229000919,0,0,0
229000930,0,0,0
229000937,64,1,63
229000966,18,2,16
229000981,0,0,0
229000985,0,0,0
229000986,0,0,0
229000987,0,0,0
229000988,0,0,0
229000989,0,0,0
229000990,0,0,0
229000991,0,0,0
229000992,2,0,2
229000993,28,18,10
229000998,0,0,0
229000999,2,4,-2
229001034,0,0,0
229001035,0,0,0
229001036,0,0,0
229001037,10,0,10
229001038,0,0,0
229001039,0,0,0
229001040,0,0,0
229001041,45,0,45
229001042,3,5,-2
229001047,0,0,0
229001050,19,3,16
229001168,0,0,0
229001200,0,0,0
229001338,0,0,0
229001394,132,0,132
229001422,47,4,43
229001423,0,0,0
229001431,53,2,51
229001432,0,0,0
229001444,77,1,76
229001445,0,0,0
229001479,0,0,0
229001503,109,6,103
229001504,0,0,0
229001505,84,3,81
229001506,0,0,0
229001509,2,1,1
229001510,0,0,0
229001545,50,0,50
229001546,0,0,0
229001553,51,2,49
229001554,0,0,0
229001630,51,0,51
229001631,0,0,0
229001635,0,0,0
229001636,0,0,0
229001658,0,0,0
229001659,66,0,66
229001660,0,2,-2
229001661,0,0,0
229001662,14,0,14
229001663,0,0,0
229002584,36,12,24
229002831,0,0,0
229002841,0,0,0
229002842,1,0,1
229002843,1,4,-3
229002844,0,0,0
229002845,0,0,0
229002846,0,0,0
229002847,0,0,0
229002848,0,1,-1
229002849,0,0,0
229002850,25,0,25
229002851,0,0,0
229002852,29,2,27
229002853,4,0,4
229002854,0,0,0
229002855,0,0,0
229002856,8,1,7
229002857,0,0,0
229002858,3,0,3
229002859,0,0,0
229002860,5,0,5
229002861,3,9,-6
229002862,0,0,0
229002863,0,0,0
229002864,1,1,0
229002865,0,0,0
229002866,1,2,-1
229002867,0,0,0
229002868,1,2,-1
229002869,0,0,0
229002870,13,0,13
235000067,268,6,262
235000072,0,0,0
235000080,0,0,0
235000081,0,0,0
235000082,136,2,134
235000083,107,11,96
235000084,8,3,5
235000085,285,13,272
235000093,0,0,0
235000097,2,0,2
235000098,77,1,76
235000115,174,14,160
235000116,7,1,6
235000117,56,2,54
235000133,0,0,0
235000134,0,0,0
235000206,0,1,-1
235000207,0,0,0
235000210,0,2,-2
235000212,0,0,0
235000220,0,0,0
235000221,0,0,0
235000238,1,147,-146
235000239,0,1,-1
235000242,10,252,-242
235000245,0,0,0
235000246,0,0,0
235000284,0,0,0
235000295,4,0,4
235000305,118,30,88
235000306,82,0,82
235000307,30,0,30
235000308,0,0,0
235000309,2,0,2
235000310,0,0,0
235000311,15,1,14
235000322,0,0,0
235000323,0,0,0
235000324,0,0,0
235000325,0,0,0
235000326,0,0,0
235000351,0,0,0
235000352,0,0,0
235000353,0,0,0
235000354,0,0,0
235000355,0,0,0
235000356,7,0,7
235000357,15,0,15
235000358,7,0,7
235000359,0,0,0
235000360,2,1,1
235000361,10,0,10
235000381,0,0,0
235000382,18,2,16
235000390,1,0,1
235000391,193,0,193
235000392,139,43,96
235000393,84,16,68
235000395,132,9,123
235000396,348,7,341
235000399,26,4,22
235000400,13,6,7
235000401,0,0,0
235000402,0,0,0
235000405,0,0,0
235000406,0,0,0
235000407,0,0,0
235000409,0,0,0
235000411,0,0,0
235000485,0,0,0
235000486,51,0,51
235000549,51,8,43
235000550,0,0,0
235000599,0,0,0
235000600,0,0,0
235000601,11,0,11
235000602,25,1,24
235000614,0,0,0
235000648,0,0,0
235000649,54,0,54
235000815,0,0,0
235000834,0,0,0
235000855,58,6,52
235000862,0,0,0
235000891,0,0,0
235000892,5,0,5
235000901,0,0,0
235000907,0,0,0
235001010,34,12,22
235001030,255,19,236
235001078,39,6,33
235001079,0,0,0
235001147,0,2,-2
235001166,13,6,7
235001167,0,0,0
235001169,0,0,0
235001200,0,0,0
235001239,0,0,0
235016266,0,0,0
235016267,0,0,0
235900013,0,0,0
235900014,0,1,-1
241900007,49,0,49
277101746,0,0,0
277102712,26,4,22
277103813,0,0,0
277103814,0,0,0
277103898,0,0,0
990010990,0,0,0
990011530,0,0,0
990014944,0,1,-1
990015176,5,0,5
990015618,0,0,0
990015888,0,0,0
990016032,0,0,0
990032570,0,0,0
990070001,50,3,47
990070103,0,0,0
990070601,0,0,0
990070751,0,0,0
990070766,0,0,0
990071180,523,27,496
990071343,19,1,18
990071387,0,0,0
990071823,93,2,91
990072600,0,0,0
990072964,0,0,0
990073285,0,0,0
990074393,0,0,0
990074714,10,3,7
990074870,506,17,489
990075106,196,1,195
990075746,191,1,190
990076437,1609,35,1574
990076458,0,0,0
997000007,123,0,123
997000041,0,0,0
997000058,38,0,38
997000062,45,0,45
997000069,0,0,0
997000070,0,0,0
997000100,1,0,1
997000141,0,0,0
997000198,0,0,0
998000475,0,0,0
998000736,0,0,0
998000965,0,0,0
998001031,0,0,0
998001072,0,0,0
998001091,3,2,1
998001093,1,0,1
998001103,0,0,0
998001105,0,0,0
998001700,0,0,0
998001899,0,0,0
998001900,20,135,-115
998003073,385,4,381
998003124,1,3,-2
998003125,0,0,0
998101900,4,56,-52
998102850,0,0,0
998501819,0,0,0
998501820,0,0,0
998501832,0,0,0
998501927,147,4,143
998501929,549,7,542
998501930,37,0,37
998501931,182,15,167
998501932,0,0,0
998501933,700,1,699
998501937,14,0,14
998501944,0,0,0
998501950,0,0,0
998501970,52,1,51
998501971,0,134,-134
998501972,173,2,171
998501973,0,0,0
998501974,0,0,0
998501975,51,2,49
998501976,91,0,91
998501977,0,7,-7
998501978,6,0,6
998501979,0,0,0
998501980,18,0,18
998501981,62,0,62
998501982,0,0,0
998501983,0,0,0
998502006,0,0,0
998502024,0,0,0
998502032,0,4,-4
998502062,8,0,8
998502063,0,0,0
998502173,2,0,2
998502269,0,0,0
998601159,0,0,0
998601292,0,0,0
999033574,0,0,0
999800001,66,19,47
999800002,0,0,0
999800003,12,0,12
999800004,0,0,0
999800005,0,0,0
