dong,insum,outsum,diff
강남구 개포1동,1459,1353,106
강남구 개포2동,22295,14910,7385
강남구 개포4동,16101,11567,4534
강남구 논현1동,55531,58190,-2659
강남구 논현2동,33548,54686,-21138
강남구 대치1동,14988,20495,-5507
강남구 대치2동,36164,58206,-22042
강남구 대치4동,37001,32394,4607
강남구 도곡1동,25683,30502,-4819
강남구 도곡2동,9672,10344,-672
강남구 삼성1동,59201,67481,-8280
강남구 삼성2동,24693,42779,-18086
강남구 세곡동,43188,21357,21831
강남구 수서동,19461,33819,-14358
강남구 신사동,22427,31805,-9378
강남구 압구정동,37197,62041,-24844
강남구 역삼1동,85178,102360,-17182
강남구 역삼2동,31747,37733,-5986
강남구 일원1동,12700,10125,2575
강남구 일원2동,4154,2868,1286
강남구 일원본동,17181,10629,6552
강남구 청담동,47113,62837,-15724
강동구 강일동,23412,8944,14468
강동구 고덕제1동,9763,6299,3464
강동구 고덕제2동,10793,18342,-7549
강동구 길동,17529,14030,3499
강동구 둔촌제1동,213,796,-583
강동구 둔촌제2동,9744,10085,-341
강동구 명일제1동,14087,16911,-2824
강동구 명일제2동,9235,9810,-575
강동구 상일동,13163,13732,-569
강동구 성내제1동,9961,8295,1666
강동구 성내제2동,11051,11623,-572
강동구 성내제3동,13396,16080,-2684
강동구 암사제1동,16124,5952,10172
강동구 암사제2동,3265,10650,-7385
강동구 암사제3동,3665,1040,2625
강동구 천호제1동,7049,4757,2292
강동구 천호제2동,16722,25714,-8992
강동구 천호제3동,9118,11481,-2363
강북구 미아동,17987,23980,-5993
강북구 번1동,33784,37055,-3271
강북구 번2동,14672,9579,5093
강북구 번3동,29722,12040,17682
강북구 삼각산동,9031,4672,4359
강북구 삼양동,22002,10825,11177
강북구 송중동,48271,51734,-3463
강북구 송천동,42597,37857,4740
강북구 수유1동,28810,19778,9032
강북구 수유2동,21542,10519,11023
강북구 수유3동,38362,67844,-29482
강북구 우이동,22766,16641,6125
강북구 월곡제1동,3136,3139,-3
강북구 인수동,21014,12195,8819
강서구 가양제1동,14963,17945,-2982
강서구 가양제2동,3692,3951,-259
강서구 가양제3동,5743,3064,2679
강서구 공항동,16382,13690,2692
강서구 등촌제1동,19660,27100,-7440
강서구 등촌제2동,13213,6786,6427
강서구 등촌제3동,19702,29454,-9752
강서구 발산제1동,28351,24452,3899
강서구 방화제1동,13775,14562,-787
강서구 방화제2동,11675,12069,-394
강서구 방화제3동,3111,2465,646
강서구 염창동,16058,9037,7021
강서구 우장산동,21549,20841,708
강서구 화곡본동,16237,10977,5260
강서구 화곡제1동,41692,40159,1533
강서구 화곡제2동,15660,6510,9150
강서구 화곡제3동,9601,14216,-4615
강서구 화곡제4동,13551,8719,4832
강서구 화곡제6동,27468,24082,3386
강서구 화곡제8동,14964,17630,-2666
관악구 낙성대동,43968,60944,-16976
관악구 난곡동,32937,8045,24892
관악구 난향동,16298,4923,11375
관악구 남현동,19121,17006,2115
관악구 대학동,42030,76165,-34135
관악구 미성동,37181,23425,13756
관악구 보라매동,23218,24471,-1253
관악구 삼성동,27007,18608,8399
관악구 서림동,39493,10159,29334
관악구 서원동,42983,84330,-41347
관악구 성현동,29630,10925,18705
관악구 신림동,38506,66430,-27924
관악구 신사동,20148,13142,7006
관악구 신원동,8269,5941,2328
관악구 은천동,28388,25810,2578
관악구 인헌동,15530,12749,2781
관악구 조원동,29548,73725,-44177
관악구 중앙동,8201,5719,2482
관악구 청룡동,40518,36834,3684
관악구 청림동,10667,2899,7768
관악구 행운동,40920,41288,-368
광진구 광장동,9773,7807,1966
광진구 구의제1동,15890,13961,1929
광진구 구의제2동,18366,14098,4268
광진구 구의제3동,8889,19572,-10683
광진구 군자동,19164,17208,1956
광진구 능동,10715,11490,-775
광진구 자양제1동,7607,4191,3416
광진구 자양제2동,31584,18834,12750
광진구 자양제3동,7861,5711,2150
광진구 자양제4동,23533,21293,2240
광진구 중곡제1동,10553,6953,3600
광진구 중곡제2동,15015,13901,1114
광진구 중곡제3동,12122,5815,6307
광진구 중곡제4동,9906,5331,4575
광진구 화양동,14294,19632,-5338
구로구 가리봉동,11999,16818,-4819
구로구 개봉제1동,38034,36002,2032
구로구 개봉제2동,23288,23810,-522
구로구 개봉제3동,12528,6135,6393
구로구 고척제1동,27090,28927,-1837
구로구 고척제2동,28034,12458,15576
구로구 구로제1동,16096,13130,2966
구로구 구로제2동,43192,45627,-2435
구로구 구로제3동,39003,80973,-41970
구로구 구로제4동,25727,26270,-543
구로구 구로제5동,30215,43646,-13431
구로구 수궁동,27636,28461,-825
구로구 신도림동,31251,46474,-15223
구로구 오류제1동,16493,12185,4308
구로구 오류제2동,16516,15307,1209
구로구 항동,4846,1233,3613
금천구 가산동,54392,79853,-25461
금천구 독산제1동,47512,47236,276
금천구 독산제2동,29434,13641,15793
금천구 독산제3동,35235,21524,13711
금천구 독산제4동,20828,10874,9954
금천구 미성동,195,138,57
금천구 시흥제1동,36138,43735,-7597
금천구 시흥제2동,18768,8946,9822
금천구 시흥제3동,14147,12493,1654
금천구 시흥제4동,18845,4844,14001
금천구 시흥제5동,31150,12364,18786
노원구 공릉1동,25961,20811,5150
노원구 공릉2동,23558,38742,-15184
노원구 상계10동,7750,7939,-189
노원구 상계1동,18126,14995,3131
노원구 상계2동,13336,27250,-13914
노원구 상계3.4동,5903,3057,2846
노원구 상계5동,14823,13012,1811
노원구 상계6.7동,18374,31461,-13087
노원구 상계8동,10432,4401,6031
노원구 상계9동,9645,5956,3689
노원구 월계1동,41092,51357,-10265
노원구 월계2동,17578,13999,3579
노원구 월계3동,15090,13577,1513
노원구 중계1동,14239,8471,5768
노원구 중계2.3동,15628,22280,-6652
노원구 중계4동,9080,13163,-4083
노원구 중계본동,16484,8104,8380
노원구 하계1동,22349,22404,-55
노원구 하계2동,16252,14467,1785
도봉구 도봉제1동,20817,13948,6869
도봉구 도봉제2동,15037,19406,-4369
도봉구 방학제1동,22830,18088,4742
도봉구 방학제2동,12267,6072,6195
도봉구 방학제3동,22839,7127,15712
도봉구 쌍문제1동,20241,13038,7203
도봉구 쌍문제2동,22557,21216,1341
도봉구 쌍문제3동,14070,25741,-11671
도봉구 쌍문제4동,16852,5165,11687
도봉구 창제1동,20949,31259,-10310
도봉구 창제2동,15139,8733,6406
도봉구 창제3동,18107,6751,11356
도봉구 창제4동,18705,26647,-7942
도봉구 창제5동,13431,18376,-4945
동대문구 답십리제1동,24607,21027,3580
동대문구 답십리제2동,26418,16714,9704
동대문구 면목제5동,377,213,164
동대문구 용신동,49980,65940,-15960
동대문구 이문제1동,13115,18467,-5352
동대문구 이문제2동,7859,6407,1452
동대문구 장안제1동,34263,41162,-6899
동대문구 장안제2동,28758,20083,8675
동대문구 전농제1동,30210,38999,-8789
동대문구 전농제2동,25548,14426,11122
동대문구 제기동,38243,50779,-12536
동대문구 청량리동,43098,50452,-7354
동대문구 회기동,11360,24810,-13450
동대문구 휘경제1동,42404,32568,9836
동대문구 휘경제2동,18490,14892,3598
동작구 노량진제1동,45755,74501,-28746
동작구 노량진제2동,25850,23817,2033
동작구 대방동,64287,46199,18088
동작구 사당제1동,14817,14544,273
동작구 사당제2동,20991,21041,-50
동작구 사당제3동,14288,6750,7538
동작구 사당제4동,3056,3099,-43
동작구 사당제5동,14398,6776,7622
동작구 상도제1동,67691,72882,-5191
동작구 상도제2동,28502,25180,3322
동작구 상도제3동,23956,13706,10250
동작구 상도제4동,25302,7227,18075
동작구 신대방제1동,13778,16308,-2530
동작구 신대방제2동,37415,35667,1748
동작구 흑석동,39089,32820,6269
마포구 공덕동,24676,16521,8155
마포구 대흥동,26630,32316,-5686
마포구 도화동,8198,9104,-906
마포구 망원제1동,16832,8663,8169
마포구 망원제2동,11517,6777,4740
마포구 상암동,63505,89707,-26202
마포구 서강동,16333,11365,4968
마포구 서교동,73582,115577,-41995
마포구 성산제1동,20693,15245,5448
마포구 성산제2동,34652,21278,13374
마포구 신수동,7455,5025,2430
마포구 아현동,32380,24475,7905
마포구 연남동,17633,15091,2542
마포구 염리동,4630,4584,46
마포구 용강동,19574,17141,2433
마포구 합정동,15557,23526,-7969
서대문구 남가좌제1동,18892,10964,7928
서대문구 남가좌제2동,26408,19828,6580
서대문구 북가좌제1동,9283,7508,1775
서대문구 북가좌제2동,28004,10273,17731
서대문구 북아현동,14322,13234,1088
서대문구 신촌동,75710,127282,-51572
서대문구 연희동,58692,50592,8100
서대문구 천연동,37916,34216,3700
서대문구 충현동,33952,53636,-19684
서대문구 홍은제1동,25784,14601,11183
서대문구 홍은제2동,45984,47987,-2003
서대문구 홍제제1동,34986,39830,-4844
서대문구 홍제제2동,18138,8204,9934
서대문구 홍제제3동,21393,21562,-169
서초구 내곡동,17013,19962,-2949
서초구 반포1동,46293,25395,20898
서초구 반포2동,7977,7541,436
서초구 반포3동,17159,17660,-501
서초구 반포4동,29278,47636,-18358
서초구 반포본동,13645,13122,523
서초구 방배1동,25110,22731,2379
서초구 방배2동,25330,27072,-1742
서초구 방배3동,27151,22931,4220
서초구 방배4동,26573,23929,2644
서초구 방배본동,17003,18186,-1183
서초구 서초1동,20127,25264,-5137
서초구 서초2동,36380,66978,-30598
서초구 서초3동,43474,57233,-13759
서초구 서초4동,38816,44029,-5213
서초구 양재1동,94838,84340,10498
서초구 양재2동,38186,45159,-6973
서초구 잠원동,25104,23036,2068
성동구 금호1가동,11246,6044,5202
성동구 금호2.3가동,16153,15060,1093
성동구 금호4가동,13249,5771,7478
성동구 마장동,14114,16259,-2145
성동구 사근동,7564,10605,-3041
성동구 성수1가제1동,9337,10843,-1506
성동구 성수1가제2동,5176,8793,-3617
성동구 성수2가제1동,10631,6327,4304
성동구 성수2가제3동,8046,11872,-3826
성동구 송정동,10102,5545,4557
성동구 옥수동,17418,17841,-423
성동구 왕십리도선동,15145,15432,-287
성동구 왕십리제2동,12840,11853,987
성동구 용답동,10967,11561,-594
성동구 응봉동,13397,3848,9549
성동구 행당제1동,11356,22787,-11431
성동구 행당제2동,14952,9755,5197
성북구 길음제1동,34827,31341,3486
성북구 길음제2동,13837,28917,-15080
성북구 돈암제1동,34111,20424,13687
성북구 돈암제2동,14645,4973,9672
성북구 동선동,24998,35936,-10938
성북구 보문동,16237,11170,5067
성북구 삼선동,38640,35239,3401
성북구 석관동,14555,11795,2760
성북구 성북동,34969,36075,-1106
성북구 안암동,16312,24090,-7778
성북구 월곡제1동,22286,18802,3484
성북구 월곡제2동,11289,13013,-1724
성북구 장위제1동,20572,9935,10637
성북구 장위제2동,14646,12367,2279
성북구 장위제3동,6027,4995,1032
성북구 정릉제1동,19706,14220,5486
성북구 정릉제2동,31729,13590,18139
성북구 정릉제3동,11795,31976,-20181
성북구 정릉제4동,31604,25957,5647
성북구 종암동,45618,28812,16806
송파구 가락1동,5712,4628,1084
송파구 가락2동,24462,16724,7738
송파구 가락본동,19400,24739,-5339
송파구 거여1동,6309,4308,2001
송파구 거여2동,1547,777,770
송파구 마천1동,9807,4961,4846
송파구 마천2동,17623,8649,8974
송파구 문정1동,8434,7460,974
송파구 문정2동,20500,39916,-19416
송파구 방이1동,11797,6726,5071
송파구 방이2동,18933,24629,-5696
송파구 삼전동,27731,11967,15764
송파구 석촌동,29624,24992,4632
송파구 송파1동,20483,18557,1926
송파구 송파2동,9336,5715,3621
송파구 오금동,24658,20729,3929
송파구 오륜동,7893,9850,-1957
송파구 위례동,19873,9477,10396
송파구 잠실2동,5809,12035,-6226
송파구 잠실3동,30328,59296,-28968
송파구 잠실4동,1414,1727,-313
송파구 잠실6동,10591,34586,-23995
송파구 잠실7동,8029,12139,-4110
송파구 잠실본동,30238,24897,5341
송파구 장지동,20645,9962,10683
송파구 풍납1동,8587,4502,4085
송파구 풍납2동,13674,14740,-1066
양천구 목1동,23215,42501,-19286
양천구 목2동,28477,23058,5419
양천구 목3동,28245,25448,2797
양천구 목4동,27510,10035,17475
양천구 목5동,27443,24280,3163
양천구 신월1동,12264,4231,8033
양천구 신월2동,13879,7757,6122
양천구 신월3동,9374,5691,3683
양천구 신월4동,11768,5821,5947
양천구 신월5동,9871,6282,3589
양천구 신월6동,8729,4336,4393
양천구 신월7동,21643,8423,13220
양천구 신정1동,10844,15990,-5146
양천구 신정2동,10120,5207,4913
양천구 신정3동,40687,23357,17330
양천구 신정4동,21356,34480,-13124
양천구 신정6동,7839,5997,1842
양천구 신정7동,12390,10652,1738
영등포구 당산제1동,13136,22414,-9278
영등포구 당산제2동,28266,41708,-13442
영등포구 대림제1동,15872,13612,2260
영등포구 대림제2동,5983,8145,-2162
영등포구 대림제3동,20392,17763,2629
영등포구 도림동,18917,8834,10083
영등포구 문래동,20067,33926,-13859
영등포구 신길제1동,18823,10297,8526
영등포구 신길제3동,23477,10698,12779
영등포구 신길제4동,10084,3877,6207
영등포구 신길제5동,15105,13490,1615
영등포구 신길제6동,18288,12845,5443
영등포구 신길제7동,18559,12300,6259
영등포구 양평제1동,10290,11867,-1577
영등포구 양평제2동,20599,21848,-1249
영등포구 여의동,58107,131220,-73113
영등포구 영등포동,46889,76398,-29509
영등포구 영등포본동,20826,26602,-5776
용산구 남영동,43101,46718,-3617
용산구 보광동,14810,5288,9522
용산구 서빙고동,15604,12281,3323
용산구 용문동,5992,4123,1869
용산구 용산2가동,18254,12480,5774
용산구 원효로제1동,17589,17858,-269
용산구 원효로제2동,14868,9584,5284
용산구 이촌제1동,14296,14071,225
용산구 이촌제2동,6970,2880,4090
용산구 이태원제1동,15560,16362,-802
용산구 이태원제2동,11818,6949,4869
용산구 청파동,25113,23518,1595
용산구 필동,365,816,-451
용산구 한강로동,44216,64203,-19987
용산구 한남동,57224,58542,-1318
용산구 효창동,13570,7074,6496
용산구 후암동,16788,10676,6112
은평구 갈현제1동,19235,9502,9733
은평구 갈현제2동,19030,11149,7881
은평구 구산동,26548,6606,19942
은평구 녹번동,29484,21550,7934
은평구 대조동,29480,54816,-25336
은평구 불광제1동,26643,18956,7687
은평구 불광제2동,25579,24309,1270
은평구 수색동,13303,11479,1824
은평구 신사제1동,20664,18821,1843
은평구 신사제2동,28956,17697,11259
은평구 역촌동,31724,15774,15950
은평구 응암제1동,29484,42463,-12979
은평구 응암제2동,15452,6094,9358
은평구 응암제3동,18751,15751,3000
은평구 증산동,24166,20976,3190
은평구 진관동,43449,40058,3391
종로구 가회동,6566,7409,-843
종로구 교남동,8228,4910,3318
종로구 무악동,3819,2521,1298
종로구 부암동,19571,28283,-8712
종로구 사직동,44432,81012,-36580
종로구 삼청동,4433,12178,-7745
종로구 숭인제1동,1778,1242,536
종로구 숭인제2동,12723,20025,-7302
종로구 이화동,16219,25865,-9646
종로구 종로1.2.3.4가동,80026,182837,-102811
종로구 종로5.6가동,14149,29788,-15639
종로구 창신제1동,12985,10765,2220
종로구 창신제2동,8737,15541,-6804
종로구 창신제3동,4798,4946,-148
종로구 청운효자동,15216,15858,-642
종로구 충현동,3252,1443,1809
종로구 평창동,21157,19105,2052
종로구 혜화동,30268,41536,-11268
중구 광희동,15065,27346,-12281
중구 다산동,11398,7789,3609
중구 동화동,2143,2012,131
중구 명동,31749,56676,-24927
중구 소공동,27649,68979,-41330
중구 신당동,8880,9070,-190
중구 신당제5동,8726,12488,-3762
중구 약수동,7298,5693,1605
중구 을지로동,3367,11768,-8401
중구 장충동,5357,9342,-3985
중구 중림동,8725,8343,382
중구 청구동,4915,3689,1226
중구 필동,4956,7745,-2789
중구 황학동,10549,7856,2693
중구 회현동,44744,76377,-31633
중랑구 망우본동,28724,22196,6528
중랑구 망우제3동,12080,4960,7120
중랑구 면목본동,28946,30621,-1675
중랑구 면목제2동,12142,6963,5179
중랑구 면목제3.8동,23203,27186,-3983
중랑구 면목제4동,13101,7817,5284
중랑구 면목제5동,10068,4446,5622
중랑구 면목제7동,7307,6392,915
중랑구 묵제1동,15849,15091,758
중랑구 묵제2동,8457,4221,4236
중랑구 상봉제1동,14607,12683,1924
중랑구 상봉제2동,18367,22961,-4594
중랑구 신내1동,30989,17223,13766
중랑구 신내2동,22242,19909,2333
중랑구 중화제1동,9289,11843,-2554
중랑구 중화제2동,23264,18146,5118
NA,565319,500262,65057
