ID,insum,outsum,diff
100000001,741,1099,-358
100000002,4221,3100,1121
100000003,6468,5655,813
100000004,1040,1190,-150
100000005,2989,5321,-2332
100000006,583,202,381
100000007,2154,795,1359
100000008,206,524,-318
100000009,632,299,333
100000010,102,107,-5
100000011,1194,130,1064
100000012,111,902,-791
100000013,114,270,-156
100000014,372,410,-38
100000015,1704,2721,-1017
100000016,788,1513,-725
100000017,615,1025,-410
100000018,1538,885,653
100000019,4641,2538,2103
100000020,2176,7616,-5440
100000021,5912,2864,3048
100000022,1384,3261,-1877
100000023,6619,2208,4411
100000025,921,1716,-795
100000028,1224,1300,-76
100000029,128,433,-305
100000030,150,58,92
100000031,3657,7165,-3508
100000032,2094,4170,-2076
100000033,1056,3328,-2272
100000034,292,808,-516
100000035,1390,2119,-729
100000036,1872,1658,214
100000037,642,460,182
100000038,2316,1253,1063
100000039,777,1195,-418
100000040,216,251,-35
100000041,1648,567,1081
100000042,1228,474,754
100000043,859,436,423
100000044,322,846,-524
100000045,426,1137,-711
100000046,647,1011,-364
100000047,480,819,-339
100000048,730,828,-98
100000049,1470,1557,-87
100000051,378,820,-442
100000053,218,10,208
100000054,486,62,424
100000055,885,303,582
100000056,641,614,27
100000057,2494,820,1674
100000058,1067,1074,-7
100000059,24,214,-190
100000060,494,322,172
100000061,2585,762,1823
100000062,2211,641,1570
100000063,1040,284,756
100000064,1879,350,1529
100000065,367,690,-323
100000066,185,620,-435
100000067,481,605,-124
100000068,497,1270,-773
100000069,303,1009,-706
100000072,222,833,-611
100000073,1141,1106,35
100000075,836,286,550
100000076,2292,4014,-1722
100000077,196,323,-127
100000078,42,41,1
100000079,50,49,1
100000080,16,73,-57
100000081,151,286,-135
100000102,2656,3224,-568
100000103,2465,2173,292
100000104,3745,3388,357
100000105,1996,2433,-437
100000106,2429,3166,-737
100000107,450,1620,-1170
100000108,657,1039,-382
100000109,1733,1468,265
100000116,1100,1250,-150
100000117,101,147,-46
100000118,1244,1764,-520
100000119,770,1174,-404
100000121,658,441,217
100000122,897,1190,-293
100000123,1936,3899,-1963
100000124,4026,5720,-1694
100000125,3862,1931,1931
100000126,645,513,132
100000127,1379,407,972
100000128,1550,2975,-1425
100000129,490,622,-132
100000130,532,493,39
100000131,1993,2972,-979
100000132,1157,3269,-2112
100000133,3855,2117,1738
100000135,639,1204,-565
100000139,365,451,-86
100000140,425,476,-51
100000142,617,498,119
100000143,795,509,286
100000144,3977,801,3176
100000147,1301,3629,-2328
100000150,50,434,-384
100000151,1075,1617,-542
100000153,227,529,-302
100000154,45,318,-273
100000155,25,76,-51
100000156,513,624,-111
100000157,399,195,204
100000158,319,110,209
100000159,194,679,-485
100000165,1270,929,341
100000169,192,1083,-891
100000174,544,1028,-484
100000179,92,639,-547
100000180,4499,10941,-6442
100000181,709,549,160
100000188,89,615,-526
100000189,1548,762,786
100000190,877,1465,-588
100000191,784,752,32
100000192,48,108,-60
100000193,343,200,143
100000330,1114,1049,65
100000355,218,1225,-1007
100000362,3998,2360,1638
100000363,5442,5170,272
100000364,201,263,-62
100000365,6565,9106,-2541
100000366,4503,3050,1453
100000367,5337,7951,-2614
100000368,2718,1384,1334
100000369,1148,2544,-1396
100000370,200,1273,-1073
100000376,68,167,-99
100000379,1889,1856,33
100000380,4817,5165,-348
100000384,5465,6215,-750
100000385,3023,4705,-1682
100000386,5743,5875,-132
100000387,4015,6292,-2277
100000388,5350,7725,-2375
100000389,6533,7336,-803
100000390,7774,7741,33
100000391,6235,9737,-3502
100000392,2987,5264,-2277
100000393,2710,5817,-3107
100000394,6368,10376,-4008
100000395,5154,5434,-280
100000396,7131,4609,2522
100000397,5015,8547,-3532
100000398,11551,8174,3377
100900002,16,14,2
100900003,391,223,168
100900004,23,1288,-1265
100900005,144,17,127
100900006,44,109,-65
100900007,374,13,361
100900008,3,369,-366
100900009,84,175,-91
100900010,112,69,43
100900011,154,200,-46
100900012,1,135,-134
100900013,1225,10,1215
100900014,7,19,-12
100900015,71,77,-6
100900016,1,13,-12
100900017,1446,85,1361
100900018,0,18,-18
100900019,35,157,-122
100900020,398,7,391
100900021,746,5,741
100900022,15,36,-21
100900023,0,58,-58
100900024,623,11,612
100900025,18,24,-6
100900026,138,97,41
100900027,642,3570,-2928
100900028,120,247,-127
100900029,45,1,44
100900030,1,92,-91
100900031,856,50,806
100900032,308,2,306
100900033,207,255,-48
100900034,647,3,644
100900035,471,4,467
100900036,27,1,26
100900037,138,156,-18
100900038,96,63,33
100900039,241,434,-193
100900040,584,532,52
100900041,1102,586,516
100900042,1521,1534,-13
100900043,0,13,-13
100900044,1559,630,929
100900045,13,0,13
100900046,1398,10,1388
100900047,1109,316,793
100900048,181,87,94
100900049,65,130,-65
100900050,5,15,-10
100900051,82,138,-56
100900052,538,60,478
100900053,573,22,551
100900054,10,41,-31
100900055,343,825,-482
100900056,106,171,-65
100900057,1759,1243,516
100900058,510,60,450
100900059,166,11,155
100900060,235,5,230
100900061,382,174,208
100900062,6,22,-16
100900063,334,808,-474
100900064,831,20,811
100900065,123,155,-32
100900066,175,222,-47
100900067,29,11,18
100900068,166,61,105
100900069,541,12,529
100900070,451,9,442
100900071,683,175,508
100900072,2,28,-26
100900073,193,343,-150
100900074,4,10,-6
100900075,1759,384,1375
100900076,5,40,-35
100900077,33,45,-12
100900078,97,357,-260
100900079,19,11,8
100900080,59,242,-183
100900081,25,184,-159
100900082,152,373,-221
100900083,7,26,-19
100900085,22,320,-298
100900086,152,880,-728
100900088,165,340,-175
100900089,6,13,-7
100900090,131,587,-456
100900091,11,20,-9
100900092,211,253,-42
100900093,256,431,-175
100900094,155,318,-163
100900095,6,36,-30
100900096,107,156,-49
100900097,0,2,-2
100900098,20,21,-1
100900099,39,474,-435
100900100,13,815,-802
100900101,255,30,225
100900102,85,198,-113
100900103,4,32,-28
100900104,6,188,-182
100900105,31,608,-577
100900106,34,5,29
100900107,1878,847,1031
100900108,21,105,-84
100900109,12,35,-23
100900110,8,21,-13
100900111,35,212,-177
100900112,7,20,-13
100900113,13,40,-27
100900114,20,20,0
100900115,4,22,-18
100900116,1107,931,176
100900117,351,1134,-783
100900118,149,126,23
100900119,26,10,16
100900120,5,16,-11
100900121,594,675,-81
100900122,131,152,-21
100900123,164,150,14
100900124,7,5,2
100900125,9,41,-32
100900126,216,179,37
100900127,9,25,-16
100900128,150,177,-27
100900129,1,197,-196
100900131,140,240,-100
100900133,73,53,20
100900134,2,8,-6
100900135,2,267,-265
100900137,403,191,212
100900138,424,507,-83
100900139,10,2,8
100900140,9,384,-375
100900141,6,665,-659
100900142,8,23,-15
100900143,570,515,55
100900144,5,10,-5
100900145,102,268,-166
100900146,8,75,-67
100900147,24,692,-668
100900148,39,402,-363
100900149,33,334,-301
100900150,17,31,-14
100900151,168,417,-249
100900152,1136,32,1104
100900153,2,233,-231
100900154,17,58,-41
100900155,11,10,1
100900156,106,6,100
100900157,21,238,-217
100900158,1231,187,1044
100900159,2,27,-25
100900160,23,4,19
100900161,152,5,147
100900162,38,395,-357
100900163,189,168,21
100900164,47,27,20
100900165,35,38,-3
100900166,161,3,158
100900167,24,59,-35
100900168,107,179,-72
100900169,157,983,-826
100900170,32,5,27
100900171,16,398,-382
100900172,0,73,-73
100900173,27,315,-288
100900174,394,49,345
100900176,1811,227,1584
100900177,589,441,148
100900178,297,159,138
100900179,354,396,-42
100900180,4,6,-2
100900181,179,108,71
100900182,179,39,140
100900184,32,245,-213
100900186,653,447,206
100900187,18,57,-39
100900188,27,9,18
100900189,2092,281,1811
100900191,831,1214,-383
100900192,231,497,-266
100900195,88,183,-95
100900197,15,46,-31
100900198,47,196,-149
100900199,4,11,-7
100900200,791,420,371
100900201,125,640,-515
100900202,55,0,55
100900203,2,277,-275
100900204,584,2175,-1591
100900205,222,677,-455
100900206,225,127,98
100900207,282,170,112
100900210,122,393,-271
100900211,743,189,554
100900213,274,53,221
100900214,698,122,576
100900215,27,52,-25
101000001,3568,2656,912
101000002,7176,8096,-920
101000003,505,1615,-1110
101000004,7870,6890,980
101000005,5415,5500,-85
101000006,7196,7921,-725
101000007,4147,4851,-704
101000008,2373,2390,-17
101000009,2202,922,1280
101000010,909,814,95
101000011,1371,500,871
101000012,888,767,121
101000013,765,1201,-436
101000014,455,541,-86
101000015,1680,884,796
101000016,332,515,-183
101000017,454,462,-8
101000018,1981,2494,-513
101000020,2266,1141,1125
101000021,804,414,390
101000022,249,174,75
101000023,1449,745,704
101000025,340,513,-173
101000026,282,47,235
101000027,2784,3616,-832
101000028,420,105,315
101000029,303,3088,-2785
101000030,2312,202,2110
101000031,1196,1852,-656
101000032,7702,6043,1659
101000033,2477,4669,-2192
101000034,1754,2235,-481
101000035,949,525,424
101000036,1326,1231,95
101000037,1919,2118,-199
101000039,2577,3268,-691
101000040,2643,4752,-2109
101000041,7498,10375,-2877
101000042,474,1616,-1142
101000043,6330,10463,-4133
101000045,1507,1285,222
101000046,3695,2910,785
101000047,2627,6816,-4189
101000048,890,730,160
101000049,830,3119,-2289
101000050,2302,3884,-1582
101000051,1859,3825,-1966
101000052,1736,1398,338
101000053,1499,1989,-490
101000054,2840,1556,1284
101000055,1345,1566,-221
101000056,32,111,-79
101000057,1459,1396,63
101000058,1180,1639,-459
101000059,1986,2454,-468
101000060,1635,720,915
101000061,801,1475,-674
101000062,631,856,-225
101000063,508,1130,-622
101000064,900,1119,-219
101000065,389,644,-255
101000066,1107,1076,31
101000067,1072,1230,-158
101000068,245,612,-367
101000069,196,84,112
101000070,806,1295,-489
101000071,2123,1193,930
101000072,792,3851,-3059
101000073,976,1409,-433
101000074,5792,4586,1206
101000075,3797,6717,-2920
101000077,1970,1557,413
101000078,1186,1795,-609
101000079,1840,548,1292
101000080,1824,748,1076
101000081,1844,1899,-55
101000082,2886,2782,104
101000083,3019,2176,843
101000084,1347,774,573
101000085,1641,1260,381
101000086,1040,1205,-165
101000087,865,989,-124
101000088,1472,1253,219
101000089,1152,1574,-422
101000090,1947,1201,746
101000091,541,753,-212
101000092,1380,738,642
101000093,1572,703,869
101000094,1297,1070,227
101000095,568,547,21
101000096,392,415,-23
101000097,518,599,-81
101000098,497,634,-137
101000099,1163,1715,-552
101000100,1071,1502,-431
101000101,300,486,-186
101000102,808,645,163
101000103,860,814,46
101000104,425,803,-378
101000105,369,771,-402
101000106,1216,1555,-339
101000107,336,416,-80
101000108,731,266,465
101000109,428,74,354
101000110,47,356,-309
101000111,157,368,-211
101000113,295,886,-591
101000114,9148,11332,-2184
101000115,193,261,-68
101000116,189,205,-16
101000117,2185,450,1735
101000119,65,86,-21
101000120,160,64,96
101000121,59,92,-33
101000122,119,167,-48
101000123,69,139,-70
101000124,1782,352,1430
101000125,191,418,-227
101000128,429,880,-451
101000130,219,274,-55
101000131,951,569,382
101000132,993,908,85
101000135,34,40,-6
101000136,393,240,153
101000137,44,448,-404
101000141,1058,3579,-2521
101000147,715,385,330
101000148,745,36,709
101000149,508,716,-208
101000150,130,477,-347
101000151,280,60,220
101000152,280,243,37
101000153,521,229,292
101000154,324,776,-452
101000155,448,172,276
101000156,13,276,-263
101000157,59,53,6
101000160,107,74,33
101000163,233,331,-98
101000164,364,288,76
101000165,356,383,-27
101000166,332,325,7
101000168,877,430,447
101000252,2264,952,1312
101000254,239,205,34
101000258,107,14,93
101000261,176,69,107
101000262,1533,2858,-1325
101000263,713,1819,-1106
101000265,93,1225,-1132
101000266,448,514,-66
101000269,39,17,22
101000290,1110,3337,-2227
101000293,50,103,-53
101000294,794,471,323
101000295,190,389,-199
101000301,585,592,-7
101000304,2136,2418,-282
101000305,2667,1301,1366
101900001,45,74,-29
101900002,0,10,-10
101900003,50,110,-60
101900004,0,79,-79
101900005,2812,2944,-132
101900006,1447,86,1361
101900007,970,343,627
101900008,126,353,-227
101900009,60,399,-339
101900010,768,730,38
101900011,239,1237,-998
101900012,343,213,130
101900013,655,181,474
101900017,13,125,-112
101900018,935,280,655
101900019,199,149,50
101900020,174,61,113
101900021,0,63,-63
101900022,128,754,-626
101900023,125,173,-48
102000001,2882,5129,-2247
102000002,2595,996,1599
102000003,2943,7216,-4273
102000004,5201,2814,2387
102000005,1415,2556,-1141
102000006,1148,1779,-631
102000007,2001,5615,-3614
102000008,4872,1781,3091
102000009,8269,9590,-1321
102000010,5475,3350,2125
102000011,3781,3483,298
102000012,3198,2974,224
102000018,2615,2720,-105
102000019,3098,1647,1451
102000026,209,519,-310
102000029,236,205,31
102000030,130,378,-248
102000031,56,136,-80
102000032,598,281,317
102000033,240,322,-82
102000034,588,407,181
102000035,2103,762,1341
102000036,29,289,-260
102000037,183,50,133
102000038,207,360,-153
102000039,196,87,109
102000040,388,317,71
102000041,181,412,-231
102000042,233,348,-115
102000043,216,201,15
102000044,308,470,-162
102000045,690,669,21
102000046,1248,652,596
102000047,871,782,89
102000048,550,803,-253
102000049,1055,801,254
102000050,1066,1116,-50
102000051,508,713,-205
102000052,1198,743,455
102000053,992,995,-3
102000054,753,1296,-543
102000055,1555,476,1079
102000056,1177,827,350
102000057,1671,571,1100
102000058,1330,1267,63
102000059,1549,1620,-71
102000060,1287,1020,267
102000061,1892,1727,165
102000062,1921,1064,857
102000063,1110,1382,-272
102000064,614,725,-111
102000065,73,211,-138
102000066,903,849,54
102000067,2064,2785,-721
102000068,10664,2729,7935
102000069,121,2550,-2429
102000070,1530,61,1469
102000071,6475,8372,-1897
102000072,3196,4070,-874
102000073,2815,1752,1063
102000074,1276,2046,-770
102000075,184,449,-265
102000076,284,421,-137
102000077,758,634,124
102000078,969,671,298
102000079,256,222,34
102000080,312,287,25
102000081,398,954,-556
102000082,690,627,63
102000083,645,211,434
102000084,388,232,156
102000085,3303,900,2403
102000086,1262,1230,32
102000087,979,1542,-563
102000088,366,317,49
102000089,1542,465,1077
102000090,658,1281,-623
102000091,1478,771,707
102000092,374,684,-310
102000093,555,767,-212
102000094,1006,724,282
102000095,979,1399,-420
102000096,779,900,-121
102000097,838,1013,-175
102000098,680,886,-206
102000099,869,879,-10
102000100,416,1304,-888
102000101,830,737,93
102000102,281,1472,-1191
102000103,1734,429,1305
102000104,553,329,224
102000105,214,396,-182
102000106,847,432,415
102000107,1564,436,1128
102000108,629,166,463
102000109,602,430,172
102000110,1293,796,497
102000111,32,248,-216
102000112,213,130,83
102000113,23,27,-4
102000114,567,329,238
102000115,239,281,-42
102000116,630,671,-41
102000117,231,943,-712
102000118,1214,1338,-124
102000119,1380,1220,160
102000120,222,473,-251
102000121,1183,620,563
102000122,916,949,-33
102000123,1301,1259,42
102000124,1519,1247,272
102000125,1058,1150,-92
102000126,904,653,251
102000127,1398,816,582
102000128,856,818,38
102000129,1582,717,865
102000130,857,750,107
102000131,2738,744,1994
102000132,1135,1185,-50
102000133,2195,1445,750
102000134,940,743,197
102000135,1158,1035,123
102000136,1646,647,999
102000137,812,1748,-936
102000138,332,732,-400
102000139,219,1223,-1004
102000140,336,1414,-1078
102000141,485,2214,-1729
102000142,363,377,-14
102000143,198,285,-87
102000144,352,314,38
102000145,383,371,12
102000146,482,418,64
102000147,608,473,135
102000148,217,541,-324
102000149,173,231,-58
102000150,548,90,458
102000151,107,205,-98
102000152,227,119,108
102000153,1134,560,574
102000154,215,519,-304
102000155,88,314,-226
102000156,295,181,114
102000157,117,369,-252
102000158,233,341,-108
102000159,698,603,95
102000161,2477,1998,479
102000162,146,154,-8
102000163,104,468,-364
102000164,925,1168,-243
102000165,257,149,108
102000166,64,218,-154
102000167,288,187,101
102000168,362,154,208
102000169,159,639,-480
102000170,522,257,265
102000171,272,277,-5
102000172,236,554,-318
102000173,456,312,144
102000174,115,96,19
102000175,145,98,47
102000176,85,36,49
102000178,306,345,-39
102000179,509,224,285
102000180,1019,469,550
102000181,821,441,380
102000182,652,467,185
102000183,2117,1360,757
102000184,2100,700,1400
102000185,3407,1083,2324
102000186,1429,1339,90
102000187,1295,1160,135
102000188,1906,1512,394
102000189,1974,689,1285
102000190,723,3258,-2535
102000191,1500,485,1015
102000192,1171,1493,-322
102000193,68,117,-49
102000194,62,84,-22
102000195,438,368,70
102000196,221,273,-52
102000197,856,318,538
102000198,288,573,-285
102000199,1121,277,844
102000200,339,763,-424
102000201,1297,459,838
102000202,1,60,-59
102000203,457,174,283
102000204,540,507,33
102000205,1266,337,929
102000206,795,441,354
102000207,844,431,413
102000208,388,393,-5
102000209,77,44,33
102000210,404,258,146
102000211,503,280,223
102000212,362,3,359
102000213,11,235,-224
102000214,312,15,297
102000215,12,304,-292
102000216,54,78,-24
102000217,11,100,-89
102000218,339,151,188
102000219,301,196,105
102000225,465,619,-154
102000226,5095,2287,2808
102000227,141,2,139
102000228,0,95,-95
102000229,35,69,-34
102000230,345,325,20
102000231,262,352,-90
102000232,50,148,-98
102000233,499,640,-141
102000234,133,1119,-986
102000236,316,109,207
102000237,437,124,313
102000238,170,210,-40
102000240,485,613,-128
102000241,288,151,137
102000243,15,57,-42
102000245,11,97,-86
102000246,14,52,-38
102000247,288,434,-146
102000248,240,680,-440
102000249,179,163,16
102000250,141,314,-173
102000254,170,238,-68
102000266,35,693,-658
102000271,17,0,17
102000286,446,339,107
102000297,2049,953,1096
102000301,0,2,-2
102000303,0,0,0
102000305,0,0,0
102000306,0,0,0
102000307,0,13,-13
102000308,0,0,0
102900001,1266,685,581
102900002,397,46,351
102900003,74,140,-66
102900005,460,231,229
102900006,632,116,516
102900007,454,32,422
102900008,263,51,212
102900009,571,355,216
102900010,408,1111,-703
102900011,1449,384,1065
102900012,462,96,366
102900013,42,59,-17
102900015,718,476,242
102900016,53,102,-49
102900017,166,430,-264
102900018,45,80,-35
102900019,434,496,-62
102900020,151,22,129
102900021,28,84,-56
102900022,519,188,331
102900023,49,51,-2
102900024,34,70,-36
102900025,215,96,119
102900026,418,1954,-1536
102900027,90,71,19
102900028,199,806,-607
102900029,189,244,-55
102900030,466,334,132
102900031,238,118,120
102900032,118,91,27
102900033,130,192,-62
102900034,574,76,498
102900035,191,266,-75
102900036,292,332,-40
102900037,402,306,96
102900038,491,269,222
102900039,28,636,-608
102900040,216,253,-37
102900041,116,165,-49
102900042,239,256,-17
102900043,191,206,-15
102900044,608,1598,-990
102900045,160,443,-283
102900046,159,212,-53
102900047,155,460,-305
102900048,608,377,231
102900049,122,318,-196
102900050,297,301,-4
102900051,185,172,13
102900052,74,57,17
102900053,326,532,-206
102900054,531,1180,-649
102900055,97,167,-70
102900056,159,351,-192
102900057,8,51,-43
102900058,395,100,295
102900059,20,84,-64
102900060,106,389,-283
102900061,205,315,-110
102900062,308,663,-355
102900063,1229,382,847
102900064,137,445,-308
102900065,1043,448,595
102900066,397,20,377
102900068,169,90,79
102900070,279,697,-418
102900072,15,47,-32
102900073,120,12,108
102900074,289,258,31
102900075,16,55,-39
102900076,125,203,-78
102900077,43,40,3
102900078,21,78,-57
102900079,245,10,235
102900080,452,43,409
102900081,78,317,-239
102900082,12,200,-188
102900083,156,21,135
102900084,13,47,-34
102900085,430,147,283
102900086,16,55,-39
102900087,151,80,71
102900088,50,25,25
102900089,229,107,122
102900090,0,226,-226
102900091,186,8,178
102900092,431,538,-107
102900093,278,208,70
102900094,3,180,-177
102900095,165,0,165
102900096,64,17,47
102900097,5,73,-68
103000001,2597,2258,339
103000002,2060,2309,-249
103000003,3539,3074,465
103000004,848,768,80
103000005,1887,2895,-1008
103000006,803,1363,-560
103000007,462,701,-239
103000008,1020,598,422
103000009,1475,1044,431
103000010,111,61,50
103000011,1744,1306,438
103000012,1754,1366,388
103000013,3400,1760,1640
103000014,1665,2846,-1181
103000015,1573,537,1036
103000016,556,1462,-906
103000017,217,539,-322
103000018,880,293,587
103000019,390,317,73
103000020,1977,1299,678
103000021,1825,1825,0
103000022,708,933,-225
103000023,642,1817,-1175
103000024,89,114,-25
103000025,106,750,-644
103000026,814,125,689
103000027,322,628,-306
103000028,319,359,-40
103000029,164,316,-152
103000030,1682,1517,165
103000031,1450,2365,-915
103000032,2349,1604,745
103000033,3177,2739,438
103000034,1508,1132,376
103000035,504,1317,-813
103000036,381,503,-122
103000037,541,554,-13
103000038,643,972,-329
103000039,562,292,270
103000040,423,734,-311
103000041,1594,1598,-4
103000042,1471,387,1084
103000043,648,807,-159
103000044,350,140,210
103000046,499,494,5
103000047,526,494,32
103000048,273,185,88
103000049,142,118,24
103000050,731,324,407
103000051,700,458,242
103000052,785,306,479
103000053,263,615,-352
103000054,2731,1160,1571
103000055,1995,1907,88
103000056,928,1329,-401
103000057,884,243,641
103000058,636,753,-117
103000059,543,704,-161
103000060,826,490,336
103000061,439,774,-335
103000062,1357,493,864
103000063,895,956,-61
103000064,146,151,-5
103000065,5,322,-317
103000066,246,12,234
103000069,494,263,231
103000070,1027,698,329
103000071,1451,568,883
103000072,185,519,-334
103000073,700,137,563
103000074,907,100,807
103000075,151,488,-337
103000076,383,454,-71
103000077,46,330,-284
103000078,899,746,153
103000079,604,834,-230
103000080,904,345,559
103000081,450,1254,-804
103000082,478,189,289
103000083,142,371,-229
103000084,117,12,105
103000085,1,147,-146
103000086,551,430,121
103000087,196,633,-437
103000088,192,303,-111
103000089,267,502,-235
103000090,2284,871,1413
103000091,668,471,197
103000092,254,243,11
103000093,275,346,-71
103000094,276,111,165
103000095,103,270,-167
103000096,612,66,546
103000097,81,616,-535
103000098,800,167,633
103000099,268,632,-364
103000100,161,570,-409
103000101,1117,104,1013
103000102,132,472,-340
103000103,769,114,655
103000104,58,104,-46
103000105,175,69,106
103000106,6,128,-122
103000107,233,50,183
103000108,925,518,407
103000109,447,359,88
103000110,504,464,40
103000111,511,387,124
103000112,358,178,180
103000113,480,554,-74
103000114,1188,449,739
103000115,671,416,255
103000116,702,393,309
103000117,430,466,-36
103000118,487,515,-28
103000119,914,428,486
103000120,80,115,-35
103000121,308,756,-448
103000122,420,773,-353
103000125,28,221,-193
103000126,737,6,731
103000127,10,126,-116
103000128,175,3,172
103000129,4,130,-126
103000130,62,55,7
103000131,280,121,159
103000132,83,286,-203
103000133,22,138,-116
103000134,387,1066,-679
103000135,519,265,254
103000136,477,452,25
103000137,491,597,-106
103000138,617,739,-122
103000139,7,77,-70
103000140,125,26,99
103000141,33,104,-71
103000142,147,61,86
103000143,100,182,-82
103000144,144,49,95
103000145,71,288,-217
103000150,120,41,79
103000152,198,219,-21
103000153,181,130,51
103000156,26,259,-233
103000157,481,0,481
103000159,145,53,92
103000162,81,44,37
103000163,4,59,-55
103000164,30,15,15
103000165,116,164,-48
103000166,268,329,-61
103000167,181,108,73
103000168,120,133,-13
103000169,179,559,-380
103000170,934,334,600
103000171,50,93,-43
103000172,747,683,64
103000173,686,263,423
103000174,262,297,-35
103000175,432,210,222
103000176,815,595,220
103000177,446,336,110
103000178,278,289,-11
103000179,228,48,180
103000183,152,21,131
103000185,128,35,93
103000186,181,121,60
103000187,813,300,513
103000188,13,113,-100
103000189,715,651,64
103000191,593,584,9
103000292,914,1560,-646
103000293,988,2805,-1817
103000295,103,102,1
103000296,449,1,448
103000297,123,224,-101
103000504,62,10,52
103000505,3,26,-23
103000506,1,190,-189
103000507,223,5,218
103000508,48,64,-16
103000509,269,542,-273
103900001,22,153,-131
103900002,915,152,763
103900003,1183,133,1050
103900004,168,0,168
103900005,3,129,-126
103900006,3,0,3
103900007,77,0,77
103900008,6,0,6
103900009,331,437,-106
103900010,134,354,-220
103900011,453,162,291
103900012,32,32,0
103900013,39,58,-19
103900014,66,16,50
103900015,89,19,70
103900016,288,233,55
103900017,64,48,16
103900018,545,175,370
103900019,85,348,-263
103900020,197,466,-269
103900021,286,41,245
103900022,1132,551,581
103900023,174,1,173
103900024,86,360,-274
103900025,21,44,-23
103900026,110,0,110
103900027,862,209,653
103900028,20,258,-238
103900029,937,107,830
103900030,310,123,187
103900031,37,4,33
103900032,75,60,15
103900033,101,20,81
103900034,34,85,-51
103900035,101,27,74
103900036,51,48,3
103900037,76,76,0
103900038,108,190,-82
103900039,141,200,-59
103900040,7,122,-115
103900041,62,43,19
103900042,67,192,-125
103900043,180,40,140
103900044,106,227,-121
103900045,394,177,217
103900047,94,22,72
103900048,77,22,55
103900049,207,1037,-830
103900050,22,170,-148
103900051,3,33,-30
103900052,224,286,-62
103900053,173,387,-214
103900054,138,275,-137
103900055,506,217,289
103900056,34,44,-10
103900057,50,112,-62
103900058,299,621,-322
103900059,0,21,-21
103900060,49,151,-102
103900061,202,45,157
103900062,415,121,294
103900063,21,0,21
103900064,120,1,119
103900065,793,360,433
103900066,190,32,158
103900067,191,12,179
103900068,5,0,5
103900069,70,9,61
103900070,173,148,25
103900071,19,95,-76
103900072,24,144,-120
103900073,30,36,-6
103900074,57,52,5
103900075,112,43,69
103900076,630,415,215
103900077,46,120,-74
103900078,304,109,195
103900079,156,135,21
103900080,11,27,-16
103900081,46,16,30
103900082,8,119,-111
103900083,905,1264,-359
103900084,93,179,-86
103900085,71,144,-73
103900086,865,424,441
103900087,14,47,-33
103900088,356,546,-190
103900089,72,96,-24
103900090,60,167,-107
103900091,1070,216,854
103900092,929,447,482
103900093,55,225,-170
103900094,21,86,-65
103900095,264,233,31
103900096,46,131,-85
103900097,12,441,-429
103900098,296,134,162
103900099,105,134,-29
103900100,367,233,134
103900101,97,883,-786
103900102,2,18,-16
103900104,6,13,-7
103900105,77,144,-67
103900106,1,100,-99
103900107,134,126,8
103900108,54,181,-127
103900109,157,52,105
103900110,331,42,289
103900111,153,379,-226
103900112,47,91,-44
103900113,156,266,-110
103900114,434,281,153
103900115,258,233,25
103900116,3204,2404,800
103900117,69,45,24
103900119,25,73,-48
103900120,38,85,-47
103900122,143,148,-5
103900123,856,565,291
103900124,29,19,10
103900125,93,54,39
103900126,584,305,279
103900127,216,333,-117
103900128,133,112,21
103900131,20,75,-55
103900133,903,94,809
103900134,0,9,-9
103900135,13,8,5
103900137,1,16,-15
103900138,125,119,6
103900139,223,2245,-2022
103900140,7,176,-169
103900141,319,48,271
103900142,246,71,175
103900143,135,5,130
103900144,0,26,-26
103900145,192,208,-16
103900146,372,213,159
103900147,431,180,251
103900148,262,266,-4
103900149,341,413,-72
103900150,4327,4507,-180
103900151,44,146,-102
103900152,738,268,470
103900153,6,0,6
103900154,675,1721,-1046
103900155,48,169,-121
103900156,70,144,-74
103900157,69,127,-58
103900158,156,101,55
103900159,164,47,117
103900160,76,37,39
103900161,120,179,-59
103900162,58,152,-94
103900163,11,409,-398
103900164,283,34,249
103900167,21,89,-68
103900168,124,82,42
103900169,76,48,28
103900170,4,87,-83
103900171,1,43,-42
103900172,3,16,-13
103900173,13,16,-3
103900174,267,62,205
103900175,50,87,-37
103900176,11,45,-34
103900177,15,82,-67
103900178,52,43,9
103900179,38,55,-17
103900180,21,51,-30
103900181,47,35,12
103900182,30,6,24
103900184,372,92,280
103900185,134,476,-342
103900187,27,58,-31
103900188,41,25,16
103900189,94,7,87
103900190,96,55,41
103900191,30,52,-22
103900192,73,78,-5
103900193,140,118,22
103900194,62,162,-100
103900195,2,100,-98
103900196,20,38,-18
103900197,10,22,-12
103900198,15,29,-14
103900199,145,57,88
103900200,151,69,82
103900201,160,162,-2
103900202,11,56,-45
103900203,48,26,22
103900204,0,64,-64
103900207,1,51,-50
103900208,135,0,135
103900209,8,55,-47
103900210,40,26,14
103900211,565,301,264
103900212,138,283,-145
103900213,72,241,-169
103900214,158,155,3
103900215,228,303,-75
103900216,26,587,-561
103900217,433,56,377
103900218,3,248,-245
103900219,240,218,22
103900233,88,4,84
103900235,29,16,13
103900236,6,4,2
103900242,5,5,0
103900243,5,8,-3
103900244,90,154,-64
103900245,110,149,-39
103900246,40,31,9
103900247,12,88,-76
103900248,16,86,-70
103900249,12,65,-53
103900250,12,24,-12
103900251,0,31,-31
103900253,12,92,-80
103900254,2,33,-31
103900255,4,10,-6
103900256,10,26,-16
103900257,22,112,-90
103900258,27,6,21
103900259,31,9,22
103900261,9,1,8
103900262,22,1,21
103900263,23,31,-8
103900264,60,13,47
103900265,45,19,26
103900266,3,107,-104
103900267,7,28,-21
104000001,2576,2309,267
104000002,1792,2015,-223
104000003,2382,2310,72
104000004,3675,2413,1262
104000005,1786,1931,-145
104000006,3299,2847,452
104000007,4165,4557,-392
104000008,170,172,-2
104000009,257,97,160
104000010,164,289,-125
104000011,323,222,101
104000012,120,218,-98
104000013,215,207,8
104000014,223,444,-221
104000015,324,125,199
104000016,638,269,369
104000018,853,126,727
104000019,691,203,488
104000020,149,342,-193
104000021,198,358,-160
104000022,99,213,-114
104000023,845,347,498
104000024,223,241,-18
104000026,42,243,-201
104000027,300,184,116
104000028,419,226,193
104000029,360,272,88
104000030,335,231,104
104000031,1420,312,1108
104000032,253,207,46
104000033,812,463,349
104000034,395,215,180
104000035,1079,357,722
104000036,876,479,397
104000037,315,193,122
104000038,526,242,284
104000039,260,160,100
104000040,184,260,-76
104000041,639,260,379
104000042,247,299,-52
104000043,214,234,-20
104000044,301,394,-93
104000045,931,744,187
104000046,945,1102,-157
104000047,830,964,-134
104000048,1035,1051,-16
104000049,545,404,141
104000050,267,769,-502
104000051,145,474,-329
104000052,1678,1493,185
104000053,940,376,564
104000054,662,313,349
104000055,3283,2128,1155
104000056,847,195,652
104000057,107,292,-185
104000058,1023,683,340
104000059,520,941,-421
104000060,1134,1045,89
104000061,1287,922,365
104000062,391,93,298
104000064,439,253,186
104000065,201,714,-513
104000069,613,1099,-486
104000070,58,440,-382
104000071,123,332,-209
104000072,706,199,507
104000075,90,207,-117
104000076,426,109,317
104000082,2167,2999,-832
104000083,714,238,476
104000084,147,433,-286
104000085,283,367,-84
104000086,234,363,-129
104000087,411,2004,-1593
104000090,851,969,-118
104000092,1375,1498,-123
104000094,862,1108,-246
104000095,1976,1178,798
104000096,1560,164,1396
104000097,1990,622,1368
104000098,2754,685,2069
104000100,1977,553,1424
104000101,1095,1269,-174
104000106,43,703,-660
104000107,607,395,212
104000108,266,401,-135
104000109,320,93,227
104000110,887,1188,-301
104000111,2787,2453,334
104000112,1565,549,1016
104000116,3,745,-742
104000117,183,430,-247
104000118,727,160,567
104000119,809,247,562
104000120,292,543,-251
104000121,211,536,-325
104000122,648,635,13
104000123,662,680,-18
104000124,749,1622,-873
104000125,2639,4515,-1876
104000126,491,410,81
104000127,1198,1648,-450
104000128,559,352,207
104000129,162,28,134
104000130,1,315,-314
104000131,307,362,-55
104000132,298,337,-39
104000133,1414,819,595
104000134,1051,1626,-575
104000135,489,1861,-1372
104000136,765,3978,-3213
104000137,1591,401,1190
104000138,974,496,478
104000139,4158,2639,1519
104000141,988,1316,-328
104000142,634,546,88
104000143,570,394,176
104000144,150,183,-33
104000145,358,176,182
104000146,232,463,-231
104000147,159,272,-113
104000148,422,184,238
104000149,146,195,-49
104000150,1124,586,538
104000151,403,359,44
104000152,654,543,111
104000153,838,602,236
104000154,773,514,259
104000155,549,509,40
104000157,1108,1038,70
104000158,435,1059,-624
104000159,943,820,123
104000160,1850,1969,-119
104000161,196,184,12
104000162,74,167,-93
104000165,839,957,-118
104000167,819,1139,-320
104000168,623,10,613
104000169,134,40,94
104000170,307,560,-253
104000248,375,514,-139
104000251,94,181,-87
104000272,0,0,0
104000273,0,0,0
104000274,0,0,0
104000275,0,0,0
104000279,724,513,211
104000290,122,279,-157
104000291,454,961,-507
104000293,883,620,263
104000294,32,1,31
104000295,520,726,-206
104000296,418,793,-375
104000297,779,2111,-1332
104000298,2054,921,1133
104000299,688,1434,-746
104900001,147,258,-111
104900002,67,173,-106
104900003,35,286,-251
104900004,73,155,-82
104900005,380,242,138
104900006,421,99,322
104900007,311,195,116
104900009,143,253,-110
104900010,71,61,10
104900011,32,29,3
104900012,253,26,227
104900013,182,18,164
104900014,1899,297,1602
104900015,73,13,60
104900016,269,172,97
104900017,216,187,29
104900018,19,171,-152
104900019,271,3363,-3092
104900020,51,210,-159
104900021,1,119,-118
104900022,11,75,-64
104900023,1,48,-47
104900024,15,58,-43
104900025,57,175,-118
104900026,5,51,-46
104900027,668,274,394
104900028,28,74,-46
104900029,43,55,-12
104900030,554,230,324
104900031,80,154,-74
104900032,73,133,-60
104900033,201,220,-19
104900034,345,142,203
104900035,402,174,228
104900036,233,54,179
104900037,149,147,2
104900038,406,915,-509
104900039,566,504,62
104900040,490,91,399
104900041,284,168,116
104900042,181,161,20
104900043,32,198,-166
104900044,730,171,559
104900045,405,50,355
104900046,198,98,100
104900047,402,123,279
104900048,389,90,299
104900049,50,30,20
104900050,388,108,280
104900051,302,47,255
104900052,70,4,66
104900053,416,118,298
104900054,187,44,143
104900055,154,4,150
104900056,178,22,156
104900057,67,5,62
104900058,842,583,259
104900059,183,74,109
104900060,1,374,-373
104900061,178,376,-198
104900063,0,80,-80
104900064,3,51,-48
104900065,0,156,-156
104900066,0,107,-107
104900067,5,241,-236
104900068,21,124,-103
104900070,177,222,-45
104900071,0,448,-448
104900072,44,219,-175
104900073,75,174,-99
104900074,72,140,-68
104900075,77,33,44
104900076,71,135,-64
104900077,789,277,512
104900078,199,287,-88
104900079,121,577,-456
104900080,91,454,-363
104900082,17,313,-296
104900085,2,157,-155
104900087,348,5,343
104900089,246,1,245
104900090,1010,637,373
104900091,534,470,64
104900093,198,434,-236
104900097,2088,2243,-155
104900098,131,29,102
104900099,91,586,-495
104900100,335,293,42
104900102,32,139,-107
104900103,426,52,374
104900104,2313,2018,295
104900106,143,103,40
104900107,133,141,-8
104900108,60,191,-131
104900109,152,201,-49
104900110,7,69,-62
104900111,193,131,62
104900112,309,475,-166
104900113,755,333,422
104900114,372,388,-16
104900115,860,315,545
104900116,277,147,130
104900118,12,38,-26
104900119,14,43,-29
104900120,22,211,-189
104900121,0,62,-62
104900122,5,37,-32
104900123,101,25,76
104900124,55,1,54
104900125,518,6,512
104900126,52,44,8
104900127,35,44,-9
104900128,118,180,-62
104900129,1275,2355,-1080
105000001,2831,1334,1497
105000002,2314,1475,839
105000003,3093,4054,-961
105000004,826,716,110
105000005,1163,1168,-5
105000006,1494,1686,-192
105000007,1281,1883,-602
105000008,1446,3912,-2466
105000009,2897,3202,-305
105000010,2719,1578,1141
105000011,4014,3167,847
105000012,3871,2337,1534
105000013,1082,1105,-23
105000014,2642,2877,-235
105000015,10532,16868,-6336
105000016,2249,2425,-176
105000017,1590,923,667
105000018,1131,1461,-330
105000019,1001,971,30
105000020,186,500,-314
105000021,283,120,163
105000022,275,131,144
105000023,532,346,186
105000028,59,81,-22
105000029,808,1488,-680
105000030,4326,2347,1979
105000033,987,1641,-654
105000034,164,1036,-872
105000037,620,205,415
105000038,2014,1780,234
105000039,2263,1720,543
105000040,1263,1248,15
105000041,678,1449,-771
105000042,4121,2144,1977
105000043,1645,3390,-1745
105000044,896,680,216
105000045,520,618,-98
105000046,1330,421,909
105000047,590,953,-363
105000048,712,217,495
105000049,226,424,-198
105000050,785,409,376
105000051,124,398,-274
105000052,567,815,-248
105000053,119,130,-11
105000054,482,862,-380
105000055,727,301,426
105000056,1672,1626,46
105000057,1253,849,404
105000058,1296,1023,273
105000059,875,629,246
105000060,469,594,-125
105000061,796,526,270
105000062,624,636,-12
105000063,296,328,-32
105000064,1769,698,1071
105000065,359,472,-113
105000066,1027,1125,-98
105000067,1552,671,881
105000068,410,678,-268
105000069,1528,2124,-596
105000070,523,949,-426
105000071,226,964,-738
105000072,721,2385,-1664
105000073,944,611,333
105000074,922,604,318
105000075,512,738,-226
105000076,1055,767,288
105000077,2300,1116,1184
105000078,1130,1313,-183
105000079,1122,3387,-2265
105000080,2232,1764,468
105000081,3082,1370,1712
105000082,1035,1904,-869
105000083,4389,4320,69
105000084,577,654,-77
105000085,1804,2380,-576
105000086,649,901,-252
105000087,1458,1881,-423
105000088,1389,1674,-285
105000089,3453,2031,1422
105000090,1095,749,346
105000091,1253,1400,-147
105000092,547,826,-279
105000093,403,283,120
105000094,354,374,-20
105000095,109,549,-440
105000096,1123,1084,39
105000097,818,804,14
105000098,977,669,308
105000099,715,670,45
105000100,1502,1072,430
105000101,1964,2476,-512
105000102,3017,1916,1101
105000103,1892,3273,-1381
105000104,2709,1106,1603
105000105,1301,1585,-284
105000106,1882,1635,247
105000107,1885,916,969
105000108,2112,1398,714
105000109,2087,1455,632
105000110,1042,485,557
105000111,856,514,342
105000112,1300,622,678
105000113,521,659,-138
105000114,2122,1087,1035
105000115,301,1188,-887
105000116,924,582,342
105000117,779,665,114
105000118,716,498,218
105000119,799,870,-71
105000120,1451,678,773
105000121,1097,821,276
105000122,412,619,-207
105000123,1049,1055,-6
105000124,2148,731,1417
105000125,925,1521,-596
105000126,2342,1288,1054
105000127,2561,1822,739
105000128,624,952,-328
105000129,941,336,605
105000130,351,3112,-2761
105000131,775,293,482
105000132,1045,671,374
105000133,644,829,-185
105000134,1000,537,463
105000135,420,385,35
105000136,57,83,-26
105000137,426,251,175
105000138,72,84,-12
105000139,997,778,219
105000140,333,417,-84
105000141,347,438,-91
105000142,277,410,-133
105000143,339,551,-212
105000144,228,678,-450
105000145,712,377,335
105000146,373,689,-316
105000147,755,287,468
105000148,1298,512,786
105000149,2836,2136,700
105000150,2036,1481,555
105000151,537,394,143
105000152,183,451,-268
105000153,558,614,-56
105000154,602,493,109
105000155,309,839,-530
105000156,720,553,167
105000157,829,1309,-480
105000158,2046,627,1419
105000159,739,891,-152
105000160,2121,632,1489
105000161,678,731,-53
105000162,628,1725,-1097
105000163,1149,713,436
105000164,232,258,-26
105000165,759,5525,-4766
105000166,4120,1156,2964
105000167,1405,2077,-672
105000168,457,480,-23
105000169,610,255,355
105000170,304,1109,-805
105000171,1052,204,848
105000172,172,40,132
105000173,299,49,250
105000174,85,62,23
105000175,100,121,-21
105000176,734,196,538
105000177,379,213,166
105000178,259,457,-198
105000179,861,200,661
105000180,174,124,50
105000181,332,226,106
105000182,82,56,26
105000183,1903,2185,-282
105000184,1117,1506,-389
105000185,1735,976,759
105000186,390,843,-453
105000187,934,281,653
105000188,302,209,93
105000189,192,525,-333
105000190,369,516,-147
105000191,467,320,147
105000192,400,76,324
105000193,91,140,-49
105000194,405,96,309
105000195,445,635,-190
105000196,59,215,-156
105000197,286,463,-177
105000198,480,315,165
105000199,193,604,-411
105000200,144,339,-195
105000201,119,38,81
105000203,17,164,-147
105000204,76,81,-5
105000205,85,206,-121
105000207,536,176,360
105000208,305,971,-666
105000209,216,211,5
105000212,1218,1012,206
105000213,121,187,-66
105000214,200,214,-14
105000215,352,149,203
105000216,233,255,-22
105000217,203,268,-65
105000218,1547,927,620
105000221,174,151,23
105000222,461,207,254
105000223,278,278,0
105000226,90,220,-130
105000227,74,152,-78
105000228,214,2091,-1877
105000229,172,524,-352
105000231,303,378,-75
105000233,857,633,224
105000234,496,1049,-553
105000235,384,508,-124
105000237,722,83,639
105000243,19,81,-62
105000248,53,81,-28
105000262,329,762,-433
105000269,285,206,79
105000270,514,53,461
105000271,0,122,-122
105000282,40,34,6
105000287,397,125,272
105000288,840,382,458
105000289,2217,1949,268
105000290,75,53,22
105000402,2630,4432,-1802
105000426,491,694,-203
105000438,3466,1609,1857
105000446,10566,5290,5276
105000447,5074,2499,2575
105000454,608,206,402
105000455,224,144,80
105000474,64,1,63
105000477,594,564,30
105000478,2253,5481,-3228
105000479,113,115,-2
105000480,8545,6958,1587
105000481,4941,3798,1143
105000482,4283,6607,-2324
105000483,1969,2398,-429
105000484,2363,2869,-506
105000485,1856,3546,-1690
105000486,2847,2377,470
105000488,8035,4399,3636
105000489,1188,756,432
105000549,73,184,-111
105000550,403,1400,-997
105000551,39,98,-59
105000552,2025,1303,722
105900001,18,2537,-2519
105900002,953,806,147
105900003,3,105,-102
105900004,340,118,222
105900005,9,226,-217
105900006,14,107,-93
105900007,150,36,114
105900008,72,399,-327
105900009,20,20,0
105900011,269,55,214
105900012,592,119,473
105900013,3,26,-23
105900014,16,70,-54
105900015,208,525,-317
105900016,548,557,-9
105900017,1579,67,1512
105900018,207,174,33
105900019,91,564,-473
105900020,52,88,-36
105900021,50,843,-793
105900022,281,186,95
105900023,5,196,-191
105900024,8,451,-443
105900025,311,19,292
105900026,281,22,259
105900027,14452,8783,5669
105900028,506,699,-193
105900029,1444,365,1079
105900030,195,259,-64
105900031,347,164,183
105900032,107,102,5
105900033,97,140,-43
105900034,221,235,-14
105900035,243,165,78
105900036,109,162,-53
105900037,88,67,21
105900038,134,235,-101
105900039,168,88,80
105900040,58,95,-37
105900041,180,260,-80
105900042,88,133,-45
105900043,1491,81,1410
105900044,3,285,-282
105900045,5,830,-825
105900046,8,258,-250
105900047,27,68,-41
105900048,102,468,-366
105900050,6600,6931,-331
105900051,77,1206,-1129
105900052,660,275,385
105900053,2838,3459,-621
105900054,342,231,111
105900056,770,445,325
105900057,38,163,-125
105900058,22,22,0
105900059,0,48,-48
106000001,3923,2450,1473
106000002,1597,4718,-3121
106000003,3119,3483,-364
106000004,1329,2533,-1204
106000005,3778,4661,-883
106000006,4916,2880,2036
106000007,501,531,-30
106000008,449,283,166
106000009,682,333,349
106000010,702,526,176
106000011,1332,1084,248
106000012,930,1099,-169
106000013,1957,1836,121
106000014,1937,1314,623
106000015,2004,1124,880
106000016,1247,1579,-332
106000017,550,614,-64
106000018,578,418,160
106000019,389,425,-36
106000020,418,301,117
106000021,382,414,-32
106000022,368,188,180
106000023,635,322,313
106000024,686,409,277
106000025,155,217,-62
106000026,87,172,-85
106000027,1660,1298,362
106000028,641,365,276
106000029,625,789,-164
106000030,422,457,-35
106000034,205,477,-272
106000035,961,1900,-939
106000036,157,412,-255
106000037,1718,1159,559
106000038,250,129,121
106000039,124,97,27
106000040,97,941,-844
106000041,653,533,120
106000043,585,217,368
106000046,333,79,254
106000047,30,364,-334
106000049,1002,160,842
106000050,292,549,-257
106000051,857,450,407
106000052,102,520,-418
106000053,447,108,339
106000054,349,365,-16
106000055,1187,820,367
106000056,237,250,-13
106000057,449,320,129
106000058,143,133,10
106000059,413,224,189
106000060,299,362,-63
106000061,282,465,-183
106000062,147,475,-328
106000063,726,545,181
106000064,35,327,-292
106000065,423,310,113
106000066,86,232,-146
106000067,461,121,340
106000068,61,482,-421
106000069,295,59,236
106000070,460,606,-146
106000071,1136,271,865
106000072,2307,1330,977
106000073,1223,3043,-1820
106000074,451,548,-97
106000075,287,1226,-939
106000076,1525,1913,-388
106000077,3141,1184,1957
106000078,1240,749,491
106000079,791,742,49
106000080,1381,541,840
106000081,694,953,-259
106000082,2378,728,1650
106000083,439,1157,-718
106000084,1198,563,635
106000085,1520,1440,80
106000086,689,775,-86
106000087,873,433,440
106000088,457,666,-209
106000089,1208,293,915
106000090,285,606,-321
106000091,265,429,-164
106000092,786,246,540
106000093,330,98,232
106000094,68,188,-120
106000095,943,561,382
106000096,948,627,321
106000097,1165,649,516
106000098,800,798,2
106000099,254,1387,-1133
106000100,1777,264,1513
106000101,1976,694,1282
106000102,323,1648,-1325
106000103,332,664,-332
106000104,966,375,591
106000105,481,560,-79
106000106,711,360,351
106000107,147,162,-15
106000108,272,228,44
106000109,197,171,26
106000110,286,208,78
106000111,157,228,-71
106000112,249,480,-231
106000113,756,426,330
106000114,403,562,-159
106000115,196,306,-110
106000116,284,155,129
106000117,980,525,455
106000118,1183,1262,-79
106000119,1169,792,377
106000120,1001,1364,-363
106000121,159,137,22
106000122,111,138,-27
106000123,468,128,340
106000124,59,157,-98
106000125,28,197,-169
106000126,356,118,238
106000127,1048,596,452
106000128,900,192,708
106000129,504,354,150
106000130,943,253,690
106000131,103,494,-391
106000132,530,148,382
106000133,2147,988,1159
106000134,537,2352,-1815
106000135,176,406,-230
106000136,593,973,-380
106000137,55,609,-554
106000138,1143,109,1034
106000139,72,96,-24
106000140,57,30,27
106000141,88,46,42
106000142,77,69,8
106000143,53,50,3
106000144,30,77,-47
106000145,284,248,36
106000146,423,120,303
106000147,352,389,-37
106000148,447,690,-243
106000149,677,305,372
106000150,494,1762,-1268
106000151,3183,810,2373
106000152,1367,1865,-498
106000153,85,2058,-1973
106000154,1373,170,1203
106000155,124,259,-135
106000156,1232,327,905
106000157,617,1388,-771
106000158,2111,876,1235
106000159,2178,1939,239
106000160,552,2940,-2388
106000161,1346,293,1053
106000162,346,1046,-700
106000163,348,246,102
106000164,546,289,257
106000165,266,365,-99
106000166,976,257,719
106000167,403,688,-285
106000168,660,253,407
106000169,309,467,-158
106000170,850,186,664
106000171,184,1053,-869
106000172,2787,1261,1526
106000173,936,2200,-1264
106000174,1316,295,1021
106000175,309,654,-345
106000176,1908,791,1117
106000177,831,1832,-1001
106000178,3265,1416,1849
106000179,966,1685,-719
106000180,800,958,-158
106000181,1005,1556,-551
106000182,1514,567,947
106000183,1591,475,1116
106000184,2070,588,1482
106000185,1390,1310,80
106000186,678,129,549
106000187,212,1124,-912
106000188,0,11,-11
106000189,23,30,-7
106000190,30,3,27
106000191,612,159,453
106000192,2,32,-30
106000193,406,201,205
106000194,140,422,-282
106000195,993,273,720
106000196,291,772,-481
106000197,552,266,286
106000198,158,222,-64
106000199,729,895,-166
106000200,232,240,-8
106000201,410,3148,-2738
106000202,2750,615,2135
106000203,39,118,-79
106000204,129,8,121
106000205,13,94,-81
106000206,79,22,57
106000207,50,526,-476
106000208,1478,165,1313
106000209,1719,360,1359
106000210,350,808,-458
106000211,397,967,-570
106000212,1100,442,658
106000213,614,1890,-1276
106000214,2389,741,1648
106000215,292,430,-138
106000216,366,219,147
106000217,259,303,-44
106000218,393,336,57
106000219,147,191,-44
106000220,566,285,281
106000221,250,198,52
106000222,80,61,19
106000223,295,65,230
106000224,245,164,81
106000225,106,108,-2
106000226,123,175,-52
106000228,58,74,-16
106000229,84,469,-385
106000231,972,81,891
106000232,59,264,-205
106000233,555,65,490
106000234,84,194,-110
106000235,422,80,342
106000236,138,81,57
106000237,0,8,-8
106000238,9,11,-2
106000239,6,61,-55
106000240,71,3,68
106000241,23,474,-451
106000242,230,34,196
106000249,68,65,3
106000250,84,682,-598
106000251,105,15,90
106000252,14,63,-49
106000253,79,66,13
106000254,65,36,29
106000255,34,136,-102
106000256,54,37,17
106000257,180,195,-15
106000258,216,20,196
106000259,2,51,-49
106000260,32,6,26
106000261,1,44,-43
106000262,89,10,79
106000263,13,44,-31
106000264,243,15,228
106000265,15,97,-82
106000266,121,27,94
106000267,6,75,-69
106000268,454,31,423
106000269,37,29,8
106000270,82,374,-292
106000271,76,148,-72
106000272,195,40,155
106000273,13,278,-265
106000274,116,48,68
106000275,151,235,-84
106000276,178,43,135
106000277,145,227,-82
106000278,220,37,183
106000279,19,29,-10
106000280,69,50,19
106000281,87,36,51
106000282,58,52,6
106000283,101,51,50
106000284,84,70,14
106000285,115,84,31
106000286,102,88,14
106000287,122,59,63
106000288,78,136,-58
106000289,95,36,59
106000290,55,58,-3
106000291,99,67,32
106000292,84,56,28
106000293,155,84,71
106000294,123,66,57
106000295,34,39,-5
106000296,48,65,-17
106000297,71,210,-139
106000298,105,80,25
106000299,55,115,-60
106000300,66,82,-16
106000301,57,92,-35
106000303,30,88,-58
106000304,22,29,-7
106000305,46,40,6
106000306,30,37,-7
106000307,43,15,28
106000308,23,70,-47
106000309,22,56,-34
106000310,305,450,-145
106000311,366,137,229
106000312,91,133,-42
106000313,216,134,82
106000318,62,436,-374
106000319,1021,268,753
106000320,6,98,-92
106000321,195,123,72
106000322,151,112,39
106000324,25,87,-62
106000325,1791,867,924
106000326,944,1352,-408
106000327,169,73,96
106000328,53,151,-98
106000329,140,216,-76
106000330,44,68,-24
106000428,96,135,-39
106000429,148,269,-121
106000430,323,871,-548
106000431,2280,302,1978
106000432,1282,2125,-843
106000433,2744,1170,1574
106000434,3330,1586,1744
106000435,1148,2062,-914
106000436,8,139,-131
106000437,291,67,224
106000438,397,267,130
106000439,76,412,-336
106000440,361,761,-400
106000441,2,0,2
106000442,93,3,90
106000443,164,198,-34
106000450,3,111,-108
106000451,28,82,-54
106000454,4,91,-87
106000455,5,126,-121
106000456,70,26,44
106000457,14,581,-567
106000458,875,60,815
106000459,129,180,-51
106000460,1700,22,1678
106000461,94,664,-570
106000462,1,29,-28
106000463,8,21,-13
106000464,2,256,-254
106000465,904,2,902
106000466,4,397,-393
106000467,188,326,-138
106000468,75,114,-39
106000469,118,2,116
106000470,290,1846,-1556
106000471,16,373,-357
106000472,178,7,171
106000473,46,14,32
106000474,207,333,-126
106000475,286,210,76
106000476,115,181,-66
106000477,14,33,-19
106900001,0,15,-15
106900002,1,240,-239
106900003,188,2745,-2557
106900004,1,22,-21
106900006,0,10,-10
106900007,0,12,-12
106900008,491,134,357
106900009,404,246,158
106900010,245,235,10
106900012,1136,2900,-1764
106900013,889,176,713
106900014,21,3,18
106900015,15,3,12
106900016,314,14,300
106900017,12,0,12
106900018,9,0,9
106900019,95,2,93
106900020,4459,1738,2721
106900021,106,115,-9
106900022,900,9,891
106900023,81,162,-81
106900024,1157,47,1110
106900025,55,1162,-1107
106900026,2,317,-315
106900027,911,1,910
107000001,4276,5311,-1035
107000002,2669,4430,-1761
107000003,7317,7340,-23
107000004,4671,3815,856
107000005,5851,5696,155
107000006,3876,2981,895
107000007,6985,10600,-3615
107000008,9162,6380,2782
107000009,9827,8917,910
107000010,8784,7265,1519
107000011,999,1113,-114
107000012,3603,2380,1223
107000013,65,105,-40
107000014,48,192,-144
107000015,480,601,-121
107000016,849,616,233
107000017,4412,5582,-1170
107000018,50,4344,-4294
107000020,3187,4673,-1486
107000021,1552,548,1004
107000022,1203,2789,-1586
107000023,1956,241,1715
107000024,898,1432,-534
107000025,255,374,-119
107000026,440,452,-12
107000027,1474,1077,397
107000028,1673,938,735
107000029,3964,3108,856
107000030,2904,2357,547
107000031,4755,2916,1839
107000032,516,826,-310
107000033,2682,4811,-2129
107000034,6426,1536,4890
107000035,349,220,129
107000036,787,1233,-446
107000037,80,816,-736
107000038,240,252,-12
107000039,815,747,68
107000040,178,290,-112
107000041,1334,780,554
107000042,824,2195,-1371
107000043,2393,1073,1320
107000044,523,509,14
107000045,108,363,-255
107000046,902,405,497
107000047,492,770,-278
107000048,636,311,325
107000049,566,775,-209
107000050,1037,480,557
107000051,308,329,-21
107000052,1019,913,106
107000053,334,222,112
107000054,76,242,-166
107000055,145,89,56
107000056,475,777,-302
107000057,1636,214,1422
107000058,2418,2405,13
107000059,2002,2978,-976
107000060,5338,5211,127
107000061,5077,3142,1935
107000062,5699,2945,2754
107000063,4375,4094,281
107000064,5008,2709,2299
107000065,4251,3735,516
107000066,2261,3620,-1359
107000067,1379,1228,151
107000068,1593,848,745
107000069,1020,592,428
107000070,1071,11,1060
107000071,3759,51,3708
107000072,47,2019,-1972
107000073,1032,412,620
107000074,160,763,-603
107000075,2081,479,1602
107000076,683,1170,-487
107000077,4297,1284,3013
107000078,2337,2524,-187
107000079,3469,1206,2263
107000080,948,2499,-1551
107000081,2455,639,1816
107000082,526,1414,-888
107000083,1663,509,1154
107000084,320,1257,-937
107000085,3193,3185,8
107000086,3568,3164,404
107000087,3300,2079,1221
107000088,3396,3353,43
107000089,1722,1699,23
107000090,1282,889,393
107000091,1712,777,935
107000092,862,751,111
107000093,1272,819,453
107000094,1058,930,128
107000095,1010,656,354
107000096,649,740,-91
107000097,522,271,251
107000098,278,327,-49
107000099,525,339,186
107000100,254,296,-42
107000101,101,160,-59
107000102,196,318,-122
107000103,261,194,67
107000104,181,211,-30
107000105,424,117,307
107000106,215,215,0
107000107,713,179,534
107000108,136,458,-322
107000109,790,211,579
107000110,65,399,-334
107000111,416,56,360
107000112,43,228,-185
107000113,702,114,588
107000114,119,405,-286
107000115,642,180,462
107000116,110,547,-437
107000117,197,680,-483
107000118,154,141,13
107000119,1429,1552,-123
107000120,867,552,315
107000121,1054,614,440
107000122,1141,818,323
107000123,564,507,57
107000124,645,639,6
107000125,1083,496,587
107000126,900,518,382
107000127,39,321,-282
107000129,220,142,78
107000130,338,290,48
107000131,551,322,229
107000132,757,448,309
107000133,596,134,462
107000134,314,1,313
107000135,1,396,-395
107000136,892,9,883
107000137,14,519,-505
107000138,355,34,321
107000139,23,588,-565
107000140,1664,167,1497
107000141,144,748,-604
107000142,464,103,361
107000143,84,553,-469
107000144,593,622,-29
107000145,169,330,-161
107000146,276,363,-87
107000147,3353,793,2560
107000150,610,4319,-3709
107000151,51,113,-62
107000152,372,1699,-1327
107000153,159,366,-207
107000154,181,258,-77
107000155,1406,42,1364
107000156,1470,42,1428
107000157,137,1097,-960
107000158,731,21,710
107000159,22,536,-514
107000160,1396,215,1181
107000161,78,988,-910
107000162,342,720,-378
107000163,241,11,230
107000164,843,1,842
107000165,1402,11,1391
107000166,37,844,-807
107000167,717,181,536
107000168,1105,580,525
107000169,689,681,8
107000170,2836,911,1925
107000171,748,1370,-622
107000172,1271,1637,-366
107000173,593,710,-117
107000174,1287,6708,-5421
107000175,5750,1393,4357
107000176,0,1,-1
107000177,3,3,0
107000178,31,33,-2
107000179,304,1430,-1126
107000180,1661,249,1412
107000181,453,782,-329
107000182,2288,802,1486
107000183,157,605,-448
107000184,1132,594,538
107000185,628,1192,-564
107000186,1603,412,1191
107000187,1444,1191,253
107000188,746,494,252
107000189,683,941,-258
107000190,702,662,40
107000191,798,771,27
107000192,1685,645,1040
107000193,457,550,-93
107000194,778,617,161
107000197,1055,292,763
107000198,347,655,-308
107000199,805,665,140
107000200,624,713,-89
107000201,484,327,157
107000202,361,446,-85
107000203,1057,1048,9
107000204,1285,1188,97
107000205,2293,1106,1187
107000206,1146,1650,-504
107000207,689,1071,-382
107000208,1081,537,544
107000209,1710,1405,305
107000210,556,283,273
107000211,10,61,-51
107000212,29,283,-254
107000213,2,31,-29
107000214,17,135,-118
107000215,552,295,257
107000216,549,482,67
107000217,172,122,50
107000219,106,190,-84
107000220,193,186,7
107000222,267,552,-285
107000224,859,92,767
107000225,229,431,-202
107000226,807,100,707
107000227,80,158,-78
107000228,139,313,-174
107000229,108,118,-10
107000230,983,513,470
107000231,1216,1951,-735
107000232,128,42,86
107000233,1042,998,44
107000234,3,76,-73
107000235,118,38,80
107000236,17,645,-628
107000237,32,0,32
107000238,28,0,28
107000239,3431,554,2877
107000240,66,767,-701
107000241,126,23,103
107000242,342,40,302
107000243,0,50,-50
107000244,5,69,-64
107000246,3,955,-952
107000249,3,1036,-1033
107000251,1,280,-279
107000252,2,733,-731
107000255,301,149,152
107000257,0,230,-230
107000258,1,83,-82
107000259,3,153,-150
107000260,706,11,695
107000262,10,298,-288
107000263,357,9,348
107000266,8,13,-5
107000267,53,101,-48
107000268,116,92,24
107000269,876,59,817
107000270,4,35,-31
107000271,19,393,-374
107000272,40,76,-36
107000273,10,304,-294
107000274,3579,986,2593
107000275,106,3276,-3170
107000280,989,39,950
107000281,54,467,-413
107000282,108,604,-496
107000290,14,24,-10
107000291,28,12,16
107000292,1,164,-163
107000293,65,5,60
107000294,0,33,-33
107000295,30,2,28
107000296,0,22,-22
107000444,379,12,367
107000496,3,17,-14
107000497,1427,1750,-323
107000500,396,249,147
107000501,127,120,7
107000502,165,237,-72
107000505,289,706,-417
107000506,6,79,-73
107000508,0,407,-407
107000509,285,772,-487
107000510,24,26,-2
107000514,53,384,-331
107000515,21,115,-94
107000516,493,301,192
107000518,1242,1710,-468
107000519,1175,737,438
107000520,79,28,51
107900001,211,168,43
107900002,89,11,78
107900003,362,9,353
107900004,129,1,128
107900005,1404,3,1401
107900006,270,5,265
107900007,504,46,458
107900008,92,22,70
107900009,282,5,277
107900010,54,4,50
107900012,264,53,211
107900013,207,28,179
107900014,58,8,50
107900015,983,19,964
107900016,496,92,404
107900017,54,2,52
107900018,70,209,-139
107900019,32,24,8
107900020,157,15,142
107900021,106,87,19
107900023,6,5,1
107900024,1,23,-22
107900025,250,258,-8
107900026,68,29,39
107900027,42,59,-17
107900028,116,56,60
107900030,192,34,158
107900031,76,76,0
107900032,25,6,19
107900033,34,3,31
107900034,384,28,356
107900035,1114,46,1068
107900036,77,27,50
107900037,0,14,-14
107900038,97,287,-190
107900039,34,38,-4
107900040,49,201,-152
107900041,1,0,1
107900043,59,71,-12
107900044,16,6,10
107900045,130,46,84
107900046,155,167,-12
107900047,47,39,8
107900048,220,11,209
107900049,279,1925,-1646
107900050,98,300,-202
107900051,121,83,38
107900052,66,61,5
107900053,90,60,30
107900055,942,391,551
107900056,145,75,70
107900057,2,0,2
107900058,27,471,-444
107900060,64,143,-79
107900061,11,5,6
107900063,116,116,0
107900064,326,265,61
107900065,289,14,275
107900066,41,4,37
107900067,0,1,-1
107900068,138,576,-438
107900069,40,2655,-2615
107900070,128,91,37
107900071,40,488,-448
107900072,139,88,51
107900073,152,92,60
107900074,457,300,157
107900076,119,39,80
107900077,80,1,79
107900078,247,66,181
107900079,9,23,-14
107900080,264,624,-360
107900081,47,85,-38
107900082,19,17,2
107900083,374,239,135
107900084,127,122,5
107900086,53,200,-147
107900087,474,129,345
107900088,57,8,49
107900089,278,1043,-765
107900090,1424,2986,-1562
107900091,147,286,-139
107900092,1747,463,1284
107900093,56,69,-13
107900095,2762,2302,460
107900097,27,61,-34
107900098,72,227,-155
107900100,866,1545,-679
107900101,790,169,621
107900102,59,6,53
107900103,41,142,-101
107900104,208,9,199
107900105,1,215,-214
107900106,3,655,-652
107900107,1993,529,1464
107900108,133,134,-1
107900109,1781,31,1750
107900110,105,69,36
107900111,7,585,-578
107900112,102,375,-273
107900113,246,92,154
107900114,171,106,65
107900115,1,26,-25
107900116,190,128,62
107900117,418,244,174
107900118,40,116,-76
107900119,93,295,-202
107900120,39,35,4
107900121,2,175,-173
107900122,2,127,-125
107900123,5,59,-54
107900124,16,59,-43
107900125,44,227,-183
107900126,8,63,-55
107900127,583,318,265
107900128,56,95,-39
107900129,86,24,62
107900130,103,24,79
107900131,494,313,181
107900132,93,268,-175
107900133,0,63,-63
107900134,54,90,-36
107900135,4,118,-114
107900136,46,47,-1
107900137,101,123,-22
107900138,75,34,41
107900139,32,47,-15
107900140,79,24,55
107900141,58,43,15
107900142,61,615,-554
107900143,101,18,83
107900144,0,110,-110
107900145,15,53,-38
107900146,51,156,-105
107900147,58,30,28
107900148,159,94,65
107900149,766,223,543
107900150,47,416,-369
107900151,44,79,-35
107900152,2,131,-129
107900153,123,324,-201
107900154,73,15,58
107900155,81,50,31
107900156,9,191,-182
107900157,50,38,12
107900158,993,24,969
107900159,17,574,-557
107900160,126,147,-21
107900161,56,126,-70
107900162,1,139,-138
107900163,76,96,-20
107900164,20,38,-18
107900165,35,134,-99
107900166,32,112,-80
107900167,65,39,26
107900168,65,54,11
107900169,0,78,-78
107900171,7,795,-788
107900172,2,272,-270
107900173,32,89,-57
107900174,143,1,142
107900175,35,37,-2
107900176,44,21,23
107900177,2,376,-374
107900178,0,94,-94
107900179,14,135,-121
107900180,470,882,-412
107900181,362,237,125
107900182,5,700,-695
107900183,99,150,-51
107900184,119,208,-89
107900185,158,3,155
107900186,49,47,2
107900187,0,130,-130
107900188,496,137,359
107900189,22,87,-65
107900190,58,156,-98
107900191,130,82,48
107900193,1,57,-56
107900194,400,23,377
107900195,1556,297,1259
107900196,76,84,-8
107900197,648,452,196
107900199,4,551,-547
107900201,81,68,13
107900203,28,53,-25
107900204,156,242,-86
107900205,273,345,-72
107900206,950,286,664
107900207,4,370,-366
107900208,8,411,-403
107900209,294,111,183
107900210,59,95,-36
107900213,804,633,171
107900214,29,136,-107
107900215,177,445,-268
107900216,180,86,94
107900217,35,120,-85
107900218,7,2675,-2668
107900219,37,58,-21
107900220,179,235,-56
107900221,228,205,23
107900223,127,374,-247
107900224,114,415,-301
107900225,7,619,-612
107900226,101,67,34
107900227,108,316,-208
107900228,28,105,-77
107900229,1,216,-215
107900230,17,87,-70
107900231,26,169,-143
107900232,69,95,-26
107900233,5,117,-112
107900234,124,82,42
107900235,17,158,-141
107900236,102,28,74
107900237,46,306,-260
107900238,22,110,-88
107900239,525,584,-59
107900240,33,70,-37
107900241,16,64,-48
107900242,51,178,-127
107900243,9,50,-41
107900244,324,11,313
107900245,903,50,853
107900246,397,23,374
107900248,453,281,172
107900249,954,63,891
107900250,0,392,-392
107900251,55,961,-906
107900252,1106,26,1080
107900253,230,10,220
107900254,77,422,-345
107900255,208,65,143
107900256,1931,2860,-929
107900257,262,131,131
107900258,107,198,-91
107900259,52,2441,-2389
107900261,0,241,-241
107900262,43,102,-59
107900264,443,9,434
107900265,129,163,-34
107900267,262,13,249
107900268,15,6,9
107900269,0,6,-6
107900270,0,0,0
107900271,2,13,-11
107900272,84,39,45
107900273,59,88,-29
107900274,115,1,114
107900275,27,1,26
107900276,0,100,-100
107900277,2,139,-137
107900278,311,331,-20
107900279,64,177,-113
107900280,1926,1938,-12
107900281,839,3151,-2312
107900282,37,494,-457
107900283,870,792,78
107900284,566,399,167
107900285,131,55,76
107900286,105,100,5
107900287,306,172,134
107900290,0,172,-172
107900291,590,18,572
107900292,99,131,-32
107900293,60,312,-252
107900295,56,35,21
107900297,4,282,-278
107900298,731,547,184
107900299,2085,2730,-645
107900300,104,355,-251
107900301,668,761,-93
107900302,162,29,133
107900303,200,264,-64
107900304,388,316,72
107900305,380,10,370
107900306,49,43,6
107900307,51,216,-165
107900308,216,165,51
107900309,99,1,98
107900310,725,5,720
107900311,24,807,-783
107900312,97,0,97
107900313,1,198,-197
107900314,0,61,-61
107900315,7,47,-40
107900316,107,6,101
107900317,79,26,53
107900318,22,133,-111
107900319,5,145,-140
107900320,2,111,-109
107900321,163,1,162
107900322,2,66,-64
107900323,7,122,-115
107900324,174,3,171
107900325,106,1,105
107900326,367,204,163
107900327,2,67,-65
107900328,83,1,82
107900329,119,145,-26
107900330,13,273,-260
107900331,300,16,284
107900332,259,11,248
107900333,73,20,53
107900334,6,103,-97
107900335,98,48,50
107900336,35,60,-25
107900337,815,1084,-269
107900338,5,183,-178
107900339,0,35,-35
107900340,1,43,-42
107900341,68,4,64
107900342,98,64,34
107900343,47,2,45
107900344,5,55,-50
107900345,76,34,42
107900346,25,2,23
107900347,21,2,19
107900348,8,0,8
107900349,23,10,13
107900350,18,203,-185
108000001,3439,3806,-367
108000002,1719,2032,-313
108000003,3888,3473,415
108000004,10398,12098,-1700
108000005,9312,6832,2480
108000006,6925,6585,340
108000007,5648,3919,1729
108000008,3842,5727,-1885
108000009,4520,4765,-245
108000010,2638,3515,-877
108000011,13110,12601,509
108000012,13139,12521,618
108000014,826,1120,-294
108000015,803,268,535
108000016,353,631,-278
108000017,1239,436,803
108000018,1898,775,1123
108000019,2368,1152,1216
108000020,1418,513,905
108000021,373,1801,-1428
108000022,434,1232,-798
108000023,1453,226,1227
108000024,309,379,-70
108000025,329,325,4
108000026,743,321,422
108000027,819,398,421
108000028,632,261,371
108000029,540,408,132
108000030,708,209,499
108000031,224,648,-424
108000032,1907,653,1254
108000033,721,741,-20
108000034,2014,560,1454
108000035,728,1695,-967
108000036,357,791,-434
108000037,1776,434,1342
108000038,2891,538,2353
108000039,532,1356,-824
108000040,2186,1059,1127
108000041,781,1668,-887
108000042,336,164,172
108000043,242,267,-25
108000044,648,181,467
108000045,343,358,-15
108000046,1687,272,1415
108000047,414,710,-296
108000048,203,329,-126
108000049,1225,246,979
108000050,119,334,-215
108000051,307,125,182
108000052,230,413,-183
108000053,459,227,232
108000054,476,1107,-631
108000055,1197,597,600
108000056,774,1055,-281
108000057,699,1209,-510
108000058,2283,3849,-1566
108000059,2649,1562,1087
108000060,198,424,-226
108000061,153,253,-100
108000062,954,642,312
108000063,599,352,247
108000064,302,228,74
108000065,531,437,94
108000066,1717,822,895
108000067,2027,832,1195
108000068,805,349,456
108000069,226,679,-453
108000070,2059,798,1261
108000071,593,1160,-567
108000072,1949,1009,940
108000073,1337,1332,5
108000074,747,427,320
108000075,388,690,-302
108000076,1131,556,575
108000077,584,582,2
108000078,2703,1155,1548
108000079,827,1173,-346
108000080,1556,414,1142
108000081,529,1082,-553
108000082,870,1280,-410
108000083,2112,970,1142
108000084,394,862,-468
108000085,1057,485,572
108000086,602,498,104
108000087,176,2382,-2206
108000088,241,11,230
108000089,374,406,-32
108000090,486,158,328
108000091,271,393,-122
108000092,188,79,109
108000093,289,384,-95
108000094,687,111,576
108000095,214,226,-12
108000096,400,180,220
108000097,176,327,-151
108000098,2182,1176,1006
108000099,313,181,132
108000100,82,223,-141
108000101,1579,1544,35
108000102,1642,3431,-1789
108000106,1094,1,1093
108000107,6,967,-961
108000108,947,53,894
108000109,21,920,-899
108000110,185,246,-61
108000111,175,530,-355
108000112,73,131,-58
108000113,431,233,198
108000115,379,275,104
108000117,947,523,424
108000118,69,219,-150
108000119,566,311,255
108000120,164,720,-556
108000121,222,380,-158
108000122,574,275,299
108000123,864,150,714
108000124,360,403,-43
108000125,514,199,315
108000126,188,260,-72
108000127,504,215,289
108000128,638,332,306
108000129,308,617,-309
108000130,540,182,358
108000131,1061,403,658
108000132,1651,905,746
108000133,1179,440,739
108000134,508,432,76
108000135,1309,427,882
108000136,282,661,-379
108000137,529,278,251
108000138,448,687,-239
108000139,534,270,264
108000140,151,28,123
108000141,28,43,-15
108000142,38,46,-8
108000143,22,16,6
108000144,44,10,34
108000145,48,10,38
108000146,91,34,57
108000147,48,21,27
108000148,94,43,51
108000149,17,18,-1
108000150,41,18,23
108000151,73,78,-5
108000152,151,394,-243
108000153,659,130,529
108000154,40,15,25
108000155,36,30,6
108000156,371,85,286
108000157,217,1132,-915
108000158,102,699,-597
108000159,400,189,211
108000160,1893,1174,719
108000161,2044,3066,-1022
108000165,5,260,-255
108000172,6,250,-244
108000173,1332,1955,-623
108000175,265,136,129
108000178,377,239,138
108000179,177,971,-794
108000181,61,21,40
108000182,93,20,73
108000183,35,24,11
108000184,658,2413,-1755
108000185,319,320,-1
108000186,196,52,144
108000187,103,370,-267
108000188,731,216,515
108000189,498,1437,-939
108000190,42,121,-79
108000192,205,442,-237
108000193,878,37,841
108000194,33,6,27
108000195,1,809,-808
108000196,210,175,35
108000198,422,216,206
108000199,0,209,-209
108000200,491,259,232
108000202,2,310,-308
108000203,119,339,-220
108000204,158,65,93
108000205,138,276,-138
108000339,1091,330,761
108000364,95,245,-150
108000365,103,229,-126
108000367,114,304,-190
108000368,7,38,-31
108000369,594,194,400
108000371,2,581,-579
108000372,660,7,653
108000373,261,200,61
108000376,101,37,64
108000377,572,150,422
108000378,9902,10514,-612
108000379,37,190,-153
108000381,68,11,57
108000382,71,1,70
108000383,0,102,-102
108900001,57,578,-521
108900002,239,61,178
108900003,280,508,-228
108900004,143,451,-308
108900005,81,425,-344
108900006,789,194,595
108900007,378,231,147
108900008,234,185,49
108900009,103,136,-33
108900010,365,150,215
108900011,715,386,329
108900012,506,444,62
108900013,244,251,-7
108900014,23,99,-76
108900015,1,139,-138
108900016,0,226,-226
108900017,296,458,-162
108900018,178,386,-208
108900019,62,617,-555
108900020,65,184,-119
108900021,173,211,-38
108900022,224,11,213
108900023,2,32,-30
108900024,41,72,-31
108900025,160,93,67
108900026,35,148,-113
108900027,0,55,-55
108900028,98,204,-106
108900029,52,207,-155
108900030,0,29,-29
108900031,170,242,-72
108900032,16,252,-236
108900033,1,125,-124
108900034,1,115,-114
108900035,284,863,-579
108900036,212,224,-12
108900037,55,243,-188
108900038,0,233,-233
108900039,0,257,-257
108900040,6,71,-65
108900041,4260,3812,448
108900042,7,373,-366
108900043,84,451,-367
108900044,1,297,-296
108900045,76,350,-274
108900046,45,530,-485
108900047,0,37,-37
108900048,105,590,-485
108900049,2007,1570,437
108900050,1,128,-127
108900051,1,127,-126
108900052,29,120,-91
108900053,75,217,-142
108900054,100,165,-65
108900055,57,373,-316
108900056,0,91,-91
108900057,1,117,-116
108900058,71,225,-154
108900059,566,44,522
108900060,137,159,-22
108900061,87,42,45
108900062,6,204,-198
108900063,47,224,-177
108900064,339,43,296
108900065,16,145,-129
108900066,550,185,365
108900067,32,122,-90
108900068,2,81,-79
108900069,62,61,1
108900070,24,66,-42
108900071,141,77,64
108900072,1990,680,1310
108900073,6,56,-50
108900074,310,182,128
108900075,42,50,-8
108900076,422,49,373
108900077,95,116,-21
108900078,48,86,-38
108900079,595,142,453
108900080,36,1001,-965
108900081,53,223,-170
108900082,104,101,3
108900083,24,326,-302
108900084,340,200,140
108900085,1769,181,1588
108900086,148,156,-8
108900087,106,139,-33
108900088,1084,459,625
108900089,29,153,-124
108900090,81,165,-84
108900091,131,57,74
108900092,613,256,357
108900093,139,102,37
108900094,369,91,278
108900095,14,208,-194
108900096,259,15,244
108900097,378,143,235
108900098,1616,947,669
108900099,457,187,270
108900100,93,142,-49
108900101,265,306,-41
108900102,115,1149,-1034
108900103,75,100,-25
108900104,117,339,-222
108900105,7,1382,-1375
108900106,481,210,271
108900108,330,61,269
108900109,49,39,10
108900110,313,322,-9
108900111,555,385,170
108900112,289,41,248
108900113,53,59,-6
108900114,3,2,1
108900115,125,49,76
108900116,144,17,127
108900117,240,7,233
108900118,735,11,724
108900119,362,37,325
108900120,184,227,-43
108900121,372,90,282
108900122,194,36,158
108900123,184,120,64
108900124,509,214,295
108900125,630,9,621
108900126,115,77,38
108900127,193,29,164
108900128,156,49,107
108900129,1001,144,857
108900130,350,4,346
108900131,427,18,409
108900132,477,50,427
108900133,290,74,216
108900134,446,199,247
108900135,150,7,143
108900136,63,1,62
108900137,234,0,234
108900138,906,76,830
108900139,844,129,715
108900140,401,187,214
108900141,401,36,365
108900142,151,3,148
108900143,80,3,77
108900144,135,1,134
108900145,251,20,231
108900146,150,1,149
108900147,258,1,257
108900148,46,33,13
108900149,559,207,352
108900150,257,19,238
108900151,211,27,184
108900152,392,79,313
108900153,206,246,-40
108900154,5408,460,4948
108900155,327,76,251
108900156,115,12,103
108900157,43,450,-407
108900158,478,32,446
108900159,2,141,-139
108900160,14,162,-148
108900161,8,283,-275
108900162,157,2,155
108900163,7,309,-302
108900164,45,72,-27
108900165,123,57,66
108900167,1112,8197,-7085
108900168,5193,2721,2472
108900169,52,137,-85
108900171,4847,3463,1384
108900172,209,40,169
108900173,194,304,-110
108900174,956,592,364
108900176,165,302,-137
108900177,4554,6558,-2004
108900178,3076,3900,-824
108900179,653,2129,-1476
108900180,210,282,-72
108900182,51,487,-436
108900183,398,185,213
108900184,640,289,351
108900185,165,403,-238
108900186,100,378,-278
108900187,521,46,475
108900188,778,88,690
108900189,504,160,344
108900190,87,1866,-1779
108900191,203,58,145
108900192,130,225,-95
108900193,321,61,260
108900194,31,490,-459
108900195,117,220,-103
108900196,36,299,-263
108900198,4,295,-291
108900199,255,252,3
108900200,757,405,352
108900201,456,1206,-750
108900203,612,106,506
108900204,389,26,363
108900205,197,41,156
108900206,534,75,459
108900207,235,123,112
108900208,16,279,-263
108900209,194,504,-310
108900210,319,190,129
108900211,189,680,-491
108900212,471,1557,-1086
108900215,91,373,-282
108900216,418,299,119
108900217,108,0,108
108900218,212,28,184
108900219,101,8,93
108900220,64,34,30
108900221,58,306,-248
108900222,355,22,333
108900223,7,179,-172
108900224,26,222,-196
108900225,4,158,-154
108900226,335,21,314
108900227,164,385,-221
108900230,164,246,-82
108900231,32,223,-191
108900232,3,213,-210
108900233,573,135,438
108900234,322,137,185
108900235,187,517,-330
108900236,91,387,-296
108900237,73,189,-116
108900240,144,86,58
108900241,51,54,-3
108900245,38,1582,-1544
108900249,127,25,102
108900250,391,253,138
108900257,352,289,63
108900258,24,151,-127
108900259,39,58,-19
108900260,2,71,-69
108900261,67,100,-33
108900262,121,106,15
108900263,37,97,-60
108900264,379,236,143
108900265,1292,546,746
108900266,497,776,-279
108900267,4,125,-121
108900268,18,13,5
108900269,90,29,61
108900270,89,15,74
108900271,53,14,39
108900272,264,15,249
108900273,512,1269,-757
108900274,48,52,-4
109000001,2761,1957,804
109000002,1180,2113,-933
109000003,2836,407,2429
109000004,509,1788,-1279
109000005,2196,556,1640
109000006,593,1578,-985
109000007,1773,580,1193
109000008,654,1562,-908
109000009,4028,1213,2815
109000010,1129,2934,-1805
109000011,3924,2129,1795
109000012,1860,2417,-557
109000013,4740,3455,1285
109000014,2398,2374,24
109000015,3728,8553,-4825
109000016,4830,2779,2051
109000017,2962,1355,1607
109000018,990,2360,-1370
109000019,2886,1249,1637
109000020,997,1495,-498
109000023,322,22,300
109000024,11,192,-181
109000025,345,500,-155
109000026,466,291,175
109000027,86,335,-249
109000028,110,93,17
109000029,156,255,-99
109000030,88,495,-407
109000031,255,158,97
109000032,106,446,-340
109000033,368,191,177
109000034,45,36,9
109000035,13,52,-39
109000036,78,292,-214
109000037,278,1872,-1594
109000038,539,310,229
109000039,1372,823,549
109000040,3609,11147,-7538
109000041,1894,1668,226
109000042,547,1175,-628
109000044,392,50,342
109000045,67,266,-199
109000046,384,67,317
109000047,55,371,-316
109000048,927,259,668
109000049,230,562,-332
109000050,382,255,127
109000051,267,233,34
109000052,605,647,-42
109000053,281,108,173
109000054,468,394,74
109000055,264,421,-157
109000056,516,394,122
109000057,911,563,348
109000058,969,335,634
109000059,628,1427,-799
109000060,326,334,-8
109000061,582,1478,-896
109000062,161,353,-192
109000063,300,147,153
109000064,346,148,198
109000065,219,185,34
109000066,378,112,266
109000067,69,191,-122
109000068,1628,14,1614
109000069,816,52,764
109000070,12,1715,-1703
109000071,426,73,353
109000072,114,299,-185
109000073,55,73,-18
109000074,34,157,-123
109000075,53,301,-248
109000076,97,246,-149
109000077,427,170,257
109000078,75,153,-78
109000079,143,89,54
109000080,192,92,100
109000081,126,309,-183
109000082,726,129,597
109000083,260,416,-156
109000088,149,436,-287
109000089,330,71,259
109000090,131,313,-182
109000091,395,194,201
109000092,356,367,-11
109000093,286,190,96
109000094,695,2,693
109000095,153,322,-169
109000096,757,200,557
109000097,103,89,14
109000098,50,118,-68
109000099,903,429,474
109000100,349,628,-279
109000101,2112,630,1482
109000102,518,786,-268
109000103,569,593,-24
109000104,2250,458,1792
109000105,489,984,-495
109000106,2130,761,1369
109000107,648,1608,-960
109000108,2219,613,1606
109000109,559,1318,-759
109000110,1750,635,1115
109000111,955,1722,-767
109000112,349,181,168
109000113,221,153,68
109000114,160,245,-85
109000115,1084,37,1047
109000116,6,277,-271
109000117,229,57,172
109000118,10,268,-258
109000119,1440,219,1221
109000120,172,526,-354
109000121,567,33,534
109000122,170,456,-286
109000123,12,62,-50
109000124,707,348,359
109000125,923,277,646
109000126,413,531,-118
109000127,1084,152,932
109000128,508,950,-442
109000129,3031,696,2335
109000130,545,1194,-649
109000131,905,582,323
109000132,673,1259,-586
109000133,301,727,-426
109000134,741,1022,-281
109000135,1222,1878,-656
109000136,378,285,93
109000137,354,362,-8
109000138,465,265,200
109000139,647,405,242
109000140,187,282,-95
109000141,570,377,193
109000142,128,411,-283
109000143,95,59,36
109000145,131,196,-65
109000146,43,75,-32
109000148,2949,1862,1087
109000149,18,50,-32
109000150,75,268,-193
109000155,880,638,242
109000156,967,558,409
109000158,277,349,-72
109000159,238,599,-361
109000160,1058,245,813
109000161,407,893,-486
109000162,2323,603,1720
109000163,1255,1357,-102
109000164,1333,1906,-573
109000165,1551,566,985
109000166,766,105,661
109000167,99,425,-326
109000170,39,44,-5
109000171,78,28,50
109000172,46,57,-11
109000173,33,60,-27
109000174,94,50,44
109000175,57,65,-8
109000176,319,241,78
109000177,35,136,-101
109000178,372,94,278
109000179,3591,5407,-1816
109000180,4558,3737,821
109000181,10,17,-7
109000182,41,12,29
109000183,53,22,31
109000184,46,17,29
109000185,36,30,6
109000188,397,1321,-924
109000189,2559,799,1760
109000190,664,383,281
109000191,418,425,-7
109000192,446,217,229
109000193,238,192,46
109000194,272,90,182
109000195,152,257,-105
109000196,283,113,170
109000197,221,244,-23
109000198,440,73,367
109000199,192,395,-203
109000206,223,23,200
109000207,127,47,80
109000208,114,98,16
109000209,190,71,119
109000210,108,412,-304
109000211,189,182,7
109000214,406,203,203
109000215,148,71,77
109000216,314,310,4
109000217,220,149,71
109000218,266,215,51
109000221,465,762,-297
109000222,902,238,664
109000223,362,374,-12
109000224,35,74,-39
109000225,91,68,23
109000226,50,137,-87
109000227,1199,820,379
109000228,4,1798,-1794
109000231,0,209,-209
109000232,436,224,212
109000236,319,582,-263
109000241,2050,1542,508
109000242,1815,1121,694
109000293,30,76,-46
109000361,130,148,-18
109000364,218,519,-301
109000396,3,356,-353
109000397,674,10,664
109000399,112,354,-242
109000400,85,158,-73
109000403,162,1031,-869
109000406,353,7,346
109000407,307,164,143
109000408,1,276,-275
109000410,1036,251,785
109000411,129,14,115
109900001,113,1,112
109900002,896,23,873
109900003,297,0,297
109900004,832,131,701
109900005,24,10,14
109900006,606,154,452
109900007,926,272,654
109900008,0,47,-47
109900009,147,416,-269
109900010,557,40,517
109900011,75,54,21
109900012,340,219,121
109900013,440,187,253
109900014,412,38,374
109900015,469,162,307
109900016,177,30,147
109900017,252,202,50
109900018,259,44,215
109900019,318,37,281
109900020,37,39,-2
109900021,46,18,28
109900022,105,199,-94
109900023,22,9,13
109900024,35,2,33
109900025,17,45,-28
109900026,1,145,-144
109900027,45,20,25
109900028,827,1094,-267
109900029,6,194,-188
109900030,86,18,68
109900031,0,319,-319
109900032,5,271,-266
109900033,2,540,-538
109900034,65,3,62
109900035,17,33,-16
109900036,48,44,4
109900037,47,340,-293
109900038,89,359,-270
109900039,2,0,2
109900040,20,392,-372
109900041,83,247,-164
109900042,63,1846,-1783
109900044,77,165,-88
109900045,193,137,56
109900046,29,59,-30
109900047,324,310,14
109900048,1,99,-98
109900049,14,37,-23
109900050,0,95,-95
109900051,0,22,-22
109900052,104,309,-205
109900053,2,129,-127
109900054,934,192,742
109900055,77,267,-190
109900056,27,255,-228
109900057,5,82,-77
109900058,0,41,-41
109900059,1002,112,890
109900060,467,165,302
109900061,67,249,-182
109900062,0,119,-119
109900063,5,441,-436
109900064,607,168,439
109900065,49,143,-94
109900066,280,590,-310
109900067,3,140,-137
109900068,118,4,114
109900069,5,30,-25
109900070,41,238,-197
109900071,15,36,-21
109900072,23,115,-92
109900073,510,409,101
109900074,13,37,-24
109900075,15,27,-12
109900076,8,117,-109
109900077,45,63,-18
109900078,82,162,-80
109900080,140,268,-128
109900081,16,223,-207
109900082,39,292,-253
109900083,13,53,-40
109900084,60,121,-61
109900085,199,492,-293
109900086,175,469,-294
109900087,294,513,-219
109900089,795,187,608
109900090,533,921,-388
109900091,411,56,355
109900092,1405,52,1353
109900093,1206,155,1051
109900094,74,67,7
109900095,97,227,-130
109900096,42,2,40
109900097,131,1,130
109900098,535,35,500
109900099,179,0,179
109900100,33,0,33
109900101,786,15,771
109900102,536,27,509
109900103,29,34,-5
109900104,579,331,248
109900105,567,18,549
109900106,488,68,420
109900107,1170,123,1047
109900108,141,327,-186
109900109,46,155,-109
109900110,66,298,-232
109900111,320,660,-340
109900112,282,396,-114
109900113,1084,572,512
109900114,1198,1085,113
109900115,168,91,77
109900117,1081,119,962
109900118,151,365,-214
109900119,601,249,352
109900120,89,39,50
109900121,440,415,25
109900122,658,27,631
109900123,12,149,-137
109900124,35,277,-242
109900125,2,153,-151
109900126,374,62,312
109900128,408,35,373
109900130,4684,2787,1897
109900131,54,144,-90
109900132,23,109,-86
109900133,79,201,-122
109900134,74,86,-12
109900135,237,36,201
109900136,42,123,-81
109900137,159,236,-77
109900138,452,295,157
109900140,194,117,77
109900141,514,220,294
109900142,1476,309,1167
109900145,8,602,-594
109900146,370,57,313
109900148,34,90,-56
109900149,39,42,-3
109900150,13,61,-48
109900151,30,53,-23
109900152,1,32,-31
109900153,1,96,-95
109900154,41,0,41
109900155,117,44,73
109900157,61,119,-58
109900158,73,120,-47
109900159,173,50,123
109900160,177,50,127
109900161,249,67,182
109900162,208,101,107
109900163,724,249,475
109900164,61,186,-125
109900165,332,4,328
109900166,2,93,-91
109900167,237,380,-143
109900168,192,504,-312
109900169,220,151,69
109900170,205,1142,-937
109900171,237,106,131
109900172,280,267,13
109900173,1828,2390,-562
109900174,45,118,-73
109900175,58,65,-7
109900176,198,154,44
109900177,64,186,-122
109900178,8,266,-258
109900179,68,19,49
109900180,5,16,-11
110000001,890,483,407
110000002,624,761,-137
110000003,883,697,186
110000004,521,771,-250
110000005,376,1907,-1531
110000006,241,333,-92
110000007,171,84,87
110000008,21,75,-54
110000009,33,19,14
110000010,32,53,-21
110000011,42,56,-14
110000012,678,286,392
110000013,35,503,-468
110000014,514,317,197
110000015,220,647,-427
110000016,292,1628,-1336
110000017,3122,279,2843
110000018,3025,390,2635
110000019,9,79,-70
110000020,464,184,280
110000021,565,571,-6
110000022,1283,234,1049
110000023,11,169,-158
110000024,670,547,123
110000025,485,7,478
110000026,14,270,-256
110000027,919,933,-14
110000028,964,600,364
110000029,529,464,65
110000030,292,341,-49
110000031,295,346,-51
110000032,868,296,572
110000033,283,168,115
110000034,594,575,19
110000035,895,445,450
110000036,1306,748,558
110000037,207,476,-269
110000038,258,801,-543
110000039,746,4094,-3348
110000040,362,316,46
110000041,312,1862,-1550
110000042,121,674,-553
110000043,949,356,593
110000044,181,1299,-1118
110000045,1110,188,922
110000046,18,46,-28
110000047,30,111,-81
110000048,14,55,-41
110000049,51,23,28
110000050,20,63,-43
110000051,26,16,10
110000052,25,27,-2
110000053,119,25,94
110000054,220,721,-501
110000055,698,102,596
110000056,168,85,83
110000057,468,559,-91
110000058,1257,469,788
110000059,1067,531,536
110000060,987,1132,-145
110000061,884,706,178
110000062,632,829,-197
110000063,34,151,-117
110000064,78,66,12
110000065,123,87,36
110000066,97,16,81
110000067,134,130,4
110000068,309,101,208
110000069,374,70,304
110000071,270,63,207
110000073,12,16,-4
110000075,18,70,-52
110000076,317,507,-190
110000077,430,1397,-967
110000078,40,33,7
110000080,197,567,-370
110000081,43,209,-166
110000082,22,376,-354
110000083,213,542,-329
110000084,1333,948,385
110000085,1233,1408,-175
110000086,1088,2272,-1184
110000087,18,42,-24
110000088,99,187,-88
110000089,328,81,247
110000090,210,200,10
110000091,822,286,536
110000092,22,40,-18
110000093,53,15,38
110000094,493,212,281
110000095,234,596,-362
110000096,1451,1802,-351
110000097,1087,1612,-525
110000098,2009,654,1355
110000099,661,1460,-799
110000100,1117,347,770
110000101,22,201,-179
110000102,81,14,67
110000104,382,146,236
110000105,47,209,-162
110000106,695,436,259
110000107,206,265,-59
110000108,189,88,101
110000109,315,233,82
110000110,2254,4521,-2267
110000111,4970,3270,1700
110000112,959,1251,-292
110000113,234,2348,-2114
110000114,271,652,-381
110000115,397,338,59
110000116,58,97,-39
110000117,234,278,-44
110000118,709,125,584
110000119,293,275,18
110000120,438,163,275
110000121,61,340,-279
110000122,438,496,-58
110000123,609,696,-87
110000124,0,667,-667
110000125,1232,3,1229
110000126,333,16,317
110000127,1058,59,999
110000128,40,1146,-1106
110000129,7,432,-425
110000130,296,189,107
110000131,85,275,-190
110000132,3,431,-428
110000133,43,478,-435
110000134,17,380,-363
110000135,184,25,159
110000136,71,243,-172
110000137,593,467,126
110000138,936,489,447
110000139,1052,746,306
110000140,828,658,170
110000143,570,387,183
110000144,4983,1796,3187
110000145,2025,1093,932
110000146,2508,825,1683
110000147,703,762,-59
110000148,896,252,644
110000151,875,1053,-178
110000152,733,393,340
110000153,212,32,180
110000154,52,17,35
110000155,1644,3871,-2227
110000156,1061,2456,-1395
110000157,1983,2093,-110
110000160,562,262,300
110000161,240,234,6
110000166,633,111,522
110000167,1014,486,528
110000168,1231,501,730
110000169,1002,399,603
110000170,130,54,76
110000171,623,121,502
110000172,184,665,-481
110000173,907,1037,-130
110000174,183,697,-514
110000175,856,46,810
110000176,169,389,-220
110000177,220,949,-729
110000178,499,1580,-1081
110000179,1156,314,842
110000180,207,219,-12
110000181,558,437,121
110000182,321,123,198
110000183,7981,8002,-21
110000184,338,2769,-2431
110000185,1268,932,336
110000186,766,632,134
110000191,1375,220,1155
110000192,679,11,668
110000193,1175,9,1166
110000194,8,776,-768
110000195,454,274,180
110000196,479,198,281
110000197,126,136,-10
110000198,140,54,86
110000199,77,116,-39
110000200,1158,462,696
110000201,1018,1102,-84
110000202,1510,566,944
110000203,615,546,69
110000204,7,160,-153
110000205,227,41,186
110000206,552,945,-393
110000207,1353,431,922
110000208,356,259,97
110000209,120,1251,-1131
110000210,1618,495,1123
110000211,1297,1081,216
110000212,436,1148,-712
110000213,262,81,181
110000214,418,141,277
110000215,214,256,-42
110000216,105,247,-142
110000217,375,122,253
110000218,205,226,-21
110000219,421,51,370
110000220,84,166,-82
110000221,387,54,333
110000222,57,157,-100
110000223,1,223,-222
110000224,56,9,47
110000225,305,714,-409
110000226,326,64,262
110000227,1145,1035,110
110000228,295,172,123
110000229,0,178,-178
110000230,784,733,51
110000231,187,201,-14
110000232,282,242,40
110000233,224,339,-115
110000234,838,1904,-1066
110000235,1117,1383,-266
110000236,761,557,204
110000237,2984,1632,1352
110000238,1417,1293,124
110000239,2319,1040,1279
110000240,0,51,-51
110000242,0,14,-14
110000243,147,85,62
110000244,182,734,-552
110000245,27,429,-402
110000246,890,508,382
110000247,1226,4277,-3051
110000248,1977,1224,753
110000249,66,12,54
110000250,135,217,-82
110000251,442,431,11
110000252,368,135,233
110000253,1441,615,826
110000254,613,936,-323
110000255,251,839,-588
110000256,501,298,203
110000257,731,399,332
110000258,3,479,-476
110000259,161,19,142
110000260,39,196,-157
110000263,569,104,465
110000264,431,298,133
110000265,1413,2064,-651
110000266,2130,3542,-1412
110000267,15,175,-160
110000268,356,439,-83
110000269,5,86,-81
110000270,88,5,83
110000271,1458,285,1173
110000272,1132,955,177
110000273,3455,1949,1506
110000274,190,1822,-1632
110000275,2171,722,1449
110000276,287,437,-150
110000277,354,465,-111
110000278,389,725,-336
110000279,981,819,162
110000280,521,455,66
110000281,40,427,-387
110000282,249,31,218
110000283,47,138,-91
110000284,73,55,18
110000285,4,910,-906
110000286,31,1,30
110000287,110,0,110
110000288,1,94,-93
110000289,426,2089,-1663
110000290,654,551,103
110000291,4021,1087,2934
110000292,1400,5442,-4042
110000293,744,565,179
110000294,1235,1144,91
110000295,248,802,-554
110000296,735,362,373
110000297,2520,254,2266
110000298,128,361,-233
110000299,192,64,128
110000301,488,24,464
110000302,273,662,-389
110000303,441,12,429
110000304,109,169,-60
110000305,1616,23,1593
110000306,257,902,-645
110000307,1953,10,1943
110000308,739,12,727
110000309,4,647,-643
110000310,860,45,815
110000311,25,509,-484
110000312,450,96,354
110000313,2476,2296,180
110000314,2,176,-174
110000315,3068,3374,-306
110000316,536,1389,-853
110000317,445,1375,-930
110000318,12,37,-25
110000319,13,28,-15
110000320,48,54,-6
110000321,36,50,-14
110000322,276,321,-45
110000323,640,220,420
110000324,2524,1644,880
110000325,2781,3579,-798
110000327,509,321,188
110000328,206,396,-190
110000333,1234,846,388
110000334,867,1282,-415
110000335,1099,538,561
110000336,787,904,-117
110000337,1696,581,1115
110000338,479,253,226
110000339,456,264,192
110000340,69,228,-159
110000341,478,500,-22
110000342,493,0,493
110000343,0,14,-14
110000344,161,287,-126
110000345,215,301,-86
110000346,2501,2224,277
110000347,1198,780,418
110000348,35,19,16
110000349,12,17,-5
110000350,52,5,47
110000351,1384,800,584
110000352,641,1594,-953
110000353,3257,611,2646
110000354,1020,3604,-2584
110000355,162,69,93
110000356,1106,6,1100
110000357,593,15,578
110000361,83,34,49
110000362,60,57,3
110000363,570,150,420
110000364,312,318,-6
110000365,180,0,180
110000366,0,109,-109
110000367,443,231,212
110000368,44,118,-74
110000369,73,2,71
110000373,3,208,-205
110000374,125,7,118
110000375,91,933,-842
110000376,43,115,-72
110000377,82,566,-484
110000378,17,435,-418
110000379,2494,1925,569
110000380,84,11,73
110000383,2,1437,-1435
110000384,1738,1149,589
110000385,3,318,-315
110000387,99,12,87
110000388,39,170,-131
110000389,795,5,790
110000391,968,281,687
110000396,238,101,137
110000397,136,140,-4
110000398,1,24,-23
110000399,121,2,119
110000587,143,85,58
110000589,153,83,70
110000640,170,34,136
110000652,17,364,-347
110000653,206,226,-20
110000654,64,360,-296
110000656,0,356,-356
110000674,37,27,10
110000675,69,26,43
110000676,13,28,-15
110000679,183,1239,-1056
110000682,193,203,-10
110000683,328,422,-94
110000684,7,31,-24
110000685,7,14,-7
110000686,1,61,-60
110000687,76,5,71
110000688,59,1041,-982
110000689,25,40,-15
110000692,69,206,-137
110000693,89,300,-211
110000694,0,124,-124
110000695,241,673,-432
110000696,48,94,-46
110900001,319,23,296
110900002,409,305,104
110900003,986,357,629
110900004,470,136,334
110900005,1833,2653,-820
110900006,18,23,-5
110900007,142,34,108
110900008,18,35,-17
110900009,531,206,325
110900010,11,60,-49
110900011,24,71,-47
110900012,18,64,-46
110900013,956,96,860
110900014,263,18,245
110900015,504,747,-243
110900016,65,101,-36
110900017,534,19,515
110900018,619,67,552
110900019,198,20,178
110900020,156,140,16
110900021,79,370,-291
110900022,99,217,-118
110900023,149,624,-475
110900024,26,251,-225
110900025,3,41,-38
110900027,32,213,-181
110900028,41,163,-122
110900029,17,248,-231
110900030,61,176,-115
110900031,1,141,-140
110900032,1,78,-77
110900033,33,170,-137
110900035,17,440,-423
110900036,95,33,62
110900037,117,25,92
110900038,1023,148,875
110900039,12,286,-274
110900040,224,38,186
110900041,28,65,-37
110900042,152,45,107
110900043,4,62,-58
110900044,197,14,183
110900045,68,248,-180
110900046,15,162,-147
110900047,466,301,165
110900049,121,87,34
110900050,22,2,20
110900051,33,173,-140
110900052,7,118,-111
110900053,147,21,126
110900054,43,165,-122
110900055,31,2,29
110900056,99,121,-22
110900057,5,84,-79
110900058,261,197,64
110900059,515,372,143
110900060,420,159,261
110900061,12,53,-41
110900062,150,207,-57
110900063,47,175,-128
110900064,20,0,20
110900065,186,85,101
110900066,4,86,-82
110900067,318,896,-578
110900068,206,208,-2
110900069,5,18,-13
110900070,126,49,77
110900071,217,907,-690
110900073,4,25,-21
110900074,473,68,405
110900075,375,76,299
110900077,1114,483,631
110900078,40,30,10
110900079,1517,1424,93
110900080,142,77,65
110900081,21,29,-8
110900082,151,93,58
110900083,153,77,76
110900084,43,45,-2
110900085,73,218,-145
110900086,92,361,-269
110900087,366,53,313
110900088,10,2,8
110900090,69,59,10
110900091,2,51,-49
110900093,431,134,297
110900095,62,47,15
110900097,15,16,-1
110900098,29,66,-37
110900099,84,345,-261
110900100,0,18,-18
110900102,46,18,28
110900105,1807,273,1534
110900108,21,37,-16
110900111,633,130,503
110900112,848,7,841
110900113,385,56,329
110900115,9,52,-43
110900116,878,1097,-219
110900118,66,3374,-3308
110900119,2419,243,2176
110900120,37,47,-10
110900121,181,1,180
110900122,452,196,256
110900125,400,457,-57
110900127,500,1435,-935
110900128,247,251,-4
110900129,383,916,-533
110900130,785,503,282
110900131,291,42,249
110900132,466,91,375
110900133,113,139,-26
110900135,119,227,-108
110900136,380,20,360
110900137,82,1,81
110900138,1406,1100,306
110900139,18,330,-312
110900140,83,11,72
110900141,10,319,-309
110900142,53,113,-60
110900143,268,96,172
110900144,1,475,-474
110900145,150,78,72
110900146,473,278,195
110900147,95,507,-412
110900148,4,204,-200
110900149,5,51,-46
110900150,141,30,111
110900151,12,111,-99
110900152,33,143,-110
110900153,155,42,113
111000001,473,284,189
111000002,267,424,-157
111000003,1203,701,502
111000004,425,710,-285
111000005,1631,1280,351
111000006,897,1652,-755
111000007,4659,3345,1314
111000008,1785,2814,-1029
111000009,356,728,-372
111000010,961,289,672
111000011,252,1013,-761
111000012,423,433,-10
111000013,446,846,-400
111000014,1178,390,788
111000017,96,966,-870
111000018,193,322,-129
111000020,705,1904,-1199
111000021,70,92,-22
111000023,104,64,40
111000025,3500,3610,-110
111000029,119,65,54
111000030,29,85,-56
111000031,2364,1351,1013
111000032,584,340,244
111000033,335,272,63
111000034,95,282,-187
111000037,1270,660,610
111000038,3089,1891,1198
111000039,1952,1612,340
111000040,2151,1845,306
111000041,1348,1334,14
111000042,2541,2147,394
111000043,2162,4138,-1976
111000044,2154,1042,1112
111000045,2841,2101,740
111000046,2073,1620,453
111000047,2985,4484,-1499
111000049,556,481,75
111000050,1117,920,197
111000051,453,774,-321
111000052,532,1263,-731
111000053,364,684,-320
111000054,438,575,-137
111000055,1229,1426,-197
111000056,175,363,-188
111000057,113,398,-285
111000058,474,72,402
111000059,742,299,443
111000060,4759,883,3876
111000061,731,291,440
111000062,972,335,637
111000063,1825,918,907
111000064,763,565,198
111000065,1376,746,630
111000066,588,360,228
111000067,608,461,147
111000068,712,886,-174
111000069,1654,2002,-348
111000070,819,732,87
111000071,284,441,-157
111000072,1128,487,641
111000073,315,843,-528
111000074,1842,1503,339
111000075,1143,605,538
111000076,478,616,-138
111000077,1787,1427,360
111000078,2735,1238,1497
111000079,1229,872,357
111000080,592,644,-52
111000081,1599,4965,-3366
111000082,740,476,264
111000084,748,550,198
111000085,817,1081,-264
111000086,2801,808,1993
111000087,733,508,225
111000088,5266,2617,2649
111000089,822,733,89
111000090,911,1247,-336
111000091,838,404,434
111000092,1609,701,908
111000093,833,997,-164
111000094,1722,997,725
111000095,696,2181,-1485
111000096,1500,7701,-6201
111000097,3615,1440,2175
111000098,887,895,-8
111000099,613,1363,-750
111000100,375,1033,-658
111000101,422,745,-323
111000102,241,594,-353
111000104,898,187,711
111000107,252,1050,-798
111000109,1466,263,1203
111000110,1626,674,952
111000111,2952,548,2404
111000112,2165,659,1506
111000113,985,1724,-739
111000114,1872,3586,-1714
111000115,4699,1118,3581
111000116,985,850,135
111000117,416,739,-323
111000118,1200,664,536
111000119,1321,776,545
111000120,560,601,-41
111000121,339,814,-475
111000122,497,915,-418
111000123,1088,2086,-998
111000124,538,1970,-1432
111000125,313,1190,-877
111000126,103,627,-524
111000127,1086,147,939
111000128,2500,296,2204
111000129,3385,437,2948
111000130,2691,578,2113
111000131,2297,522,1775
111000132,1995,1000,995
111000133,199,113,86
111000134,136,90,46
111000135,48,199,-151
111000136,440,257,183
111000138,25,7,18
111000140,1,7,-6
111000141,163,351,-188
111000142,19,205,-186
111000143,15,231,-216
111000144,35,961,-926
111000145,440,28,412
111000146,77,10,67
111000147,181,29,152
111000148,135,95,40
111000149,4,37,-33
111000150,25,4,21
111000151,1,16,-15
111000153,608,634,-26
111000154,601,192,409
111000155,144,163,-19
111000156,523,740,-217
111000157,256,1083,-827
111000158,1099,772,327
111000159,3609,780,2829
111000160,528,346,182
111000161,17,398,-381
111000162,69,118,-49
111000163,742,719,23
111000164,603,2885,-2282
111000165,794,382,412
111000166,1461,304,1157
111000167,152,338,-186
111000168,238,376,-138
111000169,264,556,-292
111000170,355,354,1
111000171,570,452,118
111000172,124,279,-155
111000173,254,553,-299
111000174,202,243,-41
111000175,45,381,-336
111000176,469,80,389
111000177,443,170,273
111000178,1546,200,1346
111000179,237,130,107
111000180,380,400,-20
111000181,1336,173,1163
111000182,233,177,56
111000183,360,295,65
111000184,377,173,204
111000185,371,278,93
111000186,401,169,232
111000187,114,136,-22
111000188,296,297,-1
111000189,781,542,239
111000190,175,181,-6
111000191,136,260,-124
111000192,182,317,-135
111000193,319,186,133
111000194,63,266,-203
111000195,122,244,-122
111000196,70,126,-56
111000197,452,93,359
111000198,559,78,481
111000199,215,124,91
111000200,435,301,134
111000201,743,191,552
111000202,343,134,209
111000203,330,204,126
111000204,491,949,-458
111000213,229,323,-94
111000214,1467,979,488
111000215,950,984,-34
111000217,1771,789,982
111000218,1153,914,239
111000219,385,208,177
111000220,1068,850,218
111000221,532,96,436
111000224,1,142,-141
111000225,214,70,144
111000226,161,3,158
111000227,30,2,28
111000228,29,434,-405
111000229,54,1038,-984
111000230,360,270,90
111000231,1085,532,553
111000232,781,767,14
111000233,1199,571,628
111000234,160,526,-366
111000239,84,115,-31
111000240,72,228,-156
111000241,37,239,-202
111000242,234,72,162
111000243,163,372,-209
111000244,623,87,536
111000245,1093,277,816
111000246,631,278,353
111000247,472,544,-72
111000248,736,332,404
111000249,469,438,31
111000250,45,78,-33
111000251,66,112,-46
111000253,28,13,15
111000255,24,14,10
111000257,60,31,29
111000260,80,812,-732
111000261,1546,107,1439
111000271,31,199,-168
111000273,2722,1030,1692
111000274,1360,2463,-1103
111000275,166,35,131
111000276,315,1159,-844
111000277,177,323,-146
111000278,705,221,484
111000291,829,7719,-6890
111000298,571,192,379
111000299,728,167,561
111000300,134,498,-364
111000302,368,56,312
111000303,73,147,-74
111000312,58,58,0
111000315,0,45,-45
111000320,224,515,-291
111000321,456,147,309
111000322,324,303,21
111000323,275,21,254
111000324,315,186,129
111000325,50,60,-10
111000326,150,257,-107
111000327,446,253,193
111000328,265,436,-171
111000329,0,71,-71
111000330,33,3,30
111000331,32,4,28
111000332,618,1193,-575
111000334,317,947,-630
111000335,1113,196,917
111000337,1528,363,1165
111000338,60,73,-13
111000339,745,240,505
111000340,202,414,-212
111000341,1328,561,767
111000342,178,669,-491
111000344,1550,535,1015
111000345,151,78,73
111000346,29,185,-156
111000347,128,12,116
111000350,167,97,70
111000351,126,252,-126
111000352,240,107,133
111000353,137,221,-84
111000354,672,122,550
111000355,288,646,-358
111000358,194,711,-517
111000360,235,373,-138
111000361,170,138,32
111000546,765,603,162
111000547,466,335,131
111000548,164,307,-143
111000549,370,181,189
111000550,59,880,-821
111000551,625,98,527
111000552,997,116,881
111000907,326,16,310
111000908,11,0,11
111000916,2047,266,1781
111000917,42,339,-297
111000918,240,443,-203
111000920,550,11,539
111000921,13,104,-91
111000922,618,274,344
111000924,64,519,-455
111000925,3092,1736,1356
111000926,1083,1204,-121
111000927,3152,4498,-1346
111000928,3907,2274,1633
111000929,1630,1306,324
111000930,772,1613,-841
111000931,2437,2596,-159
111000932,3526,1793,1733
111000933,3807,2597,1210
111000934,1570,2810,-1240
111000935,1891,924,967
111000936,955,1581,-626
111000937,1355,1253,102
111000938,1189,1169,20
111000939,656,39,617
111000940,673,76,597
111000941,410,335,75
111000943,581,187,394
111000944,198,229,-31
111000945,126,1031,-905
111001109,608,494,114
111001110,190,320,-130
111001111,96,6,90
111001112,84,5,79
111001113,4,136,-132
111001114,649,93,556
111001115,15,568,-553
111001116,3432,4100,-668
111001117,509,2359,-1850
111001120,115,229,-114
111001121,136,163,-27
111001122,84,189,-105
111001123,171,43,128
111900001,30,99,-69
111900002,24,421,-397
111900003,3,209,-206
111900004,37,80,-43
111900006,17,37,-20
111900007,204,9,195
111900008,357,7,350
111900009,266,124,142
111900010,328,305,23
111900012,129,75,54
111900013,12,40,-28
111900014,3278,4730,-1452
111900015,2,62,-60
111900016,0,72,-72
111900017,0,86,-86
111900018,227,6,221
111900019,3,138,-135
111900020,1,29,-28
111900021,23,70,-47
111900022,10,36,-26
111900023,72,59,13
111900024,1,47,-46
111900025,0,51,-51
111900026,1,62,-61
111900027,1,98,-97
111900028,2,194,-192
111900029,4,50,-46
111900030,42,311,-269
111900031,88,54,34
111900032,0,211,-211
111900033,6,64,-58
111900034,203,352,-149
111900035,50,171,-121
111900036,1,151,-150
111900038,274,454,-180
111900039,31,266,-235
111900040,1,263,-262
111900042,39,87,-48
111900043,1,201,-200
111900044,280,172,108
111900046,29,143,-114
111900048,201,318,-117
111900049,24,187,-163
111900050,89,36,53
111900051,2,128,-126
111900052,254,362,-108
111900053,715,1788,-1073
111900054,138,3,135
111900055,15,172,-157
111900056,100,263,-163
111900057,143,41,102
111900058,500,362,138
111900059,1224,695,529
111900060,280,1,279
111900061,4,94,-90
111900062,26,67,-41
111900063,181,124,57
111900064,91,107,-16
111900065,112,27,85
111900066,142,165,-23
111900067,330,363,-33
111900068,52,55,-3
111900069,83,20,63
111900070,222,113,109
111900071,0,146,-146
111900072,44,36,8
111900073,1311,169,1142
111900074,4,161,-157
111900075,122,6,116
111900076,250,37,213
111900077,56,2,54
111900078,386,30,356
111900079,35,25,10
111900080,226,212,14
111900081,491,206,285
111900082,160,32,128
111900083,177,7,170
111900084,144,0,144
111900085,37,121,-84
111900086,29,8,21
111900087,85,2,83
111900088,539,11,528
111900089,106,4,102
111900090,62,63,-1
111900091,251,1,250
111900092,138,1,137
111900093,493,7,486
111900094,180,0,180
111900095,299,35,264
111900096,152,0,152
111900097,105,0,105
111900098,327,25,302
111900099,92,1,91
111900100,198,5,193
111900101,105,17,88
111900102,708,269,439
111900103,88,103,-15
111900104,219,87,132
111900105,330,378,-48
111900106,1029,52,977
111900107,78,133,-55
111900108,140,213,-73
111900109,350,456,-106
111900110,1245,324,921
111900111,140,87,53
111900112,425,3550,-3125
111900113,134,46,88
111900114,128,81,47
111900115,14,22,-8
111900118,280,101,179
111900119,445,167,278
111900122,93,49,44
111900123,18,27,-9
111900124,26,37,-11
111900125,602,56,546
111900126,341,6,335
111900127,2,520,-518
111900128,7,322,-315
111900129,397,7,390
111900130,307,48,259
111900131,511,2,509
111900132,26,604,-578
111900133,11,252,-241
111900134,5,168,-163
111900135,18,27,-9
111900136,73,141,-68
111900137,35,22,13
111900138,13,46,-33
111900139,15,64,-49
111900140,159,29,130
111900141,76,1,75
111900142,95,25,70
111900143,38,116,-78
111900144,0,80,-80
111900145,0,242,-242
111900146,1,160,-159
111900147,97,302,-205
111900148,18,427,-409
111900149,6,191,-185
111900150,14,100,-86
111900151,1,18,-17
111900152,97,101,-4
111900153,904,689,215
111900154,31,399,-368
111900155,65,82,-17
111900156,95,58,37
111900157,131,17,114
111900158,686,84,602
111900159,372,38,334
111900160,439,0,439
111900161,230,1,229
111900162,65,206,-141
111900163,32,178,-146
111900164,86,78,8
111901113,571,130,441
111901114,380,209,171
111901115,127,4,123
111901116,44,8,36
111901117,29,42,-13
111901118,43,403,-360
111901119,564,68,496
111901120,93,108,-15
111901121,121,129,-8
111901122,2,292,-290
111901123,206,243,-37
111901124,275,5,270
111901125,374,153,221
111901126,169,81,88
111901127,444,691,-247
111901128,17,67,-50
111901129,8,93,-85
111901130,4,118,-114
111901131,1,149,-148
111901132,83,29,54
111901133,43,3,40
111901134,139,9,130
111901135,35,9,26
111901136,61,43,18
111901137,0,28,-28
111901138,179,36,143
111901139,35,25,10
111901140,15,75,-60
111901141,3,93,-90
111901142,3,80,-77
111901143,3,92,-89
111901144,39,53,-14
112000001,2077,712,1365
112000002,656,1771,-1115
112000003,1999,1116,883
112000004,776,577,199
112000005,4387,4032,355
112000006,1927,1458,469
112000007,4296,2523,1773
112000008,2818,3993,-1175
112000009,2700,2175,525
112000010,3599,4637,-1038
112000011,1529,1398,131
112000012,5503,6266,-763
112000013,3620,4362,-742
112000014,2556,3151,-595
112000015,3017,4346,-1329
112000016,5378,3198,2180
112000017,1946,5882,-3936
112000024,2207,859,1348
112000026,2528,3084,-556
112000027,895,684,211
112000028,1005,1334,-329
112000029,873,1043,-170
112000030,214,76,138
112000031,1447,5527,-4080
112000032,316,58,258
112000033,1918,2996,-1078
112000034,226,84,142
112000035,184,798,-614
112000036,686,1782,-1096
112000037,1475,1683,-208
112000038,1392,2315,-923
112000039,146,71,75
112000040,71,203,-132
112000041,417,425,-8
112000042,1013,430,583
112000050,1336,1734,-398
112000051,1242,1655,-413
112000054,1412,1354,58
112000057,916,513,403
112000058,475,569,-94
112000059,690,687,3
112000061,3338,1524,1814
112000062,1562,1539,23
112000063,812,2336,-1524
112000064,3142,3927,-785
112000065,1620,1917,-297
112000066,3973,1647,2326
112000067,728,603,125
112000068,3557,2873,684
112000069,666,1781,-1115
112000070,2474,1107,1367
112000071,1087,2522,-1435
112000072,2955,951,2004
112000073,2104,2786,-682
112000074,1959,1593,366
112000075,1833,1484,349
112000076,3792,2325,1467
112000077,756,506,250
112000078,1870,761,1109
112000079,1548,1439,109
112000080,1002,858,144
112000081,1471,2276,-805
112000082,1576,817,759
112000083,666,1109,-443
112000084,1632,759,873
112000085,1456,1035,421
112000086,2210,1132,1078
112000087,572,349,223
112000088,806,369,437
112000089,511,391,120
112000090,379,307,72
112000091,512,693,-181
112000092,2356,928,1428
112000093,1489,691,798
112000094,853,769,84
112000095,658,634,24
112000096,715,543,172
112000097,1639,737,902
112000098,950,783,167
112000099,1007,1919,-912
112000100,2099,731,1368
112000101,563,713,-150
112000102,1674,468,1206
112000103,404,733,-329
112000105,467,960,-493
112000106,1902,363,1539
112000107,27,273,-246
112000108,302,1377,-1075
112000109,86,69,17
112000110,2149,545,1604
112000111,1036,6042,-5006
112000112,5110,879,4231
112000113,920,1780,-860
112000114,3425,1084,2341
112000115,374,478,-104
112000116,738,973,-235
112000117,1120,969,151
112000118,936,771,165
112000119,502,615,-113
112000120,97,245,-148
112000121,170,348,-178
112000122,393,164,229
112000123,788,129,659
112000124,503,99,404
112000125,263,344,-81
112000126,322,299,23
112000127,2655,2728,-73
112000128,1137,1071,66
112000129,126,108,18
112000130,247,130,117
112000131,42,238,-196
112000132,228,238,-10
112000133,448,169,279
112000134,553,277,276
112000135,2196,675,1521
112000136,1311,1496,-185
112000137,2528,3203,-675
112000138,2265,1805,460
112000139,898,657,241
112000140,707,903,-196
112000141,978,403,575
112000142,101,420,-319
112000143,1293,189,1104
112000144,279,763,-484
112000145,2997,552,2445
112000146,564,1260,-696
112000147,2981,1599,1382
112000148,1353,1923,-570
112000149,614,480,134
112000150,260,501,-241
112000151,322,305,17
112000152,457,354,103
112000153,156,198,-42
112000154,157,259,-102
112000155,112,102,10
112000157,608,633,-25
112000158,304,313,-9
112000159,642,374,268
112000167,608,98,510
112000169,226,350,-124
112000173,894,229,665
112000175,438,330,108
112000176,1979,1972,7
112000177,976,241,735
112000178,109,309,-200
112000179,311,97,214
112000180,280,291,-11
112000181,1219,1345,-126
112000182,1439,1016,423
112000183,42,34,8
112000184,406,295,111
112000185,655,347,308
112000187,6186,3901,2285
112000195,218,26,192
112000196,345,2,343
112000197,251,233,18
112000198,43,398,-355
112000199,150,689,-539
112000202,508,1,507
112000216,71,232,-161
112000230,171,15,156
112000231,7,172,-165
112000256,78,334,-256
112000313,52,144,-92
112000314,102,41,61
112000337,230,620,-390
112000352,256,479,-223
112000392,1508,1358,150
112000398,1732,791,941
112000399,1459,2636,-1177
112000400,1744,1885,-141
112000401,2562,1644,918
112000402,3999,3967,32
112000403,2007,3159,-1152
112000404,1129,939,190
112000405,2490,3188,-698
112000406,2689,1673,1016
112000407,9358,9507,-149
112000408,7582,4544,3038
112000409,1415,3025,-1610
112000410,556,324,232
112000411,3813,2046,1767
112000412,1331,623,708
112000413,6550,6901,-351
112000414,107,69,38
112000415,94,52,42
112000416,2968,1290,1678
112000417,338,113,225
112000421,86,76,10
112000422,356,279,77
112000424,1902,3245,-1343
112000425,466,464,2
112000426,204,307,-103
112000427,1,10,-9
112000428,341,252,89
112000429,2257,2040,217
112000430,2467,2659,-192
112000431,95,169,-74
112000432,561,797,-236
112000433,395,701,-306
112000437,56,139,-83
112900001,91,0,91
112900002,601,654,-53
112900003,81,278,-197
112900004,54,187,-133
112900005,277,140,137
112900006,20,204,-184
112900007,86,182,-96
112900008,1,62,-61
112900009,428,167,261
112900010,404,737,-333
112900011,96,170,-74
112900012,3,21,-18
112900013,5,429,-424
112900014,7,257,-250
112900015,474,590,-116
112900016,11,239,-228
112900017,34,198,-164
112900018,0,155,-155
112900019,18,150,-132
112900020,452,983,-531
112900021,15,190,-175
112900022,31,84,-53
112900023,0,108,-108
112900024,19,183,-164
112900025,158,319,-161
112900026,3,162,-159
112900027,15,634,-619
112900028,35,117,-82
112900029,30,338,-308
112900030,71,116,-45
112900031,10,348,-338
112900032,259,197,62
112900034,0,41,-41
112900035,3,246,-243
112900036,36,136,-100
112900037,156,209,-53
112900038,875,190,685
112900039,9,261,-252
112900040,11,1018,-1007
112900041,745,1131,-386
112900042,184,195,-11
112900043,72,49,23
112900044,477,486,-9
112900045,248,284,-36
112900046,154,61,93
112900047,5,47,-42
112900049,332,72,260
112900050,33,615,-582
112900051,293,502,-209
112900052,11,551,-540
112900053,251,180,71
112900054,282,70,212
112900055,136,80,56
112900056,415,201,214
112900057,27,386,-359
112900058,350,448,-98
112900059,103,180,-77
112900060,18,109,-91
112900061,72,93,-21
112900062,86,115,-29
112900063,85,32,53
112900064,174,207,-33
112900065,38,29,9
112900066,404,252,152
112900067,334,121,213
112900068,74,54,20
112900069,1837,1013,824
112900071,46,8,38
112900072,380,2474,-2094
112900073,683,131,552
112900074,106,284,-178
112900075,1141,986,155
112900076,104,41,63
112900078,324,400,-76
112900079,275,19,256
112900080,95,7,88
112900081,60,232,-172
112900082,649,18,631
112900083,143,132,11
112900084,280,169,111
112900085,0,5,-5
112900086,122,4,118
112900087,986,149,837
112900088,156,44,112
112900089,1368,31,1337
112900090,74,33,41
112900091,272,10,262
112900092,111,403,-292
112900093,1713,33,1680
112900094,79,4,75
112900095,61,1,60
112900096,740,208,532
112900097,73,330,-257
112900098,607,7,600
112900099,1310,23,1287
112900100,54,0,54
112900101,471,4,467
112900102,219,20,199
112900103,244,3,241
112900104,47,3,44
112900105,29,0,29
112900106,372,164,208
112900107,12,2,10
112900108,14,1,13
112900109,153,1,152
112900110,1437,20,1417
112900111,815,3,812
112900112,341,3,338
112900113,0,21,-21
112900114,146,36,110
112900115,1617,6,1611
112900116,141,57,84
112900117,74,42,32
112900118,15,50,-35
112900119,159,4,155
112900120,872,292,580
112900121,65,153,-88
112900122,10,73,-63
112900123,126,14,112
112900124,8,66,-58
112900125,72,456,-384
112900126,135,188,-53
112900127,412,60,352
112900128,190,718,-528
112900129,3,649,-646
112900130,316,119,197
112900131,36,498,-462
112900132,98,629,-531
112900133,29,1513,-1484
112900134,2,253,-251
112900135,102,38,64
112900136,0,18,-18
112900137,0,342,-342
112900138,10,194,-184
112900139,190,1091,-901
112900140,0,35,-35
112900141,1158,96,1062
112900142,69,213,-144
112900143,34,398,-364
112900144,0,132,-132
112900145,33,413,-380
112900146,4,650,-646
112900147,2,976,-974
112900148,35,1,34
112900149,313,324,-11
112900151,22,80,-58
112900152,4199,760,3439
112900153,1673,2670,-997
112900154,0,100,-100
112900155,225,60,165
112900156,518,850,-332
112900157,282,30,252
112900158,76,18,58
112900159,302,151,151
112900160,90,222,-132
112900161,119,44,75
112900162,41,36,5
112900163,88,61,27
112900164,27,174,-147
112900165,143,38,105
112900166,22,77,-55
112900167,2,119,-117
112900168,4,4,0
112900169,9,18,-9
112900170,269,168,101
112900172,41,19,22
112900173,313,155,158
112900174,340,48,292
112900175,127,140,-13
112900176,5,34,-29
112900177,282,50,232
112900178,763,2864,-2101
112900179,46,467,-421
112900180,2271,1657,614
112900181,710,9,701
112900182,71,632,-561
112900183,162,330,-168
112900184,546,453,93
112900185,261,808,-547
112900186,1429,1462,-33
112900187,91,627,-536
112900188,848,2446,-1598
112900189,23,31,-8
112900190,9,45,-36
112900192,827,937,-110
112900193,1573,479,1094
112900194,116,63,53
112900195,1154,74,1080
112900196,290,364,-74
112900197,226,354,-128
112900199,735,390,345
112900200,799,203,596
112900201,171,91,80
112900202,471,638,-167
112900203,280,241,39
112900204,919,611,308
112900205,5,17,-12
112900206,21,72,-51
112900207,11,0,11
112900208,97,348,-251
112900209,386,328,58
112900210,1,15,-14
112900211,109,94,15
112900212,0,84,-84
112900213,48,20,28
112900214,11,6,5
112900215,15,103,-88
112900216,29,52,-23
112900217,9,56,-47
112900218,89,11,78
112900219,110,16,94
112900220,15,0,15
112900221,51,111,-60
112900222,13,33,-20
112900223,1393,24,1369
112900224,461,420,41
112900225,588,312,276
112900226,275,318,-43
112900227,736,628,108
112900228,75,49,26
112900229,296,35,261
112900230,7862,4302,3560
112900232,361,417,-56
112900233,91,136,-45
112900234,21,48,-27
112900235,109,19,90
112900236,355,16,339
112900237,235,136,99
112900238,9,19,-10
113000001,6252,4743,1509
113000002,4331,3377,954
113000003,1787,1625,162
113000004,1831,2099,-268
113000005,1960,946,1014
113000006,1170,1281,-111
113000007,2051,1008,1043
113000008,1782,1454,328
113000009,1400,709,691
113000010,1226,1102,124
113000011,932,1375,-443
113000012,2330,911,1419
113000013,1687,826,861
113000014,1479,1654,-175
113000015,534,322,212
113000016,446,1113,-667
113000017,167,387,-220
113000018,536,55,481
113000019,269,346,-77
113000020,427,63,364
113000021,1166,454,712
113000022,803,1107,-304
113000025,212,435,-223
113000026,555,586,-31
113000027,652,736,-84
113000028,986,813,173
113000029,1010,595,415
113000030,337,555,-218
113000031,214,285,-71
113000032,314,297,17
113000033,324,469,-145
113000034,300,295,5
113000035,32,45,-13
113000036,25,80,-55
113000037,100,26,74
113000038,17,82,-65
113000039,62,501,-439
113000040,61,99,-38
113000042,639,641,-2
113000051,1095,2169,-1074
113000052,1911,874,1037
113000053,549,401,148
113000054,465,705,-240
113000055,1434,473,961
113000056,1206,768,438
113000058,654,886,-232
113000059,1240,494,746
113000060,298,519,-221
113000061,494,667,-173
113000062,665,312,353
113000063,250,77,173
113000064,64,202,-138
113000065,202,551,-349
113000066,995,108,887
113000067,2764,1094,1670
113000068,360,905,-545
113000069,614,855,-241
113000070,3012,917,2095
113000071,520,570,-50
113000072,941,463,478
113000073,399,1304,-905
113000074,1178,417,761
113000075,1822,649,1173
113000076,580,2112,-1532
113000077,1187,692,495
113000078,729,2330,-1601
113000079,741,905,-164
113000080,668,818,-150
113000081,1087,993,94
113000082,1217,1055,162
113000083,612,908,-296
113000084,1741,1272,469
113000085,954,688,266
113000086,1234,1203,31
113000087,1210,951,259
113000088,2210,1477,733
113000089,1045,1601,-556
113000090,226,698,-472
113000091,430,433,-3
113000094,1483,207,1276
113000095,283,622,-339
113000096,177,665,-488
113000097,1110,384,726
113000098,147,77,70
113000099,1629,448,1181
113000100,150,278,-128
113000101,339,510,-171
113000102,715,476,239
113000103,1850,446,1404
113000104,720,2307,-1587
113000105,1234,671,563
113000106,496,499,-3
113000107,1081,682,399
113000108,933,875,58
113000109,682,1906,-1224
113000110,2361,572,1789
113000111,113,601,-488
113000112,276,305,-29
113000113,1743,302,1441
113000114,392,1995,-1603
113000116,840,377,463
113000117,1086,273,813
113000118,61,652,-591
113000119,693,569,124
113000120,78,310,-232
113000121,712,1358,-646
113000124,259,132,127
113000125,78,925,-847
113000127,1762,252,1510
113000128,665,519,146
113000129,565,816,-251
113000133,1779,1484,295
113000134,11,1239,-1228
113000135,4091,4534,-443
113000137,1835,3739,-1904
113000139,374,313,61
113000140,86,190,-104
113000141,362,304,58
113000142,669,1575,-906
113000143,398,227,171
113000144,247,573,-326
113000145,116,102,14
113000146,159,76,83
113000147,238,86,152
113000148,245,133,112
113000149,132,116,16
113000150,644,231,413
113000151,81,58,23
113000152,48,110,-62
113000153,1396,573,823
113000154,860,1607,-747
113000155,373,633,-260
113000156,167,410,-243
113000157,423,747,-324
113000158,749,198,551
113000159,1093,575,518
113000160,577,917,-340
113000161,259,299,-40
113000162,883,428,455
113000163,155,55,100
113000164,24,72,-48
113000166,215,108,107
113000167,30,68,-38
113000168,77,70,7
113000169,228,67,161
113000170,104,134,-30
113000171,46,65,-19
113000172,251,66,185
113000173,77,18,59
113000174,127,303,-176
113000175,394,97,297
113000176,535,151,384
113000177,152,335,-183
113000178,171,282,-111
113000179,402,162,240
113000180,752,1294,-542
113000181,990,748,242
113000182,165,442,-277
113000183,138,658,-520
113000184,20,105,-85
113000189,340,906,-566
113000190,679,496,183
113000192,920,3306,-2386
113000193,2966,2009,957
113000194,1129,1193,-64
113000195,2575,1457,1118
113000196,199,57,142
113000197,1631,1691,-60
113000198,95,266,-171
113000199,1778,560,1218
113000201,265,302,-37
113000202,4149,1267,2882
113000203,150,123,27
113000204,999,2561,-1562
113000205,21,31,-10
113000206,12,38,-26
113000207,66,17,49
113000208,49,61,-12
113000209,18,27,-9
113000210,7,23,-16
113000211,117,224,-107
113000212,52,33,19
113000213,31,176,-145
113000214,160,193,-33
113000234,176,637,-461
113000410,242,292,-50
113000411,2638,4530,-1892
113000412,5118,2262,2856
113000413,1970,2736,-766
113000414,4638,14885,-10247
113000415,2268,2537,-269
113000416,6653,3764,2889
113000417,2421,2738,-317
113000418,5166,3925,1241
113000419,2065,2457,-392
113000420,4663,6646,-1983
113000421,4622,7557,-2935
113000422,11982,11247,735
113000423,1859,5577,-3718
113000424,3389,9945,-6556
113000425,11,83,-72
113000428,80,202,-122
113000430,8,1054,-1046
113000432,2002,153,1849
113000433,114,544,-430
113000434,10,114,-104
113000435,16,334,-318
113000436,30,787,-757
113000437,1222,21,1201
113000438,350,6,344
113000439,39,61,-22
113000440,124,32,92
113000441,179,118,61
113000442,118,100,18
113000443,301,113,188
113000444,257,122,135
113000445,73,86,-13
113000446,26,87,-61
113000448,248,270,-22
113000449,150,616,-466
113000450,622,1861,-1239
113000451,1073,213,860
113000452,222,377,-155
113000453,69,331,-262
113000454,480,25,455
113000455,7,438,-431
113000456,3818,2647,1171
113000468,1205,192,1013
113000469,69,218,-149
113000470,374,28,346
113000471,11,331,-320
113000472,113,249,-136
113000474,780,487,293
113000475,1435,1658,-223
113000476,1766,1768,-2
113000477,3935,1855,2080
113000478,3687,3952,-265
113000479,98,147,-49
113000480,116,339,-223
113000481,0,0,0
113000483,0,0,0
113000485,0,0,0
113000486,3,1,2
113000487,0,0,0
113000488,3,5,-2
113000489,3,11,-8
113000490,1,50,-49
113000491,20,3,17
113000492,1,3,-2
113000493,1,0,1
113000495,100,106,-6
113000496,58,60,-2
113000497,0,0,0
113000500,0,3,-3
113900001,1,270,-269
113900002,0,51,-51
113900003,0,50,-50
113900004,3,44,-41
113900005,1,48,-47
113900006,0,5,-5
113900007,22,47,-25
113900008,20,0,20
113900009,70,0,70
113900010,51,0,51
113900011,85,0,85
113900012,110,0,110
113900013,159,5,154
113900014,616,4,612
113900015,2,61,-59
113900016,43,0,43
113900017,6,25,-19
113900018,365,223,142
113900019,172,44,128
113900020,157,1,156
113900022,51,1,50
113900023,33,0,33
113900024,28,34,-6
113900025,371,36,335
113900026,59,2,57
113900027,22,33,-11
113900028,26,296,-270
113900029,60,136,-76
113900030,271,2,269
113900031,30,1,29
113900032,29,1,28
113900033,67,57,10
113900035,51,0,51
113900036,22,57,-35
113900037,185,300,-115
113900038,17,106,-89
113900039,217,26,191
113900040,12,27,-15
113900041,16,5,11
113900042,73,33,40
113900043,156,96,60
113900044,376,360,16
113900045,72,3,69
113900046,517,570,-53
113900047,82,75,7
113900048,189,128,61
113900049,395,292,103
113900050,273,285,-12
113900051,261,288,-27
113900052,138,125,13
113900053,755,613,142
113900054,27,0,27
113900055,128,283,-155
113900056,53,109,-56
113900057,27,138,-111
113900058,92,78,14
113900059,292,245,47
113900060,132,278,-146
113900061,774,186,588
113900062,143,19,124
113900063,131,92,39
113900064,23,69,-46
113900065,571,12,559
113900066,477,200,277
113900067,268,526,-258
113900068,538,493,45
113900069,65,25,40
113900070,172,344,-172
113900071,74,56,18
113900072,81,154,-73
113900073,291,295,-4
113900074,444,1143,-699
113900075,1106,1267,-161
113900076,270,15,255
113900077,48,170,-122
113900078,38,48,-10
113900079,1,25,-24
113900080,620,222,398
113900081,71,152,-81
113900082,98,202,-104
113900083,486,230,256
113900084,251,110,141
113900085,33,210,-177
113900086,39,10,29
113900087,102,143,-41
113900088,70,60,10
113900089,404,56,348
113900090,656,397,259
113900091,15,7,8
113900092,30,56,-26
113900093,61,941,-880
113900094,565,256,309
113900095,163,116,47
113900096,218,72,146
113900097,37,119,-82
113900098,785,136,649
113900099,0,21,-21
113900100,0,2,-2
113900101,7,79,-72
113900102,134,184,-50
113900103,261,340,-79
113900104,143,161,-18
113900105,115,119,-4
113900106,0,38,-38
113900107,2,17,-15
113900108,196,282,-86
113900109,331,242,89
113900110,83,10,73
113900111,161,64,97
113900112,118,28,90
113900113,1313,420,893
113900114,0,46,-46
113900115,0,56,-56
113900116,83,181,-98
113900117,77,23,54
113900118,226,587,-361
113900119,156,428,-272
113900120,55,43,12
113900121,105,76,29
113900122,597,2473,-1876
113900123,585,188,397
113900124,2,73,-71
113900125,663,118,545
113900126,121,23,98
113900127,297,722,-425
113900128,152,65,87
113900129,11,212,-201
113900130,9,308,-299
113900131,260,59,201
113900132,37,60,-23
113900133,41,75,-34
113900135,343,252,91
113900136,135,70,65
113900137,377,258,119
113900138,54,190,-136
113900139,241,226,15
113900140,186,430,-244
113900141,596,201,395
113900142,142,56,86
113900143,12,45,-33
113900144,261,435,-174
113900145,332,112,220
113900146,165,48,117
113900148,111,346,-235
113900149,156,97,59
113900150,337,431,-94
113900151,415,160,255
113900152,50,84,-34
113900153,140,713,-573
113900154,3,109,-106
113900155,147,255,-108
113900156,211,379,-168
113900157,69,348,-279
113900158,349,875,-526
113900159,25,227,-202
113900160,491,446,45
113900161,71,199,-128
113900162,503,1552,-1049
113900163,222,215,7
113900164,328,51,277
113900165,795,306,489
113900166,144,166,-22
113900167,276,48,228
113900168,77,62,15
113900169,232,345,-113
113900171,225,87,138
113900172,19,95,-76
113900173,26,322,-296
113900174,478,603,-125
113900175,339,167,172
113900176,472,420,52
113900177,322,173,149
113900178,264,133,131
113900179,23,227,-204
113900180,134,66,68
113900181,1134,134,1000
113900182,741,799,-58
113900183,72,57,15
113900184,14,337,-323
113900185,143,73,70
113900186,44,27,17
113900187,22,128,-106
113900188,54,200,-146
113900189,253,116,137
113900190,211,91,120
113900191,101,215,-114
113900192,7,811,-804
113900193,15,190,-175
113900194,1347,796,551
113900195,256,246,10
113900196,6,225,-219
113900197,1,97,-96
113900198,31,182,-151
113900199,119,609,-490
113900200,26,215,-189
113900201,0,105,-105
113900202,36,253,-217
113900203,0,57,-57
113900204,55,422,-367
113900205,11,113,-102
113900206,10,132,-122
113900207,1,54,-53
113900208,1,45,-44
113900209,0,47,-47
113900210,585,830,-245
113900211,158,76,82
113900212,212,320,-108
113900214,287,398,-111
113900215,112,123,-11
113900216,188,497,-309
113900217,82,107,-25
113900218,193,61,132
113900219,122,297,-175
113900220,142,115,27
113900221,411,387,24
113900222,175,534,-359
113900223,227,545,-318
113900224,52,43,9
113900225,983,242,741
113900226,437,159,278
113900227,389,244,145
113900228,322,553,-231
113900229,64,909,-845
113900230,3834,3605,229
113900231,187,153,34
113900232,89,54,35
113900233,110,48,62
113900234,401,460,-59
113900235,113,23,90
113900236,199,209,-10
113900237,289,12,277
113900238,251,569,-318
113900239,47,94,-47
113900240,6,191,-185
113900241,121,47,74
113900242,46,150,-104
113900243,102,318,-216
113900244,315,172,143
113900245,1014,264,750
113900246,15,25,-10
113900247,128,424,-296
113900248,1840,2190,-350
113900249,863,487,376
113900250,81,202,-121
113900251,825,135,690
113900252,535,26,509
113900253,643,77,566
113900254,787,182,605
113900255,612,10,602
113900256,423,28,395
113900257,23,377,-354
113900258,14,287,-273
113900259,587,117,470
113900260,230,14,216
113900261,56,56,0
113900262,117,351,-234
113900263,116,523,-407
113900264,2,329,-327
113900265,144,270,-126
113900266,57,150,-93
113900267,101,414,-313
113900268,413,420,-7
113900269,66,148,-82
113900270,251,692,-441
113900271,627,806,-179
113900273,95,18,77
113900274,122,52,70
113900275,20,45,-25
113900276,0,116,-116
113900277,172,17,155
113900278,264,184,80
113900279,74,93,-19
113900280,1387,399,988
113900281,640,1353,-713
113900282,775,776,-1
113900283,375,459,-84
113900284,914,246,668
113900285,147,48,99
113900286,94,108,-14
113900287,84,70,14
113900288,6,179,-173
113900289,600,120,480
113900290,154,187,-33
113900291,88,176,-88
113900292,17,10,7
113900293,8,191,-183
113900294,514,16,498
113900295,451,319,132
113900296,1771,417,1354
113900297,2206,60,2146
113900298,22,1448,-1426
113900299,113,88,25
113900300,3589,4084,-495
113900301,563,460,103
113900302,1733,984,749
113900303,337,532,-195
113900304,3,93,-90
113900305,134,0,134
113900306,96,0,96
113900307,39,2,37
113900308,136,103,33
113900309,3,591,-588
113900310,0,13,-13
113900311,5,0,5
113900312,250,205,45
113900313,15,9,6
114000001,1031,1914,-883
114000002,304,311,-7
114000003,50,298,-248
114000004,458,464,-6
114000005,373,209,164
114000006,2123,1823,300
114000007,760,1202,-442
114000008,1327,1876,-549
114000009,937,254,683
114000011,3208,2159,1049
114000012,3393,1407,1986
114000013,2185,1332,853
114000014,465,231,234
114000015,2169,302,1867
114000016,241,168,73
114000017,122,469,-347
114000018,185,51,134
114000026,2217,1105,1112
114000027,3839,2051,1788
114000028,2842,2829,13
114000038,251,125,126
114000039,106,41,65
114000040,195,250,-55
114000042,252,151,101
114000043,42,62,-20
114000044,330,41,289
114000045,49,55,-6
114000046,2587,4295,-1708
114000047,16,103,-87
114000048,110,29,81
114000049,1811,1535,276
114000050,1821,1648,173
114000051,3201,1937,1264
114000052,4271,1963,2308
114000053,115,761,-646
114000054,193,765,-572
114000055,252,32,220
114000056,608,1135,-527
114000057,4249,1916,2333
114000058,365,1525,-1160
114000059,189,366,-177
114000060,503,760,-257
114000061,2525,2916,-391
114000062,1509,1969,-460
114000063,1684,1214,470
114000064,3689,3711,-22
114000065,1555,2048,-493
114000066,529,589,-60
114000067,38,917,-879
114000068,508,658,-150
114000069,1090,592,498
114000070,2367,1826,541
114000071,869,479,390
114000072,607,214,393
114000073,15,48,-33
114000074,118,33,85
114000075,94,55,39
114000076,50,71,-21
114000077,6,25,-19
114000078,498,448,50
114000079,302,40,262
114000080,61,78,-17
114000081,77,85,-8
114000082,58,328,-270
114000083,63,150,-87
114000084,347,78,269
114000085,74,456,-382
114000086,209,295,-86
114000087,217,112,105
114000088,65,29,36
114000089,619,324,295
114000090,938,916,22
114000091,1577,879,698
114000092,1164,425,739
114000093,1554,636,918
114000094,634,342,292
114000095,306,139,167
114000096,168,318,-150
114000097,134,349,-215
114000098,617,111,506
114000099,772,288,484
114000100,1742,502,1240
114000101,448,432,16
114000102,666,302,364
114000103,163,279,-116
114000104,9,153,-144
114000105,266,132,134
114000106,809,1494,-685
114000107,503,109,394
114000108,944,834,110
114000109,633,1114,-481
114000110,677,1070,-393
114000111,2342,882,1460
114000112,557,1430,-873
114000113,1335,570,765
114000114,1157,944,213
114000115,2323,1088,1235
114000116,1213,1023,190
114000117,3914,583,3331
114000118,3178,494,2684
114000119,2066,442,1624
114000120,588,603,-15
114000121,426,656,-230
114000122,422,323,99
114000123,2405,319,2086
114000124,1037,255,782
114000125,757,965,-208
114000126,1805,244,1561
114000127,456,197,259
114000128,896,325,571
114000130,517,521,-4
114000131,341,94,247
114000132,706,382,324
114000133,1012,1067,-55
114000134,66,100,-34
114000138,63,217,-154
114000139,490,305,185
114000144,1084,603,481
114000145,78,126,-48
114000146,104,202,-98
114000147,1669,2082,-413
114000148,1634,1959,-325
114000149,362,298,64
114000150,397,634,-237
114000151,673,1540,-867
114000152,103,38,65
114000153,645,2069,-1424
114000154,574,554,20
114000155,1354,2464,-1110
114000156,735,578,157
114000157,268,1024,-756
114000158,962,652,310
114000159,96,373,-277
114000160,80,353,-273
114000161,1364,3125,-1761
114000162,1299,2748,-1449
114000163,17,71,-54
114000165,545,323,222
114000166,526,501,25
114000167,2478,1443,1035
114000168,657,551,106
114000169,1415,1698,-283
114000170,1332,1076,256
114000171,1493,3064,-1571
114000174,182,433,-251
114000176,317,401,-84
114000177,1401,700,701
114000178,47,59,-12
114000179,1109,636,473
114000180,420,565,-145
114000181,1646,3913,-2267
114000182,2239,2077,162
114000183,688,568,120
114000184,612,669,-57
114000185,1247,711,536
114000189,1455,130,1325
114000190,3350,429,2921
114000191,65,120,-55
114000192,176,923,-747
114000193,458,1622,-1164
114000194,1341,685,656
114000195,203,84,119
114000196,2,128,-126
114000197,1652,10,1642
114000198,804,338,466
114000199,1815,1727,88
114000200,491,1235,-744
114000201,166,576,-410
114000202,902,407,495
114000203,430,540,-110
114000204,149,343,-194
114000205,229,1034,-805
114000206,697,1047,-350
114000207,495,1271,-776
114000208,435,1706,-1271
114000209,475,1425,-950
114000210,203,931,-728
114000211,1114,1287,-173
114000212,1055,759,296
114000213,1482,567,915
114000214,70,131,-61
114000215,207,61,146
114000216,1301,419,882
114000217,413,211,202
114000218,211,170,41
114000219,1323,187,1136
114000220,25,619,-594
114000221,893,170,723
114000222,120,616,-496
114000223,743,150,593
114000224,90,525,-435
114000225,310,462,-152
114000226,222,214,8
114000227,889,457,432
114000228,1090,649,441
114000229,1367,1116,251
114000230,1835,917,918
114000231,1304,1124,180
114000232,861,136,725
114000233,2545,127,2418
114000234,1121,790,331
114000235,1166,1132,34
114000236,1,317,-316
114000237,141,702,-561
114000238,145,179,-34
114000239,198,871,-673
114000240,858,726,132
114000241,331,677,-346
114000242,845,623,222
114000243,1790,861,929
114000244,714,236,478
114000245,398,722,-324
114000246,96,25,71
114000247,810,523,287
114000248,1293,501,792
114000249,551,496,55
114000250,519,531,-12
114000251,489,166,323
114000252,34,41,-7
114000253,96,143,-47
114000254,73,54,19
114000255,462,234,228
114000256,861,2476,-1615
114000257,317,964,-647
114000258,315,274,41
114000259,98,165,-67
114000260,0,28,-28
114000261,53,29,24
114000262,272,111,161
114000263,6,1,5
114000264,1354,476,878
114000265,0,0,0
114000267,1,1446,-1445
114000268,3,922,-919
114000270,172,2,170
114000271,299,61,238
114000283,1341,392,949
114000285,33,155,-122
114000288,100,225,-125
114000289,1770,146,1624
114000293,289,478,-189
114000294,222,382,-160
114000395,1319,33,1286
114000396,626,545,81
114000402,685,210,475
114000403,348,306,42
114000405,179,249,-70
114000423,371,263,108
114000424,560,135,425
114000425,957,247,710
114000426,371,850,-479
114000427,85,78,7
114000428,154,176,-22
114000429,10,176,-166
114000432,140,66,74
114000434,27,64,-37
114000435,18,126,-108
114000436,1410,537,873
114000437,312,3411,-3099
114900001,730,579,151
114900002,512,104,408
114900003,847,835,12
114900004,241,418,-177
114900005,548,473,75
114900006,80,93,-13
114900007,273,8,265
114900008,249,65,184
114900010,1294,1601,-307
114900011,208,149,59
114900013,223,135,88
114900015,74,465,-391
114900018,885,55,830
114900020,159,71,88
114900022,4,596,-592
114900024,267,159,108
114900025,601,171,430
114900026,73,161,-88
114900027,254,195,59
114900029,23,17,6
114900030,331,203,128
114900031,464,17,447
114900032,413,20,393
114900033,627,1063,-436
114900034,39,149,-110
114900035,135,229,-94
114900036,184,474,-290
114900037,148,134,14
114900038,213,444,-231
114900039,625,322,303
114900040,76,101,-25
114900041,930,283,647
114900042,1149,410,739
114900043,489,224,265
114900044,143,50,93
114900046,30,98,-68
114900047,232,2594,-2362
114900048,136,238,-102
114900049,6,100,-94
114900050,63,225,-162
114900051,21,279,-258
114900052,81,235,-154
114900053,82,228,-146
114900054,44,93,-49
114900057,204,10,194
114900058,0,64,-64
114900059,114,47,67
114900060,674,649,25
114900061,128,90,38
114900062,186,318,-132
114900063,68,117,-49
114900064,1686,307,1379
114900065,482,699,-217
114900067,117,359,-242
114900068,50,129,-79
114900069,224,104,120
114900070,595,258,337
114900072,1,245,-244
114900073,3,115,-112
114900074,717,360,357
114900075,379,4,375
114900076,11,261,-250
114900080,1434,258,1176
114900082,2659,2166,493
114900083,1003,1047,-44
114900090,479,223,256
114900091,105,168,-63
114900095,232,113,119
114900096,389,541,-152
114900097,143,0,143
114900098,12,140,-128
114900099,296,6,290
115000001,4610,2653,1957
115000002,4560,5085,-525
115000003,4032,2365,1667
115000004,5304,6437,-1133
115000005,1542,1812,-270
115000006,1145,1487,-342
115000007,133,185,-52
115000008,348,398,-50
115000009,208,197,11
115000010,290,172,118
115000013,73,225,-152
115000015,47,303,-256
115000016,160,395,-235
115000019,141,486,-345
115000020,108,774,-666
115000021,278,375,-97
115000022,522,334,188
115000023,442,706,-264
115000024,935,384,551
115000025,1007,749,258
115000026,242,340,-98
115000027,322,298,24
115000028,306,643,-337
115000029,750,97,653
115000030,1053,971,82
115000031,1528,386,1142
115000032,7,235,-228
115000033,150,59,91
115000034,61,1113,-1052
115000035,1164,62,1102
115000036,1,407,-406
115000037,746,23,723
115000038,61,165,-104
115000039,3171,3740,-569
115000040,4390,2605,1785
115000041,1408,3756,-2348
115000042,931,556,375
115000043,4032,2239,1793
115000044,3548,2976,572
115000045,2599,1289,1310
115000046,2732,2211,521
115000047,2605,1316,1289
115000048,1718,1810,-92
115000049,1583,2804,-1221
115000050,3399,1631,1768
115000051,1604,3090,-1486
115000052,1735,1569,166
115000053,2031,1826,205
115000054,593,866,-273
115000055,179,940,-761
115000056,235,428,-193
115000057,553,1208,-655
115000058,348,404,-56
115000059,235,147,88
115000061,118,168,-50
115000062,196,264,-68
115000063,562,234,328
115000064,228,97,131
115000065,70,522,-452
115000067,181,15,166
115000069,68,366,-298
115000070,33,826,-793
115000071,115,15,100
115000072,6,64,-58
115000073,1691,58,1633
115000075,99,47,52
115000076,2885,2414,471
115000077,2150,1707,443
115000078,1409,1027,382
115000079,1613,1207,406
115000080,2989,1711,1278
115000081,449,763,-314
115000082,4604,3491,1113
115000083,2140,1580,560
115000084,2914,954,1960
115000085,847,724,123
115000086,1409,711,698
115000087,379,1198,-819
115000088,1972,677,1295
115000089,1417,1209,208
115000090,633,862,-229
115000091,196,605,-409
115000092,615,399,216
115000093,575,7,568
115000094,5631,5892,-261
115000095,4093,6508,-2415
115000096,822,999,-177
115000097,1230,945,285
115000098,1373,585,788
115000099,2667,2042,625
115000100,1197,322,875
115000101,438,1053,-615
115000102,525,223,302
115000103,272,547,-275
115000105,48,109,-61
115000106,775,312,463
115000107,218,315,-97
115000108,2568,1881,687
115000109,3822,5023,-1201
115000110,1596,1686,-90
115000111,713,1326,-613
115000112,1061,699,362
115000113,792,813,-21
115000114,1628,671,957
115000116,3877,2137,1740
115000117,3203,3337,-134
115000118,2548,1735,813
115000119,1831,2240,-409
115000120,615,1548,-933
115000121,1006,955,51
115000122,2677,2344,333
115000123,1350,2850,-1500
115000124,786,986,-200
115000125,539,757,-218
115000126,160,362,-202
115000127,347,176,171
115000128,328,749,-421
115000129,327,403,-76
115000130,443,615,-172
115000131,846,269,577
115000132,301,241,60
115000133,602,226,376
115000134,361,222,139
115000135,457,131,326
115000136,284,278,6
115000137,106,163,-57
115000138,421,258,163
115000139,273,176,97
115000140,392,176,216
115000141,191,203,-12
115000142,192,153,39
115000143,1024,569,455
115000144,473,61,412
115000145,207,225,-18
115000146,540,317,223
115000147,331,312,19
115000148,324,608,-284
115000149,638,262,376
115000150,675,571,104
115000151,1398,509,889
115000152,816,644,172
115000153,1481,592,889
115000154,940,301,639
115000155,546,702,-156
115000156,1163,669,494
115000157,676,628,48
115000158,674,376,298
115000159,699,634,65
115000160,638,700,-62
115000161,617,446,171
115000162,698,850,-152
115000163,498,578,-80
115000164,786,506,280
115000165,432,530,-98
115000167,134,45,89
115000168,472,363,109
115000169,464,364,100
115000170,136,137,-1
115000171,247,251,-4
115000172,870,720,150
115000173,418,752,-334
115000174,254,494,-240
115000175,216,272,-56
115000176,274,136,138
115000177,263,207,56
115000178,46,208,-162
115000179,41,55,-14
115000180,104,411,-307
115000181,833,112,721
115000182,1079,254,825
115000183,458,642,-184
115000186,685,215,470
115000187,196,555,-359
115000188,347,507,-160
115000189,245,404,-159
115000190,660,517,143
115000191,134,649,-515
115000194,141,190,-49
115000195,325,227,98
115000196,279,89,190
115000197,265,165,100
115000198,473,190,283
115000199,417,139,278
115000200,433,99,334
115000201,181,285,-104
115000206,443,66,377
115000207,244,326,-82
115000208,377,495,-118
115000209,706,321,385
115000210,201,92,109
115000211,219,257,-38
115000212,1460,351,1109
115000218,69,82,-13
115000219,33,24,9
115000224,319,50,269
115000225,58,72,-14
115000229,184,99,85
115000230,128,299,-171
115000231,263,1007,-744
115000232,1752,235,1517
115000233,157,148,9
115000234,18,286,-268
115000241,106,169,-63
115000242,119,155,-36
115000243,52,165,-113
115000244,11,91,-80
115000246,28,20,8
115000247,35,20,15
115000248,49,15,34
115000249,35,6,29
115000250,233,20,213
115000251,230,85,145
115000252,133,177,-44
115000253,23,352,-329
115000258,335,128,207
115000259,276,122,154
115000261,19,17,2
115000262,17,17,0
115000263,17,24,-7
115000264,36,20,16
115000267,78,65,13
115000268,46,101,-55
115000269,102,53,49
115000270,8,21,-13
115000272,79,121,-42
115000273,441,47,394
115000274,280,117,163
115000280,1639,545,1094
115000281,361,1256,-895
115000282,926,1076,-150
115000284,189,194,-5
115000296,983,12,971
115000297,147,315,-168
115000298,52,671,-619
115000300,199,176,23
115000302,587,101,486
115000303,970,96,874
115000304,1030,72,958
115000305,180,551,-371
115000306,278,277,1
115000307,159,186,-27
115000308,13,19,-6
115000309,2,8,-6
115000310,1144,630,514
115000311,1145,1028,117
115000313,101,435,-334
115000314,530,124,406
115000315,585,397,188
115000316,73,119,-46
115000317,246,337,-91
115000318,847,335,512
115000319,67,220,-153
115000320,28,274,-246
115000321,335,21,314
115000322,45,181,-136
115000449,218,145,73
115000557,17,1511,-1494
115000558,316,108,208
115000587,636,326,310
115000588,1768,2249,-481
115000589,3815,2252,1563
115000590,1206,1280,-74
115000591,1913,674,1239
115000592,719,1919,-1200
115000593,1674,591,1083
115000594,699,2317,-1618
115000609,134,107,27
115000617,1122,3670,-2548
115000624,233,17,216
115000633,527,1977,-1450
115000634,2829,789,2040
115000635,615,136,479
115000638,500,571,-71
115000641,54,98,-44
115000642,419,263,156
115000643,139,426,-287
115000644,147,330,-183
115000646,1000,1471,-471
115000647,171,488,-317
115000648,2424,1346,1078
115000893,2338,1341,997
115000894,170,906,-736
115000895,330,589,-259
115000896,1053,293,760
115000897,416,123,293
115000898,605,254,351
115000899,282,1047,-765
115000900,80,266,-186
115000901,53,141,-88
115000912,428,96,332
115000913,8,7,1
115000915,19,0,19
115000916,3,1,2
115000917,0,5,-5
115000918,90,1032,-942
115000919,14,24,-10
115000920,16,62,-46
115000921,603,93,510
115000922,472,712,-240
115000923,156,811,-655
115000925,71,82,-11
115000927,24,48,-24
115000933,136,148,-12
115000934,19,42,-23
115000935,12,9,3
115900001,178,36,142
115900002,73,103,-30
115900003,171,81,90
115900004,0,35,-35
115900005,201,14,187
115900006,98,164,-66
115900008,110,7,103
115900009,91,165,-74
115900010,397,94,303
115900011,576,377,199
115900012,192,57,135
115900013,363,125,238
115900014,147,160,-13
115900015,149,54,95
115900016,103,20,83
115900017,25,6,19
115900018,135,67,68
115900019,508,18,490
115900020,126,1,125
115900021,1185,630,555
115900022,696,14,682
115900023,75,9,66
115900025,23,186,-163
115900026,748,166,582
115900027,3,182,-179
115900028,646,66,580
115900029,30,309,-279
115900030,50,25,25
115900031,173,288,-115
115900032,431,537,-106
115900033,0,46,-46
115900034,15,260,-245
115900035,54,18,36
115900036,38,885,-847
115900037,44,245,-201
115900038,86,12,74
115900039,210,148,62
115900041,305,635,-330
115900042,31,8,23
115900043,94,55,39
115900044,237,316,-79
115900046,375,173,202
115900047,151,172,-21
115900049,159,140,19
115900051,3,33,-30
115900052,11,134,-123
115900053,268,141,127
115900054,295,50,245
115900055,12,75,-63
115900056,252,211,41
115900057,89,8,81
115900058,31,32,-1
115900060,418,144,274
115900061,259,3,256
115900062,67,177,-110
115900063,73,7,66
115900064,167,208,-41
115900065,151,102,49
115900066,125,91,34
115900067,12,312,-300
115900068,2026,1067,959
115900069,52,177,-125
115900070,182,133,49
115900071,1,210,-209
115900072,32,135,-103
115900073,109,95,14
115900074,3,163,-160
115900075,23,193,-170
115900076,2,49,-47
115900077,6,165,-159
115900078,32,132,-100
115900079,326,9,317
115900080,336,167,169
115900081,30,49,-19
115900082,146,128,18
115900084,605,22,583
115900085,41,80,-39
115900086,1320,499,821
115900088,20,66,-46
115900089,451,497,-46
115900090,391,15,376
115900091,10,26,-16
115900092,28,78,-50
115900093,10,13,-3
115900094,8,153,-145
115900096,8,5,3
115900097,9,208,-199
115900098,198,227,-29
115900099,123,47,76
115900100,15,305,-290
115900101,154,195,-41
115900102,90,71,19
115900103,312,134,178
115900104,93,80,13
115900105,297,406,-109
115900106,97,22,75
115900107,78,85,-7
115900108,219,37,182
115900109,40,292,-252
115900110,5,21,-16
115900111,4,80,-76
115900112,38,754,-716
115900113,70,19,51
115900114,3,102,-99
115900115,82,184,-102
115900116,107,720,-613
115900117,100,20,80
115900118,1,171,-170
115900119,154,120,34
115900120,20,219,-199
115900121,213,172,41
115900124,353,593,-240
115900125,344,36,308
115900126,823,55,768
115900127,754,48,706
115900128,16,202,-186
115900129,744,64,680
115900130,14,213,-199
115900131,393,26,367
115900132,593,8,585
115900134,345,10,335
115900135,422,1366,-944
115900137,18,4,14
115900139,106,166,-60
115900140,253,40,213
115900141,21,108,-87
115900142,30,57,-27
115900143,289,644,-355
115900144,80,261,-181
115900146,14,74,-60
115900147,235,264,-29
115900148,110,18,92
115900149,139,11,128
115900150,105,27,78
115900151,16,91,-75
115900152,169,281,-112
115900153,119,166,-47
115900154,354,301,53
115900155,0,25,-25
115900156,683,965,-282
115900157,263,488,-225
115900158,6,10,-4
115900159,194,192,2
115900160,2,2,0
115900161,335,148,187
115900163,271,139,132
115900164,800,92,708
115900165,3,140,-137
115900166,176,167,9
115900168,129,174,-45
115900171,109,271,-162
115900172,53,134,-81
115900173,223,105,118
115900174,232,166,66
115900175,138,184,-46
115900178,8,358,-350
115900179,352,13,339
115900180,27,103,-76
115900181,170,125,45
115900182,508,136,372
115900183,162,136,26
115900184,1038,16,1022
115900187,15,135,-120
115900189,1,288,-287
115900190,413,1195,-782
115900191,34,221,-187
115900192,10,129,-119
115900193,201,69,132
115900194,768,74,694
115900195,563,2174,-1611
115900198,196,295,-99
115900199,202,187,15
115900200,241,274,-33
115900201,315,315,0
115900202,0,134,-134
115900203,1,18,-17
115900204,0,5,-5
115900205,50,5,45
115900206,262,172,90
115900207,43,23,20
115900208,109,101,8
115900209,4,122,-118
115900210,4,94,-90
115900211,0,180,-180
115900212,193,188,5
115900213,93,122,-29
115900214,498,136,362
115900215,32,176,-144
115900216,6,108,-102
115900217,7,28,-21
115900218,8,25,-17
115900219,106,6,100
115900220,230,10,220
115900221,102,10,92
115900222,104,35,69
115900223,10,425,-415
115900224,710,1375,-665
115900225,55,69,-14
115900226,14,25,-11
115900227,25,36,-11
115900228,9,58,-49
115900229,10,45,-35
115900230,29,88,-59
115900231,84,2,82
115900232,51,3,48
115900233,95,8,87
115900234,55,32,23
115900235,31,30,1
115900236,106,40,66
115900237,40,25,15
115900238,56,17,39
115900239,21,30,-9
115900240,6,58,-52
115900241,319,94,225
115900242,217,349,-132
115900243,15,4,11
115900244,13,7,6
115900245,13,6,7
115900246,17,13,4
115900247,14,13,1
115900248,12,2,10
115900249,6,9,-3
115900250,20,24,-4
115900251,0,9,-9
115900252,2,6,-4
115900253,17,15,2
115900254,9,27,-18
115900255,1,12,-11
115900256,4,19,-15
115900257,6,7,-1
115900258,0,1,-1
115900259,1,0,1
115900260,12,0,12
115900261,5,0,5
115900262,2,0,2
115900263,8,1,7
115900264,29,2,27
115900265,3,8,-5
115900266,4,8,-4
115900267,11,10,1
115900268,7,8,-1
115900269,570,313,257
115900270,314,201,113
115900271,24,0,24
115900272,14,0,14
115900273,5,9,-4
115900274,1,5,-4
115900275,0,4,-4
115900276,1,0,1
115900277,0,7,-7
115900278,9,26,-17
115900279,3,50,-47
115900280,2,161,-159
115900281,33,36,-3
116000001,8192,3565,4627
116000002,4947,12839,-7892
116000003,1492,1292,200
116000004,2882,4403,-1521
116000005,1749,2918,-1169
116000006,2597,2867,-270
116000007,2990,4035,-1045
116000008,5126,3247,1879
116000009,1353,1889,-536
116000010,2647,2109,538
116000011,899,1927,-1028
116000012,2121,1239,882
116000013,6239,3437,2802
116000014,8099,13637,-5538
116000015,325,1540,-1215
116000016,4980,4375,605
116000017,56,826,-770
116000018,658,279,379
116000019,1111,322,789
116000020,599,872,-273
116000021,566,323,243
116000022,370,325,45
116000023,1249,822,427
116000024,801,694,107
116000025,999,814,185
116000026,1666,2436,-770
116000027,862,638,224
116000028,519,943,-424
116000029,682,753,-71
116000030,849,463,386
116000031,242,316,-74
116000032,257,203,54
116000033,272,384,-112
116000034,713,645,68
116000035,283,756,-473
116000036,1542,1486,56
116000037,556,497,59
116000038,322,468,-146
116000039,498,478,20
116000040,807,431,376
116000041,245,451,-206
116000042,616,393,223
116000043,103,733,-630
116000044,8,41,-33
116000045,1958,1648,310
116000046,1049,1819,-770
116000047,1591,2221,-630
116000048,2059,1784,275
116000049,1390,3015,-1625
116000050,1567,1261,306
116000051,6969,2551,4418
116000052,6021,4877,1144
116000053,2562,774,1788
116000054,851,2301,-1450
116000055,826,818,8
116000056,988,1131,-143
116000057,2990,1585,1405
116000058,3461,3292,169
116000059,3260,5223,-1963
116000060,2158,938,1220
116000061,299,1229,-930
116000062,565,239,326
116000063,550,1236,-686
116000066,245,699,-454
116000067,265,395,-130
116000068,201,310,-109
116000069,286,316,-30
116000078,665,1315,-650
116000080,1973,836,1137
116000082,15,46,-31
116000083,1787,385,1402
116000084,1900,2926,-1026
116000085,2310,1869,441
116000086,1345,801,544
116000087,2360,1646,714
116000088,757,908,-151
116000089,131,107,24
116000090,78,175,-97
116000091,386,303,83
116000093,1516,669,847
116000094,814,535,279
116000095,978,598,380
116000096,955,1721,-766
116000097,1098,542,556
116000098,19,7963,-7944
116000099,5306,166,5140
116000100,263,11,252
116000101,964,572,392
116000102,288,760,-472
116000103,552,315,237
116000104,228,967,-739
116000105,1407,186,1221
116000106,531,752,-221
116000107,3269,229,3040
116000108,474,164,310
116000111,170,28,142
116000113,179,90,89
116000114,32,152,-120
116000115,451,115,336
116000116,265,387,-122
116000117,1702,1668,34
116000118,1597,1000,597
116000119,4088,1767,2321
116000120,2810,2988,-178
116000121,1164,518,646
116000122,1095,1298,-203
116000123,1511,469,1042
116000124,484,727,-243
116000125,3415,869,2546
116000126,369,1143,-774
116000127,967,965,2
116000128,2082,850,1232
116000129,1767,251,1516
116000130,657,566,91
116000133,1293,776,517
116000134,1760,1362,398
116000135,3179,1345,1834
116000136,887,1514,-627
116000137,1379,960,419
116000138,1105,591,514
116000139,2164,2182,-18
116000140,217,217,0
116000141,287,509,-222
116000142,2984,2147,837
116000143,1810,1860,-50
116000144,1591,1641,-50
116000145,2078,1102,976
116000146,759,131,628
116000147,181,138,43
116000148,556,544,12
116000149,695,843,-148
116000151,510,400,110
116000153,133,337,-204
116000155,242,274,-32
116000156,1080,922,158
116000157,99,10,89
116000158,328,380,-52
116000159,8,9,-1
116000160,13,34,-21
116000161,5,61,-56
116000162,103,110,-7
116000163,33,12,21
116000164,12,22,-10
116000177,465,122,343
116000194,99,415,-316
116000195,1340,670,670
116000196,22,2,20
116000197,7,12,-5
116000198,2714,1231,1483
116000200,763,493,270
116000201,695,719,-24
116000202,7,201,-194
116000203,1,68,-67
116000204,16,43,-27
116000205,1,128,-127
116000206,4,89,-85
116000207,11,38,-27
116000233,225,340,-115
116000287,201,286,-85
116000288,368,197,171
116000292,75,109,-34
116000296,20,188,-168
116000297,65,23,42
116000304,198,7,191
116000305,6,83,-77
116000346,197,70,127
116000352,139,25,114
116000354,43,22,21
116000357,33,44,-11
116000358,327,69,258
116000361,39,2,37
116000372,3708,4760,-1052
116000381,110,2,108
116000388,3,39,-36
116000389,941,619,322
116000445,590,325,265
116000446,627,386,241
116000447,12,571,-559
116000448,483,175,308
116000563,991,1129,-138
116000565,47,322,-275
116000568,65,385,-320
116000579,15,114,-99
116000584,13,4,9
116000585,40,22,18
116000586,66,110,-44
116000587,460,639,-179
116000589,44,52,-8
116000590,106,96,10
116000591,235,197,38
116000592,7,64,-57
116000593,1,45,-44
116000594,790,374,416
116000595,688,142,546
116000596,111,1,110
116000597,495,129,366
116000598,21,121,-100
116000602,68,481,-413
116000605,257,104,153
116000606,71,260,-189
116000607,8,62,-54
116000609,196,894,-698
116000611,170,282,-112
116000612,885,1921,-1036
116000613,744,264,480
116000614,418,401,17
116000615,17,434,-417
116000616,43,46,-3
116000617,87,24,63
116000618,3,50,-47
116000619,43,79,-36
116000620,178,111,67
116000621,85,123,-38
116000622,51,135,-84
116000624,227,95,132
116000627,5,6,-1
116000628,10,105,-95
116000629,6,167,-161
116000630,247,5,242
116000631,109,6,103
116000632,527,159,368
116000633,32,302,-270
116000634,459,9,450
116000635,850,1153,-303
116900001,290,172,118
116900002,314,0,314
116900003,44,37,7
116900004,52,117,-65
116900005,346,49,297
116900006,87,518,-431
116900007,125,168,-43
116900008,487,171,316
116900009,19,11,8
116900010,1,908,-907
116900011,14,31,-17
116900012,226,219,7
116900013,2,159,-157
116900014,135,101,34
116900015,465,44,421
116900016,217,5,212
116900017,2,386,-384
116900018,103,41,62
116900019,4,208,-204
116900020,642,1064,-422
116900023,118,17,101
116900024,673,52,621
116900025,1367,683,684
116900026,104,472,-368
116900027,35,43,-8
116900028,8,125,-117
116900029,0,54,-54
116900031,2,1,1
116900032,21,174,-153
116900033,20,13,7
116900034,14,71,-57
116900035,161,165,-4
116900036,5,102,-97
116900038,27,6,21
116900041,90,28,62
116900042,455,286,169
116900043,31,56,-25
116900045,212,61,151
116900047,16,175,-159
116900049,43,311,-268
116900050,115,341,-226
116900051,165,151,14
116900052,184,66,118
116900055,2,17,-15
116900057,8,171,-163
116900058,23,272,-249
116900059,1,134,-133
116900060,147,181,-34
116900062,2,5,-3
116900064,62,417,-355
116900065,28,76,-48
116900067,84,81,3
116900068,144,210,-66
116900070,3,0,3
116900072,31,295,-264
116900073,14,79,-65
116900074,6,39,-33
116900076,11,41,-30
116900077,4,113,-109
116900078,180,91,89
116900079,30,176,-146
116900080,14,19,-5
116900081,346,865,-519
116900082,424,880,-456
116900083,33,25,8
116900084,107,60,47
116900085,29,110,-81
116900086,47,122,-75
116900088,396,64,332
116900090,95,36,59
116900091,349,28,321
116900092,86,540,-454
116900093,1791,1527,264
116900094,3368,4272,-904
116900095,234,86,148
116900096,204,360,-156
116900097,2109,3527,-1418
116900098,851,336,515
116900099,615,847,-232
116900100,984,47,937
116900101,345,445,-100
116900103,3,0,3
116900104,61,79,-18
116900105,359,164,195
116900106,2287,121,2166
116900107,2406,2736,-330
116900110,14,1,13
116900111,710,458,252
116900112,307,691,-384
116900113,1494,1350,144
116900116,91,588,-497
116900117,203,107,96
116900118,558,779,-221
116900120,471,57,414
116900121,150,19,131
116900122,1120,536,584
116900123,228,574,-346
116900124,184,770,-586
116900125,455,197,258
116900126,95,641,-546
116900128,0,37,-37
116900129,1,296,-295
116900130,490,4463,-3973
116900131,84,367,-283
116900132,70,121,-51
116900133,116,122,-6
116900134,202,263,-61
116900136,278,188,90
116900137,313,160,153
116900138,247,127,120
116900139,196,452,-256
116900140,210,171,39
116900141,835,385,450
116900142,6,57,-51
116900143,372,362,10
116900144,31,67,-36
116900145,81,149,-68
116900147,398,544,-146
116900148,3,46,-43
116900149,75,255,-180
116900150,15,9,6
116900151,21,6,15
116900153,108,78,30
116900154,486,590,-104
116900155,81,68,13
116900157,736,146,590
116900158,152,316,-164
116900159,45,323,-278
116900160,1030,810,220
116900161,4601,7750,-3149
116900162,18,92,-74
116900163,188,90,98
116900164,102,77,25
116900165,290,275,15
116900166,38,34,4
116900167,483,53,430
116900168,335,58,277
116900169,352,627,-275
116900170,399,570,-171
116900171,40,151,-111
116900172,182,361,-179
116900173,267,28,239
116900174,68,48,20
116900175,186,219,-33
116900178,27,122,-95
116900179,129,350,-221
116900180,103,15,88
116900182,524,292,232
116900183,144,88,56
116900185,39,56,-17
116900186,98,161,-63
116900187,110,56,54
116900188,185,38,147
116900189,82,1,81
116900191,409,627,-218
116900192,367,124,243
116900194,238,1539,-1301
116900195,60,26,34
116900196,31,67,-36
116900197,143,23,120
116900198,135,313,-178
116900200,62,15,47
116900201,145,3,142
116900202,128,52,76
116900203,210,7,203
116900204,57,121,-64
116900206,9,6,3
116900207,35,27,8
116900208,6,68,-62
116900209,18,81,-63
116900210,505,317,188
116900211,221,6,215
116900212,108,31,77
116900213,268,93,175
116900214,190,133,57
116900215,90,47,43
116900216,293,177,116
116900218,5,222,-217
116900219,1283,314,969
116900220,105,248,-143
116900221,99,350,-251
116900222,473,360,113
116900223,122,276,-154
116900226,172,61,111
116900227,211,53,158
116900228,348,157,191
116900230,95,238,-143
116900231,29,267,-238
116900232,13,312,-299
116900233,365,90,275
116900234,47,15,32
116900235,141,228,-87
116900238,1322,259,1063
116900239,53,1530,-1477
116900240,4409,3211,1198
116900241,157,81,76
116900242,222,642,-420
116900243,1,76,-75
116900245,31,29,2
116900246,152,19,133
116900247,881,21,860
116900248,90,23,67
116900249,413,121,292
116900250,360,38,322
116900251,382,664,-282
116900252,117,627,-510
116900253,129,29,100
116900254,29,71,-42
116900255,67,104,-37
116900256,476,103,373
116900257,16,266,-250
116900258,5,161,-156
116900259,239,6,233
116900260,1,89,-88
116900261,83,5,78
116900262,216,174,42
116900263,0,3,-3
116900264,0,4,-4
116900265,41,1,40
116900266,19,20,-1
116900267,2,1,1
116900268,262,330,-68
116900269,398,523,-125
116900271,1188,280,908
116900272,328,200,128
116900273,105,63,42
116900274,115,47,68
116900275,121,96,25
116900276,507,186,321
116900277,468,28,440
116900278,7,3,4
116900279,1,14,-13
116900280,34,24,10
116900281,4216,5261,-1045
116900282,7,89,-82
116900283,10,59,-49
116900284,37,211,-174
116900285,174,202,-28
116900286,207,27,180
116900287,7,41,-34
116900288,76,88,-12
116900289,8,1,7
116900290,4,17,-13
116900291,18,17,1
116900292,0,14,-14
116900293,65,21,44
116900294,36,140,-104
116900295,75,36,39
116900296,20,28,-8
116900297,2,43,-41
116900298,40,27,13
116900299,24,26,-2
116900300,3,68,-65
116900301,31,41,-10
116900302,267,327,-60
116900303,94,95,-1
116900304,1,136,-135
116900305,11,37,-26
116900306,170,57,113
117000001,2503,1639,864
117000002,1905,3715,-1810
117000003,6670,3329,3341
117000004,3328,4385,-1057
117000005,2377,1882,495
117000006,1036,2491,-1455
117000007,4255,1057,3198
117000008,905,2828,-1923
117000009,4927,1750,3177
117000010,2305,3231,-926
117000011,2487,1415,1072
117000012,1342,902,440
117000013,1895,752,1143
117000014,1273,1951,-678
117000015,2482,1321,1161
117000016,236,89,147
117000017,160,111,49
117000018,126,732,-606
117000019,92,1,91
117000020,469,1857,-1388
117000021,1089,263,826
117000022,261,162,99
117000023,144,172,-28
117000024,178,281,-103
117000025,330,1069,-739
117000026,1834,1550,284
117000027,1359,4706,-3347
117000028,2084,2242,-158
117000030,201,361,-160
117000031,153,140,13
117000032,1463,1218,245
117000033,1588,1235,353
117000034,229,164,65
117000035,213,171,42
117000036,299,181,118
117000037,173,92,81
117000038,105,348,-243
117000039,266,159,107
117000040,235,860,-625
117000041,1148,155,993
117000044,10,594,-584
117000045,465,128,337
117000046,357,560,-203
117000047,835,662,173
117000048,1603,772,831
117000049,144,756,-612
117000050,173,1373,-1200
117000051,2880,111,2769
117000052,69,236,-167
117000053,751,40,711
117000054,2349,11,2338
117000055,7,2167,-2160
117000056,918,28,890
117000057,458,2061,-1603
117000060,460,1053,-593
117000061,2000,986,1014
117000062,276,569,-293
117000063,2072,902,1170
117000064,532,557,-25
117000066,919,797,122
117000067,115,648,-533
117000074,106,216,-110
117000076,49,27,22
117000077,151,236,-85
117000078,151,585,-434
117000079,464,200,264
117000080,1,269,-268
117000081,1053,125,928
117000082,15,84,-69
117000083,147,5,142
117000084,202,0,202
117000085,307,904,-597
117000086,816,346,470
117000087,87,462,-375
117000088,263,150,113
117000089,1772,234,1538
117000090,309,1019,-710
117000091,1039,291,748
117000092,374,1000,-626
117000093,1406,656,750
117000094,1288,2212,-924
117000095,4229,848,3381
117000096,799,1825,-1026
117000097,2099,982,1117
117000098,2226,3388,-1162
117000099,4327,1244,3083
117000100,277,380,-103
117000101,188,849,-661
117000102,2199,597,1602
117000103,705,1259,-554
117000104,1919,536,1383
117000105,715,1109,-394
117000106,1542,689,853
117000107,613,1367,-754
117000108,2157,972,1185
117000109,1303,1943,-640
117000110,1967,1312,655
117000111,3621,3788,-167
117000112,3966,1730,2236
117000113,120,247,-127
117000114,265,118,147
117000115,109,95,14
117000116,221,241,-20
117000117,1847,1357,490
117000118,249,163,86
117000119,177,330,-153
117000120,173,785,-612
117000121,81,1159,-1078
117000122,235,653,-418
117000123,1532,60,1472
117000124,370,97,273
117000125,206,143,63
117000126,28,23,5
117000127,145,394,-249
117000128,316,1022,-706
117000129,133,133,0
117000130,63,3,60
117000131,0,54,-54
117000132,3722,59,3663
117000133,2139,59,2080
117000134,2,69,-67
117000135,1,45,-44
117000136,1,25,-24
117000137,131,101,30
117000138,2,656,-654
117000140,472,1165,-693
117000141,2128,512,1616
117000181,440,186,254
117000182,497,907,-410
117000195,181,830,-649
117000196,389,183,206
117000225,96,38,58
117000226,12,64,-52
117000276,391,22,369
117000277,1,244,-243
117000310,1413,2166,-753
117000315,49,621,-572
117000320,56,0,56
117000906,466,20,446
117000907,18,215,-197
117000908,9,87,-78
117000909,51,48,3
117000910,205,193,12
117000911,80,135,-55
117000915,7,339,-332
117000916,76,12,64
117000917,1589,66,1523
117000918,101,46,55
117000919,6,56,-50
117000920,2,1092,-1090
117000921,1,741,-740
117000922,24,70,-46
117000924,778,747,31
117000926,576,97,479
117000927,1005,1580,-575
117000928,1,87,-86
117000929,308,233,75
117000930,241,21,220
117000931,219,172,47
117900002,76,447,-371
117900003,616,476,140
117900005,16,32,-16
117900006,0,22,-22
117900007,141,75,66
117900008,0,10,-10
117900010,268,77,191
117900011,23,122,-99
117900012,74,83,-9
117900013,4,122,-118
117900014,414,84,330
117900015,17,83,-66
117900016,1008,1192,-184
117900017,583,172,411
117900018,95,162,-67
117900019,665,197,468
117900020,87,447,-360
117900021,40,66,-26
117900022,36,16,20
117900023,717,89,628
117900024,64,30,34
117900025,35,8,27
117900026,526,190,336
117900028,25,3,22
117900029,311,450,-139
117900030,530,231,299
117900031,132,141,-9
117900032,1210,643,567
117900033,315,434,-119
117900034,47,22,25
117900035,244,98,146
117900036,242,279,-37
117900037,244,114,130
117900038,41,203,-162
117900039,1,54,-53
117900040,170,318,-148
117900041,8,36,-28
117900042,3338,435,2903
117900043,24,38,-14
117900044,15,3042,-3027
117900045,229,129,100
117900048,412,215,197
117900049,247,351,-104
117900050,5,107,-102
117900051,57,1,56
117900052,115,513,-398
117900053,1923,504,1419
117900054,1,25,-24
117900055,276,155,121
117900056,122,43,79
117900057,1221,1199,22
117900058,142,425,-283
117900059,312,97,215
117900060,2822,3779,-957
117900061,13,200,-187
117900063,436,174,262
117900065,656,1172,-516
117900066,5,96,-91
117900067,641,146,495
117900069,1047,259,788
117900070,152,23,129
117900071,82,122,-40
117900073,661,209,452
117900074,153,78,75
117900075,85,68,17
117900076,21,47,-26
117900077,688,207,481
117900078,433,881,-448
117900080,149,39,110
117900081,479,359,120
117900082,490,381,109
117900083,403,282,121
117900086,128,22,106
117900087,222,64,158
117900088,2472,1606,866
117900089,2759,878,1881
117900090,398,377,21
117900091,136,142,-6
117900092,78,24,54
117900093,140,56,84
117900094,43,45,-2
117900095,300,176,124
117900096,100,231,-131
117900097,726,111,615
117900098,51,17,34
117900099,144,174,-30
117900100,383,5,378
117900101,496,2299,-1803
117900102,139,44,95
117900103,124,4,120
117900104,6,83,-77
117900105,129,179,-50
117900106,132,30,102
117900107,67,1,66
117900109,853,462,391
117900110,199,1,198
117900111,530,22,508
117900112,72,18,54
117900113,1971,2122,-151
117900114,28,0,28
117900115,191,78,113
117900116,787,573,214
117900117,850,367,483
117900118,159,0,159
117900119,295,93,202
117900120,230,39,191
117900121,103,21,82
117900122,1373,5156,-3783
117900123,768,319,449
117900124,802,581,221
117900125,1830,1895,-65
117900126,193,459,-266
117900127,503,403,100
117900128,425,475,-50
117900129,98,1,97
117900130,942,371,571
117900131,5,126,-121
117900132,17,66,-49
117900133,10,72,-62
117900134,145,323,-178
117900135,31,161,-130
117900136,0,36,-36
117900137,49,272,-223
117900138,0,33,-33
117900139,182,116,66
117900140,2410,278,2132
117900141,138,188,-50
117900142,58,88,-30
117900144,35,161,-126
117900145,45,40,5
117900146,139,199,-60
117900147,74,78,-4
117900148,2404,2024,380
117900149,109,170,-61
117900150,69,38,31
117900151,34,83,-49
117900152,83,71,12
117900153,17,75,-58
117900154,500,495,5
117900156,718,579,139
117900157,78,515,-437
117900158,465,216,249
117900160,967,806,161
117900161,2469,1877,592
117900162,463,358,105
117900163,37,162,-125
117900165,0,12,-12
117900166,119,475,-356
117900168,44,156,-112
117900169,0,105,-105
117900170,1,33,-32
117900171,3,23,-20
117900172,9,22,-13
117900173,159,95,64
117900174,33,63,-30
117900175,7,21,-14
117900176,6,23,-17
117900177,17,32,-15
117900178,103,36,67
117900180,233,72,161
117900181,62,482,-420
117900182,6,50,-44
117900183,52,189,-137
117900184,27,57,-30
117900185,64,44,20
117900186,53,9,44
117900187,16,12,4
117900188,267,52,215
117900189,73,50,23
117900190,42,3,39
117900191,91,1,90
117900192,276,3,273
117900193,21,59,-38
117900194,10,7,3
117900195,43,62,-19
117900196,12,38,-26
117900207,235,166,69
117900208,27,48,-21
117900209,125,162,-37
117900210,136,297,-161
117900211,16,219,-203
117900212,128,107,21
117900213,17,9,8
117900214,10,22,-12
117900215,2,21,-19
117900216,12,30,-18
117900217,39,303,-264
117900218,46,80,-34
117900219,6,204,-198
117900220,41,129,-88
117900221,5,3,2
118000001,950,928,22
118000002,801,1738,-937
118000003,1689,3134,-1445
118000004,1580,1691,-111
118000005,4416,5187,-771
118000006,3692,8848,-5156
118000007,5613,4718,895
118000008,3204,4578,-1374
118000009,1654,3340,-1686
118000010,5878,3720,2158
118000011,1807,1709,98
118000012,1150,1759,-609
118000013,2042,2182,-140
118000014,2063,2051,12
118000016,212,226,-14
118000017,573,470,103
118000018,418,400,18
118000019,1848,1435,413
118000020,1003,3646,-2643
118000021,593,3191,-2598
118000022,1485,827,658
118000023,735,288,447
118000024,1081,1511,-430
118000025,547,1992,-1445
118000027,9491,10809,-1318
118000029,915,893,22
118000032,823,3733,-2910
118000033,2784,6498,-3714
118000034,4503,2512,1991
118000035,1919,3241,-1322
118000036,985,1307,-322
118000037,787,1020,-233
118000038,349,120,229
118000039,79,185,-106
118000040,1642,1129,513
118000041,2762,1248,1514
118000045,425,260,165
118000046,1498,1264,234
118000047,839,1646,-807
118000048,2261,2288,-27
118000051,4093,2889,1204
118000052,3521,1779,1742
118000053,482,1534,-1052
118000054,1646,2281,-635
118000055,2038,3188,-1150
118000056,367,560,-193
118000057,389,960,-571
118000058,2675,2064,611
118000059,1975,1428,547
118000060,1288,567,721
118000061,1463,1368,95
118000062,726,326,400
118000063,495,717,-222
118000064,979,1051,-72
118000065,2703,1767,936
118000066,897,1710,-813
118000067,723,921,-198
118000068,1319,5041,-3722
118000069,1989,1033,956
118000070,4417,1989,2428
118000071,3094,7688,-4594
118000072,1186,1554,-368
118000073,968,758,210
118000074,492,588,-96
118000075,753,399,354
118000076,1361,3817,-2456
118000077,1125,1175,-50
118000078,1780,2416,-636
118000079,286,530,-244
118000080,736,803,-67
118000081,1741,1241,500
118000082,307,1067,-760
118000083,1716,1502,214
118000084,2507,1740,767
118000086,208,555,-347
118000087,3584,2556,1028
118000088,1586,1572,14
118000089,3617,2397,1220
118000090,2004,2844,-840
118000091,983,2694,-1711
118000092,837,458,379
118000093,115,684,-569
118000096,509,629,-120
118000097,741,531,210
118000098,276,201,75
118000099,737,606,131
118000101,1304,333,971
118000102,407,880,-473
118000107,1328,479,849
118000108,746,2630,-1884
118000110,0,13,-13
118000111,4,217,-213
118000112,637,1,636
118000113,2,334,-332
118000114,578,13,565
118000115,17,11,6
118000116,31,1,30
118000117,749,581,168
118000118,977,1031,-54
118000119,1005,1180,-175
118000120,1430,1014,416
118000121,52,542,-490
118000122,1140,365,775
118000123,43,221,-178
118000125,1204,724,480
118000126,688,1659,-971
118000127,1571,735,836
118000128,479,938,-459
118000129,1141,548,593
118000130,1942,2642,-700
118000131,480,493,-13
118000132,3125,2398,727
118000133,997,453,544
118000135,534,445,89
118000136,133,420,-287
118000137,632,77,555
118000138,324,431,-107
118000139,449,79,370
118000140,2945,5367,-2422
118000141,2657,1749,908
118000142,1959,1405,554
118000143,2634,1205,1429
118000144,1155,593,562
118000145,2114,1190,924
118000146,1320,623,697
118000147,1050,1138,-88
118000148,508,1119,-611
118000149,1012,746,266
118000150,570,207,363
118000151,694,459,235
118000153,1662,1195,467
118000154,1520,1312,208
118000155,1618,1278,340
118000156,1703,2628,-925
118000157,786,378,408
118000158,232,467,-235
118000159,44,100,-56
118000160,616,309,307
118000161,549,608,-59
118000162,2073,715,1358
118000163,1136,866,270
118000164,2057,1315,742
118000168,870,987,-117
118000169,950,920,30
118000170,3259,3988,-729
118000171,403,709,-306
118000172,119,262,-143
118000173,888,1081,-193
118000175,346,384,-38
118000176,349,442,-93
118000177,361,651,-290
118000178,46,53,-7
118000179,1189,1391,-202
118000180,1012,612,400
118000181,796,321,475
118000182,289,285,4
118000183,189,346,-157
118000184,1118,513,605
118000185,1252,1409,-157
118000186,896,1305,-409
118000187,1590,491,1099
118000188,742,134,608
118000189,931,506,425
118000190,7,18,-11
118000191,24,30,-6
118000192,261,440,-179
118000193,285,590,-305
118000194,1389,923,466
118000195,753,1829,-1076
118000196,267,246,21
118000197,104,158,-54
118000198,320,946,-626
118000199,428,538,-110
118000200,113,268,-155
118000201,445,451,-6
118000202,66,74,-8
118000203,529,787,-258
118000204,90,380,-290
118000205,151,263,-112
118000206,236,268,-32
118000207,1,44,-43
118000208,1564,1561,3
118000209,2267,1300,967
118000210,109,44,65
118000211,35,45,-10
118000213,1520,2819,-1299
118000214,392,666,-274
118000215,419,127,292
118000216,2647,2079,568
118000217,24,73,-49
118000218,89,65,24
118000219,368,241,127
118000220,0,52,-52
118000221,278,383,-105
118000222,72,7,65
118000223,160,61,99
118000224,163,81,82
118000225,116,532,-416
118000226,986,152,834
118000227,718,412,306
118000228,173,286,-113
118000229,159,90,69
118000230,158,168,-10
118000231,88,184,-96
118000232,851,554,297
118000233,1337,806,531
118000234,572,231,341
118000236,415,290,125
118000237,62,286,-224
118000238,293,131,162
118000239,317,312,5
118000240,272,171,101
118000241,166,153,13
118000242,509,402,107
118000243,259,165,94
118000244,103,92,11
118000246,2,18,-16
118000255,64,219,-155
118000256,122,173,-51
118000259,14,88,-74
118000260,155,70,85
118000261,33,59,-26
118000263,107,151,-44
118000266,146,204,-58
118000267,1,132,-131
118000268,281,8,273
118000270,91,23,68
118000271,170,207,-37
118000272,108,23,85
118000273,172,67,105
118000274,95,163,-68
118000276,562,386,176
118000295,21,128,-107
118000298,175,194,-19
118000299,38,113,-75
118000301,0,73,-73
118000302,126,46,80
118000311,678,97,581
118000312,319,181,138
118000313,72,89,-17
118000314,111,53,58
118000315,77,28,49
118000316,775,382,393
118000325,59,40,19
118000326,47,41,6
118000331,36,56,-20
118000332,27,42,-15
118000333,48,70,-22
118000335,372,1,371
118000336,0,169,-169
118000407,231,38,193
118000457,7,52,-45
118000465,2030,3882,-1852
118000480,28,50,-22
118000489,45,508,-463
118000490,45,170,-125
118000492,254,147,107
118000510,51,26,25
118000514,108,265,-157
118000515,779,671,108
118000517,349,159,190
118000524,292,330,-38
118000525,741,667,74
118000530,38,129,-91
118000531,393,246,147
118000532,270,272,-2
118000533,340,159,181
118000534,612,497,115
118000535,360,124,236
118000536,418,1543,-1125
118000537,20,211,-191
118000538,30,77,-47
118000539,41,96,-55
118000540,301,158,143
118000541,202,83,119
118000542,81,205,-124
118000543,264,182,82
118000546,48,23,25
118000560,1520,2262,-742
118000562,28,102,-74
118000563,1449,1187,262
118000576,160,77,83
118000577,115,111,4
118000578,116,67,49
118000579,408,1233,-825
118000595,294,83,211
118000596,0,109,-109
118000597,97,69,28
118000598,17,1,16
118000599,51,40,11
118000600,4,22,-18
118000601,17,0,17
118000602,0,37,-37
118000603,0,13,-13
118900001,493,1278,-785
118900002,740,910,-170
118900003,476,17,459
118900004,61,46,15
118900005,76,5,71
118900006,149,10,139
118900007,7,0,7
118900008,1576,57,1519
118900009,80,65,15
118900010,72,6,66
118900011,172,27,145
118900012,472,206,266
118900013,520,209,311
118900015,293,59,234
118900016,11,14,-3
118900017,211,280,-69
118900018,1088,36,1052
118900019,32,22,10
118900020,182,136,46
118900021,194,409,-215
118900022,126,97,29
118900023,165,89,76
118900024,139,173,-34
118900025,67,31,36
118900026,79,73,6
118900027,409,163,246
118900028,183,145,38
118900029,318,487,-169
118900030,545,59,486
118900031,197,72,125
118900032,238,141,97
118900033,343,401,-58
118900034,145,26,119
118900035,107,159,-52
118900036,1484,647,837
118900037,464,284,180
118900038,440,114,326
118900039,594,143,451
118900040,215,197,18
118900041,741,138,603
118900042,267,91,176
118900045,354,175,179
118900046,776,321,455
118900047,368,261,107
118900048,178,184,-6
118900049,38,41,-3
118900050,40,49,-9
118900051,61,107,-46
118900052,373,243,130
118900053,29,95,-66
118900054,137,35,102
118900055,130,58,72
118900056,15,369,-354
118900057,911,456,455
118900058,457,297,160
118900059,18,88,-70
118900060,66,66,0
118900062,271,165,106
118900064,414,683,-269
118900065,51,122,-71
118900066,71,69,2
118900067,3795,4246,-451
118900068,6,224,-218
118900069,426,199,227
118900071,5,63,-58
118900072,495,346,149
118900073,178,119,59
118900074,117,129,-12
118900075,79,57,22
118900076,229,89,140
118900077,394,217,177
118900078,21,18,3
118900079,66,135,-69
118900080,66,90,-24
118900081,39,34,5
118900082,1070,138,932
118900083,30,5,25
118900084,12,15,-3
118900085,680,602,78
118900086,31,102,-71
118900087,50,266,-216
118900088,0,14,-14
118900089,18,21,-3
118900090,530,382,148
118900091,231,207,24
118900092,297,87,210
118900093,92,22,70
118900096,42,12,30
118900097,246,376,-130
118900099,189,179,10
118900100,133,168,-35
118900101,151,325,-174
118900102,104,102,2
118900103,98,139,-41
118900104,266,124,142
118900105,235,78,157
118900107,120,55,65
118900108,123,126,-3
118900109,744,581,163
118900110,1090,842,248
118900111,546,385,161
118900112,73,141,-68
118900113,99,279,-180
118900114,55,87,-32
118900115,146,356,-210
118900116,105,209,-104
118900117,98,196,-98
118900118,298,253,45
118900119,144,163,-19
118900120,85,267,-182
118900121,6,92,-86
118900122,24,1093,-1069
118900123,162,158,4
118900124,96,263,-167
118900126,27,381,-354
118900129,296,221,75
118900130,38,175,-137
118900131,127,244,-117
118900132,401,188,213
118900133,9,107,-98
118900135,213,214,-1
118900136,212,369,-157
118900137,11,51,-40
118900139,314,241,73
118900140,436,459,-23
118900141,74,98,-24
118900144,164,304,-140
118900145,47,127,-80
118900146,342,513,-171
118900147,166,150,16
118900148,95,34,61
118900150,142,544,-402
118900152,559,543,16
118900157,96,159,-63
118900158,116,61,55
118900159,2,142,-140
118900161,52,7,45
118900163,81,85,-4
118900164,1,115,-114
118900165,93,133,-40
118900166,58,4,54
118900167,96,113,-17
118900168,23,203,-180
118900169,148,211,-63
118900170,265,85,180
118900171,41,66,-25
118900174,61,61,0
118900175,443,515,-72
118900176,167,227,-60
118900177,58,53,5
118900178,54,159,-105
118900179,6,31,-25
118900181,126,77,49
118900182,102,46,56
118900183,28,153,-125
118900184,306,104,202
118900185,128,78,50
118900186,110,79,31
118900187,270,303,-33
118900188,359,253,106
118900189,44,805,-761
118900190,20,236,-216
118900191,236,38,198
118900192,294,14,280
118900193,659,9,650
118900195,251,568,-317
118900196,21,83,-62
118900197,158,30,128
118900198,34,19,15
118900199,84,32,52
118900200,21,19,2
118900201,38,42,-4
118900202,3,54,-51
118900203,15,14,1
118900204,25,24,1
118900205,1,9,-8
118900206,11,9,2
119000001,1606,1724,-118
119000002,4815,2813,2002
119000003,3466,931,2535
119000004,2698,1469,1229
119000005,2028,2209,-181
119000006,3555,1448,2107
119000007,3724,3511,213
119000008,1791,1646,145
119000009,3919,5730,-1811
119000010,5363,4079,1284
119000011,3703,3396,307
119000012,2682,3529,-847
119000013,3007,1882,1125
119000014,1728,2612,-884
119000019,416,173,243
119000020,2849,1732,1117
119000021,5251,2802,2449
119000022,2186,3458,-1272
119000023,208,258,-50
119000024,2307,13698,-11391
119000025,4992,1316,3676
119000026,134,493,-359
119000027,227,371,-144
119000028,1555,791,764
119000029,117,350,-233
119000030,510,941,-431
119000031,784,590,194
119000032,3526,2555,971
119000033,2387,1262,1125
119000034,1182,953,229
119000035,20,245,-225
119000036,2070,610,1460
119000037,1315,1294,21
119000038,206,650,-444
119000039,359,461,-102
119000040,1358,968,390
119000041,944,1704,-760
119000048,2912,2046,866
119000049,2002,1508,494
119000050,1581,1627,-46
119000051,2271,1171,1100
119000052,1641,2554,-913
119000053,2185,1119,1066
119000054,3763,2135,1628
119000055,5177,2673,2504
119000056,3162,1962,1200
119000057,1605,1333,272
119000058,2380,1468,912
119000059,1500,1235,265
119000060,1676,1167,509
119000061,1283,672,611
119000062,1364,1202,162
119000063,662,501,161
119000064,1037,1132,-95
119000065,1827,3579,-1752
119000066,2616,1274,1342
119000067,1846,1788,58
119000068,2044,912,1132
119000069,1515,2101,-586
119000070,2895,798,2097
119000071,613,687,-74
119000072,5045,3304,1741
119000073,5471,8231,-2760
119000074,1286,1656,-370
119000075,2998,2083,915
119000076,539,1553,-1014
119000077,854,863,-9
119000078,447,341,106
119000079,181,1074,-893
119000080,499,251,248
119000081,498,1028,-530
119000082,1253,305,948
119000083,609,382,227
119000084,364,646,-282
119000085,1145,174,971
119000086,463,480,-17
119000087,1220,764,456
119000088,558,211,347
119000089,85,220,-135
119000090,213,138,75
119000091,145,403,-258
119000092,633,214,419
119000093,3441,2019,1422
119000094,3794,4947,-1153
119000095,2094,2412,-318
119000097,1827,1055,772
119000098,962,3174,-2212
119000099,2342,1336,1006
119000100,4508,2953,1555
119000101,5357,2524,2833
119000102,794,1204,-410
119000103,1633,762,871
119000104,2084,1149,935
119000105,1336,2311,-975
119000106,401,973,-572
119000107,1118,539,579
119000108,395,657,-262
119000109,152,1320,-1168
119000110,676,1215,-539
119000111,68,1116,-1048
119000112,191,299,-108
119000113,2886,569,2317
119000114,1131,1073,58
119000115,156,173,-17
119000116,120,137,-17
119000117,197,385,-188
119000118,10,0,10
119000123,3995,1838,2157
119000124,909,185,724
119000125,4228,545,3683
119000126,833,481,352
119000127,555,446,109
119000128,35,5,30
119000131,1063,438,625
119000132,3,6,-3
119000133,12,12,0
119000134,1472,588,884
119000135,192,251,-59
119000136,245,136,109
119000137,327,204,123
119000138,555,225,330
119000139,335,145,190
119000140,347,368,-21
119000284,1063,2533,-1470
119000285,1978,1774,204
119000286,6157,4691,1466
119000287,1306,1760,-454
119000288,2029,964,1065
119000289,1345,2297,-952
119000290,232,379,-147
119000291,17,229,-212
119000293,213,188,25
119000294,57,44,13
119000295,1228,313,915
119000296,299,130,169
119000302,1293,1259,34
119000303,56,115,-59
119000314,1595,11462,-9867
119000315,1,226,-225
119000316,142,85,57
119000317,110,199,-89
119900001,242,1262,-1020
119900002,168,212,-44
119900003,39,709,-670
119900004,286,1455,-1169
119900005,216,94,122
119900006,209,351,-142
119900007,1336,221,1115
119900008,85,48,37
119900009,671,577,94
119900010,1865,2268,-403
119900011,19,132,-113
119900012,22,93,-71
119900013,2397,1739,658
119900014,576,423,153
119900015,176,28,148
119900016,61,83,-22
119900017,43,24,19
119900018,1937,1014,923
119900019,67,7,60
119900020,187,214,-27
119900021,176,115,61
119900022,73,948,-875
119900023,421,1603,-1182
119900025,230,28,202
119900026,760,161,599
119900027,57,25,32
119900028,197,132,65
119900029,1,0,1
119900030,729,429,300
119900031,78,494,-416
119900033,2418,430,1988
119900034,496,91,405
119900037,209,35,174
119900038,88,339,-251
119900039,45,8,37
119900040,193,26,167
119900041,139,27,112
119900042,384,146,238
119900043,106,122,-16
119900044,242,939,-697
119900046,204,43,161
119900047,382,126,256
119900048,46,24,22
119900049,127,6,121
119900050,223,327,-104
119900051,1085,12,1073
119900052,61,24,37
119900053,209,84,125
119900054,217,8,209
119900055,1348,448,900
119900057,234,52,182
119900058,351,8,343
119900059,153,43,110
119900060,304,28,276
119900061,376,11,365
119900062,105,27,78
119900063,11,62,-51
119900064,727,103,624
119900065,266,7,259
119900066,1,0,1
119900067,126,28,98
119900068,667,15,652
119900069,117,8,109
119900070,1337,38,1299
119900071,895,25,870
119900072,396,323,73
119900073,1437,483,954
119900074,92,44,48
119900075,3406,2377,1029
119900076,739,280,459
119900077,974,662,312
119900078,543,709,-166
119900079,273,142,131
119900080,335,247,88
119900081,84,35,49
119900082,1805,188,1617
119900083,391,136,255
119900084,626,380,246
119900085,38,40,-2
119900086,240,482,-242
119900087,632,401,231
119900088,35,43,-8
119900089,25,358,-333
119900090,133,71,62
119900091,35,552,-517
119900092,76,400,-324
119900093,1368,216,1152
119900094,28,179,-151
119900095,212,110,102
119900096,58,146,-88
119900097,495,205,290
119900098,62,41,21
119900099,20,180,-160
119900100,1562,3005,-1443
119900101,171,2468,-2297
119900102,45,166,-121
119900103,72,261,-189
119900104,55,185,-130
119900105,1424,7411,-5987
119900106,8,122,-114
119900107,328,1896,-1568
119900108,6581,699,5882
119900109,10,146,-136
119900110,1059,453,606
119900111,138,191,-53
119900112,1031,619,412
119900113,98,202,-104
119900114,313,831,-518
119900115,444,701,-257
119900116,124,464,-340
119900117,336,559,-223
119900118,149,558,-409
119900119,286,175,111
119900120,856,538,318
119900121,431,672,-241
119900122,429,279,150
119900123,235,245,-10
119900124,223,584,-361
119900125,36,227,-191
119900126,5113,354,4759
119900127,1543,866,677
119900128,463,452,11
119900129,250,377,-127
119900130,10,182,-172
119900131,40,149,-109
119900132,4,146,-142
119900133,94,86,8
119900134,1178,205,973
119900135,2,259,-257
119900136,166,269,-103
119900138,306,452,-146
119900139,44,121,-77
119900140,2,102,-100
119900141,88,794,-706
119900142,54,53,1
119900143,11,257,-246
119900144,1047,204,843
119900145,122,145,-23
119900146,174,229,-55
119900147,3,167,-164
119900148,336,56,280
119900149,810,5564,-4754
119900150,156,147,9
119900151,2252,1091,1161
119900152,169,195,-26
119900153,208,54,154
119900154,28,125,-97
119900155,60,36,24
119900156,41,3,38
119900157,132,198,-66
119900158,289,95,194
119900159,2,938,-936
119900160,16,98,-82
119900161,162,213,-51
119900162,1121,1224,-103
119900163,86,172,-86
119900164,0,2,-2
119900165,209,163,46
119900166,95,82,13
119900167,63,75,-12
119900168,1045,626,419
119900169,128,301,-173
119900170,249,326,-77
119900171,930,365,565
119900172,178,31,147
119900173,6,300,-294
119900174,0,160,-160
119900175,1745,621,1124
119900177,13,111,-98
119900178,3,114,-111
119900179,125,688,-563
119900180,1119,982,137
119900181,81,128,-47
119900182,7,276,-269
119900183,136,499,-363
119900184,1489,462,1027
119900185,39,252,-213
119900186,40,1209,-1169
119900187,12,288,-276
119900188,117,311,-194
119900189,554,464,90
119900190,101,378,-277
119900191,206,225,-19
119900192,90,147,-57
119900193,462,171,291
119900194,35,86,-51
119900195,68,148,-80
119900196,996,424,572
119900197,340,145,195
119900198,205,271,-66
119900199,160,28,132
119900200,753,614,139
119900201,407,210,197
119900202,103,226,-123
119900203,213,526,-313
119900204,256,213,43
119900205,849,372,477
119900206,223,126,97
119900208,219,168,51
119900209,589,1325,-736
119900210,52,17,35
119900211,68,5,63
119900212,254,207,47
119900213,8,97,-89
119900214,47,52,-5
119900215,79,38,41
119900216,11,43,-32
119900217,9,77,-68
119900218,27,50,-23
119900219,15,46,-31
119900220,7,66,-59
119900221,29,172,-143
119900222,8,102,-94
119900223,31,55,-24
119900224,13,17,-4
119900225,637,41,596
119900226,487,2317,-1830
119900227,959,347,612
119900228,67,257,-190
119900229,360,305,55
119900230,1184,468,716
119900231,328,173,155
119900232,289,152,137
119900233,82,8,74
119900234,28,85,-57
119900235,21,46,-25
119900236,6,166,-160
119900237,93,431,-338
119900238,16,92,-76
119900240,172,168,4
119900241,147,266,-119
119900242,1207,1726,-519
119900244,696,1561,-865
119900245,105,142,-37
119900246,343,661,-318
119900247,56,130,-74
119900248,78,293,-215
119900249,321,122,199
119900253,2227,407,1820
119900254,94,832,-738
119900255,114,1219,-1105
119900256,994,695,299
119900257,96,0,96
119900258,241,14,227
119900259,8,97,-89
119900260,174,7,167
119900261,463,177,286
119900262,0,127,-127
119900263,1144,298,846
119900264,137,104,33
119900265,971,307,664
119900266,432,238,194
119900267,250,326,-76
119900268,157,81,76
119900269,1693,957,736
119900271,43,96,-53
119900272,340,272,68
119900275,198,75,123
119900276,47,1,46
119900277,15,5,10
119900278,212,66,146
119900279,147,299,-152
119900280,564,141,423
119900281,0,309,-309
119900282,75,111,-36
119900283,29,159,-130
119900284,63,238,-175
119900285,22,79,-57
119900286,6,18,-12
119900288,1,13,-12
119900289,0,15,-15
119900290,4,13,-9
119900291,2,85,-83
119900292,59,45,14
119900293,20,64,-44
119900294,28,66,-38
119900295,12,18,-6
119900296,58,86,-28
119900297,2,18,-16
119900298,1,7,-6
119900299,58,135,-77
119900300,284,199,85
119900301,100,191,-91
119900302,152,79,73
119900303,309,134,175
119900304,209,30,179
119900305,5,83,-78
119900306,29,6,23
119900307,99,59,40
119900308,17,16,1
119900309,93,163,-70
119900310,259,252,7
119900311,107,56,51
119900312,155,87,68
119900313,192,313,-121
119900314,231,436,-205
119900315,2136,1569,567
119900318,13,44,-31
119900319,25,208,-183
119900320,342,451,-109
119900321,122,12,110
120000001,6198,17191,-10993
120000002,2808,2271,537
120000003,2843,1540,1303
120000004,2677,1668,1009
120000005,3368,1960,1408
120000006,1250,1157,93
120000007,3066,3118,-52
120000008,1064,1184,-120
120000009,2009,1144,865
120000010,2039,2227,-188
120000011,1087,1266,-179
120000012,1698,2233,-535
120000013,3383,2792,591
120000014,747,1307,-560
120000015,2554,1417,1137
120000016,4064,2140,1924
120000017,3463,2659,804
120000018,3416,13200,-9784
120000019,1082,1494,-412
120000020,2909,3582,-673
120000021,1957,2138,-181
120000022,2906,3885,-979
120000023,1084,1512,-428
120000024,1265,2347,-1082
120000025,2686,1734,952
120000026,2310,1613,697
120000027,2406,2200,206
120000028,1094,1975,-881
120000029,3654,2311,1343
120000030,808,1384,-576
120000031,2535,7577,-5042
120000032,7148,3638,3510
120000033,5123,1542,3581
120000034,2449,1484,965
120000035,2401,1727,674
120000036,3432,4705,-1273
120000037,633,1525,-892
120000038,5637,3759,1878
120000039,882,898,-16
120000040,204,833,-629
120000041,1506,1458,48
120000042,2329,2098,231
120000043,5967,1625,4342
120000044,6072,1461,4611
120000045,7083,1008,6075
120000046,4091,2985,1106
120000047,924,7408,-6484
120000048,6813,4345,2468
120000049,3716,2746,970
120000050,3998,3711,287
120000051,3022,4404,-1382
120000052,7680,2253,5427
120000053,1400,1768,-368
120000054,1360,3136,-1776
120000055,1927,4038,-2111
120000056,6055,3946,2109
120000057,4442,1152,3290
120000058,3342,1667,1675
120000059,13,1708,-1695
120000061,111,537,-426
120000062,228,339,-111
120000063,1376,2272,-896
120000064,286,855,-569
120000065,633,1211,-578
120000066,295,551,-256
120000067,79,441,-362
120000068,245,591,-346
120000069,630,715,-85
120000070,108,512,-404
120000071,738,102,636
120000072,907,421,486
120000073,1073,134,939
120000074,412,105,307
120000075,1235,276,959
120000076,2810,371,2439
120000077,2725,646,2079
120000078,4126,1254,2872
120000079,282,137,145
120000080,116,232,-116
120000081,323,146,177
120000082,269,275,-6
120000083,70,736,-666
120000084,423,339,84
120000085,375,258,117
120000086,248,345,-97
120000087,175,375,-200
120000088,771,978,-207
120000089,1211,585,626
120000090,742,531,211
120000091,967,917,50
120000092,1439,514,925
120000093,605,378,227
120000094,213,716,-503
120000095,1159,354,805
120000096,317,602,-285
120000098,1016,746,270
120000099,455,692,-237
120000100,942,744,198
120000101,829,418,411
120000102,760,926,-166
120000103,1777,884,893
120000104,2288,473,1815
120000105,3623,689,2934
120000106,2933,638,2295
120000107,5136,592,4544
120000108,1718,150,1568
120000109,1368,78,1290
120000110,81,847,-766
120000111,112,849,-737
120000112,762,1878,-1116
120000113,601,1496,-895
120000114,887,1817,-930
120000115,297,1652,-1355
120000116,631,1502,-871
120000117,869,1175,-306
120000118,58,68,-10
120000119,27,71,-44
120000120,113,83,30
120000121,35,68,-33
120000122,268,444,-176
120000123,3383,7198,-3815
120000124,478,387,91
120000125,606,629,-23
120000126,415,1137,-722
120000127,2034,1177,857
120000128,2848,4524,-1676
120000129,311,235,76
120000130,854,444,410
120000131,315,729,-414
120000134,348,773,-425
120000135,782,597,185
120000137,252,900,-648
120000138,1331,366,965
120000139,312,529,-217
120000140,1085,403,682
120000141,628,391,237
120000142,992,606,386
120000143,1,89,-88
120000144,149,1,148
120000145,416,4,412
120000146,947,820,127
120000149,777,1027,-250
120000150,2962,12623,-9661
120000151,442,354,88
120000152,832,197,635
120000153,473,521,-48
120000154,491,430,61
120000155,158,279,-121
120000156,728,1439,-711
120000157,1220,582,638
120000158,976,786,190
120000159,2055,2009,46
120000160,2474,1578,896
120000161,2724,2171,553
120000162,84,289,-205
120000163,941,1011,-70
120000164,674,337,337
120000165,603,582,21
120000166,1525,473,1052
120000167,297,313,-16
120000168,26,1116,-1090
120000169,74,3364,-3290
120000170,65,2316,-2251
120000171,33,655,-622
120000172,45,330,-285
120000173,2064,2123,-59
120000174,446,70,376
120000175,252,49,203
120000176,319,59,260
120000177,1601,211,1390
120000178,199,27,172
120000179,255,78,177
120000180,925,138,787
120000181,382,2797,-2415
120000182,150,976,-826
120000183,34,1032,-998
120000184,258,2595,-2337
120000186,54,733,-679
120000187,39,364,-325
120000188,137,805,-668
120000190,665,131,534
120000191,985,171,814
120000192,999,63,936
120000193,382,14,368
120000195,88,10,78
120000196,425,45,380
120000197,137,109,28
120000198,289,60,229
120000199,120,0,120
120000200,153,1,152
120000201,11,43,-32
120000202,2,53,-51
120000203,75,168,-93
120000207,7,51,-44
120000208,10,175,-165
120000209,1,47,-46
120000210,66,74,-8
120000211,212,3,209
120000212,304,3,301
120000213,222,198,24
120000214,0,240,-240
120000215,2,134,-132
120000216,181,30,151
120000217,578,1394,-816
120000218,88,586,-498
120000219,11,346,-335
120000220,0,963,-963
120000225,2276,8,2268
120000226,532,6,526
120000227,1264,90,1174
120000228,14059,4012,10047
120000230,513,33,480
120000231,1553,1843,-290
120000233,571,29,542
120000235,288,493,-205
120000236,1469,1,1468
120000237,2,936,-934
120000238,6,1224,-1218
120000241,1256,4136,-2880
120000412,599,16,583
120000413,288,211,77
120000414,135,5,130
120000415,2,46,-44
120000416,115,3,112
120000417,5,68,-63
120000418,255,20,235
120000419,21,180,-159
120000420,61,18,43
120000421,8172,5195,2977
120000422,90,1837,-1747
120000423,2,81,-79
120000424,153,85,68
120000436,87,744,-657
120000437,121,72,49
120000438,1811,263,1548
120000439,293,655,-362
120000443,188,2,186
120000444,1603,403,1200
120000445,1805,975,830
120000446,684,234,450
120000447,338,1,337
120000449,181,4,177
120000450,9,129,-120
120000451,149,347,-198
120000452,327,5,322
120000453,0,326,-326
120000454,58,59,-1
120000455,77,41,36
120000456,3263,3994,-731
120000457,1075,450,625
120000458,599,636,-37
120000459,132,59,73
120000665,1397,308,1089
120000668,138,1997,-1859
120000669,137,166,-29
120000670,225,1527,-1302
120000671,1365,406,959
120000672,84,480,-396
120900001,86,95,-9
120900002,333,588,-255
120900003,300,46,254
120900004,34,95,-61
120900005,88,561,-473
120900006,502,250,252
120900007,218,66,152
120900008,505,1041,-536
120900009,306,41,265
120900010,550,134,416
120900011,186,234,-48
120900012,206,1420,-1214
120900013,499,131,368
120900014,6,371,-365
120900015,983,76,907
120900016,1169,49,1120
120900017,2114,74,2040
120900018,187,307,-120
120900019,689,381,308
120900020,710,1457,-747
120900021,1011,241,770
120900022,31,184,-153
120900023,343,32,311
120900024,1818,533,1285
120900025,1377,983,394
120900026,196,187,9
120900027,1013,30,983
120900028,489,129,360
120900029,104,615,-511
120900030,1559,831,728
120900031,326,129,197
120900032,1323,143,1180
120900033,1360,96,1264
120900034,24,2551,-2527
120900035,72,150,-78
120900037,241,6,235
120900038,105,335,-230
120900039,100,80,20
120900040,439,6,433
120900041,109,38,71
120900042,708,58,650
120900043,124,70,54
120900044,13,358,-345
120900045,143,85,58
120900046,514,1,513
120900047,162,187,-25
120900048,167,43,124
120900049,644,5,639
120900050,1430,1735,-305
120900051,375,116,259
120900052,782,6,776
120900053,505,50,455
120900054,1616,532,1084
120900055,490,4,486
120900056,625,48,577
120900057,200,13,187
120900058,714,1,713
120900059,140,3,137
120900060,93,25,68
120900061,287,245,42
120900062,276,3,273
120900063,677,9,668
120900064,944,2,942
120900065,671,19,652
120900066,403,303,100
120900067,181,55,126
120900068,353,0,353
120900069,371,37,334
120900071,52,2,50
120900072,765,6,759
120900073,689,107,582
120900074,756,6,750
120900076,472,0,472
120900077,2359,245,2114
120900078,929,565,364
120900079,1074,209,865
120900080,932,1083,-151
120900081,1237,637,600
120900082,456,464,-8
120900083,142,5,137
120900084,478,512,-34
120900085,89,102,-13
120900086,88,367,-279
120900087,581,327,254
120900088,263,576,-313
120900089,2166,3091,-925
120900090,374,127,247
120900091,690,947,-257
120900092,1016,359,657
120900093,1388,146,1242
120900094,492,159,333
120900095,475,25,450
120900096,41,195,-154
120900097,649,529,120
120900098,225,147,78
120900099,60,63,-3
120900100,67,140,-73
120900101,464,188,276
120900102,36,129,-93
120900103,83,247,-164
120900104,21,47,-26
120900105,63,273,-210
120900106,968,426,542
120900107,260,121,139
120900108,2,337,-335
120900109,61,414,-353
120900110,8,628,-620
120900111,151,368,-217
120900112,26,531,-505
120900113,6,528,-522
120900114,37,115,-78
120900115,204,253,-49
120900116,475,283,192
120900117,4,317,-313
120900118,14,494,-480
120900119,9918,4586,5332
120900120,76,335,-259
120900121,120,460,-340
120900122,669,338,331
120900123,1,219,-218
120900124,1,377,-376
120900125,4,517,-513
120900126,1355,886,469
120900127,15,268,-253
120900128,973,1110,-137
120900129,52,203,-151
120900130,33,404,-371
120900131,183,101,82
120900132,1268,218,1050
120900133,141,639,-498
120900134,618,358,260
120900135,3,383,-380
120900136,52,109,-57
120900137,317,108,209
120900138,27,150,-123
120900139,2,446,-444
120900140,7,204,-197
120900141,245,228,17
120900142,9,302,-293
120900143,1,532,-531
120900144,1,119,-118
120900145,179,522,-343
120900146,2,641,-639
120900147,6,310,-304
120900148,169,143,26
120900149,0,185,-185
120900150,66,395,-329
120900151,0,326,-326
120900152,1,29,-28
120900153,68,135,-67
120900154,14,162,-148
120900155,237,762,-525
120900156,60,208,-148
120900157,95,325,-230
120900158,74,532,-458
120900159,89,450,-361
120900160,35,550,-515
120900161,128,532,-404
120900162,115,982,-867
120900163,177,2450,-2273
120900164,0,50,-50
120900165,7,142,-135
120900166,206,554,-348
120900167,463,173,290
120900169,99,270,-171
120900170,728,3038,-2310
120900171,752,208,544
120900172,1407,3124,-1717
120900173,48,43,5
120900174,10,111,-101
120900175,220,116,104
120900176,12,413,-401
120900177,5,1617,-1612
120900178,1,763,-762
120900179,595,376,219
120900180,113,212,-99
120900181,197,53,144
120900182,28,329,-301
120900183,821,56,765
120900184,449,70,379
120900185,19,582,-563
120900186,2,280,-278
120900187,663,1041,-378
120900188,250,17,233
120900189,63,1707,-1644
120900190,128,20,108
120900191,21,12,9
120900192,6576,9182,-2606
120900194,82,118,-36
120900195,149,363,-214
120900196,754,39,715
120900197,888,132,756
120900198,370,441,-71
120900199,578,1360,-782
120900200,104,93,11
120900201,426,154,272
120900202,0,127,-127
120900203,40,98,-58
120900204,134,181,-47
120900205,38,42,-4
120900206,17,49,-32
121000001,814,1151,-337
121000002,2264,1551,713
121000003,3360,1967,1393
121000004,2652,3981,-1329
121000005,1831,2628,-797
121000006,3449,1975,1474
121000007,2326,3016,-690
121000008,5216,4041,1175
121000009,4844,5607,-763
121000010,8118,6068,2050
121000011,7526,11086,-3560
121000012,15136,10110,5026
121000013,4676,6324,-1648
121000014,6168,5038,1130
121000015,3743,6831,-3088
121000016,4268,3361,907
121000017,2513,3947,-1434
121000018,2944,1813,1131
121000019,14810,11919,2891
121000020,13370,18236,-4866
121000021,2804,2561,243
121000022,2901,3305,-404
121000023,3606,2541,1065
121000024,4759,5042,-283
121000025,624,1337,-713
121000026,402,181,221
121000027,1467,1185,282
121000028,860,436,424
121000029,1029,626,403
121000030,757,459,298
121000031,664,686,-22
121000032,205,143,62
121000034,531,253,278
121000035,188,152,36
121000036,1026,823,203
121000037,644,524,120
121000038,352,858,-506
121000039,268,379,-111
121000041,471,476,-5
121000042,276,398,-122
121000043,581,542,39
121000044,1381,864,517
121000045,479,312,167
121000046,711,884,-173
121000047,42,84,-42
121000049,1078,565,513
121000050,310,1155,-845
121000051,631,287,344
121000052,481,639,-158
121000053,363,129,234
121000054,63,409,-346
121000055,994,1069,-75
121000056,813,1100,-287
121000057,216,501,-285
121000058,334,207,127
121000059,2453,1295,1158
121000060,590,936,-346
121000061,84,461,-377
121000062,144,411,-267
121000063,842,690,152
121000064,711,522,189
121000065,298,411,-113
121000066,352,303,49
121000067,484,543,-59
121000068,633,384,249
121000069,461,763,-302
121000070,1825,1102,723
121000071,1608,1302,306
121000072,1509,702,807
121000073,1189,971,218
121000074,361,157,204
121000075,60,228,-168
121000076,652,421,231
121000077,135,170,-35
121000078,107,174,-67
121000080,1804,592,1212
121000081,3643,3495,148
121000082,109,206,-97
121000083,133,128,5
121000084,171,136,35
121000085,289,444,-155
121000086,332,662,-330
121000087,66,247,-181
121000088,465,543,-78
121000089,398,447,-49
121000090,379,412,-33
121000091,1303,976,327
121000092,209,48,161
121000093,246,184,62
121000094,594,821,-227
121000095,344,596,-252
121000096,2319,2313,6
121000097,792,2271,-1479
121000098,660,819,-159
121000099,626,646,-20
121000100,861,319,542
121000101,407,244,163
121000102,336,223,113
121000103,285,255,30
121000104,308,132,176
121000105,619,218,401
121000106,417,359,58
121000107,1948,3088,-1140
121000109,1110,1029,81
121000110,343,654,-311
121000114,2799,1996,803
121000115,1026,633,393
121000116,242,792,-550
121000117,520,212,308
121000118,1545,217,1328
121000119,387,402,-15
121000120,270,440,-170
121000121,545,1320,-775
121000123,1492,663,829
121000126,64,350,-286
121000127,215,99,116
121000128,1013,340,673
121000129,1233,575,658
121000130,758,733,25
121000131,2268,2056,212
121000132,1398,2739,-1341
121000135,481,1033,-552
121000136,1430,1263,167
121000137,451,388,63
121000138,1062,1508,-446
121000139,612,487,125
121000141,327,218,109
121000142,708,750,-42
121000143,169,22,147
121000144,900,2009,-1109
121000145,491,831,-340
121000146,1559,1139,420
121000147,1140,540,600
121000148,939,1024,-85
121000149,2436,1389,1047
121000152,467,453,14
121000153,2008,581,1427
121000154,1211,608,603
121000155,1562,991,571
121000156,465,977,-512
121000157,894,1594,-700
121000158,425,440,-15
121000159,235,313,-78
121000160,365,269,96
121000161,198,295,-97
121000162,126,129,-3
121000165,1443,2145,-702
121000166,18,339,-321
121000168,522,296,226
121000169,72,97,-25
121000170,383,111,272
121000171,64,164,-100
121000172,770,503,267
121000173,1437,1195,242
121000174,426,445,-19
121000175,959,312,647
121000176,377,231,146
121000177,969,573,396
121000178,161,46,115
121000179,137,55,82
121000181,536,328,208
121000182,199,203,-4
121000183,77,125,-48
121000184,184,153,31
121000185,56,275,-219
121000186,291,698,-407
121000187,225,124,101
121000188,169,150,19
121000192,962,447,515
121000193,693,478,215
121000194,1950,2003,-53
121000195,257,780,-523
121000196,309,201,108
121000197,184,728,-544
121000198,227,128,99
121000199,146,288,-142
121000200,756,117,639
121000201,7,160,-153
121000202,210,9,201
121000203,915,1601,-686
121000204,3062,670,2392
121000205,129,257,-128
121000206,200,81,119
121000207,2252,447,1805
121000208,4,252,-248
121000209,484,150,334
121000210,664,291,373
121000211,460,130,330
121000212,632,557,75
121000213,10269,2829,7440
121000214,781,2016,-1235
121000215,1049,1065,-16
121000216,489,600,-111
121000217,4409,3099,1310
121000218,463,1862,-1399
121000219,1512,561,951
121000220,207,135,72
121000221,164,283,-119
121000222,2673,2639,34
121000223,342,477,-135
121000224,297,355,-58
121000225,992,2589,-1597
121000226,2386,1366,1020
121000227,13,152,-139
121000228,27,487,-460
121000229,329,342,-13
121000230,51,1335,-1284
121000231,1277,37,1240
121000232,327,327,0
121000233,568,309,259
121000234,39,79,-40
121000235,71,86,-15
121000236,11,72,-61
121000237,71,29,42
121000238,17,96,-79
121000239,80,14,66
121000240,18,227,-209
121000241,100,14,86
121000242,162,586,-424
121000243,505,102,403
121000244,21,146,-125
121000245,93,37,56
121000246,0,160,-160
121000247,136,10,126
121000248,674,882,-208
121000249,114,362,-248
121000250,739,317,422
121000251,26,278,-252
121000252,135,80,55
121000253,334,471,-137
121000254,578,230,348
121000255,175,435,-260
121000256,413,252,161
121000257,38,121,-83
121000258,144,120,24
121000259,51,76,-25
121000260,84,97,-13
121000261,112,95,17
121000262,781,638,143
121000263,449,351,98
121000271,330,1183,-853
121000273,39,5,34
121000274,15,47,-32
121000275,2,12,-10
121000276,8,25,-17
121000278,31,53,-22
121000279,24,49,-25
121000280,31,69,-38
121000289,307,29,278
121000290,1066,811,255
121000294,205,95,110
121000297,697,1127,-430
121000299,83,704,-621
121000300,821,572,249
121000302,37,1049,-1012
121000303,464,290,174
121000304,529,55,474
121000305,214,48,166
121000306,135,125,10
121000308,156,390,-234
121000309,345,509,-164
121000310,114,265,-151
121000311,77,658,-581
121000312,383,352,31
121000313,326,511,-185
121000314,63,106,-43
121000315,50,110,-60
121000530,1845,1221,624
121000531,1917,1346,571
121000532,7027,7847,-820
121000533,3353,3341,12
121000918,70,92,-22
121000919,68,79,-11
121000938,87,254,-167
121000939,73,260,-187
121000956,1564,956,608
121000957,9,15,-6
121000958,46,72,-26
121000959,925,554,371
121000960,1547,1603,-56
121000961,331,82,249
121000962,516,469,47
121000973,0,234,-234
121000976,39,233,-194
121000979,480,144,336
121000981,335,160,175
121000982,329,140,189
121000983,471,244,227
121000984,33,64,-31
121000985,689,443,246
121000986,468,135,333
121000987,312,763,-451
121000988,934,179,755
121001302,237,118,119
121001308,5,16,-11
121001309,74,159,-85
121001313,224,121,103
121001314,1569,2433,-864
121001315,5238,2706,2532
121900001,87,196,-109
121900002,57,37,20
121900003,387,10,377
121900004,147,420,-273
121900005,18,6,12
121900006,79,14,65
121900007,1944,1995,-51
121900008,897,458,439
121900009,584,14,570
121900010,231,3,228
121900011,407,373,34
121900012,6,0,6
121900013,973,86,887
121900014,1271,350,921
121900015,170,198,-28
121900016,11,34,-23
121900017,664,396,268
121900018,380,9,371
121900019,453,264,189
121900020,25,3,22
121900021,961,12,949
121900022,291,252,39
121900023,174,346,-172
121900024,281,83,198
121900025,687,418,269
121900026,380,42,338
121900027,579,308,271
121900028,316,29,287
121900029,132,237,-105
121900030,556,533,23
121900031,933,6671,-5738
121900032,105,75,30
121900033,208,265,-57
121900034,268,92,176
121900035,2969,2484,485
121900036,93,255,-162
121900037,193,1045,-852
121900038,32,118,-86
121900039,376,58,318
121900040,86,121,-35
121900041,136,194,-58
121900042,419,202,217
121900043,3,9,-6
121900044,70,75,-5
121900046,257,276,-19
121900047,251,68,183
121900048,83,91,-8
121900050,59,78,-19
121900051,178,177,1
121900052,153,53,100
121900053,420,328,92
121900054,459,853,-394
121900055,12,15,-3
121900058,366,98,268
121900059,412,166,246
121900060,245,411,-166
121900061,223,189,34
121900062,128,123,5
121900063,1788,376,1412
121900064,306,561,-255
121900066,63,26,37
121900067,79,51,28
121900069,194,112,82
121900070,271,178,93
121900071,379,188,191
121900072,30,94,-64
121900073,233,230,3
121900074,727,1073,-346
121900075,477,585,-108
121900076,466,724,-258
121900077,24,24,0
121900078,149,53,96
121900079,0,0,0
121900080,879,423,456
121900082,58,90,-32
121900084,27,83,-56
121900085,6,20,-14
121900086,19,76,-57
121900087,183,110,73
121900088,1665,2892,-1227
121900089,226,203,23
121900090,33,63,-30
121900091,75,70,5
121900092,93,139,-46
121900093,80,95,-15
121900094,15,6,9
121900095,285,161,124
121900096,1345,790,555
121900097,670,201,469
121900098,6,10,-4
121900099,219,55,164
121900100,195,679,-484
121900101,236,174,62
121900102,4,129,-125
121900103,455,288,167
121900104,1576,273,1303
121900105,397,242,155
121900106,12,14,-2
121900107,56,27,29
121900108,2,28,-26
121900109,269,114,155
121900110,641,556,85
121900111,706,315,391
121900112,145,149,-4
121900113,79,446,-367
121900114,72,95,-23
121900115,183,362,-179
121900117,227,205,22
121900118,1544,581,963
121900119,212,75,137
121900120,68,1138,-1070
121900121,413,48,365
121900122,50,64,-14
121900123,247,428,-181
121900124,174,157,17
121900125,1358,928,430
121900127,20,68,-48
121900128,92,99,-7
121900129,343,156,187
121900130,117,168,-51
121900131,209,77,132
121900132,48,67,-19
121900133,63,998,-935
121900134,28,131,-103
121900135,3281,485,2796
121900136,359,262,97
121900137,51,323,-272
121900138,154,315,-161
121900139,337,545,-208
121900140,59,196,-137
121900141,64,22,42
121900142,136,122,14
121900143,24,159,-135
121900144,119,309,-190
121900145,322,337,-15
121900146,761,680,81
121900147,41,186,-145
121900148,175,300,-125
121900149,370,543,-173
121900150,61,111,-50
121900151,81,221,-140
121900152,110,89,21
121900153,121,843,-722
121900154,19,249,-230
121900155,5,109,-104
121900156,207,115,92
121900157,5,279,-274
121900158,90,118,-28
121900159,1,192,-191
121900160,23,270,-247
121900161,269,342,-73
121900162,78,190,-112
121900163,392,432,-40
121900164,333,207,126
121900165,385,140,245
121900166,160,140,20
121900167,113,156,-43
121900168,153,218,-65
121900169,2,132,-130
121900170,11,190,-179
121900171,896,682,214
121900172,573,182,391
121900173,864,277,587
121900174,45,87,-42
121900175,352,359,-7
121900176,584,1242,-658
121900177,213,58,155
121900178,6,8,-2
121900179,521,222,299
121900180,2611,5162,-2551
121900182,685,321,364
121900183,610,1296,-686
121900184,76,613,-537
121900186,7,382,-375
121900187,28,160,-132
121900188,592,309,283
121900189,34,87,-53
121900190,218,420,-202
121900191,117,221,-104
121900192,246,694,-448
121900193,5,39,-34
121900194,7,364,-357
121900195,97,99,-2
121900196,699,931,-232
121900197,486,1187,-701
121900198,1058,980,78
121900199,2,58,-56
121900200,40,175,-135
121900201,970,822,148
121900202,112,831,-719
121900203,177,992,-815
121900204,601,1398,-797
121900205,42,57,-15
121900206,18,75,-57
121900207,121,50,71
121900208,157,271,-114
121900209,76,45,31
121900210,1152,971,181
121900211,276,175,101
121900212,177,141,36
121900213,233,46,187
121900214,8,564,-556
121900215,53,98,-45
121900216,38,340,-302
121900217,258,167,91
121900218,195,366,-171
121900219,260,95,165
121900220,115,9,106
121900221,272,578,-306
121900222,165,133,32
121900223,156,50,106
121900224,131,44,87
121900225,123,148,-25
121900226,334,399,-65
121900227,245,504,-259
121900228,162,251,-89
121900229,322,274,48
121900230,92,251,-159
121900231,252,1214,-962
121900232,245,427,-182
121900233,185,214,-29
121900234,459,194,265
121900235,631,131,500
121900236,404,201,203
121900237,166,249,-83
121900238,156,225,-69
121900239,192,28,164
121900240,326,154,172
121900241,84,70,14
121900242,4,1,3
121900243,8,0,8
121900244,16,6,10
121900245,199,49,150
121900246,2563,358,2205
121900247,281,187,94
121900248,1069,1332,-263
121900250,262,306,-44
121900251,545,52,493
121900252,574,192,382
121900253,123,692,-569
121900254,465,249,216
121900255,443,116,327
121900258,3995,2095,1900
121900259,335,535,-200
121900260,178,115,63
121900261,139,519,-380
121900262,294,914,-620
121900263,270,206,64
121900264,1583,1226,357
121900265,293,234,59
121900266,483,143,340
121900267,85,39,46
121900269,284,780,-496
121900270,38,195,-157
121900271,46,146,-100
121900273,475,1857,-1382
121900274,297,211,86
121900276,856,136,720
121900277,434,1256,-822
121900278,145,989,-844
121900279,126,205,-79
121900280,165,517,-352
121900281,344,346,-2
121900284,94,9,85
121900286,179,135,44
121900287,41,28,13
121900290,266,444,-178
121900291,393,778,-385
121900292,131,127,4
121900293,856,2605,-1749
121900294,240,1,239
121900295,158,164,-6
121900296,117,382,-265
121900298,291,862,-571
121900299,4,12,-8
121900300,143,16,127
121900301,114,4,110
121900302,6,54,-48
121900303,399,709,-310
121900304,1,7,-6
121900305,5,5,0
121900306,217,3,214
121900307,92,14,78
121900308,18,229,-211
121900309,8,213,-205
121900310,23,328,-305
121900311,508,18,490
121900312,353,15,338
121900313,343,43,300
121900314,0,47,-47
121900315,8,0,8
121900316,0,12,-12
121900317,11,2,9
121900318,6,8,-2
121900319,53,74,-21
121900320,47,63,-16
121900321,16,1,15
121900322,0,20,-20
121900323,10,17,-7
121900324,7,48,-41
121900325,10,10,0
121900326,5,20,-15
121900327,8,31,-23
121900328,1,29,-28
121900329,2,99,-97
121900330,4,52,-48
121900331,46,40,6
121900332,61,21,40
121900333,3,0,3
122000001,1759,4783,-3024
122000002,3489,1446,2043
122000003,1990,2472,-482
122000004,3004,1562,1442
122000005,2324,1968,356
122000006,1602,964,638
122000007,909,1507,-598
122000008,2228,4185,-1957
122000009,335,421,-86
122000010,1924,2627,-703
122000011,2830,1533,1297
122000012,991,1518,-527
122000013,1000,1094,-94
122000014,1764,1115,649
122000015,1250,1096,154
122000016,531,762,-231
122000017,1185,1032,153
122000018,1526,1438,88
122000019,867,968,-101
122000020,233,237,-4
122000021,270,461,-191
122000022,1138,1033,105
122000023,689,1678,-989
122000024,597,1343,-746
122000025,834,1824,-990
122000026,723,1218,-495
122000027,648,1495,-847
122000028,934,484,450
122000029,486,493,-7
122000030,244,111,133
122000031,158,309,-151
122000032,1775,1924,-149
122000033,578,1420,-842
122000034,611,718,-107
122000035,323,690,-367
122000036,532,524,8
122000037,374,223,151
122000038,234,303,-69
122000039,525,458,67
122000040,254,260,-6
122000041,442,560,-118
122000042,268,398,-130
122000043,131,82,49
122000044,132,171,-39
122000045,1168,488,680
122000046,787,636,151
122000047,204,203,1
122000048,3757,4418,-661
122000049,5883,3273,2610
122000050,1260,753,507
122000051,261,365,-104
122000052,526,434,92
122000053,179,824,-645
122000054,2132,1796,336
122000055,1860,3210,-1350
122000056,4126,3326,800
122000057,2679,3688,-1009
122000058,1804,1705,99
122000059,1802,2104,-302
122000060,483,817,-334
122000061,406,580,-174
122000062,717,349,368
122000063,1103,750,353
122000064,3058,3242,-184
122000065,3365,2374,991
122000066,996,945,51
122000067,1484,1078,406
122000068,1583,1012,571
122000069,816,596,220
122000070,973,1375,-402
122000071,1829,1011,818
122000072,396,453,-57
122000073,258,799,-541
122000074,2874,1566,1308
122000075,833,1086,-253
122000076,2996,1375,1621
122000077,979,1153,-174
122000078,1588,2806,-1218
122000079,800,1367,-567
122000080,558,342,216
122000081,194,229,-35
122000082,505,1005,-500
122000083,2309,1371,938
122000084,1905,966,939
122000085,306,809,-503
122000086,2078,5758,-3680
122000087,396,353,43
122000088,405,527,-122
122000089,4177,2214,1963
122000090,157,552,-395
122000091,158,86,72
122000092,73,15,58
122000093,1603,2224,-621
122000094,4749,3003,1746
122000095,1798,4535,-2737
122000096,1445,1878,-433
122000098,2942,3192,-250
122000099,1233,756,477
122000100,829,605,224
122000101,416,587,-171
122000102,1904,1068,836
122000103,1976,1547,429
122000104,411,217,194
122000105,650,282,368
122000106,371,597,-226
122000107,981,399,582
122000108,500,738,-238
122000109,387,274,113
122000110,500,526,-26
122000111,2748,1405,1343
122000112,1127,1370,-243
122000113,693,580,113
122000114,2427,1662,765
122000115,1912,1378,534
122000116,482,583,-101
122000117,1362,410,952
122000118,585,718,-133
122000119,2581,2184,397
122000120,1597,3297,-1700
122000121,1429,2756,-1327
122000122,641,1534,-893
122000123,1688,1711,-23
122000124,908,541,367
122000125,608,826,-218
122000126,544,1028,-484
122000127,882,1033,-151
122000128,419,610,-191
122000129,556,1511,-955
122000130,3095,1222,1873
122000131,1185,804,381
122000132,367,408,-41
122000133,1022,1430,-408
122000134,960,725,235
122000135,592,645,-53
122000136,931,635,296
122000137,2222,884,1338
122000139,938,3720,-2782
122000140,602,602,0
122000141,3542,1071,2471
122000142,286,835,-549
122000143,428,419,9
122000144,1375,1011,364
122000145,940,626,314
122000146,696,1038,-342
122000147,671,446,225
122000148,1388,2220,-832
122000149,2076,1504,572
122000150,1276,922,354
122000151,139,332,-193
122000152,378,305,73
122000153,370,297,73
122000154,261,244,17
122000155,1560,2386,-826
122000156,2467,2540,-73
122000157,1161,2379,-1218
122000158,296,558,-262
122000159,684,1236,-552
122000160,3077,2011,1066
122000161,1227,1064,163
122000162,1960,1805,155
122000163,194,93,101
122000164,31,116,-85
122000165,748,634,114
122000166,914,958,-44
122000167,300,287,13
122000168,223,570,-347
122000169,326,179,147
122000170,359,275,84
122000171,69,126,-57
122000172,1739,1394,345
122000173,1481,2222,-741
122000174,2149,1129,1020
122000175,801,258,543
122000176,331,771,-440
122000177,1453,1373,80
122000178,2543,2279,264
122000179,1504,2294,-790
122000180,1579,1230,349
122000181,1469,2940,-1471
122000182,1724,1809,-85
122000183,2084,992,1092
122000184,2675,2476,199
122000185,1346,1596,-250
122000186,384,776,-392
122000187,1692,871,821
122000188,487,261,226
122000189,244,326,-82
122000190,885,1157,-272
122000191,852,802,50
122000192,1063,364,699
122000193,449,794,-345
122000194,573,199,374
122000195,168,481,-313
122000196,1176,564,612
122000197,466,679,-213
122000198,463,843,-380
122000199,239,353,-114
122000200,925,603,322
122000201,1284,1513,-229
122000202,1302,1573,-271
122000203,2590,1354,1236
122000204,1271,1774,-503
122000205,1095,1274,-179
122000206,2418,963,1455
122000207,2362,1345,1017
122000208,2271,1355,916
122000209,1904,410,1494
122000210,1806,1442,364
122000211,1332,1160,172
122000212,738,531,207
122000213,1125,1377,-252
122000214,2123,1709,414
122000215,2047,1757,290
122000217,1599,1348,251
122000218,785,77,708
122000219,1122,830,292
122000220,359,722,-363
122000221,58,406,-348
122000222,530,145,385
122000223,1190,607,583
122000225,871,279,592
122000226,1679,1648,31
122000227,246,2083,-1837
122000228,324,297,27
122000229,21,459,-438
122000230,103,464,-361
122000231,458,759,-301
122000232,737,720,17
122000233,0,80,-80
122000234,427,65,362
122000235,504,119,385
122000236,1386,75,1311
122000237,129,117,12
122000238,504,333,171
122000239,829,254,575
122000240,1225,626,599
122000241,1096,409,687
122000242,876,108,768
122000243,25,22,3
122000244,18,257,-239
122000245,29,60,-31
122000246,58,111,-53
122000247,664,205,459
122000248,905,1161,-256
122000249,1045,998,47
122000250,2122,1089,1033
122000251,213,429,-216
122000252,482,172,310
122000253,56,262,-206
122000254,240,123,117
122000255,705,1192,-487
122000256,338,716,-378
122000257,231,247,-16
122000258,317,262,55
122000259,20,399,-379
122000260,7,47,-40
122000261,20,235,-215
122000262,0,34,-34
122000263,484,218,266
122000264,1608,286,1322
122000265,2449,831,1618
122000266,3984,655,3329
122000267,133,122,11
122000268,132,310,-178
122000269,932,262,670
122000270,605,135,470
122000271,313,886,-573
122000272,363,684,-321
122000273,394,256,138
122000274,220,127,93
122000275,77,145,-68
122000276,851,582,269
122000277,1338,1558,-220
122000278,2043,591,1452
122000279,283,407,-124
122000280,1102,698,404
122000281,1121,708,413
122000282,241,404,-163
122000283,306,160,146
122000284,388,69,319
122000285,355,97,258
122000286,62,175,-113
122000287,1401,1351,50
122000288,492,214,278
122000291,2043,706,1337
122000293,259,254,5
122000294,142,249,-107
122000295,1226,173,1053
122000296,23,503,-480
122000297,2114,3598,-1484
122000299,561,401,160
122000300,468,680,-212
122000301,8004,3247,4757
122000302,681,1946,-1265
122000303,2550,1224,1326
122000304,78,233,-155
122000305,1286,271,1015
122000306,41,463,-422
122000307,153,107,46
122000309,115,47,68
122000310,20,136,-116
122000311,193,151,42
122000312,173,191,-18
122000313,153,86,67
122000314,116,211,-95
122000315,350,56,294
122000316,1022,276,746
122000317,1686,272,1414
122000318,304,1038,-734
122000319,215,315,-100
122000320,335,1092,-757
122000321,119,138,-19
122000322,1747,1997,-250
122000323,1135,2074,-939
122000324,964,1154,-190
122000325,954,1905,-951
122000326,114,90,24
122000327,469,746,-277
122000328,746,427,319
122000330,1552,902,650
122000332,222,423,-201
122000333,14,89,-75
122000337,1200,999,201
122000338,653,377,276
122000340,275,560,-285
122000342,1196,927,269
122000343,358,534,-176
122000344,49,30,19
122000345,73,35,38
122000346,422,353,69
122000348,1156,620,536
122000349,190,640,-450
122000351,171,241,-70
122000352,341,160,181
122000353,158,70,88
122000355,145,336,-191
122000356,972,1141,-169
122000357,83,28,55
122000358,0,41,-41
122000359,0,16,-16
122000360,0,34,-34
122000362,9,55,-46
122000364,216,304,-88
122000365,1,46,-45
122000366,10,9,1
122000368,425,600,-175
122000370,35,42,-7
122000371,24,0,24
122000372,21,1,20
122000381,149,339,-190
122000382,84,202,-118
122000384,1985,1123,862
122000385,62,2,60
122000386,286,1453,-1167
122000387,504,700,-196
122000388,1482,638,844
122000389,201,651,-450
122000390,377,198,179
122000391,318,358,-40
122000392,218,150,68
122000393,80,97,-17
122000394,607,190,417
122000395,114,123,-9
122000396,376,78,298
122000397,47,29,18
122000398,22,86,-64
122000399,153,69,84
122000400,106,621,-515
122000401,120,59,61
122000402,415,122,293
122000403,490,621,-131
122000404,205,198,7
122000408,823,1249,-426
122000503,16,140,-124
122000524,223,191,32
122000544,85,2275,-2190
122000616,303,2,301
122000640,95,114,-19
122000641,101,256,-155
122000642,1021,758,263
122000643,101,274,-173
122000644,281,74,207
122000645,89,197,-108
122000651,1045,1053,-8
122000664,169,28,141
122000665,1257,575,682
122000666,646,1070,-424
122000673,40,207,-167
122000674,241,83,158
122000675,1948,671,1277
122000686,481,739,-258
122000687,1686,249,1437
122000688,349,494,-145
122000689,1090,318,772
122000690,2253,358,1895
122000691,817,1103,-286
122000692,2038,299,1739
122000693,455,1414,-959
122000695,358,335,23
122000696,528,189,339
122000698,453,405,48
122000699,243,83,160
122000701,1607,310,1297
122000702,449,874,-425
122000703,178,60,118
122000717,114,81,33
122000718,359,956,-597
122000719,132,71,61
122000720,510,146,364
122900001,34,11,23
122900002,1109,6145,-5036
122900003,459,40,419
122900004,1615,86,1529
122900005,185,110,75
122900006,602,646,-44
122900007,116,62,54
122900008,560,272,288
122900009,701,495,206
122900010,205,101,104
122900012,205,364,-159
122900013,0,0,0
122900014,131,203,-72
122900015,1391,1299,92
122900016,125,297,-172
122900017,308,775,-467
122900018,182,21,161
122900019,10,112,-102
122900020,225,482,-257
122900021,34,410,-376
122900022,1096,868,228
122900023,581,178,403
122900024,188,99,89
122900025,13,384,-371
122900026,37,214,-177
122900027,39,608,-569
122900028,126,165,-39
122900029,4009,2971,1038
122900030,1031,592,439
122900031,39,305,-266
122900032,112,369,-257
122900033,219,144,75
122900034,3918,4674,-756
122900035,17,10,7
122900036,72,66,6
122900037,425,143,282
122900038,113,3014,-2901
122900039,103,438,-335
122900040,238,391,-153
122900041,298,359,-61
122900042,159,244,-85
122900043,370,214,156
122900044,106,338,-232
122900045,118,89,29
122900046,191,284,-93
122900047,133,202,-69
122900048,50,260,-210
122900049,1073,165,908
122900051,63,148,-85
122900052,108,151,-43
122900053,22,29,-7
122900055,361,88,273
122900057,236,44,192
122900061,555,187,368
122900062,592,626,-34
122900063,169,201,-32
122900064,833,442,391
122900065,573,192,381
122900066,704,375,329
122900067,996,579,417
122900068,138,276,-138
122900069,407,1365,-958
122900070,368,48,320
122900071,90,288,-198
122900072,5,430,-425
122900073,15,176,-161
122900074,1054,448,606
122900075,0,63,-63
122900076,13,162,-149
122900077,1,110,-109
122900078,231,50,181
122900080,36,24,12
122900081,220,176,44
122900082,1012,151,861
122900083,120,111,9
122900084,20,178,-158
122900086,17,138,-121
122900087,343,499,-156
122900088,27,205,-178
122900089,62,235,-173
122900090,13,348,-335
122900091,268,2,266
122900092,1,133,-132
122900093,1,133,-132
122900094,2,138,-136
122900095,224,21,203
122900096,415,70,345
122900097,49,42,7
122900098,40,88,-48
122900099,45,19,26
122900100,232,355,-123
122900101,469,273,196
122900102,38,34,4
122900103,103,4,99
122900104,205,13,192
122900105,11,18,-7
122900106,4,48,-44
122900107,8,101,-93
122900108,1,79,-78
123000001,1159,479,680
123000002,3122,6284,-3162
123000003,4201,5445,-1244
123000004,3261,4299,-1038
123000005,2997,3395,-398
123000006,2382,2220,162
123000007,4225,2644,1581
123000008,2701,2789,-88
123000009,4538,2836,1702
123000010,3206,3304,-98
123000011,2234,799,1435
123000012,720,2095,-1375
123000013,4033,861,3172
123000014,827,3398,-2571
123000015,3077,1484,1593
123000016,3973,4690,-717
123000017,3225,1633,1592
123000018,106,94,12
123000019,498,195,303
123000020,302,67,235
123000021,134,189,-55
123000022,313,1560,-1247
123000023,1933,1862,71
123000024,1548,681,867
123000025,95,103,-8
123000026,58,118,-60
123000027,108,691,-583
123000028,1279,746,533
123000029,537,1423,-886
123000030,319,220,99
123000031,351,188,163
123000032,486,110,376
123000033,284,77,207
123000034,1000,771,229
123000035,488,497,-9
123000036,390,1016,-626
123000037,286,300,-14
123000038,164,202,-38
123000039,483,1770,-1287
123000040,656,373,283
123000041,1099,1217,-118
123000042,710,639,71
123000043,2482,11367,-8885
123000044,3777,2740,1037
123000045,5338,3085,2253
123000046,582,1828,-1246
123000047,1688,1081,607
123000048,86,1176,-1090
123000049,6037,11428,-5391
123000050,1710,1721,-11
123000051,74,176,-102
123000052,888,3597,-2709
123000053,2807,2744,63
123000054,1663,1716,-53
123000055,1577,3156,-1579
123000056,1179,1775,-596
123000057,7912,8142,-230
123000058,669,1274,-605
123000059,424,569,-145
123000060,986,416,570
123000061,267,725,-458
123000063,1003,950,53
123000064,1186,262,924
123000065,3993,2513,1480
123000066,663,544,119
123000067,957,504,453
123000068,2493,2465,28
123000069,6364,2707,3657
123000070,274,617,-343
123000071,1415,792,623
123000072,1095,724,371
123000073,1526,783,743
123000074,1353,821,532
123000075,400,1403,-1003
123000076,923,521,402
123000077,1818,1743,75
123000078,1839,1243,596
123000079,2039,1549,490
123000080,2610,1337,1273
123000081,167,324,-157
123000082,338,879,-541
123000083,1204,275,929
123000084,765,410,355
123000085,518,66,452
123000086,680,105,575
123000087,517,296,221
123000088,1550,641,909
123000089,659,943,-284
123000090,1269,829,440
123000091,1416,1181,235
123000092,819,1102,-283
123000094,691,219,472
123000095,706,649,57
123000096,844,307,537
123000097,530,470,60
123000098,754,440,314
123000099,675,461,214
123000100,476,715,-239
123000101,526,562,-36
123000102,383,694,-311
123000104,487,485,2
123000105,696,501,195
123000106,451,505,-54
123000107,316,443,-127
123000108,647,1047,-400
123000111,1099,315,784
123000112,1528,447,1081
123000113,621,883,-262
123000114,367,612,-245
123000115,370,230,140
123000116,44,90,-46
123000117,2026,1531,495
123000118,506,640,-134
123000119,277,631,-354
123000120,359,617,-258
123000121,436,464,-28
123000122,279,269,10
123000123,482,461,21
123000124,381,451,-70
123000125,1297,1427,-130
123000126,1315,4775,-3460
123000127,666,614,52
123000128,266,287,-21
123000129,835,184,651
123000130,780,97,683
123000131,1100,763,337
123000132,328,596,-268
123000133,186,325,-139
123000134,316,138,178
123000135,2908,1161,1747
123000136,169,581,-412
123000137,113,253,-140
123000138,59,339,-280
123000139,561,94,467
123000140,133,571,-438
123000141,897,149,748
123000142,953,900,53
123000143,816,1482,-666
123000144,48,25,23
123000145,161,152,9
123000146,21,94,-73
123000147,84,111,-27
123000149,365,359,6
123000150,203,215,-12
123000151,280,544,-264
123000152,116,392,-276
123000153,184,890,-706
123000154,1600,2203,-603
123000155,2061,1288,773
123000156,23,118,-95
123000157,539,792,-253
123000158,676,788,-112
123000159,3439,3003,436
123000160,1036,832,204
123000161,1986,1182,804
123000162,1186,1584,-398
123000163,766,188,578
123000164,1808,315,1493
123000165,405,1161,-756
123000166,34,119,-85
123000167,136,208,-72
123000168,270,160,110
123000169,919,130,789
123000170,82,116,-34
123000171,834,21,813
123000172,179,450,-271
123000173,638,273,365
123000174,1307,388,919
123000175,515,952,-437
123000176,1378,351,1027
123000177,350,929,-579
123000178,897,180,717
123000179,37,473,-436
123000180,1880,301,1579
123000181,351,1036,-685
123000182,325,376,-51
123000183,126,493,-367
123000184,130,466,-336
123000185,954,328,626
123000186,3,462,-459
123000187,755,7,748
123000188,192,0,192
123000189,252,169,83
123000190,80,87,-7
123000192,23,320,-297
123000193,74,626,-552
123000194,343,230,113
123000195,470,47,423
123000196,427,31,396
123000197,61,99,-38
123000198,37,620,-583
123000199,8,557,-549
123000200,663,10,653
123000201,1242,28,1214
123000202,10,681,-671
123000203,1179,61,1118
123000204,59,958,-899
123000205,373,1229,-856
123000206,2670,254,2416
123000207,65,709,-644
123000208,535,186,349
123000209,2195,626,1569
123000210,472,1529,-1057
123000211,513,1876,-1363
123000212,3500,559,2941
123000213,787,102,685
123000215,81,290,-209
123000216,213,1297,-1084
123000217,241,47,194
123000218,60,693,-633
123000219,743,78,665
123000220,511,130,381
123000221,143,78,65
123000222,454,351,103
123000223,528,223,305
123000224,380,315,65
123000225,341,50,291
123000226,75,343,-268
123000227,55,240,-185
123000228,303,82,221
123000229,779,1214,-435
123000232,118,484,-366
123000233,823,143,680
123000234,169,519,-350
123000235,1309,328,981
123000236,276,554,-278
123000237,337,89,248
123000238,78,390,-312
123000239,460,1038,-578
123000240,64,568,-504
123000241,345,75,270
123000242,300,172,128
123000243,969,766,203
123000244,894,629,265
123000245,54,138,-84
123000249,1440,556,884
123000252,971,261,710
123000253,1619,504,1115
123000254,793,866,-73
123000255,1324,903,421
123000256,22,215,-193
123000257,2407,1578,829
123000258,921,630,291
123000259,471,420,51
123000260,545,325,220
123000261,343,146,197
123000262,83,120,-37
123000263,473,83,390
123000264,191,71,120
123000265,35,109,-74
123000266,574,614,-40
123000267,953,405,548
123000268,36,61,-25
123000269,27,56,-29
123000270,21,47,-26
123000271,51,65,-14
123000272,763,261,502
123000273,294,828,-534
123000274,1228,554,674
123000275,299,690,-391
123000278,2412,2609,-197
123000279,90,87,3
123000280,369,271,98
123000281,420,111,309
123000282,146,241,-95
123000283,154,48,106
123000284,71,62,9
123000286,169,351,-182
123000287,321,267,54
123000288,1383,1097,286
123000289,399,1304,-905
123000291,234,824,-590
123000294,157,231,-74
123000295,874,984,-110
123000296,679,395,284
123000297,501,327,174
123000298,666,294,372
123000299,61,141,-80
123000300,1152,891,261
123000301,139,314,-175
123000302,94,128,-34
123000303,164,147,17
123000305,933,851,82
123000306,185,78,107
123000309,70,48,22
123000310,36,26,10
123000311,1,82,-81
123000312,580,673,-93
123000313,583,415,168
123000315,220,251,-31
123000316,1025,94,931
123000317,208,74,134
123000318,42,171,-129
123000329,31,14,17
123000337,925,428,497
123000338,352,96,256
123000339,259,53,206
123000340,140,311,-171
123000342,11,20,-9
123000343,41,14,27
123000344,1096,351,745
123000345,338,499,-161
123000346,400,53,347
123000352,1071,811,260
123000353,31,69,-38
123000354,258,2,256
123000355,0,207,-207
123000356,435,4,431
123000357,3,157,-154
123000359,8,145,-137
123000360,198,78,120
123000361,198,278,-80
123000362,631,63,568
123000363,128,172,-44
123000364,594,548,46
123000365,28,433,-405
123000366,373,2164,-1791
123000367,350,903,-553
123000370,34,232,-198
123000371,909,32,877
123000372,385,39,346
123000373,5,321,-316
123000374,14,136,-122
123000375,390,34,356
123000376,957,580,377
123000377,680,14,666
123000378,11,272,-261
123000379,4,168,-164
123000380,55,452,-397
123000381,117,137,-20
123000382,943,138,805
123000383,112,1189,-1077
123000384,519,135,384
123000385,141,494,-353
123000436,47,1426,-1379
123000507,91,180,-89
123000508,154,1314,-1160
123000517,237,56,181
123000518,53,255,-202
123000519,189,61,128
123000520,82,230,-148
123000521,439,86,353
123000522,110,446,-336
123000541,12,3,9
123000542,0,13,-13
123000565,832,52,780
123000566,279,343,-64
123000567,107,206,-99
123000573,54,535,-481
123000574,1300,73,1227
123000575,1650,864,786
123000576,1315,1124,191
123000577,75,592,-517
123000578,470,117,353
123000579,1603,6672,-5069
123000580,113,39,74
123000582,515,29,486
123000583,38,310,-272
123000584,171,275,-104
123000585,0,83,-83
123000586,114,0,114
123000596,90,73,17
123000597,93,110,-17
123000602,55,8,47
123000603,946,512,434
123000604,486,484,2
123000605,860,149,711
123000606,0,403,-403
123000609,27,402,-375
123000610,179,164,15
123000613,24,187,-163
123000614,326,73,253
123000615,27,90,-63
123000616,1090,43,1047
123000617,101,260,-159
123000618,83,642,-559
123000619,642,33,609
123000620,25,405,-380
123000622,537,18,519
123000624,176,35,141
123000630,1345,456,889
123000631,242,635,-393
123000632,634,567,67
123000633,0,167,-167
123000634,49,182,-133
123000635,53,84,-31
123000636,38,553,-515
123000637,340,65,275
123000638,602,30,572
123000639,903,5502,-4599
123000640,25,446,-421
123900001,1077,31,1046
123900002,31,1233,-1202
123900003,209,355,-146
123900005,226,200,26
123900006,335,49,286
124000001,2305,205,2100
124000002,82,1228,-1146
124000003,1030,133,897
124000004,54,381,-327
124000005,1278,665,613
124000006,247,781,-534
124000007,487,111,376
124000008,13,449,-436
124000009,675,247,428
124000010,163,322,-159
124000011,1036,296,740
124000012,328,328,0
124000017,175,160,15
124000018,164,69,95
124000019,171,134,37
124000020,66,131,-65
124000021,132,113,19
124000022,90,214,-124
124000023,1372,1566,-194
124000024,1057,336,721
124000025,1377,1880,-503
124000026,923,927,-4
124000027,5293,5037,256
124000028,1581,4065,-2484
124000030,2081,1037,1044
124000031,1498,4386,-2888
124000032,1697,740,957
124000033,193,260,-67
124000034,696,517,179
124000035,28,240,-212
124000036,69,172,-103
124000037,708,1053,-345
124000038,65,126,-61
124000039,1203,531,672
124000040,543,1169,-626
124000041,617,110,507
124000042,151,412,-261
124000043,171,117,54
124000044,41,202,-161
124000045,1051,631,420
124000046,270,554,-284
124000047,2201,763,1438
124000048,950,969,-19
124000049,2275,558,1717
124000050,834,1279,-445
124000051,1118,573,545
124000052,529,701,-172
124000053,533,1832,-1299
124000054,859,400,459
124000055,1458,3256,-1798
124000056,1844,1149,695
124000057,1085,655,430
124000058,410,926,-516
124000059,759,1387,-628
124000060,1006,510,496
124000061,1328,5846,-4518
124000062,2885,1451,1434
124000063,1031,1369,-338
124000064,1682,1085,597
124000065,9,500,-491
124000066,72,45,27
124000067,235,158,77
124000068,11,30,-19
124000069,114,9,105
124000070,57,117,-60
124000071,235,87,148
124000072,184,310,-126
124000073,1129,159,970
124000074,167,575,-408
124000075,393,34,359
124000076,14,130,-116
124000077,1324,840,484
124000078,2845,1085,1760
124000079,361,1291,-930
124000080,660,219,441
124000081,317,439,-122
124000082,85,196,-111
124000083,64,95,-31
124000084,50,447,-397
124000085,130,29,101
124000086,63,136,-73
124000087,148,106,42
124000088,362,443,-81
124000089,837,315,522
124000090,130,242,-112
124000091,387,80,307
124000092,91,316,-225
124000093,161,77,84
124000094,339,459,-120
124000095,132,68,64
124000096,168,210,-42
124000097,143,126,17
124000098,61,88,-27
124000099,227,127,100
124000100,85,76,9
124000101,108,114,-6
124000102,108,48,60
124000103,112,111,1
124000104,75,34,41
124000105,117,91,26
124000106,107,45,62
124000107,20,213,-193
124000108,55,23,32
124000109,147,77,70
124000110,160,69,91
124000111,206,144,62
124000112,761,538,223
124000113,102,96,6
124000114,333,317,16
124000115,352,551,-199
124000116,153,157,-4
124000117,49,75,-26
124000118,52,106,-54
124000119,938,532,406
124000120,661,523,138
124000121,1378,723,655
124000122,491,1156,-665
124000123,1140,410,730
124000124,473,973,-500
124000125,507,412,95
124000126,304,549,-245
124000127,1066,347,719
124000128,632,738,-106
124000129,2736,1604,1132
124000130,940,522,418
124000131,949,667,282
124000132,879,663,216
124000133,959,889,70
124000134,1063,506,557
124000135,1838,1866,-28
124000136,946,848,98
124000137,1240,800,440
124000138,1468,1100,368
124000139,463,22,441
124000140,28,369,-341
124000141,181,12,169
124000142,18,150,-132
124000143,61,5,56
124000144,10,47,-37
124000145,130,42,88
124000146,25,69,-44
124000148,51,82,-31
124000149,1106,398,708
124000150,264,657,-393
124000151,805,347,458
124000152,632,990,-358
124000153,1343,721,622
124000154,781,622,159
124000155,1398,880,518
124000156,1282,900,382
124000169,224,472,-248
124000170,456,416,40
124000171,340,275,65
124000172,317,480,-163
124000173,559,168,391
124000174,353,481,-128
124000175,13,121,-108
124000176,100,26,74
124000177,17,33,-16
124000178,43,54,-11
124000190,30,61,-31
124000191,55,100,-45
124000192,1537,417,1120
124000193,284,935,-651
124000194,411,347,64
124000195,311,539,-228
124000196,802,786,16
124000197,49,56,-7
124000198,59,69,-10
124000201,313,688,-375
124000202,724,280,444
124000203,635,354,281
124000204,1059,220,839
124000205,108,276,-168
124000206,1023,264,759
124000207,0,43,-43
124000209,193,289,-96
124000210,642,184,458
124000211,711,7,704
124000212,4,250,-246
124000213,576,167,409
124000214,430,394,36
124000215,456,22,434
124000216,1,287,-286
124000329,135,986,-851
124000338,83,490,-407
124000339,1276,140,1136
124000341,1763,107,1656
124000344,41,5,36
124000357,1524,2483,-959
124000358,954,1488,-534
124000359,1680,664,1016
124000360,1214,425,789
124000361,1899,983,916
124000362,897,1148,-251
124000363,326,366,-40
124000364,468,866,-398
124000365,491,842,-351
124000366,1027,742,285
124000367,84,388,-304
124000368,431,496,-65
124000369,159,112,47
124000370,66,384,-318
124000402,21,18,3
124000403,180,42,138
124000404,7,95,-88
124000405,1472,835,637
124000406,824,715,109
124000407,2,17,-15
124000411,7,228,-221
124000412,409,9,400
124000413,123,22,101
124000414,69,118,-49
124000415,66,75,-9
124000416,114,153,-39
124000417,162,97,65
124000418,199,82,117
124000419,69,82,-13
124000420,143,55,88
124000421,55,82,-27
124000422,26,23,3
124000423,142,40,102
124000424,2,53,-51
124000425,39,21,18
124000426,4,30,-26
124000427,32,9,23
124000428,6,48,-42
124000429,85,43,42
124000430,955,469,486
124000431,379,589,-210
124000432,305,637,-332
124000439,4,3,1
124000442,19,70,-51
124000443,2,7,-5
124000445,94,657,-563
124000446,456,81,375
124900001,600,382,218
124900002,179,253,-74
124900003,1144,498,646
124900004,724,313,411
124900005,252,120,132
124900006,728,251,477
124900008,1225,611,614
124900009,160,437,-277
124900010,251,126,125
124900011,775,281,494
124900012,529,96,433
124900013,523,108,415
124900014,360,53,307
124900015,181,445,-264
124900016,95,111,-16
124900017,569,2214,-1645
124900018,82,10,72
124900020,186,82,104
124900021,361,67,294
124900022,51,14,37
124900024,307,12,295
124900026,134,24,110
124900027,160,572,-412
124900028,493,101,392
124900029,31,532,-501
124900030,8,96,-88
124900031,74,298,-224
124900032,195,254,-59
124900033,84,259,-175
124900034,6,94,-88
124900035,152,390,-238
124900036,0,52,-52
124900037,157,228,-71
124900038,299,170,129
124900039,0,119,-119
124900040,171,113,58
124900041,291,577,-286
124900042,301,2,299
124900043,524,613,-89
124900044,104,7,97
124900045,726,1046,-320
124900046,1008,292,716
124900047,127,210,-83
124900048,183,96,87
124900050,94,147,-53
124900052,98,412,-314
124900053,140,304,-164
124900054,1074,517,557
124900055,0,132,-132
124900057,8,39,-31
124900060,76,158,-82
124900061,98,8,90
124900062,226,19,207
124900066,0,5,-5
124900067,7,119,-112
124900068,222,717,-495
124900070,78,28,50
124900072,145,35,110
124900074,503,145,358
124900075,254,171,83
124900076,24,1280,-1256
124900077,43,81,-38
124900078,59,7,52
124900079,361,349,12
124900080,260,355,-95
124900081,1023,271,752
124900082,311,437,-126
124900083,289,328,-39
124900084,1163,131,1032
124900085,641,498,143
124900086,89,1454,-1365
124900087,469,90,379
124900088,448,80,368
124900089,940,22,918
124900090,543,273,270
124900091,308,242,66
124900092,281,180,101
124900093,513,210,303
124900094,565,252,313
124900095,198,611,-413
124900096,556,256,300
124900097,341,66,275
124900098,131,272,-141
124900099,567,407,160
124900100,313,61,252
124900101,126,461,-335
124900102,239,29,210
124900103,114,160,-46
124900104,58,131,-73
124900105,95,79,16
124900106,481,62,419
124900107,196,17,179
124900108,142,125,17
124900109,69,104,-35
124900110,375,308,67
124900111,6,141,-135
124900112,73,481,-408
124900113,133,220,-87
124900114,133,92,41
124900115,96,46,50
124900116,231,198,33
124900117,192,139,53
124900118,109,196,-87
124900119,367,131,236
124900120,22,261,-239
124900121,72,357,-285
124900122,144,177,-33
124900123,205,69,136
124900124,145,166,-21
129000186,112,80,32
204000001,28,3,25
204000002,4,2,2
204000003,20,3,17
204000004,5,2,3
204000005,571,317,254
204000006,1302,935,367
204000008,852,435,417
204000011,9,21,-12
204000012,61,44,17
204000013,3,25,-22
204000019,776,402,374
204000020,753,743,10
204000021,2142,1077,1065
204000022,578,513,65
204000023,558,519,39
204000031,14,5,9
204000032,338,14,324
204000034,26,164,-138
204000035,0,12,-12
204000036,6,19,-13
204000037,0,6,-6
204000038,1,9,-8
204000039,17,25,-8
204000040,1,12,-11
204000041,3,15,-12
204000042,69,7,62
204000043,49,0,49
204000044,26,2,24
204000045,66,5,61
204000046,15,2,13
204000057,5,21,-16
204000062,3,9,-6
204000068,30,195,-165
204000069,6,292,-286
204000070,89,66,23
204000080,72,50,22
204000085,1882,1175,707
204000086,1710,1503,207
204000087,32,7,25
204000088,5,87,-82
204000090,30,244,-214
204000093,563,54,509
204000096,918,762,156
204000097,688,6,682
204000099,1314,1275,39
204000100,1602,1424,178
204000105,1805,1050,755
204000110,811,1540,-729
204000111,416,828,-412
204000112,1371,2104,-733
204000113,644,1280,-636
204000114,1159,779,380
204000115,731,354,377
204000116,2644,1073,1571
204000119,1908,2106,-198
204000132,723,380,343
204000133,924,173,751
204000134,358,96,262
204000135,611,114,497
204000136,552,226,326
204000138,440,530,-90
204000140,214,116,98
204000141,161,47,114
204000144,11,34,-23
204000145,578,39,539
204000146,31,310,-279
204000147,11,129,-118
204000148,236,18,218
204000154,5,4,1
204000155,5,5,0
204000177,82,40,42
204000179,36,3,33
204000180,0,31,-31
204000222,22,24,-2
204000235,23,11,12
204000236,72,178,-106
204000238,21,14,7
204000240,396,56,340
204000263,322,728,-406
204000308,148,21,127
204000317,19,82,-63
204000322,2,58,-56
204000323,18,7,11
204000328,281,46,235
204000329,59,149,-90
204000330,173,13,160
204000331,22,67,-45
204010341,10,230,-220
205000001,667,1257,-590
205000013,5,75,-70
205000014,20,107,-87
205000015,32,144,-112
205000016,19,146,-127
205000017,29,120,-91
205000022,225,707,-482
205000025,955,939,16
205000029,270,10,260
205000045,148,550,-402
205000047,90,525,-435
205000048,282,547,-265
205000049,133,482,-349
205000050,586,254,332
205000059,1,166,-165
205000060,0,67,-67
205000061,2,109,-107
205000062,2,94,-92
205000063,18,137,-119
205000064,25,81,-56
205000065,59,506,-447
205000066,127,443,-316
205000067,40,623,-583
205000069,203,24,179
205000082,191,141,50
205000110,54,158,-104
205000111,172,163,9
205000112,194,179,15
205000113,187,297,-110
205000121,266,34,232
205000123,30,201,-171
205000126,376,76,300
205000127,706,102,604
205000128,332,40,292
205000129,581,57,524
205000130,139,33,106
205000131,78,9,69
205000132,97,1,96
205000133,98,0,98
205000134,224,0,224
205000137,68,150,-82
205000138,211,271,-60
205000139,27,118,-91
205000144,94,76,18
205000145,390,144,246
205000151,144,36,108
205000152,223,26,197
205000153,238,14,224
205000154,139,18,121
205000155,108,10,98
205000207,5,123,-118
205000233,6,0,6
205000234,0,0,0
205000243,0,0,0
205000244,0,4,-4
205000245,5,120,-115
205000249,0,15,-15
205000250,16,1,15
205000251,171,396,-225
205000264,2,93,-91
206000027,8,6,2
206000028,10,2,8
206000043,10,32,-22
206000053,1,8,-7
206000054,4,13,-9
206000055,5,14,-9
206000075,9,27,-18
206000076,28,11,17
206000077,34,5,29
206000078,18,4,14
206000079,33,4,29
206000082,474,79,395
206000100,36,399,-363
206000103,4,5,-1
206000104,19,11,8
206000105,5,10,-5
206000106,2,12,-10
206000108,709,40,669
206000125,74,0,74
206000157,39,452,-413
206000170,1,91,-90
206000171,3,139,-136
206000172,10,282,-272
206000173,2,125,-123
206000174,24,34,-10
206000175,0,47,-47
206000176,20,78,-58
206000177,2,70,-68
206000178,0,164,-164
206000179,2,66,-64
206000180,15,100,-85
206000181,8,71,-63
206000182,2,69,-67
206000183,12,228,-216
206000184,1,200,-199
206000185,5,92,-87
206000186,92,428,-336
206000223,5,191,-186
206000226,25,3,22
206000227,26,2,24
206000237,18,201,-183
206000238,21,377,-356
206000239,163,1347,-1184
206000240,0,46,-46
206000241,0,68,-68
206000242,4,109,-105
206000243,4,89,-85
206000244,30,241,-211
206000245,1153,42,1111
206000246,335,4,331
206000247,322,5,317
206000248,518,13,505
206000252,49,24,25
206000258,21,45,-24
206000315,47,4,43
206000317,752,98,654
206000318,786,77,709
206000319,2289,67,2222
206000320,351,22,329
206000321,330,9,321
206000322,696,14,682
206000323,222,7,215
206000324,261,10,251
206000325,266,8,258
206000326,239,13,226
206000327,124,7,117
206000328,264,2,262
206000329,305,4,301
206000330,75,6,69
206000331,248,4,244
206000332,62,3,59
206000333,823,1,822
206000334,341,5,336
206000335,0,9,-9
206000361,3,169,-166
206000392,3,9,-6
206000405,157,0,157
206000441,44,26,18
206000498,47,3,44
206000515,96,40,56
206000530,443,47,396
206000531,298,234,64
206000532,1935,385,1550
206000535,157,1441,-1284
206000536,10,136,-126
206000537,22,116,-94
206000613,2082,230,1852
207000001,112,463,-351
207000002,83,282,-199
207000003,128,103,25
207000007,1288,220,1068
207000008,166,2,164
207000009,59,56,3
207000010,336,259,77
207000012,528,236,292
207000015,210,745,-535
207000019,226,50,176
207000021,488,153,335
207000022,198,113,85
207000023,235,28,207
207000024,3,14,-11
207000025,40,63,-23
207000026,109,33,76
207000027,36,65,-29
207000028,60,116,-56
207000029,194,294,-100
207000033,184,380,-196
207000034,303,105,198
207000039,566,80,486
207000040,523,54,469
207000041,277,35,242
207000042,377,44,333
207000043,235,139,96
207000051,97,174,-77
207000052,69,96,-27
207000053,356,369,-13
207000054,52,96,-44
207000055,143,90,53
207000056,351,218,133
207000057,107,286,-179
207000058,118,193,-75
207000059,58,279,-221
207000060,51,137,-86
207000061,200,633,-433
207000062,357,31,326
207000063,363,76,287
207000064,536,125,411
207000065,454,206,248
207000066,260,174,86
207000067,51,65,-14
207000068,117,47,70
207000069,782,301,481
207000082,5,138,-133
207000083,73,197,-124
207000084,352,194,158
207000085,282,17,265
207000086,247,3,244
207000106,43,24,19
207000107,125,11,114
207000108,81,13,68
207000109,55,17,38
207000110,79,54,25
207000111,85,103,-18
207000112,99,702,-603
207000114,23,38,-15
207000115,24,60,-36
207000116,25,357,-332
207000117,9,84,-75
207000118,4,93,-89
207000119,30,73,-43
207000123,154,19,135
207000124,87,31,56
207000125,84,28,56
207000126,85,35,50
207000134,101,108,-7
207000135,39,126,-87
207000148,107,273,-166
207000149,69,37,32
207000152,110,277,-167
207000153,592,1115,-523
207000154,331,145,186
207000159,103,104,-1
207000160,102,233,-131
207000238,1,143,-142
207000242,4,134,-130
207000248,20,20,0
207000249,100,21,79
207000250,546,61,485
207000251,65,77,-12
207000252,58,44,14
207000278,125,74,51
207000279,18,105,-87
207000280,714,62,652
207000281,108,515,-407
207000282,146,131,15
207000283,56,178,-122
207000284,43,282,-239
207000285,69,77,-8
207000291,12,101,-89
207000304,108,60,48
207000306,60,316,-256
207000310,90,75,15
207000353,240,7,233
207000356,8,78,-70
207000357,11,19,-8
207000358,6,19,-13
207000415,10,115,-105
207000417,36,2,34
207000418,2,19,-17
207000437,0,1,-1
207000439,694,674,20
207000446,208,5,203
207000460,47,6,41
207000466,159,105,54
207000467,193,64,129
207000468,27,164,-137
207000476,13,45,-32
207000477,672,69,603
207000523,0,11,-11
207000524,28,1,27
207000527,142,131,11
207000530,546,10,536
207000531,332,7,325
207000532,98,31,67
207000534,257,25,232
207000535,24,316,-292
207000537,25,84,-59
207000540,7,119,-112
207000541,2,251,-249
207000548,7,192,-185
207000549,333,13,320
207000561,143,172,-29
207000562,23,123,-100
207000567,153,194,-41
207000568,246,30,216
207000569,506,404,102
207000584,206,189,17
207000585,55,271,-216
207000616,0,87,-87
207000617,148,0,148
207900008,344,74,270
208000001,607,996,-389
208000002,613,431,182
208000003,993,285,708
208000004,844,551,293
208000005,3,15,-12
208000019,622,875,-253
208000020,194,439,-245
208000021,195,242,-47
208000022,877,390,487
208000028,1320,1561,-241
208000033,472,495,-23
208000034,1011,1253,-242
208000040,222,138,84
208000041,894,548,346
208000042,994,626,368
208000047,130,149,-19
208000064,2271,1256,1015
208000066,1660,2415,-755
208000070,427,284,143
208000071,469,569,-100
208000072,409,922,-513
208000080,282,262,20
208000081,381,94,287
208000082,405,186,219
208000083,142,268,-126
208000084,10,18,-8
208000085,701,516,185
208000086,489,748,-259
208000087,492,539,-47
208000089,965,257,708
208000090,873,404,469
208000093,165,153,12
208000094,458,370,88
208000095,800,337,463
208000104,1116,692,424
208000105,799,790,9
208000114,117,355,-238
208000115,496,261,235
208000116,616,1014,-398
208000117,116,156,-40
208000118,109,166,-57
208000155,750,854,-104
208000158,1395,3442,-2047
208000186,2836,3375,-539
208000204,691,907,-216
208000205,1168,744,424
208000282,4032,2645,1387
209000004,417,180,237
209000005,65,59,6
209000006,474,146,328
209000007,263,268,-5
209000010,348,104,244
209000011,167,183,-16
209000012,116,112,4
209000013,240,202,38
209000014,430,659,-229
209000025,402,51,351
209000026,715,71,644
209000027,324,537,-213
209000028,489,453,36
209000029,449,423,26
209000030,346,842,-496
209000031,1787,1403,384
209000034,148,195,-47
209000035,145,135,10
209000036,185,70,115
209000037,237,122,115
209000038,112,93,19
209000039,35,95,-60
209000040,368,384,-16
209000041,138,308,-170
209000042,249,271,-22
209000043,725,717,8
209000044,238,675,-437
209000045,1141,385,756
209000046,454,413,41
209000047,407,198,209
209000048,632,357,275
209000049,62,52,10
209000050,138,64,74
209000051,179,122,57
209000052,78,109,-31
209000062,39,62,-23
209000063,53,40,13
209000064,18,42,-24
209000065,98,28,70
209000066,80,16,64
209000067,118,26,92
209000080,20,152,-132
209000082,79,25,54
209000091,16,71,-55
209000093,74,24,50
209000094,108,124,-16
209000110,39,114,-75
209000111,552,1521,-969
209000112,1258,389,869
209000113,1859,384,1475
209000114,1012,361,651
209000115,44,54,-10
209000116,264,226,38
209000118,19,32,-13
209000119,11,18,-7
209000121,103,302,-199
209000135,77,152,-75
209000142,735,2056,-1321
209000143,49,43,6
209000144,39,93,-54
209000229,265,140,125
209000240,36,183,-147
209000259,42,65,-23
209000260,64,863,-799
209000261,8,848,-840
209000262,1,508,-507
209000263,0,170,-170
209000264,0,302,-302
209000265,384,0,384
209000266,118,2,116
209000267,1670,7,1663
209000268,571,74,497
210000037,67,36,31
210000047,104,15,89
210000048,93,24,69
210000049,37,8,29
210000052,74,62,12
210000053,25,53,-28
210000054,44,66,-22
210000070,153,4,149
210000071,82,1,81
210000072,51,0,51
210000073,0,22,-22
210000074,1,83,-82
210000075,0,86,-86
210000076,8,114,-106
210000077,7,43,-36
210000078,47,70,-23
210000079,22,32,-10
210000080,74,88,-14
210000081,211,18,193
210000082,83,6,77
210000083,115,2,113
210000084,49,0,49
210000085,2,61,-59
210000086,3,88,-85
210000099,47,202,-155
210000100,30,137,-107
210000101,84,129,-45
210000105,26,193,-167
210000159,1,190,-189
210000163,152,217,-65
210000164,212,176,36
210000168,143,48,95
210000187,0,21,-21
210000188,0,22,-22
210000214,23,0,23
210000219,49,35,14
210000220,94,21,73
210000232,1,14,-13
210000233,37,52,-15
210000234,43,85,-42
210000235,67,83,-16
210000245,0,33,-33
210000246,19,0,19
210000258,15,92,-77
210000259,309,63,246
210000282,69,205,-136
210000285,0,90,-90
210000286,26,157,-131
210000290,0,1,-1
210000295,44,102,-58
210000296,64,31,33
210000320,224,37,187
210000321,166,33,133
210000338,34,60,-26
210000339,267,1166,-899
210000340,114,365,-251
210000341,210,269,-59
210000342,186,190,-4
210000343,189,183,6
210000344,151,109,42
210000345,139,266,-127
210000346,86,137,-51
210000347,69,48,21
210000348,141,23,118
210000349,50,29,21
210000350,137,43,94
210000351,145,86,59
210000352,67,47,20
210000353,60,55,5
210000354,57,62,-5
210000355,43,49,-6
210000356,28,63,-35
210000357,42,57,-15
210000358,186,108,78
210000359,76,77,-1
210000360,178,106,72
210000361,181,130,51
210000362,306,179,127
210000363,602,219,383
210000364,124,172,-48
210000365,142,68,74
210000366,111,71,40
210000367,103,31,72
210000368,137,42,95
210000369,27,19,8
210000370,31,38,-7
210000372,44,19,25
210000373,21,15,6
210000374,37,18,19
210000375,47,43,4
210000376,55,86,-31
210000404,53,107,-54
210000439,25,28,-3
210000472,68,4,64
210000482,63,99,-36
210000564,236,272,-36
210000567,0,9,-9
210000568,219,0,219
211000092,43,27,16
211000094,18,6,12
211000169,228,7,221
211000172,5,99,-94
211000209,1,35,-34
211000226,0,0,0
211000270,3,0,3
211000275,25,4,21
211000276,121,25,96
211000279,21,20,1
211000281,123,21,102
211507980,0,43,-43
211977296,40,7,33
212000003,123,29,94
212000004,17,26,-9
212000005,6,29,-23
212000006,38,39,-1
212000008,164,108,56
212000009,34,66,-32
212000012,72,63,9
212000013,35,50,-15
212000014,249,151,98
212000015,335,213,122
212000016,568,455,113
212000027,603,325,278
212000028,407,317,90
212000029,259,192,67
212000030,57,24,33
212000031,70,35,35
212000048,108,321,-213
212000049,8,155,-147
212000050,28,16,12
212000051,215,137,78
212000052,185,179,6
212000053,344,368,-24
212000054,320,86,234
212000055,300,166,134
212000056,25,27,-2
212000057,15,13,2
212000058,225,84,141
212000070,131,192,-61
212000077,123,414,-291
212000099,330,235,95
212000108,210,100,110
212000111,168,74,94
212000120,103,43,60
212000138,150,37,113
212000156,2,74,-72
212000158,7,25,-18
212000159,520,40,480
212000160,814,173,641
212000161,70,7,63
212000310,52,17,35
212000311,35,52,-17
212000374,27,13,14
213000001,29,360,-331
213000005,560,149,411
213000006,1114,278,836
213000007,112,12,100
213000009,577,443,134
213000010,217,327,-110
213000011,208,102,106
213000012,147,206,-59
213000014,89,22,67
213000015,290,5,285
213000016,352,5,347
213000017,79,0,79
213000018,1,99,-98
213000019,3,138,-135
213000020,120,324,-204
213000021,4,109,-105
213000023,460,187,273
213000033,388,1602,-1214
213000034,698,217,481
213000035,131,200,-69
213000045,148,242,-94
213000046,137,155,-18
213000047,455,1249,-794
213000056,97,35,62
213000069,87,2,85
213000073,0,52,-52
213000074,67,368,-301
213000075,682,8,674
213000085,11,56,-45
213000086,27,128,-101
213000091,262,16,246
213000092,107,19,88
213000099,126,929,-803
213000100,1052,210,842
213000101,475,119,356
213000102,687,253,434
213000103,945,720,225
213000104,65,388,-323
213000105,3,177,-174
213000106,22,82,-60
213000107,145,338,-193
213000108,51,336,-285
213000109,12,151,-139
213000110,29,71,-42
213000111,13,96,-83
213000112,122,102,20
213000115,73,10,63
213000116,66,299,-233
213000117,5,606,-601
213000118,521,214,307
213000119,58,460,-402
213000120,90,367,-277
213000122,119,430,-311
213000123,305,937,-632
213000124,96,1187,-1091
213000125,197,15,182
213000126,88,138,-50
213000127,96,250,-154
213000128,337,992,-655
213000129,368,756,-388
213000130,791,352,439
213000132,548,100,448
213000133,747,106,641
213000134,1042,33,1009
213000136,539,27,512
213000137,801,58,743
213000139,143,23,120
213000147,68,11,57
213000148,31,8,23
213000149,48,7,41
213000150,0,213,-213
213000151,5,137,-132
213000152,5,128,-123
213000153,7,161,-154
213000154,68,382,-314
213000155,90,210,-120
213000156,128,350,-222
213000157,822,338,484
213000158,474,818,-344
213000159,825,391,434
213000163,1125,115,1010
213000165,1069,287,782
213000171,0,37,-37
213000172,5,155,-150
213000173,1,177,-176
213000174,4,97,-93
213000175,19,85,-66
213000176,153,47,106
213000177,197,10,187
213000178,203,8,195
213000179,308,3,305
213000180,245,0,245
213000184,98,427,-329
213000188,395,90,305
213000189,521,40,481
213000190,862,630,232
213000191,404,263,141
213000192,277,248,29
213000193,538,293,245
213000194,1,99,-98
213000195,36,293,-257
213000196,302,1136,-834
213000197,523,506,17
213000198,92,3,89
213000200,141,618,-477
213000201,30,47,-17
213000202,16,381,-365
213000203,2766,534,2232
213000204,844,57,787
213000205,528,68,460
213000206,415,52,363
213000207,124,21,103
213000208,84,2,82
213000209,181,9,172
213000210,305,4,301
213000211,14,33,-19
213000212,5,44,-39
213000213,23,58,-35
213000218,321,394,-73
213000219,645,17,628
213000220,573,12,561
213000223,184,205,-21
213000224,53,42,11
213000225,113,20,93
213000226,94,12,82
213000227,988,177,811
213000228,414,66,348
213000229,164,14,150
213000230,373,25,348
213000232,49,806,-757
213000233,18,718,-700
213000234,6,47,-41
213000293,19,69,-50
213000294,126,39,87
213000295,17,91,-74
213000296,50,22,28
213000297,1,60,-59
213000298,17,74,-57
213000299,50,20,30
213000300,12,18,-6
213000303,2,29,-27
213000304,6,14,-8
213000305,5,16,-11
213000306,41,29,12
213000307,138,77,61
213000308,136,135,1
213000309,176,39,137
213000310,535,189,346
213000311,237,682,-445
213000315,73,76,-3
213000316,193,48,145
213000322,117,97,20
213000323,137,56,81
213000324,120,70,50
213000325,117,67,50
213000326,123,45,78
213000327,91,62,29
213000328,99,170,-71
213000329,175,47,128
213000340,127,381,-254
213000341,721,90,631
213000347,559,462,97
213000348,8,142,-134
213000349,34,15,19
213000350,286,758,-472
213000366,76,218,-142
213000367,267,19,248
213000379,84,59,25
213000386,13,327,-314
213000406,73,466,-393
213000417,1324,496,828
213000425,268,51,217
213000426,194,57,137
213000427,59,166,-107
213000428,54,120,-66
213000429,14,0,14
213000430,111,500,-389
213000431,31,4,27
213000432,2,30,-28
213000433,27,145,-118
213000434,107,74,33
213000435,136,81,55
213000436,53,54,-1
213000437,4,26,-22
213000438,192,75,117
213000439,52,15,37
213000440,26,305,-279
213000441,3,1,2
213000442,4,42,-38
213000443,445,319,126
213000444,43,37,6
213000445,1,61,-60
213000446,0,45,-45
213000447,1,34,-33
213000448,13,144,-131
213000449,637,7,630
213000450,30,34,-4
213000451,369,74,295
213000452,16,18,-2
213000453,21,187,-166
213000455,332,10,322
213000456,1,425,-424
213000481,9,6,3
213000484,43,3,40
213000489,346,70,276
213900002,0,154,-154
213900003,210,29,181
213900013,1,121,-120
213900015,0,9,-9
213900016,7,15,-8
213900020,13,73,-60
213900030,1,62,-61
213900032,206,147,59
213900033,159,45,114
213900034,546,83,463
213900035,235,293,-58
213900036,141,133,8
213900037,30,197,-167
213900038,517,147,370
213900039,0,50,-50
213900041,3,245,-242
213900042,241,253,-12
213900043,301,129,172
213900244,59,0,59
213900245,0,16,-16
218000003,13,14,-1
218000004,53,23,30
218000005,35,57,-22
218000006,62,30,32
218000007,34,16,18
218000012,123,101,22
218000013,142,123,19
218000014,366,297,69
218000019,594,435,159
218000020,320,337,-17
218000021,37,34,3
218000022,13,12,1
218000023,3,17,-14
218000024,2,2,0
218000025,18,11,7
218000026,15,23,-8
218000027,3,9,-6
218000028,3,3,0
218000029,12,2,10
218000030,25,19,6
218000031,9,21,-12
218000032,3,27,-24
218000040,6,5,1
218000046,59,80,-21
218000047,17,105,-88
218000048,62,70,-8
218000049,107,89,18
218000050,456,272,184
218000051,111,223,-112
218000052,3,78,-75
218000053,2,16,-14
218000054,13,138,-125
218000055,5,43,-38
218000056,20,46,-26
218000057,1,27,-26
218000064,2,25,-23
218000065,122,19,103
218000066,19,48,-29
218000067,58,65,-7
218000068,144,71,73
218000069,196,91,105
218000070,257,149,108
218000071,230,140,90
218000072,231,197,34
218000078,844,522,322
218000079,186,77,109
218000080,199,52,147
218000081,685,175,510
218000082,78,103,-25
218000083,68,35,33
218000084,189,97,92
218000085,178,252,-74
218000086,79,108,-29
218000087,213,127,86
218000090,10,118,-108
218000091,875,406,469
218000092,90,120,-30
218000093,79,60,19
218000094,362,319,43
218000099,303,598,-295
218000100,296,262,34
218000101,273,88,185
218000102,463,150,313
218000103,132,88,44
218000104,117,45,72
218000105,25,15,10
218000106,18,5,13
218000107,54,32,22
218000108,8,34,-26
218000112,53,23,30
218000117,62,46,16
218000134,528,383,145
218000135,20,89,-69
218000136,220,138,82
218000137,187,139,48
218000138,36,73,-37
218000139,190,283,-93
218000140,509,237,272
218000141,92,76,16
218000142,193,172,21
218000143,97,401,-304
218000144,33,108,-75
218000145,552,359,193
218000146,135,214,-79
218000151,14,27,-13
218000152,188,64,124
218000153,10,4,6
218000154,21,1,20
218000155,28,3,25
218000156,71,8,63
218000157,33,13,20
218000158,9,3,6
218000159,3,13,-10
218000160,7,10,-3
218000161,52,6,46
218000162,39,8,31
218000163,23,2,21
218000164,67,10,57
218000165,79,16,63
218000170,6,31,-25
218000171,69,16,53
218000172,15,15,0
218000173,34,18,16
218000174,13,21,-8
218000176,293,31,262
218000177,544,226,318
218000178,124,189,-65
218000179,130,68,62
218000180,129,31,98
218000181,207,45,162
218000187,17,24,-7
218000188,22,61,-39
218000189,32,98,-66
218000190,18,16,2
218000191,162,44,118
218000192,254,181,73
218000193,488,265,223
218000194,89,263,-174
218000195,149,53,96
218000196,427,185,242
218000197,553,251,302
218000198,35,105,-70
218000199,62,21,41
218000200,68,19,49
218000201,19,9,10
218000202,58,281,-223
218000207,2,25,-23
218000208,16,17,-1
218000211,62,31,31
218000212,2,12,-10
218000213,102,137,-35
218000214,6,31,-25
218000215,44,43,1
218000217,7,51,-44
218000218,182,70,112
218000219,20,26,-6
218000220,60,413,-353
218000221,482,168,314
218000222,2,53,-51
218000223,67,599,-532
218000224,18,220,-202
218000225,284,20,264
218000226,220,71,149
218000230,0,4,-4
218000232,33,18,15
218000239,109,7,102
218000240,16,3,13
218000241,22,2,20
218000242,28,2,26
218000243,20,8,12
218000244,27,3,24
218000245,66,1,65
218000246,0,1,-1
218000247,0,0,0
218000248,0,21,-21
218000249,0,7,-7
218000250,3,4,-1
218000251,1,18,-17
218000252,7,94,-87
218000253,1,85,-84
218000254,0,45,-45
218000255,3,30,-27
218000256,9,64,-55
218000267,260,710,-450
218000268,5,31,-26
218000269,3,9,-6
218000270,49,25,24
218000271,3,27,-24
218000273,35,4,31
218000274,9,0,9
218000275,36,46,-10
218000276,13,20,-7
218000278,10,29,-19
218000279,59,27,32
218000280,8,9,-1
218000281,14,15,-1
218000282,369,468,-99
218000284,70,3,67
218000301,136,143,-7
218000302,165,39,126
218000303,27,27,0
218000316,777,795,-18
218000317,1442,742,700
218000318,947,561,386
218000319,1111,672,439
218000320,787,439,348
218000338,43,25,18
218000345,76,54,22
218000346,30,166,-136
218000459,22,229,-207
218000490,17,55,-38
218000501,125,70,55
218000502,40,53,-13
218000503,103,22,81
218000504,150,24,126
218000505,55,86,-31
218000506,35,170,-135
218000508,8,22,-14
218000510,180,15,165
218000520,116,91,25
218000521,8,35,-27
218000522,0,106,-106
218000523,138,3,135
218000524,21,380,-359
218000525,112,13,99
218000526,15,234,-219
218000529,26,114,-88
218000530,19,1,18
218000531,18,24,-6
218000532,23,17,6
218000534,188,7,181
218000537,1,86,-85
218000538,161,426,-265
218000540,324,135,189
218000543,174,55,119
218000544,34,76,-42
218000545,80,83,-3
218000546,51,81,-30
218000547,108,139,-31
218000548,115,74,41
218000549,587,423,164
218000550,173,204,-31
218000551,72,803,-731
218000552,289,57,232
218000553,23,87,-64
218000554,26,25,1
218000555,33,51,-18
218000556,127,162,-35
218000557,358,80,278
218000558,96,56,40
218000559,0,54,-54
218000560,0,35,-35
218000561,7,1,6
218000562,31,155,-124
218000563,223,20,203
218000564,12,155,-143
218000565,166,52,114
218000566,222,57,165
218000567,9,128,-119
218000568,64,3,61
218000569,12,285,-273
218000570,71,9,62
218000571,1,88,-87
218000572,119,2,117
218000573,12,240,-228
218000574,84,36,48
218000575,103,0,103
218000576,0,100,-100
218000577,134,2,132
218000578,1,112,-111
218000579,96,22,74
218000581,7,39,-32
218000582,35,3,32
218000583,12,0,12
218000584,2,20,-18
218000585,42,9,33
218000586,7,30,-23
218000587,2,2,0
218000588,1,3,-2
218000589,3,2,1
218000590,3,1,2
218000591,2,5,-3
218000592,21,0,21
218000593,0,0,0
218000594,0,1,-1
218000595,0,0,0
218000596,0,0,0
218000597,0,0,0
218000598,1,0,1
218000599,1,0,1
218000600,0,0,0
218000601,0,0,0
218000602,0,7,-7
218000603,1,8,-7
218000604,10,1,9
218000605,1,25,-24
218000606,65,0,65
218000607,10,45,-35
218000608,58,17,41
218000609,18,35,-17
218000610,69,10,59
218000611,16,1,15
218000612,3,30,-27
218000613,32,1,31
218000614,1,51,-50
218000615,161,1,160
218000616,4,133,-129
218000617,14,0,14
218000618,0,16,-16
218000619,44,26,18
218000620,5,19,-14
218000621,0,1,-1
218000622,3,35,-32
218000623,111,0,111
218000624,3,18,-15
218000625,2,0,2
218000626,0,26,-26
218000628,123,44,79
218000631,28,12,16
218000632,5,131,-126
218000633,159,5,154
218000634,5,17,-12
218000635,16,11,5
218000636,737,666,71
218000637,1182,413,769
218000638,222,18,204
218000639,37,108,-71
218000640,352,12,340
218000641,75,197,-122
218000652,46,48,-2
218000653,246,58,188
218000663,5,57,-52
218000675,43,29,14
218000676,1,15,-14
218000677,17,7,10
218000680,120,215,-95
218000681,311,67,244
218000691,109,85,24
218000693,291,84,207
218000703,4,28,-24
218000718,144,825,-681
218000719,329,407,-78
218000720,15,349,-334
218000721,222,45,177
218000725,4,6,-2
218001214,9,147,-138
218001329,65,77,-12
218001330,76,36,40
218001351,18,9,9
218001352,18,20,-2
218001353,3,1,2
218001354,2,7,-5
219000001,49,40,9
219000002,45,45,0
219000003,87,47,40
219000004,53,61,-8
219000017,100,52,48
219000020,120,28,92
219000022,131,2,129
219000023,69,5,64
219000029,3,45,-42
219000034,35,26,9
219000039,76,91,-15
219000040,45,76,-31
219000041,129,19,110
219000051,0,29,-29
219000052,0,20,-20
219000053,3,82,-79
219000054,378,313,65
219000055,193,1,192
219000056,7,0,7
219000057,77,1,76
219000062,9,64,-55
219000063,69,12,57
219000064,1,48,-47
219000110,426,72,354
219000111,148,33,115
219000112,213,50,163
219000113,127,29,98
219000114,186,37,149
219000116,110,46,64
219000117,114,42,72
219000118,124,63,61
219000123,172,51,121
219000124,78,45,33
219000125,18,8,10
219000126,66,90,-24
219000127,2,10,-8
219000128,7,100,-93
219000129,20,83,-63
219000130,346,416,-70
219000131,513,806,-293
219000133,31,49,-18
219000134,3,21,-18
219000135,24,40,-16
219000136,83,185,-102
219000138,51,13,38
219000139,38,30,8
219000140,89,1,88
219000141,19,78,-59
219000142,12,60,-48
219000143,14,70,-56
219000145,26,48,-22
219000146,1,25,-24
219000147,3,17,-14
219000148,4,13,-9
219000149,18,48,-30
219000150,1,48,-47
219000151,4,14,-10
219000157,223,105,118
219000158,116,152,-36
219000161,128,17,111
219000163,1057,474,583
219000166,140,189,-49
219000167,112,115,-3
219000168,244,99,145
219000174,492,102,390
219000175,118,4,114
219000176,134,11,123
219000177,50,3,47
219000178,65,2,63
219000179,28,6,22
219000180,43,32,11
219000182,126,12,114
219000183,64,23,41
219000184,79,19,60
219000185,1,39,-38
219000186,63,36,27
219000187,40,93,-53
219000189,69,150,-81
219000190,53,208,-155
219000191,425,1332,-907
219000192,163,141,22
219000193,128,134,-6
219000195,1,56,-55
219000196,2,73,-71
219000198,28,84,-56
219000199,54,208,-154
219000200,39,138,-99
219000201,61,139,-78
219000203,24,77,-53
219000204,99,267,-168
219000205,46,162,-116
219000207,118,142,-24
219000209,34,59,-25
219000210,31,98,-67
219000213,1,109,-108
219000239,152,183,-31
219000240,198,296,-98
219000241,148,112,36
219000242,47,109,-62
219000243,55,158,-103
219000244,16,52,-36
219000245,22,51,-29
219000246,45,27,18
219000247,192,39,153
219000248,520,424,96
219000249,163,106,57
219000250,141,107,34
219000251,691,213,478
219000252,202,150,52
219000253,460,126,334
219000255,139,112,27
219000256,284,78,206
219000257,73,0,73
219000262,104,72,32
219000263,77,104,-27
219000267,0,42,-42
219000268,3,6,-3
219000269,2,4,-2
219000270,4,0,4
219000271,139,2,137
219000278,0,2,-2
219000279,0,4,-4
219000283,0,6,-6
219000295,12,75,-63
219000296,60,303,-243
219000297,13,113,-100
219000298,15,85,-70
219000299,385,63,322
219000300,43,124,-81
219000301,187,324,-137
219000302,29,234,-205
219000307,29,27,2
219000308,47,25,22
219000311,199,42,157
219000312,620,112,508
219000313,414,85,329
219000314,43,200,-157
219000315,349,16,333
219000316,613,39,574
219000317,121,10,111
219000320,0,45,-45
219000321,0,13,-13
219000323,0,46,-46
219000325,0,12,-12
219000326,74,40,34
219000327,60,16,44
219000328,33,34,-1
219000329,316,94,222
219000330,61,26,35
219000331,63,39,24
219000332,153,74,79
219000333,32,2,30
219000335,83,1,82
219000337,21,1,20
219000338,50,0,50
219000344,17,59,-42
219000345,37,54,-17
219000346,41,66,-25
219000348,147,53,94
219000349,32,70,-38
219000350,69,255,-186
219000351,8,12,-4
219000352,394,69,325
219000353,102,25,77
219000354,169,70,99
219000355,177,40,137
219000356,762,1238,-476
219000363,203,62,141
219000364,114,45,69
219000365,124,12,112
219000366,202,308,-106
219000368,408,563,-155
219000370,912,654,258
219000371,7,30,-23
219000382,10,16,-6
219000383,402,1303,-901
219000385,382,421,-39
219000386,549,1321,-772
219000387,4,8,-4
219000390,5,0,5
219000391,2,2,0
219000397,65,56,9
219000398,43,48,-5
219000401,11,77,-66
219000402,21,78,-57
219000403,120,259,-139
219000404,15,114,-99
219000407,0,35,-35
219000409,61,40,21
219000410,95,47,48
219000411,71,16,55
219000446,95,319,-224
219000447,0,15,-15
219000448,22,4,18
219000452,102,64,38
219000453,42,192,-150
219000454,219,280,-61
219000556,315,73,242
219000558,184,85,99
219000590,42,122,-80
219000591,119,76,43
219000592,114,227,-113
219000595,4,18,-14
219000635,204,21,183
219000636,21,65,-44
219000657,32,26,6
219000658,61,191,-130
219000673,0,41,-41
219000676,48,14,34
219000679,41,7,34
219000684,100,1,99
219000685,4,33,-29
219000686,0,6,-6
219000688,1,44,-43
219000689,30,158,-128
219000690,176,11,165
219000691,29,108,-79
219000692,179,17,162
219000693,1,13,-12
219000694,35,1,34
219000695,23,1,22
219000698,17,1,16
219000699,0,20,-20
219000727,4,62,-58
219000728,121,1,120
219000770,21,1,20
219000771,1,32,-31
219001150,2,29,-27
219001151,0,11,-11
219001166,9,23,-14
219001167,0,80,-80
220000001,39,85,-46
220000002,4,75,-71
220000003,295,141,154
220000004,392,287,105
220000005,871,1284,-413
220000006,128,591,-463
220000007,284,336,-52
220000008,260,528,-268
220000009,204,228,-24
220000010,119,72,47
220000011,421,3095,-2674
220000012,92,354,-262
220000014,129,55,74
220000015,54,120,-66
220000017,56,230,-174
220000018,3888,1688,2200
220000019,58,297,-239
220000020,343,205,138
220000021,679,141,538
220000022,771,349,422
220000023,361,156,205
220000024,1662,324,1338
220000025,869,1067,-198
220000026,271,388,-117
220000027,23,132,-109
220000028,70,45,25
220000029,25,78,-53
220000030,42,62,-20
220000031,503,290,213
220000064,13,718,-705
221000046,4,0,4
221000047,0,3,-3
221000048,0,1,-1
221000049,0,9,-9
221000050,20,0,20
221000055,38,45,-7
221000057,75,12,63
221000068,303,89,214
221000069,399,67,332
221000070,247,15,232
221000071,121,6,115
221000072,244,12,232
221000073,163,33,130
221000074,1,16,-15
221000075,11,12,-1
221000076,10,15,-5
221000077,22,68,-46
221000081,20,7,13
221000082,58,9,49
221000083,20,3,17
221000084,7,6,1
221000085,25,58,-33
221000086,8,61,-53
221000087,8,81,-73
221000088,19,115,-96
221000089,16,225,-209
221000090,82,387,-305
221000098,115,10,105
221000099,185,10,175
221000100,95,13,82
221000101,173,13,160
221000102,134,17,117
221000109,6,74,-68
221000110,7,67,-60
221000111,24,85,-61
221000112,5,95,-90
221000113,17,101,-84
221000114,9,111,-102
221000120,32,51,-19
221000121,5,57,-52
221000122,58,66,-8
221000123,2,6,-4
221000124,24,107,-83
221000155,128,9,119
221000156,25,30,-5
221000175,0,6,-6
221000176,0,4,-4
221000182,54,14,40
221000241,422,226,196
221000242,126,276,-150
221000243,377,152,225
221000244,251,295,-44
221000245,118,108,10
221000246,47,159,-112
221000247,74,77,-3
221000248,82,82,0
221000267,67,690,-623
221000325,63,88,-25
221000331,5,52,-47
221000338,5,43,-38
221000378,277,22,255
221000381,54,34,20
222000282,9,0,9
222000296,5,21,-16
222000568,364,25,339
222000569,250,45,205
222000570,168,30,138
222000571,423,39,384
222000577,15,69,-54
222000578,41,104,-63
222000579,10,119,-109
222000580,48,609,-561
222000599,1,85,-84
222000600,1,186,-185
222000601,5,697,-692
222000603,15,55,-40
222000604,16,55,-39
222000605,21,24,-3
222000606,2,8,-6
222000607,3,7,-4
222000608,15,12,3
222000609,66,70,-4
222000616,406,44,362
222000617,6,28,-22
222000618,7,6,1
222000620,18,8,10
222000621,38,18,20
222000623,529,6,523
222000624,397,0,397
222000625,769,48,721
222000636,64,5,59
222000686,18,23,-5
222000687,41,21,20
222001066,397,2,395
222001067,35,4,31
222001068,100,26,74
222001069,56,44,12
222001082,15,22,-7
222001083,36,28,8
222001084,0,20,-20
222001085,0,191,-191
222001111,52,74,-22
222001112,205,23,182
222001313,31,10,21
222001314,9,119,-110
222001464,65,26,39
222001465,8,40,-32
222001484,173,41,132
222001485,16,54,-38
222001494,776,109,667
222001495,131,130,1
222001496,462,67,395
222001497,67,219,-152
222001502,16,68,-52
222001503,136,32,104
222001504,30,204,-174
222001505,388,17,371
222001506,47,250,-203
222001507,287,28,259
222001510,667,27,640
222001511,51,256,-205
222001514,965,236,729
222001515,192,374,-182
222001518,455,84,371
222001519,40,154,-114
222001527,250,50,200
222001528,79,106,-27
222001529,365,38,327
222001530,72,157,-85
222001533,68,231,-163
222001534,397,44,353
222001535,253,208,45
222001536,62,124,-62
222001537,370,51,319
222001538,63,366,-303
222001563,1025,97,928
222001564,73,280,-207
222001568,307,196,111
222001576,1,7,-6
222001579,1,29,-28
222001583,12,124,-112
222001584,134,12,122
222001596,831,1523,-692
222001597,2288,533,1755
222001626,1,78,-77
222001650,86,189,-103
222001651,115,744,-629
222001914,206,55,151
222001915,58,177,-119
222900004,507,247,260
222900009,330,436,-106
222900019,189,161,28
222900024,50,16,34
222900025,6,9,-3
225000001,348,129,219
225000002,516,113,403
225000003,552,81,471
225000004,432,168,264
225000005,220,89,131
225000006,1,114,-113
225000007,1067,1024,43
225000010,360,33,327
225000011,304,962,-658
225000012,172,554,-382
225000013,78,76,2
225000014,707,58,649
225000015,67,111,-44
225000021,717,169,548
225000027,211,369,-158
225000032,608,86,522
225000042,58,455,-397
225000049,54,59,-5
225000050,138,23,115
225000053,5,238,-233
225000058,512,113,399
225000067,209,407,-198
225000068,119,211,-92
225000069,142,312,-170
225000070,68,245,-177
225000071,46,104,-58
225000075,24,881,-857
225000076,50,96,-46
225000078,49,33,16
225000085,85,97,-12
225000086,323,49,274
225000087,150,9,141
225000088,8,153,-145
225000089,150,876,-726
225000090,73,435,-362
225000091,176,111,65
225000092,45,133,-88
225000093,180,180,0
225000094,11,153,-142
225000095,298,250,48
225000096,260,262,-2
225000098,704,221,483
225000099,386,130,256
225000100,373,81,292
225000104,110,226,-116
225000110,7,312,-305
225000111,196,616,-420
225000112,260,754,-494
225000113,193,471,-278
225000114,76,228,-152
225000115,944,541,403
225000116,726,155,571
225000117,580,227,353
225000118,940,181,759
225000119,251,66,185
225000120,656,49,607
225000121,175,28,147
225000123,491,10,481
225000125,344,109,235
225000126,436,113,323
225000127,544,1232,-688
225000128,407,794,-387
225000132,287,19,268
225000133,176,15,161
225000134,632,134,498
225000135,74,27,47
225000136,288,12,276
225000137,251,33,218
225000138,316,104,212
225000143,37,163,-126
225000144,7,258,-251
225000145,89,82,7
225000146,38,110,-72
225000147,25,131,-106
225000148,9,135,-126
225000149,62,317,-255
225000151,31,132,-101
225000155,265,252,13
225000156,101,735,-634
225000157,217,231,-14
225000158,60,185,-125
225000171,5,113,-108
225000180,21,1,20
225000181,0,50,-50
225000182,46,3,43
225000185,4,331,-327
225000187,32,285,-253
225000191,56,4,52
225000194,0,5,-5
225000208,0,46,-46
225000209,82,22,60
225000210,3,194,-191
225000217,0,14,-14
225000218,16,2,14
225000223,0,18,-18
225000224,41,3,38
225000225,0,17,-17
225000226,36,3,33
225000227,36,39,-3
225000228,11,23,-12
225000229,0,55,-55
225000230,113,1,112
225000231,0,41,-41
225000232,146,0,146
225000241,62,1,61
225000242,1,28,-27
225000249,7,0,7
225000250,37,402,-365
225000251,337,24,313
225000254,2,2,0
225000256,1,30,-29
225000257,0,22,-22
226000042,246,304,-58
226000043,50,201,-151
226000044,115,315,-200
226000045,59,206,-147
226000046,466,86,380
226000047,366,95,271
226000048,338,84,254
226000049,256,146,110
226000070,0,26,-26
226000071,0,44,-44
226000072,0,7,-7
226000073,0,9,-9
226000074,0,31,-31
226000084,2,54,-52
226000085,3,8,-5
226000086,10,11,-1
226000087,1,10,-9
226000088,29,47,-18
226000090,310,123,187
226000091,21,52,-31
226000092,14,16,-2
226000093,28,5,23
226000094,6,5,1
226000095,10,3,7
226000105,14,1,13
226000106,14,1,13
226000107,4,0,4
226000108,22,0,22
226000109,76,0,76
226000124,161,51,110
226000134,816,395,421
226000135,1688,528,1160
226000136,642,400,242
226000137,4,233,-229
226000138,14,101,-87
226000139,1,23,-22
226000156,200,6,194
226000157,185,16,169
226000163,165,223,-58
226000202,9,207,-198
226000231,302,4,298
226000232,36,4,32
227000033,385,53,332
227000036,433,45,388
227000037,385,28,357
227000038,143,29,114
227000084,3,41,-38
227000085,1,36,-35
227000088,56,1,55
227000089,119,2,117
227000090,47,1,46
227000091,28,0,28
227000092,31,0,31
227000093,125,1,124
227000094,12,0,12
227000130,21,72,-51
227000131,11,121,-110
227000132,8,122,-114
227000133,5,85,-80
227000134,15,165,-150
227000152,0,4,-4
227000153,0,40,-40
227000154,0,22,-22
227000155,0,5,-5
227000156,0,8,-8
227000165,1,37,-36
227000196,458,154,304
227000199,367,252,115
227000230,10,214,-204
227000232,580,23,557
227000242,73,237,-164
227000243,557,91,466
227000245,12,238,-226
227000246,89,236,-147
227000247,508,61,447
227000248,169,25,144
227000249,19,61,-42
227000250,255,170,85
227000251,49,83,-34
227000252,28,147,-119
227000253,241,16,225
227000262,426,49,377
227000266,1442,15,1427
227000267,32,979,-947
227000282,5,58,-53
227000284,542,13,529
227000286,3,49,-46
227000291,15,315,-300
227000296,130,305,-175
227000484,210,24,186
227000485,15,743,-728
227000655,211,3,208
227000656,549,31,518
227000657,105,3,102
227000704,139,11,128
229000265,5,13,-8
229000266,2,0,2
229000267,6,0,6
229000268,24,0,24
229000269,29,0,29
229000274,8,29,-21
229000275,0,28,-28
229000276,1,19,-18
229000277,2,4,-2
229000278,1,6,-5
229000295,23,17,6
229000296,1,17,-16
229000297,5,26,-21
229000298,8,142,-134
229000320,33,13,20
229000321,16,8,8
229000412,33,54,-21
229000414,30,44,-14
229000415,39,4,35
229000416,1,11,-10
229000417,2,4,-2
229000419,101,328,-227
229000440,400,73,327
229000442,18,17,1
229000443,3,6,-3
229000444,2,27,-25
229000445,74,5,69
229000446,114,21,93
229000491,5,3,2
229000492,11,41,-30
229000493,4,28,-24
229000494,42,0,42
229000495,130,5,125
229000496,81,6,75
229000507,0,56,-56
229000508,0,39,-39
229000509,1,51,-50
229000510,7,27,-20
229000511,8,48,-40
229000512,0,22,-22
229000513,0,9,-9
229000514,0,3,-3
229000517,0,8,-8
229000518,6,9,-3
229000519,0,12,-12
229000520,10,28,-18
229000521,56,8,48
229000522,8,7,1
229000523,11,4,7
229000524,5,2,3
229000527,2,2,0
229000528,0,0,0
229000529,9,1,8
229000530,90,2,88
229000531,54,2,52
229000532,28,1,27
229000533,74,0,74
229000534,71,1,70
229000564,90,2,88
229000565,22,0,22
229000566,0,8,-8
229000567,1,20,-19
229000582,97,4,93
229000583,11,6,5
229000584,1,39,-38
229000585,0,72,-72
229000718,0,2,-2
229000719,0,1,-1
229000720,0,2,-2
229000721,0,1,-1
229000722,0,5,-5
229000723,0,4,-4
229000724,0,1,-1
229000725,0,3,-3
229000738,2,0,2
229000739,0,0,0
229000740,0,0,0
229000741,22,0,22
229000742,11,0,11
229000743,14,0,14
229000744,4,0,4
229000745,1,0,1
229000746,17,0,17
229000847,36,0,36
229000848,29,0,29
229000849,100,0,100
229000851,51,0,51
229000854,0,7,-7
229000856,2,50,-48
229000857,0,13,-13
229000858,0,14,-14
229000919,17,59,-42
229000930,4,200,-196
229000937,49,9,40
229000966,34,23,11
229000981,20,13,7
229000985,39,25,14
229000986,3,6,-3
229000987,0,1,-1
229000988,4,4,0
229000989,8,14,-6
229000990,2,3,-1
229000991,5,0,5
229000992,13,7,6
229000993,173,16,157
229000998,16,51,-35
229000999,79,32,47
229001034,1,20,-19
229001035,4,2,2
229001036,2,40,-38
229001037,28,1,27
229001038,0,5,-5
229001039,7,0,7
229001040,0,68,-68
229001041,70,0,70
229001042,26,16,10
229001047,11,51,-40
229001050,49,13,36
229001168,0,15,-15
229001200,21,3,18
229001338,4,23,-19
229001394,123,0,123
229001422,124,18,106
229001423,25,86,-61
229001431,66,48,18
229001432,33,58,-25
229001444,247,70,177
229001445,38,154,-116
229001479,23,2,21
229001503,248,62,186
229001504,123,118,5
229001505,70,30,40
229001506,49,95,-46
229001509,58,4,54
229001510,6,34,-28
229001545,68,1,67
229001546,9,80,-71
229001553,79,14,65
229001554,39,46,-7
229001630,56,11,45
229001631,17,28,-11
229001635,1,20,-19
229001636,20,3,17
229001658,0,107,-107
229001659,55,3,52
229001660,27,1,26
229001661,22,28,-6
229001662,10,0,10
229001663,0,17,-17
229002584,190,221,-31
229002831,153,161,-8
229002841,13,15,-2
229002842,18,25,-7
229002843,55,27,28
229002844,51,71,-20
229002845,26,92,-66
229002846,27,18,9
229002847,2,22,-20
229002848,20,7,13
229002849,4,95,-91
229002850,12,2,10
229002851,48,155,-107
229002852,279,28,251
229002853,160,19,141
229002854,45,81,-36
229002855,8,39,-31
229002856,56,21,35
229002857,12,221,-209
229002858,25,14,11
229002859,26,143,-117
229002860,277,15,262
229002861,39,22,17
229002862,34,47,-13
229002863,19,24,-5
229002864,43,42,1
229002865,22,27,-5
229002866,32,27,5
229002867,1,17,-16
229002868,12,12,0
229002869,26,119,-93
229002870,93,15,78
235000066,412,68,344
235000067,109,78,31
235000072,26,63,-37
235000073,89,301,-212
235000074,74,62,12
235000080,30,96,-66
235000081,125,81,44
235000082,214,72,142
235000083,305,75,230
235000084,81,44,37
235000085,256,87,169
235000089,26,24,2
235000092,40,115,-75
235000093,8,5,3
235000097,2,6,-4
235000098,115,6,109
235000099,64,24,40
235000116,67,13,54
235000117,551,18,533
235000133,13,504,-491
235000134,9,171,-162
235000206,20,7,13
235000207,4,3,1
235000208,1,3,-2
235000209,9,5,4
235000210,6,4,2
235000212,6,22,-16
235000213,4,9,-5
235000220,5,6,-1
235000221,50,20,30
235000238,10,114,-104
235000239,3,36,-33
235000242,313,813,-500
235000245,714,187,527
235000246,39,62,-23
235000284,8,135,-127
235000295,91,9,82
235000305,244,17,227
235000306,304,11,293
235000307,12,1,11
235000308,35,1,34
235000309,67,2,65
235000310,36,0,36
235000311,67,34,33
235000322,0,42,-42
235000323,8,47,-39
235000324,0,32,-32
235000325,1,49,-48
235000326,11,99,-88
235000351,11,67,-56
235000352,13,49,-36
235000353,6,37,-31
235000354,4,24,-20
235000355,14,61,-47
235000356,74,0,74
235000357,32,12,20
235000358,99,11,88
235000359,19,16,3
235000360,39,24,15
235000361,49,11,38
235000381,64,100,-36
235000382,241,26,215
235000390,12,5,7
235000391,190,16,174
235000392,192,294,-102
235000393,117,180,-63
235000395,148,38,110
235000396,571,82,489
235000400,222,70,152
235000401,22,145,-123
235000405,111,213,-102
235000406,55,211,-156
235000407,66,82,-16
235000409,189,95,94
235000410,35,207,-172
235000411,1,55,-54
235000485,0,6,-6
235000486,15,0,15
235000549,106,129,-23
235000550,102,139,-37
235000599,159,49,110
235000600,6,30,-24
235000601,27,31,-4
235000602,115,49,66
235000614,0,2,-2
235000648,0,17,-17
235000649,50,2,48
235000685,1,11,-10
235000815,28,78,-50
235000834,0,9,-9
235000855,89,52,37
235000862,37,107,-70
235000891,0,11,-11
235000892,18,5,13
235000901,91,56,35
235000907,12,13,-1
235001010,97,70,27
235001029,415,290,125
235001030,329,269,60
235001078,81,125,-44
235001079,70,84,-14
235001147,4,56,-52
235001166,13,70,-57
235001167,44,33,11
235001169,49,253,-204
235001188,2,4,-2
235001189,4,1,3
235001197,4,9,-5
235001200,50,29,21
235001208,19,44,-25
235001209,26,54,-28
235001210,14,98,-84
235001239,7,40,-33
235001244,0,12,-12
235016267,1,58,-57
241900007,45,0,45
277101746,0,4,-4
277102712,3,0,3
277103813,0,0,0
277103814,0,0,0
277103898,0,0,0
277104249,0,0,0
277104250,0,7,-7
277104251,0,2,-2
277104252,1,3,-2
990011530,0,171,-171
990014944,1,373,-372
990015176,51,0,51
990015618,2,73,-71
990016032,0,239,-239
990032570,2,257,-255
990070001,30,0,30
990070103,0,3,-3
990070601,0,62,-62
990070751,1244,4,1240
990070766,0,314,-314
990071180,440,199,241
990071343,18,2,16
990071387,1,10,-9
990071823,743,8,735
990072600,2,1092,-1090
990072964,2,348,-346
990073285,0,2,-2
990074393,1,576,-575
990074870,1548,12,1536
990075106,1329,8,1321
990075746,580,7,573
990076437,1733,2,1731
990076458,3,459,-456
997000007,606,17,589
997000041,0,278,-278
997000058,71,1,70
997000062,32,1,31
997000069,0,4,-4
997000070,0,30,-30
997000100,55,0,55
997000141,19,3264,-3245
997000198,8,1446,-1438
998000475,5,63,-58
998000736,0,140,-140
998000965,0,17,-17
998001031,0,56,-56
998001700,0,3,-3
998001899,0,1,-1
998001900,7,2,5
998003073,1476,7,1469
998101900,0,0,0
998102850,6,236,-230
998501927,864,901,-37
998501929,102,3,99
998501930,37,4,33
998501931,137,30,107
998501932,8,2,6
998501933,48,1,47
998501937,13,0,13
998501944,30,33,-3
998501950,0,0,0
998501970,96,5,91
998501971,1,73,-72
998501972,248,7,241
998501973,0,22,-22
998501974,0,178,-178
998501975,97,0,97
998501976,77,1,76
998501977,1,18,-17
998501978,23,0,23
998501979,0,14,-14
998501980,86,1,85
998501981,39,2,37
998501982,0,114,-114
998502006,0,0,0
998502024,0,5,-5
998502032,0,3,-3
998502062,14,0,14
998502063,0,0,0
998502173,10,0,10
998502269,0,5,-5
998601159,11,102,-91
998601292,0,22,-22
999033574,1,156,-155
999800001,66,4,62
999800002,0,6,-6
999800003,5,2,3
999800004,0,2,-2
999800005,0,3,-3
