ID,insum,outsum,diff
100000001,340,491,-151
100000002,2,15,-13
100000003,34,44,-10
100000004,200,81,119
100000005,9,62,-53
100000006,0,0,0
100000007,1,1,0
100000008,1,6,-5
100000009,0,0,0
100000010,0,0,0
100000011,0,0,0
100000012,1,2,-1
100000013,0,0,0
100000014,0,0,0
100000015,0,0,0
100000016,3,6,-3
100000017,1,1,0
100000018,1,0,1
100000019,5,0,5
100000020,3,1,2
100000021,9,11,-2
100000022,0,0,0
100000023,12,0,12
100000025,180,439,-259
100000028,144,194,-50
100000029,1,1,0
100000030,0,0,0
100000031,161,162,-1
100000032,130,81,49
100000033,11,95,-84
100000034,563,358,205
100000035,3,1,2
100000036,0,0,0
100000037,1,1,0
100000038,2,0,2
100000039,0,0,0
100000040,1,0,1
100000041,1,1,0
100000042,2,3,-1
100000043,0,0,0
100000044,0,0,0
100000045,5,10,-5
100000046,2,3,-1
100000047,3,4,-1
100000048,2,9,-7
100000049,12,11,1
100000051,2,1,1
100000053,0,0,0
100000054,0,0,0
100000055,0,2,-2
100000056,0,1,-1
100000057,1,0,1
100000058,5,4,1
100000059,0,0,0
100000060,2,0,2
100000061,0,0,0
100000062,0,0,0
100000063,0,0,0
100000064,0,1,-1
100000065,5,13,-8
100000066,5,11,-6
100000067,0,5,-5
100000068,2,11,-9
100000069,6,8,-2
100000072,0,0,0
100000073,16,29,-13
100000075,0,0,0
100000076,0,1,-1
100000077,0,0,0
100000078,0,0,0
100000079,0,0,0
100000080,0,0,0
100000081,0,0,0
100000102,0,0,0
100000103,4,3,1
100000104,7,3,4
100000105,11,4,7
100000106,0,0,0
100000107,0,0,0
100000108,50,87,-37
100000109,341,160,181
100000116,0,6,-6
100000117,0,0,0
100000118,299,631,-332
100000119,15,132,-117
100000121,64,32,32
100000122,2,27,-25
100000123,153,131,22
100000124,789,341,448
100000125,116,17,99
100000126,8,15,-7
100000127,0,0,0
100000128,2,4,-2
100000129,12,49,-37
100000130,0,0,0
100000131,25,8,17
100000132,181,112,69
100000133,1526,489,1037
100000135,0,0,0
100000139,0,3,-3
100000140,11,51,-40
100000142,0,2,-2
100000143,21,65,-44
100000144,51,33,18
100000147,75,274,-199
100000150,0,0,0
100000151,0,0,0
100000153,0,0,0
100000154,2,185,-183
100000155,0,0,0
100000156,0,0,0
100000157,0,0,0
100000158,0,0,0
100000159,0,0,0
100000165,154,47,107
100000169,0,0,0
100000174,6,0,6
100000179,6,10,-4
100000180,0,4,-4
100000181,0,0,0
100000188,0,5,-5
100000189,0,0,0
100000190,68,98,-30
100000191,0,0,0
100000192,0,0,0
100000193,0,0,0
100000330,0,0,0
100000355,3,7,-4
100000362,385,284,101
100000363,68,129,-61
100000364,0,0,0
100000365,646,553,93
100000366,876,620,256
100000367,528,676,-148
100000368,249,353,-104
100000369,0,0,0
100000370,0,0,0
100000376,0,0,0
100000379,106,69,37
100000380,133,189,-56
100000384,950,345,605
100000385,542,312,230
100000386,569,542,27
100000387,485,253,232
100000388,2985,1148,1837
100000389,2324,881,1443
100000390,2221,521,1700
100000391,1093,474,619
100000392,612,245,367
100000393,184,161,23
100000394,520,473,47
100000395,280,116,164
100000396,572,757,-185
100000397,506,168,338
100000398,2524,1713,811
100900002,0,0,0
100900003,0,0,0
100900004,0,0,0
100900005,0,0,0
100900006,0,0,0
100900007,0,0,0
100900008,0,0,0
100900009,0,0,0
100900010,0,0,0
100900011,0,0,0
100900012,0,0,0
100900013,0,0,0
100900014,0,0,0
100900015,0,0,0
100900016,0,0,0
100900017,0,0,0
100900018,0,0,0
100900019,0,0,0
100900020,0,0,0
100900021,0,0,0
100900022,0,0,0
100900023,0,0,0
100900024,0,0,0
100900025,0,0,0
100900026,0,0,0
100900027,0,0,0
100900028,0,0,0
100900029,0,0,0
100900030,0,0,0
100900031,0,0,0
100900032,0,0,0
100900033,0,0,0
100900034,0,0,0
100900035,0,0,0
100900036,0,0,0
100900037,0,0,0
100900038,0,0,0
100900039,0,0,0
100900040,0,0,0
100900041,0,0,0
100900042,0,0,0
100900043,0,0,0
100900044,0,0,0
100900045,0,0,0
100900046,0,0,0
100900047,0,0,0
100900048,0,0,0
100900049,0,0,0
100900050,0,0,0
100900051,0,0,0
100900052,0,0,0
100900053,0,0,0
100900054,0,0,0
100900055,0,0,0
100900056,0,0,0
100900057,0,0,0
100900058,0,0,0
100900059,0,0,0
100900060,0,0,0
100900061,0,0,0
100900062,0,0,0
100900063,0,0,0
100900064,0,0,0
100900065,0,0,0
100900066,0,0,0
100900067,0,0,0
100900068,0,0,0
100900069,0,0,0
100900070,0,0,0
100900071,0,0,0
100900072,0,0,0
100900073,0,0,0
100900074,0,0,0
100900075,0,0,0
100900076,0,0,0
100900077,0,0,0
100900078,0,0,0
100900079,0,0,0
100900080,0,0,0
100900081,0,0,0
100900082,0,0,0
100900083,0,0,0
100900085,0,0,0
100900086,0,0,0
100900088,0,0,0
100900089,0,0,0
100900090,0,0,0
100900091,0,0,0
100900092,0,0,0
100900093,0,0,0
100900094,0,0,0
100900095,0,0,0
100900096,0,0,0
100900097,0,0,0
100900098,0,0,0
100900099,0,0,0
100900100,0,0,0
100900101,0,0,0
100900102,0,0,0
100900103,0,0,0
100900104,0,0,0
100900105,0,0,0
100900106,0,0,0
100900107,0,0,0
100900108,0,0,0
100900109,0,0,0
100900110,0,0,0
100900111,0,0,0
100900112,0,0,0
100900113,0,0,0
100900114,0,0,0
100900115,0,0,0
100900116,0,0,0
100900117,0,0,0
100900118,0,0,0
100900119,0,0,0
100900120,0,0,0
100900121,0,0,0
100900122,0,0,0
100900123,0,0,0
100900124,0,0,0
100900125,0,0,0
100900126,0,0,0
100900127,0,0,0
100900128,0,0,0
100900129,0,0,0
100900131,0,0,0
100900133,0,0,0
100900134,0,0,0
100900135,0,0,0
100900137,0,0,0
100900138,0,0,0
100900139,0,0,0
100900140,0,0,0
100900141,0,0,0
100900142,0,0,0
100900143,0,0,0
100900144,0,0,0
100900145,0,0,0
100900146,0,0,0
100900147,0,0,0
100900148,0,0,0
100900149,0,0,0
100900150,0,0,0
100900151,0,0,0
100900152,0,0,0
100900153,0,0,0
100900154,0,0,0
100900155,0,0,0
100900156,0,0,0
100900157,0,0,0
100900158,0,0,0
100900159,0,0,0
100900160,0,0,0
100900161,0,0,0
100900162,0,0,0
100900163,0,0,0
100900164,0,0,0
100900165,0,0,0
100900166,0,0,0
100900167,0,0,0
100900168,0,0,0
100900169,0,0,0
100900170,0,0,0
100900171,0,0,0
100900172,0,0,0
100900173,0,0,0
100900174,0,0,0
100900176,0,0,0
100900177,0,0,0
100900178,0,0,0
100900179,0,0,0
100900180,0,0,0
100900181,0,0,0
100900182,0,0,0
100900184,0,0,0
100900186,0,0,0
100900187,0,0,0
100900188,0,0,0
100900189,0,0,0
100900191,0,0,0
100900192,0,0,0
100900195,0,0,0
100900197,0,0,0
100900198,0,0,0
100900199,0,0,0
100900200,0,0,0
100900201,0,0,0
100900202,0,0,0
100900203,0,0,0
100900204,0,0,0
100900205,0,0,0
100900206,0,0,0
100900207,0,0,0
100900210,0,0,0
100900211,0,0,0
100900213,0,0,0
100900214,0,0,0
100900215,0,0,0
100900217,0,0,0
101000001,214,82,132
101000002,254,251,3
101000003,11,0,11
101000004,1447,166,1281
101000005,826,430,396
101000006,393,195,198
101000007,367,458,-91
101000008,528,207,321
101000009,37,112,-75
101000010,37,75,-38
101000011,171,24,147
101000012,0,0,0
101000013,154,97,57
101000014,33,25,8
101000015,42,64,-22
101000016,0,0,0
101000017,6,2,4
101000018,73,62,11
101000020,258,40,218
101000021,50,25,25
101000022,509,168,341
101000023,418,232,186
101000025,0,0,0
101000026,1,0,1
101000027,284,240,44
101000028,80,8,72
101000029,2,32,-30
101000030,76,6,70
101000031,0,1,-1
101000032,74,187,-113
101000033,216,433,-217
101000034,373,138,235
101000035,101,10,91
101000036,36,35,1
101000037,116,54,62
101000039,62,72,-10
101000040,301,170,131
101000041,348,105,243
101000042,4,63,-59
101000043,402,70,332
101000045,0,0,0
101000046,194,140,54
101000047,120,34,86
101000048,1,4,-3
101000049,3,11,-8
101000050,137,57,80
101000051,220,236,-16
101000052,165,88,77
101000053,134,77,57
101000054,168,29,139
101000055,114,90,24
101000056,0,0,0
101000057,194,24,170
101000058,73,33,40
101000059,10,30,-20
101000060,88,22,66
101000061,20,23,-3
101000062,178,21,157
101000063,6,14,-8
101000064,95,30,65
101000065,0,1,-1
101000066,3,19,-16
101000067,35,40,-5
101000068,0,0,0
101000069,2,0,2
101000070,288,152,136
101000071,338,102,236
101000072,367,516,-149
101000073,13,6,7
101000074,1655,660,995
101000075,2931,887,2044
101000077,180,157,23
101000078,93,107,-14
101000079,93,115,-22
101000080,84,41,43
101000081,93,38,55
101000082,85,77,8
101000083,41,27,14
101000084,51,70,-19
101000085,0,0,0
101000086,33,12,21
101000087,11,9,2
101000088,0,0,0
101000089,0,1,-1
101000090,25,11,14
101000091,2,1,1
101000092,0,0,0
101000093,283,128,155
101000094,37,106,-69
101000095,19,68,-49
101000096,24,46,-22
101000097,16,19,-3
101000098,20,66,-46
101000099,66,81,-15
101000100,58,40,18
101000101,33,74,-41
101000102,47,34,13
101000103,27,27,0
101000104,22,41,-19
101000105,4,2,2
101000106,1,5,-4
101000107,0,0,0
101000108,0,0,0
101000109,0,0,0
101000110,0,0,0
101000111,0,13,-13
101000113,2,0,2
101000114,251,40,211
101000115,0,0,0
101000116,0,0,0
101000117,0,0,0
101000119,0,0,0
101000120,0,0,0
101000121,2,0,2
101000122,0,0,0
101000123,0,1,-1
101000124,5,2,3
101000125,3,7,-4
101000128,201,187,14
101000130,150,78,72
101000131,65,47,18
101000132,14,54,-40
101000135,0,0,0
101000136,2,3,-1
101000137,1,0,1
101000141,192,56,136
101000147,48,60,-12
101000148,6,0,6
101000149,0,0,0
101000150,0,0,0
101000151,0,0,0
101000152,1,0,1
101000153,0,0,0
101000154,0,0,0
101000155,1,1,0
101000156,1,0,1
101000157,0,0,0
101000160,0,0,0
101000163,0,0,0
101000164,3,7,-4
101000165,1,1,0
101000166,1,1,0
101000168,0,0,0
101000252,0,1,-1
101000254,252,38,214
101000258,0,0,0
101000261,0,0,0
101000262,46,55,-9
101000263,1,0,1
101000265,0,14,-14
101000266,33,14,19
101000269,102,29,73
101000290,352,36,316
101000293,0,0,0
101000294,168,49,119
101000295,16,80,-64
101000301,40,30,10
101000304,100,246,-146
101000305,125,109,16
101900001,0,0,0
101900002,0,0,0
101900003,0,0,0
101900004,0,0,0
101900005,0,0,0
101900006,0,0,0
101900007,0,0,0
101900008,0,0,0
101900009,0,0,0
101900010,0,0,0
101900011,0,0,0
101900012,0,0,0
101900013,0,0,0
101900017,0,0,0
101900018,0,0,0
101900019,0,0,0
101900020,0,0,0
101900021,0,0,0
101900022,0,0,0
101900023,0,0,0
101900026,0,0,0
101900027,0,0,0
102000001,66,37,29
102000002,63,33,30
102000003,376,98,278
102000004,307,57,250
102000005,112,79,33
102000006,119,137,-18
102000007,102,146,-44
102000008,245,188,57
102000009,265,205,60
102000010,345,348,-3
102000011,181,135,46
102000012,202,190,12
102000018,15,3,12
102000019,0,4,-4
102000026,1,0,1
102000029,4,0,4
102000030,0,0,0
102000031,0,0,0
102000032,0,2,-2
102000033,0,0,0
102000034,0,1,-1
102000035,0,0,0
102000036,0,0,0
102000037,1,0,1
102000038,0,0,0
102000039,0,0,0
102000040,0,0,0
102000041,0,0,0
102000042,0,0,0
102000043,0,0,0
102000044,0,0,0
102000045,7,2,5
102000046,2,0,2
102000047,1,4,-3
102000048,1,1,0
102000049,5,0,5
102000050,1,6,-5
102000051,1,3,-2
102000052,4,7,-3
102000053,1,0,1
102000054,2,3,-1
102000055,1,4,-3
102000056,0,1,-1
102000057,1,1,0
102000058,5,4,1
102000059,1,6,-5
102000060,2,0,2
102000061,2,5,-3
102000062,2,8,-6
102000063,7,27,-20
102000064,20,67,-47
102000065,6,2,4
102000066,99,56,43
102000067,169,271,-102
102000068,238,123,115
102000069,0,3,-3
102000070,17,4,13
102000071,380,670,-290
102000072,268,668,-400
102000073,0,30,-30
102000074,13,54,-41
102000075,2,15,-13
102000076,0,47,-47
102000077,4,66,-62
102000078,12,167,-155
102000079,4,14,-10
102000080,4,42,-38
102000081,20,80,-60
102000082,36,131,-95
102000083,0,0,0
102000084,0,0,0
102000085,0,1,-1
102000086,0,0,0
102000087,0,0,0
102000088,0,0,0
102000089,0,0,0
102000090,0,0,0
102000091,11,8,3
102000092,0,0,0
102000093,0,7,-7
102000094,0,0,0
102000095,1,18,-17
102000096,0,0,0
102000097,57,78,-21
102000098,0,0,0
102000099,12,2,10
102000100,0,0,0
102000101,2,3,-1
102000102,0,0,0
102000103,6,2,4
102000104,4,1,3
102000105,1,3,-2
102000106,0,1,-1
102000107,1,0,1
102000108,1,0,1
102000109,0,0,0
102000110,0,1,-1
102000111,0,0,0
102000112,0,0,0
102000113,0,0,0
102000114,0,3,-3
102000115,0,0,0
102000116,0,0,0
102000117,0,0,0
102000118,0,0,0
102000119,0,0,0
102000120,1,1,0
102000121,4,0,4
102000122,0,4,-4
102000123,3,0,3
102000124,0,5,-5
102000125,0,2,-2
102000126,1,1,0
102000127,0,0,0
102000128,1,2,-1
102000129,0,0,0
102000130,0,1,-1
102000131,0,0,0
102000132,1,1,0
102000133,62,64,-2
102000134,37,52,-15
102000135,0,1,-1
102000136,0,1,-1
102000137,1,1,0
102000138,0,1,-1
102000139,0,2,-2
102000140,4,0,4
102000141,0,0,0
102000142,0,0,0
102000143,0,2,-2
102000144,0,0,0
102000145,0,0,0
102000146,1,1,0
102000147,0,0,0
102000148,0,0,0
102000149,0,1,-1
102000150,0,1,-1
102000151,0,1,-1
102000152,0,0,0
102000153,2,0,2
102000154,0,4,-4
102000155,2,0,2
102000156,0,3,-3
102000157,1,0,1
102000158,0,0,0
102000159,4,0,4
102000161,204,175,29
102000162,15,74,-59
102000163,0,0,0
102000164,5,0,5
102000165,13,44,-31
102000166,1,11,-10
102000167,16,50,-34
102000168,12,7,5
102000169,23,82,-59
102000170,51,60,-9
102000171,6,13,-7
102000172,1,17,-16
102000173,7,7,0
102000174,0,0,0
102000175,0,0,0
102000176,0,0,0
102000178,0,0,0
102000179,0,0,0
102000180,0,0,0
102000181,0,0,0
102000182,0,0,0
102000183,2,9,-7
102000184,12,32,-20
102000185,4,2,2
102000186,8,52,-44
102000187,1,43,-42
102000188,0,1,-1
102000189,55,11,44
102000190,3,16,-13
102000191,0,0,0
102000192,3,34,-31
102000193,0,0,0
102000194,0,0,0
102000195,0,0,0
102000196,0,0,0
102000197,0,1,-1
102000198,0,4,-4
102000199,0,1,-1
102000200,0,2,-2
102000201,1,1,0
102000202,0,0,0
102000203,0,3,-3
102000204,0,0,0
102000205,2,0,2
102000206,0,5,-5
102000207,0,0,0
102000208,0,4,-4
102000209,0,0,0
102000210,0,0,0
102000211,0,0,0
102000212,0,0,0
102000213,0,1,-1
102000214,0,0,0
102000215,0,4,-4
102000216,0,0,0
102000217,0,0,0
102000218,0,0,0
102000219,2,1,1
102000225,0,0,0
102000226,0,0,0
102000227,0,0,0
102000228,0,0,0
102000229,0,0,0
102000230,0,0,0
102000231,0,1,-1
102000232,0,0,0
102000233,0,3,-3
102000234,0,0,0
102000236,0,1,-1
102000237,0,0,0
102000238,0,1,-1
102000240,17,29,-12
102000241,0,0,0
102000243,0,0,0
102000245,0,0,0
102000246,0,0,0
102000247,2,57,-55
102000248,6,5,1
102000249,4,23,-19
102000250,0,19,-19
102000254,0,0,0
102000266,0,0,0
102000271,0,0,0
102000286,0,0,0
102000297,4,2,2
102000299,0,0,0
102000301,0,0,0
102000305,0,0,0
102000307,0,0,0
102000308,0,0,0
102900001,0,0,0
102900002,0,0,0
102900003,0,0,0
102900005,0,0,0
102900006,0,0,0
102900007,0,0,0
102900008,0,0,0
102900009,0,0,0
102900010,0,0,0
102900011,0,0,0
102900012,0,0,0
102900013,0,0,0
102900015,0,0,0
102900016,0,0,0
102900017,0,0,0
102900018,0,0,0
102900019,0,0,0
102900020,0,0,0
102900021,0,0,0
102900022,0,0,0
102900023,0,0,0
102900024,0,0,0
102900025,0,0,0
102900026,0,0,0
102900027,0,0,0
102900028,0,0,0
102900029,0,0,0
102900030,0,0,0
102900031,0,0,0
102900032,0,0,0
102900033,0,0,0
102900034,0,0,0
102900035,0,0,0
102900036,0,0,0
102900037,0,0,0
102900038,0,0,0
102900039,0,0,0
102900040,0,0,0
102900041,0,0,0
102900042,0,0,0
102900043,0,0,0
102900044,0,0,0
102900045,0,0,0
102900046,0,0,0
102900047,0,0,0
102900048,0,0,0
102900049,0,0,0
102900050,0,0,0
102900051,0,0,0
102900052,0,0,0
102900053,0,0,0
102900054,0,0,0
102900055,0,0,0
102900056,0,0,0
102900057,0,0,0
102900058,0,0,0
102900059,0,0,0
102900060,0,0,0
102900061,0,0,0
102900062,0,0,0
102900063,0,0,0
102900064,0,0,0
102900065,0,0,0
102900066,0,0,0
102900068,0,0,0
102900070,0,0,0
102900072,0,0,0
102900073,0,0,0
102900075,0,0,0
102900076,0,0,0
102900077,0,0,0
102900078,0,0,0
102900079,0,0,0
102900080,0,0,0
102900081,0,0,0
102900082,0,0,0
102900083,0,0,0
102900084,0,0,0
102900085,0,0,0
102900086,0,0,0
102900087,0,0,0
102900088,0,0,0
102900089,0,0,0
102900090,0,0,0
102900091,0,0,0
102900092,0,0,0
102900093,0,0,0
102900094,0,0,0
102900095,0,0,0
102900096,0,0,0
102900097,0,0,0
103000001,178,182,-4
103000002,60,104,-44
103000003,242,195,47
103000004,35,144,-109
103000005,63,30,33
103000006,58,39,19
103000007,0,0,0
103000008,1,18,-17
103000009,0,0,0
103000010,0,0,0
103000011,79,118,-39
103000012,121,35,86
103000013,9,2,7
103000014,0,0,0
103000015,21,6,15
103000016,0,0,0
103000017,0,1,-1
103000018,0,0,0
103000019,0,0,0
103000020,3,1,2
103000021,0,0,0
103000022,1,3,-2
103000023,0,0,0
103000024,0,1,-1
103000025,0,0,0
103000026,6,0,6
103000027,0,0,0
103000028,1,0,1
103000029,0,0,0
103000030,128,45,83
103000031,76,42,34
103000032,4,1,3
103000033,1,2,-1
103000034,78,122,-44
103000035,86,33,53
103000036,0,1,-1
103000037,49,72,-23
103000038,78,30,48
103000039,1,0,1
103000040,0,0,0
103000041,0,2,-2
103000042,2,0,2
103000043,0,0,0
103000044,0,0,0
103000046,0,0,0
103000047,0,0,0
103000048,0,0,0
103000049,0,0,0
103000050,0,0,0
103000051,0,0,0
103000052,0,0,0
103000053,0,0,0
103000054,0,1,-1
103000055,0,0,0
103000056,1,2,-1
103000057,0,0,0
103000058,1,0,1
103000059,0,0,0
103000060,0,0,0
103000061,0,0,0
103000062,1,2,-1
103000063,0,0,0
103000064,1,0,1
103000065,0,0,0
103000066,0,0,0
103000069,0,0,0
103000070,2,0,2
103000071,0,0,0
103000072,0,3,-3
103000073,0,0,0
103000074,0,1,-1
103000075,1,0,1
103000076,0,0,0
103000077,0,1,-1
103000078,0,0,0
103000079,0,0,0
103000080,2,0,2
103000081,1,0,1
103000082,0,0,0
103000083,1,1,0
103000084,0,0,0
103000085,0,0,0
103000086,15,14,1
103000087,3,54,-51
103000088,0,0,0
103000089,0,0,0
103000090,114,71,43
103000091,44,29,15
103000092,0,0,0
103000093,0,1,-1
103000094,0,0,0
103000095,0,0,0
103000096,1,0,1
103000097,0,1,-1
103000098,0,0,0
103000099,1,1,0
103000100,0,0,0
103000101,1,0,1
103000102,0,4,-4
103000103,0,0,0
103000104,0,0,0
103000105,0,1,-1
103000106,0,0,0
103000107,0,0,0
103000108,0,0,0
103000109,0,0,0
103000110,127,79,48
103000111,0,0,0
103000112,0,0,0
103000113,0,1,-1
103000114,0,0,0
103000115,0,0,0
103000116,0,1,-1
103000117,0,1,-1
103000118,1,2,-1
103000119,0,0,0
103000120,0,0,0
103000121,0,0,0
103000122,1,3,-2
103000125,0,0,0
103000126,0,0,0
103000127,0,0,0
103000128,0,0,0
103000129,0,0,0
103000130,0,0,0
103000131,0,0,0
103000132,0,0,0
103000133,0,0,0
103000134,28,84,-56
103000135,38,20,18
103000136,45,99,-54
103000137,26,22,4
103000138,79,32,47
103000139,0,0,0
103000140,0,0,0
103000141,0,0,0
103000142,0,0,0
103000143,0,1,-1
103000144,1,0,1
103000145,0,0,0
103000150,0,0,0
103000152,0,0,0
103000153,0,0,0
103000156,0,0,0
103000157,0,0,0
103000159,0,0,0
103000162,0,0,0
103000163,0,0,0
103000164,0,0,0
103000165,0,2,-2
103000166,0,1,-1
103000167,0,0,0
103000168,0,0,0
103000169,0,0,0
103000170,1,0,1
103000171,0,0,0
103000172,0,0,0
103000173,0,0,0
103000174,0,0,0
103000175,1,5,-4
103000176,0,0,0
103000177,2,0,2
103000178,2,0,2
103000179,0,0,0
103000183,0,2,-2
103000185,0,0,0
103000186,0,0,0
103000187,0,1,-1
103000188,0,0,0
103000189,1,1,0
103000191,0,0,0
103000292,0,0,0
103000293,0,0,0
103000295,0,0,0
103000296,0,0,0
103000297,0,0,0
103000504,0,0,0
103000505,0,0,0
103000506,0,0,0
103000507,0,0,0
103000508,0,0,0
103000509,2,1,1
103900001,0,0,0
103900002,0,0,0
103900003,0,0,0
103900004,0,0,0
103900005,0,0,0
103900006,0,0,0
103900007,0,0,0
103900008,0,0,0
103900009,0,0,0
103900010,0,0,0
103900011,0,0,0
103900012,0,0,0
103900013,0,0,0
103900014,0,0,0
103900015,0,0,0
103900016,0,0,0
103900017,0,0,0
103900018,0,0,0
103900019,0,0,0
103900020,0,0,0
103900021,0,0,0
103900022,0,0,0
103900023,0,0,0
103900024,0,0,0
103900025,0,0,0
103900026,0,0,0
103900027,0,0,0
103900028,0,0,0
103900029,0,0,0
103900030,0,0,0
103900031,0,0,0
103900032,0,0,0
103900033,0,0,0
103900034,0,0,0
103900035,0,0,0
103900036,0,0,0
103900037,0,0,0
103900038,0,0,0
103900039,0,0,0
103900040,0,0,0
103900041,0,0,0
103900042,0,0,0
103900043,0,0,0
103900044,0,0,0
103900045,0,0,0
103900047,0,0,0
103900048,0,0,0
103900049,0,0,0
103900050,0,0,0
103900051,0,0,0
103900052,0,0,0
103900053,0,0,0
103900054,0,0,0
103900055,0,0,0
103900056,0,0,0
103900057,0,0,0
103900058,0,0,0
103900059,0,0,0
103900060,0,0,0
103900061,0,0,0
103900062,0,0,0
103900063,0,0,0
103900064,0,0,0
103900065,0,0,0
103900066,0,0,0
103900067,0,0,0
103900068,0,0,0
103900069,0,0,0
103900070,0,0,0
103900071,0,0,0
103900072,0,0,0
103900073,0,0,0
103900074,0,0,0
103900075,0,0,0
103900076,0,0,0
103900077,0,0,0
103900078,0,0,0
103900079,0,0,0
103900080,0,0,0
103900081,0,0,0
103900082,0,0,0
103900083,0,0,0
103900084,0,0,0
103900085,0,0,0
103900086,0,0,0
103900087,0,0,0
103900088,0,0,0
103900089,0,0,0
103900090,0,0,0
103900091,0,0,0
103900092,0,0,0
103900093,0,0,0
103900094,0,0,0
103900095,0,0,0
103900096,0,0,0
103900097,0,0,0
103900098,0,0,0
103900099,0,0,0
103900100,0,0,0
103900101,0,0,0
103900102,0,0,0
103900104,0,0,0
103900105,0,0,0
103900106,0,0,0
103900107,0,0,0
103900108,0,2,-2
103900109,0,0,0
103900110,0,0,0
103900111,0,0,0
103900112,0,0,0
103900113,0,0,0
103900114,0,0,0
103900115,0,0,0
103900116,0,0,0
103900117,0,0,0
103900119,0,0,0
103900120,0,0,0
103900122,0,0,0
103900123,0,0,0
103900124,0,0,0
103900125,0,0,0
103900126,0,0,0
103900127,0,0,0
103900128,0,0,0
103900131,0,0,0
103900133,0,0,0
103900134,0,0,0
103900135,0,0,0
103900137,0,0,0
103900138,0,0,0
103900139,0,0,0
103900140,0,0,0
103900141,0,0,0
103900142,0,0,0
103900143,0,0,0
103900144,0,0,0
103900145,0,0,0
103900146,0,0,0
103900147,0,0,0
103900148,0,0,0
103900149,0,0,0
103900150,0,0,0
103900151,0,0,0
103900152,0,0,0
103900153,0,0,0
103900154,0,0,0
103900155,0,0,0
103900156,0,0,0
103900157,0,0,0
103900158,0,0,0
103900159,0,0,0
103900160,0,0,0
103900161,0,0,0
103900162,0,0,0
103900163,0,0,0
103900167,0,0,0
103900168,0,0,0
103900169,0,0,0
103900170,0,0,0
103900171,0,0,0
103900172,0,0,0
103900173,0,0,0
103900174,0,0,0
103900175,0,0,0
103900176,0,0,0
103900177,0,0,0
103900178,0,0,0
103900179,0,0,0
103900180,0,0,0
103900181,0,0,0
103900182,0,0,0
103900184,0,0,0
103900185,0,0,0
103900187,0,0,0
103900188,0,0,0
103900189,0,0,0
103900190,0,0,0
103900191,0,0,0
103900192,0,0,0
103900193,0,0,0
103900194,0,0,0
103900195,0,0,0
103900196,0,0,0
103900197,0,0,0
103900198,0,0,0
103900199,0,0,0
103900200,0,0,0
103900201,0,0,0
103900202,0,0,0
103900203,0,0,0
103900204,0,0,0
103900207,0,0,0
103900208,0,0,0
103900209,0,0,0
103900210,0,0,0
103900211,0,0,0
103900212,0,0,0
103900213,18,146,-128
103900214,24,11,13
103900215,135,111,24
103900216,0,0,0
103900217,0,0,0
103900218,0,0,0
103900219,0,0,0
103900233,0,0,0
103900235,0,0,0
103900236,0,0,0
103900242,0,0,0
103900243,0,0,0
103900244,0,0,0
103900245,0,0,0
103900246,0,0,0
103900247,0,0,0
103900248,0,0,0
103900249,0,0,0
103900250,0,0,0
103900251,0,0,0
103900253,0,0,0
103900254,0,0,0
103900255,0,0,0
103900256,0,0,0
103900257,0,0,0
103900258,0,0,0
103900259,0,0,0
103900261,0,0,0
103900262,0,0,0
103900263,0,0,0
103900264,0,0,0
103900265,0,0,0
103900266,0,0,0
103900267,0,0,0
103900268,0,0,0
103900269,0,0,0
103900270,0,0,0
103900271,0,0,0
104000001,109,257,-148
104000002,131,234,-103
104000003,81,425,-344
104000004,467,133,334
104000005,32,175,-143
104000006,79,195,-116
104000007,298,198,100
104000008,423,227,196
104000009,45,90,-45
104000010,0,0,0
104000011,45,54,-9
104000012,6,45,-39
104000013,0,0,0
104000014,15,87,-72
104000015,0,0,0
104000016,2,3,-1
104000018,1,0,1
104000019,35,11,24
104000020,28,76,-48
104000021,10,87,-77
104000022,17,23,-6
104000023,1,0,1
104000024,0,0,0
104000026,0,0,0
104000027,45,147,-102
104000028,38,41,-3
104000029,80,180,-100
104000030,11,65,-54
104000031,0,0,0
104000032,0,1,-1
104000033,2,0,2
104000034,2,3,-1
104000035,0,0,0
104000036,0,2,-2
104000037,1,1,0
104000038,0,1,-1
104000039,17,56,-39
104000040,5,34,-29
104000041,1,0,1
104000042,1,1,0
104000043,0,0,0
104000044,1,2,-1
104000045,2,2,0
104000046,3,9,-6
104000047,58,308,-250
104000048,306,531,-225
104000049,0,0,0
104000050,0,1,-1
104000051,0,0,0
104000052,33,124,-91
104000053,22,45,-23
104000054,0,0,0
104000055,94,67,27
104000056,2,0,2
104000057,1,5,-4
104000058,59,94,-35
104000059,5,61,-56
104000060,40,73,-33
104000061,13,37,-24
104000062,1,0,1
104000064,1,0,1
104000065,0,0,0
104000069,9,2,7
104000070,0,2,-2
104000071,1,0,1
104000072,0,0,0
104000075,0,0,0
104000076,0,0,0
104000082,189,180,9
104000083,7,0,7
104000084,0,3,-3
104000085,1,1,0
104000086,0,1,-1
104000087,1,1,0
104000090,0,2,-2
104000092,0,1,-1
104000094,2,5,-3
104000095,166,123,43
104000096,0,0,0
104000097,0,0,0
104000098,0,0,0
104000100,0,0,0
104000101,26,82,-56
104000106,0,1,-1
104000107,2,2,0
104000108,0,0,0
104000109,0,0,0
104000110,0,3,-3
104000111,0,1,-1
104000112,1,1,0
104000116,0,0,0
104000117,0,0,0
104000118,0,0,0
104000119,0,0,0
104000120,0,0,0
104000121,0,0,0
104000122,0,1,-1
104000123,68,178,-110
104000124,355,688,-333
104000125,2,12,-10
104000126,1,1,0
104000127,95,241,-146
104000128,1,0,1
104000129,0,0,0
104000130,0,0,0
104000131,164,86,78
104000132,62,123,-61
104000133,2,0,2
104000134,129,113,16
104000135,40,75,-35
104000136,340,212,128
104000137,609,87,522
104000138,1,2,-1
104000139,1154,419,735
104000141,191,370,-179
104000142,35,93,-58
104000143,20,86,-66
104000144,0,0,0
104000145,0,0,0
104000146,19,79,-60
104000147,2,22,-20
104000148,0,0,0
104000149,5,11,-6
104000150,0,0,0
104000151,4,27,-23
104000152,6,31,-25
104000153,0,0,0
104000154,30,25,5
104000155,0,0,0
104000157,15,32,-17
104000158,22,43,-21
104000159,27,15,12
104000160,609,227,382
104000161,0,0,0
104000162,0,0,0
104000165,1,2,-1
104000167,0,1,-1
104000168,0,0,0
104000169,0,0,0
104000170,2,1,1
104000248,0,0,0
104000251,8,33,-25
104000272,14,1,13
104000273,12,1,11
104000274,4,2,2
104000275,23,5,18
104000279,6,1,5
104000290,0,1,-1
104000291,10,65,-55
104000293,0,0,0
104000294,0,0,0
104000295,26,58,-32
104000296,15,43,-28
104000297,85,72,13
104000298,45,38,7
104000299,35,61,-26
104900001,0,0,0
104900002,0,0,0
104900003,0,0,0
104900004,0,0,0
104900005,0,0,0
104900006,0,0,0
104900007,0,0,0
104900009,0,0,0
104900010,0,0,0
104900011,0,0,0
104900012,0,0,0
104900013,0,0,0
104900014,0,0,0
104900015,0,0,0
104900016,0,0,0
104900017,0,0,0
104900018,0,0,0
104900019,0,0,0
104900020,0,0,0
104900021,0,0,0
104900022,0,0,0
104900023,0,0,0
104900024,0,0,0
104900025,0,0,0
104900026,0,0,0
104900027,0,0,0
104900028,0,0,0
104900029,0,0,0
104900030,0,0,0
104900031,0,0,0
104900032,0,0,0
104900033,0,0,0
104900034,0,0,0
104900035,0,0,0
104900036,0,0,0
104900037,0,0,0
104900038,0,0,0
104900039,0,0,0
104900040,0,0,0
104900041,0,0,0
104900042,0,0,0
104900043,0,0,0
104900044,0,0,0
104900045,0,0,0
104900046,0,0,0
104900047,0,0,0
104900048,0,0,0
104900049,0,0,0
104900050,0,0,0
104900051,0,0,0
104900052,0,0,0
104900053,0,0,0
104900054,0,0,0
104900055,0,0,0
104900056,0,0,0
104900057,0,0,0
104900058,0,0,0
104900059,0,0,0
104900060,0,0,0
104900061,0,0,0
104900063,0,0,0
104900064,0,0,0
104900065,0,0,0
104900066,0,0,0
104900067,0,0,0
104900068,0,0,0
104900070,0,0,0
104900071,0,0,0
104900072,0,0,0
104900073,0,0,0
104900074,0,0,0
104900075,0,0,0
104900076,0,0,0
104900077,0,0,0
104900078,0,0,0
104900079,0,0,0
104900080,0,0,0
104900082,0,0,0
104900085,0,0,0
104900087,0,0,0
104900089,0,0,0
104900090,0,0,0
104900091,0,0,0
104900093,0,0,0
104900097,0,0,0
104900098,0,0,0
104900099,0,0,0
104900100,0,0,0
104900102,0,0,0
104900103,0,0,0
104900104,0,0,0
104900106,0,0,0
104900107,0,0,0
104900108,0,0,0
104900109,0,0,0
104900110,0,0,0
104900111,0,0,0
104900112,0,0,0
104900113,0,0,0
104900114,0,0,0
104900115,0,0,0
104900116,0,0,0
104900118,0,0,0
104900119,0,0,0
104900120,0,0,0
104900121,0,0,0
104900122,0,0,0
104900123,0,0,0
104900124,0,0,0
104900125,0,0,0
104900126,0,0,0
104900127,0,0,0
104900128,0,0,0
104900129,0,0,0
105000001,112,186,-74
105000002,36,122,-86
105000003,92,203,-111
105000004,32,70,-38
105000005,19,95,-76
105000006,19,157,-138
105000007,12,101,-89
105000008,31,257,-226
105000009,51,33,18
105000010,313,657,-344
105000011,65,32,33
105000012,391,796,-405
105000013,38,22,16
105000014,142,74,68
105000015,359,167,192
105000016,141,124,17
105000017,96,57,39
105000018,0,1,-1
105000019,0,0,0
105000020,0,0,0
105000021,0,0,0
105000022,0,0,0
105000023,0,0,0
105000028,0,0,0
105000029,2,6,-4
105000030,252,626,-374
105000033,98,585,-487
105000034,0,0,0
105000037,0,0,0
105000038,95,94,1
105000039,172,296,-124
105000040,18,37,-19
105000041,24,222,-198
105000042,102,44,58
105000043,152,386,-234
105000044,11,15,-4
105000045,12,116,-104
105000046,44,10,34
105000047,12,139,-127
105000048,0,0,0
105000049,9,25,-16
105000050,0,0,0
105000051,0,1,-1
105000052,0,0,0
105000053,0,1,-1
105000054,0,0,0
105000055,0,0,0
105000056,0,0,0
105000057,0,0,0
105000058,0,2,-2
105000059,0,1,-1
105000060,0,0,0
105000061,0,0,0
105000062,0,0,0
105000063,0,1,-1
105000064,1,3,-2
105000065,0,1,-1
105000066,2,0,2
105000067,1,2,-1
105000068,0,2,-2
105000069,5,6,-1
105000070,0,0,0
105000071,0,0,0
105000072,0,0,0
105000073,0,0,0
105000074,1,3,-2
105000075,11,26,-15
105000076,92,63,29
105000077,331,81,250
105000078,0,1,-1
105000079,0,1,-1
105000080,1,0,1
105000081,3,11,-8
105000082,1,1,0
105000083,0,2,-2
105000084,4,1,3
105000085,0,0,0
105000086,3,1,2
105000087,3,1,2
105000088,0,0,0
105000089,59,71,-12
105000090,37,43,-6
105000091,45,68,-23
105000092,5,14,-9
105000093,0,0,0
105000094,0,0,0
105000095,0,0,0
105000096,0,0,0
105000097,10,9,1
105000098,0,0,0
105000099,3,11,-8
105000100,4,17,-13
105000101,7,4,3
105000102,8,26,-18
105000103,8,5,3
105000104,4,15,-11
105000105,2,7,-5
105000106,1,3,-2
105000107,0,3,-3
105000108,2,3,-1
105000109,0,17,-17
105000110,1,0,1
105000111,1,2,-1
105000112,3,0,3
105000113,0,0,0
105000114,0,0,0
105000115,0,4,-4
105000116,1,0,1
105000117,1,0,1
105000118,0,0,0
105000119,2,1,1
105000120,0,1,-1
105000121,0,3,-3
105000122,8,9,-1
105000123,1,1,0
105000124,3,13,-10
105000125,1,5,-4
105000126,8,18,-10
105000127,0,1,-1
105000128,1,15,-14
105000129,3,1,2
105000130,0,2,-2
105000131,0,2,-2
105000132,0,0,0
105000133,4,7,-3
105000134,0,1,-1
105000135,1,8,-7
105000136,0,6,-6
105000137,0,0,0
105000138,4,9,-5
105000139,9,23,-14
105000140,0,1,-1
105000141,3,11,-8
105000142,0,0,0
105000143,4,12,-8
105000144,1,10,-9
105000145,0,1,-1
105000146,13,22,-9
105000147,0,0,0
105000148,0,0,0
105000149,0,0,0
105000150,36,39,-3
105000151,0,0,0
105000152,1,2,-1
105000153,0,0,0
105000154,0,5,-5
105000155,0,0,0
105000156,0,9,-9
105000157,2,22,-20
105000158,0,0,0
105000159,0,10,-10
105000160,0,0,0
105000161,2,18,-16
105000162,0,0,0
105000163,2,10,-8
105000164,6,4,2
105000165,0,0,0
105000166,48,4,44
105000167,2,23,-21
105000168,1,19,-18
105000169,20,36,-16
105000170,0,0,0
105000171,0,0,0
105000172,0,0,0
105000173,0,0,0
105000174,0,0,0
105000175,0,0,0
105000176,0,0,0
105000177,0,0,0
105000178,0,0,0
105000179,0,0,0
105000180,0,0,0
105000181,0,0,0
105000182,0,0,0
105000183,0,0,0
105000184,201,346,-145
105000185,0,0,0
105000186,17,280,-263
105000187,0,0,0
105000188,0,0,0
105000189,13,138,-125
105000190,0,0,0
105000191,2,10,-8
105000192,0,0,0
105000193,20,77,-57
105000194,0,2,-2
105000195,22,116,-94
105000196,0,1,-1
105000197,18,141,-123
105000198,53,140,-87
105000199,9,7,2
105000200,0,0,0
105000201,5,0,5
105000203,0,0,0
105000204,0,0,0
105000205,0,0,0
105000207,28,28,0
105000208,0,0,0
105000209,11,27,-16
105000212,1,0,1
105000213,0,1,-1
105000214,0,1,-1
105000215,2,16,-14
105000216,8,46,-38
105000217,5,51,-46
105000218,4,13,-9
105000221,0,0,0
105000222,0,0,0
105000223,0,1,-1
105000226,0,0,0
105000227,0,0,0
105000228,0,1,-1
105000229,0,0,0
105000231,0,0,0
105000233,70,46,24
105000234,36,212,-176
105000235,0,0,0
105000237,0,0,0
105000243,0,0,0
105000248,0,2,-2
105000262,0,0,0
105000269,0,0,0
105000270,0,1,-1
105000271,0,0,0
105000282,0,0,0
105000287,0,0,0
105000288,0,0,0
105000289,18,73,-55
105000290,0,0,0
105000402,0,2,-2
105000426,5,7,-2
105000438,0,1,-1
105000446,290,567,-277
105000447,87,45,42
105000454,0,0,0
105000455,0,2,-2
105000474,0,0,0
105000477,0,0,0
105000478,74,73,1
105000479,0,0,0
105000480,71,80,-9
105000481,94,95,-1
105000482,314,488,-174
105000483,87,114,-27
105000484,168,673,-505
105000485,168,292,-124
105000486,475,557,-82
105000488,94,394,-300
105000489,1,2,-1
105000549,0,0,0
105000550,7,48,-41
105000551,0,0,0
105000552,412,197,215
105900001,0,0,0
105900002,0,0,0
105900003,0,0,0
105900004,0,0,0
105900005,0,0,0
105900006,0,0,0
105900007,0,0,0
105900008,0,0,0
105900009,0,0,0
105900011,0,0,0
105900012,0,0,0
105900013,0,0,0
105900014,0,0,0
105900015,0,0,0
105900016,0,0,0
105900017,0,0,0
105900018,0,0,0
105900019,0,0,0
105900020,0,0,0
105900021,0,0,0
105900022,0,0,0
105900023,0,0,0
105900024,0,0,0
105900025,0,0,0
105900026,0,0,0
105900027,0,0,0
105900028,0,0,0
105900029,0,0,0
105900030,0,0,0
105900031,0,0,0
105900032,0,0,0
105900033,0,0,0
105900034,0,0,0
105900035,0,0,0
105900036,0,0,0
105900037,0,0,0
105900038,0,0,0
105900039,0,0,0
105900040,0,0,0
105900041,0,0,0
105900042,0,0,0
105900043,0,0,0
105900044,0,0,0
105900045,0,0,0
105900046,0,0,0
105900047,0,0,0
105900048,0,0,0
105900050,0,0,0
105900051,0,0,0
105900052,0,0,0
105900053,0,0,0
105900054,0,0,0
105900056,0,0,0
105900057,0,0,0
105900058,0,0,0
105900059,0,0,0
106000001,143,22,121
106000002,297,401,-104
106000003,136,39,97
106000004,313,354,-41
106000005,158,47,111
106000006,350,482,-132
106000007,148,67,81
106000008,114,142,-28
106000009,51,25,26
106000010,83,173,-90
106000011,27,43,-16
106000012,53,160,-107
106000013,80,143,-63
106000014,281,259,22
106000015,61,112,-51
106000016,216,292,-76
106000017,185,81,104
106000018,353,312,41
106000019,15,21,-6
106000020,18,159,-141
106000021,30,24,6
106000022,53,84,-31
106000023,27,12,15
106000024,76,187,-111
106000025,41,65,-24
106000026,94,152,-58
106000027,30,83,-53
106000028,118,166,-48
106000029,144,271,-127
106000030,0,0,0
106000034,2,11,-9
106000035,0,3,-3
106000036,5,4,1
106000037,78,114,-36
106000038,0,1,-1
106000039,0,1,-1
106000040,3,37,-34
106000041,1,2,-1
106000043,0,1,-1
106000046,0,0,0
106000047,0,0,0
106000049,1,0,1
106000050,14,319,-305
106000051,0,1,-1
106000052,13,151,-138
106000053,0,0,0
106000054,36,172,-136
106000055,0,0,0
106000056,88,261,-173
106000057,0,0,0
106000058,19,107,-88
106000059,0,0,0
106000060,57,218,-161
106000061,0,1,-1
106000062,30,116,-86
106000063,0,1,-1
106000064,6,142,-136
106000065,0,1,-1
106000066,9,53,-44
106000067,0,0,0
106000068,1,130,-129
106000069,1,0,1
106000070,26,131,-105
106000071,1,1,0
106000072,72,161,-89
106000073,12,6,6
106000074,6,26,-20
106000075,2,7,-5
106000076,3,13,-10
106000077,40,46,-6
106000078,15,46,-31
106000079,3,11,-8
106000080,26,46,-20
106000081,2,9,-7
106000082,64,38,26
106000083,3,10,-7
106000084,2,8,-6
106000085,6,16,-10
106000086,7,13,-6
106000087,2,5,-3
106000088,2,25,-23
106000089,2,6,-4
106000090,0,27,-27
106000091,1,0,1
106000092,0,4,-4
106000093,0,0,0
106000094,4,23,-19
106000095,2,44,-42
106000096,8,97,-89
106000097,10,61,-51
106000098,3,126,-123
106000099,4,90,-86
106000100,0,0,0
106000101,0,0,0
106000102,1,98,-97
106000103,3,65,-62
106000104,78,50,28
106000105,1,42,-41
106000106,20,2,18
106000107,0,36,-36
106000108,11,3,8
106000109,0,20,-20
106000110,8,2,6
106000111,0,27,-27
106000112,9,7,2
106000113,0,30,-30
106000114,12,12,0
106000115,2,39,-37
106000116,19,8,11
106000117,4,3,1
106000118,0,2,-2
106000119,8,9,-1
106000120,0,2,-2
106000121,0,0,0
106000122,0,1,-1
106000123,0,3,-3
106000124,1,0,1
106000125,2,0,2
106000126,0,1,-1
106000127,1,1,0
106000128,0,0,0
106000129,8,14,-6
106000130,0,0,0
106000131,3,22,-19
106000132,0,0,0
106000133,75,36,39
106000134,0,0,0
106000135,5,41,-36
106000136,0,0,0
106000137,0,76,-76
106000138,1,0,1
106000139,0,0,0
106000140,2,42,-40
106000141,1,41,-40
106000142,0,0,0
106000143,3,71,-68
106000144,0,0,0
106000145,3,52,-49
106000146,0,0,0
106000147,1,9,-8
106000148,5,22,-17
106000149,4,4,0
106000150,12,54,-42
106000151,37,2,35
106000152,6,9,-3
106000153,0,1,-1
106000154,0,1,-1
106000155,0,0,0
106000156,3,3,0
106000157,2,74,-72
106000158,57,16,41
106000159,135,78,57
106000160,3,28,-25
106000161,38,32,6
106000162,0,6,-6
106000163,1,23,-22
106000164,0,4,-4
106000165,1,24,-23
106000166,3,10,-7
106000167,5,95,-90
106000168,1,6,-5
106000169,0,29,-29
106000170,8,1,7
106000171,1,57,-56
106000172,12,15,-3
106000173,6,140,-134
106000174,6,16,-10
106000175,3,91,-88
106000176,0,4,-4
106000177,50,127,-77
106000178,4,2,2
106000179,32,123,-91
106000180,55,141,-86
106000181,17,158,-141
106000182,5,2,3
106000183,2,9,-7
106000184,1,3,-2
106000185,7,54,-47
106000186,4,1,3
106000187,4,72,-68
106000188,0,6,-6
106000189,0,0,0
106000190,0,0,0
106000191,0,1,-1
106000192,0,2,-2
106000193,1,0,1
106000194,0,13,-13
106000195,0,0,0
106000196,1,8,-7
106000197,0,1,-1
106000198,0,29,-29
106000199,7,5,2
106000200,0,8,-8
106000201,0,1,-1
106000202,136,16,120
106000203,2,47,-45
106000204,0,0,0
106000205,12,25,-13
106000206,0,0,0
106000207,4,139,-135
106000208,36,2,34
106000209,20,5,15
106000210,8,153,-145
106000211,31,211,-180
106000212,54,5,49
106000213,4,39,-35
106000214,1,0,1
106000215,0,1,-1
106000216,0,0,0
106000217,1,1,0
106000218,1,0,1
106000219,0,0,0
106000220,0,1,-1
106000221,0,3,-3
106000222,0,0,0
106000223,0,0,0
106000224,0,1,-1
106000225,0,0,0
106000226,1,0,1
106000228,0,55,-55
106000229,1,69,-68
106000231,1,0,1
106000232,1,40,-39
106000233,0,0,0
106000234,8,22,-14
106000235,0,0,0
106000236,0,4,-4
106000237,0,0,0
106000238,0,0,0
106000239,0,9,-9
106000240,0,0,0
106000241,0,129,-129
106000242,11,0,11
106000249,0,0,0
106000250,0,39,-39
106000251,0,0,0
106000252,0,0,0
106000253,0,0,0
106000254,0,0,0
106000255,0,0,0
106000256,0,0,0
106000257,0,0,0
106000258,0,0,0
106000259,0,1,-1
106000260,0,0,0
106000261,0,0,0
106000262,0,1,-1
106000263,0,0,0
106000264,0,0,0
106000265,0,0,0
106000266,1,1,0
106000267,0,1,-1
106000268,0,0,0
106000269,0,0,0
106000270,7,69,-62
106000271,0,1,-1
106000272,2,1,1
106000273,0,0,0
106000274,1,1,0
106000275,0,0,0
106000276,3,1,2
106000277,0,0,0
106000278,2,0,2
106000279,0,0,0
106000280,0,0,0
106000281,0,0,0
106000282,1,0,1
106000283,0,0,0
106000284,0,0,0
106000285,0,0,0
106000286,0,0,0
106000287,0,0,0
106000288,0,0,0
106000289,0,0,0
106000290,0,0,0
106000291,0,0,0
106000292,0,0,0
106000293,0,0,0
106000294,0,0,0
106000295,0,0,0
106000296,0,0,0
106000297,0,0,0
106000298,0,0,0
106000299,0,0,0
106000300,0,0,0
106000301,0,0,0
106000303,0,0,0
106000304,0,0,0
106000305,0,0,0
106000306,0,0,0
106000307,0,0,0
106000308,0,0,0
106000309,0,0,0
106000310,10,24,-14
106000311,0,0,0
106000312,4,3,1
106000313,0,1,-1
106000318,0,2,-2
106000319,35,0,35
106000320,0,0,0
106000321,0,1,-1
106000322,0,0,0
106000324,0,0,0
106000325,31,25,6
106000326,45,243,-198
106000327,0,0,0
106000328,0,0,0
106000329,0,0,0
106000330,0,2,-2
106000428,0,0,0
106000429,16,76,-60
106000430,74,140,-66
106000431,0,0,0
106000432,146,328,-182
106000433,96,3,93
106000434,85,4,81
106000435,222,282,-60
106000436,1,33,-32
106000437,0,0,0
106000438,0,0,0
106000439,14,24,-10
106000440,1,0,1
106000441,0,0,0
106000442,0,0,0
106000443,0,3,-3
106000450,1,16,-15
106000451,0,0,0
106000454,0,9,-9
106000455,1,38,-37
106000456,0,0,0
106000457,0,107,-107
106000458,0,0,0
106000459,1,54,-53
106000460,0,0,0
106000461,6,153,-147
106000462,0,5,-5
106000463,0,0,0
106000464,0,18,-18
106000465,0,0,0
106000466,0,31,-31
106000467,16,101,-85
106000468,0,0,0
106000469,1,1,0
106000470,13,31,-18
106000471,2,65,-63
106000472,0,0,0
106000473,0,2,-2
106000474,52,91,-39
106000475,10,35,-25
106000476,0,1,-1
106000477,1,30,-29
106900001,0,0,0
106900002,0,0,0
106900003,0,0,0
106900004,0,0,0
106900006,0,0,0
106900007,0,0,0
106900008,0,0,0
106900009,0,0,0
106900010,0,0,0
106900012,0,0,0
106900013,0,0,0
106900014,0,0,0
106900015,0,0,0
106900016,0,0,0
106900017,0,0,0
106900018,0,0,0
106900019,0,0,0
106900020,0,0,0
106900021,0,0,0
106900022,0,0,0
106900023,0,0,0
106900024,0,0,0
106900025,0,0,0
106900026,0,0,0
106900027,0,0,0
107000001,185,120,65
107000002,293,856,-563
107000003,303,203,100
107000004,595,1169,-574
107000005,100,107,-7
107000006,415,1021,-606
107000007,382,190,192
107000008,2979,2354,625
107000009,134,139,-5
107000010,1881,838,1043
107000011,47,49,-2
107000012,62,85,-23
107000013,7,36,-29
107000014,1,31,-30
107000015,13,101,-88
107000016,18,104,-86
107000017,28,7,21
107000018,0,15,-15
107000020,1,0,1
107000021,37,26,11
107000022,1,57,-56
107000023,71,16,55
107000024,1,112,-111
107000025,15,27,-12
107000026,2,26,-24
107000027,57,32,25
107000028,11,38,-27
107000029,72,28,44
107000030,30,190,-160
107000031,39,61,-22
107000032,0,0,0
107000033,110,374,-264
107000034,116,98,18
107000035,1,0,1
107000036,0,2,-2
107000037,0,0,0
107000038,18,25,-7
107000039,0,0,0
107000040,10,31,-21
107000041,2,0,2
107000042,17,53,-36
107000043,3,1,2
107000044,22,29,-7
107000045,1,11,-10
107000046,1,0,1
107000047,6,32,-26
107000048,1,2,-1
107000049,14,24,-10
107000050,1,0,1
107000051,27,89,-62
107000052,2,0,2
107000053,16,27,-11
107000054,20,98,-78
107000055,22,17,5
107000056,34,111,-77
107000057,31,55,-24
107000058,0,0,0
107000059,37,100,-63
107000060,3,0,3
107000061,76,88,-12
107000062,0,0,0
107000063,45,116,-71
107000064,0,2,-2
107000065,47,109,-62
107000066,0,0,0
107000067,0,0,0
107000068,0,0,0
107000069,0,0,0
107000070,0,0,0
107000071,0,0,0
107000072,4,445,-441
107000073,0,0,0
107000074,6,139,-133
107000075,0,0,0
107000076,26,287,-261
107000077,0,0,0
107000078,65,331,-266
107000079,0,0,0
107000080,58,300,-242
107000081,0,0,0
107000082,18,254,-236
107000083,0,0,0
107000084,24,231,-207
107000085,106,50,56
107000086,136,309,-173
107000087,72,35,37
107000088,76,265,-189
107000089,50,44,6
107000090,90,190,-100
107000091,17,45,-28
107000092,56,141,-85
107000093,23,103,-80
107000094,48,125,-77
107000095,0,0,0
107000096,21,37,-16
107000097,0,0,0
107000098,8,52,-44
107000099,0,0,0
107000100,4,5,-1
107000101,0,0,0
107000102,11,8,3
107000103,0,0,0
107000104,1,4,-3
107000105,0,0,0
107000106,0,10,-10
107000107,0,0,0
107000108,4,30,-26
107000109,0,0,0
107000110,3,16,-13
107000111,0,0,0
107000112,0,9,-9
107000113,0,0,0
107000114,2,34,-32
107000115,0,0,0
107000116,0,86,-86
107000117,0,0,0
107000118,1,22,-21
107000119,97,45,52
107000120,47,51,-4
107000121,18,8,10
107000122,21,137,-116
107000123,41,13,28
107000124,9,109,-100
107000125,41,25,16
107000126,15,135,-120
107000129,14,61,-47
107000130,0,0,0
107000131,21,37,-16
107000132,0,0,0
107000133,0,0,0
107000134,0,0,0
107000135,0,0,0
107000136,0,0,0
107000137,0,0,0
107000138,0,0,0
107000139,0,0,0
107000140,0,0,0
107000141,0,0,0
107000142,0,0,0
107000143,0,0,0
107000144,0,0,0
107000145,0,0,0
107000146,0,0,0
107000147,0,0,0
107000150,0,0,0
107000151,0,0,0
107000152,0,0,0
107000153,1,1,0
107000154,0,0,0
107000155,0,0,0
107000156,2,0,2
107000157,0,9,-9
107000158,0,0,0
107000159,0,0,0
107000160,0,0,0
107000161,0,3,-3
107000162,2,0,2
107000163,0,0,0
107000164,0,0,0
107000165,0,0,0
107000166,0,0,0
107000167,0,0,0
107000168,0,0,0
107000169,6,11,-5
107000170,1,1,0
107000171,3,25,-22
107000172,0,0,0
107000173,1,8,-7
107000174,2,1,1
107000175,23,14,9
107000176,0,0,0
107000177,0,0,0
107000178,0,0,0
107000179,2,96,-94
107000180,0,0,0
107000181,3,38,-35
107000182,0,0,0
107000183,1,45,-44
107000184,0,2,-2
107000185,5,41,-36
107000186,0,0,0
107000187,0,0,0
107000188,0,1,-1
107000189,0,0,0
107000190,1,1,0
107000191,1,3,-2
107000192,2,3,-1
107000193,0,2,-2
107000194,2,1,1
107000197,0,0,0
107000198,2,18,-16
107000199,4,3,1
107000200,0,0,0
107000201,3,0,3
107000202,0,0,0
107000203,2,3,-1
107000204,0,0,0
107000205,17,11,6
107000206,0,0,0
107000207,0,0,0
107000208,0,0,0
107000209,0,0,0
107000210,0,0,0
107000211,0,0,0
107000212,0,0,0
107000213,0,0,0
107000214,0,0,0
107000215,0,0,0
107000216,0,0,0
107000217,0,0,0
107000219,0,0,0
107000220,0,0,0
107000222,0,0,0
107000224,0,0,0
107000225,0,0,0
107000226,0,0,0
107000227,0,0,0
107000228,0,0,0
107000229,0,0,0
107000230,17,33,-16
107000231,0,0,0
107000232,0,0,0
107000233,0,3,-3
107000234,0,0,0
107000235,0,0,0
107000236,2,93,-91
107000237,0,0,0
107000238,0,1,-1
107000239,0,0,0
107000240,0,0,0
107000241,0,0,0
107000242,0,0,0
107000243,0,14,-14
107000244,0,32,-32
107000246,1,206,-205
107000249,0,3,-3
107000251,0,0,0
107000252,0,0,0
107000255,1,0,1
107000257,0,0,0
107000258,0,0,0
107000259,0,0,0
107000260,0,0,0
107000262,0,0,0
107000263,0,0,0
107000266,0,0,0
107000267,0,0,0
107000268,0,0,0
107000269,0,0,0
107000270,0,0,0
107000271,0,0,0
107000272,0,0,0
107000273,0,0,0
107000274,0,0,0
107000275,0,0,0
107000280,0,0,0
107000281,0,4,-4
107000282,0,0,0
107000290,0,0,0
107000291,0,0,0
107000292,0,0,0
107000293,0,0,0
107000294,0,0,0
107000295,0,0,0
107000296,0,0,0
107000444,0,0,0
107000496,0,0,0
107000497,47,214,-167
107000500,0,0,0
107000501,0,0,0
107000502,0,0,0
107000505,6,50,-44
107000506,0,0,0
107000508,0,0,0
107000509,0,0,0
107000510,0,0,0
107000514,0,0,0
107000515,0,0,0
107000516,0,0,0
107000518,0,0,0
107000519,20,168,-148
107000520,0,0,0
107900001,0,0,0
107900002,0,0,0
107900003,0,0,0
107900004,0,0,0
107900005,0,0,0
107900006,0,0,0
107900007,0,0,0
107900008,0,0,0
107900009,0,0,0
107900010,0,0,0
107900012,2,0,2
107900013,0,0,0
107900014,0,0,0
107900015,0,0,0
107900016,0,0,0
107900017,0,0,0
107900018,0,0,0
107900019,0,0,0
107900020,0,0,0
107900021,0,0,0
107900023,0,0,0
107900024,0,0,0
107900025,0,0,0
107900026,0,0,0
107900027,0,0,0
107900028,0,0,0
107900030,0,0,0
107900031,0,0,0
107900032,0,0,0
107900033,0,0,0
107900034,0,0,0
107900035,0,0,0
107900036,0,0,0
107900037,0,0,0
107900038,0,0,0
107900039,0,0,0
107900040,0,0,0
107900041,0,0,0
107900043,0,0,0
107900044,0,0,0
107900045,0,0,0
107900046,0,0,0
107900047,0,0,0
107900048,0,0,0
107900049,0,0,0
107900050,0,0,0
107900051,0,0,0
107900052,0,0,0
107900053,0,0,0
107900055,0,0,0
107900056,0,0,0
107900057,0,0,0
107900058,0,0,0
107900060,0,0,0
107900061,0,0,0
107900063,0,0,0
107900064,0,0,0
107900065,0,0,0
107900066,0,0,0
107900067,0,0,0
107900068,0,0,0
107900069,0,0,0
107900070,0,0,0
107900071,0,0,0
107900072,0,0,0
107900073,0,0,0
107900074,0,0,0
107900076,0,0,0
107900077,0,0,0
107900078,0,0,0
107900079,0,0,0
107900080,0,0,0
107900081,0,0,0
107900082,0,0,0
107900083,0,0,0
107900084,0,1,-1
107900086,0,0,0
107900087,0,0,0
107900088,0,0,0
107900089,0,0,0
107900090,0,0,0
107900091,0,0,0
107900092,0,0,0
107900093,0,0,0
107900095,0,0,0
107900097,0,1,-1
107900098,0,0,0
107900100,0,0,0
107900101,0,0,0
107900102,0,0,0
107900103,0,0,0
107900104,0,0,0
107900105,0,0,0
107900106,0,0,0
107900107,0,0,0
107900108,0,0,0
107900109,0,0,0
107900110,0,0,0
107900111,0,0,0
107900112,0,1,-1
107900113,0,0,0
107900114,0,0,0
107900115,0,0,0
107900116,0,0,0
107900117,0,0,0
107900118,0,0,0
107900119,0,0,0
107900120,0,0,0
107900121,0,0,0
107900122,0,0,0
107900123,0,0,0
107900124,0,0,0
107900125,0,0,0
107900126,0,0,0
107900127,0,0,0
107900128,0,0,0
107900129,0,0,0
107900130,0,0,0
107900131,0,0,0
107900132,0,0,0
107900133,0,0,0
107900134,0,0,0
107900135,0,0,0
107900136,0,0,0
107900137,0,0,0
107900138,0,0,0
107900139,0,0,0
107900140,0,0,0
107900141,0,0,0
107900142,0,0,0
107900143,0,0,0
107900144,0,0,0
107900145,0,0,0
107900146,0,0,0
107900147,0,0,0
107900148,0,0,0
107900149,0,0,0
107900150,0,0,0
107900151,0,0,0
107900152,0,0,0
107900153,0,0,0
107900154,0,0,0
107900155,0,0,0
107900156,0,0,0
107900157,0,0,0
107900158,0,0,0
107900159,0,0,0
107900160,0,0,0
107900161,0,0,0
107900162,0,0,0
107900163,0,0,0
107900164,0,0,0
107900165,0,0,0
107900166,0,0,0
107900167,0,0,0
107900168,0,0,0
107900169,0,0,0
107900171,0,0,0
107900172,0,0,0
107900173,0,0,0
107900174,0,0,0
107900175,0,0,0
107900176,0,0,0
107900177,0,0,0
107900178,0,0,0
107900179,0,0,0
107900180,0,0,0
107900181,0,1,-1
107900182,0,0,0
107900183,0,0,0
107900184,0,0,0
107900185,0,0,0
107900186,0,0,0
107900187,0,0,0
107900188,0,0,0
107900189,0,0,0
107900190,0,0,0
107900191,0,2,-2
107900193,0,0,0
107900194,0,0,0
107900195,0,0,0
107900196,0,0,0
107900197,0,0,0
107900199,0,0,0
107900201,1,0,1
107900203,0,0,0
107900204,0,1,-1
107900205,0,0,0
107900206,0,0,0
107900207,0,0,0
107900208,0,0,0
107900209,0,0,0
107900210,0,0,0
107900213,1,1,0
107900214,0,0,0
107900215,0,0,0
107900216,0,0,0
107900217,0,0,0
107900218,0,0,0
107900219,0,0,0
107900220,0,0,0
107900221,0,0,0
107900223,0,0,0
107900224,0,0,0
107900225,0,0,0
107900226,0,0,0
107900227,0,0,0
107900228,0,0,0
107900229,0,1,-1
107900230,0,0,0
107900231,0,0,0
107900232,0,0,0
107900233,0,0,0
107900234,0,0,0
107900235,0,0,0
107900236,0,0,0
107900237,0,5,-5
107900238,0,0,0
107900239,0,0,0
107900240,0,0,0
107900241,0,0,0
107900242,0,0,0
107900243,0,0,0
107900244,0,0,0
107900245,0,0,0
107900246,0,0,0
107900248,0,0,0
107900249,0,0,0
107900250,0,0,0
107900251,0,0,0
107900252,0,0,0
107900253,0,0,0
107900254,0,0,0
107900255,0,0,0
107900256,0,0,0
107900257,0,0,0
107900258,0,0,0
107900259,0,0,0
107900261,0,0,0
107900262,0,0,0
107900264,0,0,0
107900265,0,0,0
107900267,0,0,0
107900268,0,0,0
107900269,0,0,0
107900270,0,0,0
107900271,0,0,0
107900272,0,0,0
107900273,0,0,0
107900274,0,0,0
107900275,0,0,0
107900276,0,0,0
107900277,0,0,0
107900278,0,0,0
107900279,0,0,0
107900280,0,0,0
107900281,0,0,0
107900282,0,0,0
107900283,0,0,0
107900284,0,0,0
107900285,0,0,0
107900286,0,0,0
107900287,0,0,0
107900290,0,0,0
107900291,1,0,1
107900292,0,0,0
107900293,0,0,0
107900295,0,0,0
107900297,0,4,-4
107900298,0,0,0
107900299,23,2,21
107900300,0,0,0
107900301,0,0,0
107900302,0,0,0
107900303,0,0,0
107900304,0,0,0
107900305,0,0,0
107900306,0,0,0
107900307,0,2,-2
107900308,0,0,0
107900309,0,0,0
107900310,0,0,0
107900311,0,0,0
107900312,0,0,0
107900313,0,0,0
107900314,0,0,0
107900315,0,0,0
107900316,0,0,0
107900317,0,0,0
107900318,0,0,0
107900319,0,0,0
107900320,0,0,0
107900321,0,0,0
107900322,0,0,0
107900323,0,0,0
107900324,0,0,0
107900325,0,0,0
107900326,0,0,0
107900327,0,0,0
107900328,0,0,0
107900329,0,0,0
107900330,0,0,0
107900331,0,0,0
107900332,0,0,0
107900333,0,0,0
107900334,0,1,-1
107900335,0,0,0
107900336,0,0,0
107900337,3,0,3
107900338,0,0,0
107900339,0,0,0
107900340,0,0,0
107900341,0,0,0
107900342,0,0,0
107900343,0,0,0
107900344,0,0,0
107900345,0,0,0
107900346,0,0,0
107900347,0,0,0
107900348,0,0,0
107900349,0,0,0
107900350,0,0,0
108000001,158,79,79
108000002,575,876,-301
108000003,204,57,147
108000004,2145,3520,-1375
108000005,150,72,78
108000006,302,1278,-976
108000007,201,151,50
108000008,466,1062,-596
108000009,93,170,-77
108000010,199,896,-697
108000011,620,256,364
108000012,2176,2043,133
108000014,0,1,-1
108000015,0,1,-1
108000016,54,166,-112
108000017,0,3,-3
108000018,0,0,0
108000019,0,0,0
108000020,0,0,0
108000021,27,331,-304
108000022,8,37,-29
108000023,0,0,0
108000024,0,0,0
108000025,0,15,-15
108000026,0,0,0
108000027,2,44,-42
108000028,0,0,0
108000029,2,72,-70
108000030,0,0,0
108000031,1,69,-68
108000032,0,0,0
108000033,15,99,-84
108000034,0,0,0
108000035,40,216,-176
108000036,5,123,-118
108000037,0,0,0
108000038,0,0,0
108000039,14,223,-209
108000040,0,0,0
108000041,43,256,-213
108000042,0,0,0
108000043,1,38,-37
108000044,0,0,0
108000045,1,53,-52
108000046,0,0,0
108000047,24,121,-97
108000048,3,46,-43
108000049,0,0,0
108000050,3,16,-13
108000051,0,0,0
108000052,3,19,-16
108000053,0,0,0
108000054,4,18,-14
108000055,0,0,0
108000056,24,33,-9
108000057,0,0,0
108000058,1,0,1
108000059,178,128,50
108000060,0,0,0
108000061,0,0,0
108000062,1,1,0
108000063,0,0,0
108000064,0,0,0
108000065,0,0,0
108000066,0,0,0
108000067,0,0,0
108000068,0,0,0
108000069,16,141,-125
108000070,0,0,0
108000071,24,141,-117
108000072,0,0,0
108000073,61,134,-73
108000074,0,0,0
108000075,5,46,-41
108000076,0,0,0
108000077,24,106,-82
108000078,0,0,0
108000079,101,274,-173
108000080,0,0,0
108000081,28,267,-239
108000082,67,139,-72
108000083,0,0,0
108000084,4,60,-56
108000085,0,0,0
108000086,6,50,-44
108000087,0,0,0
108000088,0,0,0
108000089,3,2,1
108000090,0,0,0
108000091,0,23,-23
108000092,0,0,0
108000093,13,26,-13
108000094,0,0,0
108000095,3,14,-11
108000096,0,0,0
108000097,3,17,-14
108000098,0,0,0
108000099,0,0,0
108000100,0,0,0
108000101,0,0,0
108000102,0,6,-6
108000106,0,0,0
108000107,0,15,-15
108000108,0,0,0
108000109,0,15,-15
108000110,0,0,0
108000111,18,78,-60
108000112,0,0,0
108000113,0,0,0
108000115,0,0,0
108000117,0,0,0
108000118,0,26,-26
108000119,5,26,-21
108000120,0,1,-1
108000121,0,19,-19
108000122,0,1,-1
108000123,37,43,-6
108000124,3,337,-334
108000125,0,0,0
108000126,2,118,-116
108000127,0,0,0
108000128,0,152,-152
108000129,4,291,-287
108000130,0,0,0
108000131,0,0,0
108000132,119,157,-38
108000133,0,0,0
108000134,54,238,-184
108000135,0,0,0
108000136,34,373,-339
108000137,0,0,0
108000138,0,0,0
108000139,0,0,0
108000140,0,0,0
108000141,0,6,-6
108000142,1,10,-9
108000143,1,4,-3
108000144,0,0,0
108000145,1,2,-1
108000146,0,0,0
108000147,1,0,1
108000148,0,0,0
108000149,0,0,0
108000150,0,0,0
108000151,0,0,0
108000152,0,0,0
108000153,0,0,0
108000154,0,0,0
108000155,0,0,0
108000156,0,0,0
108000157,0,0,0
108000158,0,0,0
108000159,0,0,0
108000160,22,25,-3
108000161,0,0,0
108000165,0,0,0
108000172,0,0,0
108000173,0,0,0
108000175,0,0,0
108000178,0,0,0
108000179,0,0,0
108000181,0,0,0
108000182,0,0,0
108000183,0,0,0
108000184,0,0,0
108000185,0,0,0
108000186,0,0,0
108000187,0,0,0
108000188,0,0,0
108000189,0,2,-2
108000190,0,11,-11
108000192,0,0,0
108000193,43,1,42
108000194,0,0,0
108000195,0,96,-96
108000196,0,0,0
108000198,0,0,0
108000199,0,34,-34
108000200,0,0,0
108000202,2,112,-110
108000203,0,0,0
108000204,0,0,0
108000205,0,0,0
108000339,2,1,1
108000364,1,0,1
108000365,0,0,0
108000367,0,0,0
108000368,0,0,0
108000369,0,0,0
108000371,0,13,-13
108000372,0,0,0
108000373,0,0,0
108000376,0,0,0
108000377,0,0,0
108000378,729,98,631
108000379,0,0,0
108000381,0,0,0
108000382,0,0,0
108000383,0,0,0
108900001,0,0,0
108900002,0,0,0
108900003,0,0,0
108900004,0,0,0
108900005,0,0,0
108900006,0,0,0
108900007,0,0,0
108900008,0,0,0
108900009,0,0,0
108900010,0,0,0
108900011,0,0,0
108900012,0,0,0
108900013,0,0,0
108900014,0,0,0
108900015,0,0,0
108900016,0,0,0
108900017,0,0,0
108900018,0,0,0
108900019,0,0,0
108900020,0,0,0
108900021,0,0,0
108900022,0,0,0
108900023,0,0,0
108900024,0,0,0
108900025,0,0,0
108900026,0,0,0
108900027,0,0,0
108900028,0,0,0
108900029,0,0,0
108900030,0,0,0
108900031,0,0,0
108900032,0,0,0
108900033,0,0,0
108900034,0,0,0
108900035,0,0,0
108900036,0,0,0
108900037,0,0,0
108900038,0,0,0
108900039,0,0,0
108900040,0,0,0
108900041,0,0,0
108900042,0,0,0
108900043,0,0,0
108900044,0,0,0
108900045,0,0,0
108900046,0,0,0
108900047,0,0,0
108900048,0,0,0
108900049,0,0,0
108900050,0,0,0
108900051,0,0,0
108900052,0,0,0
108900053,0,0,0
108900054,0,0,0
108900055,0,0,0
108900056,0,0,0
108900057,0,0,0
108900058,0,0,0
108900059,0,0,0
108900060,0,0,0
108900061,0,0,0
108900062,0,0,0
108900063,0,0,0
108900064,0,0,0
108900065,0,0,0
108900066,0,0,0
108900067,0,0,0
108900068,0,0,0
108900069,0,0,0
108900070,0,0,0
108900071,0,0,0
108900072,0,0,0
108900073,0,0,0
108900074,0,0,0
108900075,0,0,0
108900076,0,0,0
108900077,0,0,0
108900078,0,0,0
108900079,0,0,0
108900080,0,0,0
108900081,0,0,0
108900082,0,0,0
108900083,0,0,0
108900084,0,0,0
108900085,0,0,0
108900086,0,0,0
108900087,0,0,0
108900088,0,0,0
108900089,0,0,0
108900090,0,0,0
108900091,0,0,0
108900092,0,0,0
108900093,0,0,0
108900094,0,0,0
108900095,0,0,0
108900096,0,0,0
108900097,0,0,0
108900098,0,0,0
108900099,0,0,0
108900100,0,0,0
108900101,0,0,0
108900102,0,0,0
108900103,0,0,0
108900104,0,0,0
108900105,0,0,0
108900106,0,0,0
108900108,0,0,0
108900109,0,0,0
108900110,0,0,0
108900111,0,0,0
108900112,0,0,0
108900113,0,0,0
108900114,0,0,0
108900115,0,0,0
108900116,0,0,0
108900117,0,0,0
108900118,0,0,0
108900119,0,0,0
108900120,0,0,0
108900121,0,0,0
108900122,0,0,0
108900123,0,0,0
108900124,0,0,0
108900125,0,0,0
108900126,0,0,0
108900127,0,0,0
108900128,0,0,0
108900129,0,0,0
108900130,0,0,0
108900131,0,0,0
108900132,0,0,0
108900133,0,0,0
108900134,0,0,0
108900135,0,0,0
108900136,0,0,0
108900137,0,0,0
108900138,0,0,0
108900139,0,0,0
108900140,0,0,0
108900141,0,0,0
108900142,0,0,0
108900143,0,0,0
108900144,0,0,0
108900145,0,0,0
108900146,0,0,0
108900147,0,0,0
108900148,0,0,0
108900149,0,0,0
108900150,0,0,0
108900151,0,0,0
108900152,0,0,0
108900153,0,0,0
108900154,0,0,0
108900155,0,0,0
108900156,0,0,0
108900157,0,0,0
108900158,0,0,0
108900159,0,0,0
108900160,0,0,0
108900161,0,0,0
108900162,0,0,0
108900163,0,0,0
108900164,0,0,0
108900165,0,0,0
108900167,0,0,0
108900168,0,0,0
108900169,0,0,0
108900171,0,0,0
108900172,0,0,0
108900173,0,0,0
108900174,0,0,0
108900176,0,0,0
108900177,0,0,0
108900178,0,0,0
108900179,0,0,0
108900180,0,0,0
108900182,0,0,0
108900183,0,0,0
108900184,0,0,0
108900185,0,0,0
108900186,0,0,0
108900187,0,0,0
108900188,0,0,0
108900189,0,0,0
108900190,0,0,0
108900191,0,0,0
108900192,0,0,0
108900193,0,0,0
108900194,0,0,0
108900195,0,0,0
108900196,0,0,0
108900198,0,0,0
108900199,0,0,0
108900200,0,0,0
108900201,0,0,0
108900203,0,0,0
108900204,0,0,0
108900205,0,0,0
108900206,0,0,0
108900207,0,0,0
108900208,0,0,0
108900209,0,0,0
108900210,0,0,0
108900211,0,0,0
108900212,0,0,0
108900215,0,0,0
108900216,0,0,0
108900217,0,0,0
108900218,0,0,0
108900219,0,0,0
108900220,0,0,0
108900221,0,0,0
108900222,0,0,0
108900223,0,0,0
108900224,0,0,0
108900225,0,0,0
108900226,0,0,0
108900227,0,0,0
108900230,0,0,0
108900231,0,0,0
108900232,0,0,0
108900233,0,0,0
108900234,0,0,0
108900235,0,0,0
108900236,0,0,0
108900237,0,0,0
108900240,0,0,0
108900241,0,0,0
108900245,0,0,0
108900249,0,0,0
108900250,0,0,0
108900257,0,0,0
108900258,0,0,0
108900259,0,0,0
108900260,0,0,0
108900261,0,0,0
108900262,0,0,0
108900263,0,0,0
108900264,0,0,0
108900265,0,0,0
108900266,0,0,0
108900267,0,0,0
108900268,0,0,0
108900269,0,0,0
108900270,0,0,0
108900271,0,0,0
108900272,0,0,0
108900273,0,0,0
108900274,0,0,0
109000001,107,0,107
109000002,955,610,345
109000003,74,2,72
109000004,213,924,-711
109000005,54,4,50
109000006,123,725,-602
109000007,30,7,23
109000008,115,554,-439
109000009,125,15,110
109000010,338,1236,-898
109000011,137,33,104
109000012,264,1268,-1004
109000013,145,33,112
109000014,159,1169,-1010
109000015,211,44,167
109000016,517,1565,-1048
109000017,113,34,79
109000018,163,1212,-1049
109000019,93,9,84
109000020,320,621,-301
109000023,0,0,0
109000024,0,0,0
109000025,0,0,0
109000026,0,0,0
109000027,0,0,0
109000028,0,0,0
109000029,0,0,0
109000030,5,53,-48
109000031,0,0,0
109000032,6,61,-55
109000033,0,0,0
109000034,0,0,0
109000035,0,0,0
109000036,2,13,-11
109000037,0,0,0
109000038,19,7,12
109000039,0,0,0
109000040,0,0,0
109000041,104,25,79
109000042,4,19,-15
109000044,0,0,0
109000045,18,200,-182
109000046,0,0,0
109000047,10,324,-314
109000048,0,0,0
109000049,90,419,-329
109000050,0,0,0
109000051,205,210,-5
109000052,0,0,0
109000053,0,0,0
109000054,0,0,0
109000055,0,0,0
109000056,0,0,0
109000057,0,0,0
109000058,0,0,0
109000059,0,1,-1
109000060,0,0,0
109000061,0,0,0
109000062,0,0,0
109000063,0,0,0
109000064,0,0,0
109000065,0,0,0
109000066,0,0,0
109000067,0,1,-1
109000068,1,1,0
109000069,0,0,0
109000070,0,150,-150
109000071,0,0,0
109000072,0,0,0
109000073,0,0,0
109000074,0,0,0
109000075,28,284,-256
109000076,0,0,0
109000077,0,0,0
109000078,0,0,0
109000079,0,0,0
109000080,0,0,0
109000081,0,0,0
109000082,0,0,0
109000083,0,0,0
109000088,0,0,0
109000089,0,0,0
109000090,0,0,0
109000091,0,0,0
109000092,0,0,0
109000093,0,0,0
109000094,0,0,0
109000095,0,0,0
109000096,0,0,0
109000097,0,0,0
109000098,0,0,0
109000099,10,3,7
109000100,1,63,-62
109000101,34,5,29
109000102,5,138,-133
109000103,0,0,0
109000104,21,3,18
109000105,4,152,-148
109000106,48,6,42
109000107,7,115,-108
109000108,40,9,31
109000109,19,184,-165
109000110,60,10,50
109000111,60,158,-98
109000112,0,0,0
109000113,29,92,-63
109000114,0,0,0
109000115,0,0,0
109000116,1,28,-27
109000117,0,0,0
109000118,0,36,-36
109000119,0,0,0
109000120,4,86,-82
109000121,0,0,0
109000122,2,77,-75
109000123,0,0,0
109000124,0,0,0
109000125,0,0,0
109000126,9,119,-110
109000127,0,0,0
109000128,2,105,-103
109000129,0,0,0
109000130,11,142,-131
109000131,0,0,0
109000132,41,79,-38
109000133,4,138,-134
109000134,13,290,-277
109000135,27,177,-150
109000136,0,0,0
109000137,0,0,0
109000138,0,0,0
109000139,0,0,0
109000140,0,0,0
109000141,0,0,0
109000142,0,0,0
109000143,0,0,0
109000145,0,0,0
109000146,0,0,0
109000148,5,0,5
109000149,0,0,0
109000150,0,0,0
109000155,0,0,0
109000156,0,0,0
109000158,0,0,0
109000159,0,0,0
109000160,0,0,0
109000161,0,0,0
109000162,0,0,0
109000163,0,0,0
109000164,0,0,0
109000165,0,0,0
109000166,0,0,0
109000167,0,0,0
109000170,0,0,0
109000171,0,0,0
109000172,0,0,0
109000173,0,0,0
109000174,0,0,0
109000175,0,0,0
109000176,0,0,0
109000177,0,0,0
109000178,0,0,0
109000179,1,1,0
109000180,7,4,3
109000181,0,0,0
109000182,0,0,0
109000183,0,0,0
109000184,0,0,0
109000185,0,0,0
109000188,0,0,0
109000189,1,0,1
109000190,0,0,0
109000191,0,0,0
109000192,0,0,0
109000193,0,0,0
109000194,0,0,0
109000195,0,0,0
109000196,0,0,0
109000197,0,0,0
109000198,0,0,0
109000199,0,0,0
109000206,0,0,0
109000207,0,0,0
109000208,0,0,0
109000209,0,0,0
109000210,0,0,0
109000211,0,0,0
109000214,0,0,0
109000215,0,0,0
109000216,7,7,0
109000217,0,0,0
109000218,0,1,-1
109000221,0,0,0
109000222,0,0,0
109000223,0,0,0
109000224,0,0,0
109000225,0,0,0
109000226,0,0,0
109000227,0,0,0
109000228,0,41,-41
109000231,0,0,0
109000232,0,0,0
109000236,4,149,-145
109000241,0,0,0
109000242,0,0,0
109000293,0,0,0
109000361,0,0,0
109000364,0,0,0
109000396,0,0,0
109000397,0,0,0
109000399,0,0,0
109000400,0,0,0
109000403,0,0,0
109000406,13,7,6
109000407,0,0,0
109000408,1,127,-126
109000410,0,0,0
109000411,0,0,0
109900001,0,0,0
109900002,0,0,0
109900003,0,0,0
109900004,0,0,0
109900005,0,0,0
109900006,0,0,0
109900007,0,0,0
109900008,0,0,0
109900009,0,0,0
109900010,0,0,0
109900011,1,0,1
109900012,1,0,1
109900013,0,1,-1
109900014,0,0,0
109900015,0,0,0
109900016,0,0,0
109900017,0,0,0
109900018,0,0,0
109900019,0,1,-1
109900020,0,0,0
109900021,0,0,0
109900022,0,0,0
109900023,0,0,0
109900024,0,0,0
109900025,0,0,0
109900026,0,0,0
109900027,0,0,0
109900028,2,0,2
109900029,0,0,0
109900030,0,0,0
109900031,0,0,0
109900032,0,0,0
109900033,0,0,0
109900034,0,0,0
109900035,0,0,0
109900036,0,0,0
109900037,0,0,0
109900038,0,0,0
109900039,0,0,0
109900040,0,0,0
109900041,0,0,0
109900042,0,0,0
109900044,0,0,0
109900045,0,0,0
109900046,0,0,0
109900047,0,0,0
109900048,0,0,0
109900049,0,0,0
109900050,0,0,0
109900051,0,0,0
109900052,0,0,0
109900053,0,0,0
109900054,0,0,0
109900055,0,0,0
109900056,0,0,0
109900057,0,0,0
109900058,0,0,0
109900059,0,0,0
109900060,0,0,0
109900061,0,0,0
109900062,0,0,0
109900063,0,0,0
109900064,0,0,0
109900065,0,0,0
109900066,0,0,0
109900067,0,0,0
109900068,0,0,0
109900069,0,0,0
109900070,0,0,0
109900071,0,0,0
109900072,0,0,0
109900073,0,0,0
109900074,0,0,0
109900075,0,0,0
109900076,0,0,0
109900077,0,0,0
109900078,0,0,0
109900080,0,0,0
109900081,0,0,0
109900082,0,0,0
109900083,0,0,0
109900084,0,0,0
109900085,0,0,0
109900086,0,0,0
109900087,0,0,0
109900089,0,0,0
109900090,0,0,0
109900091,0,0,0
109900092,0,0,0
109900093,0,0,0
109900094,0,0,0
109900095,0,0,0
109900096,0,0,0
109900097,0,0,0
109900098,0,0,0
109900099,0,0,0
109900100,0,0,0
109900101,0,0,0
109900102,0,0,0
109900103,0,0,0
109900104,0,0,0
109900105,0,0,0
109900106,0,0,0
109900107,0,0,0
109900108,0,0,0
109900109,0,0,0
109900110,0,0,0
109900111,0,0,0
109900112,0,0,0
109900113,0,0,0
109900114,0,0,0
109900115,0,0,0
109900117,0,0,0
109900118,0,0,0
109900119,0,0,0
109900120,0,0,0
109900121,0,1,-1
109900122,0,0,0
109900123,0,0,0
109900124,0,0,0
109900125,0,0,0
109900126,0,0,0
109900128,0,0,0
109900130,0,0,0
109900131,0,0,0
109900132,0,0,0
109900133,0,0,0
109900134,0,0,0
109900135,0,0,0
109900136,0,0,0
109900137,0,0,0
109900138,0,0,0
109900140,0,0,0
109900142,0,0,0
109900145,0,0,0
109900146,0,0,0
109900148,0,0,0
109900149,0,0,0
109900150,0,0,0
109900151,0,0,0
109900152,0,0,0
109900153,0,0,0
109900154,0,0,0
109900155,0,0,0
109900157,0,0,0
109900158,0,0,0
109900159,0,0,0
109900160,1,0,1
109900161,0,0,0
109900162,0,0,0
109900163,0,0,0
109900164,0,0,0
109900165,0,0,0
109900166,0,0,0
109900167,0,0,0
109900168,0,0,0
109900169,0,0,0
109900170,0,0,0
109900171,0,0,0
109900172,0,0,0
109900173,0,0,0
109900174,0,0,0
109900175,0,0,0
109900176,0,0,0
109900177,0,0,0
109900178,0,0,0
109900179,0,0,0
109900180,0,0,0
110000001,78,173,-95
110000002,79,92,-13
110000003,506,332,174
110000004,244,113,131
110000005,106,32,74
110000006,0,2,-2
110000007,0,0,0
110000008,0,0,0
110000009,0,0,0
110000010,0,0,0
110000011,0,0,0
110000012,5,4,1
110000013,0,0,0
110000014,7,2,5
110000015,0,0,0
110000016,0,0,0
110000017,0,0,0
110000018,3,0,3
110000019,0,0,0
110000020,0,0,0
110000021,0,0,0
110000022,0,0,0
110000023,0,0,0
110000024,3,5,-2
110000025,0,0,0
110000026,0,0,0
110000027,0,0,0
110000028,1,0,1
110000029,1,7,-6
110000030,0,0,0
110000031,4,6,-2
110000032,0,0,0
110000033,0,0,0
110000034,0,0,0
110000035,0,0,0
110000036,0,0,0
110000037,0,0,0
110000038,0,0,0
110000039,0,0,0
110000040,0,0,0
110000041,0,0,0
110000042,0,0,0
110000043,0,0,0
110000044,0,0,0
110000045,0,0,0
110000046,0,0,0
110000047,0,0,0
110000048,0,0,0
110000049,0,0,0
110000050,0,0,0
110000051,0,0,0
110000052,0,0,0
110000053,0,0,0
110000054,0,0,0
110000055,0,0,0
110000056,0,0,0
110000057,7,3,4
110000058,0,0,0
110000059,87,205,-118
110000060,56,92,-36
110000061,275,285,-10
110000062,236,109,127
110000063,0,0,0
110000064,0,0,0
110000065,0,0,0
110000066,0,0,0
110000067,0,0,0
110000068,0,0,0
110000069,0,0,0
110000071,0,0,0
110000073,0,0,0
110000075,0,0,0
110000076,0,0,0
110000077,0,0,0
110000078,0,0,0
110000080,24,167,-143
110000081,6,55,-49
110000082,1,54,-53
110000083,30,125,-95
110000084,0,0,0
110000085,653,262,391
110000086,0,0,0
110000087,4,40,-36
110000088,0,88,-88
110000089,0,0,0
110000090,0,0,0
110000091,0,0,0
110000092,0,0,0
110000093,65,25,40
110000094,27,198,-171
110000095,0,0,0
110000096,257,357,-100
110000097,0,0,0
110000098,0,0,0
110000099,34,284,-250
110000100,0,0,0
110000101,0,0,0
110000102,0,0,0
110000104,0,0,0
110000105,0,0,0
110000106,0,0,0
110000107,0,0,0
110000108,12,0,12
110000109,0,17,-17
110000110,534,6,528
110000111,0,5,-5
110000112,0,0,0
110000113,0,0,0
110000114,0,0,0
110000115,0,0,0
110000116,0,0,0
110000117,0,9,-9
110000118,0,0,0
110000119,0,9,-9
110000120,0,0,0
110000121,1,8,-7
110000122,0,0,0
110000123,0,0,0
110000124,0,71,-71
110000125,1,0,1
110000126,0,0,0
110000127,1,0,1
110000128,0,102,-102
110000129,2,43,-41
110000130,0,0,0
110000131,12,33,-21
110000132,0,50,-50
110000133,0,0,0
110000134,0,0,0
110000135,0,0,0
110000136,0,0,0
110000137,0,0,0
110000138,0,0,0
110000139,0,0,0
110000140,1,0,1
110000143,0,0,0
110000144,344,19,325
110000145,106,12,94
110000146,152,22,130
110000147,1,0,1
110000148,0,0,0
110000151,0,0,0
110000152,0,0,0
110000153,0,0,0
110000154,0,0,0
110000155,221,521,-300
110000156,43,285,-242
110000157,133,225,-92
110000160,0,0,0
110000161,0,0,0
110000166,0,0,0
110000167,0,0,0
110000168,0,0,0
110000169,0,0,0
110000170,0,0,0
110000171,0,0,0
110000172,13,233,-220
110000173,98,254,-156
110000174,0,0,0
110000175,0,0,0
110000176,0,0,0
110000177,0,1,-1
110000178,41,45,-4
110000179,10,55,-45
110000180,2,24,-22
110000181,3,32,-29
110000182,54,20,34
110000183,2,0,2
110000184,43,28,15
110000185,10,89,-79
110000186,8,50,-42
110000191,0,1,-1
110000192,0,0,0
110000193,0,0,0
110000194,0,49,-49
110000195,0,0,0
110000196,0,0,0
110000197,0,0,0
110000198,0,0,0
110000199,0,0,0
110000200,6,37,-31
110000201,0,0,0
110000202,3,2,1
110000203,5,34,-29
110000204,0,0,0
110000205,0,0,0
110000206,4,32,-28
110000207,0,5,-5
110000208,0,0,0
110000209,17,24,-7
110000210,0,0,0
110000211,0,0,0
110000212,20,13,7
110000213,0,0,0
110000214,0,0,0
110000215,0,0,0
110000216,0,3,-3
110000217,0,0,0
110000218,0,4,-4
110000219,0,0,0
110000220,0,1,-1
110000221,0,0,0
110000222,0,3,-3
110000223,0,0,0
110000224,0,0,0
110000225,1,36,-35
110000226,0,0,0
110000227,3,26,-23
110000228,0,0,0
110000229,0,14,-14
110000230,0,0,0
110000231,0,0,0
110000232,5,22,-17
110000233,0,0,0
110000234,0,0,0
110000235,0,0,0
110000236,49,90,-41
110000237,77,99,-22
110000238,3,33,-30
110000239,28,90,-62
110000240,0,0,0
110000242,0,0,0
110000243,0,0,0
110000244,0,54,-54
110000245,1,75,-74
110000246,0,2,-2
110000247,0,0,0
110000248,0,0,0
110000249,0,0,0
110000250,0,0,0
110000251,0,0,0
110000252,0,0,0
110000253,0,0,0
110000254,7,83,-76
110000255,0,34,-34
110000256,0,0,0
110000257,14,119,-105
110000258,0,0,0
110000259,0,0,0
110000260,0,0,0
110000263,0,0,0
110000264,0,0,0
110000265,163,104,59
110000266,156,77,79
110000267,0,3,-3
110000268,0,0,0
110000269,0,0,0
110000270,0,0,0
110000271,0,0,0
110000272,65,186,-121
110000273,126,268,-142
110000274,3,48,-45
110000275,4,3,1
110000276,9,37,-28
110000277,1,3,-2
110000278,0,0,0
110000279,0,0,0
110000280,0,1,-1
110000281,0,0,0
110000282,0,0,0
110000283,0,0,0
110000284,0,0,0
110000285,0,0,0
110000286,0,0,0
110000287,0,0,0
110000288,0,0,0
110000289,0,0,0
110000290,50,47,3
110000291,0,0,0
110000292,19,104,-85
110000293,0,1,-1
110000294,2,54,-52
110000295,0,0,0
110000296,1,29,-28
110000297,33,35,-2
110000298,0,0,0
110000299,0,0,0
110000301,0,0,0
110000302,0,0,0
110000303,0,0,0
110000304,0,0,0
110000305,0,0,0
110000306,0,0,0
110000307,0,0,0
110000308,0,0,0
110000309,0,0,0
110000310,0,0,0
110000311,0,0,0
110000312,0,0,0
110000313,50,137,-87
110000314,0,0,0
110000315,254,280,-26
110000316,51,277,-226
110000317,8,3,5
110000318,0,0,0
110000319,0,0,0
110000320,0,0,0
110000321,0,0,0
110000322,0,0,0
110000323,0,0,0
110000324,127,249,-122
110000325,0,0,0
110000327,0,12,-12
110000328,6,73,-67
110000333,0,0,0
110000334,9,109,-100
110000335,0,0,0
110000336,8,155,-147
110000337,0,0,0
110000338,0,0,0
110000339,0,0,0
110000340,0,0,0
110000341,6,121,-115
110000342,0,0,0
110000343,0,15,-15
110000344,1,5,-4
110000345,0,0,0
110000346,190,98,92
110000347,174,37,137
110000348,0,0,0
110000349,0,0,0
110000350,0,0,0
110000351,5,33,-28
110000352,10,192,-182
110000353,35,32,3
110000354,3,187,-184
110000355,0,6,-6
110000356,0,0,0
110000357,0,0,0
110000361,0,0,0
110000362,0,0,0
110000363,0,0,0
110000364,0,0,0
110000365,0,0,0
110000366,0,0,0
110000367,11,25,-14
110000368,0,0,0
110000369,0,0,0
110000373,0,26,-26
110000374,0,0,0
110000375,0,60,-60
110000376,0,0,0
110000377,0,0,0
110000378,0,0,0
110000379,131,47,84
110000380,0,0,0
110000383,0,18,-18
110000384,0,10,-10
110000385,0,0,0
110000387,0,14,-14
110000388,0,0,0
110000389,0,1,-1
110000391,0,1,-1
110000396,0,0,0
110000397,0,0,0
110000398,0,0,0
110000399,0,1,-1
110000587,0,0,0
110000589,0,0,0
110000640,0,0,0
110000652,0,1,-1
110000653,1,12,-11
110000654,0,0,0
110000656,0,0,0
110000674,0,0,0
110000675,0,0,0
110000676,0,0,0
110000679,9,3,6
110000682,0,0,0
110000683,0,0,0
110000684,0,0,0
110000685,0,0,0
110000686,0,0,0
110000687,0,0,0
110000688,97,1,96
110000689,0,0,0
110000692,0,0,0
110000693,0,0,0
110000694,1,195,-194
110000695,4,56,-52
110000696,0,0,0
110900001,0,0,0
110900002,0,0,0
110900003,0,5,-5
110900004,0,0,0
110900005,2,0,2
110900006,0,0,0
110900007,0,0,0
110900008,0,0,0
110900009,0,0,0
110900010,0,0,0
110900011,0,0,0
110900012,0,0,0
110900013,0,0,0
110900014,0,0,0
110900015,0,0,0
110900016,0,0,0
110900017,0,0,0
110900018,0,0,0
110900019,0,0,0
110900020,0,0,0
110900021,0,0,0
110900022,0,0,0
110900023,0,0,0
110900024,0,0,0
110900025,0,0,0
110900027,0,0,0
110900028,0,0,0
110900029,0,0,0
110900030,0,0,0
110900031,0,0,0
110900032,0,0,0
110900033,0,0,0
110900035,0,0,0
110900036,0,0,0
110900037,0,0,0
110900038,0,0,0
110900039,0,0,0
110900040,0,0,0
110900041,0,0,0
110900042,0,0,0
110900043,0,0,0
110900044,0,0,0
110900045,0,0,0
110900046,1,0,1
110900047,0,0,0
110900049,0,0,0
110900050,0,0,0
110900051,0,0,0
110900052,0,0,0
110900053,0,0,0
110900054,0,0,0
110900055,0,0,0
110900056,0,0,0
110900057,0,0,0
110900058,0,0,0
110900059,0,0,0
110900060,0,0,0
110900061,0,0,0
110900062,0,0,0
110900063,0,0,0
110900064,0,0,0
110900065,0,0,0
110900066,0,0,0
110900067,0,0,0
110900068,0,0,0
110900069,0,0,0
110900070,0,0,0
110900071,0,0,0
110900073,0,0,0
110900074,0,0,0
110900075,0,0,0
110900077,0,0,0
110900078,0,0,0
110900079,1,0,1
110900080,0,0,0
110900081,0,0,0
110900082,0,0,0
110900083,0,0,0
110900084,0,0,0
110900085,0,0,0
110900086,0,0,0
110900087,0,0,0
110900088,0,0,0
110900090,0,0,0
110900091,0,0,0
110900093,0,0,0
110900095,0,0,0
110900097,0,0,0
110900098,0,0,0
110900099,0,0,0
110900100,0,0,0
110900102,0,0,0
110900105,0,0,0
110900108,0,0,0
110900111,0,0,0
110900112,0,0,0
110900113,0,0,0
110900115,0,0,0
110900116,0,2,-2
110900118,0,0,0
110900119,6,1,5
110900120,0,0,0
110900121,0,0,0
110900122,0,0,0
110900125,0,0,0
110900127,0,5,-5
110900128,0,0,0
110900129,0,0,0
110900130,0,0,0
110900131,0,0,0
110900132,0,0,0
110900133,0,0,0
110900135,0,0,0
110900136,0,0,0
110900137,0,0,0
110900138,0,0,0
110900139,0,0,0
110900140,0,0,0
110900141,0,0,0
110900142,0,0,0
110900143,0,0,0
110900144,0,33,-33
110900145,0,0,0
110900146,0,0,0
110900147,2,2,0
110900148,0,4,-4
110900149,0,0,0
110900150,0,0,0
110900151,0,0,0
110900152,0,3,-3
110900153,0,0,0
111000001,47,10,37
111000002,137,107,30
111000003,18,33,-15
111000004,104,179,-75
111000005,55,50,5
111000006,195,236,-41
111000007,136,214,-78
111000008,440,401,39
111000009,237,339,-102
111000010,107,159,-52
111000011,273,499,-226
111000012,196,90,106
111000013,43,329,-286
111000014,59,99,-40
111000017,1,6,-5
111000018,3,5,-2
111000020,129,427,-298
111000021,0,0,0
111000023,0,0,0
111000025,59,204,-145
111000029,0,0,0
111000030,0,0,0
111000031,0,1,-1
111000032,0,0,0
111000033,0,0,0
111000034,0,29,-29
111000037,29,52,-23
111000038,28,67,-39
111000039,4,1,3
111000040,2,3,-1
111000041,2,18,-16
111000042,13,13,0
111000043,4,0,4
111000044,0,0,0
111000045,1,0,1
111000046,1,2,-1
111000047,3,1,2
111000049,32,50,-18
111000050,109,236,-127
111000051,27,123,-96
111000052,76,150,-74
111000053,53,108,-55
111000054,46,116,-70
111000055,66,131,-65
111000056,13,61,-48
111000057,3,52,-49
111000058,1,1,0
111000059,1,1,0
111000060,5,5,0
111000061,0,3,-3
111000062,0,4,-4
111000063,7,4,3
111000064,0,4,-4
111000065,4,1,3
111000066,0,1,-1
111000067,1,9,-8
111000068,0,7,-7
111000069,10,37,-27
111000070,13,8,5
111000071,0,7,-7
111000072,0,0,0
111000073,0,0,0
111000074,1,0,1
111000075,0,0,0
111000076,0,0,0
111000077,1,0,1
111000078,40,89,-49
111000079,6,1,5
111000080,0,1,-1
111000081,37,17,20
111000082,6,0,6
111000084,2,2,0
111000085,1,0,1
111000086,1,0,1
111000087,1,2,-1
111000088,0,0,0
111000089,0,0,0
111000090,0,0,0
111000091,0,2,-2
111000092,0,1,-1
111000093,0,0,0
111000094,49,51,-2
111000095,6,79,-73
111000096,21,336,-315
111000097,431,85,346
111000098,35,137,-102
111000099,15,237,-222
111000100,16,221,-205
111000101,7,51,-44
111000102,8,110,-102
111000104,2,0,2
111000107,7,78,-71
111000109,0,0,0
111000110,2,0,2
111000111,0,0,0
111000112,1,0,1
111000113,0,1,-1
111000114,0,0,0
111000115,8,0,8
111000116,2,0,2
111000117,0,0,0
111000118,0,0,0
111000119,0,0,0
111000120,0,0,0
111000121,0,0,0
111000122,1,11,-10
111000123,3,13,-10
111000124,4,19,-15
111000125,3,8,-5
111000126,1,10,-9
111000127,0,1,-1
111000128,0,0,0
111000129,0,0,0
111000130,1,0,1
111000131,0,0,0
111000132,2,0,2
111000133,0,0,0
111000134,0,0,0
111000135,0,0,0
111000136,0,0,0
111000138,0,0,0
111000140,0,0,0
111000141,4,18,-14
111000142,0,0,0
111000143,0,0,0
111000144,0,0,0
111000145,0,0,0
111000146,0,0,0
111000147,0,0,0
111000148,0,0,0
111000149,0,3,-3
111000150,0,0,0
111000151,0,2,-2
111000153,1,0,1
111000154,0,0,0
111000155,0,1,-1
111000156,0,0,0
111000157,0,0,0
111000158,1,0,1
111000159,4,0,4
111000160,1,2,-1
111000161,0,2,-2
111000162,0,2,-2
111000163,1,2,-1
111000164,0,19,-19
111000165,1,20,-19
111000166,1,2,-1
111000167,0,1,-1
111000168,2,0,2
111000169,0,1,-1
111000170,1,5,-4
111000171,0,0,0
111000172,0,0,0
111000173,0,0,0
111000174,0,0,0
111000175,0,0,0
111000176,0,0,0
111000177,0,0,0
111000178,0,0,0
111000179,0,0,0
111000180,0,0,0
111000181,0,0,0
111000182,0,0,0
111000183,0,0,0
111000184,0,0,0
111000185,2,8,-6
111000186,1,3,-2
111000187,2,9,-7
111000188,1,18,-17
111000189,0,0,0
111000190,0,0,0
111000191,0,0,0
111000192,0,0,0
111000193,0,0,0
111000194,0,0,0
111000195,0,0,0
111000196,0,0,0
111000197,0,0,0
111000198,0,0,0
111000199,0,0,0
111000200,0,0,0
111000201,0,0,0
111000202,0,0,0
111000203,0,0,0
111000204,0,0,0
111000213,0,0,0
111000214,3,3,0
111000215,0,3,-3
111000217,29,58,-29
111000218,27,72,-45
111000219,16,60,-44
111000220,8,13,-5
111000221,0,0,0
111000224,1,33,-32
111000225,0,0,0
111000226,0,0,0
111000227,0,0,0
111000228,0,0,0
111000229,0,0,0
111000230,0,0,0
111000231,0,0,0
111000232,2,8,-6
111000233,4,10,-6
111000234,4,10,-6
111000239,4,7,-3
111000240,0,0,0
111000241,0,11,-11
111000242,0,0,0
111000243,4,35,-31
111000244,0,0,0
111000245,0,0,0
111000246,0,0,0
111000247,0,13,-13
111000248,0,0,0
111000249,1,7,-6
111000250,0,0,0
111000251,0,0,0
111000253,0,0,0
111000255,0,0,0
111000257,0,0,0
111000260,8,46,-38
111000261,0,0,0
111000271,0,3,-3
111000273,0,0,0
111000274,1,5,-4
111000275,0,0,0
111000276,3,8,-5
111000277,0,0,0
111000278,0,0,0
111000291,0,4,-4
111000298,0,0,0
111000299,0,0,0
111000300,0,9,-9
111000302,0,0,0
111000303,0,0,0
111000312,0,0,0
111000315,0,18,-18
111000320,0,0,0
111000321,0,0,0
111000322,0,0,0
111000323,0,0,0
111000324,0,0,0
111000325,0,0,0
111000326,0,0,0
111000327,0,0,0
111000328,0,3,-3
111000329,0,2,-2
111000330,0,0,0
111000331,0,0,0
111000332,1,4,-3
111000334,2,38,-36
111000335,12,33,-21
111000337,13,106,-93
111000338,0,0,0
111000339,0,0,0
111000340,0,5,-5
111000341,17,15,2
111000342,5,15,-10
111000344,34,25,9
111000345,0,0,0
111000346,0,0,0
111000347,0,0,0
111000350,0,0,0
111000351,0,4,-4
111000352,0,0,0
111000353,0,2,-2
111000354,0,0,0
111000355,2,6,-4
111000358,0,11,-11
111000360,0,8,-8
111000361,0,6,-6
111000546,25,104,-79
111000547,0,0,0
111000548,8,37,-29
111000549,0,0,0
111000550,1,85,-84
111000551,0,0,0
111000552,0,0,0
111000907,0,3,-3
111000908,0,0,0
111000916,29,59,-30
111000917,2,6,-4
111000918,0,4,-4
111000920,0,0,0
111000921,0,18,-18
111000922,21,70,-49
111000924,2,47,-45
111000925,67,319,-252
111000926,241,546,-305
111000927,796,849,-53
111000928,1353,1058,295
111000929,64,134,-70
111000930,74,574,-500
111000931,166,303,-137
111000932,506,583,-77
111000933,277,173,104
111000934,283,546,-263
111000935,46,137,-91
111000936,80,303,-223
111000937,101,55,46
111000938,109,591,-482
111000939,0,0,0
111000940,0,0,0
111000941,0,0,0
111000943,0,0,0
111000944,0,0,0
111000945,0,27,-27
111001109,0,0,0
111001110,2,26,-24
111001111,0,0,0
111001112,10,1,9
111001113,11,84,-73
111001114,0,0,0
111001115,1,21,-20
111001116,139,6,133
111001117,22,83,-61
111001120,0,0,0
111001121,0,0,0
111001122,0,6,-6
111001123,0,0,0
111001124,0,0,0
111900001,0,0,0
111900002,0,0,0
111900003,0,0,0
111900004,0,0,0
111900006,0,0,0
111900007,0,0,0
111900008,0,0,0
111900009,0,0,0
111900010,0,0,0
111900012,0,0,0
111900013,0,0,0
111900014,0,0,0
111900015,0,0,0
111900016,0,0,0
111900017,0,0,0
111900018,0,0,0
111900019,0,0,0
111900020,0,0,0
111900021,0,0,0
111900022,0,0,0
111900023,0,0,0
111900024,0,0,0
111900025,0,0,0
111900026,0,0,0
111900027,0,0,0
111900028,0,0,0
111900029,0,0,0
111900030,0,0,0
111900031,0,0,0
111900032,0,0,0
111900033,0,0,0
111900034,0,0,0
111900035,0,0,0
111900036,0,0,0
111900038,0,0,0
111900039,0,0,0
111900040,0,0,0
111900042,0,0,0
111900043,0,0,0
111900044,0,0,0
111900046,0,0,0
111900048,0,0,0
111900049,0,0,0
111900050,0,0,0
111900051,0,0,0
111900052,0,0,0
111900053,0,0,0
111900054,0,0,0
111900055,0,0,0
111900056,0,0,0
111900057,0,0,0
111900058,0,0,0
111900059,0,0,0
111900060,0,0,0
111900061,0,0,0
111900062,0,0,0
111900063,0,0,0
111900064,0,0,0
111900065,0,0,0
111900066,0,0,0
111900067,0,0,0
111900068,0,0,0
111900069,0,0,0
111900070,0,0,0
111900071,0,0,0
111900072,0,0,0
111900073,0,0,0
111900074,0,0,0
111900075,0,0,0
111900076,0,0,0
111900077,0,0,0
111900078,0,0,0
111900079,0,0,0
111900080,0,0,0
111900081,0,0,0
111900082,0,0,0
111900083,0,0,0
111900084,0,0,0
111900085,0,0,0
111900086,0,0,0
111900087,0,0,0
111900088,0,0,0
111900089,0,0,0
111900090,0,0,0
111900091,0,0,0
111900092,0,0,0
111900093,0,0,0
111900094,0,0,0
111900095,0,0,0
111900096,0,0,0
111900097,0,0,0
111900098,0,0,0
111900099,0,0,0
111900100,0,0,0
111900101,0,0,0
111900102,0,0,0
111900103,0,0,0
111900104,0,0,0
111900105,0,0,0
111900106,0,0,0
111900107,0,0,0
111900108,0,0,0
111900109,0,0,0
111900110,0,0,0
111900111,0,0,0
111900112,0,0,0
111900113,0,0,0
111900114,0,0,0
111900115,0,0,0
111900118,0,0,0
111900119,0,0,0
111900122,0,0,0
111900123,0,0,0
111900124,0,0,0
111900125,0,0,0
111900126,0,0,0
111900127,0,0,0
111900128,0,0,0
111900129,0,0,0
111900130,0,0,0
111900131,0,0,0
111900132,0,0,0
111900133,0,0,0
111900134,0,0,0
111900135,0,0,0
111900136,0,0,0
111900137,0,0,0
111900138,0,0,0
111900139,0,0,0
111900140,0,0,0
111900141,0,0,0
111900142,0,0,0
111900143,0,0,0
111900144,0,0,0
111900145,0,0,0
111900146,0,0,0
111900147,0,0,0
111900148,0,0,0
111900149,0,0,0
111900150,0,0,0
111900151,0,0,0
111900152,0,0,0
111900153,0,0,0
111900154,0,0,0
111900155,0,0,0
111900156,0,0,0
111900157,0,0,0
111900158,0,0,0
111900159,0,0,0
111900160,0,0,0
111900161,0,0,0
111900162,0,0,0
111900163,0,0,0
111900164,0,0,0
111901113,0,0,0
111901114,0,0,0
111901115,0,0,0
111901116,0,0,0
111901117,0,0,0
111901118,0,0,0
111901119,0,0,0
111901120,0,0,0
111901121,0,0,0
111901122,0,0,0
111901123,0,0,0
111901124,0,0,0
111901125,0,0,0
111901126,0,0,0
111901127,0,0,0
111901128,0,0,0
111901129,0,0,0
111901130,0,0,0
111901131,0,0,0
111901132,0,0,0
111901133,0,0,0
111901134,0,0,0
111901135,0,0,0
111901136,0,0,0
111901137,0,0,0
111901138,0,0,0
111901139,0,0,0
111901140,0,0,0
111901141,0,0,0
111901142,0,0,0
111901143,0,0,0
111901144,0,0,0
111901145,0,0,0
111901146,0,0,0
112000001,60,49,11
112000002,104,368,-264
112000003,43,51,-8
112000004,31,258,-227
112000005,117,110,7
112000006,177,368,-191
112000007,26,46,-20
112000008,30,95,-65
112000009,80,201,-121
112000010,25,70,-45
112000011,41,177,-136
112000012,106,305,-199
112000013,750,181,569
112000014,37,38,-1
112000015,19,52,-33
112000016,21,50,-29
112000017,7,52,-45
112000024,39,11,28
112000026,131,491,-360
112000027,0,0,0
112000028,36,144,-108
112000029,0,0,0
112000030,3,2,1
112000031,0,1,-1
112000032,8,3,5
112000033,1,0,1
112000034,1,0,1
112000035,0,1,-1
112000036,1,0,1
112000037,0,2,-2
112000038,1,0,1
112000039,0,0,0
112000040,0,0,0
112000041,0,0,0
112000042,0,0,0
112000050,0,0,0
112000051,21,24,-3
112000054,85,107,-22
112000057,5,5,0
112000058,2,2,0
112000059,0,4,-4
112000061,0,0,0
112000062,155,20,135
112000063,0,0,0
112000064,157,181,-24
112000065,17,5,12
112000066,0,3,-3
112000067,3,2,1
112000068,0,1,-1
112000069,2,11,-9
112000070,0,0,0
112000071,2,22,-20
112000072,1,0,1
112000073,0,11,-11
112000074,2,0,2
112000075,0,0,0
112000076,2,0,2
112000077,0,0,0
112000078,1,4,-3
112000079,3,1,2
112000080,2,4,-2
112000081,0,0,0
112000082,0,0,0
112000083,0,0,0
112000084,0,0,0
112000085,0,0,0
112000086,0,0,0
112000087,0,2,-2
112000088,0,0,0
112000089,2,0,2
112000090,0,0,0
112000091,20,83,-63
112000092,2,0,2
112000093,18,55,-37
112000094,2,1,1
112000095,10,31,-21
112000096,0,0,0
112000097,0,0,0
112000098,5,21,-16
112000099,0,1,-1
112000100,1,5,-4
112000101,5,40,-35
112000102,0,1,-1
112000103,4,39,-35
112000105,14,77,-63
112000106,0,1,-1
112000107,0,0,0
112000108,0,2,-2
112000109,0,0,0
112000110,0,0,0
112000111,5,11,-6
112000112,2,0,2
112000113,6,3,3
112000114,0,0,0
112000115,0,0,0
112000116,0,0,0
112000117,0,0,0
112000118,2,4,-2
112000119,3,8,-5
112000120,1,6,-5
112000121,0,2,-2
112000122,0,0,0
112000123,0,1,-1
112000124,0,0,0
112000125,0,0,0
112000126,0,0,0
112000127,12,0,12
112000128,8,2,6
112000129,0,3,-3
112000130,0,0,0
112000131,0,0,0
112000132,0,0,0
112000133,0,0,0
112000134,0,0,0
112000135,0,0,0
112000136,2,3,-1
112000137,0,0,0
112000138,8,11,-3
112000139,0,0,0
112000140,0,0,0
112000141,0,0,0
112000142,0,0,0
112000143,0,0,0
112000144,0,0,0
112000145,4,1,3
112000146,5,7,-2
112000147,0,6,-6
112000148,5,7,-2
112000149,0,0,0
112000150,0,0,0
112000151,0,0,0
112000152,0,0,0
112000153,0,0,0
112000154,0,0,0
112000155,0,0,0
112000157,205,65,140
112000158,0,0,0
112000159,1,0,1
112000167,0,0,0
112000169,0,0,0
112000173,1,0,1
112000175,0,0,0
112000176,0,0,0
112000177,0,0,0
112000178,0,0,0
112000179,0,0,0
112000180,0,0,0
112000181,18,80,-62
112000182,0,0,0
112000183,0,0,0
112000184,0,0,0
112000185,0,0,0
112000187,33,60,-27
112000195,0,0,0
112000196,0,0,0
112000197,1,0,1
112000198,0,0,0
112000199,0,0,0
112000202,0,0,0
112000216,0,0,0
112000230,0,0,0
112000231,0,2,-2
112000256,0,0,0
112000313,0,0,0
112000314,0,0,0
112000337,0,0,0
112000352,0,0,0
112000392,203,69,134
112000398,26,26,0
112000399,0,4,-4
112000400,77,316,-239
112000401,667,232,435
112000402,64,73,-9
112000403,0,2,-2
112000404,26,34,-8
112000405,32,90,-58
112000406,189,367,-178
112000407,303,216,87
112000408,467,655,-188
112000409,80,526,-446
112000410,0,0,0
112000411,0,0,0
112000412,0,0,0
112000413,0,0,0
112000414,0,0,0
112000415,0,0,0
112000416,92,43,49
112000417,0,0,0
112000421,0,0,0
112000422,0,0,0
112000424,0,0,0
112000425,1,25,-24
112000426,1,0,1
112000427,0,0,0
112000428,0,0,0
112000429,158,171,-13
112000430,84,198,-114
112000431,0,0,0
112000432,3,43,-40
112000433,49,120,-71
112000437,0,0,0
112900001,0,0,0
112900002,0,0,0
112900003,0,0,0
112900004,0,0,0
112900005,0,0,0
112900006,0,0,0
112900007,0,0,0
112900008,0,0,0
112900009,0,0,0
112900010,0,0,0
112900011,0,0,0
112900012,0,0,0
112900013,0,0,0
112900014,0,0,0
112900015,0,0,0
112900016,0,0,0
112900017,0,0,0
112900018,0,0,0
112900019,0,0,0
112900020,0,0,0
112900021,0,0,0
112900022,0,0,0
112900023,0,0,0
112900024,0,0,0
112900025,0,0,0
112900026,0,0,0
112900027,0,0,0
112900028,0,0,0
112900029,0,0,0
112900030,0,0,0
112900031,0,0,0
112900032,0,0,0
112900034,0,0,0
112900035,0,0,0
112900036,0,0,0
112900037,0,0,0
112900038,0,0,0
112900039,0,0,0
112900040,0,0,0
112900041,0,0,0
112900042,0,0,0
112900043,0,0,0
112900044,0,0,0
112900045,0,0,0
112900046,0,0,0
112900047,0,0,0
112900049,0,0,0
112900050,0,0,0
112900051,0,0,0
112900052,0,0,0
112900053,0,0,0
112900054,0,0,0
112900055,0,0,0
112900056,0,0,0
112900057,0,0,0
112900058,0,0,0
112900059,0,0,0
112900060,0,0,0
112900061,0,0,0
112900062,0,0,0
112900063,0,0,0
112900064,0,0,0
112900065,0,0,0
112900066,0,0,0
112900067,0,0,0
112900068,0,0,0
112900069,0,0,0
112900071,0,0,0
112900072,0,0,0
112900073,0,0,0
112900074,0,0,0
112900075,0,0,0
112900076,0,0,0
112900078,0,0,0
112900079,0,0,0
112900080,0,0,0
112900081,0,0,0
112900082,0,0,0
112900083,0,0,0
112900084,0,0,0
112900085,0,0,0
112900086,0,0,0
112900087,0,0,0
112900088,0,0,0
112900089,0,0,0
112900090,0,0,0
112900091,0,0,0
112900092,0,0,0
112900093,0,0,0
112900094,0,0,0
112900095,0,0,0
112900096,0,0,0
112900097,0,0,0
112900098,0,0,0
112900099,0,0,0
112900100,0,0,0
112900101,0,0,0
112900102,0,0,0
112900103,0,0,0
112900104,0,0,0
112900105,0,0,0
112900106,0,0,0
112900107,0,0,0
112900108,0,0,0
112900109,0,0,0
112900110,0,0,0
112900111,0,0,0
112900112,0,0,0
112900113,0,0,0
112900114,0,0,0
112900115,0,0,0
112900116,0,0,0
112900117,0,0,0
112900118,0,0,0
112900119,0,0,0
112900120,0,0,0
112900121,0,0,0
112900122,0,0,0
112900123,0,0,0
112900124,0,0,0
112900125,0,0,0
112900126,0,0,0
112900127,0,0,0
112900128,0,0,0
112900129,0,5,-5
112900130,0,0,0
112900131,0,0,0
112900132,0,0,0
112900133,0,0,0
112900134,0,9,-9
112900135,0,0,0
112900136,0,0,0
112900137,0,0,0
112900138,0,19,-19
112900139,0,0,0
112900140,0,0,0
112900141,0,0,0
112900142,0,0,0
112900143,0,0,0
112900144,0,0,0
112900145,0,0,0
112900146,0,0,0
112900147,0,0,0
112900148,0,0,0
112900149,0,0,0
112900151,0,0,0
112900152,0,0,0
112900153,0,0,0
112900154,0,0,0
112900155,0,0,0
112900156,0,0,0
112900157,0,0,0
112900158,0,0,0
112900159,0,0,0
112900160,0,0,0
112900161,0,0,0
112900162,0,0,0
112900163,0,0,0
112900164,0,0,0
112900165,0,0,0
112900166,0,0,0
112900167,0,0,0
112900168,0,0,0
112900169,0,0,0
112900170,0,0,0
112900172,0,0,0
112900173,0,0,0
112900174,0,0,0
112900175,0,0,0
112900176,0,0,0
112900177,0,0,0
112900178,0,0,0
112900179,0,0,0
112900180,0,0,0
112900181,0,0,0
112900182,0,0,0
112900183,0,0,0
112900184,0,0,0
112900185,0,0,0
112900186,0,0,0
112900187,0,0,0
112900188,0,0,0
112900189,0,0,0
112900190,0,0,0
112900192,0,0,0
112900193,0,0,0
112900194,0,0,0
112900195,0,0,0
112900196,0,0,0
112900197,0,0,0
112900199,0,0,0
112900200,0,0,0
112900201,0,0,0
112900202,0,0,0
112900203,0,0,0
112900204,0,0,0
112900205,0,0,0
112900206,0,0,0
112900207,0,0,0
112900208,0,0,0
112900209,0,0,0
112900210,0,0,0
112900211,0,0,0
112900212,0,0,0
112900213,0,0,0
112900214,0,0,0
112900215,0,0,0
112900216,0,0,0
112900217,0,0,0
112900218,0,0,0
112900219,0,0,0
112900220,0,0,0
112900221,0,0,0
112900222,0,0,0
112900223,0,0,0
112900224,0,0,0
112900225,0,0,0
112900226,0,0,0
112900227,0,0,0
112900228,0,0,0
112900229,0,0,0
112900230,0,0,0
112900232,0,0,0
112900233,0,0,0
112900234,0,0,0
112900235,0,0,0
112900236,0,0,0
112900237,0,0,0
112900238,0,0,0
112900239,0,0,0
113000001,226,166,60
113000002,188,112,76
113000003,9,6,3
113000004,4,2,2
113000005,3,4,-1
113000006,2,2,0
113000007,2,4,-2
113000008,2,3,-1
113000009,27,10,17
113000010,0,1,-1
113000011,12,45,-33
113000012,5,1,4
113000013,0,0,0
113000014,23,107,-84
113000015,2,21,-19
113000016,0,0,0
113000017,2,16,-14
113000018,0,0,0
113000019,1,34,-33
113000020,0,0,0
113000021,38,118,-80
113000022,7,164,-157
113000025,0,3,-3
113000026,0,0,0
113000027,0,0,0
113000028,1,9,-8
113000029,0,0,0
113000030,18,7,11
113000031,10,3,7
113000032,0,0,0
113000033,3,4,-1
113000034,17,5,12
113000035,0,1,-1
113000036,0,0,0
113000037,0,0,0
113000038,0,0,0
113000039,0,0,0
113000040,0,0,0
113000042,5,1,4
113000051,92,137,-45
113000052,130,58,72
113000053,28,25,3
113000054,8,57,-49
113000055,11,49,-38
113000056,33,57,-24
113000058,0,0,0
113000059,0,0,0
113000060,0,0,0
113000061,5,2,3
113000062,0,0,0
113000063,0,0,0
113000064,0,2,-2
113000065,0,17,-17
113000066,0,0,0
113000067,0,0,0
113000068,4,18,-14
113000069,1,16,-15
113000070,0,0,0
113000071,1,4,-3
113000072,0,0,0
113000073,6,43,-37
113000074,0,0,0
113000075,0,0,0
113000076,22,64,-42
113000077,0,0,0
113000078,0,0,0
113000079,2,0,2
113000080,0,0,0
113000081,0,0,0
113000082,0,3,-3
113000083,0,0,0
113000084,4,2,2
113000085,1,0,1
113000086,2,2,0
113000087,1,0,1
113000088,1,1,0
113000089,0,0,0
113000090,0,0,0
113000091,13,2,11
113000094,1,0,1
113000095,4,29,-25
113000096,4,8,-4
113000097,0,0,0
113000098,0,1,-1
113000099,0,0,0
113000100,8,10,-2
113000101,0,2,-2
113000102,0,0,0
113000103,0,0,0
113000104,0,0,0
113000105,0,0,0
113000106,0,0,0
113000107,0,0,0
113000108,0,0,0
113000109,0,0,0
113000110,0,0,0
113000111,0,0,0
113000112,0,0,0
113000113,0,0,0
113000114,0,0,0
113000116,0,0,0
113000117,1,2,-1
113000118,0,1,-1
113000119,1,0,1
113000120,0,1,-1
113000121,1,1,0
113000124,0,0,0
113000125,0,0,0
113000127,28,1,27
113000128,0,0,0
113000129,0,0,0
113000133,25,13,12
113000134,0,0,0
113000135,0,1,-1
113000137,0,0,0
113000139,2,0,2
113000140,3,11,-8
113000141,1,1,0
113000142,3,8,-5
113000143,0,1,-1
113000144,2,0,2
113000145,0,1,-1
113000146,0,1,-1
113000147,1,3,-2
113000148,1,1,0
113000149,0,0,0
113000150,2,1,1
113000151,0,1,-1
113000152,0,0,0
113000153,8,3,5
113000154,0,1,-1
113000155,1,1,0
113000156,4,5,-1
113000157,2,7,-5
113000158,1,1,0
113000159,2,0,2
113000160,12,18,-6
113000161,0,0,0
113000162,2,0,2
113000163,1,0,1
113000164,1,0,1
113000166,0,0,0
113000167,0,26,-26
113000168,0,24,-24
113000169,0,0,0
113000170,0,0,0
113000171,4,7,-3
113000172,3,0,3
113000173,0,0,0
113000174,3,49,-46
113000175,0,0,0
113000176,1,0,1
113000177,6,26,-20
113000178,2,37,-35
113000179,0,0,0
113000180,4,45,-41
113000181,2,63,-61
113000182,0,0,0
113000183,11,44,-33
113000184,0,7,-7
113000189,0,0,0
113000190,0,0,0
113000192,53,37,16
113000193,0,0,0
113000194,28,67,-39
113000195,0,0,0
113000196,3,1,2
113000197,0,0,0
113000198,0,10,-10
113000199,1,0,1
113000201,0,1,-1
113000202,12,1,11
113000203,0,0,0
113000204,21,44,-23
113000205,0,0,0
113000206,0,0,0
113000207,1,0,1
113000208,0,0,0
113000209,0,1,-1
113000210,0,0,0
113000211,0,0,0
113000212,0,0,0
113000213,0,0,0
113000214,0,0,0
113000234,4,29,-25
113000410,0,0,0
113000411,139,398,-259
113000412,778,334,444
113000413,439,382,57
113000414,928,473,455
113000415,648,480,168
113000416,1131,343,788
113000417,329,331,-2
113000418,128,155,-27
113000419,137,134,3
113000420,717,280,437
113000421,176,208,-32
113000422,1193,320,873
113000423,563,413,150
113000424,742,606,136
113000425,0,0,0
113000428,6,30,-24
113000430,4,11,-7
113000432,0,0,0
113000433,0,22,-22
113000434,0,0,0
113000435,0,0,0
113000436,0,0,0
113000437,0,0,0
113000438,0,0,0
113000439,0,8,-8
113000440,0,0,0
113000441,0,0,0
113000442,0,7,-7
113000443,0,0,0
113000444,1,10,-9
113000445,0,0,0
113000446,1,4,-3
113000448,6,10,-4
113000449,0,0,0
113000450,0,1,-1
113000451,5,10,-5
113000452,0,0,0
113000453,5,27,-22
113000454,0,0,0
113000455,0,12,-12
113000456,0,0,0
113000468,0,0,0
113000469,0,0,0
113000470,0,0,0
113000471,0,1,-1
113000472,0,1,-1
113000474,0,4,-4
113000475,76,174,-98
113000476,49,171,-122
113000477,121,262,-141
113000478,271,351,-80
113000479,0,4,-4
113000480,0,0,0
113000483,0,0,0
113000485,0,0,0
113000486,0,0,0
113000487,0,0,0
113000488,0,0,0
113000489,0,0,0
113000490,0,0,0
113000491,0,0,0
113000492,0,0,0
113000493,0,0,0
113000495,0,9,-9
113000496,0,0,0
113000499,0,0,0
113000500,0,2,-2
113900001,0,0,0
113900002,0,0,0
113900003,0,0,0
113900004,0,0,0
113900005,0,0,0
113900006,0,0,0
113900007,0,0,0
113900008,0,0,0
113900009,0,0,0
113900010,0,0,0
113900011,0,0,0
113900012,0,0,0
113900013,0,0,0
113900014,0,0,0
113900015,0,0,0
113900016,0,0,0
113900017,0,0,0
113900018,0,0,0
113900019,0,0,0
113900020,0,0,0
113900022,0,0,0
113900023,0,0,0
113900024,0,0,0
113900025,0,0,0
113900026,0,0,0
113900027,0,0,0
113900028,0,0,0
113900029,0,0,0
113900030,0,0,0
113900031,0,0,0
113900032,0,0,0
113900033,0,0,0
113900035,0,0,0
113900036,0,0,0
113900037,0,0,0
113900038,0,0,0
113900039,0,0,0
113900040,0,0,0
113900041,0,0,0
113900042,0,0,0
113900043,0,0,0
113900044,0,0,0
113900045,0,0,0
113900046,0,0,0
113900047,0,0,0
113900048,0,0,0
113900049,0,0,0
113900050,0,0,0
113900051,0,0,0
113900052,0,0,0
113900053,0,0,0
113900054,0,0,0
113900055,0,0,0
113900056,0,0,0
113900057,0,0,0
113900058,0,0,0
113900059,0,0,0
113900060,0,0,0
113900061,0,0,0
113900062,0,0,0
113900063,0,0,0
113900064,0,0,0
113900065,0,0,0
113900066,0,0,0
113900067,0,0,0
113900068,0,0,0
113900069,0,0,0
113900070,0,0,0
113900071,0,0,0
113900072,0,0,0
113900073,0,2,-2
113900074,0,0,0
113900075,0,0,0
113900076,0,0,0
113900077,0,0,0
113900078,0,0,0
113900079,0,0,0
113900080,0,0,0
113900081,0,0,0
113900082,0,0,0
113900083,0,0,0
113900084,0,0,0
113900085,0,0,0
113900086,0,0,0
113900087,0,0,0
113900088,0,0,0
113900089,0,0,0
113900090,0,0,0
113900091,0,0,0
113900092,0,0,0
113900093,0,0,0
113900094,0,0,0
113900095,0,0,0
113900096,0,0,0
113900097,0,0,0
113900098,0,0,0
113900099,0,0,0
113900100,0,0,0
113900101,0,0,0
113900102,0,0,0
113900103,0,0,0
113900104,0,0,0
113900105,0,0,0
113900106,0,0,0
113900107,0,0,0
113900108,0,0,0
113900109,0,0,0
113900110,0,0,0
113900111,0,0,0
113900112,0,0,0
113900113,0,0,0
113900114,0,0,0
113900115,0,0,0
113900116,0,0,0
113900117,0,0,0
113900118,0,0,0
113900119,0,0,0
113900120,0,0,0
113900121,0,0,0
113900122,0,0,0
113900123,0,0,0
113900124,0,0,0
113900125,0,0,0
113900126,0,0,0
113900127,0,0,0
113900128,0,0,0
113900129,0,0,0
113900130,0,0,0
113900131,0,0,0
113900132,0,0,0
113900133,0,0,0
113900135,1,2,-1
113900136,0,0,0
113900137,0,0,0
113900138,0,0,0
113900139,0,0,0
113900140,0,0,0
113900141,0,0,0
113900142,0,0,0
113900143,0,0,0
113900144,0,0,0
113900145,0,0,0
113900146,0,0,0
113900148,0,0,0
113900149,0,0,0
113900150,0,0,0
113900151,0,0,0
113900152,0,0,0
113900153,0,0,0
113900154,0,0,0
113900155,0,0,0
113900156,0,0,0
113900157,0,0,0
113900158,0,0,0
113900159,0,0,0
113900160,0,0,0
113900161,0,0,0
113900162,0,0,0
113900163,0,0,0
113900164,0,0,0
113900165,0,0,0
113900166,0,0,0
113900167,0,0,0
113900168,0,0,0
113900169,0,0,0
113900171,0,0,0
113900172,0,0,0
113900173,0,0,0
113900174,0,0,0
113900175,0,0,0
113900176,0,0,0
113900177,0,0,0
113900178,0,0,0
113900179,0,0,0
113900180,0,0,0
113900181,0,0,0
113900182,0,0,0
113900183,0,0,0
113900184,0,0,0
113900185,0,0,0
113900186,0,0,0
113900187,0,0,0
113900188,0,0,0
113900189,0,0,0
113900190,0,0,0
113900191,0,0,0
113900192,0,0,0
113900193,0,0,0
113900194,0,0,0
113900195,0,0,0
113900196,0,0,0
113900197,0,0,0
113900198,0,0,0
113900199,0,0,0
113900200,0,0,0
113900201,0,0,0
113900202,0,0,0
113900203,0,0,0
113900204,0,0,0
113900205,0,0,0
113900206,0,0,0
113900207,0,0,0
113900208,0,0,0
113900209,0,0,0
113900210,0,0,0
113900211,0,0,0
113900212,0,0,0
113900214,0,0,0
113900215,0,0,0
113900216,0,0,0
113900217,0,0,0
113900218,0,0,0
113900219,0,0,0
113900220,0,0,0
113900221,0,0,0
113900222,0,0,0
113900223,0,0,0
113900224,0,0,0
113900225,0,0,0
113900226,0,0,0
113900227,0,0,0
113900228,0,0,0
113900229,0,0,0
113900230,0,0,0
113900231,0,0,0
113900232,0,0,0
113900233,0,0,0
113900234,0,0,0
113900235,0,0,0
113900236,0,0,0
113900237,0,0,0
113900238,0,0,0
113900239,0,0,0
113900240,0,0,0
113900241,0,0,0
113900242,0,0,0
113900243,0,0,0
113900244,0,0,0
113900245,0,0,0
113900246,0,0,0
113900247,0,0,0
113900248,0,0,0
113900249,0,0,0
113900250,0,0,0
113900251,0,0,0
113900252,0,0,0
113900253,0,0,0
113900254,0,0,0
113900255,0,0,0
113900256,0,0,0
113900257,0,0,0
113900258,0,0,0
113900259,0,0,0
113900260,0,0,0
113900261,0,0,0
113900262,0,0,0
113900263,0,0,0
113900264,0,0,0
113900265,0,0,0
113900266,0,0,0
113900267,0,0,0
113900268,0,0,0
113900269,0,0,0
113900270,0,0,0
113900271,0,0,0
113900273,0,0,0
113900274,0,0,0
113900275,0,0,0
113900276,0,0,0
113900277,0,0,0
113900278,0,0,0
113900279,0,0,0
113900280,0,0,0
113900281,0,0,0
113900282,0,0,0
113900283,0,0,0
113900284,0,0,0
113900285,0,0,0
113900286,0,0,0
113900287,0,0,0
113900288,0,0,0
113900289,0,0,0
113900290,0,0,0
113900291,0,0,0
113900292,0,0,0
113900293,0,0,0
113900294,0,0,0
113900295,0,0,0
113900296,0,0,0
113900297,0,0,0
113900298,0,0,0
113900299,0,0,0
113900300,0,0,0
113900301,0,0,0
113900302,0,0,0
113900303,0,0,0
113900304,0,0,0
113900305,0,0,0
113900306,0,0,0
113900307,0,0,0
113900308,0,0,0
113900309,0,0,0
113900310,0,0,0
113900311,0,0,0
113900312,0,0,0
113900313,0,0,0
114000001,50,43,7
114000002,0,0,0
114000003,0,0,0
114000004,0,0,0
114000005,0,0,0
114000006,1,8,-7
114000007,1,6,-5
114000008,0,5,-5
114000009,0,0,0
114000011,138,68,70
114000012,41,54,-13
114000013,36,58,-22
114000014,0,0,0
114000015,0,0,0
114000016,0,0,0
114000017,0,0,0
114000018,0,0,0
114000026,18,62,-44
114000027,33,58,-25
114000028,86,77,9
114000038,0,0,0
114000039,0,0,0
114000040,0,0,0
114000042,0,0,0
114000043,0,0,0
114000044,0,0,0
114000045,0,0,0
114000046,5,11,-6
114000047,0,0,0
114000048,0,0,0
114000049,1,1,0
114000050,1,1,0
114000051,2,4,-2
114000052,0,2,-2
114000053,0,0,0
114000054,0,0,0
114000055,0,0,0
114000056,1,3,-2
114000057,172,21,151
114000058,0,0,0
114000059,0,0,0
114000060,2,4,-2
114000061,7,1,6
114000062,2,0,2
114000063,102,95,7
114000064,320,54,266
114000065,71,104,-33
114000066,0,0,0
114000067,0,0,0
114000068,0,0,0
114000069,0,0,0
114000070,169,63,106
114000071,0,0,0
114000072,0,0,0
114000073,0,0,0
114000074,0,0,0
114000075,0,0,0
114000076,0,0,0
114000077,0,0,0
114000078,0,0,0
114000079,0,0,0
114000080,0,0,0
114000081,0,0,0
114000082,0,5,-5
114000083,0,0,0
114000084,0,0,0
114000085,0,0,0
114000086,0,0,0
114000087,0,0,0
114000088,0,0,0
114000089,0,0,0
114000090,0,0,0
114000091,1,1,0
114000092,0,1,-1
114000093,2,1,1
114000094,6,0,6
114000095,0,0,0
114000096,0,0,0
114000097,0,0,0
114000098,0,0,0
114000099,0,0,0
114000100,0,0,0
114000101,0,0,0
114000102,0,0,0
114000103,0,0,0
114000104,0,0,0
114000105,0,0,0
114000106,0,0,0
114000107,0,0,0
114000108,41,28,13
114000109,0,2,-2
114000110,6,27,-21
114000111,1,0,1
114000112,6,40,-34
114000113,0,0,0
114000114,13,55,-42
114000115,2,1,1
114000116,39,17,22
114000117,53,9,44
114000118,54,11,43
114000119,69,4,65
114000120,0,0,0
114000121,0,4,-4
114000122,0,0,0
114000123,0,0,0
114000124,0,0,0
114000125,0,80,-80
114000126,0,0,0
114000127,0,0,0
114000128,0,0,0
114000130,0,0,0
114000131,0,0,0
114000132,2,4,-2
114000133,1,6,-5
114000134,0,0,0
114000138,0,0,0
114000139,0,0,0
114000144,0,0,0
114000145,0,0,0
114000146,0,0,0
114000147,2,1,1
114000148,0,0,0
114000149,0,0,0
114000150,2,1,1
114000151,23,21,2
114000152,0,0,0
114000153,3,3,0
114000154,0,1,-1
114000155,0,0,0
114000156,0,0,0
114000157,0,0,0
114000158,0,0,0
114000159,0,0,0
114000160,0,0,0
114000161,76,44,32
114000162,13,38,-25
114000163,0,0,0
114000165,0,1,-1
114000166,0,0,0
114000167,4,10,-6
114000168,1,9,-8
114000169,429,131,298
114000170,99,127,-28
114000171,144,187,-43
114000174,0,3,-3
114000176,3,3,0
114000177,4,17,-13
114000178,0,0,0
114000179,0,0,0
114000180,4,14,-10
114000181,30,79,-49
114000182,307,455,-148
114000183,166,161,5
114000184,118,309,-191
114000185,49,148,-99
114000189,0,0,0
114000190,0,0,0
114000191,0,0,0
114000192,5,160,-155
114000193,27,190,-163
114000194,4,1,3
114000195,0,0,0
114000196,3,15,-12
114000197,0,2,-2
114000198,0,0,0
114000199,0,0,0
114000200,1,8,-7
114000201,0,2,-2
114000202,0,0,0
114000203,0,1,-1
114000204,0,0,0
114000205,0,19,-19
114000206,3,8,-5
114000207,16,187,-171
114000208,17,194,-177
114000209,18,222,-204
114000210,23,147,-124
114000211,0,0,0
114000212,2,5,-3
114000213,98,4,94
114000214,0,0,0
114000215,0,3,-3
114000216,137,3,134
114000217,0,0,0
114000218,0,0,0
114000219,19,0,19
114000220,1,114,-113
114000221,28,1,27
114000222,3,68,-65
114000223,0,0,0
114000224,1,11,-10
114000225,21,39,-18
114000226,2,34,-32
114000227,0,2,-2
114000228,0,0,0
114000229,3,7,-4
114000230,0,0,0
114000231,4,9,-5
114000232,0,0,0
114000233,0,0,0
114000234,0,0,0
114000235,1,1,0
114000236,0,151,-151
114000237,0,4,-4
114000238,0,0,0
114000239,0,5,-5
114000240,2,5,-3
114000241,10,78,-68
114000242,71,90,-19
114000243,7,2,5
114000244,0,0,0
114000245,4,32,-28
114000246,25,8,17
114000247,0,0,0
114000248,1,1,0
114000249,2,2,0
114000250,52,17,35
114000251,4,28,-24
114000252,0,0,0
114000253,0,0,0
114000254,0,0,0
114000255,0,0,0
114000256,0,0,0
114000257,1,182,-181
114000258,21,0,21
114000259,0,30,-30
114000260,0,24,-24
114000261,23,6,17
114000262,0,0,0
114000263,0,0,0
114000264,0,0,0
114000265,0,2,-2
114000267,2,175,-173
114000268,0,79,-79
114000270,0,0,0
114000271,33,0,33
114000283,23,0,23
114000285,4,17,-13
114000288,4,28,-24
114000289,0,0,0
114000293,0,0,0
114000294,0,0,0
114000395,84,0,84
114000396,0,0,0
114000402,0,0,0
114000403,0,0,0
114000405,0,0,0
114000423,0,0,0
114000424,0,0,0
114000425,0,0,0
114000426,0,0,0
114000427,2,3,-1
114000428,0,0,0
114000429,0,0,0
114000432,0,0,0
114000434,0,0,0
114000435,0,0,0
114000436,12,38,-26
114000437,0,0,0
114900001,0,0,0
114900002,0,0,0
114900003,0,0,0
114900004,0,0,0
114900005,0,0,0
114900006,0,0,0
114900007,0,0,0
114900008,0,0,0
114900010,0,0,0
114900011,0,0,0
114900013,0,0,0
114900015,0,0,0
114900018,0,0,0
114900020,0,0,0
114900022,0,0,0
114900024,0,0,0
114900025,0,0,0
114900026,0,0,0
114900027,0,0,0
114900029,0,0,0
114900030,0,0,0
114900031,0,0,0
114900032,0,0,0
114900033,0,0,0
114900034,0,0,0
114900035,0,0,0
114900036,0,0,0
114900037,0,0,0
114900038,0,0,0
114900039,0,0,0
114900040,0,0,0
114900041,0,0,0
114900042,0,0,0
114900043,0,0,0
114900044,0,0,0
114900046,0,0,0
114900047,0,0,0
114900048,0,0,0
114900049,0,0,0
114900050,0,0,0
114900051,0,0,0
114900052,0,0,0
114900053,0,0,0
114900054,0,0,0
114900057,0,0,0
114900058,0,0,0
114900059,0,0,0
114900060,0,0,0
114900061,0,0,0
114900062,0,0,0
114900063,0,0,0
114900064,0,0,0
114900065,0,0,0
114900067,0,0,0
114900068,0,0,0
114900069,0,0,0
114900070,0,0,0
114900072,0,0,0
114900073,0,0,0
114900074,0,0,0
114900075,0,0,0
114900076,0,0,0
114900080,0,0,0
114900082,0,0,0
114900083,0,0,0
114900090,0,0,0
114900091,0,0,0
114900095,0,0,0
114900096,0,0,0
114900097,0,0,0
114900098,0,0,0
114900099,0,0,0
115000001,407,713,-306
115000002,347,86,261
115000003,259,467,-208
115000004,254,213,41
115000005,66,324,-258
115000006,23,78,-55
115000007,0,0,0
115000008,3,0,3
115000009,0,0,0
115000010,2,1,1
115000013,0,0,0
115000015,2,2,0
115000016,0,3,-3
115000019,0,0,0
115000020,0,0,0
115000021,11,95,-84
115000022,29,45,-16
115000023,26,15,11
115000024,41,62,-21
115000025,25,10,15
115000026,7,13,-6
115000027,17,6,11
115000028,11,25,-14
115000029,32,5,27
115000030,4,99,-95
115000031,63,8,55
115000032,1,8,-7
115000033,0,0,0
115000034,0,79,-79
115000035,0,0,0
115000036,0,28,-28
115000037,0,0,0
115000038,0,0,0
115000039,2,13,-11
115000040,0,0,0
115000041,6,17,-11
115000042,0,2,-2
115000043,15,83,-68
115000044,138,180,-42
115000045,31,120,-89
115000046,3,20,-17
115000047,13,15,-2
115000048,17,183,-166
115000049,51,162,-111
115000050,16,8,8
115000051,8,6,2
115000052,164,89,75
115000053,7,4,3
115000054,65,66,-1
115000055,0,45,-45
115000056,0,3,-3
115000057,0,4,-4
115000058,0,60,-60
115000059,0,6,-6
115000061,0,0,0
115000062,0,1,-1
115000063,0,2,-2
115000064,0,0,0
115000065,0,4,-4
115000067,0,0,0
115000069,2,28,-26
115000070,2,28,-26
115000071,0,0,0
115000072,0,0,0
115000073,25,0,25
115000075,0,0,0
115000076,111,124,-13
115000077,33,113,-80
115000078,8,78,-70
115000079,27,110,-83
115000080,21,192,-171
115000081,0,0,0
115000082,81,215,-134
115000083,0,8,-8
115000084,0,0,0
115000085,0,2,-2
115000086,0,1,-1
115000087,0,3,-3
115000088,1,0,1
115000089,253,161,92
115000090,101,308,-207
115000091,1,57,-56
115000092,0,0,0
115000093,0,0,0
115000094,187,176,11
115000095,183,416,-233
115000096,0,5,-5
115000097,6,46,-40
115000098,9,89,-80
115000099,0,4,-4
115000100,0,0,0
115000101,13,133,-120
115000102,0,0,0
115000103,2,5,-3
115000105,0,0,0
115000106,0,0,0
115000107,13,65,-52
115000108,355,391,-36
115000109,81,315,-234
115000110,73,60,13
115000111,82,179,-97
115000112,17,27,-10
115000113,60,93,-33
115000114,135,97,38
115000116,38,42,-4
115000117,42,77,-35
115000118,10,67,-57
115000119,117,80,37
115000120,5,79,-74
115000121,184,106,78
115000122,135,74,61
115000123,0,0,0
115000124,24,23,1
115000125,0,0,0
115000126,0,0,0
115000127,9,5,4
115000128,4,1,3
115000129,0,0,0
115000130,0,2,-2
115000131,0,0,0
115000132,0,4,-4
115000133,0,0,0
115000134,1,0,1
115000135,0,0,0
115000136,0,1,-1
115000137,0,0,0
115000138,0,0,0
115000139,0,0,0
115000140,0,0,0
115000141,0,1,-1
115000142,0,2,-2
115000143,1,0,1
115000144,0,0,0
115000145,1,1,0
115000146,1,0,1
115000147,0,2,-2
115000148,0,1,-1
115000149,0,0,0
115000150,2,1,1
115000151,1,0,1
115000152,2,1,1
115000153,0,0,0
115000154,1,0,1
115000155,0,2,-2
115000156,0,0,0
115000157,0,3,-3
115000158,0,0,0
115000159,1,0,1
115000160,0,0,0
115000161,0,1,-1
115000162,0,0,0
115000163,19,22,-3
115000164,12,13,-1
115000165,0,0,0
115000167,0,0,0
115000168,0,0,0
115000169,14,19,-5
115000170,2,7,-5
115000171,0,0,0
115000172,3,0,3
115000173,0,0,0
115000174,0,0,0
115000175,0,0,0
115000176,0,0,0
115000177,0,0,0
115000178,0,1,-1
115000179,0,0,0
115000180,0,2,-2
115000181,0,0,0
115000182,0,1,-1
115000183,0,9,-9
115000186,38,6,32
115000187,1,81,-80
115000188,204,9,195
115000189,10,64,-54
115000190,48,3,45
115000191,0,56,-56
115000194,0,0,0
115000195,0,0,0
115000196,0,0,0
115000197,0,0,0
115000198,0,0,0
115000199,0,0,0
115000200,0,0,0
115000201,0,0,0
115000206,0,0,0
115000207,1,30,-29
115000208,10,80,-70
115000209,41,2,39
115000210,0,0,0
115000211,12,14,-2
115000212,54,30,24
115000224,0,0,0
115000225,0,0,0
115000229,0,0,0
115000230,0,0,0
115000231,2,112,-110
115000232,0,0,0
115000233,0,1,-1
115000234,0,0,0
115000241,0,0,0
115000242,0,0,0
115000243,0,0,0
115000244,0,0,0
115000246,0,0,0
115000247,0,0,0
115000248,0,0,0
115000249,0,0,0
115000250,0,0,0
115000251,0,0,0
115000252,0,0,0
115000253,0,0,0
115000258,0,0,0
115000259,0,0,0
115000261,0,0,0
115000262,0,0,0
115000263,0,0,0
115000264,0,0,0
115000267,0,0,0
115000268,0,0,0
115000269,0,0,0
115000270,0,0,0
115000272,0,0,0
115000273,0,0,0
115000280,0,1,-1
115000281,8,6,2
115000282,8,3,5
115000284,291,57,234
115000296,0,0,0
115000297,0,0,0
115000298,2,0,2
115000300,0,0,0
115000302,0,0,0
115000303,0,0,0
115000304,0,0,0
115000305,0,18,-18
115000306,1,12,-11
115000307,0,6,-6
115000308,0,0,0
115000309,0,0,0
115000310,1,4,-3
115000311,0,0,0
115000313,7,4,3
115000314,0,0,0
115000315,45,212,-167
115000316,0,0,0
115000317,3,43,-40
115000318,57,3,54
115000319,0,55,-55
115000320,1,45,-44
115000321,42,1,41
115000322,0,60,-60
115000449,0,0,0
115000557,0,0,0
115000558,0,0,0
115000587,0,1,-1
115000588,219,519,-300
115000589,377,107,270
115000590,53,173,-120
115000591,49,38,11
115000592,42,178,-136
115000593,53,25,28
115000594,94,185,-91
115000609,0,1,-1
115000617,9,2,7
115000624,0,0,0
115000633,6,106,-100
115000634,375,38,337
115000635,38,7,31
115000638,0,0,0
115000641,0,0,0
115000642,0,2,-2
115000643,0,70,-70
115000644,5,37,-32
115000646,39,44,-5
115000647,5,53,-48
115000648,9,126,-117
115000893,495,78,417
115000894,2,115,-113
115000895,11,172,-161
115000896,97,14,83
115000897,105,2,103
115000898,117,13,104
115000899,10,59,-49
115000900,16,6,10
115000901,4,43,-39
115000912,12,8,4
115000913,0,0,0
115000915,0,0,0
115000916,0,0,0
115000917,0,0,0
115000918,0,0,0
115000919,0,0,0
115000920,0,0,0
115000921,0,0,0
115000922,82,30,52
115000923,21,83,-62
115000925,0,0,0
115000927,0,0,0
115000933,19,36,-17
115000934,0,0,0
115000935,0,0,0
115000936,0,0,0
115000937,15,6,9
115000938,21,10,11
115000939,25,19,6
115900001,0,0,0
115900002,0,0,0
115900003,0,0,0
115900004,0,0,0
115900005,0,0,0
115900006,0,0,0
115900008,0,0,0
115900009,0,0,0
115900010,0,0,0
115900011,0,0,0
115900012,0,0,0
115900013,0,0,0
115900014,0,0,0
115900015,0,0,0
115900016,0,0,0
115900017,0,0,0
115900018,0,0,0
115900019,0,0,0
115900020,0,0,0
115900021,0,0,0
115900022,0,0,0
115900023,0,0,0
115900025,0,0,0
115900026,0,0,0
115900027,0,0,0
115900028,0,0,0
115900029,0,0,0
115900030,0,0,0
115900031,0,0,0
115900032,0,0,0
115900033,0,0,0
115900034,0,0,0
115900035,0,0,0
115900036,0,0,0
115900037,0,0,0
115900038,0,0,0
115900039,0,0,0
115900041,0,0,0
115900042,0,0,0
115900043,0,0,0
115900044,0,0,0
115900046,0,0,0
115900047,0,0,0
115900049,0,0,0
115900051,0,0,0
115900052,0,0,0
115900053,0,0,0
115900054,0,0,0
115900055,0,0,0
115900056,0,0,0
115900057,0,0,0
115900058,0,0,0
115900060,0,0,0
115900061,0,0,0
115900062,0,0,0
115900063,0,0,0
115900064,0,0,0
115900065,0,0,0
115900066,0,0,0
115900067,0,0,0
115900068,0,0,0
115900069,0,0,0
115900070,0,0,0
115900071,0,0,0
115900072,0,0,0
115900073,0,0,0
115900074,0,0,0
115900075,0,0,0
115900076,0,0,0
115900077,0,0,0
115900078,0,0,0
115900079,0,0,0
115900080,0,0,0
115900081,0,0,0
115900082,0,0,0
115900084,0,0,0
115900085,0,0,0
115900086,0,0,0
115900088,0,0,0
115900089,0,0,0
115900090,0,0,0
115900091,0,0,0
115900092,0,0,0
115900093,0,0,0
115900094,0,0,0
115900096,0,0,0
115900097,0,0,0
115900098,0,0,0
115900099,0,0,0
115900100,0,0,0
115900101,0,0,0
115900102,0,0,0
115900103,0,0,0
115900104,0,0,0
115900105,0,0,0
115900106,0,0,0
115900107,0,0,0
115900108,0,0,0
115900109,0,0,0
115900110,0,0,0
115900111,0,0,0
115900112,0,0,0
115900113,0,0,0
115900114,0,0,0
115900115,0,0,0
115900116,0,0,0
115900117,0,0,0
115900118,0,0,0
115900119,0,0,0
115900120,0,0,0
115900121,0,0,0
115900124,0,0,0
115900125,0,0,0
115900126,0,0,0
115900127,0,0,0
115900128,0,0,0
115900129,0,0,0
115900130,0,0,0
115900131,0,0,0
115900132,0,0,0
115900134,0,0,0
115900135,0,0,0
115900137,0,0,0
115900139,0,0,0
115900140,0,0,0
115900141,0,0,0
115900142,0,0,0
115900143,0,0,0
115900144,0,0,0
115900146,0,0,0
115900147,0,0,0
115900148,0,0,0
115900149,0,0,0
115900150,0,0,0
115900151,0,0,0
115900152,0,0,0
115900153,0,0,0
115900154,0,0,0
115900155,0,0,0
115900156,0,0,0
115900157,0,0,0
115900158,0,0,0
115900159,0,0,0
115900160,0,0,0
115900161,0,0,0
115900163,0,0,0
115900164,0,0,0
115900165,0,0,0
115900166,0,0,0
115900168,0,0,0
115900171,0,0,0
115900172,0,0,0
115900173,0,0,0
115900174,0,0,0
115900175,0,0,0
115900178,0,0,0
115900179,0,0,0
115900180,0,0,0
115900181,0,0,0
115900182,0,0,0
115900183,0,0,0
115900184,0,0,0
115900187,0,0,0
115900189,0,0,0
115900190,0,0,0
115900191,0,0,0
115900192,0,0,0
115900193,0,0,0
115900194,0,0,0
115900195,0,0,0
115900198,0,0,0
115900199,0,0,0
115900200,0,0,0
115900201,0,0,0
115900202,0,0,0
115900203,0,0,0
115900204,0,0,0
115900205,0,0,0
115900206,0,0,0
115900207,0,0,0
115900208,0,0,0
115900209,0,0,0
115900210,0,0,0
115900211,0,0,0
115900212,0,0,0
115900213,0,0,0
115900214,0,0,0
115900215,0,0,0
115900216,0,0,0
115900217,0,0,0
115900218,0,0,0
115900219,0,0,0
115900220,0,0,0
115900221,0,0,0
115900222,0,0,0
115900223,0,0,0
115900224,0,0,0
115900225,0,0,0
115900226,0,0,0
115900227,0,0,0
115900228,0,0,0
115900229,0,0,0
115900230,0,0,0
115900231,0,0,0
115900232,0,0,0
115900233,0,0,0
115900234,0,0,0
115900235,0,0,0
115900236,0,0,0
115900237,0,0,0
115900238,0,0,0
115900239,0,0,0
115900240,0,0,0
115900241,0,0,0
115900242,0,0,0
115900243,0,0,0
115900244,0,0,0
115900245,0,0,0
115900246,0,0,0
115900247,0,0,0
115900248,0,0,0
115900249,0,0,0
115900250,0,0,0
115900251,0,0,0
115900252,0,0,0
115900253,0,0,0
115900254,0,0,0
115900255,0,0,0
115900256,0,0,0
115900257,0,0,0
115900258,0,0,0
115900259,0,0,0
115900260,0,0,0
115900261,0,0,0
115900262,0,0,0
115900263,0,0,0
115900264,0,0,0
115900265,0,0,0
115900266,0,0,0
115900267,0,0,0
115900268,0,0,0
115900269,0,0,0
115900270,0,0,0
115900271,0,0,0
115900272,0,0,0
115900273,0,0,0
115900274,0,0,0
115900275,0,0,0
115900276,0,0,0
115900277,0,0,0
115900278,0,0,0
115900279,0,0,0
115900280,0,0,0
115900281,0,0,0
115900282,0,0,0
115900283,0,0,0
115900284,0,0,0
116000001,772,321,451
116000002,524,277,247
116000003,69,87,-18
116000004,116,45,71
116000005,26,122,-96
116000006,49,18,31
116000007,106,205,-99
116000008,114,15,99
116000009,14,103,-89
116000010,89,18,71
116000011,17,76,-59
116000012,109,27,82
116000013,839,447,392
116000014,0,0,0
116000015,7,55,-48
116000016,0,0,0
116000017,0,19,-19
116000018,0,0,0
116000019,31,38,-7
116000020,81,81,0
116000021,49,55,-6
116000022,28,65,-37
116000023,4,25,-21
116000024,0,0,0
116000025,3,16,-13
116000026,1,6,-5
116000027,3,30,-27
116000028,0,0,0
116000029,29,8,21
116000030,1,0,1
116000031,18,8,10
116000032,6,26,-20
116000033,0,1,-1
116000034,3,4,-1
116000035,5,73,-68
116000036,2,6,-4
116000037,0,0,0
116000038,0,0,0
116000039,4,11,-7
116000040,0,0,0
116000041,0,9,-9
116000042,0,0,0
116000043,0,13,-13
116000044,0,0,0
116000045,0,0,0
116000046,8,49,-41
116000047,15,45,-30
116000048,9,24,-15
116000049,4,37,-33
116000050,10,29,-19
116000051,9,41,-32
116000052,6,39,-33
116000053,0,0,0
116000054,7,30,-23
116000055,12,20,-8
116000056,0,0,0
116000057,15,18,-3
116000058,5,3,2
116000059,1,0,1
116000060,0,0,0
116000061,9,5,4
116000062,0,0,0
116000063,6,9,-3
116000066,0,0,0
116000067,0,3,-3
116000068,1,1,0
116000069,3,6,-3
116000078,0,0,0
116000080,1,3,-2
116000082,0,0,0
116000083,65,11,54
116000084,14,94,-80
116000085,127,15,112
116000086,11,64,-53
116000087,111,9,102
116000088,33,83,-50
116000089,0,0,0
116000090,0,0,0
116000091,0,0,0
116000093,7,2,5
116000094,3,74,-71
116000095,16,3,13
116000096,1,61,-60
116000097,35,3,32
116000098,0,71,-71
116000099,118,1,117
116000100,0,0,0
116000101,0,0,0
116000102,0,0,0
116000103,0,0,0
116000104,0,0,0
116000105,0,0,0
116000106,0,0,0
116000107,0,0,0
116000108,0,0,0
116000111,0,0,0
116000113,0,0,0
116000114,0,0,0
116000115,0,0,0
116000116,0,0,0
116000117,0,0,0
116000118,0,3,-3
116000119,0,0,0
116000120,4,12,-8
116000121,0,0,0
116000122,53,172,-119
116000123,0,0,0
116000124,18,116,-98
116000125,0,0,0
116000126,13,121,-108
116000127,61,161,-100
116000128,0,0,0
116000129,0,0,0
116000130,0,0,0
116000133,0,0,0
116000134,21,104,-83
116000135,0,0,0
116000136,15,88,-73
116000137,0,0,0
116000138,5,0,5
116000139,29,92,-63
116000140,2,13,-11
116000141,0,0,0
116000142,46,257,-211
116000143,228,10,218
116000144,10,135,-125
116000145,174,36,138
116000146,0,0,0
116000147,44,7,37
116000148,1,2,-1
116000149,0,0,0
116000151,22,68,-46
116000153,0,0,0
116000155,0,0,0
116000156,8,50,-42
116000157,0,0,0
116000158,2,57,-55
116000159,0,0,0
116000160,0,0,0
116000161,0,0,0
116000162,0,0,0
116000163,0,0,0
116000164,0,0,0
116000177,0,0,0
116000194,0,80,-80
116000195,43,5,38
116000196,0,0,0
116000197,0,0,0
116000198,0,0,0
116000200,11,73,-62
116000201,0,0,0
116000202,0,0,0
116000203,0,0,0
116000204,0,0,0
116000205,0,0,0
116000206,0,0,0
116000207,0,0,0
116000233,0,0,0
116000287,3,42,-39
116000288,0,0,0
116000292,0,0,0
116000296,0,0,0
116000297,0,0,0
116000304,0,0,0
116000305,0,0,0
116000346,0,0,0
116000352,0,0,0
116000354,0,0,0
116000357,0,0,0
116000358,0,0,0
116000361,0,0,0
116000372,16,10,6
116000381,0,0,0
116000388,0,0,0
116000389,0,0,0
116000445,5,77,-72
116000446,0,0,0
116000447,3,124,-121
116000448,0,0,0
116000563,0,0,0
116000565,0,0,0
116000566,0,0,0
116000568,0,0,0
116000579,0,0,0
116000584,0,0,0
116000585,0,0,0
116000586,0,0,0
116000587,0,6,-6
116000589,0,0,0
116000590,0,0,0
116000591,0,0,0
116000592,0,0,0
116000593,0,0,0
116000594,0,0,0
116000595,0,0,0
116000596,0,0,0
116000597,0,0,0
116000598,0,0,0
116000602,0,0,0
116000605,0,0,0
116000606,0,0,0
116000607,0,0,0
116000609,0,0,0
116000611,0,42,-42
116000612,91,35,56
116000613,0,0,0
116000614,17,86,-69
116000615,0,19,-19
116000616,0,0,0
116000617,0,0,0
116000618,0,0,0
116000619,0,0,0
116000620,0,0,0
116000621,0,1,-1
116000622,0,1,-1
116000624,0,0,0
116000627,0,0,0
116000628,0,0,0
116000629,0,0,0
116000630,0,0,0
116000631,0,0,0
116000632,0,0,0
116000633,0,0,0
116000634,0,0,0
116000635,58,36,22
116000636,144,66,78
116000637,0,0,0
116000638,0,0,0
116900001,0,0,0
116900002,0,0,0
116900003,0,0,0
116900004,0,0,0
116900005,0,0,0
116900006,0,0,0
116900007,0,0,0
116900008,0,0,0
116900009,0,0,0
116900010,0,0,0
116900011,0,0,0
116900012,0,0,0
116900013,0,0,0
116900014,0,0,0
116900015,0,0,0
116900016,0,0,0
116900017,0,0,0
116900018,0,0,0
116900019,0,0,0
116900020,0,0,0
116900023,0,0,0
116900024,0,0,0
116900025,0,0,0
116900026,0,0,0
116900027,0,0,0
116900028,0,0,0
116900029,0,0,0
116900031,0,0,0
116900032,0,0,0
116900033,0,0,0
116900034,0,0,0
116900035,0,0,0
116900036,0,0,0
116900038,0,0,0
116900041,0,0,0
116900042,0,0,0
116900043,0,0,0
116900047,0,0,0
116900049,0,0,0
116900050,0,0,0
116900051,0,0,0
116900052,0,0,0
116900055,0,0,0
116900057,0,0,0
116900058,0,0,0
116900059,0,0,0
116900060,0,0,0
116900062,0,0,0
116900064,0,0,0
116900065,0,0,0
116900067,0,0,0
116900068,0,0,0
116900070,0,0,0
116900072,0,0,0
116900073,0,0,0
116900074,0,0,0
116900076,0,0,0
116900077,0,0,0
116900078,0,0,0
116900079,0,0,0
116900080,0,0,0
116900081,0,0,0
116900082,0,0,0
116900083,0,0,0
116900084,0,0,0
116900085,0,0,0
116900086,0,0,0
116900088,0,0,0
116900090,0,0,0
116900091,0,0,0
116900092,0,0,0
116900093,0,0,0
116900094,0,0,0
116900095,0,0,0
116900096,0,0,0
116900097,0,0,0
116900098,0,0,0
116900099,0,0,0
116900100,0,0,0
116900101,0,0,0
116900103,0,0,0
116900104,0,0,0
116900105,0,0,0
116900106,0,0,0
116900107,0,0,0
116900110,0,0,0
116900111,0,0,0
116900112,0,0,0
116900113,0,0,0
116900116,0,0,0
116900117,0,0,0
116900118,0,0,0
116900120,0,0,0
116900121,0,0,0
116900122,0,0,0
116900123,0,0,0
116900124,0,0,0
116900125,0,0,0
116900126,0,0,0
116900128,0,0,0
116900129,0,0,0
116900130,0,0,0
116900131,0,0,0
116900132,0,0,0
116900133,0,0,0
116900134,0,0,0
116900136,0,0,0
116900137,0,0,0
116900138,0,0,0
116900139,0,0,0
116900140,0,0,0
116900141,0,0,0
116900142,0,0,0
116900143,0,0,0
116900144,0,0,0
116900145,0,0,0
116900147,0,0,0
116900148,0,0,0
116900149,0,0,0
116900150,0,0,0
116900151,0,0,0
116900153,0,0,0
116900154,0,0,0
116900155,0,0,0
116900157,0,0,0
116900158,0,0,0
116900159,0,0,0
116900160,0,0,0
116900161,0,0,0
116900162,0,0,0
116900163,0,0,0
116900164,0,0,0
116900165,0,0,0
116900166,0,0,0
116900167,0,0,0
116900168,0,0,0
116900169,0,0,0
116900170,0,0,0
116900171,0,0,0
116900172,0,0,0
116900173,0,0,0
116900174,0,0,0
116900175,0,0,0
116900178,0,0,0
116900179,0,0,0
116900180,0,0,0
116900182,0,0,0
116900183,0,0,0
116900185,0,0,0
116900186,0,0,0
116900187,0,0,0
116900188,0,0,0
116900189,0,0,0
116900191,0,0,0
116900192,0,0,0
116900194,0,0,0
116900195,0,0,0
116900196,0,0,0
116900197,0,0,0
116900198,0,0,0
116900200,0,0,0
116900201,0,0,0
116900202,0,0,0
116900203,0,0,0
116900204,0,0,0
116900206,0,0,0
116900207,0,0,0
116900208,0,0,0
116900209,0,0,0
116900210,0,0,0
116900211,0,0,0
116900212,0,0,0
116900213,0,0,0
116900214,0,0,0
116900215,0,0,0
116900216,0,0,0
116900218,0,0,0
116900219,0,0,0
116900220,0,0,0
116900221,0,0,0
116900222,0,0,0
116900223,0,0,0
116900226,0,0,0
116900227,0,0,0
116900228,0,0,0
116900230,0,0,0
116900231,0,0,0
116900232,0,0,0
116900233,0,0,0
116900234,0,0,0
116900235,0,5,-5
116900238,0,0,0
116900239,0,0,0
116900240,0,0,0
116900241,0,0,0
116900242,0,0,0
116900243,0,0,0
116900245,0,0,0
116900246,0,0,0
116900247,0,0,0
116900248,0,0,0
116900249,0,0,0
116900250,0,0,0
116900251,0,0,0
116900252,0,0,0
116900253,0,0,0
116900254,0,0,0
116900255,0,0,0
116900256,0,0,0
116900257,0,0,0
116900258,0,0,0
116900259,0,0,0
116900260,0,0,0
116900261,0,0,0
116900262,0,0,0
116900263,0,0,0
116900264,0,0,0
116900265,0,0,0
116900266,0,0,0
116900267,0,0,0
116900268,0,0,0
116900269,0,0,0
116900271,0,0,0
116900272,0,0,0
116900273,0,0,0
116900274,0,0,0
116900275,0,0,0
116900276,0,0,0
116900277,0,0,0
116900278,0,0,0
116900279,0,0,0
116900280,0,0,0
116900281,0,0,0
116900282,0,0,0
116900283,0,0,0
116900284,0,0,0
116900285,0,0,0
116900286,0,0,0
116900287,0,0,0
116900288,0,0,0
116900289,0,0,0
116900290,0,0,0
116900291,0,0,0
116900292,0,0,0
116900293,0,0,0
116900294,0,0,0
116900295,0,0,0
116900296,0,0,0
116900297,0,0,0
116900298,0,0,0
116900299,0,0,0
116900300,0,0,0
116900301,0,0,0
116900302,0,0,0
116900303,0,0,0
116900304,0,0,0
116900305,0,0,0
116900306,0,0,0
117000001,22,54,-32
117000002,32,164,-132
117000003,207,47,160
117000004,100,170,-70
117000005,58,14,44
117000006,16,171,-155
117000007,79,5,74
117000008,13,229,-216
117000009,3,0,3
117000010,37,135,-98
117000011,0,0,0
117000012,21,45,-24
117000013,0,0,0
117000014,6,52,-46
117000015,0,0,0
117000016,0,0,0
117000017,0,0,0
117000018,0,12,-12
117000019,0,0,0
117000020,0,45,-45
117000021,3,18,-15
117000022,0,0,0
117000023,0,8,-8
117000024,2,21,-19
117000025,2,2,0
117000026,1,0,1
117000027,13,63,-50
117000028,0,0,0
117000030,0,0,0
117000031,0,0,0
117000032,77,61,16
117000033,76,32,44
117000034,0,0,0
117000035,0,1,-1
117000036,0,0,0
117000037,0,0,0
117000038,0,0,0
117000039,0,0,0
117000040,0,0,0
117000041,0,0,0
117000044,0,0,0
117000045,0,0,0
117000046,0,0,0
117000047,0,0,0
117000048,7,7,0
117000049,0,0,0
117000050,0,5,-5
117000051,0,0,0
117000052,0,3,-3
117000053,0,0,0
117000054,34,0,34
117000055,0,65,-65
117000056,24,1,23
117000057,1,28,-27
117000060,0,0,0
117000061,0,0,0
117000062,0,0,0
117000063,0,0,0
117000064,0,0,0
117000066,0,0,0
117000067,0,0,0
117000074,0,0,0
117000076,0,0,0
117000077,1,0,1
117000078,2,78,-76
117000079,0,0,0
117000080,1,172,-171
117000081,0,0,0
117000082,0,69,-69
117000083,0,0,0
117000084,0,0,0
117000085,1,56,-55
117000086,0,0,0
117000087,14,190,-176
117000088,0,0,0
117000089,0,0,0
117000090,7,175,-168
117000091,0,0,0
117000092,12,135,-123
117000093,3,0,3
117000094,16,166,-150
117000095,0,0,0
117000096,30,214,-184
117000097,0,0,0
117000098,38,234,-196
117000099,0,0,0
117000100,0,0,0
117000101,0,0,0
117000102,0,0,0
117000103,46,112,-66
117000104,0,2,-2
117000105,18,116,-98
117000106,0,0,0
117000107,25,111,-86
117000108,0,1,-1
117000109,105,153,-48
117000110,0,0,0
117000111,224,62,162
117000112,33,33,0
117000113,0,0,0
117000114,0,0,0
117000115,0,0,0
117000116,0,0,0
117000117,0,0,0
117000118,0,0,0
117000119,0,0,0
117000120,0,0,0
117000121,0,0,0
117000122,0,0,0
117000123,0,0,0
117000124,0,0,0
117000125,0,0,0
117000126,0,0,0
117000127,0,0,0
117000128,0,0,0
117000129,0,0,0
117000130,0,1,-1
117000131,0,14,-14
117000132,72,35,37
117000133,0,0,0
117000134,0,3,-3
117000135,0,3,-3
117000136,0,2,-2
117000137,0,0,0
117000138,0,47,-47
117000140,13,74,-61
117000141,0,0,0
117000181,0,0,0
117000182,0,0,0
117000195,0,0,0
117000196,0,0,0
117000225,0,0,0
117000226,0,0,0
117000276,0,0,0
117000277,0,0,0
117000310,17,62,-45
117000315,0,0,0
117000320,0,0,0
117000906,0,0,0
117000907,0,0,0
117000908,0,0,0
117000909,0,0,0
117000910,40,1,39
117000911,2,85,-83
117000915,0,0,0
117000916,0,0,0
117000917,0,0,0
117000918,0,0,0
117000919,0,0,0
117000920,0,26,-26
117000921,0,0,0
117000922,0,0,0
117000924,0,0,0
117000926,4,3,1
117000927,0,0,0
117000928,0,20,-20
117000929,1,2,-1
117000930,0,0,0
117000931,0,0,0
117900002,0,0,0
117900003,0,0,0
117900005,0,0,0
117900006,0,0,0
117900007,0,0,0
117900008,0,0,0
117900010,0,0,0
117900011,0,0,0
117900012,0,0,0
117900013,0,0,0
117900014,0,0,0
117900015,0,0,0
117900016,0,0,0
117900017,0,0,0
117900018,0,0,0
117900019,0,0,0
117900020,0,0,0
117900021,0,0,0
117900022,0,0,0
117900023,0,0,0
117900024,0,0,0
117900025,0,0,0
117900026,0,0,0
117900028,0,0,0
117900029,0,0,0
117900030,0,0,0
117900031,0,0,0
117900032,0,0,0
117900033,0,0,0
117900034,0,0,0
117900035,0,0,0
117900036,0,0,0
117900037,0,0,0
117900038,0,0,0
117900039,0,0,0
117900040,0,0,0
117900041,0,0,0
117900042,0,0,0
117900043,0,0,0
117900044,0,0,0
117900045,0,0,0
117900048,0,0,0
117900049,0,0,0
117900050,0,0,0
117900051,0,0,0
117900052,0,0,0
117900053,0,0,0
117900054,0,0,0
117900055,0,0,0
117900056,0,0,0
117900057,0,0,0
117900058,0,0,0
117900059,0,0,0
117900060,1,2,-1
117900061,0,0,0
117900063,0,0,0
117900065,0,0,0
117900066,0,0,0
117900067,0,0,0
117900069,0,0,0
117900070,0,0,0
117900071,0,0,0
117900073,0,0,0
117900074,0,0,0
117900075,0,0,0
117900076,0,0,0
117900077,0,0,0
117900078,0,0,0
117900080,0,0,0
117900081,0,0,0
117900082,0,0,0
117900083,0,0,0
117900086,0,0,0
117900087,0,0,0
117900088,0,0,0
117900089,0,0,0
117900090,0,0,0
117900091,0,0,0
117900092,0,0,0
117900093,0,0,0
117900094,0,0,0
117900095,0,0,0
117900096,0,0,0
117900097,0,0,0
117900098,0,0,0
117900099,0,0,0
117900100,0,0,0
117900101,0,0,0
117900102,0,0,0
117900103,0,0,0
117900104,0,0,0
117900105,0,0,0
117900106,0,0,0
117900107,0,0,0
117900109,0,0,0
117900110,0,0,0
117900111,0,0,0
117900112,0,0,0
117900113,0,0,0
117900114,0,0,0
117900115,0,0,0
117900116,0,0,0
117900117,0,0,0
117900118,0,0,0
117900119,0,0,0
117900120,0,0,0
117900121,0,0,0
117900122,0,0,0
117900123,0,0,0
117900124,0,2,-2
117900125,205,6,199
117900126,0,0,0
117900127,0,0,0
117900128,0,0,0
117900129,0,0,0
117900130,0,0,0
117900131,0,0,0
117900132,0,0,0
117900133,0,0,0
117900134,0,0,0
117900135,0,0,0
117900136,0,0,0
117900137,0,0,0
117900138,0,0,0
117900139,0,0,0
117900140,0,0,0
117900141,0,0,0
117900142,0,0,0
117900144,0,0,0
117900145,0,0,0
117900146,0,0,0
117900147,0,0,0
117900148,0,2,-2
117900149,0,0,0
117900150,0,0,0
117900151,0,0,0
117900152,0,0,0
117900153,0,0,0
117900154,0,0,0
117900156,0,0,0
117900157,0,0,0
117900158,0,0,0
117900160,0,0,0
117900161,2,0,2
117900162,0,0,0
117900163,0,0,0
117900165,0,0,0
117900166,0,0,0
117900168,0,0,0
117900169,0,0,0
117900170,0,0,0
117900171,0,0,0
117900172,0,0,0
117900173,0,0,0
117900174,0,0,0
117900175,0,0,0
117900176,0,0,0
117900177,0,0,0
117900178,0,0,0
117900180,0,0,0
117900181,0,0,0
117900182,0,0,0
117900183,0,0,0
117900184,0,0,0
117900185,0,0,0
117900186,0,0,0
117900187,0,0,0
117900188,0,0,0
117900189,0,0,0
117900190,0,0,0
117900191,0,0,0
117900192,0,0,0
117900193,0,0,0
117900194,0,0,0
117900195,0,0,0
117900196,0,0,0
117900207,0,0,0
117900208,0,0,0
117900209,0,0,0
117900210,0,0,0
117900211,0,0,0
117900212,0,0,0
117900213,0,0,0
117900214,0,0,0
117900215,0,0,0
117900216,0,0,0
117900217,0,0,0
117900218,0,0,0
117900219,0,0,0
117900220,0,0,0
117900222,1,0,1
117900223,0,0,0
118000001,48,45,3
118000002,28,120,-92
118000003,109,77,32
118000004,106,90,16
118000005,354,122,232
118000006,282,323,-41
118000007,272,67,205
118000008,106,92,14
118000009,66,110,-44
118000010,1,11,-10
118000011,0,0,0
118000012,0,2,-2
118000013,4,8,-4
118000014,0,1,-1
118000016,0,0,0
118000017,0,0,0
118000018,0,0,0
118000019,145,11,134
118000020,10,9,1
118000021,2,11,-9
118000022,8,0,8
118000023,1,2,-1
118000024,2,5,-3
118000027,807,175,632
118000029,9,4,5
118000032,5,11,-6
118000033,67,115,-48
118000034,404,62,342
118000035,6,252,-246
118000036,4,4,0
118000037,3,3,0
118000038,0,0,0
118000039,0,0,0
118000040,4,83,-79
118000041,31,13,18
118000045,1,0,1
118000046,0,0,0
118000047,0,2,-2
118000048,0,2,-2
118000051,1,0,1
118000052,0,0,0
118000053,2,0,2
118000054,8,0,8
118000055,17,2,15
118000056,0,0,0
118000057,0,0,0
118000058,0,0,0
118000059,0,0,0
118000060,0,0,0
118000061,0,10,-10
118000062,0,0,0
118000063,0,1,-1
118000064,3,5,-2
118000065,3,1,2
118000066,2,1,1
118000067,4,102,-98
118000068,1,2,-1
118000069,2,2,0
118000070,14,4,10
118000071,3,1,2
118000072,1,3,-2
118000073,1,1,0
118000074,1,0,1
118000075,1,0,1
118000076,53,26,27
118000077,87,36,51
118000078,55,64,-9
118000079,0,4,-4
118000080,96,40,56
118000081,26,47,-21
118000082,0,0,0
118000083,0,3,-3
118000084,1,0,1
118000086,2,1,1
118000087,575,223,352
118000088,4,12,-8
118000089,39,485,-446
118000090,400,41,359
118000091,203,425,-222
118000092,1,0,1
118000093,0,0,0
118000096,0,0,0
118000097,0,1,-1
118000098,0,0,0
118000099,2,0,2
118000101,0,5,-5
118000102,0,1,-1
118000107,42,6,36
118000108,0,0,0
118000110,0,0,0
118000111,0,30,-30
118000112,0,0,0
118000113,0,36,-36
118000114,0,0,0
118000115,0,0,0
118000116,0,0,0
118000117,46,39,7
118000118,21,27,-6
118000119,30,61,-31
118000120,71,67,4
118000121,0,0,0
118000122,0,0,0
118000123,0,0,0
118000125,2,5,-3
118000126,0,3,-3
118000127,0,0,0
118000128,0,5,-5
118000129,41,27,14
118000130,27,138,-111
118000131,64,166,-102
118000132,13,25,-12
118000133,7,24,-17
118000135,0,0,0
118000136,0,0,0
118000137,0,0,0
118000138,0,0,0
118000139,0,0,0
118000140,7,13,-6
118000141,3,4,-1
118000142,5,10,-5
118000143,0,2,-2
118000144,5,1,4
118000145,20,44,-24
118000146,14,33,-19
118000147,16,32,-16
118000148,3,23,-20
118000149,2,4,-2
118000150,0,1,-1
118000151,0,0,0
118000153,0,3,-3
118000154,1,4,-3
118000155,3,2,1
118000156,19,27,-8
118000157,0,0,0
118000158,0,0,0
118000159,0,0,0
118000160,0,1,-1
118000161,4,18,-14
118000162,0,5,-5
118000163,0,1,-1
118000164,6,0,6
118000168,0,0,0
118000169,6,16,-10
118000170,3,7,-4
118000171,0,0,0
118000172,0,0,0
118000173,1,1,0
118000175,11,10,1
118000176,2,13,-11
118000177,0,1,-1
118000178,0,0,0
118000179,22,87,-65
118000180,14,58,-44
118000181,58,59,-1
118000182,19,50,-31
118000183,39,59,-20
118000184,1,1,0
118000185,90,46,44
118000186,40,80,-40
118000187,6,11,-5
118000188,0,0,0
118000189,0,0,0
118000190,0,0,0
118000191,0,0,0
118000192,0,2,-2
118000193,0,1,-1
118000194,3,0,3
118000195,0,0,0
118000196,0,0,0
118000197,0,0,0
118000198,0,0,0
118000199,26,17,9
118000200,0,0,0
118000201,0,2,-2
118000202,0,0,0
118000203,6,5,1
118000204,1,2,-1
118000205,0,0,0
118000206,0,0,0
118000207,0,0,0
118000208,1,1,0
118000209,28,27,1
118000210,0,0,0
118000211,0,0,0
118000213,0,0,0
118000214,11,4,7
118000215,1,7,-6
118000216,0,0,0
118000217,0,0,0
118000218,0,0,0
118000219,0,0,0
118000220,0,0,0
118000221,0,0,0
118000222,1,0,1
118000223,0,0,0
118000224,0,0,0
118000225,0,21,-21
118000226,0,0,0
118000227,0,0,0
118000228,27,5,22
118000229,0,0,0
118000230,0,0,0
118000231,0,0,0
118000232,1,3,-2
118000233,0,0,0
118000234,0,0,0
118000236,0,0,0
118000237,0,0,0
118000238,0,0,0
118000239,0,0,0
118000240,0,0,0
118000241,0,0,0
118000242,0,0,0
118000243,0,0,0
118000244,0,0,0
118000246,0,0,0
118000255,0,0,0
118000256,0,0,0
118000259,0,0,0
118000260,0,0,0
118000261,0,0,0
118000263,0,0,0
118000266,0,0,0
118000267,0,7,-7
118000268,0,0,0
118000270,0,0,0
118000271,0,0,0
118000272,0,0,0
118000273,0,0,0
118000274,0,0,0
118000276,0,0,0
118000295,0,0,0
118000298,6,10,-4
118000299,8,10,-2
118000301,0,0,0
118000302,0,0,0
118000311,0,0,0
118000312,0,0,0
118000313,0,0,0
118000314,0,0,0
118000315,0,0,0
118000316,0,0,0
118000325,0,0,0
118000326,0,0,0
118000331,0,0,0
118000332,0,0,0
118000333,0,0,0
118000335,0,0,0
118000336,0,12,-12
118000407,0,0,0
118000457,0,0,0
118000465,428,197,231
118000480,0,0,0
118000489,0,0,0
118000490,1,6,-5
118000492,0,0,0
118000510,0,0,0
118000514,0,8,-8
118000515,0,0,0
118000517,0,0,0
118000524,405,231,174
118000525,2,3,-1
118000530,0,0,0
118000531,0,0,0
118000532,6,17,-11
118000533,10,30,-20
118000534,12,26,-14
118000535,0,1,-1
118000536,0,0,0
118000537,0,2,-2
118000538,0,0,0
118000539,0,0,0
118000540,0,0,0
118000541,0,0,0
118000542,0,0,0
118000543,0,0,0
118000546,0,0,0
118000560,0,0,0
118000562,0,0,0
118000563,1,0,1
118000576,0,0,0
118000577,0,0,0
118000578,0,0,0
118000579,0,0,0
118000595,0,0,0
118000596,0,0,0
118000597,0,0,0
118000598,0,0,0
118000599,0,0,0
118000600,0,0,0
118000601,0,0,0
118000602,0,0,0
118000603,0,7,-7
118900001,0,0,0
118900002,0,0,0
118900003,0,0,0
118900004,0,0,0
118900005,0,0,0
118900006,0,0,0
118900007,0,0,0
118900008,0,0,0
118900009,0,0,0
118900010,0,0,0
118900011,0,0,0
118900012,0,0,0
118900013,0,0,0
118900015,0,0,0
118900016,0,0,0
118900017,0,0,0
118900018,0,0,0
118900019,0,0,0
118900020,0,0,0
118900021,0,0,0
118900022,0,0,0
118900023,0,0,0
118900024,0,0,0
118900025,0,0,0
118900026,0,0,0
118900027,0,0,0
118900028,0,0,0
118900029,0,0,0
118900030,0,0,0
118900031,0,0,0
118900032,0,0,0
118900033,0,0,0
118900034,0,0,0
118900035,0,0,0
118900036,0,0,0
118900037,0,0,0
118900038,0,0,0
118900039,0,0,0
118900040,0,0,0
118900041,0,0,0
118900042,0,0,0
118900045,0,0,0
118900046,0,0,0
118900047,0,0,0
118900048,0,0,0
118900049,0,0,0
118900050,0,0,0
118900051,0,0,0
118900052,0,0,0
118900053,0,0,0
118900054,0,0,0
118900055,0,0,0
118900056,0,0,0
118900057,0,0,0
118900058,0,0,0
118900059,0,0,0
118900060,0,0,0
118900062,0,0,0
118900064,0,0,0
118900065,0,0,0
118900066,0,0,0
118900067,0,0,0
118900068,0,0,0
118900069,0,0,0
118900071,0,0,0
118900072,0,0,0
118900073,0,0,0
118900074,0,0,0
118900075,0,0,0
118900076,0,0,0
118900077,0,0,0
118900078,0,0,0
118900079,0,0,0
118900080,0,0,0
118900081,0,0,0
118900082,0,0,0
118900083,0,0,0
118900084,0,0,0
118900085,0,0,0
118900086,0,0,0
118900087,0,0,0
118900088,0,0,0
118900089,0,0,0
118900090,0,0,0
118900091,0,0,0
118900092,0,0,0
118900093,0,0,0
118900096,0,0,0
118900097,0,0,0
118900099,0,0,0
118900100,0,0,0
118900101,0,0,0
118900102,0,0,0
118900103,0,0,0
118900104,0,0,0
118900105,0,0,0
118900107,0,0,0
118900108,0,0,0
118900110,0,0,0
118900111,0,0,0
118900112,0,0,0
118900113,0,0,0
118900114,0,0,0
118900115,0,0,0
118900116,0,0,0
118900117,0,0,0
118900118,0,0,0
118900119,0,0,0
118900120,0,0,0
118900121,0,0,0
118900122,0,0,0
118900123,0,0,0
118900124,0,0,0
118900126,0,0,0
118900129,0,0,0
118900130,0,0,0
118900131,0,0,0
118900132,0,0,0
118900133,0,0,0
118900135,0,0,0
118900136,0,0,0
118900137,0,0,0
118900139,0,0,0
118900140,0,0,0
118900141,0,0,0
118900144,0,0,0
118900145,0,0,0
118900146,0,0,0
118900147,0,0,0
118900148,0,0,0
118900150,0,0,0
118900152,0,0,0
118900157,0,0,0
118900158,0,0,0
118900159,0,0,0
118900161,0,0,0
118900163,0,0,0
118900164,0,0,0
118900165,0,0,0
118900166,0,0,0
118900167,0,0,0
118900168,0,0,0
118900169,0,0,0
118900170,0,0,0
118900171,0,0,0
118900174,0,0,0
118900175,0,0,0
118900176,0,0,0
118900177,0,0,0
118900178,0,0,0
118900179,0,0,0
118900181,0,0,0
118900182,0,0,0
118900183,0,0,0
118900184,0,0,0
118900185,0,0,0
118900186,0,0,0
118900187,0,0,0
118900188,0,0,0
118900189,0,0,0
118900190,0,0,0
118900191,0,0,0
118900192,0,0,0
118900193,0,0,0
118900195,0,0,0
118900196,0,0,0
118900197,0,0,0
118900198,0,0,0
118900199,0,0,0
118900200,0,0,0
118900201,0,0,0
118900202,0,0,0
118900203,0,0,0
118900204,0,0,0
118900205,0,0,0
118900206,0,0,0
119000001,17,9,8
119000002,4,7,-3
119000003,1,3,-2
119000004,2,5,-3
119000005,2,1,1
119000006,0,1,-1
119000007,1,8,-7
119000008,1,22,-21
119000009,5,7,-2
119000010,32,32,0
119000011,107,28,79
119000012,142,266,-124
119000013,64,10,54
119000014,44,228,-184
119000019,0,0,0
119000020,1,3,-2
119000021,2,4,-2
119000022,0,0,0
119000023,0,0,0
119000024,82,59,23
119000025,11,9,2
119000026,0,1,-1
119000027,1,1,0
119000028,3,7,-4
119000029,0,0,0
119000030,2,10,-8
119000031,0,2,-2
119000032,3,30,-27
119000033,93,19,74
119000034,3,2,1
119000035,3,43,-40
119000036,21,15,6
119000037,5,47,-42
119000038,3,19,-16
119000039,4,7,-3
119000040,72,10,62
119000041,20,5,15
119000048,1364,206,1158
119000049,71,147,-76
119000050,0,2,-2
119000051,1,1,0
119000052,1,2,-1
119000053,0,1,-1
119000054,36,153,-117
119000055,71,101,-30
119000056,57,90,-33
119000057,31,121,-90
119000058,92,169,-77
119000059,4,8,-4
119000060,1,3,-2
119000061,1,5,-4
119000062,1,0,1
119000063,0,1,-1
119000064,4,13,-9
119000065,2,17,-15
119000066,0,5,-5
119000067,4,13,-9
119000068,2,1,1
119000069,1,10,-9
119000070,7,5,2
119000071,0,2,-2
119000072,11,19,-8
119000073,3,8,-5
119000074,2,9,-7
119000075,2,11,-9
119000076,1,0,1
119000077,2,2,0
119000078,0,0,0
119000079,0,0,0
119000080,0,0,0
119000081,0,0,0
119000082,0,0,0
119000083,0,0,0
119000084,0,2,-2
119000085,1,0,1
119000086,1,1,0
119000087,1,5,-4
119000088,0,1,-1
119000089,0,0,0
119000090,0,0,0
119000091,1,1,0
119000092,8,1,7
119000093,105,116,-11
119000094,63,140,-77
119000095,13,83,-70
119000097,19,41,-22
119000098,21,33,-12
119000099,26,113,-87
119000100,94,66,28
119000101,119,111,8
119000102,0,0,0
119000103,24,1,23
119000104,4,3,1
119000105,0,0,0
119000106,0,5,-5
119000107,0,0,0
119000108,0,6,-6
119000109,0,0,0
119000110,0,0,0
119000111,0,0,0
119000112,0,0,0
119000113,0,0,0
119000114,0,0,0
119000115,0,0,0
119000116,0,0,0
119000117,0,0,0
119000118,0,0,0
119000123,0,0,0
119000124,0,0,0
119000125,0,2,-2
119000126,0,0,0
119000127,0,3,-3
119000128,1,0,1
119000131,5,1,4
119000132,1,0,1
119000133,0,0,0
119000134,71,79,-8
119000135,0,0,0
119000136,0,0,0
119000137,0,0,0
119000138,0,0,0
119000139,0,0,0
119000140,0,0,0
119000284,211,414,-203
119000285,286,271,15
119000286,471,426,45
119000287,86,189,-103
119000288,82,97,-15
119000289,133,207,-74
119000290,0,4,-4
119000291,0,4,-4
119000293,0,1,-1
119000294,0,0,0
119000295,0,0,0
119000296,0,0,0
119000302,15,4,11
119000303,0,0,0
119000314,3,12,-9
119000315,0,0,0
119000316,0,0,0
119000317,0,0,0
119900001,0,0,0
119900002,0,0,0
119900003,0,0,0
119900004,0,0,0
119900005,0,0,0
119900006,0,0,0
119900007,0,0,0
119900008,0,0,0
119900009,0,0,0
119900010,0,0,0
119900011,0,0,0
119900012,0,0,0
119900013,0,0,0
119900014,0,0,0
119900015,0,0,0
119900016,0,0,0
119900017,0,0,0
119900018,0,0,0
119900019,0,0,0
119900020,0,0,0
119900021,0,0,0
119900022,0,0,0
119900023,0,0,0
119900025,0,0,0
119900026,0,0,0
119900027,0,0,0
119900028,0,0,0
119900029,0,0,0
119900030,0,0,0
119900031,0,0,0
119900033,0,0,0
119900034,0,0,0
119900037,0,0,0
119900038,0,0,0
119900039,0,0,0
119900040,0,0,0
119900041,0,0,0
119900042,0,0,0
119900043,0,0,0
119900044,0,0,0
119900046,0,0,0
119900047,0,0,0
119900048,0,0,0
119900049,0,0,0
119900050,0,0,0
119900051,0,0,0
119900052,0,0,0
119900053,0,0,0
119900054,0,0,0
119900055,0,0,0
119900057,0,0,0
119900058,0,0,0
119900059,0,0,0
119900060,0,0,0
119900062,0,0,0
119900063,0,0,0
119900064,0,0,0
119900065,0,0,0
119900066,0,0,0
119900067,0,0,0
119900068,0,0,0
119900069,0,0,0
119900070,0,0,0
119900071,0,0,0
119900073,0,0,0
119900074,0,0,0
119900075,0,0,0
119900076,0,0,0
119900077,0,0,0
119900078,0,0,0
119900079,0,0,0
119900080,0,0,0
119900081,0,0,0
119900082,0,0,0
119900083,0,0,0
119900084,0,0,0
119900085,0,0,0
119900087,0,0,0
119900088,0,0,0
119900089,0,0,0
119900090,0,0,0
119900091,0,0,0
119900092,0,0,0
119900093,0,0,0
119900094,0,0,0
119900095,0,0,0
119900096,0,0,0
119900097,0,0,0
119900098,0,0,0
119900099,0,0,0
119900100,0,0,0
119900101,0,0,0
119900102,0,0,0
119900103,0,0,0
119900104,0,0,0
119900105,0,0,0
119900106,0,0,0
119900107,0,0,0
119900108,0,0,0
119900109,0,0,0
119900110,0,0,0
119900111,0,0,0
119900112,0,0,0
119900113,0,0,0
119900114,0,0,0
119900115,0,0,0
119900116,0,0,0
119900117,0,0,0
119900118,0,0,0
119900119,0,0,0
119900120,0,0,0
119900121,0,0,0
119900122,0,0,0
119900123,0,0,0
119900124,0,0,0
119900125,0,0,0
119900126,0,0,0
119900127,0,0,0
119900128,0,0,0
119900129,0,0,0
119900130,0,0,0
119900131,0,0,0
119900132,0,0,0
119900133,0,0,0
119900134,0,0,0
119900135,0,0,0
119900136,0,0,0
119900138,0,0,0
119900139,0,0,0
119900140,0,0,0
119900141,0,0,0
119900142,0,0,0
119900143,0,0,0
119900144,0,0,0
119900145,0,0,0
119900146,0,0,0
119900147,0,0,0
119900148,0,0,0
119900149,0,0,0
119900150,0,0,0
119900151,0,0,0
119900152,0,0,0
119900153,0,0,0
119900154,0,0,0
119900155,0,0,0
119900156,0,0,0
119900157,0,0,0
119900158,0,0,0
119900159,0,0,0
119900160,0,0,0
119900161,0,0,0
119900162,0,0,0
119900163,0,0,0
119900164,0,0,0
119900165,0,0,0
119900166,0,0,0
119900167,0,0,0
119900168,0,0,0
119900169,0,0,0
119900170,0,0,0
119900171,0,0,0
119900172,0,0,0
119900173,0,0,0
119900174,0,0,0
119900175,0,0,0
119900177,0,0,0
119900178,0,0,0
119900179,0,0,0
119900180,0,0,0
119900181,0,0,0
119900182,0,0,0
119900183,0,0,0
119900184,0,0,0
119900185,0,0,0
119900186,0,0,0
119900187,0,0,0
119900188,0,0,0
119900189,0,0,0
119900190,0,0,0
119900191,0,0,0
119900192,0,0,0
119900193,0,0,0
119900194,0,0,0
119900195,0,0,0
119900196,0,0,0
119900197,0,0,0
119900198,0,0,0
119900199,0,0,0
119900200,0,0,0
119900201,0,0,0
119900202,0,0,0
119900203,0,0,0
119900204,0,0,0
119900205,0,0,0
119900206,0,0,0
119900208,0,0,0
119900209,0,0,0
119900210,0,0,0
119900211,0,0,0
119900212,0,0,0
119900213,0,0,0
119900214,0,0,0
119900215,0,0,0
119900216,0,0,0
119900217,0,0,0
119900218,0,0,0
119900219,0,0,0
119900220,0,0,0
119900221,0,0,0
119900222,0,0,0
119900223,0,0,0
119900224,0,0,0
119900225,0,0,0
119900226,0,0,0
119900227,0,0,0
119900228,0,0,0
119900229,0,0,0
119900230,0,0,0
119900231,0,0,0
119900232,0,0,0
119900233,0,0,0
119900234,0,0,0
119900235,0,0,0
119900236,0,0,0
119900237,0,0,0
119900238,0,0,0
119900240,0,0,0
119900241,0,0,0
119900242,0,0,0
119900244,0,0,0
119900245,0,0,0
119900246,0,0,0
119900247,0,0,0
119900248,0,0,0
119900249,0,0,0
119900253,0,0,0
119900254,0,0,0
119900255,0,0,0
119900256,0,0,0
119900257,0,0,0
119900258,0,0,0
119900259,0,0,0
119900260,0,0,0
119900261,0,0,0
119900262,0,0,0
119900263,0,0,0
119900264,0,0,0
119900265,0,0,0
119900266,0,0,0
119900267,0,0,0
119900268,0,0,0
119900269,0,0,0
119900271,0,0,0
119900272,0,0,0
119900275,0,0,0
119900276,0,0,0
119900277,0,0,0
119900278,0,0,0
119900279,0,0,0
119900280,0,0,0
119900281,0,0,0
119900282,0,0,0
119900283,0,0,0
119900284,0,0,0
119900285,0,0,0
119900286,0,0,0
119900288,0,0,0
119900289,0,0,0
119900290,0,0,0
119900291,0,0,0
119900292,0,0,0
119900293,0,0,0
119900294,0,0,0
119900295,0,0,0
119900296,0,0,0
119900299,0,0,0
119900300,0,0,0
119900301,0,0,0
119900302,0,0,0
119900303,0,0,0
119900304,0,0,0
119900305,0,0,0
119900306,0,0,0
119900307,0,0,0
119900308,0,0,0
119900309,0,0,0
119900310,0,0,0
119900311,0,0,0
119900312,0,0,0
119900313,0,0,0
119900314,0,0,0
119900315,0,0,0
119900318,0,0,0
119900319,0,0,0
119900320,0,0,0
119900321,0,0,0
119900322,0,0,0
119900323,0,0,0
119900324,0,0,0
119900325,0,0,0
119900326,0,0,0
120000001,210,171,39
120000002,86,238,-152
120000003,106,198,-92
120000004,127,271,-144
120000005,509,374,135
120000006,108,185,-77
120000007,138,212,-74
120000008,59,194,-135
120000009,25,14,11
120000010,17,82,-65
120000011,10,101,-91
120000012,66,200,-134
120000013,14,88,-74
120000014,9,112,-103
120000015,64,217,-153
120000016,206,62,144
120000017,42,34,8
120000018,274,235,39
120000019,38,80,-42
120000020,121,151,-30
120000021,141,114,27
120000022,394,163,231
120000023,54,67,-13
120000024,127,147,-20
120000025,88,168,-80
120000026,38,204,-166
120000027,274,273,1
120000028,0,2,-2
120000029,2,1,1
120000030,0,1,-1
120000031,1,2,-1
120000032,33,5,28
120000033,7,9,-2
120000034,3,12,-9
120000035,1,10,-9
120000036,0,17,-17
120000037,1,0,1
120000038,13,18,-5
120000039,0,3,-3
120000040,0,0,0
120000041,1,7,-6
120000042,0,6,-6
120000043,2,1,1
120000044,8,2,6
120000045,8,3,5
120000046,3,1,2
120000047,0,4,-4
120000048,300,206,94
120000049,121,59,62
120000050,17,233,-216
120000051,36,307,-271
120000052,33,4,29
120000053,1,7,-6
120000054,0,13,-13
120000055,1,8,-7
120000056,5,1,4
120000057,7,3,4
120000058,0,0,0
120000059,11,82,-71
120000061,22,134,-112
120000062,1,3,-2
120000063,3,25,-22
120000064,0,12,-12
120000065,2,5,-3
120000066,3,2,1
120000067,0,1,-1
120000068,1,9,-8
120000069,0,9,-9
120000070,0,4,-4
120000071,0,0,0
120000072,0,2,-2
120000073,0,1,-1
120000074,0,0,0
120000075,1,0,1
120000076,2,3,-1
120000077,0,1,-1
120000078,5,1,4
120000079,0,0,0
120000080,0,0,0
120000081,0,0,0
120000082,0,0,0
120000083,0,0,0
120000084,0,0,0
120000085,0,0,0
120000086,0,0,0
120000087,0,0,0
120000088,0,0,0
120000089,0,0,0
120000090,0,0,0
120000091,0,0,0
120000092,0,0,0
120000093,0,0,0
120000094,0,0,0
120000095,0,0,0
120000096,0,0,0
120000098,0,0,0
120000099,0,0,0
120000100,0,0,0
120000101,0,0,0
120000102,0,0,0
120000103,0,3,-3
120000104,4,1,3
120000105,1,0,1
120000106,0,0,0
120000107,2,0,2
120000108,0,0,0
120000109,3,0,3
120000110,1,3,-2
120000111,1,8,-7
120000112,5,21,-16
120000113,8,10,-2
120000114,2,5,-3
120000115,4,14,-10
120000116,2,6,-4
120000117,12,8,4
120000118,0,0,0
120000119,0,0,0
120000120,0,0,0
120000121,0,0,0
120000122,0,0,0
120000123,0,0,0
120000124,0,0,0
120000125,0,0,0
120000126,0,0,0
120000127,0,0,0
120000128,0,0,0
120000129,0,0,0
120000130,1,0,1
120000131,0,0,0
120000134,0,0,0
120000135,0,0,0
120000137,0,0,0
120000138,0,0,0
120000139,0,0,0
120000140,0,0,0
120000141,0,0,0
120000142,0,0,0
120000143,0,0,0
120000144,0,0,0
120000145,0,0,0
120000146,0,0,0
120000149,0,0,0
120000150,0,6,-6
120000151,0,1,-1
120000152,1,2,-1
120000153,1,2,-1
120000154,0,8,-8
120000155,0,0,0
120000156,3,1,2
120000157,0,0,0
120000158,0,9,-9
120000159,129,430,-301
120000160,198,99,99
120000161,20,56,-36
120000162,0,0,0
120000163,0,9,-9
120000164,0,2,-2
120000165,0,0,0
120000166,0,0,0
120000167,0,0,0
120000168,0,0,0
120000169,0,0,0
120000170,0,0,0
120000171,0,0,0
120000172,0,0,0
120000173,0,0,0
120000174,0,0,0
120000175,0,0,0
120000176,0,0,0
120000177,0,0,0
120000178,0,0,0
120000179,0,0,0
120000180,0,0,0
120000181,0,0,0
120000182,0,0,0
120000183,0,0,0
120000184,0,0,0
120000186,0,0,0
120000187,0,0,0
120000188,0,0,0
120000190,0,0,0
120000191,0,0,0
120000192,0,0,0
120000193,0,0,0
120000195,0,0,0
120000196,0,0,0
120000197,0,0,0
120000198,0,0,0
120000199,0,0,0
120000200,0,0,0
120000201,0,0,0
120000202,0,0,0
120000203,0,0,0
120000207,0,0,0
120000208,0,0,0
120000209,0,0,0
120000210,0,0,0
120000211,0,0,0
120000212,0,0,0
120000213,0,0,0
120000214,0,0,0
120000215,0,0,0
120000216,0,0,0
120000217,0,0,0
120000218,0,0,0
120000219,0,0,0
120000220,0,0,0
120000225,0,0,0
120000226,0,0,0
120000227,0,0,0
120000228,0,0,0
120000230,0,0,0
120000231,0,0,0
120000233,0,0,0
120000235,0,6,-6
120000236,0,0,0
120000237,0,26,-26
120000238,0,0,0
120000241,3,2,1
120000412,0,0,0
120000413,0,0,0
120000414,0,0,0
120000415,0,0,0
120000416,0,0,0
120000417,0,0,0
120000418,0,0,0
120000419,0,0,0
120000420,0,0,0
120000421,389,334,55
120000422,0,0,0
120000423,0,0,0
120000424,0,0,0
120000436,0,0,0
120000437,0,0,0
120000438,0,0,0
120000439,1,4,-3
120000443,0,0,0
120000444,0,0,0
120000445,12,13,-1
120000446,0,0,0
120000447,0,0,0
120000449,0,0,0
120000450,0,0,0
120000451,0,0,0
120000452,0,0,0
120000453,0,0,0
120000454,0,0,0
120000455,0,0,0
120000456,3,16,-13
120000457,3,1,2
120000458,1,2,-1
120000459,0,0,0
120000665,1,0,1
120000668,0,1,-1
120000669,0,0,0
120000670,0,0,0
120000671,17,24,-7
120000672,11,93,-82
120900001,0,0,0
120900002,0,0,0
120900003,0,0,0
120900004,0,0,0
120900005,0,0,0
120900006,0,0,0
120900007,0,0,0
120900008,0,0,0
120900009,0,0,0
120900010,0,0,0
120900011,0,0,0
120900012,0,0,0
120900013,0,0,0
120900014,0,0,0
120900015,0,0,0
120900016,0,0,0
120900017,0,0,0
120900018,0,0,0
120900019,0,0,0
120900020,0,0,0
120900021,0,0,0
120900022,0,0,0
120900023,0,0,0
120900024,0,0,0
120900025,0,0,0
120900026,0,0,0
120900027,0,0,0
120900028,0,0,0
120900029,0,0,0
120900030,0,0,0
120900031,0,0,0
120900032,0,0,0
120900033,0,0,0
120900034,0,0,0
120900035,0,0,0
120900037,0,0,0
120900038,0,0,0
120900039,0,0,0
120900040,0,0,0
120900041,0,0,0
120900042,0,0,0
120900043,0,0,0
120900044,0,0,0
120900045,0,0,0
120900046,0,0,0
120900047,0,0,0
120900048,0,0,0
120900049,0,0,0
120900050,0,0,0
120900051,0,0,0
120900052,0,0,0
120900053,0,0,0
120900054,0,0,0
120900055,0,0,0
120900056,0,0,0
120900057,0,0,0
120900058,0,0,0
120900059,0,0,0
120900060,0,0,0
120900061,0,0,0
120900062,0,0,0
120900063,0,0,0
120900064,0,0,0
120900065,0,0,0
120900066,0,0,0
120900067,0,0,0
120900068,0,0,0
120900069,0,0,0
120900071,0,0,0
120900072,0,0,0
120900073,0,0,0
120900074,0,0,0
120900076,0,0,0
120900077,0,0,0
120900078,0,0,0
120900079,0,0,0
120900080,0,0,0
120900081,0,0,0
120900082,0,0,0
120900083,0,0,0
120900084,0,0,0
120900085,0,0,0
120900086,0,0,0
120900087,0,0,0
120900088,0,0,0
120900089,0,0,0
120900090,0,0,0
120900091,0,0,0
120900092,0,0,0
120900093,0,0,0
120900094,0,0,0
120900095,0,0,0
120900096,0,0,0
120900097,0,0,0
120900098,0,0,0
120900099,0,0,0
120900100,0,0,0
120900101,0,0,0
120900102,0,0,0
120900103,0,0,0
120900104,0,0,0
120900105,0,0,0
120900106,0,0,0
120900107,0,0,0
120900108,0,0,0
120900109,0,0,0
120900110,0,0,0
120900111,0,0,0
120900112,0,0,0
120900113,0,0,0
120900114,0,0,0
120900115,0,0,0
120900116,0,0,0
120900117,0,0,0
120900118,0,0,0
120900119,0,0,0
120900120,0,0,0
120900121,0,0,0
120900122,0,0,0
120900123,0,0,0
120900124,0,0,0
120900125,0,0,0
120900126,0,0,0
120900127,0,0,0
120900128,0,0,0
120900129,0,0,0
120900130,0,0,0
120900131,0,0,0
120900132,0,0,0
120900133,0,0,0
120900134,0,0,0
120900135,0,0,0
120900136,0,0,0
120900137,0,0,0
120900138,0,0,0
120900139,0,0,0
120900140,0,0,0
120900141,0,0,0
120900142,0,0,0
120900143,0,0,0
120900144,0,0,0
120900145,0,0,0
120900146,0,0,0
120900147,0,0,0
120900148,0,0,0
120900149,0,0,0
120900150,0,0,0
120900151,0,0,0
120900152,0,0,0
120900153,0,0,0
120900154,0,0,0
120900155,0,0,0
120900156,0,0,0
120900157,0,0,0
120900158,0,0,0
120900159,0,0,0
120900160,0,0,0
120900161,0,0,0
120900162,0,0,0
120900163,0,0,0
120900164,0,0,0
120900165,0,0,0
120900166,0,0,0
120900167,0,0,0
120900169,0,0,0
120900170,0,0,0
120900171,0,0,0
120900172,0,0,0
120900173,0,0,0
120900174,0,0,0
120900175,0,0,0
120900176,0,0,0
120900177,0,0,0
120900178,0,0,0
120900179,0,0,0
120900180,0,0,0
120900181,0,0,0
120900182,0,0,0
120900183,0,0,0
120900184,0,0,0
120900185,0,0,0
120900186,0,0,0
120900187,0,0,0
120900188,0,0,0
120900189,0,0,0
120900190,0,0,0
120900191,0,0,0
120900192,0,0,0
120900194,0,0,0
120900195,0,0,0
120900196,0,0,0
120900197,0,0,0
120900198,0,0,0
120900199,0,0,0
120900200,0,0,0
120900201,0,0,0
120900202,0,0,0
120900203,0,0,0
120900204,0,0,0
120900205,0,0,0
120900206,0,0,0
120900207,0,0,0
121000001,71,201,-130
121000002,9,4,5
121000003,617,339,278
121000004,33,11,22
121000005,347,363,-16
121000006,232,142,90
121000007,375,502,-127
121000008,243,212,31
121000009,981,757,224
121000010,676,276,400
121000011,2300,894,1406
121000012,1295,464,831
121000013,1105,1022,83
121000014,885,533,352
121000015,571,1202,-631
121000016,773,605,168
121000017,3,13,-10
121000018,116,78,38
121000019,799,66,733
121000020,737,399,338
121000021,192,88,104
121000022,143,146,-3
121000023,183,121,62
121000024,160,190,-30
121000025,97,40,57
121000026,93,62,31
121000027,330,87,243
121000028,66,29,37
121000029,0,0,0
121000030,0,0,0
121000031,0,0,0
121000032,0,0,0
121000034,0,0,0
121000035,0,6,-6
121000036,0,1,-1
121000037,2,6,-4
121000038,108,143,-35
121000039,0,0,0
121000041,0,0,0
121000042,0,0,0
121000043,0,0,0
121000044,2,1,1
121000045,0,0,0
121000046,0,0,0
121000047,0,0,0
121000049,2,3,-1
121000050,2,12,-10
121000051,0,0,0
121000052,0,7,-7
121000053,0,0,0
121000054,0,13,-13
121000055,0,0,0
121000056,0,0,0
121000057,1,0,1
121000058,0,0,0
121000059,0,0,0
121000060,25,24,1
121000061,0,0,0
121000062,0,0,0
121000063,10,77,-67
121000064,6,8,-2
121000065,0,7,-7
121000066,0,0,0
121000067,0,0,0
121000068,0,1,-1
121000069,0,0,0
121000070,29,42,-13
121000071,35,57,-22
121000072,39,32,7
121000073,36,32,4
121000074,0,0,0
121000075,0,5,-5
121000076,0,0,0
121000077,0,0,0
121000078,0,14,-14
121000080,162,76,86
121000081,111,140,-29
121000082,58,75,-17
121000083,0,0,0
121000084,0,0,0
121000085,141,64,77
121000086,0,0,0
121000087,0,3,-3
121000088,0,2,-2
121000089,0,1,-1
121000090,1,0,1
121000091,681,95,586
121000092,38,12,26
121000093,14,30,-16
121000094,91,49,42
121000095,0,0,0
121000096,75,118,-43
121000097,35,94,-59
121000098,17,47,-30
121000099,17,43,-26
121000100,3,20,-17
121000101,0,0,0
121000102,0,0,0
121000103,0,0,0
121000104,0,0,0
121000105,0,1,-1
121000106,0,0,0
121000107,18,19,-1
121000109,1,8,-7
121000110,1,2,-1
121000114,122,341,-219
121000115,12,62,-50
121000116,25,35,-10
121000117,2,2,0
121000118,2,0,2
121000119,0,2,-2
121000120,0,2,-2
121000121,0,0,0
121000123,0,0,0
121000126,0,1,-1
121000127,0,0,0
121000128,4,14,-10
121000129,3,13,-10
121000130,15,30,-15
121000131,5,18,-13
121000132,48,6,42
121000135,0,5,-5
121000136,4,0,4
121000137,2,0,2
121000138,0,1,-1
121000139,61,28,33
121000141,0,0,0
121000142,2,0,2
121000143,0,0,0
121000144,10,0,10
121000145,2,5,-3
121000146,2,1,1
121000147,4,0,4
121000148,1,3,-2
121000149,61,59,2
121000152,15,44,-29
121000153,3,0,3
121000154,0,0,0
121000155,7,6,1
121000156,7,2,5
121000157,4,1,3
121000158,1,1,0
121000159,0,1,-1
121000160,0,1,-1
121000161,0,0,0
121000162,0,0,0
121000165,2,0,2
121000166,0,0,0
121000168,29,37,-8
121000169,16,15,1
121000170,125,39,86
121000171,84,78,6
121000172,47,26,21
121000173,1,3,-2
121000174,1,0,1
121000175,0,2,-2
121000176,4,4,0
121000177,1,1,0
121000178,0,0,0
121000179,2,25,-23
121000181,33,161,-128
121000182,166,45,121
121000183,25,10,15
121000184,3,7,-4
121000185,0,0,0
121000186,1,11,-10
121000187,0,0,0
121000188,0,0,0
121000192,2,0,2
121000193,2,3,-1
121000194,225,226,-1
121000195,3,5,-2
121000196,0,2,-2
121000197,12,27,-15
121000198,0,0,0
121000199,4,69,-65
121000200,0,0,0
121000201,0,0,0
121000202,0,0,0
121000203,0,0,0
121000204,0,0,0
121000205,16,84,-68
121000206,0,0,0
121000207,0,0,0
121000208,0,0,0
121000209,27,89,-62
121000210,7,4,3
121000211,5,7,-2
121000212,11,9,2
121000213,17,45,-28
121000214,0,0,0
121000215,67,41,26
121000216,0,0,0
121000217,9,2,7
121000218,52,297,-245
121000219,1,0,1
121000220,5,7,-2
121000221,7,0,7
121000222,208,445,-237
121000223,0,0,0
121000224,0,0,0
121000225,91,45,46
121000226,1,0,1
121000227,0,3,-3
121000228,0,22,-22
121000229,1,9,-8
121000230,1,33,-32
121000231,0,0,0
121000232,0,0,0
121000233,0,0,0
121000234,0,0,0
121000235,0,0,0
121000236,0,0,0
121000237,0,0,0
121000238,0,0,0
121000239,0,0,0
121000240,0,0,0
121000241,0,0,0
121000242,0,0,0
121000243,0,0,0
121000244,0,0,0
121000245,0,0,0
121000246,0,0,0
121000247,0,0,0
121000248,0,0,0
121000249,4,21,-17
121000250,0,0,0
121000251,0,94,-94
121000252,0,0,0
121000253,37,168,-131
121000254,1,0,1
121000255,5,27,-22
121000256,0,0,0
121000257,18,16,2
121000258,0,0,0
121000259,9,9,0
121000260,13,44,-31
121000261,0,0,0
121000262,0,0,0
121000263,6,34,-28
121000271,24,86,-62
121000273,0,1,-1
121000274,0,0,0
121000275,1,0,1
121000276,0,0,0
121000278,0,0,0
121000279,0,2,-2
121000280,0,0,0
121000289,0,0,0
121000290,5,8,-3
121000294,0,0,0
121000297,3,2,1
121000299,0,36,-36
121000300,0,0,0
121000302,0,5,-5
121000303,1,1,0
121000304,0,0,0
121000305,0,0,0
121000306,0,0,0
121000308,0,0,0
121000309,0,0,0
121000310,0,0,0
121000311,0,0,0
121000312,0,0,0
121000313,0,0,0
121000314,7,18,-11
121000315,2,2,0
121000530,20,44,-24
121000531,29,71,-42
121000532,212,121,91
121000533,134,104,30
121000918,0,0,0
121000919,0,0,0
121000938,0,0,0
121000939,0,0,0
121000956,15,15,0
121000957,9,28,-19
121000958,4,38,-34
121000959,25,166,-141
121000960,26,244,-218
121000961,0,0,0
121000962,0,0,0
121000973,0,1,-1
121000976,0,0,0
121000979,0,0,0
121000981,0,0,0
121000982,0,0,0
121000983,13,40,-27
121000984,0,0,0
121000985,14,11,3
121000986,0,0,0
121000987,19,243,-224
121000988,1,0,1
121001302,0,0,0
121001308,0,0,0
121001309,0,0,0
121001313,0,0,0
121001314,1505,869,636
121001315,460,248,212
121900001,0,0,0
121900002,0,0,0
121900003,0,0,0
121900004,0,0,0
121900005,0,0,0
121900006,0,0,0
121900007,0,0,0
121900008,0,0,0
121900009,0,0,0
121900010,0,0,0
121900011,0,0,0
121900012,0,0,0
121900013,0,0,0
121900014,0,0,0
121900015,0,0,0
121900016,0,0,0
121900017,0,0,0
121900018,0,0,0
121900019,0,0,0
121900020,0,0,0
121900021,0,0,0
121900022,0,0,0
121900023,0,0,0
121900024,0,0,0
121900025,0,0,0
121900026,0,0,0
121900027,0,0,0
121900028,0,0,0
121900029,0,0,0
121900030,0,0,0
121900031,0,0,0
121900032,0,0,0
121900033,0,0,0
121900034,0,0,0
121900035,0,0,0
121900036,0,0,0
121900037,0,0,0
121900038,0,0,0
121900039,0,0,0
121900040,0,0,0
121900041,0,0,0
121900042,0,0,0
121900043,0,0,0
121900044,0,0,0
121900046,0,0,0
121900047,0,0,0
121900048,0,0,0
121900050,0,0,0
121900051,0,0,0
121900052,0,0,0
121900053,1,1,0
121900054,0,0,0
121900055,0,0,0
121900058,0,0,0
121900059,0,0,0
121900060,0,0,0
121900061,0,0,0
121900062,0,0,0
121900063,0,0,0
121900064,0,0,0
121900066,0,0,0
121900067,0,0,0
121900069,0,0,0
121900070,0,0,0
121900071,0,0,0
121900072,0,0,0
121900073,0,0,0
121900074,0,0,0
121900075,0,0,0
121900076,0,0,0
121900077,0,0,0
121900078,0,0,0
121900079,0,0,0
121900080,0,0,0
121900082,0,0,0
121900084,0,0,0
121900085,0,0,0
121900086,0,0,0
121900087,0,0,0
121900088,0,0,0
121900089,0,0,0
121900090,0,0,0
121900091,0,0,0
121900092,0,0,0
121900093,0,0,0
121900094,0,0,0
121900095,0,0,0
121900096,0,0,0
121900097,0,0,0
121900098,0,0,0
121900099,0,0,0
121900100,0,0,0
121900101,0,0,0
121900102,0,0,0
121900103,0,0,0
121900104,0,0,0
121900105,0,0,0
121900106,0,0,0
121900107,0,0,0
121900108,0,0,0
121900109,0,0,0
121900110,0,0,0
121900111,0,0,0
121900112,0,0,0
121900113,0,0,0
121900114,0,0,0
121900117,0,0,0
121900118,0,0,0
121900119,0,0,0
121900120,0,0,0
121900121,0,0,0
121900122,0,0,0
121900123,0,0,0
121900124,0,0,0
121900125,0,0,0
121900127,0,0,0
121900128,0,0,0
121900129,0,0,0
121900130,0,0,0
121900131,0,0,0
121900132,0,0,0
121900133,0,0,0
121900134,0,0,0
121900135,0,0,0
121900136,0,0,0
121900137,0,0,0
121900138,0,0,0
121900139,0,0,0
121900140,0,0,0
121900141,0,0,0
121900142,0,0,0
121900143,0,0,0
121900144,0,0,0
121900145,0,0,0
121900146,0,0,0
121900147,0,0,0
121900148,0,0,0
121900149,0,0,0
121900150,0,0,0
121900151,0,0,0
121900152,0,0,0
121900153,0,0,0
121900154,0,0,0
121900155,0,0,0
121900156,0,0,0
121900157,0,0,0
121900158,0,0,0
121900159,0,0,0
121900160,0,0,0
121900161,0,0,0
121900162,0,0,0
121900163,0,0,0
121900164,0,0,0
121900165,0,0,0
121900166,0,0,0
121900167,0,0,0
121900168,0,0,0
121900169,0,0,0
121900170,0,0,0
121900171,0,0,0
121900172,0,0,0
121900173,0,0,0
121900174,0,0,0
121900175,0,0,0
121900176,0,0,0
121900177,0,0,0
121900178,0,0,0
121900179,0,0,0
121900180,0,0,0
121900182,0,0,0
121900183,0,0,0
121900184,0,0,0
121900186,0,0,0
121900187,0,0,0
121900188,0,0,0
121900189,0,0,0
121900190,0,0,0
121900191,0,0,0
121900192,0,0,0
121900193,0,0,0
121900194,0,0,0
121900195,0,0,0
121900196,0,0,0
121900197,0,0,0
121900198,0,0,0
121900199,0,0,0
121900200,0,0,0
121900201,0,0,0
121900202,0,0,0
121900203,0,0,0
121900204,0,0,0
121900205,0,0,0
121900206,0,0,0
121900207,0,0,0
121900208,0,0,0
121900209,0,0,0
121900210,0,0,0
121900211,0,0,0
121900212,0,0,0
121900213,0,0,0
121900214,0,0,0
121900215,0,0,0
121900216,0,0,0
121900217,0,0,0
121900218,0,0,0
121900220,0,0,0
121900221,0,0,0
121900222,0,0,0
121900223,0,0,0
121900224,0,0,0
121900225,0,0,0
121900226,0,0,0
121900227,0,0,0
121900228,0,0,0
121900230,0,0,0
121900231,0,0,0
121900232,0,0,0
121900233,0,0,0
121900234,0,0,0
121900235,0,0,0
121900236,0,0,0
121900237,0,0,0
121900238,0,0,0
121900239,0,0,0
121900240,0,0,0
121900241,0,0,0
121900242,0,0,0
121900243,0,0,0
121900244,0,0,0
121900245,0,0,0
121900246,0,0,0
121900247,0,0,0
121900248,0,0,0
121900250,0,0,0
121900251,0,0,0
121900252,0,0,0
121900253,0,0,0
121900254,0,0,0
121900255,0,0,0
121900258,0,0,0
121900259,0,0,0
121900260,0,0,0
121900261,0,0,0
121900262,0,0,0
121900263,0,0,0
121900264,0,0,0
121900265,0,0,0
121900266,0,0,0
121900267,0,0,0
121900269,0,0,0
121900270,0,0,0
121900271,0,0,0
121900273,0,0,0
121900274,0,0,0
121900277,0,0,0
121900278,0,0,0
121900279,0,0,0
121900280,0,0,0
121900281,0,0,0
121900284,0,0,0
121900286,0,0,0
121900287,0,0,0
121900288,0,0,0
121900290,0,0,0
121900291,0,0,0
121900292,0,0,0
121900293,0,0,0
121900294,0,0,0
121900295,0,0,0
121900296,0,0,0
121900298,0,0,0
121900299,0,0,0
121900300,0,0,0
121900301,0,0,0
121900302,0,0,0
121900303,0,0,0
121900304,0,0,0
121900305,0,0,0
121900306,0,0,0
121900307,0,0,0
121900308,0,0,0
121900309,0,0,0
121900310,0,0,0
121900311,0,0,0
121900312,0,0,0
121900313,0,0,0
121900314,0,0,0
121900315,0,0,0
121900316,0,0,0
121900317,0,0,0
121900318,0,0,0
121900319,0,0,0
121900320,0,0,0
121900321,0,0,0
121900322,0,0,0
121900323,0,0,0
121900324,0,0,0
121900325,0,0,0
121900326,0,0,0
121900327,0,0,0
121900328,0,0,0
121900329,0,0,0
121900330,0,0,0
121900331,0,0,0
121900332,0,0,0
121900333,0,0,0
122000001,83,42,41
122000002,25,10,15
122000003,71,32,39
122000004,13,3,10
122000005,0,1,-1
122000006,1,0,1
122000007,0,2,-2
122000008,6,6,0
122000009,3,0,3
122000010,9,1,8
122000011,1,2,-1
122000012,0,1,-1
122000013,1,2,-1
122000014,3,2,1
122000015,6,6,0
122000016,2,5,-3
122000017,1,4,-3
122000018,0,4,-4
122000019,1,2,-1
122000020,0,3,-3
122000021,0,3,-3
122000022,0,0,0
122000023,0,0,0
122000024,0,0,0
122000025,0,0,0
122000026,0,0,0
122000027,8,16,-8
122000028,0,0,0
122000029,0,0,0
122000030,0,0,0
122000031,0,0,0
122000032,0,2,-2
122000033,0,0,0
122000034,3,2,1
122000035,4,0,4
122000036,9,16,-7
122000037,0,1,-1
122000038,1,0,1
122000039,0,0,0
122000040,0,0,0
122000041,0,0,0
122000042,0,0,0
122000043,0,0,0
122000044,0,0,0
122000045,0,0,0
122000046,0,2,-2
122000047,3,1,2
122000048,13,2,11
122000049,103,74,29
122000050,2,3,-1
122000051,0,0,0
122000052,0,0,0
122000053,0,2,-2
122000054,4,1,3
122000055,24,95,-71
122000056,12,7,5
122000057,175,209,-34
122000058,13,12,1
122000059,10,10,0
122000060,0,0,0
122000061,0,0,0
122000062,1,1,0
122000063,1,1,0
122000064,11,17,-6
122000065,170,115,55
122000066,302,230,72
122000067,218,415,-197
122000068,72,89,-17
122000069,71,109,-38
122000070,0,0,0
122000071,0,0,0
122000072,0,0,0
122000073,0,1,-1
122000074,0,0,0
122000075,1,1,0
122000076,0,1,-1
122000077,1,4,-3
122000078,0,0,0
122000079,24,46,-22
122000080,0,1,-1
122000081,2,0,2
122000082,0,0,0
122000083,0,2,-2
122000084,0,1,-1
122000085,8,64,-56
122000086,120,124,-4
122000087,0,0,0
122000088,1,2,-1
122000089,208,72,136
122000090,0,0,0
122000091,0,0,0
122000092,0,0,0
122000093,23,233,-210
122000094,263,49,214
122000095,198,110,88
122000096,2,1,1
122000098,434,363,71
122000099,0,0,0
122000100,0,0,0
122000101,0,0,0
122000102,2,0,2
122000103,2,2,0
122000104,0,0,0
122000105,0,0,0
122000106,1,1,0
122000107,0,0,0
122000108,1,1,0
122000109,0,0,0
122000110,0,5,-5
122000111,2,1,1
122000112,0,0,0
122000113,0,0,0
122000114,470,463,7
122000115,554,182,372
122000116,90,26,64
122000117,1,1,0
122000118,1,0,1
122000119,69,103,-34
122000120,82,164,-82
122000121,155,139,16
122000122,46,79,-33
122000123,154,20,134
122000124,50,9,41
122000125,120,71,49
122000126,18,59,-41
122000127,160,111,49
122000128,19,71,-52
122000129,0,0,0
122000130,0,0,0
122000131,2,0,2
122000132,0,0,0
122000133,0,7,-7
122000134,42,35,7
122000135,36,176,-140
122000136,0,0,0
122000137,0,3,-3
122000139,13,9,4
122000140,3,3,0
122000141,7,2,5
122000142,0,3,-3
122000143,0,0,0
122000144,2,0,2
122000145,0,0,0
122000146,0,0,0
122000147,0,0,0
122000148,496,288,208
122000149,4,3,1
122000150,1,2,-1
122000151,0,1,-1
122000152,0,0,0
122000153,0,0,0
122000154,1,0,1
122000155,1,2,-1
122000156,654,709,-55
122000157,415,457,-42
122000158,0,2,-2
122000159,0,0,0
122000160,0,0,0
122000161,0,0,0
122000162,0,0,0
122000163,0,0,0
122000164,0,0,0
122000165,2,1,1
122000166,1,0,1
122000167,0,0,0
122000168,0,0,0
122000169,0,0,0
122000170,1,1,0
122000171,0,0,0
122000172,23,28,-5
122000173,29,46,-17
122000174,499,187,312
122000175,0,0,0
122000176,0,0,0
122000177,386,327,59
122000178,2,0,2
122000179,1,5,-4
122000180,263,311,-48
122000181,781,486,295
122000182,0,11,-11
122000183,33,5,28
122000184,2027,692,1335
122000185,358,302,56
122000186,1,1,0
122000187,0,0,0
122000188,0,0,0
122000189,0,0,0
122000190,0,0,0
122000191,0,0,0
122000192,0,0,0
122000193,0,0,0
122000194,0,2,-2
122000195,0,1,-1
122000196,0,1,-1
122000197,0,0,0
122000198,0,0,0
122000199,0,0,0
122000200,0,0,0
122000201,337,532,-195
122000202,425,319,106
122000203,59,58,1
122000204,7,73,-66
122000205,20,49,-29
122000206,1,0,1
122000207,0,0,0
122000208,1,0,1
122000209,0,0,0
122000210,26,161,-135
122000211,23,88,-65
122000212,99,47,52
122000213,105,76,29
122000214,99,127,-28
122000215,1,5,-4
122000217,55,104,-49
122000218,0,0,0
122000219,153,164,-11
122000220,35,108,-73
122000221,4,10,-6
122000222,2,0,2
122000223,43,33,10
122000225,77,12,65
122000226,21,135,-114
122000227,7,103,-96
122000228,14,34,-20
122000229,1,42,-41
122000230,0,56,-56
122000231,0,37,-37
122000232,0,42,-42
122000233,0,0,0
122000234,0,1,-1
122000235,0,0,0
122000236,0,0,0
122000237,0,0,0
122000238,0,0,0
122000239,0,0,0
122000240,0,0,0
122000241,2,0,2
122000242,0,0,0
122000243,0,0,0
122000244,0,44,-44
122000245,13,15,-2
122000246,0,0,0
122000247,29,66,-37
122000248,49,187,-138
122000249,0,0,0
122000250,0,0,0
122000251,49,42,7
122000252,0,0,0
122000253,1,37,-36
122000254,0,0,0
122000255,0,0,0
122000256,22,246,-224
122000257,7,32,-25
122000258,32,24,8
122000259,1,35,-34
122000260,0,14,-14
122000261,0,0,0
122000262,0,7,-7
122000263,0,5,-5
122000264,0,0,0
122000265,0,0,0
122000266,0,0,0
122000267,0,0,0
122000268,0,0,0
122000269,0,0,0
122000270,0,0,0
122000271,0,0,0
122000272,0,0,0
122000273,0,0,0
122000274,0,0,0
122000275,0,0,0
122000276,9,14,-5
122000277,51,69,-18
122000278,35,21,14
122000279,9,85,-76
122000280,76,81,-5
122000281,43,77,-34
122000282,1,1,0
122000283,0,0,0
122000284,0,0,0
122000285,1,0,1
122000286,1,1,0
122000287,0,0,0
122000288,0,0,0
122000291,65,12,53
122000293,0,2,-2
122000294,0,0,0
122000295,1,0,1
122000296,0,2,-2
122000297,221,51,170
122000299,9,11,-2
122000300,31,78,-47
122000301,184,135,49
122000302,7,4,3
122000303,389,167,222
122000304,0,2,-2
122000305,1,0,1
122000306,6,175,-169
122000307,37,20,17
122000309,2,18,-16
122000310,1,4,-3
122000311,32,21,11
122000312,0,0,0
122000313,0,1,-1
122000314,0,0,0
122000315,0,0,0
122000316,2,0,2
122000317,3,1,2
122000318,0,0,0
122000319,17,25,-8
122000320,4,51,-47
122000321,2,15,-13
122000322,3,1,2
122000323,3,2,1
122000324,1,1,0
122000325,0,0,0
122000326,0,0,0
122000327,0,1,-1
122000328,0,1,-1
122000330,2,2,0
122000332,1,4,-3
122000333,0,18,-18
122000337,43,224,-181
122000338,31,36,-5
122000340,0,1,-1
122000342,33,62,-29
122000343,1,109,-108
122000344,0,0,0
122000345,1,0,1
122000346,0,0,0
122000348,32,12,20
122000349,0,78,-78
122000351,0,0,0
122000352,0,0,0
122000353,0,2,-2
122000355,0,0,0
122000356,258,122,136
122000357,0,0,0
122000358,0,0,0
122000359,0,0,0
122000360,0,0,0
122000362,0,0,0
122000364,0,1,-1
122000365,0,0,0
122000366,0,0,0
122000368,1,1,0
122000370,0,0,0
122000371,0,0,0
122000372,0,0,0
122000381,0,1,-1
122000382,0,0,0
122000384,14,20,-6
122000385,0,0,0
122000386,0,2,-2
122000387,0,0,0
122000388,1,0,1
122000389,0,3,-3
122000390,0,0,0
122000391,0,0,0
122000392,0,0,0
122000393,0,0,0
122000394,0,0,0
122000395,0,0,0
122000396,0,0,0
122000397,2,4,-2
122000398,0,0,0
122000399,0,0,0
122000400,0,0,0
122000401,0,0,0
122000402,0,0,0
122000403,92,244,-152
122000404,0,0,0
122000408,28,57,-29
122000503,0,0,0
122000524,0,0,0
122000544,0,0,0
122000616,140,12,128
122000640,0,0,0
122000641,0,0,0
122000642,0,0,0
122000643,0,0,0
122000644,5,3,2
122000645,0,14,-14
122000651,0,2,-2
122000664,0,0,0
122000665,15,16,-1
122000666,1,1,0
122000673,32,145,-113
122000674,0,0,0
122000675,112,126,-14
122000686,0,1,-1
122000687,7,26,-19
122000688,0,3,-3
122000689,9,48,-39
122000690,22,69,-47
122000691,0,1,-1
122000692,30,39,-9
122000693,0,2,-2
122000695,17,58,-41
122000696,0,0,0
122000698,10,91,-81
122000699,0,0,0
122000701,30,26,4
122000702,1,1,0
122000703,0,0,0
122000717,29,7,22
122000718,0,0,0
122000719,0,0,0
122000720,0,0,0
122000724,2,0,2
122900001,0,0,0
122900002,0,0,0
122900003,0,0,0
122900004,0,0,0
122900005,0,0,0
122900006,0,0,0
122900007,0,0,0
122900008,0,0,0
122900009,0,0,0
122900010,0,0,0
122900012,0,0,0
122900014,0,0,0
122900015,0,0,0
122900016,0,0,0
122900017,0,0,0
122900018,0,0,0
122900019,0,0,0
122900020,0,0,0
122900021,0,0,0
122900022,0,0,0
122900023,0,0,0
122900024,0,0,0
122900025,0,0,0
122900026,0,0,0
122900027,0,0,0
122900028,0,0,0
122900029,0,0,0
122900030,0,0,0
122900031,0,0,0
122900032,0,0,0
122900033,0,0,0
122900034,0,0,0
122900035,0,0,0
122900036,0,0,0
122900037,0,0,0
122900038,0,0,0
122900039,0,0,0
122900040,0,0,0
122900041,0,0,0
122900042,0,0,0
122900043,0,0,0
122900044,0,0,0
122900045,0,0,0
122900046,0,0,0
122900047,0,0,0
122900048,0,0,0
122900049,0,0,0
122900051,0,0,0
122900052,0,0,0
122900053,0,0,0
122900055,0,0,0
122900057,0,0,0
122900061,0,0,0
122900062,0,0,0
122900063,0,0,0
122900064,0,0,0
122900065,0,0,0
122900066,0,0,0
122900067,0,0,0
122900068,0,0,0
122900069,0,0,0
122900070,0,0,0
122900071,0,0,0
122900072,0,0,0
122900073,0,0,0
122900074,0,0,0
122900075,0,0,0
122900076,0,0,0
122900077,0,0,0
122900078,0,0,0
122900080,0,0,0
122900081,0,0,0
122900082,0,0,0
122900083,0,0,0
122900084,0,0,0
122900086,0,0,0
122900087,0,0,0
122900088,0,0,0
122900089,0,0,0
122900090,0,0,0
122900091,0,0,0
122900092,0,0,0
122900093,0,0,0
122900094,0,0,0
122900095,0,0,0
122900096,0,0,0
122900097,0,0,0
122900098,0,0,0
122900099,0,0,0
122900100,0,0,0
122900101,0,0,0
122900102,0,0,0
122900103,0,0,0
122900104,0,0,0
122900105,0,0,0
122900106,0,0,0
122900107,0,0,0
122900108,0,0,0
123000001,115,94,21
123000002,443,223,220
123000003,277,126,151
123000004,547,960,-413
123000005,91,112,-21
123000006,299,571,-272
123000007,100,111,-11
123000008,340,939,-599
123000009,443,169,274
123000010,852,1344,-492
123000011,157,117,40
123000012,285,877,-592
123000013,194,39,155
123000014,292,771,-479
123000015,875,31,844
123000016,1023,782,241
123000017,2,0,2
123000018,1,0,1
123000019,0,2,-2
123000020,0,0,0
123000021,0,0,0
123000022,0,0,0
123000023,1,1,0
123000024,0,2,-2
123000025,0,0,0
123000026,0,1,-1
123000027,2,0,2
123000028,0,0,0
123000029,0,13,-13
123000030,0,28,-28
123000031,0,0,0
123000032,0,1,-1
123000033,0,0,0
123000034,0,0,0
123000035,0,0,0
123000036,0,0,0
123000037,4,14,-10
123000038,0,0,0
123000039,1,0,1
123000040,37,15,22
123000041,0,0,0
123000042,15,16,-1
123000043,2,0,2
123000044,52,24,28
123000045,375,119,256
123000046,0,1,-1
123000047,12,7,5
123000048,0,0,0
123000049,315,95,220
123000050,58,43,15
123000051,3,0,3
123000052,65,77,-12
123000053,290,68,222
123000054,109,28,81
123000055,24,58,-34
123000056,107,304,-197
123000057,712,540,172
123000058,0,2,-2
123000059,0,0,0
123000060,0,2,-2
123000061,0,0,0
123000063,0,0,0
123000064,2,0,2
123000065,96,154,-58
123000066,5,0,5
123000067,0,0,0
123000068,258,500,-242
123000069,950,537,413
123000070,0,0,0
123000071,0,0,0
123000072,20,10,10
123000073,0,0,0
123000074,3,14,-11
123000075,0,0,0
123000076,0,2,-2
123000077,79,33,46
123000078,0,0,0
123000079,0,0,0
123000080,24,54,-30
123000081,2,1,1
123000082,2,0,2
123000083,0,0,0
123000084,1,28,-27
123000085,0,0,0
123000086,0,0,0
123000087,0,0,0
123000088,0,2,-2
123000089,0,0,0
123000090,30,75,-45
123000091,0,0,0
123000092,6,67,-61
123000094,1,0,1
123000095,0,0,0
123000096,0,0,0
123000097,0,2,-2
123000098,0,0,0
123000099,0,1,-1
123000100,0,2,-2
123000101,0,0,0
123000102,1,0,1
123000104,0,0,0
123000105,2,3,-1
123000106,0,0,0
123000107,1,6,-5
123000108,6,3,3
123000111,0,0,0
123000112,0,0,0
123000113,0,4,-4
123000114,0,1,-1
123000115,0,0,0
123000116,0,0,0
123000117,0,0,0
123000118,0,0,0
123000119,0,0,0
123000120,0,0,0
123000121,0,0,0
123000122,5,13,-8
123000123,2,0,2
123000124,10,17,-7
123000125,0,0,0
123000126,2,1,1
123000127,282,167,115
123000128,18,24,-6
123000129,0,0,0
123000130,1,0,1
123000131,0,0,0
123000132,12,21,-9
123000133,13,32,-19
123000134,0,0,0
123000135,0,0,0
123000136,0,5,-5
123000137,0,2,-2
123000138,0,4,-4
123000139,0,1,-1
123000140,2,5,-3
123000141,1,0,1
123000142,54,85,-31
123000143,22,156,-134
123000144,0,0,0
123000145,0,0,0
123000146,0,0,0
123000147,0,0,0
123000149,0,1,-1
123000150,0,0,0
123000151,4,5,-1
123000152,6,35,-29
123000153,1,0,1
123000154,1,1,0
123000155,65,26,39
123000156,0,1,-1
123000157,19,45,-26
123000158,1,0,1
123000159,0,0,0
123000160,0,0,0
123000161,0,0,0
123000162,0,0,0
123000163,0,0,0
123000164,0,0,0
123000165,2,3,-1
123000166,1,2,-1
123000167,0,18,-18
123000168,3,1,2
123000169,0,0,0
123000170,0,3,-3
123000171,0,2,-2
123000172,2,7,-5
123000173,0,0,0
123000174,1,0,1
123000175,6,12,-6
123000176,0,0,0
123000177,1,17,-16
123000178,0,0,0
123000179,0,0,0
123000180,0,0,0
123000181,0,4,-4
123000182,0,0,0
123000183,0,0,0
123000184,0,0,0
123000185,0,0,0
123000186,1,7,-6
123000187,0,0,0
123000188,0,0,0
123000189,0,0,0
123000190,0,0,0
123000192,0,0,0
123000193,0,0,0
123000194,0,0,0
123000195,0,0,0
123000196,0,0,0
123000197,0,0,0
123000198,0,1,-1
123000199,0,0,0
123000200,0,0,0
123000201,0,0,0
123000202,0,4,-4
123000203,0,0,0
123000204,0,4,-4
123000205,0,5,-5
123000206,0,0,0
123000207,0,0,0
123000208,0,0,0
123000209,1,0,1
123000210,0,2,-2
123000211,0,2,-2
123000212,0,0,0
123000213,0,0,0
123000215,502,7,495
123000216,0,0,0
123000217,0,0,0
123000218,5,17,-12
123000219,0,0,0
123000220,0,0,0
123000221,0,0,0
123000222,0,0,0
123000223,0,0,0
123000224,0,0,0
123000225,2,2,0
123000226,0,21,-21
123000227,1,11,-10
123000228,1,1,0
123000229,15,110,-95
123000232,6,37,-31
123000233,0,0,0
123000234,3,23,-20
123000235,0,0,0
123000236,9,21,-12
123000237,0,0,0
123000238,3,32,-29
123000239,8,109,-101
123000240,0,0,0
123000241,0,0,0
123000242,0,3,-3
123000243,31,180,-149
123000244,54,195,-141
123000245,18,65,-47
123000249,893,281,612
123000252,0,0,0
123000253,0,0,0
123000254,0,0,0
123000255,0,0,0
123000256,0,7,-7
123000257,1,2,-1
123000258,0,0,0
123000259,0,0,0
123000260,0,0,0
123000261,0,1,-1
123000262,0,1,-1
123000263,0,0,0
123000264,0,0,0
123000265,0,1,-1
123000266,0,0,0
123000267,0,0,0
123000268,0,4,-4
123000269,0,0,0
123000270,0,0,0
123000271,1,0,1
123000272,0,0,0
123000273,0,0,0
123000274,0,0,0
123000275,4,27,-23
123000278,0,0,0
123000279,0,0,0
123000280,0,0,0
123000281,0,0,0
123000282,0,0,0
123000283,0,0,0
123000284,0,0,0
123000286,0,0,0
123000287,0,0,0
123000288,0,0,0
123000289,0,0,0
123000291,5,41,-36
123000294,2,1,1
123000295,156,74,82
123000296,25,18,7
123000297,0,1,-1
123000298,1,0,1
123000299,0,0,0
123000300,1,0,1
123000301,1,0,1
123000302,0,0,0
123000303,0,1,-1
123000305,36,9,27
123000306,0,13,-13
123000309,0,0,0
123000310,0,0,0
123000311,0,13,-13
123000312,0,0,0
123000313,0,0,0
123000315,1,1,0
123000316,0,0,0
123000317,0,0,0
123000318,0,0,0
123000329,0,0,0
123000337,0,0,0
123000338,0,0,0
123000339,0,42,-42
123000340,0,0,0
123000342,0,0,0
123000343,0,0,0
123000344,2,4,-2
123000345,1,2,-1
123000346,0,0,0
123000352,28,47,-19
123000353,1,16,-15
123000354,0,1,-1
123000355,0,41,-41
123000356,0,0,0
123000357,0,3,-3
123000359,0,4,-4
123000360,0,0,0
123000361,7,18,-11
123000362,2,3,-1
123000363,0,10,-10
123000364,0,0,0
123000365,0,13,-13
123000366,0,0,0
123000367,0,0,0
123000370,0,20,-20
123000371,0,0,0
123000372,0,0,0
123000373,0,30,-30
123000374,1,30,-29
123000375,0,0,0
123000376,2,1,1
123000377,0,0,0
123000378,1,36,-35
123000379,0,14,-14
123000380,0,28,-28
123000381,0,0,0
123000382,0,0,0
123000383,4,116,-112
123000384,0,0,0
123000385,5,61,-56
123000436,57,261,-204
123000507,0,1,-1
123000508,0,2,-2
123000517,0,0,0
123000518,0,0,0
123000519,0,1,-1
123000520,0,0,0
123000521,0,0,0
123000522,0,0,0
123000541,0,0,0
123000542,0,8,-8
123000565,0,0,0
123000566,0,0,0
123000567,0,0,0
123000573,24,222,-198
123000574,0,0,0
123000575,45,204,-159
123000576,9,160,-151
123000577,9,95,-86
123000578,0,0,0
123000579,2,2,0
123000580,0,0,0
123000582,0,0,0
123000583,2,29,-27
123000584,0,0,0
123000585,0,14,-14
123000586,0,0,0
123000596,1,0,1
123000597,0,0,0
123000602,0,0,0
123000603,0,0,0
123000604,3,135,-132
123000605,785,76,709
123000606,3,724,-721
123000609,0,0,0
123000610,0,0,0
123000613,33,47,-14
123000614,0,0,0
123000615,29,48,-19
123000616,0,0,0
123000617,23,54,-31
123000618,6,52,-46
123000619,0,0,0
123000620,20,67,-47
123000622,0,0,0
123000624,0,0,0
123000630,0,0,0
123000631,14,233,-219
123000632,1,2,-1
123000633,1,93,-92
123000634,0,0,0
123000635,2,1,1
123000636,0,0,0
123000637,0,0,0
123000638,0,0,0
123000639,0,0,0
123000640,0,28,-28
123900001,0,0,0
123900002,0,0,0
123900003,0,0,0
123900005,0,0,0
123900006,0,0,0
124000001,493,2,491
124000002,35,232,-197
124000003,24,1,23
124000004,10,92,-82
124000005,46,1,45
124000006,43,246,-203
124000007,0,0,0
124000008,1,52,-51
124000009,0,0,0
124000010,8,44,-36
124000011,1,0,1
124000012,20,81,-61
124000017,0,0,0
124000018,15,15,0
124000019,0,0,0
124000020,7,45,-38
124000021,0,0,0
124000022,13,54,-41
124000023,121,69,52
124000024,8,36,-28
124000025,32,46,-14
124000026,16,22,-6
124000027,149,66,83
124000028,212,302,-90
124000030,444,376,68
124000031,83,1,82
124000032,555,125,430
124000033,0,0,0
124000034,162,96,66
124000035,0,1,-1
124000036,7,29,-22
124000037,6,6,0
124000038,4,5,-1
124000039,168,38,130
124000040,60,111,-51
124000041,53,12,41
124000042,5,94,-89
124000043,21,23,-2
124000044,6,73,-67
124000045,0,0,0
124000046,6,88,-82
124000047,0,0,0
124000048,22,127,-105
124000049,0,0,0
124000050,32,154,-122
124000051,0,0,0
124000052,20,108,-88
124000053,0,0,0
124000054,57,75,-18
124000055,0,0,0
124000056,158,125,33
124000057,0,0,0
124000058,17,97,-80
124000059,0,0,0
124000060,75,42,33
124000061,0,0,0
124000062,277,70,207
124000063,119,319,-200
124000064,85,270,-185
124000065,0,7,-7
124000066,14,1,13
124000067,0,0,0
124000068,0,12,-12
124000069,0,0,0
124000070,3,71,-68
124000071,0,0,0
124000072,10,14,-4
124000073,0,0,0
124000074,16,77,-61
124000075,0,0,0
124000076,6,46,-40
124000077,62,21,41
124000078,1,0,1
124000079,104,62,42
124000080,0,0,0
124000081,7,76,-69
124000082,0,0,0
124000083,5,10,-5
124000084,0,0,0
124000085,2,2,0
124000086,0,0,0
124000087,0,0,0
124000088,0,0,0
124000089,0,0,0
124000090,3,30,-27
124000091,0,0,0
124000092,2,41,-39
124000093,0,0,0
124000094,0,0,0
124000095,0,0,0
124000096,0,0,0
124000097,0,0,0
124000098,0,0,0
124000099,0,0,0
124000100,1,10,-9
124000101,0,0,0
124000102,0,0,0
124000103,0,0,0
124000104,0,0,0
124000105,0,0,0
124000106,0,0,0
124000107,0,0,0
124000108,0,0,0
124000109,0,0,0
124000110,0,0,0
124000111,0,0,0
124000112,0,0,0
124000113,0,0,0
124000114,0,0,0
124000115,0,0,0
124000116,0,0,0
124000117,0,0,0
124000118,0,0,0
124000119,0,1,-1
124000120,0,0,0
124000121,6,31,-25
124000122,271,97,174
124000123,59,12,47
124000124,24,120,-96
124000125,22,15,7
124000126,30,128,-98
124000127,36,17,19
124000128,26,159,-133
124000129,37,50,-13
124000130,73,69,4
124000131,72,64,8
124000132,156,115,41
124000133,0,1,-1
124000134,23,57,-34
124000135,2,4,-2
124000136,30,75,-45
124000137,0,1,-1
124000138,60,44,16
124000139,0,0,0
124000140,0,13,-13
124000141,0,0,0
124000142,0,4,-4
124000143,0,0,0
124000144,0,0,0
124000145,0,0,0
124000146,0,0,0
124000148,0,0,0
124000149,0,0,0
124000150,7,49,-42
124000151,2,0,2
124000152,19,75,-56
124000153,0,0,0
124000154,10,61,-51
124000155,0,0,0
124000156,48,64,-16
124000169,0,0,0
124000170,0,0,0
124000171,0,0,0
124000172,0,0,0
124000173,0,0,0
124000174,0,0,0
124000175,13,39,-26
124000176,0,0,0
124000177,16,16,0
124000178,0,0,0
124000190,0,0,0
124000191,9,3,6
124000192,0,0,0
124000193,18,93,-75
124000194,22,80,-58
124000195,19,28,-9
124000196,61,170,-109
124000197,0,0,0
124000198,0,0,0
124000201,4,114,-110
124000202,0,0,0
124000203,7,165,-158
124000204,0,0,0
124000205,2,136,-134
124000206,0,5,-5
124000207,0,45,-45
124000209,7,96,-89
124000210,2,73,-71
124000211,0,0,0
124000212,4,110,-106
124000213,3,81,-78
124000214,0,0,0
124000215,0,0,0
124000216,0,93,-93
124000329,5,149,-144
124000338,4,76,-72
124000339,0,0,0
124000341,0,0,0
124000344,0,0,0
124000357,0,0,0
124000358,0,0,0
124000359,0,0,0
124000360,0,0,0
124000361,3,0,3
124000362,161,281,-120
124000363,67,118,-51
124000364,95,213,-118
124000365,373,609,-236
124000366,141,355,-214
124000367,14,91,-77
124000368,0,0,0
124000369,0,0,0
124000370,10,69,-59
124000402,0,0,0
124000403,0,0,0
124000404,0,0,0
124000405,93,29,64
124000406,49,147,-98
124000407,0,0,0
124000411,0,8,-8
124000412,0,0,0
124000413,0,0,0
124000414,0,0,0
124000415,0,0,0
124000416,0,0,0
124000417,0,0,0
124000418,0,0,0
124000419,0,0,0
124000420,0,0,0
124000421,0,0,0
124000422,0,0,0
124000423,0,0,0
124000424,0,3,-3
124000425,0,0,0
124000426,2,1,1
124000427,0,0,0
124000428,0,1,-1
124000429,2,123,-121
124000430,0,0,0
124000431,0,2,-2
124000432,0,2,-2
124000439,0,0,0
124000443,2,4,-2
124000445,0,0,0
124000446,44,2,42
124900001,0,0,0
124900002,0,0,0
124900003,0,0,0
124900004,0,0,0
124900005,0,0,0
124900006,0,0,0
124900008,0,0,0
124900009,0,0,0
124900010,0,0,0
124900011,0,0,0
124900012,0,0,0
124900013,0,0,0
124900014,0,0,0
124900015,0,0,0
124900016,0,0,0
124900017,0,0,0
124900018,0,0,0
124900020,0,0,0
124900021,0,0,0
124900022,0,0,0
124900024,0,0,0
124900026,0,0,0
124900027,0,0,0
124900028,0,0,0
124900029,0,0,0
124900030,0,0,0
124900031,0,0,0
124900032,0,0,0
124900033,0,0,0
124900034,0,0,0
124900035,0,0,0
124900036,0,0,0
124900037,0,0,0
124900038,0,0,0
124900039,0,0,0
124900040,0,0,0
124900041,0,0,0
124900042,0,0,0
124900043,0,0,0
124900044,0,0,0
124900045,0,0,0
124900046,0,0,0
124900047,0,0,0
124900048,0,0,0
124900050,0,0,0
124900052,0,0,0
124900053,0,0,0
124900054,0,0,0
124900055,0,0,0
124900057,0,0,0
124900060,0,0,0
124900061,0,0,0
124900062,0,0,0
124900066,0,0,0
124900067,0,0,0
124900068,0,0,0
124900070,0,0,0
124900072,0,0,0
124900074,0,0,0
124900075,0,0,0
124900076,0,0,0
124900077,0,0,0
124900078,0,0,0
124900079,0,0,0
124900080,0,0,0
124900081,0,0,0
124900082,0,0,0
124900083,0,0,0
124900084,0,0,0
124900085,0,0,0
124900086,0,0,0
124900087,0,0,0
124900088,0,0,0
124900089,0,0,0
124900090,0,0,0
124900091,0,0,0
124900092,0,0,0
124900093,0,0,0
124900094,0,0,0
124900095,0,0,0
124900096,0,0,0
124900097,0,0,0
124900098,0,0,0
124900099,0,0,0
124900100,0,0,0
124900101,0,0,0
124900102,0,0,0
124900103,0,0,0
124900104,0,0,0
124900105,0,0,0
124900106,0,0,0
124900107,0,0,0
124900108,0,0,0
124900109,0,0,0
124900110,0,0,0
124900111,0,0,0
124900112,0,0,0
124900113,0,0,0
124900114,0,0,0
124900115,0,0,0
124900116,0,0,0
124900117,0,0,0
124900118,0,0,0
124900119,0,0,0
124900120,0,0,0
124900121,0,0,0
124900122,0,0,0
124900123,0,0,0
124900124,0,0,0
129000186,0,0,0
204000001,0,0,0
204000002,0,0,0
204000003,0,0,0
204000004,0,0,0
204000005,0,0,0
204000006,0,0,0
204000011,34,185,-151
204000012,11,108,-97
204000013,0,5,-5
204000019,0,0,0
204000020,1,0,1
204000021,0,0,0
204000022,0,0,0
204000023,307,751,-444
204000031,0,0,0
204000032,0,0,0
204000034,37,178,-141
204000035,3,6,-3
204000036,6,5,1
204000037,2,8,-6
204000038,1,3,-2
204000039,5,7,-2
204000040,3,1,2
204000041,4,3,1
204000042,0,0,0
204000043,0,0,0
204000044,0,0,0
204000045,0,0,0
204000046,0,0,0
204000057,0,3,-3
204000062,4,4,0
204000068,31,79,-48
204000069,6,41,-35
204000070,0,0,0
204000080,20,61,-41
204000085,199,368,-169
204000086,483,597,-114
204000087,0,0,0
204000088,20,177,-157
204000090,40,162,-122
204000093,0,0,0
204000096,0,0,0
204000097,0,0,0
204000099,0,0,0
204000100,0,0,0
204000105,292,407,-115
204000110,208,640,-432
204000111,123,237,-114
204000112,114,236,-122
204000113,76,131,-55
204000114,1,0,1
204000115,0,0,0
204000116,0,0,0
204000119,0,0,0
204000132,0,0,0
204000133,0,0,0
204000134,0,0,0
204000135,0,0,0
204000136,0,0,0
204000138,0,0,0
204000140,0,0,0
204000141,0,0,0
204000144,0,0,0
204000145,0,0,0
204000146,59,119,-60
204000147,19,63,-44
204000148,0,0,0
204000154,0,0,0
204000155,1,1,0
204000177,0,0,0
204000179,0,0,0
204000180,1,51,-50
204000222,2,1,1
204000235,9,7,2
204000236,21,107,-86
204000238,0,0,0
204000240,13,16,-3
204000263,111,343,-232
204000268,0,0,0
204000308,0,0,0
204000317,12,17,-5
204000322,4,15,-11
204000323,0,0,0
204000328,0,0,0
204000329,34,50,-16
204000330,0,0,0
204000331,49,50,-1
204010341,0,0,0
205000001,469,301,168
205000013,3,62,-59
205000014,2,88,-86
205000015,9,147,-138
205000016,5,105,-100
205000017,10,34,-24
205000022,107,268,-161
205000025,430,406,24
205000029,0,0,0
205000045,29,90,-61
205000046,15,208,-193
205000047,31,260,-229
205000048,107,447,-340
205000049,37,406,-369
205000050,271,212,59
205000059,0,123,-123
205000060,0,10,-10
205000061,1,9,-8
205000062,0,16,-16
205000063,1,24,-23
205000064,15,42,-27
205000065,11,157,-146
205000066,8,104,-96
205000067,1,178,-177
205000069,0,0,0
205000082,0,0,0
205000110,10,146,-136
205000111,65,170,-105
205000112,0,0,0
205000113,89,109,-20
205000121,0,0,0
205000123,119,84,35
205000126,0,0,0
205000127,0,0,0
205000128,0,0,0
205000129,0,0,0
205000130,0,0,0
205000131,0,0,0
205000132,0,0,0
205000133,0,0,0
205000134,0,0,0
205000137,20,68,-48
205000138,49,102,-53
205000139,5,25,-20
205000144,0,0,0
205000145,0,0,0
205000151,0,0,0
205000152,0,0,0
205000153,0,0,0
205000154,0,0,0
205000155,0,0,0
205000207,249,403,-154
205000233,0,0,0
205000234,0,0,0
205000243,0,0,0
205000244,0,2,-2
205000245,14,156,-142
205000249,0,3,-3
205000250,0,0,0
205000264,9,39,-30
206000027,0,0,0
206000028,0,0,0
206000043,3,9,-6
206000053,1,9,-8
206000054,1,30,-29
206000055,3,16,-13
206000075,0,0,0
206000076,0,0,0
206000077,0,0,0
206000078,0,0,0
206000079,0,0,0
206000082,0,0,0
206000100,1,41,-40
206000103,22,46,-24
206000104,11,81,-70
206000105,2,29,-27
206000106,36,69,-33
206000108,0,0,0
206000125,0,0,0
206000157,134,535,-401
206000170,4,312,-308
206000171,2,102,-100
206000172,9,142,-133
206000173,1,47,-46
206000174,4,43,-39
206000175,1,56,-55
206000176,16,89,-73
206000177,1,68,-67
206000178,1,55,-54
206000179,0,24,-24
206000180,2,24,-22
206000181,0,22,-22
206000182,2,24,-22
206000183,2,43,-41
206000184,7,82,-75
206000185,8,61,-53
206000186,39,236,-197
206000223,10,62,-52
206000226,0,0,0
206000227,0,0,0
206000237,3,113,-110
206000238,23,104,-81
206000239,236,273,-37
206000240,3,81,-78
206000241,2,101,-99
206000242,13,111,-98
206000243,4,110,-106
206000244,32,163,-131
206000245,0,0,0
206000246,0,0,0
206000247,0,0,0
206000248,0,0,0
206000252,0,0,0
206000258,8,81,-73
206000315,0,0,0
206000317,0,0,0
206000318,0,0,0
206000319,0,0,0
206000320,0,0,0
206000321,0,1,-1
206000322,0,0,0
206000323,0,0,0
206000324,0,0,0
206000325,0,0,0
206000326,0,0,0
206000327,0,0,0
206000328,0,0,0
206000329,0,0,0
206000330,0,0,0
206000331,1,0,1
206000332,0,0,0
206000333,0,0,0
206000334,0,0,0
206000335,0,23,-23
206000361,6,229,-223
206000392,1,28,-27
206000405,2,0,2
206000441,0,0,0
206000498,0,3,-3
206000515,0,0,0
206000530,1,0,1
206000531,0,0,0
206000532,0,0,0
206000535,1,11,-10
206000536,0,4,-4
206000537,0,2,-2
206000613,1,0,1
207000001,67,403,-336
207000002,24,299,-275
207000003,26,189,-163
207000007,0,0,0
207000008,0,0,0
207000009,0,0,0
207000010,38,34,4
207000012,0,0,0
207000015,71,95,-24
207000019,0,0,0
207000021,0,0,0
207000022,0,0,0
207000023,0,0,0
207000024,0,0,0
207000025,0,0,0
207000026,64,154,-90
207000027,19,164,-145
207000028,24,192,-168
207000029,137,378,-241
207000033,0,0,0
207000034,0,0,0
207000039,0,0,0
207000040,0,0,0
207000041,0,0,0
207000042,0,0,0
207000043,0,0,0
207000051,7,100,-93
207000052,0,41,-41
207000053,193,665,-472
207000054,10,81,-71
207000055,25,77,-52
207000056,86,190,-104
207000057,95,261,-166
207000058,43,216,-173
207000059,25,246,-221
207000060,16,76,-60
207000061,0,0,0
207000062,0,0,0
207000063,0,0,0
207000064,0,0,0
207000065,0,0,0
207000066,0,0,0
207000067,0,0,0
207000068,0,0,0
207000069,0,0,0
207000082,0,0,0
207000083,12,31,-19
207000084,0,0,0
207000085,0,0,0
207000086,0,0,0
207000106,0,0,0
207000107,0,0,0
207000108,0,0,0
207000109,0,0,0
207000110,0,0,0
207000111,0,0,0
207000112,0,0,0
207000114,3,15,-12
207000115,3,37,-34
207000116,5,112,-107
207000117,1,51,-50
207000118,2,42,-40
207000119,4,66,-62
207000123,0,0,0
207000124,0,0,0
207000125,0,0,0
207000126,0,0,0
207000134,0,0,0
207000135,0,0,0
207000148,0,0,0
207000149,12,27,-15
207000152,49,233,-184
207000153,1009,903,106
207000154,0,0,0
207000159,5,34,-29
207000160,15,76,-61
207000238,0,27,-27
207000242,1,79,-78
207000248,11,6,5
207000249,15,49,-34
207000250,32,37,-5
207000251,20,46,-26
207000252,7,55,-48
207000278,0,0,0
207000279,16,41,-25
207000280,0,0,0
207000281,6,32,-26
207000282,0,0,0
207000283,1,10,-9
207000284,0,0,0
207000285,0,0,0
207000291,5,56,-51
207000304,0,0,0
207000306,27,376,-349
207000310,0,0,0
207000353,0,0,0
207000356,3,0,3
207000357,0,0,0
207000358,0,0,0
207000415,2,93,-91
207000417,0,0,0
207000418,0,0,0
207000438,0,2,-2
207000439,0,0,0
207000446,0,0,0
207000460,0,0,0
207000466,23,108,-85
207000467,0,0,0
207000468,8,67,-59
207000476,0,0,0
207000477,0,0,0
207000478,1,1,0
207000523,0,8,-8
207000524,0,0,0
207000527,0,0,0
207000530,0,0,0
207000531,0,0,0
207000532,0,0,0
207000534,0,0,0
207000535,17,89,-72
207000537,3,47,-44
207000540,4,85,-81
207000541,0,95,-95
207000548,2,139,-137
207000549,0,0,0
207000561,0,0,0
207000562,29,53,-24
207000567,120,207,-87
207000568,0,0,0
207000569,0,0,0
207000584,163,53,110
207000585,0,0,0
207000616,1,168,-167
207000617,0,0,0
207900008,0,0,0
208000001,0,0,0
208000002,0,0,0
208000003,0,0,0
208000004,0,0,0
208000005,0,36,-36
208000019,0,3,-3
208000020,0,1,-1
208000021,0,7,-7
208000022,1,2,-1
208000028,0,0,0
208000033,1,2,-1
208000034,0,1,-1
208000037,0,0,0
208000040,0,1,-1
208000041,1,1,0
208000042,1,0,1
208000047,4,14,-10
208000064,5,1,4
208000066,0,0,0
208000070,0,0,0
208000071,0,0,0
208000072,0,0,0
208000080,0,0,0
208000081,0,0,0
208000082,22,74,-52
208000083,32,134,-102
208000084,0,0,0
208000085,133,178,-45
208000086,106,253,-147
208000087,25,174,-149
208000089,31,54,-23
208000090,27,53,-26
208000093,2,9,-7
208000094,10,25,-15
208000095,13,9,4
208000104,0,2,-2
208000105,1,0,1
208000114,0,0,0
208000115,61,288,-227
208000116,0,0,0
208000117,0,0,0
208000118,0,0,0
208000155,87,411,-324
208000158,165,161,4
208000186,0,1,-1
208000204,10,43,-33
208000205,49,66,-17
208000282,288,128,160
209000004,0,0,0
209000005,0,0,0
209000006,1,0,1
209000007,0,0,0
209000010,114,52,62
209000011,67,90,-23
209000012,43,125,-82
209000013,26,149,-123
209000014,166,466,-300
209000025,0,0,0
209000026,0,0,0
209000027,69,314,-245
209000028,75,356,-281
209000029,111,279,-168
209000030,104,579,-475
209000031,810,1302,-492
209000034,0,0,0
209000035,0,0,0
209000036,0,0,0
209000037,0,0,0
209000038,0,0,0
209000039,0,0,0
209000040,8,53,-45
209000041,7,37,-30
209000042,7,32,-25
209000043,10,19,-9
209000044,20,19,1
209000045,43,181,-138
209000046,53,161,-108
209000047,39,93,-54
209000048,25,73,-48
209000049,68,142,-74
209000050,160,226,-66
209000051,175,180,-5
209000052,66,156,-90
209000062,5,77,-72
209000063,20,68,-48
209000064,8,107,-99
209000065,0,0,0
209000066,0,0,0
209000067,0,0,0
209000080,9,73,-64
209000082,0,0,0
209000091,8,53,-45
209000093,24,18,6
209000094,215,99,116
209000110,0,0,0
209000111,21,86,-65
209000112,14,21,-7
209000113,34,17,17
209000114,4,4,0
209000115,51,95,-44
209000116,531,312,219
209000118,0,0,0
209000119,7,19,-12
209000121,55,179,-124
209000135,0,0,0
209000142,69,34,35
209000143,38,48,-10
209000144,0,0,0
209000229,22,104,-82
209000240,7,98,-91
209000259,102,62,40
209000260,1,98,-97
209000261,0,28,-28
209000262,0,19,-19
209000263,0,12,-12
209000264,0,5,-5
209000265,0,0,0
209000266,0,0,0
209000267,0,0,0
209000268,0,0,0
210000037,0,0,0
210000047,0,0,0
210000048,0,0,0
210000049,0,0,0
210000052,0,32,-32
210000053,4,13,-9
210000054,5,30,-25
210000070,0,0,0
210000071,0,0,0
210000072,0,0,0
210000073,0,20,-20
210000074,0,82,-82
210000075,0,38,-38
210000076,1,60,-59
210000077,3,13,-10
210000078,12,19,-7
210000079,0,0,0
210000080,0,0,0
210000081,0,0,0
210000082,0,0,0
210000083,0,0,0
210000084,0,0,0
210000085,0,12,-12
210000086,2,39,-37
210000099,24,101,-77
210000100,20,94,-74
210000101,31,119,-88
210000105,6,19,-13
210000159,0,24,-24
210000163,32,57,-25
210000164,0,0,0
210000168,0,0,0
210000187,0,6,-6
210000188,0,11,-11
210000214,0,0,0
210000219,0,0,0
210000220,0,0,0
210000232,1,8,-7
210000233,0,11,-11
210000234,7,22,-15
210000235,7,22,-15
210000245,0,16,-16
210000246,0,1,-1
210000258,0,26,-26
210000259,0,0,0
210000282,10,78,-68
210000285,0,18,-18
210000286,1,53,-52
210000290,0,0,0
210000295,4,7,-3
210000296,3,7,-4
210000320,0,0,0
210000321,0,0,0
210000338,10,22,-12
210000339,136,274,-138
210000340,26,86,-60
210000341,31,76,-45
210000342,64,82,-18
210000343,29,131,-102
210000344,30,65,-35
210000345,32,107,-75
210000346,5,58,-53
210000347,13,24,-11
210000348,10,14,-4
210000349,6,12,-6
210000350,59,55,4
210000351,57,60,-3
210000352,0,2,-2
210000353,0,0,0
210000354,0,0,0
210000355,0,0,0
210000356,0,0,0
210000357,0,0,0
210000358,0,0,0
210000359,0,0,0
210000360,0,0,0
210000361,0,0,0
210000362,0,0,0
210000363,0,0,0
210000364,0,0,0
210000365,0,0,0
210000366,0,0,0
210000367,0,0,0
210000368,0,0,0
210000369,0,0,0
210000370,0,0,0
210000372,0,0,0
210000373,0,0,0
210000374,0,0,0
210000375,0,0,0
210000376,0,0,0
210000404,53,60,-7
210000439,0,0,0
210000472,0,0,0
210000482,0,0,0
210000564,0,0,0
210000567,0,0,0
210000568,0,0,0
211000092,0,0,0
211000094,0,0,0
211000169,0,0,0
211000172,0,0,0
211000209,0,0,0
211000226,0,0,0
211000270,0,0,0
211000275,0,0,0
211000276,0,0,0
211000279,0,0,0
211000281,0,0,0
211507980,0,0,0
211977296,0,0,0
212000003,0,0,0
212000004,0,6,-6
212000005,7,3,4
212000006,7,12,-5
212000008,18,35,-17
212000009,2,25,-23
212000012,15,47,-32
212000013,3,45,-42
212000014,75,53,22
212000015,70,78,-8
212000016,199,193,6
212000027,1,4,-3
212000028,3,2,1
212000029,0,3,-3
212000030,0,2,-2
212000031,0,0,0
212000048,5,15,-10
212000049,5,2,3
212000050,3,4,-1
212000051,30,61,-31
212000052,37,84,-47
212000053,131,150,-19
212000054,0,0,0
212000055,0,1,-1
212000056,0,0,0
212000057,0,0,0
212000058,0,0,0
212000070,20,58,-38
212000077,34,149,-115
212000099,0,1,-1
212000108,0,0,0
212000111,0,0,0
212000120,25,22,3
212000138,29,22,7
212000156,2,17,-15
212000158,0,0,0
212000159,0,0,0
212000160,3,1,2
212000161,0,0,0
212000310,2,13,-11
212000311,0,0,0
212000374,3,9,-6
213000001,0,0,0
213000005,0,0,0
213000006,0,0,0
213000007,0,0,0
213000009,0,0,0
213000010,0,0,0
213000011,0,0,0
213000012,1,2,-1
213000014,0,0,0
213000015,0,0,0
213000016,0,0,0
213000017,0,0,0
213000018,0,0,0
213000019,0,0,0
213000020,0,0,0
213000021,0,0,0
213000023,1,0,1
213000033,0,7,-7
213000034,0,0,0
213000035,0,0,0
213000045,0,0,0
213000046,0,0,0
213000047,0,0,0
213000056,0,0,0
213000069,0,0,0
213000073,0,0,0
213000074,1,25,-24
213000075,0,0,0
213000076,0,0,0
213000085,0,0,0
213000086,0,11,-11
213000091,0,0,0
213000092,0,0,0
213000099,5,4,1
213000100,0,0,0
213000101,0,0,0
213000102,0,0,0
213000103,0,0,0
213000104,0,0,0
213000105,0,4,-4
213000106,1,5,-4
213000107,10,7,3
213000108,0,1,-1
213000109,0,2,-2
213000110,0,0,0
213000111,0,0,0
213000112,0,0,0
213000115,0,0,0
213000116,0,0,0
213000117,0,0,0
213000118,37,16,21
213000119,0,57,-57
213000120,3,28,-25
213000122,6,8,-2
213000123,8,8,0
213000124,0,6,-6
213000125,0,0,0
213000126,0,0,0
213000127,0,0,0
213000128,0,0,0
213000129,0,0,0
213000130,0,0,0
213000132,0,0,0
213000133,0,0,0
213000134,0,0,0
213000136,0,0,0
213000137,0,0,0
213000139,0,0,0
213000147,0,0,0
213000148,0,0,0
213000149,0,0,0
213000150,0,2,-2
213000151,0,2,-2
213000152,0,3,-3
213000153,0,2,-2
213000154,1,4,-3
213000155,1,7,-6
213000156,0,6,-6
213000157,4,6,-2
213000158,0,3,-3
213000159,0,0,0
213000163,0,0,0
213000165,0,0,0
213000171,0,3,-3
213000172,0,2,-2
213000173,0,0,0
213000174,0,0,0
213000175,0,0,0
213000176,0,0,0
213000177,0,0,0
213000178,0,0,0
213000179,0,0,0
213000180,0,0,0
213000184,0,1,-1
213000188,0,0,0
213000189,0,0,0
213000190,0,13,-13
213000191,0,6,-6
213000192,0,8,-8
213000193,105,1,104
213000194,0,2,-2
213000195,0,1,-1
213000196,1,2,-1
213000197,0,0,0
213000198,0,0,0
213000200,5,15,-10
213000201,0,0,0
213000202,0,94,-94
213000203,0,0,0
213000204,0,0,0
213000205,0,0,0
213000206,0,0,0
213000207,0,0,0
213000208,0,0,0
213000209,0,0,0
213000210,0,0,0
213000211,0,3,-3
213000212,1,2,-1
213000213,0,1,-1
213000218,4,94,-90
213000219,0,0,0
213000220,0,0,0
213000223,0,0,0
213000224,0,0,0
213000225,0,0,0
213000226,0,0,0
213000227,0,0,0
213000228,0,0,0
213000229,0,0,0
213000230,0,0,0
213000232,0,20,-20
213000233,0,2,-2
213000234,0,0,0
213000293,0,5,-5
213000294,0,0,0
213000295,2,3,-1
213000296,0,0,0
213000297,0,4,-4
213000298,0,4,-4
213000299,0,0,0
213000300,0,0,0
213000303,0,1,-1
213000304,0,0,0
213000305,0,0,0
213000306,0,0,0
213000307,0,0,0
213000308,1,6,-5
213000309,0,0,0
213000310,0,0,0
213000311,0,0,0
213000315,0,0,0
213000316,0,0,0
213000322,0,0,0
213000323,0,0,0
213000324,0,0,0
213000325,0,0,0
213000326,0,0,0
213000327,0,0,0
213000328,0,0,0
213000329,0,0,0
213000340,3,65,-62
213000341,0,0,0
213000346,0,0,0
213000347,0,0,0
213000348,0,0,0
213000349,0,0,0
213000350,0,3,-3
213000366,0,4,-4
213000367,0,0,0
213000379,0,0,0
213000386,1,13,-12
213000406,2,38,-36
213000417,0,0,0
213000425,0,0,0
213000426,0,0,0
213000427,0,0,0
213000428,0,0,0
213000429,0,0,0
213000430,0,0,0
213000431,0,0,0
213000432,0,0,0
213000433,0,0,0
213000434,0,0,0
213000435,0,0,0
213000436,0,0,0
213000437,0,0,0
213000438,0,0,0
213000439,0,0,0
213000440,0,0,0
213000441,0,0,0
213000442,0,0,0
213000443,0,0,0
213000444,0,0,0
213000445,0,0,0
213000446,0,0,0
213000447,0,0,0
213000448,0,0,0
213000449,0,0,0
213000450,0,0,0
213000451,0,0,0
213000452,0,0,0
213000453,0,5,-5
213000455,0,0,0
213000456,0,6,-6
213000481,0,0,0
213000482,0,0,0
213000489,0,0,0
213000491,0,2,-2
213000492,0,0,0
213000493,0,3,-3
213000494,0,0,0
213000495,0,0,0
213000496,0,0,0
213000497,0,4,-4
213000498,0,1,-1
213000499,0,4,-4
213000500,0,0,0
213000501,0,0,0
213000502,0,0,0
213000503,0,1,-1
213000504,0,0,0
213000505,0,0,0
213000506,0,0,0
213000507,0,4,-4
213900016,0,0,0
213900244,0,0,0
213900245,0,0,0
218000003,1,2,-1
218000004,0,5,-5
218000005,0,0,0
218000006,6,43,-37
218000007,1,17,-16
218000012,8,14,-6
218000013,47,132,-85
218000014,268,206,62
218000019,529,215,314
218000020,184,237,-53
218000021,38,93,-55
218000022,43,35,8
218000023,3,41,-38
218000024,2,31,-29
218000025,28,72,-44
218000026,16,97,-81
218000027,3,32,-29
218000028,4,29,-25
218000029,2,13,-11
218000030,99,43,56
218000031,6,81,-75
218000032,1,41,-40
218000040,0,0,0
218000046,0,3,-3
218000047,0,2,-2
218000048,0,2,-2
218000049,0,0,0
218000050,0,0,0
218000051,0,0,0
218000052,0,0,0
218000053,0,0,0
218000054,0,0,0
218000055,0,0,0
218000056,0,0,0
218000057,0,0,0
218000064,0,0,0
218000065,0,0,0
218000066,0,0,0
218000067,4,107,-103
218000068,15,87,-72
218000069,29,187,-158
218000070,24,188,-164
218000071,87,127,-40
218000072,267,177,90
218000078,147,330,-183
218000079,4,11,-7
218000080,17,12,5
218000081,9,8,1
218000082,0,3,-3
218000083,9,31,-22
218000084,46,74,-28
218000085,113,235,-122
218000086,31,114,-83
218000087,65,116,-51
218000090,7,24,-17
218000091,218,196,22
218000092,43,187,-144
218000093,140,87,53
218000094,253,415,-162
218000099,182,226,-44
218000100,102,222,-120
218000101,36,104,-68
218000102,111,95,16
218000103,41,74,-33
218000104,25,18,7
218000105,10,5,5
218000106,6,7,-1
218000107,7,66,-59
218000108,0,26,-26
218000112,32,1,31
218000117,0,0,0
218000134,103,228,-125
218000135,1,13,-12
218000136,41,21,20
218000137,41,100,-59
218000138,1,19,-18
218000139,17,82,-65
218000140,6,11,-5
218000141,1,4,-3
218000142,1,35,-34
218000143,1,18,-17
218000144,0,2,-2
218000145,28,32,-4
218000146,14,29,-15
218000151,3,17,-14
218000152,5,6,-1
218000153,2,2,0
218000154,2,3,-1
218000155,11,5,6
218000156,81,27,54
218000157,9,18,-9
218000158,1,5,-4
218000159,9,0,9
218000160,2,2,0
218000161,15,9,6
218000162,18,6,12
218000163,5,2,3
218000164,45,6,39
218000165,33,12,21
218000170,0,1,-1
218000171,0,0,0
218000172,0,0,0
218000173,0,0,0
218000174,0,0,0
218000176,0,0,0
218000177,0,0,0
218000178,0,0,0
218000179,0,0,0
218000180,0,0,0
218000181,0,0,0
218000187,3,2,1
218000188,4,13,-9
218000189,9,18,-9
218000190,1,8,-7
218000191,37,26,11
218000192,40,155,-115
218000193,150,231,-81
218000194,19,263,-244
218000195,33,40,-7
218000196,54,94,-40
218000197,20,100,-80
218000198,0,47,-47
218000199,1,19,-18
218000200,3,14,-11
218000201,0,1,-1
218000202,14,31,-17
218000207,3,19,-16
218000208,10,8,2
218000211,1,23,-22
218000212,2,10,-8
218000213,21,44,-23
218000214,1,12,-11
218000215,7,61,-54
218000217,3,40,-37
218000218,117,113,4
218000219,0,0,0
218000220,23,59,-36
218000221,46,53,-7
218000222,1,5,-4
218000223,59,28,31
218000224,2,14,-12
218000225,49,12,37
218000226,23,40,-17
218000230,0,0,0
218000232,10,9,1
218000239,0,0,0
218000240,0,0,0
218000241,0,0,0
218000242,0,0,0
218000243,0,0,0
218000244,0,0,0
218000245,0,0,0
218000246,0,0,0
218000247,0,0,0
218000248,0,0,0
218000249,0,0,0
218000250,0,1,-1
218000251,0,0,0
218000252,0,0,0
218000253,0,0,0
218000254,0,0,0
218000255,0,0,0
218000256,0,0,0
218000267,23,321,-298
218000268,5,21,-16
218000269,3,16,-13
218000270,54,49,5
218000271,130,96,34
218000273,0,0,0
218000274,0,0,0
218000275,7,17,-10
218000276,2,16,-14
218000278,31,85,-54
218000279,12,63,-51
218000280,1,20,-19
218000281,4,19,-15
218000282,22,27,-5
218000284,0,0,0
218000301,8,43,-35
218000302,12,7,5
218000303,3,15,-12
218000316,107,92,15
218000317,40,80,-40
218000318,22,83,-61
218000319,213,466,-253
218000320,158,383,-225
218000338,1,6,-5
218000345,0,3,-3
218000346,0,0,0
218000459,33,141,-108
218000490,8,13,-5
218000501,0,0,0
218000502,2,48,-46
218000503,0,0,0
218000504,0,0,0
218000505,4,47,-43
218000506,19,70,-51
218000508,0,1,-1
218000510,0,0,0
218000520,0,1,-1
218000521,0,0,0
218000522,0,17,-17
218000523,0,0,0
218000524,2,13,-11
218000525,0,0,0
218000526,3,13,-10
218000529,0,0,0
218000530,10,7,3
218000531,0,0,0
218000532,1,15,-14
218000534,0,0,0
218000537,0,0,0
218000538,17,20,-3
218000540,109,126,-17
218000543,54,58,-4
218000544,51,88,-37
218000545,11,31,-20
218000546,19,53,-34
218000547,16,29,-13
218000548,37,59,-22
218000549,62,31,31
218000550,69,154,-85
218000551,70,55,15
218000552,44,21,23
218000553,3,25,-22
218000554,4,6,-2
218000555,0,0,0
218000556,206,191,15
218000557,7,4,3
218000558,0,0,0
218000559,0,0,0
218000560,0,0,0
218000561,0,0,0
218000562,17,35,-18
218000563,1,0,1
218000564,5,11,-6
218000565,0,3,-3
218000566,0,0,0
218000567,0,0,0
218000568,0,0,0
218000569,2,6,-4
218000570,0,0,0
218000571,0,0,0
218000572,0,0,0
218000573,1,4,-3
218000574,0,0,0
218000575,0,0,0
218000576,0,0,0
218000577,0,0,0
218000578,0,0,0
218000579,0,0,0
218000581,0,11,-11
218000582,0,0,0
218000583,0,0,0
218000584,0,4,-4
218000585,0,0,0
218000586,0,9,-9
218000587,0,0,0
218000588,0,0,0
218000589,0,0,0
218000590,0,0,0
218000591,0,0,0
218000592,0,0,0
218000593,0,0,0
218000594,0,0,0
218000595,0,0,0
218000596,0,0,0
218000597,0,0,0
218000598,0,0,0
218000599,0,0,0
218000600,0,0,0
218000601,0,0,0
218000602,0,0,0
218000603,0,1,-1
218000604,0,0,0
218000605,0,2,-2
218000606,0,0,0
218000607,0,0,0
218000608,0,0,0
218000609,0,0,0
218000610,0,0,0
218000611,0,0,0
218000612,0,0,0
218000613,0,0,0
218000614,0,2,-2
218000615,0,0,0
218000616,0,4,-4
218000617,0,0,0
218000618,0,2,-2
218000619,0,0,0
218000620,0,0,0
218000621,0,0,0
218000622,0,0,0
218000623,0,0,0
218000624,0,1,-1
218000625,0,0,0
218000626,0,0,0
218000628,12,3,9
218000631,0,0,0
218000632,0,2,-2
218000633,0,0,0
218000634,0,5,-5
218000635,0,3,-3
218000636,194,451,-257
218000637,46,42,4
218000638,0,0,0
218000639,1,60,-59
218000640,0,0,0
218000641,4,30,-26
218000652,36,83,-47
218000653,60,40,20
218000663,0,0,0
218000675,0,0,0
218000676,3,36,-33
218000677,5,7,-2
218000680,0,0,0
218000681,0,0,0
218000691,0,0,0
218000693,0,0,0
218000703,34,118,-84
218000718,23,53,-30
218000719,2,20,-18
218000720,0,5,-5
218000721,0,0,0
218000725,8,9,-1
218001214,3,2,1
218001258,0,0,0
218001329,0,0,0
218001330,0,0,0
218001351,0,0,0
218001352,0,0,0
218001353,0,0,0
218001354,0,0,0
218001356,0,0,0
218001358,0,0,0
218001361,0,0,0
219000001,23,83,-60
219000002,50,96,-46
219000003,0,1,-1
219000004,4,0,4
219000017,8,6,2
219000020,0,0,0
219000022,0,0,0
219000023,0,0,0
219000029,0,61,-61
219000034,0,0,0
219000039,12,27,-15
219000040,5,17,-12
219000041,17,32,-15
219000051,0,101,-101
219000052,0,18,-18
219000053,2,115,-113
219000054,17,47,-30
219000055,0,1,-1
219000056,0,0,0
219000057,3,0,3
219000062,10,52,-42
219000063,21,17,4
219000064,0,23,-23
219000110,0,0,0
219000111,0,0,0
219000112,1,0,1
219000113,0,0,0
219000114,1,0,1
219000116,18,16,2
219000117,65,26,39
219000118,17,39,-22
219000123,95,69,26
219000124,54,76,-22
219000125,8,23,-15
219000126,38,58,-20
219000127,0,12,-12
219000128,17,224,-207
219000129,32,221,-189
219000130,1375,967,408
219000131,514,457,57
219000133,2,11,-9
219000134,1,0,1
219000135,23,8,15
219000136,30,40,-10
219000138,4,6,-2
219000139,6,30,-24
219000140,0,0,0
219000141,2,63,-61
219000142,3,43,-40
219000143,7,34,-27
219000145,1,8,-7
219000146,4,88,-84
219000147,0,18,-18
219000148,0,14,-14
219000149,19,162,-143
219000150,6,103,-97
219000151,10,151,-141
219000157,35,33,2
219000158,46,134,-88
219000161,63,53,10
219000163,233,46,187
219000166,29,111,-82
219000167,44,161,-117
219000168,0,1,-1
219000174,0,0,0
219000175,0,0,0
219000176,0,0,0
219000177,0,0,0
219000178,0,0,0
219000179,0,0,0
219000180,2,32,-30
219000182,0,0,0
219000183,0,19,-19
219000184,0,0,0
219000185,2,124,-122
219000186,1,8,-7
219000187,0,59,-59
219000189,133,249,-116
219000190,212,293,-81
219000191,937,633,304
219000192,96,161,-65
219000193,315,504,-189
219000195,1,67,-66
219000196,2,58,-56
219000198,14,112,-98
219000199,52,112,-60
219000200,22,97,-75
219000201,43,144,-101
219000203,23,128,-105
219000204,22,141,-119
219000205,23,103,-80
219000207,130,110,20
219000209,20,60,-40
219000210,15,66,-51
219000213,7,84,-77
219000239,0,0,0
219000240,3,65,-62
219000241,12,33,-21
219000242,17,32,-15
219000243,15,77,-62
219000244,2,13,-11
219000245,3,13,-10
219000246,0,0,0
219000247,0,0,0
219000248,2,0,2
219000249,0,0,0
219000250,1,0,1
219000251,0,0,0
219000252,0,0,0
219000253,0,0,0
219000255,0,0,0
219000256,0,0,0
219000257,0,0,0
219000262,26,129,-103
219000263,16,54,-38
219000267,4,130,-126
219000268,12,21,-9
219000269,0,0,0
219000270,0,0,0
219000271,10,0,10
219000278,1,15,-14
219000279,3,3,0
219000283,0,6,-6
219000295,2,37,-35
219000296,20,206,-186
219000297,5,68,-63
219000298,4,73,-69
219000299,0,0,0
219000300,5,98,-93
219000301,12,112,-100
219000302,7,59,-52
219000307,10,49,-39
219000308,14,10,4
219000311,0,0,0
219000312,0,0,0
219000313,0,0,0
219000314,69,187,-118
219000315,0,0,0
219000316,0,0,0
219000317,0,0,0
219000320,0,27,-27
219000321,0,10,-10
219000323,0,27,-27
219000325,3,67,-64
219000326,25,88,-63
219000327,27,16,11
219000328,22,22,0
219000329,292,195,97
219000330,10,31,-21
219000331,14,16,-2
219000332,0,0,0
219000333,0,0,0
219000335,0,0,0
219000337,0,0,0
219000338,0,0,0
219000344,66,78,-12
219000345,81,109,-28
219000346,13,124,-111
219000348,28,71,-43
219000349,24,89,-65
219000350,22,63,-41
219000351,1,3,-2
219000352,0,1,-1
219000353,13,26,-13
219000354,9,29,-20
219000355,0,0,0
219000356,472,254,218
219000363,166,31,135
219000364,48,9,39
219000365,21,4,17
219000366,230,45,185
219000368,1,0,1
219000370,149,90,59
219000371,6,16,-10
219000382,6,8,-2
219000383,354,409,-55
219000385,286,317,-31
219000386,416,704,-288
219000387,0,0,0
219000390,0,0,0
219000391,0,0,0
219000397,40,87,-47
219000398,27,14,13
219000401,0,0,0
219000402,0,0,0
219000403,0,0,0
219000404,0,0,0
219000407,1,19,-18
219000409,0,0,0
219000410,0,0,0
219000411,0,0,0
219000446,160,269,-109
219000447,0,27,-27
219000448,0,0,0
219000452,0,0,0
219000453,7,11,-4
219000454,103,56,47
219000556,0,0,0
219000558,16,58,-42
219000590,3,37,-34
219000591,0,0,0
219000592,27,186,-159
219000595,0,11,-11
219000635,0,0,0
219000636,3,68,-65
219000657,0,0,0
219000658,5,22,-17
219000673,0,36,-36
219000676,0,1,-1
219000679,4,46,-42
219000684,2,0,2
219000685,0,33,-33
219000686,0,0,0
219000688,1,228,-227
219000689,0,0,0
219000690,0,0,0
219000691,0,0,0
219000692,1,21,-20
219000693,0,12,-12
219000694,0,0,0
219000695,0,0,0
219000698,0,0,0
219000699,0,6,-6
219000727,3,144,-141
219000728,5,0,5
219000770,0,0,0
219000771,0,16,-16
219000788,64,31,33
219001150,0,0,0
219001151,0,3,-3
219001166,0,0,0
219001167,0,0,0
219001178,0,0,0
220000001,0,5,-5
220000002,3,28,-25
220000003,134,95,39
220000004,141,164,-23
220000005,732,535,197
220000006,52,240,-188
220000007,145,282,-137
220000008,86,314,-228
220000009,122,153,-31
220000010,6,15,-9
220000011,40,47,-7
220000012,1,10,-9
220000014,0,0,0
220000015,0,0,0
220000017,1,0,1
220000018,13,9,4
220000019,3,2,1
220000020,22,26,-4
220000021,13,17,-4
220000022,32,53,-21
220000023,7,16,-9
220000024,83,22,61
220000025,20,22,-2
220000026,13,4,9
220000027,1,1,0
220000028,0,1,-1
220000029,26,90,-64
220000030,21,48,-27
220000031,2,3,-1
220000064,0,0,0
221000046,0,0,0
221000047,0,0,0
221000048,0,0,0
221000049,0,5,-5
221000050,0,0,0
221000055,7,27,-20
221000057,0,0,0
221000068,0,0,0
221000069,0,0,0
221000070,0,0,0
221000071,0,0,0
221000072,0,0,0
221000073,1,24,-23
221000074,0,9,-9
221000075,1,11,-10
221000076,6,46,-40
221000077,8,85,-77
221000081,0,0,0
221000082,0,0,0
221000083,0,0,0
221000084,0,0,0
221000085,6,57,-51
221000086,9,84,-75
221000087,0,80,-80
221000088,15,83,-68
221000089,22,97,-75
221000090,202,205,-3
221000098,0,0,0
221000099,0,0,0
221000100,0,0,0
221000101,0,0,0
221000102,0,0,0
221000109,3,68,-65
221000110,2,137,-135
221000111,9,97,-88
221000112,1,73,-72
221000113,9,92,-83
221000114,14,114,-100
221000120,0,0,0
221000121,0,0,0
221000122,0,0,0
221000123,0,0,0
221000124,0,0,0
221000155,0,0,0
221000156,0,0,0
221000175,0,0,0
221000176,0,0,0
221000182,0,0,0
221000241,0,0,0
221000242,175,328,-153
221000243,0,0,0
221000244,36,253,-217
221000245,0,0,0
221000246,5,139,-134
221000247,0,0,0
221000248,12,77,-65
221000267,0,1,-1
221000325,0,0,0
221000331,0,0,0
221000338,0,0,0
221000378,0,0,0
221000381,0,0,0
222000282,0,0,0
222000296,0,0,0
222000568,0,0,0
222000569,0,0,0
222000570,0,0,0
222000571,0,0,0
222000577,0,0,0
222000578,0,0,0
222000579,0,0,0
222000580,0,0,0
222000599,0,0,0
222000600,0,0,0
222000601,0,0,0
222000603,0,0,0
222000604,0,0,0
222000605,0,0,0
222000606,0,0,0
222000607,0,0,0
222000608,0,0,0
222000609,0,0,0
222000616,0,0,0
222000617,0,0,0
222000618,0,0,0
222000620,0,0,0
222000621,0,0,0
222000623,0,0,0
222000624,0,0,0
222000625,0,0,0
222000636,0,0,0
222000686,0,0,0
222000687,0,0,0
222001066,0,0,0
222001067,0,0,0
222001068,0,0,0
222001069,0,0,0
222001082,0,0,0
222001083,0,0,0
222001084,0,0,0
222001085,0,0,0
222001111,0,0,0
222001112,0,0,0
222001313,0,0,0
222001314,0,0,0
222001464,0,0,0
222001465,0,0,0
222001484,0,0,0
222001485,0,0,0
222001494,0,0,0
222001495,0,0,0
222001496,0,0,0
222001497,0,0,0
222001502,0,3,-3
222001503,0,0,0
222001504,0,0,0
222001505,0,0,0
222001506,0,1,-1
222001507,0,0,0
222001510,0,0,0
222001511,0,0,0
222001514,0,0,0
222001515,2,0,2
222001518,0,0,0
222001519,0,1,-1
222001527,0,0,0
222001528,0,2,-2
222001529,0,0,0
222001530,0,3,-3
222001533,0,10,-10
222001534,0,0,0
222001535,0,0,0
222001536,0,0,0
222001537,0,0,0
222001538,0,1,-1
222001563,0,0,0
222001564,0,1,-1
222001568,0,0,0
222001576,0,0,0
222001579,0,0,0
222001583,0,0,0
222001584,0,0,0
222001596,0,3,-3
222001597,0,0,0
222001626,0,0,0
222001650,0,1,-1
222001651,0,0,0
222001914,0,0,0
222001915,0,1,-1
222001968,0,0,0
222001969,0,0,0
222001970,0,0,0
222001971,0,0,0
222001972,0,0,0
225000001,0,0,0
225000002,0,0,0
225000003,0,0,0
225000004,0,0,0
225000005,0,0,0
225000006,0,69,-69
225000007,407,255,152
225000010,0,0,0
225000011,0,0,0
225000012,0,0,0
225000013,0,0,0
225000014,0,0,0
225000015,12,43,-31
225000021,0,0,0
225000027,70,150,-80
225000032,0,0,0
225000042,11,290,-279
225000049,13,21,-8
225000050,0,0,0
225000053,1,120,-119
225000058,0,0,0
225000067,18,65,-47
225000068,16,72,-56
225000069,13,95,-82
225000070,19,85,-66
225000071,13,56,-43
225000075,11,231,-220
225000076,27,45,-18
225000078,0,0,0
225000085,0,0,0
225000086,0,0,0
225000087,0,0,0
225000088,0,35,-35
225000089,449,140,309
225000090,6,16,-10
225000091,1,24,-23
225000092,3,28,-25
225000093,15,84,-69
225000094,3,79,-76
225000095,97,128,-31
225000096,31,69,-38
225000098,0,0,0
225000099,0,0,0
225000100,0,0,0
225000104,7,80,-73
225000110,7,108,-101
225000111,40,220,-180
225000112,25,264,-239
225000113,7,102,-95
225000114,15,61,-46
225000115,282,109,173
225000116,0,0,0
225000117,0,0,0
225000118,0,0,0
225000119,0,0,0
225000120,0,0,0
225000121,0,0,0
225000123,0,0,0
225000125,0,0,0
225000126,0,0,0
225000127,0,0,0
225000128,0,0,0
225000132,0,0,0
225000133,1,1,0
225000134,1,0,1
225000135,0,0,0
225000136,0,0,0
225000137,0,0,0
225000138,0,0,0
225000143,6,76,-70
225000144,2,205,-203
225000145,0,0,0
225000146,6,70,-64
225000147,1,116,-115
225000148,1,68,-67
225000149,140,248,-108
225000151,20,66,-46
225000155,48,63,-15
225000156,18,95,-77
225000157,13,100,-87
225000158,15,98,-83
225000171,3,56,-53
225000180,0,0,0
225000181,0,16,-16
225000182,0,0,0
225000185,1,88,-87
225000187,18,126,-108
225000191,0,0,0
225000194,0,42,-42
225000208,0,10,-10
225000209,0,0,0
225000210,4,82,-78
225000217,1,22,-21
225000218,0,0,0
225000223,0,34,-34
225000224,0,0,0
225000225,0,4,-4
225000226,0,0,0
225000227,52,22,30
225000228,0,0,0
225000229,1,39,-38
225000230,0,0,0
225000231,0,89,-89
225000232,0,0,0
225000241,0,0,0
225000242,0,72,-72
225000249,0,1,-1
225000250,41,401,-360
225000251,0,1,-1
225000254,0,0,0
225000256,0,2,-2
225000257,0,5,-5
226000042,56,183,-127
226000043,5,95,-90
226000044,47,209,-162
226000045,20,152,-132
226000046,0,0,0
226000047,0,0,0
226000048,0,0,0
226000049,0,0,0
226000070,0,36,-36
226000071,0,20,-20
226000072,0,4,-4
226000073,0,10,-10
226000074,0,9,-9
226000084,0,16,-16
226000085,0,6,-6
226000086,0,1,-1
226000087,0,1,-1
226000088,2,4,-2
226000090,0,0,0
226000091,0,0,0
226000092,0,0,0
226000093,0,0,0
226000094,0,0,0
226000095,0,0,0
226000105,0,0,0
226000106,0,0,0
226000107,0,0,0
226000108,0,0,0
226000109,0,0,0
226000124,0,0,0
226000134,0,0,0
226000135,2,0,2
226000136,0,1,-1
226000137,3,150,-147
226000138,4,84,-80
226000139,1,5,-4
226000156,0,0,0
226000157,0,0,0
226000163,10,16,-6
226000202,0,143,-143
226000231,0,0,0
226000232,0,0,0
227000033,0,0,0
227000036,0,0,0
227000037,0,0,0
227000038,0,0,0
227000084,0,15,-15
227000085,0,18,-18
227000088,0,0,0
227000089,0,0,0
227000090,0,0,0
227000091,0,0,0
227000092,0,0,0
227000093,0,0,0
227000094,0,0,0
227000130,1,63,-62
227000131,2,173,-171
227000132,3,180,-177
227000133,5,154,-149
227000134,15,190,-175
227000152,0,4,-4
227000153,0,31,-31
227000154,0,18,-18
227000155,0,7,-7
227000156,0,9,-9
227000165,0,35,-35
227000196,18,48,-30
227000199,4,79,-75
227000230,8,74,-66
227000232,0,0,0
227000242,53,263,-210
227000243,0,0,0
227000245,47,311,-264
227000246,46,294,-248
227000247,0,0,0
227000248,0,0,0
227000249,8,171,-163
227000250,0,0,0
227000251,58,211,-153
227000252,10,286,-276
227000253,0,0,0
227000262,0,0,0
227000266,0,0,0
227000267,19,328,-309
227000282,24,38,-14
227000284,0,0,0
227000286,13,15,-2
227000287,8,21,-13
227000291,27,101,-74
227000296,0,0,0
227000484,0,0,0
227000485,21,218,-197
227000655,0,0,0
227000656,0,0,0
227000657,0,0,0
227000661,0,0,0
229000265,0,3,-3
229000296,0,1,-1
229000297,3,2,1
229000298,3,5,-2
229000320,0,0,0
229000321,0,0,0
229000412,0,7,-7
229000414,0,10,-10
229000415,0,0,0
229000416,0,0,0
229000417,0,2,-2
229000419,2,24,-22
229000440,0,0,0
229000442,0,0,0
229000443,0,0,0
229000444,0,3,-3
229000445,0,0,0
229000446,0,0,0
229000491,7,20,-13
229000492,41,81,-40
229000493,5,67,-62
229000494,9,5,4
229000495,33,21,12
229000496,6,18,-12
229000507,0,36,-36
229000508,16,41,-25
229000509,0,110,-110
229000510,1,61,-60
229000511,3,57,-54
229000512,0,36,-36
229000513,0,2,-2
229000514,2,9,-7
229000517,2,12,-10
229000518,12,30,-18
229000519,0,7,-7
229000520,13,17,-4
229000521,21,6,15
229000522,2,1,1
229000523,0,4,-4
229000524,5,4,1
229000527,0,1,-1
229000528,0,3,-3
229000529,2,0,2
229000530,23,7,16
229000531,5,2,3
229000532,10,5,5
229000533,18,11,7
229000534,16,7,9
229000564,0,0,0
229000565,0,0,0
229000566,4,26,-22
229000567,6,82,-76
229000582,2,1,1
229000583,0,0,0
229000584,3,50,-47
229000585,33,100,-67
229000718,0,4,-4
229000719,0,4,-4
229000720,1,25,-24
229000721,0,17,-17
229000722,0,54,-54
229000723,0,10,-10
229000724,0,5,-5
229000725,0,5,-5
229000738,0,0,0
229000739,0,0,0
229000740,0,0,0
229000741,0,0,0
229000742,0,0,0
229000743,0,0,0
229000744,0,0,0
229000745,0,0,0
229000746,0,4,-4
229000847,15,0,15
229000848,21,1,20
229000849,205,3,202
229000851,7,1,6
229000854,1,27,-26
229000856,4,87,-83
229000857,0,21,-21
229000858,0,72,-72
229000919,3,192,-189
229000930,3,115,-112
229000937,0,0,0
229000966,0,1,-1
229000981,13,45,-32
229000985,0,6,-6
229000986,0,0,0
229000987,0,0,0
229000988,0,0,0
229000989,0,0,0
229000990,0,0,0
229000991,0,0,0
229000992,0,0,0
229000993,0,0,0
229000998,6,4,2
229000999,0,0,0
229001034,0,3,-3
229001035,0,0,0
229001037,0,2,-2
229001042,0,0,0
229001047,0,2,-2
229001050,0,16,-16
229001168,3,21,-18
229001200,0,0,0
229001338,0,2,-2
229001394,0,0,0
229001422,0,0,0
229001423,30,168,-138
229001431,0,0,0
229001432,49,99,-50
229001444,0,0,0
229001445,1,8,-7
229001479,5,2,3
229001503,0,0,0
229001504,41,134,-93
229001505,0,0,0
229001506,59,202,-143
229001509,0,8,-8
229001545,0,0,0
229001546,8,66,-58
229001553,0,0,0
229001554,6,116,-110
229001630,0,0,0
229001631,1,4,-3
229001635,0,2,-2
229001636,0,0,0
229001658,1,53,-52
229001659,0,0,0
229001660,0,0,0
229001661,0,0,0
229001662,9,0,9
229001663,0,19,-19
229002584,0,0,0
229002831,16,11,5
229002841,0,0,0
229002842,0,0,0
229002843,0,0,0
229002844,0,1,-1
229002845,0,2,-2
229002846,0,0,0
229002847,0,0,0
229002848,0,0,0
229002849,0,0,0
229002850,0,0,0
229002851,0,0,0
229002852,0,0,0
229002853,0,0,0
229002854,0,1,-1
229002855,0,0,0
229002856,0,0,0
229002857,0,2,-2
229002858,0,0,0
229002859,0,0,0
229002860,0,0,0
229002861,0,0,0
229002862,0,1,-1
229002863,1,0,1
229002864,0,0,0
229002865,0,1,-1
229002866,0,0,0
229002867,0,0,0
229002868,0,0,0
229002869,0,6,-6
229002870,0,0,0
235000066,0,0,0
235000067,0,0,0
235000072,12,127,-115
235000073,21,325,-304
235000074,10,46,-36
235000080,2,63,-61
235000081,23,52,-29
235000082,0,0,0
235000083,0,0,0
235000084,0,0,0
235000085,0,0,0
235000089,0,0,0
235000092,4,196,-192
235000093,2,1,1
235000097,0,0,0
235000098,0,0,0
235000099,0,0,0
235000116,0,0,0
235000117,0,0,0
235000133,3,181,-178
235000134,3,65,-62
235000206,0,0,0
235000207,0,0,0
235000208,0,0,0
235000209,0,0,0
235000210,0,0,0
235000212,3,15,-12
235000213,0,1,-1
235000220,0,6,-6
235000221,6,9,-3
235000238,0,0,0
235000239,0,0,0
235000242,0,0,0
235000245,69,192,-123
235000246,3,97,-94
235000284,0,0,0
235000295,0,0,0
235000305,0,0,0
235000306,0,0,0
235000307,0,0,0
235000308,0,0,0
235000309,0,0,0
235000310,0,0,0
235000311,0,1,-1
235000322,0,0,0
235000323,0,0,0
235000324,0,0,0
235000325,0,0,0
235000326,0,1,-1
235000351,0,2,-2
235000352,0,0,0
235000353,0,1,-1
235000354,0,0,0
235000355,0,0,0
235000356,0,0,0
235000357,0,0,0
235000358,0,0,0
235000359,0,0,0
235000360,0,0,0
235000361,0,0,0
235000381,20,106,-86
235000382,0,0,0
235000390,0,0,0
235000391,0,0,0
235000392,0,0,0
235000393,0,0,0
235000395,0,0,0
235000396,0,0,0
235000400,0,0,0
235000401,3,92,-89
235000405,47,124,-77
235000406,11,116,-105
235000407,28,126,-98
235000409,35,150,-115
235000410,5,207,-202
235000411,0,62,-62
235000485,0,12,-12
235000486,0,0,0
235000549,0,0,0
235000550,47,125,-78
235000599,30,52,-22
235000600,5,8,-3
235000601,0,0,0
235000602,0,0,0
235000614,3,0,3
235000648,0,66,-66
235000649,0,0,0
235000685,0,0,0
235000815,0,0,0
235000834,0,0,0
235000855,0,0,0
235000862,8,62,-54
235000891,0,6,-6
235000892,1,2,-1
235000901,53,90,-37
235000907,6,6,0
235001010,0,0,0
235001029,299,352,-53
235001030,0,0,0
235001078,0,0,0
235001079,22,82,-60
235001147,0,0,0
235001166,0,0,0
235001167,3,38,-35
235001169,0,2,-2
235001188,0,4,-4
235001189,0,0,0
235001197,2,14,-12
235001200,7,42,-35
235001207,0,0,0
235001210,2,34,-32
235001215,9,49,-40
235001239,0,47,-47
235001244,0,0,0
235016267,0,0,0
277101746,0,11,-11
277102712,0,0,0
277103813,0,0,0
277103814,0,0,0
277103898,1,1,0
277104249,0,1,-1
277104250,0,0,0
277104251,0,1,-1
277104252,0,0,0
990011530,0,18,-18
990014944,1,67,-66
990015176,0,0,0
990015618,0,0,0
990016032,0,2,-2
990032570,1,31,-30
990070001,0,0,0
990070103,0,0,0
990070601,0,0,0
990070751,0,0,0
990070766,0,0,0
990071180,0,13,-13
990071343,0,0,0
990071387,0,1,-1
990071823,0,0,0
990072600,0,33,-33
990072964,0,33,-33
990073285,0,0,0
990074393,0,3,-3
990074870,0,1,-1
990075106,0,0,0
990075746,0,1,-1
990076437,0,0,0
990076458,0,111,-111
997000007,0,0,0
997000041,0,0,0
997000058,0,1,-1
997000062,0,0,0
997000069,0,0,0
997000070,0,33,-33
997000100,0,0,0
997000141,0,0,0
997000198,0,0,0
998000475,0,0,0
998000736,0,0,0
998000965,0,0,0
998001031,0,0,0
998001700,1,43,-42
998001899,0,0,0
998001900,23,0,23
998003073,0,0,0
998101900,0,28,-28
998102850,0,0,0
998501927,0,78,-78
998501929,1,1,0
998501930,0,0,0
998501931,8,3,5
998501932,49,0,49
998501933,0,0,0
998501937,2,0,2
998501944,0,0,0
998501970,6,3,3
998501971,2,116,-114
998501973,0,0,0
998501974,1,42,-41
998501975,0,0,0
998501976,0,0,0
998501977,0,5,-5
998501978,0,0,0
998501979,0,1,-1
998501980,0,0,0
998501981,0,0,0
998501982,0,3,-3
998502006,0,0,0
998502024,0,0,0
998502032,0,0,0
998502062,5,0,5
998502063,3,0,3
998502173,0,0,0
998502269,0,0,0
998601159,0,0,0
998601292,0,0,0
999033574,0,63,-63
999800001,0,0,0
999800002,0,0,0
999800003,0,3,-3
999800004,0,0,0
999800005,0,39,-39
