ID,insum,outsum,diff
100000001,933,1141,-208
100000002,4434,4826,-392
100000003,5429,6646,-1217
100000004,503,1522,-1019
100000005,2984,6202,-3218
100000006,700,291,409
100000007,2536,1040,1496
100000008,185,862,-677
100000009,546,422,124
100000010,43,194,-151
100000011,676,196,480
100000012,84,2169,-2085
100000013,14,586,-572
100000014,271,525,-254
100000015,1583,2623,-1040
100000016,644,1463,-819
100000017,610,1170,-560
100000018,1039,894,145
100000019,4201,3283,918
100000020,1565,7505,-5940
100000021,8827,3092,5735
100000022,1000,3838,-2838
100000023,8465,2060,6405
100000025,649,1975,-1326
100000028,859,1539,-680
100000029,166,509,-343
100000030,94,60,34
100000031,2685,6227,-3542
100000032,1762,4760,-2998
100000033,1214,4254,-3040
100000034,143,1084,-941
100000035,1026,2237,-1211
100000036,1063,1880,-817
100000037,689,632,57
100000038,2849,1987,862
100000039,457,2021,-1564
100000040,357,334,23
100000041,1806,627,1179
100000042,1213,523,690
100000043,826,695,131
100000044,282,1463,-1181
100000045,411,1528,-1117
100000046,557,1300,-743
100000047,264,1949,-1685
100000048,431,1248,-817
100000049,2353,1520,833
100000051,428,615,-187
100000053,148,6,142
100000054,354,54,300
100000055,652,464,188
100000056,510,1170,-660
100000057,2779,937,1842
100000058,1101,889,212
100000059,22,450,-428
100000060,544,334,210
100000061,2954,1166,1788
100000062,1794,842,952
100000063,1228,309,919
100000064,2266,422,1844
100000065,460,787,-327
100000066,179,616,-437
100000067,355,621,-266
100000068,457,1290,-833
100000069,377,1147,-770
100000072,206,757,-551
100000073,1220,1016,204
100000075,914,220,694
100000076,1596,5091,-3495
100000077,187,364,-177
100000078,9,50,-41
100000079,49,62,-13
100000080,20,58,-38
100000081,121,341,-220
100000102,3167,5078,-1911
100000103,1759,2294,-535
100000104,3496,3587,-91
100000105,1525,2361,-836
100000106,1578,3303,-1725
100000107,195,1825,-1630
100000108,372,1071,-699
100000109,1027,1781,-754
100000116,814,975,-161
100000117,96,230,-134
100000118,829,1817,-988
100000119,610,1234,-624
100000121,409,481,-72
100000122,617,1901,-1284
100000123,1464,3545,-2081
100000124,3363,4568,-1205
100000125,4503,2138,2365
100000126,554,733,-179
100000127,1194,631,563
100000128,1651,3545,-1894
100000129,322,813,-491
100000130,800,366,434
100000131,1371,2485,-1114
100000132,882,2871,-1989
100000133,2606,1900,706
100000135,704,1698,-994
100000139,231,717,-486
100000140,198,382,-184
100000142,770,594,176
100000143,760,446,314
100000144,3149,692,2457
100000147,1493,4334,-2841
100000150,92,797,-705
100000151,914,2212,-1298
100000153,174,580,-406
100000154,44,469,-425
100000155,15,50,-35
100000156,504,452,52
100000157,467,318,149
100000158,261,255,6
100000159,120,930,-810
100000165,904,912,-8
100000169,70,1492,-1422
100000174,254,1363,-1109
100000179,76,714,-638
100000180,1368,15009,-13641
100000181,606,883,-277
100000188,93,1560,-1467
100000189,1259,1427,-168
100000190,642,1896,-1254
100000191,798,1044,-246
100000192,36,114,-78
100000193,264,273,-9
100000330,802,921,-119
100000355,192,2697,-2505
100000362,3006,1870,1136
100000363,6666,6384,282
100000364,116,344,-228
100000365,6522,11584,-5062
100000366,2644,2148,496
100000367,5197,8652,-3455
100000368,3261,1182,2079
100000369,623,2845,-2222
100000370,198,1305,-1107
100000376,62,190,-128
100000379,1418,2037,-619
100000380,4023,6193,-2170
100000384,5878,6998,-1120
100000385,1709,4385,-2676
100000386,3956,6755,-2799
100000387,3173,6377,-3204
100000388,3024,7516,-4492
100000389,4325,7606,-3281
100000390,4923,7392,-2469
100000391,3757,10782,-7025
100000392,1806,5273,-3467
100000393,1716,6865,-5149
100000394,4623,10144,-5521
100000395,2915,7010,-4095
100000396,4440,4732,-292
100000397,3377,9932,-6555
100000398,8088,6568,1520
100900002,16,8,8
100900003,416,283,133
100900004,28,1442,-1414
100900005,136,16,120
100900006,63,73,-10
100900007,205,5,200
100900008,1,406,-405
100900009,77,248,-171
100900010,111,34,77
100900011,212,150,62
100900012,1,67,-66
100900013,1160,13,1147
100900014,8,2,6
100900015,71,92,-21
100900016,1,18,-17
100900017,1135,81,1054
100900018,0,14,-14
100900019,49,158,-109
100900020,343,4,339
100900021,541,2,539
100900022,19,47,-28
100900023,0,42,-42
100900024,301,3,298
100900025,19,7,12
100900026,172,101,71
100900027,544,3168,-2624
100900028,82,353,-271
100900029,51,11,40
100900030,5,193,-188
100900031,911,45,866
100900032,424,2,422
100900033,204,442,-238
100900034,831,6,825
100900035,265,0,265
100900036,18,2,16
100900037,179,192,-13
100900038,104,59,45
100900039,234,297,-63
100900040,621,416,205
100900041,1261,442,819
100900042,1797,2436,-639
100900043,0,26,-26
100900044,1518,601,917
100900045,5,3,2
100900046,1457,23,1434
100900047,1497,275,1222
100900048,123,73,50
100900049,99,148,-49
100900050,4,7,-3
100900051,76,231,-155
100900052,417,55,362
100900053,723,27,696
100900054,8,35,-27
100900055,240,1021,-781
100900056,38,118,-80
100900057,2364,1537,827
100900058,140,205,-65
100900059,120,8,112
100900060,338,13,325
100900061,244,194,50
100900062,5,28,-23
100900063,352,883,-531
100900064,825,54,771
100900065,82,141,-59
100900066,220,319,-99
100900067,45,6,39
100900068,108,87,21
100900069,365,8,357
100900070,541,11,530
100900071,511,183,328
100900072,8,33,-25
100900073,163,298,-135
100900074,5,5,0
100900075,2082,293,1789
100900076,6,29,-23
100900077,60,22,38
100900078,152,258,-106
100900079,13,12,1
100900080,76,311,-235
100900081,43,163,-120
100900082,162,279,-117
100900083,22,18,4
100900085,17,527,-510
100900086,91,538,-447
100900088,164,217,-53
100900089,7,12,-5
100900090,129,849,-720
100900091,3,14,-11
100900092,113,181,-68
100900093,326,361,-35
100900094,230,164,66
100900095,3,14,-11
100900096,68,186,-118
100900097,0,3,-3
100900098,19,46,-27
100900099,27,373,-346
100900100,14,765,-751
100900101,315,60,255
100900102,31,207,-176
100900103,14,11,3
100900104,3,176,-173
100900105,20,721,-701
100900106,32,11,21
100900107,2114,937,1177
100900108,7,77,-70
100900109,26,18,8
100900110,5,42,-37
100900111,32,230,-198
100900112,23,84,-61
100900113,33,31,2
100900114,17,14,3
100900115,13,13,0
100900116,1254,484,770
100900117,406,1386,-980
100900118,19,49,-30
100900119,12,9,3
100900120,18,3,15
100900121,694,451,243
100900122,99,121,-22
100900123,118,121,-3
100900124,5,13,-8
100900125,12,59,-47
100900126,232,100,132
100900127,2,4,-2
100900128,116,339,-223
100900129,0,451,-451
100900131,55,276,-221
100900133,65,31,34
100900134,11,3,8
100900135,2,463,-461
100900137,318,269,49
100900138,317,492,-175
100900139,9,1,8
100900140,6,264,-258
100900141,2,764,-762
100900142,1,25,-24
100900143,434,601,-167
100900144,7,7,0
100900145,69,348,-279
100900146,16,78,-62
100900147,30,816,-786
100900148,78,232,-154
100900149,40,283,-243
100900150,6,44,-38
100900151,136,584,-448
100900152,1063,49,1014
100900153,0,263,-263
100900154,26,138,-112
100900155,28,12,16
100900156,73,56,17
100900157,18,1186,-1168
100900158,1384,104,1280
100900159,4,31,-27
100900160,36,11,25
100900161,117,50,67
100900162,50,801,-751
100900163,132,130,2
100900164,75,19,56
100900165,22,33,-11
100900166,633,6,627
100900167,10,55,-45
100900168,49,280,-231
100900169,81,1008,-927
100900170,42,3,39
100900171,10,409,-399
100900172,0,46,-46
100900173,16,186,-170
100900174,61,23,38
100900176,1986,224,1762
100900177,609,426,183
100900178,245,345,-100
100900179,347,533,-186
100900180,2,4,-2
100900181,594,51,543
100900182,342,55,287
100900184,29,263,-234
100900186,528,456,72
100900187,22,69,-47
100900188,29,12,17
100900189,3698,298,3400
100900191,712,1638,-926
100900192,213,614,-401
100900195,124,209,-85
100900197,24,42,-18
100900198,28,89,-61
100900199,5,20,-15
100900200,1025,327,698
100900201,129,1005,-876
100900202,61,0,61
100900203,2,457,-455
100900204,282,2855,-2573
100900205,170,765,-595
100900206,366,162,204
100900207,329,192,137
100900210,162,212,-50
100900211,699,145,554
100900213,360,56,304
100900214,616,74,542
100900215,31,34,-3
101000001,2330,2500,-170
101000002,9430,10158,-728
101000003,419,1146,-727
101000004,6911,6979,-68
101000005,5031,6139,-1108
101000006,6060,8896,-2836
101000007,4241,5155,-914
101000008,2038,2135,-97
101000009,2457,750,1707
101000010,1059,643,416
101000011,1071,370,701
101000012,624,835,-211
101000013,780,1254,-474
101000014,343,558,-215
101000015,1868,1142,726
101000016,347,555,-208
101000017,420,441,-21
101000018,1563,2811,-1248
101000020,2238,955,1283
101000021,582,414,168
101000022,198,253,-55
101000023,1254,735,519
101000025,298,544,-246
101000026,219,44,175
101000027,2871,4416,-1545
101000028,482,92,390
101000029,205,2118,-1913
101000030,1239,237,1002
101000031,425,1460,-1035
101000032,3733,5729,-1996
101000033,2681,4473,-1792
101000034,1172,2299,-1127
101000035,778,378,400
101000036,1329,1482,-153
101000037,1380,2722,-1342
101000039,3137,3355,-218
101000040,2725,5597,-2872
101000041,3163,9260,-6097
101000042,219,1441,-1222
101000043,4145,9784,-5639
101000045,518,1093,-575
101000046,1729,3262,-1533
101000047,1517,7023,-5506
101000048,637,510,127
101000049,647,2885,-2238
101000050,1470,2592,-1122
101000051,1019,3557,-2538
101000052,1341,1758,-417
101000053,970,1418,-448
101000054,2191,959,1232
101000055,1188,1732,-544
101000056,34,118,-84
101000057,1034,1896,-862
101000058,980,1594,-614
101000059,1996,2670,-674
101000060,2063,950,1113
101000061,689,1765,-1076
101000062,412,755,-343
101000063,382,1524,-1142
101000064,721,1280,-559
101000065,270,763,-493
101000066,659,1286,-627
101000067,714,1217,-503
101000068,184,626,-442
101000069,149,66,83
101000070,714,1144,-430
101000071,2587,1265,1322
101000072,742,4138,-3396
101000073,817,1534,-717
101000074,3388,5567,-2179
101000075,2355,6927,-4572
101000077,1959,1671,288
101000078,953,1356,-403
101000079,1363,1267,96
101000080,1123,1441,-318
101000081,1758,1593,165
101000082,2304,2467,-163
101000083,3532,2498,1034
101000084,1217,683,534
101000085,1567,1221,346
101000086,1020,1268,-248
101000087,825,952,-127
101000088,1616,1242,374
101000089,1270,1687,-417
101000090,1985,1014,971
101000091,535,668,-133
101000092,1766,684,1082
101000093,1470,776,694
101000094,1297,998,299
101000095,599,621,-22
101000096,599,431,168
101000097,517,878,-361
101000098,371,888,-517
101000099,749,1805,-1056
101000100,831,1576,-745
101000101,221,374,-153
101000102,722,783,-61
101000103,616,717,-101
101000104,326,872,-546
101000105,192,814,-622
101000106,632,1691,-1059
101000107,343,493,-150
101000108,474,122,352
101000109,622,92,530
101000110,32,207,-175
101000111,80,253,-173
101000113,194,917,-723
101000114,5334,13229,-7895
101000115,57,37,20
101000116,66,36,30
101000117,1967,288,1679
101000119,62,72,-10
101000120,145,129,16
101000121,46,66,-20
101000122,127,137,-10
101000123,61,210,-149
101000124,1089,568,521
101000125,118,278,-160
101000128,296,1250,-954
101000130,140,284,-144
101000131,1296,407,889
101000132,1101,1347,-246
101000135,41,58,-17
101000136,280,343,-63
101000137,37,541,-504
101000141,842,3836,-2994
101000147,603,286,317
101000148,654,28,626
101000149,195,641,-446
101000150,111,277,-166
101000151,389,40,349
101000152,244,279,-35
101000153,356,173,183
101000154,390,497,-107
101000155,558,199,359
101000156,18,455,-437
101000157,120,50,70
101000160,43,19,24
101000163,154,523,-369
101000164,327,200,127
101000165,360,456,-96
101000166,304,275,29
101000168,975,462,513
101000252,2776,1060,1716
101000254,66,160,-94
101000258,93,3,90
101000261,116,102,14
101000262,1287,4243,-2956
101000263,443,1597,-1154
101000265,72,943,-871
101000266,361,397,-36
101000269,16,14,2
101000290,647,2749,-2102
101000293,42,56,-14
101000294,679,601,78
101000295,196,268,-72
101000301,421,566,-145
101000304,2165,2829,-664
101000305,2731,1123,1608
101900001,11,49,-38
101900002,0,4,-4
101900003,43,109,-66
101900004,1,92,-91
101900005,1771,3673,-1902
101900006,1896,59,1837
101900007,782,273,509
101900008,88,249,-161
101900009,75,357,-282
101900010,608,796,-188
101900011,116,985,-869
101900012,384,118,266
101900013,496,162,334
101900017,6,122,-116
101900018,650,266,384
101900019,116,120,-4
101900020,186,98,88
101900021,2,67,-65
101900022,185,562,-377
101900023,175,105,70
102000001,3549,6369,-2820
102000002,2643,811,1832
102000003,2871,8169,-5298
102000004,4918,2688,2230
102000005,1278,3483,-2205
102000006,811,1592,-781
102000007,1958,5999,-4041
102000008,4843,1602,3241
102000009,8874,11308,-2434
102000010,3799,3719,80
102000011,4855,3822,1033
102000012,3008,2895,113
102000018,2386,3032,-646
102000019,4233,2047,2186
102000026,217,452,-235
102000029,210,178,32
102000030,147,337,-190
102000031,79,105,-26
102000032,754,307,447
102000033,334,464,-130
102000034,485,597,-112
102000035,3253,893,2360
102000036,22,351,-329
102000037,184,42,142
102000038,122,432,-310
102000039,109,142,-33
102000040,253,475,-222
102000041,124,626,-502
102000042,209,508,-299
102000043,145,306,-161
102000044,283,802,-519
102000045,565,671,-106
102000046,1714,541,1173
102000047,757,770,-13
102000048,538,802,-264
102000049,1085,981,104
102000050,1044,1108,-64
102000051,486,825,-339
102000052,1121,815,306
102000053,1082,1277,-195
102000054,949,1346,-397
102000055,1733,376,1357
102000056,1431,459,972
102000057,1563,525,1038
102000058,1187,1056,131
102000059,1390,1141,249
102000060,952,868,84
102000061,2177,1486,691
102000062,2142,954,1188
102000063,1051,1311,-260
102000064,540,656,-116
102000065,62,191,-129
102000066,796,897,-101
102000067,2753,2898,-145
102000068,13307,3431,9876
102000069,127,3776,-3649
102000070,1576,45,1531
102000071,6662,9214,-2552
102000072,3273,4167,-894
102000073,796,1168,-372
102000074,597,1725,-1128
102000075,146,368,-222
102000076,271,352,-81
102000077,854,523,331
102000078,1255,352,903
102000079,199,155,44
102000080,287,193,94
102000081,320,834,-514
102000082,735,405,330
102000083,823,198,625
102000084,550,230,320
102000085,6682,863,5819
102000086,1335,877,458
102000087,1541,1971,-430
102000088,342,327,15
102000089,1600,419,1181
102000090,420,1266,-846
102000091,1340,693,647
102000092,375,683,-308
102000093,495,620,-125
102000094,641,597,44
102000095,823,1303,-480
102000096,595,826,-231
102000097,879,616,263
102000098,508,791,-283
102000099,866,1068,-202
102000100,259,1157,-898
102000101,491,636,-145
102000102,348,1199,-851
102000103,2034,406,1628
102000104,729,329,400
102000105,304,523,-219
102000106,1005,518,487
102000107,2038,332,1706
102000108,605,162,443
102000109,643,364,279
102000110,1572,488,1084
102000111,10,201,-191
102000112,111,134,-23
102000113,11,22,-11
102000114,542,320,222
102000115,292,331,-39
102000116,327,819,-492
102000117,157,1068,-911
102000118,867,1719,-852
102000119,1220,1477,-257
102000120,297,457,-160
102000121,1277,544,733
102000122,919,1078,-159
102000123,1323,1242,81
102000124,1831,1453,378
102000125,644,927,-283
102000126,636,734,-98
102000127,1472,644,828
102000128,911,886,25
102000129,1758,524,1234
102000130,875,1118,-243
102000131,2287,1127,1160
102000132,1111,1711,-600
102000133,3396,1603,1793
102000134,1193,805,388
102000135,2454,1229,1225
102000136,3850,724,3126
102000137,537,2342,-1805
102000138,213,633,-420
102000139,106,2751,-2645
102000140,177,3525,-3348
102000141,334,7726,-7392
102000142,348,377,-29
102000143,250,195,55
102000144,440,212,228
102000145,444,383,61
102000146,435,567,-132
102000147,564,367,197
102000148,178,472,-294
102000149,249,196,53
102000150,645,110,535
102000151,91,148,-57
102000152,211,133,78
102000153,1105,663,442
102000154,211,430,-219
102000155,68,440,-372
102000156,318,202,116
102000157,55,581,-526
102000158,173,276,-103
102000159,953,865,88
102000161,1974,2369,-395
102000162,162,183,-21
102000163,76,548,-472
102000164,814,1184,-370
102000165,309,239,70
102000166,55,228,-173
102000167,361,409,-48
102000168,479,341,138
102000169,128,704,-576
102000170,562,246,316
102000171,183,407,-224
102000172,166,661,-495
102000173,554,381,173
102000174,105,90,15
102000175,109,97,12
102000176,95,38,57
102000178,315,299,16
102000179,611,193,418
102000180,1213,310,903
102000181,1117,389,728
102000182,695,367,328
102000183,2327,1216,1111
102000184,2383,584,1799
102000185,3361,1018,2343
102000186,1956,1177,779
102000187,1270,1290,-20
102000188,1533,1278,255
102000189,1956,600,1356
102000190,618,2620,-2002
102000191,1039,506,533
102000192,1549,1917,-368
102000193,107,89,18
102000194,55,136,-81
102000195,488,332,156
102000196,329,245,84
102000197,1041,227,814
102000198,235,437,-202
102000199,1509,221,1288
102000200,394,622,-228
102000201,1659,392,1267
102000202,1,88,-87
102000203,521,113,408
102000204,756,495,261
102000205,1566,299,1267
102000206,823,241,582
102000207,875,541,334
102000208,377,283,94
102000209,98,64,34
102000210,541,243,298
102000211,607,221,386
102000212,404,4,400
102000213,5,150,-145
102000214,461,6,455
102000215,5,218,-213
102000216,63,77,-14
102000217,8,85,-77
102000218,384,225,159
102000219,189,144,45
102000225,419,606,-187
102000226,980,1379,-399
102000227,224,3,221
102000228,0,42,-42
102000229,64,74,-10
102000230,428,301,127
102000231,318,409,-91
102000232,41,162,-121
102000233,501,575,-74
102000234,116,1004,-888
102000236,255,150,105
102000237,459,159,300
102000238,193,253,-60
102000240,403,813,-410
102000241,1398,184,1214
102000243,15,52,-37
102000245,10,108,-98
102000246,7,39,-32
102000247,278,443,-165
102000248,272,699,-427
102000249,165,108,57
102000250,88,215,-127
102000254,255,123,132
102000266,24,1892,-1868
102000271,41,0,41
102000286,462,384,78
102000297,2204,1049,1155
102000299,0,0,0
102000301,0,3,-3
102000303,0,0,0
102000305,0,0,0
102000307,0,4,-4
102000308,0,3,-3
102900001,1421,725,696
102900002,457,70,387
102900003,98,135,-37
102900005,467,188,279
102900006,626,60,566
102900007,743,22,721
102900008,280,20,260
102900009,589,463,126
102900010,288,1136,-848
102900011,1196,513,683
102900012,365,78,287
102900013,34,55,-21
102900015,651,574,77
102900016,77,65,12
102900017,296,289,7
102900018,68,51,17
102900019,484,489,-5
102900020,201,30,171
102900021,58,54,4
102900022,312,182,130
102900023,18,68,-50
102900024,55,40,15
102900025,181,86,95
102900026,384,2183,-1799
102900027,98,79,19
102900028,309,947,-638
102900029,121,237,-116
102900030,375,349,26
102900031,361,105,256
102900032,157,82,75
102900033,149,161,-12
102900034,651,57,594
102900035,191,170,21
102900036,351,281,70
102900037,324,187,137
102900038,440,215,225
102900039,17,540,-523
102900040,226,231,-5
102900041,171,130,41
102900042,265,182,83
102900043,288,144,144
102900044,595,1340,-745
102900045,236,356,-120
102900046,162,162,0
102900047,149,436,-287
102900048,584,312,272
102900049,134,376,-242
102900050,177,179,-2
102900051,192,205,-13
102900052,57,90,-33
102900053,311,534,-223
102900054,349,1522,-1173
102900055,273,270,3
102900056,107,420,-313
102900057,19,67,-48
102900058,493,71,422
102900059,31,56,-25
102900060,156,319,-163
102900061,219,267,-48
102900062,354,411,-57
102900063,1625,368,1257
102900064,137,499,-362
102900065,903,336,567
102900066,355,15,340
102900068,92,135,-43
102900070,278,1845,-1567
102900072,8,58,-50
102900073,60,12,48
102900074,173,225,-52
102900075,24,77,-53
102900076,69,146,-77
102900077,49,45,4
102900078,21,71,-50
102900079,293,7,286
102900080,590,59,531
102900081,85,355,-270
102900082,6,244,-238
102900083,133,28,105
102900084,14,63,-49
102900085,347,132,215
102900086,28,160,-132
102900087,148,216,-68
102900088,49,67,-18
102900089,196,136,60
102900090,2,153,-151
102900091,243,11,232
102900092,640,333,307
102900093,326,151,175
102900094,2,145,-143
102900095,161,1,160
102900096,104,14,90
102900097,10,52,-42
103000001,2335,2145,190
103000002,2492,2637,-145
103000003,3211,2740,471
103000004,687,578,109
103000005,1843,3441,-1598
103000006,873,1590,-717
103000007,522,610,-88
103000008,1159,658,501
103000009,1854,1217,637
103000010,163,81,82
103000011,1484,1081,403
103000012,1737,1694,43
103000013,2813,1708,1105
103000014,1483,2974,-1491
103000015,1550,630,920
103000016,513,1631,-1118
103000017,333,436,-103
103000018,834,269,565
103000019,373,375,-2
103000020,1686,1239,447
103000021,1710,2050,-340
103000022,660,928,-268
103000023,771,2125,-1354
103000024,55,119,-64
103000025,118,886,-768
103000026,719,130,589
103000027,280,771,-491
103000028,298,357,-59
103000029,155,242,-87
103000030,1542,1838,-296
103000031,1079,2909,-1830
103000032,2323,1525,798
103000033,2991,2658,333
103000034,1374,984,390
103000035,408,1550,-1142
103000036,282,432,-150
103000037,577,519,58
103000038,793,1207,-414
103000039,687,296,391
103000040,662,519,143
103000041,2145,1371,774
103000042,1704,295,1409
103000043,1016,643,373
103000044,421,145,276
103000046,450,423,27
103000047,777,421,356
103000048,424,162,262
103000049,124,101,23
103000050,795,291,504
103000051,830,450,380
103000052,731,259,472
103000053,254,453,-199
103000054,2839,1194,1645
103000055,2101,1862,239
103000056,892,1012,-120
103000057,1262,160,1102
103000058,744,635,109
103000059,809,587,222
103000060,789,353,436
103000061,647,832,-185
103000062,1305,344,961
103000063,1087,856,231
103000064,138,135,3
103000065,6,250,-244
103000066,221,20,201
103000069,459,170,289
103000070,970,499,471
103000071,1714,631,1083
103000072,187,509,-322
103000073,952,121,831
103000074,1005,88,917
103000075,197,559,-362
103000076,475,700,-225
103000077,40,259,-219
103000078,1001,1184,-183
103000079,484,824,-340
103000080,739,508,231
103000081,375,1210,-835
103000082,463,228,235
103000083,145,296,-151
103000084,119,11,108
103000085,1,102,-101
103000086,503,501,2
103000087,228,539,-311
103000088,296,311,-15
103000089,294,785,-491
103000090,3888,1069,2819
103000091,983,557,426
103000092,332,283,49
103000093,356,499,-143
103000094,262,124,138
103000095,93,360,-267
103000096,567,52,515
103000097,101,603,-502
103000098,570,197,373
103000099,222,577,-355
103000100,235,500,-265
103000101,1340,124,1216
103000102,175,356,-181
103000103,783,150,633
103000104,116,65,51
103000105,261,92,169
103000106,25,196,-171
103000107,263,69,194
103000108,1023,679,344
103000109,565,422,143
103000110,596,524,72
103000111,433,728,-295
103000112,365,294,71
103000113,848,824,24
103000114,1914,1008,906
103000115,843,592,251
103000116,925,414,511
103000117,514,478,36
103000118,404,453,-49
103000119,808,368,440
103000120,83,158,-75
103000121,241,410,-169
103000122,345,539,-194
103000125,36,115,-79
103000126,801,4,797
103000127,10,110,-100
103000128,191,2,189
103000129,29,154,-125
103000130,74,42,32
103000131,294,138,156
103000132,106,166,-60
103000133,21,126,-105
103000134,320,1068,-748
103000135,643,261,382
103000136,530,551,-21
103000137,403,658,-255
103000138,607,723,-116
103000139,7,62,-55
103000140,133,40,93
103000141,34,150,-116
103000142,93,64,29
103000143,90,150,-60
103000144,235,61,174
103000145,29,457,-428
103000150,171,55,116
103000152,223,249,-26
103000153,275,185,90
103000156,26,251,-225
103000157,475,1,474
103000159,136,48,88
103000162,69,24,45
103000163,7,105,-98
103000164,20,22,-2
103000165,102,182,-80
103000166,320,405,-85
103000167,230,100,130
103000168,192,134,58
103000169,238,550,-312
103000170,1253,262,991
103000171,23,98,-75
103000172,1093,480,613
103000173,940,194,746
103000174,331,209,122
103000175,445,158,287
103000176,887,673,214
103000177,462,461,1
103000178,173,311,-138
103000179,232,27,205
103000183,270,36,234
103000185,215,59,156
103000186,178,61,117
103000187,1016,183,833
103000188,40,137,-97
103000189,917,585,332
103000191,559,626,-67
103000292,610,1690,-1080
103000293,867,3318,-2451
103000295,94,126,-32
103000296,150,8,142
103000297,38,327,-289
103000504,34,21,13
103000505,9,50,-41
103000506,2,108,-106
103000507,236,2,234
103000508,106,149,-43
103000509,247,420,-173
103900001,30,57,-27
103900002,885,121,764
103900003,1003,164,839
103900004,208,1,207
103900005,0,72,-72
103900006,5,3,2
103900007,122,1,121
103900008,14,2,12
103900009,585,474,111
103900010,198,265,-67
103900011,531,98,433
103900012,20,35,-15
103900013,83,46,37
103900014,98,14,84
103900015,106,17,89
103900016,300,110,190
103900017,52,51,1
103900018,381,103,278
103900019,75,443,-368
103900020,225,556,-331
103900021,177,60,117
103900022,847,560,287
103900023,227,1,226
103900024,69,311,-242
103900025,11,20,-9
103900026,13,1,12
103900027,723,215,508
103900028,34,339,-305
103900029,1114,145,969
103900030,510,149,361
103900031,54,1,53
103900032,109,83,26
103900033,122,27,95
103900034,53,67,-14
103900035,76,35,41
103900036,49,73,-24
103900037,123,73,50
103900038,118,190,-72
103900039,122,150,-28
103900040,14,108,-94
103900041,102,53,49
103900042,129,118,11
103900043,314,50,264
103900044,58,530,-472
103900045,416,150,266
103900047,127,18,109
103900048,27,32,-5
103900049,119,1173,-1054
103900050,21,172,-151
103900051,0,43,-43
103900052,288,230,58
103900053,298,256,42
103900054,246,187,59
103900055,518,190,328
103900056,71,38,33
103900057,80,64,16
103900058,483,291,192
103900059,0,34,-34
103900060,88,90,-2
103900061,282,34,248
103900062,566,201,365
103900063,2,0,2
103900064,185,0,185
103900065,549,339,210
103900066,223,56,167
103900067,276,7,269
103900068,7,0,7
103900069,91,13,78
103900070,129,155,-26
103900071,13,69,-56
103900072,18,105,-87
103900073,50,56,-6
103900074,85,36,49
103900075,141,37,104
103900076,740,247,493
103900077,53,194,-141
103900078,322,82,240
103900079,155,154,1
103900080,8,34,-26
103900081,14,12,2
103900082,23,114,-91
103900083,914,1587,-673
103900084,109,182,-73
103900085,72,149,-77
103900086,1162,387,775
103900087,26,72,-46
103900088,308,645,-337
103900089,63,93,-30
103900090,50,61,-11
103900091,871,181,690
103900092,583,417,166
103900093,78,289,-211
103900094,12,63,-51
103900095,246,154,92
103900096,81,100,-19
103900097,9,454,-445
103900098,346,156,190
103900099,142,68,74
103900100,381,190,191
103900101,148,915,-767
103900102,1,42,-41
103900104,4,28,-24
103900105,37,105,-68
103900106,0,133,-133
103900107,217,90,127
103900108,52,121,-69
103900109,177,41,136
103900110,318,59,259
103900111,216,263,-47
103900112,131,196,-65
103900113,144,268,-124
103900114,319,197,122
103900115,225,243,-18
103900116,1696,2329,-633
103900117,128,39,89
103900119,25,113,-88
103900120,46,67,-21
103900122,170,99,71
103900123,627,568,59
103900124,63,16,47
103900125,129,48,81
103900126,732,272,460
103900127,238,229,9
103900128,201,65,136
103900131,28,28,0
103900133,1146,16,1130
103900134,3,17,-14
103900135,4,1,3
103900137,0,13,-13
103900138,217,88,129
103900139,189,3589,-3400
103900140,11,286,-275
103900141,223,61,162
103900142,346,73,273
103900143,220,1,219
103900144,1,6,-5
103900145,172,253,-81
103900146,346,195,151
103900147,475,164,311
103900148,397,178,219
103900149,524,248,276
103900150,3783,5745,-1962
103900151,43,156,-113
103900152,987,265,722
103900153,15,2,13
103900154,489,2004,-1515
103900155,53,102,-49
103900156,143,55,88
103900157,117,71,46
103900158,251,53,198
103900159,254,42,212
103900160,110,56,54
103900161,98,134,-36
103900162,79,71,8
103900163,16,406,-390
103900164,294,19,275
103900167,13,117,-104
103900168,146,74,72
103900169,62,103,-41
103900170,1,57,-56
103900171,2,22,-20
103900172,1,10,-9
103900173,23,11,12
103900174,448,42,406
103900175,40,135,-95
103900176,20,32,-12
103900177,29,45,-16
103900178,96,20,76
103900179,113,39,74
103900180,26,29,-3
103900181,32,24,8
103900182,27,10,17
103900184,211,177,34
103900185,91,665,-574
103900187,8,98,-90
103900188,55,43,12
103900189,138,14,124
103900190,123,89,34
103900191,32,55,-23
103900192,52,141,-89
103900193,90,107,-17
103900194,105,161,-56
103900195,1,175,-174
103900196,43,70,-27
103900197,22,29,-7
103900198,19,37,-18
103900199,137,77,60
103900200,186,52,134
103900201,97,144,-47
103900202,23,63,-40
103900203,55,33,22
103900204,5,47,-42
103900207,0,40,-40
103900208,173,1,172
103900209,7,115,-108
103900210,59,33,26
103900211,632,158,474
103900212,200,194,6
103900213,43,203,-160
103900214,208,190,18
103900215,218,331,-113
103900216,16,433,-417
103900217,382,56,326
103900218,1,248,-247
103900219,230,102,128
103900233,101,11,90
103900235,17,53,-36
103900236,8,1,7
103900242,7,7,0
103900243,3,5,-2
103900244,165,99,66
103900245,123,106,17
103900246,37,41,-4
103900247,13,60,-47
103900248,5,132,-127
103900249,14,87,-73
103900250,17,22,-5
103900251,1,59,-58
103900253,9,55,-46
103900254,2,9,-7
103900255,2,11,-9
103900256,12,19,-7
103900257,35,89,-54
103900258,29,9,20
103900259,28,4,24
103900261,19,9,10
103900262,15,1,14
103900263,23,43,-20
103900264,31,7,24
103900265,24,2,22
103900266,1,116,-115
103900267,3,49,-46
104000001,2799,2201,598
104000002,1793,1958,-165
104000003,2680,2016,664
104000004,2361,2404,-43
104000005,2072,2019,53
104000006,3445,2666,779
104000007,3914,4283,-369
104000008,157,167,-10
104000009,218,122,96
104000010,208,310,-102
104000011,304,168,136
104000012,143,215,-72
104000013,287,244,43
104000014,207,418,-211
104000015,454,157,297
104000016,488,279,209
104000018,875,241,634
104000019,710,308,402
104000020,157,344,-187
104000021,240,309,-69
104000022,142,216,-74
104000023,972,463,509
104000024,221,287,-66
104000026,65,240,-175
104000027,284,154,130
104000028,469,215,254
104000029,388,187,201
104000030,404,260,144
104000031,1609,293,1316
104000032,191,207,-16
104000033,771,481,290
104000034,390,201,189
104000035,1137,338,799
104000036,1144,443,701
104000037,303,140,163
104000038,575,336,239
104000039,200,117,83
104000040,160,317,-157
104000041,517,307,210
104000042,177,212,-35
104000043,167,226,-59
104000044,236,339,-103
104000045,838,601,237
104000046,670,895,-225
104000047,646,900,-254
104000048,935,771,164
104000049,754,507,247
104000050,182,1123,-941
104000051,170,571,-401
104000052,1902,1697,205
104000053,1069,436,633
104000054,678,231,447
104000055,3492,2218,1274
104000056,757,209,548
104000057,186,245,-59
104000058,638,673,-35
104000059,634,1046,-412
104000060,1314,1417,-103
104000061,1199,981,218
104000062,437,99,338
104000064,604,247,357
104000065,257,624,-367
104000069,577,1431,-854
104000070,49,456,-407
104000071,139,234,-95
104000072,563,121,442
104000075,84,267,-183
104000076,434,90,344
104000082,2398,3518,-1120
104000083,625,193,432
104000084,110,439,-329
104000085,357,337,20
104000086,246,409,-163
104000087,330,2116,-1786
104000090,1024,689,335
104000092,1654,1149,505
104000094,828,844,-16
104000095,2162,1101,1061
104000096,2355,122,2233
104000097,2286,579,1707
104000098,3097,518,2579
104000100,2316,603,1713
104000101,1365,1222,143
104000106,26,446,-420
104000107,580,246,334
104000108,183,279,-96
104000109,371,328,43
104000110,745,1062,-317
104000111,2362,3030,-668
104000112,880,494,386
104000116,2,643,-641
104000117,259,292,-33
104000118,1089,155,934
104000119,902,321,581
104000120,245,344,-99
104000121,245,556,-311
104000122,1050,732,318
104000123,789,643,146
104000124,486,1372,-886
104000125,2051,4891,-2840
104000126,593,521,72
104000127,1395,1574,-179
104000128,597,269,328
104000129,428,24,404
104000130,9,417,-408
104000131,237,267,-30
104000132,396,315,81
104000133,1434,884,550
104000134,957,1912,-955
104000135,488,1980,-1492
104000136,681,3649,-2968
104000137,1689,293,1396
104000138,1066,577,489
104000139,3332,2700,632
104000141,818,1289,-471
104000142,656,394,262
104000143,773,294,479
104000144,119,210,-91
104000145,364,194,170
104000146,208,474,-266
104000147,131,307,-176
104000148,520,284,236
104000149,159,159,0
104000150,1219,722,497
104000151,361,334,27
104000152,628,494,134
104000153,904,613,291
104000154,708,401,307
104000155,564,629,-65
104000157,1068,1326,-258
104000158,279,1295,-1016
104000159,902,856,46
104000160,1843,2170,-327
104000161,266,190,76
104000162,99,215,-116
104000165,688,757,-69
104000167,827,1376,-549
104000168,798,19,779
104000169,150,46,104
104000170,237,539,-302
104000248,465,441,24
104000251,48,157,-109
104000272,0,0,0
104000273,0,0,0
104000274,0,0,0
104000275,0,0,0
104000279,696,504,192
104000290,105,224,-119
104000291,510,1064,-554
104000293,1142,993,149
104000294,133,0,133
104000295,709,700,9
104000296,579,760,-181
104000297,644,1796,-1152
104000298,2254,933,1321
104000299,734,1274,-540
104900001,158,275,-117
104900002,119,213,-94
104900003,84,262,-178
104900004,102,143,-41
104900005,392,303,89
104900006,492,109,383
104900007,357,169,188
104900009,176,143,33
104900010,52,51,1
104900011,8,54,-46
104900012,262,56,206
104900013,104,15,89
104900014,1957,351,1606
104900015,130,8,122
104900016,306,173,133
104900017,193,104,89
104900018,11,180,-169
104900019,230,4424,-4194
104900020,34,224,-190
104900021,1,85,-84
104900022,21,84,-63
104900023,1,42,-41
104900024,23,70,-47
104900025,78,159,-81
104900026,2,31,-29
104900027,669,364,305
104900028,13,69,-56
104900029,24,55,-31
104900030,579,216,363
104900031,66,199,-133
104900032,60,73,-13
104900033,243,291,-48
104900034,459,170,289
104900035,526,218,308
104900036,267,56,211
104900037,198,138,60
104900038,255,1120,-865
104900039,493,541,-48
104900040,530,106,424
104900041,369,187,182
104900042,177,163,14
104900043,20,309,-289
104900044,859,187,672
104900045,409,82,327
104900046,349,88,261
104900047,455,121,334
104900048,436,69,367
104900049,75,68,7
104900050,406,52,354
104900051,306,46,260
104900052,139,4,135
104900053,482,95,387
104900054,263,22,241
104900055,208,2,206
104900056,170,28,142
104900057,62,1,61
104900058,615,790,-175
104900059,128,75,53
104900060,4,478,-474
104900061,225,329,-104
104900063,0,95,-95
104900064,2,95,-93
104900065,0,248,-248
104900066,1,94,-93
104900067,14,262,-248
104900068,37,149,-112
104900070,136,269,-133
104900071,4,318,-314
104900072,57,241,-184
104900073,120,81,39
104900074,96,171,-75
104900075,67,26,41
104900076,166,219,-53
104900077,598,322,276
104900078,240,285,-45
104900079,117,588,-471
104900080,136,599,-463
104900082,9,337,-328
104900085,12,151,-139
104900087,280,9,271
104900089,294,0,294
104900090,1310,913,397
104900091,656,610,46
104900093,220,332,-112
104900097,1635,2881,-1246
104900098,247,30,217
104900099,56,715,-659
104900100,293,203,90
104900102,37,96,-59
104900103,396,62,334
104900104,2095,2416,-321
104900106,162,112,50
104900107,128,161,-33
104900108,37,124,-87
104900109,140,204,-64
104900110,5,40,-35
104900111,287,100,187
104900112,314,297,17
104900113,887,257,630
104900114,491,276,215
104900115,868,232,636
104900116,436,104,332
104900118,39,21,18
104900119,2,48,-46
104900120,10,458,-448
104900121,1,38,-37
104900122,0,34,-34
104900123,129,32,97
104900124,134,3,131
104900125,466,3,463
104900126,51,18,33
104900127,27,49,-22
104900128,137,121,16
104900129,1069,2756,-1687
105000001,3161,1485,1676
105000002,2734,1608,1126
105000003,3316,3870,-554
105000004,778,802,-24
105000005,1395,1251,144
105000006,1588,1781,-193
105000007,1656,2314,-658
105000008,1356,4967,-3611
105000009,3636,3668,-32
105000010,2813,1159,1654
105000011,4513,3858,655
105000012,2991,2101,890
105000013,1237,1602,-365
105000014,2786,3941,-1155
105000015,9985,16277,-6292
105000016,1401,1675,-274
105000017,1405,845,560
105000018,945,1813,-868
105000019,1054,1027,27
105000020,191,547,-356
105000021,215,164,51
105000022,226,188,38
105000023,523,261,262
105000028,63,84,-21
105000029,682,2047,-1365
105000030,3628,2300,1328
105000033,893,1604,-711
105000034,161,1318,-1157
105000037,524,212,312
105000038,1765,2081,-316
105000039,2287,1400,887
105000040,1188,1531,-343
105000041,529,1407,-878
105000042,3048,2697,351
105000043,1106,3379,-2273
105000044,918,769,149
105000045,361,483,-122
105000046,1565,482,1083
105000047,520,629,-109
105000048,614,211,403
105000049,215,331,-116
105000050,768,361,407
105000051,136,290,-154
105000052,641,681,-40
105000053,97,135,-38
105000054,500,750,-250
105000055,1021,278,743
105000056,1892,1361,531
105000057,1662,456,1206
105000058,1195,805,390
105000059,916,584,332
105000060,588,442,146
105000061,1018,506,512
105000062,495,501,-6
105000063,346,256,90
105000064,2374,696,1678
105000065,363,386,-23
105000066,957,1014,-57
105000067,1747,777,970
105000068,308,711,-403
105000069,1337,2487,-1150
105000070,406,1173,-767
105000071,227,1352,-1125
105000072,741,2795,-2054
105000073,1060,809,251
105000074,712,500,212
105000075,580,559,21
105000076,1027,740,287
105000077,2002,1176,826
105000078,1262,1540,-278
105000079,1195,3329,-2134
105000080,2039,1950,89
105000081,2275,1443,832
105000082,941,2452,-1511
105000083,3258,4466,-1208
105000084,540,686,-146
105000085,1946,2599,-653
105000086,757,1054,-297
105000087,1373,2237,-864
105000088,1384,1998,-614
105000089,2908,2310,598
105000090,1013,1006,7
105000091,1222,1409,-187
105000092,683,781,-98
105000093,322,450,-128
105000094,472,256,216
105000095,113,557,-444
105000096,1197,1576,-379
105000097,797,848,-51
105000098,1106,635,471
105000099,737,709,28
105000100,1694,1240,454
105000101,1996,2782,-786
105000102,1807,2330,-523
105000103,1188,4040,-2852
105000104,2644,1346,1298
105000105,1114,1261,-147
105000106,1742,1221,521
105000107,2283,942,1341
105000108,2703,1377,1326
105000109,2305,1132,1173
105000110,940,455,485
105000111,1053,445,608
105000112,1344,513,831
105000113,554,746,-192
105000114,1716,1421,295
105000115,340,1294,-954
105000116,1159,577,582
105000117,847,486,361
105000118,1049,529,520
105000119,688,600,88
105000120,1797,565,1232
105000121,974,707,267
105000122,505,725,-220
105000123,876,752,124
105000124,2662,671,1991
105000125,1004,979,25
105000126,2576,1093,1483
105000127,2740,1302,1438
105000128,716,849,-133
105000129,969,201,768
105000130,263,3600,-3337
105000131,626,259,367
105000132,1313,729,584
105000133,527,811,-284
105000134,1217,592,625
105000135,325,327,-2
105000136,48,75,-27
105000137,463,176,287
105000138,50,73,-23
105000139,1022,573,449
105000140,333,435,-102
105000141,382,330,52
105000142,284,383,-99
105000143,186,427,-241
105000144,262,452,-190
105000145,890,317,573
105000146,467,604,-137
105000147,843,301,542
105000148,1181,553,628
105000149,3245,2297,948
105000150,1525,921,604
105000151,628,318,310
105000152,191,352,-161
105000153,754,571,183
105000154,524,391,133
105000155,334,844,-510
105000156,587,480,107
105000157,777,1207,-430
105000158,2240,854,1386
105000159,317,832,-515
105000160,2792,668,2124
105000161,737,978,-241
105000162,738,2248,-1510
105000163,881,707,174
105000164,173,284,-111
105000165,699,7088,-6389
105000166,3719,1544,2175
105000167,1296,2704,-1408
105000168,515,436,79
105000169,825,238,587
105000170,354,1300,-946
105000171,1092,168,924
105000172,139,25,114
105000173,377,79,298
105000174,109,67,42
105000175,135,105,30
105000176,658,71,587
105000177,497,217,280
105000178,337,289,48
105000179,1206,165,1041
105000180,248,108,140
105000181,221,148,73
105000182,45,41,4
105000183,1671,2619,-948
105000184,977,1674,-697
105000185,1385,1522,-137
105000186,463,856,-393
105000187,972,303,669
105000188,274,213,61
105000189,130,582,-452
105000190,275,393,-118
105000191,455,288,167
105000192,452,72,380
105000193,90,165,-75
105000194,466,124,342
105000195,367,750,-383
105000196,73,212,-139
105000197,308,512,-204
105000198,388,268,120
105000199,130,490,-360
105000200,145,439,-294
105000201,70,56,14
105000203,14,124,-110
105000204,90,60,30
105000205,100,251,-151
105000207,241,103,138
105000208,255,1402,-1147
105000209,147,158,-11
105000212,1276,644,632
105000213,129,204,-75
105000214,212,161,51
105000215,491,157,334
105000216,161,121,40
105000217,208,165,43
105000218,1925,992,933
105000221,173,151,22
105000222,506,105,401
105000223,435,127,308
105000226,91,160,-69
105000227,79,86,-7
105000228,223,2324,-2101
105000229,170,582,-412
105000231,453,470,-17
105000233,991,709,282
105000234,561,897,-336
105000235,447,489,-42
105000237,990,75,915
105000243,57,115,-58
105000248,58,97,-39
105000262,532,664,-132
105000269,250,209,41
105000270,631,30,601
105000271,0,121,-121
105000282,24,34,-10
105000287,277,192,85
105000288,833,408,425
105000289,1597,1970,-373
105000290,31,8,23
105000402,2654,4556,-1902
105000426,397,766,-369
105000438,2484,1546,938
105000446,9302,5139,4163
105000447,3486,2006,1480
105000454,772,110,662
105000455,203,131,72
105000474,35,0,35
105000477,781,697,84
105000478,2805,6328,-3523
105000479,114,137,-23
105000480,7008,8420,-1412
105000481,4750,4078,672
105000482,3524,5421,-1897
105000483,1881,3285,-1404
105000484,1663,2293,-630
105000485,1508,3935,-2427
105000486,2143,2458,-315
105000488,6085,3374,2711
105000489,1170,696,474
105000549,109,120,-11
105000550,409,1136,-727
105000551,49,99,-50
105000552,1761,1081,680
105900001,7,2837,-2830
105900002,725,1017,-292
105900003,21,114,-93
105900004,177,119,58
105900005,15,159,-144
105900006,12,145,-133
105900007,93,30,63
105900008,73,364,-291
105900009,46,16,30
105900011,260,286,-26
105900012,565,289,276
105900013,7,29,-22
105900014,12,101,-89
105900015,112,692,-580
105900016,747,720,27
105900017,1939,33,1906
105900018,198,148,50
105900019,64,643,-579
105900020,86,36,50
105900021,43,3523,-3480
105900022,341,209,132
105900023,5,388,-383
105900024,8,654,-646
105900025,371,13,358
105900026,303,15,288
105900027,22216,7315,14901
105900028,513,416,97
105900029,2392,345,2047
105900030,208,293,-85
105900031,306,174,132
105900032,106,114,-8
105900033,57,101,-44
105900034,275,168,107
105900035,211,176,35
105900036,182,151,31
105900037,93,45,48
105900038,205,191,14
105900039,183,100,83
105900040,89,90,-1
105900041,178,201,-23
105900042,114,124,-10
105900043,1268,60,1208
105900044,3,279,-276
105900045,8,750,-742
105900046,20,253,-233
105900047,7,34,-27
105900048,79,424,-345
105900050,5497,13232,-7735
105900051,80,1194,-1114
105900052,606,247,359
105900053,2258,4116,-1858
105900054,252,348,-96
105900056,1228,472,756
105900057,24,223,-199
105900058,27,12,15
105900059,0,64,-64
106000001,2805,2471,334
106000002,928,4107,-3179
106000003,3206,3616,-410
106000004,1226,2002,-776
106000005,4210,4729,-519
106000006,4675,2190,2485
106000007,682,502,180
106000008,439,310,129
106000009,686,308,378
106000010,591,487,104
106000011,1608,1117,491
106000012,980,904,76
106000013,2050,1887,163
106000014,1760,1133,627
106000015,2316,1524,792
106000016,1415,1505,-90
106000017,649,794,-145
106000018,557,410,147
106000019,525,487,38
106000020,374,261,113
106000021,329,425,-96
106000022,355,177,178
106000023,738,284,454
106000024,551,389,162
106000025,121,181,-60
106000026,80,114,-34
106000027,1755,1229,526
106000028,687,274,413
106000029,695,699,-4
106000030,408,656,-248
106000034,194,394,-200
106000035,1036,2221,-1185
106000036,175,424,-249
106000037,1407,970,437
106000038,113,139,-26
106000039,85,101,-16
106000040,89,939,-850
106000041,709,581,128
106000043,444,241,203
106000046,244,79,165
106000047,30,480,-450
106000049,1150,196,954
106000050,398,516,-118
106000051,892,734,158
106000052,91,356,-265
106000053,573,212,361
106000054,345,253,92
106000055,1246,773,473
106000056,321,235,86
106000057,708,238,470
106000058,154,104,50
106000059,488,238,250
106000060,311,358,-47
106000061,253,546,-293
106000062,159,401,-242
106000063,844,646,198
106000064,28,273,-245
106000065,474,290,184
106000066,99,251,-152
106000067,486,91,395
106000068,63,487,-424
106000069,450,68,382
106000070,558,532,26
106000071,1313,296,1017
106000072,2075,1406,669
106000073,1239,3785,-2546
106000074,795,610,185
106000075,389,1218,-829
106000076,1588,1642,-54
106000077,2805,980,1825
106000078,1380,657,723
106000079,905,679,226
106000080,1416,501,915
106000081,794,958,-164
106000082,2029,642,1387
106000083,442,1320,-878
106000084,1154,549,605
106000085,1256,1518,-262
106000086,661,716,-55
106000087,1021,471,550
106000088,392,644,-252
106000089,1160,288,872
106000090,326,527,-201
106000091,253,347,-94
106000092,690,207,483
106000093,364,120,244
106000094,63,224,-161
106000095,1171,571,600
106000096,1106,475,631
106000097,1349,490,859
106000098,743,655,88
106000099,245,1263,-1018
106000100,1406,249,1157
106000101,1161,707,454
106000102,148,1433,-1285
106000103,302,545,-243
106000104,844,331,513
106000105,431,471,-40
106000106,874,313,561
106000107,144,139,5
106000108,327,173,154
106000109,163,106,57
106000110,333,160,173
106000111,178,154,24
106000112,345,672,-327
106000113,669,391,278
106000114,476,665,-189
106000115,212,224,-12
106000116,376,249,127
106000117,851,454,397
106000118,1521,1340,181
106000119,992,646,346
106000120,1117,1541,-424
106000121,280,213,67
106000122,218,75,143
106000123,798,85,713
106000124,112,92,20
106000125,51,144,-93
106000126,424,66,358
106000127,1037,518,519
106000128,1090,90,1000
106000129,498,346,152
106000130,1203,269,934
106000131,111,655,-544
106000132,539,143,396
106000133,1878,1287,591
106000134,407,2283,-1876
106000135,138,364,-226
106000136,775,1114,-339
106000137,44,551,-507
106000138,1647,97,1550
106000139,33,68,-35
106000140,43,39,4
106000141,128,32,96
106000142,93,59,34
106000143,28,29,-1
106000144,32,61,-29
106000145,397,102,295
106000146,549,95,454
106000147,356,279,77
106000148,397,607,-210
106000149,767,264,503
106000150,602,1874,-1272
106000151,2734,774,1960
106000152,1082,2082,-1000
106000153,65,2057,-1992
106000154,1261,153,1108
106000155,141,222,-81
106000156,1445,328,1117
106000157,715,1476,-761
106000158,2371,983,1388
106000159,1883,2075,-192
106000160,596,3585,-2989
106000161,1162,223,939
106000162,328,1107,-779
106000163,386,197,189
106000164,610,222,388
106000165,221,310,-89
106000166,1099,268,831
106000167,421,614,-193
106000168,842,215,627
106000169,340,330,10
106000170,1302,206,1096
106000171,292,976,-684
106000172,3270,1310,1960
106000173,1225,1947,-722
106000174,1440,352,1088
106000175,307,572,-265
106000176,2215,840,1375
106000177,957,1590,-633
106000178,3722,1302,2420
106000179,812,1296,-484
106000180,767,726,41
106000181,1266,1449,-183
106000182,1876,515,1361
106000183,2015,426,1589
106000184,2254,518,1736
106000185,1389,1395,-6
106000186,609,87,522
106000187,166,849,-683
106000188,1,0,1
106000189,6,30,-24
106000190,21,0,21
106000191,658,130,528
106000192,1,14,-13
106000193,441,207,234
106000194,138,368,-230
106000195,628,278,350
106000196,264,693,-429
106000197,709,282,427
106000198,214,138,76
106000199,484,999,-515
106000200,299,248,51
106000201,451,4188,-3737
106000202,2060,564,1496
106000203,24,127,-103
106000204,85,9,76
106000205,23,128,-105
106000206,68,24,44
106000207,41,365,-324
106000208,1985,179,1806
106000209,2012,462,1550
106000210,275,547,-272
106000211,193,797,-604
106000212,977,533,444
106000213,280,1511,-1231
106000214,1633,652,981
106000215,274,409,-135
106000216,431,304,127
106000217,201,292,-91
106000218,413,324,89
106000219,141,189,-48
106000220,448,290,158
106000221,220,167,53
106000222,108,92,16
106000223,387,164,223
106000224,298,87,211
106000225,91,188,-97
106000226,114,173,-59
106000228,74,101,-27
106000229,74,536,-462
106000231,1161,117,1044
106000232,66,214,-148
106000233,626,79,547
106000234,42,262,-220
106000235,548,155,393
106000236,161,114,47
106000237,3,23,-20
106000238,46,19,27
106000239,1,123,-122
106000240,31,5,26
106000241,11,361,-350
106000242,258,59,199
106000249,111,41,70
106000250,88,531,-443
106000251,159,23,136
106000252,12,29,-17
106000253,74,90,-16
106000254,82,32,50
106000255,34,154,-120
106000256,43,30,13
106000257,169,199,-30
106000258,211,22,189
106000259,5,43,-38
106000260,20,8,12
106000261,2,60,-58
106000262,97,8,89
106000263,8,24,-16
106000264,177,3,174
106000265,28,103,-75
106000266,103,27,76
106000267,3,85,-82
106000268,353,42,311
106000269,36,29,7
106000270,131,300,-169
106000271,92,118,-26
106000272,201,48,153
106000273,7,212,-205
106000274,138,39,99
106000275,184,251,-67
106000276,122,58,64
106000277,115,302,-187
106000278,148,27,121
106000279,18,18,0
106000280,83,41,42
106000281,98,51,47
106000282,101,44,57
106000283,155,38,117
106000284,122,104,18
106000285,124,65,59
106000286,127,96,31
106000287,144,82,62
106000288,81,110,-29
106000289,100,42,58
106000290,60,69,-9
106000291,136,88,48
106000292,73,82,-9
106000293,179,87,92
106000294,122,97,25
106000295,77,66,11
106000296,25,95,-70
106000297,64,225,-161
106000298,102,73,29
106000299,58,102,-44
106000300,50,98,-48
106000301,56,119,-63
106000303,41,70,-29
106000304,28,34,-6
106000305,49,29,20
106000306,47,34,13
106000307,105,34,71
106000308,34,89,-55
106000309,26,79,-53
106000310,327,307,20
106000311,457,168,289
106000312,150,105,45
106000313,267,134,133
106000318,56,466,-410
106000319,1266,343,923
106000320,3,111,-108
106000321,254,212,42
106000322,200,87,113
106000324,37,136,-99
106000325,2190,1070,1120
106000326,1031,1210,-179
106000327,224,87,137
106000328,22,80,-58
106000329,72,188,-116
106000330,39,97,-58
106000428,98,123,-25
106000429,191,258,-67
106000430,314,929,-615
106000431,2422,340,2082
106000432,1139,2006,-867
106000433,2706,1405,1301
106000434,3434,1719,1715
106000435,996,2235,-1239
106000436,11,115,-104
106000437,369,85,284
106000438,393,336,57
106000439,72,396,-324
106000440,249,772,-523
106000441,7,0,7
106000442,184,11,173
106000443,246,131,115
106000450,3,77,-74
106000451,20,107,-87
106000454,2,89,-87
106000455,12,105,-93
106000456,93,39,54
106000457,15,406,-391
106000458,1208,69,1139
106000459,204,131,73
106000460,2054,43,2011
106000461,150,400,-250
106000462,3,44,-41
106000463,6,5,1
106000464,4,169,-165
106000465,945,4,941
106000466,5,197,-192
106000467,122,249,-127
106000468,130,134,-4
106000469,110,2,108
106000470,277,2211,-1934
106000471,9,281,-272
106000472,168,32,136
106000473,41,15,26
106000474,251,277,-26
106000475,405,144,261
106000476,109,256,-147
106000477,15,27,-12
106900001,0,16,-16
106900002,2,164,-162
106900003,125,2392,-2267
106900004,0,14,-14
106900006,0,9,-9
106900007,0,14,-14
106900008,542,92,450
106900009,362,152,210
106900010,244,196,48
106900012,1084,2638,-1554
106900013,572,196,376
106900014,45,0,45
106900015,9,0,9
106900016,395,18,377
106900017,16,2,14
106900018,10,0,10
106900019,93,3,90
106900020,3827,1740,2087
106900021,250,172,78
106900022,1085,4,1081
106900023,38,180,-142
106900024,646,80,566
106900025,54,1078,-1024
106900026,0,225,-225
106900027,1070,9,1061
107000001,3931,5646,-1715
107000002,2149,3456,-1307
107000003,8472,7381,1091
107000004,4407,2595,1812
107000005,7656,6730,926
107000006,3932,2036,1896
107000007,6579,10599,-4020
107000008,6680,4754,1926
107000009,10803,9835,968
107000010,7186,5870,1316
107000011,810,1004,-194
107000012,2990,1886,1104
107000013,125,71,54
107000014,80,180,-100
107000015,654,491,163
107000016,1017,448,569
107000017,2298,14325,-12027
107000018,44,9244,-9200
107000020,1734,10944,-9210
107000021,1332,628,704
107000022,934,5468,-4534
107000023,1860,250,1610
107000024,1238,2010,-772
107000025,212,352,-140
107000026,673,454,219
107000027,1802,1047,755
107000028,1803,713,1090
107000029,4153,3489,664
107000030,3050,1975,1075
107000031,5591,2867,2724
107000032,445,626,-181
107000033,2540,3642,-1102
107000034,10561,1200,9361
107000035,488,220,268
107000036,1426,1275,151
107000037,124,749,-625
107000038,222,204,18
107000039,1107,847,260
107000040,349,245,104
107000041,1602,834,768
107000042,651,2230,-1579
107000043,2227,1067,1160
107000044,352,852,-500
107000045,111,259,-148
107000046,840,546,294
107000047,538,686,-148
107000048,798,353,445
107000049,527,729,-202
107000050,1189,574,615
107000051,185,286,-101
107000052,1156,1083,73
107000053,507,295,212
107000054,42,179,-137
107000055,213,95,118
107000056,461,587,-126
107000057,1736,183,1553
107000058,2343,2664,-321
107000059,1884,2591,-707
107000060,6117,6053,64
107000061,5213,2727,2486
107000062,6967,3164,3803
107000063,4601,3195,1406
107000064,6099,3620,2479
107000065,3751,3300,451
107000066,2208,5045,-2837
107000067,1596,1902,-306
107000068,1219,1238,-19
107000069,1337,685,652
107000070,1440,69,1371
107000071,5165,119,5046
107000072,36,1630,-1594
107000073,1387,620,767
107000074,149,750,-601
107000075,2517,672,1845
107000076,591,993,-402
107000077,4876,1582,3294
107000078,1773,1986,-213
107000079,4039,1354,2685
107000080,901,2383,-1482
107000081,3272,726,2546
107000082,838,785,53
107000083,1926,685,1241
107000084,345,978,-633
107000085,3348,3014,334
107000086,2976,2805,171
107000087,3625,2291,1334
107000088,3343,2676,667
107000089,2051,2052,-1
107000090,1370,797,573
107000091,1985,957,1028
107000092,1208,715,493
107000093,1597,945,652
107000094,893,779,114
107000095,1267,712,555
107000096,533,609,-76
107000097,501,377,124
107000098,291,292,-1
107000099,413,402,11
107000100,238,328,-90
107000101,103,162,-59
107000102,194,344,-150
107000103,191,172,19
107000104,142,202,-60
107000105,476,177,299
107000106,183,166,17
107000107,576,141,435
107000108,163,352,-189
107000109,880,126,754
107000110,74,313,-239
107000111,495,44,451
107000112,40,181,-141
107000113,858,102,756
107000114,116,298,-182
107000115,808,190,618
107000116,157,429,-272
107000117,168,753,-585
107000118,132,108,24
107000119,1489,1530,-41
107000120,763,664,99
107000121,1175,688,487
107000122,1139,605,534
107000123,593,462,131
107000124,627,513,114
107000125,1339,507,832
107000126,1282,333,949
107000127,31,270,-239
107000129,164,129,35
107000130,301,373,-72
107000131,618,414,204
107000132,727,377,350
107000133,450,206,244
107000134,310,3,307
107000135,3,570,-567
107000136,706,7,699
107000137,19,643,-624
107000138,242,49,193
107000139,21,851,-830
107000140,1771,154,1617
107000141,165,853,-688
107000142,584,121,463
107000143,98,505,-407
107000144,632,551,81
107000145,151,347,-196
107000146,217,334,-117
107000147,4478,783,3695
107000150,573,3706,-3133
107000151,28,79,-51
107000152,611,2146,-1535
107000153,84,312,-228
107000154,59,364,-305
107000155,1127,14,1113
107000156,1602,19,1583
107000157,123,663,-540
107000158,862,22,840
107000159,49,341,-292
107000160,2001,249,1752
107000161,96,520,-424
107000162,340,854,-514
107000163,198,3,195
107000164,1118,2,1116
107000165,1660,12,1648
107000166,22,531,-509
107000167,835,168,667
107000168,1276,638,638
107000169,678,524,154
107000170,4047,850,3197
107000171,808,1001,-193
107000172,1486,1798,-312
107000173,645,503,142
107000174,1421,7120,-5699
107000175,4439,1102,3337
107000176,0,0,0
107000177,1,0,1
107000178,35,6,29
107000179,391,1187,-796
107000180,2037,239,1798
107000181,497,650,-153
107000182,2540,610,1930
107000183,230,528,-298
107000184,1639,512,1127
107000185,527,977,-450
107000186,1654,455,1199
107000187,1430,1506,-76
107000188,870,585,285
107000189,824,876,-52
107000190,921,793,128
107000191,973,817,156
107000192,2165,533,1632
107000193,543,528,15
107000194,678,507,171
107000197,1043,328,715
107000198,370,582,-212
107000199,1906,634,1272
107000200,600,639,-39
107000201,642,609,33
107000202,373,446,-73
107000203,1124,2339,-1215
107000204,1077,2069,-992
107000205,1777,1153,624
107000206,729,2385,-1656
107000207,672,2070,-1398
107000208,865,930,-65
107000209,1329,1683,-354
107000210,263,200,63
107000211,6,51,-45
107000212,36,297,-261
107000213,4,25,-21
107000214,19,134,-115
107000215,670,276,394
107000216,649,498,151
107000217,368,103,265
107000219,171,368,-197
107000220,282,130,152
107000222,299,363,-64
107000224,1779,108,1671
107000225,169,331,-162
107000226,1175,136,1039
107000227,83,184,-101
107000228,799,561,238
107000229,86,97,-11
107000230,1013,435,578
107000231,818,2063,-1245
107000232,127,26,101
107000233,431,1069,-638
107000234,2,75,-73
107000235,115,29,86
107000236,12,441,-429
107000237,13,0,13
107000238,39,1,38
107000239,3741,613,3128
107000240,69,743,-674
107000241,74,16,58
107000242,279,30,249
107000243,1,61,-60
107000244,10,57,-47
107000246,5,1345,-1340
107000249,7,1467,-1460
107000251,5,465,-460
107000252,1,506,-505
107000255,210,186,24
107000257,7,496,-489
107000258,3,150,-147
107000259,22,148,-126
107000260,2327,48,2279
107000262,22,215,-193
107000263,552,12,540
107000266,15,20,-5
107000267,50,77,-27
107000268,129,73,56
107000269,142,4,138
107000270,154,46,108
107000271,3,0,3
107000272,91,2,89
107000273,18,481,-463
107000274,1232,1442,-210
107000275,72,5193,-5121
107000280,1483,44,1439
107000281,56,317,-261
107000282,105,468,-363
107000290,32,120,-88
107000291,12,17,-5
107000292,2,1038,-1036
107000293,43,21,22
107000294,1,44,-43
107000295,70,9,61
107000296,1,12,-11
107000444,225,6,219
107000496,8,6,2
107000497,1633,1179,454
107000500,434,254,180
107000501,110,182,-72
107000502,173,220,-47
107000505,259,705,-446
107000506,0,0,0
107000508,6,258,-252
107000509,223,767,-544
107000510,50,44,6
107000514,48,545,-497
107000515,19,81,-62
107000516,596,383,213
107000518,1656,2224,-568
107000519,1380,666,714
107000520,98,59,39
107900001,141,101,40
107900002,83,9,74
107900003,583,17,566
107900004,224,1,223
107900005,2118,11,2107
107900006,315,4,311
107900007,439,46,393
107900008,46,6,40
107900009,189,15,174
107900010,69,5,64
107900012,368,78,290
107900013,217,24,193
107900014,131,29,102
107900015,1696,12,1684
107900016,480,152,328
107900017,78,3,75
107900018,104,250,-146
107900019,35,13,22
107900020,91,29,62
107900021,163,56,107
107900023,14,13,1
107900024,0,8,-8
107900025,361,198,163
107900026,74,16,58
107900027,38,75,-37
107900028,211,63,148
107900030,238,54,184
107900031,68,68,0
107900032,9,5,4
107900033,48,27,21
107900034,468,18,450
107900035,1509,75,1434
107900036,144,41,103
107900037,0,10,-10
107900038,97,354,-257
107900039,45,14,31
107900040,61,272,-211
107900041,9,1,8
107900043,79,88,-9
107900044,6,25,-19
107900045,182,85,97
107900046,202,233,-31
107900047,83,17,66
107900048,286,35,251
107900049,387,1175,-788
107900050,79,206,-127
107900051,102,37,65
107900052,14,52,-38
107900053,91,58,33
107900055,901,370,531
107900056,152,58,94
107900057,5,0,5
107900058,29,455,-426
107900060,25,69,-44
107900061,10,18,-8
107900063,112,143,-31
107900064,244,276,-32
107900065,412,23,389
107900066,50,2,48
107900067,1,1,0
107900068,115,1393,-1278
107900069,38,3097,-3059
107900070,232,146,86
107900071,20,392,-372
107900072,173,122,51
107900073,163,65,98
107900074,328,391,-63
107900076,162,72,90
107900077,110,2,108
107900078,173,79,94
107900079,15,29,-14
107900080,251,1081,-830
107900081,75,71,4
107900082,10,10,0
107900083,432,207,225
107900084,196,136,60
107900086,45,231,-186
107900087,284,178,106
107900088,84,27,57
107900089,235,1263,-1028
107900090,1656,3078,-1422
107900091,132,185,-53
107900092,1290,261,1029
107900093,53,47,6
107900095,1894,2191,-297
107900097,45,66,-21
107900098,63,170,-107
107900100,709,1800,-1091
107900101,504,102,402
107900102,42,8,34
107900103,41,221,-180
107900104,234,11,223
107900105,14,101,-87
107900106,5,412,-407
107900107,1622,511,1111
107900108,160,103,57
107900109,2101,67,2034
107900110,131,34,97
107900111,4,325,-321
107900112,64,387,-323
107900113,335,39,296
107900114,286,82,204
107900115,0,13,-13
107900116,239,54,185
107900117,304,200,104
107900118,38,109,-71
107900119,196,275,-79
107900120,45,39,6
107900121,5,150,-145
107900122,2,308,-306
107900123,8,133,-125
107900124,8,78,-70
107900125,19,198,-179
107900126,23,77,-54
107900127,532,410,122
107900128,78,74,4
107900129,91,12,79
107900130,122,9,113
107900131,264,650,-386
107900132,75,171,-96
107900133,0,53,-53
107900134,69,173,-104
107900135,14,87,-73
107900136,37,55,-18
107900137,150,154,-4
107900138,93,26,67
107900139,81,44,37
107900140,73,50,23
107900141,38,82,-44
107900142,36,412,-376
107900143,30,18,12
107900144,1,138,-137
107900145,10,92,-82
107900146,40,157,-117
107900147,50,45,5
107900148,147,94,53
107900149,502,153,349
107900150,38,254,-216
107900151,52,39,13
107900152,9,130,-121
107900153,97,415,-318
107900154,92,33,59
107900155,99,43,56
107900156,4,92,-88
107900157,48,45,3
107900158,1277,24,1253
107900159,19,332,-313
107900160,203,131,72
107900161,51,79,-28
107900162,1,119,-118
107900163,82,96,-14
107900164,22,37,-15
107900165,26,168,-142
107900166,28,84,-56
107900167,14,73,-59
107900168,65,22,43
107900169,0,180,-180
107900171,7,381,-374
107900172,19,171,-152
107900173,41,61,-20
107900174,201,6,195
107900175,66,55,11
107900176,67,16,51
107900177,2,356,-354
107900178,1,80,-79
107900179,33,49,-16
107900180,338,989,-651
107900181,300,304,-4
107900182,167,394,-227
107900183,88,119,-31
107900184,169,112,57
107900185,254,11,243
107900186,53,48,5
107900187,0,152,-152
107900188,383,187,196
107900189,37,63,-26
107900190,51,208,-157
107900191,95,81,14
107900193,1,51,-50
107900194,291,28,263
107900195,918,278,640
107900196,105,40,65
107900197,406,525,-119
107900199,2,387,-385
107900201,87,59,28
107900203,37,45,-8
107900204,115,262,-147
107900205,266,261,5
107900206,1005,599,406
107900207,2,260,-258
107900208,12,217,-205
107900209,212,124,88
107900210,53,75,-22
107900213,595,622,-27
107900214,35,59,-24
107900215,130,373,-243
107900216,144,55,89
107900217,79,78,1
107900218,23,3248,-3225
107900219,65,46,19
107900220,95,255,-160
107900221,140,173,-33
107900223,149,193,-44
107900224,79,500,-421
107900225,7,587,-580
107900226,68,57,11
107900227,133,223,-90
107900228,47,100,-53
107900229,0,90,-90
107900230,27,28,-1
107900231,45,112,-67
107900232,168,76,92
107900233,4,92,-88
107900234,119,129,-10
107900235,12,223,-211
107900236,260,51,209
107900237,21,280,-259
107900238,38,48,-10
107900239,333,948,-615
107900240,65,61,4
107900241,12,54,-42
107900242,45,90,-45
107900243,2,38,-36
107900244,394,3,391
107900245,897,48,849
107900246,320,25,295
107900248,529,161,368
107900249,1313,93,1220
107900250,1,291,-290
107900251,54,680,-626
107900252,1418,39,1379
107900253,350,8,342
107900254,59,333,-274
107900255,130,96,34
107900256,681,2384,-1703
107900257,372,160,212
107900258,129,120,9
107900259,64,3201,-3137
107900261,1,138,-137
107900262,43,56,-13
107900264,509,18,491
107900265,230,123,107
107900267,486,6,480
107900268,11,0,11
107900269,0,4,-4
107900270,2,3,-1
107900271,3,40,-37
107900272,36,50,-14
107900273,106,65,41
107900274,176,0,176
107900275,42,0,42
107900276,0,76,-76
107900277,0,127,-127
107900278,433,259,174
107900279,73,124,-51
107900280,2971,2164,807
107900281,515,4667,-4152
107900282,21,765,-744
107900283,779,868,-89
107900284,688,327,361
107900285,203,41,162
107900286,74,80,-6
107900287,378,197,181
107900290,2,243,-241
107900291,683,19,664
107900292,116,70,46
107900293,100,203,-103
107900295,73,22,51
107900297,0,287,-287
107900298,734,475,259
107900299,2202,3044,-842
107900300,118,330,-212
107900301,708,985,-277
107900302,132,64,68
107900303,348,165,183
107900304,546,167,379
107900305,579,15,564
107900306,4,54,-50
107900307,42,219,-177
107900308,221,243,-22
107900309,90,1,89
107900310,202,1,201
107900311,33,1345,-1312
107900312,104,0,104
107900313,0,232,-232
107900314,2,70,-68
107900315,2,180,-178
107900316,27,0,27
107900317,93,14,79
107900318,41,241,-200
107900319,15,98,-83
107900320,1,73,-72
107900321,237,3,234
107900322,1,36,-35
107900323,15,83,-68
107900324,144,2,142
107900325,162,0,162
107900326,434,142,292
107900327,8,81,-73
107900328,64,2,62
107900329,43,226,-183
107900330,10,167,-157
107900331,499,32,467
107900332,522,13,509
107900333,91,25,66
107900334,10,68,-58
107900335,73,22,51
107900336,37,95,-58
107900337,640,1325,-685
107900338,2,155,-153
107900339,2,11,-9
107900340,2,72,-70
107900341,109,0,109
107900342,100,96,4
107900343,38,2,36
107900344,13,117,-104
107900345,126,29,97
107900346,19,2,17
107900347,20,1,19
107900348,7,1,6
107900349,25,13,12
107900350,19,298,-279
108000001,3712,3925,-213
108000002,1879,1667,212
108000003,3615,3897,-282
108000004,10745,11126,-381
108000005,8148,6945,1203
108000006,5312,5442,-130
108000007,5674,5085,589
108000008,3867,4260,-393
108000009,5559,5895,-336
108000010,3729,3364,365
108000011,13878,12122,1756
108000012,10640,10657,-17
108000014,773,1582,-809
108000015,1007,206,801
108000016,398,918,-520
108000017,1279,306,973
108000018,2169,747,1422
108000019,1579,1270,309
108000020,1396,571,825
108000021,314,1829,-1515
108000022,375,1080,-705
108000023,1619,284,1335
108000024,360,332,28
108000025,408,194,214
108000026,922,228,694
108000027,864,310,554
108000028,851,176,675
108000029,654,287,367
108000030,594,207,387
108000031,219,431,-212
108000032,2473,652,1821
108000033,793,751,42
108000034,2232,518,1714
108000035,711,1472,-761
108000036,370,691,-321
108000037,2357,392,1965
108000038,3650,651,2999
108000039,479,1260,-781
108000040,2630,1080,1550
108000041,717,1557,-840
108000042,678,204,474
108000043,220,220,0
108000044,2314,157,2157
108000045,296,560,-264
108000046,2084,354,1730
108000047,533,643,-110
108000048,168,389,-221
108000049,1201,325,876
108000050,101,417,-316
108000051,466,260,206
108000052,178,504,-326
108000053,523,356,167
108000054,405,1127,-722
108000055,1266,853,413
108000056,754,1327,-573
108000057,797,1678,-881
108000058,2305,4588,-2283
108000059,2168,1528,640
108000060,270,535,-265
108000061,154,221,-67
108000062,1330,637,693
108000063,608,353,255
108000064,326,250,76
108000065,652,391,261
108000066,1568,735,833
108000067,2327,852,1475
108000068,960,450,510
108000069,255,677,-422
108000070,2575,791,1784
108000071,709,1138,-429
108000072,2372,1156,1216
108000073,1202,1166,36
108000074,787,433,354
108000075,334,529,-195
108000076,1003,581,422
108000077,628,427,201
108000078,3200,1113,2087
108000079,779,907,-128
108000080,1961,600,1361
108000081,645,777,-132
108000082,790,1249,-459
108000083,2264,1030,1234
108000084,457,757,-300
108000085,1193,580,613
108000086,655,423,232
108000087,191,2697,-2506
108000088,326,14,312
108000089,403,361,42
108000090,592,200,392
108000091,400,316,84
108000092,264,79,185
108000093,233,301,-68
108000094,744,90,654
108000095,233,197,36
108000096,484,197,287
108000097,131,183,-52
108000098,2373,1120,1253
108000099,432,129,303
108000100,108,254,-146
108000101,1882,1604,278
108000102,1791,3825,-2034
108000106,868,0,868
108000107,9,879,-870
108000108,804,91,713
108000109,8,704,-696
108000110,361,357,4
108000111,212,427,-215
108000112,56,173,-117
108000113,367,214,153
108000115,290,417,-127
108000117,636,502,134
108000118,69,355,-286
108000119,459,273,186
108000120,173,848,-675
108000121,228,292,-64
108000122,788,310,478
108000123,929,157,772
108000124,452,497,-45
108000125,638,217,421
108000126,217,289,-72
108000127,698,187,511
108000128,817,301,516
108000129,405,420,-15
108000130,607,168,439
108000131,1036,490,546
108000132,1250,962,288
108000133,1274,538,736
108000134,549,328,221
108000135,1505,580,925
108000136,331,499,-168
108000137,688,180,508
108000138,713,521,192
108000139,677,288,389
108000140,206,12,194
108000141,62,28,34
108000142,74,24,50
108000143,61,15,46
108000144,83,5,78
108000145,76,7,69
108000146,164,18,146
108000147,49,17,32
108000148,133,21,112
108000149,24,8,16
108000150,68,11,57
108000151,22,18,4
108000152,101,225,-124
108000153,866,136,730
108000154,45,4,41
108000155,52,22,30
108000156,336,138,198
108000157,172,1568,-1396
108000158,71,1015,-944
108000159,242,210,32
108000160,1539,1170,369
108000161,1707,4179,-2472
108000165,14,340,-326
108000172,2,359,-357
108000173,775,2248,-1473
108000175,492,154,338
108000178,315,348,-33
108000179,119,1034,-915
108000181,57,27,30
108000182,115,15,100
108000183,20,21,-1
108000184,640,3096,-2456
108000185,311,238,73
108000186,239,60,179
108000187,180,285,-105
108000188,1060,187,873
108000189,375,1647,-1272
108000190,36,72,-36
108000192,283,303,-20
108000193,579,42,537
108000194,30,17,13
108000195,1,642,-641
108000196,363,97,266
108000198,652,86,566
108000199,1,344,-343
108000200,751,204,547
108000202,3,530,-527
108000203,125,236,-111
108000204,238,87,151
108000205,183,273,-90
108000339,973,474,499
108000364,57,303,-246
108000365,63,328,-265
108000367,248,289,-41
108000368,13,42,-29
108000369,408,198,210
108000371,0,539,-539
108000372,782,4,778
108000373,315,173,142
108000376,108,56,52
108000377,751,149,602
108000378,10108,12022,-1914
108000379,39,159,-120
108000381,102,14,88
108000382,80,0,80
108000383,0,218,-218
108900001,85,466,-381
108900002,235,88,147
108900003,226,451,-225
108900004,156,534,-378
108900005,82,552,-470
108900006,1012,192,820
108900007,479,193,286
108900008,250,145,105
108900009,149,142,7
108900010,396,132,264
108900011,985,374,611
108900012,588,345,243
108900013,220,210,10
108900014,22,113,-91
108900015,4,351,-347
108900016,3,226,-223
108900017,273,532,-259
108900018,263,267,-4
108900019,77,387,-310
108900020,58,105,-47
108900021,217,169,48
108900022,63,220,-157
108900023,515,75,440
108900024,62,30,32
108900025,220,75,145
108900026,21,67,-46
108900028,176,138,38
108900029,98,156,-58
108900031,155,160,-5
108900032,8,135,-127
108900034,0,93,-93
108900035,319,612,-293
108900036,148,218,-70
108900037,58,185,-127
108900039,0,197,-197
108900040,13,39,-26
108900041,3643,4055,-412
108900042,6,501,-495
108900043,41,336,-295
108900045,147,259,-112
108900046,2,70,-68
108900047,0,110,-110
108900048,90,427,-337
108900049,1235,2031,-796
108900050,2,103,-101
108900051,0,124,-124
108900052,35,104,-69
108900053,54,312,-258
108900054,75,150,-75
108900055,37,561,-524
108900056,6,80,-74
108900057,4,104,-100
108900058,34,176,-142
108900059,761,87,674
108900060,133,185,-52
108900061,84,47,37
108900062,5,164,-159
108900063,10,143,-133
108900064,384,36,348
108900065,14,124,-110
108900066,623,157,466
108900067,32,148,-116
108900068,0,45,-45
108900069,103,36,67
108900070,44,66,-22
108900071,124,64,60
108900072,1706,527,1179
108900073,4,30,-26
108900074,320,81,239
108900075,31,43,-12
108900076,622,66,556
108900077,71,93,-22
108900078,64,73,-9
108900079,454,136,318
108900080,34,1147,-1113
108900081,61,217,-156
108900082,158,49,109
108900083,18,337,-319
108900084,288,160,128
108900085,1151,163,988
108900086,212,98,114
108900087,88,126,-38
108900088,972,450,522
108900089,35,290,-255
108900090,129,109,20
108900091,84,69,15
108900092,651,323,328
108900093,147,146,1
108900094,329,92,237
108900095,18,161,-143
108900096,222,21,201
108900097,300,118,182
108900098,1250,1265,-15
108900099,619,114,505
108900100,93,74,19
108900101,229,227,2
108900102,57,1432,-1375
108900103,78,165,-87
108900104,105,336,-231
108900105,4,1882,-1878
108900106,654,171,483
108900108,414,45,369
108900109,59,41,18
108900110,308,186,122
108900111,681,273,408
108900112,402,33,369
108900113,44,92,-48
108900114,2,6,-4
108900115,197,97,100
108900116,89,28,61
108900117,258,40,218
108900119,474,34,440
108900120,208,239,-31
108900121,425,181,244
108900122,191,16,175
108900123,196,186,10
108900124,733,256,477
108900126,238,83,155
108900127,313,40,273
108900128,242,52,190
108900129,1171,238,933
108900131,564,7,557
108900132,597,55,542
108900133,435,49,386
108900134,751,171,580
108900135,267,17,250
108900137,252,1,251
108900138,1065,65,1000
108900139,789,76,713
108900140,550,131,419
108900141,640,13,627
108900142,148,3,145
108900143,0,0,0
108900144,168,2,166
108900145,337,17,320
108900146,159,5,154
108900147,387,1,386
108900148,69,21,48
108900149,480,219,261
108900150,372,6,366
108900151,91,19,72
108900152,199,289,-90
108900153,231,151,80
108900154,5799,484,5315
108900155,341,52,289
108900156,106,0,106
108900157,17,326,-309
108900158,602,36,566
108900159,7,108,-101
108900160,29,139,-110
108900161,5,188,-183
108900162,173,0,173
108900163,14,392,-378
108900164,50,52,-2
108900165,90,44,46
108900167,968,10051,-9083
108900168,4451,3054,1397
108900169,64,79,-15
108900171,3542,4091,-549
108900172,209,35,174
108900173,153,300,-147
108900174,1259,461,798
108900176,102,199,-97
108900177,5887,7942,-2055
108900178,3046,4318,-1272
108900179,405,2340,-1935
108900180,189,403,-214
108900182,44,462,-418
108900183,284,198,86
108900184,591,256,335
108900185,128,391,-263
108900186,101,350,-249
108900187,554,45,509
108900188,1059,76,983
108900189,537,111,426
108900190,79,1465,-1386
108900191,236,68,168
108900192,99,161,-62
108900193,270,83,187
108900194,24,345,-321
108900195,148,147,1
108900196,62,220,-158
108900198,21,233,-212
108900199,269,269,0
108900200,847,435,412
108900201,557,1102,-545
108900203,556,130,426
108900204,434,17,417
108900205,243,32,211
108900206,564,76,488
108900207,246,162,84
108900208,29,299,-270
108900209,199,415,-216
108900210,234,204,30
108900211,183,614,-431
108900212,345,1959,-1614
108900215,78,256,-178
108900216,337,434,-97
108900217,87,0,87
108900218,102,14,88
108900219,89,12,77
108900220,75,21,54
108900221,63,172,-109
108900222,454,25,429
108900223,9,100,-91
108900224,51,171,-120
108900225,1,184,-183
108900226,704,38,666
108900227,172,522,-350
108900230,139,265,-126
108900231,18,210,-192
108900232,3,268,-265
108900233,553,116,437
108900234,406,153,253
108900235,160,465,-305
108900236,47,266,-219
108900237,63,177,-114
108900240,246,118,128
108900241,76,93,-17
108900245,12,2130,-2118
108900249,202,58,144
108900250,354,114,240
108900257,391,251,140
108900258,8,130,-122
108900259,22,37,-15
108900260,23,35,-12
108900261,61,53,8
108900262,138,88,50
108900263,29,128,-99
108900264,273,252,21
108900265,845,599,246
108900266,332,1054,-722
108900267,11,237,-226
108900268,9,18,-9
108900269,98,16,82
108900270,117,8,109
108900271,92,25,67
108900272,292,22,270
108900273,410,1002,-592
108900274,78,41,37
108900275,50,23,27
108900276,2,90,-88
109000001,2945,2391,554
109000002,1048,2569,-1521
109000003,3298,393,2905
109000004,517,1809,-1292
109000005,2901,555,2346
109000006,863,1746,-883
109000007,2264,580,1684
109000008,769,1525,-756
109000009,3695,1314,2381
109000010,958,2883,-1925
109000011,4462,2432,2030
109000012,2126,2619,-493
109000013,4771,3994,777
109000014,2016,2176,-160
109000015,4064,9980,-5916
109000016,5022,2359,2663
109000017,3631,1265,2366
109000018,1387,1973,-586
109000019,2927,1231,1696
109000020,948,1544,-596
109000023,295,22,273
109000024,15,193,-178
109000025,384,651,-267
109000026,470,396,74
109000027,152,378,-226
109000028,137,106,31
109000029,143,296,-153
109000030,42,429,-387
109000031,316,160,156
109000032,112,356,-244
109000033,376,193,183
109000034,60,52,8
109000035,8,59,-51
109000036,106,331,-225
109000037,367,2510,-2143
109000038,392,284,108
109000039,1299,1184,115
109000040,3381,14436,-11055
109000041,1754,2343,-589
109000042,458,1426,-968
109000044,495,91,404
109000045,115,322,-207
109000046,501,83,418
109000047,68,385,-317
109000048,813,272,541
109000049,203,523,-320
109000050,504,238,266
109000051,203,136,67
109000052,657,437,220
109000053,382,96,286
109000054,210,277,-67
109000055,305,325,-20
109000056,411,261,150
109000057,1129,623,506
109000058,595,254,341
109000059,393,1591,-1198
109000060,249,390,-141
109000061,479,1810,-1331
109000062,133,481,-348
109000063,302,110,192
109000064,417,210,207
109000065,258,130,128
109000066,469,57,412
109000067,98,218,-120
109000068,956,9,947
109000069,768,23,745
109000070,43,2012,-1969
109000071,462,70,392
109000072,96,273,-177
109000073,76,59,17
109000074,41,139,-98
109000075,77,309,-232
109000076,96,290,-194
109000077,287,208,79
109000078,93,192,-99
109000079,140,78,62
109000080,262,74,188
109000081,184,244,-60
109000082,834,133,701
109000083,353,349,4
109000088,166,377,-211
109000089,417,116,301
109000090,173,343,-170
109000091,512,266,246
109000092,371,356,15
109000093,441,246,195
109000094,947,6,941
109000095,93,267,-174
109000096,991,214,777
109000097,110,114,-4
109000098,81,146,-65
109000099,973,301,672
109000100,305,685,-380
109000101,2321,561,1760
109000102,510,658,-148
109000103,700,465,235
109000104,2641,478,2163
109000105,484,788,-304
109000106,2600,793,1807
109000107,696,1254,-558
109000108,2547,661,1886
109000109,594,1075,-481
109000110,1520,555,965
109000111,782,1424,-642
109000112,366,137,229
109000113,309,159,150
109000114,212,210,2
109000115,1026,26,1000
109000116,7,262,-255
109000117,257,30,227
109000118,12,311,-299
109000119,2013,108,1905
109000120,339,466,-127
109000121,823,23,800
109000122,182,402,-220
109000123,32,42,-10
109000124,958,262,696
109000125,1095,218,877
109000126,527,382,145
109000127,1435,178,1257
109000128,695,656,39
109000129,3511,963,2548
109000130,454,758,-304
109000131,1093,782,311
109000132,620,1265,-645
109000133,343,580,-237
109000134,775,952,-177
109000135,794,1822,-1028
109000136,275,218,57
109000137,456,353,103
109000138,569,206,363
109000139,748,359,389
109000140,196,155,41
109000141,720,327,393
109000142,181,482,-301
109000143,122,85,37
109000145,124,277,-153
109000146,22,67,-45
109000148,1791,2664,-873
109000149,21,144,-123
109000150,61,372,-311
109000155,1012,817,195
109000156,945,398,547
109000158,129,285,-156
109000159,136,434,-298
109000160,1593,200,1393
109000161,458,670,-212
109000162,2547,515,2032
109000163,1502,1194,308
109000164,1739,1808,-69
109000165,1607,423,1184
109000166,942,80,862
109000167,148,336,-188
109000170,39,24,15
109000171,105,45,60
109000172,37,38,-1
109000173,18,102,-84
109000174,162,36,126
109000175,58,65,-7
109000176,348,114,234
109000177,26,75,-49
109000178,548,61,487
109000179,2748,6475,-3727
109000180,4019,4065,-46
109000181,44,23,21
109000182,71,23,48
109000183,51,10,41
109000184,52,10,42
109000185,31,22,9
109000188,661,1072,-411
109000189,3521,551,2970
109000190,724,426,298
109000191,358,311,47
109000192,665,123,542
109000193,255,110,145
109000194,409,51,358
109000195,177,168,9
109000196,371,92,279
109000197,253,204,49
109000198,441,56,385
109000199,156,349,-193
109000206,230,25,205
109000207,184,38,146
109000208,135,117,18
109000209,145,83,62
109000210,175,420,-245
109000211,356,202,154
109000214,551,189,362
109000215,193,76,117
109000216,333,389,-56
109000217,308,226,82
109000218,442,277,165
109000221,359,717,-358
109000222,1023,234,789
109000223,527,409,118
109000224,26,55,-29
109000225,130,26,104
109000226,63,144,-81
109000227,1590,562,1028
109000228,11,3203,-3192
109000231,1,141,-140
109000232,613,213,400
109000236,413,493,-80
109000241,2280,1308,972
109000242,1595,808,787
109000293,24,89,-65
109000361,109,150,-41
109000364,145,380,-235
109000396,3,307,-304
109000397,938,11,927
109000399,170,265,-95
109000400,83,157,-74
109000403,84,1413,-1329
109000406,418,25,393
109000407,275,157,118
109000408,2,354,-352
109000410,1100,193,907
109000411,164,10,154
109900001,152,1,151
109900002,1209,40,1169
109900003,442,3,439
109900004,602,94,508
109900005,31,0,31
109900006,631,185,446
109900007,1426,249,1177
109900008,0,25,-25
109900009,138,305,-167
109900010,739,40,699
109900011,68,53,15
109900012,377,226,151
109900013,486,177,309
109900014,453,66,387
109900015,390,229,161
109900016,194,16,178
109900017,244,277,-33
109900018,260,32,228
109900019,273,44,229
109900020,48,44,4
109900021,29,16,13
109900022,71,228,-157
109900023,20,4,16
109900024,22,2,20
109900025,7,40,-33
109900026,6,155,-149
109900027,41,20,21
109900028,502,1633,-1131
109900029,7,213,-206
109900030,79,12,67
109900031,2,397,-395
109900032,12,220,-208
109900033,3,389,-386
109900034,55,12,43
109900035,33,39,-6
109900036,19,30,-11
109900037,27,324,-297
109900038,191,280,-89
109900039,10,1,9
109900040,45,286,-241
109900041,69,226,-157
109900042,59,3465,-3406
109900044,147,165,-18
109900045,166,208,-42
109900046,37,52,-15
109900047,323,264,59
109900048,7,61,-54
109900049,23,33,-10
109900050,1,83,-82
109900051,4,27,-23
109900052,67,185,-118
109900053,1,128,-127
109900054,1124,252,872
109900055,94,203,-109
109900056,24,365,-341
109900057,7,77,-70
109900058,1,66,-65
109900059,1360,137,1223
109900060,803,76,727
109900061,63,172,-109
109900062,0,109,-109
109900063,12,397,-385
109900064,719,162,557
109900065,36,106,-70
109900066,274,419,-145
109900067,0,104,-104
109900068,118,15,103
109900069,3,27,-24
109900070,43,187,-144
109900071,4,18,-14
109900072,13,93,-80
109900073,654,188,466
109900074,19,18,1
109900075,65,37,28
109900076,6,72,-66
109900077,33,44,-11
109900078,76,144,-68
109900080,110,159,-49
109900081,56,268,-212
109900082,93,192,-99
109900083,26,59,-33
109900084,72,87,-15
109900085,209,364,-155
109900086,123,714,-591
109900087,191,429,-238
109900089,899,190,709
109900090,431,858,-427
109900091,557,73,484
109900092,682,98,584
109900093,1418,176,1242
109900094,95,110,-15
109900095,167,193,-26
109900096,70,23,47
109900097,127,8,119
109900098,790,34,756
109900099,319,5,314
109900100,78,3,75
109900101,968,18,950
109900102,508,33,475
109900103,61,53,8
109900104,1006,282,724
109900105,739,44,695
109900106,462,59,403
109900107,1184,96,1088
109900108,342,381,-39
109900109,75,459,-384
109900110,80,164,-84
109900111,213,539,-326
109900112,196,273,-77
109900113,1165,740,425
109900114,1254,1803,-549
109900115,191,87,104
109900117,1529,120,1409
109900118,148,306,-158
109900119,354,260,94
109900120,108,30,78
109900121,323,478,-155
109900122,684,6,678
109900123,15,87,-72
109900124,69,259,-190
109900125,3,232,-229
109900126,481,36,445
109900128,618,37,581
109900130,3789,3393,396
109900131,30,101,-71
109900132,18,100,-82
109900133,120,180,-60
109900134,107,106,1
109900135,204,28,176
109900136,91,112,-21
109900137,188,170,18
109900138,501,181,320
109900140,213,72,141
109900141,784,206,578
109900142,1937,296,1641
109900145,9,585,-576
109900146,403,70,333
109900148,51,74,-23
109900149,78,55,23
109900150,18,53,-35
109900151,18,34,-16
109900152,1,33,-32
109900153,0,42,-42
109900154,36,1,35
109900155,79,13,66
109900157,71,115,-44
109900158,54,106,-52
109900159,219,35,184
109900160,189,70,119
109900161,299,92,207
109900162,287,136,151
109900163,398,286,112
109900164,65,226,-161
109900165,348,5,343
109900166,1,104,-103
109900167,196,269,-73
109900168,292,367,-75
109900169,294,116,178
109900170,186,1582,-1396
109900171,297,60,237
109900172,281,275,6
109900173,1290,2929,-1639
109900174,66,104,-38
109900175,107,55,52
109900176,148,85,63
109900177,49,97,-48
109900178,11,429,-418
109900179,37,26,11
109900180,1,27,-26
110000001,734,463,271
110000002,596,770,-174
110000003,835,688,147
110000004,479,757,-278
110000005,357,2015,-1658
110000006,187,399,-212
110000007,169,106,63
110000008,17,103,-86
110000009,45,26,19
110000010,28,66,-38
110000011,74,70,4
110000012,731,267,464
110000013,50,714,-664
110000014,499,358,141
110000015,296,587,-291
110000016,220,1935,-1715
110000017,3766,319,3447
110000018,2787,322,2465
110000019,10,97,-87
110000020,700,191,509
110000021,334,648,-314
110000022,1185,220,965
110000023,10,111,-101
110000024,553,679,-126
110000025,653,8,645
110000026,21,208,-187
110000027,1053,1613,-560
110000028,997,550,447
110000029,544,535,9
110000030,346,368,-22
110000031,304,298,6
110000032,942,286,656
110000033,327,297,30
110000034,759,658,101
110000035,913,512,401
110000036,1300,697,603
110000037,306,759,-453
110000038,333,784,-451
110000039,884,4624,-3740
110000040,305,259,46
110000041,375,2228,-1853
110000042,70,896,-826
110000043,924,389,535
110000044,68,2359,-2291
110000045,414,374,40
110000046,4,66,-62
110000047,52,283,-231
110000048,9,106,-97
110000049,120,35,85
110000050,7,68,-61
110000051,16,19,-3
110000052,41,19,22
110000053,27,11,16
110000054,101,1023,-922
110000055,307,188,119
110000056,106,166,-60
110000057,340,533,-193
110000058,1201,503,698
110000059,1095,492,603
110000060,1350,1195,155
110000061,761,637,124
110000062,699,837,-138
110000063,45,244,-199
110000064,41,47,-6
110000065,159,115,44
110000066,126,23,103
110000067,91,115,-24
110000068,337,64,273
110000069,563,54,509
110000071,417,44,373
110000073,31,15,16
110000075,14,48,-34
110000076,313,456,-143
110000077,346,1133,-787
110000078,74,18,56
110000080,221,462,-241
110000081,40,215,-175
110000082,26,389,-363
110000083,279,474,-195
110000084,1370,1141,229
110000085,816,1125,-309
110000086,1069,2681,-1612
110000087,13,52,-39
110000088,178,225,-47
110000089,333,44,289
110000090,92,166,-74
110000091,649,175,474
110000092,41,50,-9
110000093,43,14,29
110000094,496,179,317
110000095,187,640,-453
110000096,1366,1937,-571
110000097,1157,1843,-686
110000098,1972,620,1352
110000099,643,1312,-669
110000100,1431,225,1206
110000101,33,123,-90
110000102,89,36,53
110000104,437,125,312
110000105,77,216,-139
110000106,632,562,70
110000107,216,215,1
110000108,113,144,-31
110000109,201,283,-82
110000110,1654,4646,-2992
110000111,3232,3238,-6
110000112,401,1299,-898
110000113,150,2635,-2485
110000114,335,1076,-741
110000115,447,394,53
110000116,58,51,7
110000117,300,178,122
110000118,642,130,512
110000119,395,279,116
110000120,405,157,248
110000121,68,406,-338
110000122,387,418,-31
110000123,656,768,-112
110000124,4,681,-677
110000125,1234,13,1221
110000126,295,30,265
110000127,1337,74,1263
110000128,54,928,-874
110000129,6,366,-360
110000130,304,255,49
110000131,130,228,-98
110000132,0,482,-482
110000133,30,325,-295
110000134,21,309,-288
110000135,168,42,126
110000136,79,256,-177
110000137,654,424,230
110000138,1015,455,560
110000139,1190,518,672
110000140,857,846,11
110000143,478,353,125
110000144,3806,2495,1311
110000145,1927,1897,30
110000146,2387,1200,1187
110000147,486,789,-303
110000148,785,209,576
110000151,820,1277,-457
110000152,652,464,188
110000153,302,25,277
110000154,45,32,13
110000155,1176,3748,-2572
110000156,1063,2608,-1545
110000157,2192,3023,-831
110000160,382,328,54
110000161,186,147,39
110000166,870,73,797
110000167,1184,625,559
110000168,1233,570,663
110000169,1049,385,664
110000170,177,55,122
110000171,690,88,602
110000172,166,423,-257
110000173,649,711,-62
110000174,130,486,-356
110000175,1120,56,1064
110000176,83,495,-412
110000177,264,1126,-862
110000178,417,2045,-1628
110000179,1196,278,918
110000180,282,313,-31
110000181,785,348,437
110000182,273,160,113
110000183,7596,8575,-979
110000184,333,2956,-2623
110000185,750,1015,-265
110000186,710,709,1
110000191,1635,176,1459
110000192,863,26,837
110000193,1675,14,1661
110000194,12,377,-365
110000195,603,117,486
110000196,569,117,452
110000197,134,85,49
110000198,81,34,47
110000199,87,119,-32
110000200,844,360,484
110000201,1171,1276,-105
110000202,1523,559,964
110000203,427,376,51
110000204,5,143,-138
110000205,192,56,136
110000206,518,712,-194
110000207,1648,433,1215
110000208,269,310,-41
110000209,104,2053,-1949
110000210,1768,393,1375
110000211,1001,1607,-606
110000212,522,1224,-702
110000213,386,21,365
110000214,416,68,348
110000215,192,187,5
110000216,150,126,24
110000217,555,79,476
110000218,232,158,74
110000219,584,44,540
110000220,92,129,-37
110000221,543,33,510
110000222,47,110,-63
110000223,5,123,-118
110000224,18,12,6
110000225,255,750,-495
110000226,265,65,200
110000227,834,1192,-358
110000228,275,76,199
110000229,0,139,-139
110000230,499,1150,-651
110000231,127,215,-88
110000232,226,235,-9
110000233,207,306,-99
110000234,627,2488,-1861
110000235,1324,1175,149
110000236,786,591,195
110000237,2254,2545,-291
110000238,1229,1156,73
110000239,2118,958,1160
110000240,0,36,-36
110000242,0,25,-25
110000243,192,63,129
110000244,146,980,-834
110000245,23,431,-408
110000246,1107,396,711
110000247,1095,2604,-1509
110000248,1535,1114,421
110000249,104,10,94
110000250,63,156,-93
110000251,473,295,178
110000252,535,162,373
110000253,1907,492,1415
110000254,679,559,120
110000255,218,506,-288
110000256,559,328,231
110000257,565,289,276
110000258,6,288,-282
110000259,217,14,203
110000260,46,135,-89
110000263,563,51,512
110000264,526,327,199
110000265,1222,1892,-670
110000266,1385,2672,-1287
110000267,27,150,-123
110000268,382,435,-53
110000269,8,60,-52
110000270,137,10,127
110000271,1119,217,902
110000272,1142,1030,112
110000273,1749,1530,219
110000274,276,2366,-2090
110000275,1439,663,776
110000276,320,515,-195
110000277,417,263,154
110000278,418,409,9
110000279,914,623,291
110000280,806,458,348
110000281,83,292,-209
110000282,169,14,155
110000283,21,93,-72
110000284,17,25,-8
110000285,2,709,-707
110000286,11,0,11
110000287,169,4,165
110000288,18,75,-57
110000289,564,2837,-2273
110000290,590,675,-85
110000291,2779,943,1836
110000292,1181,6166,-4985
110000293,794,517,277
110000294,1522,1289,233
110000295,231,630,-399
110000296,689,304,385
110000297,2668,308,2360
110000298,107,314,-207
110000299,102,85,17
110000301,397,42,355
110000302,340,601,-261
110000303,600,22,578
110000304,173,143,30
110000305,1890,50,1840
110000306,308,729,-421
110000307,2438,12,2426
110000308,775,45,730
110000309,6,483,-477
110000310,879,41,838
110000311,10,477,-467
110000312,551,109,442
110000313,2221,1740,481
110000314,0,118,-118
110000315,2250,2477,-227
110000316,479,1193,-714
110000317,231,2320,-2089
110000318,7,37,-30
110000319,32,19,13
110000320,39,63,-24
110000321,11,64,-53
110000322,352,364,-12
110000323,797,222,575
110000324,2139,1734,405
110000325,2460,4687,-2227
110000327,485,329,156
110000328,149,464,-315
110000333,1391,1119,272
110000334,885,1104,-219
110000335,1035,625,410
110000336,678,705,-27
110000337,2099,752,1347
110000338,719,214,505
110000339,495,168,327
110000340,165,118,47
110000341,594,346,248
110000342,199,3,196
110000343,1,24,-23
110000344,213,163,50
110000345,300,346,-46
110000346,2145,1992,153
110000347,1466,770,696
110000348,17,27,-10
110000349,10,18,-8
110000350,78,10,68
110000351,1594,616,978
110000352,837,1560,-723
110000353,3812,454,3358
110000354,963,3522,-2559
110000355,190,69,121
110000356,1676,16,1660
110000357,710,13,697
110000361,96,17,79
110000362,114,26,88
110000363,774,77,697
110000364,313,497,-184
110000365,161,0,161
110000366,0,127,-127
110000367,598,221,377
110000368,0,59,-59
110000369,65,3,62
110000373,6,250,-244
110000374,256,24,232
110000375,101,758,-657
110000376,40,171,-131
110000377,101,473,-372
110000378,29,485,-456
110000379,2635,2212,423
110000380,57,13,44
110000383,2,1094,-1092
110000384,809,783,26
110000385,1,211,-210
110000387,131,6,125
110000388,56,126,-70
110000389,925,8,917
110000391,1174,125,1049
110000396,279,47,232
110000397,188,68,120
110000398,4,25,-21
110000399,133,1,132
110000587,166,102,64
110000589,197,119,78
110000640,188,31,157
110000652,15,439,-424
110000653,352,283,69
110000654,35,1544,-1509
110000656,1,264,-263
110000674,52,41,11
110000675,18,48,-30
110000676,2,39,-37
110000679,75,1174,-1099
110000682,119,201,-82
110000683,222,359,-137
110000684,1,50,-49
110000685,3,10,-7
110000686,4,48,-44
110000687,28,7,21
110000688,61,1574,-1513
110000689,34,16,18
110000692,43,290,-247
110000693,79,548,-469
110000694,0,138,-138
110000695,278,747,-469
110000696,49,42,7
110900001,340,26,314
110900002,324,319,5
110900003,1152,244,908
110900004,633,81,552
110900005,1394,3618,-2224
110900006,70,37,33
110900007,218,58,160
110900008,17,28,-11
110900009,483,275,208
110900010,33,33,0
110900011,47,67,-20
110900012,31,47,-16
110900013,1253,129,1124
110900014,268,17,251
110900015,359,875,-516
110900016,63,74,-11
110900017,755,46,709
110900018,390,53,337
110900019,278,21,257
110900020,197,120,77
110900021,94,225,-131
110900022,72,148,-76
110900023,153,803,-650
110900024,21,161,-140
110900025,9,29,-20
110900027,36,197,-161
110900028,40,119,-79
110900029,17,127,-110
110900030,46,131,-85
110900031,2,102,-100
110900032,1,33,-32
110900033,39,165,-126
110900035,8,420,-412
110900036,101,13,88
110900037,102,23,79
110900038,877,168,709
110900039,4,235,-231
110900040,281,34,247
110900041,44,91,-47
110900042,200,42,158
110900043,5,49,-44
110900044,259,23,236
110900045,40,214,-174
110900046,25,117,-92
110900047,344,501,-157
110900049,148,149,-1
110900050,81,3,78
110900051,37,120,-83
110900052,4,80,-76
110900053,164,16,148
110900054,39,114,-75
110900055,25,7,18
110900056,50,127,-77
110900057,3,56,-53
110900058,422,166,256
110900059,395,194,201
110900060,572,160,412
110900061,9,98,-89
110900062,234,128,106
110900063,55,97,-42
110900064,17,0,17
110900065,115,100,15
110900066,6,77,-71
110900067,269,627,-358
110900068,159,150,9
110900069,8,16,-8
110900070,151,34,117
110900071,150,930,-780
110900073,0,37,-37
110900074,563,85,478
110900075,538,66,472
110900077,1276,446,830
110900078,86,17,69
110900079,1237,1498,-261
110900080,185,65,120
110900081,17,42,-25
110900082,177,56,121
110900083,179,51,128
110900084,81,41,40
110900085,165,186,-21
110900086,88,392,-304
110900087,541,80,461
110900088,9,0,9
110900090,83,77,6
110900091,0,32,-32
110900093,239,101,138
110900095,92,38,54
110900097,22,6,16
110900098,38,66,-28
110900099,109,394,-285
110900100,0,19,-19
110900102,75,7,68
110900105,3030,217,2813
110900108,20,33,-13
110900111,611,154,457
110900112,951,12,939
110900113,366,69,297
110900115,3,59,-56
110900116,1283,794,489
110900118,66,4212,-4146
110900119,1382,202,1180
110900120,38,38,0
110900121,217,3,214
110900122,584,230,354
110900125,452,549,-97
110900127,539,1678,-1139
110900128,272,344,-72
110900129,277,994,-717
110900130,452,467,-15
110900131,330,41,289
110900132,543,111,432
110900133,65,111,-46
110900135,48,184,-136
110900136,474,18,456
110900137,45,3,42
110900138,627,2162,-1535
110900139,6,662,-656
110900140,30,7,23
110900141,7,421,-414
110900142,73,96,-23
110900143,243,69,174
110900144,1,336,-335
110900145,234,102,132
110900146,175,348,-173
110900147,61,694,-633
110900148,7,144,-137
110900149,9,39,-30
110900150,28,42,-14
110900151,1,98,-97
110900152,28,104,-76
110900153,147,137,10
111000001,510,300,210
111000002,278,332,-54
111000003,1685,839,846
111000004,438,635,-197
111000005,1536,1586,-50
111000006,859,1673,-814
111000007,5333,3741,1592
111000008,1742,3168,-1426
111000009,365,705,-340
111000010,1189,370,819
111000011,275,903,-628
111000012,321,538,-217
111000013,485,935,-450
111000014,1675,618,1057
111000017,126,1016,-890
111000018,217,343,-126
111000020,868,1473,-605
111000021,57,103,-46
111000023,118,78,40
111000025,6017,4433,1584
111000029,54,151,-97
111000030,53,109,-56
111000031,2322,1085,1237
111000032,795,344,451
111000033,369,248,121
111000034,84,248,-164
111000037,1046,545,501
111000038,2950,1930,1020
111000039,2025,1882,143
111000040,1819,1523,296
111000041,747,958,-211
111000042,1995,1865,130
111000043,2274,4559,-2285
111000044,2076,1132,944
111000045,3529,2898,631
111000046,2463,2030,433
111000047,3478,5589,-2111
111000049,537,434,103
111000050,966,821,145
111000051,616,718,-102
111000052,588,1165,-577
111000053,368,651,-283
111000054,352,553,-201
111000055,1164,1495,-331
111000056,209,409,-200
111000057,128,300,-172
111000058,518,54,464
111000059,800,290,510
111000060,4916,886,4030
111000061,949,328,621
111000062,1181,420,761
111000063,2169,1109,1060
111000064,996,666,330
111000065,1647,1039,608
111000066,746,470,276
111000067,773,420,353
111000068,687,694,-7
111000069,1624,1513,111
111000070,619,476,143
111000071,148,279,-131
111000072,1371,528,843
111000073,305,1215,-910
111000074,2011,1919,92
111000075,1123,553,570
111000076,642,875,-233
111000077,1592,1562,30
111000078,2586,1094,1492
111000079,1021,581,440
111000080,567,565,2
111000081,1402,4348,-2946
111000082,982,485,497
111000084,835,484,351
111000085,897,973,-76
111000086,4111,829,3282
111000087,797,451,346
111000088,6841,3007,3834
111000089,952,650,302
111000090,712,1157,-445
111000091,807,308,499
111000092,2051,686,1365
111000093,1054,1093,-39
111000094,1892,1003,889
111000095,764,2530,-1766
111000096,905,8876,-7971
111000097,3439,1118,2321
111000098,512,748,-236
111000099,581,1093,-512
111000100,449,797,-348
111000101,463,592,-129
111000102,401,473,-72
111000104,1045,227,818
111000107,113,854,-741
111000109,1072,325,747
111000110,2051,720,1331
111000111,3479,399,3080
111000112,2495,589,1906
111000113,914,2141,-1227
111000114,1642,3926,-2284
111000115,3516,987,2529
111000116,1078,769,309
111000117,310,714,-404
111000118,1048,566,482
111000119,1443,667,776
111000120,651,626,25
111000121,288,778,-490
111000122,627,927,-300
111000123,1259,1599,-340
111000124,516,1577,-1061
111000125,302,745,-443
111000126,111,482,-371
111000127,1312,134,1178
111000128,2893,343,2550
111000129,4071,567,3504
111000130,3196,525,2671
111000131,2967,508,2459
111000132,2452,1194,1258
111000133,251,112,139
111000134,231,102,129
111000135,96,167,-71
111000136,489,229,260
111000138,34,13,21
111000140,2,1,1
111000141,208,512,-304
111000142,21,398,-377
111000143,9,622,-613
111000144,90,3280,-3190
111000145,218,19,199
111000146,92,14,78
111000147,112,34,78
111000148,156,125,31
111000149,5,17,-12
111000150,37,8,29
111000151,0,14,-14
111000153,570,682,-112
111000154,470,183,287
111000155,160,164,-4
111000156,862,647,215
111000157,241,933,-692
111000158,1169,787,382
111000159,5867,1002,4865
111000160,753,445,308
111000161,26,760,-734
111000162,35,134,-99
111000163,964,703,261
111000164,570,2605,-2035
111000165,681,312,369
111000166,771,212,559
111000167,118,316,-198
111000168,215,305,-90
111000169,393,397,-4
111000170,299,337,-38
111000171,465,397,68
111000172,168,210,-42
111000173,305,444,-139
111000174,272,153,119
111000175,41,613,-572
111000176,473,57,416
111000177,731,129,602
111000178,2029,206,1823
111000179,311,110,201
111000180,423,521,-98
111000181,1893,186,1707
111000182,231,163,68
111000183,378,248,130
111000184,417,225,192
111000185,454,298,156
111000186,385,157,228
111000187,194,144,50
111000188,419,316,103
111000189,563,446,117
111000190,202,253,-51
111000191,190,146,44
111000192,213,205,8
111000193,316,155,161
111000194,82,228,-146
111000195,175,197,-22
111000196,98,73,25
111000197,545,96,449
111000198,677,86,591
111000199,317,98,219
111000200,628,213,415
111000201,961,161,800
111000202,407,164,243
111000203,491,320,171
111000204,457,1157,-700
111000213,196,419,-223
111000214,1530,981,549
111000215,1007,996,11
111000217,2018,798,1220
111000218,1407,1096,311
111000219,344,148,196
111000220,898,731,167
111000221,414,152,262
111000224,0,155,-155
111000225,273,82,191
111000226,101,3,98
111000227,20,1,19
111000228,29,651,-622
111000229,56,1508,-1452
111000230,299,210,89
111000231,1188,322,866
111000232,942,625,317
111000233,1598,517,1081
111000234,216,624,-408
111000239,82,101,-19
111000240,83,278,-195
111000241,35,200,-165
111000242,288,70,218
111000243,177,244,-67
111000244,747,69,678
111000245,1063,239,824
111000246,767,137,630
111000247,686,382,304
111000248,817,322,495
111000249,622,298,324
111000250,72,73,-1
111000251,94,94,0
111000253,24,26,-2
111000255,53,6,47
111000257,78,23,55
111000260,89,919,-830
111000261,1948,84,1864
111000271,42,224,-182
111000273,2667,1022,1645
111000274,1481,2466,-985
111000275,164,56,108
111000276,321,977,-656
111000277,229,218,11
111000278,702,225,477
111000291,1003,9666,-8663
111000298,728,189,539
111000299,768,219,549
111000300,93,387,-294
111000302,480,50,430
111000303,78,129,-51
111000312,46,93,-47
111000315,0,35,-35
111000320,209,334,-125
111000321,539,146,393
111000322,408,245,163
111000323,392,32,360
111000324,411,233,178
111000325,46,75,-29
111000326,295,163,132
111000327,444,290,154
111000328,327,467,-140
111000329,0,19,-19
111000330,63,15,48
111000331,13,8,5
111000332,584,1260,-676
111000334,307,713,-406
111000335,1289,163,1126
111000337,1984,194,1790
111000338,81,63,18
111000339,1120,175,945
111000340,122,254,-132
111000341,1703,733,970
111000342,118,1724,-1606
111000344,1383,629,754
111000345,128,148,-20
111000346,54,318,-264
111000347,260,14,246
111000350,247,130,117
111000351,128,354,-226
111000352,196,96,100
111000353,160,199,-39
111000354,653,118,535
111000355,373,398,-25
111000358,251,497,-246
111000360,310,207,103
111000361,271,125,146
111000546,965,309,656
111000547,595,249,346
111000548,225,325,-100
111000549,408,157,251
111000550,39,1011,-972
111000551,551,153,398
111000552,567,307,260
111000907,350,10,340
111000908,38,0,38
111000916,2345,152,2193
111000917,64,383,-319
111000918,312,281,31
111000920,685,17,668
111000921,19,87,-68
111000922,826,162,664
111000924,37,338,-301
111000925,3434,2221,1213
111000926,1092,1026,66
111000927,2820,4882,-2062
111000928,4236,1919,2317
111000929,2442,1450,992
111000930,843,1409,-566
111000931,2804,2651,153
111000932,3362,1397,1965
111000933,3349,3219,130
111000934,1602,2190,-588
111000935,2237,1050,1187
111000936,1199,1291,-92
111000937,1362,1438,-76
111000938,1294,778,516
111000939,879,27,852
111000940,767,43,724
111000941,495,232,263
111000943,884,254,630
111000944,185,159,26
111000945,100,927,-827
111001109,675,679,-4
111001110,169,327,-158
111001111,143,5,138
111001112,76,3,73
111001113,0,132,-132
111001114,513,103,410
111001115,16,1052,-1036
111001116,2527,5284,-2757
111001117,301,2659,-2358
111001120,124,184,-60
111001121,140,157,-17
111001122,276,189,87
111001123,296,51,245
111900001,44,49,-5
111900002,28,260,-232
111900003,5,156,-151
111900004,33,47,-14
111900006,23,42,-19
111900007,201,9,192
111900008,387,2,385
111900009,327,78,249
111900010,208,296,-88
111900012,63,41,22
111900013,13,26,-13
111900014,2353,6225,-3872
111900015,1,26,-25
111900016,1,30,-29
111900017,1,35,-34
111900018,193,19,174
111900019,4,137,-133
111900020,2,33,-31
111900021,30,74,-44
111900022,16,43,-27
111900023,53,51,2
111900024,0,56,-56
111900025,0,30,-30
111900026,0,22,-22
111900027,1,56,-55
111900028,54,133,-79
111900029,4,21,-17
111900030,28,286,-258
111900031,33,44,-11
111900032,1,112,-111
111900033,15,18,-3
111900034,131,335,-204
111900035,102,102,0
111900036,1,87,-86
111900038,163,369,-206
111900039,46,144,-98
111900040,2,159,-157
111900042,16,89,-73
111900043,3,135,-132
111900044,158,148,10
111900046,19,86,-67
111900048,445,284,161
111900049,16,174,-158
111900050,128,46,82
111900051,3,131,-128
111900052,152,281,-129
111900053,414,2399,-1985
111900054,229,3,226
111900055,11,198,-187
111900056,122,389,-267
111900057,244,17,227
111900058,741,293,448
111900059,1328,979,349
111900060,427,2,425
111900061,5,106,-101
111900062,79,79,0
111900063,289,445,-156
111900064,69,108,-39
111900065,149,31,118
111900066,195,115,80
111900067,60,356,-296
111900068,86,103,-17
111900069,116,58,58
111900070,291,85,206
111900071,2,138,-136
111900072,74,26,48
111900073,1268,238,1030
111900074,29,173,-144
111900075,112,14,98
111900076,268,76,192
111900077,58,6,52
111900078,457,55,402
111900079,66,48,18
111900080,189,287,-98
111900081,686,275,411
111900082,306,75,231
111900083,258,19,239
111900084,212,10,202
111900085,60,145,-85
111900086,96,19,77
111900087,108,2,106
111900088,831,35,796
111900089,155,16,139
111900090,69,74,-5
111900091,545,6,539
111900092,189,0,189
111900093,638,15,623
111900094,187,0,187
111900095,563,70,493
111900096,401,24,377
111900097,82,0,82
111900098,434,2,432
111900099,137,0,137
111900100,173,21,152
111900101,174,35,139
111900102,979,288,691
111900103,74,120,-46
111900104,197,90,107
111900105,311,257,54
111900106,636,37,599
111900107,106,134,-28
111900108,78,248,-170
111900109,260,556,-296
111900110,1014,312,702
111900111,334,34,300
111900112,473,4588,-4115
111900113,170,97,73
111900114,134,107,27
111900115,15,24,-9
111900118,395,117,278
111900119,456,253,203
111900122,123,179,-56
111900123,18,40,-22
111900124,41,39,2
111900125,828,67,761
111900126,444,3,441
111900127,1,299,-298
111900128,1,209,-208
111900129,406,39,367
111900130,276,81,195
111900131,783,7,776
111900132,18,416,-398
111900133,25,226,-201
111900134,5,114,-109
111900135,9,58,-49
111900136,62,131,-69
111900137,49,63,-14
111900138,22,70,-48
111900139,11,60,-49
111900140,202,60,142
111900141,162,17,145
111900142,125,33,92
111900143,73,74,-1
111900144,0,38,-38
111900145,1,169,-168
111900146,1,83,-82
111900147,51,238,-187
111900148,16,310,-294
111900149,2,157,-155
111900150,19,84,-65
111900151,3,17,-14
111900152,125,106,19
111900153,620,957,-337
111900154,23,596,-573
111900155,87,146,-59
111900156,98,90,8
111900157,263,24,239
111900158,805,150,655
111900159,444,50,394
111900160,560,6,554
111900161,404,1,403
111900162,115,229,-114
111900163,17,156,-139
111900164,97,81,16
111901113,832,102,730
111901114,326,174,152
111901115,146,3,143
111901116,51,6,45
111901117,64,32,32
111901118,21,374,-353
111901119,300,51,249
111901120,56,100,-44
111901121,54,63,-9
111901122,1,186,-185
111901123,369,100,269
111901124,366,3,363
111901125,669,225,444
111901126,273,154,119
111901127,260,1172,-912
111901128,19,47,-28
111901129,2,66,-64
111901130,8,100,-92
111901131,5,153,-148
111901132,110,39,71
111901133,63,2,61
111901134,191,9,182
111901135,49,32,17
111901136,45,76,-31
111901137,0,44,-44
111901138,124,62,62
111901139,41,17,24
111901140,6,56,-50
111901141,11,73,-62
111901142,3,51,-48
111901143,0,71,-71
111901144,41,69,-28
111901145,41,289,-248
112000001,2430,815,1615
112000002,682,1717,-1035
112000003,2723,1222,1501
112000004,814,410,404
112000005,4675,4198,477
112000006,1601,1006,595
112000007,5861,3488,2373
112000008,3525,4967,-1442
112000009,2608,1765,843
112000010,4174,5938,-1764
112000011,1366,1234,132
112000012,5669,7715,-2046
112000013,2564,4346,-1782
112000014,2028,4791,-2763
112000015,2913,4022,-1109
112000016,3735,4866,-1131
112000017,1097,7012,-5915
112000024,2619,622,1997
112000026,2087,2244,-157
112000027,827,738,89
112000028,1003,1034,-31
112000029,993,1191,-198
112000030,197,30,167
112000031,1778,6184,-4406
112000032,253,43,210
112000033,1966,4315,-2349
112000034,204,50,154
112000035,80,957,-877
112000036,340,1915,-1575
112000037,980,2145,-1165
112000038,1320,2928,-1608
112000039,119,48,71
112000040,72,166,-94
112000041,368,308,60
112000042,974,420,554
112000050,1438,1336,102
112000051,1454,2110,-656
112000054,1327,1203,124
112000057,1066,606,460
112000058,342,630,-288
112000059,532,630,-98
112000061,3236,1116,2120
112000062,905,1747,-842
112000063,360,2696,-2336
112000064,3350,3930,-580
112000065,1306,1768,-462
112000066,3732,1837,1895
112000067,616,562,54
112000068,3575,2990,585
112000069,573,1665,-1092
112000070,2416,839,1577
112000071,1301,2180,-879
112000072,3086,809,2277
112000073,1735,2072,-337
112000074,1593,1350,243
112000075,1515,1447,68
112000076,3262,2370,892
112000077,1168,388,780
112000078,2587,690,1897
112000079,2174,1411,763
112000080,991,799,192
112000081,1495,2328,-833
112000082,1527,756,771
112000083,799,1077,-278
112000084,1496,618,878
112000085,1818,1156,662
112000086,1881,1138,743
112000087,762,409,353
112000088,986,314,672
112000089,572,643,-71
112000090,295,352,-57
112000091,595,550,45
112000092,2674,1044,1630
112000093,1656,611,1045
112000094,931,833,98
112000095,825,650,175
112000096,762,594,168
112000097,2097,716,1381
112000098,703,518,185
112000099,1065,2120,-1055
112000100,2838,619,2219
112000101,617,465,152
112000102,2206,413,1793
112000103,478,564,-86
112000105,565,626,-61
112000106,2425,296,2129
112000107,42,208,-166
112000108,384,2111,-1727
112000109,84,59,25
112000110,2236,547,1689
112000111,699,15121,-14422
112000112,3332,1707,1625
112000113,967,1726,-759
112000114,2914,1304,1610
112000115,519,361,158
112000116,756,794,-38
112000117,1092,652,440
112000118,1032,720,312
112000119,443,496,-53
112000120,79,274,-195
112000121,121,236,-115
112000122,432,117,315
112000123,1095,92,1003
112000124,655,82,573
112000125,332,305,27
112000126,482,274,208
112000127,1794,3728,-1934
112000128,661,1134,-473
112000129,109,94,15
112000130,355,111,244
112000131,72,133,-61
112000132,237,194,43
112000133,469,106,363
112000134,548,301,247
112000135,1540,1191,349
112000136,874,2198,-1324
112000137,1932,6008,-4076
112000138,1167,3439,-2272
112000139,798,919,-121
112000140,356,817,-461
112000141,1302,489,813
112000142,188,371,-183
112000143,1701,230,1471
112000144,249,663,-414
112000145,3489,530,2959
112000146,549,1085,-536
112000147,3051,1750,1301
112000148,1226,2333,-1107
112000149,577,468,109
112000150,322,368,-46
112000151,405,215,190
112000152,685,272,413
112000153,180,223,-43
112000154,149,240,-91
112000155,132,131,1
112000157,617,650,-33
112000158,334,223,111
112000159,914,252,662
112000167,635,115,520
112000169,215,351,-136
112000173,1378,255,1123
112000175,534,353,181
112000176,1229,1625,-396
112000177,1268,386,882
112000178,109,226,-117
112000179,451,94,357
112000180,383,274,109
112000181,1340,1158,182
112000182,2046,746,1300
112000183,26,21,5
112000184,628,234,394
112000185,786,266,520
112000187,6088,3785,2303
112000195,170,14,156
112000196,325,2,323
112000197,164,295,-131
112000198,97,578,-481
112000199,417,798,-381
112000202,676,0,676
112000216,83,226,-143
112000230,172,3,169
112000231,1,125,-124
112000256,87,348,-261
112000313,59,73,-14
112000314,90,74,16
112000337,248,587,-339
112000352,199,395,-196
112000392,1675,980,695
112000398,2046,889,1157
112000399,1366,3761,-2395
112000400,1993,1317,676
112000401,2161,1515,646
112000402,4585,5339,-754
112000403,1770,4686,-2916
112000404,1577,1421,156
112000405,3093,3786,-693
112000406,2312,1151,1161
112000407,10663,9735,928
112000408,7004,3380,3624
112000409,1417,2191,-774
112000410,620,402,218
112000411,4104,1962,2142
112000412,1075,487,588
112000413,4764,8997,-4233
112000414,108,30,78
112000415,126,50,76
112000416,3840,1336,2504
112000417,378,100,278
112000421,87,65,22
112000422,359,163,196
112000424,1508,3872,-2364
112000425,417,334,83
112000426,246,263,-17
112000427,0,8,-8
112000428,316,233,83
112000429,2070,1846,224
112000430,2452,2865,-413
112000431,153,178,-25
112000432,673,433,240
112000433,287,765,-478
112000437,61,129,-68
112900001,103,2,101
112900002,869,407,462
112900003,107,185,-78
112900004,97,130,-33
112900005,377,100,277
112900006,22,170,-148
112900007,70,209,-139
112900008,2,95,-93
112900009,565,193,372
112900010,693,491,202
112900011,81,119,-38
112900012,2,21,-19
112900013,12,252,-240
112900014,6,180,-174
112900015,271,488,-217
112900016,6,127,-121
112900017,78,131,-53
112900018,0,99,-99
112900019,36,175,-139
112900020,317,881,-564
112900021,4,107,-103
112900022,30,57,-27
112900023,2,41,-39
112900024,21,227,-206
112900025,128,172,-44
112900026,5,82,-77
112900027,120,460,-340
112900028,21,121,-100
112900029,19,218,-199
112900030,63,66,-3
112900031,1,230,-229
112900032,250,186,64
112900034,3,39,-36
112900035,3,197,-194
112900036,38,167,-129
112900037,152,270,-118
112900038,1004,131,873
112900039,9,151,-142
112900040,2,978,-976
112900041,560,1328,-768
112900042,258,200,58
112900043,76,86,-10
112900044,318,307,11
112900045,155,197,-42
112900046,138,71,67
112900047,12,44,-32
112900049,383,82,301
112900050,15,467,-452
112900051,265,357,-92
112900052,11,317,-306
112900053,191,160,31
112900054,283,71,212
112900055,126,70,56
112900056,503,329,174
112900057,17,292,-275
112900058,340,444,-104
112900059,166,312,-146
112900060,66,86,-20
112900061,187,101,86
112900062,68,137,-69
112900063,48,24,24
112900064,91,188,-97
112900065,35,52,-17
112900066,374,335,39
112900067,299,104,195
112900068,58,114,-56
112900069,1876,1131,745
112900071,36,14,22
112900072,1530,3317,-1787
112900073,420,251,169
112900074,143,425,-282
112900075,996,1342,-346
112900076,74,47,27
112900078,438,539,-101
112900079,324,25,299
112900080,128,2,126
112900081,155,319,-164
112900082,703,71,632
112900083,255,131,124
112900084,275,220,55
112900085,0,10,-10
112900086,104,0,104
112900087,1233,197,1036
112900088,258,18,240
112900089,1268,65,1203
112900090,159,80,79
112900091,393,13,380
112900092,78,577,-499
112900093,1681,52,1629
112900094,130,2,128
112900095,133,2,131
112900096,812,239,573
112900097,143,226,-83
112900098,189,7,182
112900099,1381,67,1314
112900100,150,6,144
112900101,497,3,494
112900102,158,34,124
112900103,281,5,276
112900104,47,2,45
112900105,26,0,26
112900106,429,160,269
112900107,7,0,7
112900108,11,1,10
112900109,183,1,182
112900110,2023,35,1988
112900111,1097,9,1088
112900112,473,2,471
112900113,0,11,-11
112900114,223,20,203
112900115,2380,12,2368
112900116,151,42,109
112900117,66,37,29
112900118,15,83,-68
112900119,227,5,222
112900120,769,258,511
112900121,46,100,-54
112900122,7,98,-91
112900123,170,39,131
112900124,30,75,-45
112900125,38,493,-455
112900126,134,149,-15
112900127,522,153,369
112900128,136,729,-593
112900129,2,574,-572
112900130,243,160,83
112900131,38,942,-904
112900132,136,991,-855
112900133,40,2325,-2285
112900134,0,240,-240
112900135,173,81,92
112900136,1,14,-13
112900137,0,327,-327
112900138,8,130,-122
112900139,124,704,-580
112900140,0,31,-31
112900141,973,52,921
112900142,94,276,-182
112900143,21,253,-232
112900144,0,84,-84
112900145,14,356,-342
112900146,5,485,-480
112900147,0,651,-651
112900148,54,0,54
112900149,267,329,-62
112900151,10,46,-36
112900152,5437,603,4834
112900153,1027,3428,-2401
112900154,0,43,-43
112900155,197,40,157
112900156,589,731,-142
112900157,455,7,448
112900158,132,10,122
112900159,262,210,52
112900160,59,164,-105
112900161,169,59,110
112900162,32,11,21
112900163,65,71,-6
112900164,27,184,-157
112900165,147,37,110
112900166,11,95,-84
112900167,2,133,-131
112900168,12,4,8
112900169,12,21,-9
112900170,95,175,-80
112900172,47,16,31
112900173,188,93,95
112900174,366,56,310
112900175,128,307,-179
112900176,36,64,-28
112900177,221,65,156
112900178,841,3126,-2285
112900179,26,706,-680
112900180,2431,2022,409
112900181,927,7,920
112900182,59,497,-438
112900183,84,445,-361
112900184,402,636,-234
112900185,139,926,-787
112900186,965,1705,-740
112900187,98,795,-697
112900188,703,4210,-3507
112900189,9,17,-8
112900190,13,21,-8
112900192,914,863,51
112900193,1366,501,865
112900194,100,39,61
112900195,1135,42,1093
112900196,337,352,-15
112900197,190,312,-122
112900199,904,371,533
112900200,1092,172,920
112900201,257,110,147
112900202,723,454,269
112900203,442,162,280
112900204,739,623,116
112900205,8,4,4
112900206,24,141,-117
112900207,61,0,61
112900208,89,368,-279
112900209,248,274,-26
112900210,2,41,-39
112900211,106,21,85
112900212,2,56,-54
112900213,73,14,59
112900214,20,21,-1
112900215,26,74,-48
112900216,15,28,-13
112900217,9,81,-72
112900218,113,14,99
112900219,200,12,188
112900220,4,0,4
112900221,97,300,-203
112900222,0,81,-81
112900223,1478,35,1443
112900224,599,267,332
112900225,633,243,390
112900226,227,354,-127
112900227,1120,430,690
112900228,126,36,90
112900229,462,20,442
112900230,9463,3917,5546
112900232,474,373,101
112900233,62,87,-25
112900234,42,30,12
112900235,80,14,66
112900236,553,10,543
112900237,258,61,197
112900238,15,19,-4
112900239,237,473,-236
113000001,6919,4401,2518
113000002,4473,3295,1178
113000003,1974,1518,456
113000004,1564,2200,-636
113000005,1984,1084,900
113000006,1151,1179,-28
113000007,2697,1187,1510
113000008,1943,1428,515
113000009,1575,653,922
113000010,1399,1156,243
113000011,939,1014,-75
113000012,2278,789,1489
113000013,1459,707,752
113000014,895,1386,-491
113000015,347,348,-1
113000016,284,1066,-782
113000017,76,337,-261
113000018,534,88,446
113000019,327,251,76
113000020,423,68,355
113000021,1488,586,902
113000022,899,1185,-286
113000025,146,403,-257
113000026,553,601,-48
113000027,499,965,-466
113000028,776,1435,-659
113000029,1330,741,589
113000030,257,458,-201
113000031,108,239,-131
113000032,211,350,-139
113000033,322,533,-211
113000034,212,212,0
113000035,36,40,-4
113000036,23,75,-52
113000037,68,44,24
113000038,24,74,-50
113000039,61,279,-218
113000040,66,119,-53
113000042,721,550,171
113000051,1213,2068,-855
113000052,2259,777,1482
113000053,640,349,291
113000054,573,647,-74
113000055,1750,371,1379
113000056,1532,819,713
113000058,748,857,-109
113000059,1072,410,662
113000060,428,510,-82
113000061,446,692,-246
113000062,580,421,159
113000063,534,72,462
113000064,96,163,-67
113000065,177,423,-246
113000066,1066,95,971
113000067,3425,844,2581
113000068,383,555,-172
113000069,590,488,102
113000070,3518,892,2626
113000071,651,461,190
113000072,1298,516,782
113000073,382,1224,-842
113000074,1150,512,638
113000075,1917,878,1039
113000076,547,2573,-2026
113000077,956,1162,-206
113000078,477,2448,-1971
113000079,422,1632,-1210
113000080,510,1833,-1323
113000081,756,1326,-570
113000082,1145,2209,-1064
113000083,619,834,-215
113000084,2237,1753,484
113000085,888,590,298
113000086,799,994,-195
113000087,885,1023,-138
113000088,2537,1451,1086
113000089,904,1504,-600
113000090,291,824,-533
113000091,293,348,-55
113000094,1597,248,1349
113000095,196,686,-490
113000096,117,1068,-951
113000097,1267,486,781
113000098,145,66,79
113000099,1154,437,717
113000100,89,585,-496
113000101,262,662,-400
113000102,754,591,163
113000103,1913,337,1576
113000104,748,2486,-1738
113000105,1255,603,652
113000106,405,398,7
113000107,1087,1008,79
113000108,627,764,-137
113000109,686,1417,-731
113000110,2989,676,2313
113000111,184,670,-486
113000112,291,243,48
113000113,1278,314,964
113000114,298,1848,-1550
113000116,1216,391,825
113000117,3800,131,3669
113000118,46,724,-678
113000119,367,774,-407
113000120,61,362,-301
113000121,524,4538,-4014
113000124,295,98,197
113000125,75,1058,-983
113000127,1603,237,1366
113000128,828,311,517
113000129,495,780,-285
113000133,2179,1140,1039
113000134,7,1341,-1334
113000135,4855,5685,-830
113000137,1184,3789,-2605
113000139,270,490,-220
113000140,74,245,-171
113000141,171,339,-168
113000142,363,1394,-1031
113000143,327,142,185
113000144,245,411,-166
113000145,173,109,64
113000146,154,53,101
113000147,194,77,117
113000148,403,131,272
113000149,204,146,58
113000150,646,267,379
113000151,54,36,18
113000152,38,138,-100
113000153,1046,427,619
113000154,698,1656,-958
113000155,492,762,-270
113000156,150,304,-154
113000157,170,519,-349
113000158,807,236,571
113000159,1071,479,592
113000160,521,599,-78
113000161,328,227,101
113000162,1056,313,743
113000163,135,31,104
113000164,22,92,-70
113000166,281,83,198
113000167,68,56,12
113000168,83,74,9
113000169,310,56,254
113000170,118,83,35
113000171,50,71,-21
113000172,389,45,344
113000173,100,27,73
113000174,123,189,-66
113000175,507,96,411
113000176,603,133,470
113000177,182,208,-26
113000178,132,166,-34
113000179,442,182,260
113000180,909,1115,-206
113000181,1303,698,605
113000182,137,383,-246
113000183,121,617,-496
113000184,27,103,-76
113000189,331,907,-576
113000190,295,354,-59
113000192,639,4911,-4272
113000193,2250,3106,-856
113000194,818,1388,-570
113000195,1473,1989,-516
113000196,364,35,329
113000197,1744,1930,-186
113000198,92,237,-145
113000199,1763,785,978
113000201,291,427,-136
113000202,6404,1392,5012
113000203,75,158,-83
113000204,530,3668,-3138
113000205,14,22,-8
113000206,13,43,-30
113000207,76,21,55
113000208,68,37,31
113000209,15,30,-15
113000210,10,28,-18
113000211,77,193,-116
113000212,46,32,14
113000213,26,160,-134
113000214,169,258,-89
113000234,169,729,-560
113000410,111,243,-132
113000411,1808,4795,-2987
113000412,4027,1958,2069
113000413,1149,2860,-1711
113000414,3101,12905,-9804
113000415,1942,1898,44
113000416,3882,2959,923
113000417,1708,1998,-290
113000418,4530,4780,-250
113000419,1599,2751,-1152
113000420,3530,6577,-3047
113000421,5180,8060,-2880
113000422,12133,11107,1026
113000423,1749,6034,-4285
113000424,3069,11380,-8311
113000425,6,76,-70
113000428,85,310,-225
113000430,20,1034,-1014
113000432,2951,173,2778
113000433,165,411,-246
113000434,15,78,-63
113000435,29,187,-158
113000436,11,549,-538
113000437,1519,19,1500
113000438,397,9,388
113000439,29,43,-14
113000440,143,24,119
113000441,230,168,62
113000442,142,71,71
113000443,377,90,287
113000444,293,40,253
113000445,108,56,52
113000446,18,67,-49
113000448,417,238,179
113000449,128,686,-558
113000450,604,1857,-1253
113000451,1650,240,1410
113000452,157,352,-195
113000453,32,488,-456
113000454,330,33,297
113000455,5,845,-840
113000456,2980,2527,453
113000468,1002,97,905
113000469,71,226,-155
113000470,484,25,459
113000471,12,292,-280
113000472,122,224,-102
113000474,1117,682,435
113000475,1475,1533,-58
113000476,2022,2143,-121
113000477,4339,1950,2389
113000478,3351,3298,53
113000479,76,99,-23
113000480,141,491,-350
113000482,0,0,0
113000485,1,0,1
113000486,1,0,1
113000487,1,0,1
113000488,0,2,-2
113000489,1,0,1
113000490,0,5,-5
113000491,9,6,3
113000492,2,0,2
113000493,2,0,2
113000495,137,60,77
113000496,100,80,20
113000497,0,0,0
113000499,0,0,0
113000500,0,0,0
113900001,3,449,-446
113900002,0,36,-36
113900003,3,60,-57
113900004,3,112,-109
113900005,3,174,-171
113900006,14,17,-3
113900007,60,43,17
113900008,5,0,5
113900009,45,0,45
113900010,30,2,28
113900011,115,1,114
113900012,63,0,63
113900013,88,3,85
113900014,817,6,811
113900015,0,88,-88
113900016,52,0,52
113900017,5,50,-45
113900018,254,329,-75
113900019,238,31,207
113900020,204,2,202
113900022,79,1,78
113900023,44,3,41
113900024,39,35,4
113900025,159,10,149
113900026,103,0,103
113900027,12,53,-41
113900028,38,266,-228
113900029,81,82,-1
113900030,278,10,268
113900031,20,12,8
113900032,50,1,49
113900033,69,60,9
113900035,64,1,63
113900036,15,58,-43
113900037,270,233,37
113900038,19,116,-97
113900039,208,28,180
113900040,23,52,-29
113900041,39,4,35
113900042,48,35,13
113900043,179,65,114
113900044,239,357,-118
113900045,87,5,82
113900046,274,1325,-1051
113900047,112,61,51
113900048,111,114,-3
113900049,255,362,-107
113900050,348,306,42
113900051,262,179,83
113900052,121,67,54
113900053,663,872,-209
113900054,45,3,42
113900055,94,303,-209
113900056,66,86,-20
113900057,13,81,-68
113900058,99,69,30
113900059,271,195,76
113900060,90,113,-23
113900061,547,229,318
113900062,124,21,103
113900063,141,77,64
113900064,31,54,-23
113900065,575,21,554
113900066,496,207,289
113900067,274,109,165
113900068,522,655,-133
113900069,39,28,11
113900070,127,270,-143
113900071,137,39,98
113900072,68,73,-5
113900073,374,313,61
113900074,120,150,-30
113900075,1050,1738,-688
113900076,184,12,172
113900077,65,114,-49
113900078,49,35,14
113900079,5,38,-33
113900080,628,204,424
113900081,73,111,-38
113900082,138,181,-43
113900083,603,200,403
113900084,274,103,171
113900085,65,168,-103
113900086,85,27,58
113900087,111,129,-18
113900088,63,68,-5
113900089,470,47,423
113900090,667,407,260
113900091,17,14,3
113900092,25,63,-38
113900093,54,986,-932
113900094,752,207,545
113900095,137,198,-61
113900096,349,113,236
113900097,14,52,-38
113900098,809,143,666
113900099,1,23,-22
113900100,0,6,-6
113900101,8,74,-66
113900102,137,192,-55
113900103,324,348,-24
113900104,132,270,-138
113900105,184,80,104
113900106,0,22,-22
113900107,3,13,-10
113900108,148,335,-187
113900109,298,161,137
113900110,126,34,92
113900111,236,61,175
113900112,219,46,173
113900113,1531,426,1105
113900114,2,20,-18
113900115,2,37,-35
113900116,63,163,-100
113900117,85,28,57
113900118,176,541,-365
113900119,153,412,-259
113900120,104,50,54
113900121,127,53,74
113900122,576,2749,-2173
113900123,627,196,431
113900124,3,78,-75
113900125,623,132,491
113900126,116,34,82
113900127,418,1024,-606
113900128,166,58,108
113900129,3,210,-207
113900130,11,578,-567
113900131,303,76,227
113900132,33,76,-43
113900133,23,48,-25
113900135,377,255,122
113900136,135,74,61
113900137,345,317,28
113900138,49,314,-265
113900139,149,234,-85
113900140,68,454,-386
113900141,787,174,613
113900142,239,61,178
113900143,23,50,-27
113900144,73,642,-569
113900145,385,93,292
113900146,215,65,150
113900148,84,388,-304
113900149,201,84,117
113900150,238,439,-201
113900151,584,145,439
113900152,59,56,3
113900153,99,581,-482
113900154,5,104,-99
113900155,118,284,-166
113900156,200,302,-102
113900157,52,348,-296
113900158,177,1065,-888
113900159,15,231,-216
113900160,316,412,-96
113900161,101,303,-202
113900162,219,1736,-1517
113900163,298,207,91
113900164,464,44,420
113900165,615,770,-155
113900166,73,137,-64
113900167,402,26,376
113900168,54,51,3
113900169,205,260,-55
113900171,260,59,201
113900172,13,58,-45
113900173,26,299,-273
113900174,377,379,-2
113900175,365,129,236
113900176,391,256,135
113900177,328,136,192
113900178,218,244,-26
113900179,45,236,-191
113900180,194,56,138
113900181,916,341,575
113900182,673,496,177
113900183,48,62,-14
113900184,8,325,-317
113900185,146,58,88
113900186,62,22,40
113900187,34,107,-73
113900188,36,154,-118
113900189,341,159,182
113900190,143,77,66
113900191,155,169,-14
113900192,10,749,-739
113900193,21,94,-73
113900194,1161,540,621
113900195,237,299,-62
113900196,3,263,-260
113900197,131,97,34
113900198,24,269,-245
113900199,95,416,-321
113900200,15,148,-133
113900201,1,62,-61
113900202,71,127,-56
113900203,0,29,-29
113900204,29,254,-225
113900205,4,53,-49
113900206,7,91,-84
113900207,1,67,-66
113900208,0,22,-22
113900209,0,37,-37
113900210,367,788,-421
113900211,215,64,151
113900212,256,339,-83
113900214,295,409,-114
113900215,52,82,-30
113900216,218,330,-112
113900217,121,135,-14
113900218,178,65,113
113900219,133,543,-410
113900220,121,174,-53
113900221,314,323,-9
113900222,183,554,-371
113900223,221,333,-112
113900224,41,46,-5
113900225,362,128,234
113900226,543,174,369
113900227,390,185,205
113900228,361,769,-408
113900229,72,1183,-1111
113900230,2063,3662,-1599
113900231,183,107,76
113900232,171,53,118
113900233,153,99,54
113900234,448,459,-11
113900235,130,39,91
113900236,356,147,209
113900237,293,11,282
113900238,225,700,-475
113900239,57,101,-44
113900240,9,261,-252
113900241,76,90,-14
113900242,23,162,-139
113900243,44,279,-235
113900244,114,178,-64
113900245,643,273,370
113900246,21,20,1
113900247,102,649,-547
113900248,2181,2106,75
113900249,860,564,296
113900250,44,252,-208
113900251,1092,94,998
113900252,792,29,763
113900253,816,71,745
113900254,729,162,567
113900255,729,16,713
113900256,347,29,318
113900257,30,264,-234
113900258,38,242,-204
113900259,683,111,572
113900260,316,16,300
113900261,52,45,7
113900262,129,362,-233
113900263,101,387,-286
113900264,3,210,-207
113900265,98,221,-123
113900266,38,177,-139
113900267,73,833,-760
113900268,291,493,-202
113900269,60,151,-91
113900270,180,689,-509
113900271,626,475,151
113900273,27,21,6
113900274,98,23,75
113900275,30,64,-34
113900276,2,65,-63
113900277,211,13,198
113900278,310,173,137
113900279,49,75,-26
113900280,1610,557,1053
113900281,459,1493,-1034
113900282,361,604,-243
113900283,383,546,-163
113900284,1054,288,766
113900285,191,49,142
113900286,99,68,31
113900287,115,48,67
113900288,4,118,-114
113900289,320,150,170
113900290,120,267,-147
113900291,106,101,5
113900292,7,7,0
113900293,2,150,-148
113900294,554,10,544
113900295,339,458,-119
113900296,2698,424,2274
113900297,2710,51,2659
113900298,14,930,-916
113900299,151,59,92
113900300,4009,4262,-253
113900301,524,613,-89
113900302,1498,970,528
113900303,294,649,-355
113900304,1,97,-96
113900305,210,1,209
113900306,114,0,114
113900307,20,0,20
113900308,70,92,-22
113900309,1,366,-365
113900310,0,3,-3
113900311,11,1,10
113900312,209,216,-7
113900313,13,6,7
114000001,951,1730,-779
114000002,305,175,130
114000003,115,183,-68
114000004,467,219,248
114000005,415,212,203
114000006,1526,1284,242
114000007,903,998,-95
114000008,1506,1850,-344
114000009,1310,263,1047
114000011,3046,1878,1168
114000012,3521,1319,2202
114000013,2257,997,1260
114000014,455,99,356
114000015,2468,247,2221
114000016,283,110,173
114000017,148,593,-445
114000018,136,19,117
114000026,3094,740,2354
114000027,5217,2005,3212
114000028,2340,3155,-815
114000038,324,116,208
114000039,68,45,23
114000040,230,270,-40
114000042,187,168,19
114000043,58,34,24
114000044,573,14,559
114000045,51,24,27
114000046,2370,3341,-971
114000047,19,59,-40
114000048,132,54,78
114000049,1999,1461,538
114000050,2222,1477,745
114000051,3506,2027,1479
114000052,4243,2385,1858
114000053,95,611,-516
114000054,181,604,-423
114000055,210,54,156
114000056,223,1102,-879
114000057,3665,2044,1621
114000058,122,1328,-1206
114000059,35,501,-466
114000060,527,663,-136
114000061,1987,2827,-840
114000062,685,1675,-990
114000063,1132,1184,-52
114000064,2077,3585,-1508
114000065,1122,1840,-718
114000066,476,633,-157
114000067,31,1049,-1018
114000068,447,786,-339
114000069,1250,543,707
114000070,2225,1850,375
114000071,965,389,576
114000072,769,143,626
114000073,16,23,-7
114000074,92,14,78
114000075,84,42,42
114000076,21,29,-8
114000077,3,17,-14
114000078,381,326,55
114000079,289,26,263
114000080,111,91,20
114000081,85,87,-2
114000082,31,246,-215
114000083,64,110,-46
114000084,354,101,253
114000085,88,298,-210
114000086,323,150,173
114000087,273,77,196
114000088,38,26,12
114000089,423,305,118
114000090,1055,1126,-71
114000091,1371,830,541
114000092,837,355,482
114000093,1542,608,934
114000094,401,289,112
114000095,278,176,102
114000096,92,233,-141
114000097,130,238,-108
114000098,719,116,603
114000099,918,163,755
114000100,2072,405,1667
114000101,485,304,181
114000102,763,250,513
114000103,111,196,-85
114000104,56,130,-74
114000105,217,114,103
114000106,695,2020,-1325
114000107,634,113,521
114000108,704,731,-27
114000109,738,1397,-659
114000110,524,775,-251
114000111,2450,1067,1383
114000112,460,1002,-542
114000113,1444,544,900
114000114,780,735,45
114000115,2296,1141,1155
114000116,1078,1127,-49
114000117,5074,666,4408
114000118,3724,552,3172
114000119,2599,546,2053
114000120,712,501,211
114000121,509,784,-275
114000122,562,380,182
114000123,2842,363,2479
114000124,1265,364,901
114000125,872,912,-40
114000126,2292,241,2051
114000127,224,177,47
114000128,881,271,610
114000130,503,444,59
114000131,427,167,260
114000132,762,379,383
114000133,696,1042,-346
114000134,89,30,59
114000138,43,112,-69
114000139,462,443,19
114000144,751,707,44
114000145,71,97,-26
114000146,116,111,5
114000147,1569,2735,-1166
114000148,1179,1787,-608
114000149,387,333,54
114000150,287,561,-274
114000151,543,1813,-1270
114000152,116,59,57
114000153,552,2138,-1586
114000154,816,507,309
114000155,1105,2584,-1479
114000156,765,727,38
114000157,273,1212,-939
114000158,803,678,125
114000159,122,371,-249
114000160,63,537,-474
114000161,1093,2960,-1867
114000162,1323,2773,-1450
114000163,36,45,-9
114000165,624,392,232
114000166,816,570,246
114000167,2107,1402,705
114000168,390,467,-77
114000169,1357,1956,-599
114000170,1022,1370,-348
114000171,1679,3532,-1853
114000174,159,348,-189
114000176,310,515,-205
114000177,987,544,443
114000178,41,28,13
114000179,987,661,326
114000180,251,482,-231
114000181,1883,4943,-3060
114000182,1530,2305,-775
114000183,527,552,-25
114000184,446,646,-200
114000185,1316,718,598
114000189,1517,190,1327
114000190,4083,554,3529
114000191,89,177,-88
114000192,122,919,-797
114000193,406,1228,-822
114000194,1483,609,874
114000195,207,80,127
114000196,1,88,-87
114000197,2174,28,2146
114000198,768,318,450
114000199,1666,1885,-219
114000200,548,930,-382
114000201,185,517,-332
114000202,975,390,585
114000203,593,450,143
114000204,207,383,-176
114000205,220,848,-628
114000206,781,1067,-286
114000207,345,889,-544
114000208,430,1365,-935
114000209,402,1058,-656
114000210,194,690,-496
114000211,1362,1118,244
114000212,1052,906,146
114000213,1750,441,1309
114000214,77,104,-27
114000215,222,42,180
114000216,1834,291,1543
114000217,526,178,348
114000218,217,139,78
114000219,1445,158,1287
114000220,21,399,-378
114000221,1266,191,1075
114000222,130,587,-457
114000223,609,138,471
114000224,77,345,-268
114000225,277,367,-90
114000226,281,214,67
114000227,992,484,508
114000228,971,505,466
114000229,1433,921,512
114000230,1829,786,1043
114000231,1160,1247,-87
114000232,1127,189,938
114000233,2991,123,2868
114000234,1195,678,517
114000235,1267,958,309
114000236,2,237,-235
114000237,121,547,-426
114000238,173,185,-12
114000239,181,794,-613
114000240,904,848,56
114000241,302,630,-328
114000242,692,550,142
114000243,1937,886,1051
114000244,829,279,550
114000245,475,641,-166
114000246,133,36,97
114000247,793,551,242
114000248,1325,554,771
114000249,624,376,248
114000250,673,461,212
114000251,483,166,317
114000252,55,37,18
114000253,57,132,-75
114000254,71,20,51
114000255,498,220,278
114000256,477,2151,-1674
114000257,415,757,-342
114000258,325,193,132
114000259,114,191,-77
114000260,0,33,-33
114000261,58,34,24
114000262,391,78,313
114000263,7,2,5
114000264,1792,329,1463
114000265,1,5,-4
114000267,1,1313,-1312
114000268,15,723,-708
114000270,242,3,239
114000271,320,53,267
114000283,1571,329,1242
114000285,22,94,-72
114000288,106,187,-81
114000289,2257,125,2132
114000293,297,509,-212
114000294,202,320,-118
114000395,1265,24,1241
114000396,783,702,81
114000402,911,186,725
114000403,415,187,228
114000405,183,203,-20
114000423,476,216,260
114000424,585,155,430
114000425,1210,202,1008
114000426,300,832,-532
114000427,76,54,22
114000428,144,260,-116
114000429,16,104,-88
114000432,91,48,43
114000434,28,42,-14
114000435,10,80,-70
114000436,1323,487,836
114000437,435,5701,-5266
114900001,703,358,345
114900002,563,229,334
114900003,902,591,311
114900004,259,477,-218
114900005,610,424,186
114900006,182,95,87
114900007,388,38,350
114900008,327,117,210
114900010,867,1819,-952
114900011,347,161,186
114900013,326,115,211
114900015,78,642,-564
114900018,1066,24,1042
114900020,219,69,150
114900022,1,456,-455
114900024,294,128,166
114900025,643,152,491
114900026,105,148,-43
114900027,251,148,103
114900029,35,26,9
114900030,409,191,218
114900031,498,29,469
114900032,541,13,528
114900033,610,1550,-940
114900034,42,53,-11
114900035,149,308,-159
114900036,184,272,-88
114900037,107,106,1
114900038,233,253,-20
114900039,530,210,320
114900040,75,73,2
114900041,1229,180,1049
114900042,1414,283,1131
114900043,411,151,260
114900044,144,55,89
114900046,41,79,-38
114900047,208,3015,-2807
114900048,69,176,-107
114900049,6,72,-66
114900050,81,154,-73
114900051,23,235,-212
114900052,89,242,-153
114900053,157,206,-49
114900054,34,53,-19
114900057,221,9,212
114900058,0,48,-48
114900059,171,85,86
114900060,339,731,-392
114900061,143,66,77
114900062,252,315,-63
114900063,86,64,22
114900064,2580,227,2353
114900065,554,704,-150
114900067,41,333,-292
114900068,48,97,-49
114900069,141,78,63
114900070,697,203,494
114900072,3,179,-176
114900073,1,110,-109
114900074,987,259,728
114900075,412,16,396
114900076,8,237,-229
114900080,1077,261,816
114900082,2307,2878,-571
114900083,604,1074,-470
114900090,584,176,408
114900091,86,153,-67
114900095,202,66,136
114900096,369,515,-146
114900097,199,1,198
114900098,5,112,-107
114900099,320,8,312
115000001,3678,1994,1684
115000002,4909,5508,-599
115000003,4006,1593,2413
115000004,6104,6571,-467
115000005,1391,1760,-369
115000006,1339,1688,-349
115000007,149,187,-38
115000008,383,397,-14
115000009,311,191,120
115000010,269,162,107
115000013,35,182,-147
115000015,31,221,-190
115000016,175,379,-204
115000019,43,439,-396
115000020,152,1066,-914
115000021,228,426,-198
115000022,570,313,257
115000023,329,759,-430
115000024,929,376,553
115000025,985,867,118
115000026,200,317,-117
115000027,311,384,-73
115000028,269,665,-396
115000029,824,105,719
115000030,938,917,21
115000031,1285,418,867
115000032,12,188,-176
115000033,183,34,149
115000034,58,1237,-1179
115000035,1201,76,1125
115000036,0,371,-371
115000037,655,13,642
115000038,39,152,-113
115000039,2521,3615,-1094
115000040,3223,2457,766
115000041,1573,4220,-2647
115000042,581,552,29
115000043,4388,2688,1700
115000044,3582,2847,735
115000045,2527,942,1585
115000046,2974,2427,547
115000047,2977,1342,1635
115000048,1859,1439,420
115000049,1473,2670,-1197
115000050,3592,1766,1826
115000051,1570,3629,-2059
115000052,1143,1414,-271
115000053,2276,2358,-82
115000054,583,743,-160
115000055,218,785,-567
115000056,225,714,-489
115000057,602,1093,-491
115000058,361,413,-52
115000059,443,151,292
115000061,82,228,-146
115000062,216,258,-42
115000063,502,278,224
115000064,307,54,253
115000065,64,583,-519
115000067,203,19,184
115000069,140,276,-136
115000070,45,1004,-959
115000071,106,28,78
115000072,17,80,-63
115000073,2061,85,1976
115000075,195,51,144
115000076,2226,1909,317
115000077,2214,1219,995
115000078,1699,866,833
115000079,1475,1195,280
115000080,3136,1541,1595
115000081,352,673,-321
115000082,4898,4041,857
115000083,2033,1070,963
115000084,3462,978,2484
115000085,1076,678,398
115000086,1411,612,799
115000087,461,1221,-760
115000088,1786,638,1148
115000089,1211,1105,106
115000090,427,808,-381
115000091,296,524,-228
115000092,659,470,189
115000093,585,2,583
115000094,4560,6453,-1893
115000095,3828,7412,-3584
115000096,918,941,-23
115000097,1718,1164,554
115000098,1738,570,1168
115000099,3176,1592,1584
115000100,1708,320,1388
115000101,682,921,-239
115000102,611,273,338
115000103,334,478,-144
115000105,99,138,-39
115000106,926,398,528
115000107,198,236,-38
115000108,2059,1780,279
115000109,3779,6089,-2310
115000110,1424,2252,-828
115000111,561,1081,-520
115000112,1019,1079,-60
115000113,737,803,-66
115000114,1460,670,790
115000116,3316,2428,888
115000117,2467,2548,-81
115000118,2626,1951,675
115000119,1716,2163,-447
115000120,656,1499,-843
115000121,847,1060,-213
115000122,1121,1934,-813
115000123,911,2580,-1669
115000124,747,1048,-301
115000125,379,815,-436
115000126,154,361,-207
115000127,282,157,125
115000128,330,825,-495
115000129,178,536,-358
115000130,555,478,77
115000131,902,247,655
115000132,498,279,219
115000133,805,184,621
115000134,316,319,-3
115000135,226,176,50
115000136,304,206,98
115000137,148,156,-8
115000138,518,253,265
115000139,302,152,150
115000140,580,174,406
115000141,310,116,194
115000142,202,112,90
115000143,1199,509,690
115000144,561,48,513
115000145,247,172,75
115000146,587,371,216
115000147,358,322,36
115000148,275,428,-153
115000149,793,234,559
115000150,666,426,240
115000151,1566,405,1161
115000152,760,476,284
115000153,1632,451,1181
115000154,1218,228,990
115000155,695,568,127
115000156,1029,762,267
115000157,504,662,-158
115000158,401,415,-14
115000159,487,637,-150
115000160,483,667,-184
115000161,638,423,215
115000162,706,833,-127
115000163,491,721,-230
115000164,681,597,84
115000165,349,605,-256
115000167,100,84,16
115000168,410,425,-15
115000169,418,618,-200
115000170,74,158,-84
115000171,204,276,-72
115000172,799,736,63
115000173,249,956,-707
115000174,87,421,-334
115000175,160,263,-103
115000176,136,246,-110
115000177,83,287,-204
115000178,15,178,-163
115000179,33,51,-18
115000180,172,267,-95
115000181,1050,145,905
115000182,1250,271,979
115000183,559,458,101
115000186,628,213,415
115000187,307,501,-194
115000188,479,642,-163
115000189,243,405,-162
115000190,796,623,173
115000191,187,557,-370
115000194,122,154,-32
115000195,192,291,-99
115000196,296,91,205
115000197,275,166,109
115000198,643,144,499
115000199,609,128,481
115000200,481,112,369
115000201,200,238,-38
115000206,476,41,435
115000207,319,245,74
115000208,304,588,-284
115000209,648,321,327
115000210,183,155,28
115000211,266,277,-11
115000212,869,350,519
115000224,309,67,242
115000225,81,97,-16
115000229,139,118,21
115000230,110,506,-396
115000231,288,841,-553
115000232,2214,248,1966
115000233,143,186,-43
115000234,21,251,-230
115000241,113,145,-32
115000242,190,144,46
115000243,62,104,-42
115000244,7,122,-115
115000246,35,34,1
115000247,21,14,7
115000248,39,29,10
115000249,21,11,10
115000250,291,23,268
115000251,309,48,261
115000252,81,181,-100
115000253,10,406,-396
115000258,377,57,320
115000259,343,96,247
115000261,38,8,30
115000262,10,13,-3
115000263,13,41,-28
115000264,49,17,32
115000267,98,103,-5
115000268,55,111,-56
115000269,98,80,18
115000270,17,21,-4
115000272,63,81,-18
115000273,640,38,602
115000280,2003,311,1692
115000281,280,682,-402
115000282,871,1555,-684
115000284,153,168,-15
115000296,1097,8,1089
115000297,109,207,-98
115000298,57,546,-489
115000300,268,137,131
115000302,663,129,534
115000303,1016,81,935
115000304,1253,37,1216
115000305,116,256,-140
115000306,293,116,177
115000307,162,131,31
115000308,12,43,-31
115000309,22,59,-37
115000310,1466,493,973
115000311,1514,1055,459
115000313,141,212,-71
115000314,702,152,550
115000315,461,726,-265
115000316,99,156,-57
115000317,156,368,-212
115000318,929,307,622
115000319,72,207,-135
115000320,22,350,-328
115000321,462,50,412
115000322,50,122,-72
115000449,195,161,34
115000557,25,1840,-1815
115000558,316,155,161
115000587,802,257,545
115000588,1771,2254,-483
115000589,3751,2073,1678
115000590,947,1431,-484
115000591,1536,794,742
115000592,453,1608,-1155
115000593,1593,872,721
115000594,436,2213,-1777
115000609,159,96,63
115000617,706,3336,-2630
115000624,442,37,405
115000633,522,1693,-1171
115000634,3522,852,2670
115000635,754,121,633
115000638,342,341,1
115000641,50,182,-132
115000642,330,267,63
115000643,139,292,-153
115000644,173,335,-162
115000646,876,1746,-870
115000647,200,514,-314
115000648,3078,1197,1881
115000893,1588,1332,256
115000894,201,786,-585
115000895,241,641,-400
115000896,1257,382,875
115000897,426,141,285
115000898,531,289,242
115000899,244,1304,-1060
115000900,64,296,-232
115000901,60,208,-148
115000912,484,117,367
115000913,3,16,-13
115000915,9,0,9
115000916,7,1,6
115000917,0,11,-11
115000918,78,1386,-1308
115000919,7,37,-30
115000920,20,49,-29
115000921,318,111,207
115000922,364,775,-411
115000923,87,1033,-946
115000925,107,96,11
115000927,27,47,-20
115000933,57,194,-137
115000934,198,159,39
115000935,189,52,137
115900001,162,17,145
115900002,85,115,-30
115900003,224,48,176
115900004,2,19,-17
115900005,336,14,322
115900006,143,112,31
115900008,112,10,102
115900009,61,121,-60
115900010,488,64,424
115900011,477,247,230
115900012,285,35,250
115900013,377,111,266
115900014,162,133,29
115900015,185,26,159
115900016,129,39,90
115900017,21,19,2
115900018,147,38,109
115900019,374,35,339
115900020,183,1,182
115900021,807,246,561
115900022,420,12,408
115900023,10,14,-4
115900025,48,260,-212
115900026,703,124,579
115900027,0,123,-123
115900028,434,74,360
115900029,10,304,-294
115900030,45,29,16
115900031,187,359,-172
115900032,442,523,-81
115900033,1,86,-85
115900034,41,174,-133
115900035,46,45,1
115900036,19,1379,-1360
115900037,33,166,-133
115900038,67,31,36
115900039,181,124,57
115900041,204,878,-674
115900042,78,8,70
115900043,135,39,96
115900044,173,257,-84
115900046,485,175,310
115900047,162,251,-89
115900049,255,179,76
115900051,2,24,-22
115900052,34,118,-84
115900053,381,115,266
115900054,367,36,331
115900055,31,85,-54
115900056,221,99,122
115900057,20,27,-7
115900058,26,47,-21
115900060,139,180,-41
115900061,434,6,428
115900062,110,147,-37
115900063,71,8,63
115900064,169,235,-66
115900065,158,96,62
115900066,100,60,40
115900067,10,193,-183
115900068,1527,1296,231
115900069,31,195,-164
115900070,290,46,244
115900071,0,173,-173
115900072,30,95,-65
115900073,133,138,-5
115900074,6,138,-132
115900075,43,143,-100
115900076,5,35,-30
115900077,5,105,-100
115900078,48,98,-50
115900079,439,19,420
115900080,197,120,77
115900081,24,34,-10
115900082,100,164,-64
115900084,668,23,645
115900085,39,62,-23
115900086,935,518,417
115900088,7,62,-55
115900089,543,462,81
115900090,609,2,607
115900091,23,20,3
115900092,76,85,-9
115900093,15,21,-6
115900094,5,105,-100
115900096,5,10,-5
115900097,10,152,-142
115900098,278,179,99
115900099,47,29,18
115900100,6,198,-192
115900101,185,125,60
115900102,98,63,35
115900103,321,109,212
115900104,94,69,25
115900105,475,224,251
115900106,126,14,112
115900107,120,45,75
115900108,189,20,169
115900109,49,223,-174
115900110,18,3,15
115900111,1,72,-71
115900112,48,494,-446
115900113,90,12,78
115900114,3,110,-107
115900115,102,164,-62
115900116,99,490,-391
115900117,127,15,112
115900118,3,120,-117
115900119,206,111,95
115900120,29,185,-156
115900121,297,135,162
115900124,388,875,-487
115900125,484,71,413
115900126,1111,93,1018
115900127,957,44,913
115900128,11,201,-190
115900129,888,47,841
115900130,11,247,-236
115900131,424,34,390
115900132,817,14,803
115900134,400,14,386
115900135,368,1194,-826
115900137,50,5,45
115900139,19,70,-51
115900140,397,35,362
115900141,5,48,-43
115900142,4,36,-32
115900143,287,522,-235
115900144,165,235,-70
115900146,20,37,-17
115900147,290,318,-28
115900148,112,18,94
115900149,200,15,185
115900150,143,9,134
115900151,14,84,-70
115900152,146,229,-83
115900153,115,113,2
115900154,326,383,-57
115900155,0,19,-19
115900156,693,1031,-338
115900157,292,504,-212
115900158,14,6,8
115900159,262,184,78
115900160,4,11,-7
115900161,91,282,-191
115900163,270,187,83
115900164,812,34,778
115900165,3,126,-123
115900166,147,106,41
115900168,167,82,85
115900171,101,324,-223
115900172,90,97,-7
115900173,282,105,177
115900174,153,225,-72
115900175,202,192,10
115900178,16,278,-262
115900179,493,13,480
115900180,37,64,-27
115900181,250,77,173
115900182,633,84,549
115900183,20,75,-55
115900184,462,11,451
115900187,11,185,-174
115900189,0,257,-257
115900190,288,1018,-730
115900191,26,144,-118
115900192,11,106,-95
115900193,196,117,79
115900194,918,67,851
115900195,459,2789,-2330
115900198,247,279,-32
115900199,373,99,274
115900200,214,169,45
115900201,357,293,64
115900202,3,93,-90
115900203,8,17,-9
115900204,0,9,-9
115900205,32,20,12
115900206,309,113,196
115900207,90,8,82
115900208,150,61,89
115900209,10,75,-65
115900210,4,130,-126
115900211,2,94,-92
115900212,236,118,118
115900213,76,141,-65
115900214,683,99,584
115900215,28,203,-175
115900216,1,96,-95
115900217,2,18,-16
115900218,4,10,-6
115900219,152,5,147
115900220,356,4,352
115900221,159,7,152
115900222,106,55,51
115900223,6,615,-609
115900224,525,1661,-1136
115900225,38,59,-21
115900226,20,60,-40
115900227,34,34,0
115900228,15,29,-14
115900229,5,56,-51
115900230,22,96,-74
115900231,167,3,164
115900232,71,3,68
115900233,110,10,100
115900234,62,20,42
115900235,31,75,-44
115900236,16,30,-14
115900237,20,19,1
115900238,23,18,5
115900239,20,44,-24
115900240,21,35,-14
115900241,303,52,251
115900242,228,458,-230
115900243,28,10,18
115900244,27,17,10
115900245,37,2,35
115900246,17,10,7
115900247,28,19,9
115900248,8,9,-1
115900249,15,11,4
115900250,15,41,-26
115900251,5,8,-3
115900252,0,4,-4
115900253,15,20,-5
115900254,10,52,-42
115900255,1,19,-18
115900256,12,8,4
115900257,18,16,2
115900258,1,2,-1
115900259,1,4,-3
115900260,7,3,4
115900261,12,1,11
115900262,3,0,3
115900263,16,2,14
115900264,32,3,29
115900265,3,8,-5
115900266,3,13,-10
115900267,1,18,-17
115900268,10,24,-14
115900269,719,176,543
115900270,519,146,373
115900271,137,0,137
115900272,45,2,43
115900273,17,23,-6
115900274,2,8,-6
115900275,0,5,-5
115900276,1,12,-11
115900277,0,25,-25
115900278,49,95,-46
115900279,18,191,-173
115900280,14,599,-585
115900281,117,224,-107
116000001,6266,2661,3605
116000002,4841,14909,-10068
116000003,1219,1051,168
116000004,3204,5241,-2037
116000005,1188,3026,-1838
116000006,2544,3509,-965
116000007,2179,4640,-2461
116000008,4778,4176,602
116000009,1106,1355,-249
116000010,2950,2078,872
116000011,734,1327,-593
116000012,2063,1290,773
116000013,4621,3409,1212
116000014,7412,18016,-10604
116000015,191,1800,-1609
116000016,4390,5189,-799
116000017,30,915,-885
116000018,586,368,218
116000019,994,388,606
116000020,726,1096,-370
116000021,877,420,457
116000022,482,360,122
116000023,1688,1077,611
116000024,573,685,-112
116000025,1285,942,343
116000026,1650,2809,-1159
116000027,766,766,0
116000028,537,1326,-789
116000029,528,710,-182
116000030,745,658,87
116000031,221,319,-98
116000032,394,135,259
116000033,527,475,52
116000034,1050,745,305
116000035,463,689,-226
116000036,778,1835,-1057
116000037,366,448,-82
116000038,230,634,-404
116000039,309,867,-558
116000040,546,658,-112
116000041,94,696,-602
116000042,732,609,123
116000043,149,627,-478
116000044,2,33,-31
116000045,2089,1754,335
116000046,1040,1807,-767
116000047,1736,2540,-804
116000048,2528,1748,780
116000049,1808,3677,-1869
116000050,1695,1313,382
116000051,6161,3498,2663
116000052,5546,5129,417
116000053,2645,644,2001
116000054,980,2590,-1610
116000055,1079,877,202
116000056,1381,1233,148
116000057,2661,1507,1154
116000058,3624,3422,202
116000059,2944,5731,-2787
116000060,1836,1088,748
116000061,259,1356,-1097
116000062,475,210,265
116000063,634,1488,-854
116000066,285,828,-543
116000067,200,371,-171
116000068,210,355,-145
116000069,278,289,-11
116000078,554,1127,-573
116000080,1956,693,1263
116000082,3,17,-14
116000083,1931,504,1427
116000084,1542,2174,-632
116000085,2225,2095,130
116000086,889,531,358
116000087,2718,1915,803
116000088,836,953,-117
116000089,203,88,115
116000090,145,158,-13
116000091,233,398,-165
116000093,990,813,177
116000094,875,456,419
116000095,1136,801,335
116000096,1145,1576,-431
116000097,1176,599,577
116000098,45,7760,-7715
116000099,4986,216,4770
116000100,301,25,276
116000101,1240,479,761
116000102,280,713,-433
116000103,552,324,228
116000104,241,905,-664
116000105,1362,142,1220
116000106,377,777,-400
116000107,2532,254,2278
116000108,175,225,-50
116000111,190,28,162
116000113,286,134,152
116000114,32,119,-87
116000115,521,159,362
116000116,223,273,-50
116000117,1885,1599,286
116000118,1791,1029,762
116000119,4419,1619,2800
116000120,2728,2649,79
116000121,1282,522,760
116000122,973,947,26
116000123,1816,483,1333
116000124,419,712,-293
116000125,3856,814,3042
116000126,290,846,-556
116000127,850,807,43
116000128,2544,1032,1512
116000129,1714,215,1499
116000130,984,795,189
116000133,1787,740,1047
116000134,1686,1100,586
116000135,3649,1337,2312
116000136,899,1355,-456
116000137,1423,842,581
116000138,1125,742,383
116000139,1896,2761,-865
116000140,181,204,-23
116000141,390,320,70
116000142,2678,1836,842
116000143,2000,2040,-40
116000144,1660,1455,205
116000145,2229,1061,1168
116000146,901,68,833
116000147,257,155,102
116000148,831,758,73
116000149,915,1048,-133
116000151,545,415,130
116000153,108,341,-233
116000155,189,278,-89
116000156,645,1019,-374
116000157,106,12,94
116000158,490,369,121
116000159,26,11,15
116000160,29,61,-32
116000161,8,127,-119
116000162,81,164,-83
116000163,64,17,47
116000164,12,44,-32
116000177,125,122,3
116000194,110,374,-264
116000195,1324,583,741
116000196,22,4,18
116000197,24,17,7
116000198,2594,1317,1277
116000200,720,804,-84
116000201,816,572,244
116000202,3,159,-156
116000203,0,68,-68
116000204,21,69,-48
116000205,1,133,-132
116000206,2,116,-114
116000207,14,55,-41
116000233,165,356,-191
116000287,323,264,59
116000288,504,168,336
116000292,84,92,-8
116000296,10,199,-189
116000297,91,9,82
116000304,230,14,216
116000305,10,45,-35
116000346,210,112,98
116000352,152,63,89
116000354,34,10,24
116000357,15,17,-2
116000358,439,92,347
116000361,51,11,40
116000372,3071,6737,-3666
116000381,161,0,161
116000388,3,28,-25
116000389,1058,520,538
116000445,783,302,481
116000446,744,281,463
116000447,30,647,-617
116000448,530,136,394
116000563,805,1194,-389
116000565,38,243,-205
116000568,73,534,-461
116000579,18,104,-86
116000584,21,9,12
116000585,35,27,8
116000586,85,179,-94
116000587,404,601,-197
116000589,45,50,-5
116000590,116,55,61
116000591,310,121,189
116000592,8,48,-40
116000593,1,36,-35
116000594,1039,239,800
116000595,850,65,785
116000596,173,2,171
116000597,616,149,467
116000598,25,91,-66
116000602,32,517,-485
116000605,132,111,21
116000606,97,262,-165
116000607,3,107,-104
116000609,138,1163,-1025
116000611,228,217,11
116000612,1058,2090,-1032
116000613,931,301,630
116000614,461,276,185
116000615,2,449,-447
116000616,82,58,24
116000617,152,29,123
116000618,2,39,-37
116000619,49,87,-38
116000620,193,115,78
116000621,102,160,-58
116000622,83,116,-33
116000624,379,99,280
116000627,28,6,22
116000628,23,120,-97
116000629,12,102,-90
116000630,399,24,375
116000631,138,30,108
116000632,714,95,619
116000633,38,144,-106
116000634,788,13,775
116000635,1635,1927,-292
116900001,249,170,79
116900002,281,2,279
116900003,73,20,53
116900004,65,123,-58
116900005,412,45,367
116900006,66,526,-460
116900007,111,247,-136
116900008,713,100,613
116900009,21,18,3
116900010,0,610,-610
116900011,10,23,-13
116900012,230,288,-58
116900013,5,83,-78
116900014,161,93,68
116900015,752,51,701
116900016,318,1,317
116900017,1,345,-344
116900018,102,42,60
116900019,4,165,-161
116900020,591,1586,-995
116900023,72,21,51
116900024,845,34,811
116900025,1524,543,981
116900026,79,426,-347
116900027,28,36,-8
116900028,1,42,-41
116900029,2,89,-87
116900031,1,2,-1
116900032,2,160,-158
116900033,30,14,16
116900034,10,50,-40
116900035,178,117,61
116900036,8,90,-82
116900038,20,1,19
116900041,119,9,110
116900042,267,193,74
116900043,36,67,-31
116900045,318,92,226
116900047,14,212,-198
116900049,12,186,-174
116900050,153,241,-88
116900051,271,66,205
116900052,179,76,103
116900055,0,19,-19
116900057,20,112,-92
116900058,30,266,-236
116900059,1,63,-62
116900060,149,154,-5
116900062,0,5,-5
116900064,114,192,-78
116900065,32,67,-35
116900067,129,32,97
116900068,136,180,-44
116900070,7,6,1
116900072,33,200,-167
116900073,36,65,-29
116900074,5,37,-32
116900076,30,74,-44
116900077,17,76,-59
116900078,136,63,73
116900079,35,158,-123
116900080,15,21,-6
116900081,346,822,-476
116900082,320,844,-524
116900083,25,11,14
116900084,68,50,18
116900085,26,77,-51
116900086,48,149,-101
116900088,369,85,284
116900090,51,25,26
116900091,462,21,441
116900092,118,416,-298
116900093,2209,1685,524
116900094,2929,5827,-2898
116900095,201,161,40
116900096,139,570,-431
116900097,1694,4233,-2539
116900098,778,384,394
116900099,356,917,-561
116900100,1322,80,1242
116900101,238,324,-86
116900103,6,0,6
116900104,37,120,-83
116900105,385,253,132
116900106,2914,86,2828
116900107,1737,2994,-1257
116900110,38,1,37
116900111,820,276,544
116900112,325,403,-78
116900113,867,1734,-867
116900116,61,744,-683
116900117,154,90,64
116900118,663,920,-257
116900120,631,99,532
116900121,166,33,133
116900122,1322,369,953
116900123,326,357,-31
116900124,164,742,-578
116900125,703,128,575
116900126,60,594,-534
116900128,4,36,-32
116900129,1,214,-213
116900130,531,5551,-5020
116900131,80,291,-211
116900132,87,153,-66
116900133,224,110,114
116900134,295,197,98
116900136,244,216,28
116900137,254,121,133
116900138,189,135,54
116900139,125,331,-206
116900140,227,154,73
116900141,752,307,445
116900142,5,99,-94
116900143,377,252,125
116900144,53,102,-49
116900145,88,155,-67
116900147,318,1211,-893
116900148,8,60,-52
116900149,71,298,-227
116900150,9,13,-4
116900151,47,17,30
116900153,195,142,53
116900154,191,698,-507
116900155,92,127,-35
116900157,878,136,742
116900158,94,331,-237
116900159,62,388,-326
116900160,1074,1308,-234
116900161,4474,9379,-4905
116900162,38,68,-30
116900163,301,62,239
116900164,110,71,39
116900165,460,500,-40
116900166,73,30,43
116900167,539,34,505
116900168,523,51,472
116900169,373,898,-525
116900170,524,630,-106
116900171,57,165,-108
116900172,151,538,-387
116900173,320,19,301
116900174,79,65,14
116900175,268,341,-73
116900178,69,90,-21
116900179,95,473,-378
116900180,99,34,65
116900182,657,356,301
116900183,289,86,203
116900185,64,60,4
116900186,83,120,-37
116900187,72,69,3
116900188,154,36,118
116900189,54,1,53
116900191,370,589,-219
116900192,425,113,312
116900194,191,1875,-1684
116900195,77,50,27
116900196,8,41,-33
116900197,158,13,145
116900198,103,384,-281
116900200,113,4,109
116900201,209,9,200
116900202,68,19,49
116900203,172,10,162
116900204,60,164,-104
116900206,41,5,36
116900207,25,26,-1
116900208,5,44,-39
116900209,14,67,-53
116900210,639,350,289
116900211,349,1,348
116900212,99,16,83
116900213,302,91,211
116900214,273,158,115
116900215,84,60,24
116900216,316,136,180
116900218,10,156,-146
116900219,919,310,609
116900220,157,288,-131
116900221,123,328,-205
116900222,484,365,119
116900223,96,290,-194
116900226,210,51,159
116900227,184,41,143
116900228,478,132,346
116900230,81,161,-80
116900231,43,231,-188
116900232,28,263,-235
116900233,410,96,314
116900234,52,15,37
116900235,181,164,17
116900238,1195,274,921
116900239,29,1653,-1624
116900240,3443,3237,206
116900241,207,46,161
116900242,242,833,-591
116900243,3,57,-54
116900245,54,55,-1
116900246,152,13,139
116900247,951,20,931
116900248,128,43,85
116900249,623,108,515
116900250,554,39,515
116900251,355,864,-509
116900252,179,415,-236
116900253,177,41,136
116900254,39,63,-24
116900255,127,146,-19
116900256,551,137,414
116900257,30,191,-161
116900258,4,104,-100
116900259,350,11,339
116900260,3,64,-61
116900261,131,6,125
116900262,181,119,62
116900263,0,11,-11
116900264,7,6,1
116900265,56,0,56
116900266,22,27,-5
116900267,1,0,1
116900268,270,228,42
116900269,393,769,-376
116900271,583,383,200
116900272,313,260,53
116900273,74,114,-40
116900274,159,35,124
116900275,311,67,244
116900276,439,213,226
116900277,298,57,241
116900278,4,7,-3
116900279,2,7,-5
116900280,56,8,48
116900281,3509,6432,-2923
116900282,8,55,-47
116900283,12,44,-32
116900284,36,146,-110
116900285,130,213,-83
116900286,110,22,88
116900287,6,13,-7
116900288,138,46,92
116900289,34,5,29
116900290,11,2,9
116900291,51,11,40
116900292,0,16,-16
116900293,126,11,115
116900294,19,110,-91
116900295,97,144,-47
116900296,29,100,-71
116900297,4,68,-64
116900298,32,94,-62
116900299,14,87,-73
116900300,1,218,-217
116900301,23,216,-193
116900302,13,106,-93
116900303,71,151,-80
116900304,1,194,-193
116900305,32,43,-11
116900306,307,30,277
117000001,3435,2487,948
117000002,2110,3599,-1489
117000003,6944,3864,3080
117000004,2492,3924,-1432
117000005,3230,2369,861
117000006,1031,2152,-1121
117000007,5893,1327,4566
117000008,921,2433,-1512
117000009,4872,1975,2897
117000010,1974,2690,-716
117000011,3125,1567,1558
117000012,1629,902,727
117000013,2147,923,1224
117000014,1423,2184,-761
117000015,3263,1566,1697
117000016,196,193,3
117000017,94,193,-99
117000018,121,1128,-1007
117000019,51,5,46
117000020,402,2613,-2211
117000021,992,252,740
117000022,207,266,-59
117000023,89,222,-133
117000024,188,426,-238
117000025,216,1471,-1255
117000026,1516,1804,-288
117000027,888,4250,-3362
117000028,979,2688,-1709
117000030,280,407,-127
117000031,329,339,-10
117000032,1158,1041,117
117000033,1812,1573,239
117000034,356,279,77
117000035,498,316,182
117000036,392,245,147
117000037,367,211,156
117000038,164,444,-280
117000039,435,307,128
117000040,245,629,-384
117000041,1524,141,1383
117000044,13,470,-457
117000045,569,172,397
117000046,331,634,-303
117000047,873,761,112
117000048,1643,719,924
117000049,102,743,-641
117000050,218,1220,-1002
117000051,3349,99,3250
117000052,53,218,-165
117000053,787,46,741
117000054,2223,15,2208
117000055,7,1925,-1918
117000056,893,31,862
117000057,516,2061,-1545
117000060,636,1212,-576
117000061,2889,1405,1484
117000062,267,565,-298
117000063,2392,1328,1064
117000064,349,426,-77
117000066,680,744,-64
117000067,85,787,-702
117000074,71,162,-91
117000076,42,35,7
117000077,193,190,3
117000078,164,497,-333
117000079,568,236,332
117000080,1,424,-423
117000081,1148,144,1004
117000082,19,71,-52
117000083,126,5,121
117000084,192,6,186
117000085,471,1023,-552
117000086,831,328,503
117000087,83,505,-422
117000088,407,132,275
117000089,2341,242,2099
117000090,369,760,-391
117000091,1234,262,972
117000092,565,890,-325
117000093,1816,663,1153
117000094,1261,1674,-413
117000095,4673,827,3846
117000096,751,1533,-782
117000097,2177,1049,1128
117000098,1850,2708,-858
117000099,5410,1259,4151
117000100,294,432,-138
117000101,147,700,-553
117000102,2832,831,2001
117000103,615,1096,-481
117000104,2216,643,1573
117000105,745,1092,-347
117000106,2024,659,1365
117000107,562,1214,-652
117000108,2843,1067,1776
117000109,1092,1812,-720
117000110,2356,1708,648
117000111,3855,3902,-47
117000112,4286,1725,2561
117000113,167,174,-7
117000114,297,122,175
117000115,89,70,19
117000116,153,165,-12
117000117,1428,1191,237
117000118,303,116,187
117000119,107,367,-260
117000120,114,976,-862
117000121,30,1214,-1184
117000122,315,881,-566
117000123,1847,58,1789
117000124,115,162,-47
117000125,124,346,-222
117000126,34,25,9
117000127,121,393,-272
117000128,190,926,-736
117000129,120,163,-43
117000130,27,1,26
117000131,0,62,-62
117000132,3901,44,3857
117000133,3003,36,2967
117000134,0,103,-103
117000135,1,136,-135
117000136,2,44,-42
117000137,252,197,55
117000138,5,751,-746
117000140,458,1105,-647
117000141,2724,568,2156
117000181,321,167,154
117000182,909,1206,-297
117000195,175,691,-516
117000196,428,203,225
117000225,51,124,-73
117000226,6,111,-105
117000276,481,38,443
117000277,0,181,-181
117000310,1514,2449,-935
117000315,146,629,-483
117000320,39,0,39
117000906,596,26,570
117000907,14,174,-160
117000908,5,188,-183
117000909,31,29,2
117000910,286,196,90
117000911,72,155,-83
117000915,4,268,-264
117000916,73,5,68
117000917,1789,65,1724
117000918,95,64,31
117000919,15,20,-5
117000920,3,809,-806
117000921,1,552,-551
117000922,20,46,-26
117000924,1012,709,303
117000926,443,137,306
117000927,440,1175,-735
117000928,1,80,-79
117000929,329,132,197
117000930,349,14,335
117000931,85,114,-29
117900002,71,595,-524
117900003,375,388,-13
117900005,4,117,-113
117900006,0,92,-92
117900007,140,52,88
117900008,0,27,-27
117900010,451,94,357
117900011,25,285,-260
117900012,73,80,-7
117900013,2,109,-107
117900014,531,96,435
117900015,2,25,-23
117900016,1004,1332,-328
117900017,637,218,419
117900018,210,371,-161
117900019,845,172,673
117900020,83,460,-377
117900021,39,71,-32
117900022,24,16,8
117900023,1144,106,1038
117900024,56,43,13
117900025,35,5,30
117900026,574,129,445
117900028,41,5,36
117900029,353,372,-19
117900030,609,318,291
117900031,130,227,-97
117900032,1265,666,599
117900033,394,408,-14
117900034,31,14,17
117900035,233,116,117
117900036,323,289,34
117900037,252,82,170
117900038,37,132,-95
117900039,1,47,-46
117900040,125,198,-73
117900041,5,42,-37
117900042,2887,453,2434
117900043,11,33,-22
117900044,28,4110,-4082
117900045,197,165,32
117900048,562,146,416
117900049,304,346,-42
117900050,6,180,-174
117900051,18,2,16
117900052,52,511,-459
117900053,2307,259,2048
117900054,0,16,-16
117900055,659,118,541
117900056,40,83,-43
117900057,844,1308,-464
117900058,17,31,-14
117900059,152,101,51
117900060,3372,3025,347
117900061,15,303,-288
117900063,435,148,287
117900065,497,856,-359
117900066,30,119,-89
117900067,821,130,691
117900069,1040,221,819
117900070,87,121,-34
117900071,115,100,15
117900073,776,128,648
117900074,62,255,-193
117900075,86,66,20
117900076,21,76,-55
117900077,740,192,548
117900078,438,964,-526
117900080,123,36,87
117900081,377,355,22
117900082,650,409,241
117900083,503,268,235
117900086,116,27,89
117900087,200,48,152
117900088,1929,1420,509
117900089,3076,865,2211
117900090,515,358,157
117900091,112,101,11
117900092,126,21,105
117900093,128,55,73
117900094,45,54,-9
117900095,409,255,154
117900096,122,188,-66
117900097,332,78,254
117900098,56,21,35
117900099,230,368,-138
117900100,528,5,523
117900101,563,2489,-1926
117900102,104,28,76
117900103,99,4,95
117900104,15,253,-238
117900105,86,174,-88
117900106,172,45,127
117900107,74,2,72
117900109,999,372,627
117900110,129,0,129
117900111,486,42,444
117900112,82,10,72
117900113,1353,2324,-971
117900114,51,1,50
117900115,57,112,-55
117900116,863,710,153
117900117,974,237,737
117900118,171,4,167
117900119,345,68,277
117900120,384,26,358
117900121,140,150,-10
117900122,1078,6147,-5069
117900123,763,286,477
117900124,603,561,42
117900125,1744,1940,-196
117900126,185,430,-245
117900127,623,368,255
117900128,456,264,192
117900129,113,2,111
117900130,876,285,591
117900131,3,63,-60
117900132,7,85,-78
117900133,16,80,-64
117900134,89,302,-213
117900135,26,136,-110
117900136,0,17,-17
117900137,44,264,-220
117900138,0,21,-21
117900139,130,71,59
117900140,2745,336,2409
117900141,108,132,-24
117900142,37,121,-84
117900144,40,584,-544
117900145,19,84,-65
117900146,108,258,-150
117900147,95,36,59
117900148,2216,2132,84
117900149,154,91,63
117900150,32,62,-30
117900151,56,58,-2
117900152,55,91,-36
117900153,8,114,-106
117900154,523,413,110
117900156,577,526,51
117900157,76,515,-439
117900158,426,146,280
117900160,1061,956,105
117900161,1705,1577,128
117900162,787,411,376
117900163,20,378,-358
117900165,2,39,-37
117900166,90,587,-497
117900168,61,146,-85
117900169,0,91,-91
117900170,1,24,-23
117900171,3,30,-27
117900172,24,15,9
117900173,127,91,36
117900174,40,67,-27
117900175,7,15,-8
117900176,20,44,-24
117900177,29,23,6
117900178,85,61,24
117900180,260,29,231
117900181,65,622,-557
117900182,2,66,-64
117900183,117,179,-62
117900184,36,60,-24
117900185,118,51,67
117900186,81,14,67
117900187,36,8,28
117900188,232,46,186
117900189,127,26,101
117900190,31,2,29
117900191,108,1,107
117900192,220,0,220
117900193,13,107,-94
117900194,24,6,18
117900195,30,83,-53
117900196,30,20,10
117900207,127,124,3
117900208,34,36,-2
117900209,168,111,57
117900210,106,152,-46
117900211,18,108,-90
117900212,170,129,41
117900213,49,10,39
117900214,9,27,-18
117900215,17,34,-17
117900216,16,18,-2
117900217,24,288,-264
117900218,26,73,-47
117900219,4,209,-205
117900220,45,186,-141
118000001,825,1924,-1099
118000002,577,1590,-1013
118000003,2102,4769,-2667
118000004,2404,2242,162
118000005,2825,5362,-2537
118000006,2484,7561,-5077
118000007,4555,5399,-844
118000008,1761,3648,-1887
118000009,1553,3110,-1557
118000010,6233,4046,2187
118000011,1932,1635,297
118000012,1120,1358,-238
118000013,2236,2026,210
118000014,1746,1303,443
118000016,332,238,94
118000017,723,447,276
118000018,370,346,24
118000019,1700,1948,-248
118000020,840,3662,-2822
118000021,547,3580,-3033
118000022,1151,1047,104
118000023,566,232,334
118000024,847,1627,-780
118000025,14,104,-90
118000027,7988,12708,-4720
118000029,575,1034,-459
118000032,348,3941,-3593
118000033,2723,7019,-4296
118000034,3636,3218,418
118000035,2388,3419,-1031
118000036,747,1340,-593
118000037,735,914,-179
118000038,321,136,185
118000039,72,106,-34
118000040,1653,1249,404
118000041,2799,1263,1536
118000045,265,233,32
118000046,973,1192,-219
118000047,662,1579,-917
118000048,1415,2392,-977
118000051,1932,4641,-2709
118000052,1124,2286,-1162
118000053,322,832,-510
118000054,2800,1156,1644
118000055,2125,1821,304
118000056,169,714,-545
118000057,200,490,-290
118000058,2316,5508,-3192
118000059,1801,3176,-1375
118000060,1616,607,1009
118000061,1475,1187,288
118000062,531,304,227
118000063,398,1245,-847
118000064,843,1340,-497
118000065,1949,1507,442
118000066,1068,2358,-1290
118000067,504,726,-222
118000068,1067,5903,-4836
118000069,1638,1033,605
118000070,3859,1754,2105
118000071,2817,7269,-4452
118000072,836,1588,-752
118000073,606,865,-259
118000074,621,390,231
118000075,607,255,352
118000076,1369,3616,-2247
118000077,1055,1237,-182
118000078,1885,2941,-1056
118000079,242,593,-351
118000080,648,795,-147
118000081,1759,1526,233
118000082,278,1329,-1051
118000083,1239,1811,-572
118000084,2611,2285,326
118000086,233,609,-376
118000087,3445,2434,1011
118000088,1536,1574,-38
118000089,3897,2799,1098
118000090,2010,2955,-945
118000091,932,3744,-2812
118000092,906,577,329
118000093,72,730,-658
118000096,448,612,-164
118000097,769,806,-37
118000098,276,180,96
118000099,907,576,331
118000101,1589,380,1209
118000102,554,754,-200
118000107,1251,436,815
118000108,646,3593,-2947
118000110,4,61,-57
118000111,2,121,-119
118000112,793,2,791
118000113,4,184,-180
118000114,616,18,598
118000115,9,14,-5
118000116,24,0,24
118000117,606,669,-63
118000118,948,1312,-364
118000119,987,1243,-256
118000120,1284,917,367
118000121,44,586,-542
118000122,895,316,579
118000123,59,257,-198
118000125,1061,671,390
118000126,673,1918,-1245
118000127,1546,729,817
118000128,431,1168,-737
118000129,1310,585,725
118000130,1519,2257,-738
118000131,425,426,-1
118000132,3415,2669,746
118000133,1289,543,746
118000135,618,657,-39
118000136,170,412,-242
118000137,635,129,506
118000138,503,370,133
118000139,614,72,542
118000140,2958,7453,-4495
118000141,2757,1767,990
118000142,2170,1604,566
118000143,3383,1344,2039
118000144,972,626,346
118000145,1819,1062,757
118000146,1583,528,1055
118000147,1172,1046,126
118000148,584,1027,-443
118000149,1251,907,344
118000150,742,216,526
118000151,965,340,625
118000153,2055,1087,968
118000154,1583,1513,70
118000155,2533,1229,1304
118000156,2271,3074,-803
118000157,722,390,332
118000158,292,478,-186
118000159,42,137,-95
118000160,809,393,416
118000161,821,456,365
118000162,1972,962,1010
118000163,1247,956,291
118000164,2027,1503,524
118000168,679,1324,-645
118000169,893,870,23
118000170,2990,2805,185
118000171,476,376,100
118000172,94,212,-118
118000173,1067,1614,-547
118000175,324,514,-190
118000176,448,729,-281
118000177,467,762,-295
118000178,36,54,-18
118000179,1103,1724,-621
118000180,852,840,12
118000181,736,299,437
118000182,275,234,41
118000183,286,423,-137
118000184,1360,603,757
118000185,1121,1832,-711
118000186,950,1572,-622
118000187,2089,478,1611
118000188,849,83,766
118000189,828,391,437
118000190,6,9,-3
118000191,28,31,-3
118000192,166,358,-192
118000193,36,389,-353
118000194,1207,833,374
118000195,269,1622,-1353
118000196,173,284,-111
118000197,63,173,-110
118000198,376,830,-454
118000199,259,508,-249
118000200,110,319,-209
118000201,316,551,-235
118000202,55,78,-23
118000203,328,826,-498
118000204,57,446,-389
118000205,88,295,-207
118000206,330,220,110
118000207,1,58,-57
118000208,1439,1488,-49
118000209,2869,1161,1708
118000210,218,36,182
118000211,50,41,9
118000213,708,3903,-3195
118000214,325,603,-278
118000215,441,88,353
118000216,4181,1581,2600
118000217,31,42,-11
118000218,137,49,88
118000219,387,247,140
118000220,5,86,-81
118000221,436,426,10
118000222,91,5,86
118000223,86,48,38
118000224,129,74,55
118000225,92,524,-432
118000226,1148,165,983
118000227,528,486,42
118000228,90,286,-196
118000229,76,146,-70
118000230,127,132,-5
118000231,111,207,-96
118000232,957,475,482
118000233,1551,702,849
118000234,625,186,439
118000236,481,241,240
118000237,82,246,-164
118000238,241,131,110
118000239,325,210,115
118000240,162,134,28
118000241,237,176,61
118000242,596,280,316
118000243,354,191,163
118000244,77,46,31
118000246,1,47,-46
118000255,21,266,-245
118000256,147,184,-37
118000259,13,112,-99
118000260,217,74,143
118000261,55,23,32
118000263,145,123,22
118000266,150,185,-35
118000267,1,152,-151
118000268,198,4,194
118000270,124,12,112
118000271,190,134,56
118000272,101,51,50
118000273,291,54,237
118000274,98,261,-163
118000276,706,325,381
118000295,18,141,-123
118000298,195,193,2
118000299,58,79,-21
118000301,0,90,-90
118000302,120,35,85
118000311,934,57,877
118000312,521,139,382
118000313,101,99,2
118000314,223,28,195
118000315,64,26,38
118000316,972,373,599
118000325,80,24,56
118000326,89,26,63
118000331,70,29,41
118000332,12,27,-15
118000333,27,57,-30
118000335,480,1,479
118000336,0,114,-114
118000407,372,53,319
118000457,6,34,-28
118000465,1080,4181,-3101
118000480,61,42,19
118000489,11,627,-616
118000490,14,157,-143
118000492,435,162,273
118000510,46,20,26
118000514,62,368,-306
118000515,740,936,-196
118000517,361,146,215
118000524,211,403,-192
118000525,616,721,-105
118000530,35,72,-37
118000531,495,332,163
118000532,262,209,53
118000533,245,127,118
118000534,706,338,368
118000535,387,135,252
118000536,149,1331,-1182
118000537,31,182,-151
118000538,34,116,-82
118000539,41,142,-101
118000540,279,193,86
118000541,172,90,82
118000542,152,178,-26
118000543,245,248,-3
118000546,65,27,38
118000560,1396,2954,-1558
118000562,32,81,-49
118000563,1219,1025,194
118000576,144,97,47
118000577,150,147,3
118000578,99,77,22
118000579,466,1410,-944
118000595,270,85,185
118000596,1,188,-187
118000597,119,76,43
118000598,15,2,13
118000599,127,38,89
118000600,0,18,-18
118000601,11,0,11
118000602,0,6,-6
118000603,0,8,-8
118900001,361,1181,-820
118900002,665,1063,-398
118900003,628,13,615
118900004,61,48,13
118900005,92,9,83
118900006,191,12,179
118900007,17,1,16
118900008,1259,108,1151
118900009,102,90,12
118900010,97,11,86
118900011,188,32,156
118900012,508,163,345
118900013,499,307,192
118900015,333,64,269
118900016,16,7,9
118900017,95,309,-214
118900018,1029,27,1002
118900019,18,18,0
118900020,91,168,-77
118900021,195,292,-97
118900022,159,96,63
118900023,120,77,43
118900024,150,179,-29
118900025,44,18,26
118900026,74,60,14
118900027,438,160,278
118900028,215,164,51
118900029,285,448,-163
118900030,685,40,645
118900031,191,71,120
118900032,296,97,199
118900033,407,542,-135
118900034,262,35,227
118900035,102,85,17
118900036,1480,720,760
118900037,372,434,-62
118900038,591,90,501
118900039,681,109,572
118900040,290,166,124
118900041,757,170,587
118900042,212,71,141
118900045,364,159,205
118900046,737,489,248
118900047,382,255,127
118900048,76,437,-361
118900049,50,60,-10
118900050,64,18,46
118900051,61,100,-39
118900052,306,349,-43
118900053,23,102,-79
118900054,180,26,154
118900055,193,36,157
118900056,37,366,-329
118900057,1080,564,516
118900058,428,304,124
118900059,15,101,-86
118900060,62,102,-40
118900062,363,146,217
118900064,186,752,-566
118900065,80,138,-58
118900066,93,80,13
118900067,2308,5484,-3176
118900068,10,220,-210
118900069,591,166,425
118900071,6,38,-32
118900072,485,315,170
118900073,276,130,146
118900074,172,58,114
118900075,82,30,52
118900076,225,140,85
118900077,423,203,220
118900078,10,0,10
118900079,57,100,-43
118900080,54,68,-14
118900081,54,43,11
118900082,1537,154,1383
118900083,34,7,27
118900084,7,16,-9
118900085,700,452,248
118900086,33,110,-77
118900087,57,422,-365
118900088,3,1,2
118900089,21,38,-17
118900090,758,247,511
118900091,170,284,-114
118900092,409,54,355
118900093,97,18,79
118900096,46,20,26
118900097,277,416,-139
118900099,118,272,-154
118900100,86,160,-74
118900101,273,316,-43
118900102,60,66,-6
118900103,78,175,-97
118900104,369,95,274
118900105,277,89,188
118900107,158,68,90
118900108,181,126,55
118900109,33,73,-40
118900110,1001,1128,-127
118900111,661,342,319
118900112,142,163,-21
118900113,100,234,-134
118900114,24,60,-36
118900115,138,458,-320
118900116,138,190,-52
118900117,162,176,-14
118900118,360,224,136
118900119,133,190,-57
118900120,91,303,-212
118900121,39,80,-41
118900122,5,1317,-1312
118900123,134,201,-67
118900124,121,101,20
118900126,28,499,-471
118900129,274,247,27
118900130,39,188,-149
118900131,236,153,83
118900132,412,257,155
118900133,9,113,-104
118900135,202,131,71
118900136,231,347,-116
118900137,14,84,-70
118900139,222,145,77
118900140,554,431,123
118900141,89,88,1
118900144,145,234,-89
118900145,12,71,-59
118900146,492,703,-211
118900147,120,161,-41
118900148,128,43,85
118900150,124,527,-403
118900152,704,509,195
118900157,59,188,-129
118900158,237,56,181
118900159,0,85,-85
118900161,82,19,63
118900163,68,61,7
118900164,1,59,-58
118900165,93,79,14
118900166,49,3,46
118900167,141,65,76
118900168,25,272,-247
118900169,187,94,93
118900170,320,37,283
118900171,58,43,15
118900174,81,64,17
118900175,672,477,195
118900176,263,256,7
118900177,121,49,72
118900178,69,216,-147
118900179,6,34,-28
118900181,104,86,18
118900182,103,88,15
118900183,32,160,-128
118900184,278,100,178
118900185,159,64,95
118900186,100,114,-14
118900187,284,254,30
118900188,337,234,103
118900189,66,1026,-960
118900190,26,169,-143
118900191,223,40,183
118900192,321,12,309
118900193,886,9,877
118900195,240,388,-148
118900196,32,137,-105
118900197,218,42,176
118900198,43,7,36
118900199,123,23,100
118900200,39,42,-3
118900201,40,67,-27
118900202,14,45,-31
118900203,23,7,16
118900204,22,6,16
118900205,4,0,4
118900206,3,1,2
119000001,1723,2830,-1107
119000002,4566,5186,-620
119000003,4098,740,3358
119000004,2805,1641,1164
119000005,2582,2503,79
119000006,3675,1768,1907
119000007,4469,3886,583
119000008,2131,1486,645
119000009,4055,6530,-2475
119000010,4923,4344,579
119000011,2770,2974,-204
119000012,1397,3194,-1797
119000013,3425,2159,1266
119000014,1479,2362,-883
119000019,310,185,125
119000020,3344,1685,1659
119000021,6535,3496,3039
119000022,1592,4420,-2828
119000023,275,258,17
119000024,2229,15970,-13741
119000025,4007,964,3043
119000026,50,613,-563
119000027,200,408,-208
119000028,1568,537,1031
119000029,123,326,-203
119000030,621,801,-180
119000031,860,534,326
119000032,6292,2512,3780
119000033,2486,1175,1311
119000034,1275,839,436
119000035,40,249,-209
119000036,2606,613,1993
119000037,1768,1012,756
119000038,246,445,-199
119000039,598,409,189
119000040,863,918,-55
119000041,673,1350,-677
119000048,2490,1834,656
119000049,2587,1642,945
119000050,1589,1271,318
119000051,2323,1075,1248
119000052,1891,2588,-697
119000053,2085,1163,922
119000054,3874,1676,2198
119000055,6171,2468,3703
119000056,3687,1896,1791
119000057,1839,1114,725
119000058,1964,1080,884
119000059,1437,1215,222
119000060,1897,1038,859
119000061,2026,633,1393
119000062,1186,1141,45
119000063,857,549,308
119000064,1164,1590,-426
119000065,2053,5175,-3122
119000066,2767,1512,1255
119000067,2669,1931,738
119000068,2115,938,1177
119000069,2135,2704,-569
119000070,3529,718,2811
119000071,534,883,-349
119000072,5416,6191,-775
119000073,4647,10135,-5488
119000074,1684,1554,130
119000075,4448,2591,1857
119000076,302,3783,-3481
119000077,728,1758,-1030
119000078,465,497,-32
119000079,155,1905,-1750
119000080,723,253,470
119000081,354,1380,-1026
119000082,1036,326,710
119000083,712,387,325
119000084,391,613,-222
119000085,1442,152,1290
119000086,313,446,-133
119000087,1163,529,634
119000088,377,131,246
119000089,88,235,-147
119000090,204,107,97
119000091,123,424,-301
119000092,606,171,435
119000093,3830,2152,1678
119000094,4133,4988,-855
119000095,2528,2746,-218
119000097,1810,1040,770
119000098,1254,3830,-2576
119000099,2419,1110,1309
119000100,5360,3442,1918
119000101,4696,2859,1837
119000102,746,1750,-1004
119000103,1382,1083,299
119000104,1634,966,668
119000105,1178,2803,-1625
119000106,353,667,-314
119000107,1391,592,799
119000108,395,509,-114
119000109,189,2565,-2376
119000110,446,2653,-2207
119000111,31,1222,-1191
119000112,207,577,-370
119000113,1806,638,1168
119000114,1461,1321,140
119000115,226,186,40
119000116,100,169,-69
119000117,192,410,-218
119000118,1,1,0
119000123,3765,2888,877
119000124,965,138,827
119000125,5714,630,5084
119000126,1123,356,767
119000127,895,390,505
119000128,17,0,17
119000131,1236,314,922
119000132,0,2,-2
119000133,0,2,-2
119000134,1446,542,904
119000135,247,396,-149
119000136,376,78,298
119000137,530,160,370
119000138,872,124,748
119000139,475,106,369
119000140,457,467,-10
119000284,1047,2088,-1041
119000285,1778,1437,341
119000286,5118,3544,1574
119000287,1397,1411,-14
119000288,2218,804,1414
119000289,1385,1841,-456
119000290,321,256,65
119000291,10,182,-172
119000293,170,203,-33
119000294,69,28,41
119000295,1092,206,886
119000296,319,147,172
119000302,1546,1275,271
119000303,36,157,-121
119000314,1523,12628,-11105
119000315,1,137,-136
119000316,199,84,115
119000317,182,119,63
119900001,218,1553,-1335
119900002,182,166,16
119900003,31,492,-461
119900004,202,2116,-1914
119900005,301,77,224
119900006,250,461,-211
119900007,970,310,660
119900008,142,57,85
119900009,655,453,202
119900010,1100,3305,-2205
119900011,34,250,-216
119900012,23,156,-133
119900013,2645,2774,-129
119900014,513,674,-161
119900015,203,52,151
119900016,76,61,15
119900017,69,38,31
119900018,1583,1409,174
119900019,66,11,55
119900020,174,165,9
119900021,248,83,165
119900022,95,1317,-1222
119900023,292,2586,-2294
119900025,403,27,376
119900026,547,166,381
119900027,20,16,4
119900028,230,247,-17
119900029,0,6,-6
119900030,688,348,340
119900031,104,708,-604
119900033,2945,442,2503
119900034,783,98,685
119900037,226,19,207
119900038,70,467,-397
119900039,53,11,42
119900040,132,13,119
119900041,260,16,244
119900042,146,151,-5
119900043,139,120,19
119900044,173,1335,-1162
119900046,234,37,197
119900047,456,135,321
119900048,53,13,40
119900049,212,5,207
119900050,230,217,13
119900051,1123,10,1113
119900052,124,22,102
119900053,282,106,176
119900054,333,6,327
119900055,1645,510,1135
119900057,460,50,410
119900058,428,11,417
119900059,128,45,83
119900060,402,56,346
119900061,18,0,18
119900062,172,11,161
119900063,8,74,-66
119900064,846,101,745
119900065,299,7,292
119900066,3,0,3
119900067,115,21,94
119900068,812,41,771
119900069,150,46,104
119900070,1783,74,1709
119900071,1224,31,1193
119900072,14,20,-6
119900073,1226,436,790
119900074,13,40,-27
119900075,2179,2404,-225
119900076,1100,269,831
119900077,1333,474,859
119900078,829,635,194
119900079,472,106,366
119900080,1837,945,892
119900081,219,18,201
119900082,2513,274,2239
119900083,447,108,339
119900084,568,368,200
119900085,37,45,-8
119900086,187,142,45
119900087,728,516,212
119900088,39,40,-1
119900089,69,263,-194
119900090,95,43,52
119900091,97,306,-209
119900092,122,311,-189
119900093,1578,247,1331
119900094,35,155,-120
119900095,178,153,25
119900096,29,90,-61
119900097,346,235,111
119900098,41,53,-12
119900099,52,144,-92
119900100,1101,3117,-2016
119900101,167,2294,-2127
119900102,75,119,-44
119900103,62,163,-101
119900104,51,155,-104
119900105,997,13598,-12601
119900106,6,109,-103
119900107,193,1336,-1143
119900108,9586,698,8888
119900109,21,123,-102
119900110,1305,387,918
119900111,190,157,33
119900112,853,651,202
119900113,43,219,-176
119900114,424,595,-171
119900115,656,486,170
119900116,154,402,-248
119900117,509,385,124
119900118,184,358,-174
119900119,353,155,198
119900120,602,568,34
119900121,579,468,111
119900122,206,206,0
119900123,232,381,-149
119900124,352,357,-5
119900125,39,228,-189
119900126,5568,284,5284
119900127,1153,735,418
119900128,587,337,250
119900129,366,205,161
119900130,13,197,-184
119900131,62,103,-41
119900132,11,134,-123
119900133,116,86,30
119900134,794,154,640
119900135,0,244,-244
119900136,147,260,-113
119900138,271,414,-143
119900139,37,116,-79
119900140,2,117,-115
119900141,76,931,-855
119900142,16,41,-25
119900143,24,548,-524
119900144,1138,234,904
119900145,92,121,-29
119900146,203,190,13
119900147,2,159,-157
119900148,410,58,352
119900149,640,5977,-5337
119900150,134,109,25
119900151,2495,1009,1486
119900152,211,141,70
119900153,272,50,222
119900154,66,70,-4
119900155,61,26,35
119900156,39,38,1
119900157,244,158,86
119900158,378,51,327
119900159,3,616,-613
119900160,39,67,-28
119900161,132,72,60
119900162,1214,1415,-201
119900163,91,129,-38
119900164,1,1,0
119900165,190,84,106
119900166,124,71,53
119900167,39,70,-31
119900168,1438,540,898
119900169,34,277,-243
119900170,189,299,-110
119900171,986,370,616
119900172,139,29,110
119900173,14,161,-147
119900174,2,95,-93
119900175,2018,506,1512
119900177,14,137,-123
119900178,9,77,-68
119900179,160,957,-797
119900180,1244,1022,222
119900181,55,129,-74
119900182,10,155,-145
119900183,144,587,-443
119900184,950,344,606
119900185,74,265,-191
119900186,33,1554,-1521
119900187,16,178,-162
119900188,133,237,-104
119900189,357,360,-3
119900190,92,514,-422
119900191,250,381,-131
119900192,123,161,-38
119900193,565,109,456
119900194,52,77,-25
119900195,49,148,-99
119900196,452,199,253
119900197,329,228,101
119900198,196,261,-65
119900199,177,33,144
119900200,776,532,244
119900201,219,233,-14
119900202,82,328,-246
119900203,233,658,-425
119900204,408,224,184
119900205,1105,230,875
119900206,357,141,216
119900208,161,225,-64
119900209,633,1916,-1283
119900210,59,15,44
119900211,91,10,81
119900212,380,298,82
119900213,21,108,-87
119900214,94,63,31
119900215,47,42,5
119900216,20,25,-5
119900217,8,40,-32
119900218,21,62,-41
119900219,7,50,-43
119900220,7,36,-29
119900221,45,119,-74
119900222,23,83,-60
119900223,14,30,-16
119900224,8,17,-9
119900225,506,40,466
119900226,293,2088,-1795
119900227,526,371,155
119900228,134,266,-132
119900229,267,406,-139
119900230,1022,367,655
119900231,433,107,326
119900232,214,184,30
119900233,126,8,118
119900234,33,134,-101
119900235,16,45,-29
119900236,32,87,-55
119900237,73,569,-496
119900238,0,56,-56
119900240,159,85,74
119900241,171,136,35
119900242,1290,1565,-275
119900244,735,1208,-473
119900245,117,215,-98
119900246,301,630,-329
119900247,52,174,-122
119900248,96,430,-334
119900249,440,167,273
119900253,1146,447,699
119900254,120,1106,-986
119900255,212,1235,-1023
119900256,1306,452,854
119900257,172,10,162
119900258,413,24,389
119900259,12,39,-27
119900260,261,9,252
119900261,553,178,375
119900262,1,116,-115
119900263,1249,326,923
119900264,213,61,152
119900265,1203,316,887
119900266,637,148,489
119900267,284,366,-82
119900268,153,78,75
119900269,1973,658,1315
119900271,53,97,-44
119900272,446,435,11
119900275,259,68,191
119900276,81,5,76
119900277,41,50,-9
119900278,183,118,65
119900279,117,339,-222
119900280,537,96,441
119900281,2,414,-412
119900282,59,235,-176
119900283,43,130,-87
119900284,72,133,-61
119900285,18,110,-92
119900286,2,25,-23
119900288,6,11,-5
119900289,5,18,-13
119900290,6,6,0
119900291,3,79,-76
119900292,45,71,-26
119900293,49,77,-28
119900294,31,72,-41
119900295,24,17,7
119900296,135,108,27
119900297,0,40,-40
119900298,2,25,-23
119900299,93,51,42
119900300,367,175,192
119900301,74,175,-101
119900302,80,124,-44
119900303,372,89,283
119900304,240,16,224
119900305,2,71,-69
119900306,39,2,37
119900307,69,40,29
119900308,5,18,-13
119900309,67,202,-135
119900310,299,234,65
119900311,155,41,114
119900312,166,75,91
119900313,302,283,19
119900314,272,372,-100
119900315,3040,1162,1878
119900318,20,79,-59
119900319,43,150,-107
119900320,315,461,-146
119900321,111,3,108
120000001,7574,22763,-15189
120000002,2819,2298,521
120000003,2678,1572,1106
120000004,2365,1248,1117
120000005,2502,1770,732
120000006,1218,1000,218
120000007,2792,3784,-992
120000008,989,1138,-149
120000009,1674,997,677
120000010,2023,2131,-108
120000011,1096,1287,-191
120000012,1766,2020,-254
120000013,3873,2833,1040
120000014,845,1410,-565
120000015,2587,1513,1074
120000016,4547,2212,2335
120000017,4210,3371,839
120000018,3671,16065,-12394
120000019,1318,1700,-382
120000020,2968,4221,-1253
120000021,2248,2615,-367
120000022,2696,4092,-1396
120000023,1449,1781,-332
120000024,1323,2722,-1399
120000025,3110,1862,1248
120000026,2996,1813,1183
120000027,2760,2263,497
120000028,1294,5256,-3962
120000029,1402,5369,-3967
120000030,326,989,-663
120000031,2367,5835,-3468
120000032,6085,3623,2462
120000033,5520,1531,3989
120000034,3230,1361,1869
120000035,3663,2151,1512
120000036,4514,6058,-1544
120000037,676,1911,-1235
120000038,6671,3864,2807
120000039,930,886,44
120000040,93,1355,-1262
120000041,814,1434,-620
120000042,2093,1412,681
120000043,5542,1165,4377
120000044,7018,1473,5545
120000045,8228,993,7235
120000046,5102,3176,1926
120000047,665,7791,-7126
120000048,6809,4582,2227
120000049,4133,2857,1276
120000050,3885,3507,378
120000051,2782,4065,-1283
120000052,7776,1533,6243
120000053,1844,1531,313
120000054,1843,2692,-849
120000055,1869,3620,-1751
120000056,5740,3740,2000
120000057,5012,2183,2829
120000058,1835,4181,-2346
120000059,26,1882,-1856
120000061,94,382,-288
120000062,190,345,-155
120000063,1087,2001,-914
120000064,294,758,-464
120000065,633,1099,-466
120000066,253,598,-345
120000067,59,600,-541
120000068,264,452,-188
120000069,642,491,151
120000070,141,429,-288
120000071,958,84,874
120000072,1324,449,875
120000073,1222,141,1081
120000074,162,267,-105
120000075,1366,442,924
120000076,3256,525,2731
120000077,2844,825,2019
120000078,3829,1402,2427
120000079,344,213,131
120000080,162,254,-92
120000081,417,129,288
120000082,347,249,98
120000083,77,817,-740
120000084,481,336,145
120000085,351,337,14
120000086,187,321,-134
120000087,266,306,-40
120000088,960,975,-15
120000089,1551,564,987
120000090,942,428,514
120000091,1635,666,969
120000092,1617,567,1050
120000093,856,525,331
120000094,275,1003,-728
120000095,1104,340,764
120000096,292,498,-206
120000098,1176,576,600
120000099,558,598,-40
120000100,1012,725,287
120000101,898,440,458
120000102,855,1154,-299
120000103,1875,1048,827
120000104,2478,557,1921
120000105,4141,752,3389
120000106,3436,648,2788
120000107,5969,543,5426
120000108,2041,148,1893
120000109,1516,119,1397
120000110,85,913,-828
120000111,114,758,-644
120000112,842,1623,-781
120000113,528,1223,-695
120000114,910,1569,-659
120000115,334,1408,-1074
120000116,681,1424,-743
120000117,644,1122,-478
120000118,34,75,-41
120000119,9,58,-49
120000120,112,88,24
120000121,16,38,-22
120000122,258,631,-373
120000123,2751,9568,-6817
120000124,501,340,161
120000125,878,540,338
120000126,334,1216,-882
120000127,1482,1689,-207
120000128,2341,4943,-2602
120000129,208,281,-73
120000130,814,424,390
120000131,470,726,-256
120000134,389,459,-70
120000135,1215,632,583
120000137,333,425,-92
120000138,2128,249,1879
120000139,398,271,127
120000140,1656,246,1410
120000141,330,262,68
120000142,877,450,427
120000143,0,57,-57
120000144,189,22,167
120000145,725,3,722
120000146,700,1015,-315
120000149,710,719,-9
120000150,2665,12166,-9501
120000151,521,445,76
120000152,1024,152,872
120000153,541,413,128
120000154,564,502,62
120000155,181,289,-108
120000156,486,1684,-1198
120000157,1295,578,717
120000158,1031,624,407
120000159,1949,2050,-101
120000160,2786,1974,812
120000161,3194,2177,1017
120000162,86,310,-224
120000163,1015,595,420
120000164,891,228,663
120000165,851,361,490
120000166,1669,333,1336
120000167,710,495,215
120000168,39,1597,-1558
120000169,132,4529,-4397
120000170,60,3820,-3760
120000171,51,1256,-1205
120000172,16,741,-725
120000173,842,4139,-3297
120000174,196,97,99
120000175,123,83,40
120000176,92,103,-11
120000177,938,135,803
120000178,58,44,14
120000179,86,99,-13
120000180,271,182,89
120000181,236,3145,-2909
120000182,86,1340,-1254
120000183,8,1020,-1012
120000184,239,2687,-2448
120000186,59,1558,-1499
120000187,37,724,-687
120000188,25,1320,-1295
120000190,205,102,103
120000191,357,149,208
120000192,308,63,245
120000193,111,6,105
120000195,36,4,32
120000196,90,21,69
120000197,43,44,-1
120000198,346,39,307
120000199,220,1,219
120000200,259,2,257
120000201,26,39,-13
120000202,7,56,-49
120000203,109,166,-57
120000207,3,76,-73
120000208,9,121,-112
120000209,7,46,-39
120000210,82,104,-22
120000211,303,5,298
120000212,258,3,255
120000213,332,131,201
120000214,1,134,-133
120000215,3,99,-96
120000216,260,43,217
120000217,384,948,-564
120000218,65,488,-423
120000219,4,293,-289
120000220,6,812,-806
120000225,3056,7,3049
120000226,597,6,591
120000227,1092,135,957
120000228,17420,4116,13304
120000230,747,41,706
120000231,2269,1275,994
120000233,568,14,554
120000235,314,412,-98
120000236,1413,1,1412
120000237,0,716,-716
120000238,4,1794,-1790
120000241,1527,4310,-2783
120000412,305,8,297
120000413,347,128,219
120000414,254,4,250
120000415,1,20,-19
120000416,147,3,144
120000417,8,66,-58
120000418,386,22,364
120000419,26,99,-73
120000420,25,14,11
120000421,7102,4810,2292
120000422,78,1726,-1648
120000423,2,73,-71
120000424,194,89,105
120000436,107,833,-726
120000437,131,129,2
120000438,1647,283,1364
120000439,334,696,-362
120000443,225,0,225
120000444,1862,314,1548
120000445,2138,1061,1077
120000446,971,211,760
120000447,305,1,304
120000449,255,5,250
120000450,1,78,-77
120000451,149,219,-70
120000452,527,3,524
120000453,0,102,-102
120000454,64,71,-7
120000455,77,46,31
120000456,5284,4872,412
120000457,595,389,206
120000458,556,498,58
120000459,196,94,102
120000665,513,445,68
120000668,144,5139,-4995
120000669,168,153,15
120000670,136,4027,-3891
120000671,2189,632,1557
120000672,82,449,-367
120900001,117,91,26
120900002,166,694,-528
120900003,214,33,181
120900004,15,152,-137
120900005,90,466,-376
120900006,985,337,648
120900007,257,72,185
120900008,692,786,-94
120900009,271,22,249
120900010,762,212,550
120900011,129,254,-125
120900012,141,1438,-1297
120900013,465,182,283
120900014,4,295,-291
120900015,1073,114,959
120900016,1449,107,1342
120900017,2095,62,2033
120900018,268,307,-39
120900019,776,557,219
120900020,735,1449,-714
120900021,1288,285,1003
120900022,27,221,-194
120900023,470,34,436
120900024,2113,603,1510
120900025,1365,1013,352
120900026,165,160,5
120900027,770,14,756
120900028,649,217,432
120900029,76,886,-810
120900030,2174,1089,1085
120900031,420,151,269
120900032,1872,100,1772
120900033,1649,117,1532
120900034,25,3267,-3242
120900035,107,113,-6
120900037,374,19,355
120900038,106,567,-461
120900039,105,87,18
120900040,577,6,571
120900041,62,42,20
120900042,930,30,900
120900043,107,52,55
120900044,15,400,-385
120900045,190,80,110
120900046,829,10,819
120900047,209,202,7
120900048,242,67,175
120900049,842,3,839
120900050,1203,2382,-1179
120900051,515,64,451
120900052,1040,11,1029
120900053,609,26,583
120900054,1399,423,976
120900055,630,7,623
120900056,872,48,824
120900057,330,39,291
120900058,885,2,883
120900059,187,4,183
120900060,129,34,95
120900061,276,208,68
120900062,312,4,308
120900063,1182,18,1164
120900064,1069,2,1067
120900065,914,17,897
120900066,762,409,353
120900067,276,64,212
120900068,506,0,506
120900069,515,24,491
120900071,46,1,45
120900072,1351,5,1346
120900073,1040,46,994
120900074,1136,30,1106
120900076,624,2,622
120900077,1651,233,1418
120900078,1206,390,816
120900079,1360,139,1221
120900080,1307,683,624
120900081,1791,489,1302
120900082,326,458,-132
120900083,158,4,154
120900084,717,757,-40
120900085,73,104,-31
120900086,92,526,-434
120900087,684,424,260
120900088,299,851,-552
120900089,1982,4034,-2052
120900090,269,23,246
120900091,676,1178,-502
120900092,613,321,292
120900093,1158,146,1012
120900094,276,155,121
120900095,446,23,423
120900096,70,199,-129
120900097,764,491,273
120900098,159,174,-15
120900099,77,68,9
120900100,48,184,-136
120900101,344,171,173
120900102,62,55,7
120900103,80,336,-256
120900104,26,109,-83
120900105,39,249,-210
120900106,748,284,464
120900107,186,160,26
120900108,6,268,-262
120900109,43,325,-282
120900110,25,238,-213
120900111,215,248,-33
120900112,36,397,-361
120900113,25,382,-357
120900114,77,224,-147
120900115,140,281,-141
120900116,681,209,472
120900117,18,213,-195
120900118,40,397,-357
120900119,15845,2952,12893
120900120,185,757,-572
120900121,46,295,-249
120900122,1012,196,816
120900123,8,146,-138
120900124,3,231,-228
120900125,6,473,-467
120900126,1125,656,469
120900127,17,226,-209
120900128,703,1240,-537
120900129,46,215,-169
120900130,82,402,-320
120900131,174,231,-57
120900132,1562,210,1352
120900133,86,403,-317
120900134,363,328,35
120900135,3,308,-305
120900136,72,363,-291
120900137,376,89,287
120900138,25,167,-142
120900139,0,409,-409
120900140,15,146,-131
120900141,344,199,145
120900142,5,147,-142
120900143,0,445,-445
120900144,1,108,-107
120900145,162,457,-295
120900146,1,420,-419
120900147,2,444,-442
120900148,187,150,37
120900149,0,125,-125
120900150,108,310,-202
120900151,0,328,-328
120900152,1,11,-10
120900153,6,0,6
120900154,0,132,-132
120900155,312,514,-202
120900156,124,184,-60
120900157,2,3,-1
120900158,122,284,-162
120900159,3,51,-48
120900160,38,514,-476
120900161,166,487,-321
120900162,65,1023,-958
120900163,216,3663,-3447
120900164,3,134,-131
120900165,8,803,-795
120900166,79,880,-801
120900167,295,108,187
120900169,150,197,-47
120900170,534,4484,-3950
120900171,589,174,415
120900172,584,4911,-4327
120900173,0,54,-54
120900174,6,129,-123
120900175,159,134,25
120900176,13,426,-413
120900177,2,1884,-1882
120900178,1,813,-812
120900179,511,417,94
120900180,73,268,-195
120900181,153,49,104
120900182,49,116,-67
120900183,985,116,869
120900184,274,85,189
120900185,729,1289,-560
120900186,2,245,-243
120900187,774,960,-186
120900188,359,10,349
120900189,79,2629,-2550
120900190,159,7,152
120900191,36,15,21
120900192,5621,12529,-6908
120900194,69,107,-38
120900195,100,247,-147
120900196,673,25,648
120900197,1043,273,770
120900198,227,417,-190
120900199,541,1297,-756
120900200,42,107,-65
120900201,278,141,137
120900202,0,86,-86
120900203,32,90,-58
120900204,105,226,-121
120900205,76,29,47
120900206,32,33,-1
121000001,653,1061,-408
121000002,2397,1775,622
121000003,2899,1748,1151
121000004,2700,3890,-1190
121000005,1499,2562,-1063
121000006,3313,2821,492
121000007,2189,4676,-2487
121000008,5285,5686,-401
121000009,3732,6249,-2517
121000010,7193,7086,107
121000011,6184,10362,-4178
121000012,13164,8752,4412
121000013,5129,6322,-1193
121000014,6016,5294,722
121000015,4118,7700,-3582
121000016,4165,3859,306
121000017,2429,2783,-354
121000018,3395,1658,1737
121000019,9841,10204,-363
121000020,10063,18493,-8430
121000021,2194,2078,116
121000022,2804,4147,-1343
121000023,2706,1470,1236
121000024,4634,5184,-550
121000025,480,1537,-1057
121000026,322,185,137
121000027,1409,1310,99
121000028,1104,620,484
121000029,1011,716,295
121000030,752,566,186
121000031,519,813,-294
121000032,192,197,-5
121000034,404,311,93
121000035,116,220,-104
121000036,982,947,35
121000037,548,809,-261
121000038,364,1045,-681
121000039,221,380,-159
121000041,502,487,15
121000042,270,420,-150
121000043,551,735,-184
121000044,1094,1065,29
121000045,561,274,287
121000046,934,1008,-74
121000047,55,132,-77
121000049,1008,686,322
121000050,293,1881,-1588
121000051,666,313,353
121000052,413,975,-562
121000053,468,153,315
121000054,52,496,-444
121000055,902,1584,-682
121000056,935,1117,-182
121000057,416,534,-118
121000058,280,258,22
121000059,3028,1382,1646
121000060,637,1251,-614
121000061,86,539,-453
121000062,224,518,-294
121000063,878,1053,-175
121000064,697,794,-97
121000065,289,538,-249
121000066,250,403,-153
121000067,413,710,-297
121000068,640,416,224
121000069,229,1025,-796
121000070,1501,1161,340
121000071,1773,1722,51
121000072,816,695,121
121000073,1015,1275,-260
121000074,62,127,-65
121000075,40,391,-351
121000076,379,422,-43
121000077,155,222,-67
121000078,75,189,-114
121000080,1888,675,1213
121000081,4412,4114,298
121000082,75,288,-213
121000083,162,160,2
121000084,253,229,24
121000085,250,425,-175
121000086,630,647,-17
121000087,89,275,-186
121000088,643,432,211
121000089,220,463,-243
121000090,276,412,-136
121000091,900,814,86
121000092,280,48,232
121000093,246,176,70
121000094,525,975,-450
121000095,391,852,-461
121000096,3623,2274,1349
121000097,579,2481,-1902
121000098,734,568,166
121000099,841,546,295
121000100,1155,190,965
121000101,461,226,235
121000102,401,115,286
121000103,306,128,178
121000104,408,85,323
121000105,658,134,524
121000106,463,256,207
121000107,2080,2696,-616
121000109,1065,848,217
121000110,227,751,-524
121000114,3741,2479,1262
121000115,1945,847,1098
121000116,328,947,-619
121000117,393,227,166
121000118,2300,225,2075
121000119,292,381,-89
121000120,299,337,-38
121000121,731,1364,-633
121000123,1255,662,593
121000126,100,401,-301
121000127,137,118,19
121000128,1143,213,930
121000129,1113,476,637
121000130,846,529,317
121000131,1348,1461,-113
121000132,948,1403,-455
121000135,370,864,-494
121000136,1037,1498,-461
121000137,460,480,-20
121000138,846,2105,-1259
121000139,452,902,-450
121000141,230,257,-27
121000142,618,809,-191
121000143,132,29,103
121000144,518,1751,-1233
121000145,621,748,-127
121000146,1567,1261,306
121000147,1291,534,757
121000148,983,898,85
121000149,2524,1736,788
121000152,413,347,66
121000153,1611,525,1086
121000154,1465,603,862
121000155,2213,1271,942
121000156,387,1123,-736
121000157,786,1426,-640
121000158,368,413,-45
121000159,266,395,-129
121000160,438,341,97
121000161,346,349,-3
121000162,218,109,109
121000165,1213,2258,-1045
121000166,29,399,-370
121000168,655,254,401
121000169,104,198,-94
121000170,424,69,355
121000171,74,200,-126
121000172,913,665,248
121000173,1513,1534,-21
121000174,508,627,-119
121000175,1397,391,1006
121000176,380,316,64
121000177,861,529,332
121000178,75,42,33
121000179,45,30,15
121000181,451,436,15
121000182,219,391,-172
121000183,119,168,-49
121000184,82,251,-169
121000185,38,349,-311
121000186,311,870,-559
121000187,222,145,77
121000188,272,88,184
121000192,1148,479,669
121000193,720,501,219
121000194,1790,1987,-197
121000195,216,1004,-788
121000196,599,237,362
121000197,278,1068,-790
121000198,222,225,-3
121000199,151,292,-141
121000200,774,194,580
121000201,8,190,-182
121000202,897,209,688
121000203,1002,1661,-659
121000204,3775,969,2806
121000205,97,294,-197
121000206,119,95,24
121000207,2210,987,1223
121000208,2,395,-393
121000209,656,101,555
121000210,827,256,571
121000211,532,198,334
121000212,750,357,393
121000213,13876,3059,10817
121000214,830,2040,-1210
121000215,939,1551,-612
121000216,599,601,-2
121000217,3846,3294,552
121000218,392,1679,-1287
121000219,1643,601,1042
121000220,140,87,53
121000221,147,409,-262
121000222,2566,2773,-207
121000223,209,780,-571
121000224,141,550,-409
121000225,675,2360,-1685
121000226,1309,1480,-171
121000227,13,193,-180
121000228,18,631,-613
121000229,424,663,-239
121000230,46,1631,-1585
121000231,1361,27,1334
121000232,554,397,157
121000233,547,335,212
121000234,44,95,-51
121000235,71,72,-1
121000236,7,84,-77
121000237,37,21,16
121000238,13,134,-121
121000239,112,6,106
121000240,16,192,-176
121000241,132,19,113
121000242,135,804,-669
121000243,290,80,210
121000244,19,162,-143
121000245,55,25,30
121000246,2,182,-180
121000247,160,16,144
121000248,532,1758,-1226
121000249,101,331,-230
121000250,624,366,258
121000251,20,252,-232
121000252,146,93,53
121000253,403,244,159
121000254,818,128,690
121000255,148,228,-80
121000256,370,216,154
121000257,48,124,-76
121000258,132,110,22
121000259,54,72,-18
121000260,71,85,-14
121000261,74,127,-53
121000262,1000,514,486
121000263,550,407,143
121000271,678,1572,-894
121000273,34,9,25
121000274,12,75,-63
121000275,20,4,16
121000276,7,39,-32
121000278,41,29,12
121000279,47,34,13
121000280,33,50,-17
121000289,298,21,277
121000290,1148,1150,-2
121000294,282,84,198
121000297,534,1206,-672
121000299,112,761,-649
121000300,891,643,248
121000302,25,823,-798
121000303,538,279,259
121000304,506,106,400
121000305,190,57,133
121000306,162,202,-40
121000308,144,291,-147
121000309,319,526,-207
121000310,141,242,-101
121000311,85,571,-486
121000312,442,506,-64
121000313,259,364,-105
121000314,60,120,-60
121000315,38,90,-52
121000530,2037,1393,644
121000531,1945,1456,489
121000532,6340,9005,-2665
121000533,4250,4491,-241
121000918,40,67,-27
121000919,29,88,-59
121000938,80,238,-158
121000939,44,234,-190
121000956,1913,1201,712
121000957,4,14,-10
121000958,19,78,-59
121000959,1225,390,835
121000960,1545,1684,-139
121000961,349,82,267
121000962,1020,546,474
121000973,1,232,-231
121000976,53,270,-217
121000979,485,147,338
121000981,381,110,271
121000982,331,150,181
121000983,522,242,280
121000984,15,60,-45
121000985,987,286,701
121000986,713,83,630
121000987,308,525,-217
121000988,1343,142,1201
121001302,254,184,70
121001308,3,41,-38
121001309,26,580,-554
121001313,252,56,196
121001314,1399,1941,-542
121001315,7038,3886,3152
121900001,126,251,-125
121900002,19,25,-6
121900003,513,13,500
121900004,81,411,-330
121900005,38,29,9
121900006,159,28,131
121900007,2313,2149,164
121900008,187,511,-324
121900009,968,18,950
121900010,248,9,239
121900011,298,246,52
121900012,27,2,25
121900013,539,140,399
121900014,1946,387,1559
121900015,201,221,-20
121900016,8,43,-35
121900017,601,715,-114
121900018,457,15,442
121900019,670,224,446
121900020,34,2,32
121900021,1163,14,1149
121900022,270,272,-2
121900023,183,482,-299
121900024,368,54,314
121900025,640,635,5
121900026,247,42,205
121900027,477,293,184
121900028,268,11,257
121900029,148,309,-161
121900030,484,543,-59
121900031,1134,7326,-6192
121900032,116,54,62
121900033,203,410,-207
121900034,275,184,91
121900035,3587,3056,531
121900036,101,419,-318
121900037,177,939,-762
121900038,41,127,-86
121900039,344,79,265
121900040,99,81,18
121900041,145,328,-183
121900042,451,313,138
121900043,4,3,1
121900044,115,32,83
121900046,244,331,-87
121900047,256,99,157
121900048,94,80,14
121900050,48,48,0
121900051,202,168,34
121900052,170,49,121
121900053,501,438,63
121900054,367,984,-617
121900055,22,8,14
121900058,386,154,232
121900059,425,189,236
121900060,115,579,-464
121900061,203,186,17
121900062,198,155,43
121900063,2049,492,1557
121900064,369,452,-83
121900066,85,9,76
121900067,83,26,57
121900069,135,88,47
121900070,119,238,-119
121900071,567,293,274
121900072,74,125,-51
121900073,210,346,-136
121900074,451,963,-512
121900075,503,862,-359
121900076,546,586,-40
121900077,22,12,10
121900078,167,27,140
121900079,0,0,0
121900080,987,362,625
121900082,70,87,-17
121900084,36,40,-4
121900085,6,9,-3
121900086,19,55,-36
121900087,87,137,-50
121900088,1463,2941,-1478
121900089,284,200,84
121900090,37,50,-13
121900091,105,50,55
121900092,145,98,47
121900093,127,115,12
121900094,21,27,-6
121900095,423,177,246
121900096,1236,701,535
121900097,901,246,655
121900098,6,8,-2
121900099,299,26,273
121900100,98,402,-304
121900101,166,171,-5
121900102,5,114,-109
121900103,528,225,303
121900104,1818,499,1319
121900105,438,263,175
121900106,6,26,-20
121900107,111,31,80
121900108,2,21,-19
121900109,335,177,158
121900110,791,415,376
121900111,701,350,351
121900112,193,191,2
121900113,78,522,-444
121900114,99,106,-7
121900115,323,378,-55
121900117,156,230,-74
121900118,1870,650,1220
121900119,184,76,108
121900120,71,1161,-1090
121900121,350,32,318
121900122,44,49,-5
121900123,227,451,-224
121900124,214,167,47
121900125,1902,1227,675
121900127,12,104,-92
121900128,105,58,47
121900129,195,130,65
121900130,84,274,-190
121900131,202,77,125
121900132,67,58,9
121900133,44,1161,-1117
121900134,38,276,-238
121900135,3647,431,3216
121900136,456,280,176
121900137,45,329,-284
121900138,102,197,-95
121900139,373,2081,-1708
121900140,95,81,14
121900141,102,41,61
121900142,179,107,72
121900143,14,181,-167
121900144,114,396,-282
121900145,235,348,-113
121900146,558,649,-91
121900147,57,197,-140
121900148,205,330,-125
121900149,391,412,-21
121900150,41,159,-118
121900151,72,362,-290
121900152,166,106,60
121900153,53,638,-585
121900154,8,412,-404
121900155,5,159,-154
121900156,141,199,-58
121900157,2,287,-285
121900158,83,124,-41
121900159,1,216,-215
121900160,79,245,-166
121900161,316,581,-265
121900162,83,224,-141
121900163,493,277,216
121900164,323,209,114
121900165,214,126,88
121900166,149,145,4
121900167,94,154,-60
121900168,147,201,-54
121900169,6,206,-200
121900170,10,160,-150
121900171,919,716,203
121900172,664,271,393
121900173,868,284,584
121900174,60,68,-8
121900175,81,329,-248
121900176,619,1541,-922
121900177,167,77,90
121900178,38,38,0
121900179,385,292,93
121900180,1919,5922,-4003
121900182,683,871,-188
121900183,600,2231,-1631
121900184,87,952,-865
121900186,10,457,-447
121900187,16,182,-166
121900188,738,288,450
121900189,54,95,-41
121900190,270,396,-126
121900191,50,222,-172
121900192,211,1450,-1239
121900193,54,104,-50
121900194,9,462,-453
121900195,34,101,-67
121900196,941,1105,-164
121900197,270,883,-613
121900198,2130,1381,749
121900199,5,58,-53
121900200,32,163,-131
121900201,634,931,-297
121900202,136,874,-738
121900203,126,994,-868
121900204,749,1212,-463
121900205,16,129,-113
121900206,21,100,-79
121900207,64,66,-2
121900208,111,627,-516
121900209,63,58,5
121900210,1488,1148,340
121900211,14,114,-100
121900212,49,186,-137
121900213,295,33,262
121900214,7,496,-489
121900215,50,144,-94
121900216,37,415,-378
121900217,268,302,-34
121900218,193,587,-394
121900220,144,17,127
121900221,527,510,17
121900222,248,89,159
121900223,209,54,155
121900224,93,36,57
121900225,63,164,-101
121900226,268,103,165
121900227,408,654,-246
121900228,147,176,-29
121900229,348,392,-44
121900230,72,420,-348
121900231,110,1772,-1662
121900232,171,500,-329
121900233,260,213,47
121900234,494,155,339
121900235,765,127,638
121900236,314,206,108
121900237,238,442,-204
121900238,180,344,-164
121900239,255,40,215
121900240,376,142,234
121900241,78,36,42
121900242,11,0,11
121900243,10,0,10
121900244,26,6,20
121900245,244,65,179
121900246,3930,273,3657
121900247,312,287,25
121900248,1225,1062,163
121900250,243,434,-191
121900251,532,70,462
121900252,543,148,395
121900253,80,1015,-935
121900254,506,425,81
121900255,575,133,442
121900258,4607,2125,2482
121900259,196,656,-460
121900260,252,151,101
121900261,137,692,-555
121900262,461,1208,-747
121900263,369,214,155
121900264,1022,1152,-130
121900265,419,141,278
121900266,684,139,545
121900267,97,63,34
121900269,262,941,-679
121900270,61,250,-189
121900271,37,196,-159
121900273,477,1884,-1407
121900274,440,258,182
121900276,34,12,22
121900277,367,1535,-1168
121900278,109,1156,-1047
121900279,165,220,-55
121900280,106,663,-557
121900281,182,497,-315
121900284,89,3,86
121900286,162,203,-41
121900287,24,40,-16
121900290,247,943,-696
121900291,323,1017,-694
121900292,154,179,-25
121900293,795,3261,-2466
121900294,318,11,307
121900295,177,146,31
121900296,90,433,-343
121900298,254,986,-732
121900299,10,14,-4
121900300,99,11,88
121900301,80,6,74
121900302,6,79,-73
121900303,353,1002,-649
121900304,5,16,-11
121900305,4,9,-5
121900306,358,3,355
121900307,117,9,108
121900308,12,134,-122
121900309,8,107,-99
121900310,14,185,-171
121900311,701,20,681
121900312,535,14,521
121900313,463,49,414
121900314,5,59,-54
121900315,20,2,18
121900316,1,7,-6
121900317,34,6,28
121900318,0,16,-16
121900319,36,155,-119
121900320,42,45,-3
121900321,14,1,13
121900322,0,17,-17
121900323,22,21,1
121900324,1,44,-43
121900325,8,7,1
121900326,8,17,-9
121900327,1,36,-35
121900328,0,30,-30
121900329,2,62,-60
121900330,2,168,-166
121900331,63,29,34
121900332,62,32,30
121900333,17,2,15
122000001,1553,5466,-3913
122000002,2636,1054,1582
122000003,1506,3003,-1497
122000004,1848,1625,223
122000005,3830,2577,1253
122000006,1045,1395,-350
122000007,750,2000,-1250
122000008,1349,3577,-2228
122000009,517,449,68
122000010,2532,3094,-562
122000011,4947,2543,2404
122000012,857,3427,-2570
122000013,701,1807,-1106
122000014,3398,1587,1811
122000015,1267,1074,193
122000016,492,740,-248
122000017,1242,1402,-160
122000018,2080,1974,106
122000019,1058,1828,-770
122000020,203,404,-201
122000021,179,494,-315
122000022,1114,1511,-397
122000023,865,1896,-1031
122000024,470,2419,-1949
122000025,649,3061,-2412
122000026,491,1562,-1071
122000027,611,1293,-682
122000028,1230,745,485
122000029,411,646,-235
122000030,205,193,12
122000031,158,420,-262
122000032,3743,2600,1143
122000033,483,3134,-2651
122000034,484,927,-443
122000035,217,764,-547
122000036,575,470,105
122000037,490,249,241
122000038,233,409,-176
122000039,516,549,-33
122000040,247,329,-82
122000041,517,676,-159
122000042,432,473,-41
122000043,96,166,-70
122000044,126,118,8
122000045,1734,897,837
122000046,905,1104,-199
122000047,163,184,-21
122000048,2809,4686,-1877
122000049,6269,3812,2457
122000050,939,1026,-87
122000051,172,555,-383
122000052,401,586,-185
122000053,232,1174,-942
122000054,2228,2395,-167
122000055,2094,4132,-2038
122000056,3377,3423,-46
122000057,3066,4220,-1154
122000058,938,2034,-1096
122000059,1092,3186,-2094
122000060,321,1052,-731
122000061,225,832,-607
122000062,550,285,265
122000063,609,1413,-804
122000064,3277,6120,-2843
122000065,2569,2646,-77
122000066,1017,1186,-169
122000067,1143,1356,-213
122000068,1804,1198,606
122000069,992,778,214
122000070,1031,1434,-403
122000071,2978,1233,1745
122000072,761,752,9
122000073,237,1396,-1159
122000074,3544,1706,1838
122000075,1070,1272,-202
122000076,5764,1875,3889
122000077,695,2027,-1332
122000078,896,4209,-3313
122000079,600,2374,-1774
122000080,455,602,-147
122000081,154,235,-81
122000082,373,1430,-1057
122000083,3917,1120,2797
122000084,3068,1258,1810
122000085,349,767,-418
122000086,2151,6847,-4696
122000087,227,559,-332
122000088,202,568,-366
122000089,4110,2775,1335
122000090,135,798,-663
122000091,124,183,-59
122000092,64,47,17
122000093,1678,3607,-1929
122000094,4825,3805,1020
122000095,848,4621,-3773
122000096,521,1901,-1380
122000098,2940,3761,-821
122000099,742,1284,-542
122000100,756,895,-139
122000101,468,517,-49
122000102,2071,1196,875
122000103,1986,1677,309
122000104,919,191,728
122000105,494,412,82
122000106,452,1413,-961
122000107,1305,487,818
122000108,559,983,-424
122000109,449,347,102
122000110,690,737,-47
122000111,3286,1614,1672
122000112,1217,1653,-436
122000113,771,705,66
122000114,1691,2721,-1030
122000115,1461,1268,193
122000116,402,534,-132
122000117,1151,419,732
122000118,769,661,108
122000119,2308,2136,172
122000120,1035,3625,-2590
122000121,812,2279,-1467
122000122,373,1047,-674
122000123,1180,1543,-363
122000124,804,567,237
122000125,512,762,-250
122000126,454,825,-371
122000127,607,782,-175
122000128,279,432,-153
122000129,515,1760,-1245
122000130,2651,1420,1231
122000131,1090,908,182
122000132,280,371,-91
122000133,1022,899,123
122000134,1045,754,291
122000135,689,414,275
122000136,884,610,274
122000137,2338,990,1348
122000139,849,4186,-3337
122000140,441,953,-512
122000141,2878,1602,1276
122000142,156,1314,-1158
122000143,379,503,-124
122000144,1466,1036,430
122000145,1012,907,105
122000146,535,1912,-1377
122000147,515,603,-88
122000148,694,2063,-1369
122000149,1918,1329,589
122000150,1445,946,499
122000151,124,363,-239
122000152,288,444,-156
122000153,387,349,38
122000154,228,155,73
122000155,1424,2618,-1194
122000156,4066,3667,399
122000157,793,4571,-3778
122000158,299,635,-336
122000159,542,1179,-637
122000160,2065,2169,-104
122000161,1100,1086,14
122000162,1012,1657,-645
122000163,263,98,165
122000164,49,188,-139
122000165,1005,951,54
122000166,796,1518,-722
122000167,292,486,-194
122000168,199,900,-701
122000169,332,205,127
122000170,352,380,-28
122000171,39,95,-56
122000172,1715,1383,332
122000173,1346,2864,-1518
122000174,1763,1196,567
122000175,715,342,373
122000176,255,1173,-918
122000177,1006,1421,-415
122000178,3628,2902,726
122000179,2135,3392,-1257
122000180,1069,1240,-171
122000181,960,2413,-1453
122000182,1538,1764,-226
122000183,2640,1001,1639
122000184,2980,3184,-204
122000185,1142,3029,-1887
122000186,509,1668,-1159
122000187,2009,1015,994
122000188,397,386,11
122000189,222,394,-172
122000190,735,1743,-1008
122000191,807,953,-146
122000192,1394,436,958
122000193,405,774,-369
122000194,516,208,308
122000195,149,570,-421
122000196,1340,461,879
122000197,518,536,-18
122000198,428,1787,-1359
122000199,270,399,-129
122000200,773,628,145
122000201,1088,2442,-1354
122000202,1024,2415,-1391
122000203,1965,1187,778
122000204,1069,1299,-230
122000205,708,971,-263
122000206,3044,965,2079
122000207,2213,1470,743
122000208,2556,1397,1159
122000209,1956,573,1383
122000210,2039,1645,394
122000211,1393,1565,-172
122000212,842,608,234
122000213,1003,1501,-498
122000214,2090,1879,211
122000215,2232,1868,364
122000217,1468,1992,-524
122000218,903,91,812
122000219,987,829,158
122000220,342,622,-280
122000221,65,376,-311
122000222,552,193,359
122000223,1100,481,619
122000225,813,302,511
122000226,1639,1619,20
122000227,258,1845,-1587
122000228,366,282,84
122000229,16,468,-452
122000230,61,415,-354
122000231,268,778,-510
122000232,580,620,-40
122000233,1,61,-60
122000234,558,80,478
122000235,611,88,523
122000236,1826,49,1777
122000237,143,113,30
122000238,391,413,-22
122000239,805,167,638
122000240,1377,704,673
122000241,1722,539,1183
122000242,913,196,717
122000243,53,23,30
122000244,17,291,-274
122000245,10,58,-48
122000246,51,131,-80
122000247,568,159,409
122000248,647,1025,-378
122000249,1123,1025,98
122000250,2136,1168,968
122000251,140,452,-312
122000252,324,140,184
122000253,90,266,-176
122000254,377,113,264
122000255,698,842,-144
122000256,361,493,-132
122000257,290,151,139
122000258,354,283,71
122000259,26,247,-221
122000260,9,54,-45
122000261,21,427,-406
122000262,1,21,-20
122000263,415,890,-475
122000264,1663,281,1382
122000265,2713,1042,1671
122000266,4217,673,3544
122000267,160,132,28
122000268,182,290,-108
122000269,1029,303,726
122000270,537,187,350
122000271,248,1226,-978
122000272,383,899,-516
122000273,379,423,-44
122000274,285,188,97
122000275,61,181,-120
122000276,1058,582,476
122000277,1256,1712,-456
122000278,2009,437,1572
122000279,367,265,102
122000280,781,498,283
122000281,1005,709,296
122000282,264,547,-283
122000283,265,253,12
122000284,257,89,168
122000285,314,73,241
122000286,64,189,-125
122000287,1465,1476,-11
122000288,517,286,231
122000291,2841,837,2004
122000293,188,146,42
122000294,131,316,-185
122000295,1453,185,1268
122000296,27,580,-553
122000297,2075,4322,-2247
122000299,629,549,80
122000300,437,511,-74
122000301,5827,3622,2205
122000302,643,2547,-1904
122000303,2418,1126,1292
122000304,70,174,-104
122000305,1502,187,1315
122000306,57,315,-258
122000307,131,133,-2
122000309,74,57,17
122000310,19,143,-124
122000311,158,113,45
122000312,142,305,-163
122000313,132,88,44
122000314,129,324,-195
122000315,331,77,254
122000316,1308,295,1013
122000317,2130,307,1823
122000318,328,1250,-922
122000319,159,308,-149
122000320,295,928,-633
122000321,105,104,1
122000322,1429,2244,-815
122000323,890,2972,-2082
122000324,1287,1840,-553
122000325,923,3348,-2425
122000326,121,85,36
122000327,514,775,-261
122000328,569,393,176
122000330,1621,1562,59
122000332,180,302,-122
122000333,9,49,-40
122000337,1404,460,944
122000338,588,332,256
122000340,194,1589,-1395
122000342,1321,686,635
122000343,489,446,43
122000344,86,27,59
122000345,68,27,41
122000346,385,162,223
122000348,1049,830,219
122000349,143,636,-493
122000351,220,260,-40
122000352,330,198,132
122000353,180,62,118
122000355,167,298,-131
122000356,652,1698,-1046
122000357,100,42,58
122000358,0,16,-16
122000359,0,14,-14
122000360,0,17,-17
122000362,18,40,-22
122000364,290,243,47
122000365,4,52,-48
122000366,13,13,0
122000368,588,677,-89
122000370,49,19,30
122000371,46,0,46
122000372,25,4,21
122000381,200,341,-141
122000382,94,171,-77
122000384,1415,1287,128
122000385,88,0,88
122000386,242,1925,-1683
122000387,440,888,-448
122000388,1379,1040,339
122000389,181,1285,-1104
122000390,249,308,-59
122000391,192,976,-784
122000392,174,134,40
122000393,44,99,-55
122000394,655,160,495
122000395,132,71,61
122000396,259,92,167
122000397,26,27,-1
122000398,20,40,-20
122000399,206,47,159
122000400,61,807,-746
122000401,165,60,105
122000402,550,159,391
122000403,548,390,158
122000404,246,162,84
122000408,643,987,-344
122000503,13,111,-98
122000524,99,262,-163
122000544,114,2250,-2136
122000616,277,3,274
122000640,82,68,14
122000641,165,155,10
122000642,1400,650,750
122000643,79,212,-133
122000644,123,56,67
122000645,59,203,-144
122000651,701,1689,-988
122000664,134,29,105
122000665,1072,453,619
122000666,701,1110,-409
122000673,66,167,-101
122000674,265,137,128
122000675,2360,517,1843
122000686,470,725,-255
122000687,1631,316,1315
122000688,404,310,94
122000689,1150,213,937
122000690,3235,234,3001
122000691,1033,633,400
122000692,2488,250,2238
122000693,457,780,-323
122000695,510,264,246
122000696,783,106,677
122000698,508,219,289
122000699,134,95,39
122000701,1713,341,1372
122000702,386,943,-557
122000703,233,57,176
122000717,114,93,21
122000718,385,1261,-876
122000719,119,93,26
122000720,727,96,631
122000724,24,10,14
122900001,45,15,30
122900002,1303,7949,-6646
122900003,527,43,484
122900004,3095,162,2933
122900005,105,192,-87
122900006,540,1475,-935
122900007,82,155,-73
122900008,285,264,21
122900009,724,469,255
122900010,248,80,168
122900012,242,361,-119
122900014,117,153,-36
122900015,695,1513,-818
122900016,195,238,-43
122900017,205,727,-522
122900018,212,26,186
122900019,12,115,-103
122900020,141,487,-346
122900021,49,323,-274
122900022,1382,799,583
122900023,819,241,578
122900024,146,139,7
122900025,5,446,-441
122900026,26,136,-110
122900027,53,457,-404
122900028,74,110,-36
122900029,4411,2971,1440
122900030,1820,684,1136
122900031,41,347,-306
122900032,228,445,-217
122900033,225,197,28
122900034,3750,4900,-1150
122900035,38,23,15
122900036,46,68,-22
122900037,376,174,202
122900038,91,3282,-3191
122900039,95,560,-465
122900040,261,687,-426
122900041,287,453,-166
122900042,160,289,-129
122900043,436,272,164
122900044,129,354,-225
122900045,128,165,-37
122900046,182,314,-132
122900047,108,219,-111
122900048,46,261,-215
122900049,1656,167,1489
122900051,75,229,-154
122900052,197,134,63
122900053,27,41,-14
122900055,281,79,202
122900057,249,57,192
122900061,576,162,414
122900062,606,814,-208
122900063,210,138,72
122900064,823,465,358
122900065,612,249,363
122900066,770,422,348
122900067,781,414,367
122900068,127,255,-128
122900069,392,1384,-992
122900070,379,67,312
122900071,121,208,-87
122900072,10,281,-271
122900073,19,105,-86
122900074,1356,288,1068
122900075,4,95,-91
122900076,0,175,-175
122900077,0,67,-67
122900078,262,46,216
122900080,16,47,-31
122900081,149,135,14
122900082,1187,106,1081
122900083,113,82,31
122900084,22,165,-143
122900086,9,232,-223
122900087,333,365,-32
122900088,30,478,-448
122900089,25,278,-253
122900090,7,189,-182
122900091,456,2,454
122900092,0,78,-78
122900093,0,94,-94
122900094,3,69,-66
122900095,242,22,220
122900096,419,66,353
122900097,58,52,6
122900098,33,137,-104
122900099,122,30,92
122900100,120,788,-668
122900101,280,302,-22
122900102,38,36,2
122900103,191,3,188
122900104,370,8,362
122900105,23,17,6
122900106,7,39,-32
122900107,14,70,-56
122900108,8,81,-73
123000001,965,678,287
123000002,2902,6180,-3278
123000003,4616,4637,-21
123000004,2485,3872,-1387
123000005,3173,2899,274
123000006,1965,1930,35
123000007,4477,2904,1573
123000008,2631,2564,67
123000009,4683,3021,1662
123000010,3497,3302,195
123000011,1977,1163,814
123000012,713,2446,-1733
123000013,3813,1134,2679
123000014,928,3450,-2522
123000015,2176,1135,1041
123000016,2908,4480,-1572
123000017,3353,2143,1210
123000018,110,114,-4
123000019,601,81,520
123000020,420,47,373
123000021,248,220,28
123000022,349,1999,-1650
123000023,2282,2432,-150
123000024,1978,785,1193
123000025,112,102,10
123000026,5,163,-158
123000027,82,818,-736
123000028,1311,971,340
123000029,566,1635,-1069
123000030,386,118,268
123000031,447,124,323
123000032,586,76,510
123000033,340,92,248
123000034,1243,791,452
123000035,549,503,46
123000036,305,1078,-773
123000037,279,164,115
123000038,261,296,-35
123000039,578,1608,-1030
123000040,450,263,187
123000041,900,1125,-225
123000042,502,778,-276
123000043,2056,13155,-11099
123000044,2928,2518,410
123000045,3935,2614,1321
123000046,404,1455,-1051
123000047,1191,1213,-22
123000048,107,1117,-1010
123000049,5187,11047,-5860
123000050,2315,1882,433
123000051,57,158,-101
123000052,873,3974,-3101
123000053,2783,3495,-712
123000054,2142,1880,262
123000055,2067,4306,-2239
123000056,1141,1191,-50
123000057,4340,6687,-2347
123000058,764,1387,-623
123000059,295,434,-139
123000060,1283,443,840
123000061,300,605,-305
123000063,1130,1239,-109
123000064,1406,265,1141
123000065,3921,2649,1272
123000066,430,548,-118
123000067,1062,445,617
123000068,2002,1996,6
123000069,4741,1945,2796
123000070,187,478,-291
123000071,1955,948,1007
123000072,1258,552,706
123000073,1997,1017,980
123000074,1180,903,277
123000075,429,1556,-1127
123000076,878,365,513
123000077,2029,1519,510
123000078,2335,1385,950
123000079,2305,1801,504
123000080,2688,1112,1576
123000081,192,360,-168
123000082,335,723,-388
123000083,1109,281,828
123000084,806,376,430
123000085,552,55,497
123000086,836,95,741
123000087,538,321,217
123000088,1413,509,904
123000089,750,940,-190
123000090,1584,787,797
123000091,1418,1241,177
123000092,837,1362,-525
123000094,858,184,674
123000095,778,794,-16
123000096,1145,339,806
123000097,777,400,377
123000098,1037,516,521
123000099,714,419,295
123000100,399,771,-372
123000101,547,592,-45
123000102,378,790,-412
123000104,503,582,-79
123000105,440,468,-28
123000106,520,496,24
123000107,347,341,6
123000108,533,981,-448
123000111,1376,397,979
123000112,1860,566,1294
123000113,660,735,-75
123000114,386,672,-286
123000115,360,280,80
123000116,61,49,12
123000117,2104,1301,803
123000118,600,564,36
123000119,215,542,-327
123000120,286,590,-304
123000121,474,604,-130
123000122,353,286,67
123000123,487,568,-81
123000124,432,512,-80
123000125,1381,1259,122
123000126,1284,5104,-3820
123000127,667,566,101
123000128,330,187,143
123000129,1218,206,1012
123000130,1042,85,957
123000131,1459,1037,422
123000132,334,434,-100
123000133,151,190,-39
123000134,273,108,165
123000135,3376,1080,2296
123000136,252,461,-209
123000137,137,170,-33
123000138,96,231,-135
123000139,726,106,620
123000140,99,475,-376
123000141,795,169,626
123000142,1006,799,207
123000143,1022,1578,-556
123000144,15,40,-25
123000145,222,321,-99
123000146,53,135,-82
123000147,86,171,-85
123000149,413,335,78
123000150,86,219,-133
123000151,268,669,-401
123000152,54,398,-344
123000153,116,926,-810
123000154,1285,1986,-701
123000155,1760,1398,362
123000156,63,86,-23
123000157,642,833,-191
123000158,598,825,-227
123000159,3264,3807,-543
123000160,1149,1109,40
123000161,2075,1286,789
123000162,1739,1858,-119
123000163,807,185,622
123000164,2215,324,1891
123000165,497,986,-489
123000166,43,104,-61
123000167,116,186,-70
123000168,311,236,75
123000169,1146,129,1017
123000170,100,70,30
123000171,1260,8,1252
123000172,154,501,-347
123000173,593,358,235
123000174,1163,492,671
123000175,423,955,-532
123000176,1260,329,931
123000177,311,782,-471
123000178,1042,190,852
123000179,109,347,-238
123000180,1941,402,1539
123000181,274,927,-653
123000182,444,237,207
123000183,220,663,-443
123000184,120,436,-316
123000185,1188,428,760
123000186,5,323,-318
123000187,808,11,797
123000188,238,4,234
123000189,295,113,182
123000190,65,153,-88
123000192,25,486,-461
123000193,86,770,-684
123000194,339,239,100
123000195,427,72,355
123000196,578,32,546
123000197,99,95,4
123000198,73,1526,-1453
123000199,16,813,-797
123000200,649,13,636
123000201,1327,23,1304
123000202,13,600,-587
123000203,1215,76,1139
123000204,82,638,-556
123000205,330,974,-644
123000206,2815,260,2555
123000207,76,542,-466
123000208,619,254,365
123000209,2640,847,1793
123000210,375,1330,-955
123000211,563,1693,-1130
123000212,4213,658,3555
123000213,701,83,618
123000215,62,178,-116
123000216,223,740,-517
123000217,300,38,262
123000218,30,737,-707
123000219,580,96,484
123000220,687,136,551
123000221,250,74,176
123000222,624,314,310
123000223,742,139,603
123000224,497,251,246
123000225,267,48,219
123000226,100,307,-207
123000227,118,212,-94
123000228,343,65,278
123000229,793,1251,-458
123000232,122,448,-326
123000233,1014,142,872
123000234,170,517,-347
123000235,1841,384,1457
123000236,416,492,-76
123000237,360,100,260
123000238,66,311,-245
123000239,388,769,-381
123000240,75,854,-779
123000241,261,82,179
123000242,348,197,151
123000243,846,761,85
123000244,968,605,363
123000245,47,144,-97
123000249,1602,693,909
123000252,1113,388,725
123000253,1819,547,1272
123000254,764,853,-89
123000255,1217,940,277
123000256,32,173,-141
123000257,2183,1255,928
123000258,1060,612,448
123000259,608,413,195
123000260,596,285,311
123000261,494,152,342
123000262,92,132,-40
123000263,612,74,538
123000264,189,100,89
123000265,33,131,-98
123000266,558,549,9
123000267,805,500,305
123000268,41,44,-3
123000269,62,59,3
123000270,34,54,-20
123000271,47,30,17
123000272,914,294,620
123000273,301,1015,-714
123000274,1236,737,499
123000275,234,660,-426
123000278,2100,2533,-433
123000279,147,64,83
123000280,385,242,143
123000281,381,148,233
123000282,108,219,-111
123000283,170,86,84
123000284,72,76,-4
123000286,192,504,-312
123000287,432,332,100
123000288,1509,1291,218
123000289,383,1611,-1228
123000291,205,812,-607
123000294,118,214,-96
123000295,833,1155,-322
123000296,968,521,447
123000297,856,310,546
123000298,829,235,594
123000299,83,68,15
123000300,1268,1091,177
123000301,166,388,-222
123000302,56,124,-68
123000303,108,232,-124
123000305,843,921,-78
123000306,225,51,174
123000309,38,52,-14
123000310,37,32,5
123000311,1,53,-52
123000312,364,502,-138
123000313,743,498,245
123000315,165,224,-59
123000316,688,90,598
123000317,246,103,143
123000318,68,231,-163
123000329,15,18,-3
123000337,632,929,-297
123000338,243,102,141
123000339,438,64,374
123000340,114,241,-127
123000342,25,32,-7
123000343,84,18,66
123000344,727,354,373
123000345,289,451,-162
123000346,474,34,440
123000352,922,717,205
123000353,68,178,-110
123000354,279,3,276
123000355,0,196,-196
123000356,498,10,488
123000357,0,74,-74
123000359,14,55,-41
123000360,236,57,179
123000361,138,242,-104
123000362,575,96,479
123000363,131,175,-44
123000364,487,540,-53
123000365,14,459,-445
123000366,445,2674,-2229
123000367,270,668,-398
123000370,27,170,-143
123000371,611,54,557
123000372,433,24,409
123000373,5,230,-225
123000374,18,131,-113
123000375,491,37,454
123000376,972,661,311
123000377,782,19,763
123000378,20,253,-233
123000379,3,167,-164
123000380,25,417,-392
123000381,68,135,-67
123000382,483,136,347
123000383,88,1229,-1141
123000384,444,125,319
123000385,140,577,-437
123000436,31,1813,-1782
123000507,80,166,-86
123000508,128,1209,-1081
123000517,280,29,251
123000518,14,164,-150
123000519,206,140,66
123000520,70,165,-95
123000521,546,149,397
123000522,143,337,-194
123000541,7,1,6
123000542,0,5,-5
123000565,1046,29,1017
123000566,422,161,261
123000567,73,123,-50
123000573,31,397,-366
123000574,982,74,908
123000575,2031,625,1406
123000576,1296,790,506
123000577,54,595,-541
123000578,290,114,176
123000579,1017,7163,-6146
123000580,134,46,88
123000582,661,36,625
123000583,19,321,-302
123000584,183,342,-159
123000585,0,58,-58
123000586,179,92,87
123000596,92,81,11
123000597,65,171,-106
123000602,67,7,60
123000603,1370,402,968
123000604,702,272,430
123000605,704,107,597
123000606,1,359,-358
123000609,22,345,-323
123000610,211,88,123
123000613,27,159,-132
123000614,385,34,351
123000615,34,65,-31
123000616,1404,45,1359
123000617,153,159,-6
123000618,58,404,-346
123000619,694,56,638
123000620,29,305,-276
123000622,717,20,697
123000624,250,15,235
123000630,1733,524,1209
123000631,226,510,-284
123000632,598,567,31
123000633,0,144,-144
123000634,48,242,-194
123000635,55,90,-35
123000636,45,347,-302
123000637,413,64,349
123000638,666,30,636
123000639,751,6522,-5771
123000640,18,369,-351
123900001,1047,45,1002
123900002,33,1518,-1485
123900003,202,386,-184
123900005,269,201,68
123900006,385,53,332
124000001,2067,165,1902
124000002,52,1015,-963
124000003,1471,148,1323
124000004,64,321,-257
124000005,1524,877,647
124000006,178,621,-443
124000007,348,122,226
124000008,12,453,-441
124000009,978,233,745
124000010,259,294,-35
124000011,1294,320,974
124000012,271,215,56
124000017,264,119,145
124000018,109,55,54
124000019,184,189,-5
124000020,57,109,-52
124000021,150,138,12
124000022,60,154,-94
124000023,1388,1576,-188
124000024,1220,348,872
124000025,1230,1871,-641
124000026,1077,798,279
124000027,4403,4930,-527
124000028,1075,3765,-2690
124000030,1707,1147,560
124000031,1453,5928,-4475
124000032,1223,604,619
124000033,214,273,-59
124000034,428,447,-19
124000035,25,307,-282
124000036,27,145,-118
124000037,523,1238,-715
124000038,49,122,-73
124000039,680,424,256
124000040,368,1312,-944
124000041,565,118,447
124000042,159,357,-198
124000043,112,138,-26
124000044,67,161,-94
124000045,1199,353,846
124000046,307,573,-266
124000047,2475,686,1789
124000048,1287,634,653
124000049,2278,566,1712
124000050,899,1007,-108
124000051,1400,420,980
124000052,664,648,16
124000053,583,2079,-1496
124000054,773,307,466
124000055,1361,3901,-2540
124000056,1380,865,515
124000057,1325,621,704
124000058,421,852,-431
124000059,854,1319,-465
124000060,589,481,108
124000061,1304,6023,-4719
124000062,1807,1304,503
124000063,1008,1212,-204
124000064,1703,1055,648
124000065,5,581,-576
124000066,52,27,25
124000067,210,158,52
124000068,25,14,11
124000069,193,6,187
124000070,62,36,26
124000071,665,128,537
124000072,318,318,0
124000073,1211,171,1040
124000074,262,532,-270
124000075,559,38,521
124000076,6,51,-45
124000077,765,897,-132
124000078,2383,1195,1188
124000079,277,1448,-1171
124000080,720,215,505
124000081,242,420,-178
124000082,68,242,-174
124000083,53,99,-46
124000084,59,574,-515
124000085,98,33,65
124000086,56,240,-184
124000087,127,151,-24
124000088,173,701,-528
124000089,895,250,645
124000090,165,201,-36
124000091,508,86,422
124000092,70,242,-172
124000093,172,150,22
124000094,272,637,-365
124000095,148,97,51
124000096,223,238,-15
124000097,143,148,-5
124000098,53,54,-1
124000099,297,119,178
124000100,60,86,-26
124000101,114,141,-27
124000102,80,52,28
124000103,158,135,23
124000104,81,35,46
124000105,176,106,70
124000106,132,30,102
124000107,28,245,-217
124000108,54,19,35
124000109,148,103,45
124000110,131,33,98
124000111,229,133,96
124000112,885,448,437
124000113,130,151,-21
124000114,476,258,218
124000115,293,512,-219
124000116,112,205,-93
124000117,48,120,-72
124000118,37,95,-58
124000119,753,610,143
124000120,509,506,3
124000121,958,730,228
124000122,495,1339,-844
124000123,1236,593,643
124000124,317,901,-584
124000125,496,418,78
124000126,259,527,-268
124000127,1142,362,780
124000128,533,707,-174
124000129,2316,1711,605
124000130,614,575,39
124000131,817,731,86
124000132,704,771,-67
124000133,1117,1000,117
124000134,986,493,493
124000135,1771,2299,-528
124000136,716,853,-137
124000137,915,1094,-179
124000138,1318,1154,164
124000139,597,32,565
124000140,25,250,-225
124000141,125,1,124
124000142,14,196,-182
124000143,61,12,49
124000144,25,58,-33
124000145,186,33,153
124000146,33,38,-5
124000148,23,96,-73
124000149,1146,433,713
124000150,200,571,-371
124000151,1091,547,544
124000152,678,929,-251
124000153,1232,1182,50
124000154,618,734,-116
124000155,1316,981,335
124000156,979,1107,-128
124000169,178,471,-293
124000170,460,530,-70
124000171,350,226,124
124000172,330,469,-139
124000173,590,157,433
124000174,368,524,-156
124000175,8,74,-66
124000176,51,20,31
124000177,8,62,-54
124000178,86,86,0
124000190,15,52,-37
124000191,21,93,-72
124000192,1312,529,783
124000193,272,949,-677
124000194,330,390,-60
124000195,292,644,-352
124000196,697,636,61
124000197,44,24,20
124000198,61,61,0
124000201,216,499,-283
124000202,656,309,347
124000203,852,257,595
124000204,1399,185,1214
124000205,143,207,-64
124000206,1107,217,890
124000207,0,27,-27
124000209,183,162,21
124000210,901,203,698
124000211,1009,4,1005
124000212,1,216,-215
124000213,917,112,805
124000214,603,231,372
124000215,521,32,489
124000216,2,177,-175
124000329,170,693,-523
124000338,104,383,-279
124000339,1679,80,1599
124000341,2012,99,1913
124000344,32,2,30
124000357,1289,2575,-1286
124000358,1030,1764,-734
124000359,1910,876,1034
124000360,1283,614,669
124000361,2193,1049,1144
124000362,997,1357,-360
124000363,262,325,-63
124000364,448,874,-426
124000365,472,791,-319
124000366,1000,698,302
124000367,55,240,-185
124000368,479,645,-166
124000369,124,150,-26
124000370,36,418,-382
124000402,30,14,16
124000403,173,30,143
124000404,6,76,-70
124000405,1128,782,346
124000406,618,672,-54
124000407,4,20,-16
124000411,8,96,-88
124000412,620,5,615
124000413,43,32,11
124000414,181,119,62
124000415,49,59,-10
124000416,167,135,32
124000417,181,97,84
124000418,315,71,244
124000419,109,42,67
124000420,159,37,122
124000421,67,73,-6
124000422,15,21,-6
124000423,137,19,118
124000424,6,43,-37
124000425,62,18,44
124000426,7,46,-39
124000427,59,2,57
124000428,7,46,-39
124000429,117,42,75
124000430,968,410,558
124000431,728,380,348
124000432,337,422,-85
124000439,21,3,18
124000442,26,30,-4
124000443,1,8,-7
124000445,89,866,-777
124000446,443,74,369
124900001,719,513,206
124900002,193,229,-36
124900003,1196,448,748
124900004,918,280,638
124900005,400,110,290
124900006,1008,256,752
124900008,1021,769,252
124900009,189,522,-333
124900010,332,165,167
124900011,800,390,410
124900012,653,135,518
124900013,835,183,652
124900014,488,54,434
124900015,173,505,-332
124900016,94,177,-83
124900017,570,3141,-2571
124900018,129,13,116
124900020,125,89,36
124900021,401,53,348
124900022,48,14,34
124900024,362,22,340
124900026,127,31,96
124900027,168,697,-529
124900028,417,102,315
124900029,22,607,-585
124900030,11,94,-83
124900031,51,226,-175
124900032,195,260,-65
124900033,147,188,-41
124900034,4,92,-88
124900035,235,319,-84
124900036,3,47,-44
124900037,245,175,70
124900038,203,195,8
124900039,4,93,-89
124900040,147,105,42
124900041,235,431,-196
124900042,125,3,122
124900043,520,440,80
124900044,130,3,127
124900045,503,1066,-563
124900046,598,226,372
124900047,65,168,-103
124900048,266,108,158
124900050,231,142,89
124900052,78,233,-155
124900053,243,264,-21
124900054,801,612,189
124900055,2,153,-151
124900057,13,40,-27
124900060,55,146,-91
124900061,174,12,162
124900062,333,13,320
124900066,0,8,-8
124900067,11,70,-59
124900068,177,885,-708
124900070,65,20,45
124900072,210,36,174
124900074,683,125,558
124900075,391,191,200
124900076,24,1545,-1521
124900077,25,82,-57
124900078,73,16,57
124900079,319,184,135
124900080,407,295,112
124900081,1177,339,838
124900082,372,371,1
124900083,351,313,38
124900084,851,116,735
124900085,541,680,-139
124900086,66,1582,-1516
124900087,257,132,125
124900088,221,131,90
124900089,763,32,731
124900090,605,264,341
124900091,376,243,133
124900092,258,231,27
124900093,545,219,326
124900094,759,292,467
124900095,179,633,-454
124900096,477,283,194
124900097,422,87,335
124900098,119,306,-187
124900099,355,601,-246
124900100,409,60,349
124900101,79,318,-239
124900102,332,30,302
124900103,183,129,54
124900104,121,98,23
124900105,108,71,37
124900106,520,43,477
124900107,175,70,105
124900108,149,125,24
124900109,97,210,-113
124900110,419,308,111
124900111,0,165,-165
124900112,89,219,-130
124900113,65,424,-359
124900114,89,188,-99
124900115,116,28,88
124900116,263,269,-6
124900117,172,245,-73
124900118,110,314,-204
124900119,502,232,270
124900120,46,221,-175
124900121,118,408,-290
124900122,118,157,-39
124900123,188,139,49
124900124,117,280,-163
129000186,138,68,70
204000001,27,1,26
204000002,4,3,1
204000003,29,4,25
204000004,3,1,2
204000005,677,373,304
204000006,1284,957,327
204000011,5,21,-16
204000012,63,77,-14
204000013,7,39,-32
204000019,1090,389,701
204000020,799,836,-37
204000021,2238,1467,771
204000022,755,649,106
204000023,580,478,102
204000031,9,14,-5
204000032,304,31,273
204000034,23,112,-89
204000035,3,2,1
204000036,12,38,-26
204000037,0,20,-20
204000038,2,28,-26
204000039,13,17,-4
204000040,9,29,-20
204000041,11,24,-13
204000042,53,10,43
204000043,43,5,38
204000044,50,2,48
204000045,53,20,33
204000046,16,6,10
204000057,17,40,-23
204000062,6,24,-18
204000068,23,280,-257
204000069,22,257,-235
204000070,78,64,14
204000080,81,44,37
204000085,1553,1004,549
204000086,1705,1313,392
204000087,62,11,51
204000088,9,77,-68
204000090,37,214,-177
204000093,707,46,661
204000096,1202,735,467
204000097,710,6,704
204000099,1265,1396,-131
204000100,1852,1612,240
204000105,1481,748,733
204000110,414,1821,-1407
204000111,489,893,-404
204000112,533,2646,-2113
204000113,454,1355,-901
204000114,1028,922,106
204000115,659,379,280
204000116,618,1723,-1105
204000119,2069,2015,54
204000132,626,368,258
204000133,872,180,692
204000134,194,97,97
204000135,552,126,426
204000136,545,209,336
204000138,420,521,-101
204000140,213,136,77
204000141,161,77,84
204000144,12,32,-20
204000145,592,34,558
204000146,14,231,-217
204000147,9,120,-111
204000148,217,30,187
204000154,16,0,16
204000155,4,5,-1
204000177,75,27,48
204000179,40,2,38
204000180,0,32,-32
204000222,5,12,-7
204000235,31,9,22
204000236,49,140,-91
204000238,45,25,20
204000240,437,53,384
204000263,344,557,-213
204000268,780,404,376
204000308,114,6,108
204000317,14,109,-95
204000322,15,51,-36
204000323,16,2,14
204000328,192,48,144
204000329,57,171,-114
204000330,125,18,107
204000331,43,112,-69
204010341,27,171,-144
205000001,606,990,-384
205000013,11,46,-35
205000014,18,56,-38
205000015,34,102,-68
205000016,18,110,-92
205000017,18,99,-81
205000022,266,594,-328
205000025,892,788,104
205000029,312,12,300
205000045,79,1038,-959
205000046,113,607,-494
205000047,47,692,-645
205000048,332,539,-207
205000049,142,528,-386
205000050,949,286,663
205000059,2,157,-155
205000060,1,92,-91
205000061,2,115,-113
205000062,6,212,-206
205000063,16,200,-184
205000064,11,87,-76
205000065,50,445,-395
205000066,116,298,-182
205000067,37,528,-491
205000069,228,15,213
205000082,210,169,41
205000110,81,165,-84
205000111,270,153,117
205000112,171,205,-34
205000113,136,240,-104
205000121,255,43,212
205000123,34,155,-121
205000126,487,103,384
205000127,808,134,674
205000128,432,50,382
205000129,846,53,793
205000130,110,26,84
205000131,41,8,33
205000132,70,2,68
205000133,44,0,44
205000134,281,0,281
205000137,99,135,-36
205000138,171,279,-108
205000139,25,97,-72
205000144,103,73,30
205000145,376,172,204
205000151,175,32,143
205000152,153,6,147
205000153,250,22,228
205000154,86,25,61
205000155,161,11,150
205000207,8,102,-94
205000233,22,2,20
205000234,0,2,-2
205000243,0,0,0
205000244,2,7,-5
205000245,6,109,-103
205000249,0,16,-16
205000250,5,0,5
205000264,9,81,-72
206000027,16,4,12
206000028,14,1,13
206000043,7,23,-16
206000053,2,10,-8
206000054,1,21,-20
206000055,2,15,-13
206000075,20,12,8
206000076,38,6,32
206000077,36,4,32
206000078,29,16,13
206000079,39,9,30
206000082,455,84,371
206000100,22,414,-392
206000103,5,9,-4
206000104,23,11,12
206000105,6,3,3
206000106,3,13,-10
206000108,659,46,613
206000125,87,0,87
206000157,41,398,-357
206000170,1,75,-74
206000171,2,146,-144
206000172,19,153,-134
206000173,0,107,-107
206000174,35,26,9
206000175,0,40,-40
206000176,18,73,-55
206000177,2,74,-72
206000178,2,132,-130
206000179,3,84,-81
206000180,4,64,-60
206000181,11,36,-25
206000182,2,38,-36
206000183,5,99,-94
206000184,8,135,-127
206000185,5,44,-39
206000186,67,283,-216
206000223,5,160,-155
206000226,22,3,19
206000227,40,1,39
206000237,52,178,-126
206000238,7,266,-259
206000239,158,1279,-1121
206000240,1,55,-54
206000241,0,48,-48
206000242,5,85,-80
206000243,17,51,-34
206000244,29,186,-157
206000245,1866,88,1778
206000246,515,17,498
206000247,646,12,634
206000248,740,21,719
206000252,39,49,-10
206000258,12,42,-30
206000315,52,4,48
206000317,914,160,754
206000318,1075,69,1006
206000319,3672,117,3555
206000320,591,51,540
206000321,632,17,615
206000322,935,31,904
206000323,299,13,286
206000324,363,16,347
206000325,301,21,280
206000326,235,38,197
206000327,70,17,53
206000328,385,14,371
206000329,562,3,559
206000330,89,3,86
206000331,376,3,373
206000332,118,4,114
206000333,1405,7,1398
206000334,610,3,607
206000335,0,20,-20
206000361,1,170,-169
206000392,3,12,-9
206000405,226,0,226
206000441,65,25,40
206000498,60,2,58
206000515,66,43,23
206000530,621,80,541
206000531,317,426,-109
206000532,1648,608,1040
206000535,74,2478,-2404
206000536,16,90,-74
206000537,16,99,-83
206000613,2226,263,1963
207000001,133,552,-419
207000002,87,420,-333
207000003,135,142,-7
207000007,1497,240,1257
207000008,198,10,188
207000009,63,42,21
207000010,258,217,41
207000012,600,197,403
207000015,221,536,-315
207000019,244,79,165
207000021,546,206,340
207000022,200,149,51
207000023,280,81,199
207000024,5,15,-10
207000025,30,80,-50
207000026,68,26,42
207000027,24,67,-43
207000028,58,138,-80
207000029,222,386,-164
207000033,234,502,-268
207000034,313,165,148
207000039,716,61,655
207000040,765,25,740
207000041,176,19,157
207000042,440,58,382
207000043,318,193,125
207000051,118,197,-79
207000052,10,141,-131
207000053,399,344,55
207000054,63,53,10
207000055,158,76,82
207000056,272,238,34
207000057,141,426,-285
207000058,207,249,-42
207000059,118,216,-98
207000060,66,165,-99
207000061,211,901,-690
207000062,401,24,377
207000063,419,59,360
207000064,396,69,327
207000065,366,169,197
207000066,341,130,211
207000067,62,58,4
207000068,166,44,122
207000069,884,312,572
207000082,6,142,-136
207000083,88,154,-66
207000084,432,256,176
207000085,264,22,242
207000086,286,7,279
207000106,83,26,57
207000107,172,12,160
207000108,94,8,86
207000109,82,7,75
207000110,80,102,-22
207000111,111,86,25
207000112,99,857,-758
207000114,16,39,-23
207000115,33,39,-6
207000116,25,371,-346
207000117,8,73,-65
207000118,3,53,-50
207000119,29,47,-18
207000123,261,23,238
207000124,164,25,139
207000125,101,19,82
207000126,85,32,53
207000134,102,90,12
207000135,25,137,-112
207000148,126,384,-258
207000149,48,29,19
207000152,119,383,-264
207000153,362,986,-624
207000154,267,144,123
207000159,67,95,-28
207000160,142,214,-72
207000238,1,146,-145
207000242,5,80,-75
207000248,25,24,1
207000249,111,37,74
207000250,438,77,361
207000251,56,89,-33
207000252,40,61,-21
207000278,163,101,62
207000279,23,95,-72
207000280,888,58,830
207000281,123,427,-304
207000282,113,167,-54
207000283,43,190,-147
207000284,32,432,-400
207000285,61,98,-37
207000291,13,83,-70
207000304,81,58,23
207000306,42,292,-250
207000310,187,88,99
207000353,165,1,164
207000356,7,85,-78
207000357,13,28,-15
207000358,4,33,-29
207000415,0,84,-84
207000417,53,2,51
207000418,13,100,-87
207000438,0,2,-2
207000439,578,643,-65
207000446,228,1,227
207000460,34,8,26
207000466,102,115,-13
207000467,350,49,301
207000468,56,128,-72
207000476,13,34,-21
207000477,852,42,810
207000478,1,29,-28
207000523,0,6,-6
207000524,37,0,37
207000527,160,184,-24
207000530,728,8,720
207000531,399,12,387
207000532,128,43,85
207000534,190,42,148
207000535,21,254,-233
207000537,13,89,-76
207000540,7,59,-52
207000541,3,158,-155
207000548,15,133,-118
207000549,309,14,295
207000561,253,224,29
207000562,26,102,-76
207000567,136,290,-154
207000568,334,27,307
207000569,723,293,430
207000584,110,186,-76
207000585,28,276,-248
207000616,0,71,-71
207000617,214,0,214
207900008,377,53,324
208000001,553,1299,-746
208000002,729,601,128
208000003,1042,570,472
208000004,759,708,51
208000005,6,6,0
208000019,896,813,83
208000020,223,334,-111
208000021,300,262,38
208000022,1138,513,625
208000028,1191,2035,-844
208000033,746,793,-47
208000034,1049,1587,-538
208000040,178,120,58
208000041,795,559,236
208000042,950,603,347
208000047,171,157,14
208000064,1993,1402,591
208000066,1686,2506,-820
208000070,540,332,208
208000071,677,452,225
208000072,503,727,-224
208000080,341,323,18
208000081,392,133,259
208000082,424,172,252
208000083,157,261,-104
208000084,4,24,-20
208000085,590,495,95
208000086,511,878,-367
208000087,425,727,-302
208000089,1105,262,843
208000090,1066,452,614
208000093,130,156,-26
208000094,439,345,94
208000095,838,431,407
208000104,1364,519,845
208000105,732,752,-20
208000114,127,430,-303
208000115,593,346,247
208000116,755,1051,-296
208000117,95,176,-81
208000118,127,185,-58
208000155,617,1345,-728
208000158,1327,3531,-2204
208000186,2051,3292,-1241
208000204,881,1020,-139
208000205,1357,772,585
208000282,2652,2465,187
209000004,619,206,413
209000005,50,47,3
209000006,426,219,207
209000007,296,431,-135
209000010,317,108,209
209000011,108,231,-123
209000012,124,111,13
209000013,219,152,67
209000014,383,506,-123
209000025,506,47,459
209000026,1050,111,939
209000027,309,359,-50
209000028,305,320,-15
209000029,344,540,-196
209000030,274,746,-472
209000031,1729,1338,391
209000034,185,227,-42
209000035,122,202,-80
209000036,232,80,152
209000037,324,119,205
209000038,157,125,32
209000039,81,127,-46
209000040,308,420,-112
209000041,209,279,-70
209000042,320,244,76
209000043,709,502,207
209000044,256,591,-335
209000045,905,307,598
209000046,624,377,247
209000047,440,205,235
209000048,637,377,260
209000049,93,36,57
209000050,189,49,140
209000051,190,116,74
209000052,127,108,19
209000062,61,54,7
209000063,81,35,46
209000064,48,46,2
209000065,159,22,137
209000066,128,23,105
209000067,155,39,116
209000080,24,241,-217
209000082,78,32,46
209000091,14,83,-69
209000093,30,15,15
209000094,81,183,-102
209000110,31,167,-136
209000111,706,2148,-1442
209000112,1555,524,1031
209000113,2241,534,1707
209000114,1228,617,611
209000115,51,57,-6
209000116,292,205,87
209000118,17,74,-57
209000119,7,7,0
209000121,90,353,-263
209000135,67,210,-143
209000142,593,2515,-1922
209000143,69,25,44
209000144,47,150,-103
209000229,262,133,129
209000240,26,133,-107
209000259,59,63,-4
209000260,49,980,-931
209000261,5,816,-811
209000262,1,438,-437
209000263,0,207,-207
209000264,1,200,-199
209000265,464,3,461
209000266,106,3,103
209000267,1664,6,1658
209000268,573,77,496
210000037,105,36,69
210000047,62,16,46
210000048,139,19,120
210000049,49,7,42
210000052,111,54,57
210000053,39,26,13
210000054,37,47,-10
210000070,210,7,203
210000071,90,0,90
210000072,28,0,28
210000073,1,16,-15
210000074,0,70,-70
210000075,3,115,-112
210000076,11,158,-147
210000077,12,91,-79
210000078,51,65,-14
210000079,26,19,7
210000080,53,45,8
210000081,155,37,118
210000082,108,4,104
210000083,94,10,84
210000084,54,0,54
210000085,1,53,-52
210000086,1,67,-66
210000099,62,212,-150
210000100,67,133,-66
210000101,64,140,-76
210000105,32,199,-167
210000159,1,291,-290
210000163,109,230,-121
210000164,167,214,-47
210000168,153,52,101
210000187,0,27,-27
210000188,0,49,-49
210000214,17,0,17
210000219,54,46,8
210000220,150,37,113
210000232,11,23,-12
210000233,55,75,-20
210000234,35,99,-64
210000235,102,54,48
210000245,1,55,-54
210000246,27,1,26
210000258,17,83,-66
210000259,287,61,226
210000282,61,252,-191
210000285,1,151,-150
210000286,27,117,-90
210000290,3,2,1
210000295,74,108,-34
210000296,41,31,10
210000320,291,50,241
210000321,108,42,66
210000338,49,77,-28
210000339,201,1091,-890
210000340,123,347,-224
210000341,245,351,-106
210000342,269,203,66
210000343,201,203,-2
210000344,144,142,2
210000345,100,199,-99
210000346,65,120,-55
210000347,32,37,-5
210000348,86,29,57
210000349,37,15,22
210000350,118,68,50
210000351,156,66,90
210000352,51,36,15
210000353,62,35,27
210000354,54,64,-10
210000355,24,44,-20
210000356,12,43,-31
210000357,25,70,-45
210000358,166,176,-10
210000359,73,99,-26
210000360,138,116,22
210000361,164,147,17
210000362,247,186,61
210000363,377,236,141
210000364,88,128,-40
210000365,132,70,62
210000366,120,65,55
210000367,80,27,53
210000368,121,30,91
210000369,24,33,-9
210000370,49,48,1
210000372,20,23,-3
210000373,13,21,-8
210000374,53,25,28
210000375,38,31,7
210000376,50,49,1
210000404,46,168,-122
210000439,33,18,15
210000472,84,2,82
210000482,47,144,-97
210000564,135,234,-99
210000567,0,17,-17
210000568,257,0,257
211000092,72,19,53
211000094,21,5,16
211000169,234,29,205
211000172,17,83,-66
211000209,1,28,-27
211000226,6,7,-1
211000270,18,3,15
211000275,50,10,40
211000276,141,22,119
211000279,14,24,-10
211000281,120,22,98
211507980,0,52,-52
211977296,41,4,37
212000003,226,28,198
212000004,27,22,5
212000005,14,58,-44
212000006,31,63,-32
212000008,178,92,86
212000009,36,52,-16
212000012,84,54,30
212000013,32,22,10
212000014,376,109,267
212000015,376,186,190
212000016,622,426,196
212000027,657,272,385
212000028,449,232,217
212000029,279,153,126
212000030,50,25,25
212000031,71,21,50
212000048,52,318,-266
212000049,25,251,-226
212000050,29,20,9
212000051,267,131,136
212000052,241,169,72
212000053,360,271,89
212000054,428,63,365
212000055,374,106,268
212000056,19,13,6
212000057,12,14,-2
212000058,116,36,80
212000070,129,141,-12
212000077,114,398,-284
212000099,341,183,158
212000108,182,115,67
212000111,302,64,238
212000120,100,36,64
212000138,129,25,104
212000156,4,81,-77
212000158,5,17,-12
212000159,616,41,575
212000160,752,158,594
212000161,60,5,55
212000310,88,21,67
212000311,19,49,-30
212000374,41,15,26
213000001,39,396,-357
213000005,546,105,441
213000006,940,298,642
213000007,94,11,83
213000009,393,326,67
213000010,231,196,35
213000011,162,79,83
213000012,146,224,-78
213000014,67,27,40
213000015,292,6,286
213000016,358,1,357
213000017,99,0,99
213000018,0,42,-42
213000019,0,52,-52
213000020,103,227,-124
213000021,1,69,-68
213000023,416,237,179
213000033,321,1333,-1012
213000034,527,191,336
213000035,170,206,-36
213000045,224,280,-56
213000046,175,133,42
213000047,468,1118,-650
213000056,128,24,104
213000069,65,1,64
213000073,0,65,-65
213000074,137,365,-228
213000075,669,5,664
213000076,7,2,5
213000085,1,33,-32
213000086,16,142,-126
213000091,290,22,268
213000092,105,17,88
213000099,177,1129,-952
213000100,853,229,624
213000101,542,107,435
213000102,706,194,512
213000103,898,631,267
213000104,74,296,-222
213000105,66,1062,-996
213000106,15,92,-77
213000107,129,250,-121
213000108,35,240,-205
213000109,22,185,-163
213000110,26,104,-78
213000111,6,68,-62
213000112,83,120,-37
213000115,54,10,44
213000116,53,299,-246
213000117,5,440,-435
213000118,757,225,532
213000119,38,427,-389
213000120,98,239,-141
213000122,100,265,-165
213000123,187,565,-378
213000124,203,1224,-1021
213000125,192,32,160
213000126,34,117,-83
213000127,56,262,-206
213000128,156,1102,-946
213000129,295,728,-433
213000130,1093,344,749
213000132,632,95,537
213000133,861,76,785
213000134,1106,18,1088
213000136,592,27,565
213000137,722,55,667
213000139,124,38,86
213000147,55,10,45
213000148,14,15,-1
213000149,25,11,14
213000150,1,243,-242
213000151,3,161,-158
213000152,4,148,-144
213000153,12,173,-161
213000154,104,331,-227
213000155,75,170,-95
213000156,124,246,-122
213000157,907,361,546
213000158,360,659,-299
213000159,819,359,460
213000163,1406,94,1312
213000165,946,372,574
213000171,2,34,-32
213000172,2,168,-166
213000173,7,150,-143
213000174,15,77,-62
213000175,13,70,-57
213000176,227,40,187
213000177,200,6,194
213000178,275,10,265
213000179,320,1,319
213000180,287,3,284
213000184,89,399,-310
213000188,484,106,378
213000189,622,50,572
213000190,992,463,529
213000191,498,180,318
213000192,301,144,157
213000193,435,235,200
213000194,1,160,-159
213000195,22,257,-235
213000196,231,1257,-1026
213000197,642,563,79
213000198,49,1,48
213000200,137,518,-381
213000201,32,32,0
213000202,20,428,-408
213000203,2158,508,1650
213000204,934,35,899
213000205,525,59,466
213000206,493,38,455
213000207,110,8,102
213000208,53,2,51
213000209,119,2,117
213000210,246,2,244
213000211,11,23,-12
213000212,15,33,-18
213000213,22,75,-53
213000218,299,312,-13
213000219,722,14,708
213000220,581,8,573
213000223,165,190,-25
213000224,56,45,11
213000225,131,21,110
213000226,88,19,69
213000227,1121,147,974
213000228,511,64,447
213000229,69,26,43
213000230,469,15,454
213000232,58,558,-500
213000233,11,515,-504
213000234,2,112,-110
213000293,24,72,-48
213000294,103,21,82
213000295,15,57,-42
213000296,49,31,18
213000297,12,70,-58
213000298,9,62,-53
213000299,39,15,24
213000300,12,7,5
213000303,4,21,-17
213000304,0,9,-9
213000305,6,17,-11
213000306,53,60,-7
213000307,84,81,3
213000308,97,158,-61
213000309,200,81,119
213000310,525,277,248
213000311,144,943,-799
213000315,78,137,-59
213000316,228,52,176
213000322,126,70,56
213000323,193,41,152
213000324,147,35,112
213000325,154,49,105
213000326,133,47,86
213000327,112,37,75
213000328,101,98,3
213000329,195,29,166
213000340,104,272,-168
213000341,735,76,659
213000347,394,627,-233
213000348,5,242,-237
213000349,19,20,-1
213000350,300,694,-394
213000366,73,169,-96
213000367,382,9,373
213000379,62,109,-47
213000386,18,153,-135
213000406,135,245,-110
213000417,1485,496,989
213000425,383,72,311
213000426,266,34,232
213000427,66,119,-53
213000428,63,93,-30
213000429,6,2,4
213000430,139,330,-191
213000431,39,1,38
213000432,2,42,-40
213000433,18,89,-71
213000434,150,105,45
213000435,201,44,157
213000436,71,51,20
213000437,5,13,-8
213000438,243,59,184
213000439,67,19,48
213000440,19,228,-209
213000441,2,1,1
213000442,5,35,-30
213000443,430,222,208
213000444,53,41,12
213000445,2,75,-73
213000446,0,41,-41
213000447,1,39,-38
213000448,3,180,-177
213000449,829,10,819
213000450,19,34,-15
213000451,329,87,242
213000452,29,16,13
213000453,27,273,-246
213000455,165,23,142
213000456,4,203,-199
213000481,3,1,2
213000484,35,0,35
213000489,148,68,80
213900002,6,148,-142
213900003,114,1,113
213900013,1,104,-103
213900015,0,9,-9
213900016,13,7,6
213900020,6,27,-21
213900030,2,34,-32
213900032,206,143,63
213900033,160,29,131
213900034,770,46,724
213900035,241,166,75
213900036,169,81,88
213900037,30,213,-183
213900038,506,138,368
213900039,0,25,-25
213900041,13,208,-195
213900042,277,314,-37
213900043,356,134,222
213900244,71,0,71
213900245,0,10,-10
218000003,16,27,-11
218000004,22,43,-21
218000005,18,45,-27
218000006,67,26,41
218000007,62,17,45
218000012,140,117,23
218000013,152,160,-8
218000014,324,278,46
218000019,427,551,-124
218000020,226,321,-95
218000021,43,30,13
218000022,24,13,11
218000023,3,14,-11
218000024,2,4,-2
218000025,4,20,-16
218000026,6,22,-16
218000027,2,6,-4
218000028,2,5,-3
218000029,0,1,-1
218000030,13,6,7
218000031,5,12,-7
218000032,0,28,-28
218000040,8,6,2
218000046,102,68,34
218000047,12,114,-102
218000048,99,83,16
218000049,83,87,-4
218000050,382,187,195
218000051,83,141,-58
218000052,7,50,-43
218000053,5,21,-16
218000054,11,72,-61
218000055,2,13,-11
218000056,22,37,-15
218000057,7,36,-29
218000064,3,15,-12
218000065,82,28,54
218000066,14,60,-46
218000067,46,40,6
218000068,135,70,65
218000069,351,79,272
218000070,241,179,62
218000071,177,143,34
218000072,161,230,-69
218000078,1061,395,666
218000079,262,65,197
218000080,248,49,199
218000081,858,136,722
218000082,68,70,-2
218000083,102,51,51
218000084,248,103,145
218000085,290,240,50
218000086,78,104,-26
218000087,282,98,184
218000090,21,121,-100
218000091,1238,505,733
218000092,119,71,48
218000093,67,31,36
218000094,368,374,-6
218000099,304,655,-351
218000100,360,311,49
218000101,311,172,139
218000102,502,145,357
218000103,107,98,9
218000104,136,32,104
218000105,24,44,-20
218000106,13,19,-6
218000107,69,17,52
218000108,4,23,-19
218000112,89,38,51
218000117,57,62,-5
218000134,573,329,244
218000135,20,65,-45
218000136,188,104,84
218000137,193,117,76
218000138,58,124,-66
218000139,210,205,5
218000140,503,205,298
218000141,107,65,42
218000142,190,142,48
218000143,92,583,-491
218000144,42,203,-161
218000145,580,367,213
218000146,114,203,-89
218000151,12,23,-11
218000152,133,58,75
218000153,7,11,-4
218000154,17,4,13
218000155,50,6,44
218000156,125,19,106
218000157,56,14,42
218000158,25,23,2
218000159,6,13,-7
218000160,9,23,-14
218000161,44,4,40
218000162,47,6,41
218000163,11,0,11
218000164,63,1,62
218000165,98,19,79
218000170,11,34,-23
218000171,65,4,61
218000172,20,17,3
218000173,18,20,-2
218000174,38,14,24
218000176,333,57,276
218000177,498,262,236
218000178,95,257,-162
218000179,124,88,36
218000180,113,27,86
218000181,283,36,247
218000187,10,40,-30
218000188,24,43,-19
218000189,36,50,-14
218000190,34,17,17
218000191,229,26,203
218000192,339,148,191
218000193,624,261,363
218000194,160,243,-83
218000195,257,48,209
218000196,529,236,293
218000197,708,224,484
218000198,59,114,-55
218000199,75,26,49
218000200,51,36,15
218000201,34,8,26
218000202,49,307,-258
218000207,2,18,-16
218000208,23,52,-29
218000211,27,61,-34
218000212,1,7,-6
218000213,94,137,-43
218000214,8,23,-15
218000215,49,40,9
218000217,16,53,-37
218000218,247,70,177
218000219,7,33,-26
218000220,58,449,-391
218000221,549,247,302
218000222,5,33,-28
218000223,58,679,-621
218000224,21,252,-231
218000225,320,42,278
218000226,321,78,243
218000230,0,10,-10
218000232,31,30,1
218000239,127,7,120
218000240,13,9,4
218000241,15,4,11
218000242,18,0,18
218000243,12,5,7
218000244,21,6,15
218000245,18,2,16
218000246,0,2,-2
218000247,3,0,3
218000248,2,36,-34
218000249,0,3,-3
218000250,1,20,-19
218000251,4,116,-112
218000252,10,520,-510
218000253,3,259,-256
218000254,6,113,-107
218000255,4,82,-78
218000256,7,173,-166
218000267,324,718,-394
218000268,4,40,-36
218000269,0,16,-16
218000270,42,13,29
218000271,5,24,-19
218000273,61,2,59
218000274,17,2,15
218000275,37,45,-8
218000276,28,26,2
218000278,5,38,-33
218000279,26,17,9
218000280,7,13,-6
218000281,19,26,-7
218000282,422,671,-249
218000284,71,4,67
218000301,101,170,-69
218000302,125,49,76
218000303,32,49,-17
218000316,796,691,105
218000317,1788,493,1295
218000318,1315,388,927
218000319,1353,499,854
218000320,899,448,451
218000338,29,18,11
218000345,84,48,36
218000346,21,243,-222
218000459,27,159,-132
218000490,23,53,-30
218000501,119,26,93
218000502,80,38,42
218000503,107,32,75
218000504,144,28,116
218000505,51,39,12
218000506,15,118,-103
218000508,3,3,0
218000510,126,17,109
218000520,146,95,51
218000521,2,23,-21
218000522,2,99,-97
218000523,139,1,138
218000524,17,260,-243
218000525,127,11,116
218000526,26,178,-152
218000529,31,49,-18
218000530,17,3,14
218000531,33,14,19
218000532,28,19,9
218000534,208,13,195
218000537,9,91,-82
218000538,137,933,-796
218000540,195,175,20
218000543,182,40,142
218000544,32,30,2
218000545,126,98,28
218000546,69,43,26
218000547,169,114,55
218000548,131,103,28
218000549,817,443,374
218000550,201,140,61
218000551,80,579,-499
218000552,335,84,251
218000553,25,80,-55
218000554,19,26,-7
218000555,31,27,4
218000556,143,136,7
218000557,446,93,353
218000558,93,2,91
218000559,0,38,-38
218000560,0,23,-23
218000561,12,0,12
218000562,22,157,-135
218000563,236,23,213
218000564,8,189,-181
218000565,181,39,142
218000566,112,36,76
218000567,2,157,-155
218000568,56,7,49
218000569,14,230,-216
218000570,71,14,57
218000571,0,98,-98
218000572,119,3,116
218000573,5,219,-214
218000574,53,33,20
218000575,117,2,115
218000576,1,91,-90
218000577,94,1,93
218000578,1,110,-109
218000579,30,115,-85
218000581,10,73,-63
218000582,99,5,94
218000583,8,1,7
218000584,0,37,-37
218000585,45,10,35
218000586,21,53,-32
218000587,9,1,8
218000588,6,2,4
218000589,0,7,-7
218000590,6,1,5
218000591,1,8,-7
218000592,10,11,-1
218000593,2,0,2
218000594,2,11,-9
218000595,0,0,0
218000596,0,1,-1
218000597,0,0,0
218000598,1,0,1
218000599,0,2,-2
218000600,1,1,0
218000601,0,0,0
218000602,0,3,-3
218000603,0,7,-7
218000604,13,0,13
218000605,0,29,-29
218000606,133,1,132
218000607,6,49,-43
218000608,50,25,25
218000609,17,58,-41
218000610,96,8,88
218000611,22,2,20
218000612,9,43,-34
218000613,82,2,80
218000614,0,55,-55
218000615,135,1,134
218000616,5,103,-98
218000617,23,0,23
218000618,1,17,-16
218000619,68,20,48
218000620,13,46,-33
218000621,1,1,0
218000622,0,66,-66
218000623,70,1,69
218000624,0,40,-40
218000625,0,8,-8
218000626,1,15,-14
218000628,159,78,81
218000631,23,9,14
218000632,3,169,-166
218000633,56,0,56
218000634,9,21,-12
218000635,18,9,9
218000636,832,533,299
218000637,1164,270,894
218000638,408,29,379
218000639,28,59,-31
218000640,498,34,464
218000641,75,131,-56
218000652,78,28,50
218000653,290,82,208
218000663,1,46,-45
218000675,43,48,-5
218000676,5,12,-7
218000677,19,4,15
218000680,121,216,-95
218000681,371,113,258
218000691,167,67,100
218000693,428,111,317
218000703,4,13,-9
218000718,61,541,-480
218000719,122,442,-320
218000720,23,447,-424
218000721,110,13,97
218000725,12,10,2
218001214,7,310,-303
218001329,44,67,-23
218001330,32,35,-3
218001351,12,14,-2
218001352,4,22,-18
218001353,4,5,-1
218001354,5,24,-19
219000001,40,66,-26
219000002,23,45,-22
219000003,94,77,17
219000004,36,46,-10
219000017,71,48,23
219000020,142,43,99
219000022,108,7,101
219000023,84,2,82
219000029,1,45,-44
219000034,59,28,31
219000039,66,173,-107
219000040,22,118,-96
219000041,174,20,154
219000051,0,48,-48
219000052,0,25,-25
219000053,1,66,-65
219000054,422,412,10
219000055,296,3,293
219000056,2,0,2
219000057,52,0,52
219000062,18,39,-21
219000063,136,3,133
219000064,2,47,-45
219000110,346,64,282
219000111,75,49,26
219000112,168,42,126
219000113,175,59,116
219000114,115,59,56
219000116,127,43,84
219000117,197,80,117
219000118,188,93,95
219000123,160,49,111
219000124,48,34,14
219000125,18,8,10
219000126,30,113,-83
219000127,0,11,-11
219000128,12,103,-91
219000129,22,137,-115
219000130,190,507,-317
219000131,583,1037,-454
219000133,26,42,-16
219000134,11,29,-18
219000135,21,84,-63
219000136,92,196,-104
219000138,102,69,33
219000139,73,33,40
219000140,119,0,119
219000141,46,54,-8
219000142,27,46,-19
219000143,1,31,-30
219000145,10,41,-31
219000146,5,25,-20
219000147,5,35,-30
219000148,3,21,-18
219000149,11,32,-21
219000150,5,25,-20
219000151,0,30,-30
219000157,259,107,152
219000158,147,188,-41
219000161,143,7,136
219000163,875,465,410
219000166,120,228,-108
219000167,110,149,-39
219000168,248,50,198
219000174,430,139,291
219000175,125,10,115
219000176,180,5,175
219000177,115,2,113
219000178,82,1,81
219000179,33,5,28
219000180,27,45,-18
219000182,163,11,152
219000183,113,20,93
219000184,144,11,133
219000185,1,36,-35
219000186,84,21,63
219000187,16,80,-64
219000189,52,167,-115
219000190,34,192,-158
219000191,199,1866,-1667
219000192,155,170,-15
219000193,139,136,3
219000195,1,37,-36
219000196,12,74,-62
219000198,17,74,-57
219000199,34,118,-84
219000200,41,98,-57
219000201,42,140,-98
219000203,15,93,-78
219000204,62,272,-210
219000205,26,229,-203
219000207,73,218,-145
219000209,33,37,-4
219000210,20,69,-49
219000213,4,115,-111
219000239,167,190,-23
219000240,231,331,-100
219000241,146,90,56
219000242,45,133,-88
219000243,63,220,-157
219000244,13,56,-43
219000245,25,37,-12
219000246,40,35,5
219000247,217,30,187
219000248,502,413,89
219000249,173,125,48
219000250,174,82,92
219000251,587,244,343
219000252,243,140,103
219000253,376,84,292
219000255,136,113,23
219000256,270,57,213
219000257,127,0,127
219000262,86,69,17
219000263,50,66,-16
219000267,4,56,-52
219000268,4,5,-1
219000269,2,0,2
219000270,3,0,3
219000271,165,6,159
219000278,0,9,-9
219000279,1,2,-1
219000283,0,13,-13
219000295,18,62,-44
219000296,60,260,-200
219000297,29,49,-20
219000298,17,56,-39
219000299,428,46,382
219000300,28,79,-51
219000301,128,251,-123
219000302,28,187,-159
219000307,31,28,3
219000308,69,59,10
219000311,214,72,142
219000312,552,134,418
219000313,452,31,421
219000314,51,128,-77
219000315,360,51,309
219000316,664,46,618
219000317,141,14,127
219000320,0,41,-41
219000321,0,19,-19
219000323,7,41,-34
219000325,2,6,-4
219000326,39,31,8
219000327,55,27,28
219000328,26,32,-6
219000329,352,126,226
219000330,43,23,20
219000331,54,23,31
219000332,153,78,75
219000333,48,0,48
219000335,118,0,118
219000337,26,0,26
219000338,42,0,42
219000344,27,55,-28
219000345,39,37,2
219000346,43,39,4
219000348,154,70,84
219000349,59,117,-58
219000350,118,460,-342
219000351,6,18,-12
219000352,457,97,360
219000353,142,46,96
219000354,240,87,153
219000355,170,39,131
219000356,480,1462,-982
219000363,180,95,85
219000364,108,48,60
219000365,119,26,93
219000366,233,422,-189
219000368,329,539,-210
219000370,653,606,47
219000371,13,39,-26
219000382,12,16,-4
219000383,266,1550,-1284
219000385,291,486,-195
219000386,509,1733,-1224
219000387,1,14,-13
219000390,2,1,1
219000391,0,1,-1
219000397,46,48,-2
219000398,49,35,14
219000401,12,70,-58
219000402,31,65,-34
219000403,89,278,-189
219000404,18,136,-118
219000407,12,41,-29
219000409,61,42,19
219000410,118,36,82
219000411,108,7,101
219000446,73,371,-298
219000447,1,10,-9
219000448,7,4,3
219000452,101,76,25
219000453,36,179,-143
219000454,167,337,-170
219000556,372,75,297
219000558,85,88,-3
219000590,27,150,-123
219000591,137,89,48
219000592,79,248,-169
219000595,1,17,-16
219000635,215,47,168
219000636,28,36,-8
219000657,16,24,-8
219000658,51,181,-130
219000673,1,86,-85
219000676,14,44,-30
219000679,36,9,27
219000684,135,3,132
219000685,2,65,-63
219000686,1,2,-1
219000688,0,36,-36
219000689,21,183,-162
219000690,140,19,121
219000691,38,120,-82
219000692,142,33,109
219000693,2,13,-11
219000694,20,0,20
219000695,41,2,39
219000698,19,0,19
219000699,0,20,-20
219000727,0,81,-81
219000728,69,1,68
219000770,34,0,34
219000771,1,25,-24
219001150,0,35,-35
219001151,0,7,-7
219001166,4,44,-40
219001167,0,45,-45
220000001,16,91,-75
220000002,10,74,-64
220000003,226,116,110
220000004,345,251,94
220000005,655,1487,-832
220000006,111,682,-571
220000007,373,271,102
220000008,363,390,-27
220000009,238,271,-33
220000010,122,64,58
220000011,395,3277,-2882
220000012,68,314,-246
220000014,124,57,67
220000015,38,322,-284
220000017,44,208,-164
220000018,4766,2513,2253
220000019,67,364,-297
220000020,435,171,264
220000021,892,119,773
220000022,1193,307,886
220000023,409,150,259
220000024,1201,472,729
220000025,1122,1654,-532
220000026,355,615,-260
220000027,27,134,-107
220000028,49,66,-17
220000029,34,83,-49
220000030,59,61,-2
220000031,697,313,384
220000064,24,940,-916
221000046,6,0,6
221000047,0,0,0
221000048,0,3,-3
221000049,0,18,-18
221000050,19,1,18
221000055,39,59,-20
221000057,69,7,62
221000068,311,101,210
221000069,298,47,251
221000070,239,16,223
221000071,105,7,98
221000072,268,10,258
221000073,192,26,166
221000074,6,12,-6
221000075,15,19,-4
221000076,7,13,-6
221000077,13,76,-63
221000081,23,7,16
221000082,68,4,64
221000083,17,9,8
221000084,12,12,0
221000085,24,46,-22
221000086,8,69,-61
221000087,4,94,-90
221000088,4,140,-136
221000089,26,204,-178
221000090,80,498,-418
221000098,135,16,119
221000099,182,13,169
221000100,100,8,92
221000101,166,16,150
221000102,168,11,157
221000109,9,67,-58
221000110,7,30,-23
221000111,7,74,-67
221000112,6,77,-71
221000113,12,85,-73
221000114,8,91,-83
221000120,18,36,-18
221000121,6,44,-38
221000122,43,35,8
221000123,3,6,-3
221000124,20,99,-79
221000155,154,7,147
221000156,25,36,-11
221000175,8,6,2
221000176,0,4,-4
221000182,57,10,47
221000241,435,286,149
221000242,172,300,-128
221000243,412,212,200
221000244,321,314,7
221000245,69,76,-7
221000246,40,177,-137
221000247,85,48,37
221000248,122,60,62
221000267,40,653,-613
221000325,10,45,-35
221000331,6,42,-36
221000338,25,54,-29
221000378,259,44,215
221000381,43,20,23
222000282,13,4,9
222000296,3,20,-17
222000568,463,28,435
222000569,235,63,172
222000570,192,33,159
222000571,668,23,645
222000577,13,61,-48
222000578,20,71,-51
222000579,23,75,-52
222000580,49,456,-407
222000599,1,142,-141
222000600,4,151,-147
222000601,12,574,-562
222000603,7,55,-48
222000604,3,58,-55
222000605,14,39,-25
222000606,0,13,-13
222000607,4,3,1
222000608,22,27,-5
222000609,60,62,-2
222000616,521,38,483
222000617,6,24,-18
222000618,7,8,-1
222000620,18,21,-3
222000621,45,12,33
222000623,747,11,736
222000624,522,5,517
222000625,965,10,955
222000636,56,3,53
222000686,16,28,-12
222000687,28,10,18
222001066,492,1,491
222001067,48,5,43
222001068,101,22,79
222001069,95,15,80
222001082,14,32,-18
222001083,43,17,26
222001084,0,22,-22
222001085,1,195,-194
222001111,70,37,33
222001112,268,26,242
222001313,97,16,81
222001314,11,100,-89
222001464,31,38,-7
222001465,7,40,-33
222001484,186,36,150
222001485,23,44,-21
222001494,930,105,825
222001495,118,112,6
222001496,468,62,406
222001497,112,149,-37
222001502,30,52,-22
222001503,198,38,160
222001504,49,215,-166
222001505,436,21,415
222001506,87,282,-195
222001507,332,30,302
222001510,821,57,764
222001511,59,131,-72
222001514,1076,186,890
222001515,141,264,-123
222001518,613,63,550
222001519,64,71,-7
222001527,219,69,150
222001528,45,81,-36
222001529,457,39,418
222001530,98,99,-1
222001533,125,157,-32
222001534,542,45,497
222001535,382,252,130
222001536,57,85,-28
222001537,429,56,373
222001538,59,263,-204
222001563,1175,142,1033
222001564,76,153,-77
222001568,198,304,-106
222001576,3,2,1
222001579,0,31,-31
222001583,9,100,-91
222001584,152,8,144
222001596,498,1418,-920
222001597,1578,723,855
222001626,1,92,-91
222001650,43,297,-254
222001651,70,566,-496
222001914,271,64,207
222001915,40,106,-66
222900004,586,263,323
222900009,241,283,-42
222900019,194,364,-170
222900024,59,9,50
222900025,6,14,-8
225000001,411,92,319
225000002,643,124,519
225000003,737,49,688
225000004,406,190,216
225000005,119,62,57
225000006,0,161,-161
225000007,782,1017,-235
225000010,347,30,317
225000011,362,1082,-720
225000012,266,677,-411
225000013,105,72,33
225000014,756,123,633
225000015,81,86,-5
225000021,733,128,605
225000027,147,309,-162
225000032,734,82,652
225000042,56,368,-312
225000049,55,25,30
225000050,69,13,56
225000053,9,257,-248
225000058,656,202,454
225000067,215,149,66
225000068,91,159,-68
225000069,66,284,-218
225000070,105,192,-87
225000071,19,63,-44
225000075,14,448,-434
225000076,35,76,-41
225000078,74,25,49
225000085,116,79,37
225000086,257,75,182
225000087,169,13,156
225000088,15,148,-133
225000089,88,720,-632
225000090,49,385,-336
225000091,133,58,75
225000092,48,111,-63
225000093,212,170,42
225000094,16,136,-120
225000095,201,237,-36
225000096,182,247,-65
225000098,758,246,512
225000099,350,140,210
225000100,456,91,365
225000104,87,238,-151
225000110,7,265,-258
225000111,207,564,-357
225000112,188,726,-538
225000113,205,514,-309
225000114,77,222,-145
225000115,867,500,367
225000116,562,144,418
225000117,726,238,488
225000118,1270,249,1021
225000119,347,82,265
225000120,874,28,846
225000121,137,12,125
225000123,479,8,471
225000125,577,129,448
225000126,575,139,436
225000127,480,1422,-942
225000128,361,814,-453
225000132,417,21,396
225000133,370,43,327
225000134,650,134,516
225000135,92,22,70
225000136,440,15,425
225000137,305,42,263
225000138,447,103,344
225000143,34,167,-133
225000144,3,285,-282
225000145,23,31,-8
225000146,48,36,12
225000147,56,99,-43
225000148,13,105,-92
225000149,45,244,-199
225000151,42,104,-62
225000155,215,233,-18
225000156,169,742,-573
225000157,313,252,61
225000158,45,117,-72
225000171,2,115,-113
225000180,30,3,27
225000181,0,33,-33
225000182,41,13,28
225000185,7,326,-319
225000187,27,308,-281
225000191,91,4,87
225000194,0,5,-5
225000208,0,45,-45
225000209,96,10,86
225000210,7,222,-215
225000217,0,4,-4
225000218,9,1,8
225000223,1,28,-27
225000224,24,1,23
225000225,0,10,-10
225000226,10,1,9
225000227,31,60,-29
225000228,12,4,8
225000229,0,27,-27
225000230,8,0,8
225000231,0,23,-23
225000232,151,1,150
225000241,72,2,70
225000242,0,16,-16
225000249,5,1,4
225000250,68,398,-330
225000251,503,17,486
225000254,3,3,0
225000256,1,30,-29
225000257,0,11,-11
226000042,142,253,-111
226000043,40,146,-106
226000044,89,232,-143
226000045,35,165,-130
226000046,580,67,513
226000047,419,92,327
226000048,382,57,325
226000049,323,152,171
226000070,0,12,-12
226000071,0,44,-44
226000072,1,20,-19
226000073,0,7,-7
226000074,0,9,-9
226000084,2,16,-14
226000085,3,5,-2
226000086,3,6,-3
226000087,0,16,-16
226000088,13,32,-19
226000090,119,102,17
226000091,20,79,-59
226000092,3,32,-29
226000093,15,3,12
226000094,3,1,2
226000095,7,5,2
226000105,12,0,12
226000106,7,0,7
226000107,11,1,10
226000108,22,1,21
226000109,169,33,136
226000124,162,61,101
226000134,1245,557,688
226000135,2096,459,1637
226000136,779,386,393
226000137,7,95,-88
226000138,11,77,-66
226000139,0,41,-41
226000156,188,2,186
226000157,208,4,204
226000163,56,132,-76
226000202,17,83,-66
226000231,410,11,399
226000232,39,8,31
227000033,365,47,318
227000036,552,40,512
227000037,476,28,448
227000038,181,23,158
227000084,3,72,-69
227000085,0,61,-61
227000088,53,1,52
227000089,66,1,65
227000090,29,1,28
227000091,16,0,16
227000092,27,0,27
227000093,102,0,102
227000094,5,0,5
227000130,27,132,-105
227000131,14,116,-102
227000132,12,89,-77
227000133,6,87,-81
227000134,7,142,-135
227000152,0,11,-11
227000153,2,96,-94
227000154,0,45,-45
227000155,3,19,-16
227000156,0,15,-15
227000165,3,135,-132
227000196,650,139,511
227000199,534,203,331
227000230,10,156,-146
227000232,836,31,805
227000242,56,382,-326
227000243,443,75,368
227000245,12,220,-208
227000246,81,168,-87
227000247,428,86,342
227000248,153,37,116
227000249,24,40,-16
227000250,349,176,173
227000251,76,126,-50
227000252,48,86,-38
227000253,234,17,217
227000262,560,32,528
227000266,2118,20,2098
227000267,19,513,-494
227000282,3,75,-72
227000284,758,26,732
227000286,1,24,-23
227000291,6,224,-218
227000296,161,161,0
227000484,214,15,199
227000485,21,421,-400
227000655,240,2,238
227000656,705,29,676
227000657,105,6,99
227000704,204,19,185
229000265,25,7,18
229000266,3,0,3
229000267,12,0,12
229000268,11,0,11
229000269,34,0,34
229000274,0,22,-22
229000275,0,24,-24
229000276,0,14,-14
229000277,0,11,-11
229000278,0,8,-8
229000295,13,24,-11
229000296,4,17,-13
229000297,9,29,-20
229000298,10,124,-114
229000320,17,6,11
229000321,7,6,1
229000412,16,83,-67
229000414,9,56,-47
229000415,18,3,15
229000416,0,12,-12
229000417,6,12,-6
229000419,107,341,-234
229000440,409,117,292
229000442,31,15,16
229000443,9,3,6
229000444,0,51,-51
229000445,131,9,122
229000446,98,22,76
229000491,2,12,-10
229000492,6,43,-37
229000493,8,52,-44
229000494,58,0,58
229000495,166,7,159
229000496,108,1,107
229000507,0,64,-64
229000508,0,31,-31
229000509,3,54,-51
229000510,4,22,-18
229000511,2,41,-39
229000512,0,22,-22
229000513,0,7,-7
229000514,0,1,-1
229000517,2,1,1
229000518,21,19,2
229000519,0,1,-1
229000520,17,11,6
229000521,67,13,54
229000522,5,5,0
229000523,8,2,6
229000524,6,4,2
229000527,2,0,2
229000528,0,0,0
229000529,10,1,9
229000530,96,0,96
229000531,72,0,72
229000532,18,0,18
229000533,82,0,82
229000534,51,1,50
229000564,108,0,108
229000565,55,0,55
229000566,0,1,-1
229000567,1,13,-12
229000582,98,1,97
229000583,7,7,0
229000584,0,11,-11
229000585,0,68,-68
229000718,0,3,-3
229000719,0,3,-3
229000720,0,5,-5
229000721,0,18,-18
229000722,0,4,-4
229000723,0,2,-2
229000724,0,1,-1
229000725,0,3,-3
229000738,4,0,4
229000739,1,0,1
229000740,4,0,4
229000741,37,0,37
229000742,6,0,6
229000743,20,0,20
229000744,1,0,1
229000745,1,0,1
229000746,10,0,10
229000847,116,0,116
229000848,36,1,35
229000849,157,2,155
229000851,84,0,84
229000854,0,5,-5
229000856,0,33,-33
229000857,0,13,-13
229000858,0,28,-28
229000919,11,33,-22
229000930,3,155,-152
229000937,83,19,64
229000966,40,59,-19
229000981,26,13,13
229000985,22,38,-16
229000986,2,4,-2
229000987,0,3,-3
229000988,7,8,-1
229000989,18,6,12
229000990,1,3,-2
229000991,3,3,0
229000992,31,3,28
229000993,174,15,159
229000998,22,52,-30
229000999,107,21,86
229001034,0,14,-14
229001035,5,5,0
229001036,8,41,-33
229001037,89,0,89
229001038,0,19,-19
229001039,0,0,0
229001040,0,39,-39
229001041,71,1,70
229001042,44,7,37
229001047,14,43,-29
229001050,43,7,36
229001168,0,20,-20
229001200,19,7,12
229001338,5,22,-17
229001394,261,2,259
229001422,127,10,117
229001423,16,62,-46
229001431,50,36,14
229001432,16,51,-35
229001444,291,53,238
229001445,35,124,-89
229001479,29,2,27
229001503,202,59,143
229001504,127,56,71
229001505,118,8,110
229001506,63,53,10
229001509,50,6,44
229001510,3,30,-27
229001545,118,4,114
229001546,2,69,-67
229001553,85,21,64
229001554,31,46,-15
229001630,65,8,57
229001631,25,29,-4
229001635,1,32,-31
229001636,1,0,1
229001658,1,66,-65
229001659,57,1,56
229001660,11,10,1
229001661,15,42,-27
229001662,22,6,16
229001663,0,12,-12
229002584,229,241,-12
229002831,167,143,24
229002841,19,20,-1
229002842,41,10,31
229002843,74,17,57
229002844,29,61,-32
229002845,14,116,-102
229002846,31,22,9
229002847,2,17,-15
229002848,15,16,-1
229002849,5,89,-84
229002850,12,3,9
229002851,33,193,-160
229002852,209,24,185
229002853,179,11,168
229002854,50,60,-10
229002855,6,24,-18
229002856,67,17,50
229002857,17,182,-165
229002858,14,18,-4
229002859,31,116,-85
229002860,145,17,128
229002861,91,53,38
229002862,19,36,-17
229002863,38,14,24
229002864,27,26,1
229002865,17,22,-5
229002866,28,24,4
229002867,1,39,-38
229002868,8,14,-6
229002869,24,123,-99
229002870,66,12,54
235000066,238,30,208
235000067,110,56,54
235000072,21,47,-26
235000073,78,358,-280
235000074,64,15,49
235000080,23,49,-26
235000081,148,74,74
235000082,213,20,193
235000083,293,32,261
235000084,70,63,7
235000085,230,44,186
235000089,21,10,11
235000092,40,93,-53
235000093,15,4,11
235000097,1,11,-10
235000098,54,9,45
235000099,38,11,27
235000116,46,17,29
235000117,331,25,306
235000133,12,473,-461
235000134,7,193,-186
235000206,5,17,-12
235000207,6,10,-4
235000208,9,2,7
235000209,0,1,-1
235000210,13,1,12
235000212,8,11,-3
235000213,1,4,-3
235000220,0,4,-4
235000221,49,21,28
235000238,15,141,-126
235000239,4,51,-47
235000242,393,940,-547
235000245,230,160,70
235000246,17,73,-56
235000284,5,162,-157
235000295,70,14,56
235000305,317,33,284
235000306,411,10,401
235000307,11,3,8
235000308,10,0,10
235000309,94,0,94
235000310,52,0,52
235000311,58,38,20
235000322,0,54,-54
235000323,2,38,-36
235000324,0,19,-19
235000325,0,105,-105
235000326,10,70,-60
235000351,3,59,-56
235000352,14,66,-52
235000353,6,32,-26
235000354,7,94,-87
235000355,12,71,-59
235000356,70,0,70
235000357,44,11,33
235000358,45,9,36
235000359,27,5,22
235000360,55,6,49
235000361,48,5,43
235000381,118,52,66
235000382,199,15,184
235000390,17,2,15
235000391,207,14,193
235000392,259,207,52
235000393,188,122,66
235000395,163,24,139
235000396,557,76,481
235000400,238,63,175
235000401,5,68,-63
235000405,144,108,36
235000406,34,107,-73
235000407,23,61,-38
235000409,90,41,49
235000410,32,137,-105
235000411,1,30,-29
235000485,0,13,-13
235000486,14,1,13
235000549,122,62,60
235000550,157,93,64
235000599,134,24,110
235000600,4,16,-12
235000601,24,15,9
235000602,71,31,40
235000614,0,9,-9
235000648,0,11,-11
235000649,12,4,8
235000685,0,6,-6
235000815,32,283,-251
235000834,0,11,-11
235000855,51,45,6
235000862,59,48,11
235000891,0,15,-15
235000892,22,0,22
235000901,64,40,24
235000907,7,12,-5
235001010,121,47,74
235001029,229,189,40
235001030,318,136,182
235001078,100,62,38
235001079,37,65,-28
235001147,4,61,-57
235001166,12,34,-22
235001167,51,16,35
235001169,26,446,-420
235001188,2,8,-6
235001189,2,21,-19
235001197,0,29,-29
235001200,46,62,-16
235001208,16,20,-4
235001209,12,46,-34
235001210,16,103,-87
235001239,0,23,-23
235001244,0,9,-9
235016267,2,68,-66
241900007,75,2,73
277101746,0,2,-2
277102712,0,0,0
277103813,0,0,0
277103814,4,0,4
277103898,0,0,0
277104249,0,0,0
277104250,0,8,-8
277104251,0,4,-4
277104252,0,2,-2
990011530,0,175,-175
990014944,1,292,-291
990015176,55,18,37
990015618,0,118,-118
990016032,0,261,-261
990032570,16,386,-370
990070001,85,33,52
990070103,0,5,-5
990070601,0,69,-69
990070751,1487,5,1482
990070766,1,217,-216
990071180,535,140,395
990071343,33,1,32
990071387,0,16,-16
990071823,460,4,456
990072600,10,1786,-1776
990072964,1,379,-378
990073285,0,4,-4
990074393,2,503,-501
990074870,2013,137,1876
990075106,1029,110,919
990075746,671,22,649
990076437,2292,7,2285
990076458,0,234,-234
997000007,422,9,413
997000041,0,306,-306
997000058,57,1,56
997000062,54,6,48
997000069,0,2,-2
997000070,0,22,-22
997000100,52,0,52
997000141,7,1679,-1672
997000198,0,959,-959
998000475,0,0,0
998000736,2,86,-84
998000965,0,8,-8
998001031,0,53,-53
998001700,0,31,-31
998001899,0,1,-1
998001900,3,1,2
998003073,1072,4,1068
998101900,0,0,0
998102850,2,370,-368
998501927,721,1520,-799
998501929,90,3,87
998501930,49,1,48
998501931,144,29,115
998501932,0,0,0
998501933,85,13,72
998501937,28,2,26
998501944,10,0,10
998501950,0,0,0
998501970,75,3,72
998501971,0,74,-74
998501973,0,31,-31
998501974,2,182,-180
998501975,68,0,68
998501976,136,0,136
998501977,8,26,-18
998501978,15,0,15
998501979,0,5,-5
998501980,118,1,117
998501981,44,1,43
998501982,0,110,-110
998502006,0,0,0
998502024,0,5,-5
998502032,0,5,-5
998502062,10,2,8
998502063,0,0,0
998502173,9,0,9
998502269,0,5,-5
998601159,0,65,-65
998601292,0,11,-11
999033574,1,96,-95
999800001,84,26,58
999800002,0,1,-1
999800003,5,1,4
999800004,0,16,-16
999800005,0,4,-4
