ID,insum,outsum,diff
100000001,898,962,-64
100000002,4503,4753,-250
100000003,4843,6611,-1768
100000004,622,1680,-1058
100000005,2841,5660,-2819
100000006,876,320,556
100000007,2587,998,1589
100000008,352,533,-181
100000009,826,493,333
100000010,79,159,-80
100000011,578,156,422
100000012,63,1031,-968
100000013,172,295,-123
100000014,529,544,-15
100000015,1500,2551,-1051
100000016,525,1425,-900
100000017,693,1210,-517
100000018,933,696,237
100000019,3251,2207,1044
100000020,1469,7004,-5535
100000021,4993,2492,2501
100000022,1030,3499,-2469
100000023,3635,1915,1720
100000025,617,1921,-1304
100000028,745,1394,-649
100000029,157,457,-300
100000030,81,61,20
100000031,2670,6524,-3854
100000032,1678,4057,-2379
100000033,1149,3030,-1881
100000034,182,1137,-955
100000035,1043,1967,-924
100000036,1074,1925,-851
100000037,641,457,184
100000038,2626,1127,1499
100000039,448,349,99
100000040,307,196,111
100000041,1795,580,1215
100000042,1055,460,595
100000043,821,557,264
100000044,222,744,-522
100000045,351,735,-384
100000046,523,700,-177
100000047,233,430,-197
100000048,448,588,-140
100000049,1502,1288,214
100000051,378,568,-190
100000053,110,3,107
100000054,318,33,285
100000055,575,328,247
100000056,469,632,-163
100000057,2491,576,1915
100000058,928,896,32
100000059,25,239,-214
100000060,546,319,227
100000061,2876,550,2326
100000062,2153,666,1487
100000063,1276,270,1006
100000064,1446,425,1021
100000065,297,771,-474
100000066,126,599,-473
100000067,345,634,-289
100000068,369,1452,-1083
100000069,297,1080,-783
100000072,164,706,-542
100000073,994,878,116
100000075,770,247,523
100000076,1792,4928,-3136
100000077,104,462,-358
100000078,18,53,-35
100000079,77,66,11
100000080,27,96,-69
100000081,115,331,-216
100000102,3395,5407,-2012
100000103,1837,2105,-268
100000104,3256,3240,16
100000105,1442,2210,-768
100000106,1602,3436,-1834
100000107,224,1698,-1474
100000108,372,1028,-656
100000109,1029,1586,-557
100000116,816,1007,-191
100000117,95,239,-144
100000118,764,1707,-943
100000119,611,1178,-567
100000121,302,517,-215
100000122,662,1837,-1175
100000123,1621,3626,-2005
100000124,3607,4425,-818
100000125,4674,2490,2184
100000126,549,776,-227
100000127,1163,577,586
100000128,1542,3242,-1700
100000129,354,825,-471
100000130,696,357,339
100000131,1226,2250,-1024
100000132,903,2501,-1598
100000133,2470,1452,1018
100000135,758,1596,-838
100000139,229,756,-527
100000140,209,378,-169
100000142,748,655,93
100000143,731,424,307
100000144,2451,733,1718
100000147,1487,4043,-2556
100000150,83,573,-490
100000151,858,2229,-1371
100000153,173,603,-430
100000154,25,469,-444
100000155,15,50,-35
100000156,489,511,-22
100000157,436,311,125
100000158,299,188,111
100000159,92,852,-760
100000165,789,813,-24
100000169,87,1197,-1110
100000174,291,1251,-960
100000179,92,615,-523
100000180,1507,3065,-1558
100000181,445,546,-101
100000188,57,179,-122
100000189,1000,454,546
100000190,597,1917,-1320
100000191,794,898,-104
100000192,26,92,-66
100000193,281,241,40
100000330,651,1085,-434
100000355,191,983,-792
100000362,2704,1683,1021
100000363,6175,6117,58
100000364,81,288,-207
100000365,6643,11116,-4473
100000366,2458,1854,604
100000367,4972,7677,-2705
100000368,3006,1078,1928
100000369,703,2742,-2039
100000370,207,1194,-987
100000376,72,198,-126
100000379,1405,2095,-690
100000380,4134,6073,-1939
100000384,5945,6832,-887
100000385,1621,4218,-2597
100000386,4044,6644,-2600
100000387,2973,6174,-3201
100000388,3035,8129,-5094
100000389,4279,8069,-3790
100000390,5450,7774,-2324
100000391,3816,12791,-8975
100000392,1737,5058,-3321
100000393,1609,7478,-5869
100000394,4545,9891,-5346
100000395,2648,7038,-4390
100000396,4170,4326,-156
100000397,3198,9856,-6658
100000398,7956,6199,1757
100900002,22,19,3
100900003,428,306,122
100900004,16,1046,-1030
100900005,147,19,128
100900006,79,40,39
100900007,198,3,195
100900008,4,312,-308
100900009,105,260,-155
100900010,158,49,109
100900011,255,162,93
100900012,1,87,-86
100900013,1189,14,1175
100900014,11,5,6
100900015,75,85,-10
100900016,3,25,-22
100900017,1353,109,1244
100900018,0,13,-13
100900019,29,169,-140
100900020,425,10,415
100900021,479,2,477
100900022,29,41,-12
100900023,1,29,-28
100900024,383,4,379
100900025,6,11,-5
100900026,171,148,23
100900027,532,3062,-2530
100900028,121,366,-245
100900029,80,7,73
100900030,2,196,-194
100900031,994,68,926
100900032,418,2,416
100900033,225,392,-167
100900034,882,2,880
100900035,249,0,249
100900036,23,0,23
100900037,168,206,-38
100900038,87,66,21
100900039,242,251,-9
100900040,640,418,222
100900041,1075,393,682
100900042,1950,2708,-758
100900043,0,24,-24
100900044,1321,471,850
100900045,2,1,1
100900046,1303,23,1280
100900047,850,427,423
100900048,149,72,77
100900049,98,148,-50
100900050,3,14,-11
100900051,47,140,-93
100900052,429,55,374
100900053,722,36,686
100900054,17,70,-53
100900055,204,978,-774
100900056,26,95,-69
100900057,2500,1510,990
100900058,190,172,18
100900059,147,1,146
100900060,364,6,358
100900061,304,178,126
100900062,11,33,-22
100900063,396,992,-596
100900064,757,33,724
100900065,63,157,-94
100900066,231,370,-139
100900067,4,8,-4
100900068,278,153,125
100900069,360,5,355
100900070,648,14,634
100900071,517,214,303
100900072,3,78,-75
100900073,209,285,-76
100900074,9,12,-3
100900075,1729,277,1452
100900076,5,31,-26
100900077,55,37,18
100900078,119,337,-218
100900079,21,20,1
100900080,87,102,-15
100900081,50,146,-96
100900082,256,301,-45
100900083,26,25,1
100900085,37,641,-604
100900086,97,613,-516
100900088,226,220,6
100900089,3,12,-9
100900090,125,793,-668
100900091,2,10,-8
100900092,133,160,-27
100900093,326,430,-104
100900094,263,211,52
100900095,7,14,-7
100900096,47,192,-145
100900097,3,2,1
100900098,43,39,4
100900099,34,431,-397
100900100,16,788,-772
100900101,330,58,272
100900102,64,261,-197
100900103,6,14,-8
100900104,6,147,-141
100900105,33,852,-819
100900106,46,10,36
100900107,2004,999,1005
100900108,5,112,-107
100900109,38,30,8
100900110,8,28,-20
100900111,41,214,-173
100900112,8,48,-40
100900113,16,15,1
100900114,29,21,8
100900115,16,15,1
100900116,1066,618,448
100900117,384,1432,-1048
100900118,14,46,-32
100900119,10,16,-6
100900120,28,2,26
100900121,464,434,30
100900122,102,144,-42
100900123,160,157,3
100900124,11,22,-11
100900125,11,63,-52
100900126,314,143,171
100900127,6,11,-5
100900128,105,305,-200
100900129,2,376,-374
100900131,61,279,-218
100900133,70,42,28
100900134,6,1,5
100900135,2,370,-368
100900137,391,277,114
100900138,409,578,-169
100900139,8,4,4
100900140,5,279,-274
100900141,8,780,-772
100900142,3,22,-19
100900143,563,608,-45
100900144,4,4,0
100900145,132,229,-97
100900146,11,95,-84
100900147,35,773,-738
100900148,59,302,-243
100900149,14,185,-171
100900150,7,53,-46
100900151,129,578,-449
100900152,237,3,234
100900153,5,225,-220
100900154,42,309,-267
100900155,38,11,27
100900156,32,7,25
100900157,26,1220,-1194
100900158,587,116,471
100900159,25,205,-180
100900160,37,4,33
100900161,50,12,38
100900162,27,748,-721
100900163,137,111,26
100900164,80,44,36
100900165,38,54,-16
100900166,29,3,26
100900167,13,72,-59
100900168,30,320,-290
100900169,89,838,-749
100900170,23,3,20
100900171,15,364,-349
100900172,1,32,-31
100900173,8,217,-209
100900174,87,30,57
100900176,1950,207,1743
100900177,573,252,321
100900178,212,223,-11
100900179,344,532,-188
100900180,7,10,-3
100900181,67,71,-4
100900182,66,52,14
100900184,44,98,-54
100900186,602,399,203
100900187,21,82,-61
100900188,32,12,20
100900189,3045,308,2737
100900191,622,1557,-935
100900192,227,580,-353
100900195,113,215,-102
100900197,23,39,-16
100900198,58,85,-27
100900199,20,18,2
100900200,962,341,621
100900201,102,1237,-1135
100900202,49,0,49
100900203,0,234,-234
100900204,198,1263,-1065
100900205,189,829,-640
100900206,366,126,240
100900207,394,199,195
100900210,80,261,-181
100900211,542,205,337
100900213,255,78,177
100900214,773,178,595
100900215,22,44,-22
100900217,70,122,-52
101000001,2073,2405,-332
101000002,7711,7793,-82
101000003,329,1015,-686
101000004,5942,6421,-479
101000005,4549,5408,-859
101000006,5655,7892,-2237
101000007,3072,4869,-1797
101000008,2065,2322,-257
101000009,2745,744,2001
101000010,956,619,337
101000011,1042,456,586
101000012,532,737,-205
101000013,729,1229,-500
101000014,336,463,-127
101000015,1757,1004,753
101000016,302,574,-272
101000017,434,442,-8
101000018,1506,2836,-1330
101000020,1985,922,1063
101000021,608,500,108
101000022,199,258,-59
101000023,1009,728,281
101000025,375,590,-215
101000026,214,37,177
101000027,2362,4039,-1677
101000028,924,361,563
101000029,177,1859,-1682
101000030,1235,234,1001
101000031,421,1359,-938
101000032,3262,5404,-2142
101000033,1750,4287,-2537
101000034,1096,2299,-1203
101000035,675,331,344
101000036,1253,1370,-117
101000037,1364,2597,-1233
101000039,1444,3187,-1743
101000040,2386,4823,-2437
101000041,2986,8934,-5948
101000042,232,1325,-1093
101000043,3891,9030,-5139
101000045,546,1065,-519
101000046,1450,2837,-1387
101000047,1399,6362,-4963
101000048,587,397,190
101000049,637,2629,-1992
101000050,1397,2535,-1138
101000051,1091,3491,-2400
101000052,1345,1687,-342
101000053,735,1322,-587
101000054,1910,893,1017
101000055,1179,1692,-513
101000056,46,130,-84
101000057,1127,1967,-840
101000058,736,1558,-822
101000059,1876,2532,-656
101000060,1926,1048,878
101000061,720,1853,-1133
101000062,349,732,-383
101000063,414,1463,-1049
101000064,692,1202,-510
101000065,343,847,-504
101000066,640,1331,-691
101000067,622,1216,-594
101000068,192,580,-388
101000069,192,72,120
101000070,759,1140,-381
101000071,2562,1102,1460
101000072,626,3742,-3116
101000073,815,1484,-669
101000074,3275,5317,-2042
101000075,2294,6467,-4173
101000077,2080,1781,299
101000078,1219,1512,-293
101000079,1452,1406,46
101000080,1272,1291,-19
101000081,1848,1610,238
101000082,2321,2464,-143
101000083,3600,2597,1003
101000084,1121,710,411
101000085,1595,1332,263
101000086,990,1231,-241
101000087,842,940,-98
101000088,1480,1394,86
101000089,1213,1759,-546
101000090,1861,1124,737
101000091,561,612,-51
101000092,1725,722,1003
101000093,1476,785,691
101000094,1278,1059,219
101000095,590,566,24
101000096,541,429,112
101000097,443,723,-280
101000098,357,950,-593
101000099,680,1089,-409
101000100,756,1044,-288
101000101,248,381,-133
101000102,645,733,-88
101000103,645,778,-133
101000104,344,836,-492
101000105,209,581,-372
101000106,533,1466,-933
101000107,349,394,-45
101000108,573,182,391
101000109,657,87,570
101000110,30,250,-220
101000111,108,220,-112
101000113,233,810,-577
101000114,4945,12081,-7136
101000115,297,45,252
101000116,48,42,6
101000117,1329,219,1110
101000119,64,63,1
101000120,122,160,-38
101000121,107,99,8
101000122,152,141,11
101000123,70,189,-119
101000124,1237,631,606
101000125,144,326,-182
101000128,273,1101,-828
101000130,129,301,-172
101000131,1365,427,938
101000132,1066,715,351
101000135,39,63,-24
101000136,306,358,-52
101000137,30,446,-416
101000141,834,4019,-3185
101000147,799,343,456
101000148,622,36,586
101000149,135,457,-322
101000150,93,293,-200
101000151,402,52,350
101000152,286,314,-28
101000153,385,216,169
101000154,377,632,-255
101000155,519,192,327
101000156,16,459,-443
101000157,81,32,49
101000160,56,24,32
101000163,174,468,-294
101000164,311,187,124
101000165,384,400,-16
101000166,276,279,-3
101000168,945,500,445
101000252,2698,1103,1595
101000254,86,121,-35
101000258,73,9,64
101000261,135,102,33
101000262,1284,4096,-2812
101000263,322,1408,-1086
101000265,67,809,-742
101000266,361,488,-127
101000269,15,24,-9
101000290,678,2866,-2188
101000293,29,29,0
101000294,703,597,106
101000295,202,316,-114
101000301,416,533,-117
101000304,2127,2769,-642
101000305,2799,1154,1645
101900001,19,52,-33
101900002,0,8,-8
101900003,58,117,-59
101900004,2,84,-82
101900005,1874,3596,-1722
101900006,1703,75,1628
101900007,786,227,559
101900008,43,234,-191
101900009,46,325,-279
101900010,635,788,-153
101900011,125,960,-835
101900012,344,105,239
101900013,397,168,229
101900017,20,170,-150
101900018,636,269,367
101900019,103,115,-12
101900020,358,266,92
101900021,1,62,-61
101900022,232,564,-332
101900023,197,121,76
102000001,3178,5996,-2818
102000002,2768,912,1856
102000003,2713,7823,-5110
102000004,3567,2606,961
102000005,1107,3012,-1905
102000006,720,1633,-913
102000007,1657,5045,-3388
102000008,3359,1482,1877
102000009,6794,9311,-2517
102000010,4135,2979,1156
102000011,4288,3702,586
102000012,2773,2570,203
102000018,2768,2998,-230
102000019,2100,1895,205
102000026,196,415,-219
102000029,236,143,93
102000030,173,367,-194
102000031,77,122,-45
102000032,757,374,383
102000033,312,382,-70
102000034,528,566,-38
102000035,1512,734,778
102000036,17,264,-247
102000037,208,40,168
102000038,125,516,-391
102000039,121,184,-63
102000040,216,482,-266
102000041,96,712,-616
102000042,137,542,-405
102000043,134,376,-242
102000044,325,743,-418
102000045,661,744,-83
102000046,1268,634,634
102000047,829,844,-15
102000048,548,824,-276
102000049,1022,1080,-58
102000050,1031,1144,-113
102000051,399,837,-438
102000052,1093,825,268
102000053,965,1314,-349
102000054,872,1115,-243
102000055,1584,363,1221
102000056,1435,438,997
102000057,1632,514,1118
102000058,1138,873,265
102000059,1410,1187,223
102000060,971,768,203
102000061,1926,1436,490
102000062,2012,1005,1007
102000063,1063,1338,-275
102000064,605,667,-62
102000065,57,161,-104
102000066,771,914,-143
102000067,2924,2874,50
102000068,10778,3082,7696
102000069,144,2984,-2840
102000070,1509,40,1469
102000071,7006,9159,-2153
102000072,3120,4204,-1084
102000073,758,1217,-459
102000074,564,1590,-1026
102000075,175,359,-184
102000076,238,285,-47
102000077,801,516,285
102000078,1399,359,1040
102000079,190,187,3
102000080,314,153,161
102000081,329,821,-492
102000082,789,349,440
102000083,908,289,619
102000084,626,209,417
102000085,2197,808,1389
102000086,1416,836,580
102000087,935,1498,-563
102000088,377,364,13
102000089,1514,542,972
102000090,424,1194,-770
102000091,1169,626,543
102000092,330,632,-302
102000093,530,569,-39
102000094,740,770,-30
102000095,901,1242,-341
102000096,490,843,-353
102000097,860,669,191
102000098,491,941,-450
102000099,866,1162,-296
102000100,251,1211,-960
102000101,475,720,-245
102000102,347,979,-632
102000103,2043,433,1610
102000104,718,345,373
102000105,325,523,-198
102000106,986,524,462
102000107,1865,380,1485
102000108,859,212,647
102000109,724,396,328
102000110,1691,546,1145
102000111,9,286,-277
102000112,196,128,68
102000113,33,24,9
102000114,684,333,351
102000115,278,357,-79
102000116,372,738,-366
102000117,140,918,-778
102000118,1112,1598,-486
102000119,1254,1452,-198
102000120,307,434,-127
102000121,1128,570,558
102000122,776,950,-174
102000123,1361,1224,137
102000124,1659,1342,317
102000125,720,977,-257
102000126,763,815,-52
102000127,1447,740,707
102000128,988,905,83
102000129,1785,641,1144
102000130,903,1003,-100
102000131,2374,1083,1291
102000132,1080,1513,-433
102000133,3184,1634,1550
102000134,1225,811,414
102000135,986,852,134
102000136,1488,702,786
102000137,496,1611,-1115
102000138,170,442,-272
102000139,46,612,-566
102000140,138,1019,-881
102000141,232,1088,-856
102000142,303,276,27
102000143,267,220,47
102000144,427,202,225
102000145,494,402,92
102000146,470,391,79
102000147,718,410,308
102000148,236,521,-285
102000149,257,221,36
102000150,713,117,596
102000151,118,169,-51
102000152,255,125,130
102000153,1088,691,397
102000154,206,460,-254
102000155,79,429,-350
102000156,271,190,81
102000157,68,659,-591
102000158,144,297,-153
102000159,1038,883,155
102000161,2028,2259,-231
102000162,161,138,23
102000163,112,408,-296
102000164,610,1040,-430
102000165,307,176,131
102000166,77,190,-113
102000167,257,350,-93
102000168,314,253,61
102000169,110,525,-415
102000170,501,239,262
102000171,90,352,-262
102000172,41,507,-466
102000173,451,323,128
102000174,103,71,32
102000175,128,73,55
102000176,98,17,81
102000178,413,290,123
102000179,551,248,303
102000180,1365,298,1067
102000181,986,396,590
102000182,687,424,263
102000183,2424,1272,1152
102000184,2378,608,1770
102000185,3341,982,2359
102000186,1665,1133,532
102000187,1148,1039,109
102000188,1446,1115,331
102000189,1799,494,1305
102000190,724,2490,-1766
102000191,1054,485,569
102000192,1600,1953,-353
102000193,113,88,25
102000194,79,191,-112
102000195,466,375,91
102000196,292,296,-4
102000197,1042,243,799
102000198,248,437,-189
102000199,1545,253,1292
102000200,348,567,-219
102000201,1657,422,1235
102000202,3,98,-95
102000203,535,164,371
102000204,722,536,186
102000205,1590,348,1242
102000206,778,328,450
102000207,747,477,270
102000208,443,374,69
102000209,73,84,-11
102000210,483,210,273
102000211,625,266,359
102000212,516,17,499
102000213,8,207,-199
102000214,483,11,472
102000215,5,241,-236
102000216,75,115,-40
102000217,11,74,-63
102000218,323,235,88
102000219,244,188,56
102000225,477,676,-199
102000226,579,1079,-500
102000227,173,2,171
102000228,0,54,-54
102000229,75,63,12
102000230,359,353,6
102000231,322,340,-18
102000232,68,145,-77
102000233,472,457,15
102000234,148,945,-797
102000236,284,100,184
102000237,423,150,273
102000238,227,270,-43
102000240,524,881,-357
102000241,211,143,68
102000243,13,32,-19
102000245,12,101,-89
102000246,5,31,-26
102000247,219,372,-153
102000248,253,648,-395
102000249,154,71,83
102000250,70,222,-152
102000254,217,127,90
102000266,18,756,-738
102000271,36,0,36
102000286,442,393,49
102000297,2027,1221,806
102000299,0,0,0
102000300,0,0,0
102000301,0,0,0
102000303,0,0,0
102000305,0,0,0
102000306,0,0,0
102000307,0,6,-6
102000308,0,5,-5
102900001,1603,696,907
102900002,433,60,373
102900003,102,158,-56
102900005,533,205,328
102900006,604,92,512
102900007,635,21,614
102900008,313,44,269
102900009,640,525,115
102900010,245,1116,-871
102900011,1317,560,757
102900012,361,105,256
102900013,72,59,13
102900015,636,531,105
102900016,147,63,84
102900017,313,342,-29
102900018,84,61,23
102900019,477,526,-49
102900020,189,30,159
102900021,52,70,-18
102900022,421,198,223
102900023,41,113,-72
102900024,37,57,-20
102900025,206,98,108
102900026,325,2133,-1808
102900027,95,76,19
102900028,316,977,-661
102900029,156,241,-85
102900030,488,391,97
102900031,335,129,206
102900032,138,86,52
102900033,122,182,-60
102900034,700,70,630
102900035,173,207,-34
102900036,389,259,130
102900037,541,204,337
102900038,584,226,358
102900039,18,685,-667
102900040,221,248,-27
102900041,124,128,-4
102900042,304,199,105
102900043,275,162,113
102900044,680,1364,-684
102900045,285,438,-153
102900046,180,159,21
102900047,173,619,-446
102900048,645,324,321
102900049,118,395,-277
102900050,241,269,-28
102900051,166,190,-24
102900052,59,101,-42
102900053,292,532,-240
102900054,343,1467,-1124
102900055,278,326,-48
102900056,93,419,-326
102900057,9,88,-79
102900058,484,49,435
102900059,48,52,-4
102900060,162,303,-141
102900061,216,315,-99
102900062,420,484,-64
102900063,1593,426,1167
102900064,114,428,-314
102900065,929,275,654
102900066,357,16,341
102900068,115,142,-27
102900070,266,491,-225
102900072,14,55,-41
102900073,150,13,137
102900074,197,221,-24
102900075,25,83,-58
102900076,124,170,-46
102900077,48,55,-7
102900078,22,71,-49
102900079,269,14,255
102900080,496,63,433
102900081,146,359,-213
102900082,9,268,-259
102900083,166,28,138
102900084,12,79,-67
102900085,373,142,231
102900086,26,187,-161
102900087,181,227,-46
102900088,22,39,-17
102900089,213,149,64
102900090,1,192,-191
102900091,277,5,272
102900092,620,379,241
102900093,363,145,218
102900094,3,160,-157
102900095,139,0,139
102900096,164,18,146
102900097,2,78,-76
103000001,2141,2137,4
103000002,2146,2644,-498
103000003,2948,2677,271
103000004,683,600,83
103000005,1907,3500,-1593
103000006,943,1653,-710
103000007,439,612,-173
103000008,1020,579,441
103000009,1938,1206,732
103000010,121,96,25
103000011,1386,1106,280
103000012,1624,1701,-77
103000013,2636,1748,888
103000014,1472,3001,-1529
103000015,1243,590,653
103000016,523,1686,-1163
103000017,304,425,-121
103000018,647,316,331
103000019,404,391,13
103000020,1512,1265,247
103000021,1836,2176,-340
103000022,632,911,-279
103000023,695,2090,-1395
103000024,84,127,-43
103000025,118,833,-715
103000026,832,131,701
103000027,395,672,-277
103000028,211,363,-152
103000029,155,301,-146
103000030,1435,1335,100
103000031,880,2219,-1339
103000032,2136,1523,613
103000033,2984,2661,323
103000034,1190,1099,91
103000035,404,1477,-1073
103000036,334,438,-104
103000037,540,481,59
103000038,692,1200,-508
103000039,755,338,417
103000040,684,597,87
103000041,1893,1358,535
103000042,1616,394,1222
103000043,919,726,193
103000044,448,145,303
103000046,415,397,18
103000047,737,426,311
103000048,345,213,132
103000049,202,116,86
103000050,863,342,521
103000051,810,441,369
103000052,772,256,516
103000053,256,439,-183
103000054,2609,1225,1384
103000055,1971,1839,132
103000056,911,956,-45
103000057,1171,142,1029
103000058,732,674,58
103000059,823,672,151
103000060,785,385,400
103000061,682,835,-153
103000062,1169,372,797
103000063,1115,967,148
103000064,116,162,-46
103000065,13,310,-297
103000066,220,10,210
103000069,497,242,255
103000070,1022,548,474
103000071,1641,590,1051
103000072,196,527,-331
103000073,812,122,690
103000074,926,126,800
103000075,160,636,-476
103000076,428,565,-137
103000077,27,291,-264
103000078,843,1041,-198
103000079,525,600,-75
103000080,719,557,162
103000081,367,1235,-868
103000082,601,206,395
103000083,189,298,-109
103000084,114,5,109
103000085,3,120,-117
103000086,450,455,-5
103000087,223,643,-420
103000088,244,306,-62
103000089,280,556,-276
103000090,3545,975,2570
103000091,915,468,447
103000092,356,292,64
103000093,404,526,-122
103000094,245,105,140
103000095,95,363,-268
103000096,582,72,510
103000097,96,680,-584
103000098,624,190,434
103000099,194,658,-464
103000100,211,468,-257
103000101,1127,163,964
103000102,168,369,-201
103000103,889,163,726
103000104,114,109,5
103000105,244,103,141
103000106,11,154,-143
103000107,261,81,180
103000108,1064,779,285
103000109,561,492,69
103000110,610,493,117
103000111,397,532,-135
103000112,363,289,74
103000113,529,684,-155
103000114,1480,755,725
103000115,916,493,423
103000116,959,371,588
103000117,508,428,80
103000118,435,442,-7
103000119,777,416,361
103000120,81,138,-57
103000121,163,297,-134
103000122,337,375,-38
103000125,31,141,-110
103000126,939,2,937
103000127,13,103,-90
103000128,231,1,230
103000129,4,117,-113
103000130,105,54,51
103000131,163,151,12
103000132,109,174,-65
103000133,20,64,-44
103000134,269,1053,-784
103000135,668,295,373
103000136,564,518,46
103000137,466,706,-240
103000138,639,900,-261
103000139,6,86,-80
103000140,125,50,75
103000141,77,180,-103
103000142,137,76,61
103000143,91,181,-90
103000144,202,71,131
103000145,32,197,-165
103000150,78,52,26
103000152,186,238,-52
103000153,245,191,54
103000156,33,197,-164
103000157,527,2,525
103000159,150,68,82
103000162,78,16,62
103000163,9,24,-15
103000164,12,8,4
103000165,88,208,-120
103000166,250,405,-155
103000167,195,96,99
103000168,199,127,72
103000169,237,420,-183
103000170,1180,240,940
103000171,40,88,-48
103000172,968,231,737
103000173,992,289,703
103000174,312,244,68
103000175,341,156,185
103000176,917,820,97
103000177,421,481,-60
103000178,168,354,-186
103000179,256,31,225
103000183,306,14,292
103000185,197,62,135
103000186,150,86,64
103000187,1030,203,827
103000188,60,119,-59
103000189,822,526,296
103000191,549,655,-106
103000292,638,1935,-1297
103000293,809,3075,-2266
103000295,120,138,-18
103000296,172,4,168
103000297,10,247,-237
103000504,64,39,25
103000505,4,41,-37
103000506,2,138,-136
103000507,219,4,215
103000508,103,107,-4
103000509,230,453,-223
103900001,1,76,-75
103900002,1028,119,909
103900003,1053,168,885
103900004,204,2,202
103900005,1,127,-126
103900006,7,7,0
103900007,101,3,98
103900008,16,0,16
103900009,572,496,76
103900010,191,312,-121
103900011,546,108,438
103900012,15,40,-25
103900013,85,36,49
103900014,106,17,89
103900015,107,24,83
103900016,355,133,222
103900017,90,72,18
103900018,456,145,311
103900019,77,486,-409
103900020,257,601,-344
103900021,208,52,156
103900022,1151,672,479
103900023,241,2,239
103900024,107,456,-349
103900025,15,41,-26
103900026,95,0,95
103900027,758,190,568
103900028,18,371,-353
103900029,1352,193,1159
103900030,499,161,338
103900031,48,2,46
103900032,126,88,38
103900033,94,22,72
103900034,85,64,21
103900035,85,56,29
103900036,47,117,-70
103900037,73,91,-18
103900038,104,244,-140
103900039,163,159,4
103900040,18,119,-101
103900041,109,74,35
103900042,129,140,-11
103900043,335,62,273
103900044,79,527,-448
103900045,457,164,293
103900047,110,12,98
103900048,80,45,35
103900049,163,1141,-978
103900050,29,183,-154
103900051,0,36,-36
103900052,280,247,33
103900053,429,285,144
103900054,205,236,-31
103900055,466,178,288
103900056,163,48,115
103900057,72,97,-25
103900058,412,329,83
103900059,1,51,-50
103900060,91,98,-7
103900061,269,45,224
103900062,575,168,407
103900063,30,0,30
103900064,187,3,184
103900065,551,371,180
103900066,278,66,212
103900067,325,8,317
103900068,15,0,15
103900069,115,15,100
103900070,114,195,-81
103900071,18,71,-53
103900072,26,96,-70
103900073,35,68,-33
103900074,59,36,23
103900075,367,57,310
103900076,795,362,433
103900077,55,229,-174
103900078,389,81,308
103900079,131,181,-50
103900080,6,38,-32
103900081,19,28,-9
103900082,29,164,-135
103900083,997,1563,-566
103900084,108,195,-87
103900085,88,141,-53
103900086,1222,441,781
103900087,55,72,-17
103900088,386,699,-313
103900089,86,113,-27
103900090,3,80,-77
103900091,850,183,667
103900092,622,439,183
103900093,70,294,-224
103900094,16,59,-43
103900095,279,208,71
103900096,60,105,-45
103900097,18,454,-436
103900098,378,138,240
103900099,161,86,75
103900100,377,206,171
103900101,171,944,-773
103900102,5,71,-66
103900104,4,24,-20
103900105,51,125,-74
103900106,0,128,-128
103900107,178,136,42
103900108,48,212,-164
103900109,192,41,151
103900110,316,47,269
103900111,177,282,-105
103900112,147,233,-86
103900113,158,284,-126
103900114,358,207,151
103900115,235,265,-30
103900116,2139,3080,-941
103900117,118,36,82
103900119,34,99,-65
103900120,118,55,63
103900122,192,113,79
103900123,777,673,104
103900124,71,241,-170
103900125,136,50,86
103900126,813,262,551
103900127,211,252,-41
103900128,191,86,105
103900131,29,46,-17
103900133,1034,80,954
103900134,1,13,-12
103900135,10,2,8
103900137,3,15,-12
103900138,313,101,212
103900139,171,3288,-3117
103900140,5,335,-330
103900141,255,67,188
103900142,327,84,243
103900143,219,0,219
103900144,0,22,-22
103900145,180,352,-172
103900146,384,214,170
103900147,421,150,271
103900148,397,245,152
103900149,615,264,351
103900150,4089,5620,-1531
103900151,48,169,-121
103900152,1158,346,812
103900153,13,2,11
103900154,522,2354,-1832
103900155,47,145,-98
103900156,131,81,50
103900157,88,59,29
103900158,234,65,169
103900159,246,45,201
103900160,65,62,3
103900161,95,151,-56
103900162,73,77,-4
103900163,13,408,-395
103900164,22,1,21
103900167,40,152,-112
103900168,167,47,120
103900169,69,121,-52
103900170,0,72,-72
103900171,2,35,-33
103900172,1,10,-9
103900173,19,27,-8
103900174,455,63,392
103900175,58,117,-59
103900176,10,45,-35
103900177,33,58,-25
103900178,124,35,89
103900179,128,56,72
103900180,7,24,-17
103900181,37,35,2
103900182,43,13,30
103900184,220,182,38
103900185,86,612,-526
103900187,5,96,-91
103900188,86,45,41
103900189,148,13,135
103900190,103,76,27
103900191,47,51,-4
103900192,58,138,-80
103900193,89,123,-34
103900194,82,141,-59
103900195,2,140,-138
103900196,64,69,-5
103900197,21,30,-9
103900198,24,48,-24
103900199,137,61,76
103900200,229,83,146
103900201,126,176,-50
103900202,20,96,-76
103900203,60,31,29
103900204,2,67,-65
103900207,0,64,-64
103900208,191,1,190
103900209,7,116,-109
103900210,60,24,36
103900211,718,250,468
103900212,211,232,-21
103900213,55,193,-138
103900214,229,221,8
103900215,217,339,-122
103900216,4,186,-182
103900217,293,27,266
103900218,1,234,-233
103900219,218,88,130
103900233,72,6,66
103900235,18,42,-24
103900236,8,6,2
103900242,8,9,-1
103900243,1,1,0
103900244,164,106,58
103900245,99,119,-20
103900246,44,51,-7
103900247,21,61,-40
103900248,3,47,-44
103900249,18,70,-52
103900250,20,74,-54
103900251,0,29,-29
103900253,6,82,-76
103900254,2,20,-18
103900255,3,19,-16
103900256,6,22,-16
103900257,59,94,-35
103900258,30,5,25
103900259,31,7,24
103900261,16,2,14
103900262,15,3,12
103900263,29,36,-7
103900264,21,10,11
103900265,20,12,8
103900266,10,132,-122
103900267,20,57,-37
103900268,10,27,-17
103900269,225,62,163
103900270,92,52,40
104000001,2590,2158,432
104000002,1618,1804,-186
104000003,2513,2093,420
104000004,2369,2480,-111
104000005,1922,2011,-89
104000006,3107,2176,931
104000007,3698,3467,231
104000008,176,217,-41
104000009,241,148,93
104000010,183,338,-155
104000011,323,189,134
104000012,148,283,-135
104000013,367,253,114
104000014,227,531,-304
104000015,353,160,193
104000016,453,326,127
104000018,1003,230,773
104000019,683,311,372
104000020,142,361,-219
104000021,244,354,-110
104000022,133,232,-99
104000023,1199,469,730
104000024,245,289,-44
104000026,50,286,-236
104000027,248,158,90
104000028,487,181,306
104000029,323,236,87
104000030,373,237,136
104000031,1490,346,1144
104000032,227,202,25
104000033,683,472,211
104000034,392,222,170
104000035,1185,350,835
104000036,984,462,522
104000037,336,171,165
104000038,599,283,316
104000039,187,124,63
104000040,153,381,-228
104000041,956,360,596
104000042,148,217,-69
104000043,245,221,24
104000044,213,404,-191
104000045,854,672,182
104000046,741,1001,-260
104000047,598,890,-292
104000048,937,858,79
104000049,624,321,303
104000050,126,682,-556
104000051,148,563,-415
104000052,1910,1490,420
104000053,945,359,586
104000054,668,234,434
104000055,3077,1988,1089
104000056,812,219,593
104000057,189,267,-78
104000058,752,682,70
104000059,646,894,-248
104000060,1254,1408,-154
104000061,1061,934,127
104000062,446,104,342
104000064,557,276,281
104000065,279,662,-383
104000069,579,1236,-657
104000070,68,450,-382
104000071,111,288,-177
104000072,484,147,337
104000075,153,310,-157
104000076,414,101,313
104000082,2364,3501,-1137
104000083,661,219,442
104000084,117,427,-310
104000085,393,308,85
104000086,263,454,-191
104000087,354,1918,-1564
104000090,1017,779,238
104000092,1776,1215,561
104000094,951,865,86
104000095,1777,1237,540
104000096,1969,75,1894
104000097,2164,638,1526
104000098,2978,570,2408
104000100,2260,558,1702
104000101,1260,1138,122
104000106,46,602,-556
104000107,642,262,380
104000108,185,336,-151
104000109,373,242,131
104000110,687,949,-262
104000111,2512,2932,-420
104000112,894,518,376
104000116,0,618,-618
104000117,226,362,-136
104000118,1124,202,922
104000119,856,331,525
104000120,269,418,-149
104000121,253,580,-327
104000122,975,813,162
104000123,765,693,72
104000124,446,1381,-935
104000125,2168,5110,-2942
104000126,612,544,68
104000127,1263,1573,-310
104000128,601,275,326
104000129,421,23,398
104000130,18,348,-330
104000131,295,231,64
104000132,353,286,67
104000133,1576,846,730
104000134,997,1623,-626
104000135,504,1819,-1315
104000136,688,3817,-3129
104000137,1659,447,1212
104000138,900,374,526
104000139,3177,2484,693
104000141,803,766,37
104000142,616,407,209
104000143,599,313,286
104000144,178,197,-19
104000145,354,196,158
104000146,233,444,-211
104000147,161,266,-105
104000148,522,221,301
104000149,170,188,-18
104000150,1314,628,686
104000151,380,286,94
104000152,657,371,286
104000153,895,667,228
104000154,783,365,418
104000155,566,680,-114
104000157,886,983,-97
104000158,215,484,-269
104000159,1028,550,478
104000160,1701,2105,-404
104000161,220,188,32
104000162,83,208,-125
104000165,690,705,-15
104000167,775,1422,-647
104000168,758,13,745
104000169,149,33,116
104000170,246,579,-333
104000248,365,399,-34
104000251,58,151,-93
104000272,0,0,0
104000273,0,0,0
104000274,0,0,0
104000275,0,0,0
104000279,658,477,181
104000290,83,243,-160
104000291,515,1054,-539
104000293,953,848,105
104000294,125,0,125
104000295,687,654,33
104000296,477,539,-62
104000297,601,1716,-1115
104000298,2100,766,1334
104000299,792,1093,-301
104900001,160,236,-76
104900002,98,225,-127
104900003,117,216,-99
104900004,138,143,-5
104900005,414,280,134
104900006,517,81,436
104900007,358,178,180
104900009,227,171,56
104900010,79,55,24
104900011,14,45,-31
104900012,254,59,195
104900013,136,20,116
104900014,1754,304,1450
104900015,122,6,116
104900016,340,150,190
104900017,230,121,109
104900018,8,128,-120
104900019,211,4335,-4124
104900020,35,225,-190
104900021,0,91,-91
104900022,17,73,-56
104900023,1,21,-20
104900024,18,86,-68
104900025,59,169,-110
104900026,1,35,-34
104900027,766,423,343
104900028,27,77,-50
104900029,38,70,-32
104900030,568,222,346
104900031,84,237,-153
104900032,45,64,-19
104900033,223,264,-41
104900034,509,170,339
104900035,600,247,353
104900036,323,82,241
104900037,183,132,51
104900038,208,1047,-839
104900039,519,628,-109
104900040,507,110,397
104900041,407,168,239
104900042,179,177,2
104900043,31,279,-248
104900044,892,183,709
104900045,377,79,298
104900046,315,77,238
104900047,463,130,333
104900048,447,79,368
104900049,58,64,-6
104900050,404,56,348
104900051,332,59,273
104900052,179,12,167
104900053,502,132,370
104900054,205,28,177
104900055,228,2,226
104900056,300,36,264
104900057,49,0,49
104900058,651,1117,-466
104900059,152,70,82
104900060,1,557,-556
104900061,231,308,-77
104900063,1,160,-159
104900064,0,77,-77
104900065,3,224,-221
104900066,1,75,-74
104900067,16,282,-266
104900068,29,185,-156
104900070,175,243,-68
104900071,0,333,-333
104900072,86,244,-158
104900073,150,117,33
104900074,75,175,-100
104900075,84,37,47
104900076,148,230,-82
104900077,592,346,246
104900078,209,268,-59
104900079,132,613,-481
104900080,128,385,-257
104900082,8,328,-320
104900085,8,149,-141
104900087,460,10,450
104900089,349,1,348
104900090,1246,931,315
104900091,535,483,52
104900093,204,315,-111
104900097,1552,2906,-1354
104900098,293,35,258
104900099,80,643,-563
104900100,316,183,133
104900102,51,104,-53
104900103,419,73,346
104900104,2017,2388,-371
104900106,169,95,74
104900107,137,138,-1
104900108,73,126,-53
104900109,114,158,-44
104900110,18,37,-19
104900111,418,122,296
104900112,324,357,-33
104900113,870,226,644
104900114,444,294,150
104900115,971,259,712
104900116,489,109,380
104900118,24,35,-11
104900119,2,72,-70
104900120,15,499,-484
104900121,2,49,-47
104900122,1,48,-47
104900123,156,42,114
104900124,115,1,114
104900125,481,3,478
104900126,62,34,28
104900127,18,39,-21
104900128,113,87,26
104900129,1051,2512,-1461
105000001,2936,1449,1487
105000002,2493,1624,869
105000003,3231,3774,-543
105000004,599,762,-163
105000005,1297,1178,119
105000006,1491,1692,-201
105000007,1639,1978,-339
105000008,1231,4243,-3012
105000009,3263,3392,-129
105000010,2695,1147,1548
105000011,4278,3375,903
105000012,3137,2022,1115
105000013,1127,1407,-280
105000014,2836,3696,-860
105000015,9538,15712,-6174
105000016,1208,1549,-341
105000017,1291,792,499
105000018,906,1609,-703
105000019,1100,1046,54
105000020,117,489,-372
105000021,159,154,5
105000022,237,171,66
105000023,530,230,300
105000028,57,64,-7
105000029,755,1731,-976
105000030,3209,1927,1282
105000033,819,1278,-459
105000034,182,1322,-1140
105000037,631,286,345
105000038,1770,1898,-128
105000039,1838,1158,680
105000040,1127,1408,-281
105000041,461,1054,-593
105000042,2670,1845,825
105000043,1085,1949,-864
105000044,787,548,239
105000045,358,449,-91
105000046,1282,357,925
105000047,475,702,-227
105000048,641,179,462
105000049,219,417,-198
105000050,803,446,357
105000051,171,267,-96
105000052,721,847,-126
105000053,80,105,-25
105000054,508,736,-228
105000055,1045,325,720
105000056,2257,1621,636
105000057,1564,543,1021
105000058,1193,904,289
105000059,818,543,275
105000060,472,450,22
105000061,915,526,389
105000062,506,543,-37
105000063,348,250,98
105000064,2258,799,1459
105000065,361,406,-45
105000066,1084,1081,3
105000067,1828,829,999
105000068,345,774,-429
105000069,1271,2504,-1233
105000070,465,1093,-628
105000071,258,1168,-910
105000072,784,2795,-2011
105000073,1054,762,292
105000074,794,554,240
105000075,546,616,-70
105000076,981,824,157
105000077,1834,1073,761
105000078,1070,1303,-233
105000079,1008,3003,-1995
105000080,1904,1973,-69
105000081,2111,1385,726
105000082,893,2358,-1465
105000083,3136,4208,-1072
105000084,637,700,-63
105000085,2205,2382,-177
105000086,652,829,-177
105000087,1239,1621,-382
105000088,1224,1794,-570
105000089,2179,1613,566
105000090,934,699,235
105000091,853,1223,-370
105000092,711,892,-181
105000093,299,363,-64
105000094,343,262,81
105000095,127,477,-350
105000096,1133,1543,-410
105000097,699,679,20
105000098,1170,721,449
105000099,652,689,-37
105000100,1737,1147,590
105000101,2246,1497,749
105000102,1695,1588,107
105000103,1128,2215,-1087
105000104,2753,1284,1469
105000105,1250,1530,-280
105000106,1897,1305,592
105000107,1989,976,1013
105000108,2274,1288,986
105000109,2120,1315,805
105000110,944,471,473
105000111,1038,517,521
105000112,1331,472,859
105000113,507,770,-263
105000114,1719,1247,472
105000115,313,1363,-1050
105000116,1024,588,436
105000117,837,505,332
105000118,1093,522,571
105000119,645,632,13
105000120,1607,671,936
105000121,911,742,169
105000122,581,728,-147
105000123,1060,727,333
105000124,2397,666,1731
105000125,882,1095,-213
105000126,2505,1220,1285
105000127,2768,1485,1283
105000128,905,866,39
105000129,1010,254,756
105000130,250,3299,-3049
105000131,534,262,272
105000132,1386,709,677
105000133,520,719,-199
105000134,1196,568,628
105000135,371,337,34
105000136,83,124,-41
105000137,496,217,279
105000138,64,131,-67
105000139,964,633,331
105000140,362,452,-90
105000141,354,390,-36
105000142,227,413,-186
105000143,208,445,-237
105000144,303,481,-178
105000145,796,270,526
105000146,467,647,-180
105000147,752,311,441
105000148,1133,558,575
105000149,3083,2376,707
105000150,1460,921,539
105000151,723,368,355
105000152,193,382,-189
105000153,676,675,1
105000154,552,423,129
105000155,325,985,-660
105000156,640,519,121
105000157,758,1254,-496
105000158,2196,902,1294
105000159,330,902,-572
105000160,2552,826,1726
105000161,732,1100,-368
105000162,766,2309,-1543
105000163,907,788,119
105000164,213,255,-42
105000165,705,6720,-6015
105000166,4075,1634,2441
105000167,1214,2488,-1274
105000168,474,442,32
105000169,838,226,612
105000170,341,1300,-959
105000171,1191,210,981
105000172,201,31,170
105000173,361,103,258
105000174,144,102,42
105000175,170,88,82
105000176,586,91,495
105000177,478,218,260
105000178,332,277,55
105000179,1148,173,975
105000180,312,108,204
105000181,183,177,6
105000182,67,41,26
105000183,1688,2485,-797
105000184,1110,1035,75
105000185,1148,1351,-203
105000186,488,748,-260
105000187,922,334,588
105000188,205,240,-35
105000189,132,549,-417
105000190,280,295,-15
105000191,414,288,126
105000192,403,84,319
105000193,81,157,-76
105000194,498,129,369
105000195,452,731,-279
105000196,84,210,-126
105000197,339,476,-137
105000198,408,316,92
105000199,128,533,-405
105000200,177,440,-263
105000201,104,48,56
105000203,17,113,-96
105000204,81,68,13
105000205,94,165,-71
105000207,237,157,80
105000208,176,725,-549
105000209,190,258,-68
105000212,1294,659,635
105000213,123,214,-91
105000214,241,251,-10
105000215,463,161,302
105000216,241,200,41
105000217,187,251,-64
105000218,1763,1122,641
105000221,208,167,41
105000222,575,144,431
105000223,481,181,300
105000226,116,138,-22
105000227,102,82,20
105000228,206,2263,-2057
105000229,207,628,-421
105000231,524,332,192
105000233,958,772,186
105000234,687,773,-86
105000235,464,559,-95
105000237,1021,58,963
105000243,62,128,-66
105000248,49,86,-37
105000262,449,726,-277
105000269,202,211,-9
105000270,729,37,692
105000271,9,126,-117
105000282,60,44,16
105000287,300,140,160
105000288,1039,511,528
105000289,1630,1976,-346
105000290,35,8,27
105000402,2626,4434,-1808
105000426,246,623,-377
105000438,2492,1509,983
105000446,6897,4742,2155
105000447,3051,1970,1081
105000454,820,290,530
105000455,212,157,55
105000474,47,0,47
105000477,823,709,114
105000478,2521,5810,-3289
105000479,139,150,-11
105000480,6779,8285,-1506
105000481,4608,4088,520
105000482,3087,5215,-2128
105000483,1810,2852,-1042
105000484,1586,2257,-671
105000485,1593,3553,-1960
105000486,2292,2297,-5
105000488,6090,3306,2784
105000489,1127,708,419
105000549,106,122,-16
105000550,345,1160,-815
105000551,50,115,-65
105000552,1766,995,771
105900001,17,2134,-2117
105900002,813,991,-178
105900003,11,96,-85
105900004,226,132,94
105900005,21,268,-247
105900006,21,169,-148
105900007,131,46,85
105900008,73,354,-281
105900009,39,15,24
105900011,243,34,209
105900012,608,113,495
105900013,5,91,-86
105900014,7,68,-61
105900015,128,462,-334
105900016,796,337,459
105900017,1819,42,1777
105900018,251,186,65
105900019,77,542,-465
105900020,92,60,32
105900021,42,504,-462
105900022,385,169,216
105900023,21,130,-109
105900024,11,226,-215
105900025,345,25,320
105900026,254,21,233
105900027,12924,7887,5037
105900028,598,548,50
105900029,1977,408,1569
105900030,218,295,-77
105900031,380,260,120
105900032,97,136,-39
105900033,64,141,-77
105900034,325,173,152
105900035,219,210,9
105900036,209,114,95
105900037,90,38,52
105900038,223,253,-30
105900039,173,101,72
105900040,72,157,-85
105900041,201,191,10
105900042,106,165,-59
105900043,984,52,932
105900044,6,250,-244
105900045,3,861,-858
105900046,4,253,-249
105900047,14,30,-16
105900048,76,493,-417
105900050,5926,7868,-1942
105900051,115,1124,-1009
105900052,700,294,406
105900053,2408,4050,-1642
105900054,298,242,56
105900056,557,495,62
105900057,22,134,-112
105900058,38,12,26
105900059,0,58,-58
106000001,2703,2510,193
106000002,1071,4193,-3122
106000003,2940,3347,-407
106000004,1262,1981,-719
106000005,3997,4696,-699
106000006,4433,2109,2324
106000007,638,443,195
106000008,471,269,202
106000009,663,266,397
106000010,566,477,89
106000011,1488,1068,420
106000012,933,897,36
106000013,2096,1877,219
106000014,1705,1089,616
106000015,2310,1377,933
106000016,1188,1440,-252
106000017,609,833,-224
106000018,550,389,161
106000019,489,490,-1
106000020,336,265,71
106000021,323,389,-66
106000022,308,141,167
106000023,769,326,443
106000024,581,356,225
106000025,122,181,-59
106000026,89,123,-34
106000027,1805,1364,441
106000028,702,232,470
106000029,656,688,-32
106000030,370,649,-279
106000034,220,469,-249
106000035,974,2157,-1183
106000036,140,430,-290
106000037,1391,1078,313
106000038,134,123,11
106000039,86,107,-21
106000040,95,901,-806
106000041,739,655,84
106000043,530,238,292
106000046,263,95,168
106000047,43,525,-482
106000049,1115,247,868
106000050,269,460,-191
106000051,885,606,279
106000052,91,398,-307
106000053,515,158,357
106000054,324,256,68
106000055,1303,877,426
106000056,277,234,43
106000057,688,299,389
106000058,174,107,67
106000059,445,264,181
106000060,332,385,-53
106000061,250,585,-335
106000062,174,423,-249
106000063,899,639,260
106000064,25,229,-204
106000065,527,311,216
106000066,127,227,-100
106000067,596,125,471
106000068,65,487,-422
106000069,352,90,262
106000070,465,587,-122
106000071,1207,371,836
106000072,2269,1339,930
106000073,1383,3565,-2182
106000074,725,630,95
106000075,391,1237,-846
106000076,1735,1614,121
106000077,2725,1046,1679
106000078,1279,678,601
106000079,754,718,36
106000080,1236,526,710
106000081,768,1003,-235
106000082,1969,630,1339
106000083,493,1474,-981
106000084,998,602,396
106000085,1312,1520,-208
106000086,625,795,-170
106000087,933,437,496
106000088,442,717,-275
106000089,1129,324,805
106000090,345,571,-226
106000091,263,400,-137
106000092,607,231,376
106000093,386,156,230
106000094,89,231,-142
106000095,1075,574,501
106000096,1141,532,609
106000097,1498,571,927
106000098,901,668,233
106000099,276,557,-281
106000100,1296,201,1095
106000101,984,241,743
106000102,122,530,-408
106000103,368,392,-24
106000104,777,390,387
106000105,502,474,28
106000106,950,366,584
106000107,180,160,20
106000108,314,181,133
106000109,244,123,121
106000110,364,165,199
106000111,171,178,-7
106000112,378,491,-113
106000113,471,394,77
106000114,507,652,-145
106000115,303,274,29
106000116,358,207,151
106000117,936,529,407
106000118,1484,1337,147
106000119,800,623,177
106000120,1023,1510,-487
106000121,266,181,85
106000122,186,68,118
106000123,666,78,588
106000124,107,90,17
106000125,30,157,-127
106000126,398,52,346
106000127,979,569,410
106000128,1014,125,889
106000129,546,388,158
106000130,1091,286,805
106000131,122,668,-546
106000132,527,168,359
106000133,1197,1179,18
106000134,390,2149,-1759
106000135,148,433,-285
106000136,783,1073,-290
106000137,54,517,-463
106000138,1506,107,1399
106000139,36,44,-8
106000140,29,38,-9
106000141,149,46,103
106000142,105,62,43
106000143,29,30,-1
106000144,16,57,-41
106000145,414,125,289
106000146,528,133,395
106000147,325,306,19
106000148,386,556,-170
106000149,808,310,498
106000150,683,1866,-1183
106000151,2693,747,1946
106000152,894,2136,-1242
106000153,57,1560,-1503
106000154,834,131,703
106000155,166,230,-64
106000156,1306,234,1072
106000157,757,1449,-692
106000158,1652,935,717
106000159,1987,1975,12
106000160,482,3345,-2863
106000161,1256,216,1040
106000162,420,1094,-674
106000163,476,234,242
106000164,631,266,365
106000165,280,285,-5
106000166,1031,319,712
106000167,472,560,-88
106000168,658,244,414
106000169,333,365,-32
106000170,1118,255,863
106000171,281,956,-675
106000172,2870,1495,1375
106000173,1289,2114,-825
106000174,1378,303,1075
106000175,302,634,-332
106000176,1995,890,1105
106000177,918,1809,-891
106000178,3488,1586,1902
106000179,842,1406,-564
106000180,813,749,64
106000181,1223,1608,-385
106000182,1827,628,1199
106000183,2023,505,1518
106000184,2300,622,1678
106000185,1432,1431,1
106000186,638,139,499
106000187,177,867,-690
106000188,1,2,-1
106000189,5,24,-19
106000190,37,1,36
106000191,679,114,565
106000192,3,19,-16
106000193,415,221,194
106000194,151,487,-336
106000195,740,417,323
106000196,283,990,-707
106000197,834,367,467
106000198,228,171,57
106000199,780,976,-196
106000200,274,260,14
106000201,418,3793,-3375
106000202,2185,547,1638
106000203,28,121,-93
106000204,102,6,96
106000205,10,123,-113
106000206,101,26,75
106000207,36,404,-368
106000208,1776,201,1575
106000209,1937,515,1422
106000210,272,521,-249
106000211,225,837,-612
106000212,886,547,339
106000213,359,1721,-1362
106000214,1452,715,737
106000215,315,416,-101
106000216,398,320,78
106000217,193,279,-86
106000218,439,292,147
106000219,157,209,-52
106000220,391,197,194
106000221,281,121,160
106000222,76,76,0
106000223,378,116,262
106000224,303,113,190
106000225,77,150,-73
106000226,123,170,-47
106000228,77,87,-10
106000229,92,572,-480
106000231,1206,89,1117
106000232,89,216,-127
106000233,635,91,544
106000234,84,281,-197
106000235,900,151,749
106000236,271,149,122
106000237,12,9,3
106000238,117,25,92
106000239,4,147,-143
106000240,32,7,25
106000241,11,391,-380
106000242,269,43,226
106000249,107,55,52
106000250,116,489,-373
106000251,135,27,108
106000252,27,69,-42
106000253,68,95,-27
106000254,92,41,51
106000255,32,160,-128
106000256,41,33,8
106000257,171,265,-94
106000258,359,37,322
106000259,14,81,-67
106000260,26,12,14
106000261,6,80,-74
106000262,149,10,139
106000263,23,52,-29
106000264,171,4,167
106000265,25,133,-108
106000266,92,35,57
106000267,18,102,-84
106000268,347,50,297
106000269,46,42,4
106000270,102,344,-242
106000271,97,109,-12
106000272,233,70,163
106000273,18,207,-189
106000274,169,50,119
106000275,188,256,-68
106000276,105,29,76
106000277,119,292,-173
106000278,163,38,125
106000279,23,18,5
106000280,119,63,56
106000281,105,43,62
106000282,83,58,25
106000283,144,63,81
106000284,147,111,36
106000285,138,66,72
106000286,109,104,5
106000287,136,58,78
106000288,105,120,-15
106000289,118,60,58
106000290,67,89,-22
106000291,117,91,26
106000292,80,98,-18
106000293,148,104,44
106000294,112,122,-10
106000295,82,54,28
106000296,39,95,-56
106000297,81,274,-193
106000298,103,101,2
106000299,58,127,-69
106000300,82,94,-12
106000301,69,111,-42
106000303,23,82,-59
106000304,61,43,18
106000305,51,71,-20
106000306,55,57,-2
106000307,129,22,107
106000308,38,82,-44
106000309,27,72,-45
106000310,347,330,17
106000311,394,170,224
106000312,137,109,28
106000313,316,166,150
106000318,66,634,-568
106000319,1255,320,935
106000320,1,113,-112
106000321,321,148,173
106000322,165,71,94
106000324,33,135,-102
106000325,1966,1027,939
106000326,922,1230,-308
106000327,215,78,137
106000328,36,151,-115
106000329,163,284,-121
106000330,73,120,-47
106000428,96,165,-69
106000429,195,301,-106
106000430,332,883,-551
106000431,2344,371,1973
106000432,1162,2190,-1028
106000433,2730,1427,1303
106000434,3301,1672,1629
106000435,939,2023,-1084
106000436,25,138,-113
106000437,331,87,244
106000438,436,289,147
106000439,90,447,-357
106000440,218,336,-118
106000441,4,1,3
106000442,170,8,162
106000443,264,133,131
106000450,2,62,-60
106000451,19,100,-81
106000454,2,152,-150
106000455,4,118,-114
106000456,98,57,41
106000457,28,410,-382
106000458,1236,65,1171
106000459,165,145,20
106000460,1965,37,1928
106000461,113,468,-355
106000462,1,29,-28
106000463,5,7,-2
106000464,5,212,-207
106000465,905,12,893
106000466,9,230,-221
106000467,160,303,-143
106000468,133,139,-6
106000469,116,1,115
106000470,228,2033,-1805
106000471,15,332,-317
106000472,184,31,153
106000473,51,10,41
106000474,299,331,-32
106000475,425,160,265
106000476,101,222,-121
106000477,24,19,5
106900001,0,25,-25
106900002,5,207,-202
106900003,149,944,-795
106900004,1,9,-8
106900006,0,21,-21
106900007,0,12,-12
106900008,489,91,398
106900009,354,159,195
106900010,240,228,12
106900012,1145,2651,-1506
106900013,549,219,330
106900014,65,3,62
106900015,19,1,18
106900016,429,21,408
106900017,32,5,27
106900018,4,0,4
106900019,110,3,107
106900020,1803,1774,29
106900021,271,147,124
106900022,1064,7,1057
106900023,33,206,-173
106900024,661,88,573
106900025,60,485,-425
106900026,4,260,-256
106900027,1093,11,1082
107000001,3195,5043,-1848
107000002,1735,3057,-1322
107000003,8016,6896,1120
107000004,3889,2542,1347
107000005,7688,6543,1145
107000006,3798,1963,1835
107000007,6242,10219,-3977
107000008,5619,4375,1244
107000009,10187,8536,1651
107000010,6759,5327,1432
107000011,676,937,-261
107000012,2915,2115,800
107000013,79,60,19
107000014,68,101,-33
107000015,460,388,72
107000016,945,475,470
107000017,1072,2628,-1556
107000018,16,2092,-2076
107000020,780,2735,-1955
107000021,1488,374,1114
107000022,857,1836,-979
107000023,2167,197,1970
107000024,632,1267,-635
107000025,220,280,-60
107000026,344,387,-43
107000027,1582,987,595
107000028,1359,748,611
107000029,4110,3292,818
107000030,2173,1731,442
107000031,5560,2663,2897
107000032,405,661,-256
107000033,2413,3369,-956
107000034,3984,1178,2806
107000035,453,227,226
107000036,407,1184,-777
107000037,120,705,-585
107000038,187,226,-39
107000039,995,810,185
107000040,264,289,-25
107000041,1615,851,764
107000042,600,1986,-1386
107000043,1946,1026,920
107000044,286,359,-73
107000045,107,282,-175
107000046,773,392,381
107000047,424,747,-323
107000048,851,301,550
107000049,573,637,-64
107000050,1198,542,656
107000051,216,320,-104
107000052,1052,1080,-28
107000053,471,290,181
107000054,41,224,-183
107000055,202,96,106
107000056,364,600,-236
107000057,1086,193,893
107000058,2170,2501,-331
107000059,1939,2681,-742
107000060,5525,5677,-152
107000061,4492,2689,1803
107000062,6224,3155,3069
107000063,4356,3242,1114
107000064,5900,2941,2959
107000065,3848,3155,693
107000066,1993,3336,-1343
107000067,1630,1725,-95
107000068,1070,1119,-49
107000069,1263,689,574
107000070,1306,13,1293
107000071,4946,86,4860
107000072,46,1583,-1537
107000073,1106,503,603
107000074,136,701,-565
107000075,2386,724,1662
107000076,609,905,-296
107000077,4508,1702,2806
107000078,1823,1971,-148
107000079,3490,1375,2115
107000080,843,2164,-1321
107000081,3083,715,2368
107000082,743,867,-124
107000083,1859,660,1199
107000084,337,1018,-681
107000085,3223,3043,180
107000086,2927,2707,220
107000087,3421,2178,1243
107000088,3144,2801,343
107000089,1948,1810,138
107000090,1117,728,389
107000091,2088,1032,1056
107000092,1111,768,343
107000093,1606,975,631
107000094,952,809,143
107000095,1327,706,621
107000096,573,607,-34
107000097,515,307,208
107000098,342,264,78
107000099,468,387,81
107000100,237,264,-27
107000101,105,180,-75
107000102,202,283,-81
107000103,206,202,4
107000104,130,217,-87
107000105,372,239,133
107000106,187,178,9
107000107,645,148,497
107000108,144,374,-230
107000109,756,123,633
107000110,55,260,-205
107000111,487,57,430
107000112,32,176,-144
107000113,862,119,743
107000114,104,347,-243
107000115,831,223,608
107000116,140,440,-300
107000117,167,843,-676
107000118,118,113,5
107000119,1323,1644,-321
107000120,734,653,81
107000121,1173,780,393
107000122,1166,596,570
107000123,599,486,113
107000124,623,465,158
107000125,1423,408,1015
107000126,1220,358,862
107000127,33,219,-186
107000129,244,229,15
107000130,578,384,194
107000131,463,493,-30
107000132,688,301,387
107000133,444,128,316
107000134,271,2,269
107000135,4,493,-489
107000136,648,8,640
107000137,14,550,-536
107000138,217,62,155
107000139,24,741,-717
107000140,1981,131,1850
107000141,175,935,-760
107000142,647,104,543
107000143,83,581,-498
107000144,755,549,206
107000145,150,413,-263
107000146,197,399,-202
107000147,3685,728,2957
107000150,496,3260,-2764
107000151,28,88,-60
107000152,650,2170,-1520
107000153,113,361,-248
107000154,76,363,-287
107000155,991,9,982
107000156,1577,17,1560
107000157,56,642,-586
107000158,908,20,888
107000159,36,411,-375
107000160,1861,194,1667
107000161,86,612,-526
107000162,370,836,-466
107000163,170,3,167
107000164,1118,1,1117
107000165,1683,5,1678
107000166,31,563,-532
107000167,905,189,716
107000168,1244,699,545
107000169,529,569,-40
107000170,3778,938,2840
107000171,704,1117,-413
107000172,1490,1789,-299
107000173,490,561,-71
107000174,1360,6776,-5416
107000175,4217,1243,2974
107000176,0,0,0
107000177,3,0,3
107000178,50,7,43
107000179,406,1154,-748
107000180,1931,357,1574
107000181,534,647,-113
107000182,2456,716,1740
107000183,217,567,-350
107000184,1461,564,897
107000185,520,1031,-511
107000186,1529,584,945
107000187,1338,1398,-60
107000188,738,611,127
107000189,722,856,-134
107000190,960,817,143
107000191,924,707,217
107000192,2079,593,1486
107000193,549,538,11
107000194,640,505,135
107000197,962,378,584
107000198,419,543,-124
107000199,1268,626,642
107000200,502,658,-156
107000201,521,476,45
107000202,407,493,-86
107000203,1115,1617,-502
107000204,1049,2048,-999
107000205,1510,875,635
107000206,635,1733,-1098
107000207,657,1456,-799
107000208,835,751,84
107000209,1391,1632,-241
107000210,288,254,34
107000211,7,61,-54
107000212,67,302,-235
107000213,13,39,-26
107000214,17,110,-93
107000215,503,263,240
107000216,600,378,222
107000217,402,170,232
107000219,126,247,-121
107000220,298,150,148
107000222,239,473,-234
107000224,679,161,518
107000225,291,272,19
107000226,778,150,628
107000227,99,163,-64
107000228,181,556,-375
107000229,66,100,-34
107000230,1026,388,638
107000231,803,2034,-1231
107000232,118,36,82
107000233,462,1026,-564
107000234,3,76,-73
107000235,103,35,68
107000236,13,374,-361
107000237,54,0,54
107000238,61,0,61
107000239,1941,621,1320
107000240,64,460,-396
107000241,53,10,43
107000242,252,27,225
107000243,2,64,-62
107000244,3,74,-71
107000246,4,989,-985
107000249,6,1090,-1084
107000251,2,424,-422
107000252,1,557,-556
107000255,264,235,29
107000257,3,518,-515
107000258,6,183,-177
107000259,11,151,-140
107000260,2227,38,2189
107000262,20,285,-265
107000263,454,8,446
107000266,17,16,1
107000267,38,76,-38
107000268,115,65,50
107000269,150,12,138
107000270,280,96,184
107000271,5,0,5
107000272,163,0,163
107000273,0,143,-143
107000274,707,310,397
107000275,12,1575,-1563
107000280,1345,49,1296
107000281,44,352,-308
107000282,26,476,-450
107000290,11,36,-25
107000291,13,9,4
107000292,0,195,-195
107000293,28,14,14
107000294,2,48,-46
107000295,52,8,44
107000296,0,16,-16
107000444,240,7,233
107000496,3,2,1
107000497,1249,1259,-10
107000500,423,201,222
107000501,96,182,-86
107000502,185,237,-52
107000505,252,613,-361
107000506,0,0,0
107000508,3,302,-299
107000509,239,639,-400
107000510,68,43,25
107000514,54,400,-346
107000515,19,95,-76
107000516,565,344,221
107000518,1297,2210,-913
107000519,1104,634,470
107000520,106,67,39
107900001,112,109,3
107900002,117,16,101
107900003,743,21,722
107900004,227,2,225
107900005,2231,2,2229
107900006,303,6,297
107900007,544,74,470
107900008,91,12,79
107900009,178,6,172
107900010,58,6,52
107900012,263,59,204
107900013,288,28,260
107900014,128,19,109
107900015,1730,21,1709
107900016,406,118,288
107900017,59,3,56
107900018,96,315,-219
107900019,25,12,13
107900020,69,22,47
107900021,158,79,79
107900023,5,9,-4
107900024,0,9,-9
107900025,220,217,3
107900026,79,36,43
107900027,32,37,-5
107900028,204,63,141
107900030,239,52,187
107900031,81,81,0
107900032,17,7,10
107900033,36,9,27
107900034,552,23,529
107900035,1624,74,1550
107900036,111,62,49
107900037,1,10,-9
107900038,79,348,-269
107900039,59,29,30
107900040,18,241,-223
107900041,2,2,0
107900043,87,106,-19
107900044,5,14,-9
107900045,182,92,90
107900046,279,252,27
107900047,91,20,71
107900048,276,35,241
107900049,342,1250,-908
107900050,51,254,-203
107900051,103,42,61
107900052,16,46,-30
107900053,74,57,17
107900055,889,335,554
107900056,184,66,118
107900057,10,0,10
107900058,26,594,-568
107900060,40,75,-35
107900061,11,28,-17
107900063,125,154,-29
107900064,251,266,-15
107900065,463,7,456
107900066,55,10,45
107900067,1,0,1
107900068,116,899,-783
107900069,29,2912,-2883
107900070,249,126,123
107900071,41,380,-339
107900072,143,151,-8
107900073,220,50,170
107900074,470,381,89
107900076,190,58,132
107900077,141,8,133
107900078,188,90,98
107900079,8,30,-22
107900080,294,986,-692
107900081,87,63,24
107900082,19,9,10
107900083,444,241,203
107900084,181,165,16
107900086,70,243,-173
107900087,297,237,60
107900088,79,23,56
107900089,207,892,-685
107900090,610,3100,-2490
107900091,140,203,-63
107900092,1275,302,973
107900093,84,56,28
107900095,2036,2474,-438
107900097,43,77,-34
107900098,99,218,-119
107900100,934,1954,-1020
107900101,573,103,470
107900102,52,13,39
107900103,45,245,-200
107900104,241,4,237
107900105,2,127,-125
107900106,3,445,-442
107900107,1374,481,893
107900108,165,88,77
107900109,2217,44,2173
107900110,114,56,58
107900111,4,338,-334
107900112,107,440,-333
107900113,416,64,352
107900114,305,89,216
107900115,2,33,-31
107900116,283,85,198
107900117,267,161,106
107900118,59,96,-37
107900119,109,334,-225
107900120,46,41,5
107900121,4,145,-141
107900122,0,100,-100
107900123,8,89,-81
107900124,16,51,-35
107900125,17,161,-144
107900126,17,77,-60
107900127,578,454,124
107900128,96,64,32
107900129,120,26,94
107900130,131,14,117
107900131,216,699,-483
107900132,75,188,-113
107900133,0,67,-67
107900134,60,195,-135
107900135,9,116,-107
107900136,21,43,-22
107900137,162,136,26
107900138,101,44,57
107900139,83,62,21
107900140,95,51,44
107900141,45,52,-7
107900142,42,460,-418
107900143,100,20,80
107900144,2,144,-142
107900145,13,83,-70
107900146,47,182,-135
107900147,42,69,-27
107900148,169,125,44
107900149,583,141,442
107900150,40,288,-248
107900151,47,62,-15
107900152,17,181,-164
107900153,130,431,-301
107900154,98,35,63
107900155,128,67,61
107900156,7,181,-174
107900157,57,42,15
107900158,1301,29,1272
107900159,19,350,-331
107900160,172,147,25
107900161,59,73,-14
107900162,2,113,-111
107900163,31,73,-42
107900164,18,45,-27
107900165,21,172,-151
107900166,14,99,-85
107900167,13,44,-31
107900168,95,25,70
107900169,6,206,-200
107900171,6,478,-472
107900172,3,179,-176
107900173,31,63,-32
107900174,246,7,239
107900175,18,47,-29
107900176,61,14,47
107900177,1,198,-197
107900178,1,105,-104
107900179,20,93,-73
107900180,433,1023,-590
107900181,391,245,146
107900182,1,452,-451
107900183,72,138,-66
107900184,162,130,32
107900185,217,8,209
107900186,39,30,9
107900187,0,145,-145
107900188,348,180,168
107900189,50,89,-39
107900190,47,171,-124
107900191,111,71,40
107900193,1,39,-38
107900194,281,23,258
107900195,1023,319,704
107900196,57,51,6
107900197,327,513,-186
107900199,1,563,-562
107900201,108,62,46
107900203,46,58,-12
107900204,124,259,-135
107900205,225,314,-89
107900206,1049,526,523
107900207,1,291,-290
107900208,12,210,-198
107900209,239,135,104
107900210,65,76,-11
107900213,582,657,-75
107900214,16,55,-39
107900215,156,454,-298
107900216,172,67,105
107900217,71,82,-11
107900218,35,1434,-1399
107900219,61,38,23
107900220,105,272,-167
107900221,160,159,1
107900223,140,242,-102
107900224,113,476,-363
107900225,26,425,-399
107900226,63,93,-30
107900227,118,302,-184
107900228,62,99,-37
107900229,0,105,-105
107900230,19,44,-25
107900231,39,120,-81
107900232,148,85,63
107900233,7,92,-85
107900234,146,183,-37
107900235,27,124,-97
107900236,270,36,234
107900237,17,242,-225
107900238,25,65,-40
107900239,382,638,-256
107900240,64,71,-7
107900241,13,49,-36
107900242,55,70,-15
107900243,2,39,-37
107900244,455,5,450
107900245,1007,63,944
107900246,376,28,348
107900248,500,117,383
107900249,1306,90,1216
107900250,2,257,-255
107900251,48,716,-668
107900252,1256,40,1216
107900253,332,23,309
107900254,62,345,-283
107900255,177,101,76
107900256,755,1631,-876
107900257,464,153,311
107900258,145,84,61
107900259,77,3251,-3174
107900261,0,128,-128
107900262,38,61,-23
107900264,474,11,463
107900265,433,133,300
107900267,442,15,427
107900268,12,2,10
107900269,0,3,-3
107900270,1,2,-1
107900271,3,54,-51
107900272,47,50,-3
107900273,114,64,50
107900274,167,1,166
107900275,56,0,56
107900276,2,51,-49
107900277,1,126,-125
107900278,501,273,228
107900279,70,135,-65
107900280,2381,2242,139
107900281,581,4764,-4183
107900282,25,808,-783
107900283,778,925,-147
107900284,729,338,391
107900285,191,41,150
107900286,96,69,27
107900287,433,174,259
107900290,0,275,-275
107900291,729,27,702
107900292,125,107,18
107900293,99,206,-107
107900295,84,39,45
107900297,3,310,-307
107900298,551,459,92
107900299,2252,3104,-852
107900300,89,315,-226
107900301,637,930,-293
107900302,146,52,94
107900303,378,183,195
107900304,575,206,369
107900305,516,42,474
107900306,9,52,-43
107900307,43,249,-206
107900308,230,225,5
107900309,93,1,92
107900310,144,5,139
107900311,5,701,-696
107900312,97,0,97
107900313,1,196,-195
107900314,1,65,-64
107900315,5,163,-158
107900316,44,6,38
107900317,124,11,113
107900318,11,184,-173
107900319,6,117,-111
107900320,1,78,-77
107900321,260,2,258
107900322,2,67,-65
107900323,15,86,-71
107900324,160,2,158
107900325,181,1,180
107900326,443,165,278
107900327,1,106,-105
107900328,61,0,61
107900329,65,182,-117
107900330,7,153,-146
107900331,479,20,459
107900332,536,19,517
107900333,84,18,66
107900334,13,66,-53
107900335,55,20,35
107900336,46,82,-36
107900337,671,1283,-612
107900338,3,102,-99
107900339,2,18,-16
107900340,0,53,-53
107900341,124,1,123
107900342,134,107,27
107900343,61,5,56
107900344,26,149,-123
107900345,133,21,112
107900346,20,0,20
107900347,23,3,20
107900348,0,2,-2
107900349,41,7,34
107900350,21,174,-153
108000001,3700,3850,-150
108000002,1720,1724,-4
108000003,3371,3712,-341
108000004,9692,10783,-1091
108000005,7477,6854,623
108000006,5489,5148,341
108000007,5277,4562,715
108000008,3719,4339,-620
108000009,4836,5047,-211
108000010,2751,3227,-476
108000011,12640,11703,937
108000012,10627,10828,-201
108000014,560,1155,-595
108000015,918,218,700
108000016,396,647,-251
108000017,1294,328,966
108000018,2154,741,1413
108000019,1421,1031,390
108000020,1277,626,651
108000021,327,1604,-1277
108000022,440,960,-520
108000023,1609,299,1310
108000024,358,321,37
108000025,400,183,217
108000026,862,255,607
108000027,849,299,550
108000028,833,206,627
108000029,771,342,429
108000030,566,199,367
108000031,254,418,-164
108000032,2240,709,1531
108000033,907,730,177
108000034,2076,565,1511
108000035,780,1447,-667
108000036,397,730,-333
108000037,2081,452,1629
108000038,3387,647,2740
108000039,519,1211,-692
108000040,2482,1111,1371
108000041,671,1714,-1043
108000042,493,180,313
108000043,219,171,48
108000044,973,131,842
108000045,312,280,32
108000046,2023,388,1635
108000047,461,640,-179
108000048,160,260,-100
108000049,1080,245,835
108000050,74,310,-236
108000051,447,219,228
108000052,155,391,-236
108000053,508,344,164
108000054,388,1118,-730
108000055,1219,796,423
108000056,767,1331,-564
108000057,861,1537,-676
108000058,2057,4202,-2145
108000059,2032,1497,535
108000060,239,509,-270
108000061,137,220,-83
108000062,1251,689,562
108000063,650,340,310
108000064,293,242,51
108000065,546,410,136
108000066,1512,845,667
108000067,2239,808,1431
108000068,931,449,482
108000069,247,621,-374
108000070,2422,736,1686
108000071,620,1090,-470
108000072,2222,1170,1052
108000073,1072,1151,-79
108000074,741,437,304
108000075,298,525,-227
108000076,972,600,372
108000077,580,559,21
108000078,2815,1260,1555
108000079,721,990,-269
108000080,1949,598,1351
108000081,662,803,-141
108000082,786,1353,-567
108000083,2108,1041,1067
108000084,447,775,-328
108000085,1211,573,638
108000086,618,492,126
108000087,201,2580,-2379
108000088,243,15,228
108000089,378,396,-18
108000090,537,262,275
108000091,347,331,16
108000092,208,65,143
108000093,206,320,-114
108000094,746,75,671
108000095,172,197,-25
108000096,466,168,298
108000097,173,231,-58
108000098,2177,1097,1080
108000099,323,67,256
108000100,93,234,-141
108000101,1563,1552,11
108000102,1758,3603,-1845
108000106,907,0,907
108000107,1,798,-797
108000108,714,73,641
108000109,5,560,-555
108000110,421,318,103
108000111,217,434,-217
108000112,79,157,-78
108000113,397,194,203
108000115,401,278,123
108000117,501,415,86
108000118,51,331,-280
108000119,397,279,118
108000120,181,861,-680
108000121,155,325,-170
108000122,747,314,433
108000123,1030,163,867
108000124,504,512,-8
108000125,596,202,394
108000126,209,282,-73
108000127,670,227,443
108000128,796,279,517
108000129,522,544,-22
108000130,671,202,469
108000131,1021,566,455
108000132,1280,964,316
108000133,1254,587,667
108000134,465,361,104
108000135,1527,583,944
108000136,319,514,-195
108000137,710,194,516
108000138,551,505,46
108000139,694,150,544
108000140,151,18,133
108000141,56,25,31
108000142,61,37,24
108000143,66,21,45
108000144,63,7,56
108000145,81,5,76
108000146,127,32,95
108000147,55,18,37
108000148,96,37,59
108000149,18,12,6
108000150,67,11,56
108000151,9,12,-3
108000152,114,261,-147
108000153,836,129,707
108000154,41,6,35
108000155,22,29,-7
108000156,256,111,145
108000157,207,1438,-1231
108000158,61,951,-890
108000159,296,235,61
108000160,1601,1162,439
108000161,1511,4055,-2544
108000165,10,412,-402
108000172,3,315,-312
108000173,774,2310,-1536
108000175,491,123,368
108000178,366,284,82
108000179,134,1236,-1102
108000181,62,28,34
108000182,90,19,71
108000183,6,20,-14
108000184,671,2837,-2166
108000185,345,329,16
108000186,249,53,196
108000187,168,257,-89
108000188,1023,233,790
108000189,350,1378,-1028
108000190,40,79,-39
108000192,252,280,-28
108000193,436,26,410
108000194,23,29,-6
108000195,3,623,-620
108000196,456,150,306
108000198,539,125,414
108000199,3,296,-293
108000200,710,209,501
108000202,4,380,-376
108000203,185,255,-70
108000204,235,98,137
108000205,224,288,-64
108000339,846,391,455
108000364,110,288,-178
108000365,46,301,-255
108000367,213,247,-34
108000368,9,74,-65
108000369,547,234,313
108000371,3,554,-551
108000372,768,7,761
108000373,302,127,175
108000376,108,60,48
108000377,624,149,475
108000378,8962,11359,-2397
108000379,24,179,-155
108000381,138,16,122
108000382,100,1,99
108000383,1,221,-220
108900001,108,580,-472
108900002,281,77,204
108900003,280,516,-236
108900004,154,458,-304
108900005,79,504,-425
108900006,769,170,599
108900007,449,208,241
108900008,209,122,87
108900009,142,116,26
108900010,382,137,245
108900011,918,393,525
108900012,591,405,186
108900013,209,260,-51
108900014,25,100,-75
108900015,0,236,-236
108900016,2,226,-224
108900017,401,537,-136
108900018,255,345,-90
108900019,59,406,-347
108900020,45,99,-54
108900021,162,151,11
108900022,142,7,135
108900023,8,71,-63
108900024,61,90,-29
108900025,148,59,89
108900026,23,79,-56
108900027,1,35,-34
108900028,161,133,28
108900029,70,177,-107
108900030,1,46,-45
108900031,183,184,-1
108900032,6,116,-110
108900033,2,130,-128
108900034,2,130,-128
108900035,317,623,-306
108900036,148,219,-71
108900037,52,219,-167
108900038,2,236,-234
108900039,4,229,-225
108900040,12,48,-36
108900041,3740,3822,-82
108900042,4,421,-417
108900043,74,380,-306
108900044,3,212,-209
108900045,161,246,-85
108900046,38,355,-317
108900047,0,58,-58
108900048,105,475,-370
108900049,1463,2003,-540
108900050,0,95,-95
108900051,1,103,-102
108900052,52,100,-48
108900053,62,319,-257
108900054,79,178,-99
108900055,38,422,-384
108900056,10,75,-65
108900057,0,103,-103
108900058,38,179,-141
108900059,730,83,647
108900060,120,200,-80
108900061,82,31,51
108900062,3,178,-175
108900063,11,140,-129
108900064,365,44,321
108900065,19,111,-92
108900066,557,138,419
108900067,23,150,-127
108900068,1,49,-48
108900069,106,36,70
108900070,68,45,23
108900071,111,48,63
108900072,1646,594,1052
108900073,11,32,-21
108900074,371,130,241
108900075,32,39,-7
108900076,642,64,578
108900077,74,104,-30
108900078,72,62,10
108900079,522,151,371
108900080,43,1015,-972
108900081,59,223,-164
108900082,156,55,101
108900083,22,298,-276
108900084,306,248,58
108900085,1180,204,976
108900086,204,73,131
108900087,71,152,-81
108900088,914,489,425
108900089,54,267,-213
108900090,131,108,23
108900091,103,59,44
108900092,604,315,289
108900093,181,177,4
108900094,260,109,151
108900095,86,212,-126
108900096,229,21,208
108900097,310,120,190
108900098,1354,1109,245
108900099,599,129,470
108900100,126,97,29
108900101,219,306,-87
108900102,64,1309,-1245
108900103,103,141,-38
108900104,99,370,-271
108900105,19,1728,-1709
108900106,720,193,527
108900108,388,58,330
108900109,74,41,33
108900110,293,218,75
108900111,652,288,364
108900112,428,39,389
108900113,42,106,-64
108900114,0,2,-2
108900115,163,98,65
108900116,77,21,56
108900117,280,31,249
108900118,774,27,747
108900119,490,28,462
108900120,197,216,-19
108900121,395,209,186
108900122,179,17,162
108900123,181,190,-9
108900124,700,259,441
108900125,730,5,725
108900126,284,77,207
108900127,274,44,230
108900128,220,79,141
108900129,1043,201,842
108900130,586,5,581
108900131,544,12,532
108900132,853,192,661
108900133,421,60,361
108900134,576,121,455
108900135,288,27,261
108900136,49,4,45
108900137,291,6,285
108900138,995,57,938
108900139,773,112,661
108900140,447,133,314
108900141,526,14,512
108900142,121,8,113
108900143,160,3,157
108900144,205,0,205
108900145,383,20,363
108900146,157,1,156
108900147,372,0,372
108900148,104,34,70
108900149,410,224,186
108900150,336,4,332
108900151,107,33,74
108900152,243,158,85
108900153,263,144,119
108900154,5590,508,5082
108900155,287,67,220
108900156,126,9,117
108900157,20,392,-372
108900158,623,69,554
108900159,4,109,-105
108900160,19,186,-167
108900161,16,314,-298
108900162,186,4,182
108900163,17,333,-316
108900164,74,65,9
108900165,121,62,59
108900167,951,9507,-8556
108900168,4225,2975,1250
108900169,84,69,15
108900171,3688,3640,48
108900172,210,54,156
108900173,168,347,-179
108900174,969,400,569
108900176,110,271,-161
108900177,2976,7362,-4386
108900178,2871,4502,-1631
108900179,447,2277,-1830
108900180,150,439,-289
108900182,62,440,-378
108900183,308,201,107
108900184,556,285,271
108900185,156,349,-193
108900186,107,266,-159
108900187,582,48,534
108900188,929,65,864
108900189,543,137,406
108900190,52,1518,-1466
108900191,257,60,197
108900192,111,156,-45
108900193,58,54,4
108900194,10,360,-350
108900195,125,106,19
108900196,53,261,-208
108900198,5,228,-223
108900199,228,328,-100
108900200,780,398,382
108900201,595,1106,-511
108900203,643,102,541
108900204,389,23,366
108900205,271,60,211
108900206,458,92,366
108900207,257,166,91
108900208,20,309,-289
108900209,165,416,-251
108900210,253,191,62
108900211,190,620,-430
108900212,342,1749,-1407
108900215,68,255,-187
108900216,212,331,-119
108900217,98,0,98
108900218,126,18,108
108900219,86,14,72
108900220,93,31,62
108900221,59,156,-97
108900222,404,18,386
108900223,6,80,-74
108900224,58,163,-105
108900225,2,210,-208
108900226,509,38,471
108900227,181,602,-421
108900230,134,201,-67
108900231,28,162,-134
108900232,1,177,-176
108900233,514,124,390
108900234,346,176,170
108900235,214,461,-247
108900236,42,254,-212
108900237,57,171,-114
108900240,214,142,72
108900241,99,78,21
108900245,10,2073,-2063
108900249,171,52,119
108900250,268,95,173
108900257,425,267,158
108900258,21,135,-114
108900259,37,33,4
108900260,9,59,-50
108900261,74,67,7
108900262,105,110,-5
108900263,28,167,-139
108900264,310,244,66
108900265,853,596,257
108900266,432,1066,-634
108900267,5,214,-209
108900268,17,9,8
108900269,150,24,126
108900270,147,6,141
108900271,90,9,81
108900272,307,32,275
108900273,464,1044,-580
108900274,80,29,51
109000001,2593,1968,625
109000002,941,1780,-839
109000003,3232,447,2785
109000004,519,1507,-988
109000005,2527,588,1939
109000006,757,1610,-853
109000007,2111,589,1522
109000008,624,1531,-907
109000009,3745,1351,2394
109000010,926,3060,-2134
109000011,4202,2419,1783
109000012,1947,2513,-566
109000013,4585,4017,568
109000014,2004,2248,-244
109000015,3877,9791,-5914
109000016,4834,2215,2619
109000017,3125,1286,1839
109000018,1166,1879,-713
109000019,2839,1430,1409
109000020,886,1547,-661
109000023,305,14,291
109000024,8,153,-145
109000025,371,561,-190
109000026,478,419,59
109000027,166,370,-204
109000028,120,137,-17
109000029,153,308,-155
109000030,40,440,-400
109000031,332,181,151
109000032,135,426,-291
109000033,416,206,210
109000034,85,53,32
109000035,6,77,-71
109000036,161,325,-164
109000037,364,2384,-2020
109000038,458,385,73
109000039,1253,1217,36
109000040,3606,13659,-10053
109000041,1724,2428,-704
109000042,508,1523,-1015
109000044,503,90,413
109000045,112,296,-184
109000046,472,69,403
109000047,112,384,-272
109000048,684,387,297
109000049,219,519,-300
109000050,488,289,199
109000051,276,196,80
109000052,575,544,31
109000053,316,111,205
109000054,519,334,185
109000055,379,400,-21
109000056,500,405,95
109000057,1188,534,654
109000058,532,246,286
109000059,422,1419,-997
109000060,225,335,-110
109000061,608,1647,-1039
109000062,141,461,-320
109000063,268,152,116
109000064,504,180,324
109000065,251,179,72
109000066,542,65,477
109000067,98,272,-174
109000068,998,6,992
109000069,878,33,845
109000070,52,1470,-1418
109000071,414,79,335
109000072,96,253,-157
109000073,81,87,-6
109000074,16,160,-144
109000075,75,284,-209
109000076,155,311,-156
109000077,270,241,29
109000078,106,180,-74
109000079,102,124,-22
109000080,265,73,192
109000081,160,276,-116
109000082,843,156,687
109000083,326,392,-66
109000088,192,378,-186
109000089,405,123,282
109000090,172,330,-158
109000091,489,286,203
109000092,400,370,30
109000093,455,270,185
109000094,928,28,900
109000095,114,280,-166
109000096,1017,244,773
109000097,106,109,-3
109000098,66,182,-116
109000099,926,244,682
109000100,301,600,-299
109000101,2133,596,1537
109000102,459,630,-171
109000103,689,470,219
109000104,2482,452,2030
109000105,461,898,-437
109000106,2364,822,1542
109000107,692,1286,-594
109000108,2468,671,1797
109000109,627,1095,-468
109000110,1398,574,824
109000111,704,1546,-842
109000112,462,136,326
109000113,485,172,313
109000114,232,282,-50
109000115,1136,28,1108
109000116,9,239,-230
109000117,264,38,226
109000118,5,300,-295
109000119,1938,122,1816
109000120,315,526,-211
109000121,837,35,802
109000122,174,362,-188
109000123,27,39,-12
109000124,931,252,679
109000125,1197,278,919
109000126,528,450,78
109000127,1444,208,1236
109000128,598,564,34
109000129,3332,993,2339
109000130,457,907,-450
109000131,1117,850,267
109000132,685,1351,-666
109000133,342,690,-348
109000134,631,971,-340
109000135,768,1407,-639
109000136,311,213,98
109000137,383,379,4
109000138,536,235,301
109000139,668,361,307
109000140,278,200,78
109000141,796,360,436
109000142,157,561,-404
109000143,150,85,65
109000145,153,253,-100
109000146,32,66,-34
109000148,1887,2560,-673
109000149,31,124,-93
109000150,51,271,-220
109000155,1089,672,417
109000156,995,463,532
109000158,124,266,-142
109000159,130,477,-347
109000160,1365,265,1100
109000161,484,713,-229
109000162,2388,530,1858
109000163,1358,1209,149
109000164,1501,1949,-448
109000165,1483,501,982
109000166,965,85,880
109000167,115,329,-214
109000170,52,43,9
109000171,102,52,50
109000172,42,68,-26
109000173,23,118,-95
109000174,197,39,158
109000175,61,56,5
109000176,355,123,232
109000177,20,87,-67
109000178,546,73,473
109000179,3130,6514,-3384
109000180,3695,4069,-374
109000181,51,19,32
109000182,49,18,31
109000183,57,10,47
109000184,86,17,69
109000185,21,12,9
109000188,670,1176,-506
109000189,3579,632,2947
109000190,1047,474,573
109000191,382,408,-26
109000192,655,172,483
109000193,281,110,171
109000194,345,67,278
109000195,154,162,-8
109000196,315,160,155
109000197,231,249,-18
109000198,454,72,382
109000199,148,355,-207
109000206,212,20,192
109000207,184,31,153
109000208,141,103,38
109000209,192,100,92
109000210,154,472,-318
109000211,1025,444,581
109000214,490,210,280
109000215,138,58,80
109000216,297,358,-61
109000217,416,295,121
109000218,683,360,323
109000221,335,749,-414
109000222,1014,290,724
109000223,545,437,108
109000224,52,49,3
109000225,116,26,90
109000226,66,119,-53
109000227,1625,643,982
109000228,12,2114,-2102
109000231,0,198,-198
109000232,616,196,420
109000236,435,497,-62
109000241,2269,1424,845
109000242,1771,821,950
109000293,43,98,-55
109000361,138,198,-60
109000364,192,418,-226
109000396,5,345,-340
109000397,864,20,844
109000399,173,331,-158
109000400,109,130,-21
109000403,43,1155,-1112
109000406,366,7,359
109000407,367,191,176
109000408,0,209,-209
109000410,1200,221,979
109000411,186,15,171
109900001,154,1,153
109900002,1273,36,1237
109900003,417,0,417
109900004,529,118,411
109900005,22,2,20
109900006,649,164,485
109900007,1349,275,1074
109900008,0,45,-45
109900009,154,242,-88
109900010,670,33,637
109900011,97,74,23
109900012,456,214,242
109900013,442,241,201
109900014,535,54,481
109900015,402,237,165
109900016,171,26,145
109900017,232,237,-5
109900018,312,54,258
109900019,387,46,341
109900020,38,37,1
109900021,32,13,19
109900022,93,229,-136
109900023,22,2,20
109900024,26,1,25
109900025,23,49,-26
109900026,4,197,-193
109900027,40,23,17
109900028,573,1404,-831
109900029,2,206,-204
109900030,67,3,64
109900031,1,400,-399
109900032,21,234,-213
109900033,8,417,-409
109900034,68,7,61
109900035,28,35,-7
109900036,30,33,-3
109900037,30,343,-313
109900038,151,225,-74
109900039,7,0,7
109900040,30,298,-268
109900041,47,212,-165
109900042,69,543,-474
109900044,266,202,64
109900045,113,137,-24
109900046,27,48,-21
109900047,373,252,121
109900048,5,87,-82
109900049,26,42,-16
109900050,0,82,-82
109900051,0,15,-15
109900052,96,296,-200
109900053,3,151,-148
109900054,1075,271,804
109900055,80,232,-152
109900056,28,303,-275
109900057,2,67,-65
109900058,1,62,-61
109900059,1357,126,1231
109900060,678,124,554
109900061,57,193,-136
109900062,0,98,-98
109900063,7,392,-385
109900064,624,189,435
109900065,76,92,-16
109900066,248,452,-204
109900067,1,105,-104
109900068,122,17,105
109900069,9,20,-11
109900070,51,199,-148
109900071,10,31,-21
109900072,21,91,-70
109900073,720,252,468
109900074,18,41,-23
109900075,47,44,3
109900076,13,102,-89
109900077,31,33,-2
109900078,103,130,-27
109900080,133,206,-73
109900081,19,231,-212
109900082,86,189,-103
109900083,27,71,-44
109900084,71,117,-46
109900085,180,393,-213
109900086,177,720,-543
109900087,211,504,-293
109900089,884,262,622
109900090,422,818,-396
109900091,517,80,437
109900092,516,36,480
109900093,1370,194,1176
109900094,92,132,-40
109900095,232,195,37
109900096,60,14,46
109900097,146,6,140
109900098,674,41,633
109900099,358,2,356
109900100,86,1,85
109900101,910,19,891
109900102,473,31,442
109900103,45,41,4
109900104,1059,266,793
109900105,625,41,584
109900106,507,42,465
109900107,810,75,735
109900108,160,233,-73
109900109,51,304,-253
109900110,90,230,-140
109900111,226,535,-309
109900112,171,332,-161
109900113,1011,675,336
109900114,1265,1821,-556
109900115,198,111,87
109900117,1387,136,1251
109900118,192,383,-191
109900119,428,368,60
109900120,118,26,92
109900121,342,553,-211
109900122,648,23,625
109900123,21,100,-79
109900124,76,296,-220
109900125,3,194,-191
109900126,441,39,402
109900128,548,44,504
109900130,3809,3505,304
109900131,42,136,-94
109900132,38,132,-94
109900133,86,172,-86
109900134,133,140,-7
109900135,204,60,144
109900136,104,141,-37
109900137,192,177,15
109900138,609,207,402
109900140,218,74,144
109900142,1870,310,1560
109900145,9,565,-556
109900146,397,51,346
109900148,33,107,-74
109900149,45,55,-10
109900150,17,61,-44
109900151,11,33,-22
109900152,2,30,-28
109900153,0,49,-49
109900154,30,0,30
109900155,60,20,40
109900157,88,147,-59
109900158,47,112,-65
109900159,204,49,155
109900160,201,62,139
109900161,307,122,185
109900162,268,226,42
109900163,444,308,136
109900164,75,172,-97
109900165,533,4,529
109900166,4,154,-150
109900167,216,329,-113
109900168,293,486,-193
109900169,315,117,198
109900170,227,1174,-947
109900171,290,75,215
109900172,285,296,-11
109900173,1460,2778,-1318
109900174,98,116,-18
109900175,149,65,84
109900176,145,104,41
109900177,63,138,-75
109900178,15,177,-162
109900179,44,9,35
109900180,7,12,-5
110000001,704,465,239
110000002,588,762,-174
110000003,782,609,173
110000004,476,678,-202
110000005,318,1862,-1544
110000006,212,258,-46
110000007,131,106,25
110000008,13,86,-73
110000009,58,40,18
110000010,26,82,-56
110000011,62,63,-1
110000012,469,258,211
110000013,39,632,-593
110000014,358,315,43
110000015,245,626,-381
110000016,237,1748,-1511
110000017,2300,271,2029
110000018,1976,308,1668
110000019,12,74,-62
110000020,675,218,457
110000021,318,453,-135
110000022,1182,183,999
110000023,13,111,-98
110000024,601,338,263
110000025,645,9,636
110000026,8,200,-192
110000027,1198,1458,-260
110000028,1022,648,374
110000029,473,498,-25
110000030,308,349,-41
110000031,319,288,31
110000032,939,358,581
110000033,285,229,56
110000034,601,688,-87
110000035,814,424,390
110000036,1288,718,570
110000037,330,398,-68
110000038,328,729,-401
110000039,895,3708,-2813
110000040,246,191,55
110000041,332,1923,-1591
110000042,67,404,-337
110000043,801,283,518
110000044,82,668,-586
110000045,352,144,208
110000046,3,26,-23
110000047,9,65,-56
110000048,2,26,-24
110000049,4,17,-13
110000050,5,41,-36
110000051,28,11,17
110000052,29,32,-3
110000053,57,8,49
110000054,124,535,-411
110000055,222,95,127
110000056,76,129,-53
110000057,304,519,-215
110000058,1082,417,665
110000059,1161,468,693
110000060,1227,1173,54
110000061,755,598,157
110000062,733,779,-46
110000063,41,226,-185
110000064,75,48,27
110000065,165,144,21
110000066,128,36,92
110000067,105,132,-27
110000068,379,58,321
110000069,536,80,456
110000071,380,68,312
110000073,37,23,14
110000075,16,97,-81
110000076,373,477,-104
110000077,332,1318,-986
110000078,87,33,54
110000080,244,495,-251
110000081,50,212,-162
110000082,42,375,-333
110000083,312,448,-136
110000084,1297,1099,198
110000085,1110,1386,-276
110000086,1255,2648,-1393
110000087,19,71,-52
110000088,170,303,-133
110000089,398,72,326
110000090,282,327,-45
110000091,778,182,596
110000092,37,62,-25
110000093,49,19,30
110000094,510,219,291
110000095,190,686,-496
110000096,1448,1877,-429
110000097,1107,1661,-554
110000098,1907,653,1254
110000099,607,1369,-762
110000100,1349,279,1070
110000101,47,133,-86
110000102,82,22,60
110000104,551,183,368
110000105,75,294,-219
110000106,662,574,88
110000107,184,269,-85
110000108,92,100,-8
110000109,230,286,-56
110000110,1749,4918,-3169
110000111,3489,3233,256
110000112,446,1442,-996
110000113,139,2719,-2580
110000114,368,872,-504
110000115,529,414,115
110000116,47,91,-44
110000117,302,233,69
110000118,590,158,432
110000119,357,272,85
110000120,402,207,195
110000121,85,398,-313
110000122,473,422,51
110000123,689,802,-113
110000124,2,676,-674
110000125,1173,8,1165
110000126,287,40,247
110000127,1252,84,1168
110000128,83,998,-915
110000129,3,406,-403
110000130,243,240,3
110000131,138,261,-123
110000132,1,523,-522
110000133,31,423,-392
110000134,38,352,-314
110000135,157,34,123
110000136,98,270,-172
110000137,672,525,147
110000138,1037,468,569
110000139,1068,687,381
110000140,823,800,23
110000143,642,370,272
110000144,3627,2670,957
110000145,1968,1890,78
110000146,2521,1243,1278
110000147,575,761,-186
110000148,710,189,521
110000151,904,1531,-627
110000152,727,466,261
110000153,315,22,293
110000154,48,34,14
110000155,1255,3946,-2691
110000156,1042,2701,-1659
110000157,2301,2776,-475
110000160,435,314,121
110000161,179,168,11
110000166,848,119,729
110000167,1020,586,434
110000168,1263,569,694
110000169,959,406,553
110000170,197,68,129
110000171,681,131,550
110000172,245,490,-245
110000173,736,786,-50
110000174,171,585,-414
110000175,1055,128,927
110000176,323,556,-233
110000177,254,1078,-824
110000178,377,2142,-1765
110000179,915,262,653
110000180,283,230,53
110000181,685,437,248
110000182,277,94,183
110000183,5336,8086,-2750
110000184,287,2761,-2474
110000185,662,611,51
110000186,648,672,-24
110000191,1519,194,1325
110000192,1051,22,1029
110000193,1734,16,1718
110000194,8,513,-505
110000195,574,188,386
110000196,536,155,381
110000197,151,88,63
110000198,126,34,92
110000199,127,130,-3
110000200,1232,361,871
110000201,1497,1313,184
110000202,1480,561,919
110000203,599,453,146
110000204,6,179,-173
110000205,248,41,207
110000206,531,791,-260
110000207,1637,314,1323
110000208,238,301,-63
110000209,88,718,-630
110000210,1754,476,1278
110000211,958,677,281
110000212,519,1157,-638
110000213,412,67,345
110000214,395,72,323
110000215,225,196,29
110000216,150,160,-10
110000217,556,89,467
110000218,243,170,73
110000219,522,42,480
110000220,108,150,-42
110000221,543,54,489
110000222,60,106,-46
110000223,4,134,-130
110000224,15,6,9
110000225,335,774,-439
110000226,280,57,223
110000227,754,1242,-488
110000228,276,71,205
110000229,3,176,-173
110000230,629,481,148
110000231,198,245,-47
110000232,254,131,123
110000233,215,209,6
110000234,520,1115,-595
110000235,883,905,-22
110000236,718,460,258
110000237,2113,1410,703
110000238,1308,1017,291
110000239,2033,949,1084
110000240,1,58,-57
110000242,0,17,-17
110000243,145,51,94
110000244,156,293,-137
110000245,34,269,-235
110000246,1223,416,807
110000247,1140,3030,-1890
110000248,1526,1155,371
110000249,106,15,91
110000250,64,132,-68
110000251,504,282,222
110000252,515,169,346
110000253,1759,563,1196
110000254,650,679,-29
110000255,221,630,-409
110000256,530,283,247
110000257,583,277,306
110000258,3,274,-271
110000259,232,16,216
110000260,37,154,-117
110000263,535,69,466
110000264,537,322,215
110000265,1300,1889,-589
110000266,1355,2743,-1388
110000267,42,177,-135
110000268,303,370,-67
110000269,7,74,-67
110000270,91,12,79
110000271,1103,241,862
110000272,1283,1048,235
110000273,1847,1611,236
110000274,385,2205,-1820
110000275,1548,654,894
110000276,479,453,26
110000277,579,297,282
110000278,609,577,32
110000279,940,635,305
110000280,838,507,331
110000281,82,357,-275
110000282,157,27,130
110000283,26,126,-100
110000284,10,24,-14
110000285,10,773,-763
110000286,7,0,7
110000287,184,3,181
110000288,52,84,-32
110000289,542,2457,-1915
110000290,648,667,-19
110000291,3066,1002,2064
110000292,1040,5558,-4518
110000293,754,589,165
110000294,1505,1270,235
110000295,260,678,-418
110000296,720,363,357
110000297,2590,362,2228
110000298,125,430,-305
110000299,131,115,16
110000301,648,37,611
110000302,429,1065,-636
110000303,706,20,686
110000304,227,151,76
110000305,1677,50,1627
110000306,241,846,-605
110000307,2264,12,2252
110000308,680,8,672
110000309,7,563,-556
110000310,883,37,846
110000311,8,564,-556
110000312,446,85,361
110000313,2213,2166,47
110000314,0,175,-175
110000315,2381,2567,-186
110000316,451,1122,-671
110000317,281,778,-497
110000318,3,67,-64
110000319,46,35,11
110000320,87,71,16
110000321,16,50,-34
110000322,342,288,54
110000323,720,173,547
110000324,2495,1571,924
110000325,2262,4358,-2096
110000327,457,341,116
110000328,191,443,-252
110000333,1366,922,444
110000334,1054,1201,-147
110000335,989,630,359
110000336,1035,917,118
110000337,2177,726,1451
110000338,657,241,416
110000339,503,206,297
110000340,370,169,201
110000341,660,349,311
110000342,186,5,181
110000343,0,21,-21
110000344,495,172,323
110000345,579,276,303
110000346,1714,1705,9
110000347,1334,748,586
110000348,31,27,4
110000349,13,28,-15
110000350,102,9,93
110000351,1442,672,770
110000352,782,1377,-595
110000353,2266,522,1744
110000354,1165,3401,-2236
110000355,199,90,109
110000356,801,11,790
110000357,559,18,541
110000361,87,27,60
110000362,115,37,78
110000363,717,72,645
110000364,333,294,39
110000365,194,2,192
110000366,2,133,-131
110000367,508,171,337
110000368,8,69,-61
110000369,112,3,109
110000373,2,179,-177
110000374,384,31,353
110000375,118,880,-762
110000376,53,75,-22
110000377,86,388,-302
110000378,11,452,-441
110000379,2016,2046,-30
110000380,85,9,76
110000383,4,1011,-1007
110000384,731,692,39
110000385,1,194,-193
110000387,94,2,92
110000388,63,160,-97
110000389,885,3,882
110000391,1311,152,1159
110000396,298,52,246
110000397,172,72,100
110000398,11,28,-17
110000399,173,1,172
110000587,193,105,88
110000589,217,129,88
110000640,205,60,145
110000652,14,255,-241
110000653,370,296,74
110000654,20,769,-749
110000656,2,236,-234
110000674,27,48,-21
110000675,15,59,-44
110000676,6,41,-35
110000679,82,1302,-1220
110000682,134,237,-103
110000683,257,436,-179
110000684,7,58,-51
110000685,6,10,-4
110000686,5,35,-30
110000687,24,16,8
110000688,58,1468,-1410
110000689,46,33,13
110000692,23,167,-144
110000693,50,349,-299
110000694,1,167,-166
110000695,292,593,-301
110000696,61,41,20
110900001,291,27,264
110900002,372,283,89
110900003,1119,318,801
110900004,671,99,572
110900005,1641,3494,-1853
110900006,54,32,22
110900007,226,56,170
110900008,13,29,-16
110900009,508,266,242
110900010,15,44,-29
110900011,29,65,-36
110900012,59,68,-9
110900013,1188,130,1058
110900014,449,31,418
110900015,419,936,-517
110900016,102,100,2
110900017,647,51,596
110900018,437,64,373
110900019,329,22,307
110900020,184,158,26
110900021,135,288,-153
110900022,90,134,-44
110900023,141,367,-226
110900024,18,156,-138
110900025,26,56,-30
110900027,55,182,-127
110900028,61,132,-71
110900029,15,148,-133
110900030,68,156,-88
110900031,5,100,-95
110900032,0,34,-34
110900033,49,210,-161
110900035,16,486,-470
110900036,101,15,86
110900037,108,19,89
110900038,534,144,390
110900039,14,229,-215
110900040,288,24,264
110900041,45,110,-65
110900042,203,60,143
110900043,3,64,-61
110900044,238,34,204
110900045,61,207,-146
110900046,22,103,-81
110900047,242,461,-219
110900049,158,168,-10
110900050,92,3,89
110900051,46,118,-72
110900052,13,145,-132
110900053,133,29,104
110900054,66,180,-114
110900055,28,8,20
110900056,53,135,-82
110900057,9,89,-80
110900058,408,184,224
110900059,441,219,222
110900060,576,187,389
110900061,24,84,-60
110900062,248,142,106
110900063,61,148,-87
110900064,26,1,25
110900065,143,154,-11
110900066,8,80,-72
110900067,272,602,-330
110900068,181,173,8
110900069,6,17,-11
110900070,138,67,71
110900071,176,925,-749
110900073,1,35,-34
110900074,647,114,533
110900075,491,67,424
110900077,1326,516,810
110900078,95,42,53
110900079,1340,1632,-292
110900080,234,79,155
110900081,21,24,-3
110900082,223,99,124
110900083,188,59,129
110900084,87,35,52
110900085,86,177,-91
110900086,76,426,-350
110900087,465,159,306
110900088,4,3,1
110900090,61,85,-24
110900091,2,31,-29
110900093,349,120,229
110900095,85,47,38
110900097,18,2,16
110900098,25,63,-38
110900099,62,289,-227
110900100,0,21,-21
110900102,97,15,82
110900105,1199,140,1059
110900108,21,37,-16
110900111,538,283,255
110900112,1064,18,1046
110900113,314,55,259
110900115,20,48,-28
110900116,1149,922,227
110900118,75,4037,-3962
110900119,1678,208,1470
110900120,73,53,20
110900121,202,1,201
110900122,582,209,373
110900125,483,494,-11
110900127,651,1704,-1053
110900128,269,310,-41
110900129,269,1214,-945
110900130,583,608,-25
110900131,490,193,297
110900132,589,143,446
110900133,213,279,-66
110900135,87,234,-147
110900136,424,19,405
110900137,18,0,18
110900138,530,763,-233
110900139,11,238,-227
110900140,35,4,31
110900141,4,201,-197
110900142,73,103,-30
110900143,190,100,90
110900144,0,279,-279
110900145,286,89,197
110900146,237,313,-76
110900147,90,321,-231
110900148,5,193,-188
110900149,3,41,-38
110900150,48,32,16
110900151,3,116,-113
110900152,39,132,-93
110900153,189,84,105
111000001,397,262,135
111000002,292,371,-79
111000003,1442,787,655
111000004,462,767,-305
111000005,1300,1378,-78
111000006,789,1694,-905
111000007,4395,3424,971
111000008,1680,2874,-1194
111000009,374,664,-290
111000010,1277,359,918
111000011,262,933,-671
111000012,387,457,-70
111000013,547,1075,-528
111000014,1871,545,1326
111000017,137,888,-751
111000018,247,301,-54
111000020,872,1437,-565
111000021,86,118,-32
111000023,128,96,32
111000025,4554,4608,-54
111000029,67,179,-112
111000030,39,107,-68
111000031,2055,1308,747
111000032,819,376,443
111000033,226,269,-43
111000034,61,233,-172
111000037,996,543,453
111000038,2810,1917,893
111000039,1673,1773,-100
111000040,1645,1729,-84
111000041,789,1024,-235
111000042,1905,1816,89
111000043,2152,4490,-2338
111000044,1870,1275,595
111000045,3228,3038,190
111000046,2265,2017,248
111000047,3037,5530,-2493
111000049,490,438,52
111000050,983,837,146
111000051,650,774,-124
111000052,742,1223,-481
111000053,365,626,-261
111000054,378,539,-161
111000055,944,1211,-267
111000056,228,314,-86
111000057,104,328,-224
111000058,649,65,584
111000059,1008,281,727
111000060,5039,919,4120
111000061,883,356,527
111000062,1260,429,831
111000063,2518,1202,1316
111000064,1001,582,419
111000065,1630,1112,518
111000066,654,474,180
111000067,768,445,323
111000068,751,704,47
111000069,1692,1779,-87
111000070,688,601,87
111000071,151,320,-169
111000072,1446,600,846
111000073,320,1096,-776
111000074,1729,1788,-59
111000075,1013,634,379
111000076,623,536,87
111000077,1561,1604,-43
111000078,2790,1189,1601
111000079,1124,569,555
111000080,548,579,-31
111000081,1498,4260,-2762
111000082,899,572,327
111000084,777,466,311
111000085,868,822,46
111000086,2009,846,1163
111000087,781,426,355
111000088,4213,3090,1123
111000089,807,705,102
111000090,666,1261,-595
111000091,776,357,419
111000092,1863,712,1151
111000093,853,1075,-222
111000094,2134,1018,1116
111000095,770,2420,-1650
111000096,1097,8426,-7329
111000097,3417,1090,2327
111000098,582,733,-151
111000099,541,1092,-551
111000100,478,858,-380
111000101,442,608,-166
111000102,409,414,-5
111000104,945,233,712
111000107,142,839,-697
111000109,1132,314,818
111000110,1987,695,1292
111000111,3326,494,2832
111000112,2479,629,1850
111000113,946,1930,-984
111000114,1498,3903,-2405
111000115,3623,1102,2521
111000116,1028,832,196
111000117,335,825,-490
111000118,1476,637,839
111000119,1482,767,715
111000120,698,626,72
111000121,289,804,-515
111000122,647,1089,-442
111000123,1177,1618,-441
111000124,512,1662,-1150
111000125,284,758,-474
111000126,95,472,-377
111000127,1325,148,1177
111000128,2847,364,2483
111000129,3608,552,3056
111000130,2960,649,2311
111000131,2779,570,2209
111000132,2326,1238,1088
111000133,239,98,141
111000134,225,103,122
111000135,118,187,-69
111000136,470,251,219
111000138,35,5,30
111000140,0,6,-6
111000141,194,419,-225
111000142,13,282,-269
111000143,12,383,-371
111000144,79,1986,-1907
111000145,255,18,237
111000146,102,18,84
111000147,145,29,116
111000148,145,84,61
111000149,2,18,-16
111000150,41,7,34
111000151,4,26,-22
111000153,530,721,-191
111000154,426,204,222
111000155,112,179,-67
111000156,638,583,55
111000157,201,884,-683
111000158,812,690,122
111000159,3215,1015,2200
111000160,614,388,226
111000161,33,510,-477
111000162,41,114,-73
111000163,917,669,248
111000164,627,2482,-1855
111000165,654,357,297
111000166,802,258,544
111000167,150,276,-126
111000168,232,374,-142
111000169,345,453,-108
111000170,328,369,-41
111000171,460,462,-2
111000172,191,264,-73
111000173,397,484,-87
111000174,312,168,144
111000175,48,241,-193
111000176,507,67,440
111000177,595,110,485
111000178,1973,260,1713
111000179,338,134,204
111000180,430,495,-65
111000181,2030,203,1827
111000182,281,162,119
111000183,457,261,196
111000184,441,214,227
111000185,481,296,185
111000186,500,211,289
111000187,177,137,40
111000188,348,354,-6
111000189,619,471,148
111000190,211,288,-77
111000191,161,185,-24
111000192,169,260,-91
111000193,343,137,206
111000194,76,175,-99
111000195,225,216,9
111000196,76,105,-29
111000197,715,152,563
111000198,730,75,655
111000199,349,123,226
111000200,635,295,340
111000201,1038,210,828
111000202,474,182,292
111000203,546,366,180
111000204,419,1423,-1004
111000213,215,495,-280
111000214,1465,1093,372
111000215,967,937,30
111000217,1811,939,872
111000218,1433,1142,291
111000219,307,172,135
111000220,923,633,290
111000221,408,145,263
111000224,3,190,-187
111000225,285,60,225
111000226,102,0,102
111000227,20,2,18
111000228,33,638,-605
111000229,60,1376,-1316
111000230,219,205,14
111000231,1199,357,842
111000232,1062,668,394
111000233,1723,560,1163
111000234,207,649,-442
111000239,78,127,-49
111000240,111,279,-168
111000241,30,236,-206
111000242,334,78,256
111000243,282,259,23
111000244,824,85,739
111000245,1922,302,1620
111000246,781,169,612
111000247,608,464,144
111000248,836,444,392
111000249,589,396,193
111000250,88,97,-9
111000251,75,120,-45
111000253,16,19,-3
111000255,48,6,42
111000257,87,21,66
111000260,123,955,-832
111000261,1778,140,1638
111000271,56,252,-196
111000273,2551,969,1582
111000274,1534,2610,-1076
111000275,152,40,112
111000276,256,1014,-758
111000277,222,254,-32
111000278,761,259,502
111000291,925,8889,-7964
111000298,660,224,436
111000299,786,232,554
111000300,113,416,-303
111000302,478,83,395
111000303,117,161,-44
111000312,49,90,-41
111000315,0,66,-66
111000320,204,371,-167
111000321,628,164,464
111000322,373,264,109
111000323,406,32,374
111000324,464,200,264
111000325,73,71,2
111000326,321,182,139
111000327,527,291,236
111000328,315,509,-194
111000329,2,20,-18
111000330,84,11,73
111000331,18,12,6
111000332,619,1177,-558
111000334,302,758,-456
111000335,1425,248,1177
111000337,1819,238,1581
111000338,84,64,20
111000339,1083,183,900
111000340,214,520,-306
111000341,1685,762,923
111000342,89,1460,-1371
111000344,1402,609,793
111000345,127,140,-13
111000346,22,227,-205
111000347,272,5,267
111000350,231,145,86
111000351,156,326,-170
111000352,216,125,91
111000353,211,204,7
111000354,641,133,508
111000355,408,451,-43
111000358,240,505,-265
111000360,285,267,18
111000361,237,138,99
111000546,1009,370,639
111000547,586,306,280
111000548,226,315,-89
111000549,476,181,295
111000550,51,1106,-1055
111000551,677,159,518
111000552,577,290,287
111000907,378,57,321
111000908,44,5,39
111000916,2397,208,2189
111000917,62,354,-292
111000918,235,316,-81
111000920,763,14,749
111000921,8,103,-95
111000922,894,184,710
111000924,51,421,-370
111000925,3318,2130,1188
111000926,999,1143,-144
111000927,2792,4726,-1934
111000928,3499,1911,1588
111000929,3229,1434,1795
111000930,1267,1491,-224
111000931,2542,2653,-111
111000932,2984,1443,1541
111000933,3263,3143,120
111000934,1571,2238,-667
111000935,2063,1111,952
111000936,1202,1330,-128
111000937,1365,1520,-155
111000938,1177,866,311
111000939,915,38,877
111000940,622,62,560
111000941,489,258,231
111000943,920,288,632
111000944,264,220,44
111000945,122,831,-709
111001109,647,746,-99
111001110,156,362,-206
111001111,128,11,117
111001112,107,32,75
111001113,1,119,-118
111001114,444,133,311
111001115,20,1244,-1224
111001116,2592,5150,-2558
111001117,356,2804,-2448
111001120,149,146,3
111001121,151,165,-14
111001122,268,179,89
111001123,364,54,310
111900001,17,64,-47
111900002,61,330,-269
111900003,0,190,-190
111900004,25,66,-41
111900006,29,76,-47
111900007,236,8,228
111900008,398,4,394
111900009,426,90,336
111900010,195,302,-107
111900012,45,68,-23
111900013,33,34,-1
111900014,2523,6132,-3609
111900015,0,36,-36
111900016,1,63,-62
111900017,1,47,-46
111900018,210,18,192
111900019,0,149,-149
111900020,0,58,-58
111900021,28,112,-84
111900022,28,40,-12
111900023,50,45,5
111900024,0,67,-67
111900025,0,20,-20
111900026,1,40,-39
111900027,8,75,-67
111900028,0,136,-136
111900029,10,36,-26
111900030,28,361,-333
111900031,76,40,36
111900032,0,103,-103
111900033,10,32,-22
111900034,130,337,-207
111900035,165,197,-32
111900036,1,86,-85
111900038,194,355,-161
111900039,72,202,-130
111900040,0,149,-149
111900042,9,111,-102
111900043,3,141,-138
111900044,127,180,-53
111900046,26,120,-94
111900048,391,275,116
111900049,22,157,-135
111900050,166,50,116
111900051,0,111,-111
111900052,168,293,-125
111900053,479,2338,-1859
111900054,179,6,173
111900055,12,212,-200
111900056,175,385,-210
111900057,272,22,250
111900058,731,247,484
111900059,1435,940,495
111900060,511,4,507
111900061,12,147,-135
111900062,98,103,-5
111900063,348,395,-47
111900064,72,151,-79
111900065,176,37,139
111900066,207,139,68
111900067,3,275,-272
111900068,99,86,13
111900069,107,70,37
111900070,312,69,243
111900071,2,145,-143
111900072,67,47,20
111900073,1268,227,1041
111900074,23,209,-186
111900075,105,18,87
111900076,308,150,158
111900077,47,10,37
111900078,493,51,442
111900079,47,60,-13
111900080,234,300,-66
111900081,641,335,306
111900082,342,73,269
111900083,282,33,249
111900084,220,8,212
111900085,59,170,-111
111900086,100,15,85
111900087,70,2,68
111900088,829,24,805
111900089,221,2,219
111900090,82,96,-14
111900091,583,9,574
111900092,182,0,182
111900093,639,8,631
111900094,200,1,199
111900095,520,74,446
111900096,379,30,349
111900097,70,1,69
111900098,436,2,434
111900099,136,0,136
111900100,303,13,290
111900101,141,47,94
111900102,1037,333,704
111900103,70,133,-63
111900104,190,101,89
111900105,252,253,-1
111900106,674,34,640
111900107,95,139,-44
111900108,124,223,-99
111900109,302,595,-293
111900110,1190,397,793
111900111,358,48,310
111900112,473,4765,-4292
111900113,217,120,97
111900114,173,95,78
111900115,9,22,-13
111900118,412,130,282
111900119,395,254,141
111900122,160,197,-37
111900123,25,41,-16
111900124,43,69,-26
111900125,762,50,712
111900126,454,5,449
111900127,1,300,-299
111900128,1,284,-283
111900129,402,40,362
111900130,337,75,262
111900131,786,3,783
111900132,24,495,-471
111900133,3,209,-206
111900134,42,190,-148
111900135,18,62,-44
111900136,76,149,-73
111900137,55,65,-10
111900138,24,78,-54
111900139,11,61,-50
111900140,163,73,90
111900141,153,22,131
111900142,132,29,103
111900143,60,139,-79
111900144,0,40,-40
111900145,2,237,-235
111900146,2,91,-89
111900147,77,200,-123
111900148,22,388,-366
111900149,8,146,-138
111900150,39,117,-78
111900151,3,35,-32
111900152,119,102,17
111900153,722,944,-222
111900154,25,605,-580
111900155,102,160,-58
111900156,132,100,32
111900157,254,36,218
111900158,852,192,660
111900159,402,62,340
111900160,618,3,615
111900161,404,1,403
111900162,130,177,-47
111900163,32,139,-107
111900164,175,89,86
111901113,843,81,762
111901114,748,322,426
111901115,173,5,168
111901116,64,4,60
111901117,60,79,-19
111901118,38,607,-569
111901119,360,110,250
111901120,69,148,-79
111901121,95,92,3
111901122,6,218,-212
111901123,357,131,226
111901124,338,5,333
111901125,689,232,457
111901126,260,199,61
111901127,439,1056,-617
111901128,16,51,-35
111901129,1,61,-60
111901130,4,93,-89
111901131,1,100,-99
111901132,96,32,64
111901133,62,4,58
111901134,167,12,155
111901135,43,24,19
111901136,50,69,-19
111901137,0,45,-45
111901138,137,51,86
111901139,49,24,25
111901140,17,54,-37
111901141,10,83,-73
111901142,3,73,-70
111901143,2,92,-90
111901144,62,53,9
111901145,97,408,-311
111901146,118,11,107
112000001,2268,839,1429
112000002,625,1675,-1050
112000003,2433,1194,1239
112000004,733,392,341
112000005,4140,4210,-70
112000006,1400,914,486
112000007,5208,3265,1943
112000008,3010,4399,-1389
112000009,2521,1700,821
112000010,3603,5277,-1674
112000011,1297,1070,227
112000012,4595,7328,-2733
112000013,2553,3889,-1336
112000014,1933,4255,-2322
112000015,3001,3938,-937
112000016,3421,3003,418
112000017,1080,4257,-3177
112000024,1486,599,887
112000026,2096,2286,-190
112000027,807,661,146
112000028,730,1027,-297
112000029,902,1028,-126
112000030,176,52,124
112000031,1818,5743,-3925
112000032,198,22,176
112000033,1569,3924,-2355
112000034,155,46,109
112000035,51,724,-673
112000036,420,1447,-1027
112000037,1654,1185,469
112000038,1559,1581,-22
112000039,118,60,58
112000040,55,178,-123
112000041,317,290,27
112000042,852,437,415
112000050,1407,1255,152
112000051,1472,2228,-756
112000054,1384,1136,248
112000057,669,411,258
112000058,326,520,-194
112000059,453,776,-323
112000061,2170,1080,1090
112000062,863,1578,-715
112000063,417,2816,-2399
112000064,2715,3327,-612
112000065,1064,2069,-1005
112000066,3703,1757,1946
112000067,545,520,25
112000068,3510,3085,425
112000069,459,1439,-980
112000070,2382,868,1514
112000071,1060,1892,-832
112000072,3109,748,2361
112000073,1609,1868,-259
112000074,1612,1321,291
112000075,1466,1359,107
112000076,3197,2553,644
112000077,1027,369,658
112000078,2239,663,1576
112000079,1781,1329,452
112000080,825,690,135
112000081,1127,2084,-957
112000082,1456,749,707
112000083,706,968,-262
112000084,1418,656,762
112000085,1542,768,774
112000086,1753,762,991
112000087,688,320,368
112000088,993,302,691
112000089,404,267,137
112000090,171,229,-58
112000091,594,586,8
112000092,2595,1078,1517
112000093,1719,662,1057
112000094,830,855,-25
112000095,762,670,92
112000096,746,622,124
112000097,1996,940,1056
112000098,732,565,167
112000099,1009,2165,-1156
112000100,2782,662,2120
112000101,705,549,156
112000102,2177,434,1743
112000103,510,643,-133
112000105,531,753,-222
112000106,2401,424,1977
112000107,30,279,-249
112000108,238,1102,-864
112000109,83,76,7
112000110,2310,640,1670
112000111,593,2345,-1752
112000112,3314,611,2703
112000113,689,1039,-350
112000114,2952,849,2103
112000115,455,349,106
112000116,745,892,-147
112000117,1188,624,564
112000118,889,717,172
112000119,430,549,-119
112000120,75,238,-163
112000121,137,276,-139
112000122,447,129,318
112000123,1042,102,940
112000124,577,85,492
112000125,382,288,94
112000126,491,240,251
112000127,1655,3274,-1619
112000128,518,848,-330
112000129,129,95,34
112000130,320,84,236
112000131,66,181,-115
112000132,271,178,93
112000133,455,108,347
112000134,524,356,168
112000135,2130,670,1460
112000136,1343,927,416
112000137,1853,1656,197
112000138,1442,807,635
112000139,784,980,-196
112000140,457,973,-516
112000141,1234,503,731
112000142,164,379,-215
112000143,1505,256,1249
112000144,258,684,-426
112000145,3462,657,2805
112000146,585,1116,-531
112000147,2905,1833,1072
112000148,1348,1296,52
112000149,665,385,280
112000150,346,509,-163
112000151,380,247,133
112000152,725,357,368
112000153,125,166,-41
112000154,195,291,-96
112000155,140,118,22
112000157,511,718,-207
112000158,400,253,147
112000159,896,359,537
112000167,428,198,230
112000169,270,425,-155
112000173,1298,363,935
112000175,548,291,257
112000176,1108,1464,-356
112000177,1273,321,952
112000178,92,254,-162
112000179,408,110,298
112000180,381,270,111
112000181,1411,1071,340
112000182,2191,762,1429
112000183,30,14,16
112000184,522,263,259
112000185,906,379,527
112000187,4545,2926,1619
112000195,223,10,213
112000196,254,0,254
112000197,206,271,-65
112000198,64,295,-231
112000199,780,865,-85
112000202,634,4,630
112000216,86,262,-176
112000230,183,6,177
112000231,7,93,-86
112000256,113,360,-247
112000313,69,100,-31
112000314,82,73,9
112000337,272,519,-247
112000352,233,434,-201
112000392,1614,964,650
112000398,2109,905,1204
112000399,1331,3501,-2170
112000400,1412,1442,-30
112000401,1990,1316,674
112000402,4328,5139,-811
112000403,1622,4371,-2749
112000404,1472,1268,204
112000405,3000,3627,-627
112000406,2452,1143,1309
112000407,9576,9292,284
112000408,5587,3431,2156
112000409,1381,2275,-894
112000410,586,533,53
112000411,2490,2321,169
112000412,1105,574,531
112000413,4835,8557,-3722
112000414,135,41,94
112000415,146,55,91
112000416,3615,1462,2153
112000417,304,93,211
112000421,79,51,28
112000422,432,204,228
112000424,1288,3664,-2376
112000425,386,352,34
112000426,245,318,-73
112000427,0,13,-13
112000428,483,191,292
112000429,2090,1710,380
112000430,2522,2561,-39
112000431,108,169,-61
112000432,613,463,150
112000433,239,724,-485
112000437,67,116,-49
112900001,109,2,107
112900002,835,467,368
112900003,126,215,-89
112900004,114,126,-12
112900005,395,150,245
112900006,19,203,-184
112900007,133,199,-66
112900008,0,98,-98
112900009,604,183,421
112900010,645,426,219
112900011,92,129,-37
112900012,0,25,-25
112900013,10,338,-328
112900014,5,239,-234
112900015,257,539,-282
112900016,4,168,-164
112900017,95,111,-16
112900018,1,103,-102
112900019,31,208,-177
112900020,325,804,-479
112900021,4,101,-97
112900022,59,44,15
112900023,2,66,-64
112900024,12,182,-170
112900025,142,184,-42
112900026,7,101,-94
112900027,5,453,-448
112900028,27,135,-108
112900029,21,309,-288
112900030,87,69,18
112900031,6,229,-223
112900032,208,211,-3
112900034,3,32,-29
112900035,2,198,-196
112900036,40,122,-82
112900037,189,278,-89
112900038,986,150,836
112900039,9,150,-141
112900040,8,563,-555
112900041,578,1570,-992
112900042,105,175,-70
112900043,69,60,9
112900044,298,312,-14
112900045,173,238,-65
112900046,123,65,58
112900047,11,33,-22
112900049,419,76,343
112900050,37,484,-447
112900051,194,445,-251
112900052,12,296,-284
112900053,321,147,174
112900054,229,72,157
112900055,156,56,100
112900056,505,372,133
112900057,17,298,-281
112900058,383,413,-30
112900059,150,203,-53
112900060,67,205,-138
112900061,166,117,49
112900062,91,84,7
112900063,75,20,55
112900064,90,207,-117
112900065,44,52,-8
112900066,340,270,70
112900067,300,151,149
112900068,42,72,-30
112900069,1240,1229,11
112900071,76,14,62
112900072,85,3154,-3069
112900073,490,234,256
112900074,81,416,-335
112900075,946,1403,-457
112900076,59,43,16
112900078,424,562,-138
112900079,387,35,352
112900080,155,8,147
112900081,80,309,-229
112900082,673,64,609
112900083,218,188,30
112900084,310,221,89
112900085,0,9,-9
112900086,137,1,136
112900087,1251,216,1035
112900088,234,12,222
112900089,1161,89,1072
112900090,140,84,56
112900091,401,16,385
112900092,95,653,-558
112900093,1697,60,1637
112900094,137,3,134
112900095,131,4,127
112900096,749,269,480
112900097,112,245,-133
112900098,239,3,236
112900099,1231,56,1175
112900100,137,2,135
112900101,517,10,507
112900102,105,28,77
112900103,359,6,353
112900104,21,1,20
112900105,17,0,17
112900106,418,141,277
112900107,9,1,8
112900108,10,2,8
112900109,242,2,240
112900110,2092,41,2051
112900111,1078,9,1069
112900112,432,2,430
112900113,0,10,-10
112900114,267,40,227
112900115,2423,12,2411
112900116,173,23,150
112900117,69,38,31
112900118,22,64,-42
112900119,276,7,269
112900120,590,263,327
112900121,47,87,-40
112900122,32,112,-80
112900123,159,18,141
112900124,41,76,-35
112900125,56,674,-618
112900126,137,140,-3
112900127,567,216,351
112900128,211,591,-380
112900129,3,526,-523
112900130,281,145,136
112900131,36,220,-184
112900132,178,274,-96
112900133,22,639,-617
112900134,1,207,-206
112900135,142,89,53
112900136,0,19,-19
112900137,3,262,-259
112900138,4,94,-90
112900139,106,710,-604
112900140,0,46,-46
112900141,973,55,918
112900142,97,254,-157
112900143,13,290,-277
112900144,1,110,-109
112900145,21,364,-343
112900146,5,573,-568
112900147,3,703,-700
112900148,78,8,70
112900149,321,454,-133
112900151,8,42,-34
112900152,2399,567,1832
112900153,1081,3286,-2205
112900154,0,50,-50
112900155,227,12,215
112900156,701,649,52
112900157,497,4,493
112900158,131,9,122
112900159,249,198,51
112900160,41,200,-159
112900161,133,50,83
112900162,42,13,29
112900163,58,86,-28
112900164,35,292,-257
112900165,210,49,161
112900166,15,102,-87
112900167,4,146,-142
112900168,4,4,0
112900169,9,29,-20
112900170,132,296,-164
112900172,35,16,19
112900173,182,77,105
112900174,355,65,290
112900175,158,280,-122
112900176,65,55,10
112900177,264,83,181
112900178,917,3095,-2178
112900179,25,271,-246
112900180,2645,1175,1470
112900181,982,9,973
112900182,64,576,-512
112900183,105,431,-326
112900184,345,732,-387
112900185,164,785,-621
112900186,852,1487,-635
112900187,77,720,-643
112900188,679,3107,-2428
112900189,27,16,11
112900190,15,21,-6
112900192,948,896,52
112900193,1364,544,820
112900194,101,49,52
112900195,1143,53,1090
112900196,334,279,55
112900197,175,321,-146
112900199,920,338,582
112900200,761,169,592
112900201,270,114,156
112900202,747,450,297
112900203,456,198,258
112900204,725,591,134
112900205,21,10,11
112900206,30,90,-60
112900207,39,0,39
112900208,84,354,-270
112900209,294,288,6
112900210,1,26,-25
112900211,112,16,96
112900212,0,40,-40
112900213,93,15,78
112900214,31,28,3
112900215,21,129,-108
112900216,26,35,-9
112900217,2,63,-61
112900218,71,45,26
112900219,130,1,129
112900220,9,0,9
112900221,56,185,-129
112900222,1,48,-47
112900223,1339,38,1301
112900224,652,253,399
112900225,620,264,356
112900226,225,525,-300
112900227,1174,481,693
112900228,108,42,66
112900229,520,19,501
112900230,7607,4004,3603
112900232,459,421,38
112900233,58,97,-39
112900234,57,45,12
112900235,94,20,74
112900236,555,11,544
112900237,288,85,203
112900238,17,16,1
112900239,692,572,120
113000001,6599,4420,2179
113000002,4080,3543,537
113000003,1885,1488,397
113000004,1383,1981,-598
113000005,1958,1202,756
113000006,1122,1111,11
113000007,2552,1302,1250
113000008,1740,1571,169
113000009,1485,657,828
113000010,1328,1165,163
113000011,887,1069,-182
113000012,2151,789,1362
113000013,1027,768,259
113000014,897,1174,-277
113000015,219,277,-58
113000016,302,921,-619
113000017,87,367,-280
113000018,404,49,355
113000019,321,325,-4
113000020,545,103,442
113000021,1382,579,803
113000022,801,1357,-556
113000025,126,278,-152
113000026,562,550,12
113000027,562,935,-373
113000028,761,1492,-731
113000029,1218,868,350
113000030,233,501,-268
113000031,167,309,-142
113000032,257,360,-103
113000033,299,525,-226
113000034,225,224,1
113000035,58,45,13
113000036,29,105,-76
113000037,80,33,47
113000038,41,92,-51
113000039,49,305,-256
113000040,77,57,20
113000042,758,506,252
113000051,1103,2121,-1018
113000052,2278,693,1585
113000053,596,398,198
113000054,563,630,-67
113000055,1716,406,1310
113000056,1478,825,653
113000058,541,898,-357
113000059,1126,423,703
113000060,351,535,-184
113000061,475,749,-274
113000062,617,450,167
113000063,425,60,365
113000064,70,143,-73
113000065,218,448,-230
113000066,1095,139,956
113000067,3166,1044,2122
113000068,428,642,-214
113000069,656,615,41
113000070,3394,924,2470
113000071,698,530,168
113000072,1322,556,766
113000073,355,1339,-984
113000074,1131,498,633
113000075,1827,855,972
113000076,509,2790,-2281
113000077,849,923,-74
113000078,558,2446,-1888
113000079,452,867,-415
113000080,463,841,-378
113000081,774,948,-174
113000082,1260,930,330
113000083,515,759,-244
113000084,1590,1220,370
113000085,808,597,211
113000086,1104,1013,91
113000087,976,1053,-77
113000088,1886,1432,454
113000089,879,1508,-629
113000090,265,795,-530
113000091,265,400,-135
113000094,1454,293,1161
113000095,180,642,-462
113000096,147,1295,-1148
113000097,1305,534,771
113000098,145,41,104
113000099,1271,580,691
113000100,148,557,-409
113000101,251,758,-507
113000102,755,680,75
113000103,1649,312,1337
113000104,573,2239,-1666
113000105,889,574,315
113000106,329,360,-31
113000107,1026,963,63
113000108,662,803,-141
113000109,539,1189,-650
113000110,2894,703,2191
113000111,201,583,-382
113000112,337,208,129
113000113,1193,360,833
113000114,260,1487,-1227
113000116,580,359,221
113000117,950,114,836
113000118,49,619,-570
113000119,366,361,5
113000120,69,311,-242
113000121,498,1107,-609
113000124,300,96,204
113000125,81,1122,-1041
113000127,1660,199,1461
113000128,819,343,476
113000129,461,806,-345
113000133,2304,1212,1092
113000134,16,1313,-1297
113000135,4777,5416,-639
113000137,1055,3808,-2753
113000139,288,359,-71
113000140,81,218,-137
113000141,154,260,-106
113000142,295,874,-579
113000143,360,151,209
113000144,209,437,-228
113000145,189,131,58
113000146,200,63,137
113000147,198,73,125
113000148,337,142,195
113000149,221,143,78
113000150,680,288,392
113000151,54,54,0
113000152,66,129,-63
113000153,1087,463,624
113000154,670,1777,-1107
113000155,390,731,-341
113000156,150,315,-165
113000157,237,649,-412
113000158,700,218,482
113000159,1094,616,478
113000160,543,590,-47
113000161,360,265,95
113000162,1096,355,741
113000163,236,35,201
113000164,32,58,-26
113000166,240,106,134
113000167,64,75,-11
113000168,109,89,20
113000169,327,81,246
113000170,107,100,7
113000171,46,104,-58
113000172,406,53,353
113000173,72,39,33
113000174,162,180,-18
113000175,426,75,351
113000176,653,126,527
113000177,163,214,-51
113000178,148,208,-60
113000179,401,153,248
113000180,934,1109,-175
113000181,1143,720,423
113000182,130,400,-270
113000183,105,555,-450
113000184,30,153,-123
113000189,333,725,-392
113000190,291,377,-86
113000192,548,5100,-4552
113000193,2088,3365,-1277
113000194,814,1619,-805
113000195,1661,2197,-536
113000196,312,65,247
113000197,1826,1833,-7
113000198,82,175,-93
113000199,1754,438,1316
113000201,239,509,-270
113000202,7004,1234,5770
113000203,76,231,-155
113000204,545,4260,-3715
113000205,16,19,-3
113000206,17,47,-30
113000207,103,32,71
113000208,60,72,-12
113000209,18,38,-20
113000210,11,22,-11
113000211,117,273,-156
113000212,53,45,8
113000213,38,132,-94
113000214,190,262,-72
113000234,191,850,-659
113000410,62,239,-177
113000411,1692,3449,-1757
113000412,3769,2033,1736
113000413,1148,3028,-1880
113000414,3044,12594,-9550
113000415,1939,1980,-41
113000416,3639,2844,795
113000417,1739,2118,-379
113000418,4031,4250,-219
113000419,1548,3123,-1575
113000420,3222,6404,-3182
113000421,4338,7798,-3460
113000422,8439,10153,-1714
113000423,1600,5531,-3931
113000424,1904,9755,-7851
113000425,9,90,-81
113000428,84,22,62
113000430,5,139,-134
113000432,2832,190,2642
113000433,117,459,-342
113000434,18,94,-76
113000435,21,229,-208
113000436,17,641,-624
113000437,1475,22,1453
113000438,395,10,385
113000439,27,84,-57
113000440,192,39,153
113000441,280,159,121
113000442,227,76,151
113000443,459,137,322
113000444,267,89,178
113000445,178,79,99
113000446,37,86,-49
113000448,494,235,259
113000449,177,642,-465
113000450,640,1685,-1045
113000451,2053,206,1847
113000452,127,338,-211
113000453,35,541,-506
113000454,288,62,226
113000455,7,960,-953
113000456,2443,2648,-205
113000468,1028,106,922
113000469,101,287,-186
113000470,400,23,377
113000471,12,244,-232
113000472,138,220,-82
113000474,1143,661,482
113000475,1263,1258,5
113000476,1799,1944,-145
113000477,4032,1782,2250
113000478,3081,3135,-54
113000479,93,117,-24
113000480,108,517,-409
113000481,0,0,0
113000482,0,0,0
113000483,0,0,0
113000484,0,0,0
113000485,2,0,2
113000486,10,0,10
113000487,0,0,0
113000488,0,0,0
113000489,0,0,0
113000490,0,3,-3
113000491,7,7,0
113000492,3,1,2
113000493,0,0,0
113000495,127,77,50
113000496,178,79,99
113000497,0,0,0
113000499,0,0,0
113000500,0,1,-1
113900001,1,499,-498
113900002,1,37,-36
113900003,1,77,-76
113900004,3,110,-107
113900005,1,191,-190
113900006,1,25,-24
113900007,46,28,18
113900008,23,0,23
113900009,43,0,43
113900010,43,1,42
113900011,71,0,71
113900012,45,2,43
113900013,70,0,70
113900014,843,3,840
113900015,0,117,-117
113900016,69,0,69
113900017,3,50,-47
113900018,267,342,-75
113900019,255,58,197
113900020,246,1,245
113900022,75,1,74
113900023,47,2,45
113900024,94,29,65
113900025,284,22,262
113900026,114,0,114
113900027,12,57,-45
113900028,40,250,-210
113900029,81,125,-44
113900030,272,2,270
113900031,38,2,36
113900032,58,0,58
113900033,48,54,-6
113900035,53,2,51
113900036,29,74,-45
113900037,239,263,-24
113900038,31,118,-87
113900039,207,28,179
113900040,22,52,-30
113900041,13,0,13
113900042,54,40,14
113900043,196,77,119
113900044,226,350,-124
113900045,80,2,78
113900046,365,1274,-909
113900047,101,71,30
113900048,90,164,-74
113900049,277,324,-47
113900050,331,362,-31
113900051,250,233,17
113900052,134,118,16
113900053,741,842,-101
113900054,54,3,51
113900055,125,506,-381
113900056,99,145,-46
113900057,11,37,-26
113900058,110,65,45
113900059,217,245,-28
113900060,153,232,-79
113900061,503,219,284
113900062,174,17,157
113900063,148,119,29
113900064,35,66,-31
113900065,572,19,553
113900066,497,177,320
113900067,267,114,153
113900068,554,563,-9
113900069,56,41,15
113900070,140,272,-132
113900071,83,52,31
113900072,74,104,-30
113900073,360,301,59
113900074,212,195,17
113900075,1213,1687,-474
113900076,183,19,164
113900077,89,138,-49
113900078,48,49,-1
113900079,0,17,-17
113900080,648,221,427
113900081,76,114,-38
113900082,150,175,-25
113900083,633,169,464
113900084,257,110,147
113900085,67,170,-103
113900086,108,24,84
113900087,176,106,70
113900088,89,118,-29
113900089,457,67,390
113900090,737,496,241
113900091,18,15,3
113900092,36,73,-37
113900093,60,963,-903
113900094,668,232,436
113900095,131,181,-50
113900096,387,107,280
113900097,10,66,-56
113900098,867,133,734
113900099,0,34,-34
113900100,0,1,-1
113900101,14,110,-96
113900102,129,137,-8
113900103,296,416,-120
113900104,121,237,-116
113900105,201,104,97
113900106,1,29,-28
113900107,3,18,-15
113900108,151,348,-197
113900109,360,206,154
113900110,109,30,79
113900111,252,67,185
113900112,151,54,97
113900113,1257,432,825
113900114,4,39,-35
113900115,2,41,-39
113900116,73,205,-132
113900117,83,28,55
113900118,223,554,-331
113900119,116,478,-362
113900120,130,69,61
113900121,106,71,35
113900122,424,2785,-2361
113900123,610,185,425
113900124,1,63,-62
113900125,691,134,557
113900126,187,41,146
113900127,404,1016,-612
113900128,168,87,81
113900129,8,205,-197
113900130,3,179,-176
113900131,315,66,249
113900132,30,91,-61
113900133,16,38,-22
113900135,370,268,102
113900136,119,85,34
113900137,337,342,-5
113900138,50,378,-328
113900139,190,298,-108
113900140,75,396,-321
113900141,810,216,594
113900142,235,67,168
113900143,15,75,-60
113900144,81,299,-218
113900145,362,156,206
113900146,277,51,226
113900148,103,423,-320
113900149,162,121,41
113900150,248,373,-125
113900151,555,164,391
113900152,64,60,4
113900153,125,523,-398
113900154,2,100,-98
113900155,150,279,-129
113900156,182,304,-122
113900157,55,294,-239
113900158,180,561,-381
113900159,18,227,-209
113900160,584,424,160
113900161,94,309,-215
113900162,187,878,-691
113900163,273,261,12
113900164,434,39,395
113900165,868,699,169
113900166,82,217,-135
113900167,341,38,303
113900168,68,82,-14
113900169,157,283,-126
113900171,365,82,283
113900172,12,97,-85
113900173,32,292,-260
113900174,467,448,19
113900175,410,158,252
113900176,466,307,159
113900177,299,136,163
113900178,389,265,124
113900179,59,241,-182
113900180,196,71,125
113900181,943,281,662
113900182,732,660,72
113900183,53,62,-9
113900184,13,307,-294
113900185,158,72,86
113900186,95,50,45
113900187,32,111,-79
113900188,46,157,-111
113900189,362,213,149
113900190,162,77,85
113900191,128,158,-30
113900192,3,833,-830
113900193,31,88,-57
113900194,1115,609,506
113900195,230,292,-62
113900196,6,174,-168
113900197,0,71,-71
113900198,26,335,-309
113900199,142,421,-279
113900200,48,180,-132
113900201,0,54,-54
113900202,155,148,7
113900203,0,38,-38
113900204,38,306,-268
113900205,0,72,-72
113900206,9,172,-163
113900207,1,147,-146
113900208,3,47,-44
113900209,0,41,-41
113900210,477,762,-285
113900211,270,84,186
113900212,244,361,-117
113900214,279,467,-188
113900215,79,80,-1
113900216,192,356,-164
113900217,142,184,-42
113900218,180,99,81
113900219,114,616,-502
113900220,140,170,-30
113900221,342,416,-74
113900222,150,650,-500
113900223,285,386,-101
113900224,29,55,-26
113900225,418,130,288
113900226,477,139,338
113900227,461,173,288
113900228,267,683,-416
113900229,59,1057,-998
113900230,2347,3927,-1580
113900231,198,118,80
113900232,196,57,139
113900233,114,62,52
113900234,444,500,-56
113900235,145,41,104
113900236,325,170,155
113900237,310,11,299
113900238,230,600,-370
113900239,46,171,-125
113900240,6,291,-285
113900241,90,93,-3
113900242,28,193,-165
113900243,52,275,-223
113900244,163,197,-34
113900245,746,302,444
113900246,26,30,-4
113900247,88,683,-595
113900248,2117,2073,44
113900249,553,487,66
113900250,42,252,-210
113900251,1019,119,900
113900252,713,25,688
113900253,706,94,612
113900254,691,165,526
113900255,715,18,697
113900256,384,31,353
113900257,31,281,-250
113900258,58,279,-221
113900259,778,111,667
113900260,210,5,205
113900261,101,62,39
113900262,154,363,-209
113900263,109,400,-291
113900264,7,236,-229
113900265,126,374,-248
113900266,36,151,-115
113900267,105,871,-766
113900268,364,558,-194
113900269,84,165,-81
113900270,194,633,-439
113900271,688,603,85
113900273,38,12,26
113900274,89,23,66
113900275,27,62,-35
113900276,2,75,-73
113900277,219,7,212
113900278,220,193,27
113900279,57,60,-3
113900280,1601,598,1003
113900281,457,1576,-1119
113900282,451,613,-162
113900283,388,504,-116
113900284,999,291,708
113900285,177,42,135
113900286,105,117,-12
113900287,137,22,115
113900288,3,105,-102
113900289,379,149,230
113900290,200,385,-185
113900291,77,133,-56
113900292,8,13,-5
113900293,1,165,-164
113900294,685,23,662
113900295,335,396,-61
113900296,1642,429,1213
113900297,2874,65,2809
113900298,14,1314,-1300
113900299,180,55,125
113900300,4279,4457,-178
113900301,627,615,12
113900302,1613,913,700
113900303,260,684,-424
113900304,6,73,-67
113900305,194,0,194
113900306,160,4,156
113900307,16,1,15
113900308,78,134,-56
113900309,1,313,-312
113900310,0,3,-3
113900311,23,1,22
113900312,238,242,-4
113900313,6,2,4
114000001,977,1932,-955
114000002,341,241,100
114000003,79,266,-187
114000004,500,274,226
114000005,468,245,223
114000006,1629,1402,227
114000007,738,931,-193
114000008,1519,1908,-389
114000009,1282,269,1013
114000011,2999,1823,1176
114000012,3370,1271,2099
114000013,2157,1044,1113
114000014,569,197,372
114000015,2662,253,2409
114000016,278,155,123
114000017,142,570,-428
114000018,144,20,124
114000026,2824,872,1952
114000027,4680,1839,2841
114000028,2260,3188,-928
114000038,395,162,233
114000039,99,40,59
114000040,163,298,-135
114000042,137,126,11
114000043,100,30,70
114000044,366,21,345
114000045,55,50,5
114000046,3151,3726,-575
114000047,13,61,-48
114000048,111,35,76
114000049,1810,1505,305
114000050,1863,1743,120
114000051,3011,2022,989
114000052,4478,2563,1915
114000053,138,666,-528
114000054,269,637,-368
114000055,250,68,182
114000056,270,1077,-807
114000057,3778,2243,1535
114000058,118,1568,-1450
114000059,70,496,-426
114000060,616,826,-210
114000061,2058,3100,-1042
114000062,648,1808,-1160
114000063,1166,1285,-119
114000064,2242,3692,-1450
114000065,1183,1761,-578
114000066,524,658,-134
114000067,27,915,-888
114000068,527,844,-317
114000069,1212,648,564
114000070,2182,1881,301
114000071,907,500,407
114000072,760,257,503
114000073,19,33,-14
114000074,62,28,34
114000075,99,57,42
114000076,20,40,-20
114000077,9,20,-11
114000078,462,262,200
114000079,255,55,200
114000080,76,87,-11
114000081,86,69,17
114000082,56,267,-211
114000083,93,149,-56
114000084,399,96,303
114000085,83,310,-227
114000086,319,224,95
114000087,238,70,168
114000088,47,30,17
114000089,457,312,145
114000090,1058,1087,-29
114000091,1371,931,440
114000092,793,468,325
114000093,1556,859,697
114000094,395,325,70
114000095,355,188,167
114000096,97,228,-131
114000097,129,287,-158
114000098,668,140,528
114000099,972,179,793
114000100,2081,472,1609
114000101,507,343,164
114000102,802,286,516
114000103,136,204,-68
114000104,112,198,-86
114000105,284,136,148
114000106,795,1919,-1124
114000107,676,122,554
114000108,766,818,-52
114000109,790,1386,-596
114000110,548,758,-210
114000111,2363,1125,1238
114000112,479,1068,-589
114000113,1359,705,654
114000114,877,760,117
114000115,2244,1253,991
114000116,1205,1078,127
114000117,4654,637,4017
114000118,3533,677,2856
114000119,2533,549,1984
114000120,676,585,91
114000121,499,745,-246
114000122,478,395,83
114000123,2845,495,2350
114000124,1266,414,852
114000125,981,903,78
114000126,3627,274,3353
114000127,279,181,98
114000128,930,310,620
114000130,458,504,-46
114000131,419,211,208
114000132,672,447,225
114000133,667,1146,-479
114000134,103,46,57
114000138,57,140,-83
114000139,506,430,76
114000144,777,816,-39
114000145,59,94,-35
114000146,151,91,60
114000147,1564,2768,-1204
114000148,1255,1859,-604
114000149,325,368,-43
114000150,323,536,-213
114000151,564,1709,-1145
114000152,110,69,41
114000153,619,2143,-1524
114000154,780,541,239
114000155,1438,2505,-1067
114000156,805,743,62
114000157,256,1199,-943
114000158,982,833,149
114000159,90,458,-368
114000160,85,565,-480
114000161,1083,3103,-2020
114000162,1445,3045,-1600
114000163,54,75,-21
114000165,715,429,286
114000166,625,516,109
114000167,2142,1484,658
114000168,389,493,-104
114000169,1339,1980,-641
114000170,969,1224,-255
114000171,1786,3187,-1401
114000174,172,422,-250
114000176,358,513,-155
114000177,1021,581,440
114000178,54,54,0
114000179,979,696,283
114000180,341,520,-179
114000181,1905,4766,-2861
114000182,1561,2169,-608
114000183,663,618,45
114000184,458,679,-221
114000185,1327,756,571
114000189,1511,251,1260
114000190,3741,578,3163
114000191,77,175,-98
114000192,142,950,-808
114000193,384,1271,-887
114000194,1467,692,775
114000195,222,91,131
114000196,1,92,-91
114000197,2139,19,2120
114000198,721,350,371
114000199,1669,2055,-386
114000200,577,962,-385
114000201,138,528,-390
114000202,1304,368,936
114000203,519,424,95
114000204,191,392,-201
114000205,193,1052,-859
114000206,739,1102,-363
114000207,454,939,-485
114000208,521,1371,-850
114000209,425,1182,-757
114000210,181,726,-545
114000211,1223,1481,-258
114000212,905,900,5
114000213,1564,415,1149
114000214,107,127,-20
114000215,232,79,153
114000216,2087,365,1722
114000217,489,217,272
114000218,206,154,52
114000219,1397,154,1243
114000220,19,525,-506
114000221,1050,202,848
114000222,125,591,-466
114000223,632,148,484
114000224,79,295,-216
114000225,277,456,-179
114000226,239,233,6
114000227,880,479,401
114000228,894,551,343
114000229,1573,988,585
114000230,1795,828,967
114000231,1144,1279,-135
114000232,1046,191,855
114000233,2839,169,2670
114000234,1024,670,354
114000235,1281,1050,231
114000236,0,265,-265
114000237,113,598,-485
114000238,222,242,-20
114000239,154,763,-609
114000240,980,962,18
114000241,220,654,-434
114000242,706,642,64
114000243,2088,923,1165
114000244,1403,305,1098
114000245,490,743,-253
114000246,119,50,69
114000247,1402,503,899
114000248,1398,613,785
114000249,536,522,14
114000250,660,498,162
114000251,557,200,357
114000252,62,33,29
114000253,88,117,-29
114000254,78,36,42
114000255,522,196,326
114000256,539,2338,-1799
114000257,365,702,-337
114000258,437,257,180
114000259,257,183,74
114000260,0,22,-22
114000261,46,59,-13
114000262,485,122,363
114000263,17,3,14
114000264,1626,358,1268
114000265,0,14,-14
114000267,3,1538,-1535
114000268,28,660,-632
114000270,257,9,248
114000271,305,54,251
114000283,1842,369,1473
114000285,24,121,-97
114000288,109,237,-128
114000289,1839,149,1690
114000293,292,615,-323
114000294,145,281,-136
114000395,1470,15,1455
114000396,812,745,67
114000402,859,218,641
114000403,420,230,190
114000405,228,168,60
114000423,462,212,250
114000424,611,172,439
114000425,1273,208,1065
114000426,335,933,-598
114000427,78,48,30
114000428,117,206,-89
114000429,18,123,-105
114000432,120,45,75
114000434,18,52,-34
114000435,11,154,-143
114000436,1680,525,1155
114000437,519,5285,-4766
114900001,778,445,333
114900002,963,264,699
114900003,888,703,185
114900004,295,527,-232
114900005,658,441,217
114900006,197,78,119
114900007,485,30,455
114900008,304,129,175
114900010,1022,2025,-1003
114900011,347,170,177
114900013,360,195,165
114900015,119,646,-527
114900018,1190,24,1166
114900020,267,80,187
114900022,11,481,-470
114900024,372,131,241
114900025,649,172,477
114900026,92,172,-80
114900027,293,184,109
114900029,38,22,16
114900030,412,206,206
114900031,478,34,444
114900032,550,22,528
114900033,651,1443,-792
114900034,36,88,-52
114900035,125,304,-179
114900036,208,327,-119
114900037,112,128,-16
114900038,250,288,-38
114900039,594,247,347
114900040,105,78,27
114900041,1130,262,868
114900042,1292,324,968
114900043,439,194,245
114900044,182,57,125
114900046,47,85,-38
114900047,232,2849,-2617
114900048,106,185,-79
114900049,10,88,-78
114900050,89,183,-94
114900051,36,211,-175
114900052,185,288,-103
114900053,314,207,107
114900054,46,71,-25
114900057,263,29,234
114900058,0,66,-66
114900059,125,106,19
114900060,383,803,-420
114900061,146,69,77
114900062,198,259,-61
114900063,88,100,-12
114900064,2540,289,2251
114900065,601,638,-37
114900067,54,335,-281
114900068,46,88,-42
114900069,147,75,72
114900070,758,263,495
114900072,4,238,-234
114900073,0,157,-157
114900074,1022,258,764
114900075,518,21,497
114900076,15,326,-311
114900080,1088,283,805
114900082,2635,2995,-360
114900083,796,1097,-301
114900090,563,260,303
114900091,119,147,-28
114900095,288,73,215
114900096,343,492,-149
114900097,231,0,231
114900098,5,127,-122
114900099,275,12,263
115000001,3655,1982,1673
115000002,4223,4937,-714
115000003,4054,1613,2441
115000004,5032,6523,-1491
115000005,1334,1597,-263
115000006,1125,1554,-429
115000007,136,189,-53
115000008,467,563,-96
115000009,327,234,93
115000010,273,181,92
115000013,42,203,-161
115000015,40,221,-181
115000016,196,370,-174
115000019,30,478,-448
115000020,164,1077,-913
115000021,173,385,-212
115000022,580,362,218
115000023,342,714,-372
115000024,980,377,603
115000025,927,849,78
115000026,211,302,-91
115000027,313,402,-89
115000028,252,682,-430
115000029,777,121,656
115000030,894,1014,-120
115000031,1291,483,808
115000032,7,199,-192
115000033,263,37,226
115000034,87,1159,-1072
115000035,1223,73,1150
115000036,2,404,-402
115000037,681,23,658
115000038,51,153,-102
115000039,2566,4016,-1450
115000040,3683,2316,1367
115000041,1789,4130,-2341
115000042,1028,623,405
115000043,4197,2651,1546
115000044,3530,2734,796
115000045,2464,1056,1408
115000046,2912,2464,448
115000047,2775,1328,1447
115000048,1662,1432,230
115000049,1349,2520,-1171
115000050,3450,1771,1679
115000051,1600,3554,-1954
115000052,1111,1466,-355
115000053,2232,2255,-23
115000054,539,833,-294
115000055,248,969,-721
115000056,224,657,-433
115000057,655,1258,-603
115000058,409,409,0
115000059,374,165,209
115000061,100,163,-63
115000062,227,290,-63
115000063,475,339,136
115000064,277,63,214
115000065,75,531,-456
115000067,169,20,149
115000069,133,279,-146
115000070,55,989,-934
115000071,105,32,73
115000072,5,70,-65
115000073,1767,78,1689
115000075,149,52,97
115000076,2428,1968,460
115000077,2469,1421,1048
115000078,1710,899,811
115000079,1541,1262,279
115000080,2891,1598,1293
115000081,351,778,-427
115000082,4744,4214,530
115000083,1947,1229,718
115000084,3326,1004,2322
115000085,1119,738,381
115000086,1492,735,757
115000087,410,1253,-843
115000088,1803,652,1151
115000089,1114,1108,6
115000090,426,799,-373
115000091,244,569,-325
115000092,832,525,307
115000093,656,6,650
115000094,4845,6364,-1519
115000095,3838,7071,-3233
115000096,991,931,60
115000097,1749,1194,555
115000098,1643,564,1079
115000099,3327,1640,1687
115000100,1599,351,1248
115000101,586,1131,-545
115000102,569,286,283
115000103,350,447,-97
115000105,94,104,-10
115000106,772,409,363
115000107,270,289,-19
115000108,2102,1788,314
115000109,3568,5897,-2329
115000110,1397,2345,-948
115000111,634,1199,-565
115000112,947,1101,-154
115000113,741,828,-87
115000114,1638,626,1012
115000116,3174,2629,545
115000117,2657,2783,-126
115000118,2630,2082,548
115000119,1890,2215,-325
115000120,635,1376,-741
115000121,862,915,-53
115000122,1178,2000,-822
115000123,847,2469,-1622
115000124,734,1172,-438
115000125,423,703,-280
115000126,147,294,-147
115000127,296,124,172
115000128,383,730,-347
115000129,163,500,-337
115000130,585,491,94
115000131,997,217,780
115000132,632,303,329
115000133,913,224,689
115000134,652,297,355
115000135,443,193,250
115000136,341,244,97
115000137,142,173,-31
115000138,452,251,201
115000139,311,161,150
115000140,534,233,301
115000141,297,121,176
115000142,224,120,104
115000143,1114,579,535
115000144,572,58,514
115000145,262,224,38
115000146,768,401,367
115000147,457,339,118
115000148,377,513,-136
115000149,748,224,524
115000150,727,493,234
115000151,1365,606,759
115000152,685,515,170
115000153,1410,675,735
115000154,1014,309,705
115000155,739,648,91
115000156,999,900,99
115000157,526,716,-190
115000158,373,425,-52
115000159,531,588,-57
115000160,535,709,-174
115000161,653,493,160
115000162,572,894,-322
115000163,546,721,-175
115000164,616,669,-53
115000165,329,616,-287
115000167,119,74,45
115000168,496,395,101
115000169,476,647,-171
115000170,79,127,-48
115000171,184,263,-79
115000172,808,572,236
115000173,275,748,-473
115000174,69,364,-295
115000175,148,191,-43
115000176,137,167,-30
115000177,99,298,-199
115000178,22,185,-163
115000179,33,68,-35
115000180,176,359,-183
115000181,907,157,750
115000182,1223,239,984
115000183,552,490,62
115000186,678,240,438
115000187,287,600,-313
115000188,499,602,-103
115000189,217,419,-202
115000190,734,486,248
115000191,184,568,-384
115000194,108,192,-84
115000195,193,359,-166
115000196,338,95,243
115000197,366,166,200
115000198,573,166,407
115000199,544,128,416
115000200,512,99,413
115000201,202,286,-84
115000206,559,62,497
115000207,313,236,77
115000208,333,685,-352
115000209,834,450,384
115000210,195,155,40
115000211,206,295,-89
115000212,939,384,555
115000224,296,66,230
115000225,68,97,-29
115000229,155,124,31
115000230,72,563,-491
115000231,308,935,-627
115000232,2226,264,1962
115000233,170,190,-20
115000234,35,307,-272
115000241,122,179,-57
115000242,189,155,34
115000243,61,149,-88
115000244,9,130,-121
115000246,52,30,22
115000247,38,33,5
115000248,53,20,33
115000249,16,12,4
115000250,310,26,284
115000251,343,87,256
115000252,111,194,-83
115000253,51,485,-434
115000258,294,74,220
115000259,354,112,242
115000261,48,8,40
115000262,17,21,-4
115000263,12,31,-19
115000264,43,17,26
115000267,118,92,26
115000268,51,120,-69
115000269,131,68,63
115000270,15,13,2
115000272,95,96,-1
115000273,641,52,589
115000280,1818,272,1546
115000281,305,744,-439
115000282,967,1537,-570
115000284,174,153,21
115000296,1123,9,1114
115000297,114,226,-112
115000298,64,491,-427
115000300,238,119,119
115000302,695,117,578
115000303,1038,85,953
115000304,1119,51,1068
115000305,96,280,-184
115000306,269,161,108
115000307,149,148,1
115000308,22,33,-11
115000309,28,85,-57
115000310,1420,553,867
115000311,1505,1151,354
115000313,161,229,-68
115000314,769,184,585
115000315,519,723,-204
115000316,128,171,-43
115000317,236,392,-156
115000318,940,351,589
115000319,59,212,-153
115000320,25,341,-316
115000321,442,13,429
115000322,63,157,-94
115000449,205,142,63
115000557,9,1774,-1765
115000558,300,129,171
115000587,630,360,270
115000588,1703,2010,-307
115000589,3679,2113,1566
115000590,1009,1369,-360
115000591,2085,915,1170
115000592,515,1561,-1046
115000593,1373,800,573
115000594,413,2290,-1877
115000609,156,129,27
115000617,657,3077,-2420
115000624,420,29,391
115000633,550,1631,-1081
115000634,3264,775,2489
115000635,752,109,643
115000638,405,432,-27
115000641,33,206,-173
115000642,360,316,44
115000643,135,296,-161
115000644,141,349,-208
115000646,1012,1758,-746
115000647,224,549,-325
115000648,2745,1301,1444
115000893,1466,1304,162
115000894,152,728,-576
115000895,208,616,-408
115000896,1059,362,697
115000897,487,168,319
115000898,515,300,215
115000899,235,1399,-1164
115000900,43,263,-220
115000901,64,195,-131
115000912,516,147,369
115000913,5,10,-5
115000915,15,2,13
115000916,6,0,6
115000917,0,6,-6
115000918,55,901,-846
115000919,7,18,-11
115000920,14,57,-43
115000921,363,84,279
115000922,390,784,-394
115000923,108,1079,-971
115000925,133,137,-4
115000927,35,80,-45
115000933,71,203,-132
115000934,192,142,50
115000935,211,53,158
115000936,22,575,-553
115000937,87,57,30
115000938,10,90,-80
115000939,4,65,-61
115900001,171,14,157
115900002,107,97,10
115900003,269,33,236
115900004,0,26,-26
115900005,336,10,326
115900006,179,130,49
115900008,94,15,79
115900009,81,159,-78
115900010,504,89,415
115900011,425,214,211
115900012,236,38,198
115900013,339,166,173
115900014,144,140,4
115900015,179,32,147
115900016,148,41,107
115900017,34,22,12
115900018,154,52,102
115900019,327,21,306
115900020,199,8,191
115900021,868,287,581
115900022,577,10,567
115900023,11,8,3
115900025,58,391,-333
115900026,761,115,646
115900027,0,129,-129
115900028,490,69,421
115900029,17,262,-245
115900030,56,49,7
115900031,163,524,-361
115900032,460,525,-65
115900033,0,74,-74
115900034,42,217,-175
115900035,42,51,-9
115900036,27,1288,-1261
115900037,44,182,-138
115900038,73,24,49
115900039,215,149,66
115900041,210,911,-701
115900042,71,13,58
115900043,183,31,152
115900044,211,250,-39
115900046,457,163,294
115900047,144,270,-126
115900049,220,177,43
115900051,5,23,-18
115900052,9,136,-127
115900053,436,152,284
115900054,447,27,420
115900055,43,102,-59
115900056,275,162,113
115900057,16,11,5
115900058,39,62,-23
115900060,143,154,-11
115900061,374,8,366
115900062,68,119,-51
115900063,66,13,53
115900064,204,226,-22
115900065,165,87,78
115900066,98,107,-9
115900067,19,248,-229
115900068,1708,1240,468
115900069,142,162,-20
115900070,242,51,191
115900071,0,171,-171
115900072,26,123,-97
115900073,176,154,22
115900074,4,128,-124
115900075,49,153,-104
115900076,4,44,-40
115900077,7,129,-122
115900078,102,143,-41
115900079,489,16,473
115900080,246,143,103
115900081,25,61,-36
115900082,128,155,-27
115900084,684,34,650
115900085,59,63,-4
115900086,1095,518,577
115900088,12,56,-44
115900089,525,424,101
115900090,638,10,628
115900091,10,46,-36
115900092,67,88,-21
115900093,22,12,10
115900094,3,95,-92
115900096,5,5,0
115900097,11,171,-160
115900098,319,204,115
115900099,89,46,43
115900100,12,248,-236
115900101,228,146,82
115900102,146,89,57
115900103,398,152,246
115900104,89,80,9
115900105,513,278,235
115900106,155,17,138
115900107,145,71,74
115900108,226,21,205
115900109,50,216,-166
115900110,17,9,8
115900111,0,67,-67
115900112,48,579,-531
115900113,108,20,88
115900114,3,122,-119
115900115,121,191,-70
115900116,83,502,-419
115900117,118,7,111
115900118,2,138,-136
115900119,199,131,68
115900120,43,225,-182
115900121,338,138,200
115900124,363,945,-582
115900125,513,70,443
115900126,1156,102,1054
115900127,1000,66,934
115900128,8,89,-81
115900129,882,59,823
115900130,15,283,-268
115900131,547,46,501
115900132,846,6,840
115900134,479,8,471
115900135,287,1151,-864
115900137,39,7,32
115900139,18,90,-72
115900140,453,46,407
115900141,2,49,-47
115900142,16,38,-22
115900143,326,404,-78
115900144,174,226,-52
115900146,19,49,-30
115900147,286,332,-46
115900148,148,22,126
115900149,204,10,194
115900150,136,10,126
115900151,31,103,-72
115900152,166,195,-29
115900153,152,136,16
115900154,289,371,-82
115900155,0,29,-29
115900156,723,1017,-294
115900157,288,502,-214
115900158,16,9,7
115900159,274,147,127
115900160,4,4,0
115900161,59,248,-189
115900163,294,164,130
115900164,740,32,708
115900165,5,142,-137
115900166,233,128,105
115900168,174,103,71
115900171,88,391,-303
115900172,64,96,-32
115900173,268,95,173
115900174,204,215,-11
115900175,176,185,-9
115900178,9,308,-299
115900179,508,13,495
115900180,62,78,-16
115900181,205,81,124
115900182,617,102,515
115900183,23,80,-57
115900184,522,3,519
115900187,6,152,-146
115900189,0,226,-226
115900190,235,1112,-877
115900191,35,178,-143
115900192,10,141,-131
115900193,231,122,109
115900194,889,78,811
115900195,427,2758,-2331
115900198,309,346,-37
115900199,342,129,213
115900200,204,215,-11
115900201,347,272,75
115900202,1,99,-98
115900203,7,20,-13
115900204,2,10,-8
115900205,50,22,28
115900206,304,130,174
115900207,109,11,98
115900208,205,76,129
115900209,6,104,-98
115900210,8,171,-163
115900211,2,100,-98
115900212,205,187,18
115900213,86,144,-58
115900214,697,144,553
115900215,38,285,-247
115900216,1,122,-121
115900217,4,19,-15
115900218,3,10,-7
115900219,195,2,193
115900220,334,4,330
115900221,197,16,181
115900222,141,41,100
115900223,18,651,-633
115900224,596,1842,-1246
115900225,62,69,-7
115900226,31,52,-21
115900227,40,50,-10
115900228,15,20,-5
115900229,6,24,-18
115900230,34,112,-78
115900231,134,5,129
115900232,83,3,80
115900233,117,8,109
115900234,64,33,31
115900235,41,44,-3
115900236,34,41,-7
115900237,40,13,27
115900238,32,15,17
115900239,22,25,-3
115900240,15,50,-35
115900241,330,88,242
115900242,221,369,-148
115900243,15,7,8
115900244,23,5,18
115900245,61,8,53
115900246,15,25,-10
115900247,15,16,-1
115900248,14,4,10
115900249,5,21,-16
115900250,24,29,-5
115900251,6,3,3
115900252,2,3,-1
115900253,18,26,-8
115900254,12,24,-12
115900255,0,24,-24
115900256,19,21,-2
115900257,7,11,-4
115900258,0,0,0
115900259,11,1,10
115900260,6,3,3
115900261,9,2,7
115900262,6,0,6
115900263,16,5,11
115900264,37,5,32
115900265,5,8,-3
115900266,5,19,-14
115900267,3,22,-19
115900268,11,20,-9
115900269,736,227,509
115900270,625,130,495
115900271,155,0,155
115900272,77,2,75
115900273,44,26,18
115900274,1,9,-8
115900275,2,7,-5
115900276,0,16,-16
115900277,0,25,-25
115900278,49,119,-70
115900279,19,205,-186
115900280,24,661,-637
115900281,167,324,-157
115900282,1,15,-14
116000001,5245,2742,2503
116000002,4853,14225,-9372
116000003,1018,1192,-174
116000004,3032,5341,-2309
116000005,1498,2523,-1025
116000006,2611,3736,-1125
116000007,1997,2186,-189
116000008,4383,3005,1378
116000009,1171,1324,-153
116000010,2811,1948,863
116000011,700,1086,-386
116000012,2012,1311,701
116000013,4472,3614,858
116000014,7625,17156,-9531
116000015,201,1581,-1380
116000016,4803,4990,-187
116000017,43,1030,-987
116000018,653,413,240
116000019,968,407,561
116000020,817,1151,-334
116000021,819,365,454
116000022,549,410,139
116000023,1603,1156,447
116000024,583,912,-329
116000025,1087,1037,50
116000026,1659,2898,-1239
116000027,799,743,56
116000028,506,1261,-755
116000029,542,718,-176
116000030,811,703,108
116000031,178,280,-102
116000032,429,165,264
116000033,509,525,-16
116000034,938,860,78
116000035,503,623,-120
116000036,859,2083,-1224
116000037,337,573,-236
116000038,255,766,-511
116000039,312,1073,-761
116000040,614,767,-153
116000041,122,804,-682
116000042,773,658,115
116000043,100,627,-527
116000044,16,16,0
116000045,2033,1704,329
116000046,1086,1650,-564
116000047,1698,2570,-872
116000048,2308,1847,461
116000049,1797,3675,-1878
116000050,1564,1498,66
116000051,6107,3572,2535
116000052,5814,5333,481
116000053,2447,746,1701
116000054,975,2624,-1649
116000055,924,922,2
116000056,1194,1136,58
116000057,2910,1618,1292
116000058,3778,3686,92
116000059,2681,5579,-2898
116000060,1787,1167,620
116000061,324,1027,-703
116000062,462,232,230
116000063,608,1369,-761
116000066,314,817,-503
116000067,207,384,-177
116000068,184,298,-114
116000069,286,295,-9
116000078,573,1154,-581
116000080,1928,717,1211
116000082,3,24,-21
116000083,1874,514,1360
116000084,1654,2250,-596
116000085,2213,2246,-33
116000086,1033,598,435
116000087,2778,2220,558
116000088,875,958,-83
116000089,196,83,113
116000090,133,148,-15
116000091,313,378,-65
116000093,967,931,36
116000094,921,464,457
116000095,1183,824,359
116000096,1016,1552,-536
116000097,1564,640,924
116000098,50,7815,-7765
116000099,4822,197,4625
116000100,329,21,308
116000101,1315,500,815
116000102,299,767,-468
116000103,635,367,268
116000104,314,955,-641
116000105,1356,161,1195
116000106,572,863,-291
116000107,3444,253,3191
116000108,226,191,35
116000111,196,45,151
116000113,254,163,91
116000114,35,122,-87
116000115,572,203,369
116000116,293,315,-22
116000117,1841,1649,192
116000118,1779,1085,694
116000119,4308,1763,2545
116000120,2901,2854,47
116000121,1314,604,710
116000122,1109,1037,72
116000123,1677,639,1038
116000124,421,729,-308
116000125,3774,932,2842
116000126,345,850,-505
116000127,908,748,160
116000128,2432,1107,1325
116000129,1792,208,1584
116000130,897,717,180
116000133,1603,785,818
116000134,1629,1216,413
116000135,3338,1473,1865
116000136,950,1354,-404
116000137,1293,729,564
116000138,1206,718,488
116000139,1879,2571,-692
116000140,142,167,-25
116000141,428,349,79
116000142,2716,1757,959
116000143,1951,1763,188
116000144,1542,1406,136
116000145,2048,1001,1047
116000146,868,91,777
116000147,243,184,59
116000148,875,837,38
116000149,908,1140,-232
116000151,559,361,198
116000153,138,306,-168
116000155,265,271,-6
116000156,709,1172,-463
116000157,101,15,86
116000158,531,362,169
116000159,20,22,-2
116000160,35,93,-58
116000161,4,138,-134
116000162,82,204,-122
116000163,66,19,47
116000164,12,35,-23
116000177,194,99,95
116000194,105,399,-294
116000195,1404,619,785
116000196,46,6,40
116000197,36,12,24
116000198,2474,1296,1178
116000200,741,863,-122
116000201,771,685,86
116000202,6,182,-176
116000203,0,74,-74
116000204,27,42,-15
116000205,0,146,-146
116000206,3,145,-142
116000207,22,34,-12
116000233,197,345,-148
116000287,269,250,19
116000288,489,210,279
116000292,78,101,-23
116000296,8,104,-96
116000297,87,10,77
116000304,208,23,185
116000305,11,34,-23
116000346,205,107,98
116000352,138,86,52
116000354,56,17,39
116000357,21,36,-15
116000358,551,92,459
116000361,44,1,43
116000372,3048,6231,-3183
116000381,127,2,125
116000388,3,56,-53
116000389,1017,660,357
116000445,779,332,447
116000446,805,356,449
116000447,18,629,-611
116000448,599,145,454
116000563,849,1169,-320
116000565,55,292,-237
116000568,59,463,-404
116000579,28,108,-80
116000584,32,9,23
116000585,66,26,40
116000586,95,158,-63
116000587,456,534,-78
116000589,48,50,-2
116000590,107,66,41
116000591,311,166,145
116000592,5,75,-70
116000593,0,11,-11
116000594,1017,238,779
116000595,901,91,810
116000596,181,2,179
116000597,625,180,445
116000598,26,117,-91
116000602,35,536,-501
116000605,208,135,73
116000606,88,305,-217
116000607,4,68,-64
116000609,140,1077,-937
116000611,224,298,-74
116000612,1061,1870,-809
116000613,846,270,576
116000614,448,345,103
116000615,3,401,-398
116000616,88,96,-8
116000617,127,19,108
116000618,7,45,-38
116000619,65,90,-25
116000620,203,97,106
116000621,88,134,-46
116000622,71,145,-74
116000624,394,61,333
116000627,48,16,32
116000628,45,169,-124
116000629,23,160,-137
116000630,465,36,429
116000631,159,22,137
116000632,717,131,586
116000633,46,217,-171
116000634,814,16,798
116000635,1576,2086,-510
116000636,168,860,-692
116000637,18,0,18
116000638,1,21,-20
116900001,343,167,176
116900002,263,1,262
116900003,77,20,57
116900004,44,113,-69
116900005,334,59,275
116900006,66,166,-100
116900007,126,241,-115
116900008,676,144,532
116900009,29,10,19
116900010,26,843,-817
116900011,20,32,-12
116900012,352,327,25
116900013,1,106,-105
116900014,242,89,153
116900015,709,48,661
116900016,320,2,318
116900017,1,359,-358
116900018,147,51,96
116900019,2,161,-159
116900020,549,1807,-1258
116900023,101,19,82
116900024,873,52,821
116900025,1726,568,1158
116900026,122,430,-308
116900027,37,32,5
116900028,2,61,-59
116900029,0,124,-124
116900031,3,3,0
116900032,2,189,-187
116900033,25,7,18
116900034,6,47,-41
116900035,200,141,59
116900036,3,131,-128
116900038,87,6,81
116900041,110,12,98
116900042,280,243,37
116900043,44,73,-29
116900045,327,128,199
116900047,22,215,-193
116900049,48,238,-190
116900050,145,289,-144
116900051,265,128,137
116900052,199,94,105
116900055,0,11,-11
116900057,36,159,-123
116900058,31,250,-219
116900059,1,58,-57
116900060,180,153,27
116900062,2,18,-16
116900064,155,228,-73
116900065,38,84,-46
116900067,169,40,129
116900068,171,253,-82
116900070,12,11,1
116900072,51,218,-167
116900073,13,64,-51
116900074,6,49,-43
116900076,26,54,-28
116900077,10,49,-39
116900078,179,71,108
116900079,59,193,-134
116900080,24,38,-14
116900081,335,860,-525
116900082,348,985,-637
116900083,31,19,12
116900084,78,68,10
116900085,18,101,-83
116900086,64,155,-91
116900088,402,110,292
116900090,46,32,14
116900091,481,24,457
116900092,92,437,-345
116900093,2578,1895,683
116900094,3169,5273,-2104
116900095,176,173,3
116900096,132,624,-492
116900097,1746,4111,-2365
116900098,802,500,302
116900099,455,999,-544
116900100,1178,68,1110
116900101,241,404,-163
116900103,10,0,10
116900104,53,101,-48
116900105,373,274,99
116900106,2908,91,2817
116900107,1728,2830,-1102
116900110,45,1,44
116900111,866,356,510
116900112,359,537,-178
116900113,1031,1918,-887
116900116,62,833,-771
116900117,167,100,67
116900118,773,874,-101
116900120,562,78,484
116900121,257,21,236
116900122,1489,421,1068
116900123,311,394,-83
116900124,192,710,-518
116900125,800,170,630
116900126,88,628,-540
116900128,0,41,-41
116900129,5,267,-262
116900130,576,4760,-4184
116900131,110,323,-213
116900132,87,124,-37
116900133,239,97,142
116900134,392,223,169
116900136,276,256,20
116900137,247,150,97
116900138,241,144,97
116900139,163,320,-157
116900140,252,115,137
116900141,729,342,387
116900142,3,115,-112
116900143,428,259,169
116900144,54,108,-54
116900145,89,196,-107
116900147,334,1389,-1055
116900148,10,78,-68
116900149,105,342,-237
116900150,18,21,-3
116900151,58,28,30
116900153,201,136,65
116900154,236,732,-496
116900155,112,95,17
116900157,884,167,717
116900158,91,345,-254
116900159,59,393,-334
116900160,1144,1262,-118
116900161,4560,8791,-4231
116900162,22,75,-53
116900163,312,98,214
116900164,56,95,-39
116900165,469,533,-64
116900166,65,46,19
116900167,564,81,483
116900168,550,67,483
116900169,440,1133,-693
116900170,595,683,-88
116900171,52,182,-130
116900172,136,660,-524
116900173,293,41,252
116900174,117,77,40
116900175,264,440,-176
116900178,86,145,-59
116900179,101,484,-383
116900180,89,23,66
116900182,734,322,412
116900183,269,122,147
116900185,58,81,-23
116900186,72,143,-71
116900187,63,84,-21
116900188,157,37,120
116900189,51,0,51
116900191,391,710,-319
116900192,414,144,270
116900194,199,1885,-1686
116900195,56,34,22
116900196,24,48,-24
116900197,157,29,128
116900198,151,329,-178
116900200,101,25,76
116900201,233,17,216
116900202,99,27,72
116900203,189,13,176
116900204,67,105,-38
116900206,7,3,4
116900207,45,35,10
116900208,10,58,-48
116900209,26,62,-36
116900210,708,401,307
116900211,352,3,349
116900212,163,20,143
116900213,338,107,231
116900214,260,166,94
116900215,77,58,19
116900216,378,179,199
116900218,7,189,-182
116900219,889,312,577
116900220,188,346,-158
116900221,176,309,-133
116900222,570,433,137
116900223,135,331,-196
116900226,180,34,146
116900227,184,43,141
116900228,364,143,221
116900230,65,158,-93
116900231,46,251,-205
116900232,51,221,-170
116900233,395,135,260
116900234,34,19,15
116900235,203,235,-32
116900238,1188,214,974
116900239,62,1514,-1452
116900240,3677,3215,462
116900241,226,68,158
116900242,269,914,-645
116900243,3,64,-61
116900245,71,62,9
116900246,172,10,162
116900247,1162,57,1105
116900248,130,61,69
116900249,624,68,556
116900250,515,39,476
116900251,333,845,-512
116900252,201,556,-355
116900253,187,62,125
116900254,54,78,-24
116900255,165,126,39
116900256,617,125,492
116900257,37,306,-269
116900258,14,141,-127
116900259,438,13,425
116900260,5,57,-52
116900261,134,2,132
116900262,223,140,83
116900263,0,15,-15
116900264,0,11,-11
116900265,75,1,74
116900266,37,42,-5
116900267,7,1,6
116900268,301,270,31
116900269,390,821,-431
116900271,740,369,371
116900272,340,241,99
116900273,59,163,-104
116900274,151,31,120
116900275,341,77,264
116900276,513,202,311
116900277,415,52,363
116900278,1,12,-11
116900279,1,12,-11
116900280,60,12,48
116900281,3845,6095,-2250
116900282,5,59,-54
116900283,8,51,-43
116900284,11,112,-101
116900285,165,197,-32
116900286,155,33,122
116900287,11,25,-14
116900288,130,66,64
116900289,17,5,12
116900290,12,7,5
116900291,57,5,52
116900292,0,26,-26
116900293,146,22,124
116900294,27,150,-123
116900295,107,198,-91
116900296,47,127,-80
116900297,9,79,-70
116900298,43,179,-136
116900299,20,175,-155
116900300,5,262,-257
116900301,24,279,-255
116900302,8,82,-74
116900303,63,119,-56
116900304,1,196,-195
116900305,11,44,-33
116900306,306,46,260
117000001,2983,2059,924
117000002,1751,3498,-1747
117000003,6439,3689,2750
117000004,2257,3984,-1727
117000005,3153,2213,940
117000006,1010,2134,-1124
117000007,5453,1373,4080
117000008,934,2449,-1515
117000009,5062,1999,3063
117000010,1862,2547,-685
117000011,2975,1611,1364
117000012,1384,911,473
117000013,2114,910,1204
117000014,1208,1903,-695
117000015,2961,1410,1551
117000016,193,231,-38
117000017,133,248,-115
117000018,135,1077,-942
117000019,59,5,54
117000020,451,2216,-1765
117000021,979,366,613
117000022,224,298,-74
117000023,84,280,-196
117000024,193,444,-251
117000025,241,1616,-1375
117000026,1678,2100,-422
117000027,812,4042,-3230
117000028,1016,2830,-1814
117000030,245,458,-213
117000031,353,335,18
117000032,1191,1388,-197
117000033,1739,1026,713
117000034,418,262,156
117000035,544,411,133
117000036,438,347,91
117000037,430,229,201
117000038,187,482,-295
117000039,490,328,162
117000040,230,632,-402
117000041,1456,135,1321
117000044,21,379,-358
117000045,598,153,445
117000046,345,644,-299
117000047,827,770,57
117000048,1462,717,745
117000049,144,701,-557
117000050,167,1050,-883
117000051,3150,83,3067
117000052,65,217,-152
117000053,736,58,678
117000054,2064,10,2054
117000055,5,1873,-1868
117000056,877,40,837
117000057,466,2046,-1580
117000060,511,1206,-695
117000061,2585,1258,1327
117000062,267,599,-332
117000063,2294,1284,1010
117000064,345,442,-97
117000066,610,843,-233
117000067,100,689,-589
117000074,99,219,-120
117000076,88,45,43
117000077,147,206,-59
117000078,146,609,-463
117000079,677,269,408
117000080,6,407,-401
117000081,1296,157,1139
117000082,9,53,-44
117000083,144,19,125
117000084,190,0,190
117000085,425,990,-565
117000086,894,351,543
117000087,93,544,-451
117000088,349,129,220
117000089,2347,232,2115
117000090,379,943,-564
117000091,1134,311,823
117000092,565,903,-338
117000093,1855,802,1053
117000094,1256,1781,-525
117000095,4502,922,3580
117000096,790,1638,-848
117000097,2079,1055,1024
117000098,2035,2815,-780
117000099,5525,1350,4175
117000100,285,419,-134
117000101,146,751,-605
117000102,2686,759,1927
117000103,611,1217,-606
117000104,2089,720,1369
117000105,676,1124,-448
117000106,1975,669,1306
117000107,524,1404,-880
117000108,2757,1063,1694
117000109,1030,1801,-771
117000110,2300,1618,682
117000111,3793,3922,-129
117000112,4257,1640,2617
117000113,188,167,21
117000114,310,161,149
117000115,79,92,-13
117000116,167,211,-44
117000117,1472,1433,39
117000118,302,131,171
117000119,118,340,-222
117000120,112,935,-823
117000121,21,1091,-1070
117000122,350,959,-609
117000123,2033,87,1946
117000124,118,165,-47
117000125,148,540,-392
117000126,21,30,-9
117000127,152,380,-228
117000128,161,1026,-865
117000129,110,123,-13
117000130,33,1,32
117000131,2,67,-65
117000132,3984,40,3944
117000133,2826,43,2783
117000134,1,114,-113
117000135,1,158,-157
117000136,0,52,-52
117000137,225,215,10
117000138,0,658,-658
117000140,567,1155,-588
117000141,2506,566,1940
117000181,295,185,110
117000182,1227,1182,45
117000195,221,878,-657
117000196,409,237,172
117000225,57,173,-116
117000226,5,132,-127
117000276,472,36,436
117000277,2,192,-190
117000310,1399,1934,-535
117000315,172,589,-417
117000320,39,0,39
117000906,619,22,597
117000907,24,139,-115
117000908,7,190,-183
117000909,40,35,5
117000910,268,173,95
117000911,89,133,-44
117000915,5,311,-306
117000916,63,1,62
117000917,1806,42,1764
117000918,97,61,36
117000919,15,38,-23
117000920,5,812,-807
117000921,0,537,-537
117000922,16,42,-26
117000924,368,426,-58
117000926,455,229,226
117000927,412,1132,-720
117000928,0,95,-95
117000929,348,136,212
117000930,338,10,328
117000931,90,149,-59
117900002,48,536,-488
117900003,418,479,-61
117900005,7,121,-114
117900006,0,136,-136
117900007,124,47,77
117900008,0,19,-19
117900010,476,83,393
117900011,37,352,-315
117900012,83,83,0
117900013,2,165,-163
117900014,570,140,430
117900015,13,49,-36
117900016,1062,1212,-150
117900017,639,272,367
117900018,235,328,-93
117900019,689,161,528
117900020,81,569,-488
117900021,38,62,-24
117900022,50,19,31
117900023,1216,112,1104
117900024,68,55,13
117900025,50,19,31
117900026,552,127,425
117900028,51,2,49
117900029,319,377,-58
117900030,659,276,383
117900031,151,283,-132
117900032,1166,836,330
117900033,375,373,2
117900034,46,16,30
117900035,312,152,160
117900036,300,278,22
117900037,263,116,147
117900038,57,167,-110
117900039,1,25,-24
117900040,169,223,-54
117900041,1,53,-52
117900042,2894,326,2568
117900043,17,39,-22
117900044,16,3596,-3580
117900045,272,162,110
117900048,544,131,413
117900049,267,306,-39
117900050,9,251,-242
117900051,19,3,16
117900052,94,477,-383
117900053,2277,313,1964
117900054,1,25,-24
117900055,741,142,599
117900056,35,113,-78
117900057,767,1051,-284
117900058,24,43,-19
117900059,174,149,25
117900060,3393,2818,575
117900061,12,305,-293
117900063,414,139,275
117900065,504,994,-490
117900066,38,98,-60
117900067,765,158,607
117900069,925,219,706
117900070,84,151,-67
117900071,117,118,-1
117900073,822,185,637
117900074,80,346,-266
117900075,78,63,15
117900076,11,61,-50
117900077,656,204,452
117900078,469,990,-521
117900080,128,25,103
117900081,359,364,-5
117900082,651,482,169
117900083,446,256,190
117900086,146,38,108
117900087,202,63,139
117900088,2037,1568,469
117900089,2749,861,1888
117900090,484,246,238
117900091,86,102,-16
117900092,110,29,81
117900093,161,59,102
117900094,47,50,-3
117900095,368,300,68
117900096,142,242,-100
117900097,421,75,346
117900098,66,19,47
117900099,237,190,47
117900100,448,6,442
117900101,582,2394,-1812
117900102,109,54,55
117900103,99,6,93
117900104,3,472,-469
117900105,104,179,-75
117900106,117,42,75
117900107,56,2,54
117900109,1023,384,639
117900110,213,4,209
117900111,553,49,504
117900112,98,16,82
117900113,1344,1987,-643
117900114,35,0,35
117900115,55,168,-113
117900116,903,711,192
117900117,855,231,624
117900118,178,8,170
117900119,301,73,228
117900120,393,62,331
117900121,142,142,0
117900122,1137,5354,-4217
117900123,662,313,349
117900124,671,558,113
117900125,1716,1949,-233
117900126,151,452,-301
117900127,539,187,352
117900128,454,286,168
117900129,101,1,100
117900130,762,406,356
117900131,3,102,-99
117900132,13,84,-71
117900133,20,70,-50
117900134,126,358,-232
117900135,41,167,-126
117900136,0,25,-25
117900137,51,226,-175
117900138,1,19,-18
117900139,155,100,55
117900140,3122,503,2619
117900141,142,153,-11
117900142,34,128,-94
117900144,33,654,-621
117900145,23,99,-76
117900146,136,235,-99
117900147,92,37,55
117900148,2385,2156,229
117900149,138,186,-48
117900150,62,64,-2
117900151,61,71,-10
117900152,68,109,-41
117900153,5,105,-100
117900154,565,478,87
117900156,703,553,150
117900157,60,593,-533
117900158,404,212,192
117900160,1010,1048,-38
117900161,1740,1543,197
117900162,659,372,287
117900163,18,400,-382
117900165,0,10,-10
117900166,133,673,-540
117900168,43,159,-116
117900169,1,108,-107
117900170,1,39,-38
117900171,2,25,-23
117900172,26,17,9
117900173,110,147,-37
117900174,23,59,-36
117900175,8,20,-12
117900176,30,18,12
117900177,33,27,6
117900178,106,60,46
117900180,265,30,235
117900181,65,522,-457
117900182,0,48,-48
117900183,114,171,-57
117900184,23,83,-60
117900185,79,71,8
117900186,61,6,55
117900187,24,3,21
117900188,217,47,170
117900189,83,29,54
117900190,36,3,33
117900191,126,6,120
117900192,244,2,242
117900193,23,55,-32
117900194,15,5,10
117900195,66,87,-21
117900196,28,29,-1
117900207,132,152,-20
117900208,36,56,-20
117900209,212,159,53
117900210,135,221,-86
117900211,19,125,-106
117900212,138,151,-13
117900213,47,8,39
117900214,6,33,-27
117900215,15,35,-20
117900216,6,25,-19
117900217,27,272,-245
117900218,54,84,-30
117900219,3,192,-189
117900220,40,202,-162
117900222,205,187,18
117900223,108,309,-201
118000001,745,1471,-726
118000002,479,1527,-1048
118000003,2023,3921,-1898
118000004,1687,2471,-784
118000005,2580,5226,-2646
118000006,2404,7406,-5002
118000007,4423,5372,-949
118000008,1646,3582,-1936
118000009,1563,3047,-1484
118000010,6294,4148,2146
118000011,1863,1865,-2
118000012,919,1430,-511
118000013,2357,1848,509
118000014,2189,1346,843
118000016,231,339,-108
118000017,773,358,415
118000018,427,386,41
118000019,1531,1986,-455
118000020,850,3399,-2549
118000021,589,3165,-2576
118000022,1153,902,251
118000023,547,240,307
118000024,764,1346,-582
118000027,7970,11587,-3617
118000029,527,898,-371
118000032,370,3546,-3176
118000033,2776,6597,-3821
118000034,3824,3075,749
118000035,2434,3097,-663
118000036,771,1299,-528
118000037,716,1029,-313
118000038,280,140,140
118000039,99,147,-48
118000040,1615,1228,387
118000041,2497,1283,1214
118000045,305,303,2
118000046,903,1087,-184
118000047,557,1633,-1076
118000048,1422,2505,-1083
118000051,1941,4477,-2536
118000052,1139,2403,-1264
118000053,282,714,-432
118000054,2077,1032,1045
118000055,1954,1633,321
118000056,288,586,-298
118000057,222,374,-152
118000058,2307,3725,-1418
118000059,1668,2361,-693
118000060,1469,682,787
118000061,1856,1130,726
118000062,634,330,304
118000063,452,1217,-765
118000064,729,1476,-747
118000065,2004,1563,441
118000066,1158,2645,-1487
118000067,402,670,-268
118000068,1109,6362,-5253
118000069,1750,1116,634
118000070,3801,1677,2124
118000071,2836,7748,-4912
118000072,762,1728,-966
118000073,714,945,-231
118000074,577,356,221
118000075,682,237,445
118000076,1398,3383,-1985
118000077,1126,1296,-170
118000078,1885,2911,-1026
118000079,200,568,-368
118000080,687,816,-129
118000081,1751,1553,198
118000082,292,1283,-991
118000083,1296,1885,-589
118000084,2548,2206,342
118000086,252,590,-338
118000087,3381,2399,982
118000088,1465,1432,33
118000089,3652,2718,934
118000090,1099,2882,-1783
118000091,1006,3116,-2110
118000092,978,557,421
118000093,112,767,-655
118000096,502,749,-247
118000097,791,839,-48
118000098,287,167,120
118000099,955,619,336
118000101,1685,380,1305
118000102,614,952,-338
118000107,1326,513,813
118000108,596,3262,-2666
118000110,1,55,-54
118000111,0,90,-90
118000112,811,1,810
118000113,2,228,-226
118000114,598,16,582
118000115,6,23,-17
118000116,31,0,31
118000117,659,688,-29
118000118,942,1395,-453
118000119,941,1349,-408
118000120,1270,1151,119
118000121,40,584,-544
118000122,693,344,349
118000123,77,305,-228
118000125,1118,862,256
118000126,699,1840,-1141
118000127,1384,773,611
118000128,475,1276,-801
118000129,1139,483,656
118000130,1573,2303,-730
118000131,351,399,-48
118000132,3060,2363,697
118000133,1266,516,750
118000135,696,707,-11
118000136,172,424,-252
118000137,502,130,372
118000138,588,363,225
118000139,437,86,351
118000140,3178,6956,-3778
118000141,2642,1870,772
118000142,2269,1456,813
118000143,3199,1366,1833
118000144,1162,620,542
118000145,1860,1221,639
118000146,1632,588,1044
118000147,1148,1053,95
118000148,584,1078,-494
118000149,1130,933,197
118000150,662,248,414
118000151,856,425,431
118000153,2045,1106,939
118000154,1498,1548,-50
118000155,2457,1295,1162
118000156,2216,2930,-714
118000157,685,416,269
118000158,278,438,-160
118000159,23,101,-78
118000160,763,365,398
118000161,810,416,394
118000162,1983,951,1032
118000163,1089,909,180
118000164,1961,1441,520
118000168,683,1068,-385
118000169,879,916,-37
118000170,2906,2994,-88
118000171,470,426,44
118000172,81,227,-146
118000173,1073,1601,-528
118000175,360,474,-114
118000176,414,727,-313
118000177,322,832,-510
118000178,35,57,-22
118000179,1102,1696,-594
118000180,832,927,-95
118000181,767,306,461
118000182,308,277,31
118000183,275,379,-104
118000184,1216,635,581
118000185,1108,1719,-611
118000186,934,1537,-603
118000187,2101,542,1559
118000188,623,96,527
118000189,808,430,378
118000190,23,10,13
118000191,43,32,11
118000192,36,102,-66
118000193,17,223,-206
118000194,1152,729,423
118000195,241,1648,-1407
118000196,172,300,-128
118000197,100,166,-66
118000198,360,868,-508
118000199,330,497,-167
118000200,151,321,-170
118000201,350,651,-301
118000202,74,103,-29
118000203,358,923,-565
118000204,74,485,-411
118000205,112,368,-256
118000206,272,266,6
118000207,0,56,-56
118000208,1394,1453,-59
118000209,2435,1139,1296
118000210,221,28,193
118000211,45,21,24
118000213,659,3725,-3066
118000214,349,759,-410
118000215,471,101,370
118000216,3475,1479,1996
118000217,30,56,-26
118000218,144,42,102
118000219,374,208,166
118000220,6,41,-35
118000221,397,415,-18
118000222,51,8,43
118000223,58,40,18
118000224,160,95,65
118000225,143,611,-468
118000226,1161,233,928
118000227,646,447,199
118000228,102,312,-210
118000229,71,161,-90
118000230,178,163,15
118000231,107,196,-89
118000232,1058,472,586
118000233,1387,764,623
118000234,597,220,377
118000236,436,253,183
118000237,92,251,-159
118000238,276,164,112
118000239,335,266,69
118000240,173,133,40
118000241,203,180,23
118000242,498,302,196
118000243,359,212,147
118000244,101,38,63
118000246,1,59,-58
118000255,55,266,-211
118000256,160,190,-30
118000259,15,95,-80
118000260,213,102,111
118000261,62,25,37
118000263,130,112,18
118000266,165,216,-51
118000267,2,177,-175
118000268,245,2,243
118000270,125,17,108
118000271,213,177,36
118000272,176,32,144
118000273,288,102,186
118000274,112,276,-164
118000276,689,353,336
118000295,19,152,-133
118000298,224,232,-8
118000299,66,112,-46
118000301,1,91,-90
118000302,130,55,75
118000311,900,80,820
118000312,437,121,316
118000313,92,110,-18
118000314,167,46,121
118000315,67,28,39
118000316,933,402,531
118000325,76,23,53
118000326,74,33,41
118000331,63,30,33
118000332,16,22,-6
118000333,20,61,-41
118000335,542,0,542
118000336,0,114,-114
118000407,306,65,241
118000457,2,42,-40
118000465,915,4043,-3128
118000480,73,50,23
118000489,29,530,-501
118000490,14,106,-92
118000492,428,183,245
118000510,50,35,15
118000514,97,386,-289
118000515,782,947,-165
118000517,300,161,139
118000524,144,345,-201
118000525,570,757,-187
118000530,31,60,-29
118000531,450,265,185
118000532,333,250,83
118000533,274,126,148
118000534,626,362,264
118000535,428,149,279
118000536,165,1493,-1328
118000537,21,179,-158
118000538,11,117,-106
118000539,9,128,-119
118000540,324,201,123
118000541,174,95,79
118000542,175,227,-52
118000543,288,262,26
118000546,85,34,51
118000560,1429,2831,-1402
118000562,45,94,-49
118000563,1218,1075,143
118000576,171,129,42
118000577,148,142,6
118000578,116,87,29
118000579,555,1411,-856
118000595,249,100,149
118000596,1,250,-249
118000597,103,97,6
118000598,28,5,23
118000599,125,47,78
118000600,4,27,-23
118000601,19,2,17
118000602,0,16,-16
118000603,0,20,-20
118900001,384,1315,-931
118900002,716,1046,-330
118900003,635,19,616
118900004,72,31,41
118900005,98,12,86
118900006,218,5,213
118900007,14,0,14
118900008,1272,108,1164
118900009,130,88,42
118900010,94,17,77
118900011,203,42,161
118900012,440,205,235
118900013,660,324,336
118900015,419,75,344
118900016,26,9,17
118900017,128,303,-175
118900018,1176,71,1105
118900019,25,20,5
118900020,123,189,-66
118900021,152,329,-177
118900022,192,73,119
118900023,139,87,52
118900024,166,202,-36
118900025,51,27,24
118900026,101,76,25
118900027,436,148,288
118900028,187,157,30
118900029,277,577,-300
118900030,687,53,634
118900031,231,72,159
118900032,287,137,150
118900033,322,623,-301
118900034,243,39,204
118900035,122,99,23
118900036,1431,677,754
118900037,368,507,-139
118900038,625,108,517
118900039,641,170,471
118900040,302,197,105
118900041,704,192,512
118900042,267,97,170
118900045,388,151,237
118900046,723,466,257
118900047,361,269,92
118900048,105,350,-245
118900049,117,61,56
118900050,62,26,36
118900051,82,117,-35
118900052,320,415,-95
118900053,25,82,-57
118900054,173,39,134
118900055,198,48,150
118900056,47,319,-272
118900057,917,509,408
118900058,478,450,28
118900059,20,104,-84
118900060,122,98,24
118900062,423,154,269
118900064,222,713,-491
118900065,80,131,-51
118900066,121,85,36
118900067,2551,4695,-2144
118900068,16,220,-204
118900069,612,192,420
118900071,7,44,-37
118900072,537,364,173
118900073,227,121,106
118900074,248,83,165
118900075,68,39,29
118900076,236,201,35
118900077,349,246,103
118900078,8,5,3
118900079,62,117,-55
118900080,26,88,-62
118900081,63,49,14
118900082,1528,211,1317
118900083,28,7,21
118900084,12,12,0
118900085,749,464,285
118900086,36,166,-130
118900087,40,386,-346
118900088,0,4,-4
118900089,44,58,-14
118900090,755,246,509
118900091,197,323,-126
118900092,233,75,158
118900093,114,26,88
118900096,73,26,47
118900097,427,497,-70
118900099,111,259,-148
118900100,114,186,-72
118900101,277,379,-102
118900102,60,71,-11
118900103,98,189,-91
118900104,332,139,193
118900105,277,75,202
118900107,178,80,98
118900108,178,129,49
118900110,1108,1066,42
118900111,852,379,473
118900112,110,183,-73
118900113,97,231,-134
118900114,25,72,-47
118900115,183,473,-290
118900116,122,265,-143
118900117,127,202,-75
118900118,263,275,-12
118900119,125,220,-95
118900120,99,286,-187
118900121,32,91,-59
118900122,10,1280,-1270
118900123,177,206,-29
118900124,124,147,-23
118900126,18,496,-478
118900129,245,286,-41
118900130,43,211,-168
118900131,231,197,34
118900132,316,333,-17
118900133,31,126,-95
118900135,239,152,87
118900136,244,371,-127
118900137,7,51,-44
118900139,283,208,75
118900140,540,439,101
118900141,98,70,28
118900144,195,230,-35
118900145,43,89,-46
118900146,522,721,-199
118900147,127,213,-86
118900148,113,45,68
118900150,129,543,-414
118900152,684,581,103
118900157,71,227,-156
118900158,200,34,166
118900159,1,111,-110
118900161,57,17,40
118900163,63,66,-3
118900164,1,63,-62
118900165,99,85,14
118900166,71,0,71
118900167,129,84,45
118900168,24,288,-264
118900169,194,137,57
118900170,295,78,217
118900171,78,49,29
118900174,84,90,-6
118900175,597,400,197
118900176,213,249,-36
118900177,165,25,140
118900178,83,218,-135
118900179,12,26,-14
118900181,116,110,6
118900182,143,89,54
118900183,51,196,-145
118900184,321,161,160
118900185,114,52,62
118900186,110,128,-18
118900187,285,335,-50
118900188,299,223,76
118900189,66,1021,-955
118900190,29,153,-124
118900191,219,46,173
118900192,354,9,345
118900193,859,6,853
118900195,237,429,-192
118900196,54,157,-103
118900197,287,26,261
118900198,58,12,46
118900199,176,46,130
118900200,65,49,16
118900201,25,98,-73
118900202,9,42,-33
118900203,26,5,21
118900204,42,12,30
118900205,1,15,-14
118900206,8,11,-3
119000001,1670,2756,-1086
119000002,4451,5314,-863
119000003,3810,902,2908
119000004,2884,1531,1353
119000005,2214,2324,-110
119000006,3698,1716,1982
119000007,4023,3410,613
119000008,2135,1490,645
119000009,3431,5857,-2426
119000010,4570,4292,278
119000011,2671,3051,-380
119000012,1443,3237,-1794
119000013,3120,2007,1113
119000014,1497,2334,-837
119000019,265,169,96
119000020,3121,1548,1573
119000021,6055,3379,2676
119000022,1723,4137,-2414
119000023,288,185,103
119000024,1737,15015,-13278
119000025,3474,1141,2333
119000026,56,614,-558
119000027,184,384,-200
119000028,1616,547,1069
119000029,94,337,-243
119000030,679,771,-92
119000031,911,602,309
119000032,2327,2176,151
119000033,2432,1163,1269
119000034,1231,712,519
119000035,57,305,-248
119000036,2577,664,1913
119000037,1610,1017,593
119000038,204,430,-226
119000039,593,340,253
119000040,683,645,38
119000041,686,1212,-526
119000048,2359,1871,488
119000049,2251,1650,601
119000050,1711,1346,365
119000051,2435,1059,1376
119000052,1836,2246,-410
119000053,2047,1048,999
119000054,3630,1878,1752
119000055,5697,2539,3158
119000056,3652,2047,1605
119000057,1768,1233,535
119000058,1923,1213,710
119000059,1267,1248,19
119000060,1882,1119,763
119000061,1207,645,562
119000062,1242,1242,0
119000063,779,560,219
119000064,830,846,-16
119000065,1818,3211,-1393
119000066,2565,1330,1235
119000067,1989,1553,436
119000068,1919,916,1003
119000069,1886,1868,18
119000070,3409,781,2628
119000071,461,549,-88
119000072,4318,2884,1434
119000073,4004,8158,-4154
119000074,1543,1521,22
119000075,4023,1743,2280
119000076,260,1307,-1047
119000077,668,717,-49
119000078,421,219,202
119000079,187,821,-634
119000080,684,187,497
119000081,308,641,-333
119000082,1055,218,837
119000083,856,460,396
119000084,339,512,-173
119000085,778,190,588
119000086,380,498,-118
119000087,1095,630,465
119000088,296,198,98
119000089,87,212,-125
119000090,114,85,29
119000091,114,452,-338
119000092,351,169,182
119000093,3444,2121,1323
119000094,4070,4808,-738
119000095,2440,2810,-370
119000097,1628,1053,575
119000098,1336,3490,-2154
119000099,2298,1121,1177
119000100,4916,3394,1522
119000101,4388,1868,2520
119000102,765,1733,-968
119000103,1413,861,552
119000104,1739,1077,662
119000105,1159,2635,-1476
119000106,368,911,-543
119000107,1370,595,775
119000108,385,543,-158
119000109,175,932,-757
119000110,337,795,-458
119000111,50,907,-857
119000112,148,165,-17
119000113,1384,392,992
119000114,1665,1508,157
119000115,225,173,52
119000116,134,152,-18
119000117,234,433,-199
119000118,2,1,1
119000123,4121,3386,735
119000124,973,150,823
119000125,5404,627,4777
119000126,1133,430,703
119000127,877,344,533
119000128,19,2,17
119000131,1239,418,821
119000132,4,3,1
119000133,0,5,-5
119000134,1235,534,701
119000135,233,230,3
119000136,433,84,349
119000137,482,190,292
119000138,764,154,610
119000139,307,109,198
119000140,476,387,89
119000284,1131,2216,-1085
119000285,1808,1804,4
119000286,4526,3885,641
119000287,1592,1658,-66
119000288,2023,887,1136
119000289,1276,1957,-681
119000290,258,302,-44
119000291,35,166,-131
119000293,169,191,-22
119000294,73,25,48
119000295,1133,256,877
119000296,335,184,151
119000302,1669,1150,519
119000303,38,150,-112
119000314,1328,12295,-10967
119000315,2,194,-192
119000316,174,79,95
119000317,190,155,35
119900001,239,1582,-1343
119900002,253,229,24
119900003,41,539,-498
119900004,244,2198,-1954
119900005,348,75,273
119900006,304,529,-225
119900007,1039,385,654
119900008,175,82,93
119900009,705,553,152
119900010,915,1151,-236
119900011,43,229,-186
119900012,37,159,-122
119900013,2338,1769,569
119900014,510,198,312
119900015,230,54,176
119900016,60,55,5
119900017,68,52,16
119900018,1458,1478,-20
119900019,69,15,54
119900020,201,245,-44
119900021,286,124,162
119900022,98,1417,-1319
119900023,392,2414,-2022
119900025,373,31,342
119900026,596,173,423
119900027,21,17,4
119900028,280,181,99
119900029,2,13,-11
119900030,671,435,236
119900031,122,601,-479
119900033,2068,463,1605
119900034,872,88,784
119900037,293,20,273
119900038,63,526,-463
119900039,76,16,60
119900040,107,19,88
119900041,271,23,248
119900042,434,206,228
119900043,148,136,12
119900044,190,1399,-1209
119900046,273,45,228
119900047,522,141,381
119900048,65,14,51
119900049,192,5,187
119900050,217,172,45
119900051,902,15,887
119900052,117,34,83
119900053,358,148,210
119900054,289,10,279
119900055,1700,540,1160
119900057,420,58,362
119900058,350,13,337
119900059,77,53,24
119900060,409,42,367
119900062,193,18,175
119900063,14,76,-62
119900064,860,140,720
119900065,311,10,301
119900066,6,1,5
119900067,134,45,89
119900068,737,5,732
119900069,173,38,135
119900070,1335,10,1325
119900071,1206,60,1146
119900073,1502,559,943
119900074,21,56,-35
119900075,2307,2695,-388
119900076,782,212,570
119900077,1371,501,870
119900078,984,967,17
119900079,462,158,304
119900080,2191,1006,1185
119900081,917,636,281
119900082,2084,264,1820
119900083,391,139,252
119900084,619,361,258
119900085,33,50,-17
119900087,726,541,185
119900088,41,36,5
119900089,72,308,-236
119900090,102,39,63
119900091,101,378,-277
119900092,68,336,-268
119900093,1563,294,1269
119900094,38,171,-133
119900095,200,120,80
119900096,31,150,-119
119900097,332,202,130
119900098,63,50,13
119900099,38,167,-129
119900100,1054,2829,-1775
119900101,143,1454,-1311
119900102,91,144,-53
119900103,58,209,-151
119900104,65,158,-93
119900105,784,4032,-3248
119900106,9,98,-89
119900107,202,1379,-1177
119900108,3959,674,3285
119900109,24,119,-95
119900110,830,378,452
119900111,234,164,70
119900112,849,689,160
119900113,84,222,-138
119900114,329,601,-272
119900115,620,535,85
119900116,199,457,-258
119900117,370,469,-99
119900118,249,424,-175
119900119,410,217,193
119900120,635,598,37
119900121,584,470,114
119900122,255,251,4
119900123,251,335,-84
119900124,321,449,-128
119900125,61,252,-191
119900126,3148,289,2859
119900127,1410,773,637
119900128,673,450,223
119900129,384,259,125
119900130,24,194,-170
119900131,54,116,-62
119900132,0,162,-162
119900133,138,115,23
119900134,886,156,730
119900135,2,241,-239
119900136,188,271,-83
119900138,332,493,-161
119900139,61,179,-118
119900140,16,103,-87
119900141,78,1035,-957
119900142,19,52,-33
119900143,33,310,-277
119900144,1222,244,978
119900145,116,162,-46
119900146,216,220,-4
119900147,0,168,-168
119900148,415,73,342
119900149,573,5859,-5286
119900150,168,104,64
119900151,1487,1010,477
119900152,270,165,105
119900153,333,67,266
119900154,18,116,-98
119900155,63,49,14
119900156,28,17,11
119900157,221,159,62
119900158,359,79,280
119900159,6,550,-544
119900160,33,115,-82
119900161,117,71,46
119900162,1394,1337,57
119900163,162,192,-30
119900164,2,0,2
119900165,237,81,156
119900166,153,69,84
119900167,36,67,-31
119900168,1372,496,876
119900169,34,326,-292
119900170,200,244,-44
119900171,1314,385,929
119900172,152,37,115
119900173,8,164,-156
119900174,1,125,-124
119900175,2009,720,1289
119900177,8,138,-130
119900178,16,102,-86
119900179,167,923,-756
119900180,1205,1043,162
119900181,68,128,-60
119900182,14,164,-150
119900183,125,605,-480
119900184,1047,422,625
119900185,75,308,-233
119900186,43,1491,-1448
119900187,22,247,-225
119900188,163,273,-110
119900189,365,431,-66
119900190,104,404,-300
119900191,290,459,-169
119900192,103,144,-41
119900193,658,151,507
119900194,63,151,-88
119900195,47,166,-119
119900196,548,228,320
119900197,358,242,116
119900198,443,257,186
119900199,184,30,154
119900200,879,764,115
119900201,253,227,26
119900202,170,456,-286
119900203,264,739,-475
119900204,533,289,244
119900205,1085,289,796
119900206,335,152,183
119900208,202,253,-51
119900209,683,2062,-1379
119900210,35,28,7
119900211,102,9,93
119900212,435,281,154
119900213,14,94,-80
119900214,77,46,31
119900215,63,35,28
119900216,19,36,-17
119900217,12,40,-28
119900218,21,87,-66
119900219,14,43,-29
119900220,12,36,-24
119900221,46,137,-91
119900222,23,88,-65
119900223,23,41,-18
119900224,12,18,-6
119900225,472,32,440
119900226,321,2099,-1778
119900227,542,307,235
119900228,162,258,-96
119900229,252,421,-169
119900230,1165,449,716
119900231,424,110,314
119900232,278,191,87
119900233,128,12,116
119900234,22,121,-99
119900235,21,69,-48
119900236,43,147,-104
119900237,64,602,-538
119900238,6,68,-62
119900240,192,103,89
119900241,201,162,39
119900242,1530,1639,-109
119900244,713,1200,-487
119900245,138,197,-59
119900246,303,658,-355
119900247,46,184,-138
119900248,107,477,-370
119900249,287,167,120
119900253,1169,451,718
119900254,121,1244,-1123
119900255,162,1000,-838
119900256,1354,496,858
119900257,155,9,146
119900258,470,27,443
119900259,9,103,-94
119900260,329,19,310
119900261,538,231,307
119900262,0,120,-120
119900263,1258,339,919
119900264,241,66,175
119900265,823,338,485
119900266,748,174,574
119900267,278,419,-141
119900268,268,105,163
119900269,1606,749,857
119900271,61,91,-30
119900272,518,531,-13
119900275,149,7,142
119900276,36,0,36
119900277,2,3,-1
119900278,261,132,129
119900279,139,347,-208
119900280,564,119,445
119900281,1,342,-341
119900282,61,201,-140
119900283,42,149,-107
119900284,58,182,-124
119900285,107,342,-235
119900286,48,63,-15
119900288,7,14,-7
119900289,0,21,-21
119900290,11,14,-3
119900291,1,89,-88
119900292,76,74,2
119900293,55,7,48
119900294,54,4,50
119900295,31,0,31
119900296,197,50,147
119900299,120,109,11
119900300,426,315,111
119900301,89,190,-101
119900302,131,150,-19
119900303,595,261,334
119900304,276,35,241
119900305,6,81,-75
119900306,32,7,25
119900307,102,53,49
119900308,3,23,-20
119900309,57,186,-129
119900310,319,310,9
119900311,147,60,87
119900312,140,96,44
119900313,406,290,116
119900314,300,448,-148
119900315,3200,1249,1951
119900318,20,64,-44
119900319,22,136,-114
119900320,383,380,3
119900321,170,10,160
119900322,40,69,-29
119900323,2,48,-46
119900324,0,21,-21
119900325,15,131,-116
119900326,0,2,-2
120000001,7485,21221,-13736
120000002,2816,2132,684
120000003,2515,1361,1154
120000004,2289,1201,1088
120000005,2466,1769,697
120000006,1064,1005,59
120000007,2929,3776,-847
120000008,866,1244,-378
120000009,1679,1014,665
120000010,2071,2338,-267
120000011,1200,1364,-164
120000012,1714,1992,-278
120000013,3537,2751,786
120000014,764,1359,-595
120000015,2528,1504,1024
120000016,4466,2289,2177
120000017,4431,3212,1219
120000018,3392,15215,-11823
120000019,1250,1558,-308
120000020,3001,4171,-1170
120000021,2073,2802,-729
120000022,2819,4268,-1449
120000023,1455,1800,-345
120000024,1290,2629,-1339
120000025,2896,1906,990
120000026,3128,1727,1401
120000027,2785,2100,685
120000028,992,3410,-2418
120000029,1247,2642,-1395
120000030,1561,960,601
120000031,2399,5448,-3049
120000032,5552,3623,1929
120000033,4867,1642,3225
120000034,2732,1322,1410
120000035,3264,2056,1208
120000036,3982,5874,-1892
120000037,629,1872,-1243
120000038,4210,3943,267
120000039,864,1123,-259
120000040,323,1682,-1359
120000041,752,1243,-491
120000042,2248,1447,801
120000043,5172,1122,4050
120000044,6936,1755,5181
120000045,8260,1112,7148
120000046,4998,3325,1673
120000047,673,7414,-6741
120000048,6783,4501,2282
120000049,3764,3174,590
120000050,3808,3456,352
120000051,2582,4090,-1508
120000052,6173,1749,4424
120000053,1714,1594,120
120000054,1632,2640,-1008
120000055,1801,3410,-1609
120000056,4993,3768,1225
120000057,4423,1711,2712
120000058,1658,2451,-793
120000059,23,1829,-1806
120000061,147,401,-254
120000062,157,363,-206
120000063,1018,1919,-901
120000064,264,801,-537
120000065,765,1214,-449
120000066,196,602,-406
120000067,44,585,-541
120000068,265,433,-168
120000069,585,508,77
120000070,122,441,-319
120000071,789,70,719
120000072,1192,421,771
120000073,1169,113,1056
120000074,153,161,-8
120000075,1232,366,866
120000076,3590,515,3075
120000077,2961,751,2210
120000078,3539,1418,2121
120000079,387,230,157
120000080,197,244,-47
120000081,424,169,255
120000082,360,313,47
120000083,91,880,-789
120000084,437,371,66
120000085,378,415,-37
120000086,246,381,-135
120000087,312,290,22
120000088,1038,968,70
120000089,1339,588,751
120000090,955,449,506
120000091,1724,903,821
120000092,1707,635,1072
120000093,851,623,228
120000094,350,903,-553
120000095,1197,398,799
120000096,330,588,-258
120000098,1371,588,783
120000099,606,659,-53
120000100,1000,736,264
120000101,886,456,430
120000102,749,1145,-396
120000103,2005,1153,852
120000104,2501,543,1958
120000105,3719,701,3018
120000106,3276,791,2485
120000107,5346,610,4736
120000108,2101,158,1943
120000109,1398,147,1251
120000110,65,797,-732
120000111,148,811,-663
120000112,782,1797,-1015
120000113,558,1345,-787
120000114,840,1596,-756
120000115,359,1325,-966
120000116,741,1449,-708
120000117,824,1157,-333
120000118,39,70,-31
120000119,26,61,-35
120000120,143,118,25
120000121,19,49,-30
120000122,238,639,-401
120000123,2913,8728,-5815
120000124,505,379,126
120000125,899,512,387
120000126,394,1183,-789
120000127,1720,1656,64
120000128,2399,5340,-2941
120000129,237,290,-53
120000130,968,628,340
120000131,542,745,-203
120000134,437,550,-113
120000135,1213,686,527
120000137,361,512,-151
120000138,1948,294,1654
120000139,482,303,179
120000140,1583,316,1267
120000141,869,315,554
120000142,1464,565,899
120000143,2,91,-89
120000144,267,13,254
120000145,682,6,676
120000146,772,1077,-305
120000149,680,779,-99
120000150,1957,11842,-9885
120000151,553,424,129
120000152,941,171,770
120000153,538,443,95
120000154,641,592,49
120000155,159,305,-146
120000156,523,1910,-1387
120000157,1216,709,507
120000158,1262,686,576
120000159,1947,2125,-178
120000160,2498,2050,448
120000161,3103,2216,887
120000162,86,279,-193
120000163,1078,734,344
120000164,868,241,627
120000165,828,422,406
120000166,1691,349,1342
120000167,389,308,81
120000168,30,1087,-1057
120000169,58,3160,-3102
120000170,29,2856,-2827
120000171,22,1248,-1226
120000172,13,875,-862
120000173,517,4278,-3761
120000174,94,95,-1
120000175,87,97,-10
120000176,51,99,-48
120000177,768,119,649
120000178,18,30,-12
120000179,90,66,24
120000180,276,89,187
120000181,109,1833,-1724
120000182,71,1107,-1036
120000183,7,411,-404
120000184,370,1410,-1040
120000186,59,2125,-2066
120000187,18,859,-841
120000188,37,1218,-1181
120000190,204,76,128
120000191,286,135,151
120000192,250,31,219
120000193,95,8,87
120000195,20,3,17
120000196,99,15,84
120000197,30,39,-9
120000198,402,43,359
120000199,213,2,211
120000200,218,9,209
120000201,22,54,-32
120000202,4,63,-59
120000203,124,155,-31
120000207,0,42,-42
120000208,11,126,-115
120000209,5,42,-37
120000210,47,58,-11
120000211,292,9,283
120000212,401,3,398
120000213,304,147,157
120000214,1,153,-152
120000215,2,123,-121
120000216,271,46,225
120000217,413,905,-492
120000218,90,609,-519
120000219,4,279,-275
120000220,7,935,-928
120000225,2980,2,2978
120000226,607,7,600
120000227,1107,153,954
120000228,14421,4784,9637
120000230,670,28,642
120000231,2146,1351,795
120000233,492,11,481
120000235,385,377,8
120000236,1286,5,1281
120000237,2,676,-674
120000238,7,2224,-2217
120000241,1433,4175,-2742
120000412,407,14,393
120000413,441,101,340
120000414,267,2,265
120000415,0,18,-18
120000416,211,6,205
120000417,13,197,-184
120000418,347,22,325
120000419,12,89,-77
120000420,27,13,14
120000421,6967,5099,1868
120000422,83,1659,-1576
120000423,4,79,-75
120000424,151,109,42
120000436,132,783,-651
120000437,115,118,-3
120000438,1618,298,1320
120000439,311,713,-402
120000443,176,0,176
120000444,1848,338,1510
120000445,2275,1132,1143
120000446,865,211,654
120000447,272,5,267
120000449,287,3,284
120000450,7,110,-103
120000451,155,220,-65
120000452,298,2,296
120000453,1,87,-86
120000454,76,90,-14
120000455,64,51,13
120000456,2805,4833,-2028
120000457,580,370,210
120000458,594,488,106
120000459,183,137,46
120000665,477,413,64
120000668,172,2277,-2105
120000669,177,161,16
120000670,87,1925,-1838
120000671,2436,673,1763
120000672,111,456,-345
120900001,123,107,16
120900002,168,795,-627
120900003,214,27,187
120900004,29,197,-168
120900005,221,472,-251
120900006,766,287,479
120900007,254,80,174
120900008,486,675,-189
120900009,242,26,216
120900010,729,221,508
120900011,154,267,-113
120900012,127,1549,-1422
120900013,502,186,316
120900014,4,337,-333
120900015,1328,151,1177
120900016,1388,74,1314
120900017,1820,96,1724
120900018,305,317,-12
120900019,696,593,103
120900020,761,1514,-753
120900021,1070,310,760
120900022,21,263,-242
120900023,488,72,416
120900024,2096,561,1535
120900025,1379,1052,327
120900026,176,143,33
120900027,878,19,859
120900028,692,216,476
120900029,114,906,-792
120900030,2177,913,1264
120900031,412,150,262
120900032,1754,82,1672
120900033,1549,136,1413
120900034,37,2896,-2859
120900035,124,126,-2
120900037,395,24,371
120900038,114,616,-502
120900039,128,97,31
120900040,608,10,598
120900041,63,38,25
120900042,977,43,934
120900043,71,61,10
120900044,16,395,-379
120900045,146,88,58
120900046,1017,12,1005
120900047,235,221,14
120900048,218,61,157
120900049,710,2,708
120900050,1421,2451,-1030
120900051,563,104,459
120900052,994,7,987
120900053,562,49,513
120900054,1362,498,864
120900055,715,7,708
120900056,959,55,904
120900057,337,29,308
120900058,828,5,823
120900059,167,7,160
120900060,118,39,79
120900061,235,205,30
120900062,341,1,340
120900063,1142,22,1120
120900064,1051,2,1049
120900065,866,2,864
120900066,751,251,500
120900067,291,99,192
120900068,509,0,509
120900069,477,25,452
120900071,15,0,15
120900072,1281,17,1264
120900073,923,54,869
120900074,1350,43,1307
120900076,590,3,587
120900077,1876,265,1611
120900078,1250,507,743
120900079,1401,121,1280
120900080,1220,691,529
120900081,1497,558,939
120900082,377,531,-154
120900083,160,3,157
120900084,681,656,25
120900085,94,131,-37
120900086,100,516,-416
120900087,700,451,249
120900088,302,762,-460
120900089,1887,4174,-2287
120900090,299,5,294
120900091,689,1207,-518
120900092,639,343,296
120900093,1186,142,1044
120900094,304,177,127
120900095,440,22,418
120900096,105,282,-177
120900097,697,473,224
120900098,171,170,1
120900099,85,89,-4
120900100,57,161,-104
120900101,320,161,159
120900102,75,55,20
120900103,120,344,-224
120900104,11,98,-87
120900105,41,337,-296
120900106,799,264,535
120900107,157,153,4
120900108,13,259,-246
120900109,26,355,-329
120900110,12,263,-251
120900111,267,251,16
120900112,30,354,-324
120900113,25,434,-409
120900114,63,121,-58
120900115,167,249,-82
120900116,671,216,455
120900117,5,197,-192
120900118,43,417,-374
120900119,10073,3091,6982
120900120,99,337,-238
120900121,54,323,-269
120900122,1031,262,769
120900123,3,143,-140
120900124,1,285,-284
120900125,8,449,-441
120900126,1248,688,560
120900127,24,218,-194
120900128,703,1183,-480
120900129,32,232,-200
120900130,15,238,-223
120900131,187,139,48
120900132,1485,187,1298
120900133,69,456,-387
120900134,412,300,112
120900135,9,367,-358
120900136,51,146,-95
120900137,406,94,312
120900138,26,147,-121
120900139,1,426,-425
120900140,1,146,-145
120900141,308,224,84
120900142,13,198,-185
120900143,0,521,-521
120900144,0,110,-110
120900145,379,513,-134
120900146,2,491,-489
120900147,6,349,-343
120900148,134,106,28
120900149,1,119,-118
120900150,66,288,-222
120900151,3,315,-312
120900152,36,24,12
120900153,5,1,4
120900154,4,157,-153
120900155,316,529,-213
120900156,90,316,-226
120900157,7,6,1
120900158,95,340,-245
120900159,3,59,-56
120900160,52,485,-433
120900161,91,340,-249
120900162,123,608,-485
120900163,493,1550,-1057
120900164,0,131,-131
120900165,11,697,-686
120900166,76,968,-892
120900167,257,125,132
120900169,115,198,-83
120900170,532,4460,-3928
120900171,528,186,342
120900172,249,2708,-2459
120900173,4,53,-49
120900174,10,127,-117
120900175,157,140,17
120900176,9,400,-391
120900177,6,1543,-1537
120900178,2,989,-987
120900179,523,370,153
120900180,48,253,-205
120900181,124,34,90
120900182,48,141,-93
120900183,982,66,916
120900184,396,78,318
120900185,789,1312,-523
120900186,1,203,-202
120900187,654,1164,-510
120900188,363,6,357
120900189,94,2809,-2715
120900190,192,5,187
120900191,40,15,25
120900192,5530,12394,-6864
120900194,80,119,-39
120900195,80,274,-194
120900196,798,25,773
120900197,992,212,780
120900198,259,403,-144
120900199,625,1382,-757
120900200,58,141,-83
120900201,253,182,71
120900202,0,76,-76
120900203,45,97,-52
120900204,89,229,-140
120900205,117,38,79
120900206,38,51,-13
121000001,627,1155,-528
121000002,2430,1753,677
121000003,2842,1662,1180
121000004,2534,3542,-1008
121000005,1524,2664,-1140
121000006,3212,2997,215
121000007,2194,4799,-2605
121000008,5010,5644,-634
121000009,3847,6737,-2890
121000010,6579,7597,-1018
121000011,6476,11309,-4833
121000012,13053,9907,3146
121000013,5249,6690,-1441
121000014,5825,5316,509
121000015,4189,7733,-3544
121000016,3764,3890,-126
121000017,2347,2838,-491
121000018,3624,1776,1848
121000019,9331,10070,-739
121000020,10960,18364,-7404
121000021,2562,1910,652
121000022,3330,3949,-619
121000023,3423,1684,1739
121000024,4986,5084,-98
121000025,434,1517,-1083
121000026,383,202,181
121000027,1379,1326,53
121000028,1148,670,478
121000029,1022,763,259
121000030,809,653,156
121000031,558,700,-142
121000032,192,165,27
121000034,376,348,28
121000035,151,217,-66
121000036,1064,929,135
121000037,570,948,-378
121000038,411,1117,-706
121000039,251,411,-160
121000041,549,596,-47
121000042,306,437,-131
121000043,567,826,-259
121000044,1258,1232,26
121000045,528,268,260
121000046,1011,1189,-178
121000047,39,164,-125
121000049,1053,719,334
121000050,328,1958,-1630
121000051,622,340,282
121000052,478,1062,-584
121000053,422,171,251
121000054,79,455,-376
121000055,1024,1821,-797
121000056,908,1171,-263
121000057,485,665,-180
121000058,288,279,9
121000059,3071,1539,1532
121000060,645,1164,-519
121000061,81,591,-510
121000062,184,514,-330
121000063,1001,1212,-211
121000064,977,1152,-175
121000065,245,650,-405
121000066,614,868,-254
121000067,348,875,-527
121000068,669,444,225
121000069,177,1486,-1309
121000070,1684,1322,362
121000071,1993,1824,169
121000072,1773,954,819
121000073,1387,1424,-37
121000074,139,193,-54
121000075,15,479,-464
121000076,370,407,-37
121000077,143,249,-106
121000078,58,178,-120
121000080,1742,700,1042
121000081,5520,4063,1457
121000082,93,347,-254
121000083,131,161,-30
121000084,232,218,14
121000085,254,485,-231
121000086,796,765,31
121000087,101,342,-241
121000088,737,566,171
121000089,320,605,-285
121000090,372,558,-186
121000091,1130,1026,104
121000092,257,75,182
121000093,229,220,9
121000094,550,965,-415
121000095,333,1063,-730
121000096,3448,2610,838
121000097,669,2825,-2156
121000098,690,680,10
121000099,823,630,193
121000100,1094,239,855
121000101,483,234,249
121000102,403,199,204
121000103,275,135,140
121000104,427,137,290
121000105,598,220,378
121000106,491,256,235
121000107,1988,2685,-697
121000109,1040,942,98
121000110,246,770,-524
121000114,3690,2549,1141
121000115,2229,763,1466
121000116,375,1066,-691
121000117,377,307,70
121000118,2164,221,1943
121000119,360,426,-66
121000120,440,479,-39
121000121,640,1444,-804
121000123,1397,759,638
121000126,132,406,-274
121000127,241,128,113
121000128,1196,343,853
121000129,1211,537,674
121000130,858,640,218
121000131,1219,1664,-445
121000132,885,1476,-591
121000135,371,824,-453
121000136,1044,1550,-506
121000137,509,477,32
121000138,878,2065,-1187
121000139,513,1015,-502
121000141,228,268,-40
121000142,639,900,-261
121000143,185,44,141
121000144,619,1703,-1084
121000145,599,860,-261
121000146,1554,1292,262
121000147,1246,610,636
121000148,1001,970,31
121000149,2185,1641,544
121000152,547,328,219
121000153,1688,523,1165
121000154,1410,545,865
121000155,2075,1252,823
121000156,450,967,-517
121000157,807,1422,-615
121000158,376,385,-9
121000159,283,374,-91
121000160,333,349,-16
121000161,361,328,33
121000162,190,134,56
121000165,1104,2168,-1064
121000166,27,551,-524
121000168,580,278,302
121000169,89,173,-84
121000170,397,80,317
121000171,77,178,-101
121000172,1214,864,350
121000173,1560,1319,241
121000174,577,542,35
121000175,1463,516,947
121000176,415,356,59
121000177,801,499,302
121000178,68,60,8
121000179,41,69,-28
121000181,486,421,65
121000182,179,372,-193
121000183,215,157,58
121000184,105,261,-156
121000185,51,351,-300
121000186,351,794,-443
121000187,242,154,88
121000188,315,104,211
121000192,1033,500,533
121000193,749,515,234
121000194,1938,2086,-148
121000195,216,1072,-856
121000196,674,316,358
121000197,234,1084,-850
121000198,222,254,-32
121000199,161,263,-102
121000200,752,205,547
121000201,7,202,-195
121000202,843,221,622
121000203,964,1818,-854
121000204,3739,879,2860
121000205,94,279,-185
121000206,103,79,24
121000207,2261,1073,1188
121000208,6,364,-358
121000209,618,136,482
121000210,820,295,525
121000211,517,170,347
121000212,738,388,350
121000213,13608,3120,10488
121000214,928,2125,-1197
121000215,843,1524,-681
121000216,606,641,-35
121000217,3502,2761,741
121000218,356,1497,-1141
121000219,1528,656,872
121000220,113,73,40
121000221,129,391,-262
121000222,2513,2520,-7
121000223,192,946,-754
121000224,139,531,-392
121000225,597,2516,-1919
121000226,1409,1438,-29
121000227,12,180,-168
121000228,34,685,-651
121000229,428,724,-296
121000230,53,1754,-1701
121000231,1526,51,1475
121000232,553,355,198
121000233,529,359,170
121000234,19,56,-37
121000235,77,47,30
121000236,13,60,-47
121000237,31,17,14
121000238,16,98,-82
121000239,93,13,80
121000240,9,162,-153
121000241,108,28,80
121000242,71,469,-398
121000243,251,62,189
121000244,11,108,-97
121000245,55,25,30
121000246,3,130,-127
121000247,143,11,132
121000248,459,1373,-914
121000249,85,355,-270
121000250,658,345,313
121000251,13,265,-252
121000252,127,106,21
121000253,366,281,85
121000254,818,128,690
121000255,180,205,-25
121000256,367,198,169
121000257,54,97,-43
121000258,90,117,-27
121000259,20,74,-54
121000260,48,89,-41
121000261,64,129,-65
121000262,1227,625,602
121000263,684,480,204
121000271,617,1590,-973
121000273,25,12,13
121000274,18,86,-68
121000275,25,12,13
121000276,17,26,-9
121000278,47,31,16
121000279,32,22,10
121000280,25,60,-35
121000289,370,32,338
121000290,1247,1327,-80
121000294,353,77,276
121000297,573,1280,-707
121000299,77,812,-735
121000300,1136,558,578
121000302,24,744,-720
121000303,551,291,260
121000304,546,100,446
121000305,193,70,123
121000306,155,202,-47
121000308,163,280,-117
121000309,333,494,-161
121000310,166,317,-151
121000311,84,704,-620
121000312,486,318,168
121000313,301,354,-53
121000314,50,100,-50
121000315,44,108,-64
121000530,1925,1474,451
121000531,2038,1741,297
121000532,6396,9257,-2861
121000533,3926,4462,-536
121000918,40,69,-29
121000919,29,102,-73
121000938,64,286,-222
121000939,25,202,-177
121000956,1904,1306,598
121000957,8,20,-12
121000958,13,92,-79
121000959,1069,493,576
121000960,1422,1982,-560
121000961,349,47,302
121000962,909,463,446
121000973,1,242,-241
121000976,23,226,-203
121000979,599,168,431
121000981,337,110,227
121000982,360,164,196
121000983,489,283,206
121000984,22,81,-59
121000985,975,267,708
121000986,605,104,501
121000987,201,398,-197
121000988,1190,147,1043
121001302,254,140,114
121001308,0,27,-27
121001309,14,671,-657
121001313,229,87,142
121001314,1372,1940,-568
121001315,6635,3793,2842
121900001,116,226,-110
121900002,25,23,2
121900003,534,16,518
121900004,89,473,-384
121900005,33,17,16
121900006,196,51,145
121900007,2503,2111,392
121900008,111,865,-754
121900009,1010,23,987
121900010,230,6,224
121900011,340,401,-61
121900012,22,0,22
121900013,455,134,321
121900014,1420,446,974
121900015,241,197,44
121900016,1,26,-25
121900017,912,798,114
121900018,586,18,568
121900019,666,234,432
121900020,33,5,28
121900021,1115,23,1092
121900022,294,269,25
121900023,238,481,-243
121900024,345,75,270
121900025,752,613,139
121900026,276,36,240
121900027,536,295,241
121900028,251,20,231
121900029,123,316,-193
121900030,481,631,-150
121900031,1080,7178,-6098
121900032,86,49,37
121900033,194,418,-224
121900034,340,177,163
121900035,3913,2871,1042
121900036,136,603,-467
121900037,223,1173,-950
121900038,43,96,-53
121900039,338,81,257
121900040,103,79,24
121900041,164,328,-164
121900042,393,260,133
121900043,3,5,-2
121900044,118,53,65
121900046,289,450,-161
121900047,269,101,168
121900048,56,71,-15
121900050,44,66,-22
121900051,216,173,43
121900052,201,43,158
121900053,607,369,238
121900054,443,1110,-667
121900055,13,10,3
121900058,393,157,236
121900059,473,209,264
121900060,150,506,-356
121900061,271,185,86
121900062,162,188,-26
121900063,1844,468,1376
121900064,377,505,-128
121900066,109,34,75
121900067,118,39,79
121900069,158,105,53
121900070,126,237,-111
121900071,679,308,371
121900072,81,105,-24
121900073,255,333,-78
121900074,479,982,-503
121900075,435,844,-409
121900076,483,546,-63
121900077,25,9,16
121900078,191,47,144
121900079,0,2,-2
121900080,1111,443,668
121900082,96,99,-3
121900084,38,47,-9
121900085,8,10,-2
121900086,18,90,-72
121900087,146,146,0
121900088,1630,3330,-1700
121900089,284,199,85
121900090,110,67,43
121900091,111,68,43
121900092,122,144,-22
121900093,119,121,-2
121900094,10,14,-4
121900095,423,177,246
121900096,1257,762,495
121900097,999,297,702
121900098,11,3,8
121900099,345,39,306
121900100,86,456,-370
121900101,173,162,11
121900102,2,151,-149
121900103,505,277,228
121900104,1654,445,1209
121900105,425,320,105
121900106,8,20,-12
121900107,82,31,51
121900108,0,37,-37
121900109,328,220,108
121900110,771,466,305
121900111,740,464,276
121900112,219,224,-5
121900113,65,563,-498
121900114,140,120,20
121900117,120,309,-189
121900118,2157,837,1320
121900119,262,110,152
121900120,62,1188,-1126
121900121,386,27,359
121900122,39,57,-18
121900123,278,438,-160
121900124,372,216,156
121900125,2488,1145,1343
121900127,12,153,-141
121900128,91,75,16
121900129,256,212,44
121900130,106,338,-232
121900131,432,121,311
121900132,55,89,-34
121900133,27,1104,-1077
121900134,43,281,-238
121900135,4388,610,3778
121900136,613,406,207
121900137,48,328,-280
121900138,76,181,-105
121900139,400,2450,-2050
121900140,86,113,-27
121900141,122,37,85
121900142,188,147,41
121900143,12,209,-197
121900144,152,505,-353
121900145,336,507,-171
121900146,508,747,-239
121900147,78,326,-248
121900148,259,451,-192
121900149,400,452,-52
121900150,52,198,-146
121900151,81,404,-323
121900152,164,111,53
121900153,62,662,-600
121900154,10,440,-430
121900155,2,229,-227
121900156,196,242,-46
121900157,2,377,-375
121900158,85,130,-45
121900159,1,235,-234
121900160,54,334,-280
121900161,330,639,-309
121900162,86,183,-97
121900163,369,380,-11
121900164,313,289,24
121900165,315,157,158
121900166,162,189,-27
121900167,127,158,-31
121900168,129,221,-92
121900169,5,231,-226
121900170,10,191,-181
121900171,975,827,148
121900172,687,334,353
121900173,916,352,564
121900174,95,72,23
121900175,94,395,-301
121900176,563,1730,-1167
121900177,182,76,106
121900178,40,36,4
121900179,601,286,315
121900180,2084,5761,-3677
121900182,627,910,-283
121900183,672,2256,-1584
121900184,99,1164,-1065
121900186,18,520,-502
121900187,22,195,-173
121900188,861,309,552
121900189,48,93,-45
121900190,310,431,-121
121900191,93,224,-131
121900192,294,1676,-1382
121900193,74,184,-110
121900194,13,415,-402
121900195,33,111,-78
121900196,1009,858,151
121900197,517,1120,-603
121900198,2622,1720,902
121900199,1,45,-44
121900200,41,257,-216
121900201,676,985,-309
121900202,163,885,-722
121900203,91,1236,-1145
121900204,843,1277,-434
121900205,20,138,-118
121900206,26,105,-79
121900207,67,59,8
121900208,134,668,-534
121900209,88,106,-18
121900210,1865,1221,644
121900211,22,86,-64
121900212,159,213,-54
121900213,363,55,308
121900214,15,462,-447
121900215,69,176,-107
121900216,52,444,-392
121900217,174,277,-103
121900218,196,650,-454
121900220,168,30,138
121900221,541,597,-56
121900222,247,131,116
121900223,198,62,136
121900224,106,56,50
121900225,103,218,-115
121900226,360,90,270
121900227,526,846,-320
121900228,196,210,-14
121900230,74,547,-473
121900231,81,3376,-3295
121900232,150,482,-332
121900233,273,225,48
121900234,387,158,229
121900235,670,154,516
121900236,305,181,124
121900237,233,505,-272
121900238,183,328,-145
121900239,250,63,187
121900240,391,189,202
121900241,143,50,93
121900242,10,0,10
121900243,16,1,15
121900244,48,7,41
121900245,248,60,188
121900246,4145,317,3828
121900247,531,312,219
121900248,1479,1217,262
121900250,189,429,-240
121900251,544,61,483
121900252,595,134,461
121900253,98,864,-766
121900254,454,409,45
121900255,631,124,507
121900258,4611,1947,2664
121900259,239,583,-344
121900260,184,108,76
121900261,160,708,-548
121900262,493,1128,-635
121900263,453,214,239
121900264,1153,1010,143
121900265,390,181,209
121900266,666,172,494
121900267,111,59,52
121900269,236,880,-644
121900270,44,185,-141
121900271,50,223,-173
121900273,442,1826,-1384
121900274,469,222,247
121900277,390,1483,-1093
121900278,124,1298,-1174
121900279,189,218,-29
121900280,91,600,-509
121900281,185,846,-661
121900284,55,8,47
121900286,147,188,-41
121900287,9,27,-18
121900288,3,1,2
121900290,253,926,-673
121900291,437,1019,-582
121900292,161,162,-1
121900293,820,3653,-2833
121900294,327,6,321
121900295,190,151,39
121900296,62,301,-239
121900298,207,1047,-840
121900299,0,6,-6
121900300,141,4,137
121900301,87,5,82
121900302,5,81,-76
121900303,415,408,7
121900304,7,15,-8
121900305,7,17,-10
121900306,328,4,324
121900307,141,9,132
121900308,15,153,-138
121900309,16,148,-132
121900310,10,222,-212
121900311,719,20,699
121900312,531,17,514
121900313,510,46,464
121900314,9,44,-35
121900315,23,0,23
121900316,0,3,-3
121900317,28,5,23
121900318,2,3,-1
121900319,35,190,-155
121900320,44,40,4
121900321,24,0,24
121900322,4,15,-11
121900323,19,27,-8
121900324,3,47,-44
121900325,25,3,22
121900326,11,18,-7
121900327,2,55,-53
121900328,0,25,-25
121900329,3,81,-78
121900330,6,163,-157
121900331,54,161,-107
121900332,79,31,48
121900333,24,1,23
122000001,1469,5826,-4357
122000002,2677,1277,1400
122000003,1929,3203,-1274
122000004,2380,1749,631
122000005,3954,2697,1257
122000006,1061,1452,-391
122000007,696,2038,-1342
122000008,1285,3811,-2526
122000009,581,511,70
122000010,2607,3271,-664
122000011,5025,2654,2371
122000012,827,3691,-2864
122000013,767,1774,-1007
122000014,3547,1655,1892
122000015,1376,1158,218
122000016,623,873,-250
122000017,1267,1420,-153
122000018,2043,1872,171
122000019,1118,1650,-532
122000020,256,462,-206
122000021,200,525,-325
122000022,1228,1563,-335
122000023,836,1757,-921
122000024,562,2675,-2113
122000025,622,3260,-2638
122000026,476,1657,-1181
122000027,596,1239,-643
122000028,1222,711,511
122000029,361,730,-369
122000030,161,191,-30
122000031,186,468,-282
122000032,3932,2571,1361
122000033,418,3548,-3130
122000034,473,1046,-573
122000035,236,725,-489
122000036,512,520,-8
122000037,624,299,325
122000038,249,452,-203
122000039,566,602,-36
122000040,215,319,-104
122000041,540,829,-289
122000042,439,535,-96
122000043,106,146,-40
122000044,117,167,-50
122000045,1749,1017,732
122000046,888,1083,-195
122000047,159,212,-53
122000048,3227,4356,-1129
122000049,6240,4045,2195
122000050,913,1096,-183
122000051,189,526,-337
122000052,495,634,-139
122000053,250,1133,-883
122000054,2074,2237,-163
122000055,2002,4444,-2442
122000056,3213,3477,-264
122000057,3310,4350,-1040
122000058,950,2117,-1167
122000059,1139,3538,-2399
122000060,336,1087,-751
122000061,253,934,-681
122000062,490,279,211
122000063,644,1541,-897
122000064,3142,5779,-2637
122000065,2433,2726,-293
122000066,913,1307,-394
122000067,1269,1379,-110
122000068,2151,1194,957
122000069,1064,804,260
122000070,1178,1453,-275
122000071,2982,1265,1717
122000072,742,787,-45
122000073,302,1369,-1067
122000074,3212,1672,1540
122000075,1112,1182,-70
122000076,6060,2005,4055
122000077,637,2068,-1431
122000078,877,3942,-3065
122000079,589,2416,-1827
122000080,487,584,-97
122000081,123,336,-213
122000082,389,1385,-996
122000083,3996,1033,2963
122000084,3430,1242,2188
122000085,420,841,-421
122000086,2108,7031,-4923
122000087,211,516,-305
122000088,163,555,-392
122000089,4030,2658,1372
122000090,163,793,-630
122000091,101,191,-90
122000092,77,76,1
122000093,1689,3746,-2057
122000094,4939,3927,1012
122000095,842,5298,-4456
122000096,643,2009,-1366
122000098,2410,4149,-1739
122000099,857,1296,-439
122000100,732,840,-108
122000101,414,682,-268
122000102,2243,1082,1161
122000103,1900,1688,212
122000104,1093,254,839
122000105,607,473,134
122000106,534,1456,-922
122000107,1325,572,753
122000108,583,869,-286
122000109,470,358,112
122000110,684,816,-132
122000111,3459,1603,1856
122000112,1377,1781,-404
122000113,827,805,22
122000114,1892,2875,-983
122000115,1655,1385,270
122000116,471,575,-104
122000117,1356,390,966
122000118,846,764,82
122000119,2766,2426,340
122000120,1107,3824,-2717
122000121,882,2703,-1821
122000122,475,1302,-827
122000123,1416,1861,-445
122000124,863,697,166
122000125,614,803,-189
122000126,498,985,-487
122000127,616,997,-381
122000128,322,498,-176
122000129,536,1752,-1216
122000130,2790,1585,1205
122000131,1144,1091,53
122000132,238,493,-255
122000133,920,929,-9
122000134,1206,860,346
122000135,668,535,133
122000136,1036,735,301
122000137,2370,1117,1253
122000139,891,4352,-3461
122000140,475,955,-480
122000141,3403,1751,1652
122000142,170,1509,-1339
122000143,413,530,-117
122000144,1456,1349,107
122000145,1155,1090,65
122000146,867,2149,-1282
122000147,650,652,-2
122000148,709,2390,-1681
122000149,1927,1524,403
122000150,1429,1128,301
122000151,145,362,-217
122000152,365,450,-85
122000153,409,436,-27
122000154,282,236,46
122000155,1686,2714,-1028
122000156,4771,3932,839
122000157,855,5018,-4163
122000158,342,836,-494
122000159,619,1489,-870
122000160,2209,2313,-104
122000161,1125,1284,-159
122000162,1364,1878,-514
122000163,295,178,117
122000164,67,254,-187
122000165,1164,1200,-36
122000166,918,1619,-701
122000167,331,495,-164
122000168,194,855,-661
122000169,294,205,89
122000170,413,328,85
122000171,35,113,-78
122000172,1816,1554,262
122000173,1528,2881,-1353
122000174,1942,1312,630
122000175,814,342,472
122000176,450,1154,-704
122000177,1083,1649,-566
122000178,3984,2933,1051
122000179,2646,3581,-935
122000180,1195,1272,-77
122000181,1015,2482,-1467
122000182,1682,1891,-209
122000183,2425,1218,1207
122000184,3047,3277,-230
122000185,1138,3566,-2428
122000186,511,1963,-1452
122000187,1963,1104,859
122000188,479,391,88
122000189,241,448,-207
122000190,806,1896,-1090
122000191,991,1006,-15
122000192,1298,550,748
122000193,490,925,-435
122000194,530,220,310
122000195,168,697,-529
122000196,1222,517,705
122000197,538,673,-135
122000198,400,2049,-1649
122000199,299,451,-152
122000200,833,697,136
122000201,1131,2387,-1256
122000202,1115,2562,-1447
122000203,2726,1412,1314
122000204,1075,1800,-725
122000205,806,1385,-579
122000206,3060,1054,2006
122000207,2199,1686,513
122000208,2434,1657,777
122000209,1820,600,1220
122000210,2011,2024,-13
122000211,1466,1547,-81
122000212,941,637,304
122000213,1032,1560,-528
122000214,2113,1871,242
122000215,2624,1935,689
122000217,1689,2200,-511
122000218,774,72,702
122000219,1021,894,127
122000220,404,648,-244
122000221,82,380,-298
122000222,510,206,304
122000223,1249,602,647
122000225,937,381,556
122000226,1793,1495,298
122000227,242,1875,-1633
122000228,403,307,96
122000229,44,470,-426
122000230,74,388,-314
122000231,515,813,-298
122000232,657,756,-99
122000233,0,76,-76
122000234,504,74,430
122000235,630,84,546
122000236,1865,52,1813
122000237,221,108,113
122000238,390,373,17
122000239,986,196,790
122000240,1512,783,729
122000241,2130,547,1583
122000242,923,214,709
122000243,75,36,39
122000244,23,365,-342
122000245,8,66,-58
122000246,40,141,-101
122000247,910,256,654
122000248,757,1075,-318
122000249,1682,1158,524
122000250,2350,1254,1096
122000251,222,547,-325
122000252,384,234,150
122000253,160,287,-127
122000254,475,136,339
122000255,688,930,-242
122000256,292,486,-194
122000257,287,184,103
122000258,396,289,107
122000259,27,276,-249
122000260,8,27,-19
122000261,18,509,-491
122000262,1,17,-16
122000263,357,1054,-697
122000264,1497,320,1177
122000265,2672,1134,1538
122000266,4166,776,3390
122000267,199,176,23
122000268,127,384,-257
122000269,1058,347,711
122000270,531,172,359
122000271,302,1305,-1003
122000272,391,1034,-643
122000273,440,450,-10
122000274,266,176,90
122000275,88,184,-96
122000276,1188,598,590
122000277,1287,1790,-503
122000278,2644,500,2144
122000279,357,239,118
122000280,849,592,257
122000281,1102,765,337
122000282,305,528,-223
122000283,270,299,-29
122000284,337,96,241
122000285,239,90,149
122000286,71,159,-88
122000287,1413,1563,-150
122000288,536,327,209
122000291,2927,804,2123
122000293,207,167,40
122000294,149,316,-167
122000295,1777,232,1545
122000296,50,562,-512
122000297,2378,3932,-1554
122000299,702,564,138
122000300,440,514,-74
122000301,6252,3464,2788
122000302,736,2516,-1780
122000303,2423,1201,1222
122000304,48,164,-116
122000305,1629,215,1414
122000306,55,323,-268
122000307,171,140,31
122000309,74,55,19
122000310,11,138,-127
122000311,180,144,36
122000312,160,291,-131
122000313,147,101,46
122000314,136,309,-173
122000315,330,66,264
122000316,1198,298,900
122000317,2042,259,1783
122000318,347,1243,-896
122000319,178,292,-114
122000320,249,859,-610
122000321,92,127,-35
122000322,1675,2015,-340
122000323,842,2919,-2077
122000324,1230,1861,-631
122000325,981,3522,-2541
122000326,153,88,65
122000327,538,789,-251
122000328,611,408,203
122000330,1863,1698,165
122000332,235,358,-123
122000333,4,57,-53
122000337,1352,628,724
122000338,569,401,168
122000340,178,1745,-1567
122000342,1494,628,866
122000343,581,518,63
122000344,79,12,67
122000345,41,16,25
122000346,391,181,210
122000348,1160,901,259
122000349,139,848,-709
122000351,183,334,-151
122000352,314,196,118
122000353,198,66,132
122000355,157,341,-184
122000356,712,1871,-1159
122000357,134,58,76
122000358,0,25,-25
122000359,0,17,-17
122000360,0,29,-29
122000362,15,52,-37
122000364,314,277,37
122000365,1,50,-49
122000366,11,8,3
122000368,593,691,-98
122000370,51,22,29
122000371,55,0,55
122000372,14,6,8
122000381,183,350,-167
122000382,129,262,-133
122000384,1658,1224,434
122000385,106,0,106
122000386,257,2108,-1851
122000387,517,976,-459
122000388,1348,1102,246
122000389,162,1308,-1146
122000390,348,428,-80
122000391,208,626,-418
122000392,184,169,15
122000393,34,117,-83
122000394,656,207,449
122000395,150,77,73
122000396,233,90,143
122000397,26,31,-5
122000398,10,45,-35
122000399,175,78,97
122000400,79,876,-797
122000401,115,57,58
122000402,479,169,310
122000403,546,380,166
122000404,209,113,96
122000408,582,994,-412
122000503,12,123,-111
122000524,138,261,-123
122000544,125,2134,-2009
122000616,247,4,243
122000640,111,67,44
122000641,165,193,-28
122000642,1253,687,566
122000643,70,169,-99
122000644,114,48,66
122000645,95,188,-93
122000651,633,1856,-1223
122000664,160,16,144
122000665,1266,495,771
122000666,733,1244,-511
122000673,26,138,-112
122000674,216,130,86
122000675,2097,519,1578
122000686,653,911,-258
122000687,1713,320,1393
122000688,416,384,32
122000689,1167,217,950
122000690,3168,275,2893
122000691,1065,754,311
122000692,1895,324,1571
122000693,428,999,-571
122000695,500,272,228
122000696,838,97,741
122000698,495,238,257
122000699,187,90,97
122000701,1535,299,1236
122000702,419,911,-492
122000703,221,71,150
122000717,90,78,12
122000718,466,1080,-614
122000719,120,83,37
122000720,770,70,700
122000724,95,24,71
122900001,69,17,52
122900002,1351,6955,-5604
122900003,512,34,478
122900004,4096,160,3936
122900005,155,285,-130
122900006,681,1956,-1275
122900007,74,174,-100
122900008,365,306,59
122900009,780,506,274
122900010,283,103,180
122900012,225,433,-208
122900014,141,140,1
122900015,827,1953,-1126
122900016,139,255,-116
122900017,236,851,-615
122900018,189,23,166
122900019,11,118,-107
122900020,142,520,-378
122900021,61,408,-347
122900022,1407,828,579
122900023,947,260,687
122900024,178,119,59
122900025,11,393,-382
122900026,31,203,-172
122900027,52,503,-451
122900028,83,141,-58
122900029,4623,3009,1614
122900030,1814,607,1207
122900031,46,423,-377
122900032,177,467,-290
122900033,243,178,65
122900034,3852,4701,-849
122900035,60,28,32
122900036,76,68,8
122900037,387,110,277
122900038,98,3275,-3177
122900039,114,540,-426
122900040,274,720,-446
122900041,342,448,-106
122900042,188,307,-119
122900043,431,276,155
122900044,128,331,-203
122900045,130,197,-67
122900046,187,355,-168
122900047,129,216,-87
122900048,41,264,-223
122900049,1826,190,1636
122900051,53,228,-175
122900052,182,100,82
122900053,44,36,8
122900055,297,96,201
122900057,286,65,221
122900061,661,202,459
122900062,620,895,-275
122900063,227,222,5
122900064,853,464,389
122900065,652,277,375
122900066,846,461,385
122900067,890,480,410
122900068,132,269,-137
122900069,565,1663,-1098
122900070,401,51,350
122900071,133,240,-107
122900072,16,285,-269
122900073,15,102,-87
122900074,1308,348,960
122900075,0,100,-100
122900076,6,200,-194
122900077,1,83,-82
122900078,247,36,211
122900080,27,65,-38
122900081,150,134,16
122900082,1103,148,955
122900083,118,104,14
122900084,10,137,-127
122900086,21,208,-187
122900087,336,397,-61
122900088,38,516,-478
122900089,39,314,-275
122900090,11,244,-233
122900091,478,4,474
122900092,0,127,-127
122900093,0,117,-117
122900094,8,121,-113
122900095,252,26,226
122900096,431,105,326
122900097,41,79,-38
122900098,60,117,-57
122900099,121,30,91
122900100,168,1094,-926
122900101,370,351,19
122900102,25,50,-25
122900103,263,12,251
122900104,440,24,416
122900105,31,20,11
122900106,6,38,-32
122900107,11,95,-84
122900108,5,77,-72
123000001,925,808,117
123000002,2431,6254,-3823
123000003,4325,4670,-345
123000004,2547,3931,-1384
123000005,3027,3027,0
123000006,1885,1999,-114
123000007,4414,2790,1624
123000008,3019,2636,383
123000009,4503,2834,1669
123000010,3144,3284,-140
123000011,1785,1254,531
123000012,549,2491,-1942
123000013,3670,1222,2448
123000014,765,3265,-2500
123000015,2067,1130,937
123000016,2778,3889,-1111
123000017,3496,2203,1293
123000018,115,117,-2
123000019,611,93,518
123000020,417,64,353
123000021,245,258,-13
123000022,325,2021,-1696
123000023,2393,2362,31
123000024,1771,705,1066
123000025,99,125,-26
123000026,64,205,-141
123000027,101,1017,-916
123000028,1523,1072,451
123000029,635,1700,-1065
123000030,356,162,194
123000031,447,182,265
123000032,607,117,490
123000033,243,77,166
123000034,1190,803,387
123000035,562,500,62
123000036,252,985,-733
123000037,315,186,129
123000038,122,257,-135
123000039,535,1663,-1128
123000040,552,246,306
123000041,867,1297,-430
123000042,502,945,-443
123000043,2078,12307,-10229
123000044,3012,2564,448
123000045,3753,2753,1000
123000046,405,1349,-944
123000047,1196,1188,8
123000048,126,990,-864
123000049,5597,10475,-4878
123000050,2219,1729,490
123000051,73,222,-149
123000052,941,4130,-3189
123000053,2689,3352,-663
123000054,1974,1765,209
123000055,2199,3942,-1743
123000056,1202,1320,-118
123000057,4364,6073,-1709
123000058,773,1383,-610
123000059,374,473,-99
123000060,1346,440,906
123000061,397,679,-282
123000063,1210,1132,78
123000064,1378,270,1108
123000065,4934,2481,2453
123000066,478,560,-82
123000067,1151,463,688
123000068,1973,2222,-249
123000069,5018,2070,2948
123000070,207,561,-354
123000071,1833,903,930
123000072,1325,684,641
123000073,1859,848,1011
123000074,1128,891,237
123000075,455,1555,-1100
123000076,839,346,493
123000077,2083,1735,348
123000078,2258,1431,827
123000079,2308,1928,380
123000080,2451,1184,1267
123000081,208,373,-165
123000082,307,844,-537
123000083,1104,357,747
123000084,732,419,313
123000085,553,57,496
123000086,824,107,717
123000087,529,331,198
123000088,1655,629,1026
123000089,812,992,-180
123000090,1437,771,666
123000091,1328,1226,102
123000092,865,1348,-483
123000094,755,208,547
123000095,812,857,-45
123000096,1159,358,801
123000097,705,454,251
123000098,1180,592,588
123000099,833,509,324
123000100,421,807,-386
123000101,581,715,-134
123000102,473,801,-328
123000104,523,583,-60
123000105,490,616,-126
123000106,497,640,-143
123000107,285,383,-98
123000108,550,981,-431
123000111,1282,504,778
123000112,1586,613,973
123000113,494,809,-315
123000114,420,688,-268
123000115,395,335,60
123000116,45,79,-34
123000117,2344,1288,1056
123000118,568,580,-12
123000119,224,581,-357
123000120,418,598,-180
123000121,526,626,-100
123000122,356,278,78
123000123,508,616,-108
123000124,382,457,-75
123000125,1387,1526,-139
123000126,1306,5088,-3782
123000127,645,626,19
123000128,260,251,9
123000129,1127,255,872
123000130,891,102,789
123000131,1411,957,454
123000132,269,437,-168
123000133,129,206,-77
123000134,286,124,162
123000135,3336,1395,1941
123000136,243,472,-229
123000137,145,201,-56
123000138,93,288,-195
123000139,681,115,566
123000140,131,463,-332
123000141,797,205,592
123000142,1087,715,372
123000143,841,1367,-526
123000144,28,37,-9
123000145,290,313,-23
123000146,37,131,-94
123000147,115,139,-24
123000149,295,331,-36
123000150,103,223,-120
123000151,164,508,-344
123000152,75,425,-350
123000153,128,706,-578
123000154,1402,1795,-393
123000155,2010,1243,767
123000156,45,95,-50
123000157,683,716,-33
123000158,541,790,-249
123000159,3485,3822,-337
123000160,1204,1147,57
123000161,2194,1328,866
123000162,1747,1850,-103
123000163,813,197,616
123000164,2188,347,1841
123000165,440,1047,-607
123000166,59,108,-49
123000167,148,199,-51
123000168,299,168,131
123000169,1186,150,1036
123000170,82,96,-14
123000171,1294,15,1279
123000172,160,514,-354
123000173,619,464,155
123000174,1238,616,622
123000175,440,983,-543
123000176,1341,382,959
123000177,338,1008,-670
123000178,938,269,669
123000179,91,391,-300
123000180,1861,456,1405
123000181,261,1000,-739
123000182,392,342,50
123000183,213,641,-428
123000184,135,497,-362
123000185,1273,394,879
123000186,6,442,-436
123000187,799,21,778
123000188,190,2,188
123000189,230,149,81
123000190,98,127,-29
123000192,28,399,-371
123000193,83,695,-612
123000194,351,328,23
123000195,423,53,370
123000196,396,38,358
123000197,93,90,3
123000198,57,982,-925
123000199,21,710,-689
123000200,697,7,690
123000201,1395,26,1369
123000202,20,619,-599
123000203,1378,65,1313
123000204,76,693,-617
123000205,330,971,-641
123000206,2722,340,2382
123000207,84,559,-475
123000208,663,267,396
123000209,2459,838,1621
123000210,424,1319,-895
123000211,579,1752,-1173
123000212,4194,577,3617
123000213,693,77,616
123000215,60,218,-158
123000216,176,684,-508
123000217,310,48,262
123000218,40,735,-695
123000219,634,73,561
123000220,685,163,522
123000221,273,99,174
123000222,569,328,241
123000223,805,180,625
123000224,512,270,242
123000225,432,60,372
123000226,117,385,-268
123000227,105,219,-114
123000228,381,62,319
123000229,1030,1485,-455
123000232,159,470,-311
123000233,1043,177,866
123000234,208,546,-338
123000235,1752,351,1401
123000236,353,536,-183
123000237,410,113,297
123000238,83,354,-271
123000239,407,865,-458
123000240,76,913,-837
123000241,278,77,201
123000242,324,194,130
123000243,818,732,86
123000244,942,571,371
123000245,47,106,-59
123000249,239,608,-369
123000252,1110,449,661
123000253,1822,646,1176
123000254,911,1006,-95
123000255,1439,1055,384
123000256,21,234,-213
123000257,2255,1326,929
123000258,1179,630,549
123000259,589,465,124
123000260,653,348,305
123000261,478,134,344
123000262,83,138,-55
123000263,680,97,583
123000264,198,100,98
123000265,34,135,-101
123000266,646,876,-230
123000267,844,562,282
123000268,39,61,-22
123000269,50,76,-26
123000270,49,78,-29
123000271,60,52,8
123000272,764,325,439
123000273,269,789,-520
123000274,1229,973,256
123000275,321,712,-391
123000278,2648,2630,18
123000279,145,43,102
123000280,403,270,133
123000281,363,119,244
123000282,105,282,-177
123000283,170,88,82
123000284,61,70,-9
123000286,192,418,-226
123000287,486,327,159
123000288,1402,1279,123
123000289,335,1658,-1323
123000291,218,801,-583
123000294,150,210,-60
123000295,796,1156,-360
123000296,833,484,349
123000297,885,319,566
123000298,963,237,726
123000299,79,88,-9
123000300,1226,1095,131
123000301,129,441,-312
123000302,108,166,-58
123000303,173,254,-81
123000305,705,816,-111
123000306,296,130,166
123000309,41,56,-15
123000310,48,38,10
123000311,2,72,-70
123000312,295,622,-327
123000313,788,407,381
123000315,153,242,-89
123000316,684,82,602
123000317,251,97,154
123000318,68,209,-141
123000329,10,9,1
123000337,559,623,-64
123000338,197,109,88
123000339,478,80,398
123000340,101,260,-159
123000342,52,28,24
123000343,92,21,71
123000344,781,338,443
123000345,313,523,-210
123000346,433,54,379
123000352,915,786,129
123000353,48,116,-68
123000354,279,15,264
123000355,2,242,-240
123000356,478,14,464
123000357,7,100,-93
123000359,26,97,-71
123000360,278,86,192
123000361,166,268,-102
123000362,616,108,508
123000363,136,186,-50
123000364,560,589,-29
123000365,15,413,-398
123000366,378,2592,-2214
123000367,310,809,-499
123000370,48,180,-132
123000371,1056,62,994
123000372,428,31,397
123000373,6,337,-331
123000374,24,139,-115
123000375,481,49,432
123000376,973,738,235
123000377,622,22,600
123000378,21,210,-189
123000379,4,179,-175
123000380,32,409,-377
123000381,54,130,-76
123000382,504,151,353
123000383,95,1185,-1090
123000384,484,122,362
123000385,154,591,-437
123000436,38,1421,-1383
123000507,88,188,-100
123000508,143,1171,-1028
123000517,339,25,314
123000518,41,172,-131
123000519,201,168,33
123000520,53,215,-162
123000521,494,159,335
123000522,168,336,-168
123000541,4,3,1
123000542,0,6,-6
123000565,7,1,6
123000566,1607,256,1351
123000567,94,159,-65
123000573,49,440,-391
123000574,983,93,890
123000575,1891,807,1084
123000576,1297,901,396
123000577,61,594,-533
123000578,298,114,184
123000579,891,6544,-5653
123000580,60,39,21
123000582,602,33,569
123000583,20,325,-305
123000584,150,271,-121
123000585,1,40,-39
123000586,113,0,113
123000596,80,107,-27
123000597,67,175,-108
123000602,98,10,88
123000603,1378,388,990
123000604,729,342,387
123000605,662,65,597
123000606,2,367,-365
123000609,28,273,-245
123000610,147,117,30
123000613,39,169,-130
123000614,356,47,309
123000615,21,66,-45
123000616,1088,72,1016
123000617,121,169,-48
123000618,58,455,-397
123000619,610,59,551
123000620,52,272,-220
123000622,664,28,636
123000624,257,34,223
123000630,1621,501,1120
123000631,239,433,-194
123000632,615,578,37
123000633,1,102,-101
123000634,81,288,-207
123000635,91,85,6
123000636,45,373,-328
123000637,197,83,114
123000638,625,26,599
123000639,702,5500,-4798
123000640,15,350,-335
123900001,1017,57,960
123900002,38,1488,-1450
123900003,227,340,-113
123900005,223,177,46
123900006,355,55,300
124000001,1963,182,1781
124000002,77,1034,-957
124000003,1451,174,1277
124000004,66,309,-243
124000005,1442,625,817
124000006,201,727,-526
124000007,398,126,272
124000008,20,441,-421
124000009,958,295,663
124000010,267,346,-79
124000011,1199,376,823
124000012,342,259,83
124000017,235,147,88
124000018,120,63,57
124000019,178,183,-5
124000020,42,90,-48
124000021,144,131,13
124000022,89,134,-45
124000023,1334,1559,-225
124000024,1188,386,802
124000025,1144,1806,-662
124000026,1173,886,287
124000027,3895,4669,-774
124000028,1130,3513,-2383
124000030,1583,1315,268
124000031,1504,5149,-3645
124000032,1090,650,440
124000033,55,200,-145
124000034,555,478,77
124000035,32,329,-297
124000036,29,172,-143
124000037,556,1357,-801
124000038,50,137,-87
124000039,767,406,361
124000040,336,1300,-964
124000041,621,110,511
124000042,142,347,-205
124000043,116,110,6
124000044,96,144,-48
124000045,1146,476,670
124000046,310,566,-256
124000047,2430,794,1636
124000048,1359,606,753
124000049,2263,521,1742
124000050,983,1079,-96
124000051,1365,513,852
124000052,619,604,15
124000053,600,2189,-1589
124000054,735,319,416
124000055,1331,3680,-2349
124000056,1377,879,498
124000057,1257,623,634
124000058,428,882,-454
124000059,874,1242,-368
124000060,629,511,118
124000061,1406,5965,-4559
124000062,1886,1254,632
124000063,1147,1138,9
124000064,1810,1062,748
124000065,5,489,-484
124000066,117,365,-248
124000067,265,145,120
124000068,10,8,2
124000069,153,13,140
124000070,47,36,11
124000071,881,170,711
124000072,371,483,-112
124000073,1277,251,1026
124000074,240,658,-418
124000075,614,41,573
124000076,4,118,-114
124000077,828,1005,-177
124000078,2476,1352,1124
124000079,370,1516,-1146
124000080,898,179,719
124000081,329,400,-71
124000082,51,215,-164
124000083,43,87,-44
124000084,57,517,-460
124000085,110,23,87
124000086,30,178,-148
124000087,211,147,64
124000088,173,700,-527
124000089,857,265,592
124000090,143,253,-110
124000091,541,113,428
124000092,108,385,-277
124000093,186,170,16
124000094,344,577,-233
124000095,130,133,-3
124000096,198,262,-64
124000097,108,158,-50
124000098,55,57,-2
124000099,301,132,169
124000100,53,101,-48
124000101,108,158,-50
124000102,85,42,43
124000103,182,167,15
124000104,95,34,61
124000105,149,95,54
124000106,147,48,99
124000107,27,239,-212
124000108,55,10,45
124000109,214,117,97
124000110,118,41,77
124000111,227,148,79
124000112,793,465,328
124000113,140,113,27
124000114,477,294,183
124000115,356,508,-152
124000116,130,196,-66
124000117,31,86,-55
124000118,39,103,-64
124000119,723,726,-3
124000120,583,571,12
124000121,1219,893,326
124000122,505,1290,-785
124000123,1315,488,827
124000124,349,941,-592
124000125,460,524,-64
124000126,264,601,-337
124000127,1117,406,711
124000128,584,673,-89
124000129,2303,1701,602
124000130,655,686,-31
124000131,846,833,13
124000132,721,805,-84
124000133,968,1211,-243
124000134,953,516,437
124000135,1568,2302,-734
124000136,704,902,-198
124000137,926,1214,-288
124000138,1367,1223,144
124000139,704,41,663
124000140,52,307,-255
124000141,68,16,52
124000142,9,215,-206
124000143,91,28,63
124000144,19,34,-15
124000145,264,58,206
124000146,103,75,28
124000148,95,92,3
124000149,1523,434,1089
124000150,293,586,-293
124000151,1152,543,609
124000152,779,927,-148
124000153,1424,1090,334
124000154,717,693,24
124000155,1453,1044,409
124000156,1071,1044,27
124000169,174,521,-347
124000170,600,493,107
124000171,313,219,94
124000172,338,533,-195
124000173,602,216,386
124000174,429,590,-161
124000175,12,83,-71
124000176,54,29,25
124000177,1,61,-60
124000178,118,89,29
124000190,45,92,-47
124000191,42,118,-76
124000192,1473,530,943
124000193,479,979,-500
124000194,340,375,-35
124000195,310,678,-368
124000196,738,699,39
124000197,46,37,9
124000198,60,72,-12
124000201,301,582,-281
124000202,666,351,315
124000203,707,267,440
124000204,1391,191,1200
124000205,186,271,-85
124000206,1238,204,1034
124000207,0,38,-38
124000209,190,197,-7
124000210,796,195,601
124000211,953,3,950
124000212,0,180,-180
124000213,857,175,682
124000214,566,232,334
124000215,583,37,546
124000216,5,206,-201
124000329,192,750,-558
124000338,155,460,-305
124000339,1601,98,1503
124000341,2077,145,1932
124000344,74,34,40
124000357,1244,2324,-1080
124000358,843,1691,-848
124000359,1555,865,690
124000360,1136,643,493
124000361,2146,1009,1137
124000362,995,1240,-245
124000363,216,331,-115
124000364,457,718,-261
124000365,495,809,-314
124000366,1049,711,338
124000367,85,294,-209
124000368,490,694,-204
124000369,103,127,-24
124000370,33,437,-404
124000402,31,20,11
124000403,204,59,145
124000404,18,61,-43
124000405,1070,952,118
124000406,611,763,-152
124000407,3,33,-30
124000411,12,163,-151
124000412,665,3,662
124000413,69,52,17
124000414,200,119,81
124000415,64,58,6
124000416,157,138,19
124000417,232,104,128
124000418,256,69,187
124000419,186,71,115
124000420,143,46,97
124000421,72,75,-3
124000422,15,15,0
124000423,105,36,69
124000424,5,24,-19
124000425,78,21,57
124000426,8,30,-22
124000427,57,4,53
124000428,20,87,-67
124000429,134,52,82
124000430,840,383,457
124000431,712,399,313
124000432,373,467,-94
124000439,11,2,9
124000442,16,43,-27
124000443,1,4,-3
124000445,92,1025,-933
124000446,467,113,354
124900001,740,531,209
124900002,211,234,-23
124900003,1294,526,768
124900004,956,293,663
124900005,417,108,309
124900006,1062,302,760
124900008,1366,709,657
124900009,196,504,-308
124900010,286,267,19
124900011,826,404,422
124900012,599,83,516
124900013,781,149,632
124900014,550,71,479
124900015,188,559,-371
124900016,115,178,-63
124900017,537,2545,-2008
124900018,129,17,112
124900020,126,121,5
124900021,527,80,447
124900022,56,7,49
124900024,441,36,405
124900026,92,40,52
124900027,143,639,-496
124900028,445,90,355
124900029,21,609,-588
124900030,8,102,-94
124900031,74,237,-163
124900032,166,295,-129
124900033,186,276,-90
124900034,8,85,-77
124900035,183,388,-205
124900036,4,54,-50
124900037,266,261,5
124900038,201,186,15
124900039,0,79,-79
124900040,144,132,12
124900041,309,457,-148
124900042,112,1,111
124900043,549,465,84
124900044,142,7,135
124900045,580,1034,-454
124900046,602,204,398
124900047,104,210,-106
124900048,253,118,135
124900050,219,140,79
124900052,86,217,-131
124900053,253,282,-29
124900054,689,664,25
124900055,1,192,-191
124900057,10,35,-25
124900060,66,144,-78
124900061,160,8,152
124900062,318,27,291
124900066,0,5,-5
124900067,2,107,-105
124900068,207,867,-660
124900070,83,20,63
124900072,161,39,122
124900074,760,151,609
124900075,371,215,156
124900076,23,1663,-1640
124900077,22,149,-127
124900078,100,12,88
124900079,314,194,120
124900080,386,256,130
124900081,1212,394,818
124900082,386,445,-59
124900083,382,327,55
124900084,932,156,776
124900085,621,704,-83
124900086,59,1527,-1468
124900087,249,128,121
124900088,224,102,122
124900089,703,21,682
124900090,549,273,276
124900091,449,251,198
124900092,294,241,53
124900093,436,278,158
124900094,668,312,356
124900095,204,584,-380
124900096,464,308,156
124900097,353,73,280
124900098,154,354,-200
124900099,353,597,-244
124900100,436,93,343
124900101,41,349,-308
124900102,335,47,288
124900103,202,146,56
124900104,91,129,-38
124900105,107,90,17
124900106,574,78,496
124900107,155,62,93
124900108,191,101,90
124900109,109,170,-61
124900110,407,301,106
124900111,0,124,-124
124900112,79,262,-183
124900113,83,385,-302
124900114,95,177,-82
124900115,216,52,164
124900116,300,284,16
124900117,222,265,-43
124900118,160,409,-249
124900119,476,242,234
124900120,29,264,-235
124900121,95,457,-362
124900122,232,221,11
124900123,200,149,51
124900124,166,263,-97
129000186,133,74,59
204000001,28,9,19
204000002,8,6,2
204000003,28,7,21
204000004,5,5,0
204000005,554,347,207
204000006,1114,865,249
204000011,11,25,-14
204000012,46,90,-44
204000013,1,25,-24
204000019,946,380,566
204000020,842,390,452
204000021,954,756,198
204000022,634,396,238
204000023,583,456,127
204000031,43,13,30
204000032,284,47,237
204000034,28,110,-82
204000035,3,12,-9
204000036,9,23,-14
204000037,0,10,-10
204000038,0,26,-26
204000039,26,10,16
204000040,8,10,-2
204000041,14,20,-6
204000042,48,11,37
204000043,53,22,31
204000044,46,5,41
204000045,43,15,28
204000046,13,5,8
204000057,14,3,11
204000062,3,20,-17
204000068,16,357,-341
204000069,92,322,-230
204000070,57,69,-12
204000080,84,44,40
204000085,1626,1015,611
204000086,1663,1194,469
204000087,47,5,42
204000088,5,70,-65
204000090,29,151,-122
204000093,621,55,566
204000096,1200,860,340
204000097,695,3,692
204000099,1003,1449,-446
204000100,1727,1524,203
204000105,1360,837,523
204000110,340,719,-379
204000111,463,410,53
204000112,384,483,-99
204000113,428,745,-317
204000114,1082,942,140
204000115,696,375,321
204000116,425,465,-40
204000119,1991,2208,-217
204000132,616,329,287
204000133,738,154,584
204000134,174,54,120
204000135,503,42,461
204000136,480,159,321
204000138,425,478,-53
204000140,245,101,144
204000141,143,60,83
204000144,12,34,-22
204000145,569,39,530
204000146,22,281,-259
204000147,8,175,-167
204000148,163,22,141
204000154,10,4,6
204000155,2,7,-5
204000177,54,31,23
204000179,86,4,82
204000180,0,25,-25
204000222,6,4,2
204000235,49,20,29
204000236,56,175,-119
204000238,47,35,12
204000240,410,66,344
204000263,380,557,-177
204000268,779,403,376
204000308,169,7,162
204000317,7,82,-75
204000322,11,58,-47
204000323,9,3,6
204000328,199,58,141
204000329,43,145,-102
204000330,182,14,168
204000331,46,119,-73
204010341,6,136,-130
205000001,587,1074,-487
205000013,10,59,-49
205000014,18,65,-47
205000015,33,118,-85
205000016,17,109,-92
205000017,31,77,-46
205000022,244,542,-298
205000025,816,648,168
205000029,306,9,297
205000045,88,687,-599
205000046,107,334,-227
205000047,43,246,-203
205000048,320,479,-159
205000049,174,476,-302
205000050,533,220,313
205000059,0,148,-148
205000060,0,78,-78
205000061,4,176,-172
205000062,2,246,-244
205000063,34,221,-187
205000064,19,75,-56
205000065,57,412,-355
205000066,106,330,-224
205000067,44,506,-462
205000069,211,21,190
205000082,187,199,-12
205000110,50,156,-106
205000111,217,138,79
205000112,204,167,37
205000113,143,240,-97
205000121,236,44,192
205000123,41,212,-171
205000126,471,115,356
205000127,782,136,646
205000128,463,49,414
205000129,713,37,676
205000130,116,21,95
205000131,48,4,44
205000132,54,9,45
205000133,35,2,33
205000134,272,1,271
205000137,98,116,-18
205000138,157,309,-152
205000139,24,110,-86
205000144,131,81,50
205000145,479,191,288
205000151,203,20,183
205000152,216,21,195
205000153,259,14,245
205000154,85,35,50
205000155,112,10,102
205000207,6,105,-99
205000233,18,0,18
205000234,0,2,-2
205000243,1,0,1
205000244,0,2,-2
205000245,9,101,-92
205000249,0,14,-14
205000250,2,2,0
205000264,16,76,-60
206000027,9,9,0
206000028,10,3,7
206000043,4,64,-60
206000053,5,4,1
206000054,1,18,-17
206000055,0,13,-13
206000075,17,20,-3
206000076,18,2,16
206000077,27,4,23
206000078,12,14,-2
206000079,32,5,27
206000082,417,74,343
206000100,26,346,-320
206000103,3,6,-3
206000104,14,9,5
206000105,6,8,-2
206000106,2,9,-7
206000108,575,41,534
206000125,89,0,89
206000157,30,435,-405
206000170,0,104,-104
206000171,4,149,-145
206000172,6,152,-146
206000173,5,121,-116
206000174,30,26,4
206000175,0,25,-25
206000176,26,60,-34
206000177,0,65,-65
206000178,4,190,-186
206000179,7,92,-85
206000180,5,65,-60
206000181,12,40,-28
206000182,1,60,-59
206000183,9,128,-119
206000184,8,118,-110
206000185,6,43,-37
206000186,74,278,-204
206000223,3,115,-112
206000226,18,2,16
206000227,45,1,44
206000237,38,98,-60
206000238,16,222,-206
206000239,160,1226,-1066
206000240,2,35,-33
206000241,0,42,-42
206000242,1,80,-79
206000243,16,59,-43
206000244,30,193,-163
206000245,1379,58,1321
206000246,485,33,452
206000247,486,6,480
206000248,603,16,587
206000252,66,43,23
206000258,24,40,-16
206000315,30,5,25
206000317,790,212,578
206000318,909,96,813
206000319,3000,125,2875
206000320,462,41,421
206000321,534,18,516
206000322,977,18,959
206000323,318,11,307
206000324,362,9,353
206000325,274,13,261
206000326,260,39,221
206000327,67,15,52
206000328,325,3,322
206000329,521,12,509
206000330,97,5,92
206000331,378,4,374
206000332,86,1,85
206000333,1201,11,1190
206000334,471,2,469
206000335,0,19,-19
206000361,2,146,-144
206000392,0,9,-9
206000405,216,3,213
206000441,67,13,54
206000498,58,3,55
206000515,59,37,22
206000530,549,78,471
206000531,300,413,-113
206000532,1537,533,1004
206000535,116,2493,-2377
206000536,8,69,-61
206000537,12,111,-99
206000613,1958,264,1694
207000001,115,577,-462
207000002,74,408,-334
207000003,123,156,-33
207000007,1284,222,1062
207000008,158,7,151
207000009,74,45,29
207000010,293,210,83
207000012,598,193,405
207000015,236,605,-369
207000019,214,105,109
207000021,487,240,247
207000022,197,154,43
207000023,268,70,198
207000024,7,22,-15
207000025,26,63,-37
207000026,41,34,7
207000027,15,50,-35
207000028,65,118,-53
207000029,202,312,-110
207000033,203,446,-243
207000034,342,133,209
207000039,606,68,538
207000040,640,36,604
207000041,147,33,114
207000042,374,70,304
207000043,271,118,153
207000051,149,158,-9
207000052,37,131,-94
207000053,399,335,64
207000054,56,82,-26
207000055,154,82,72
207000056,317,223,94
207000057,121,211,-90
207000058,196,184,12
207000059,95,209,-114
207000060,66,177,-111
207000061,205,738,-533
207000062,460,31,429
207000063,507,54,453
207000064,361,74,287
207000065,379,196,183
207000066,306,149,157
207000067,67,55,12
207000068,154,51,103
207000069,811,324,487
207000082,5,109,-104
207000083,88,158,-70
207000084,389,243,146
207000085,234,18,216
207000086,282,7,275
207000106,50,25,25
207000107,148,13,135
207000108,82,16,66
207000109,85,9,76
207000110,54,91,-37
207000111,134,105,29
207000112,112,847,-735
207000114,23,33,-10
207000115,27,43,-16
207000116,19,339,-320
207000117,22,63,-41
207000118,4,41,-37
207000119,50,47,3
207000123,171,23,148
207000124,147,28,119
207000125,82,29,53
207000126,69,37,32
207000134,114,70,44
207000135,23,105,-82
207000148,118,391,-273
207000149,67,50,17
207000152,112,424,-312
207000153,359,872,-513
207000154,270,221,49
207000159,80,77,3
207000160,165,204,-39
207000238,0,128,-128
207000242,7,82,-75
207000248,26,28,-2
207000249,93,33,60
207000250,420,77,343
207000251,72,81,-9
207000252,43,63,-20
207000278,129,106,23
207000279,51,101,-50
207000280,786,59,727
207000281,98,389,-291
207000282,94,169,-75
207000283,47,192,-145
207000284,32,419,-387
207000285,89,80,9
207000291,10,95,-85
207000304,82,45,37
207000306,76,283,-207
207000310,147,89,58
207000353,163,2,161
207000356,13,90,-77
207000357,19,21,-2
207000358,15,35,-20
207000415,4,82,-78
207000417,46,6,40
207000418,56,77,-21
207000438,0,1,-1
207000439,549,580,-31
207000446,208,2,206
207000460,36,4,32
207000466,99,86,13
207000467,348,66,282
207000468,38,153,-115
207000476,9,40,-31
207000477,925,49,876
207000478,1,240,-239
207000523,0,9,-9
207000524,17,1,16
207000527,126,156,-30
207000530,672,9,663
207000531,399,7,392
207000532,151,44,107
207000534,202,58,144
207000535,22,273,-251
207000537,28,54,-26
207000540,9,75,-66
207000541,2,131,-129
207000548,12,135,-123
207000549,358,15,343
207000561,254,236,18
207000562,34,130,-96
207000567,98,196,-98
207000568,302,30,272
207000569,640,336,304
207000584,133,179,-46
207000585,48,292,-244
207000616,0,54,-54
207000617,241,0,241
207900008,339,56,283
208000001,552,1132,-580
208000002,738,584,154
208000003,1023,516,507
208000004,739,640,99
208000005,4,16,-12
208000019,838,704,134
208000020,226,340,-114
208000021,368,251,117
208000022,1043,554,489
208000028,876,1228,-352
208000033,697,596,101
208000034,1051,1333,-282
208000040,163,132,31
208000041,750,577,173
208000042,1005,617,388
208000047,158,152,6
208000064,2006,1358,648
208000066,1500,2476,-976
208000070,464,295,169
208000071,681,476,205
208000072,464,795,-331
208000080,351,331,20
208000081,342,148,194
208000082,395,149,246
208000083,137,223,-86
208000084,11,14,-3
208000085,524,447,77
208000086,383,778,-395
208000087,383,630,-247
208000089,1082,323,759
208000090,1135,391,744
208000093,129,204,-75
208000094,421,345,76
208000095,856,388,468
208000104,1433,516,917
208000105,716,743,-27
208000114,121,378,-257
208000115,639,298,341
208000116,774,1003,-229
208000117,115,151,-36
208000118,103,214,-111
208000155,688,1172,-484
208000158,1377,3194,-1817
208000186,1958,3337,-1379
208000204,822,926,-104
208000205,1318,789,529
208000282,2444,2598,-154
209000004,572,229,343
209000005,41,56,-15
209000006,450,235,215
209000007,262,382,-120
209000010,362,113,249
209000011,85,246,-161
209000012,119,111,8
209000013,289,154,135
209000014,354,430,-76
209000025,484,61,423
209000026,960,100,860
209000027,312,369,-57
209000028,339,305,34
209000029,310,560,-250
209000030,293,799,-506
209000031,1794,1198,596
209000034,255,194,61
209000035,170,192,-22
209000036,241,99,142
209000037,356,135,221
209000038,129,120,9
209000039,75,117,-42
209000040,328,410,-82
209000041,192,322,-130
209000042,309,231,78
209000043,783,529,254
209000044,244,570,-326
209000045,871,345,526
209000046,521,395,126
209000047,384,175,209
209000048,565,391,174
209000049,84,46,38
209000050,171,61,110
209000051,188,109,79
209000052,79,108,-29
209000062,60,43,17
209000063,45,37,8
209000064,29,23,6
209000065,139,22,117
209000066,121,14,107
209000067,124,33,91
209000080,13,202,-189
209000082,95,39,56
209000091,32,93,-61
209000093,41,10,31
209000094,74,129,-55
209000110,55,173,-118
209000111,725,1845,-1120
209000112,1481,604,877
209000113,1981,600,1381
209000114,1158,583,575
209000115,52,67,-15
209000116,339,192,147
209000118,19,56,-37
209000119,14,12,2
209000121,74,333,-259
209000135,85,281,-196
209000142,909,1718,-809
209000143,64,40,24
209000144,51,160,-109
209000229,243,120,123
209000240,30,123,-93
209000259,31,38,-7
209000260,54,1083,-1029
209000261,8,877,-869
209000262,3,431,-428
209000263,0,162,-162
209000264,1,209,-208
209000265,433,2,431
209000266,113,1,112
209000267,1756,9,1747
209000268,576,82,494
210000037,92,19,73
210000047,76,17,59
210000048,136,25,111
210000049,69,5,64
210000052,82,42,40
210000053,35,29,6
210000054,28,44,-16
210000070,203,4,199
210000071,131,0,131
210000072,46,0,46
210000073,0,14,-14
210000074,0,120,-120
210000075,4,136,-132
210000076,12,184,-172
210000077,7,68,-61
210000078,38,92,-54
210000079,14,15,-1
210000080,35,45,-10
210000081,136,19,117
210000082,127,7,120
210000083,97,10,87
210000084,46,0,46
210000085,0,30,-30
210000086,2,82,-80
210000099,75,201,-126
210000100,51,111,-60
210000101,83,119,-36
210000105,21,160,-139
210000159,1,211,-210
210000163,80,272,-192
210000164,170,237,-67
210000168,106,52,54
210000187,0,29,-29
210000188,0,19,-19
210000214,15,0,15
210000219,62,55,7
210000220,142,48,94
210000232,7,20,-13
210000233,37,28,9
210000234,30,92,-62
210000235,82,62,20
210000245,0,63,-63
210000246,63,26,37
210000258,8,68,-60
210000259,256,58,198
210000282,58,221,-163
210000285,4,125,-121
210000286,19,116,-97
210000290,0,12,-12
210000295,52,104,-52
210000296,33,31,2
210000320,270,52,218
210000321,147,44,103
210000338,43,47,-4
210000339,185,906,-721
210000340,122,304,-182
210000341,213,310,-97
210000342,230,190,40
210000343,190,188,2
210000344,110,138,-28
210000345,115,175,-60
210000346,50,83,-33
210000347,31,40,-9
210000348,64,21,43
210000349,32,11,21
210000350,140,67,73
210000351,150,66,84
210000352,51,30,21
210000353,71,49,22
210000354,58,30,28
210000355,27,47,-20
210000356,7,37,-30
210000357,31,55,-24
210000358,145,152,-7
210000359,74,82,-8
210000360,140,132,8
210000361,171,110,61
210000362,194,187,7
210000363,394,236,158
210000364,107,164,-57
210000365,153,61,92
210000366,104,43,61
210000367,73,25,48
210000368,98,28,70
210000369,25,25,0
210000370,59,37,22
210000372,19,14,5
210000373,17,15,2
210000374,51,28,23
210000375,48,28,20
210000376,47,50,-3
210000404,48,104,-56
210000439,40,24,16
210000472,82,2,80
210000482,38,146,-108
210000564,123,259,-136
210000567,0,40,-40
210000568,240,3,237
211000092,82,20,62
211000094,24,7,17
211000169,243,41,202
211000172,14,102,-88
211000209,1,37,-36
211000226,10,22,-12
211000270,29,9,20
211000275,26,8,18
211000276,139,14,125
211000279,17,23,-6
211000281,73,25,48
211507980,2,51,-49
211977296,59,5,54
212000003,149,20,129
212000004,21,26,-5
212000005,11,63,-52
212000006,25,48,-23
212000008,158,77,81
212000009,48,57,-9
212000012,54,59,-5
212000013,31,23,8
212000014,292,139,153
212000015,332,199,133
212000016,554,418,136
212000027,567,266,301
212000028,387,220,167
212000029,258,146,112
212000030,70,20,50
212000031,95,25,70
212000048,50,231,-181
212000049,20,212,-192
212000050,22,8,14
212000051,264,131,133
212000052,250,153,97
212000053,327,241,86
212000054,430,60,370
212000055,309,98,211
212000056,17,32,-15
212000057,15,14,1
212000058,143,30,113
212000070,138,100,38
212000077,123,276,-153
212000099,316,187,129
212000108,203,92,111
212000111,259,71,188
212000120,132,48,84
212000138,109,20,89
212000156,1,65,-64
212000158,10,18,-8
212000159,547,41,506
212000160,796,189,607
212000161,57,6,51
212000310,54,16,38
212000311,16,44,-28
212000374,33,11,22
213000001,32,394,-362
213000005,523,156,367
213000006,905,326,579
213000007,90,15,75
213000009,401,370,31
213000010,204,226,-22
213000011,172,80,92
213000012,156,265,-109
213000014,83,19,64
213000015,284,7,277
213000016,504,0,504
213000017,99,0,99
213000018,2,54,-52
213000019,2,77,-75
213000020,127,270,-143
213000021,4,93,-89
213000023,472,256,216
213000033,386,1368,-982
213000034,545,219,326
213000035,214,189,25
213000045,271,304,-33
213000046,222,153,69
213000047,483,1158,-675
213000056,120,31,89
213000069,69,4,65
213000073,0,64,-64
213000074,114,343,-229
213000075,636,7,629
213000076,22,1,21
213000085,13,42,-29
213000086,16,149,-133
213000091,351,22,329
213000092,124,19,105
213000099,146,1214,-1068
213000100,890,250,640
213000101,577,114,463
213000102,624,159,465
213000103,876,716,160
213000104,57,332,-275
213000105,97,1122,-1025
213000106,31,110,-79
213000107,176,255,-79
213000108,43,256,-213
213000109,14,166,-152
213000110,37,133,-96
213000111,7,77,-70
213000112,85,109,-24
213000115,54,7,47
213000116,52,316,-264
213000117,7,387,-380
213000118,631,212,419
213000119,51,418,-367
213000120,123,245,-122
213000122,124,235,-111
213000123,244,552,-308
213000124,180,932,-752
213000125,205,39,166
213000126,54,186,-132
213000127,93,335,-242
213000128,201,1176,-975
213000129,293,731,-438
213000130,1214,279,935
213000132,634,108,526
213000133,931,63,868
213000134,1088,38,1050
213000136,579,22,557
213000137,807,62,745
213000139,102,9,93
213000147,53,10,43
213000148,9,10,-1
213000149,36,15,21
213000150,0,201,-201
213000151,4,108,-104
213000152,3,92,-89
213000153,4,113,-109
213000154,50,328,-278
213000155,69,176,-107
213000156,119,260,-141
213000157,815,307,508
213000158,388,687,-299
213000159,750,363,387
213000163,1420,114,1306
213000165,1050,352,698
213000171,4,64,-60
213000172,1,169,-168
213000173,2,143,-141
213000174,3,76,-73
213000175,8,49,-41
213000176,85,36,49
213000177,129,7,122
213000178,257,6,251
213000179,339,7,332
213000180,254,1,253
213000184,116,322,-206
213000188,481,104,377
213000189,668,44,624
213000190,924,604,320
213000191,478,252,226
213000192,346,168,178
213000193,418,283,135
213000194,2,107,-105
213000195,15,279,-264
213000196,240,1221,-981
213000197,472,455,17
213000198,53,1,52
213000200,135,484,-349
213000201,15,32,-17
213000202,12,424,-412
213000203,2039,534,1505
213000204,875,45,830
213000205,468,81,387
213000206,422,22,400
213000207,90,10,80
213000208,49,3,46
213000209,149,1,148
213000210,219,3,216
213000211,5,15,-10
213000212,11,34,-23
213000213,16,46,-30
213000218,274,283,-9
213000219,720,21,699
213000220,572,23,549
213000223,155,264,-109
213000224,24,68,-44
213000225,125,25,100
213000226,77,28,49
213000227,1194,166,1028
213000228,504,74,430
213000229,90,15,75
213000230,419,14,405
213000232,71,514,-443
213000233,13,502,-489
213000234,10,108,-98
213000293,13,51,-38
213000294,115,19,96
213000295,15,69,-54
213000296,70,40,30
213000297,6,56,-50
213000298,15,58,-43
213000299,72,32,40
213000300,4,5,-1
213000303,2,16,-14
213000304,0,12,-12
213000305,2,27,-25
213000306,32,53,-21
213000307,90,93,-3
213000308,84,146,-62
213000309,208,72,136
213000310,586,266,320
213000311,144,855,-711
213000315,79,136,-57
213000316,190,55,135
213000322,103,67,36
213000323,146,70,76
213000324,145,38,107
213000325,73,54,19
213000326,85,30,55
213000327,87,22,65
213000328,86,127,-41
213000329,184,28,156
213000340,148,297,-149
213000341,775,61,714
213000346,230,376,-146
213000347,390,540,-150
213000348,7,280,-273
213000349,25,13,12
213000350,257,644,-387
213000366,104,166,-62
213000367,361,9,352
213000379,74,110,-36
213000386,29,155,-126
213000406,123,222,-99
213000417,1468,500,968
213000425,378,39,339
213000426,239,50,189
213000427,59,120,-61
213000428,60,88,-28
213000429,7,3,4
213000430,110,311,-201
213000431,32,2,30
213000432,2,44,-42
213000433,26,103,-77
213000434,166,127,39
213000435,164,56,108
213000436,49,43,6
213000437,6,11,-5
213000438,185,51,134
213000439,50,31,19
213000440,6,260,-254
213000441,1,2,-1
213000442,7,31,-24
213000443,466,205,261
213000444,41,13,28
213000445,1,79,-78
213000446,0,32,-32
213000447,3,41,-38
213000448,8,185,-177
213000449,755,27,728
213000450,30,35,-5
213000451,303,69,234
213000452,33,21,12
213000453,31,280,-249
213000455,288,84,204
213000456,0,203,-203
213000481,1,2,-1
213000484,27,3,24
213000489,167,58,109
213000491,2,152,-150
213000492,153,20,133
213000493,2,115,-113
213000494,315,109,206
213000495,0,22,-22
213000496,497,139,358
213000497,24,228,-204
213000498,208,71,137
213000499,296,194,102
213000500,770,62,708
213000501,181,49,132
213000502,183,190,-7
213000503,4,33,-29
213000504,52,29,23
213000505,10,1,9
213000506,0,8,-8
213000507,1,86,-85
213900016,0,5,-5
213900244,67,0,67
213900245,0,12,-12
218000003,19,26,-7
218000004,27,53,-26
218000005,23,35,-12
218000006,47,57,-10
218000007,15,5,10
218000012,110,109,1
218000013,128,126,2
218000014,337,295,42
218000019,460,492,-32
218000020,234,290,-56
218000021,22,22,0
218000022,12,7,5
218000023,5,12,-7
218000024,0,6,-6
218000025,5,8,-3
218000026,6,26,-20
218000027,0,4,-4
218000028,2,2,0
218000029,1,2,-1
218000030,7,15,-8
218000031,7,7,0
218000032,0,15,-15
218000040,1,7,-6
218000046,88,63,25
218000047,10,90,-80
218000048,71,83,-12
218000049,79,80,-1
218000050,342,155,187
218000051,78,130,-52
218000052,1,47,-46
218000053,4,28,-24
218000054,7,53,-46
218000055,9,14,-5
218000056,17,18,-1
218000057,1,19,-18
218000064,1,13,-12
218000065,61,18,43
218000066,16,15,1
218000067,56,37,19
218000068,144,60,84
218000069,319,81,238
218000070,270,176,94
218000071,185,125,60
218000072,165,179,-14
218000078,1044,348,696
218000079,193,58,135
218000080,146,38,108
218000081,614,143,471
218000082,66,74,-8
218000083,85,67,18
218000084,253,102,151
218000085,254,239,15
218000086,92,88,4
218000087,267,108,159
218000090,21,111,-90
218000091,1146,477,669
218000092,103,97,6
218000093,74,40,34
218000094,414,404,10
218000099,294,578,-284
218000100,354,296,58
218000101,335,176,159
218000102,485,132,353
218000103,110,80,30
218000104,103,29,74
218000105,20,35,-15
218000106,6,14,-8
218000107,71,36,35
218000108,3,23,-20
218000112,49,39,10
218000117,60,57,3
218000134,626,296,330
218000135,22,59,-37
218000136,129,73,56
218000137,183,102,81
218000138,80,113,-33
218000139,198,231,-33
218000140,505,178,327
218000141,100,47,53
218000142,213,130,83
218000143,71,278,-207
218000144,35,92,-57
218000145,580,377,203
218000146,120,156,-36
218000151,5,10,-5
218000152,112,48,64
218000153,8,9,-1
218000154,10,6,4
218000155,63,2,61
218000156,87,9,78
218000157,56,27,29
218000158,13,14,-1
218000159,7,10,-3
218000160,5,23,-18
218000161,45,3,42
218000162,47,9,38
218000163,28,3,25
218000164,56,4,52
218000165,123,32,91
218000170,11,39,-28
218000171,51,9,42
218000172,12,10,2
218000173,18,10,8
218000174,37,16,21
218000176,297,47,250
218000177,509,239,270
218000178,138,232,-94
218000179,150,86,64
218000180,133,41,92
218000181,241,38,203
218000187,10,35,-25
218000188,23,49,-26
218000189,35,70,-35
218000190,11,19,-8
218000191,248,46,202
218000192,304,169,135
218000193,577,263,314
218000194,152,240,-88
218000195,182,59,123
218000196,437,201,236
218000197,677,239,438
218000198,26,113,-87
218000199,69,24,45
218000200,65,44,21
218000201,28,11,17
218000202,52,250,-198
218000207,5,23,-18
218000208,20,51,-31
218000211,20,25,-5
218000212,1,8,-7
218000213,98,109,-11
218000214,6,40,-34
218000215,49,61,-12
218000217,8,49,-41
218000218,166,46,120
218000219,13,38,-25
218000220,39,428,-389
218000221,504,254,250
218000222,7,37,-30
218000223,47,472,-425
218000224,6,135,-129
218000225,292,37,255
218000226,273,82,191
218000230,0,3,-3
218000232,29,40,-11
218000239,113,13,100
218000240,8,6,2
218000241,21,0,21
218000242,10,10,0
218000243,12,7,5
218000244,37,5,32
218000245,12,2,10
218000246,0,0,0
218000247,2,0,2
218000248,0,16,-16
218000249,0,0,0
218000250,7,10,-3
218000251,8,97,-89
218000252,5,296,-291
218000253,1,244,-243
218000254,0,99,-99
218000255,2,32,-30
218000256,14,116,-102
218000267,362,721,-359
218000268,7,29,-22
218000269,2,12,-10
218000270,39,26,13
218000271,5,27,-22
218000273,64,4,60
218000274,16,0,16
218000275,48,46,2
218000276,26,23,3
218000278,2,39,-37
218000279,27,38,-11
218000280,8,12,-4
218000281,23,14,9
218000282,454,569,-115
218000284,75,10,65
218000301,99,139,-40
218000302,106,56,50
218000303,31,55,-24
218000316,749,599,150
218000317,1535,523,1012
218000318,1028,387,641
218000319,1268,575,693
218000320,873,439,434
218000338,33,20,13
218000345,40,41,-1
218000346,24,178,-154
218000459,19,174,-155
218000490,29,45,-16
218000501,123,31,92
218000502,105,43,62
218000503,106,30,76
218000504,106,37,69
218000505,46,52,-6
218000506,19,139,-120
218000508,1,6,-5
218000510,104,21,83
218000520,116,95,21
218000521,0,25,-25
218000522,0,101,-101
218000523,129,3,126
218000524,11,163,-152
218000525,120,22,98
218000526,21,167,-146
218000529,40,83,-43
218000530,16,1,15
218000531,27,14,13
218000532,29,22,7
218000534,197,20,177
218000537,18,60,-42
218000538,164,240,-76
218000540,88,70,18
218000543,165,59,106
218000544,25,55,-30
218000545,88,76,12
218000546,52,40,12
218000547,152,157,-5
218000548,175,109,66
218000549,700,419,281
218000550,203,143,60
218000551,89,661,-572
218000552,250,82,168
218000553,23,92,-69
218000554,34,35,-1
218000555,21,48,-27
218000556,126,101,25
218000557,303,129,174
218000558,68,0,68
218000559,0,31,-31
218000560,0,39,-39
218000561,14,0,14
218000562,13,124,-111
218000563,205,27,178
218000564,12,91,-79
218000565,161,27,134
218000566,109,29,80
218000567,4,108,-104
218000568,54,2,52
218000569,8,218,-210
218000570,62,19,43
218000571,0,85,-85
218000572,112,4,108
218000573,8,147,-139
218000574,38,22,16
218000575,102,0,102
218000576,0,81,-81
218000577,102,3,99
218000578,0,87,-87
218000579,18,9,9
218000581,8,73,-65
218000582,63,5,58
218000583,16,0,16
218000584,1,30,-29
218000585,45,8,37
218000586,7,19,-12
218000587,1,5,-4
218000588,2,3,-1
218000589,0,14,-14
218000590,5,4,1
218000591,1,5,-4
218000592,9,13,-4
218000593,1,0,1
218000594,1,5,-4
218000595,0,1,-1
218000596,0,0,0
218000597,1,0,1
218000598,0,1,-1
218000599,1,0,1
218000600,0,0,0
218000601,0,1,-1
218000602,0,2,-2
218000603,0,4,-4
218000604,15,0,15
218000605,0,31,-31
218000606,107,0,107
218000607,17,48,-31
218000608,52,23,29
218000609,8,54,-46
218000610,91,4,87
218000611,15,3,12
218000612,5,55,-50
218000613,70,1,69
218000614,0,57,-57
218000615,166,13,153
218000616,5,103,-98
218000617,16,1,15
218000618,4,16,-12
218000619,73,26,47
218000620,21,50,-29
218000621,0,10,-10
218000622,0,50,-50
218000623,53,2,51
218000624,0,41,-41
218000625,4,1,3
218000626,0,9,-9
218000628,194,71,123
218000631,40,18,22
218000632,5,166,-161
218000633,64,0,64
218000634,7,25,-18
218000635,17,22,-5
218000636,837,487,350
218000637,1118,334,784
218000638,293,31,262
218000639,17,57,-40
218000640,449,31,418
218000641,75,134,-59
218000652,45,14,31
218000653,274,84,190
218000663,8,57,-49
218000675,47,37,10
218000676,3,8,-5
218000677,22,7,15
218000680,154,267,-113
218000681,317,141,176
218000691,182,87,95
218000693,409,104,305
218000703,3,9,-6
218000718,69,624,-555
218000719,114,415,-301
218000720,6,233,-227
218000721,86,10,76
218000725,4,1,3
218001214,4,72,-68
218001329,72,87,-15
218001330,44,41,3
218001351,25,16,9
218001352,4,13,-9
218001353,13,9,4
218001354,6,21,-15
218001355,92,1,91
218001357,39,1,38
219000001,45,44,1
219000002,17,71,-54
219000003,89,53,36
219000004,29,44,-15
219000017,62,61,1
219000020,151,51,100
219000022,116,4,112
219000023,39,1,38
219000029,1,67,-66
219000034,35,29,6
219000039,70,226,-156
219000040,53,134,-81
219000041,147,29,118
219000051,0,33,-33
219000052,0,39,-39
219000053,1,58,-57
219000054,15,68,-53
219000055,350,2,348
219000056,5,0,5
219000057,68,0,68
219000062,22,49,-27
219000063,108,14,94
219000064,0,41,-41
219000110,322,90,232
219000111,64,56,8
219000112,186,61,125
219000113,186,65,121
219000114,128,88,40
219000116,181,38,143
219000117,231,112,119
219000118,208,98,110
219000123,175,52,123
219000124,42,44,-2
219000125,14,10,4
219000126,48,126,-78
219000127,0,8,-8
219000128,16,87,-71
219000129,15,108,-93
219000130,205,516,-311
219000131,607,932,-325
219000133,35,77,-42
219000134,18,25,-7
219000135,18,102,-84
219000136,100,180,-80
219000138,95,30,65
219000139,85,29,56
219000140,91,0,91
219000141,42,50,-8
219000142,31,57,-26
219000143,9,34,-25
219000145,20,49,-29
219000146,8,22,-14
219000147,1,25,-24
219000148,3,15,-12
219000149,2,17,-15
219000150,1,35,-34
219000151,6,24,-18
219000157,279,102,177
219000158,149,158,-9
219000161,143,6,137
219000163,748,498,250
219000166,129,196,-67
219000167,115,113,2
219000168,265,85,180
219000174,473,130,343
219000175,132,7,125
219000176,172,7,165
219000177,86,1,85
219000178,80,3,77
219000179,24,9,15
219000180,25,59,-34
219000182,158,17,141
219000183,121,21,100
219000184,115,10,105
219000185,0,26,-26
219000186,88,11,77
219000187,15,74,-59
219000189,40,183,-143
219000190,55,199,-144
219000191,227,1582,-1355
219000192,145,170,-25
219000193,129,100,29
219000195,2,44,-42
219000196,13,82,-69
219000198,20,76,-56
219000199,36,136,-100
219000200,51,100,-49
219000201,52,151,-99
219000203,32,126,-94
219000204,83,322,-239
219000205,40,242,-202
219000207,73,203,-130
219000209,44,44,0
219000210,15,74,-59
219000213,7,122,-115
219000239,176,155,21
219000240,179,307,-128
219000241,148,102,46
219000242,59,96,-37
219000243,74,220,-146
219000244,15,64,-49
219000245,23,27,-4
219000246,31,23,8
219000247,204,23,181
219000248,474,419,55
219000249,159,110,49
219000250,189,77,112
219000251,495,284,211
219000252,241,162,79
219000253,328,68,260
219000255,150,137,13
219000256,277,61,216
219000257,127,1,126
219000262,76,64,12
219000263,48,63,-15
219000267,5,23,-18
219000268,3,23,-20
219000269,3,5,-2
219000270,7,1,6
219000271,161,6,155
219000278,1,9,-8
219000279,1,1,0
219000283,0,5,-5
219000295,15,84,-69
219000296,72,203,-131
219000297,33,59,-26
219000298,15,68,-53
219000299,399,52,347
219000300,32,78,-46
219000301,151,247,-96
219000302,30,176,-146
219000307,30,28,2
219000308,74,72,2
219000311,222,47,175
219000312,557,120,437
219000313,410,39,371
219000314,59,170,-111
219000315,344,48,296
219000316,611,47,564
219000317,197,22,175
219000320,0,47,-47
219000321,0,11,-11
219000323,6,39,-33
219000325,5,7,-2
219000326,58,31,27
219000327,48,38,10
219000328,27,49,-22
219000329,315,117,198
219000330,56,45,11
219000331,58,35,23
219000332,162,116,46
219000333,28,4,24
219000335,125,2,123
219000337,23,1,22
219000338,42,1,41
219000344,45,63,-18
219000345,42,84,-42
219000346,34,48,-14
219000348,233,78,155
219000349,78,109,-31
219000350,122,445,-323
219000351,2,16,-14
219000352,422,103,319
219000353,130,51,79
219000354,219,63,156
219000355,162,57,105
219000356,515,1576,-1061
219000363,193,70,123
219000364,102,45,57
219000365,117,31,86
219000366,198,469,-271
219000368,265,533,-268
219000370,659,654,5
219000371,4,25,-21
219000382,10,17,-7
219000383,235,1387,-1152
219000385,347,481,-134
219000386,438,1734,-1296
219000387,1,19,-18
219000390,13,0,13
219000391,8,0,8
219000397,42,30,12
219000398,65,71,-6
219000401,11,65,-54
219000402,56,85,-29
219000403,108,239,-131
219000404,19,109,-90
219000407,3,39,-36
219000409,45,32,13
219000410,134,56,78
219000411,97,9,88
219000446,79,329,-250
219000447,1,17,-16
219000448,5,8,-3
219000452,83,76,7
219000453,55,204,-149
219000454,135,249,-114
219000556,244,89,155
219000558,107,72,35
219000590,19,133,-114
219000591,119,67,52
219000592,74,196,-122
219000595,9,11,-2
219000635,124,27,97
219000636,26,31,-5
219000657,22,24,-2
219000658,53,194,-141
219000673,0,71,-71
219000676,27,33,-6
219000679,40,6,34
219000684,134,1,133
219000685,0,47,-47
219000686,2,2,0
219000688,0,35,-35
219000689,34,165,-131
219000690,175,30,145
219000691,39,105,-66
219000692,116,26,90
219000693,0,17,-17
219000694,34,0,34
219000695,29,1,28
219000698,19,1,18
219000699,0,19,-19
219000727,0,61,-61
219000728,134,3,131
219000770,32,0,32
219000771,0,22,-22
219000788,179,258,-79
219001150,1,44,-43
219001151,1,3,-2
219001166,32,47,-15
219001167,4,53,-49
219001178,39,1,38
220000001,41,106,-65
220000002,3,77,-74
220000003,253,180,73
220000004,358,341,17
220000005,596,1648,-1052
220000006,144,638,-494
220000007,391,211,180
220000008,330,352,-22
220000009,241,244,-3
220000010,122,62,60
220000011,511,2971,-2460
220000012,43,246,-203
220000014,122,49,73
220000015,53,364,-311
220000017,26,241,-215
220000018,5022,2100,2922
220000019,66,359,-293
220000020,400,145,255
220000021,771,143,628
220000022,1102,278,824
220000023,387,135,252
220000024,1220,397,823
220000025,1189,1650,-461
220000026,368,643,-275
220000027,18,143,-125
220000028,53,68,-15
220000029,46,104,-58
220000030,54,45,9
220000031,680,331,349
220000064,36,882,-846
221000046,35,36,-1
221000047,0,0,0
221000048,0,0,0
221000049,0,9,-9
221000050,19,0,19
221000055,19,56,-37
221000057,64,9,55
221000068,287,105,182
221000069,356,35,321
221000070,229,23,206
221000071,92,9,83
221000072,250,6,244
221000073,159,30,129
221000074,3,14,-11
221000075,8,12,-4
221000076,16,15,1
221000077,9,64,-55
221000081,11,5,6
221000082,56,5,51
221000083,12,3,9
221000084,9,1,8
221000085,14,41,-27
221000086,11,88,-77
221000087,4,114,-110
221000088,10,124,-114
221000089,33,217,-184
221000090,56,544,-488
221000098,123,13,110
221000099,172,4,168
221000100,110,5,105
221000101,155,20,135
221000102,154,16,138
221000109,6,73,-67
221000110,10,26,-16
221000111,10,85,-75
221000112,9,78,-69
221000113,8,103,-95
221000114,11,94,-83
221000120,46,57,-11
221000121,8,26,-18
221000122,43,45,-2
221000123,6,7,-1
221000124,17,99,-82
221000155,120,7,113
221000156,31,39,-8
221000175,0,2,-2
221000176,0,2,-2
221000182,47,6,41
221000241,429,330,99
221000242,149,274,-125
221000243,415,215,200
221000244,346,316,30
221000245,86,79,7
221000246,37,156,-119
221000247,90,72,18
221000248,110,71,39
221000267,43,407,-364
221000325,28,41,-13
221000331,3,29,-26
221000338,22,54,-32
221000378,196,30,166
221000381,26,64,-38
222000282,3,6,-3
222000296,4,17,-13
222000568,403,33,370
222000569,152,53,99
222000570,140,40,100
222000571,484,29,455
222000577,26,67,-41
222000578,30,83,-53
222000579,19,65,-46
222000580,53,431,-378
222000599,0,125,-125
222000600,0,152,-152
222000601,5,556,-551
222000603,19,48,-29
222000604,0,61,-61
222000605,20,39,-19
222000606,1,14,-13
222000607,11,13,-2
222000608,22,32,-10
222000609,71,80,-9
222000616,513,27,486
222000617,5,23,-18
222000618,1,6,-5
222000620,11,22,-11
222000621,54,14,40
222000623,548,12,536
222000624,440,6,434
222000625,801,27,774
222000636,58,8,50
222000686,25,19,6
222000687,35,21,14
222001066,505,3,502
222001067,54,5,49
222001068,66,33,33
222001069,86,25,61
222001082,20,27,-7
222001083,37,23,14
222001084,0,12,-12
222001085,1,212,-211
222001111,64,51,13
222001112,205,64,141
222001313,107,18,89
222001314,26,94,-68
222001464,51,35,16
222001465,6,76,-70
222001484,160,41,119
222001485,24,53,-29
222001494,777,118,659
222001495,108,124,-16
222001496,383,60,323
222001497,134,184,-50
222001502,11,64,-53
222001503,181,29,152
222001504,27,218,-191
222001505,379,17,362
222001506,69,277,-208
222001507,303,53,250
222001510,675,33,642
222001511,56,126,-70
222001514,736,214,522
222001515,158,224,-66
222001518,581,82,499
222001519,85,92,-7
222001527,213,51,162
222001528,50,76,-26
222001529,471,50,421
222001530,83,121,-38
222001533,119,219,-100
222001534,464,32,432
222001535,331,299,32
222001536,63,86,-23
222001537,389,67,322
222001538,81,273,-192
222001563,1001,74,927
222001564,62,185,-123
222001568,196,241,-45
222001576,0,2,-2
222001579,0,8,-8
222001583,13,71,-58
222001584,118,11,107
222001596,391,943,-552
222001597,1185,304,881
222001626,1,128,-127
222001650,28,195,-167
222001651,36,438,-402
222001914,189,69,120
222001915,61,118,-57
222001968,511,267,244
222001969,272,316,-44
222001970,197,278,-81
222001971,47,10,37
222001972,20,16,4
225000001,408,107,301
225000002,604,170,434
225000003,755,54,701
225000004,460,170,290
225000005,77,46,31
225000006,0,123,-123
225000007,808,904,-96
225000010,282,21,261
225000011,292,1077,-785
225000012,235,548,-313
225000013,98,74,24
225000014,591,106,485
225000015,70,66,4
225000021,708,139,569
225000027,185,370,-185
225000032,694,85,609
225000042,77,370,-293
225000049,60,52,8
225000050,87,11,76
225000053,8,265,-257
225000058,535,172,363
225000067,267,76,191
225000068,111,145,-34
225000069,98,263,-165
225000070,105,177,-72
225000071,35,83,-48
225000075,13,541,-528
225000076,35,97,-62
225000078,74,31,43
225000085,122,96,26
225000086,281,64,217
225000087,149,11,138
225000088,22,181,-159
225000089,90,732,-642
225000090,54,361,-307
225000091,154,103,51
225000092,58,51,7
225000093,229,165,64
225000094,24,122,-98
225000095,197,179,18
225000096,159,287,-128
225000098,704,248,456
225000099,418,126,292
225000100,445,131,314
225000104,123,270,-147
225000110,10,289,-279
225000111,187,550,-363
225000112,189,679,-490
225000113,204,491,-287
225000114,99,245,-146
225000115,875,435,440
225000116,592,154,438
225000117,787,241,546
225000118,1162,230,932
225000119,303,72,231
225000120,790,31,759
225000121,140,16,124
225000123,478,11,467
225000125,556,113,443
225000126,603,128,475
225000127,467,1263,-796
225000128,420,776,-356
225000132,410,37,373
225000133,327,23,304
225000134,727,144,583
225000135,73,19,54
225000136,426,17,409
225000137,288,51,237
225000138,488,102,386
225000143,36,155,-119
225000144,1,235,-234
225000145,54,18,36
225000146,37,32,5
225000147,48,97,-49
225000148,11,126,-115
225000149,43,223,-180
225000151,38,102,-64
225000155,238,230,8
225000156,178,615,-437
225000157,284,198,86
225000158,74,148,-74
225000171,2,102,-100
225000180,35,3,32
225000181,0,41,-41
225000182,48,7,41
225000185,1,348,-347
225000187,48,296,-248
225000191,87,3,84
225000194,0,9,-9
225000208,3,55,-52
225000209,73,8,65
225000210,10,224,-214
225000217,0,11,-11
225000218,3,4,-1
225000223,0,26,-26
225000224,31,2,29
225000225,0,12,-12
225000226,9,4,5
225000227,35,54,-19
225000228,13,4,9
225000229,0,32,-32
225000230,12,0,12
225000231,0,22,-22
225000232,155,0,155
225000241,44,2,42
225000242,0,26,-26
225000249,7,0,7
225000250,60,420,-360
225000251,408,41,367
225000254,2,10,-8
225000256,2,56,-54
225000257,1,24,-23
226000042,151,255,-104
226000043,34,183,-149
226000044,90,225,-135
226000045,59,167,-108
226000046,440,86,354
226000047,394,83,311
226000048,369,88,281
226000049,322,170,152
226000070,0,10,-10
226000071,0,35,-35
226000072,0,6,-6
226000073,0,8,-8
226000074,0,8,-8
226000084,0,25,-25
226000085,0,3,-3
226000086,1,7,-6
226000087,0,14,-14
226000088,8,73,-65
226000090,156,103,53
226000091,23,64,-41
226000092,1,32,-31
226000093,5,1,4
226000094,4,2,2
226000095,11,7,4
226000105,9,0,9
226000106,13,0,13
226000107,7,0,7
226000108,13,2,11
226000109,143,1,142
226000124,158,75,83
226000134,1063,529,534
226000135,1946,418,1528
226000136,833,356,477
226000137,6,104,-98
226000138,9,65,-56
226000139,1,25,-24
226000156,200,2,198
226000157,264,13,251
226000163,38,198,-160
226000202,13,105,-92
226000231,392,12,380
226000232,62,5,57
227000033,404,70,334
227000036,506,35,471
227000037,483,38,445
227000038,110,34,76
227000084,0,55,-55
227000085,0,36,-36
227000088,42,5,37
227000089,55,0,55
227000090,36,1,35
227000091,13,0,13
227000092,43,0,43
227000093,135,2,133
227000094,15,0,15
227000130,21,97,-76
227000131,15,101,-86
227000132,4,89,-85
227000133,6,81,-75
227000134,24,166,-142
227000152,0,3,-3
227000153,1,65,-64
227000154,0,38,-38
227000155,1,18,-17
227000156,0,13,-13
227000165,2,91,-89
227000196,569,101,468
227000199,552,216,336
227000230,9,155,-146
227000232,645,26,619
227000242,58,349,-291
227000243,405,42,363
227000245,16,192,-176
227000246,67,207,-140
227000247,453,73,380
227000248,148,39,109
227000249,15,56,-41
227000250,254,185,69
227000251,65,159,-94
227000252,44,130,-86
227000253,212,20,192
227000262,515,35,480
227000266,1907,27,1880
227000267,30,586,-556
227000282,8,89,-81
227000284,732,11,721
227000286,0,29,-29
227000291,17,252,-235
227000296,153,177,-24
227000484,208,27,181
227000485,15,526,-511
227000655,250,8,242
227000656,662,31,631
227000657,119,16,103
227000704,265,5,260
229000265,12,5,7
229000266,0,0,0
229000267,11,0,11
229000268,10,0,10
229000269,41,1,40
229000274,2,20,-18
229000275,0,26,-26
229000276,0,13,-13
229000277,0,3,-3
229000278,0,7,-7
229000295,11,26,-15
229000296,12,6,6
229000297,14,39,-25
229000298,8,92,-84
229000320,17,10,7
229000321,21,10,11
229000412,16,44,-28
229000414,16,52,-36
229000415,12,2,10
229000416,1,7,-6
229000417,1,23,-22
229000419,103,307,-204
229000440,349,77,272
229000442,27,14,13
229000443,5,2,3
229000444,2,17,-15
229000445,151,8,143
229000446,114,17,97
229000491,0,13,-13
229000492,9,39,-30
229000493,11,55,-44
229000494,47,1,46
229000495,145,8,137
229000496,82,3,79
229000507,0,33,-33
229000508,0,29,-29
229000509,1,37,-36
229000510,1,20,-19
229000511,0,31,-31
229000512,0,20,-20
229000513,2,6,-4
229000514,0,0,0
229000517,2,1,1
229000518,13,9,4
229000519,1,4,-3
229000520,9,17,-8
229000521,60,16,44
229000522,8,5,3
229000523,5,2,3
229000524,9,0,9
229000527,4,1,3
229000528,1,0,1
229000529,8,1,7
229000530,99,1,98
229000531,67,0,67
229000532,10,1,9
229000533,57,1,56
229000534,35,1,34
229000564,100,1,99
229000565,41,0,41
229000566,0,5,-5
229000567,0,13,-13
229000582,71,1,70
229000583,3,2,1
229000584,0,11,-11
229000585,1,59,-58
229000718,0,4,-4
229000719,0,1,-1
229000720,0,1,-1
229000721,0,10,-10
229000722,0,7,-7
229000723,0,3,-3
229000724,0,0,0
229000725,0,0,0
229000738,0,0,0
229000739,3,0,3
229000740,2,0,2
229000741,37,0,37
229000742,10,0,10
229000743,32,0,32
229000744,5,0,5
229000745,1,0,1
229000746,18,1,17
229000847,97,0,97
229000848,43,1,42
229000849,156,1,155
229000851,68,0,68
229000854,0,7,-7
229000856,0,29,-29
229000857,0,12,-12
229000858,0,24,-24
229000919,12,41,-29
229000930,3,169,-166
229000937,72,9,63
229000966,49,47,2
229000981,5,19,-14
229000985,27,20,7
229000986,0,5,-5
229000987,0,2,-2
229000988,1,5,-4
229000989,10,4,6
229000990,1,0,1
229000991,4,1,3
229000992,24,8,16
229000993,140,16,124
229000998,18,44,-26
229000999,99,20,79
229001034,1,13,-12
229001035,3,3,0
229001036,2,37,-35
229001037,56,1,55
229001038,0,10,-10
229001039,0,1,-1
229001040,0,53,-53
229001041,69,0,69
229001042,36,19,17
229001047,13,35,-22
229001050,46,20,26
229001168,0,20,-20
229001200,30,5,25
229001338,4,20,-16
229001394,193,3,190
229001422,130,19,111
229001423,21,58,-37
229001431,37,45,-8
229001432,26,61,-35
229001444,267,59,208
229001445,64,106,-42
229001479,36,1,35
229001503,223,62,161
229001504,123,62,61
229001505,177,21,156
229001506,64,39,25
229001509,42,9,33
229001510,2,34,-32
229001545,114,6,108
229001546,7,62,-55
229001553,102,13,89
229001554,46,40,6
229001630,49,16,33
229001631,13,19,-6
229001635,1,6,-5
229001636,1,0,1
229001658,1,86,-85
229001659,72,3,69
229001660,4,2,2
229001661,2,29,-27
229001662,9,1,8
229001663,0,11,-11
229002584,187,246,-59
229002831,138,142,-4
229002841,15,10,5
229002842,40,15,25
229002843,79,25,54
229002844,24,50,-26
229002845,14,85,-71
229002846,31,15,16
229002847,0,10,-10
229002848,18,15,3
229002849,5,40,-35
229002850,9,1,8
229002851,44,133,-89
229002852,197,10,187
229002853,164,13,151
229002854,49,43,6
229002855,7,17,-10
229002856,63,9,54
229002857,9,91,-82
229002858,19,4,15
229002859,32,38,-6
229002860,79,11,68
229002861,51,45,6
229002862,25,33,-8
229002863,30,13,17
229002864,29,30,-1
229002865,14,3,11
229002866,15,12,3
229002867,2,33,-31
229002868,7,10,-3
229002869,18,112,-94
229002870,81,16,65
235000066,227,40,187
235000067,90,65,25
235000072,34,69,-35
235000073,94,338,-244
235000074,58,13,45
235000080,19,38,-19
235000081,111,50,61
235000082,184,27,157
235000083,234,32,202
235000084,50,54,-4
235000085,150,37,113
235000089,18,16,2
235000092,47,153,-106
235000093,8,4,4
235000097,6,12,-6
235000098,45,5,40
235000099,25,19,6
235000116,31,23,8
235000117,322,6,316
235000133,7,476,-469
235000134,20,156,-136
235000206,7,3,4
235000207,3,4,-1
235000208,4,3,1
235000209,1,5,-4
235000210,13,7,6
235000212,7,9,-2
235000213,0,6,-6
235000220,3,2,1
235000221,62,17,45
235000238,16,140,-124
235000239,3,48,-45
235000242,358,695,-337
235000245,280,136,144
235000246,9,68,-59
235000284,9,136,-127
235000295,51,12,39
235000305,319,17,302
235000306,409,6,403
235000307,11,2,9
235000308,14,0,14
235000309,49,2,47
235000310,39,0,39
235000311,48,24,24
235000322,1,50,-49
235000323,1,25,-24
235000324,0,25,-25
235000325,0,48,-48
235000326,8,73,-65
235000351,3,65,-62
235000352,16,43,-27
235000353,0,19,-19
235000354,14,65,-51
235000355,16,55,-39
235000356,57,3,54
235000357,47,0,47
235000358,48,5,43
235000359,17,9,8
235000360,44,3,41
235000361,38,6,32
235000381,108,47,61
235000382,193,35,158
235000390,16,9,7
235000391,174,17,157
235000392,202,261,-59
235000393,152,122,30
235000395,139,24,115
235000396,598,42,556
235000400,55,32,23
235000401,9,73,-64
235000405,77,112,-35
235000406,24,107,-83
235000407,34,47,-13
235000409,118,39,79
235000410,43,137,-94
235000411,1,27,-26
235000485,0,5,-5
235000486,11,0,11
235000549,155,60,95
235000550,134,64,70
235000599,144,27,117
235000600,7,19,-12
235000601,13,22,-9
235000602,74,41,33
235000614,0,2,-2
235000648,1,12,-11
235000649,31,11,20
235000685,0,4,-4
235000815,20,166,-146
235000834,0,10,-10
235000855,88,28,60
235000862,30,71,-41
235000891,0,9,-9
235000892,10,0,10
235000901,130,43,87
235000907,5,6,-1
235001010,93,29,64
235001029,207,172,35
235001030,328,191,137
235001078,99,80,19
235001079,40,51,-11
235001147,2,29,-27
235001166,14,34,-20
235001167,41,20,21
235001169,18,319,-301
235001188,1,4,-3
235001189,7,25,-18
235001197,5,30,-25
235001200,99,40,59
235001207,155,8,147
235001210,14,57,-43
235001215,13,85,-72
235001239,0,29,-29
235001244,1,7,-6
235016267,0,57,-57
277101746,0,1,-1
277102712,1,0,1
277103813,0,0,0
277103814,0,0,0
277103898,0,1,-1
277104249,0,2,-2
277104250,0,6,-6
277104251,0,2,-2
277104252,0,0,0
990011530,1,170,-169
990014944,2,250,-248
990015176,29,13,16
990015618,0,124,-124
990016032,0,232,-232
990032570,3,354,-351
990070001,71,9,62
990070103,0,3,-3
990070601,0,50,-50
990070751,1461,1,1460
990070766,1,230,-229
990071180,480,143,337
990071343,22,1,21
990071387,0,10,-10
990071823,441,2,439
990072600,2,1331,-1329
990072964,1,289,-288
990073285,0,8,-8
990074393,1,497,-496
990074870,1839,27,1812
990075106,757,4,753
990075746,569,8,561
990076437,1973,7,1966
990076458,17,262,-245
997000007,369,12,357
997000041,1,329,-328
997000058,57,2,55
997000062,59,19,40
997000069,0,4,-4
997000070,0,27,-27
997000100,65,1,64
997000141,8,1189,-1181
997000198,2,700,-698
998000475,0,3,-3
998000736,1,102,-101
998000965,0,13,-13
998001031,0,85,-85
998001700,0,27,-27
998001899,0,2,-2
998001900,3,0,3
998003073,1004,3,1001
998101900,0,0,0
998102850,4,289,-285
998501927,568,1199,-631
998501929,117,2,115
998501930,38,2,36
998501931,172,59,113
998501932,0,0,0
998501933,54,2,52
998501937,17,5,12
998501944,6,3,3
998501950,0,0,0
998501970,61,3,58
998501971,0,101,-101
998501973,1,45,-44
998501974,2,168,-166
998501975,116,29,87
998501976,107,0,107
998501977,7,13,-6
998501978,21,0,21
998501979,0,3,-3
998501980,99,0,99
998501981,25,0,25
998501982,0,131,-131
998502006,0,0,0
998502024,0,11,-11
998502032,0,3,-3
998502062,69,41,28
998502063,0,0,0
998502173,26,0,26
998502269,0,0,0
998601159,0,79,-79
998601292,0,12,-12
999033574,1,155,-154
999800001,69,6,63
999800002,0,3,-3
999800003,2,4,-2
999800004,0,10,-10
999800005,0,5,-5
