ID,insum,outsum,diff
100000001,753,1159,-406
100000002,3678,1060,2618
100000003,7806,3650,4156
100000004,1966,1122,844
100000005,2019,4774,-2755
100000006,534,173,361
100000007,1870,607,1263
100000008,277,879,-602
100000009,476,426,50
100000010,45,69,-24
100000011,608,69,539
100000012,81,1055,-974
100000013,47,334,-287
100000014,431,366,65
100000015,1507,1720,-213
100000016,1252,1958,-706
100000017,1099,1413,-314
100000018,1800,772,1028
100000019,7135,2331,4804
100000020,2325,6012,-3687
100000021,9388,3098,6290
100000022,2410,1405,1005
100000023,7635,1444,6191
100000025,3894,793,3101
100000028,2462,1241,1221
100000029,293,306,-13
100000030,756,117,639
100000031,6900,7418,-518
100000032,3041,4464,-1423
100000033,999,2832,-1833
100000034,942,400,542
100000035,2305,1084,1221
100000036,3330,1148,2182
100000037,547,596,-49
100000038,1613,1115,498
100000039,1272,266,1006
100000040,216,222,-6
100000041,875,602,273
100000042,766,494,272
100000043,1011,366,645
100000044,399,989,-590
100000045,607,2056,-1449
100000046,1078,2098,-1020
100000047,523,1198,-675
100000048,1356,940,416
100000049,2501,3652,-1151
100000051,616,1600,-984
100000053,59,11,48
100000054,230,39,191
100000055,929,285,644
100000056,247,806,-559
100000057,2142,1258,884
100000058,1332,1978,-646
100000059,14,188,-174
100000060,337,556,-219
100000061,2091,709,1382
100000062,1663,830,833
100000063,508,402,106
100000064,1144,541,603
100000065,423,1664,-1241
100000066,215,1490,-1275
100000067,545,1502,-957
100000068,639,2759,-2120
100000069,433,2560,-2127
100000072,670,1552,-882
100000073,1645,1825,-180
100000075,613,398,215
100000076,2810,2043,767
100000077,820,161,659
100000078,81,45,36
100000079,85,62,23
100000080,45,22,23
100000081,75,61,14
100000102,5178,1601,3577
100000103,4842,1379,3463
100000104,6551,1959,4592
100000105,4413,1173,3240
100000106,3479,1934,1545
100000107,1023,505,518
100000108,1421,1436,-15
100000109,5786,1654,4132
100000116,2067,1072,995
100000117,71,34,37
100000118,1658,1259,399
100000119,1032,748,284
100000121,361,837,-476
100000122,2100,1362,738
100000123,4303,6763,-2460
100000124,7907,10162,-2255
100000125,4156,1378,2778
100000126,1028,431,597
100000127,2393,554,1839
100000128,1683,2186,-503
100000129,803,483,320
100000130,474,746,-272
100000131,4110,4668,-558
100000132,1816,3605,-1789
100000133,9509,4020,5489
100000135,626,1172,-546
100000139,409,443,-34
100000140,397,378,19
100000142,496,659,-163
100000143,2298,1201,1097
100000144,6234,1163,5071
100000147,1241,2776,-1535
100000150,43,727,-684
100000151,1189,763,426
100000153,687,398,289
100000154,216,144,72
100000155,14,58,-44
100000156,139,98,41
100000157,42,346,-304
100000158,108,130,-22
100000159,724,643,81
100000165,1455,873,582
100000169,901,467,434
100000174,1985,547,1438
100000179,99,830,-731
100000180,5030,2135,2895
100000181,135,502,-367
100000188,122,601,-479
100000189,1442,442,1000
100000190,686,588,98
100000191,730,520,210
100000192,90,139,-49
100000193,135,123,12
100000330,2216,792,1424
100000355,155,863,-708
100000362,6700,4553,2147
100000363,3156,4290,-1134
100000364,773,210,563
100000365,4660,10384,-5724
100000366,6177,3061,3116
100000367,4502,5291,-789
100000368,2682,2303,379
100000369,1500,1822,-322
100000370,265,462,-197
100000376,60,107,-47
100000379,4061,1733,2328
100000380,5198,2600,2598
100000384,7834,3792,4042
100000385,7729,4582,3147
100000386,11835,4818,7017
100000387,9522,5133,4389
100000388,11290,6907,4383
100000389,11551,6740,4811
100000390,12601,4928,7673
100000391,9076,6947,2129
100000392,6307,2373,3934
100000393,3155,2747,408
100000394,10726,5590,5136
100000395,5896,1958,3938
100000396,7945,2820,5125
100000397,4512,2522,1990
100000398,15063,10035,5028
100900002,5,140,-135
100900003,267,118,149
100900004,51,1296,-1245
100900005,91,8,83
100900006,26,374,-348
100900007,853,17,836
100900008,5,572,-567
100900009,43,58,-15
100900010,118,246,-128
100900011,84,444,-360
100900012,1,346,-345
100900013,1423,6,1417
100900014,2,16,-14
100900015,163,175,-12
100900016,0,78,-78
100900017,978,120,858
100900018,0,26,-26
100900019,51,236,-185
100900020,439,4,435
100900021,468,3,465
100900022,4,28,-24
100900023,8,67,-59
100900024,1310,7,1303
100900025,20,18,2
100900026,102,195,-93
100900027,632,3581,-2949
100900028,121,263,-142
100900029,155,23,132
100900030,18,43,-25
100900031,488,133,355
100900032,259,0,259
100900033,301,260,41
100900034,345,0,345
100900035,777,5,772
100900036,37,1,36
100900037,38,413,-375
100900038,93,21,72
100900039,640,1005,-365
100900040,321,1199,-878
100900041,283,1410,-1127
100900042,775,351,424
100900043,0,18,-18
100900044,3984,603,3381
100900045,76,1,75
100900046,1531,18,1513
100900047,1063,174,889
100900048,122,24,98
100900049,102,302,-200
100900050,3,28,-25
100900051,68,67,1
100900052,364,21,343
100900053,416,31,385
100900054,5,170,-165
100900055,272,436,-164
100900056,146,449,-303
100900057,784,1027,-243
100900058,310,53,257
100900059,85,5,80
100900060,106,14,92
100900061,475,382,93
100900062,1,121,-120
100900063,161,515,-354
100900064,924,21,903
100900065,116,73,43
100900066,56,100,-44
100900067,5,17,-12
100900068,100,219,-119
100900069,714,4,710
100900070,314,9,305
100900071,912,430,482
100900072,1,93,-92
100900073,116,889,-773
100900074,2,9,-7
100900075,3441,570,2871
100900076,65,99,-34
100900077,33,195,-162
100900078,50,377,-327
100900079,5,47,-42
100900080,25,308,-283
100900081,35,177,-142
100900082,80,1064,-984
100900083,4,68,-64
100900085,21,163,-142
100900086,192,1117,-925
100900088,69,1153,-1084
100900089,4,26,-22
100900090,170,754,-584
100900091,2,31,-29
100900092,296,209,87
100900093,301,621,-320
100900094,121,978,-857
100900095,0,39,-39
100900096,48,127,-79
100900097,1,10,-9
100900098,15,21,-6
100900099,56,927,-871
100900100,10,451,-441
100900101,517,32,485
100900102,111,111,0
100900103,0,21,-21
100900104,17,282,-265
100900105,16,224,-208
100900106,49,2,47
100900107,3139,822,2317
100900108,14,45,-31
100900109,8,26,-18
100900110,5,73,-68
100900111,80,214,-134
100900112,1,7,-6
100900113,13,32,-19
100900114,10,20,-10
100900115,1,53,-52
100900116,914,914,0
100900117,351,1212,-861
100900118,30,62,-32
100900119,2,40,-38
100900120,4,21,-17
100900121,285,628,-343
100900122,224,229,-5
100900123,73,190,-117
100900124,2,4,-2
100900125,29,129,-100
100900126,70,405,-335
100900127,1,6,-5
100900128,102,224,-122
100900129,2,151,-149
100900131,78,209,-131
100900133,61,78,-17
100900134,14,3,11
100900135,0,142,-142
100900137,495,251,244
100900138,799,445,354
100900139,20,9,11
100900140,9,1027,-1018
100900141,1,496,-495
100900142,5,13,-8
100900143,1223,529,694
100900144,7,9,-2
100900145,112,156,-44
100900146,5,23,-18
100900147,12,435,-423
100900148,42,1680,-1638
100900149,27,117,-90
100900150,5,24,-19
100900151,146,892,-746
100900152,231,7,224
100900153,15,186,-171
100900154,4,51,-47
100900155,4,19,-15
100900156,51,4,47
100900157,5,150,-145
100900159,1,31,-30
100900160,16,23,-7
100900161,188,11,177
100900162,26,218,-192
100900163,223,300,-77
100900164,56,72,-16
100900165,25,51,-26
100900166,64,2,62
100900167,13,135,-122
100900168,55,173,-118
100900169,239,1488,-1249
100900170,38,26,12
100900171,23,889,-866
100900172,1,8,-7
100900173,16,1089,-1073
100900174,430,55,375
100900176,1590,190,1400
100900177,1219,422,797
100900178,447,211,236
100900179,140,107,33
100900180,1,3,-2
100900181,150,67,83
100900182,43,26,17
100900184,2,270,-268
100900186,1299,806,493
100900187,3,227,-224
100900188,30,30,0
100900189,1282,212,1070
100900191,1902,1074,828
100900192,413,259,154
100900195,123,224,-101
100900197,32,187,-155
100900198,40,550,-510
100900199,23,40,-17
100900200,690,572,118
100900201,132,1465,-1333
100900202,7,1,6
100900203,0,85,-85
100900204,838,819,19
100900205,158,612,-454
100900206,103,77,26
100900207,204,121,83
100900210,106,1199,-1093
100900211,446,136,310
100900213,48,34,14
100900214,1384,135,1249
100900215,17,69,-52
100900217,173,44,129
101000001,6039,2801,3238
101000002,5295,6342,-1047
101000003,1120,2645,-1525
101000004,13612,10417,3195
101000005,6681,6407,274
101000006,11057,9549,1508
101000007,3485,3938,-453
101000008,6143,3651,2492
101000009,2165,2909,-744
101000010,1279,2338,-1059
101000011,3736,1181,2555
101000012,2737,876,1861
101000013,746,1293,-547
101000014,869,1043,-174
101000015,1000,1012,-12
101000016,835,518,317
101000017,811,794,17
101000018,5637,3534,2103
101000020,5478,1596,3882
101000021,1966,447,1519
101000022,604,101,503
101000023,2438,944,1494
101000025,326,607,-281
101000026,533,26,507
101000027,2501,1800,701
101000028,1243,196,1047
101000029,152,1155,-1003
101000030,1894,130,1764
101000031,873,865,8
101000032,8784,2824,5960
101000033,3481,2964,517
101000034,3880,1478,2402
101000035,1690,599,1091
101000036,2155,487,1668
101000037,6096,1480,4616
101000039,4449,2205,2244
101000040,5728,4053,1675
101000041,20126,6143,13983
101000042,1413,1049,364
101000043,13930,6008,7922
101000045,2743,732,2011
101000046,3151,850,2301
101000047,2112,1952,160
101000048,1605,1346,259
101000049,1547,1644,-97
101000050,4986,4538,448
101000051,4251,2446,1805
101000052,2220,901,1319
101000053,1928,2821,-893
101000054,3056,2390,666
101000055,2067,1588,479
101000056,105,120,-15
101000057,3877,1003,2874
101000058,2998,1092,1906
101000059,5178,1976,3202
101000060,2832,537,2295
101000061,1494,1342,152
101000062,1397,765,632
101000063,822,819,3
101000064,1966,629,1337
101000065,347,431,-84
101000066,623,402,221
101000067,1204,615,589
101000068,525,382,143
101000069,569,114,455
101000070,2234,1629,605
101000071,2858,1201,1657
101000072,1538,4792,-3254
101000073,1104,898,206
101000074,7212,5731,1481
101000075,8919,5322,3597
101000077,1469,2657,-1188
101000078,1325,2661,-1336
101000079,479,1170,-691
101000080,697,648,49
101000081,1355,1982,-627
101000082,4647,3698,949
101000083,2439,2276,163
101000084,1774,1542,232
101000085,1978,1705,273
101000086,1539,1931,-392
101000087,1260,1932,-672
101000088,1376,1503,-127
101000089,1218,1896,-678
101000090,3290,2193,1097
101000091,520,2707,-2187
101000092,972,1560,-588
101000093,2003,1190,813
101000094,1046,2039,-993
101000095,306,1226,-920
101000096,318,904,-586
101000097,951,499,452
101000098,797,682,115
101000099,1488,1704,-216
101000100,1397,893,504
101000101,610,555,55
101000102,1653,364,1289
101000103,1233,651,582
101000104,562,622,-60
101000105,1256,366,890
101000106,1583,912,671
101000107,181,488,-307
101000108,2369,492,1877
101000109,232,138,94
101000110,64,1093,-1029
101000111,246,348,-102
101000113,263,1218,-955
101000114,5608,2251,3357
101000115,666,376,290
101000116,317,463,-146
101000117,1860,441,1419
101000119,188,70,118
101000120,254,51,203
101000121,101,30,71
101000122,207,76,131
101000123,72,77,-5
101000124,231,343,-112
101000125,202,650,-448
101000128,1451,401,1050
101000130,485,548,-63
101000131,669,1065,-396
101000132,632,2834,-2202
101000135,73,39,34
101000136,443,180,263
101000137,48,343,-295
101000141,2682,2568,114
101000147,1123,770,353
101000148,2692,45,2647
101000149,227,247,-20
101000150,68,1729,-1661
101000151,149,126,23
101000152,411,380,31
101000153,829,719,110
101000154,244,2991,-2747
101000155,182,240,-58
101000156,40,400,-360
101000157,88,52,36
101000160,112,120,-8
101000163,280,118,162
101000164,551,615,-64
101000165,371,746,-375
101000166,464,623,-159
101000168,902,455,447
101000252,1751,1326,425
101000254,731,60,671
101000258,20,44,-24
101000261,76,262,-186
101000262,1229,1218,11
101000263,494,1792,-1298
101000265,109,763,-654
101000266,647,521,126
101000269,209,22,187
101000290,2490,3271,-781
101000293,56,131,-75
101000294,802,753,49
101000295,153,766,-613
101000301,1289,451,838
101000304,2623,3036,-413
101000305,3138,2238,900
101900001,11,118,-107
101900002,0,25,-25
101900003,119,150,-31
101900004,7,46,-39
101900005,8302,1996,6306
101900006,1096,48,1048
101900007,644,79,565
101900008,177,331,-154
101900009,103,688,-585
101900010,1636,918,718
101900011,488,1795,-1307
101900012,191,497,-306
101900013,1946,172,1774
101900017,22,136,-114
101900018,3214,364,2850
101900019,381,87,294
101900020,104,184,-80
101900021,1,69,-68
101900022,137,2388,-2251
101900023,110,388,-278
101900026,89,59,30
101900027,12,133,-121
102000001,3544,5246,-1702
102000002,3900,2344,1556
102000003,4666,7525,-2859
102000004,11448,4299,7149
102000005,2000,3038,-1038
102000006,2230,2508,-278
102000007,1931,6591,-4660
102000008,7848,2817,5031
102000009,6599,9690,-3091
102000010,7627,5652,1975
102000011,3251,2886,365
102000012,4451,4770,-319
102000018,5136,3780,1356
102000019,3938,2312,1626
102000026,371,1367,-996
102000029,529,367,162
102000030,93,445,-352
102000031,31,350,-319
102000032,329,583,-254
102000033,198,730,-532
102000034,853,962,-109
102000035,1444,940,504
102000036,9,556,-547
102000037,219,156,63
102000038,401,173,228
102000039,469,95,374
102000040,1041,201,840
102000041,377,337,40
102000042,465,210,255
102000043,740,420,320
102000044,757,873,-116
102000045,1004,1822,-818
102000046,1349,763,586
102000047,884,2097,-1213
102000048,313,1221,-908
102000049,1464,1012,452
102000050,1713,1692,21
102000051,586,808,-222
102000052,1897,1423,474
102000053,1217,1139,78
102000054,540,1229,-689
102000055,997,1759,-762
102000056,856,2773,-1917
102000057,1619,963,656
102000058,1453,3490,-2037
102000059,1509,2807,-1298
102000060,1677,1600,77
102000061,1400,3667,-2267
102000062,1368,1949,-581
102000063,1767,2142,-375
102000064,645,883,-238
102000065,61,252,-191
102000066,1010,2170,-1160
102000067,3523,4437,-914
102000068,15149,4002,11147
102000069,56,2858,-2802
102000070,2436,86,2350
102000071,10541,13205,-2664
102000072,3936,8678,-4742
102000073,1558,1885,-327
102000074,989,1604,-615
102000075,400,561,-161
102000076,277,981,-704
102000077,498,1999,-1501
102000078,786,1413,-627
102000079,248,551,-303
102000080,334,396,-62
102000081,345,1289,-944
102000082,1042,513,529
102000083,462,738,-276
102000084,155,538,-383
102000085,2410,1738,672
102000086,1432,2097,-665
102000087,1115,2591,-1476
102000088,295,429,-134
102000089,1202,769,433
102000090,524,1399,-875
102000091,1827,712,1115
102000092,745,1345,-600
102000093,916,1170,-254
102000094,1386,789,597
102000095,1331,2366,-1035
102000096,1332,1253,79
102000097,1624,1894,-270
102000098,762,1944,-1182
102000099,1610,884,726
102000100,1081,1735,-654
102000101,1712,719,993
102000102,459,3842,-3383
102000103,1940,498,1442
102000104,1643,561,1082
102000105,358,1350,-992
102000106,705,1405,-700
102000107,900,932,-32
102000108,546,497,49
102000109,425,919,-494
102000110,768,2877,-2109
102000111,28,624,-596
102000112,131,94,37
102000113,18,33,-15
102000114,1746,612,1134
102000115,208,251,-43
102000116,608,364,244
102000117,319,787,-468
102000118,2322,1442,880
102000119,3631,945,2686
102000120,227,760,-533
102000121,980,881,99
102000122,590,1151,-561
102000123,1902,1476,426
102000124,2397,1362,1035
102000125,997,1215,-218
102000126,994,990,4
102000127,1042,1012,30
102000128,737,1627,-890
102000129,1089,1423,-334
102000130,512,1572,-1060
102000131,1938,1911,27
102000132,702,2639,-1937
102000133,1519,3358,-1839
102000134,592,1078,-486
102000135,1371,1494,-123
102000136,1758,890,868
102000137,1508,1298,210
102000138,371,659,-288
102000139,215,571,-356
102000140,568,389,179
102000141,756,847,-91
102000142,265,615,-350
102000143,105,781,-676
102000144,133,697,-564
102000145,318,680,-362
102000146,347,472,-125
102000147,429,493,-64
102000148,273,336,-63
102000149,232,999,-767
102000150,225,487,-262
102000151,196,570,-374
102000152,127,274,-147
102000153,1012,527,485
102000154,628,1041,-413
102000155,141,374,-233
102000156,521,116,405
102000157,210,198,12
102000158,997,614,383
102000159,2689,549,2140
102000161,6573,2461,4112
102000162,301,205,96
102000163,143,650,-507
102000164,1642,1130,512
102000165,312,170,142
102000166,38,188,-150
102000167,168,270,-102
102000168,249,118,131
102000169,149,659,-510
102000170,1069,226,843
102000171,238,146,92
102000172,122,416,-294
102000173,546,355,191
102000174,78,98,-20
102000175,208,282,-74
102000176,46,71,-25
102000178,307,975,-668
102000179,315,406,-91
102000180,684,940,-256
102000181,448,1109,-661
102000182,594,1092,-498
102000183,1666,3150,-1484
102000184,1565,1330,235
102000185,2087,2704,-617
102000186,996,2895,-1899
102000187,805,2759,-1954
102000188,826,2571,-1745
102000189,4344,1464,2880
102000190,767,3909,-3142
102000191,1885,903,982
102000192,1147,1543,-396
102000193,70,279,-209
102000194,109,265,-156
102000195,567,896,-329
102000196,187,1031,-844
102000197,544,917,-373
102000198,209,1729,-1520
102000199,652,616,36
102000200,346,2268,-1922
102000201,642,879,-237
102000202,2,257,-255
102000203,304,498,-194
102000204,428,1625,-1197
102000205,1066,1004,62
102000206,860,1121,-261
102000207,1306,692,614
102000208,549,887,-338
102000209,49,107,-58
102000210,477,871,-394
102000211,588,843,-255
102000212,220,19,201
102000213,5,690,-685
102000214,191,36,155
102000215,15,1091,-1076
102000216,56,94,-38
102000217,16,367,-351
102000218,178,173,5
102000219,708,603,105
102000225,919,1114,-195
102000226,12152,2370,9782
102000227,222,4,218
102000228,2,204,-202
102000229,18,38,-20
102000230,352,1037,-685
102000231,478,752,-274
102000232,18,321,-303
102000233,568,1180,-612
102000234,111,1609,-1498
102000236,453,146,307
102000237,793,296,497
102000238,236,597,-361
102000240,800,644,156
102000241,311,224,87
102000243,18,105,-87
102000245,54,136,-82
102000246,44,68,-24
102000247,1739,1705,34
102000248,855,1388,-533
102000249,187,312,-125
102000250,64,783,-719
102000254,77,587,-510
102000266,109,339,-230
102000271,39,1,38
102000286,799,642,157
102000297,2320,1594,726
102000299,0,0,0
102000301,0,1,-1
102000303,0,8,-8
102000305,0,0,0
102000307,0,6,-6
102000308,0,5,-5
102900001,1754,1814,-60
102900002,436,36,400
102900003,37,453,-416
102900005,382,629,-247
102900006,547,426,121
102900007,361,34,327
102900008,294,194,100
102900009,703,306,397
102900010,751,727,24
102900011,2825,508,2317
102900012,394,111,283
102900013,14,79,-65
102900015,1230,496,734
102900016,43,175,-132
102900017,109,922,-813
102900018,25,199,-174
102900019,530,992,-462
102900020,140,54,86
102900021,23,196,-173
102900022,674,120,554
102900023,16,84,-68
102900024,27,69,-42
102900025,385,123,262
102900026,1054,1840,-786
102900027,53,92,-39
102900028,118,850,-732
102900029,200,232,-32
102900030,381,401,-20
102900031,150,243,-93
102900032,97,202,-105
102900033,77,229,-152
102900034,354,214,140
102900035,112,740,-628
102900036,215,920,-705
102900037,213,1163,-950
102900038,470,966,-496
102900039,56,581,-525
102900040,191,375,-184
102900041,94,403,-309
102900042,245,549,-304
102900043,180,393,-213
102900044,960,3192,-2232
102900045,145,865,-720
102900046,117,469,-352
102900047,83,1249,-1166
102900048,749,1042,-293
102900049,157,685,-528
102900050,314,481,-167
102900051,247,298,-51
102900052,72,21,51
102900053,484,1255,-771
102900054,1493,1512,-19
102900055,189,150,39
102900056,191,760,-569
102900057,6,42,-36
102900058,502,92,410
102900059,12,69,-57
102900060,123,762,-639
102900061,127,799,-672
102900062,185,2036,-1851
102900063,955,622,333
102900064,275,500,-225
102900065,2692,762,1930
102900066,497,99,398
102900068,131,106,25
102900070,282,1173,-891
102900072,33,48,-15
102900073,210,7,203
102900075,29,36,-7
102900076,359,85,274
102900077,39,43,-4
102900078,87,104,-17
102900079,274,11,263
102900080,466,35,431
102900081,99,507,-408
102900082,10,368,-358
102900083,316,8,308
102900084,11,32,-21
102900085,220,127,93
102900086,12,85,-73
102900087,104,223,-119
102900088,34,45,-11
102900089,316,222,94
102900090,5,863,-858
102900091,194,2,192
102900092,371,1769,-1398
102900093,370,349,21
102900094,1,94,-93
102900095,125,1,124
102900096,40,18,22
102900097,5,192,-187
103000001,3061,3707,-646
103000002,3257,3218,39
103000003,7158,3965,3193
103000004,1440,1024,416
103000005,3386,3715,-329
103000006,1027,2221,-1194
103000007,456,1361,-905
103000008,1305,1567,-262
103000009,1352,1385,-33
103000010,178,216,-38
103000011,2424,1686,738
103000012,1557,1897,-340
103000013,8825,3010,5815
103000014,1866,2764,-898
103000015,3796,1073,2723
103000016,699,1488,-789
103000017,225,470,-245
103000018,1787,706,1081
103000019,290,285,5
103000020,2982,2103,879
103000021,1997,2057,-60
103000022,1564,1573,-9
103000023,727,1918,-1191
103000024,167,226,-59
103000025,116,526,-410
103000026,2493,226,2267
103000027,408,694,-286
103000028,820,555,265
103000029,526,368,158
103000030,2982,957,2025
103000031,2232,2268,-36
103000032,2322,2636,-314
103000033,3293,3752,-459
103000034,2236,1503,733
103000035,631,1579,-948
103000036,605,727,-122
103000037,810,701,109
103000038,655,1443,-788
103000039,312,744,-432
103000040,428,2106,-1678
103000041,2115,4230,-2115
103000042,1136,1155,-19
103000043,484,2044,-1560
103000044,181,459,-278
103000046,380,596,-216
103000047,838,972,-134
103000048,221,211,10
103000049,148,274,-126
103000050,972,1185,-213
103000051,532,901,-369
103000052,1013,744,269
103000053,235,759,-524
103000054,2466,1796,670
103000055,2014,2718,-704
103000056,898,3561,-2663
103000057,404,528,-124
103000058,541,1532,-991
103000059,373,1196,-823
103000060,995,1371,-376
103000061,412,1263,-851
103000062,1239,1285,-46
103000063,816,1137,-321
103000064,146,415,-269
103000065,6,528,-522
103000066,171,4,167
103000069,293,576,-283
103000070,962,1976,-1014
103000071,1044,630,414
103000072,128,1520,-1392
103000073,698,178,520
103000074,773,174,599
103000075,187,1556,-1369
103000076,304,386,-82
103000077,64,726,-662
103000078,2033,764,1269
103000079,2713,651,2062
103000080,1777,445,1332
103000081,822,1204,-382
103000082,685,350,335
103000083,135,563,-428
103000084,220,11,209
103000085,2,118,-116
103000086,1068,488,580
103000087,182,712,-530
103000088,654,475,179
103000089,298,583,-285
103000090,1908,1319,589
103000091,655,624,31
103000092,352,383,-31
103000093,426,755,-329
103000094,195,158,37
103000095,55,571,-516
103000096,854,191,663
103000097,80,1000,-920
103000098,1134,263,871
103000099,401,973,-572
103000100,114,1555,-1441
103000101,851,207,644
103000102,136,1294,-1158
103000103,692,461,231
103000104,93,242,-149
103000105,170,265,-95
103000106,21,141,-120
103000107,408,108,300
103000108,682,818,-136
103000109,607,379,228
103000110,523,590,-67
103000111,925,587,338
103000112,410,305,105
103000113,1170,1004,166
103000114,1474,564,910
103000115,569,885,-316
103000116,550,931,-381
103000117,295,873,-578
103000118,2397,1515,882
103000119,2972,823,2149
103000120,62,133,-71
103000121,472,998,-526
103000122,586,412,174
103000125,8,797,-789
103000126,574,10,564
103000127,5,347,-342
103000128,158,6,152
103000129,2,226,-224
103000130,28,39,-11
103000131,287,136,151
103000132,79,255,-176
103000133,15,235,-220
103000134,922,970,-48
103000135,1456,404,1052
103000136,1151,576,575
103000137,1011,804,207
103000138,1174,929,245
103000139,8,64,-56
103000140,250,30,220
103000141,37,144,-107
103000142,171,124,47
103000143,87,285,-198
103000144,222,140,82
103000145,57,42,15
103000150,83,100,-17
103000152,430,411,19
103000153,337,201,136
103000156,13,777,-764
103000157,387,5,382
103000159,177,173,4
103000162,150,15,135
103000163,22,20,2
103000164,8,20,-12
103000165,352,698,-346
103000166,227,277,-50
103000167,340,154,186
103000168,126,248,-122
103000169,229,536,-307
103000170,517,788,-271
103000171,34,107,-73
103000172,360,498,-138
103000173,452,1406,-954
103000174,169,448,-279
103000175,187,662,-475
103000176,1279,467,812
103000177,1189,584,605
103000178,503,445,58
103000179,211,55,156
103000183,176,56,120
103000185,90,196,-106
103000186,89,251,-162
103000187,434,1139,-705
103000188,23,114,-91
103000189,1006,1712,-706
103000191,762,1355,-593
103000292,3683,1546,2137
103000293,2198,2031,167
103000295,105,125,-20
103000296,381,8,373
103000297,187,64,123
103000504,338,71,267
103000505,15,19,-4
103000506,0,264,-264
103000507,190,1,189
103000508,85,35,50
103000509,344,800,-456
103900001,5,789,-784
103900002,3059,276,2783
103900003,2915,234,2681
103900004,66,1,65
103900005,5,443,-438
103900006,1,0,1
103900007,40,6,34
103900008,36,1,35
103900009,219,480,-261
103900010,177,377,-200
103900011,178,434,-256
103900012,14,24,-10
103900013,46,141,-95
103900014,29,34,-5
103900015,33,34,-1
103900016,419,396,23
103900017,53,123,-70
103900018,979,314,665
103900019,67,381,-314
103900020,260,668,-408
103900021,1401,98,1303
103900022,1497,931,566
103900023,136,2,134
103900024,141,1336,-1195
103900025,7,61,-54
103900026,48,0,48
103900027,549,542,7
103900028,21,291,-270
103900029,1171,241,930
103900030,270,32,238
103900031,28,1,27
103900032,85,54,31
103900033,127,13,114
103900034,45,475,-430
103900035,87,105,-18
103900036,33,41,-8
103900037,63,81,-18
103900038,68,248,-180
103900039,52,713,-661
103900040,18,373,-355
103900041,36,68,-32
103900042,42,621,-579
103900043,189,232,-43
103900044,348,255,93
103900045,290,297,-7
103900047,48,32,16
103900048,36,36,0
103900049,282,2386,-2104
103900050,17,140,-123
103900051,0,27,-27
103900052,266,907,-641
103900053,188,1858,-1670
103900054,120,1082,-962
103900055,458,392,66
103900056,46,73,-27
103900057,31,427,-396
103900058,189,1178,-989
103900059,0,3,-3
103900060,40,426,-386
103900061,112,105,7
103900062,269,95,174
103900063,0,0,0
103900064,67,1,66
103900065,1079,603,476
103900066,109,10,99
103900067,154,8,146
103900068,9,0,9
103900069,103,9,94
103900070,209,507,-298
103900071,33,226,-193
103900072,5,465,-460
103900073,63,36,27
103900074,72,143,-71
103900075,282,182,100
103900076,390,1161,-771
103900077,92,109,-17
103900078,171,171,0
103900079,143,372,-229
103900080,10,30,-20
103900081,109,25,84
103900082,8,180,-172
103900083,2688,709,1979
103900084,48,273,-225
103900085,90,111,-21
103900086,517,485,32
103900087,33,136,-103
103900088,470,413,57
103900089,51,212,-161
103900090,1,354,-353
103900091,1283,369,914
103900092,610,714,-104
103900093,163,578,-415
103900094,6,243,-237
103900095,314,230,84
103900096,23,458,-435
103900097,11,894,-883
103900098,207,96,111
103900099,54,462,-408
103900100,229,510,-281
103900101,95,1682,-1587
103900102,0,75,-75
103900104,2,58,-56
103900105,155,242,-87
103900106,1,23,-22
103900107,155,490,-335
103900108,52,662,-610
103900109,76,168,-92
103900110,293,94,199
103900111,78,1360,-1282
103900112,24,87,-63
103900113,188,280,-92
103900114,766,570,196
103900115,352,189,163
103900116,10324,2575,7749
103900117,287,228,59
103900119,46,57,-11
103900120,101,168,-67
103900122,50,524,-474
103900123,2668,703,1965
103900124,89,913,-824
103900125,89,109,-20
103900126,486,956,-470
103900127,142,1358,-1216
103900128,108,413,-305
103900131,42,184,-142
103900133,1443,51,1392
103900134,1,3,-2
103900135,2,14,-12
103900137,1,95,-94
103900138,95,604,-509
103900139,352,1449,-1097
103900140,4,99,-95
103900141,396,123,273
103900142,110,340,-230
103900143,28,4,24
103900144,0,103,-103
103900145,204,553,-349
103900146,342,575,-233
103900147,439,197,242
103900148,183,366,-183
103900149,178,1223,-1045
103900150,12375,3977,8398
103900151,76,255,-179
103900152,357,1203,-846
103900153,24,2,22
103900154,2101,1644,457
103900155,38,392,-354
103900156,10,318,-308
103900157,24,471,-447
103900158,49,416,-367
103900159,96,144,-48
103900160,58,28,30
103900161,117,301,-184
103900162,92,411,-319
103900163,18,704,-686
103900167,32,134,-102
103900168,145,284,-139
103900169,38,89,-51
103900170,4,175,-171
103900171,3,132,-129
103900172,20,65,-45
103900173,7,20,-13
103900174,105,107,-2
103900175,97,58,39
103900176,5,50,-45
103900177,10,52,-42
103900178,57,163,-106
103900179,53,365,-312
103900180,18,314,-296
103900181,60,105,-45
103900182,49,33,16
103900184,1047,70,977
103900185,681,253,428
103900187,104,73,31
103900188,40,29,11
103900189,121,8,113
103900190,149,65,84
103900191,36,80,-44
103900192,78,143,-65
103900193,262,268,-6
103900194,100,674,-574
103900195,10,50,-40
103900196,54,43,11
103900197,7,44,-37
103900198,16,92,-76
103900199,126,127,-1
103900200,162,192,-30
103900201,103,286,-183
103900202,14,84,-70
103900203,38,37,1
103900204,8,220,-212
103900207,2,318,-316
103900208,77,1,76
103900209,10,211,-201
103900210,66,26,40
103900211,542,1075,-533
103900212,103,804,-701
103900213,127,296,-169
103900214,455,222,233
103900215,679,296,383
103900216,11,686,-675
103900217,507,102,405
103900218,0,504,-504
103900219,133,527,-394
103900233,87,10,77
103900235,46,49,-3
103900236,38,0,38
103900242,10,17,-7
103900243,14,12,2
103900244,120,590,-470
103900245,119,402,-283
103900246,115,59,56
103900247,68,179,-111
103900248,12,65,-53
103900249,26,59,-33
103900250,91,29,62
103900251,0,48,-48
103900253,24,97,-73
103900254,8,45,-37
103900255,18,21,-3
103900256,24,30,-6
103900257,151,171,-20
103900258,78,5,73
103900259,98,6,92
103900261,13,4,9
103900262,23,7,16
103900263,120,73,47
103900264,99,34,65
103900265,87,21,66
103900266,1,78,-77
103900267,12,92,-80
103900268,6,190,-184
103900269,152,70,82
103900270,31,241,-210
103900271,23,391,-368
103900272,58,136,-78
103900273,31,118,-87
103900274,59,28,31
103900275,27,24,3
103900276,9,275,-266
103900277,6,324,-318
104000001,2620,3236,-616
104000002,2508,4781,-2273
104000003,2895,3326,-431
104000004,4718,4332,386
104000005,1721,2877,-1156
104000006,3522,4678,-1156
104000007,5933,6106,-173
104000008,357,666,-309
104000009,127,191,-64
104000010,153,345,-192
104000011,1473,631,842
104000012,227,812,-585
104000013,192,242,-50
104000014,358,1234,-876
104000015,315,255,60
104000016,809,659,150
104000018,708,249,459
104000019,548,189,359
104000020,294,1254,-960
104000021,411,1055,-644
104000022,168,454,-286
104000023,680,625,55
104000024,321,602,-281
104000026,63,510,-447
104000027,409,776,-367
104000028,422,457,-35
104000029,621,872,-251
104000030,373,381,-8
104000031,1112,579,533
104000032,302,575,-273
104000033,638,724,-86
104000034,440,642,-202
104000035,834,746,88
104000036,807,1101,-294
104000037,321,527,-206
104000038,477,460,17
104000039,228,614,-386
104000040,786,655,131
104000041,577,616,-39
104000042,278,673,-395
104000043,354,644,-290
104000044,372,1259,-887
104000045,1424,2208,-784
104000046,2278,2597,-319
104000047,1060,2112,-1052
104000048,1559,2947,-1388
104000049,485,509,-24
104000050,253,874,-621
104000051,106,1182,-1076
104000052,1409,2495,-1086
104000053,868,1007,-139
104000054,638,893,-255
104000055,4703,4175,528
104000056,2196,429,1767
104000057,140,715,-575
104000058,774,1152,-378
104000059,654,1930,-1276
104000060,849,1693,-844
104000061,1560,2057,-497
104000062,259,213,46
104000064,649,546,103
104000065,217,628,-411
104000069,2339,1004,1335
104000070,85,541,-456
104000071,205,561,-356
104000072,614,324,290
104000075,87,530,-443
104000076,747,111,636
104000082,2439,3962,-1523
104000083,888,304,584
104000084,154,725,-571
104000085,362,340,22
104000086,224,642,-418
104000087,542,1838,-1296
104000090,870,2595,-1725
104000092,1033,4647,-3614
104000094,1107,3545,-2438
104000095,1938,2190,-252
104000096,1530,902,628
104000097,1707,1847,-140
104000098,1637,2346,-709
104000100,1514,1053,461
104000101,1102,3999,-2897
104000106,130,860,-730
104000107,651,775,-124
104000108,618,1052,-434
104000109,395,97,298
104000110,1067,1576,-509
104000111,8897,3060,5837
104000112,3603,954,2649
104000116,3,2180,-2177
104000117,157,2129,-1972
104000118,505,448,57
104000119,468,386,82
104000120,227,1902,-1675
104000121,244,1065,-821
104000122,639,971,-332
104000123,1357,1877,-520
104000124,1771,4358,-2587
104000125,8688,4836,3852
104000126,487,685,-198
104000127,2095,5128,-3033
104000128,1136,717,419
104000129,713,42,671
104000130,16,472,-456
104000131,1517,872,645
104000132,868,1193,-325
104000133,1302,1471,-169
104000134,1119,2196,-1077
104000135,458,1965,-1507
104000136,1022,4435,-3413
104000137,1890,553,1337
104000138,2004,640,1364
104000139,12222,4562,7660
104000141,1593,2748,-1155
104000142,840,1452,-612
104000143,680,1153,-473
104000144,84,292,-208
104000145,539,298,241
104000146,513,914,-401
104000147,144,559,-415
104000148,324,239,85
104000149,251,559,-308
104000150,1043,803,240
104000151,517,938,-421
104000152,579,1235,-656
104000153,512,696,-184
104000154,1411,1142,269
104000155,636,596,40
104000157,1390,2877,-1487
104000158,619,486,133
104000159,747,608,139
104000160,1855,2312,-457
104000161,458,291,167
104000162,95,208,-113
104000165,2235,1771,464
104000167,591,1076,-485
104000168,591,8,583
104000169,91,99,-8
104000170,983,622,361
104000248,484,2019,-1535
104000251,76,440,-364
104000272,0,0,0
104000273,0,0,0
104000274,0,0,0
104000275,0,0,0
104000279,884,639,245
104000290,76,622,-546
104000291,718,1557,-839
104000293,903,1101,-198
104000294,14,0,14
104000295,704,1291,-587
104000296,368,1317,-949
104000297,1234,2630,-1396
104000298,2661,1343,1318
104000299,965,2520,-1555
104900001,187,779,-592
104900002,58,169,-111
104900003,59,582,-523
104900004,112,609,-497
104900005,215,246,-31
104900006,194,133,61
104900007,234,407,-173
104900009,157,736,-579
104900010,37,38,-1
104900011,13,7,6
104900012,176,15,161
104900013,169,17,152
104900014,5413,580,4833
104900015,159,8,151
104900016,202,546,-344
104900017,118,308,-190
104900018,18,348,-330
104900019,403,2182,-1779
104900020,61,456,-395
104900021,5,460,-455
104900022,21,158,-137
104900023,4,246,-242
104900024,27,173,-146
104900025,69,800,-731
104900026,2,208,-206
104900027,351,392,-41
104900028,56,150,-94
104900029,49,179,-130
104900030,613,294,319
104900031,212,305,-93
104900032,49,338,-289
104900033,159,373,-214
104900034,371,173,198
104900035,272,212,60
104900036,160,146,14
104900037,126,649,-523
104900038,867,678,189
104900039,1618,234,1384
104900040,291,137,154
104900041,223,271,-48
104900042,170,794,-624
104900043,11,109,-98
104900044,416,365,51
104900045,385,89,296
104900046,147,225,-78
104900047,329,211,118
104900048,244,156,88
104900049,22,13,9
104900050,193,153,40
104900051,342,59,283
104900052,33,0,33
104900053,392,120,272
104900054,119,76,43
104900055,58,0,58
104900056,211,20,191
104900057,19,1,18
104900058,1038,392,646
104900059,36,54,-18
104900060,2,766,-764
104900061,457,1028,-571
104900063,2,306,-304
104900064,0,234,-234
104900065,2,225,-223
104900066,0,408,-408
104900067,6,447,-441
104900068,13,331,-318
104900070,201,465,-264
104900071,10,1405,-1395
104900072,80,399,-319
104900073,89,697,-608
104900074,89,335,-246
104900075,80,179,-99
104900076,159,676,-517
104900077,2590,185,2405
104900078,242,1159,-917
104900079,181,375,-194
104900080,75,827,-752
104900082,11,579,-568
104900085,28,438,-410
104900087,458,3,455
104900089,96,0,96
104900090,674,801,-127
104900091,672,1593,-921
104900093,277,969,-692
104900097,5564,2030,3534
104900098,91,52,39
104900099,171,603,-432
104900100,1509,375,1134
104900102,24,522,-498
104900103,589,226,363
104900104,5708,1873,3835
104900106,98,190,-92
104900107,86,583,-497
104900108,59,618,-559
104900109,111,357,-246
104900110,21,83,-62
104900111,254,284,-30
104900112,232,1699,-1467
104900113,714,784,-70
104900114,327,1280,-953
104900115,681,1013,-332
104900116,170,396,-226
104900118,33,153,-120
104900119,3,61,-58
104900120,142,141,1
104900121,4,189,-185
104900122,4,184,-180
104900123,31,4,27
104900124,15,0,15
104900125,627,30,597
104900126,100,121,-21
104900127,41,51,-10
104900128,67,130,-63
104900129,4662,1728,2934
105000001,3145,2627,518
105000002,3354,2854,500
105000003,4557,5522,-965
105000004,593,1873,-1280
105000005,830,1877,-1047
105000006,1407,2425,-1018
105000007,1530,1951,-421
105000008,1636,3152,-1516
105000009,1801,4068,-2267
105000010,4642,4858,-216
105000011,2623,3113,-490
105000012,5385,5032,353
105000013,915,1315,-400
105000014,1777,2858,-1081
105000015,12498,9751,2747
105000016,6114,2988,3126
105000017,2273,1727,546
105000018,1868,1399,469
105000019,2188,1189,999
105000020,304,440,-136
105000021,462,199,263
105000022,247,80,167
105000023,676,328,348
105000028,117,242,-125
105000029,542,1534,-992
105000030,5377,5594,-217
105000033,1230,3538,-2308
105000034,304,817,-513
105000037,817,999,-182
105000038,2156,1935,221
105000039,3764,2967,797
105000040,820,1374,-554
105000041,780,2148,-1368
105000042,3739,1905,1834
105000043,2879,3517,-638
105000044,476,557,-81
105000045,410,1418,-1008
105000046,917,588,329
105000047,702,2219,-1517
105000048,691,334,357
105000049,313,1114,-801
105000050,648,650,-2
105000051,364,882,-518
105000052,596,1951,-1355
105000053,247,264,-17
105000054,333,1793,-1460
105000055,470,970,-500
105000056,1413,4913,-3500
105000057,1521,1691,-170
105000058,2081,2350,-269
105000059,706,847,-141
105000060,804,1319,-515
105000061,578,844,-266
105000062,1526,2166,-640
105000063,539,1204,-665
105000064,1333,1088,245
105000065,533,1812,-1279
105000066,1572,3697,-2125
105000067,1383,878,505
105000068,992,1628,-636
105000069,6310,1282,5028
105000070,1521,1325,196
105000071,578,847,-269
105000072,1192,1903,-711
105000073,1038,897,141
105000074,1222,1429,-207
105000075,731,1236,-505
105000076,1924,1434,490
105000077,2490,1136,1354
105000078,2071,1588,483
105000079,2424,2356,68
105000080,2717,1627,1090
105000081,2001,1010,991
105000082,1032,678,354
105000083,2089,1390,699
105000084,873,1845,-972
105000085,1670,1442,228
105000086,699,1342,-643
105000087,4800,3011,1789
105000088,1846,2032,-186
105000089,4486,3771,715
105000090,1186,1188,-2
105000091,2222,2703,-481
105000092,968,1608,-640
105000093,460,274,186
105000094,293,404,-111
105000095,104,579,-475
105000096,1594,922,672
105000097,1831,1049,782
105000098,1133,828,305
105000099,1474,1379,95
105000100,1122,1820,-698
105000101,2212,3851,-1639
105000102,2372,2544,-172
105000103,2164,4375,-2211
105000104,2068,1899,169
105000105,1292,3809,-2517
105000106,1565,2893,-1328
105000107,972,1911,-939
105000108,1345,3861,-2516
105000109,1642,3039,-1397
105000110,826,1754,-928
105000111,770,1077,-307
105000112,1454,1602,-148
105000113,511,993,-482
105000114,7725,1668,6057
105000115,333,1155,-822
105000116,678,761,-83
105000117,1179,2529,-1350
105000118,353,610,-257
105000119,641,2362,-1721
105000120,804,981,-177
105000121,1107,2397,-1290
105000122,462,786,-324
105000123,1552,2801,-1249
105000124,1760,1658,102
105000125,856,3431,-2575
105000126,2677,4392,-1715
105000127,3238,3519,-281
105000128,637,2607,-1970
105000129,1091,468,623
105000130,255,1743,-1488
105000131,1004,737,267
105000132,763,650,113
105000133,424,1848,-1424
105000134,643,925,-282
105000135,510,1151,-641
105000136,169,596,-427
105000137,327,319,8
105000138,317,566,-249
105000139,1378,1782,-404
105000140,320,757,-437
105000141,316,1204,-888
105000142,185,743,-558
105000143,305,1350,-1045
105000144,408,1198,-790
105000145,794,870,-76
105000146,814,1265,-451
105000147,621,632,-11
105000148,1393,1049,344
105000149,2471,3489,-1018
105000150,2713,2581,132
105000151,585,588,-3
105000152,256,1260,-1004
105000153,878,874,4
105000154,901,1899,-998
105000155,382,1183,-801
105000156,1270,1787,-517
105000157,1284,4522,-3238
105000158,2452,1300,1152
105000159,364,2681,-2317
105000160,2001,956,1045
105000161,1075,3521,-2446
105000162,1005,2187,-1182
105000163,3249,2041,1208
105000164,264,524,-260
105000165,3611,5946,-2335
105000166,13200,641,12559
105000167,6411,1965,4446
105000168,410,1718,-1308
105000169,397,663,-266
105000170,131,2166,-2035
105000171,1754,779,975
105000172,99,94,5
105000173,60,80,-20
105000174,69,65,4
105000175,122,219,-97
105000176,204,109,95
105000177,209,184,25
105000178,132,1699,-1567
105000179,247,234,13
105000180,125,189,-64
105000181,110,1042,-932
105000182,58,80,-22
105000183,4636,2475,2161
105000184,1335,1314,21
105000185,1494,1051,443
105000186,438,1370,-932
105000187,942,360,582
105000188,428,180,248
105000189,243,824,-581
105000190,262,444,-182
105000191,388,518,-130
105000192,278,108,170
105000193,92,225,-133
105000194,259,98,161
105000195,401,1989,-1588
105000196,40,124,-84
105000197,310,1209,-899
105000198,787,519,268
105000199,397,458,-61
105000200,192,354,-162
105000201,125,46,79
105000203,19,499,-480
105000204,54,105,-51
105000205,107,437,-330
105000207,794,297,497
105000208,381,678,-297
105000209,317,422,-105
105000212,1215,2949,-1734
105000213,323,234,89
105000214,138,414,-276
105000215,278,471,-193
105000216,101,408,-307
105000217,166,476,-310
105000218,907,1801,-894
105000221,355,572,-217
105000222,127,81,46
105000223,230,300,-70
105000226,112,755,-643
105000227,51,446,-395
105000228,484,1352,-868
105000229,158,379,-221
105000231,267,502,-235
105000233,770,846,-76
105000234,692,2184,-1492
105000235,371,805,-434
105000237,974,120,854
105000243,31,554,-523
105000248,128,83,45
105000262,343,3646,-3303
105000269,156,352,-196
105000270,474,151,323
105000271,3,479,-476
105000282,283,106,177
105000287,411,287,124
105000288,393,970,-577
105000289,2448,1395,1053
105000290,3,2,1
105000402,8277,3134,5143
105000426,468,657,-189
105000438,2075,943,1132
105000446,24293,7618,16675
105000447,13211,4495,8716
105000454,404,1535,-1131
105000455,327,368,-41
105000474,13,4,9
105000477,377,605,-228
105000478,1839,3308,-1469
105000479,164,214,-50
105000480,3448,2946,502
105000481,3772,2827,945
105000482,7117,4159,2958
105000483,1747,1783,-36
105000484,3396,3513,-117
105000485,1631,2248,-617
105000486,4344,3321,1023
105000488,5785,4782,1003
105000489,1010,1308,-298
105000549,42,245,-203
105000550,550,2041,-1491
105000551,27,159,-132
105000552,5683,3052,2631
105900001,11,1957,-1946
105900002,2803,658,2145
105900003,11,116,-105
105900004,427,164,263
105900005,7,405,-398
105900006,7,71,-64
105900007,110,20,90
105900008,92,1170,-1078
105900009,16,9,7
105900011,210,57,153
105900012,588,264,324
105900013,4,50,-46
105900014,8,121,-113
105900015,200,668,-468
105900016,357,1164,-807
105900017,1048,100,948
105900018,339,472,-133
105900019,100,1018,-918
105900020,60,104,-44
105900021,37,754,-717
105900022,315,681,-366
105900023,4,215,-211
105900024,13,288,-275
105900025,86,82,4
105900026,456,137,319
105900027,9941,6214,3727
105900028,187,253,-66
105900029,3037,476,2561
105900030,286,422,-136
105900031,796,272,524
105900032,62,306,-244
105900033,82,180,-98
105900034,158,438,-280
105900035,243,342,-99
105900036,59,288,-229
105900037,85,84,1
105900038,233,586,-353
105900039,125,252,-127
105900040,66,126,-60
105900041,280,983,-703
105900042,53,120,-67
105900043,3414,55,3359
105900044,9,217,-208
105900045,7,894,-887
105900046,11,232,-221
105900047,8,71,-63
105900048,89,846,-757
105900050,4376,2844,1532
105900051,10,2107,-2097
105900052,482,130,352
105900053,7112,2295,4817
105900054,451,660,-209
105900056,1212,386,826
105900057,54,230,-176
105900058,22,82,-60
105900059,0,61,-61
106000001,5184,2470,2714
106000002,4341,7836,-3495
106000003,4374,4014,360
106000004,3672,4306,-634
106000005,3089,7538,-4449
106000006,8164,8104,60
106000007,440,669,-229
106000008,433,445,-12
106000009,545,432,113
106000010,662,821,-159
106000011,845,1237,-392
106000012,1001,2517,-1516
106000013,2220,2529,-309
106000014,2866,2909,-43
106000015,1565,1593,-28
106000016,1406,3656,-2250
106000017,836,893,-57
106000018,842,835,7
106000019,268,642,-374
106000020,311,733,-422
106000021,350,721,-371
106000022,427,481,-54
106000023,832,613,219
106000024,1112,1408,-296
106000025,100,321,-221
106000026,137,418,-281
106000027,1257,2104,-847
106000028,689,1014,-325
106000029,1051,1943,-892
106000030,1319,617,702
106000034,294,887,-593
106000035,1136,1593,-457
106000036,640,716,-76
106000037,2688,2952,-264
106000038,755,119,636
106000039,300,67,233
106000040,256,1293,-1037
106000041,1035,436,599
106000043,767,168,599
106000046,515,71,444
106000047,110,681,-571
106000049,771,226,545
106000050,425,1524,-1099
106000051,614,710,-96
106000052,124,1092,-968
106000053,240,169,71
106000054,580,834,-254
106000055,1114,1916,-802
106000056,493,710,-217
106000057,286,431,-145
106000058,325,356,-31
106000059,298,481,-183
106000060,894,975,-81
106000061,277,789,-512
106000062,232,1017,-785
106000063,971,893,78
106000064,40,768,-728
106000065,525,358,167
106000066,201,641,-440
106000067,502,162,340
106000068,123,1220,-1097
106000069,287,195,92
106000070,602,1582,-980
106000071,1224,645,579
106000072,8531,2601,5930
106000073,2864,3312,-448
106000074,543,1293,-750
106000075,590,1863,-1273
106000076,2366,2688,-322
106000077,5890,2362,3528
106000078,1225,1682,-457
106000079,769,1638,-869
106000080,1646,1305,341
106000081,794,1700,-906
106000082,3253,1470,1783
106000083,519,2132,-1613
106000084,1354,1100,254
106000085,2524,1966,558
106000086,832,1257,-425
106000087,1138,946,192
106000088,567,1166,-599
106000089,1238,754,484
106000090,406,997,-591
106000091,362,1279,-917
106000092,901,427,474
106000093,462,148,314
106000094,124,702,-578
106000095,657,2470,-1813
106000096,1178,1131,47
106000097,1010,2480,-1470
106000098,861,1589,-728
106000099,291,1669,-1378
106000100,1541,456,1085
106000101,2535,576,1959
106000102,359,1311,-952
106000103,454,1300,-846
106000104,1092,746,346
106000105,555,1794,-1239
106000106,727,689,38
106000107,171,769,-598
106000108,236,462,-226
106000109,213,693,-480
106000110,146,547,-401
106000111,375,1110,-735
106000112,204,779,-575
106000113,2028,1026,1002
106000114,654,674,-20
106000115,280,902,-622
106000116,257,433,-176
106000117,1181,1298,-117
106000118,1596,1437,159
106000119,4007,2105,1902
106000120,904,1057,-153
106000121,212,408,-196
106000122,235,605,-370
106000123,281,618,-337
106000124,64,628,-564
106000125,30,671,-641
106000126,190,402,-212
106000127,939,1747,-808
106000128,849,550,299
106000129,699,1284,-585
106000130,861,790,71
106000131,237,1450,-1213
106000132,1355,299,1056
106000133,7043,1945,5098
106000134,1473,2404,-931
106000135,383,1780,-1397
106000136,928,1166,-238
106000137,93,2890,-2797
106000138,1200,142,1058
106000139,70,255,-185
106000140,59,182,-123
106000141,99,164,-65
106000142,104,162,-58
106000143,26,145,-119
106000144,12,130,-118
106000145,310,540,-230
106000146,333,402,-69
106000147,569,1028,-459
106000148,683,1373,-690
106000149,723,736,-13
106000150,750,2999,-2249
106000151,8385,1204,7181
106000152,2400,2473,-73
106000153,118,2479,-2361
106000154,2371,448,1923
106000155,76,385,-309
106000156,1028,605,423
106000157,884,3405,-2521
106000158,5156,1347,3809
106000159,7716,2294,5422
106000160,386,2720,-2334
106000161,2409,952,1457
106000162,227,921,-694
106000163,394,1092,-698
106000164,355,478,-123
106000165,276,1341,-1065
106000166,1061,425,636
106000167,475,2397,-1922
106000168,328,344,-16
106000169,190,1435,-1245
106000170,463,426,37
106000171,178,1817,-1639
106000172,2671,1628,1043
106000173,967,5373,-4406
106000174,1089,406,683
106000175,444,2008,-1564
106000176,1318,1268,50
106000177,912,4566,-3654
106000178,3306,3085,221
106000179,1516,4108,-2592
106000180,977,2892,-1915
106000181,671,3329,-2658
106000182,919,1492,-573
106000183,978,2023,-1045
106000184,1363,2021,-658
106000185,819,1631,-812
106000186,1321,228,1093
106000187,314,1218,-904
106000188,0,3,-3
106000189,5,118,-113
106000190,7,7,0
106000191,670,281,389
106000192,0,32,-32
106000193,466,223,243
106000194,248,522,-274
106000195,861,251,610
106000196,168,850,-682
106000197,440,725,-285
106000198,150,525,-375
106000199,1461,689,772
106000200,1064,238,826
106000201,809,2269,-1460
106000202,13207,1103,12104
106000203,364,350,14
106000204,70,4,66
106000205,12,252,-240
106000206,83,19,64
106000207,70,1535,-1465
106000208,1054,158,896
106000209,1314,501,813
106000210,340,2478,-2138
106000211,447,2472,-2025
106000212,955,343,612
106000213,1210,2136,-926
106000214,4365,642,3723
106000215,483,839,-356
106000216,544,499,45
106000217,434,822,-388
106000218,711,604,107
106000219,176,471,-295
106000220,588,470,118
106000221,158,467,-309
106000222,72,196,-124
106000223,165,171,-6
106000224,317,471,-154
106000225,74,105,-31
106000226,231,595,-364
106000228,68,263,-195
106000229,101,1135,-1034
106000231,1081,287,794
106000232,78,689,-611
106000233,395,256,139
106000234,114,292,-178
106000235,381,120,261
106000236,238,114,124
106000237,0,16,-16
106000238,7,25,-18
106000239,5,204,-199
106000240,22,6,16
106000241,24,1260,-1236
106000242,211,31,180
106000249,103,138,-35
106000250,70,624,-554
106000251,70,47,23
106000252,32,199,-167
106000253,19,62,-43
106000254,33,122,-89
106000255,19,143,-124
106000256,63,118,-55
106000257,168,440,-272
106000258,211,16,195
106000259,1,52,-51
106000260,15,6,9
106000261,2,87,-85
106000262,58,16,42
106000263,14,110,-96
106000264,220,27,193
106000265,16,219,-203
106000266,125,25,100
106000267,6,182,-176
106000268,636,29,607
106000269,115,134,-19
106000270,240,598,-358
106000271,65,235,-170
106000272,138,100,38
106000273,9,269,-260
106000274,245,54,191
106000275,200,283,-83
106000276,176,133,43
106000277,209,217,-8
106000278,246,64,182
106000279,11,156,-145
106000280,37,304,-267
106000281,115,205,-90
106000282,90,103,-13
106000283,138,199,-61
106000284,60,196,-136
106000285,147,286,-139
106000286,103,243,-140
106000287,129,174,-45
106000288,178,230,-52
106000289,115,154,-39
106000290,87,164,-77
106000291,89,217,-128
106000292,109,202,-93
106000293,149,218,-69
106000294,138,214,-76
106000295,75,101,-26
106000296,89,186,-97
106000297,103,408,-305
106000298,212,101,111
106000299,150,294,-144
106000300,62,198,-136
106000301,109,195,-86
106000303,28,129,-101
106000304,62,78,-16
106000305,47,92,-45
106000306,61,127,-66
106000307,35,49,-14
106000308,29,402,-373
106000309,20,101,-81
106000310,276,1068,-792
106000311,378,203,175
106000312,93,375,-282
106000313,157,384,-227
106000318,346,380,-34
106000319,824,101,723
106000320,0,67,-67
106000321,678,109,569
106000322,115,313,-198
106000324,8,253,-245
106000325,1349,1084,265
106000326,1230,2961,-1731
106000327,124,282,-158
106000328,11,118,-107
106000329,51,574,-523
106000330,94,61,33
106000428,58,260,-202
106000429,178,863,-685
106000430,586,2673,-2087
106000431,1982,545,1437
106000432,2528,4935,-2407
106000433,2153,1247,906
106000434,3690,1515,2175
106000435,3493,4630,-1137
106000436,16,600,-584
106000437,285,39,246
106000438,401,167,234
106000439,65,982,-917
106000440,411,932,-521
106000441,0,1,-1
106000442,173,6,167
106000443,130,872,-742
106000450,2,428,-426
106000451,15,32,-17
106000454,2,167,-165
106000455,16,265,-249
106000456,130,29,101
106000457,11,1937,-1926
106000458,317,286,31
106000459,62,762,-700
106000460,761,84,677
106000461,77,3690,-3613
106000462,0,18,-18
106000463,0,45,-45
106000464,7,1008,-1001
106000465,338,2,336
106000466,6,1395,-1389
106000467,793,1010,-217
106000468,79,420,-341
106000469,428,9,419
106000470,332,2177,-1845
106000471,51,1389,-1338
106000472,200,18,182
106000473,43,53,-10
106000474,393,1173,-780
106000475,318,183,135
106000476,208,238,-30
106000477,22,69,-47
106900001,1,34,-33
106900002,8,1089,-1081
106900003,392,2073,-1681
106900004,1,160,-159
106900006,0,46,-46
106900007,0,48,-48
106900008,191,572,-381
106900009,296,830,-534
106900010,227,667,-440
106900012,4247,3231,1016
106900013,1021,137,884
106900014,39,4,35
106900015,24,1,23
106900016,280,4,276
106900017,4,0,4
106900018,1,0,1
106900019,38,5,33
106900020,5382,1503,3879
106900021,34,136,-102
106900022,442,4,438
106900023,21,440,-419
106900024,804,22,782
106900025,86,1341,-1255
106900026,4,1429,-1425
106900027,404,4,400
107000001,3984,2779,1205
107000002,6249,6375,-126
107000003,5133,6597,-1464
107000004,7273,8871,-1598
107000005,3038,5665,-2627
107000006,5190,10432,-5242
107000007,5328,11479,-6151
107000008,21529,17329,4200
107000009,5770,7174,-1404
107000010,13468,17318,-3850
107000011,1583,2059,-476
107000012,6943,6481,462
107000013,54,211,-157
107000014,37,398,-361
107000015,517,1255,-738
107000016,569,1939,-1370
107000017,7798,1986,5812
107000018,49,1035,-986
107000020,4428,1171,3257
107000021,1750,1179,571
107000022,1561,2423,-862
107000023,2212,544,1668
107000024,723,2719,-1996
107000025,175,557,-382
107000026,228,1093,-865
107000027,1272,1532,-260
107000028,1591,2864,-1273
107000029,2585,2883,-298
107000030,4411,5602,-1191
107000031,3305,3040,265
107000032,520,1287,-767
107000033,5893,8161,-2268
107000034,8644,3562,5082
107000035,438,315,123
107000036,622,1773,-1151
107000037,76,1002,-926
107000038,303,368,-65
107000039,851,1100,-249
107000040,209,490,-281
107000041,2359,1029,1330
107000042,1162,2620,-1458
107000043,4905,1492,3413
107000044,963,533,430
107000045,165,482,-317
107000046,920,594,326
107000047,722,1410,-688
107000048,856,515,341
107000049,848,1340,-492
107000050,1351,813,538
107000051,1006,595,411
107000052,1593,1284,309
107000053,526,282,244
107000054,88,471,-383
107000055,148,131,17
107000056,603,1260,-657
107000057,2412,272,2140
107000058,2562,3186,-624
107000059,3491,5584,-2093
107000060,4140,7343,-3203
107000061,8038,6952,1086
107000062,3590,4012,-422
107000063,5609,10610,-5001
107000064,4164,2672,1492
107000065,5549,9606,-4057
107000066,2251,3007,-756
107000067,1143,1320,-177
107000068,1954,820,1134
107000069,1177,659,518
107000070,542,4,538
107000071,2300,41,2259
107000072,92,6216,-6124
107000073,449,249,200
107000074,241,1603,-1362
107000075,1482,627,855
107000076,1374,2728,-1354
107000077,3348,1215,2133
107000078,2859,5422,-2563
107000079,2423,790,1633
107000080,1681,5228,-3547
107000081,1255,718,537
107000082,735,4495,-3760
107000083,1109,504,605
107000084,750,3985,-3235
107000085,3280,4138,-858
107000086,4472,4690,-218
107000087,2966,2558,408
107000088,3233,5389,-2156
107000089,1929,2250,-321
107000090,1314,1769,-455
107000091,1413,1174,239
107000092,959,1951,-992
107000093,1263,1157,106
107000094,1226,2258,-1032
107000095,672,888,-216
107000096,903,2015,-1112
107000097,637,445,192
107000098,555,1285,-730
107000099,673,433,240
107000100,561,589,-28
107000101,101,240,-139
107000102,627,575,52
107000103,498,247,251
107000104,450,687,-237
107000105,463,181,282
107000106,204,594,-390
107000107,556,334,222
107000108,174,1419,-1245
107000109,503,201,302
107000110,108,1214,-1106
107000111,234,60,174
107000112,40,798,-758
107000113,646,151,495
107000114,128,1420,-1292
107000115,755,195,560
107000116,171,1655,-1484
107000117,179,629,-450
107000118,320,561,-241
107000119,3306,1841,1465
107000120,4940,554,4386
107000121,836,1105,-269
107000122,1519,1405,114
107000123,431,1485,-1054
107000124,729,1507,-778
107000125,871,1597,-726
107000126,914,1614,-700
107000129,367,1300,-933
107000130,600,411,189
107000131,793,1020,-227
107000132,719,521,198
107000133,420,171,249
107000134,248,1,247
107000135,5,413,-408
107000136,583,10,573
107000137,26,668,-642
107000138,272,13,259
107000139,26,662,-636
107000140,1143,53,1090
107000141,180,1318,-1138
107000142,287,77,210
107000143,101,1405,-1304
107000144,292,398,-106
107000145,174,909,-735
107000146,215,249,-34
107000147,4187,1019,3168
107000150,1304,3678,-2374
107000151,62,83,-21
107000152,938,981,-43
107000153,941,675,266
107000154,262,193,69
107000155,844,50,794
107000156,1258,40,1218
107000157,79,3667,-3588
107000158,492,36,456
107000159,55,2357,-2302
107000160,748,126,622
107000161,161,3414,-3253
107000162,251,512,-261
107000163,39,1,38
107000164,322,0,322
107000165,719,0,719
107000166,92,2470,-2378
107000167,564,494,70
107000168,843,461,382
107000169,1584,1448,136
107000170,1516,847,669
107000171,677,4420,-3743
107000172,858,1173,-315
107000173,924,2229,-1305
107000174,1032,5338,-4306
107000175,15286,2692,12594
107000176,3,2,1
107000177,2,3,-1
107000178,9,77,-68
107000179,281,4886,-4605
107000180,1366,604,762
107000181,559,2334,-1775
107000182,1617,1708,-91
107000183,157,1574,-1417
107000184,1024,1291,-267
107000185,772,2130,-1358
107000186,1496,600,896
107000187,1370,2056,-686
107000188,498,806,-308
107000189,508,1586,-1078
107000190,648,1558,-910
107000191,667,1446,-779
107000192,1898,2069,-171
107000193,490,556,-66
107000194,1136,1523,-387
107000197,925,383,542
107000198,549,1086,-537
107000199,834,979,-145
107000200,1794,854,940
107000201,392,298,94
107000202,266,733,-467
107000203,1234,761,473
107000204,1486,830,656
107000205,2960,1515,1445
107000206,1247,1476,-229
107000207,1098,1809,-711
107000208,1970,601,1369
107000209,3643,1516,2127
107000210,1793,599,1194
107000211,29,49,-20
107000212,29,565,-536
107000213,15,42,-27
107000214,24,268,-244
107000215,440,699,-259
107000216,321,743,-422
107000217,148,275,-127
107000219,109,139,-30
107000220,171,469,-298
107000222,262,1107,-845
107000224,595,115,480
107000225,279,1157,-878
107000226,304,117,187
107000227,125,718,-593
107000228,187,220,-33
107000229,608,274,334
107000230,1780,740,1040
107000231,2180,1109,1071
107000232,209,189,20
107000233,1736,909,827
107000234,2,46,-44
107000235,95,3,92
107000236,21,752,-731
107000237,3,0,3
107000238,22,1,21
107000239,8972,795,8177
107000240,153,2005,-1852
107000241,182,31,151
107000242,1204,70,1134
107000243,0,115,-115
107000244,10,123,-113
107000246,2,1849,-1847
107000249,6,1789,-1783
107000251,0,496,-496
107000252,12,2293,-2281
107000255,1615,194,1421
107000257,11,936,-925
107000258,0,290,-290
107000259,5,456,-451
107000260,461,7,454
107000262,16,1287,-1271
107000263,229,13,216
107000266,22,6,16
107000267,85,349,-264
107000268,190,331,-141
107000269,577,32,545
107000270,1,25,-24
107000271,12,1697,-1685
107000272,8,316,-308
107000273,10,371,-361
107000274,3334,530,2804
107000275,83,1405,-1322
107000280,591,55,536
107000281,63,2174,-2111
107000282,56,1932,-1876
107000290,12,56,-44
107000291,29,24,5
107000292,1,74,-73
107000293,163,3,160
107000294,1,35,-34
107000295,60,6,54
107000296,0,23,-23
107000444,315,18,297
107000496,0,38,-38
107000497,2010,4905,-2895
107000500,445,557,-112
107000501,108,316,-208
107000502,258,628,-370
107000505,1420,1426,-6
107000506,1,34,-33
107000508,12,1174,-1162
107000509,290,617,-327
107000510,37,30,7
107000514,33,432,-399
107000515,22,515,-493
107000516,410,344,66
107000518,1116,983,133
107000519,6826,1778,5048
107000520,69,16,53
107000521,305,719,-414
107000522,391,1033,-642
107900001,26,374,-348
107900002,48,6,42
107900003,201,13,188
107900004,49,3,46
107900005,777,5,772
107900006,172,3,169
107900007,233,35,198
107900008,93,73,20
107900009,261,12,249
107900010,33,1,32
107900012,612,27,585
107900013,511,163,348
107900014,19,12,7
107900015,666,6,660
107900016,744,157,587
107900017,15,1,14
107900018,103,78,25
107900019,23,157,-134
107900020,118,19,99
107900021,83,249,-166
107900023,3,1,2
107900024,1,50,-49
107900025,232,523,-291
107900026,32,210,-178
107900027,82,100,-18
107900028,39,125,-86
107900030,289,36,253
107900031,128,551,-423
107900032,12,7,5
107900033,17,11,6
107900034,357,16,341
107900035,575,25,550
107900036,19,8,11
107900037,2,83,-81
107900038,202,221,-19
107900039,12,128,-116
107900040,58,209,-151
107900041,2,2,0
107900043,107,505,-398
107900044,9,9,0
107900045,87,39,48
107900046,118,148,-30
107900047,24,189,-165
107900048,232,19,213
107900049,522,2061,-1539
107900050,102,536,-434
107900051,131,166,-35
107900052,22,47,-25
107900053,35,131,-96
107900055,1236,476,760
107900056,187,44,143
107900057,0,0,0
107900058,40,1309,-1269
107900060,16,79,-63
107900061,28,17,11
107900063,176,238,-62
107900064,595,137,458
107900065,158,21,137
107900066,8,17,-9
107900067,0,0,0
107900068,204,360,-156
107900069,37,1289,-1252
107900070,98,26,72
107900071,33,1728,-1695
107900072,44,418,-374
107900073,79,184,-105
107900074,1419,224,1195
107900076,267,162,105
107900077,73,0,73
107900078,301,57,244
107900079,3,42,-39
107900080,220,372,-152
107900081,29,128,-99
107900082,31,35,-4
107900083,443,247,196
107900084,255,232,23
107900086,67,183,-116
107900087,709,118,591
107900088,27,6,21
107900089,366,1443,-1077
107900090,905,2015,-1110
107900091,305,902,-597
107900092,3090,810,2280
107900093,101,128,-27
107900094,0,0,0
107900095,4475,2047,2428
107900097,33,110,-77
107900098,59,283,-224
107900100,1417,1178,239
107900101,1689,229,1460
107900102,64,6,58
107900103,30,196,-166
107900104,228,9,219
107900105,3,806,-803
107900106,6,2588,-2582
107900107,2415,365,2050
107900108,600,178,422
107900109,961,11,950
107900110,21,230,-209
107900111,20,2139,-2119
107900112,274,762,-488
107900113,217,199,18
107900114,111,396,-285
107900115,2,67,-65
107900116,82,428,-346
107900117,346,733,-387
107900118,72,288,-216
107900119,51,258,-207
107900120,33,11,22
107900121,2,200,-198
107900122,1,73,-72
107900123,2,37,-35
107900124,38,58,-20
107900125,33,249,-216
107900126,9,43,-34
107900127,742,180,562
107900128,164,124,40
107900129,23,84,-61
107900130,59,44,15
107900131,829,177,652
107900132,135,699,-564
107900133,3,138,-135
107900134,32,17,15
107900135,10,348,-338
107900136,52,46,6
107900137,157,166,-9
107900138,42,54,-12
107900139,26,62,-36
107900140,188,97,91
107900141,78,66,12
107900142,99,1800,-1701
107900143,58,61,-3
107900144,4,271,-267
107900145,16,182,-166
107900146,46,268,-222
107900147,55,47,8
107900148,310,279,31
107900149,2868,274,2594
107900150,127,1629,-1502
107900151,19,169,-150
107900152,26,519,-493
107900153,209,352,-143
107900154,37,36,1
107900155,58,67,-9
107900156,7,630,-623
107900157,37,131,-94
107900158,566,27,539
107900159,53,2065,-2012
107900160,48,260,-212
107900161,38,433,-395
107900162,3,271,-268
107900163,80,46,34
107900164,12,36,-24
107900165,29,85,-56
107900166,18,432,-414
107900167,33,37,-4
107900168,15,89,-74
107900169,0,228,-228
107900171,21,3582,-3561
107900172,4,544,-540
107900173,26,375,-349
107900174,86,5,81
107900175,24,41,-17
107900176,19,83,-64
107900177,3,391,-388
107900178,0,339,-339
107900179,8,224,-216
107900180,1599,332,1267
107900181,412,814,-402
107900182,16,2619,-2603
107900183,34,601,-567
107900184,74,392,-318
107900185,88,15,73
107900186,17,63,-46
107900187,1,260,-259
107900188,1270,187,1083
107900189,23,233,-210
107900190,170,81,89
107900191,91,292,-201
107900193,4,42,-38
107900194,140,10,130
107900195,6967,866,6101
107900196,50,98,-48
107900197,1237,286,951
107900199,5,1688,-1683
107900201,160,195,-35
107900203,44,125,-81
107900204,354,417,-63
107900205,272,649,-377
107900206,755,263,492
107900207,2,1247,-1245
107900208,12,1374,-1362
107900209,586,194,392
107900210,104,285,-181
107900213,1021,866,155
107900214,3,284,-281
107900215,273,439,-166
107900216,107,91,16
107900217,30,76,-46
107900218,23,2597,-2574
107900219,37,277,-240
107900220,275,238,37
107900221,351,284,67
107900223,87,980,-893
107900224,245,521,-276
107900225,15,1528,-1513
107900226,73,196,-123
107900227,204,717,-513
107900228,17,126,-109
107900229,7,539,-532
107900230,11,249,-238
107900231,6,376,-370
107900232,73,353,-280
107900233,12,160,-148
107900234,128,256,-128
107900235,44,128,-84
107900236,84,94,-10
107900237,147,870,-723
107900238,17,182,-165
107900239,2168,608,1560
107900240,15,269,-254
107900241,25,160,-135
107900242,20,614,-594
107900243,6,67,-61
107900244,229,6,223
107900245,396,66,330
107900246,140,13,127
107900248,330,839,-509
107900249,525,24,501
107900250,6,996,-990
107900251,76,2389,-2313
107900252,857,23,834
107900253,133,3,130
107900254,59,649,-590
107900255,574,67,507
107900256,2751,1043,1708
107900257,190,140,50
107900258,94,460,-366
107900259,102,1461,-1359
107900261,3,697,-694
107900262,34,260,-226
107900264,211,5,206
107900265,155,400,-245
107900267,221,23,198
107900268,101,8,93
107900269,0,4,-4
107900270,0,0,0
107900271,9,10,-1
107900272,211,18,193
107900273,18,127,-109
107900274,43,1,42
107900275,3,0,3
107900276,1,112,-111
107900277,2,367,-365
107900278,182,508,-326
107900279,236,217,19
107900280,2542,2456,86
107900281,5751,1612,4139
107900282,153,374,-221
107900283,2474,628,1846
107900284,402,1376,-974
107900285,64,240,-176
107900286,206,142,64
107900287,132,266,-134
107900290,3,117,-114
107900291,590,8,582
107900292,121,459,-338
107900293,69,921,-852
107900295,101,240,-139
107900297,8,471,-463
107900298,1175,1614,-439
107900299,6300,3625,2675
107900300,56,359,-303
107900301,677,530,147
107900302,143,34,109
107900303,136,481,-345
107900304,228,965,-737
107900305,319,7,312
107900306,27,26,1
107900307,77,435,-358
107900308,283,107,176
107900309,68,1,67
107900310,37,1,36
107900311,373,114,259
107900312,37,0,37
107900313,0,122,-122
107900314,0,79,-79
107900315,1,110,-109
107900316,81,6,75
107900317,128,3,125
107900318,4,242,-238
107900319,1,503,-502
107900320,1,323,-322
107900321,90,3,87
107900322,2,310,-308
107900323,15,285,-270
107900324,181,4,177
107900325,78,0,78
107900326,205,586,-381
107900327,0,1,-1
107900328,14,0,14
107900329,1,2,-1
107900330,8,1135,-1127
107900331,177,45,132
107900332,207,84,123
107900333,51,46,5
107900334,17,462,-445
107900335,83,109,-26
107900336,38,42,-4
107900337,2219,788,1431
107900338,6,228,-222
107900339,0,25,-25
107900340,0,88,-88
107900341,30,2,28
107900342,233,296,-63
107900343,59,2,57
107900344,10,175,-165
107900345,132,19,113
107900346,87,3,84
107900347,38,7,31
107900348,6,6,0
107900349,35,10,25
107900350,49,420,-371
108000001,2677,4556,-1879
108000002,2964,5059,-2095
108000003,3669,2947,722
108000004,22873,23992,-1119
108000005,7415,4962,2453
108000006,9675,10830,-1155
108000007,5234,4437,797
108000008,7305,9589,-2284
108000009,3747,4389,-642
108000010,4309,7942,-3633
108000011,12455,12217,238
108000012,26524,25034,1490
108000014,973,878,95
108000015,536,370,166
108000016,232,755,-523
108000017,884,498,386
108000018,1629,706,923
108000019,2329,945,1384
108000020,1550,607,943
108000021,604,2497,-1893
108000022,748,2570,-1822
108000023,1395,281,1114
108000024,224,1235,-1011
108000025,278,374,-96
108000026,425,874,-449
108000027,526,624,-98
108000028,287,417,-130
108000029,411,657,-246
108000030,538,269,269
108000031,234,783,-549
108000032,1230,728,502
108000033,695,2241,-1546
108000034,1550,592,958
108000035,1378,4340,-2962
108000036,497,2315,-1818
108000037,1711,468,1243
108000038,2385,577,1808
108000039,741,4651,-3910
108000040,1743,964,779
108000041,957,4408,-3451
108000042,208,380,-172
108000043,232,395,-163
108000044,364,283,81
108000045,297,977,-680
108000046,1111,470,641
108000047,494,1839,-1345
108000048,176,572,-396
108000049,618,292,326
108000050,117,781,-664
108000051,288,112,176
108000052,385,1134,-749
108000053,340,176,164
108000054,760,1679,-919
108000055,1438,569,869
108000056,1182,1680,-498
108000057,607,1199,-592
108000058,2578,3608,-1030
108000059,5195,3043,2152
108000060,203,542,-339
108000061,204,497,-293
108000062,782,658,124
108000063,498,1064,-566
108000064,209,363,-154
108000065,599,1210,-611
108000066,2552,1150,1402
108000067,2059,754,1305
108000068,807,378,429
108000069,377,1595,-1218
108000070,1847,831,1016
108000071,870,2642,-1772
108000072,1505,1284,221
108000073,2059,2949,-890
108000074,382,490,-108
108000075,472,1298,-826
108000076,1026,690,336
108000077,1099,1131,-32
108000078,1968,2378,-410
108000079,1184,2819,-1635
108000080,809,937,-128
108000081,554,4396,-3842
108000082,1409,3200,-1791
108000083,1940,1086,854
108000084,577,2229,-1652
108000085,643,523,120
108000086,1307,1443,-136
108000087,197,1916,-1719
108000088,195,21,174
108000089,342,440,-98
108000090,406,191,215
108000091,141,1097,-956
108000092,102,176,-74
108000093,154,1605,-1451
108000094,721,223,498
108000095,239,1139,-900
108000096,230,244,-14
108000097,167,1344,-1177
108000098,1215,2221,-1006
108000099,241,171,70
108000100,29,281,-252
108000101,883,1741,-858
108000102,1691,3036,-1345
108000106,1026,2,1024
108000107,3,1368,-1365
108000108,504,55,449
108000109,22,1454,-1432
108000110,189,421,-232
108000111,201,1491,-1290
108000112,49,186,-137
108000113,737,512,225
108000115,626,747,-121
108000117,1086,588,498
108000118,171,176,-5
108000119,966,715,251
108000120,123,1067,-944
108000121,222,961,-739
108000122,385,528,-143
108000123,590,559,31
108000124,230,857,-627
108000125,258,571,-313
108000126,108,977,-869
108000127,405,502,-97
108000128,571,1153,-582
108000129,268,2076,-1808
108000130,282,335,-53
108000131,839,522,317
108000132,2416,2458,-42
108000133,734,716,18
108000134,811,1017,-206
108000135,1198,457,741
108000136,1562,1676,-114
108000137,350,701,-351
108000138,397,1842,-1445
108000139,281,517,-236
108000140,41,34,7
108000141,19,317,-298
108000142,65,296,-231
108000143,27,90,-63
108000144,37,21,16
108000145,48,113,-65
108000146,43,12,31
108000147,35,135,-100
108000148,31,8,23
108000149,67,91,-24
108000150,42,8,34
108000151,36,25,11
108000152,123,1218,-1095
108000153,328,113,215
108000154,67,45,22
108000155,18,23,-5
108000156,533,219,314
108000157,229,782,-553
108000158,110,704,-594
108000159,1000,243,757
108000160,8568,1249,7319
108000161,8593,2149,6444
108000165,6,195,-189
108000172,6,290,-284
108000173,4316,2169,2147
108000175,199,126,73
108000178,484,547,-63
108000179,326,794,-468
108000181,70,44,26
108000182,241,22,219
108000183,43,64,-21
108000184,1873,2222,-349
108000185,142,1031,-889
108000186,122,103,19
108000187,76,1422,-1346
108000188,379,410,-31
108000189,913,1188,-275
108000190,42,149,-107
108000192,176,1052,-876
108000193,1483,95,1388
108000194,24,10,14
108000195,3,2175,-2172
108000196,136,179,-43
108000198,629,497,132
108000199,1,137,-136
108000200,275,1294,-1019
108000202,1,253,-252
108000203,101,1669,-1568
108000204,96,45,51
108000205,597,1031,-434
108000339,2047,429,1618
108000364,197,319,-122
108000365,37,599,-562
108000367,282,634,-352
108000368,6,68,-62
108000369,2729,185,2544
108000371,0,1008,-1008
108000372,483,0,483
108000373,122,296,-174
108000376,56,28,28
108000377,294,521,-227
108000378,10408,11612,-1204
108000379,51,297,-246
108000381,69,19,50
108000382,106,2,104
108000383,0,201,-201
108900001,232,1914,-1682
108900002,303,105,198
108900003,487,1684,-1197
108900004,104,245,-141
108900005,77,280,-203
108900006,787,216,571
108900007,137,241,-104
108900008,52,171,-119
108900009,56,125,-69
108900010,108,234,-126
108900011,346,521,-175
108900012,330,656,-326
108900013,146,386,-240
108900014,17,108,-91
108900015,0,19,-19
108900016,1,328,-327
108900017,157,292,-135
108900018,95,989,-894
108900019,40,2289,-2249
108900020,49,487,-438
108900021,84,500,-416
108900022,68,6,62
108900023,4,34,-30
108900024,8,221,-213
108900025,79,207,-128
108900026,19,159,-140
108900027,0,145,-145
108900028,52,757,-705
108900029,71,294,-223
108900030,2,202,-200
108900031,92,1007,-915
108900032,0,459,-459
108900033,0,119,-119
108900034,2,445,-443
108900035,330,2672,-2342
108900036,216,638,-422
108900037,44,802,-758
108900038,1,730,-729
108900039,1,1030,-1029
108900040,3,197,-194
108900041,8502,3295,5207
108900042,4,424,-420
108900043,76,780,-704
108900044,5,1241,-1236
108900045,41,1064,-1023
108900046,70,1945,-1875
108900047,0,133,-133
108900048,131,2021,-1890
108900049,9638,1364,8274
108900050,4,437,-433
108900051,1,358,-357
108900052,22,599,-577
108900053,198,222,-24
108900054,85,412,-327
108900055,104,756,-652
108900056,2,233,-231
108900057,0,318,-318
108900058,26,756,-730
108900059,405,36,369
108900060,71,171,-100
108900061,62,48,14
108900062,7,577,-570
108900063,17,787,-770
108900064,123,89,34
108900065,15,544,-529
108900066,247,147,100
108900067,22,356,-334
108900068,2,337,-335
108900069,46,213,-167
108900070,57,264,-207
108900071,49,85,-36
108900072,3969,485,3484
108900073,26,437,-411
108900074,108,862,-754
108900075,79,88,-9
108900076,257,111,146
108900077,162,551,-389
108900078,16,279,-263
108900079,1272,425,847
108900080,44,662,-618
108900081,54,468,-414
108900082,62,155,-93
108900083,18,289,-271
108900084,418,241,177
108900085,3733,239,3494
108900086,64,589,-525
108900087,154,368,-214
108900088,946,392,554
108900089,22,170,-148
108900090,29,681,-652
108900091,196,188,8
108900092,437,424,13
108900093,81,93,-12
108900094,298,154,144
108900095,79,1052,-973
108900096,652,47,605
108900097,540,332,208
108900098,5016,676,4340
108900099,273,519,-246
108900100,60,246,-186
108900101,275,140,135
108900102,150,1054,-904
108900103,64,89,-25
108900104,242,692,-450
108900105,7,1082,-1075
108900106,278,872,-594
108900108,331,68,263
108900109,96,29,67
108900110,195,831,-636
108900111,352,1222,-870
108900112,234,30,204
108900113,101,37,64
108900114,22,9,13
108900115,82,97,-15
108900116,62,8,54
108900117,128,7,121
108900118,548,12,536
108900119,165,61,104
108900120,157,162,-5
108900121,383,91,292
108900122,75,63,12
108900123,120,85,35
108900124,367,171,196
108900125,291,1,290
108900126,146,15,131
108900127,109,31,78
108900128,81,45,36
108900129,688,114,574
108900130,205,1,204
108900131,315,1,314
108900132,319,71,248
108900133,282,73,209
108900134,254,429,-175
108900135,67,11,56
108900136,8,0,8
108900137,133,0,133
108900138,499,12,487
108900139,309,96,213
108900140,215,361,-146
108900141,264,22,242
108900142,80,3,77
108900143,19,0,19
108900144,82,0,82
108900145,115,7,108
108900146,65,0,65
108900147,131,0,131
108900148,72,39,33
108900149,781,623,158
108900150,263,17,246
108900151,32,3,29
108900152,57,18,39
108900153,89,919,-830
108900154,4213,571,3642
108900155,339,95,244
108900156,76,8,68
108900157,19,1071,-1052
108900158,295,66,229
108900159,7,563,-556
108900160,10,418,-408
108900161,6,850,-844
108900162,63,0,63
108900163,3,291,-288
108900164,69,113,-44
108900165,320,126,194
108900167,3243,4233,-990
108900168,14947,2916,12031
108900169,41,281,-240
108900171,14022,2829,11193
108900172,265,52,213
108900173,241,681,-440
108900174,607,707,-100
108900176,241,1077,-836
108900177,13812,5111,8701
108900178,8509,3626,4883
108900179,661,1363,-702
108900180,123,244,-121
108900182,56,387,-331
108900183,243,358,-115
108900184,588,322,266
108900185,70,514,-444
108900186,58,593,-535
108900187,245,118,127
108900188,441,56,385
108900189,271,187,84
108900190,92,6539,-6447
108900191,249,28,221
108900192,82,376,-294
108900193,356,64,292
108900194,26,603,-577
108900195,84,655,-571
108900196,102,1173,-1071
108900198,8,1282,-1274
108900199,239,520,-281
108900200,467,452,15
108900201,593,1869,-1276
108900203,556,42,514
108900204,571,10,561
108900205,320,32,288
108900206,394,66,328
108900207,221,70,151
108900208,15,582,-567
108900209,358,1086,-728
108900210,210,372,-162
108900211,149,484,-335
108900212,1200,1258,-58
108900215,163,1093,-930
108900216,587,145,442
108900217,82,1,81
108900218,221,13,208
108900219,99,4,95
108900220,59,27,32
108900221,89,142,-53
108900222,257,30,227
108900223,23,107,-84
108900224,54,200,-146
108900225,0,301,-301
108900226,274,4,270
108900227,154,245,-91
108900230,927,474,453
108900231,93,431,-338
108900232,3,824,-821
108900233,335,118,217
108900234,306,176,130
108900235,362,993,-631
108900236,71,622,-551
108900237,70,465,-395
108900240,90,90,0
108900241,23,53,-30
108900245,15,1082,-1067
108900249,146,28,118
108900250,211,138,73
108900257,159,1019,-860
108900258,13,427,-414
108900259,65,167,-102
108900260,5,165,-160
108900261,222,236,-14
108900262,314,194,120
108900263,49,435,-386
108900264,688,500,188
108900265,2289,459,1830
108900266,2299,563,1736
108900267,4,108,-104
108900268,2,12,-10
108900269,50,7,43
108900270,66,6,60
108900271,30,9,21
108900272,181,6,175
108900273,1598,682,916
108900274,31,92,-61
109000001,6149,1569,4580
109000002,4590,1992,2598
109000003,2446,1034,1412
109000004,765,4110,-3345
109000005,2432,1432,1000
109000006,934,3313,-2379
109000007,1671,1113,558
109000008,665,3032,-2367
109000009,3944,1915,2029
109000010,1796,6771,-4975
109000011,2821,2406,415
109000012,1976,6469,-4493
109000013,2994,3119,-125
109000014,1832,6344,-4512
109000015,3912,6348,-2436
109000016,18127,6912,11215
109000017,2383,1740,643
109000018,1152,5383,-4231
109000019,2796,1835,961
109000020,1503,3329,-1826
109000023,345,36,309
109000024,7,249,-242
109000025,454,537,-83
109000026,1305,424,881
109000027,115,473,-358
109000028,147,150,-3
109000029,164,240,-76
109000030,100,907,-807
109000031,175,190,-15
109000032,160,933,-773
109000033,511,219,292
109000034,52,104,-52
109000035,34,105,-71
109000036,127,524,-397
109000037,183,1027,-844
109000038,667,616,51
109000039,921,613,308
109000040,9825,5697,4128
109000041,8508,1674,6834
109000042,1766,1672,94
109000044,277,77,200
109000045,85,701,-616
109000046,351,119,232
109000047,76,680,-604
109000048,789,230,559
109000049,278,821,-543
109000050,351,308,43
109000051,483,451,32
109000052,584,3247,-2663
109000053,178,88,90
109000054,353,1385,-1032
109000055,194,310,-116
109000056,341,1078,-737
109000057,515,311,204
109000058,1105,367,738
109000059,792,1036,-244
109000060,669,270,399
109000061,2197,876,1321
109000062,209,338,-129
109000063,245,323,-78
109000064,131,318,-187
109000065,99,538,-439
109000066,340,235,105
109000067,35,628,-593
109000068,1080,6,1074
109000069,882,33,849
109000070,8,1332,-1324
109000071,478,133,345
109000072,94,616,-522
109000073,46,162,-116
109000074,17,391,-374
109000075,108,543,-435
109000076,121,255,-134
109000077,431,471,-40
109000078,57,177,-120
109000079,164,366,-202
109000080,137,173,-36
109000081,87,1017,-930
109000082,600,400,200
109000083,304,1333,-1029
109000088,175,1094,-919
109000089,236,68,168
109000090,218,959,-741
109000091,262,175,87
109000092,456,1191,-735
109000093,210,221,-11
109000094,334,2,332
109000095,171,1032,-861
109000096,578,300,278
109000097,122,199,-77
109000098,56,138,-82
109000099,773,774,-1
109000100,255,817,-562
109000101,1142,1619,-477
109000102,362,1285,-923
109000103,367,921,-554
109000104,1054,1118,-64
109000105,496,2397,-1901
109000106,1674,1075,599
109000107,706,3455,-2749
109000108,1633,851,782
109000109,591,3293,-2702
109000110,1496,743,753
109000111,1408,3708,-2300
109000112,412,236,176
109000113,286,237,49
109000114,184,533,-349
109000115,1553,73,1480
109000116,6,250,-244
109000117,143,175,-32
109000118,16,483,-467
109000119,844,809,35
109000120,159,1982,-1823
109000121,244,99,145
109000122,120,1928,-1808
109000123,13,127,-114
109000124,538,561,-23
109000125,558,487,71
109000126,381,1565,-1184
109000127,602,263,339
109000128,556,4024,-3468
109000129,1651,921,730
109000130,656,4607,-3951
109000131,707,479,228
109000132,777,3385,-2608
109000133,439,1462,-1023
109000134,1093,2046,-953
109000135,1450,2043,-593
109000136,345,626,-281
109000137,318,436,-118
109000138,537,722,-185
109000139,468,629,-161
109000140,115,984,-869
109000141,342,661,-319
109000142,122,921,-799
109000143,75,75,0
109000145,82,195,-113
109000146,66,152,-86
109000148,6626,1721,4905
109000149,16,49,-33
109000150,109,276,-167
109000155,622,824,-202
109000156,2270,1385,885
109000158,135,358,-223
109000159,194,1174,-980
109000160,864,366,498
109000161,350,2397,-2047
109000162,2033,1391,642
109000163,962,3090,-2128
109000164,1085,4180,-3095
109000165,1401,985,416
109000166,613,208,405
109000167,125,1692,-1567
109000170,63,81,-18
109000171,59,57,2
109000172,54,68,-14
109000173,40,78,-38
109000174,88,123,-35
109000175,60,217,-157
109000176,241,419,-178
109000177,21,269,-248
109000178,548,944,-396
109000179,12970,4071,8899
109000180,8415,3733,4682
109000181,11,61,-50
109000182,26,66,-40
109000183,24,73,-49
109000184,29,27,2
109000185,31,138,-107
109000188,459,5242,-4783
109000189,1860,1411,449
109000190,656,712,-56
109000191,254,969,-715
109000192,294,349,-55
109000193,173,778,-605
109000194,151,178,-27
109000195,108,775,-667
109000196,220,163,57
109000197,197,974,-777
109000198,249,100,149
109000199,143,994,-851
109000206,380,43,337
109000207,166,63,103
109000208,134,101,33
109000209,212,158,54
109000210,181,1006,-825
109000211,410,511,-101
109000214,314,1051,-737
109000215,97,105,-8
109000216,352,201,151
109000217,304,124,180
109000218,294,216,78
109000221,533,1952,-1419
109000222,850,242,608
109000223,266,387,-121
109000224,49,432,-383
109000225,59,54,5
109000226,59,547,-488
109000227,889,2680,-1791
109000228,1,492,-491
109000231,39,890,-851
109000232,222,639,-417
109000236,251,1117,-866
109000241,2273,3500,-1227
109000242,1774,2459,-685
109000293,9,56,-47
109000361,104,462,-358
109000364,255,989,-734
109000396,9,1371,-1362
109000397,394,14,380
109000399,125,1088,-963
109000400,58,462,-404
109000403,66,543,-477
109000406,225,7,218
109000407,310,356,-46
109000408,3,1255,-1252
109000410,790,284,506
109000411,129,23,106
109900001,78,3,75
109900002,624,26,598
109900003,187,0,187
109900004,646,415,231
109900005,8,2,6
109900006,323,575,-252
109900007,562,1545,-983
109900008,0,49,-49
109900009,183,1496,-1313
109900010,418,33,385
109900011,79,55,24
109900012,206,222,-16
109900013,312,169,143
109900014,352,88,264
109900015,478,221,257
109900016,131,77,54
109900017,137,182,-45
109900018,242,239,3
109900019,177,122,55
109900020,19,30,-11
109900021,17,4,13
109900022,62,626,-564
109900023,31,4,27
109900024,39,3,36
109900025,2,159,-157
109900026,0,392,-392
109900027,29,24,5
109900028,4784,711,4073
109900029,9,1119,-1110
109900030,54,1,53
109900031,3,210,-207
109900032,16,472,-456
109900033,4,927,-923
109900034,12,1,11
109900035,4,23,-19
109900036,12,135,-123
109900037,76,1010,-934
109900038,73,335,-262
109900039,5,1,4
109900040,50,1052,-1002
109900041,58,874,-816
109900042,57,758,-701
109900044,78,507,-429
109900045,55,71,-16
109900046,13,93,-80
109900047,426,498,-72
109900048,12,154,-142
109900049,7,36,-29
109900050,3,623,-620
109900051,0,58,-58
109900052,74,453,-379
109900053,7,895,-888
109900054,521,262,259
109900055,41,434,-393
109900056,40,197,-157
109900057,10,437,-427
109900058,0,193,-193
109900059,487,158,329
109900060,462,235,227
109900061,216,479,-263
109900062,4,526,-522
109900063,9,487,-478
109900064,455,519,-64
109900065,297,171,126
109900066,349,1611,-1262
109900067,1,778,-777
109900068,47,5,42
109900069,0,46,-46
109900070,74,462,-388
109900071,1,55,-54
109900072,28,209,-181
109900073,337,1369,-1032
109900074,12,62,-50
109900075,27,48,-21
109900076,13,515,-502
109900077,30,71,-41
109900078,128,474,-346
109900080,172,620,-448
109900081,11,172,-161
109900082,54,870,-816
109900083,11,58,-47
109900084,64,312,-248
109900085,243,2226,-1983
109900086,149,329,-180
109900087,396,615,-219
109900089,600,153,447
109900090,570,2437,-1867
109900091,201,106,95
109900092,1516,16,1500
109900093,630,169,461
109900094,73,131,-58
109900095,134,493,-359
109900096,25,5,20
109900097,87,0,87
109900098,314,37,277
109900099,134,1,133
109900100,44,1,43
109900101,266,18,248
109900102,364,30,334
109900103,31,87,-56
109900104,363,2049,-1686
109900105,519,59,460
109900106,514,107,407
109900107,569,135,434
109900108,136,1083,-947
109900109,27,328,-301
109900110,77,1050,-973
109900111,431,2684,-2253
109900112,546,1857,-1311
109900113,606,508,98
109900114,1028,702,326
109900115,136,128,8
109900117,757,157,600
109900118,304,688,-384
109900119,620,506,114
109900120,43,4,39
109900121,386,436,-50
109900122,252,3,249
109900123,23,283,-260
109900124,52,1350,-1298
109900125,11,424,-413
109900126,210,323,-113
109900128,217,86,131
109900130,21821,2056,19765
109900131,81,204,-123
109900132,51,255,-204
109900133,74,683,-609
109900134,72,93,-21
109900135,603,97,506
109900136,50,239,-189
109900137,71,743,-672
109900140,197,676,-479
109900142,809,343,466
109900145,6,216,-210
109900146,364,55,309
109900148,51,114,-63
109900149,86,65,21
109900150,8,97,-89
109900151,14,87,-73
109900152,1,19,-18
109900153,0,57,-57
109900154,20,0,20
109900155,36,10,26
109900157,75,525,-450
109900158,93,195,-102
109900159,147,49,98
109900160,111,86,25
109900161,230,114,116
109900162,210,104,106
109900163,910,596,314
109900164,39,278,-239
109900165,287,11,276
109900166,1,329,-328
109900167,107,968,-861
109900168,158,818,-660
109900169,154,179,-25
109900170,445,739,-294
109900171,144,135,9
109900172,165,239,-74
109900173,7153,2262,4891
109900174,60,256,-196
109900175,69,75,-6
109900176,80,321,-241
109900177,46,511,-465
109900178,2,185,-183
109900179,10,43,-33
109900180,4,7,-3
110000001,934,838,96
110000002,660,722,-62
110000003,1621,884,737
110000004,742,704,38
110000005,1028,1829,-801
110000006,1101,524,577
110000007,190,265,-75
110000008,9,60,-51
110000009,60,116,-56
110000010,30,64,-34
110000011,44,277,-233
110000012,1218,885,333
110000013,45,649,-604
110000014,813,500,313
110000015,353,682,-329
110000016,433,1557,-1124
110000017,5936,396,5540
110000018,6162,748,5414
110000019,18,327,-309
110000020,1107,406,701
110000021,887,583,304
110000022,988,324,664
110000023,8,390,-382
110000024,702,673,29
110000025,209,4,205
110000026,8,1332,-1324
110000027,819,747,72
110000028,769,894,-125
110000029,566,1655,-1089
110000030,189,416,-227
110000031,329,1083,-754
110000032,694,503,191
110000033,206,177,29
110000034,328,933,-605
110000035,819,1725,-906
110000036,926,934,-8
110000037,192,1216,-1024
110000038,284,754,-470
110000039,782,2574,-1792
110000040,402,715,-313
110000041,363,1239,-876
110000042,126,659,-533
110000043,669,324,345
110000044,162,279,-117
110000045,1312,145,1167
110000046,5,19,-14
110000047,11,45,-34
110000048,9,22,-13
110000049,45,11,34
110000050,9,55,-46
110000051,17,6,11
110000052,33,40,-7
110000053,248,8,240
110000054,227,546,-319
110000055,497,41,456
110000056,267,88,179
110000057,350,1466,-1116
110000058,1241,1034,207
110000059,865,687,178
110000060,542,1255,-713
110000061,1096,1209,-113
110000062,956,1047,-91
110000063,33,100,-67
110000064,80,319,-239
110000065,60,114,-54
110000066,93,38,55
110000067,76,847,-771
110000068,187,1197,-1010
110000069,150,127,23
110000071,84,193,-109
110000073,9,31,-22
110000075,10,124,-114
110000076,359,450,-91
110000077,805,1465,-660
110000078,16,61,-45
110000080,337,974,-637
110000081,22,448,-426
110000082,37,424,-387
110000083,245,857,-612
110000084,810,861,-51
110000085,3256,1932,1324
110000086,1694,1745,-51
110000087,10,68,-58
110000088,45,339,-294
110000089,282,277,5
110000090,143,571,-428
110000091,3444,440,3004
110000092,29,167,-138
110000093,61,13,48
110000094,801,355,446
110000095,151,905,-754
110000096,6492,2175,4317
110000097,1202,1399,-197
110000098,2061,815,1246
110000099,1184,2256,-1072
110000100,560,1369,-809
110000101,14,919,-905
110000102,45,59,-14
110000104,222,108,114
110000105,78,407,-329
110000106,561,316,245
110000107,555,630,-75
110000108,222,69,153
110000109,369,492,-123
110000110,6412,4707,1705
110000111,12071,2861,9210
110000112,1972,740,1232
110000113,926,1744,-818
110000114,342,841,-499
110000115,253,489,-236
110000116,35,85,-50
110000117,153,1012,-859
110000118,334,506,-172
110000119,209,732,-523
110000120,324,323,1
110000121,112,424,-312
110000122,396,791,-395
110000123,466,687,-221
110000124,8,1181,-1173
110000125,942,8,934
110000126,268,23,245
110000127,972,52,920
110000128,50,2241,-2191
110000129,6,826,-820
110000130,179,223,-44
110000131,165,507,-342
110000132,9,882,-873
110000133,82,458,-376
110000134,60,452,-392
110000135,251,34,217
110000136,71,501,-430
110000137,455,1109,-654
110000138,702,1456,-754
110000139,789,2542,-1753
110000140,1238,656,582
110000143,996,454,542
110000144,5638,1749,3889
110000145,1540,1462,78
110000146,2586,1901,685
110000147,322,1017,-695
110000148,316,506,-190
110000151,898,564,334
110000152,779,405,374
110000153,105,89,16
110000154,63,31,32
110000155,3104,3595,-491
110000156,842,2258,-1416
110000157,1783,2766,-983
110000160,364,626,-262
110000161,186,949,-763
110000166,415,211,204
110000167,711,643,68
110000168,934,425,509
110000169,785,390,395
110000170,125,128,-3
110000171,688,232,456
110000172,200,1332,-1132
110000173,1846,1911,-65
110000174,180,2496,-2316
110000175,462,117,345
110000176,96,290,-194
110000177,235,967,-732
110000178,741,1075,-334
110000179,2476,569,1907
110000180,163,490,-327
110000181,300,784,-484
110000182,533,525,8
110000183,21504,7854,13650
110000184,2036,2691,-655
110000185,1823,952,871
110000186,999,966,33
110000191,480,637,-157
110000192,361,2,359
110000193,585,4,581
110000194,21,2333,-2312
110000195,317,665,-348
110000196,272,983,-711
110000197,55,350,-295
110000198,117,143,-26
110000199,73,144,-71
110000200,1938,822,1116
110000201,764,935,-171
110000202,1563,686,877
110000203,890,1326,-436
110000204,2,548,-546
110000205,153,81,72
110000206,1006,2864,-1858
110000207,735,498,237
110000208,251,140,111
110000209,168,1603,-1435
110000210,661,1053,-392
110000211,841,1406,-565
110000212,504,1204,-700
110000213,118,85,33
110000214,136,112,24
110000215,129,1055,-926
110000216,66,1127,-1061
110000217,296,421,-125
110000218,174,830,-656
110000219,245,91,154
110000220,53,699,-646
110000221,243,97,146
110000222,31,519,-488
110000223,8,125,-117
110000224,63,18,45
110000225,227,801,-574
110000226,227,70,157
110000227,1144,702,442
110000228,522,371,151
110000229,5,461,-456
110000230,752,802,-50
110000231,183,255,-72
110000232,190,328,-138
110000233,204,572,-368
110000234,979,747,232
110000235,1949,1302,647
110000236,414,1402,-988
110000237,2193,1518,675
110000238,1121,2001,-880
110000239,1635,1932,-297
110000240,1,154,-153
110000242,0,12,-12
110000243,88,372,-284
110000244,122,761,-639
110000245,21,799,-778
110000246,756,1203,-447
110000247,1840,7856,-6016
110000248,2741,2484,257
110000249,71,7,64
110000250,28,442,-414
110000251,228,1048,-820
110000252,205,488,-283
110000253,1128,859,269
110000254,622,2505,-1883
110000255,205,2194,-1989
110000256,536,335,201
110000257,658,677,-19
110000258,4,968,-964
110000259,88,22,66
110000260,17,837,-820
110000263,609,143,466
110000264,215,1173,-958
110000265,1241,1838,-597
110000266,2399,2783,-384
110000267,7,313,-306
110000268,405,963,-558
110000269,1,167,-166
110000270,45,6,39
110000271,3306,421,2885
110000272,1118,1438,-320
110000273,3642,1983,1659
110000274,268,1233,-965
110000275,5662,758,4904
110000276,201,324,-123
110000277,231,825,-594
110000278,294,1504,-1210
110000279,740,941,-201
110000280,278,594,-316
110000281,14,300,-286
110000282,320,83,237
110000283,62,103,-41
110000284,53,82,-29
110000285,5,423,-418
110000286,24,1,23
110000287,51,1,50
110000288,2,202,-200
110000289,699,2055,-1356
110000290,1877,775,1102
110000291,10590,1888,8702
110000292,1547,4237,-2690
110000293,473,1519,-1046
110000294,771,1057,-286
110000295,139,1707,-1568
110000296,297,539,-242
110000297,3107,408,2699
110000298,386,973,-587
110000299,551,54,497
110000301,327,16,311
110000302,354,2532,-2178
110000303,386,6,380
110000304,125,506,-381
110000305,785,29,756
110000306,136,3472,-3336
110000307,1168,10,1158
110000308,468,9,459
110000309,15,2335,-2320
110000310,556,133,423
110000311,37,1540,-1503
110000312,460,66,394
110000313,3367,3787,-420
110000314,2,478,-476
110000315,5204,2848,2356
110000316,920,1531,-611
110000317,748,611,137
110000318,4,201,-197
110000319,7,35,-28
110000320,53,83,-30
110000321,12,51,-39
110000322,282,1017,-735
110000323,366,317,49
110000324,8543,1738,6805
110000325,3229,2336,893
110000327,596,465,131
110000328,203,814,-611
110000333,839,575,264
110000334,722,2347,-1625
110000335,923,804,119
110000336,574,2034,-1460
110000337,1031,788,243
110000338,300,369,-69
110000339,190,317,-127
110000340,58,343,-285
110000341,344,898,-554
110000342,615,2,613
110000343,1,16,-15
110000344,174,326,-152
110000345,217,111,106
110000346,3340,1719,1621
110000347,1215,910,305
110000348,29,36,-7
110000349,10,24,-14
110000350,60,12,48
110000351,666,1169,-503
110000352,498,2093,-1595
110000353,5004,923,4081
110000354,1565,3122,-1557
110000355,82,88,-6
110000356,1124,25,1099
110000357,359,30,329
110000361,38,114,-76
110000362,50,391,-341
110000363,286,198,88
110000364,161,704,-543
110000365,207,0,207
110000366,1,177,-176
110000367,375,487,-112
110000368,1,125,-124
110000369,44,2,42
110000373,10,503,-493
110000374,136,5,131
110000375,281,1591,-1310
110000376,45,105,-60
110000377,88,614,-526
110000378,30,461,-431
110000379,6495,1712,4783
110000380,61,18,43
110000383,2,1315,-1313
110000384,2187,1060,1127
110000385,8,376,-368
110000387,94,6,88
110000388,66,304,-238
110000389,727,8,719
110000391,407,653,-246
110000396,105,185,-80
110000397,110,436,-326
110000398,4,55,-51
110000399,223,1,222
110000587,126,76,50
110000589,144,211,-67
110000640,174,164,10
110000652,36,203,-167
110000653,197,729,-532
110000654,12,46,-34
110000656,3,1029,-1026
110000674,21,22,-1
110000675,30,18,12
110000676,11,139,-128
110000679,552,923,-371
110000682,121,153,-32
110000683,569,719,-150
110000684,3,94,-91
110000685,15,28,-13
110000686,3,37,-34
110000687,4,4,0
110000688,52,778,-726
110000689,34,68,-34
110000692,155,514,-359
110000693,226,308,-82
110000694,1,176,-175
110000695,199,1212,-1013
110000696,214,313,-99
110900001,186,17,169
110900002,144,419,-275
110900003,468,1576,-1108
110900004,306,348,-42
110900005,7479,2012,5467
110900006,56,7,49
110900007,118,29,89
110900008,32,36,-4
110900009,388,80,308
110900010,17,109,-92
110900011,14,194,-180
110900012,13,208,-195
110900013,875,277,598
110900014,177,18,159
110900015,1507,571,936
110900016,19,291,-272
110900017,324,68,256
110900018,410,92,318
110900019,103,43,60
110900020,112,991,-879
110900021,70,1088,-1018
110900022,121,672,-551
110900023,129,1090,-961
110900024,25,832,-807
110900025,7,93,-86
110900027,53,473,-420
110900028,42,339,-297
110900029,36,805,-769
110900030,26,735,-709
110900031,2,267,-265
110900032,2,155,-153
110900033,38,601,-563
110900035,43,694,-651
110900036,164,43,121
110900037,54,48,6
110900038,2373,290,2083
110900039,11,372,-361
110900040,232,52,180
110900041,23,274,-251
110900042,101,93,8
110900043,7,281,-274
110900044,320,41,279
110900045,63,1106,-1043
110900046,200,442,-242
110900047,1399,191,1208
110900049,109,51,58
110900050,6,5,1
110900051,53,297,-244
110900052,1,342,-341
110900053,91,87,4
110900054,34,524,-490
110900055,12,0,12
110900056,53,189,-136
110900057,6,350,-344
110900058,162,443,-281
110900059,826,1465,-639
110900060,506,109,397
110900061,37,66,-29
110900062,140,519,-379
110900063,45,161,-116
110900064,21,0,21
110900065,532,205,327
110900066,30,154,-124
110900067,915,770,145
110900068,488,372,116
110900069,4,47,-43
110900071,395,457,-62
110900073,0,43,-43
110900074,301,150,151
110900075,352,109,243
110900077,537,676,-139
110900078,31,259,-228
110900079,2532,900,1632
110900080,112,104,8
110900081,5,226,-221
110900082,77,410,-333
110900083,101,32,69
110900084,74,417,-343
110900085,63,784,-721
110900086,63,265,-202
110900087,278,93,185
110900088,21,0,21
110900090,46,32,14
110900091,0,98,-98
110900093,474,103,371
110900095,70,97,-27
110900097,9,35,-26
110900098,27,288,-261
110900099,77,1136,-1059
110900100,0,31,-31
110900102,44,25,19
110900105,1467,772,695
110900108,5,239,-234
110900111,493,153,340
110900112,664,11,653
110900113,686,53,633
110900115,3,208,-205
110900116,430,4628,-4198
110900118,199,2341,-2142
110900119,9000,451,8549
110900120,11,295,-284
110900121,87,0,87
110900122,246,195,51
110900125,302,349,-47
110900127,455,996,-541
110900128,174,243,-69
110900129,385,456,-71
110900130,1565,532,1033
110900131,202,61,141
110900132,329,61,268
110900133,95,516,-421
110900135,136,1106,-970
110900136,300,9,291
110900137,122,3,119
110900138,1548,600,948
110900139,55,91,-36
110900140,67,6,61
110900141,5,164,-159
110900142,51,449,-398
110900143,82,111,-29
110900144,3,1151,-1148
110900145,104,25,79
110900146,604,81,523
110900147,386,370,16
110900148,2,502,-500
110900149,2,124,-122
110900150,28,40,-12
110900151,7,110,-103
110900152,31,665,-634
110900153,93,128,-35
111000001,467,460,7
111000002,627,1060,-433
111000003,996,928,68
111000004,747,1671,-924
111000005,1293,1237,56
111000006,1219,1950,-731
111000007,8101,3219,4882
111000008,6429,4873,1556
111000009,550,1421,-871
111000010,846,361,485
111000011,543,1326,-783
111000012,760,478,282
111000013,432,1752,-1320
111000014,1094,777,317
111000017,152,906,-754
111000018,280,535,-255
111000020,4160,3183,977
111000021,221,192,29
111000023,219,277,-58
111000025,11880,3727,8153
111000029,115,146,-31
111000030,50,132,-82
111000031,2664,1263,1401
111000032,693,312,381
111000033,404,194,210
111000034,590,254,336
111000037,5635,1854,3781
111000038,4010,4171,-161
111000039,1683,4017,-2334
111000040,1900,4663,-2763
111000041,1919,2883,-964
111000042,10318,3876,6442
111000043,3033,2308,725
111000044,1486,1215,271
111000045,1873,2680,-807
111000046,1109,1924,-815
111000047,1976,3193,-1217
111000049,438,728,-290
111000050,2955,2574,381
111000051,626,1773,-1147
111000052,717,2135,-1418
111000053,529,1824,-1295
111000054,279,2010,-1731
111000055,1712,3201,-1489
111000056,143,1275,-1132
111000057,105,1547,-1442
111000058,190,177,13
111000059,293,398,-105
111000060,3175,822,2353
111000061,546,494,52
111000062,698,297,401
111000063,1838,1345,493
111000064,466,953,-487
111000065,1125,1030,95
111000066,352,396,-44
111000067,524,956,-432
111000068,404,1096,-692
111000069,1913,2681,-768
111000070,3950,1601,2349
111000071,368,1376,-1008
111000072,836,542,294
111000073,279,800,-521
111000074,1717,2114,-397
111000075,878,1291,-413
111000076,494,1458,-964
111000077,1325,1937,-612
111000078,2580,1687,893
111000079,1631,967,664
111000080,590,942,-352
111000081,3190,4949,-1759
111000082,641,975,-334
111000084,745,792,-47
111000085,1190,2328,-1138
111000086,5937,1914,4023
111000087,882,1319,-437
111000088,11788,2809,8979
111000089,802,1277,-475
111000090,1530,1979,-449
111000091,819,1084,-265
111000092,1223,1529,-306
111000093,542,1069,-527
111000094,1729,1275,454
111000095,958,2766,-1808
111000096,3736,7961,-4225
111000097,10347,1500,8847
111000098,928,2174,-1246
111000099,651,3775,-3124
111000100,402,3784,-3382
111000101,502,1413,-911
111000102,162,1390,-1228
111000104,321,389,-68
111000107,101,1503,-1402
111000109,332,344,-12
111000110,1129,817,312
111000111,1561,566,995
111000112,1306,446,860
111000113,845,1016,-171
111000114,2303,2414,-111
111000115,11830,1501,10329
111000116,1000,1369,-369
111000117,561,1252,-691
111000118,1690,1504,186
111000119,904,2799,-1895
111000120,428,856,-428
111000121,271,803,-532
111000122,618,1294,-676
111000123,1115,5410,-4295
111000124,585,5958,-5373
111000125,266,3399,-3133
111000126,114,1652,-1538
111000127,653,209,444
111000128,1300,444,856
111000129,2023,591,1432
111000130,1497,819,678
111000131,1277,695,582
111000132,860,676,184
111000133,132,217,-85
111000134,150,162,-12
111000135,34,168,-134
111000136,381,349,32
111000138,2,13,-11
111000140,0,11,-11
111000141,265,519,-254
111000142,15,214,-199
111000143,6,150,-144
111000144,43,134,-91
111000145,857,5,852
111000146,33,7,26
111000147,210,24,186
111000148,177,163,14
111000149,5,60,-55
111000150,14,4,10
111000151,6,21,-15
111000153,808,758,50
111000154,785,290,495
111000155,122,236,-114
111000156,492,607,-115
111000157,233,782,-549
111000158,1202,721,481
111000159,4374,957,3417
111000160,245,559,-314
111000161,18,439,-421
111000162,6,226,-220
111000163,414,1354,-940
111000164,1119,4194,-3075
111000165,1906,697,1209
111000166,2210,487,1723
111000167,190,788,-598
111000168,261,645,-384
111000169,335,760,-425
111000170,584,652,-68
111000171,484,1571,-1087
111000172,132,1030,-898
111000173,266,2430,-2164
111000174,184,1192,-1008
111000175,65,465,-400
111000176,275,263,12
111000177,230,490,-260
111000178,774,456,318
111000179,125,294,-169
111000180,177,481,-304
111000181,832,475,357
111000182,138,306,-168
111000183,303,354,-51
111000184,333,299,34
111000185,452,688,-236
111000186,337,415,-78
111000187,125,402,-277
111000188,187,767,-580
111000189,2482,748,1734
111000190,219,822,-603
111000191,140,707,-567
111000192,325,1006,-681
111000193,673,608,65
111000194,42,607,-565
111000195,92,770,-678
111000196,65,527,-462
111000197,230,228,2
111000198,413,156,257
111000199,131,183,-52
111000200,203,447,-244
111000201,469,287,182
111000202,191,286,-95
111000203,285,315,-30
111000204,341,799,-458
111000213,265,523,-258
111000214,1569,2818,-1249
111000215,1109,2283,-1174
111000217,1207,1478,-271
111000218,1062,1452,-390
111000219,396,341,55
111000220,4846,1210,3636
111000221,916,393,523
111000224,7,551,-544
111000225,275,202,73
111000226,291,1,290
111000227,76,6,70
111000228,17,265,-248
111000229,47,529,-482
111000230,253,1077,-824
111000231,831,2449,-1618
111000232,458,1118,-660
111000233,486,1137,-651
111000234,66,319,-253
111000239,166,333,-167
111000240,62,172,-110
111000241,43,629,-586
111000242,101,105,-4
111000243,112,1379,-1267
111000244,345,160,185
111000245,783,905,-122
111000246,366,967,-601
111000247,149,1744,-1595
111000248,566,687,-121
111000249,493,1257,-764
111000250,39,241,-202
111000251,53,258,-205
111000253,24,35,-11
111000255,11,15,-4
111000257,37,25,12
111000260,73,2049,-1976
111000261,744,107,637
111000271,67,408,-341
111000273,12232,2271,9961
111000274,1590,2720,-1130
111000275,117,111,6
111000276,360,3693,-3333
111000277,215,684,-469
111000278,605,358,247
111000291,536,4095,-3559
111000298,432,352,80
111000299,713,171,542
111000300,99,1174,-1075
111000302,268,153,115
111000303,114,499,-385
111000312,70,108,-38
111000315,3,642,-639
111000320,409,1116,-707
111000321,266,114,152
111000322,275,959,-684
111000323,173,23,150
111000324,440,495,-55
111000325,43,88,-45
111000326,123,470,-347
111000327,459,822,-363
111000328,194,541,-347
111000329,0,24,-24
111000330,32,28,4
111000331,8,4,4
111000332,488,2093,-1605
111000334,519,2568,-2049
111000335,528,184,344
111000337,670,657,13
111000338,37,208,-171
111000339,271,1078,-807
111000340,78,1565,-1487
111000341,907,473,434
111000342,146,434,-288
111000344,903,1142,-239
111000345,183,48,135
111000346,24,192,-168
111000347,101,2,99
111000350,227,224,3
111000351,121,297,-176
111000352,181,457,-276
111000353,116,334,-218
111000354,410,689,-279
111000355,372,1203,-831
111000358,131,3343,-3212
111000360,136,1774,-1638
111000361,162,749,-587
111000546,517,1125,-608
111000547,237,1541,-1304
111000548,97,257,-160
111000549,239,874,-635
111000550,68,540,-472
111000551,1034,351,683
111000552,892,80,812
111000907,705,320,385
111000908,32,2,30
111000916,1137,335,802
111000917,40,625,-585
111000918,162,1963,-1801
111000920,310,5,305
111000921,4,595,-591
111000922,325,446,-121
111000924,53,2213,-2160
111000925,2052,2633,-581
111000926,1137,4107,-2970
111000927,3074,5193,-2119
111000928,9058,6088,2970
111000929,1126,1266,-140
111000930,929,3798,-2869
111000931,1806,2394,-588
111000932,6097,3474,2623
111000933,3908,2300,1608
111000934,3156,4143,-987
111000935,1013,1244,-231
111000936,1156,3201,-2045
111000937,844,1554,-710
111000938,2516,3303,-787
111000939,284,50,234
111000940,310,329,-19
111000941,217,1337,-1120
111000943,270,368,-98
111000944,150,1041,-891
111000945,47,4084,-4037
111001109,452,253,199
111001110,301,908,-607
111001111,51,7,44
111001112,90,4,86
111001113,7,167,-160
111001114,1515,154,1361
111001115,64,491,-427
111001116,8470,3134,5336
111001117,1147,1175,-28
111001120,123,718,-595
111001121,154,583,-429
111001122,209,1151,-942
111001123,131,165,-34
111001124,60,547,-487
111900001,7,230,-223
111900002,17,1612,-1595
111900003,9,822,-813
111900004,66,302,-236
111900006,13,26,-13
111900007,87,5,82
111900008,81,4,77
111900009,126,375,-249
111900010,317,945,-628
111900012,136,211,-75
111900013,9,119,-110
111900014,11986,2910,9076
111900015,1,142,-141
111900016,2,253,-251
111900017,2,334,-332
111900018,84,4,80
111900019,2,176,-174
111900020,5,100,-95
111900021,31,154,-123
111900022,25,94,-69
111900023,287,101,186
111900024,0,141,-141
111900025,0,61,-61
111900026,1,148,-147
111900027,8,277,-269
111900028,4,667,-663
111900029,8,209,-201
111900030,80,869,-789
111900031,0,34,-34
111900032,5,729,-724
111900033,5,215,-210
111900034,307,1335,-1028
111900035,30,341,-311
111900036,6,586,-580
111900038,514,1180,-666
111900039,47,779,-732
111900040,14,1079,-1065
111900042,54,185,-131
111900043,9,833,-824
111900044,357,530,-173
111900046,63,353,-290
111900048,169,1419,-1250
111900049,40,433,-393
111900050,74,18,56
111900051,33,520,-487
111900052,574,873,-299
111900053,1961,719,1242
111900054,134,0,134
111900055,36,1027,-991
111900056,321,152,169
111900057,42,45,-3
111900058,285,1443,-1158
111900059,5066,454,4612
111900060,275,2,273
111900061,28,479,-451
111900062,14,34,-20
111900063,117,457,-340
111900064,155,526,-371
111900065,49,20,29
111900066,162,184,-22
111900067,4,697,-693
111900068,45,44,1
111900069,41,33,8
111900070,139,167,-28
111900071,3,607,-604
111900072,48,11,37
111900073,470,116,354
111900074,14,444,-430
111900075,70,6,64
111900076,123,32,91
111900077,28,2,26
111900078,220,15,205
111900079,37,14,23
111900080,315,200,115
111900082,73,15,58
111900083,57,10,47
111900084,41,3,38
111900085,35,115,-80
111900086,31,4,27
111900087,35,2,33
111900088,362,3,359
111900089,137,6,131
111900090,104,35,69
111900091,146,11,135
111900092,45,1,44
111900093,283,2,281
111900094,82,0,82
111900095,161,17,144
111900096,94,1,93
111900097,31,3,28
111900098,94,0,94
111900099,49,0,49
111900100,78,5,73
111900101,70,23,47
111900102,321,1489,-1168
111900103,87,92,-5
111900104,128,82,46
111900105,291,195,96
111900106,2631,76,2555
111900110,4675,450,4225
111900111,88,446,-358
111900112,1854,1679,175
111900113,432,82,350
111900118,255,64,191
111900119,212,126,86
111900122,109,84,25
111900123,16,41,-25
111900124,30,190,-160
111900125,369,23,346
111900126,232,7,225
111900127,3,1201,-1198
111900128,9,1243,-1234
111900129,192,7,185
111900130,210,12,198
111900131,279,0,279
111900132,83,2835,-2752
111900133,14,819,-805
111900134,28,487,-459
111900135,11,20,-9
111900136,97,134,-37
111900137,110,112,-2
111900138,25,159,-134
111900139,38,335,-297
111900140,47,59,-12
111900141,72,8,64
111900142,112,27,85
111900143,10,305,-295
111900144,0,197,-197
111900145,5,1096,-1091
111900146,2,619,-617
111900147,250,939,-689
111900148,38,1561,-1523
111900149,14,654,-640
111900150,19,311,-292
111900151,1,22,-21
111900152,121,72,49
111900153,2650,308,2342
111900154,13,189,-176
111900155,73,63,10
111900156,30,51,-21
111900157,60,7,53
111900158,284,30,254
111900159,214,22,192
111900160,170,1,169
111900161,93,1,92
111900162,124,164,-40
111900163,74,574,-500
111900164,120,49,71
111901113,287,638,-351
111901114,173,688,-515
111901115,66,0,66
111901116,97,0,97
111901117,18,37,-19
111901118,348,229,119
111901119,2947,249,2698
111901121,309,827,-518
111901122,5,1258,-1253
111901123,125,778,-653
111901124,133,0,133
111901125,270,320,-50
111901127,1976,496,1480
111901128,19,230,-211
111901129,6,413,-407
111901130,11,633,-622
111901131,4,431,-427
111901132,84,17,67
111901133,41,3,38
111901134,76,1,75
111901135,15,10,5
111901136,29,26,3
111901137,0,25,-25
111901138,152,79,73
111901139,30,98,-68
111901140,13,293,-280
111901141,7,649,-642
111901142,7,483,-476
111901143,4,173,-169
111901144,44,36,8
111901145,167,291,-124
111901146,612,30,582
112000001,1899,1427,472
112000002,886,3558,-2672
112000003,754,1639,-885
112000004,866,2796,-1930
112000005,2273,2604,-331
112000006,2182,3531,-1349
112000007,2014,1692,322
112000008,2506,4987,-2481
112000009,5503,5840,-337
112000010,2593,3616,-1023
112000011,2438,3633,-1195
112000012,6602,3401,3201
112000013,7609,4931,2678
112000014,3377,1301,2076
112000015,3524,4097,-573
112000016,6713,1319,5394
112000017,2963,2567,396
112000024,3270,1231,2039
112000026,6619,8073,-1454
112000027,1032,623,409
112000028,2455,2645,-190
112000029,498,721,-223
112000030,231,171,60
112000031,2006,4164,-2158
112000032,664,77,587
112000033,2456,1588,868
112000034,312,63,249
112000035,161,520,-359
112000036,1009,1196,-187
112000037,1442,1056,386
112000038,1392,1204,188
112000039,38,133,-95
112000040,190,380,-190
112000041,780,729,51
112000042,1649,429,1220
112000050,925,2114,-1189
112000051,893,1184,-291
112000054,2393,3685,-1292
112000057,830,597,233
112000058,496,858,-362
112000059,934,918,16
112000061,6516,2898,3618
112000062,3164,1246,1918
112000063,2424,1657,767
112000064,6247,9066,-2819
112000065,2933,4179,-1246
112000066,3937,1494,2443
112000067,946,1015,-69
112000068,2718,2015,703
112000069,854,3307,-2453
112000070,2088,981,1107
112000071,837,4710,-3873
112000072,1413,1339,74
112000073,1525,2739,-1214
112000074,965,1348,-383
112000075,1312,1621,-309
112000076,3999,4073,-74
112000077,415,1024,-609
112000078,1409,1026,383
112000079,1364,1812,-448
112000080,717,1493,-776
112000081,1829,2837,-1008
112000082,1534,1102,432
112000083,645,2199,-1554
112000084,1161,1064,97
112000085,986,1980,-994
112000086,1438,2273,-835
112000087,248,749,-501
112000088,446,1118,-672
112000089,368,516,-148
112000090,250,590,-340
112000091,707,1836,-1129
112000092,1477,1304,173
112000093,1673,1678,-5
112000094,528,1040,-512
112000095,574,1352,-778
112000096,401,893,-492
112000097,893,727,166
112000098,1188,2804,-1616
112000099,701,966,-265
112000100,1230,1544,-314
112000101,483,1526,-1043
112000102,710,913,-203
112000103,407,1989,-1582
112000105,536,3102,-2566
112000106,1006,692,314
112000107,15,318,-303
112000108,168,2805,-2637
112000109,73,106,-33
112000110,1721,652,1069
112000111,1968,7021,-5053
112000112,5838,1019,4819
112000113,1384,3093,-1709
112000114,3414,1665,1749
112000115,309,907,-598
112000116,563,1756,-1193
112000117,952,1332,-380
112000118,1269,1289,-20
112000119,439,1533,-1094
112000120,91,659,-568
112000121,128,1196,-1068
112000122,207,193,14
112000123,497,188,309
112000124,200,99,101
112000125,79,212,-133
112000126,131,1251,-1120
112000127,3174,2098,1076
112000128,1618,1215,403
112000129,103,159,-56
112000130,150,86,64
112000131,32,809,-777
112000132,101,429,-328
112000133,280,672,-392
112000134,397,569,-172
112000135,1028,1023,5
112000136,1339,1736,-397
112000137,1846,2531,-685
112000138,2573,1848,725
112000139,1097,419,678
112000140,1309,1621,-312
112000141,665,279,386
112000142,180,1590,-1410
112000143,924,301,623
112000144,453,3246,-2793
112000145,1777,958,819
112000146,840,3820,-2980
112000147,1838,2375,-537
112000148,1983,3697,-1714
112000149,309,1526,-1217
112000150,158,1063,-905
112000151,403,1227,-824
112000152,271,630,-359
112000153,252,514,-262
112000154,133,205,-72
112000155,154,200,-46
112000157,979,548,431
112000158,280,1537,-1257
112000159,348,480,-132
112000167,238,63,175
112000169,451,521,-70
112000173,509,348,161
112000175,382,664,-282
112000176,5395,2875,2520
112000177,514,168,346
112000178,87,1055,-968
112000179,199,287,-88
112000180,250,385,-135
112000181,1466,3041,-1575
112000182,791,3630,-2839
112000183,52,152,-100
112000184,309,1304,-995
112000185,349,795,-446
112000187,4057,3050,1007
112000195,119,20,99
112000196,182,3,179
112000197,209,173,36
112000198,50,534,-484
112000199,1659,1404,255
112000202,329,50,279
112000216,61,302,-241
112000230,68,5,63
112000231,6,576,-570
112000256,27,246,-219
112000313,272,219,53
112000314,51,27,24
112000337,235,876,-641
112000352,372,338,34
112000392,2695,2117,578
112000398,911,1011,-100
112000399,4059,2094,1965
112000400,2592,5951,-3359
112000401,3382,4023,-641
112000402,2045,3036,-991
112000403,2776,2467,309
112000404,447,852,-405
112000405,1618,3115,-1497
112000406,4722,4848,-126
112000407,4767,7423,-2656
112000408,10774,10099,675
112000409,2024,7579,-5555
112000410,416,210,206
112000411,8958,1458,7500
112000412,1751,648,1103
112000413,15742,3850,11892
112000414,122,205,-83
112000415,108,120,-12
112000416,1803,1608,195
112000417,258,93,165
112000421,52,314,-262
112000422,389,1194,-805
112000424,4753,2443,2310
112000425,576,2008,-1432
112000426,110,381,-271
112000427,0,27,-27
112000428,158,969,-811
112000429,2700,4058,-1358
112000430,2703,3779,-1076
112000431,106,240,-134
112000432,757,3789,-3032
112000433,735,1241,-506
112000437,53,434,-381
112900001,57,3,54
112900002,274,1902,-1628
112900003,51,560,-509
112900004,24,455,-431
112900005,171,326,-155
112900006,14,747,-733
112900007,33,318,-285
112900008,0,32,-32
112900009,424,91,333
112900010,193,1210,-1017
112900011,518,509,9
112900012,0,82,-82
112900013,0,554,-554
112900014,6,521,-515
112900015,595,1678,-1083
112900016,3,500,-497
112900017,57,412,-355
112900018,2,534,-532
112900019,90,204,-114
112900020,611,2531,-1920
112900021,2,510,-508
112900022,38,139,-101
112900023,0,414,-414
112900024,38,421,-383
112900025,164,479,-315
112900026,4,566,-562
112900027,9,2026,-2017
112900028,26,224,-198
112900029,19,1150,-1131
112900030,316,348,-32
112900031,5,927,-922
112900032,166,373,-207
112900034,2,84,-82
112900035,7,868,-861
112900036,32,196,-164
112900037,144,189,-45
112900038,436,226,210
112900039,24,545,-521
112900040,5,660,-655
112900041,2102,1268,834
112900042,75,926,-851
112900043,30,73,-43
112900044,1327,664,663
112900045,823,522,301
112900046,310,121,189
112900047,16,38,-22
112900049,157,122,35
112900050,113,860,-747
112900051,419,1349,-930
112900052,12,1994,-1982
112900053,466,221,245
112900054,409,39,370
112900055,222,35,187
112900056,431,212,219
112900057,6,1228,-1222
112900058,313,244,69
112900059,162,217,-55
112900060,17,559,-542
112900061,67,229,-162
112900062,58,194,-136
112900063,105,9,96
112900064,256,364,-108
112900065,89,18,71
112900066,199,100,99
112900067,882,237,645
112900068,65,32,33
112900069,4152,744,3408
112900071,13,5,8
112900072,556,1542,-986
112900073,284,63,221
112900074,62,172,-110
112900075,3338,781,2557
112900076,122,14,108
112900078,256,356,-100
112900079,268,26,242
112900080,23,4,19
112900081,37,168,-131
112900082,278,34,244
112900083,101,78,23
112900084,128,85,43
112900086,50,0,50
112900087,426,154,272
112900088,146,13,133
112900089,581,26,555
112900090,86,30,56
112900091,119,1,118
112900092,235,232,3
112900093,1459,11,1448
112900095,34,0,34
112900096,286,135,151
112900097,61,730,-669
112900098,101,9,92
112900099,474,19,455
112900100,52,0,52
112900101,205,3,202
112900102,158,3,155
112900103,131,1,130
112900104,118,4,114
112900105,7,0,7
112900106,375,148,227
112900107,21,20,1
112900108,48,0,48
112900109,81,2,79
112900110,683,4,679
112900111,373,3,370
112900112,247,0,247
112900113,0,29,-29
112900114,76,61,15
112900115,651,4,647
112900116,59,46,13
112900117,178,157,21
112900118,36,135,-99
112900119,155,2,153
112900120,1070,361,709
112900121,489,282,207
112900122,25,269,-244
112900123,172,27,145
112900124,7,294,-287
112900125,75,598,-523
112900126,195,365,-170
112900127,331,76,255
112900128,659,1302,-643
112900129,9,1472,-1463
112900130,211,62,149
112900131,57,353,-296
112900132,74,640,-566
112900133,30,1867,-1837
112900134,0,530,-530
112900135,93,61,32
112900137,2,1196,-1194
112900138,5,855,-850
112900139,276,1848,-1572
112900141,522,28,494
112900142,88,206,-118
112900143,62,972,-910
112900144,4,613,-609
112900145,50,739,-689
112900146,16,2469,-2453
112900147,11,3889,-3878
112900148,69,0,69
112900149,224,1055,-831
112900151,23,63,-40
112900152,6993,1319,5674
112900153,2641,1685,956
112900154,0,151,-151
112900155,193,20,173
112900156,264,3077,-2813
112900157,157,94,63
112900158,20,22,-2
112900159,215,71,144
112900160,44,480,-436
112900161,115,20,95
112900162,59,28,31
112900163,186,30,156
112900164,38,129,-91
112900165,137,79,58
112900166,32,53,-21
112900167,12,57,-45
112900168,4,2,2
112900169,8,2,6
112900170,35,195,-160
112900172,83,8,75
112900173,342,185,157
112900174,370,37,333
112900175,171,200,-29
112900176,11,28,-17
112900177,277,54,223
112900178,753,2205,-1452
112900179,63,761,-698
112900180,2002,3188,-1186
112900181,432,2,430
112900182,38,2230,-2192
112900183,236,433,-197
112900184,609,514,95
112900185,432,616,-184
112900186,2308,1008,1300
112900187,112,572,-460
112900188,1039,712,327
112900189,97,58,39
112900190,3,111,-108
112900192,571,549,22
112900193,1532,329,1203
112900194,31,226,-195
112900195,541,43,498
112900196,370,888,-518
112900197,245,644,-399
112900199,432,1026,-594
112900200,392,507,-115
112900201,58,155,-97
112900202,335,1668,-1333
112900203,128,500,-372
112900204,1260,596,664
112900205,4,19,-15
112900206,5,83,-78
112900207,6,0,6
112900208,79,193,-114
112900209,649,689,-40
112900210,0,45,-45
112900211,114,149,-35
112900212,2,120,-118
112900213,10,6,4
112900214,35,10,25
112900215,12,440,-428
112900216,48,112,-64
112900217,0,84,-84
112900218,28,76,-48
112900219,38,31,7
112900220,10,0,10
112900221,22,247,-225
112900222,7,57,-50
112900223,826,16,810
112900224,217,1622,-1405
112900225,327,999,-672
112900226,289,474,-185
112900227,339,2266,-1927
112900228,23,36,-13
112900229,110,114,-4
112900230,12042,4393,7649
112900232,196,172,24
112900233,67,429,-362
112900234,9,230,-221
112900235,57,28,29
112900236,142,32,110
112900237,87,706,-619
112900238,7,71,-64
112900239,793,540,253
113000001,5931,8558,-2627
113000002,4380,6258,-1878
113000003,2491,3462,-971
113000004,2576,3638,-1062
113000005,1553,1703,-150
113000006,1280,2038,-758
113000007,1642,1984,-342
113000008,1874,3062,-1188
113000009,1070,1326,-256
113000010,1448,2660,-1212
113000011,1163,2497,-1334
113000012,1518,1963,-445
113000013,3432,938,2494
113000014,2963,2065,898
113000015,1782,438,1344
113000016,1478,797,681
113000017,230,430,-200
113000018,537,118,419
113000019,222,349,-127
113000020,366,60,306
113000021,1947,793,1154
113000022,782,2145,-1363
113000025,993,690,303
113000026,452,765,-313
113000027,1676,692,984
113000028,2473,713,1760
113000029,1332,1215,117
113000030,786,846,-60
113000031,342,431,-89
113000032,373,550,-177
113000033,480,785,-305
113000034,568,558,10
113000035,34,64,-30
113000036,53,119,-66
113000037,100,56,44
113000038,30,124,-94
113000039,88,796,-708
113000040,50,117,-67
113000042,1284,964,320
113000051,900,3032,-2132
113000052,3338,1710,1628
113000053,422,1081,-659
113000054,294,1309,-1015
113000055,1172,1503,-331
113000056,842,1973,-1131
113000058,953,1073,-120
113000059,1649,991,658
113000060,203,668,-465
113000061,964,1370,-406
113000062,2184,372,1812
113000063,134,508,-374
113000064,47,848,-801
113000065,175,2154,-1979
113000066,534,135,399
113000067,1609,2204,-595
113000068,429,3513,-3084
113000069,629,2391,-1762
113000070,1822,1649,173
113000071,462,1230,-768
113000072,694,865,-171
113000073,844,2685,-1841
113000074,1124,515,609
113000075,2739,851,1888
113000076,1777,2851,-1074
113000077,1797,722,1075
113000078,1086,3101,-2015
113000079,1138,1074,64
113000080,934,833,101
113000081,1069,1228,-159
113000082,1715,1108,607
113000083,765,1157,-392
113000084,2062,1553,509
113000085,1010,941,69
113000086,1309,1942,-633
113000087,1255,1139,116
113000088,3203,1785,1418
113000089,1170,1818,-648
113000090,336,838,-502
113000091,955,537,418
113000094,1236,298,938
113000095,298,1930,-1632
113000096,245,1508,-1263
113000097,1335,562,773
113000098,146,50,96
113000099,1390,462,928
113000100,182,788,-606
113000101,504,895,-391
113000102,587,415,172
113000103,3831,849,2982
113000104,550,4211,-3661
113000105,609,708,-99
113000106,485,739,-254
113000107,796,1416,-620
113000108,1246,2351,-1105
113000109,699,5768,-5069
113000110,2110,729,1381
113000111,278,1231,-953
113000112,358,477,-119
113000113,2560,408,2152
113000114,333,2252,-1919
113000116,1185,357,828
113000117,1441,166,1275
113000118,270,666,-396
113000119,297,637,-340
113000120,56,280,-224
113000121,911,1655,-744
113000124,303,200,103
113000125,83,860,-777
113000127,5003,795,4208
113000128,871,931,-60
113000129,714,3053,-2339
113000133,6695,2216,4479
113000134,14,1521,-1507
113000135,3996,4673,-677
113000137,2810,3457,-647
113000139,548,317,231
113000140,224,421,-197
113000141,617,381,236
113000142,962,1784,-822
113000143,373,325,48
113000144,407,1062,-655
113000145,77,269,-192
113000146,156,123,33
113000147,199,208,-9
113000148,132,288,-156
113000149,58,247,-189
113000150,695,664,31
113000151,109,109,0
113000152,41,243,-202
113000153,2855,962,1893
113000154,1036,3141,-2105
113000155,496,870,-374
113000156,171,735,-564
113000157,395,1555,-1160
113000158,779,463,316
113000159,987,1282,-295
113000160,861,1938,-1077
113000161,282,1060,-778
113000162,703,890,-187
113000163,88,77,11
113000164,22,154,-132
113000166,143,126,17
113000167,25,262,-237
113000168,76,280,-204
113000169,146,150,-4
113000170,115,217,-102
113000171,67,152,-85
113000172,243,156,87
113000173,70,54,16
113000174,173,752,-579
113000175,459,274,185
113000176,519,414,105
113000177,241,585,-344
113000178,219,509,-290
113000179,299,386,-87
113000180,951,2409,-1458
113000181,1129,1781,-652
113000182,328,665,-337
113000183,247,794,-547
113000184,13,134,-121
113000189,715,1057,-342
113000190,1673,805,868
113000192,3916,2166,1750
113000193,8648,1318,7330
113000194,2880,1655,1225
113000195,3474,937,2537
113000196,152,156,-4
113000197,2496,1586,910
113000198,80,521,-441
113000199,1662,760,902
113000201,1120,243,877
113000202,6441,4701,1740
113000203,603,378,225
113000204,2714,2394,320
113000205,21,29,-8
113000206,10,51,-41
113000207,76,37,39
113000208,41,77,-36
113000209,21,34,-13
113000210,4,45,-41
113000211,300,354,-54
113000212,327,35,292
113000213,55,210,-155
113000214,214,350,-136
113000234,226,1906,-1680
113000410,5197,359,4838
113000411,3958,6300,-2342
113000412,13343,3224,10119
113000413,4992,4133,859
113000414,12571,17453,-4882
113000415,3399,4659,-1260
113000416,13460,6075,7385
113000417,4498,4943,-445
113000418,4519,3589,930
113000419,2163,3093,-930
113000420,4671,6904,-2233
113000421,5164,7950,-2786
113000422,21270,14458,6812
113000423,3400,6473,-3073
113000424,5855,11728,-5873
113000425,18,115,-97
113000428,1800,155,1645
113000430,190,370,-180
113000432,2073,244,1829
113000433,170,1795,-1625
113000434,34,477,-443
113000435,35,1590,-1555
113000436,120,2601,-2481
113000437,760,33,727
113000438,220,14,206
113000439,16,275,-259
113000440,123,44,79
113000441,239,404,-165
113000442,140,441,-301
113000443,136,650,-514
113000444,152,555,-403
113000445,141,257,-116
113000446,24,111,-87
113000448,379,186,193
113000449,534,1554,-1020
113000450,1456,5844,-4388
113000451,2681,252,2429
113000452,876,791,85
113000453,139,487,-348
113000454,1918,53,1865
113000455,29,291,-262
113000456,5165,3365,1800
113000468,4625,464,4161
113000469,757,486,271
113000470,1029,116,913
113000471,17,797,-780
113000472,170,400,-230
113000474,381,886,-505
113000475,1972,2907,-935
113000476,1118,2527,-1409
113000477,2432,2594,-162
113000478,4855,8597,-3742
113000479,85,386,-301
113000480,192,190,2
113000483,0,0,0
113000484,0,0,0
113000485,21,0,21
113000486,59,0,59
113000487,2,6,-4
113000488,4,1,3
113000489,6,0,6
113000490,0,12,-12
113000491,11,166,-155
113000492,2,28,-26
113000493,3,0,3
113000495,232,386,-154
113000496,154,162,-8
113000497,0,0,0
113000500,0,4,-4
113900001,12,423,-411
113900002,4,462,-458
113900003,2,361,-359
113900004,1,119,-118
113900005,0,82,-82
113900006,21,43,-22
113900007,108,42,66
113900008,186,0,186
113900009,620,0,620
113900010,416,1,415
113900011,52,5,47
113900012,18,4,14
113900013,2091,24,2067
113900014,1124,4,1120
113900015,0,86,-86
113900016,50,0,50
113900017,3,85,-82
113900018,733,203,530
113900019,106,98,8
113900020,97,0,97
113900022,28,0,28
113900023,21,0,21
113900024,49,148,-99
113900025,472,61,411
113900026,56,0,56
113900027,11,139,-128
113900028,20,623,-603
113900029,44,593,-549
113900030,150,1,149
113900031,12,0,12
113900032,14,0,14
113900033,60,145,-85
113900035,87,0,87
113900036,20,226,-206
113900037,81,841,-760
113900038,76,126,-50
113900039,171,12,159
113900040,7,6,1
113900041,4,5,-1
113900042,95,74,21
113900043,324,178,146
113900044,776,215,561
113900045,77,5,72
113900046,289,939,-650
113900047,20,243,-223
113900048,389,79,310
113900049,1371,387,984
113900050,212,672,-460
113900051,284,700,-416
113900052,258,246,12
113900053,780,821,-41
113900054,17,24,-7
113900055,115,710,-595
113900056,81,301,-220
113900057,30,222,-192
113900058,58,357,-299
113900059,281,572,-291
113900060,112,438,-326
113900061,1651,412,1239
113900062,141,24,117
113900063,74,212,-138
113900064,57,223,-166
113900065,797,33,764
113900066,403,768,-365
113900067,119,530,-411
113900068,497,633,-136
113900069,153,55,98
113900070,224,574,-350
113900071,85,135,-50
113900072,58,273,-215
113900073,172,641,-469
113900074,47,705,-658
113900075,1324,1462,-138
113900076,194,24,170
113900077,48,364,-316
113900078,84,80,4
113900079,1,147,-146
113900080,389,267,122
113900081,51,336,-285
113900082,76,347,-271
113900083,178,1209,-1031
113900084,288,165,123
113900085,52,550,-498
113900086,56,18,38
113900087,48,204,-156
113900088,39,92,-53
113900089,473,62,411
113900090,648,552,96
113900091,26,53,-27
113900092,43,106,-63
113900093,144,817,-673
113900094,328,607,-279
113900095,151,155,-4
113900096,206,91,115
113900097,15,215,-200
113900098,639,114,525
113900099,2,136,-134
113900100,0,1,-1
113900101,19,90,-71
113900102,187,125,62
113900103,268,313,-45
113900104,181,290,-109
113900105,78,677,-599
113900106,4,192,-188
113900107,2,52,-50
113900108,391,258,133
113900109,412,154,258
113900110,74,43,31
113900111,90,153,-63
113900112,126,128,-2
113900113,1003,722,281
113900114,0,215,-215
113900115,6,204,-198
113900116,130,157,-27
113900117,145,26,119
113900118,267,321,-54
113900119,278,576,-298
113900120,74,47,27
113900121,62,117,-55
113900122,433,1995,-1562
113900123,551,275,276
113900124,1,165,-164
113900125,2025,179,1846
113900126,169,71,98
113900127,275,677,-402
113900128,157,73,84
113900129,14,165,-151
113900130,8,33,-25
113900131,209,152,57
113900132,67,64,3
113900133,15,44,-29
113900135,336,840,-504
113900136,163,129,34
113900137,480,356,124
113900138,97,244,-147
113900139,808,137,671
113900140,557,346,211
113900141,463,837,-374
113900142,120,129,-9
113900143,16,48,-32
113900144,462,212,250
113900145,370,319,51
113900146,93,88,5
113900148,218,608,-390
113900149,180,75,105
113900150,1208,923,285
113900151,324,398,-74
113900152,40,46,-6
113900153,494,1284,-790
113900154,3,184,-181
113900155,306,146,160
113900156,300,934,-634
113900157,58,224,-166
113900158,736,603,133
113900159,12,270,-258
113900160,577,1068,-491
113900161,38,317,-279
113900162,883,913,-30
113900163,443,403,40
113900164,325,64,261
113900165,715,668,47
113900166,357,210,147
113900167,248,65,183
113900168,200,177,23
113900169,360,567,-207
113900171,111,91,20
113900172,10,409,-399
113900173,89,1152,-1063
113900174,585,933,-348
113900175,455,166,289
113900176,307,1043,-736
113900177,333,325,8
113900178,288,152,136
113900179,27,1033,-1006
113900180,155,166,-11
113900181,579,113,466
113900182,687,1313,-626
113900183,78,92,-14
113900184,32,1167,-1135
113900185,175,108,67
113900186,38,76,-38
113900187,31,259,-228
113900188,84,214,-130
113900189,289,105,184
113900190,430,194,236
113900191,182,320,-138
113900192,27,612,-585
113900193,50,448,-398
113900194,3529,1232,2297
113900195,378,721,-343
113900196,4,205,-201
113900197,8,463,-455
113900198,35,245,-210
113900199,280,1004,-724
113900200,31,385,-354
113900201,5,432,-427
113900202,67,468,-401
113900203,1,261,-260
113900204,68,876,-808
113900205,20,262,-242
113900206,5,219,-214
113900207,1,94,-93
113900208,3,77,-74
113900209,0,132,-132
113900210,887,890,-3
113900211,169,65,104
113900212,160,999,-839
113900214,551,623,-72
113900215,67,273,-206
113900216,125,2220,-2095
113900217,83,511,-428
113900218,127,26,101
113900219,198,933,-735
113900220,143,88,55
113900221,419,206,213
113900222,629,621,8
113900223,131,1756,-1625
113900224,159,137,22
113900225,1309,328,981
113900226,342,203,139
113900227,288,246,42
113900228,475,401,74
113900229,51,713,-662
113900230,6919,3020,3899
113900231,183,362,-179
113900232,79,131,-52
113900233,53,66,-13
113900234,383,693,-310
113900235,80,76,4
113900236,89,655,-566
113900237,149,12,137
113900238,273,797,-524
113900239,74,109,-35
113900240,11,163,-152
113900241,114,95,19
113900242,59,283,-224
113900243,219,588,-369
113900244,651,266,385
113900245,1813,329,1484
113900246,29,18,11
113900247,191,441,-250
113900248,5270,2152,3118
113900249,2065,449,1616
113900250,76,210,-134
113900251,669,325,344
113900252,499,25,474
113900253,678,52,626
113900254,739,208,531
113900255,376,31,345
113900256,336,41,295
113900257,49,1267,-1218
113900258,15,940,-925
113900259,480,352,128
113900260,166,33,133
113900261,25,148,-123
113900262,199,1164,-965
113900263,223,854,-631
113900264,19,981,-962
113900265,180,414,-234
113900266,27,435,-408
113900267,159,698,-539
113900268,304,597,-293
113900269,56,202,-146
113900270,536,558,-22
113900271,724,1961,-1237
113900273,287,10,277
113900274,59,15,44
113900275,15,88,-73
113900276,5,483,-478
113900277,81,4,77
113900278,406,252,154
113900279,134,156,-22
113900280,1511,1022,489
113900281,552,1677,-1125
113900282,1228,677,551
113900283,484,619,-135
113900284,1013,288,725
113900285,195,95,100
113900286,18,145,-127
113900287,40,81,-41
113900288,0,100,-100
113900289,2086,156,1930
113900290,803,198,605
113900291,168,213,-45
113900292,16,19,-3
113900293,10,448,-438
113900294,453,68,385
113900295,652,598,54
113900296,3851,548,3303
113900297,1220,65,1155
113900298,16,2617,-2601
113900299,60,326,-266
113900300,8955,3529,5426
113900301,1422,455,967
113900302,3539,1044,2495
113900303,949,425,524
113900304,0,233,-233
113900305,86,0,86
113900306,41,0,41
113900307,93,1,92
113900308,117,163,-46
113900309,7,1631,-1624
113900310,2,42,-40
113900311,5,3,2
113900312,195,191,4
113900313,30,32,-2
114000001,1517,6539,-5022
114000002,183,773,-590
114000003,39,544,-505
114000004,348,700,-352
114000005,184,362,-178
114000006,3383,3677,-294
114000007,806,2528,-1722
114000008,1647,1761,-114
114000009,470,384,86
114000011,3006,5931,-2925
114000012,1977,4872,-2895
114000013,1665,3578,-1913
114000014,407,685,-278
114000015,1431,943,488
114000016,239,624,-385
114000017,158,253,-95
114000018,881,125,756
114000026,1200,2806,-1606
114000027,2365,3321,-956
114000028,2435,2942,-507
114000038,194,195,-1
114000039,111,209,-98
114000040,56,198,-142
114000042,165,367,-202
114000043,81,311,-230
114000044,104,89,15
114000045,36,166,-130
114000046,3224,8103,-4879
114000047,25,134,-109
114000048,97,82,15
114000049,1614,2067,-453
114000050,1786,2252,-466
114000051,3844,2449,1395
114000052,3736,1750,1986
114000053,100,852,-752
114000054,166,2624,-2458
114000055,257,48,209
114000056,1464,1023,441
114000057,16369,3606,12763
114000058,837,1242,-405
114000059,461,278,183
114000060,626,1113,-487
114000061,4885,2330,2555
114000062,2982,1541,1441
114000063,4096,2156,1940
114000064,9671,4087,5584
114000065,2676,3679,-1003
114000066,449,931,-482
114000067,16,425,-409
114000068,455,664,-209
114000069,929,827,102
114000070,2561,1907,654
114000071,719,1068,-349
114000072,335,1011,-676
114000073,13,262,-249
114000074,27,33,-6
114000075,31,383,-352
114000076,27,451,-424
114000077,16,144,-128
114000078,239,1875,-1636
114000079,117,20,97
114000080,102,109,-7
114000081,63,133,-70
114000082,54,977,-923
114000083,72,533,-461
114000084,235,96,139
114000085,126,1350,-1224
114000086,238,1029,-791
114000087,51,380,-329
114000088,58,100,-42
114000089,2915,705,2210
114000090,690,734,-44
114000091,1493,787,706
114000092,1022,555,467
114000093,930,1001,-71
114000094,267,535,-268
114000095,159,136,23
114000096,136,947,-811
114000097,135,1470,-1335
114000098,328,85,243
114000099,320,1765,-1445
114000100,890,1579,-689
114000101,397,1798,-1401
114000102,299,460,-161
114000103,105,801,-696
114000104,14,640,-626
114000105,75,77,-2
114000106,2442,669,1773
114000107,165,157,8
114000108,5001,1997,3004
114000109,366,781,-415
114000110,689,3211,-2522
114000111,1120,790,330
114000112,538,3337,-2799
114000113,817,619,198
114000114,1501,2535,-1034
114000115,1423,1115,308
114000116,530,969,-439
114000117,2048,488,1560
114000118,1967,514,1453
114000119,1212,442,770
114000120,600,1657,-1057
114000121,490,993,-503
114000122,427,398,29
114000123,1428,481,947
114000124,806,536,270
114000125,1105,3287,-2182
114000126,1540,324,1216
114000127,174,366,-192
114000128,1004,998,6
114000130,500,876,-376
114000131,168,120,48
114000132,684,1106,-422
114000133,1196,2651,-1455
114000134,65,327,-262
114000138,55,318,-263
114000139,360,167,193
114000144,765,539,226
114000145,83,265,-182
114000146,105,535,-430
114000147,1255,1531,-276
114000148,3292,1875,1417
114000149,336,320,16
114000150,1011,820,191
114000151,1397,1201,196
114000152,91,34,57
114000153,901,2069,-1168
114000154,864,797,67
114000155,1496,2290,-794
114000156,980,649,331
114000157,331,1138,-807
114000158,3569,1079,2490
114000159,223,542,-319
114000160,131,346,-215
114000161,1810,2384,-574
114000162,934,1893,-959
114000163,5,227,-222
114000165,265,211,54
114000166,643,370,273
114000167,7214,1478,5736
114000168,921,944,-23
114000169,2480,1109,1371
114000170,1141,1046,95
114000171,969,2119,-1150
114000174,206,714,-508
114000176,846,542,304
114000177,3989,1124,2865
114000178,51,115,-64
114000179,1626,1161,465
114000180,777,899,-122
114000181,2300,3383,-1083
114000182,11173,3328,7845
114000183,1235,1460,-225
114000184,7074,2394,4680
114000185,1162,1400,-238
114000189,626,178,448
114000190,1934,304,1630
114000191,42,54,-12
114000192,464,3497,-3033
114000193,1426,6392,-4966
114000194,1517,2244,-727
114000195,129,28,101
114000196,5,808,-803
114000197,931,106,825
114000198,2159,595,1564
114000199,2923,1498,1425
114000200,696,4410,-3714
114000201,205,1868,-1663
114000202,1266,1448,-182
114000203,631,1522,-891
114000204,179,859,-680
114000205,296,2957,-2661
114000206,616,2006,-1390
114000207,898,3962,-3064
114000208,706,6132,-5426
114000209,876,5958,-5082
114000210,491,3147,-2656
114000211,1090,2706,-1616
114000212,685,1127,-442
114000213,1294,1073,221
114000214,83,376,-293
114000215,180,116,64
114000216,1368,535,833
114000217,243,690,-447
114000218,111,538,-427
114000219,1171,538,633
114000220,27,2832,-2805
114000221,675,238,437
114000222,371,2322,-1951
114000223,464,123,341
114000224,152,1523,-1371
114000225,208,964,-756
114000226,88,329,-241
114000227,719,674,45
114000228,774,1692,-918
114000229,1131,2071,-940
114000230,2010,2471,-461
114000231,908,1874,-966
114000232,562,162,400
114000233,1954,165,1789
114000234,1124,1690,-566
114000235,1047,2552,-1505
114000236,1,795,-794
114000237,107,2113,-2006
114000238,85,383,-298
114000239,243,2670,-2427
114000240,992,1024,-32
114000241,308,1832,-1524
114000242,1353,1652,-299
114000243,1623,1273,350
114000244,776,496,280
114000245,503,839,-336
114000246,228,72,156
114000247,846,1126,-280
114000248,900,918,-18
114000249,543,806,-263
114000250,410,1144,-734
114000251,289,623,-334
114000252,83,198,-115
114000253,58,528,-470
114000254,21,146,-125
114000255,1254,327,927
114000256,2527,1486,1041
114000257,885,2824,-1939
114000258,206,839,-633
114000259,113,535,-422
114000260,0,34,-34
114000261,53,73,-20
114000262,94,188,-94
114000263,21,5,16
114000264,802,1264,-462
114000265,0,32,-32
114000267,9,2220,-2211
114000268,8,3401,-3393
114000270,87,5,82
114000271,648,149,499
114000283,911,799,112
114000285,81,517,-436
114000288,76,877,-801
114000289,1023,143,880
114000293,132,641,-509
114000294,191,317,-126
114000395,1568,111,1457
114000396,413,509,-96
114000402,390,598,-208
114000403,320,1191,-871
114000405,119,1001,-882
114000423,237,857,-620
114000424,254,392,-138
114000425,423,989,-566
114000426,417,1000,-583
114000427,42,140,-98
114000428,336,173,163
114000429,17,284,-267
114000432,77,232,-155
114000434,30,175,-145
114000435,9,167,-158
114000436,2738,687,2051
114000437,148,614,-466
114900001,487,2346,-1859
114900002,525,137,388
114900003,447,3830,-3383
114900004,154,410,-256
114900005,368,1521,-1153
114900006,48,52,-4
114900007,166,19,147
114900008,89,76,13
114900010,3258,2127,1131
114900011,117,156,-39
114900013,163,144,19
114900015,70,327,-257
114900018,1143,84,1059
114900020,185,98,87
114900022,12,1182,-1170
114900024,291,142,149
114900025,348,425,-77
114900026,64,138,-74
114900027,199,411,-212
114900029,17,37,-20
114900030,255,419,-164
114900031,250,28,222
114900032,234,50,184
114900033,2592,439,2153
114900034,58,315,-257
114900035,126,427,-301
114900036,336,1630,-1294
114900037,95,300,-205
114900038,167,1585,-1418
114900039,506,1049,-543
114900040,91,540,-449
114900041,455,920,-465
114900042,625,1158,-533
114900043,1579,569,1010
114900044,125,41,84
114900046,72,225,-153
114900047,278,1656,-1378
114900048,108,428,-320
114900049,16,396,-380
114900050,32,1094,-1062
114900051,24,852,-828
114900052,96,383,-287
114900053,120,353,-233
114900054,59,245,-186
114900057,226,22,204
114900058,0,82,-82
114900059,56,58,-2
114900060,1691,712,979
114900061,158,197,-39
114900062,289,486,-197
114900063,100,405,-305
114900064,1007,917,90
114900065,294,801,-507
114900067,66,555,-489
114900068,102,307,-205
114900069,272,353,-81
114900070,428,1246,-818
114900072,12,495,-483
114900073,3,288,-285
114900074,374,1838,-1464
114900075,210,10,200
114900076,10,479,-469
114900080,5517,554,4963
114900082,5331,2020,3311
114900083,1457,1241,216
114900090,207,266,-59
114900091,223,259,-36
114900095,606,190,416
114900096,474,961,-487
114900097,96,0,96
114900098,7,426,-419
114900099,139,9,130
115000001,13789,9422,4367
115000002,3790,3853,-63
115000003,5432,6873,-1441
115000004,3574,5879,-2305
115000005,1835,4709,-2874
115000006,766,1998,-1232
115000007,60,245,-185
115000008,557,739,-182
115000009,154,711,-557
115000010,379,230,149
115000013,93,264,-171
115000015,56,343,-287
115000016,321,367,-46
115000019,23,479,-456
115000020,312,512,-200
115000021,339,520,-181
115000022,729,517,212
115000023,383,639,-256
115000024,1726,744,982
115000025,1055,778,277
115000026,192,582,-390
115000027,297,407,-110
115000028,227,1087,-860
115000029,535,273,262
115000030,629,1258,-629
115000031,1085,564,521
115000032,7,342,-335
115000033,169,32,137
115000034,201,1494,-1293
115000035,1326,75,1251
115000036,1,551,-550
115000037,425,4,421
115000038,62,312,-250
115000039,4167,3020,1147
115000040,10310,5689,4621
115000041,1141,3404,-2263
115000042,802,1048,-246
115000043,3261,3930,-669
115000044,3737,6633,-2896
115000045,2096,3784,-1688
115000046,1693,4348,-2655
115000047,1740,3240,-1500
115000048,1737,4318,-2581
115000049,1918,4508,-2590
115000050,4018,2835,1183
115000051,2923,2894,29
115000052,5314,2729,2585
115000053,1864,2088,-224
115000054,1059,2150,-1091
115000055,130,521,-391
115000056,189,344,-155
115000057,373,740,-367
115000058,120,150,-30
115000059,167,165,2
115000061,238,129,109
115000062,267,488,-221
115000063,248,685,-437
115000064,204,294,-90
115000065,54,364,-310
115000067,340,47,293
115000069,88,357,-269
115000070,45,1017,-972
115000071,138,17,121
115000072,28,80,-52
115000073,2068,92,1976
115000075,94,97,-3
115000076,5497,5435,62
115000077,1648,5991,-4343
115000078,1105,3129,-2024
115000079,1520,3666,-2146
115000080,2193,4535,-2342
115000081,522,1505,-983
115000082,3607,4808,-1201
115000083,2580,5539,-2959
115000084,1744,1959,-215
115000085,797,1590,-793
115000086,887,1689,-802
115000087,683,2316,-1633
115000088,2354,1016,1338
115000089,2090,2196,-106
115000090,1183,1193,-10
115000091,606,1695,-1089
115000092,357,477,-120
115000093,620,5,615
115000094,15021,7036,7985
115000095,10648,6552,4096
115000096,685,4025,-3340
115000097,724,1077,-353
115000098,944,1276,-332
115000099,2331,6715,-4384
115000100,800,933,-133
115000101,495,2290,-1795
115000102,455,257,198
115000103,495,1546,-1051
115000105,69,354,-285
115000106,438,488,-50
115000107,209,952,-743
115000108,6676,3892,2784
115000109,9659,4116,5543
115000110,1599,1421,178
115000111,930,2226,-1296
115000112,686,979,-293
115000113,904,1226,-322
115000114,2140,1166,974
115000116,5490,2220,3270
115000117,6556,2966,3590
115000118,2204,2193,11
115000119,2228,2603,-375
115000120,806,1232,-426
115000121,1879,1229,650
115000122,5139,2388,2751
115000123,2864,2392,472
115000124,877,1035,-158
115000125,565,818,-253
115000126,177,337,-160
115000127,433,214,219
115000128,1972,1071,901
115000129,374,290,84
115000130,386,1939,-1553
115000131,617,353,264
115000132,240,1106,-866
115000133,440,521,-81
115000134,300,444,-144
115000135,483,396,87
115000136,199,354,-155
115000137,162,398,-236
115000138,242,370,-128
115000139,237,443,-206
115000140,204,284,-80
115000141,220,604,-384
115000142,150,573,-423
115000143,422,707,-285
115000144,366,113,253
115000145,218,728,-510
115000146,385,403,-18
115000147,490,892,-402
115000148,362,2629,-2267
115000149,549,377,172
115000150,872,2418,-1546
115000151,915,784,131
115000152,797,2945,-2148
115000153,1053,870,183
115000154,753,576,177
115000155,752,2011,-1259
115000156,1521,873,648
115000157,1549,1501,48
115000158,1019,545,474
115000159,1068,846,222
115000160,995,1254,-259
115000161,696,906,-210
115000162,900,690,210
115000163,1145,658,487
115000164,755,732,23
115000165,432,410,22
115000167,187,100,87
115000168,720,301,419
115000169,897,456,441
115000170,109,161,-52
115000171,340,161,179
115000172,3426,832,2594
115000173,431,498,-67
115000174,88,338,-250
115000175,155,173,-18
115000176,188,157,31
115000177,193,167,26
115000178,20,359,-339
115000179,27,43,-16
115000180,64,1291,-1227
115000181,467,264,203
115000182,559,665,-106
115000183,274,1851,-1577
115000186,638,391,247
115000187,238,1212,-974
115000188,498,874,-376
115000189,254,522,-268
115000190,1355,655,700
115000191,409,616,-207
115000194,248,192,56
115000195,356,379,-23
115000196,110,252,-142
115000197,137,719,-582
115000198,205,479,-274
115000199,214,570,-356
115000200,364,158,206
115000201,148,719,-571
115000206,319,207,112
115000207,97,651,-554
115000208,982,1119,-137
115000209,618,278,340
115000210,144,180,-36
115000211,286,452,-166
115000212,2217,394,1823
115000224,344,95,249
115000225,61,75,-14
115000229,364,226,138
115000230,128,1249,-1121
115000231,383,4446,-4063
115000232,1296,502,794
115000233,180,256,-76
115000234,23,374,-351
115000241,63,494,-431
115000242,97,565,-468
115000243,38,466,-428
115000244,18,161,-143
115000246,60,24,36
115000247,27,31,-4
115000248,35,22,13
115000249,44,29,15
115000250,256,74,182
115000251,186,260,-74
115000252,81,260,-179
115000253,24,422,-398
115000258,289,323,-34
115000259,540,257,283
115000261,17,29,-12
115000262,22,38,-16
115000263,10,56,-46
115000264,8,57,-49
115000267,76,149,-73
115000268,24,229,-205
115000269,102,103,-1
115000270,18,38,-20
115000272,55,308,-253
115000273,420,44,376
115000280,3186,197,2989
115000281,923,394,529
115000282,2426,635,1791
115000284,322,129,193
115000296,780,7,773
115000297,337,133,204
115000298,105,303,-198
115000300,123,262,-139
115000302,346,378,-32
115000303,678,223,455
115000304,607,118,489
115000305,88,2243,-2155
115000306,193,1136,-943
115000307,87,508,-421
115000308,99,29,70
115000309,20,21,-1
115000310,946,1694,-748
115000311,626,2573,-1947
115000313,185,1412,-1227
115000314,359,107,252
115000315,1571,479,1092
115000316,65,98,-33
115000317,178,1138,-960
115000318,708,397,311
115000319,84,395,-311
115000320,12,286,-274
115000321,561,18,543
115000322,50,377,-327
115000449,660,202,458
115000557,2,1080,-1078
115000558,246,99,147
115000587,423,528,-105
115000588,2985,6154,-3169
115000589,3241,4000,-759
115000590,805,2718,-1913
115000591,1125,1181,-56
115000592,715,2647,-1932
115000593,1369,1078,291
115000594,1093,2386,-1293
115000609,108,191,-83
115000617,3031,2660,371
115000624,168,150,18
115000633,508,2176,-1668
115000634,3628,1238,2390
115000635,443,146,297
115000638,2479,1044,1435
115000641,88,137,-49
115000642,472,411,61
115000643,94,870,-776
115000644,172,578,-406
115000646,994,1603,-609
115000647,253,853,-600
115000648,1329,2822,-1493
115000893,4157,1796,2361
115000894,95,1436,-1341
115000895,379,974,-595
115000896,1418,449,969
115000897,629,117,512
115000898,908,298,610
115000899,1417,1507,-90
115000900,162,625,-463
115000901,118,159,-41
115000912,316,140,176
115000913,2,92,-90
115000915,78,0,78
115000916,21,3,18
115000917,0,3,-3
115000918,105,310,-205
115000919,16,27,-11
115000920,63,72,-9
115000921,2250,148,2102
115000922,1388,851,537
115000923,530,967,-437
115000925,65,113,-48
115000927,47,42,5
115000933,396,151,245
115000934,104,375,-271
115000935,104,146,-42
115000936,62,344,-282
115000937,1428,204,1224
115000938,117,187,-70
115000939,76,167,-91
115900001,47,140,-93
115900002,113,337,-224
115900003,117,183,-66
115900004,2,100,-98
115900005,154,8,146
115900006,116,904,-788
115900008,51,15,36
115900009,79,597,-518
115900010,190,399,-209
115900011,365,484,-119
115900012,113,137,-24
115900013,448,308,140
115900014,97,308,-211
115900015,83,179,-96
115900016,70,61,9
115900017,7,2,5
115900018,198,157,41
115900019,931,37,894
115900020,8,0,8
115900021,2356,165,2191
115900022,4280,12,4268
115900023,9,6,3
115900025,82,355,-273
115900026,1179,593,586
115900027,2,727,-725
115900028,809,116,693
115900029,29,838,-809
115900030,42,122,-80
115900031,377,287,90
115900032,520,1260,-740
115900033,0,64,-64
115900034,43,957,-914
115900035,24,98,-74
115900036,528,452,76
115900037,47,822,-775
115900038,35,14,21
115900039,139,557,-418
115900041,572,461,111
115900042,29,5,24
115900043,102,266,-164
115900044,493,269,224
115900046,242,459,-217
115900047,157,117,40
115900049,115,462,-347
115900051,2,84,-82
115900052,12,398,-386
115900053,184,520,-336
115900054,133,89,44
115900055,8,204,-196
115900056,168,700,-532
115900057,23,6,17
115900058,23,73,-50
115900060,69,295,-226
115900061,155,3,152
115900062,28,482,-454
115900063,29,17,12
115900064,208,320,-112
115900065,105,300,-195
115900066,311,280,31
115900067,12,1605,-1593
115900068,5142,529,4613
115900069,59,260,-201
115900070,183,501,-318
115900071,4,1238,-1234
115900072,73,359,-286
115900073,46,65,-19
115900074,7,575,-568
115900075,33,539,-506
115900076,6,171,-165
115900077,5,542,-537
115900078,30,198,-168
115900079,139,23,116
115900080,871,494,377
115900081,23,109,-86
115900082,225,219,6
115900084,226,36,190
115900085,66,65,1
115900086,2754,777,1977
115900088,19,55,-36
115900089,241,1066,-825
115900090,211,37,174
115900091,10,44,-34
115900092,36,392,-356
115900093,3,36,-33
115900094,6,621,-615
115900096,1,11,-10
115900097,12,728,-716
115900098,132,993,-861
115900099,75,140,-65
115900100,10,1068,-1058
115900101,109,858,-749
115900102,97,148,-51
115900103,321,446,-125
115900104,39,286,-247
115900105,131,1438,-1307
115900106,27,57,-30
115900107,78,311,-233
115900108,72,54,18
115900109,57,671,-614
115900110,1,27,-26
115900111,0,94,-94
115900112,62,1897,-1835
115900113,48,39,9
115900114,6,274,-268
115900115,52,206,-154
115900116,92,2025,-1933
115900117,44,19,25
115900118,9,575,-566
115900119,220,139,81
115900120,32,853,-821
115900121,111,448,-337
115900124,267,605,-338
115900125,277,47,230
115900126,587,85,502
115900127,554,63,491
115900128,12,94,-82
115900129,655,53,602
115900130,43,287,-244
115900131,235,50,185
115900132,365,7,358
115900134,330,10,320
115900135,706,930,-224
115900137,22,7,15
115900139,45,61,-16
115900140,132,30,102
115900141,12,36,-24
115900142,12,19,-7
115900143,211,570,-359
115900144,74,397,-323
115900146,11,281,-270
115900147,318,273,45
115900148,47,54,-7
115900149,58,34,24
115900150,37,117,-80
115900151,16,149,-133
115900152,108,777,-669
115900153,94,393,-299
115900154,1239,430,809
115900155,1,175,-174
115900156,614,1041,-427
115900157,133,623,-490
115900158,54,15,39
115900159,105,452,-347
115900160,12,6,6
115900161,48,391,-343
115900163,149,213,-64
115900164,330,81,249
115900165,2,159,-157
115900166,235,495,-260
115900168,73,226,-153
115900171,103,755,-652
115900172,68,206,-138
115900173,191,281,-90
115900174,681,231,450
115900175,96,338,-242
115900178,13,1231,-1218
115900179,232,46,186
115900180,47,734,-687
115900181,183,374,-191
115900182,331,497,-166
115900183,102,29,73
115900184,2139,18,2121
115900187,15,121,-106
115900189,1,173,-172
115900190,635,1409,-774
115900191,66,840,-774
115900192,15,90,-75
115900193,90,143,-53
115900194,431,58,373
115900195,718,1273,-555
115900198,246,406,-160
115900199,186,513,-327
115900200,285,581,-296
115900201,422,289,133
115900202,6,10,-4
115900203,1,3,-2
115900204,0,8,-8
115900205,42,20,22
115900206,134,274,-140
115900207,16,69,-53
115900208,166,690,-524
115900209,2,204,-202
115900210,2,212,-210
115900211,7,483,-476
115900212,124,393,-269
115900213,78,41,37
115900214,241,400,-159
115900215,47,84,-37
115900216,7,136,-129
115900217,9,132,-123
115900218,4,70,-66
115900219,61,5,56
115900220,88,8,80
115900221,68,29,39
115900222,62,32,30
115900223,21,142,-121
115900224,2710,609,2101
115900225,87,69,18
115900226,8,142,-134
115900227,10,87,-77
115900228,7,70,-63
115900229,5,75,-70
115900230,73,204,-131
115900231,92,1,91
115900232,36,2,34
115900233,58,13,45
115900234,60,29,31
115900235,6,34,-28
115900236,52,14,38
115900237,17,55,-38
115900238,9,27,-18
115900239,10,42,-32
115900240,2,83,-81
115900241,178,139,39
115900242,268,310,-42
115900243,23,8,15
115900244,7,28,-21
115900245,27,16,11
115900246,17,2,15
115900247,22,24,-2
115900248,13,9,4
115900249,4,11,-7
115900250,7,21,-14
115900251,2,11,-9
115900252,1,3,-2
115900253,7,11,-4
115900254,23,33,-10
115900255,4,14,-10
115900256,18,24,-6
115900257,1,6,-5
115900258,0,2,-2
115900259,4,1,3
115900260,11,3,8
115900261,9,1,8
115900262,0,2,-2
115900263,2,4,-2
115900264,4,3,1
115900265,5,5,0
115900266,8,7,1
115900267,4,8,-4
115900268,9,12,-3
115900269,335,575,-240
115900270,396,1577,-1181
115900271,58,0,58
115900272,13,0,13
115900273,6,9,-3
115900274,1,29,-28
115900275,2,67,-65
115900276,0,154,-154
115900277,0,292,-292
115900278,35,216,-181
115900279,14,250,-236
115900280,9,322,-313
115900281,802,177,625
115900282,24,10,14
115900283,5,37,-32
115900284,5,19,-14
116000001,24741,7915,16826
116000002,5649,9812,-4163
116000003,2135,3100,-965
116000004,3101,3231,-130
116000005,3984,5584,-1600
116000006,3109,1626,1483
116000007,5804,7672,-1868
116000008,4955,2445,2510
116000009,2584,4042,-1458
116000010,1817,1614,203
116000011,1192,2926,-1734
116000012,791,964,-173
116000013,27452,7341,20111
116000014,30220,12247,17973
116000015,962,1257,-295
116000016,13825,3472,10353
116000017,60,755,-695
116000018,1118,943,175
116000019,765,411,354
116000020,583,2567,-1984
116000021,403,478,-75
116000022,308,944,-636
116000023,1086,800,286
116000024,769,2212,-1443
116000025,886,759,127
116000026,1791,3510,-1719
116000027,947,855,92
116000028,541,911,-370
116000029,1236,953,283
116000030,724,524,200
116000031,176,314,-138
116000032,460,331,129
116000033,390,851,-461
116000034,680,1355,-675
116000035,477,792,-315
116000036,2876,714,2162
116000037,933,965,-32
116000038,1014,566,448
116000039,894,324,570
116000040,1830,319,1511
116000041,397,731,-334
116000042,669,337,332
116000043,68,692,-624
116000044,66,279,-213
116000045,2315,1650,665
116000046,1683,1485,198
116000047,2853,2628,225
116000048,2756,2207,549
116000049,1169,2775,-1606
116000050,1572,1963,-391
116000051,4559,2699,1860
116000052,4528,5211,-683
116000053,2056,1483,573
116000054,991,3237,-2246
116000055,623,1867,-1244
116000056,701,1539,-838
116000057,4028,2757,1271
116000058,4366,2557,1809
116000059,3176,5721,-2545
116000060,3484,1259,2225
116000061,640,1068,-428
116000062,975,338,637
116000063,655,1432,-777
116000066,314,695,-381
116000067,344,899,-555
116000068,252,330,-78
116000069,362,733,-371
116000078,352,1501,-1149
116000080,1644,1619,25
116000082,9,261,-252
116000083,1290,447,843
116000084,3615,5977,-2362
116000085,2021,1507,514
116000086,3731,1967,1764
116000087,1339,1527,-188
116000088,1171,2395,-1224
116000089,184,245,-61
116000090,204,251,-47
116000091,278,132,146
116000093,651,2347,-1696
116000094,468,1194,-726
116000095,638,2005,-1367
116000096,878,1668,-790
116000097,731,1826,-1095
116000098,719,5564,-4845
116000099,19662,804,18858
116000100,137,22,115
116000101,580,3099,-2519
116000102,258,2668,-2410
116000103,439,379,60
116000104,219,3318,-3099
116000105,890,240,650
116000106,500,2491,-1991
116000107,1959,685,1274
116000108,323,361,-38
116000111,131,29,102
116000113,103,105,-2
116000114,35,233,-198
116000115,260,142,118
116000116,240,868,-628
116000117,1410,3538,-2128
116000118,1366,2653,-1287
116000119,2406,2953,-547
116000120,3551,7736,-4185
116000121,668,661,7
116000122,1663,4016,-2353
116000123,639,792,-153
116000124,455,1915,-1460
116000125,2198,1028,1170
116000126,387,2283,-1896
116000127,1552,2805,-1253
116000128,1631,1379,252
116000129,875,284,591
116000130,339,421,-82
116000133,574,1652,-1078
116000134,2048,5440,-3392
116000135,1573,2070,-497
116000136,1166,4216,-3050
116000137,795,936,-141
116000138,1349,618,731
116000139,2012,2980,-968
116000140,166,391,-225
116000141,504,1974,-1470
116000142,6224,6024,200
116000143,2235,2047,188
116000144,1480,4929,-3449
116000145,1758,2415,-657
116000146,316,720,-404
116000147,401,190,211
116000148,474,618,-144
116000149,396,806,-410
116000151,677,1633,-956
116000153,106,746,-640
116000155,347,340,7
116000156,698,3065,-2367
116000157,47,46,1
116000158,524,509,15
116000159,14,14,0
116000160,36,249,-213
116000161,7,199,-192
116000162,87,120,-33
116000163,46,17,29
116000164,20,21,-1
116000177,344,221,123
116000194,96,661,-565
116000195,2619,891,1728
116000196,2,2,0
116000197,3,3,0
116000198,2878,1403,1475
116000200,1238,313,925
116000201,873,1035,-162
116000202,17,590,-573
116000203,5,127,-122
116000204,14,69,-55
116000205,2,191,-189
116000206,0,129,-129
116000207,1,39,-38
116000233,187,1479,-1292
116000287,125,914,-789
116000288,153,506,-353
116000292,63,130,-67
116000296,12,633,-621
116000297,73,13,60
116000304,71,63,8
116000305,20,192,-172
116000346,174,300,-126
116000352,74,198,-124
116000354,33,102,-69
116000357,7,138,-131
116000358,182,43,139
116000361,241,1,240
116000372,16292,3998,12294
116000381,80,1,79
116000388,4,50,-46
116000389,665,923,-258
116000445,295,1112,-817
116000446,451,2235,-1784
116000447,16,651,-635
116000448,838,492,346
116000563,1215,1016,199
116000565,219,646,-427
116000568,73,312,-239
116000579,29,204,-175
116000584,28,18,10
116000585,27,29,-2
116000586,301,171,130
116000587,658,976,-318
116000589,29,173,-144
116000590,60,116,-56
116000591,171,579,-408
116000592,26,192,-166
116000593,1,166,-165
116000594,397,902,-505
116000595,870,299,571
116000596,76,5,71
116000597,191,81,110
116000598,24,324,-300
116000602,66,413,-347
116000605,458,350,108
116000606,65,240,-175
116000607,4,24,-20
116000609,298,941,-643
116000611,104,799,-695
116000612,679,2633,-1954
116000613,446,538,-92
116000614,698,1434,-736
116000615,1,219,-218
116000616,52,218,-166
116000617,116,192,-76
116000618,3,268,-265
116000619,26,60,-34
116000620,75,86,-11
116000621,22,128,-106
116000622,43,189,-146
116000624,102,120,-18
116000627,20,99,-79
116000628,28,1944,-1916
116000629,19,1288,-1269
116000630,266,387,-121
116000631,73,269,-196
116000632,333,893,-560
116000633,74,1223,-1149
116000634,249,66,183
116000635,3748,2299,1449
116000636,2072,1305,767
116000637,184,22,162
116000638,20,1222,-1202
116900001,211,206,5
116900002,432,6,426
116900003,13,110,-97
116900004,53,66,-13
116900005,161,114,47
116900006,375,226,149
116900007,103,327,-224
116900008,281,832,-551
116900009,15,3,12
116900010,10,2967,-2957
116900011,20,97,-77
116900012,211,321,-110
116900013,7,345,-338
116900014,52,565,-513
116900015,276,107,169
116900016,101,2,99
116900017,7,1538,-1531
116900018,138,81,57
116900019,17,773,-756
116900020,3350,693,2657
116900023,59,20,39
116900024,388,162,226
116900025,670,1861,-1191
116900026,333,1447,-1114
116900027,25,103,-78
116900028,5,273,-268
116900029,9,20,-11
116900031,0,18,-18
116900032,9,829,-820
116900033,12,11,1
116900034,6,136,-130
116900035,125,444,-319
116900036,0,159,-159
116900038,24,3,21
116900041,49,24,25
116900042,1567,403,1164
116900043,11,191,-180
116900047,178,61,117
116900049,67,557,-490
116900050,116,974,-858
116900051,77,589,-512
116900052,176,111,65
116900055,0,2,-2
116900057,24,642,-618
116900058,34,892,-858
116900059,5,490,-485
116900060,364,430,-66
116900062,0,5,-5
116900064,82,1960,-1878
116900065,9,300,-291
116900067,107,273,-166
116900068,116,511,-395
116900070,1,9,-8
116900072,26,829,-803
116900073,11,496,-485
116900074,13,97,-84
116900076,9,37,-28
116900077,7,411,-404
116900078,351,260,91
116900079,29,893,-864
116900080,12,17,-5
116900081,420,3079,-2659
116900082,330,1342,-1012
116900083,67,145,-78
116900084,279,73,206
116900085,32,233,-201
116900086,31,473,-442
116900088,781,105,676
116900090,163,99,64
116900091,204,128,76
116900092,101,1503,-1402
116900093,2227,2844,-617
116900094,9190,3511,5679
116900095,320,335,-15
116900096,137,258,-121
116900097,8015,2806,5209
116900098,1001,354,647
116900099,861,904,-43
116900100,702,45,657
116900101,360,978,-618
116900103,6,1,5
116900104,35,126,-91
116900105,283,85,198
116900106,1274,1221,53
116900107,7859,1992,5867
116900110,13,0,13
116900111,289,2241,-1952
116900112,165,2504,-2339
116900113,6306,1220,5086
116900116,126,391,-265
116900117,32,189,-157
116900118,1353,837,516
116900120,151,290,-139
116900121,42,95,-53
116900122,499,1518,-1019
116900123,167,1732,-1565
116900124,167,2071,-1904
116900125,260,537,-277
116900126,614,848,-234
116900128,0,70,-70
116900129,6,586,-580
116900130,2023,2834,-811
116900131,136,258,-122
116900132,19,109,-90
116900133,89,109,-20
116900134,220,265,-45
116900136,150,238,-88
116900137,413,258,155
116900138,122,342,-220
116900139,85,519,-434
116900140,122,238,-116
116900141,660,405,255
116900142,3,72,-69
116900143,267,697,-430
116900144,26,72,-46
116900145,116,618,-502
116900147,914,413,501
116900148,3,32,-29
116900149,33,224,-191
116900150,16,12,4
116900151,121,27,94
116900153,123,105,18
116900154,741,560,181
116900155,96,62,34
116900157,427,579,-152
116900158,129,198,-69
116900159,29,324,-295
116900160,963,382,581
116900161,15710,5717,9993
116900162,14,220,-206
116900163,127,265,-138
116900164,92,62,30
116900165,218,177,41
116900166,14,199,-185
116900167,415,102,313
116900168,211,125,86
116900169,1107,292,815
116900170,241,421,-180
116900171,39,519,-480
116900172,365,151,214
116900173,142,84,58
116900174,27,37,-10
116900175,301,123,178
116900178,14,333,-319
116900179,106,171,-65
116900180,135,62,73
116900182,387,290,97
116900183,142,141,1
116900185,9,25,-16
116900186,115,644,-529
116900187,29,29,0
116900188,128,33,95
116900189,61,4,57
116900191,351,637,-286
116900192,213,448,-235
116900194,110,815,-705
116900195,31,17,14
116900196,11,192,-181
116900197,99,8,91
116900198,387,180,207
116900200,22,41,-19
116900201,86,6,80
116900202,150,77,73
116900203,115,5,110
116900204,58,128,-70
116900206,9,67,-58
116900207,37,44,-7
116900208,10,339,-329
116900209,11,248,-237
116900210,373,297,76
116900211,305,19,286
116900212,29,153,-124
116900213,181,434,-253
116900214,108,183,-75
116900215,55,175,-120
116900216,476,561,-85
116900218,70,629,-559
116900219,1160,467,693
116900220,111,315,-204
116900221,57,363,-306
116900222,422,471,-49
116900223,157,270,-113
116900226,56,132,-76
116900227,153,163,-10
116900228,237,506,-269
116900230,51,737,-686
116900231,33,870,-837
116900232,13,1250,-1237
116900233,272,117,155
116900234,14,14,0
116900235,196,555,-359
116900238,2145,575,1570
116900239,46,966,-920
116900240,12524,4007,8517
116900241,60,361,-301
116900242,694,429,265
116900243,4,248,-244
116900245,50,11,39
116900246,62,15,47
116900247,388,19,369
116900248,80,31,49
116900249,264,240,24
116900250,277,58,219
116900251,747,445,302
116900252,66,1925,-1859
116900253,124,167,-43
116900254,23,186,-163
116900255,72,44,28
116900256,212,158,54
116900257,21,1290,-1269
116900258,5,525,-520
116900259,126,7,119
116900260,2,205,-203
116900261,54,2,52
116900262,106,184,-78
116900263,0,9,-9
116900264,0,6,-6
116900265,26,0,26
116900266,12,167,-155
116900267,2,2,0
116900268,32,11,21
116900269,423,846,-423
116900271,2666,118,2548
116900272,559,1046,-487
116900273,545,82,463
116900274,88,167,-79
116900275,95,273,-178
116900276,2254,113,2141
116900277,1241,31,1210
116900278,2,22,-20
116900279,0,24,-24
116900280,28,63,-35
116900281,14954,3640,11314
116900282,5,377,-372
116900283,30,428,-398
116900284,27,452,-425
116900285,690,317,373
116900286,308,26,282
116900287,3,128,-125
116900288,32,198,-166
116900289,12,61,-49
116900290,4,87,-83
116900291,3,10,-7
116900292,0,8,-8
116900293,28,149,-121
116900294,48,198,-150
116900295,358,58,300
116900296,93,105,-12
116900297,6,149,-143
116900298,211,56,155
116900299,75,86,-11
116900300,10,265,-255
116900301,129,174,-45
116900302,99,68,31
116900303,868,97,771
116900304,0,206,-206
116900305,55,104,-49
116900306,71,269,-198
117000001,2063,1921,142
117000002,2895,7501,-4606
117000003,10318,4005,6313
117000004,6967,10142,-3175
117000005,2226,2142,84
117000006,1808,7807,-5999
117000007,3753,1658,2095
117000008,2186,9211,-7025
117000009,5504,2472,3032
117000010,4080,8781,-4701
117000011,1956,3024,-1068
117000012,1662,3564,-1902
117000013,1624,2054,-430
117000014,1418,4434,-3016
117000015,5359,1709,3650
117000016,896,60,836
117000017,806,327,479
117000018,316,542,-226
117000019,407,5,402
117000020,1188,1560,-372
117000021,5083,716,4367
117000022,978,80,898
117000023,1198,168,1030
117000024,1122,165,957
117000025,2041,819,1222
117000026,6423,1121,5302
117000027,4530,2606,1924
117000028,5934,1449,4485
117000030,1195,1183,12
117000031,539,303,236
117000032,2902,1978,924
117000033,1825,1282,543
117000034,436,692,-256
117000035,361,357,4
117000036,543,705,-162
117000037,533,312,221
117000038,611,1028,-417
117000039,551,519,32
117000040,179,2662,-2483
117000041,654,224,430
117000044,54,2462,-2408
117000045,508,63,445
117000046,738,1214,-476
117000047,1011,572,439
117000048,3723,3438,285
117000049,211,776,-565
117000050,209,4543,-4334
117000051,2052,232,1820
117000052,27,1142,-1115
117000053,306,159,147
117000054,1544,5,1539
117000055,25,6749,-6724
117000056,583,30,553
117000057,979,4263,-3284
117000060,590,2744,-2154
117000061,1984,1391,593
117000062,240,919,-679
117000063,2289,1067,1222
117000064,1335,1832,-497
117000066,1897,1408,489
117000067,319,540,-221
117000074,212,274,-62
117000076,136,83,53
117000077,144,173,-29
117000078,219,1249,-1030
117000079,351,322,29
117000080,2,621,-619
117000081,1190,160,1030
117000082,30,112,-82
117000083,109,18,91
117000084,483,4,479
117000085,261,866,-605
117000086,1629,1183,446
117000087,131,950,-819
117000088,320,379,-59
117000089,1659,503,1156
117000090,414,2894,-2480
117000091,651,425,226
117000092,474,3070,-2596
117000093,1179,999,180
117000094,1302,5099,-3797
117000095,2807,1240,1567
117000096,739,5117,-4378
117000097,1296,1668,-372
117000098,4289,10576,-6287
117000099,3272,1478,1794
117000100,239,319,-80
117000101,352,2383,-2031
117000102,1705,861,844
117000103,1239,3694,-2455
117000104,1562,805,757
117000105,1294,3484,-2190
117000106,1377,1342,35
117000107,848,3885,-3037
117000108,1729,1322,407
117000109,3241,5071,-1830
117000110,1651,1264,387
117000111,5690,8694,-3004
117000112,3593,3612,-19
117000113,162,663,-501
117000114,210,309,-99
117000115,96,354,-258
117000116,146,467,-321
117000117,2474,747,1727
117000118,570,232,338
117000119,628,118,510
117000120,571,359,212
117000121,311,1060,-749
117000122,1061,1491,-430
117000123,3367,31,3336
117000124,1321,90,1231
117000125,908,95,813
117000126,104,72,32
117000127,329,641,-312
117000128,729,1173,-444
117000129,1093,399,694
117000130,148,2,146
117000131,1,366,-365
117000132,2217,48,2169
117000133,1095,254,841
117000134,5,108,-103
117000135,6,42,-36
117000136,3,62,-59
117000137,88,97,-9
117000138,4,1055,-1051
117000140,895,3074,-2179
117000141,2235,884,1351
117000181,2344,866,1478
117000182,406,338,68
117000195,298,2368,-2070
117000196,150,105,45
117000225,566,4,562
117000226,32,206,-174
117000276,178,15,163
117000277,8,1296,-1288
117000310,4013,4641,-628
117000315,45,1705,-1660
117000320,116,0,116
117000906,191,25,166
117000907,13,904,-891
117000908,220,30,190
117000909,98,41,57
117000910,236,205,31
117000911,181,340,-159
117000915,7,1321,-1314
117000916,9,9,0
117000917,911,30,881
117000918,29,142,-113
117000919,9,238,-229
117000920,7,2966,-2959
117000921,13,3452,-3439
117000922,91,297,-206
117000924,554,1027,-473
117000926,2114,108,2006
117000927,3054,782,2272
117000928,1,700,-699
117000929,146,1321,-1175
117000930,151,28,123
117000931,791,163,628
117900002,378,695,-317
117900003,1264,841,423
117900005,9,38,-29
117900006,0,27,-27
117900007,198,265,-67
117900008,0,104,-104
117900010,481,201,280
117900011,91,15,76
117900012,81,358,-277
117900013,6,847,-841
117900014,786,399,387
117900015,41,391,-350
117900016,3127,807,2320
117900017,727,853,-126
117900018,464,73,391
117900019,398,1038,-640
117900020,104,416,-312
117900021,48,224,-176
117900022,63,33,30
117900023,1071,607,464
117900024,159,330,-171
117900025,48,18,30
117900026,333,914,-581
117900028,148,11,137
117900029,293,2097,-1804
117900030,452,286,166
117900031,462,222,240
117900032,864,708,156
117900033,223,1638,-1415
117900034,90,125,-35
117900035,184,95,89
117900036,224,1235,-1011
117900037,98,177,-79
117900038,42,713,-671
117900039,8,177,-169
117900040,178,1255,-1077
117900041,13,115,-102
117900042,8456,862,7594
117900043,48,130,-82
117900044,35,4348,-4313
117900045,270,211,59
117900048,187,536,-349
117900049,153,1376,-1223
117900050,34,125,-91
117900051,67,18,49
117900052,84,441,-357
117900053,1184,1010,174
117900054,7,35,-28
117900055,221,375,-154
117900056,611,60,551
117900057,1095,2058,-963
117900058,307,16,291
117900059,763,130,633
117900060,1281,9459,-8178
117900061,10,429,-419
117900063,394,409,-15
117900065,1143,2191,-1048
117900066,23,82,-59
117900067,393,591,-198
117900069,637,954,-317
117900070,511,17,494
117900071,135,252,-117
117900073,321,918,-597
117900074,369,8,361
117900075,94,127,-33
117900076,24,60,-36
117900077,214,215,-1
117900078,288,574,-286
117900080,308,89,219
117900081,747,902,-155
117900082,405,422,-17
117900083,284,1491,-1207
117900086,194,68,126
117900087,79,97,-18
117900088,3862,3795,67
117900089,1574,563,1011
117900090,526,1813,-1287
117900091,327,249,78
117900092,75,66,9
117900093,51,130,-79
117900094,39,16,23
117900095,497,959,-462
117900096,47,392,-345
117900097,262,185,77
117900098,35,7,28
117900099,184,781,-597
117900100,148,3,145
117900101,675,1520,-845
117900102,73,93,-20
117900103,25,3,22
117900104,13,259,-246
117900105,202,475,-273
117900106,94,114,-20
117900107,25,0,25
117900109,497,452,45
117900110,30,1,29
117900111,352,11,341
117900112,61,23,38
117900113,9278,3141,6137
117900114,11,1,10
117900115,426,96,330
117900116,1243,1699,-456
117900117,388,597,-209
117900118,42,0,42
117900119,77,665,-588
117900120,90,317,-227
117900121,56,52,4
117900122,2183,2480,-297
117900123,1160,1373,-213
117900124,877,1284,-407
117900125,1676,1445,231
117900126,411,1140,-729
117900127,469,1276,-807
117900128,355,1962,-1607
117900129,42,0,42
117900130,1219,747,472
117900131,0,191,-191
117900132,7,184,-177
117900133,7,231,-224
117900134,103,500,-397
117900135,32,412,-380
117900136,0,85,-85
117900137,39,591,-552
117900138,0,103,-103
117900139,40,284,-244
117900140,9038,565,8473
117900141,461,556,-95
117900142,189,26,163
117900144,195,192,3
117900145,106,18,88
117900146,418,168,250
117900147,115,98,17
117900148,5551,1297,4254
117900149,41,362,-321
117900150,31,194,-163
117900151,47,266,-219
117900152,174,162,12
117900153,29,196,-167
117900154,528,1287,-759
117900156,1329,1698,-369
117900157,74,706,-632
117900158,153,166,-13
117900160,593,502,91
117900161,4057,4935,-878
117900162,405,680,-275
117900163,228,20,208
117900165,0,18,-18
117900166,137,434,-297
117900168,44,231,-187
117900169,1,215,-214
117900170,0,59,-59
117900171,5,30,-25
117900172,30,83,-53
117900173,221,120,101
117900174,31,95,-64
117900175,10,100,-90
117900176,3,134,-131
117900177,12,109,-97
117900178,127,61,66
117900180,506,62,444
117900181,406,389,17
117900182,0,30,-30
117900183,55,200,-145
117900184,12,49,-37
117900185,21,58,-37
117900186,27,22,5
117900187,14,33,-19
117900188,270,45,225
117900189,101,28,73
117900190,18,2,16
117900191,78,3,75
117900192,227,6,221
117900193,0,114,-114
117900194,28,5,23
117900195,31,59,-28
117900196,19,37,-18
117900207,206,123,83
117900208,47,47,0
117900209,212,239,-27
117900210,158,395,-237
117900211,10,430,-420
117900212,93,284,-191
117900213,24,23,1
117900214,3,124,-121
117900215,13,73,-60
117900216,96,41,55
117900217,205,189,16
117900218,464,413,51
117900219,14,97,-83
117900220,259,115,144
117900222,155,405,-250
117900223,225,385,-160
118000001,1114,800,314
118000002,1615,2689,-1074
118000003,3356,2115,1241
118000004,3788,2474,1314
118000005,7619,4644,2975
118000006,10039,11559,-1520
118000007,10235,3727,6508
118000008,7736,4720,3016
118000009,3442,4288,-846
118000010,5470,6335,-865
118000011,1325,5040,-3715
118000012,1504,5277,-3773
118000013,5575,5060,515
118000014,2471,4972,-2501
118000016,252,647,-395
118000017,371,500,-129
118000018,449,734,-285
118000019,2830,1892,938
118000020,2031,2479,-448
118000021,965,3146,-2181
118000022,2565,960,1605
118000023,1319,351,968
118000024,2587,1067,1520
118000027,24713,11693,13020
118000029,1597,910,687
118000032,1752,3979,-2227
118000033,3519,4136,-617
118000034,7223,2990,4233
118000035,1939,3017,-1078
118000036,1502,1264,238
118000037,813,1511,-698
118000038,169,212,-43
118000039,113,720,-607
118000040,1593,3429,-1836
118000041,2401,2347,54
118000045,831,153,678
118000046,3253,698,2555
118000047,2881,595,2286
118000048,5530,1767,3763
118000051,3086,2329,757
118000052,2405,1054,1351
118000053,1441,1389,52
118000054,3988,3275,713
118000055,3538,3336,202
118000056,309,582,-273
118000057,356,589,-233
118000058,4729,2211,2518
118000059,3442,1167,2275
118000060,1091,1209,-118
118000061,920,2508,-1588
118000062,627,472,155
118000063,371,709,-338
118000064,1369,2112,-743
118000065,6335,2790,3545
118000066,1371,2195,-824
118000067,1705,1011,694
118000068,2355,5529,-3174
118000069,4674,1820,2854
118000070,10887,2469,8418
118000071,5215,8283,-3068
118000072,3127,1524,1603
118000073,3552,622,2930
118000074,676,778,-102
118000075,1239,437,802
118000076,1982,1837,145
118000077,1779,1703,76
118000078,2644,2213,431
118000079,415,541,-126
118000080,1425,1312,113
118000081,2472,1288,1184
118000082,474,1163,-689
118000083,3473,1668,1805
118000084,3785,2051,1734
118000086,325,621,-296
118000087,10915,3885,7030
118000088,2306,2694,-388
118000089,6372,4655,1717
118000090,3342,3646,-304
118000091,2998,3185,-187
118000092,2125,674,1451
118000093,162,932,-770
118000096,731,805,-74
118000097,890,851,39
118000098,324,359,-35
118000099,406,1346,-940
118000101,968,461,507
118000102,375,2030,-1655
118000107,6663,770,5893
118000108,953,2132,-1179
118000110,1,39,-38
118000111,7,1125,-1118
118000112,318,8,310
118000113,14,1940,-1926
118000114,293,19,274
118000115,23,17,6
118000116,68,0,68
118000117,1675,1566,109
118000118,1216,831,385
118000119,1129,1649,-520
118000120,2275,2550,-275
118000121,159,799,-640
118000122,1900,374,1526
118000123,88,485,-397
118000125,2790,1869,921
118000126,1176,1678,-502
118000127,3017,838,2179
118000128,1146,1854,-708
118000129,1377,515,862
118000130,4614,7409,-2795
118000131,1017,1603,-586
118000132,2478,1848,630
118000133,999,654,345
118000135,904,582,322
118000136,180,832,-652
118000137,1112,162,950
118000138,368,1675,-1307
118000139,365,209,156
118000140,3248,4683,-1435
118000141,2134,2745,-611
118000142,1491,2925,-1434
118000143,1808,1531,277
118000144,2176,1544,632
118000145,1632,3668,-2036
118000146,1158,1713,-555
118000147,789,2425,-1636
118000148,444,2109,-1665
118000149,772,1978,-1206
118000150,352,437,-85
118000151,341,625,-284
118000153,1139,1978,-839
118000154,936,2640,-1704
118000155,1031,2160,-1129
118000156,4237,3818,419
118000157,691,637,54
118000158,147,656,-509
118000159,32,104,-72
118000160,528,626,-98
118000161,486,1211,-725
118000162,1361,1369,-8
118000163,669,1089,-420
118000164,3500,2072,1428
118000168,2588,519,2069
118000169,1294,2507,-1213
118000170,4931,10190,-5259
118000171,264,1064,-800
118000172,171,530,-359
118000173,1025,1967,-942
118000175,311,541,-230
118000176,296,566,-270
118000177,223,732,-509
118000178,192,80,112
118000179,2258,1289,969
118000180,1163,1282,-119
118000181,1092,405,687
118000182,313,442,-129
118000183,308,385,-77
118000184,676,1637,-961
118000185,1516,1117,399
118000186,901,1176,-275
118000187,1296,1212,84
118000188,603,432,171
118000189,438,1674,-1236
118000190,15,26,-11
118000191,22,119,-97
118000192,233,420,-187
118000193,239,561,-322
118000194,3288,1503,1785
118000195,1391,905,486
118000196,833,163,670
118000197,387,139,248
118000198,811,726,85
118000199,1312,664,648
118000200,156,509,-353
118000201,718,734,-16
118000202,92,113,-21
118000203,1633,559,1074
118000204,196,358,-162
118000205,311,501,-190
118000206,249,309,-60
118000207,1,237,-236
118000208,1247,2188,-941
118000209,2105,2951,-846
118000210,42,47,-5
118000211,13,49,-36
118000213,1501,1968,-467
118000214,899,569,330
118000215,240,419,-179
118000216,2686,5300,-2614
118000217,24,188,-164
118000218,74,211,-137
118000219,543,631,-88
118000220,0,49,-49
118000221,113,344,-231
118000222,98,30,68
118000223,49,64,-15
118000224,509,110,399
118000225,149,1791,-1642
118000226,1146,261,885
118000227,1378,498,880
118000228,236,211,25
118000229,353,74,279
118000230,129,510,-381
118000231,116,471,-355
118000232,727,1678,-951
118000233,936,1541,-605
118000234,289,450,-161
118000236,446,834,-388
118000237,63,959,-896
118000238,201,618,-417
118000239,333,552,-219
118000240,1003,137,866
118000241,90,559,-469
118000242,352,1108,-756
118000243,168,329,-161
118000244,61,296,-235
118000246,0,11,-11
118000255,52,349,-297
118000256,120,360,-240
118000259,17,108,-91
118000260,150,198,-48
118000261,71,213,-142
118000263,81,430,-349
118000266,136,798,-662
118000267,1,147,-146
118000268,481,2,479
118000270,49,47,2
118000271,176,490,-314
118000272,91,46,45
118000273,154,172,-18
118000274,110,572,-462
118000276,287,862,-575
118000295,14,91,-77
118000298,241,714,-473
118000299,28,281,-253
118000301,2,134,-132
118000302,89,151,-62
118000311,332,255,77
118000312,260,335,-75
118000313,52,399,-347
118000314,78,151,-73
118000315,60,146,-86
118000316,618,900,-282
118000325,56,158,-102
118000326,31,66,-35
118000331,43,126,-83
118000332,22,102,-80
118000333,32,142,-110
118000335,190,0,190
118000336,5,607,-602
118000407,102,106,-4
118000457,13,37,-24
118000465,4803,4196,607
118000480,39,313,-274
118000489,78,332,-254
118000490,152,746,-594
118000492,208,374,-166
118000510,129,28,101
118000514,245,632,-387
118000515,889,628,261
118000517,726,305,421
118000524,1113,386,727
118000525,1145,1326,-181
118000530,29,198,-169
118000531,311,481,-170
118000532,211,508,-297
118000533,488,207,281
118000534,719,565,154
118000535,282,198,84
118000536,1248,1607,-359
118000537,42,117,-75
118000538,30,235,-205
118000539,25,113,-88
118000540,417,490,-73
118000541,250,204,46
118000542,119,324,-205
118000543,378,389,-11
118000546,27,52,-25
118000560,5266,1515,3751
118000562,27,862,-835
118000563,3207,2040,1167
118000576,235,384,-149
118000577,199,206,-7
118000578,149,149,0
118000579,1206,1478,-272
118000595,154,150,4
118000596,0,117,-117
118000597,121,168,-47
118000598,27,1,26
118000599,20,78,-58
118000600,2,83,-81
118000601,2,0,2
118000602,0,48,-48
118000603,0,75,-75
118900001,2078,1484,594
118900002,1820,992,828
118900003,221,37,184
118900004,37,105,-68
118900005,73,6,67
118900006,110,9,101
118900007,8,13,-5
118900008,1729,82,1647
118900009,36,39,-3
118900010,58,3,55
118900011,225,56,169
118900012,478,415,63
118900013,1100,84,1016
118900015,223,96,127
118900016,16,69,-53
118900017,217,308,-91
118900018,1965,22,1943
118900019,83,15,68
118900020,195,168,27
118900021,195,623,-428
118900022,175,125,50
118900023,134,194,-60
118900024,100,327,-227
118900025,60,47,13
118900026,54,108,-54
118900027,770,421,349
118900028,136,325,-189
118900029,233,878,-645
118900030,178,179,-1
118900031,151,232,-81
118900032,152,381,-229
118900033,560,1314,-754
118900034,106,15,91
118900035,170,377,-207
118900036,1016,1373,-357
118900037,421,420,1
118900038,368,439,-71
118900039,461,444,17
118900040,182,297,-115
118900041,385,312,73
118900042,184,169,15
118900045,325,257,68
118900046,1122,288,834
118900047,1297,329,968
118900048,413,244,169
118900049,105,60,45
118900050,14,246,-232
118900051,93,85,8
118900052,379,430,-51
118900053,28,145,-117
118900054,134,127,7
118900055,24,192,-168
118900056,33,362,-329
118900057,562,461,101
118900058,451,748,-297
118900059,32,128,-96
118900060,59,221,-162
118900062,136,309,-173
118900064,821,717,104
118900065,45,252,-207
118900066,88,213,-125
118900067,8804,3308,5496
118900068,5,386,-381
118900069,371,445,-74
118900071,14,95,-81
118900072,491,636,-145
118900073,82,192,-110
118900074,114,225,-111
118900075,67,132,-65
118900076,318,121,197
118900077,165,351,-186
118900078,44,17,27
118900079,78,303,-225
118900080,14,142,-128
118900081,61,21,40
118900082,669,337,332
118900083,26,18,8
118900084,22,35,-13
118900085,654,1376,-722
118900086,37,99,-62
118900087,14,278,-264
118900088,0,22,-22
118900089,39,23,16
118900090,467,689,-222
118900091,263,215,48
118900092,107,137,-30
118900093,206,21,185
118900096,36,22,14
118900097,224,1454,-1230
118900099,58,816,-758
118900100,216,377,-161
118900101,111,1162,-1051
118900102,29,117,-88
118900103,64,102,-38
118900104,171,279,-108
118900105,232,166,66
118900107,279,138,141
118900108,84,148,-64
118900110,2935,737,2198
118900111,404,1185,-781
118900112,66,184,-118
118900113,118,1290,-1172
118900114,10,180,-170
118900115,145,781,-636
118900116,136,191,-55
118900117,82,184,-102
118900118,219,737,-518
118900119,97,396,-299
118900120,101,423,-322
118900121,21,572,-551
118900122,22,838,-816
118900123,165,315,-150
118900124,118,256,-138
118900126,37,384,-347
118900129,396,257,139
118900130,37,171,-134
118900131,127,417,-290
118900132,526,285,241
118900133,21,124,-103
118900135,184,313,-129
118900136,167,1269,-1102
118900137,2,31,-29
118900139,182,1222,-1040
118900140,399,1230,-831
118900141,79,526,-447
118900144,159,914,-755
118900145,38,336,-298
118900146,302,1532,-1230
118900147,286,126,160
118900148,65,119,-54
118900150,174,592,-418
118900152,446,1503,-1057
118900157,180,282,-102
118900158,46,203,-157
118900159,2,471,-469
118900161,161,5,156
118900163,497,157,340
118900164,9,178,-169
118900165,57,448,-391
118900166,90,9,81
118900167,70,292,-222
118900168,10,94,-84
118900169,121,739,-618
118900170,102,274,-172
118900171,22,37,-15
118900174,51,123,-72
118900175,369,563,-194
118900176,128,277,-149
118900177,45,89,-44
118900178,86,141,-55
118900179,4,73,-69
118900181,68,270,-202
118900182,180,77,103
118900183,9,105,-96
118900184,238,89,149
118900185,80,181,-101
118900186,93,123,-30
118900187,250,586,-336
118900188,276,402,-126
118900189,58,735,-677
118900190,11,1141,-1130
118900191,157,99,58
118900192,202,45,157
118900193,280,14,266
118900195,519,1914,-1395
118900196,41,347,-306
118900197,177,170,7
118900198,13,65,-52
118900199,32,103,-71
118900200,12,26,-14
118900201,25,13,12
118900202,9,90,-81
118900203,7,101,-94
118900204,28,52,-24
118900205,12,34,-22
118900206,5,54,-49
119000001,1584,2589,-1005
119000002,3325,6109,-2784
119000003,2190,2579,-389
119000004,2222,2351,-129
119000005,2571,2981,-410
119000006,2214,2153,61
119000007,3613,4351,-738
119000008,1931,3297,-1366
119000009,4863,4308,555
119000010,11821,5497,6324
119000011,8496,3628,4868
119000012,6644,4484,2160
119000013,2745,2125,620
119000014,3465,5215,-1750
119000019,309,336,-27
119000020,1356,2076,-720
119000021,3856,3028,828
119000022,6450,2764,3686
119000023,350,374,-24
119000024,3087,9897,-6810
119000025,20815,2085,18730
119000026,399,470,-71
119000027,798,671,127
119000028,3446,2300,1146
119000029,181,473,-292
119000030,633,2242,-1609
119000031,827,1013,-186
119000032,3381,4116,-735
119000033,2693,3309,-616
119000034,1079,1645,-566
119000035,34,648,-614
119000036,1257,1951,-694
119000037,998,3669,-2671
119000038,157,2136,-1979
119000039,224,489,-265
119000040,1833,751,1082
119000041,1569,1734,-165
119000048,4740,6442,-1702
119000049,1498,6015,-4517
119000050,2125,4485,-2360
119000051,2650,1538,1112
119000052,3586,5255,-1669
119000053,2158,1887,271
119000054,3211,7434,-4223
119000055,3285,5951,-2666
119000056,2249,3287,-1038
119000057,1596,4909,-3313
119000058,2445,3917,-1472
119000059,1295,3305,-2010
119000060,1266,1220,46
119000061,1073,1537,-464
119000062,1298,1929,-631
119000063,512,701,-189
119000064,2173,2950,-777
119000065,2495,4756,-2261
119000066,2692,1545,1147
119000067,2424,4759,-2335
119000068,1449,1513,-64
119000069,1703,5132,-3429
119000070,2161,1677,484
119000071,717,1740,-1023
119000072,11578,6587,4991
119000073,9403,8213,1190
119000074,1146,7156,-6010
119000075,1400,3734,-2334
119000076,910,1587,-677
119000077,1234,922,312
119000078,608,465,143
119000079,211,1306,-1095
119000080,267,453,-186
119000081,410,762,-352
119000082,1152,462,690
119000083,463,576,-113
119000084,413,1085,-672
119000085,1119,549,570
119000086,282,643,-361
119000087,2472,1649,823
119000088,277,383,-106
119000089,65,274,-209
119000090,239,304,-65
119000091,178,577,-399
119000092,974,365,609
119000093,6653,6360,293
119000094,2402,8182,-5780
119000095,1502,5680,-4178
119000097,3724,2741,983
119000098,794,2360,-1566
119000099,3155,3321,-166
119000100,3238,2956,282
119000101,4527,3408,1119
119000102,999,1044,-45
119000103,1835,702,1133
119000104,5555,2684,2871
119000105,1070,1689,-619
119000106,313,3809,-3496
119000107,651,790,-139
119000108,299,2297,-1998
119000109,186,586,-400
119000110,861,866,-5
119000111,82,1011,-929
119000112,255,195,60
119000113,4031,462,3569
119000114,1333,1088,245
119000115,229,199,30
119000116,124,136,-12
119000117,179,549,-370
119000118,4,2,2
119000123,5190,1266,3924
119000124,608,445,163
119000125,2519,2003,516
119000126,422,1740,-1318
119000127,464,1798,-1334
119000128,52,9,43
119000131,833,1851,-1018
119000132,2,3,-1
119000133,3,15,-12
119000134,4662,820,3842
119000135,144,320,-176
119000136,143,500,-357
119000137,181,873,-692
119000138,226,793,-567
119000139,280,566,-286
119000140,204,474,-270
119000284,1816,4477,-2661
119000285,3274,3378,-104
119000286,9870,7727,2143
119000287,1731,3394,-1663
119000288,2371,2660,-289
119000289,3502,6486,-2984
119000290,271,1142,-871
119000291,8,692,-684
119000293,83,407,-324
119000294,42,61,-19
119000295,4097,909,3188
119000296,156,202,-46
119000302,6579,2025,4554
119000303,60,431,-371
119000314,1892,8947,-7055
119000315,4,1220,-1216
119000316,57,258,-201
119000317,86,872,-786
119900001,298,1147,-849
119900002,143,429,-286
119900003,91,2115,-2024
119900004,478,783,-305
119900005,107,311,-204
119900006,280,524,-244
119900007,975,131,844
119900008,66,60,6
119900009,547,765,-218
119900010,2137,1807,330
119900011,33,87,-54
119900012,21,82,-61
119900013,2192,1057,1135
119900014,814,430,384
119900015,93,36,57
119900016,58,206,-148
119900017,29,65,-36
119900018,2497,635,1862
119900019,45,6,39
119900020,116,243,-127
119900021,157,118,39
119900022,287,434,-147
119900023,1515,1020,495
119900025,107,35,72
119900026,1673,171,1502
119900027,15,27,-12
119900028,170,68,102
119900029,1,9,-8
119900030,666,777,-111
119900031,29,282,-253
119900033,2971,291,2680
119900034,338,306,32
119900037,113,93,20
119900038,32,295,-263
119900039,59,5,54
119900040,65,14,51
119900041,87,88,-1
119900042,167,303,-136
119900043,54,408,-354
119900044,266,601,-335
119900046,70,115,-45
119900047,272,60,212
119900048,35,103,-68
119900049,80,27,53
119900050,105,105,0
119900051,540,15,525
119900052,32,74,-42
119900053,197,408,-211
119900054,105,2,103
119900055,1015,451,564
119900057,176,148,28
119900058,178,6,172
119900059,277,65,212
119900060,170,16,154
119900062,34,47,-13
119900063,21,89,-68
119900064,282,74,208
119900065,189,2,187
119900066,6,1,5
119900067,53,56,-3
119900068,355,1,354
119900069,87,47,40
119900070,600,5,595
119900071,467,34,433
119900073,3167,804,2363
119900074,67,45,22
119900075,10206,3023,7183
119900076,384,815,-431
119900077,539,2482,-1943
119900078,416,1522,-1106
119900079,149,602,-453
119900080,1291,2408,-1117
119900081,161,90,71
119900082,729,155,574
119900083,501,113,388
119900084,1158,450,708
119900085,302,126,176
119900087,783,427,356
119900088,62,100,-38
119900089,46,1052,-1006
119900090,281,99,182
119900091,78,2429,-2351
119900092,28,751,-723
119900093,1473,273,1200
119900094,53,389,-336
119900095,222,168,54
119900096,93,136,-43
119900097,960,312,648
119900098,44,175,-131
119900099,40,510,-470
119900100,4801,3088,1713
119900101,322,1800,-1478
119900102,62,713,-651
119900103,33,1198,-1165
119900104,51,401,-350
119900105,1313,2925,-1612
119900106,22,388,-366
119900107,641,7541,-6900
119900108,3953,1113,2840
119900109,33,627,-594
119900110,679,1399,-720
119900111,81,715,-634
119900112,5756,875,4881
119900113,106,833,-727
119900114,247,3176,-2929
119900115,217,2483,-2266
119900116,218,711,-493
119900117,208,1669,-1461
119900118,46,2554,-2508
119900119,251,526,-275
119900120,921,1193,-272
119900121,270,2714,-2444
119900122,433,613,-180
119900123,301,451,-150
119900124,244,2019,-1775
119900125,65,684,-619
119900126,9095,446,8649
119900127,5309,1832,3477
119900128,445,1715,-1270
119900129,189,1805,-1616
119900130,64,567,-503
119900131,40,629,-589
119900132,2,830,-828
119900133,85,70,15
119900134,4103,460,3643
119900135,4,1140,-1136
119900136,213,982,-769
119900138,588,1210,-622
119900139,19,156,-137
119900140,3,307,-304
119900141,262,683,-421
119900142,19,38,-19
119900143,24,451,-427
119900144,3752,445,3307
119900145,112,499,-387
119900146,252,298,-46
119900147,9,235,-226
119900148,135,88,47
119900149,3173,3465,-292
119900150,213,349,-136
119900151,2692,1440,1252
119900152,142,888,-746
119900153,111,116,-5
119900154,11,735,-724
119900155,31,63,-32
119900156,4,4,0
119900157,80,489,-409
119900158,152,116,36
119900159,11,3177,-3166
119900160,20,436,-416
119900161,235,677,-442
119900162,818,1199,-381
119900163,242,270,-28
119900164,0,1,-1
119900165,86,507,-421
119900166,92,43,49
119900167,196,227,-31
119900168,599,679,-80
119900169,311,511,-200
119900170,276,257,19
119900171,985,860,125
119900172,164,29,135
119900173,10,971,-961
119900174,16,556,-540
119900175,1003,1068,-65
119900177,21,424,-403
119900178,20,516,-496
119900179,118,391,-273
119900180,986,1081,-95
119900181,55,94,-39
119900182,10,1311,-1301
119900183,165,1467,-1302
119900184,6167,1056,5111
119900185,46,157,-111
119900186,161,579,-418
119900187,11,1275,-1264
119900188,52,455,-403
119900189,552,404,148
119900190,73,232,-159
119900191,521,296,225
119900192,31,320,-289
119900193,294,394,-100
119900194,19,73,-54
119900195,29,453,-424
119900196,3266,788,2478
119900197,168,202,-34
119900198,144,734,-590
119900199,212,17,195
119900200,586,809,-223
119900201,658,334,324
119900202,364,179,185
119900203,183,497,-314
119900204,213,609,-396
119900205,463,1159,-696
119900206,98,254,-156
119900208,226,237,-11
119900209,453,1173,-720
119900210,31,78,-47
119900211,170,27,143
119900212,146,683,-537
119900213,4,72,-68
119900214,19,161,-142
119900215,37,150,-113
119900216,9,159,-150
119900217,5,146,-141
119900218,14,138,-124
119900219,9,254,-245
119900220,3,246,-243
119900221,39,864,-825
119900222,15,491,-476
119900223,38,197,-159
119900224,14,65,-51
119900225,2023,78,1945
119900226,1494,2060,-566
119900227,2091,684,1407
119900228,62,625,-563
119900229,414,865,-451
119900230,2347,1077,1270
119900231,147,305,-158
119900232,308,145,163
119900233,53,2,51
119900234,15,122,-107
119900235,20,57,-37
119900236,23,486,-463
119900237,45,1405,-1360
119900238,4,179,-175
119900240,72,231,-159
119900241,226,432,-206
119900242,3633,2525,1108
119900244,1367,2077,-710
119900245,114,277,-163
119900246,299,499,-200
119900247,30,109,-79
119900248,58,98,-40
119900249,222,133,89
119900253,7669,574,7095
119900254,84,543,-459
119900255,104,848,-744
119900256,338,2443,-2105
119900257,46,3,43
119900258,74,4,70
119900259,6,380,-374
119900260,69,10,59
119900261,377,394,-17
119900262,4,599,-595
119900263,1303,575,728
119900264,72,566,-494
119900265,452,740,-288
119900266,184,664,-480
119900267,253,702,-449
119900268,211,403,-192
119900269,907,3055,-2148
119900271,35,183,-148
119900272,288,151,137
119900275,144,50,94
119900276,32,3,29
119900277,10,7,3
119900278,525,114,411
119900279,180,368,-188
119900280,1726,315,1411
119900281,0,128,-128
119900282,75,64,11
119900283,9,706,-697
119900284,65,370,-305
119900285,24,80,-56
119900286,15,40,-25
119900288,6,68,-62
119900289,1,48,-47
119900290,5,95,-90
119900291,2,78,-76
119900292,21,17,4
119900293,15,1,14
119900294,28,1,27
119900295,0,0,0
119900296,0,0,0
119900299,54,539,-485
119900300,229,518,-289
119900301,173,126,47
119900302,154,184,-30
119900303,215,526,-311
119900304,136,47,89
119900305,51,205,-154
119900306,29,7,22
119900307,41,419,-378
119900308,2,29,-27
119900309,41,83,-42
119900310,373,598,-225
119900311,30,361,-331
119900312,88,208,-120
119900313,276,731,-455
119900314,136,400,-264
119900315,1290,5665,-4375
119900318,20,25,-5
119900319,15,638,-623
119900320,181,1258,-1077
119900321,38,2,36
119900322,55,84,-29
119900323,3,243,-240
119900324,0,105,-105
119900325,45,810,-765
119900326,332,89,243
120000001,13764,15877,-2113
120000002,2882,5043,-2161
120000003,4470,3053,1417
120000004,3538,3696,-158
120000005,6326,3170,3156
120000006,1575,1928,-353
120000007,5104,3565,1539
120000008,1310,2277,-967
120000009,7660,1094,6566
120000010,2349,4887,-2538
120000011,1951,4008,-2057
120000012,1905,5573,-3668
120000013,3174,4519,-1345
120000014,789,2799,-2010
120000015,3583,2472,1111
120000016,4124,4437,-313
120000017,3332,3580,-248
120000018,8904,13083,-4179
120000019,1059,1947,-888
120000020,4745,4353,392
120000021,2757,2965,-208
120000022,3728,5013,-1285
120000023,1008,2858,-1850
120000024,1908,4054,-2146
120000025,2567,3447,-880
120000026,1203,2887,-1684
120000027,1667,2644,-977
120000028,1340,893,447
120000029,6902,1176,5726
120000030,326,1369,-1043
120000031,2496,13981,-11485
120000032,17215,5509,11706
120000033,4475,3402,1073
120000034,1833,4062,-2229
120000035,2360,4728,-2368
120000036,3963,7043,-3080
120000037,798,1831,-1033
120000038,18636,5416,13220
120000039,656,1609,-953
120000040,103,290,-187
120000041,894,3311,-2417
120000042,1848,7405,-5557
120000043,5432,5260,172
120000044,4329,1977,2352
120000045,4347,1547,2800
120000046,2379,2849,-470
120000047,3842,4580,-738
120000048,14200,6038,8162
120000049,4261,4689,-428
120000050,4336,8811,-4475
120000051,5444,7235,-1791
120000052,25040,4414,20626
120000053,1312,7752,-6440
120000054,1795,12233,-10438
120000055,1843,9753,-7910
120000056,3802,9156,-5354
120000057,2114,1273,841
120000058,786,394,392
120000059,83,1521,-1438
120000061,167,1374,-1207
120000062,250,513,-263
120000063,2543,5466,-2923
120000064,296,3050,-2754
120000065,844,3718,-2874
120000066,233,892,-659
120000067,52,1103,-1051
120000068,253,2272,-2019
120000069,923,3121,-2198
120000070,79,1898,-1819
120000071,252,420,-168
120000072,496,875,-379
120000073,605,184,421
120000074,72,116,-44
120000075,601,417,184
120000076,1286,634,652
120000077,1356,825,531
120000078,3532,1266,2266
120000079,171,136,35
120000080,108,187,-79
120000081,253,142,111
120000082,167,167,0
120000083,75,447,-372
120000084,606,970,-364
120000085,352,746,-394
120000086,361,1305,-944
120000087,244,2389,-2145
120000088,1046,2473,-1427
120000089,1299,1286,13
120000090,605,920,-315
120000091,896,1816,-920
120000092,1405,875,530
120000093,373,895,-522
120000094,163,879,-716
120000095,1034,1249,-215
120000096,293,1996,-1703
120000098,996,1999,-1003
120000099,393,1243,-850
120000100,882,1397,-515
120000101,516,884,-368
120000102,556,862,-306
120000103,1142,868,274
120000104,1706,520,1186
120000105,2266,655,1611
120000106,1798,608,1190
120000107,2670,726,1944
120000108,740,179,561
120000109,847,79,768
120000110,136,2003,-1867
120000111,188,2729,-2541
120000112,1085,8056,-6971
120000113,775,6287,-5512
120000114,1110,6233,-5123
120000115,483,4948,-4465
120000116,923,4018,-3095
120000117,2548,2999,-451
120000118,64,55,9
120000119,80,124,-44
120000120,106,92,14
120000121,47,118,-71
120000122,455,472,-17
120000123,11679,5045,6634
120000124,377,985,-608
120000125,538,1208,-670
120000126,427,1252,-825
120000127,2973,1386,1587
120000128,5192,4079,1113
120000129,382,512,-130
120000130,955,1554,-599
120000131,301,774,-473
120000134,528,2900,-2372
120000135,307,546,-239
120000137,208,4493,-4285
120000138,530,936,-406
120000139,235,2079,-1844
120000140,542,1208,-666
120000141,243,1114,-871
120000142,330,1139,-809
120000143,1,221,-220
120000144,86,0,86
120000145,294,4,290
120000146,4073,1322,2751
120000149,658,1720,-1062
120000150,8220,11697,-3477
120000151,466,971,-505
120000152,373,547,-174
120000153,205,2013,-1808
120000154,667,728,-61
120000155,116,400,-284
120000156,3179,1019,2160
120000157,1227,1243,-16
120000158,895,1989,-1094
120000159,2543,3578,-1035
120000160,2730,2073,657
120000161,1566,4242,-2676
120000162,150,360,-210
120000163,498,3341,-2843
120000164,467,1000,-533
120000165,371,1996,-1625
120000166,1004,1233,-229
120000167,74,159,-85
120000168,15,579,-564
120000169,140,893,-753
120000170,214,498,-284
120000171,56,140,-84
120000172,69,68,1
120000173,4685,415,4270
120000174,1004,15,989
120000175,980,20,960
120000176,681,87,594
120000177,2939,399,2540
120000178,284,14,270
120000179,735,78,657
120000180,1236,179,1057
120000181,339,668,-329
120000182,150,289,-139
120000183,21,323,-302
120000184,216,1823,-1607
120000186,75,122,-47
120000187,117,79,38
120000188,522,124,398
120000190,2122,30,2092
120000191,3342,48,3294
120000192,3484,40,3444
120000193,1276,11,1265
120000195,267,15,252
120000196,586,112,474
120000197,229,301,-72
120000198,172,210,-38
120000199,74,1,73
120000200,84,2,82
120000201,20,25,-5
120000202,5,110,-105
120000203,54,681,-627
120000207,4,150,-146
120000208,12,650,-638
120000209,10,136,-126
120000210,294,206,88
120000211,52,1,51
120000212,123,0,123
120000213,76,749,-673
120000214,7,837,-830
120000215,3,351,-348
120000216,43,6,37
120000217,1503,2541,-1038
120000218,344,2021,-1677
120000219,21,1333,-1312
120000220,23,5080,-5057
120000225,796,2,794
120000226,181,3,178
120000227,571,39,532
120000228,11915,3454,8461
120000230,296,24,272
120000231,959,4621,-3662
120000233,161,105,56
120000235,155,1564,-1409
120000236,727,0,727
120000237,8,4157,-4149
120000238,2,407,-405
120000241,1799,6031,-4232
120000412,3305,42,3263
120000413,231,894,-663
120000414,73,4,69
120000415,6,431,-425
120000416,55,12,43
120000417,4,230,-226
120000418,113,53,60
120000419,21,1076,-1055
120000420,115,103,12
120000421,24635,8959,15676
120000422,348,807,-459
120000423,2,86,-84
120000424,100,318,-218
120000436,152,551,-399
120000437,266,317,-51
120000438,9286,622,8664
120000439,184,455,-271
120000443,142,1,141
120000444,1032,1534,-502
120000445,2162,2065,97
120000446,1851,471,1380
120000447,158,14,144
120000449,74,35,39
120000450,7,728,-721
120000451,147,474,-327
120000452,112,1,111
120000453,0,815,-815
120000454,186,52,134
120000455,99,120,-21
120000456,5243,4527,716
120000457,2583,1648,935
120000458,864,1407,-543
120000459,85,173,-88
120000665,1997,204,1793
120000668,100,431,-331
120000669,84,876,-792
120000670,295,733,-438
120000671,1273,477,796
120000672,129,837,-708
120900001,34,55,-21
120900002,604,563,41
120900003,209,35,174
120900004,15,139,-124
120900005,134,2158,-2024
120900006,226,302,-76
120900007,118,358,-240
120900008,233,2269,-2036
120900009,702,87,615
120900010,331,117,214
120900011,699,268,431
120900012,2447,1189,1258
120900013,326,86,240
120900014,30,1698,-1668
120900015,460,111,349
120900016,620,103,517
120900017,5630,158,5472
120900018,94,1014,-920
120900019,664,176,488
120900020,1348,1009,339
120900021,603,163,440
120900022,81,852,-771
120900023,162,76,86
120900024,2065,629,1436
120900025,2896,1612,1284
120900026,222,427,-205
120900027,1048,122,926
120900028,217,65,152
120900029,178,348,-170
120900030,895,681,214
120900031,225,79,146
120900032,588,296,292
120900033,925,73,852
120900034,49,3249,-3200
120900035,113,372,-259
120900037,193,10,183
120900038,72,153,-81
120900039,86,40,46
120900040,225,4,221
120900041,269,119,150
120900042,262,138,124
120900043,29,24,5
120900044,11,914,-903
120900045,237,363,-126
120900046,378,5,373
120900047,192,57,135
120900048,75,51,24
120900049,338,1,337
120900050,7107,1664,5443
120900051,254,207,47
120900052,405,3,402
120900053,200,161,39
120900054,2032,1740,292
120900055,228,4,224
120900056,415,13,402
120900057,88,22,66
120900058,395,1,394
120900059,51,6,45
120900060,57,81,-24
120900061,322,924,-602
120900062,162,0,162
120900063,449,16,433
120900064,316,0,316
120900065,323,2,321
120900066,176,503,-327
120900067,269,53,216
120900068,198,0,198
120900069,139,116,23
120900071,4,0,4
120900072,519,2,517
120900073,317,455,-138
120900074,565,6,559
120900076,222,2,220
120900077,7907,516,7391
120900078,576,1717,-1141
120900079,525,196,329
120900080,380,4308,-3928
120900081,676,2981,-2305
120900082,1091,524,567
120900083,42,4,38
120900084,189,382,-193
120900085,191,176,15
120900086,407,371,36
120900087,422,146,276
120900088,315,375,-60
120900089,8108,2040,6068
120900090,139,372,-233
120900091,542,462,80
120900092,1506,1373,133
120900093,6953,412,6541
120900094,677,475,202
120900095,581,39,542
120900096,57,316,-259
120900097,869,1843,-974
120900098,311,277,34
120900099,77,124,-47
120900100,116,679,-563
120900101,783,543,240
120900102,20,198,-178
120900103,85,272,-187
120900104,39,68,-29
120900105,51,1309,-1258
120900106,1946,1110,836
120900107,509,269,240
120900108,17,1660,-1643
120900109,48,1390,-1342
120900110,15,1568,-1553
120900111,149,760,-611
120900112,26,2630,-2604
120900113,24,1630,-1606
120900114,51,301,-250
120900115,235,286,-51
120900116,236,1433,-1197
120900117,3,1112,-1109
120900118,27,1587,-1560
120900119,5550,7820,-2270
120900120,68,1393,-1325
120900121,153,868,-715
120900122,317,1608,-1291
120900123,4,1105,-1101
120900124,9,1374,-1365
120900125,6,2521,-2515
120900126,2181,1569,612
120900127,10,1212,-1202
120900128,1339,1778,-439
120900129,60,665,-605
120900130,3,693,-690
120900131,33,260,-227
120900132,652,910,-258
120900133,385,2370,-1985
120900134,692,793,-101
120900135,17,1300,-1283
120900136,44,201,-157
120900137,195,257,-62
120900138,23,410,-387
120900139,6,1703,-1697
120900140,3,137,-134
120900141,161,251,-90
120900142,33,1922,-1889
120900143,4,1875,-1871
120900144,0,462,-462
120900145,80,1673,-1593
120900146,7,2224,-2217
120900147,3,632,-629
120900148,122,248,-126
120900149,2,880,-878
120900150,22,1421,-1399
120900151,5,1424,-1419
120900152,11,92,-81
120900153,29,107,-78
120900154,3,796,-793
120900155,147,2321,-2174
120900156,20,724,-704
120900157,33,446,-413
120900158,42,1037,-995
120900159,82,825,-743
120900160,59,678,-619
120900161,42,1129,-1087
120900162,39,1203,-1164
120900163,21,358,-337
120900164,0,2,-2
120900165,0,9,-9
120900166,101,401,-300
120900167,592,197,395
120900169,69,1300,-1231
120900170,5878,2437,3441
120900171,1955,624,1331
120900172,2473,448,2025
120900173,0,103,-103
120900174,6,240,-234
120900175,378,505,-127
120900176,12,363,-351
120900177,3,829,-826
120900178,1,343,-342
120900179,1336,786,550
120900180,209,167,42
120900181,148,113,35
120900182,35,1104,-1069
120900183,694,344,350
120900184,260,170,90
120900185,5,790,-785
120900186,3,1089,-1086
120900187,405,1467,-1062
120900188,134,28,106
120900189,322,793,-471
120900190,34,55,-21
120900191,2,35,-33
120900192,23289,3939,19350
120900194,41,158,-117
120900195,249,437,-188
120900196,915,107,808
120900197,457,109,348
120900198,418,1166,-748
120900199,326,395,-69
120900200,182,306,-124
120900201,980,260,720
120900202,0,429,-429
120900203,63,125,-62
120900204,294,717,-423
120900205,88,207,-119
120900206,19,37,-18
120900207,101,2714,-2613
121000001,1289,1697,-408
121000002,3514,2388,1126
121000003,6605,2894,3711
121000004,3952,7319,-3367
121000005,2903,4173,-1270
121000006,4567,2254,2313
121000007,4138,4369,-231
121000008,8968,4385,4583
121000009,8885,9887,-1002
121000010,13104,8322,4782
121000011,13857,22836,-8979
121000012,22218,16096,6122
121000013,8102,13377,-5275
121000014,9701,10116,-415
121000015,8076,10847,-2771
121000016,7190,6317,873
121000017,2971,5475,-2504
121000018,2817,2950,-133
121000019,30495,13726,16769
121000020,19775,15110,4665
121000021,4381,5640,-1259
121000022,2543,2982,-439
121000023,6204,5253,951
121000024,4512,5756,-1244
121000025,867,1860,-993
121000026,382,233,149
121000027,2043,1459,584
121000028,1096,766,330
121000029,1177,1256,-79
121000030,742,718,24
121000031,798,967,-169
121000032,264,126,138
121000034,528,296,232
121000035,249,97,152
121000036,1486,1196,290
121000037,834,1034,-200
121000038,868,1045,-177
121000039,588,535,53
121000041,574,777,-203
121000042,246,531,-285
121000043,1102,1156,-54
121000044,2326,940,1386
121000045,597,644,-47
121000046,608,1488,-880
121000047,81,109,-28
121000049,2637,903,1734
121000050,406,1569,-1163
121000051,1048,499,549
121000052,335,965,-630
121000053,671,130,541
121000054,41,353,-312
121000055,1895,2069,-174
121000056,1063,1423,-360
121000057,262,610,-348
121000058,465,149,316
121000059,2746,1351,1395
121000060,508,1248,-740
121000061,243,231,12
121000062,163,442,-279
121000063,805,916,-111
121000064,669,1105,-436
121000065,611,650,-39
121000066,650,742,-92
121000067,1285,656,629
121000068,648,548,100
121000069,826,936,-110
121000070,2529,2040,489
121000071,1577,1456,121
121000072,1859,1359,500
121000073,1348,1280,68
121000074,129,226,-97
121000075,123,408,-285
121000076,1729,770,959
121000077,186,289,-103
121000078,130,182,-52
121000080,3861,1075,2786
121000081,6834,3690,3144
121000082,128,345,-217
121000083,278,228,50
121000084,227,146,81
121000085,397,564,-167
121000086,243,1216,-973
121000087,100,456,-356
121000088,483,1217,-734
121000089,645,527,118
121000090,615,562,53
121000091,2202,1451,751
121000092,203,147,56
121000093,167,336,-169
121000094,604,878,-274
121000095,391,734,-343
121000096,2734,4842,-2108
121000097,1872,3245,-1373
121000098,565,2284,-1719
121000099,605,1542,-937
121000100,964,997,-33
121000101,274,516,-242
121000102,206,632,-426
121000103,169,599,-430
121000104,252,247,5
121000105,409,417,-8
121000106,242,724,-482
121000107,3381,5858,-2477
121000109,2220,1763,457
121000110,625,903,-278
121000114,3917,3202,715
121000115,1320,1329,-9
121000116,610,1617,-1007
121000117,1293,435,858
121000118,1737,504,1233
121000119,386,578,-192
121000120,280,729,-449
121000121,553,1408,-855
121000123,2217,875,1342
121000126,173,619,-446
121000127,240,187,53
121000128,1021,876,145
121000129,660,730,-70
121000130,480,1925,-1445
121000131,3076,2059,1017
121000132,2090,2465,-375
121000135,684,870,-186
121000136,1686,1025,661
121000137,573,361,212
121000138,1101,805,296
121000139,876,216,660
121000141,354,202,152
121000142,1115,1030,85
121000143,216,31,185
121000144,1657,1687,-30
121000145,616,2095,-1479
121000146,1306,1425,-119
121000147,975,884,91
121000148,1140,1710,-570
121000149,2491,1890,601
121000152,542,1018,-476
121000153,2461,967,1494
121000154,1204,1077,127
121000155,2087,1665,422
121000156,516,1565,-1049
121000157,2181,3686,-1505
121000158,432,1264,-832
121000159,199,1043,-844
121000160,386,1221,-835
121000161,172,607,-435
121000162,62,440,-378
121000165,2651,2295,356
121000166,69,996,-927
121000168,364,454,-90
121000169,67,327,-260
121000170,370,211,159
121000171,164,278,-114
121000172,746,686,60
121000173,1779,1115,664
121000174,275,507,-232
121000175,783,681,102
121000176,447,332,115
121000177,1415,1117,298
121000178,150,94,56
121000179,210,75,135
121000181,485,542,-57
121000182,143,193,-50
121000183,71,99,-28
121000184,105,106,-1
121000185,38,262,-224
121000186,211,807,-596
121000187,203,464,-261
121000188,141,413,-272
121000192,829,618,211
121000193,706,629,77
121000194,3876,3077,799
121000195,485,1511,-1026
121000196,1402,367,1035
121000197,432,1394,-962
121000198,471,172,299
121000199,189,882,-693
121000200,532,152,380
121000201,9,373,-364
121000202,1407,164,1243
121000203,827,4041,-3214
121000204,2384,1184,1200
121000205,252,631,-379
121000206,330,78,252
121000207,1984,836,1148
121000208,8,810,-802
121000209,239,723,-484
121000210,418,1315,-897
121000211,269,286,-17
121000212,341,1763,-1422
121000213,16136,4247,11889
121000214,1417,3065,-1648
121000215,1829,1794,35
121000216,596,785,-189
121000217,5850,4296,1554
121000218,668,2770,-2102
121000219,2227,633,1594
121000220,363,110,253
121000221,174,353,-179
121000222,3910,3702,208
121000223,644,408,236
121000224,376,164,212
121000225,2756,1412,1344
121000226,6240,1087,5153
121000227,12,413,-401
121000228,22,1237,-1215
121000229,236,828,-592
121000230,76,2959,-2883
121000231,808,43,765
121000232,535,397,138
121000233,530,392,138
121000234,18,57,-39
121000235,75,40,35
121000236,9,76,-67
121000237,22,21,1
121000238,2,146,-144
121000239,29,13,16
121000240,4,383,-379
121000241,41,19,22
121000242,61,260,-199
121000243,300,83,217
121000244,1,82,-81
121000245,13,11,2
121000246,2,103,-101
121000247,60,4,56
121000248,987,984,3
121000249,178,339,-161
121000250,623,112,511
121000251,30,1000,-970
121000252,99,48,51
121000253,421,975,-554
121000254,875,453,422
121000255,240,281,-41
121000256,418,267,151
121000257,80,124,-44
121000258,138,70,68
121000259,55,58,-3
121000260,131,262,-131
121000261,96,77,19
121000262,1420,1330,90
121000263,473,739,-266
121000271,377,3054,-2677
121000273,185,8,177
121000274,20,47,-27
121000275,14,28,-14
121000276,4,8,-4
121000278,81,92,-11
121000279,67,33,34
121000280,75,66,9
121000289,294,31,263
121000290,2129,1083,1046
121000294,119,376,-257
121000297,1479,1467,12
121000299,335,405,-70
121000300,1198,847,351
121000302,326,2204,-1878
121000303,1053,1101,-48
121000304,573,88,485
121000305,161,95,66
121000306,128,247,-119
121000308,209,647,-438
121000309,603,946,-343
121000310,151,637,-486
121000311,120,1263,-1143
121000312,476,373,103
121000313,769,735,34
121000314,197,219,-22
121000315,84,277,-193
121000530,1207,2407,-1200
121000531,1465,2265,-800
121000532,8280,7396,884
121000533,3415,4381,-966
121000918,65,265,-200
121000919,35,71,-36
121000938,1026,818,208
121000939,1524,961,563
121000956,927,3185,-2258
121000957,5,16,-11
121000958,241,122,119
121000959,747,1798,-1051
121000960,1981,3969,-1988
121000961,229,122,107
121000962,538,1332,-794
121000973,1,561,-560
121000976,32,240,-208
121000979,523,168,355
121000981,318,208,110
121000982,262,499,-237
121000983,638,765,-127
121000984,56,77,-21
121000985,584,1570,-986
121000986,259,927,-668
121000987,364,2758,-2394
121000988,661,169,492
121001302,363,187,176
121001308,6,24,-18
121001309,185,90,95
121001313,184,422,-238
121001314,4821,5777,-956
121001315,6376,3111,3265
121900001,97,254,-157
121900002,71,27,44
121900003,431,16,415
121900004,156,721,-565
121900005,11,4,7
121900006,122,33,89
121900007,3801,2926,875
121900008,1227,745,482
121900009,954,30,924
121900010,254,6,248
121900011,367,726,-359
121900012,7,1,6
121900013,1480,54,1426
121900014,1822,435,1387
121900015,232,297,-65
121900016,14,53,-39
121900017,551,926,-375
121900018,311,8,303
121900019,414,397,17
121900020,39,0,39
121900021,844,24,820
121900022,236,280,-44
121900023,104,705,-601
121900024,599,105,494
121900025,599,645,-46
121900026,505,54,451
121900027,450,229,221
121900028,385,13,372
121900029,166,362,-196
121900030,635,662,-27
121900031,2156,7853,-5697
121900032,114,127,-13
121900033,226,315,-89
121900034,401,143,258
121900035,4405,2637,1768
121900036,101,663,-562
121900037,198,1000,-802
121900038,23,281,-258
121900039,434,59,375
121900040,46,112,-66
121900041,116,338,-222
121900042,363,211,152
121900043,0,21,-21
121900044,404,71,333
121900046,358,384,-26
121900047,231,96,135
121900048,70,277,-207
121900050,23,48,-25
121900051,196,280,-84
121900052,124,58,66
121900053,476,380,96
121900054,692,1244,-552
121900055,0,22,-22
121900058,269,413,-144
121900059,391,160,231
121900060,162,511,-349
121900061,257,197,60
121900062,173,171,2
121900063,1075,432,643
121900064,224,1130,-906
121900066,61,33,28
121900067,15,72,-57
121900069,207,196,11
121900070,351,257,94
121900071,216,369,-153
121900072,27,253,-226
121900073,284,337,-53
121900074,1139,895,244
121900075,974,421,553
121900076,468,1105,-637
121900077,20,49,-29
121900078,83,86,-3
121900079,0,0,0
121900080,1034,697,337
121900082,54,177,-123
121900084,6,289,-283
121900085,0,18,-18
121900086,11,89,-78
121900087,173,137,36
121900088,2816,4030,-1214
121900089,188,666,-478
121900090,16,185,-169
121900091,34,195,-161
121900092,126,167,-41
121900093,56,71,-15
121900094,25,19,6
121900095,216,132,84
121900096,1851,916,935
121900097,433,270,163
121900098,6,7,-1
121900099,234,123,111
121900100,294,390,-96
121900101,190,154,36
121900102,12,143,-131
121900103,801,364,437
121900104,1396,509,887
121900105,223,162,61
121900106,4,6,-2
121900107,43,36,7
121900108,1,32,-31
121900109,353,167,186
121900110,309,1923,-1614
121900111,1404,130,1274
121900112,145,243,-98
121900113,111,378,-267
121900114,51,104,-53
121900117,306,29,277
121900118,3237,559,2678
121900119,159,163,-4
121900120,73,1991,-1918
121900121,827,100,727
121900122,15,54,-39
121900123,269,625,-356
121900124,106,327,-221
121900125,1670,1602,68
121900127,25,131,-106
121900128,83,194,-111
121900129,976,244,732
121900130,176,446,-270
121900131,261,143,118
121900132,74,165,-91
121900133,102,579,-477
121900134,28,189,-161
121900135,3542,398,3144
121900136,470,684,-214
121900137,93,458,-365
121900138,234,470,-236
121900139,490,785,-295
121900140,98,241,-143
121900141,76,27,49
121900142,100,200,-100
121900143,19,282,-263
121900144,210,442,-232
121900145,498,415,83
121900146,678,1154,-476
121900147,67,283,-216
121900148,241,308,-67
121900149,523,1070,-547
121900150,75,221,-146
121900151,77,301,-224
121900152,69,185,-116
121900153,149,730,-581
121900154,17,202,-185
121900155,2,242,-240
121900156,165,139,26
121900157,5,700,-695
121900158,88,101,-13
121900159,3,314,-311
121900160,47,293,-246
121900161,487,505,-18
121900162,158,185,-27
121900163,187,1185,-998
121900164,485,320,165
121900165,252,333,-81
121900166,224,333,-109
121900167,134,146,-12
121900168,306,242,64
121900169,6,583,-577
121900170,6,286,-280
121900171,632,918,-286
121900172,485,386,99
121900173,1307,400,907
121900174,45,76,-31
121900175,207,210,-3
121900176,723,2875,-2152
121900177,239,68,171
121900178,37,108,-71
121900179,357,175,182
121900180,7782,4150,3632
121900182,1144,535,609
121900183,553,752,-199
121900184,39,791,-752
121900186,17,504,-487
121900187,30,213,-183
121900188,861,581,280
121900189,78,207,-129
121900190,211,768,-557
121900191,88,329,-241
121900192,451,1033,-582
121900193,40,358,-318
121900194,5,227,-222
121900195,183,178,5
121900196,1263,1371,-108
121900197,428,3257,-2829
121900198,1469,2114,-645
121900199,7,44,-37
121900200,127,312,-185
121900201,1859,783,1076
121900202,159,569,-410
121900203,360,1570,-1210
121900204,1482,1414,68
121900205,12,148,-136
121900206,9,19,-10
121900207,224,55,169
121900208,266,439,-173
121900209,97,42,55
121900210,2173,1953,220
121900211,26,103,-77
121900212,154,176,-22
121900213,122,195,-73
121900214,9,879,-870
121900215,54,109,-55
121900216,49,159,-110
121900217,269,123,146
121900218,457,803,-346
121900220,266,17,249
121900221,377,837,-460
121900222,200,239,-39
121900223,208,131,77
121900224,103,96,7
121900225,183,130,53
121900226,404,727,-323
121900227,163,615,-452
121900228,243,377,-134
121900230,145,557,-412
121900231,553,3190,-2637
121900232,351,551,-200
121900233,433,355,78
121900234,338,645,-307
121900235,493,436,57
121900236,380,250,130
121900237,210,334,-124
121900238,180,314,-134
121900239,149,82,67
121900240,185,226,-41
121900241,20,92,-72
121900242,7,0,7
121900243,8,0,8
121900244,18,3,15
121900245,260,191,69
121900246,2525,626,1899
121900247,374,407,-33
121900248,2064,1397,667
121900250,335,426,-91
121900251,424,53,371
121900252,657,216,441
121900253,149,1194,-1045
121900254,637,416,221
121900255,252,154,98
121900258,4408,2385,2023
121900259,493,708,-215
121900260,114,350,-236
121900261,184,627,-443
121900262,552,1265,-713
121900263,164,421,-257
121900264,3319,2233,1086
121900265,223,495,-272
121900266,256,273,-17
121900267,65,27,38
121900269,307,592,-285
121900270,42,267,-225
121900271,34,260,-226
121900273,597,1920,-1323
121900274,246,375,-129
121900277,363,2167,-1804
121900278,175,1354,-1179
121900279,209,432,-223
121900280,227,703,-476
121900281,729,631,98
121900284,111,14,97
121900286,98,298,-200
121900287,17,39,-22
121900288,0,0,0
121900290,270,596,-326
121900291,616,990,-374
121900292,467,123,344
121900293,1192,5164,-3972
121900294,305,2,303
121900295,66,337,-271
121900296,223,599,-376
121900298,565,641,-76
121900299,0,0,0
121900300,4,0,4
121900301,28,0,28
121900302,1,28,-27
121900303,630,951,-321
121900304,12,5,7
121900305,2,4,-2
121900306,73,3,70
121900307,43,28,15
121900308,23,470,-447
121900309,13,381,-368
121900310,40,771,-731
121900311,323,15,308
121900312,209,8,201
121900313,373,25,348
121900314,4,88,-84
121900315,18,0,18
121900316,0,26,-26
121900317,5,7,-2
121900318,3,42,-39
121900319,19,142,-123
121900320,103,119,-16
121900321,8,5,3
121900322,1,44,-43
121900323,45,24,21
121900324,1,82,-81
121900325,5,0,5
121900326,0,26,-26
121900327,4,114,-110
121900328,1,46,-45
121900329,4,424,-420
121900330,0,22,-22
121900331,119,61,58
121900332,87,22,65
121900333,24,2,22
122000001,3071,5778,-2707
122000002,7015,2852,4163
122000003,2808,2763,45
122000004,4776,2386,2390
122000005,4329,1750,2579
122000006,3705,855,2850
122000007,2087,2516,-429
122000008,8615,7686,929
122000009,701,556,145
122000010,2889,4202,-1313
122000011,4702,2066,2636
122000012,1964,1671,293
122000013,4096,1878,2218
122000014,2451,3478,-1027
122000015,2474,1390,1084
122000016,858,1541,-683
122000017,1530,1478,52
122000018,2178,1520,658
122000019,1297,2253,-956
122000020,320,303,17
122000021,648,921,-273
122000022,2056,2295,-239
122000023,759,4249,-3490
122000024,1435,1350,85
122000025,2683,1977,706
122000026,2504,1209,1295
122000027,862,7420,-6558
122000028,1212,740,472
122000029,772,538,234
122000030,434,187,247
122000031,251,335,-84
122000032,2605,5355,-2750
122000033,1628,1364,264
122000034,1014,942,72
122000035,407,1196,-789
122000036,696,787,-91
122000037,509,363,146
122000038,454,545,-91
122000039,822,685,137
122000040,510,593,-83
122000041,795,709,86
122000042,635,623,12
122000043,246,189,57
122000044,168,277,-109
122000045,2045,777,1268
122000046,1256,1583,-327
122000047,481,292,189
122000048,4225,7282,-3057
122000049,7576,3457,4119
122000050,2815,1040,1775
122000051,635,526,109
122000052,862,314,548
122000053,234,663,-429
122000054,3015,2808,207
122000055,3510,3590,-80
122000056,7850,5537,2313
122000057,5371,4144,1227
122000058,6304,1418,4886
122000059,5369,1974,3395
122000060,1212,768,444
122000061,735,516,219
122000062,1749,445,1304
122000063,2650,803,1847
122000064,5791,3775,2016
122000065,7938,3936,4002
122000066,1801,1440,361
122000067,2799,1857,942
122000068,1767,2204,-437
122000069,739,1078,-339
122000070,1098,6703,-5605
122000071,1481,2990,-1509
122000072,598,594,4
122000073,759,681,78
122000074,2766,2012,754
122000075,793,2216,-1423
122000076,2547,1631,916
122000077,2095,844,1251
122000078,3981,2866,1115
122000079,3530,1204,2326
122000080,2205,604,1601
122000081,430,614,-184
122000082,1499,1054,445
122000083,1726,5700,-3974
122000084,1547,1217,330
122000085,455,3031,-2576
122000086,3478,8022,-4544
122000087,721,233,488
122000088,426,481,-55
122000089,9620,4868,4752
122000090,332,625,-293
122000091,404,81,323
122000092,283,19,264
122000093,3297,1109,2188
122000094,12364,2508,9856
122000095,5141,4264,877
122000096,3984,2886,1098
122000098,5279,2099,3180
122000099,4979,787,4192
122000100,1790,967,823
122000101,372,1577,-1205
122000102,2511,1514,997
122000103,1808,1915,-107
122000104,404,305,99
122000105,448,378,70
122000106,677,673,4
122000107,1265,728,537
122000108,440,1202,-762
122000109,560,622,-62
122000110,515,845,-330
122000111,3547,1480,2067
122000112,1211,1895,-684
122000113,733,972,-239
122000114,7185,2334,4851
122000115,2376,3200,-824
122000116,613,737,-124
122000117,1750,497,1253
122000118,465,904,-439
122000119,4188,2447,1741
122000120,3280,4381,-1101
122000121,4319,3477,842
122000122,1170,2047,-877
122000123,3597,2717,880
122000124,2061,899,1162
122000125,719,941,-222
122000126,1048,1729,-681
122000127,2360,1643,717
122000128,892,1206,-314
122000129,533,1184,-651
122000130,3549,982,2567
122000131,1895,1290,605
122000132,966,648,318
122000133,1754,3203,-1449
122000134,771,822,-51
122000135,981,1137,-156
122000136,594,628,-34
122000137,1563,1086,477
122000139,2998,4058,-1060
122000140,2465,770,1695
122000141,7871,1735,6136
122000142,891,1107,-216
122000143,734,511,223
122000144,1974,1514,460
122000145,2265,997,1268
122000146,938,1655,-717
122000147,1354,533,821
122000148,4145,1804,2341
122000149,2532,1976,556
122000150,1376,1518,-142
122000151,282,438,-156
122000152,601,455,146
122000153,597,455,142
122000154,403,333,70
122000155,1785,2694,-909
122000156,2360,2612,-252
122000157,2845,1711,1134
122000158,541,848,-307
122000159,1546,2324,-778
122000160,5931,2081,3850
122000161,1366,984,382
122000162,2896,1955,941
122000163,426,135,291
122000164,28,160,-132
122000165,1070,1186,-116
122000166,1538,1605,-67
122000167,271,277,-6
122000168,276,773,-497
122000169,789,253,536
122000170,404,402,2
122000171,46,135,-89
122000172,2312,2434,-122
122000173,2004,3608,-1604
122000174,3242,1269,1973
122000175,1739,427,1312
122000176,396,1066,-670
122000177,2504,2238,266
122000178,4090,4475,-385
122000179,2825,4696,-1871
122000180,2295,1816,479
122000181,2162,5129,-2967
122000182,2654,2403,251
122000183,2333,1836,497
122000184,3295,3091,204
122000185,1509,1808,-299
122000186,961,1399,-438
122000187,2807,1662,1145
122000188,566,310,256
122000189,368,574,-206
122000190,1409,1346,63
122000191,1475,1045,430
122000192,1065,565,500
122000193,390,966,-576
122000194,980,267,713
122000195,293,760,-467
122000196,1300,942,358
122000197,590,969,-379
122000198,776,1643,-867
122000199,524,522,2
122000200,1991,923,1068
122000201,1713,1949,-236
122000202,1446,1546,-100
122000203,3740,2284,1456
122000204,2038,3030,-992
122000205,2020,1887,133
122000206,3073,1286,1787
122000207,1630,1997,-367
122000208,3390,2237,1153
122000209,3776,524,3252
122000210,2461,2885,-424
122000211,2040,1883,157
122000212,982,645,337
122000213,1352,1720,-368
122000214,2393,2464,-71
122000215,2964,2021,943
122000217,2954,2046,908
122000218,1087,103,984
122000219,2096,1339,757
122000220,470,1050,-580
122000221,176,654,-478
122000222,692,146,546
122000223,1551,589,962
122000225,1136,419,717
122000226,1878,2746,-868
122000227,465,3521,-3056
122000228,556,633,-77
122000229,40,703,-663
122000230,96,1138,-1042
122000231,348,1397,-1049
122000232,897,2005,-1108
122000233,2,190,-188
122000234,202,325,-123
122000235,701,282,419
122000236,736,228,508
122000237,166,83,83
122000238,218,334,-116
122000239,601,177,424
122000240,1288,647,641
122000241,1185,755,430
122000242,710,173,537
122000243,134,70,64
122000244,70,748,-678
122000245,66,306,-240
122000246,119,232,-113
122000247,694,1034,-340
122000248,2145,2996,-851
122000249,618,860,-242
122000250,2059,1214,845
122000251,333,656,-323
122000252,695,160,535
122000253,69,376,-307
122000254,226,138,88
122000255,986,2646,-1660
122000256,486,2213,-1727
122000257,168,688,-520
122000258,138,347,-209
122000259,15,1183,-1168
122000260,25,195,-170
122000261,9,394,-385
122000262,0,103,-103
122000263,138,208,-70
122000264,1110,734,376
122000265,3185,1166,2019
122000266,6491,831,5660
122000267,127,223,-96
122000268,182,689,-507
122000269,1338,399,939
122000270,1431,197,1234
122000271,433,1907,-1474
122000272,446,1984,-1538
122000273,444,825,-381
122000274,158,287,-129
122000275,59,269,-210
122000276,696,1003,-307
122000277,1144,1972,-828
122000278,1255,1406,-151
122000279,274,808,-534
122000280,1284,1188,96
122000281,782,1379,-597
122000282,196,204,-8
122000283,466,133,333
122000284,168,137,31
122000285,466,156,310
122000286,99,216,-117
122000287,1024,2051,-1027
122000288,445,341,104
122000291,1359,707,652
122000293,724,402,322
122000294,147,227,-80
122000295,1782,316,1466
122000296,91,820,-729
122000297,5459,3000,2459
122000299,400,831,-431
122000300,738,869,-131
122000301,24742,3877,20865
122000302,1596,1529,67
122000303,6786,1792,4994
122000304,63,324,-261
122000305,951,554,397
122000306,24,1380,-1356
122000307,213,250,-37
122000309,106,107,-1
122000310,29,38,-9
122000311,205,197,8
122000312,153,99,54
122000313,73,58,15
122000314,191,355,-164
122000315,304,27,277
122000316,614,408,206
122000317,1119,310,809
122000318,281,707,-426
122000319,309,1112,-803
122000320,394,4300,-3906
122000321,145,530,-385
122000322,3651,5357,-1706
122000323,2204,3056,-852
122000324,2314,2249,65
122000325,1480,1908,-428
122000326,49,227,-178
122000327,563,778,-215
122000328,1960,1389,571
122000330,3532,1058,2474
122000332,342,553,-211
122000333,12,293,-281
122000337,1075,2707,-1632
122000338,666,877,-211
122000340,725,478,247
122000342,5268,1727,3541
122000343,657,3032,-2375
122000344,62,36,26
122000345,24,114,-90
122000346,404,923,-519
122000348,516,1437,-921
122000349,182,1276,-1094
122000351,228,391,-163
122000352,294,172,122
122000353,100,209,-109
122000355,209,271,-62
122000356,3793,1196,2597
122000357,55,21,34
122000358,0,128,-128
122000359,1,69,-68
122000360,2,96,-94
122000362,15,155,-140
122000364,145,684,-539
122000365,3,55,-52
122000366,13,13,0
122000368,601,1232,-631
122000370,50,159,-109
122000371,20,0,20
122000372,10,3,7
122000381,84,639,-555
122000382,84,379,-295
122000384,6927,3065,3862
122000385,78,2,76
122000386,981,1300,-319
122000387,863,1048,-185
122000388,2900,649,2251
122000389,324,1187,-863
122000390,761,362,399
122000391,489,178,311
122000392,238,340,-102
122000393,22,293,-271
122000394,504,571,-67
122000395,132,297,-165
122000396,275,173,102
122000397,64,145,-81
122000398,49,78,-29
122000399,147,103,44
122000400,210,392,-182
122000401,147,141,6
122000402,326,179,147
122000403,732,1836,-1104
122000404,156,471,-315
122000408,1300,1920,-620
122000503,10,134,-124
122000524,264,199,65
122000544,94,3993,-3899
122000616,528,2,526
122000640,44,248,-204
122000641,60,809,-749
122000642,1108,2083,-975
122000643,48,192,-144
122000644,346,33,313
122000645,118,290,-172
122000651,3483,968,2515
122000664,174,72,102
122000665,1410,730,680
122000666,746,1690,-944
122000673,21,684,-663
122000674,77,52,25
122000675,1809,2035,-226
122000686,403,2451,-2048
122000687,1480,572,908
122000688,175,1452,-1277
122000689,736,1003,-267
122000690,1015,1144,-129
122000691,456,4742,-4286
122000692,1493,694,799
122000693,677,3967,-3290
122000695,227,1002,-775
122000696,361,658,-297
122000698,240,1782,-1542
122000699,272,244,28
122000701,1416,591,825
122000702,759,3539,-2780
122000703,201,123,78
122000717,243,96,147
122000718,398,923,-525
122000719,61,108,-47
122000720,270,484,-214
122000724,165,33,132
122900001,31,1,30
122900002,1739,4162,-2423
122900003,317,64,253
122900004,1523,29,1494
122900005,53,63,-10
122900006,857,584,273
122900007,191,49,142
122900008,884,176,708
122900009,1183,608,575
122900010,288,282,6
122900012,264,544,-280
122900014,162,457,-295
122900015,3436,759,2677
122900016,141,521,-380
122900017,616,1490,-874
122900018,276,12,264
122900019,11,181,-170
122900020,530,646,-116
122900021,72,1012,-940
122900022,591,1403,-812
122900023,461,507,-46
122900024,163,157,6
122900025,24,314,-290
122900026,233,416,-183
122900027,165,1139,-974
122900028,133,245,-112
122900029,7761,3200,4561
122900030,2670,599,2071
122900031,205,229,-24
122900032,192,372,-180
122900033,182,254,-72
122900034,6007,6523,-516
122900035,155,19,136
122900036,54,264,-210
122900037,480,201,279
122900038,245,3221,-2976
122900039,110,680,-570
122900040,348,665,-317
122900041,276,305,-29
122900042,223,387,-164
122900043,623,358,265
122900044,100,487,-387
122900045,102,200,-98
122900046,162,207,-45
122900047,490,235,255
122900048,62,284,-222
122900049,2800,217,2583
122900051,104,163,-59
122900052,61,253,-192
122900053,19,21,-2
122900055,342,169,173
122900057,412,52,360
122900061,488,222,266
122900062,507,640,-133
122900063,155,640,-485
122900064,1267,985,282
122900065,570,188,382
122900066,579,351,228
122900067,2641,1130,1511
122900068,204,644,-440
122900069,346,1770,-1424
122900070,325,50,275
122900071,188,728,-540
122900072,24,1068,-1044
122900073,58,534,-476
122900074,533,1339,-806
122900075,7,113,-106
122900076,8,290,-282
122900077,4,280,-276
122900078,128,258,-130
122900080,117,23,94
122900081,198,306,-108
122900082,733,310,423
122900083,210,195,15
122900084,6,417,-411
122900086,8,55,-47
122900087,199,899,-700
122900088,48,137,-89
122900089,78,280,-202
122900090,20,1222,-1202
122900091,190,2,188
122900092,1,440,-439
122900093,1,655,-654
122900094,11,437,-426
122900095,213,13,200
122900096,192,592,-400
122900097,30,29,1
122900098,124,220,-96
122900099,20,11,9
122900100,674,652,22
122900101,1212,395,817
122900102,31,27,4
122900103,44,6,38
122900104,75,5,70
122900105,7,21,-14
122900106,7,195,-188
122900107,8,377,-369
122900108,5,386,-381
123000001,3239,536,2703
123000002,9511,4331,5180
123000003,4584,3904,680
123000004,4262,7497,-3235
123000005,3294,3631,-337
123000006,4197,5321,-1124
123000007,4207,3573,634
123000008,3466,6099,-2633
123000009,5258,4101,1157
123000010,5037,5923,-886
123000011,4857,1111,3746
123000012,1463,3880,-2417
123000013,4010,1211,2799
123000014,1763,6065,-4302
123000015,6540,1312,5228
123000016,11951,4526,7425
123000017,4832,1862,2970
123000018,47,139,-92
123000019,163,397,-234
123000020,88,152,-64
123000021,56,240,-184
123000022,697,1761,-1064
123000023,1524,1784,-260
123000024,1383,697,686
123000025,15,144,-129
123000026,4,75,-71
123000027,343,838,-495
123000028,1350,271,1079
123000029,1282,846,436
123000030,289,973,-684
123000031,108,762,-654
123000032,286,560,-274
123000033,245,82,163
123000034,1108,954,154
123000035,323,409,-86
123000036,316,949,-633
123000037,303,414,-111
123000038,122,303,-181
123000039,479,1239,-760
123000040,1697,484,1213
123000041,1885,980,905
123000042,1288,642,646
123000043,6083,7112,-1029
123000044,9305,2986,6319
123000045,16806,3495,13311
123000046,1148,1335,-187
123000047,2746,1944,802
123000048,95,607,-512
123000049,12236,7319,4917
123000050,1197,1859,-662
123000051,109,263,-154
123000052,700,3985,-3285
123000053,2729,4662,-1933
123000054,1365,1976,-611
123000055,1791,2224,-433
123000056,1965,2987,-1022
123000057,28481,8753,19728
123000058,1112,1040,72
123000059,611,790,-179
123000060,882,451,431
123000061,287,1374,-1087
123000063,795,994,-199
123000064,1062,312,750
123000065,12714,5678,7036
123000066,1418,1500,-82
123000067,714,862,-148
123000068,4318,5985,-1667
123000069,10634,5919,4715
123000070,356,1516,-1160
123000071,930,1745,-815
123000072,1120,2572,-1452
123000073,1087,1243,-156
123000074,1028,3559,-2531
123000075,369,1422,-1053
123000076,703,1965,-1262
123000077,2928,6138,-3210
123000078,1563,2433,-870
123000079,1193,3053,-1860
123000080,2453,4354,-1901
123000081,279,1193,-914
123000082,524,2213,-1689
123000083,1021,243,778
123000084,573,1352,-779
123000085,215,212,3
123000086,378,889,-511
123000087,224,806,-582
123000088,1394,2032,-638
123000089,646,1911,-1265
123000090,1284,1787,-503
123000091,2148,2131,17
123000092,1613,1788,-175
123000094,517,426,91
123000095,505,871,-366
123000096,491,658,-167
123000097,371,2017,-1646
123000098,782,974,-192
123000099,614,1585,-971
123000100,594,810,-216
123000101,850,779,71
123000102,875,904,-29
123000104,355,503,-148
123000105,688,748,-60
123000106,516,462,54
123000107,453,880,-427
123000108,877,2474,-1597
123000111,576,372,204
123000112,887,1025,-138
123000113,675,3409,-2734
123000114,595,643,-48
123000115,312,386,-74
123000116,25,298,-273
123000117,1732,3754,-2022
123000118,552,1738,-1186
123000119,289,2000,-1711
123000120,508,1599,-1091
123000121,534,900,-366
123000122,529,338,191
123000123,518,833,-315
123000124,517,872,-355
123000125,1405,1294,111
123000126,1806,3502,-1696
123000127,1389,1210,179
123000128,386,707,-321
123000129,503,301,202
123000130,501,107,394
123000131,798,808,-10
123000132,557,962,-405
123000133,395,599,-204
123000134,585,333,252
123000135,1730,2311,-581
123000136,268,2212,-1944
123000137,199,641,-442
123000138,113,753,-640
123000139,429,203,226
123000140,209,1158,-949
123000141,977,225,752
123000142,1260,1533,-273
123000143,1522,3694,-2172
123000144,40,42,-2
123000145,420,286,134
123000146,106,203,-97
123000147,151,253,-102
123000149,435,524,-89
123000150,261,318,-57
123000151,391,538,-147
123000152,108,624,-516
123000153,173,644,-471
123000154,3094,2064,1030
123000155,4094,1135,2959
123000156,57,148,-91
123000157,669,1163,-494
123000158,793,909,-116
123000159,5204,2828,2376
123000160,874,662,212
123000161,1588,1243,345
123000162,686,1972,-1286
123000163,492,110,382
123000164,1331,329,1002
123000165,511,3352,-2841
123000166,40,281,-241
123000167,133,560,-427
123000168,240,537,-297
123000169,639,154,485
123000170,57,745,-688
123000171,404,97,307
123000172,289,1180,-891
123000173,513,289,224
123000174,1112,425,687
123000175,1332,2085,-753
123000176,1050,185,865
123000177,530,1685,-1155
123000178,702,187,515
123000179,39,1360,-1321
123000180,1464,501,963
123000181,394,2196,-1802
123000182,227,986,-759
123000183,138,394,-256
123000184,105,1484,-1379
123000185,568,860,-292
123000186,3,908,-905
123000187,452,6,446
123000188,137,1,136
123000189,255,264,-9
123000190,57,122,-65
123000192,29,575,-546
123000193,47,925,-878
123000194,784,453,331
123000195,222,29,193
123000196,300,20,280
123000197,76,126,-50
123000198,32,310,-278
123000199,11,814,-803
123000200,435,9,426
123000201,815,22,793
123000202,28,1963,-1935
123000203,948,91,857
123000204,82,1736,-1654
123000205,714,3377,-2663
123000206,1900,265,1635
123000207,193,1683,-1490
123000208,454,153,301
123000209,1775,498,1277
123000210,522,2732,-2210
123000211,833,5032,-4199
123000212,2462,534,1928
123000213,523,52,471
123000215,245,190,55
123000216,383,1058,-675
123000217,259,53,206
123000218,109,584,-475
123000219,1739,81,1658
123000220,527,104,423
123000221,164,358,-194
123000222,413,1278,-865
123000223,247,1129,-882
123000224,426,1069,-643
123000225,225,171,54
123000226,64,728,-664
123000227,122,589,-467
123000228,217,76,141
123000229,1568,3408,-1840
123000232,131,877,-746
123000233,688,229,459
123000234,206,994,-788
123000235,591,491,100
123000236,281,1386,-1105
123000237,324,89,235
123000238,117,1251,-1134
123000239,526,3518,-2992
123000240,47,465,-418
123000241,1505,202,1303
123000242,131,325,-194
123000243,672,1414,-742
123000244,1139,835,304
123000245,125,228,-103
123000249,774,1254,-480
123000252,867,242,625
123000253,842,546,296
123000254,647,1849,-1202
123000255,1125,1134,-9
123000256,54,407,-353
123000257,5834,3805,2029
123000258,1116,1990,-874
123000259,282,692,-410
123000260,480,1230,-750
123000261,182,527,-345
123000262,109,412,-303
123000263,395,179,216
123000264,191,94,97
123000265,89,239,-150
123000266,528,1173,-645
123000267,475,591,-116
123000268,39,135,-96
123000269,73,54,19
123000270,41,54,-13
123000271,92,136,-44
123000272,1099,267,832
123000273,279,669,-390
123000274,1196,653,543
123000275,325,1625,-1300
123000278,5438,3535,1903
123000279,116,177,-61
123000280,413,551,-138
123000281,265,141,124
123000282,159,345,-186
123000283,105,74,31
123000284,80,188,-108
123000286,323,344,-21
123000287,675,403,272
123000288,1122,698,424
123000289,654,945,-291
123000291,444,1251,-807
123000294,280,298,-18
123000295,1023,1042,-19
123000296,334,530,-196
123000297,373,1651,-1278
123000298,410,1300,-890
123000299,62,451,-389
123000300,855,1150,-295
123000301,90,296,-206
123000302,91,454,-363
123000303,163,145,18
123000305,1398,1355,43
123000306,110,443,-333
123000309,44,79,-35
123000310,95,46,49
123000311,0,213,-213
123000312,1630,1664,-34
123000313,339,532,-193
123000315,58,627,-569
123000316,3722,72,3650
123000317,320,87,233
123000318,65,546,-481
123000329,17,28,-11
123000337,362,402,-40
123000338,765,71,694
123000339,133,477,-344
123000340,146,685,-539
123000342,10,9,1
123000343,106,2,104
123000344,1708,780,928
123000345,409,1102,-693
123000346,345,170,175
123000352,3937,1149,2788
123000353,30,151,-121
123000354,304,13,291
123000355,1,907,-906
123000356,216,7,209
123000357,3,536,-533
123000359,5,378,-373
123000360,387,54,333
123000361,1168,461,707
123000362,364,282,82
123000363,109,396,-287
123000364,804,405,399
123000365,35,424,-389
123000366,403,1947,-1544
123000367,366,1975,-1609
123000370,45,652,-607
123000371,387,54,333
123000372,270,26,244
123000373,28,711,-683
123000374,15,375,-360
123000375,300,47,253
123000376,754,768,-14
123000377,290,42,248
123000378,18,865,-847
123000379,5,357,-352
123000380,55,347,-292
123000381,191,56,135
123000382,1965,109,1856
123000383,512,1004,-492
123000384,536,131,405
123000385,318,1014,-696
123000436,171,1339,-1168
123000507,207,756,-549
123000508,302,847,-545
123000517,339,44,295
123000518,32,508,-476
123000519,174,117,57
123000520,83,419,-336
123000521,321,119,202
123000522,201,1085,-884
123000541,3,2,1
123000542,1,49,-48
123000565,445,41,404
123000566,160,1373,-1213
123000567,148,471,-323
123000573,51,1465,-1414
123000574,522,117,405
123000575,1237,2018,-781
123000576,767,5015,-4248
123000577,133,1059,-926
123000578,1028,91,937
123000579,7361,5066,2295
123000580,82,30,52
123000582,309,50,259
123000583,21,1041,-1020
123000584,147,353,-206
123000585,0,241,-241
123000586,154,2,152
123000596,91,231,-140
123000597,61,135,-74
123000602,21,5,16
123000603,398,1338,-940
123000604,558,2085,-1527
123000605,1340,273,1067
123000606,0,289,-289
123000609,28,460,-432
123000610,234,128,106
123000613,30,229,-199
123000614,117,120,-3
123000615,40,252,-212
123000616,377,96,281
123000617,114,1051,-937
123000618,120,1325,-1205
123000619,772,54,718
123000620,24,1139,-1115
123000622,299,22,277
123000624,66,120,-54
123000630,573,578,-5
123000631,374,4029,-3655
123000632,1500,2297,-797
123000633,3,417,-414
123000634,173,81,92
123000635,444,95,349
123000636,15,1462,-1447
123000637,134,407,-273
123000638,486,235,251
123000639,1658,3309,-1651
123000640,25,1842,-1817
123000648,15,26,-11
123000649,4,123,-119
123900001,2148,96,2052
123900002,33,1300,-1267
123900003,539,1283,-744
123900005,304,131,173
123900006,229,44,185
124000001,1907,139,1768
124000002,185,3889,-3704
124000003,674,231,443
124000004,105,1448,-1343
124000005,986,356,630
124000006,411,2277,-1866
124000007,1191,207,984
124000008,41,779,-738
124000009,381,588,-207
124000010,164,773,-609
124000011,1117,625,492
124000012,386,1367,-981
124000017,138,155,-17
124000018,124,152,-28
124000019,151,132,19
124000020,75,323,-248
124000021,106,111,-5
124000022,100,350,-250
124000023,1596,1689,-93
124000024,1391,1021,370
124000025,1449,1952,-503
124000026,1956,1638,318
124000027,6417,5405,1012
124000028,4334,6352,-2018
124000030,4647,1561,3086
124000031,1001,1793,-792
124000032,9405,1376,8029
124000033,282,266,16
124000034,7134,967,6167
124000035,106,141,-35
124000036,107,446,-339
124000037,513,846,-333
124000038,71,128,-57
124000039,1237,399,838
124000040,896,1052,-156
124000041,402,89,313
124000042,79,615,-536
124000043,112,132,-20
124000044,50,502,-452
124000045,676,959,-283
124000046,305,1316,-1011
124000047,1232,1446,-214
124000048,1055,3627,-2572
124000049,1258,1019,239
124000050,835,4293,-3458
124000051,562,1016,-454
124000052,958,2282,-1324
124000053,688,1260,-572
124000054,1039,1275,-236
124000055,1338,1916,-578
124000056,6794,2354,4440
124000057,867,663,204
124000058,564,2256,-1692
124000059,697,933,-236
124000060,1691,1473,218
124000061,1682,4454,-2772
124000062,8301,2505,5796
124000063,1661,2222,-561
124000064,3597,2509,1088
124000065,368,265,103
124000066,631,135,496
124000067,100,492,-392
124000068,41,94,-53
124000069,401,404,-3
124000070,150,577,-427
124000071,175,100,75
124000072,252,881,-629
124000073,1063,132,931
124000074,271,1535,-1264
124000075,230,57,173
124000076,5,388,-383
124000077,2880,1085,1795
124000078,2654,925,1729
124000079,619,1719,-1100
124000080,529,158,371
124000081,246,1339,-1093
124000082,23,133,-110
124000083,48,284,-236
124000084,58,397,-339
124000085,78,116,-38
124000086,49,172,-123
124000087,135,103,32
124000088,210,853,-643
124000089,758,729,29
124000090,118,590,-472
124000091,850,232,618
124000092,243,1127,-884
124000093,82,130,-48
124000094,173,780,-607
124000095,95,113,-18
124000096,155,633,-478
124000097,55,138,-83
124000098,62,219,-157
124000099,205,239,-34
124000100,52,233,-181
124000101,55,166,-111
124000102,148,135,13
124000103,63,101,-38
124000104,138,144,-6
124000105,48,88,-40
124000106,179,211,-32
124000107,21,152,-131
124000108,86,95,-9
124000109,126,134,-8
124000110,297,245,52
124000111,251,203,48
124000112,709,1313,-604
124000113,61,89,-28
124000114,290,1065,-775
124000115,422,1409,-987
124000116,90,96,-6
124000117,125,179,-54
124000118,45,79,-34
124000119,1328,1145,183
124000120,706,958,-252
124000121,2786,869,1917
124000122,869,1796,-927
124000123,1199,500,699
124000124,600,1450,-850
124000125,402,525,-123
124000126,426,863,-437
124000127,954,587,367
124000128,876,1510,-634
124000129,2347,1942,405
124000130,973,878,95
124000131,1027,670,357
124000132,1058,1105,-47
124000133,1065,1090,-25
124000134,976,1160,-184
124000135,2165,2549,-384
124000136,1354,1630,-276
124000137,1387,1097,290
124000138,1954,1825,129
124000139,629,33,596
124000140,28,706,-678
124000141,98,5,93
124000142,3,212,-209
124000143,58,20,38
124000144,8,85,-77
124000145,93,48,45
124000146,41,163,-122
124000148,22,90,-68
124000149,1135,396,739
124000150,432,892,-460
124000151,740,540,200
124000152,991,1896,-905
124000153,598,945,-347
124000154,425,1373,-948
124000155,1422,919,503
124000156,2264,1552,712
124000169,258,484,-226
124000170,1044,677,367
124000171,262,356,-94
124000172,407,998,-591
124000173,350,538,-188
124000174,304,1213,-909
124000175,10,166,-156
124000176,40,11,29
124000177,10,43,-33
124000178,22,35,-13
124000190,282,81,201
124000191,1282,132,1150
124000192,2613,460,2153
124000193,725,1907,-1182
124000194,494,722,-228
124000195,382,717,-335
124000196,1055,1666,-611
124000197,75,110,-35
124000198,24,62,-38
124000201,417,2051,-1634
124000202,655,320,335
124000203,205,2026,-1821
124000204,442,1433,-991
124000205,39,1279,-1240
124000206,390,973,-583
124000207,1,85,-84
124000209,495,1430,-935
124000210,254,378,-124
124000211,276,0,276
124000212,6,1127,-1121
124000213,250,748,-498
124000214,223,1752,-1529
124000215,190,17,173
124000216,6,984,-978
124000329,161,5093,-4932
124000338,92,3086,-2994
124000339,556,150,406
124000341,777,158,619
124000344,26,4,22
124000357,1154,2299,-1145
124000358,802,1521,-719
124000359,898,796,102
124000360,535,544,-9
124000361,1998,818,1180
124000362,2617,3801,-1184
124000363,378,689,-311
124000364,656,1472,-816
124000365,651,1657,-1006
124000366,2878,1160,1718
124000367,170,1381,-1211
124000368,387,317,70
124000369,186,132,54
124000370,150,1505,-1355
124000402,22,13,9
124000403,140,16,124
124000404,10,151,-141
124000405,1198,1086,112
124000406,1314,1187,127
124000407,11,55,-44
124000411,4,727,-723
124000412,227,16,211
124000413,450,83,367
124000414,68,112,-44
124000415,40,367,-327
124000416,184,552,-368
124000417,107,143,-36
124000418,129,158,-29
124000419,102,315,-213
124000420,36,76,-40
124000421,51,456,-405
124000422,37,16,21
124000423,152,55,97
124000424,3,162,-159
124000425,48,24,24
124000426,7,86,-79
124000427,17,16,1
124000428,28,46,-18
124000429,41,78,-37
124000430,847,1365,-518
124000431,320,1241,-921
124000432,185,1414,-1229
124000439,3,35,-32
124000443,0,8,-8
124000445,356,822,-466
124000446,3741,181,3560
124900001,458,411,47
124900002,189,830,-641
124900003,839,898,-59
124900004,553,526,27
124900005,283,457,-174
124900006,572,579,-7
124900008,1774,767,1007
124900009,128,276,-148
124900010,116,71,45
124900011,480,259,221
124900012,423,143,280
124900013,464,156,308
124900014,265,184,81
124900015,168,326,-158
124900016,103,158,-55
124900017,956,646,310
124900018,25,12,13
124900020,103,74,29
124900021,158,49,109
124900022,33,4,29
124900024,211,54,157
124900026,143,78,65
124900027,94,375,-281
124900028,1284,232,1052
124900029,29,460,-431
124900030,4,301,-297
124900031,74,750,-676
124900032,402,243,159
124900033,141,681,-540
124900034,206,539,-333
124900035,288,892,-604
124900036,0,44,-44
124900037,270,816,-546
124900038,456,787,-331
124900039,0,38,-38
124900040,110,138,-28
124900041,346,2180,-1834
124900042,63,0,63
124900043,499,2137,-1638
124900044,52,2,50
124900045,998,1330,-332
124900046,2988,361,2627
124900047,162,423,-261
124900048,228,277,-49
124900050,185,602,-417
124900052,139,594,-455
124900053,70,655,-585
124900054,7329,476,6853
124900055,5,215,-210
124900057,6,159,-153
124900060,124,542,-418
124900061,44,15,29
124900062,112,22,90
124900066,0,17,-17
124900067,16,459,-443
124900068,233,457,-224
124900070,54,19,35
124900072,90,28,62
124900074,142,166,-24
124900075,184,300,-116
124900076,36,670,-634
124900077,32,229,-197
124900078,59,20,39
124900079,1440,130,1310
124900080,375,1412,-1037
124900081,816,363,453
124900082,509,1842,-1333
124900083,264,1089,-825
124900084,4859,200,4659
124900085,1749,412,1337
124900086,146,1138,-992
124900087,770,159,611
124900088,786,177,609
124900089,2282,54,2228
124900090,303,337,-34
124900091,329,1076,-747
124900092,314,728,-414
124900093,245,308,-63
124900094,319,346,-27
124900095,104,497,-393
124900096,684,294,390
124900097,301,98,203
124900098,140,737,-597
124900099,998,710,288
124900100,217,106,111
124900101,26,317,-291
124900102,172,64,108
124900103,153,496,-343
124900104,71,306,-235
124900105,111,269,-158
124900106,487,79,408
124900107,115,25,90
124900108,369,75,294
124900109,14,35,-21
124900110,62,184,-122
124900111,0,59,-59
124900112,86,1632,-1546
124900113,153,313,-160
124900114,235,143,92
124900115,49,33,16
124900116,193,150,43
124900117,1175,184,991
124900118,218,142,76
124900119,433,160,273
124900120,79,728,-649
124900121,134,274,-140
124900122,1014,416,598
124900123,410,108,302
124900124,167,311,-144
129000186,242,41,201
204000001,84,35,49
204000002,31,9,22
204000003,22,2,20
204000004,2,2,0
204000005,577,594,-17
204000006,1175,2125,-950
204000011,14,125,-111
204000012,36,141,-105
204000019,623,711,-88
204000020,721,1322,-601
204000021,3552,1268,2284
204000022,644,594,50
204000023,545,1458,-913
204000031,107,20,87
204000032,649,55,594
204000034,15,381,-366
204000035,2,4,-2
204000036,10,37,-27
204000037,1,24,-23
204000038,1,31,-30
204000039,3,89,-86
204000040,9,41,-32
204000041,26,94,-68
204000042,72,29,43
204000043,27,2,25
204000044,24,4,20
204000045,68,8,60
204000046,18,2,16
204000057,8,63,-55
204000062,25,210,-185
204000068,21,269,-248
204000069,19,303,-284
204000070,98,108,-10
204000080,58,68,-10
204000085,1772,2447,-675
204000086,3761,3026,735
204000087,46,14,32
204000088,11,140,-129
204000090,18,556,-538
204000093,175,106,69
204000096,709,1136,-427
204000097,338,66,272
204000099,1133,1679,-546
204000100,1130,1721,-591
204000105,2193,2780,-587
204000110,1239,1766,-527
204000111,450,1100,-650
204000112,890,1482,-592
204000113,451,1521,-1070
204000114,781,873,-92
204000115,516,544,-28
204000116,1662,1184,478
204000119,1951,2935,-984
204000132,475,291,184
204000133,524,358,166
204000134,347,204,143
204000135,355,209,146
204000136,218,363,-145
204000138,267,375,-108
204000140,168,122,46
204000141,101,73,28
204000144,1,45,-44
204000145,708,71,637
204000146,18,649,-631
204000147,21,176,-155
204000148,395,72,323
204000154,6,1,5
204000155,3,11,-8
204000177,66,116,-50
204000179,14,10,4
204000180,1,29,-28
204000222,7,28,-21
204000235,7,28,-21
204000236,106,596,-490
204000238,19,88,-69
204000240,315,161,154
204000263,681,1966,-1285
204000268,1303,875,428
204000308,357,56,301
204000317,23,103,-80
204000322,13,70,-57
204000323,45,26,19
204000328,262,172,90
204000329,79,284,-205
204000330,243,98,145
204000331,19,227,-208
204010341,30,673,-643
205000001,1310,2142,-832
205000013,18,100,-82
205000014,18,143,-125
205000015,26,256,-230
205000016,38,228,-190
205000017,32,112,-80
205000022,315,1013,-698
205000025,2054,1508,546
205000029,260,5,255
205000045,113,339,-226
205000046,117,809,-692
205000047,111,754,-643
205000048,261,1398,-1137
205000049,218,932,-714
205000050,1617,382,1235
205000059,0,494,-494
205000060,0,130,-130
205000061,7,67,-60
205000062,15,67,-52
205000063,31,85,-54
205000064,42,174,-132
205000065,130,923,-793
205000066,132,1262,-1130
205000067,48,1635,-1587
205000069,140,24,116
205000082,147,499,-352
205000110,75,246,-171
205000111,203,315,-112
205000112,189,290,-101
205000113,184,364,-180
205000121,204,142,62
205000123,75,240,-165
205000126,515,263,252
205000127,698,360,338
205000128,681,212,469
205000129,952,195,757
205000130,1037,71,966
205000131,723,7,716
205000132,817,3,814
205000133,371,0,371
205000134,247,1,246
205000137,122,193,-71
205000138,260,470,-210
205000139,23,151,-128
205000144,89,78,11
205000145,368,300,68
205000151,224,65,159
205000152,259,72,187
205000153,162,151,11
205000154,75,103,-28
205000155,106,33,73
205000207,8,260,-252
205000233,28,0,28
205000234,0,1,-1
205000243,0,1,-1
205000244,0,6,-6
205000245,18,581,-563
205000249,2,41,-39
205000250,2,2,0
205000264,8,101,-93
206000027,7,2,5
206000028,3,0,3
206000043,13,165,-152
206000053,3,26,-23
206000054,3,29,-26
206000055,2,73,-71
206000075,15,8,7
206000076,18,11,7
206000077,18,2,16
206000078,4,6,-2
206000079,16,2,14
206000082,608,30,578
206000100,127,1369,-1242
206000103,0,39,-39
206000104,10,44,-34
206000105,11,35,-24
206000106,11,59,-48
206000108,759,36,723
206000125,60,0,60
206000157,89,1311,-1222
206000170,0,324,-324
206000171,4,377,-373
206000172,11,1422,-1411
206000173,3,450,-447
206000174,8,172,-164
206000175,5,272,-267
206000176,11,502,-491
206000177,3,348,-345
206000178,4,245,-241
206000179,16,177,-161
206000180,21,415,-394
206000181,8,619,-611
206000182,19,590,-571
206000183,20,1809,-1789
206000184,4,681,-677
206000185,24,558,-534
206000186,101,2809,-2708
206000223,4,370,-366
206000226,3,3,0
206000227,21,5,16
206000237,25,702,-677
206000238,51,1072,-1021
206000239,955,4263,-3308
206000240,1,99,-98
206000241,0,217,-217
206000242,10,660,-650
206000243,10,558,-548
206000244,67,1598,-1531
206000245,390,51,339
206000246,66,5,61
206000247,80,8,72
206000248,195,20,175
206000252,72,31,41
206000258,19,76,-57
206000315,24,3,21
206000317,291,92,199
206000318,231,65,166
206000319,538,100,438
206000320,61,37,24
206000321,48,24,24
206000322,217,10,207
206000323,65,5,60
206000324,74,11,63
206000325,163,14,149
206000326,129,7,122
206000327,290,10,280
206000328,69,0,69
206000329,105,4,101
206000330,32,10,22
206000331,63,3,60
206000332,14,20,-6
206000333,279,2,277
206000334,162,1,161
206000335,0,22,-22
206000361,3,365,-362
206000392,7,79,-72
206000405,116,0,116
206000441,16,24,-8
206000498,25,2,23
206000515,104,22,82
206000530,93,44,49
206000531,169,75,94
206000532,3763,148,3615
206000535,512,4259,-3747
206000536,27,475,-448
206000537,13,373,-360
206000613,1465,181,1284
207000001,161,786,-625
207000002,112,515,-403
207000003,158,332,-174
207000007,649,286,363
207000008,64,11,53
207000009,35,32,3
207000010,434,967,-533
207000012,233,354,-121
207000015,486,2947,-2461
207000019,238,121,117
207000021,549,194,355
207000022,200,105,95
207000023,173,30,143
207000024,3,28,-25
207000025,19,88,-69
207000026,94,39,55
207000027,25,133,-108
207000028,110,286,-176
207000029,421,572,-151
207000033,295,419,-124
207000034,307,78,229
207000039,430,165,265
207000040,176,161,15
207000041,105,78,27
207000042,251,80,171
207000043,280,215,65
207000051,127,556,-429
207000052,34,311,-277
207000053,529,1137,-608
207000054,33,196,-163
207000055,204,274,-70
207000056,353,664,-311
207000057,134,392,-258
207000058,109,714,-605
207000059,67,1430,-1363
207000060,73,499,-426
207000061,191,329,-138
207000062,222,59,163
207000063,166,131,35
207000064,442,187,255
207000065,311,294,17
207000066,142,187,-45
207000067,50,158,-108
207000068,153,102,51
207000069,798,404,394
207000082,46,642,-596
207000083,104,705,-601
207000084,165,302,-137
207000085,127,16,111
207000086,104,4,100
207000106,18,34,-16
207000107,87,24,63
207000108,28,17,11
207000109,50,10,40
207000110,50,68,-18
207000111,62,65,-3
207000112,222,461,-239
207000114,10,61,-51
207000115,34,123,-89
207000116,22,483,-461
207000117,14,150,-136
207000118,4,164,-160
207000119,25,145,-120
207000123,210,30,180
207000124,92,30,62
207000125,64,52,12
207000126,83,66,17
207000134,27,369,-342
207000135,19,499,-480
207000148,47,307,-260
207000149,54,66,-12
207000152,206,482,-276
207000153,1392,1559,-167
207000154,508,223,285
207000159,130,430,-300
207000160,122,1100,-978
207000238,1,135,-134
207000242,5,367,-362
207000248,34,50,-16
207000249,215,92,123
207000250,1330,102,1228
207000251,115,93,22
207000252,65,121,-56
207000278,69,130,-61
207000279,21,398,-377
207000280,239,93,146
207000281,103,2244,-2141
207000282,174,52,122
207000283,160,511,-351
207000284,70,120,-50
207000285,277,46,231
207000291,12,195,-183
207000304,133,86,47
207000306,116,610,-494
207000310,56,72,-16
207000353,403,3,400
207000356,7,33,-26
207000357,25,11,14
207000358,33,18,15
207000415,9,346,-337
207000417,37,7,30
207000418,120,163,-43
207000438,0,4,-4
207000439,1218,560,658
207000446,119,1,118
207000460,14,3,11
207000466,258,304,-46
207000467,156,97,59
207000468,53,881,-828
207000476,3,147,-144
207000477,544,177,367
207000478,3,34,-31
207000523,0,15,-15
207000524,18,2,16
207000527,88,183,-95
207000530,263,8,255
207000531,324,22,302
207000532,139,36,103
207000534,609,58,551
207000535,67,377,-310
207000537,29,169,-140
207000540,8,275,-267
207000541,3,515,-512
207000548,13,485,-472
207000549,288,20,268
207000561,112,224,-112
207000562,34,328,-294
207000567,228,498,-270
207000568,82,175,-93
207000569,378,2051,-1673
207000584,476,302,174
207000585,84,351,-267
207000616,1,372,-371
207000617,95,0,95
207900008,122,419,-297
208000001,594,1037,-443
208000002,471,782,-311
208000003,1065,860,205
208000004,1476,991,485
208000005,20,30,-10
208000019,525,1269,-744
208000020,182,548,-366
208000021,150,1067,-917
208000022,833,1193,-360
208000028,2109,1315,794
208000033,433,1222,-789
208000034,1649,3241,-1592
208000037,729,82,647
208000040,96,217,-121
208000041,897,644,253
208000042,1014,635,379
208000047,146,774,-628
208000064,3125,2101,1024
208000066,1962,1936,26
208000070,293,587,-294
208000071,400,1249,-849
208000072,369,1832,-1463
208000080,245,419,-174
208000081,257,276,-19
208000082,276,430,-154
208000083,163,608,-445
208000084,36,20,16
208000085,1090,759,331
208000086,483,1193,-710
208000087,327,1131,-804
208000089,852,1364,-512
208000090,809,1842,-1033
208000093,91,213,-122
208000094,501,1055,-554
208000095,822,705,117
208000104,882,1550,-668
208000105,795,1592,-797
208000114,83,257,-174
208000115,556,661,-105
208000116,393,1231,-838
208000117,103,179,-76
208000118,124,135,-11
208000155,695,1456,-761
208000158,2008,4628,-2620
208000186,3862,3935,-73
208000204,612,1797,-1185
208000205,1249,2400,-1151
208000282,5255,2901,2354
209000004,218,298,-80
209000005,31,40,-9
209000006,691,137,554
209000007,508,270,238
209000010,603,157,446
209000011,216,243,-27
209000012,174,302,-128
209000013,215,956,-741
209000014,736,2434,-1698
209000025,266,42,224
209000026,688,141,547
209000027,409,1767,-1358
209000028,333,1520,-1187
209000029,861,1649,-788
209000030,611,2839,-2228
209000031,6405,4148,2257
209000034,182,265,-83
209000035,134,226,-92
209000036,179,133,46
209000037,180,325,-145
209000038,90,252,-162
209000039,62,233,-171
209000040,443,756,-313
209000041,200,631,-431
209000042,287,527,-240
209000043,1103,908,195
209000044,276,867,-591
209000045,1271,612,659
209000046,506,643,-137
209000047,349,347,2
209000048,487,353,134
209000049,125,243,-118
209000050,246,334,-88
209000051,313,632,-319
209000052,154,626,-472
209000062,39,304,-265
209000063,30,280,-250
209000064,43,254,-211
209000065,65,48,17
209000066,43,69,-26
209000067,48,131,-83
209000080,50,291,-241
209000082,64,67,-3
209000091,35,211,-176
209000093,109,69,40
209000094,253,309,-56
209000110,61,100,-39
209000111,381,1518,-1137
209000112,694,708,-14
209000113,1716,593,1123
209000114,343,624,-281
209000115,85,309,-224
209000116,1197,1097,100
209000118,44,55,-11
209000119,68,14,54
209000121,161,993,-832
209000135,106,119,-13
209000142,829,1496,-667
209000143,114,133,-19
209000144,99,103,-4
209000229,181,320,-139
209000240,54,803,-749
209000259,103,197,-94
209000260,79,1561,-1482
209000261,12,1039,-1027
209000262,0,945,-945
209000263,0,239,-239
209000264,1,96,-95
209000265,319,3,316
209000266,78,1,77
209000267,791,21,770
209000268,976,56,920
210000037,52,32,20
210000047,65,59,6
210000048,89,68,21
210000049,62,57,5
210000052,45,181,-136
210000053,21,130,-109
210000054,43,160,-117
210000070,151,2,149
210000071,58,0,58
210000072,22,1,21
210000073,3,73,-70
210000074,0,163,-163
210000075,0,71,-71
210000076,22,171,-149
210000077,39,35,4
210000078,37,33,4
210000079,87,21,66
210000080,227,67,160
210000081,205,16,189
210000082,45,3,42
210000083,54,0,54
210000084,30,0,30
210000085,0,114,-114
210000086,4,186,-182
210000099,47,272,-225
210000100,52,354,-302
210000101,91,396,-305
210000105,62,309,-247
210000159,3,190,-187
210000163,206,389,-183
210000164,364,159,205
210000168,209,31,178
210000187,0,48,-48
210000188,0,43,-43
210000214,33,0,33
210000219,29,80,-51
210000220,56,185,-129
210000232,5,19,-14
210000233,47,70,-23
210000234,37,212,-175
210000235,44,231,-187
210000245,4,282,-278
210000246,72,36,36
210000258,31,119,-88
210000259,331,44,287
210000282,84,236,-152
210000285,0,141,-141
210000286,19,185,-166
210000290,1,10,-9
210000295,42,273,-231
210000296,48,113,-65
210000320,186,230,-44
210000321,130,175,-45
210000338,65,139,-74
210000339,621,1334,-713
210000340,114,429,-315
210000341,176,331,-155
210000342,161,267,-106
210000343,153,263,-110
210000344,310,187,123
210000345,280,242,38
210000346,98,126,-28
210000347,196,54,142
210000348,193,17,176
210000349,111,14,97
210000350,76,65,11
210000351,79,113,-34
210000352,56,164,-108
210000353,48,176,-128
210000354,101,159,-58
210000355,100,186,-86
210000356,126,113,13
210000357,86,75,11
210000358,738,172,566
210000359,232,86,146
210000360,175,169,6
210000361,160,189,-29
210000362,241,238,3
210000363,1238,229,1009
210000364,149,178,-29
210000365,126,72,54
210000366,146,66,80
210000367,85,57,28
210000368,226,58,168
210000369,36,34,2
210000370,78,88,-10
210000372,103,41,62
210000373,140,29,111
210000374,72,18,54
210000375,31,159,-128
210000376,81,257,-176
210000404,120,280,-160
210000439,35,115,-80
210000472,127,6,121
210000482,78,103,-25
210000564,804,345,459
210000567,1,29,-28
210000568,835,3,832
211000092,43,136,-93
211000094,38,12,26
211000169,255,20,235
211000172,8,406,-398
211000209,0,33,-33
211000226,19,32,-13
211000270,13,16,-3
211000275,37,49,-12
211000276,100,48,52
211000279,7,100,-93
211000281,40,133,-93
211507980,3,43,-40
211977296,32,12,20
212000003,154,84,70
212000004,72,48,24
212000005,25,55,-30
212000006,37,152,-115
212000008,135,401,-266
212000009,26,293,-267
212000012,43,107,-64
212000013,12,69,-57
212000014,217,221,-4
212000015,216,394,-178
212000016,440,947,-507
212000027,551,879,-328
212000028,337,710,-373
212000029,202,470,-268
212000030,29,44,-15
212000031,36,131,-95
212000048,31,139,-108
212000049,8,100,-92
212000050,3,10,-7
212000051,213,357,-144
212000052,148,609,-461
212000053,316,1006,-690
212000054,160,248,-88
212000055,262,430,-168
212000056,20,80,-60
212000057,6,57,-51
212000058,526,35,491
212000070,98,566,-468
212000077,119,1242,-1123
212000099,306,445,-139
212000108,372,338,34
212000111,167,216,-49
212000120,302,204,98
212000138,102,20,82
212000156,7,247,-240
212000158,9,33,-24
212000159,308,78,230
212000160,518,374,144
212000161,47,14,33
212000310,42,37,5
212000311,8,135,-127
212000374,23,14,9
213000001,26,1309,-1283
213000005,368,160,208
213000006,1293,241,1052
213000007,122,21,101
213000009,779,427,352
213000010,238,279,-41
213000011,246,203,43
213000012,225,540,-315
213000014,76,4,72
213000015,238,4,234
213000016,395,1,394
213000017,55,1,54
213000018,3,332,-329
213000019,2,268,-266
213000020,156,620,-464
213000021,6,188,-182
213000023,301,290,11
213000033,266,1555,-1289
213000034,721,501,220
213000035,130,343,-213
213000045,186,367,-181
213000046,237,304,-67
213000047,790,1223,-433
213000056,69,39,30
213000069,116,3,113
213000073,4,31,-27
213000074,224,954,-730
213000075,493,11,482
213000076,21,0,21
213000085,4,39,-35
213000086,8,358,-350
213000091,113,11,102
213000092,54,22,32
213000099,194,1301,-1107
213000100,1666,347,1319
213000101,172,221,-49
213000102,311,611,-300
213000103,959,1516,-557
213000104,50,942,-892
213000105,5,104,-99
213000106,23,261,-238
213000107,148,1272,-1124
213000108,21,918,-897
213000109,7,451,-444
213000110,12,112,-100
213000111,15,125,-110
213000112,213,174,39
213000115,56,9,47
213000116,116,1562,-1446
213000117,19,2225,-2206
213000118,338,556,-218
213000119,104,1506,-1402
213000120,161,1684,-1523
213000122,495,1379,-884
213000123,1218,2396,-1178
213000124,93,2132,-2039
213000125,122,13,109
213000126,136,155,-19
213000127,238,226,12
213000128,1315,1165,150
213000129,642,573,69
213000130,314,259,55
213000132,250,116,134
213000133,339,162,177
213000134,775,9,766
213000136,347,31,316
213000137,533,93,440
213000139,428,26,402
213000147,80,0,80
213000148,18,16,2
213000149,59,11,48
213000150,0,135,-135
213000151,2,133,-131
213000152,2,114,-112
213000153,2,56,-54
213000154,39,379,-340
213000155,56,701,-645
213000156,111,1296,-1185
213000157,1447,802,645
213000158,329,1173,-844
213000159,545,1118,-573
213000163,426,138,288
213000165,784,297,487
213000171,3,224,-221
213000172,1,535,-534
213000173,2,426,-424
213000174,3,359,-356
213000175,10,242,-232
213000176,16,35,-19
213000177,71,5,66
213000178,91,5,86
213000179,176,1,175
213000180,80,0,80
213000184,97,961,-864
213000188,304,121,183
213000189,271,44,227
213000190,879,1577,-698
213000191,259,951,-692
213000192,194,1002,-808
213000193,3391,333,3058
213000194,2,59,-57
213000195,17,744,-727
213000196,327,1514,-1187
213000197,372,743,-371
213000198,46,0,46
213000200,140,1680,-1540
213000201,77,73,4
213000202,17,1480,-1463
213000203,5230,745,4485
213000204,515,73,442
213000205,313,97,216
213000206,1088,56,1032
213000207,194,5,189
213000208,93,4,89
213000209,110,3,107
213000210,351,1,350
213000211,12,7,5
213000212,3,29,-26
213000213,5,57,-52
213000218,251,1492,-1241
213000219,478,17,461
213000220,414,13,401
213000223,210,214,-4
213000224,51,51,0
213000225,77,12,65
213000226,76,26,50
213000227,711,251,460
213000228,239,118,121
213000229,562,49,513
213000230,295,27,268
213000232,86,576,-490
213000233,19,44,-25
213000234,7,55,-48
213000293,22,76,-54
213000294,173,5,168
213000295,8,90,-82
213000296,80,48,32
213000297,10,181,-171
213000298,22,170,-148
213000299,92,83,9
213000300,5,11,-6
213000303,2,48,-46
213000304,1,12,-11
213000305,0,11,-11
213000306,112,76,36
213000307,514,118,396
213000308,153,540,-387
213000309,246,78,168
213000310,281,178,103
213000311,374,1337,-963
213000315,89,347,-258
213000316,79,104,-25
213000322,125,310,-185
213000323,51,195,-144
213000324,56,94,-38
213000325,28,232,-204
213000326,24,53,-29
213000327,25,136,-111
213000328,21,158,-137
213000329,53,94,-41
213000340,183,1671,-1488
213000341,328,115,213
213000346,221,215,6
213000347,1121,318,803
213000348,9,209,-200
213000349,36,4,32
213000350,261,2567,-2306
213000366,65,694,-629
213000367,170,39,131
213000379,59,216,-157
213000386,57,316,-259
213000406,122,544,-422
213000417,1350,541,809
213000425,136,75,61
213000426,79,150,-71
213000427,59,712,-653
213000428,39,415,-376
213000429,9,8,1
213000430,96,2126,-2030
213000431,38,2,36
213000432,1,33,-32
213000433,19,280,-261
213000434,112,195,-83
213000435,79,156,-77
213000436,20,203,-183
213000437,3,48,-45
213000438,157,165,-8
213000439,52,10,42
213000440,23,381,-358
213000441,0,2,-2
213000442,0,58,-58
213000443,480,808,-328
213000444,36,128,-92
213000445,2,227,-225
213000446,0,17,-17
213000447,12,31,-19
213000448,11,127,-116
213000449,233,3,230
213000450,43,72,-29
213000451,273,151,122
213000452,14,30,-16
213000453,79,602,-523
213000455,385,4,381
213000456,0,174,-174
213000481,14,5,9
213000482,60,8,52
213000489,911,103,808
213000491,4,142,-138
213000492,261,4,257
213000493,0,86,-86
213000494,183,225,-42
213000495,0,189,-189
213000496,329,356,-27
213000497,47,580,-533
213000498,121,378,-257
213000499,145,1168,-1023
213000500,306,149,157
213000501,119,56,63
213000502,260,120,140
213000503,1,117,-116
213000504,10,310,-300
213000505,9,4,5
213000506,0,10,-10
213000507,3,245,-242
213900016,0,13,-13
213900244,18,0,18
213900245,0,50,-50
218000003,41,28,13
218000004,28,38,-10
218000005,35,63,-28
218000006,61,37,24
218000007,6,17,-11
218000012,589,268,321
218000013,91,150,-59
218000014,453,543,-90
218000019,933,927,6
218000020,339,719,-380
218000021,58,142,-84
218000022,17,72,-55
218000023,0,68,-68
218000024,3,32,-29
218000025,21,53,-32
218000026,9,95,-86
218000027,3,30,-27
218000028,8,10,-2
218000029,4,3,1
218000030,24,53,-29
218000031,4,107,-103
218000032,9,81,-72
218000040,7,3,4
218000046,68,233,-165
218000047,14,337,-323
218000048,75,347,-272
218000049,175,375,-200
218000050,519,513,6
218000051,95,618,-523
218000052,6,252,-246
218000053,3,25,-22
218000054,27,62,-35
218000055,4,26,-22
218000056,12,51,-39
218000057,0,88,-88
218000064,1,17,-16
218000065,45,106,-61
218000066,8,67,-59
218000067,65,170,-105
218000068,95,176,-81
218000069,141,305,-164
218000070,157,449,-292
218000071,146,336,-190
218000072,365,471,-106
218000078,688,2022,-1334
218000079,49,106,-57
218000080,46,155,-109
218000081,286,466,-180
218000082,35,230,-195
218000083,39,71,-32
218000084,69,266,-197
218000085,92,667,-575
218000086,50,292,-242
218000087,169,338,-169
218000090,13,75,-62
218000091,931,610,321
218000092,53,198,-145
218000093,63,111,-48
218000094,524,1267,-743
218000099,361,700,-339
218000100,188,432,-244
218000101,212,218,-6
218000102,223,501,-278
218000103,92,312,-220
218000104,69,72,-3
218000105,28,21,7
218000106,18,7,11
218000107,50,108,-58
218000108,1,68,-67
218000112,88,26,62
218000117,61,68,-7
218000134,648,1553,-905
218000135,58,201,-143
218000136,278,106,172
218000137,160,164,-4
218000138,21,143,-122
218000139,112,512,-400
218000140,325,290,35
218000141,99,107,-8
218000142,119,235,-116
218000143,96,241,-145
218000144,66,92,-26
218000145,323,540,-217
218000146,69,217,-148
218000151,10,48,-38
218000152,114,117,-3
218000153,5,6,-1
218000154,11,2,9
218000155,9,8,1
218000156,54,33,21
218000157,17,26,-9
218000158,6,14,-8
218000159,2,2,0
218000160,3,8,-5
218000161,19,22,-3
218000162,18,21,-3
218000163,7,1,6
218000164,22,19,3
218000165,74,51,23
218000170,1,48,-47
218000171,61,11,50
218000172,9,20,-11
218000173,46,10,36
218000174,31,11,20
218000176,97,39,58
218000177,229,256,-27
218000178,83,251,-168
218000179,74,78,-4
218000180,55,21,34
218000181,150,88,62
218000187,6,40,-34
218000188,42,50,-8
218000189,14,116,-102
218000190,11,24,-13
218000191,87,98,-11
218000192,120,695,-575
218000193,376,963,-587
218000194,70,877,-807
218000195,153,140,13
218000196,257,439,-182
218000197,213,572,-359
218000198,8,197,-189
218000199,50,36,14
218000200,70,88,-18
218000201,34,5,29
218000202,364,278,86
218000207,19,170,-151
218000208,54,149,-95
218000211,73,18,55
218000212,3,14,-11
218000213,173,136,37
218000214,3,53,-50
218000215,72,183,-111
218000217,8,257,-249
218000218,398,189,209
218000219,134,31,103
218000220,233,537,-304
218000221,1484,224,1260
218000222,62,26,36
218000223,31,217,-186
218000224,11,184,-173
218000225,156,38,118
218000226,77,108,-31
218000230,0,14,-14
218000232,57,120,-63
218000239,87,12,75
218000240,30,5,25
218000241,15,0,15
218000242,76,0,76
218000243,32,1,31
218000244,16,0,16
218000245,22,6,16
218000246,0,0,0
218000247,1,1,0
218000248,0,39,-39
218000249,0,5,-5
218000250,10,60,-50
218000251,1,28,-27
218000252,6,23,-17
218000253,0,14,-14
218000254,0,21,-21
218000255,0,16,-16
218000256,9,69,-60
218000267,1503,1749,-246
218000268,21,90,-69
218000269,6,15,-9
218000270,58,101,-43
218000271,22,168,-146
218000273,16,38,-22
218000274,16,29,-13
218000275,6,53,-47
218000276,12,57,-45
218000278,30,52,-22
218000279,40,140,-100
218000280,5,33,-28
218000281,15,15,0
218000282,819,365,454
218000284,289,32,257
218000301,87,124,-37
218000302,106,36,70
218000303,30,129,-99
218000316,621,1678,-1057
218000317,686,1492,-806
218000318,358,1181,-823
218000319,921,2589,-1668
218000320,676,1233,-557
218000338,43,36,7
218000345,100,82,18
218000346,51,216,-165
218000459,88,587,-499
218000490,50,89,-39
218000501,49,63,-14
218000502,52,164,-112
218000503,81,24,57
218000504,158,32,126
218000505,60,266,-206
218000506,41,289,-248
218000508,4,6,-2
218000510,203,7,196
218000520,161,153,8
218000521,27,166,-139
218000522,2,206,-204
218000523,145,2,143
218000524,40,251,-211
218000525,85,27,58
218000526,21,130,-109
218000529,42,623,-581
218000530,4,9,-5
218000531,11,34,-23
218000532,13,48,-35
218000534,74,18,56
218000537,46,75,-29
218000538,207,195,12
218000540,520,83,437
218000543,106,59,47
218000544,40,208,-168
218000545,51,82,-31
218000546,34,240,-206
218000547,115,150,-35
218000548,112,341,-229
218000549,325,228,97
218000550,177,891,-714
218000551,262,831,-569
218000552,570,82,488
218000553,53,129,-76
218000554,16,46,-30
218000555,26,74,-48
218000556,107,742,-635
218000557,214,237,-23
218000558,56,0,56
218000559,1,38,-37
218000560,0,16,-16
218000561,28,0,28
218000562,44,313,-269
218000563,227,34,193
218000564,25,147,-122
218000565,204,40,164
218000566,384,44,340
218000567,7,73,-66
218000568,7,6,1
218000569,9,240,-231
218000570,198,8,190
218000571,4,166,-162
218000572,171,2,169
218000573,17,85,-68
218000574,115,73,42
218000575,71,2,69
218000576,2,73,-71
218000577,107,1,106
218000578,0,86,-86
218000579,126,9,117
218000581,11,130,-119
218000582,63,6,57
218000583,5,0,5
218000584,1,26,-25
218000585,28,6,22
218000586,4,69,-65
218000587,0,1,-1
218000588,0,1,-1
218000589,1,1,0
218000590,0,1,-1
218000591,1,6,-5
218000592,1,1,0
218000593,0,0,0
218000594,0,0,0
218000595,0,0,0
218000596,0,0,0
218000597,0,1,-1
218000598,0,2,-2
218000599,0,1,-1
218000600,1,1,0
218000601,0,1,-1
218000602,0,1,-1
218000603,0,3,-3
218000604,9,1,8
218000605,2,34,-32
218000606,64,0,64
218000607,15,78,-63
218000608,87,17,70
218000609,6,66,-60
218000610,95,5,90
218000611,30,15,15
218000612,3,51,-48
218000613,46,0,46
218000614,1,73,-72
218000615,106,2,104
218000616,21,243,-222
218000617,10,3,7
218000618,0,15,-15
218000619,47,71,-24
218000620,27,36,-9
218000621,0,3,-3
218000622,0,9,-9
218000623,29,2,27
218000624,4,19,-15
218000625,23,6,17
218000626,1,16,-15
218000628,99,64,35
218000631,22,20,2
218000632,0,177,-177
218000633,46,1,45
218000634,9,17,-8
218000635,4,21,-17
218000636,803,2624,-1821
218000637,883,837,46
218000638,128,197,-69
218000639,17,349,-332
218000640,183,61,122
218000641,43,647,-604
218000652,116,300,-184
218000653,155,109,46
218000663,6,241,-235
218000675,45,81,-36
218000676,2,60,-58
218000677,4,17,-13
218000680,228,1031,-803
218000681,327,186,141
218000691,131,814,-683
218000693,144,243,-99
218000703,15,115,-100
218000718,1232,1054,178
218000719,1536,269,1267
218000720,20,95,-75
218000721,46,16,30
218000725,12,21,-9
218001214,43,56,-13
218001258,40,5,35
218001329,166,168,-2
218001330,136,163,-27
218001351,23,40,-17
218001352,22,19,3
218001353,19,18,1
218001354,2,15,-13
218001356,214,4,210
218001358,130,7,123
218001361,110,199,-89
219000001,28,182,-154
219000002,27,136,-109
219000003,40,31,9
219000004,72,72,0
219000017,249,42,207
219000020,87,78,9
219000022,149,5,144
219000023,122,6,116
219000029,0,106,-106
219000034,18,20,-2
219000039,57,103,-46
219000040,81,26,55
219000041,129,23,106
219000051,0,77,-77
219000052,0,31,-31
219000053,1,276,-275
219000054,27,272,-245
219000055,79,4,75
219000056,31,0,31
219000057,60,0,60
219000062,21,448,-427
219000063,67,7,60
219000064,2,76,-74
219000110,249,42,207
219000111,57,28,29
219000112,106,49,57
219000113,114,75,39
219000114,219,77,142
219000116,89,60,29
219000117,191,153,38
219000118,151,126,25
219000123,513,113,400
219000124,81,77,4
219000125,13,23,-10
219000126,89,153,-64
219000127,0,5,-5
219000128,10,146,-136
219000129,29,227,-198
219000130,715,1007,-292
219000131,630,927,-297
219000133,69,39,30
219000134,9,22,-13
219000135,29,79,-50
219000136,169,157,12
219000138,41,32,9
219000139,18,80,-62
219000140,52,7,45
219000141,31,161,-130
219000142,38,131,-93
219000143,23,129,-106
219000145,15,65,-50
219000146,4,103,-99
219000147,2,95,-93
219000148,2,122,-120
219000149,22,278,-256
219000150,2,164,-162
219000151,6,140,-134
219000157,106,143,-37
219000158,169,394,-225
219000161,138,8,130
219000163,2081,548,1533
219000166,88,256,-168
219000167,86,332,-246
219000168,292,107,185
219000174,267,134,133
219000175,50,3,47
219000176,50,6,44
219000177,51,8,43
219000178,19,2,17
219000179,5,10,-5
219000180,29,39,-10
219000182,113,14,99
219000183,34,42,-8
219000184,71,15,56
219000185,0,130,-130
219000186,52,60,-8
219000187,10,187,-177
219000189,198,288,-90
219000190,224,401,-177
219000191,1489,1545,-56
219000192,167,124,43
219000193,781,254,527
219000195,1,115,-114
219000196,12,200,-188
219000198,46,214,-168
219000199,113,299,-186
219000200,63,258,-195
219000201,96,317,-221
219000203,43,198,-155
219000204,126,292,-166
219000205,63,278,-215
219000207,188,397,-209
219000209,17,136,-119
219000210,122,172,-50
219000213,8,619,-611
219000239,190,280,-90
219000240,248,544,-296
219000241,90,428,-338
219000242,49,344,-295
219000243,138,605,-467
219000244,47,198,-151
219000245,33,76,-43
219000246,59,25,34
219000247,81,26,55
219000248,492,340,152
219000249,93,101,-8
219000250,108,108,0
219000251,460,256,204
219000252,255,159,96
219000253,282,52,230
219000255,76,113,-37
219000256,133,129,4
219000257,73,64,9
219000262,108,340,-232
219000263,38,314,-276
219000267,3,220,-217
219000268,11,10,1
219000269,2,1,1
219000270,4,0,4
219000271,90,3,87
219000278,2,15,-13
219000279,1,6,-5
219000283,0,7,-7
219000295,13,149,-136
219000296,80,760,-680
219000297,14,199,-185
219000298,16,304,-288
219000299,386,89,297
219000300,24,373,-349
219000301,282,399,-117
219000302,18,237,-219
219000307,26,58,-32
219000308,40,33,7
219000311,142,61,81
219000312,488,44,444
219000313,243,37,206
219000314,113,816,-703
219000315,169,38,131
219000316,425,72,353
219000317,75,39,36
219000320,0,61,-61
219000321,0,37,-37
219000323,5,132,-127
219000325,1,39,-38
219000326,42,150,-108
219000327,59,47,12
219000328,28,75,-47
219000329,352,132,220
219000330,37,35,2
219000331,32,49,-17
219000332,73,91,-18
219000333,9,2,7
219000335,92,6,86
219000337,9,0,9
219000338,58,16,42
219000344,46,94,-48
219000345,64,205,-141
219000346,73,184,-111
219000348,115,270,-155
219000349,57,493,-436
219000350,50,144,-94
219000351,13,6,7
219000352,235,62,173
219000353,123,49,74
219000354,131,149,-18
219000355,131,32,99
219000356,1681,796,885
219000363,362,29,333
219000364,89,29,60
219000365,88,3,85
219000366,236,232,4
219000368,474,433,41
219000370,1226,262,964
219000371,12,31,-19
219000382,8,23,-15
219000383,866,1181,-315
219000385,711,649,62
219000386,1386,2111,-725
219000387,3,7,-4
219000390,18,4,14
219000391,1,0,1
219000397,83,107,-24
219000398,79,47,32
219000401,10,169,-159
219000402,18,98,-80
219000403,149,188,-39
219000404,28,89,-61
219000407,1,55,-54
219000409,44,46,-2
219000410,62,22,40
219000411,59,14,45
219000446,314,755,-441
219000447,1,20,-19
219000448,18,7,11
219000452,105,56,49
219000453,89,159,-70
219000454,318,232,86
219000556,175,79,96
219000558,111,555,-444
219000590,28,313,-285
219000591,49,164,-115
219000592,152,521,-369
219000595,1,56,-55
219000635,74,61,13
219000636,38,132,-94
219000657,23,7,16
219000658,35,98,-63
219000673,0,11,-11
219000676,67,4,63
219000679,35,17,18
219000684,73,0,73
219000685,0,163,-163
219000686,0,0,0
219000688,0,103,-103
219000689,61,328,-267
219000690,187,40,147
219000691,91,226,-135
219000692,165,37,128
219000693,0,37,-37
219000694,10,0,10
219000695,15,5,10
219000698,151,2,149
219000699,0,14,-14
219000727,3,314,-311
219000728,56,0,56
219000770,14,0,14
219000771,0,77,-77
219000788,286,257,29
219001150,1,20,-19
219001151,3,2,1
219001166,34,9,25
219001167,3,128,-125
219001178,21,0,21
220000001,78,56,22
220000002,19,272,-253
220000003,547,384,163
220000004,842,864,-22
220000005,1762,2546,-784
220000006,237,1238,-1001
220000007,432,884,-452
220000008,480,1664,-1184
220000009,322,974,-652
220000010,235,244,-9
220000011,1080,3579,-2499
220000012,214,517,-303
220000014,97,58,39
220000015,59,271,-212
220000017,62,681,-619
220000018,10427,3083,7344
220000019,86,359,-273
220000020,515,325,190
220000021,534,308,226
220000022,443,685,-242
220000023,252,195,57
220000024,1890,414,1476
220000025,1027,1120,-93
220000026,277,289,-12
220000027,21,125,-104
220000028,13,47,-34
220000029,85,348,-263
220000030,113,102,11
220000031,314,388,-74
220000064,47,1576,-1529
221000046,2,0,2
221000047,0,0,0
221000048,0,2,-2
221000049,1,11,-10
221000050,12,0,12
221000055,47,78,-31
221000057,44,17,27
221000068,400,153,247
221000069,421,66,355
221000070,244,43,201
221000071,121,11,110
221000072,199,22,177
221000073,175,65,110
221000074,1,24,-23
221000075,22,21,1
221000076,8,24,-16
221000077,46,91,-45
221000081,54,10,44
221000082,59,6,53
221000083,32,5,27
221000084,1,7,-6
221000085,13,91,-78
221000086,11,194,-183
221000087,13,305,-292
221000088,14,329,-315
221000089,28,413,-385
221000090,103,702,-599
221000098,112,14,98
221000099,115,9,106
221000100,57,6,51
221000101,175,9,166
221000102,116,20,96
221000109,13,141,-128
221000110,4,119,-115
221000111,16,192,-176
221000112,6,173,-167
221000113,23,280,-257
221000114,9,258,-249
221000120,48,57,-9
221000121,2,35,-33
221000122,53,72,-19
221000123,15,24,-9
221000124,40,503,-463
221000155,118,13,105
221000156,47,36,11
221000175,2,1,1
221000176,0,1,-1
221000182,35,7,28
221000241,540,254,286
221000242,300,655,-355
221000243,502,133,369
221000244,297,785,-488
221000245,90,119,-29
221000246,31,418,-387
221000247,87,161,-74
221000248,128,254,-126
221000267,44,1221,-1177
221000325,54,94,-40
221000331,7,216,-209
221000338,36,39,-3
221000378,175,37,138
221000381,76,127,-51
222000282,2,0,2
222000296,7,49,-42
222000568,292,11,281
222000569,95,19,76
222000570,113,14,99
222000571,253,22,231
222000577,19,421,-402
222000578,26,374,-348
222000579,60,279,-219
222000580,241,1544,-1303
222000599,0,191,-191
222000600,2,464,-462
222000601,9,1315,-1306
222000603,14,13,1
222000604,8,32,-24
222000605,8,17,-9
222000606,1,10,-9
222000607,1,4,-3
222000608,18,18,0
222000609,31,552,-521
222000616,198,55,143
222000617,14,11,3
222000618,4,1,3
222000620,58,23,35
222000621,64,1,63
222000623,453,4,449
222000624,233,0,233
222000625,308,73,235
222000636,47,1,46
222000686,25,15,10
222000687,15,27,-12
222001066,647,2,645
222001067,11,16,-5
222001068,67,202,-135
222001069,23,128,-105
222001082,9,83,-74
222001083,12,98,-86
222001084,0,35,-35
222001085,2,231,-229
222001111,45,352,-307
222001112,57,96,-39
222001313,12,2,10
222001314,2,128,-126
222001464,78,64,14
222001465,15,221,-206
222001484,51,54,-3
222001485,23,111,-88
222001494,213,192,21
222001495,108,728,-620
222001496,206,81,125
222001497,92,1038,-946
222001502,19,172,-153
222001503,77,44,33
222001504,31,393,-362
222001505,315,35,280
222001506,49,320,-271
222001507,228,18,210
222001510,252,26,226
222001511,58,694,-636
222001514,560,171,389
222001515,279,1060,-781
222001518,119,69,50
222001519,68,574,-506
222001527,147,99,48
222001528,74,286,-212
222001529,145,55,90
222001530,93,419,-326
222001533,180,600,-420
222001534,200,64,136
222001535,163,185,-22
222001536,128,748,-620
222001537,258,44,214
222001538,82,1128,-1046
222001563,307,119,188
222001564,61,1279,-1218
222001568,241,142,99
222001576,0,0,0
222001579,11,7,4
222001583,24,367,-343
222001584,50,5,45
222001596,977,2732,-1755
222001597,1937,323,1614
222001626,2,338,-336
222001650,34,84,-50
222001651,94,224,-130
222001914,158,98,60
222001915,74,370,-296
222001968,340,237,103
222001969,465,1540,-1075
222001970,165,528,-363
222001971,33,115,-82
222001972,2,32,-30
225000001,436,161,275
225000002,333,117,216
225000003,299,98,201
225000004,261,306,-45
225000005,24,71,-47
225000006,0,196,-196
225000007,5136,1610,3526
225000010,184,11,173
225000011,623,1098,-475
225000012,192,614,-422
225000013,83,213,-130
225000014,805,95,710
225000015,126,295,-169
225000021,602,240,362
225000027,312,713,-401
225000032,587,204,383
225000042,113,1053,-940
225000049,60,70,-10
225000050,44,24,20
225000053,4,432,-428
225000058,754,142,612
225000067,174,302,-128
225000068,107,862,-755
225000069,159,859,-700
225000070,100,830,-730
225000071,40,465,-425
225000075,30,1477,-1447
225000076,61,186,-125
225000078,66,38,28
225000085,20,97,-77
225000086,243,56,187
225000087,176,26,150
225000088,22,245,-223
225000089,339,973,-634
225000090,21,624,-603
225000091,129,371,-242
225000092,31,75,-44
225000093,201,641,-440
225000094,24,824,-800
225000095,314,1001,-687
225000096,328,791,-463
225000098,588,228,360
225000099,226,138,88
225000100,205,147,58
225000104,110,525,-415
225000110,9,685,-676
225000111,265,1715,-1450
225000112,541,1359,-818
225000113,175,782,-607
225000114,57,450,-393
225000115,3659,775,2884
225000116,1081,211,870
225000117,1093,372,721
225000118,959,357,602
225000119,194,121,73
225000120,568,56,512
225000121,227,34,193
225000123,1017,22,995
225000125,344,385,-41
225000126,1287,259,1028
225000127,1158,732,426
225000128,372,605,-233
225000132,248,36,212
225000133,292,29,263
225000134,602,129,473
225000135,46,10,36
225000136,184,14,170
225000137,135,82,53
225000138,417,50,367
225000143,145,181,-36
225000144,0,325,-325
225000145,31,42,-11
225000146,34,193,-159
225000147,22,523,-501
225000148,6,400,-394
225000149,79,688,-609
225000151,23,357,-334
225000155,347,594,-247
225000156,296,1106,-810
225000157,222,551,-329
225000158,113,621,-508
225000171,4,250,-246
225000180,132,91,41
225000181,0,67,-67
225000182,102,11,91
225000185,9,582,-573
225000187,53,718,-665
225000191,80,1,79
225000194,0,10,-10
225000208,3,71,-68
225000209,72,11,61
225000210,2,335,-333
225000217,2,25,-23
225000218,8,2,6
225000223,1,144,-143
225000224,475,0,475
225000225,3,75,-72
225000226,250,3,247
225000227,67,141,-74
225000228,24,8,16
225000229,1,94,-93
225000230,15,0,15
225000231,2,102,-100
225000232,99,0,99
225000241,66,0,66
225000242,0,56,-56
225000249,2,0,2
225000250,32,1112,-1080
225000251,308,46,262
225000254,3,0,3
225000256,5,14,-9
225000257,1,104,-103
226000042,574,726,-152
226000043,77,391,-314
226000044,156,1130,-974
226000045,43,639,-596
226000046,418,64,354
226000047,341,96,245
226000048,334,72,262
226000049,298,144,154
226000070,0,97,-97
226000071,0,121,-121
226000072,0,27,-27
226000073,0,7,-7
226000074,1,11,-10
226000084,1,55,-54
226000085,4,9,-5
226000086,9,20,-11
226000087,0,12,-12
226000088,52,27,25
226000090,113,40,73
226000091,18,22,-4
226000092,3,12,-9
226000093,19,0,19
226000094,27,1,26
226000095,22,3,19
226000105,6,3,3
226000106,6,1,5
226000107,13,0,13
226000108,25,0,25
226000109,47,0,47
226000124,134,96,38
226000134,415,626,-211
226000135,914,704,210
226000136,277,473,-196
226000137,13,785,-772
226000138,10,466,-456
226000139,7,32,-25
226000156,114,4,110
226000157,115,7,108
226000163,73,58,15
226000202,21,817,-796
226000231,226,3,223
226000232,50,1,49
227000033,259,64,195
227000036,203,50,153
227000037,137,30,107
227000038,158,31,127
227000084,0,57,-57
227000085,0,38,-38
227000088,90,4,86
227000089,72,2,70
227000090,38,2,36
227000091,10,2,8
227000092,25,0,25
227000093,92,0,92
227000094,47,24,23
227000130,33,87,-54
227000131,17,330,-313
227000132,16,240,-224
227000133,13,333,-320
227000134,9,460,-451
227000152,0,3,-3
227000153,0,45,-45
227000154,0,26,-26
227000155,5,27,-22
227000156,1,20,-19
227000165,4,21,-17
227000196,180,685,-505
227000199,144,1185,-1041
227000230,31,1296,-1265
227000232,230,49,181
227000242,35,584,-549
227000243,278,72,206
227000245,15,536,-521
227000246,48,549,-501
227000247,228,98,130
227000248,116,28,88
227000249,28,283,-255
227000250,421,112,309
227000251,120,321,-201
227000252,8,405,-397
227000253,90,20,70
227000262,261,39,222
227000266,717,14,703
227000267,48,4806,-4758
227000282,5,661,-656
227000284,227,58,169
227000286,5,172,-167
227000287,3,250,-247
227000291,31,1529,-1498
227000296,294,613,-319
227000484,264,20,244
227000485,40,1820,-1780
227000655,80,73,7
227000656,697,67,630
227000657,40,29,11
227000661,194,20,174
229000265,26,73,-47
229000296,0,22,-22
229000297,5,79,-74
229000298,11,284,-273
229000320,6,8,-2
229000321,22,10,12
229000412,37,93,-56
229000414,8,93,-85
229000415,5,0,5
229000416,0,6,-6
229000417,5,8,-3
229000419,108,428,-320
229000440,344,90,254
229000442,76,21,55
229000443,3,5,-2
229000444,0,33,-33
229000445,29,6,23
229000446,61,17,44
229000491,3,48,-45
229000492,13,229,-216
229000493,4,200,-196
229000494,38,4,34
229000495,82,10,72
229000496,22,5,17
229000507,0,84,-84
229000508,1,52,-51
229000509,0,77,-77
229000510,3,45,-42
229000511,5,94,-89
229000512,0,57,-57
229000513,0,7,-7
229000514,0,7,-7
229000517,5,22,-17
229000518,3,73,-70
229000519,1,36,-35
229000520,16,52,-36
229000521,26,36,-10
229000522,3,25,-22
229000523,8,19,-11
229000524,2,10,-8
229000527,0,0,0
229000528,0,0,0
229000529,6,0,6
229000530,57,3,54
229000531,25,2,23
229000532,25,2,23
229000533,65,4,61
229000534,66,1,65
229000564,70,0,70
229000565,13,0,13
229000566,0,22,-22
229000567,0,116,-116
229000582,176,2,174
229000583,2,1,1
229000584,0,72,-72
229000585,2,102,-100
229000718,0,4,-4
229000719,0,2,-2
229000720,0,10,-10
229000721,0,27,-27
229000722,0,27,-27
229000723,0,19,-19
229000724,0,4,-4
229000725,0,8,-8
229000738,1,0,1
229000739,0,0,0
229000740,1,0,1
229000741,5,0,5
229000742,3,0,3
229000743,8,0,8
229000744,1,0,1
229000745,2,0,2
229000746,22,0,22
229000847,18,0,18
229000848,10,0,10
229000849,71,2,69
229000851,15,0,15
229000854,0,125,-125
229000856,4,348,-344
229000857,1,80,-79
229000858,0,182,-182
229000919,18,135,-117
229000930,5,402,-397
229000937,50,20,30
229000966,27,43,-16
229000981,17,89,-72
229000985,5,58,-53
229000986,0,12,-12
229000987,0,3,-3
229000988,0,2,-2
229000989,2,7,-5
229000990,0,2,-2
229000991,0,6,-6
229000992,4,17,-13
229000993,354,18,336
229000998,13,114,-101
229000999,90,12,78
229001034,0,22,-22
229001035,59,1,58
229001037,45,7,38
229001042,10,39,-29
229001047,5,123,-118
229001050,33,85,-52
229001168,0,12,-12
229001200,11,2,9
229001338,7,23,-16
229001394,256,1,255
229001422,68,44,24
229001423,54,195,-141
229001431,41,52,-11
229001432,52,106,-54
229001444,137,80,57
229001445,62,306,-244
229001479,7,2,5
229001503,163,92,71
229001504,95,330,-235
229001505,81,59,22
229001506,56,292,-236
229001509,61,41,20
229001545,75,4,71
229001546,11,110,-99
229001553,55,14,41
229001554,34,146,-112
229001630,85,10,75
229001631,10,82,-72
229001635,0,7,-7
229001636,0,1,-1
229001658,0,183,-183
229001659,60,4,56
229001660,1,1,0
229001661,2,25,-23
229001662,35,1,34
229001663,0,30,-30
229002584,204,228,-24
229002831,327,186,141
229002841,4,19,-15
229002842,6,26,-20
229002843,75,34,41
229002844,26,93,-67
229002845,14,101,-87
229002846,12,83,-71
229002847,2,8,-6
229002848,2,6,-4
229002849,4,85,-81
229002850,10,0,10
229002851,19,118,-99
229002852,101,40,61
229002853,67,31,36
229002854,47,73,-26
229002855,15,37,-22
229002856,19,20,-1
229002857,2,78,-76
229002858,15,6,9
229002859,56,34,22
229002860,68,20,48
229002861,50,37,13
229002862,28,128,-100
229002863,12,35,-23
229002864,14,49,-35
229002865,51,13,38
229002866,33,20,13
229002867,2,36,-34
229002868,25,8,17
229002869,13,170,-157
229002870,55,4,51
235000066,414,60,354
235000067,114,117,-3
235000072,15,122,-107
235000073,44,394,-350
235000074,29,135,-106
235000080,42,121,-79
235000081,75,237,-162
235000082,65,111,-46
235000083,115,181,-66
235000084,31,85,-54
235000085,39,96,-57
235000089,25,54,-29
235000092,11,231,-220
235000093,12,8,4
235000097,6,10,-4
235000098,48,19,29
235000099,35,36,-1
235000116,53,33,20
235000117,957,17,940
235000133,20,327,-307
235000134,7,141,-134
235000206,0,2,-2
235000207,1,2,-1
235000208,1,3,-2
235000209,1,2,-1
235000210,6,0,6
235000212,0,29,-29
235000213,0,13,-13
235000220,0,11,-11
235000221,22,11,11
235000238,7,52,-45
235000239,0,4,-4
235000242,241,383,-142
235000245,918,210,708
235000246,15,75,-60
235000284,6,140,-134
235000295,169,10,159
235000305,143,11,132
235000306,96,9,87
235000307,3,2,1
235000308,13,0,13
235000309,32,4,28
235000310,16,0,16
235000311,59,6,53
235000322,0,55,-55
235000323,2,96,-94
235000324,0,25,-25
235000325,2,25,-23
235000326,10,441,-431
235000351,8,88,-80
235000352,31,83,-52
235000353,3,63,-60
235000354,2,75,-73
235000355,1,114,-113
235000356,55,19,36
235000357,23,24,-1
235000358,26,38,-12
235000359,3,2,1
235000360,60,10,50
235000361,54,4,50
235000381,57,374,-317
235000382,65,54,11
235000390,16,3,13
235000391,56,19,37
235000392,66,216,-150
235000393,67,108,-41
235000395,74,28,46
235000396,254,66,188
235000400,148,23,125
235000401,84,229,-145
235000405,92,344,-252
235000406,54,376,-322
235000407,69,149,-80
235000409,178,205,-27
235000410,40,367,-327
235000411,3,124,-121
235000485,0,11,-11
235000486,8,0,8
235000549,64,133,-69
235000550,66,307,-241
235000599,76,110,-34
235000600,5,29,-24
235000601,47,41,6
235000602,83,212,-129
235000614,0,2,-2
235000648,0,23,-23
235000649,27,12,15
235000685,1,8,-7
235000815,9,41,-32
235000834,0,14,-14
235000855,27,71,-44
235000862,35,274,-239
235000891,0,12,-12
235000892,27,2,25
235000901,111,153,-42
235000907,5,7,-2
235001010,30,137,-107
235001029,629,595,34
235001030,282,228,54
235001078,68,76,-8
235001079,59,147,-88
235001147,3,38,-35
235001166,7,150,-143
235001167,12,108,-96
235001169,28,518,-490
235001188,2,8,-6
235001189,0,4,-4
235001197,13,12,1
235001200,29,59,-30
235001207,111,24,87
235001210,29,168,-139
235001215,35,164,-129
235001239,2,54,-52
235001244,0,13,-13
235016267,0,31,-31
277101746,0,2,-2
277102712,89,77,12
277103813,0,0,0
277103814,0,0,0
277103898,0,3,-3
277104249,0,8,-8
277104250,0,11,-11
277104251,0,21,-21
277104252,0,2,-2
990011530,0,311,-311
990014944,2,670,-668
990015176,5,12,-7
990015618,1,186,-185
990016032,3,1053,-1050
990032570,2,251,-249
990070001,59,3,56
990070103,0,4,-4
990070601,0,105,-105
990070751,358,1,357
990070766,7,1301,-1294
990071180,989,292,697
990071343,55,6,49
990071387,1,9,-8
990071823,263,1,262
990072600,3,912,-909
990072964,2,858,-856
990073285,0,2,-2
990074393,10,2131,-2121
990074870,824,6,818
990075106,712,13,699
990075746,334,28,306
990076437,625,0,625
990076458,5,2054,-2049
997000007,173,3,170
997000041,1,155,-154
997000058,48,1,47
997000062,67,0,67
997000069,0,0,0
997000070,1,261,-260
997000100,107,50,57
997000141,30,4254,-4224
997000198,6,1965,-1959
998000475,1,21,-20
998000736,6,531,-525
998000965,0,6,-6
998001031,0,75,-75
998001700,0,46,-46
998001899,0,3,-3
998001900,18,5,13
998003073,1842,4,1838
998101900,0,0,0
998102850,4,125,-121
998501927,704,423,281
998501929,98,5,93
998501930,95,0,95
998501931,133,21,112
998501932,1,0,1
998501933,64,3,61
998501937,1,1,0
998501944,7,0,7
998501970,96,38,58
998501971,0,129,-129
998501973,0,120,-120
998501974,1,344,-343
998501975,307,18,289
998501976,41,0,41
998501977,0,17,-17
998501978,20,1,19
998501979,0,26,-26
998501980,185,3,182
998501981,20,27,-7
998501982,0,137,-137
998501983,0,0,0
998502006,0,0,0
998502024,0,4,-4
998502032,0,6,-6
998502062,34,27,7
998502063,0,0,0
998502173,22,1,21
998502269,0,0,0
998601159,7,527,-520
998601292,0,27,-27
999033574,6,2468,-2462
999800001,33,4,29
999800002,0,4,-4
999800003,1,1,0
999800004,0,4,-4
999800005,0,15,-15
